axis_00,axis_01,axis_02,axis_10,axis_11,axis_12,axis_20,axis_21,axis_22,location_x,location_y,location_z,dbh,dbh_approximation,score,reconstructed,number_clusters
-0.97996364803687808,0.18521646745666434,-0.073253728295067475,-0.18272961539005761,-0.98237482858204728,-0.03936475362293141,-0.079253619385204102,-0.025190401967155315,0.99653615461912726,6.2943154646877781,-13.497837004667009,-1.0956304299374036,,0.375526166985695,0.8446601941747572,1,5
-0.57363783163254534,-0.78918521891364701,-0.21937713729587408,0.81775323522297849,-0.5671701011846958,-0.097967967236724213,-0.047109281487470608,-0.23559449605277902,0.97070899296718849,2.4818993621802283,3.4318830663916811,-1.909611662973095,,0.4980350165667181,0.5369774919614148,0,3
0.5524636543196958,-0.80377177518827025,-0.22075969755918767,0.83278143196294119,0.54352665583263005,0.10513734339971881,0.035482351013997368,-0.2419291379931196,0.9696449324141414,3.9550251218593004,-15.03794263033982,-1.314821225655959,0.6528993550594957,0.3743426414981842,0.2727272727272727,1,5
0.91577242653318136,-0.3877405662200103,-0.10496721444772586,0.39455958163584054,0.91728868694350196,0.053890642460597736,0.075389650091239185,-0.090767384631547945,0.99301444226469759,-10.641063863778157,-8.6472175399994278,-2.9184242499767143,0.2315462017440983,0.1699010942375256,0.3636363636363636,1,5
-0.27700009487013311,-0.94586407201818434,-0.16915112978373917,0.96075461364947512,-0.27536828791521717,-0.033509377223233869,-0.01488354101631157,-0.17179482901362345,0.98502031295349146,-0.07981879149026791,6.263121507909224,-2.1786958232589066,,0.0722666103472278,0.2328767123287671,0,1
0.99422397482634239,0.091484828443868862,-0.056117858522090065,-0.073161729845674969,0.96027759825219239,0.26928478527571981,0.078524194784142243,-0.26362370997237311,0.96142419897457587,14.456697196695513,-4.207829023470782,-0.59064177970096976,,0.1325571507198205,0.2727272727272727,0,5
0.1392106662659249,0.98982056384230466,0.029591245203590261,-0.9902500029855722,0.1389948532015429,0.0092391758591072026,0.0050320954751758209,-0.030588922478296351,0.99951938242174421,2.6371905240737292,17.08737486655961,-2.4250941743411487,0.3106919388811997,0.2624579364283707,0.5714285714285714,1,5
0.81126529701090977,0.58378990766499161,-0.032217411042801299,-0.58088415744775457,0.81104355793968386,0.06915159253950845,0.066499725503285617,-0.037385703591596091,0.99708580156120374,8.65627060664686,11.565313429295248,-1.5493785658161363,0.6538868741256266,0.1839474884168188,0.2727272727272727,1,5
-0.99849242180729136,0.047965712738185937,-0.026686588296898531,-0.041744028096656401,-0.97926607610315242,-0.19823064422989842,-0.035641544743120965,-0.19681779034186114,0.97979203798217884,-3.7480278354728838,22.168460678170817,-3.152361648901524,,0.6153852556272388,0.6857142857142857,0,2
0.31587486483450117,-0.91373082953368923,-0.25557590051775536,0.94875531904450328,0.30154560525727442,0.094517683714667747,-0.0092959319354067194,-0.27233475560365006,0.96215766199711339,3.0020972861562707,-5.8484339601599533,-1.6381628508243418,0.6199419133613225,0.4175821555323792,0.5288640595903166,1,5
0.74237591432822814,0.66701860953927772,-0.062961705453539157,-0.66792167223906207,0.74418306800992706,0.0084971195536840266,0.052522772001339389,0.03574543069572865,0.99797977063950261,-13.022772006706196,-9.4052434349884066,-3.148717442086403,,0.07986982990988999,0.3809523809523809,0,2
0.083793732056471157,-0.988705746108969,-0.1242560182814398,0.9963851493784518,0.084880068239742326,-0.0034652725288070417,0.01397299417199234,-0.1235164832187424,0.99224414022313345,-15.175115413968093,20.457006260231662,-4.1731588638274824,,0.1216108423182516,0.3636363636363636,0,1
0.9562889988718174,-0.26481866446338942,-0.12402590692498269,0.27954671711518542,0.95235470962634228,0.12195958348013378,0.085819482559965382,-0.15129964310715335,0.9847555201210032,8.0385595979724922,-6.3110550471131699,-1.1089053368982231,0.2043964827186712,0.1209695632834245,0.2592592592592592,1,6
0.70593959213922841,0.7070641898481046,-0.041346386598391217,-0.70696134654507725,0.7069813502567146,0.019571021444062937,0.043069092647413015,0.015414338248402128,0.99895317779908599,-26.308489658826471,-8.0585022635246357,-4.5635682030338973,0.2212480228228376,0.1779256721555271,0.8378378378378378,1,5
-0.99326817094028497,0.098001428365335042,-0.061758081538340802,-0.086716576146709745,-0.98255775855866423,-0.16450071889680815,-0.076802187588206963,-0.15803787879660017,0.98444169601207865,-5.6376296304414995,12.800634888951437,-2.9336583941180736,,0.1585823453688893,0.3055555555555556,0,6
0.89291252519788034,0.45007314105090074,-0.011890754783538977,-0.44514284879646815,0.8864742094361775,0.12653584539516782,0.067491232838871457,-0.10769235678116305,0.9918907650446237,-17.461352890678892,5.6158342670491788,-3.9042267790040772,,0.7222622042636335,0.375,0,1
0.0011586426241366088,-0.95653650010306235,-0.29161032477924237,0.99982407442571486,0.0065673495286088937,-0.017569579361293497,0.01872105087951112,-0.29153866620185176,0.95637583008104765,-3.1899745062689666,32.0765834668818,-3.3799691811487098,,0.5129181689872979,0.1875,0,2
0.87347463959406368,-0.46404936954490567,-0.14731000173442227,0.48087018052018043,0.86962716151696207,0.11185914999873658,0.076196610636621712,-0.16854311785690448,0.98274477559057194,15.590502938151825,10.189982253610788,-0.84944085602989083,,0.1407185675354939,0.5517241379310345,1,5
0.78915485176111821,0.610773048749922,-0.064737182998746548,-0.61144540451274865,0.79120774650991321,0.011172249681518309,0.058044269675214408,0.030766618004427634,0.99783980576765952,-13.009852979843213,16.408543250967789,-3.8366639738874926,,0.07863976674851519,0.4545454545454545,0,1
-0.50231104472787791,0.85778532270426922,0.10903189669780783,-0.86463134402687414,-0.49970035116600797,-0.052078766986648137,0.0098108751225079952,-0.12043213523682773,0.99267308190140269,-13.964011705445035,14.401414117473402,-3.9020857007833887,,0.2375466496074038,0.1764705882352941,0,4
-0.54492179954007824,-0.82387620534072825,-0.15584681793146721,0.83844791540712338,-0.53361001708683209,-0.11074945965574079,0.0080824213853691439,-0.19101923447116981,0.98155301768503378,-14.171263204181619,2.7518055129934531,-3.5966948702645363,0.4590546663384699,0.2975531849396409,0.7696969696969697,1,3
0.99383803606644527,-0.062125733367297917,-0.091795159573724291,0.07015786112397622,0.99373190264082034,0.087033213179581098,0.085812776380320963,-0.092937069716173756,0.99196717107093346,16.853388614838526,-3.1834813252741352,-0.43866134760951814,,0.1171154743262516,0.5384615384615384,0,3
0.85628507253862374,-0.48585110235114687,-0.17528428592346579,0.51151275832294352,0.84474807927001139,0.15733842710056689,0.071628015611057222,-0.22438669504630132,0.97186420783246252,-18.547488316789959,10.662195917183773,-4.2300599575089377,,0.1971353202093219,0.12,0,1
0.16139710856456094,0.98497717553914443,0.061407955624072696,-0.98688880223854125,0.16100791239435797,0.011266950012632986,0.0012105218609466681,-0.06242127692813898,0.99804915651659332,6.4195851083463245,-14.508836672704573,-1.0815828895296904,,0.230741288571772,0.3461538461538461,0,5
0.9771634977417063,0.19943134169065954,-0.07333920256354555,-0.18499946843469631,0.96825921181490182,0.16807526711108867,0.10453083449429248,-0.15066930240446258,0.98304225033966763,-12.357557890157429,14.434164164853533,-3.7558071934848178,,0.3062341040417652,0.2222222222222222,0,4
-0.69749882575445399,-0.66820485765446347,-0.25883905477754993,0.71376307584616494,-0.67987438249719279,-0.16826495649029749,-0.063542581233210105,-0.30211436945474485,0.95115153794712526,16.219933714342595,11.674321315308662,-0.80100247888005471,,0.2846976134209312,0.1666666666666667,0,4
0.33927892551445127,-0.92880823793982004,-0.14901364983412504,0.9403119824103503,0.33932740650128623,0.025889900205068529,0.026517662741596986,-0.14890321800497985,0.98849615337161789,0.68483208146462893,-12.642433431776759,-1.6638357980881324,,0.1180403812965072,0.1666666666666667,0,5
0.93474916502815664,-0.33823016118841531,-0.10883178093563403,0.34636850514349321,0.93570877976331646,0.066917397726646038,0.079201370719357941,-0.10024688292561916,0.99180527591854983,-7.1748981699686762,14.196201757968135,-3.2398694188164945,0.5598004625915151,0.5577676300289444,0.7,1,4
0.10703945139004938,-0.97293203793178717,-0.20480675138289425,0.99404612944392134,0.10894172517612204,0.0019982625470444191,0.020367827171150918,-0.20380125142291855,0.97880038901441802,2.8550350517554945,14.186496020538282,-2.171734446114884,,0.1222941476816533,0.2352941176470588,0,5
0.7826647155813935,0.62244243157760037,-0.0011671999228930027,-0.61937658185972744,0.77899287063860856,0.097687037717289607,0.061713797708906067,-0.075733261292402931,0.99521649921329169,12.052213848477873,-4.4127208617755462,-0.82543820525698197,0.3159949373642491,0.2170534667793406,0.5357142857142857,1,5
0.91769217967002659,-0.37775353827719632,-0.12305822886558174,0.3882237097505839,0.91844512636507691,0.075768733945678735,0.084400323221948181,-0.11730649673098083,0.98950278992266305,26.466919899064578,4.4663206294510127,0.079734345659790803,0.3005991747618781,0.2917687573319646,0.9347826086956522,1,5
-0.42856924969437665,-0.89620105259913319,-0.11468248138493269,0.90320742449980884,-0.42823988503324667,-0.028756724346385258,-0.023339806015077454,-0.11590631642373066,0.99298589076998489,9.2722117303413079,16.484996593002201,-1.7314698760196459,0.221530266187471,0.1876417332776651,0.6153846153846154,1,5
-0.54536658678800687,0.8381901568890785,-0.0035421616934110233,-0.83792344805912899,-0.54529139978129548,-0.02327196848692591,-0.021437845225225915,-0.0097236936818268956,0.99972289589329788,-13.270283751411775,-19.768387715499532,-2.9609655250608746,,0.1377060778558104,0.6842105263157895,0,2
0.53213287568115852,0.84572478962040731,-0.039801794442199744,-0.84589731692269221,0.53306123971151698,0.017419642367494371,0.035949017264613865,0.024398666741013167,0.9990557407967634,-12.770004884800954,-12.08683166641114,-2.9509838875408159,,0.07251381627359449,0.5416666666666666,0,1
-0.53484450484577106,-0.80295874239885567,-0.26305629367405792,0.84417569837613415,-0.52112760331380548,-0.12567183986707914,-0.036176593364354137,-0.28928062339129995,0.95656049208761096,-9.011105936873685,-1.2972068205247818,-2.9419965355151287,,0.1980145402405017,0.286697247706422,0,1
0.84602566174703353,-0.52195231747075055,-0.108657065819059,0.52814191545754596,0.84834799706639463,0.037037724150801719,0.072847078200356769,-0.088721215953960528,0.99338907233637408,-27.621977390726908,-1.7522119620475054,-4.905014531923154,,0.09356028073539063,0.4814814814814815,0,4
0.5356569542732077,0.84360767731694963,-0.037386014907344743,-0.84366593898551379,0.53653386288173466,0.018952503182823231,0.036047340185395398,0.021389267240967087,0.9991211580746614,-8.3251642151630598,12.001489357471231,-3.14207956848584,,0.07369041723149,0.2857142857142857,0,5
-0.99433136458912341,-0.067929866323743496,-0.081796519825539163,0.084948607183403857,-0.9702010652353702,-0.22692207286588956,-0.063944284591597539,-0.2325842347997617,0.97047189665166356,-10.495256755645579,0.14636071613965132,-3.0829230987330174,,0.6189627788659633,0.8333333333333334,0,5
0.99470989670545007,0.070130612160243411,-0.07505943401240206,-0.065127227897692597,0.99561491710660865,0.067151924925220652,0.079439697775071094,-0.061908271441140847,0.99491542371428465,-4.6797666307974488,4.791343805204181,-2.6674560399172589,,0.0688271720141975,0.2391304347826087,0,5
0.30425742132894895,0.95091137253906521,-0.056524181923570109,-0.95243466636846053,0.304742850944352,-3.3134678652259862e-05,0.017193832203930101,0.05384567182400897,0.99840122984698043,-9.3311539203496281,-10.996394436923749,-2.6600417027628969,,0.07654005869117472,0.4305555555555556,1,4
0.88731967364270692,-0.43324492557993666,-0.15799566837681064,0.45521137855825361,0.87770211368523443,0.14973844016673118,0.073799712720946806,-0.20478728986855255,0.97602037289730714,-12.245529352467406,-18.192050571029039,-2.8664223369409902,,0.09071056206394426,0.5,0,2
-0.26275301839063953,0.96481757634827092,-0.0093752704524683317,-0.96430011697200324,-0.26291919236050393,-0.031603523478890498,-0.032956573462493075,0.00073665320810145098,0.99945651311483374,-8.9804961521578495,9.3327286242520522,-3.1502153451153903,,0.08375188186580332,0.2708333333333333,0,5
0.71234854546045223,0.70104655380783754,-0.033064772410125447,-0.6998296976430628,0.71308449673961549,0.041819789650700809,0.052895596009476679,-0.0066505566507239914,0.99857790182791351,-10.402703923310769,-14.527134169217316,-2.6929984378660947,0.647131733395561,0.4872440356286677,0.9246575342465754,1,5
0.46444667269769846,0.8854958936184536,-0.013649564274813199,-0.88453458325038581,0.46458843356344076,0.041906544037101666,0.043449502345853423,-0.0073898432949202073,0.99902829337410315,0.31555303394833512,16.154143208446808,-2.6116348818081572,,0.413688064538425,0.8319327731092437,0,7
-0.030076096531015863,-0.98360457511676647,-0.17781301478469941,0.99954492871519152,-0.029184106371485066,-0.0076304269239301382,0.0023160088947607113,-0.17796159064434253,0.98403470891942424,-9.5032399129052472,14.030041937980952,-3.4478786572270184,0.7441768006492877,0.6162759088186476,0.6235294117647059,1,5
-0.52215613509365899,-0.84502526455012705,-0.1152617579947517,0.85212680059334078,-0.52249102980994711,-0.029715980190767988,-0.035112480610312642,-0.11373401443776281,0.99289057184830865,-13.89082922521291,16.323441011341721,-3.9145880811467157,,0.06639753102106086,0.1333333333333333,0,1
0.38194745911008787,-0.89783040091036714,-0.2191271541376745,0.92325862498888722,0.38129244217462027,0.04700622218538509,0.041347912437942315,-0.22026494215294945,0.97456334088420371,21.514861957013466,-1.9808641989435671,-0.11895547511375022,,0.1777504965717462,0.125,0,5
0.46352891820085768,0.88581168886483008,0.02187678820077673,-0.88553618180006199,0.462235999868224,0.046513988743085072,0.031090395856460493,-0.040933266376653447,0.99867805372363483,6.4598186517216014,-7.806611013919837,-1.2092610679117042,,0.08806586091385091,0.2380952380952381,0,5
-0.46308674186573534,0.85968059752202008,0.21563844683256497,-0.88521117793568971,-0.43648573565398446,-0.16087688780029585,-0.044179632930646522,-0.26538551734181581,0.9631296315757969,-11.179398655504526,-18.407502411966632,-2.7677046033124393,,0.2616682877384269,0.5185185185185185,0,2
0.94959537532103611,0.31100618305138328,-0.039290931176429712,-0.30359391295536298,0.94362733507536423,0.13190219298790246,0.078098394255918399,-0.11332522491650265,0.99048373747996044,-0.32714154409564161,-10.546609565863196,-1.76495877285976,,0.1333795493431379,0.1754385964912281,0,4
0.45946790235332874,0.88470051032416397,0.078703581489004498,-0.88715379588340526,0.45283629898932409,0.088867478682119527,0.042981265182607413,-0.11065393508509182,0.99292916036013712,-1.1294598978070274,23.718186165151455,-2.9507059571141387,0.3942400384210619,0.3057700371452939,0.4390243902439024,1,5
0.17443572335119922,-0.96658964645793477,-0.18782074906481844,0.98088755493932989,0.18727524694893943,-0.052797598859774399,0.086207789578945787,-0.1750212479687519,0.98078324811110729,3.6884160390283074,-9.1869979612082027,-1.4253593337865653,,0.2292709980131562,0.25,0,3
-0.37142337978049811,-0.9171714456291904,-0.14436485817155589,0.92815305682937965,-0.37080457076356227,-0.032184987169936022,-0.024011998057439168,-0.14594694112351905,0.98900096780841285,6.9101600200026754,4.2445039863277119,-1.511197021969416,0.4755495406113124,0.3110260472435274,0.8313953488372093,1,5
-0.83650601109771194,-0.5218339396030649,-0.16717366083129911,0.54440144452271333,-0.82615762730802245,-0.1452261754724686,-0.062327847700497908,-0.21249215119416057,0.97517297187827146,5.9710971700820581,3.4185027018079679,-1.5908944543843104,,0.07257345595605866,0.44,0,5
0.96578832972660089,-0.24652821307611758,-0.080478210227362776,0.24720912153891472,0.96896091577461796,-0.0015472327467818501,0.078361676806084621,-0.018400648323117715,0.99675516740543069,0.86474233508285725,6.4758289900331141,-2.0908499850727078,,0.07186739308355469,0.2238805970149254,0,1
-0.36302530883573458,-0.90113272832713376,-0.23700723845995733,0.93163868328507149,-0.35545082434788772,-0.075525328713382023,-0.016186072765714678,-0.24822271734896151,0.96856775376858362,-32.271761466355997,-11.135933436365804,-5.097651188955802,,0.1880797626677766,0.1818181818181818,0,4
-0.80737996942156642,-0.58174318492410992,-0.098551772034721888,0.58700703001381949,-0.80884824718283277,-0.03445663569784424,-0.059668515074413231,-0.085670180480796623,0.99453521229024466,-17.663023566232468,12.334179958480599,-4.2546497693893572,,0.08389627196231673,0.4137931034482759,0,1
0.27216182251678417,0.94720958187743054,0.16947551552931281,-0.96214239374480093,0.26522488521078158,0.062751688614353054,0.014489876582204039,-0.18013819213179513,0.98353458262133375,-7.0789933144515356,-28.502038481453489,-2.1341402495963866,,0.3798066144554122,0.4705882352941176,0,1
0.6404583136494767,0.76752612019805566,-0.026773182309710247,-0.76670209053596239,0.64101357163852302,0.035630118481548602,0.044509019816816715,-0.0022925507506683569,0.99900635201484156,-15.536966087774051,12.874117337595868,-4.0389384925298328,0.5740450429829085,0.5069892966354596,0.8719512195121951,1,5
-0.020924380672437692,-0.99365761249879203,-0.11048402335485631,0.99976588681855505,-0.020187057086650313,-0.0077880857782238267,0.0055083434336983964,-0.11062111846018298,0.99384738582099985,-16.923365775057441,9.9938656937958115,-4.0027719202937924,,0.07653776495171297,0.4347826086956522,0,2
-0.99046859822460975,0.11827882415586308,-0.070583820293916438,-0.10616017601581862,-0.98204520136022044,-0.15593985864318036,-0.087760885132659616,-0.14696034241138342,0.98524143477579229,-24.211494843677464,1.6114757196613632,-4.5709539076371959,,0.6983516211526767,0.5111111111111111,0,2
-0.41025458406744569,0.91157313525437622,0.026936876844849959,-0.91161798154838258,-0.40909501971149254,-0.039923934737282611,-0.025373844196345873,-0.04093511853849912,0.99883956875012669,-26.064366307595524,-1.3805143816115784,-4.7317021932249634,,0.1970892786086242,0.509090909090909,0,5
0.91549777831702572,-0.38508448438746207,-0.11650647098180213,0.39643118644554942,0.91281624483833412,0.098024576370507446,0.068601255892038665,-0.1359280804075669,0.98834074318867871,25.018823763706312,6.5945643989194913,-0.033486076406630289,0.2491650466942828,0.3543421097045071,0.3720930232558139,1,5
0.77292763793674124,0.63354461819350361,-0.034699903048530337,-0.6326111602432356,0.77369071588498517,0.034724574714254365,0.048846560260031098,-0.0048880375843879456,0.99879433350381797,-7.0595403477033791,7.9447235772337068,-2.9600603828094991,,0.1598179703082019,0.404040404040404,0,5
-0.65710258158899293,-0.74545502973164068,-0.11186150328365664,0.7525036461578346,-0.65741177911006077,-0.039344824392908873,-0.044209272650032536,-0.11002977476639424,0.99294460513999006,-2.7613747491943972,12.112356599229942,-2.6288516454494566,,0.1149305648793386,0.3529411764705883,0,5
0.99659035956265274,-0.033587221134088394,-0.075362814459616095,0.036688368107360321,0.99851990283619929,0.040149312392715117,0.073902766337962597,-0.042777356352150284,0.99634756933066249,-5.2156957409374778,3.9479126875010175,-2.7151115947008511,,0.08544761392458791,0.25,0,5
0.99188782694457867,-0.084971639099735152,-0.094542896654724123,0.099314685097751362,0.98224745493881505,0.15914311354926694,0.079341868411929709,-0.16724161508106988,0.98271822518053409,-14.895163618777614,-26.68749761505028,-2.9882268989220022,,0.2812969439038219,0.1333333333333333,0,1
0.92206056716748641,-0.35614382597281624,-0.15154499561588086,0.37923570069579082,0.90958201738029543,0.16982590195892902,0.077360156363243629,-0.2140610400793091,0.9737521642223026,6.2638768362350206,5.0952207947113264,-1.5967151395773371,,0.08708228953447136,0.5714285714285714,0,5
-0.78314120892049188,-0.60341517003014666,-0.1502663617315558,0.617312613263032,-0.78351358151388795,-0.070933807804496304,-0.07493319956411687,-0.14831250844338192,0.98609756892627753,3.5479980365997625,12.996646414492247,-2.0986529771247073,,0.3004666203825159,0.3333333333333333,0,4
0.80728071892956299,-0.57179303557398964,-0.14611832641270731,0.58711518705606869,0.803249880456403,0.10042602588418829,0.059946626032544761,-0.16686028291914271,0.98415651601331056,-19.260381279780127,-9.0395736157382842,-3.7293171669734555,,0.3680286233396602,0.3559322033898305,1,5
0.39723453848915941,-0.8967163121756927,-0.19520393671575939,0.91740557652767163,0.39355454942604884,0.059006989263901181,0.023910867555045488,-0.20252079425107289,0.97898600516487433,-3.7148809191454824,-20.942218655791244,-1.9362404303499445,,0.1629172178266616,0.1739130434782609,0,3
-0.66295112857269078,0.74807851637110634,-0.029569147234933965,-0.74640737447674754,-0.66350167619138811,-0.051396079791631383,-0.05806748187174323,-0.012002459548930641,0.99824050634797012,8.0259278560450209,-8.9376120585027312,-1.0722681371566918,0.1121373654296354,0.07780084999203919,0.3529411764705883,1,5
0.72086949113241106,-0.68681013084909859,-0.092946333534694239,0.69040589922170481,0.72336003381767933,0.0094845028944292031,0.060719610294924169,-0.071007785758532158,0.9956259454671228,9.4502864854790278,6.5058627144033343,-1.3197074252073748,0.3196683117005951,0.2579567850203445,0.7604166666666666,1,5
0.82470070633793147,-0.55791369808196956,-0.092741848473148744,0.56132994108707945,0.82747931254714713,0.013663255310314626,0.069119043720897139,-0.063326872645031465,0.99559643681368526,-29.632401092092618,-8.869956274187027,-4.9448903946132994,,0.06830888089753578,0.3333333333333333,0,2
0.20967398557750286,0.97561234655780893,0.064941273594016774,-0.97777056228630477,0.20929533271612497,0.012656667395960252,-0.0012439044860941438,-0.066151439494650299,0.99780881924064824,19.027617831222706,-2.6623710085600027,-0.27152760575956653,0.8340196050930893,0.3095976804069591,0.7450980392156863,1,2
0.72895554302885013,-0.67506000259175047,-0.11365654045561775,0.68091817580853486,0.73211851821081608,0.018785982709866658,0.070528392446523397,-0.091084950423349645,0.99334247752992233,15.762026780479024,16.782237272806579,-1.154049487107774,0.136991608853329,0.2127032990139519,0.4285714285714285,1,5
0.63367380974458176,-0.76414420481432732,-0.12058663728815884,0.77185664921372954,0.63497718586324103,0.032268971129421502,0.051911616314078222,-0.11352359966930815,0.99217819791093032,-6.5680832235304054,16.887886764530542,-3.2567992710057263,0.3102091971282793,0.2643616666769074,0.7808219178082192,1,5
0.40256151257360051,-0.89631081517679767,-0.1859331901290347,0.91435891968891714,0.40337619008493786,0.035148474474389936,0.043497064036227079,-0.18415909390976315,0.98193351788731775,-26.685837024900849,-2.5417117459852392,-4.7477640087854658,0.1435017003773748,0.1693622502924927,0.5471698113207547,1,5
0.7580705225293326,0.65057873181738579,-0.045567494763134271,-0.64909152572843642,0.759428901983909,0.044135405957643085,0.063318828950293463,-0.0038802755569293337,0.99798580619263666,-8.6088126432995011,-12.303419223629238,-2.5302171854608249,0.21860879583569,0.1243291750050565,0.3786407766990291,1,4
0.80672734060195594,0.58843142532724091,-0.054216746607002646,-0.58641530524772512,0.80850759905767644,0.049320908722455981,0.072856624245935642,-0.0079949955186546795,0.99731037914489951,16.085024686270256,-3.1867697012464169,-0.48964528304914107,,0.09742360345129134,0.5,0,5
-0.23703576672189014,-0.96654379723068817,-0.098015985071044823,0.97143121760089857,-0.23701794075209007,-0.011995217049878645,-0.011637644306330654,-0.09805908319233006,0.99511254712141894,-17.376153733099326,11.469753176220904,-4.1700889504143577,,0.08036893430327002,0.3076923076923077,0,1
-0.83060296822757218,-0.54821470730255628,-0.097771897131646746,0.5531041905536449,-0.83254896699657521,-0.030626327643628642,-0.064610088713343783,-0.079516364668601708,0.99473749511433696,-13.372358142381072,-6.9868103225255691,-3.19563528476333,,0.07190788908942751,0.3529411764705883,0,5
-0.42787437586768468,0.90345787751593143,-0.026217971512850761,-0.90240557481075689,-0.42864898286848913,-0.043866023711730082,-0.050869411499521656,0.0048900961359725874,0.99869334128824228,-9.9155095865459337,5.6695000187814912,-3.1969493293338593,0.187674600073883,0.170135020607465,0.6098484848484849,1,5
0.96460000239140709,-0.24607713703467329,-0.094830786221125438,0.25033380264315536,0.96749831290767374,0.035777112446685556,0.082944696278399191,-0.058249954074004989,0.99485030040185463,-20.68152161912364,1.7508109262217715,-4.2218603598749054,0.1077738628894545,0.1149757477540153,0.5116279069767442,1,5
-0.70535636800899104,0.7085196828415784,-0.021731385948309003,-0.70612140085653707,-0.70499683587304895,-0.066121317752986616,-0.062168813416107152,-0.031294095849841053,0.99757491859176894,-9.8803251585826093,11.073603993192931,-3.2627153438378111,0.7859846473599044,0.6565128704698924,0.6788321167883211,1,4
-0.99629263627835651,-0.0029146543846229776,-0.085979577152607775,0.023086408894643268,-0.97182489516037807,-0.23457065219432235,-0.082873401172344624,-0.23568597314294842,0.96828927570318024,6.2664458820962414,-9.1561803786315608,-1.2124299186257033,,0.4262653701743125,0.3571428571428572,0,4
-0.71045914797730458,0.69059696480569521,0.13536480804302076,-0.70065826735503689,-0.67616369131320564,-0.22777325333922982,-0.065770749139718379,-0.25666806336367809,0.9642591528249751,-20.554056189115105,-0.20198041356234461,-4.1668894897748006,,0.4516074791472686,0.3191489361702128,0,4
0.26884413618837788,-0.93218413330042615,-0.24239548688054949,0.9627651576404892,0.26749661968728933,0.039099996027590678,0.028391577458971935,-0.24388173379490194,0.96938930170008775,-5.7893539791287472,8.8052871636185106,-2.8413028817593609,,0.6362821489281768,0.2102564102564103,0,1
-0.018508947677566247,-0.98652104327201906,-0.16258428594841678,0.99980853081199428,-0.017229487218884672,-0.0092761244997929919,0.006349848142317171,-0.16272484737022103,0.9866510545663586,2.7504658211394921,-4.5023299811327622,-1.6950853891453681,,0.07041421817389684,0.2650602409638554,0,5
-0.36882968270438488,0.92918746505968541,-0.023985827735140731,-0.9286923500060279,-0.36946118743843664,-0.032077250768465917,-0.038667611724353554,0.010444412503225345,0.99919754305692621,9.806663659038124,-11.638368430935293,-0.80132984525351314,,0.1910954157756115,0.45,1,5
-0.75726258065787788,-0.60390878230027178,-0.24869170994621931,0.65080292819577801,-0.72972168248549318,-0.20967072938858761,-0.054853738133077701,-0.32062509067623601,0.94561652832513643,-27.415203745778978,-0.74057828612015009,-4.9237336753466723,,0.4044249575313217,0.2173913043478261,0,2
0.95304646020423067,-0.28817661406060718,-0.093041301585644803,0.29245079636871285,0.955608487264345,0.035846210004083355,0.078581018035481481,-0.061373106300032496,0.9950167664052666,-15.231432891520683,16.31561945932658,-4.0504522025483354,,0.08773512784357124,0.1904761904761905,0,2
0.41409562488946244,-0.89477989095331589,-0.16701425146668755,0.90918873865461403,0.41538632317760704,0.028810415141406018,0.043596455716460585,-0.16377774348964755,0.9855334594961257,-15.937522959763184,1.1145396096300042,-3.7382151787987423,,0.09783562329982395,0.15625,1,5
-0.99569403760226494,0.051533782328328809,-0.077056166283021074,-0.048158734249043815,-0.99782389535784377,-0.045035654413240714,-0.07920934161341163,-0.041130805144505754,0.99600910491286898,7.2260077026147638,3.3815293846262908,-1.4840637967696304,,0.07525383641651834,0.3714285714285714,1,5
-0.074444620860288913,0.99717232792997834,0.010263860661297534,-0.99720619258508314,-0.074375800309640583,-0.0069317961785720708,-0.0061488124811721985,-0.01075122034967088,0.99992329874148977,-12.661215305142019,-21.537547038703917,-2.8378754091138578,,0.1447160978810809,0.4,0,2
-0.66122650884818868,-0.72388061569404893,-0.19691713541192923,0.74693072579693298,-0.65969932218245009,-0.083013825188829438,-0.069814001868551523,-0.20197440069082875,0.97689935336690492,-39.232660028674836,-9.1588928756911372,-6.2338379953534417,,0.2296557749154045,0.2857142857142857,0,3
0.57222800255032469,-0.81505859401840031,-0.090744704605909166,0.81853002207580283,0.57446081982572583,0.001835605006590369,0.050633151766909218,-0.075327649650729633,0.99587249642725095,-11.04210479994512,4.4025936287970753,-3.3110527841739201,,0.07003185787501456,0.1645569620253164,0,2
0.84193319495793828,0.53948875812216912,-0.010018736832446187,-0.5354130773708905,0.83758813896355622,0.10853085297646375,0.066942750228466436,-0.086011565079155361,0.99404259408965101,27.941355068088878,-2.7096350023846036,0.43748510506969623,,0.3530292463359749,0.5128205128205128,1,5
0.90720313330151647,0.42002014478180749,-0.023781356256160961,-0.41494589461339154,0.90269108852252267,0.11388021446026993,0.069299202530801643,-0.093444511232572997,0.99320981864312141,1.7284309755561946,-7.2379306397812391,-1.678519246639159,,0.1388331484540399,0.2826086956521739,0,5
-0.63536434261724262,-0.72496019998686934,-0.26597906038926794,0.77091870377485883,-0.61541658110378772,-0.16415475586353478,-0.044682259350337268,-0.30934631101327803,0.94989912915099839,15.663945303472405,-0.76299406305374506,-0.57397923834094799,,0.3278812625131913,0.4,0,1
0.95657593253595008,0.28467601361387385,-0.062626292927914232,-0.28303546453764467,0.9585116592412759,0.033857420346173686,0.069666427401863171,-0.014661731529779901,0.997462592041231,-13.597299491508659,-5.9898614167405482,-3.260635451198413,,0.2199054550988349,0.8615384615384616,1,5
0.12648909964071542,0.98618771292581886,0.10693129825371421,-0.99193867710875816,0.12491951238064317,0.021278540417749854,0.0076268294728972386,-0.10876079395042092,0.99403869198913297,9.8879641526636171,-3.7450160870179579,-1.0507055870646764,,0.214368254602274,0.2666666666666667,0,2
-0.44049472124780165,-0.86581240854004216,-0.23734631610984042,0.89730878574412198,-0.43294670010607444,-0.08598894053115004,-0.02830801263300714,-0.25085060909902418,0.96761181696763976,-13.898102414433753,-18.808586343197113,-3.0183808602922073,,0.4567469058152364,0.1153846153846154,0,1
0.90623818601961537,0.41865850407289668,-0.0587997208099066,-0.41753021887718517,0.90813714608194351,0.030910196222509647,0.066339027157839195,-0.0034613398545198294,0.99779113676268139,11.478206412004178,7.3561381155476413,-1.1669343154727851,0.3571876462374333,0.2367869608919705,0.3333333333333333,1,5
0.95317746227266753,-0.28538997690374346,-0.10002642899913636,0.29196124008706781,0.95464324981759308,0.058437144561716448,0.078812179910595262,-0.084904809407866752,0.99326724180210157,-21.105531389631931,-9.4629891174453338,-3.898201389659596,,0.2317520292928878,0.5128205128205128,0,2
0.90859750461815469,0.41540791163035568,-0.043437789499129471,-0.40932580717807171,0.9062987830107232,0.10523734836693466,0.083084042870361488,-0.077838183870065802,0.99349799141826511,5.3107319059693863,-10.58819340868965,-1.2741332531796665,1.243038353247534,0.5967872622028971,0.5364238410596026,1,4
-0.8099984917335098,-0.5404780965849777,-0.22756509069125569,0.58270563123973118,-0.78545804242172335,-0.2085900546923096,-0.066004474931219706,-0.30156108951075578,0.95115946012334873,19.503136419560569,16.481855179492783,-0.85672398920126547,,0.3167756022176075,0.1538461538461539,0,4
0.99197754651168502,-0.071396361713011086,-0.10432212972712332,0.092007561443733787,0.97368323286826808,0.20850796308145048,0.086689998580201905,-0.21643364240649574,0.97244090955739915,14.795954032462323,13.034162742325153,-1.050999570888312,,0.4327225689676681,0.3571428571428572,0,4
0.94322011903834335,0.32985979375040436,-0.039093778382682853,-0.31818015147403672,0.93101462936525858,0.17881037753952994,0.095379233847062303,-0.15621868126063201,0.98310656867703627,-8.2732480878419263,-25.741653722196826,-2.3403076577723496,,0.3078074740873324,0.1333333333333333,0,3
0.24984132358415884,-0.93702436367252895,-0.24405871202193707,0.96772540772853466,0.25021633863691645,0.029988649782484673,0.032967381854739644,-0.24367422055528795,0.9692966656139983,-15.882631075895869,17.856451285317075,-4.2154993353148758,,0.4978668289465101,0.3076923076923077,0,4
0.15558160548751226,-0.98009466741668827,-0.123323991726261,0.98764166638845718,0.15672834040158259,0.00040758851311912419,0.018928889226747049,-0.12186332596945014,0.99236637737093036,1.462261412447786,8.5458887420175156,-2.067945147274576,0.2180407238296115,0.1817327224149551,0.7033898305084746,1,5
-0.67857916758156456,-0.72045413294724137,-0.14309491830093246,0.73219364371560558,-0.67898003970959486,-0.053652341779482395,-0.058504541932882292,-0.14118055105146934,0.98825364688324191,24.592115517434493,4.8428042014635579,-0.049067881667318694,0.1706001785085785,0.136845479623404,0.3636363636363636,1,5
0.29812710789398489,0.93244863385077748,0.20410725800075918,-0.95438174068530013,0.28746777923752503,0.08073270060355775,0.016604836201132435,-0.21886484672067763,0.97561388791092396,-16.506009190982763,-18.576735067384707,-3.2769088136855213,,0.6184038246897046,0.25,0,1
0.9920196571085681,-0.092445002728707315,-0.08573751443031484,0.098465235076755517,0.99275493799682624,0.068863855281250455,0.078750221532884704,-0.076756462616557788,0.9939350321098025,-2.8717219570837913,-5.6652133948590579,-2.2112116917486699,0.6312152198665794,0.7124958920507324,0.8732186732186732,1,5
0.38035029021862238,0.90296488009423248,0.19997020289787792,-0.9245479218507392,0.36577771203803672,0.10685413224437507,0.02334088541784762,-0.2255240357315107,0.97395796232449527,-15.465466273945108,3.4344349491469104,-3.7111735407529376,,0.1063954265512412,0.25,0,1
-0.19254205012663261,-0.96750742631384212,-0.16388086819577147,0.98086300612587785,-0.19467444384657054,-0.0031022776689651741,-0.028901940189893512,-0.16134199992746776,0.98647525914878631,-12.614467685367064,2.5426284962844408,-3.4299374004921708,,0.4126822009943975,0.462962962962963,0,2
0.3804173761766475,-0.89672053140640229,-0.22621871818461928,0.92319073958314712,0.38270371808513265,0.035450282251836447,0.054785748610332911,-0.22232892910737567,0.97343123487546368,-2.8064303845182597,-24.562859701042346,-1.8088798641438242,0.8390751650911213,0.5367383609655816,0.8818181818181818,1,4
-0.92379162020373662,-0.35135033006222205,-0.15219063048204765,0.37617846497206447,-0.90693754579702679,-0.18961553342204621,-0.071405916649930248,-0.23241607859361516,0.96999173268567063,-15.120018547359104,11.620172439648229,-3.9371394356685054,,0.1283281847795587,0.3,0,4
0.44137095252825631,0.89730055953128462,0.0065869666117081352,-0.89639601241839073,0.44056836490857187,0.048720681052258887,0.040815085259109533,-0.027408424008529091,0.99879072237814692,0.086746245837170707,12.346832871735069,-2.3746379975824894,,0.2895706940011451,0.5949367088607594,0,6
0.99035285050204858,0.11601538518625873,-0.075773754708022653,-0.11484504969635644,0.99318927098772769,0.019638904121867109,0.077536095224798304,-0.010747204052705144,0.99693161828800514,-13.924859514307039,8.6387515832897712,-3.5898033199026336,,0.07306845748689417,0.35,0,4
-0.30227179789528685,-0.90943020404452168,-0.28560193306189613,0.95313901173864291,-0.29230846846119585,-0.077985790806753594,-0.012561229996920482,-0.29579124942670454,0.95517001223005038,2.7397987976094584,-9.9810193553540447,-1.4873485064654011,,0.1804166103529065,0.4193548387096774,0,5
0.76234562670274952,-0.62145028717924899,-0.18063412194826867,0.64035135651877007,0.76474579460073033,0.071512305549947308,0.093697842300468959,-0.17018639841458383,0.98094714645739678,12.669567706548033,16.052910074016637,-1.3803626498797601,0.4011044779804455,0.7022885440133638,0.4888888888888889,1,3
0.7554602754263019,0.65504175314595026,-0.014144747728303925,-0.65372677569875759,0.75503651975116204,0.050607870697753361,0.043830069442376635,-0.028985435610566945,0.99861843040029197,-22.301180195211529,1.515260771904628,-4.3721371305758856,,0.1278761545600367,0.3333333333333333,0,3
0.64217250625555433,-0.75577193756305783,-0.1281532309450012,0.76446096813813669,0.64376489173909868,0.034149558671386429,0.056691272721327332,-0.11989805067777107,0.99116626104852246,-39.172444077051757,-4.3368908014688152,-6.356357938230893,0.4057096047818758,0.3685138532217008,0.9056603773584906,1,5
-0.38926394484428473,0.91968179820076301,0.051565214073810872,-0.9203651126448934,-0.38605708054028981,-0.062353748811612278,-0.037438491828851755,-0.071730890297838745,0.9967211439046838,-18.670614586379525,-0.64127097293576218,-3.9265125648187156,0.6480171469504804,0.7734740975590912,0.6057142857142858,1,2
0.14948909052112799,-0.98023361281703014,-0.12959581829225869,0.98857152890429267,0.15075254052723558,6.1354824026389193e-05,0.019476756788444839,-0.1281239081056238,0.99156690148307502,5.2942186695428433,5.9451464169579964,-1.6898562808592621,0.4310261910803359,0.2194684303860216,0.8163265306122449,1,5
-0.98306551919566176,0.14124659992795544,-0.11675437027090727,-0.10892298280109304,-0.96272997428840057,-0.24756166994179024,-0.14737017604073357,-0.23065210732930055,0.96181164299371813,-7.3858950942200412,-18.831287094624916,-2.3802141989621179,,0.2095136168522944,0.375,0,2
0.86543369877481324,0.49932586872443224,0.041209099086699973,-0.50040283154943521,0.85734033086371231,0.12068373234122212,0.024930286846600733,-0.12506491873059927,0.99183529222379196,1.7151122149079976,-3.2185102340651612,-1.8055494762702775,,0.3953966139990514,0.304,0,3
-0.73888860077424146,0.67063983659447723,-0.065466367078191964,-0.67085888787230408,-0.74126302422898305,-0.021851349469477293,-0.063182182683244381,0.027772981176584839,0.99761549371887048,-3.1559046707401883,2.0608476257610944,-2.410917776477389,,0.08070382089890127,0.4431486880466473,0,4
-0.035996440357302484,0.99911101170899319,-0.021941799457554645,-0.9991786538824402,-0.036390355846088532,-0.017825813503734123,-0.018608436454415546,0.021282111813150373,0.99960031903230928,18.041163235481957,-7.1763020499631525,-0.21290806207953647,,0.1683667900440265,0.3,1,4
0.99795200245516469,0.0040268407540684937,-0.063840311318689585,0.0052857834042317258,0.98941221317657047,0.1450363158344927,0.063748421859128254,-0.14507672787384107,0.9873646143851259,7.6334760180501746,27.995152533839111,-2.2846085573451704,0.2267109070876069,0.3454459424304855,0.3571428571428572,1,4
-0.77266584604372213,0.6347147407998468,0.011166385669566138,-0.63138492774469601,-0.76654895229931197,-0.11728502353519421,-0.065882952076868784,-0.097672419547227135,0.99303551552068181,-11.432453314417751,16.399151675968902,-3.6897341626379849,,0.8223943678747441,0.7209302325581395,0,1
-0.54061903550502965,-0.83284339644633987,-0.11875578068176953,0.84021033013872382,-0.5416076465773525,-0.026603727128318315,-0.042162300432829175,-0.1141623149934619,0.99256702859683243,14.207550520363419,19.66041424453757,-1.5171315480549386,0.1501872272429411,0.1224688655093977,0.3,1,3
-0.99224098047147069,-0.082566051413675914,-0.092955278639611644,0.10686376581925158,-0.94849662173578952,-0.29821853415024635,-0.063545040939020372,-0.30583820184821198,0.94996053710788908,-8.9466562464302157,5.0840795872948226,-3.1018112326656424,,0.4686799860928186,0.4081632653061225,0,2
0.99598582931471569,0.044217425951046933,-0.077827032877683736,-0.037889766341155963,0.99599503984082993,0.080982999568291469,0.081096198498406727,-0.077709071894657034,0.9936723336867036,-8.0464857866366675,-17.181791114223444,-2.4662736165020287,,0.7181401508669509,0.3708609271523179,0,3
-0.069328282271102229,0.98710931570663563,0.14425251513410867,-0.99746232797940748,-0.066242186773498454,-0.026093619016268416,-0.016201652361397829,-0.1456954753471871,0.98919681303778861,-12.232926515547391,7.2181889688945775,-3.4412602431733417,,0.4065229736129378,0.5,0,2
