axis_00,axis_01,axis_02,axis_10,axis_11,axis_12,axis_20,axis_21,axis_22,location_x,location_y,location_z,dbh,dbh_approximation,score,reconstructed,number_clusters
0.36574606193791154,-0.92200340697734884,-0.12704147235871951,0.93071449083614255,0.36223534008599473,0.050557837576424465,-0.00059558754998453921,-0.13673066925509328,0.99060808060530425,11.908085024201533,5.1909303118862518,-0.93350304076906676,0.2614643839680945,0.2591772093418194,0.1707317073170732,1,5
-0.94921715436733223,-0.31190266307703446,-0.0412737521948318,0.3113289674887853,-0.9500952849256058,0.019829865468549073,-0.0453989851995973,0.0059731338163381987,0.99895107678767758,-9.9567080240000116,-23.007802379975065,-1.5600941932621188,,0.152587595000354,0.5714285714285714,0,1
0.34752730402438387,-0.93434091699327959,-0.078941901356016239,0.93730427313224307,0.34380775420081966,0.057069499029057065,-0.026181530237601634,-0.093825790609768339,0.99524431598018703,17.620598534160777,7.0161604054401909,-0.75583958063415235,0.2723947220590344,0.2308274969396976,0.8484848484848485,1,5
-0.87584129284666412,-0.47852716971323334,-0.062560191743044405,0.48117966899407566,-0.8758321239360668,-0.037205064552954942,-0.036988591368634506,-0.062688424193627662,0.9973474848720898,-20.082325879460839,-27.974157619436582,-1.6596429442127987,,0.248099753787955,0.2857142857142857,0,3
-0.9777891617779273,-0.19551238485672068,-0.075519947545375693,0.20123319090716876,-0.97647491966325384,-0.077472150776658061,-0.05859656975401998,-0.090948549390739652,0.9941301742612898,-10.455790063225797,11.884357890059089,-1.8445599394587997,,0.2539331579951109,0.3818181818181818,0,4
0.9615159527256768,-0.27232308236837888,-0.036430913568294462,0.27470293819862651,0.95529641545230581,0.10930258171250069,0.0050367051806746686,-0.11510385498914186,0.99334069390494717,-6.8911840870752519,9.2022277558664332,-1.7413001273750723,,0.07651382161832899,0.1052631578947368,0,3
-0.85774239587082479,-0.49222763175435968,-0.14829005652191218,0.51155184276337073,-0.84581470121659341,-0.15136777520755199,-0.05091850833613331,-0.20569260984143067,0.97729108036727919,8.1206315381174612,-7.7627866043195404,-1.2476979096352638,,0.08004573414580941,0.3043478260869565,0,4
-0.48479756314273492,-0.84948349456847594,-0.20820450337731991,0.87289450844455008,-0.48490193416918487,-0.054085962747564865,-0.055013633748495168,-0.20796131057173536,0.97658875347152774,-15.505995853796231,15.550286474914628,-2.0133578705951582,,0.1497036601273792,0.3333333333333333,0,2
-0.9242632985499355,0.37452608273286625,0.073943007149894116,-0.38107590445828271,-0.89359220351197266,-0.23722168717029468,-0.022770814541796434,-0.24743319739960845,0.96863734329712448,-13.16419564638492,7.9590433647757326,-1.9539989828157445,0.4025795557471497,0.4349111751791722,0.64453125,1,3
-0.58821815322394699,0.79756193574390621,0.1337698130007004,-0.80865978903693481,-0.58178056560762903,-0.087182102957010219,0.0082915506721566341,-0.15945636435620911,0.98717015658585938,29.05289049497982,-0.44163263417076398,-0.26647297725640079,0.6551285081510569,0.2896251886419475,0.2,1,5
-0.79169478619369871,-0.5941200973604287,-0.14226972772220192,0.60860748901672823,-0.7872468700768761,-0.099193194660298925,-0.053068727386924031,-0.16511715679055805,0.98484518311607483,-11.226955725875209,-22.113085800455288,-1.652554582193696,0.2999516795154614,0.2793170217164652,0.5789473684210527,1,4
-0.29448276902601384,-0.95321332894913946,-0.068295301891659235,0.9542378457134344,-0.29718660726876656,0.033320478211826925,-0.052057973020051156,-0.055357655060355754,0.99710856854771002,-5.6912340167298687,-4.5159151008302212,-1.6504200768067976,0.09566485518686914,0.07665981771576344,0.462962962962963,1,5
0.97412809065779105,0.22519973600134036,0.018961590026537068,-0.22202940022503573,0.93800172075534916,0.26618737253242447,0.042159321948043185,-0.26351062742312958,0.96373478758834386,-10.772014436202685,-28.963250325711879,-1.3745687845815164,,0.6250602577256237,0.5217391304347826,0,1
0.82614170287732069,0.56317032223257313,-0.018140422360643074,-0.56123869848296681,0.82531218817092911,0.062216680895562738,0.050010099901002379,-0.041218687666816398,0.99789779521498034,10.300663352404825,-3.1873780404490986,-1.135123614938466,,0.0831895168975765,0.3103448275862069,0,4
0.97025281261192597,0.24189960215380615,-0.0096985615674231758,-0.23854290658835181,0.96209002471954819,0.13221220084212945,0.041312968121736453,-0.12596573666266975,0.99117398667035383,-8.3973683221017907,-14.13206776108059,-1.8001697626516624,,0.1161296502837773,0.3214285714285715,0,5
-0.79979277413060046,0.60011710909034999,-0.013819327969143119,-0.60027415549614382,-0.79951796548032039,0.021022871297700734,0.0015673837657600668,0.025109325981580281,0.99968348243675642,6.7547762638429845,-2.2365520444787506,-1.2808808184310161,,0.08269574945714904,0.5272727272727272,0,5
-0.95208847790345585,0.30484396516970025,-0.024447640849298655,-0.30531735084412676,-0.95206694990943808,0.018703961175774761,-0.017574001166669843,0.025272114865105236,0.99952612506789407,-13.599857833412425,2.7559136468711887,-2.021910694490606,,0.07727074405304768,0.3045977011494253,0,5
-0.98474765585667801,-0.16864491745738744,-0.042789555975375961,0.16878107479944354,-0.98565346760953476,0.00043655337030826984,-0.042249296731702968,-0.0067921723396475097,0.99908401214341613,9.5064690670387417,5.8430763926668785,-1.0260952235016896,,0.1056345369376987,0.2916666666666667,0,5
-0.89230404120502882,-0.43317595671371933,-0.12709086739152431,0.44861173329265674,-0.88229482428229233,-0.14248984453931662,-0.050408439782781374,-0.18415871841928722,0.98160305400341574,-8.1313650184757442,-5.6581049000487056,-1.7770729837358199,,0.1013876524026974,0.2686567164179104,0,4
0.4315593541993239,0.89046573310415655,0.14431667253072494,-0.90154010420772357,0.4201864045500151,0.10329000888981761,0.031336309741099029,-0.17468303752399367,0.98412594320706814,13.344062965526318,2.0849079178781507,-0.91659091415304184,,0.4426367789318722,0.15,0,4
-0.01600149717508241,0.99607340976101211,0.087073040920980185,-0.99683326943355144,-0.022676415677162616,0.076218194169457479,0.077893421022397144,-0.085577698842089642,0.99328197024929421,-0.59865000693977366,-24.424717043457257,-1.1923386412545152,,0.2602389478338791,0.1714285714285714,0,3
-0.61090370448329379,0.79169290126161407,-0.0043604977418410292,-0.7915175705583527,-0.61063007378954159,0.025116697258628466,0.017222059864933682,0.018795293978728721,0.99967501598182451,-6.7671896656021211,14.208231753912573,-1.6650299659669634,,0.0756849536173438,0.3448275862068966,0,5
0.98896456251586895,0.14688667445547479,-0.019323533714310354,-0.13835415370123724,0.96231481051015033,0.23411179728161502,0.052983226038163779,-0.22885478002485532,0.972017627112988,-15.018705052374296,6.4205697317069976,-2.0165966389233083,,0.2929425756144383,0.3942307692307692,0,3
0.84107909591043883,0.54053718782642257,-0.020137105034786284,-0.53849082821944982,0.84025221946767792,0.06327586904320108,0.051123207509017818,-0.042376364359678766,0.99779289504267654,11.865225067169437,-3.0117354280449953,-1.0607981513226068,,0.0931088499383815,0.4074074074074074,0,5
0.05665569403934511,-0.94728006989587188,-0.31535789432166328,0.99754851942557388,0.040714881651783601,0.056914407700750465,-0.041074124759586828,-0.31780932583886584,0.94726456108369206,-7.4734376608036479,-10.19467232593354,-1.794483620958516,0.2208910235744692,0.1811236978809677,0.6582278481012658,1,4
-0.74247797252789138,-0.66388390669865327,-0.089356693858964734,0.6698644516472152,-0.73640182050816461,-0.094836570855528005,-0.0028419588748608503,-0.13027093758315367,0.99147435977485487,0.49676310200692742,3.5457329386037042,-1.4312768795070749,0.6160667424601085,0.1964095045313903,0.2818181818181818,1,4
0.60783055901181038,-0.7779191644086374,-0.15932289596023758,0.79406350790901914,0.59489390389624175,0.12475731847996489,-0.0022708893879560639,-0.20234380828890156,0.97931191471794654,-10.169712528300792,-9.2883479680785523,-1.8660172930761729,,0.2407505275903639,0.4459459459459459,0,4
-0.96347013126586711,0.26761666782191196,0.010325950921341578,-0.26694192424591839,-0.9565001006806001,-0.11768418108602723,-0.021617475301706945,-0.11614162260748243,0.9929973858272142,1.8620100154159975,-6.2687647476184347,-1.4442633301335783,,0.08026625226138821,0.2333333333333333,0,5
-0.79193040160386874,0.61058746328546021,-0.0054026562136193492,-0.61061117994367009,-0.79190605021399008,0.0062285280987260843,-0.00047533497098800365,0.0082314830440532432,0.99996600779404532,-10.704360696362158,25.496639909925229,-1.9249299637282957,,0.3782388727818082,0.7380952380952381,1,4
0.85833700628521015,0.50621657284923649,0.083680135122482679,-0.51150757940529268,0.83145471507919322,0.21689410546051252,0.04021914783136929,-0.22897126052269387,0.97260196483575267,6.1495374170533346,19.473529454838889,-1.326903558282605,,0.3356631483546256,0.2173913043478261,0,5
-0.99510224353910193,0.096244072854824697,-0.022552235892755682,-0.095457345394945534,-0.99486313179296382,-0.033693385244691572,-0.025679176653416364,-0.031375586678376755,0.9991777381662339,1.6622974607471577,-17.844262999315177,-1.3343205124731832,0.5094701051461454,0.2965256563856903,0.5,1,5
-0.81932284824192192,0.56731803674306625,0.082827021766682149,-0.57333171060685606,-0.81049878351469906,-0.11992694248503886,-0.00090551717916948957,-0.14574624217175033,0.98932159226990091,-0.68934496236778875,-6.6615434872920494,-1.5497187871330931,0.9282468368682173,0.7735126259187641,0.4653061224489796,1,1
-0.093523991802024378,-0.99288660621722113,-0.073684802719865092,0.99460230628936275,-0.096512992291016148,0.038098486097433541,-0.044939017360162113,-0.069723952222208563,0.99655358872727939,-14.004568015868097,-19.832494145830651,-1.7651794894472141,0.6360848639636593,0.3272533025317845,0.6582278481012658,1,4
-0.027272031869268173,-0.9955067571085644,-0.090678182761412471,0.99894159830638352,-0.030502111597728709,0.034428249464186746,-0.037039431027085054,-0.089643280502613248,0.99528496563040669,-7.0725826101493086,-8.2356954458267762,-1.8176875340485799,0.4240978865564117,0.236083257631336,0.4455445544554456,1,5
0.00034783137071855579,0.99993034350929777,0.011797760071996496,-0.9989678559579489,-0.00018842241318887642,0.045422321162333981,0.045421380165265236,-0.011801382392459715,0.99889820582355138,3.6174165608034263,9.2891514455303472,-1.2594115330218574,,0.08737499048711388,0.5909090909090909,1,5
-0.8739661902300957,0.47481527626143732,0.10360285596193089,-0.48586360387609528,-0.84886152593263309,-0.20825625613617341,-0.010938773387646426,-0.23234578373643391,0.97257173515205375,7.1546010932491901,-5.0874099770243806,-1.250368132115885,,0.3292445245037666,0.3181818181818182,0,2
0.23187010061053234,-0.96938297660149197,-0.080826364003902362,0.97203540425492596,0.22772220378297819,0.05735652342310487,-0.037194479668668803,-0.091865350265774748,0.99507654384108646,-16.488441894470476,5.0174820263083433,-2.1517947048017181,0.2339416560034306,0.1813986236319212,0.6739130434782609,1,5
0.90875492580529205,0.41234139589238733,-0.064335511641208071,-0.39404247284731075,0.89856451272028814,0.19316403928300799,0.13745913726265999,-0.1501878480878818,0.97905495038314172,-13.152622011422658,15.19982767754669,-1.9378944886337242,,0.2372317616514617,0.375,0,2
0.16422219293183488,0.97697808454927448,0.13617963746129519,-0.9851146390087353,0.15532483677809863,0.073643350620038003,0.050795859667378984,-0.14624642693169496,0.98794319839268274,-6.2371048961325251,-7.9313082180320347,-1.779442954694525,,0.08891356532124295,0.2203389830508475,0,4
0.82470534048511546,-0.53911571070471265,-0.17092498894743913,0.56556081845533379,0.78690514520688293,0.24682231073196673,0.0014359677791257346,-0.30022415445511197,0.95386759829561762,-15.373340098284675,3.7937686959137951,-2.114088360377953,0.4275759779923057,0.6260575003608508,0.3942307692307692,1,1
-0.56470345911684772,-0.8219675759014714,-0.074022344113973501,0.82312315101232958,-0.56744915411849983,0.021673388238444308,-0.059818738945268263,-0.048690467823380892,0.99702104130963032,-2.2080254042228487,1.7153979227179543,-1.5649025408939361,,0.07577453625296203,0.3464566929133858,0,5
0.40628596574492831,0.91374268350504106,0.0024540537315414094,-0.9120989036159185,0.40539096727845636,0.061104448869755641,0.054838891868364215,-0.027064219738313716,0.99812836045701336,-20.787764428651858,9.559648119613426,-2.2365979755422774,,0.0771511905758991,0.2,0,1
-0.98157418667482321,0.19092891285370706,-0.0076332358905090757,-0.18707181135174697,-0.96835051620884216,-0.16523139881888135,-0.038939099260704643,-0.16075891264427419,0.98622528793080244,-9.3783918394065964,-22.273126676546234,-1.5659274724715637,,0.2968990724374871,0.76,0,2
-0.40509014095039231,-0.89186221990126546,-0.20120576139260812,0.91273651213825935,-0.40726198784783468,-0.032399578144109271,-0.053047498663720861,-0.19677259455274237,0.97901302796158196,5.1951939508710048,-6.7312748426791531,-1.3503926779058841,0.6236321740502039,0.4455670921894642,0.3692307692307693,1,5
0.20289940799034831,-0.94634228423370614,-0.25153153143989371,0.9784695841532951,0.18602784332953501,0.089391914584262072,-0.037803480316556344,-0.26425351951770465,0.96371208060211733,-22.905197664584907,9.0119694071015708,-2.3222954390046451,,0.2755782779985554,0.25,0,1
0.72220686476816087,-0.68781364089962438,-0.073004382568079895,0.69147606471304457,0.71541937158860691,0.1001797119417133,-0.016676222914835413,-0.12283125883978367,0.99228745101463856,17.392005396082688,3.4947002034176884,-0.73465836322340938,0.4298580565864917,0.449872847712523,0.7428571428571429,1,5
-0.71404390049397082,0.69486472745683869,0.085465307018054409,-0.69951707027907017,-0.71309694369018606,-0.046568415131956011,0.028586300137354435,-0.093036333956414988,0.9952522614937418,1.0252859503797414,15.807818766717494,-1.4540706955736631,,0.2867867789127006,0.2333333333333333,0,5
0.031095872985683434,-0.99625645538474272,-0.080660534262352923,0.99860582750086735,0.027522312185518278,0.045043574605843788,-0.042654987569656931,-0.08194874883848341,0.99572333235655408,-29.370549345267062,-5.1486305740707161,-2.5250874276260271,0.3552296999338974,0.338140350677557,0.9659090909090909,1,5
-0.83543987334973502,0.5462392207630461,0.060522158897063839,-0.54956950387377212,-0.83107831244463237,-0.085335801373867995,0.0036848920360259456,-0.10455406393041124,0.9945123776435969,-33.204597512086032,-3.9513752993994116,-2.7135186957906754,0.9156230564163306,0.4696576982247262,0.7362637362637363,1,3
0.94189892786877938,0.335865590649986,-0.0045513401301137532,-0.33184253701531707,0.93254463187338255,0.14227100966597159,0.052028264499998908,-0.13249458321559077,0.98981727864876368,-13.503081295355425,10.468132698355035,-2.0064357078185266,0.3231541589348816,0.1391750565345996,0.3793103448275862,1,2
-0.27923831583992609,-0.94848466388241237,-0.14967566718324801,0.95876402967346763,-0.28399236300024217,0.010948660275757421,-0.052891382768622854,-0.14044636035656954,0.98867452758297392,2.1087472977047601,-10.195473726221874,-1.4365837717071219,0.5386951482542877,0.5351801686598148,0.1538461538461539,1,5
-0.9751467659290628,0.21890891474624949,-0.034171215118996755,-0.21765411360676687,-0.97532603788000083,-0.036956821607810934,-0.041418253562192919,-0.028600819532282714,0.99873245736480343,-15.010662501374016,1.2788045148439966,-2.0545992218230928,0.4162384284724177,0.5086069682748806,0.7425149700598802,1,4
0.9314169892982056,0.35343325403467279,0.086875353174125217,-0.36361730632698558,0.89339434132672901,0.26387308582893981,0.015647574450168181,-0.27736525706699894,0.96063711545306407,-23.927019250543918,14.650774967885756,-2.3487092218167436,,0.3489311154679735,0.3,0,2
-0.88806163633778334,-0.45816417309059604,-0.037843368788619734,0.4570699126590515,-0.8887706097874114,0.034262196659907589,-0.049331784955625332,0.013129877163385756,0.99869614063476198,-11.920288379365342,3.3101395553410216,-1.9397790875749177,,0.0720496697121267,0.3125,0,5
0.73280313201955627,-0.66597357711113536,-0.13956634369405813,0.68040046502833385,0.71494926807195258,0.16094331695540209,-0.0074011412333749357,-0.21290077189427617,0.9770457944412152,-3.9625103542487814,5.1935139334009186,-1.6219124181651654,0.5033985529883617,0.4877456630289071,0.7361963190184049,1,2
0.38258311388009753,-0.91801184948271297,-0.10432835272895549,0.92345358530375232,0.37635215325301785,0.074783236968334554,-0.029387697484722031,-0.12495319504176711,0.99172731246315893,-15.845701131548667,5.6577862979811737,-2.0797548082294384,,0.09865743211422082,0.1470588235294118,0,1
0.96437336907345195,0.26332830561778603,-0.025341832656436365,-0.26101331006011314,0.96272387561669681,0.070956263212144322,0.043081979914857779,-0.061813774986112291,0.99715746009774353,-2.067039906998696,12.615350166207641,-1.4969076379071504,,0.06918243567720947,0.2903225806451613,0,5
-0.99099608038027054,0.13385377625328451,0.0031520237430948217,-0.13362973960226723,-0.98731948173540218,-0.0856932534075351,-0.0083583111195781618,-0.085342882353910354,0.99631658174836946,17.654565427003931,0.78441283356994262,-0.75359294994844161,0.7268023180261438,0.3644086895436653,0.36,1,5
0.29700852141755119,-0.95252406147364943,-0.066961560010991295,0.9542591861787908,0.29356854297219415,0.056629640388904126,-0.034283287455459284,-0.080718169521666799,0.99614719460043621,-11.220838522818079,9.0212885934701355,-1.913257754059303,,0.08034296200378817,0.2545454545454545,0,3
0.39238462579875727,-0.90496248840182469,-0.16455151175953414,0.9193662891591039,0.38037092374677028,0.10041706391768671,-0.028283065509053303,-0.19068522479103478,0.98124370736927724,-10.440329758579745,4.4873428246935703,-1.8564441907701281,,0.07226028470110689,0.1641791044776119,0,2
-0.99340845945180589,0.11056122948085317,-0.030262967886040913,-0.11124215993909459,-0.99355372633100691,0.021821428593351455,-0.027655280538701976,0.025044109675769519,0.99930374663005872,-7.6453363862054804,8.8423472987711591,-1.7774197449810352,,0.07779374393773091,0.24,0,5
-0.099826070985370857,-0.99166505744588518,-0.081456549107319878,0.99402598120554375,-0.10302364204272287,0.036034398407748643,-0.044126004124315964,-0.077372753738654168,0.9960252771586261,-12.865770931136556,-16.778110201939356,-1.8163260345550256,0.260281745901156,0.1827158701055613,0.8045977011494253,1,5
-0.98996292132207608,0.14070175163176482,-0.013282751793723638,-0.13907087092039311,-0.98657265325626464,-0.085636982130015943,-0.025153673069829741,-0.082930193142464428,0.99623786105349776,-20.707432535185102,1.0502142022640695,-2.2742682182593947,0.6833878776304496,0.7374057043046133,0.9855967078189301,1,5
0.56349907142962397,-0.82360597152868498,-0.064358372883746073,0.82516339843325337,0.55739670594536717,0.091729374179365622,-0.039675715293310973,-0.10479559085927945,0.99370202865467616,-8.8610844088589147,-26.614735044701717,-1.3911296250840413,,0.3757859364174322,0.3846153846153846,0,2
0.99220564244397247,0.12141950193990081,-0.028022627482268046,-0.11837889934123223,0.9886669061608262,0.092326512189824156,0.038915283541327943,-0.088289598543915479,0.99533438978860322,-6.0536616422202023,-16.104895531155321,-1.66813108580363,,0.08838154427290397,0.4594594594594595,0,5
0.1890749011329925,-0.97832623272030383,-0.084430232339178138,0.98121221433719852,0.18486989660914432,0.055187967558299376,-0.038383228069571465,-0.093278634740345368,0.99489990657549887,-21.511932234197147,10.660711026836115,-2.2839270829658744,,0.216606080707808,0.6818181818181818,0,1
-0.94741565656891724,-0.29846117975061537,-0.11543178881902125,0.31617591783769783,-0.92869521640457409,-0.19379882354325847,-0.04935952458824578,-0.22010479142702122,0.9742266256489247,-9.2868887111682117,-3.8857751396292612,-1.7599937725138255,,0.2995657549849711,0.2444444444444444,0,4
0.94723586769371615,-0.30699472659050786,-0.092187031626751861,0.32010579559372343,0.92091324465849289,0.22237597765917852,0.016628005949050773,-0.24015210525453562,0.97059284757305531,-25.107079305958173,29.235397388193487,-2.279377490019324,,0.2427849773033997,0.2,0,1
-0.052388694542909314,-0.95640753483115926,-0.28729784545359099,0.99751670641290024,-0.06367919293896529,0.030089546586856142,-0.047072764006910656,-0.28500804849131495,0.95736856392087699,-18.001799496510216,12.782812072347113,-2.151039065485004,,0.6732197684576112,0.4210526315789473,0,1
-0.77223788222268741,-0.62167941293370055,-0.13100901035664689,0.63058869971413356,-0.77515244621588608,-0.03868561642737095,-0.07750190354473091,-0.11248729999398559,0.99062609610639951,5.669820391482534,-8.3845505442118053,-1.3195453627245608,0.6011016533156905,0.5190644740399027,0.5764705882352941,1,5
0.89268894852318958,-0.43395991081306573,-0.12159455987699457,0.45058541746845004,0.864744173800164,0.22178885328946471,0.0089007162265979795,-0.25277719376120406,0.96748357482949832,-22.333880218985456,14.337006673573617,-2.2775862180070714,,0.2434272039114955,0.1538461538461539,0,1
-0.88683293050373546,-0.44748877434786599,-0.11524387275166709,0.45945187754853761,-0.88051930888534868,-0.11657494969843364,-0.049308473828352732,-0.15633151797610556,0.98647307661993788,-39.086213622952421,-6.3194013940098772,-2.8296225204346457,,0.5233433286788866,0.1666666666666667,0,2
0.31873765908359009,-0.94534571645152721,-0.068758861746418612,0.94731484349357542,0.31529945357216038,0.056398952772553683,-0.031636876878996079,-0.083112760535594604,0.99603783916952515,-24.559099449971864,3.4386414376338923,-2.4781795676974974,,0.160172472282978,0.5,0,3
-0.87355643140222627,0.47326153120943287,0.11367798482165159,-0.4866925178907282,-0.84673471169470294,-0.21487373278386629,-0.0054363760899830398,-0.24303055587434327,0.97000339933755719,-4.6154078775301404,14.044714122005066,-1.5942504122775503,,0.3161413108030613,0.3666666666666666,0,3
0.26465919138739208,0.96432706399135504,-0.0053689913380095839,-0.96278390868319264,0.26454384378801854,0.055350699133584397,0.054796510791179823,-0.0094798928093261705,0.99845253970203207,-17.6495108091767,1.2896199260497885,-2.1550790451451181,,0.07658510463666705,0.2340425531914894,0,5
0.91207696641577796,0.40922756551992612,-0.025463836168729142,-0.40689518790794782,0.91103240515794248,0.066755245557870047,0.050516466534677111,-0.050524809458030159,0.99744439957226771,-7.2021427977185857,-5.1281580360147965,-1.7338341051581079,0.2003367947100702,0.1808973007061278,0.8349514563106796,1,5
-0.23844474982213212,0.97106271935337118,0.01346463383451597,-0.97044019820340588,-0.2387783291156684,0.03508177953959371,0.037281671008633332,-0.0047015557814703368,0.99929373678615552,1.1786363572127165,-9.4227711320584824,-1.4649630895612684,0.3129602358298288,0.2672947012930599,0.7391304347826086,1,5
-0.62820437325885026,0.76146191484024306,0.15979680117663864,-0.77790975622310443,-0.61857941280675943,-0.11052565867053198,0.014685931750001198,-0.19374019278269394,0.98094294487964928,6.564383562357107,7.6765593301934727,-1.1449288478721564,,0.7078082235988021,0.564625850340136,0,1
0.99943048215226915,0.0082704163227063886,-0.03271561643517186,-0.0061567882476241806,0.99791888515000571,0.064187168651098442,0.033178386087302246,-0.063949189790174429,0.99740147173634286,-7.3181985957728459,20.249220945592803,-1.7183534635530555,,0.2113830539848734,0.88,0,1
-0.29598973827863806,-0.94676671543195612,-0.12658144170426455,0.95371284737238937,-0.3002950389800203,0.015959145366796421,-0.053121366610752264,-0.11599860393200737,0.99182782996608432,-0.43690630680184667,1.7269465431469968,-1.4987078648447887,,0.07275982769460868,0.2383419689119171,0,5
0.65063350660790853,0.7559665232176227,0.072046206377282235,-0.75373473717346084,0.6313147510756818,0.18255309105108333,0.092520192699496365,-0.17307888620080478,0.98055275895503857,-28.184875068433495,-6.2210583679858784,-2.4440528674060058,,0.4315069233166084,0.3157894736842105,0,2
-0.99861651992948908,-0.032558335682544404,-0.041291656560371405,0.041439246705376638,-0.97067052128960274,-0.23681538786966938,-0.032370278905314312,-0.2381988536432402,0.97067681087303115,-34.147942102564215,-12.589424361293407,-2.4207260687227303,,0.1659622013430598,0.25,0,2
0.86226318363178334,0.50628380668599715,-0.013375695896578438,-0.50385248264687521,0.86020054084873243,0.078661968282828065,0.051331061588108295,-0.06108794161767301,0.99681160983665973,-9.6256873517146673,-11.795095204752226,-1.8435525905253209,,0.08176845091155711,0.2777777777777778,0,2
0.35283308175118394,-0.91634971326324643,-0.18924063893447715,0.93491208429215678,0.33703000893048313,0.11113130848151706,-0.038055368431510368,-0.21613416222958662,0.97562175706103282,25.590440569631802,2.2402596139731639,-0.44980770579749668,,0.3833388146169813,0.5,0,3
0.88245023679682411,-0.44471967159539788,-0.15331664382352883,0.47033536917107405,0.83977816537488981,0.2712144418468414,0.0081375723615020375,-0.3114434887032731,0.95022983180933429,-4.065734309693271,-12.346006049254989,-1.6212588974712605,,0.304762431018159,0.2461538461538462,0,2
-0.094668612861048579,-0.98843718032682415,-0.11844743258730291,0.99433547176209458,-0.099660477189280089,0.03694264313849728,-0.048320009671132015,-0.11427917497936242,0.99227286914004564,-10.981142453518494,-10.384040074335951,-1.8745908905662645,,0.08750977107021235,0.2333333333333333,0,2
-0.9907692813852681,-0.12962664922089523,-0.039663117314233533,0.12993210548074438,-0.99150919461757614,-0.0052120009733306466,-0.038650731282349242,-0.010317402801494249,0.99919951569782639,-6.2355994392132255,-13.244486556616963,-1.706545723127431,0.5816416741745378,0.506838109627375,0.9571428571428572,1,5
-0.72151785231246646,0.68707804528015604,0.085648984164465508,-0.69123668788028836,-0.72193249700326134,-0.031706641243179609,0.040047847915882319,-0.082080627827977315,0.9958207370870874,3.6881381363183272,4.6814412985058667,-1.3377812864840748,0.4628292409223094,0.2976094919035329,0.6607142857142857,1,3
-0.70645296906795829,-0.66499961021329657,-0.24228025282971546,0.70559380436622798,-0.68850204249931934,-0.16763746810978444,-0.055331597980360012,-0.2893794323901227,0.95561391700545595,-16.309279912152167,12.338272438633934,-2.0985886615091736,,0.5488506245381417,0.2391304347826087,0,1
-0.062198146543152151,-0.98541208619856357,-0.15841215527980146,0.9969362835895782,-0.068882716204951663,0.03705695441922606,-0.047428230297967902,-0.15562195147865032,0.98667744029585447,25.059995877673423,3.3463300617894562,-0.49264358330057861,0.8531765317933857,0.6962311788974247,0.7631578947368421,1,5
-0.79593208728880771,-0.5985498357487552,-0.090720485829942701,0.60426070374304619,-0.7946141251415616,-0.058799609160860432,-0.036893283074853331,-0.10161932026268186,0.99413902418791988,-7.1470457573941673,18.55585918361146,-1.6894264674770072,0.4747708199659546,0.3887909921320929,0.8271604938271605,1,6
-0.40715676907160431,-0.90937996068851967,-0.085155460760420243,0.91190788963588221,-0.40999171749844066,0.018187699208827731,-0.051452562803074135,-0.070248691666293508,0.99620166387141185,-11.198842459018772,21.074770405995732,-1.8350777098664124,0.1713334840560023,0.1954168715404171,0.5,1,5
-0.68284099274095411,0.73051313153838704,0.0088737411799690667,-0.73048820063521103,-0.68289537287781688,0.0063951884100430572,0.010731605904114754,-0.0021152664247789284,0.99994017735196117,-25.149182278185126,12.457861308617691,-2.4374759609339152,,0.6201922517146419,0.4444444444444444,0,1
0.92656502112464567,-0.36745161142648719,-0.080352815061847133,0.37589546185820527,0.91221684808771331,0.16298166712647341,0.013411315472095139,-0.1812173703732507,0.9833516163063506,-9.1030314526043412,-24.851597078610382,-1.4724545318922191,,0.1200341109362056,0.2727272727272727,0,1
0.85604106886035991,-0.51301437903010283,-0.063324050192418074,0.51678473887709353,0.85206409091474333,0.083188452548219979,0.011279276933742022,-0.10393763457954625,0.99451985703145285,-9.7754518383295341,-19.341824446324075,-1.6837987406085706,0.2638429314266291,0.1813018329164768,0.4117647058823529,1,5
-0.99866391325386372,0.041324789828998398,-0.031026603263496485,-0.038123946877925377,-0.99450615345786653,-0.09748884761288884,-0.034884854004717032,-0.096175737481077009,0.99475287105946175,3.8743259627345901,16.303404888518045,-1.3656628539478115,0.5665971109604522,0.210908002079143,0.2,1,5
-0.70050683113878898,-0.71112848891497449,-0.059886991754443106,0.71157640522231413,-0.70239779698512839,0.017214944708769764,-0.054306528693889689,-0.030554983946035237,0.99805670875821273,-7.5614662108505968,14.026879251894059,-1.708667281613067,0.2867098529048758,0.07986743338611318,0.3243243243243243,1,4
-0.35565454050289697,0.92492607144075889,0.1342445909109114,-0.9336827125960242,-0.35803711829464052,-0.0067833710351103737,0.041790429753755909,-0.12775439050159612,0.99092501012365319,-0.64084467421899827,-18.895301779269179,-1.3693668625313793,0.3508607962606493,0.2720893178257676,0.2666666666666667,1,5
-0.063991418752092216,0.99794522867289126,-0.0032278313315102372,-0.99660503919036536,-0.063736915877669539,0.052115270456673135,0.051802453479190484,0.0065518030658111735,0.9986358594052801,4.2633553409255249,14.360022944031488,-1.3410456127882886,,0.1157063393493859,0.3181818181818182,1,5
0.99550356653749583,-0.085923035434707182,-0.039873311786355024,0.090282746345348636,0.98805273448817132,0.12490324088184902,0.028664869151406629,-0.12794149386392914,0.99136738872347363,1.520667224836286,4.397552407813917,-1.4079816975904853,0.8573468429246208,0.8803666831182395,0.4213483146067415,1,1
0.099332109703275634,0.96601185579614368,0.23865084630729189,-0.99277261976085129,0.079979141104905824,0.08947548514144589,0.067347289738132296,-0.24581381460245835,0.96697461761698555,12.02298892132462,-5.5942681777837917,-1.0600307319261166,,0.3575069829813989,0.2142857142857143,0,5
-0.91007272130592831,0.41400281801614691,-0.019217403818249861,-0.41433349854693552,-0.90993410213831372,0.018646226095368937,-0.0097669809399396207,0.024931835881702693,0.99964144053900073,4.7792201340564429,-2.5809761650282677,-1.3472934955884248,,0.07881852220126319,0.3157894736842105,1,5
0.923032096833305,0.38446304630596151,0.014139103247907136,-0.38018146927768343,0.9058896625176398,0.18661717434775474,0.0589389398731998,-0.17762906679037249,0.98233096052084534,-3.8433497735834647,18.032738907337279,-1.608715943534895,,0.3214367868121589,0.5909090909090909,0,3
0.84407110537289332,-0.5281613093762797,-0.092680096852109498,0.53364377959927967,0.81039822418285212,0.24182438821648092,-0.052614499613490039,-0.25357513584579555,0.96588372225191188,-36.664700492420906,-1.7749638529277216,-2.9443168040362693,,0.2695341294419794,0.1904761904761905,0,5
0.99820506437774126,0.058127043331286023,0.014418608954844933,-0.059440879030917743,0.99098510319967614,0.12006376279443813,-0.0073096751406432244,-0.12070531086033499,0.99266147128789473,14.514429212015077,-9.6089054411791039,-1.0040067889239555,0.2228913267286548,0.2334871448951965,0.4,1,5
0.42316897408697229,0.8974570060760968,0.12449474533131619,-0.9029039615690081,0.40625765794357116,0.14042489645784362,0.075448363489020356,-0.17183025812450495,0.98223312245092564,5.3223209964797658,27.786454927215253,-1.5056804126276317,,0.7104754485608753,0.8333333333333334,1,5
0.82512162561721802,-0.56104572317936252,-0.066347565448529405,0.56491979956996552,0.81804721597267926,0.10800172449169376,-0.0063184644203259869,-0.12659561185718754,0.99193428616308776,-12.801264609517341,-3.9739741579015417,-1.8834482497538276,,0.1270946960958723,0.3254437869822485,1,5
-0.50812714180362561,-0.84494854680838072,-0.16693939322066684,0.85986145349024823,-0.50879664844932748,-0.042002991897835948,-0.049447836799158942,-0.16488760951975073,0.98507207231894767,-12.013914840932923,1.5729988679440077,-1.943559052731566,,0.1900605066005656,0.1944444444444444,0,5
0.8553816061954761,0.51346073016420746,0.068413349294477607,-0.51442746615257762,0.82656234352345181,0.22838361223358208,0.06071811797386234,-0.23054884698965539,0.97116452741101167,5.4439450328224739,-11.754586997585047,-1.2924828576014069,,0.5472565384201483,0.1666666666666667,0,4
0.059365518618476699,0.99223595637766937,0.10928651367141023,-0.99739638302351918,0.054468867509985266,0.047260952209846711,0.040941303481460356,-0.11180764438745548,0.99288612656526076,13.603069518899302,4.0237349059057417,-0.88554657051628738,0.5047173797857029,0.2641153745141123,0.3888888888888889,1,5
-0.91908463488558589,0.39383380826232373,-0.013355350494265693,-0.3939038256311243,-0.91914681470233928,0.0029848242341266053,-0.011100003170917874,0.0080040297437556918,0.99990635833435249,-14.372643755775757,3.34077802442334,-2.0641265764983232,0.0943673174447307,0.08601016320215764,0.1290322580645161,1,4
-0.97365243114575317,0.2271672791040017,-0.019899010740458953,-0.2270299436362346,-0.97384676026208405,-0.0089382447701203873,-0.021409063886410201,-0.0041850724637802995,0.99976204026357196,3.6646772663956448,-3.0350247658514085,-1.377195331955211,,0.085168631981968,0.3918918918918919,0,5
0.83118371731062124,0.54772815564519417,0.095537927501130909,-0.554774494813426,0.80562676265092759,0.20782391393940661,0.036863097837881595,-0.22574185879916012,0.97348945818827148,8.1874176711983697,-6.6609315944470016,-1.2356713139654554,,0.1835712565974646,0.1578947368421053,0,5
-0.97408786764757704,0.22612734202654494,-0.0043876291784509507,-0.22473022696588627,-0.96989060047869802,-0.093853866148030998,-0.025478445589535006,-0.090435879445501174,0.99557631576854033,12.472732703802237,1.4228414968971281,-0.95983717141826919,,0.1117007951539736,0.4583333333333333,0,8
-0.36344858889904597,0.93157072468610347,-0.0090060055019629236,-0.93112687955024331,-0.36292881795627008,0.035852576977003905,0.030130672184996751,0.021416302310941548,0.99931650871433453,-8.7653559735774493,3.9116036507521446,-1.8026857640382383,0.2710429339371189,0.2261893329179959,0.8951219512195122,1,5
0.9108365654141426,0.41190728571958485,-0.026629665331990703,-0.40913363822131094,0.90947918370463587,0.073873408502271046,0.054648121471491076,-0.056391509813751156,0.99691202241750676,-15.200692397242893,12.509757032545734,-2.0379274318279501,0.2972991704113178,0.2806849140278697,0.9479166666666666,1,3
-0.85482444274440739,-0.51663201120826208,-0.048647066526379686,0.51659418880961416,-0.85611055978288275,0.014323181084445854,-0.049047081206251404,-0.01288698658132376,0.9987133269372156,3.4090999789969474,-2.1300918223915235,-1.3887555340928397,0.1672221150113451,0.1343404727975644,0.5167785234899329,1,5
-0.45886072594399796,-0.88419402072179543,-0.087451517459520678,0.88630839504769365,-0.46242387561841242,0.02493166913843774,-0.062484102411163568,-0.066068850284174016,0.99585673867680302,14.862863485498213,1.8254104364870929,-0.85288483360293543,0.243389374041666,0.2166757841826402,0.704225352112676,1,5
0.99858565225251816,0.047514240449181865,-0.023855650692249,-0.039950401621138845,0.96664223541361194,0.25299556147269597,0.035080771452791322,-0.25168469494411511,0.96717328013400183,1.8771286010993082,-4.8558977453862457,-1.431677486506558,,0.1144438027659919,0.6666666666666666,0,4
0.86904459110534082,-0.49106699708255347,-0.060122400541531187,0.49471605103363714,0.86360107419153909,0.097207065097682316,0.0041865881379131711,-0.11422079071493438,0.99344656798854558,-19.831225056521745,15.731932082315767,-2.1562648291923607,,0.2971161313511181,0.8382352941176471,0,2
0.15447528190625431,0.98788760194278524,-0.014679005678687131,-0.98679145387332456,0.15500344408617792,0.047080344985907838,0.048785385542724657,0.0072123677911446601,0.99878324370620619,12.649317900173827,3.4464264318311435,-0.93167419102990301,0.1405484409853635,0.1288068745015424,0.3571428571428572,1,5
-0.87271763736316443,-0.48125837833427421,-0.082184540628527591,0.4855698758640854,-0.87311790110302423,-0.043439917435322273,-0.050850969396798222,-0.077817119302346374,0.99566996281644016,1.1963512505248433,14.129276614572516,-1.4166376491518309,0.1807753875964869,0.1092185183515596,0.4594594594594595,1,5
-0.32323297356849057,0.94051226757589645,0.10467625966435003,-0.94155324557145037,-0.33071921244697028,0.064049108286728301,0.094857422229053287,-0.077855488295319158,0.9924417324913124,-4.5999733409574777,-27.665646701132847,-1.1855283667155461,,0.2540051895089416,0.45,0,2
-0.6282408832727705,0.77503698756363437,0.068051895586647038,-0.77792790613755625,-0.6244222089227891,-0.070178898939937381,-0.011898127461344665,-0.097028722099548673,0.99521046098332477,2.4837506308147201,-18.291689161777111,-1.3077845181507013,,0.16974731016887,0.4444444444444444,0,3
0.47800349544343501,-0.86256663382302945,-0.16580549013547882,0.87819203870565732,0.46565258211679778,0.10929966112463911,-0.017070486163550853,-0.19785468147902724,0.98008271259061253,12.859851461473024,-17.174046844864115,-0.95576894839264648,,0.2217235160551388,0.5833333333333334,0,5
-0.91194703052047199,0.41023015281132452,0.0079896964455459397,-0.41015030346388098,-0.91088406864006999,-0.045463634546741433,-0.01137286654194997,-0.04473740294329371,0.99893404321031587,-8.5469231383865534,7.5732225284315833,-1.8027702791834967,,0.07342238973359756,0.1403508771929824,0,1
0.20954546457036585,0.96460931552588669,0.16006113419150311,-0.97643918128005514,0.19780162822054242,0.086261469581955047,0.051548264171800702,-0.17436566254278149,0.98333076438545908,4.0167136103029604,-12.482527295375082,-1.3472894053338957,0.482279872949416,0.4814731238425268,0.4,1,5
0.68036055863019851,-0.73078500690730863,-0.055342424412840652,0.73279049508312433,0.6771734535040399,0.066739824582051396,-0.011296042503257388,-0.085961546920111737,0.99623441612647945,-0.51917139197536566,4.499533357961349,-1.4801646211013657,,0.06604063215900488,0.3414634146341464,0,5
-0.66532613748617264,0.74381180742070652,0.063914989785446921,-0.746544930982591,-0.66327020736169384,-0.052376502847891068,0.0034346472788482946,-0.082562867972950316,0.9965799396085353,-19.275340553726583,3.2979492319976962,-2.2514093465415153,0.5440568676319906,0.4220677275723342,0.25,1,5
0.46794282891395889,-0.88084090762585754,-0.071755169297104626,0.88322882839731132,0.46330692659316325,0.072481228319540708,-0.030599763984607599,-0.097293305132736874,0.99478523673224739,-5.9754390567240625,11.032002854080382,-1.6617880191734098,,0.07804751713732087,0.1379310344827586,0,5
0.9941993941774464,-0.085106335223537263,-0.065760750619335007,0.099786885863382399,0.95802259158975522,0.26876623934813337,0.040126575070491215,-0.2737692928516065,0.96095797632604318,-35.175548983289659,-1.1630793852323016,-2.910513548984385,,0.2949099578961871,0.25,0,3
0.92101230257551336,-0.38600615725908449,-0.052302820790336879,0.38878634205816653,0.90260950607235069,0.18477353646249642,-0.024114699533302902,-0.19051332264674323,0.98138838140693108,-5.4670674497366933,12.430103964694114,-1.6327441312305642,,0.172652646172376,0.2173913043478261,0,5
-0.39109070060166795,-0.908167989318308,-0.14926140519383888,0.91869384685007294,-0.39494908064345169,-0.004103590952821176,-0.055223904812247954,-0.13873041078449669,0.98878925634376369,-7.3909673554163291,7.8884821313254978,-1.7644092365117441,,0.08441557798395997,0.3736263736263736,0,4
0.11256760295893611,0.98741406751435346,0.11109452749275581,-0.99355227614440245,0.1103317988036961,0.026091545393417997,0.013505899909127856,-0.1133152833800458,0.99346728039736842,9.1781762792041945,-3.3892374217947876,-1.1860422461551214,0.4653943283401068,0.1953049638486904,0.3043478260869565,1,5
0.63427811143569313,-0.76756832050501966,-0.092358815013377601,0.77288906831170967,0.62673676254323019,0.099214507815587577,-0.018269248419929333,-0.13431270913035556,0.99077057421394821,-7.2934006508057774,-2.7801478529957695,-1.6962123956310029,,0.08876607587804475,0.2865671641791045,0,4
