axis_00,axis_01,axis_02,axis_10,axis_11,axis_12,axis_20,axis_21,axis_22,location_x,location_y,location_z,dbh,dbh_approximation,score,reconstructed,number_clusters
-0.98633320286360915,-0.15577862725251621,-0.053664068240642307,0.15535787133307574,-0.98778596678720076,0.011950549490746214,-0.054870253723398876,0.0034500883462486834,0.99848753229408571,0.33344552799763727,1.0876835583308075,-1.2059018377080903,0.6035203200772842,0.6788641608714168,0.6714285714285714,1,5
-0.98334680277187059,0.17783648796302434,-0.037459965660911275,-0.17900665259373322,-0.98337193786059296,0.03059820510239606,-0.031395601690779193,0.036794230217235019,0.99882956545007939,-10.855366158918223,-6.3059326707642631,-1.0060009626720727,,0.07955572290667698,0.4242424242424243,0,2
0.18188582050203872,-0.9684383120604565,-0.17042530338478545,0.98227608016988543,0.17096031277676491,0.076852285466063514,-0.04529073444300484,-0.1813830399700222,0.98236904581977158,6.4114666986612914,12.083572219403482,-1.3286863934855226,0.2977613749732982,0.2833270973518419,0.75,1,5
0.66221016779060549,-0.73627115995669112,-0.13922094918067596,0.74925411506703909,0.64819527385899434,0.13587184403684657,-0.0097961589333862668,-0.19428758571481955,0.98089569746597416,8.0741326934022233,2.372800286987387,-1.0604020029844752,0.2309591290456506,0.2321326321621596,0.576271186440678,1,5
-0.23219545074763978,0.96558790505302261,0.11715489860613798,-0.97263986373080735,-0.23143272111529023,-0.020263047127419134,0.007547723750649102,-0.11865451197694241,0.99290691338800563,6.5478901471896007,-5.4223757577513867,-0.69918624319862088,,0.2392851764447752,0.2272727272727273,0,2
0.66160372848041626,0.74935900591018223,-0.027232089932928378,-0.74355622298368607,0.66031143614346299,0.10541798025190909,0.096977573299429687,-0.049496338849057617,0.99405506020415813,-0.50020112129787131,5.2470740218471752,-1.3757989173082585,0.2717999682675526,0.2281661305325106,0.5667870036101083,1,5
-0.56814696249664109,-0.79359524957294658,-0.21775125455687536,0.81975195958742353,-0.56900416295372069,-0.06512286306601521,-0.072220175563478248,-0.21550137446565967,0.97382924778679358,-1.3530522423723601,8.8868699451731867,-1.3434401053498684,,0.2381304184742821,0.2705882352941176,0,1
-0.60286800943600305,0.79757760626328089,0.020496955530208014,-0.79783419599532668,-0.60276955468551807,-0.011378033429090786,0.0032800760909945312,-0.023212624400487693,0.99972516981882575,-1.5561575686394091,-11.66571303926313,-0.62759952125190854,0.3091246752443019,0.3027311213337185,0.6623931623931624,1,5
0.39264575542842545,-0.91414613019725521,-0.10082739404261165,0.91910755561253121,0.38613148374039397,0.078382258709476058,-0.032720207212036626,-0.12344768086045479,0.99181150332619983,-2.5150154772748716,12.021936986005187,-1.4556104285979501,,0.07487581134890937,0.2285714285714286,0,4
-0.93619752582799953,0.35144845882779469,0.0042630295682756164,-0.35102355974507354,-0.93431403147181968,-0.06196572519362753,-0.017794750277227891,-0.059508582426766501,0.99806917369495374,3.871941523535495,17.746969552356965,-1.5700440681961114,0.3674406799375072,0.2497225367750242,0.1428571428571428,1,4
-0.84053610505274923,0.54142966787921876,-0.018787518275498426,-0.54173867708045165,-0.84027794071053075,0.021264715149545633,-0.0042733895066325942,0.028051686143048597,0.99959733945557094,-8.9796246569357496,-7.7703785975050996,-0.91245335394118343,0.1583100508670038,0.1043795224711017,0.1475409836065574,1,5
0.57027732924991703,0.82072537135007251,-0.034548987913812432,-0.81808022715247009,0.57124077263121775,0.066548641051891774,0.074353948689669325,-0.0096873374038645935,0.99718486039865184,0.23058437558878234,3.5403702227526828,-1.2907508359955373,,0.07237871523399955,0.398876404494382,0,5
0.043469476804672919,0.97491820715119926,0.21827710358949814,-0.99739284466459799,0.029751853708958439,0.065744510133871767,0.057601371495738143,-0.22056590073257748,0.97366974146054142,-16.584830843521154,-4.3180057403259546,-1.2089526688776757,,0.2885221643335841,0.391304347826087,0,1
0.94705100162785505,0.31974301121603815,-0.029305410663862028,-0.31504416870267704,0.94297858976153137,0.1074176476087311,0.061980416924350065,-0.092497492019269753,0.99378198911432769,-5.3446212168599159,-14.668311133402403,-0.61743315409570843,,0.1051227584862671,0.5116279069767442,0,5
0.65619576677876801,-0.71445809421233819,-0.2428101053829895,0.75450493692853471,0.61637458254523769,0.22539892223045754,-0.011376107071082327,-0.33110724185172624,0.94352455112797673,1.5670475853002197,-17.382794723819877,-0.12202196657028451,,0.2190369452229809,0.44,0,1
0.10504902000912372,-0.99068095199921136,-0.08669460618204676,0.99318768735232177,0.10009388887154423,0.059660967996828004,-0.050427384295343949,-0.092371341640729757,0.99444688855495034,-14.641432634199202,-18.272779527954025,-0.77454258303287193,,0.08564224219195812,0.25,0,1
0.19717537275230487,-0.9771091928760155,-0.079871757068259622,0.97929122625741438,0.19248620070815542,0.062751547488400797,-0.045940902856158199,-0.090590770689519665,0.99482799805325128,14.799371204074529,-2.2308461797674259,-0.57836409207223016,0.2622753251455168,0.2435426506255304,0.4782608695652174,1,5
0.9989183942203681,-0.037873037738824611,-0.02697544625460109,0.04283301516247684,0.97525494953700143,0.21689425122780912,0.018093493313684157,-0.21781509685055003,0.97582232454668372,11.350182560119729,-10.62199606469053,-0.16474289511858892,,0.7132856660664236,0.3888888888888889,0,5
-0.68684993074561085,-0.70915998684923021,-0.15915176934846795,0.72257818926371276,-0.689853913669914,-0.044523456679320832,-0.078217216999342726,-0.14558053045067884,0.98624965202456483,1.5332959491169373,7.388355876141814,-1.2826605392895332,0.1061815038042201,0.1518997431756883,0.2857142857142857,1,5
-0.54972331181392098,-0.82122644386396071,-0.15294250013285049,0.83225288095559757,-0.55417266590013925,-0.015741617141831296,-0.07182912076200007,-0.13594037026463104,0.9881097070380761,-8.420245339468595,11.015753945940034,-1.5844844374113605,,0.09440134365031627,0.2,0,5
-0.34085977459387717,-0.92149705280025207,-0.18616604347802512,0.93781662045257286,-0.34712916662665433,0.0011524235333449232,-0.065685618416263317,-0.17419679491177556,0.98251762130545983,-4.0099920815501822,10.149393792123931,-1.4738887483980432,,0.2188144938868143,0.25,0,3
0.68539352600600967,0.72795749582627567,0.017708720433372252,-0.72364868100502877,0.67822695580818138,0.12783107171125749,0.081045055300931867,-0.10042948115720242,0.99163784635609964,16.200059928026935,13.234860384073395,-1.2197604601311791,0.6186620986536646,0.664965360922173,0.9074074074074074,1,3
-0.94639433099827575,-0.30114841914697044,-0.1168220865230865,0.31701722781647845,-0.93531532399937678,-0.15711563244787707,-0.061950363371669218,-0.18572795787716526,0.98064635732811289,-3.0040531738623049,6.9342439058886889,-1.3831727224941213,,0.07653365185672811,0.5,0,2
0.64731832393897737,-0.72309830479427295,-0.24105565559945374,0.76212427457901855,0.60901115502302916,0.21970890549752628,-0.012065553872009556,-0.32593596711802925,0.945314851120301,-0.51119207279683121,-13.047638685209144,-0.47789659342688134,,0.2491379991398344,0.3333333333333333,0,3
0.72895289829843746,-0.67868927115797673,-0.089490475903093905,0.68454923811192148,0.72182767592554931,0.10177006862682349,-0.0044735514634344628,-0.13544622358329003,0.9907745999238825,-4.7246938494968038,-5.9573632756234991,-0.93057236475242544,0.1725434146985933,0.1468047915011351,0.6222222222222222,1,5
0.21684657844006966,0.97562880089399906,0.033555987319296564,-0.97265292602235442,0.21299975785667702,0.092614192503899462,0.083209656404693508,-0.052721400011143345,0.99513647660101268,-12.308368118900887,-3.2811625172684993,-1.2091925923864781,0.3461284926000601,0.2159413902331804,0.5,1,2
0.94799936649489991,-0.29950481183463384,-0.10767575777847822,0.31519979401257436,0.93038210590317161,0.18718500706416316,0.044116787957643573,-0.21139064478609418,0.97640550199044873,-1.5119205762754522,-22.643689360707214,0.072765452531147051,0.317435870317404,0.1475221612712971,0.40625,1,4
0.9976965171633968,0.019079783523786312,-0.065097016066120117,-0.0050776420881635618,0.97794277488594439,0.20881127028779631,0.067645230362914394,-0.20799973776200792,0.97578698080066817,0.080931783663187498,14.579257727157055,-1.4902974686373458,,0.2888954997190683,0.1363636363636364,0,3
0.92425704918660734,0.38075070651681048,0.027889182774226445,-0.37673162363014073,0.89779049102477537,0.2281348679673709,0.061823869062543307,-0.22136199699235068,0.97323002188675578,-2.66150624310785,-16.436958490414742,-0.37602514998229103,,0.08039966197354416,0.2,0,4
0.96907000774338503,0.24408916409359785,-0.036384063328920219,-0.2401530981199364,0.96667059466172822,0.088738102750371042,0.056831413457967189,-0.077255688388803256,0.99539024962872746,-9.3077161315811967,-17.381878518903822,-0.66547869800620096,0.2911473604027578,0.09909973521194954,0.2857142857142857,1,4
-0.49722123920184835,-0.84618025928000029,-0.19170291623084526,0.86400132274290786,-0.5030771189333062,-0.020374658384125232,-0.079200717074306037,-0.17576228608719219,0.98124149178697107,21.765148343659909,3.4114369338414026,-0.59153884950984881,,0.2964123226060866,0.25,0,3
0.16227017920676734,-0.98010480728997573,-0.11429328793627574,0.98441130406605526,0.15283277761446767,0.087043245077467038,-0.067843742284553754,-0.12663612760080545,0.98962645367790181,15.079928010824755,8.0889971144267303,-1.0579182124383635,,0.6521169433655307,0.4,0,5
-0.87008147429779559,0.4921265278507021,-0.027743623941108377,-0.49273107695765628,-0.86989809382813221,0.022212432427110525,-0.013202798336782473,0.032996771657131045,0.99936825003413243,0.78069519375735308,-19.081478684743121,-0.04708754823041602,,0.5418154030052478,0.1714285714285714,0,1
-0.98347142979864444,0.18048604703781937,-0.014447615528949506,-0.17703844920368994,-0.9752741361545284,-0.13227904917858732,-0.037964908446653498,-0.12753488218013409,0.99110721900001153,11.404279593042876,-5.8645126594100798,-0.49887039329178623,,0.1438591423758206,0.4444444444444444,0,4
0.94456374883358618,0.32724228843455588,-0.026679749803126439,-0.32151960149701236,0.93838013165856748,0.12675911944176749,0.066516691458948632,-0.11115400653401898,0.99157466516081927,-6.0954681535665012,0.812827987288256,-1.2182976540343093,,0.0989320658751605,0.1979166666666667,1,5
-0.68631359317168383,-0.71428440862501996,-0.13700888811671602,0.72387632054622164,-0.68911997335939879,-0.033417583240052763,-0.070545902646693665,-0.12211243144065179,0.99000597458167716,-13.823598912060628,-3.4589289936951495,-1.2061506888501028,0.7163995579753338,0.5348228915257255,0.9711538461538461,1,5
-0.99444599142985923,0.09795686546228255,-0.038491851577816219,-0.096546654389291095,-0.99464294909855511,-0.036934365227572111,-0.041903623415155099,-0.033012971955478129,0.99857610126987684,-13.465390017384902,-8.7325685126860044,-0.92080030266510193,0.8355671624259751,0.3988836574129562,0.1428571428571428,1,2
0.69387630563458291,-0.71317619379922736,-0.099576046702759741,0.71997941579595626,0.68463156234646794,0.11361894502744031,-0.012857422331758276,-0.15053019775806281,0.98852179857295075,-2.2444297149259751,2.5082240564651279,-1.2651860235821923,,0.1017043003185713,0.1785714285714286,0,5
0.059317847941308836,-0.99159512503726943,-0.11498043710967794,0.99695609174013244,0.053009229460033766,0.057171432851492877,-0.050595889732774048,-0.11802173356790828,0.99172119385832114,-4.3036085559216692,12.36630195013695,-1.4834568766582554,0.6552333706005757,0.6700585169504405,0.8533333333333334,1,5
0.99770520912684924,0.06738357503717847,-0.0066158518996635553,-0.066120079738710369,0.99068520758547585,0.11904181839449753,0.014575689914920746,-0.11833120166097734,0.99286719956748126,14.37741997068162,7.4665835425379594,-1.0962368578486108,,0.1410984328382674,0.3333333333333333,0,2
-0.57649882919845208,-0.81121368610140643,-0.097884909023731745,0.81359553881572266,-0.58097384878181657,0.023058322809732426,-0.075573799374974535,-0.066345629196000303,0.9949305796559974,-0.91442546174905059,12.866656800080101,-1.4429293157336598,0.7018311330639769,0.304945621409517,0.2884615384615384,1,5
0.9354434486499158,0.34986704448728267,0.050384576605210653,-0.34780097123463083,0.88558535186892784,0.3078523492901023,0.063087548582902289,-0.30550226797344965,0.95009911350178544,-14.175963886276351,-19.54734628985624,-0.66849042166270156,,0.1875025187777533,0.2,0,1
-0.11696523821105341,-0.97558279838909912,-0.18589603690645504,0.9900169158071247,-0.12936038106933465,0.055967832058650129,-0.078648836393047136,-0.17749393030999983,0.98097414096250712,10.510944502173992,2.8405559814456138,-1.0085396499020185,0.3880431276592144,0.3940083778803559,0.5555555555555556,1,5
-0.69861205778113977,-0.70545198668950604,-0.11949346090321857,0.71163686884429478,-0.70241356786116271,-0.013716653602040494,-0.074257387674816933,-0.094618571963327278,0.99274023098458686,-0.58352396526739236,10.983399855501558,-1.409238553021436,,0.07537387810343915,0.2549019607843137,0,5
0.77667897321934631,-0.6102154934787869,-0.15622683533049916,0.62973334133956649,0.74656946004594904,0.21463913932925996,-0.014341944228288299,-0.26508695336651528,0.96411784331097805,-7.1582016672761934,-4.317663991045456,-1.0335175323517134,0.1142678217692611,0.2792729048238236,0.3354430379746836,1,4
0.28160114826084925,-0.9517360620725378,-0.1220625308963878,0.95866078715309677,0.27364161646330065,0.078036920200366802,-0.040869162863676783,-0.13899184828619376,0.98944983583646706,7.1562415201465361,1.1145084290746163,-1.0319577241965339,,0.0916740152325769,0.4660194174757282,0,5
-0.61761483500974401,-0.76707864175293239,-0.17361530157898605,0.78003910702113832,-0.62564017592614829,-0.010647149137784697,-0.10045350712419537,-0.14200256206693493,0.98475599275804082,-3.0514391059265198,4.9329991386226419,-1.4122782908418763,0.5440280381075384,0.2412841116895203,0.2368421052631579,1,5
0.70425208215551649,-0.7004067306156474,-0.11601472530639495,0.70994594599809902,0.69422908531856287,0.11841761211329456,-0.0023996959146416609,-0.16576003380203025,0.98616319777887973,7.8097356665974207,-11.426175493715391,-0.24869714288199915,0.3284694451515278,0.2098106891088393,0.4788732394366197,1,6
0.47812490641526117,0.86645233113066134,0.14372519522907914,-0.87602848405829958,0.45872366884606264,0.14881764263326352,0.063013244511861174,-0.19706078635448263,0.97836413338666384,-5.8484027998530985,9.0655830652390588,-1.4792298953283751,0.4398538683960657,0.3074462046312006,0.163265306122449,1,5
-0.75417234041042946,-0.63451836362097935,-0.16914646667196456,0.65278304759261618,-0.75241128843418403,-0.088042863495612828,-0.071402897249001132,-0.17681543842257028,0.98165061350761795,17.674043691585705,-9.7967973010900344,-0.028450127691436417,0.855312733480973,0.5590117540917178,0.8354430379746836,1,5
0.97153856419044149,-0.22289407237824996,-0.080193832614595506,0.23579707198348809,0.94234207956534244,0.23746819981732759,0.022639768876736729,-0.24961898481307052,0.96807944058641326,-0.036446349529400755,-22.484041855648911,0.14640842519417416,,0.1570256459210876,0.125,0,3
0.55337482115934267,-0.82952292368900005,-0.075286296105738518,0.8326540167712857,0.54858903522110158,0.075745354905937284,-0.021531271711416739,-0.10460300908499949,0.99428095366895897,5.7007306025526781,-10.89843209527645,-0.36600870778536226,,0.06929863664159056,0.16,0,2
-0.78721934464489096,0.60652098892790463,0.11143605075013423,-0.61665644036508049,-0.77291069206439189,-0.14947874982355211,-0.0045318840604787556,-0.18639032185835444,0.982465322514949,-2.5717567756472213,18.994936954866802,-1.7447864555273449,,0.2242093863369699,0.275,0,4
0.20871281263400643,-0.96573342626972314,-0.15426571630710659,0.97618110522550749,0.19616644967953376,0.092677795727103052,-0.059240287331425424,-0.16993432085799934,0.98367317486623673,16.740870285243531,6.0274846332271839,-0.91086803392515936,0.9415712184304161,0.438553762353496,0.6222222222222222,1,5
0.18461582838716403,-0.96793140370499087,-0.17036957953404402,0.98267248407849184,0.17888743460594164,0.048518808467549468,-0.016485901368350684,-0.17637483794972211,0.98418500882419546,15.957922025173151,7.7171895455765434,-1.0226474633778109,0.9739074402397597,0.5117943259931179,0.3333333333333333,1,3
0.72525308835876778,0.68820252134734383,0.019627721142051757,-0.6836137900773499,0.71644743484236606,0.13919503986807927,0.081732146932231839,-0.11436941338904547,0.99007044872518801,10.251243595983171,18.9691824754407,-1.5234852824146612,0.2526396333706147,0.296327397821566,0.5600000000000001,1,5
-0.26281769435435209,0.96367922825507835,0.04742577952928799,-0.96396691937386514,-0.2643581612534831,0.029707590470100409,0.041165979729919908,-0.037909202159576771,0.9984328993500271,-4.7132514365970479,2.3022337894541263,-1.2755497450439328,,0.07101257322804777,0.3304347826086956,0,5
0.73062554846461336,0.67119633360801167,0.12522695269767448,-0.67955311170138066,0.69703330690443255,0.22880589468552145,0.066286320668397861,-0.25226979767113189,0.9653838992210364,-15.393624757297227,2.4863700041219672,-1.4120954690558654,,0.2414322794472784,0.3684210526315789,0,5
0.98843050988087311,-0.12225868680262184,-0.089766032762602491,0.14038880292402542,0.96147269235228083,0.23634983789801137,0.05741176839461902,-0.24621753666657356,0.96751269422558372,-6.9615570241364972,-27.614477019257535,0.22247060049556622,,0.231811328948111,0.3611111111111111,0,4
0.048045215495408536,0.99313180916628863,0.10668114589792435,-0.99733827107957218,0.04183381136310689,0.059718550441597712,0.054845513107358329,-0.10926638023166349,0.99249827598996865,0.99454126659889808,9.8597713725411094,-1.3226314282479892,0.5513150969595845,0.601191928599445,0.3095238095238095,1,2
-0.81360092101942716,-0.57791004107980004,-0.0638241782985388,0.57719341651454381,-0.81601803221972125,0.03102146070902621,-0.070009294015923026,-0.011599806524135338,0.99747889363133602,1.5995506339325352,-7.5751736158384118,-0.75449864763222707,,0.1044437889285706,0.4960629921259843,0,4
-0.85838590291090411,0.5127117113090508,0.017330400179340167,-0.51158529954619147,-0.8530114724955703,-0.10320808630709173,-0.038132964375524749,-0.097458344319422449,0.99450879742235121,6.9937973682170806,-6.9895060292849713,-0.59149805763070173,0.7390338244150293,0.7056271405041933,0.1111111111111111,1,5
0.96829464068295934,-0.23261818522163294,-0.091072875922819152,0.24780624589092831,0.94051117711602528,0.23244524133066963,0.031584067535767486,-0.24764390891766863,0.96833617150960216,-2.9874097298446691,1.9501913118310181,-1.2524741726258533,,0.1041330563416132,0.2222222222222222,0,5
0.4169636361221763,-0.90267044514886141,-0.10643022881930483,0.90817006726286997,0.40898643685355712,0.089203270105894322,-0.036992635476905497,-0.13385126792297303,0.99031075072215846,11.155763181909904,-4.0993682345399822,-0.61122382837086153,0.5349787704026165,0.4337511327030544,0.835820895522388,1,5
0.67905803118354446,0.73335339104274644,0.032756589126955199,-0.7290768557951236,0.66855065897768484,0.14658429221577285,0.085598648523350765,-0.12342131188172938,0.98865567875998572,5.6675656785073043,-24.468380125206458,0.60454611908532974,0.6109636276910797,0.3021015922921809,0.8076923076923077,1,2
-0.82698035138939241,-0.5350398558859859,-0.17273057352241153,0.55964139050039585,-0.81281276711221861,-0.16166916730830824,-0.053898167451787285,-0.23036440313746837,0.97161063668141112,-3.2971358460798585,15.739652031425338,-1.5979816436487955,,0.4580196776574283,0.1481481481481481,0,3
-0.043532606412571923,-0.97619354229770927,-0.21248783531105855,0.99721061678038658,-0.055365597681566805,0.050056332005498104,-0.060629184056936465,-0.20971604270921745,0.97588077318439714,-10.938578158685305,-10.572650825848509,-0.92872336455456328,0.3501535712983094,0.2493542762078551,0.2702702702702703,1,4
-0.62279609114917156,-0.77474210079202266,-0.10908577409395052,0.78110035552535284,-0.62368499869848693,-0.029987614053733777,-0.044802493764078834,-0.10388310574309842,0.99357990966690146,9.1542510252115097,8.8071684187675547,-1.2146432497418718,,0.301570529412983,0.825,0,3
-0.59050433068647734,0.80701560039335596,0.0055187101994292184,-0.80689309708917245,-0.59051507515128943,0.014679097005920946,0.015105141851619739,0.0042150611878081622,0.99987702641316067,-1.4247241424257906,-8.47404627977056,-0.78624982714683733,,0.07610657213512724,0.3235294117647059,0,5
0.99250848447016415,-0.10313341068065769,-0.065501204997409745,0.11626219753188749,0.96203889548570087,0.24690942670888263,0.037550095602997602,-0.2526750149382157,0.96682228312455532,1.5355986756332962,10.239331737902866,-1.3257723162004931,0.6524014641831286,0.3786475678849048,0.2447552447552448,1,6
-0.83786325541433582,-0.53097967208759456,-0.12667183213423533,0.54029237004470909,-0.83976751008019568,-0.053616078606898765,-0.077905841231349471,-0.11336276656583862,0.99049460526475197,5.1552542267821666,9.1693096931023703,-1.2048756725185255,,0.3983536916949885,0.4196428571428572,0,4
-0.75154375677906127,-0.64882790147240554,-0.1191819445945162,0.65578022948000614,-0.75442709203863667,-0.02814344366415852,-0.071653836391127892,-0.099308192356126701,0.99247348108722422,-9.3422759808956464,13.539819446677967,-1.5824571415767819,,0.1105317827303925,0.2857142857142857,0,1
-0.56457756214916155,-0.80451129188584414,-0.18442819075694494,0.82046825423095249,-0.57136880365543918,-0.019223267374863164,-0.089911179043114589,-0.16217050113236545,0.98265798141853744,4.2089485886665239,-4.8192605891031857,-0.83242934670091728,,0.1712569114032542,0.3272727272727273,0,5
-0.096684091912737025,0.99295989162660248,0.068431279338435569,-0.9939102182033257,-0.099970886022346481,0.046349758348069099,0.052864586653323997,-0.063533263482939417,0.9965785768865294,5.7565838345277882,-15.899006023751411,-0.030076474080090274,0.4305144608465051,0.3066547097010084,0.873015873015873,1,5
-0.96763321402217572,-0.24511981282187528,-0.060018667789968914,0.24549278149885023,-0.96939768448455788,0.0011931252804286659,-0.058474416226855515,-0.013579642047782628,0.99819654175356765,6.184668415986228,-7.7512199892786011,-0.56380659651171394,,0.07135940558130882,0.4,0,2
0.42387835809108132,0.90570070419308235,0.0057768474243793154,-0.90361831741799969,0.42245240566364872,0.070766527226223258,0.061652850450508404,-0.035216464518057468,0.99747617849158499,-8.5078722361934567,-6.8988678845436793,-0.94303399445608493,,0.08656171668743706,0.2027027027027027,0,2
-0.93162380479812956,-0.35537413093322051,-0.076067821034353153,0.35797320934017424,-0.93343992613234428,-0.023347070410192343,-0.062707796390496215,-0.048980928589614649,0.9968292737005402,-3.1630769190922225,8.6746919753255778,-1.3903523672902758,0.1634421610398151,0.1106948045430578,0.4107142857142857,1,5
-0.7472708882128174,-0.64022906536973778,-0.1780251765493267,0.66063739866704974,-0.74466536973785313,-0.095035333406159939,-0.071724801234023722,-0.18862722753881184,0.97942601656223172,-14.891016529416301,-6.7354803925823683,-1.0419126734927793,,0.5038750048031191,0.1666666666666667,0,1
0.99980654970176375,0.012209642537130022,-0.015420369728659915,-0.0084233214696868841,0.97426088506925745,0.22526601048423556,0.017773880523717322,-0.22509254197591913,0.97417525975460184,0.6085176378819972,-11.177326112050052,-0.55964082274768423,0.3698257739639985,0.2968712911277071,0.1836734693877551,1,3
-0.86017978535518136,-0.50454836441468587,-0.074308040162423761,0.50611473878149815,-0.86246213098714053,-0.0026351093444058559,-0.06275833055818815,-0.039875062126428634,0.99723185436786121,4.3047974035961563,10.51612960706249,-1.2922561806626318,,0.08379541028861882,0.391304347826087,0,5
-0.66082232865955937,-0.7442411767791911,-0.097051124317463405,0.74683105134471339,-0.66487752872312034,0.013463006587958458,-0.074546835562003533,-0.063584137843983951,0.99518833731225465,-13.062310860575426,-15.534322605176145,-0.86994497246930913,,0.1541674912566052,0.2727272727272727,0,3
0.98190191694676332,-0.15578895197002224,-0.10769599779171989,0.16794870021790331,0.97906944077141478,0.11496201217213678,0.087532048938596563,-0.13096882297566775,0.98751471270912194,10.902836307376052,4.6593549897170536,-1.0651081140975467,,0.2738414049070569,0.5625,0,7
0.78861287781480605,0.61411472782181908,0.03086794481309495,-0.61077994464291507,0.77655931645198573,0.15460752651026705,0.070975968937722678,-0.14077900803727325,0.98749363680450786,-8.1448001554512857,1.6741989460800129,-1.2614675286160177,,0.07164294732999106,0.2285714285714286,0,3
-0.94904011850708603,0.31469707857323193,0.016988296016084981,-0.31396594187887061,-0.93940533536033399,-0.13763358324425309,-0.027353990644341238,-0.135953538512288,0.99033751547733351,-8.3413258721124173,-1.3513368716006069,-1.2016547487543954,,0.07380769941768708,0.1176470588235294,0,4
-0.74916103834949233,0.66233882271449518,-0.0080636557644778051,-0.66238505819348981,-0.74906660349111243,0.012052311657797863,0.0019424986791951072,0.014370367408873434,0.99989485409187717,-0.39768639222113589,-0.69726288326074637,-1.1726286028856387,,0.07751248166923209,0.3286852589641434,0,2
-0.47699670425907059,-0.83776394735822701,-0.26575498609197762,0.8763936809647791,-0.47621137164979316,-0.071811179327651867,-0.066394729391649226,-0.26715968636413889,0.96136228441250238,-11.80779144322125,-4.2865368178825518,-1.1180024995420896,,0.5157696951220134,0.3157894736842105,0,2
0.79343660775140523,0.60728830748963802,0.040734028358532223,-0.60479489087733251,0.7791164070309381,0.16492654202364376,0.06842141074706129,-0.15549448826750217,0.98546434469736621,7.7500780547417119,-4.8957294252656984,-0.68190120743257265,,0.2910811230505562,0.532258064516129,0,5
0.037825375636129373,-0.97833850327393757,-0.20352644538166886,0.99781293722237041,0.025929281213559002,0.060803081232891826,-0.054208701051133665,-0.20538121965617953,0.97717960035138318,-3.711309469250764,3.6419443433304499,-1.3293401102996898,,0.07618104597316203,0.1714285714285714,0,5
-0.50633341378119334,-0.85853995578269249,-0.080843171717431078,0.86005310545054436,-0.50958762451062245,0.025082040397346995,-0.062730613687068074,-0.05682954575106177,0.99641119666339062,-3.0736633999855583,-9.1861707272152877,-0.7493539568290688,0.4180565901144655,0.4278394443003598,0.8078602620087336,1,5
0.67909620460827025,-0.72154503866831321,-0.13491146007581112,0.73356948435372182,0.67373580437398506,0.089195725960139013,0.026535947536488583,-0.15953940916803008,0.98683484961297296,10.779917309871328,12.537539408895901,-1.2974643267491903,0.3944500343704483,0.4014564265600505,0.9333333333333333,1,4
0.96105235791605492,-0.27054129235956592,-0.056442665355279927,0.27453436487196425,0.95803616437274397,0.082447500012486019,0.031768661418753431,-0.09473181557627619,0.99499579660885218,0.26194326159670017,2.4289422998092074,-1.2385532540553905,,0.07018340910837657,0.3783783783783784,0,5
-0.89702287358052557,-0.43862943264514931,-0.054352415684399122,0.43716945739067681,-0.89861880281544515,0.036974487843320164,-0.065060201337502691,0.0094057452617619802,0.99783701182006335,-11.619257966480539,-1.5638373938702146,-1.2024345544658988,,0.07872138345200037,0.3333333333333333,0,5
0.95321835175733904,-0.26667637247573395,-0.14233230917892678,0.29214087997175392,0.93366685119761639,0.20717122682471401,0.077643287683811985,-0.23906050141734306,0.96789544711179265,-9.5483301356069123,-10.949238181065233,-0.95732514898322885,,0.1970798699428419,0.1818181818181818,0,2
-0.99236081204392723,-0.11411802538532653,-0.046873179982509901,0.1123597323068647,-0.99291827110304143,0.038582346554844736,-0.050944178032906608,0.033020950802519607,0.99815545258874905,2.3952634273026816,1.5616908139135133,-1.1869369758584287,,0.1005617580094198,0.1746987951807229,0,4
0.95912457516061178,-0.27724988903030451,-0.056679346817519898,0.28142949525467403,0.95549289874314203,0.088491579554937444,0.029622432777817183,-0.10082568861214003,0.99446301690521022,-7.0394017304450918,0.47275027885586568,-1.2121203816346753,0.09206030929281107,0.09739158356693069,0.5185185185185185,1,5
0.23329735347004027,0.95898211352407026,0.16101444284530156,-0.97070327640924547,0.21988102875679089,0.09688902084969031,0.057510816654187294,-0.17890119936367968,0.98218474170290682,-12.452390490694098,8.673412226915703,-1.5914837790962852,0.6926301766677049,0.4550397365339875,0.3684210526315789,1,4
0.4549781860039861,0.8902468510960897,-0.021339971275016606,-0.88756848313897252,0.455292586246554,0.070220001760943743,0.072229066163871536,-0.013007883087595158,0.99730324223812383,-6.1123659716207275,-13.349973306713352,-0.7465937181708755,0.5654687160268467,0.5751628792166976,0.902834008097166,1,5
0.16249710436576234,0.97025962815814393,0.17941835201328718,-0.98513863053167672,0.14927896610893332,0.084956865005845816,0.055646830160541394,-0.19055719415406291,0.98009764107930386,3.5624245426633161,-0.21754489230150378,-1.1050672005533853,0.789785284172154,0.2290578130874413,0.103448275862069,1,2
-0.99881392470666397,-0.021387895756329676,-0.043741304589447146,0.020105827013229296,-0.99936127577758149,0.029543124349301678,-0.044345231222584859,0.028628628876014625,0.99860597939151874,-7.6486900338527173,15.826572056714955,-1.6860901507839805,,0.09104325024663015,0.2592592592592592,0,2
0.57410908712933129,-0.78228919545300979,-0.24170720045751698,0.81858331829101849,0.54194176180749798,0.19031678282445841,-0.017891536859445951,-0.30712007665808733,0.95150257562569918,-5.4576530236027088,-12.207738176247256,-0.78138551271500511,,0.1221722965447526,0.5714285714285714,0,5
-0.015231042629045684,-0.98987348359465577,-0.14113292251141935,0.99784034502118513,-0.024067615507088296,0.061117883895028119,-0.063895705555501656,-0.13989723499764056,0.98810227327518119,14.192939960709834,-3.4490458179186194,-0.53918641054242455,,0.1050613428826658,0.1363636363636364,0,5
0.83337410954793234,0.55157230547760339,0.035434240013172434,-0.55064356835243089,0.82301373365578556,0.13942759714656122,0.047741535032835042,-0.13570698598113307,0.98959807992367466,6.2138880799797311,10.62060987095669,-1.2762778746921724,,0.3783331507894072,0.3835616438356164,0,5
-0.85375351115479825,0.50913896302118666,0.10900669027432874,-0.51859384500840944,-0.85020363805977472,-0.090632211433442508,0.046533494498549509,-0.13390776737603069,0.98990067366686807,-17.502483883003368,-16.327344353741292,-0.83882318773776099,,0.4420882874785984,0.3714285714285714,0,2
0.52402294714942232,0.85167955605015955,0.0064718364502220106,-0.84935801267823063,0.52200074909181693,0.078142077313507377,0.063173706240189531,-0.046445147795941208,0.99692122611874046,-6.4999828462064482,13.589127707700751,-1.5293281785619541,,0.0937628511185038,0.3055555555555556,0,5
-0.84252473584939802,0.53794363021836189,0.027725803674430099,-0.53850312644274223,-0.84239936528041282,-0.01943430437524981,0.012901639170838756,-0.031304314121992451,0.99942662943512628,21.924935224116226,-7.6182059258126209,0.017300815541587404,0.869206709145117,0.8236302778926119,0.8933333333333333,1,5
-0.12437940564247985,0.98292460788977931,0.1356059683669836,-0.99100411567925129,-0.12986408223925691,0.032344440804265483,0.049402491423090819,-0.13036309043927807,0.99023474918441035,-25.824709405670994,-37.184424525210922,0.35901858822607885,,0.1638843160985224,0.5,0,1
0.72405769229157357,-0.68379062321116624,-0.090392709008449326,0.68971731618938459,0.71883894392521419,0.086951690294066838,0.0055210489867286395,-0.12530345687556929,0.99210310034447458,11.154473945962058,-1.101994501460408,-0.7779910609748576,0.124277884569988,0.2168380983882623,0.2702702702702703,1,5
0.07035975760578228,0.98486584444563452,0.15839435897166404,-0.99577408700393244,0.05995028636563713,0.069569611298066256,0.059020946799771733,-0.16261989917924222,0.98492197469129139,-11.733229811958481,-0.56089722064670977,-1.2436953506990724,0.4947728817197331,0.5807580188437109,0.2941176470588235,1,5
0.96853210877063056,0.24880874248044535,-0.0063058659687201569,-0.24185990261757817,0.94685680847504272,0.21205181383395949,0.058731097266538711,-0.20385385429212774,0.97723807964288445,-13.260929582119392,-11.447321419605517,-0.98021515349957689,,0.1041501813569872,0.25,0,1
-0.88935242580446439,-0.44697746921796078,-0.096246582937903932,0.45717067762144065,-0.87249086866223158,-0.17249537855890068,-0.0068727169932117707,-0.19741029890188733,0.98029686302089114,1.0993001724880804,-5.1376405201350144,-0.91444767435068808,0.7778001613673673,0.6663451972126772,0.2473404255319149,1,4
-0.16744714410711437,0.9855317649856179,0.026241077239802197,-0.98364874973446825,-0.16879896211740075,0.062785727151214929,0.066306795098163382,-0.015298712116457575,0.99768199258650991,-11.791085858676732,4.3249109876785834,-1.4649801556671807,0.2070839691613606,0.1832449773669834,0.5,1,7
-0.19174639099266658,-0.97874277237522977,-0.072772983067461355,0.97945828858718875,-0.19554655070324642,0.049224053326780447,-0.06240819224382705,-0.061839566875199467,0.99613306616613484,6.9730284108605529,-3.9227835727176044,-0.76402615968059395,,0.1264921499107022,0.4962406015037594,0,5
0.36489508603101989,0.92334783193826353,0.119500449561179,-0.93080955713611058,0.35887552733184314,0.069295917818942565,0.021098448627632209,-0.13651790042774867,0.99041290294922313,-7.428906784725454,7.8912865074065595,-1.4456495381941048,0.6956256371199498,0.7072074500383008,0.8464566929133859,1,4
-0.57085690082944218,0.79971605614130115,0.18594791831372498,-0.82082833591935001,-0.56113152533466226,-0.1066407718814245,0.019058901523308708,-0.21350794089541164,0.97675540308069264,3.3775389753254341,-4.5118979780230379,-0.86645689691296002,,0.6048344047040036,0.2231759656652361,0,1
0.2250317532072624,-0.93901762055228599,-0.26001272726693681,0.97397241206531837,0.20934426641648399,0.08690637867390083,-0.027174447264536033,-0.27280191790174213,0.96168636415673459,-3.6755672919552191,-12.547961765264491,-0.66935426132920095,0.6032870041645815,0.6991740173405313,0.5,1,5
0.48654170167264921,-0.86220224969078529,-0.14101224472233012,0.87333479456743035,0.47559949019018788,0.10531600794132119,-0.023738347274945542,-0.17439152949320913,0.98439020988105719,5.3939219542375394,-0.21433197144971777,-1.0383584756377418,0.1898806052102947,0.08640120709294496,0.175,1,5
-0.99788361650522328,0.053339864927460352,-0.037190680552748656,-0.047916836781387723,-0.98982827616202851,-0.13395506882149952,-0.043957532498107327,-0.1318895087549693,0.99028929753736639,-19.975873708860274,-33.106451391342524,0.093252647099257346,,0.4372501945596713,0.3181818181818182,0,1
0.67862138083461665,-0.73150178158968338,-0.066167703641861877,0.7344140804735082,0.67451336925079541,0.075283949844513379,-0.010439342717309508,-0.099683791225349289,0.99496440232330485,4.8562834230175644,-9.4419204345946177,-0.49045363294683364,0.1353914496127047,0.1503195952136776,0.5666666666666667,1,5
0.79517049845171173,-0.59269759994550308,-0.12811492267060903,0.60635292534827545,0.77938217299223456,0.15779593893218752,0.0063252125374966325,-0.20315753355645533,0.97912563455647139,3.6471860941307823,-21.269930464302924,0.26622451334650749,,0.4127139567766145,0.673469387755102,0,3
-0.59278487729851437,0.80308855830149706,0.060455411431974554,-0.8032046829251418,-0.58404053755230179,-0.11729828567691097,-0.058892500144831536,-0.11809071945264181,0.99125488922166205,-3.5558905546847597,13.293890687688101,-1.4896948465219451,,0.209943270205573,0.1162790697674419,0,5
0.55048788540164528,-0.79655863468349208,-0.24991484457149746,0.83461993738265683,0.53202499425577821,0.14268484716503257,0.019304096699783568,-0.28713019172199539,0.95769703186983679,-4.5379811803099601,-23.700648658044351,0.044773295036551058,,0.4814192158823317,0.6666666666666666,0,4
0.98631858563117081,0.15531895761983699,-0.055241913819263674,-0.13006287654950349,0.93908348970153943,0.3181286650298088,0.101288181848606,-0.30659129272350016,0.94643672976271243,14.641658731239398,-0.088656786270400953,-0.69997978815547313,,0.7139495203014874,0.2916666666666667,0,2
-0.15675101919161169,0.97463348115793558,0.15974572103301235,-0.98631373567919067,-0.16285320832892455,0.025769116157474011,0.051130546573965457,-0.15352006364948509,0.98682179610307919,-0.57795612752514947,8.0771589204258714,-1.2829456134573478,,0.1641593766391356,0.5151515151515151,0,3
0.3989195681232855,-0.91330440247693467,-0.08208682345285323,0.91647213358806279,0.39409913806368557,0.069026789973191227,-0.0306921248022109,-0.10276642347434524,0.99423189230753195,9.2583294645063461,-0.73461228832248016,-0.85531144768384226,0.1331391004530456,0.09968586088026823,0.3529411764705883,1,5
0.88159599563094149,-0.46392205642462292,-0.086976008474973096,0.47198927631211968,0.86796382546058226,0.15448275223530217,0.0038240729400927775,-0.17724311906130857,0.98415966855565062,17.874274502992858,1.2807941540345609,-0.65170410687349134,,0.3185332145166516,0.3333333333333333,0,5
0.99841323638032409,-0.026842512696872486,-0.049502413402651754,0.033895810656269364,0.98845775477145614,0.14765615819236261,0.044967582106703645,-0.1490997872040464,0.98779915469450896,-3.8002300498248696,1.465864988202628,-1.2439777767283284,,0.07244949651215507,0.2345132743362832,0,5
-0.010098411744666514,0.99992604901455284,0.0067763251384712975,-0.99854630216898832,-0.010442831890074056,0.052879388108750952,0.052946241650143964,-0.0062324765753870815,0.9985779147021342,-3.183419382553895,-4.9890216443876287,-0.95841741029763805,,0.06615593599556688,0.1388888888888889,0,5
0.25000986833940886,0.94802617207553386,0.19682846032198584,-0.96614305101399867,0.23087651936395029,0.115167867844078,0.063739083067416671,-0.21895755265849937,0.97365030653901963,7.9912546093069734,-12.457916569435822,-0.17308991896623399,,0.2688809624860101,0.1754385964912281,0,2
0.95600984339530726,0.29237393588328148,-0.02372047527770791,-0.2850767760996154,0.9451063140385344,0.15970374727333808,0.069111584122571387,-0.145916197800708,0.98687995833305631,-9.3846314119831451,1.9663395746772301,-1.2769678937958877,,0.2084457654386722,0.3214285714285715,0,5
0.5358478739123389,-0.8091770081463644,-0.24103863904138856,0.84427306995020068,0.5163522115941348,0.14346908007898276,0.0083689533688388867,-0.28038003329257338,0.95985259157350089,8.2528853555156605,16.571750184197587,-1.4422696768700889,,0.397360616684145,0.2222222222222222,0,3
0.29167539656817038,-0.95424734472522721,-0.065859457344063746,0.95570824318235248,0.28790560229412449,0.061091063838823602,-0.039334678721229872,-0.080761186547198521,0.9959570341121079,-10.609599324306513,1.0879382140122074,-1.2538958692066093,,0.08373234049191966,0.4242424242424243,0,5
0.43946091223898581,-0.89114957520376847,-0.11281197289393953,0.89777913470059845,0.43163102526515817,0.087677153950127928,-0.029440310975335553,-0.1398109174660295,0.98974045862891968,-3.4166919398134432,0.32979942487541913,-1.2156877259765957,,0.0674251851551346,0.1569506726457399,0,5
0.7055502633556141,-0.70302639358974273,-0.089178000622488054,0.70824524765462804,0.69522784728365461,0.1226658450261135,-0.024238297247514057,-0.14970681439913189,0.98843329297884608,5.357801601030987,11.600409099141251,-1.3255140065823992,,0.2125192235273776,0.1290322580645161,0,5
0.56917216362498646,-0.79994979028158253,-0.19006151946910341,0.82156126602471014,0.54407469733765623,0.17035201755427887,-0.0328653970359023,-0.25310680896686727,0.96687993511722148,0.5917357433903857,-21.825913546150232,0.14901489414512964,0.822286145850424,0.6055976594609793,0.7352941176470589,1,2
0.1618675698974599,-0.95354159183382448,-0.25408133040132469,0.98527517537040754,0.14180005646198166,0.095527863925616796,-0.055061044435274389,-0.26580289056064638,0.96245368966787248,12.762830296207243,-3.6862417279113981,-0.57325000442066132,,0.1983019306201927,0.2903225806451613,0,2
