axis_00,axis_01,axis_02,axis_10,axis_11,axis_12,axis_20,axis_21,axis_22,location_x,location_y,location_z,dbh,dbh_approximation,score,reconstructed,number_clusters
0.32765828293796023,-0.94340403809609874,0.051272512383552356,0.9413645446187866,0.32136584126268991,-0.10274624180079683,0.080453985338277967,0.08193178243818143,0.99338529245690466,-23.166804635584857,1.961383617140581,1.583235009963704,0.3849640546508456,0.3098423277311078,0.5833333333333334,1,3
-0.91204719410518564,-0.39717496865861451,0.10208800123367692,0.38217934609709142,-0.91348708878886742,-0.13957179526265548,0.14869049445629753,-0.088280138689682652,0.98493540598928264,3.3003453697061969,-10.711865460755618,-2.6771914811581095,,0.9161106365961508,0.78,0,1
-0.067739161857611835,0.96514501332005753,0.25279736789423812,-0.98893647817798558,-0.031437418424215199,-0.144970103303212,-0.13196987565255724,-0.25982069199016333,0.95659665477880562,-4.4198302901051694,14.794159440830985,1.3372055794799549,,0.07966560475162654,0.2916666666666667,0,5
-0.90707862793060401,-0.4085421649166478,0.10149710457323702,0.3933605034549611,-0.90846663475309652,-0.14126531018634136,0.14991956867998149,-0.088213791583868412,0.98475502024676465,0.59249503282987781,5.808121830230399,-0.42766567657633109,0.4532301879678584,0.3644188774673153,0.9632183908045977,1,5
-0.47599504307305224,-0.87944778162033166,-0.00056424547890601305,0.86473023836246521,-0.46791219540199197,-0.18248230669213467,0.16021964246457826,-0.087348593561461976,0.98320897543266828,-6.2562873992860082,1.4971327668827736,-0.52781971007736239,,0.0799888257839821,0.24609375,0,3
0.9453307914018132,0.30377865003159416,0.11860955531745292,-0.29658745218944438,0.9520862675117221,-0.074616502326040224,-0.1355934291601027,0.035359171378584547,0.99013340059207366,-2.3082694685145979,-6.529354630387826,-1.7568071081499648,,0.07743906990931634,0.3623188405797101,0,5
0.71909491603875664,0.68101635725570742,0.13827227805088227,-0.67640766123610618,0.73156268929631674,-0.085373927229817861,-0.15929588051269594,-0.032136471176961022,0.98670769211148723,-7.167597361950607,-18.862889982263383,-2.9349946340804243,0.191251142307705,0.1158248848231974,0.3043478260869565,1,5
-0.69053228141157597,0.70827671015107563,0.14666039065164788,-0.7231605178086149,-0.6720519653774758,-0.15932677526093664,-0.014284040440327671,-0.21607928565654336,0.97627132934387539,-3.1110487555747599,18.023554476730325,1.7400546741206353,0.218664570986712,0.2106180416138127,0.6521739130434783,1,5
-0.93229387229437533,-0.35334581975200174,0.077297266097483219,0.33623517784868212,-0.92540133623806664,-0.17486644065076135,0.1333193191530184,-0.13703685107512867,0.98155328973417888,4.7592076758321973,14.382822638445214,0.56607813912989957,,0.1172740857129271,0.2105263157894737,0,5
-0.61630104855590562,0.73783072544892236,0.27527956359382694,-0.78719648968135858,-0.56731884396946208,-0.24180780779474406,-0.022241946457941711,-0.36572551163498257,0.93045695545634566,-20.843403226825192,-7.3005149547291932,-0.12957624302097795,,0.1194048707807695,0.3648648648648649,0,4
-0.7329755253354272,0.66230658479877791,0.15523165589348528,-0.68024807714528468,-0.71259851898668614,-0.17165635519293829,-0.003071286277292425,-0.23141594255833053,0.97285005459754281,-22.629410881370593,-13.777694799985603,-1.0383158269880244,,0.1719798843057045,0.1666666666666667,0,1
0.96827099404890082,0.21007050013051215,0.13535755264657953,-0.20745022915078645,0.97767720120824153,-0.033342055469148368,-0.13934017550168828,0.004204189878923366,0.99023564886274529,-14.544604493914141,22.949117751627071,3.6774428932167216,0.2579132046026908,0.1697704020753164,0.3,1,4
0.93000948206519329,0.31023318154838808,0.19707292136464599,-0.33764949524292176,0.93297316353677262,0.12471525360751626,-0.14517293697873354,-0.18252794083797602,0.9724239657589776,-6.130265491559407,16.237670017808103,1.7305997306953649,,0.1166251409317499,0.1333333333333333,0,2
0.076695089057872798,-0.99689517657040072,-0.01782891598148453,0.99055381532960152,0.078221470462325485,-0.11262566534623292,0.11367058656651272,-0.0090226653147188335,0.99347752327883265,-16.475387913334444,0.27013975015880204,0.42725305647224565,,0.1418506150788146,0.1296296296296296,0,4
-0.51290332972128916,-0.8544775132183513,0.082452130142268973,0.84309964194510711,-0.51948535816090702,-0.13898905139782547,0.16159569336107776,-0.0017725858561897609,0.98685545538672259,-12.125647038887035,4.1318093259262723,0.46824037010502351,,0.07992166631362493,0.26,0,1
0.95156301704035229,-0.29916388655458331,0.070913987214220153,0.29974222891194435,0.95401671039987712,0.0025908463282550724,-0.068428216460475713,0.018790563039821115,0.99747906942084996,5.2329143612383158,-26.098154638450055,-4.7274739582725047,,0.6329401159800021,0.2307692307692308,0,1
0.8310756326047305,0.53459492716013968,0.15336739140146929,-0.53413978640306181,0.84404991476778946,-0.047690984072239144,-0.1549450917968625,-0.04228481092699729,0.98701773707108698,-2.9997203287999818,26.342758929660985,3.061080739499852,0.4294042951986402,0.4371330446413978,0.7368421052631579,1,5
0.53366028329631665,-0.84521906209220099,0.028485770273522157,0.84393092683288118,0.53006554498227265,-0.082529441762570765,0.054656132017278633,0.068082707779782467,0.99618143534914538,-11.686802148374552,26.94785796906217,3.9886412961232889,,0.3442715690700338,0.3870967741935484,0,5
0.068308636888617824,0.98728623631516987,0.14352636590203663,-0.98900344006238217,0.085926162574049017,-0.12036980572416224,-0.13117212230955722,-0.1337257722652011,0.98229898308044794,-4.766336128264907,6.5625872368233926,0.12211471780239502,,0.1104174516173679,0.5761589403973509,0,5
0.2821811405727751,0.94394233959892104,0.17130867875727385,-0.94844128675007044,0.30135086823526358,-0.098218021776675921,-0.1443361683463936,-0.13476095030225921,0.98030941889829526,-6.8351850083983319,14.501882133496848,1.5655209667985686,,0.09496697555610176,0.2666666666666667,0,4
0.76133713979035944,0.63187274174301333,0.14526733224644967,-0.63618559250828532,0.77126189381090782,-0.020566551487607467,-0.12503460105392858,-0.076758904352379365,0.9891786588589071,-13.821255262675265,-9.682209109151426,-1.2771873041515671,,0.2602281840992048,0.628099173553719,0,7
-0.59354528180211419,-0.7899836246706553,-0.15372010669610436,0.78797499745980748,-0.5315848628863642,-0.31066531336520647,0.16370522847076491,-0.30552153165087764,0.93800703188677437,-21.162632048299017,-11.543547545289202,-0.67565262072532106,,0.0866925895401375,0.75,0,1
-0.14977034204003536,-0.98361897960667066,-0.10031225051179704,0.97892923220115791,-0.13327877838119739,-0.15470722534925774,0.13880346893093531,-0.1213691484305069,0.98285458070967513,17.832882184655716,9.0173952107085871,-1.1648775132502693,,0.110998714891057,0.625,0,3
0.52492431403867823,0.83756372284590208,0.1514644337906958,-0.83626602638932779,0.54064634886054952,-0.091436636917385808,-0.15847270313220485,-0.078667246273592131,0.98422450016533447,-5.6507631661180175,11.403548557394524,0.93860370002568927,,0.1036907657529471,0.5636363636363636,0,3
-0.91718367472723306,0.36958934856491388,0.14892219526052075,-0.39602872574071446,-0.88678076734692823,-0.23828789111446796,0.043992672140210284,-0.27753123083890424,0.95970884163219405,12.321228603045427,8.206771091831941,-0.8135356234129375,,0.7448711949565441,0.6,0,3
0.82807239500718677,0.53428285213844884,0.16981737996408744,-0.540962738024103,0.84100732899096609,-0.0081233400118386895,-0.14715782241025668,-0.085138161210391153,0.98544206770828779,-10.811929213462948,14.397529410340432,1.9390592532923578,0.5419981973671741,0.534360441149599,0.7028985507246377,1,5
-0.84486008808647983,-0.53096141703103572,-0.065508817596580407,0.51168267308090565,-0.76622927900585547,-0.38868179023842603,0.15618026004360042,-0.36190145843663474,0.91904029332459181,16.06804791890583,4.6314414286356387,-1.6313802122154295,,0.3526125265644283,0.103448275862069,0,2
-0.51690446605148088,0.81128665400120314,0.27317345774354634,-0.85498242208003361,-0.47339166816844302,-0.21190891072075738,-0.042600832271123802,-0.34309516689721914,0.9383340959069838,0.33123155063646881,-28.794560725706972,-4.6982084922013403,,0.3377168727013076,0.3846153846153846,0,5
-0.84182958324192758,-0.53569321258550495,0.065997990640193127,0.50659402061421044,-0.82638987368876449,-0.24585010665565443,0.18624030459771801,-0.17352970539503865,0.96705842134219566,6.1014694487269443,-1.4219914961038629,-1.7765471079013597,0.6931917653800364,0.5383953835969262,0.7371794871794872,1,3
0.91027993284428588,-0.40300402173102401,0.094753376349456436,0.40904654632342663,0.9108047872164825,-0.055817224262893594,-0.063807262924201344,0.089567840501810284,0.99393472378520098,19.601743162244791,3.3524523038059932,-2.0771384703083715,,0.2281034365823057,0.3333333333333333,0,3
-0.33998986050695257,0.89703223089240125,0.28238284560621912,-0.93821152262899732,-0.30292747632345945,-0.16731432363811366,-0.064544818216821231,-0.32182001309505714,0.94459824561178174,-1.2785554754337216,17.599973143936513,1.5003148731901697,,0.4476720661058566,0.28,0,5
-0.036103096851095182,-0.99768486836081471,0.057632194489051145,0.9931198055985796,-0.042246896230826669,-0.10921653485942996,0.11139846554418854,0.053292618651415005,0.99234584630141642,6.9041101765549113,10.111116062659713,-0.20976671863647367,0.4823455114406426,0.3969222182162892,0.8796296296296297,1,5
0.88630008886197287,-0.45773623161090499,0.070354067074378454,0.46163923371265808,0.88533183796565096,-0.055468500804975548,-0.036896752979742216,0.081639934805275302,0.99597868986466853,13.618509005076948,-4.4221970882155617,-2.6787120883113249,,0.1437149839750335,0.3846153846153846,0,5
0.94289131778181068,-0.3260041629377205,0.068390413063218788,0.32687533237334754,0.94506603660205757,-0.0016442466643119171,-0.06409742535777159,0.023905484905261665,0.99765727975790874,-13.730429754850775,19.175647764477844,2.9164289617891841,,0.0842066956127813,0.3846153846153846,0,1
0.41261154400150624,-0.89993767018772519,-0.14093936119403375,0.90844248343520706,0.41791387020689535,-0.0089583133886002014,0.066962437580834464,-0.12433899977795988,0.98997769928794321,-26.936784118143986,-7.7491842110017499,0.60102187906385751,,0.7670872644302562,0.2068965517241379,0,1
0.44812387400253528,-0.8905276516516033,0.078393208843879791,0.89186168426392853,0.43932304040154552,-0.10760112598969604,0.061381835186545733,0.11813453269989406,0.99109863408891297,9.6307963470974904,-1.1965197712548257,-1.9670101436609679,,0.1062593579013558,0.3773584905660378,0,5
-0.30349683443905706,-0.94939424667485617,-0.080871724763064673,0.94325151161934551,-0.2873550372667818,-0.16644419000140984,0.13478225889667581,-0.12679766140622531,0.98272890246935396,-8.6991882180024529,-17.5487380490009,-2.6473588684525562,,0.4856116168575957,0.5098039215686274,0,3
0.5708197585880892,0.80068679779941831,0.18183909105346513,-0.80316845859015873,0.59050541243121901,-0.07889096916216784,-0.17054392493239315,-0.10101489850091798,0.98015853817099663,-6.8340659798416983,-23.174008775006762,-3.4635072947827363,,0.1768684825374884,0.6097560975609756,0,5
-0.98016805790287476,0.16656702422881001,0.10735923205046644,-0.18549893490709235,-0.96179394662019535,-0.20135180504053971,0.06971888851122926,-0.21727363089962898,0.97361771034654598,-4.526255503403231,-2.3286798763176302,-1.1499111253242886,0.4226702395824059,0.4440840617043513,0.8891013384321224,1,6
-0.12678099496413309,0.97666853378872709,0.17333538133596241,-0.98573926863610262,-0.10455725469983887,-0.13185550712198432,-0.11065565319795954,-0.18758026441129699,0.97599639897835766,-7.4993451350942664,21.568684007265535,2.6903362384647846,0.2519685732756676,0.2393401039152904,0.5600000000000001,1,5
0.98220035230806535,-0.18030962098385706,0.05263941970206748,0.16569777429354338,0.9637094269329145,0.20930453419551234,-0.088468726226156175,-0.19685675254177129,0.97643264153684972,8.9594625969836912,4.277866104273091,-1.189236757672173,,0.4858478255003011,0.1935483870967742,0,1
-0.98648466642225496,-0.070586495149159559,0.14787004299833545,0.023473718674420416,-0.95402445177099393,-0.29880818254299657,0.1621634590324407,-0.29129863049045085,0.94278742059332843,14.637268510936972,8.7551276868764631,-0.9085705053749511,,0.6571429565689063,0.2790697674418605,0,2
-0.31066021856533216,0.90713547898482494,0.28389338028195316,-0.94811408053141089,-0.27448815070209232,-0.16042426693684664,-0.067601175278386647,-0.31900074904476194,0.94534046946582317,-13.162865648090378,-4.2611050012608329,-0.62132724427184949,0.2473790204910812,0.1246538415028782,0.2307692307692308,1,3
-0.20835241733295742,-0.97586455518339343,0.065403670602130787,0.96486267348050581,-0.21602799160222391,-0.14957248466332981,0.1600915098172469,0.031941771726508764,0.98658523793102004,-14.449255954555079,18.344980952194092,2.8715661104736019,0.3468978648086766,0.3830537591354741,0.8505747126436781,1,6
0.99233745199522705,-0.091022472407394778,0.083554119494288717,0.080310324514438772,0.98906908817799222,0.1236632143652316,-0.093896928299100207,-0.1160053805976289,0.98880034310693532,-36.618392985784567,-3.3917004717942123,2.5960598752937245,,0.3870838826580102,0.25,1,2
0.31411940586739906,0.90170357442661409,0.29708527853762973,-0.93726328217570176,0.34437722953160754,-0.054238949707445694,-0.1512168599817639,-0.2614096165912867,0.95330922245137928,-19.615686970256409,14.533099995985912,3.0753798481370547,,0.3001336695582413,0.4090909090909091,0,1
0.078600049943303343,-0.99591125891614674,-0.044528603312546003,0.99037683392290132,0.083111150164375924,-0.11066283724541309,0.11391118899283097,-0.035401992633330985,0.99285998002730935,2.235071629584116,4.4614194611902729,-0.72700950514120533,,0.07954561499935259,0.1363636363636364,0,4
-0.10816362199385418,0.94706689459040105,0.30226631973818285,-0.98817957595894701,-0.069199947955653582,-0.1367936141072793,-0.10863588971774946,-0.31348949643302187,0.94335707931376866,7.3056987331921563,13.541923657482082,0.24663205730532858,0.9531793280085963,0.4674677014706972,0.4210526315789473,1,5
0.73729549777205916,-0.67472916186442533,0.033703220836913669,0.67556739568608815,0.73622566754401308,-0.039755003902521256,0.0020106842040251193,0.052079982518266482,0.99864089269863621,-39.576723609907233,1.9547595867024861,3.8764947767919309,,0.1553783464393113,0.3636363636363636,0,1
0.40636103055335532,-0.91338001074838315,-0.024650939391822588,0.91306388318507581,0.40694115994179347,-0.026706507974998631,0.03442467241101916,-0.01165539834205565,0.99933932856606955,-2.5099718702225089,-28.947830336756798,-4.5061693487659591,,0.3469510631133171,0.3076923076923077,0,5
-0.50889109031529367,0.8492651304868053,0.14063639762501909,-0.85936894688678833,-0.49168375060219016,-0.14047100241849592,-0.05014849274310592,-0.19234299449939482,0.98004556074837745,-0.5078804033440335,-3.4162103912115138,-1.5823859814192254,,0.08418352158919848,0.375,0,5
0.057561781163124125,0.94088248409167874,0.33380651952710566,-0.98487127342321201,0.10825818984466126,-0.13530978943630684,-0.16344790036910548,-0.32096777947486993,0.93287966448192106,-12.997741133332763,5.5279280280952436,0.78227849459934984,0.4494540902977178,0.4768571614012926,0.3636363636363636,1,3
-0.87133895610353995,-0.48596465498054686,0.067873247204109172,0.47200969228983353,-0.86791966117910313,-0.15466839406681177,0.13407189847558945,-0.10273176650086341,0.98563223881464135,-8.0199780393436697,-6.2070870789227319,-1.3705039862190505,0.2964476886171674,0.2596848561648887,0.1627118644067796,1,5
-0.5581269572623172,-0.82341338229718797,-0.10239483107565382,0.81359715582382652,-0.51884026290231944,-0.26242036816305214,0.16295388185768134,-0.22977202494071461,0.95950552314312187,-34.612254446493452,-16.066355686800122,0.26358758879092381,,0.3755230025500771,0.2068965517241379,0,1
-0.39396023586094631,0.85354708628635023,0.3409585078165222,-0.9183313607782615,-0.35009749435420723,-0.18465983932098629,-0.038247148541219675,-0.38586152430501258,0.92176354868777399,19.511638093601302,2.0319289800536278,-2.2746862879420777,,0.694364225329091,0.1052631578947368,0,3
-0.44823041468412228,-0.89334378594386799,0.032037095180041844,0.87906539853404708,-0.44700576339411208,-0.16561966245776327,0.16227606247464826,-0.04607306814097098,0.98566918991099683,1.3620543844531825,3.6165607547309486,-0.82401351564210079,0.4889967465778682,0.3754233459519267,0.8029197080291971,1,5
0.99383248297435411,0.008455967030016975,0.11056894865476231,0.001144745162569444,0.99625295725255614,-0.086479678098684024,-0.11088591138438179,0.086072886480740893,0.99009887024949728,14.97269514980189,3.2502889959302919,-1.7571941929780157,,0.1060118569509276,0.2941176470588235,0,4
0.11766222746632313,0.9487080538898538,0.29344271794030069,-0.98556829970396287,0.14777375495727879,-0.082571447634562159,-0.12169932968716128,-0.27949230012713,0.95240397275701405,-26.708730734929262,-24.040037554027126,-1.8894432394603635,,0.4197478752971442,0.5333333333333333,0,3
0.63486676136580789,0.74003472523921587,0.2220198206309722,-0.75552528215861847,0.65475061433229886,-0.021981379634082168,-0.16163459818996273,-0.15378634032837898,0.97479434661695374,-0.2519835088310487,14.621501064454161,0.97029184697504134,,0.1712514520993098,0.3243243243243243,0,5
-0.83452593762788252,0.52746928503399493,0.15919363295066405,-0.55076197069730404,-0.80654627409827839,-0.21481238179352724,0.015090098075445618,-0.26694430333669283,0.9635938085397614,-14.26584792162728,-17.334064096695183,-2.2528978267799333,0.2138325192568955,0.161309663537312,0.1739130434782609,1,5
-0.90040743061069672,-0.43500323891741804,0.0062161911487186227,0.40652222492571372,-0.84637192338564526,-0.34408465229639273,0.15493914786937832,-0.30728935783042954,0.93891805341130363,-14.297876896370957,-14.4887698293069,-1.8816545327104861,,0.1278851314197476,0.2258064516129032,0,2
0.52373434093914273,0.82788720752541811,0.20076133028252327,-0.83905606857961568,0.5420598602577601,-0.046432980488641439,-0.1472659291919301,-0.14413146607560887,0.97853914923529461,7.5026845862772849,-7.7598049193819953,-2.6436017652246644,,0.2876152621741624,0.4117647058823529,0,4
-0.64292340106259072,0.73575196570006718,0.21288152887133543,-0.76515124074885243,-0.6044290582239249,-0.22183122493244722,-0.034540977788731331,-0.3055070515438647,0.95156311525319848,-14.254282757087532,-13.418551152882541,-1.7197390590604473,,0.2013387932119931,0.7009345794392523,0,5
-0.76376506586567761,-0.64544226162764418,-0.0081982356754546262,0.62213635817789459,-0.73268225200673687,-0.27590409461891724,0.17207346104598728,-0.21582632948583874,0.96115020652566407,7.6087262741490571,15.527038134343345,0.51954121223968674,,0.4174431752460708,0.6666666666666666,0,6
-0.6516016122685695,0.71679797057039418,0.24822572041423288,-0.75812261304412387,-0.60424277963832718,-0.24523614506450128,-0.025796171811918945,-0.34798179929575629,0.93714631988752828,2.7903740435547779,14.035845380193802,0.6389583124513325,,0.2318464795924736,0.125,0,2
-0.20875865469891222,0.96553754449434326,0.15542546207148641,-0.97299476037209631,-0.18905148524467763,-0.1324414293762686,-0.098493758059828532,-0.17887645484695908,0.97892910546404566,-2.0587803013153518,7.6192135000102077,0.069334598087058469,,0.07153064517636404,0.3103448275862069,0,5
0.2801491747644243,0.86775094444593281,0.41051764674859509,-0.94552694442144924,0.323301971456737,-0.038139646369957855,-0.16581687866996589,-0.37747070570493224,0.91105467952410557,-36.369068420257157,-19.804426287044116,-0.058707132597032356,,0.3976118015662129,0.1875,0,3
0.9790900862934796,-0.19245502820889215,0.065906487077845743,0.18444972079202929,0.97650947883193884,0.11138912986067737,-0.085795707477531624,-0.096903559627554023,0.99158902611411537,-12.11591715559361,-6.1669055831310455,-1.0112850037403176,,0.100079280466814,0.3636363636363636,0,1
0.99142760442611921,0.04542783424527392,0.12250557970015476,-0.060030010848387556,0.99116508971728223,0.118271563460009,-0.11605043291358086,-0.12461170411127667,0.98539546387176691,14.939729481635121,11.062427909465326,-0.622806709412426,0.4014823307155903,0.2685498533944914,0.6296296296296297,1,4
-0.85618819139426394,0.46639716637388856,0.22229589315915904,-0.51600647934966926,-0.79360580149225302,-0.32237733342621944,0.026059435645851583,-0.39072178725564799,0.92013987565889854,3.2919968323543052,11.517540443951422,0.25307587976396245,0.6284962640573618,0.261927867890589,0.1111111111111111,1,4
-0.48069407303867828,-0.87510502155224756,0.05589641669665165,0.84763243748306993,-0.48003966203066917,-0.22601144617914901,0.224616248459445,-0.061262746686064969,0.97251962283363902,-14.313008612808655,29.145205862475976,4.6817281928444068,,0.3579853111849063,0.9032258064516129,0,2
0.96238247925390186,-0.25445891355603312,0.095239828522506287,0.25566873942322682,0.96676430815102377,-0.00051784844377092626,-0.091942695777594285,0.024848215170427585,0.99545422139644002,11.593068055597412,-12.366120662305971,-3.5164062880523677,,0.3957859145243846,0.4375,0,3
0.89070527723531689,-0.45445457846878751,-0.0107305737924494,0.45257124204837151,0.88430241500685147,0.11484123686135531,-0.042701053569589115,-0.10714604482578066,0.99332590075072547,-6.2495756517086072,-5.1882652157954849,-1.3648710585641222,,0.7668436353069906,0.3190271816881259,0,1
0.43297587863405457,0.87679064994529177,0.20921291711933648,-0.8875245058150697,0.45524175788600668,-0.071099883646712145,-0.15758216935550148,-0.15489705628375391,0.97528188840757357,5.0194935654173944,7.5552679050919647,-0.48078202640675205,,0.0898780566463785,0.3877551020408163,0,5
0.63857789299045731,-0.76773054975211352,0.052991297032493695,0.76910933666402947,0.63434249465323933,-0.077977097492290301,0.026250768371327345,0.090550551927766024,0.9955458275265342,-18.872060808326317,19.58656444584793,3.7352530983483399,0.2297949905173355,0.2261431985568383,0.6296296296296297,1,4
-0.0067530194184831967,-0.99505571364839041,-0.099088462822000054,0.9920613648290636,0.0057768394842733928,-0.12562195882515748,0.12557326603314184,-0.099150163193341342,0.98711731825376481,-4.5684862929836871,22.268362128302009,2.5357008567641355,,0.1499015708965642,0.2727272727272727,0,2
0.8895536629559857,0.42481044337770557,0.16801895107048545,-0.43173017697781196,0.90198782597306881,0.0051976997878651699,-0.14934301124691535,-0.077162484366528047,0.98577006243752896,-10.645546249707373,-21.453375475412734,-3.0119874619195546,,0.1758770283159108,0.4210526315789473,0,5
0.99251744899933936,-0.054537495591171103,0.10924639585124632,0.059136379615547324,0.99747577065267889,-0.039306177209324264,-0.10682697242649021,0.045472503070404159,0.99323725736940738,13.076259119062522,2.1696450219339827,-1.710161311257888,,0.08853907336803526,0.2727272727272727,0,5
-0.64625796234811961,-0.75868406258046506,0.08215314533270561,0.74590543926249042,-0.65074579911053132,-0.14196823806269865,0.16116985381977403,-0.03046962629236542,0.98645622310030356,-9.946166574322838,-10.208755058178976,-1.6786900499178177,,0.07621845263284885,0.2769230769230769,0,4
0.096435376431642655,0.97793596001436989,0.18531453338381795,-0.98639311732952084,0.11880380928830925,-0.11364098285187213,-0.13314967614470516,-0.17183396931154743,0.97608619021744203,-33.297428896741906,2.1392685541035017,3.0400736170115725,,0.1451005486461789,0.3684210526315789,0,1
0.79427745499399438,-0.60414435927945265,0.06428777208056867,0.60742089319585846,0.79186855937639156,-0.063119277406387175,-0.012774310056093882,0.089183954958155939,0.99593325036400548,-15.946178139569559,4.9828272570689727,1.0860428765518322,0.2692135717696217,0.2071850413265331,0.4666666666666667,1,1
-0.15434041832153056,0.9185179102317591,0.3640108293111845,-0.98244178380637637,-0.10358733978924398,-0.15517024349640091,-0.10481973432364527,-0.38156848876560689,0.91837808754208139,-14.125085213703782,0.082195923702328658,0.077430907283528083,,0.4070628925538334,0.4634146341463415,0,1
-0.62862626881860018,0.76841251392000376,0.11988003421064333,-0.77712196453450155,-0.61466475263001241,-0.13516173316557856,-0.030173935594184478,-0.17812762370117133,0.98354465241052069,-0.10465498443633947,-4.8913395876899397,-1.7469240466711646,0.3333323664397699,0.2746288647410272,0.9181636726546906,1,5
0.98929786288623112,-0.13698172152622229,0.050256805076012247,0.13668335473454085,0.99057073185503886,0.0093426832700779696,-0.051062697022850982,-0.0023734278766817489,0.99869262929735647,-21.836864829382211,-26.41881662872856,-2.6966383497179258,,0.3516550741509393,0.2307692307692308,0,2
0.82243777564296749,-0.56815417031528537,0.028230195691803104,0.56874640506665142,0.82223749147285974,-0.021284603359703409,-0.011118989127093868,0.033561084156638318,0.99937481542763684,6.3457814483999666,-12.050207064568619,-3.1189585201878289,0.8416837854330816,0.4457716757723845,0.6538461538461539,1,4
0.62517159327644756,0.75375659883246493,0.20251288521153857,-0.76303665824392597,0.64482212357562829,-0.044491427526648905,-0.16412049578321983,-0.12670997854916946,0.97826839067810967,-21.999742182641057,-31.833676010580003,-3.1737678393766524,,0.2902726108846715,0.2307692307692308,0,1
-0.76591463749250488,0.5929662644450131,0.24852721642679751,-0.64282358995294231,-0.71367647199329054,-0.27828712784320919,0.012353148373470201,-0.37290334210534759,0.92778795916519952,-1.4412724588820136,2.8014368638758578,-0.69350224063655685,0.4874038068901615,0.5925815699447009,0.1739130434782609,1,3
0.57881104732530941,-0.8128392130302643,0.065346654501347565,0.81462790676941244,0.57273686966737947,-0.091399407197730154,0.036866583875698106,0.10613619497584739,0.99366793402493603,-14.370043941561105,1.982903535508459,0.36941101081932648,0.2848497629284081,0.1627384444646301,0.7606837606837606,1,1
0.93979370548838925,-0.32660579841422976,0.10058053274170629,0.33471459517016039,0.93907842077685433,-0.078088791841880598,-0.068948755641256243,0.10705312734083179,0.99185971640251092,8.7113238618594622,1.8284894613355123,-1.4661442703589165,0.2851505549083272,0.2097423830816588,0.6574074074074074,1,5
-0.86304571465732061,0.47888823444534662,0.16068028292685421,-0.50313726526967761,-0.84319375352535553,-0.1894127406294851,0.044777077937101811,-0.24431609223635112,0.96866127225453469,6.4971041485648513,7.6961111154615542,-0.52737277850406217,0.7246928701100155,0.389156136338427,0.875,1,5
-0.84591145869549689,0.48944422134124443,0.21184465592343868,-0.53330353861995061,-0.7797097251516526,-0.32808547697113039,0.0045977976354050643,-0.39050876904315229,0.92058772616047091,-3.6165685568561661,15.532484985499918,1.3867193360029666,,0.1650441333011882,0.3636363636363636,0,5
0.45835096612300497,-0.87683792176655906,-0.14515388663831966,0.88686084121019693,0.46192743072175507,0.010044753592838528,0.058242941049114157,-0.13333532052273472,0.98935810105292488,12.20980698383077,7.1594235621864311,-0.9523448914727547,,0.2399204732202928,0.2258064516129032,0,2
-0.088080344956644283,-0.99522979946094048,0.041946383601613596,0.98697760019386438,-0.092885224463626792,-0.13132993486597599,0.134599663996157,0.02983255505780311,0.99045088172551177,-0.14925876823590878,18.997196523029043,1.6555087345587232,,0.07902803087540283,0.1764705882352941,0,2
-0.27845352960097119,0.93318662267680308,0.22721434617959976,-0.9577108300844499,-0.251924752525784,-0.13901037732405749,-0.072481706600461826,-0.25631357030380653,0.96387227156216104,13.679906940050655,6.9011859382157619,-1.0988897218268823,0.5285649098791547,0.1643436299157613,0.3,1,5
-0.89582523612053877,-0.43605822474693062,0.085734304453563323,0.41785174348204945,-0.8921615996782527,-0.17160303181632025,0.15131776762360905,-0.11790209790371314,0.98142856515964061,-15.572474619788675,2.3050591378381391,0.60780685105712229,,0.2454061363541361,0.6046511627906976,1,1
-0.99277852633686592,0.051915426360954323,0.10814613331118021,-0.073686524848929,-0.97529583796073094,-0.20825062907987238,0.094663053511321954,-0.214715665386191,0.97207823210772315,-14.111551776888652,-11.319133017412538,-1.4437098540986701,0.3780226787674053,0.2935773727241921,0.847682119205298,1,5
0.78561164656609739,-0.61334003989852537,0.081414594741862786,0.61863579093307619,0.78084460504491737,-0.087014142234789024,-0.010202889606080351,0.1187253057672373,0.99287471657513959,-9.0097252175304963,-3.0852160025205499,-0.91341745853271894,0.5340364838293474,0.5018181878013069,0.961038961038961,1,5
-0.94390740981208165,-0.31662674108993955,0.093735311001834964,0.29825692536009824,-0.93931832326273368,-0.16948124987038274,0.14170959098306357,-0.13201740191978736,0.98106564378422789,-15.051843703876635,-4.1046994316788767,-0.41995018818302809,0.4694991861328111,0.4057428926594916,0.9532595325953259,1,5
-0.803793759436921,0.53793752689026242,0.25404489653100487,-0.59467507646123907,-0.73848486935741919,-0.31780756939691523,0.016647694317236204,-0.4065259092522196,0.91348756936292008,-10.57863787971799,26.348357726373965,3.7622160658904611,0.4533408386386188,0.346546784832978,0.4074074074074074,1,5
-0.98957521754901312,0.035585267209795643,0.13955134385031498,-0.05732158354793971,-0.98625291840850737,-0.15498198924474241,0.13211784464022253,-0.16136563973878809,0.97801125015989054,9.9526663422965527,16.307061332419799,0.4550435590295589,0.2878438582027828,0.2292795682582791,0.7659574468085106,1,5
0.44024671470951465,-0.89787665132517114,-0.00059092518687036929,0.89581781612900346,0.43928158233123199,-0.067395339085375247,0.060772283924028975,0.029141215308672402,0.99772617439705913,-11.097414030059797,2.3715520407684703,0.062772184244734505,0.2988600832281227,0.1818811073601958,0.6684350132625995,1,3
-0.74350381985030223,0.64935554767534276,0.15981064598851227,-0.66873123486934172,-0.72223875428748352,-0.17654947554549794,0.00077806049597975706,-0.23813558009781019,0.97123160992285706,-7.6073718935752241,20.203119045392743,2.5119533273960348,0.2229780064711609,0.1249554548028467,0.4166666666666667,1,5
-0.70419250359006358,-0.70571299074927862,0.077987771959892926,0.69160843011820139,-0.70663659305465087,-0.14947409389440791,0.16059482331942276,-0.051321535867761489,0.98568524523763601,4.2477383289254353,12.59398599508887,0.32365899562837736,,0.0916691424379677,0.4736842105263158,0,2
0.5479370593662064,-0.83567497766260801,0.037580722208538052,0.83549721318205561,0.54449444693997773,-0.073960827581553062,0.041344718382579505,0.071924467047929735,0.99655280106060495,4.4730822660278102,-13.268183031328681,-3.0705951482732221,,0.09616278904318054,0.3043478260869565,0,5
-0.82655623643025378,0.53357254409366628,0.17917903953216127,-0.56213667729117478,-0.76648881590369911,-0.31064006685967577,-0.028410280925975376,-0.35748459447080899,0.93348680796985506,23.047367059835473,-23.313233344922011,-5.8831535847234235,,0.3724917690057109,1,0,4
-0.037581142846343021,0.97686525834945681,0.21052772912899606,-0.99358313070273008,-0.01403726280698092,-0.11222975379038161,-0.10667811436899645,-0.21339452261653044,0.97112437804430529,-37.542363364052612,-4.3924783099699649,2.6488293259809192,,0.4171051210601066,0.9827586206896551,0,4
0.37978064305293696,-0.92302823159159242,0.061526797797347633,0.92267859689159359,0.37317164636896077,-0.096990356141423081,0.066564780480810146,0.093604519288212548,0.99338176144338608,-26.119818334733264,26.908079429824536,6.0386493023400813,,0.2776245227009656,0.3333333333333333,0,2
0.15246640980621143,0.9672832333979543,0.20277361827418025,-0.97504575879347388,0.18072027522535869,-0.12894165495032847,-0.16136840502298874,-0.17805428528869843,0.9706991858195142,-10.168400446038508,1.497730879957917,-0.16866232402168543,0.3232425607167873,0.2082403208219995,0.9088748019017433,1,3
0.75935186160174306,-0.64407849888442481,0.092453434531952206,0.65065583245802661,0.7528496016099292,-0.099320013311137822,-0.0056336462722311152,0.13557420341111337,0.9907511783485915,-5.3854675578770195,1.7626912983486225,-0.57050903153242982,,0.08705243274279491,0.3544973544973545,0,5
0.92404235985759053,-0.37249394547155557,0.085988242079077681,0.37540833262481949,0.92664253825408571,-0.020054677605974097,-0.072210116913553932,0.050812074205453334,0.99609428877504924,16.736509377948327,9.3452740770310321,-1.0015551496491029,0.4479945517038034,0.5268344140841068,0.6521739130434783,1,5
-0.54125743386753056,-0.83723127606874292,-0.078001158039087942,0.8252480264294485,-0.51112875928775803,-0.24023548094163,0.16126402313422178,-0.19439954166936757,0.96757569886872596,6.1231970214097462,20.222919736526929,1.3110718797370109,,0.4615799284353083,0.32,0,4
0.06839966482229845,0.98844063267680127,0.13530189032560683,-0.98906402819961947,0.08494653744167098,-0.12056713440326004,-0.13066688170206031,-0.1255754810866998,0.98344138848032236,-4.6404068899901159,-12.865248677680148,-2.3482305396264582,,0.07718675993475062,0.3846153846153846,0,5
0.960309219518517,-0.26355212067673212,0.091359085998784659,0.2693652217653621,0.96126983692982948,-0.05833247733635373,-0.072447085593786556,0.080626176243798905,0.99410806228159632,-2.5448803753159832,12.401589758162849,0.85896654865481492,,0.08432363769925286,0.2666666666666667,0,4
-0.97358814780756575,-0.2184034513301365,0.066528572025251559,0.18680060779764446,-0.9295438750667373,-0.31788947332735867,0.13126938475922334,-0.29706584585407908,0.94579079708566438,-13.412120767343,30.428922429944834,4.7256678876741258,,0.2760129265517978,0.3076923076923077,0,1
-0.15259775243613344,0.97396819268374024,0.16763020489103495,-0.98270500905807023,-0.13153273126240972,-0.13034571638082446,-0.10490372311610376,-0.18462150537524208,0.97719502077597609,4.0792484092344736,-12.119673960587523,-2.9180300044712046,,0.2510954222976897,0.375,0,4
-0.75556170370875697,-0.65358392590501779,0.044210447716626161,0.63384775639259283,-0.74645085253160093,-0.20260342166637349,0.16541926612337757,-0.12505669335717329,0.97826238292278878,-0.2753804961640175,7.4551191426772769,-0.12358553998593316,,0.07177884883751633,0.3846153846153846,0,5
0.23153670255073652,0.92961411286108864,0.28671999675889825,-0.96054864454084898,0.26513653134320087,-0.083957853819839071,-0.1540683512038388,-0.255969179622834,0.95432841424770731,-5.4044346100283738,-11.318080441310267,-2.0884694638053372,0.137038142202431,0.3403091635467763,0.3428571428571429,1,5
-0.80091499740036132,0.56310869004040576,0.20357743033096118,-0.5970912137242701,-0.77658458551962595,-0.20099369150943303,0.044913800022457706,-0.28253315687594827,0.9582054924875214,-10.604996911256267,10.667485555190172,1.3857509002656458,0.32842959989059,0.2060010805812639,0.2333333333333333,1,6
0.84457380035141161,-0.53289394938568713,0.052145320673073564,0.53463745204653379,0.84462789943792205,-0.027685851265097022,-0.029289770042852721,0.051261585999728486,0.99825565822169449,1.6450943895025449,-14.369315968257082,-3.0314605269260895,,0.1184683677041698,0.358974358974359,1,5
0.98722927103765057,-0.12358337475805874,0.10052619504327245,0.12738845936545334,0.99132578462732501,-0.032332169019642081,-0.095658490616176262,0.044725140764760939,0.99440892743207376,-22.189727757515048,21.459584711663798,4.4991981637820722,,0.1742342174408112,0.6428571428571429,0,2
-0.54456400674933547,-0.83852394072410452,0.018100922231428465,0.8171156168549738,-0.53528035693205955,-0.21400235553470656,0.18913516660004148,-0.101747433948998,0.97666542297757675,0.097134348608878873,-11.873591403644316,-2.5767650868846599,,0.1696439739683341,0.2903225806451613,0,5
0.71091690873997193,-0.69853569713222841,0.081517045454278805,0.70322617364171447,0.70469514946916312,-0.094221521001671402,0.0083724293270738912,0.12430859240867675,0.99220828271111383,-16.423378925452191,6.4022665895812425,1.3840570312015255,,0.161853984801265,0.4642857142857143,0,1
-0.52394290424953127,0.80151990912148463,0.28818339363754703,-0.84967385068954981,-0.46821057475803152,-0.24255557123914237,-0.059482607045751291,-0.37194716421373725,0.92634611592665506,-18.560517988732386,-11.490761472867732,-1.0000804587623071,,0.3806592025261601,0.4583333333333333,0,5
0.146209061057582,0.93319066900331871,0.32829572910684873,-0.97493982132656454,0.19217721557854497,-0.11207257739609174,-0.16767604258326765,-0.30368255316631976,0.93790279434811286,-1.9153327911851934,6.130538454834257,-0.21895503403329603,,0.3741873876629217,0.2657342657342657,0,5
-0.77322288818511198,-0.63284296086937031,-0.040449376568291277,0.61237743702059078,-0.72860812756321969,-0.30679646522884274,0.16468223891715525,-0.26199233448119996,0.95091523116328547,13.017594570956318,3.5789560017328061,-1.5500309243523049,0.5129613059364228,0.3075756213103357,0.2926829268292683,1,3
0.11329497995156927,0.964314048451684,0.23929618358113697,-0.9850094504207314,0.14054568922878219,-0.10001645775099093,-0.13007932233688294,-0.22437763970130861,0.96578157194183778,-43.801819727758811,-2.4476074882903509,3.7853750999974394,0.5325400263105815,0.4572837860598413,0.9166666666666666,1,3
0.13600507146701793,0.97765262069551395,0.16030587569532503,-0.98075582767596492,0.15574235373014975,-0.1177383783403964,-0.14007364853849122,-0.14120790523829244,0.98002025513931545,-9.7681057479695514,-20.638988768680985,-2.9590715724244432,,0.2042071064592871,0.1538461538461539,0,4
0.55151517412800422,-0.83407029420500856,-0.012560136596706007,0.82972606799440396,0.55006950240824071,-0.094753335618840834,0.085939890604442098,0.041836429641176731,0.99542154304484265,-31.550121391667179,-15.845534274454954,-0.14071801198833753,,0.2231850795229941,0.1176470588235294,0,2
-0.71874894084293128,-0.69385380677628128,0.044349237414307907,0.67361165380628918,-0.71073829332331495,-0.20272744821612429,0.17218391299283473,-0.11583597552542967,0.97823040582500365,15.32314233793646,2.2073320151010387,-1.9204248442010137,,0.09078189872795801,0.1851851851851852,0,7
0.9392405940170131,0.28235177418434571,0.19520395017909145,-0.3120526906792801,0.93925928286374538,0.14288148163462197,-0.14300428241976018,-0.19511400556914282,0.97029907762523104,-7.855148364217615,29.011226711702218,3.8770672820955427,,0.3948917312069378,0.25,0,1
0.37607230314582563,-0.92658946528807484,0.0012592155321448516,0.92383913649363081,0.37485069680205813,-0.077512611810707205,0.071350351711116741,0.030313659036377009,0.99699057637799637,10.383363878622701,3.4508568372706971,-1.4035631801365389,,0.08262168582765203,0.4347826086956522,0,5
-0.41182686036081412,-0.91083243350074716,-0.027980621302280729,0.89761082044485985,-0.40017120657739713,-0.18481834445394188,0.15714150344724431,-0.10122886697724749,0.98237429953396216,-16.590018670367687,13.124121472276045,2.4287365144871647,,0.4914112263358561,0.65625,0,1
0.92496867264877425,0.35807900349493271,0.12732785191952928,-0.35078533586891125,0.93332681766594361,-0.07648986576598836,-0.14622791374324098,0.026085986307590098,0.98890693119254669,1.8505210103512961,-22.433749014210509,-4.0244681950045207,,0.1093335116823792,0.4,0,1
0.11278617859209991,0.97058948677411716,0.21268597998492381,-0.98444351738828551,0.138177498524063,-0.10852621790983857,-0.13472282282810191,-0.19713707684042864,0.97107504032594694,-0.1652588256621477,25.79664251153606,2.7067431545136378,,0.06628705882969996,0.3333333333333333,0,1
-0.97508263130486061,-0.20127668633164594,0.093282140128435512,0.17938699090835103,-0.9627665902509609,-0.20223946249282107,0.13051501683881442,-0.1804665848180495,0.9748833992553535,-2.6941121072759611,-4.5383338806168352,-1.5405380357695433,,0.3680355942355624,0.212962962962963,0,1
0.99349161930796526,-0.053197808551371739,0.10071939004068887,0.053579542954715779,0.99856299320412256,-0.001086821046666576,-0.10051683909475359,0.0064762464866086871,0.99491427936774735,-4.2942740170909728,-15.188414290857635,-2.6346181021658577,,0.2287616539627568,0.2666666666666667,0,5
0.23490854114683607,0.95594655555757635,0.17602318089919655,-0.96103644703119839,0.25555820555533293,-0.10535155931921238,-0.14569462850056117,-0.14441671125927319,0.97873228654987132,-8.5295704065988662,18.609241176459903,2.3575998540956422,0.3053848297923977,0.2293943656606821,0.5227272727272727,1,5
