axis_00,axis_01,axis_02,axis_10,axis_11,axis_12,axis_20,axis_21,axis_22,location_x,location_y,location_z,dbh,dbh_approximation,score,reconstructed,number_clusters
0.63242171072664399,0.77453833645046077,0.011538854801768776,-0.7739385676236411,0.63116513149942455,0.051474948508759708,0.032586398178536716,-0.041484239752773884,0.99860762289594152,13.986483123228012,15.105941745718789,-0.46207302097140363,0.1991951080971365,0.1892874619529679,0.4193548387096774,1,5
-0.27405760098629911,-0.93307430641,-0.23294799861585608,0.96162829998701282,-0.2690928854607183,-0.053479263817984242,-0.012784522115557039,-0.23866578663881269,0.97101760966645445,-20.531711516084336,-21.816403780353053,-1.9921629781980281,,0.2117401366813353,0.3846153846153846,0,1
0.91971014348132218,0.39258544909194665,0.0031491489072918567,-0.39149444104435877,0.91649420051237729,0.082282945125609921,0.029416910254662653,-0.076909333558766127,0.99660403360743832,22.208564609168189,-2.9710385342630277,0.64671678534908161,0.4096212542629458,0.2608490031759108,0.4615384615384616,1,5
-0.87009757063212101,0.49182557791789594,0.032215190296033668,-0.49142996696527647,-0.86067442677930694,-0.13317702000202519,-0.03777307438625413,-0.13170851147074744,0.99056855535473753,2.1754316166848331,-11.871755276670978,-0.85234665346561134,,0.1675728163928928,0.2173913043478261,0,3
0.89777195450872338,-0.43329444743494738,-0.07912925830330346,0.43880705488587368,0.89540215033040427,0.075520578427837617,0.038129860738970373,-0.10252273409216522,0.99399959895077161,-9.4692971760612625,3.3613062380940928,-2.2726934402983869,0.3006435745802926,0.2651143807223405,0.9041095890410958,1,5
0.97753385086682631,0.21053291061571786,-0.010171723410847681,-0.20684255915960015,0.96744475525657814,0.14583141378607889,0.04054289246933343,-0.14045119819429591,0.98925716312595202,5.8364883425958309,7.0801761976641115,-1.0897945291041424,,0.0782190055730361,0.1612903225806452,0,5
0.25610744196485186,0.95876768033288129,0.12318081554904051,-0.96618992126350522,0.24997507822160092,0.063162459712450936,0.029765990980353613,-0.1351924384616657,0.99037214740911772,-17.675702276240344,14.051319897936754,-3.0373038126568437,,0.3064225670270836,0.1470588235294118,0,2
0.80499514014231965,-0.58360534241834117,-0.10671283263046813,0.59142107411167022,0.80361607697140158,0.066500480672649104,0.046946112127056877,-0.11664478185442106,0.99206353497257882,-0.33540629275236256,-6.9006708398183703,-1.1434512366554248,,0.2496106380062377,0.6666666666666666,0,3
0.99154665458668634,0.12951188570599714,-0.0078678611341793016,-0.12264205718292401,0.95529408924415016,0.26902068482763547,0.042357497422421064,-0.26578162938033606,0.96310226242909602,-20.581526002510014,-2.5697308125150644,-2.4947538617997416,,0.6404000853855218,0.1730769230769231,0,1
-0.14123603722067973,-0.98520985870281241,-0.097025337438133838,0.98992170402098623,-0.14157436161734444,-0.0034234545168552208,-0.01036347906768479,-0.09653100251953449,0.99527602395224413,-2.5468950399944199,-2.2808858430352434,-1.4728414460144026,,0.09708965886149161,0.4613259668508287,0,5
-0.9989249733829646,-0.041791173169319719,-0.020059795536768413,0.044943877820656362,-0.97911855315520258,-0.19825969513168015,-0.011355412730805269,-0.19894812568204001,0.97994423203023062,-14.726053404052193,19.302733972895126,-2.8104120806089155,,0.3642569529868678,0.4090909090909091,0,3
0.94988548889153557,-0.30430173629261009,-0.071540277344946682,0.31001780178882588,0.94638714723683903,0.090776264072401844,0.040081424217627976,-0.10840581550000382,0.99329837339968829,-28.664081309574545,6.412733004870856,-3.1522575752038264,,0.1601079004162136,0.1875,0,1
0.058174957110755786,-0.96795116835428396,-0.24430761356686673,0.99830238650427883,0.055711624063428763,0.016987055191405805,-0.0028318659965492444,-0.24488109487216639,0.96954898272814771,2.3724642414638129,4.3801097297113021,-1.3513396653506538,,0.2694842563591705,0.2093023255813954,0,5
-0.5404541649500253,-0.81552094339256198,-0.20696590655534811,0.83972516671154773,-0.53821148587228695,-0.072041938247172671,-0.052639718648895779,-0.2127298459625532,0.97569209931069678,15.763034780514211,11.938315826105725,-0.24973115946823979,,0.2884152693017907,0.3,0,4
-0.99779548149456976,0.064212411683546008,-0.01676136315471442,-0.059862578783302367,-0.97988992832721,-0.1903475768805839,-0.028646967909960862,-0.188924573702522,0.98157366340019936,14.822403359102474,-4.4924400554396628,-0.044057542614188781,,0.2899747143889982,0.375,0,4
0.37573429511120682,-0.92238731211871994,-0.089584518303605448,0.92649697906433759,0.37603732202222262,0.014116665010309193,0.020666089662599068,-0.088303900756193779,0.99587917633079348,0.34578952151136511,18.332892711269661,-1.5596288444073789,0.1570191827252432,0.1573739754220325,0.1764705882352941,1,5
0.5303896015814662,-0.84302050620614677,-0.089461146036624806,0.84748092120849294,0.52993656078471618,0.030713673360114761,0.021516475591013981,-0.09210682743206082,0.9955166365352931,5.4431014967945677,4.1148303439808096,-1.0930989231957797,,0.07296132915120364,0.4150943396226415,0,5
0.9976931719803025,0.061476622950051442,-0.028791655293495439,-0.05290401577262191,0.96989554987855064,0.23770525328842498,0.042538214572457385,-0.23563371396394298,0.97091052787810816,-3.2163789551132749,-18.6202420924491,-1.0204027037019519,,0.5391066744952098,0.25,0,1
-0.94896016313186227,0.31248260997003791,0.042769466387386858,-0.31338448005009545,-0.9189075760058546,-0.23958095588501072,-0.035563695708967114,-0.2407560699657586,0.96993388347977738,-4.4246439803665965,-14.183820919595398,-1.2274354722501142,,0.4694479581075741,0.2168674698795181,0,3
0.89263338873530473,-0.44684567130763359,-0.059452328369521058,0.4500226808801554,0.89100151691623375,0.059965686408225104,0.026176707362938877,-0.08028227006383172,0.99642839035478825,-2.2767224367553971,-4.0413270067228941,-1.3569380419400447,0.3203467302262866,0.2941234009006064,0.7794561933534743,1,4
-0.29107090807179248,-0.95394844063176187,-0.072526540593712052,0.95640313997084536,-0.29203589189375095,0.0028410736929538739,-0.02389059078736629,-0.068537657255342221,0.99736243623357879,1.3619345878637239,12.666934042289842,-1.6108906616590366,0.3752091977492323,0.2666442179103181,0.8229166666666666,1,5
0.97302153670820313,0.23046298225866649,0.010765821401422139,-0.22691638248577792,0.94752963956572134,0.22515891611042554,0.041689860416819102,-0.22152741580421847,0.97426257219782897,-4.2131603060672473,3.7628803522655643,-1.9143833453420362,,0.7039765027972555,0.3703703703703703,0,1
-0.9331122585072078,0.3588661771072495,-0.022728395280054218,-0.35742979676572145,-0.9325746590692775,-0.050482131946229712,-0.039312255183255526,-0.03898169044884451,0.99846631110025841,-4.3839464429071491,-9.9743380454583175,-1.342204545967892,,0.6874064659653156,0.5276752767527675,0,1
0.94291997201651856,-0.32380382226494242,-0.077801099343017655,0.33165410473153278,0.9342011463393326,0.13142972644346365,0.030124428411078059,-0.14973076792994688,0.98826778554601047,1.4163724223272371,28.367297691755496,-1.2470699876560487,,0.3386392348294524,0.64,0,2
0.28679788833007797,-0.93149196964739467,-0.22376255659029565,0.95738514606662561,0.28699478924964217,0.032367777720132634,0.03406836274895763,-0.2235099582255132,0.97410607493929302,-7.629716983762334,16.662380533283507,-2.2068504460500207,,0.1951392190813429,0.3333333333333333,0,4
-0.22482027977526939,-0.9703669118486058,-0.08856578453991229,0.97423068168769456,-0.22554632514991579,-0.001853124307612341,-0.018177476725347062,-0.086700124571819942,0.99606860593993796,-24.091409574143309,-6.7045311141581481,-2.5252342822634439,0.4077063500288957,0.4528340260120493,0.6326530612244898,1,5
-0.25428861038915412,0.96219924928625866,0.097518753577514883,-0.96693721391663978,-0.25093782789427216,-0.045416196173067198,-0.01922828566146435,-0.10584333330287618,0.9941968928868451,-14.926214185980076,20.252831263236153,-2.7909627351585358,0.6479470824225846,0.4986414348483251,0.3166666666666667,1,4
0.64049848808223286,-0.76175644250082875,-0.097410518286549855,0.76761108519268939,0.63885690009823481,0.051333060362449418,0.02312809230512787,-0.10765214120190375,0.99391956809440563,-4.033652504671676,-17.662498569352923,-1.1038992921349291,0.3072916155981992,0.3457560991325614,0.7777777777777778,1,5
0.91039988990426168,0.41238250085600292,-0.033357359758484029,-0.41128756369850605,0.91082708930504941,0.035164660314575921,0.044884077457998023,-0.018294435652429206,0.99882467591409863,-19.607793697243576,2.165395561388042,-2.6916502054105651,,0.1363880983779013,0.5370370370370371,0,2
0.99099786973211945,0.13385019416628002,0.0027106656102888591,-0.12700635541408559,0.93353879690145303,0.33522335891793054,0.042339200167606304,-0.33254990633202391,0.94213478437415243,20.870960917672516,-6.7368406613767888,0.61209450688720179,,0.2091955712077037,0.4285714285714285,0,1
-0.8512754717804395,0.52414466649049796,-0.024544647778186688,-0.52054476952884587,-0.84946746739484691,-0.086244795518026662,-0.066054629369572057,-0.060641490972352788,0.9959715836867532,12.215244310400246,13.86982162387624,-0.60231120686772899,,0.1508722237315041,0.3846153846153846,0,5
-0.67239385623603876,-0.70073553675259492,-0.23844540177592802,0.73850704202562645,-0.65683341317368227,-0.15224065231459188,-0.049938471888822014,-0.27845928763585093,0.95914888007792931,-17.185726836760526,7.7342516397675647,-2.7892428471697448,,0.5170004201064426,0.5555555555555556,0,5
0.95193764775853729,-0.30248398501295221,-0.048147207506025476,0.30353498140816759,0.95268446958508213,0.016087774020519367,0.041002802849166187,-0.029928919493960711,0.99871068380008732,5.3824216109508312,-6.718703034424613,-0.75141685293321359,0.5025780664549382,0.4373251660650119,0.9508928571428571,1,5
0.93572894959560948,0.35204024194929029,-0.021886090034120915,-0.3503489587882172,0.93483048906433008,0.057858135052532331,0.040828176112931387,-0.04647176308286758,0.9980848838006019,0.26374671134474592,21.002128107412474,-1.4961909192402902,0.3040187233967517,0.2777062593911517,0.8846153846153846,1,5
0.69293652377167658,-0.70910355946974113,-0.13042666893916854,0.71997590562021441,0.69016936797311157,0.072807546572779436,0.038388401237567378,-0.144355067312992,0.98878104006472778,8.979738153834754,-11.480710919701698,-0.31361068757308797,,0.4779023688495835,0.78125,0,5
0.89995928831971495,-0.4325637461082521,-0.054423202036159149,0.43428620310474186,0.90043650003193687,0.02469014384533964,0.038324576448278372,-0.045855370056649039,0.99821265864395303,12.287668138142438,1.7429846596828662,-0.45615554180410384,0.2291857176155884,0.2449452218301208,0.8518518518518519,1,5
-0.50295091128137859,-0.85986450865865049,-0.08759798850686927,0.86402424097178354,-0.50282138148714184,-0.025154906728048952,-0.022416330082450756,-0.088338468792372976,0.99583825146308513,-4.0748004838629965,-19.721999885981795,-1.0596780335700469,,0.5526293013520679,0.1379310344827586,0,1
0.98651250283449921,0.16339913869044237,0.0096852065767532476,-0.16086219539968782,0.95685265816568277,0.24198418264932187,0.030272691363759777,-0.24027840526457905,0.97023185482703367,7.073316773850669,-10.948633541112917,-0.50758572919734479,,0.4271768117503155,0.5,0,5
0.2532968453837609,-0.91033306422075011,-0.32731394761771804,0.96734036094849007,0.2417247432593839,0.076300554232783049,0.0096609626166373752,-0.33595068192019506,0.94183002984544706,21.910051233821179,0.65120826367203821,0.59828432349427763,,0.507861861445165,0.4857142857142857,0,1
0.72743968417095861,-0.67622083323195858,-0.11643406115193274,0.68555643417682577,0.72343150151212288,0.081604155400761574,0.029049637726003785,-0.13918422081181323,0.98984032612588424,14.82474722513364,-2.6299365609993965,-0.090691060787773517,0.1492797744480485,0.1503209931308272,0.5121951219512195,1,4
-0.42854502777420006,-0.89929166160371132,-0.087313610279532106,0.90330765744565744,-0.4285359478880118,-0.019804478477401587,-0.019607018387526327,-0.08735816354387882,0.99598399389357273,0.089851413845261394,-9.3433064396262147,-1.0639954100197315,0.2900060994532471,0.2659394506399207,0.6739130434782609,1,5
-0.61329324407141272,0.78982642072743259,-0.0067543983637616458,-0.78960284499167577,-0.61329099535292908,-0.020037519808278219,-0.019968574245948962,-0.0069555833621308457,0.99977641295575603,12.749228847618548,10.921244189132745,-0.55364586396904614,0.2181573774593775,0.158439352279699,0.6052631578947368,1,5
0.53348439236937617,0.84580689765112982,0.0022572071347353858,-0.84547794854056924,0.53319835146165862,0.029437332253466123,0.023694759545281302,-0.017612776167923037,0.99956407922941615,-24.156382918618625,1.5443398740105705,-2.8321657613811366,,0.09452083327491576,0.4166666666666667,0,1
-0.029145334532113969,-0.97679208895804981,-0.21219746563986475,0.99947143413448536,-0.025419525475687248,-0.020265736447205449,0.014401452154830279,-0.21267595697107208,0.97701665057575782,-5.8574231445249252,14.794123345353055,-2.1288678433554709,,0.2861992293703953,0.375,0,4
0.93977312071447661,-0.33754924568270228,-0.053730701852975377,0.33948856229190261,0.94006216398959808,0.032103643222728587,0.039673639303089259,-0.048411099700729258,0.99803926163764489,10.012622470549015,2.5217066554954903,-0.6280466377051579,0.5444637216644161,0.4062307757548376,0.9848484848484849,1,5
-0.97394164887024215,0.22592211921198982,-0.019921361566849892,-0.21924628376599792,-0.96034878782985311,-0.17222448365006532,-0.058040775759057923,-0.16336891309088014,0.9848562669673131,28.128978239091435,13.920987872429285,1.0206139015829765,0.5694306940615362,0.326365119163017,0.9459459459459459,1,8
-0.29078311822834424,0.95502847561348714,0.058015419681153278,-0.95672262528689112,-0.28951375750331587,-0.029387114190939659,-0.011269268723430061,-0.064049941324647627,0.99788306358949153,-2.07221867938904,12.138335725180337,-1.9078258867813425,,0.6077969506385571,0.4230769230769231,0,1
0.96924093273385303,-0.23548792562507861,-0.071536362767539316,0.24328424948051852,0.96068070002684369,0.13381093584096662,0.037212743353754137,-0.14709870659095509,0.98842156100084999,-15.261574764181844,5.6456452539345845,-2.6277022327934318,,0.2513473625550994,0.48,0,4
-0.95785206081814833,-0.27189896093838417,-0.092684327839461511,0.28215089773071705,-0.95108694386051096,-0.1257954535260451,-0.053947201004094683,-0.14664440070694806,0.98771712511483956,-7.1512939134151079,7.9817463088876828,-2.3372170342283312,,0.1672216758363065,0.288,0,4
-0.80051192310299524,0.5991631178621345,-0.013572736042180943,-0.59786744748176801,-0.79994523614057211,-0.051401696641655392,-0.04165544636155389,-0.033032973976485823,0.99858582326142087,17.835749161595263,11.440138317447671,-0.04395348165641727,0.191053370574855,0.1307509967175989,0.45,1,3
-0.50683145300509813,0.8612610246845892,0.03676038090109577,-0.86179870593552355,-0.50520600440255747,-0.045495973046651511,-0.020612343209822828,-0.054738838815376438,0.99828792982412962,-9.0149031520419136,0.33396895612756344,-2.0631461687090518,0.3662182937598482,0.2811437064068653,0.9046270066100094,1,5
-0.97314942930148174,0.22830800218005237,-0.029251399808469261,-0.22496823149267259,-0.97030284569350145,-0.088891408235858907,-0.048677336299976406,-0.07992398751093463,0.99561170802230559,3.0412440255942581,18.496018850581866,-1.3152986409725118,0.2180104251022985,0.2423618653066588,0.5263157894736842,1,5
-0.005256150402130429,0.99997182783154803,-0.0053587709582081713,-0.99998618621783841,-0.0052561607484147123,1.2152757695474252e-05,-1.6014146244343664e-05,0.0053587608100357249,0.99998564160998227,6.6203863037505144,-6.5534419646260895,-0.67617723266691199,0.2317773177288719,0.1755418670795671,0.4117647058823529,1,5
-0.22684188889306059,0.97335453906762504,0.033521615711084383,-0.97392651754991055,-0.22659512964095718,-0.011035652953243049,-0.0031457680357866386,-0.035150938813224716,0.999377063797252,-17.658403092611319,-12.281206878785268,-2.074087115442957,0.7156764003499879,0.5835999499361491,0.9891304347826086,1,4
-0.70802631224734547,-0.68392272260438713,-0.17592171745076451,0.70302181578808609,-0.70618858984263155,-0.084011916429147127,-0.066776250953814703,-0.18315945261295627,0.98081269732149945,8.547581731780113,13.538197008320861,-0.96151868413940222,,0.4343160864435687,0.3541666666666667,0,4
0.66436817750255961,0.73894853845208264,0.11211593214819224,-0.74683669580361944,0.65049994053022209,0.13814766437153223,0.029152607483023049,-0.17551320431724896,0.9840453447820543,-15.219065000220832,14.164423473692452,-2.9538888216895236,,0.5767216757888557,0.3333333333333333,0,1
-0.68506363459022523,0.72420094978547289,0.078872053934516365,-0.7281795170831673,-0.67762661269448621,-0.10284339876103991,-0.021033484318008049,-0.1278872866942436,0.99156564807350445,6.8387264732569193,-12.193704157140768,-0.50620194238018568,,0.266374716622041,0.3181818181818182,0,7
-0.95400423087810382,0.2978693305884097,-0.033908544078051425,-0.29736918439464871,-0.95457227624582219,-0.019061416404198193,-0.038045967449152715,-0.0081013157996342264,0.99924315011071041,-14.068920549330192,-6.8731848592921621,-2.0097079492109056,0.4990054483932894,0.4754650033544248,0.9691780821917808,1,5
0.91425995406732263,0.40436595026864769,-0.024837766649835804,-0.4041078441923478,0.91459032337384438,0.014879202033092382,0.028733023701507963,-0.0035663222319157291,0.99958075946604164,2.1458520552289393,6.0355790122052237,-1.4486966467955389,0.4750056806084561,0.2639171232960771,0.1090909090909091,1,4
0.56630047680905238,0.82304271780547977,0.043640057667345494,-0.82392479134892305,0.56395267716124198,0.055725363375237216,0.021253427170082679,-0.067513425257777204,0.99749196951328334,21.984697136379367,-9.4981297836759442,0.79173853229844904,0.6903795519287863,0.680015779567005,0.8518518518518519,1,5
0.88877357149647707,0.45833544267839088,0.0031875686975510378,-0.45622614067033512,0.8839723938181907,0.10222776304111895,0.044036884295438714,-0.092311586229156029,0.99475591170367472,-14.685982099480949,7.4153706761469911,-2.6865274247343964,0.1889828230970467,0.1362954277385062,0.2580645161290323,1,5
-0.053036608391582037,-0.96974520691231225,-0.23828837957591339,0.99858660649325903,-0.050679591175737865,-0.016011507441130102,0.0034507249376404129,-0.23880078037740299,0.97106244896430249,10.396058659142025,-7.506034708975438,-0.34993808801070481,0.3930126433733284,0.1962223993759497,0.6296296296296297,1,5
-0.57863822677861831,-0.78828918795842107,-0.20923182993595887,0.81545002537999922,-0.56383639601192803,-0.13088076497346621,-0.014800628981761137,-0.24635071479525675,0.96906773070906205,12.962066240100595,3.7237066793556068,-0.39543882657310575,,0.3217144438066231,0.1818181818181818,0,6
-0.74966056821274418,0.65888194729140737,0.062318632851088691,-0.65376046041114511,-0.72258558547062246,-0.22464935360041791,-0.10298685775356664,-0.20915222017363586,0.97244488580406763,5.213836002309848,-11.12101430882271,-0.66847923294587852,,0.4590262833445338,0.3333333333333333,0,2
0.78518607015301889,0.61923374375544726,0.005692612078077401,-0.61843843355322881,0.78363801667332877,0.058697212272140392,0.031886347264730427,-0.049608763529291861,0.99825960122565716,14.466487948507806,-10.281583895833887,0.072868032760119592,0.3952150034041472,0.3199758941291633,0.6153846153846154,1,5
0.94111942367276291,0.33803765705522337,-0.0049772279897053141,-0.33412595359208358,0.9322708253819636,0.13867571985684149,0.051517739876929959,-0.12884739250077074,0.99032533640401477,-16.323199179712656,-10.122618803466505,-2.0649751696498879,,0.1503344808450504,0.2222222222222222,0,2
-0.87300085571504571,0.48491093833165799,0.052257897078926918,-0.48640636903637768,-0.85778478088559229,-0.1661749495017413,-0.035754021894716041,-0.17048944708506211,0.98471061655238834,-20.377911639294496,13.19041575854852,-3.1092948659157145,,0.2244103452887872,0.4358974358974359,0,4
-0.23067783600219938,0.9700842903067719,0.075658480538195863,-0.97209484255581069,-0.22634987593711256,-0.06162264794413401,-0.042653875014298188,-0.087762197803267702,0.9952278350121665,5.9189213910834164,20.720728460666585,-1.0456736928872954,,0.1386946950891047,0.3846153846153846,0,2
0.98188230926615583,0.18948253141924851,-0.0018711058534880431,-0.1846334204546202,0.95888296765355541,0.2155317943950236,0.042633681536888575,-0.21128138732710189,0.97649503048799335,-12.188329363282605,4.3704063229652954,-2.441048650104924,0.3023113656814205,0.1833639896266816,0.3290322580645161,1,5
-0.46829972343716575,0.88346805152866548,-0.013400408830251389,-0.88334159714380422,-0.46846956927398986,-0.015616831294351572,-0.020074655267475892,0.0045237807623844592,0.99978824939259359,11.04533076168206,-11.592265520538508,-0.17213446191737389,,0.08900882119551064,0.5,0,5
-0.95215779234439157,0.30545714316066058,0.0095641084259476764,-0.30490867268306121,-0.94740305255453749,-0.097253058219264207,-0.020645575809588399,-0.095516436818347747,0.99521373106334232,-19.792411854505133,-15.716113138844488,-2.0907080508883746,0.3989668321016522,0.3442765000853751,0.9338842975206612,1,3
-0.0083324556314945761,0.99827962972103412,0.0580374970789116,-0.99996478851299841,-0.0083762118594242138,0.00051069466536903972,0.00099595045276878883,-0.058031198151697196,0.99831427322450661,1.9332754051443855,-6.4047921053379246,-1.0206115669858224,,0.09961786672318852,0.3809523809523809,0,5
0.85609064421003656,0.51658367793431748,0.015814948242039873,-0.51549622610301193,0.85129512171026323,0.097776564809064812,0.037046589176300979,-0.091858148490822716,0.99508272559935496,-2.1759390730893315,-12.961844012754998,-1.0863569411698168,,0.6168038793454376,0.6265060240963856,0,1
-0.99719496479925052,-0.058850785191101471,-0.046247024352003355,0.060440131992832817,-0.99760097116531965,-0.03375341130467769,-0.044149661648906179,-0.036453908053933483,0.99835961454972988,-5.5045504274166595,1.8797451278193142,-1.886540195990541,0.5333969575894754,0.6047909293134602,0.9089595375722543,1,5
-0.49706992748625811,-0.83620328894317297,-0.23170141723655296,0.86711636696010452,-0.48857267321810882,-0.096984272613766478,-0.032104413072294287,-0.24912005648909949,0.96794034119678696,-22.63287503849357,-3.5959083634779834,-2.5485217048909372,,0.5427750445871784,0.2941176470588235,0,5
-0.99757412500144671,0.060281473667103305,-0.034813920493406675,-0.05813863147082772,-0.99652836675010326,-0.059591222449887161,-0.038285306036365825,-0.057422627899591849,0.99761559588190485,11.478845688969386,-7.2956602026720798,-0.28550665843720424,0.2914689230217971,0.2293074292628304,0.3684210526315789,1,5
-0.8906406888931373,-0.41653963908535541,-0.18235649798841658,0.45304641486514347,-0.84715036558687828,-0.27764222312872205,-0.038834382521136294,-0.32989541851420207,0.9432183753392116,-7.0964631098666304,2.291662333058659,-2.0233087902177482,0.4520857897071354,0.6528063131549543,0.5354330708661418,1,3
-0.99231795799612466,0.12137233608422997,-0.023954671190768745,-0.11937571517664319,-0.99022674566753255,-0.072114012443857192,-0.032473202251488892,-0.068700423565976138,0.99710869163666871,3.8578814676876578,14.152719338156595,-1.3727278117193233,0.2389284481120588,0.122866154234394,0.25,1,4
0.99322578861218314,-0.10739690730852343,-0.044367072658364794,0.10856811178228679,0.99377752433174305,0.024883674107787242,0.041418569986626741,-0.029531956143101709,0.99870534474720152,10.926718670201362,6.455961047705296,-0.61777548140889982,0.2660795781510751,0.165251857539582,0.6666666666666666,1,5
0.0080509592806131784,0.99189162261872676,0.12683134878038083,-0.99996687530909667,0.007834236118275063,0.0022074938288822884,0.0011959679023060791,-0.12684491997408417,0.99192183963130121,10.653144208503702,1.1516121380370843,-0.54646059374684441,0.4231265546157184,0.2154531882185267,0.6842105263157895,1,4
-0.24674594247876561,-0.94161759641212961,-0.2290692951866507,0.96901041068061067,-0.24257304519953693,-0.046659851427294875,-0.011630299345221005,-0.2334836608194816,0.97229116846111152,-4.9345165173727583,-18.945407996282245,-1.1465440118308392,,0.4586090532603929,0.3703703703703703,0,1
-0.56429190632801096,0.82497857626068105,-0.031384600739861379,-0.82467958673542785,-0.56504259890842345,-0.025108577034561548,-0.038447674501658702,0.011713672767988801,0.99919195663080718,-9.3048420236929772,-7.7688352332402477,-1.7314082960193047,,0.1806138911719495,0.4047619047619048,0,2
0.61820866804689378,0.77661071275255933,0.12121816526267548,-0.78599613647694422,0.61183932730524926,0.088671929075550465,-0.0053024706509842631,-0.1500947647342312,0.9886573953622021,-3.8533266130872397,-13.278230659823128,-1.2116146850104577,,0.3542546583063384,0.2142857142857143,0,4
-0.72445720663348434,0.68887213848417472,-0.024838127486768346,-0.6886308524671213,-0.72487374956616257,-0.018590218403739988,-0.03081079011020834,0.0036364832094204378,0.99951861973784817,7.9981957821896126,15.220527270484048,-1.0588959067752974,0.1772843393147355,0.1272303490024188,0.6111111111111112,1,5
-0.60972169275241406,0.79175075326073785,0.037016241005636566,-0.79226660317638042,-0.6074025815687939,-0.058101061908772136,-0.02351779918472276,-0.064752209341623235,0.99762421006453528,6.6943077775938145,-14.58852034190218,-0.41928108098722455,0.6193334578208678,0.7092792253895533,0.8,1,4
-0.97764790337405894,-0.18757178508657626,-0.094981063732419962,0.20603907580547898,-0.94468557530528108,-0.25518045193814226,-0.041862587945932041,-0.26904644440981873,0.9622169892913468,-17.399489164090433,-14.093268507061277,-1.998290065532961,,0.5777606479669775,0.42,0,1
0.6388784497845712,0.76883744464690951,-0.026894425252698317,-0.76873432466244906,0.63936152955837566,0.016259538940045441,0.029696203235960044,0.010286798801589626,0.99950603664199256,-0.86840912650708624,-6.1921785142619363,-1.1840198424510124,0.3114488478062329,0.2312171024432059,0.8558558558558559,1,5
-0.70006430353169169,0.71405646753976271,0.0057733946100289365,-0.71376897760247215,-0.69949817494496735,-0.035158922921236922,-0.021066977310688854,-0.028734376855876157,0.99936505745082738,10.117353237329009,8.0712440336388536,-0.70595709981671673,,0.5382867287128267,0.3076923076923077,0,3
-0.22728371228249783,0.95264860334713941,0.20199691253044535,-0.97376831228166616,-0.22463448050337298,-0.036257746277123554,0.010834580158145144,-0.20493898777374053,0.97871478131428702,7.4652945099464043,-9.5544575363828219,-0.52225361878061805,,0.3600437510763616,0.3584905660377358,0,4
-0.6459041181948797,0.76287491387010009,0.028805136461799132,-0.76319988856084353,-0.64435630780111053,-0.048279174574934941,-0.018270199769340956,-0.053167794618625003,0.9984184420451081,21.730070206213437,22.849458411989389,0.326175247714445,0.9619808812246652,0.7460067933681385,0.9104477611940298,1,5
0.95298997657547235,-0.2908690533988415,-0.084884028659941643,0.29830861719226232,0.94977622875247047,0.094536152902340645,0.053123191315284,-0.11541364335119252,0.99189597109418848,13.089046063146132,-5.1533463673637296,-0.19471700892293103,,0.1175358345468382,0.2941176470588235,0,7
-0.82708053314663121,-0.55602498078677765,-0.082304388892377789,0.56066700240841594,-0.82649273516639876,-0.050618881136652222,-0.039878617080405028,-0.088011246203134247,0.99532091128516231,17.150721505786883,5.6752127463792483,-0.038839461712470859,,0.1467133245200465,0.4583333333333333,0,3
0.90859363518183234,0.41762825108740365,0.006652067403603028,-0.41325727252080924,0.89654423788304616,0.15945800772420379,0.06063029618703087,-0.14763154612882445,0.98718230017149733,-18.179929074335142,2.6963700030668005,-2.6143460859450012,,0.3020836291806593,0.1052631578947368,0,3
-0.99639340240839613,0.072078774382529923,-0.044775416475268844,-0.068076917232017045,-0.9940310825422225,-0.085251042692298495,-0.050652946382283903,-0.081895404165626712,0.99535291319177044,6.6995407446232402,18.815697656833539,-1.0315534245570801,0.2018736397796879,0.2167684867668113,0.7045454545454546,1,5
-0.59553580396107253,-0.79223061133744055,-0.13307052513740503,0.80287510487910918,-0.59254291614574361,-0.065455775076446315,-0.026993928313584371,-0.14582026946005874,0.98894275711428214,7.505814167953675,5.914198222378606,-0.97058008125412487,0.3807651633550825,0.3349538316586521,0.900990099009901,1,5
0.87012805113544611,-0.47969995644476093,-0.11298285893941554,0.49214854646326323,0.85780350184173648,0.14819905681936982,0.025826010944915236,-0.1845565062926468,0.98248252561749139,24.306692513408635,-1.2088414947381017,0.78203193645700497,,0.3264951315075301,0.6470588235294118,0,2
0.65529032860804026,-0.7471298954634531,-0.11131713496823602,0.75405556466346479,0.65571523711203272,0.037917452698915437,0.044663079079147912,-0.10878624510424442,0.99306130840109241,19.432382419623895,1.7458888748109482,0.29391759820566071,0.1774282687021345,0.1910277228253539,0.5,1,5
-0.57619706112930436,0.80641082489351035,0.1330358156306844,-0.81645843360034542,-0.57535172834493775,-0.048641699120861116,0.037317193742617223,-0.13664541772434893,0.98991689391893645,-13.889661728961579,12.995912872407146,-2.8266935492233749,,0.4083691233427406,0.3478260869565217,0,2
0.94099334437277427,-0.33275227776611477,-0.061704517562358258,0.33599482012114251,0.94038739980690167,0.052716402913848728,0.040484647681585946,-0.070338182560231638,0.99670132606324013,1.6064287893979428,-2.7639277665791728,-1.1605971544439582,0.1941768147605916,0.1527651257423449,0.5875,1,5
-0.18575475372846151,0.98050985894118003,0.063996781062998179,-0.98238117765894939,-0.18395752191805642,-0.032967437133982889,-0.020552207878812231,-0.068993091312931742,0.9974054141132338,4.4069891554700469,-7.2786037996598294,-0.80361561316679331,,0.09864764640978928,0.4375,0,4
-0.94956339258103994,0.31345811757970177,0.0085657453485745768,-0.31134656235471131,-0.93921211697822893,-0.14472013485061039,-0.037318649223821734,-0.14008785759181569,0.98943555150168627,1.7025948728703182,3.3009621963052873,-1.3670455199098837,,0.202603865448942,0.6354166666666666,0,6
0.97081085437736103,-0.20391491551901758,-0.12627348198244126,0.22668839436833424,0.95207515517935692,0.2053418387686976,0.078349581248431777,-0.22797281881635612,0.97051003961789095,5.4635620171546586,11.667650728514559,-1.340146043726407,,0.5084494969927307,0.8627450980392157,0,3
-0.45967187499772255,0.8673965520953798,0.19059115600972668,-0.88783210024489223,-0.45399170275218531,-0.075137844039566429,0.021352496594562925,-0.20375169998117165,0.97878971982952534,-6.4886930178083322,-21.563330231528223,-1.1921894891059663,0.3982497028059793,0.3694160309515183,0.3888888888888889,1,4
-0.99439848730572955,-0.093937609394118229,-0.048449705730740214,0.096797410924149035,-0.99346308477103829,-0.060509176457750315,-0.042448906728662264,-0.064860039612474926,0.99699110606815877,-20.294474866847118,-17.701861763261444,-2.083739273419229,,0.05946884318531274,0.1875,0,1
0.41593801950924492,-0.87981018094399077,-0.23006435933022659,0.90818570721431979,0.41490468616769954,0.055252353865763007,0.046843197354062165,-0.23192271752328072,0.97160566484467548,-1.5165346662369392,20.376105862611904,-1.6368175455933047,,0.353764856387212,0.9375,0,5
0.33677979504225197,-0.87877427959723753,-0.33813478846409195,0.94149027220362658,0.31933514537408519,0.10780135562623858,0.01324526320016288,-0.35465593248565497,0.93490306051242067,-17.117151186832913,23.315033329218046,-2.7716788881323802,,0.387731934111035,0.3571428571428572,0,1
-0.043844781202468382,-0.96381921783315705,-0.26292613125512948,0.99903377050254272,-0.043096241123304492,-0.008616228671277747,-0.0030266411715661246,-0.26304986093234095,0.96477749253737033,-23.134285219492632,-13.621496406691136,-2.2892634499119735,,0.2148415086386607,0.2222222222222222,0,1
0.032995819055486257,0.99849482930615041,0.043810407139625411,-0.99935826637456582,0.032349502483010675,0.015380673519867155,0.013940278106288354,-0.044289790448633015,0.99892145992982673,3.8395814927385872,11.308113459650412,-1.5046520859646089,0.3805100532537974,0.3115758262700691,0.6904761904761905,1,5
-0.95102839560819297,-0.3003844491496252,-0.072898377595001063,0.30644622401242699,-0.94711454619964552,-0.095208971035118467,-0.040443819496093096,-0.11288586752165576,0.99278450752338587,10.022267885101204,11.031125345223087,-0.75575965077600482,0.1600639021015985,0.3401002148887485,0.6119402985074627,1,5
-0.92774314048256667,0.370788526679249,0.042526859401779693,-0.37094770323177251,-0.90353797068988118,-0.21451558681990174,-0.041115286142987907,-0.21479060501950673,0.97579430682943491,-7.5946865316802201,-18.00024777617649,-1.344482409959513,,0.3746445936570371,0.2727272727272727,0,5
-0.22447790554446412,-0.97141105046050591,-0.077267334401976806,0.97441396064609398,-0.22467350252622267,-0.0062650267830342702,-0.011274006402486493,-0.076696729433631886,0.99699072637302966,18.089541501001914,10.470688279816345,-0.013768018380527295,,0.07608780317358624,0.25,0,5
0.14540026517594207,-0.95952699614731529,-0.2411777488726437,0.98936006800252796,0.14225442460295915,0.030501385590086208,0.0050416989993284679,-0.24304654357836752,0.97000152521829031,18.345640302305167,2.4950832949559185,0.13282721730290276,,0.1690858166006538,0.1875,0,1
0.55007742068103849,0.82585466082370595,0.12401173514090205,-0.83439341680849477,0.53734345033077746,0.12267698387742124,0.034676465268844082,-0.17095641427678857,0.98466819140971651,-4.3633291655099962,-3.3467570186202567,-1.557092141143358,1.543058886949473,0.4059485098478512,0.3350649350649351,1,5
0.99908136076904575,-0.034752191009549203,-0.025074285311983302,0.038762370286773609,0.98235439466082053,0.18296808995101685,0.018273292358575919,-0.18377194701751445,0.98279904267137397,11.290201012168595,7.6068757542901499,-0.61515336182781388,,0.557696813554078,0.2631578947368421,0,5
-0.70409449272311131,0.70975255721482955,-0.022410998281989527,-0.70950760800838852,-0.70444611527509859,-0.018831485656694444,-0.029153035780177673,0.0026416284434616572,0.99957146933271712,-23.158702570865938,0.020735744072120397,-2.7378808838353326,,0.0881129524296265,0.4761904761904762,0,1
-0.96613379853994785,0.25601318407789014,-0.032291374964117971,-0.25432774666071539,-0.96589822719074636,-0.048559365608069213,-0.043622019637517329,-0.038702251718413627,0.99829817946076127,7.1079783596784916,3.2021026682492977,-0.92321833432769074,0.3046524545134315,0.2394377916769974,0.6864406779661016,1,5
0.25498115140150307,-0.95328860240375479,-0.16194274592293509,0.96693089359643891,0.25231268467833928,0.037188118521942114,0.0054091994561905558,-0.16606971330590498,0.98609917903005018,-16.661057977189273,3.9165141824240974,-2.6118093102160982,0.4144386615174866,0.3707852771110544,0.7710843373493976,1,5
0.20094346879396896,0.97953838361964418,-0.011237320181561155,-0.97955488756770637,0.20103391238740395,0.0075886963592530533,0.0096925018063721731,0.0094826729369589368,0.99990806293514078,-29.993118819994852,12.253390367686752,-3.3009367679942474,,0.1370889745274503,0.875,0,1
0.96127912453652908,0.27432556588619333,-0.026228393612710604,-0.27247288746116305,0.9603821801560033,0.058520027660436846,0.041242821543389811,-0.049107554816155065,0.99794162040227485,15.098435162615633,-1.4721929177416164,-0.097692614214025239,,0.09281216666680446,0.3571428571428572,0,1
0.4791530518819857,0.87760074728764459,-0.015142035277623912,-0.87748837980364169,0.47935501923284873,0.01526135137717685,0.020651783984959569,0.0059744369144741237,0.99976887825226701,6.0333612233148086,-4.7872303850575282,-0.76833335415952064,,0.08585786722675534,0.3793103448275862,0,5
-0.61899132160589709,-0.78366667327317241,-0.052118029294509448,0.78492443486113228,-0.61955831980050091,-0.0064124818839745501,-0.027264910315580728,-0.044877985326204045,0.99862034382368969,-27.580122093042988,-0.29075349414656454,-2.9055605499604331,,0.535751666836071,0.7352941176470589,0,1
-0.6234789438188969,0.77732535455267981,0.083900535063990339,-0.78135646911413414,-0.61572106592679021,-0.10183141532685806,-0.02749681414212295,-0.12904596910995897,0.99125731425725461,-9.4107811949136551,15.865369105144142,-2.3971656233353684,0.3393417554361041,0.4901333161681447,0.6666666666666666,1,6
0.66973358560097107,0.74245958562956638,-0.014515096446127165,-0.74222582984911678,0.66988855089459942,0.018712212192170001,0.0236165582348025,-0.0017587174609215361,0.99971954321701462,-12.282057183458027,-0.21936687378386324,-2.1990255617454841,0.7089492378531408,0.6763706583507743,0.9919354838709677,1,5
0.8485877639605377,-0.51988423919444426,-0.098077442328339787,0.52820027548761284,0.84306332051778854,0.10123589567110766,0.030054547597080084,-0.13771207439703695,0.99001621639950965,-7.2129800944754559,4.7726266734825478,-2.2143718747571417,0.2940088924901297,0.2982070337921341,0.5892193308550185,1,6
-0.17550167820367857,0.98447908952973107,-0.00028848986929377575,-0.98442385847560343,-0.17549492235804118,-0.01054509793936774,-0.01043205692556338,-0.0015666860749199234,0.99994435729346731,11.964594393810819,19.90517582915502,-0.5918661461187853,,0.1416934858497426,0.625,0,5
0.45410010861058669,-0.88687037268051971,-0.085170613602160369,0.89066247637387663,0.4543054977080726,0.01807948925643179,0.022659314627906296,-0.084068167660152349,0.99620233820587745,5.0914101094941913,-8.2900215406099704,-0.72480591905355918,,0.08585098727486336,0.375,0,5
0.76312111149720863,-0.6382612382240902,-0.10133489511473674,0.64547557169654091,0.76047292676255152,0.071008548810842079,0.031740439982576238,-0.11959732205132736,0.9923149827690112,-25.098473312517221,18.704922011480122,-3.1441446733498486,,0.1360496611473477,0.3846153846153846,0,1
0.16404107070485027,0.96634078123594003,0.19818178938116371,-0.9863622723487353,0.15794921021946701,0.046276502440076972,0.013416214408175278,-0.20307028712088901,0.97907224640452062,0.87405138087780687,-8.3531184499293509,-1.0391074524273332,0.6146372129567423,0.3599471582393442,0.1714285714285714,1,5
-0.30662348028373754,0.94153689432615595,0.13960772887395659,-0.95182612691044954,-0.3028418832238633,-0.048102161033324681,-0.003010891784897642,-0.14763153588606906,0.98903784767954106,-1.8539928914676223,-23.696929364004362,-0.79006136248373848,0.9754785678553305,0.6246868229192246,0.703125,1,4
-0.99678600348491764,-0.064320177753144581,-0.047755397499859416,0.068334263196258835,-0.99378970311047421,-0.0878205811015869,-0.04181018691646942,-0.090801655961771269,0.99499093842336594,-0.032607068506149389,12.488866530217285,-1.7301829336305945,,0.09371316296711094,0.3636363636363636,0,5
-0.87006828409676251,-0.46305241594675223,-0.16900781370928075,0.49106068138986519,-0.8440689053791347,-0.21542304928904535,-0.042902076894204555,-0.27042585501010269,0.96178441905669199,-23.250208941269737,-22.319606570149315,-2.1727833832353602,0.7605873679730616,0.652750170113331,0.3833333333333334,1,2
-0.97822704199899513,-0.17866446194364924,-0.1055976531002593,0.20224810650139985,-0.93481248089479063,-0.29192692404080339,-0.046557037260706181,-0.3069277367748196,0.9505933971366477,-10.575300454101724,7.5273487586461005,-2.4964537836597493,0.3918118965927626,0.4123759233907787,0.3490566037735849,1,4
-0.55548952550363295,-0.81975307692901478,-0.13941405926649347,0.8310916752989056,-0.55274485998386602,-0.06131677592857613,-0.026795788934223092,-0.14992669084198823,0.98833393803337732,10.494400350785998,15.829855878751866,-0.78687473730939872,,0.1332289300241389,0.32,0,5
-0.7771109113695216,0.62854472210458401,0.032096164021618384,-0.62853141387154554,-0.77245160047624228,-0.090921871396973386,-0.032355729122792228,-0.090829825697085226,0.99534067010083005,-23.826799997774188,15.343641791375374,-3.1777682828712845,,0.148316187939716,0.2941176470588235,0,1
0.14137499548210905,0.98955263590597531,0.028261129205490787,-0.98949441430241958,0.14212325358235875,-0.02649122223446879,-0.030231022423085358,-0.024219033066998595,0.99924948022030735,-5.5465069787416983,-13.248653500520216,-1.3278713536225211,,0.2531244385947615,0.3478260869565217,0,5
