axis_00,axis_01,axis_02,axis_10,axis_11,axis_12,axis_20,axis_21,axis_22,location_x,location_y,location_z,dbh,dbh_approximation,score,reconstructed,number_clusters
-0.2407407990799923,-0.90617345277969008,-0.3476974850867639,0.97001870147806768,-0.23691458510829988,-0.054177468986323279,-0.033280421288328838,-0.35031579016695163,0.93604020251192965,-9.0402876164171708,11.098661139078184,-1.2405709277447821,0.2288857538172475,0.2674233085387667,0.3863636363636364,1,2
0.34463374596778995,-0.89894227871220989,-0.27042625738620157,0.93763782654094663,0.3435754635468859,0.052831875682316017,0.045419020022212382,-0.27176953543810189,0.96128998342226568,0.77972641252646635,12.221835812229825,-1.0659281001493541,,0.4169822272086107,0.2340425531914894,0,5
0.056312452343196429,-0.96346702864153744,-0.26184001304564203,0.99840357841767657,0.055491941629994788,0.010532759225919808,0.0043820444855321343,-0.26201513149965211,0.96505381640162768,-10.432079114511668,18.581378150946655,-1.2490277662879539,,0.2757205437782537,0.2380952380952381,0,1
0.56923478014282647,0.82217387431517319,-0.0013731239287489492,-0.82118674124306856,0.56863161248588057,0.048066883488474287,0.040300137497722446,-0.026233750690340299,0.99884317549972734,2.3227869569164308,-25.670209892494242,-1.5572257248444037,,0.1286805680927546,0.25,0,2
-0.16092654616745991,0.97870123330723557,0.12746192632119208,-0.98588576788524163,-0.15336247858837071,-0.067150598229348477,-0.046172496358115711,-0.13646921295342829,0.98956771092024409,-11.089232148772998,-23.211140908665651,-1.7620891063048327,,0.230563217464636,0.25,0,4
0.88461620658888052,0.46621743908438129,0.0097706977182253785,-0.45975280308920485,0.86846301609713128,0.18547061687257391,0.077984146413988445,-0.16856241919560733,0.98260123333069682,-15.613462346691318,17.576487334084096,-1.5388246339685445,,0.6293543902692114,0.2162162162162162,0,1
0.68095629897297605,-0.72492963125176613,-0.10380534004667087,0.72990973717136121,0.68335879663401955,0.015891212834096998,0.059416281198512937,-0.086589749948147873,0.9944706736412372,-18.926228947701201,12.750960385642472,-1.6909863511795971,,0.5112187809399683,0.6923076923076923,0,1
-0.62722638298066558,0.77844543191128601,0.024693603006496648,-0.77838296054715217,-0.62546311907630769,-0.053998642623558392,-0.026590058722043612,-0.05309045311341308,0.99823562978155111,-6.6209343284360846,17.243378590418473,-1.1495715958908141,,0.1681660747510678,0.4285714285714285,0,5
-0.91585147670844858,-0.38764481437450155,-0.10463063843594483,0.3931964563181734,-0.91866124110606484,-0.038184693638893145,-0.081318013685689028,-0.076111904312161513,0.99377782158397521,-9.8404513139633742,13.873037549725755,-1.2369775536928815,,0.07440172129175379,0.1875,0,3
-0.93661110800387937,0.35035803437075047,0.0029799522830079449,-0.33915790186611433,-0.90446978534079425,-0.2586625697841729,-0.087929232713131911,-0.24327691044865113,0.96596314364319213,14.290279114860349,8.3326078420658511,-0.67200325122067583,,0.2265507338147243,0.6666666666666666,0,2
-0.98574896068883711,0.15047125022098598,-0.075215619108086773,-0.1444026105895303,-0.98623815278052007,-0.080512061549794275,-0.086295263808669115,-0.068503349239309827,0.99391167544565606,15.512386806385098,8.1746183110433392,-0.68295764617672905,0.08273247721468284,0.1115860259783774,0.4642857142857143,1,5
-0.63513950548717124,-0.71718359225836248,-0.28678476871148911,0.77126104532891382,-0.6090030117386741,-0.1851262586760041,-0.041883272647468529,-0.33876692088900129,0.93993763877382974,13.951268190144525,10.640639706101165,-0.66360056092445163,,0.3905152006863697,0.2307692307692308,0,2
-0.72345177715826037,0.69007949605083863,-0.020194436282682363,-0.68765897990714764,-0.72288945702201923,-0.067497853887889675,-0.061177230074722068,-0.03494455689561312,0.99751502468070796,-14.38643070201628,13.327900900340181,-1.4420841155671571,,0.0806203897610786,0.1363636363636364,0,4
0.43646151023641638,-0.85530605811811578,-0.27920046029438383,0.89826640223431831,0.43189317755672763,0.081152657362315042,0.051174414497470677,-0.2862164043628565,0.95679744417219126,-5.5826948149650386,15.071329582093417,-1.176248750177989,0.739006368989785,0.3822780060736398,0.1666666666666667,1,4
0.93292070791454551,0.36005135589081189,-0.0046876289754727669,-0.35063705607146495,0.91133563920547145,0.21568729128878147,0.081930505025662778,-0.19957548405338563,0.97645123713941662,-11.773206284453817,26.990074942824773,-1.3967005671991644,,0.7454718271138678,0.4,0,2
0.33459498887099148,0.94235040258574765,0.0046810435697915995,-0.94177764343921966,0.33420846208690586,0.036872404146959387,0.033182280519769694,-0.016745823837193183,0.99930901809376371,9.699401138586472,18.939588145644869,-0.68884032625907876,,0.1840916605516839,0.3333333333333333,0,5
0.37544933993324064,-0.88476405431430405,-0.27609846311960567,0.92532846438979632,0.37484060832783772,0.057111744312678486,0.052962497427086801,-0.27692433360347879,0.95943102270280667,-1.096778401906007,-24.587132206917758,-1.5596965719403242,,0.2447780388834419,0.2727272727272727,0,2
-0.28626303804616127,0.95269045281185138,0.10214878447506366,-0.95797528824115352,-0.28253733239158091,-0.049558076277526765,-0.018352661056694159,-0.11204265672591077,0.99353390626889981,-12.323550495871057,16.16875463501955,-1.3420724730585156,,0.254110432750363,0.2432432432432433,0,3
-0.97863292937661106,0.192917147304033,-0.071137639937144323,-0.17951310864535031,-0.97034034786747703,-0.1619093978893941,-0.10026282144561549,-0.14567972946329064,0.98423817394940871,37.326967293432709,5.4522137547673539,-0.19234071752021795,,0.2363315205759133,0.2413793103448276,0,5
-0.55518156924593665,-0.82220093811273232,-0.12553502513705592,0.83035962275028341,-0.55657573964107643,-0.026950750434720169,-0.047710817176249011,-0.11920177603345671,0.99172305333436861,-13.368665147721819,14.374336576812251,-1.3909455104290485,,0.0854158802113566,0.4,0,3
-0.66386789768533772,-0.7359537494392111,-0.13285892182769099,0.74663468723881665,-0.66236955024522537,-0.06167027419861066,-0.0426152347716615,-0.14013799482761446,0.98921447834686049,-10.514541535075871,-26.104471253927358,-1.738910554545454,0.2370216284530305,0.2363836815890936,0.25,1,5
0.35051959292924312,-0.91156138010464061,-0.21492292868477469,0.93533519132158638,0.32901029103268387,0.13000118564843816,-0.04779220488875531,-0.2465929412945789,0.96793999114385154,-8.5951817441169265,-24.194303433174813,-1.6239464078887471,,0.6626404323742492,0.5588235294117647,0,2
0.91261922022947062,-0.36524381047930238,-0.18363855198272544,0.3857217633154329,0.91813676943974554,0.09079423939645126,0.13544327289528252,-0.15369395404278682,0.9787917492082302,-9.752948093071895,-24.448775492274805,-1.7009715799629375,0.7494224667071693,0.4322181420722998,0.9387755102040817,1,5
-0.79858634803913753,-0.57938046775735352,-0.16302796786681503,0.59990074160025408,-0.78815489479753043,-0.13758983259731969,-0.048774429294233743,-0.20767796076609454,0.97698051140186914,7.1614320679656087,8.5691625369793876,-0.90019658021394644,0.1772574854842696,0.3108746652400062,0.5333333333333333,1,5
-0.38127862035763915,-0.85747392332209693,-0.34549252449334628,0.92402961645236414,-0.36489128547260163,-0.11412106600031632,-0.028211373186560262,-0.36275724749308963,0.93145654639074038,27.925103508826894,8.5262079730478337,-0.43756124630667809,,0.3128076531472609,0.3125,0,3
-0.93839866297079655,0.34538512611477107,-0.010819611513630058,-0.33687961747535194,-0.92136393907140135,-0.19390878038008461,-0.076942008449757432,-0.17831883365902565,0.9809598977013293,21.328554354991564,8.2859476344023726,-0.61475485540445274,,0.1674914782272324,0.2666666666666667,0,3
0.62089038341380298,0.78385178941334954,0.0084560048339379669,-0.77741953813667475,0.61433981968649731,0.13492756453342727,0.10056835241576251,-0.090349090648731756,0.99081938228484767,18.045354607647241,-24.341472792105723,-1.2826064951536358,0.6467907668825479,0.3244828451452307,0.4285714285714285,1,5
-0.8567871217902534,-0.50039954269166087,-0.12456374114625136,0.5136231903300511,-0.84961655196978114,-0.11976198467861111,-0.04590257388811176,-0.1665893522796599,0.98495732974453754,-17.675202734148584,15.25203210560883,-1.655068815169781,0.6945251426520479,0.3266566936526564,0.3902439024390244,1,4
-0.80013886509842658,-0.59047044126064097,-0.10546304829876083,0.59592087939796878,-0.80256240275938728,-0.027783001541079159,-0.068235636265476685,-0.08507789180829485,0.9940350347291097,-11.985902406222248,12.157981598929567,-1.3043225377089194,,0.07154308886951344,0.2307692307692308,0,4
-0.88497628202298018,0.46551957134512539,-0.010416763001678698,-0.45743180845186859,-0.87334680059459158,-0.16739625595467633,-0.087023679956867994,-0.14337675748126422,0.98583466389700625,-18.820287387589822,10.939341543395141,-1.6675916945864542,,0.1485920447215971,0.543859649122807,0,2
-0.79207245601252863,0.61034913218332965,-0.0097550637792406334,-0.60497669036277735,-0.78703071038672079,-0.12077195463299248,-0.081390592478374921,-0.089758552524145177,0.99263234568735925,5.6848161834381443,15.534324814054981,-0.85522954567097398,0.4137949450321511,0.3553330731783525,0.7938144329896907,1,5
-0.27580930934775999,0.96056927937960213,-0.035155147407796315,-0.96092043132680927,-0.27644240946821336,-0.014543689563094339,-0.023688595057763589,0.02977001443669193,0.99927603629058814,-21.261640825237684,-30.503776648080127,-2.1008117971466147,,0.1351068286278069,0.3571428571428572,0,1
0.98285712363703803,-0.13095950584571814,-0.12977473692738345,0.15729340759347646,0.96281005073326442,0.21967155058095092,0.096180343332506177,-0.23631845893973685,0.96690378400375854,19.367910768907251,10.656966202999534,-0.64921978754061294,,0.4446015291951908,0.25,0,8
-0.94244588679231511,-0.27884782543364084,-0.18449834882506835,0.32387091081418484,-0.89844459773036145,-0.29648766911546109,-0.083086602991319244,-0.33917723252019544,0.93704611484350331,2.5915503522707426,-21.603483572510001,-1.4329983009966545,,0.4552667967430501,0.1153846153846154,0,3
0.017839953280320224,-0.99078632244767906,-0.13425423389062993,0.99981275504461253,0.016671200075206668,0.0098247614807819295,-0.0074960601023352511,-0.13440436874840189,0.99089821613740237,-3.7150261358279617,12.848158065083615,-1.0997657257076781,,0.08392049190529043,0.2272727272727273,0,3
-0.96943435794251964,0.2348103190950501,-0.071141687406573673,-0.22260183791850971,-0.96369772593955427,-0.14742833775849398,-0.1031767774059425,-0.12708582558811121,0.98651089478966825,2.7691393176779582,-26.740052480041097,-1.6069559622439162,0.556068048841262,0.4948204940050436,0.9285714285714286,1,4
-0.97535390600447436,0.20349701521340527,-0.085286123379192821,-0.20024629850328324,-0.97870382266697475,-0.045169098206470103,-0.092661631636561048,-0.02697762584600261,0.99533212031269447,8.6883566317492242,9.6541936454007882,-0.85727096649906365,0.2107747297979476,0.1708054187322448,0.8048780487804879,1,5
-0.50844958950480779,0.85205371026636223,0.12443267156868176,-0.85727748062083564,-0.48729804609260985,-0.16618043054077727,-0.080958854690428628,-0.19116769888150972,0.97821294959306437,19.178479324477859,6.7898650061007961,-0.69249620685364599,,0.2404984120069492,0.1578947368421053,0,6
0.65036133485402747,0.75959907803818161,-0.0062749319066465435,-0.75821899409824811,0.64963778464071598,0.055450029357472876,0.046196224039731663,-0.031304782552328513,0.99844174565861543,12.857145718013465,-24.393924425562105,-1.4563530940656138,,0.2041533373964337,0.5,0,3
0.91225860629513544,-0.39042557913094716,-0.12390360124193665,0.40174154281627333,0.91183112381546361,0.084662473487539969,0.079924764723186922,-0.12701129399267005,0.988675964703426,-22.787979500647488,-21.182504299133697,-2.1033830700510503,,0.6753703540806053,0.1333333333333333,0,1
0.8966409599256846,0.44210923867817203,-0.023966853338602892,-0.43564862201518706,0.89061099008680822,0.1304696994434473,0.079027002472670874,-0.10654334991918563,0.99116257368212912,-1.369028745615291,-28.474091512833699,-1.6689429132416007,,0.138844265238076,0.3333333333333333,0,1
0.7739620906585698,0.63293918800667637,0.019252701339427924,-0.62953145431476243,0.76580136499469531,0.13129515375900877,0.068358103043869634,-0.11373765277035859,0.99115635299912863,0.92146944151947896,-24.323639721971126,-1.5188671239578899,,0.08373480075903758,0.3181818181818182,0,1
-0.71255979310110429,0.70034074895230047,0.042206357490811641,-0.69884789578207351,-0.70313383982853805,-0.13120374174902025,-0.062210608554162661,-0.12298633519585223,0.9904565621663648,-21.94794150207829,-22.892986426304525,-2.0759120553605759,,0.5655782011431862,0.6111111111111112,0,1
-0.76973089648103454,-0.62166457976927214,-0.14507755602709949,0.63562686596993467,-0.76741038893666924,-0.084022510134531297,-0.059100205242795092,-0.15688991431052246,0.98584619516834127,-10.611766335400345,11.066764109589895,-1.2589784272611397,,0.09943053926236783,0.1627906976744186,0,2
-0.99464763587460736,0.068537689833359533,-0.07732183082003552,-0.055175378880753148,-0.98502279042274421,-0.16335782782945343,-0.087359933690573113,-0.15821721594092794,0.9835321827807576,-24.328634734319696,5.9756066273354218,-1.9569751496421093,,0.497257678510424,0.3125,0,1
-0.16143907304142649,-0.92433818856819461,-0.34574027658054879,0.9865009656566105,-0.16089229286053292,-0.030487946087851964,-0.027445772973269441,-0.34599506246845474,0.93783481823472004,3.9774895168384994,-20.416371016261763,-1.3534045627731182,1.149020703267383,0.5880119106716627,0.4666666666666667,1,3
-0.91278561673916825,0.405889475740008,-0.045564803934579505,-0.39962408656355936,-0.91056306558483024,-0.10571420449020065,-0.084397910592242026,-0.078285612191874354,0.99335208038812006,10.733701481975814,12.941209027706632,-0.7609514836387401,0.4384845954508778,0.2145725686851442,0.3793103448275862,1,4
-0.97798725905932393,0.20215621604559059,-0.0517086591564715,-0.18684891021468553,-0.95873868232237081,-0.21426064447384879,-0.092889212878654911,-0.19988247380121429,0.97540688473984594,7.7393349898895529,14.19016112525175,-0.80811242666888616,0.3427911926291713,0.3245853874908035,0.3207547169811321,1,5
0.4186370396842457,0.89459907127452354,0.15631868307778035,-0.9076064617640669,0.40616597019420048,0.10620600369242593,0.03152046269525649,-0.18633761383833392,0.98198001715947003,12.068554639916155,13.424918966867056,-0.73106770719640346,,0.4081603191400998,0.3181818181818182,0,4
-0.54125975255110137,0.83993994073025169,-0.039227238424108975,-0.83939231705035977,-0.5424805368697706,-0.033695774131388016,-0.049582439887007133,0.01468887618392687,0.99866201418262845,-1.6635737011138627,16.148483930005167,-1.0247038528561423,0.4893481758655627,0.5227711506420027,0.8947368421052632,1,5
-0.42873085576806141,0.89287510295079586,0.13770949075133171,-0.90266107853427735,-0.41706235000276776,-0.10612244583264968,-0.037320645917782558,-0.16980296446403487,0.98477110165129489,9.726021573513739,11.106922986237882,-0.81416388091102887,,0.4067627762679583,0.3478260869565217,0,5
-0.59429133595919181,-0.78434777112049081,-0.17780996018828318,0.80251690445683366,-0.59284188869781884,-0.067120139051001809,-0.052767661165355063,-0.18258441593828026,0.98177314334402976,-16.869245894428676,9.2530240209617816,-1.5273956970482325,,0.07678948325837656,0.28,0,2
0.44240657329630156,-0.86453786907559327,-0.23843384163842135,0.89642309109873486,0.43415308881415959,0.089088367467995477,0.026496521454942582,-0.25315088071613762,0.96706388927693443,-13.147069549656427,-26.220764721819364,-1.8396153790400795,,0.1888745751397651,0.3157894736842105,0,5
-0.94318569847770173,0.3295017630310384,-0.042770624809184074,-0.32181289695919868,-0.93794695554377361,-0.12919739911041214,-0.082687348112384637,-0.10809300044685785,0.99069607131376947,-18.498983273570666,9.4185743026443234,-1.6272662133259073,,0.08944164162110903,0.3,0,1
-0.28384612255972769,-0.89446716130771986,-0.3454849867214439,0.95498272728894851,-0.29611807292152248,-0.017946516904522848,-0.08625177846032224,-0.33502624409343229,0.93825265599468366,-16.682308661799915,18.229494376732262,-1.6198845050102015,,0.2549302089618851,0.1363636363636364,0,3
-0.78829405660377494,-0.58502274175850288,-0.19063281970460577,0.60695850331533208,-0.79018525085733504,-0.084903737142379476,-0.10096462537134694,-0.18263532230347598,0.97798286460997319,21.501513543072896,-24.854429271578503,-1.1428777046185232,,0.4214663973906974,0.3611111111111111,0,3
-0.99472026858305451,-0.038694930745704972,-0.095048880080938231,0.057507123294610739,-0.97728581496230293,-0.20397393618755613,-0.084997164896447597,-0.20836299625425789,0.97435124249498117,-13.035271359342339,20.108372940082983,-1.4003520913746501,,0.3933212273084861,0.5714285714285714,0,3
0.92033692169928316,0.39063973199219043,-0.019507699663399058,-0.38165570913412838,0.90784325498937801,0.17366503406160216,0.085550395922014258,-0.15238511790644585,0.98461155061182637,-9.3679737271796277,-26.537916249644468,-1.6886731212101527,0.5076206817153717,0.4141362788315252,0.5892857142857143,1,5
0.16690206308610722,0.97764130150831119,0.12791085537488944,-0.98553054109717864,0.16152908902505875,0.051360548706534843,0.029550869738515801,-0.13463223605017291,0.99045489908113793,-5.7353691188756013,-29.501972289502806,-1.8083607939641291,,0.4281573604387107,0.7222222222222222,0,5
0.90789471460854532,0.41324048222946747,-0.070423653928393226,-0.40380153592690693,0.90723144896701624,0.11779396244409046,0.11256778743912355,-0.078507336293917027,0.99053777887524053,-21.256308054910733,-28.421500752533266,-2.0873788559791446,0.7144096165380278,0.6103854998455696,0.9137931034482759,1,3
0.63924206456927157,0.76659737230129288,0.060811607987026617,-0.76691988407775769,0.62969169669790381,0.12378311078605722,0.056599242851592693,-0.12576500264567855,0.99044418813891688,-18.507047665055655,-25.104098903289088,-1.9641232439360647,,0.7110024286222094,0.8166666666666667,0,1
-0.92529980790758037,-0.32601413964098286,-0.19373963518171863,0.36972995352640037,-0.88917121717023084,-0.26958172790709795,-0.084380252142083154,-0.32107526735978975,0.9432871491429734,-16.430106952978083,12.873243816224402,-1.5523061629312735,,0.407358370117722,0.3111111111111111,0,2
0.62375546836239171,-0.75454308249233293,-0.20394570932231296,0.77972678233261328,0.61883719644510959,0.0952190590647983,0.054362308645256992,-0.21841534048441907,0.97434053515176744,-9.8919239179237852,-9.8688850061370044,-1.3800025650409862,,0.2666071018598571,0.3333333333333333,0,1
-0.50919283567750484,-0.78185297410732113,-0.35976184202085615,0.85946339249011383,-0.48389867220587623,-0.16481732920653616,-0.045225358639676791,-0.39312593645920618,0.91837174663585242,-23.63444931365277,17.354721799255007,-2.0433021418129576,,0.1194439936891647,0.2,0,1
-0.3760303497410219,0.92572220007300898,-0.04049178145789753,-0.92547684363825256,-0.37737076025719374,-0.032922958437638448,-0.045757927870737798,0.025094174521130587,0.99863731877097428,-4.1570957888898663,-32.655843082050353,-1.8294306092102715,,0.1464226290226422,0.3333333333333333,0,3
-0.98504507474412573,0.15204493134990052,-0.081046527212121716,-0.1472613426989326,-0.98714725310297891,-0.062083795291137209,-0.089444383103963951,-0.049220316354614581,0.99477488045743501,8.2720170976750946,12.578315859060433,-0.81930609981775104,0.2401074062110486,0.2236827988643926,0.6296296296296297,1,5
0.1606674564338032,-0.95981834247623687,-0.23007546129316667,0.98691753004633975,0.15939339436088154,0.024239115523268739,0.013407361050029612,-0.23095994302105274,0.97287087909413139,25.995605574786843,11.039450556565358,-0.43842722410293566,0.5644145124542124,0.745500057831584,0.3846153846153846,1,5
-0.99131420968193074,0.11046405117413895,-0.071371080143752125,-0.093066227165941651,-0.97265898277490204,-0.2127749529159608,-0.09292370549965169,-0.20428459713225874,0.97449114327977548,20.950055418634463,8.9409246270979565,-0.63480535050628162,,0.5129456946460598,0.45,0,3
-0.077204391136616798,-0.9873088169680504,-0.13878321918147907,0.99698188730763926,-0.077589575434558425,-0.0026408643252100413,-0.0081607824210359736,-0.13856824210848293,0.99031926362625233,-10.29706193845883,12.532991759537332,-1.2556611930743276,,0.09928991700183423,0.4117647058823529,0,2
0.35124244596235643,0.93562585993511782,0.035114019636765782,-0.93623637140768068,0.3505968599205746,0.023308768032879606,0.0094974211109517225,-0.041062051026501484,0.99911145872607066,-6.9896002566292603,-24.422623038959649,-1.5789444104424604,,0.9009140983812891,0.4426229508196721,0,3
-0.52775428963759674,0.84647361416413069,-0.070411861877320167,-0.84801230363208913,-0.52981201519558807,-0.01320459931190969,-0.048482395338037755,0.052741341263804725,0.99743060323211563,-14.083886751277937,15.246460663962919,-1.4411660891282088,,0.1242865668837567,0.589041095890411,0,3
-0.13544007494120747,0.99055810005788469,0.021228200810108084,-0.99069097458244615,-0.13569207529920979,0.010911167759544966,0.01368864422809965,-0.019552777570148994,0.99971511437433469,-18.847436508373779,17.388753372907132,-1.7549819838610132,,0.2492305327776023,0.1136363636363636,0,5
0.012311831215909133,-0.97419087507480961,-0.22538979065851034,0.99992407379565906,0.012111125060785247,0.002273168197603986,0.00051522422647338995,-0.22540066453038277,0.97426601858694495,-9.9407931587474483,17.521721053011468,-1.2375928864935386,,0.379375666002822,0.1538461538461539,0,1
0.20537200639066996,0.97594502981632514,0.073168557235217369,-0.97820531304795011,0.20235910482705105,0.046531260657289214,0.030605628825963894,-0.0811300897966174,0.99623350877882044,19.663513958519303,-23.894369983768343,-1.2579166924135687,,0.4535476788396021,0.25,0,4
0.93052271123280017,-0.33920953234155776,-0.13807381014725531,0.35603856439100878,0.92620419185256098,0.12402554438958655,0.085813894832643803,-0.16456818697234751,0.98262571068046345,10.618428368680741,-12.319407823453782,-0.99198522033112801,,0.1536102662686997,0.1428571428571428,0,4
0.80592380734219082,0.58779043840167167,0.070634391642009298,-0.59100951755521947,0.79183681010712337,0.15395524128304572,0.03456250740633067,-0.16582179194226826,0.98554988021857171,4.0397345237925242,-25.180548851002904,-1.5782973459714496,,0.4589378704873563,0.2727272727272727,0,3
-0.99349236017575515,-0.058069153047971923,-0.097984201464813653,0.073117759209592487,-0.98476788978674401,-0.15775296045757489,-0.08733111450436222,-0.16389074625875724,0.9826052613995977,-19.918753417484648,-23.054688929397521,-1.9563732205319837,,0.3255791071747564,0.125,0,1
-0.053795565077258717,0.99853545138724309,0.0057436487437807545,-0.99850915182419508,-0.053845635290698877,0.0089510492941588752,0.009247210462827905,-0.0052535590807149483,0.99994344300847349,1.3008146477987745,19.797785409375347,-0.91078546715717212,0.2681034735331682,0.2350503952299091,0.5,1,5
0.73524022155245816,0.67365303672206722,0.074922644952177819,-0.67504791238923445,0.71779778697012697,0.17051877609144681,0.061091182591511473,-0.17594863777797679,0.98250188003567984,-15.658738384531617,-28.448472348207876,-1.9217877105334538,,0.5902379780623537,0.6582278481012658,0,5
-0.93407694419714027,-0.33244948280746323,-0.13029813390982586,0.34746587022609504,-0.93034233912458097,-0.11717764744278515,-0.082266222396286115,-0.15472709333938042,0.98452617803661846,-12.773396825266731,17.079806887703121,-1.3731641776630907,,0.561673534195098,0.2424242424242424,0,1
0.48508331765382917,0.87341836924650584,-0.042831380980882412,-0.87344719172464003,0.48630143932473535,0.024513534609093991,0.042239533642011849,0.025519842739838632,0.99878153738654962,-11.971677787574668,13.169326765622293,-1.3141057099199551,0.6652768309870811,0.5872892207643204,0.6940298507462687,1,5
-0.39261577454968732,0.91770027992904313,0.060655171196745218,-0.91955714864991756,-0.39052620893808204,-0.043634052061259102,-0.016355547731100647,-0.072907313423324183,0.99720460273095923,-12.102456661994633,-25.095242807418384,-1.8125848641509936,,0.2033137616014211,0.3571428571428572,0,5
0.92326286944304226,0.38408442799841802,-0.0080514642722907034,-0.37546076894414016,0.90657389390690568,0.19275109823382469,0.081331942628188367,-0.1749369230768581,0.98121464932639801,-19.633787993449644,8.9233449517636814,-1.6868687939734397,,0.3300165956350212,0.2,0,1
-0.98873301646270984,0.11704983658204129,-0.093307866295755243,-0.10039339400439648,-0.98089008300346536,-0.16666076774613509,-0.11103237634504233,-0.15541551023488809,0.98158944094850609,10.495529325940241,15.528683040162178,-0.76301243958789811,,0.2379883020183764,0.3157894736842105,0,6
-0.3998573719255118,0.91361632948934579,0.073615790474851214,-0.91573773226842836,-0.39476350234207469,-0.074740771460388045,-0.039223562009309217,-0.09729840548042408,0.99448204230859183,17.752492132989012,-28.853199752314662,-1.2784071679207185,,0.2733144588896657,0.4615384615384616,0,4
0.9147509455706726,-0.36106840460831946,-0.18127414258840985,0.39598884485071928,0.89026637466492919,0.22498581487453165,0.080147004506427255,-0.27758852522135508,0.95735106848745932,-6.3878433874946419,23.927429539081999,-1.0756348975616845,,0.1987494331914428,0.125,0,1
-0.99761539157213974,0.031171016759517216,-0.061578390792089058,-0.024501515875125297,-0.99403857313179722,-0.10624025059232745,-0.064522912350469183,-0.10447814527583002,0.99243191753466664,13.550795632627336,8.8051080399264592,-0.69306461280228315,0.4936056840932096,0.2777260143216017,0.36,1,5
-0.59702964447609752,0.80047461753678506,0.052877124506551881,-0.80098855365771715,-0.59116789663837355,-0.094540228968830159,-0.044417795150840766,-0.098797290770031618,0.99411576529619461,4.0757818186297472,17.709704042330163,-0.9352756051604203,0.3514509190140933,0.3245437305808793,0.3333333333333333,1,9
-0.53511891342872497,0.84101805176281752,-0.079601413931759818,-0.8434938777023997,-0.53711995483263741,-0.0044980439253799048,-0.046538443994507489,0.064736316929989948,0.99681662431006313,-9.2778800022225685,15.901982237471282,-1.2098581055417266,,0.0736365016527589,0.375,0,1
-0.47869982540267242,0.87795300017088407,0.0067086996052627672,-0.87676381219870114,-0.47762169331875809,-0.056238204897753018,-0.046170280248774703,-0.032803163906320196,0.99839484056132988,-4.0126487435359008,21.870884718777354,-1.0360731069428084,,0.2095490166493988,0.3529411764705883,0,3
0.12796719094799744,-0.94329130078560519,-0.30631016944117018,0.99084981744137379,0.13495879349221596,-0.0016623283430273516,0.042907310767203645,-0.30329465198272959,0.95193031087438329,6.2177022387264733,-25.144849791417826,-1.5547328649194614,,0.3992833684507184,0.5384615384615384,0,4
0.06735379055847901,0.99596760385895511,0.05926212079275435,-0.99500175669389113,0.071439927121260113,-0.069769914640757213,-0.073722256296684524,-0.054266646076199646,0.99580126533870439,-19.286387115178211,15.0026360909081,-1.7364631258325409,,0.7014790912098736,0.59375,0,2
-0.96058942607979814,0.27338472885392429,-0.050286623799473913,-0.25709064177429231,-0.94256359719388794,-0.21325634142271147,-0.10569936809539579,-0.19192356622985077,0.97570128026453329,-3.2016377932780218,-24.281596959440201,-1.5903230021450714,,0.2772540130739675,0.5555555555555556,0,3
-0.79016223021763043,0.60782884698154538,0.07866220639279882,-0.60884532894479215,-0.7637114555320772,-0.21459771226921701,-0.070363451873866598,-0.2174601238529929,0.9735297012285925,2.685349693880084,14.51237761037051,-0.99107066048770254,,0.128367973073363,0.1666666666666667,0,3
-0.96807204379279521,0.24697651675931986,-0.042884941369599833,-0.22934676233555445,-0.94170856395520242,-0.24614029166235588,-0.10117598842136061,-0.22844601275326379,0.9682849986569535,1.7033449355363035,15.175584861334507,-0.98464070720130414,,0.4151474834226286,0.4857142857142857,0,3
0.1080076119383812,0.99348886954428939,0.036252197933063758,-0.99414791490179821,0.10785966765746123,0.006017922334893443,0.0020685888365858671,-0.036690028405985099,0.99932455326374969,18.649907068772698,18.892439020418667,-0.44063041600193276,,0.1726481095016189,0.2777777777777778,0,3
0.049393586806851859,0.97875662907967309,0.19898676994953712,-0.99876734437741244,0.047424251688607436,0.014653742084092808,0.0049056485448397439,-0.1994652886704141,0.97989261311022402,-17.950703533552538,7.8615086179828078,-1.5595557961797109,,0.2561450443701485,0.5,0,1
0.62453407850252129,-0.76985082741538524,-0.131479611791536,0.77859263677400403,0.62692602472015302,0.027518457258525801,0.061242883262545601,-0.11955527197255891,0.99093685277784338,5.3913600517090146,12.239561090510421,-0.87024881564195533,,0.1358406207733245,0.2941176470588235,0,3
-0.99127830917523352,-0.07642446409325078,-0.10736207452703586,0.098853366829571868,-0.96996317124882092,-0.22225988906545313,-0.087151165368843417,-0.23093450956708236,0.96905826794154259,-2.3679258257052886,13.319820062281272,-1.0492906152050545,,0.08312816045526485,0.5,0,1
0.48504453697374322,0.87435117240237459,0.015550706431551677,-0.8729662905301282,0.4830740386216632,0.067596810633517038,0.051591208068767387,-0.046362706223310728,0.99759152298005016,7.427292802149255,-24.811550108547472,-1.5225092043867534,,0.1687811670891163,0.5555555555555556,0,4
-0.19541430474961632,-0.918620098740215,-0.34343902470415616,0.98056059295958375,-0.18933960658078752,-0.051492105361717784,-0.017724926910251543,-0.34682506767872251,0.93776233630684702,-15.459631511915275,-25.615588350253656,-1.9061589660015523,,0.75178075519489,0.4444444444444444,0,1
-0.6851887583870383,0.72770330669624872,-0.031052581267492295,-0.72627115175438484,-0.68582809444333781,-0.046583677415800821,-0.055195828731780736,-0.0093660181275466072,0.99843161918833789,11.822715863712583,11.948444297051944,-0.74050828260362467,0.08498251964492184,0.1021387387683251,0.2857142857142857,1,4
-0.92834599851440924,0.37153524738886151,0.011630433783099751,-0.36669094702992033,-0.91021676014276853,-0.1924660981095194,-0.060921723617981094,-0.18293990680794764,0.98123469877930569,-5.7879119927112113,-26.898846484945864,-1.6700622896032513,,0.3120955588195413,0.4444444444444444,0,2
-0.73337403109792165,0.6723757567367985,0.10036619084035679,-0.6796135479865727,-0.72142647237885071,-0.13292580766770004,-0.016969263516358794,-0.16569455846112049,0.98603111380528297,16.018305822772064,11.361083231442192,-0.60032539430568155,,0.3674357169646556,0.1666666666666667,0,4
-0.45820602027776575,-0.83299505223170067,-0.31010721684397802,0.887025536128346,-0.45085310144729501,-0.099585034877613263,-0.056858959165923192,-0.32070348278879257,0.94547148814213666,15.849660719290025,9.6226655068581124,-0.64486651165239628,,0.2488562490748418,0.3846153846153846,0,2
-0.55712331594026498,-0.79220050355264926,-0.24906218702696056,0.82765955348828224,-0.55418018751901277,-0.08867910284260179,-0.067773699583990196,-0.25554389433582736,0.96441901874256819,0.54597490810816418,21.686558231714059,-0.93913842554465488,,0.1957159820360914,0.6428571428571429,0,4
0.90515377155547472,0.42329947864035333,0.038912738553130766,-0.42175038120650121,0.88284163202219934,0.20668156357196044,0.053134412493884807,-0.20349005909671453,0.97763414939216653,-12.506452080873629,-28.882449217055239,-1.8016444811475318,,0.4637230224108362,0.1176470588235294,0,4
0.80471378546320815,0.59340567582025516,-0.017476481046803719,-0.58939901657187099,0.80210966567724928,0.096067078082149232,0.071024803763081526,-0.067005881319752839,0.99522142718039275,10.191593733726297,-25.27211812443884,-1.5036736146520668,,0.3612135689488258,0.2727272727272727,0,2
-0.96592996535795639,0.25841734508907566,-0.014134276801115574,-0.24470170307593281,-0.92971627657347988,-0.27522485641032191,-0.084263743895669554,-0.26238925441309113,0.96127597527100761,10.774472643007243,13.614912778458017,-0.76025606925316513,0.6755255974986422,0.2948459319589219,0.375,1,2
0.15901226442698288,-0.92399693260753835,-0.34777114356090927,0.98653568407416015,0.16235309017488772,0.019718472531929147,0.038241911695559641,-0.34622412198245806,0.937372078497831,-12.957577888844122,11.765589081856776,-1.3532418142804696,,0.2888751514747964,0.2083333333333333,0,3
-0.18026464570907602,-0.9218484769847004,-0.34307439861984435,0.98348575413789929,-0.17464399224187374,-0.047489444949653244,-0.016137810111263064,-0.34596945162081405,0.93810698197487274,7.4964607005458346,12.06022199582593,-0.84537980284641479,,0.1225345706551782,0.2083333333333333,0,3
-0.23574952504966895,0.95892999322264538,0.15771946467342932,-0.97147417692940741,-0.22825214868449961,-0.064334129202467033,-0.025692119379027205,-0.16838712753333218,0.98538606154282882,10.583235423453967,-21.458821224208155,-1.36506664134402,,0.559350849699217,0.3125,0,3
-0.013553311677228041,-0.94796617634217784,-0.31808243625477173,0.99990660543184384,-0.013408315177167453,-0.0026452784119542507,-0.0017573150960844923,-0.31808858136578988,0.94805936852517425,-3.6522430208272594,-25.123039844362594,-1.6139980195525581,,0.6763220578686152,0.3695652173913043,0,1
0.66539666942919118,0.7405715845784846,0.093813647341166206,-0.74416389844116493,0.64815098259023562,0.16161805599672391,0.058884332121437372,-0.1773528457122274,0.98238414255747608,27.177422214904471,7.2450528763940847,-0.46545713037707687,,0.4250993105161379,0.2631578947368421,0,1
-0.21612299962594089,0.9731627606434663,0.079025883920860546,-0.97618164183857947,-0.21379978248464701,-0.036865365139292637,-0.018980283718146466,-0.085111070409820147,0.9961906717710588,0.50615980331964017,16.00657027621731,-0.95116154109124429,,0.07513254050436087,0.3333333333333333,0,3
-0.99133740796287062,0.10935017251585046,-0.072750830539656142,-0.098353322433953436,-0.98517186430206927,-0.14058101491235162,-0.087044629585395994,-0.13220793303859563,0.98739267513082274,-14.987087661833483,-24.926545547391328,-1.8845685527043095,,0.6298767563887477,0.6666666666666666,0,1
0.48945166996564804,0.86791970137001251,0.084572186572334673,-0.87150470890568121,0.4834836325449392,0.081994630411832498,0.030275487164721504,-0.11383746762352706,0.99303797804615712,14.791595108783854,14.514765071124021,-0.63028788150405346,,0.6724621959742938,0.2903225806451613,0,2
0.83511041750684789,-0.52815372694796459,-0.15376680813007954,0.54520828797226717,0.83184411186757501,0.10384265153391696,0.073065130519880811,-0.17055501828506825,0.98263547281781582,13.280321018686177,16.885854366297291,-0.67839703452950717,,0.7730960821345305,0.9047619047619048,0,1
0.29222121867181816,0.94620459778266641,0.13893746252504885,-0.95553283815345524,0.2828665443479968,0.083327746273524225,0.039544336741936227,-0.15710944345762451,0.98678917110397757,-4.0837991079556124,-21.504170719925611,-1.5230998856607865,,0.4903333980689802,0.3538461538461539,0,2
-0.61158628168485574,0.77677535544625131,0.15027397388184494,-0.78938118033194216,-0.58629695732855969,-0.18202535528058114,-0.053287636395706516,-0.22994765708443773,0.97174302303064453,22.376103070956802,10.603698148166064,-0.5571723958516922,,0.3551621096793223,0.1111111111111111,0,1
0.98828596391634616,0.084732873248999183,-0.12692987716415366,-0.071925468509273199,0.99215001681303616,0.10229893018801881,0.1346015620476213,-0.091971105945620926,0.98662238732226182,-12.523233875121734,-29.849342644988525,-1.8369053722706521,,0.7757152376834167,0.578125,0,2
0.65268092941683287,-0.7062197513715196,-0.27433787042318319,0.75549189653273674,0.63387340489875188,0.16563967168353869,0.056917472264206924,-0.31536989287947415,0.94726038237447741,-0.89869977828155445,9.6218664482978742,-1.1280372841446886,,0.1294742581780699,0.103448275862069,0,1
0.8579944106954529,0.51281310468527608,-0.029467115203399324,-0.50805417966289823,0.85568625400850451,0.098397079366980597,0.075673917186978662,-0.069453253083931049,0.99471086446948842,16.612506608241407,-25.306771584804967,-1.3180344057262006,,0.1588292124208324,0.3809523809523809,0,2
-0.034795535607025987,-0.9733931433516313,-0.22648412566414045,0.99934309444460057,-0.036185955357717306,0.001989025072404406,-0.010131647827947144,-0.22626613779105176,0.97401282568629999,-3.6029105059795787,17.918242451288673,-1.0861438094902676,,0.6422176058022518,0.625,0,3
-0.90528188527819209,0.42356827643212369,-0.032474965550118771,-0.41702959783959564,-0.90066321047401154,-0.12203317509755517,-0.080938388376013914,-0.096931400995577732,0.99199459715672189,-0.65116888721506572,15.297594934994764,-0.98160174059157934,,0.1453327522295405,0.2368421052631579,0,2
0.95896318709022244,-0.22760425025898881,-0.16907368532627312,0.27076996753430943,0.91204430455026753,0.3079915765388539,0.08410249988694167,-0.34113266012134236,0.9362453085123067,22.93935285294161,7.9126632476961767,-0.5893784126379098,,0.3911894057253754,0.3125,0,1
0.32162010153463166,0.94490596782144765,0.060936214718887334,-0.94643087618974076,0.3188479108914713,0.051035343781184746,0.028794216147909325,-0.07408590753684216,0.99683608051718808,-18.022856872601359,6.0177261531222923,-1.5228808323921843,,0.2679053212371156,0.1052631578947368,0,1
-0.87790760122244826,0.47875845916340809,0.0082813945277990953,-0.47672797121922156,-0.87230396289429046,-0.10870251964016416,-0.044818357545214856,-0.099378740676236282,0.9940398285423746,16.423255982728516,13.140657684570369,-0.56521437609254788,,0.3395777786019685,0.576271186440678,0,3
0.99632091935020239,0.077966497367286794,-0.03557879921308877,-0.069542322463013062,0.97812770494870593,0.1960358594702204,0.050084838540408072,-0.19284039540525358,0.97995106553762545,-8.5273590785259188,12.123874596235479,-1.2411204043895729,,0.2515718748952097,0.1333333333333333,0,2
0.85879084761032543,0.51226125076150431,0.0081664575549731597,-0.50669663174754798,0.84688955248198972,0.16135863556854876,0.075741688893420173,-0.14271123594557392,0.98686204694397783,-24.959195381783104,7.945810884973973,-2.0103071270845412,,0.335166485150532,0.25,0,1
0.8033817344626627,0.59543244150142038,0.0061641170836559851,-0.59122581515712191,0.79638757851070885,0.12735328926119638,0.070921253680121546,-0.10595769156369365,0.99183826472612602,-11.123532974058238,-24.39617774766818,-1.7771552038983041,,0.1501888016990935,0.3529411764705883,0,1
-0.70906443622072679,0.70277859357939265,0.057705057781393711,-0.70242140660435481,-0.6967740590663688,-0.14529307676601902,-0.061901476807444462,-0.14355542141886418,0.98770443359858917,1.1433144842950933,9.6943635584043903,-1.0407408806534704,,0.1395132095000975,0.1739130434782609,0,1
-0.84644065962302451,0.53178987666383359,-0.027161310992016088,-0.52730610801979305,-0.84421569055322532,-0.096167230742911947,-0.074070764691331281,-0.067077529036234707,0.99499453612391042,11.453860665259761,10.420740718873255,-0.75358685701693173,,0.7404385671960658,0.6744186046511628,0,1
-0.77553397008994618,-0.56348257705896077,-0.28466549946826736,0.6275790642555189,-0.7370526533071533,-0.25079454611504476,-0.06849510453085475,-0.37314979780763213,0.9252392388195767,-2.5870461368060389,14.405794168639046,-1.0633804814835517,,0.3271455839632298,0.1290322580645161,0,1
-0.79097939962673713,-0.60264939408618734,-0.10566596979954446,0.6075552601335098,-0.79404425970617654,-0.019243687582527078,-0.072306260104020637,-0.07941927621945355,0.99421546121278359,-6.8812827937083414,13.616889139247663,-1.2204448398284575,,0.08774562225416828,0.3181818181818182,0,2
0.58569830947431811,0.81044378288043584,-0.011762868246081453,-0.80812862772168992,0.58501827580962562,0.068423227236009354,0.062334672017937486,-0.030569457947130962,0.99758703725802,15.191139662979699,-26.668390695717939,-1.403172185962384,,0.7645193880262064,0.7380952380952381,0,2
0.99279751912969294,-0.051829699999075135,-0.10801281501716745,0.08217280693900457,0.95067353114919073,0.29911112813149149,0.087182084224294784,-0.3058325021483726,0.94808531515891192,16.524964590446086,8.6337874648035768,-0.69856100257405296,,0.4325397609761618,0.2826086956521739,0,1
