axis_00,axis_01,axis_02,axis_10,axis_11,axis_12,axis_20,axis_21,axis_22,location_x,location_y,location_z,dbh,dbh_approximation,score,reconstructed,number_clusters
0.98224570181808513,0.18324952070355888,-0.040162101810210064,-0.17826831780651076,0.9784274492663867,0.10440370390225427,0.058427631531105119,-0.095390459082597301,0.99372374037741362,-7.4254293165786907,-10.057204923600944,-0.74910150683235177,,0.079151350621155,0.2784810126582278,0,5
0.55660778632981056,0.83072680349533479,0.0089861088048439081,-0.82943923093623984,0.55506683745451468,0.062700623139992917,0.04709919724292503,-0.042353086223650215,0.99799192466993691,-18.428182460102565,8.8749783561618312,-2.1655220568942362,,0.07491252943368153,0.28,0,1
-0.83604973702704821,-0.53939229235360486,-0.10038322651980909,0.54565174444568387,-0.83655309635682273,-0.049427631535355981,-0.05731501548796962,-0.096098241010624294,0.99372034148158517,-1.7828800918552579,-15.802549551257814,-0.27465323089183591,,0.5107466018125794,0.1481481481481481,0,1
-0.12664841577559818,-0.96009245282983646,-0.24936451391631254,0.99194763149046317,-0.12251176881084391,-0.032105496154059492,0.00027415687332612708,-0.25142264918265805,0.96787735603018543,-33.342739904022274,-6.9687688828265051,-1.4189931956842905,1.064167578737133,0.5590547694162414,0.6363636363636364,1,6
0.74986147397137504,0.65695110751198493,0.078249678544100185,-0.65656320058278372,0.72437601101184279,0.21024784971804983,0.081440367717551865,-0.20903262187837723,0.97451158510131786,-10.406450811594933,-18.104367084458001,-0.19301603939771758,,0.4728171505832924,0.7948717948717948,0,4
-0.21280563643263301,-0.95363675225547584,-0.21281613155522441,0.97703807794118247,-0.2053429743331795,-0.056840629350872855,0.01050501573069273,-0.22002547043383816,0.9754375618177038,-10.460898678432493,17.418924611660259,-2.6425994262807593,,0.2007747813363015,0.5,0,2
-0.98301455851316188,0.17805146569608005,-0.044497789997400082,-0.1762200865930518,-0.98344641799172228,-0.042185590198427686,-0.051272398347575208,-0.03362764491798325,0.9981183911064655,-7.266754267199274,-15.595657498800124,-0.34212914617736923,0.2257943928868179,0.101737486529876,0.2857142857142857,1,5
-0.94704017267247531,-0.30254531548923769,-0.10761618567857217,0.31562546491339993,-0.93872323545353553,-0.13848918050824674,-0.059122561198644202,-0.1651212260588058,0.98449962085424325,-13.343116444977834,13.429842626892581,-2.4145762855151163,,0.1097726999109416,0.3636363636363636,0,1
0.66067801508448376,0.74980378613260723,-0.036039460112982154,-0.74836545877037086,0.66164932957532785,0.046575796202888702,0.058768192957078032,-0.0038009174850155798,0.99826442014269612,-5.7550716606152825,-13.453714964662021,-0.51562312454861603,,0.08456412297849916,0.3191489361702128,0,5
-0.77576302154564891,-0.57751601385738083,-0.25429704705451545,0.60811724140397561,-0.79180370252400623,-0.056923785683088063,-0.16847894559731788,-0.19880178673129825,0.96544947795462577,-5.7197401635951559,-32.119965402537041,0.65407778035389375,,0.3741330885612008,0.6428571428571429,0,2
0.71470299142692495,-0.67665142046661875,-0.17703810105712417,0.69850510133567478,0.70351575873989702,0.13098168044679503,0.035920153861644676,-0.21727501555663184,0.97544928630935079,8.7348692673017929,-3.9798601801679205,-1.0533728812539025,,0.2194441985957381,0.1666666666666667,0,5
-0.03164173087239204,-0.99518446744595246,-0.092772175902667189,0.99914323033936048,-0.033971177496504287,0.023638197192883199,-0.026675946739108281,-0.091944738043116467,0.99540673044326755,-10.270360296510118,-15.630698167959348,-0.37879682467181047,,0.09066274047419023,0.2571428571428571,0,4
0.4120517440927044,-0.89873969530796194,-0.1499343865426204,0.91115003679805961,0.40721669319100745,0.063088629954019829,0.0043555290212356533,-0.16260850182057621,0.98668105510474491,-9.2673424691476214,-16.577222801282531,-0.29017664593595971,,0.08350143507755695,0.2608695652173913,0,5
-0.069191295717437568,-0.95712113718804226,-0.28130356084630742,0.9951425181529423,-0.086013703235490235,0.04788539881779548,-0.070028088372912231,-0.27662388111583408,0.95842333821503423,-32.268800012101337,3.5320960717028296,-2.1217205530529681,,0.4475187361497072,0.375,0,3
0.91757002193267068,-0.3630715982991235,-0.16200083135280111,0.3864554348751188,0.91019838528862407,0.14896676231114309,0.093367294626981928,-0.19929353709165196,0.97548174476385618,-15.210912951372148,9.6884987865426861,-2.1625681773111518,,0.6844680783957455,0.3710691823899371,0,4
0.20199302367278421,0.97730773764552026,0.063784044444664595,-0.97922631538411131,0.20035159703475708,0.031225963954333812,0.017738141018186063,-0.068766441698078579,0.99747507981372741,14.83721263609079,-8.6161276997729122,-0.79304649198240529,0.5926068277961614,0.3047848940689716,0.509090909090909,1,3
0.72574825658469611,0.68794736374876486,0.0042299852718018175,-0.68270573967314785,0.71943290287710715,0.12778564581031943,0.084866607576922826,-0.095628044887180741,0.9917927888170196,-5.7378305522446826,17.084805468414714,-2.475284194373581,,0.3769670675097138,0.5555555555555556,0,2
0.70185204656381295,0.71231794057562992,-0.002618447685671712,-0.71036672087171171,0.70019226618135089,0.071483650283110878,0.052752503373401802,-0.048310888150808466,0.99743833467233523,-14.637841077325627,-16.649960471103263,-0.32859396079237352,,0.0702133682159814,0.2608695652173913,0,2
0.43816810250483729,0.89846355760112917,-0.027783981176806669,-0.89790525735582793,0.43892611465128534,0.033316882955812921,0.042129120096140289,0.010348987382805774,0.99905857470924886,0.54017240443402315,-6.9700146432704457,-0.86708205166972552,0.2882779836423617,0.229648917681035,0.7649122807017544,1,5
0.99457402614057533,-0.082464175161627462,-0.063420551412283269,0.089410915821820688,0.98922967557823394,0.11588933120561648,0.053180773390661878,-0.12093100830760573,0.99123533864127167,-11.468290871736407,-17.284409882899258,-0.24658325955957586,,0.09945053697494832,0.3846153846153846,0,3
0.87267716661566097,0.48689500947062636,-0.036983950847094084,-0.48427551020662096,0.87270420404149407,0.062165926860451755,0.0625443289337929,-0.036340363246682376,0.99738036120495199,-5.0738789815506751,3.2691602394860295,-1.5388976380011756,0.7683387978046882,0.5897440046822684,0.9863654070899883,1,5
0.63510699258336112,0.75299340263467474,0.17216284024252615,-0.77077991511435862,0.60327724118404935,0.20482893527445073,0.050372913634424726,-0.26278794846418951,0.963537785306815,-20.028177017324008,-10.063672711454215,-0.8572071740016316,,0.1185365480878831,0.3571428571428572,0,1
0.36987818966355002,0.92832412016589549,0.037476028730783637,-0.92829338567589437,0.36760438074485008,0.056021508080204285,0.038229764864566342,-0.055509883583114143,0.99772598337569063,-3.0379346910374454,14.560367883508789,-2.2654573590318341,0.5045785468341523,0.5275905313372065,0.5591397849462365,1,3
-0.98368444300851077,0.17697514159510916,-0.0323220642971314,-0.17407841227514204,-0.98169558772938548,-0.07726887738555023,-0.045405098423002249,-0.070381618978598209,0.99648622908053786,-11.3554525584904,12.860701063116508,-2.3352252067077206,0.4525138742182048,0.1737016513296823,0.4776119402985075,1,5
0.83128450174700796,0.54486241707576888,0.10995919067354186,-0.55289757471799705,0.79017997826761399,0.26442366349468599,0.057186965527000616,-0.28060746319965363,0.95811747848083317,-9.3959964854771592,-13.725022047032645,-0.5241012298191583,,0.5232256403190496,0.4888888888888889,0,1
0.97823728626969753,-0.19484065906120732,-0.071336731970922038,0.20082884800582196,0.9755279016765448,0.089515846972541308,0.052149645831503555,-0.1018942129227727,0.99342739232039334,-4.8071298695690832,6.2835209523975211,-1.6629440659125547,,0.08910748159012724,0.2282608695652174,0,5
0.57607627202944955,0.81009430787651071,0.10901073869453991,-0.81527096355264272,0.55983589356203489,0.14804400787449656,0.058901483789439726,-0.17415793012572134,0.98295454146248662,-1.4321332554894288,13.141268247840499,-2.1235700568185623,,0.2427973456106916,0.1,0,4
0.07214351228390678,-0.98626289596130479,-0.14859614290203516,0.997280172938104,0.069076832976570024,0.025703070059277411,-0.015085433367552803,-0.15004629684183246,0.98856387679510416,-13.871421553358532,-17.465570779880654,-0.27562486438142136,,0.07227773525960608,0.25,0,1
0.21277672474799889,0.97700883951151507,-0.013408688298158066,-0.97680652552894642,0.21302940127246403,0.021621421728552526,0.023980764991607874,0.0084971589286277818,0.99967630821209297,-2.3132823197511168,-8.2023079416055875,-0.82534380889527237,,0.08301271247499348,0.3518518518518519,0,5
-0.044973169993623101,0.99891019298667294,0.012483602366817146,-0.99884802057876421,-0.045172679535060982,0.016188292359214731,0.016734568013827219,-0.011741182689610255,0.9997910275964873,-3.9975599589818755,12.745847971253122,-2.1630951534912533,,0.08209928563388426,0.1951219512195122,0,3
0.3007723967824677,-0.94906807059871312,-0.093839025483885105,0.95369523350971408,0.29919202759153701,0.030814480468060328,-0.0011691512225862467,-0.098761976467162879,0.99511039844316673,-10.340627866043597,8.599594699373343,-2.0162548785783754,,0.06839879414109158,0.2777777777777778,0,4
0.84181850140671532,-0.51516438292582056,-0.16108156087526165,0.53772292113902342,0.82633200114165073,0.16742008234065245,0.046857985136663276,-0.22755457027687606,0.97263726371913117,-14.74525723859912,-12.691302849670635,-0.6248989409245852,,0.1015447428826819,0.2790697674418605,0,3
0.5107210873021415,0.85856065806306059,0.045139421919682135,-0.85856343993103346,0.5065615414362068,0.079146853074305287,0.045086479111922435,-0.079177024218512582,0.9958404532038212,-2.860352390012336,3.4692798653759307,-1.5282767064510887,,0.925232547492594,0.7097862767154106,0,1
-0.34558275289279139,0.93286659464770327,0.10164879484498628,-0.93838728305090791,-0.34339113669174648,-0.038882312815549658,-0.0013667155431025973,-0.10882299312162208,0.99406020353732927,-31.723153516407471,4.6999354751566882,-2.1830549313079985,,0.1942464114504637,0.3125,0,1
-0.99360109553875486,0.11294460068561771,-0.00061653884958691528,-0.10900650437861882,-0.96035729751035359,-0.25657638847283798,-0.029571015324822043,-0.25486737393118175,0.96652375902410326,-15.309924206748308,-13.754331015777897,-0.54338536699207252,,0.2710051066936446,0.3809523809523809,0,3
0.012787852845337106,0.99766793959525568,0.067045903106475818,-0.99971787188059036,0.011414295105702028,0.020830038640939373,0.020016180008909906,-0.067293359040821274,0.99753243374180767,1.1985165649004104,4.0711552993615481,-1.55471692249745,,0.070466340481843,0.2352941176470588,0,4
0.99686297554929126,-0.052648730511321101,-0.059095847185402381,0.057140486195718439,0.99538574105333144,0.077085610492675205,0.054764704110686624,-0.080220556488083586,0.99527156570476394,-4.600507548685429,-18.09192201772542,-0.18660463773142749,,0.08855921487848541,0.3125,0,1
0.7464728113079323,-0.65377065067226947,-0.12394465820514161,0.66528755943252937,0.7369259248185086,0.1197190235288212,0.013069247963851732,-0.17182583522259737,0.98504064743934117,-4.6221798821311095,-15.982341402272716,-0.2832452857618421,0.2204434969937974,0.2305429875567808,0.7258064516129032,1,5
0.97583170187841906,0.21804962207542503,-0.014382347577280033,-0.21036596502031316,0.95518205441771675,0.20826282356537767,0.059149390277007496,-0.20020390913045522,0.97796714893637615,9.7348257470965152,-3.1439925226827654,-1.0970738340478476,,0.1107300623769353,0.3181818181818182,0,5
0.99688106226402884,0.070686382179404747,-0.035093917902237842,-0.054675018146816738,0.93927333125154611,0.33878643950174447,0.0569103689145233,-0.33581102509299932,0.94020857544270586,-14.072565222190025,19.822462224479882,-2.940010760853585,,0.6896876678731487,0.282051282051282,0,1
0.13289664629126427,-0.98634905146582996,-0.097231836745959782,0.99111317220911255,0.13168338451984365,0.018819301660528025,-0.0057585829963222443,-0.098868776233234493,0.99508381747871766,-0.71094111927005843,-12.560013927851221,-0.53978582145762088,,0.09922640295901268,0.3018867924528302,0,5
-0.84347028143712655,0.53676483796271612,-0.021009356468821343,-0.53590101055250128,-0.84351763450818218,-0.035890209842367307,-0.036986365341605536,-0.019013390033879994,0.99913487566906456,-7.049745197635878,-26.688716968315642,0.37455979718558791,,0.6191966351614604,0.1052631578947368,0,1
0.97301592351422728,0.22667282942064387,-0.043121235953944147,-0.21728683393136486,0.96302537949701184,0.15927507728681414,0.077630177043721119,-0.14560750958338947,0.98629205044199997,-6.5141494203262305,15.998341533932717,-2.416013221341049,,0.2264820697488142,0.1052631578947368,0,4
-0.29381511423838996,-0.91893725738186105,-0.26311023476973655,0.95474486461758679,-0.29544053003627885,-0.034309425792770715,-0.046205217577985562,-0.26128377333348995,0.96415552047436082,-29.509828365383736,5.778198549401198,-2.1796305270326899,,0.3413765135705248,0.5,0,4
0.068322954583625931,0.9961786796197909,0.054405993676569113,-0.99723662699426907,0.066597464602955694,0.032922446591230406,0.029173338137041028,-0.056505008445527791,0.99797600189709668,-0.70483867075686324,11.717009181337952,-2.0008054992361153,0.4541934057722682,0.5087571203853629,0.5730337078651685,1,5
0.0098040649737174343,0.9998684158171337,-0.012924061332578425,-0.99975166098105606,0.010059949115043433,0.019885014192211996,0.020012413038233645,0.012725897812722552,0.99971873787043208,4.8897142075301661,-14.596496136070396,-0.34616930809274632,0.3522694735986959,0.344905075249515,0.896,1,6
0.87547790885464871,-0.44250106426059754,-0.19424530685637995,0.48171654493800142,0.83116459912785989,0.27769511967194904,0.038569436610939777,-0.33668712075881663,0.94082632896547513,-23.900301744813728,1.1248825011941994,-1.6890410337066579,,0.458162780399869,0.28125,0,2
0.98855750448806212,-0.13284771244819457,-0.071453100825766072,0.14116996305289714,0.98168702317952949,0.12791258754539375,0.053151687197858087,-0.13653597994007352,0.98920818048064352,-7.4167634891061622,6.3682803254506455,-1.7329623517614099,,0.08547781574946808,0.4193548387096774,0,5
0.71030443041593494,0.70389169584081523,-0.0020240202162209653,-0.70125888318882212,0.70789038660045922,0.08442262319673538,0.060857167862628,-0.058546401127597465,0.9964279823623714,13.645121146115633,-9.1181124432844971,-0.76265766165722904,0.2881137038149488,0.2996193422764313,0.6666666666666666,1,5
0.93435801204227875,0.35484551485130988,0.032554046174143196,-0.35632720083807495,0.92979891304322959,0.092222054013828353,0.0024558654893047822,-0.097768307204002286,0.99520617302705716,1.0606481607251113,-3.2651712983652295,-1.0798290155016435,0.2489676529619766,0.2426149466464415,0.4014336917562724,1,5
-0.052535957543478846,-0.99524266603815703,-0.08204881999304478,0.99835234333693756,-0.05424307227344681,0.018715973498142656,-0.023077515434624746,-0.080930370119003503,0.99645255957008105,7.2707779862151343,-8.0525569583702588,-0.7997205195855952,,0.07862404078142211,0.1842105263157895,0,5
0.97236013692397583,-0.21940605113341147,-0.079854548068535577,0.22811620679954925,0.9656368227212111,0.1245332196655575,0.049787150114989263,-0.13930725512667164,0.98899682929345167,-12.429931651892604,13.932497603100169,-2.4251652951567744,,0.06472828332349938,0.4090909090909091,0,2
-0.11595533788655882,0.99301276668963911,0.021909012004305776,-0.99317703626885012,-0.11619344409380013,0.0099226094273020676,0.012398961401658607,-0.020608948081155872,0.99971072666804528,-1.7074669845827919,5.6682828969125403,-1.5848392141665435,0.8989780929414506,0.9217850777101206,0.8015873015873016,1,5
-0.93332622964096801,0.35748346084265786,0.033282492216341525,-0.35870633367818866,-0.93240299441952379,-0.044208847266776041,0.015228763683469747,-0.053199917494870172,0.99846775287698297,-10.203301538212374,-19.872730283393018,-0.099955968303997417,,0.2426236031589603,0.4444444444444444,0,3
0.69667590263148782,-0.69997432625600275,-0.1570943324090833,0.71606440055126952,0.69180067039380566,0.09307849754820488,0.043525405865445503,-0.17733520526149055,0.98318755281945691,-1.7526891804734821,7.7084294146366812,-1.7985927061491238,0.8206516211303472,0.5383212170031405,0.8416666666666667,1,3
-0.66167806475862534,0.7497880197424992,-0.00025311638431617188,-0.74939010777710346,-0.66133783463124307,-0.032353281921351423,-0.024425498625494198,-0.021217774055787168,0.99947646349527208,-2.02331983110781,1.5930587660237063,-1.3597074789471271,,0.09115006663071498,0.2129277566539924,0,5
-0.052209680199575226,-0.98705567434346253,-0.15164183143127172,0.9982580179593179,-0.055763011853177245,0.019272158389666505,-0.027478698538905812,-0.15037148085802229,0.98824761010142248,3.3746674007385855,-11.946268599559408,-0.55589685897890717,,0.08707108100415385,0.2857142857142857,1,5
-0.20536339483592173,0.97450926647247471,0.090319242804321326,-0.97863469091273225,-0.20541937848682432,-0.0087761429015988275,0.010000890140769547,-0.090191842765116548,0.99587419571702251,-25.221988464921754,2.8928271842438811,-1.8560951989358947,,0.09071582155280643,0.4444444444444444,1,5
-0.12760411532152033,0.97165699549977169,0.19899716794308697,-0.9917819945668741,-0.12687622958323064,-0.016458967759151129,0.0092555392044753847,-0.19946204015576591,0.97986184206291793,-20.723683950537588,2.9142047917604894,-1.7540343637388656,,0.3231972000125131,0.3260869565217391,0,3
0.51236091974423792,-0.85363457643701035,-0.093777917603486222,0.85867863179111237,0.51083736205824093,0.041427006055501356,0.012541739280638599,-0.10175067290482794,0.99473087080839762,-17.875008375314842,11.221294318388802,-2.3677898391635983,,0.08586693607458462,0.3448275862068966,0,2
-0.84768974795726437,0.52901063526868664,-0.039621193580855127,-0.52910770957432163,-0.84850847350077707,-0.0088544941356118526,-0.038303040051233042,0.013458015084061152,0.99917553960894789,-3.0848944536907363,-16.372263744834505,-0.25720702384530858,0.2678883213991513,0.3285731739792143,0.8378378378378378,1,5
-0.065754987285658664,-0.99044228953790703,-0.12124501120446919,0.99726904523746129,-0.069325436383160535,0.025464392422506209,-0.033626374443669796,-0.11923948576370735,0.992295929638221,1.21759119495141,-16.816961471347572,-0.21996117878683655,,0.1043694860746745,0.4666666666666667,0,6
-0.95361373986390319,-0.26671709607955485,-0.13958089339759311,0.29144970313978791,-0.93407308275028467,-0.20631177043763199,-0.075351879090771665,-0.23742254892968825,0.96847954422239613,-2.6942506786590785,2.7085450081103035,-1.4844349573182405,0.556508903915493,0.4780481782273788,0.2930444697833524,1,5
-0.76361298974725034,0.6447646251099588,-0.034260474253587289,-0.64471911138500904,-0.76429432247344864,-0.013836764425882447,-0.035106542185053428,0.011522449464725271,0.99931714878417988,7.7682333841844757,-9.3082929118955562,-0.6994493887812947,0.1058563720389102,0.1232712980353194,0.5185185185185185,1,5
-0.79569600367190729,-0.60086464431365572,-0.076351482987439157,0.60308370526714972,-0.79763946305375399,-0.0078314379628565949,-0.056195321707442465,-0.052277779152755971,0.99705020917958498,2.2618517187809042,-9.6789153702936481,-0.69310269594508334,,0.07210808536645745,0.2978723404255319,0,5
-0.57002635872153684,0.82066791765014158,0.039675172368194414,-0.82161736449721967,-0.56912858262654631,-0.032211221556179212,-0.0038544415041025688,-0.050959055890770349,0.99869330522609023,9.5174195610629262,-16.808555329381502,-0.29763249920139317,0.581766034198703,0.4205916973771597,0.4615384615384616,1,6
-0.5065809439722514,-0.84839955056117178,-0.15360322200977719,0.85942942261659139,-0.51113068812398821,-0.011246652782555143,-0.068969665397881796,-0.13770846838702583,0.9880686023699996,4.5525069247823673,-15.786669545195863,-0.28027880808058703,,0.1764739341747842,0.3695652173913043,0,5
0.69837914529988465,0.70613875059117581,0.11676743691516143,-0.71347181204662091,0.67390659028563504,0.19185380106868147,0.056785058114917332,-0.21729696841677953,0.9744524024762643,-4.0901889257608959,15.944072932128273,-2.3586083032802847,,0.3578621984610704,0.4814814814814815,0,2
-0.8832559923061778,-0.45576372349308053,-0.11017386442778612,0.46872920489187991,-0.86440515026201881,-0.18192489846616197,-0.012320086714609161,-0.21232796459303246,0.97712079648072425,-7.2310027031233695,-21.0911868394147,0.0082967603947190372,,0.330846613526547,0.2564102564102564,0,2
0.97532551041919924,-0.21106654814120454,-0.064738404222584756,0.21868534812917786,0.96385680663784201,0.15217350233047838,0.030279815705358686,-0.16257603929749428,0.98623129346375504,-9.9954890823423934,-21.928067642019926,0.060365547879137449,,0.2937437738325275,0.1470588235294118,0,5
-0.053168519315223255,-0.98462807204547209,-0.16637508315202662,0.99780835111372179,-0.0458124080998982,-0.047746389515905839,0.039390392249163353,-0.16854905221954058,0.98490589093291137,-13.426706126789343,-15.81914870440435,-0.39047022245053781,,0.2203307889831479,0.2,0,3
0.91652059937071828,0.39587003271814325,0.057244284648125733,-0.39553373541933162,0.87568833102904353,0.27698918940059519,0.059523567386116763,-0.27650834362692356,0.95916634679826307,-34.884544612885541,2.2418284159046178,-2.1228913668595872,,0.2640493563065172,0.16,0,2
0.05139745518380779,-0.98950434593812409,-0.13505351150633566,0.99854323460007655,0.048694588990785763,0.02324318475237443,-0.016422857091353875,-0.13605141077027433,0.99056564819923631,-11.847046239520198,-11.902021313996245,-0.66425861228429994,,0.07382815753957672,0.2727272727272727,0,3
-0.037085950588783188,-0.93079032097350012,-0.36366744513494204,0.99908631063014208,-0.042270468234712456,0.0063048732478053317,-0.021240908181597542,-0.36310134383842207,0.93150750824797668,-26.704311728333479,-3.9404217819007132,-1.3333367740859017,0.6615903204159742,0.5540978902892418,0.4130434782608696,1,1
-0.98471582517136469,0.16682369191255231,-0.050045973601731464,-0.16617094888269718,-0.98595108179019586,-0.016961133929305049,-0.052172400792980612,-0.0083857100718795312,0.99860288426485533,-17.497904180550531,12.08252240832053,-2.4103170459870138,,0.08172921670985939,0.35,0,2
-0.81750413664740296,0.57589666042345589,-0.0054793318475165071,-0.57487135094833386,-0.81654942548953757,-0.052630462581514131,-0.03478385290939176,-0.039875709972578138,0.99859902429902325,-0.3699652023548205,-16.326537182470688,-0.23761709257526203,,0.8367921648712485,0.4339622641509434,0,1
0.75888751620970107,0.63934313417293198,0.12381475892237187,-0.64926599947540986,0.72808368427439651,0.21988135577765613,0.050432129305333431,-0.24725392914846747,0.96763737776833381,17.024010906831194,-12.298344248027853,-0.72299900318948807,,0.2669801799355604,0.25,0,5
0.093291986614221445,-0.99226891308404275,-0.081847476201683741,0.99553564717772614,0.091783331911730645,0.022013522698733114,-0.014331100167066171,-0.083535765455248795,0.99640172393357884,-6.2283677868497591,2.3537593322795707,-1.4957705483565327,0.2329437137275228,0.1953078099358491,0.8449612403100775,1,5
0.4044989130569166,0.91365845790455935,0.040110492832133214,-0.91358212970863306,0.40168186418192847,0.063398519417807345,0.041812935950638931,-0.062288861659164016,0.99718191725501848,-3.0214755812750527,-13.995709611061759,-0.43648302033720837,,0.08276516367171965,0.25,0,2
0.9419770961800733,0.33566505765245258,0.0028494461448718834,-0.33037669396473068,0.92556700280977444,0.18487012574958062,0.059417088089972231,-0.17508481482100838,0.98275882965354311,-2.2915542545639216,-19.846856068550068,-0.060191602973675068,,0.1072508785940691,0.125,0,2
-0.69108592117342205,0.72081083581192518,0.053216431034010518,-0.7224669711134698,-0.68677769191613425,-0.079861614912780501,-0.021017259717019589,-0.093638351451006366,0.99538441515402787,-30.366414330943059,3.4299969247932456,-2.0331467826734944,,0.1994296757770263,0.25,0,3
-0.64429411462156749,0.76477296137570661,0.0027223909788467514,-0.76431015342667907,-0.64377158789801736,-0.037257643298404163,-0.026741040235868895,-0.026085631368561249,0.99930198468891607,2.5291097066909276,-7.1804046553547405,-0.84526300173015589,,0.5678346679713062,0.3622448979591837,0,2
0.68745281333816954,-0.71627038190715597,-0.11985561912573152,0.72508474593101013,0.68621862058636807,0.057931994430576228,0.040752185850552555,-0.12673099369577578,0.99109964917019455,6.037304487649819,-8.3648931824215698,-0.76113732036806869,0.7323709241241547,0.5737964574640153,0.28,1,5
0.91921930727793932,-0.35590366066850776,-0.16842936041623061,0.38637982560366885,0.89768528367570122,0.2118295584628215,0.07580564288984902,-0.25979552689534718,0.96268363895478404,2.4467630772186597,-14.54551992648738,-0.35858044336452982,,0.6616359195640595,0.4705882352941176,0,2
-0.47800008086515439,-0.83941038100322773,-0.2586622024125711,0.87687949441560098,-0.47312365903714371,-0.08506677102573644,-0.050973276982614203,-0.26747750470520082,0.96221489778028968,-5.9947989681226215,-10.159559521361265,-0.74131370805826535,0.9103920554776864,0.339245390724067,0.1794871794871795,1,2
0.81161446214103694,-0.57284905221466043,-0.11456844338770227,0.58298360587404563,0.80682049171924164,0.095764343176454103,0.037577654604982795,-0.14451525012498656,0.9887887855127111,-26.825345239400669,-6.346632147972147,-1.2544432362169853,0.2300346498151078,0.1193480754975634,0.4347826086956522,1,5
-0.16723697423962702,0.98578649894130976,0.016024136551120203,-0.98587534032184276,-0.16735678693243991,0.0064435404041862715,0.0090337031423917864,-0.014720202875112437,0.99985084279348913,-10.097849068255485,9.7304319433803332,-2.1011561542376267,,0.07876571282600879,0.3283582089552239,0,5
0.043993571064807738,0.99852732454149218,-0.031745044479019338,-0.99896585523865233,0.044333585545795071,0.010087282089894201,0.011479798442183048,0.031268439946100103,0.99944509548602189,-32.790249935005747,-3.7496425184208015,-1.5975638947997814,0.2648094102195367,0.191307163788636,0.7368421052631579,1,5
0.033440307078008241,0.9985216963778587,-0.042850527712171696,-0.99921924482726554,0.034304702922122905,0.019598166349275321,0.021039168932196099,0.042161703240120363,0.99888925519826,8.2867660263840488,-15.948888315207819,-0.33146522116085758,,0.1611935495226398,0.4482758620689655,0,1
-0.9980907289952663,0.037382866981484221,-0.049167244685282656,-0.032437717916568944,-0.99467815349253819,-0.097791438383123569,-0.052561308488877072,-0.096009854811471312,0.99399165822909075,1.1556091688523713,-23.380647308387061,0.15319276808782542,,0.3037784542548451,0.3157894736842105,0,2
0.08116619460950214,0.99471675838842066,0.062853953207776245,-0.99641972066345963,0.079484837937137565,0.028807999081171952,0.023659863177251425,-0.064967154157619292,0.99760687635716239,3.1773731718266007,3.0905670443270292,-1.4826069101419692,0.3026196452524029,0.3572798413138415,0.4918918918918919,1,1
0.97624637995920438,-0.20334968801837289,-0.074779074609017337,0.21305771349561817,0.96371310119788267,0.16082123398227077,0.039362626139139399,-0.17293340614927927,0.98414664593293233,-36.187911582595838,-7.332632281108026,-1.5086899759628847,,0.1795042352176571,0.1875,0,5
0.088504819106133004,-0.96417596900125502,-0.25006318760561991,0.99606967704185145,0.086546439264984718,0.018839116972300136,0.0034778546166227501,-0.25074771115813815,0.96804622300602061,-13.265578129734736,-21.733005680864121,0.036890989359833239,,0.4180477620678996,0.4565217391304348,0,2
0.94221727264162713,0.33214451986328808,-0.043664963764545144,-0.3302676197311416,0.94281264071639626,0.045029144589932985,0.056124063403314446,-0.028006114156749268,0.9980309349298444,-1.8973922049673793,-11.551905742707568,-0.61390310458008579,,0.06743267716883064,0.3695652173913043,0,4
-0.75318214914638559,0.65398297660238114,0.070872537146081521,-0.65731909809514211,-0.74406676972188424,-0.1195669079429225,-0.025460822583376203,-0.13664153288781516,0.99029330907739022,0.54357229865037349,-19.870416821459596,-0.067860794498787791,,0.3146402489346844,0.3103448275862069,0,3
0.97940845238554941,-0.16880124565803264,-0.11074846662612645,0.18599803870274756,0.96776099421475992,0.16983341153963027,0.078509954747617475,-0.18693527634118365,0.97922999824595391,-9.9499364131384187,14.683574798524557,-2.4140556240989564,,0.2377912794731798,0.1951219512195122,0,5
0.30234672106034455,0.95316989875825631,0.0073215002037982473,-0.95247972684637328,0.30181184083271007,0.041133717067993063,0.036997705479084271,-0.019410224994751049,0.99912682526040553,3.1379493597115919,-14.97143921516871,-0.30011493937175149,,0.08792180304357776,0.3636363636363636,0,2
0.69836623975314516,-0.68202835298460285,-0.21707584135081254,0.71539772168431037,0.6745401138260656,0.18221343158070752,0.02215163610100352,-0.28254727138061159,0.95899757270465513,-6.1563202191577258,-17.087405904638047,-0.23892394791702454,0.5478022811796127,0.4660060539660689,0.2459016393442623,1,5
-0.33699390942093232,-0.89260615271043986,-0.29948182107877963,0.94078233298424674,-0.33172127152268988,-0.069925674570125246,-0.036928403132461769,-0.30531173276314771,0.95153614691153487,5.2845469293885241,-21.049461367200919,0.020898133825131955,,0.3247357329277295,0.1428571428571428,0,1
0.80796192058004579,0.58811230561941019,0.036351765729125685,-0.58502942563097127,0.7933100879035041,0.16852203291092366,0.070271658856893127,-0.15742623799594563,0.98502734660107005,5.3804860513739854,-11.590215706272231,-0.59491594718022345,,0.247581410662556,0.2,0,2
0.99808681589611226,-0.022611356837466661,-0.057545064743458274,0.027556450882802511,0.99585800864878038,0.086645649774410194,0.055347537877522134,-0.088065618444741561,0.99457583768098934,-1.6683649103605644,-6.3715452780936257,-0.87368825232182878,,0.07751007056538958,0.3170731707317073,0,5
0.51714129849275159,0.85519258558378031,-0.034792512926748835,-0.85451924941619073,0.51818835635232308,0.035744646005612953,0.04859763132519606,0.011245839381962122,0.99875512580720927,-13.734148130824215,5.4937520420323249,-1.8074865896407355,0.6226791326228797,0.2143518302750114,0.8489932885906041,1,4
-0.99766923176765732,0.054099010815269917,-0.041586067533999183,-0.051659130859166159,-0.99699873238399095,-0.057661614819489962,-0.04458069293997774,-0.055378918854786068,0.99746966728992159,-7.3360122401659913,9.3677904603845743,-2.0051778299004019,,0.5938017062721719,0.6546762589928058,0,2
0.096425032785181608,0.96652529932254816,0.23776261022674622,-0.995038958933123,0.087728122464967861,0.046917445945612847,0.024488431098470525,-0.24110707641674609,0.97018951470530002,-22.598328391284252,15.380174536576039,-2.7539524386378509,,0.5359922549125481,0.5600000000000001,0,1
0.67767292050991612,0.73512797199541491,-0.018608535607888641,-0.73363953098354362,0.67759946274378169,0.051303086335868775,0.05032346754554673,-0.021114755012738566,0.99850974744112808,4.6202884409883413,-3.3625402998464984,-1.0928182322829674,0.1244445872678211,0.09891490182060761,0.4054054054054054,1,5
-0.99354592869444114,0.11027094025195601,-0.026585847939284785,-0.099882201415991592,-0.96158705335979233,-0.25568317240508426,-0.053759031008719968,-0.25137752196006363,0.96639500621548213,4.9945039333580903,-24.600058586160838,0.21562381654014798,,0.3933913333946621,0.1481481481481481,0,1
0.39428264495430182,0.91843334235301222,0.031959216857030501,-0.91813113006286129,0.39217372465045069,0.056877040212074258,0.039704205033388916,-0.051768381740858245,0.99786953593874161,-0.42291881447250507,7.805574056804427,-1.782702852492688,,0.08413761596729855,0.3571428571428572,0,1
0.22579531919932888,0.9584278081661044,0.17444944930148487,-0.97395762679830078,0.21831524329131577,0.06119637038319193,0.020567329167794017,-0.18372422562245783,0.98276263354399729,-18.460015183062051,-17.702192798698164,-0.29617109500063737,,0.5356568233501047,0.5932203389830508,0,2
0.95445507577787181,-0.26419223717358725,-0.13862889359391134,0.29132319569971454,0.92552985929541765,0.24191997685166514,0.064391800480828335,-0.27128756213623101,0.96034199880095727,-19.042070665686278,18.92153504090907,-2.9811664122029371,,0.5412365945520405,0.2222222222222222,0,2
-0.78014464096836356,0.62511160574962488,0.02469452420010345,-0.62467372718826286,-0.77623714256473897,-0.085080156697396936,-0.034015786468455364,-0.081800848773442222,0.99606804356473455,-14.09442191841403,-7.0131356444175701,-0.92535331720991354,0.4663743236887476,0.4943639777882625,0.6923076923076923,1,5
0.88076024431427868,-0.46890377917842063,-0.066261888802304811,0.47170572982126796,0.88105476854431342,0.035159625696435368,0.041893871738466405,-0.062223313135217839,0.99718261257065632,-4.9198972473799172,4.3737862247517842,-1.5718374951969267,,0.06930803228880922,0.2325581395348837,0,5
0.74654893553116974,-0.65740565694497288,-0.10238402743604999,0.66477177343307092,0.74334246626139222,0.074299845888674762,0.027261256462732975,-0.12353048234820327,0.99196625135479966,-7.3604449022143106,4.6317474480321863,-1.6145091079574228,,0.07896958882425265,0.3203883495145631,0,5
0.49060902959597319,-0.86814309029885095,-0.075035690476319222,0.87131785321017163,0.48977880147393077,0.030363206417915695,0.010391282698229254,-0.08027639997608528,0.99671847622624332,0.59442103891219011,-12.7446208627063,-0.53491196972169275,,0.07515189687424331,0.3611111111111111,0,5
-0.051974994764231217,-0.94854783760423722,-0.31233891799707714,0.99852024001343764,-0.054371435968752116,-0.0010378989373437217,-0.015997818687758306,-0.31193067615581288,0.94997016956860925,-8.5490149851646287,12.261997622041406,-2.2442220194182472,,0.2652543890319581,0.2142857142857143,0,4
0.95656132128495774,0.29078808595162792,-0.020802107829845977,-0.28544231404530479,0.94870257800506375,0.13596361218726205,0.059271611873117552,-0.12411973072455178,0.99049541567380694,-4.8318960624136507,6.3661886029545105,-1.6871975851327261,,0.07892718966827952,0.2772277227722773,0,2
0.84850213781448258,0.52891772354646449,-0.017034196273364489,-0.52612479183678207,0.84660775763839546,0.080299490167693666,0.056893106251603612,-0.05917217610427028,0.99662521944617166,-13.594619560133992,7.3733074248125536,-1.9746696283740317,,0.07436907732810544,0.1216216216216216,0,4
0.64628201186570267,0.76238943803539172,-0.032892338179256034,-0.76096616316533561,0.64709716341373147,0.046858933185996536,0.057009294472451635,-0.0052541292315212507,0.99835982214318464,-12.784854343345437,19.570143067393257,-2.8914117677588749,,0.1307661732249312,0.25,0,2
0.84262146815954619,0.53848862820351728,0.0043656262031819227,-0.53572281638610109,0.83741525175486875,0.10833632877144583,0.054682039098735834,-0.093625281969268517,0.99410471338595929,-8.675279232527199,-11.228699149027804,-0.68427742682991011,0.2506183380941554,0.1835152568594126,0.5810055865921788,1,5
0.94693539279338423,-0.3100043440229,-0.084915655577580004,0.3174369942851869,0.94344555301779109,0.095625536077663567,0.050468966052663988,-0.11750657504108346,0.99178883250805427,-14.919543149597482,16.731539642673365,-2.7121748864998865,,0.08763114513920062,0.4,0,2
0.88111431928035344,-0.45993841608188596,-0.10997367762881315,0.47113994192444725,0.87382642247876852,0.12022702899675246,0.040800876002221882,-0.1577467489048297,0.98663633205320822,-36.202230138849188,3.1171575258895041,-2.2417464079955129,,0.1927161528215792,0.2105263157894737,0,2
0.99413153035664414,-0.093876603642583226,-0.053755777729398803,0.096874219025830877,0.99371026413363173,0.056172027234254442,0.048144428949719126,-0.061049932383286043,0.99697292827694395,-0.22674148175926229,-15.222445401741089,-0.30140695842917209,,0.08188228586126284,0.2424242424242424,0,5
0.68654661029580621,0.71227606061894733,0.1460019361532304,-0.72519650553865411,0.65634854115906538,0.20807840078415549,0.052381105809856991,-0.24873561463433455,0.96715397624505295,1.5025372895611209,7.3724262594794983,-1.7662136665893591,,0.1360913200719379,0.3673469387755102,0,1
0.98439473792484544,-0.16117197853195908,-0.070644131263463208,0.16968605731119255,0.97573058960455017,0.13840685844328926,0.046622332632102442,-0.14823430725055428,0.98785269562515787,-3.7139981611976425,-14.39500742250047,-0.41555416167493819,0.5101849319576475,0.3308493835841751,0.8944099378881988,1,5
0.9969632608096709,-0.014773642121234621,-0.076459113872850371,0.021563647055822342,0.9958198700115326,0.088756946859757865,0.074828241469379358,-0.090136152506569964,0.99311439839019156,-3.9500170553806622,-11.57123293429197,-0.63787469443438016,0.3237974486031712,0.1255171915753156,0.4,1,5
0.45440776620828388,-0.88150034467086114,-0.12833831989998373,0.8907624377687009,0.45086001590615593,0.057162273550501061,0.0074740531145392622,-0.14029393572871898,0.99008168861351387,4.2123655758751557,-10.168617738219391,-0.64064301890449082,0.7797415250904325,0.8297950326154554,0.4375,1,3
0.37463151443754267,-0.91461497629341382,-0.15208771656524739,0.92715016711340459,0.37071843692768419,0.054409632818834285,0.0066178555302377267,-0.16139171497227575,0.9868682375709984,-10.474660395780027,11.164445481698559,-2.187649059702065,,0.07821511168448413,0.2121212121212121,0,5
0.67622210287755891,-0.69145583767559438,-0.25418987415747807,0.73631422377417888,0.64549666764980929,0.20291726373283492,0.023770390145749571,-0.3243807586730974,0.9456278823908405,-17.468389116118161,-22.336239184714433,0.030590221854476601,,0.4310513215199685,0.1666666666666667,0,1
0.79003789344027886,0.60959541665196337,0.065065773839742116,-0.61049678093799609,0.77260234704955288,0.17429656852005299,0.055980419726809054,-0.17742333930585416,0.98254117027062482,-16.430653547699006,12.930145449705048,-2.4384058427389101,,0.3840083255358755,0.4615384615384616,0,1
-0.99838439542549628,0.016803859439379513,-0.054279179054282388,-0.011060973274936799,-0.99447172430197606,-0.10442051730414391,-0.055733776483174069,-0.10365143448981039,0.99305091827515435,-34.656375058786864,0.71960791900008292,-1.9919640628951714,,0.5155976338726843,0.2,0,1
0.95232862263714568,-0.28012505464780418,-0.120831073257682,0.30134005640428918,0.92552303288497617,0.22934970243202191,0.047585343460968765,-0.2548275286501871,0.96581497489412615,-4.0650632450835564,7.2945197401189743,-1.7342837163852185,,0.4708249811636954,0.2826086956521739,0,1
0.3427838740544627,0.93016172672115138,0.13152329767512694,-0.93934487066163519,0.33768054607918685,0.060025517584925608,0.011420580103052937,-0.14412151450351898,0.98949409265913335,3.1312661030716309,-3.8610566791797933,-1.0253430550259237,0.2417133730150584,0.2345394917419002,0.2781954887218045,1,3
-0.90596803011018612,-0.41918836195958586,-0.059186532386249262,0.41924898163025304,-0.90779210453763581,0.011991094242235234,-0.058755593948703763,-0.013950345399657558,0.99817491856035212,-23.664574384399351,-8.3114421558029452,-1.0240544569047489,,0.06846835446388112,0.1304347826086956,0,2
-0.90705451339613274,0.42063776238314188,0.017775898992972425,-0.41883256129582308,-0.89726005465925152,-0.13965557601205081,-0.042794804895986041,-0.13412034584722982,0.99004057366540987,-9.6563860656159015,15.794278601851387,-2.4964748713372109,,0.334388139229216,0.2307692307692308,0,1
0.79828680615750425,0.59385110726181378,0.10039440979840011,-0.60226640316147817,0.78811501950620955,0.12708223971768429,-0.0036544134669224018,-0.16191225535037435,0.98679839219040499,-27.435011100638818,-9.1768977755268502,-1.0959078297213196,,0.8505599335562943,0.475609756097561,0,2
0.080949769685933301,0.9861646163411808,0.14465989169236249,-0.99643540159521315,0.076612931110464744,0.035312168362336506,0.023740792648544496,-0.14700274916924122,0.98885113465127017,-6.448745479143609,18.167616957086359,-2.6022152357130359,,0.1032295632773928,0.1666666666666667,0,2
0.56246293624405863,0.82671854234486597,0.01311095324119115,-0.82546551736742346,0.56056110631078393,0.066165895512436776,0.047351082237313359,-0.048038503669562707,0.99772249507372801,-3.6600668508434788,-25.96975704246255,0.31786699994043499,,0.3395713407447449,0.48,0,1
