axis_00,axis_01,axis_02,axis_10,axis_11,axis_12,axis_20,axis_21,axis_22,location_x,location_y,location_z,dbh,dbh_approximation,score,reconstructed,number_clusters
-0.69722404361475776,-0.68574315647277129,-0.20888981869935253,0.70990162868363837,-0.70098118127770814,-0.068301252454317896,-0.099590715419690765,-0.19591249793025198,0.97555111734697142,-16.507894192783962,11.683397428707742,-2.0130817624503794,,0.4347400406040961,0.5,0,2
-0.54629508771501845,0.83756584204398254,0.0067184357997198216,-0.83587115161205161,-0.54464064257216416,-0.068454279349970781,-0.053675832934232996,-0.043011983210904117,0.99763163254734544,24.849927136331956,-19.840515946545874,-0.53716746473682897,,0.4979339575097203,0.1764705882352941,0,3
-0.12708044340821745,0.99135548647383531,0.032632197924695135,-0.99149661778553,-0.12603166890075959,-0.032411037532681639,-0.028018169515984091,-0.036473522894216855,0.99894177222932223,-22.790291858439609,10.42665508297921,-2.5344689053204021,,0.1700531933546731,0.25,0,1
0.27107747220854644,0.95867570958083381,0.086359063917512788,-0.96200470086184375,0.26678889855238769,0.058057205658890658,0.032618393288748909,-0.098815826004179499,0.99457099945170935,-17.972640300826068,9.8755538041996882,-2.1292230292969667,,0.3878253353105326,0.4,0,1
-0.04821005620281292,0.9940519948386306,0.097654605822059384,-0.99877078145135301,-0.046848272190222168,-0.016191525927048447,-0.011520269093083225,-0.09831516134417434,0.99508864552354981,-8.0872859316108041,14.31750860157916,-1.4234852525981423,,0.3384032318235934,0.4222222222222222,0,4
0.30069550911172932,0.94654024802561942,-0.11680654805119052,-0.95359675270184729,0.30036360541365104,-0.020855161936638826,0.015344185756457886,0.11765739845207279,0.99293569406732485,-1.3920269787041895,-27.037468803941586,-2.0865097502553076,0.4842774421704684,0.4848443556893838,0.835820895522388,1,5
-0.85415887616537634,-0.48627635512931439,-0.18424961522361488,0.50578113786451473,-0.85921048233717001,-0.07708947802654384,-0.12082241037315095,-0.15903664195422706,0.97985166819654113,-17.280376077407251,-28.586421627062386,-2.8250878182758852,0.2498239387977549,0.2355724230665348,0.4444444444444444,1,3
-0.29589504916377662,-0.92353734295081547,-0.24397724495475631,0.95449492609066633,-0.29581640283322808,-0.037842989865787775,-0.037223056665713058,-0.24407259573773618,0.96904231696159882,-1.6195255680733549,8.6635220197084823,-1.0704975082629868,,0.22200818557991,0.202020202020202,0,5
0.89888985983659353,-0.33566379566754456,-0.28165020177696781,0.38944265109267068,0.90661529250175521,0.16242885492384157,0.20082689409753432,-0.25569225189671813,0.94566909166321145,-5.8318761119517948,-21.133011731255195,-1.9460012894074026,,0.462058699425996,0.3888888888888889,0,2
-0.98349603264817287,0.072261738865836853,-0.16587282737503942,-0.040570512852897853,-0.98151403641494184,-0.1870407169770831,-0.17632239577591069,-0.1772242574156655,0.96824685660801857,-8.52560785328013,11.291316233500774,-1.5017674260364653,,0.1896920141767429,0.3461538461538461,0,5
-0.64284363787002541,-0.70753146736008232,-0.29351538280867073,0.76063162035271847,-0.63489339009845791,-0.13546188146074856,-0.090507432676162597,-0.31033788989515332,0.94630798301916152,-10.060837320172006,20.712523427021861,-1.5197820799090307,,0.2322777339219716,0.2333333333333333,0,4
-0.89704354673647135,0.44069548332072117,-0.033171768707246523,-0.41927255547087483,-0.87235961562556064,-0.25139456090883489,-0.13972615892299303,-0.21160385631254308,0.96731608510676914,-14.685410598867367,-28.091804622099339,-2.6748833649153503,,0.1551832965667396,0.375,0,1
0.58771895386146256,-0.78086597202056884,-0.21174221358142209,0.80357254671278799,0.59382747450868689,0.040498057831949173,0.094114788644044642,-0.19395170599664049,0.97648611987036449,-5.5709240591778126,17.053844523842983,-1.2727980376147621,,0.09207803192836882,0.4545454545454545,0,3
-0.15298200119257407,0.98649017568476116,-0.058597274583065524,-0.98785706472756474,-0.15428196912827638,-0.018316486282612014,-0.027109536679087092,0.055083638944331936,0.99811365371970273,-6.5381898764982225,16.668414454958363,-1.2978126829997023,0.4722912139166441,0.4755693489723363,0.7614678899082569,1,4
0.98654123357557577,-0.040360650495921746,-0.15845318660956834,0.057867662681347007,0.99252210589691425,0.10747652265379784,0.15293046809245855,-0.11519933679279798,0.98149955921106802,14.360790007858052,-27.561500186572616,-1.3162436372609503,,0.4241327161621629,0.2972972972972973,0,3
-0.98600023602788245,-0.060226664036882926,-0.15548724543173034,0.073688487585315793,-0.99387841210640138,-0.082314693380016568,-0.14957787720898924,-0.092619927055930168,0.98440236070511589,6.563728198754105,9.25721684384966,-0.5320316479981223,,0.08657189192412107,0.3142857142857143,1,5
-0.20198170238145119,-0.89890210447607288,-0.38881666434397605,0.97911427245010496,-0.19473822920860129,-0.058414583531840543,-0.023208476632276175,-0.39249462245129374,0.91946143908226152,-1.885023084017007,12.052691161885225,-1.0344449092514783,,0.1066817650143478,0.5,0,2
0.68269263903205335,0.73058458575174379,-0.013301265857150317,-0.72367816493177539,0.67853340910945836,0.12602510195700853,0.10109735017510581,-0.076410573772541568,0.99193787608061545,16.484042045693098,13.459496943265243,0.046218644201909978,,0.7624242729904895,0.4333333333333333,0,5
0.98180361184740939,-0.10498335800816959,-0.15824083640043615,0.13392322700266937,0.9735663346637935,0.185022056194655,0.13463371432361446,-0.20284744649769457,0.96991065383198671,-8.8422132875786641,-22.771090866497381,-2.1341855385573711,,0.4427235285189125,0.3968253968253968,0,2
0.85535313834780846,0.51802098917128181,-0.0050262805891381343,-0.50267127004586654,0.83227580594709472,0.23374896172088064,0.12527012009665178,-0.19741134114614806,0.97228399112494335,13.07042956300039,9.493034148802872,-0.18866052477386352,,0.5495989054874397,0.375,0,1
-0.95957976812989243,0.24488455382477003,-0.13870192462192046,-0.23960477568596347,-0.96937733287923222,-0.05382506821570758,-0.14763542956980491,-0.018415802941757674,0.98887038490276846,-0.40348959723953004,9.841404964231554,-0.94822294565349008,0.2034689298575245,0.1854356858998563,0.7516778523489933,1,5
-0.93396312914555557,0.34070887764100855,-0.10784402669247317,-0.33063016392995109,-0.93833124976629501,-0.10108491683568599,-0.1356339489076992,-0.058753097013077106,0.98901542227362471,24.619946022681059,10.397141510100463,0.44223958637465621,0.1624805012556506,0.1281397536787813,0.2666666666666667,1,5
0.94378413515940685,0.31353836431020149,-0.10471485246656492,-0.29734785622513954,0.94362547630944449,0.14544831679359052,0.14441522987456981,-0.1061350769795653,0.98380871454506713,-13.402890027901513,-28.303132125826604,-2.5941148304682304,,0.3543142713569321,0.4137931034482759,0,5
0.20170530651364796,-0.93121626520630718,-0.30356422177103048,0.97675198473279234,0.21421831788738083,-0.008128505523893638,0.072598413514251045,-0.2948673934105247,0.95277630672603097,-11.042683009142966,-25.818314884259969,-2.3701802435037607,,0.6120371687573287,0.6929824561403509,0,3
0.73573661527306422,-0.61778677577153218,-0.27754482994347002,0.66700584757210357,0.73201923475723218,0.13874811440180537,0.11745140378537401,-0.28720609260120361,0.95064074608739213,-16.295416791103499,-31.177772710685005,-2.8452815619177509,,0.5735466492867703,0.2647058823529412,0,1
0.45547900127149321,-0.78228509605442287,-0.42493400416046367,0.88691952959080489,0.43997455462643931,0.1406987537673719,0.076893611120483416,-0.44096759492324189,0.89422310012460693,-17.191010430562372,12.994822687952038,-2.0506319609847479,,0.3839431174622585,0.3103448275862069,0,1
0.77556741338481916,0.61925833230974059,-0.12253287379531649,-0.62122706346927326,0.78319607955027581,0.026092845579221684,0.11212547841112501,0.055883976612589051,0.99212139289959844,-21.322229689642818,10.619942122906696,-2.3896995417486799,,0.5863980172229077,0.6756756756756757,0,1
-0.58024633029079675,0.81324204972404002,-0.044176518023756182,-0.80729564634009043,-0.58147817544014657,-0.10078130226947873,-0.10764727392924148,-0.022814470132749776,0.99392734360624291,0.6517486735687571,13.504705830537858,-0.80485557267698538,0.2734498773284371,0.2547186225307496,0.4533333333333333,1,3
-0.49472466356951716,0.86826752230256776,-0.036864847356090705,-0.86454502436118741,-0.49603076175152699,-0.080717930155041473,-0.088370855537005008,-0.0080618304844377701,0.99605501794875662,-4.1645178905143947,15.269847261123157,-1.2036433648902227,0.4103510110398928,0.3397104882280567,0.7920792079207921,1,5
0.58670749910779796,-0.74295449089411281,-0.32216910924379727,0.79916947977759845,0.59546043349341937,0.082188896669997652,0.13077634756589332,-0.30568856145446133,0.94310765573884803,-5.5664934050015784,-25.260497561712349,-2.0515002797465454,,0.2275360288532929,0.3181818181818182,0,2
-0.70032557970001486,-0.67211806921177619,-0.2404191827971971,0.70807941979194911,-0.69674419490036454,-0.11476524796182851,-0.090374873083921739,-0.2506089142701774,0.96386075467537724,1.9788048013519248,-24.693395891056639,-1.875457191338296,,0.2182805303203812,0.1666666666666667,0,5
-0.464960328345847,-0.82458589035913921,-0.3222886943179169,0.88352504751953542,-0.45541731457459711,-0.10944660794773602,-0.056527723022647386,-0.33563846472996489,0.94029327208248525,-1.7774405833437463,21.255649500173003,-0.97920445669026102,0.8425110999340361,0.4745220704499286,0.2631578947368421,1,5
0.74125973445686366,-0.62906487577007619,-0.23411832082371661,0.66072297316740902,0.74528459651440426,0.089420483823225747,0.11823349272417596,-0.22097115710141602,0.96808707714105025,-3.4427349047940172,-26.320060418280924,-2.0559144126007638,,0.1215737091916219,0.28,0,1
-0.64484208497018214,0.76353443736750093,0.03455211144347594,-0.75823658781175818,-0.63336875496614398,-0.15466511286072157,-0.09620791212208625,-0.12593324893184901,0.98736257497364066,-7.020366434754628,13.885963154838629,-1.3960085619769858,,0.1175887805688909,0.5833333333333334,0,4
-0.54097913334942838,0.83750877547840252,-0.076945618960200135,-0.83596701913308569,-0.54549303289054352,-0.05997077612988206,-0.092199350335266592,0.031881061220472517,0.99523006271575787,-11.327247674242084,15.095273325728458,-1.6813180634032101,0.5440822683486549,0.386527669364606,0.5780346820809249,1,7
-0.44056597498045436,0.89771177075457098,0.0038985046125562931,-0.89458674273657668,-0.43866151553598304,-0.085385212464671165,-0.074941186336247204,-0.041105369921301461,0.99634038719413009,8.1185974113179089,20.449919520926628,-0.23772659744896663,,0.1600347893908461,0.1333333333333333,0,4
0.25402648743742257,-0.94650566063505215,-0.1989914019901563,0.96605250152078836,0.25830481372925418,0.0046029892160098368,0.047043681675995049,-0.19340542285597459,0.97999042567989847,-0.35242138630467423,-25.340226817676175,-2.0099967586820524,,0.81113636358383,0.6404494382022472,0,1
-0.92088163151473268,-0.34441801355208052,-0.18262872906419153,0.36142116625457449,-0.92986071023723849,-0.068802617248774067,-0.14612241895734646,-0.12936495467450557,0.98077160806179331,-0.52498530831017554,21.469158056358932,-0.88519293428832502,,0.1891438998380946,0.391304347826087,0,3
-0.82943080905076583,0.55457650676077541,-0.067003217433243917,-0.54608420046889561,-0.83023688960468023,-0.11179782259862071,-0.11762898875548648,-0.056139160027211379,0.99146952334189264,21.443240638698974,11.650960598931176,0.21364435209468874,,0.3318454480946372,0.3541666666666667,0,5
0.41756605110077122,0.90862865501421508,0.0057061594058791781,-0.90595766387469656,0.41583939953432142,0.079487766742037627,0.069852016683913401,-0.038360931714338853,0.99681950958194887,-9.4845364970569008,-30.837478998882077,-2.48472608781687,,0.3687544756509566,0.5945945945945946,0,4
0.10421676723464496,-0.90533578167275797,-0.41171104897747912,0.99450608229321658,0.098952335937273248,0.034148023286213178,0.0098243426731033437,-0.41300793894976573,0.91067443395294034,-14.119993630826698,-26.192776397153978,-2.5920261100766915,,0.3066773026132129,0.125,0,2
0.09022795243337961,0.9909431265360954,0.099451679576302077,-0.99439365990309414,0.084110717795577938,0.064083042190913972,0.055137698031470207,-0.10467620131997689,0.99297670019643969,-2.7126565054648397,-25.375221689285269,-2.0072529291330028,,0.2731077137873026,0.2857142857142857,0,2
-0.082144271158091184,0.99165961509283362,-0.099315288399308324,-0.99640625412094042,-0.083783756639642742,-0.012444230471367538,-0.020661448753206434,0.097936152248701891,0.99497819806171461,3.9071786299956601,12.54133779646865,-0.62586287166851828,,0.09077193940819517,0.3076923076923077,0,5
-0.68491861067518911,0.72861236227774528,0.0032438074564907554,-0.7218493850918275,-0.67794225765781246,-0.13902431630611123,-0.099095721367383413,-0.097561881992273822,0.9902836549134828,28.670492379246355,9.1315081330950978,0.66033210500529715,,0.4550040601740118,0.4375,0,7
0.42148295252406182,0.90356360705434802,-0.076973558697360417,-0.90516902996579496,0.42433452512715553,0.024682746522507334,0.054964969957076518,0.059270724578395481,0.99672756221826753,8.5788770883260579,-33.772260206945198,-1.8009277720278616,,0.4153919174383004,0.7435897435897436,0,2
-0.70856922385687515,0.69891713191566429,-0.097182805668738326,-0.69667168907874422,-0.7147853903614404,-0.061077028103974314,-0.11215263099471122,0.024427206975533636,0.99339070809039631,2.4314698038352183,12.491253286868872,-0.71134977295902324,,0.0910483908790219,0.3076923076923077,0,5
-0.81621064197910753,0.56282306275117588,-0.13050052856383243,-0.5628075795256724,-0.82559231231044994,-0.040558134601325256,-0.1305672866705426,0.040342705527408679,0.99061831689214275,-1.2184372636762484,12.708536784873857,-0.96858297375461755,0.3511443061926286,0.2638411009245857,0.773972602739726,1,5
-0.16732463817033788,0.98572273979898606,-0.018792171357917213,-0.98559348565343941,-0.16771861032847699,-0.021816250525428443,-0.024656571105270871,0.014871045446245536,0.99958536679398513,0.53522512898395513,21.15565191313323,-0.78612184971228027,,0.1271615958262998,0.2105263157894737,0,4
-0.93454945298196179,0.33871603921817955,-0.10903561210661163,-0.32730058411698421,-0.93848705038193625,-0.11007444708965683,-0.13961249072986257,-0.067182594782883839,0.98792451705099504,2.9864745403667756,-24.464928210216218,-1.7919189112906717,,0.1915590067514045,0.2195121951219512,0,5
-0.78643614919989235,-0.58315540831476753,-0.2035877034225814,0.61161899392541508,-0.78124281839924659,-0.12482734063203169,-0.086257692418168344,-0.22268683942442324,0.97106651782761699,0.024826594778454451,15.600862570303702,-0.87324175408724947,0.5218204312992841,0.2814406272190653,0.6666666666666666,1,5
0.13394158311444274,0.98391299726907056,-0.11821533791260655,-0.99093322805414641,0.1342458186459749,-0.0054219659038682935,0.010535172091022624,0.11786973310000748,0.99297317998420598,-9.0115304734960375,18.954234327373108,-1.4501559706991471,0.2964679322291139,0.2670039860355573,0.6153846153846154,1,5
-0.073761446595024038,0.99155047275728092,0.10670946055069429,-0.99645983033437691,-0.068950100298181299,-0.048100833660701781,-0.040336776348553038,-0.10987967802865785,0.99312607499255789,2.4467564698862021,14.101849058121656,-0.69744609176440164,,0.4017427090286925,0.5806451612903226,0,3
-0.84441002841101442,0.53561331695479497,0.0094909756923158041,-0.51736991413276567,-0.81079810638674243,-0.27374221930482001,-0.13892471295332925,-0.23606102045944671,0.96175626785089363,10.284417798360593,8.8499942255735657,-0.40124539774299711,,0.5014990120866649,0.2340425531914894,0,2
-0.96512732221409303,0.2278494921086357,-0.12889476661870847,-0.21734366489818049,-0.97188104718267487,-0.090603319231336368,-0.1459143010279734,-0.059429277910342533,0.98751059623812298,6.6248512624466684,12.351447300261327,-0.4655614726704535,,0.09835127532405008,0.28,0,3
-0.77498269719049295,-0.54235771857158044,-0.32442244706736606,0.62379311381615254,-0.738832465448507,-0.25496811399629721,-0.10140991179808939,-0.39996836513043177,0.91090138691517664,-22.130524670107231,9.1079839852329059,-2.4803272720436289,,0.3238961791868702,0.1521739130434783,0,2
-0.1405157499358215,0.98710141126080209,-0.076721104703375162,-0.98902586208117904,-0.1435165175955653,-0.035083519091202976,-0.045641736980034903,0.070949369723587896,0.99643515533188154,-16.371990828939591,-27.298516213594269,-2.7474488336520819,,0.1589439524057961,0.6296296296296297,0,3
0.9011085549638832,0.42123409162896991,-0.10278721817627995,-0.41269087215636868,0.90593676568378489,0.094682736658902311,0.13300231655771025,-0.042900077295033361,0.99018683447032474,12.168599939637211,-23.792957890079627,-1.3880674834754507,,0.1726835935400383,0.7692307692307693,0,1
0.48238293141786187,0.87551910529090382,0.027802944939795324,-0.87039232597047367,0.4755020462359415,0.12773019579230824,0.098609869528455754,-0.085814336191848611,0.99141918144422303,-16.559145878770604,15.279255409987481,-1.9820428563352073,,0.2281615399888698,0.25,0,2
-0.41638691733955474,-0.85929484318192917,-0.2970426022465581,0.90802339275006794,-0.40956108318505202,-0.088052469351767471,-0.045994057084798187,-0.30638552776074657,0.9507956957683652,-3.9460140802257277,12.029558983449487,-1.1827497001741802,,0.2093742236515498,0.34375,0,5
0.42506902145843117,0.90501962992203311,0.015993637865027242,-0.90446273686652268,0.42398095832883387,0.04676862831518052,0.035545528780587192,-0.034345544548741509,0.9987777024710548,0.59466879456982169,11.392460500865718,-0.85844078500278054,,0.5455504098792507,0.2926829268292683,0,5
-0.10520943959228674,0.99031672253458525,-0.090574626077251641,-0.9943327035216778,-0.10615915824406545,-0.0057190758154774778,-0.015279022480142497,0.089459612056326437,0.99587324960698831,-3.9812174030099934,21.234464408876342,-1.0787738812605929,0.1973264320624322,0.1309706135450278,0.6363636363636364,1,5
-0.019545086028017498,0.99968897336727214,-0.015490194964791091,-0.99972975451087598,-0.019736225793877096,-0.012284109126728816,-0.012586006427047365,0.015245914839816702,0.99980455816270186,-9.4246968050174598,15.038963135928496,-1.4951302556799357,,0.07653381050715299,0.2857142857142857,0,5
0.017079069732902116,0.99976459442019294,0.01338137216005721,-0.99983472325307332,0.017160618756311467,-0.0060032775507793826,-0.0062314969718218786,-0.013276630134481469,0.9998924439847332,12.213836111670828,7.5028072173609335,-0.28163631174334219,,0.1488423693439987,0.3,0,1
-0.86723393513141411,0.4973200412517827,-0.024043259467211756,-0.47969741384137971,-0.84749067460281879,-0.22726624829734909,-0.13340049816389338,-0.18555951344672431,0.97353581036294734,-15.760150071632056,-24.096095260808781,-2.5715648148138963,,0.3743776811365035,0.4333333333333333,0,3
-0.69543821866329569,-0.67033306535394299,-0.25888079402614528,0.71170901151872834,-0.69225357472590054,-0.11939544045836109,-0.099176443500741229,-0.26727994644641373,0.95850167620205318,-13.477600939713451,16.557385141910402,-1.7448105854831497,,0.3247548805590027,0.2105263157894737,0,1
0.96528383200939294,-0.20773802938926678,-0.15834151321344883,0.21504066842454964,0.97613551525493392,0.030281459368842446,0.14827216389054138,-0.063280067979167687,0.98691995542281286,-28.613454483735996,13.899844532273436,-3.0740664449518902,,0.2625806343113088,0.32,0,1
-0.79208419372571626,0.60650237410399466,-0.068974634874717888,-0.59661715619650935,-0.7931123265274711,-0.12255939964838743,-0.12903719999237756,-0.055925912745354057,0.99006145935579504,-1.8083125555854171,13.970057880994849,-1.0182007239571702,0.3857162537497851,0.2845919833169059,0.5886075949367089,1,5
0.38895517615152669,-0.86461749763137596,-0.31804159120245984,0.92120074661438345,0.36882406547631397,0.12392737051445471,0.010151619675602911,-0.34118234349857762,0.93994231371014503,1.0853708790069427,16.531996312324921,-0.77491739632333068,,0.3788451124561774,0.1764705882352941,0,2
0.93807734507084928,-0.29804348439573014,-0.17658135822922952,0.31300378035228238,0.94763744726900379,0.063339577032588495,0.14845715930869605,-0.11468805492613056,0.98224595794905334,5.0554048485374317,15.459601242739089,-0.53429836834889954,0.6564235250933605,0.6343734635623438,0.72,1,4
0.94830718667803027,-0.21921594639227965,-0.22947297998268659,0.25717842776896283,0.95449900537777432,0.15096656922352888,0.18593745180861684,-0.20217818275020502,0.96153587891182768,-4.5314598284188747,20.225617442849952,-1.1292978530174969,,0.4658378480306129,0.2,0,3
0.97367151020293607,0.18370816693594935,-0.13496332694538624,-0.17645590179508883,0.98222784705596566,0.063966953886249567,0.14431598989999631,-0.038467725028092627,0.98878366147016583,-10.890308004153191,-31.937115610619699,-2.5708342711019792,,0.1548946622144109,0.4117647058823529,0,4
-0.12701146228471677,0.97613347711446663,0.17615766604016417,-0.99183473070148875,-0.12292730577929205,-0.033952090777287121,-0.011487185147053616,-0.17903159595519569,0.98377626126428352,-19.442162508878464,-31.21145433128045,-3.0403572662786367,,0.5640846124026898,0.4571428571428571,0,3
-0.099524523642288337,0.99292672062684861,0.064740996740757256,-0.99430025199746908,-0.096740190282616295,-0.044814556361212864,-0.038234514140299089,-0.068832136747992531,0.99689530988923802,-4.4834359099665013,-24.846516650232044,-1.9861265774758585,,0.3547004076764346,0.2142857142857143,0,3
0.4405499126863191,0.89594429398808229,-0.056564975932745974,-0.89574989495427726,0.44288630774693016,0.038520697030193861,0.059564252043293679,0.033697781536580367,0.99765553143258556,-0.65996140269427317,19.166267305250322,-0.89317070778225072,0.2332818550619251,0.2099460458915161,0.675,1,5
0.65037837442580926,0.75064508776879613,-0.1163611717361811,-0.75402217293341534,0.65652109959644978,0.020751108631554882,0.091970282178602314,0.074242831258269568,0.99299016571300602,14.997963166703617,-22.066697474665176,-1.1910516394333055,,0.4796936137570411,0.2592592592592592,0,1
0.1857543515808692,0.96388297395915945,0.19085317230901877,-0.98240270115868722,0.17832617320583316,0.055540153995809124,0.019500092945569366,-0.19781149729327763,0.98004609989209424,-27.656129081976463,11.951173787854572,-2.9912033999027412,,0.2692541797855909,0.1666666666666667,0,1
-0.31167555457432644,-0.85296837809574111,-0.41869236277905625,0.94965341985418494,-0.29441528729557748,-0.10713552522817171,-0.031886217085750942,-0.43100415842006135,0.90178638522910559,6.0990702781707151,-20.596630938371423,-1.5666468259191992,0.5241317102574237,0.5020193881050489,0.5846153846153846,1,4
-0.98727655584236862,0.062609732929718678,-0.14616779271269315,-0.042249382292922508,-0.98946642037670862,-0.13846007598860738,-0.15329707100886833,-0.13052288799047371,0.97952222217299878,-3.1090981064850971,18.918276667185243,-1.0776472255580669,0.4925995811392177,0.2208796709991416,0.125,1,4
-0.98465097922569333,-0.072177227953019188,-0.15891160081913266,0.090595654943233406,-0.98958288041781495,-0.11188453909895613,-0.14918068378743954,-0.12456392153828956,0.9809326954667752,4.4513611439063983,9.597646595411149,-0.64794751537581541,,0.08433448605421452,0.2083333333333333,0,5
-0.28091558966731572,-0.90410784389614507,-0.32198670483007269,0.9595035985018695,-0.27189770209790004,-0.073651096772864216,-0.020958910845470913,-0.32963714323380749,0.94387503296613684,-15.14268812546746,13.372920962443697,-1.8980482416682616,0.9124773306826671,0.5139737346403488,0.391304347826087,1,2
0.0092815511601142264,-0.97753255971278519,-0.2105800263781718,0.99988640474148183,0.011573753859016317,-0.0096553526483458205,0.011875622982193239,-0.21046648883606212,0.97752893903751192,8.642526210824915,11.237341921023015,-0.38042095523501934,,0.09208596204936162,0.4444444444444444,0,5
0.9886963638437789,0.020774525228599842,-0.14848541754534822,0.00059987731753020977,0.98979800553656772,0.14247648361409423,0.14993045144097331,-0.14095505431647215,0.9785972268473615,11.09252836078049,6.7364160971870222,-0.39021375278246617,,0.2031427754927083,0.35,0,1
0.95704225403594723,-0.20419513913489151,-0.20585059908456424,0.2497287483692931,0.94124385588184745,0.22736656746887232,0.14732846373901451,-0.26900622468328328,0.95180353794990025,1.6389223264108019,-26.01395003970563,-1.9042246831869569,,0.3738832050220109,0.4137931034482759,0,1
0.98858741092937674,0.046480956694211914,-0.14329847039218757,-0.028209499215702368,0.99150194887919485,0.12699649413569156,0.14798363120949948,-0.1215047572465713,0.9814975490853256,-6.339926347129448,29.999720192932713,-1.1571344883398347,,0.3410092329076841,0.2222222222222222,0,2
0.90189701316004822,0.41429521735736796,-0.12223440811733981,-0.40459523122345581,0.90935362079335935,0.096843643163853146,0.15127615980128389,-0.037887533897319262,0.98776518376128097,10.698520777242312,-25.498432108428112,-1.4899240860723038,,0.3663454007361781,0.711864406779661,0,5
-0.84103817074381226,-0.48660444687677873,-0.23637027654010412,0.52683372155770536,-0.83598455040212316,-0.15354498141788178,-0.1228862286082508,-0.25366502275383501,0.95945454871491231,6.7228964943441269,10.667025295916376,-0.50248148004666515,,0.1678865788502919,0.1851851851851852,0,1
-0.97484330215465487,0.19146023758316535,-0.1141206101841645,-0.16551311133455027,-0.96473304378338132,-0.2046840594887884,-0.14928478228059586,-0.18064642719149177,0.97215272571874423,11.86263231064309,10.799400949488627,-0.24728240542119331,,0.5414283782703999,0.3170731707317073,0,1
-0.41630742813248028,-0.83302598553585627,-0.36435673824390286,0.90587898997330285,-0.41435765796631402,-0.087698271417521831,-0.077919065745616731,-0.36657255585584625,0.92712090931369007,2.1474144346975255,16.531294973361231,-0.68598346730270732,,0.2419030061136968,0.5625,0,3
0.053421822985099225,0.99662375658111324,-0.062347386850593906,-0.99845503797702773,0.054267084102781589,0.011942391773567979,0.015285482237746523,0.061613078166331971,0.99798305728685988,13.106688024590133,-22.93357400429009,-1.3077727409083966,,0.4012603746133537,0.4615384615384616,0,5
-0.96620063080490404,-0.20138350535211719,-0.16093795327484997,0.2101956371684596,-0.97685831161384984,-0.039568082418577816,-0.14924521817314393,-0.072059161825765217,0.98617105111102166,-6.5489319612474199,15.095176116611066,-1.3526197252491479,,0.07677436339958513,0.2272727272727273,0,5
-0.91865617928429155,0.39015281994234408,-0.062061270965253337,-0.37606669373792062,-0.91175776827123767,-0.16514119370429697,-0.12101514832373232,-0.12836880106976062,0.98431538888107173,6.8328571489373404,14.365859637856962,-0.4272485630504288,0.548678576805789,0.4205803557595396,0.3125,1,3
0.59824361701523898,0.79837991933309183,0.068513349839356391,-0.79774411362343844,0.58533518545085783,0.1448690783168218,0.075557288726364358,-0.14132312294488925,0.98707591959353602,1.8333244562018276,-21.743552750095205,-1.7965679189378398,,0.3793606156315983,0.3571428571428572,0,2
0.95852320751823106,0.27308434220977001,-0.0815978105638753,-0.25684525735312275,0.95173275097831089,0.16803358143675884,0.12354664877757326,-0.14010607679580808,0.98239834732185749,6.7486892556562168,-24.24712932711159,-1.7045597963838948,,0.4977945603779055,0.5185185185185185,0,3
-0.58738968412592463,0.80556490690595195,-0.077708041694862229,-0.80391925520839402,-0.59184348250301422,-0.058609925131198122,-0.093205096897255119,0.028044125593577916,0.9952518962212854,22.904602272076414,14.744606156380438,0.39987652379950805,0.4817670924831013,0.4782253620149332,0.6666666666666666,1,5
0.599256822051076,0.79851576946056557,0.057129914651132499,-0.79648031490133508,0.58749273331606811,0.14307828722586124,0.080686858904750872,-0.13124349211910111,0.98806111985872025,22.241286158073223,-21.956954576270419,-0.72164776971065892,,0.2016488104719522,0.5,0,4
-0.98696271050651352,-0.030708243826607969,-0.15799244232152357,0.075244359665787325,-0.95578638553268946,-0.28427217867537108,-0.1422775260120866,-0.29245408014155327,0.94563614387376116,21.265603466552516,-25.348437336114042,-0.80599254167131462,,0.4811273973858763,0.5483870967741935,0,3
-0.16589255179671572,-0.96907546711035575,-0.18268114380860404,0.98591964252752562,-0.16693406328624294,-0.009771232938642134,-0.021026643497490026,-0.18172990276668979,0.98312365585598605,19.923369025372331,12.514025104747905,0.13485727544666945,,0.1220993500567075,0.65,0,4
-0.93638353935794627,-0.30821924220623914,-0.16788914781276601,0.32214575930370093,-0.9446213982242998,-0.062550170098976635,-0.13931251552580323,-0.11265572666571609,0.9838194500350621,-11.300618472149681,13.281895354883511,-1.6784714175805571,,0.07337706476199032,0.3809523809523809,0,2
-0.91807755234232025,-0.30906417778415796,-0.24821954374250371,0.37236581435263649,-0.88712842934357461,-0.27266618813468796,-0.13593126272727804,-0.34275717915312215,0.92953763127286171,-14.627537571661017,-22.913807051407339,-2.4672109506331061,,0.4263305988280904,0.1764705882352941,0,1
0.78009963202173271,0.61859218789533299,-0.09374576894144114,-0.61721682191903782,0.78541621156792973,0.046527081860399423,0.10241073605691889,0.021565706136050099,0.99450840190474687,7.4925736205910702,-24.396021464831609,-1.7061731643251892,,0.1808585029470803,0.25,0,2
-0.98492745823210281,-0.080569033033449811,-0.15305728645348413,0.090543754231942677,-0.99412259246961154,-0.059347280570253916,-0.14737615339679133,-0.072311147533099959,0.98643366089788909,-10.349828753699002,14.170584840399108,-1.6024642468216903,,0.1262974352824948,0.3076923076923077,0,3
-0.29466348322852287,-0.91621376523123865,-0.2715248939829098,0.95444443589675509,-0.29615215677868589,-0.036465309830823807,-0.047002664151719983,-0.26990041948120236,0.96174035639901867,-1.1318646952253359,23.77830306019499,-0.90983853859428232,,0.3981812154291491,0.2857142857142857,0,3
-0.106489654337589,0.99388183075891501,-0.029306313421659229,-0.99376441695529161,-0.10736423017305995,-0.030086636117323477,-0.033049010765389596,0.02591965599026963,0.99911757782594102,-10.923943518382616,27.002713880733328,-1.4320934885826198,,0.2125208960085322,0.25,0,4
0.90184163188264221,0.42053460944079391,-0.099158021691293785,-0.4077864947260102,0.90429384859432493,0.12634401494941472,0.14280002003615352,-0.073506990531126734,0.98701817441257389,25.86618140427651,12.26727270570694,0.51089776157872635,,0.1926187596895866,0.4375,0,4
-0.74346220577929145,0.65866642072991444,-0.11585549093864543,-0.65746254429494499,-0.75156476174889464,-0.053790442892266054,-0.12250286293392995,0.03617948452053258,0.99180849637055435,-12.218054547071496,13.107827341009109,-1.7776634614415685,,0.104938032618697,0.2916666666666667,0,2
-0.21917076435471844,0.97549876729842688,0.019139776681456954,-0.97470393765382335,-0.21802775617665521,-0.049154160136281551,-0.043776820056951847,-0.029428770545514037,0.99860779963400981,-9.7848487650053038,-28.367166509051565,-2.4137411414422805,,0.157109185955956,0.2222222222222222,0,2
-0.70665851768637133,0.70755039167631306,-0.0024864874812492548,-0.69765805942136283,-0.69735575961942209,-0.16421990333097763,-0.11792782328915034,-0.11431267543152408,0.98642062059243663,13.487389198840063,12.292933705507533,-0.10270007264589767,,0.2538183794980242,0.1666666666666667,0,4
-0.71120501710462103,0.69956535973977241,0.069251217298883089,-0.69368507533449231,-0.68241283572471634,-0.23046417920434034,-0.11396683685789641,-0.21194581640200649,0.97061348177649542,5.9967068031397694,-30.336215087567567,-1.932021760213015,,0.5074334562222602,0.375,0,1
0.72318941345300647,0.68457986729249365,-0.091364531232254159,-0.68066541230006938,0.72888318584051626,0.073647117373037876,0.11701140443509959,0.0089278607052928598,0.99309044126673252,0.20131900135639094,31.241454692715035,-0.6829664202601099,,0.2838309092774814,0.4666666666666667,0,3
-0.9428749844901132,-0.23925503502908571,-0.23182707312995204,0.30078676554933492,-0.91053873570031585,-0.28363097937221265,-0.14322739016381852,-0.33715907077001778,0.93048894442887375,-22.600992430633056,-8.2429586572074669,-2.692600094300392,,0.1835923050040984,0.3333333333333333,0,2
-0.69900119188093812,-0.6438093494933903,-0.31129865925494532,0.70690082869026816,-0.68787532671961837,-0.16467772553503263,-0.10811360758961415,-0.33516720662271976,0.93593503591792238,-4.5618532038503581,24.801980543459923,-1.043288034848092,,0.2906185628737301,0.2857142857142857,0,2
-0.89764873384817445,0.43334451622280912,-0.080245129948117527,-0.42250690316994649,-0.89797532940658098,-0.12299684772743549,-0.12535815647381066,-0.076503843281000128,0.98915746702369145,-8.5002539142513864,21.402860798611322,-1.3970849114920501,,0.6404176848863306,0.4,0,3
0.24762468823858669,0.9647628869535626,0.088963957487113138,-0.96839398950356526,0.24362544739480924,0.053476373054347326,0.029918136106907137,-0.09939423191868417,0.99459825648006361,27.1140349094734,10.772180184776621,0.62716542260562824,,0.4078783737496441,0.5,0,4
0.97277089042986387,0.21527984991566285,-0.085856746692257693,-0.18006581386600023,0.93522643800905203,0.30484063430861014,0.14592154539019866,-0.28108023030656282,0.94852559623962984,-33.686843637632649,3.2851114666367476,-3.6264230053872031,,0.2602960551512387,0.3333333333333333,0,1
-0.98822838201601326,0.0083682246250611127,-0.15275679295742431,0.032145065148140292,-0.9648543247476622,-0.2608118609311238,-0.14957058455670577,-0.26265206039998718,0.95322743110078789,9.6869775441193209,-21.103841038863219,-1.5579445703578887,,0.6878751568345025,0.6,0,1
0.98583657448202933,-0.06061162801489875,-0.15637288435954358,0.075361786143322562,0.9930694075719374,0.090187321359552222,0.14982272725734155,-0.10069449982052929,0.9835719435318736,8.3890162267540198,-23.468399765638754,-1.6417890511636966,,0.2189084717612164,0.6153846153846154,0,2
0.8165705434961158,0.57225281709576503,-0.075757909292821085,-0.56184980533049722,0.81802557900925399,0.12312168101783769,0.13242863642181421,-0.057972971396474116,0.989495725530395,2.2823910651459429,19.574452043190455,-0.66472898902580679,,0.2747175543388857,0.1666666666666667,0,2
-0.63373047817724693,-0.71886713993622564,-0.28568464458060566,0.76867710631544883,-0.62662034540604705,-0.12838399023909938,-0.086724778787521287,-0.30096009343950514,0.9496851240812072,21.669758897028881,14.505240355111557,0.30037071614933347,0.2472896090597947,0.19024948730316,0.5,1,3
-0.79775028107589085,0.59991198669423773,-0.060828424802143032,-0.58963970679986655,-0.7972195107934521,-0.12948385140710453,-0.12617252160555828,-0.067428924289373152,0.9897140167547761,-10.307518926052646,-24.765720467180948,-2.3001993972204593,,0.09344528444965662,0.2857142857142857,0,1
0.93525132240129505,0.34182977758324951,-0.091963944587075769,-0.32557384600617978,0.93262974246873265,0.15557452959739207,0.13894831680654846,-0.11556022940480684,0.98353403532187689,4.2776072890034369,-22.245920150218193,-1.6656964842574997,,0.6258129776826997,0.5072463768115942,0,1
0.83084544943334271,-0.52545525020987405,-0.18328289386297006,0.5403037145767412,0.84054195153025324,0.039511058354447799,0.13329566823599984,-0.13185601140862552,0.98226587901897833,-22.539572771192042,4.0139873692916224,-2.5462553786244166,,0.6044036821779617,0.5,0,2
0.66114900976510671,0.74763670555687445,-0.062620630711315017,-0.74515723678410861,0.66407873122303052,0.061156612115808924,0.087307956996438951,0.0062285826055657563,0.99616189718530923,-3.4729499440847276,-24.669827866489747,-1.9702599994598395,,0.105035509140601,0.24,0,2
-0.7878382916793969,0.61372923508325428,0.051451454477130211,-0.60310754142186185,-0.75187322016534475,-0.26636057192886492,-0.12478829930632988,-0.24087981817146492,0.9624992434043339,5.9303779182354681,15.524505535289455,-0.45783954262225229,,0.4153540563944934,0.3684210526315789,0,1
0.5072563298568471,0.86002528302581049,-0.055204423523266086,-0.85900105931260262,0.50972739723750782,0.0479078344877229,0.069341156032969031,0.023119105991595501,0.99732507790497316,-14.69578620737988,21.979570721937044,-1.7368983450411355,,0.1442634395195558,0.1875,0,1
-0.019224445374497551,-0.9745595070146591,-0.22330290635678324,0.99981400482265981,-0.018394440836175724,-0.0057965771622740985,0.0015415772821123462,-0.2233728090741301,0.97473186656937316,17.479098891876401,-24.964076431233671,-1.0654583612788617,,0.2195631490514885,0.5789473684210527,0,2
0.87162525974826488,-0.39874119133192087,-0.28508747588059791,0.47083377868873522,0.8428233545191316,0.26069972367228611,0.13632666435608756,-0.36146127788785276,0.92236694713829792,-16.560368957545048,-23.567562657419511,-2.6252473811263419,,0.5282523486631744,0.4166666666666667,0,1
0.51536270298283093,-0.8179091863136505,-0.25578476756439528,0.85092218249327822,0.52380238882191565,0.039528430342360851,0.10165000597691247,-0.23802441137033861,0.96592528483143913,28.585364278426439,-21.204764547984546,-0.10946252906994199,,0.4336781980085117,0.3928571428571428,0,3
0.32434319505730019,-0.87216805559298749,-0.36622994774208434,0.94019088373276383,0.33984920457727769,0.023315666278217018,0.1041277771097978,-0.3518883359126006,0.93023223180173309,3.9708398265288163,-28.845598340573286,-1.9179767837192905,,0.6779758520695679,0.4642857142857143,0,2
-0.98398896039196448,0.11336575900063936,-0.13752792630206853,-0.097743804568797291,-0.98848880849012066,-0.11548170486356849,-0.14903648712699524,-0.10019021996177316,0.98374287561783846,10.279507834492293,13.76487575760248,-0.26226140349813976,0.7102765399310814,0.37928951977984,0.7733333333333333,1,3
-0.81296880871634691,-0.51516813756300495,-0.27144705946867009,0.57064515231717927,-0.79765745979658942,-0.19520934139470772,-0.11595613908382076,-0.31359905432050794,0.94244883518313916,25.723583920478987,9.8382675357968576,0.5139318605446942,,0.3756845410959638,0.1538461538461539,0,3
0.97685841343242008,-0.13517562562291954,-0.16575641871055252,0.16022201027616301,0.9758584650641553,0.14842224761031367,0.14169173416032713,-0.17154534794066684,0.97493366239480905,5.6759085801867659,-24.395157821422355,-1.6983696960812036,,0.1467588605232154,0.1666666666666667,0,3
-0.95694458408210237,-0.21634179461766243,-0.19352852734814879,0.25388461228549669,-0.94701432468782443,-0.19673960577552585,-0.14071128824858739,-0.23740281535330499,0.96116608170583584,17.848752523200019,21.812247796417008,0.38660436255586667,,0.2525801424151801,0.4705882352941176,0,2
-0.77308671809809826,-0.57693829117350226,-0.26358894984067555,0.62438389045661458,-0.7653742500027545,-0.15603529975932956,-0.11172145558742792,-0.28520951178128756,0.95193164184772505,10.382790555899449,11.66624784033583,-0.32918037235284692,,0.08678821832590067,0.3548387096774194,0,1
0.93132934880532237,-0.29735555800545277,-0.2102506032740934,0.34607744248870626,0.90239298231173737,0.25674366452749237,0.11338451329141376,-0.31187590095708739,0.943333119607212,0.36618952561276807,18.295109374025785,-0.81490869467362081,,0.4088704973249488,0.7826086956521739,0,2
0.80986986351591939,0.57803647404350067,-0.099923164701998995,-0.57465543390889184,0.81598437974347127,0.062774392021310993,0.11782162979558847,0.0065823012707829356,0.99301295906060116,29.542064863869978,-20.372105903848134,-0.023720844828311022,,0.30698772180926,0.3076923076923077,0,2
-0.98794606680770924,-0.01252619789710137,-0.1542908404456339,0.040318407546649379,-0.98314118139971352,-0.17834753558397864,-0.14945566262968993,-0.18241850729084175,0.97179549963235645,-23.249235456434789,7.116127103221908,-2.562208469683017,,0.3396591850268787,0.3076923076923077,0,1
0.62481725520879439,0.78075959460888311,-0.0042252833657386727,-0.77580708576737822,0.62144500267739655,0.10922213292377426,0.087902009456417657,-0.064965868526967591,0.99400838661454971,-6.5447277485761042,6.0470342601957316,-1.4605753940931745,,0.3345207234949066,0.2803738317757009,0,1
0.98280451895122278,-0.055669560088280404,-0.17605731341990208,0.10398625282918737,0.95476581676194217,0.27858408850012784,0.15258485098986929,-0.2921012413915422,0.9441370282040209,21.159039327644287,-23.060010688768262,-0.81006299324700748,,0.2367152305049018,0.4666666666666667,0,2
