axis_00,axis_01,axis_02,axis_10,axis_11,axis_12,axis_20,axis_21,axis_22,location_x,location_y,location_z,dbh,dbh_approximation,score,reconstructed,number_clusters
0.67735492111039086,0.73559461803257942,-0.0095325111611447143,-0.73386980607232111,0.67655572339706416,0.060888922424747721,0.051238838617866593,-0.034247789128300239,0.9980990283318153,-3.8411585468365939,26.838744534242416,-1.5042496965956036,0.3150909944275663,0.3271907134082728,0.5625,1,5
-0.97170571096133873,0.22454395393169574,-0.073266800379430425,-0.22163029417390517,-0.97405290424327862,-0.045836147739773805,-0.08165796954068294,-0.028301104005931929,0.99625851239652574,-24.287531810506007,0.61106372015096855,-3.3465600497877226,,0.1836060327558827,0.6285714285714286,1,2
-0.60021942216184154,-0.77791864972098745,-0.18595488613096733,0.79793789039969554,-0.59839250865022564,-0.072260145694384451,-0.055061495840459218,-0.19175239244287365,0.97989757202895744,-18.681208693850607,16.332638319404271,-2.8589154078417907,0.3271199540381833,0.2618452827096147,0.5185185185185185,1,5
-0.38532737112585042,-0.8841026363565414,-0.26435836557342746,0.92077552258765483,-0.3872469348734634,-0.047034545118866199,-0.060788601437048013,-0.26153840983404386,0.96327691040365326,2.0044079293283676,-7.8891304522575592,-0.69119300008273832,0.6365675353715129,0.2687410704873208,0.3114754098360656,1,5
0.31276052529220605,0.94919088439915256,-0.034892961933588998,-0.94897277096886612,0.31382889442627515,0.031017817183917096,0.04039224899180982,0.023411321977569587,0.99890959361928622,1.3478298678404255,27.06061345816563,-0.99660084148823247,0.7291296849740064,0.4999499534003754,0.9375,1,4
-0.7940169434424974,0.60776943990219012,0.012385533787984805,-0.60511286652620244,-0.78827083668905829,-0.11165799026480636,-0.058099159121950128,-0.09615298199489819,0.99366950831894429,12.755010814443843,10.325202699091422,0.079787019637780926,,0.1737233776501108,0.1666666666666667,0,4
-0.23616859308828789,-0.96121105790147965,-0.14246998914373918,0.9712884838261151,-0.2378433461141195,-0.0054059130594313219,-0.028689315528009823,-0.13965616662774902,0.98978435949320642,-9.4384621971585982,-19.517631949169534,-1.2896602070300387,,0.07434878287815926,0.2142857142857143,0,1
-0.30265479439819115,0.94059859239775323,0.1538647568715944,-0.95302645117405038,-0.29665295775659584,-0.061135963367399807,-0.011859965867798902,-0.16514027562538938,0.98619877842957515,-6.3211463758497288,-20.481105935111607,-0.9726970984891391,,0.1333523204220838,0.3333333333333333,0,3
-0.93040257815201133,-0.35493136597528696,-0.091513758610419257,0.35825306789342137,-0.93335794536151695,-0.022308858677168864,-0.077496980025293649,-0.053541304405507535,0.99555388945526957,-0.98171978803023463,2.7896863451251419,-1.3002252206017741,,0.06971244414924785,0.103448275862069,0,2
0.22360563148817769,0.97453213514047221,0.016959927633252152,-0.97425566581365031,0.22296129599475739,0.033379007150278223,0.028747507661942527,-0.023987039560771743,0.99929885556640963,1.6208788982146602,-19.854518529025398,-0.26235825664179246,,0.1986786701490939,0.125,0,4
0.61027099477692537,-0.77050556316820573,-0.1840936991339634,0.79140888692891054,0.60331190627582743,0.098421122914589307,0.035231897818927285,-0.20575694611038431,0.9779687073231963,-39.28822983732109,-5.6394197667121357,-4.4071427326108354,,0.4221143709147041,0.5517241379310345,0,4
-0.26686627281328512,0.9623718134926853,0.05121410967250118,-0.96263603538592779,-0.26365025709421275,-0.061809427360393118,-0.045981037517759782,-0.065795398995348114,0.9967731485447604,-2.1818214629401749,18.964567893623038,-1.3328433705876948,0.5412039106828297,0.5416870882708275,0.4428571428571428,1,5
-0.40599310868302624,-0.89993478514280212,-0.15901879823427781,0.91303519416022483,-0.40689475836320893,-0.028344132397184387,-0.039196044783825032,-0.15669728174581546,0.98686859913910507,-4.230596577165965,15.244975748517126,-1.5508900107577337,,0.1602661578780354,0.4222222222222222,0,5
0.17666756793160243,-0.97484378592523546,-0.13589762133344307,0.98426298673139456,0.17551645533250906,0.020502362256756911,0.0038656683417779458,-0.1373811011401006,0.99051072162688192,3.086212631461934,6.6487794295458098,-0.84788499430142705,,0.2407005653660929,0.3333333333333333,0,1
-0.44025322791727278,0.89777727682464448,0.01315509504898737,-0.8977308798323711,-0.43987470358190123,-0.024279879409339858,-0.016011330482482829,-0.022499030336009872,0.99961864274838375,27.601514658888263,-3.2781582847915018,1.6686217772810314,0.3428218019027632,0.2603811908927401,0.4444444444444444,1,5
-0.46238967779908291,0.88471915570132798,-0.058888041230708427,-0.88641897117017721,-0.46283618534667237,0.0066387561595005421,-0.021382081621418358,0.055269169243529676,0.99824251838752365,-12.496579364975814,18.955157643989342,-2.2648647260094172,0.3688025748027451,0.3201347347578698,0.8421052631578947,1,5
0.18159780951246399,-0.97060852402262565,-0.15792823900397226,0.98311183324821994,0.17549277944344946,0.05189805093197105,-0.022657424999314963,-0.16468569293607041,0.9860858297504167,14.654090593786881,-0.090815813875540996,0.39612920114871025,0.5868189033950102,0.5644472117013455,0.7073170731707317,1,5
-0.37019434074214774,-0.91939675736082893,-0.13291257516457297,0.92802255789014532,-0.37242480865967442,-0.0085961585511195437,-0.041596660076471829,-0.12652811722773996,0.99109048699969127,-27.421070510268905,-2.7721094205632277,-3.5734343110590312,0.6579993290655134,0.6534745789825048,0.9681274900398407,1,5
-0.91647196285016186,0.3993228487686033,-0.024907905590356071,-0.39501259443175607,-0.91296115978892001,-0.10230821549202417,-0.06359395843839169,-0.083923674658565026,0.99444086062567805,-2.8802186091504063,13.808584430245212,-1.4274696300979992,0.470137360097609,0.3369229636162561,0.7283950617283951,1,5
0.63553744582091654,-0.76390669968443348,-0.11197637758322637,0.77097105425385759,0.63565830879398844,0.039270191798115583,0.041179952186957615,-0.11128822326914001,0.99293461159306828,-3.1926148908790446,-8.703519880294591,-1.2320755228996663,0.2157848356566427,0.1432429254831182,0.3157894736842105,1,5
-0.9544500714897195,0.29722714052436716,-0.026097662136245422,-0.29157834934545457,-0.94770443784050817,-0.12976272457985288,-0.063301873797302663,-0.11624252850447954,0.99120156746276189,3.3836901353497182,9.1738645758509918,-0.84232530672945927,,0.08955024996242855,0.3636363636363636,0,5
-0.76445006098088597,-0.61302084454038985,-0.19955337237267168,0.6411790105778099,-0.75518369109605454,-0.13633440173704967,-0.067123622226304677,-0.23217027557705519,0.97035631727613059,5.5503911165281572,10.186882737627302,-0.63239481505167228,,0.1069405191522705,0.25,0,1
-0.73725665217935632,-0.63490914464719195,-0.23096105052726845,0.67298629614247385,-0.72025994231700829,-0.16827079573691694,-0.059515325939817731,-0.27949238547207678,0.95830158741463345,-11.195673370909283,15.387791275034644,-2.166743574233462,,0.1735358752589114,0.6666666666666666,0,5
-0.37764071275981259,0.92550192836460876,-0.028873390165528631,-0.92574841612696623,-0.37802817993714299,-0.0091959345269776605,-0.019425810270722318,0.023256735944693636,0.99954077562074717,-9.786191105552323,-16.213361614876643,-1.5292962714675979,,0.07903217257071438,0.3043478260869565,0,3
-0.88899892047898021,0.45390517699915495,-0.060423585466060754,-0.45316712243929747,-0.89104058888784776,-0.026195955689481028,-0.06573034708028988,0.0040938060242558675,0.99782902454525824,-19.462909866725862,-8.1749468081836021,-2.8492344205061717,,0.06919027246845991,0.3684210526315789,0,1
-0.24350901649536097,-0.93413024212950868,-0.2609675259961049,0.96727574131510174,-0.2536691667281088,0.0054400473148468482,-0.071281127577941888,-0.2511028565957239,0.96533225174583548,-9.1506981939489744,6.6480393897507373,-2.0652051268529346,0.6228766141339731,0.2575388108830283,0.3064516129032258,1,3
0.3452487418524201,0.93845091568539263,-0.010638848554622677,-0.93764516850652035,0.34539486624519772,0.039037473635469992,0.040309356552778002,-0.003502173712028519,0.99918110998636844,16.251013516727969,2.5760966236014471,0.51147462967401103,0.2278452678116772,0.1897463068349311,0.2857142857142857,1,5
0.47709514370336964,0.87758239959912099,0.047216054139573811,-0.87797691851590065,0.47353553445330243,0.070147189276194885,0.039201459258377681,-0.074921489066056571,0.99641859480247563,-3.9702008025683697,18.058953493778439,-1.4990397039836945,0.141780108329384,0.1680656122061713,0.2222222222222222,1,5
-0.84885462306992288,0.52753972325044018,0.033877267978203916,-0.52456166349520039,-0.83266424991786758,-0.17749734674034498,-0.065428511246751309,-0.16844015940850635,0.98353801279588082,-8.9279376431135571,16.91471310776684,-1.9473214261002929,,0.1437137785331091,0.4444444444444444,0,2
0.85553819948968624,0.51728191982248783,0.021767053973992128,-0.51334107252033878,0.8420510223767389,0.16562312331904741,0.067344877144543819,-0.15287083155085346,0.98594887107970097,-16.732981048556692,-18.596158480113282,-2.0593956061209431,,0.4953770177789307,0.3333333333333333,0,2
-0.98308165302831796,-0.15830111527224713,-0.092147818111286695,0.16496912236963868,-0.98382096139431252,-0.069867764997602846,-0.079596809883934583,-0.083887262589333628,0.99329113306802841,11.589176002362588,2.0098642024897164,0.093296874934883964,0.3229257781523296,0.2766025239016038,0.7899159663865546,1,5
-0.56232196835615955,-0.79070565525782199,-0.24203010277102169,0.8264505938818284,-0.54723592875194083,-0.13233387380173173,-0.027810425678623584,-0.27444016656877651,0.96120194298455042,1.4740005810736154,-14.290579623775271,-0.4533318486011812,,0.4534862924611218,0.2105263157894737,0,3
0.84955287326808759,0.52554477234862929,-0.045415941903280951,-0.52272362906608871,0.85029286778687607,0.061335524834685309,0.070851415920311384,-0.028367785387575409,0.99708341958649072,13.952127449482202,4.0325975953737236,0.27045213829552456,0.3386190072781695,0.3033180376095364,0.7931034482758621,1,5
-0.89270692025722254,-0.41948641034291595,-0.16463749895597748,0.44223219147498716,-0.88573090448020853,-0.14110795042059876,-0.086631653268854192,-0.19877604580604444,0.9762085024550945,-10.296855912357278,-12.830914834633454,-1.7346322402402785,,0.347725282113567,0.4285714285714285,0,3
-0.080526693080136033,0.98937078639719167,0.12108219821831913,-0.99674491967264534,-0.080402005637394566,-0.0059230563273240562,0.0038751526872979223,-0.12116503007587261,0.99262481264492053,-33.907328167143554,-6.3157649858349414,-3.9311246698536482,,0.1019486138680743,0.2307692307692308,0,1
0.45243260682025449,0.8912865745453149,-0.030215531124041458,-0.89076810776712767,0.45327867661557619,0.032720322593195898,0.042859240203249521,0.012111290637701869,0.99900770876319567,14.469348004003331,-8.6454864620192247,0.61296384539193316,,0.1143080508989746,0.5384615384615384,0,5
0.58712105707376716,0.80813614185655458,-0.046955729850437028,-0.80747010928679075,0.58876774342970062,0.036668336546387681,0.057279027130031808,0.016386595799721616,0.99822371867689885,0.7471113093577626,14.140545613378441,-1.1082689852978302,0.7181636969592901,0.6271015843525721,0.9461538461538461,1,5
0.60873391896483187,0.79331641235359318,-0.0095961342290390387,-0.7908365790789994,0.60770897195140239,0.072576239916353535,0.063407579139592177,-0.036590644981937634,0.99731670175900655,-4.3245876288804599,24.299427073976048,-1.5418010010553267,0.2486999816775717,0.2087578849457034,0.2666666666666667,1,5
0.98780174871327242,-0.11005446414734316,-0.11016224471315431,0.13943841679090363,0.94007142716361425,0.3111633650567025,0.069315461203442827,-0.32272856513145165,0.94395001990907723,-0.17945334231153448,-16.165608947761594,-0.56064933696608776,,0.2926881166742364,0.125,0,4
-0.70880499670583741,0.70514661735981865,-0.019071567078882683,-0.70323576358370077,-0.70848593723671094,-0.059221090454921174,-0.0552714886871025,-0.028564396787360648,0.9980626923066942,3.9509499734049669,13.812937424727721,-0.79471648349520652,0.2710255828659691,0.3462188099447799,0.4878048780487805,1,5
-0.9574594588242985,0.28024599579347914,-0.068800919685733153,-0.27975827516387208,-0.95992307840630409,-0.016822336945251183,-0.070757983190709223,0.0031409209932085941,0.99748856756862037,-13.568470059095823,10.637144385064563,-2.4227189089483954,0.2065644457474541,0.2023720576180761,0.8,1,5
0.58949350764230479,-0.79145131439959937,-0.16156181907467151,0.80746870612088961,0.58285502501954001,0.090963225783424556,0.022174153490651202,-0.18407834404029227,0.98266142194163475,-10.104370076011229,-26.182307496604555,-1.033829689887152,,0.1528250483373924,0.5,0,2
0.14754861069393319,-0.98259052031457317,-0.11289498159894543,0.98905146909535469,0.14688022888481483,0.014261481096466163,0.0025688446061669337,-0.11376320912615141,0.99350457134665926,-7.5983870752151175,2.814928016722916,-1.9485229885406177,0.4325366336744079,0.3836401144363892,0.8276923076923077,1,5
-0.78765325384907181,0.61341003859598386,-0.057710278552808782,-0.6127246544238838,-0.78968866009126515,-0.030988997795899986,-0.064582114877895141,0.010951925535513489,0.99785229656746444,-0.98647016598769588,13.684466606878543,-1.2494748374509752,0.552409533876366,0.5962331118491834,0.9523809523809523,1,5
-0.20012407043987976,-0.96220517757407931,-0.18469313111268898,0.97942767017441967,-0.20145423461751408,-0.011731592022420644,-0.025919014782259039,-0.18324133705118639,0.98272621674015148,-14.636245905403154,-22.788918254888593,-1.6228279369446059,,0.3337234158095229,0.1666666666666667,0,1
-0.96995904848450853,0.24019117947758564,-0.038569956756429526,-0.23910282870601601,-0.97050633545090437,-0.030778079121970555,-0.044825010516542856,-0.020631290575796477,0.9987817921254718,-0.3342944921738436,-7.083550519230835,-1.0074565262033506,0.3783554851218802,0.1613199504088222,0.1818181818181818,1,4
-0.97186078531068809,-0.21711114588967947,-0.09137485598217622,0.22102373262854499,-0.97463979578758309,-0.035011113693857197,-0.081456267961640849,-0.054221940186690167,0.99520091318896675,-11.643033489772217,-21.690319354984531,-1.3770084118711328,,0.1270861360631004,0.4444444444444444,0,2
0.46775585089492694,0.86804171977177813,0.16645731191274465,-0.88249425931103698,0.44822026707949841,0.14248675188327897,0.049074904346590349,-0.21354663405176141,0.97569948695719633,0.11268275022080655,-18.528922946630633,-0.47275915608209823,,0.349970272362972,0.1428571428571428,0,2
-0.11460695114118874,0.99340805939541754,0.0023820743800185709,-0.99287682518518361,-0.11462362408830372,0.032512071774246268,0.032570796126464165,0.0013610029735420597,0.99946850421141087,-3.5731474411356805,2.7669447049876661,-1.5616603272643734,0.6807257110682478,0.5394938373206564,0.4374176548089592,1,5
0.71123115879786813,-0.69369711425216818,-0.11373017380297286,0.70084782547324787,0.71228109067075207,0.038314141022638991,0.054429443176100448,-0.10695775591838461,0.99277261956826857,27.460099223425669,-0.37860892107356137,1.6330707860416884,0.2203468382649942,0.2402030757646711,0.5862068965517241,1,3
-0.39724016111442478,0.91720340988134519,-0.030629386213558409,-0.91738002080049563,-0.39777534707823681,-0.013735745078850054,-0.02478208695547373,0.022642397373551573,0.99943642619593887,1.389687678973563,17.538779932631325,-1.0494840700662127,0.4687822368702071,0.478591290324801,0.7804878048780488,1,5
0.46570426587130237,-0.85744932099466697,-0.21886114016667371,0.88466233555730955,0.45729472903653234,0.090851983146715415,0.022183074528975555,-0.23592836353687824,0.97151722500594562,24.791752112954434,-9.1359771744403275,1.5854193631939015,0.3070088117613422,0.2541673117669102,0.76,1,5
-0.67587682343264044,-0.72692871077955701,-0.12151201171478421,0.73448007438536433,-0.67799650461977379,-0.029321665270545146,-0.061069958878913651,-0.10906598538380127,0.99215677740707264,-5.1495208749378403,-8.3484213282406561,-1.4892746298953086,,0.0783995034949799,0.3043478260869565,0,1
0.53187609945208647,-0.82973226489116225,-0.16926955848650552,0.84616280326024784,0.52862298958146225,0.067573998436652086,0.03341145328167551,-0.17917059882843392,0.98325051299506949,2.0669000363108125,-16.006643542265447,-0.3764371022522669,,0.1175564254687975,0.1578947368421053,0,1
0.95992878673924142,-0.21734647818681804,-0.17691023941286027,0.24680274474962588,0.95469685550674943,0.16625979450719897,0.13275966847420018,-0.20325949548621847,0.97008270158853427,6.6823639408795223,-13.05789990663463,-0.017569026931936731,,0.406512090073368,0.4857142857142857,0,2
-0.54262770175595931,-0.83161727281376141,-0.11818582336662173,0.83842058449649359,-0.54478780718208064,-0.016036478363311766,-0.051049983149876389,-0.10779126450478545,0.9928619957057756,-8.4895509274013037,-8.4215078306050959,-1.8182168670871739,,0.07147711577958706,0.2264150943396226,0,3
-0.93003472010965682,-0.35510505482622412,-0.094529463276887576,0.35924186735578606,-0.93274538872133061,-0.03051754508182521,-0.077334986450375981,-0.062341317406338456,0.99505419953626761,-41.161886952801964,-7.4036299749856376,-4.5329872893332874,,0.06101450717831618,0.5,0,1
-0.79403484356454357,0.60738532463974793,0.024325595937181744,-0.60402513745905051,-0.78388243445296413,-0.14381224660532246,-0.068281040728788114,-0.12888520616565233,0.9893059704199868,-9.2317496442339202,-9.8007543863952655,-1.8366686816261255,,0.34486768719523,0.1666666666666667,0,3
0.38842498313339108,-0.88245580472951846,-0.26532580948148221,0.92080085256064681,0.3827564628809787,0.07498853276620944,0.035381102320473354,-0.27343965115180513,0.96123822998077257,3.8659367731607643,12.008722152336452,-0.80704387189016524,,0.5105516100202527,0.2857142857142857,0,4
0.4524412702634204,-0.88071243386864884,-0.14015172418340999,0.89144387469140218,0.45104817890851767,0.043397679413642302,0.024994304103175678,-0.14457229725113274,0.98917851555213632,12.711199770563487,-4.8627278568863996,0.30393902827513697,,0.08370101038567161,0.3043478260869565,0,5
0.7876004779751794,-0.60176424731270461,-0.13253406260068762,0.6135207943712242,0.78582361718400606,0.077932519206983561,0.057251392711190507,-0.14269209274524955,0.98810993553379989,10.673349012184886,10.547196563013724,-0.10963177798974753,0.3950934141541477,0.3846696612532227,0.8556701030927835,1,5
0.86298643442560941,-0.4800139726707302,-0.15761027897392096,0.50289148138034856,0.84609086165428593,0.17672128275956778,0.048523931749729632,-0.23176893636976439,0.9715598736987735,-26.50266711044846,-6.8584052486866955,-3.3910082872608536,,0.5414524031379533,0.3820224719101123,0,4
-0.73787597295137508,-0.66255486512882267,-0.1286860491086316,0.67000565257150013,-0.74205271356163371,-0.021217818409410401,-0.081433863124010977,-0.10187649871262613,0.99145837277555771,-13.842301620736068,12.574010755193322,-2.4160169497753672,,0.09178678655502254,0.2727272727272727,0,3
0.86424234392800148,0.49971400564750285,-0.058061032729032395,-0.49763533266557219,0.86611081921310829,0.047022595896273292,0.073785138372571876,-0.011745697157955729,0.99720498993617901,4.5256579814033309,-1.9386877782068204,-0.56202823092988119,0.2581343122244678,0.1882083913931912,0.5039370078740157,1,5
-0.98960040802472893,-0.11616958481474213,-0.084827236199586861,0.12053331000650137,-0.99153565816484313,-0.048257225018525432,-0.078503207680748255,-0.057979877126313445,0.9952263964707988,-13.887347014437523,3.1047362806478302,-2.5120396098744804,,0.08477867471646351,0.3636363636363636,0,2
0.96581327200010658,-0.22151330133692881,-0.13467212391309974,0.25031151746479724,0.93199950190963654,0.26214704397467858,0.067445295261573654,-0.2868950779832351,0.95558481903809833,-29.355532869773686,-6.5714721015944102,-3.5757307152943496,0.5321333612681453,0.3711220731310603,0.32,1,4
-0.79844844867827269,0.59996035808301718,-0.050275675352574101,-0.59903776911618323,-0.80002241535418939,-0.033434803770248746,-0.060281224071563298,0.0034210612017978922,0.99817557091159437,1.2022002685340638,-4.2802921135287217,-0.95249091939890074,0.136851494665148,0.139625381646406,0.673728813559322,1,2
-0.78192622500482856,0.62334806135483023,-0.0053453769627976296,-0.62113634115590866,-0.77981997464556041,-0.077913110830269028,-0.052735418317772009,-0.057602096741123793,0.9969458230545315,-5.2417395472466319,-16.651345457812319,-1.069750218620682,1.079807928538151,0.8614539475611342,0.6811594202898551,1,5
0.99578585420328714,0.0088127003185265347,-0.091284548975854501,0.0031792948411863858,0.99145665448153153,0.13039783114991385,0.091653830541566284,-0.13013853617351204,0.98725049341576598,-12.490595327750043,11.834153896716067,-2.308765027801277,0.2877554242031727,0.1500371298305718,0.4166666666666667,1,5
0.88442642075003997,0.46454281007943127,-0.044608114539608563,-0.4596643320725553,0.8836540631878731,0.088680315921031622,0.080613944820762909,-0.057926455226155554,0.99506076080075001,-17.432321836594614,17.325880367920295,-2.7514854892689602,0.286537928970966,0.2272766261364164,0.7777777777777778,1,4
0.47965889705530651,0.87742053219101479,-0.0077815271845585758,-0.87641510017958135,0.47950321359036963,0.04442116988242905,0.042707313810425009,-0.014487161424707259,0.99898258618504132,-1.0891742291929987,-11.589046679333569,-0.88710029017693859,0.3522950242788007,0.3449340093894178,0.4810126582278481,1,5
0.93837648031360055,0.34139714092947565,-0.053829112564104394,-0.33629098153918924,0.93785192441237419,0.085686309358119828,0.079736797839316309,-0.062303772286968651,0.99486696750326697,-4.1703492831780133,7.4263891833078279,-1.5984972826777428,,0.09527228204637544,0.3513513513513514,0,5
0.95744218472448905,-0.25832572637304096,-0.12873337564065571,0.27407402488301352,0.9535618235481067,0.1249130800037975,0.090486970301932271,-0.15487952661811213,0.98378068716565448,4.316527833401965,-14.298841633282526,-0.20507872320930268,,0.2787557927746399,0.4,0,5
-0.83912366195471155,-0.49619760257022627,-0.22284393451758189,0.53948922531919319,-0.81151296930651329,-0.22449515899418576,-0.069446783310772253,-0.3086011015062774,0.9486529947440745,16.614134627205985,18.573911570726402,0.38629087981874405,,0.2009323499521915,0.2941176470588235,0,6
-0.66155863483491928,-0.73600696208073679,-0.14364513372907448,0.74784177727039092,-0.66169143904667016,-0.053824860997599894,-0.055433282821981206,-0.14303213366594547,0.98816443970350731,-7.5261678027507282,20.569199919593558,-1.8196397345094621,0.277827906812211,0.2371274532900693,0.65,1,5
0.7258473041739455,-0.67744944264529861,-0.1191970791713952,0.68595263363061998,0.72577004233471687,0.052219058443075041,0.051133897158674634,-0.11966661317610371,0.99149645801300201,-5.3336342319156138,9.2498727423304903,-1.7190628404065105,0.1343988225432247,0.1071982777142245,0.2456140350877193,1,5
-0.76426839464886809,0.64088238247556895,-0.071858143402694349,-0.64237908343747729,-0.76638146143279906,-0.0029272400235799906,-0.056946765517194291,0.04392297126296818,0.99741056666378058,9.4345785858670776,4.4896910447667251,-0.18319031435823005,0.6381142166081969,0.6004243671086795,0.9318181818181818,1,5
0.22990256247408963,0.97243815093549701,0.038843974732259853,-0.9726489970214055,0.22822665981142495,0.043203244607040669,0.033147252693141532,-0.047714089706010938,0.99831088608830953,-8.3256102827310929,-21.732155064218922,-1.104276714583903,0.2326200217916796,0.2935196724447569,0.5777777777777777,1,5
-0.0018871459080046569,-0.99429694619912778,-0.10663030272586935,0.99992684296287881,-0.0031502436375534858,0.011678385475493328,-0.011947694447551843,-0.10660046315149244,0.99423015134991533,-2.1486738835340424,11.230152178519367,-1.3942968691097657,0.4454956583200419,0.3927127783191547,0.9417040358744395,1,5
-0.98114521248385955,-0.17069225347871791,-0.090654435205121758,0.17743753553741584,-0.98146523628095861,-0.072401042495052553,-0.076615879570822734,-0.08712143579119444,0.99324713058899428,-7.5158390892800755,-5.2521734450406807,-1.834061488429622,0.653923080679496,0.5198660016688192,0.9823641563393708,1,5
0.047042763256924192,-0.94729787094774409,-0.31688124293341496,0.99888353259709395,0.045984606520277173,0.010821472613629632,0.0043205013025387979,-0.3170365273293414,0.94840348671198405,9.5248975111923908,-4.9675104297366035,-0.0043657614085526536,0.3686858359774194,0.3124892754822702,0.4,1,4
0.23206925845301102,0.97268439980625232,0.0053775137953812318,-0.97254163974161589,0.23192858301417754,0.019284484689102273,0.017510518260690361,-0.0097051921457416354,0.99979957541282038,-32.121785919347886,-5.9127455753629468,-3.7983746894488672,0.7691649166636253,0.4122926240366856,0.4090909090909091,1,3
0.30726039453633369,-0.90102714976282261,-0.30617172524526437,0.95151434872383212,0.29580605140107857,0.084375494826192665,0.014542837482385464,-0.31725203757389403,0.94822974564879292,-12.939066217487674,14.257577315337238,-2.3328986750660974,,0.1005330471526349,0.2727272727272727,0,1
-0.79686176575152456,-0.58159474760624397,-0.16358140432271839,0.60017766478721213,-0.79308145756552983,-0.10396428404170491,-0.069268297033578577,-0.18102306820558783,0.9810364681312842,-25.032881112943713,-1.4652353095997228,-3.4229236538812513,,0.0904878332825193,0.25,0,1
-0.88164219975298508,-0.45234456844828402,-0.13450436056148649,0.46530504740809303,-0.88077981120913906,-0.087852928368647415,-0.078728930332318176,-0.14004040688933342,0.987010861119066,-10.494041933148003,-21.752190441790255,-1.2892808141479737,,0.325463624923328,0.6739130434782609,0,4
-0.60049831857077618,0.79961551509140527,0.0040984654173649238,-0.79860621126785147,-0.59946581478821304,-0.053561704833882111,-0.040371880289116487,-0.035436773631504569,0.99855613079912087,-15.149924482807721,2.3586208261034338,-2.6393083574693659,0.6291662954811891,0.524924088740829,0.3846153846153846,1,4
-0.48588787581310022,0.87240556157880988,0.05311787142004213,-0.87365925576015413,-0.48304020457905372,-0.05823800807755266,-0.025149094664587587,-0.074704062048785741,0.99688857258520358,-6.7513499725632418,-12.241364587829711,-1.4119566024797192,,0.520990808436272,0.6811594202898551,0,4
-0.79537376635723567,-0.59536097833109469,-0.11369202817853519,0.60174802690023022,-0.7981087133565864,-0.030361057062878921,-0.072662809692349645,-0.092562341937407838,0.99305202730908204,-9.5149257159908878,2.3216746919918183,-2.1157931751869814,,0.08094912733499662,0.37109375,0,5
0.83066880540921062,0.55658068975205488,-0.014396927281965665,-0.55026173695448388,0.82463018733227045,0.1311376184936239,0.084860806995159452,-0.10100985068532553,0.99125962971396109,15.506125235196549,3.3912898194817358,0.41584757701585429,0.2269004307854464,0.2794168012011503,0.1956521739130435,1,4
-0.68108775551529666,0.73197281752203269,-0.018310207426297995,-0.73129208291815539,-0.68127499569883221,-0.032806549601926721,-0.036487789030894509,-0.0089540295071365641,0.99929398407436842,10.255858325191484,-8.3202916042913557,0.17782442184572655,,0.1945665557811983,0.2173913043478261,0,4
0.48063172064867149,-0.86186262042532213,-0.16182080403920346,0.87465610342420774,0.48441529969076802,0.017847077303710133,0.063006744472942924,-0.15011542538693412,0.98665876026710508,-5.6602015214883314,-11.391618436827752,-1.3302438165310837,0.3940415896473754,0.2635561400107335,0.3473684210526316,1,5
-0.98560003923245221,0.16040729072463275,-0.053498259292923268,-0.14883382113374374,-0.97311359654147567,-0.17577946954307344,-0.080256191983662475,-0.16528590172334312,0.98297482894516908,25.230118703739283,2.100136506135525,1.358007100034156,,0.3995145485028502,0.3846153846153846,0,4
-0.34583668528343509,-0.88926779807435485,-0.29933220745545486,0.93776332583369593,-0.33831585015311838,-0.078373019952653972,-0.031574227361767737,-0.30780703182864755,0.95092476007481608,1.2112374349069062,4.1113482425706875,-1.0536197157886915,0.221408234486999,0.2905666625202399,0.2307692307692308,1,3
-0.41087464326111556,-0.89650050913160084,-0.1657373363241719,0.91080665623003676,-0.41164500708566393,-0.031298931427501141,-0.040165439025492966,-0.16381460639462067,0.98567312646722061,2.1507751723705519,8.9886631072081595,-0.96614778813387026,,0.8040570385108179,0.8333333333333334,0,2
0.88870402804424475,-0.44588132480876408,-0.10674734059786911,0.45334941019273772,0.88934493731295694,0.059497014662179923,0.068406599212597466,-0.10126908048657395,0.99250446372879009,11.380356345286872,-6.0188130194854486,0.19131240134763539,0.293053333920852,0.3166814782600409,0.6764705882352942,1,5
0.98679577475314229,0.14263622471034806,-0.076739861413265414,-0.13847556983016998,0.98871970120700159,0.05707774527212596,0.084015566947785378,-0.045697481829079803,0.99541605606144712,-16.294615696457655,20.859189179738724,-2.6430244820302864,,0.1183599894522848,0.3478260869565217,0,3
-0.76121262812167512,0.64803830473328128,0.024529378029393912,-0.6461300970439281,-0.75465294483566669,-0.11408256021347817,-0.055418701555505434,-0.1026902548895104,0.99316840418361618,8.9749246371251665,11.149172672997272,-0.29664694768049482,,0.100751844416719,0.3684210526315789,0,5
-0.57553572866160785,-0.76750851824678978,-0.28229293199187661,0.81221606629215082,-0.57667187601830405,-0.088060258155624779,-0.095203396425009607,-0.27996467960824639,0.95527801789897582,9.38480918580162,-7.1678211871624669,0.035588062084296518,,0.5473591305556129,0.4383561643835616,0,2
-0.53812371002082549,-0.7763686340628444,-0.32813810622482598,0.84066870761303125,-0.52246870788524746,-0.14248709878776877,-0.060819378109759244,-0.35253112390839009,0.93382161568590227,1.149732907512482,11.850736952370644,-1.0684507545523059,,0.4923924521353292,0.2903225806451613,0,2
-0.4233589117356093,0.8964590285317412,0.13087567389690008,-0.90592736102918603,-0.41763796853559587,-0.069815068403288244,-0.0079276978206604069,-0.14812068525829827,0.9889375178472487,-5.0179239677541476,1.702079379654071,-1.7183758556860069,0.7687529185781885,0.4827912738446017,0.1911262798634812,1,5
-0.80115046653532396,-0.58383447172645531,-0.13151136678676792,0.59566131880181161,-0.7991470889211939,-0.080941482270024581,-0.057840498385816883,-0.14318254046032577,0.98800467451009988,-11.242981656157831,11.373126689826753,-2.2215157513303039,0.2429774310544004,0.179287630317377,0.3283582089552239,1,5
-0.93978661622446469,0.34134616889691777,-0.016849597762774216,-0.33361223499403325,-0.92696354357459043,-0.17158515537751054,-0.074188898277683296,-0.15563220059819013,0.98502519029175517,-4.343135047485192,12.693830681536124,-1.5832596074173404,,0.08720756518363346,0.1951219512195122,0,5
-0.65414669487334498,0.7562593497021417,0.012802248801383802,-0.75531271705115965,-0.65224704648887222,-0.063847394679326652,-0.03993496021124527,-0.051435263532293669,0.99787755392046484,-42.097892409073971,-5.597025702996115,-4.6634754711266613,0.354948968878203,0.3506700236339231,0.8490566037735849,1,4
-0.95329969309988527,-0.27575925480248537,-0.12319305388877308,0.29165095216328041,-0.94648406393708762,-0.13823038311234828,-0.078481954855343372,-0.16770435326464422,0.98270841690613975,-10.593222754349069,-16.66410403699695,-1.5854616327950288,,0.2250378191185987,0.4285714285714285,0,1
0.24803576842307157,-0.95246672003326172,-0.17687680687941387,0.96857190298547935,0.24733083248343446,0.026380448255084891,0.018620588869969232,-0.17786120018748405,0.98387939664270041,-11.223720778570112,25.17716839490576,-2.1579200465824249,0.3541805819228657,0.2286699271671291,0.5333333333333333,1,3
-0.14795495084028779,-0.92789639007407421,-0.34222451959108624,0.98886588901986638,-0.14436833192927095,-0.036083767387973156,-0.015924385539088315,-0.34375292583985628,0.93892509814241376,15.993712127130282,9.0909296332050769,0.38627403002581873,,0.5372431785672127,0.2692307692307692,0,4
-0.82290969850065843,-0.53035311733315593,-0.20382639438639699,0.56383954282776305,-0.8064954705292261,-0.17790454170599837,-0.070032835565430149,-0.26132475380423842,0.96270700370975792,-11.906805785342328,10.486371338900977,-2.2908354805800464,,0.09019140231563653,0.4705882352941176,0,3
-0.73113574178144702,0.68212535336455837,-0.012063556149365433,-0.68036365814058042,-0.73032720638052351,-0.061052963089328838,-0.050456117282842432,-0.036430398264305212,0.99806162450574354,-7.2098753415120536,11.540547870365598,-1.8524619335025705,,0.09926958687039913,0.2272727272727273,0,5
0.98385675591171051,0.16422401413938456,-0.071108065835265979,-0.15928844853914587,0.98472613628909078,0.070296704553994518,0.081566377931579087,-0.057835194208258063,0.99498845033599104,-5.9486767480934359,16.162492277718862,-1.6939702870425382,0.2172225938600743,0.1116516865249771,0.4375,1,5
0.64370973404622367,0.76329844676259451,0.054893164091271707,-0.76292468632453836,0.63447290755454355,0.12405665067173546,0.059864023342447552,-0.12173582360626302,0.9907556146498292,-33.913497887170152,-5.4444454501116173,-3.9626249070349346,,0.3443996156968884,0.2857142857142857,0,2
0.23437858226340219,-0.91994034728863883,-0.3142871896954364,0.9721077112783717,0.22463040805475532,0.067437211169199068,0.0085602482044979215,-0.32132683860457695,0.94692966208851281,3.509795574036652,-9.1268875256432072,-0.50304728156015477,,0.2480039715368105,0.4411764705882353,0,1
0.62200922537664272,0.78300643906019007,-0.0023323671730587172,-0.78075395616423693,0.62044033232491802,0.074007120998173484,0.059395146941832726,-0.044212107106836193,0.99725498550016389,-6.1312260200013409,20.31338835284236,-1.7004058340578951,0.6927969857001831,0.3785497130710286,0.6020408163265306,1,5
0.41170882810583187,0.90579863927401227,0.10012325378786854,-0.91027867996308509,0.40351174629098679,0.092579670607870146,0.043457630680766572,-0.12925593098402016,0.99065853786310665,13.44750424689118,6.9015944126358564,0.17371077326003737,,0.1706871313615629,0.2857142857142857,0,5
0.016632632822182677,-0.99557137874114277,-0.092525592983039848,0.99982793909504641,0.015800614258862877,0.0097176537289436534,-0.0082126567172558698,-0.092671303112146414,0.9956628856441031,-1.5076859888348999,5.2904367368411513,-1.3286225498964535,,0.0817045004707018,0.3434343434343434,0,5
0.99420997863733496,0.10422504986161504,-0.026146842243237971,-0.097700985729796283,0.97809189472042479,0.18382263970913507,0.044732938260022989,-0.18020373043739205,0.98261161186456158,-2.9550985496834157,-11.378702818852354,-1.0804956003480015,0.5082550604680062,0.1896647861701673,0.396551724137931,1,5
0.4723980596822383,0.88014292488368484,-0.046781459849481802,-0.88016012305043445,0.4738740653961282,0.027595795636114712,0.046456764849702126,0.028138975143710707,0.99852389409445852,-14.207860167694667,-11.923730063144989,-2.2060597825333921,,0.1043265330890022,0.4827586206896552,0,1
0.73379998882321773,-0.66792800170932665,-0.1241360581605182,0.67743839407674455,0.73315283447946344,0.059700448285170175,0.051135101777226723,-0.12790272017167775,0.99046761458359589,1.0192450594860891,-12.253148173941975,-0.6303132275950829,,0.6696572673111274,0.2909090909090909,0,1
0.94845392709134613,0.30912060335101799,-0.069854139239603333,-0.30705231887400791,0.95089747160676275,0.038895654846784498,0.07844757267817655,-0.015441861149754285,0.99679863927732859,-14.731568098489657,-6.499493868913202,-2.4896067665627459,,0.06733245596376954,0.2058823529411765,0,2
-0.98842582561925285,-0.12808120066528289,-0.081299405194862437,0.13031911832419313,-0.99120938210728393,-0.022822975741610421,-0.077661539053149195,-0.033153685445765267,0.99642838101554509,2.863257589042195,2.6140836308403821,-0.85509938379714667,0.5935626146721785,0.5113250065379326,0.973404255319149,1,5
0.2525075875285599,0.96698404695920082,0.034376898739022069,-0.96424897337529736,0.24852349697100623,0.091978197405621298,0.080397982469659984,-0.056373082049047701,0.99516744321500994,-19.530488784755452,11.025885702425889,-2.9428753278577116,,0.2067242931354873,0.15,0,2
-0.78729391902206036,-0.60031535144756865,-0.14067609564978964,0.60979964869384484,-0.79183962939723074,-0.033680703212982117,-0.091173864258076179,-0.11230084653483098,0.98948261548337035,-8.7161542527220544,19.762585115634991,-1.9251407708282831,0.548490603002678,0.5282379850569098,0.9370629370629371,1,6
0.98752799407544478,0.15029831878401043,-0.046892177258344936,-0.13584526146853282,0.96394873282844107,0.22879883176054092,0.07958973460110326,-0.21957517129480356,0.97234367293513224,17.387578862607242,-0.34062003396377311,0.65359347332003659,,0.5964111171659374,0.1842105263157895,0,1
0.60324752901026046,0.79251418729765277,0.089519169315600361,-0.7954185621164821,0.58962238463634609,0.14019541567503604,0.058324349834028739,-0.15577774702340869,0.98606874189822502,-1.6179237221579923,-13.701031581715936,-0.84464077473554422,,0.3511253346750917,0.3684210526315789,0,4
-0.81345574750439364,-0.57304114314596122,-0.099567038290981236,0.57724716190847392,-0.81638140400553094,-0.017524761412646937,-0.071242269199400271,-0.071730408167862164,0.9948765187817995,-3.1846556493336924,-6.3321524630237596,-1.3674122984963992,0.2066582890619462,0.1651446656813041,0.5487804878048781,1,5
0.9884522187984931,0.13356317319267,-0.071575763489055824,-0.1263760077711647,0.98723095995604193,0.096974926471202857,0.083614088598506886,-0.086809621995361227,0.9927098134484541,24.366101888961733,7.2993789135456986,1.0773292364432383,,0.1839871949193079,0.7142857142857143,0,4
-0.61749665433583323,-0.77478342698165481,-0.13567801280463107,0.78481843954323904,-0.6184002248092777,-0.040511466386056447,-0.052515700861419018,-0.13149830124528672,0.9899243900079624,8.1370184180761331,-10.776103826927908,0.057302054412626556,0.2413764132259781,0.1888975856248244,0.7804878048780488,1,4
-0.49364501674168781,-0.81353975789275812,-0.30735591709594845,0.86833686832155543,-0.48059685559620335,-0.1225469114443779,-0.048017502638235711,-0.32738314666279755,0.94367080845046414,18.223125909801379,5.4125041899113295,0.62685303506575119,,0.1928907999293195,0.3888888888888889,0,1
0.95929915126962051,0.28205855527490198,0.013715311502826252,-0.27261563008137785,0.91232723565231522,0.30551552059156867,0.073660414122633577,-0.29681978789029373,0.95208831360753621,-13.185884329100755,-0.37504582024519229,-2.4933957519063084,,0.3838300057570044,0.2637362637362637,0,3
-0.93435696753692166,0.35122108632971244,-0.060173131317769218,-0.34909356436437022,-0.93609301748374374,-0.043168807460476744,-0.071489443518522974,-0.01932902314027091,0.99725405405536249,2.0842125854227711,14.046628743888984,-0.98707627026397038,,0.08531078389355357,0.3333333333333333,0,4
-0.34049502138890375,-0.91090919299894069,-0.23303987323930103,0.93955530926745456,-0.33912909377338796,-0.047194052419551193,-0.036041104820866289,-0.23502319006102393,0.97132133658065622,13.713966222732275,13.110678956960719,0.14633125944518743,,0.6138464017940903,0.2702702702702703,0,2
-0.43412039901734351,-0.82631433443937574,-0.35880928061720385,0.89979780241835683,-0.41702158749698964,-0.12828448980522841,-0.043627902999336991,-0.37854671608865337,0.92455340019837606,5.3483571319303387,2.7691953703517362,-0.59872378851732277,,0.3592613786754111,0.180327868852459,0,1
0.34821545028009676,0.93594580505201952,0.052454267621965964,-0.93675507825653859,0.34532677332359729,0.056915226315105698,0.03515570432826353,-0.068955562730212236,0.99700010372203285,14.806421173499121,10.645079796862897,0.27608361159860378,0.1893601479514898,0.1759652285247242,0.2,1,4
-0.55843043375356161,-0.81960393584650371,-0.12808137648670892,0.82787371330083792,-0.56043276553336874,-0.023242851419368743,-0.052731067534156739,-0.11901472035652198,0.99149126615173377,-1.3937641392558944,14.475112920233888,-1.2875837300209543,,0.07891700957544959,0.2692307692307692,0,1
-0.77364600124895277,0.63237268977318828,-0.039707001656202542,-0.63080076559648068,-0.77459524972842053,-0.045744870980879669,-0.05968466196935944,-0.010343129467733555,0.99816369439006081,22.36109455364306,-10.238302566583858,1.4113228845056862,,0.1993407628784679,0.55,0,4
-0.47696263870778149,0.8779341514148391,0.041692529983397543,-0.87860807891829562,-0.4749838313282243,-0.049378169632570607,-0.023547503825507781,-0.060182935756467749,0.99790957972519778,6.5365870305171825,22.106876514805489,-0.56651783993080707,,0.2035305887023792,0.5,0,4
