axis_00,axis_01,axis_02,axis_10,axis_11,axis_12,axis_20,axis_21,axis_22,location_x,location_y,location_z,dbh,dbh_approximation,score,reconstructed,number_clusters
-0.58574446697786953,0.81020791295433248,0.021599934976657381,-0.80863656544034135,-0.58238915424008075,-0.083245288493528385,-0.054866423590926729,-0.066226964370319732,0.99629496874802737,-11.752097330991349,6.9801763482962764,-3.5569271409270993,,0.1606514050274215,0.3047619047619048,0,4
-0.85333537097563228,-0.49445247510040746,-0.1653344927985666,0.51756347920655132,-0.8416064422336943,-0.15435880727172888,-0.062823479953660902,-0.21729092539225373,0.97408308891423023,8.162654736765635,10.728600503788559,-2.8444398901244328,,0.3199886757402825,0.3846153846153846,0,3
0.9729527259043218,-0.2148582910183881,-0.084846378449571533,0.2247624579026952,0.96530109872157144,0.13294971351780363,0.0533369541020981,-0.14842406673981365,0.98748441290965527,-12.44736113137758,20.067701541433618,-4.1799575682478336,,0.3249068804879625,0.5909090909090909,0,2
-0.74290698477208028,-0.65169339115124814,-0.15292133895124849,0.66877428062582467,-0.73242451988560353,-0.12765298368527714,-0.02881273243319854,-0.19710415165624795,0.97995907049713249,2.1759614641407801,24.551373579959382,-3.7046847665331497,0.2796952330382588,0.1434547299615262,0.3333333333333333,1,3
-0.98647887898372,0.15790077417357445,-0.043894952265699901,-0.15364376436867441,-0.98423558840519787,-0.087600800152143402,-0.057035208333497261,-0.079672153429277956,0.99518808924659841,-8.801262666408892,-7.0152695985668645,-3.0824826511782661,,0.1069625265948652,0.2166666666666667,1,4
-0.95593960389458388,-0.28443985422847534,-0.072618475833292312,0.28925835148510914,-0.95485585474954138,-0.067674978733944846,-0.050090715726408781,-0.08569869297140098,0.99506113089649439,-22.209275145482522,8.9628697465087868,-3.9521814504529607,,0.1902755636280415,0.4074074074074074,1,5
0.93757656041676007,0.34750988987534825,-0.013677346083985562,-0.34128562818470304,0.92692356858285319,0.15600262177348503,0.06689030835367997,-0.14159651988820829,0.9876619422676457,21.530271079042723,-23.406226206776523,-1.4132399483608329,,0.2145535317276763,0.35,0,5
-0.25949156657613215,-0.94725703356141311,-0.18806445502618865,0.96565545594348956,-0.25715743145445147,-0.037142911225708668,-0.013178288296916196,-0.19124373928623539,0.98145410738423355,4.722671373956425,-5.8091274632010057,-2.4877518551552709,,0.08840474566357939,0.2711864406779661,0,7
-0.31120487705198341,-0.93642934955691515,-0.16202344826435544,0.94869961212781551,-0.31613999157001721,0.0049549650494345888,-0.055862066266757771,-0.15216957323499911,0.98677446791751067,8.7244757877962744,5.8336548362704477,-2.5507452510561572,,0.1790417185864281,0.2592592592592592,0,5
0.99333984375908313,-0.096477184865828444,-0.062992917070459578,0.10385193428258953,0.98647618238602985,0.12680503669353616,0.049907219382026288,-0.13250243162089198,0.98992543914585096,-11.077236287735353,-4.7079403448158086,-3.2075443580056917,,0.07864019422174745,0.3023255813953488,0,3
-0.88291030734303044,-0.4624442493547013,-0.081330839330495536,0.46762164826569674,-0.88165710782200191,-0.063330390021032426,-0.042419137906243798,-0.093947115260182595,0.99467309015252925,14.543734247408993,12.382370002872474,-2.5185641301002142,0.2799863044965926,0.1482821845367663,0.6296296296296297,1,5
0.20328772026567893,-0.96716325630494737,-0.15254290689112629,0.9790381315340041,0.20279170024194795,0.018970063663227333,0.012587286903461548,-0.15320170353684606,0.98811476977212487,9.8355265818175788,15.415931575052824,-2.9731024358027001,0.6773999029567519,0.4529656295333027,0.9253731343283582,1,5
-0.33991174831932763,-0.9175332703119502,-0.20637999230825407,0.94034758795407758,-0.33493999784027573,-0.059679239905537737,-0.014367226017743267,-0.21435460274370785,0.97665023785341964,-0.49642101987557663,23.71767654108924,-3.800164449310675,,0.4893789790117378,0.2857142857142857,0,1
0.1220261201433583,-0.9515158462852632,-0.28236008972727972,0.99221386390001298,0.1240914392564729,0.010628404765660319,0.024925374367585358,-0.28145853863632542,0.95924961128026498,4.57251167914304,9.1403372821921209,-2.9473603511702184,,0.4673911954961395,0.2352941176470588,0,5
0.9987200579017621,0.008720059365985449,-0.049821747353484915,-0.0010546446790092841,0.98840236987185837,0.15185401857143774,0.050568109212247879,-0.15160710997953622,0.98714646863287248,-9.4870183151899994,-4.4005249340794075,-3.1414518642063891,,0.07377362935528352,0.25,1,4
0.27288869204361427,-0.95832976867048969,-0.084473760628321071,0.96190473451735581,0.27329749183139995,0.0069110543161379923,0.0164633978212325,-0.083141658863841117,0.99640173679773769,-2.1721231093513822,23.817473820808175,-3.8563979255587921,,0.08287382436251717,0.2,0,1
-0.86522732507720457,-0.49530241424368049,-0.077827979442662176,0.49956592386421611,-0.86483938681517192,-0.049867050512833994,-0.042609431508037518,-0.082026541177467938,0.99571887743932175,-11.658531513554649,-7.770860280410278,-3.1834716335805759,,0.1214273304163537,0.2835820895522388,1,4
-0.44355111754888238,0.8946644485845564,0.053272230665048749,-0.89587526904174319,-0.44086569201487341,-0.055181010534707538,-0.025882589525050036,-0.072200872869650476,0.9970542239599306,7.5420013828972499,-5.4496485925410516,-2.3348492946713506,,0.1759858921966312,0.2352941176470588,0,5
-0.65475786729186203,0.75580930289589521,0.0066657989342548711,-0.75371054559380535,-0.65222759907875039,-0.08074386949270633,-0.056679349679568822,-0.057891766737492738,0.99671259381223409,8.4381032950504675,29.678036521163847,-3.3644963279002873,0.4449336783834278,0.467525698610565,0.3333333333333333,1,5
-0.99878811552289304,-0.048116193943572992,-0.010350467168816381,0.049215787954448927,-0.97503545173955819,-0.21652638191928869,0.00032635295466633028,-0.21677338335556656,0.97622189780926838,-5.4718220570445171,26.703252199742355,-4.0260941029926487,,0.2842697253517067,0.2,0,4
-0.96673609980004682,-0.22954180597391083,-0.11283560011641078,0.24958269849115858,-0.94306452570760868,-0.21985853853274617,-0.055944525713125109,-0.24070699961180841,0.96898418479385695,2.6913496139134483,23.229657242415609,-3.7410781057721301,0.7696588744620715,0.4141090005320127,0.4102564102564102,1,4
-0.94910846573854024,-0.30711803456012932,-0.069797085264033568,0.31267639806963032,-0.9454060102459898,-0.091874620439806348,-0.037770231050837981,-0.1090228812620524,0.99332140871305308,-11.399722033673864,-9.4536782741589604,-3.1453087196086607,,0.07455745282500977,0.3,0,3
-0.44814064285292593,-0.88950799686956139,-0.089137465346878594,0.89320902774355426,-0.449625720835029,-0.0037873369264002526,-0.036709630627125317,-0.081315648362907861,0.99601213263219812,-3.9316687695658894,-9.056284768739145,-2.8438955949950073,,0.3702406916367086,0.7699530516431925,1,5
0.98175227019303912,0.18691568268994307,-0.035000107647919741,-0.18380518628022807,0.9799098590775861,0.077410087062568439,0.048766109823361312,-0.069564327403463494,0.99638480060948287,-12.019734526147909,11.199485535287382,-3.7215367298062132,,0.08275448790299689,0.21875,0,1
0.62506923686692972,-0.7780904796339676,-0.062158302949604519,0.77985258515175071,0.62592382384107881,0.0070222631887035813,0.03344240653307437,-0.052863713936336515,0.99804159892968991,1.9748283677790426,9.8454822617376063,-3.1009167880054171,,0.1676154894998832,0.6853932584269663,1,6
0.52441716393960536,-0.84508767414300212,-0.10398779340437896,0.85079419072538975,0.52491776268663759,0.024710067664477853,0.033702866250057091,-0.10143059414015887,0.9942715682241472,-6.9492497208717001,8.0305852397743109,-3.4234110911362836,,0.118582757242749,0.5540540540540541,1,5
-0.9912259299989381,-0.11367248105257115,-0.067451632664404598,0.12536850704149663,-0.97021352550991702,-0.20728833146080303,-0.041879507398334646,-0.21392587961481049,0.97595175336237949,-10.252700943772435,-11.577959257940934,-3.0611762035994623,,0.2807112872447685,0.25,0,5
-0.99939484200257356,0.034783184676754987,-0.0002825639656444065,-0.034616541224413065,-0.99533811216050461,-0.090020761796497303,-0.0034124554664388207,-0.089956503625396464,0.99593984888806653,6.772523321977884,3.4613003769367183,-2.6261867329711683,0.6894930732795596,0.3692799355125627,0.6521739130434783,1,2
0.66278638031474457,0.74874102835182765,-0.010054179823662822,-0.74814411564640704,0.66270409416264819,0.033221466007975195,0.031537220754755485,-0.014496759731451054,0.99939744229428285,11.921832499123104,6.3439656558003072,-2.44061845382247,,0.2282331403430356,0.75,1,5
-0.95593814634260932,0.29325336364126742,-0.01359136049623785,-0.28998961213540891,-0.9504796533324682,-0.11177859121739583,-0.045697759470364349,-0.10291206593044917,0.99364018712274094,-3.9627903104172848,10.866914147423152,-3.4231967329779169,,0.08351920494645826,0.2698412698412698,0,5
-0.97993641050901203,0.19436134937462057,-0.044139520024426296,-0.19281116407064336,-0.98053594933105603,-0.037055459505516523,-0.050482535281356877,-0.02780140174016886,0.99833791658578475,-1.0309596326487951,-5.4207259060350541,-2.778027370646484,,0.7868640326832791,0.9982517482517482,1,5
-0.79854668579304344,0.60013579719561427,-0.046478118866072428,-0.60045027176374199,-0.79961770279397604,-0.0084261804710412756,-0.042221579172176713,0.021179100615156637,0.99888376898883402,-5.5575507099108989,9.2003575859044791,-3.4231687686575709,,0.09564603250700862,0.6240601503759399,0,5
0.97237068561016549,-0.22676418710998517,-0.055436930022904528,0.22798288203142245,0.9735225217504111,0.016664487551874503,0.050190190940693796,-0.028842730263754335,0.99832311485023173,-0.2006223861745158,-3.7480878046257935,-2.7606471390898997,0.267669198479562,0.1462869513932718,0.631578947368421,1,5
0.90217296294567595,-0.42659267016644753,-0.064051843767991765,0.42902369388703976,0.90279069543539558,0.030126903571261455,0.044973492340913121,-0.054659436472883044,0.99749171976068418,-10.814221611333286,-2.5287183715291688,-3.2436274607932432,0.1205133714241491,0.1161303915625374,0.5773195876288659,1,5
0.81888032978638658,0.57125884665933713,0.055662694889673431,-0.57317590806715124,0.80881970561836869,0.13145365044307394,0.030072976246679366,-0.13954932431530229,0.98975835544985802,-10.797767089901448,11.219116193735177,-3.6791095666538443,,0.5368248357200118,0.4354838709677419,0,2
0.94349423437680957,-0.3229227699742297,-0.074427913647284613,0.32718316459658303,0.94339044707948527,0.054457700683492177,0.052628951179764384,-0.075732086933732748,0.99573834138611872,1.3377144833197745,15.780450673625559,-3.4244297606420928,,0.09740482374855419,0.3529411764705883,0,5
0.40879665902611989,0.90870127462923223,0.084541617303490024,-0.91234192285940829,0.40460328533539358,0.062676927884205091,0.022748788149662014,-0.10275298040939448,0.9944467394761306,2.5035714848310016,-8.9010579050349321,-2.532412431286152,,0.567933152647451,0.28125,0,4
-0.13538017994181251,-0.98497152383852482,-0.10725345731553558,0.99078274320346782,-0.13509283711772865,-0.0099740227437318616,-0.0046650454587472447,-0.10761515965093259,0.99418168096388249,-7.7064241711897186,17.804459329570612,-3.915913422264119,0.3381870978862405,0.262486226728072,0.75,1,5
-0.93481882420555851,0.35445145603546846,0.021861638211152241,-0.35014959541183471,-0.90970491023039812,-0.22323135338843628,-0.059237038614933693,-0.21633571507506819,0.97452030847955828,13.59594436477682,-9.1455021301176327,-1.999472868532413,,0.523754411233421,0.2702702702702703,0,3
-0.021747268471289924,-0.99076105319162433,-0.13386407954586424,0.99976191845524287,-0.021313232373483447,-0.0046746692381602513,0.0017784039838986635,-0.13393387026595518,0.99098867585601247,0.89062706193323005,23.580466912464654,-3.7646292178111733,0.8258738808087818,0.8041215146130372,0.7692307692307693,1,1
-0.50261222402685612,0.83473318075154856,0.22494770328051605,-0.86406754591970303,-0.47670759081627662,-0.16166987643479339,-0.027716932497615487,-0.27562726608690769,0.9608649134203926,-15.338671471007252,14.088410435945399,-3.9543924708182461,,0.3301310218743154,0.5,0,1
-0.98313349855989984,0.18277911182201972,-0.0063498260546164462,-0.17595928929766386,-0.95477704485993919,-0.23966460547686427,-0.049868351880037388,-0.23450499118371376,0.97083497907249594,-15.188570900494703,-12.811539127983695,-3.2823316720323188,,0.1717347802052603,0.1304347826086956,0,1
0.34439083688462119,0.93882188031632829,-0.0029031894914871609,-0.93877589310643417,0.34440274045784763,0.0093045627162566744,0.0097351934817339024,-0.00047896183296901307,0.99995249717345858,14.413640622838068,-7.2624765799425504,-1.9986005211025972,,0.09750260678555098,0.3684210526315789,0,5
-0.87149481302396814,-0.48518982175267256,-0.071327608539254364,0.48847620748067772,-0.87172294142549533,-0.038601918576360417,-0.043448654727309605,-0.068483211519993051,0.99670570588428742,13.931154703148415,10.07299057628369,-2.4433589833000382,,0.09397835358655585,0.6428571428571429,0,5
-0.99787304350305295,0.048500954187206152,-0.04355509720897846,-0.041558198045564897,-0.98808874404755631,-0.14816730429391758,-0.050222556935689888,-0.14604208752771006,0.98800273453335574,11.034100837917446,-1.2410626270781977,-2.2804450940899783,,0.4399138939464812,0.2105263157894737,0,1
-0.96874747706709485,0.24789807372758654,-0.008652786735520019,-0.24603712223779492,-0.96473910840894517,-0.093510358716332842,-0.031528719559832885,-0.088459017338341786,0.9955807059673526,-5.5832831876090374,-11.323854196064598,-2.8683100902053207,,0.09944012015379772,0.3,0,6
-0.99730033241886062,0.056641879112959731,-0.046730551973872617,-0.054263024085171883,-0.99723900885792249,-0.050694017686504438,-0.0494729337553576,-0.048021419623126858,0.99762035468559751,-2.6844455100253284,-10.241733396917823,-2.755050115189253,,0.08820347031329925,0.2040816326530612,0,5
0.98505195462182837,0.16831086696022782,-0.036661952468619495,-0.16200435763527693,0.97752620670411827,0.13489663937191879,0.058542589649725148,-0.1269408022258908,0.99018119449288211,-13.855256796296105,-9.3552421327616138,-3.2581068429015092,,0.6612250690765507,0.7164179104477612,1,2
0.89014077104957479,0.45423337705194733,-0.036351710926079396,-0.44858779856636044,0.8875082246989825,0.10534770082468556,0.080114884339030426,-0.077467349661934817,0.99377080609348789,-1.527114952467659,8.3772461752225897,-3.2075999138891507,0.3580552766794748,0.2290034544036479,0.31,1,3
-0.90556721240780869,0.42339162063592983,-0.026221353649857407,-0.42138314996267923,-0.90494293557453165,-0.059283423326241258,-0.048828933425583101,-0.042635887806274066,0.99789674632774028,-9.3860678398328261,17.15012965976506,-3.9476359939139787,,0.6385800354923028,0.58,0,2
-0.98105753502260551,0.1920440207469942,-0.025400926571636253,-0.18391967036166926,-0.96457155288980811,-0.18914352806744039,-0.0608248948163864,-0.18088895336938576,0.98162086302171869,-0.67269799802875696,10.38541424931617,-3.2488861169843788,,0.3122377492635854,0.2162162162162162,0,7
0.66897031050409828,0.74243519842614691,0.035618812472903397,-0.74260637949357444,0.66553452435894667,0.074830221313029785,0.031851040791427455,-0.076509953759231253,0.99655995212343573,9.5820485940746032,-11.809475595788401,-2.1527085712789518,,0.08845679749720922,0.1739130434782609,0,5
0.89397963099762545,0.44809719212310428,-0.0030538128197528745,-0.44604225887680166,0.89049214220169337,0.089833445737751927,0.042973511113574649,-0.078947141103571233,0.99595212046269732,-7.6202772560424581,-5.3625332040989937,-3.0559342235245985,,0.1172734235799039,0.3837837837837838,1,3
0.58605660589864672,0.77936116225236662,0.22166152903740113,-0.80979990797571988,0.55405510385040757,0.19299495055526439,0.027600067483131496,-0.29260745149424033,0.95583425111520892,-12.188515327896912,5.6751415418359281,-3.525405448482188,0.7388395141892015,0.5540253515504199,0.3372781065088757,1,2
0.41502025936774078,-0.90312243334504161,-0.11012744754721196,0.90950622647215584,0.41496895743425355,0.024478324581305125,0.023592548033483957,-0.11032059986629604,0.99361600073792511,-1.2665053036670768,4.092493535852971,-2.9793902806693628,0.183951836325898,0.1278981909814784,0.6395663956639567,1,5
0.37675034835630739,-0.92263073442429788,-0.082533041317293609,0.92590543397128777,0.37773479699315138,0.0039434100704603472,0.027537290277770278,-0.077903472555616679,0.99658052690584631,-9.5812292625995248,-9.0884392233113616,-3.0837278483941954,0.1887301108433877,0.1329529440354333,0.4705882352941176,1,5
-0.96281908878529232,0.26984688118082634,-0.012730396209067065,-0.265504849213409,-0.95392139872668802,-0.13978962799679762,-0.049865592494461951,-0.13121214032359646,0.99009938739344583,1.1937643011246981,9.9591952111328119,-3.1534575309330006,,0.0687180123785946,0.3448275862068966,0,3
-0.78848869287112144,0.61393561629401294,-0.036995138330333036,-0.61382433693012739,-0.78928783017543269,-0.015633442654950088,-0.038797739710952447,0.010381723491177802,0.99919315210357262,-6.7879013252482228,-7.7862129392536028,-2.975085578521127,,0.07325856303278684,0.2575757575757576,0,5
0.84935827312999956,0.52781494371227577,-0.0013816872408728767,-0.52621367346462034,0.84697957829782489,0.075662168917547609,0.041105884304978087,-0.063537226414479703,0.99713255243977494,-1.4906968612696265,-6.5222639786120435,-2.7789945201073292,,0.1213845992697185,0.2315789473684211,0,3
0.87855598752904174,0.47620162192252175,-0.037032310962581597,-0.47575892252051732,0.87933602109180531,0.02053313547774217,0.042341757391326659,-0.00042105675471281243,0.99910309692855148,-1.2938570551905222,6.0115154921041523,-3.0908277828171906,,0.08835940695406039,0.3841463414634146,0,5
0.50805492900359839,0.86068582529876558,0.033167744043438287,-0.86089406697148818,0.50620680903404058,0.051147550682940295,0.027232233996470217,-0.054539679292754155,0.99814018495109413,-5.7587161726484357,17.24098873718685,-3.7755887057016895,0.5821662158938112,0.5107149211036068,0.8820224719101124,1,5
0.95780846885578652,0.28523186356923286,-0.03529477288433551,-0.28371367353817134,0.95796744273498469,0.042484469012445771,0.045929167591088206,-0.030678374543251539,0.99847350936305468,6.5760625931088841,-13.696517413293277,-2.2566929666927811,,0.07606269465734457,0.3478260869565217,0,5
0.6735966379182049,-0.73309644394619555,-0.094006240530794108,0.73809461703812651,0.67384692773853039,0.033862283985058618,0.038521496396582249,-0.092195020748337464,0.99499556404266543,-15.268476626881871,-9.3231131174698589,-3.3295851049805649,,0.5039445452105724,0.6972477064220184,1,2
0.38017309365910162,0.92467720914847329,-0.020987561531955481,-0.92477023792592927,0.38041752044907851,0.0090838968396634457,0.01638370849615161,0.015955219107376573,0.99973846834016922,-8.5477782249372556,-4.5657901410572208,-3.1002737813075822,,0.329647550229232,0.5857142857142857,1,4
0.27835624781654988,0.96045770996118429,0.0062278951188071939,-0.96035384350064257,0.27821023017043561,0.017876327980256273,0.015436792899951292,-0.010956970595587515,0.99982080905546922,14.566814015345454,16.191755879176938,-2.6713220248277483,0.2453136964034745,0.1259913329217381,0.2727272727272727,1,5
0.92504073668026221,0.3798061635862488,-0.0068493491613839923,-0.37700538280925033,0.92013012597417976,0.10595986319164029,0.046546501639646069,-0.09543494840275292,0.9943468176690039,3.189303461531487,-15.802871932883253,-2.3768739381712987,,0.1007366425802688,0.2857142857142857,0,5
-0.98066228009609779,-0.18352956566958134,-0.067958744263381207,0.19197301394203911,-0.96960398903297806,-0.15170519559113227,-0.038050680870787119,-0.16181780797078194,0.98608678254441606,-13.140566707503119,-7.6796772864796035,-3.2499456616765818,,0.1648274626466859,0.3461538461538461,0,3
-0.34617963744330876,-0.91981247967659796,-0.18467447265610015,0.93797765926333809,-0.34330507535164467,-0.048368749835729224,-0.018909504025468569,-0.18996480586937903,0.9816087831659418,10.251345108015679,-4.6132871936157382,-2.2505513894564864,,0.08315432510204757,0.45,0,4
0.19170168646758026,-0.97579861505134946,-0.10520231114074176,0.98137436170978021,0.19194084472473183,0.0079419333336979564,0.01244289291949543,-0.10476533296002216,0.99441912663904919,20.928365572668021,-19.026352382517686,-1.4794689688032017,,0.6614922641427132,0.5161290322580645,0,1
0.15226860640936565,-0.97464917606134349,-0.16393064114158615,0.98829283933087342,0.15175804145866453,0.015708614832248152,0.0095674045313946486,-0.16440340767627684,0.9863467870454885,-12.953180212048061,-5.1907565293307734,-3.2752985056591926,,0.07328760956251183,0.2962962962962963,0,3
0.93983208757025594,0.33944726322206875,-0.038616093334020059,-0.338689733627488,0.94056835210270429,0.024908620157355562,0.044776238214875877,-0.010331046115948574,0.99894362102046286,5.0293153328454601,17.508527858520115,-3.3106995422805592,,0.09455492173299904,0.2380952380952381,1,4
-0.74517777022210629,0.66684938148961259,0.0046896880205246679,-0.66563541456008068,-0.74335741847999603,-0.065948792818247406,-0.040491797320421144,-0.052265196810840686,0.99781198807795701,-16.878197221588689,-9.503292021311859,-3.4024191777493482,,0.349614352996585,0.847457627118644,0,2
0.093548843377874655,-0.93597526773030837,-0.339409652337467,0.99558602304114618,0.090529565955329905,0.024756179290312173,0.0075554369679308696,-0.34022741789150085,0.94031283065111182,-20.32165370475056,-2.411394360792293,-3.6343561288383914,,0.2717806280704448,0.4242424242424243,0,1
-0.87038786813198588,0.49193242902241097,-0.020674725748308403,-0.49070477631059434,-0.8701320564514009,-0.045596346801308973,-0.040420063268460475,-0.029541320413391452,0.99874597815140542,15.052277819253543,10.105070529632407,-2.3663885344457176,,0.09804281328794263,0.5217391304347826,0,4
-0.84935977071595214,0.52686314438501158,-0.031673442788600022,-0.52608192665690368,-0.84990432328858223,-0.030007460744545935,-0.042729221082346037,-0.008824304171671557,0.99904771924146873,5.4156002544254358,-1.5640632200129367,-2.5420108502793868,0.4304434153320669,0.3931127737885767,0.8666666666666667,1,5
-0.090667659324682959,0.99469108925229366,0.048672502654678193,-0.99587507051509627,-0.090387198437149027,-0.0079371459124950808,-0.0034956371573730632,-0.049191374454978239,0.99878325436507742,18.917684007480524,-0.10678279660747515,-1.9481027712357368,,0.13144672509221,0.1764705882352941,0,4
0.85615609000535198,0.51667276128402495,0.0067828676743929206,-0.51504733688032733,0.85226110054365878,0.091527358055354127,0.041508918550471355,-0.081855202933299592,0.99577946124305949,-21.508608409413974,-1.3900950678134389,-3.6950645228311814,,0.07282782878455124,0.1818181818181818,0,1
-0.99856802227529495,-0.020151335423609803,-0.049556317153835835,0.024794911040929499,-0.99517327830374502,-0.094949241896124109,-0.047403768580976675,-0.096042021172096689,0.99424786290617706,-8.2867580068061919,14.532406897679255,-3.7223271107540827,0.1369851664958077,0.1531557773386232,0.575,1,5
-0.14808617262833887,0.98886492662283121,0.014718776155384422,-0.98892541396556088,-0.14791420592131746,-0.012161961178571346,-0.0098494207612803628,-0.016356790085119047,0.9998177055487556,9.5298408736333347,-7.5319092404691936,-2.2291105954626746,,0.08103856292799169,0.3809523809523809,0,5
0.74605367000894707,-0.66058831289430542,-0.083827217141182617,0.66493268003138783,0.74579220932463097,0.040724827034130814,0.03561534068986931,-0.086122362822552603,0.99564777212094624,-6.5555110703773778,-8.6090812570770705,-2.9450484545373494,,0.1706901412667146,0.7939698492462312,1,5
-0.17517493205957443,-0.97981199148419329,-0.096344198173551193,0.98451974209462123,-0.17491588692173188,-0.011194191722744254,-0.0058839275883718909,-0.096813706912631206,0.9952851277648892,-0.22133301715430062,3.9639516530434697,-2.9332618910620898,0.3049175079970214,0.2023315038258446,0.8077709611451943,1,5
0.70588077570676699,-0.70190635091478382,-0.095183008111238962,0.70737583365675616,0.70551067059015993,0.043291149694021043,0.036766294972712901,-0.097888550039898867,0.99451800955290126,-2.9761384612715074,-2.7106364426878233,-2.8929672489051779,,0.163912021819744,0.6659142212189616,1,5
0.46466698954981522,0.87581083901354995,0.13053720959593706,-0.88524143010940393,0.45600233525457906,0.091703220555370488,0.020789402121479821,-0.15816840553268516,0.98719327198410312,-26.852235143046403,0.32709303219855551,-3.9566943570593365,,0.2040628714516845,0.1666666666666667,0,1
0.5828100713558001,-0.79965604375570742,-0.14450824340229623,0.81210537895335089,0.57942174320827866,0.068958661330636509,0.028588007997778234,-0.15754572410081355,0.98709780195088548,9.0452523632247779,4.3180698037141578,-2.5160283741362162,,0.3987125663984878,0.28,1,5
-0.62668166224782951,0.77870947165850768,0.029692641371622263,-0.77892072087876618,-0.62479217899668138,-0.054011514052841131,-0.023507547468821118,-0.056976239029135234,0.9980987443124526,14.725867295017588,6.5951410595543933,-2.2735970877787244,,0.1277833278234048,0.3636363636363636,0,5
-0.99523032585473892,0.084442090300446929,-0.048848048935052055,-0.083014112356858988,-0.99607963221324225,-0.030561797059955355,-0.051237248644641818,-0.026360949823978023,0.99833854211670336,-5.4092090929143106,-10.276210008571356,-2.8794419883457132,,0.13425022672728,0.6981132075471698,1,5
0.99676664086774691,0.072598302704690615,-0.034434722267306289,-0.063326859060652926,0.97356427926753708,0.21945911477036695,0.049456774811350371,-0.21656888183365361,0.97501381879775462,7.0460970861272756,-4.338054715242718,-2.406739105066233,,0.1081382605872633,0.3333333333333333,0,5
-0.98990835488219264,0.14125920006676343,-0.011282168715650623,-0.13524812820995596,-0.96554240662746227,-0.2223416398692574,-0.042301214523150062,-0.21857195474384492,0.97490353771505023,12.602948117992694,-7.2880478317297026,-2.0859203538454816,,0.4120926229027919,0.3103448275862069,0,3
0.53011182512180077,0.82131915327239224,0.21075175286092937,-0.84758453019771807,0.50619764307507842,0.15926208059280461,0.024122956608737922,-0.26305663765272336,0.96447876511165187,15.671348441281058,2.94969945523694,-2.1469975252147098,,0.1411477558327421,0.1764705882352941,0,5
-0.055193236648089658,0.99834076256202342,0.01641427535368448,-0.998417220558241,-0.055004638874249029,-0.011727889625620725,-0.01080556898387354,-0.017035595363592844,0.99979649337729903,13.231009930171819,17.342520877216675,-2.8117827880383808,0.3573712438145771,0.2956532745832056,0.6923076923076923,1,5
0.97990717452105813,0.19631533996869643,-0.035245093490172789,-0.19357996993418053,0.97865122324418474,0.069054894706613273,0.048049188988344586,-0.060844642620651618,0.99699007261954564,9.3000780873621522,-13.4668192388484,-2.1413137974072542,,0.2109139718133952,0.3142857142857143,0,4
-0.61114738376497169,-0.77570741356937012,-0.1574067465223449,0.79100662322070858,-0.60569368499845322,-0.086276775403156453,-0.028414738045648605,-0.17723760460611521,0.98375781276454655,-18.558690022764445,-19.024506479902808,-3.3735688254174021,,0.182987039270256,0.3684210526315789,0,1
0.43557728907437226,0.89901583169956778,0.04519911056819443,-0.89994469415674727,0.43385210433359916,0.043265448390451704,0.019286593834578505,-0.059522146456950864,0.998040651165782,-32.937988086466092,4.0112057173370834,-4.2409228117668487,,0.2243780104423451,0.3548387096774194,0,1
-0.5278321338753873,-0.84435388309767934,-0.091976945733287976,0.84900600522098524,-0.5275923273251002,-0.028898775863118523,-0.024125537242886266,-0.093342681799662638,0.99534170122987808,-1.0554469336674435,-12.121990186351262,-2.647942797595018,,0.3946014834701442,0.7484662576687117,1,5
-0.52635374540246727,0.84039905812926696,0.12915555658288708,-0.84965173948857164,-0.51409877930605641,-0.11744942188051054,-0.032305669546351432,-0.17155718641742598,0.98464433959866848,-8.4457824617255408,11.025821943201082,-3.5864947733523334,,0.289545584867037,0.2444444444444444,0,2
0.9160168447639585,0.39963065539511999,0.034763189973714061,-0.39884941985876754,0.89811267309176124,0.18523705544597374,0.042805144398847632,-0.18354554121644331,0.9820787921101628,11.389214426859999,17.849507472887044,-2.9866012290084036,0.4897514928332771,0.700312111730798,0.3928571428571428,1,5
0.46191831446879866,0.88183423370839908,0.094867565680923541,-0.88640981229609916,0.46263911005204167,0.015578784145375573,-0.030151540980480236,-0.091287666802120401,0.99536799550032107,-5.3613295305576205,14.974488098998824,-3.6323858415063981,0.3135688407153439,0.3314723419225918,0.1,1,5
0.16577614124448706,-0.95576626922559504,-0.24295906981357154,0.98609746413133759,0.16350469542290613,0.02963116279204148,0.011404482795534852,-0.24449346245912332,0.96958387186819295,-9.1690662149742117,0.75603260471413136,-3.2223142028675285,,0.5729467129702293,0.2899728997289973,0,2
0.55773164127707797,0.82997337645082581,0.0089224829052017753,-0.82967289677554201,0.55715384981935911,0.034963866884946161,0.024047882951695396,-0.026903197101523304,0.99934874659012762,-3.8237298714845624,12.000511557057399,-3.4579221970602689,,0.0814256158162168,0.2727272727272727,0,5
0.99738636190988317,0.056035788138004625,-0.045611791500889919,-0.052225985550357484,0.99535964225040474,0.080818494247540312,0.049928864492013565,-0.078225143188737661,0.99568465663765249,-18.027919855114366,-12.372960537842417,-3.4204604783171138,,0.1790851938778647,0.25,0,1
0.51578232175165506,0.8566145303790671,0.01342173282120384,-0.8564210249645362,0.51512562042178778,0.034476414891374936,0.022619119504670895,-0.029276979497882258,0.99931538260166675,-1.0460611782287701,-9.2198399643423947,-2.6969405904975607,,0.07295998022349677,0.2352941176470588,0,4
0.54608399250902728,0.83288362266343796,0.089984133181513479,-0.83772792365789717,0.54318566655011757,0.0562250618348464,-0.0020491581756522147,-0.10608582729814478,0.99435486532587514,1.676590087310444,17.194987590342638,-3.4789939602201629,,0.1580262299446412,0.2272727272727273,0,5
0.94343457809539877,-0.30316481450909066,-0.13424713068675456,0.32576714502526416,0.92292090159832274,0.20516524221960233,0.061700600289188945,-0.23729328822494836,0.96947662750957864,1.7451565247991447,-15.14845398773773,-2.4553814755097347,,0.437386586275394,0.4,0,4
-0.55160893429809821,-0.80457818967463379,-0.21995799667755511,0.83251253469780973,-0.54734570464525201,-0.085647879001281471,-0.051482649247511329,-0.23036192460187338,0.9717422088806148,-6.8117893452894327,-18.537377080380164,-2.8321737268401717,,0.3752772345272141,0.3,0,5
0.26878679160532343,-0.90911221020287492,-0.31822735570431498,0.96314485744945055,0.2572044578579889,0.078726427752409317,0.010278337764139963,-0.32765966507646643,0.94473991111563849,-17.862470615107654,3.930535256539212,-3.6918264533184324,,0.589587044926805,0.7254901960784313,0,2
-0.99288824999982084,0.11171480040243181,-0.04114275614660777,-0.10863030609967869,-0.99155629413565838,-0.070820704293662357,-0.04870707965978361,-0.065847694955898775,0.99664020662424169,-11.963812273733206,-4.5097098196704017,-3.2447348146684138,,0.07655097573538755,0.2533333333333334,0,3
0.27584332749281532,0.95940077434336402,0.058826973974909214,-0.96111672650798485,0.27448352302160023,0.030223064308983544,0.012848996235735025,-0.064876419283154629,0.99781057997834943,-10.805397002930025,7.9690770585696722,-3.5633944767171379,,0.1096344397170437,0.1739130434782609,0,2
0.81821809947768531,-0.55433253303744157,-0.15242894903337648,0.57323941447986637,0.80683051610107048,0.14290238617623241,0.043768885911177335,-0.20430360032161723,0.97792858815034167,-12.668688660229687,8.9421266444119674,-3.6726114898416542,,0.09756610607313489,0.3877551020408163,0,2
-0.97869629937171498,0.19861572209446435,-0.052012965047236612,-0.18984712351471991,-0.97191198160334769,-0.13908691422646569,-0.078176871831105721,-0.12624933644478356,0.9889132832346601,4.7054556062956712,26.718373015213416,-3.5965538602082936,0.3550029048683628,0.3052796605847145,0.5714285714285714,1,5
0.81272945520843376,0.58193981263383265,0.028581236997429257,-0.58063578397847448,0.80489036214867171,0.12252996076014558,0.048300300209272111,-0.11617899720638078,0.99205318486854066,-15.263635845502577,-1.9306168428208663,-3.4148380260973119,,0.1792000034578247,0.1111111111111111,0,4
0.59421455407436563,0.80421257272778868,-0.012296405684277319,-0.80385582049363213,0.59432389738321301,0.024391081520406414,0.026923662171224085,-0.0046089983485825036,0.9996268671606976,12.624898089058384,28.935878870762359,-3.159260404118541,0.3886190696589994,0.3793143613282043,0.8571428571428571,1,5
0.8853621327958533,0.46477511941629729,0.010861960354558768,-0.46289752802149953,0.87913683438559709,0.11333271803876986,0.043125078118914154,-0.10536847155594913,0.99349771657472885,10.500310139769134,13.323638433052094,-2.8236041442768971,,0.1929903732889336,0.1111111111111111,0,1
0.3182458503429148,0.9479824709449084,0.0069866673530258917,-0.94792260608700685,0.318109426632325,0.015783711758356918,0.012740157327627533,-0.011645920695249079,0.99985101936359899,-7.5734848985440983,-7.4665613086322766,-3.0175795294190348,,0.0845963893090201,0.28125,0,5
0.9271893936392861,0.37310924695368769,-0.033306428215359667,-0.37209219923668174,0.92760863807928262,0.033009238523592777,0.043211382644187536,-0.018212753727812721,0.9988999309298342,-9.4036856539450717,-8.1080354580264498,-3.0845443845816241,,0.08584959275733506,0.2222222222222222,0,5
0.60179952563604877,0.79522447977784894,0.07386039335311699,-0.79642835071771967,0.59066667127308303,0.12967176107475803,0.059491286061745835,-0.13686091556476546,0.9888022434609941,-20.148759630041802,6.6213087940835154,-3.834896624862048,0.4042186445121594,0.4258921412968816,0.4137931034482759,1,5
0.99867472146892167,0.022529825291245732,-0.046273185229871845,-0.011739229714404406,0.97510995714536186,0.22141084427299904,0.05010979130553761,-0.22057420168350553,0.97408214764823609,17.313145526975571,19.411329732843448,-2.6194126059406999,,0.6313874427368678,0.3333333333333333,0,1
0.85131495438627824,0.52462615633184961,0.0054995027736663756,-0.52342885594112587,0.84856254966477263,0.077225851077103141,0.035848029324525639,-0.068622120332210879,0.99699845706734092,2.2731368392658045,-6.6950721913279745,-2.5873231888275097,,0.1429736825586311,0.2391304347826087,0,5
-0.99873064673399337,-7.1484659845794237e-05,-0.050369536073323624,0.0048836032923336766,-0.99542514982423691,-0.095419712409320998,-0.05013228194668131,-0.095544575917933874,0.99416195276196317,-12.317446982750662,-10.251430463869383,-3.1866291062956491,,0.0838513342692373,0.4444444444444444,0,1
-0.99640525248190692,-0.052777090579380327,-0.066265764437190677,0.059976631756789328,-0.99191555711284796,-0.11183170928059875,-0.059827890398875594,-0.11540409987294961,0.99151526325263206,-1.2385403215357098,16.066041199392561,-3.5629047934901776,0.5538241960910051,0.2714969270996502,0.3928571428571428,1,6
-0.95377233435517983,0.30037511487001783,0.0096501080561455059,-0.29655136589417364,-0.93545232064723549,-0.19231807814659976,-0.048740348839248063,-0.1862894150576607,0.98128519413700721,-16.892977787621824,-8.0721925369584024,-3.4045194117537028,,0.2438499962300213,0.2608695652173913,0,1
0.98457165999918306,-0.16565732571605576,-0.056358644084647448,0.16845192078826357,0.9844878678555411,0.049067182800700389,0.04735606306693893,-0.057803879470649848,0.99720414901310228,-0.70816659043978203,-10.362919645493882,-2.6524872776680617,,0.2483845635214871,0.684931506849315,1,5
0.93088305249269088,0.36530817161648971,-0.0025850207170042402,-0.36452368890673303,0.92930368528247231,0.05930548664535816,0.024067048172085524,-0.054264171150332823,0.99823653355387187,4.1019274237735077,-16.48766351034347,-2.3284401322454844,,0.1867727704447661,0.3333333333333333,1,5
0.59141525568088338,0.80014960632552357,0.099942997978972062,-0.80612543838818917,0.58364464873654798,0.09757408254572883,0.019742667787424416,-0.1382733940362387,0.99019730133460493,0.9425497020206568,-11.455214789770098,-2.5560364631561829,,0.382385170724209,0.2631578947368421,0,4
-0.82196860346367662,-0.56458123417837192,-0.074937606938039733,0.56815164633983917,-0.82200421008519275,-0.03889454156496211,-0.039639900117229704,-0.074546016767126855,0.99642941029600884,-24.930071846504443,-14.608445006012431,-3.7091276382870331,,0.704705620658713,0.9069767441860465,0,1
-0.94444903898076227,-0.32063208684851452,-0.072187794338666317,0.32535617662600202,-0.94318489110608217,-0.067421209723034156,-0.046469033771155466,-0.087162641494932663,0.99510969386696324,-3.1897931125819978,5.9734062483856221,-3.1549342018311775,,0.06541756333212981,0.2936507936507937,0,5
0.69732335580274485,-0.71421502665493453,-0.060307819992848503,0.71641910364610351,0.69710541099330481,0.028066241194160329,0.021995576439633846,-0.062776919836408207,0.99778517374880926,-10.606118177490156,-8.7126909010487292,-3.1283848032240575,,0.0964163851522119,0.4878048780487805,0,4
-0.60218967997192729,0.7930255199240932,0.092076675029168137,-0.7979522673540187,-0.59421687058428985,-0.10088850151326061,-0.025293642677277274,-0.13422680604906173,0.9906277788241048,8.96141663571027,10.139895562624277,-2.7542111664863635,0.8260147328102075,0.4205604974675814,0.4262295081967213,1,5
-0.5009142673764696,0.86549639995308725,-0.00093723366366016555,-0.86476782615205605,-0.50053645014013082,-0.040495295200345872,-0.035517651821897187,-0.019474181609555215,0.99917928954702451,-7.8472707367093761,12.892320110891431,-3.6335628392818715,0.3176030024151767,0.2335171150289342,0.7619047619047619,1,5
-0.66017627822294378,0.74527161412391385,0.093474610739162731,-0.75035764125111348,-0.64881605245912632,-0.12649561370822521,-0.033625762262987136,-0.15364879190052749,0.98755321722919864,8.1228091223110734,-7.8426899959520036,-2.284189148442417,,0.1616899755354558,0.4492753623188406,0,5
0.84555469162036989,0.53345672564312829,-0.021475226305995767,-0.52957681393971734,0.84314866231813013,0.092998555733977181,0.067717513364266887,-0.067262583189019232,0.99543462029733576,-4.2337984467046779,16.419351544087515,-3.6766262518686799,,0.1313620579676845,0.2666666666666667,0,5
0.99685730148374441,0.054351589709104794,-0.057631806970107884,-0.050151285420428085,0.99614440683681327,0.071980339665852336,0.06132184805781226,-0.068863817958532025,0.99573962737602673,-9.7444611728675952,19.504895059848696,-4.0673953945959003,0.2179173718103047,0.1758861296462297,0.3488372093023256,1,5
-0.99764865764019617,0.042733708066337549,-0.053581583623631884,-0.04192001380403635,-0.99898930773424455,-0.016219601577228158,-0.054220552850230121,-0.013935323015835702,0.99843173949001651,-6.0084117983278995,-1.1702707957234615,-3.0579029639027731,0.6105318476450856,0.3685907312894923,0.9438344594594594,1,5
-0.7699962306417516,0.63444750324070076,0.067691730877082121,-0.63699974771114876,-0.75831206515878768,-0.13854289317949955,-0.03656673643390361,-0.14979712102124987,0.98804033132272384,15.044221116020177,-11.545886487064775,-1.8938396664719834,,0.1027336861611652,0.4285714285714285,0,4
0.99459635097041965,0.099292589320561786,-0.030316337878174855,-0.088500327235654278,0.96356196772483016,0.25242033680635673,0.054275139018776411,-0.24837334007552164,0.96714264367993885,-2.4040900472708415,12.858097115659442,-3.4552751741094849,0.5958812053689492,0.4004916742804486,0.1,1,4
-0.49259376512727182,0.86381835165615528,0.10568461524640714,-0.86962140646707053,-0.48394034972433453,-0.097777028605509381,-0.033316542017019855,-0.14006995841625669,0.9895809288670111,-9.4412835909315866,4.7918793087177427,-3.3968838279768172,0.5473231712051713,0.6172689058982096,0.3877221324717286,1,3
0.042825796281669756,-0.95504051853530902,-0.29336591337210172,0.9976229452035642,0.056744661502286471,-0.039096068783898291,0.053985279254675368,-0.29099424624345677,0.95520047020350451,0.14051389701747238,-13.36762569935814,-2.5626993321171017,,0.6919468609840042,0.2156862745098039,0,3
