axis_00,axis_01,axis_02,axis_10,axis_11,axis_12,axis_20,axis_21,axis_22,location_x,location_y,location_z,dbh,dbh_approximation,score,reconstructed,number_clusters
-0.97328526880648847,-0.22958699267321614,0.0023660768269530932,0.22833119947694813,-0.96894035055285366,-0.094970839819028541,0.024096656815843394,-0.091893470202088365,0.99547724296666784,-3.9006341517086534,-19.151929006790244,-2.437119261189812,0.2908175017472936,0.2392650445034469,0.1578947368421053,1,5
-0.89279428379333303,0.43861533434075745,0.10263993037358474,-0.44797367351094719,-0.88843146780918314,-0.10004556385730601,0.047307025557054412,-0.1353000941890464,0.98967465858502124,-9.1463135235014441,-8.9065805734914445,-2.1805927346052458,0.4517775296990055,0.1106900693365754,0.396551724137931,1,4
0.11681110445591086,0.96422497229860438,0.23796085533453551,-0.99290098174707464,0.11878934486863796,0.0060606923179640842,-0.022423343227170957,-0.23697952304246292,0.97125583619203104,6.7275440167827165,16.168973053480261,-3.8642526861133404,,0.1829625143859505,0.2857142857142857,0,5
0.98321967222409978,-0.17448389580534079,0.053239517805148504,0.15806364171852208,0.96053280513508354,0.22889433244623117,-0.091076678234399785,-0.21663817845411767,0.97199430981763923,-2.1343737630462067,-19.074927364289589,-2.5811868985024322,,0.2001262245207898,0.2857142857142857,0,3
-0.21065836315284872,-0.97748895928365742,0.011763864684437839,0.97750614183565943,-0.21075757848720983,-0.0079363583443414713,0.010237026293055854,0.0098273897225481781,0.99989930778249614,4.518650895069686,-13.044028802096687,-3.2113930613596757,,0.1038075247619865,0.2941176470588235,0,4
0.8190649503235039,0.55352042967643023,0.1508235428650872,-0.56993868150399407,0.81512943986036257,0.10360451533799306,-0.065593494167069666,-0.17081899836889292,0.98311665804176218,-13.312448317200126,-23.061825638312509,-1.6750700102797889,,0.1795369829791381,0.6086956521739131,0,4
-0.37066086265835813,0.9224567347414524,0.10809300358256053,-0.92843662146655948,-0.37112053487594904,-0.016582777606583735,0.024818638421994828,-0.10650408970329325,0.99400247185977908,13.696455999774646,17.316196897384007,-4.5878050393327561,0.1811842370620937,0.1634716571116017,0.4,1,5
0.59285472476038892,0.7969663090257012,0.11561997062460085,-0.8042478853889562,0.59330862497813253,0.034208396249296877,-0.041335386494803235,-0.11326772622643975,0.99270429031953755,-5.2595079240554101,12.993656029956446,-2.7978976605159271,,0.1846724589370003,0.4545454545454545,0,8
-0.99293011367043604,0.091277577888640576,0.075882759182828094,-0.10373990740581444,-0.97798842757175231,-0.18104327423896482,0.057687268767458347,-0.18763538928068751,0.98054328803558533,-0.4338756447256048,-26.792929406665156,-2.6033585580919074,,0.3451715082067946,0.35,0,4
0.061377891735297833,0.98859629514727654,0.13751407065173132,-0.99811456008020405,0.06075368633290041,0.0087358201025442943,0.00028171267371280092,-0.13779098235386389,0.99046128941010458,4.2287308941072439,14.373392266736715,-3.6196200964394341,,0.08032193468579205,0.3809523809523809,0,5
-0.97335770191918136,-0.2255739131059995,0.041124127232778709,0.2219039704806231,-0.97188183068704403,-0.078767601622335551,0.057735708184324587,-0.067543444585298193,0.99604441220962026,-1.0042964875189868,7.9880890113779914,-3.0992106913617796,,0.07341462993645656,0.4166666666666667,0,5
0.25904854755254575,0.95517004011824136,0.14333193807185171,-0.96576707986430277,0.25826002013414456,0.024407159824272467,-0.013703921383779733,-0.14474790658530401,0.9893736635255046,20.126090089203917,-3.2122575084088631,-4.7462724535790688,,0.3329407604902542,0.4736842105263158,0,3
0.97272812574085399,-0.22825048403446727,0.041251787000293111,0.22655521553530281,0.97309269758192718,0.041992097190788967,-0.049726529201610283,-0.031501086501256111,0.99826597349744517,-1.892107609128951,16.044409086880631,-3.1503541896205625,,0.09040237323431038,0.1842105263157895,0,5
-0.56725935890417445,0.81951368890069332,0.081327322838045821,-0.82299884603692985,-0.56769297255765405,-0.019939617111092989,0.029828160478107022,-0.078243227266217838,0.9964879719441978,-8.6283474054698939,-12.292321908223228,-2.1899361625500093,,0.09690257127427655,0.3846153846153846,0,5
-0.0025871683634012843,-0.99997479111425536,0.0066123895727691331,0.99999311505341226,-0.0025695125730002982,0.0026772095380969943,-0.0026601514304828221,0.0066192704386392708,0.99997455410286706,-0.90681816398240944,-7.9367100003803044,-2.848449143040392,,0.09506519194394895,0.373134328358209,0,5
0.90081903863840196,-0.43373634256970295,0.019946046245888568,0.43151640909464523,0.89941177157573504,0.069656685487186454,-0.048152344788686526,-0.054141022203643259,0.99737159645043871,8.2520770719852337,-24.082516308949675,-3.5412892344525129,,0.1821865607974609,0.2,0,2
-0.98356953744278752,0.16847720441179664,0.064856739111419204,-0.17004467282694188,-0.98524500603687781,-0.019418736379342934,0.060628163898961071,-0.030128220541177364,0.99770562595851031,-9.0700749431187031,2.7101032877122608,-2.3186084785624477,,0.2783666074502417,0.9451945988880064,1,5
0.99738409377295867,-0.071813017490541364,0.008237718591816965,0.066785120902282308,0.95910549917847976,0.27505706511861677,-0.027653519030356628,-0.27378738459706764,0.96139261018625266,17.283976060944212,-0.76775965179643124,-4.5958428256332153,,0.302209102749916,0.3076923076923077,0,3
-0.34274125027198804,-0.93026118825223658,-0.13092958792241796,0.93933754433823158,-0.33740914878186939,-0.061644497847877441,0.013168643005914926,-0.14411518986503086,0.98947329367272518,-4.0741297710662563,-20.556724739552944,-2.3962693799578898,,0.3058891063527213,0.7083333333333334,0,2
-0.17702079327503062,0.93474678057317262,0.30807806633444174,-0.98411587000979761,-0.17237139508102733,-0.042474186898392899,0.013401236627197033,-0.31070332854012062,0.95041246229779219,-14.126106058701147,-10.10332454622932,-1.8118841640444796,,0.3013125050603535,0.4307692307692308,0,4
-0.8404199116427723,0.53344502175424202,0.095555119590593221,-0.54025439766351835,-0.83856458186517047,-0.070246906312817631,0.042656276438352923,-0.11066097237467763,0.99294239071232471,-10.080760075336196,7.3161660897109924,-2.3210370223427295,,0.1112621221524065,0.3333333333333333,0,4
0.30711852584737287,0.93814425981990424,0.1598860808460276,-0.95163724127916649,0.30132153794708205,0.059932393409440669,0.0080481110774784891,-0.17055989720966347,0.98531444187726958,3.644344447412176,8.7255023790080237,-3.5152083727190022,,0.2053410916743281,0.569620253164557,0,5
0.68782412234480483,0.71697751156242084,0.11331912739849953,-0.72369318651722025,0.68944808481943243,0.030487868527782794,-0.056268539248412859,-0.102978571812657,0.99309076384702843,7.6781555958443093,5.7881010781939475,-3.8126517211623163,,0.0748326087010751,0.2894736842105263,0,5
-0.5529421627369232,0.82122179703636033,0.14088905117214445,-0.83249541558750806,-0.55155491765470943,-0.052331212834130086,0.034732516372965677,-0.14622562321043409,0.98864135024948463,14.862269893702592,10.537913098750661,-4.6123823647062929,0.4464649282499799,0.3706417160294984,0.8235294117647058,1,5
0.3358629841853194,-0.9414119430230089,0.030653048588595074,0.94113548849361039,0.3367289480785482,0.029624446388197442,-0.038210576441932174,0.018898916888467805,0.99909097823392323,4.5042673362281791,13.603592537515455,-3.6412448791578118,,0.1140206051835737,0.2631578947368421,0,5
-0.86577665270068294,-0.49996952145015811,-0.021477086843954538,0.49759727332589948,-0.85552118386543952,-0.14310994911643338,0.053176510011778769,-0.13458819256672597,0.9894737375011986,3.4333019042870334,14.837573623844804,-3.5581644208976693,0.531128580559297,0.4309694438169168,0.417910447761194,1,4
-0.84001459477915774,0.53390215014033438,0.096560730286878574,-0.54086716205764274,-0.83808302402041013,-0.071271016945990542,0.042874159650293849,-0.11209522257586221,0.99277211257667231,1.8054229812079401,-17.66524474948406,-2.9344498561825794,0.2680476468441059,0.1807631485513874,0.6451612903225806,1,5
0.5639832391941455,0.81971432807272171,0.099956621893534756,-0.82515094658427846,0.56415273390290965,0.029284948026974577,-0.03238551001836102,-0.098995521020702304,0.9945607400046973,-14.534673194163449,13.907292725560783,-2.0597943293748542,,0.1057060414260363,0.3428571428571429,0,3
-0.47826912589560666,-0.87817707095236786,0.0079796784756077377,0.87761700929323094,-0.47825943052500497,-0.032500801730177407,0.032357815350527605,-0.0085410284755139208,0.99943985442763061,-11.011126116011027,21.054825791243736,-2.4184078122015222,,0.09246961368915561,0.25,0,2
0.10875301485320102,-0.96945847435736932,-0.21982504010467302,0.99399142901386262,0.10329334248749771,0.036214975420932778,-0.01240245166560722,-0.2224426935065347,0.97486687670586059,7.4882477959174496,-19.873051228132823,-3.4157670357304255,,0.4217230865378839,0.2,0,3
-0.30214500120607268,0.94251150293130059,0.1427601663222694,-0.95282661798515456,-0.30312672716756889,-0.015350027219806467,0.028806844762191169,-0.14066362045268788,0.9896382730957749,0.932822768468344,11.785538992211896,-3.2928874783535664,0.1015309424808456,0.2763408674780884,0.3287671232876712,1,5
-0.88013560030815263,0.4700401778961289,0.066509820580003362,-0.47188063968668448,-0.88154491709680638,-0.014395173832596865,0.051865084200202985,-0.044054401643431426,0.99768192463166627,-0.96968524063131367,11.556408981378949,-3.1121625654929645,,0.1017463949577082,0.3142857142857143,0,1
-0.14829287961026044,0.98062342470766728,0.12801140875525591,-0.98893968140037869,-0.14668557879055782,-0.021946469570253171,-0.0027437945651648645,-0.1298500669598881,0.9915298440802971,-4.3542907893145832,-24.279040224433601,-2.3392866978234652,0.3662042864344454,0.3035558733242981,0.7894736842105263,1,5
-0.18400270859859524,-0.9826235245734064,0.024372365156397052,0.98286140638145092,-0.18421777770781964,-0.0068750434375643215,0.011245402360809689,0.02268963048021385,0.99967930937596916,-17.377032599651468,-14.543460125047778,-1.4938497028411912,,0.129697474336486,0.3636363636363636,0,4
-0.61919755605375992,-0.78396427016392711,-0.044658814173606308,0.78504720331811273,-0.61680271647209772,-0.057055214617516281,0.01718357178996438,-0.070387726621781749,0.99737169240035928,3.3869652874453497,-27.083953122987037,-2.977548787633737,,0.4470749528199057,0.5,0,4
-0.59954575301616519,-0.79993177691915018,0.025574251020316654,0.79936790612828235,-0.6000862244338715,-0.030124307407572454,0.039444146490504067,0.0023823349201461397,0.99921893686417074,3.4516246195867848,5.4707794273848975,-3.4069972919767668,,0.08742213642431135,0.4905660377358491,0,2
-0.36248632129797348,0.91281694205553865,0.1880662042160624,-0.93183153926778073,-0.3586797725586372,-0.055125340662185843,0.017136198461157184,-0.19522820250583561,0.98060812746409554,-4.1259887251258549,13.603107885954588,-2.8807826187890448,,0.1439906236592439,0.3684210526315789,1,5
0.38342662919325377,-0.92341111450881996,0.017202721502087674,0.92325499169753922,0.38371627394089197,0.019027386013194612,-0.024171063921057501,0.0085868920161869637,0.99967095834300734,2.0960561777960609,-12.031074933359939,-3.006610618239475,,0.07232438599779935,0.3076923076923077,0,5
0.74593243757450767,0.62893682267182915,0.21914212662474986,-0.66226325630671989,0.73532872804507021,0.14387161310570959,-0.070655346012693285,-0.25244828143420484,0.96502729872306903,6.1973385671588002,-4.1247073055881458,-3.4543785100153879,,0.462825244923854,0.3333333333333333,0,4
0.99773682074251502,0.015495628297028365,0.065430283801144185,-0.031320937405836441,0.96817165637500269,0.24831963811205618,-0.059499877433803271,-0.24980698408123658,0.96646584796856561,-14.377269914402707,-24.005129032948883,-1.5837511944243374,,0.2975634519757532,0.1052631578947368,0,1
-0.56061994756679934,-0.82715725153983932,0.038937842971316312,0.82726545532052675,-0.5615299987380763,-0.017774334039212251,0.036566936206372476,0.022247286177767216,0.99908353876650569,0.71324868276245013,7.2172490357663177,-3.2232759361133319,,0.09126949129573132,0.373134328358209,0,5
-0.95483389317292511,-0.29521841429878004,0.033739062037180634,0.28770619369677364,-0.94692399204371847,-0.1433879332457986,0.074279085594461766,-0.12720472141748876,0.98909128814905112,8.9242313280557859,-29.095418199427034,-3.6191223811635558,,0.3869788092328943,0.3181818181818182,0,3
-0.33308489164633787,-0.94191302976378188,-0.043061575890362094,0.94276816328503199,-0.3319374642455129,-0.031712933109802284,0.015577074600687505,-0.051160181698981691,0.99856897135621669,-1.7877528512220118,11.510645131461965,-3.0561831120062481,,0.1424769268189325,0.2857142857142857,1,6
0.049411668267410447,-0.99646118903226433,-0.06799695428060111,0.9987539537631277,0.049773089238586796,-0.0036303484912610482,0.007001919847563951,-0.06773284535625565,0.99767892369158251,-3.0838053249432642,15.035196067312182,-3.0400015856024472,,0.1268717917998542,0.1612903225806452,0,5
-0.71484810815663913,-0.6982073644390635,0.038712511000090981,0.69727543287383165,-0.71589457078653118,-0.036082325714677031,0.052907021986555489,0.0011999005901928751,0.99859872184130549,-13.614155930300292,20.124824527526265,-2.2155526596754926,,0.3085335793950823,0.24,1,5
0.83081855497849455,-0.55391587511229423,0.054016034675161459,0.55439770385085696,0.83222255115800159,0.0069865090685687333,-0.048823300465498168,0.024141844226345358,0.99851562666240079,-20.964117755988092,-19.546522384004451,-1.1806354835747201,,0.09894776979308795,0.8333333333333334,0,1
0.78820823332404244,0.60985504121617207,0.082490057724641005,-0.61354171070508023,0.78915859467358029,0.028200738960255507,-0.047899375207587046,-0.07283914576683248,0.99619280699003376,-0.9844143511538771,11.537794192027729,-3.1113563278761638,,0.0855137609784767,0.2894736842105263,0,2
0.27475246280647037,-0.96085982216556365,-0.035489242450919369,0.96139519715083266,0.27394841651790147,0.025914088497286311,-0.015177584692235973,-0.041239146878849546,0.99903402028540245,-11.887873294941551,18.444801260831724,-2.3292842666413476,,0.06756842326834442,0.25,0,1
0.64188547988395717,-0.7665694898813723,-0.018821474361881502,0.76547440603596018,0.63913940753333864,0.074496653896845913,-0.045077316003017447,-0.062225677344208266,0.9970436302695177,2.5701297974847455,10.40649999337024,-3.4312967611407008,,0.1125119290593543,0.3684210526315789,0,7
-0.061069076001352529,-0.99764088793481986,0.03135644554100496,0.99802893869074605,-0.061487337012357021,-0.012551690043642674,0.014450103534711711,0.030528119951182719,0.99942945143721007,-8.868065455010095,1.3921003364481961,-2.3312667765359585,,0.1593577430636701,0.743421052631579,1,4
0.46272430512432683,0.82958224489284493,0.31253722403220374,-0.88321063480537754,0.46175888656615899,0.081961608353313037,-0.076322945526819036,-0.31396182830995228,0.94636292105638908,-9.2627433197228513,19.928508662556322,-2.5445793604799696,,0.4467450129421782,0.7307692307692307,0,4
0.90625666083373813,0.40924616552029958,0.10590769897139797,-0.42168432953136392,0.89278132659394094,0.15850498135026564,-0.029684860150733617,-0.18830581215696901,0.9816617188144483,-4.1627245949093519,-15.489881216926314,-2.4778662285307202,,0.3303816806748022,0.6153846153846154,0,4
-0.78367213056430551,-0.61847790812864289,-0.057819278217735658,0.62110056706101524,-0.77873890221070341,-0.088316520425984882,0.0095956955603689748,-0.10512278221435183,0.994412954102181,23.314556350184315,11.961949764811902,-5.5491456584232042,,0.5660212601983315,0.5,0,4
0.99516675872317317,-0.083847012552411643,0.051115563368213393,0.078251546662607294,0.9915910257577204,0.1030724651963941,-0.059328052195600549,-0.098574419211009373,0.99335958549756209,0.35126504476822962,18.604755704407317,-3.3378094650532817,,0.1020755310966654,0.3157894736842105,0,2
0.80971460803154582,0.57802485618677102,0.10123990898150019,-0.58471618856157581,0.80931776833272484,0.055782870981699033,-0.049691371226234148,-0.10436481922180441,0.99329691036187961,-12.322104147694329,8.813304471730115,-2.1552370366343037,,0.09015750931462341,0.3783783783783784,0,4
0.97587088076694006,-0.21685609914467532,-0.025484433187983699,0.21731633730437525,0.95328563685822565,0.20980968543043671,-0.021204565823637955,-0.21028534619312544,0.97741006725154489,-6.7946522562702683,-19.928330869375117,-2.1833776079090219,,0.4397359812822271,0.25,0,2
-0.99654046088888504,0.049246984034338373,0.066946578515197835,-0.055248049207868709,-0.99432061493427604,-0.090962452558454074,0.062086736668106823,-0.094346432260291199,0.99360152367519061,1.223984754509257,5.0045737689306495,-3.1979428221266519,,0.07444249396939145,0.1568627450980392,0,9
-0.27729367871999844,0.93838130775739248,0.20627345198414795,-0.96030795726967122,-0.27745922349579744,-0.028722926411841879,0.030279414566355804,-0.20605072324220416,0.97807272557048808,-9.301980972295457,-23.564239024148105,-1.957080982140105,,0.2170166072012232,0.2631578947368421,0,3
0.97050455978612749,0.21775217196909638,0.10346444334686425,-0.23395406077136882,0.9542569144417673,0.18616991886087386,-0.058192756275347979,-0.20488468181593955,0.9770546915471312,-16.875810207055643,-4.6801036036248416,-1.6654836900050687,,0.08291766385596495,0.2857142857142857,0,2
-0.95394357504950944,-0.29278443681556637,0.065337042941601906,0.2896326844526626,-0.95563587926457483,-0.053600133945421534,0.078131707510494183,-0.032207760257652929,0.99642264951208337,-12.650538642640894,3.0778776282269198,-2.0685052654115674,,0.1115590665611227,0.2384615384615385,1,4
-0.87177112345084917,-0.48990598638458888,0.0026893905980015327,0.48653793744413304,-0.86639499187484903,-0.11243021605329136,0.057410310440323978,-0.096704925204066136,0.99365598357601748,16.475630188649003,-4.9514633053672767,-4.3534264204283346,,0.220383806810588,0.4,0,4
-0.88478281486599375,-0.46518893970321684,-0.027543073459657636,0.46594123927528364,-0.88215076022384165,-0.06862068040400772,0.0076244383675155587,-0.073547852547120776,0.99726254382950008,-5.3544145127444462,-16.610367390681155,-2.3796604531494605,,0.1830602458890215,0.34375,0,3
0.97105932331567979,-0.23684784925332528,-0.030771527517644708,0.23859835018107134,0.95622301886876138,0.16943543158496527,-0.010705974620082569,-0.17187389123885791,0.98506078371735406,15.035839084187328,-13.590652878789538,-4.0151273661113729,,0.4293641341632926,0.5517241379310345,0,4
-0.28697920205276467,0.94634333560379047,0.14858407972407575,-0.95764190498119883,-0.28726724548357224,-0.019987783675563052,0.023768033430187401,-0.14802641936685862,0.98869775955864714,-16.313282388823438,-22.569418759825137,-1.4731060221919734,,0.1446403991989478,0.3103448275862069,0,5
0.71898331731898646,0.66898489181771792,0.18847335073326066,-0.69453080100345532,0.70179727764515876,0.15845361323536597,-0.026267011144875667,-0.24482605173771979,0.96921114754011939,-4.5372924905755108,22.830224061921712,-2.9474614711690776,,0.4590585973794654,0.1666666666666667,0,3
0.55969045950989349,-0.82658861415347706,-0.059142645235392886,0.82824920373619237,0.55560017104052639,0.072881454774870569,-0.027383316891276065,-0.089775903735763121,0.99558547652346729,-5.5715628537951352,19.248558507876481,-2.8439694722716826,,0.1981659041648413,0.475,0,5
-0.79953209870296638,0.57648521809590436,0.16856220353492155,-0.59842952987965226,-0.78856206990837763,-0.14160494225073406,0.051288604110942555,-0.21409029688132303,0.97546646475910115,-1.6259462550819102,-15.512883011022835,-2.6720994893824801,,0.2851840530187516,0.4418604651162791,0,5
0.55346024503454705,-0.82391423375653072,-0.12184864619555111,0.83165763810768867,0.53879559993073456,0.13433121183262131,-0.04502588303898062,-0.17568334271828162,0.98341651041046263,-5.5601267761732194,-6.4376072146042693,-2.5409964977761645,,0.4059342126124262,0.2175438596491228,0,4
0.8304977188149546,0.55128435544804033,0.079743955767158661,-0.55488257646226347,0.83132149208724149,0.031778973118108809,-0.048773613581076132,-0.07064089631424493,0.99630868629464586,-10.804697135255594,-19.667653041307293,-1.8862719257888496,,0.3702674150738443,0.9340659340659341,1,5
0.33723228966285057,-0.91910792313263157,-0.20375232132069546,0.94044195080556503,0.31902625680531604,0.11743587456059287,-0.042933902382315328,-0.23122039941062528,0.97195360327672875,11.306431386456817,13.519459426142616,-4.3022384533494309,,0.7468033398224151,0.4680851063829787,0,4
-0.55111452388947557,-0.82608155311172848,-0.11773720383375963,0.83315817647326451,-0.53698333574020052,-0.13227376955795855,0.04604600453700506,-0.17099170958219667,0.98419591582181276,12.895025604210849,-2.1092549499582929,-4.0992395103691308,0.34729453176966,0.3504778856484279,0.2058823529411765,1,3
-0.97413002127638215,-0.2205460054840202,0.049296664320390218,0.21835258958685386,-0.97477447319876687,-0.046226323894301223,0.058248161076463474,-0.03426639556633352,0.99771386973726162,-4.4646065825860406,3.4508266164145902,-2.7201017596062189,,0.07216676462044661,0.3684210526315789,0,5
0.6892705141084059,0.70655607640244267,0.16026437308247821,-0.72392103160109011,0.68052707515127586,0.11323091446978056,-0.029060254409543029,-0.19406548092032019,0.9805580506674848,-2.3848049197237993,-12.864068001224624,-2.6698190747981618,,0.2930276893469754,0.4333333333333333,1,5
0.72386164554368182,-0.68931152333952095,0.029562508387175425,0.68814523709298037,0.72440318180011054,0.041184497861704715,-0.049804124096687295,-0.0094685790499077632,0.99871412087430533,-10.83300902274927,-17.542012724597907,-1.9376535095904033,,0.09885875604590036,0.28125,1,5
-0.98472872649041421,0.13740291600148166,0.10691012065683106,-0.16397938555483715,-0.93830625208195628,-0.30445383626581402,0.058481589732380351,-0.31733549435605668,0.94650836641002378,12.909483573217516,3.813744011456738,-4.2736255521209765,,0.4387472522770686,0.175,0,1
-0.97746384647183548,0.19928914576223813,0.06962948529064851,-0.20364387339202869,-0.97706197347142776,-0.062282203124238524,0.055620155253061118,-0.075058219919439326,0.99562676839875575,-11.740447586280235,-9.5363406812198743,-1.9837561746285943,,0.09047644326868426,0.2957746478873239,0,4
-0.04179797089517432,0.98943033744788811,0.13885437323615471,-0.99912282669807784,-0.041747034620039813,-0.0032805900805232039,0.002550842976233422,-0.1388696958958015,0.99030737690977488,-15.76250118915531,-9.6498491490911906,-1.6808208509768747,,0.1417164607847031,0.4645669291338583,0,2
0.023717919496572738,-0.99148984889456193,-0.12800523361875732,0.99943714390312499,0.026554648660855891,-0.020499902957379586,0.023724579691062363,-0.12744697004455235,0.99156160380732017,2.8139519163153919,16.550082611581608,-3.5118456016125275,,0.3717870458717995,0.7027027027027027,1,5
0.26417113934947145,-0.96431944307283313,0.017367234854802918,0.96435241288908813,0.26438256019461376,0.011237687481578468,-0.015428314548076237,0.013779462131778795,0.99978602387389037,3.9703855067443903,-11.407439008341033,-3.1584844889604833,0.5050222676652042,0.4749247022281168,0.9396984924623115,1,5
-0.1318717894872912,0.97887307065990603,0.15626049620510768,-0.99124586039985085,-0.13124441051180954,-0.014371810935541265,0.0064401380093053184,-0.15678780643358245,0.98761131442291938,6.9288515605614407,10.686372544448965,-3.8183685004002967,,0.09197801681229947,0.3428571428571429,0,5
-0.14357879941532578,0.98542542498773056,0.091224230038973411,-0.98961525881456114,-0.14360107515914278,-0.0063537968590224331,0.0068387045440736613,-0.09118916054492511,0.99581010695778216,-6.735204944577263,14.458421412247015,-2.7169704140662767,,0.1137199926252785,0.4883720930232558,1,5
0.2863672244155534,-0.95598732080376536,-0.063890963703574,0.95803440306147114,0.28481330002726046,0.032426326930946783,-0.012802161191885984,-0.070495578513982124,0.99742993642601119,-16.192459818900545,-25.724293146872796,-1.4610888897569743,,0.3359450758854154,0.8648648648648649,0,5
0.79163955244962747,0.58439160883381269,0.1783066642668841,-0.60910891163563963,0.77772243696940746,0.15535168103504407,-0.047886874646420309,-0.2315907134558626,0.97163397875825863,-22.178888124399268,-9.2764682735221129,-1.2502457199324184,,0.08412441435010716,0.5384615384615384,0,2
0.97666160813094327,-0.20996770417415475,0.045229043842594269,0.20890575318615587,0.97756014106481259,0.027102709958023403,-0.049904804265777217,-0.017021568822482829,0.99860892080234109,-14.118416623603457,-16.750797155856695,-1.7110915912451587,,0.1334834145050858,0.4615384615384616,1,5
-0.14064463652326889,0.98720549528692614,0.075129197337206813,-0.99001804045409947,-0.14093296020121732,-0.0014765853673696881,0.0091304869893463446,-0.074586934540960118,0.99717271493112969,-19.051293377005678,-7.3560254758434107,-1.4972612764494526,,0.06488910723602312,0.1875,0,3
-0.42449028985908194,-0.90539148669564684,-0.0086168227555299664,0.90504160615362705,-0.42400820682788226,-0.033417535418809971,0.026602348509414838,-0.02198400240291273,0.99940433193584532,14.239186009112684,-2.8098549155178207,-4.1904374129355411,,0.08901221440891657,0.2608695652173913,0,5
-0.99393922250138855,-0.095006411670758226,0.055304644604062814,0.092439562439441028,-0.99459610641485741,-0.047260050787210489,0.059495792030529002,-0.041861280986747774,0.99735043183667804,-11.883000080849227,4.0215524882023654,-2.1494926604667,,0.08280753946093104,0.3305785123966942,0,3
0.053593356037370941,-0.97316212306105621,-0.22379283819628587,0.99856128527448562,0.051834094974497161,0.013732667226038282,-0.0017640123633038693,-0.22420684386849601,0.97453998349113891,2.2154543257465527,8.7951183049480814,-3.3959294089942555,,0.09316669003537553,0.2083333333333333,0,5
0.98707296702780156,0.1323654804196579,0.09036778937324326,-0.14887971369522704,0.96604018751545628,0.21118993099844885,-0.059344659515081104,-0.22191380240619449,0.97325868898698475,2.3647667163646116,-10.150278859777405,-3.0449398899468649,,0.07697275850483012,0.2380952380952381,0,4
0.86878182023285666,-0.49155216441429067,-0.05995513733209925,0.49348568275171339,0.84936245370474872,0.18723061489971024,-0.041109971441974084,-0.19224955629669094,0.98048461403112586,-24.122114266513602,-8.8675127220739611,-1.1350386400487351,,0.3295119440012859,0.2777777777777778,0,3
0.34981817402770993,0.92879502267228176,0.12233989937512313,-0.9366316989243878,0.34935520589445529,0.025922975995398407,-0.018662949657924022,-0.12365575592603462,0.99214966025112716,-10.229813805245406,8.9367921864685602,-2.3478338352951376,,0.0911765079999297,0.2972972972972973,0,5
0.96853367596704065,0.24056871941674057,0.063790357860412081,-0.2428640380288429,0.96956629557776286,0.030955734718089534,-0.054401999504564501,-0.04547405543605644,0.99748309897065524,4.5263569081232706,21.458304581060432,-3.7312280385925467,,0.2064883519580241,0.3636363636363636,0,4
0.65146235473611613,-0.73982547635146501,-0.16809242964216009,0.75773465171341514,0.62341663825193916,0.19284681159770761,-0.03788136685001918,-0.25300189661735834,0.96672387078916955,-15.076380141316021,-7.2152767503458595,-1.7648480778671312,,0.3626032454595038,0.328,0,1
-0.98263723914465106,-0.17791283467730709,0.052641043903626637,0.17598000743219649,-0.98360669643807486,-0.039356113963916896,0.058780041088301462,-0.029409011871566745,0.99783767056089645,-4.2390874677547599,19.389829611679943,-2.9432429119480354,,0.06329522336196824,0.25,0,1
0.81988509688209144,-0.57077934018231402,0.04471434592709967,0.57068359922750134,0.82101151867313127,0.016134304409708655,-0.045920120681357895,0.01228946813670166,0.99886951674857338,6.1855219596295736,4.5187387090811502,-3.6199681049217398,0.4998786971703835,0.397611990318152,0.9107142857142857,1,5
-0.21512748916301974,-0.97560728776051264,-0.043710221630541293,0.97648510227142504,-0.21424641445504797,-0.023985806951608041,0.014035969805426618,-0.04784238666425418,0.9987562753694661,4.3967100964123755,-5.6871676646901133,-3.2619053990433162,,0.07473490692599127,0.2307692307692308,0,1
0.61861162111590218,-0.77833675033474392,-0.10729196288029903,0.78504564654166364,0.60674970884098167,0.1247322078188545,-0.031984294057206299,-0.16138988165227564,0.9863722983913974,-3.0893215778953294,23.248640170154097,-3.0739416505670247,,0.2562499164673698,0.5882352941176471,1,5
-0.85840268921019092,0.50449463271850081,0.092897732560801957,-0.51028751657950688,-0.85830221749968894,-0.054073596683005674,0.052454490559268083,-0.093821474052278156,0.99420624491441711,-10.25750697644269,-8.9930161808522406,-2.0956571010491754,,0.08481835853662037,0.4285714285714285,0,5
0.5501300147049778,-0.83074819549591483,-0.084937639483225927,0.83461442577867251,0.5435801559581851,0.089103166782171173,-0.027851879700248154,-0.11990850565642439,0.99239418734110185,-18.671240406152595,5.1755996049476396,-1.6651972753553101,,0.5386578822767411,0.625,0,3
-0.032696008424440946,-0.99925059864743948,-0.02071743555183525,0.99938482957868557,-0.032423248394761295,-0.013367698811484264,0.012685954480914698,-0.02114176119123394,0.99969600003833292,22.9163226976335,4.9185198967834758,-5.3705132981364798,0.1757956249895836,0.1653138213008379,0.1578947368421053,1,5
-0.36978846490210748,0.90274338593461401,0.2197973393302384,-0.92911207671787988,-0.35860555737158273,-0.090292874133038048,-0.0026907475413156037,-0.23760562571943766,0.9713579806148418,-19.666069578895407,20.77130227287152,-1.7829578404724518,,0.2077659886205437,0.3333333333333333,0,3
-0.36494088580156442,0.90345741882239583,0.22490629658847727,-0.9308222643113554,-0.35916478530776119,-0.067605985364542862,0.019699292694169562,-0.2340199764327916,0.97203219519609785,-11.073432289684034,17.096081564241523,-2.4063382621937159,,0.105289867685463,0.25,0,2
-0.65581282807554342,0.74711856609579552,0.10827457100593775,-0.7538925033006999,-0.65563944429489607,-0.042225733287691414,0.039441450259357788,-0.10931956494444033,0.99322384421730248,-8.9215368309991963,-7.4408816622543252,-2.2583994653801822,,0.1028181735463893,0.4264705882352941,0,5
0.71631246117015979,0.69156073524436634,0.09295271615515209,-0.69641893984453895,0.71685914621678737,0.033371016034081706,-0.043555920357132606,-0.088638106667563291,0.99511113341587787,4.1737210530070215,6.7393930409838489,-3.5088210217920808,,0.08654294920621655,0.2765957446808511,0,1
-0.10189481301038469,0.98929695658566064,0.1044460567562366,-0.99479516001085433,-0.10135185869782354,-0.010506681563346488,0.00019157389146959322,-0.10497300809658007,0.9944750529151537,-2.602180870411035,-19.828976779702256,-2.5218325305598785,0.4039576021142223,0.3227743005225394,0.855072463768116,1,5
-0.19783613553268053,-0.96784539995982544,-0.1553581193697319,0.98001310584153534,-0.19191842327520864,-0.052360588101973082,0.020860869021245218,-0.16261180948554382,0.98646957558736437,-7.8546188297903212,-16.18516728181951,-2.1930136393271589,,0.5257455780351156,0.26,0,3
-0.68968900877981421,0.69741389896732997,0.19478943681705757,-0.72153868185748504,-0.68454215027090803,-0.10384591992874007,0.060917992019455941,-0.21216950306222204,0.9753323024583207,-13.100349143602193,-13.01441270817285,-1.8162275034573774,,0.3675694364267903,0.4857142857142857,0,3
-0.15972088717964097,-0.98710945930234351,-0.010205564873358997,0.98715425901908016,-0.15966955858163009,-0.0056657711600799823,0.0039632182679519472,-0.010979408826676631,0.99993187042056919,13.306522884085528,-5.9269742664314222,-3.989298791945814,0.5777129946391857,0.4901364801903192,0.7464788732394366,1,5
0.98573642293928798,0.14628797965255,0.083207761056479604,-0.15587230296080226,0.98001311860582052,0.12360466225102044,-0.063462821088830959,-0.13481140296602537,0.98883687025200395,-3.9840113485119568,-12.278069159363371,-2.5502828058303781,,0.2286005860759677,0.1875,0,5
-0.26972905677201298,-0.96292216052522683,0.0052104416616990399,0.96264056709418699,-0.26977636761500351,-0.023320593067867618,0.023861569886803772,-0.0012744590555307394,0.99971445985173868,-12.305339902922185,5.1195980869517834,-2.1290751902994929,,0.1152437878684417,0.6076923076923076,1,5
0.99671278539769514,-0.030383101164006675,0.075103199588476055,0.026399240213875814,0.99821987474408602,0.053480480383327852,-0.07659440933187496,-0.051322011160506643,0.99574060258158725,18.488632704298119,-1.8734817699228645,-4.6156276173530841,,0.1185374994205106,0.16,0,5
-0.36268765265640396,0.90645650673386635,0.21631982805657235,-0.9316781151222937,-0.357879568775955,-0.062434798429300088,0.020822017499718407,-0.22418478015372453,0.97432419036718398,5.9653227210409492,14.311886481500441,-3.8067723439249752,,0.1128112823768754,0.5882352941176471,0,5
-0.92076335625756167,0.38313127247757023,0.073520540143759971,-0.38608635342611347,-0.9219469317118264,-0.030841251681423064,0.055965788401830981,-0.0567827716553937,0.99681670700871317,-14.755299170479848,14.994359397731273,-2.051283592637775,,0.07767873981336049,0.4,0,4
0.98702917198013251,-0.15342611469310549,0.047263527062558118,0.15231300306612594,0.98798134180429986,0.026336616023208772,-0.050736207556275108,-0.018796158563751095,0.99853519801059276,-7.8953363054573673,-6.8875823088965369,-2.3510957110026669,,0.2021087215625236,0.7593457943925234,1,5
0.99450024504874934,0.085063842533286652,0.061101598108814666,-0.09021766970822849,0.99209423587939294,0.087234163074457791,-0.053198070175485508,-0.092266840350996748,0.99431222234328809,-8.2802521709451771,-30.877205213795374,-1.8955149485803482,,0.2237095987613364,0.5769230769230769,0,2
0.99732278577041666,-0.029597286110406216,0.066867493134068229,0.024569664685259181,0.99689600582089977,0.074797628007777353,-0.068873743621134978,-0.072954466849087907,0.99495429704402794,-18.469118596791041,-20.815903504146629,-1.3463635136233059,,0.1728437426750843,0.4615384615384616,1,3
-0.9593852777348395,0.27002362359492538,0.081652504960415609,-0.28007494427248164,-0.94634048606594368,-0.16123805389311469,0.033732987659128882,-0.17755823589216777,0.98353198138670106,-2.3703461192963564,5.9661451722864127,-2.9317632773266675,,0.6424151369860324,0.2282282282282282,0,3
0.83926689409684341,-0.54276594596876249,0.032190190581474154,0.54147609542734865,0.83971049130787911,0.041108744425394535,-0.049342867304101291,-0.017070989547002976,0.99863600113459539,-13.862133420747593,-21.937075244715032,-1.6564929394885117,,0.1073420128507894,0.2222222222222222,0,1
0.76770023288104705,0.6350651211104541,0.085607501910463832,-0.63871606421865179,0.76912249191393545,0.022189676453983377,-0.051750765631252207,-0.071713906469120306,0.99608181083459058,-6.6188952521308417,1.1615487775058009,-2.4928841065275891,,0.2387433129433093,0.8259109311740891,1,5
0.99810825851176888,0.011675131549818279,0.06036220335524952,-0.014507056884529893,0.99880397555615641,0.046692223268628714,-0.059744870835537617,-0.047479571570443829,0.99708386843451324,-5.0756315619114156,-19.000353130573437,-2.3520847173244244,0.1273261030429157,0.1183932429570037,0.40625,1,4
-0.9238335768921565,0.3650696498353273,0.11513328352721458,-0.37715931602516622,-0.91950462518928633,-0.11073434241887496,0.065439839104899283,-0.14572369410848576,0.98715866629093796,-4.7409787065372386,-17.846250939631563,-2.406322028456064,,0.1668742790593412,0.35,0,3
0.94241616161365294,-0.33443782625970475,0.001765983033361482,0.32976250961459697,0.93009589562677553,0.16179713282660382,-0.055753614968658119,-0.15189787788152426,0.98682246078664893,3.6673040804226367,-14.214851245892641,-3.1212335312266921,,0.1979761483971722,0.6666666666666666,0,1
0.99875957739996313,-0.040611291239996537,0.028810233870427693,0.034291076588195225,0.98052181283470885,0.1933936312854164,-0.036103027826916233,-0.1921658075182919,0.98069815631649515,-4.9669192540489959,-9.22357525038211,-2.5125714250530713,,0.7558400487985679,0.6275510204081632,1,5
0.94470293718337506,-0.32683807348931243,0.026706444819517696,0.31662350347871976,0.9303069009818522,0.18514488118876538,-0.085357586200432128,-0.16645102493927694,0.98234827773794098,29.465651438815023,5.1187290695755614,-6.2311923340762272,,0.3396804147965226,0.5909090909090909,0,4
0.58019110462685319,0.80893259757393587,0.094901710701945086,-0.81410277936766506,0.57951960019689985,0.037332259688732522,-0.024798119640681928,-0.098919591436221893,0.9947863929971984,9.5701993937452734,-12.384909438258385,-3.5812626712741085,0.1696046162978044,0.1365153976342847,0.4444444444444444,1,5
0.93623694920048928,0.33483478886464374,0.10651778779964441,-0.34557360405669363,0.93229745778833528,0.10677234838980797,-0.063555166045162301,-0.13677395354151486,0.98856139237863994,-21.410724858051328,-17.772265605444851,-1.1775337831360009,,0.1908802681446065,0.5217391304347826,0,2
0.97344740344387237,-0.22437581742869422,0.045339224536695942,0.22150962510732108,0.97326974240265118,0.060658837017298531,-0.057737671525596293,-0.049005112760634115,0.9971283067941259,-20.658007972264883,-23.317871369734018,-1.1617573703779898,,0.336886749057794,0.6756756756756757,1,1
0.62139260261345275,-0.78348642436365024,-0.0045006949621583343,0.78266917154632998,0.62045957920323325,0.049587079828602505,-0.036058304567203769,-0.034335599788111543,0.99875966341203903,-4.9690312453841425,-14.728871934611997,-2.4173441973526022,,0.0778128866221182,0.2142857142857143,0,1
-0.39931982382164916,-0.9113675412601614,-0.099764137045603857,0.91421599071396087,-0.40400731355382474,0.031419944587964439,-0.068940558642473712,-0.078659362649518227,0.99451490890867689,4.9239252758245611,-23.729253499336519,-3.1904617808886,,0.5366011779294931,0.25,0,2
0.36506469988970364,0.92118636851537938,0.13469758481832245,-0.93063132111880165,0.35711573037436933,0.079960610752139255,0.025555998260976185,-0.15454458767821433,0.98765523406310984,-17.113972492272271,-13.168458220825837,-1.5246237279919941,,0.1727993142352721,0.2903225806451613,0,3
-0.57673540003151769,0.80591668688630491,0.13369581948844858,-0.81652324287908373,-0.57384573740848499,-0.063173281506796436,0.025808374391087199,-0.14560001186921057,0.98900685758743656,-16.032007184614361,17.501632909073134,-2.0216135740525569,,0.08878961204091192,0.4285714285714285,0,3
-0.55838735238784976,-0.82925980519986486,-0.023059492040603698,0.82887012839965646,-0.5565437669023231,-0.056862516378632155,0.034320182692186875,-0.050864634099301219,0.99811568170123444,5.2943078956963294,7.8823241255767655,-3.6530424541573883,,0.1961699981454684,0.2368421052631579,0,2
-0.16092478467113905,-0.9838807868499384,-0.077985966340714141,0.98668448865107672,-0.15848641181647513,-0.036548284842147165,0.023599439271127228,-0.082829068189169533,0.99628430276151747,0.32071482828604941,17.197308381590901,-3.2992133929134364,,0.7184487698169292,0.7,0,3
0.91423546192508232,0.39413888946466741,0.093957735020546052,-0.40126182618799744,0.91289247321596412,0.07494183871452656,-0.05623581601529274,-0.10621613887352244,0.99275156249682917,-4.3546230387251557,-14.233372494042927,-2.4763655219950049,0.8594217951687371,0.3955012659600386,0.7603305785123967,1,5
-0.14665641645416125,0.96505249985706876,0.21717635237853833,-0.98910018555457768,-0.14598246786381769,-0.019233876683858148,0.01314223910618122,-0.21762994186465451,0.97594287228057763,8.341075711910154,16.198360434782639,-4.013943882812816,0.4503683625286168,0.2795185649244988,0.5833333333333334,1,5
0.93866090810636482,-0.34045448232314124,0.054831059254925561,0.34018196391032601,0.94024756614128524,0.014517086329678248,-0.056497177124603289,0.0050259159833497555,0.99839010869773759,-10.038225366753334,3.8051515513000811,-2.2708269305418352,,0.1088796533770373,0.3975409836065574,0,5
0.99435863802159008,0.083170679002525685,0.06582960691139414,-0.086943208784099404,0.99459955581978587,0.056679820125068121,-0.060759998668320755,-0.06208350600074395,0.99621978541107192,2.7773788392166292,18.346120728489609,-3.5368778693850711,,0.09636045578406632,0.1666666666666667,0,4
0.76022287281425061,-0.64850230646949336,-0.038806470514522011,0.64859667471506322,0.75420059361346536,0.10248813658984,-0.0371959298661758,-0.10308357336085457,0.9939769814762045,6.3826621188257828,-14.2528853296888,-3.3504011729833283,,0.3150615120362162,0.2,0,5
