axis_00,axis_01,axis_02,axis_10,axis_11,axis_12,axis_20,axis_21,axis_22,location_x,location_y,location_z,dbh,dbh_approximation,score,reconstructed,number_clusters
0.0087518785138773272,0.99577039095070097,-0.091458914974789959,-0.9984612327129172,0.0036935160597282341,-0.055331046515652932,-0.054759212849338441,0.091802431585465416,0.99427045725150442,22.341211593028714,-20.003686909085605,-3.627725952375811,,0.433604862122007,0.9545454545454546,1,5
0.63827081016338527,-0.74590982785739979,-0.19033891246700069,0.76089567773756028,0.64881263058563277,0.008940804933042246,0.11682525623201102,-0.15053471060953424,0.98167772736679182,4.2663461328963477,-27.886988315821405,-6.6416864809147214,,0.2617809956794309,0.8309859154929577,1,4
-0.16627204709052737,-0.87436911033537723,-0.45588624156432528,0.98579058377202655,-0.13619338189699776,-0.098327451273108032,0.02388579709225553,-0.465757470813705,0.88458998811793466,2.9427198904957681,12.270567716588813,-4.3279377174124916,,0.7921764772743078,0.4897959183673469,1,1
0.28934363275261271,-0.87463267828237479,-0.38897035910994782,0.95035227566176339,0.31108728763965182,0.0074331429094872193,0.11450246429675455,-0.37180959851731238,0.92122028208261131,-10.504486626064104,12.405218083524572,-6.0132819325716369,,0.1437017015504571,0.25,0,3
-0.68138364275467833,0.72230621736392653,-0.11827958295403347,-0.71645581770203304,-0.69126464199957827,-0.094043904651523652,-0.1496909906015553,0.020662116992458741,0.98851691146591592,8.04845215717231,-30.645261077553613,-6.2289558897415285,,0.1738356210583889,0.3809523809523809,1,5
-0.06640205568024396,-0.97616141321874472,-0.2066389661806777,0.99730593532487199,-0.058461099372962698,-0.044307688112617087,0.031171114308252833,-0.20902438901450249,0.97741350841386121,-4.2272956747386283,-30.288488203447471,-7.9435776973209631,,0.4369410413314518,0.9428571428571428,1,3
0.91016478382286625,-0.35862090194464707,-0.2073429887338418,0.37646704416685534,0.92492350172349713,0.05281174694908005,0.17283700687336909,-0.12612519434256844,0.97684174993040851,-0.67889779378830184,-26.022631345088833,-7.2876574235031377,,0.0875542698437376,0.2083333333333333,0,3
0.5643600208264703,-0.78953490978075025,-0.24110660117518434,0.81140168589197248,0.58431717084807133,-0.014168556163943916,0.15206929678410089,-0.18763813602146365,0.97039520757574838,-9.2177566612556436,16.85001474949733,-5.3967338984959516,,0.5017264331047444,0.5,0,2
0.89116593064353244,-0.38542865494579831,-0.23930740900966815,0.41985584912335816,0.90050910439743836,0.11315661206588033,0.17188469977619195,-0.2013159329114243,0.96432750927205813,-4.3959054623944738,-26.131636419534818,-7.787983054025978,,0.1065034655929767,0.3076923076923077,0,4
-0.88745062085464854,0.45597111514793681,-0.067243867344505978,-0.42928543256187007,-0.87083349773527252,-0.23950581749159786,-0.16776594688692498,-0.18368277375109943,0.96856348562819317,-1.405860068011368,21.527359270099478,-4.2651693109240689,,0.4210993368038873,0.375,0,4
0.95538054394578376,-0.22804294494865493,-0.18773500341972366,0.23885562048345726,0.97035623049572661,0.036834474362841506,0.17376998824112727,-0.080032500881010576,0.98152880242477336,-3.3879333497943667,-30.77254226065341,-7.8558154105671916,,0.4474874665094386,0.35,0,1
0.8665634779831658,0.47874169934911753,-0.14097561466451392,-0.48599335594773285,0.87372798505855853,-0.020245150040702535,0.11348214220915376,0.086056919709163793,0.9898060466423666,15.664923391928097,-17.700419416120621,-4.4967573175904274,,0.1956166614516384,0.36,0,3
-0.80765757153049655,0.58939793422952136,-0.017300932790844169,-0.56900941142519124,-0.7867432268451664,-0.23929769059230716,-0.15465295619230118,-0.18342619807221386,0.97079209566299729,8.9797901133056079,-20.941738943462244,-5.5224210038572981,,0.6030432075895503,0.2166666666666667,0,2
-0.94825293911554864,-0.25320269251729011,-0.19158486360023017,0.29610653885938465,-0.92300798301016407,-0.24571768545268544,-0.1146179789711893,-0.28973204828169025,0.95022000562767373,-2.8597479210897374,-28.418697733711173,-7.5932739717427067,,0.5605118438309822,0.3538461538461539,0,4
-0.97617337816517347,-0.13146522129653654,-0.17263380709191151,0.15000805320895394,-0.98370387722245045,-0.099117434944507254,-0.15679004985666115,-0.12265226262475414,0.97998637885379536,-20.340080338604885,1.3184033510907358,-8.0085434136562696,,0.06872618787556341,0.391304347826087,0,1
-0.98493488786278682,-0.026160680597760066,-0.17093532537594694,0.053995481403577551,-0.9855929313559697,-0.1602843150440538,-0.1642795016388679,-0.16709934904663018,0.97215742186616882,2.6332157520302224,8.355229786062651,-4.6183729243712719,,0.07442112342221419,0.3461538461538461,0,5
0.54845455616879524,0.83478221758493498,-0.048334759973206159,-0.83448351422787892,0.55010705651278902,0.031929466903217518,0.053243443723885328,0.022822698762691732,0.99832072007026251,18.133991987235419,16.550198921913225,-2.1690895132267576,,0.1700807950023161,0.2222222222222222,0,5
-0.72658721746463384,0.67496744987631141,-0.12841322760709808,-0.6686931344173791,-0.73763036373853574,-0.093546450889484045,-0.15786230519051764,0.017899388213760511,0.98729889319370279,-1.3349596099262728,12.145227162082547,-4.8706157587428685,,0.0705855213764998,0.2592592592592592,0,4
-0.96334593591111006,-0.18920979747362257,-0.1901690308739537,0.22404449336033641,-0.95735302263027189,-0.18242602625610346,-0.147542105036014,-0.21834569517321176,0.9646535567968787,7.0540212849850406,11.29344032944082,-3.8806628941470023,,0.1104938622239767,0.2758620689655172,0,4
0.9687735132197216,-0.14410947941651583,-0.20176803023824089,0.16006805731516124,0.98495937621587193,0.065063386261333914,0.18935706248056633,-0.09532830191890615,0.97726987968625578,7.2309485713696136,-25.320984049387206,-6.0737298438007619,,0.4519568121575843,0.2413793103448276,1,5
-0.70331107292672923,0.70799473439637062,-0.064007739888754633,-0.69185714230799145,-0.70239968933238095,-0.16723746907674611,-0.1633622641128411,-0.073335751804889923,0.9838366928363359,-8.4913658266562759,10.80232298542634,-5.7956698626941812,,0.3809266857226977,0.8185483870967742,1,5
0.54041122960229393,0.83057593004172103,-0.13453374058230774,-0.84069204065519387,0.53957155524507117,-0.045819532400725359,0.034533978901123544,0.13786283475159486,0.98984910117427061,9.77348425315291,-27.571430257924501,-5.7787267003254659,,0.3049742563403143,0.8505747126436781,1,5
-0.93887817901647608,-0.28147555968077281,-0.198189995380951,0.30799552554283033,-0.94399624044667241,-0.1183632302201325,-0.1537742540619251,-0.17217028583627303,0.97299068416031309,-4.8006740772986065,7.1781078004114693,-4.8206175263986113,,0.1387037726433923,0.7914691943127962,1,6
0.95895804976214594,-0.22313287166370441,-0.17496051091457926,0.22419222450924103,0.97444516812761728,-0.01394491958878984,0.17360099442681712,-0.025852193250257009,0.98447669288722695,-30.34065788185891,9.9012236921349039,-8.5494518397495192,,0.1258240659276863,0.125,0,1
-0.74580032505167937,0.65005616897209029,-0.14563259365313716,-0.64614856519761943,-0.75908139112836648,-0.079293589499296643,-0.16209227879781371,0.034963106611892621,0.9861560091233933,6.3235386522001598,12.953165700118941,-3.8731116584592411,,0.0885477226705447,0.28,1,5
-0.063275125764703913,-0.96561923628344071,-0.25214231889717631,0.99711786486246845,-0.050571491946751944,-0.056555174603133737,0.041859551258610718,-0.25499414644588225,0.96603610866611134,-27.07723913063419,0.98395999618627406,-8.8225027468617476,,0.178934610500454,0.3333333333333333,0,1
0.98404071058950093,-0.057414334548997914,-0.16842646493590455,0.0556974036444388,0.99833644404923949,-0.014904486250372436,0.16900200924775477,0.0052857044388469479,0.98560153317596144,-1.5691643081842153,13.813722440339077,-4.766159671833754,,0.08629184310328727,0.3333333333333333,0,2
0.86850094974835412,-0.43641891640510266,-0.23504176158717599,0.4727677625760307,0.87181858536687762,0.1281522410172761,0.1489857139294255,-0.22242051077338237,0.96350006405409572,12.270129016002079,-32.068798136015388,-5.7573766008744389,,0.3376351240526435,0.3684210526315789,0,5
-0.97157747263120831,-0.13668618360769699,-0.19327209288025954,0.17004928714129219,-0.97098614890938317,-0.16813428730887275,-0.16468289109161008,-0.19622126754479785,0.96663165660184147,9.0318164493491278,14.446780068824365,-3.5408627585840993,,0.09723834583834209,0.4,0,5
0.98310223597159208,0.12559280491345101,-0.13317823013401209,-0.086553933109004375,0.95997658065624003,0.26637075900878376,0.16130223275273681,-0.25034258915639046,0.95462567415896371,-15.341722311166084,16.313291006934772,-6.0220947003045797,,0.3115695078678746,0.2105263157894737,0,1
-0.58242196653611222,0.80552284078697933,-0.1091677876787913,-0.80140932460540726,-0.59148483848522271,-0.088818805878111945,-0.13611666808922304,0.035758059407407547,0.99004727859618047,-6.299835029358877,6.3108157092605772,-5.5609286388317383,,0.1210312154939486,0.2307692307692308,0,4
0.72581778930375551,-0.61963139535520484,-0.29873980421157942,0.66348772062902339,0.74524810313106504,0.066251863023271143,0.18158353808843369,-0.24629697251430721,0.95203215283181153,-0.17293043013902257,10.912305277994003,-4.8621487501205314,,0.429390357173119,0.1785714285714286,0,2
-0.35791805682004052,0.93351487348582063,0.021086620945967003,-0.92816693740748857,-0.35321965267766359,-0.1172263335000886,-0.10198431695986179,-0.061529325878180482,0.99288133286471203,9.1190057582034907,-29.917211810459204,-6.0113979285177255,,0.2208164705849819,0.35,0,2
0.96901808267222855,-0.17302404467738147,-0.17625729890622424,0.17752608754617269,0.9840654925214728,0.0099797128726319406,0.17172199537271624,-0.040960790909735444,0.98429353849004919,12.090302714616071,-24.942034865983519,-5.4358317980652684,,0.3372076383263521,0.6666666666666666,1,5
0.94684283281430714,0.28524993944017757,-0.14873171147255168,-0.27660164181824431,0.95794671429467027,0.076351976500270161,0.16425645098939368,-0.031153886136742002,0.98592558222563031,7.0490013476286935,-34.478464836157393,-6.5861301278362898,,0.5612368547356978,0.8837209302325582,0,5
0.69448466719585089,-0.69362518254359784,-0.19124631544484211,0.70359722216235587,0.71028577928417991,-0.021096462074980501,0.15047257555875024,-0.11990920685262385,0.98131533469965193,16.431618174069051,-21.823256932544794,-4.6331296129264761,,0.418598994833097,0.5833333333333334,1,5
-0.9109876556414177,0.38365126702249419,-0.15137105595518821,-0.37132302507528148,-0.92268018176101729,-0.10382915406761925,-0.17950125993400612,-0.038379519245171814,0.98300880473402341,10.368460317166363,16.103138882886505,-3.1725224522566986,,0.4551811579934608,0.8690476190476191,1,5
0.53761111104773474,0.8299733816738134,-0.14872282605892662,-0.84150712847999387,0.53927221242012169,-0.032422733210840479,0.053292081920061192,0.14258213992096122,0.98834725040351257,-10.194618722700735,9.3179416616749329,-6.131273319187355,,0.0756416562556141,0.3469387755102041,0,5
0.92059606001582206,-0.2918267968737227,-0.25949954703191708,0.3256249427023003,0.94045085404333761,0.09757349957484536,0.21557200878933888,-0.17432530440409871,0.96080143488181224,8.6947401506565232,-24.881407864575532,-5.7804306435087502,,0.164362094198783,0.1904761904761905,0,4
-0.17856256277334351,-0.91937390002445973,-0.35052395514377116,0.98343202753148051,-0.15544668663563055,-0.093261861654842862,0.031254734059638842,-0.36136956093149414,0.93189869730086083,-11.596939763841462,16.038113445747399,-5.3339265262430517,,0.2829148901786316,0.1333333333333333,0,3
-0.90652362315914381,0.39540332278475154,-0.14788892110363988,-0.38579745302078172,-0.91817887572320334,-0.090043752800260293,-0.17139208236408909,-0.024571619939562604,0.98489643597509724,-13.9151245135831,3.6515425670985477,-7.0421087758058194,,0.07892733990104144,0.3679245283018868,0,4
-0.95776709530826187,-0.22181263212707447,-0.18297908999017679,0.24416082888726431,-0.96346818560292002,-0.11006609363514377,-0.15188048189895287,-0.15009400907389775,0.97693608166464263,16.893434004786009,16.042147721155775,-2.2855346570840811,,0.2348659086616598,0.4333333333333333,1,5
0.77920554695070843,-0.5343008653843796,-0.32766034372616826,0.60510955113548093,0.77753694421073083,0.17111029049141205,0.16334364611414859,-0.33160049100829436,0.92917165671214563,1.72652691646735,-28.258783958251986,-7.0451480383525835,,0.5478125441933317,0.3333333333333333,0,1
0.98558467756284507,0.0050853979445016941,-0.169106422353171,-0.0040221074032493719,0.99996993469629991,0.0066296572697406688,0.16913505256267763,-0.0058539244292658277,0.98557549967691283,16.394613641560994,-20.162826646288995,-4.533690659958947,,0.1988381056905735,0.5675675675675675,1,5
0.4231335033268635,0.90562747311272684,-0.028229741511254281,-0.90593601252732736,0.42339724205016033,0.0038362260626433856,0.015426586415054896,0.023951103685942821,0.99959410015455941,8.967950815517014,-22.593074415084519,-5.6240216860828713,,0.2393398112293483,0.3571428571428572,1,5
0.32271355457044626,0.9367132546222624,-0.1357359212274917,-0.94644852812262792,0.32080810978984498,-0.03629518298035192,0.0095470053429389141,0.14018001037250266,0.99008000655550377,2.2614621611326613,15.779250338104307,-4.5243848638745945,,0.08769011864725761,0.3529411764705883,0,3
0.98409529220909353,-0.037146821387351529,-0.17371404523732306,0.067068563675630494,0.98321151677561203,0.16969655578793513,0.16449396225511259,-0.17864833315935555,0.97006520886020664,10.196318049728362,-25.488621298639288,-5.6176484208321087,,0.1724786850660537,0.25,0,3
-0.8640117102387247,-0.4200131213062801,-0.27761978045685159,0.48744630193577204,-0.83585941104710526,-0.25245820979545636,-0.12601534549210533,-0.35345158493709217,0.92692616200318922,0.26148637614740378,-31.407341053162401,-7.460993791698761,,0.4837178155449772,0.2142857142857143,0,4
-0.55032871299883057,0.83446976010378116,0.028258222190870739,-0.82420127716592495,-0.5375214587706808,-0.17822159262866347,-0.13353112883185181,-0.12137092252008835,0.98358453464840201,-19.951862830773209,9.5829134898701067,-6.9854975994557416,,0.4020878514753272,0.4210526315789473,0,4
0.9552522098977192,0.25786608701792157,-0.14490789023235234,-0.25629998690189609,0.96614087801731197,0.029700514103750519,0.1476601916550758,0.0087684086358272347,0.98899928352369537,11.936255558329064,-29.233308616293623,-5.6739037234471521,,0.144425275286983,0.391304347826087,0,1
0.51099007972128918,-0.80597315694901372,-0.29882504698246337,0.84986863093498244,0.52582839335763476,0.035040132585752524,0.12888928806975741,-0.27186719371150619,0.95366439610813891,15.159962573940016,-21.173630453456319,-4.7707310923311619,,0.3606522706699283,0.5416666666666666,0,5
-0.55591700142643075,0.8226734853036991,-0.11901522635070717,-0.81879327715944905,-0.5666347998396114,-0.092209396968057231,-0.14329639494256302,0.046188095749747402,0.98860143789470412,2.6263893807997127,21.507926568308438,-3.9555178494518439,,0.7043593503222813,0.8378378378378378,1,5
-0.42989052947143741,0.89772906853300871,-0.096315378738935281,-0.89502334588062316,-0.43776074055009467,-0.085432689069744022,-0.11885849990397059,0.049477808600320382,0.99167767114959704,-20.33743455559118,6.2846628062603314,-7.5423695503187158,,0.1642474809501412,0.3023255813953488,1,4
0.36166400718477515,0.93065740305537858,-0.055461194048351786,-0.93215397305574255,0.36204673085472111,-0.0033369437816828688,0.016973992560502343,0.052905224842420419,0.99845526728087708,4.326005855842574,-30.782798118633252,-6.8044671016510057,,0.4245049563076687,0.7083333333333334,1,3
0.30989753719797036,0.94478630603523972,-0.10650048059478218,-0.95038824882252027,0.31099735143815554,-0.0065439971359799636,0.026938688511060224,0.10324477384710265,0.9942911161901048,-5.6236567014232861,14.27883956346065,-5.1621592846549733,,0.2805237490855975,0.36,1,4
-0.93127294356056245,-0.30852870539138277,-0.1937543355426195,0.33660500348058797,-0.93212050440017247,-0.13359804230826428,-0.13938355793951482,-0.18963492090404832,0.97191091183803258,-23.0957880262056,-2.0412147086409269,-8.4803320507726987,,0.4125384308105342,0.25,0,1
-0.51430071534555222,-0.78651925892017693,-0.34188043164637194,0.85401555223348735,-0.50615093709754189,-0.12028576565251822,-0.078436029593458537,-0.35383426095127674,0.93201346827107512,21.307295349058155,-22.770343064287058,-3.929938846275812,,0.2842302488028456,0.196078431372549,0,4
-0.98013407122584784,0.1547494475555754,-0.12405567662743325,-0.10936866041373693,-0.94349043212454553,-0.31283270386700912,-0.16545603204945644,-0.2930501884842992,0.94167185817978361,-20.785344292166616,0.3587091431709768,-7.8502788049268961,,0.315453369902727,0.4390243902439024,0,2
-0.43308544990537856,-0.81273556234526634,-0.38974080974358005,0.90104481775350054,-0.40167655654219248,-0.16362817704774874,-0.02356330791333416,-0.42203891956042655,0.90627143886169692,-21.712274948937239,6.6114411552005707,-7.9010062839422286,,0.3563096117014516,0.1627906976744186,0,2
0.81451157368908256,0.56984318082814178,-0.10885607741509379,-0.57143351444161317,0.82042685834228102,0.019065903690147212,0.10017302480928601,0.046674611667169075,0.99387466298637339,-2.5766610116890063,12.221728902092318,-5.0155334689904407,0.8310142028599009,0.4219602413970649,0.6408450704225352,1,4
0.070151807334673119,0.99563146367318434,-0.061617468883999285,-0.99410689167050925,0.064659566379615716,-0.087009358167943127,-0.08264509580656472,0.067358214195388053,0.99430008504451539,4.0201461160460852,13.608302520838517,-4.0694175981545175,,0.5482134545706768,0.6363636363636364,0,3
-0.076953258417042744,0.99660606787184425,-0.029232541798837827,-0.99488742013572717,-0.078677724973998622,-0.063315376083480715,-0.065400437878324627,0.024210763596731234,0.99756534705821942,-28.682641672321232,7.3581752946116881,-8.7891524753298498,,0.5297343346291765,0.5161290322580645,0,1
0.65659189448324107,0.75421347305290742,0.007008649255083421,-0.75087653378006769,0.65275306991071524,0.10048811243410115,0.071214570962271254,-0.071242310375288623,0.99491357317862095,-22.397421921303611,10.539181281707174,-7.3623276598108118,,0.222326122876713,0.2083333333333333,0,1
0.75929385948255723,-0.59344883089542633,-0.2670043446480484,0.62707419292925171,0.77691011637822882,0.056467934540712222,0.17392754673774291,-0.21030728988320443,0.96203952741442555,21.842077352221178,-18.254327732247123,-3.660055395948508,,0.5688059219723506,0.7575757575757576,0,6
-0.68127692166026421,0.72962281057080125,-0.059264747598211848,-0.71056869081277507,-0.67859467503961823,-0.18601452267093108,-0.17593718097586433,-0.084615727277144351,0.98075801656046946,17.511141630268952,-27.039661899830485,-4.7547088651487339,,0.2673204682480102,0.3548387096774194,0,5
0.79306250016553381,-0.57156050872948105,-0.21064295785069392,0.58625898505384344,0.81007160811408685,0.0091865211638583587,0.16538522689415044,-0.13077681212032047,0.97751989858867627,-20.1144101397092,13.203399985724541,-7.1424017450453094,,0.0828742517935404,0.3684210526315789,0,2
-0.80500570064141996,-0.54679439831596033,-0.23017755734455159,0.58699892202907611,-0.79035773413115051,-0.17540501029268529,-0.08601213560608903,-0.27631601124321609,0.95721020390461731,17.746393897493331,14.64575765500566,-2.3762709486546014,,0.1525530392039511,0.2631578947368421,0,5
-0.24223979043927016,0.969444031145277,-0.038705999596106801,-0.96586771337524169,-0.2447350094411323,-0.084878356564738133,-0.091757529321687584,0.016823960016722969,0.99563924700773765,-20.839704877946801,19.100689546828182,-6.9121440519999755,,0.1781925942401327,0.2083333333333333,0,1
0.97635326427683766,-0.13987711986440357,-0.16482928949189721,0.1436024982141017,0.98957601453963684,0.010845918795490636,0.16159401549139518,-0.034259345969950582,0.98626247590135885,-21.433685098381488,11.988397001496708,-7.4679557570969965,,0.1829918096938287,0.6944444444444444,1,4
-0.98725309525200833,0.0057008688580906589,-0.15905604675582555,0.015323243661134956,-0.99131130506057685,-0.13064109101962251,-0.1584188250146743,-0.13141307603643809,0.97858779847676958,-18.306092108397323,10.991951714275849,-7.0465185009075055,,0.1830693077925885,0.8131868131868132,1,4
-0.95109496132242544,-0.25198866015160792,-0.17866194251180367,0.27297831891529034,-0.95634614493457348,-0.10433066888964651,-0.14457251450146286,-0.14799921021335355,0.9783634405613012,0.10420661606464417,14.825582922313304,-4.5648878774694142,,0.08106484997273995,0.3076923076923077,0,4
-0.089050499117397749,-0.9675376306453437,-0.23651837537945658,0.99528410759061681,-0.077268455386978283,-0.058644104389617938,0.038464968276240998,-0.24062526693451317,0.96985562179543106,-10.935389118051861,9.9009946199104135,-6.2141342745675301,,0.08558196436903152,0.42,0,5
0.42730001800356704,-0.86602890838635804,-0.2596317092600291,0.89629401136015474,0.44344196849899803,-0.0040330848808334671,0.11862436433580463,-0.2309830089267749,0.96569928537462368,20.731532439264591,-21.594865916859348,-3.9762151573602269,,0.2391270098344534,0.4444444444444444,1,5
0.39684476441904376,0.91651944258718054,-0.050063402929472658,-0.91784407939507695,0.39571641129656271,-0.031157146049890842,-0.0087452199857085532,0.058314948257325291,0.99825993004685276,-12.830869418623834,11.387754461277563,-6.4312036783418298,,0.3624518616881299,0.2307692307692308,1,5
0.80124106820304319,0.59664542163221101,-0.045022122008715332,-0.59226442492103959,0.80155170764618622,0.08208356073193307,0.085062339479918106,-0.039103718682546668,0.99560800397917593,4.1656822617551974,16.261198467739639,-3.9671459217529308,,0.1217731103841729,0.3157894736842105,1,5
0.13948674880471515,0.97868755725012069,0.15071201740963364,-0.98979976530541014,0.14225701754470782,-0.0077049049727725884,-0.028980536731487681,-0.14809998731625876,0.98854768334546106,-2.0425065819229649,-30.141943193758379,-7.6986077422991706,,0.2768501021749561,0.1428571428571428,0,2
-0.53360879433705521,-0.82092455863185709,-0.2033335280794713,0.84450484143135318,-0.53014981942429806,-0.075846830938338952,-0.045532706982556202,-0.21218868489972503,0.97616737017550703,-18.736397852851599,9.4411322064732932,-6.6460970290525854,,0.1288012368993556,0.4482758620689655,0,1
0.29469446252990206,0.95453894263691053,0.044839499816816918,-0.95518404504103949,0.29287415058916361,0.042990371197677013,0.027903653044905694,-0.055498999146704503,0.99806875877389545,-12.347978464529529,11.456474128795465,-6.3424372053570597,,0.5515390951141332,0.6774193548387096,1,2
0.82157660056032267,-0.53533939373772654,-0.19601944527078638,0.54499020999780656,0.83842396208251158,-0.0055615476631616203,0.16732471550338918,-0.1022594412188249,0.98058423720928889,-16.477269907580954,22.866595565970972,-5.3947267512653605,,0.2000255244807877,0.7368421052631579,0,1
0.98450040989170995,-0.029046923453465403,-0.17296016639950026,0.049903344501072797,0.99181978710691376,0.11748687633434958,0.16813268311265817,-0.12429716867686091,0.97789652557325979,17.577632925248725,-19.605699852011355,-4.405536025039936,,0.08783671850884996,0.1875,0,3
-0.93395955705425537,-0.27301141624340614,-0.2306172421736716,0.32790736325471259,-0.91124833384901649,-0.24920520696954607,-0.14211371119762636,-0.30836867651913324,0.94059154388686517,-18.631508291817113,13.359137276188093,-7.5557377981502087,,0.3648639992752626,0.1304347826086956,0,4
-0.40517264786201607,0.9096588458368714,-0.091410664668938796,-0.90805053009654402,-0.41202788435392751,-0.075347576644607103,-0.10620433237806751,0.05247672537002563,0.99295862606584495,11.657882359265184,20.0975098157354,-2.7914043079114919,,0.2062213088162417,0.2777777777777778,1,5
0.41309109805745964,0.91038862610671334,-0.023415681950602431,-0.90988725834822715,0.41366979763680767,0.03134446711410882,0.038222006766094205,0.0083575103141946255,0.99923432197864315,-0.30104197298412133,-28.795997371031994,-7.4421814697989053,,0.2730854364444639,0.1,0,4
-0.4758459048571847,0.87637170916397822,-0.074453355919368275,-0.86450214282037474,-0.48161822127047083,-0.14380519461844643,-0.16188489703992975,-0.0040640272239162193,0.98680127877556756,-18.812443459883976,1.4456249043809375,-7.8148823160492844,,0.7049461980046382,0.4093023255813953,1,3
-0.74731178009183241,-0.63023895593524626,-0.2105325669762976,0.65685804250558499,-0.74851768727650358,-0.090877851151790867,-0.10031258810194038,-0.20620409854289207,0.97335361221521399,7.7221988354458162,11.565573719773212,-3.855830113737972,,0.2750441811312196,0.3333333333333333,0,4
0.7743038058208418,0.61927203315930812,-0.1302143050440169,-0.62541845777187521,0.78024547506153452,-0.0082916418306935649,0.096464340404154233,0.087858679666474968,0.99145120073438509,-23.77602048384648,15.920817054833627,-7.4468992141856649,,0.08518670171764484,0.2727272727272727,0,2
0.20165766120931777,0.97224933000360536,-0.11859775707461188,-0.97920320759765478,0.19737098441670425,-0.04696565490701516,-0.022254570453096707,0.12560228826706005,0.99183103363225433,-18.711236784856109,9.3902876155269919,-6.5651782671642875,,0.09770677590458664,0.6511627906976745,0,4
-0.13058301778098036,-0.92998124750066247,-0.34363200486032192,0.99072760321348941,-0.13551362827459015,-0.0097402660492905951,-0.037508554998386179,-0.34171762589741883,0.93905387090036785,1.0757026549644542,-29.261958211679154,-7.186194208662763,,0.5667195455754688,0.2857142857142857,0,2
0.05324796108551328,0.99294628262028128,0.10593552034515877,-0.99697210410547699,0.058882393993087485,-0.050788653389705535,-0.056668141629424448,-0.10291036637874085,0.99307511207161936,21.560250228383573,-14.908558369380543,-3.5056706164319347,,0.531134346465075,0.1162790697674419,0,3
0.98312521908109285,0.084393075503882559,-0.16230407392838891,-0.067610910239554137,0.99203418440080371,0.10628707257617805,0.16998108254548489,-0.093519975338056685,0.98099971752770487,12.167446307326555,-23.676826738469565,-5.3830507453627652,,0.3226840185739398,0.4761904761904762,1,5
-0.88016545090396592,0.46381302627861842,-0.1009269819686003,-0.45100552401954136,-0.88346207229419949,-0.12684157095171783,-0.14799593352142915,-0.066122942099626644,0.98677503018125245,23.817577227052034,20.251212526754674,-1.1960917330542225,,0.3907125814809134,0.3125,1,5
-0.30328383493336336,-0.90961625254255718,-0.28393166181063489,0.95286921786722611,-0.29190349009782302,-0.08265957966147594,-0.0076921459433843906,-0.29561905483095352,0.95527493702684374,6.562200372641307,-29.231523848036595,-6.4103444892542543,,0.3411930552969286,0.6818181818181818,1,5
-0.27046747154307027,0.95212017169709839,0.14252903383025423,-0.95791924056397304,-0.25137023687173271,-0.1385775327114363,-0.096114907243562808,-0.17401201873013325,0.98004170418560455,-9.203112040847655,7.1955464898471728,-5.8937693524489516,,0.08083495929731888,0.2727272727272727,0,4
0.49391730597010786,-0.80178754466690216,-0.3364259622565593,0.85579625914793434,0.51670997898199666,0.024971192378951703,0.15381306086166019,-0.30024578404608071,0.94137878214400039,7.3340636882505379,15.584258740440204,-3.626562200380365,,0.3192299350178596,0.5,1,5
0.90206755021694252,0.41016241997890857,-0.13431650711156079,-0.38185539537816698,0.90351678034663041,0.19453504736330399,0.20114818385008704,-0.12419427067745305,0.9716559016774956,-25.762191139447769,2.5238765997577297,-8.7864519911874659,,0.4649666906146802,0.4,0,2
0.25335818576859681,-0.8923526505111693,-0.37351891093991008,0.96284589349782301,0.26992586897033466,0.0082347213060873312,0.093474141228600455,-0.36172748359269169,0.92758601355091286,-22.053080858692834,5.1691408625228661,-8.057692168999619,,0.4881473994408408,0.1764705882352941,0,1
0.2980761626738529,0.95407312962248159,-0.029917629885986202,-0.95450608807522652,0.29764627104161351,-0.018022906601070619,-0.0082902999318102185,0.033928758706831569,0.99938986899990856,1.3245997628471902,8.917137512093344,-4.934858251460831,,0.09511314394776901,0.2424242424242424,0,5
-0.79816459388029637,0.60094263469698317,-0.042440910444400681,-0.57935062939142057,-0.78498393173126868,-0.21943808955485261,-0.16518513643686605,-0.15055954545350855,0.9747028747126818,13.831543051689058,-22.132609833885713,-5.0418805642059477,,0.280335047620036,0.1578947368421053,0,1
-0.45697560738161197,0.88929853901015765,-0.017927709630780251,-0.88113566464934145,-0.45535126248282876,-0.12749575772650917,-0.12154519628997905,-0.04246570698449232,0.99167707898747814,-16.790037229715974,4.5345374386982513,-7.3230579235469255,,0.3710323996453443,0.2075471698113208,1,3
-0.98245144067772072,-0.081252478244393481,-0.16789044490207428,0.099646991283448796,-0.9895514355303231,-0.10420380783845534,-0.15766941313529514,-0.11910495883472608,0.98028279845284971,-16.650251128575189,1.7527307483892898,-7.48677229979711,,0.08800190107742299,0.3205128205128205,0,4
-0.98043667767008824,-0.10013347005336461,-0.16946152735742931,0.12480474790556076,-0.98199357096154649,-0.14181819872788112,-0.15220938203497933,-0.16019336679545526,0.97527964669384304,-15.167740740450606,5.8895987594497328,-6.8059591419973851,,0.1355299058428425,0.25,1,5
-0.10259448898448008,-0.94519561112119588,-0.30996713946359322,0.99466544940291224,-0.094121004038375283,-0.042212324775007436,0.010724485727343046,-0.31264435596382895,0.94980971362154765,-4.6496802637722672,11.820361609225186,-5.3558819128127331,,0.1636495890456589,0.1935483870967742,0,4
-0.98827083007839822,-0.026311735544456306,-0.15042758719328236,0.052485939636146756,-0.98356073148125356,-0.17278169355742568,-0.1434084814669786,-0.17865044097538629,0.97340537669700311,-4.013838478195904,16.238058585543381,-4.9592047989430412,,0.4234446884518482,0.625,0,5
0.78012465377112106,0.62409691773731146,-0.043687090190063969,-0.6182191790240833,0.77972122181342485,0.099196083292472953,0.095971721174916022,-0.050377113102739277,0.99410843232021551,-21.23027858445495,3.7459848790301105,-8.0014858549170764,,0.3945410289614323,0.1081081081081081,1,5
0.46294254982563737,-0.82267089680880767,-0.32999513800165309,0.8776234006599537,0.47764119462984117,0.040448186691579145,0.12434372591729741,-0.30833664189708454,0.94311566262502144,14.121301326486103,-18.64498985356073,-4.8066920726521944,,0.3270429146377902,0.75,0,1
-0.9616641381982215,0.25611862909789418,-0.09800680146035054,-0.22090818962624456,-0.93527232929103443,-0.27652349234482615,-0.16248586726090486,-0.24427222087568465,0.95599656121187648,5.1237270719858055,15.118305264305757,-3.8652293552502641,,0.2435415771984862,0.2,0,2
0.34024956452397881,0.9312955150525144,-0.13007266232500361,-0.94030229420280387,0.3381235791186854,-0.038781964376666103,0.0078631646419109018,0.1355031692878127,0.99074570993508304,17.371079923473644,-22.128850816964508,-4.5083899683642574,,0.07906664466717717,0.3333333333333333,0,1
0.21169219207831694,0.97321309936784206,-0.08968098478449453,-0.9772091390066312,0.20929095165306436,-0.035490790327546852,-0.015770683402955243,0.095150201129553011,0.99533799524081756,17.80202632949181,-15.901223614724941,-4.1025395734498113,,0.3669388296487129,0.2727272727272727,0,1
-0.96164971679811218,0.23132072076925309,-0.14737892089747467,-0.19536591505713574,-0.95482995071731724,-0.22390159545446151,-0.19251488621921892,-0.18652208811815985,0.96340413598242458,-6.1530948640994376,11.77714247283928,-5.5027274926261986,,0.3830466798885065,0.2272727272727273,1,3
-0.59967871103706027,-0.77260855991566235,-0.2084741151173885,0.80002426726003251,-0.58487596935038511,-0.1337208744792581,-0.018617607901663717,-0.24697391283594222,0.96884326444194546,-5.1254173591878542,16.449327740280918,-5.0013453995555466,,0.1491082951208482,0.2666666666666667,0,4
0.93052927816026476,0.35756461861397537,-0.079137892327118195,-0.34180348892105272,0.92555450490547497,0.16284727019688117,0.13147485481236357,-0.12448454508340578,0.98347239950465526,14.082898501398864,-21.344791896076192,-4.9296524241761794,,0.2076887082324142,0.2,0,2
-0.98060941331704077,0.081249334516024604,-0.17833598670686682,-0.046343189618324926,-0.98033674136602678,-0.19181288357104537,-0.19041398921825209,-0.17982886077752527,0.965092790119918,14.611518607478045,23.739384728998363,-2.1857772004575784,,0.4074449783830287,0.4705882352941176,1,4
0.87672284071335271,-0.42702079142277843,-0.22138270994857379,0.44921347605627093,0.89144110316403813,0.059498004328933554,0.17194276228138369,-0.1516113560467939,0.97337027035794599,11.13611485452984,-22.35381605213842,-5.3303305821035591,,0.1593200626286119,0.3157894736842105,0,4
0.98410219568815405,0.078321119426125851,-0.15940097456914365,-0.078222055314103658,0.99691204314147963,0.0069056717209714071,0.15944961117604387,0.0056727851465600406,0.98718976949950654,13.190066286882496,-20.923700728901593,-5.0642416305746094,,0.1071410313600911,0.6071428571428571,0,2
-0.45317599455985652,-0.8482860127959797,-0.27393860343037441,0.89088070710161926,-0.4416842238609146,-0.10605004529230574,-0.031033589363844673,-0.2921059514749404,0.95588233033366377,21.327793352514973,19.107063561307587,-1.5938950930601687,,0.2730345842885968,0.4117647058823529,0,2
-0.46894083769885814,0.87410279059341134,-0.12664439275035014,-0.87179396546747467,-0.48108525507285321,-0.092370228569512977,-0.14166782455021129,0.067091644996225649,0.98763806055604764,-7.7707099024854793,12.844839924921265,-5.6067548157785128,,0.6610571429671347,0.7123287671232876,1,4
0.78677578529642678,-0.54454704062621417,-0.29060692389622161,0.60442460499220696,0.77514558735387862,0.18390273322010756,0.12511898557455892,-0.32034019253138318,0.93900340813958183,-8.6646688795326821,5.361520688760181,-5.7834778660764972,,0.3552068375499854,0.2112676056338028,0,2
-0.49490597501463857,-0.81532219426823727,-0.30052919230656616,0.86865305066768417,-0.47319560983523168,-0.14672352367084546,-0.022582149156713867,-0.33366994825169694,0.9424194459863261,8.4766537828272686,-26.547144747016429,-5.9173880661642881,,0.1444570326551834,0.3333333333333333,0,2
-0.70600434133536205,0.70292822737955651,-0.086312091671192526,-0.69092186082062823,-0.71040030135120869,-0.13400893283759885,-0.15551479754602773,-0.034975977372282641,0.98721417572433134,-13.850028611685614,7.1432668505178416,-6.418428205194787,,0.07626762381862526,0.1081081081081081,0,1
-0.98538192148283288,-0.019928965248310379,-0.1691901449817112,0.04290880040988071,-0.99014972757107733,-0.13327547350621979,-0.16486753368139478,-0.13858698833243221,0.97653076910190617,-7.6684571509598394,6.7022819087351708,-5.9085996993445526,,0.8322195952114941,0.8710691823899371,1,2
-0.94673232592188405,-0.25560858960500044,-0.19586258441745344,0.29475709279722367,-0.93278671886578868,-0.20742997216730005,-0.12967713483984175,-0.25411254598649874,0.95844178470681796,-2.2997624186749919,17.172136288480022,-4.6321567639851828,,0.1206558536757613,0.3333333333333333,0,4
0.95943506305746318,-0.20411452805676325,-0.19447781161892835,0.22825295512610908,0.96726949860003875,0.11086165051192706,0.16548398185963778,-0.1507546898580443,0.97462201659601555,-14.718825141733971,18.836865393592433,-6.0518504208231558,,0.4355273439514076,0.5238095238095238,0,2
0.49117699870654141,-0.84093595331002979,-0.22709442611430522,0.86210611650795133,0.50660115459533739,-0.011327578834407017,0.12457206677747915,-0.19021564760350979,0.9738068635954279,-4.1247783004188507,-28.206531787091166,-7.8576874773719467,,0.1609320813434252,0.1785714285714286,0,2
-0.74094725100299985,-0.61123319477774929,-0.27819265416772621,0.66302961227641755,-0.73164295147641101,-0.15839925757234449,-0.10671881031796399,-0.30181546209011967,0.94737454175613456,11.931378163211262,15.799772010860647,-3.005006476047154,,0.08741875681136128,0.2222222222222222,0,2
0.064319474407778868,-0.96439727828810329,-0.25651685099112959,0.99609477004200597,0.0776233672302932,-0.042069251892487107,0.060483173749974063,-0.25280922152945562,0.96562377932753929,10.473055383737853,-24.064741674018897,-5.5049129174608513,0.1291701996019758,0.140836229272977,0.2727272727272727,1,4
0.87513957868990377,0.48228115665650267,-0.039186780226539701,-0.46644913909792707,0.86239530345397131,0.1967219896588453,0.12866980393728716,-0.15388055924839233,0.97967589285443846,14.640040442888386,31.357253205299727,-1.7284577184254966,,0.4481592696905162,0.3703703703703703,0,2
0.45669664589283843,0.88470097869874409,-0.093447054098654558,-0.88932238573350353,0.45674509726764645,-0.022127140692792972,0.023105580786946252,0.09320994802838066,0.99537833898726424,-11.645628096580563,12.164867186348891,-6.1913478369010502,,0.07631327015232024,0.2941176470588235,0,3
-0.63998990845087866,-0.69984468189079485,-0.31722285275529888,0.76548805905051021,-0.61651263473971263,-0.18422866947731428,-0.066640442166301883,-0.36073479515493279,0.93028461184328404,15.962750636417443,17.246714594100904,-2.4193574739071342,,0.3516580446584089,0.3846153846153846,0,5
0.77470873329041801,-0.57345710884487999,-0.26640818846054182,0.61354775453569399,0.78363041143262202,0.097378289069726343,0.15292328621816764,-0.2388939567950833,0.95892864486312279,-10.008531099506353,15.713723139270515,-5.4379626671007335,,0.1975122968655147,0.1428571428571428,0,2
0.92159360310999372,-0.33302208445789477,-0.19940291364485949,0.34709484952515646,0.93700620971714943,0.03930048835079223,0.17375383777013179,-0.1054308029696292,0.97912917924313247,-2.3913485526737435,10.124825999020032,-5.099072197831485,,0.07943582279480266,0.1481481481481481,0,2
0.44173346105724454,-0.82838317112293069,-0.34446026067270052,0.88683267025555723,0.46123871019760693,0.028047587822217487,0.1356442566044905,-0.31786817081231156,0.93838183147088317,5.3289810899128893,-26.471924107053407,-6.4443993965383406,,0.2519298235145064,0.1666666666666667,0,4
-0.95214206825152503,0.2641646388872626,-0.15376126113970304,-0.25137637629771675,-0.96294146088119248,-0.097742827641850313,-0.17388329219662946,-0.054413109427398125,0.98326182383803773,-25.115161123013387,8.2915466204322446,-8.2123651089318699,,0.07398044614332705,0.3333333333333333,0,1
-0.70083063170653437,0.70994554794737585,-0.069381154584815793,-0.68686702963402535,-0.69787957037262272,-0.20292311070515356,-0.19248404937436386,-0.094559104301096139,0.97673356987984372,17.196243031802684,21.27974580603372,-2.0543193083960625,,0.1825865508889956,0.2142857142857143,0,3
0.26638493435636595,-0.84447962440655699,-0.46464312187970169,0.95912637754427654,0.27999264280759534,0.040996486098347239,0.095475958475148448,-0.45657232059749198,0.88454850484157854,-24.081023470472523,21.147104659646612,-7.1978010102517631,,0.7106059264645441,0.3333333333333333,0,1
0.37740663944588448,0.92030884867102525,-0.102936152832596,-0.92592793149677011,0.37680655894998505,-0.025966956047702206,0.014889398116648335,0.10511156068712335,0.99434896572261799,30.937192941833946,-10.555380307955121,-1.9352802905847581,,0.8156223159703962,0.3142857142857143,0,1
0.53991945928682805,-0.78701803539415816,-0.29847879229141439,0.8355152634432732,0.54407947824417136,0.076757839383807938,0.10198638162391822,-0.29082663790972152,0.95132467887960848,3.5436037971040011,17.177187591217859,-4.015946063045635,,0.3941219402322496,0.3333333333333333,0,2
0.86867132138052428,0.49521853447656533,-0.01298993925683797,-0.48762324033358873,0.85938485578582613,0.15388711815010839,0.087371110200023111,-0.12734312999473968,0.98800304470459877,11.648279217709462,16.775254748262398,-2.94104959668684,,0.346764604307116,0.3125,0,2
-0.62043693332508709,-0.6742775005017575,-0.4005095056091233,0.78168204235347649,-0.57302416893510122,-0.24620415609476301,-0.063491703617554782,-0.46582523990584634,0.88259597180046157,-5.7527879981710948,-30.834443775004647,-8.3466801711658238,,0.6639773577286396,0.1739130434782609,0,1
-0.59212020603758353,0.8056692756922601,-0.017049334518371827,-0.79605355161013036,-0.58808017695187664,-0.14304002392738632,-0.12526932813305672,-0.071124705143565767,0.98957004388134828,-19.105228140249409,3.2978699165902534,-7.7050086663739172,,0.1996940636824078,0.4363636363636363,1,2
