axis_00,axis_01,axis_02,axis_10,axis_11,axis_12,axis_20,axis_21,axis_22,location_x,location_y,location_z,dbh,dbh_approximation,score,reconstructed,number_clusters
-0.57541750641468736,0.81785610112329266,-0.0024680289523167052,-0.81773497747636104,-0.57537977396513373,-0.015736019940477804,-0.014289853856440948,-0.0070365877553078202,0.99987313520742394,-7.2395633420156233,-8.8166140040427319,-1.2650425802804552,0.09217199832878539,0.09213980239261144,0.4269662921348314,1,5
0.44658946317325759,-0.88455523442778505,-0.1346101356846082,0.89464547738357847,0.44363533110607178,0.052888210326273701,0.01293526883105134,-0.14404766655802936,0.98948620434013945,-14.470311564253631,-3.8314664217547976,-1.8245166331944858,,0.09732314000177188,0.2195121951219512,0,5
-0.86177445782366369,-0.50576971034900686,-0.039265556614073452,0.50702326476712456,-0.86125187927527402,-0.03424338519621558,-0.016498267412600989,-0.049418625418881403,0.99864188107353669,7.3447201321118287,-9.5646807272995975,-0.79907860471169467,1.044381654097745,0.7448043656446377,0.8662420382165605,1,5
-0.53334230954761386,-0.81773318112242743,-0.21646807001914206,0.84324093294678437,-0.53423572667976171,-0.05947198787650651,-0.067012758855711826,-0.21425366468357487,0.97447660686144955,2.716275658092735,-11.936917236137198,-0.83855583154763891,,0.2032442311208259,0.1666666666666667,0,2
-0.31012432994035583,0.93309506298723777,0.18208927318183118,-0.95063170240317929,-0.30213448913362667,-0.070810429048239407,-0.011057412223414312,-0.19505987261557611,0.9807290042259974,14.40465609319817,-3.4975811729287805,-0.83956228050945392,,0.4813453238926951,0.3478260869565217,0,5
-0.99820559813103271,0.05495853456590425,-0.023772743599278449,-0.054776413593530256,-0.99846459586728975,-0.008245927079586041,-0.024189426898941591,-0.0069289449369760335,0.99968338055024331,-4.9653153951147235,1.3459498440795348,-1.7610583477375572,0.1869030790152143,0.1634032228268029,0.8225108225108225,1,5
0.19064503081397918,-0.97547726735129892,-0.10999351393050076,0.98164132917299973,0.190114150302643,0.01539190417623653,0.0058968708145308076,-0.11090856926111006,0.99381311934339567,-32.020943256142381,13.327320537538744,-2.8986251163112455,,0.2047237483424958,0.7368421052631579,0,1
-0.51329760518901213,0.85036948844911353,0.11574671322339446,-0.85808867304489889,-0.50626138259875009,-0.085925791711499,-0.014470580474555763,-0.14342644666865326,0.98955518122878539,-17.188638795893464,-10.440361026999851,-1.4653956654386053,,0.2149862896813001,0.3448275862068966,0,2
0.97905415630979165,-0.19837277288358235,-0.045838869870456607,0.2011377235088633,0.97729022360252671,0.066689092305984257,0.03156857922355838,-0.074512158936663908,0.99672030328292371,-13.067480221346727,11.136310219961993,-2.610673011498176,0.3767908969707683,0.4237454498560938,0.8161764705882353,1,4
0.88724466838007976,-0.45959899068459137,-0.039568500007300257,0.460669110666522,0.88724885208410409,0.023946710695965392,0.024101222144085402,-0.039474577099006793,0.99892987183986881,-1.3400018439954,-1.8873381201867305,-1.425700155001657,0.6458405659721622,0.5677530076907463,0.9989077007099946,1,5
0.89157629920371517,0.43718073901211102,0.1181723492828696,-0.45254795941986614,0.85022768734695264,0.26891118253722518,0.017089386271114254,-0.29323349246884811,0.95588810630292909,0.011308233078243794,-10.731894132278363,-0.96859822478638746,,0.122474310218615,0.2222222222222222,0,5
0.68024867358347452,0.73298032342224151,-0.0012599856153595284,-0.73284621265879013,0.68015521532215784,0.018036398247388206,0.014077310808260636,-0.011345860297788347,0.99983653702718445,-14.343561630658213,-7.8388346191056026,-1.5741232753598211,,0.07190376653510683,0.3333333333333333,0,1
-0.086452356518928214,-0.98540548852863974,-0.14663564788262512,0.99619868280646662,-0.087084498012714812,-0.0021153204330572077,-0.010685243421896268,-0.14626111370937442,0.98918830977196071,-8.8421802874181985,-15.168235417230049,-1.0335151926383186,0.783009187554267,0.4210519712959319,0.1481481481481481,1,4
0.8050326347882919,0.58892564528850777,0.071337516408520027,-0.59298371323634846,0.79538981582922708,0.12540078433399468,0.017110603795695609,-0.14325370918989722,0.98953807508406844,-15.389934258573307,-1.2720112123996403,-2.0212494276506074,,0.1079364719124183,0.2,0,1
-0.37713060290694639,0.88830465161507577,0.26208272409691852,-0.92612561142928318,-0.35926083843778328,-0.11499131193145755,-0.0079912580849167084,-0.28608826589708214,0.95816994521338483,-12.479400806545646,-18.680034841914097,-0.91959749055011275,,0.5024487118216432,0.1346153846153846,0,3
-0.91791060761139553,-0.38341201563648913,-0.10215352514741431,0.39377825302743819,-0.91188858967517117,-0.11574924389768752,-0.048772983065810793,-0.14647329546982921,0.98801152312970031,-0.62751566836967898,-6.5018763606466425,-1.1721852311836813,,0.1591981946679318,0.2222222222222222,0,4
0.94576364135135282,0.32446303507395902,0.015964760205660046,-0.32481060204884132,0.94367256386857901,0.06308854886880938,0.0054043958495634016,-0.064852379079703773,0.99788023401268144,-29.928719033985768,11.098727192983999,-2.8196518001296456,0.4727572847093149,0.4193410476514413,0.9397590361445783,1,3
-0.3674633239498804,-0.92945643323068183,-0.032885320095836515,0.93001368980763377,-0.3674796592334445,-0.005765138338619526,-0.0067262413053059914,-0.032702274779774047,0.99944250405019908,-18.707387877909081,-5.5165318125156997,-1.8857107348928808,,0.09096470153557516,0.2608695652173913,0,1
-0.92421396940359701,0.38156063870002016,0.015492506384713394,-0.38150992903073294,-0.92079658029718636,-0.081140814415270116,-0.016694694073653843,-0.080902019182717513,0.99658223468108598,-3.4643242101686491,10.211804799151279,-2.3721854488180192,,0.08712112290804951,0.3214285714285715,0,5
-0.033575497813519199,0.9970898274360086,0.068443859989081104,-0.99942567225819712,-0.033182231275949936,-0.0068749660944974495,-0.0045838387652144394,-0.068635381190607123,0.99763128102069587,-3.0769151869890097,-6.3570249808614943,-1.2557528909355078,,0.07191381801639148,0.2222222222222222,0,5
-0.37209583876161079,0.92738496210456201,0.03875330745386335,-0.92814732247975129,-0.37133244026371076,-0.025588407169402336,-0.0093399437879793448,-0.045490118378810222,0.99892112530465582,-9.5514309774506234,-6.0555040121238575,-1.5223084028999476,0.5483158620800594,0.5225925190719536,0.9720496894409938,1,5
-0.99960490346822517,0.019556732734500645,-0.020188391888216917,-0.016864019626191776,-0.99190384413203969,-0.12586647225584083,-0.022486480478908354,-0.12547628541216163,0.99184175148802745,-27.184488223559434,3.8134650107376817,-2.5546454647711019,,0.2962290231837442,0.4838709677419355,0,5
0.72136513042519035,-0.69114312939739531,-0.04419867977012535,0.69223147378186367,0.72150867933506457,0.015518129718463305,0.021164482333283129,-0.041789954904800843,0.99890222962841457,-6.0721595755873814,-6.587258968815429,-1.3470975771224529,,0.09155616238233945,0.29,0,5
-0.73567725955232233,0.66548066290092811,0.12615251516528578,-0.67700890897761545,-0.71670556786881956,-0.16730829671828512,-0.020926226189293531,-0.20849128588690677,0.97780032561188102,-12.020070556331328,21.323507130720309,-2.8550053545844212,,0.3200796019557704,0.3333333333333333,0,3
-0.56639335606134544,0.82386328682065657,0.021162486589031308,-0.82405143437967565,-0.56578339192823712,-0.028781711467153866,-0.011738811965675201,-0.033740747579802471,0.99936167739532178,-9.1258133279070286,14.256803990924412,-2.6555663021319273,0.2714329923475329,0.247447403591732,0.8050847457627118,1,4
0.90965394892299245,0.41527092050390141,0.0089306098698171132,-0.41489111826725017,0.90737303225155175,0.067376110941295725,0.019875945053133278,-0.064994176096520306,0.99768767852558859,-11.943896817960354,-4.4173789887405395,-1.6725027471503444,,0.09742396296040215,0.36,0,4
-0.90756105773757634,0.41490622701953978,0.064697366705782466,-0.41832593112152705,-0.87990767647130808,-0.2253128852022723,-0.036556009486264293,-0.23154978658438657,0.97213597531578178,-5.4563889920079101,-14.976478920086485,-0.92962352396066483,,0.5055112402978164,0.6551724137931034,0,3
-0.94275687168628308,0.33344313746442078,-0.0050154726773595105,-0.33262154782769332,-0.94130022177282968,-0.05759165226951065,-0.023924606767999616,-0.052626671643817222,0.99832762489209481,4.7830163761525029,12.185001333953075,-1.9780309738463053,0.1543216271348126,0.1040856328856143,0.4878048780487805,1,5
0.97791670213396986,-0.20636438529764034,-0.033055471077375519,0.2078705514892836,0.97679712982253031,0.051548045491635865,0.021650808552135841,-0.057280953651224521,0.99812330642954372,-34.157954407822785,8.7836380297449583,-2.827611452176396,0.2461854176290318,0.3173240666422685,0.5483870967741935,1,3
-0.50436592002897496,0.8550911474576478,0.12014220013337858,-0.86259563492357927,-0.49261175335236246,-0.11516262879032894,-0.0392910845372475,-0.16171824262795706,0.98605447145541225,13.095425442342695,10.065959837296107,-1.5774279104627977,,0.1303366844110231,0.4,0,4
-0.056575219943231329,-0.99733854374035802,-0.045989929965568645,0.99839825183263597,-0.056495847407204876,-0.0030248906226630944,0.00041859994297786557,-0.046087399531810451,0.99893732354862186,-3.7751611963085008,-1.845871151218599,-1.5064733255726948,0.1738500891876381,0.1580050365531586,0.75,1,5
0.83990580979031337,-0.53942774660499893,-0.059799137728965744,0.54245141038629618,0.83790385119272059,0.060527708748328843,0.017455602263829632,-0.083275700831979355,0.99637365460982896,-4.6463716092017924,-9.8004687093754193,-1.1477410543910493,,0.2824071401422314,0.7093596059113301,0,7
0.78961989856139425,0.61353256027037628,-0.0088438274502597135,-0.61333669460515583,0.78962305470611294,0.017706793255954395,0.01784698424707179,-0.0085573923986136616,0.99980410890765037,-6.2715953903377732,-8.7105936404017008,-1.2344785971644832,,0.07543772055885986,0.2528735632183908,0,5
0.26180012871822755,0.96147216321639584,0.083856854001951531,-0.96511255702573251,0.26042081237200965,0.027180006526050373,0.0042947496286881949,-0.088047031997039102,0.99610706015073514,-9.4572564770689294,31.604132624818202,-2.8599385054494531,,0.2409865372305299,0.3333333333333333,0,1
0.97831948747595232,0.20621847820392475,-0.019102870780237733,-0.20582493316405948,0.9783698960113002,0.02069887598029729,0.022958164403967179,-0.016318266638788666,0.99960323972119325,-3.5497391130638025,-4.8150175976093612,-1.3455708746094381,0.1524831388096414,0.1290680071329648,0.7572815533980582,1,5
-0.64642833241774855,-0.75713521127175742,-0.094216149889928755,0.7627491108347878,-0.64429386537356503,-0.055670539450704937,-0.018552761744575184,-0.10785029853673583,0.9939940181596606,2.0622992762960366,-10.128244241392263,-0.93333922850483764,,0.2492301205614219,0.5689655172413793,0,5
-0.96345522477030276,-0.26692074982207381,-0.022524279727129559,0.26780984564609794,-0.96160296709989024,-0.059980165385730332,-0.0056494634981845643,-0.063820427600480886,0.99794540761660555,-12.658119651952974,-11.428894993060489,-1.2881772011646797,0.1409050933804506,0.1428798888291632,0.6440677966101694,1,5
0.60777665696558225,-0.78839833212114208,-0.095055800224610715,0.79409855391710193,0.60398375006468952,0.06790520101259763,0.0038758114643774608,-0.11675486956180882,0.99315319992390716,-15.050315340107092,-20.413547697689637,-0.93445716260527323,,0.2926033694446769,0.3125,0,3
-0.69169144659817094,-0.70290572408871699,-0.16579048750228542,0.7221902487459263,-0.67386638190986647,-0.15602994567711376,-0.0020462940225432018,-0.22765685224702081,0.97373927224167722,-14.357082420144591,19.573773296969293,-2.902216093084939,,0.4920089751106159,0.6,0,2
-0.67944219975930875,-0.7298868589252413,-0.074989801669808037,0.73319263716435557,-0.67148287646207905,-0.10742114980854783,0.028050917885335255,-0.12796843277331255,0.9913814736111084,3.9404567908773633,-15.205810228818102,-0.66104851977150181,,0.2267918654222224,0.1666666666666667,0,4
0.79048922643646213,-0.6064599866612711,-0.085633331516969918,0.61209236158864322,0.77728704841248553,0.14549152983952435,-0.021673111745252424,-0.16742499499482827,0.98564656306318066,-2.420948541639627,-15.05035510850967,-0.84944510803213746,,0.1915876794418987,0.3043478260869565,0,3
-0.60307302468339363,-0.7872984970555934,-0.12831213283718107,0.79744279272875052,-0.59901001127449049,-0.072608530613871625,-0.019695665111737572,-0.14610983172578845,0.98907229151810128,-10.392608253691904,15.700169112443515,-2.7443076668660842,0.45417363984484,0.3737746834569028,0.4953271028037383,1,5
0.76896450888627743,0.62408647517315119,0.13859890179664938,-0.63927455632206864,0.7522325478047015,0.15960650256950376,-0.0046503454181110928,-0.21133448731619406,0.97740273621383578,-0.93024915574250544,22.810518732336106,-2.5108386266762599,,0.2773046986158535,0.375,0,2
0.53734136636783147,-0.83926870920270114,-0.083019815364669805,0.84335468777186595,0.53424207548462843,0.057777810577203846,-0.0041384300369162151,-0.10106155814704552,0.99487156701843749,-3.7958976552770092,21.849452575433268,-2.6081722179680065,0.6854676482668622,0.6723283904028268,0.7865168539325843,1,5
0.54031703208224258,0.84134787193770555,0.013829794927254918,-0.84138492017177258,0.53997309251269632,0.022371309076898774,0.01135433614862324,-0.02372378022508486,0.99965407081772806,-7.4006751494024483,-15.965145376038924,-0.94485379556378479,0.1462784242518444,0.1255266600864367,0.5,1,4
0.21675730817484959,-0.91720231308297506,-0.3342995456593289,0.97619429171634808,0.20090640668978332,0.081739345308227102,-0.007808596110150964,-0.34405890865699124,0.93891559428978977,-1.923489669696582,-16.743827744778507,-0.75782028541116409,,0.3708213953051238,0.25,0,2
-0.72288145387468661,0.69065982199433196,0.020770506175286481,-0.69052647919405441,-0.72100945562523233,-0.057606826252364879,-0.024810989014612893,-0.055985490814714906,0.99812325874230223,0.63002148360054311,-9.5923664808056035,-0.99678664542404571,,0.08551882867627975,0.1785714285714286,0,4
-0.69903195157940035,-0.71226406872910619,-0.0635155655611504,0.71486529784512154,-0.69827850165537919,-0.037077487276295035,-0.017942592006168549,-0.071323421983082058,0.99729184939451021,-14.361027317409864,-5.7399512119017411,-1.6898756094254941,0.9268114801175839,0.6488762016056706,0.7328767123287672,1,3
0.96349126789243178,0.2670934881567209,0.018591537841412625,-0.26548318510004748,0.94406829095986311,0.19558563452681302,0.034687968002854057,-0.19338079167383126,0.9805103845892883,0.023785740757380811,-5.5755058554033328,-1.1978786587121493,0.4498517620978673,0.3736395508819155,0.3166666666666667,1,5
0.86476394858435257,0.48999137475127491,0.1099625658947349,-0.50148485432402823,0.85411738467492793,0.1378275519613861,-0.026386627529993007,-0.17433285939666085,0.98433317531320508,3.2620803179730675,-5.9981937785885222,-1.0785436159492738,,0.3734006603241591,0.28125,0,3
-0.10582497849110477,0.99432746433096342,0.010675561086561413,-0.9943673527465422,-0.1057534810421534,-0.0070547175208950912,-0.0058857216371408028,-0.011361994746637624,0.99991812832660787,-3.2093072830924805,-11.103123489385444,-1.0572441843178957,,0.09892504120905431,0.4923076923076923,1,5
0.24215731143143468,0.96848497067865358,0.05828119842511164,-0.97023232350957844,0.24153235796125253,0.017645352784313745,0.0030124636935057502,-0.06081925375442742,0.99814424981324756,-8.0952722557166634,-6.4652286335733899,-1.4289795368961833,,0.1327490820001305,0.3544303797468354,0,4
-0.58325568246152326,-0.79226879145983331,-0.17922882289162631,0.81160763555745896,-0.57743680358552918,-0.088655421547461949,-0.033254394915167858,-0.19717225956939832,0.97980469751635912,-6.6729309341366356,15.031157781405001,-2.6419845535304964,0.5075078375316675,0.4437890652813744,0.4676258992805755,1,5
0.27606772235459226,0.96062607832576397,0.031371170115423085,-0.96111404490412244,0.27568236333424273,0.016094323051408625,0.0068121481182022124,-0.034594395310650998,0.99937821791907488,-12.19194257902921,-13.001168732755021,-1.1899904981792691,0.5708999192334117,0.3288509396938369,0.5,1,3
0.76593064620046358,-0.63489091372517448,-0.10131028022937119,0.64233817735977794,0.76239409105286804,0.078466017063379273,0.027420997740038786,-0.12517498790447332,0.99175567116405061,-1.1564088241887158,-9.7860712512552777,-1.0633165821475434,,0.1446472386665901,0.2093023255813954,0,5
0.11419181024064068,-0.98987060239724678,-0.084358882067503707,0.99345154788389456,0.11410124034149197,0.005910072726235352,0.0037752458279936714,-0.084481343870979039,0.99641790934160446,-7.5810616986818564,-14.775967094235186,-1.0026975053299123,,0.1410705934629921,0.2962962962962963,0,5
0.18767646008878516,0.97850113474366118,0.085516522578443291,-0.98223027732104362,0.18686543749894396,0.017463979562333393,0.0011084414138742213,-0.087274495551077247,0.99618368476096641,8.7738318919781211,-7.4641905325236406,-0.84854843174827355,,0.6424708775612725,0.6904761904761905,0,5
-0.88483776120188085,0.46572097853632416,0.012888231159233973,-0.46532259623118793,-0.88202836767411263,-0.074167648303079439,-0.023173644251862309,-0.071623521061947665,0.99716250102116188,-0.54462443397824201,21.032760840610763,-2.4714969838972527,0.1209185896602055,0.1214145080430508,0.28,1,5
0.87195181326009041,0.47816670622167651,0.10515054167027714,-0.48938121200557788,0.84494085343373837,0.2158262809173554,0.014354953444422291,-0.23964881652071293,0.97075351148055589,-25.517227741981312,-0.62916722797827784,-2.3341117409303109,,0.332505362005543,0.44,0,4
0.94905294806112273,0.31245456112223879,0.040873573496829053,-0.31494946821791503,0.93631156361870049,0.15533025559483493,0.010263247329389465,-0.160289747232358,0.9870166476237584,-3.3774736535132397,-15.890076867670336,-0.83580178077532608,0.3603855940234685,0.16438807334641,0.2666666666666667,1,5
0.97657163657995172,0.21510902955357078,0.0059953341923617435,-0.21410292596400229,0.96844944138955302,0.12753672634154492,0.021628123386232607,-0.12583236816012847,0.99181572855143108,-9.770490452635137,-1.6373942990986659,-1.7747352809059036,,0.09185553741032564,0.3614130434782609,0,5
-0.10520357633743001,0.97545251532163846,0.19345438190566608,-0.99440805670559729,-0.10499097696850157,-0.011380312570305922,0.0092100100332621181,-0.19356984555422976,0.98104326642982409,-4.0955479624529678,8.2334919074589727,-2.2071392534735534,,0.3412335365908346,0.3529411764705883,0,5
-0.9034111114096981,-0.42672994854452423,-0.04183198293986768,0.42834060119287215,-0.90258223149408601,-0.04323938899759025,-0.019305262267649958,-0.056981281192542164,0.99818857959928275,-4.2235838090946274,-7.1125569986861157,-1.2704463778760762,,0.1038784445416937,0.2666666666666667,0,5
0.92355688779336242,-0.37979062868643448,-0.052931591430833952,0.3830047031402129,0.92036153175604529,0.079006634127413336,0.018710221321918095,-0.093240169592448338,0.99546782890882812,-0.093136253590119761,15.163961837179455,-2.345143270029872,,0.07850920795498267,0.3888888888888889,0,2
0.72377276913437782,-0.68536346035081519,-0.080186693880673218,0.68966869178916057,0.72228755402542311,0.051553708555262111,0.022584822899104937,-0.092615422667770453,0.99544578418851515,11.508216603722893,-4.469241273271102,-0.86961546100792741,,0.1143783744559165,0.5428571428571428,0,10
-0.99024101564953004,-0.1357867870728291,-0.031379601365021562,0.13746202696607829,-0.98872205035260563,-0.059438188809214892,-0.022954783113040021,-0.063171636063828765,0.99773865432249098,-5.7756220493327346,-14.108309677419211,-0.97914682766887928,0.1364345178777673,0.08687237320643501,0.5,1,5
0.98921068358408615,0.14316102209787465,0.031098958744549203,-0.14637533890336502,0.97459582265778821,0.16952062593948,-0.0060401692052771102,-0.17224373489297046,0.98503584307683456,-10.288418377971418,-10.995739275521652,-1.24955910062412,0.650690080413349,0.29646524197036,0.3076923076923077,1,5
-0.80800173567196509,0.56660562538172654,0.1615278936805476,-0.58910365218931504,-0.77252583758018378,-0.23698252519594376,-0.0094911605350606228,-0.28663896377990572,0.95799166087961318,-14.174254821890829,-17.751822458775905,-1.0092316931696741,,0.334515231659738,0.1428571428571428,0,2
0.82475022453530966,-0.56135578624448712,-0.068313603175285634,0.56504303815962853,0.82289316585437411,0.059776271358314217,0.022659041380719908,-0.087900619110447872,0.9958715022550384,-12.665087170717525,19.097245806051017,-2.8769911769189136,,0.463945186075742,0.5588235294117647,0,2
0.032937621939776132,-0.99488135852505533,-0.095531123306975926,0.99931551379589523,0.03439274138170996,-0.01362509548947206,0.016840930728400622,-0.095016955326884062,0.99533319107352691,-13.993273823572803,-12.038693892520138,-1.2921218627837752,0.9235335115269188,0.7603458938121772,0.9940652818991098,1,5
0.54504970737522007,-0.83638167746393899,-0.058193694613703911,0.83827693498849998,0.54486004277491351,0.020477159314819658,0.014580698079027779,-0.059943501648850761,0.99809527593992808,-11.6108063133165,-1.1453693986209355,-1.8769865185343466,0.4445845752891781,0.4180198730538651,0.9711014176663032,1,5
0.53171771103958076,0.84036542692775951,0.10517711248819528,-0.84688944365042007,0.52649852817117659,0.074683131074348041,0.0073855264072672268,-0.12878372978800662,0.99164520113878385,-9.2934037794957458,-7.3573302985709867,-1.4543701328990684,,0.07435227208551271,0.1739130434782609,0,5
0.99933500477724047,-0.022351646530299796,-0.028808889674174363,0.025407752812654595,0.99355144512733506,0.1104987419946343,0.026153285145183024,-0.11115723000673539,0.99345864327275646,12.865102055768602,-8.6701456191186939,-0.65535368231062996,,0.2542422283408245,0.1764705882352941,0,5
0.90820256696474955,-0.41510016120583748,-0.053478533315028852,0.41820386253912351,0.90510432522586004,0.076757343719008234,0.016541666058675675,-0.092076145794271161,0.995614562297918,-4.6571313502886165,-14.756394641066318,-0.91586995328548138,,0.2353874839867989,0.4444444444444444,0,5
-0.38308718072646009,-0.90461986030597685,-0.1868344730049796,0.92357438517659285,-0.37860682303391313,-0.060557646898198002,-0.015955156180124195,-0.19575439175702586,0.98052315174049098,-20.122336208286626,-11.199075931725552,-1.5537076316608354,,0.4037042970032417,0.5526315789473685,0,3
0.05310747875538447,0.99733759406903133,0.04997318437765462,-0.9985817993657623,0.053227979829630227,-0.0010826535427222739,-0.00373974272958514,-0.049844815375855764,0.99874997306856717,-5.93696296728048,-16.720150450204468,-0.86733363708893851,,0.1671938916769712,0.4090909090909091,0,5
0.83065219396669443,-0.55129334900489213,-0.078054955007904353,0.55626515940004329,0.8277667489533167,0.073289028953178917,0.024207542129675918,-0.10429694468308184,0.99425154877114108,-14.673744365224289,-0.13004735525656477,-2.0851578740994428,,0.1014108608935089,0.2391304347826087,0,5
-0.92521378363083451,-0.36148352817005081,-0.11536513095925581,0.37926787048866117,-0.89032188608207252,-0.25195797581790608,-0.011633442934508909,-0.27686927967001368,0.96083716881711867,9.8336097634837838,9.6472615700765356,-1.648924852717407,,0.3740332899211736,0.3125,0,4
-0.39559716654321408,-0.91175150443371167,-0.11050826207050654,0.9184156113661246,-0.39323761786196931,-0.043323673634994085,-0.0039555811163712214,-0.1186312356047388,0.99293050276286943,-6.0334139260964017,-17.93720892096556,-0.81982661727855133,,0.1232801132616824,0.3,0,5
0.27580591421250139,-0.95185627009723683,-0.13379364245726563,0.96121292891452514,0.27325068284893872,0.037466913539140875,0.00089608758887229343,-0.13893777527787463,0.99030070767816192,1.3901196262264532,-12.748368932278694,-0.84121115601985641,0.42851539255795,0.1374139763706115,0.65,1,8
-0.99044445505701639,-0.11964257951262991,-0.068596170551814661,0.13048941939912373,-0.97397050740813773,-0.18534821856175021,-0.044635108061807587,-0.19252818979749106,0.98027577918747533,0.40450387963009005,-14.385032845769953,-0.79837311831386082,0.7765335521645311,0.6573190476549182,0.4754098360655737,1,5
-0.61657678415542316,-0.78041483449070148,-0.10385449122406157,0.78719462502999749,-0.61321498806002084,-0.065513363082895987,-0.01255753018867492,-0.12214771600566482,0.99243248833870856,-32.319119077672397,5.8682291281415377,-2.7068621406573872,,0.1257484927715877,0.2666666666666667,0,1
0.98058815470841321,-0.18940811687560061,-0.050709329587231067,0.19444958595757231,0.97262678670472191,0.12722614631189155,0.025223587502104221,-0.13461686018506355,0.99057663589822142,-5.1346654584835392,-5.0976765281150254,-1.3692847540324302,,0.08911805407832583,0.319672131147541,0,3
0.65537215603786891,0.75197743811140805,0.070832687804982281,-0.75518579197732139,0.65070602646739606,0.079221756573543342,0.013481716725273117,-0.1054115728485982,0.99433728866201299,-7.410194983887135,21.045030233760322,-2.7305733535483712,,0.560293201565126,0.3333333333333333,0,1
-0.080553174685816534,-0.9348573575507404,-0.34576423626697356,0.99675029813695137,-0.075610727097874322,-0.027782388515564669,-0.00017091499447826841,-0.34687856517948462,0.9379100339622598,-9.9716830971402004,-21.433562760621502,-0.70912852725568332,,0.3968539044652133,0.2307692307692308,0,1
-0.59069244156377287,-0.80518972784288445,-0.052458952102861577,0.80679399119880946,-0.59040544380829418,-0.02246926093637246,-0.012880032799819542,-0.055595989943814213,0.99837026731430811,1.1129963685324247,-8.1640542461263657,-1.0582121613098454,0.2462453122649447,0.2046525688322361,0.5877192982456141,1,5
0.99972049932930429,-0.0019611547802297412,-0.02356007412330369,0.0073457565482723652,0.97299518505318339,0.23070849512763184,0.022471383613411389,-0.23081707851727737,0.97273763841194572,-9.4725159331416169,15.70211444309685,-2.6977576298664525,,0.2050199763371368,0.125,0,1
-0.76911018866473568,0.61321684932484832,0.18009612265732033,-0.63895712323174669,-0.7314725691575954,-0.23807913651010437,-0.014258764445235139,-0.29818279003673703,0.95440227962971791,6.8186083586358119,12.342308527076987,-1.9004658825981373,,0.554599382239539,0.3181818181818182,0,2
0.99728145009515978,-0.068811971632654872,-0.026355679769697347,0.072285827191423971,0.98301289620665766,0.16870211936621113,0.014299247649708918,-0.17014863634900657,0.98531465688135722,3.48813516430612,31.981754898131655,-2.5366197478551817,,0.2352467387784364,0.25,0,2
0.88063518895712378,-0.46547240670083512,-0.088414379885757094,0.47258760250559706,0.87627504715750981,0.093824302220246097,0.033802691142309313,-0.12440852193172573,0.99165513044722409,12.373780766041403,-7.1182593999365942,-0.72547245884111622,0.3315886288142633,0.146985914844275,0.25,1,5
-0.8191991130496098,0.57345548027909943,0.007850179399262424,-0.57291562372403804,-0.81765196393237338,-0.056682924857754807,-0.026086419294899493,-0.050932092195404427,0.99836136779873952,-12.709405227571262,-10.222118145884483,-1.3438530712584074,,0.08708423617049739,0.35,0,3
-0.035387848027087179,-0.94712830818674743,-0.318897582372966,0.99936778512572622,-0.034631218916158349,-0.0080441736233975557,-0.0034249474323028543,-0.31898063657170789,0.94775504389446308,3.4520895162262706,12.23040111800359,-2.0468553989930882,,0.3664964161375412,0.3170731707317073,0,4
0.029883982543899391,0.98497462878165776,0.17009388067697348,-0.99775275086123816,0.019185427805370636,0.064197877758989705,0.05996995694636769,-0.17163012560841853,0.98333448238505838,1.8149662580714312,-15.767666565861598,-0.69372701355919997,,0.429287047115453,0.5526315789473685,0,2
-0.49414822987048124,0.86937645749364623,0.0014498522921120344,-0.86925900286069913,-0.49405254217834588,-0.017345648236308568,-0.014363595005911792,-0.0098316185296645157,0.9998485017319344,-2.3774189400336314,9.9022960750710869,-2.2582335124111368,0.4278936630107552,0.3693920612309133,0.9037267080745341,1,5
-0.55507707552635177,0.83118489610812196,0.031954791610056821,-0.83172239503758183,-0.55409521135573636,-0.034876271956589364,-0.011282633471873384,-0.045936534853768647,0.99888064199260918,-8.2340614907191831,-9.8048671662630387,-1.2450416237993438,,0.09557042376896362,0.375,0,5
0.74284196078976206,-0.66847029689632387,-0.036514154205773156,0.66923044219858763,0.74292358485604737,0.013970050083064437,0.017788662813856906,-0.034813922961671739,0.99923548487997282,-17.270987030731014,-16.739562618477834,-1.1186452240645264,,0.3118633639162122,0.6538461538461539,0,1
0.35963144428852872,-0.92099924662607235,-0.14975183469044467,0.93260829799625033,0.35996470386219959,0.025829720903191716,0.030116221334765689,-0.14894898350645594,0.98838616619462527,-5.8133689565499669,1.7394158944014311,-1.8483336262612409,0.3058035897266549,0.2258765031933819,0.6572199730094467,1,5
0.96901611357105566,0.24586286053012213,0.023647948147637318,-0.2463474027740756,0.95508399567421576,0.16470433617073654,0.017908902426310006,-0.16542676633157413,0.98605945875234335,-8.2383376203703236,10.492288905043251,-2.4862485908880081,0.1107470219315888,0.08578489308298254,0.1935483870967742,1,4
-0.99923588304727184,-0.018550291270539795,-0.034402568574433877,0.025223145946539863,-0.97842966047842239,-0.20503461269902781,-0.029857041703759645,-0.20574568328365705,0.97814992249186561,-16.532546082514564,-3.7080675503759082,-1.9120058752572127,0.1003109931937252,0.1291964743876975,0.1538461538461539,1,4
-0.68740140807476091,-0.72351058962080217,-0.063338226083424209,0.72581323498963468,-0.68746290931020682,-0.024287779573842642,-0.025970215453807472,-0.062667176650183842,0.99769653346094045,6.3291122819773458,3.0050878185275773,-1.4369360524016603,,0.1183935280044801,0.4680851063829787,1,5
0.99630435927694294,-0.080650286788191833,-0.029549195026983947,0.082020657451055135,0.99544775790610762,0.048542486864604689,0.025499714450499068,-0.050786735676612058,0.99838393018029747,-4.2447433222105371,17.38478152551178,-2.5924403481119871,,0.09841654140024049,0.3684210526315789,0,5
0.82889457763616958,-0.55531211631733191,-0.067544301288288602,0.5588777002361871,0.82729537297483979,0.056904147767383881,0.02427952520267954,-0.084916543297450658,0.99609220724305725,-13.321671102703318,-0.78818937173248482,-1.9952543661383619,0.3084129422203652,0.2410770487765743,0.7966963151207116,1,5
0.25352594780879034,-0.92493631237222462,-0.2832267851791645,0.96699839467382553,0.24998218306615683,0.049224108399464568,0.025272484759085622,-0.28635943533389757,0.95778889913662757,-10.082044958368867,-13.986887755294726,-1.1079691381547512,,0.1773415784619122,0.1818181818181818,0,2
0.90788824175598204,0.41029569492746942,0.086002227908442364,-0.41899640614651995,0.89470298596355813,0.15475328282202333,-0.013451844391432462,-0.17653331026148444,0.98420274245228079,-7.5547482680470734,-20.846898210787707,-0.71649872264389058,,0.3046240949117533,0.3157894736842105,0,3
0.98854971220749832,0.14866382550408722,-0.025856014406009296,-0.145436324779253,0.98436699540474426,0.099347339131659926,0.040221162702949592,-0.09444937979853367,0.99471683042285786,4.7673905380038137,-3.6703083350511849,-1.1489512862018518,0.7647942144821129,0.5672098634377497,0.9242144177449169,1,7
0.51931605967997096,-0.85074928900919822,-0.080848484270354459,0.85456208305272052,0.51762464149535914,0.042289203414081197,0.0058716579485904663,-0.091051511613734579,0.99582887378594831,-13.747623544047364,16.945739975019368,-2.9071897803133644,0.2004018844317644,0.1597538266662384,0.5714285714285714,1,5
0.079005106598629166,-0.98839791241009134,-0.12972185580969708,0.99676708831519767,0.080232561922801177,-0.0042553095006006561,0.014613855856044725,-0.12896628532557067,0.99154129135721891,16.376673517585985,10.738998093914326,-1.490706896832853,0.3087971614625149,0.3168113977729066,0.4782608695652174,1,5
0.81502747145744603,-0.57484464600301077,-0.072690121277624004,0.57910828475675302,0.81227995734358971,0.06953319656098246,0.019073942848133046,-0.098766916827296283,0.99492777669771426,-4.9192058059264951,4.8985400723234767,-1.9726569007184214,0.2307652047941521,0.1750366491753849,0.643646408839779,1,5
-0.93334854793738531,-0.35601669506267014,-0.045963038409439827,0.35807436636955825,-0.93239918847020042,-0.049137577159956924,-0.02536210188871154,-0.062320672146286858,0.99773388115820794,-8.1106350397018048,-14.092139736089317,-1.056532485558195,,0.07663442692811485,0.2962962962962963,0,6
0.98045515507254399,0.19657330373375032,-0.0081624231006640607,-0.19567100715925528,0.9785993167946978,0.063688571394210095,0.020507214558741788,-0.06084663859369209,0.99793644122403535,-14.19770439780879,-1.1102619854656632,-1.9892168431190915,0.2784449275116463,0.1015236528822112,0.25,1,5
0.99142221255217089,-0.12969974253664959,-0.016123685809529841,0.13023083328422877,0.99075405395504779,0.038030706458515098,0.011042034244332867,-0.039804288180611352,0.99914648181444421,-11.120686089186718,-2.068713476248361,-1.7843488984604237,,0.07200038850168118,0.2584269662921349,0,5
-0.58695454567743133,-0.80699749172678759,-0.065110749153066791,0.80951971156314628,-0.58624604945656567,-0.031518345249881632,-0.012735693908109443,-0.071208270890699685,0.99738016034881904,8.1212335182275392,10.585509808353018,-1.7698947625679782,0.682519202943267,0.5932154106739947,0.7215189873417721,1,6
-0.38010637925266766,-0.88341995203689028,-0.27402249687674368,0.92491614696782509,-0.36528014382017715,-0.10535908887657899,-0.0070186558271030739,-0.29349549378797707,0.95593469107284301,-25.28681812688988,4.2799679091748013,-2.568396613845632,,0.3387578592664149,0.1666666666666667,0,1
-0.98430071005936115,-0.16492254729205774,-0.062870228020385596,0.17514503808592272,-0.9567256498472293,-0.23237953128078367,-0.021824935521485636,-0.23974274612403818,0.97059110230332679,-12.160424202604009,2.736957189436974,-2.1769885529100317,,0.1543408732462384,0.3381642512077295,0,1
0.1882766760491982,0.97784992266597925,0.091440811446550377,-0.98211399400968102,0.18726894492841242,0.019556201976648084,0.0019990063075122164,-0.093487277249567818,0.99561846756990446,0.32346143961170221,-11.670971380987938,-0.91615095924083922,,0.07976768723331676,0.3846153846153846,0,5
0.81736420938408383,-0.55394111682063818,-0.15831926071529098,0.57605049693216992,0.79010786741201477,0.20951224985150463,0.0090318437836582298,-0.26244770326513273,0.96490394799105561,9.750587015809689,-4.1369074997750657,-0.95045431903450128,,0.1506249089516073,0.3214285714285715,0,5
-0.51887100115312679,0.85474596419134685,0.013498920733071662,-0.8548059141598856,-0.51861305820118209,-0.018637193471681284,-0.008929349339979244,-0.021209256512740939,0.99973518201498857,-13.855642809554118,-9.1619910213050275,-1.4447039623550773,0.2571120016990898,0.112351284858219,0.4459459459459459,1,3
-0.69621766178288014,-0.71419619453222627,-0.072144044364492094,0.71778017148862572,-0.69383665388403071,-0.058157743635491671,-0.008520143152471283,-0.092274012824298327,0.99569719981426241,-5.3565764177568829,-10.903522392229032,-1.1154521747375314,0.1243419683678637,0.1339814091915948,0.509090909090909,1,4
-0.94815501538728264,0.30859381288639082,0.075973188982567802,-0.31706042578705945,-0.90210882461660447,-0.29269840270930314,-0.02178883190238072,-0.30161155017188601,0.95318189219437111,-0.86662210435149745,-3.3951706779206021,-1.3380501019915805,,0.1169634507082361,0.2988505747126437,0,4
-0.8861047954240997,0.46115255515915837,0.046439341043927745,-0.46286136328546801,-0.87526375168033299,-0.14025948585385326,-0.024034348419143616,-0.14577957972448921,0.98902510798837617,1.651218180550553,18.628242192261759,-2.3459132811928143,,0.4607343367999977,0.4444444444444444,0,3
0.96193043491547559,0.27290412418109639,-0.014600595476633886,-0.27211654764423748,0.96137152760513256,0.041441168038019512,0.025346062445773459,-0.035890457159565736,0.99903425977459481,-10.242493536900817,-7.6343233267953021,-1.4664730701381359,,0.07471481134866775,0.4074074074074074,0,5
-0.26499141280045457,0.96253008330466772,0.057579422327147418,-0.96403179255741689,-0.26318592045281974,-0.03709277846070972,-0.020548821877476565,-0.065337661489458243,0.9976516104886195,-4.481750091379693,11.58691872966666,-2.4939561528413479,0.3797960685251462,0.1776574410837592,0.3404255319148936,1,5
-0.96690831920567422,-0.25328740413093948,-0.030558029378018343,0.25443067930908686,-0.96616325662524838,-0.042350808417445471,-0.018797118853014712,-0.048724249156909968,0.99863537683526959,-8.7598790341475183,17.157192783290835,-2.7124450012425663,0.311324206653587,0.309791086400136,0.8987341772151899,1,5
-0.35846584538832049,-0.92038302906147118,-0.15619640682701019,0.93352008489215721,-0.35457232858534671,-0.053091570936503539,-0.0065183428091460651,-0.16484399781974809,0.98629811294041636,-20.506751711467977,-6.9957023999711305,-1.8512563588323308,,0.469849460593994,0.2142857142857143,0,1
-0.31999911284720467,-0.93844460298419774,-0.13008572137953808,0.94729688174496807,-0.31912186798245529,-0.028104291694518162,-0.015138877543069215,-0.13222314663182588,0.99110436074185271,6.6059212778306806,6.0469136132324142,-1.650324385502588,,0.1447579898756741,0.2272727272727273,1,6
-0.99066081060074573,-0.11893522803436092,-0.066675106841217385,0.1294428760896206,-0.97402418919853506,-0.18579940981010701,-0.042845071706327703,-0.19269481152473067,0.9803229108012973,-16.911586333643317,-8.1033053889871063,-1.6381600865697352,,0.1362396576132268,0.2142857142857143,0,2
-0.4483963262742498,-0.88367073647833783,-0.13441266337510582,0.89375760956594297,-0.4452360041056132,-0.054426427322021451,-0.0117503160267896,-0.14453695077695314,0.98942963364423875,-7.7862870217518338,8.4129882748323599,-2.3508208686683094,0.8010706663336489,0.3696022151658735,0.7845433255269321,1,8
0.96044861802202153,-0.26616080610408571,-0.08183445138578048,0.27554019943249441,0.95084614172418902,0.14131246677106768,0.040200132291940881,-0.15827204447484153,0.9865768643656021,-1.2589587798377022,21.960216938734874,-2.5128638882893792,,0.4835154540307317,0.75,0,2
0.81166846234068657,0.58399495758501951,0.012008195400554041,-0.5836215985781591,0.80995903832256355,0.057898064843858066,0.0240860315241214,-0.054002275460025867,0.99825027790156895,-2.3133165422739781,-13.191247232842693,-0.92164404368449648,,0.2019388159939811,0.7837837837837838,0,5
-0.6560446176085708,-0.7483499810506844,-0.097866059327354191,0.75448250931661398,-0.65356629910182196,-0.060060268178343042,-0.01901585764909618,-0.11324044568876,0.99338562432626398,6.9340116859162491,-11.166915013924537,-0.74914543982276727,0.2174324147608996,0.1092331292778483,0.1904761904761905,1,5
-0.51110641788668465,0.85644084775512386,0.072658818401665881,-0.8594134716023939,-0.50790054254110839,-0.058698583584008597,-0.013368411400111321,-0.092445190155748397,0.99562802913221804,-9.902036437645382,-8.7167072868265691,-1.3814395135149586,,0.07700582435741189,0.2444444444444444,0,5
0.1873398964042165,-0.9735238512051213,-0.13097738106256143,0.98180765907484335,0.18977520013992541,-0.0062525189987128272,0.030943235080310955,-0.1274232496313028,0.99136563973952863,7.5357472946238095,-7.9790986675522362,-0.85477233298459265,,0.3519473863526715,0.36,0,2
-0.7425869478711874,-0.66628476281718785,-0.068038516216908027,0.66939459180183503,-0.74166111545321112,-0.043007793376941807,-0.021806084421767107,-0.077481640808277547,0.99675528090893417,-29.77375952244962,7.014803015711693,-2.7051174605260488,0.6031422289989766,0.4319448786881198,0.8137254901960784,1,5
0.95314235370697364,-0.29084300164492916,-0.083246633349928129,0.30170930839304039,0.93404176120120541,0.19114780030422329,0.02216183202993206,-0.20730734846193385,0.97802480360917166,-8.7957006114371996,12.590812133257796,-2.6060986145923382,,0.1706601557944939,0.1756756756756757,0,3
-0.78056476515976536,-0.62095852771590521,-0.071618113965510502,0.62446238127519815,-0.77973559640251722,-0.045377682564462077,-0.027665533849732696,-0.080143038123764873,0.99639937358325514,-3.4406940513415196,-8.816175676645182,-1.1708021696731792,,0.06862224426681185,0.2459016393442623,0,5
