axis_00,axis_01,axis_02,axis_10,axis_11,axis_12,axis_20,axis_21,axis_22,location_x,location_y,location_z,dbh,dbh_approximation,score,reconstructed,number_clusters
-0.89692752672739262,0.44214511764687142,0.0053578670864442776,-0.44171802805639704,-0.89537729073172212,-0.056433065944429553,-0.020154292065212392,-0.052983036747193575,0.99839200834561703,-3.184170145772423,11.617601853849344,-3.7849687127974661,,0.08099500189821598,0.2682926829268293,0,5
0.23103719733201297,-0.8980782239049373,-0.37426904386646981,0.97078029717692615,0.18713898923056527,0.15021522333918372,-0.06486469041047635,-0.39803831782570304,0.91507271267393675,-17.982308001153822,-20.627257071458839,-2.9550562601597004,,0.5095471830630754,0.4545454545454545,0,1
-0.96962846970966032,0.24451525342666114,-0.0057377321478016101,-0.2444999922260945,-0.96964389347058066,-0.0032363029300158087,-0.0063548823705839603,-0.0017351359920152064,0.99997830215117511,9.5152983004082472,5.8687761435704857,-2.2199033561435448,,0.3626082420942539,0.6902654867256637,0,4
-0.29700055686819021,-0.93805100086785043,-0.17846845376931639,0.94820689518895884,-0.31178200790040111,0.060791968759948488,-0.11266922000307403,-0.15116976986295932,0.9820658570297004,3.901982355984305,15.164320428644203,-3.3421579426065424,,0.4188328560467305,0.824,0,8
-0.28841086686973982,-0.95208053821493344,-0.10179302836544638,0.95239176889118338,-0.29621839426382141,0.072142785142289459,-0.098838709116259374,-0.076140079144472808,0.99218627178978103,-19.315958724268626,14.693608448385902,-5.0222684355199725,,0.1166385885899482,0.1176470588235294,0,2
0.75448497328148623,0.65629440777552861,0.0054841056704329656,-0.65103962187143261,0.74733420151522012,0.13281190458355632,0.083065250531966964,-0.10377495636316933,0.99112608813706682,0.30348043685560383,-10.811176130427569,-2.0163328894185746,,0.2666152794986939,0.2127659574468085,1,5
-0.58663259398504297,-0.80414517106515004,-0.095983037704493901,0.80314252813795817,-0.59289698230288268,0.058610987641450604,-0.10403979609048984,-0.042704943844218725,0.99365588037343855,-3.5836636611018733,6.0031976153861271,-3.4967828613261118,0.1590906235939201,0.1543032838783317,0.6045197740112994,1,5
0.59173563255000494,-0.74507390357177827,-0.3077561037363159,0.80612845809797906,0.54576837688313606,0.22867835017535454,-0.0024187218154582486,-0.38340808156670292,0.92357587277609166,15.164049590745007,0.25088272463867428,-1.1579046848700396,,0.4357469692114451,0.2285714285714286,0,3
-0.29248074319975476,-0.93056584960240618,-0.22023218295942021,0.95575896838860286,-0.29200461194012423,-0.035469718781682355,-0.031301904128557316,-0.22086309370161825,0.97480238235166272,8.8490753723029201,9.7985073481244385,-2.610600454833671,0.2779889667652615,0.2861962677316985,0.625,1,4
-0.59070246977226737,-0.76345174955128747,-0.261174306377985,0.79976689377185828,-0.59688165062035137,-0.06407191880408683,-0.10697433258242901,-0.246726004425563,0.96316289946651312,16.9517874561955,6.564248541051465,-1.5606235681374128,,0.1330256421540797,0.16,0,5
-0.96014036279182613,-0.26596194236404619,-0.085992609868088751,0.2636918149350439,-0.963898274665552,0.036969485160545504,-0.092720604367336104,0.012820347527155683,0.99560962641742246,4.2225557441951596,16.246947341993753,-3.3732448829689785,,0.1138952151031725,0.4736842105263158,0,2
0.56554761923480978,-0.78913516410055895,-0.23962800996090175,0.82423056702523723,0.53086599469123741,0.19704128517074398,-0.028281845044024149,-0.30894496024448481,0.95065932319650603,15.463690115528323,4.5252960224556054,-1.5655623744760991,,0.4591308835317675,0.2307692307692308,0,3
-0.51984531063267492,-0.84135320033488192,-0.14793797788083521,0.84686723370320438,-0.53029422028207573,0.040049075086799828,-0.11214607212515545,-0.10446450220853995,0.98818542100418683,-2.7424093164487942,20.152924862877455,-4.1341486323878636,,0.5390815343209582,0.8115942028985508,1,5
-0.047245904784708477,0.98916971779842788,0.13896436187618266,-0.99446122591454567,-0.059655421575982109,0.086533813212713098,0.093886605187402217,-0.13410630137011534,0.98650940456703906,-11.414580140016195,15.653265484191815,-4.5716087487435413,,0.2523371663344801,0.3947368421052632,0,4
0.97159861931304004,0.22901779620692872,-0.05955646035079902,-0.22183272674470511,0.96912019588137932,0.10768605889272032,0.082379392410988309,-0.091416054144549092,0.99239948647237686,-9.171202358548479,16.93918288259259,-4.4542874699195947,,0.09175971935759548,0.5,0,3
0.64847459076332203,-0.70529658078150126,-0.28642178386475087,0.76091906954454969,0.58970946191571072,0.27063798722747762,-0.021974410977307325,-0.39344565528800385,0.91908521998626114,-16.692505198312407,-17.458728553450793,-3.1699042543939067,,0.6361573532735055,0.2,0,3
0.34684043513601659,0.92788130712766037,0.13688678693622411,-0.93267108701348056,0.32577997310305185,0.1548936815175736,0.099127977906095469,-0.18139374026696556,0.97840173496790628,11.953885450336932,10.466284188328636,-2.35048636416915,,0.314225231510339,0.2666666666666667,0,1
0.67530700657802911,0.73635868682464534,0.041669307703706075,-0.72295625496902038,0.64972088494106717,0.23494047133809412,0.14592703748034869,-0.18878203306798269,0.97111618446143111,-5.0819726370441689,15.591190946722106,-4.0996006034320143,,0.2999696344268543,0.2592592592592592,1,5
-0.63621383028072698,0.76956474774968731,0.054791068437170257,-0.77119231821524314,-0.63639051295173721,-0.016417166345764008,0.022234443670261964,-0.052699279368745661,0.99836286763315119,5.0383299069833551,7.1230861677704178,-2.785451867014892,,0.4947022705561321,0.4222222222222222,0,1
-0.89944663375750411,-0.41073234217235177,-0.14931408545715874,0.43010741195767466,-0.89250376844858892,-0.13581103594383725,-0.077481399066903128,-0.18637587397160946,0.97941853484603458,-12.635906499869773,8.2885262257068071,-4.3331334577274205,,0.3054309798751767,0.3870967741935484,0,2
0.34454209859555385,-0.93500511857464341,-0.084001015080703997,0.93694912916801187,0.3369223344492292,0.092788306917336055,-0.058455723814488471,-0.11067415591952195,0.99213615979099623,5.779244064851639,8.8178584849943125,-2.8084566618389495,0.2336301017974746,0.2016851101418348,0.7983870967741935,1,5
-0.91937523084717754,0.39305894351317028,-0.015932728235030943,-0.39306576452866493,-0.91950599891618168,-0.0028324393466975426,-0.01576355480839026,0.0036585354264991907,0.99986905415576166,6.1357874954619795,11.174809145758919,-2.8830863693163939,,0.1610334144394128,0.2,0,5
0.95804784152462685,-0.26944339510453019,-0.09769641848372386,0.28397451410919411,0.93849921335929254,0.19641207157513385,0.038766076490277093,-0.21591545419106145,0.9756422028361712,4.8738834175263239,5.6800165598058605,-2.7309055549681127,,0.1035490167226552,0.288135593220339,0,5
0.93286910134004242,0.36016855284079186,-0.0058183596993434568,-0.34378461880040956,0.89502364780697174,0.28415630512546841,0.10755173471998594,-0.26308037443122018,0.9587603146500433,1.7519170677456752,-14.519750744888487,-1.6100419778495128,,0.3912515045849349,0.2142857142857143,1,5
0.91111292090856777,-0.37108802566875965,-0.17935139408078657,0.41138952722294991,0.84533940299750587,0.34082246204013517,0.025137665856983044,-0.38431103411830853,0.9228613800621307,-4.6113772579564998,17.778844054827015,-4.1884273359638877,,0.3223176893854396,0.1875,0,1
-0.54941799303763617,-0.82877897747690088,-0.10613800176580968,0.82931440635783471,-0.55638899174709688,0.051661448585976044,-0.10186993832259114,-0.05963804452689532,0.99300846890203287,-6.7691477378714939,12.053454276387461,-4.0468480508197215,,0.08436945551489591,0.4057971014492754,0,5
-0.93619518205255481,-0.33161463573850303,-0.11649169268923815,0.33580464158696,-0.94176300911332445,-0.017823505672838819,-0.10379703170243999,-0.055804731249566003,0.99303172566636877,-10.895665543619456,-16.674199548379164,-2.5867330009201535,,0.1803124543338708,0.1666666666666667,0,2
0.90314060207750402,0.42796037019347138,0.0344524951629087,-0.41744104257462972,0.85650417702162485,0.30355159482156419,0.10039934687680663,-0.28853165560883598,0.95219192123139451,-4.7966913317257935,-18.329358656244779,-1.8383557809350572,,0.3010158892492142,0.3333333333333333,0,7
-0.53018863634470459,-0.83613055549094517,-0.1406616652302492,0.84146218454749533,-0.53925717693349773,0.033809600741089608,-0.10412205274340321,-0.10043600599445671,0.98948027106778724,-2.3622208899392194,11.87687319254178,-3.7236858740945924,,0.07040962454256873,0.2,0,5
0.39883635634983194,0.91636061968457205,-0.034824927062335684,-0.91155019546661298,0.40031293657750883,0.093945696833176356,0.10002900578516959,-0.0057242903489073205,0.99496805501565311,-3.976716405904646,-25.13808781381417,-1.1904264702172309,,0.4537846059109551,0.8333333333333334,1,5
0.61695736999360318,0.76992774900850647,0.16301798955106331,-0.78470921338486277,0.58604090202105363,0.20195918297334209,0.059958769496098435,-0.2525219247214866,0.9657316519072312,3.1550191953269167,19.23662755271183,-3.5921565747566784,,0.2374763501256272,0.6,0,4
-0.40584906287168843,0.90509503548542847,0.12684445161615648,-0.91086220883892255,-0.41194847771661292,0.025069667250375387,0.074943810119660587,-0.10536331641798415,0.99160576686410606,-16.852629066281963,18.029659529667935,-5.0329880486733378,,0.4696605789145564,0.3703703703703703,0,2
-0.055891545608633304,-0.98364899532748373,-0.17120394014364887,0.99449685316954151,-0.070064764599819751,0.077890550116502172,-0.088612325132328737,-0.16590835648876734,0.98215185846275233,4.2232079329164343,12.963237733657943,-3.1901347424533477,,0.2633881351024102,0.2105263157894737,0,2
0.9974354638915881,0.029775406627027306,-0.06508394987681379,-0.021815804768514243,0.99256374998596619,0.11975505365577907,0.0681657247718713,-0.11802807875243763,0.99066785886710473,4.0483070308444233,14.23551424403608,-3.2916052145165438,,0.1025995151085865,0.25,0,3
0.6366245679141026,-0.75644157723935279,-0.15001766479925824,0.77097339858921177,0.61986481600434018,0.14617670316334813,-0.017583463708338715,-0.20871930936917588,0.97781750429232528,9.8584338592114751,11.169417541455088,-2.6047867526113677,0.7795244082131922,0.4104286689029461,0.4166666666666667,1,4
0.63684992178922539,-0.73068479506581441,-0.2460120065701796,0.76826576239977529,0.57463860879312112,0.28206060981391595,-0.064729401676127715,-0.3686328790869513,0.92731866422212983,-8.2069198052448726,-15.580103922174155,-2.3873705493565813,,0.2364490041696224,0.4444444444444444,0,2
-0.9995009266662287,-0.0058192687581627711,-0.031048892161753629,0.011727281875573464,-0.9809998915766367,-0.19365351426307592,-0.02933203799879544,-0.19392098606842123,0.98057854489535401,15.666188819317661,2.4111348223910096,-1.3157510376482471,,0.3198952205134016,0.2875,0,2
-0.90992543621117217,-0.40621613445694638,-0.083810218009290879,0.40380506291836771,-0.91375135419040032,0.044720620262953696,-0.094747937694716247,0.0068494395439584665,0.99547773128309214,3.7426743351128362,17.254882041323093,-3.4674390485642963,,0.08421487877458915,0.2173913043478261,0,5
0.9937222369833475,-0.057996824697527434,-0.095668615803810642,0.077274916466951782,0.97419141531046105,0.2120841192084581,0.080899338747844551,-0.21814548966322014,0.97255737225613381,4.6020188219429254,-9.3336317459770708,-1.5848459677259978,,0.2523218292640027,0.375,0,4
0.75991893771499996,0.64886663445330606,-0.038669093541815337,-0.64054657027299655,0.7576383626901898,0.12523658687312444,0.11055903135251813,-0.070400298815901499,0.99137303701130797,-8.2729047598896983,-24.081727347473532,-1.696098748314548,,0.1474084532583855,0.35,0,2
-0.9190523621525154,-0.37521751416240545,-0.12064233372936937,0.38060406532398955,-0.92441749658613059,-0.02434825382415521,-0.10238799285431725,-0.068294282858950256,0.99239739512357017,11.328644724529735,6.9730717252180767,-2.1531465503634277,,0.3771209520505882,0.9191176470588235,1,5
0.98895493505820464,-0.13302385591372271,-0.065366583067117096,0.13977399024414333,0.98374597645788364,0.1127257089317177,0.049308904624371347,-0.12061719429987296,0.9914737134003978,-4.2844007321555999,13.883553016809703,-3.9557266183418189,,0.2152343732637408,0.7209302325581395,1,5
-0.69315297839847667,-0.70050253305154586,-0.16980915677810654,0.71452043426413492,-0.69878943621116474,-0.033968704106535713,-0.094865681657359494,-0.14487762086690084,0.9848913531022766,-2.1792538299589412,8.8964025723223994,-3.5463975250218001,,0.1522740018053842,0.2420382165605096,0,5
0.73365412572561173,0.66511756961108137,0.13917701821937686,-0.671234675926214,0.67744997775808857,0.30084138257526333,0.10580942131974276,-0.31413396223619922,0.94346394744567064,4.963347759592784,-10.712578469417457,-1.4624877623716124,,0.3455013604205711,0.1764705882352941,0,2
-0.83380336691035395,-0.53938600855064944,-0.11762091271860195,0.54001433219626094,-0.84114818036808803,0.029227721192067985,-0.11470164057930649,-0.039146806296987142,0.99262836006491462,10.412965236041629,9.3201370295896826,-2.4463588140470724,,0.1061557269088633,0.3928571428571428,0,5
0.033986479271263283,-0.92290953630379657,-0.38351389417628118,0.99623856761088991,0.00067947200024561524,0.086650185934039559,-0.079709695968224206,-0.38501626734115096,0.91946116734277628,-7.3876402588954262,-20.693331300063388,-1.9045790620432097,,0.533702693532104,0.6153846153846154,0,1
-0.93398036791467465,0.35658782345396361,-0.022930253254889423,-0.35592091035896845,-0.9340765168817643,-0.0286594867238356,-0.031638235083704197,-0.018606041341331748,0.999326191644346,1.0019737968666418,6.0235272497978034,-3.0849911477604137,0.1663178792386476,0.09989185272795231,0.2844827586206897,1,3
0.18766719445382396,0.97928223379553858,0.076074507545245015,-0.97714890773061336,0.17826530087787457,0.11576482463940037,0.099804991091131501,-0.096061381810495533,0.99035911399752274,-13.026500689091073,-33.820309668578147,-1.2677991712122711,,0.2469316661218292,0.2941176470588235,0,2
-0.94017927855938643,0.33724495071142002,-0.048257303977773405,-0.33843414123928828,-0.94080191418115222,0.018817287708515564,-0.039054528689730049,0.034023543212477615,0.99865767022343099,5.2296699596141876,21.714641908499683,-3.5754849944463212,0.5962267152406013,0.5374585641410141,0.6346153846153846,1,5
-0.77564402840575108,-0.62494838379810003,-0.088407345773083748,0.62443467474437597,-0.78021031247161898,0.036785938751440372,-0.091965635839612661,-0.026671818480974715,0.99540491053818603,5.9402670202511656,15.343209190795587,-3.1760090360961195,,0.388375330487426,0.8142857142857143,1,4
0.81099848146231268,-0.57175108059968516,-0.12402485597215225,0.58504165298909228,0.79356414143580944,0.16727886206880799,0.0027798081969143181,-0.20822260986822916,0.97807751093972561,15.02740376387616,-3.5109289527443557,-0.96134284448255392,,0.137770533822635,0.2105263157894737,0,5
-0.28951353836444449,-0.93441405897029406,-0.20749042749573257,0.95352076735246027,-0.30047182424046964,0.022689844979241761,-0.083546737406537577,-0.19127741433913978,0.97797387154895821,5.1499626604105675,3.7179150862794175,-2.5792847215003771,0.5111576354579997,0.2977677281009642,0.2162162162162162,1,5
0.99480889292902319,-0.072029923465286236,-0.07188154613611554,0.081308580263094218,0.98738739806233855,0.13584933169981686,0.061189715842888952,-0.14098870973688596,0.98811841517188426,18.478244512743263,12.413056627508874,-1.939646849468259,,0.1616313980100941,0.6666666666666666,1,5
0.58760125146085274,-0.78635151338543574,-0.19072510762370903,0.80853625150943553,0.56142727779228174,0.17626270662230173,-0.031526168126041032,-0.25778035058394888,0.96568907603643583,4.2254911107447359,-8.3489815465396191,-1.7634363781663691,,0.3333358847692336,0.4102564102564102,0,2
-0.75019907179961187,-0.65234891847087773,-0.10789921798085207,0.65292126874616052,-0.75662315412886705,0.034859997920127068,-0.10437992857780229,-0.044297756218160705,0.99355047144276043,4.7175291195099733,18.35421020588862,-3.4327710029030487,,0.2845924798836189,0.8181818181818182,1,3
-0.99722155432624471,-0.030307790508504923,-0.068048581334523003,0.028772629265504186,-0.99931139788947698,0.023427886232622253,-0.068711770405793404,0.021404856520692239,0.99740690027943446,14.398073441953819,3.8786106372620752,-1.5710146731185548,,0.2440237544085455,0.2307692307692308,1,4
0.99301386570858396,0.10952709917608869,-0.043900763735571238,-0.093522933721109244,0.95740778674689031,0.27317355425556611,0.071950840013805459,-0.26715939890352525,0.96096250301393937,-0.6043355780567804,-12.655034520807483,-2.0103297159438491,,0.223267122172136,0.3571428571428572,0,1
0.02119562550598587,-0.99507842486158715,-0.096797075546698461,0.99672733667964963,0.013477322816855255,0.079705571230516872,-0.07800872883788533,-0.098169700746582322,0.99210752848691963,-10.954274472000096,11.814278249944646,-4.3887330344487108,,0.1015072508603408,0.4313725490196079,1,5
-0.93466260886845953,0.3525313741849988,-0.046124156343977138,-0.35438138388059587,-0.93420095677412218,0.041017156424973229,-0.028629396467285791,0.054682744788034698,0.99809325971091878,6.6449239167650553,3.3326825011873633,-2.4156040354962136,0.1863587717274643,0.1363891015559904,0.4461538461538462,1,4
-0.050648756092207502,-0.95950504591609309,-0.2771006502480059,0.99413185272508076,-0.074991702415380862,0.077962195750511235,-0.095585369715820712,-0.27152589458539417,0.9576727654402053,-18.470964846011903,-23.513657507152644,-2.7601309930116749,,0.3365147244461739,0.2857142857142857,0,3
-0.99495584451678121,0.055210259978869143,-0.083753773974466567,-0.053371603360715045,-0.99828537250076443,-0.024037200455089114,-0.084937267536734806,-0.019445879874084127,0.99619652596228081,14.045567494073106,17.949601838570498,-2.5969587005253087,,0.4934984294583632,0.4571428571428571,1,5
-0.44823340518170746,-0.88119582973053623,-0.1502688395667037,0.88807552593894323,-0.458153205842738,0.037649703907090264,-0.10202291265927074,-0.11657422374407697,0.98792802149295533,-13.984168425470948,15.802184412801783,-4.7127527697705158,,0.5729664728057524,0.5,0,1
-0.95854643489260838,-0.27083416255331222,-0.08853015615436384,0.27334127439700312,-0.96176135577758093,-0.017310177465613055,-0.080456695592673447,-0.04079155460282128,0.99592307394064916,-7.647176038154285,12.645536504084031,-4.1237707293801797,,0.1572040034756991,0.6,0,2
-0.49745155365265509,-0.84044409755278626,-0.21493178140341099,0.86135398427519416,-0.50795228262272574,-0.0073343269365399172,-0.10301099718869387,-0.18878081858877144,0.9766015241597491,6.0881132818189139,2.2256945928405187,-2.4247206002549908,,0.2047607681416632,0.25,0,1
-0.91508292045577266,0.40312912794295747,0.010495470169782977,-0.40305518665205603,-0.91345444969313971,-0.056102449578245811,-0.013029397645732133,-0.055568647093066789,0.99836985143644796,8.0762485585901711,13.227031616769086,-2.8378820852633093,,0.337606913839117,0.25,0,5
-0.78660407617154493,0.61745442306216747,-0.0020156366925722078,-0.61745769765991354,-0.7866005932310125,0.0023448516239668879,-0.00013766201147267661,0.0030890402369443569,0.99999521942836567,7.732790521365315,3.7580934621098643,-2.2944326794089673,,0.1100034862175079,0.1904761904761905,0,1
0.85881650744117377,0.50927625212441985,0.055424773961194558,-0.5035055001265698,0.81920365204056655,0.27456800218833327,0.094426785865230456,-0.26371021122721816,0.95996901335702423,-0.20088977304977582,-17.24580267894666,-1.5463708574805226,,0.209532188329113,0.3043478260869565,0,5
-0.86347671197153575,0.50386955835393721,-0.02287872476855838,-0.50080133086013612,-0.86185320879058824,-0.080044197204323111,-0.060049936648956477,-0.057658604401913283,0.99652872033217443,-9.3392610217825816,-18.539817404441504,-2.2576148032201488,,0.3371757436857234,0.2631578947368421,0,5
-0.98359886019765042,-0.16799955419870313,-0.06564626422669205,0.1676189610267875,-0.98578706467796628,0.011302522634364822,-0.066612056882998982,0.00011358977555127484,0.99777894394258471,2.8562846574451504,13.200261276479146,-3.3360846359704421,0.2703948334866932,0.08090917458004813,0.2,1,5
-0.7761722448554591,-0.61315154820290085,-0.14697559407065819,0.62226066382578549,-0.78251028200157946,-0.021663905855147152,-0.10172665614837509,-0.10827205317252382,0.98890285161418956,7.4095008493527832,10.629674213022222,-2.7818581204657007,,0.09726541415144448,0.2857142857142857,0,3
-0.99213928340714719,0.11161509586405315,-0.056583678703418641,-0.11422094967726656,-0.99243037029124037,0.045116901250150908,-0.051119633949949728,0.051225291593613505,0.99737793866015145,3.7122238930063607,11.708321495990759,-3.157196672229865,,0.5362902197713868,0.9215686274509803,0,5
-0.38305547438428167,-0.91544287715996819,-0.12342140090483981,0.92086428554725708,-0.38895300041008085,0.026917114918513889,-0.072646205322602755,-0.10334361194130932,0.99198922712051207,-7.1894464590818119,14.007310193654455,-4.1784611943539831,,0.5140767700595535,0.2289156626506024,1,5
-0.99528223582319686,0.064917159884435874,-0.072104323083414287,-0.065352271388439048,-0.99785543529316933,0.0036892926492345908,-0.071710192296148875,0.0083840687269632324,0.99739027251744883,-12.694725046304852,13.304831505853519,-4.6056929665365507,,0.1140302401413901,0.4,0,4
-0.51633193336126626,-0.83162266956311925,-0.20446288186399242,0.85069329731459353,-0.52555450613860555,-0.01064776884759394,-0.098601462947779411,-0.17943298622638582,0.97881640513348589,-18.855560448846898,13.445123981039337,-4.9481550239728724,,0.1292229640764747,0.25,0,2
0.94018907605036373,0.33890505829611928,-0.034465384618006724,-0.32852544189619537,0.92882046231619841,0.17135805440548424,0.090086265892602851,-0.14978621513352722,0.9846057863193266,5.121486010914075,-6.598063744119707,-1.774116454299113,,0.1025554811477352,0.2380952380952381,0,5
-0.66805400930608627,0.74250534201014584,0.04888412560801985,-0.74395232404919509,-0.66783135240820024,-0.023156517061862978,0.015452514095313844,-0.051837262919941403,0.99853598732399385,1.3480647259744731,3.3590599552800122,-2.9208258399577356,,0.5554849710831772,0.4007782101167315,1,4
0.88750472813144154,0.45871260490409549,-0.043796160179120434,-0.45078309251946369,0.88399260803745938,0.12390186614300611,0.095550829629703932,-0.090220923500205177,0.99132750588281626,6.536742912591591,8.3946614475531796,-2.7340823528685791,,0.07622865090742341,0.2941176470588235,0,5
-0.074731125127562081,0.98591070133966507,0.14965075315914303,-0.99475123879104599,-0.084221607135492871,0.058109326404584549,0.069894433690019395,-0.14452269674845106,0.98702986695626727,8.6724833086214179,15.461234275247339,-2.9405556030484523,,0.5768011840273577,0.4545454545454545,0,4
0.97915844500595872,0.19683392607245029,-0.050051424759130936,-0.18000187269702927,0.95518298318536599,0.23499956267761027,0.094064155761247478,-0.22109245618069104,0.97070595981528485,12.153032213950484,9.7197056338124703,-2.2972198349491433,,0.3978245213731448,0.3846153846153846,0,4
-0.99810455801692211,0.014783666836835546,-0.059738885666730239,-0.017612312324478963,-0.99873468734216386,0.047104466392642423,-0.058966920560855389,0.048067322521730099,0.99710201824345024,4.1013253734981499,9.3335923027907661,-2.9808875292274197,,0.1488036510718787,0.5875,1,5
-0.96566125667170044,-0.2468864661573035,-0.080903709380916844,0.24729609526841631,-0.96892666449002418,0.0050754413828975713,-0.079642819062534134,-0.015106014318659077,0.99670899950947445,-4.6223464049933964,12.351894377754753,-3.9113095434088589,,0.4160628542410724,0.7173144876325088,1,5
0.99935510821358675,0.012677720092970045,-0.033595283904975445,-0.0035111836121886676,0.96561720616750146,0.25994438394185765,0.035735686324080793,-0.25965878873343512,0.96503900136545417,8.8486566493735079,7.1710156161967715,-2.4309057943258576,,0.7536193881858086,0.6835443037974683,1,5
0.49168873674962477,-0.85292933188563869,-0.17536744556124517,0.86995149357928547,0.47242544198365388,0.14141640847412243,-0.03777015981868416,-0.22209402642949952,0.97429341496881894,-3.5860343517741198,16.57486141209548,-4.0380303821397217,,0.2107005923543056,0.1851851851851852,0,3
-0.60925464635926296,0.78365361051313309,0.1212262125919191,-0.79297452710202299,-0.60217378136843103,-0.092618229305946945,0.00041863704251053754,-0.15255738514466211,0.98829452542288743,5.3653827785734842,-19.514460759275046,-0.73002981619880358,,0.4166565017581353,0.375,0,2
0.077217731007500123,0.98531727936678315,0.15227370422793157,-0.99326944779059112,0.062800224866647394,0.097323870876955237,0.086332068803134099,-0.15876394659349058,0.98353484084613474,8.0315429401512741,-6.0951416329778771,-1.4770605105727073,,0.2558293023920386,0.2045454545454546,0,4
-0.97205947744574828,-0.21559224208639688,-0.092845880145861634,0.22030954471903649,-0.97444380365063532,-0.04385177342563891,-0.08101899045032622,-0.063081365545168966,0.99471436327589391,-29.969947853514483,-1.8058179252407991,-5.0655863745013683,,0.1378739510984014,0.1666666666666667,0,1
0.99348190693278116,-0.091208335973645263,-0.068372070658455811,0.099209705690246647,0.98723497756328915,0.12459748541791536,0.05613497033098766,-0.13056852041947797,0.98984884026875974,-16.391122510840859,-23.459349576211039,-2.5410121241370689,,0.1004113249561809,0.1666666666666667,0,1
0.13198494538234445,0.99096611859215278,0.023793402338128593,-0.98718429319126344,0.1292332476476675,0.093626593331719452,0.089705883134195946,-0.035845773877002718,0.99532303049124371,-14.174919344935665,18.628001802905931,-4.903596542907966,,0.6765963446939679,0.4444444444444444,0,1
0.88309023396408792,-0.45225450227153019,-0.12497001181236546,0.46894206593692689,0.85960205905870168,0.20292274110322611,0.015651756197285548,-0.23780278643693478,0.97118734407464857,-2.5767219857799404,-16.456217746196412,-1.8343885305016498,,0.4087273554357381,0.6,0,4
-0.33294089007074479,0.94265994809024156,-0.023293475168004753,-0.94116894450116728,-0.33069482909185988,0.06958410679504004,0.057891118709679459,0.045090489888753638,0.99730409910725482,6.4679234322957848,12.796012386694885,-2.9860470584644667,,0.1229306366255549,0.4324324324324325,1,5
-0.81999274477571538,-0.5421102778548067,-0.18365278424073103,0.56324673182077278,-0.82132411365628932,-0.090442354126420182,-0.10180873051171178,-0.17760390471747783,0.978821656595673,-7.2937051248246068,-27.916198431201344,-1.2497808109003099,,0.2214692762875968,0.4482758620689655,0,2
-0.99749806023848631,0.043462899329460063,-0.055754786362560912,-0.034476278653412573,-0.98761339510220991,-0.15307242738291754,-0.061717145354187035,-0.15076723183955962,0.98664088490836754,-9.9234903634037668,5.675198776245117,-4.0863098170986945,,0.5454201227784364,0.3138602520045819,0,1
0.072306657011335582,-0.95856106816509001,-0.27555838936611476,0.99385928262310019,0.046045130119658891,0.10061596461874596,-0.083758424625479583,-0.28114146721973599,0.95600418498759299,-6.3354818620563673,14.943735620413666,-4.1298553321037526,,0.2916878386982263,0.3448275862068966,0,5
-0.90931347897072934,0.41372776950444579,-0.044478418396172059,-0.41465420218208748,-0.90987578408670111,0.013709491068122078,-0.034797838652498178,0.030909388112458035,0.9989162728435389,-1.7144862969950363,21.522119936654839,-4.1141424939065798,,0.2054154868007646,0.4594594594594595,0,5
-0.94489129586950893,0.32738310760275685,0.00086014324603434519,-0.3243673340790349,-0.93582486663220033,-0.13790450164982235,-0.044342660864023671,-0.13058376564178159,0.99044515677462508,4.3452527526038516,-13.74874906573409,-1.3187145623039791,,0.4091195345645408,0.3333333333333333,0,5
0.13956225829450697,-0.9847252770457382,-0.10410813996480243,0.98772182420142751,0.13098604217185519,0.085136682765755367,-0.070199530311400554,-0.11471174963074411,0.99091535483143633,-3.5382247199707684,21.799424892366766,-4.2935330743346176,,0.1131769746642958,0.5652173913043478,0,3
-0.73289059181352034,-0.65291597999830264,-0.19123834211288734,0.66902008132153368,-0.7427094013394232,-0.028193544483896053,-0.12362649885747755,-0.14860507469428247,0.98113863472770757,-15.464883335767603,11.328071974525198,-4.7348620141027329,,0.1271583267699695,0.3823529411764706,0,3
-0.97867051735859112,-0.17997315357981855,-0.099064032037899458,0.17976134390490919,-0.98364724144448323,0.011133895821418882,-0.099447864183057524,-0.0069114679480071261,0.9950187706371344,-0.58222797964370143,15.512071883510348,-3.7351503593121826,,0.4936369251537595,0.7829457364341085,1,5
0.56438703129220613,-0.81365726368283509,-0.139388436268338,0.82491672587475362,0.54948120593534622,0.13260014968285291,-0.0312997489007159,-0.18982165729968659,0.98131955251016623,-15.03256538082324,-26.125234117637817,-2.1272945890265573,,0.2586699630511989,0.3478260869565217,0,1
-0.43691161636998649,0.89882155640447292,-0.035043533263733731,-0.89883411641036226,-0.4347508125747781,0.05557843234900596,0.034719888504554715,0.055781185969919433,0.9978391597016123,11.787417753434665,8.1656116763052449,-2.2110212621329324,,0.1203107260089281,0.2608695652173913,0,5
-0.96789427173366693,-0.24171870753712429,-0.068940156452802437,0.23873016054269514,-0.96985699159245664,0.048839802482082653,-0.078667586669565734,0.030813670437195458,0.99642457241969606,-11.964168129763918,12.415641652535951,-4.4967522562907529,0.4204814432073779,0.2224752825979215,0.3448275862068966,1,4
-0.15760718668783016,-0.971441763059539,-0.17737213898502555,0.98415251618463828,-0.16929917903577266,0.052740997954719718,-0.081263765552636189,-0.16624887657241214,0.98272962275827325,-13.251503661375578,10.483190185312489,-4.5043792241855369,,0.6730010111962135,0.8075117370892019,1,5
-0.54507874696394942,0.83838071651873369,0.0026332067421462988,-0.83751208320890003,-0.54465190312910827,0.043906888946156478,0.038244870078229451,0.021727369545721596,0.99903215730291894,-13.283661312299763,17.710271143995417,-4.7878819660417689,,0.1180125106196324,0.5365853658536586,0,4
-0.93373360808776273,0.35358382212164219,-0.055857227475602268,-0.35657895854400118,-0.9324517467644704,0.058182353678460634,-0.0315118303353824,0.074244331027632893,0.9967420849242673,-3.2846685742324704,10.237102694186492,-3.7173312431178402,0.1202180220019515,0.09020382034565266,0.4084507042253521,1,5
-0.76976016327296071,-0.6116186019287071,-0.18273471704292751,0.63103435059031354,-0.77227854393143269,-0.073358700630581114,-0.096254555284651891,-0.17178048887437694,0.98042160534590095,1.1305248993454176,10.512549249361097,-3.3228977853447437,,0.5016561325864698,0.2333333333333333,0,4
-0.11146348839753567,0.9936487126051371,-0.015431354198742786,-0.98991777105145051,-0.10965252909645155,0.089661192381547156,0.087399641365290506,0.025269721029454729,0.99585277219492274,11.387374837796049,12.638071689703319,-2.5351333590301697,,0.1528164913115844,0.2857142857142857,0,5
-0.99270163254189692,-0.097857613287671563,-0.070479474106255116,0.096606987383766121,-0.99510214043676992,0.020948033005336746,-0.07218420005296601,0.013986336897141865,0.99729324856980428,-19.826586033643924,-10.830300024839763,-3.8802554102350344,,0.08631907850865186,0.125,0,1
-0.32259681651354255,0.94543185228467064,0.04571549694474826,-0.94278462329195212,-0.31664713527509813,-0.10436352718419595,-0.084192921671483845,-0.07676720919540489,0.99348797050229476,11.68917753044308,0.94101785808395244,-1.6084088939617722,,0.4182663860431446,0.2549019607843137,0,2
0.89259451749483931,-0.42514935773936818,-0.15007681683710694,0.45073083879502368,0.8494282421943099,0.2744328193234552,0.010804549842090127,-0.31260147948544403,0.94982291861495005,-6.9576826877693225,-12.888164744569353,-2.4960177832413151,,0.4121027172562235,0.3478260869565217,0,3
0.91395302643832266,0.40486466985722963,0.027829203467364557,-0.39533569692317239,0.87275847635901516,0.2863604872913868,0.091649070930920618,-0.27272191155990289,0.95771770723559868,-17.402261551517096,12.170080902480047,-4.8155044379148535,,0.7201951764645387,0.2289156626506024,0,1
0.56774497272177193,-0.81762857220811491,-0.095651261664833218,0.82303370979950419,0.56141565387132131,0.08618570717876059,-0.016767781094137495,-0.12765571470622281,0.99167679211526505,2.1190590978120079,6.1502514946789573,-2.9853731649044462,0.2790687487669843,0.2913172100740921,0.5547945205479452,1,2
0.41455156716792357,-0.85605088244308858,-0.30874566365704426,0.90876484638360089,0.37156945154362181,0.18995419620783074,-0.047890000375961535,-0.35932301533297606,0.93198364712907311,8.4368023813921678,4.3375217402774355,-2.2413517482942344,,0.7760739672914807,0.5633802816901409,0,1
0.78170284746429664,0.62273843372099702,-0.033726865151241292,-0.61538821233639296,0.77899121806604654,0.12029143898630312,0.10118303407009005,-0.073277045128037843,0.99216554479263908,-12.246025787146756,20.218435584727011,-4.9259328850043964,,0.4845831592961733,0.8253968253968254,0,1
0.71947564683664378,-0.68017898554242884,-0.14039708414160698,0.69443775386498241,0.70147404809145519,0.16028214454874459,-0.01053563552668031,-0.21281613538606295,0.97703546143596509,-6.0168019020088179,-27.070927078607781,-1.2001659026464435,,0.213763015379186,0.1,0,1
0.57955588472515329,-0.80499313393670469,-0.12688983724163611,0.8139833397828683,0.56430771565901205,0.13779667849275914,-0.039320465871783152,-0.18314708941850991,0.98229885707006481,19.187411372756294,7.061689236250194,-1.3423953773766983,0.568955831776965,0.457796707307442,0.6578947368421053,1,4
0.0179140814613068,0.99818509387071774,0.057494382853493974,-0.99486317612842312,0.012065360728764043,0.10050715324866617,0.099631051731193368,-0.05899953766591115,0.99327373270722541,-3.7175205994340743,-15.933187890772961,-1.9448417559565405,,0.07047498986634416,0.3478260869565217,0,4
-0.20629172329431933,-0.95502407986791038,-0.21300875984970755,0.97848918677592611,-0.201705321634956,-0.043288273085501372,-0.001623657243996598,-0.21735678065473221,0.97609087365908886,-6.9808552475633681,18.935265110565357,-4.407693823703811,,0.531923775593608,0.5789473684210527,0,2
-0.99399177020208951,-0.06245473087138953,-0.089887526177438823,0.083164104006789252,-0.96486247481808429,-0.24924713938713527,-0.07116243795195179,-0.25522502087315896,0.96425935107990035,-21.417234335222417,14.637724003536681,-5.1943146074436646,,0.2103895321160932,0.2,0,1
-0.026361413159704448,-0.99500424177105629,-0.096289328348627148,0.99614082372773383,-0.034213321659559578,0.080826406106249832,-0.083716994686003063,-0.093787032571810758,0.99206625651824198,0.92240497932300203,8.5764548854721188,-3.2278436709378657,,0.1012895092850302,0.4265734265734266,0,4
-0.89749490623185535,-0.40846885923152598,-0.16630118558197363,0.43096760334074036,-0.89235603264971475,-0.13404341037291026,-0.093647307268347968,-0.19197370140661996,0.9769218391507225,-11.603581532009537,9.1467974956907643,-4.2929273932391849,,0.2211041464095607,0.1224489795918367,1,3
-0.4650938338563374,-0.87640116511918975,-0.1249348769821353,0.87934982590658206,-0.47364651843218608,0.049018968319759416,-0.10213525046171959,-0.087063042416381645,0.99095328712221642,-1.0521312291427387,7.3267978634975135,-3.32579730603518,,0.08193186657228081,0.3169014084507042,0,4
-0.6943368439115728,-0.71016778670804648,-0.11643909098371236,0.71237335315593608,-0.70121066129563681,0.028771760438078289,-0.10208110941935584,-0.062970812346141103,0.99278100500169864,-9.0206882277325668,9.0010682158407924,-4.1077430984335015,,0.06958033496948292,0.2222222222222222,0,6
0.29740506016714652,0.95229832479844756,0.068396862304118553,-0.94878689337718225,0.28679266559658118,0.13248923698053658,0.10655355997174892,-0.1042970159979673,0.98882175912106018,20.868194411387137,11.001416416634543,-1.4222001228808108,0.7039433301686854,0.3015559845645151,0.8,1,3
-0.36707046481000322,-0.91630125555509978,-0.16016017898440407,0.92621537270541388,-0.37594836592696584,0.028069726058796582,-0.085932282806520072,-0.13803925247911367,0.98669185034977747,12.76818300485014,-5.9355378473924185,-1.0268443361597626,,0.6391927941216621,0.1666666666666667,0,3
-0.13407244532931878,0.98765383357634362,0.081021505943601052,-0.98584731721786911,-0.14123639228489551,0.090318041545845607,0.10064614517082529,-0.067765673584044103,0.99261179065430893,12.215498173915549,13.357953729196756,-2.5208530047237288,,0.1773079191312185,0.2,0,3
0.61784119136044569,0.78121759886084641,0.089282279811836965,-0.77938644761959797,0.59341861833716536,0.20102514439172395,0.10406261348442501,-0.19378701360231476,0.9755088753229707,-19.318745099410126,10.742302385026155,-4.9297638801241135,,0.3916185453774336,0.3157894736842105,0,1
-0.9456976480124959,-0.31110608639906989,-0.094175164184026647,0.31743306559571327,-0.94627628529974872,-0.061623378240863849,-0.069944316496349926,-0.088171394934884587,0.9936466161091152,17.778479613169438,8.4750667293276329,-1.5839836419422493,,0.3878196604548406,0.2352941176470588,0,5
0.026223581218117471,-0.99513076888056951,-0.095010928925384833,0.99643153480427615,0.0183928887588845,0.082376562751178634,-0.080227926781715905,-0.096832094216076067,0.99206200677882905,-1.213285660898209,20.009006949643219,-3.9762181346468148,,0.2181232664543165,0.2173913043478261,0,1
-0.3906688304828223,0.90165641510399552,0.18545504574153768,-0.9185124157271487,-0.39515479805618553,-0.013697727119993468,0.060932807618411806,-0.17569403710708914,0.98255727480933697,7.3939668537673304,-7.9649960122181653,-1.3673498739730077,,0.2344495290498897,0.2424242424242424,0,2
-0.88531025833201393,-0.4568768455423643,-0.086540710069670929,0.45657964343413188,-0.8893489350388627,0.024361874862237402,-0.088095264876525636,-0.017944908818407344,0.9959504026575996,13.430141403862784,14.761182262675453,-2.5217775007272802,,0.214301101515209,0.3333333333333333,1,4
-0.98242507391286271,-0.14266097144896325,-0.12036952011428763,0.1665945637592941,-0.96100167926207358,-0.22073065890656152,-0.084185660733620604,-0.23690424158446893,0.9678786880834449,10.024792500422786,-11.513396249599539,-0.82858749125682674,,0.4089860402738992,0.3333333333333333,0,3
-0.45661494147638704,0.85830009421131359,0.23414470631933296,-0.88859984004577242,-0.45286150900504285,-0.072847635049492279,0.0435099930032651,-0.24132426719774061,0.96946865785868996,4.8768372395103601,25.010920773964926,-3.7005278476853198,,0.3170558676634454,0.2222222222222222,0,1
-0.31815011850215141,-0.91139771221155852,-0.26102626739967255,0.94634837335716759,-0.32174974533305639,-0.030030944413342826,-0.05661500102720976,-0.25657613208100966,0.96486446203860066,8.4323803136142423,-11.022715860980695,-1.071549484164362,,0.3056498716934257,0.25,0,2
-0.37138862593993854,0.92293858299308618,0.10126628533307049,-0.92653709968987896,-0.37544916273264867,0.02381027302700946,0.059995761689573414,-0.084984105726115033,0.99457438653587926,17.969449198018886,-4.5169558210397343,-0.51131212315565,,0.3484069679346993,0.1538461538461539,0,4
-0.49707549790372108,-0.85145953886281578,-0.16713049710717207,0.86157182382024866,-0.50718354899184903,0.02142055160551154,-0.10300457165980344,-0.13334729585392896,0.98570206295088281,9.1784114371004417,13.736500174356062,-2.7804895962092471,,0.648378888146171,0.4827586206896552,0,1
-0.90312558644331287,0.42618886877183715,0.052222823041324723,-0.42874962228705182,-0.88854241909042275,-0.16329767562844022,-0.023193458132285603,-0.16986882472049625,0.98519370982966803,10.775215762302636,-9.2013983005004736,-0.94885698944331687,,0.3114955744015139,0.3888888888888889,0,1
-0.84772991046148527,-0.51581331880368853,-0.12365524272625471,0.52408358819068646,-0.85046094044984621,-0.045305423056629782,-0.081794813393879187,-0.10321244553778219,0.99129047185372088,-0.33133970951557606,11.23040527025193,-3.4974879301209891,,0.3082267185074028,0.2325581395348837,0,4
0.14157632949218929,-0.94269241192689524,-0.30213764979388563,0.98730457531038085,0.11226097997744379,0.11237058309759276,-0.072012627355957981,-0.31421089871288299,0.94661802889620417,0.67354041328758329,-8.5418401067040719,-2.1777219742999057,0.4249663765626557,0.4479320679533523,0.4940476190476191,1,1
