axis_00,axis_01,axis_02,axis_10,axis_11,axis_12,axis_20,axis_21,axis_22,location_x,location_y,location_z,dbh,dbh_approximation,score,reconstructed,number_clusters
-0.3783505680190874,-0.89354512766008987,-0.24171874671722393,0.92493500011428365,-0.37528618721733303,-0.060460923309728576,-0.036689143397220854,-0.24644955369971461,0.96846090485779968,-0.83290764372478954,16.896084745436855,-2.3774946438841309,,0.18798590796021,0.5555555555555556,0,3
-0.8239280109097129,-0.50988707313241199,-0.24730104223562407,0.56057021298707788,-0.79730652396636348,-0.2237483925133246,-0.08308832138144312,-0.32298216590569945,0.94275068356213754,-7.9460666465642991,-13.061351461511727,-1.8562699836553245,,0.1267158192557926,0.4090909090909091,0,2
0.99563635407126716,0.041714421808861486,-0.083475490204160036,-0.029611389312061649,0.98952361822592272,0.1413017147669676,0.088495288432107841,-0.13821329887615144,0.98644090950197727,3.9093922750788623,-5.0151463459916492,-1.4018417307544404,0.6683675735087982,0.2499354023688767,0.7394957983193278,1,8
-0.5876960043788535,0.80799522585130779,-0.04191803238015112,-0.80558567029026928,-0.58918181243819123,-0.062422109184364659,-0.075134108500115995,-0.0029166579403384491,0.99716917263138027,5.5058967277735986,4.4096434360673697,-1.6030501029898216,,0.1245901420018362,0.3636363636363636,0,5
-0.12077306056279859,-0.89995616676305368,-0.4189185669643275,0.99263682731734393,-0.11342947212625602,-0.042495692799587974,-0.0092734511187937841,-0.42096633209594098,0.90702885860706683,-23.531368308902728,14.914105152369801,-3.5249198630596261,,0.3797079860053747,0.3571428571428572,0,1
0.011440068009904337,0.99793166322266713,0.063257571733110363,-0.99956545880778014,0.0096942274813152617,0.027837304322300235,0.027166494111692231,-0.063548544367132073,0.99760892342966656,-3.0356219713684802,-16.995329319302865,-1.5062790335230238,,0.2325910076858062,0.3125,0,3
0.54942752888106317,0.8320355632781633,-0.076460525423503969,-0.83363722240910088,0.55204987491168067,0.017026949933489889,0.056377051374547071,0.054385265011651342,0.99692721450862443,-7.8492026738944389,6.1264080412712092,-2.2119118728369607,0.335209338260933,0.2381218205514165,0.8671328671328671,1,5
0.39350278715812792,-0.88600048052295788,-0.24527271558791844,0.9186425472423243,0.38922485222411196,0.067822450613727145,0.03537551264530734,-0.25200627556512378,0.96707880246693245,-17.389847059829975,12.334024735379669,-2.9861004757561496,,0.1649798232384314,0.4285714285714285,0,4
0.46250057221401097,-0.84087247525445163,-0.28111688149444924,0.88627372604600496,0.44731390982505098,0.12012139109066775,0.024740719921689806,-0.30470271813109567,0.95212612102666272,-36.797557592899537,-12.9179083310993,-3.9521431461579088,,0.4801843601997984,0.36,0,2
-0.29001027458591544,-0.94556464393388684,-0.14765346178394509,0.95662920150844866,-0.29084831722758964,-0.016365426581262367,-0.027470192134551114,-0.14599575510288124,0.98890375064311997,13.674202442269793,-2.9254479473864219,-1.1510942316362545,,0.07495788170275697,0.24,0,3
0.058913187335233111,-0.98801462622973402,-0.14267562761075139,0.99821516892256579,0.059706265246926002,-0.0012800090454595729,0.0097832965250195941,-0.1423455663039134,0.98976867340945962,3.6025218071215499,9.029121812360442,-1.8104974446156239,,0.08492440335349301,0.2727272727272727,0,1
0.15055811734781574,-0.95597458303762151,-0.25188261132266976,0.98842692578342906,0.15034693784244971,0.020199273940373762,0.018559786825311876,-0.25200871982422435,0.96754697014954005,7.9275803096385049,-6.2523206638932445,-1.1490608254680557,,0.0863641799185817,0.35,0,5
0.87114092752785,0.48869633973974735,-0.047847381442380765,-0.48245055010790011,0.86998033632332716,0.1018610873265008,0.091405421537804579,-0.065651366594504032,0.99364729505885163,7.3082084080234706,19.438148526546009,-2.1965356088909789,,0.1951249134895824,0.4210526315789473,0,5
0.50575221954896243,-0.84547035801892123,-0.17144843578363272,0.86090836907692492,0.50737236780943162,0.037550771453575639,0.055240134636023779,-0.16659277923969898,0.9844772081823866,-8.3643343629038114,3.1403663711212526,-2.1222547420555991,,0.07765474247456336,0.1851851851851852,0,5
-0.25008955327795879,0.9666462976211031,0.055228168869208963,-0.96759389001962848,-0.24746476976713094,-0.050231979064986221,-0.034889530491470637,-0.066000931959449061,0.99720940511136902,1.4227616674161356,-9.0327798818156442,-1.3659765181331214,,0.1135224209647026,0.2826086956521739,0,4
0.424863001423609,-0.85273340813341725,-0.30387030897159018,0.89266312239724055,0.4504420817604004,-0.015952457220322291,0.15047916777192716,-0.2644762099556861,0.95257984150103925,12.666988503223966,-1.8711766574931548,-1.2037135003453427,,0.2535780859577733,0.2222222222222222,0,2
-0.75247505151838123,-0.64669452193338972,-0.12476975652678902,0.65431647046237895,-0.75564346455539133,-0.029545066531995557,-0.075174818417236444,-0.10387083217183633,0.99174573197965743,-0.17314237576021102,-7.7780991556389782,-1.4988352081905809,,0.08564300807915048,0.5811965811965812,0,5
0.96152488917032897,-0.23853191597522891,-0.13628063900339343,0.25163811226144295,0.9637614474802233,0.088555817473064569,0.11021863709683748,-0.11944202531777338,0.98670434002516938,-1.3904957107411235,-10.462838785545539,-1.4995870205619399,,0.1833313438551109,0.3157894736842105,0,5
0.11425677823554084,-0.98049191412569048,-0.15994059822751544,0.99332830001369699,0.11528520437610641,0.002865317409904076,0.015629364002881327,-0.15920090447638938,0.98712248226588728,8.1583362158223469,-3.533356181994268,-1.26841501594788,,0.3886824119386167,0.5631067961165048,0,1
0.78489612818775645,-0.57186248409512508,-0.23856103462305009,0.61433564459673473,0.76841456060621449,0.1792506034195453,0.080807077250583767,-0.28724965158013582,0.95444112125018343,5.2129761060176465,9.3365417154818537,-1.7695388774336791,0.338669067047732,0.1911201987773979,0.2352941176470588,1,5
0.1269008674360127,0.97671799421023497,0.17296857989219866,-0.99186876490203291,0.12325971132222324,0.031676438822559071,0.0096188905651657785,-0.1755818992684002,0.98441783486159884,2.3064163108844897,-4.4248767809836336,-1.4469497184918079,,0.07825970945001727,0.1904761904761905,0,2
-0.22512903072986901,0.97366683498318152,-0.035913980237014476,-0.97394622357785987,-0.22592072758074444,-0.019712392747030277,-0.027307015601413187,0.030540453552984709,0.99916045137691634,1.1033167349972317,5.908051274674742,-1.7410866988602436,,0.2862802245678975,0.4545454545454545,0,1
0.88369194137158813,-0.45134460536532212,-0.12400241918016752,0.45791943311738847,0.88851014111269866,0.029317604154176825,0.09694506448686302,-0.082690848027535402,0.99184871735770486,-9.7100845937122298,0.92149798262247207,-2.1720580264936062,0.490045619328526,0.248823277843587,0.5467128027681661,1,4
0.98145578081922613,-0.14594050300305908,-0.12428161521213502,0.16066629427083903,0.97991825905426388,0.1180955014271782,0.10455090713044642,-0.13587337912657729,0.98519415988064329,-9.8604505757649754,-13.707926640937592,-1.9652764150437649,,0.08160409399276762,0.2941176470588235,0,1
-0.068921692954117861,-0.98913063479152452,-0.12988605605395889,0.99761723791833201,-0.068740065949943974,-0.0058864200830416498,-0.0031059376257386697,-0.12998227052221856,0.991511453540176,-9.6073176908861928,-15.396323401793042,-1.9515954308606756,,0.3254273138348069,0.8620689655172413,1,3
-0.99559666070556552,0.0063513725525471297,-0.093525126349155052,0.0086613102086105145,-0.987201364794414,-0.15924335795729841,-0.093339546267361337,-0.1593522055534369,0.98279937102536774,-25.37048995139957,10.724267727709984,-3.3595321392476887,,0.4387465367356057,0.4444444444444444,0,2
0.43468783800865268,-0.86446142503393042,-0.25249342192554297,0.89926080962300359,0.43181847412969954,0.06973379149651221,0.048749151413580424,-0.2573698700870114,0.96508251989550198,-20.505911085453196,7.0457364326232916,-2.8581949837866887,,0.4059711162834388,0.2666666666666667,0,3
0.42336872899358868,0.90131343086125904,0.091613419647229591,-0.9049998760675847,0.41610508461681006,0.088497360828973484,0.041643050176583103,-0.12037714860031998,0.99185442402947799,-11.428149190213643,-3.4850245836747771,-2.0897789221442431,,0.2179938854341117,0.3779697624190065,0,1
0.26266947468641666,-0.92831286820067582,-0.26313488138404745,0.96385919290455868,0.26502148756499022,0.027185793757261874,0.044499475517521689,-0.26076585256101792,0.96437594682612826,0.20002262215310809,9.535879753728743,-1.9347255280557287,,0.2653279014380851,0.3043478260869565,0,3
0.87844085249510417,-0.44831149652642166,-0.16540396231625076,0.46776880637719298,0.87747827161048886,0.10594445068962433,0.097642267733454927,-0.17043674760364988,0.98051889457478558,-5.8629576987724237,9.0365882019435411,-2.2064380242165611,,0.2862832206198758,0.6144578313253012,0,6
0.5816432074259712,0.80653707063241231,0.10577869800160958,-0.8097529643786967,0.56171381304852441,0.16963999796746282,0.07740359122897339,-0.18432456680045267,0.97981280770292245,-23.084637605647657,-10.152770708708433,-2.6798633756485102,,0.2938872989939427,0.1627906976744186,0,2
0.96617543845178255,0.24476456872882824,-0.081211624952931286,-0.23721787119438442,0.9670502855525025,0.092419839855018324,0.1011568273450159,-0.070028930505994791,0.99240276358627555,5.4445067661439124,10.143545625047031,-1.803255089788242,,0.1147034738938699,0.25,0,3
-0.80068477806284322,-0.52077042003934315,-0.29614532883451167,0.59334700315467448,-0.75760646232072182,-0.27197753969261362,-0.082723757324131786,-0.39348521936907171,0.91560153020418855,-28.428007172735402,-3.5508713281955591,-3.2373705296916331,,0.2687872674204851,0.3125,0,1
0.21721037782891028,0.97419180404179806,-0.061400168576388352,-0.97592902188032593,0.21799655747132624,0.0063281262914601866,0.019549834145893681,0.058547671759324682,0.9980931690560908,27.472533719006368,15.692229217944444,-1.0775336408713132,,0.1494652037365585,0.2142857142857143,0,1
0.8613709158771482,-0.48179598146811659,-0.16097446232908441,0.50213264586072059,0.85550779944779087,0.12636934377020118,0.076830666025200403,-0.18968141006744235,0.97883502769003516,11.798700394308216,-3.7279087854519961,-1.1555616492515672,0.06353691480236751,0.1373463828681853,0.1111111111111111,1,5
0.95305859902542533,0.2861108418755286,-0.099095373176392915,-0.28581052832922171,0.95812599684016819,0.017519020383683102,0.099958234877690094,0.011625847939355371,0.99492371111549394,-10.904222572163491,11.049345556316194,-2.5148214714616679,,0.07730088057778858,0.3181818181818182,0,1
0.61985113894019395,-0.74036462180549878,-0.26008612483819016,0.78172091973262658,0.61152714927187923,0.12225771695801672,0.068534438109042778,-0.27909634981885911,0.95781431306431664,-5.2578754233005496,-16.134778377112418,-1.6521522288807511,,0.4971403342727125,0.3181818181818182,0,2
0.54389827124473167,-0.78527438078316292,-0.29583579469464399,0.83605816619116102,0.53734273847388492,0.11076788412919218,0.071982034439605574,-0.30758239269341336,0.94879484527632751,-0.40912680135993451,2.6027348025497035,-1.7761819114138571,,0.3675056215974363,0.3865979381443299,0,4
-0.77382671402954573,0.62803736763586215,-0.082227012029211094,-0.62693567337264167,-0.77794686702350035,-0.041836987715561963,-0.090243438027523923,0.019176468427125955,0.9957350977803463,-9.7461931379043936,-8.2258957227093106,-1.8792146207453533,,0.07262318190118715,0.1123595505617977,0,5
0.44280421796559205,-0.88488472103896509,-0.14458027190343625,0.89528138989222728,0.44516033855286857,0.017421420497063307,0.048945453971953178,-0.1371543052597565,0.98933969852836268,3.5335053363337661,-6.5576454879086485,-1.3510738775730782,0.3993675911087825,0.2948302303183851,0.8934426229508197,1,5
-0.90588392961523867,-0.39888854997246126,-0.14234546275073282,0.41284651994353677,-0.90667247437139831,-0.086618561450516232,-0.094509560550051691,-0.13723319175080503,0.98601977365898852,-7.3502712239164971,-16.217722146408562,-1.7865536579586467,,0.08904338553536553,0.3809523809523809,0,1
-0.59836515195164752,-0.79064577347114684,-0.12976288306790104,0.79934274330013699,-0.60016994128661605,-0.029107049136442242,-0.054866416534099134,-0.12114166280942228,0.99111773965986272,-21.294166307800015,13.316153369343077,-3.270460100439887,0.1654948397319397,0.1454172044730993,0.5,1,4
-0.23380820567675434,0.97141953969174444,-0.04096096755811051,-0.97219283858528338,-0.23415191204823277,-0.0037372031850377891,-0.013221481070821141,0.038948170550576013,0.99915375816190488,4.1358648205614612,18.021245674825845,-2.2937180934131138,0.1827542402549291,0.09221405276527254,0.2,1,5
-0.89365111587866941,-0.42453555634380025,-0.14545530065511386,0.43848513390744798,-0.89501522416473489,-0.081722309411306385,-0.095490682430156487,-0.13681121998290149,0.98598388407509696,8.0827509840372773,-4.4744385364629577,-1.2569438695760202,,0.07679920906046277,0.2,0,4
0.92453380685274311,0.37383866703581703,-0.074039793457693542,-0.3657025958737169,0.92494177041010373,0.10365487312156457,0.10723269724108993,-0.068755889780485843,0.99185370708733789,-10.890423286799836,18.361616826360418,-2.9734740497650987,,0.2963654124833197,0.6862745098039216,0,5
0.53777041030302719,-0.79152694212781727,-0.2903241045595461,0.84034979063007498,0.53098591560074004,0.10893202844725884,0.067935375103876372,-0.3025542221147019,0.95070801379291281,-18.647225765305755,5.140907164750244,-2.7286732213072766,0.9350806116005639,0.6919766174753307,0.3493975903614458,1,3
-0.86101441529175804,-0.46153656369322232,-0.21363093650977724,0.50064286268973812,-0.8430988141646435,-0.19631890788203832,-0.089503635108393209,-0.27598621329411432,0.95698521899450451,17.433526530201998,6.7556111451948553,-1.2038799415611019,,0.161717657563233,0.1739130434782609,0,3
0.87623528098600179,-0.43854648279608432,-0.19972159318052607,0.46736334040409766,0.87438040256831306,0.13050065000144526,0.11740204598603651,-0.20769182466255109,0.9711235068551447,-14.981223187909256,-8.5826169345625072,-2.1227430430275867,,0.1977919661182844,0.2037037037037037,0,2
-0.010502737597567613,-0.97183552463350842,-0.23542600868058142,0.99990780930074874,-0.012233447821526834,0.0058919991322952218,-0.0086061258608984888,-0.23534242247140771,0.97187441512931882,2.5232428069651074,3.5526418642537587,-1.672422899384842,0.5950045860392374,0.2162239519975135,0.5955555555555555,1,5
-0.1725193270747008,0.9835108047533403,0.054254757571386182,-0.98335649917463308,-0.17515538386144969,0.048276153899816522,0.056983131861130694,-0.045023198884415742,0.99735943081995881,17.772603908390828,8.7109043048925141,-1.3594742325307179,,0.4664998124512437,0.4146341463414634,0,2
0.64830815153082955,-0.74424227976418256,-0.16062368962917495,0.75805659114220358,0.65063666382771601,0.044968169953870346,0.071040448228733274,-0.15091507775749369,0.9859908184262719,-15.842189508901491,10.302317954871373,-2.805910561187094,,0.1543079282192927,0.3846153846153846,0,5
-0.93945581497642849,-0.30814184273447859,-0.14990455784656401,0.33604321860305886,-0.91407356545089402,-0.22703407712232751,-0.067065094780152767,-0.26366289405240545,0.96228070299785151,2.5188290568219429,-15.645193824435186,-1.1544406576880202,0.5067715624136194,0.2855881793979563,0.2272727272727273,1,4
-0.94239530009443229,-0.31260097263697306,-0.11904507661529243,0.32127944526206326,-0.9449537684977859,-0.06198300939718248,-0.093116144744202448,-0.096659232917754925,0.9909522573160251,-5.7086923448508156,16.059559676978218,-2.5553775203848765,0.204182077123307,0.1419468563353404,0.35,1,5
-0.11525770136747138,0.99325091187954961,-0.012972599042964276,-0.99333558108880093,-0.11525171408486203,0.0012106789313628789,-0.00029260632326774758,0.013025684279297768,0.99991511936293642,-4.0922052344519155,-10.797401376250733,-1.6399274499838754,,0.1019462870322641,0.3157894736842105,0,4
-0.82702177515319475,-0.49283943741146458,-0.27045197790810838,0.55268725018123022,-0.8007875139806202,-0.23081629262217787,-0.10281919523886157,-0.34036546003478024,0.93465478477657415,16.117946882626772,8.0183602440886936,-1.3661331746802607,0.65001887625593,0.3054634070376889,0.2790697674418605,1,4
0.68381555043186726,0.7290446463446445,0.029836163020306283,-0.72312051456126381,0.67166463934911269,0.16113141738555917,0.097432101528270948,-0.13175931042715081,0.98648186486500933,-5.2416111113499646,-12.536650345158511,-1.6995858060815014,,0.1718610600466723,0.2391304347826087,0,3
0.81975069562448677,-0.55541263437824928,-0.13973404236685619,0.56576758777295688,0.82322851781207829,0.046923811508630717,0.088970970820480222,-0.11752281920521278,0.98907661650517242,-8.1654594771260314,-1.0589683040067419,-1.993577624363746,0.3288232475190447,0.2650170494647003,0.8439269981120201,1,5
0.97865432156941456,0.18197030255542962,-0.095511925231329536,-0.17364983079655372,0.98075435654240095,0.089255971158405875,0.10991567284895226,-0.070765112244575448,0.99141860167699902,-4.6519372638347987,6.7227223906892695,-2.0365023613394735,0.3507643901448554,0.2352551319718316,0.6637931034482759,1,5
0.97893593186137717,-0.16835468274700688,-0.11550386187418454,0.17651743205558429,0.98218549437535152,0.064445719944364085,0.10259647894152246,-0.083476675998747404,0.99121420847009722,-9.0132576590767144,11.820615471110264,-2.4888259735803855,,0.07763740881341555,0.28,0,5
0.25074819146901967,-0.89917256924667321,-0.35862798996920214,0.96786417809983838,0.24016547629477519,0.074561898763551265,0.019086047944458576,-0.36579944602259595,0.93049797853806326,-9.3745332540304052,16.721038530353354,-2.7321627253441227,1.055105684639476,0.4482665584796293,0.5925925925925926,1,4
-0.49672141345179804,-0.85649088200977141,-0.1403253592640071,0.86649203965084742,-0.49862360580449322,-0.023791699313852006,-0.04959216309219773,-0.13340865327500417,0.98981955355064,-6.4952512126144697,-9.5988374651905239,-1.7614379286770454,,0.08174692170835494,0.3658536585365854,0,2
-0.82571083795141142,0.56350325095248011,-0.02580112895910985,-0.55607333743933596,-0.82080450397663407,-0.13062315889899098,-0.094784257546583081,-0.093509638100351331,0.9910963081879004,0.68003935932731863,20.212564934943725,-2.4232455090094676,,0.5641413191517308,0.1052631578947368,0,2
0.45108028962996072,-0.8785901342540634,-0.15686283275134855,0.89102779575393454,0.45336815043752654,0.022951848786987316,0.050951344449731817,-0.15012227070052953,0.98735366730391094,-18.932632331992107,2.2604327970885532,-2.6629195361890536,,0.07689074514335761,0.2592592592592592,0,1
0.97742791457679334,-0.17947707348725706,-0.11145695087571103,0.18273159539817768,0.98296702551579163,0.019621182224172896,0.10603695511140263,-0.039544997674639544,0.99357554182337637,0.012707192563672955,12.97783033849193,-2.1133453914978091,0.3122095983399922,0.2381776875027962,0.8333333333333334,1,5
0.87878596421447053,-0.46353328663678089,-0.11345537131113016,0.47408622136183398,0.87517521261422138,0.096491460453812308,0.054566324912905202,-0.1385829693914635,0.98884643741085676,-15.759531967959909,-13.298188076318906,-2.214300127493567,,0.1454246190636301,0.4,1,4
-0.99247181417970798,-0.076729034572786348,-0.095458647132498922,0.095620515994471439,-0.97247432101374121,-0.21248626282612662,-0.076527217248439167,-0.22001443185025593,0.97249022349729541,9.4181821873950629,12.303302224387666,-1.7837130143786901,,0.2261166021650045,0.2857142857142857,0,7
-0.73350536847454795,0.67816383930466151,0.045427761100211642,-0.67739458665139918,-0.72391964384067109,-0.13067870230827661,-0.055735521836587539,-0.1266260491413847,0.99038345870902278,9.678126936232248,-2.2064610717449598,-1.2467973121878229,,0.2789199098605101,0.22,0,5
-0.95673495568986633,0.28733648467693762,-0.045781755477581385,-0.27750077755026664,-0.94841327638278383,-0.15331528182105744,-0.087473098836765087,-0.13397761661700383,0.98711623187217457,6.4499580662372278,-12.713580847367204,-0.99444031154904011,,0.3542504711427387,0.4444444444444444,0,3
0.24645492830917118,0.96555300521139498,-0.083470728039022501,-0.96885323409773483,0.24760933481158492,0.0036094449052089341,0.024153241821350511,0.079981319327750239,0.99650369265151839,-2.5286788541028615,11.775303705776059,-2.1166880408686217,,0.1039488901852567,0.5510204081632653,0,5
0.97138128567230742,0.23046019133983164,-0.057502156944098409,-0.21053615218951668,0.94747469479539614,0.24076177301142407,0.10996784287621646,-0.22176519774297318,0.96887938908987692,-6.65610923632984,0.76217614687523405,-1.9604744772773077,,0.2720604201676295,0.2202072538860104,0,5
0.80449948567213447,0.59080985953104004,-0.061026940232854578,-0.5842608397282667,0.80566901415049696,0.097656084284532263,0.10686369221252114,-0.04290861823316644,0.99334737215539504,24.851824965088653,-1.2314133193744143,-0.5258858690479723,,0.1897034753032761,0.3043478260869565,0,5
0.23914645686683444,0.97001275307073842,0.043407730281217333,-0.97037516709805616,0.23717545641114374,0.046041698009373438,0.034365786000904314,-0.053132492472057979,0.99799595740476232,-20.589257266610399,21.298034975883667,-3.6181901773311318,,0.3631112005876483,0.1666666666666667,0,2
-0.022762180061427623,0.99855673134251388,-0.048645014640793537,-0.99967362853661768,-0.023298178480366239,-0.010480042362865647,-0.011598257079475453,0.048390589684864031,0.99876114825451034,-16.654581467755918,5.4420412247522512,-2.6528474901494086,,0.081483298983842,0.3888888888888889,0,3
-0.41757108491451511,0.90821650774083951,0.027877663287075916,-0.9073410973438929,-0.41513334913983369,-0.066305621954132629,-0.048646912688210295,-0.052981860093597961,0.99740984574392866,-16.662236025563306,16.906607040189122,-3.228190848987146,,0.09144768668251735,0.2,0,2
0.64291231023373463,0.76591820266942379,0.0057504929843658573,-0.76417386384607644,0.64090243164618055,0.072679976090892218,0.051981411720748431,-0.051121227779210673,0.99733873528799932,-17.822938255073691,-9.3844506566440344,-2.2974208071745466,,0.1839464970775193,0.3962264150943396,0,5
0.81536791034924128,-0.55646743785837627,-0.15974717955584578,0.57232396627390314,0.81635893778734414,0.077481367587501224,0.087295179713554438,-0.15460296018529321,0.98411253233597495,-0.23046878188060332,-16.41134967587594,-1.3308737728359368,,0.08525820835223641,0.3125,0,3
0.88097535902464064,-0.45149116873712175,-0.14155614202073319,0.46371605860561343,0.88332508546440625,0.068587246486321723,0.094073555171905313,-0.1260655303470696,0.98755133956449659,-2.9267539458311744,-14.770923189394399,-1.5385834603745681,,0.08604840061320429,0.1818181818181818,0,2
-0.54770496752859665,-0.8234838761371327,-0.14796477380330264,0.83634211797536839,-0.54382197424654977,-0.06920637273445214,-0.023476163335898338,-0.16165384643969552,0.98656824583313951,-10.869557952615088,9.5682522762987272,-2.4184756611047709,,0.1092392959659529,0.2702702702702703,0,4
0.98274685388224503,-0.14449378879607602,-0.11545633886410703,0.15041274973911986,0.987631690557908,0.0442679175209892,0.10763190001326482,-0.060870262075032808,0.99232564478322904,-0.85868531578249774,19.368661894758013,-2.4499838128684073,0.330778744188099,0.1422388321791864,0.4782608695652174,1,5
0.35850532733406609,0.93341983693031905,-0.0141893727158611,-0.93345347871056727,0.35862705913346488,0.0071579005596470223,0.011770019381187045,0.010678973839180372,0.99987370510555384,16.298847144482053,-4.3187494879126271,-0.85656841253532445,0.1870749139267162,0.1823414707203759,0.48,1,5
0.91088586602853616,-0.3966983666385776,-0.11365449826438014,0.40141018745913432,0.91565491783455299,0.02111712218604312,0.095691172390487786,-0.064857361584342993,0.99329588853213924,-8.3800998400038651,-14.988114569484512,-1.868758039696792,,0.2978283031594223,0.8026315789473685,1,3
0.62491686078414743,0.77927703945362881,0.046970340514760713,-0.77592013700158258,0.61333102504640125,0.14755675081464392,0.086179220831535924,-0.12865593455382021,0.9879376460085687,-18.096591080888508,14.005415565324382,-3.0948048504804753,0.7290515710220735,0.413017521573552,0.2727272727272727,1,5
0.28071852964177896,-0.92172834493263123,-0.26760785725294439,0.9590902250055362,0.280035795365351,0.041543875757171431,0.036647611308101055,-0.26832221574414949,0.96263188245744435,-21.472464482073804,-10.055138644687203,-2.5497220417599311,,0.3695440479976604,0.2142857142857143,0,4
0.8234543457946254,-0.55172956201738965,-0.13235343134215907,0.56237256631557231,0.82459730073105442,0.061452325283061257,0.075233217713863793,-0.12503512315808368,0.98929580052139132,6.9238501307976197,-0.54502760090128466,-1.4212617656017366,0.6461307040501179,0.5326050652233845,0.7637474541751528,1,5
0.091046369410280298,-0.97976439471207677,-0.17824783160444177,0.99577078918858197,0.091778549235031925,0.0041513008879591664,0.012292030587186946,-0.17787194482208674,0.98397686823891017,-19.619108385463893,10.457526477804596,-3.0587515625635371,,0.1127567005869126,0.3823529411764706,1,4
0.97187239464942954,0.22368812046947059,-0.073672744480027752,-0.21856376176405296,0.97319191977965891,0.071605651446856378,0.087715053223093795,-0.053489363769051966,0.99470847860147071,-3.4687391403912708,13.054093442918004,-2.2304027635866324,0.1962488398678084,0.125254292459574,0.4444444444444444,1,5
0.5640839816876162,0.81687012421188265,0.12055066061000647,-0.82473303563520339,0.55024799114032485,0.13054718755293113,0.040307338480579644,-0.17306168962569707,0.98408585501901813,-17.257328948243234,2.4635790540294518,-2.5612541093063341,,0.45228312278368,0.2647058823529412,0,4
0.56352766422007128,0.82609644866844556,0.001108673103988132,-0.82345518186382893,0.56161764465178199,0.080667122654719203,0.066016173172014886,-0.04637109782144009,0.99674048085073563,-9.5277057715172813,-7.43774317605678,-1.8741129259001825,0.3410251778771426,0.1779090725867745,0.198019801980198,1,3
0.86921478459353552,0.49421371643431999,0.014780417185990154,-0.48393579025780536,0.8442499151882441,0.23032201721111453,0.10134993414683521,-0.20735207544854967,0.97300221359234973,-16.427644938099263,7.0841224306090433,-2.6467952932497956,,0.329442949839117,0.1666666666666667,0,5
0.9090445603193944,0.41466368234956263,-0.041134145111087032,-0.40502352645211431,0.90246234565362482,0.14668898287755303,0.097948610883526244,-0.11668652543313894,0.98832703312634806,-6.5075168314715617,2.893501485627294,-2.0245781492701376,0.124688338854758,0.1239786895177775,0.4042553191489361,1,5
0.5161372983088871,0.83683480160927226,0.18250973702784265,-0.85551102873295004,0.49343038280353124,0.15693099452514092,0.04126946826277187,-0.23713703241360293,0.9705992266880179,13.703932584380668,6.3278673373636618,-1.3780597999096484,,0.2916349683378214,0.3809523809523809,0,2
0.52934755750017137,-0.82860274604346518,-0.18223241374089311,0.84680035162125755,0.52921911218405482,0.053444324237807816,0.052156762387227926,-0.18260509453010951,0.9818019411209844,-19.37762691996015,3.9616285685760144,-2.7498322144406355,,0.1706048067253712,0.3538461538461539,0,4
0.12217206323102692,0.99061387856672534,-0.061303593343799957,-0.99246385009673999,0.12252197817038754,0.0019675152781269321,0.0094600854662399807,0.060601224873785275,0.9981172267458206,-1.3174632671635771,14.666425198914753,-2.3059302776906536,,0.08212818471881503,0.5263157894736842,0,5
-0.99939107451206821,-0.017014879345524071,-0.030462666765574211,0.022793548156255033,-0.97937500548840239,-0.20076118346692373,-0.026418447116771278,-0.20133328712721257,0.9791664685570528,2.5196353963724856,-13.716821090375515,-1.2176763697310706,,0.656592042398668,0.5967741935483871,0,2
-0.80196518606971146,-0.57847045597137914,-0.14907639618812252,0.59159540940825051,-0.80370107783946876,-0.06387056479130962,-0.082865625558839362,-0.13941488101325911,0.98676075066492264,-11.605812765133455,-15.893136460296144,-2.0364822758292553,,0.5463163565307889,0.4468085106382979,0,1
-0.47687789657341317,0.87724670472248767,0.05500627976199278,-0.87865833187817854,-0.47410948113977947,-0.056389145359961576,-0.0233881931917557,-0.075222463047327937,0.99689245832854001,4.0752867115025637,11.796947412735596,-1.9724701918521585,,0.4036493454110797,0.4754098360655737,0,3
-0.13635083006421625,0.98771807215261542,-0.076298499879877621,-0.99047136343488562,-0.13742522128039988,-0.0089881461643424188,-0.019363092631024977,0.074345938013812271,0.99704450860761917,1.831383172145838,14.014283178763121,-2.1030503196778518,,0.07982878873986687,0.3333333333333333,0,4
0.99300425066790055,0.071341133542668397,-0.094090386439474719,-0.054667412675212523,0.98406572880384946,0.16919253938973722,0.1046615122520239,-0.16286523281104823,0.98108148682692209,-4.4858197166089528,11.67462623633712,-2.1924117484888894,,0.0861992931206107,0.2727272727272727,0,5
-0.07740554749127268,-0.93789732282878346,-0.33816710817017193,0.99619250353158895,-0.086403893409607788,0.011613057785366506,-0.040110810575722085,-0.33598062300415721,0.94101442275912917,-0.065258413841944807,-3.946164999398301,-1.5688409166381463,,0.6495363638497756,0.3294797687861272,0,3
-0.34278586307502129,0.93940124075973408,-0.0048125809067787947,-0.93883128770690738,-0.34274924337289742,-0.03344801025316891,-0.033070610797240482,-0.006947303532869954,0.99942887174381734,-0.04776083978521569,14.336267265075467,-2.1746025114341161,,0.3634779415858902,0.5517241379310345,0,2
-0.14379195055999749,0.98828152843209682,-0.051220069446155987,-0.98934691110792194,-0.14475005364238805,-0.015495530056729861,-0.022728053928228423,0.048446285001469393,0.99856717001621487,-5.3376748417106246,12.989352033629549,-2.325563094422344,,0.1149624356565251,0.4852941176470588,0,5
-0.5306161643370888,0.8373343882722396,0.13159638430044343,-0.84615725344930204,-0.51418938231817712,-0.14009704331778394,-0.049642608506495579,-0.18568899086377161,0.98135376398761798,-26.27951595037473,15.337389438917409,-3.6980808394178748,,0.4189328787759058,0.6785714285714286,0,3
-0.97939574528279949,-0.13980109243326788,-0.1457382196831507,0.17362245241455143,-0.95147395785307787,-0.25407194167195224,-0.1031465856900083,-0.27414040578116905,0.95614215458718799,6.9230692676233065,-11.311314361641838,-1.0499160098808205,,0.7421215589130947,0.3939393939393939,0,1
-0.57120051347406342,-0.80171347960766237,-0.1760269014166275,0.81859527474338001,-0.57215045422712685,-0.050454275294579645,-0.06026399899421675,-0.17291429768259586,0.98309149934385998,-10.691324436822388,-9.364266822042131,-1.9055516330912079,0.5873699810954948,0.2831222393034729,0.4126984126984127,1,5
0.91807702505640865,-0.36616873350686069,-0.15183884438955669,0.38665581280232747,0.91162131711843175,0.13944122991937244,0.08736050875393267,-0.18672716132699438,0.97851985607498904,10.681727144934385,-8.989438595659168,-0.92695007338677715,0.4973189215441617,0.2523653762129091,0.2222222222222222,1,5
0.96349378742578795,0.23291998128924996,-0.13201516544748332,-0.21031820128467718,0.96358764914518269,0.16512146021410734,0.16566827034857626,-0.13132830894775305,0.97739802509961915,-6.9552403777549729,22.124732824773371,-2.8648298634125178,,0.3210214395074571,0.6111111111111112,0,4
-0.98717092237438964,-0.060770280004321178,-0.14765006971448166,0.093241437707694344,-0.97008875945222484,-0.2241290545169097,-0.12961328756225979,-0.23502079025617756,0.96330972373098323,5.1841074789919501,-8.2777982254604527,-1.1971133795641817,,0.3734131356994054,0.1956521739130435,0,4
-0.28059224540218203,0.95918586040388631,0.035078155901046543,-0.95924413461895797,-0.27896098598824748,-0.045071703934860444,-0.033446704161822924,-0.046295285912513105,0.99836770003991548,-23.363078930915112,0.91690483986043381,-2.8978510897012693,,0.2227320098592638,0.3809523809523809,0,3
0.73236209132749408,-0.64059646530148551,-0.23082880199330172,0.6762387220071604,0.72392777747644721,0.13649089294211078,0.07966779804000218,-0.2560561298646355,0.96337339610049622,-1.8234914445072157,-15.546891644062629,-1.4510081154979244,,0.2771826366796154,0.6557377049180327,1,5
-0.61997875681633241,-0.77124515213442368,-0.14424720588498433,0.78142727062932094,-0.62349731111181894,-0.024950425911036123,-0.070694849977104943,-0.12818743442897118,0.98922708203992982,-26.165239109880378,9.7430161638241053,-3.3667057036414674,,0.1405204695092346,0.3333333333333333,0,2
0.8576180774582064,0.51241137198090192,-0.043884155244670403,-0.50749206104681721,0.85702531289954353,0.089215587337032054,0.083324913389346417,-0.054242040098873893,0.99504510445234051,29.821098585917685,7.3793491107755518,-0.64667891222366058,,0.2437418166184853,0.1818181818181818,0,5
-0.64739780988017936,-0.68141030268353819,-0.34140309775846622,0.75927444540254185,-0.61551762103282648,-0.2112826892027673,-0.066169421344079063,-0.3960025979647353,0.91586218946093156,14.167558063544536,-1.1119399807172481,-1.1857541987465816,0.403862822007166,0.264009066046492,0.3,1,2
0.57221190288717205,-0.76333224739403627,-0.29982898172560157,0.8178647842388127,0.55815304551705991,0.13986555144863547,0.0605865735641304,-0.32525229879033946,0.94368438009503919,5.6715339182285804,12.707333721702676,-1.9384239803072094,,0.457427251150783,0.131578947368421,0,4
-0.96857835495354572,-0.1698031197275548,-0.1817219602752303,0.21293130130952023,-0.9437147655371082,-0.25310610863800703,-0.12851549026524769,-0.28384739181121615,0.95021809439930838,-30.833877463192113,-12.470193659481327,-3.369293882901955,,0.2993047486070495,0.1818181818181818,0,3
0.9656420181813733,-0.21876076417888374,-0.14028264603462282,0.23850028939456897,0.96039886875826974,0.14405424272315923,0.10321387833673981,-0.17256228134707435,0.97957600745168438,-6.9097838176246134,5.3745379394340977,-2.0954577096075191,,0.07451189814909932,0.2166666666666667,0,5
-0.0093047524021017836,0.99586367589691227,0.090382302536640466,-0.99993964978944472,-0.0097944850907295405,0.0049764285154592523,0.0058410925089044091,-0.090330543510468847,0.99589471057306334,-16.971343784035678,14.927666593112454,-3.0749864904283348,,0.2490750606824096,0.1818181818181818,0,2
0.99427622551432249,0.050896036906604054,-0.093938175435730256,-0.018222879503810595,0.94714469770619136,0.3202886951948779,0.10527447002755247,-0.31674361088149755,0.94265092739898648,16.419296898729364,-0.67304210757736715,-1.1318511656390491,,0.6936733394719863,0.3291139240506329,0,1
0.76699751849977127,-0.61505901359839965,-0.18280376474940324,0.63549206424959581,0.76753161997241026,0.083934787891039683,0.088682821848311208,-0.18054811584142799,0.97955997007591622,13.998118247804085,-8.8023580038456029,-0.78106750859572982,,0.1141050966973853,0.391304347826087,0,4
0.1976337826405804,-0.95378742769679725,-0.22634140303245789,0.98020851291502464,0.19498799988547577,0.03421916290000427,0.011496050108238584,-0.22862463268026798,0.97344677212661246,-9.332101985608535,18.86000326628908,-2.8925511882447892,,0.3164172387705918,0.2608695652173913,0,4
0.9849862749044187,-0.12531535817150513,-0.11873541702568734,0.13729047821360268,0.98560201260148661,0.098691424894865695,0.10465831472843798,-0.11351094115655115,0.98800906038151159,-5.8140135819395073,-10.275882118875842,-1.7363238237349838,,0.07609925102179582,0.1666666666666667,0,2
0.78802298608166932,-0.59696532325692131,-0.15050639931806414,0.60731963998852623,0.79384832511808745,0.031107741663688446,0.1009090099601427,-0.11591910772589301,0.9881194928615149,-6.153587545736892,-8.1656881044537428,-1.7409759847018085,0.5050546293950875,0.3806152993187917,0.9682403433476395,1,5
0.99413640740431053,0.028596759155170594,-0.10428340634574622,-0.0070103041366432525,0.97941265056370719,0.20174666181051251,0.10790578811705433,-0.19983264318322652,0.97387024577673764,-19.57804964312237,-10.72765756649661,-2.4119060953478204,,0.09911108359894782,0.2903225806451613,0,3
0.31727709252070135,0.94768106849262312,0.035154501593534629,-0.94758098272508617,0.315331771254799,0.051537900763130105,0.037756161608000986,-0.049663532475958595,0.99805210575532555,-1.0650671619356324,10.021085064427616,-2.016525681775061,,0.1316619480958355,0.3333333333333333,0,5
-0.67265440377634811,-0.71677570217985531,-0.18376247126347989,0.73773131391139135,-0.66886834879441104,-0.091474807764816382,-0.057345981156990675,-0.19709826165040994,0.97870512091207995,-7.4547774156160065,15.014330594549708,-2.6212267379664431,,0.1555684144547856,0.2727272727272727,0,5
0.73690571714152375,0.67143735319936604,-0.078369922628295355,-0.67175796438208701,0.74030918732122253,0.026144683150211994,0.075572490585994856,0.033379453207320477,0.99658146218470745,2.5400077238819532,-6.4180669391016929,-1.4132950342928383,,0.06777432004034162,0.1904761904761905,0,5
0.98523324627109876,0.16115371377995655,-0.057835378247595368,-0.1360797521822695,0.94201961087926556,0.30672683900319392,0.10391222973320631,-0.29432725537028848,0.95003879671204416,-7.6315709476065017,4.904978230351861,-2.1181351337115983,0.08643480252199526,0.1079521996574349,0.1333333333333333,1,3
-0.89030546775730091,-0.43877400126489485,-0.1217930617705601,0.44980177866196103,-0.88906746270844039,-0.085072949083194405,-0.070954450135206362,-0.13052364754009052,0.98890294945401025,1.5942441574997368,2.664907873133965,-1.6694404969352037,0.3480335353535206,0.1350689528298426,0.2201834862385321,1,5
0.096656334512958478,-0.9822713064088372,-0.16062575635431195,0.99521576638441844,0.097690488890229174,0.0014651690217115012,0.014252415177549277,-0.15999890307831408,0.98701429557800369,-10.036358756064018,-0.8152376843033885,-2.0879855070440203,0.1601045057790526,0.1138527491684881,0.6246913580246913,1,5
0.49726001723074503,0.86059265196728119,0.11005799672718672,-0.86617705728157335,0.48516680773849563,0.11979346437878895,0.049696888259866991,-0.15489821189658698,0.98667966597499468,-32.573761064457983,-10.608038548205412,-3.4838368604554097,,0.1436259344652902,0.3,0,2
0.7658282353165432,0.63655919796243721,-0.091101599773926428,-0.63816016704362644,0.76977425073811279,0.014113968238198037,0.079112042008792238,0.047328536740497501,0.99574158013974901,-4.3602642171950912,-9.9899915502403154,-1.6649605795835409,,0.1098856093721364,0.5447154471544715,0,3
-0.57226876265479776,0.81970716486043904,-0.024261639804571793,-0.81899156135175533,-0.5727827594742646,-0.034245187744558023,-0.04196767475283842,0.00027262704704066255,0.99911893183461042,-27.598218458345386,-2.3325865191329442,-3.1799448415147729,,0.289010216686348,0.5925925925925926,0,2
0.70658943427300569,-0.65797918882351392,-0.26037426610343878,0.70339009251791473,0.69327643717693788,0.15687625506395489,0.077290032484100227,-0.29399178344028959,0.95267784804109168,-10.565473012129667,-6.8687503718948539,-1.9596414992798075,,0.08092840429673358,0.1764705882352941,0,4
0.17735451076132841,-0.96884287186259876,-0.17288397020442098,0.98396156135426627,0.17797394238500444,0.012038339138564421,0.019105582688989771,-0.17224623500376546,0.98486862638483075,-3.9885741926672988,20.908632091609562,-2.7557400577477709,,0.1218160389672347,0.1538461538461539,0,5
-0.41235797136720737,-0.87296733995768983,-0.26055503606170427,0.91099526585890378,-0.39293472534050694,-0.12525943958139557,0.0069662782449702622,-0.28901613274828614,0.95729888017203835,-12.537545976498823,17.860901288397727,-3.0374015746282201,,0.4331694334346793,0.2666666666666667,0,5
-0.18238340001530065,0.98322159133017129,0.0034055456281020394,-0.98232483001091908,-0.18206648604013256,-0.043470944376876042,-0.042121535381299563,-0.011273730667550519,0.99904888731931363,-18.926902825406607,-7.2385210354469551,-2.4283380606826395,,0.7566665148392331,0.7,0,2
-0.94216384518356777,0.32551579026291766,-0.079791974022588072,-0.31762727485093373,-0.94320195249055583,-0.09738065048443309,-0.10695888508993807,-0.066404420843119566,0.99204347172531027,16.104376197533174,10.512186762763365,-1.4724746388005374,0.5512855954195768,0.4336444769190624,0.6419753086419753,1,5
-0.62672797370881439,-0.76459498261695691,-0.15035477886591317,0.77810237861602582,-0.62446823308339305,-0.067794647737018321,-0.042056335586032868,-0.1594802132763781,0.98630488501801272,16.672658121984885,15.758899676768767,-1.6587632711880698,,0.3978272722607983,0.2777777777777778,0,4
