axis_00,axis_01,axis_02,axis_10,axis_11,axis_12,axis_20,axis_21,axis_22,location_x,location_y,location_z,dbh,dbh_approximation,score,reconstructed,number_clusters
0.27009089602108527,0.95182364571234457,0.1451986754395099,-0.9529945395927879,0.28577838312283543,-0.10065844845828155,-0.13730373408199018,-0.11118661431376883,0.98426887658026818,-0.01661777450505899,11.632823035006401,-0.11039437064636326,0.1901045128653213,0.1491592799477566,0.5076923076923077,1,5
0.9936908255982384,-0.039705874720352745,0.10489035529819803,0.048402944328336098,0.99547964629172325,-0.08171553585000435,-0.1011716269624966,0.086276980311071366,0.99112087283346217,-0.50091014890456498,-5.8424305675949499,-1.9484948370429556,,0.09635034825889752,0.5590551181102362,0,5
0.24909353416839758,-0.96734446030249599,0.046873301116625077,0.96460205032240642,0.24347899802415865,-0.10129591321944698,0.086575376114153876,0.070446239383123457,0.99375149388942718,5.4241410963419945,-6.5213062532171833,-2.350145742957487,0.1612214813574798,0.133783696773693,0.2682926829268293,1,6
0.92624132170887186,-0.36576594819904168,0.091061984917192168,0.36609683084421663,0.93047669668176625,0.013646515233241193,-0.089722485502932825,0.020697537782210423,0.99575171982022248,-5.2718753669830765,-14.80221134443336,-2.5748225923671169,,0.53963439951445,0.2,0,3
0.17609320895871133,0.9578527913805277,0.22695640947801976,-0.97652924345927061,0.1990321993226411,-0.082321444968229435,-0.12402345918207724,-0.20713332343522964,0.97041948037701098,-28.692529855031523,-10.88808477283389,-0.81296513087322841,,0.1614010237014466,0.4347826086956522,0,3
-0.96178669267658901,0.24588579408515129,0.12044307392849181,-0.2649772508819811,-0.94666911195650727,-0.18331570849904613,0.068945009284627143,-0.20822528361031006,0.97564789599534818,-12.854734713071897,1.2893750271498572,-0.50744320541160193,0.4520675500098811,0.4047374610395275,0.9163636363636364,1,5
0.49024461481341475,-0.87013150709518883,-0.050312801618499006,0.86954670406773937,0.4922280594195142,-0.040000837054139086,0.059571361335619855,-0.024139135865959189,0.99793213949059012,-3.0567380436506881,-15.475940703062529,-2.7733052709016208,,0.407303604030513,0.75,0,5
0.30771920661103014,-0.94879495441379491,0.071393447609731764,0.94758311461035549,0.29881424635917664,-0.11312067484830717,0.085994946293471944,0.10246062976442627,0.99101296084373214,3.8831268686831972,-1.4117141524831898,-1.7981882159578551,0.2093438746807465,0.1623394896334606,0.5238095238095238,1,5
-0.92803139157187009,-0.3622056786389139,0.086975758800389991,0.34346953632779725,-0.92242042752400843,-0.17654810251372174,0.1441749419002758,-0.133968657708254,0.98044172946682673,-29.147344363279089,-3.901684698187613,-0.17510823631627476,,0.2140134550148204,0.8604651162790697,0,4
0.6213678613888175,0.74823298123780213,0.23248523957679215,-0.77077347931870399,0.63703351132962605,0.0098259361888445463,-0.14074879897188164,-0.18529897795465183,0.97255028885756578,-3.4630832784218777,11.34237882832649,0.082584783124718661,0.5363110474396834,0.502910259838289,0.225,1,5
-0.81041086192775424,-0.57935425564978182,0.08707974121460145,0.56673967765182542,-0.81291607803832588,-0.13406561021340468,0.148460003518187,-0.059296682261948008,0.98713906357113934,-24.307575451502906,-10.75578529817065,-1.0153428009573309,0.1642460598014322,0.1097684629771548,0.5357142857142857,1,5
0.059250141928445681,-0.99677089127126817,0.054196042251622313,0.9921632430126488,0.052819475084058459,-0.11323516356003327,0.11000690840161811,0.060480520551042888,0.99208900141962653,10.640162397451949,-10.984431543858598,-3.1406063287741373,,0.08728758154409506,0.35,0,1
-0.97629695050913257,-0.19519498713791508,0.093504980737908014,0.16935261122867304,-0.95796677691181009,-0.23155851831281854,0.13477372702643994,-0.21023456264236642,0.96831682375861594,-29.273965015338955,-5.3985807923234646,-0.26845989013954785,0.1004995827577948,0.1177220632949479,0.3529411764705883,1,4
0.81211442158647362,0.55911182965185269,0.16692551690686794,-0.56408842467175535,0.82546013755696934,-0.02048927660429271,-0.1492461570781804,-0.077521114851293108,0.98575659335842514,-11.298597621774316,-11.739780977136828,-1.8838907430475944,0.3145461137773983,0.2761736224668885,0.4130434782608696,1,4
-0.95783914115484714,-0.27253858041290774,0.090922504685375591,0.25703204353473608,-0.9542695959225469,-0.1526566961982915,0.1283694210787861,-0.12285056159552922,0.98408791845422061,9.5092061126926719,10.821900887378542,-0.62473862833244664,,0.09209811428498814,0.6428571428571429,0,3
-0.69947375780867971,0.691573104783749,0.18017520050432367,-0.71465730991237153,-0.67646200952459734,-0.17794403350143459,-0.0011796295266785449,-0.25323070589822372,0.96740519848948003,-6.7495652763126852,-26.027644958631488,-3.6925859628282058,,0.3379444324153628,0.7222222222222222,0,2
0.94560302117459283,-0.32516645572201613,0.010084761705821576,0.31920037210544044,0.93334703402882813,0.16423896163011178,-0.062817583471743751,-0.15208579862291893,0.98636902884468047,-11.892025186305005,-16.665742520501745,-2.3630825781634952,,0.137839462240317,0.25,0,3
-0.71185792108323653,-0.69974803271706532,0.06009152102958748,0.68198978409801925,-0.70915253127309796,-0.17886481424499118,0.16777435613641847,-0.086344531370288746,0.9820368563987073,5.7334021899708985,-20.905216956285951,-3.9017552306229604,,0.2359381448315469,0.7142857142857143,0,5
-0.1663559059416457,-0.98601435094582568,-0.010070366786548332,0.97139310625694686,-0.16211675041858339,-0.17353268380970358,0.16947314145555367,-0.038650471699580392,0.98477662206339223,3.242532435714188,16.536947391720815,0.40380266915571911,,0.153182068969734,0.3157894736842105,0,4
-0.97302751397264964,-0.20953507640869529,0.09650134095756345,0.19321557218785299,-0.96878244448364348,-0.15533292607949475,0.12603650152367099,-0.13249764909121739,0.98313741321799708,-7.7433672011173211,8.85045935899862,0.080810024019315099,,0.09002983304719288,0.5,0,5
-0.83659690899567907,-0.54317218860724681,0.071201020937137718,0.52104686139172574,-0.8290968847921889,-0.20275237079186478,0.16916199364132936,-0.13252293820883759,0.97663805514417124,-17.75888501222957,0.17266040974217531,-0.34520206295678507,0.4404830510077446,0.2245473270514943,0.8304347826086956,1,5
-0.12453663194120343,0.96921707525033152,0.21238853158288501,-0.98690742475627102,-0.098888547375375627,-0.12741581596855872,-0.10249079112626042,-0.22547575532899555,0.96884277439279676,-3.0788555924393552,-5.5650405371826626,-1.8090784246867286,,0.08234249634825389,0.2018348623853211,0,1
-0.54566387959538321,-0.83679720736304131,-0.044959584677027008,0.825625559703979,-0.52764190733493999,-0.1998410688207978,0.1435038872937156,-0.14616583517827333,0.97879629288132819,9.5522802294145208,-16.319264548754528,-3.6200506166484021,,0.2030219201101623,0.1111111111111111,0,4
-0.98496813470676459,0.12796706626489182,0.11602673641808539,-0.14691691189201417,-0.97388670847259429,-0.17308986122973605,0.090847094683259952,-0.18753428756355983,0.9780479008594809,2.5640219529545791,-4.9595432150935821,-2.049500078126004,,0.1201326743204354,0.4366197183098591,0,4
-0.9906131533431457,0.076626822767606476,0.1131985444080018,-0.11075755022500039,-0.93527662232324438,-0.33614045398282466,0.080114577273459039,-0.34552274855378873,0.93498432325902103,-1.5671998640676945,15.573822187781186,0.60100820145064671,,0.1775888928263802,0.1052631578947368,0,4
0.36979648998090664,0.88639274289874914,0.27849319800352867,-0.92035713160161992,0.39052192256763724,-0.020865720790684689,-0.12725292259056217,-0.24859713057577285,0.96021151855289266,-6.8515148891859434,-18.525589313853271,-2.870701649341143,,0.2773469387129973,0.1428571428571428,0,2
0.39415362690086259,-0.91782423224574428,-0.047345507742610413,0.91457793600018389,0.39679001652844531,-0.078133742806809348,0.090499267303884232,-0.012504458639474185,0.99581801607100595,-24.931893631381044,3.7856781256462955,0.49502301730301373,,0.2203921312880282,0.4242424242424243,0,3
0.98963949643246019,0.088701732479778028,0.11289672163526165,-0.095259331340363115,0.99398291392161031,0.054070570780137467,-0.10742125903884572,-0.064264838652164993,0.99213441812060832,-2.3340947811290382,-31.889169151373963,-4.6110810971463252,,0.3256085653411844,0.4285714285714285,0,3
0.99332453571350965,0.059317441564292417,0.098933350675131246,-0.057919331727526828,0.99817741187387787,-0.016947136542950901,-0.099758296706481786,0.011103852981531562,0.99494974078452181,-8.6195911222169013,23.811674259937494,2.2763265377402555,0.3285268509210224,0.3396247817734009,0.6818181818181818,1,4
-0.85730818958273136,0.49488256346965559,0.14182353982355264,-0.51356519222128372,-0.8412478730620333,-0.1689757657397154,0.035685591113173785,-0.21769994130065665,0.97536314988038963,1.7640941672843453,11.487965341428682,-0.21413694224087854,,0.08061180416924546,0.2,0,5
-0.18371482695519528,0.91515366874168147,0.35880722532505333,-0.98099836658392359,-0.14753008550571689,-0.12600428020646948,-0.062378418675831201,-0.37513815649613252,0.92486771833824222,-20.587077890468318,1.3817894934807931,-0.024830876774461604,,0.1654451987497715,0.325,0,2
0.78777195245839093,0.60581912280157679,0.11134873761216296,-0.59661737029056716,0.79540813245177822,-0.10664715794217298,-0.15317657910876212,0.017581048816900983,0.98804242942043452,-9.027615024998827,-32.202433341483115,-4.2039922485334307,,0.5223995852199553,0.5,0,1
0.018755989340911446,-0.99982368546742362,0.00090046775720610723,0.99427903615393576,0.018557239177942077,-0.10518948207351228,0.10515422544360603,0.0028682490182693394,0.99445178969064385,14.839652236425875,2.1692291858876271,-1.8567331857130005,,0.1337967997035638,0.5555555555555556,0,3
-0.97738773956723812,0.053161858714750189,0.20466319483882878,-0.12078625016927555,-0.93479870744947979,-0.33400906921942414,0.17356234705053011,-0.35117686901157624,0.92008201719060678,7.0482269104694186,8.6420247442481948,-0.7866011220181548,,0.4494893576311003,0.6071428571428571,0,2
-0.50249218734028311,-0.86189528517631719,0.068103737436446515,0.85160923437060321,-0.50700886713863136,-0.13305532900833866,0.14920895950543028,-0.0088614916146523386,0.98876597856604576,5.1906742762685427,24.161559435644509,1.3672894119122516,0.5292561374297251,0.4197071331560226,0.9487179487179487,1,5
-0.92811914136086804,-0.36634253156137497,0.066242048645627619,0.34271701939503896,-0.91026720700913744,-0.23229002660632406,0.14539568101063868,-0.19289054257010385,0.9703882390726225,20.62478304831496,3.7569102973859629,-1.9997595663541228,,0.3202119387745318,0.6851851851851852,1,5
0.99445086703589158,0.0060199080328209404,0.10502968037103497,-0.00014048966070602886,0.9984365614349886,-0.055896449373228296,-0.10520196440286003,0.055571516959275279,0.99289694993419431,6.453296034620764,-5.2431919948761445,-2.261036503515951,,0.1043801844980743,0.4117647058823529,0,5
0.9952757833724396,0.029640349968353012,0.092453040437450687,-0.035097257502649547,0.99770135804337656,0.057967082677965742,-0.090522359382464432,-0.060938081789263417,0.9940282956936769,7.4983500050518801,-1.523225111496975,-1.9250706360661856,0.3877873183384422,0.2120703097149221,0.1904761904761905,1,5
-0.20845375732259733,0.9679418448795587,0.14012714222893133,-0.97357566850645116,-0.19170115895351264,-0.12410110131701815,-0.093260113394249819,-0.16229371702883519,0.98232545557094031,-2.05198366742695,13.587889772696348,0.29283534665113453,,0.08950267337088849,0.5454545454545454,0,4
0.99210810231395286,-0.071546364858779243,0.10296907787536171,0.074778388747387403,0.99681055341925473,-0.02787316215188446,-0.10064644007292292,0.035353051742318994,0.99429394840416963,-13.257271526296812,-3.4213037753960345,-0.97271918565093596,,0.0786117847443302,0.4266666666666667,0,5
0.64319667783745327,0.72769551199847693,0.23823785475053622,-0.75016111715245981,0.66123167501216884,0.0055650941748632329,-0.15348072169310595,-0.18229622535279227,0.97119089487633026,17.00233498847069,-4.4286986514867781,-2.7625695745084569,,0.3430100965487761,0.2,0,4
-0.3723101817659753,-0.92563154788810087,-0.067759620037788737,0.91762846964888722,-0.35618333404065722,-0.17632760487661606,0.13907954645895576,-0.12782671906123808,0.98199654258597624,19.915222921016465,22.757708812918967,0.304767942698843,,0.3349820620200227,0.4285714285714285,0,4
-0.94236462745092675,0.31021154532247808,0.12537027589470603,-0.32868092714748126,-0.92838113386945431,-0.17342813613925953,0.062591988774496732,-0.20463935942018951,0.9768341596798028,-4.9140227376801988,8.1232048822240905,-0.23191348446491564,,0.06768352458568576,0.2592592592592592,0,5
-0.99045325859831379,0.085383833827354372,0.10822173281242475,-0.10069717907285118,-0.98429283953940527,-0.14500925542262597,0.094140430521382532,-0.15452251276884213,0.98349396154163093,-10.044308599940742,-1.8602274146475393,-1.0635592977867734,,0.08355319882264794,0.5112540192926045,0,5
0.35927748523935599,-0.93303202619374881,-0.019259457335868736,0.93192151910658261,0.35978982207309779,-0.045536426722885916,0.049416301218974057,-0.0015880898578265257,0.99877700571470873,-9.2381760445567718,8.3725443419814187,0.099010047049885655,,0.4225241923689687,0.2558139534883721,0,3
-0.97055556337686577,-0.23543454915077466,0.050916318252451874,0.19996616704385037,-0.90535803765146239,-0.37462028201591446,0.13429605517663012,-0.35340825786342867,0.92577922467396645,-22.934599667092847,2.3662319773850067,0.22679504373879217,,0.2331663234274033,0.4642857142857143,0,2
0.0022935682779126089,-0.99780391472106245,-0.066197336138825405,0.99322884992218385,0.0099620134874882742,-0.11574631730440087,0.11615158727632825,-0.065483631959423222,0.99107048322437274,-27.617168289193607,8.3591148047377413,1.3572861362658664,,0.1679636879804941,0.2173913043478261,0,1
-0.72493432200907448,0.63579935522795294,0.26500831810523029,-0.6887981290028764,-0.66619464346800772,-0.28590528938211657,-0.0052312766492407627,-0.3897997907981145,0.92088476849080614,-18.568709308597967,-5.5559366309159852,-0.79052676649933684,0.1611745804703581,0.397439272072947,0.3109243697478992,1,4
0.58277190931710321,0.8004759227721393,0.14005427081310726,-0.79692086448852562,0.59668028034775289,-0.094285623437453892,-0.15904099299790722,-0.056665157779893095,0.98564447060794702,-3.8275958754807946,20.950675454670652,1.5336251368225726,0.264139870889338,0.2574255005895801,0.7258064516129032,1,5
0.21997173441846893,0.95347764768948373,0.20613784566027424,-0.97059941599369826,0.23509099090820054,-0.05166236218459859,-0.09772005796980876,-0.18871301319815997,0.97715822102669159,-29.427531908239715,-18.06039758406623,-1.4308077431574815,,0.3119649616542093,0.1666666666666667,0,2
-0.51318042707780609,0.8376263368767306,0.18715760480063523,-0.85534660190259004,-0.48110307458749141,-0.19215104016412596,-0.070908672797714095,-0.25869277414132191,0.96335352219687975,17.011080983643094,2.8706399237538407,-1.891701853765362,,0.2710558053399206,0.4067796610169492,1,5
0.99220209933900705,-0.097751239714113286,0.077328450143673982,0.092053513708531196,0.9929926097674594,0.074106865816370229,-0.084030617522317261,-0.066410632293076338,0.99424769712444061,-24.551878423860551,0.68307229951445081,0.096091951158323682,,0.2557119040469235,0.3888888888888889,0,4
0.96662834636756956,-0.24265707651189014,0.082141239444033967,0.24581777301876992,0.96883007663781295,-0.03069047197525528,-0.072133643099402761,0.049858056727815195,0.99614803704697197,22.373981243600902,8.0723588012280256,-1.6235267446181934,0.3306869030006829,0.3220203015538096,0.4,1,5
-0.85788236370808613,-0.50495191038544118,0.095191481954642637,0.49246184176125835,-0.86083588562879809,-0.1282299201543598,0.14669418682325905,-0.06312801447675441,0.98716547211725658,-14.241789447724011,-5.5990645472292604,-1.0999126030420683,,0.07973331371025456,0.4375,0,5
-0.85895849763256393,0.48388414551455772,0.16747069315093896,-0.51111272256016793,-0.82996941161061,-0.22341566782092995,0.030888253138410829,-0.27750118830445664,0.96022862189567793,-28.195281217811154,0.8822882026458766,0.24824449986724814,,0.1508328727468228,0.3846153846153846,0,1
0.90117834017200982,-0.42430485317644939,0.088560661558800671,0.43014406535054678,0.90062335288774187,-0.062077848520599672,-0.053419867545000672,0.094037055484279916,0.99413447276881028,-1.8633118874404444,-16.635000521056991,-2.9753580511244722,,0.105652721319177,0.4444444444444444,0,5
-0.99242009051756153,-0.083343388235533888,0.090311923767230406,0.052686947355236338,-0.95247768990094273,-0.30001722587103735,0.11102454465343925,-0.29298486288268816,0.9496491039358228,1.615637797095566,8.2826434211581681,-0.57646904248096764,,0.1230702623094742,0.4333333333333333,0,2
0.89309622631297425,-0.44064479918473759,0.090616176795137227,0.44435730295361953,0.89550406015210682,-0.024881028171642804,-0.070183458573303117,0.062487112291536535,0.99557503129606206,-5.362748268744161,3.1195616688896846,-0.86313944103601425,,0.4171421484140406,0.8370681605975724,0,3
0.9942634092480731,-0.034703816693110283,0.1011727143914269,0.044203893970885623,0.99466343752107533,-0.093223719173655503,-0.097397581018262139,0.097161160788089049,0.99049150427759947,0.513144009765652,-2.791741629323321,-1.7568938320050813,0.2828909461331876,0.2162316200777307,0.8630434782608696,1,5
0.98496101021695226,0.11971504403540754,0.12457975992913345,-0.12545001392821098,0.99132410979542529,0.039227583964849967,-0.11880278766852137,-0.054266173348671912,0.99143385057818134,-31.216352638359137,5.0088185595960688,1.0700399973498567,,0.1952531616652659,0.3333333333333333,0,1
0.54172856852874685,0.79686991879901325,0.26744810815006742,-0.82763597152093848,0.56124989592151131,0.0041536697854829465,-0.14679528835895461,-0.22359983640724873,0.96356331212550028,-13.816045826017058,3.2147668485227201,-0.20893413383425233,,0.7081542714294992,0.204830053667263,0,3
0.40775574424418831,-0.91133835470038371,0.056547823016138407,0.91093367433678496,0.40175682938423368,-0.093761884592896125,0.062730327554952697,0.089743263229751291,0.99398745098201469,-16.75712745702603,3.2812493869601478,-0.030549059795869159,0.5545309600655588,0.4989786502798371,0.9492140266021766,1,5
-0.21255766689379599,-0.9737258928434156,-0.081713669914891748,0.96765724485928672,-0.19812858410155804,-0.15615543741172561,0.13586277899410695,-0.11226286014620195,0.98434666429860651,-24.10465838087374,-4.7917412392489993,-0.47494818689821833,,0.7679484859121042,0.3125,0,1
-0.9171545179426549,-0.39790141380874927,0.022406586227594848,0.37111664802343641,-0.87320453537493892,-0.31588965313933043,0.14525847230790043,-0.28140416537364193,0.94853132364363124,1.6882484369177451,15.802283260935809,0.41293701913254749,0.5204574877293573,0.3943486711074303,0.1851851851851852,1,5
0.70345389680133341,0.68703127326378421,0.18204572126957869,-0.68793597942558449,0.72253139782480424,-0.068501586617359889,-0.17859648173124765,-0.077048093518768693,0.98090105922990112,4.2884907379292212,-4.6822947298726643,-2.1090172654679327,0.2734940140391574,0.1763914279093374,0.4150943396226415,1,7
0.6699904019241425,-0.73889178859517646,0.071775943575453652,0.74230544971923695,0.66552114353375635,-0.077873145734860746,0.0097714198890138278,0.10545393428479638,0.99437617987219007,-2.0478140238835083,-9.2336311209255832,-2.2169941634797423,,0.06876895110183552,0.2307692307692308,0,5
0.24215611636553871,0.93391147867130941,0.26300145496313881,-0.96017592598013246,0.26960903010713333,-0.07330185572607803,-0.13936501165986928,-0.23477717284833985,0.96200679448452198,-9.6993168018752645,15.507189637500701,1.1094378483911611,0.5541980347491673,0.2581937774951203,0.2417582417582418,1,6
-0.77350556166737838,0.61609429809852623,0.1487177256419592,-0.63355348315485105,-0.75803278105719585,-0.15490734916410073,0.017295376607315442,-0.21404232920891322,0.97667126058609588,14.882638352165179,-7.1081474474043329,-2.9166040723733313,,0.1789115615323534,0.15,0,4
-0.99263514663299135,0.042800231282126081,0.113329633684648,-0.066639407891520827,-0.97416570367132171,-0.21577852327427527,0.10116647164336362,-0.22174156577591841,0.96984329817887427,-6.8596397784831185,-19.452631910570201,-2.9472687084722309,,0.2198444929957855,0.7,0,3
0.032419940446015379,0.94361135045844058,0.3294640598722044,-0.99245277020569989,0.069397719720585616,-0.10110121368517935,-0.11826430726347692,-0.3236998235766923,0.93873956870045105,2.8224784039475899,13.756876879666144,0.058386234698814155,,0.1907059149557413,0.5454545454545454,0,2
-0.99172119467554842,0.058805220388539525,0.11415348477535818,-0.079597844992978825,-0.97910340331624446,-0.18713820744845691,0.10076336191183952,-0.19467529804678169,0.97567836566494592,2.2576285896849342,3.2941191105919074,-1.1964687256090745,0.1753868194993123,0.1131634298742119,0.2833333333333333,1,5
0.88840039076898158,0.43361915518445526,0.15072880925237883,-0.43528428964671895,0.89998590532548994,-0.023515046294021104,-0.145850378361772,-0.04471910634815842,0.98829543591941682,-15.681728467564714,-17.745055997926265,-2.1993725874210726,,0.08956963813178573,0.3,0,2
0.9917441346011644,0.0737881938659109,0.10487551635245371,-0.068098461270247837,0.99605816029585081,-0.056839606619591768,-0.10865620579061101,0.049228485189492861,0.99285970065721563,-2.570916060908659,12.403986515171052,0.16522878541828323,,0.08378717100478841,0.1666666666666667,0,5
0.88225167833188378,-0.47023042271823051,0.02270078480598426,0.47009510861994358,0.88254340336332149,0.011301771166007245,-0.025348864514548021,0.00070052131979435805,0.99967842046215172,1.9676988595169178,-11.50326462924366,-2.6937840310331533,0.1576879381920543,0.2463352001154784,0.2380952380952381,1,5
-0.27719040657646538,-0.95806938548405951,-0.072584647827015222,0.94971446628869838,-0.26175477911377776,-0.1718338387311186,0.14562936181947794,-0.1165653816932604,0.98244826874841484,7.4791811582529668,9.3024030660422365,-0.71505272235055717,,0.1129479327286093,0.2333333333333333,0,3
0.68151503657313051,0.69135039806519227,0.23994141372390249,-0.72071323386203179,0.6909503650592429,0.056214122430506282,-0.12692395148614524,-0.21123972192653431,0.96915844443493504,-18.072268429278683,-13.472230239701243,-1.640727684307115,,0.3537246690212669,0.4230769230769231,0,3
0.74645884331201529,-0.66487343010467403,0.02724916846682543,0.66542664142767605,0.74566932461080793,-0.034418646294494024,0.0025651743745159473,0.043824425555929976,0.99903595511128696,2.7869073920256309,-2.4079589501433394,-1.8183582555225559,,0.08223674161538697,0.2857142857142857,0,5
-0.082877015678475843,-0.9731049378639739,-0.2149376192688969,0.98873633375415537,-0.053318858773255186,-0.13984835220162425,0.1246268935126827,-0.22410684773979866,0.96656311651619997,8.1921957032651633,3.3770781858343879,-1.4377690808318566,,0.6996932226747903,0.3669724770642202,0,1
-0.74883193478244692,0.59645563659289402,0.28894879654800931,-0.65988206848973308,-0.71157539258841906,-0.24128016153084181,0.061695940998486389,-0.37135041973748095,0.92644075721284413,7.7614978277958473,-5.4255547766417704,-2.3476904674827175,,0.580301667112249,0.2,0,2
0.84228079263425704,0.52390318455107854,0.12684052813137667,-0.51905058144051752,0.85175859673519438,-0.071370769884832763,-0.1454288838768584,-0.0057224212472992732,0.98935215855093783,3.0199157969951926,-12.122611950800451,-2.8045496192877093,,0.09754165346367409,0.3636363636363636,0,5
-0.9785210333507206,0.17440354835820529,0.10990900604729974,-0.19207401396610715,-0.96494266938162687,-0.17886648083307555,0.074860940744729459,-0.19613527761911792,0.97771508755060443,-2.1680567721613384,21.728118329045369,1.5154701760332894,0.73721675557088,0.4958648491429762,0.7407407407407407,1,5
-0.97838890093940001,0.17441238137010456,0.11106520491765669,-0.19907956430224275,-0.9397181153821571,-0.27802372326806174,0.055879205397187805,-0.29412613764746537,0.95413171499367011,-23.895244130767249,-23.283539750661713,-2.3006690661693541,,0.2927543857235018,0.8,0,3
-0.98782801756874539,-0.12067562478371734,0.098148873092168853,0.089420232278854775,-0.95684935052160758,-0.27648389187360395,0.12727855186715029,-0.26434203976938381,0.95599343943625648,-0.9849319461802899,28.459440790363601,2.3813969621643465,,0.377751830186093,0.6,0,5
0.1534688668510609,-0.98731160156054587,-0.040781225231715769,0.98492288754244028,0.15617125690941822,-0.074414004800126318,0.079838665460490052,-0.028746129118215325,0.99639321934575875,-27.554342023257515,-10.726974358413237,-0.86639364205591074,,0.133840656391458,0.5294117647058824,0,3
0.99404826322846351,0.015614108929911984,0.10781581504956099,-0.013029162354627283,0.99961151558093553,-0.024638564209853591,-0.10815863951073472,0.023087172202570738,0.99386552972667119,-11.68257332283968,-12.836498560094407,-1.9536756813201439,,0.1193641559165617,0.3529411764705883,0,5
-0.2913410462439478,-0.95648196140733277,0.016206550399879883,0.94638050380230065,-0.29065348002918506,-0.14101239863866322,0.13958630590565474,-0.025745136420421068,0.98987516948063092,-3.6004528963071021,6.9559962921360636,-0.4399485781577171,,0.07300298910500967,0.3846153846153846,0,5
0.70677304055419343,0.68379905669498919,0.18135798633868661,-0.68985490432792296,0.72297615651930791,-0.037492506975154577,-0.15675484081996574,-0.098612003161950096,0.98270218922718111,5.1056275324742622,-14.652661789882714,-3.17041441162793,,0.0967600629282758,0.3333333333333333,0,5
-0.54612970542184092,-0.83201008914293795,-0.09747592738832464,0.82338399470539936,-0.51172883329480512,-0.24530062869409305,0.15421135534983454,-0.21422607856910963,0.96453410781686166,6.0497483967119718,-3.8187505953385261,-2.109628083874501,,0.2773963850138516,0.2666666666666667,0,1
-0.98117452524842252,0.14094363585416322,0.13202818833772123,-0.16701195201624755,-0.96253309109297402,-0.21362831374779634,0.096971948971103852,-0.23165694477656679,0.96795222043731655,-26.441961383858377,-14.616603667785231,-1.2557444579635728,,0.145142771612003,0.2916666666666667,0,3
-0.63698221135370847,-0.76858688670404551,0.05939579114316916,0.75431032949432975,-0.63732743921917423,-0.15757430639697281,0.15896411304787153,-0.055569171353490203,0.98571926934497478,-22.357956922082675,5.9069296357401599,0.67952329237852771,0.4690573260330721,0.3994149088945982,0.9206349206349206,1,5
0.99451585992872604,-0.020572330593858039,0.10254259390206434,0.0059124019184020734,0.98995415234559947,0.14126506913339062,-0.10441861832921341,-0.13988407867818028,0.98464673699686589,-26.038632052723585,8.9944732106218552,1.338959570661685,,0.4335208631076848,0.2666666666666667,0,1
0.99465009963364304,-0.016738631756281548,0.10193624235624249,0.01963891383910123,0.99942845368480715,-0.027515069115228653,-0.10141741646287071,0.0293697833176048,0.99441033958113734,0.91647553119577685,-10.798687659721093,-2.5242525787774719,,0.1371379094945339,0.3278688524590164,0,5
-0.015073845414244167,0.97679005549455256,0.21366788872307663,-0.99344763872006292,0.0095810540665981474,-0.11388587499995639,-0.11328975375540473,-0.21398455759685681,0.97024535082839636,-2.7127183117072442,15.400817095133446,0.64983315736558434,,0.08255944341588824,0.36,1,5
-0.4402058789074258,-0.89264156239833292,0.097004253795412387,0.88514719404457465,-0.44955658480363336,-0.12005549522912759,0.15077542588352447,0.033013908262392658,0.98801662577655291,-3.8372138993605311,5.1166243108702121,-0.68581626556850017,0.423337201759508,0.3464077138635183,0.9600420609884333,1,5
-0.78479796882440966,-0.61943685351790845,0.0197517754369715,0.59965155905711243,-0.76701012019037784,-0.22828377788602458,0.15655719673478513,-0.16731246226558885,0.97339425934262125,11.306248856960186,-1.1838572482089036,-2.0613398379856824,,0.2886842412703921,0.3529411764705883,1,5
-0.29118211944916811,0.93264154573938052,0.21305567458753535,-0.95421991304022591,-0.26722197335391856,-0.13437549819197664,-0.068391014545732848,-0.2424297096432223,0.96775539523771636,-8.3068033427616417,18.884420517641924,1.5630597101244756,0.5088167040950957,0.441219083513038,0.628099173553719,1,5
0.57962152251952836,-0.81459156246278541,0.021896963181714541,0.81416993864342668,0.57777711021137401,-0.057453650233490576,0.034149694603353584,0.05112922139277417,0.99810801072742916,-20.654853802130539,4.5746247075827791,0.367284009195468,,0.2353348329679625,0.4375,0,1
0.92487337208474618,0.34557836454047763,0.15869732061418032,-0.35387412442760358,0.93491832782454309,0.026473087435325011,-0.13922050735860808,-0.080643129027153065,0.98697230765180166,-5.3483970041388478,-16.080213055175065,-2.6902223118158752,,0.7369002947062063,0.5714285714285714,0,1
0.99390679822951922,-0.036710009555210442,0.10393099456660183,0.044690250077612868,0.99614180443449041,-0.075526730407182094,-0.10075742146932445,0.079711232937742849,0.99171269093543357,-11.004709088994581,5.201852792065873,-0.18323678413396885,,0.07901303373484098,0.3537735849056604,0,2
-0.98901972960603579,0.060624695157855089,0.13477618775963857,-0.11006261851759087,-0.9107644599543685,-0.3979878371119896,0.098621470558167307,-0.4084516431856352,0.90743653261476065,-5.6830671596879041,6.923898447187983,-0.31699502473251673,,0.4161838888824495,0.1842105263157895,0,2
0.73216785091743342,-0.68066600134523991,0.0249806464213671,0.68107994959778817,0.73204595021214436,-0.015454094404831911,-0.0077679044034945112,0.028328808493845777,0.99956847602877996,3.501060485346128,-9.4195474126559109,-2.5367659216110843,,0.2578268192932968,0.1842105263157895,0,5
0.81850378761712239,-0.57275624129316094,0.044741901123603156,0.57447104342889066,0.8167721133401743,-0.053538165186590006,-0.0058796188775788157,0.069524117610763672,0.99756294395506595,-1.6005131432750053,29.538250720998757,2.5515254000923364,,0.2351663206468828,0.3928571428571428,0,3
0.85830638681687987,0.49633040969442305,0.13025463815895189,-0.49181223472339669,0.86810978045735587,-0.067127750227913299,-0.14639286910820512,-0.0064446479227752628,0.9892055369777405,-3.6849253924078051,-9.1528689182887923,-2.0950907249153294,,0.1057137975592407,0.4752475247524752,0,5
-0.76439926314163997,0.62401092721270446,0.16218547785686285,-0.64470799499208298,-0.74240691717049445,-0.18216358179035524,0.0067355550481501261,-0.24380798193772024,0.96980013417283539,16.151147343262011,-0.10590563871577735,-2.2205056686816373,,0.1589526302068674,0.3478260869565217,0,5
0.9746623140746975,-0.20063140380017747,0.098895972272510277,0.20752947768685784,0.97605652369731566,-0.065155033872533935,-0.08345591299347796,0.084027985558867299,0.9929624404927625,9.8073613391763708,-3.5815381375960973,-2.2618833158393796,,0.08978045829867493,0.3714285714285714,0,3
0.98689870844591077,0.11141634120539699,0.11669335105393103,-0.10821920960052049,0.99356567895074066,-0.033404255486289482,-0.11966428849590877,0.020338154379323892,0.99260607369449982,-14.603644979461453,-12.26377979373896,-1.6936887732778969,,0.1445878291386581,0.4615384615384616,0,5
-0.20808740367282785,0.87842326995623299,0.43020017576949132,-0.97376258582242703,-0.14462528227476637,-0.17569847517655285,-0.09211980723559475,-0.45547347510732589,0.88547041429317863,6.1226159986860873,7.556809021585396,-0.84868128161701817,,0.4401154676527218,0.1379310344827586,0,1
0.71983958241995261,0.6645944156138851,0.20036276679140511,-0.67645988153475145,0.73637795946598195,-0.012228225002324311,-0.15566953541222808,-0.12673501310827859,0.97964546250007489,2.2561508916953081,-15.558052119909892,-3.0906606887723651,,0.1305338544278295,0.4285714285714285,0,5
-0.31151070798907277,0.93206285814059453,0.18498623538775311,-0.9466739580139959,-0.28754768948337173,-0.14534353611664505,-0.082276947113165341,-0.22039771946996434,0.97193381936538092,-13.20172301290806,18.139316946068497,1.8184849842949118,0.7990880054913797,0.7437786844904246,0.96,1,5
-0.76062292751113392,-0.64801577336701377,0.039093728550032583,0.63050234228834146,-0.75172856698919521,-0.19331569502057189,0.15465949215391825,-0.12239166246081673,0.98035744626476384,6.326119124615607,-6.1836783102532102,-2.3527419686730937,,0.07702829467586304,0.2,0,2
0.38928189672365537,0.90311201751455161,0.18124096861369487,-0.90904593928281963,0.40842167281351111,-0.082626977735063653,-0.14864415614698953,-0.1325911799367154,0.97996147569500891,-4.5863966080612499,14.377776473443824,0.58636692645923472,,0.07826116607828484,0.3333333333333333,0,4
0.98040726185923799,-0.17531722685704648,0.089807966577721901,0.18003541943046114,0.98251807294677251,-0.047386539053387473,-0.079930273640018451,0.062626721933334517,0.99483116409555439,-20.106269496374008,5.5945962110026484,0.45310798629033711,,0.1232109365083231,0.3478260869565217,0,2
-0.81634804846062414,0.52667049415190659,0.2370528514157057,-0.57725962154321098,-0.75727225753041705,-0.3054669496206982,0.018633118641785348,-0.38620838748604619,0.9222233397204328,-12.742360873811986,-14.916289336534517,-2.0965832575508552,,0.1591558208729946,0.3076923076923077,0,1
0.56793104580214127,-0.82280710446816385,-0.021042719662673619,0.82220402077706811,0.568320438409461,-0.031502817399416017,0.037879749631020837,0.00059001931662928681,0.99928213055427784,-3.2609829028804787,3.0697771955406288,-0.99809741566716614,,0.07607720472340149,0.2424242424242424,0,5
0.983359663954948,0.13577605418613248,0.12070059824233505,-0.13529140593780786,0.99073024914043406,-0.012239645317837299,-0.12124358451392167,-0.0042937801270636934,0.99261349812826816,-26.145676815949873,-20.267239803286571,-1.8229865664185798,,0.2199313241829889,0.3181818181818182,0,3
-0.81298669270242063,0.55791340144264501,0.16668915375476187,-0.58212283085449257,-0.78544802701920513,-0.21024844030239759,0.013625244465057104,-0.26796274618375016,0.96333292239543589,-1.4397719074144533,8.9434306625901261,-0.37639309240519436,0.6031032529602988,0.3998788578384905,0.25,1,5
-0.94271658646773893,0.29695445905477047,0.15199831198438774,-0.31845784228078605,-0.93678984959631206,-0.14494612924526801,0.099348076420636491,-0.18504817464868056,0.97769480553530164,0.65146741254221729,12.942936993278455,0.071757812987859299,,0.1144883519907731,0.34,1,5
-0.60612995998979202,0.78305568633885914,0.13939248076976021,-0.79481979747494691,-0.58984765646491955,-0.14262269000661995,-0.029461180299753809,-0.19723978872230064,0.97991249844061312,-18.839629429148054,-7.2842847745718577,-0.96276288879856331,,0.07803208804814868,0.303030303030303,0,5
0.069740525241380191,0.97192316721302219,0.2247256464528784,-0.99424130676848854,0.086095948122549476,-0.063809964991123971,-0.081366350872738719,-0.21898137991958797,0.97233053649166412,-19.602040520161815,-2.3753950665056127,-0.47277849479729256,,0.1645184671784663,0.5675675675675675,0,3
0.82645885813701592,0.51244782780353748,0.23315870043019343,-0.53336011941285411,0.84525121191116848,0.032823342038977882,-0.18025742377712736,-0.15148469408536819,0.97188458606518491,-19.92823007140538,-9.3230630443963118,-1.0912016216876979,,0.2278708130709683,0.4375,0,5
0.37554540334704695,-0.92440531375359247,-0.066636821120353934,0.92577205159300602,0.37754837129365265,-0.020083222420394842,0.043723660804884386,-0.054148344735850548,0.99757515919763495,10.801642724035705,-4.6323934377534561,-2.3916823858706118,,0.2327311174808995,0.2,0,2
-0.77175482282549535,-0.63342441398258742,-0.056285035457065112,0.62507730154228425,-0.73934374517681634,-0.25029820927153046,0.11693100761647385,-0.22835134823060285,0.96653132448931078,-26.927237827072023,-2.1602242852200386,-0.068762897905767062,,0.2296388128766103,0.4,0,2
-0.97331047564149453,0.19743064265685156,0.11699512531140054,-0.21702797638677301,-0.95757899638826405,-0.18958196945255079,0.074602784612841408,-0.20991333215436364,0.97486964129152254,-1.2349749677520776,22.836590722898922,1.5980046482092098,0.3254166168226245,0.3269861966558051,0.7777777777777778,1,5
-0.19898037957293668,-0.97693067233823783,-0.077545277030697468,0.9741414633997294,-0.18852823104788086,-0.1245211443225203,0.10702905133861129,-0.10031733420857253,0.98918209376577448,-11.607524953052639,27.71816629323553,3.1041992475466218,,0.1885165675567924,0.1428571428571428,0,3
-0.43786358348370735,-0.89837899552071965,0.034505980148205544,0.88798650409249036,-0.43816118106806923,-0.13962359383224562,0.14055408499365493,-0.030495242452170824,0.98960324846848535,-25.723189505118739,-0.58600902224275719,-0.0030854345582299264,,0.3537616249420221,0.6857142857142857,0,3
0.42239700780393225,0.88007851482415589,0.21689300482770921,-0.89749404664114429,0.43957296870038354,-0.035777666660022821,-0.12682745776048937,-0.17954780124757774,0.97553953432199314,9.8789044724597534,8.4407061767369278,-0.92471880682338869,0.5125789389645187,0.28542601829217,0.1111111111111111,1,5
0.96217011676963171,-0.25807747645527135,0.087319428204667704,0.26441019253955345,0.96180325614423301,-0.070864282622107061,-0.065695635141975475,0.09127164190934893,0.99365666651336981,-28.648510233908627,-9.0079967301543498,-0.59855742953868962,0.3602907098260695,0.3110902412248504,0.4871794871794872,1,5
-0.3419754223512057,-0.93970888346947645,-0.00015759525114099796,0.92628700716650203,-0.33706272919448987,-0.1684669016230966,0.15825672454034462,-0.057757518268280537,0.98570729845185279,-26.333942649716143,-22.111415868037952,-2.017796589792356,,0.3535027173375153,0.8372093023255814,0,2
-0.59828531400449037,-0.79936724056185415,0.055377773186330109,0.78602958035149373,-0.59891366513660116,-0.15316631654870946,0.1556026409126936,-0.048108589972804483,0.9866475468533964,13.492399679453506,-7.7669302248101229,-2.9127101977119367,,0.2732447269038721,0.3157894736842105,1,5
-0.72856982398415071,-0.67888975729031653,0.091075293169977881,0.66699899153992337,-0.73341243352010055,-0.1312194636585923,0.15587930223229743,-0.034855412842457155,0.98716095107695212,-10.555158993810384,-3.3019264000324924,-1.1519569840360724,0.3004496900226902,0.2681715502114526,0.9009146341463414,1,5
-0.64880972126065106,-0.76000956825011057,0.037833870618249804,0.74829059642575924,-0.64625788499197867,-0.14970614344935418,0.13822853865414295,-0.068820071592357326,0.98800641133930145,4.5179867750696134,9.8136320467327334,-0.55275539830053599,0.1199602930799868,0.1291729503551091,0.4594594594594595,1,5
0.92234873674010043,0.3688905129840408,0.11485903214076242,-0.36074889418461498,0.92870778419689282,-0.085802604370007848,-0.13832224397586601,0.03770465491779218,0.98966929618888944,6.2148713996688354,11.696840688007937,-0.37184982696346036,0.1546194492975546,0.1647431895904349,0.4827586206896552,1,5
-0.96869972166162233,0.21926102914262796,0.11638492321607055,-0.23854033515381987,-0.95196474836354106,-0.19199381859279452,0.06869758188901752,-0.21374685722240511,0.97447058614929272,0.23211051812806063,17.336418526814569,0.74267182926023834,0.2165933684726125,0.1847398006457249,0.819672131147541,1,5
-0.96097724943246632,-0.27002087945408398,0.060095347008364559,0.24482686823238894,-0.93132208294003116,-0.2696274882495549,0.12877317525297455,-0.24439292642604521,0.96108769987352438,-14.744856403074083,-9.1347648713980636,-1.3906167253552109,,0.1738952572165392,0.1956521739130435,0,6
0.92889518739571786,-0.36191008221602372,0.078580043417302653,0.36625077289480623,0.92916922389938084,-0.050049222892867451,-0.054900839584028992,0.075270483913774736,0.99565066768639032,0.49460518077368681,16.008265184931549,0.5084639369055296,,0.1782430725775448,0.2916666666666667,0,5
0.77962991376979152,-0.62605425269974735,0.015273186696546922,0.62618493535352382,0.77965378508816952,-0.005692287237385533,-0.0083441171857673475,0.014001716832255375,0.99986715499317136,-0.57640987087236617,-2.1381883129857213,-1.6421239062693085,,0.07568649465803061,0.1470588235294118,0,5
0.63318328505024923,-0.77369101029040244,0.021935088985236124,0.77361303244611523,0.63171276083409589,-0.049617172721647201,0.024531684868759559,0.048386035125642157,0.9985274097601522,-15.156996435252035,-20.496067712547486,-2.4889282320868285,0.3164481272699911,0.1742794469055648,0.6842105263157895,1,3
