axis_00,axis_01,axis_02,axis_10,axis_11,axis_12,axis_20,axis_21,axis_22,location_x,location_y,location_z,dbh,dbh_approximation,score,reconstructed,number_clusters
0.8242448977071789,0.56470930591806034,0.041518049246386635,-0.56622593638450747,0.82239364337373599,0.055289097514433228,-0.0029219119032945595,-0.069080352836499548,0.99760681998611778,-4.8813523411701585,4.8177489006203498,-1.4910707687221165,0.2901726115210534,0.2843109876878985,0.7745098039215687,1,5
0.20461717891806425,-0.95988001528278899,-0.19173462481337586,0.97855894311826963,0.20530628107778848,0.016484107293500326,0.023541557613471022,-0.19099656334793363,0.98130836532377019,9.4446917637278727,7.8045640494358155,-0.63740402734805812,,0.09967542707530101,0.1428571428571428,0,4
0.5356399925006663,0.83347365678647423,0.13568884212369603,-0.84387013867922633,0.52238359934497125,0.1224686252919346,0.031192747224153244,-0.18010285555308564,0.98315307757349479,25.236576339795075,11.57393899262993,0.23239435648416812,,0.3170930030950153,0.8666666666666667,0,3
0.43909513729104016,0.89636178410158529,0.06108201379772632,-0.89823246436893767,0.43944092795028555,0.0083732189686404699,-0.019336503330941196,-0.058542487514752287,0.99809762888933728,-25.517616969032154,-4.5324252218570349,-1.7180088788243464,,0.09456286553460543,0.2777777777777778,0,2
-0.63720311467182766,-0.76879733549635987,-0.054063366397394355,0.77066835907908549,-0.63501749034481236,-0.053132544363367361,0.0065169752854335296,-0.075521148626548018,0.99712290373015466,-5.6087939571390431,-4.9165319923596904,-1.4969736105084368,,0.1243871162361605,0.2938689217758985,0,5
-0.90741154035550475,0.42023864757950824,0.0019430672135510095,-0.41978505386841264,-0.9061969004108732,-0.05086930542498265,-0.019616446628893738,-0.046975065367408593,0.99870342857896677,8.3328917807529255,7.8686853511975769,-0.68255285234552132,,0.08566797274278377,0.3333333333333333,0,5
-0.64257886704021572,0.76541653030948931,0.03507042575014549,-0.76554541246474606,-0.63942108729104652,-0.071280394090651247,-0.032134422159041338,-0.07265127842316009,0.99683959123621557,-7.2787260870188053,8.3666071123258252,-1.5717409482944933,0.2087518828887093,0.1011226179497404,0.2615384615384616,1,5
-0.95028609764591987,-0.30156922857170038,-0.077539235226812178,0.31046653142046476,-0.93669702216124762,-0.16189262349470157,-0.023808937158869555,-0.17791764682830408,0.98375731024396629,4.3326929061952892,17.560924404926663,-0.68497777647283942,,0.2521770325745435,0.1818181818181818,0,5
0.88382307396281068,0.4664544774929168,0.035735057824734628,-0.46782108717742177,0.88116660075892606,0.06847519331183477,0.00045202108615328908,-0.077237569444978948,0.99701261453562762,8.8580311789240103,15.25878473075651,-0.51266592031443148,,0.1557407785374347,0.4615384615384616,0,9
0.82762620899637285,-0.55950918210470746,-0.044545856404532326,0.56097571902661381,0.82718031716858409,0.032847611046373001,0.018468915638597556,-0.052174687631085841,0.99846717578783339,-6.3768044822737826,-13.00266666364633,-1.6411137637923146,0.4950405956075786,0.3657561465854687,0.8962264150943396,1,5
0.42538007765981217,-0.88197490255431488,-0.20290899633687778,0.90469551401088721,0.42035952742914157,0.069454262850635787,0.024037813101620047,-0.21311531846363327,0.97673130623392801,18.954682312307458,-5.2129760243544148,-0.65395998894141172,,0.22746400790343,0.1785714285714286,0,1
0.2647633413654602,0.96394688642426984,0.026585206825496303,-0.96410649146832372,0.26517701603245941,-0.013409820161423582,-0.019976140208704526,-0.02208054168444052,0.99955660345039254,4.7064570193096671,-2.8627419485891452,-1.1802745044651488,,0.08421511383341007,0.3291139240506329,0,5
0.088992840475792673,-0.98889868001161607,-0.11899443270730203,0.99577102100100778,0.091068366659410704,-0.012108935898618018,0.022811139354705797,-0.11741359914962854,0.99282108088822796,0.21644144471708995,16.624427787914328,-0.96578987438215647,0.4509061092477589,0.4411054425909319,0.9136690647482014,1,5
-0.99435261403882746,-0.10432391119168108,-0.019478205970293743,0.10581738838318105,-0.98861518780911084,-0.10697051345543604,-0.0080968679076530506,-0.10842754256565455,0.99407138010469775,-2.4193281213959645,-25.085785124820703,-2.066731611440153,,0.128176661944311,0.4285714285714285,0,5
-0.98734327156947033,-0.15859098131789864,-0.0014713025255121096,0.15499649633499252,-0.96291624157667732,-0.22083568061280984,0.033605806200303151,-0.21826867011202544,0.97530991866029704,5.6803835388285746,-14.1771343323972,-1.5348394429153487,0.7034248476873417,0.3775450320239532,0.7833333333333333,1,4
-0.39860185666716802,0.91710969037614609,-0.0051357258159929284,-0.91680654219436142,-0.39860494716971795,-0.024080288234278054,-0.02413139140426911,-0.0048899805722449992,0.99969683606526305,1.8471152820190588,2.9493219099928214,-1.1313954837446749,0.2475675101267924,0.2081712306693474,0.8064516129032258,1,5
0.30322386296660925,-0.92339837424095661,-0.23535235579182981,0.95235143817118217,0.30218062885657615,0.041395721483310104,0.03289418095783183,-0.23669032509378413,0.9710281473088771,21.213566193367893,4.4074056003293558,-0.23733850470624104,,0.4682674282810423,0.3409090909090909,0,3
-0.81358215775261611,0.58136008694767971,0.01022359480733105,-0.58107496370171496,-0.81230034386590266,-0.050199979226968269,-0.020879634710621323,-0.046782482400184261,0.99868685792636136,-24.904149146523526,-2.810437825417317,-1.7297955306598987,0.3744757930565664,0.3562213441325457,0.875,1,5
0.7572627013538813,-0.65225227806757025,-0.033468894422839117,0.65285277075883419,0.7574086481926573,0.010742409202981468,0.018342869206726647,-0.029985086270283949,0.99938202592933778,4.0772791832597362,-9.5501284001543514,-1.3757440752007961,,0.08399674430069745,0.4210526315789473,0,5
-0.8834733430443884,-0.4591208229122139,-0.093182198398538113,0.46846741901238731,-0.86733339540954346,-0.16813999682177141,-0.0036234588234610628,-0.19220002907326655,0.98134908130103737,-19.130691232963962,23.662998968327887,-2.1207944088905193,0.3379081332772484,0.2637760893357762,0.1666666666666667,1,4
-0.72851727819621237,-0.68417655559511592,-0.034132332817819203,0.68502540643525156,-0.72748923124294118,-0.038724810700287868,0.0016637030388323426,-0.051593208851147133,0.9986667977321767,-13.887561375737905,3.7744195071448345,-1.5943721627582066,,0.08253858346797049,0.3,0,1
0.99639071366552745,0.084390891509540975,-0.0091500355914925086,-0.083709717190878288,0.99474315463647356,0.058980840547584214,0.014079380985109975,-0.058002014914149802,0.99821717942388366,16.713945942822104,-14.868883299023366,-1.3068025875302569,,0.4543159380507066,0.821917808219178,1,1
-0.94602173822284352,0.31424277069622747,0.079336951510558099,-0.32299936415998542,-0.93430208298422701,-0.15083444064131996,0.026726046510388977,-0.16831844461167358,0.98537029569671486,-15.112760891400121,3.3345662659322244,-1.6083800380247981,,0.3355633678479804,0.1538461538461539,0,3
-0.66138051918473817,-0.73647951051379534,-0.14203428964967038,0.74938728347108297,-0.64087768554518765,-0.16641662039013388,0.031535824307550329,-0.21650340127490769,0.97577239611583533,0.12207438918259429,-29.112420929002205,-2.3284144326411518,,0.2059038526835388,0.3809523809523809,0,3
0.8723433780039126,0.48547822098329352,0.057688194664236747,-0.48619551798208399,0.84908852614817698,0.20654925092492751,0.05129277870085977,-0.20822961296225889,0.97673408824445729,-17.333510949062248,-10.791779610107271,-1.6521937502786175,,0.3683255757485514,0.16,0,2
-0.83765910911662878,-0.53615088539304079,-0.10425663051430765,0.54603931152199958,-0.81749213619612526,-0.18316025095549207,0.012972555126847094,-0.21035407138859141,0.97753919484782092,11.000529573379065,4.1170343213141951,-0.66554756907439883,,0.1333652644470438,0.3243243243243243,0,5
0.87335874417255055,-0.47610505080106458,-0.10280313506435609,0.48615674273598919,0.86504229883031736,0.12390900986890287,0.0299353548446906,-0.15819545453670447,0.9869539364601807,-24.089863595864923,-10.805795619828311,-1.7014938076299679,0.225768461735647,0.141646314583152,0.3333333333333333,1,4
-0.67853345605515925,-0.73128664032137158,-0.069370012983435245,0.73445687552727723,-0.6737438412898118,-0.081500517266812275,0.012862620438717293,-0.10625011064243382,0.99425623809152897,12.474326685827213,-11.941122638987043,-1.2954021498467161,,0.09345609214483322,0.3529411764705883,0,4
0.65487831829601117,-0.75392174985438176,-0.052310451367738445,0.75547612741451531,0.6548936660975293,0.019238165507804116,0.019753711867802847,-0.052117954697455428,0.9984455466702219,-0.85565501144229117,10.727344277076361,-1.2345475483602621,0.1989536172541665,0.1290728634951216,0.5357142857142857,1,5
0.022001028338643015,0.99733272257504457,0.069594505767988701,-0.99956201563820646,0.023321452920394215,-0.018217758560450964,-0.019792211734095646,-0.069163215040440526,0.99740900238565178,-6.9621919968894757,5.5127910024957734,-1.5522044092014655,0.3591925729493509,0.342486810191909,0.5120643431635389,1,5
-0.94582846098893536,0.32459777391950706,0.0066938441722428276,-0.32436759767508855,-0.9438710652017942,-0.06239450178759063,-0.013934990555918968,-0.061185761753290026,0.99802911710875208,-6.9399895470143633,-12.241225848617161,-1.6259032501753949,,0.0655230167453608,0.2307692307692308,0,4
0.59232857828510288,-0.80254883833283464,-0.07114926167829104,0.80561259131793961,0.59122750955671055,0.037926041888967463,0.011627899928301462,-0.079783419543079576,0.99674439948728544,13.660075008926203,-18.642804839780524,-1.7365992718834322,,0.2834743278235216,0.5,0,2
-0.037596216628886625,0.99260594777302258,0.11541211782483636,-0.9989523104524004,-0.034316272757344113,-0.030276638945813266,-0.026092258181410758,-0.11642948883192623,0.9928561669211361,-0.51518541231783321,-5.765195403411929,-1.3851780583344708,,0.2124004986509056,0.3846153846153846,0,5
0.95932169680216839,0.27229396476649159,0.074551182394073975,-0.28117338293225391,0.94525298258073154,0.16564518602321254,-0.025365543066174948,-0.17986882907824014,0.98336351038208736,-26.750915659644882,-12.378211847877481,-1.7200177126433502,,0.2952625209126182,0.4782608695652174,0,3
-0.98919768804710562,-0.14405478185984091,-0.027132154090177177,0.14618493760898266,-0.98314526378995759,-0.10979687747668722,-0.010858083556381164,-0.11257712960760027,0.99358366125394482,-3.9346083422807814,-24.52758296984959,-2.0255446223753784,0.4117122217127047,0.26329340036323,0.65,1,5
-0.4931017902052745,0.8693811508047703,0.032047451095635678,-0.869628495839608,-0.49153824446220779,-0.046221569150686551,-0.024431613129188925,-0.050661315186091467,0.99841701078433176,-18.234145396555778,-16.510697776134982,-1.6822096479331174,,0.08091557766690191,0.2352941176470588,0,1
0.12965325332069386,-0.96149404887399448,-0.24232050652648529,0.9912562570520207,0.13172602947479134,0.0076997411660341521,0.024516662876042244,-0.24120001479829717,0.97016570033305261,-8.321756040969797,-5.8621240815582087,-1.5567425856031476,,0.1982521378526882,0.2711864406779661,0,4
0.34138082961278637,-0.93822343427155708,-0.056532438091522218,0.93970145180182318,0.34199361450654214,-0.0012446358091048374,0.020501479323022702,-0.052698719343422087,0.99839998714199252,-2.1254842591408147,-4.877062773850902,-1.4183079103499896,,0.07487574954631598,0.2857142857142857,0,5
0.99618018623508575,-0.068154235641823324,0.054589712553817782,0.061670796790419154,0.99170976578809944,0.11273177574999546,-0.061820299059972654,-0.10893457029148854,0.99212474519061533,-19.118089668036056,-15.445906302820985,-1.698376253060792,,0.1577968754748179,0.125,0,2
0.70977263070620444,-0.69433571195670518,-0.11883068543928377,0.70389657518137205,0.70563909983791839,0.08125929010191793,0.02743035086048742,-0.14132013261212359,0.9895838498935613,-9.1829788239735066,5.5784583587460217,-1.5689760861458526,0.3976428236552155,0.2493418454544492,0.6023054755043228,1,5
0.2298446749692003,-0.96062733229462016,-0.15609789824601863,0.97194819161586732,0.23479142918238191,-0.013773075079289319,0.049881240992459983,-0.14855340195032976,0.98764555816650934,-19.155344948750209,17.985551721138279,-2.2288636565521167,,0.2497839344924581,0.5625,0,4
0.55081803106912652,0.8272225337705057,0.11091607760570983,-0.83445672575611096,0.54849349185558594,0.053262202662463405,-0.01677705246823975,-0.12189244855351414,0.99240151223993345,-30.255875028395934,-4.6929992985580862,-1.7671756330039599,,0.3356115018235866,0.1818181818181818,0,5
-0.42314450122863917,-0.90462727401074616,-0.050972798587605506,0.90599895450262569,-0.42178011168622798,-0.035601008779271484,0.010706330842785146,-0.061245673331584739,0.99806529945592481,-5.7441997741135458,1.9800096631625641,-1.4359111982548578,0.1374966450152589,0.107514063788321,0.622107969151671,1,1
0.5759780931381554,-0.81667622288691566,-0.035905197341004225,0.81730043867296354,0.57618792788614104,0.005240677747908185,0.016408204347727037,-0.032363849113433776,0.99934145921233908,6.2821481332027513,-11.918709062121524,-1.3988745914736487,0.2942429167085587,0.2578178627774757,0.8289473684210527,1,5
-0.98474607867971964,0.17381720104673162,-0.0079209308288632381,-0.17291316517902444,-0.98266875931421238,-0.06680678689802097,-0.019395819979752208,-0.064418088206234958,0.99773448977128465,10.622127478272978,7.8680443191506422,-0.57586048077452212,,0.4936918381796627,0.973404255319149,1,5
-0.95967460977534258,-0.27652770745400784,-0.05056748325530442,0.28094510512324666,-0.94967605716797765,-0.13851077340471424,-0.009720661491518047,-0.14713195931582945,0.98906910541582105,-19.127725152632227,-22.499283143463376,-1.8209365777117599,,0.2678908117763459,0.375,0,1
-0.5637369724637219,0.82536276826327404,0.031255825732539495,-0.8255849896744718,-0.56194962896762513,-0.051205852471683459,-0.024699204473832156,-0.054670972809476484,0.99819889502564851,16.793556255306065,-12.852476240765359,-1.1899762866329506,,0.540483248849931,0.6551724137931034,0,1
-0.85868376593793827,-0.5114406172802417,-0.033025522110124703,0.51248290332655155,-0.85746987568028921,-0.04589865029408613,-0.0048439562993078935,-0.05633744134086624,0.99840003445038761,-0.7640555506018516,-3.4047038160505223,-1.3502374475173495,0.5130393153971576,0.38291312517759,0.8941176470588236,1,5
0.39029067111110138,-0.91832581566673688,-0.065961263811934887,0.92043258840035358,0.39087776679133179,0.0042920436677377416,0.02184129699149049,-0.062388041388097323,0.99781295343239818,-0.46238653946909075,5.0095585503528293,-1.2573640630655385,0.4750201795096864,0.3156794268113831,0.8596112311015118,1,5
-0.40288986599061155,-0.90271783390475502,-0.15093133615115986,0.91507836598391312,-0.39412085570054789,-0.085441999099271873,0.017644828995464573,-0.1725377160280476,0.98484485913139919,-13.466284269113997,-13.235201508251686,-1.6383706145996879,0.3529076790718089,0.3233010815260586,0.5703703703703704,1,4
-0.023488917320226902,0.99607911196492016,0.085291696373680614,-0.99972348699685842,-0.023308990907397395,-0.0031049138026183311,-0.0011046764079890585,-0.085341043174169365,0.99635118609854545,-4.558448587966355,-9.6905881038933526,-1.556553513397261,0.460571157520689,0.3564980095011555,0.3478260869565217,1,5
-0.84272635338510027,0.53652392288424633,0.044208296542058594,-0.53688919110618194,-0.83158390877720645,-0.14219071395900929,-0.03952581161217248,-0.14356281843054772,0.98885156994398127,6.7227263814610154,5.8639505317512919,-0.8314600952513681,,0.1257159626835614,0.1521739130434783,0,5
-0.97243934361802153,0.23299406166761338,0.0086885103083954602,-0.23261220134074553,-0.96695375123605498,-0.10436477738170498,-0.015914985741843579,-0.10350946912311379,0.99450113274479823,0.6228188200786885,-8.5296349769316802,-1.3786911259189627,,0.08129287482688496,0.32,0,5
0.88898702168379395,0.45595405129183719,0.042520329118412289,-0.45755530494850372,0.88065018783601456,0.12287550438502322,0.018580048203900277,-0.12869013083742153,0.9915107826109546,-27.077173145893696,7.1785871831694328,-1.7854863907834893,,0.2944686455666388,0.3636363636363636,0,2
-0.56377404789991004,0.82299152458255898,0.069597222500802414,-0.82505730656303677,-0.55730537352443255,-0.093226399306959334,-0.037937630414904118,-0.10998032144919823,0.99320947694453343,6.7590763692762055,-5.8026858315825498,-1.1843818014620904,0.3406527144127097,0.2151663849980216,0.15625,1,5
-0.6432777090906403,-0.71997540001169791,-0.26044041999100848,0.76561941159091762,-0.60288431519952523,-0.22440458792452556,0.0045503386988646945,-0.3437527103375253,0.93904918324512154,-2.701022407729408,-26.174428846149357,-2.1159858424485702,,0.3700965291219115,0.5,0,1
0.9993646860287545,0.033069980575947004,-0.01328911973591387,-0.032277687920738665,0.99791090636015156,0.055964040507739489,0.015112087252936831,-0.055499543711340395,0.99834434213185785,15.376514180428611,-28.012504085662378,-1.9693458767044074,,0.2157379682701082,0.35,0,1
-0.44111408419485898,-0.89308775425079756,-0.088389071339153275,0.8973924046703815,-0.4378149704670854,-0.05481718411971611,0.010258497201865259,-0.10350031324673419,0.9945765171131814,-14.391618190697706,-27.991503653101663,-2.0188221570913876,,0.7142716375458431,0.5172413793103449,0,1
-0.99376367860364068,-0.10959734549105123,-0.020546847677353805,0.11059090964559297,-0.99229267057126569,-0.055900864343108148,-0.014261900010922399,-0.057824543161718193,0.9982248846909284,-5.1624520213408456,-23.719920809569807,-1.9575815400051779,,0.2000514148414526,0.8148148148148148,1,4
0.939598122178121,-0.3400092517918134,-0.039358321805201948,0.34139242804320397,0.93922020484812752,0.036285215719473941,0.024628822020477413,-0.047530153597629361,0.99856612481340989,-14.066932497392838,-0.86339177117038179,-1.5727772011001022,0.716191068139671,0.6589869239512194,0.9925093632958801,1,5
0.87651939830562053,0.48119242531928308,0.012945818216725058,-0.48134352932242391,0.87589752195772042,0.033345731477335966,0.0047065033078802646,-0.035459566320980233,0.99936002921016487,-6.2598545587256238,11.402353741723871,-1.5269023911142521,0.09200645408415231,0.08443612220341293,0.3939393939393939,1,5
0.98574132749693233,0.1672678752506741,0.01831647274204996,-0.16751933983098938,0.96527050284995375,0.20047475429685935,0.015852635338480591,-0.20068461385198796,0.97952763090987005,1.2168642729909005,-12.910551896677729,-1.5601662810041836,0.5154842300503988,0.3935773951360204,0.2021276595744681,1,3
0.10855119109464453,0.97040977835350828,0.21568843498859783,-0.99382488307165739,0.11095570496386721,0.00096608673474596785,-0.022994362342578026,-0.2144614035482092,0.97646175843634109,-10.378240291050284,0.43867392175517889,-1.5227428362897615,0.1800303474107728,0.544455575849174,0.3315068493150685,1,4
0.55395074933803812,0.82492456339577658,0.11241900201529323,-0.83254930379314163,0.548800549973542,0.075363207882186964,0.00047335122484855427,-0.13534186733980785,0.99079884683198549,3.2942223864038778,-21.604142375244827,-1.9087225349519004,,0.3862765246625989,0.3823529411764706,0,3
-0.41435938043834686,0.88431683563530816,0.21515119812518987,-0.9097847837338251,-0.39611767463486358,-0.12402594538347569,-0.024453039261937762,-0.2471326001437765,0.96867307530303004,0.64170434909648755,-16.707965362038156,-1.7020769417018693,,0.1237214995336928,0.2622950819672131,1,2
0.80403038918275116,0.59231231818326768,0.051973560576470103,-0.59446519991148039,0.79900921292186911,0.090528469335219588,0.012093773804574326,-0.10368411350991812,0.9945367490650231,-1.2485047893596524,20.098343816097227,-0.920350998411818,0.445758060492532,0.2522849289853297,0.6666666666666666,1,7
0.31002330549077817,-0.94550849708350626,-0.099494884267793265,0.9504483072450991,0.31077256835024564,0.0082720019292985645,0.023099032609569595,-0.097129257713018335,0.99500368943467754,17.753376069851353,-5.8922959806615784,-0.72425887229486774,,0.1018521082740182,0.1904761904761905,0,1
0.28693360182983468,-0.95409177964127023,-0.085895192891752903,0.95782820276923097,0.28717390491489381,0.0098123552624291895,0.015304970461339292,-0.085088332671906824,0.99625585745946388,7.6356633381894046,-5.1020838254931835,-1.1368368134201434,0.5137916653913525,0.4894155803503625,0.9586206896551724,1,5
0.91397960998626215,-0.40037426940056187,-0.065891706089047444,0.40529975986764338,0.90855804571189469,0.10126392360269121,0.019322970283825701,-0.11925905405522669,0.99267512351486942,11.446071468021216,-12.60609346532048,-1.38216383291152,,0.4679339375229978,0.6888888888888889,1,4
-0.84050617512071701,0.54179086880292093,-0.0034675734624981629,-0.54128746598640343,-0.83996967520344479,-0.038194553337307487,-0.023606116791198003,-0.030225803883347207,0.99926430539154387,-19.506033450420464,-16.37106742827039,-1.6837117666526302,,0.08205496270640114,0.3529411764705883,0,1
-0.99569370819868086,-0.084930781158475216,-0.037159142419746459,0.092342919246757207,-0.94399678732228398,-0.31676939686496347,-0.0081746387410514629,-0.31883667909608049,0.94777441796264739,-14.960472017916443,-37.051189729564861,-2.2760187177340323,,0.3481871301992717,0.625,0,2
-0.22036870174004544,-0.96785427121156364,-0.12122600789822245,0.97478061834919805,-0.21403022805005847,-0.063196578796600442,0.035219048598193164,-0.13209531096285337,0.99061114845203735,4.1632691326385789,12.164587564899245,-0.82462394130970684,,0.7074388905839075,0.3157894736842105,0,5
0.79192543139185967,0.60814061802030162,0.054946335898798014,-0.6105614825033252,0.78986217260423019,0.057727154548509178,-0.008293804805982569,-0.079263718073348449,0.99681917908867967,12.958027247077908,6.195705417813989,-0.53127233940120866,,0.1560421459631363,0.7115384615384616,0,7
0.62922820630798793,0.7770662523020172,0.015488832097051302,-0.7772201921514138,0.62912338396423728,0.011512630520732151,-0.00079830980966765972,-0.019282304911118073,0.99981376036678071,5.7391721162271745,-3.9110005967058044,-1.1639258706740303,,0.07841925934526683,0.2368421052631579,0,5
0.87012426069333304,-0.48880772088987434,-0.062855253967562821,0.49282147901010775,0.86384826052085772,0.10437036275388617,0.0032803626582993571,-0.12179160395337039,0.99255027299744092,1.6639151430798653,16.166542308325038,-0.90005966329141063,0.7111679507895667,0.4988404151985315,0.9478260869565217,1,7
0.84596859681439096,-0.53101884234061014,-0.0485399040288177,0.53257266035569462,0.84594136050206314,0.027378386248540065,0.026523473481923823,-0.049012280819757434,0.99844594329552794,-8.9828029020240674,13.623436157436963,-1.6206952279658533,,0.09329789619056612,0.3703703703703703,0,4
-0.29313682393109192,-0.93492235253465272,-0.19997749170010015,0.95594513796452596,-0.2832279647879426,-0.077141513882372087,0.015482107659374819,-0.21378052926576668,0.97675902332626163,-1.7859933433777189,19.074896268750649,-0.99322849204216013,,0.1444171550513221,0.4615384615384616,0,5
0.76535907557592642,0.6427629522448044,0.032882710580269814,-0.64360349242605985,0.76437321132105529,0.03883475700600289,-0.0001731200202936571,-0.050885961092227101,0.99870445527852603,6.709593702545547,8.4863334479655457,-0.76343125653698585,,0.1097182534839328,0.4666666666666667,1,5
-0.9585342199840623,0.28486623427083391,-0.0079610107336218535,-0.28433073094223027,-0.95786665885331468,-0.040589398850511424,-0.01918813595437183,-0.0366427677658673,0.99914419530368781,-5.8603163688853286,-0.15115845582463597,-1.4412834476158274,0.1688635005757293,0.1426566328394262,0.7365010799136069,1,5
-0.32528546584221912,-0.94213504560280603,-0.081061221054270077,0.94552644123041629,-0.32287854636183649,-0.041583569272147847,0.013004408712224261,-0.09017205856730888,0.99584129519104547,16.010584526997366,-3.1110733964737154,-0.70100668674239586,,0.09342600863659181,0.303030303030303,0,1
0.15724239293084744,-0.98232692241980457,-0.10153150917136962,0.98724887309777443,0.1589405453781457,-0.0088071335899604121,0.024788957875529597,-0.098852013252803989,0.9947933388615503,-21.81562344833786,-6.5130287680699332,-1.6492754397859886,0.5183113365264492,0.5464104755619054,0.9922178988326849,1,6
0.62595870326944159,-0.77148135675301688,-0.11398341100248878,0.77946195200354251,0.6235704502612921,0.059991323870667884,0.02479449898798736,-0.12639782333352237,0.9916697147117487,-17.440232073876395,-26.941356349939131,-1.9603782561857246,,0.3954797622136613,0.2068965517241379,0,1
0.83798182762592432,0.54523720833937572,0.02242416578156186,-0.5456913068659569,0.83705794546140255,0.039433406533785985,0.002730234355993102,-0.045281150407417398,0.99897055173720739,18.642788513925346,-3.5306308717134272,-0.61102353483220051,,0.08868653557995115,0.2173913043478261,0,1
-0.74062186522815843,-0.66919790455719574,-0.060443504880369731,0.67191781955354368,-0.73793406365939807,-0.063085350577930688,-0.0023867367631805864,-0.087335458018991244,0.99617609952268849,10.959258166834063,-17.903095535106225,-1.6197205971418718,,0.1719046618596164,0.3461538461538461,0,4
0.63400755572191914,-0.76114700959707293,-0.13671009132083908,0.77292922003718945,0.62936945584252946,0.080464332876010181,0.024795969434980365,-0.15668221926534301,0.9873377548062604,-9.5324426219993033,-31.360507882271957,-2.2294719077896303,,0.4487355831873957,0.3076923076923077,0,1
-0.31206940825693957,-0.9452946730012084,-0.095029814404224672,0.9500400508324911,-0.30986123815481004,-0.037548833581946536,0.0060486564095080936,-0.10199997198384816,0.99476601242248552,-0.21619250295264128,-21.879829326945632,-1.9260772577295795,,0.2176979173203439,0.4915254237288136,0,2
0.22754969107397421,0.96427275144825575,0.13564364676073015,-0.97358850222057758,0.22795309046253084,0.012759972275597581,-0.018616294906122349,-0.13496462263494088,0.99067551912872864,-0.80519380889350933,-15.899364261928767,-1.6891294645363621,0.5506787683418155,0.4772870322993106,0.6655290102389079,1,5
-0.97805703141302891,0.20817214093358652,-0.0082947599519849827,-0.20711473140709366,-0.97585346465486533,-0.069379417374776112,-0.022537332089256974,-0.066139060019197324,0.99755585979035566,3.626465363810945,-20.385837700971511,-1.8357338788614446,0.2886419518281045,0.2167681442866443,0.7272727272727273,1,5
-0.255996446882016,0.95024487993441586,0.17748376641882399,-0.96641456242073964,-0.2472923584400418,-0.0699241231499768,-0.02255466082463653,-0.18942322353816704,0.98163645493609053,23.579646703600314,4.5622732376427431,-0.1194016083033918,,0.2373324574834218,0.103448275862069,0,1
-0.99755153385872597,-0.067656430147101917,-0.017707195030655432,0.068495694462394452,-0.9962900470326298,-0.052100691203041949,-0.01411655539491332,-0.05318599104530012,0.99848483875335381,7.226810905631857,9.5948034877193553,-0.70592559537802246,0.752525419510799,0.6263287221480012,0.943502824858757,1,5
-0.79695485751478212,0.60402154538760899,0.0045746902799785882,-0.60356225253381235,-0.79600238266247225,-0.045747285296253264,-0.023990881599124932,-0.039219631604992027,0.99894256996929742,-14.492552314249577,-22.89262322618211,-1.8914587338558642,0.2538698053808506,0.2801012451436591,0.5277777777777778,1,3
0.86549636032995758,0.50089624264379162,-0.0043593991476328729,-0.50088942231049205,0.86550733546085978,0.0026151254088716508,0.0050829984318241806,-7.9804602506108736e-05,0.99998707829559819,2.4133381300008581,-17.731970703563508,-1.7183651028653097,0.2368074023285919,0.1850449668831519,0.5862068965517241,1,5
0.54586186830284789,0.81682212800563236,0.18664520334922927,-0.83779173101195525,0.52894925527340897,0.13534290078795536,0.011825234920144083,-0.23024833668466932,0.97306005327165013,-19.52606199024661,10.866301762938468,-1.7268367531548259,0.4579638249647621,0.345777952837086,0.3461538461538461,1,5
0.9977462695599133,-0.060078353491405397,-0.029882654183284878,0.064923679078651861,0.97686602730671313,0.2037588785523009,0.016949851744728371,-0.20523975281548365,0.97856494234673541,-26.890626971892452,-33.602213407159134,-1.9712650592323131,,0.3472043563010402,0.4666666666666667,0,1
0.9937596574162918,0.1105897095568466,-0.01454851992425479,-0.10918477154472445,0.99111962434139023,0.075898457877004166,0.022812912014481081,-0.073836348674032867,0.99700941051722558,1.4614666727792847,-31.77155009703295,-2.463291718529331,,0.4434429667490043,0.9333333333333333,0,4
0.41184038876452367,-0.87816909487721118,-0.24332393015243181,0.91057460013912561,0.40691430040018595,0.072626783704762596,0.03523338989874613,-0.2514752332385175,0.96722221609301118,-7.6062799922375772,24.446784965571439,-1.2498193351958011,,0.4691191736456737,0.125,0,2
-0.99875398597132303,0.049894074808313371,0.0010280104165427812,-0.04705470423421064,-0.93465556602022426,-0.3524270530433849,-0.016623186091271586,-0.35203629671730763,0.93583872300612658,18.203929881229893,-20.202855042359658,-1.4906528474207874,,0.4204246169605153,0.45,0,1
-0.61584256020059636,0.78776144302915807,0.013032648318522274,-0.78723390785402325,-0.6145975846369337,-0.050324778025650559,-0.031634085579622141,-0.041251882806320785,0.99864786926847993,4.1535310327046773,-11.843405009589047,-1.4681090067019897,0.1517410804134731,0.126995783177882,0.40625,1,5
0.79438037240838433,0.59955449704420638,0.097438334378139521,-0.60590656549859601,0.79345776209348151,0.057463150447049235,-0.042860912472938745,-0.10468612538284829,0.99358127867543555,-37.236594611288922,-4.1354254464031381,-1.8841711780843973,0.4417143835861471,0.4679971329861767,0.5909090909090909,1,2
-0.24054871424179558,-0.96661794529814771,-0.088238675784525405,0.97063706701745833,-0.23955132099323395,-0.021882612781445526,1.4434857679117438e-05,-0.090911563829823933,0.99585896961048181,-7.4616905041848138,-8.3358108238542936,-1.5670112974296504,,0.09697239551517209,0.3333333333333333,1,4
0.1059235677142825,-0.99090894387067885,-0.082943732492410799,0.99395817316008517,0.10792309743720774,-0.019993875257792639,0.028763654339165567,-0.080324778223495721,0.99635364313701469,-17.253447127991524,-9.6378197373281829,-1.6311036083367252,0.1280819255171305,0.1587097249694271,0.21875,1,5
-0.57199109967290462,-0.79910876269894049,-0.18507124917920004,0.82010168330406263,-0.5527041424507706,-0.14815991347054908,0.01610623906514988,-0.23652339481650933,0.97149229166661366,-10.836549136731952,-7.4196332013939079,-1.5579864467538671,0.1797111677312699,0.1037166272267015,0.40625,1,4
0.82304299064927477,0.55950812055393973,0.097728698841715395,-0.56785495749636361,0.81418777421179023,0.12099179960167901,-0.011873617388976297,-0.15507717871514093,0.98783100065337648,-18.502096388379435,-12.761682687261926,-1.6854425443460765,0.6149176629270869,0.2551537541584256,0.1290322580645161,1,3
-0.73620981414728859,0.66619454362641584,0.11907955154268533,-0.67536907986172268,-0.71199240525453411,-0.19220671379167265,-0.043263327656868689,-0.2219271161941582,0.97410299228459363,13.490552385930245,-31.138613813069888,-2.2872601475845489,,0.2651207910453147,0.3529411764705883,0,2
-0.98751959144245283,0.15722402409007757,-0.0092554182106716933,-0.1555452947487706,-0.98282257396042627,-0.099324968639917841,-0.024712705211081192,-0.096645715697723983,0.99501200386649857,-12.3584185308108,-13.635733595771825,-1.650231753825369,0.2973939343365388,0.1719330560977879,0.5572519083969466,1,4
0.94347607419181068,0.33104683038547328,0.0161521985915879,-0.33133056808734762,0.94078625177537378,0.071702741379668131,0.0085411988927769963,-0.073001538080890369,0.99729525385379181,1.8273029393897917,5.2019730657566123,-1.0987668785256446,0.4903909470615052,0.5147893549343604,0.6648936170212766,1,2
-0.14123920253252029,-0.97067530154938353,-0.19452749581997544,0.98987765167935948,-0.13570934220505471,-0.041535637036492885,0.01391841850691807,-0.19842488100105815,0.98001726731011296,2.6073737278702276,-10.482014977377828,-1.4256820984235694,,0.09573289943761634,0.5,0,5
0.76809344037851679,0.63802191125142416,0.05441054686892572,-0.64032782133874833,0.76577742532132798,0.059709430476363366,-0.0035704435393479777,-0.080703008812060786,0.99673179757726904,12.596044275669351,-15.724818265201675,-1.4878743689948946,,0.09892148826077617,0.1538461538461539,0,4
-0.18343128005876869,0.9776840996265409,0.10240491606091237,-0.98279241465677314,-0.18008635936613818,-0.041084946919278158,-0.021726370822374004,-0.1081790391327779,0.9938939884631548,-39.904410848332091,-1.2329189265245029,-1.934874591612139,,0.5098305907868309,0.3157894736842105,0,1
-0.48542417696029777,0.87319208471558407,0.043576961946318785,-0.87320558726228137,-0.48175681375699075,-0.073636775952284184,-0.043305551565041227,-0.073796718008088708,0.99633261193984923,1.1799794621141138,-40.750809743287292,-2.8867220591534224,,0.6469826866728808,0.95,1,2
-0.2280500137143992,-0.97192787453001783,-0.057873983415927831,0.97349215357926144,-0.22654171940476492,-0.031494067516700509,0.017499090389964445,-0.063522091280887732,0.99782700191707996,-19.756380100715404,-17.619895601201868,-1.7193207107172204,,0.2406804041680573,0.4827586206896552,0,2
0.25418128884897778,0.94848369414000211,0.1891310507283451,-0.96704822472228658,0.25217318739723188,0.035020203017612342,-0.014477688370276562,-0.19180032718547629,0.98132717838190786,0.64610071626458931,6.2097725885054,-1.1657276543040909,,0.08203506736471874,0.3157894736842105,0,5
-0.95001171190544831,-0.3074958423223545,-0.054074524472674079,0.31191789281936666,-0.94231096293890659,-0.12147953434334881,-0.013600565488473521,-0.13227379211172724,0.99111990623676682,22.421678463648064,6.0154054947995865,-0.12323459524830943,,0.2190139037321824,0.35,0,3
0.267559124558714,0.96182221144646762,0.057533889435728569,-0.9634275366280215,0.26796826328643986,0.00062573006399974204,-0.01481541535828146,-0.055597153159826704,0.99834335778242411,12.621233434611749,7.2168224701324295,-0.50533356587008571,,0.1084013025675862,0.5483870967741935,0,5
0.13477096619774975,-0.95324292369210595,-0.27048976893969418,0.98827948507561503,0.14906451102946724,-0.032915511999986991,0.071696904039159362,-0.2628834342108114,0.96215999395564522,-14.904533837982168,0.58510944023177069,-1.6056649569520653,,0.5646716259423828,0.5151515151515151,0,3
0.58904577723206475,-0.78877903589895304,-0.1756493804469296,0.80679731076515193,0.58637124404042629,0.072435236622799368,0.045860349619152065,-0.18438111803761323,0.98178431014353029,-18.148167485604024,29.774792312566049,-1.7952782607221225,,0.3226139704186812,0.2272727272727273,0,2
0.011512551785283357,-0.9906117411968326,-0.13621981997628266,0.9994765497893956,0.015519010024060554,-0.028386383160924629,0.030233881201011652,-0.13582171597669052,0.99027186867883388,-6.7181480438363268,3.8262481974540239,-1.5483013937877246,0.103635202970817,0.1422418611796612,0.2555555555555555,1,4
-0.65753773728353404,0.74513652099999994,0.11142571121634075,-0.75264122970594827,-0.64290394581850818,-0.14214674036962852,-0.034282698183896093,-0.17733043033560203,0.98355407328840927,-6.9074188243044992,10.684201714324661,-1.5558654150152498,0.511236922727171,0.532659959973563,0.7717842323651453,1,6
-0.96029329070270775,-0.25737486578123736,-0.10767996236744656,0.27490527444726232,-0.93873028068380959,-0.20787628582493614,-0.047580310133920133,-0.22922399218097825,0.97221009843355033,8.3009424566657888,4.1995932564253815,-0.78375711727648889,0.3650720629639165,0.1558075626988058,0.4693877551020408,1,7
-0.57295457931997384,-0.81851802612800417,-0.041848428163891761,0.81957548519720869,-0.57192698595148628,-0.034576680063436512,0.0043673905290016763,-0.054108812997189677,0.9985254940440943,10.566428441864657,11.317150390150848,-0.49843260661677985,0.4074482205062461,0.3057389685866892,0.8333333333333334,1,4
-0.65727121527501065,-0.74916793947994609,-0.082109366251858745,0.7536059383142919,-0.65454903885414095,-0.060362616515154156,-0.0085228697248005657,-0.10155271631271867,0.99479365021152089,-5.3269732171215338,15.190324065689918,-1.3585933127771661,0.5597798653237344,0.5677846336840976,0.9206349206349206,1,5
0.014823590622949306,-0.99911278149797766,-0.039419677933948925,0.99977319569904843,0.015413237664227867,-0.014696573288253561,0.015291119081159189,-0.039192881395466152,0.99911465794730725,3.2866510981897656,-8.2436914111737156,-1.3507987474712166,,0.08523888773066886,0.48,0,5
0.91295921741795338,0.4066615201753363,0.033643355068774618,-0.40801173801099605,0.90862271113916171,0.089057231303059425,0.0056470325699012466,-0.095032503969982501,0.9954581529187202,-24.127569341317241,-9.9556930604859364,-1.6834407072680817,0.1120703145466,0.09646071796896888,0.2608695652173913,1,3
-0.84846162359314448,0.52924780335968624,-0.0031041792205603624,-0.52701285410808918,-0.84538914170832025,-0.087032469150982256,-0.048685982526105287,-0.072207767730472078,0.99620063912088053,-6.9551835658672747,-13.719250654482172,-1.6779515123472779,0.315512609204177,0.1941508604701447,0.2708333333333333,1,4
0.38031347498677598,-0.91928703680065649,-0.10135583216446609,0.92485762753122869,0.37800239643259526,0.041863553223798491,-0.0001718743424641748,-0.10966098787391812,0.99396903281627746,-32.014704710202814,-0.52338490866062748,-1.8202678427067076,0.6163588976013148,0.6164461423437271,0.5625,1,2
-0.60887589655636887,0.79272698787905715,0.029224395303846538,-0.79237762061126671,-0.60603897922113459,-0.069673969450811987,-0.037521313238021561,-0.065579557430669164,0.99714165127131826,14.611514579777259,9.7995238658968855,-0.33372322009444988,,0.4506446026058462,0.9393939393939394,1,5
0.87797008707450874,0.47863017731256197,0.0090376749291483562,-0.47867088071250236,0.8774740573273544,0.030223611223477782,0.0065356071100335818,-0.030861498395511611,0.99950230302710474,-9.8913609932210775,-7.3869259163514078,-1.5601668199103622,0.4158570216712902,0.3946871279139208,0.976775956284153,1,4
-0.83937141741180787,-0.53775120910911833,-0.079241786538267592,0.54355552452234412,-0.82993405015903132,-0.12552634842083185,0.0017364887948129863,-0.1484355398424175,0.98892056057013855,3.4187650545199686,-24.365637459169022,-2.1593294852295006,0.2026652622861421,0.2075494377039188,0.4545454545454545,1,5
0.88700315205781544,0.45935156795679438,0.047133271211887991,-0.46173527686056781,0.88344251889614167,0.079560353876373238,-0.0050933625429358609,-0.092333378699543667,0.99571512232964077,7.6633097682183049,-17.086631828234896,-1.5928047726916914,0.2796898634874355,0.2684314768357005,0.5416666666666666,1,5
-0.78224306480364747,-0.60033582623050707,-0.16641118745664582,0.6229625979509561,-0.7522360348021665,-0.21461255671397433,0.0036591147552180133,-0.27154712977538148,0.96241818727098027,-0.32919518876836318,-8.4601855896516849,-1.4023694585082815,,0.1187337027211109,0.3473684210526316,1,5
0.96678931097146115,-0.23994845701420356,-0.087995262189678916,0.25478292682382098,0.93194708389509673,0.25799281582732647,0.020101949915739124,-0.27184438709660391,0.96213124926574156,-15.438503543514235,-23.28006273347593,-1.8910148676756005,,0.3886615115079607,0.2727272727272727,0,1
-0.008707615541814059,0.99882780813415528,0.047614988496232087,-0.99949991395765414,-0.0072461603007584387,-0.030780109803875827,-0.030399003770171445,-0.047859198267585584,0.99839140506665303,17.766422605600322,-2.4077567328307432,-0.59187571721833798,,0.4537779666417249,0.890625,1,3
-0.74604339877043835,-0.66482904322572278,-0.037703984333522254,0.66589723208010621,-0.74481656047214073,-0.042768768447341052,0.00035136747939871289,-0.057014336179764369,0.99837329792561746,-5.1043212839628813,-21.338934781881697,-1.8985324367665,0.20311665476461,0.2517147898187067,0.65,1,5
0.72894570426136462,-0.67956184296848909,-0.082667174986046851,0.68422936561077186,0.72706709559787541,0.056600474686617448,0.021641059927457369,-0.09782198157950138,0.99496860475347415,-10.943655377007827,-20.887440340904668,-1.8566901486310043,0.4150863037153035,0.1685629157553629,0.4375,1,4
0.47712058972000643,0.87503826922745442,0.081633144326634488,-0.87784381585745297,0.47893713941896898,-0.0030743204126755805,-0.041787292638532467,-0.070194329347851012,0.99665770367832163,8.8774388830944346,6.216077149169748,-0.70278561844262455,0.265138513120462,0.1662167563268727,0.2380952380952381,1,5
