axis_00,axis_01,axis_02,axis_10,axis_11,axis_12,axis_20,axis_21,axis_22,location_x,location_y,location_z,dbh,dbh_approximation,score,reconstructed,number_clusters
0.030717117924321403,-0.99694127482366546,-0.07186482602350823,0.99938399851192328,0.029412289959990859,0.019145253135711044,-0.016972983967009806,-0.072408644181997966,0.99723061829397397,8.5264320288072675,6.5239298798458751,-1.1273091053662587,0.2904761736574681,0.2412745612528003,0.7708333333333334,1,5
0.22963351838925014,-0.96597849945664216,-0.11897052500375489,0.97327531942624557,0.2276727577750044,0.030004465715377671,-0.0018973212471937802,-0.12268110675494939,0.99244432902680579,4.6735990089264847,11.12951376578089,-1.6793815694797878,,0.08973209164469224,0.2962962962962963,0,5
-0.65954603522821875,0.75075677525593099,0.036922781883996635,-0.75133383524319264,-0.65700419466084803,-0.061991581822096894,-0.022282177485438266,-0.068627637329040786,0.9973934790047212,-3.7413602901978544,11.171311773343415,-2.5203605284226094,0.9931410048912249,0.9753112083032839,0.8781725888324873,1,4
-0.59544794761626751,-0.78656707620979704,-0.1635664277972268,0.80209671905948632,-0.59360004744650818,-0.06542046274301315,-0.045635457197025914,-0.17015057535686973,0.98436080110503388,2.3774408307241899,7.438162153220274,-1.7842060837017759,,0.07995136054841902,0.3,0,1
0.91266290446788956,-0.39786542090294763,-0.093538920551585039,0.40821960137263608,0.89861056898256719,0.16079739540176741,0.020079339217253155,-0.1849382387786434,0.98254499539413021,-6.2655751605400249,20.088477097314328,-3.1716994496210975,,0.4766553478869737,0.3636363636363636,0,2
-0.48768853310456084,0.86021812616157323,0.14894519160212769,-0.87093070516961923,-0.46759981566754605,-0.15109639036200598,-0.060329109649260096,-0.20340891772670586,0.97723344740045537,-4.7674090731617706,-4.3854692579694525,-2.0361819913114636,0.6772371082472858,0.512302748854209,0.2197802197802198,1,3
0.91683699196618451,0.39800015836033437,0.031714414822712603,-0.39409094107320763,0.88936122666507034,0.2317950359020545,0.064048890126464531,-0.22501662705220235,0.97224752878246912,7.3474317087792729,24.788783695849105,-1.8164871951147052,,0.3109426679801013,0.5833333333333334,0,4
0.4425901151377451,0.89648210563767128,-0.020828448185203654,-0.89567779110248913,0.44307615215950497,0.038010760493475522,0.043304555281433836,0.0018323915993352881,0.99906023733952232,14.252012866672645,10.648393458556344,-0.70277924016126736,,0.1138498107897788,0.3125,0,3
0.91959421420083354,0.39256605395841937,-0.015439381071391919,-0.38859803549324662,0.91467252732047677,0.11120132452431399,0.057775842868293521,-0.096260381490453892,0.99367796138194153,-14.919987228993435,-17.390128988761802,-2.7907085058544392,,0.6000373675749071,0.3636363636363636,0,1
0.70953172467416992,-0.70115677815817923,-0.070312901545455081,0.70403883488229813,0.70958881637491111,0.028513692381556075,0.029900679899879837,-0.069734382613570123,0.99711737785630339,-14.301572547036242,6.6412905842108536,-3.6034664021116378,0.2832818751332604,0.248126363486422,0.8431372549019608,1,2
-0.94733471814244907,-0.30657145228284605,-0.09257902811735301,0.31708203154852804,-0.93845922756638589,-0.13694255534552011,-0.044898965144257667,-0.15908558338419362,0.98624330673941007,-6.966781676348683,-10.704144579939749,-2.0618305452967567,,0.1771663298188004,0.1428571428571428,0,4
-0.48217620901492375,0.86722533974611216,0.12420271157361416,-0.87605397147956132,-0.4763300963151888,-0.075093797342075538,-0.0059617543463398922,-0.14501672126553203,0.98941124313326378,-5.9215402302690148,9.1079375601537329,-2.7204840234613124,0.6351159208944022,0.4008886846615404,0.1491712707182321,1,4
0.95265252962974778,0.30197151195078714,-0.035586005117168633,-0.29972860204058049,0.95231131704060923,0.057148233176367191,0.051146093778928439,-0.043776265333358953,0.99773128430686242,-12.279389421203829,13.514610308012534,-3.612205515602612,,0.08212093666077881,0.25,0,4
0.43080761854902133,-0.89154849492188082,-0.13980728522738115,0.90232613618023327,0.4280524731185727,0.05078015580051895,0.014571882725722908,-0.14802824547904048,0.9888757751983942,6.2982098801713606,3.8828994039156259,-1.2068019549449205,0.3161461378376819,0.3606239290057136,0.8659003831417624,1,5
0.96290328129081049,0.26732777687030918,-0.036784923446545638,-0.26394955464544206,0.96141100894270426,0.077585465689418195,0.056106180424823418,-0.06499793533143397,0.99630686282931302,-1.7596683523801298,-7.0402080642115692,-1.6562141411818962,,0.09255936808822278,0.3131313131313131,0,6
0.91424204285893018,-0.37428670108354495,-0.15514816293184486,0.39938837904602348,0.89696023395869462,0.18960817856767889,0.068193912867053008,-0.23531214182179358,0.96952451550186181,15.33870358356082,4.5698978771536938,-0.40313341723653501,,0.3562762841922821,0.2432432432432433,0,5
-0.99465183390405842,0.076247301622722904,-0.069671215767693639,-0.071943213805274353,-0.99545924129368824,-0.062330353042190374,-0.07410737681677583,-0.056984628789253443,0.99562083585222771,-10.93644940331099,-13.318308256424542,-2.4683899316062807,0.577990735135127,0.5206744400680231,0.9565217391304348,1,5
-0.032843586963666536,-0.99204509728512569,-0.12152293506949739,0.99930077415794105,-0.034768400413377705,0.013752130745247105,-0.017867891948951622,-0.12098629379082673,0.99249335269918049,1.3930707998312646,-12.455760754292456,-1.1324755572424032,,0.08208267342955575,0.36,0,4
0.9685188846868209,-0.23526537873394909,-0.081371810685075957,0.24639984425708142,0.95255360131243516,0.17868618686623824,0.035472337885772046,-0.19311094789234942,0.98053550422666269,-22.086723802888589,20.096437422277642,-5.0833433296869313,,0.5014603751077069,0.4375,0,2
-0.87870573862389945,0.4758467821351855,-0.038027159255147949,-0.47578783718372292,-0.87948920316870927,-0.011165818272904891,-0.038757694687147751,0.008281391263414704,0.99921432118503972,18.657696976443564,-6.4083252239323105,0.19739103069735162,,0.7071448883319608,0.9047619047619048,1,5
-0.87611827887613425,0.48190158336192718,0.013697641124961291,-0.48121652953654392,-0.87245091458974466,-0.085205946578412864,-0.029110361040794338,-0.081242018591281814,0.99626920121786822,6.0901235856485796,-14.597536398799928,-0.53402601066431676,0.4962935642420997,0.3104241150231394,0.631578947368421,1,6
0.86347554273712246,0.50312460388698377,-0.035715823641618148,-0.49335962164225233,0.85719925711486444,0.1476675906715475,0.10491077555640808,-0.1098866077613275,0.98839195798370527,0.24605605399342703,-14.015779992011316,-1.1979768780063718,,0.1884695717586498,0.1818181818181818,0,3
-0.13574772095020263,-0.97717966449963545,-0.16337827133743033,0.98977684047752856,-0.14104119911210536,0.021194013478848535,-0.043753426278955995,-0.15883099017950048,0.98633582224689198,7.1675542732675392,10.790780370302068,-1.3860281465090754,0.9824298175231002,0.425340773852298,0.4117647058823529,1,2
0.34787301713237556,-0.92307238672539427,-0.16407843495201563,0.93741092732626308,0.33953394310426155,0.077314001380010863,-0.015656221783503083,-0.18070437278925186,0.98341283923605016,0.24306245530139278,29.939011210706621,-2.7748300914359239,,0.5329963692923995,0.925,0,3
0.36485890001672444,-0.87668927547410103,-0.31351857576112269,0.93105341656714835,0.34506162458513689,0.11862550626786431,0.0041855199470289626,-0.33518411285047955,0.94214334998205607,-8.2712172879829353,5.0563965936614181,-2.8087224825177346,0.6201879202427915,0.4810171024028021,0.2083333333333333,1,5
-0.3616912412508469,0.93225060739032928,-0.0093942015512544826,-0.93224379813882552,-0.36176046756918889,-0.0071319657753332903,-0.010047230171562524,0.0061781165807842826,0.99993043960137318,7.6599267137731202,-3.1514434735247345,-0.84227967838828766,,0.1594598599560869,0.3142857142857143,0,3
-0.93236970967844301,-0.34613676107787689,-0.10428838432276698,0.35754703031324492,-0.92553110863139521,-0.12470881311968653,-0.053355839308512967,-0.15356272199351703,0.98669734205866111,-4.9060703429781425,16.62552337409026,-2.8909227717281381,0.6449683191130857,0.4699084804713459,0.4222222222222222,1,5
-0.27367691061912641,-0.95201687184068773,-0.13698475946120184,0.96163890035172583,-0.27361202968932163,-0.019674413323243881,-0.018750304645387551,-0.13711430610976491,0.99037775274677053,-9.987709136605325,13.18629556475895,-3.2858065104202985,0.9299016013302005,0.4417576806668739,0.6888888888888889,1,5
-0.26351036195531063,-0.95675860918239708,-0.12318787642275301,0.96422341415909629,-0.26506200405764452,-0.0039168344772991786,-0.028904960293321916,-0.11981276125818781,0.99237563730178868,7.3056603828343443,7.7051948395761505,-1.2837935565003924,0.4414329801162496,0.3666646897559228,0.8958333333333334,1,5
0.72630960236307751,0.67676707135680103,0.12025262010585837,-0.68579683426915783,0.70165331208589776,0.1933011426383415,0.046444199008990973,-0.22286534222715212,0.9737422531719494,10.736322040959596,4.1352712455862042,-0.77464606451386442,,0.2784661972734012,0.15625,0,4
-0.17819930593204769,-0.94014085192470398,-0.2904826774656763,0.98394989679629907,-0.17305787828358649,-0.04351518537862295,-0.0093599123868253441,-0.29357477634543977,0.95589028802150477,-3.3688440870314862,-15.074967400598196,-1.5675407151793499,0.3794072206139226,0.3608142064605049,0.25,1,3
-0.54289922601791729,-0.83590510202565838,-0.080765653570178286,0.8386195959646785,-0.54471721953052765,0.00056921961358697446,-0.04447025582548382,-0.067422630877195577,0.99673295580732724,3.1471146844714557,13.217895192631795,-1.9184387461087091,,0.07699164618373038,0.28125,0,5
-0.29932441174265828,-0.9444136095799206,-0.13596996203256626,0.95394889793769744,-0.29914250596556829,-0.022254465801119123,-0.019656974801957234,-0.13636970031816417,0.99046297668149608,-17.484690218675105,-15.37860703133761,-3.1380794483351351,,0.7662417309408986,0.9550561797752809,1,2
-0.41123117508575979,0.91109076973195813,-0.028328959508139313,-0.91147191529185512,-0.4113599548158921,0.0013911175598178213,-0.010385965134887364,0.026393121889915484,0.99959768649448233,-16.50466395138594,16.515966621169557,-4.2583366747170812,0.2362184624057071,0.1728197488677091,0.6071428571428571,1,2
-0.64955038581155644,-0.75286385489786645,-0.10620881451359597,0.75847450259564975,-0.65134488979856986,-0.021593134222976748,-0.052921878314557566,-0.094582506424888552,0.99410936233094893,-28.424344450342879,-1.0091445529203318,-5.2674151914154015,0.2193039801934249,0.2587633891438258,0.8928571428571429,1,5
-0.98669549341506502,-0.14103239823365193,-0.080881802173703721,0.15186973950485283,-0.97711981566981576,-0.14890415725597864,-0.058030901226240383,-0.15920655914204568,0.98553827222945567,-15.619047804457042,7.1137597354048516,-3.8011775351795007,,0.2254427263818858,0.2307692307692308,0,1
0.79675518708412518,-0.549664528860908,-0.25109774504494875,0.60322809612408113,0.74819220977422485,0.27626849490971733,0.036014384640843153,-0.37158757103175549,0.92769911132525229,-1.459966333046576,3.6068495649222427,-2.0427272012702908,0.4840903183041194,0.4232106564577993,0.2256410256410256,1,1
0.41729654668974359,-0.88789952470617706,-0.19364407077770227,0.90849752678456397,0.40236935580066668,0.11283237717467286,-0.022267374051417356,-0.22300972072782319,0.97456186489814634,-3.3399324729651654,7.731108058749582,-2.4104825115994748,,0.5678152000573534,0.1634615384615385,0,4
-0.96550727375726053,-0.24452767586577301,-0.089453451903797596,0.25667451037585493,-0.95157270429490415,-0.16919687988907275,-0.043748143333595516,-0.18632123919877072,0.98151438898179,11.3868886698578,18.473194254415287,-1.2531260712356589,,0.3533738796786954,0.2647058823529412,0,6
0.85945838965297439,0.4942244428841589,0.13066551385487646,-0.50640453956410214,0.85805399416178418,0.085427076573405841,-0.069897916735664797,-0.1395906270451262,0.98773920549766714,-16.525802928940131,10.985433966859674,-4.0586809724807633,,0.7740306881877261,0.6581196581196581,0,2
-0.82296940808602137,0.56711693029743371,-0.03316233894887835,-0.56674558785433782,-0.82363523607200639,-0.0206018578835119,-0.038997333270180533,0.0018399104943407304,0.99923762075253575,-10.812222384348717,14.486614104903609,-3.4442555296326001,,0.1192121768302633,0.3902439024390244,0,6
-0.34327375616223649,0.93395167614030017,0.09948565205593024,-0.93919515480193194,-0.34034753837244991,-0.045563300148137684,-0.0086942237632228764,-0.10907712756823917,0.99399526694779472,-17.423841822269473,23.925527275855885,-4.6881852965773323,,0.2903066333642259,0.1621621621621622,0,3
0.65776550598741002,-0.74512688027471574,-0.11013841938758971,0.75267391341658285,0.6558025602482489,0.058352223899427423,0.028749246864804644,-0.12128039521667146,0.99220186783778785,-2.7990717352286514,22.192404673416085,-2.8674831379097436,,0.1415411994116504,0.35,0,5
-0.90347020665005984,0.42609460961963769,0.046743655706283201,-0.42781350986229455,-0.88951500304007136,-0.16043272778933537,-0.026780337469931994,-0.16494375714076323,0.9859393340897229,-3.7261607681399926,2.5235105947423548,-2.2241538238824874,0.4131639302588652,0.3916208857104703,0.5336225596529284,1,4
-0.15600964217837635,0.98774727831924436,-0.0040380342124198788,-0.98774297228727259,-0.15598573878058858,0.0056806684623168244,0.0049811890628417973,0.0048747789693133368,0.99997571184780332,-6.5105408566521996,-13.753833252511868,-1.9402547481242924,0.4741781884128584,0.3553911395496553,0.8733333333333333,1,5
0.99043947099613294,0.12538894989003072,-0.05750883009047552,-0.12163024026911931,0.99045946554399189,0.06477755603900022,0.065082554843645501,-0.057163435514189245,0.99624123719872115,0.14896953780393324,-2.7006629921510621,-1.600064353470785,0.4794747869947396,0.350329865497102,0.9640718562874252,1,4
0.99772011452637799,-0.01900945015801234,-0.064755029720959284,0.037933149787950364,0.9515580402457593,0.30512025857162622,0.05581800082981473,-0.30688098156832916,0.95010968521272454,-26.23286399657712,-1.3256321944044129,-4.992852390502784,,0.7390752574142909,0.6268656716417911,0,1
0.10618313869566205,-0.9816002800584358,-0.15870107512533757,0.9943238320878024,0.10373977984420306,0.023625727927488578,-0.0067274065556663506,-0.16030891512039042,0.98704396747761858,-36.644759897806651,-0.59914479165972978,-6.2680403727214484,,0.2744138874250796,0.5813953488372093,1,5
0.98858977934379366,-0.1129945861192739,-0.099611604166995771,0.13608833195880266,0.95346797366537595,0.26903306320805997,0.064577194749067757,-0.27951931364786803,0.95796593844257583,-8.7467575561177409,-3.8019303374336602,-2.4878864182635634,,0.2354513333652372,0.2933333333333333,0,4
-0.21916071761392689,-0.95346068970809028,-0.20707798781212966,0.97567269618907349,-0.2153826184254162,-0.040903760112663522,-0.0056008719045684812,-0.21100483610946796,0.97746897105346731,-8.355146604552294,-7.8383568925589575,-2.3175896729608016,0.159574341950136,0.2380931220287887,0.2241379310344828,1,6
0.81222957271717477,0.58303402165670615,0.018826863639030245,-0.57725873020057772,0.79869899834225577,0.16985955508682246,0.083996902388669234,-0.14883292524802536,0.98528842515845239,20.474919726283282,9.9533724936790531,-0.14607045417419623,,0.5756099570761481,0.2142857142857143,0,2
0.66218440245809651,-0.73778176565473541,-0.13111019566989315,0.74896382878866297,0.65719172357109179,0.084570808414529033,0.023769735115120569,-0.15419826437752682,0.98775396478855915,8.2810572431528371,21.953313629170101,-1.6474483311414643,,0.5466323972559779,0.7222222222222222,0,5
-0.95984020141960269,-0.2713045716314833,-0.071418605073421154,0.27468738463672576,-0.96058850748039104,-0.042621121735941764,-0.057040586078786121,-0.060527255913777021,0.99653540972277388,13.041745899743514,-6.5711274441873426,-0.20286873723234564,,0.09292922809369347,0.4375,0,3
0.99613269592565623,0.071040978161925339,-0.051699434519924051,-0.06661429056369006,0.99433542233111893,0.082822727498500809,0.057290386633180826,-0.07905850567390893,0.99522236926228114,-13.745610198045059,14.015332070447121,-3.7913324980786118,,0.1754183339941957,0.1153846153846154,0,1
0.99475412211331582,0.088943821956083163,-0.050529526758238318,-0.08461747326739813,0.99302338402917456,0.082124551682722369,0.057481473157949735,-0.07741805543341658,0.99534030609460444,-11.549755783862533,22.901255576928772,-3.882460602385478,,0.08088156764036639,0.3333333333333333,0,1
0.99508516103115796,-0.075542143414556853,-0.064022705846680197,0.080663100737823859,0.99339682860985445,0.081585569111481779,0.057436804184735873,-0.08634885914833626,0.99460790668927745,15.389275698659258,-4.474898869864119,-0.12242389765052625,0.6905053572148873,0.5385268133905258,0.9470198675496688,1,5
0.98838330303588018,-0.1211137044720252,-0.09181457873860821,0.14216615938045046,0.95035476645287309,0.27679342659701855,0.053732945265428378,-0.28663092727298223,0.95653305333570915,8.37360426372849,-5.3299777114859399,-0.67560985957865327,,0.6044267733854358,0.1428571428571428,0,1
0.99378876808459848,0.09813328746154204,-0.052476111907106701,-0.090965133583592817,0.98798983951038999,0.12490565037800785,0.064103267475347517,-0.11935633588638846,0.99077991309006674,9.7598218003886821,6.7990140637280243,-1.0318878882836542,0.5970302740877521,0.2586440049824285,0.3888888888888889,1,4
-0.12250791304312596,-0.98276473602698255,-0.13843874047257657,0.99223468538054838,-0.12430318608016748,0.0043642935377227856,-0.021497450304211092,-0.13682905960407238,0.99036138256612327,7.9381198007886722,8.8798902126919312,-1.2808610267536376,,0.1094055268537776,0.3333333333333333,0,5
-0.98929778110985267,-0.1122967591842615,-0.093162965645341031,0.13392664915719565,-0.95226502741537278,-0.27432639356636035,-0.057909869078149538,-0.2838674962694957,0.95711320731930161,-9.0916296760514115,18.483410656590522,-3.4782749871581902,,0.3452641101703312,0.1379310344827586,0,1
-0.36912716676055424,-0.88635853489059058,-0.27948825089067841,0.92906849278588821,-0.35969464388595979,-0.086322064805644305,-0.024018127984570873,-0.29152754721699531,0.95626085287528018,-10.707975156067553,10.799458541008047,-3.322487590228159,,0.2977126877171025,0.391304347826087,0,3
0.78714092455332696,0.6167728923585114,0.00060344432158093481,-0.61443409615742761,0.7840702153834066,0.08777607206877551,0.053664759130533958,-0.069462915288187363,0.99614004890232544,8.284835519679369,2.1240611009628587,-0.93733699354630118,,0.4835653874897904,0.4,0,1
0.9748008619102958,0.21865893532461553,-0.044176346857223041,-0.21323387823461534,0.97151123823245122,0.10342740043660757,0.065533142698708316,-0.091401225324143145,0.9936554851744519,-9.4989868218687565,14.753807500387923,-3.3174816552523927,,0.1215883728329448,0.3076923076923077,0,2
0.97714631405413765,-0.20060590911070467,-0.07030185033325928,0.20607325141664909,0.97511175318016674,0.08179782307905048,0.052143033868224657,-0.094415772198128023,0.99416636735470376,-9.3889611963528026,17.166468248519209,-3.4450805457681235,,0.08757155263293695,0.2631578947368421,0,1
-0.28384584881844166,-0.95118908799558521,-0.12112329663060201,0.95840511405200146,-0.28536834884324508,-0.004954072814279036,-0.029852495163847699,-0.11749137992468396,0.99262510756875644,-15.29940512898558,6.0396100530833223,-3.7228430449721319,,0.167007987377023,0.7368421052631579,1,2
0.62056801551903806,-0.77709550530584948,-0.10496625051991113,0.78371327713192696,0.61911883783388166,0.049853424018404265,0.026245711304858827,-0.11320088459314069,0.99322541367276318,6.9517143413946023,-7.0729397023044172,-0.77204526301658205,0.2407059852550667,0.2192097142642353,0.7088607594936709,1,5
0.7783521848149263,-0.62082455058828878,-0.093513388242971771,0.62678504718121808,0.77697271677057156,0.058769907471393303,0.036171549923519931,-0.10435647934367662,0.99388195687170189,9.2939194787660906,10.477461432392008,-1.164902596376816,,0.1189232691945689,0.4666666666666667,0,5
0.0035841501572959613,-0.93997958567516182,-0.34121185850084512,0.99969022304640509,-0.0050359546620801663,0.024374107287655818,-0.02462949071902704,-0.34119351939125725,0.93967035204497584,-2.2974097177181068,-4.5185506659656207,-1.7913715303803603,0.5320739407120572,0.3857686102233336,0.1679389312977099,1,2
-0.9631187364960806,0.26838818945902798,0.019237441854314582,-0.26525376334462653,-0.93499648530140556,-0.23541880448581723,-0.045196686180583069,-0.23183906537277851,0.97170361084302381,4.2800357366152229,5.3391545878269895,-1.4893585733013159,,0.2600655752255742,0.2592592592592592,0,4
-0.87674347962098809,0.47924076624545614,-0.040609837607999341,-0.47900699931592988,-0.87766637805014958,-0.015938113021258499,-0.043280082583432203,0.0054787597864642068,0.99904795562714166,-2.2794139420170443,9.1675029791104521,-2.2902913452188791,,0.1391745229014851,0.581081081081081,1,5
0.090673714947928419,0.99080342404803301,0.10043332271828417,-0.99588063223443124,0.090232620558133719,0.0089353526824853223,-0.00020918386734829011,-0.10082980254818054,0.9949036672764876,-11.386688907673012,35.889325835753418,-4.557381914624691,,0.5587558989780574,0.7755102040816326,0,2
0.99843195556732334,0.016203518948251863,-0.053582423197372595,-0.012108300716968041,0.99704279302773557,0.075888457127535114,0.05465362893492217,-0.075120668561614284,0.99567558270708745,-0.26319090114941329,-28.902457979880968,-0.95713102355495927,0.544250310512605,0.7042889598937694,1,1,5
-0.090241655323152939,0.99549426071535274,0.029113923255530541,-0.9956767783695869,-0.09082696404530359,0.019447766398032123,0.022004469093721678,-0.027233058680669588,0.99938689397790137,18.319188053257442,-20.023923337336495,0.7146854549627939,0.4632036019207089,0.2473322902367355,0.3333333333333333,1,5
-0.4924163268435352,-0.84429806177339728,-0.21139286634985044,0.86915062487844075,-0.48980617774836943,-0.068316173143327857,-0.045862319297404579,-0.21737224092606164,0.9750107468861281,1.2436303749843363,21.555614697188783,-2.4007647247906685,,0.7282530578532762,0.5531914893617021,0,5
-0.96012924600638216,0.27861285671596031,-0.022950098818659188,-0.27606589061209913,-0.9578730436278704,-0.079163478521516215,-0.04403924390544172,-0.069671431474097087,0.99659742957353903,13.439888551064396,11.353575632016911,-0.80273261154287046,,0.3361904573015108,0.2,0,8
0.030024617954621313,-0.99208812683414338,-0.12190024984142026,0.99951162395292781,0.028742490649957955,0.012263067080418957,-0.0086623264577597222,-0.12220891058330703,0.99246659705724183,-21.596293372490052,2.6451117447482044,-4.4491090345949766,0.4460126035087323,0.4197059568113757,0.9051094890510949,1,5
0.65902681914882111,-0.72827952031271048,-0.18786322667215874,0.75203646591862361,0.64177735176522543,0.15020980224286559,0.011171641384027022,-0.24027228523968883,0.97064124339247204,5.6207193256379906,-2.7391449978115561,-1.0495869240538096,,0.1373434439632751,0.3157894736842105,0,2
0.69449301869515323,-0.71074258091532283,-0.11191260276447658,0.71878127872191089,0.69230360547106606,0.063790212498920862,0.032139078122878424,-0.12474254096172854,0.99166848196956603,5.1961815457291305,15.437765355911353,-1.7780577787773528,,0.1525485808237492,0.375,0,5
0.75057626627811291,0.6607549395905864,0.0061788596561263851,-0.65887357172361494,0.74766320524349106,0.082977997138989221,0.050208415471671458,-0.066352402606629279,0.99653222410725584,-0.51915103197306534,-14.971537855801287,-1.2371331899348963,0.9118883782004943,0.3729576859831143,0.4651162790697674,1,5
-0.44718444434920746,-0.88024583345959451,-0.15872411728881455,0.89300088648312637,-0.44944669902928069,-0.023389772808492155,-0.050749280511552357,-0.15220032000198294,0.98704588197249099,6.7688074009926602,-13.479697757889115,-0.53141820570609322,0.220823851822914,0.1693505504098737,0.2058823529411765,1,4
0.97241748111838733,-0.22224359391187604,-0.070795673458945857,0.22712081222433808,0.97131486230666841,0.070452643078427857,0.053107241219343349,-0.084588552578422321,0.99499969733802418,-2.6450411210426656,6.2636874995790484,-2.3107353953722525,0.4965726474255815,0.4785510446370522,0.965082444228904,1,5
0.91306662708612329,0.40578250738088872,-0.040618852830295739,-0.40299069748597433,0.9130566949108998,0.062657558348150857,0.062512656649179085,-0.040841505629237052,0.99720817243773052,-3.6976477778094763,12.961441117613735,-2.5619368501178421,,0.795091276319883,0.5324675324675324,0,2
-0.98262508281378169,-0.15364719707087615,-0.10411765199749225,0.16739876003035981,-0.97595125731951848,-0.13963093667503657,-0.080159851331608328,-0.15463402655532646,0.98471453531761155,0.25277276330959059,4.678883405954176,-1.9099259547853591,1.045217916806445,0.3829850073989722,0.3859649122807017,1,3
-0.98945871325136769,0.13709156441814976,-0.046662166005583379,-0.13535298879129873,-0.990045631120958,-0.038590370865892273,-0.051488087905950441,-0.031867715068527376,0.99816502921115235,17.507463674786191,3.7940146641917867,-0.16879262804365452,,0.1161157513492259,0.6410256410256411,0,5
-0.6423326466424093,-0.75702106369202005,-0.11969912357223389,0.76493831759413877,-0.64294516413817882,-0.038611995384589246,-0.047729878835032921,-0.11636419139036516,0.9920590877707135,-19.662684388471543,17.511572406824833,-4.7508139315632034,,0.1464557128435025,0.25,0,1
0.67849348332011739,-0.72137467434621005,-0.13879903567400118,0.73275152084095052,0.67800862960509756,0.058133526353484087,0.052170890325997206,-0.14114842327463897,0.98861282654519289,1.6369948415298492,-13.077411545022679,-1.0794841377164248,0.7836951917026649,0.459289032750802,0.3684210526315789,1,2
0.72950182023586296,-0.66829859759917976,-0.14561620349237661,0.68397872282930838,0.7129173214619422,0.15466738336287414,0.00044831835949879202,-0.21242852258230313,0.97717650493866703,12.338769095921322,-4.2906952642766054,-0.41699096763421212,,0.2433011266795662,0.2352941176470588,0,3
0.17906081312190242,0.98381211160238125,0.0071382258710631415,-0.98361133195738504,0.1788591066069489,0.022763295648535287,0.021118069256957847,-0.011097254085010057,0.99971539855232328,1.6284281062975419,-13.271583663861609,-1.0760794694334184,,0.1031103096971146,0.3703703703703703,0,3
0.84194365667878268,0.53850839910592307,-0.033757711278099511,-0.53669310268679637,0.84226801204161161,0.050449077492961097,0.05560029232638472,-0.024357749975046666,0.99815595350094122,-11.203337616196643,9.1532495950017054,-3.3649744322090918,,0.07178804001504727,0.2727272727272727,0,1
-0.86523278028049788,0.49904301044266336,0.048252561138281622,-0.49965552054078843,-0.85031766006803433,-0.16523993999495551,-0.041431832221054246,-0.16708067124819229,0.98507230829724368,13.367394304543543,-5.7973893779439294,-0.22279477706072826,,0.2873253316062336,0.1764705882352941,0,1
-0.94297618527846483,-0.32462585630408752,-0.073579667140534918,0.32948993186687692,-0.94171400355961821,-0.067905230270399991,-0.04724720939944238,-0.08827677451375987,0.99497482997581987,15.003495023311425,-6.927954586006229,-0.032652293029589094,,0.512119445367289,0.4285714285714285,0,2
-0.78285666381395702,-0.61537516543536197,-0.091917624466055003,0.61911288224629479,-0.78512561369426925,-0.016643610121708376,-0.061924816986142842,-0.069936946506112652,0.99562751094705815,9.6885776228405547,13.696853336679512,-1.2515650617651453,,0.3252073566179735,0.4782608695652174,0,6
0.86236374886828948,0.50336074046932544,0.054375818081223819,-0.50315439341581258,0.84013385744257363,0.20251113047195027,0.056253186791466868,-0.20199768942449298,0.97776915089553251,-14.690648373118139,14.552980094581535,-3.9329819149407248,,0.2605171442896382,0.3636363636363636,0,1
-0.78752569647362436,-0.59478550968958011,-0.16134892270182696,0.61517031598292082,-0.77440253417042293,-0.14787223337699809,-0.036996752927888087,-0.21571025134131736,0.97575628501130329,9.3628634739918493,-8.8153858571616333,-0.47729373092256444,,0.2496746814311863,0.2,0,4
-0.94427017574324601,-0.32363485844652451,-0.060119161671776437,0.32398459710868771,-0.94605344322624829,0.0041065065543737849,-0.058204948570894081,-0.015600030706953229,0.99818276032187692,-10.74320051229042,15.293210379465064,-3.4843562759783415,,0.05733312287369995,0.2857142857142857,0,1
0.62613593373803078,-0.76917196685461664,-0.12778215011105398,0.77943111720296587,0.62185986703168816,0.076009468561927224,0.020998238443731585,-0.14718964359060976,0.98888537394479059,3.2665852429844322,17.010463295728822,-2.0007376960284242,,0.6554701531796192,0.4285714285714285,0,4
-0.52316394366087082,0.84283475502536698,0.12621039487512556,-0.85206577183480614,-0.51436881192336592,-0.096998174148290428,-0.016834741481885032,-0.15828550483817297,0.98724986221187372,1.4771196823688495,-3.2155085977627462,-1.4511708041241207,,0.08185623295878518,0.2857142857142857,0,1
-0.011612169455430966,0.99170303161330109,0.12802442973716385,-0.99959803627177424,-0.014824360356666568,0.024166179293140765,0.025863553548398727,-0.1276923467910405,0.99147654594995105,-7.7997089462021805,0.53253025253136266,-2.563249398787498,,0.4114265556195373,0.3222748815165877,0,2
-0.5415354647806816,0.83903987859087559,0.052454003841265237,-0.84048419451130862,-0.53901639497009701,-0.055205477356116008,-0.018046028966160498,-0.073982485005902571,0.99709625049485751,-12.729985347274559,5.046868834422499,-3.3472939098097556,,0.8464319038979007,0.5928571428571429,0,1
-0.16590757573021903,-0.9761550644414454,-0.13998559383250267,0.98584662775457255,-0.16764844097727463,0.00065328617468985611,-0.024106075173250162,-0.13789594048849321,0.99015332486263685,3.1559930270294596,-9.6401937664194186,-1.0294062415916876,,0.09367134144012713,0.2222222222222222,0,1
0.90267866046056422,-0.42030878602001409,-0.092259201944869668,0.42799579913465574,0.89916616351815992,0.091212972252426749,0.044618739025320896,-0.12182255447336722,0.99154850277198969,-7.9289995386799541,-12.762428153846606,-2.0701126474182634,,0.6624557653053907,0.5076923076923077,0,1
0.99816051645418624,0.0335399415327228,-0.050504016809492479,-0.021386437357192905,0.97427623825830456,0.22433999166981758,0.056729213718143746,-0.22284722095469009,0.97320137300750476,-6.4297775342854129,3.0834018913359227,-2.5378250774824673,,0.5623264452353649,0.3244897959183674,0,1
-0.17534237803276087,-0.9780571524775723,-0.11251336344309681,0.9841897937145403,-0.17704056077617658,0.0052047851240004427,-0.025010006276417127,-0.10982188455639881,0.99363658007268119,-7.2467388510471231,14.727726704152227,-3.0327532766498444,,0.07158948044138341,0.3333333333333333,0,3
0.11107934407894209,-0.95942301712174372,-0.25916954592698938,0.99367343072999437,0.10287328604601932,0.045057741614246,-0.016567811571667708,-0.26253487622619542,0.96478025808192269,-5.0921651162919881,15.43984962645429,-2.8509689613205058,,0.2681891822198159,0.1764705882352941,0,3
-0.48459722826516227,-0.85006412296140144,-0.20629230041760199,0.87380200814057496,-0.48132828048026399,-0.069232485000984487,-0.040442266593522173,-0.21380849670622581,0.97603808829830152,7.6287553878905223,-10.736706111128539,-0.52940469985085103,,0.38713602291644,0.2142857142857143,0,1
0.77133537023233656,0.627496551053636,0.10625358838333886,-0.63358440993267906,0.74134348372516701,0.22131568997360376,0.060104426782087786,-0.2380292367631022,0.96939648252259092,13.949356173979099,9.6993768351485876,-0.69140465232305304,,0.41190234678534,0.2413793103448276,0,3
0.16178652078077405,-0.98137696317440737,-0.10355857204610351,0.98682131843372856,0.16057688908858778,0.019968679859902687,-0.0029676890618935562,-0.105424469840769,0.99442288488370112,5.9151262341042523,21.200193347866232,-1.8918387088669579,,0.1298396241972234,0.1428571428571428,0,3
0.56794404997888803,-0.80778737650147081,-0.15785788057125341,0.82254334343119662,0.56388722462121943,0.073848805582796218,0.029359909240417904,-0.17178693860083821,0.9846965235317654,11.361399176761891,-7.5529864152380801,-0.35225812644065801,,0.6000519242404208,0.7076923076923077,1,3
-0.74073014621817979,-0.61132987076133227,-0.27855814401759527,0.66979731564948797,-0.70405478803319665,-0.23596273306662541,-0.051869127931117802,-0.3613622068817714,0.93098171249772776,-12.187979514384022,17.83679092876044,-3.7981628676897654,,0.415289699738314,0.1875,0,1
0.50920854859815079,-0.83626051309026939,-0.2034084764226021,0.86049590588754066,0.49906952740422494,0.10235430018960907,0.015920112604683522,-0.22715184582680165,0.97372921746866137,-5.400426030870384,0.57033832878240787,-2.3132108090898318,,0.3223670780308012,0.2631578947368421,0,1
-0.996885557094916,-0.053210480533062508,-0.058205075526096002,0.054342544271086431,-0.99835934709507457,-0.018041672595422786,-0.057149575131430111,-0.021148494729790947,0.99814160680384434,0.46161844153835935,-13.025055402721934,-1.209258033703781,,0.5218900135490361,0.1444444444444444,0,1
0.21527398992246743,-0.97378379588541397,-0.073499851250574622,0.97649089652350618,0.21379607708535331,0.027509388027243193,-0.011074216431923778,-0.077693991362967965,0.99691574640814595,-20.067921756066578,3.6846029376706877,-4.3012155770848493,,0.06952951900407928,0.3125,0,2
-0.082009359296614209,-0.95887431477856044,-0.27172506959370479,0.99644032369216007,-0.08422810623047107,-0.0035081962731361052,-0.019522968729708646,-0.27104552122987274,0.96236852562477559,-1.9178193036918556,23.798714384631541,-2.8244955772135398,,0.2421843472353588,0.3,0,1
0.76743925507555977,0.64080884846778086,0.020025221458652969,-0.63772096527394573,0.75978322491564865,0.12665473377195616,0.065946646761895142,-0.10997031809617991,0.99174470954912997,9.9324172578927481,8.7000138649391143,-1.0747253879064034,0.7506031856257501,0.5706173996285953,0.4651162790697674,1,3
-0.60125483085883769,-0.78093710100106706,-0.1692036425404603,0.79759343968234697,-0.59935554487468468,-0.067953188325880196,-0.048345975474626504,-0.17581289801382383,0.98323572532093639,7.1432524726339386,14.55958585842659,-1.5541153191763393,,0.1233538735771556,0.2173913043478261,0,3
0.52435266597426677,-0.84179911433085663,-0.12817383819432426,0.85063008386961858,0.5246549238829773,0.034141928201453495,0.038506390400100995,-0.12693093380706311,0.99116385927919215,-6.9409954735553079,-19.237785745790404,-1.7873632442485248,,0.2688746134605491,0.4615384615384616,0,3
0.70628208707441287,-0.67956008919665922,-0.19840286955797778,0.70793037599732811,0.6778022276639778,0.19854148915033029,-0.00044296511491307826,-0.28068171537308523,0.95980080143596935,17.579183931034219,17.234950689902,-0.60761792781265078,,0.4266402006294927,0.4166666666666667,0,3
-0.54308376232527411,-0.81010126313305542,-0.22089809996660176,0.83570881088242954,-0.54702754960490974,-0.048493745851653142,-0.081552501568632904,-0.21094265439563811,0.97409054304228904,0.26991265831515904,14.428933564948627,-2.2373737191942746,,0.201068384681291,0.1764705882352941,0,4
-0.19906969822727416,0.97375591937917461,0.11032073568337337,-0.97981470936000381,-0.1956692360663064,-0.04094734886411882,-0.018286349265881262,-0.11624525595157324,0.99305218891017,-4.1883731950736607,-7.7750450963921107,-1.8690818134839497,,0.6736270844261446,0.4382022471910113,0,2
0.51659610748348361,-0.83623831931867787,-0.18394003108618176,0.85605667843575894,0.50012075851671234,0.13056105930254866,-0.017187932931220708,-0.2249104270676239,0.97422783513806999,-20.90497981674396,4.7322806074662456,-4.4239569728102364,,0.375365816403083,0.631578947368421,0,3
-0.91279605196852454,-0.37591795908748754,-0.15965292213477267,0.40432972915898907,-0.88691573866746987,-0.22337847394535035,-0.057626709335968383,-0.26845141187826371,0.96156799126825854,-7.9297951255214381,11.839408402194058,-3.0087350388839798,,0.315578660739098,0.125,0,1
-0.98538646301246369,-0.13832226647461993,-0.099400548837072583,0.14871092822524459,-0.98317654071718807,-0.10606106547536814,-0.083057680789756907,-0.11929308605576613,0.98937888661579954,16.416196499648358,-6.0575981101586809,0.016603547843993101,,0.3785837427893128,0.2857142857142857,0,2
-0.051888164261197245,0.96626447082025824,0.25227086799717779,-0.99858094725346236,-0.053234070613988618,-0.0014918137426784969,0.011987918584182333,-0.25199028980560212,0.96765550876936945,17.54633685342036,-3.1895054038402662,0.022173397486574126,,0.4694125453919086,0.2794117647058824,0,1
0.042532716709280841,-0.95131880776244437,-0.30525971566318633,0.99900347973551229,0.036357973102542587,0.025887164159340673,-0.013528321613042731,-0.30605656959019206,0.95191720266261493,15.19953141132391,29.876298118186213,-1.1862224612427892,,0.4558014277006407,0.1428571428571428,0,2
-0.69645676888933072,-0.71099308240040515,-0.097143223371493712,0.71602334567089443,-0.69749605778518675,-0.028457298332450778,-0.047524073083985596,-0.089376093855650374,0.99486349632731708,8.4139653256749778,13.227960291398785,-1.353014062144474,,0.07881944898060025,0.25,0,2
-0.26307965998653665,0.95968706536190707,0.098943565118809473,-0.96471508360607794,-0.2628109678452743,-0.015975063165737824,0.010672392622438171,-0.099655063881781372,0.99496480755775074,25.576860170719513,-5.92425333531832,0.79702127698921521,,0.1742709031124428,0.2777777777777778,0,2
0.39561395603562249,-0.87016941778390655,-0.29375973540201583,0.91837629724271796,0.37782198865637356,0.11762449383737728,0.0086356500971624377,-0.31631586941119627,0.94861461948782944,-15.50561004055216,3.7068130008391154,-3.6940445085067322,,0.3531755440705492,0.2666666666666667,0,1
-0.49036009543925207,0.87151745439138695,0.0020744859521058929,-0.87034317849816678,-0.48957296063967271,-0.05311372564803539,-0.045273926740640402,-0.027850366275210467,0.99858631507537721,28.74752921833965,2.1464954909238982,0.73889927287267199,,0.5972074357644651,0.16,1,2
-0.85112263954005707,0.51997944744187874,0.072191597159254633,-0.52448015533981174,-0.83633439358907147,-0.1595786600856344,-0.022601307862431821,-0.17368407047866571,0.98454203797748974,-1.4373648009882358,0.49664785858659183,-1.8946243327248957,,0.2445696327365717,0.2625169147496617,0,2
-0.73051256820963895,0.68284352533472858,0.0087239667696474947,-0.6827406502334834,-0.73000800113707753,-0.030879164409182154,-0.014717071941059983,-0.028513824441643774,0.99948505221898809,-2.0713562725350281,18.08766165208522,-2.6447139054021691,,0.2954864362036496,0.3333333333333333,0,2
-0.96006886052670637,-0.2386722052428574,-0.14595671101892788,0.2736121827810673,-0.90984870570731391,-0.31194824275271282,-0.058345149590443846,-0.33942732825633964,0.93882103318578858,-23.781234278301792,1.6634758346796368,-4.790846722813999,,0.1057606739543672,0.2,0,1
-0.96248756586400619,-0.23797184760699563,-0.13033451309493271,0.26497666862370978,-0.92772478667352576,-0.26289557865556035,-0.058352811776820383,-0.28756933066318824,0.95598055912223701,-0.85533163611097363,18.043823583404901,-2.4879426140431478,,0.6220518092611849,0.1666666666666667,0,1
0.44848791222536005,-0.85622568211387406,-0.25639066651570847,0.89368558837268897,0.43395102439845745,0.11407268541807168,0.013589029498045158,-0.28029286418344801,0.9598183414402649,-4.2187105826375566,-13.554212183574679,-1.6895614449130834,,0.6831139503809192,0.4520547945205479,0,2
0.98857018314574496,-0.13093101725348888,-0.074739960637902156,0.14084925680852359,0.97888240269055571,0.14815778264826795,0.05376318305006822,-0.15699143423681258,0.98613549257928734,32.895227630984159,-4.6624190251208013,1.2423298459270462,,0.548796039416978,0.3333333333333333,0,1
-0.02221402023690397,-0.93077608253285204,-0.36491426594436172,0.99962211883355501,-0.026590007852030965,0.0069707260126504883,-0.016191258247243368,-0.36462152386718327,0.9310150307536097,-3.3514751466193617,0.51153110327920581,-2.1140605003307207,,0.2324522520988306,0.2949526813880126,0,1
0.99046111558613947,0.12717275862789215,-0.053045904411478703,-0.12506376001715966,0.99128635585769587,0.041357183423676391,0.057843188382299057,-0.034328561772104742,0.99773529325389132,5.1025562745053765,-14.489786291433733,-0.64526723913595729,,0.09787548245278671,0.2222222222222222,0,1
-0.94995943248196502,-0.30328048193022655,-0.074819956687454961,0.30689014503215334,-0.95079875882124554,-0.042428281913399944,-0.058271052167324089,-0.063266653966750699,0.99629404041937564,12.017137442619342,20.040366116911752,-1.2298581615919382,,0.1011736304200713,0.2777777777777778,0,1
