axis_00,axis_01,axis_02,axis_10,axis_11,axis_12,axis_20,axis_21,axis_22,location_x,location_y,location_z,dbh,dbh_approximation,score,reconstructed,number_clusters
0.99739015930489594,0.044272549201277114,-0.05703342448928711,-0.034074057032845287,0.98506436208884662,0.16878140057428229,0.063653976773467361,-0.16639754784766045,0.98400204639584421,-16.925595909281164,13.219179587470641,-2.5443614689123102,,0.110910402210284,0.1818181818181818,0,2
0.71548021222663838,0.69715138835473756,-0.04547535186437094,-0.69635212538966762,0.71688744279305694,0.034148379623725404,0.05640729897290811,0.0072343680232188137,0.99838163071136676,-25.616072648521808,-9.3924756943951699,-2.5075282768041696,0.284061592009794,0.2571876541869604,0.7662337662337663,1,3
0.84543981935932511,-0.52261884410140969,-0.11000479822161677,0.53182741339332951,0.84269521539336179,0.083811552404763817,0.048899020491546256,-0.12936119102436572,0.9903911187261959,-0.86624115316677297,1.8790564019826008,-1.3393862133775292,,0.1055305270203777,0.1882352941176471,0,5
0.95450070573286894,-0.28783453508914725,-0.077972323073448493,0.2921731365156417,0.95498788743022778,0.051312699794138307,0.05969305700052497,-0.071759426360344228,0.99563413143301172,4.7148546810912064,12.535489099403776,-1.1478930642822964,0.2027864006199988,0.2018061388154642,0.3333333333333333,1,5
-0.93809766303268394,-0.31516764398761771,-0.14367369556015799,0.33847029500806947,-0.92220646587813759,-0.1870109453740815,-0.073557011968738317,-0.22406380893810485,0.97179461591139804,-0.63312708411224883,3.9681032217586587,-1.3871802857859654,0.391046525117678,0.4516797561797411,0.4461538461538462,1,5
-0.83973574477052038,0.54122696895859246,0.043786379464346478,-0.54019096519954113,-0.824493464725507,-0.16853559784721667,-0.055114427072128505,-0.165178372364016,0.98472255241346407,-11.878661200956802,6.9795687708473588,-2.2159283587126755,,0.3126196162731482,0.1379310344827586,0,3
-0.36615206556435653,0.93030400543697767,-0.021613013461097924,-0.93044064812113725,-0.36637245092292314,-0.0071712989511562514,-0.014589900852019238,0.017483840328849448,0.99974069143977662,0.57905548580899924,-2.8248548974772185,-1.0868213617861109,,0.09059163165597331,0.4857142857142857,0,5
0.94629136000450875,-0.30708610128803171,-0.10114735971113839,0.31825960659696312,0.93984494376388661,0.124106021168208,0.056951600412665518,-0.14963157446600031,0.98710025181501349,-10.145470045104073,17.043275514741374,-2.2336996220088916,,0.1734465623875437,0.3043478260869565,0,5
-0.49119831590597074,0.87088908101296691,0.01662597436322338,-0.87076069684163426,-0.49045697228811108,-0.035039508698734796,-0.022361200482260729,-0.031688592685182752,0.99924762186688421,-9.1571839362976792,-8.106902691607937,-1.5689922019100189,,0.09455991766217997,0.352112676056338,0,3
-0.19161062277927884,-0.94642487228939809,-0.25993331904573613,0.98142974519180481,-0.18718979287471618,-0.041900318570018066,-0.0090013605018944409,-0.26313483721376846,0.96471707404481966,20.397564712790789,1.410475827990028,0.35699167954314415,,0.3523229058100285,0.5384615384615384,0,4
0.8547928387942858,0.51697244229829098,0.045482927018227065,-0.5156505812518094,0.83616272243158651,0.18691275951755595,0.058597617704786137,-0.18322498606886783,0.98132304756353628,-11.800888210598879,13.195515221210657,-2.2816657585038271,,0.07415445296160056,0.4285714285714285,0,1
0.98888804888037762,0.13537061292437577,-0.06144285099210043,-0.13437968938639469,0.99072802125146087,0.020002174571282096,0.063580860814986873,-0.011523240153826882,0.99791016082329886,-15.287207026389023,-9.9628525257576275,-1.8212759969507015,,0.07577661958541956,0.3125,0,1
0.88150954070332177,-0.45619032229056672,-0.12178390491952609,0.46870648403770132,0.87660919664328452,0.10895204532927255,0.05705402238261062,-0.15312317332410733,0.98655873232216684,-0.19445678263152147,-23.742882161132531,-0.48048156974891915,0.3599656214724844,0.4140313665789725,0.2894736842105263,1,5
-0.99788089376197242,-0.015762396218397298,-0.063128984866396148,0.01599778249724854,-0.99986682663297033,-0.0032248959804188548,-0.063069745678717856,-0.0042279858523944719,0.99800016598979302,7.6766767860029823,0.74960087725766111,-0.68241992589618272,,0.07440299645647777,0.3421052631578947,0,1
-0.80629010119220523,0.58963416624010156,-0.047199816967908703,-0.58976998009628101,-0.80747484059612262,-0.012480079386727103,-0.045471345886131352,0.017774470642100661,0.99880750142191943,5.4243938910332936,3.155713470857739,-0.91204521518519588,0.8050492987625177,0.3151167505864879,0.3943661971830986,1,1
-0.60963928558318814,-0.77931938661195255,-0.14491802898324582,0.7913976561574092,-0.60878642497257229,-0.055397099181028912,-0.045052095424940909,-0.14846003644039585,0.98789165715575211,-8.1287903375319548,8.6985849229931116,-2.0735471126762377,0.2361768559987623,0.1125097819854759,0.2432432432432433,1,4
0.75100101165545485,0.64122194813256583,0.15758138762417462,-0.65814223629650515,0.70763443187312447,0.25710369042515785,0.053350513541280391,-0.29679609845932525,0.95344942112531839,-30.756103168957839,-5.9111884223712599,-2.9375335648720484,,0.666066939061319,0.3513513513513514,0,1
-0.95176982275394306,0.29977505236094248,-0.065338522151354508,-0.29508270215750287,-0.95270592925746644,-0.072647169560105487,-0.084026206521270588,-0.049863116024397677,0.99521518591608316,-27.6320062840595,-12.745249942929094,-2.5564619476418327,,0.2159545615834554,0.3333333333333333,0,2
0.99564049879128058,-0.061476301456956484,-0.070147427079118446,0.067721935998429947,0.99359678393540107,0.09043876568070558,0.064138417124773126,-0.094795017339512233,0.99342849170754499,3.4000257749995892,22.503501552588791,-1.2832829786656437,0.3603107215997223,0.3956473010620436,0.5,1,6
-0.30095471582267747,-0.92642397627855488,-0.22619654108832629,0.95323723374778169,-0.29912275826266088,-0.043178138985078031,-0.02765927007294941,-0.22861362965835896,0.97312423313442509,2.9931487791572757,-9.2684674407422705,-0.65316558416919557,,0.3306575739109835,0.5,0,1
-0.88013392859663386,-0.45781415468348235,-0.12558052199487521,0.47097532824422556,-0.87526027455747057,-0.11000769048946925,-0.059552564330186381,-0.15596682837395656,0.98596543576774009,-7.0051596558518838,-12.158381706997892,-1.3284112228343146,,0.1594880392904148,0.15625,0,2
0.36384976442580297,-0.89523110082529866,-0.25724429059244852,0.93134538411656043,0.35394433190831415,0.085552237812661594,0.014461134535875589,-0.2707114442078532,0.96255191525591721,-10.880583748437278,-9.6896471289677919,-1.5924510468819886,,0.06024155078626049,0.3,0,1
0.11268628351471992,0.96346981162442735,0.24295621744674278,-0.9934957760034524,0.10522285720278389,0.043523480850904517,0.016369012521733221,-0.24628047508982798,0.96906036087469349,-0.57467152287801382,-14.695962373772398,-0.78226318873527367,,0.5899336780863519,0.4303797468354431,0,2
0.98861238585817968,-0.13605316677044652,-0.064304636998676556,0.13791382461145418,0.99011797069471585,0.025420092218943539,0.060210692645405885,-0.033999116446043413,0.99760650186937438,5.5317457085970227,-8.8745007733585943,-0.46795422855857599,,0.1078266176637576,0.4827586206896552,0,5
-0.41446481764034632,-0.85684163181916162,-0.3066615934867481,0.90941427747747372,-0.40269010826773166,-0.10395358879542199,-0.034417827625806238,-0.32196753669399586,0.94612489580219905,-9.2473376171069965,-16.769217032363745,-1.3805255918262123,,0.3923065239673729,0.2666666666666667,0,1
-0.044044123682061703,-0.98064120495806395,-0.19079555106835505,0.99844383787256108,-0.049747034641177072,0.025201887999161478,-0.034205522703095792,-0.189388647185642,0.9813062328008535,-1.5732923915299311,-10.881104553597032,-0.90906760070988613,0.2664659647848743,0.1824547316978687,0.1836734693877551,1,5
0.86905908427969703,0.49445614647559777,-0.015793265762295228,-0.4864386694260765,0.85990894232120929,0.15470627590052427,0.090076239474816883,-0.12676643928312842,0.9878342679587272,11.254366255500694,5.3316633785272574,-0.42753887168873189,,0.1739859960532184,0.2105263157894737,0,3
0.90270362060424991,0.42533256774928696,-0.064949058190070671,-0.42432111015920648,0.9050364877014998,0.029335156420106534,0.071258464909352767,0.0010783045635835097,0.99745730156134094,-6.2599822392152635,-4.4432729171547614,-1.4671918219692726,0.4237148226729083,0.247762030545859,0.3282863041982106,1,4
-0.91514558627595599,0.40308828822449594,-0.0053280217607848089,-0.40105297820415975,-0.91170353840729257,-0.089180528868116171,-0.040805203016422729,-0.0794763483803127,0.99600122763725607,-1.0412091613055816,21.709635241576386,-1.5678553849945525,0.2788141447626566,0.303338015010669,0.5,1,4
0.88360375600264851,0.46487685512241161,-0.055981353587675434,-0.4643795519349897,0.88535348597982444,0.022379379080550238,0.059966941915276066,0.006222092483177657,0.99818097128850403,1.8252241156760907,-2.3366019998895942,-1.0507669462822111,0.3362113396934042,0.2938569683720641,0.9009146341463414,1,5
-0.69182079796707996,-0.67208734548083504,-0.26397458882384245,0.71949427405496014,-0.6724829601414466,-0.17347811943159414,-0.06092596410659154,-0.30994397616976122,0.9488006948425789,-21.633918269916904,17.589946801656836,-2.7912475807698764,,0.3715392732952543,0.125,0,2
0.41040258620526454,0.90549327472735364,0.10794279345821269,-0.90976561177808724,0.39845893767950796,0.1164345593428326,0.062419939619259984,-0.14598768580551558,0.9873152215635479,-12.589823811215227,-16.363875921179446,-1.5771517582363264,,0.3894036656145344,0.3947368421052632,0,5
0.5767433645256097,0.81494842812400514,0.056799216314082461,-0.81622961445129993,0.57198865411045452,0.081229280814210186,0.033709167423163371,-0.093209651147962605,0.9950757021274883,-7.2002933835948504,-24.725113662458046,-0.95119830852357978,0.4462497062183498,0.4261518047731448,0.34375,1,5
-0.12664549596818483,0.9824763339526239,0.13675222694342612,-0.99194736095468616,-0.12559769172802529,-0.016298862770975003,0.0011625170999369633,-0.13771518818055528,0.99047118862609451,3.710507118333044,-3.2156455597530553,-0.84156053710301038,,0.08289086492654626,0.3636363636363636,0,2
-0.80216084262527132,-0.58664715756799113,-0.11127935601948799,0.59608929800400456,-0.79764462020573235,-0.091872785208389346,-0.034864471368546798,-0.14002918400908637,0.98953337299049315,-10.524559778618974,9.358767753260711,-2.1799098384789262,,0.1783299766080421,0.2413793103448276,0,2
0.70384267587198535,0.70779938131651132,0.060212319581022175,-0.70850858766402536,0.69337679957299947,0.13131715432582383,0.051196375142107099,-0.1350875627949073,0.98951012200504584,-2.8839753197818041,16.272760892972649,-1.7574887078740016,,0.1048662586743249,0.3,0,3
0.9605093564407855,0.27821722543290117,-0.0041172396246735186,-0.27513468185046247,0.95186651426262681,0.1350964317388233,0.041505216934182652,-0.12862859129266693,0.990823900836729,5.2207587490831724,7.7078656192834583,-1.0177362988850986,0.7723802439262583,0.629365632881597,0.8709677419354839,1,3
0.29551157839406211,0.91829951060520787,0.26343673976362303,-0.9549481083027479,0.27604888334013428,0.10895468992048646,0.027331620589611222,-0.28376578868655367,0.95850402173754357,-11.098614690988011,-12.867888141285174,-1.5585763169901843,,0.079214418953375,0.3333333333333333,0,1
0.70602124652083076,-0.70071125651256094,-0.10265346783114435,0.70716614539910672,0.70534823857958218,0.048988826624540301,0.038079420459625861,-0.10718020959705241,0.99351012093898217,-10.460208593859113,-5.6389376188845448,-1.707793873705616,0.1907484852918455,0.1869755776532527,0.6745406824146981,1,1
-0.4170792300211083,0.89817624001019192,0.13901207777079583,-0.90868187792859978,-0.40897355465248653,-0.083892051584542049,-0.01849758387339475,-0.16130738816329523,0.98673084775676478,-17.496986083012114,8.1888887548511224,-2.5280593756446432,,0.1315681618642273,0.2631578947368421,0,2
-0.98671073035595702,-0.14566894656491844,-0.071989531232541704,0.15679634475985718,-0.96982811395934243,-0.18667708923168141,-0.042624416363888779,-0.19548398241475473,0.97978016501096132,-20.361618543547213,-8.0029238296070595,-2.2092816163931945,,0.1934147073891753,0.4461538461538462,0,3
0.7895386664361238,0.61123321064901104,-0.054978690435211426,-0.61102864461915651,0.79129095807280025,0.022419079533023682,0.057207426590831896,0.015892824542334504,0.99823580804884149,-5.4762004266316078,-7.697310948918755,-1.320580776683786,0.565779520186232,0.5243026426449842,0.9715127701375246,1,5
-0.2755952348818792,0.96034060766221596,0.042346000819054895,-0.96124455231628603,-0.2749758516154065,-0.019929668101717948,-0.0074951419375837583,-0.046197384161308454,0.99890421189621004,17.968829994787313,-2.1917852028041489,0.25129231532366741,,0.7208338893282725,0.6666666666666666,0,3
0.099565508891189952,0.97769494054103201,0.18493056177848627,-0.99499848671300173,0.096324967719373419,0.026448289787779512,0.0080449287178367742,-0.18663896654860104,0.98239563073519209,-12.019743131300972,-0.95088229213206921,-1.9769830848744359,0.5798717761890519,0.324965141324656,0.2040816326530612,1,5
0.73395124327970207,0.67835787836186623,0.033855004837804896,-0.67702262674658964,0.72669662130303547,0.11641470465495975,0.054368514430031038,-0.10836332152135619,0.99262352137531573,9.2795021383125054,3.748448440388366,-0.58477550311475635,,0.1209182068232855,0.125,0,4
-0.50978406579924163,-0.82725076879685633,-0.23617021781377506,0.85844134409055284,-0.50718554024067908,-0.076428309720787319,-0.056556741536272832,-0.2417002136858423,0.96870136868439449,-8.1403039918557702,-12.273067416698,-1.4147505967078189,,0.3422845799326213,0.84375,0,3
0.23023612767997051,-0.93968806148212158,-0.2529380806025549,0.97284999819359641,0.22854570354547737,0.036465633212959495,0.023541591400149577,-0.25446651744163729,0.96679500669763163,-24.747844214155801,-10.515359055351141,-2.4149990970826201,,0.7798315797086517,0.3018867924528302,0,2
0.42713265132206724,-0.89830781652869052,-0.10296001621036638,0.90409974488482703,0.42591224038475634,0.03467585312042662,0.012702341271327961,-0.10789731346931224,0.99408089221769724,3.6380477861939067,-12.397201293884022,-0.50005973467354847,0.3902857722343881,0.2509259207298549,0.5573770491803278,1,5
-0.60996706966111491,-0.77949861272891197,-0.14255555647794335,0.79142652384699141,-0.60829429225100884,-0.06018397931604038,-0.039802402948840229,-0.14953249402236238,0.98795536435152398,-23.558155248746193,0.71135243283213134,-2.6648660778953284,0.3513363999372778,0.2152736053074421,0.8823529411764706,1,5
-0.75120639128015854,0.6592396482977031,0.033046086185250782,-0.65931293235332378,-0.74701379312170824,-0.085304455438037469,-0.031550197012127836,-0.085868964115325561,0.99580676141019364,-18.846180368989867,10.285831131551744,-2.6230149554099276,0.2671131031950653,0.3388126109958966,0.6923076923076923,1,3
0.84374681398562767,-0.52710567353900228,-0.10124684099811369,0.53579779632050673,0.83832318326886179,0.10067254765849032,0.031812503001039126,-0.13918997563386959,0.9897545732836257,-7.7649519411234476,-14.752920499956742,-1.3548347089155794,0.2496177342828695,0.1710587296338002,0.1842105263157895,1,5
-0.34222947096299816,-0.86344514707901487,-0.37059609710584435,0.9391330902145909,-0.32697321736353757,-0.10543981217229721,-0.030133504083975009,-0.38412366903464151,0.92278978040450033,-7.1348779423026736,-20.619892281923004,-1.068882800674821,,0.2770693487419933,0.1363636363636364,0,1
0.11642965526580104,0.96175578105474213,0.24793134731709565,-0.99306375692343618,0.10860982351941567,0.045036439914726126,0.016386276569071632,-0.25145521239947483,0.96773021348790089,-8.1425169864793521,-20.155970959506313,-1.1654868334991639,,0.5324229476844423,0.25,0,1
-0.17559312133458568,-0.97433298307655847,-0.14086267720411746,0.98444596524306482,-0.1746207713364078,-0.019332039068028457,-0.0057617060517896647,-0.14206626730864699,0.98984038028177079,-5.8123400663825269,-23.370487685313925,-0.90133842807302955,0.2032573767174285,0.1787420809863315,0.3888888888888889,1,4
-0.41952146360424747,-0.90314604329757098,-0.091263169193776708,0.90740315658312898,-0.41999903988749465,-0.014843110070204639,-0.02492494730834053,-0.089039491067304369,0.99571618246976001,-7.3684293052104621,-8.012429980822624,-1.4661398200893427,,0.06987469208441839,0.1641791044776119,0,4
-0.16973803183127006,0.97239370038616546,0.16012336493886783,-0.98548770428077681,-0.16719737028455431,-0.029309112598862,-0.0017277909161494745,-0.16277447840257001,0.98666178801011684,1.4687528615075351,14.937919615476542,-1.4148476306530604,,0.7480285205333688,0.3076923076923077,0,1
-0.45581522362225446,0.88739704284052201,0.068985290258802595,-0.88881636326164581,-0.44968242772329942,-0.08826769848150684,-0.047307021810053175,-0.1015490155283478,0.99370510873834583,-9.3349190854570505,6.6097027600703973,-2.0844182745786406,,0.3840401107315108,0.1521739130434783,0,5
0.48241786974956474,0.87590269578387059,-0.0082137972242287312,-0.87528939517595528,0.4823993770100431,0.034048726155811011,0.033785701691736399,-0.0092362643352795291,0.99938642065135497,-28.778863633266688,-16.468159936167712,-2.5313253852956281,0.5549348582801417,0.3416227821488373,0.9090909090909091,1,3
0.53851892743926932,0.81126126288332345,0.22771150198137702,-0.84158476823355244,0.50449936681282403,0.19291310676762777,0.041622622057449307,-0.29552589096459136,0.95442757981035331,-14.583305103552014,11.562229925878727,-2.4030408559895817,,0.3170468406577125,0.3043478260869565,0,1
-0.31973723422741573,-0.94223091334619624,-0.099844914659664427,0.94694544340351661,-0.32139390091687681,0.00053634946651030921,-0.03259491165688496,-0.094376196088980832,0.99500286700383667,-2.0655815579213903,-18.177216417399844,-0.81835746066785153,,0.08495533791399512,0.2173913043478261,0,4
0.099851293456353865,-0.96659346416571812,-0.23606523299124355,0.9904032085164739,0.11933695433938961,-0.069714961731845479,0.095557332295158406,-0.22683863507153162,0.9692332174887105,-10.358238650905536,-20.777092040665725,-1.3111516713110298,,0.3650124636023047,0.25,0,2
-0.83781382489900147,-0.53942707824309011,-0.084180888960785127,0.54289044764164007,-0.83946340218593796,-0.023898917336763918,-0.057775052293913651,-0.065723843835651094,0.99616385182554323,-12.742262002536624,12.044265256125508,-2.3119876552428469,,0.3185259656094518,0.1333333333333333,0,1
0.7792250113030682,-0.62266027051490302,-0.071432270592789268,0.62522065574059105,0.78020778249762235,0.019363567993751055,0.043675088952847468,-0.059749507549861421,0.99725748077039311,-1.5538155850094049,3.8940383810144752,-1.4589576013195762,0.1056530716429259,0.08936028645852608,0.5688073394495413,1,5
0.67335932085381633,-0.73466787196544614,-0.082766798422133303,0.73845824906484236,0.67373986456564605,0.027459229471195314,0.035589877878046301,-0.079609753151404505,0.99619056801186323,-4.6045253783159961,-11.679687274571513,-1.1404042993946899,0.5493617572317233,0.4942389098653598,0.9649595687331537,1,5
0.050054331838931043,-0.97701396970083498,-0.20721550828442517,0.99784354660038743,0.057741284106097961,-0.031212187006646779,0.042459632265449333,-0.20520635253128344,0.97779728599985816,10.771959744552369,23.103016613927416,-0.88430415985915634,,0.4550727456742535,0.9,0,4
-0.6168103973900757,-0.78254015306306668,-0.084710344796424739,0.78533408459458964,-0.61907194670262766,0.00054806915349325032,-0.052870684178237225,-0.066187866334028886,0.99640546822298914,4.9399780040952379,-9.6677251925821679,-0.46973763878713526,0.1781496671313773,0.1986052511126673,0.7619047619047619,1,5
0.73310593326015605,0.67869073153766724,-0.043983878223985737,-0.67826317695379013,0.73434835566526768,0.026297439424203598,0.050147317049945503,0.010553836107515981,0.99868606835987717,14.029729827702646,-11.836799061299434,0.28782733275613759,0.3265792803221406,0.379360972562619,0.847457627118644,1,5
-0.11794170058833371,-0.98950738727113752,-0.083455891332962107,0.99288192994690505,-0.11891210605032233,0.0067367810997907337,-0.016590010465380872,-0.082067299032709914,0.99648870037860204,-9.9411439829959853,-6.9549002260372017,-1.6549456301074899,0.4757585905255705,0.4444405466416956,0.9831528279181708,1,3
-0.99122607606294244,-0.11509789458350202,-0.064987235633669205,0.11638607880309741,-0.99306889588507252,-0.016384403756054274,-0.062650991961023084,-0.023804257771400324,0.99775157755738608,-1.6345889613126663,1.0355524799309199,-1.3582995247367919,0.157669219912106,0.1437712549378532,0.6411290322580645,1,5
0.68094459311714506,0.73065058998941834,-0.049640471922024858,-0.73065379127677732,0.68240914700040201,0.021512633103736412,0.049593330170477276,0.021621087814893643,0.99853544261798921,3.5462337178669312,3.7800117357092566,-1.0667744508069175,,0.07965506944714937,0.2758620689655172,0,1
0.29318485475165695,0.95561369519986616,-0.029070715345619658,-0.95570051124886468,0.29376924955022299,0.018334688908091087,0.026060962048771775,0.022407444413743424,0.99940919181881527,-1.4061387120009066,-4.6646427699811817,-1.1390061882870655,0.1770284875262305,0.1619377820094798,0.741514360313316,1,5
-0.52021388210161079,0.85365638839512747,0.025461488977660512,-0.8535379206162752,-0.51866130492362927,-0.049633344084030945,-0.029163932156294491,-0.047552300965425273,0.99844290960178494,-24.35470946321264,-4.2778387816736698,-2.5502658046272049,,0.3966856409720866,0.4285714285714285,0,2
0.5661597474564587,-0.80716892803265594,-0.167156997994856,0.8238131038947033,0.56100902834605271,0.081245553512747704,0.028197698690032909,-0.18370408741460045,0.98257706977913728,-0.23818598613055147,8.6903589383837296,-1.4810265454186926,,0.411177799236928,0.2142857142857143,0,1
0.10832627656696411,0.95894759491245884,0.26207809526312342,-0.99398849353949048,0.10026858702564602,0.043966864420532395,0.015883718589505703,-0.2652653778152923,0.96404459793947239,5.2060140725593378,5.0434589095877742,-0.96117932690540364,,0.2158181200567878,0.1428571428571428,0,1
-0.095381160312385554,-0.93831943857818512,-0.33235382567947153,0.99521607264657508,-0.096982061465308314,-0.011808831435169491,-0.021151903067764197,-0.33189020916600837,0.94308084810176995,-19.125294261574627,-0.35167427011694063,-2.4045604090038091,,0.264761541996423,0.7692307692307693,0,3
-0.9389749888318607,-0.33610332302698842,-0.073215617175733105,0.341374533102068,-0.93667007695858839,-0.07818308691614452,-0.042301282457540432,-0.098405910293072843,0.99424689002372058,-9.6800689842252421,-27.691238743065199,-1.0332178508773531,,0.298911878563499,0.40625,0,2
0.99162651025617987,0.1155951842161327,-0.057572715266779546,-0.1131404863916675,0.99259436816362334,0.044222738821960053,0.062258288574359603,-0.037338635163818308,0.997361384768779,6.7027867687602791,3.6987528294969154,-0.82442256506261935,0.8228851874839942,0.5919384000000157,0.1666666666666667,1,3
-0.99796960791326639,0.020561659249243597,-0.060281670932059273,-0.0097831483851901456,-0.98471167721163921,-0.17391722965455661,-0.06293609210235758,-0.17297436495608365,0.98291348417799485,0.11698264751429538,-12.295067243300675,-0.75853214777853417,,0.1012001532707943,0.4571428571428571,0,5
0.74874157075783399,0.66144731413514446,0.043284071463947409,-0.66155756340284022,0.7415786733634202,0.11136723717973807,0.041565015621187688,-0.11202018494876081,0.99283625419323673,7.4954201885201845,5.6668597352341541,-0.76566646224849688,0.5185900926354211,0.1426427161742001,0.4230769230769231,1,5
0.52864120992791486,-0.8381639526186091,-0.13423732601888733,0.84785357034628317,0.52902160017945188,0.035783652617267674,0.041021877297502243,-0.13273030955408421,0.99030291856010755,-15.638481608558301,14.37378832911736,-2.5028064318030432,0.2417119117808857,0.1203205487697143,0.3783783783783784,1,3
0.9846112078811261,0.16883595759991929,-0.04511306613597485,-0.16441997305159581,0.98243572959033754,0.088238935204443023,0.059218593166192969,-0.079463555455439192,0.99507723397623671,-7.8971943787065699,-17.409365112284931,-1.2888511653200565,,0.1187731782150231,0.5185185185185185,0,5
0.42163190887224444,0.90671721603852473,0.0095091303543447473,-0.90604717991037842,0.42085620831533593,0.044255617709959692,0.036125353938734062,-0.02727530131432486,0.99897498304062438,-6.0905046668563756,14.205304694507628,-1.9774059000123561,0.2028212583451716,0.132426862294506,0.4893617021276596,1,5
0.99616620072293016,-0.022541709799965615,-0.084526752312728368,0.044598446397076247,0.96209907831771102,0.2690285153644093,0.075258747772005308,-0.27176687586883236,0.95941590880299943,-10.135435098987113,11.737882680836169,-2.1733112366898411,,0.4131939163462572,0.1979166666666667,0,3
-0.17648386950001724,-0.96904637516816206,-0.17263419875490008,0.98409845815256669,-0.1772920735136494,-0.010851052067476812,-0.020091502383874287,-0.17180408447611542,0.98492623484669284,-26.539217997145872,-4.1106114966585121,-2.6777300361552827,,0.2127239170948594,0.3333333333333333,0,1
-0.95248075551304145,-0.29222338859076874,-0.085941267955710124,0.29807092444822997,-0.95229886276095133,-0.065426294276667421,-0.06272267832199234,-0.087933879390870315,0.99414963585940574,2.7367712296681033,-27.735340222121689,-0.13319065679186265,,0.3423183695041008,0.4761904761904762,0,2
0.48661115008050493,-0.86907078027962315,-0.089025656310385962,0.87332913868565432,0.48654089844166565,0.023961837703934067,0.02249008981532245,-0.089408797149628239,0.99574106215037428,-5.0614644300255334,-2.6665593810987644,-1.4552288533702133,0.1245737413622281,0.09946045045724534,0.5933014354066986,1,5
-0.40028920664190687,-0.86019617985856434,-0.31596057222812696,0.91554583481265095,-0.39018389728467828,-0.097633757773355104,-0.039298541998391154,-0.32835812530904779,0.94373543227979362,0.85937341166207348,16.189144470670445,-1.4574958979318799,,0.3020674267977655,0.25,0,5
0.95327613367929087,0.29938765211933221,-0.040393646974949175,-0.2947079444936595,0.95099726479946556,0.093549076939635378,0.066421686291340043,-0.077273773703692344,0.99479491529048658,-13.770251031648021,13.048611871873954,-2.3807365279361847,0.1618062847863979,0.1288145205241589,0.5098039215686274,1,3
0.71526671397845398,-0.68159689110762944,-0.15433472035443047,0.69764224326555924,0.70938588764961186,0.10033425544135963,0.041095356013352798,-0.17943617371084361,0.98291089691698386,-5.9452467981685482,-9.1394166440922788,-1.3020963198469375,,0.06920946653797494,0.3888888888888889,0,3
-0.011603532222106404,-0.98798630072441618,-0.15410524851818835,0.99986962058285966,-0.009733434144410108,-0.012884180037669092,0.011229420085524329,-0.15423465836393097,0.98797042986311256,-11.998489509601873,-24.185705170745937,-1.3204750865805677,0.1982149156760626,0.2096771171947739,0.2307692307692308,1,4
0.86542145355072309,0.50076992855472446,-0.01658874285320773,-0.49599834978106416,0.8609227802097239,0.11312649349476175,0.070931972682386116,-0.089674105355199721,0.99344210202715422,-1.2478197234543102,-16.863193514580278,-0.78477744141430217,,0.2246499092494979,0.3333333333333333,0,3
0.70568270976355096,-0.7014442248134436,-0.099939544809049902,0.70742093682647966,0.7054177164096137,0.044062041657107406,0.039592060824348872,-0.10179314736913199,0.99401741628020202,-6.7423529302342091,-8.7140562714547229,-1.363890166692372,,0.07113518818998921,0.2394366197183098,0,4
-0.69316600701325704,-0.69979208202723797,-0.17266131197601925,0.71756404964782206,-0.69257972762102682,-0.073723507386735637,-0.067990597690526372,-0.17499817947729435,0.98221836462434253,-12.01155542060016,-20.120423434552123,-1.4240184649682528,,0.3869235631703036,0.2142857142857143,0,2
-0.99826798493484925,-0.00058332237725880812,-0.05882762947048914,0.0030281938481660185,-0.99913477284930463,-0.04147934094683333,-0.05875253438049207,-0.041585639569085675,0.99740602278384949,10.070857141416782,9.468246830819238,-0.70677126382974287,0.1982772882503432,0.1709782227888358,0.40625,1,5
0.63967209332127362,-0.76117394493807988,-0.10692912874133198,0.76785279681031782,0.63912286526624307,0.043863943329806004,0.034952760356694264,-0.11016437101562504,0.99329860359419608,12.071924750247673,0.19024195813469413,-0.28631430223360244,0.475892318039265,0.3991576321326229,0.90625,1,5
0.12589994947695335,-0.9804366693290707,-0.15130479224604462,0.99204218155131318,0.1242378115054599,0.020427339896444921,-0.0012299368323864374,-0.15267253723984534,0.98827606650577982,-1.6778162590784436,3.0949338159251574,-1.4390161010279015,,0.08229785085047196,0.2291666666666667,0,3
0.95625473872229427,-0.27514377513660326,-0.099361852210673632,0.2857717153911058,0.95122545906908729,0.11620952069959629,0.062541197250950628,-0.13952071180431724,0.98824216142807608,-14.233013246497972,3.4094424383608408,-2.2451496874352239,0.4241050499709708,0.3429527950910056,0.9048913043478261,1,5
-0.47736996928950837,0.8779744678639565,-0.035759560952795498,-0.87843296651549618,-0.47783597004538281,-0.0053206268027024082,-0.021758578982081386,0.028872469755648836,0.99934625867658633,0.51590576566935908,7.2395946693012432,-1.365494596683432,,0.1066281353285762,0.3,1,3
-0.2283082908017941,0.95496285156986238,0.18952909136256504,-0.97357239902624315,-0.22280365249996362,-0.050152928996816781,-0.005666410278802156,-0.19597062166108389,0.98059339547047741,-17.154630096401206,-4.8690617451670244,-2.1158690493406618,,0.5842228029709937,0.3214285714285715,0,4
-0.11391725795261202,-0.9248711910068359,-0.36281694886837212,0.99335765377934371,-0.11200112536512014,-0.02638786832891811,-0.016230527365298855,-0.36341302668251135,0.93148673743585897,-19.982995803797689,-3.10522034923902,-2.3360609784076574,,0.4415145216139185,0.3529411764705883,0,1
-0.53602577136990959,-0.8083449320110192,-0.24342317744905592,0.84383069243274356,-0.52157985428274578,-0.12611192693344647,-0.025022688420126112,-0.27300719129446183,0.96168650742627138,11.011785455425965,3.1325746380010333,-0.4348390875532725,0.8191163434222625,0.4229333350627867,0.4444444444444444,1,4
-0.89372833795355178,0.44860817524204377,-0.00060253197814680304,-0.44554968750329499,-0.88779012080303232,-0.11538707627049219,-0.052298507669886717,-0.10285624196197268,0.99332042140739374,3.2690340264584918,5.8329094942458264,-1.1211669612375734,,0.2215068383731993,0.1707317073170732,0,1
0.03491494285982475,-0.95699073606044915,-0.28800985722640998,0.99938091618825986,0.034681361023657736,0.0059150280018533986,0.0043279468355294243,-0.28803807785087837,0.95760917632621012,-4.0496426499198623,10.432271223965129,-1.8328279365519222,,0.4346416055133107,0.1818181818181818,0,3
-0.57819212246505358,-0.81032650256319827,-0.095209394300406147,0.81468328488942643,-0.57975734418806268,-0.013136482854116217,-0.044553505374200171,-0.085160913004134808,0.99537058629194619,-14.734675563054029,2.2442311753924367,-2.2148311108210681,0.4736612787394689,0.3847572740429647,0.8838951310861424,1,5
-0.12733224847450117,-0.98143159554151682,-0.14345215847543141,0.99169781619564512,-0.12858918280259485,-0.00051324355726825881,-0.017942682386312851,-0.14232654474479894,0.98965711981968341,16.543992143324687,11.036134672475789,-0.19287383086441243,0.6860184413355002,0.7074007198788156,0.5555555555555556,1,5
-0.85978364601800028,-0.48123781232997503,-0.17082813007187994,0.50700426131272569,-0.84439892916038284,-0.17302348812672069,-0.060981645195361457,-0.23537335536687171,0.96999001156331977,0.9245970938552468,-15.531467969858451,-0.62025422648463679,,0.1220876062793551,0.5185185185185185,0,5
0.19489427470116702,-0.92618426623958672,-0.322798585280273,0.98081851270015974,0.1851622704097419,0.060909594985991085,0.0033566103964974667,-0.32847775965344944,0.94450574089292783,-18.759395998557451,-6.4168715749033085,-2.1736983725319874,,0.2383183453962391,0.4848484848484849,0,1
-0.49899810109878734,-0.83001154087250495,-0.24916206998308513,0.86599752936465346,-0.48834085264117394,-0.1075708639735142,-0.032390959141736564,-0.2694513938730741,0.96246910189664658,-18.449780050537651,-3.812283129747557,-2.2064163358179987,,0.7203640853235742,0.5376884422110553,0,2
-0.73356578208082157,-0.6752578152828963,-0.076864336720767187,0.67763508421063978,-0.73536622484701553,-0.0068708078920022998,-0.051883870393338409,-0.057126160851395762,0.99701788636884014,2.1911668494905485,-9.4419717308600273,-0.67364709441744164,,0.09242305104748981,0.3225806451612903,0,4
-0.84531766065960923,-0.52462887654782608,-0.10100789310311849,0.53109105095504094,-0.84571730985996463,-0.052005070894042285,-0.058140761711860792,-0.097605192973478611,0.99352547935731106,-11.607245616262819,-8.0564939177514905,-1.723710860971132,,0.0744695407882576,0.2558139534883721,0,1
-0.94872823076929147,-0.29163313867034713,-0.12192151807885361,0.31241101508098917,-0.9238187373948068,-0.22126522115852493,-0.048105111967815514,-0.2480101870237332,0.96756232116335406,-15.297625138846138,1.0949340845891611,-2.1950800322755639,,0.2373912564729757,0.1538461538461539,0,2
0.99674409475977976,-0.049965044990251763,-0.063282729402504387,0.053460743141768151,0.99706480141692599,0.054806301810623057,0.060358582689111963,-0.058010999427258049,0.99648962134144392,-4.4090898543995936,-4.4689457965558699,-1.3373621036619268,,0.3355611976116623,0.5622435020519836,0,5
-0.47566458870217626,0.87777173131010711,-0.057096293817086002,-0.87935194250860904,-0.47613555289487053,0.0059242278680178449,-0.021985455672460612,0.053025682290315526,0.99835109894090956,-11.394434235558442,20.125898409961199,-2.2335350183384115,,0.07745249366234137,0.375,0,1
-0.89501417611967049,-0.42459063787927531,-0.13664704449821696,0.44193744051393924,-0.88559095816277966,-0.14289840269337628,-0.060340063115777783,-0.18828554125476538,0.98025896156963765,-7.3015325984459363,1.0635402025583802,-1.7279284713742247,,0.07971474260731187,0.2916666666666667,0,2
0.85263966756108356,-0.51374263367703843,-0.095258089650727892,0.52016168517427508,0.85182560506578309,0.061846259636067519,0.049370219545634621,-0.10228218269519783,0.99352953480262651,1.3229133567927804,2.0413685299534463,-1.1973128572887553,,0.06634373960504454,0.1643835616438356,0,4
-0.89875500916072648,-0.40205306248664191,-0.17490788562445028,0.43408608840684842,-0.87209047015005936,-0.22589262875333291,-0.061714677023744044,-0.27894721152677232,0.95832131971551915,-4.5685253914858386,14.562166974707516,-1.8738435794341151,,0.1229832937887334,0.5,0,5
-0.30696665737454082,0.95154616470713616,-0.018203507668596967,-0.95165389526325239,-0.30711498809515697,-0.0059369788268325866,-0.011239879473551278,0.015500984434898524,0.99981667549154707,5.7058978972648893,1.4906024082535363,-0.87683324879375957,0.2486396057343023,0.2377537048577035,0.6074766355140186,1,5
0.97982181087223041,0.19091245186236219,-0.059174780632997505,-0.18907643058261026,0.98132898939706581,0.035263550120089325,0.064802178491170065,-0.023363439233853454,0.99762459240435941,-13.032777873107909,7.3588438910382514,-2.2836500757866447,,0.09695111924146604,0.3278688524590164,0,3
0.94837134050493577,-0.31053122054001503,-0.064514816738482653,0.31629593062537498,0.94103100592440148,0.12007302011166998,0.023424021403240076,-0.13427958504120446,0.99066659793417056,-8.0286676051307051,-9.1801957964948233,-1.4486260037587502,,0.122981281954506,0.2,0,3
0.53814457105343083,-0.8305268570124934,-0.14361601730541529,0.84189017000247501,0.53780967382337352,0.044516248664974771,0.040266143333129223,-0.14486509076705509,0.98863175306993401,-3.5995064919442163,-22.751060681828505,-0.77341453382650815,0.279783507061422,0.34806322113982,0.3673469387755102,1,5
-0.86067203492943145,-0.46992579408408436,-0.19599335791009492,0.50574402143894071,-0.83353593266582637,-0.22235294856079568,-0.058878120462528639,-0.29049543371515235,0.95506322823227074,2.3491329553282809,7.9497257951002887,-1.2481703307538297,,0.3464013825342991,0.2,0,1
-0.9601878878910135,0.27671580358687559,-0.038309058885108715,-0.26846686484759608,-0.9519585377217028,-0.14731084460303295,-0.077231874419152372,-0.13116137580868062,0.98834808193757218,2.4664447585617486,-5.7952936172249574,-0.84444412359130183,,0.1851195304120904,0.169811320754717,0,3
-0.70228561390786848,-0.68622192028647877,-0.18945815531770091,0.70962251218751482,-0.69604644894430112,-0.10933997946181068,-0.056840185562055695,-0.2112316667319708,0.97578193069707198,3.1385247063839232,-15.149402125666068,-0.43620611266720705,,0.6651178031108174,0.4,0,5
-0.83378305452826018,0.55174760046646476,-0.019503931937519012,-0.54957632726420169,-0.83283417721332142,-0.065977979479534543,-0.052646732969067085,-0.044292421980616538,0.9976304440336492,8.6325506023562433,-9.4377567770932913,-0.21316111775634825,0.09382894877408215,0.1406079442113649,0.5,1,5
0.98034436675566472,-0.18201223124613866,-0.076134553569569996,0.1881290845316686,0.97864579971881283,0.082824188773585689,0.059433745664494872,-0.095519350759562971,0.9936516912413329,1.9079366829472422,3.2370289298907902,-1.1877551145063208,,0.07375376997310414,0.2461538461538462,0,4
-0.58703640507635768,-0.80500930104898016,-0.085722134479140955,0.80834214525618064,-0.58866480378309272,-0.0075315994084793839,-0.044398595897430476,-0.073714137122036533,0.99629061556891718,-21.044244903082109,19.173339452374353,-2.7598429611789959,,0.1331939399159445,0.4642857142857143,0,2
0.90423219650040942,-0.41686052828966513,-0.092689992804539503,0.42595996864433333,0.89587598369540089,0.12635001761106218,0.030368403391730584,-0.15373198038098138,0.98764580608818386,-8.6512317770938036,-10.797342733794721,-1.4422486504578451,1.138232050926054,0.4177889425909994,0.7575757575757576,1,4
0.94960260263513729,0.30957469002191546,-0.049177315567325436,-0.30719630047550867,0.95031128842598966,0.050387380010238,0.062332415665802415,-0.032740897788088696,0.99751827229845558,-0.60772940818473775,16.423080421118954,-1.5561505443796515,0.2212521506793991,0.1589073366561373,0.4411764705882353,1,5
-0.931876118803871,0.36275428140683946,0.0040287124546312721,-0.35995570818130235,-0.92319064362557546,-0.13472536386996298,-0.045152932913949964,-0.12699750723224598,0.9908747881574469,14.132121840360599,3.9279004968651394,-0.19032532210287639,,0.4175113224686135,0.6862745098039216,0,3
-0.30817533432682925,-0.92480983175262621,-0.223057701965719,0.95124300589440614,-0.30272030893454477,-0.059136776168053573,-0.012833824430921703,-0.23040657467236975,0.97300981665049202,5.6569751354218631,-17.614242227601789,-0.19746036926861452,,0.2973274723752255,0.3333333333333333,0,4
-0.90863829410392771,0.41444220320317643,-0.051128374627035136,-0.4134390760745052,-0.91005887452616474,-0.029342380115306606,-0.058690551731644433,-0.0055231422459286316,0.99826094486219796,-13.533963891015915,-1.3321639836318648,-2.0541323552202617,,0.08162479462805612,0.2372881355932203,0,5
0.075489215336968937,0.99659317443321949,-0.033217812103315966,-0.9970462517378984,0.075912363330105079,0.011665547096003833,0.014147447233324742,0.032239072051791148,0.99938005381837791,-2.7229345148163193,2.5585284724287383,-1.4749174816342714,0.5901155090833405,0.5288255528862311,0.9936862554638174,1,5
0.97811301550739704,-0.19495615438777092,-0.0727119437325114,0.19970138534754958,0.97770304978062483,0.06493152654863614,0.058431888428303998,-0.078031047128680642,0.99523709240497349,22.540588992089269,-2.9618669488431917,0.64042049300356718,0.6068480764596724,0.4956934626193624,0.9387755102040817,1,5
-0.86076251674968363,0.50878121823473343,-0.015151294675066698,-0.50657811193482982,-0.85918022287240203,-0.072027502618597,-0.04966393326442449,-0.054323260179314527,0.99728755990245732,-20.072008642930626,-6.1279877570679862,-2.2698355385541364,,0.06668213283680924,0.125,0,1
-0.96285948958247936,-0.25921206508395023,-0.075569230748248811,0.26259402432140372,-0.96412848385703664,-0.038738159561633921,-0.062817049530028937,-0.057143432959934889,0.99638779918157205,-21.35174990587857,-7.0865927131993312,-2.3139917159448196,,0.07628730568321132,0.4411764705882353,0,2
