axis_00,axis_01,axis_02,axis_10,axis_11,axis_12,axis_20,axis_21,axis_22,location_x,location_y,location_z,dbh,dbh_approximation,score,reconstructed,number_clusters
0.85029764568857524,-0.51277799790579925,-0.11854382565189431,0.52225459324528167,0.84995722526667561,0.069446778551489161,0.065146401056940639,-0.12096048975055676,0.99051729230167074,4.5273666410307634,-15.780637263892251,-1.2054107039977655,,0.2283949165787787,0.25,1,5
-0.44395046692840112,0.89605130653071674,0.00019743011190420567,-0.89589142658224974,-0.44386707020257882,-0.018988832670799857,-0.016927335598822691,-0.0086069770752309968,0.99981967636926927,1.2238450304940782,20.066217701307068,-3.2102405645819228,,0.1909774206221458,0.2666666666666667,0,5
0.97079418891754976,0.23604079710266976,0.042934658110335151,-0.23947523218138914,0.94256006183107544,0.2328779573353118,0.014500204673894906,-0.23635835492771098,0.9715577554218171,5.879187306965961,-8.7329601751532255,-1.3404351716483931,,0.2614015727885367,0.2857142857142857,0,4
-0.66228005922805466,0.74614504487471134,-0.068210667478052545,-0.74801140465537108,-0.66367993258943181,0.0028081281288461343,-0.043174780305002172,0.052882124456230681,0.9976669881571768,-6.6070291053886399,10.051028183751631,-3.6648712278269264,0.1409726728870103,0.1200316837890728,0.4042553191489361,1,5
-0.91963333917477585,0.38790767261106573,-0.06166164940801417,-0.36990674605469875,-0.90813294510705178,-0.19612127175402566,-0.13207392135268489,-0.15755059993747422,0.97863899766863249,-0.11337511461504834,12.816934996870421,-2.9686394036012267,,0.3636943009458194,0.4333333333333333,0,5
0.9324825508606287,0.36047308382775017,-0.023139753157022852,-0.34810395079772483,0.91389308875012165,0.20886134581051213,0.096436153902316427,-0.18670452102312635,0.97767146324829102,-2.9469400878240748,-16.390155756247474,-1.9399919426667045,,0.2651732237735079,0.2131147540983606,0,5
0.78261552006300095,-0.6098956106953638,-0.12466070676459533,0.62016247181905682,0.78123459104223281,0.071211110834991195,0.053957912337272138,-0.13304081258623265,0.98964068524015236,-5.3576824211757117,-8.854736158194056,-2.4823565611557705,,0.1151026892356682,0.1884057971014493,0,3
0.9573374088700215,0.28213215221166443,-0.062502274090216831,-0.27625115204120104,0.9569978845924384,0.088545750217098568,0.084796147164500721,-0.067501833856671953,0.9941092072061517,17.985062502986644,-1.3198648294226489,-0.43447600022262156,,0.2058561335389466,0.45,1,5
-0.24381492058539259,-0.95712780457386959,-0.15639900962456049,0.96904462034800321,-0.24688555630704134,0.00021415311635926513,-0.038817628399133559,-0.15150540517937769,0.9876939323124847,2.5332704436438065,5.1244920269403629,-2.1507075671359095,,0.09153203161495609,0.3387096774193548,0,5
0.78303390824297581,0.62083243131143118,-0.037749049970402876,-0.61638086078763044,0.78268024968339545,0.086523183079667457,0.08326183397229997,-0.044482794285822316,0.99553440323079434,-1.4566890326375312,-20.046815220545522,-1.6985130435591329,,0.2532986251936068,0.5087719298245614,1,5
-0.9854420993879891,0.15821654659142659,-0.062220520236296144,-0.14902681615557212,-0.98001677182529456,-0.13175027517110496,-0.08182222693330779,-0.12055974172920025,0.98932829326460803,-7.9180388582479235,-17.121748548001435,-2.4570900370536348,,0.2068192774735698,0.1777777777777778,0,3
-0.87092166088248468,0.49073536026927317,-0.025966647590378332,-0.48922503333943901,-0.87080778591439623,-0.048504296148834287,-0.046414732141002425,-0.029539908128762286,0.9984853862065407,11.65220665560039,9.50892631377803,-1.490726425419393,0.6212067567396591,0.4453006860347008,0.851063829787234,1,5
0.27880604378028589,-0.93905090018681947,-0.20112333730800497,0.95985759422798489,0.27917236825983749,0.027132777282448783,0.030669019456945838,-0.20061454498245626,0.97919008143824215,5.8351552039541437,6.1846913189536439,-1.901720295136238,,0.2075725453123091,0.3333333333333333,0,5
-0.45579872719412673,-0.85573051393036659,-0.24489346217628244,0.88835774832177328,-0.45447973104291989,-0.065335174812851421,-0.055389812103714631,-0.24733269415834896,0.96734611547030525,-34.959279819350904,2.6787608002182024,-7.0950220764234428,,0.4790211904468226,0.5172413793103449,0,1
-0.91354788586224023,0.40039959213746273,-0.071487249581896187,-0.39857292608637218,-0.9163140089930143,-0.038836316948148937,-0.081054813722431576,-0.0069859529989341577,0.99668516274354046,-14.454606147815232,2.2116634848021337,-4.1489023031067997,,0.07863757234837794,0.2195121951219512,0,5
-0.38874407983055581,0.92008135775582756,-0.048252829003984282,-0.92090265671945104,-0.38964797143757607,-0.010618625223597336,-0.028571616050754405,0.040308230732385646,0.9987787088697242,2.2106520366097384,4.0910865559651484,-2.1397573987516436,,0.09285278128912293,0.2894736842105263,0,5
-0.73085639809609881,-0.67417513818903663,-0.10647444956322538,0.67884059438801769,-0.73420601864437729,-0.010815248369630149,-0.070882810137023078,-0.080183572096579447,0.99425661777677532,-24.028854657237726,18.506368745287592,-6.6312854899283673,0.3912640192642062,0.4092033066676183,0.9322033898305084,1,2
-0.83631007896311604,0.54824816641677854,-0.0030659167224762109,-0.54790420692671415,-0.83595976560346585,-0.031180928854169759,-0.019657870096151542,-0.024397096401842268,0.99950905440143156,0.55565395196619682,-3.5726909145697978,-1.9753148883466094,,0.3041823833584866,0.6057142857142858,1,3
-0.99595800791077815,0.035686236249578007,-0.08242656744480642,-0.028170534637789454,-0.99548807562629593,-0.09060856617381792,-0.085288143704825861,-0.087920326592849596,0.99246962105406078,-3.9897055919942175,22.00703474161136,-4.0033588806090599,,0.1348674934671763,0.125,0,1
0.15686647706932902,0.98754846569350208,-0.011871658614810567,-0.98704733841093362,0.15717344384905974,0.032156807747618338,0.033622315621451578,0.0066735638931074348,0.99941232904002886,10.828994189023993,17.638394466788512,-1.9331499934234901,,0.5065710161026382,0.375,1,5
0.39417417298811031,0.91859050714085877,-0.02860422241275281,-0.91771723952837903,0.39508457654834822,0.04127039672723222,0.049211681759009938,0.0099828635326393491,0.99873848069158599,-10.740008682369636,6.6650657816951737,-3.9620505434990649,,0.1783223829029029,0.148936170212766,0,3
-0.20552129227824539,-0.94613682483299077,-0.25017215495580003,0.97743350748943336,-0.21120094590422175,-0.0042307075139069207,-0.048833767591557491,-0.24539614737014678,0.96819212659404796,16.277985690577822,-2.3977940967062779,-0.5822889581330104,0.4713284037961891,0.3166073858348774,0.4,1,2
0.48511708260433978,-0.85381341007501854,-0.18884934985729662,0.87366434158375983,0.482391899843925,0.063314083820154618,0.037040982849689541,-0.195705686532196,0.97996288187282476,-12.575675094046481,-17.124235372159728,-2.9866785527229518,,0.2150844211321631,0.6129032258064516,0,4
0.9332857496884911,0.35769332580880009,-0.032143336793677472,-0.3466960770860642,0.92069696248081234,0.17921755888232635,0.093699197229890327,-0.15611722502800893,0.98328422772259927,-12.320754878052139,16.787829324378823,-4.9540917962126221,,0.1357182657618672,0.4166666666666667,0,3
0.67019878362207996,-0.72866719041292327,-0.1409883542964542,0.74082445635940164,0.66827479890803454,0.067734171613923838,0.044863295590972969,-0.14984298034997828,0.98769143255804026,-18.211355120567372,26.639010801974333,-6.5015024595221504,0.6376729948761233,0.5651617612896945,0.84375,1,3
0.9933742395069417,-0.0014960748798589834,-0.11491467288366303,0.012820526587790298,0.9951165282333726,0.097870983109252963,0.11420706800376758,-0.098695780034983124,0.98854230492238881,0.013981962504081175,-16.618270814453531,-1.6338698255532909,,0.1313824468041987,0.1904761904761905,0,5
0.70076231849279536,0.71080777511506865,-0.060699916116656392,-0.70878415930521221,0.70336648167721372,0.053857292644753467,0.080976468795612946,0.0052819777531588003,0.99670201776278611,-2.4828284726512102,13.401370078787702,-3.271670826765638,0.6004120582157684,0.4667746789262891,0.851528384279476,1,5
0.22599603075948246,-0.95691313632498187,-0.18232674957242725,0.97408111091994809,0.22383219759497897,0.032636431618100176,0.0095803668990137435,-0.18497674677777695,0.98269619909796702,-6.4106219592242031,-21.512015727699112,-2.1537943716374373,,0.3044603633754603,0.9090909090909091,0,2
0.68546018805113962,-0.71204231964371179,-0.15211859068930125,0.72666622403665004,0.68215508990315998,0.081367267150429107,0.045831533262741149,-0.16631346414411169,0.98500725997485516,-11.109683637330617,-11.556340345309444,-3.0514427205987631,,0.08126771790676042,0.375,0,2
-0.82403803088003247,0.56629399812429437,0.016505494593056013,-0.56135990510439093,-0.81223618958893573,-0.15857940995992129,-0.076396208050850747,-0.13994098759994977,0.98720825532660661,6.4194436146181344,4.1354603470263793,-1.721600021803954,0.481074257675526,0.6802464606532381,0.4366197183098591,1,3
-0.70450711571266955,0.70880535202809591,0.035562576489099995,-0.708082674980827,-0.69864380836399298,-0.10254635257606007,-0.047839829663290867,-0.097425879369826718,0.99409232404581194,-8.7648184725284413,-10.631423584525873,-2.8439767463566943,,0.09393655416219011,0.5384615384615384,0,1
0.59503736636336757,-0.77920200698050124,-0.19691308983637251,0.80287633001179259,0.58738767632269129,0.10181019797164263,0.03633361168592214,-0.21867773096908844,0.97512046365567984,-22.220721004344629,-5.5905978421229827,-4.7842224360348631,0.9159050816675107,0.8284696168455747,0.5384615384615384,1,4
0.48403991410904551,-0.86496944426619282,-0.13241307350537637,0.87472902597325741,0.4823648297121827,0.046618689134425746,0.023547668020064996,-0.13839086509798701,0.99009771022270632,-15.317185936437914,12.338478549697321,-5.220248201447327,,0.1275683195435132,0.6486486486486487,0,3
0.98315635770836529,-0.15009105957887672,-0.10428926182552006,0.16886505765733034,0.96425784662361502,0.20418471423487186,0.069915438924520262,-0.21835631215808673,0.97336136780782123,-15.300337066850032,-5.0887943395541626,-3.9329603724253661,,0.1795179774871798,0.3222222222222222,1,5
-0.77347470113464101,-0.62034808891570414,-0.13001974958948223,0.62965164687367681,-0.77554625451304093,-0.045462189785147003,-0.072633947255707446,-0.1170310031121134,0.9904686032462755,7.0595529756935838,7.1798835294162489,-1.8007654538691371,0.3207187845391471,0.340259216372831,0.8804347826086957,1,5
0.10050048478501089,-0.98613027274484488,-0.13208609970075316,0.99491415329040189,0.098708747300423297,0.020060179182279064,-0.0067438965310711333,-0.13343038777789962,0.99103524229818318,-11.174456189089399,12.904050037288265,-4.5069727085810536,,0.07649356726093465,0.55,0,3
0.41882676911382782,-0.89241851879740297,-0.16784911313773127,0.90793014024030061,0.41474709052654868,0.060396285837723683,0.015716167373169602,-0.17769085009423938,0.98396085484936124,-0.92919234107476911,-9.0842587606388179,-1.9818053666001501,0.5792664706237325,0.5343027301975272,0.2857142857142857,1,5
0.63008201976819733,0.77524328638304807,-0.044659772534582261,-0.77304638294802885,0.63165875325666909,0.058365308576244494,0.073457049871329158,-0.0022508558909736551,0.99729584149938144,-3.6438335081661153,11.819496202832926,-3.3439325847457102,,0.07254126656194487,0.3714285714285714,0,4
-0.83617924632217056,-0.53377752884973317,-0.12603895316591557,0.54174941204357219,-0.83967731251166244,-0.038073421223166662,-0.085509312770782345,-0.10011773343551604,0.99129440474624098,-3.5082131931320757,-21.250771208796436,-1.851538139719938,,0.2492196995207244,0.28125,1,5
0.89209850439113447,0.45133338803215134,-0.021411009096300115,-0.44379167097571665,0.88412648150878248,0.14618248002918563,0.084907074120378984,-0.12090714429810005,0.98902591028849995,-7.3568316056980274,-12.554885009126551,-2.5576212843039814,,0.1443748207536192,0.3636363636363636,0,1
0.085757523534701161,-0.97763258248853757,-0.19204213291355365,0.99616641391261662,0.087477126526406532,-0.00047762659009068474,0.017266237276015447,-0.19126496279108443,0.98138656555857351,8.3231370295646521,10.909103186774534,-1.9457553882443395,,0.2304469372555527,0.4705882352941176,0,5
-0.81017786447778306,-0.56228198136265228,-0.16568283358607303,0.58063115605195137,-0.80859289129110867,-0.095105187951351144,-0.080494027927513159,-0.17325273327822829,0.98158249876392423,-11.189389243710568,-5.214722857055289,-3.3919347985682551,0.4101072606012586,0.2738431804313146,0.741042345276873,1,5
0.85513994452273168,-0.48445451676900531,-0.18449795788509576,0.51375087706815448,0.83952958690244284,0.17677700367162391,0.069251076478009488,-0.24595506479339832,0.96680421725865129,-25.595073800577929,-4.2866825738120147,-5.4227773590286175,,0.2309936109936982,0.5138888888888888,0,5
0.91317681811889317,-0.35941913957244798,-0.19216134095924373,0.40126334683247394,0.87543825703950073,0.26943567803919838,0.071385049828765812,-0.32314971796466402,0.94365164888336972,-8.4730217846020857,-12.534520269065469,-2.6698416764978679,,0.09406843577819904,0.3571428571428572,0,1
-0.98419054901921055,-0.14646638765412065,-0.099581928625721447,0.15115189687662467,-0.98765081718550873,-0.041218532038335684,-0.092315043692042145,-0.055618887082985922,0.99417527232766478,15.006977912065237,-11.545870478143792,-0.39088508771552227,,0.2621139533523928,0.53125,1,4
0.40475236199256254,-0.83204016122154545,-0.37932136187653209,0.91424370756276774,0.37650238598977331,0.14968098251245124,0.018274808981945362,-0.407375899457041,0.91307771186150477,-24.104216730372766,19.940280652816572,-6.8139495189040895,,0.5497444802705069,0.1333333333333333,0,1
-0.63100668740788068,-0.76705353345679461,-0.11601481482112391,0.7727443319507985,-0.63468259474002031,-0.0066484112379878646,-0.068532896366981469,-0.093844982527153051,0.99322523194390855,1.6217557678867287,-14.296753396463092,-1.5521783267923321,,0.1384474612444807,0.6557377049180327,0,6
0.860172413252699,0.50896178367886835,-0.032577940902586019,-0.50335908114073191,0.85750975947131458,0.10633272236055065,0.082055194303503026,-0.075066072002421325,0.99379677496052521,-2.5174138369100296,-13.007356668624256,-2.0118214275533814,0.2538232187146117,0.2190502251129469,0.3406593406593407,1,5
0.10291622774916713,-0.98746092326602963,-0.11970453244752866,0.9946452101614629,0.10102128148868543,0.021808406389330303,-0.0094422438403156082,-0.12130797875236259,0.99257000676137475,10.554192305714087,2.2561580575104676,-1.2730346602147311,,0.3828013980443564,0.9259259259259259,1,5
0.97218492690347857,-0.213293371868989,-0.096759523657549931,0.22087521373374572,0.97235113535658801,0.075811671455174201,0.077914105653283189,-0.095074744740715797,0.9924163365507126,-3.4782280112325159,-5.9714763449331434,-2.3090220686251448,,0.09705708339978328,0.3607843137254902,0,5
-0.7635729322371515,0.64374488291000287,-0.050486660435660011,-0.64351365301335639,-0.76509272550574381,-0.022875746186709147,-0.053353121184844136,0.015021554692498145,0.99846271705780587,11.057010572978655,-5.1358934377939089,-0.95363830248723747,,0.1494100022168696,0.4545454545454545,1,4
0.1433426674633804,-0.90570574863987829,-0.39893605573470198,0.98965719573454225,0.12889233403191372,0.062971431289501334,-0.0056137879658510973,-0.40383643113082807,0.91481398233531097,-14.16977684663337,-12.504091846561762,-3.4044381784903162,,0.2412027908640803,0.125,0,1
-0.58272793529788502,0.81266678607283727,-0.00092099810441939947,-0.81169349530373125,-0.58208474747814964,-0.048280601020592902,-0.039772139810109006,-0.027386886777126716,0.9988333871710442,6.7989695681897322,-11.490059946977571,-1.1785692561078591,,0.1320512096054826,0.1764705882352941,0,4
0.83939886473695458,-0.51548023246648023,-0.17230692329275346,0.53999773143291285,0.82696036056274214,0.15664932845450291,0.061741363166187002,-0.22453661615478793,0.97250774396923845,-2.2777798419506836,-7.3120908974358683,-2.136386219847445,,0.1519230321686033,0.1864406779661017,1,5
0.80543847972819571,0.59008808656691003,0.055361588352733998,-0.58282940245108916,0.77163059366076636,0.25474715811023618,0.10760456780100419,-0.23744952520175394,0.96542165915719047,-31.102610260026321,6.1556648769609987,-6.7609661016184042,,0.7278527736914239,0.6666666666666666,0,2
0.029025038067764193,0.98713337582435345,0.15724263257393487,-0.99936558674474529,0.025409471504349822,0.02495561636589308,0.020639069637385165,-0.15786721347856328,0.98724463620372105,8.2542284341108143,-11.269469408501555,-1.037087092037515,,0.6280485523768098,0.4444444444444444,0,1
-0.94166950514319869,0.32986991053720477,-0.066666222373417905,-0.32803690318299245,-0.94393588557424069,-0.037105714860220781,-0.075168698495301514,-0.013072339016123955,0.99708514216147637,-16.305703203023455,-11.330626292816889,-3.838823121085305,,0.3003468060301281,0.3076923076923077,0,1
-0.99101451454734824,-0.091984058400404758,-0.097103887443685963,0.10564962179550513,-0.9835465872066631,-0.14654101203619957,-0.082026760090545076,-0.15548325888763001,0.98442702463652998,-12.23676535018163,9.3280631544470349,-4.3340784776864218,0.4274005583207754,0.3775633505747101,0.671280276816609,1,5
0.66296347038197245,0.74580564173200381,-0.065217955348247425,-0.74561605258742691,0.66560211887228538,0.032101736349739611,0.067350865347340749,0.027345275888872846,0.99735454920681343,-9.9460559931759729,-8.2035146130653249,-3.0762878708687205,0.3114972491312717,0.1963736400623319,0.6752136752136753,1,4
-0.22047734553033246,0.97323127032281509,0.064889402630455048,-0.9745654615805488,-0.22254079709343633,0.02641504728955232,0.040148489413546651,-0.057415051117776776,0.99754278640214356,-7.172181867722359,-16.238069102885646,-2.4308470823084476,,0.2513034794633884,0.5454545454545454,0,5
0.94286006595536564,-0.32026214054416885,-0.09190787431287166,0.32955822421009595,0.93701492910935857,0.11573417594501592,0.049053775411601032,-0.13941012861428229,0.98901898018067247,1.154330025691747,11.174448157356661,-2.7592975434232692,,0.09745917704471112,0.3333333333333333,0,5
0.36194402843930945,-0.88371403377508573,-0.29672550747465393,0.93209070685043849,0.34794857255375439,0.10069113695283528,0.014263045964104515,-0.31301964373944868,0.94963954643488502,-18.03842281653354,16.825986424083489,-5.8594140740274527,,0.3811876049664561,0.2368421052631579,0,1
-0.50853842571806052,-0.83086353737965291,-0.2259523220087982,0.85874654717959087,-0.50854720476755011,-0.062722469899096939,-0.062793608554759239,-0.22593256245190163,0.97211698881800745,0.88918102420558609,-13.145569210231672,-1.6857348085935395,,0.08645932544508389,0.2,0,3
-0.75081521377043525,-0.63500775156857614,-0.18177367856396934,0.65605694648635982,-0.74886526217616967,-0.093755544224384965,-0.076588496119518831,-0.18964697348926585,0.97886067839530266,-8.9944521314289823,-18.493346695890033,-2.4917677477775579,,0.1304583337614403,0.2173913043478261,0,1
0.84938111009272599,-0.51328396210879834,-0.12284666889884205,0.52382315602253304,0.84830732991031244,0.077356158352317628,0.064506054229359733,-0.13005478946324689,0.98940624654659848,-6.6266728534354629,-4.1880080325948423,-2.791208845666326,0.2459465369650461,0.1622326998438702,0.7488584474885844,1,5
-0.99853292008542571,0.013904025455722523,-0.052332452472631553,-0.010004318348750041,-0.99720393677315322,-0.074055533881693253,-0.053215797654930334,-0.073423337980865325,0.99588005920376643,-10.16433633200921,11.020707185115198,-4.1740945367491564,,0.4614865545557039,0.3265306122448979,0,3
-0.9274231343317082,-0.34073395021915132,-0.1542293910848492,0.36409641509618246,-0.91682757376817092,-0.16389325944796529,-0.085557760726067203,-0.2081527687695324,0.97434711188216638,17.038588862634334,5.8451109126331691,-0.84381692451399737,,0.5793489125880984,0.40625,0,2
-0.99062864916857007,-0.021564486928375995,-0.13486976069516404,0.030600350268752657,-0.99739723463829477,-0.065286866208396424,-0.13311084858073952,-0.068802101998407736,0.98871015608757484,-12.976253947398995,-12.245380386473297,-3.25912942543032,,0.2057051520070256,0.5111111111111111,0,2
0.92028576193570555,0.38417732485116252,-0.074039850409242075,-0.3815183515750577,0.92312536043929938,0.047784059321752614,0.086705615676663572,-0.015727427762302144,0.9961098253837839,8.3742343086984459,-7.5790880546219519,-1.1215839083206369,,0.2741108948614812,0.8717948717948718,1,5
0.80909878221795206,-0.5577700715516597,-0.18507216942231908,0.58469442568387986,0.79570275537436885,0.158080845341348,0.059089670735460856,-0.23611368526812157,0.96992718203042505,-10.798325637646425,15.818721722448311,-4.5774031633520824,,0.5365337431137381,0.1666666666666667,0,1
-0.95140215676107054,0.2988116632653165,-0.074468288599899346,-0.29843253829311461,-0.95428932544586009,-0.016428737870389325,-0.075973391383506519,0.0065934237464615264,0.99708804554311425,-5.1670755749985311,-11.991553669159362,-2.3041137085610952,,0.07630101510780965,0.3658536585365854,1,5
-0.63931502753626301,-0.72120965264877912,-0.26670757861848549,0.75823548330378532,-0.6489621676584737,-0.062666233388414136,-0.12788763593632957,-0.24229061449887737,0.96173801562607153,-7.8890160705689079,12.580388658430495,-3.9585086163222138,,0.2756260567889436,0.1,0,2
0.7925130102411071,0.60758191161152852,-0.052605601232758557,-0.60303878989915227,0.79359498907602155,0.080939552694561462,0.090924949686792295,-0.032422430444215541,0.99532981444772584,-5.4705024089745784,12.390188908064035,-3.6220193511407142,,0.09123348635082244,0.2093023255813954,1,5
-0.84603169406078016,-0.51882007031686306,-0.12270333035844135,0.52693709346779605,-0.84873706972710461,-0.044527362360238909,-0.081041175783416769,-0.10232849606758694,0.99144400079892947,-10.231855069073911,-17.403003897900476,-2.6995693373743279,0.3878711694062879,0.3000825441645097,0.675,1,5
-0.6696410175856552,-0.73355627944913393,-0.11608657307196067,0.74009980864993952,-0.67213819558997201,-0.021966321161701458,-0.06191268693224862,-0.10062520017272042,0.99299616730732077,3.7034531369816621,4.1150500374388441,-1.9909625725390072,0.1204179793345735,0.1105705752546473,0.543859649122807,1,5
-0.36908796526010723,0.92736227580540986,0.061427056849281465,-0.92889508125909381,-0.36591666433176595,-0.057086975545875336,-0.030463123819063877,-0.078129406610600929,0.99647769363386141,-31.75533597543815,-0.53274066976939194,-6.5728732163751706,,0.5813585517222921,0.25,0,2
-0.51981548641360942,0.83928126578268869,0.15937006303189841,-0.85380366517513195,-0.50418638219303225,-0.12967418148811821,-0.02848089566875359,-0.20347739166135945,0.97866531034087223,-11.810621972084906,7.5299275589024823,-4.1719268088026338,,0.3286978291408724,0.2258064516129032,0,2
0.99289333689110604,0.098690424756852926,-0.06650580139024205,-0.08379861777904378,0.97658727901488296,0.19812894317749355,0.084502149177213909,-0.19114781329541988,0.97791712340914272,0.72642613679458512,23.436079621158044,-3.4637011041683063,,0.6199819699803237,0.28,0,2
0.80700831186236799,-0.58001694931715386,-0.11098613917905738,0.58733603400714041,0.80787833573067236,0.048672146180360101,0.061432627664898605,-0.10446498533892289,0.99262938657704702,6.4557775285645116,-5.6681523251012811,-1.3522387138238614,,0.2809883120069022,0.8454545454545455,1,5
-0.86103249705112739,0.50707100616745915,-0.038756079861351017,-0.50448826088528964,-0.86128416172299771,-0.06067278956869928,-0.064145410208640175,-0.032689256177410343,0.99740502248571594,9.1706955839666549,-15.609049860970902,-0.75018679240083919,,0.1932480150730716,0.28125,1,5
0.64490663585440766,-0.74795071753455489,-0.15705144116019643,0.76374820662835863,0.63824860050800336,0.096578469761851249,0.028001926771494493,-0.18223185256458138,0.98285677695581042,-15.568727016295018,18.64722574393824,-5.5507005095321844,,0.1873830787027383,0.5806451612903226,0,2
-0.90662826648798367,0.41963447393503756,-0.043955599077455616,-0.41388422605802355,-0.90474790615594647,-0.10065323505373069,-0.082006303570790196,-0.073062538908081925,0.99395011523866728,-10.197632840229225,-19.52310853777292,-2.5910412922529416,,0.1527318261964316,0.25,0,2
0.087211735663648315,-0.97538821548175048,-0.20251405447983856,0.99607790442927113,0.082334242704380292,0.032401863929264703,-0.014930554923656846,-0.20454559779576104,0.97874316189286792,-14.056934481217045,9.7623913956957828,-4.6348789608370122,0.5136797453341706,0.5068981670824279,0.9021739130434783,1,4
-0.14939394791619917,-0.97828652558924645,-0.14365556785775083,0.98797459778577301,-0.15354342896011935,0.018182671784120075,-0.039845231283708635,-0.13921167075245403,0.9894606956672195,-15.872397898859285,3.2196461632098754,-4.4855133067248021,0.4631838923990759,0.3406293299435769,0.3636363636363636,1,5
0.66467935583020044,-0.73594768407546429,-0.12877251351554325,0.74584825938093835,0.66369667269045163,0.056719490812668437,0.043723310848729366,-0.13374502967805774,0.99005077603365421,-9.6607077250286846,-10.223595329519052,-2.9645146093555206,,0.07451389372035559,0.28125,0,1
-0.81510479587912044,-0.56063497010123775,-0.14591984797977947,0.57302097249399886,-0.81728000227852882,-0.060830608723245201,-0.085153607186600075,-0.13319845410211309,0.98742444521488204,-18.10934601527963,-6.3131406161996022,-4.2360263070602153,,0.1054207555157526,0.4074074074074074,1,2
-0.15231778426343839,-0.97632572259608419,-0.15358182182248134,0.98825910752825752,-0.15233815618790711,-0.011705663446496897,-0.011967831237548833,-0.15356161488635306,0.98806659767900595,-33.996894528281508,1.3306290129217546,-6.9658443950452451,0.6456569181588536,0.2832897549632979,0.6818181818181818,1,5
-0.1534313094565446,-0.97396610614639689,-0.1668797691647371,0.98815567742905219,-0.1516852521844432,-0.023236639913577755,-0.0026815001736815495,-0.16846841943749502,0.98570340427993386,-4.1622819857692326,-9.4120514218780436,-2.3286835148957712,0.4146935980150963,0.2058774916742761,0.3401162790697674,1,5
0.30052889326405496,-0.93255935189168859,-0.20003859505814517,0.95372316177538152,0.29596724309381106,0.053061489883145213,0.0097218828758851607,-0.20672795218548279,0.97835016163873778,7.8279197417554522,-9.6671237101525236,-1.1260639438107627,,0.3785480576144478,0.6097560975609756,0,7
-0.14455051456487086,-0.96257297257011931,-0.22925623484772967,0.98851843839556253,-0.15078186931061327,0.0098043275749867646,-0.044005064379359853,-0.2252067946681969,0.97331672848269013,6.0142150488634893,18.526032399587628,-2.5271066488232177,,0.2945403356895619,0.6153846153846154,0,7
0.87874953425028113,0.47273379747447775,-0.065742016855835084,-0.46946556800764183,0.88094539673145,0.059475107674806849,0.08603102062730425,-0.021400109883529254,0.99606259782545614,9.6021736952567434,-4.2830348300758301,-1.0929888258939295,,0.08911681419576614,0.3461538461538461,0,4
0.7846185250853962,0.61799409783771386,-0.049568791901435864,-0.61472432899428864,0.78586540096602586,0.067302086944087222,0.080546691026629966,-0.022335321852571113,0.99650055893732581,-19.797150871348723,3.9180422844404594,-5.077292211524723,,0.1166713370932006,0.2307692307692308,1,3
0.83071699829366163,0.5534285386472001,-0.060217284535189423,-0.55074545093149385,0.83278883642917112,0.056055349407631822,0.08117091242700869,-0.013401736073007325,0.99661009248652255,19.991422638155527,-2.179967105859987,-0.2539387465113993,,0.1909817842881914,0.5555555555555556,0,4
-0.88472577834208643,0.46457655247316687,0.037801111480179388,-0.46114754799170427,-0.86061505505748159,-0.21606634626810184,-0.067847152616959672,-0.20859135624602271,0.97564666246608767,21.040990583310617,3.3694834048576729,-0.35175854979256804,,0.6768948178673233,0.3469387755102041,0,1
0.40539355610570432,-0.89707328214216997,-0.17582830015286294,0.91399159613176417,0.40125035397020098,0.060145786546505063,0.01659598953001936,-0.18508830299471254,0.98258174887693495,20.170215116237497,-3.5381802697044349,-0.1961915773549637,,0.1584821840861579,0.2,1,4
0.025938408178120556,0.99934284842183163,-0.02531936589504466,-0.99947716050182123,0.026414320519454339,0.018646428792512871,0.019302969108505711,0.024822469249401423,0.99950549793583454,10.478904593903508,-3.1835131292746301,-1.0641317075477019,,0.1722521037804375,0.2698412698412698,0,4
0.37007023047236598,-0.91001152876492619,-0.18688777925014757,0.92888233060639391,0.36571002159620258,0.058598600591982991,0.015021331677442041,-0.19528235357816359,0.98063202169601271,-12.758397839893421,12.67975042663493,-4.7443460445408672,,0.07589103646916689,0.2857142857142857,0,1
0.79323644562391493,-0.57998428046264516,-0.18545666811998646,0.60474022230435609,0.78596957281868274,0.12861218500008634,0.071170252642638251,-0.21417297920009956,0.97419953301124995,-9.8048584916762778,15.761670587945847,-4.4244643137457853,0.5323915274766446,0.4182511043432818,0.2857142857142857,1,4
-0.42581396110947917,-0.88241076210888447,-0.20008427584064195,0.90436026352451282,-0.42204258881686485,-0.063344826013131392,-0.028547929559430269,-0.20792137970679636,0.97772885585866454,-6.504514260827805,13.116406829839185,-3.7791313004785327,,0.1811725289628011,0.1666666666666667,0,4
0.63082420886694268,0.77363813193569675,-0.059538712804716364,-0.77297073233499158,0.63325940995050101,0.038713907871086591,0.067654005505245127,0.021600012134018465,0.99747499969418141,0.18804896987180836,3.6386908287606392,-2.3323143382922304,,0.07176568008236975,0.2956521739130435,0,4
0.036740112661228612,-0.98212785932515301,-0.18459423625626095,0.99860513890574054,0.029072551740507459,0.044074519694969873,-0.037920188194245481,-0.18595605575696525,0.98182605621088759,8.736691360741176,17.395395491090994,-2.1396219944827477,,0.1883996860577475,0.5,0,3
0.39140089726621735,0.90392685740283074,0.17239946080264629,-0.91822935883465717,0.3713219871803794,0.13774914304818486,0.060499439611414178,-0.21221738454296654,0.97534793766350258,11.377467662346604,7.9242101354175194,-1.4553278707965744,,0.5385044224396932,0.36,0,3
0.84009381794780591,-0.50406068896976342,-0.20041257166456938,0.53881774042363717,0.81807097790927807,0.20108534931049468,0.062592488771774007,-0.27691640785241528,0.95885321265117018,-19.200473953012356,-8.6474774500769289,-4.3075481642437481,,0.1922113388282747,0.2941176470588235,0,1
-0.79002328064627225,0.61201158473945916,-0.036125284519260774,-0.6110331314816716,-0.79082887695027126,-0.035045678952979345,-0.050017279700159199,-0.0056131565334384655,0.99873257892447231,-7.4631564067498788,9.8702373270054782,-3.7566652953872706,,0.09328322230621974,0.2727272727272727,0,4
-0.28180510051960689,0.95720420320302657,0.06592418897182542,-0.95925302554911873,-0.27960831058259489,-0.040654958221703508,-0.020482145785918154,-0.074694752316382979,0.99699607606068241,-4.7173410235633026,8.2525687518250894,-3.3499898643440238,0.4630524012103066,0.3689150089349227,0.4615384615384616,1,4
-0.5874123904265065,-0.78880022784211501,-0.18094442276468409,0.80665343474045836,-0.58870353851447565,-0.052329532407201278,-0.065245074870357078,-0.17669845584147745,0.98210016592422922,-16.581020725905688,7.6238530667562436,-4.7765314178478393,,0.9385515590921374,0.7555555555555555,0,1
-0.99609799989331027,0.029143300562330252,-0.08330331710610879,-0.027421151520836597,-0.99938746548953261,-0.0217433730520359,-0.083885964605639254,-0.019374257527512127,0.99628699835310464,0.32211881198617787,-2.3165863859033924,-2.0486042614925757,0.209445499577171,0.2148603046981395,0.8305647840531561,1,4
-0.79197780014392549,0.60747729605525158,0.061175966331467178,-0.60841797335845638,-0.77687463911144505,-0.16215228891338829,-0.05097777725222255,-0.16564157051556386,0.9848675729982993,4.7256781173667548,16.343201438325892,-2.5533847399989384,,0.3400047287791969,0.1052631578947368,0,3
-0.7963184040497574,-0.59198806844169483,-0.12420598292481723,0.59861553868499529,-0.80075161073479828,-0.021361056867592921,-0.086812650095026686,-0.091361834090056451,0.99202650118592128,17.600322559495684,-6.505366462326017,-0.31510334520070082,,0.4162637511672357,0.9166666666666666,1,4
0.98155703022326146,-0.15980454704139821,-0.10492046113215643,0.17366734099082135,0.97480642396057804,0.13997174885800059,0.079909017591687156,-0.15561151162456777,0.98458092930822483,4.6059408341597203,-24.369112588336087,-0.94319252040557755,,0.2149907105663896,0.2272727272727273,0,3
0.99634511148387073,0.057444385470308987,-0.063218362839695091,-0.050118109116909434,0.99245176090665255,0.11192710758270025,0.069170759434448545,-0.10834964167556051,0.99170346434205747,1.5545985157601261,-10.321907709838117,-1.7258855115600871,0.8468795005521915,0.463091658371537,0.4908424908424908,1,4
0.76825352889467435,-0.6016140367476861,-0.21873972233920885,0.63913272882650596,0.74008374359334594,0.20924962941817432,0.035998198339145457,-0.30056048186182588,0.95308316870004739,-0.6421590859964923,-5.4784974813188008,-2.0239467888701226,0.8022763477977314,0.6322475603940079,0.2164179104477612,1,2
0.92475133507595186,-0.34409332233747819,-0.16258768033895002,0.36804005320854316,0.91730993115265591,0.15195068095590128,0.096858079216434051,-0.20035537360267053,0.97492370817363794,-17.257721323137091,4.331446472061522,-4.7415712061326287,,0.2671072936596625,0.2105263157894737,1,4
-0.49653754173902459,-0.81765281896913333,-0.29136632831471149,0.85481942169712166,-0.5189253261781871,-0.0005119963485641306,-0.15077873170034706,-0.24931982168029068,0.95661141566685404,-17.454007146256934,13.878610491854213,-5.570395203916104,,0.3537216905974516,0.3333333333333333,0,2
-0.027960328194292835,0.98258367310731742,0.18370504998556381,-0.99958754300809438,-0.028688587504545102,0.0013072146087569024,0.0065546861333495854,-0.1835927294037677,0.98298054192327056,-8.0658707072192311,-13.198752266337831,-2.6009931683205925,,0.4282003117680224,0.5333333333333333,0,3
0.9766777826197387,0.20398859644220446,-0.067001204903565731,-0.19598464856986503,0.97443516441863931,0.10984592786883791,0.087695646767308899,-0.094152869663961525,0.99168780907708265,-2.7470304868154409,21.734304224667902,-3.8234086733240527,,0.07370242944569604,0.3846153846153846,0,1
0.97161432412731008,-0.21084005327684757,-0.10729434786999342,0.22137135268174551,0.97024756686918612,0.098052961180575507,0.083428588400411952,-0.11902155652923242,0.98938038171315779,8.6206153769718483,-12.923455856442224,-0.91398965224901385,,0.1705874539752219,0.5925925925925926,0,4
-0.34676257892685369,-0.89322073496841092,-0.28620348089862774,0.9370939222303416,-0.34297886371111996,-0.064965221206315038,-0.040133462035488468,-0.29072705011732675,0.95596395724688532,7.6616498922687066,13.811462343123852,-2.1203481926597565,0.8017560080511446,0.5738476340018985,0.3725490196078431,1,4
0.025661283845659355,0.99507963655440212,0.095697520480685749,-0.99947973302436055,0.027409592793291929,-0.016999338118269505,-0.019538725264096304,-0.09521150738048785,0.99526529482213399,4.7504515607244651,-20.018071503002563,-1.0635369864328839,,0.2942576995932527,0.1578947368421053,0,2
0.91810555872892197,-0.35287493192208336,-0.1804479577386173,0.38564140030057892,0.9004234812785723,0.20129149196223867,0.091448856773944986,-0.2543950407990696,0.96276698624930879,13.098953836132656,11.775263948209089,-1.4621438137910892,,0.4968813156397397,0.2352941176470588,0,5
-0.70677612424742031,0.70728300224356944,-0.014773792035812864,-0.70677417595689884,-0.70686363712956657,-0.028531784108369863,-0.030623102296163725,-0.0097238490981075253,0.99948370290089039,22.316554202681981,-1.8596600782414789,-0.062982429840178863,,0.1443727372060465,0.4210526315789473,0,4
0.33059629227944476,-0.92948642230923062,-0.1635881483294874,0.94377165729538848,0.32539486826928571,0.058422928631913944,-0.0010725749388152993,-0.17370426145262155,0.98479727819292817,3.4679302707011503,10.999544112190065,-2.5034388747261098,,0.1477980341509375,0.3103448275862069,0,3
0.49700649921365003,0.85673799647860871,0.13778441540759695,-0.86666016673487223,0.48214273550017772,0.12821286206730809,0.04341307561642218,-0.18313489016085002,0.98212876796848658,-0.49447921478280515,-14.753878405867653,-1.7608450606805475,,0.48766871224549,0.375,0,4
0.47153272000202573,0.87247196667448823,0.12825584327679945,-0.88003068095354209,0.45622341698438035,0.13193253721331263,0.056594121142899398,-0.17507958522411429,0.98292636768468855,2.0964303932070045,21.123068184212364,-3.1447294440389522,,0.3912883016000794,0.2307692307692308,0,1
0.92420380109101696,-0.33323319527254597,-0.18655554566232319,0.37213106139512192,0.89558169561302403,0.24382760226816527,0.085824280910812026,-0.29476951004361318,0.95170642992195431,12.954323788276602,-1.9481351147647648,-0.89431237830755661,,0.1936837636607359,0.2,0,4
0.8379944545794078,0.54250454966757833,0.058771657149844551,-0.54121548653617979,0.81255836637971901,0.21641325828083821,0.069649775502632863,-0.21316124135569409,0.97453126884473662,15.358742918766618,4.6225319128269771,-0.93320963505187404,,0.3428542649936119,0.3725490196078431,0,2
-0.27792711923613811,-0.95204424667501708,-0.12793853511003322,0.95994322764933082,-0.2801944273519309,-0.00028735189112852501,-0.035574092866680576,-0.1228935932175609,0.9917820570381326,21.045363296749827,5.0968525967207956,-0.42081247408743361,0.1884920645167561,0.1330108537680069,0.2666666666666667,1,2
0.99461280141460695,-0.052534925579359147,-0.089361383474957465,0.059321876200790005,0.99541215136869277,0.075070393042583852,0.085007589462384847,-0.079967058855012707,0.99316613878639293,7.7267344918298253,-5.7348363445120789,-1.2331388876135898,,0.1141201297834415,0.5084745762711864,0,3
0.9601776836452981,0.27230707808392735,-0.062511367405808024,-0.26492632074282907,0.95844469668235799,0.10581969561065042,0.088729140687925923,-0.085044803644060904,0.99241852107159179,9.4532917117594408,-13.108475437686884,-0.83598851662360885,,0.1539507283604057,0.2962962962962963,1,3
-0.93616341123730995,-0.33011689698378127,-0.12091692100911332,0.33824615360523791,-0.93952000834707261,-0.053774468726149702,-0.09585200588295649,-0.091241373517267257,0.99120502658476117,6.0057524862242637,-2.4062755214247131,-1.5244474475297087,,0.07503854513958264,0.2142857142857143,0,4
-0.83395380806329145,-0.53872019564079243,-0.11958928390738824,0.54479206101766375,-0.83825684876572515,-0.022957912568071229,-0.087878645124181379,-0.084297131066859612,0.99255797685829694,13.127266692820706,17.259998069173619,-1.693328237946514,,0.1325695060701065,0.1578947368421053,0,4
-0.37189741447717123,-0.88174699557959058,-0.29019743088380673,0.92741762586868792,-0.36635545002593634,-0.075367310316749148,-0.039860510951099333,-0.29716312022635022,0.95399434990153786,-19.861707449248058,-6.1268294873919409,-4.4789434144034068,0.6313319795539325,0.3277928744740574,0.3484848484848485,1,3
0.41559711444477088,-0.89159489432301298,-0.17982653553442957,0.9093466793215812,0.41147090199372499,0.061484255051872432,0.019174338893254997,-0.18907734192548234,0.98177497599928709,22.032058973904373,5.6009702618519741,-0.34533987328341431,,0.2373352232439764,0.3846153846153846,0,4
-0.065554621399600818,0.97431527834224563,0.21543521068299945,-0.99778835216595085,-0.066384638347671582,-0.0033888159298332706,0.010999813412619242,-0.21518089641118743,0.97651225590084945,11.213047342577861,-20.662614334960526,-0.4068479438035465,,0.5002263110295507,0.3,0,2
0.74497475417183268,0.66562766253937899,0.044186315856619481,-0.66272558545426685,0.73090580266243244,0.16300768699262436,0.076206391010973054,-0.15072001359059456,0.98563485301217624,-29.332253908229525,-4.0897206907353292,-6.1251269306864966,,0.3419285631241032,0.1428571428571428,0,1
-0.020358781431495936,-0.98247273432160742,-0.18529124731959015,0.9997923521433183,-0.020169022152945186,-0.0029091478349234125,-0.0008789848440126758,-0.18531199869414536,0.98267934267777579,-7.4690203146234602,-5.435125181359842,-2.8260764513730434,,0.171339850898604,0.2126436781609195,0,2
-0.90879686072419108,0.41663314619234731,-0.022474150300313855,-0.41118329968358641,-0.90345053801560482,-0.12126590378433701,-0.07082767819978894,-0.1009650773940193,0.99236560457708645,-15.798705552624574,-7.8272787174400662,-3.8757220531943846,,0.5023777838150811,0.6666666666666666,0,1
