axis_00,axis_01,axis_02,axis_10,axis_11,axis_12,axis_20,axis_21,axis_22,location_x,location_y,location_z,dbh,dbh_approximation,score,reconstructed,number_clusters
-0.95038361385326608,0.29261681120743865,-0.10557645721464724,-0.27021592860839383,-0.94468893530662756,-0.1858659932196684,-0.15412442520739358,-0.14811555390309483,0.97688660767075208,-0.21154508437146877,16.582272139940965,-1.9082374324845164,,0.3947513527189445,0.1428571428571428,0,5
0.98978130935998676,0.031681816478200328,-0.13902957291984258,-0.017389636439855624,0.99454641548432998,0.10283495510653055,0.14152936156897564,-0.099366442785852743,0.98493438860767057,1.1986121631520881,-24.03335196523361,-1.7637809964744788,,0.1203058159761705,0.6,0,5
-0.93396083936407504,-0.30255128845610224,-0.1902100638449602,0.33677649831633344,-0.92319711092268031,-0.18517204045374802,-0.11957734198475886,-0.23700171357517291,0.964122112103177,-6.5608528557518833,6.5618982982697878,-2.5603144543457628,0.5928015573336358,0.5068555367637361,0.503448275862069,1,3
-0.87596259042951097,0.47431446835686181,-0.087836924327803143,-0.46068605243870236,-0.87657593777551368,-0.13922279411584948,-0.14303111988817685,-0.081488713453621409,0.98635778920390105,-15.227721255893737,3.073912634210342,-3.5418177973578131,,0.2266780048837997,0.3130434782608696,0,3
0.91860141781218918,0.38870048936336121,-0.071297719192959422,-0.37888957085753155,0.91754459278832168,0.12064250221338955,0.11231263637200496,-0.08380841135348871,0.99013232544825713,2.4935963149939826,-25.241315365288962,-1.6183158562982427,,0.3612904719907486,0.2380952380952381,0,5
-0.84415409909668393,-0.51511236329960608,-0.14853656167476817,0.52354547815555752,-0.85172178734929072,-0.021682464283383003,-0.11534292037717885,-0.096068986308934082,0.98866918662838854,-14.134085066870426,5.0626227742641445,-3.3918371285118636,,0.09125300642184996,0.3287671232876712,0,4
0.08854441934425257,0.99191423666710921,-0.090917725994962256,-0.99597689133963896,0.089429204810110005,0.0056964238308532195,0.013781063834786023,0.090047567563689895,0.99584211492356767,19.321568760147137,-24.605706968302954,-0.36704251528316195,0.7087589524584771,0.6631307029608899,0.9122807017543859,1,5
-0.064412895630324291,0.99664755952986006,-0.050444236139433517,-0.99774991715035843,-0.065261706774508113,-0.015362696876885835,-0.018603271297541038,0.049341176638301711,0.99860871545614782,-14.885257853035405,27.226304094896999,-3.4806696398647263,,0.08025025546226758,0.3333333333333333,0,1
0.98345388984440962,-0.088028970824746658,-0.15833302512563702,0.10276543141082799,0.99085700128489895,0.08741664093091471,0.14919018954625038,-0.10224139719425759,0.98350850735665718,16.175384263105055,-23.479982926626917,-0.6193782472533188,,0.5094524671097987,0.3461538461538461,0,4
-0.61170455661996681,-0.70480340471911951,-0.35926271182340469,0.78813038044325701,-0.58217243805816077,-0.1998143032612642,-0.068323047595500203,-0.40537317753121532,0.91159450859771463,8.7081218084570278,11.179875302291745,-1.0061419575557955,,0.544759680888987,0.425,0,3
-0.95141515671961252,0.28494463372625189,-0.11668656852786828,-0.27596366252888355,-0.95719212508503182,-0.087334372608079705,-0.13657692531259158,-0.050889992983047055,0.98932146043960134,-12.109171908596295,11.658892966728303,-3.150453380214751,,0.09637493995601636,0.2058823529411765,0,2
-0.76271564994681496,0.63895440077509924,-0.10001055472470131,-0.63601265419001263,-0.76908971420215977,-0.063157859515791837,-0.1172720812315706,0.01543649048763596,0.99297984557847008,-4.3684570099152777,6.6789257651375138,-2.3296895744090769,0.1654558235891874,0.1773130416755856,0.3826714801444043,1,5
-0.69906167148221876,0.71485285738040505,0.017267650666993931,-0.70704850763613258,-0.68742149671468045,-0.16593400406205897,-0.10674824267408334,-0.12820716886984021,0.98598566649641317,20.614938409221672,16.723820001078423,-0.27677297347307722,,0.212636019736091,0.3333333333333333,0,1
-0.65767457411595975,0.75223276171539621,-0.040125138796262852,-0.74646133390201042,-0.65793913577376151,-0.099556871216948187,-0.10128983932568432,-0.035524158249062202,0.9942225116290988,-9.7392553902940371,4.1207562296934226,-2.8910117687655075,,0.1026680245146461,0.35,0,5
0.88159176505696113,-0.42197939955471825,-0.21149313495995689,0.45262794097508396,0.88286374606116791,0.12521802162427401,0.13388019581852686,-0.20611887890797523,0.96932507494922038,7.1039251417291265,-26.354467923218657,-1.3060114261774984,,0.4242828763774673,0.4705882352941176,0,5
-0.37336992703613919,-0.91157693086617297,-0.17211158211356897,0.92660241237304874,-0.37541092291604111,-0.021785507562876789,-0.044753401764265871,-0.16761306055297168,0.98483653210194788,27.220281544580615,14.476907920999142,0.26186995967922555,,0.595440921580878,0.6875,0,1
-0.36453661947004912,0.92980853170631539,0.050686757950120287,-0.92223915011945379,-0.35296908944651867,-0.15775858734865492,-0.12879442166606525,-0.10425409469867855,0.98617598869890477,-0.3797329751370534,-27.128087723904372,-1.9927229344927986,,0.5578525389968163,0.1666666666666667,0,4
-0.52191590972080693,0.85122311340393053,0.05498176413340633,-0.84897691125411967,-0.51212548434076877,-0.13025241819693059,-0.08271630635925141,-0.11465905762586787,0.9899552076567053,-17.993765759092756,7.5191238701154059,-3.8461525525263438,,0.09832210492967074,0.1875,0,1
-0.68031346367090495,-0.67172090531206829,-0.29319723142422788,0.71736481076205605,-0.69225555148742302,-0.078549218424910708,-0.15020425902222795,-0.26376746729189327,0.95281971210192973,-1.1246422008886798,10.229125742954226,-1.9259843436091815,,0.2612477261457365,0.2903225806451613,0,5
0.70582298264250831,-0.66941715706104132,-0.23172092483404866,0.70107489140262913,0.7069892076411084,0.093060501415962435,0.10152789674974028,-0.22813796288936927,0.96832079192293674,16.7861319440706,-19.984323853226609,-0.531380100029481,,0.5503101161889176,0.1818181818181818,0,3
0.63504320456172958,0.77145069097458641,-0.039798991630465463,-0.76829932642178933,0.6361210611980912,0.071176825723258202,0.080226388176170865,-0.014622821035876619,0.99666940343584276,-10.713037083624329,-29.179155351818583,-3.1893966008552357,0.669815303105213,0.3787514854240471,0.5641025641025641,1,3
-0.61105767144017242,0.79146742530187397,0.013705358810970718,-0.78280926320563549,-0.60162080528872719,-0.1589404419372055,-0.11755075335175481,-0.10785045818060547,0.9871930404215119,16.881243827435764,-1.1753060544678622,-0.4090542602437986,,0.3904842191975544,0.4,0,3
0.60814849370304103,-0.7595847339183851,-0.23062185847152047,0.78966983001222479,0.60855371854663298,0.077999559047018982,0.081098515246497846,-0.22955043812025483,0.96991217498473137,-0.30944785619574722,-24.23081141096938,-1.9583656013277819,,0.4376366407383796,0.7173913043478261,0,5
0.16604809049593577,0.98533335081187601,-0.039321996649381227,-0.98163986425477745,0.16895836294007915,0.088522587504380842,0.093868037949643754,0.023901032832263587,0.99529771027619429,-6.4744955811085587,10.467757243176711,-2.5507249616828562,0.4980059369685132,0.4612094846538969,0.8051282051282052,1,4
0.86573470651476392,0.49015358735593739,-0.10125649973162806,-0.47695868114022616,0.86926953856801481,0.12992646305786651,0.15170311275900653,-0.064186681795030384,0.98633981743584276,-6.697877505629859,16.882762727999193,-2.5476988885397529,,0.2469987233884622,0.3529411764705883,0,4
-0.19433008961332321,0.98037645410827379,-0.033133434789725004,-0.97868327687570811,-0.19606107153394728,-0.06114817898176559,-0.066444411613795093,0.020544207432937625,0.99757860627934891,-5.3829864945325969,8.2834400270185125,-2.4426327088387194,1.639383343198594,0.4010774192668519,0.1333333333333333,1,4
-0.75908435085190618,0.64214996383444223,-0.10693162413040282,-0.64190972436433402,-0.76566974365041773,-0.041252265693043036,-0.10836445015892465,0.037326500046603449,0.99341022661135614,-3.3538818214034856,17.34071826164304,-2.2583480909706926,0.315910048019806,0.2327319763600137,0.4838709677419355,1,5
-0.98847431169790656,0.095092096292813191,-0.11779655485618913,-0.058467198809987388,-0.9575277511467668,-0.28235118637457185,-0.13964283646740441,-0.27220966001678409,0.95205135324565537,-3.2243733422993128,7.7824129156804664,-2.1739462147135828,0.5305862772982881,0.379866771250944,0.1818181818181818,1,2
0.21932956241135987,0.97377049003872362,-0.060543998729722527,-0.97514583619921258,0.22078987617956294,0.018504829638533917,0.031386959008149314,0.054980572081022937,0.99799398570225029,-16.536928103389268,9.005567923374235,-3.6770087348895619,,0.1215297398162316,0.3513513513513514,1,4
-0.94374724335174509,0.3189767712092032,-0.087149068239037786,-0.30680901096540836,-0.94298947691146706,-0.12899254716713257,-0.12332628047747479,-0.09499824136892529,0.98780866704053649,-18.384659268265107,4.2073263487125461,-3.9404003156208316,,0.08482433933082012,0.1764705882352941,0,2
-0.93345134631256477,0.34802942539573395,-0.086856796659649918,-0.33220932126759967,-0.93010977130063588,-0.15662943591164588,-0.13529800785740081,-0.11735132035812325,0.98383083743091948,-13.410979061952977,2.5773850902122635,-3.3284488047480121,,0.1311055439287348,0.3409090909090909,0,2
0.65247178449196708,-0.7338796180099082,-0.18894781478360351,0.75425236464127488,0.65303811772839038,0.068151208549859843,0.073375342417692224,-0.18698107675214576,0.97961938326152698,10.253004702363748,-23.294371047739165,-1.0326307646359698,0.8729655021752283,0.8473014496982263,0.6623376623376623,1,4
-0.9412831415513021,-0.27318145292968288,-0.19838835955402742,0.31090964647627689,-0.93044348130252641,-0.19393328705931678,-0.13161017878305312,-0.24422698842851548,0.96074551207061576,-10.872067502942944,8.98867483352306,-3.0528107276897165,,0.07574644049999474,0.3076923076923077,0,4
-0.25831112680232754,-0.9386711974851899,-0.22841134994091236,0.96584768055091696,-0.2559091207582152,-0.040605170694999713,-0.020337643534209929,-0.23109933994816037,0.97271757223307043,-14.616070582084101,13.603041756587071,-3.4271325343980852,,0.120930717053221,0.1578947368421053,0,4
0.19157613547491198,-0.90626655564037195,-0.37680169113770412,0.98070091133792558,0.19202725919488511,0.036759410047797945,0.039042372077781023,-0.37657198761171284,0.92556427725399137,13.087463299585188,-23.517373221172459,-0.74308233410863778,0.5666583268155621,0.5291753310380312,0.1428571428571428,1,4
-0.7226030161930399,0.69125048051531568,0.0042016872880176305,-0.6824731699880191,-0.71243500204330024,-0.16329954105896077,-0.10988745713331302,-0.12086827975489599,0.98656758801101219,-12.070509801125299,3.8746141334922566,-3.1787306150979306,,0.09415281109432855,0.3235294117647059,0,2
-0.04912920097372335,-0.97811043909451345,-0.20220358687724044,0.99879196496988976,-0.047916146357043235,-0.0108928246969152,0.00096556888455034409,-0.20249447363478495,0.97928292940503214,8.1470026990372073,17.840932079531772,-1.0979162018934652,,0.1824399534845692,0.3888888888888889,0,4
-0.69538166186012884,0.71117497035475008,-0.10331750040319748,-0.71070348365752478,-0.70186556802381428,-0.047804630943729082,-0.1065124531015172,0.040185643749079694,0.99349897401596143,-8.6905677100108338,7.9985228472447982,-2.7659970261264326,,0.07483238340360306,0.2093023255813954,0,2
0.98956889800518455,-0.0013910408364522684,-0.14405367439324598,0.024671082564053995,0.98681716509618345,0.15994755501929198,0.14193214500570911,-0.1618330858536754,0.97655789308015672,-0.089641964443674643,-20.378875177489615,-1.8814462893250683,,0.6771136169010148,0.2941176470588235,0,1
-0.96153102566250326,0.26813706868187903,-0.059670755710843806,-0.23551649011623579,-0.91650856192844832,-0.32333270604004222,-0.14138624251228582,-0.29684098152131316,0.94440211886553915,-12.136291725602371,9.0701594980648999,-3.1809960077820114,,0.1200509523779913,0.2142857142857143,0,2
-0.34686879914108981,-0.88544388756124703,-0.30930754624296608,0.93757583261769484,-0.33619649543103286,-0.089013900887045833,-0.025171298608839841,-0.32087542511123857,0.94678686476208951,0.91233791825409882,21.68512510043508,-1.8230930061155524,,0.3762878780614691,0.4166666666666667,0,4
0.93309116943766723,-0.29175910039600178,-0.21027956832171082,0.31051039988032453,0.94856283781882,0.061740054059506194,0.18145016143175613,-0.12290309208976564,0.97568984255815994,13.591816692988541,-20.627166754223268,-0.67152015262498066,,0.1636891610509678,0.4285714285714285,0,3
-0.96654900431451374,0.22209145178649456,-0.1282903320674916,-0.214498498254863,-0.97418239738240364,-0.070420528801475105,-0.14061798073158605,-0.040546808427272714,0.98923330909413432,-1.9498764984431112,13.175696384414499,-2.093713872118161,,0.08192652598747567,0.4285714285714285,0,5
-0.66116019744884924,0.74979336932032048,-0.026021080544058398,-0.74444042439948599,-0.65995632904947343,-0.10132175614080451,-0.093143157716023092,-0.047618768052366464,0.99451335089070736,28.61287800859423,-18.801636084816185,0.2453259835416588,,0.2265877822788556,0.7916666666666666,0,5
0.48555512075627455,-0.83018933699315967,-0.27390124032252439,0.87076558922665037,0.48706204116746932,0.067363615346436756,0.077482342027869702,-0.27121252330347162,0.95939577541139909,6.5294425188162153,-35.55121121946113,-1.537651384267382,,0.3706509858612903,0.3333333333333333,0,2
-0.91755549798081948,0.39312125448248048,-0.059561626902658746,-0.37828003845732577,-0.90923973112823386,-0.17374499659725964,-0.1224586486529026,-0.13688970235915571,0.98298783754333752,8.5433848284472038,13.273795510139243,-1.0137122923582247,,0.1218671599223646,0.2424242424242424,0,5
-0.55442293273856091,0.82888997366449169,-0.074542760963421106,-0.82377576342844405,-0.55931998975287045,-0.092491300405668428,-0.11835836785566055,0.010127221796992311,0.99291929991173855,-9.3862672743360758,11.377920140560343,-2.8690421470242522,,0.4080634005817917,0.3928571428571428,0,5
0.98918349959402274,-0.061602624922318112,-0.13312069986895991,0.092115592338539165,0.96714995345160903,0.23692970515887349,0.11415218692185265,-0.24662944702778455,0.96236333787178696,15.868494312877083,-19.112806971992388,-0.53296241412787537,,0.44933723043983,0.1818181818181818,0,2
-0.10875039244554881,-0.92478055462688746,-0.36462895925437178,0.9938971099268511,-0.10797552529515721,-0.02257921203870537,-0.018490187181125172,-0.36485916696887583,0.93087910131057594,3.1324759601409364,-25.892391443027556,-1.5921762512027053,,0.5617201309247953,0.1481481481481481,0,3
-0.58601802717048179,0.81025015754842755,0.0088064762512837721,-0.8061601500053226,-0.58189409608147036,-0.10726170560327804,-0.081784377326065444,-0.069956723324327202,0.99419181875889062,-2.7136144604293295,-29.094891572294873,-2.2681486632194776,0.9368877933030165,0.6495166733608506,0.5180722891566265,1,5
0.75363943410645873,-0.6254939110842882,-0.20195289192328039,0.65086098618659283,0.75303399939132265,0.096538968406156556,0.091692856973222006,-0.20419883191925772,0.9746257009862288,9.5911034950086211,-24.84922579683677,-1.1389584246091427,0.6327942258632093,0.3939999108673215,0.4871794871794872,1,4
0.98979299302042389,0.010180948115554889,-0.14214844094515311,-0.0059511500894114206,0.99952767817370858,0.030149699456000097,0.14238825365978261,-0.028996014556180155,0.98938608053659882,-8.2250228614062326,-27.76212515419472,-2.8792218962154981,,0.2946089076584217,0.9272727272727272,0,4
0.32843505434642428,-0.84589600568750412,-0.42022656108150469,0.94287130983485468,0.31995134467616465,0.092869963552379545,0.055893722069365916,-0.42672131960079085,0.90265431214357605,2.6256304400770136,6.2619257027714097,-1.5011971743687056,,0.5517320164198054,0.275,0,1
-0.98667685682167949,-0.057156025096305373,-0.15232192556451538,0.083007349836051847,-0.98208391038507337,-0.16917734137868251,-0.13992340792621707,-0.17956720680000149,0.97374383600429504,-10.368591336781106,12.43308849988173,-2.9822171414257892,,0.2382816200171884,0.4210526315789473,0,5
0.9698913720132174,0.20127818900364963,-0.13710513165352248,-0.18134074485124307,0.97265707536031676,0.14509909720019504,0.16256155988152615,-0.1158676157643988,0.97987164203581212,7.5511068595783559,-23.035517182891805,-1.1703359297160691,,0.4114577942610335,0.1219512195121951,0,4
-0.25536575915217236,0.96684286525784136,-0.0017896794806375905,-0.96630216243050704,-0.25528406474654164,-0.033017831070662806,-0.032379931049369613,-0.0067022523447204567,0.99945316042261167,12.306476087838019,12.949196072164163,-0.79167238745729607,,0.3576997441105257,0.7596153846153846,0,5
-0.69692694428284396,0.71538526610391628,0.050167273934381203,-0.70894720260760513,-0.67672996263942897,-0.19857094848161841,-0.10810503340469381,-0.17395539286686923,0.97880172815800859,-13.910720158495714,9.2001009122709547,-3.3546959206999354,,0.2732992976744992,0.25,0,3
0.78464896600509793,-0.56446617573196267,-0.25632779131741218,0.60881591428226178,0.77959324435899147,0.14689300822869356,0.11691527985590155,-0.27131588564688591,0.9553630239505092,-8.3630738681852161,22.365597833896395,-2.6970940827277663,,0.4341263744640526,0.16,0,5
-0.34537066520252324,0.93804885097222102,-0.027990298448973813,-0.93769433581537909,-0.34614256514026515,-0.03024329971866669,-0.038058326254873168,0.015801195771629514,0.99915058225217712,-10.462367162244888,-32.834576474719476,-3.1960802417262317,,0.5710539734565729,0.7419354838709677,0,2
0.56840467618816359,0.8226326991186409,-0.013840752443786224,-0.82052538102276262,0.56802417316833753,0.063926815921636876,0.060450171090585869,-0.024979612431098974,0.9978586051029037,18.801562655355625,-19.360342431800373,-0.39319974625768034,,0.4105874936844676,0.5555555555555556,0,4
0.73737663367469419,-0.63068014840376185,-0.24190545781355649,0.66271775443121439,0.74475070904014973,0.078431877102649483,0.13069383333664347,-0.21814887529759375,0.96712470247335225,24.751081079023212,-22.763512836919446,-0.1301747098078839,,0.4284883383627487,0.8076923076923077,0,4
-0.091411325719284633,0.99500161658353925,0.040196424298529973,-0.99565222905276396,-0.090596254328374939,-0.02165542620066432,-0.017905538598625634,-0.042001210670800912,0.99895710117586201,-21.8666055258741,32.775632800940777,-4.329896367018895,,0.2681024583703672,0.1764705882352941,0,2
-0.66937891413648887,0.73486966859066394,-0.10907996834846458,-0.73609953984288656,-0.67589607650238281,-0.036358784520048405,-0.10044569056233867,0.055955910806028797,0.99336780665236091,3.4437908974964633,11.653597126909863,-1.5256568324216637,,0.08174323804152737,0.3225806451612903,0,3
0.70481212335340859,-0.63669162203772245,-0.31283166272139906,0.69876873953886598,0.69914282447756393,0.15139867775116475,0.12231974254929594,-0.32530461018637608,0.93766454085358553,14.870450525958731,-23.322672086510565,-0.63536240236195141,,0.5723064024392612,0.6938775510204082,0,4
0.6302651926909012,0.77337620121343054,0.068227840937427162,-0.77193128092120389,0.61483521707535838,0.16155418094015658,0.082993279352299554,-0.15448918162958497,0.98450251819981183,-10.57204575258965,-35.94673915845771,-3.184032876192493,,0.5864848142513155,0.2857142857142857,0,1
0.70506752661909455,-0.67337668478932278,-0.22235922128252927,0.70673094192967156,0.69305993879977645,0.14212423069290084,0.058405125001417209,-0.25735532171103542,0.96455019556297728,3.5597219914459841,8.505782228010851,-1.411846488525049,0.6645549759390157,0.5166998270081221,0.3084577114427861,1,2
0.27523331917086874,0.95724198910591762,-0.089075217152318725,-0.96089737777787931,0.27684027415314211,0.0059742770616151106,0.030378436394628873,0.083947822481343498,0.99600698476610006,19.619389089015229,-16.488222762885162,-0.34040414951211218,,0.6156861486945691,0.5686274509803921,0,1
0.80609567418118311,-0.53251435160062022,-0.25814381535445424,0.57785962793731283,0.80236502158884504,0.14929374578622698,0.12762450574452294,-0.2695159317556261,0.95450151810427353,11.60817495009052,-21.24358259358435,-0.86503907954457726,,0.3705862528762543,0.2,0,5
0.067990726595407697,0.9961497861386639,0.05534315380353802,-0.9974164684938237,0.06915691889755296,-0.01943473555019587,-0.023187269661115194,-0.053878791230787988,0.99827823094624846,-12.875365309285346,9.9964864172195185,-3.2436804825772887,,0.5294533168674787,0.6103896103896104,0,3
0.97930321105197671,-0.13251797331225798,-0.15298433767055572,0.14574007156485169,0.98618977614072489,0.078673737522624729,0.14044590547096361,-0.099341392101775006,0.98509199339539966,-5.622953683467558,-31.132934881575309,-2.5653113465962969,,0.1510007935127893,0.2592592592592592,0,4
-0.98949993015107551,-0.0025896855194563373,-0.14451014414194596,0.035362990817361391,-0.97378858890810605,-0.22468921423337129,-0.14014045494241445,-0.22744027268992831,0.96365531973173013,14.063029810925835,9.9836932269922833,-0.60034980287456186,,0.4046456300783705,0.2941176470588235,0,3
-0.95552577158511554,0.26953470876385049,-0.11967263934690915,-0.25214106859971308,-0.95713895901818569,-0.14251278768930931,-0.15295548817242186,-0.10600025425049533,0.98253171182245602,-6.5475385723271424,-27.068767053114723,-2.6825557400726212,,0.1254841965790496,0.3181818181818182,0,4
0.98475685980371019,-0.081291379584173346,-0.15377138444728986,0.11172543964943715,0.97319658023540068,0.20101204529395822,0.13330923900718344,-0.21512816603927559,0.96744432344807429,-5.5712691729163923,14.584624438186582,-2.4578306933374647,0.7544736137593528,0.2989485603135921,0.4230769230769231,1,5
0.4722631585159715,0.87687192640884726,-0.089794954115226117,-0.87945676076598911,0.47559985086541179,0.018989149527876989,0.059357518913043153,0.070002903745740128,0.99577923176558181,-21.191546594996815,9.8142753328921657,-4.3105698231665226,,0.2965347713183,0.8571428571428571,1,1
-0.97853807610126997,0.1337922506981874,-0.15672545189961845,-0.098624841426819987,-0.97186869705209522,-0.21387934997048882,-0.18093196034299985,-0.19383206479676565,0.96420576454565066,4.5060042772858155,12.684718985764064,-1.4048264457051807,,0.2053491055709226,0.1904761904761905,0,2
0.81294950230595797,0.57786057677158187,-0.072043462671577893,-0.57153042826398803,0.81545788038410183,0.091550067656182732,0.11165158426497505,-0.033250550862863028,0.99319098092886371,-5.099774809243689,4.0327669760021596,-2.3695987117323156,,0.2766929078277524,0.3732876712328767,0,2
-0.7266166673433232,0.67994385977399519,-0.0985117571385382,-0.67802939761189485,-0.73282405100603565,-0.056965307347133086,-0.11092499588880796,0.025401925571570345,0.99350409534350836,-3.7638752189854161,9.2484306718764753,-2.2578319530438171,,0.1075183488016804,0.5064935064935064,0,2
0.99035347506331739,0.0017365828778343321,-0.13855316203508808,0.036424481733965702,0.9614924818555417,0.27240679959517405,0.13369088061803228,-0.27482574772968721,0.95215416652157514,4.3592898314805222,-23.996609456363881,-1.459181164754747,,0.6737097397836515,0.3958333333333333,0,3
0.81334256098661939,0.5693123024358514,-0.11982228833950573,-0.56854313118738997,0.82148168265818433,0.043892516864668808,0.12342036488102036,0.032424486923722795,0.99182461462718696,2.5551211072219027,-30.294907923637862,-1.70060382056337,,0.2052269642894524,0.8461538461538461,0,4
-0.98999054294111055,0.030099019632695991,-0.13788681555651058,0.0058214883545393463,-0.96745394242385319,-0.25298019598751587,-0.14101359920412829,-0.25125070807003619,0.9575950326384336,-21.354763685452937,5.6977983513028514,-4.2948524655416973,,0.4167578470466841,0.2075471698113208,0,2
0.28792479947467176,-0.8982602151531901,-0.33200586699697637,0.95633535652735591,0.28787668074991124,0.050494579274494612,0.050219475337408767,-0.33204759079589413,0.9419248386912179,1.0045097641308323,-26.628098689632022,-1.8146396831085785,,0.1629761745364258,0.2631578947368421,0,1
-0.45464610973527575,0.88883613307118647,-0.057159806242147657,-0.88767688205678219,-0.45744185118136871,-0.052694457485700744,-0.072984025406450673,0.026782108483514692,0.99697344533374999,-15.680524247082953,5.2419231899123711,-3.5817509050975138,,0.1964298656037099,0.3780487804878049,1,4
0.2622190537539279,0.96172200604171987,-0.079573556810569962,-0.96404292784885015,0.26475220678898737,0.022967417464274074,0.043155545564986519,0.070689830212355254,0.99656437162460165,-14.165645752784146,11.189682303870523,-3.3674592308408959,,0.1245700998463524,0.4193548387096774,1,5
-0.47702392748464451,-0.86078517574121693,-0.17747409340883052,0.87663283111434986,-0.4804609548924279,-0.025925860377151593,-0.062952776106885974,-0.16794687269496308,0.98378391729709502,-11.624506413158221,13.099534719106499,-3.1060813053829959,,0.06950824407244977,0.3076923076923077,0,3
0.16771198219072322,0.96956989972821284,0.17834489219117206,-0.98572570674708659,0.16221983302039503,0.04505060302361362,0.014748630025008282,-0.18335467083185378,0.98293618439679353,22.888374516530249,-16.46461179453803,-0.15656871047161852,,0.1986997136373195,0.1,0,1
0.14163873042270009,-0.9500637750597446,-0.27805987370253765,0.98928453934784233,0.14589972029869924,0.0054195778514345549,0.035419913206727827,-0.27584795619323854,0.96054845521318688,1.8408076367610791,14.139343139405772,-1.7354841417781812,,0.1804369999835232,0.1904761904761905,0,5
-0.33744379512271283,0.94076371458335672,-0.033095595726705736,-0.93960907505399138,-0.33874761927595376,-0.048834787918626971,-0.057153050744158912,0.014617925919856497,0.99825840594128612,-19.377583780033888,2.2039567078494113,-4.0776609527885253,,0.08231147784276792,0.3636363636363636,0,1
-0.92830932845880265,0.35557335908235466,-0.10867095751513846,-0.34630260088383463,-0.93326017655468319,-0.095393665818088738,-0.13533772318706197,-0.050921794626784277,0.98949010683004279,-11.154259718704083,3.9793768342935403,-3.0741683999038067,,0.08540554258659741,0.4225352112676056,0,4
-0.59244386766080281,0.80418371112277987,-0.047946036706935473,-0.80030012300549913,-0.59431748741106227,-0.07941307999810511,-0.09235787345155079,-0.008676573182747541,0.99568807379083946,-16.873394225351152,7.1804709304983891,-3.7263850176947839,,0.1353964913679881,0.2857142857142857,0,1
0.98103124704348021,-0.039075487219683992,-0.18987047854487141,0.090992987803640457,0.95768558224423839,0.27305421024419474,0.17116649349355936,-0.28515159452483974,0.94307507635662835,-7.6067926543852575,11.530185423237306,-2.6781827040629849,,0.3993073354627711,0.3917525773195876,0,4
-0.88029388193977931,0.46180431966642449,-0.10871730201225217,-0.45619977978522813,-0.88685680994538452,-0.07325817072111776,-0.13024761933832749,-0.014891910251066291,0.99136965288724221,-7.6215388235170023,-31.196430258350855,-2.8242419084253951,,0.4434288482697574,0.8088235294117647,1,5
0.84144943725028498,-0.50156489471215049,-0.20098632028963126,0.52462525995292464,0.84740585476601349,0.081680192994429829,0.12934906714199149,-0.17417225295858735,0.97618279288708265,-9.3974709537278169,-31.439712529539342,-3.0399547331785843,,0.1137620187402793,0.2727272727272727,0,2
0.83019080926726674,0.55731192751981751,-0.013661465964745373,-0.54575148345031743,0.81748190513661878,0.18406154700529381,0.11374769676761891,-0.14535043934694419,0.98281977557521283,2.1000511848059435,-41.499634987853966,-2.0141720944095001,,0.3764731199820811,0.1333333333333333,0,1
-0.96166521335631783,0.24996003531620362,-0.11278296930419247,-0.22991362107938323,-0.95908538092847151,-0.16521186074690544,-0.14946485962430767,-0.13294815844535529,0.97978826432218269,13.788137395038442,12.572062785541641,-0.71327067625815266,,0.2399398192289126,0.3076923076923077,0,5
0.094856511787614714,-0.94858866195135172,-0.30196323052456198,0.99522663223234487,0.09735296454021175,0.0068081415009613767,0.022938889836933065,-0.30116764552749681,0.95329526203609805,6.7030929174171661,-32.369444369911676,-1.4963723647451512,,0.5111254283367699,0.3478260869565217,0,1
0.14902884453085072,0.98803091953556055,0.039815895563373657,-0.9882185719855261,0.14739641680406224,0.041211045803406066,0.03484906714227537,-0.04548844199395153,0.99835682206527521,-8.3012003745677791,10.083904928364653,-2.7266170773570617,,0.4563265916201542,0.2,0,4
-0.88245037963884976,-0.39844494391342355,-0.25004590407579069,0.45428533031121682,-0.85980419930834362,-0.23315569372367476,-0.122090811035391,-0.31934051656745338,0.9397422350512683,28.900993612857512,-13.319967361683304,0.20017642982543821,,0.443081106103483,0.3333333333333333,0,1
0.2311860839077276,-0.89553105725321203,-0.38023298134479516,0.97199208119071967,0.22956720887774848,0.050301995095742263,0.042242025400553739,-0.38121256813361021,0.92352184012454974,9.0013461976876563,-29.291405591909051,-1.234030604487087,,0.3032448123295381,0.36,0,1
-0.1906574560900646,-0.87315239198488481,-0.44861412684883067,0.9814902248046149,-0.17796915801517066,-0.070738372955260878,-0.018074098877992422,-0.45379717844698514,0.89092168442759512,11.632116274655143,-17.812207643648158,-0.75984388717823781,,0.4762169290070997,0.4,0,1
0.62812539996740946,0.77559621385150412,0.062521955943442661,-0.77370803584820591,0.61401393413985139,0.1560857583061766,0.082670171039459825,-0.14641516909567273,0.98576277119750877,0.11622060079344035,7.6746390718538695,-1.7698747064466414,,0.7437516226117236,0.336283185840708,0,1
0.70109287824132172,-0.64110766479093251,-0.31216940629346607,0.70739836018205271,0.68043119531894192,0.19131374349109878,0.08975709493427772,-0.35495682918229943,0.93056397594459128,4.7215920432183713,-28.648878390582983,-1.5238967515658537,,0.3734079106430949,0.3076923076923077,0,4
0.99190213800396942,0.038379634204259008,-0.12106672664898763,-0.014650418328755655,0.98146049178191186,0.19110381554013975,0.12615670361081041,-0.18778260502388011,0.97407503786130301,-1.6103617124882499,16.40602694431881,-2.0800724257232446,,0.3192245806634306,0.2580645161290323,0,4
-0.97326028982945012,0.019858154107696282,-0.22884506102716759,0.033871447916639492,-0.97295881329872924,-0.22848166806191988,-0.2271940431814255,-0.23012344804422244,0.94626955219066056,11.391571334672555,9.0635710588415055,-0.78531961816956053,,0.7421654138935716,0.5140845070422535,0,2
0.9806953256976032,0.16918738302800884,-0.098042376445112794,-0.14969427223870249,0.97216167914090634,0.18025896501660779,0.12581058387034288,-0.16210274221637097,0.97872079673016854,13.356896534916801,-22.420774636562978,-0.70453341168391348,,0.2686265859061447,0.4166666666666667,0,3
-0.10290263831125905,0.97588830993610576,0.19249169737584448,-0.99439984059340902,-0.096242381363747076,-0.043661894796707991,-0.024083273373566402,-0.19590663735434424,0.98032677479712238,-25.453838572170362,7.3890226775217904,-4.8290221447637727,,0.4032119730981643,0.4166666666666667,0,1
0.93048638555398921,0.36066887341932752,-0.064133065146660881,-0.34247596531276725,0.91860796588515747,0.19715379325648752,0.13002038102451874,-0.16148488709091824,0.97827262650013491,12.37310300116423,10.495811993706887,-0.74332823038790796,,0.7695489072726152,0.5600000000000001,0,1
-0.93463711809806238,0.354305809545437,-0.030345523487018952,-0.32818666887000392,-0.89228912696997809,-0.31002197384567048,-0.13691956707994363,-0.27979904791386906,0.95024498153746306,2.2469983794003388,11.264909630499226,-1.6218564982695511,,0.3568919119849839,0.2727272727272727,0,1
-0.9567517684804725,-0.2300196813624677,-0.17809267164989134,0.25442659988591293,-0.95846189925695424,-0.12891040665223655,-0.1410431096508464,-0.16864677245254453,0.97553324257113749,-5.7985622890361421,8.7550944631402636,-2.4901761103908906,,0.08661253123717319,0.375,0,2
-0.20237216255165091,0.9781274946796954,0.048084425501302777,-0.97494604086982117,-0.19659816038397523,-0.10406431052910635,-0.092334853746728229,-0.067939439836216767,0.99340752327446746,26.848377473056608,-18.436517852539474,0.070207181509872096,,0.3284756545744392,0.2380952380952381,0,2
-0.96204877285989365,0.25773554433489876,-0.089635639257859639,-0.23420690442411857,-0.94846214373114623,-0.21346355152341406,-0.1400331552127691,-0.18436906219675497,0.97283028547935557,31.390084521078276,-16.120121871368411,0.57814983187999802,,0.690092122678987,0.7619047619047619,0,3
0.91145642753716438,0.41127361002613111,-0.010059741411381037,-0.39135640827613111,0.87433661499874671,0.28701157707266822,0.12683588767535897,-0.25766160243351677,0.95787429041027949,-19.209050656671291,9.2681493515517523,-4.0307003644263979,,0.2026322366261668,0.2,0,1
0.42595802749892597,0.90431934489672972,0.027681785613908182,-0.90226985332487908,0.42233411529711168,0.08685048553294554,0.066849611744021931,-0.061971102150569175,0.99583668937628433,-4.5654184276712053,11.265479169669392,-2.3801081896781975,0.5717993322010465,0.366997247334062,0.2,1,4
0.017938424151537631,0.99947745970924484,-0.02688903999986926,-0.99981576172349917,0.01774779316555997,-0.0073115283636302911,-0.0068304866751351546,0.027015243306465729,0.99961168514622389,-18.58830054359272,12.606840541643734,-3.9627199747892021,,0.08016421375368001,0.4,0,1
0.88579163414574935,0.46357714580537102,-0.021665889419752477,-0.45745329247999883,0.88004832538032052,0.1274810974007631,0.078164352978910542,-0.10301055713974204,0.99160433593301145,23.053658672655953,-33.697921559974247,-0.33443739056404165,,0.4316888587328786,0.3529411764705883,0,3
-0.87748397240914666,0.47333660363779972,-0.077293840774648931,-0.461653983664151,-0.8772785249824413,-0.13136966534041572,-0.1299902978382784,-0.079591766290649013,0.98831557369427847,5.971490950991396,11.758273460154404,-1.246715204159182,,0.6299686653811805,0.7777777777777778,0,1
-0.87489385401719622,0.47872856317165619,-0.073346485986294618,-0.4666341327973369,-0.87377814489068406,-0.13698299025744554,-0.12966622656425902,-0.085619602399190017,0.9878542166603278,-16.040533148672097,1.8650599934626837,-3.6205968840877012,,0.1982892790865719,0.12,0,1
-0.9173963299715151,-0.36825475629660709,-0.15090529553240306,0.37768076773519893,-0.92513889252339343,-0.038409207535966446,-0.12546398462405953,-0.092230493902594884,0.98780176379511375,-0.19973680594810564,14.269799562748421,-1.8901006250781578,,0.07402145732814412,0.3,0,4
0.38357716508535145,0.91897766501142686,0.091370726358231527,-0.92234973512327922,0.37626063594590869,0.087743375565321122,0.046254994790851649,-0.11793212050890166,0.99194379397684229,-0.70651092863414156,18.046778946574953,-1.9673850166187563,,0.5252130296464582,0.2352941176470588,0,1
0.73431219159629735,-0.64915014163077145,-0.19846838260486596,0.66960127717499118,0.74069774569313607,0.054781193221093823,0.11144386424861133,-0.17312118052351469,0.9785751488646548,-3.6594764084367237,-35.694763075892887,-2.4293991412351272,,0.1497693864513127,0.3,0,1
-0.33106225153599411,-0.91295019383334119,-0.23857855978185019,0.94282142726731921,-0.33036579476662647,-0.044115733404647223,-0.038542728153735349,-0.23954203227800966,0.97012064861984448,-22.98419805275115,8.8160119408705757,-4.5329510813139589,,0.1290017362083482,0.1818181818181818,0,1
-0.27522087106214232,0.96116980255668905,-0.02015149584852401,-0.96106586977678876,-0.27560686874880785,-0.019830477771958198,-0.024614347076094181,0.013909153518988289,0.99960025478508407,29.736147244002833,-18.715313277236746,0.37941140442734389,,0.2907219265824974,0.3076923076923077,0,4
0.81448207414844798,0.57883393720403675,-0.039626052436679979,-0.569417810887205,0.8105942079540599,0.13674935713104081,0.1112758173875379,-0.088816120001961055,0.98981280517708603,23.658375313038704,-3.3668542916233628,0.21175134955692249,,0.2713017919369783,0.1538461538461539,0,1
0.76814919056269659,0.63942775566002807,-0.032847622888914081,-0.62976470770011206,0.7638053618240086,0.14141351485726855,0.1155129169109049,-0.087940403344956272,0.98940550407113648,11.351300130770749,-23.397595983336714,-0.95364783558961963,,0.3090861038507933,0.25,0,2
0.87441977709075591,-0.36910763133936836,-0.31488031046668136,0.41340654295674512,0.90653561697887886,0.085370986812128985,0.25393913379608452,-0.20482365985345696,0.94528418197446307,-13.304120021711579,12.776489434233293,-3.2768387665235501,,0.2337294360032495,0.2142857142857143,0,2
-0.93347080776261016,-0.32423225644735637,-0.15331567086921036,0.33866186795758568,-0.93757008644074091,-0.079186313230135197,-0.11806942977121179,-0.12584028325841454,0.98499940754446291,-9.4172431787360722,5.8609349000180426,-2.8531222223564683,,0.1110503221297066,0.234375,1,4
-0.78289285651524232,-0.5514478611438286,-0.28806949102135149,0.61300081735679524,-0.76284631999163821,-0.20565867352269915,-0.10634271548773282,-0.33759553983296597,0.93526492415121765,-17.89446406272253,11.289684944322017,-3.8524067810938525,,0.3125487787605538,0.125,0,1
-0.71850643614163479,-0.65733835770141369,-0.22727688997664053,0.69044695480014351,-0.71350600030322808,-0.11913097892025122,-0.083854062693789991,-0.24251901167887277,0.9665159207918137,19.999859551279126,-26.56476339137182,-0.31972108238873409,,0.324328217732513,0.1875,0,4
-0.79351755505654153,0.60025365879371395,-0.10012709384501507,-0.59675159107301257,-0.7997698326028595,-0.065236135770155024,-0.11923685826503752,0.0079849836038595745,0.99283372810754644,-10.89567275648759,11.285641922792799,-3.0351228450122467,,0.5114324053433155,0.6923076923076923,0,1
-0.13906404634187755,-0.8776153620407946,-0.45875098618425819,0.99022661239878007,-0.12819575106575548,-0.054928184986612734,-0.010604108272777062,-0.46190597064629102,0.88686550680982468,-6.7051526877279377,-2.2784105857157138,-2.5538556195224467,,0.2262718480573664,0.2741730279898219,0,1
-0.67885784112635239,0.7316316439907492,-0.062186566496809877,-0.72686134243850475,-0.68159443004042686,-0.084271120832474677,-0.10404143602317067,-0.01200709995211921,0.99450048222259646,-9.5461384927264419,16.6350346610485,-2.8543045553427597,,0.1967336657812003,0.1333333333333333,0,1
0.67649572688950588,0.73596592762375468,-0.026602347211180065,-0.73092664983446876,0.67540139644449326,0.09787331731676148,0.089998689223776782,-0.046766516416488692,0.9948432685002534,-4.3614191993894931,-29.824794156411027,-2.4123894994292807,,0.1550303845969714,0.2307692307692308,0,1
0.9837831131508582,0.11175217489314321,-0.14029339858260814,-0.10871530146620172,0.99364539749935243,0.029151453745361461,0.14265962815849167,-0.013426668797858681,0.98968073390294609,-0.40707661297491743,11.893419236239742,-1.9019790541552941,,0.07680124583540389,0.3666666666666666,0,3
0.92005656748494802,0.35720488391550126,-0.16093658233828886,-0.34341136087895718,0.93300222588379367,0.10758942194820866,0.18858565652529963,-0.043720903499358491,0.98108304070049124,2.2446649563249514,15.831451029118805,-1.7161375609966909,,0.7221037522473408,0.6065573770491803,0,2
-0.0070416945607177399,0.99896976517464753,-0.044831047329086382,-0.99993356319031645,-0.0074434695156937415,-0.0088013616609145719,-0.009125992725771661,0.044766092396792453,0.99895581144928058,11.400897331498514,-32.561577800657794,-1.0153348362419756,,0.5913937995876231,0.6666666666666666,0,2
0.84007876038966445,-0.51255814444669701,-0.17762833361691929,0.52693200951117192,0.84883318899271809,0.042718551204025533,0.12888108354092548,-0.12948500232000426,0.98317002623122385,26.084699648231304,-19.829862528352802,-0.024280575041214853,,0.2406833397654099,0.5294117647058824,0,3
0.53446700662573166,-0.78058239880837832,-0.32409279149510201,0.84046574692165033,0.53133708857499384,0.10629311622151975,0.089231984624138394,-0.32919905372769026,0.94003491208828549,13.732376448257853,-24.645799608011181,-0.71639315862359876,,0.4791675875699241,0.4583333333333333,0,2
-0.54730533485112076,-0.75488276287975087,-0.36139851238008219,0.83395579603550518,-0.52828337289523986,-0.1594816860370378,-0.070530849295111761,-0.38867556165710099,0.9186711637295728,14.453209282629775,11.071717316499051,-0.60615910489884428,,0.4741013660991411,0.1666666666666667,1,1
-0.69674842506873969,0.71510113637504291,-0.056320484012070529,-0.70916519352843022,-0.69850756141744186,-0.095770115017388954,-0.10782560202482473,-0.026787149862982931,0.99380887908601578,6.3600935557245926,19.446529979045525,-1.3050426248892752,0.3275782006852885,0.2022015858246505,0.375,1,3
