axis_00,axis_01,axis_02,axis_10,axis_11,axis_12,axis_20,axis_21,axis_22,location_x,location_y,location_z,dbh,dbh_approximation,score,reconstructed,number_clusters
0.12690824242439858,0.9845919437099333,0.12030379206926448,-0.99191208766847294,0.12623639503988299,0.01322054857051207,-0.0021698714064995544,-0.12100858212882813,0.99264908941138363,-5.9118655163557889,-24.94437218901388,-1.9725357392397058,,0.1026727567090797,0.4666666666666667,0,5
0.41783711001387114,-0.89952531651652001,-0.12753961910367412,0.9075923242872187,0.40692721266588061,0.1033751250877168,-0.041089200408137155,-0.15894794285498426,0.98643156329873594,5.7618413718709141,11.259189325563245,-0.97607130827159005,,0.2529922986706771,0.2,0,1
0.24382832366030968,-0.96981257643557273,-0.003363802669954446,0.96954276701280373,0.24367486626254459,0.02468567368110966,-0.023120802627990007,-0.0092804169804031264,0.99968960300010645,12.541128143655628,14.243308767738982,-1.0625720810222357,0.2457225411504529,0.1100062880209125,0.2272727272727273,1,5
0.23119718399129671,-0.97245768300635449,-0.029562085116050647,0.9725941084533779,0.23024568071976415,0.032367062141519479,-0.024669055844824019,-0.036235083438658743,0.99903876622077104,13.697559488628141,-28.448348905623547,-2.486567463232519,,0.4961645323133514,0.3157894736842105,0,2
-0.32626384077739357,-0.91957770118210702,-0.2189263750437937,0.94511670979450968,-0.31305064726893328,-0.093561194475614368,0.017501744724036625,-0.23743660992596366,0.97124535787744259,27.131155632605736,4.2918977757260413,-1.8601148827913951,,0.5368339844150858,0.2448979591836735,0,1
0.99408694952551213,-0.089442606598314017,0.061572371303715484,0.08124977764315304,0.98886391193252343,0.12468615524767168,-0.072038950686427655,-0.11894613824083373,0.99028390160680324,2.9695807224578923,-20.944383629267548,-1.9634125571492653,0.1893208497867424,0.1524125739450906,0.38,1,5
0.039513081557491787,0.98798757241365975,0.14939636254606486,-0.9991454838046594,0.037251786064206219,0.017905491553719649,0.012125121796696177,-0.14997620208283333,0.98861525389315408,-6.0492592961611145,-22.280846594961286,-1.9091442805039707,0.4325315431891137,0.3814855382977719,0.89171974522293,1,5
0.26125921181003259,-0.94597182634462595,-0.19204407829093237,0.96495666508060329,0.2508953714410444,0.07687748113707453,-0.024540960880156448,-0.20539916346390905,0.97837054579919047,11.670505288386334,-34.013929036283621,-2.5857419645846833,,0.4975064966787586,0.125,0,3
-0.69076692021429398,0.70716791149066138,0.15084630222712259,-0.72025847308476987,-0.69133784520802144,-0.057268802438382956,0.063787098125374295,-0.14820772159731357,0.98689699430674027,-3.8069806377978086,16.027029226762409,-0.66690197636131721,,0.06692540473596184,0.1904761904761905,0,2
0.75509048440427673,-0.65533178408335635,0.019457983766034321,0.65254953128213533,0.75409167331795723,0.074329384875623267,-0.063383511937883122,-0.043428113044985235,0.99704389542876792,-14.85612920234411,-29.551419748809789,-2.1221358194395616,0.2116917403777219,0.1593651076278207,0.3076923076923077,1,4
-0.31966428147896891,-0.94748351802669428,0.0094726033535334122,0.94710318627774537,-0.31980436391090677,-0.02684629147727309,0.028465798584913833,0.00038973234301925135,0.99959469107214849,-14.694455950761698,-20.519133152002301,-1.9644167863992343,0.2063492898957131,0.1170174690411159,0.6271186440677966,1,5
-0.88496967527697279,0.42517752526057528,0.18987560626226321,-0.4576375944351081,-0.86946434002678696,-0.18600965991429422,0.086002941809083841,-0.25150712402450298,0.96402679452653528,24.512406647620335,7.7191241756745024,-1.6710556999825292,,0.288624924428992,0.2,0,3
-0.99405837155687382,-0.088481803362575356,0.063394987273466874,0.075873686474044882,-0.98086645472258271,-0.17928798537768922,0.078045740681569636,-0.17341271139584524,0.98175195130328463,-25.058954899998625,14.627226555838568,-0.6254486950659357,,0.4257088373062756,0.5555555555555556,0,1
-0.5120462514197236,0.79993441594797121,0.31291143569545099,-0.85784409831887221,-0.49478801678766748,-0.13888240141504402,0.043728016036538926,-0.33954344144057025,0.93957336700664507,14.370642263717684,6.3768908122258008,-1.3713798557236332,,0.3954878045002495,0.1612903225806452,0,4
0.71742225704799889,-0.69580685249159113,0.034031296153688814,0.69339951310955339,0.71793929586412097,0.061321143772474787,-0.067100076837432729,-0.020395869186558894,0.99753776279824891,6.5359755232610963,-21.882229169753899,-2.0604924263278428,,0.3407346128783689,0.125,0,5
-0.9956064012063216,-0.0012514960026337309,0.093628668872062365,-0.024655345646298406,-0.96112200258393765,-0.27502110842643518,0.090332761543420417,-0.27612122320965998,0.95686836204628622,-9.9802957754931096,11.205970597310628,-0.83448590530457278,0.4126563361467416,0.2377438123414399,0.2549019607843137,1,5
0.98868102136275782,0.11938673015616166,0.090866091913946748,-0.14060166502087362,0.94861792306064563,0.28346994168952977,-0.05235465395217509,-0.29303727529228646,0.95466651009597103,-2.9230024149704357,7.2482138015440434,-1.0113325691496107,,0.4285419671183741,0.3142857142857143,0,2
-0.99687673603119631,0.038476398312340537,0.068966223129144952,-0.046893961284402423,-0.99105819914720139,-0.12491838254702209,0.06354313145294184,-0.12776232886112132,0.98976717351563936,17.187088255671053,9.5170857384651217,-1.3453065513764531,0.4232428785273459,0.1895036870023198,0.1818181818181818,1,4
-0.33312942400437029,0.87624421126981311,0.34816787485157147,-0.94225612709970563,-0.32282323365671162,-0.089098545187268341,0.034324594762063808,-0.3577446603760388,0.93318839478791904,12.894362740110246,6.6554916400255983,-1.3350179201812469,,0.2853086485996746,0.1666666666666667,0,3
0.98866781956411376,-0.12977528589968118,0.075460703203697785,0.12766961655575418,0.99129685800483303,0.032109318246456159,-0.078970953944138556,-0.022111410615370374,0.99663166413362114,-0.86664109347097262,-26.260519107323375,-2.0572438729619771,,0.06155842483530834,0.25,0,2
-0.648094027382631,0.73461604340538111,0.2007819724038642,-0.75857943423636764,-0.64602124064766453,-0.084934083769037272,0.06731547834335809,-0.20735434744291423,0.97594713021348123,-17.403539715411469,13.927352617306171,-0.71962832173584446,0.261337291851876,0.2513043854495908,0.4772727272727273,1,5
-0.48090650759785708,0.82407915787265551,0.29937012628170973,-0.86871027384560395,-0.49404463203259874,-0.035529729451122399,0.11862289435487568,-0.27715238248961316,0.95347530949427495,-3.0853272995656145,21.756488604316871,-0.44830436183883549,,0.4000937617897418,0.25,0,2
-0.52796022263619968,0.79621944826334712,0.29545320022153426,-0.84816023469075119,-0.51210674307590232,-0.13553929314232915,0.043384554893012982,-0.3221510110234071,0.94569366419223333,-4.8988628238426308,14.707640670124448,-0.74084723687410114,,0.4324769376911502,0.5633802816901409,0,3
-0.81440683226714117,0.54682239206135641,0.19423383612773953,-0.57381384976807914,-0.80874400710345717,-0.12911543977611734,0.086482237314593841,-0.21660656156852684,0.97242090686827753,1.0733627426582328,10.236852137926357,-0.94441420762861261,0.3705175340297827,0.1889354239270458,0.1666666666666667,1,4
-0.90209717908944054,-0.42952446541455258,0.041586212729911455,0.42619337834002202,-0.90190136779657992,-0.070236223031835313,0.067674838293072997,-0.04563613017118761,0.9966631627009227,14.105086771386988,9.3187163632031176,-1.2999333467638632,,0.09126687313896137,0.6428571428571429,0,1
0.90346773792792079,0.39467777244433977,0.16725878889248,-0.4227401756459096,0.8849743010140293,0.19522097848232337,-0.070970348866767743,-0.24708286562022919,0.96639188070814475,-28.725408961709995,-31.477980508804809,-1.7969985196432892,,0.2950870324988641,0.4210526315789473,0,2
-0.9231977325516415,0.34456093953680855,0.17024601480510293,-0.37907676233801313,-0.88933389458724399,-0.255706926370041,0.063298932588448972,-0.30060436271583935,0.95164608035202169,13.490583865242748,-30.71510119978262,-2.5410436910879088,,0.434769511823902,0.1176470588235294,0,2
0.21644412773126182,0.95697738898892193,0.19325169219077534,-0.9762577326728189,0.21388299471163694,0.0342768722276178,-0.0085310589717619047,-0.1960824865640145,0.98055029422038986,11.34871299701361,-31.568940467121816,-2.5053696576898217,,0.1578279476346675,0.1666666666666667,0,1
-0.89824209357156592,-0.4387318086008557,-0.025991180388530832,0.4342062122523826,-0.87671559524540199,-0.20696552924324488,0.06801548777746072,-0.19719068227307213,0.97800292854728788,-12.365144042637384,10.246128372408316,-0.88563454932637609,0.1798967419590481,0.133288743998408,0.1604938271604938,1,5
0.077755950992638753,0.99235450538881287,0.095846479954960984,-0.99697100361343638,0.077557900462905865,0.0057956906236684754,-0.0016822720498296452,-0.096006810749614938,0.99537925548528472,1.1955962254847048,-22.161600717724916,-1.9771930288324913,0.4278991683940631,0.4140352578186328,0.8831168831168831,1,5
0.92968444177131226,-0.36686289723400994,0.03314292324811393,0.35645906582237702,0.91868984353355876,0.17013496342998483,-0.09286427257778114,-0.14635773304254265,0.9848632599793975,17.321021611347316,-18.439807537362825,-2.2096413262969739,,0.567158092636731,0.5405405405405406,0,3
0.46906390186401198,-0.88217351291035118,-0.041820438633759366,0.88214851788724236,0.46572846208340701,0.070078470265606332,-0.042344401725039248,-0.0697631186576117,0.9966644665672163,-3.6910742777641223,8.6258871274955933,-0.9343143999369582,0.6596062711676757,0.4623105286179743,0.4210526315789473,1,2
-0.42781838994599336,-0.90382538772648691,0.0084317094995083712,0.90188764607758576,-0.42748069075058953,-0.062120309786986218,0.059750306079970408,-0.018971756283093173,0.99803305225172056,-16.582637499823061,-25.566686034209042,-2.0856418491799928,,0.1682081538473773,0.2941176470588235,0,3
-0.43637426404200852,-0.89143592272479,-0.12214539433641447,0.89928257394580713,-0.42765675242308976,-0.091654537827326799,0.029467844834668522,-0.14983890610498657,0.9882711916969259,11.411145664679433,11.682647754334294,-1.1680116559819804,,0.1166971126273147,0.4375,0,5
0.69125027046241116,-0.72144635392382228,0.041087978724527074,0.71972628694285956,0.6924521431230849,0.050040996869491747,-0.064553353662602689,-0.0050187542548538024,0.99790163675416499,0.19129824994351721,-23.46190631748259,-1.9917503145439879,0.3419289666052028,0.2312571030489727,0.4305555555555556,1,5
0.54653594904775249,-0.81191436363679581,-0.20516706002360469,0.83590263999350345,0.51409272390127037,0.19229000931838333,-0.050648127807098493,-0.27659308984866049,0.95965151476856769,15.215766498759509,-22.840514168582747,-2.3492585711371445,,0.2060641667166537,0.2142857142857143,0,1
-0.910302871429708,-0.41246534034887633,-0.03494317211868242,0.40823862072078654,-0.88058853151706717,-0.2406347163495054,0.06848292355631537,-0.23331562564796784,0.96998655042721038,-23.116901482785916,-17.865640692164675,-1.8522955347703209,,0.7361262235833921,0.55,0,1
-0.32863657016934511,0.93587642644998681,0.12701700343864122,-0.94389448842341939,-0.3300959628763801,-0.0099924980163784132,0.032576056716873955,-0.12317454975731849,0.99185020583798911,12.963875378538303,-22.179416568366115,-2.2598997500950877,0.714530401997753,0.7367859539314103,0.9862068965517241,1,5
0.76112384021635671,0.62986479721872357,0.15479288445830552,-0.64755979928169061,0.75149130248689044,0.12620272834140348,-0.036834850462066956,-0.19629355443104482,0.97985306769957314,-15.37699014040925,13.00848754037715,-0.7711245143475044,,0.5302583972742312,0.1944444444444444,0,2
-0.2233453091197449,-0.97394274592381946,-0.039400514674006834,0.97472763830301135,-0.22296161863512326,-0.013933690962564204,0.0047858147101601826,-0.041516795131330796,0.99912634421257462,4.5813125655134703,-22.95028114926064,-2.0556157385731306,0.1446650776224043,0.1568003776259265,0.24,1,5
-0.93724393108623882,-0.34695204131513852,0.034613504146104056,0.34481366110717404,-0.9370197777232061,-0.055654966260173175,0.051743142114495905,-0.040227070273790216,0.99784990357333159,-2.2362095952134933,15.017094549637743,-0.70481643793686555,0.2694453347516264,0.1389212882327063,0.3809523809523809,1,9
-0.79398317263940865,-0.5940753035947135,-0.1290939782650988,0.60521104445303442,-0.75229699355715307,-0.26032446131114551,0.05753532165138258,-0.28482234312588567,0.95685208868390648,-11.427285494367114,-29.362923018082938,-2.0679048427724234,,0.2873033587134631,0.4444444444444444,0,1
-0.9252042366435741,-0.37946748279546688,-0.001244989017675362,0.36978053077507228,-0.90083949150255294,-0.22748751528189037,0.085202579517805299,-0.21093278562208984,0.97378020127399301,24.559442138383154,5.9285469429529352,-1.7187461881389547,,0.3562266353040562,0.5172413793103449,0,2
-0.84056557218623862,0.53222932752344598,0.10090322977567591,-0.54152364613894222,-0.8304539257939304,-0.13076091849568894,0.01420068757518839,-0.16455461117024628,0.9862657453318564,13.150502196552617,9.669856362399937,-1.2669584367248268,,0.536896232943708,0.125,0,4
-0.78276535493679267,-0.62207967121209151,0.017183764876539803,0.61892636083137542,-0.78108220519815708,-0.082708818095856354,0.064873407330785324,-0.054106112292786862,0.99642559663722707,28.433434972251426,6.6077112358895498,-1.8564325898086358,,0.1295507573629399,0.3333333333333333,0,4
-0.99660739170789703,-0.017731544186644445,0.080369765048432573,0.017126433477515218,-0.99981960597275721,-0.0082122340944560581,0.080500882414563768,-0.0068079257662650031,0.99673128779889253,-4.0594842582573056,20.295146267124476,-0.5019644264566403,0.3862007338435933,0.3828318029107511,0.8421052631578947,1,4
-0.20436504670327579,0.94654044326411446,0.24959190081278756,-0.97858026100585949,-0.20400952352159391,-0.027582369046100771,0.024811296936495069,-0.24988257958061974,0.96795820982440328,-29.935376804179221,10.102025499279842,-0.96767321539711104,,0.2733304380085484,0.1904761904761905,0,1
0.99745640803168778,-0.025243418876221377,0.066659462043772377,0.013765452300164887,0.98580360074949847,0.16733730328978749,-0.069937303347336596,-0.16599406782402215,0.98364360570673137,11.943925526893787,-23.786333772615357,-2.3102705812019759,,0.6817864337319675,0.8113207547169812,0,4
-0.0031409615132327604,-0.99962983608966383,0.027024528860353007,0.99999502197834789,-0.0031479386935832146,-0.00021563975671132462,0.00030063149473111771,0.027023717015486646,0.99963474746497838,4.7073166354008533,-21.816416266003912,-2.0379550929883403,,0.1092282465072156,0.25,0,5
-0.74941263296834348,0.648372935277851,0.13413889199870124,-0.65978441382088882,-0.74824241744308817,-0.069410460436094154,0.055364544850307992,-0.1405198261389049,0.98852867719424875,-6.5938343727490052,8.7696944193312039,-0.9074445730661086,0.4757763156526286,0.4076421791057176,0.4517374517374517,1,5
-0.85439123753781165,-0.5180841374127112,0.040055458803198996,0.5173104470703056,-0.85532181781265348,-0.028539259373364254,0.049046045411719003,-0.0036625858333322074,0.99878980315904653,-0.37335754015756256,-27.843075961402974,-2.0758948065816165,0.2935240005622372,0.281451564516876,0.275,1,5
-0.99291922289057055,-0.097443502173724827,0.067942480809179751,0.085060672963719608,-0.98245720463459829,-0.1659594015912666,0.082922245081435156,-0.159005046918931,0.98378925401986583,-16.035190558486949,-20.939145757085253,-1.9388707886492189,,0.5563619807372083,0.3956043956043956,0,3
-0.99536220113161367,0.024978062270001159,0.092898788817003419,-0.04474849353540384,-0.97508248643401307,-0.21728257402740794,0.085156684322149193,-0.22043194200228791,0.97167798063986155,18.178800572915268,7.8646561819008127,-1.435307438154686,,0.1905607698844153,0.4705882352941176,0,2
0.91897206985649305,-0.38434558881401099,0.088140814512265367,0.37331425538485929,0.91998505152147558,0.11943187055169799,-0.12699134439056226,-0.076850330749065207,0.98892225433227998,21.899008797954558,12.645202857183421,-1.4040195526482238,,0.4740700234448305,0.6666666666666666,0,2
-0.94197820537416632,-0.33272309590260141,0.044411733281340723,0.3259807072823464,-0.93830023786240391,-0.11545233694931195,0.080085198880729,-0.094276216939080087,0.99231968429528272,7.2300470526619458,-39.144450277952863,-2.5663931009672343,,0.27043211732376,0.2777777777777778,0,2
-0.21518410999053003,-0.95662010700852451,-0.19640206127885218,0.97653712361088529,-0.20904379437700685,-0.051729471698850081,0.008428820638851732,-0.20292526432029662,0.97915795052850152,12.259783017967981,-18.843516553160203,-2.0732930357417181,,0.4437046348076696,0.3636363636363636,0,1
0.57996602035337863,0.8015107154891099,0.14567082134593709,-0.81371930108352164,0.57847526217093448,0.056809067061647407,-0.038733890581896392,-0.15148248747761028,0.98770073489290577,15.893652428677107,15.236404539965307,-1.131951406715703,0.6169630820190831,0.6213412837331316,0.7066666666666667,1,5
-0.66938829808130818,-0.73310171798221546,-0.1203377641612743,0.74143047268358453,-0.64900323334788612,-0.17051585638932892,0.046905869227703317,-0.20336340426810881,0.97797912310870927,10.524762378549241,7.3445139035019267,-1.2712724160786262,0.3910017248200628,0.4777574456968103,0.2521739130434782,1,3
-0.83691172638996847,-0.54515424009685476,0.048842775672396206,0.54307755670668323,-0.83819687361678796,-0.049927632234491287,0.068158122277997876,-0.015259605612993983,0.99755782529338832,-1.7465623748534469,-24.787839510135484,-2.0032490636236973,0.2822831885826635,0.2096755534532883,0.4705882352941176,1,5
0.60634237766763976,0.74914817162399927,0.26669446562831434,-0.79423425619514598,0.58708408408807611,0.15660212162230758,-0.039253882998966975,-0.30677238331193307,0.95097310030653326,-19.370375083595381,-26.023165473580079,-2.0669015592251418,,0.1640318482518603,0.25,0,2
0.84452705026329755,0.47623983273633885,0.24488708232333972,-0.53189020692769795,0.7990714529144628,0.28031700075375582,-0.062184155119973814,-0.36698833067610515,0.92814476026080195,32.272976854937411,3.4220866460756545,-2.1042690914779931,,0.3311401094376472,0.15,0,1
-0.97206094453108061,0.19474605091838948,0.13104005406377067,-0.22532518602303084,-0.93060598135741768,-0.28844595335259027,0.065772947790337419,-0.30991367042047396,0.94848691937500118,21.458390048626288,17.104430114003172,-1.2223151120286022,,0.4081091810879867,0.275,0,2
-0.26946176050315079,0.93873087726379656,0.21488299071374717,-0.96254914178147277,-0.26945245683712588,-0.029908580042957152,0.029824642198888834,-0.21489465692747828,0.97618173366526828,-11.005855681965713,-30.25511580736654,-2.078095117843076,,0.1372139383154722,0.3333333333333333,0,1
-0.8365410378703535,-0.54767000625381124,-0.016020493398825414,0.54404631680118798,-0.82683179487195768,-0.14269824162854441,0.0649052935734276,-0.12808882558118578,0.98963657755126455,-11.919798189190294,18.652469356397628,-0.48076488627923702,,0.3482077094769431,0.5208333333333334,0,3
-0.0047498709535633678,-0.98407353296591649,-0.17769839740949384,0.99992067957567143,-0.002601050348985849,-0.01232351792339874,0.011665045342851635,-0.17774283741703906,0.98400783048921303,-19.470333446158403,-30.832550314641779,-2.0394145753791295,,0.4499298432010634,0.5,0,3
-0.78401203347222015,-0.61377669769550081,-0.092753958065207517,0.62072525500919118,-0.77397420183509924,-0.12515627306490817,0.0050288333170903964,-0.15569874842056078,0.98779178503151266,-25.294029241291458,11.198342666416554,-0.84160897617094166,,0.4332473374723507,0.4337349397590362,0,3
-0.98443250269916438,-0.1634560804517248,0.064612362538600518,0.15878282738304725,-0.98469461424193383,-0.071864667335032037,0.075370162250758613,-0.060486580712490967,0.99531940209965075,-7.1972496554938301,-26.118749007212429,-1.9951853396078691,,0.2024538035436107,0.3428571428571429,0,5
0.98687433691153403,-0.15368780548614894,0.04958932939930806,0.13941664951225968,0.96578953011127577,0.21866316874640454,-0.08149871768437332,-0.20887949150717139,0.97453954103643725,-10.304022565117398,-20.87797100068725,-2.0273811075074062,,0.2712133331459062,0.6923076923076923,0,5
-0.96086812970316648,-0.27229797678167894,0.050855178313944149,0.27021637795728526,-0.96178316292682109,-0.044229589576722371,0.060955282005618207,-0.028756900929758019,0.99772616195253272,1.7163391697405481,16.840343019575464,-0.70750502275883453,0.3052144010824098,0.1915440469774901,0.3125,1,4
-0.9611168397477059,-0.27501397785576753,0.024934561101618988,0.26610881730873959,-0.9465313951285208,-0.18238534860728275,0.07375986512953242,-0.16865832330485095,0.98291090759848121,-14.33258511280966,-35.265245399356701,-2.0876029012055182,,0.4502129114926213,0.4,0,1
-0.3671738656496713,0.8775646466842717,0.30832392588605012,-0.92940535707632288,-0.35941865796035299,-0.083808773692328475,0.037269754784681149,-0.31733029984526884,0.94758242183907226,4.3474491830058577,10.939080822733468,-0.96971389711174838,,0.3059315630968984,0.3333333333333333,0,1
-0.49820716367240653,-0.85527885892150235,-0.14243488177911379,0.86477897764854395,-0.47824433865066834,-0.15310020367630306,0.062824691663679558,-0.19945030967767188,0.97789193272408492,-8.7531297899746168,21.172696937555326,-0.40680793901504364,,0.6127436228892393,0.1666666666666667,0,2
-0.077457214053675574,-0.99676624307249473,0.021387768985732754,0.99674475809974605,-0.076938639429456557,0.024090100942557272,-0.022366653565556175,0.023184098729259733,0.99948098049657264,-9.8962634146226094,-26.688890355467379,-2.0268153376616929,0.2385697510048355,0.2519517727732903,0.8604651162790697,1,4
0.59708916062174988,-0.80099085645545498,0.043568132192806419,0.80024092750766618,0.59853959079583996,0.036943418786271359,-0.055668592668429488,0.012806487602155419,0.99836716776224743,2.422734684265123,-25.613937730319428,-2.0978546585428428,0.3415004660426531,0.3091360448276985,0.7058823529411765,1,5
-0.58517280565710073,-0.81074602150248476,-0.016238107564894962,0.81005662522812183,-0.58352308309513967,-0.057524563615631699,0.037162500500141964,-0.046815596899269653,0.99821202579589374,-8.7193004026805632,18.048811718760479,-0.53045765361348007,0.2344464321081787,0.2306804740800104,0.7560975609756098,1,5
-0.40135429094096314,0.9003307198478222,0.16828347524810353,-0.91505558611025328,-0.40214201686140461,-0.030904248948372921,0.039849811438673687,-0.16639228699956085,0.98525407857839298,-20.0512154232939,-15.589864504802554,-1.8769028070335745,,0.7347075978969602,0.4390243902439024,0,1
-0.10368670577813741,0.98253894731109659,0.15448716471500409,-0.99457232262485518,-0.10377653009915948,-0.0075051228624373406,0.0086580663822807997,-0.1544268396923964,0.98796628943964482,-14.397340277618166,-30.437478605573823,-2.1212561010263697,,0.1957024742386892,0.5263157894736842,0,5
-0.80723053073050877,-0.589572819554809,0.027977860867769287,0.58729949905009171,-0.8070338536319096,-0.06144637912475736,0.058806195864510108,-0.033170009560211849,0.99771818756286235,9.7606567765437937,10.421423974531645,-1.1696432422377723,,0.07485680252256473,0.3157894736842105,1,5
-0.99532401757063882,-0.064066004384323166,0.07228863762217097,0.060468542128199375,-0.99687128385902946,-0.050903819406204615,0.075323671312090418,-0.046294605511627451,0.99608390913646938,4.3452194079645627,12.77129544376632,-0.89058750820689148,,0.1253609509744259,0.6904761904761905,0,5
0.98835697532838962,-0.14560628109150855,0.044150880245094698,0.13536273604946167,0.97396521530156055,0.18184798341413558,-0.069479630172589665,-0.17375433890779413,0.98233497886504839,-28.305963335155155,10.229131717794568,-0.91631277910609277,,0.3899188257839539,0.1525423728813559,0,3
0.023277193657799282,-0.9997041801058042,0.007051562550213406,0.99971204019138349,0.023317363616502204,0.0056689726016178315,-0.0058317194547904596,0.0069175742105223766,0.99995906826991832,-30.507721058069443,11.04639021091193,-0.90260815580561182,0.242250264990928,0.2210620586412484,0.6923076923076923,1,3
-0.99375544045198538,0.060425238920820815,0.09380253234023872,-0.078727791941192296,-0.97544423971242944,-0.20569508984879567,0.079069964892771585,-0.21179548086114003,0.97411016570953302,19.096700080748167,6.047553495013914,-1.532092634120197,0.3549973960333166,0.4955320824024945,0.7142857142857143,1,5
-0.92764892021847289,0.33496357745314992,0.16512686818712988,-0.36588418233429376,-0.90374831544734702,-0.22218854030676141,0.074808060628968442,-0.26653026864855645,0.96091902362221038,-12.712067606586489,11.393218261243151,-0.80269088336942207,,0.09014109348793437,0.5,0,2
0.63676192570789103,-0.77085519177310946,0.017791101293111854,0.76888511113653535,0.63652839514330217,0.060392781429991646,-0.057878630264864075,-0.024776510907221588,0.99801612645584459,-4.633074416274221,21.343849293924166,-0.46067398817845223,,0.1373604896920508,0.3888888888888889,0,5
0.86175738928519197,0.47826359767049431,0.16922805073522454,-0.5041515617214265,0.84455129009617114,0.18045587053553569,-0.05661629470580791,-0.24082576593912633,0.96891565455080586,-28.970888553248109,16.060991295696997,-0.59174386431722459,,0.331339429162807,0.3076923076923077,0,3
-0.92442069319821085,0.34845641600490007,0.15499841332078426,-0.37213564586807035,-0.91308415827713385,-0.16671047051008456,0.08343526269686484,-0.2117910433619882,0.97374694396970873,-10.741713049812891,9.7815237060849825,-0.92855510585380419,,0.2214176522869135,0.4210526315789473,0,4
-0.97929875851730863,-0.19117154326490635,0.0665385798779312,0.18897837003298187,-0.9812501665901685,-0.037885171590525096,0.072533559309709672,-0.02452654913517565,0.99706435657954617,4.5798658692259542,18.250458938073503,-0.71084214031819315,0.3279699723495293,0.2442786846636473,0.6136363636363636,1,5
-0.46765788963038513,-0.88283061647804739,0.043660060415040149,0.88359204440101924,-0.46824307731360204,-0.0036769034683190658,0.023689604000102542,0.036858149124428585,0.99903967864416665,-3.09585554837129,-24.4048352183441,-1.9832665728202199,,0.09612825523617559,0.5,1,5
-0.90881780671891943,0.39183539409117607,0.14323134478188182,-0.41390082751067114,-0.88988901706552426,-0.19179062097020719,0.052309647070069472,-0.23358630363009036,0.9709279785750522,-10.662153470545123,-23.850041094068892,-2.1247378107340453,,0.5407193463792592,0.5507246376811594,0,2
-0.88056605598910143,-0.47391028584775752,-0.003530156865765488,0.4692951367452779,-0.8709038590929431,-0.14590593834471458,0.06607189771023031,-0.13013650212264599,0.98929216874907733,4.9442107354669691,14.179474028371384,-0.83985384776042304,,0.2716954058664714,0.360655737704918,0,5
0.59110053577098232,0.79641383423069567,0.1277699544385128,-0.80492950145073128,0.5926132731282665,0.029966751683819001,-0.05185223529930709,-0.12055916870219617,0.99135101378689316,-0.84761420536927201,14.289858509918798,-0.74456156511796623,,0.1002828708502435,0.2258064516129032,0,6
-0.99116497214928867,-0.11697392604119485,0.062522784733323566,0.10854691972001354,-0.98627213129097013,-0.12443813425981971,0.076220497266793932,-0.11655206418282384,0.9902555489019621,-6.5736213174046245,14.693285157970474,-0.73469679510669117,,0.1468186296061525,0.1578947368421053,0,3
-0.83248552329761438,0.52070709152388661,0.18929336580195358,-0.54924128601948607,-0.82050582716205878,-0.15844304126331119,0.072813894495204187,-0.23586926978697501,0.9690530554817941,1.0155112036309912,8.911921022499433,-0.9836050811788839,,0.1091703370927371,0.2608695652173913,0,5
0.76969160004442694,0.62735415098667868,0.11832839921520757,-0.63586133485645135,0.76989301206929395,0.054268893497489125,-0.057054392080030242,-0.11701076534513198,0.99149043219676347,16.013364810112154,16.731081719905607,-1.0790711982274857,0.1533053476261039,0.1915963242896013,0.5185185185185185,1,5
-0.95395938833976734,0.2498386365895206,0.16595825097146136,-0.28885905704874165,-0.91425815421962731,-0.2840642050731354,0.080758470511327757,-0.31892425920586515,0.94433330256359249,-7.5605964088817812,-19.946660297501094,-2.0081299941276805,,0.5301714381284293,0.2123287671232877,0,2
0.82946628151879276,-0.55851794713833613,-0.0065871502006016741,0.5569878544443343,0.82619556349490764,0.084648808986477336,-0.041835604751020786,-0.073882295482143645,0.99638907490468065,-15.621099701863926,-18.065314076265,-1.8836238668556966,,0.2444773134611882,0.375,0,6
-0.0058243929042222512,-0.99996649744275345,0.0057515597335621466,0.99994812713630277,-0.0057760326840120765,0.0083893076611702595,-0.0083558054009049889,0.0058001240077010466,0.99994826820070914,-20.225277500078725,-26.007643400592137,-2.046764365019019,,0.1048413419767414,0.1875,0,1
0.66068168293159502,-0.75056121054925629,-0.01255320905228712,0.74835069338824589,0.65723920062341235,0.089486718954433275,-0.058914799023736759,-0.068516438777368335,0.99590890350134942,-17.506366756536462,-28.687487048230913,-2.0822318486187492,,0.1069841248326742,0.3,0,1
-0.35200774897399895,0.92810055104676381,0.12132564365768117,-0.93533164025913185,-0.35367680584181915,-0.0082121702179854261,0.035288346410949356,-0.11637046084045827,0.99257878702466706,-9.5214284449868121,14.306137492997383,-0.71136145960296837,0.3588112256281878,0.2859422844891863,0.8741258741258742,1,5
-0.35529816049696522,-0.93474993624491354,-0.0024028811048042507,0.9347529872677709,-0.35529624508068502,-0.001196254799660878,0.0002644644638033802,-0.0026711274205702506,0.99999639756193703,-13.805277971912401,-25.875442548668325,-2.1213707597727636,,0.1342688153055085,0.2857142857142857,1,4
0.5639370193172949,0.80188480092565528,0.19737224801868045,-0.82461774243241792,0.55967788958319964,0.082257150311441471,-0.044504124631184909,-0.20914450974414447,0.9768715150595263,9.2068091680476236,-23.260870586116535,-2.1894179159081837,,0.3665401601139984,0.4838709677419355,0,5
-0.95414762384610263,0.25193866601702852,0.16164535401426527,-0.28842411822734976,-0.91826781421064185,-0.27128536526983349,0.08008645287196052,-0.30546870535354581,0.94882824057677428,-18.471096480675243,14.72447816278151,-0.66351935287581998,,0.2853073549116014,0.5454545454545454,0,2
-0.48531038130007953,-0.87058350386548888,-0.080982693210706835,0.87401983902650227,-0.48556008577740489,-0.017908771256740452,-0.023730882631257475,-0.079471793091179285,0.99655460428037479,-15.927375075157958,20.442000651117649,-0.40305558886692155,,0.2906437242651407,0.2,0,2
-0.86633844415099204,-0.49902033081033492,-0.020890419430471912,0.49731902774607245,-0.85800815151925691,-0.12843596290840065,0.046168006538492824,-0.12165821535946836,0.9914977528001816,-6.0944432201839414,10.175681326441174,-0.85558303255722945,0.3373819379919067,0.396282256594065,0.492063492063492,1,4
-0.96769967085139952,0.23674792035721851,0.08664738449961859,-0.23954827085351268,-0.97060387322575903,-0.023339820270226044,0.078574633089724122,-0.043342167524091653,0.99596560359739761,4.1879774880261591,-26.665625705325073,-2.1585934752824691,,0.09031323739753404,0.2105263157894737,0,5
-0.99356831010322855,-0.11069213451487629,0.023859264765592098,0.10635020461863127,-0.98456165092507686,-0.13902513983183676,0.038879906586685033,-0.13559353555471235,0.99000138685740391,19.301146275703665,7.6346277076289581,-1.4914905407793675,,0.2065679839095171,0.2105263157894737,0,2
-0.99671343272994617,-0.041939604613725659,0.06930658396234568,0.018961578777829211,-0.95256698802975337,-0.303737702378507,0.078757803079678945,-0.30142528573556454,0.95023155366115597,-19.871806414097996,23.887003652441582,-0.24086220768948582,,0.2595976047229318,0.4615384615384616,0,1
-0.28256740695368704,0.88121681581569977,0.37896251008656284,-0.95875191647795077,-0.2721444521236509,-0.082049739964088361,0.030828934093251062,-0.38651561508166365,0.92176746314931157,5.0344761614882447,15.536268852348032,-0.79224841628687959,,0.408258531842702,0.28,0,1
0.88626641998768863,-0.4598730309605592,-0.055214383971521924,0.46202583258368951,0.8693668923994412,0.17530925938206265,-0.032618443058408463,-0.1808811814282717,0.98296390339501194,-21.042731475593648,-14.049768949468362,-1.8435665151676277,,0.5731409634707656,0.3411764705882353,0,2
-0.18997660103534758,-0.96420837300444684,-0.18496244074723572,0.98176531772885545,-0.18527245314200061,-0.042555599061766577,0.0067640197972032102,-0.18967427747289184,0.98182377059293113,-6.4821936132100042,20.959814381487043,-0.4601434331558974,,0.2429288383219322,0.4,0,2
-0.82934493389554609,-0.55842556661478615,-0.018651197622313456,0.55627683598239164,-0.82210414352902073,-0.12124709869450304,0.052374252941794264,-0.11093089625244229,0.99244711389847795,22.716833260910729,6.0079393071314593,-1.6452929211227114,,0.6198005825568252,0.40625,0,3
0.19853998902718487,-0.97043556753878768,-0.13724679235871337,0.98008697910160103,0.19706465656465535,0.024393329591344354,0.0033743373546334617,-0.13935684550363811,0.99023647855383123,-23.601554397278964,16.395129142906931,-0.58918854402605758,,0.3615301513335709,0.3636363636363636,0,2
0.59405978310101815,-0.79529646376566343,-0.12081601228231792,0.80279652895976394,0.57659572463563036,0.15183907080216982,-0.051095079920919516,-0.18719216077000236,0.98099357171906665,-8.7511733367888596,22.972617721360891,-0.31303999212271655,,0.282089249444469,0.3043478260869565,0,4
0.12196887977050956,-0.99223804087239009,-0.024233501877533301,0.99228471857054423,0.12135480618277227,0.025378106858433995,-0.022240271106784813,-0.027141872854746334,0.99938415490692756,6.7105581249876973,15.205780858607376,-0.84360624711744259,0.8388839339518592,0.4738384687645809,0.1774193548387097,1,4
-0.7640792891717525,-0.64369895493052798,-0.042831008395031171,0.63628772099573583,-0.74100288970741135,-0.21459882002312666,0.1063991351884106,-0.19122335857999118,0.97576270228193607,-16.174750315420795,18.350738628447228,-0.48296980823954694,,0.2661132329969911,0.3076923076923077,0,2
-0.98322804205111602,0.15714401540626316,0.092565521369056936,-0.17004597520440948,-0.97336087709257668,-0.15379521859392206,0.065931658868183918,-0.16695616600643121,0.98375741674018569,-1.1256812095654074,-30.17173939110965,-2.1076627933509755,,0.1647270832881225,0.2222222222222222,0,3
0.63156433448190497,-0.77104711441408058,-0.08131936278738823,0.77292493037202892,0.61789415123426372,0.14420079708476718,-0.06093884983999566,-0.15392584326294118,0.98620144562658696,-7.0377528122122355,-21.746066272363691,-1.9315426245059788,,0.1708051286154785,0.3076923076923077,0,2
-0.78156491248855708,-0.62378686186612364,0.0067998919085820609,0.61752028704461159,-0.775167045967603,-0.13335946135989585,0.088458932025520493,-0.10003000454400808,0.99104440643990899,15.302462635185124,11.784090128527412,-1.2494316013391431,,0.28948789651629,0.3076923076923077,0,4
-0.15403615541202217,0.96257694144020811,0.22297644412246323,-0.98784398160583131,-0.15480423862938583,-0.014139155120263369,0.020907673974453964,-0.22244387946174374,0.974721288194214,8.5432550644646454,-24.151620515651427,-2.2049070320508473,,0.1845686155698587,0.1428571428571428,0,1
-0.62875320601990836,0.74779536347487729,0.2132404752507405,-0.77507707372326973,-0.62477797003548552,-0.094382296787640749,0.062649307324652292,-0.22462097525345501,0.97243019377635909,-5.237471744400426,17.315866308902066,-0.61103695461229857,,0.5131667517684333,0.4210526315789473,0,3
0.64255185853172347,-0.76475138654521191,-0.047774740968473381,0.76524797533618538,0.63729442898840094,0.09083692544454576,-0.03902108841764837,-0.094926959066035446,0.99471916996767384,2.1406557061921663,26.240808035340429,-0.36766633937250515,,0.3186757442999721,0.6521739130434783,0,3
-0.8403640240313891,-0.54201730452967811,-0.0023555687537357597,0.53721829327987114,-0.83233039030958444,-0.1364647453834055,0.072005641995844291,-0.11594551719440288,0.99064212739176871,22.097863000260478,8.017135948098586,-1.5654048341155478,,0.1480819145756923,0.4090909090909091,0,4
0.36391590245640049,-0.92762369791034538,-0.084139711281176172,0.93091677696734343,0.35922401499566531,0.065970155457806975,-0.030970474650491086,-0.10233465749945234,0.99426779469838655,-13.657419055633172,16.832134543777222,-0.55377906803603683,,0.2945620943108939,0.44,0,2
-0.68312584063671777,0.67388327256799796,0.28146122434080073,-0.72778948557501122,-0.66011886390056806,-0.18591812770433058,0.060510747316803032,-0.33184999694992967,0.94138941410209909,-23.28083959912184,12.53855749235403,-0.72595962011948456,,0.7498497967947355,0.2424242424242424,0,1
-0.77207105741891291,0.59695913701557968,0.21805061575161053,-0.63202541483709473,-0.75721357545309809,-0.16483772671792848,0.066709499293882077,-0.26507996884553642,0.9619160321050948,20.657688966857702,6.3724812188159543,-1.5779075410061441,,0.7414920422286686,0.3076923076923077,0,1
0.017412969790999492,0.97089689354630504,0.23886400018670056,-0.99930764002151662,0.0090436241850478539,0.036089520033192851,0.032879006640778384,-0.2393270460347805,0.97038215974871544,13.761811358394073,-27.013933534129077,-2.4547237083443494,,0.1939908465692991,0.1,0,3
-0.97969420836403998,0.16518967448309324,0.11362935158719374,-0.18419118439544388,-0.96539728277268,-0.18461228021485834,0.079201424791224301,-0.20179310657030758,0.97622060849571501,-12.931900914265269,-28.298680614317078,-2.1546867513464742,,0.3991028354230252,0.4285714285714285,0,1
-0.60431381411973928,0.79065255865427264,0.098353167501135833,-0.79573513789223227,-0.60514813166354919,-0.024522011902522955,0.040129844102424109,-0.093082061846357339,0.99484939833863684,-18.452737484192831,-22.514929888668032,-1.9503394699789216,,0.08227718973723652,0.3181818181818182,0,2
0.81680678954674879,0.55468800054303913,0.15858086455779585,-0.57367307065427331,0.81001773886263295,0.1215338254724343,-0.061039958686336007,-0.19024322532335414,0.97983755728290878,-7.3349082544318209,-24.238738756515737,-1.9550518933041565,0.113205209273832,0.1645922845264577,0.3125,1,4
0.45415030345400337,0.8575392648105673,0.24160693529116498,-0.89043027574055134,0.44592596960995778,0.091016227520290954,-0.029688818050621523,-0.2564691773597203,0.96609633844000586,18.143470877460146,10.295248713144851,-1.3400500694407,,0.1729709719332193,0.25,0,2
-0.99375625497769848,-0.093984818955001881,0.060127859588504494,0.079790283731100989,-0.97533485222343119,-0.20580436501786836,0.077987283032618704,-0.19972175606150958,0.97674418546561992,-8.5244712079061777,-38.709010667378742,-2.1976163839256371,,0.3350900318646376,0.3636363636363636,0,1
-0.96809686381942539,0.21342560432626509,0.13129346396893507,-0.22825254582791413,-0.96729631040851072,-0.11062831099297589,0.10338876914863374,-0.13706698832341488,0.98515146202291148,-13.107837653331764,-21.677856407785438,-2.0143809619063173,,0.6612312335342573,0.2608695652173913,0,3
-0.91444336154457251,-0.40468412890958994,0.0049085981451935934,0.39841323317209093,-0.90227271790928187,-0.16483579147127358,0.071135322874263357,-0.14877734479848237,0.98630880940722143,12.105990138848687,10.138909214807963,-1.2375620603563546,,0.1114286111196039,0.25,0,3
-0.90706092961198526,-0.41974383337862947,-0.032489757032877271,0.41726266163905257,-0.8860696259419033,-0.20192198786925092,0.055967322370607586,-0.19671230852132715,0.9788625677299525,5.4727815677418921,-23.717782340037392,-2.0844129787104224,0.9662785532603366,0.4444769395939489,0.2222222222222222,1,5
-0.049994223861738046,0.97037586712934065,0.23637100937602892,-0.9986679350025115,-0.051594686925810561,0.00058641184132961113,0.012764528126119213,-0.23602683062314747,0.97166269973057517,-8.9158497596544848,-25.575699788322975,-1.9939796240542451,,0.3007857135258483,0.1666666666666667,0,1
-0.6593569609055917,0.73287538832039079,0.16775596352910949,-0.74984872153412008,-0.65722826293751013,-0.076012533241504032,0.054546245691060972,-0.17591098769088043,0.98289370304760382,14.369138166947657,28.906394521771475,-0.60394432803282916,,0.6687386335613636,0.5,0,3
0.4930405622442216,-0.85496309534498538,-0.16108727317831251,0.86875195099974389,0.47387770017854436,0.14390959977580739,-0.04670173033241054,-0.21089815284069266,0.97639178484476385,11.598547612856306,8.5130050210259611,-1.2632890575508118,,0.1250118544279145,0.1666666666666667,0,1
