axis_00,axis_01,axis_02,axis_10,axis_11,axis_12,axis_20,axis_21,axis_22,location_x,location_y,location_z,dbh,dbh_approximation,score,reconstructed,number_clusters
0.12374357845849442,-0.96007559042447754,-0.25088321478603909,0.99220848182478283,0.11601968918320696,0.045406610937093209,-0.014486386203844284,-0.25454723018120512,0.96695183552327468,15.393714037335195,10.760615674222647,-6.1096486666947332,,0.1475804625696932,0.375,0,5
-0.90772419013595906,0.41004038090261685,-0.088902647155499906,-0.4102283850168541,-0.91182451218565785,-0.016992089449272944,-0.088031055704688541,0.021046258732264914,0.99589537011921769,4.0620294008572388,19.282615927574117,-8.2300274122690045,,0.4364369935768648,0.8985507246376812,1,5
0.27548524934210511,0.94552928542858605,0.17344234716996221,-0.95985224764760768,0.26063827013078816,0.103688740126718,0.05283502702520345,-0.19504374519614245,0.97937040867033953,-22.854179716996217,10.523484080194219,-13.364807311034058,,0.3483764356628579,0.25,0,1
-0.016154065928951425,0.99906991038284743,0.039979498765895599,-0.99986456964614379,-0.016266819975729162,0.0024965845085647325,0.0031446017703796935,-0.039933754337482225,0.9991973812736995,21.301696881620895,6.9351136794053501,-5.0718938686661907,,0.426667588487607,0.1304347826086956,0,3
-0.92517468064665687,0.3728866468051612,-0.070762694442479179,-0.36332976320803101,-0.92403598956501498,-0.11894945630728813,-0.10974194028516475,-0.084338832236440495,0.99037551863898621,1.4208993985252538,9.1772478321651239,-8.6920231143502225,,0.09885161591625793,0.375,0,5
-0.54866122150205165,-0.82741844729690039,-0.11978972031298499,0.83285613385169954,-0.55343111562182501,0.0080411794646080524,-0.072948778779883428,-0.095355719987680068,0.99276672100758623,-0.81669365106492198,12.494495233620933,-9.1475718768687742,,0.07198663236255524,0.3870967741935484,0,4
-0.2413639324302301,0.96771362040913611,-0.072620940481779556,-0.97042549811232026,-0.24101026914970347,0.013725989138969876,-0.0042195657680492542,0.073786171055492539,0.99726515843365293,-18.275059922699533,-28.075473325524257,-13.327697983353843,,0.4175040919111296,0.8135593220338984,0,2
-0.99540324198197694,-0.0116053591560918,-0.095066826446608424,0.024731730591622102,-0.99011133448526933,-0.13808651934835695,-0.092524198746678624,-0.13980293617323941,0.98584705288580521,11.70536623509876,10.504703555280953,-6.8364702355097204,,0.5723249467254837,0.4,0,3
-0.57213901461909999,0.81980177273743238,-0.024124704500750764,-0.81907816938395339,-0.57264740472000097,-0.034436932297736277,-0.042046407567315015,5.7306288072338231e-05,0.9991156571321822,-24.223364379786211,13.691089872703952,-13.373255547384403,,0.1535802953968627,0.5806451612903226,0,1
0.48942771828176185,0.86068509238291391,0.14029141216526303,-0.86892054898317184,0.46771887299325349,0.16191397531005322,0.073740003609249177,-0.20114727837019367,0.97678154378139848,5.5842682052993426,-22.368664421927779,-8.1688843388739425,,0.7542646540761473,0.2794117647058824,0,1
-0.67964065547722041,0.72370959530708401,0.11972051237341064,-0.73329117060078108,-0.66600063438130852,-0.13684741182292071,-0.019303847840041053,-0.18079705933491436,0.98333096401690567,-9.3223081110588044,10.769455903026422,-10.740052011422883,,0.2894998518607765,0.22,0,2
-0.56796459135123056,0.81961803290728819,0.075116596730803981,-0.82200478423178114,-0.56026929080955001,-0.10201204083748175,-0.041525385865680199,-0.11968542897509547,0.99194306309372149,0.60310294903377193,-29.414226849107731,-9.0599427782545288,,0.3950795692224006,0.125,0,1
0.23335547155514583,-0.95189116554320319,-0.19861629554514781,0.97239035105588634,0.22874912562709981,0.046161051745461951,0.0014930065925583031,-0.20390450334810978,0.97898964470809113,-13.699264195785881,10.080250465768298,-11.606490318783903,,0.1566187378193151,0.2380952380952381,0,2
0.85291231930522293,-0.50183648681190796,-0.14387743423368227,0.52128998567860951,0.83358786648358696,0.18272388919497315,0.028236968827774128,-0.23084932175690648,0.97257969557039159,-8.8036497341071325,13.394708638139518,-10.629139566485689,,0.4362843038059418,0.2142857142857143,0,2
-0.9817342566973285,-0.15130891704482743,-0.11534062965697504,0.15631126073965312,-0.98706669686790627,-0.035582660106620735,-0.10846492056386782,-0.052961755607274119,0.99268847754472844,9.8941209808623594,7.3872204287817258,-7.1373680591231006,,0.133285408756169,0.5,1,5
0.78292324336663544,-0.57940705166002449,-0.22653622995650641,0.61831074421529297,0.76493472473005453,0.18046243512179444,0.068724221233857186,-0.28135801994753035,0.95713878096491634,-1.5747977233070312,-28.571311759163677,-9.5524553982202924,,0.1896171784497115,0.21875,0,2
-0.77829709344616194,-0.61458022736993267,-0.12862650760701977,0.62048629169852398,-0.78418020329381599,-0.0076269637657601858,-0.096178979758943225,-0.085747028449922019,0.99166377919360216,0.39592516087188057,9.2360177177943292,-8.9156988106678163,,0.1047453152594592,0.3090909090909091,0,2
-0.86524079927816377,0.49746134165915989,-0.062374456463801353,-0.49457286802091138,-0.86729891883589438,-0.05648241853586454,-0.082195118359036826,-0.018022179134587389,0.99645329222055667,-0.68355163044152178,17.000256576359089,-9.0926898636666991,,0.08606017620686073,0.5,0,5
-0.14914619582317487,0.98658981048147198,-0.066302022032571128,-0.98879069815287535,-0.14833525944194659,0.017017815742305847,0.0069546759682830618,0.068096965133718046,0.99765446714869799,8.5389291338042081,11.862346990775706,-7.4032474155128103,,0.5660668764645642,0.8695652173913043,1,5
0.47785528508257363,0.87671624678537996,0.054981352668069229,-0.87503284183471342,0.46956320488286313,0.11759218652104905,0.077277760250406932,-0.10430253708655614,0.9915387680408615,-13.651118543901982,14.351629273486797,-11.559466105021574,,0.1922479331437034,0.2222222222222222,0,3
-0.5500515391085804,0.83511060118165192,-0.0057955257140947011,-0.83282300043618518,-0.54903392228395809,-0.070481218249710556,-0.062041552759037881,-0.033941655462183598,0.99749627054728107,-3.0540456790141288,17.877122924306541,-9.5424736599593114,,0.268654095573203,0.1666666666666667,0,4
0.9652739893218395,-0.22531914447625526,-0.13220215078125058,0.2420117074494183,0.96182542330028908,0.12775832086653385,0.098368994079014754,-0.15531625229095469,0.98295493425597802,-11.915338041943784,-25.613346929589991,-11.785092378221879,,0.4905984202650118,0.6666666666666666,0,1
-0.60052066247371605,-0.76280883383936327,-0.2397866071296732,0.79710780188348096,-0.594792365486285,-0.10412105519881848,-0.063198782572254128,-0.25366262037568843,0.96522597815512834,4.03117398272739,-28.135120184040787,-8.3872525125989696,,0.613407537982536,0.2727272727272727,0,5
-0.51981737715800114,-0.83060397919012741,-0.19971711032884285,0.85098003226214314,-0.52398248833443695,-0.035711855314083003,-0.074985859304930957,-0.1885189159537532,0.97920260377100876,-0.53103915535498813,-12.98013098941083,-9.3094836888192791,,0.103843459154777,0.1764705882352941,0,3
-0.9316250855861381,0.36313998251143553,-0.014284712395238637,-0.35359604751555818,-0.91481662814760745,-0.19514192795505794,-0.083931728732318189,-0.17674809748972195,0.98067098200454972,-12.985096124249477,12.265675568344681,-11.48121471385879,,0.4008824852738901,0.25,1,2
0.24050982135817026,0.96766045430535508,-0.076080687456248061,-0.96949052974367866,0.24330882768425272,0.029814880651045934,0.04736178383024283,0.066588734366023014,0.99665580913771268,-2.4206665958025755,10.695434849989002,-9.4465621406878189,,0.07425317669003841,0.2195121951219512,0,5
0.24424896888371211,-0.9409980676628642,-0.23423295637889832,0.96959918473664031,0.2332952271265353,0.073829248662172914,-0.014827749569170899,-0.24514480140262779,0.96937307791581462,4.8769016668517828,15.125593899427773,-8.0767829003068208,,0.3784706018513783,0.3448275862068966,0,4
0.49524973354364804,0.86853564688364804,-0.019326963479762649,-0.86307725207461794,0.49443204664701235,0.10312423672334377,0.099122945760663009,-0.034391588228068044,0.99448069879856338,14.244703342026286,16.905621664720698,-6.1912958014502868,,0.5391473788760652,0.1818181818181818,1,4
0.33400711923594917,0.93946242373611033,-0.076482669197510206,-0.94074145581352109,0.33731231027236308,0.035013121148769713,0.05869205749979834,0.060255785835009887,0.99645596122450186,6.8315181666241935,-6.8073518091265557,-7.8083788034311725,,0.1034623673114148,0.21875,0,1
0.22175484492371103,-0.93644118607297855,-0.27185049894950847,0.97483760841549383,0.21940208709412856,0.039425390264437636,0.022725007626482302,-0.27375286154664441,0.96153156205264667,14.473026628054674,14.333018656099298,-6.3068043684802433,,0.475522692155247,0.4054054054054054,0,3
0.33067699718731841,-0.87885327107921973,-0.34390354962479364,0.94367405168295904,0.30348084472253678,0.13182814975096363,-0.011489460885744434,-0.36812539276698963,0.92970516159086891,14.7217387083008,-23.939925781188858,-6.3459155972791752,,0.5284984695219026,0.1111111111111111,0,4
-0.53952646225120815,-0.82924051575829327,-0.14584705535463019,0.8388521321163579,-0.54429375174857786,-0.0084505769802310816,-0.072376080126912226,-0.12690342324924955,0.98927105698745943,-25.28766994737558,14.455811225907166,-13.655544035358904,,0.567597617186687,0.8103448275862069,1,2
0.24042598342114868,-0.87829208242819901,-0.41327758763319355,0.97066401144265324,0.21868196927941908,0.099947852413807339,0.0025929492919252841,-0.42518374175879969,0.90510334346855448,-1.0776022463820465,-27.010877510157989,-9.530336675457896,,0.3828180488219372,0.2272727272727273,0,1
0.88645459728297415,0.45411037369731916,-0.089342125877784492,-0.45004940850282049,0.89081640479279234,0.062463292086679771,0.10795266028284005,-0.015162501525985042,0.99404040244113445,-18.706630499213958,-27.228729799344947,-13.425642020670743,,0.2425067330139157,0.7560975609756098,0,2
-0.98719359202809098,-0.12054963310867058,-0.10448252397430036,0.13562780993585388,-0.97905281783928699,-0.1518574234371031,-0.083987552831828877,-0.16408341122220918,0.98286455075508949,9.4349193512034244,10.22986195728306,-7.2173448263884206,,0.2266746414359572,0.12,1,5
-0.03250014343250187,0.99370409696174489,0.10721897387268152,-0.99946748591716894,-0.032625111828797369,-0.00058878907378895546,0.0029129488978947415,-0.1071810139884971,0.99423525634988241,12.442230442496324,-23.623950540325076,-6.718405929297985,,0.335196092484319,0.2857142857142857,0,4
-0.50765726766737962,0.86118859545805193,0.025264632146117801,-0.86081462102639372,-0.50578165443620338,-0.056419023945504798,-0.035809032543157912,-0.050389692286866967,0.99808746715884489,-20.448673198694681,15.989101929751998,-12.714422692214235,,0.5100459860670192,0.8375,0,2
-0.17782578104477753,0.96796412985493618,0.17726656455742659,-0.98367862792471783,-0.17987634592499607,-0.0045669618803475124,0.02746540660467605,-0.17518545456415216,0.98415227884163936,4.170630584000615,10.605267412759623,-8.1890984515039804,,0.2763621777411181,0.2558139534883721,0,2
-0.91885070931921897,0.38901147297664257,-0.066207611919716081,-0.38421989907336096,-0.92022491194555911,-0.074573323587227819,-0.089935772302377773,-0.043083469304734293,0.99501526195985723,-21.125329854072909,-25.770532675403761,-14.164127029849569,,0.2176348535430903,0.125,0,1
0.17035203300432694,0.98422449849714633,-0.047773647645257135,-0.98451167720413713,0.17203991565187005,0.0337494425316072,0.04143600246150158,0.041284427821369638,0.99828786115001533,-14.388879831147426,17.797665319898023,-11.55757807846758,,0.110821202653228,0.3846153846153846,0,3
0.87911637950299903,-0.4341992883960748,-0.19653337946995408,0.46870911353476441,0.86238087273992425,0.19134000423795777,0.086406933628002558,-0.26032711785111562,0.9616463141573085,-5.7500519900653302,14.658693121199319,-10.049748729421772,,0.2034769779014744,0.1904761904761905,0,4
0.30781438439369713,0.95031898803119563,-0.046304705459536903,-0.94962949915494133,0.30986876145098641,0.046745748593511473,0.058771754228245938,0.029583300427722892,0.99783300669036723,-2.3118652792454935,14.155402252992413,-9.3864582424845544,,0.09413888002172217,0.125,0,4
0.9906611521397205,-0.092575852353907515,-0.1001009150914733,0.11291472116955062,0.96854653603207608,0.22173829909032458,0.076424782527694982,-0.23097038576669335,0.96995460384204579,19.110861400059964,11.886912970379479,-5.4285389989845765,,0.229785085180151,0.2,0,2
-0.22023570085396002,0.97008263701251241,0.10215631863089569,-0.97528139094197308,-0.22091539997137852,-0.0047533712014045408,0.01795674112019004,-0.10067801856581152,0.9947570014963486,-11.397620756523425,12.600641721592543,-11.10993759715152,,0.4153256530720473,0.2105263157894737,0,3
0.73422210433460622,-0.61080881168983148,-0.2963621046431526,0.67598130836274295,0.69822282277710979,0.23565687025283066,0.062985492382430924,-0.37335972642375487,0.92554596991944271,-2.0124445199020227,-30.944831214314203,-9.5779708997354707,,0.7966627330883175,0.2,0,1
-0.4816718154746778,-0.86295625612437776,-0.15263932059966293,0.87328386041829997,-0.48721008111191411,-0.0012790605281691638,-0.073263642485483935,-0.13391354255160537,0.98828113500715964,5.4650721927264172,9.8481612555188356,-7.899361828074853,,0.1102786954029038,0.3157894736842105,0,5
-0.34184916483139022,0.93781508698192662,-0.060349077318232795,-0.93953989583049036,-0.34243892532328957,0.00060544715826690984,-0.020098075701714707,0.056907337422441792,0.99817714975878691,15.757991100509217,8.1176625861867642,-6.0969874193342326,,0.09470882320613305,0.25,0,5
0.90434903775370967,-0.40016854857365658,-0.14838446902015706,0.41771436860176664,0.90122516173320733,0.11535993291686282,0.087564400172491744,-0.16630796911576062,0.98217826041458689,-13.75478638114015,-26.020517498516355,-12.265555673887148,,0.09127184399729837,0.3076923076923077,0,1
-0.80962021204277412,0.58116509564165408,-0.082232863623013616,-0.58193239751683923,-0.81306395604949167,-0.016783566172135642,-0.07661460025424302,0.034265653079697221,0.99647180996097684,6.8249631695755086,8.8049581507990187,-7.6786582690996941,,0.08197183061195659,0.2727272727272727,0,5
0.7420423339491824,-0.62866719305476482,-0.23270310484368695,0.66595229134481526,0.73104103234868256,0.14861545907193366,0.07668585449637487,-0.26524812798437314,0.96112575156477065,-4.4166969423792892,-29.071364234814506,-10.132312244997976,,0.7929129887038497,0.5333333333333333,0,2
0.29920993929669226,0.94586839785547105,0.12572345113141742,-0.95332778057739331,0.29074286634258273,0.081453842452523531,0.040491418911310507,-0.14422745788934638,0.98871577583516146,5.0192037038166841,-24.79562632792106,-8.2167241617217481,,0.2190734221548204,0.2121212121212121,0,4
-0.47815504396584935,0.8758366974076468,-0.065405148146625888,-0.87810894235177561,-0.47818693562720205,0.016184559225126786,-0.017100856465744704,0.06517157409125332,0.99772753126222058,13.355902800675368,10.840842969288847,-6.5020779464489955,,0.1685040130880493,0.2352941176470588,1,4
-0.70824248024190994,-0.6623205974575912,-0.24438497368742931,0.69970391180514446,-0.7045732957664026,-0.11828316320358546,-0.093845751024565313,-0.25477028295365789,0.96243705141601155,-8.9632863023590783,-35.626538627112083,-10.980002052963496,,0.456854356714266,0.3529411764705883,0,3
-0.69381123132870226,-0.70331812377625302,-0.15482116150579281,0.7143401182621204,-0.69938440261964885,-0.024075980013661336,-0.091346432461326246,-0.12729915215825038,0.98764910526784766,5.4448589331224433,12.365199021051517,-7.9487189022586673,,0.1607595303664827,0.4318181818181818,1,6
-0.99386004686581397,0.027134097275635951,-0.10726578209718199,-0.0053699153099519411,-0.9801497965210697,-0.19818562104570348,-0.11051412241631273,-0.19639276245509538,0.97427743051032956,-16.003519493800429,7.6992200380934843,-12.152966329976513,,0.1600121588082334,0.1558441558441558,0,2
-0.99177494340271932,-0.063025843515624819,-0.11140109823371425,0.07058281598420682,-0.99536993304644039,-0.065243869251178893,-0.10677325379641343,-0.072570237951031097,0.99163150052701421,-15.267268454178403,11.571959322277619,-11.8782292710278,,0.2153043794711621,0.8256880733944955,1,3
-0.80801129378127123,0.58628470837646951,-0.05820644161804743,-0.58616550851229854,-0.80992176852265618,-0.020897978458513693,-0.059394829340907132,0.01723280583805744,0.99808581026408416,0.7563859349968699,12.86797772322392,-8.8825804599578184,,0.129845660480204,0.3720930232558139,1,5
-0.15227445059205899,-0.97055336514211754,-0.18665116422942088,0.98592347306425676,-0.16236246435747773,0.039916605926364195,-0.069046339206365645,-0.17794548485162079,0.98161499961192578,-3.3634804480312468,-29.387599465558559,-9.8970178178052972,,0.3704402868166986,0.6666666666666666,1,5
-0.29080969503953341,0.95291026768149689,-0.085975246543366607,-0.95669269437731363,-0.29082676655527506,0.01260477608212705,-0.012992682405514879,0.08591748135381222,0.99621753477929076,10.064946229019995,9.5338984893937457,-7.0660859103994342,,0.1267942531186082,0.5365853658536586,1,5
0.99411333467202589,-0.0090012144706844259,-0.10797062547433164,0.017767737218430359,0.99659553342358287,0.080508696886125761,0.10687836704124208,-0.081953162832303292,0.99088884026432567,5.4728960212811142,-6.5085699035430666,-8.0231254605456073,,0.170717144634465,0.3150684931506849,0,1
-0.4093170640536864,0.91238515704951473,0.0035869583498305876,-0.91213459678942133,-0.40910491651040481,-0.025370152282064923,-0.021679908078008125,-0.013656225054812947,0.9996716906579789,-20.136873659003555,11.37547910209215,-12.632245472078703,,0.08545053465429266,0.3333333333333333,0,2
0.91107180311453639,0.4117140678346507,0.020968927408735859,-0.39779255379746314,0.8646364542650119,0.30686297609734642,0.10820930511245593,-0.28791548812641693,0.95152268390407113,11.624435893747465,-24.47872791856204,-6.8447550856966899,,0.4720161332778815,0.2380952380952381,0,2
-0.90199607928524517,-0.39911119106632725,-0.16466125870909934,0.41816595588542532,-0.90249181092377762,-0.10317831435893139,-0.10742581762535462,-0.16192216766440437,0.98093878775710863,-25.429490306636215,12.034565565162673,-13.733761402314425,,0.3557534432885225,0.1666666666666667,0,1
0.39237602514870062,0.91654562753237767,-0.077363864560833995,-0.91823494134915262,0.39523042779406103,0.025248790688719127,0.053718221992405953,0.061131183507310075,0.99668316481666863,-8.181392724268024,15.163000409574448,-10.535857025768914,,0.09857020821226747,0.35,0,2
0.66096046876192505,-0.73580778461767982,-0.14737083439418583,0.74841387904356527,0.66070917000781793,0.057793237688712105,0.054844547486327881,-0.14849342330084001,0.98739140103983969,10.306018863542835,16.759935997024876,-7.1085804147126481,,0.129842668263518,0.7777777777777778,1,5
-0.97911551759007254,-0.16564887042419929,-0.11786965233473738,0.16986132317717836,-0.98510978278119365,-0.02656777667190607,-0.11171362541258434,-0.046034417515343241,0.9926736111639114,-11.720426606105343,11.090023288792077,-11.229968064349036,,0.09094808538579395,0.2380952380952381,0,2
0.7014804314611488,0.7126880400220531,0.00098075817920953282,-0.7075389655745683,0.69624587850383302,0.1209557309931901,0.085520854010887784,-0.085542002992398336,0.99265741787048456,-4.7533996610802038,-25.570353561075869,-10.232918034648479,,0.1353456082913426,0.2727272727272727,0,5
0.82937255787325792,-0.52176823287104668,-0.19974751916706307,0.5536858363889805,0.81538113626007191,0.16907275715936798,0.074653565413891287,-0.25082167728858829,0.96515041904002441,-9.4000084113930384,-26.112300790884419,-11.226296358849277,,0.2712692868827961,0.1111111111111111,0,4
-0.39408042644886637,0.90394223994940959,0.16609950127897508,-0.91864889753216716,-0.38190258689423306,-0.10116628483060569,-0.028014648896855145,-0.19245477639886555,0.98090587646748706,3.701772625729161,7.9822039170247443,-8.2939689036009252,,0.4459853990631357,0.2337662337662338,0,3
-0.27715778543965591,-0.94077800332388839,-0.19524423277552808,0.95985618297411091,-0.2802220406924032,-0.012317301512748065,-0.043123891018279618,-0.19082022002949292,0.98067730352616,6.5785025144403262,13.883609908290399,-7.7457707230684392,,0.1322883094864712,0.4074074074074074,1,5
-0.70969617844916266,0.70450286454888367,0.0026548327766820583,-0.70137983218440936,-0.70618537843724039,-0.096791230421053712,-0.066314895005754562,-0.070554412504600997,0.99530116526431667,10.076043520010129,11.969025332404744,-7.1061451820343899,,0.3363886073144054,0.2941176470588235,0,4
-0.5820918810733835,-0.76334606363901603,-0.28012823691172045,0.80898189492493555,-0.57839997793592834,-0.10488927117383316,-0.081959353780458821,-0.28767386508081771,0.95421507621570967,12.18304787482332,12.157389938680819,-6.7354903176453984,,0.1723624635193842,0.3,0,4
0.88141789779696911,-0.42863230461753465,-0.198435976782012,0.46349970572824073,0.86578309530312458,0.18864690476436011,0.090942356649717171,-0.25825177506766606,0.96178766286607864,11.523662319001859,-25.726436509321086,-6.8740606925324697,,0.4892224786275335,0.59375,0,4
-0.91860490423102381,0.38752942983104888,-0.077369056718656765,-0.38463520833393189,-0.92171632128646264,-0.049947768559410438,-0.090668552611285494,-0.016123401904490207,0.99575059602211724,14.203582932382721,15.29174649651975,-6.3482326336809356,,0.1189207137828579,0.1428571428571428,0,5
-0.78027917454700024,0.62424559935095703,0.038494693909919497,-0.62133245139272586,-0.76666067007181748,-0.16179431946560949,-0.071487024099201241,-0.15016274057168214,0.98607340331713811,-5.5873194572599703,18.693998490071504,-10.010127017697002,,0.2139572155946419,0.5,1,5
0.99404497287129934,-0.017945974164682785,-0.10748271451996438,0.0331325143382128,0.98942319654997202,0.14122313770223757,0.10381150419355144,-0.14394332266596305,0.98412574981907486,4.6297494512598325,-26.307506573084297,-8.2746288923547144,,0.09951399694874818,0.1333333333333333,0,5
-0.98509616257043442,0.15546892324124112,-0.073586441653433629,-0.14355323226050409,-0.97878640531012606,-0.14618359103416798,-0.094752414199147622,-0.13344132300862505,0.98651679829445471,-10.626666723139703,16.162903644554827,-11.012568121398335,,0.7403792274195458,0.9803921568627451,1,4
-0.97541001186820853,-0.18274780201530569,-0.12320125651077947,0.19112591674444915,-0.97973516721119058,-0.059915658039058281,-0.10975514883527883,-0.081989285813660107,0.99057133227037752,-9.9486875945687476,8.0438862876629855,-10.876554460340296,,0.08861880768694828,0.4673913043478261,0,2
-0.90856250597622434,0.41268074962613066,-0.06487504622133812,-0.40847830848436018,-0.91015666321409572,-0.068995071597482902,-0.087519393462031067,-0.036186286007281139,0.99550535331209533,2.0955650533910521,10.962581139220669,-8.6115300570408575,,0.5129638731774747,0.8784313725490196,1,5
-0.5841360705206754,-0.78188385434019703,-0.2178134280497516,0.80675733647351966,-0.58875203140364496,-0.050136269947374003,-0.089037358242589501,-0.20500898477920687,0.97470183389433596,6.70270150422615,15.379785039211324,-7.6886219998256156,,0.1750616727773185,0.2916666666666667,1,5
-0.96399161170391146,-0.21755825012532617,-0.15293325461423354,0.23602902762923333,-0.96490131320157757,-0.11513363495638454,-0.12251722605778609,-0.14708454570170632,0.98150683427820729,7.5676361623533648,-25.618606883937716,-7.6890061532191645,,0.3857915643367036,0.3295454545454545,0,4
-0.99248814758101034,0.079372946226237293,-0.093097864199902264,-0.064438308493683621,-0.98601501382868473,-0.15369481742366403,-0.10399510233510752,-0.1465412157441974,0.98372287295687322,16.916130590897811,8.0968364350577797,-5.8434185294621281,,0.2331880639814866,0.5714285714285714,0,5
-0.99411314430082987,0.02772794326769374,-0.10473880603893426,-0.017780330728144354,-0.9953430706089017,-0.09474192118614197,-0.10687804343042473,-0.09232189855601379,0.98997664158276866,-24.671153964089129,15.203307786459115,-13.474064007126506,,0.1145714501567493,0.1578947368421053,0,1
-0.55684589843943055,0.83039613515679866,-0.019102463397041275,-0.82957627220548757,-0.55715213432445065,-0.037211662303048128,-0.041543398811727354,-0.0048742111527061869,0.99912481106256623,-2.1072046566722409,11.778301237197713,-9.3746209516672856,,0.1745174392009126,0.4418604651162791,0,6
-0.90187776508498319,0.43185795215669398,-0.010733405999163448,-0.42450538370464974,-0.89058108224089461,-0.16328048003483348,-0.080072942065871094,-0.14270264578368599,0.98652130176456487,-16.160153020267352,13.375732335404939,-12.003765902198337,,0.3736521973684454,0.8518518518518519,1,3
-0.69256531357996798,-0.70132082687546682,-0.16882649145377837,0.71574488719747242,-0.69722631254011103,-0.03980861153566511,-0.089791663736445579,-0.14840676161291064,0.98484155590176536,5.6370122439849659,26.706617335538397,-8.022635321789819,,0.3677806154664008,0.3783783783783784,1,5
0.85958733723313596,-0.49567654280833412,-0.12415463977647417,0.50458541664264589,0.86172426659070345,0.053149277326063546,0.080642215867470626,-0.10833306641230626,0.99083842262080846,-14.820048959800003,-26.074539019470521,-12.513647057149816,,0.09083336072620318,0.3157894736842105,0,1
-0.67549318550341586,0.73699110513628063,0.023517382687080857,-0.73684603140156835,-0.67347542579013109,-0.059065868863153181,-0.027692640650638724,-0.057227282014825798,0.99797703172316976,-18.113094253442881,14.338560439805578,-12.270378917485678,,0.2279887898410644,0.5645161290322581,1,3
-0.67662363896466771,0.7363102748074889,-0.0052564633671985184,-0.73183600764613654,-0.67326521240856629,-0.10549887048216199,-0.081218896242035113,-0.067536160487313854,0.99440552991214648,11.064389593179252,-29.689802345562146,-6.9313462825695042,,0.370151254466716,0.7272727272727273,0,5
-0.48357077187708319,0.87293019488371637,-0.064437438236478781,-0.8747509394152666,-0.48457278707670975,8.9536691468307056e-05,-0.031146469756801184,0.056410006957877727,0.99792174469579598,-24.036239271126099,-2.5950698168843442,-14.174973674934007,,0.4198114605091524,0.2105263157894737,0,1
-0.68594182058509712,0.7262204237407538,0.045691519062110185,-0.72545304751165351,-0.67763240233056721,-0.12054958800327591,-0.056583519053321644,-0.11583705561479501,0.99165522331001599,13.010194082133578,8.6065117259535704,-6.6152813253004235,,0.07217389671908087,0.2727272727272727,0,1
-0.041248282573359128,0.99886501247633352,-0.023817347362865521,-0.99897772342135349,-0.040788228757633271,0.019489189380420813,0.018495601980991112,0.02459689503718035,0.99952634055431044,8.338478076551846,21.97573758428744,-7.4609631292729182,,0.6417338462980698,0.6949152542372882,1,5
0.81365431219313156,-0.51427590378193921,-0.27108477463478453,0.57662638376974851,0.77324790569524782,0.26379857823448616,0.073950482014284377,-0.37095548402359985,0.92570154752094491,-7.9732922107344555,13.406009066491052,-10.498527091574486,,0.3032565626918373,0.2727272727272727,0,1
0.98608581210047164,-0.1005770379714071,-0.13235947494249165,0.13024134371386351,0.96220967308908156,0.23914375885941505,0.10330519619922902,-0.25305494353341712,0.96192059547113251,-3.3718909355316478,-23.619216591472856,-9.9637623569577514,,0.5683517708383751,0.2173913043478261,1,1
-0.81525157504948131,-0.54727388883043571,-0.18935722849617112,0.57001190994134643,-0.81606091341526277,-0.095556308639799969,-0.10223156021678344,-0.18583830660081374,0.97724757963137643,7.2300391892007854,11.679077320300546,-7.6033781383778241,,0.2265515337803827,0.4888888888888889,1,5
0.93471361029021827,-0.32695016833875568,-0.1393343251373716,0.33892942342810878,0.93800310929162944,0.072643051243232323,0.1069453723772897,-0.11512495117261297,0.9875773047942058,9.3514755441327306,16.180909968353834,-7.2527303609516203,,0.113528415945367,0.36,1,5
-0.12876188743023353,0.98838532537858992,-0.080714465380516062,-0.99165137942340276,-0.12776340202153144,0.017437166958735005,0.0069222852488262472,0.082285853463054143,0.99658472810232768,17.270066682214672,9.557270333364281,-5.8150374140321652,,0.08032904740865836,0.4666666666666667,0,4
0.88562278525740989,0.46411426112401472,0.016438821558078354,-0.45203503405237999,0.85337686129619772,0.25963871166202263,0.10647351887756952,-0.2373728822455527,0.96556589860675335,-15.617048677929059,-31.210138913107563,-12.664550610844147,,0.5198941403158196,0.4210526315789473,0,1
-0.98909203620853325,-0.087693480352576916,-0.11835031648674023,0.098916395888651629,-0.99078344999160006,-0.092540271488382994,-0.10914435639674155,-0.10323763231688467,0.98865034301331534,-16.006125396702853,-28.92970609046392,-12.705595129274476,,0.8641224916809265,0.9,0,1
0.94603756230285718,0.31152575148771483,-0.089244814258775479,-0.30098208420009304,0.94675745534813449,0.11428081962120459,0.12009461146378292,-0.08125285781276044,0.98943178511437724,-8.5565688279842167,-25.186349050275723,-10.987985355713711,,0.1750953887437324,0.3548387096774194,0,4
0.86641788709468759,0.49894436528490588,-0.019353688868528424,-0.48100666456374375,0.84441506317547754,0.23578759451594633,0.13398743809641062,-0.19498133611398988,0.97161187981599106,12.306575745920432,7.0614740578912718,-6.6923424736092318,,0.7787274283218931,0.4121621621621622,1,2
0.62889799930850276,0.77735429501572995,-0.014408556012320448,-0.77610274741192053,0.62877552565934425,0.04801941056993652,0.046387842431302805,-0.019016791328006172,0.99874247417547812,28.475960987075247,5.5257094482845455,-3.5402787472140318,,0.5058556566126914,0.5,0,3
0.91478892197511708,0.40207297532029379,-0.038711119186735976,-0.38919603872352443,0.90300850641765784,0.1819397723953389,0.10810953553466142,-0.15137027401189837,0.98254738739260949,-2.3617577539698846,-26.335812649144216,-9.7803375355410154,,0.1418528119253264,0.4545454545454545,0,1
0.60840512509248446,0.79303859662160414,-0.030544852751916561,-0.78883941623750864,0.60850811087857171,0.086314856108666307,0.087037803001145303,-0.028419417014250378,0.99579955693166755,-3.8568132284711689,-25.148419302252062,-10.047833580426987,,0.1483150062241143,0.3714285714285714,0,2
0.51722890645478325,0.85336700565284362,0.065107695326205042,-0.85243523152034018,0.50688805769502865,0.12813536993752586,0.076344183736906032,-0.12177541061011481,0.98961725681208901,-18.683942166548022,-25.936452780341352,-13.458839397871605,,0.5307862442089164,0.5652173913043478,0,1
-0.077484759368740372,0.99533327312435693,0.057513367812384732,-0.99687107784087836,-0.078250346604775062,0.011177540901201719,0.015625819336401524,-0.056467323894326911,0.99828216206755849,-18.871676450506161,-33.545460092614988,-13.48700362755079,,0.5900967609890706,0.6,0,1
-0.093404222890486041,-0.98927522613606889,-0.11229504931052751,0.99504660843990034,-0.096608791880304828,0.02343050071337089,-0.034027902939730653,-0.10955030024996446,0.99339862771027942,-14.675121953508318,8.5762754435354367,-11.886368183994962,,0.1341791087939336,0.4444444444444444,0,1
-0.52599927575945449,-0.78934429176303122,-0.31663914944562499,0.84667088653780553,-0.52121628359411276,-0.10715407414386462,-0.080456023949837363,-0.32445211476805158,0.94247421897509909,17.85829808621909,-24.805394731813173,-5.7311752985848852,,0.3910855688845711,0.25,0,2
0.34175308944308552,-0.91068511335903857,-0.23207207966996488,0.93968134155063809,0.3348821749121737,0.069662796869536608,0.014275930712227408,-0.24188127921012928,0.97020082692707066,6.5102057729904379,-12.299679601024874,-7.9334523636046717,,0.3323810762652601,0.4576271186440678,0,1
-0.62893410507556802,-0.75758684132145837,-0.1746541420332505,0.77263371842651141,-0.63404410807982636,-0.032018840698577432,-0.086481377320309388,-0.15508142011805928,0.9841091019348156,5.6755047153279561,-24.505474608584006,-8.1190660431603856,,0.647117434948798,0.4259259259259259,0,1
-0.96308198212908114,-0.1966784827586518,-0.18382238742349868,0.24576719491938914,-0.92102194927033521,-0.30218711895732314,-0.10987074951858294,-0.33620848201975367,0.9353567634962594,1.6536982451648863,-25.513136392052644,-8.9785990342573854,,0.4380862635996816,0.2857142857142857,0,1
-0.55728912510434736,-0.75315597192062178,-0.34954958589695939,0.82643385686070692,-0.54380926425734166,-0.14587173935422432,-0.080224131499001455,-0.37017234643905195,0.92549258379364585,25.673165310463929,-24.424100165366937,-3.9058053692249159,,0.5183255258109836,0.4615384615384616,0,2
0.98126899256419808,-0.099445327420658119,-0.16499027573236927,0.12727730463220097,0.97757827411807252,0.16775340741068095,0.14460861647082818,-0.18561073467482991,0.97192438142885573,8.2633416451482553,-31.689677330083189,-7.3959797544277031,,0.2553521613618127,0.5882352941176471,0,4
0.097474807815378164,-0.95236937444937408,-0.28894850138435207,0.99458077256689359,0.082665184603607333,0.063051995168214192,-0.036162807988263983,-0.29352860485029281,0.95526604119116687,20.325478514454765,13.93266330021245,-5.1907319468187998,,0.7498260897829869,0.2105263157894737,0,4
-0.98468919695443669,-0.14605071378486262,-0.095164985179211112,0.15645251458761972,-0.98120231440017858,-0.11298065717167743,-0.076875198083894342,-0.12613963381374463,0.98902932044550451,7.8547736139655324,16.223468230294625,-7.5371564192448224,,0.2220810824674472,0.5,0,4
-0.50572542120074659,-0.81386860835020758,-0.28611131870904039,0.85939443582286912,-0.5042586044743832,-0.084643153829724233,-0.075385688482775909,-0.28868866994678938,0.95445054864897716,-6.3006494222289673,-28.262878430794512,-10.593790027963633,,0.3903033543285901,0.1304347826086956,0,4
0.87119403507238924,-0.46409642482114749,-0.16011077953254041,0.48505858517611267,0.86402216739694637,0.13484755538618901,0.075756994404718211,-0.19514149408804007,0.97784491361557468,18.346864201345934,5.3243096520361943,-5.5523596072188433,,0.5001737409804569,0.25,0,2
0.5623039245661412,0.82553806281102982,0.047970858526060943,-0.82301331487476415,0.55305785252907047,0.12952256673948673,0.080395148836029121,-0.11231170289041507,0.99041541861861537,-5.5626491049554279,-30.336254366906392,-10.336464723185635,,0.2494238827975343,0.25,0,4
0.8840491802247944,-0.42433484226989893,-0.19595149547694093,0.46420274363396263,0.84603246669638066,0.26219244477738063,0.05452393737223208,-0.32275223768615197,0.94491170662766721,11.574688578902117,17.682900521382578,-6.8635578104322565,,0.1656760715791989,0.4285714285714285,0,3
-0.2831949102631876,0.94141928244502304,0.18311301822023213,-0.95903313392345191,-0.27648574772683421,-0.061733939943078998,-0.007489381682579269,-0.19309418930830455,0.98115164129576871,-18.136476239947648,10.919194658555064,-12.4869518684037,,0.7071437713141943,0.3780487804878049,0,1
0.96166649072434596,-0.24131922974635581,-0.13024050818599073,0.26669247628204029,0.93357534152082478,0.23939967585363756,0.063817581531055087,-0.26495680979906705,0.96214614546264554,7.9221845586041431,-23.019929849386639,-7.636075089643021,,0.4550131119080469,0.3333333333333333,0,2
-0.59127555512666607,-0.74509979546625138,-0.30857659131211324,0.80313631044169032,-0.57877574180994706,-0.14138849862154346,-0.073248104137660835,-0.33142862804606299,0.94063264867414764,2.4211570291966802,-26.282567458073885,-8.7785158586181247,,0.6727358008978568,0.8412698412698413,0,3
-0.51610024046078629,0.85645889558598798,-0.01089504327428846,-0.85580814249361203,-0.51614611728722704,-0.034432671272408864,-0.035113601893742984,-0.0084466431764410529,0.99934763179841368,-15.290418055513609,-33.178460236666787,-12.592714707190828,,0.1923462343605128,0.375,0,1
-0.68463959576839739,0.72788447190305727,0.038115868985161186,-0.72412913214221153,-0.6732827795393902,-0.14942322027945137,-0.083100083568274058,-0.12990186425960668,0.98803840096062323,11.773314623345991,-22.028244636625342,-6.8796588133089402,,0.6942057161272546,0.3368421052631579,0,3
0.56296553815753858,-0.74201089758388994,-0.36399125087527001,0.82293060771433291,0.54403208614932319,0.16375073779050486,0.07651808762581809,-0.39172556350941157,0.91689479503338989,-0.31348695779769364,-27.91030882445159,-9.3091069836608078,,0.4076620333475591,0.2352941176470588,0,3
-0.4027719431173809,-0.88741704415799694,-0.22420024882977665,0.91244623332393449,-0.40861314554012601,-0.021844188810042083,-0.07222626343937727,-0.21336889892786209,0.97429824994192515,7.5166272518167077,-28.930963807960243,-7.6322975970131646,,0.3209562645965962,0.2647058823529412,0,5
-0.76352204067412432,-0.56663012758206255,-0.30978120007701621,0.63833668660999876,-0.73484651325006189,-0.22918742655738186,-0.097777133996601193,-0.37273435645317482,0.92277230755308659,-20.453139472342844,10.397889785533687,-12.813298681718766,,0.2168858767199811,0.5454545454545454,0,1
0.98809139538855539,-0.10729424716959952,-0.11028752823146794,0.11346769782142758,0.99221660418000512,0.051296120132077433,0.10392533815294101,-0.063199326846163736,0.99257512016773264,-6.4231477988516215,7.5575341172909933,-10.319187513921191,,0.8125597641980182,0.5586854460093896,1,1
-0.99007844737674122,0.032626117115424687,-0.13667554471094037,0.0023176661046015842,-0.96874680212318809,-0.24804084703920129,-0.14049660659207849,-0.24589666499988849,0.95905971330154571,5.3742940241576109,-14.116979477687574,-8.1226655693891399,,0.3810399044945108,0.1612903225806452,0,3
-0.3957567221505166,-0.82513249767196206,-0.40315378971095983,0.91606893100879372,-0.38565642148150719,-0.10994015740613026,-0.064763651171667949,-0.41282621750042481,0.90850436632478926,11.121592419939088,-28.304062741941699,-6.9515180038959539,,0.1881870050608576,0.2,0,1
-0.99416651632103403,0.021950746820027071,-0.10559878095955068,-0.019332287352004009,-0.99948129982216727,-0.025756435536227858,-0.1061093798485301,-0.023564719812367536,0.99407520011733808,15.026601748680712,9.2838213770144034,-6.2145170087516872,,0.1181175958276096,0.2972972972972973,1,4
-0.52822400333859465,-0.80705909680794274,-0.26388447577774843,0.84580169957902795,-0.52750101147986039,-0.079763198763297113,-0.074825712734175986,-0.26532677427518109,0.96125065178992231,-4.2101510380829739,14.169450758697216,-9.7893649100943048,,0.2904734542704158,0.4426229508196721,0,4
-0.92503968567084938,-0.34603590009620133,-0.15671865166146842,0.36441181201821538,-0.92485064107861481,-0.1088821516965776,-0.1072642120913489,-0.15783043920957499,0.98162311569325589,2.9861096864660608,19.276384624675746,-8.4364582833413291,,0.1067081981478287,0.2142857142857143,0,2
0.28804236204223083,-0.89286576261144535,-0.34615361853578236,0.95759316663398097,0.27114447624379101,0.097447422841172096,0.0068501740881746556,-0.35954332556559004,0.93310324839012271,7.5078470621184321,10.215133028853005,-7.567522260466176,,0.1277166623904106,0.3333333333333333,0,4
-0.58144216054392717,0.81152268982199383,0.057930456981518663,-0.81279462465563768,-0.57625772247179308,-0.085392830041665271,-0.035915345925004435,-0.096736555632809126,0.99466181525752206,6.7934046777552739,18.858489523593345,-7.7596747042613829,,0.3589250373607184,0.75,0,4
-0.65459257602747845,-0.74174618613661625,-0.14601765222565821,0.75055146080245483,-0.66076193592877319,-0.0081344154651619011,-0.09044923491666583,-0.11491849015473077,0.9892485413300065,4.2579244707035802,13.324764098164573,-8.2137895912871315,,0.07482124913124366,0.2083333333333333,0,4
-0.77859528610924578,-0.57284205678576894,-0.25620569553761219,0.61624387410948989,-0.77503987166958421,-0.1398452178121283,-0.11846040718733408,-0.26676801776045839,0.95645279895516344,13.659271265302834,6.1218092396679999,-6.4971630467212389,,0.184815419800047,0.1875,1,3
0.048160345596828066,0.99389292209258617,0.099284643959945379,-0.99833406501101407,0.044735435992255462,0.036439475917822102,0.031775395364602652,-0.10087417995127308,0.99439163515617934,11.600260447185669,-27.336454980188137,-6.8802186365475109,,0.3013961103399325,0.36,0,3
-0.52417706912036044,0.84660924752918565,-0.092147610964453106,-0.85084360291247019,-0.52521836843514824,0.01451994632389501,-0.036104897054509907,0.086014228220616162,0.99563948744126063,10.797262000765301,15.912009584776126,-6.9859109381631894,,0.6004073149602527,0.7045454545454546,0,1
