axis_00,axis_01,axis_02,axis_10,axis_11,axis_12,axis_20,axis_21,axis_22,location_x,location_y,location_z,dbh,dbh_approximation,score,reconstructed,number_clusters
0.39073150930202183,-0.91091394149609195,-0.13253180307616924,0.92047210909036392,0.38543539085148676,0.064580615248700832,-0.0077449354615211092,-0.14722550956684818,0.98907262893453918,-7.1560649512188883,-20.801247167458428,-2.7071364891798591,,0.1087535193066662,0.2307692307692308,0,2
0.030686270105765086,0.99948819613913387,-0.0090387280928511844,-0.99911371557540896,0.03093293441241482,0.028547099988233765,0.02881208385551106,0.0081547131879491624,0.99955158169887626,-12.570557245717756,9.1038298437102956,-4.2022277222389386,,0.1343452095734609,0.2976190476190476,0,4
-0.64392232265144933,0.76508342760855319,-0.0033750836895299718,-0.7649182015029331,-0.64386445043716178,-0.018404197150938835,-0.016253842643562517,-0.0092692104302505539,0.99982493184422983,-12.527782514492303,7.1219589715496898,-4.1760271051941542,,0.2305578806294592,0.4393939393939394,0,1
0.52194897738318813,-0.84135356505476988,-0.14033333024721331,0.85296423531377052,0.51393935387783385,0.091205009792386799,-0.0046128390649023462,-0.16730367331670912,0.98589462043896825,6.0322450422881069,14.362438937411849,-2.4799437213589561,,0.1707165479507575,0.2727272727272727,0,5
0.43437342585271738,-0.89728123088943268,-0.078778928696189618,0.90072784654974392,0.43241398206487414,0.041321841254477895,-0.0030122023231115222,-0.088907484546264418,0.99603533362467656,-7.1242342699034458,-11.526812884300915,-2.9573993405479562,0.2684043176378377,0.2284602707459424,0.8582677165354331,1,5
-0.9917880810934665,-0.096151997403462988,-0.0843279052050072,0.10972574682635654,-0.97846489127399272,-0.17483339791805377,-0.065701314175125605,-0.18265062260911857,0.98098016665790111,2.1007442923117989,-8.2149614441225633,-2.1309676624477758,,0.2421849803073298,0.5967741935483871,0,5
0.56781011745735988,0.80373166527122775,0.17778380340570502,-0.82039739299494263,0.53487016017811029,0.20214358589414594,0.067377949509916296,-0.26063254208057263,0.9630840513311687,-19.762825998614883,6.1282182035858241,-5.0562892799985528,,0.2790606348453661,0.2,0,1
0.34329466891174354,-0.92783141635541788,-0.14586854740031158,0.93870002308589351,0.33373314823076455,0.086397062626730872,-0.031480739434152971,-0.16658645982156883,0.98552418257940144,0.28592598196936181,-11.246479175247023,-2.2246759065073904,,0.2233838484845047,0.7299270072992701,1,6
-0.81852888272791824,-0.54918668273982163,-0.16853621462883778,0.56943109238782175,-0.81440798040971907,-0.11174914973714935,-0.07588609333863007,-0.18743966748315102,0.97934042696684775,-2.970520591882873,7.2263734954752881,-3.1975831034466484,,0.2458831324762505,0.1949152542372881,1,4
0.99515299604858887,-0.057488046945487724,-0.079784954182547496,0.073781621484356658,0.97286664630664765,0.21928693721969802,0.065013743059886317,-0.22411071585814463,0.97239271914740988,3.1219266950032205,14.705600169573545,-2.7480106330947796,,0.284111396621404,0.3225806451612903,1,5
0.78502078837389777,-0.61253488998409733,-0.092430354175420754,0.61868464778674237,0.78275782607608846,0.067227169430452219,0.031171596266770931,-0.10995996666426323,0.99344709839899148,-20.860104895099912,-2.4670519075515229,-4.938216128688965,0.2880943450513729,0.24406526182055,0.8048780487804879,1,6
-0.82243898800076221,0.56751231269335856,-0.039036981923788627,-0.56760530791584507,-0.82324326818714433,-0.0097332322641713771,-0.037660661731323743,0.01415260845163583,0.99919036135862205,-4.898180644798618,-12.444405544252069,-2.712487412268052,,0.08065630433208466,0.3902439024390244,0,4
0.6757601251337082,-0.73247768539829494,-0.082611704212124965,0.73701307326799037,0.67332701949333118,0.058672435200007957,0.012648443040431515,-0.10053439816194115,0.99485318096434161,1.174721919149222,-13.906350610984743,-2.0990170242725137,,0.1369948952691075,0.3809523809523809,1,5
0.013815346672902967,-0.98245240518556409,-0.18600109607582305,0.99930821861588937,0.0071425471564796122,0.03649750987197177,-0.034528544757124073,-0.18637664973171278,0.98187143966597634,-15.573483180445669,9.0368427091724826,-4.5228305523754981,,0.09698609951175285,0.3333333333333333,0,1
0.25797206155900076,-0.95585304634498014,-0.1406960171718461,0.9659957179380817,0.25255832023797653,0.055376599786026846,-0.01739794184060561,-0.1501973657278752,0.98850294028299068,-0.0086609338914485929,10.925000394876575,-2.9634877180319377,0.5357997481892507,0.2606756400272174,0.6886792452830188,1,5
0.5901523182490731,-0.76028177140717768,-0.27146246394521834,0.80720079546222934,0.56077608497594789,0.18427441038894371,0.012129182593604581,-0.32787468731973313,0.94464335722250115,-8.482152524836172,-9.0762324494792512,-3.2203493257785865,,0.08801868480663097,0.2459016393442623,0,2
0.93179227593158864,-0.34961465938575759,-0.097635774472322231,0.36030586826950967,0.92347333682403265,0.13182062610092724,0.044077611151061152,-0.15800818370472611,0.98645353569113869,1.7183972299785801,9.5883375789833618,-2.7501140700011142,0.3183326483739688,0.2122722178102055,0.2753623188405797,1,6
-0.58676964933674236,0.80810382991752761,0.051667965799513285,-0.80887471805438493,-0.58791072663952026,0.0090921941592948183,0.037723588239657657,-0.036457887689973899,0.99862292849478951,5.1281743586402779,-8.8919517327915223,-1.841897982713502,,0.2488597189472727,0.4444444444444444,0,3
-0.43803430613236244,-0.88476055508734031,-0.15913738345430287,0.89603359989168785,-0.44398158109798513,0.0020355615628368249,-0.072455051696087666,-0.14170079677713598,0.98725434902888254,-13.40198366711868,1.930167744860946,-4.1875555740375532,0.1741015537989505,0.2649299106245704,0.4210526315789473,1,4
0.32392304265182903,0.94537900407957698,0.036502069594614939,-0.94600507708827841,0.32315849722747708,0.025357046217585062,0.012176065143691834,-0.042744874724198488,0.99901182131265609,-9.8649321207505132,20.740618980606428,-4.240259636714292,,0.2105605513411071,0.391304347826087,0,5
0.85403924027663236,-0.48786288797442662,-0.18057347148727523,0.5187505704586971,0.82466213798917321,0.2254555473167672,0.038920710637010338,-0.2862204756902953,0.95737297725553749,-6.9319007737255012,14.737637400287062,-3.8112549146366597,,0.1507183876330796,0.3214285714285715,0,5
-0.58206819793668374,-0.80883549733285953,-0.083556874074173379,0.81029333513147928,-0.58555084436497973,0.023556733749890309,-0.067980320624760796,-0.0539939526036501,0.99622453748639883,-10.102583785199167,-20.489833040874647,-3.0613412005023517,,0.2161893828804329,0.6944444444444444,0,1
-0.06420269868026672,-0.99365090226107,-0.092389923248870964,0.99687291149266943,-0.068132789671625824,0.040029005779436237,-0.04606964091784338,-0.089531041585158497,0.99491797690984418,-0.61191959140460461,18.709491453157675,-3.2260885087200566,,0.2972967171626365,0.7843137254901961,1,5
0.61792255798332252,0.7845576210612587,-0.051391162372983072,-0.78229702162418591,0.62004676550632976,0.059610221800180559,0.078632577811462365,0.0033686525254687984,0.99689797365973576,-3.1987456176942515,-10.877841319524402,-2.5775064916066182,,0.1188240812599065,0.3936170212765958,0,5
-0.98712515238422416,-0.14328760425145182,-0.071081615051300354,0.14404672557366097,-0.98955478976934497,-0.0056443685256797708,-0.069530384594998107,-0.015810772037651643,0.99745453285131969,7.8799284124543592,-5.2267425494089137,-1.7383433913029909,,0.2125483759065516,0.6538461538461539,1,5
0.45509091056533912,-0.82790554150364937,-0.32781805543374049,0.89044449849269747,0.42274484624954956,0.16850931746800457,-0.00092640428459579943,-0.36859084269280645,0.92959127172005407,-10.096769505611267,-1.7003864739025776,-3.6520735750622433,,0.4927697917150585,0.2529976019184652,0,1
0.52213178584933584,-0.84514298636856733,-0.11450646618336591,0.8528205228160568,0.51874589014135819,0.059998811031529507,0.008692184393481267,-0.1289807507090466,0.99160900151067599,8.3932118540317155,-11.19800282807129,-1.4940872031274295,,0.4030626492496697,0.5,1,5
0.34385364266041585,-0.91147307982728465,-0.22579082616290536,0.93901315824989362,0.33264664344865658,0.087180842138066525,-0.0043544302409302439,-0.2419980069184593,0.97026697541695706,7.0432079630003717,15.774426805387401,-2.4088983359593965,,0.2784050449881921,0.125,0,4
-0.5826703120247041,-0.80061746112883081,-0.13966742075609739,0.81099601716091241,-0.58394282980255074,-0.036003217513546987,-0.052732984309373961,-0.13424772794284393,0.98954372309060346,-7.1680001653506329,13.655584629117287,-3.7604172885557543,,0.1634220740619436,0.3617021276595745,0,5
-0.36729328430045344,-0.90899821105116563,-0.19702257640576312,0.930060936879883,-0.36100725206369377,-0.06826725164771888,-0.0090717692815975009,-0.20831710506628881,0.97801926705914144,-20.446647828218616,-1.2318631856065603,-4.9592874109933653,1.150308551298221,0.5792492058268323,0.2205882352941176,1,3
0.97209566961750993,0.2325357877582552,0.030937299858458004,-0.23428149129250125,0.95565541641337215,0.178423395095894,0.011924426554186096,-0.18069264647857544,0.98346732307683793,-3.0565107254443076,14.943939197567015,-3.4047964559980595,,0.3186188248145151,0.1463414634146341,0,5
-0.97839090214484137,0.19971261678791219,-0.053536093394333503,-0.20019664835958029,-0.97974843764055186,0.0037816565797746987,-0.051696659329136904,0.014417684856498776,0.99855875429420016,2.5585751458939909,-14.717837247599721,-1.9678684224904197,,0.09626004715900756,0.2272727272727273,1,5
-0.6461895137147986,-0.75585979220401711,-0.10542811244793217,0.75896064977969313,-0.65095927259759656,0.015190704565454958,-0.080111450186720903,-0.070199714732392615,0.99431089484148383,1.9657117866824874,3.8379474521009396,-2.5440050643475538,0.1488096051326989,0.1057626634812986,0.4925373134328358,1,5
-0.63149437025591848,-0.77040600796371739,-0.08768947045393076,0.7721155046860716,-0.63516842592205591,0.019967927660911593,-0.071080994354713004,-0.055096765831648013,0.99594770878617833,5.4309657363352741,11.138603687830066,-2.4435030061397889,,0.236084030763675,0.75,1,5
-0.95559095950748862,-0.27955998975401847,-0.093231594624841138,0.28493528634411369,-0.95723282793226394,-0.050171662567620658,-0.075218353502025034,-0.074508558283825979,0.99437954224677727,-16.08193556100851,-1.1166276376916084,-4.3840981207449579,,0.0963362883518927,0.3333333333333333,0,4
0.55784600075912505,-0.81551958514967116,-0.1540637714531104,0.82967207951321675,0.55272606904830601,0.07834623839482939,0.021262170944245862,-0.17152754540222787,0.98494985722879402,-4.284569466745376,22.992127804343951,-3.6906196017915307,0.2398042425396678,0.1721735286192853,0.3823529411764706,1,5
0.85409001508983884,-0.4895905370984881,-0.17558858763442495,0.51827059070452675,0.82956610611680026,0.20788379059703052,0.043884404229968699,-0.26855387088221777,0.96226450495669691,9.1158673665880521,8.3084688063234626,-1.9987264151043633,0.9544622755850991,0.4823236220346419,0.303030303030303,1,5
-0.65933637058346306,0.73905390092807499,0.13811184579470481,-0.7516465724679543,-0.64368990726146769,-0.14384273838778941,-0.017406335714368747,-0.19865204457220426,0.9799154987366413,-6.2371040995929663,-0.55070081028824913,-3.2638990828964745,,0.3884996015656987,0.273972602739726,0,2
0.97187555323503783,-0.21596304118399334,-0.093903534899645952,0.22839405567196427,0.96157501162351389,0.15234714422971535,0.057393940079070359,-0.16950947425969676,0.98385592124985466,-13.455395136657049,5.8321796138553648,-4.2426258334453877,,0.1867109684941815,0.3076923076923077,0,1
-0.12843446223782121,-0.96527203761926927,-0.22749611491193777,0.98864649894669709,-0.14266271917230186,0.047174661406345242,-0.077991595894173482,-0.21885438526268761,0.97263563014171495,6.8320474058391376,11.976514800251154,-2.3497655354172871,,0.3944225630676644,0.5531914893617021,0,5
-0.17278676944959465,0.96801649560113789,0.18190326150804367,-0.98468867766948331,-0.17409648978948378,-0.0088668096011929737,0.023085501352499569,-0.18065014942443652,0.98327645305897138,-9.1359623500617033,13.07019568654523,-3.9508939671837657,,0.2089672178340366,0.2857142857142857,0,3
-0.48122053508275697,0.87597392282932862,0.033113186763937624,-0.87651100438066076,-0.48136543536165582,-0.0039720068843510838,0.012460169110844518,-0.030935483866943222,0.99944371528548215,-18.736721611336243,9.1612395447544941,-4.9421363669426537,0.3785228009455216,0.2927324732237959,0.5873015873015873,1,2
-0.99759349584432555,-0.01488596074380702,-0.067717244641463295,0.014718607177659715,-0.99988726556787944,0.002969639361728216,-0.067753816511305825,0.0019657893892321789,0.99770013331673435,-17.353772700989538,22.733147329289096,-5.1087463855834256,,0.1424127168548912,0.4,0,1
0.71100918107163125,0.68292582326063933,0.16756570160873258,-0.69941081111593528,0.66217400678228922,0.26897974279866999,0.072735560257676676,-0.30844432992951482,0.94845750226793746,-8.9834776594424284,-25.291063146770711,-2.7756060906776128,,0.4284069223944182,0.32,0,1
0.99131069148532469,-0.09941951762049217,-0.086132876783461529,0.11563391717216982,0.97076930665621786,0.21032296701412517,0.062704945150331426,-0.21845528780579709,0.97383026091993008,-9.7270401840453928,-31.458753678638423,-2.6811227501547923,,0.3282098653096301,0.5714285714285714,0,1
-0.49408142972705138,-0.85297521036433621,-0.16827605683158725,0.86637225257973638,-0.4992222275489358,-0.01327732958808271,-0.072681914936144912,-0.15234978839825522,0.98565048633692687,7.7905501480377977,14.122381723847045,-2.3163069845960305,,0.120008067749177,0.45,1,5
-0.18831487897616125,0.97146756787149013,0.1441813820506869,-0.98185891012844206,-0.18953802688947821,-0.0053307564408728745,0.022149197673555162,-0.14256963539511416,0.98953691801050181,-8.3757939332235676,-1.182227833174841,-3.4775312334966255,,0.315000684408438,0.3222222222222222,0,1
-0.97069065586683223,-0.21667641081235922,-0.10397587994478426,0.22838683489566441,-0.96634684898802692,-0.11837745181094043,-0.074827162575892101,-0.13865460846428707,0.98750989630102226,-5.9560143656459923,9.4767333057301535,-3.5054320343740892,,0.1011635604948928,0.16,0,4
0.85767924386748273,0.51418282749950717,0.0015279213049776816,-0.51112015203431804,0.85223907378341013,0.11155604556100941,0.056058048693455591,-0.096460256175309719,0.99375696936186297,11.344590077534093,-0.11434603145674796,-1.5729781151218352,,0.1159282801460816,0.2058823529411765,0,5
-0.99740011208082502,-0.05541602860785156,-0.0460660416629569,0.059248143109973936,-0.99449107102196888,-0.086470614636411036,-0.041020409056706772,-0.088975128159011041,0.9951888024942348,-10.931594991784401,-14.653245362684192,-3.3215585026282071,,0.1263117349528657,0.4615384615384616,0,3
0.677829865638784,-0.72624114927387129,-0.11454460419188331,0.73497336656621148,0.67335469727376251,0.080047499009584272,0.018995359602748972,-0.13844581886328983,0.99018782640104996,-0.81010126578853137,-9.5777450088708935,-2.3520506810258759,0.182335886382412,0.1833626965093064,0.6568047337278107,1,5
-0.44227550424424406,-0.86782034866127244,-0.22645136518671294,0.89492342674807046,-0.44367797466936354,-0.047559594728940537,-0.059198298987295291,-0.22369107546506611,0.97286066019460959,-0.86502308431789443,5.922096313650794,-2.9711619664347646,0.3039944316655492,0.2195227256252076,0.4044943820224719,1,4
0.40248808806524394,-0.86679772443426595,-0.29438927270055576,0.91540954636338057,0.379219310573365,0.13497435650911996,-0.0053573680453854154,-0.3238123212662537,0.94610616698327576,-12.437683757408527,14.321638648515782,-4.3780471163498724,,0.0921317727494442,0.3333333333333333,0,1
-0.63466235959573858,-0.75404488920870127,-0.16917444952063049,0.77054993356156787,-0.63412782695717185,-0.064301624916015071,-0.058791914415457121,-0.17116718183347476,0.98348630222416056,0.41727323224393026,12.441009747514402,-2.9603507315107196,,0.2272078518814447,0.2564102564102564,0,5
0.46211719726312894,-0.879154712251768,-0.11633867765786889,0.88666418750914389,0.45559346829440778,0.079127809499709795,-0.016562444940896457,-0.13971966065297919,0.99005257529314883,-11.453413570588181,5.8860057047430754,-4.0190140425905128,,0.2529772070118664,0.4285714285714285,0,4
0.97201157679883465,-0.22220087133270514,-0.076290676678284361,0.22798031972002933,0.97054358895007142,0.077910947679185522,0.056731546686099782,-0.093123115964309236,0.99403702993585774,-2.0569309882671889,11.390469282377506,-3.1941043288258872,0.664131521540397,0.4841296392375691,0.918918918918919,1,5
-0.98801968534744256,0.14180667289562793,-0.06089309392874602,-0.14120104210384812,-0.98987969517519814,-0.014158205700091226,-0.062284565300963636,-0.0053904176212220432,0.99804387494896252,8.6918992287186096,5.7620773795109423,-1.9800271363447046,,0.08362242110799331,0.2549019607843137,0,5
0.090349754955577039,-0.97996148866492949,-0.17751733017675234,0.9954809131279061,0.083632176487544577,0.044982337133435663,-0.029234797373969477,-0.18077925707771653,0.98308910421839757,-22.05905299312656,11.131914992468321,-5.5170670519958263,,0.4940104655476893,0.2,0,1
0.435775628994583,0.89119948239745339,0.12594873460613457,-0.89823254042428569,0.42171278178219335,0.12384116038077815,0.057252986798149275,-0.16709821140884509,0.98427652783486363,-25.134243805705829,-2.5256651073556506,-5.5423502416171004,,0.3000814705126559,0.6923076923076923,0,4
-0.30274051696260068,0.92642043816623376,0.22381543989882069,-0.95276727749335655,-0.30012783398589943,-0.046452106570434699,0.024139062266707589,-0.22730696209051235,0.97352393430160078,-15.422535381719683,10.983746997856633,-4.6098979159056652,,0.5504523899559604,0.6571428571428571,0,2
0.34440666319518437,0.92843558487229172,0.13925306132938226,-0.936901830904602,0.33042251509716442,0.11417495681833564,0.059991746051965937,-0.16978906401682625,0.98365271521300979,-13.858465380618432,3.8957379444435736,-4.2974885843124069,,0.2474123220381796,0.3111111111111111,0,2
-0.71055272370089984,-0.69489373502072238,-0.11062334233869467,0.70044323470481773,-0.71350291205025151,-0.017113428997828858,-0.067038062304077273,-0.089645365327842924,0.99371505305985619,-5.2535678241865442,14.088134387329035,-3.5727673752931564,,0.2467240894776365,0.4,0,5
0.96466217112593011,0.25646155853163777,-0.060451340714090945,-0.2489650701690316,0.96229363639063814,0.10957805983778059,0.08627450048732227,-0.09065553682818478,0.99213823845674709,-17.871681292424761,0.21128541057535433,-4.6667226591398228,0.2371736783229827,0.3211079367935153,0.6595744680851063,1,5
-0.92031039808361925,-0.37891122093224022,-0.097237121670733853,0.38349727306962561,-0.92294764254179296,-0.033128396802550766,-0.077192050933571094,-0.067778579051093427,0.99470973228097204,-10.472920290677463,-19.69951017286672,-3.1404726082550667,,0.1511563401287086,0.4615384615384616,0,3
-0.63172360592703947,-0.77058883741607409,-0.084369007131066848,0.77186702877486646,-0.63534823976792043,0.023535167602218694,-0.071739637612676627,-0.050253933911171264,0.99615659738901163,9.9013275688242448,-3.004668299116227,-1.6260858654081261,,0.3175548679059197,0.8446601941747572,1,6
0.50784858363533802,-0.85744704458748211,-0.082911891956298361,0.86143723282418549,0.50592836288590426,0.044298820884964799,0.0039635847146997178,-0.093920484218196446,0.99557181189526867,7.7390092027764172,-2.9277939152739072,-1.8089520493687938,,0.1163023682067919,0.55,0,5
-0.57803198225174912,-0.81059597725007315,-0.093878587335514838,0.81313508277604873,-0.58182363926741287,0.017105260840196784,-0.068486236959709651,-0.066448585053570236,0.99543669858583983,-4.7762266511945972,-11.312398048345003,-2.7213282467799225,,0.09273630220311646,0.5178571428571429,1,5
-0.60436060094191124,-0.78954602022797837,-0.10660837664692729,0.79383461981217496,-0.60812330970610351,0.0035547967247990041,-0.067637714455708806,-0.0824810410594808,0.99429473369265708,6.2830309468298653,5.4999909741832926,-2.1780492024212372,,0.3412729769947155,0.5416666666666666,1,5
-0.94109017377822601,-0.32693506158481267,-0.086387211580205348,0.329539948636905,-0.94398057290307502,-0.017438469943439817,-0.07584660223407802,-0.044879209976524462,0.99610900479888687,5.1882082829838421,-14.419660657959977,-1.7155692258615771,,0.1106401699225511,0.3571428571428572,1,5
0.032251508808796014,-0.99046185819650667,-0.13395949998965787,0.99890853631784993,0.027411416875687114,0.037819972186636124,-0.033787220230240701,-0.1350330392266659,0.99026486460255814,-2.7755603610778063,-2.9835176933744783,-2.7755451212490221,,0.4478267339847223,0.7957799547852299,1,5
-0.65874808502031579,-0.74225819376089963,-0.12289725089225291,0.74846712036654495,-0.66313733140220921,-0.0067712207886094127,-0.076471760881246936,-0.096445080204035555,0.99239630001938139,-8.7113850067733143,-13.213875694363113,-3.0942827493733152,0.1852906723165324,0.1379401308974803,0.7339449541284404,1,5
-0.99688727778433661,0.05139683357866557,-0.059783951774883874,-0.051170952754891988,-0.99867582305031199,-0.0053041539323559449,-0.059977403960919266,-0.0022284418028020773,0.99819724757246242,7.1236888706801098,7.9279774520036934,-2.1640324677647276,,0.07409718257574036,0.3548387096774194,0,5
-0.42870601504913958,0.90343418567724065,0.0042219439111854757,-0.9034333661595455,-0.42871899136335218,0.002859956996820625,0.0043938104556906395,-0.0025881642321002097,0.99998699783326594,4.0691416060563341,12.85807171230279,-2.6396980998149999,0.6803908949786062,0.6931224703412736,0.6868686868686869,1,6
0.97529948628473073,-0.2041578619870128,-0.084323658848708641,0.2184974725403791,0.94768123856350572,0.23272113047208962,0.032400101021568227,-0.24539730533083062,0.96888100197607374,8.9181564515859773,10.762049531421001,-2.1031771692275449,0.6122025898136184,0.2710474606824461,0.1538461538461539,1,5
0.73159408007486149,-0.66755756635891783,-0.13833653745982794,0.68171004221388165,0.71825991273700207,0.13919093397121832,0.0064436281831836998,-0.19613667008489602,0.98055539685621218,-3.6407732903839887,11.729685637445996,-3.3224069468529014,,0.1452040780203674,0.2352941176470588,1,5
-0.95802734847219195,-0.27118339213634685,-0.092968636694129511,0.28106467043803596,-0.952364004958555,-0.11834463693323329,-0.056446883092859501,-0.13950759796055878,0.98861083318987319,-4.9759566185173885,23.724250090319448,-3.7620899905045571,,0.31970535362579,0.25,0,5
-0.92536708109471988,-0.35590372010572174,-0.13049255626719455,0.37056529323804166,-0.92183159231947265,-0.1136128463209623,-0.079856926272196177,-0.1534896003534264,0.98491817625105438,3.7785622133717554,4.3240038515632602,-2.3731127928184481,,0.1479911786669633,0.2093023255813954,0,5
-0.67423430447439414,-0.72994176029671043,-0.11221911265408768,0.73554263978275891,-0.67734563707324336,-0.013413165146726195,-0.066220296974125264,-0.091585558429169545,0.99359295375715928,-11.080670718468394,19.599102033710246,-4.3284682870110354,,0.09643532294601882,0.5,0,4
-0.30547390733383378,-0.93940946887143917,-0.15554916178778302,0.95077910806597177,-0.30984290217899441,0.0040575404586600666,-0.052007495647030853,-0.14665342056692585,0.98781981891058701,-5.7005275776788533,-18.581132992723543,-2.6607699938527194,,0.1033174813089829,0.4285714285714285,1,3
-0.25396804251351474,0.96697864836026426,-0.021272681946830248,-0.9670463966640227,-0.25345524964671184,0.024118522459992669,0.0179304233353214,0.026697004361544589,0.99948275116538965,-30.947804418499683,-6.2642103989958677,-6.3001899190534738,0.4179352417620754,0.3507415704824405,0.9382716049382716,1,5
0.66304843844903316,-0.74020055009415131,-0.11166876873420661,0.74804364835728765,0.66079030369880387,0.061537587618950292,0.028239483398533879,-0.12433551454816777,0.99183829901825471,-24.755350318686396,-1.1786990954766932,-5.5556128745512581,0.4252470394617376,0.3757276771133133,0.8297872340425532,1,5
-0.99326746419777978,-0.091271787243014921,-0.071338667071790915,0.091897167996522242,-0.99575316300946026,-0.0055271032987972259,-0.070531234785256636,-0.012045713350499825,0.99743683795493832,-10.13187867295856,-20.557842566165434,-3.0606753432935023,0.2814761491642545,0.2503287892230621,0.76,1,2
0.38099542162940059,0.92441257828515311,0.017431976526828988,-0.9243374349371658,0.38039992528518679,0.029936653400241247,0.021042696386567143,-0.027518756353092103,0.99939978135757213,-15.098164299668117,6.9605032353285887,-4.4481560578224029,0.4435916921901736,0.4198852250491328,0.923469387755102,1,3
0.84225554590518636,-0.5290762923220369,-0.10336281872473679,0.53775994128530469,0.83800864228092398,0.09249735678011152,0.037680776807035965,-0.1334907950581177,0.99033346237212916,4.5943601978915849,9.3689907645071351,-2.4539563615000817,,0.08759002048418821,0.375,0,1
-0.67446849641196793,0.73701208429865006,-0.043651288016943762,-0.73800472957316032,-0.6746982439051552,0.011458568800050027,-0.02100634369482577,0.039943300678067568,0.99898111406348178,10.757119593487948,6.0612707294470125,-1.8177197484981762,,0.2503724687312022,0.7029702970297029,1,5
-0.093532895581957431,0.98978848480586867,0.10756557437096864,-0.99326778910046154,-0.10018226430951807,0.058160236014806847,0.068342494683284891,-0.10140152495657834,0.99249535724704763,1.8728901366561932,-24.987772716337528,-1.6904686465522221,,0.3330996789606522,0.3243243243243243,1,5
-0.99717475384954635,0.031571409600778755,-0.068159785657782343,-0.031348271059628549,-0.99949909477070664,-0.0043411351174903997,-0.068262699819645542,-0.0021921789060447721,0.9976649729067244,3.0638869489523413,16.687860606705222,-2.8304035986456584,,0.1077061770079084,0.2962962962962963,1,5
0.39063575055882677,0.90337412115180593,0.17697148815146566,-0.9194204867259933,0.37337978231439023,0.12350508794133232,0.045493724554929615,-0.21095671449864004,0.97643616567293301,-4.7815319434249623,20.176921144541893,-3.6639163138401107,,0.4632533258837489,0.1764705882352941,0,2
-0.97868534428999066,-0.19108572713909208,-0.075241223778638358,0.19210290065578078,-0.98135356358176917,-0.0064543632527271303,-0.072604906388052878,-0.020770848058935049,0.99714447270157147,-4.9752767297560796,-16.027565831728428,-2.6723886016081977,0.1609558560468266,0.1775977174806045,0.828125,1,5
0.68932171770108197,-0.71100356795152164,-0.13895861206069951,0.72412176246394022,0.68203105851488455,0.10237826110646417,0.021982780346149575,-0.17119451387609438,0.98499197752417278,-7.9335313458746723,15.624709845484894,-3.9067658743995741,,0.08092913381184406,0.32,0,2
-0.96809165125147789,0.25023614740559275,-0.01343224883599956,-0.24503857509741336,-0.95648629642648297,-0.15839842632607867,-0.052484773900770741,-0.15005277498252195,0.98728390710505776,4.7206760207043743,8.4779361640788018,-2.412802220967444,,0.3553720472423832,0.2967032967032967,0,2
-0.87158377133046272,-0.47584002293350142,-0.11797458255070059,0.48888627213421287,-0.8615380723667343,-0.13690274935633459,-0.036495787045623125,-0.17699836845930517,0.98353425720239362,-16.682321198099977,2.5523966028197349,-4.6153816104656018,,0.5169967620451117,0.7741935483870968,0,2
-0.051301121595682016,-0.9937685075953151,-0.098956294568895528,0.99797762305574467,-0.054736693217462697,0.032319627095993959,-0.037534767922977511,-0.097098134520691728,0.9945667868321213,-6.0036128040653107,-13.990768284215815,-2.7861543234825854,,0.09272425175556094,0.4857142857142857,1,5
0.075227332459761001,0.97301902934755591,0.21811652156251266,-0.99716181502036938,0.074069299663098068,0.013492720730151132,-0.0030270639689770479,-0.21851248791535824,0.97582945718438396,9.5111702815312125,6.8558000006383235,-1.9357172468608599,,0.2998753904521794,0.125,1,3
0.49093517162417333,-0.84444064774313532,-0.21424903664076422,0.87099137069227217,0.47041485603798394,0.14171766085551132,-0.01888622360182815,-0.25618324624751515,0.96644371532963291,-11.596416453251251,15.342844488043655,-4.3032417140722581,,0.2090272511322755,0.1363636363636364,0,5
-0.99669795535930372,0.052138449903976897,-0.062247633081050836,-0.048034291929690526,-0.99668246929206783,-0.065702071540241339,-0.065466728812396763,-0.062495099387681795,0.99589581280931527,-10.060194334237465,-20.390145878630779,-3.0623021971752018,,0.2392556766729374,0.6521739130434783,0,1
-0.65316112619243083,-0.74896662345245379,-0.11148784770218845,0.75284796879682125,-0.65811052678822202,0.010510490427660817,-0.081243332708206731,-0.077068355923556195,0.99371021399888215,-0.7899120879754512,-17.15636290320035,-2.1856094080814592,,0.09765448987825147,0.5,0,5
0.74617430668730134,-0.6564670209710789,-0.11079239331778076,0.66521570177028244,0.74184792461936633,0.084556057477917015,0.026682843888820751,-0.13679439723649306,0.99024003086459222,-8.8719306049237598,25.783429830960543,-4.306556525744484,,0.104601968229985,0.2727272727272727,0,1
-0.82274806505337783,0.56532858770763961,-0.059069529974497784,-0.56720701231348447,-0.82331385090869813,0.020748688736876093,-0.036902935294267011,0.050575595126256354,0.99803821697582873,-0.48443849428365471,3.6051747527076405,-2.7662425694960442,0.3225278037965887,0.2422053129246332,0.8638968481375359,1,5
0.9982836863024811,-0.0060922464859805578,-0.058245739716168886,0.010341900283316397,0.99728269119303381,0.072940242289900703,0.05764309811989269,-0.073417425585030824,0.99563404665550015,12.168348924184457,-10.828276234657544,-1.1582367431421028,0.1353578035607655,0.1453598350858719,0.4090909090909091,1,5
0.39552649392134798,-0.88558672046690246,-0.24350555053009071,0.91773282766362185,0.37056393987896308,0.14299938283053171,-0.03640397828285527,-0.2800330819636439,0.9592998610294512,5.1586755130821391,15.332280430248181,-2.5709616144168326,,0.3522477769149316,0.3684210526315789,0,4
-0.039637450582571634,-0.92835504490831311,-0.36957513864517222,0.99837880691544889,-0.051916266077930581,0.023333649920458169,-0.04084887285347262,-0.36805109959054538,0.92890783056059512,-5.0176981828087515,2.6098365425611547,-3.2051788604701876,0.7563409781653296,0.5347527010789959,0.4012638230647709,1,2
-0.96130439848836358,-0.26755830571579858,-0.065623216085584579,0.26862246146895469,-0.96321393503852903,-0.0078031110430951929,-0.061121409025676907,-0.025129034802039374,0.99781396310566439,5.6468811598476893,-11.040215079470226,-1.730481906961491,,0.1452950782995769,0.6712328767123288,1,5
-0.13011770932964603,0.99091650714472657,-0.033968479313923557,-0.99099749806127091,-0.12888657585530031,0.036224430990657822,0.031517305644784617,0.038376117995318523,0.99876620538167105,5.9560840838509463,19.836286656961761,-2.6378172097771624,,0.3770153685619317,0.8275862068965517,1,5
-0.72046530155970967,0.69296633501591431,-0.026970498384140673,-0.6928881752681133,-0.72091566691017339,-0.013659347608306512,-0.02890892288033909,0.0088464534177314074,0.9995429027509658,-15.286645040037319,-0.42004267334453949,-4.2994513122424607,0.4398100067348863,0.417929236760914,0.6304347826086957,1,5
0.55300517678867434,-0.78558107919348086,-0.27757457098612603,0.8331521339693464,0.52401352908436083,0.17682574190110631,0.0065418733746583696,-0.32904739681352674,0.94429074682694536,4.4307896643436866,-2.992138731110805,-2.0896909443768763,,0.1182598912439873,0.2692307692307692,0,5
-0.33604567254506601,-0.91084535450340964,-0.23965401340952425,0.94009227241636195,-0.33989914150624684,-0.026364615422136729,-0.057444105935901733,-0.23415660098078492,0.97050031473995413,-0.64233034544995549,16.22264143749922,-3.174966064230742,,0.4154336906388369,0.5365853658536586,0,5
-0.98646628878901166,-0.12245074201920873,-0.10904162903120322,0.14744964373138725,-0.95337372914204066,-0.26331945455147271,-0.071713761903280132,-0.27583391444987915,0.95852636270106595,-20.311289152564409,-8.2400783871647896,-4.6487747713507668,,0.2742344063021446,0.2083333333333333,0,1
-0.78591759043873832,0.61793335265045857,0.022179105507911988,-0.61526980982651669,-0.77795821945082755,-0.12737374103377472,-0.061454065406684528,-0.11375139766640738,0.99160678566351534,8.6136821789242131,16.998383788594584,-2.3027836567383986,,0.2003151217977412,0.3076923076923077,0,5
-0.91342399676059005,-0.39670626461258141,-0.090998581082571001,0.39862789014136446,-0.91710705768126166,-0.0032326386532426769,-0.082173032944836313,-0.039227342101530872,0.9958457753529385,-4.3791916076129382,-17.940900884806879,-2.5684409194109223,0.1878915955189529,0.1616922962788804,0.7586206896551724,1,5
-0.99201289825299388,0.12163067290253982,-0.033412409505598095,-0.10928979194783536,-0.96107170997386615,-0.25376546192085914,-0.062977385430750196,-0.24808697607327851,0.96668852337612998,-32.51388942283706,-2.4950092378962059,-6.6784436682654134,,0.2147299520996499,0.3333333333333333,0,1
0.0053485538150079177,-0.98600072516489856,-0.16665522177952632,0.99918720732087207,-0.0013891817246887868,0.040286410865866908,-0.039953944716455858,-0.16673523967185502,0.9851918808806559,1.7929857468489785,-10.992851235320959,-2.0873370811721133,,0.4824511568636125,0.8866396761133604,1,5
-0.96899522285929807,-0.23350706549892344,-0.080763286448381003,0.23801701201027617,-0.96989405249834348,-0.051511444573439875,-0.066303544924550373,-0.069137379834818352,0.99540135756388048,9.2286650068135181,-4.3821795026136101,-1.6445570006870815,,0.150544746792336,0.5263157894736842,1,5
0.75690341198672573,-0.63076223324255498,-0.17098605217302759,0.65342803835405316,0.73497503338517711,0.18122775447825873,0.011358856264030662,-0.24889898636861185,0.9684628392298027,-0.56350157713776372,7.9959132400869173,-2.9447142240044171,,0.4069076246555664,0.3725490196078431,1,2
0.0062548540380002078,0.99963192962616731,0.026398524065314143,-0.99917344948055542,0.0051872678262984747,0.040317615326611121,0.040165839392320088,-0.026628885150563612,0.9988381289385917,5.7827377054292946,17.687729365957022,-2.5922013884069366,,0.4219217346244314,0.1111111111111111,0,3
-0.89731288662699327,-0.41543405470826372,-0.14914466025233133,0.4348199599386427,-0.89006076774031628,-0.13683359298240858,-0.07590247645557642,-0.18763362150256943,0.97930201579989651,-11.976790550087012,-12.485873777033412,-3.486278000774373,,0.2778630699362074,0.3111111111111111,1,1
-0.043764921479529643,0.98385027627341703,0.17356055290477468,-0.9985136731034564,-0.048725041091027321,0.024419561751204119,0.032481937647464508,-0.1722338649842074,0.98452040074305591,-15.160456148351541,3.558098242504534,-4.4530070632813841,,0.5585599785076127,0.3333333333333333,0,1
0.89385167543829702,-0.43735052990022849,-0.098760803521124277,0.44535841854486052,0.8915121331190301,0.0828371627518521,0.051817577590712968,-0.11802809198468553,0.99165735420813794,15.251480555300285,-24.394756866008304,-0.51942851987136818,,0.2322511405496732,0.4166666666666667,0,2
-0.90478219183159225,-0.37541569187756296,-0.201077705468582,0.41923037775981098,-0.86821398334294275,-0.26542488483777477,-0.074933808843440919,-0.32444959149283953,0.94293021315065706,13.606988124790563,7.8972392967660774,-1.6278575649250635,,0.319435257439191,0.2142857142857143,0,3
0.49304776274601436,0.84576173636301233,0.20393868920675964,-0.86764385748571293,0.46076254746086681,0.18679403476739673,0.06401593722238981,-0.2690445319302992,0.96099791863455364,12.50380904495395,-17.377788650508439,-0.93883662350256203,,0.5803451657424057,0.2608695652173913,0,1
-0.99596400043304967,0.076624935105558151,-0.046736807352081987,-0.061973880967876468,-0.96377045500411995,-0.25943351390853736,-0.064922630254604555,-0.25548997902309334,0.96462942247248662,-12.386253160860429,11.876315825108408,-4.2874678719579826,,0.3907453424637229,0.3809523809523809,0,1
-0.98229257654628077,0.18266222161400442,-0.041663015458619702,-0.17956897021579435,-0.98133990082392653,-0.068753065288209014,-0.053444167106504563,-0.060054240865420425,0.99676336668056242,10.849225241784858,13.039334109109973,-2.0076138479253425,,0.1259400074354508,0.2631578947368421,0,4
-0.23478131556173534,0.96124393234098249,0.14452624813764978,-0.97174743694562582,-0.23579834142028647,-0.010298590828311395,0.02417959165717776,-0.14286092790223173,0.98944737233781421,-4.0346500877971971,-0.15053142218240603,-3.0527673957509704,,0.3748314514678177,0.3035714285714285,0,3
0.28268759519941927,-0.93619166680223254,-0.20888486429233419,0.95677018151923776,0.25967231611388947,0.1310004122119201,-0.068399877748531138,-0.23688700102391833,0.96912641356526852,-11.520547798608741,3.486042133874959,-4.042863853883194,,0.3873854104895272,0.1153846153846154,0,2
-0.88249272587996508,0.46766063316621359,-0.050001209540624439,-0.46817941080440584,-0.88363215563377651,-0.0015009426522158782,-0.044884608361759573,0.022084965849693709,0.99874802939261387,6.1300581171452482,-15.042253780170645,-1.6407331332923791,,0.1042847624733747,0.4,1,4
-0.81196529246102156,0.58317413482391922,-0.024905668251662905,-0.58058944160217585,-0.81129799162940175,-0.068640141886312678,-0.060235073991503713,-0.04127344485832378,0.99733055634065759,-23.030249038922381,-1.0916666983961687,-5.299657980970534,,0.1901903201990098,0.3529411764705883,0,3
-0.98480324864130608,-0.15457696092732146,-0.079174014777598639,0.15826964890262907,-0.9864734928020964,-0.04267043748393843,-0.071507200349116104,-0.054552828976190418,0.9959471417444431,5.6136994927438719,-12.387585584387764,-1.7035057926766115,,0.06893407014647189,0.2592592592592592,1,4
0.39705754383834535,0.91753984922581044,0.021585457227887163,-0.9156127974943209,0.39438407012531107,0.078194694807363435,0.063233788006756581,-0.050811714339020535,0.99670439837508784,10.839363458526966,-17.025270899333059,-1.0933469745726736,,0.1331627458478533,0.1666666666666667,0,3
-0.94740163042326209,-0.29942259561622753,-0.11303211891221812,0.30489395168361794,-0.95176878975761947,-0.034290655725199751,-0.097313045878199417,-0.06694983254465578,0.99299944160314102,-0.16333728208137449,7.4666058936213808,-2.916988382085822,,0.4604389445584892,0.3768115942028986,1,2
-0.95987475908544684,-0.2649714614911815,-0.091818143446071129,0.27050019263958314,-0.96120687583438724,-0.053953569211364363,-0.073960074720110805,-0.076625494738529448,0.99431304975016366,-19.178764443079736,2.6535116113861239,-4.9429309709461187,,0.1370956433164199,0.2307692307692308,0,4
-0.75360477555017291,0.65686133925831547,-0.024759306447183691,-0.65674891613804731,-0.7539872384815125,-0.013568542977138665,-0.027580852406576883,0.0060353288886882041,0.99960135623443991,18.663568375465157,11.428088457112128,-1.3168912296578459,,0.1024394368872194,0.1875,0,3
-0.31440552973514169,-0.94076935832459807,-0.12689435491576911,0.94770470532986972,-0.31878301980483925,0.01527015978085495,-0.054817464074784911,-0.11545735455843288,0.99179869172669222,-13.806663337069022,12.665633449476761,-4.5108749748624222,,0.0700872856692682,0.45,0,1
-0.35132737905994071,0.91715958543018306,0.18811530393991829,-0.93618866820575242,-0.3464885999916627,-0.059130597823440899,0.010947613713162458,-0.1968856138201894,0.98036534252524199,8.1406300033428618,7.4753028265806645,-2.0648856392652406,,0.1104484833119309,0.3333333333333333,0,2
0.0036048069609040975,0.98389770090262763,0.17869616539058336,-0.99935589867170938,-0.0028357718267527391,0.035773540336504747,0.035704245641597784,-0.1787100236603158,0.98325374867655313,-24.688627811575511,-3.3942163447104803,-5.4134703251593725,,0.7109908693813369,0.4137931034482759,0,1
-0.76728109758482121,-0.63398935014835522,-0.096629297769874098,0.63678299951497574,-0.77103909953023109,0.0024735651034991841,-0.076073180673239399,-0.059633974327365794,0.99531736661638748,19.895011960257161,9.4684764733508615,-1.1469995539237996,,0.07987561465299439,0.25,0,4
-0.99529715029496935,0.075645892715816537,-0.060508524440277517,-0.067534068518526946,-0.98967724075749652,-0.1264045438896966,-0.069445894076233153,-0.12172369548224581,0.99013161233953995,-9.8348684927708394,14.076348990241776,-4.0942439124722014,,0.3022908563396086,0.375,0,2
-0.075914937940114974,0.99678434946937255,0.025649227092995348,-0.99665535808333694,-0.076635256016736666,0.028374896282184758,0.030249287616801578,-0.023409361122610835,0.99926822345679889,-10.193522069765605,-13.111704343490217,-3.2480627721842787,,0.4133425127030785,0.1333333333333333,0,1
