axis_00,axis_01,axis_02,axis_10,axis_11,axis_12,axis_20,axis_21,axis_22,location_x,location_y,location_z,dbh,dbh_approximation,score,reconstructed,number_clusters
0.62979321378153164,0.77337682571962141,0.072448556331874012,-0.77544812852881029,0.62056225605451321,0.11654478247308636,0.045174194358019101,-0.12957921052536028,0.99053950974392135,6.1489570231635433,-25.498129932050432,-2.9702830352451199,,0.3883101540050939,0.2631578947368421,0,4
-0.5512118290484026,0.83398488038843344,-0.025194023112734019,-0.82804204449896102,-0.55049543278577584,-0.10630687195088806,-0.10252751854548922,-0.037735894921040965,0.99401413982669906,-9.8997432640088849,15.096715193781412,-0.48836952976373105,,0.1045309431104537,0.3,0,4
0.4202141414886521,0.90641672966319142,-0.042764324847245336,-0.90736619675335362,0.42025642144059,-0.0084335773728857148,0.010327646503933622,0.042346811268795234,0.99904959200885257,-11.685336142135618,-32.292494272315651,-4.6786655797411445,,0.1955234662590488,0.4666666666666667,0,5
-0.92778186094407922,-0.32421292299671783,-0.18468026170943483,0.36335560627863595,-0.89757081808283845,-0.2496784530390822,-0.084814632517190472,-0.29875174825936729,0.95055450712883616,-17.593951332914394,-24.725532078885834,-4.3461847644729232,,0.3687121894915832,0.2,0,1
0.87672958585011229,0.47859313345983423,-0.047894111331025419,-0.47601517652357345,0.8776362441200426,0.056250997556464809,0.068954949164818216,-0.026518589931657295,0.9972672557412654,8.518584513959814,-25.594177662067288,-2.7615751285400085,,0.08361224459573145,0.2307692307692308,0,3
0.91358925180517281,-0.3818133910336482,-0.13990430091119324,0.38801644613614167,0.92145580152368967,0.019037945430442627,0.1216466872296242,-0.071678031960428309,0.98998199136162901,-33.420936894792575,5.4234062305068562,-3.1275132291044008,,0.699672788023126,0.5428571428571428,0,2
0.97786761493124985,0.19745294864729171,-0.069190033524789141,-0.19090637583184164,0.97737115784210316,0.091106396510569287,0.085613569808898171,-0.075881176116869911,0.99343462984521502,15.686757346835252,11.113372808987576,0.8674340591154347,0.8172494496688774,0.6097320583054915,0.3684210526315789,1,5
-0.70795163892727098,-0.68799736353782825,-0.15957476211854413,0.70626069022877147,-0.68946477690393326,-0.16073008071419204,0.00056069400902621536,-0.22649050570345958,0.97401321163956511,-12.289623590804919,8.3573100015438762,-1.2552256423126598,0.3744097017279941,0.2331025806470481,0.2619047619047619,1,5
0.78615160983558541,0.61695488356029715,-0.036500931550018281,-0.6115567084935275,0.78508284696510466,0.098200385425568207,0.089241462613974407,-0.054878001533108567,0.99449704187506327,16.517620185333335,-23.247761962846397,-1.8190043419852431,,0.5030917972825399,0.4285714285714285,0,5
-0.087829843054543388,-0.92757650354699772,-0.36316352891850207,0.99560447792732132,-0.069838953217252017,-0.062403879243067069,0.032521411409701821,-0.36704815853106232,0.92963326485172382,-4.6856967099012907,14.289170277350818,-0.38726275547094524,0.8333101351835593,0.6202189224988307,0.4545454545454545,1,3
-0.91926663448723145,0.38439919533623412,-0.084770946339973785,-0.37492471372966757,-0.92063256893243461,-0.10893636700199422,-0.11991794591822284,-0.06835884467808144,0.99042756151120492,-11.522811302111387,12.286047234323821,-0.82675304048479892,0.2934950972498553,0.2453025325595048,0.6831683168316832,1,5
0.4572265072582381,-0.83800659658941778,-0.29780675803791484,0.88423589664413238,0.46421259413407046,0.051318091675979088,0.095240748350586976,-0.28679541753650356,0.95324581737014835,-5.6447072506381684,-25.359114814074911,-3.6502125202530782,,0.2132205892451244,0.1923076923076923,0,4
-0.54008409740958818,-0.82429077674613505,-0.16986430789463874,0.84160121114170916,-0.5279868510878275,-0.11374219306470842,0.0040705196326138691,-0.20438835693261623,0.9788814179563865,9.5974079270541601,12.799541724790721,0.53113450926541794,0.141562054198495,0.1426476631706953,0.4285714285714285,1,5
-0.67365600704315376,0.73836303808475812,-0.031742844310504163,-0.73103895940482644,-0.67204834816459347,-0.11803837325865983,-0.10848789797476689,-0.05631200333399778,0.99250155378897442,-9.1192999893422062,20.513295864182975,-0.10599213960397863,,0.1291068785649645,0.2666666666666667,0,3
-0.74809153016695018,0.66284956389382488,0.031456607227055282,-0.65414659983711787,-0.72863944078171472,-0.20292065261783518,-0.11158534139397078,-0.17238045417934228,0.97868978261904538,-1.5860493627955525,19.209130145287361,0.25043557736664535,0.2275963576219356,0.146014333564363,0.3846153846153846,1,5
0.0053771483112691927,0.99998484262262899,0.0011835544072114196,-0.99919338313043404,0.0054199862414780996,-0.039789532009059034,-0.039795343752710072,-0.00096864551741171717,0.99920738204912429,-16.54965642223274,16.685370926551069,-0.84301220707869551,0.3499796734254009,0.3541794025455536,0.8229166666666666,1,4
0.72582184423150553,-0.66682664620523868,-0.16889308555133051,0.6788662510330653,0.73400476139567639,0.019432536035910164,0.11101019612939551,-0.12876037495731799,0.98544279498921838,11.873973465525676,-31.253400695466933,-2.7685162500189082,,0.3054273003880848,0.4117647058823529,0,4
-0.34999392883842217,0.93329391491844915,0.080415907334553977,-0.93178169764248542,-0.33802027750069663,-0.13238262702046583,-0.096369692926423195,-0.12126318639449579,0.98793123339163635,-17.163878115333993,13.833186428790249,-1.0708609742335506,,0.1307726150406226,0.2727272727272727,0,2
0.014266745998185578,0.99630425980639947,0.084701132520443603,-0.99791886375315608,0.019514759157170315,-0.061458242251531667,-0.062884030756890669,-0.083648048791708965,0.99450922701054212,15.404314005548621,-23.75613959519675,-1.9766411174563412,0.6386389249767389,0.7054271366927337,0.4923076923076923,1,3
-0.99149623383883723,-0.061341605837302429,-0.11477118835623776,0.076135379783385151,-0.98867725366425818,-0.12930851492511997,-0.10553967134988476,-0.13694705356524206,0.98494003994718204,-6.1113700688197587,8.7217071768342205,-0.84491453774647973,,0.08000498769727575,0.3608247422680412,0,3
-0.55723024205353255,-0.79216499042575661,-0.24893590597726722,0.82931855534491861,-0.54593047325785427,-0.11912452362579648,-0.041535419843540262,-0.27282695305305982,0.96116609521258289,-7.296922173596295,13.387961069653636,-0.63213223974011401,0.5180898238797125,0.2170911717986081,0.4642857142857143,1,4
-0.95356641628814653,0.2961573410626207,-0.054789771509845514,-0.28047778279086821,-0.93948007348541152,-0.19674705813446339,-0.109741984163314,-0.17224407350781598,0.97892220122609019,-5.3353362974238525,-34.660898976207029,-4.5619906164895188,,0.3460366903799141,0.4166666666666667,0,5
-0.666719407097776,0.74496046845977137,-0.022784482249695318,-0.73602770902852688,-0.66291864173097126,-0.13712069861177478,-0.11725375789887035,-0.074651020607630972,0.99029227068620018,14.970388081812709,16.28207917537101,1.2171474534731206,,0.4031126473794032,0.7045454545454546,0,5
0.027792482969847165,-0.96203439716094974,-0.27150947786318597,0.99837118483546416,0.04025289330382624,-0.040431199226629737,0.049825246417889379,-0.26994355569237038,0.96158614879768156,22.694412616496766,5.8781679202099077,0.96497876513348757,,0.4622667448237155,0.28125,0,1
0.33479646263066393,0.94075792632755195,-0.053720132742557512,-0.94227394516536922,0.33390846386842232,-0.024999000370425181,-0.0055804007458678008,0.058988658307458024,0.99824305523184087,-6.8380217276878916,16.778063228422091,-0.25287255392896391,0.8490909990006134,0.7916351985761804,0.9078947368421053,1,5
-0.95731445336664289,-0.2625928358472871,-0.12080579430228598,0.27342348108369224,-0.95823408048217207,-0.083827483527558408,-0.093747732598726041,-0.11328040238349732,0.98913038223908123,-1.8132654560495296,10.054893032453517,-0.49332201168737511,,0.08373157090396166,0.1904761904761905,0,5
0.48816712597624473,0.87099905699469649,0.055258481977367144,-0.87268639478793997,0.48638664512453389,0.042970778402647417,0.010550519803387812,-0.06920024681206538,0.9975469975760678,9.0125511574615551,-24.219151891871128,-2.642684109661853,,0.226638661916829,0.2727272727272727,0,5
-0.65775266435545576,-0.72672394883118285,-0.19807507346587441,0.75191450025508155,-0.64904969731107864,-0.11558146359407523,-0.04456474884312147,-0.22495953550718747,0.97334844251426189,11.38960874379778,11.964846336566657,0.58892931133047011,0.2744249310417206,0.2114913979679352,0.3409090909090909,1,6
0.85421268865854527,0.51984442724255675,-0.009080418470389302,-0.51531742726102059,0.84883525462210574,0.11801126925725476,0.069055279999592864,-0.096127425719632523,0.99297073790152235,-0.98457263153452801,-24.881396097846121,-3.4003790621935961,0.1282429088524022,0.1409238486008175,0.3181818181818182,1,5
0.89919076350791338,0.4339636271606358,-0.055960174442543149,-0.43085815137292444,0.90044673835360156,0.059639959623278824,0.076270729756318489,-0.029516803518416696,0.99665015631990583,-4.2993157570341447,15.770819960830353,-0.23227267412346017,0.1710100591526121,0.1716062382758722,0.7857142857142857,1,4
0.81695955747556614,0.57449068875780462,-0.050373901773747454,-0.57305813229828839,0.81849898628585971,0.040789538558540589,0.064664197637684648,-0.0044562293033766692,0.99789713075259956,-10.437277314087734,18.597091091185384,-0.25712507514343969,,0.1547836867804307,0.4666666666666667,0,5
0.26170656738908005,0.96514142834898298,-0.0034199225006887029,-0.96513546815639506,0.26171934926321577,0.0040632902648663916,0.004816709661440482,0.0022372987562371306,0.99998589680170646,0.41062915077557116,-28.583477277398522,-3.6345218022738242,0.4447247429449167,0.3040228578853337,0.4285714285714285,1,5
0.98438830151688472,-0.12515901351058312,-0.12375335621210537,0.13968044506604888,0.98330721051571779,0.11660318612262763,0.1070936277415843,-0.1320687362128348,0.98543838154005903,-2.6790149926471014,-25.048116768257877,-3.5044361574246121,,0.2985441653764858,0.3939393939393939,0,2
0.41137688689268104,0.91061940999812663,0.039259993188363179,-0.91076906418545478,0.40899783197050893,0.056749318640620418,0.035619778961099864,-0.059102145291752083,0.99761624273498795,5.1358670626268443,16.043980690416717,0.53403055929671817,0.8492011736039825,0.4376262070549329,0.5,1,4
0.016322862014817887,0.99765621228461931,-0.066450329311092807,-0.99919316227694344,0.013836698010993609,-0.037703716622573061,-0.036695893975320214,0.067012147242571096,0.99707712013027971,-13.617569672407432,20.989775229605556,-0.35153905781344869,0.209011272321354,0.1378750057387245,0.6190476190476191,1,3
-0.24504341184524897,-0.92492797953463823,-0.29062339717443852,0.9693387154213059,-0.22806394376860317,-0.091483836485381012,0.018335241929469163,-0.30413002190951682,0.95245406643927133,-12.267393359347354,11.660340218619284,-0.92452063554204578,,0.1018150696971446,0.2105263157894737,0,2
-0.98950783824535848,-0.063283665154837507,-0.12988231509935386,0.083745853565576289,-0.98377095028916561,-0.1586863238522018,-0.11773219636773323,-0.16789846661516358,0.97874881090436372,19.577172489463994,9.2292014910125122,1.0075928558868272,,0.2114485141634792,0.1818181818181818,0,9
0.85774696598941957,0.51309432488801343,0.031691577803254344,-0.50924369634368716,0.83964489492730665,0.18885790467103028,0.070292247582252984,-0.178131030958188,0.98149291171134212,-21.932290324183317,-22.321620969507197,-4.5181736292464363,,0.3121080218103804,0.3684210526315789,0,1
-0.18402588217164056,-0.93078301667521668,-0.31587568845976971,0.9808699573177051,-0.15314885254062419,-0.12016470279185267,0.06347126532938803,-0.33194638849439856,0.94116045053062669,-7.7531705263854898,18.745075207259482,-0.034427071951205632,,0.2986603291505015,0.1818181818181818,0,4
-0.95352172346358699,0.28575336227858178,-0.09561034896661301,-0.27764203157783685,-0.95648343145773762,-0.089746017450157908,-0.11709494089995257,-0.059029325706111316,0.9913648740611698,-10.926862324931321,9.3759159802386218,-1.1246008768308642,0.2857124797338061,0.1987755638335194,0.7219251336898396,1,3
-0.30151450634436094,-0.91775055009710049,-0.25850131578076291,0.95318472932304699,-0.28360414682417123,-0.10491691803271605,0.022975514124088617,-0.27803347945994394,0.96029657400728552,29.554080040286191,2.485753148442392,1.3338726108519066,,0.3540719347233271,0.75,0,2
-0.95753801691414309,0.28007629438038828,-0.068397481607741478,-0.26600094276303865,-0.94973185905607016,-0.16508450667181554,-0.11119552425033015,-0.13988089655150293,0.98390491927149271,15.344156256377392,9.7150991135776241,0.70689221596195451,0.5200510116475756,0.1842709827512811,0.16,1,3
-0.93761888012537975,0.33763207679722168,-0.082918130405990761,-0.32629554879499995,-0.9369202568313969,-0.1253461095350008,-0.12000854331671437,-0.090471061984402468,0.98864196576638153,3.3565519870497522,17.569554633265604,0.50522622011666041,,0.08403484326841419,0.2631578947368421,0,5
0.87560149044060953,0.48080790382494271,-0.046322667859801832,-0.4795885221223859,0.87678277644234937,0.035310230564427753,0.05759235527959166,-0.0087018706903659506,0.99830225786574223,12.47847660688139,22.387693258487861,1.4858720114738355,0.5217549683036808,0.5126044364519088,0.2666666666666667,1,4
-0.40288851432954381,0.91321826772130876,-0.060936364524186874,-0.91089939387907037,-0.40656738121391256,-0.070464592268764628,-0.089124291032664602,0.027117522618276262,0.99565129473876091,1.6384156156098881,11.507566767364874,-0.094360248396865534,,0.08092622600680205,0.2352941176470588,0,6
-0.99063796739304943,-0.074332012183764104,-0.11450401531859165,0.087687617318397262,-0.98932400096235551,-0.1163997546769739,-0.10462934257840792,-0.12535060065492359,0.98657991444538307,-24.174240961183322,21.068712722436942,-1.3248962461306584,,0.4111898657609673,0.3333333333333333,0,1
-0.74347862286845312,0.66073748854909675,0.10327394910364003,-0.66012504260293903,-0.7003405914640789,-0.27158421175799735,-0.10711893140849078,-0.27009077580246432,0.95685762125842211,17.07691196611831,9.3216317923474552,0.77862191150277038,,0.439213699065655,0.2142857142857143,0,2
0.88482210110028914,-0.44845617340318705,-0.12639980198180381,0.45083827122511411,0.89254137248952237,-0.010712217010016881,0.11762101259221971,-0.047507461846427748,0.99192153846243802,-10.144725170858333,-25.057462596199425,-3.9446935398986103,,0.09258021836427495,0.2352941176470588,0,4
-0.78829881172392113,0.61275113463335329,-0.055866183332973669,-0.60391159801078942,-0.78790446647994505,-0.12040487319460735,-0.11779543803861799,-0.06117678241369847,0.99115167157746231,13.982307946964195,7.856024914695162,0.44483757954885728,0.1479042861848688,0.108502303998118,0.3461538461538461,1,5
-0.98084900776416761,0.18130593803206194,-0.071157436732656065,-0.16211345663127796,-0.96245907694752286,-0.21769646846097751,-0.10795578329624857,-0.20199178704996076,0.97341916295974795,-18.147511091972028,14.351913342541271,-1.1359393522379722,,0.4727669997655115,0.4,0,3
-0.26789847618103008,-0.9136688754968787,-0.30567890409406995,0.96331878726711273,-0.24884423267625358,-0.10046622299054757,0.015726428650585284,-0.32138097923187064,0.94681938384776532,-18.548777868098124,17.662137596923557,-0.97915879480648926,,0.2859613813223284,0.2105263157894737,0,1
-0.4111963802360139,-0.87718624962690417,-0.24791494579046092,0.91127353130900179,-0.38891898817179493,-0.13536089455618303,0.022317885572389572,-0.28157823798176401,0.95927869145450284,4.7597548265509193,13.52937330732942,0.2212951130618577,,0.2749754124127025,0.1176470588235294,0,5
-0.85413238510189204,0.51575130440903594,-0.066771705987876614,-0.50647436490261766,-0.85409261329490227,-0.11836184187302738,-0.11807449519961427,-0.067278524920387744,0.9907229752397454,10.871881924972177,9.3856278242978792,0.28242215745818666,,0.09429870213750688,0.4166666666666667,0,5
-0.74496084395516715,-0.64568763706132881,-0.16769262452404929,0.66518595268231262,-0.73803171464165118,-0.11329976406519833,-0.050606218271378692,-0.19595066605975842,0.97930707499895397,-20.850676532889068,15.83708276045637,-1.3465269470241719,,0.08535523441433326,0.1304347826086956,0,1
-0.51715178461021616,-0.83528863485980742,-0.18667331932686082,0.85573312696582171,-0.50883163765895789,-0.093867885512566113,-0.016578512833352099,-0.20828648777907491,0.97792734490906397,10.689024419477798,14.434988955788405,0.75964219261870214,,0.1095435066820402,0.4444444444444444,0,5
-0.46242374394677399,0.88485251903231044,0.056571199354652595,-0.88405607953133991,-0.45524149136008996,-0.1058302073508282,-0.067890568401850995,-0.098950513421693448,0.9927737237737797,-12.51251247592748,-28.230343223577396,-4.3036673451703082,,0.7306957602412587,0.48,0,2
-0.85201227383002343,-0.49960269558494319,-0.15643603103905207,0.52308782353740102,-0.82457537057912778,-0.21553326216897176,-0.021312299498119698,-0.26546676778563527,0.96388442309830324,-2.6323465653135498,-26.620312613630251,-3.6353241369392713,,0.5205026072513786,0.4313725490196079,0,3
-0.6228944789348253,-0.76040193775417397,-0.18382426709281977,0.78227564515369807,-0.60749594379576111,-0.13781688311330159,-0.0068762716555215353,-0.22964662273022265,0.97324978579844768,14.342908195053854,12.588803290472169,0.90295253016319232,0.8067137655770429,0.4135379411522342,0.4827586206896552,1,4
-0.989349097599871,0.11962848625905088,-0.08293002082292579,-0.083237143761126148,-0.93233086110789898,-0.35189592683674992,-0.11941499477374032,-0.34124505959965712,0.93235822961027981,-11.718621863417027,20.81905579423006,-0.25609295703699148,,0.5002699553925238,0.3,0,2
-0.10446874599512619,-0.90971410781744921,-0.4018787418464792,0.99390863619789949,-0.081239072382196936,-0.074470370011922582,0.035098490016499076,-0.40721057839450031,0.91265965224840451,-19.716902851282637,20.604115276219929,-0.9351015963672874,,0.4701149986351458,0.375,0,1
0.15133176965598358,-0.94799022687477907,-0.28002361550892785,0.98638074265971021,0.16328976492844482,-0.019735328213388373,0.064433888621324362,-0.27322331968467978,0.95979023311222322,-13.16783670010067,-25.099710775682851,-4.1886005537229112,,0.5470139659102753,0.4166666666666667,0,2
0.7390750986115826,-0.64928973859924455,-0.17941804246508794,0.66420585760843065,0.74679909059314065,0.033491745369685008,0.11224338435261388,-0.14392342977772346,0.98320265918583016,2.3402150877356194,-27.284721419885159,-3.4106082664203643,,0.2768728052149098,0.2941176470588235,0,1
0.46076689244298286,0.88750964387569475,-0.0045280079586252934,-0.88751997999100085,0.4607687057094913,-0.00069638751636516148,0.0014683137298892985,0.0043395698446899757,0.99998950603911452,-12.529188397302413,-26.179873695763796,-4.2083601635261108,,0.1469641054483117,0.4285714285714285,0,2
0.40819286622053058,-0.83974294871188537,-0.35806474841198221,0.90855728217121301,0.4118927946234815,0.069770987888361058,0.088894594775651578,-0.35380235418369754,0.93108627161705371,-7.7282702081607768,-24.969046442981263,-3.7882426065125658,0.706579211493873,0.3000739951737593,0.125,1,4
-0.98159456891005381,-0.16595367195459898,-0.094506513273266729,0.17810217425094971,-0.97409508045769788,-0.13934988250872204,-0.068932704961934904,-0.15361690334366074,0.98572315037932112,18.742258118903603,14.852581211732454,1.4787174386602686,,0.3429536537434889,0.25,0,4
0.36261916770693936,-0.89797970683166295,-0.24927852962108243,0.92820798065604881,0.37191384117335002,0.010489966163261462,0.083290358733461814,-0.23518618339988945,0.96837501789329838,15.212614549823904,7.1668810112843699,0.47003873021154985,,0.7522479661038735,0.3146067415730337,0,1
-0.26098378219307,0.96288242733781515,-0.068883209537867959,-0.96278006304098407,-0.26482371831708973,-0.054064299010622451,-0.070299471143098979,0.052209475583924497,0.99615869971418314,-6.4350654467953952,11.713502428652758,-0.6699110206838812,,0.0885685102599743,0.2682926829268293,1,3
-0.90111704256978575,0.42400205544948438,-0.090610885465795987,-0.41815958879013232,-0.90511875875297598,-0.076828320665885491,-0.11458897806137684,-0.031341498497758878,0.99291846421484387,14.172297670766644,10.01746683858431,0.63033266006349864,,0.1219352949365138,0.2857142857142857,1,5
0.025844397334426807,0.99897051263866388,-0.037282462430295059,-0.99955315178126158,0.025263191063724211,-0.015977106791433656,-0.015018784590218524,0.037678721524540243,0.9991770363923046,-14.41691975589443,11.736593929368164,-1.0679997278663151,,0.1677984267303949,0.2142857142857143,0,5
0.93555796620349119,-0.31649420033159681,-0.15672495981703463,0.3370202532439559,0.93272012909548097,0.12825954032152959,0.10558712410406783,-0.17281372033659068,0.97927870255962313,4.1274316603787256,-26.718129726782738,-3.221088544033428,,0.2231489775401488,0.2,0,3
-0.0014194822146447585,-0.90259612756556695,-0.43048602250698587,0.99891056496704134,0.01879983009454779,-0.042711234887823635,0.046644059294501987,-0.43007766379115631,0.90158612169912622,18.070543778045479,6.9480298828975346,0.67732675844388279,,0.4978480621419878,0.1363636363636364,0,1
0.42559669423987362,-0.89045916637770972,-0.16108980993844801,0.902105003220946,0.43151226232714329,-0.0019314826035318373,0.071232134713403228,-0.14449789090234019,0.98693786152368579,3.1796299883620258,13.0459435691034,0.1477918271813651,,0.1108717053908828,0.1739130434782609,0,5
-0.44545834959017666,0.89339831965762095,-0.058363526395639402,-0.89117614620364527,-0.44871367795540218,-0.066791553757598585,-0.085859974481794832,0.022259327228697216,0.99605852595784239,12.635628972180157,12.357711924188989,0.70945247662902844,0.5930918641363386,0.5359158649706582,0.9135802469135802,1,5
0.72030074281031031,0.69215809892841318,0.045650914500374451,-0.69282121588482659,0.71462896671425435,0.096458295406812472,0.034140924515691187,-0.10110690392214687,0.99428959124215466,9.0408523248856234,-28.827361249306449,-2.9460188111283325,,0.3688332529998256,0.45,0,4
-0.87267498732846327,0.48829728760312391,-0.0020311107056640602,-0.47216802467619823,-0.84489488088667875,-0.25141598343156779,-0.12448181780743622,-0.21844541462552441,0.96787699521397796,-12.170446804745639,13.854092141776912,-0.72127774194993877,0.3551931492720018,0.2661870664038755,0.905982905982906,1,6
-0.016620585200935126,-0.94289762679956435,-0.33266773441878417,0.99857696846636301,0.0012085321257110221,-0.053315827843414529,0.050673407188642348,-0.33308047800171264,0.94153576723247379,11.526705597969656,-24.949126515704872,-2.4494625593738775,,0.1682117766706651,0.3333333333333333,0,5
0.97795588472169026,-0.17331895089981811,-0.11645955863390003,0.1739626330250521,0.98474107304400926,-0.0046926933763937872,0.11549584342826949,-0.015670364358249877,0.99318434836221203,-16.669313311600639,15.095229814078644,-0.98409881328767324,,0.08784595424191161,0.25,0,1
-0.33474084185642822,0.94211399923516115,-0.019229696783401629,-0.9399674248785983,-0.33527718098527926,-0.063643162065238248,-0.066406392465993669,-0.0032286770814326337,0.99778743562141359,-18.80175336728718,19.128570807285708,-0.91203380186144178,0.2916629454096564,0.2867151035424128,0.9402985074626866,1,3
-0.95769622045406178,0.28672442166727019,-0.0246384932082995,-0.26288543928405472,-0.90646809675878792,-0.33046457506203541,-0.1170862722117138,-0.31000757342050766,0.94349674577154397,7.6090725834196729,8.8533814105283035,0.012479647956926623,0.744917481025424,0.6504077052916037,0.3875,1,2
-0.99480821762923577,0.0047324359648213826,-0.10165733710452363,0.016279347975239125,-0.97865440054687336,-0.20486714504708095,-0.10045692095045002,-0.20545843458003737,0.97349639891120077,-14.77577947152532,-27.054272633591193,-4.4201752329554518,0.4745224447676463,0.32069641689285,0.4615384615384616,1,5
0.28113722529686397,0.95532966436975841,0.091143254975590351,-0.95846830034964481,0.28426327627875242,-0.023084778191120866,-0.047962253671444827,-0.080867930197543,0.99557018842888279,-9.4908659613622355,17.846941814642449,-0.21722942949580232,,0.305037787293761,0.5,0,3
-0.17603214106302426,-0.97034705612083361,-0.16564804855596399,0.98411317675373799,-0.16952404518095637,-0.052752757701859741,0.023107155870716763,-0.17230260817270443,0.98477300458757944,-12.862210691142334,18.585259140720225,-0.46166553641932051,,0.1940395183751428,0.4285714285714285,0,2
-0.505774371529498,0.86214577937645231,-0.029948960037249235,-0.85820249798655468,-0.50638120755841631,-0.084062744907121484,-0.087639931273255062,-0.01681450965837708,0.99601029849664169,8.1054827558016314,19.761760797925362,1.0056565023128414,0.3907393536791754,0.3547586499174079,0.32,1,5
-0.43980314250949371,0.89450494276034986,-0.080212861911767921,-0.89355924793403307,-0.44479777691931499,-0.060883561650087216,-0.090139149487547893,0.044898162823636907,0.994916623996565,-24.148360953472704,22.746676240367741,-1.2099562072195422,,0.1362709385847229,0.4615384615384616,0,1
-0.87791231831800243,0.47828330742270259,-0.022694474796981189,-0.46445308021131415,-0.86213491421633026,-0.20250117523467309,-0.11641863093050374,-0.16723775748915595,0.9790190165886794,-14.196349086927361,14.997196656207169,-0.82000154440121786,0.4312020973411269,0.2662558693912341,0.8444444444444444,1,5
-0.44990397399676135,-0.8792126579470918,-0.15675304235494622,0.89304133827113885,-0.44446906838323585,-0.070174178936641338,-0.0079738523196015813,-0.17155858869828841,0.98514164886225164,9.4970941826594721,10.390660688956673,0.26986705965526536,0.165086832429088,0.09983200835840407,0.3076923076923077,1,5
0.52958362612142229,0.84493283030918487,-0.075031294869505466,-0.84805433443292999,0.52931826886619182,-0.025020313627476795,0.018574950702627956,0.076880963249733786,0.99686723724685955,-11.249691672963399,-25.118416264688094,-4.0253367030419716,,0.1112721552165091,0.3928571428571428,0,5
0.15819826060170164,-0.93662986162472361,-0.31256649317456725,0.98536149781533588,0.17011896633453694,-0.011056939738753905,0.06352974866717051,-0.3062417992471298,0.94983152791859138,11.260460632904765,-29.273442407683554,-2.7257651905755136,,0.09061059319984788,0.2352941176470588,0,1
-0.090530830599160908,0.99588404719802992,0.0043741567758012346,-0.99461767728703254,-0.090191701540969435,-0.051001303917590272,-0.050396872315410055,-0.0089678040577364296,0.99868900752496859,-9.7834663485354394,10.765066720580064,-0.95814108464844772,,0.4362981749468885,0.7959183673469388,0,5
0.16597429266285582,0.9763941868022632,0.13822780528465484,-0.98566376258487931,0.16856815680776083,-0.0071919147279278402,-0.030322950088742674,-0.13505246569086346,0.99037434852117112,10.247598607933137,-11.768462825852056,-1.5565444339958898,,0.4108624879304831,0.2244897959183673,0,2
-0.99349008132592398,0.041919342454328087,-0.10592557309359452,-0.025093609259807678,-0.98752496876602958,-0.15545014261160822,-0.1111205160234858,-0.15178011988350121,0.98214816913071945,5.4612469443637579,9.8446427311306852,-0.087106962022031248,,0.115625320648666,0.2727272727272727,0,5
-0.8323498567443135,0.54858816709307046,-0.079023660401078291,-0.54172473935137311,-0.83536804976059398,-0.093244454064933605,-0.11716664522126824,-0.034802936149783671,0.99250225837674833,-7.8935023906221273,11.774554594849651,-0.82047052659762953,,0.08789376528955285,0.2352941176470588,0,5
-0.99452831157553745,0.051853343923192158,-0.090689956437815425,-0.030347380544848448,-0.97408219807024232,-0.22414929822935148,-0.099962362761070511,-0.22017062048926456,0.97032593694314628,-21.56002953096425,15.242102279102077,-1.4331115009243236,0.2663426690069454,0.3184584575611027,0.2727272727272727,1,3
-0.9918472420252189,-0.08426943276668622,-0.095591376118085714,0.095251803936738613,-0.98857259475422077,-0.11683885803835141,-0.084653070433183306,-0.12499155012275771,0.98853981713643968,6.1920245452147968,11.559767071183408,0.11577005925721608,0.5617799342030979,0.7084688578185718,0.7550200803212851,1,5
-0.97065583478562989,0.22302969793160057,-0.089916651612205259,-0.21042256108920274,-0.96874549716946334,-0.13135641399851788,-0.11640273270534693,-0.10858137756737238,0.98724894948756381,1.7535496937265247,-29.535963835993961,-3.6416330371223511,,0.1155863789738553,0.3529411764705883,0,1
-0.44507591944226993,0.88361934559595889,0.14534193483364044,-0.89125345030748204,-0.42132117736413388,-0.16779676045593914,-0.087032828562708248,-0.2042187983342087,0.9750487009166795,-0.6434839109268996,14.570687895332874,-0.10617772419264224,,0.2111899326199432,0.5,0,4
0.90523143041290377,0.4215788343284525,-0.053172773473580688,-0.41735658555772448,0.90563553859338897,0.075084963396550464,0.079809384687562712,-0.045777261636391897,0.99575845687238151,-14.452411831726844,-20.873876165266847,-3.7846224562316442,,0.9138221062242116,0.4227642276422764,0,1
-0.93792687094779081,0.33617503061922571,-0.085320182502437961,-0.32606032106050403,-0.93851141545359096,-0.11349444961415031,-0.11822796532127085,-0.078629967896855973,0.98986841366139744,-20.517693031265953,14.468310154594358,-1.3666512232718082,,0.1595720130249474,0.35,0,1
0.29370180070464069,-0.91349493069614318,-0.28154265015322327,0.95280063676698512,0.30345214100583262,0.0093672138549428258,0.076877817602214751,-0.27100518391983774,0.95950299189178923,-10.785328248464895,23.274309981527903,-0.043616939667810654,,0.1681316803558541,0.1764705882352941,0,1
-0.63323041603711905,-0.7461269047715402,-0.20570338398164403,0.77211947251604318,-0.62733627852377227,-0.1013938548901905,-0.053392512274718501,-0.22303326125039447,0.97334752478701492,21.673343740605809,8.5718525244314865,1.1112728509630316,0.7138313058103284,0.6355904032708726,0.5111111111111111,1,6
-0.64052108870259883,-0.68437880416085728,-0.34836530731775239,0.76561561315713389,-0.60436863228393489,-0.22038894981661791,-0.059711538393038506,-0.40787768843931677,0.91108195210756726,15.577837376686896,-25.113069688236042,-2.0131810570302671,,0.4676458441948723,0.1363636363636364,0,5
0.46424957535360278,0.88118786228913171,-0.089332430495934298,-0.88565385451689949,0.46293361431258706,-0.036190036181866489,0.0094647643055455477,0.095918820331550192,0.99534416065140252,17.828693805047838,3.7367163021522352,0.35299569205072856,,0.5014096353277625,0.1071428571428571,0,1
0.21500540607746074,0.97610499265080863,-0.031491565214049132,-0.97638872732905502,0.21415348040544072,-0.028343252724145885,-0.020921962197998932,0.036841961842456444,0.99910206753133268,-0.032756097830909443,-24.325295797437267,-3.3243165090960414,0.2042000335127494,0.1343200660738807,0.5909090909090909,1,4
0.97319172930771036,0.22201799736716352,-0.060048870531791303,-0.2159628618235272,0.97192079521869812,0.093434523247285045,0.079106891735561055,-0.077961379326750582,0.9938129215367496,-5.6050077187966059,-23.042235514582373,-3.4955132826413018,,0.7833522578799725,0.3265306122448979,0,2
-0.69138602258033044,-0.6893354454895172,-0.21633772526380901,0.72178244456558571,-0.67222800903848834,-0.16474102883336869,-0.031866447832754247,-0.27004841687356451,0.96231927240734561,16.289299901428137,12.573895079864336,1.0641676232391364,,0.3482043194736222,0.125,0,2
-0.99380591469473434,-0.016259411993909401,-0.10993377751798379,0.043675326156528742,-0.96678345627470852,-0.25183767501835119,-0.10218742487645961,-0.25507916456492502,0.96150525219677097,-8.9805549093691628,12.873401904958685,-0.71233590621349596,0.5097808521578777,0.4261636205225018,0.6685082872928176,1,4
-0.88613962745384967,0.46134068817814583,-0.043832979447756049,-0.44322069295017558,-0.87133827650684215,-0.2105350926445563,-0.1353217572924568,-0.16713580503710346,0.97660311523048093,18.96631685790263,-22.835211500611344,-1.55968841969733,,0.3220371733121515,0.2727272727272727,0,3
-0.88935805174423321,0.45624726735318716,-0.029676368215347609,-0.44124448573462499,-0.87349304808996242,-0.20570172276209694,-0.11977295022871355,-0.16984794956447827,0.97816466631250465,7.8126408790953805,-27.252020316603872,-2.9259313360586345,0.6956287617010364,0.5586707362311606,0.2307692307692308,1,3
-0.75325663414965105,0.6555623485527533,-0.053314634665706788,-0.64794047502259056,-0.75353807306787779,-0.11114635965541222,-0.1130379756411055,-0.049177023061068435,0.99237293215091893,-3.4447393504118162,13.20395395774673,-0.34424273931836669,0.3788859316638103,0.1687847206935388,0.4411764705882353,1,1
0.25879322071226624,0.94120917721610819,0.21714362444600577,-0.96578591533948488,0.25605045758658651,0.041179229006531405,-0.016841456149778583,-0.2203711593967673,0.97527068932726479,-3.8142498244850302,-22.065993398061533,-3.3077907346037336,0.7853060035749228,0.6792783918231379,0.3768115942028986,1,1
0.6597258524923969,0.75122113025729365,0.020702970997753659,-0.75066727655620058,0.66004059356879452,-0.029069825404523939,-0.035502668362763549,0.0036370724912989259,0.99936296321347418,-12.379460796322309,-23.019647082256324,-3.9764976692499809,,0.4096411374014683,0.5454545454545454,0,2
-0.084288067913213846,0.99483113973488935,0.056626186709318134,-0.99487430579886937,-0.080833583722236327,-0.0607539908470048,-0.055862664353530198,-0.06145677469898117,0.99654524612529394,-14.418365955545752,16.59470464558029,-0.68382929887223631,,0.443325612576186,0.3529411764705883,0,1
-0.0005060775587331863,-0.9751972813312314,-0.22133686175077155,0.99842613068355468,0.011919902613583801,-0.054801254455977881,0.056080348195876109,-0.2210162401405342,0.97365641585744789,14.47121787974644,17.176946633497803,1.2701428638065149,0.1521588485254303,0.1535862968048039,0.1578947368421053,1,4
-0.98067038241887261,0.18070811179152721,-0.075034521249643868,-0.15826306407059973,-0.95806110435517877,-0.23889688753251059,-0.11505826175206865,-0.22240390881114633,0.9681415690631795,-8.6928424615475581,-22.671641101798492,-3.6388870025903923,,0.5318036977191432,0.1818181818181818,0,1
-0.5567332946799568,-0.7811608098086873,-0.28255234526338208,0.8305769661315725,-0.52910892165635592,-0.17374018635687782,-0.013781942042931492,-0.33140841607099442,0.94338672867008311,-7.6624032600683423,15.606059555039593,-0.40883310149159269,,0.3315870769818844,0.5,0,3
0.83246278955024122,0.55403564455155674,0.0070858013359135366,-0.55202133947242071,0.82819893623089547,0.096741732427571725,0.047729914951796917,-0.084445405987265743,0.99528429537812957,11.253444706712411,-13.472900799777298,-1.5929752741690555,,0.483405162685721,0.4651162790697674,0,3
-0.37345276771239355,0.91283554042541493,0.16511906741558974,-0.92381328632060578,-0.34979907086624623,-0.15559441519101425,-0.084273615713791508,-0.21064635329706499,0.97392303162887151,-19.026632614828213,11.498237843667424,-1.3952716488688661,,0.3053870845675025,0.2142857142857143,0,1
0.32797189304825775,-0.91623421415926398,-0.23010715367910292,0.9412855195505121,0.33760127415558339,-0.0026363560172438277,0.080099987858083199,-0.21573188102939916,0.97316172728516814,3.3747346446014581,-23.574174058261224,-3.0832279885259202,,0.4699077103874469,0.225,0,1
-0.21146322227179018,0.9670925773528023,0.14147527153374426,-0.97721139923342426,-0.20646327178954268,-0.049303129821666625,-0.018471243452624585,-0.14867704675259266,0.9887132794365826,1.2138780341914857,13.622949344272813,0.01117864158921331,,0.3643204582630364,0.3333333333333333,0,3
-0.47145784343599473,0.8766873307771168,-0.095639039714835783,-0.87698843965618445,-0.47748950544347923,-0.053805658631351318,-0.092837377020750289,0.058507232426739428,0.99396082678427056,-3.8110492105029716,9.7042315621757691,-0.67316728924008096,,0.1457755848068899,0.1555555555555556,0,1
0.32602174016353658,0.93964949715185386,0.10377209375842755,-0.94328972996795102,0.33060578068083729,-0.030071633101723103,-0.062564448992459165,-0.088083144146212877,0.99414639235858382,-1.2162666256715213,-28.738608857548144,-3.7218167443128034,,0.6687495334070841,0.7435897435897436,0,5
0.88777572848580055,0.45924671077582174,-0.030768726868298318,-0.45444232351290503,0.88517216848291158,0.099761749901719404,0.073050876187074787,-0.074583448464453694,0.99453550902089516,11.775231463793986,-22.487242865776516,-2.3178481088711629,,0.4169808247585921,0.1428571428571428,0,2
-0.92328961356134887,-0.36303471057050052,-0.12546747949460749,0.37485562510872111,-0.92288097758331689,-0.088170071675221423,-0.08378275367930367,-0.12843870186145825,0.98817202452308761,24.72938099169701,5.9543892814202968,1.1851072402366896,,0.4014628519840612,0.3076923076923077,0,1
0.78499595453927551,0.61470448865094929,-0.076939866060097922,-0.61648355723558201,0.78736738038191623,0.0007949645784620839,0.061068609081373945,0.046808118343863656,0.99703541814820795,-4.837898825528085,-24.384876526057958,-3.5191726446440095,,0.1599262433966618,0.2580645161290323,0,3
-0.94954314105483173,-0.23924446118702825,-0.20280510611681685,0.28914665603629031,-0.91825693318052481,-0.27055205777988295,-0.12149911348958919,-0.31554126902392071,0.94110130855504481,-14.140913532713121,19.694267820761784,-0.47908600196516232,,0.3142269312687048,0.3076923076923077,0,2
0.49464870924558108,-0.80944764042361073,-0.31641297674768437,0.86391044758821245,0.49765428537702899,0.077452894031238534,0.094770211509821303,-0.31166445042469726,0.94545432324986267,16.85022942297817,8.1610034464768546,0.65757196268686846,,0.3941401366058223,0.1111111111111111,0,1
-0.68142219771395363,-0.70026236406878328,-0.21282953256417578,0.73113948242069493,-0.66447657065645938,-0.15461547236363715,-0.033148841733688629,-0.26096648926142046,0.96477854753009729,9.6737811548818282,27.114731430349195,1.776852694097528,,0.224996723900559,0.1666666666666667,0,3
-0.36313614363408769,-0.84832015726644017,-0.38533758181885658,0.93169808106766805,-0.33434756388197684,-0.14195207733954276,-0.0084158731803278212,-0.41056621548981359,0.91179194763771776,-35.173113398408155,3.6937869801582437,-3.4533565301528686,,0.5892112841935737,0.3142857142857143,0,2
0.61072343434040854,-0.77471505908789351,-0.16380923041726855,0.78428262560422413,0.6203271076785376,-0.0097489822301704155,0.10916798946028464,-0.12251880142092937,0.9864438622524736,13.472976114079803,16.638027085332556,1.1575301175238903,0.1791964117903602,0.1057082935621507,0.1,1,4
-0.82018054838733434,-0.50090039427149047,-0.27641031649653919,0.56858265156081078,-0.76720855007176769,-0.29682454251772,-0.063384827767607441,-0.40061182672936818,0.91405280366805342,13.998146128826274,15.250121847481147,1.0588288464263833,,0.2756703928676572,0.2,0,2
-0.031383689988124894,0.99678423712027164,0.073730920455989418,-0.99792839587208304,-0.027103906041871111,-0.058346336555476531,-0.056160312631793496,-0.075409302515217533,0.99556991536469563,10.366425887737838,15.87561759085977,0.84190226374530786,0.2549335485958453,0.2428134327814515,0.1818181818181818,1,5
-0.94523923509599628,-0.26503460547990731,-0.19047164180855428,0.31399692888480063,-0.8976773116714829,-0.3091623728094563,-0.08904334386157027,-0.35203991536240531,0.93173986761626792,4.4451937478480676,-28.516401085915096,-3.3029128069527314,,0.4031462293289358,0.25,0,1
-0.30707283503621574,0.94959486654447622,0.063054448020741616,-0.95114539293652223,-0.30399111072026475,-0.053961524243573582,-0.032073594722934314,-0.076544065971433428,0.99655019466462913,13.491364367525419,10.660433051054756,0.64172258035959695,,0.1330164329412123,0.2727272727272727,0,3
0.41510187296271073,0.90937211186658029,0.027070227597255012,-0.90934808894985497,0.41381204270784355,0.042960987339800479,0.027865537606481364,-0.042449446042079876,0.99870994605271823,11.952825722098222,16.643331139731263,1.0371873514694212,,0.1576064409968787,0.4736842105263158,0,3
-0.99397908626869724,0.029600697237262722,-0.10549585197301903,-0.019748715844561719,-0.99544803944466476,-0.093237272526945247,-0.10777552729138461,-0.090592491349123477,0.99003910843371334,-9.5815409625630057,9.1041692466737665,-1.1190826375618159,0.4513347620106646,0.484997853451802,0.518348623853211,1,2
-0.99389467681022015,-0.010882134313206405,-0.10979503887288009,0.022335271291583858,-0.99436507193496504,-0.10363030141856752,-0.10804863286797874,-0.10544990691584864,0.98853720722429006,4.3926366837307906,9.8575695618934933,-0.16000081931048796,,0.0955908106930084,0.543859649122807,0,1
