axis_00,axis_01,axis_02,axis_10,axis_11,axis_12,axis_20,axis_21,axis_22,location_x,location_y,location_z,dbh,dbh_approximation,score,reconstructed,number_clusters
-0.9833403846599782,0.17926606417612562,0.030089302610216057,-0.18029595418093597,-0.94082624136278792,-0.28694834460083035,-0.023131294878448304,-0.28759287508207199,0.95747338417277983,-2.7371966783567196,26.730164088799658,-3.418973514986889,,0.5424026267123284,0.3181818181818182,0,1
-0.12950468704361223,-0.9774710750602611,-0.16666983366606569,0.99059525917765323,-0.13502017927938378,0.022149123732593947,-0.044153918608598568,-0.16223393174025275,0.98576395900012725,-5.1783547047319862,-20.368167893476009,-3.4343140426182326,,0.4470866147358684,0.3833333333333334,0,5
-0.97896071203473645,-0.19925995233269275,-0.04394764713628501,0.20182501115141971,-0.9772776474390602,-0.064769319046182272,-0.03004312177806729,-0.072276353064814974,0.99693206369415122,-2.6251715808355813,3.1834958917518383,-3.3189473887680951,,0.0724051563981495,0.2346368715083799,0,2
0.92339237478819269,0.38380193345557123,-0.0065267188377884392,-0.38270649679947966,0.92180635120225873,0.061715380503146913,0.029702853238238847,-0.054489694061752546,0.99807244914914095,12.43567650015977,2.3683662256645923,-2.4817032832715942,,0.2324317451909052,0.4444444444444444,1,5
-0.59704873486483423,0.77168925284997425,0.21915406734110224,-0.79487554141554728,-0.60593451921760944,-0.031878395189597425,0.10819279946299787,-0.19323316344864844,0.97516935077348821,1.3083331985345932,-18.882132704986581,-3.0050691322401399,,0.438901376825509,0.3703703703703703,0,2
-0.84359667677587002,0.53663333607017005,0.019217428311513057,-0.53681368602967028,-0.8419158969891265,-0.054851516735941644,-0.013255694019805383,-0.056588735762470685,0.99830957200702952,-21.871932614928635,-5.3656356484319634,-4.7758404313219804,,0.5460944346459686,0.2222222222222222,0,1
-0.33520640222503029,-0.92168615335737569,-0.19527238057809407,0.93894830974293042,-0.34387341397441695,0.011275938651586334,-0.077541856685575145,-0.17957090485617108,0.98068422572757352,-16.511863678117951,2.3623311067603887,-4.3895817097850172,,0.5132998930119137,0.4344827586206896,0,2
-0.083583503553295579,-0.9738122371192004,-0.2114320807509005,0.99616898656876141,-0.087128019583569832,0.0074872159052996609,-0.025712800942793646,-0.20999627387252415,0.97736401449374655,-8.0446642589716308,-16.533905596427854,-3.5867760836853844,,0.2025619009705004,0.1818181818181818,0,2
-0.71872181511904643,-0.69298002159212435,-0.056724264174696962,0.69456260932938141,-0.71931920376463132,-0.012754011799292123,-0.031964577168217968,-0.048565139447903673,0.99830841578986063,4.3747058096743299,6.2203907369623535,-2.9485285943605519,,0.07379040016498375,0.4186046511627907,0,5
-0.79635021263733829,-0.60077618607121175,-0.069959367365602612,0.60395908910675877,-0.79608411613197683,-0.038516213828779344,-0.03255391708844068,-0.072924990861148037,0.99680599325550834,0.15050153274424483,7.258944107627638,-3.2152485729179343,,0.06613269784134576,0.3243243243243243,0,5
0.30732542867149576,0.94153816832870296,0.13804694300169185,-0.9512864125939906,0.30022242287402823,0.070147402073806764,0.024601668763268286,-0.1528802615901709,0.98793845127628466,-10.240725263432957,-12.015515503296795,-3.7425506691829451,,0.8457326077155358,0.4102564102564102,0,1
-0.85617102660548416,-0.5127834913642102,-0.063437088407666195,0.51587487655925435,-0.85525339389733057,-0.049140044384102639,-0.029056581634549116,-0.074797882399359486,0.99677529657003738,-0.78798223907874454,-10.664054660256152,-3.1645007342912308,,0.08637914680887752,0.3061224489795918,0,5
0.73340258498924515,-0.67093138875656366,-0.10941535501145019,0.67933197835189452,0.71741116285293238,0.1543673754473554,-0.025074120514869146,-0.1875427817730991,0.98193634899886129,5.0365375372817809,-5.3798018079630685,-2.8536123329220233,,0.5890882347569367,0.2587719298245614,0,3
0.84106482524001991,-0.50143329034376105,-0.20291529040218489,0.54077521181149812,0.78851594361004296,0.29292452434542215,0.013119833619478587,-0.35610007302413182,0.93435571810633444,-9.6648097144566485,15.350667518922751,-3.8396064125874076,,0.3026209718447787,0.1111111111111111,0,1
-0.80553998592132259,0.58014255459760622,0.12058170436197574,-0.59254044437244002,-0.7890516083528043,-0.16215233929476383,0.0010737154122971873,-0.20206972979844492,0.97937054858434291,-8.6598077835897289,18.30548297007028,-3.7748943016442968,,0.4400259453803501,0.5517241379310345,0,2
-0.68975042344645643,0.72260880505248271,0.045616534459093236,-0.7235042264871544,-0.68542445404040209,-0.082066753674320217,-0.028035470580297785,-0.089609333576589234,0.99558233196722667,-4.981428720179065,8.9456759871655311,-3.548971961314785,0.3280465242229713,0.3771666977906973,0.5037593984962406,1,5
-0.68330449711273133,0.72886341485710504,0.043047493636189135,-0.72972540552021303,-0.67976354365950298,-0.073636656970809428,-0.024408948438609555,-0.081729108610798476,0.99635563733127264,10.675628677574235,2.1083101451985127,-2.5737971120019218,,0.2033019032991997,0.1891891891891892,0,5
-0.33393856585910703,-0.91620750324670497,-0.22146973885026208,0.94238433717546832,-0.32948300452256618,-0.057902597326346637,-0.019919720839341036,-0.22804552336150571,0.97344668266755141,-0.17786123692578243,-18.428216516937781,-3.0917387925132003,,0.2737752277744188,0.2857142857142857,0,2
0.15639392479884048,-0.9789830605105041,-0.13089349685717502,0.98743353073340567,0.1519257280185696,0.043515463336450358,-0.022714811673728144,-0.13605418185234994,0.99044096085082856,-3.1038410029612793,-15.813896229717754,-3.298165451827439,,0.8090055197035335,0.4875,1,3
-0.63086182503435484,-0.77364690620242849,-0.059023912423150471,0.77530771381446961,-0.63151725198960251,-0.0091602041070731957,-0.030187855407522966,-0.051540517681853582,0.99821454027828238,-2.5315227737459645,7.9645838231113517,-3.3984310725472846,,0.06820593555056116,0.2121212121212121,0,5
-0.88230956502567703,0.46527452942424163,0.071059438030782088,-0.47021024632662406,-0.87801320426439344,-0.089415532134118819,0.020788355241713758,-0.11230505512407937,0.9934562994313948,-9.7344078120381194,-5.5748378823613454,-3.7843021572164726,0.4601079295195859,0.5043270290416287,0.2537313432835821,1,3
0.71683350584111349,-0.69096721901924563,-0.093348953632853282,0.69718911312722975,0.7120093374720724,0.08348678871203416,0.0087786924086374757,-0.12492800163850758,0.99212697219973001,-1.1951558597467997,-13.825655891898951,-3.1883141120422374,,0.1212275673490058,0.3478260869565217,0,5
-0.35478229485869434,-0.91860878549494818,-0.1740328200837308,0.93404009483726591,-0.35644837582550076,-0.022663993640910186,-0.041214372386235695,-0.17059441545038959,0.98447900989607162,3.2400097139857662,-16.732673323930992,-2.8796442202048924,,0.4057222162040098,0.3225806451612903,0,5
0.80422626183867407,0.59410897649633443,0.015957562955255099,-0.59346535815172174,0.80133372631553124,0.075253755674480602,0.031921598375421627,-0.069991307429877539,0.99703672371754437,-5.8928425122549726,4.5661918566387385,-3.6119466523306443,,0.07018987955055407,0.2469135802469136,0,2
-0.43303051354964212,-0.88923882559624212,-0.14744112515560365,0.90137815250591158,-0.42745428516390738,-0.069283910686706932,-0.0014143973853885494,-0.16290225642154305,0.98664119837598874,-11.018870936384779,-8.7279992740831336,-3.8679966307973204,,0.5285722791220168,0.5056179775280899,0,4
-0.47570603352357005,0.86427004691055098,0.16352692647544806,-0.87940709208788059,-0.46337140539282301,-0.10922502941092942,-0.018626219552293013,-0.19576574439241096,0.98047378203992563,1.6643093108776732,-11.333164530421426,-3.0383118139530914,,0.4983947508851822,0.3333333333333333,0,4
0.10176365550105901,0.97423273672513677,0.2012827193579069,-0.99462075891868107,0.095708234324858879,0.03961666076850516,0.019331434170560699,-0.20423150730352552,0.97873172375142781,-2.4128800358373055,8.7857422770974694,-3.3915463879741865,,0.1036685459477015,0.1,0,2
0.72812110852329859,-0.6783313627811709,-0.098520117693007336,0.68527377067900908,0.72362237687080111,0.08228313868118553,0.015476128139084352,-0.12742534268854788,0.99172741794231467,3.8498537442385423,21.889855638747413,-3.0646829669750697,,0.2837844504202791,0.6388888888888888,1,5
-0.0658018624081642,-0.97927556152341189,-0.19154500647791581,0.99759565643254766,-0.068746811989896794,0.008762540050802908,-0.021749049876562208,-0.1905078750189439,0.98144471488985807,3.7296748363047314,13.922160179431406,-3.0282420287838576,,0.5994579958477284,0.7857142857142857,0,4
-0.23792806283304796,0.96929182525304691,0.062157818608202915,-0.97122852668939952,-0.23675070333751913,-0.025773114168236379,-0.01026576160116704,-0.066501593716295299,0.99773350759205282,-19.349387222187818,-1.4048209716348201,-4.6621315685988431,0.7550630213948669,0.3504981057389128,0.3888888888888889,1,4
-0.95086001374532492,-0.26914315436205283,-0.15305945485426925,0.29046319993151087,-0.94659767729089239,-0.13994272697441754,-0.1072210974845391,-0.17752408233119643,0.97825806229577228,-32.348691560713043,2.3693142223233763,-5.6619166159297274,,0.4101160459113893,0.2857142857142857,0,2
0.99175679405248252,0.12785983172323809,0.0083859932296637667,-0.1248979227580604,0.95001597252818903,0.28612962243018741,0.028617657861263607,-0.28481839015945792,0.95815422259963512,-8.6050670725806473,3.0698339540109467,-3.8108674067235078,1.174108697533544,0.471258372256085,0.2346153846153846,1,1
-0.6393164799830463,-0.76298197489741748,-0.095566439735527725,0.76834624318096978,-0.63876524779625599,-0.040286583343318846,-0.030306583637515507,-0.0991839915985675,0.99460748378382802,-5.2398972131985264,10.67922794790363,-3.5561081661920024,,0.06653632096405691,0.1956521739130435,0,1
-0.29153713466571496,0.91683156706019986,0.27281124748229313,-0.95651680561238805,-0.28211144041040215,-0.074086002528436043,0.0090387881920164469,-0.28254736387287049,0.95921076280268747,-4.9403721621465939,-13.956624127121815,-3.4078785499416573,,0.3089391253121696,0.2,0,2
-0.82157569139063091,-0.56364549605425829,-0.085540271765739154,0.56956531482034134,-0.8180073757026125,-0.080369679915566469,-0.024672565120249162,-0.11475054716154597,0.99308789966272015,0.9603433455728696,16.111771080845806,-3.1982065765475758,,0.1495953100808732,0.4528301886792453,1,5
0.45756802467575253,-0.88222571542184569,-0.11094723900459953,0.88915969954177942,0.45326170254009784,0.062839937310807018,-0.0051508742077427411,-0.12740335968437369,0.99183761394495984,-2.811864277205625,19.493143841461766,-3.4044453665299406,,0.1000632868059965,0.2857142857142857,0,3
-0.77172316412602882,-0.63150738483533786,-0.07511178901972311,0.63538115092667846,-0.77065788048238859,-0.0487567871940148,-0.027095220951314752,-0.085351357041498044,0.99598242697990136,-4.1130171628455869,16.644743026856776,-3.4869656638757416,,0.1345471280290489,0.6060606060606061,1,5
0.83179275985285273,-0.54306767819940971,-0.11488386114453339,0.55507567635813615,0.81504805108330836,0.16609535797504585,0.0034348467115693942,-0.20192615313624693,0.97939472660805393,-14.466705683742859,12.895454275752439,-4.1922077860148743,0.7323690032550801,0.4853534062674051,0.5294117647058824,1,4
0.83621692056603214,0.54738479765553361,0.033333842482870434,-0.54716853113243391,0.82872894544054188,0.11753694537200786,0.036713216931195669,-0.11652561214007055,0.99250890243762779,0.54778717012928957,-21.169296054400998,-3.0461420588893149,0.5875506938780699,0.3323713774867573,0.7551020408163265,1,5
-0.52384367941916576,0.84872980128003606,0.072425989477128333,-0.85181412228568498,-0.52201716569047385,-0.04371246731943728,0.00070753604769254971,-0.084591980374236375,0.99641542353031964,-43.292630209725218,3.89250834816063,-6.5135117623058578,,0.302403395325592,0.1904761904761905,0,1
0.99991744419006989,0.011169777964823598,-0.0063514458681161144,-0.0094254151872270302,0.9735553587271325,0.22825670864672037,0.0087330609151350502,-0.22817799971491975,0.97358026587084812,-17.412524447483491,8.113504039843626,-4.3864806467337818,,0.26004164411039,0.4285714285714285,0,2
-0.99673689802924414,0.071932415163508748,-0.036623541005543395,-0.071490049030471597,-0.99735330261902133,-0.013250005454788083,-0.037479714468774405,-0.010588550593720263,0.99924128897862485,5.9302808205043256,4.0305573893483455,-2.8361798316214424,,0.076898985058601,0.3508771929824561,0,5
-0.92101529937259263,0.38929423380530903,0.013446852700607177,-0.38922089960633677,-0.91837748168931455,-0.071343482082299708,-0.015424319474400872,-0.070942234613316654,0.99736116312839307,-6.1457885757626345,14.678001843407458,-3.6071994751137861,0.4782862149205448,0.1603878585045724,0.3333333333333333,1,5
-0.80156822295332819,-0.58583866751337887,-0.11950497729212591,0.5973802511462446,-0.79306559469423787,-0.11909575161492544,-0.025004389452509004,-0.16685328333126312,0.9856646297548084,-0.32056664756571418,-12.027383763327983,-3.1330761482644749,0.3884733859607353,0.3073479463991781,0.2264150943396226,1,5
-0.76509753468537578,-0.61058178115474704,-0.20448875504598621,0.64311829939966081,-0.74038160633465033,-0.19553498402744204,-0.032009614112779521,-0.28111379461566871,0.95914045847369556,-2.492364838720746,-17.65698225901707,-3.2572068861668177,,0.2182848616210322,0.5,0,2
0.66222809831250073,-0.74217572568796175,-0.10309771095886498,0.74895494381913252,0.65143651361814392,0.12123102265476253,-0.022813108825637991,-0.15749812990822082,0.98725574252121928,-1.4190298475523273,10.257998019030692,-3.3432529053117093,,0.4674961411744996,0.1944444444444444,0,6
-0.77197192509539569,-0.60287992310475247,-0.20148236940664299,0.63210351244068264,-0.76154061459900979,-0.14318184897644382,-0.067115545327884954,-0.2378900809898738,0.96897049126481172,-8.3497183797343624,-7.9352414364507871,-3.6820948591391285,,0.4501909738183498,0.3428571428571429,0,5
-0.78080092305012194,-0.61934937198963758,-0.082196556984588498,0.62408409032528434,-0.7793595513858721,-0.05583670716004243,-0.02947824226343056,-0.094894915984237702,0.995050746521706,-2.5895674623135041,-10.087072426356816,-3.2781362531191722,,0.08624773188168229,0.3555555555555556,0,5
0.27786442017605067,-0.95156933344356998,-0.13155670887487358,0.96030307623574651,0.2716362490317959,0.063496062744859652,-0.024685335168678529,-0.14397760889005409,0.98927300699347576,3.587231224107795,10.546192727346799,-3.014515239434624,,0.1560260560470643,0.1785714285714286,1,5
-0.38296062999713226,-0.91657744702758692,-0.11500843218039726,0.92338106396814501,-0.3834108145359662,-0.019067197012823594,-0.026618913900804619,-0.1134985942523537,0.99318150532794525,-36.658219280019836,-1.8765415017802822,-6.0312428737267076,,0.1682610719519083,0.3333333333333333,0,2
-0.46448828474414516,-0.84212141302723653,-0.27401123892361545,0.88492472337541084,-0.45326215068049175,-0.10705912721225737,-0.034042139979695102,-0.29220703017126026,0.95574901738065998,-10.537607093642054,-16.041047676314591,-3.7683859087510294,0.4104815010367073,0.3499054811300359,0.3043478260869565,1,6
-0.99645536007738178,-0.071588161168037734,-0.044179752756606398,0.079904239829405449,-0.96967765544702922,-0.23095574680885878,-0.026306421846018391,-0.23366724140822964,0.97196069491637749,4.3046920768638035,-7.1296532750023767,-2.8880482168386505,,0.3998548350065942,0.3461538461538461,0,4
-0.89657683216201578,0.4376941245022517,0.067630151608093603,-0.44265571882491933,-0.8806493651333438,-0.1688567744623658,-0.014349167987039965,-0.18132994531088262,0.98331762534373091,5.3612319220668887,5.8401122742820624,-2.8836287070676638,,0.1615270507126101,0.2,0,2
-0.8982058132780788,-0.4345669107046834,-0.066165830411559268,0.43829653539481772,-0.89686170268871201,-0.059457828006092256,-0.033503194688905724,-0.082405620990867803,0.99603556642056978,12.239331109259169,-12.282403309391206,-2.3977037178697937,,0.5830687822073927,0.5,1,4
-0.87390980762959469,-0.48324389988896765,-0.052506964765699785,0.48529083419964536,-0.8735556049966462,-0.037328423764689672,-0.027829020295681788,-0.058102824363753754,0.99792264601538005,-5.6421865115149856,11.649072728229005,-3.590619274383843,,0.07656111341567343,0.2553191489361702,0,3
-0.99945313514657241,-0.012214125170156338,-0.030728582655500079,0.019091695186003604,-0.9718926246364239,-0.23464917078960404,-0.026998848505313623,-0.23510751013876993,0.97159431907341653,-9.3590307205227887,-15.111877245989053,-3.6617157954167556,,0.6351457701011907,0.28125,0,1
0.13929403183428957,0.99014762954737756,0.014312386141305856,-0.99001346487555231,0.13892946629863953,0.02391532477469855,0.021691289967451764,-0.017500717004885279,0.99961153096783728,-4.0869656934050607,-4.8659617556385379,-3.3893379251425921,,0.07554474618418207,0.3475935828877005,0,5
-0.7611337682269429,0.64755856069849949,0.036651020869051414,-0.64840643342642135,-0.75833444759162372,-0.067066852372361901,-0.015635982728424216,-0.074811603792434817,0.99707509244896964,4.0538391392144648,15.379307473153302,-3.02913378716209,,0.5775603654008734,0.8943089430894309,1,5
0.96017195705024105,0.27149448905480139,0.066034500885389688,-0.27774995437454203,0.90170740084303802,0.33132872816861619,0.030410125603983602,-0.33647363296069016,0.94120174170205662,-12.370992883514727,-20.173901320527968,-3.9503199453605871,,0.4334821228817822,0.2631578947368421,0,1
-0.86691290368925567,-0.49195313819807363,-0.08027532145143465,0.49748603411699011,-0.86398650865202209,-0.077684996787275667,-0.031139416751336257,-0.10728197744428832,0.99374086865743338,0.24358337145104625,10.686819805083816,-3.2277919019025676,,0.07671153191817663,0.3454545454545455,0,5
-0.64829537176584318,-0.75933469928437081,-0.055892087183265993,0.76053857909405986,-0.64929261274654548,-0.00041562285036477554,-0.035974722466983022,-0.042777534939254021,0.99843672901588743,8.8446760386753347,-5.8553339154930777,-2.6374910460242593,,0.3253592396614829,0.9425287356321839,1,5
-0.97617101561481046,-0.2119203122888195,-0.046689715280319108,0.21380378974068312,-0.97606262113258857,-0.039871031091525684,-0.037122604516249207,-0.048903382983070044,0.99811340606503207,-15.148727340786577,14.467699231490856,-4.2152675617837847,0.2363651315444737,0.1850317078193144,0.6610169491525424,1,5
0.91007165533065737,-0.38888246797432402,-0.14331785745648032,0.41409615027676405,0.86750149986763203,0.27561844287596665,0.017145276016466017,-0.31017990558643171,0.95052325888465838,-24.184794702245682,-5.4664852818318703,-4.963093381216094,,0.5893330218658617,0.3333333333333333,0,1
-0.95485135486469763,0.28966148369616018,0.065993294932071817,-0.29708257783201469,-0.93030842854933615,-0.21510037126595324,-0.00091217418144233021,-0.2249943391132431,0.97435964371748207,-23.642120167223776,-2.227198516547257,-5.0139731037703497,,0.3373309422020953,0.2380952380952381,0,5
-0.40675324771425719,-0.90952096471842314,-0.085576925695961634,0.91331556464506847,-0.40693337914235955,-0.016121548214727503,-0.020161221465058745,-0.084716230307118695,0.99620112701782626,1.7195162840425542,4.9429588369483248,-3.087336898503525,,0.1785541701641568,0.8811881188118812,1,9
0.87389018837314403,0.48610714437443781,0.0039727639345859883,-0.48506679777158423,0.87142316310475132,0.073019672035218086,0.032033425742052445,-0.065738230829853986,0.99732258805392993,0.85540740597421716,9.7778975378757647,-3.1899133130610045,,0.1033148426754669,0.2,0,5
0.55387829992376714,-0.81751626960919332,-0.15775290107578441,0.83259753065759123,0.54394224641366784,0.10444225442479847,0.00042522516249971469,-0.18919297421078232,0.98193983404933705,-29.409773534524735,2.25527782726249,-5.4804978378466487,,0.5744169454647137,0.3333333333333333,0,1
0.9870502092629061,0.15584501511031262,-0.038002837516695864,-0.1526611982020728,0.9853678412666812,0.075794300319671298,0.049258937844429765,-0.06901122128108958,0.99639902066377584,-23.868462661541379,3.2163074255963457,-5.0527767229786873,0.3291056330935595,0.2694939690019635,0.8461538461538461,1,4
-0.64583112852069469,0.76026737882107109,0.069969036967975559,-0.76327867352229273,-0.64083748163244836,-0.082054790725666418,-0.017544799221908752,-0.10639941181943509,0.99416867038986045,-8.5334435197131544,-23.302562727118389,-3.679417851917234,0.3420129442232053,0.273102393164627,0.3333333333333333,1,5
-0.797788232213135,-0.59876140429980507,-0.070842905524584485,0.60264584129471799,-0.79553439838743678,-0.062793398956575666,-0.01875970448652118,-0.092789017147846098,0.99550905158331637,-4.7715965756599488,5.2664220634395074,-3.527324624191206,,0.3102677195450024,0.8674033149171271,1,5
0.99504827495466119,0.096177002126797029,-0.025078173212095795,-0.093671595922800957,0.99179916514015498,0.086948537334264983,0.033234960915116282,-0.08416887957668584,0.99589710165447154,-1.9355448140145615,16.052414698926174,-3.3623451835269096,,0.4309685194003883,0.905982905982906,1,5
-0.1419803136914847,0.98936038701624607,0.031742953976130521,-0.98978045047014385,-0.14232461628204623,0.0088523142334253797,0.013275932780282589,-0.030161700933990187,0.99945686320400107,-12.60272275940744,-18.463834749826127,-3.9569380059716699,,0.09086130434545184,0.2,0,1
-0.029121892985341496,-0.99799337090962159,-0.056224078199655525,0.99944507390251236,-0.029981882429375339,0.014513131226359811,-0.016169712457330593,-0.055770228136899053,0.99831268751459123,-15.137650388610943,-21.561022053701997,-4.1505630881912881,0.243762741096964,0.1722268534104611,0.5833333333333334,1,3
0.7688733386526071,0.62039912304383238,0.15472141815416984,-0.63864390637158963,0.73336720633819774,0.23303755388808986,0.031108679876043054,-0.27798825297870361,0.96008061184580673,-20.763432093487445,-3.0147475210258845,-4.7687890004727809,0.6200548310607217,0.5250460066390824,0.2068965517241379,1,4
0.81290973869083127,0.56527888298660034,0.14013401154261185,-0.58207096224044264,0.78063473418478124,0.22760229941883353,0.019265296729846157,-0.26658806468721774,0.9636180011333505,-10.796260504032407,10.848427316168111,-3.907179382336047,,0.6323770323801002,0.2040816326530612,0,4
-0.78574920066622356,0.61802670238025859,0.025321706051823541,-0.61834177763718701,-0.78378240942390598,-0.05778045263011803,-0.015863154821008436,-0.061058413201138702,0.99800813147813805,-9.8778108328621101,-9.9830276213149158,-3.7451492620922178,,0.496355544634825,0.6666666666666666,1,3
0.5379270978469004,-0.83570757735725476,-0.11057704350216624,0.84275689105142737,0.53622443480810045,0.047161192733716314,0.019881146529927184,-0.11855884894179035,0.99274797373263568,-8.0596419275026712,-17.792123568950853,-3.5994578931418979,0.6657882050404983,0.4400885761193202,0.9850746268656716,1,5
0.76709110585665918,-0.63205271649335604,-0.10991177775369082,0.64151190314447026,0.75726893002413287,0.12249998262883416,0.0058063275456441688,-0.16447836086693618,0.98636360200838646,-1.3629062868489097,-11.76494475391387,-3.1914619363418355,,0.1687908089887614,0.1176470588235294,0,3
0.9838808526018753,-0.17582599552108255,-0.032614217489119586,0.17739793414992214,0.98265493721212438,0.054030059522232166,0.022548632835433551,-0.058944835835349915,0.99800654581300041,-3.8356261023160712,6.7849484834948042,-3.4869643690976568,,0.07966450100344935,0.3777777777777778,0,4
-0.22533716196607018,-0.96887433364410092,-0.10249726358677812,0.97393885802922187,-0.22679525018985097,0.0026486434374809096,-0.025812095184488553,-0.099229230053564779,0.99472976010832415,-9.072545823669099,7.1069035248377572,-3.8136159881474185,,0.2609946113199735,0.5362318840579711,0,4
0.30638647808477065,-0.92767869313404649,-0.21340001956868948,0.95178083677877756,0.29489574700848886,0.084556118270617764,-0.015510151111439769,-0.2290169004711487,0.97329887214107436,-8.2971948785178036,-4.0459967577168454,-3.6505790119077357,0.2398459261753677,0.3856338865799672,0.2880658436213992,1,3
0.078665310562127735,-0.94477258087216398,-0.31814546884454281,0.99678692513153921,0.069713814670410296,0.039443756551709945,-0.015086245423393131,-0.32022609899296112,0.94722101471767139,6.0480899075024386,8.5353733134273391,-2.8623436446065464,,0.303868237807316,0.2162162162162162,0,1
-0.59443655708087761,0.7791690692455836,0.19884853818120785,-0.80414002954234776,-0.57535952396068935,-0.14939956852468209,-0.0019981224848496515,-0.24871063451066988,0.96857577286851204,-13.322347582077477,-10.81477366880164,-4.0052355228681185,,0.2898540383853254,0.25,0,1
0.19491155369681096,-0.96980780041169223,-0.14656847033427658,0.98075094344783442,0.19092551925243323,0.040927167314274586,-0.011707824805531338,-0.15172434332968232,0.98835350481469875,-30.314668625527286,0.74695074867820654,-5.5403387574941023,,0.2984284466145955,0.2608695652173913,0,1
0.91682192105726001,0.39895860434879254,0.016419411832915315,-0.39620802377961639,0.90385694394847937,0.16143675779935143,0.049565784181492975,-0.15451426112879998,0.98674645991069787,5.236442275929317,-16.322074379017046,-2.7721897340165329,,0.1945760637529109,0.1538461538461539,0,4
-0.99915346208660194,0.030841418958421608,-0.027224365502046662,-0.029149743121512039,-0.99774319667016242,-0.060488064726491125,-0.029028463209542759,-0.059643276025361229,0.99779758866648671,1.6700084267378255,3.0324194979701518,-3.0642173714290064,,0.1387973308548201,0.3473684210526316,0,5
0.01524635671796493,0.99804182221305227,0.060663578203715519,-0.99937083069863375,0.013267364305505977,0.032892549203541788,0.03202329395223108,-0.061126902081119178,0.99761616390594543,-5.6233569251121986,-5.9990273967942329,-3.4816062451992509,0.2127994774447226,0.2254239854662466,0.7625,1,6
0.9255837554931291,0.37194121821086773,0.070387795554704313,-0.37725469239423964,0.89101996063531008,0.25251203301224706,0.031202702347119141,-0.26027516198297918,0.96503017124904988,8.3830943556442925,-10.740420587848851,-2.6204254617133893,,0.3757303430294094,0.2,0,1
-0.55058037625464284,-0.83135689445266026,-0.075544446052139294,0.83429303952312883,-0.55109739587549789,-0.015709374987705894,-0.028572250288619511,-0.071675479107386669,0.99701868197550403,-1.3822149781121331,8.8498671047918442,-3.3407826903404221,,0.07007162724167761,0.2142857142857143,0,2
-0.97004911429557994,-0.23531302278911317,-0.060270201262402734,0.23998594238856377,-0.96678297410298586,-0.087962653668803029,-0.037569446498893336,-0.099792095330417357,0.99429878527499527,-12.00486924574092,-10.159801760322342,-3.9356334284045369,,0.1618678658254746,0.3076923076923077,1,3
-0.74492439380249498,-0.66549162983495358,-0.04699508631340036,0.66699649604334699,-0.74139862190169625,-0.073781825053088237,0.014259094777870801,-0.086307439203606132,0.99616650423221553,3.4523495727877513,9.7456307537699143,-3.0347503490770182,,0.1680229627826687,0.3846153846153846,0,3
-0.93786039857130954,-0.33228736008645121,-0.10001491447999773,0.34496235905727474,-0.92404135452967473,-0.16476815818781085,-0.0376675407387322,-0.18903091134981254,0.98124842467590989,-11.23956213362489,-11.325241637890951,-3.8298016480040795,,0.3972588042125795,0.4202898550724637,0,2
-0.56037611085898886,-0.81983133167870093,-0.11770812196481467,0.82798622191647175,-0.55802509664486311,-0.055197896979686252,-0.020431120748581111,-0.12839228603160174,0.99151298034495639,5.349154478170929,10.353131778239351,-2.9227647416997944,,0.1344837734694313,0.5,0,6
0.52680747428064667,-0.82277720483844496,-0.21333437660227836,0.84998442853248546,0.5097683419580773,0.13290112410968719,-0.00059690397165215378,-0.25134420370390453,0.96789758495932821,0.22583347783938956,-7.2767577006141302,-3.1318502839417368,,0.3813963660995148,0.1743119266055046,1,1
0.17930678437620529,0.97864908405749629,0.10047411283554383,-0.98370501496616702,0.17698573936243872,0.031630548410440225,0.013172722083129782,-0.10450846059413288,0.9944367556849284,-2.4457091980647467,-3.5857250191185877,-3.2804728488436585,0.6281640820085707,0.4664051106795957,0.2795527156549521,1,4
-0.54187054904902243,-0.83009770294511431,-0.13158309784526673,0.8399635253708857,-0.5402621236766928,-0.050775129412586183,-0.028941045589713155,-0.13803854999816562,0.99000392655513203,-13.045360400953875,12.700262034637287,-4.0749047870959796,,0.05815388935719952,0.2666666666666667,0,1
0.83046935248614839,-0.54655803761477839,-0.10767992431238248,0.55706418290506454,0.81494113834713666,0.15984504106723621,0.0003882081281041895,-0.19273103680558598,0.98125154611154297,-9.7883261728146955,17.368694831766916,-3.8672604557892196,,0.2835166482701505,0.1470588235294118,0,3
-0.92412159901943269,-0.38151244222541986,-0.021154825760615992,0.38207844994388696,-0.92208844330973627,-0.061391862678237985,0.0039151391090470715,-0.064816349340443891,0.99788952922852836,-12.031255443383978,13.872242942269828,-4.0236056599106753,,0.8050692844731077,0.8080000000000001,1,4
0.72823584591297919,-0.68291534962577338,-0.057438471192364809,0.68528177931594103,0.72658471521370671,0.049634006038156174,0.0078380906467399019,-0.075506800113137706,0.99711448062481212,3.6151294036603234,16.68093711922716,-3.0655713014878097,,0.5078550574597359,0.8362068965517241,1,5
-0.78404291114475255,-0.61750666482453531,-0.062946265822065944,0.61985941977638581,-0.78423292042470183,-0.027441323521789678,-0.032419333709156908,-0.060533010989244844,0.99763958491152105,-2.7836196471347612,5.4500169283343878,-3.3908309065105455,,0.1311107965447517,0.1486486486486487,1,3
-0.99693420683671274,-0.06396203139873545,-0.045067125248915464,0.06651468863277088,-0.99612017202883207,-0.057622904068920212,-0.041206594556451974,-0.060443869967082647,0.99732068821841979,5.0679740907403481,14.880169752882658,-2.971430883970235,,0.1070398167619651,0.25,0,3
-0.49919743432843333,0.86074352330388704,0.099611789715465957,-0.8657916548610618,-0.49088029535780098,-0.097166588920163097,-0.034738047337914552,-0.13474836815281652,0.99027074345721211,-4.0576009785741842,-3.0785758887360508,-3.3725413027982687,,0.1811404923940534,0.1030927835051546,0,4
-0.82400677182329074,-0.56262023611526879,-0.066867854032852933,0.56619003772800558,-0.81330711161432934,-0.13401635487923627,0.02101621200215539,-0.14829029675321578,0.98872054025489142,-7.4146455153601343,-14.153336129712109,-3.533391745722636,,0.2519515704597466,0.1818181818181818,0,3
0.28191346448979659,-0.95078288163230229,-0.12859514195464772,0.95797778012043855,0.27154750561404228,0.092414960857585882,-0.052946872758243654,-0.14924431041003702,0.98738177240384339,2.0721351638251568,7.8401445743705516,-3.1039158791440635,,0.4892544876264055,0.9148936170212766,0,5
-0.97634658843839517,-0.20311371614558649,-0.074109092277783714,0.21279869978540339,-0.96338340422369118,-0.16312305120985809,-0.038262940482257854,-0.17503495302339542,0.98381843477633035,1.9740507178263214,6.6097369138073185,-3.097963333418575,,0.1010403480674644,0.3823529411764706,0,5
-0.81509836670419478,-0.57832676335034949,-0.033953017374931206,0.57840181821669856,-0.81570703404463918,0.0085657045078015286,-0.032649491263583581,-0.012656595229623582,0.99938672260412897,-11.932669283742186,-2.4107548576063924,-3.9592038255298792,0.3404321094773192,0.2802915410629783,0.8881278538812786,1,5
-0.5308657524589725,-0.83000329255982619,-0.17110256341159075,0.8464562860758581,-0.52912342546048485,-0.059499213369830335,-0.041149831455731901,-0.17641693503972591,0.98345500985167311,-5.4118283376333123,-11.00753897966954,-3.4193811770686553,0.2775015795134864,0.3058936760482526,0.2125984251968504,1,5
0.58225955794232698,0.78801942999699293,0.19999796281967336,-0.81270430835708152,0.5574922636908588,0.16945230332656724,0.02203439045317921,-0.26120442927342424,0.96503198484055475,1.2411617218879931,13.61445173157515,-3.1855830510709486,,0.2181975053899757,0.1304347826086956,0,4
-0.20231211231794557,-0.97640053724542863,-0.075576451863592506,0.97911035161270521,-0.20326628086788592,0.0050733053311805987,-0.020315722342478068,-0.072971295239817671,0.99712710398260029,0.93691882057608511,7.8109449184598372,-3.1741217956027055,,0.07038689819677373,0.1846153846153846,0,5
0.92933367611371787,0.36547667432586739,0.052590103295825141,-0.36736244716961824,0.90083071959365391,0.23140623813097111,0.03719880173488431,-0.23437323900155915,0.97143472965990108,-6.6035980063316178,-3.775469018185786,-3.5316879026214534,,0.5707215389852422,0.6919315403422983,0,3
-0.80925244502360305,-0.58564310915686024,-0.046180395411982988,0.58656635584682415,-0.80985635606009398,-0.0085201371845847612,-0.032409727118539615,-0.033982808096933985,0.99889678062447951,4.2108956525104446,4.4024294921997589,-2.9455475790407912,,0.2250871035431922,0.7826086956521739,1,5
-0.4772592754288652,-0.87484548310878762,-0.082879217547394343,0.87802664608982262,-0.47859296377222121,-0.0042407291802548635,-0.035955427592696515,-0.074794088749545851,0.996550576496122,1.2511029657731179,-10.183824414689667,-3.0546029848063365,,0.08033986770095551,0.1935483870967742,0,5
-0.51941557094693724,-0.83323085570920197,-0.1895621421908357,0.85324586176645711,-0.51783577361044841,-0.0617868185593414,-0.046679374848896019,-0.19383614901091034,0.97992274353662034,-17.02866076107469,10.5420802183252,-4.3875518434873726,0.7475066596200828,0.6671854644313971,0.864406779661017,1,4
-0.9692795522986859,0.24545946850684333,-0.015709831825891158,-0.24462819320754062,-0.96869806139942372,-0.042203233632192638,-0.025577266931279857,-0.037063663625406432,0.9989855295523502,-7.5767520811240328,16.683919881989741,-3.6836128611179193,0.1868435354626911,0.1514273381251833,0.1363636363636364,1,5
-0.85663821540005902,-0.49852019475428089,-0.13284797077245381,0.51548823393265653,-0.83756559909546113,-0.18098549082414114,-0.021043968095296527,-0.22352065370792512,0.97447199486326386,-8.6208668057123976,12.959046092222142,-3.7652719145511648,,0.419152817762377,0.5952380952380952,0,3
-0.72209328279255702,-0.6893083815207337,-0.058610972617204861,0.69048241694661749,-0.72334911260800827,0.00030524869259779172,-0.042606605514003311,-0.040249428001813539,0.99828085262219712,-25.80908779008346,-0.80555892538313367,-5.2312058386269111,0.4565176241364838,0.3190541967526822,0.7818181818181819,1,4
0.072489674544992611,0.99259469414492663,0.097473177026814142,-0.99718575042864088,0.070255217885459575,0.026168368346829368,0.019126584285486071,-0.099095799684982638,0.9948940628320001,-1.0344113152467622,12.752877032321495,-3.3032192035576586,,0.1786427572481737,0.375,0,1
-0.041552719975669936,-0.99660202618304805,-0.071118020715333075,0.99895674782096988,-0.042789298655963648,0.015952802370801655,-0.018941685394248054,-0.070380944355512357,0.9973403306926133,-4.9868129736679006,-15.639821445579731,-3.4237388880058353,0.08003618664922482,0.1254708362494483,0.3809523809523809,1,5
0.0046091345763999078,-0.9974692926379557,-0.070949038913807189,0.99986879994188571,0.003495198909654375,0.015816652217053636,-0.015528643895392488,-0.071012631474395058,0.99735453445094024,-0.31472312287018767,14.220446454337186,-3.2627040892852901,,0.07612469496761055,0.2857142857142857,0,4
-0.97934166844606629,0.2021843424258829,-0.0033746293261109708,-0.20138214493800699,-0.97669513806628494,-0.07424176033640642,-0.018306505549744827,-0.072028459344166323,0.99723456262760113,-9.4694849254965696,-22.100876062970901,-3.7333594906057681,0.581342251423676,0.3580330494447697,0.925,1,5
-0.49668234888509522,-0.86631949680064568,-0.052888314106806195,0.86758891625741674,-0.49727732673625241,-0.0021754772643165408,-0.024415501085695859,-0.046965836276192691,0.99859806405260554,8.5675530096340147,8.9332137269762804,-2.7325584355855796,,0.07250301096803632,0.4193548387096774,0,4
-0.82274288111771299,0.56739854934016887,0.033956409951525206,-0.56828370312222543,-0.81980800954623012,-0.070487305591416985,-0.012156658085771484,-0.077289803276496219,0.99693455250265317,7.1598998372836009,17.389665349529121,-2.8883855600367281,,0.5932973206551204,0.2,0,1
0.98756663436056014,0.1569491947268335,-0.0088934229830112746,-0.15422467866189785,0.9782738634975241,0.13854600856488936,0.030444887738184479,-0.13545183008075776,0.9903160659801411,-5.3660808304452035,-3.9609788046528678,-3.459705570146355,0.1307893504652033,0.1665603731550036,0.1226415094339623,1,3
-0.68370906470600523,-0.70561526791927875,-0.18614244147438466,0.72928759992582382,-0.66979452788741101,-0.13969569430198142,-0.026105773945083184,-0.23126258688185086,0.97254105541896962,-22.545193305304394,-4.3305401538156589,-4.8683893298598848,,0.3070553216164931,0.3,0,3
-0.20259659824591011,0.95988952690082296,0.19382134692881195,-0.97784718476186083,-0.2089382917711583,0.012636197412712366,0.052626054692404882,-0.18696760783051142,0.98095545871851231,-13.694723748202451,8.2668244624931937,-4.0944799744350462,,0.6650937696616712,0.5729166666666666,0,2
0.61942726659282843,-0.78277845546004154,-0.059730654348743605,0.7850428300233907,0.61802971614013302,0.041797428110025292,0.0041971931338506832,-0.072781588573889833,0.99733907169751368,2.1381625878060748,18.573799072715634,-3.1350359253219997,,0.08739871459855064,0.3571428571428572,0,3
-0.98675626974218345,0.16172003582497363,-0.012597386128082855,-0.16074532418424559,-0.98530603151235441,-0.057731837128889935,-0.021748675302015713,-0.054942281333633915,0.99825264379537848,11.221413087591507,6.0029886388056033,-2.5434336135426596,,0.07569635762338622,0.1818181818181818,0,4
-0.72571168414251452,-0.68537897514993473,-0.059985097494799883,0.68729048123548098,-0.72615935262220532,-0.018010802380816433,-0.031214514286411775,-0.054297836252698559,0.99803677240677791,0.089934968907778676,5.9298119994814567,-3.20196649863983,,0.07517611679070765,0.208955223880597,0,1
-0.16112454601604453,-0.978555213730541,-0.12832994331760247,0.98670396813533889,-0.16252711798603578,0.00046388051189783061,-0.021311028532186874,-0.12654892176517624,0.99173142052824548,9.9107889619276275,11.335074730333893,-2.6698185834365957,,0.5657299570264905,0.2954545454545455,1,1
-0.90956627085371733,-0.39060674310675259,-0.14182937342030896,0.41436974483873562,-0.87830626134038503,-0.23848653180537543,-0.031415179253718263,-0.275689106657863,0.96073336726827918,-13.63778290416502,2.8431094600041704,-4.1685973768073374,,0.1229005433304933,0.3333333333333333,0,1
-0.98857768651235955,-0.14482765770852646,-0.041702605344673696,0.14884065933782195,-0.98165331128271749,-0.11917732408289478,-0.023677327926819671,-0.12402308660220798,0.99199680348875496,10.945115755826775,-7.7635830124366283,-2.4854382040728371,,0.337059714308764,0.4285714285714285,0,2
0.36783832729895682,0.90346391191737463,0.22010889312533533,-0.92883003843279743,0.34568034760727356,0.13334113012511645,0.044381580355303263,-0.25349172992638097,0.96631890087284167,5.8713460335759153,-10.07025857508139,-2.7739455164577791,,0.5311512387485925,0.2164948453608248,0,3
-0.90311050444223884,0.42938999371180109,0.0039560164641083981,-0.42926807375635173,-0.90254209634129146,-0.033862740370186224,-0.010969850481941559,-0.032279988104811662,0.99941866339805596,7.6127331745715221,13.661709006585202,-2.813385133503302,,0.2352480927077194,0.2,0,4
0.294010733915617,0.95580107958645855,0.0014087596531753427,-0.95546358214945237,0.29386705392822243,0.027046216032633408,0.025436814433748015,-0.009297896370005403,0.9996331915230483,2.2031574290590856,14.884590096224489,-3.1277573645857184,,0.07812106478270575,0.36,0,4
-0.79313118833783613,-0.60810924686338619,-0.033853536965252715,0.60861067300228766,-0.79344554216160601,-0.0061008467918972787,-0.023150956643633331,-0.025442395781854827,0.99940818372843265,-16.26135418489574,9.2892800668933972,-4.3094947982601335,,0.1036093148705241,0.3157894736842105,0,2
-0.65496063952885919,0.75503991366543355,0.030680440675508153,-0.75457303405500087,-0.65129678187746376,-0.080199988734980993,-0.040572120291887878,-0.075678469118733036,0.99630651526870295,13.334730704133381,3.2732026679331852,-2.4358476794557595,,0.1558364925799515,0.3255813953488372,1,5
