axis_00,axis_01,axis_02,axis_10,axis_11,axis_12,axis_20,axis_21,axis_22,location_x,location_y,location_z,dbh,dbh_approximation,score,reconstructed,number_clusters
-0.94407569206682751,-0.31057508492039015,-0.11074386788997739,0.3124096660247056,-0.94994711295693979,0.00082653439494709984,-0.10545751856966912,-0.033817143750865232,0.99384863664728185,-5.2952715037201994,8.7409784583133305,-1.1504246231272928,,0.07507486450947613,0.37,0,5
-0.54401048691290133,-0.82164663537730209,-0.17014522238942395,0.83485422212800442,-0.55034837986337104,-0.011622761152427242,-0.08408934488882662,-0.14836936124052322,0.98535045274320876,28.467718834751906,5.0403874361056848,-0.98875921240440445,,0.1430254847557747,0.5,0,5
0.99084050564759518,0.11856195236961051,-0.06463865575894423,-0.090141950804354221,0.93713153529463211,0.33713337755480383,0.10054611416261923,-0.3282187517596013,0.93923528996741068,6.848049755261985,-24.514556239709314,-1.2758381384038788,,0.3914013929145299,0.2272727272727273,0,4
-0.057174336800199746,0.99712345335993224,0.049758556761822857,-0.99805802416594491,-0.058320032982083686,0.021885021154601645,0.024723988542021957,-0.04841066527668117,0.99852147291785487,-36.281120937963472,11.014694274611761,-2.648544163252895,,0.155032975075618,0.5555555555555556,0,1
-0.88397997855652699,-0.43348819113143217,-0.17512106001506347,0.44720310872067914,-0.8932317799201519,-0.046328899093714321,-0.13634066547351414,-0.11926850166860621,0.98345627632750587,17.259443975703238,8.4543180729929919,-0.76019596490609087,,0.1292051440289111,0.45,0,5
-0.90045773251205252,-0.40709052416760788,-0.15314430153354075,0.42621609137248706,-0.89606391717648937,-0.12413420072439951,-0.086693225885379102,-0.17705016652708405,0.98037621509210404,15.531327729344564,-30.327274632733584,-1.0859166180353739,,0.3118887141702281,0.2666666666666667,0,4
-0.98488094733545983,-0.10628296726999527,-0.13679711416507803,0.13889403768786793,-0.95640185261661659,-0.25691232474574877,-0.10352760921787658,-0.2720283573081842,0.95670403310001906,-24.90810389835816,8.0618095822118203,-1.9019000996990574,,0.2009543882194478,0.1666666666666667,0,1
0.84617445150682313,-0.50704850256953249,-0.16398357740677066,0.52848694989798262,0.8379862333875715,0.13594343103084275,0.068486067230165662,-0.20169503884554296,0.97705105798030878,-14.683841695263974,21.535905666022654,-1.5721338005289076,,0.2231890491645451,0.1111111111111111,0,2
0.99117326250494131,0.085270803167983855,-0.10151085568744755,-0.055953442072813969,0.96322983919638738,0.26278791677302421,0.12018642192658485,-0.25478847503132601,0.95949885720395567,3.6677659318761506,18.057214416140077,-0.76074406774622871,0.5644521834375021,0.2023991720947582,0.1764705882352941,1,3
0.35118993425609746,-0.92188081857005388,-0.16371128986665601,0.93628626161190665,0.34685687831760648,0.055302280970715163,0.0058022748984231003,-0.17270223599123238,0.98495698956331623,0.10742481709134591,13.12860234900684,-0.96279818985151555,,0.09141147051531366,0.3695652173913043,0,5
-0.035692747528610375,-0.96183178270488978,-0.27130361138877851,0.99877379440092862,-0.043651408683084474,0.02335513086999089,-0.034306491977917623,-0.270137328591805,0.9622104178969656,5.727890757588888,8.0090026946035149,-0.95980613695164085,,0.09949623812543983,0.3720930232558139,0,3
-0.27149275582759619,0.96170996960377575,-0.037491571023916939,-0.96242141454187646,-0.27152652562048679,0.0042856406382005751,-0.0060584126922813052,0.037246211205587201,0.99928775404608972,-3.716953028710074,20.473300683291182,-0.83380518069457443,,0.09776919358802769,0.3478260869565217,0,4
0.94714798781093912,0.31423263403623719,-0.064564238494220411,-0.299675559696506,0.93850382628572204,0.17147923188434905,0.11447815558557937,-0.14306788512349244,0.98306985109910516,6.7635128411400398,-27.046280659718764,-1.3296260448828774,0.3131097142351519,0.2890198508935062,0.4615384615384616,1,5
-0.59945836884902082,0.80035591214617308,0.0089486261257466695,-0.79997105347667119,-0.59872672394855486,-0.039656318907018887,-0.026381387687077873,-0.030930954115540591,0.99917330752037514,9.7805535272266066,-32.649422983507101,-1.2970994436190748,,0.3322128093227229,0.4782608695652174,0,4
0.96998370943819801,0.22699159176884529,-0.087214796283429236,-0.21966035790665117,0.97176350147589063,0.086168581070125566,0.10431169919446222,-0.064424486537052739,0.99245582014798117,8.8417175519331419,-25.220910807839221,-1.2992305955375172,,0.1490277860340488,0.24,0,3
-0.45189644580233679,-0.8378271202693448,-0.30632551120073481,0.88901867197989615,-0.45134573241387232,-0.077024870677499691,-0.073725186621101321,-0.307136364458787,0.94880548611647575,-4.8997112010643411,-26.745636683155634,-1.3639790599303179,,0.2357895422223754,0.1428571428571428,0,3
0.91723024961676691,-0.36530661003431336,-0.15887022960014166,0.39187160490915851,0.89910800135214952,0.19504216767269289,0.071591301523884904,-0.24115530798591353,0.96784234407073522,0.83577098115011528,26.824760870253481,-0.67896641824265791,,0.3268219396439879,0.4285714285714285,0,5
0.75957378973013123,0.64892500325540958,0.044090793880046927,-0.63916118500034735,0.73214834464594369,0.2354395485494212,0.12050160805548354,-0.20701483420801206,0.9708883668444438,-0.56281403779816097,15.255997456849363,-0.91708573727443399,,0.591128454746101,0.275,0,5
0.40174414158555072,-0.89830791442549629,-0.17788911035306118,0.91566624927967655,0.39671211563485781,0.064612825650973302,0.012528552660901578,-0.18884487864125327,0.98192700705255709,-12.704057289003446,-26.082246905022785,-1.4901446134474814,,0.7855374847025536,0.8,0,1
-0.74720700761360359,0.66145840486889307,-0.064455150309517331,-0.66254394361978663,-0.74900043126576987,-0.0058203725336283844,-0.052126869710965064,0.038355346328624862,0.99790363104968527,0.597972449060444,12.248900086620578,-0.95313395687839886,,0.08346216213191593,0.2222222222222222,0,5
-0.1291017690678494,0.99153093875359166,-0.014111368394789551,-0.9914800423792266,-0.12882041637956429,0.019303520080095234,0.017322205033963419,0.016483258725671836,0.99971408082238422,-10.02707367629729,13.883456106088248,-1.1538223978627387,,0.08177763326492173,0.2954545454545455,0,3
-0.74298979538890397,0.66782710217338326,-0.04441987787753493,-0.66642616053197579,-0.74431197754270972,-0.043311114567379551,-0.06198658327866622,-0.0025771474852578852,0.99807365550057237,-8.3924169787357865,16.689997793330196,-1.0447468266462547,,0.5417258725919136,0.782051282051282,0,5
-0.97455273751072924,0.21226466050485066,-0.072046344189723818,-0.20505279770189136,-0.9740301682575343,-0.096013444260823796,-0.090555573903382064,-0.07879686050192343,0.99276922938317824,-0.072983305167443932,-31.684047590650874,-1.4280689262235262,,0.1978116302082383,0.5652173913043478,0,4
-0.78554416439927155,-0.57478168771837079,-0.22922996584624733,0.61004391655754286,-0.78144302899506368,-0.13112289009228423,-0.10376312278157296,-0.2428431672883575,0.96450008317883262,-10.98981196678244,14.896869838249728,-1.2273814263157399,,0.5069182328347386,0.265625,0,2
-0.78313362889143523,0.61696512446076401,0.077818728455614161,-0.61858671329123982,-0.76008572237949856,-0.19904816697065911,-0.063656872675899992,-0.20401894479178223,0.97689511859112832,0.65446415955626747,9.95514068441401,-0.97332192042654542,,0.1433927855031606,0.2758620689655172,0,3
-0.97760332865511823,0.19379223192542042,-0.082074981862915647,-0.185951510878725,-0.97801674862658128,-0.09436776466468938,-0.098558446641337324,-0.076992273971190017,0.99214838726089394,-17.028751983538786,18.404143008253147,-1.6653360743398331,,0.4319948980703743,0.3684210526315789,0,2
0.82772246389233839,0.5609621279346102,-0.014036160125568397,-0.55251027593422097,0.81911074177350462,0.15424003273582901,0.098019986508300627,-0.11991281722290061,0.98793370147524573,11.43662829829387,-27.297033488855323,-1.2572632508917041,,0.2989461146860732,0.5789473684210527,0,4
-0.077798263472562343,0.99687308417635179,0.013837783253924606,-0.99689573730843029,-0.077953447670490492,0.011052100821347794,0.012096244745165359,-0.01293499288801084,0.99984317111337662,0.54202997261731956,15.483837342408425,-0.91025400020570058,,0.08028798396287362,0.2413793103448276,0,4
0.81086529533990359,0.58396571686055232,-0.038490444851576308,-0.57673655495296816,0.80852942098813774,0.1168551307284713,0.099360047274106134,-0.072554923527819601,0.99240282349334319,-10.664619169935714,-24.987254033085001,-1.4341553348411831,,0.08943565977818176,0.25,0,1
-0.8992408893459839,-0.40495727046847374,-0.16545522664143134,0.42415285342318376,-0.89968712366788894,-0.10323486058096551,-0.10705222959478679,-0.16301131433407878,0.98079923100391009,17.112355194002642,6.3960235762428637,-0.82358708737114072,0.5668441847915837,0.2402631233007045,0.3636363636363636,1,5
-0.68410981645751834,0.72881023414409385,0.028799333903591875,-0.72788054110943146,-0.67964224169312948,-0.090974398489781588,-0.046729828810949718,-0.083198953798515274,0.99543671681635837,-3.040292544201062,16.403193900633322,-0.85346659755059928,,0.3067116935609631,0.4375,0,1
0.038916898660077963,0.99911906207406698,0.015702700370302386,-0.99861446681622401,0.038330595098480871,0.03605429440089037,0.035420638955713013,-0.017084065079324567,0.99922645734404791,-49.766338866871664,-1.1081680849391022,-2.8666215050923589,0.4555057818634811,0.282699392072645,0.3846153846153846,1,3
0.9126391809963682,0.40096029464155408,-0.079501996397799882,-0.39529438494950481,0.91522829171382458,0.07809944477386474,0.10407725273886763,-0.039849920546364978,0.99377055163391603,24.416125143169175,-22.921615858132327,-0.97470728762226899,,0.6815269506791533,0.15,0,1
-0.89881908499367236,0.43238609368482817,-0.071878497752198581,-0.43313654158704967,-0.90131088777345092,-0.0056053477183172383,-0.067208547024524459,0.026095010423610555,0.99739764469234837,-10.202250690795035,-24.280567193149579,-1.4361346741735053,,0.1601232216814491,0.3703703703703703,0,4
0.26895815819574792,-0.93686050260474951,-0.22350370869210781,0.96303420196259959,0.25795729837482029,0.077609007630697627,-0.015054401024582236,-0.23611529148773774,0.97160842634028799,-19.313228293680613,-30.024561524511775,-1.7336721329893356,,0.4529028146676327,0.5600000000000001,0,5
-0.98222793794985552,-0.1499165263928102,-0.11293056727516232,0.1573725304426139,-0.98570027483395573,-0.060239977210766162,-0.10228472306686187,-0.076941557734289262,0.99177509150036525,-17.478574653612242,21.527181455971402,-1.7583409912464125,0.3017622195953016,0.1783239637210363,0.4878048780487805,1,5
-0.99181380543363562,-0.071934575103647383,-0.10550256990191455,0.076755732189269163,-0.99614939013673787,-0.042366851503200749,-0.10204867920428866,-0.050117955214302297,0.99351610839371785,-12.206627570677279,9.442077105923925,-1.2663547677445202,,0.06675453619347539,0.3478260869565217,0,2
0.62633251746483398,0.77744874644199413,0.057280225400527691,-0.77420603065825866,0.61175896030899368,0.16234530043719295,0.091173459178352942,-0.14602883666396485,0.98507003771509694,10.485824627969313,-26.215277251067921,-1.2930195948599119,,0.3678501356360986,0.4,0,4
0.99189410082209239,-0.080719842921184171,-0.098134599979370823,0.089797738283614287,0.99171049398758437,0.091905725142926817,0.089902496925721304,-0.099973011726560548,0.99092024803857981,12.135325148579019,-25.806886682991848,-1.2440049011811862,,0.1960270919668146,0.2962962962962963,0,5
0.90305270179514485,-0.36150701294379434,-0.23196658675969645,0.42236349022457992,0.84559738415322627,0.32645695893720994,0.078133858894845989,-0.39278205598738258,0.91630636611808181,-9.4315432220963,-29.557146140102475,-1.454951354908586,,0.3117831450218458,0.2222222222222222,0,1
0.97006664832898348,0.2254898944158403,-0.090138811375038888,-0.21581807753612789,0.97069901191392871,0.1056692276773651,0.11132499812881877,-0.083052608542141318,0.99030753254025261,-50.421006399682113,-5.9419667457279761,-2.8394972839670736,,0.4612122971777316,0.7333333333333333,0,2
-0.99239665120079679,0.095978744287468012,-0.077051718543095699,-0.079753549171976301,-0.9782707406479656,-0.19137849771213231,-0.093745709661385401,-0.18377823221774758,0.9784872524887599,-5.5653837470753924,19.542448108832893,-0.91446728704919333,0.7633093520116075,0.4338885853817078,0.3636363636363636,1,5
-0.53017302700074287,0.84781800388657136,-0.011008802235499304,-0.84744146768183715,-0.53027024682887913,-0.025620776360086975,-0.02755939575034172,-0.0042541290330657721,0.99961111543041914,-28.543246352157926,6.8516866169187836,-2.0801263353108044,,0.3623478755727914,0.4761904761904762,0,1
-0.89641601639920598,0.44300915970262961,-0.013461424982145727,-0.44044452303712844,-0.89379423692768356,-0.084501385559391712,-0.049466631880250182,-0.06981938451770206,0.99633242739358563,-0.91265659276972111,-29.833581573790585,-1.4540810365550327,,0.5220349828328362,0.2777777777777778,0,4
0.70929089660618383,0.70482360394488885,0.011406634636726538,-0.69873985114751691,0.7008471493908206,0.14344299776952363,0.09310770327928182,-0.10971308268798463,0.98959284308101081,-13.049166891453293,-24.292397805468486,-1.5380421525903187,,0.1424416633784025,0.3157894736842105,0,4
-0.7654323956070167,0.64169210808837818,0.048419894386483177,-0.64130804337471214,-0.75441533685992601,-0.13993388800938691,-0.053265760655445728,-0.13816199885503469,0.98897624886251934,9.1777324837841245,14.185532336705917,-0.81142961979922834,,0.4324336747084709,0.1428571428571428,0,5
0.96145311731464278,-0.2253903782845873,-0.15750263674836454,0.26017544748050792,0.93104670452230442,0.25585302524393672,0.088975500753151443,-0.28696900769053063,0.953798798956488,20.905894985644995,5.6887959347027595,-0.81503243145284121,,0.3730760224594628,0.2727272727272727,0,1
-0.74958490579924064,-0.6239135087224319,-0.22103032061599087,0.6547399050789291,-0.74791721414119727,-0.10924970246414771,-0.097150016444559409,-0.22660929906986244,0.96912852598604693,-10.686947586827127,8.8658998736474857,-1.1911935044149042,0.6895963164127767,0.4255391742759842,0.515625,1,4
-0.5862767504794183,-0.76303740048995028,-0.27212772240408473,0.80840418291181904,-0.57283930643511216,-0.13541715568425855,-0.052557101308663048,-0.29938111907146087,0.95268499339789758,-7.5401451903529892,10.799511229913042,-1.0736721569052754,0.9184481733442893,0.4114800600094024,0.744,1,4
-0.93364453748749243,-0.3394922580741403,-0.11424922024892317,0.34264165696230908,-0.9394272358725706,-0.0085535615356235831,-0.10442496125873751,-0.047132528136540938,0.99341529697179953,4.4786100032180931,7.9832216310388233,-0.97796224180361335,0.1476516289318827,0.1462514092593741,0.4903846153846154,1,5
-0.93123070315012346,0.36058551534110123,-0.052796435833494547,-0.3536977606977782,-0.92917103167130577,-0.10742014699421633,-0.087791067813902335,-0.081358957890782735,0.99281088248619731,2.7903266955570931,12.81463038074253,-0.90323765289343261,0.4202894757968317,0.3258995492918849,0.3058823529411765,1,5
0.77000643045526806,0.63618535544864196,0.048562233991268779,-0.63063689216703089,0.7473112448627649,0.20933946961711142,0.096887601350460192,-0.19181787407421286,0.97663641949816959,-27.139320116429236,8.547207046666438,-2.0348622964016196,,0.1026456391150642,0.2222222222222222,0,1
0.88512427504304825,0.46183670913359587,0.057112799144931739,-0.45379222064301405,0.82941836400106794,0.32578796469740001,0.1030904370608685,-0.31428018002165342,0.94371623395603244,-17.053222797496598,-24.223970294169145,-1.6454946837228024,,0.6768807552173017,0.2432432432432433,0,1
-0.95677042742585749,-0.26710938427477593,-0.11507791289249038,0.27149127043201671,-0.96214256031751122,-0.023962130641343792,-0.10432084778485518,-0.054168906745599953,0.99306741476066718,-13.5296569848477,17.648462737810235,-1.4068831421182815,,0.09062240492428991,0.3846153846153846,0,2
-0.84486060402942642,0.5282419242258628,-0.084681929885842402,-0.53110606650682934,-0.84718881622275499,0.01405189619695241,-0.064318783249344952,0.056846980194592868,0.99630894554052829,-3.3581018689091398,-30.246778736421106,-1.4676838145543443,0.3957060536272122,0.3482567716386793,0.896551724137931,1,5
0.77163950272922843,0.63580775446578308,-0.017915836262029812,-0.63026733016762693,0.76810135804310042,0.11306368247901605,0.085647944231958442,-0.075952637436253412,0.99342620587304653,-14.434653953851761,11.211532814453854,-1.3949946203191674,,0.4018487078054763,0.5,0,3
-0.8820854115048693,-0.45491666342524995,-0.1223771063080189,0.45963529325939739,-0.88802773879242425,-0.011921926252170575,-0.10325078208243076,-0.06676499437019931,0.99241206740250509,-5.6276634275276054,10.802179776973947,-1.0849421802271824,,0.07378187814921984,0.3278688524590164,0,5
-0.76416750667034017,-0.61305872823671159,-0.20051687580356015,0.63844099192586679,-0.76317910876067008,-0.099753434928243456,-0.091875576612882537,-0.20424652673681884,0.97459849924879072,11.866154955972064,5.8135047523861711,-0.8102078487786063,,0.1104768477985419,0.4333333333333333,0,4
0.99395753998258818,-0.020164414848011031,-0.10789719683847043,0.047956551172034352,0.96397710717365215,0.26162627170221525,0.098734887002752916,-0.26521978285745323,0.95911932983836767,15.518613951284134,9.9507821806208678,-0.74733013886701027,,0.7607219894664096,0.3818181818181818,0,1
0.74388499819450093,-0.59256369795000352,-0.30903620068364784,0.66606993722275742,0.69517608630774153,0.27033506571276072,0.054643830294361408,-0.4069379226585641,0.91181992680193868,-2.765179258020618,-32.014811029081223,-1.4954008431627326,,0.7502214791537886,0.2222222222222222,0,1
-0.994953064939603,0.011642200096202031,-0.099663723310991423,-0.0072605218153245429,-0.99899565611496488,-0.044214973554205367,-0.10007838622929056,-0.043268212816684228,0.99403831836071144,-33.095851181813096,8.8752587308459781,-2.3413361367209529,,0.6841728815838199,0.32,0,1
0.9280674869624026,0.36248878137499896,-0.085396856034393245,-0.35213856271674526,0.92878851070306567,0.11554364990671556,0.12119889558521303,-0.077160778658909107,0.9896246975220836,6.1174813112783557,-28.272799198879532,-1.3824174029581737,0.3520722337031499,0.3403449680002315,0.9354838709677419,1,5
0.061978307110352959,0.99211392064984971,0.10894337015403616,-0.99684376302726196,0.056106252336498998,0.056165830915256981,0.049610498499641144,-0.11208058217879538,0.99245994455044895,-8.5334656727354741,-27.157846980168831,-1.3272502678427325,,0.2584956158209331,0.2608695652173913,0,5
0.53415094586910361,0.83785814903689848,0.11258991571008767,-0.84091095094530111,0.51289827524394793,0.17263873213173347,0.086899594978405659,-0.18689323514842932,0.9785291917200748,34.946338976036294,3.8456510268301654,-0.95280936411854833,,0.4121753158057701,0.4615384615384616,0,3
0.91585284389976562,-0.36740675471394907,-0.16194395608134471,0.39664046149209248,0.89053338543249083,0.22277036099420233,0.062369164080115669,-0.26825839412907726,0.96132591838108528,19.335197749044386,10.249619355523116,-0.7434892156431685,0.3803831986368788,0.2944080023246599,0.3076923076923077,1,5
0.96805871490807283,-0.21989474760129621,-0.120451751618202,0.23469166090640028,0.96377100036443508,0.12674889805253328,0.088216488206718735,-0.15096939701111073,0.98459437961760476,15.483953908099487,-29.01087512286578,-1.0932352085147854,0.3689845125205881,0.3026621930604254,0.5,1,5
0.70712913551444523,-0.68933297796123538,-0.15744342222426788,0.70503323127993434,0.70432483372713039,0.082792942852787293,0.053819406328651599,-0.16954814682073496,0.98405126767465056,-2.8235722717923988,-27.105771633901515,-1.3340538377651665,,0.4103756978005588,0.1875,0,3
0.9304085652706825,0.35884501032757915,-0.074633506107840142,-0.3286538054426667,0.90693897764824105,0.26353058074996893,0.16225466969860391,-0.22066252374465831,0.96175957119003208,-12.566906155569637,13.284142519877342,-1.3107463468495992,,0.4615221273099526,0.125,0,2
-0.30971482007416912,-0.91119475452027965,-0.27166311777853358,0.94779075479715147,-0.31867997121712816,-0.011651655079731045,-0.07595666756428783,-0.26108848170644894,0.962321874100735,-16.508240581852839,12.854946793204499,-1.5265065100940092,,0.3646500893683056,0.6630434782608695,0,2
0.35615243902347732,-0.90968821979358605,-0.21359490383996918,0.93228972231017782,0.3613842626015098,0.015404168876472354,0.06317684585700975,-0.20461856590431909,0.97680086437043045,-13.022324746093634,-32.095899935362041,-1.5503150122815488,,0.3259353052848797,0.896551724137931,0,2
0.54846046057657138,0.82350769980710981,0.14500410870916403,-0.83227155730843383,0.52088862201148112,0.18973428355037683,0.080716653049601295,-0.22474454791470277,0.97106884931146209,-0.99477077181121587,20.827933825350836,-0.75413364405852845,0.6646712516308493,0.3222102057238032,0.25,1,2
0.65827903436734736,0.75185115720693307,0.037263256956260163,-0.74783041462011468,0.64749051410017955,0.14664823599141064,0.086130040528841476,-0.12440205607979661,0.98848659301055752,-18.18658250499638,24.109142033616088,-1.8688773910987928,,0.1834042632486743,0.2777777777777778,0,2
0.41750357813710343,0.90742145114537387,-0.047718678145362667,-0.90495154595471117,0.41996827937674447,0.06847878351369438,0.082179448263507052,0.014592954415117739,0.99651070439034684,2.8534001860619234,-29.699167627564613,-1.3653040239407521,0.3983613366827778,0.351538887243439,0.813953488372093,1,5
-0.942817103108615,-0.29635152946821008,-0.1525505852749566,0.31468898152312319,-0.94227827351726445,-0.11437875749133759,-0.10984878239570295,-0.1558442371060782,0.98165463314090573,-9.0147801400354819,-25.035690484573756,-1.3421098628817416,,0.5776841550759888,0.5641025641025641,0,4
0.97096156706790104,0.22727447245998111,-0.074699059198118506,-0.21579761559875335,0.96683326790561863,0.13661925622998899,0.10327160490153785,-0.1165321682582971,0.98780323414234761,-6.0901461759898226,-23.750959531357214,-1.3174874072815479,,0.09242710119075621,0.2592592592592592,0,3
0.05960926648552424,0.99814810911779173,-0.012127968240131123,-0.99747997119436294,0.060028878221224595,0.03781852516416441,0.038476517710792066,0.0098430708662119535,0.99921102452923971,17.538806822500824,17.706332333300796,-0.72070083715800559,0.7146927094078729,0.6718994630252501,0.5625,1,5
-0.33622325746266152,0.93966405182966539,-0.06312995200579119,-0.94176882106536719,-0.33582099677665744,0.017197261208713253,-0.0050407152612947205,0.065235939657437014,0.99785713574973567,-11.583020556722115,12.36734115515066,-1.258343915579567,,0.07347694994163906,0.35,0,4
-0.86318889113989439,-0.47780518192922611,-0.16311697132505956,0.49618577227149119,-0.86253139751790919,-0.099193082879541566,-0.093298540224512075,-0.16655868760705042,0.98160765378770032,3.0784836370653905,-34.791124042145135,-1.4798851874251739,,0.1930844330566671,0.5,0,3
0.91103006198369851,-0.39101280772642033,-0.1308938896812219,0.40545269107854154,0.90725657267150994,0.11177489271528487,0.075048927101905166,-0.15490156725561646,0.98507520677489746,12.572414628301651,12.580234765442228,-0.75921054457900561,,0.1946353625305977,0.3333333333333333,0,4
-0.33342128641150015,-0.84765306683264985,-0.41269180274982814,0.94071408666872214,-0.32807198410107191,-0.086172967867057304,-0.062347838059801881,-0.41695689409960429,0.9067853635519707,-5.9433404972159387,-27.533482599862324,-1.3745950138577172,,0.4642666060899628,0.2439024390243902,0,1
0.99239900054352992,0.079416833205689902,-0.094006331296261694,-0.06578980351194659,0.98794953530852159,0.14009788520008118,0.1039996417016054,-0.13284834318596281,0.98566494927976533,8.0653664429679548,9.6577645637613774,-0.85684528883895295,,0.09019723357088814,0.2307692307692308,0,4
-0.47049218578082258,0.88228016970286671,-0.014792067748082045,-0.88233282994398077,-0.47060119045601445,-0.0048266701178871279,-0.011219640022262655,0.010780616423080628,0.99987894166609415,-13.414191113707158,-25.111393876315486,-1.5463658232236044,0.9168415259708043,0.5199792797652171,0.375,1,2
-0.049036040279059841,-0.98533929126838116,-0.16340730655780275,0.99607165628440886,-0.060321070872166302,0.064827648080661174,-0.073734132534297711,-0.15958649532952462,0.98442644631676535,-10.924483724912974,-26.31335441926738,-1.3786399515845322,0.8122488530137619,0.5014588735417904,0.991304347826087,1,8
0.87539866324378202,0.48323975748674719,-0.012510682441436851,-0.47039299623953912,0.857519341945439,0.20830508221896721,0.11138944958921984,-0.17646505312274099,0.97798388307098394,-0.9891221549232978,-26.526040581946141,-1.3392461341571897,,0.3958578787765794,0.24,0,3
-0.98319584814187488,-0.14861569619996282,-0.10601556036535933,0.1495250905828141,-0.98875772641012805,-0.00063698546038383399,-0.10472903839328411,-0.016478267726794261,0.99436426686096457,22.342492751666203,9.5294870524935238,-0.74402599321212548,0.4484830565818191,0.4545526119337947,0.8793103448275862,1,5
0.98115886274070674,0.16562531514953283,-0.099476334105062181,-0.15648258494442074,0.98323275094990392,0.093629899437075767,0.11331587123821674,-0.076299491748653012,0.99062500517825725,4.9335523524329012,-26.804238685496436,-1.3196258436232546,,0.122868818733675,0.3,0,2
-0.25815805318901947,0.96140300374604737,0.095177118898048349,-0.96609640435017818,-0.25725609715938719,-0.021841199050799374,0.0034866997737330267,-0.097588753770082165,0.99522071826419012,-28.989850651941747,8.7959593597990811,-2.1541321719427047,,0.4870799821468872,0.5172413793103449,0,1
0.89625994721328484,0.44295092884869963,-0.022640266193535132,-0.42958679797587751,0.87965245130192038,0.20412434426925904,0.11033263354997112,-0.17322251456031018,0.97868313075444968,2.1825437098949112,18.800794669677362,-0.75044185635825567,0.8162858901930329,0.4893664875492312,0.1363636363636364,1,5
-0.46548070570445921,0.88505159054651672,0.0033756018661180126,-0.88502748960818078,-0.46542957618174524,-0.010082274203804807,-0.0073522278744979604,-0.0076806045569800677,0.99994347493191826,4.3388944823837514,-24.766815579050178,-1.2779273824801873,0.3201570127580521,0.290876879708587,0.1481481481481481,1,5
0.39961523040822516,-0.85791529099654273,-0.32293810722814753,0.9096246537140712,0.41474990609607654,0.023780343749648953,0.11353702911974102,-0.30325545150518418,0.94612127877511032,8.933477924085194,11.65363750597494,-0.82856859127535154,,0.5578869086601081,0.6829268292682927,0,5
0.70196619281538764,0.71158786022643961,-0.029768797802853447,-0.70570338791283405,0.70058216058523792,0.1056757519872329,0.096053070917163155,-0.053172863831815229,0.99395495577984094,17.601531317739333,-28.381042032022307,-1.0305428592854264,0.4951038794687437,0.5566101858837293,0.96,1,5
0.58180643038783986,0.81330678528664613,0.0057749948970403182,-0.81072658414495979,0.57936405008960201,0.084022040111019838,0.064989870903123123,-0.053566505117228477,0.99644716177503434,-1.994132866569216,10.603747655701607,-1.064486584536974,,0.7638789797549682,0.3429951690821256,0,3
0.98841370870797307,-0.089157385846544646,-0.12283851589448566,0.099313139961031166,0.99190034887801282,0.079187108336875339,0.11478345119933477,-0.090469102154745476,0.98926240244238728,-2.3259274342998313,-27.55525401279812,-1.3648564377978909,0.5006824073920656,0.3324133626071957,0.8688524590163934,1,4
-0.92909732857684646,0.36867372148538502,-0.029288924826335171,-0.36019285389511108,-0.91999754527791189,-0.15448503061950583,-0.083900310096334571,-0.13298196783297825,0.98756090151291731,0.31101324518881623,8.1070496693245975,-1.0254290038889349,,0.2669584228388424,0.2635658914728682,0,4
-0.96582861288505006,0.25338240151876024,-0.054520171800209662,-0.24457214683848028,-0.96062149620583337,-0.13187420527942922,-0.085787851840196314,-0.11403376529716953,0.98976600509857549,2.9317351342966722,7.6850774442923413,-1.0274289604959532,,0.1020130745847889,0.2325581395348837,0,5
-0.42129219558765402,0.90508485604880806,-0.057743305136099939,-0.90688056294399577,-0.42104683005629401,0.016947314062283919,-0.0089738782760520157,0.059506052218686392,0.99818760724526734,28.315392530935391,6.6413959501639948,-0.89420958838476639,0.2688379582813812,0.2904559281247214,0.59375,1,5
-0.71981560521030863,-0.66000650873381195,-0.2150741800512585,0.68881406668936829,-0.71751572201529734,-0.10347159123024996,-0.086027181905317454,-0.22262658666446494,0.97110078101274233,4.6071860900942392,14.266057653137517,-0.81869350003501618,0.8734070212336447,0.4418794499091419,0.2,1,4
-0.69628770398206108,0.71549230565536726,0.057045541730761255,-0.7142236167402376,-0.68277991227973489,-0.1539357550336205,-0.071190298312925795,-0.14792684656695515,0.98643275974131794,5.1737107808453286,12.871491402191822,-0.85476251126343195,0.6824094780269228,0.4574629649885743,0.5918367346938775,1,4
0.011138916321086833,0.99816898494541795,-0.059452519174765843,-0.99933407437777588,0.013178529959631206,0.034025492437527859,0.03474668805375538,0.059033921105896218,0.99765107318548896,3.0594925758630804,-26.719840797781714,-1.3249014327450019,0.1087129841286541,0.1023637321958511,0.2222222222222222,1,4
-0.92775853756106508,0.36652843489353731,-0.070149856714367548,-0.3628562044735259,-0.92992037481557233,-0.059862103019607371,-0.087174943978295838,-0.030083266401063676,0.9957386837042248,-10.20463676943665,10.815602849874667,-1.1769652251551936,0.6461271676816481,0.2167673802886686,0.2068965517241379,1,3
0.98788455692465871,0.1146872917486785,-0.10455107508354454,-0.084549800155584803,0.96267601475677478,0.25711130256304426,0.13013621126889355,-0.24515651270844965,0.96070955589772844,-6.9666613018666022,-26.469890755723391,-1.3403432186961832,,0.2385806074221763,0.25,0,5
-0.77844622399946817,-0.57276205025273597,-0.2568367382818349,0.61938328555274724,-0.76730701344704078,-0.1661453962433691,-0.1019108528021087,-0.28841563914820012,0.95206648779162584,19.971821856345265,8.0132278345942343,-0.75338819134314317,,0.4828371814886072,0.3333333333333333,0,2
-0.71532042406815377,-0.65807133907514015,-0.23507191154795204,0.69086724989895798,-0.71652110594517016,-0.096436236717116611,-0.10497206260718378,-0.23138629480364967,0.96718211762264883,-9.2887455514003126,18.009415013245302,-1.0972311560989643,,0.3232731328273457,0.25,0,4
-0.95628267101040154,0.27977779155557092,-0.085134249732400136,-0.27617887120855444,-0.9597145276699478,-0.05170354414560193,-0.096170079667118311,-0.025930922303979018,0.99502708658874428,-6.5216042883572634,16.863366463392275,-0.91827119646535604,,0.202863557532074,0.6031746031746031,0,10
0.92361951535550491,-0.3655954589206647,-0.11518225241351238,0.37500656944287797,0.92405797840799564,0.074073783589142822,0.079354040408447082,-0.11161009343744763,0.9905786810313143,-8.5563661942596685,19.54550720490607,-1.088315939789515,0.5748597684899692,0.2054526596657455,0.5581395348837209,1,5
0.98331633675037899,0.16916580420718577,-0.066872360260066127,-0.14819766037385809,0.95819032423380612,0.24476265238885656,0.10548191949111742,-0.2307687873860973,0.9672741759340111,-9.5358491304557713,-22.26341414955321,-1.4890761053632953,0.1746421569774903,0.177261031804611,0.46875,1,5
0.5789254488978085,0.81129088885790068,0.081562358196834134,-0.81113088843750636,0.56282039012790019,0.15905939230004518,0.083138477500207447,-0.15824127815597255,0.98389414646419759,-10.495151574677319,-29.367597733349715,-1.4220582853703629,,0.6406533381549735,0.2173913043478261,0,1
0.75249439554596076,0.65408155215071806,0.077003297384123801,-0.65349001963749143,0.7270018162634766,0.21075851912508337,0.081871722261786628,-0.20891549077489399,0.97450055864949381,16.739947757444035,12.371433729603973,-0.73336874958020126,,0.3545379122864511,0.2068965517241379,0,4
-0.87509507015095855,-0.46348410511905658,-0.13925193894333268,0.47275402750753465,-0.88023291845046958,-0.041153842488577154,-0.1034999887579475,-0.10184543965321671,0.98940146490135594,-8.6224463890073242,8.2007630434289922,-1.157519402001727,,0.1023360213565142,0.1875,0,5
0.70407097752107806,-0.69636571166834815,-0.13913609964760504,0.70838699761031454,0.7024479737915964,0.068954374282739581,0.049718409358680243,-0.14711097759417927,0.98786964729266136,-11.087530886081268,18.043096091521321,-1.2159238898498359,,0.1402661988623287,0.2173913043478261,0,2
-0.98922888576901846,0.10988997150064536,-0.09669749595400412,-0.10223343369868568,-0.99146765008510163,-0.080871650588468985,-0.10475942246100706,-0.070114855760489925,0.99202286788527361,36.47486740066838,7.4986500632338249,-0.80914189152260407,0.2533452205785711,0.3450083542816428,0.1111111111111111,1,5
-0.22647884459466022,0.97397084583738069,0.0093874602467972149,-0.97399149221844328,-0.22653109515064895,0.0049230088297286317,0.0069214187243458666,-0.0080283490622330752,0.99994381820889178,-20.849367574883207,-22.290539044535819,-1.7595005859776101,,0.5307423715406017,0.2941176470588235,0,1
0.87348431840501295,-0.44882173836727374,-0.18863772864808284,0.4814521844365402,0.85386962572491809,0.19776363762246726,0.072311407134785927,-0.26356348273872371,0.96192793439260338,-5.6150829384015815,-28.371684271804199,-1.3899409859866232,,0.1840371093638479,0.2352941176470588,0,2
0.88820859286441511,0.45560571286352947,-0.059236221756038362,-0.44731308479536458,0.88697352520626738,0.11484323991433479,0.10486419661958138,-0.075507615438985987,0.99161590360282559,11.830119948777824,-24.046077790523469,-1.2838177287956511,,0.093786922490459,0.5384615384615384,0,4
-0.94687181730734804,0.31655525759397435,-0.056802556973190449,-0.30990333480660925,-0.94527964250769758,-0.10201137454353602,-0.085986537695285054,-0.07898839376852447,0.99316018294384201,-8.6022527086870149,-28.267752391589958,-1.3905417597428027,,0.1222709726687893,0.1333333333333333,0,1
-0.93036294469338832,-0.31572310177285151,-0.18639665809337014,0.35142502421448335,-0.91284845042531915,-0.20786572327332578,-0.10452388960087935,-0.25889501648935381,0.96023337108209283,-12.948211814053847,8.4902642796612486,-1.2856560971739002,,0.1939249737820379,0.4782608695652174,0,1
-0.94751083632030686,-0.27595979227256706,-0.1614602369144662,0.30855077704494588,-0.92157094637323789,-0.23559161442142937,-0.083783250358015426,-0.27304428917231921,0.95834606646546538,-4.0674249677942509,-18.669494456160798,-1.4112539181110126,,0.4908710274269535,0.3773584905660378,0,2
-0.068399191124612721,0.9975151899495468,-0.016881838567439422,-0.99764665737509906,-0.068307811405157751,0.0059321100232406507,0.0047642084115975406,0.017247861344403839,0.99983989398165851,6.7718655032278408,12.122733855929665,-0.8446273055306871,,0.1418326611900242,0.2631578947368421,0,3
-0.1605589303576104,-0.91012447391142348,-0.38196108685293451,0.9856568555803118,-0.16822168283049566,-0.013491792809265076,-0.051974925973511409,-0.37864879164356385,0.92407992060044108,10.242698852109983,9.4252921594623498,-0.84284664172464574,,0.2040139639843064,0.3636363636363636,0,2
-0.73598033435808075,0.67609062454215452,-0.035134240341373524,-0.67594928979093527,-0.73673893525249556,-0.017558442816699459,-0.037755861389938902,0.010826296191053743,0.99922834539532834,-4.8586762932587035,25.679750482490505,-1.0178991888111772,0.09662698726519084,0.1147762424888479,0.25,1,4
-0.78741578559301151,-0.5929940799789799,-0.1683282558242177,0.60684555930562833,-0.79366825391284124,-0.042768795657345364,-0.10823515025156441,-0.135826079383984,0.98480273578478472,20.480598995398083,8.7738825578326143,-0.75851794288332819,,0.1199512840155491,0.1764705882352941,0,4
-0.94538781243013581,0.3258288641417118,0.0087997386713913658,-0.31448034477298648,-0.9046971201349312,-0.28744605332309847,-0.085697122822335353,-0.2745153403940917,0.95775640484848223,10.717178549247681,7.0883018036860586,-0.88862641390730168,,0.5677210068585377,0.411214953271028,0,1
0.24628395585211846,0.95225196492791919,0.18044502869502671,-0.96767053353661758,0.23114898275270612,0.10091524313673793,0.054387053742499067,-0.199465142476841,0.97839445282662163,2.7915680002333101,13.694318353479034,-0.88277801985381044,,0.3938452921428234,0.1363636363636364,0,1
0.48317997056698009,-0.8127224736253178,-0.32560604556309758,0.87524699048065902,0.4576871072427533,0.15641361039983137,0.021904832741708558,-0.36056163513067502,0.93247814214299563,-22.277670178075034,-29.280069948158921,-1.89266079542952,,0.2716296329254944,0.2222222222222222,0,2
-0.13323003276942985,0.98163577818189895,0.13653189137148325,-0.99102466077174811,-0.13347361535594721,-0.0074105159101129064,0.010948977600584288,-0.13629377460849204,0.99060795822185455,22.775122985735251,-29.200275237157832,-0.87510918762836187,,0.2299667165289104,0.2857142857142857,0,2
0.88511867237181274,0.46096360549110377,-0.063855228692738172,-0.45380320062987672,0.88536011126899106,0.10099568541199701,0.10309020766706894,-0.060415459829430737,0.99283552580312073,-3.2516245602935498,22.447142532861953,-0.88084716853454315,,0.6300723934385548,0.3333333333333333,0,1
-0.92243770065622199,-0.34349579234110394,-0.17640671487224985,0.37178010454066246,-0.91347649123672559,-0.1653488851658029,-0.1043467406093546,-0.21810855233529294,0.97033005576577214,4.6668550777538149,-29.401766007049819,-1.3582965085781129,,0.2842756808134064,0.2222222222222222,0,1
0.0092402427334047649,-0.9261675623650989,-0.37699902431825877,0.9994062076810124,-0.0039615597398113562,0.034227738649890101,-0.033194125427325777,-0.37709143780669335,0.92558100540687216,14.116611129654503,9.9618362601836221,-0.78137764284108646,,0.1620716725320006,0.2,0,5
0.95169532732162943,0.30166953523157247,-0.057196988271617719,-0.28368970326592169,0.93517741684804623,0.21204563489567033,0.11745703987020005,-0.18557664327867818,0.97558451876521102,1.5568730106884752,-26.580583026306599,-1.3488961678611737,,0.347302491190601,0.25,0,4
-0.2491368548871416,-0.945488420261686,-0.20971999115011675,0.96692502280473736,-0.2550578209822168,0.0012281001024349255,-0.054651878384932955,-0.20247754222842865,0.97776071565702316,13.498808200787208,-22.093802847030027,-1.2929373164645022,,0.8322137923195679,0.5272727272727272,0,1
-0.47293337510517969,0.87970121323173023,0.049596352186874818,-0.87951006552690281,-0.46795433997757158,-0.086491504397930644,-0.052877853100193009,-0.08452521005461161,0.99501729709424525,-7.2025253722864626,13.622920101697002,-0.99466235405980685,,0.6524988803511186,0.404040404040404,0,3
0.85069884426506137,-0.49776447275015795,-0.16894379548786301,0.52413904073881756,0.82762217875792776,0.20079789640673884,0.039871573075057766,-0.25936857730985191,0.96495502421863311,-6.2361567293007427,-30.128247585891458,-1.4418767987832213,,0.4383668427411617,0.2352941176470588,0,3
0.99078933361485844,-0.077807220298262397,-0.1108265891583876,0.10191186918714278,0.9673789074484016,0.23193106808428793,0.08916539302782843,-0.2410893732485809,0.96639818232072372,4.2065132314416136,-27.923518454392237,-1.3440673042282372,,0.2198041839218758,0.15,1,3
-0.49598938694520855,-0.81609337099904677,-0.29662457391310465,0.86610263931926545,-0.48940178309051596,-0.10174533341646658,-0.062134903250271711,-0.30737193189886136,0.94955871291818694,16.504303238031635,-25.044936472735291,-1.1463151978849515,,0.2017269287234608,0.4444444444444444,0,3
0.38934108246657323,0.92108850256160857,0.0030809012597465425,-0.91885871971606803,0.38816134928561691,0.07091840468114613,0.064126240381816024,-0.030442361432462296,0.99747736211149707,4.6833206241948702,19.009803480488809,-0.70241674594551962,,0.4970940263778048,0.25,0,2
-0.99665869838556898,0.024101492115724637,-0.07804202079763585,-0.010138231304112653,-0.98458826716605774,-0.17459427374620068,-0.08104724053542646,-0.1732196935591753,0.98154280730126986,1.757737594303652,8.7602503539287522,-0.9731079083541111,0.8104503860061851,0.7378459788787877,0.5892857142857143,1,2
-0.11906451950092775,0.97118913303400245,0.20643475500185585,-0.9927174588402129,-0.12027943064918589,-0.0067011548659685078,0.018321766013220834,-0.20572925518596208,0.97843742081483498,4.5929592285924015,10.985551990800941,-0.87906455079710499,,0.3427367113089038,0.28,0,1
