axis_00,axis_01,axis_02,axis_10,axis_11,axis_12,axis_20,axis_21,axis_22,location_x,location_y,location_z,dbh,dbh_approximation,score,reconstructed,number_clusters
0.0029503945019592149,0.9980383389335562,0.062536143077678297,-0.99732592017619504,0.0075033515065684583,-0.072696001684241826,-0.073022627431428566,-0.062154434555532059,0.99539164259506108,8.602861730435988,-4.6047929540687509,-3.1791404276500872,,0.1154994007913298,0.4375,1,5
0.98987142530040262,0.13763634353661788,0.034796527292547799,-0.1372323116734615,0.99044336844703473,-0.013755963508609095,-0.036357310221038282,0.0088414273260821827,0.99929974239781039,8.9018573907956267,1.125664919988711,-2.6772915805807536,0.4723254258399389,0.3752802461688611,0.7679558011049724,1,5
-0.55334167877023355,0.80398099060153427,0.21777867959723574,-0.83250265846039251,-0.52519529843182966,-0.17637806598746927,-0.027428273589828311,-0.27889866485244602,0.95992876014389972,-0.12430205894908262,-15.178906359786678,-3.4219513654404192,,0.2671228186229743,0.25,0,5
-0.94044345839052168,0.33539826227872355,0.055444632119689696,-0.33943862702889444,-0.91751119422324823,-0.20725498053308034,-0.018641889690000649,-0.21373164046402002,0.97671452626309641,1.4614474778177107,-10.24980401687777,-3.0860228480988394,,0.5316154446617853,0.217948717948718,0,5
0.78086470633273941,-0.59908971254262677,-0.17703622999114602,0.62425205674352013,0.75904708064080417,0.18481585165281983,0.023657558102424779,-0.25483140641660618,0.96669606094592386,-0.70086574747699537,-12.300400508774212,-3.1328589882541018,0.6935084764878431,0.432714381247639,0.1636363636363636,1,2
-0.98613288729475335,0.14504150267697283,0.080652905074267964,-0.16268450403747092,-0.94089329492184293,-0.29707500688748534,0.032797572193613699,-0.30607641214625325,0.95144182648540387,-6.2094824845847469,-14.646222164938784,-3.0217769383246327,,0.174984505505542,0.25,0,3
0.8011188198154352,0.59645886146368754,0.049451624027595932,-0.59598519250568482,0.80259219287150763,-0.025444493621732976,-0.054866081065504453,-0.0090883729647614434,0.99845235971746171,18.087728632242918,-6.6678336525901925,-4.1949396944128772,0.4764991937802697,0.3710472152740631,0.8888888888888888,1,5
-0.84140841749803774,0.5367005481303373,0.063122076962366769,-0.54010199268330261,-0.83131142033187022,-0.1311913104032939,-0.017936344749502332,-0.14447783242561255,0.98934546214890129,-7.6385413709533569,-9.0769189960346583,-2.4526990803287934,0.5519447684947649,0.5146714890785804,0.9354838709677419,1,5
0.95568735811414751,0.28735067575669748,0.063962979003258244,-0.2888157016454263,0.95727067761870355,0.014776341038571535,-0.056983892670314958,-0.032595074989903806,0.99784287193051635,-9.6682334092285132,8.1180799370295578,-0.72922631495160517,,0.07366636690747769,0.2608695652173913,0,5
0.70803532506456512,-0.70603055794708736,-0.014381575214224791,0.70516348134395102,0.70796321311004051,-0.039147841087191222,0.037821198283459791,0.017576692744472721,0.99912992990530103,2.9777958865931771,-13.776927370675471,-3.516011799087988,0.1412656334918059,0.1141482741263153,0.2758620689655172,1,5
-0.45769609033622433,-0.88900627944982857,-0.01349533214517276,0.88549727681703627,-0.45441781213451443,-0.096948567624768028,0.08005536609464714,-0.056323060229845269,0.99519789551917648,1.415728153484896,-8.7386894851889814,-2.9953689486640687,,0.0707603886553522,0.3255813953488372,0,5
0.42723092702585203,-0.90410841381151563,-0.0078556392391093306,0.90245399467118503,0.42694770460975651,-0.057379831216892226,0.055231535327657018,0.017425085471349886,0.99832151329201779,-2.6308764467766399,-6.0130890403733677,-2.5222282777866134,,0.08180213053972112,0.2125984251968504,0,3
0.76090433448803585,0.64104332013785681,0.10043931234308889,-0.64758808778363863,0.75995770053476375,0.055623393987100728,-0.040672623692719623,-0.10736738380228524,0.99338712623901226,-3.9042584911227656,-15.007030937560643,-3.1615932342562152,,0.4344685247012723,0.3783783783783784,0,5
-0.063643543796347915,0.96526834200415024,0.25339006937447539,-0.99760015696111382,-0.06847190742220112,0.010272522821897636,0.027265842444407079,-0.25212819322424973,0.96730964433177868,-18.57282970517301,-15.923699320998244,-2.4227681837318542,,0.6805917952121365,0.6086956521739131,0,2
0.42827937826225682,0.86341391320053429,0.26663305992887376,-0.90028864961597166,0.43310350327831665,0.043608517753969178,-0.07782751138218319,-0.25872334633694882,0.96281104508219395,8.7945818695864837,-1.2513677320775534,-2.8712726374342235,,0.39109713615189,0.3275862068965517,0,1
0.70541102480335327,-0.70257629061173266,-0.093711482520235853,0.70659390598150529,0.7074633222157759,0.014855966788322083,0.055859986713941219,-0.07669552522588588,0.99548855256835722,-7.8653707600561571,-5.2566599190821455,-2.0721926504067452,,0.406302801285676,0.5241025641025641,1,5
-0.59916474601167957,0.79779045111953273,0.067320154777386079,-0.79947016143865202,-0.5916650429532988,-0.10382647984173043,-0.043000791923102355,-0.11602962143160916,0.9923144959358513,-1.4606103303535911,16.400013503957798,-0.57527890895306832,0.7776194145670093,0.7738907049931403,0.949748743718593,1,5
0.93177909930179725,0.33487928024534169,0.14015554846917003,-0.35682215306894199,0.91591582590653486,0.18378289075208959,-0.066825602755055238,-0.2212556609813903,0.97292356909477329,11.037616867134867,9.3760097926772321,-2.1477064074958405,,0.5071548995420277,0.4074074074074074,0,3
0.84849277015773561,0.51590636582164007,0.11790097834522736,-0.525527128819678,0.84764304322886963,0.072955521657014896,-0.062299726039517021,-0.12386239530386155,0.9903417850242372,-17.577595922183871,7.5765512258159697,-0.39383530591865701,,0.0990622985838447,0.3125,0,1
-0.053007722165923803,0.98129241053068006,0.18508210725422997,-0.99537506162634048,-0.037051464805727692,-0.088632249481254144,-0.080116590561116544,-0.1889243075695555,0.97871800735769898,-7.6582486669640035,6.3692907595361579,-1.0298457851688663,0.211098918201031,0.1354286801177526,0.4153846153846154,1,5
0.74039036371427158,0.66811602534309766,0.073777272915108646,-0.66903181662083122,0.74307915831121629,-0.01515891923999628,-0.06495027073137917,-0.038135825194109872,0.99715952643931804,-16.579069462614051,-15.372017359802713,-2.4808845879885686,,0.1143997732208128,0.2727272727272727,0,4
-0.95763446717686063,0.28223195354362157,0.057283083662116402,-0.28752524680645197,-0.9482491736963653,-0.13473209355253227,0.01629293478102848,-0.14549442938858687,0.98922490430291454,-6.903317656652729,-11.927358883804757,-2.7462958828649295,,0.1087469090304592,0.2884615384615384,0,5
-0.84716839588222348,-0.52473798250463699,-0.083401191450139731,0.52764553618469068,-0.81243359264318682,-0.24807629005862972,0.062417122352041277,-0.25416865908653369,0.965143717575493,7.9678664363311178,6.2532889441092196,-2.1333619524054082,,0.7332787438659621,0.363013698630137,0,1
-0.64234529431783161,0.76236687350190291,0.078671933080826151,-0.75994430012461767,-0.62024640158948319,-0.19436836682805195,-0.09938402072690182,-0.18463789292080032,0.97776871750016814,-10.824461951908351,-29.335729826077081,-3.9628943727759731,,0.2575813212550622,0.2142857142857143,0,2
-0.99827831543743162,-0.054382495098722422,0.021976104164285661,0.046509659158889494,-0.96219912160930821,-0.26834623526182971,0.035738725947157442,-0.26686212657683528,0.96307182954676918,-1.8949331439703161,-32.098396085648908,-4.6784813998367349,,0.5532495385329865,0.2619047619047619,0,4
0.59872996519569777,0.79046262071403928,0.12919471363275786,-0.79667879913319473,0.60437571108894161,-0.0057350551371166871,-0.082615493634355025,-0.099492939948661305,0.99160265989554641,6.5455229143242732,-6.9864440657728775,-3.2383460739478287,,0.1265428901650089,0.1818181818181818,1,4
0.84664678753549905,-0.5283746179127653,-0.063320457210596648,0.53174676386766739,0.84464792788851806,0.061767766916863948,0.020846972731861306,-0.085965929641760239,0.996079947930258,-9.3509349492699876,1.4580710890765098,-1.3556413432123604,0.6977740646458089,0.3214169597044153,0.2222222222222222,1,2
0.95923095667294578,-0.28163953261506447,-0.023561524328288532,0.28189536079409233,0.94744954633129075,0.15124272782318685,-0.020272575639839113,-0.15171859090104317,0.98821581238711609,-18.97204537547826,-14.007705190267385,-2.2362657355751505,,0.5359330172852614,0.1212121212121212,1,2
-0.97136126375020848,-0.23350753791769926,-0.043949118548740666,0.23572309332322935,-0.92378164495672765,-0.30176496767379873,0.029865005603968996,-0.30348262252830055,0.95236882522666533,10.712457066318036,-5.6926717705446972,-3.469706764552416,,0.5612368309934361,0.5641025641025641,0,4
0.45070950086649392,0.89020604792867641,0.066288295044321696,-0.88918426869768763,0.4542662951929774,-0.054712606885477529,-0.078818031751839268,-0.034283017411743472,0.99629934888461724,4.5473152101744621,-7.0234569364415655,-3.0927466642056904,,0.07304412838649275,0.3333333333333333,0,5
-0.547152061700658,-0.81934774653243403,-0.17115458401381822,0.83356675826664828,-0.51478317661180595,-0.20041142829262604,0.076099151700603981,-0.25232429793755901,0.96464572138208737,12.341948862023754,-7.3701486242530985,-3.7276989027819556,,0.2841090220195478,0.4444444444444444,0,5
-0.90352287793592645,-0.42770326643632101,-0.026764247160751632,0.42628271034181198,-0.89060778029116783,-0.15843242265545474,0.043925617924156599,-0.15455645429596093,0.98700701239932476,12.547767654406627,-20.107099855651516,-4.8433615573010735,,0.29223592896991,0.7164179104477612,0,5
0.86891287889228064,0.49313059973248513,0.042574881122657733,-0.49120814494602838,0.86969947900230837,-0.048346401746087897,-0.060868442018916648,0.021095682747717625,0.99792284518172902,4.2481290572533101,-4.3633391733476028,-2.787766563225142,0.2891195874779666,0.2477505723074472,0.782051282051282,1,5
0.98802107440009801,-0.14585173838548476,-0.050414550986889031,0.15058133297502049,0.98265799712737112,0.10820592793877139,0.033758239005367771,-0.11450122746746731,0.99284935927244333,15.209559108313131,-0.63691446655999451,-3.3974632114015582,,0.2163107378732189,0.25,0,5
0.99878586311747852,-0.043562967714327556,0.023001466922651367,0.044155817080495534,0.99868813536393231,-0.025928210529559733,-0.021841782313428371,0.026912378698877689,0.99939914969852794,11.196657889119267,-9.2831920641662027,-3.7775217334148854,0.077734814608662,0.121209778719519,0.45,1,5
-0.69003797298398806,0.71828208983289255,0.088985590212349336,-0.72302475878794126,-0.67850503718272792,-0.12986959881859425,-0.032905835649422191,-0.1539537396199131,0.98752997526012132,-17.253330938920982,-17.328441823798617,-2.617697425998105,,0.08455898738408174,0.1538461538461539,0,2
-0.65981065889503743,-0.73063322454931456,-0.17557045763216206,0.7478560796974193,-0.61572821357187801,-0.2481734294222282,0.073220068752376105,-0.29504890814279228,0.95267253730526036,4.0264632670765197,-13.811069175020805,-3.5812677864336031,,0.4107657621946431,0.125,0,1
-0.9155873397155464,-0.3945960871123359,-0.077419321801750582,0.4004966282336212,-0.87755485026817281,-0.2636284042820598,0.036087035429771062,-0.27238100669180054,0.96151251321418174,-28.178492099535148,-5.5523832651737735,-1.1188663318370939,,0.3942311304331442,0.9240506329113924,0,3
0.16370309492328491,-0.98636351488952589,0.016979788200103013,0.98432921190307254,0.16217333157536801,-0.06925180950721363,0.065553789416140235,0.028050437082657101,0.99745469755405836,3.4870097955547368,-5.2569188310017507,-2.8364769236652077,0.3063017073928996,0.2584526337798578,0.8012820512820513,1,5
-0.96866169879121145,0.23556355785311708,0.078767528249307217,-0.24707034129020425,-0.94637612654345993,-0.20815492682936521,0.02550999313340143,-0.22109282512143535,0.9749190750673391,2.7029489049693423,-16.767077154538004,-3.7782038215096714,,0.1676224785832006,0.4,0,2
-0.64678922868452993,-0.76040142200824345,-0.058765390031130037,0.75910195147309001,-0.6344071348715743,-0.14591714941632036,0.073674425192299581,-0.13898656277453533,0.98754990478491922,-23.344472052159151,-13.63742071484474,-2.0003598966325025,,0.4288550151494576,0.3703703703703703,0,1
0.92617035777743528,-0.3649921252142303,-0.094811480876615672,0.37710532687969833,0.89628539723564626,0.23337536104116618,-0.00020202319905612243,-0.25189925611985964,0.96775344171585787,4.8033717891384171,8.0658747865533442,-1.6790488827090719,,0.5218395666050426,0.1538461538461539,0,3
-0.16696308850584685,0.98369185685635574,0.066885408207490685,-0.98397350788292171,-0.16193483829506869,-0.074654162180858449,-0.062605613655364545,-0.078277959227638361,0.99496386780525348,-17.969967281632584,-13.413281368113845,-2.2602873432954471,,0.2334536836295635,0.7286821705426356,1,5
-0.99375788565122969,0.10827686836149135,0.026858601672941698,-0.11105011401094016,-0.98308765792647212,-0.1456246167747754,0.010636582353117305,-0.14769826204282605,0.98897527092712167,1.6991389162930686,-13.006025338137135,-3.3570160083654064,,0.4345150352372357,0.811965811965812,0,5
0.73734496541002548,0.66421629499211865,0.12304111285026684,-0.67222913665235717,0.73942978946168003,0.036763763304131211,-0.066561173518166331,-0.10981939684590714,0.99172037906674393,-2.13473443454569,-16.838559062943247,-3.4554406928438413,0.6861692419864861,0.5339218437612007,0.2,1,3
0.67823172316553548,0.716151865750278,0.16470651132941014,-0.72936525907779193,0.68337307728285712,0.032055515833382411,-0.089599378024038348,-0.14187227504820948,0.985821590872482,-3.5727059757377244,-32.445830004789194,-4.6010519374559573,,0.3161634666306211,0.5,0,2
-0.82569516838402723,0.55487929055459873,0.10166839145426096,-0.56396502072878718,-0.80777934276353069,-0.17156919536704507,-0.013074566977541054,-0.19900127215206925,0.97991201103987235,7.0199568152796932,-8.3404214868143018,-3.3605974761851702,0.8151653315804483,0.8887044148794171,0.7985611510791367,1,4
0.75553688557575405,0.65011708325814166,0.080695678883176997,-0.65194911784329512,0.75824820895787903,-0.0046905602562788574,-0.064236767336467659,-0.049065585374018721,0.99672774921443108,7.8095870969679186,-0.46955150229239395,-2.7269619588270402,,0.06936734541407669,0.3548387096774194,0,3
-0.86314591699735665,0.5028172619564264,0.046410419621413436,-0.50487841850348703,-0.85776661580531921,-0.096613743014688155,-0.0087697491532427261,-0.10682337706950236,0.99423933618181548,-1.1479078460911623,13.529619958986437,-0.82682319058250264,,0.0818311459359214,0.4814814814814815,0,5
-0.99270735800989829,-0.11911966604668453,0.018509633003769888,0.11493019061298167,-0.9815440323676613,-0.15284751816465542,0.03637516513600416,-0.14960554028630543,0.98807642906658333,-1.7470962847550733,-25.599156930377486,-4.1854789168154767,,0.1567850110821105,0.2,0,1
-0.7952213295522117,0.59570249137650566,0.11296715802850683,-0.60553165122705432,-0.77078843549068066,-0.19803183349165387,-0.03089427758421423,-0.22588432765832439,0.97366411771765382,5.7141911510797865,-12.294725717697231,-3.5923238158368234,,0.1751491096582463,0.25,0,6
-0.19838226505836232,0.9694172958489683,0.14448039112345601,-0.97922744203466372,-0.18972920335781582,-0.071529337753517275,-0.0419296276702033,-0.15566931586565705,0.9869189279881887,-10.520692256723386,-17.677109312498732,-3.0009220079834669,,0.1333545814371903,0.1785714285714286,0,5
-0.52944477128559175,-0.84719166469471263,-0.044209924566193132,0.84755081423736489,-0.52597716667221817,-0.070750529503634321,0.036685848006097609,-0.074928655474835681,0.99651384593732895,4.023385147396275,-12.374903673978528,-3.4751352673924019,,0.09615939400819509,0.2424242424242424,0,5
0.89706572444507227,-0.44182880945639014,-0.0077710462736042532,0.44142442475817051,0.89515431355506159,0.061993807357541356,-0.020434364505798473,-0.059042849339395964,0.99804628083527713,10.729200996681294,17.085553920330458,-1.479048854497613,,0.5219275627014717,0.2978723404255319,0,4
0.31701216835124874,0.94321444955934053,0.099246094430513701,-0.9455150233768741,0.3224916091976146,-0.044726978053100934,-0.074193164684283067,-0.079659676999118342,0.99405719663132452,-11.669105402046387,-20.487045368413764,-3.1825837632344451,,0.1534216466811743,0.4375,0,5
0.53714714107263728,0.83888699014766233,0.087986172768735174,-0.83983918128800561,0.54159829510324975,-0.036625623745495092,-0.07837792043034604,-0.054220886217864778,0.99544813882329664,-9.3207183054823126,-21.008169718798793,-3.3344926914968376,,0.09905921687896625,0.5,0,5
0.16971133395004914,0.97411372339302327,0.14933357635265834,-0.98449852043364894,0.17439075954196584,-0.018722346282760038,-0.044280090253411175,-0.1438412906079356,0.98860960784497365,9.0663881655422376,-9.1989067170526955,-3.5933453618687983,,0.2605661905869812,0.1904761904761905,0,3
0.73361461244178039,0.64451998132886212,0.21541493467199796,-0.67597387254501895,0.72465230292038663,0.13393417602938987,-0.069777675859748978,-0.24387093623477257,0.96729418607349682,-5.7762193480784703,-24.823165910771692,-3.8846421798875741,,0.4434032628940264,0.2222222222222222,0,2
-0.66937997803590843,-0.74042193188809891,-0.060875346272048922,0.73748152709001003,-0.65234837181269112,-0.17482162050020278,0.08972982896246337,-0.16191653582147156,0.98271643581551049,-11.027207117513674,10.924949598693672,-0.41613298839394502,0.5325869943195076,0.3119829193133737,0.7083333333333334,1,5
0.4133960405771836,0.90494148662636964,0.10091887542755285,-0.90748232087495451,0.41855645485006465,-0.035865462533612599,-0.074696391710121671,-0.076755455088221361,0.99424798173276996,-16.43250359848107,-14.07003191072357,-2.3791296601633891,,0.3623448668793843,0.9075144508670521,1,5
-0.25646326503833311,0.96437272202219471,0.064898741939889093,-0.96439497100356519,-0.25082756974613052,-0.083832393251545637,-0.064567279553264481,-0.084087949640556159,0.99436426078994689,-4.845368899051274,-13.772134631817961,-3.0137343619949992,,0.08771097917363736,0.36,0,4
-0.5046266836431994,-0.85828875692804008,-0.093232611709557392,0.86029014120651048,-0.49083899373806672,-0.13776049930616002,0.07247608638817922,-0.14972472059456582,0.9860678095063905,12.716809116866235,-13.264501414180476,-4.2851750634588202,,0.2100362400835143,0.4,0,5
-0.78904571147102942,0.59685880425580018,0.14548688254104983,-0.6139186670879252,-0.75736932880236429,-0.22247599868399454,-0.02259945597048061,-0.26486084567521923,0.96402178243961156,-18.171843720555923,6.8301587462919064,-0.4256598972859415,,0.1211658792474402,0.1428571428571428,0,1
0.89391915057764693,-0.44625803452439017,-0.041979981574141192,0.44708696423894451,0.88104458780836947,0.15451110219393127,-0.031965585215068849,-0.15688913574880489,0.98709877947743918,2.8957678291676361,-18.229168840244249,-3.9172416574973568,,0.1702857102733304,0.1481481481481481,0,3
0.57249832021414326,0.81875151585887873,0.043492857238562069,-0.81793170183719188,0.57399465851767417,-0.038959762870095213,-0.056863032645999283,-0.013269787939828253,0.99829379856149214,1.3897909159609549,-14.739453168792597,-3.5040467016391466,,0.1600265056938117,0.4,0,7
-0.9912040336586101,0.11685748069836835,0.062119987634668236,-0.1290695279531667,-0.95732581593102284,-0.25858913184035287,0.029250993365141961,-0.2643323880208992,0.96398795014788485,21.76027787913868,7.9803770932534519,-3.2015110246160678,,0.4223358253489244,0.1428571428571428,0,2
-0.51288953281414429,-0.85027033956923681,-0.11825682550493316,0.84948824755162666,-0.48283579162734402,-0.21269535865942635,0.12374992687413994,-0.20954700659377423,0.96993608429949352,-16.487471048061693,-25.404886076078157,-3.3504378024238837,,0.1932175039835088,0.25,0,3
-0.37998669914966854,0.91092853986403288,0.16068386269480059,-0.92320811780098122,-0.362704586722853,-0.12701241670236302,-0.057418461279536294,-0.19660767541321125,0.97879954141433101,4.9363705886831539,-3.8697213879393124,-2.8024938436016069,,0.07960803563535838,0.3214285714285715,0,4
0.73602337466726275,0.64094635669737821,0.21784710183927827,-0.6651895499776721,0.74449754267013879,0.05697606127689165,-0.12566803310276375,-0.18684532853267599,0.97431841235891681,11.175208278107112,-33.447844030912172,-5.8027078886477677,,0.484005799475506,0.3333333333333333,0,3
0.86425902194980309,0.49888637558768362,0.064565681529395388,-0.49804758551366685,0.86664276651681993,-0.02964654799601581,-0.070745639741097766,-0.0065344852175351952,0.99747298457680811,21.939794007830169,9.6440584500308564,-3.0599669061799912,0.7185108052137376,0.4219017492276869,0.8596491228070176,1,5
-0.96794804587605909,0.24684059332377664,0.046328198457142367,-0.25069684576756723,-0.96070127297841668,-0.11918118819613178,0.015088804025207523,-0.12697553144293208,0.99179107800376676,-16.776633262906106,-10.119599507982533,-2.0040414649348612,,0.2996546595276108,0.8910505836575876,1,5
0.47317447479679647,-0.88082072352008645,0.01614835652095474,0.87928010326037487,0.47105376119724679,-0.070532645437072522,0.05451987170931813,0.047573176049945883,0.99737875278618238,-10.833657448319531,-8.8399731352136381,-2.1956890668997842,,0.0774189074505488,0.275,0,5
-0.50054674662573084,0.85482127492625437,0.13687053143701097,-0.86244885386168901,-0.47868054940441623,-0.16445943601552548,-0.075066163582901399,-0.20036346861476426,0.97684162049413392,-1.4515933018663301,-23.799790787817763,-4.0853223732191166,,0.2020324843745875,0.3548387096774194,0,5
0.92616190256925057,0.36220496266943242,0.10503187728942676,-0.37366671402521889,0.91899476609360231,0.12578476347379944,-0.05096387994355777,-0.15574397230775744,0.98648187922074826,-15.24898061309648,7.5422666665898355,-0.51317561889358354,,0.6323380822272306,0.4615384615384616,0,2
-0.98295465136877014,-0.18171955072734278,0.027895487734638139,0.17657263154606789,-0.97538736166135276,-0.13206665173389831,0.051207998802893742,-0.12488994993496864,0.99084824330663523,9.056840544792939,-13.568560728489814,-4.0008954102090142,,0.1477277967400475,0.2352941176470588,0,5
-0.96095042020534838,0.26214052558693346,0.08863765989786565,-0.27553272918899702,-0.9360589634257187,-0.21880432385131307,0.025612595589400756,-0.2346826832882517,0.97173454868693376,-4.0825863735131822,14.195003215878266,-0.54885444027481933,,0.5813350353162305,0.2380952380952381,0,2
0.95362981344676168,0.283102639160139,0.10219136267834897,-0.29724276399990573,0.9391901060429777,0.17195547086578944,-0.047296069130425597,-0.19435750670232227,0.97978989657643734,16.173450735425881,11.101412412285351,-2.5131751014122812,,0.1191934592787618,0.5,0,2
0.30723423470958428,0.94311363454520969,0.12705824395662199,-0.94848496083101819,0.31432861313297233,-0.039671173958972107,-0.07735246666911734,-0.10832449077113904,0.99110160962404648,-7.7220367046729601,-15.643557066217898,-2.973760919555958,,0.7412025775583295,0.7591240875912408,0,3
0.81515591002443766,0.57717549167317606,0.048880406750127524,-0.57543186425308424,0.8165686158567812,-0.045758771836224364,-0.066325047715401597,0.0091731897160831598,0.99775590233081646,-20.614924559697013,-4.0976461708430421,-1.3032853397929451,,0.1008751654231587,0.2,0,5
0.99538245196231168,-0.089996077260892801,0.033383834458439433,0.086525300823318774,0.99181703513702513,0.093874070591594569,-0.041558953823830284,-0.090552056241992127,0.9950242099905996,-4.3710386846765878,-20.512538350751981,-3.600636494703835,,0.4082658547651239,0.4827586206896552,0,6
0.0049351066645070924,0.99240530104383329,0.12291201398686981,-0.99748297236125927,0.013579744873349881,-0.069593896129768004,-0.070734465231287,-0.12225918774993259,0.98997440696170025,-6.0804294656636264,-12.927520049646416,-2.8769695607316246,0.304138104063891,0.1949487997621311,0.125,1,3
-0.91545462498185537,0.39680966528420508,0.066969538869313019,-0.40198032679878254,-0.89391237215922148,-0.19832419864307405,-0.018832059528239631,-0.20847724201387255,0.97784589434952085,-1.7303916219351192,-17.770015917621699,-3.5511690635208546,0.7125829305900938,0.467974209554171,0.7173913043478261,1,5
-0.99738897197332199,0.057452576438943692,0.04375431460468672,-0.06280312694147526,-0.98915374704487791,-0.13278038994312799,0.035651168737806008,-0.13518160439794877,0.9901792403398606,-3.3413829091384777,-10.522794574080452,-2.8306690822248104,0.472198195610974,0.2699020001447774,0.2584269662921349,1,5
-0.11018782824993831,-0.98948509487824343,-0.093690391819837612,0.99188592924994645,-0.10345968926731432,-0.073880958661075982,0.063410928565437064,-0.10107096373589863,0.99285634128405731,-12.135965487521721,-27.601935505008665,-3.7507972937701406,,0.4397869080143787,0.7435897435897436,0,4
0.46134529614942354,0.87520114709585217,0.14554542192356137,-0.88520556288781671,0.46511178965906375,0.0090628115178527317,-0.059763108631212904,-0.13301870260324097,0.98931006039789482,-12.790156990379344,-16.401334402546873,-2.7532986765553691,,0.1427758952981912,0.2173913043478261,0,4
0.18453539179859446,0.98006088023781979,0.073670619660810566,-0.97944037837001552,0.18959865147641605,-0.068912238221691388,-0.081506038991830884,-0.059439232715379972,0.99489886080046719,15.568398266999038,-15.006332384527292,-4.7229608703207253,0.6830421098753315,0.5421036384089304,0.7368421052631579,1,5
-0.039653456955057564,-0.94869500909428983,-0.31369632301176092,0.99647706291634874,-0.014327181662784383,-0.082632892646985506,0.073899028634482389,-0.31586787045406689,0.94592093854702941,-20.847232786711761,-20.399868489115491,-2.7147642466031563,,0.3871046287223373,0.1304347826086956,0,1
-0.63934064201638718,0.75121754410950681,0.16406018678568926,-0.76424616859726868,-0.59732052558894078,-0.24317891252028048,-0.084683748443657919,-0.28085653122587834,0.95600641818833954,-14.456698320489078,-10.676649699012353,-2.1936944712986435,,0.2635268573391986,0.1272727272727273,0,5
-0.8776187195879831,0.46713932961995003,0.10754640742940649,-0.47924938705652409,-0.8502447471154928,-0.21772435557019496,-0.010266841515001053,-0.24262051999930764,0.97006694369026447,6.7197542881220622,-21.378394124790407,-4.4362391650972111,,0.1582410002220849,0.3571428571428572,0,1
-0.33010558899393105,0.89663691143094015,0.29508058081573868,-0.94206672604452935,-0.29323285835852081,-0.16286428232928218,-0.059502804931452692,-0.33174800653278269,0.94148960502323842,-22.410956371843472,22.491841621902392,1.1621501020874956,,0.4779380809081661,0.2272727272727273,0,1
0.030479355382960205,0.99718272491399906,0.068539200670354961,-0.99690836747741318,0.035295947780870675,-0.07019902366677444,-0.072420409754139922,-0.066187681658613967,0.99517560010668482,-4.8914862072468166,-12.818252420157123,-2.9227464505281118,,0.07112437288901326,0.2903225806451613,0,5
0.78302475843125441,-0.62140455704986497,-0.026992668659050516,0.62117345387092449,0.78348310678926758,-0.017255769525111403,0.031871113719832596,-0.0032554344561901002,0.99948668538243135,-20.674509133438466,-19.260747311085666,-2.6095597535994126,,0.2389981897149877,0.6923076923076923,0,2
0.19823610355582463,0.97470483277480346,0.10321306221815152,-0.97876277083222918,0.20246326111887036,-0.032125789172091981,-0.052210015129494317,-0.094652611493585809,0.9941403308676412,15.34914242363037,12.349031178991551,-2.3371000859892366,,0.7457632633848652,0.9936708860759493,1,5
-0.5760836625724457,-0.79413426721256986,-0.19359333499857864,0.8130744487676197,-0.53242979977412774,-0.23543247242832552,0.083890133379012882,-0.2930345951440505,0.9524143906779311,8.9814077486598212,-2.6893420278249907,-3.0070585288029688,,0.3107952542372014,0.1851851851851852,0,3
0.76359830425203479,-0.64051590089921484,-0.081590504586532928,0.64569053422646894,0.75724773021338232,0.098283310368637355,-0.0011677986790083186,-0.12773118562805344,0.9918081369218027,-12.758125499834641,15.963969184492981,0.099807282031176628,,0.4631745807478445,0.3461538461538461,0,2
0.57900193226522623,-0.80997973469069806,-0.093217980151475199,0.81418370533097117,0.58044961275492835,0.01353296073234408,0.043146916537156695,-0.083732170896493693,0.99555374900117555,-14.130310072248658,2.5862793806105233,-1.0182389576268247,,0.16246273274843,0.1923076923076923,0,1
0.32432438080138831,0.9113145008335517,0.25361304498840159,-0.94280027529742194,0.3332581812967424,0.0081624443575901515,-0.077080068220644796,-0.24175372834618389,0.96727131556446888,-11.812771851599244,0.7615537925959911,-1.2932849534290494,0.4895163030247849,0.34956971928202,0.3089430894308943,1,3
-0.80831732682872126,0.58720774950828647,0.04254595240307045,-0.58797595459708618,-0.80145064187073323,-0.10936702181478151,-0.030122681887839033,-0.11341925569498017,0.99309047748605517,-6.8372024849817974,12.127431193415465,-0.54500863007879607,0.6070374431884357,0.5727380370682615,0.8838174273858921,1,5
0.98051803077410649,-0.19638407421441409,0.0042055584429569149,0.19597673113422751,0.97948789505614953,0.046867731888973356,-0.013323369724372883,-0.045130464582380278,0.99889225093889267,-16.695233070919002,-20.919571975920622,-2.9520279508677008,,0.1028999289630015,0.2631578947368421,0,1
0.83762317163560129,0.54250422334830584,0.063848179209486558,-0.54180750467611882,0.83999267586252024,-0.029273407283047739,-0.06951294998597482,-0.010073338402598412,0.99753018883524192,14.007202764971234,7.0168008551818026,-2.6595316138425984,0.3256668211463116,0.2812328810554723,0.58,1,5
0.87200284946174644,0.48091466444193781,0.091280425367627163,-0.48566809559048307,0.87328920955985612,0.038632336090847846,-0.061135353569844286,-0.078019497505567831,0.99507558836144239,3.1778757391400636,16.93737774010744,-0.9226199529902408,0.2932483754751827,0.2341456315602261,0.35,1,5
-0.97059240888710141,-0.24067948284297344,0.0048746640060832935,0.23350939716549157,-0.94621331234098416,-0.22395028239346174,0.058512710124741692,-0.21622616420577187,0.97458837909484441,-3.7963846680713207,7.7844439757178954,-1.1114361063155058,,0.2184709066709906,0.4375,0,2
-0.71478497041102329,0.6667459844385164,0.21102662938507491,-0.69819550181367485,-0.66305894547794075,-0.26995532235692421,-0.040068532811452458,-0.34029785050275324,0.93946361591151717,-5.3983552624504458,2.4231627158539664,-1.5035247096650142,,0.153884578390857,0.2173913043478261,1,3
-0.36128411795690252,-0.92993848781893973,-0.068470394953779254,0.93112935337563707,-0.35588095641983164,-0.079667258895819257,0.049718340623663551,-0.092537309938907256,0.99446716027976512,-13.285677769330034,3.2303246131291985,-1.016087082304455,,0.1182267379237811,0.2790697674418605,0,2
-0.78715565525179476,-0.6148879841611149,-0.047945190993440225,0.61251047814486448,-0.77026965730972297,-0.17752624930051975,0.072228031731913764,-0.16910772295268314,0.98294745000426709,-6.4375928843208854,-10.232679842095331,-2.6055718111924588,,0.151743324548378,0.1313131313131313,0,5
0.44837693765726055,0.83583151535229261,0.31677089468729053,-0.89052452969235574,0.4482352192142019,0.077789782569458982,-0.07696871957688034,-0.31697139650114453,0.94530680205254447,19.073363067271526,7.2146752092671838,-3.053405744488372,,0.39405350504917,0.3636363636363636,0,2
0.5688449837558055,-0.82023127488343606,-0.060299586722872264,0.82165592436471013,0.5699802875205372,-0.0020034456263832278,0.036012864537960293,-0.048405862672796042,0.99817831375294441,-8.7520026531339106,-12.636574799725116,-2.7043673664210317,,0.1021675869008773,0.3623188405797101,0,4
0.71733620938065445,0.69222469214710514,0.079080581012280271,-0.69355650113448852,0.72027330559660585,-0.013628828967471389,-0.06639384343054873,-0.045070398564736387,0.99677505823918755,14.990406996112485,24.209607137152592,-1.2765723384845939,,0.5940956374588945,0.28,1,3
-0.50044437518009099,0.8334001658300253,0.23451991588155791,-0.86529117606337946,-0.4724730324024024,-0.16745272251990909,-0.028750790901465467,-0.28672878691711945,0.95758028111254223,20.147573063871782,-12.299889202577628,-4.9108251822910161,,0.2899068695190266,0.2,0,4
0.88395550030921988,0.46547486057265769,0.044224740224706703,-0.46401533230053615,0.88494306036778125,-0.039567048119980644,-0.057553843165341692,0.014454552285384293,0.99823775777874135,-5.0682714406058595,-8.0553620168100029,-2.5288030415188696,,0.06824643668923711,0.1855670103092784,0,4
-0.086064477807983875,0.95048895132357225,0.29860284504916268,-0.99376595589581096,-0.060581013494227252,-0.093590414607993708,-0.07086699204935229,-0.30479615190455989,0.94977743457193653,-4.5567616308047292,17.646052693590036,-0.27493043528766903,,0.6923984329019118,0.3684210526315789,0,3
-0.24545335886844766,0.96555432290226806,0.086356807171989597,-0.9673111167620323,-0.23809199686782989,-0.087300655301541435,-0.063732660455894985,-0.10496213866072068,0.99243191073190562,-14.818097653546404,10.885574927040143,-0.24736068845112971,,0.1888192583508241,0.125,0,1
-0.90376154546347431,0.42032277548829561,0.080893963602295518,-0.42801918423686125,-0.88912941373338605,-0.16201377583198767,0.0038271225072392767,-0.18104598874303088,0.9834671845533911,-13.471950230089703,-1.7977297237512186,-1.4606500345123057,,0.4955347655597423,0.5196850393700787,1,4
0.95076850942535762,-0.30980713790484349,-0.0076667325695245784,0.30986734166187585,0.9507411701455315,0.00857076202603675,0.0046337950413926961,-0.010524480676685486,0.99993387943903544,1.686293838882327,-4.7686595168069692,-2.6716855962296369,0.2754363248714705,0.2687574210798005,0.3622559652928417,1,4
-0.52871049464165154,0.84486774222543726,0.081631556414618583,-0.84748455567683478,-0.52008608665420841,-0.10620918207928089,-0.047277275143761184,-0.12533539250987327,0.99098733525680238,13.201721113972059,-6.0422492648637753,-3.7247501021234086,,0.08636384259219532,0.4444444444444444,0,4
0.43346518447781962,0.87096920323031157,0.23134515527662555,-0.89636800195360067,0.44317324029548649,0.011040115928181068,-0.092910381117066468,-0.21215590048441998,0.97280909482299038,-2.47794500737856,-14.453211647809647,-3.2266028971065821,,0.3203934288553729,0.4,0,2
0.0073834937641895108,0.99415115668499232,0.10774489167346601,-0.99828040847902544,0.01359405948495682,-0.057021290705051388,-0.058152472576707345,-0.10713859812696919,0.99254199443882685,28.093039279191814,0.85227847423205516,-4.5378382375221165,,0.2133557926830739,0.3157894736842105,0,2
0.046377008692056527,0.97060920789141436,0.23615024586305292,-0.9945945192127279,0.066853419968207026,-0.079450378164981655,-0.092902720179664097,-0.2311890693673859,0.96846306010516636,14.887762622792518,8.5234935646597112,-2.5759766548558281,,0.6980251902670103,0.7692307692307693,0,2
0.69555399574566534,-0.71633062131852576,-0.055453403535344122,0.71772398572833751,0.69628072059471635,0.0080894028414371429,0.032816448809516514,-0.045426854277147093,0.99842850600231514,10.322224261254766,11.179966981672793,-1.9551425329380769,,0.7006186667301537,0.6326530612244898,0,1
0.012798292252497647,0.99786750299932381,0.064005079277460186,-0.99726972441061823,0.01739391498804323,-0.071767321918526084,-0.072727577227543375,-0.062911828611820139,0.99536566212187971,0.04736527772687809,-22.268644613804515,-4.0252120456638432,,0.07488028818955911,0.2142857142857143,0,3
-0.015369628418773339,-0.99535765448303493,-0.095010074120064514,0.99842369294870636,-0.010147860026877561,-0.055200999044780159,0.05398058800101898,-0.095708727913948563,0.99394463403157318,-2.2009804517023119,-4.6792428074451955,-2.3677027521584746,,0.4033913834582149,0.2867924528301887,0,2
0.26238815830539808,0.96192554559270216,0.076496399374629639,-0.96183336989693269,0.26709309981060714,-0.059479783004564031,-0.077646783151720841,-0.057969998876509408,0.99529415566276003,-7.5976015917804949,-17.765610776764415,-3.1931679423444663,,0.09621120316185287,0.35,0,1
0.10961869150473114,-0.97038799771323325,-0.2152460832788658,0.99140786702714934,0.1222910524111061,-0.046425636203091016,0.071373550209221592,-0.20830754281659103,0.97545568014966499,5.6845167197197934,12.181744892065577,-1.4624581479950447,0.8954858266665227,0.5647172452493936,0.4696969696969697,1,3
-0.38636891901412751,0.91370952763673297,0.12591249948163444,-0.92061823630974116,-0.37368770869778539,-0.1132234928896806,-0.056401430777907997,-0.15966338175692321,0.98555896989076575,11.128006632003617,-3.4722071079560037,-3.2996658625566129,0.5973018870874653,0.4809446828925068,0.8,1,2
0.91685698780988423,0.37708019010632032,0.13108697163931829,-0.39737069665566738,0.89355021749503016,0.20896061412135467,-0.038337883921463846,-0.24367712047700635,0.96909837870696036,10.579506027875135,12.982426041314765,-1.8222357378989023,,0.4945955497925948,0.2413793103448276,0,2
0.29276247248282272,0.91060042303470268,0.29171390826418409,-0.95443346003274709,0.29675309394495414,0.031533658271993448,-0.057852442261862209,-0.28765338656639794,0.95598568196454681,6.1691788993161127,9.5197845153870908,-1.7041523847143087,,0.3046271405568384,0.2045454545454546,0,2
0.18872563491587344,0.97197687647418429,0.14015557900094183,-0.98092668668848959,0.19334679136794747,-0.019996339916624528,-0.046534611505225768,-0.13370852578354217,0.98992755293751156,-10.571429839793783,-10.163132356792605,-2.3515995921522745,0.4150374903156323,0.1759481859715311,0.2678571428571428,1,3
-0.53133831048716751,0.83617279709704551,0.13599504845231095,-0.84485959025643886,-0.51120190015818812,-0.15774945333147899,-0.062384874451786372,-0.19871504892574626,0.97806976068687146,0.81737992861020536,-20.808398343011881,-3.944829335267884,,0.3670708769617247,0.5925925925925926,0,4
-0.26219150410058939,-0.93879669210653671,-0.22341975308216297,0.96188712607176852,-0.23561283746183595,-0.13877949243521467,0.077645166461692519,-0.25129138805977119,0.96479213637556638,-29.852735732751196,-7.6889334950815922,-1.2089530370800132,,0.3576231664034348,0.3157894736842105,0,1
0.21757445041375242,-0.97266893280320799,-0.081095657631109541,0.97517984039925198,0.22012520316244516,-0.023857363885840387,0.041056514781978269,-0.073892097629995226,0.99642075475262792,4.863248365314897,-5.2126900926795185,-2.9517103091490831,,0.1314574810470375,0.1818181818181818,0,3
-0.045156182586759706,0.94599795392381503,0.32101213426621134,-0.99632424552209042,-0.019232204529026627,-0.083475266359512607,-0.07279366015683722,-0.32360159684542744,0.94338915064784434,-9.6770794565069505,10.64027727448179,-0.50797118726959434,,0.1683840946639623,0.4285714285714285,0,2
0.92530695667767193,0.36426457685832336,0.10544360563889645,-0.37542590423242411,0.91915645704705007,0.11919227281992735,-0.053501648153781799,-0.14987570021501165,0.98725622212771502,9.9040766315210558,-2.5643446228198878,-3.0627315567464657,,0.2564369513566261,0.2068965517241379,0,1
0.41764153639167817,0.90525479283997379,0.07803401258845219,-0.90472394061148054,0.4222544223940885,-0.05635418398902111,-0.083965102065276992,-0.047063391387476269,0.99535666915245857,30.324547394276742,9.7367758434558969,-3.9015632136104572,0.281143361111304,0.1914523619321955,0.4117647058823529,1,4
0.73904342401551049,0.67211623220704531,0.045547643443282756,-0.67003510824243273,0.74038952285459958,-0.053631223831739336,-0.069769414086564882,0.0091172830900431694,0.99752148047401679,3.9881751021739364,-27.384018240018325,-4.7820692771957098,,0.1746191848610742,0.5909090909090909,0,1
0.70849140703150948,0.70248537388767163,0.067485003048165973,-0.70220632719656384,0.71126358537084455,-0.031786572173234495,-0.070329227264522981,-0.024867882887578005,0.99721381267663234,-11.922754556985472,-12.170431362005219,-2.4737534344079717,,0.08641354758020074,0.3617021276595745,0,3
0.96281910136124416,-0.26685766103398134,-0.042028166762298785,0.26882166810306352,0.96182134256216423,0.051328508162635518,0.026726182148096186,-0.060718149999716947,0.99779708230100517,14.178193457299344,-2.3485966437503203,-3.4378074626308415,,0.2414087403004982,0.3,0,3
-0.0090443713837630897,-0.95595232277966191,-0.29338261011594069,0.9978382682776209,0.010470467695683158,-0.064878036861113264,0.065092163176459883,-0.29333517668088011,0.95379111152002582,-15.660243971910335,-1.3373376675684943,-1.2766475184011898,,0.2004178730694926,0.3333333333333333,0,2
