axis_00,axis_01,axis_02,axis_10,axis_11,axis_12,axis_20,axis_21,axis_22,location_x,location_y,location_z,dbh,dbh_approximation,score,reconstructed,number_clusters
0.1080903723401361,0.99379251111753297,0.026323302491868931,-0.99394441034528347,0.10855774896199491,-0.017021289130696671,-0.019773228131415584,-0.024324061893775003,0.99950855897398427,-5.7829752905405298,-27.33467443387163,-13.810134214261007,,0.6874579790288708,0.7727272727272727,1,2
0.89573433596172214,0.43258059758539452,-0.10263540311157456,-0.43425357256865216,0.90076643200411344,0.0066083043165782451,0.095309150088408498,0.038650505394381807,0.99469709175315479,5.0132891351920916,-32.345599568880537,-11.929894869146054,,0.2661156675907451,0.7777777777777778,0,4
0.90639957228011137,-0.37388150099201534,-0.19660223443895011,0.40249240073842979,0.90566595412053275,0.13330058850117221,0.1282173261234433,-0.19995450173202245,0.97137969636947441,-1.7483876562167533,-24.788568553793027,-12.85674202544736,,0.09792169022335723,0.2608695652173913,0,3
0.95865271847659728,0.26138987279582687,-0.11251799748133832,-0.25830660725916677,0.9651746202043392,0.041420395455215107,0.11942638738439514,-0.010643632518517701,0.99278600467730316,2.2899276823114598,-30.465015970373592,-12.396159574121647,,0.1096453956419935,0.2777777777777778,0,3
-0.98573274207322814,-0.11091213277118352,-0.12660750376238314,0.1284835559204231,-0.98173607960482978,-0.14030768282664385,-0.10873333004575,-0.15457285921624778,0.98197978295424981,-17.385646440764734,9.4949038555334084,-13.008123632137758,,0.2330074288906253,0.4615384615384616,0,2
0.81980766383209702,0.56973324654123625,-0.057614426212045065,-0.56486625931807666,0.82109739523749192,0.082007174187445117,0.094029268880298639,-0.034685664470925984,0.99496502515115948,-2.169550106271978,10.355370984031341,-10.479252676778586,,0.07950985727091239,0.4193548387096774,0,5
-0.84392444888644536,-0.47147734666804147,-0.2559309206613628,0.52800887550964948,-0.81436506224231964,-0.24086546614676407,-0.094858589251287581,-0.33840605340024021,0.93620680998769146,-16.026294626187585,13.876895527629788,-12.450480589320657,,0.4341467448853677,0.2068965517241379,0,4
-0.86770921160705949,0.48419990730318985,-0.1123884952289923,-0.47908430423374271,-0.87492605394620049,-0.070587743716600426,-0.13251020160397289,-0.0074060714087934576,0.99115397218452506,-7.2564408528403526,-29.016335855707528,-14.197336449014765,,0.2112214589091889,0.7631578947368421,1,2
0.38308074241262241,0.92352910881260908,0.018523767661667977,-0.92335521981009316,0.38229504954267007,0.03557573814586619,0.025773685069268255,-0.030732397741745982,0.99919529466816182,-19.018726673235534,8.1303134613015509,-13.334289055413155,,0.1876550990952892,0.3888888888888889,0,1
0.90192843697661917,0.4126690399683231,-0.12739449762269078,-0.41464643173739979,0.90990556278040191,0.011840754567338295,0.12080327487430494,0.042144160602684187,0.99178144694622139,-22.175250002867003,8.8563511224864886,-13.758554575808688,,0.1633288529416468,0.4912280701754386,0,3
-0.57964088987987161,-0.72504770250552897,-0.37191701745244943,0.81273159687072083,-0.54745091470384399,-0.19941125203431562,-0.059023641257037393,-0.4178556270787549,0.90659411242925136,11.200918807666158,-20.107353586315252,-10.179620342096197,,0.4158133318920432,0.36,1,4
-0.22593494412295687,-0.95768149799156255,-0.1783242816578684,0.97412991636661916,-0.22304075966815126,-0.036383039540679431,-0.0049302194394442323,-0.18193121758316347,0.98329889911714419,-6.9672770229190411,12.359612549797292,-11.121760095686481,,0.0809753232340817,0.3428571428571429,0,5
-0.8197469612407885,-0.49466960399564797,-0.28864667401389282,0.56492740922677276,-0.78126990534052021,-0.26547006858314776,-0.094190985984966849,-0.38068269975401231,0.91989604862026486,9.8336476217685327,9.605548883988515,-8.5314136186134686,,0.4822223389698872,0.1025641025641026,0,1
-0.98976643547604337,-0.021175056290446609,-0.14111704431479768,0.06285587596599429,-0.95251593935362255,-0.29793040149309052,-0.12810754100206476,-0.30375154693990125,0.94409928273991517,-15.039857174657923,8.7205852829918928,-12.659344102061135,,0.5472633712919155,0.2898550724637681,1,2
0.76953672930821626,0.63403293237100156,-0.07625918249392076,-0.631427195251823,0.77329639830412766,0.05755325765131776,0.095461611876334951,0.0038627760603051867,0.99542561732109303,7.1965925677023161,14.330299187436937,-8.6860336356744785,,0.3156453315603385,0.375,1,5
0.96523877072095421,-0.2126833585999347,-0.15192071771734317,0.22350535100020691,0.97298025431944746,0.057920486692855898,0.13549713491943419,-0.089862192712589758,0.98669413333084621,-19.49189983439047,10.192483309221419,-13.257451021451708,,0.1380827552803045,0.3,0,1
0.57340016508916947,0.816895019738204,-0.062408151732229418,-0.81703902673352002,0.57579804106148036,0.030064010113498501,0.060493631648761245,0.033751187189216075,0.99759780367303497,17.820341424425102,-21.637301335384549,-9.1101155002790311,,0.1793309431050427,0.6923076923076923,0,3
0.6027569008140754,-0.76757963950247843,-0.21795782973377179,0.79171972083406006,0.6093244807194258,0.043629815934058271,0.099317683035039614,-0.19885968474592097,0.97498247349339773,8.2271369572205266,-23.543181452745344,-10.934046687641382,,0.09821366102103815,0.2352941176470588,0,5
0.91186280486174409,-0.3700042967549137,-0.17777245425704871,0.39008114349814271,0.91591299873956011,0.094551997478040786,0.12783945633822999,-0.15556413186466775,0.97951869521736934,1.0608878133558546,-27.983138734045827,-12.49622090574894,,0.1152960649644349,0.3846153846153846,0,3
0.86360873012927541,-0.43685318086393515,-0.25167292189181167,0.4873316460580806,0.85123615205800207,0.19469175683579165,0.12918137634667656,-0.29078568018137907,0.94802735203507216,-15.668570208057217,-0.4880565952242607,-13.598947927271174,,0.6321446417662308,0.2380952380952381,0,1
0.74235788971111349,0.66843458606960637,-0.045825404849451384,-0.66604717040068118,0.7436679744003496,0.057785038310333277,0.072704404164451453,-0.012375297864492122,0.99727675277119399,1.1670513854155316,19.846745234778854,-9.3172421604283215,,0.5753207122311317,0.7560975609756098,1,5
0.98452778524777029,0.12531302711628547,-0.12248136719547519,-0.12104201161561901,0.99176941967946752,0.041740263687425519,0.12670387326030752,-0.02626905829306736,0.99159269111729076,-11.154009649121734,11.800316978730551,-11.853269176903783,,0.1226117201415518,0.44,1,5
0.27218082920916176,0.9603006861345581,-0.061157079888670966,-0.96224180232859891,0.27181972916600267,-0.014309042159751749,0.0028827178879842117,0.06274254573745898,0.99802558228332028,1.2984170857986854,-30.43904211795742,-12.584728791971116,,0.3405750458712785,0.2666666666666667,1,5
0.0042757091934263122,0.99975516116387564,-0.021710274919642461,-0.99916028854462069,0.0033864747281983228,-0.040831967676623865,-0.040748449127823647,0.021866630172673662,0.99893013488360072,-19.856826078198456,7.2891326947314168,-13.547891597707634,,0.1794137985552664,0.4146341463414634,0,3
0.98493426880360724,0.15254581940776463,-0.081450961427824972,-0.12589334911915023,0.95542904042272836,0.26703223281931243,0.11855526468220248,-0.25275506265576048,0.96023930742186081,-8.2495446377160633,-32.298981825900036,-14.568472274759165,,0.4894000645757483,0.2758620689655172,0,2
-0.024194108594703348,-0.96217178285306659,-0.27136710447410584,0.99969334181909741,-0.024718755612879253,-0.0014850735729406187,-0.005278961249525844,-0.27131981756278584,0.96247477326204434,-17.622068442157396,14.657275201739504,-12.643294437434854,,0.3258045903621644,0.6716417910447762,0,5
-0.12597586129594229,0.99094748598149129,-0.046402180958534801,-0.99055723898909209,-0.12820141625047565,-0.04858758234033865,-0.05409656788607229,0.03984315371974681,0.99774048952852123,2.1045767286548593,-38.740157701298813,-12.802353488505801,,0.2825658758223514,0.3,1,5
0.91649438881320844,0.38542416854041184,-0.10717390344126398,-0.37939887837859337,0.92237476824545639,0.072672401840088163,0.1268642044036474,-0.025942189750948235,0.99158079672407784,8.2246944042622019,-21.643142340509737,-10.822976664970303,,0.2746111467697754,0.875,1,5
-0.11441633233293257,0.9933934038060479,-0.0088570971607576342,-0.99200475074373007,-0.11472519841918899,-0.052580446456340899,-0.053249200908092084,0.0027702206253077872,0.99857741236237552,-11.22441747153702,14.737320321630749,-11.65729316348054,,0.107186683443365,0.1578947368421053,0,5
0.9655477100646912,0.22321995461578564,-0.1337552669996902,-0.21986743216856386,0.97472880156369723,0.039523103038619854,0.1391974563719961,-0.0087530145393476932,0.99022596051408451,4.2520142062066517,11.100359641957498,-9.3657173644342091,,0.1074300995914448,0.3157894736842105,0,5
-0.38903554574956956,0.92118783813804328,0.0080194145604039688,-0.91987093958739108,-0.3879785345472041,-0.057533566143714091,-0.049887860707228122,-0.029759428710258357,0.99831136313120983,7.0923010946425125,12.13107777433542,-8.8350706274613096,,0.1714135399910721,0.2727272727272727,0,4
-0.35431319635244812,0.93448667033202137,-0.034595113271735187,-0.93071797893689945,-0.35598948940624081,-0.083878049070642627,-0.090698415499526799,0.0024791942353356725,0.9958753190142926,34.305841827069521,-16.163969166545034,-6.2203545247054972,,0.412037113864109,0.3333333333333333,1,4
0.41757074521163368,0.90861057795147648,-0.0078415800757457559,-0.90840331252604556,0.41764319230345504,0.019431564895445112,0.020930707945689676,-0.00099073571777346303,0.99978043785004578,10.303655020639717,-23.372100724310357,-10.578413658166809,,0.2218296760202289,0.3114754098360656,1,5
-0.69786775361111808,0.7157991026330297,-0.024743547432075273,-0.70701404646537469,-0.69400329091202173,-0.13598003641690351,-0.11450649138992405,-0.077402046956362935,0.99040253763635733,-4.4986402721245051,5.3718750237366351,-11.165010590005554,,0.1239385420438963,0.3125,0,5
-0.98323606009349629,-0.11879443119493624,-0.13832835301878668,0.13065161103875736,-0.98819351926028642,-0.080023278019253311,-0.12718886218846268,-0.096754594769659572,0.98714818630546197,-18.512320562076074,4.8975666093262671,-13.521048638938421,,0.1109658248796368,0.1739130434782609,0,2
0.97551702639738958,-0.15676065484496166,-0.1542485925426029,0.17908106826550263,0.9733298220061285,0.14338419920759887,0.12765775416198394,-0.1674967303743474,0.97757267919895441,1.3392047710170674,12.308377911928353,-9.7453595717128287,,0.3499920821122515,0.2222222222222222,0,4
-0.98684530466731701,-0.087204551343965556,-0.1361312266931001,0.098719384813767241,-0.99187401653946483,-0.080252217264452808,-0.12802666799562457,-0.092635314749652989,0.98743499570512028,-8.9386877970143512,-14.032942116550863,-13.747237760235809,,0.366007147951187,0.8926174496644296,1,4
-0.54017506124005499,-0.82241806959746599,-0.17843604460388879,0.84126759864598588,-0.53323260594963962,-0.089060740063021712,-0.021902755139925727,-0.19822085347342894,0.97991263006736806,-3.7949577605632117,9.4013627624522833,-10.797019977179218,,0.1963176995491115,0.4714285714285714,1,5
-0.81248284773761026,-0.538385095719498,-0.22363611255629068,0.5705357988718055,-0.81315477293410066,-0.11518774874178948,-0.11983540519351378,-0.22118047825610188,0.96784227625192543,-18.63297955201352,19.216108267601669,-12.494323353268999,,0.3512600089501766,0.4230769230769231,1,4
0.61874920946288081,-0.71692068383619045,-0.32120733004853802,0.77861566762969658,0.61400885561318519,0.12942475555375596,0.1044368608807389,-0.3301785249171077,0.93812317089652009,20.609829765030437,-15.38895184780101,-8.3211411310208465,,0.5551626123561515,0.375,0,1
0.9914939235584258,0.0056512786262059699,-0.13003023723968218,0.0046244513856260952,0.99689643091848734,0.078588297292684087,0.13007080378048347,-0.078521137739275659,0.9883906196094886,-2.2674721583324882,12.654469313523627,-10.318282613953519,,0.7220111865279468,0.5131578947368421,0,5
-0.55230536009266495,-0.81431083279666072,-0.1784843320936616,0.83265121090811944,-0.54929175152015597,-0.070502004830791304,-0.040629425127036725,-0.18755383041123935,0.9814136796030094,-0.07896295313966406,-25.433132273717398,-12.571035287939221,,0.1528965775421321,0.4285714285714285,0,5
-0.42910152101556487,0.9029773896214276,-0.022443673821414486,-0.90129640696350888,-0.4296742193957282,-0.055180177431219987,-0.059469920605278857,-0.0034494954913433947,0.99822413791896347,-11.435082955894863,6.2471416720056565,-12.295397311610454,,0.2094504918362306,0.2545454545454545,1,5
-0.60440915277406004,0.79232920740689194,-0.083090331163795619,-0.78868303382834271,-0.60981853290547539,-0.078105243590517723,-0.11255508959733311,0.018324410358307629,0.99347650590779268,-7.4502056466683753,23.429872713739744,-10.520863864177784,,0.3784098708864438,0.36,1,4
-0.80259405862131528,-0.54652254286782675,-0.23907297463964602,0.58917695919092861,-0.78897299111410824,-0.17433338765419434,-0.093344993568456006,-0.28077522937349964,0.95522352501703145,-18.209746000705159,0.43704414816402309,-13.863550269826829,,0.3306705957694688,0.2307692307692308,1,2
0.33139086162959847,0.9418638572044582,-0.055430779539278101,-0.94290464350752123,0.33268742574619303,0.015808542068281705,0.033330617761237927,0.047027133043711422,0.99833737718135285,-14.557624653707919,6.682298259151362,-12.734810379012153,,0.3696628765253246,0.4150943396226415,1,5
0.88752709362041193,-0.41444498860899631,-0.20132314697171524,0.43722150383771957,0.89540426279109309,0.084193602829569475,0.14537198723134023,-0.1627469126970745,0.97589980414793787,15.423886207523404,-18.436733817599265,-9.2877640468339422,,0.1167137616617864,0.2,0,5
0.92660458143685409,-0.34371831904697192,-0.15251775900450867,0.35429461713190685,0.93391206755303291,0.047786759151207947,0.12601299112230016,-0.098315650993847606,0.98714475070177432,13.307781043127216,-19.79728912976589,-9.7475159360623884,,0.07630053085669347,0.3571428571428572,0,2
-0.14995080788945714,0.97728177442891706,0.1497834723271107,-0.98731763853271037,-0.14002435607498478,-0.074813503780918056,-0.052140539462981139,-0.15910220952222209,0.98588429902786068,15.011958295942707,12.069484820764696,-7.5775795990977501,,0.3779014303275086,0.5365853658536586,0,2
-0.22370985800465817,0.96620571580252634,0.12806410184772332,-0.97299396400741278,-0.21372261749280141,-0.087208880150862783,-0.056891523416740954,-0.14411508429916012,0.98792418587701825,2.55367990152619,12.531794759517368,-9.5402960243367438,,0.414404668427576,0.2727272727272727,0,1
0.21672658478384713,0.97460947377298779,-0.056266873734640496,-0.97616743882437285,0.21568730770631114,-0.024002430574164516,-0.011256945722283604,0.060127854829048435,0.99812720744735883,-0.66016813929458051,10.803529416097957,-10.141389012856372,,0.2556161773173611,0.4444444444444444,0,3
0.46463192453471991,0.88543989019366365,-0.010647795875041589,-0.88280849263804984,0.46412162502352933,0.072389795632075787,0.06903868502005002,-0.024234645434843344,0.99731957863633225,-26.920413992028092,11.648752902009193,-14.323913001198411,,0.2602161199857516,0.5454545454545454,0,3
-0.67787996740517009,0.7293561278424463,-0.092295116715010103,-0.72679322175632777,-0.68375209869546116,-0.065227910733123284,-0.11068135615279436,0.022862771228001563,0.99359294033922818,-12.0305382748105,9.3870869010335856,-12.135327465736289,,0.07311261538964638,0.2972972972972973,0,5
-0.38188051807497492,-0.8397303106203059,-0.38603144346065044,0.92385711064336429,-0.35840921456686298,-0.13427909005969221,-0.025599004443206737,-0.40791646245167534,0.91266031503096923,-4.4220636101853419,-33.519880383857696,-13.858514321755955,,0.7987340519281126,0.5294117647058824,0,1
-0.98695975645270984,-0.034680294860699297,-0.15718688333058478,0.076699337588080577,-0.95985299868907703,-0.26981369965429164,-0.14151908265798491,-0.27835139312739504,0.9499962374597497,-6.2823619771216146,-31.980129141325556,-14.126203574086405,,0.6759565727524286,0.2424242424242424,0,2
0.99139408787976757,0.079641904694799218,-0.10389865029743392,-0.072238670981826528,0.9946994599315393,0.073174851053373111,0.10917571585212228,-0.065039614301504484,0.99189238914293931,13.873149736612257,-19.011006215143265,-9.6062977365365594,,0.3340336282900235,0.6052631578947368,1,5
0.89601340045113731,-0.41195404471523717,-0.16569203739089622,0.42500004412701625,0.90373570263937342,0.051349218756977622,0.1285882914733065,-0.11642871131157499,0.98483978721328169,-13.900344314313372,10.760041587145814,-12.346860849595801,,0.07199909998898744,0.375,0,5
-0.66670426869285282,0.74422318492584483,-0.040463182345923061,-0.73778853576608994,-0.66669140271058847,-0.1057858688290451,-0.10570475201643742,-0.04067461826027171,0.99356533797759072,-15.025843789966297,1.6220746346095836,-13.261562904236156,,0.2061975602754918,0.625,0,2
-0.037443441480329791,0.99824139525101185,-0.04595764895447179,-0.99858839465325555,-0.039110998041624774,-0.035938112026393756,-0.037672360610170499,0.044547128296910085,0.99829672272654291,5.6292071385746087,8.7195040421730194,-9.2783593142076715,,0.163758501458195,0.6506024096385542,0,4
0.40761883991457321,-0.83093806678320659,-0.37866715003718709,0.90966061364379269,0.40572992879942854,0.088886404256273407,0.079777498907251998,-0.38069036505669351,0.9212547946258437,0.59735279540435537,-35.450122134075102,-12.934293808781296,,0.5373525266385777,0.3478260869565217,0,1
0.23113505742733612,0.9633409230556963,0.13620150951535226,-0.97291326052693183,0.22827477886813585,0.036474824517156126,0.0040463216525284135,-0.14094286537069625,0.99000946257204103,-5.6673274997575191,22.936739874416975,-10.259154201344099,,0.3002827461533659,0.2857142857142857,0,1
-0.68308626637587277,-0.66922576575761805,-0.29245517115414638,0.72669222658105159,-0.66276361146063634,-0.18072853441094691,-0.072880453589042632,-0.33597807929950624,0.93904588264624822,18.575958513561964,-17.039346486584797,-8.7115413348914483,,0.3368491611515743,0.2903225806451613,0,5
0.76142259345531427,-0.59245331277497082,-0.26312488737811546,0.63616324930283785,0.76093129216545019,0.12759266765717067,0.1246272619142313,-0.26454232324031013,0.95628730243707649,-4.7637365555646074,-30.743843489220371,-13.828125524423561,,0.6299037034903878,0.5625,0,2
0.98682197499484792,-0.068970663857673434,-0.14637430510270552,0.077070999861433134,0.99575074989336676,0.050403423169037287,0.14227596651447172,-0.061020419646458435,0.98794435963699057,5.7922157639470919,-33.837736667886283,-11.873819497468855,,0.1691503767041992,0.5,0,3
0.96214428213769332,0.25105455348977723,-0.10606597721132074,-0.24182389167606322,0.96589132080713647,0.092602169543103546,0.12569640314817074,-0.063447360555776142,0.99003780062890456,-0.073908658568560812,-27.414402804196271,-12.654278992100553,,0.2514053287120844,0.5476190476190477,1,5
-0.72595112730017064,0.68740662969048527,0.021612177798163885,-0.68110803803722553,-0.71423344969848568,-0.16112858173794531,-0.09532471501500922,-0.13169170357075813,0.98669675884637353,8.3163293116401782,15.100505099655607,-8.4838313272450545,,0.3039052385537774,0.4166666666666667,0,5
-0.72302096649037229,-0.65384231045428443,-0.22300429384908832,0.68615659604238444,-0.71715737700829651,-0.1219607408558479,-0.080186081852495789,-0.2411960398978033,0.96715803394003896,-2.5557509864966472,15.950944901490248,-10.175339598383225,,0.2518848215201809,0.5238095238095238,0,5
-0.099370881393398794,0.99098829062669391,-0.089820018770226523,-0.99441753906588393,-0.10212131345575878,-0.026551748270557854,-0.03548500992322684,0.086680131396159127,0.99560402213525356,6.7409130137696831,11.215690882144564,-8.9202065742963743,,0.1432735543521851,0.2666666666666667,1,5
-0.26256377286470589,0.96166760606158308,-0.079092860808271437,-0.96336874797578942,-0.26589902254736919,-0.034905088911431674,-0.054597807672217669,0.067030778453924286,0.9962559681814962,6.7402235414552818,16.385254491696301,-8.6521763268496148,,0.1466585096740234,0.5238095238095238,1,4
0.98900708100116508,0.085836644247672247,-0.12040375506542031,-0.069386569776003881,0.98845056109844942,0.13472561819817441,0.13057755421309941,-0.12489018683811429,0.98354051445137036,-4.4422293359435674,-32.12981214059235,-13.786567620014294,,0.799838273399198,0.3,0,1
0.74299912148370406,0.66926920537888002,-0.0055710148058305065,-0.66404686270247848,0.73819046552016221,0.11881330207566178,0.083630554281554775,-0.084578764158913813,0.99290098350435296,20.280633673112707,-16.944038731233583,-8.4617079178337438,,0.1579976772462696,0.5454545454545454,0,5
0.973256370360428,-0.17275065807333531,-0.15142406574938508,0.18548994904382649,0.97982675497102745,0.074384198904494825,0.13551943165673022,-0.10048253767781928,0.98566614188844981,-16.966337122202418,17.499895321737295,-12.311073069475594,,0.1151528273633055,0.2777777777777778,0,1
0.9884259677412045,-0.065719093561497535,-0.13673005169427682,0.068112757624054707,0.99759426414035179,0.012897147092200469,0.13555352648939556,-0.022060935966685631,0.99052438463702819,19.898421771804163,-21.308004664539972,-8.7618856513033734,,0.3922903086426234,0.875,1,5
0.93096192301287417,-0.33732137920192773,-0.13972896991490763,0.33994512132451593,0.94042990999569798,-0.0053757672144495857,0.1332186638119148,-0.042495547046639354,0.99017519464657133,-4.161813339055553,-27.222741122849214,-13.510642979184034,,0.1192605874789357,0.1578947368421053,0,2
0.9845451337153408,-0.043674273625087905,-0.16959786997708337,0.073457042462964486,0.98208567230184673,0.17352750552008817,0.15898095039984184,-0.1833038190620995,0.97011585252855903,5.3187377000143208,-23.179561816254967,-11.492387226947535,,0.7158633243886566,0.2058823529411765,0,3
-0.70558105558014028,-0.65496295273764815,-0.27051599684232419,0.70202652150312339,-0.69805997927253416,-0.14096463543830348,-0.096509777290384319,-0.28937138054619466,0.95233926045719131,2.0667825076634023,15.870933087524767,-9.3917894723562156,,0.3690480830109317,0.3846153846153846,0,6
-0.57284991389211948,0.81961938949210011,0.0081873391519421967,-0.81425781711246104,-0.56790086319664068,-0.12030302095858063,-0.093953091620455564,-0.075582180102904614,0.99270345553234118,7.5551960417294506,9.5039996968191254,-8.9308413814311418,,0.1528677661402974,0.25,0,3
0.089080679138771421,0.99260375101918774,-0.082476821391309491,-0.99590191488214685,0.087465172731126375,-0.023004771096177615,-0.015620772652098554,0.084188104989677423,0.9963274333470894,6.5816771782567098,-32.534910773318337,-11.671951810150746,,0.4830356934960328,0.2,0,1
-0.66164450613963965,-0.69480312189859039,-0.28191340744137272,0.74894347073373235,-0.63053449133493322,-0.20373986571682054,-0.036197032206297206,-0.34594056864867673,0.9375579437146736,7.8623472439335051,-30.270818965094488,-11.335978466149065,,0.5136223419412359,0.3846153846153846,0,2
-0.92080260549513793,0.38587760357516759,-0.056754178458085905,-0.35382297939595081,-0.88766086156408008,-0.29473291994395262,-0.16410929579015016,-0.25130990809437193,0.95389279750339884,4.0767470373153731,13.843168422026862,-9.2114792458364594,,0.595371662107066,0.5,0,3
0.14814817090274246,-0.97679084227273272,-0.15469896544675416,0.98778231844432951,0.15379776990518662,-0.025146318635831159,0.048355049652702389,-0.14908352163909827,0.98764158111572442,-10.42176102302934,-9.4550987402055995,-13.580148663573818,,0.383090501441375,0.9150326797385621,1,5
-0.46162290833137087,0.88655755281877457,0.030331436558012639,-0.87951766970819645,-0.45296778986416364,-0.14583843806294219,-0.11555500497490641,-0.093999398325525133,0.98884334145489849,-22.558614916092434,12.22611092581622,-13.532656919126445,,0.2325959594944041,0.2608695652173913,0,2
0.97844336305978452,0.16963466193401816,-0.11778228540315637,-0.16101755080116581,0.98376473661798958,0.07924828907258219,0.12931331570357782,-0.058574947353531095,0.98987223515172829,-2.3788419687223592,-33.343729884760542,-13.414272184858223,,0.2801172193844726,0.5,0,3
0.82853344420463537,-0.52784793518499318,-0.18683920668677328,0.55139464086664214,0.82720023384814134,0.10818374713942101,0.0974488679151813,-0.19265598989524968,0.97641558145060892,12.397728290851434,-20.488712820490164,-9.9642396626281577,,0.2748087091509033,0.1666666666666667,0,3
-0.37186518304406796,-0.87817355412364162,-0.30087787302733687,0.92805126799746784,-0.35900108686201387,-0.099192054118187642,-0.02090764472375152,-0.31611616293657807,0.94849008530525036,-2.5494620263128396,17.16368140522388,-10.083714907627318,,0.09397089918870843,0.1,0,3
0.99025014333167949,0.054052841272526332,-0.12838591816065872,-0.053027431750122825,0.99852804840035925,0.011394210800047143,0.12881282977085146,-0.0044751433649568633,0.99165882640063707,8.303555602081774,-26.774424856341614,-11.075217807199714,,0.1026409852842776,0.1764705882352941,0,4
-0.27082535544949293,0.96065410173501897,0.061622428265520682,-0.96109111966439786,-0.26622178890034026,-0.073687304313130142,-0.054382778044975238,-0.079181158960866846,0.99537573685404068,8.0436710854818383,8.9817711667417672,-8.8468454171248769,,0.2431882337995847,0.225,0,2
0.91716142640931375,-0.35423776678988517,-0.18256648785182203,0.37522166619219621,0.92193419261232878,0.096156360747516684,0.13425207308189513,-0.15669380674413891,0.97848016423494533,3.6296853422753803,-26.009474674968359,-11.928961392059511,,0.1074054561115722,0.2941176470588235,0,5
0.18626042416161245,-0.94720406602741869,-0.26098182253226421,0.98087299465481037,0.19455411031267458,-0.0060717804100721964,0.056526301382991008,-0.25485908942309599,0.96532461990275065,-1.0113610256331935,13.928261464219016,-10.02616305083834,,0.1357804711054366,0.375,0,4
-0.53501234434945966,0.84453162137962678,-0.022981120155336914,-0.84012936472929112,-0.53469948642134113,-0.090989613364995128,-0.089131598848290486,-0.029373452480986235,0.99558664031619803,-13.600907851413391,21.775215467563886,-11.538523033525939,,0.2571297596879786,0.4736842105263158,1,5
0.75696469196663052,0.65078210680990678,-0.059051710999107186,-0.6482085835841751,0.7592431415714469,0.058098916896235281,0.082644342115237093,-0.0057010027870002542,0.99656279846458296,-7.6893301697212681,14.457697798302631,-11.10474899208004,,0.09880033662396452,0.3333333333333333,0,3
-0.26092608542167856,-0.934037930034054,-0.24390720203433616,0.96460941546779766,-0.2622177736198944,-0.027758148149674273,-0.038029640248001033,-0.24251800851797659,0.96940123891352759,-9.80503332668955,16.908148351296944,-11.249379541456547,,0.2968019764823239,0.25,0,5
0.97545963044027795,-0.14344403454888613,-0.16703987049101315,0.17686369359892173,0.96234576097167457,0.20642158372223324,0.13114016649319626,-0.23089921024591267,0.96409948212824503,16.553388596676854,11.957837762648147,-7.3236911374041735,,0.5774027099214657,0.1379310344827586,0,3
0.4576636433116914,0.88592186708982246,0.075408454451416876,-0.88856594284841628,0.45271952080696187,0.074132318796992197,0.031536562916290235,-0.10093305153614038,0.99439326441153508,-4.8259070159519224,12.00169898511375,-10.782972376351699,,0.4033519904032992,0.5517241379310345,1,2
-0.69522964109670171,-0.69765578694925623,-0.17300910113854015,0.7147907831874829,-0.69638588765184861,-0.064193704906102503,-0.075695986754755459,-0.16829467732391681,0.98282603708574134,5.1593742841906245,-26.834680521039243,-11.678730641960884,,0.1483348818811931,0.3157894736842105,0,2
0.96803034532139665,0.23601378042221613,-0.084939660864357017,-0.22686143858948393,0.96825727020536112,0.10493686852375698,0.10700999120665242,-0.082312539417007488,0.9908448453903751,-3.8387632195668377,-26.131936513069771,-13.413191069432242,,0.3754806107763837,0.5652173913043478,0,3
-0.94426250281253199,0.30631350793870565,-0.12058341775093177,-0.28567319823700221,-0.94449668362799877,-0.16222465418287232,-0.16358224106318381,-0.11873520737335951,0.97935836185675673,1.0038463978726655,11.200581023059954,-9.8826472365745381,,0.4338089329266358,0.6909090909090909,1,5
0.46125158218569295,0.88383092265132079,0.078037671009007312,-0.88651003773018655,0.45543282200704827,0.081736758207793261,0.036700557690831984,-0.10688238771664513,0.99359409431677426,-10.616065216074295,9.6835872982926183,-11.914661944907554,,0.6425073792216138,0.4924242424242424,1,4
0.93539771383385073,-0.29926942625461289,-0.18833196081292325,0.31362688217809864,0.94817541809993067,0.051005443692480085,0.1633073658156628,-0.10677634110727204,0.98078005549159331,4.7534357265575755,-29.384071779910521,-11.859165187906113,,0.3151429764712805,0.8181818181818182,0,2
0.89608151029529037,0.43083297393852227,-0.10686849617263193,-0.43051647358001216,0.9021725020291107,0.02720923664428113,0.10813645492220449,0.021626954242851139,0.99390079080712856,-6.5675995764527961,-29.550752010296044,-14.059576730086912,,0.08051030825251783,0.2941176470588235,0,1
-0.19667564134500046,0.98031279893690904,0.017478796927012714,-0.97659070790387992,-0.19428266793565915,-0.092330028569261674,-0.087116481433372084,-0.03522869824852129,0.9955750385994937,-0.13215783248695684,14.872068367560125,-9.8286214868756918,,0.1626053398020762,0.2105263157894737,0,4
0.95648282523076611,-0.26040612852265449,-0.1316406216424649,0.27901794398966717,0.94826048259046647,0.15149602004367785,0.085379107341028132,-0.18163343685879615,0.97965284802551922,31.844472050508635,-16.333318629093945,-6.5560301325986989,,0.3278477623081967,0.7894736842105263,1,4
-0.63938801243472798,0.76493694333491835,-0.077810296723498706,-0.76144099701836587,-0.6439948040498531,-0.074015541722441153,-0.10672664903595282,0.011923299804244458,0.99421690656884987,-23.445360186399508,10.322365436822032,-13.861884571275777,,0.08741517014294181,0.3157894736842105,0,1
-0.21485442242589431,0.97575214746522843,-0.041777073629340564,-0.97475146196378992,-0.21690450664011185,-0.053028505529239454,-0.060804313691466862,0.029328854669175525,0.99771872475177348,16.509424493194345,-22.686321592553401,-9.3479266635402194,,0.2737068993021565,0.5526315789473685,1,4
-0.96728074277514342,-0.19837573192529467,-0.15816141640573683,0.21940938799395518,-0.96708211671427713,-0.12888638404249431,-0.12738714659055389,-0.15937141686806627,0.97896540611452676,0.40718160470745385,17.197419025805516,-9.5699083599865418,,0.1416963324070182,0.40625,1,4
-0.23192953273791567,-0.93577165174337429,-0.26559387725896294,0.97247252743096169,-0.22937049885380764,-0.041065285188254398,-0.02249167036947973,-0.26780700149367337,0.96321001589215127,13.253167888669955,-28.378854646679507,-10.175005207537433,,0.2900394526461806,0.2307692307692308,1,4
0.94659386374291765,0.31464384959863939,-0.070422333346763136,-0.29985556424963999,0.93935433615643649,0.16643338527059306,0.11851876523480889,-0.13642829271763446,0.98353475954506409,19.824000770023186,19.270849132039984,-6.3712566927881991,,0.5931441813742481,0.125,0,1
-0.35162323082374358,-0.8769687097977662,-0.32754692118948958,0.93590124823453158,-0.33724100970058318,-0.10177109083220325,-0.021212192204432254,-0.34233665215949699,0.93933788355953673,-7.1759560496566959,-2.3900780122137335,-12.193861284472918,,0.1582964853238236,0.2212692967409949,0,1
-0.20463193053440834,0.96436652369518594,0.16769907865526371,-0.97703028065688835,-0.19082355866720049,-0.094858843220376868,-0.059477757903973305,-0.18325822610090023,0.98126388850353019,21.112544736822233,-17.260001161140771,-8.3561568081727362,,0.4560595814224435,0.1764705882352941,0,2
-0.88384048187843323,-0.42339425566465932,-0.19890527107914641,0.45566679015020778,-0.87540207651269364,-0.16136598399746696,-0.10580065664780218,-0.23325631547170025,0.96664249458911189,20.789983317480431,-26.60708735195,-8.9043537238851442,,0.1132249275481639,0.2222222222222222,0,1
-0.93210630563367047,-0.30250300609729958,-0.19917270470636203,0.34379371061279501,-0.91198896295479948,-0.22379011593838269,-0.11394612560783371,-0.27707050140844341,0.95406929397619622,18.945462070980888,-19.2262160558675,-8.7968189521994447,,0.2326724020338936,0.5,0,4
-0.84902820456378214,0.52312655908647765,-0.074092584200732378,-0.51237306540366234,-0.84944467349495301,-0.12616492587049313,-0.1289377745428201,-0.069154536000139266,0.9892384446868967,-8.1732036460946151,4.3904757829175614,-11.917345089144598,,0.0846065361949376,0.3055555555555556,0,2
0.72997640203827585,0.67875191564408288,-0.080189085770700316,-0.67492470593616105,0.73436597237117718,0.07199486051324254,0.10775478543544803,0.0015670458903752058,0.99417626736054077,-10.93488718440663,22.283599316286402,-11.099982093346078,,0.2279916995204423,0.2,0,2
-0.99530140705706271,-0.0070965056306992137,-0.096564738481838025,0.017572271351128228,-0.99398784371811466,-0.1080711886682852,-0.09521724838386493,-0.1092602679314271,0.98944220117284243,22.454887450892933,16.022191608990518,-6.1330159849419932,,0.1478890851472425,0.1,0,2
-0.89778274910506672,-0.4162877325917419,-0.1438424801752794,0.42687404073074925,-0.90284838562173009,-0.051413480045978198,-0.10846514997708571,-0.10756075619789103,0.98826413218662679,3.5534866558565645,15.150003924648292,-9.2380115813552912,,0.07361071089268931,0.1,0,1
0.72446179567062585,-0.6545350337113327,-0.21619203560306405,0.67976407606962697,0.73040549097029439,0.066547874839462645,0.11434993440705822,-0.19517097223958998,0.97408027600201119,-18.381008667806093,3.4186456854047806,-13.628348460452557,,0.3942358341876513,0.3870967741935484,1,2
-0.65994723614510242,-0.69102072492725553,-0.29488981539797321,0.74341694039776851,-0.65736084915485749,-0.12332058517548891,-0.10863193929071116,-0.30061116366398466,0.94753998862661415,-15.289885381403087,10.037101763719456,-12.640978368093533,,0.3482728580224521,0.1818181818181818,0,2
-0.10408141323859621,0.99456589341220691,0.0023964722897744494,-0.99370516604086556,-0.10389034186165508,-0.04191467346364694,-0.041437934335006289,-0.0067439253441532948,0.99911831985456079,14.016784677336886,-28.563221877475897,-10.045097747329963,,0.3373376788942455,0.5,0,1
0.00064968929409313933,-0.92532844111955725,-0.37916599789415528,0.99708468890258717,0.029529828950911712,-0.070357034887492828,0.076300072476054248,-0.37801490084040251,0.92265000606013592,11.628390908674145,14.050769393746123,-8.0390117182434082,,0.5618459684251856,0.2222222222222222,0,2
0.73803592942115026,0.67391742970447255,-0.033738180507804798,-0.66996176601465685,0.73782272913507618,0.082273035985010207,0.080338029363322003,-0.038117165584366529,0.99603859499812208,-1.5620408651523228,7.6725310429990365,-10.492776241902831,,0.6867308185800414,0.5648535564853556,1,1
0.99090727407520751,-0.0062421090178797888,-0.13440167506340719,0.033340206670311991,0.97916051335549725,0.20033252283286068,0.130350315703575,-0.20299193373236943,0.97046538837589191,7.3353076970078872,-22.853072438922371,-11.070341344675597,,0.109146278598903,0.6666666666666666,0,3
-0.57343258340578718,-0.79977162162922466,-0.17759624299270774,0.81737050637125719,-0.5731969404946643,-0.057885427543986651,-0.05550250087121187,-0.1783553213226792,0.98239953774058986,-18.004727609534768,12.538636889268227,-12.852474844374528,,0.08766003911732244,0.16,0,3
0.60070744056162395,-0.73237168169366806,-0.32059677276462384,0.79288198065806392,0.5971287049132038,0.12155440969551629,0.10241452827430618,-0.32721404251937081,0.93938396557344062,35.324116447303318,-14.80018464854259,-6.0309772780163451,,0.2656441802914257,0.1666666666666667,0,1
0.24819974378832135,0.95432191298746349,0.16633271949727765,-0.96868740696141975,0.24336496988753015,0.049175187096772599,0.0064494013499424669,-0.17332967958082077,0.98484274247142523,9.6934868630461573,12.079163807363241,-8.423868132914194,,0.2921882093624722,0.1052631578947368,0,1
0.82178126126037265,0.55639323457502599,-0.12289071226277395,-0.56170231619116229,0.82727089489841166,-0.01064774339776332,0.095739577118321845,0.077778113715372577,0.9923630879874985,-8.2744548330599166,5.3246953675447983,-11.82725691512802,,0.09163382664357317,0.4675324675324675,0,3
-0.68454510816084257,0.72836198278181541,-0.029779471640779324,-0.722616285229149,-0.68339375181297246,-0.103916718118959,-0.096040091704904157,-0.049616549871315856,0.9941400800511877,-21.415477293739237,16.114861078417906,-13.109254325252776,,0.4318232993242466,0.1875,0,2
-0.52994016319688486,0.84563878763321876,0.063706077269591377,-0.8427741355253946,-0.51680977601460587,-0.15046398873204184,-0.094314261489355483,-0.13342674494250639,0.98656075525725473,-14.796678763750535,17.787936794020286,-11.936652633777141,,0.1567936680700548,0.1538461538461539,0,1
0.98158100358043732,-0.085417841439860143,-0.17088746523304443,0.098711896299270144,0.9925900670950174,0.070858452095067637,0.16356862455563478,-0.086421936266562319,0.98273931130942072,32.859233749488304,-18.952236488793538,-6.5805291457476542,,0.6012243367208625,0.1428571428571428,0,3
0.76305105761572134,0.64210291465414537,0.073871039414516698,-0.64079126143535947,0.73660383683698194,0.21633618935609883,0.084496406666853222,-0.21241147461869542,0.97352027339480796,-2.8479858287806881,-27.025528287365688,-13.221275944171918,,0.1846223479675762,0.2222222222222222,0,1
0.12846107285044961,0.98918918700548719,-0.070728389445378848,-0.99168936607239255,0.12863898009876917,-0.0020528073672227542,0.0070678130316201232,0.070404297529157708,0.99749349918101149,8.4868447280969779,-30.792225030354302,-11.232805386464168,,0.3996139178443916,0.3684210526315789,1,3
-0.40949050896668476,0.90798258037744017,-0.088798405376067313,-0.9087180974490614,-0.4145734663487099,-0.048582510929081626,-0.080925536357596806,0.060798640862621191,0.99486410269669234,-17.587648649925754,11.602019194988976,-12.881866434326835,,0.117824107176498,0.32,0,3
0.79245813991443992,-0.55840240036270894,-0.24535047534600538,0.59687040695695071,0.79276977737095378,0.12353864733860419,0.12552216450647158,-0.24434164474434786,0.96153073110599896,14.66458516740013,-19.456672486787465,-9.4551883369543983,,0.2530481863013425,0.65,0,3
-0.16521762672976842,-0.96201328475268022,-0.21733286860744516,0.98625477562670816,-0.16067393571430827,-0.038540938436751521,0.0021571674237512938,-0.2207132219452029,0.97533636263971679,-0.56070065197172858,12.754671305270012,-10.025061203243325,,0.1383295256557064,0.2608695652173913,0,2
-0.85946144784373812,0.50970038278075747,-0.039134888060343466,-0.4947199382995332,-0.84859424117467197,-0.18745665230684511,-0.12875636807262117,-0.14175095639300891,0.98149297707238636,-6.6108432910623884,4.1680192139585426,-11.623123295212043,,0.09334939430390918,0.3651685393258427,0,2
-0.25729151078212903,0.95059561382704916,0.17369242197697166,-0.96439693000947013,-0.24121907670253415,-0.10840626560806778,-0.061152594938887257,-0.19540045037704948,0.97881511232953888,33.145652344796154,-10.714719837404418,-6.0466207985711167,,0.5494362115065419,0.4375,0,1
-0.72502012645948721,-0.62320089138439672,-0.29320038404879689,0.68536742669380801,-0.69484104133957325,-0.21787018542527592,-0.067950766410513175,-0.35891026210994587,0.93089533090267085,3.9043834748733799,-29.912226739531558,-12.05902426250336,,0.1580254369898459,0.2,0,2
0.7084297691077972,0.7053426355159752,0.024880288689058113,-0.70173222908460731,0.700157011726664,0.13172713309692791,0.075492654648123159,-0.11077872292713006,0.99097373004576317,0.026891277298139549,22.42421287812439,-9.3628627955498107,,0.6812297769139666,0.4,0,1
-0.54742767438513174,-0.76827905497120275,-0.33176834540058336,0.83632353954941696,-0.51635218861927945,-0.18423722344741678,-0.029763711341488582,-0.37832223170286294,0.92519533639472318,12.784031801592899,13.258087043767501,-7.8620083796932265,,0.6088616447179588,0.6511627906976745,0,2
0.2759505554744795,-0.90055412791604639,-0.33593682981580841,0.95907163706893706,0.28107450042133092,0.034332494561388982,0.063505006914689952,-0.33166155626823629,0.94125858625060976,-17.494066596284508,16.050999227787354,-12.516278092508113,,0.4369314873951645,0.2307692307692308,0,1
-0.44618459541672556,0.88988436791060288,0.0950006240040525,-0.89468058459749766,-0.44609491332490364,-0.023366211715329068,0.021586068588138618,-0.095420857541698434,0.99520294492576478,13.232422184845612,16.944288557896748,-7.558243203008864,,0.4288533361388173,0.1666666666666667,0,2
