axis_00,axis_01,axis_02,axis_10,axis_11,axis_12,axis_20,axis_21,axis_22,location_x,location_y,location_z,dbh,dbh_approximation,score,reconstructed,number_clusters
0.74876198603821253,0.64403042025607227,0.15678107682019052,-0.66230136916008686,0.73644960881364108,0.1378363888344058,-0.02669053526600899,-0.2070429700883899,0.97796770082870932,12.245313840604785,13.566902080122469,-5.7384421936689876,,0.3237110730704168,0.2857142857142857,0,5
0.64966883613439241,-0.75969140416245484,-0.028273199278851208,0.75980569165698331,0.64764410156437724,0.05703006781097026,-0.025014281549493835,-0.058532795512841775,0.99797204247815186,16.529767357718637,-6.1678345570421387,-5.105559348404519,0.1068579035612044,0.1772311039441263,0.3684210526315789,1,5
0.30681016649861126,0.93521245924131613,0.17676305556564498,-0.95172521382314834,0.3032743555652862,0.047368582728875674,-0.0093080130197742521,-0.18276301960809616,0.98311293326725857,-7.385811950763121,-6.2071011952419939,-3.6252606434897241,,0.4344191998116782,0.2252475247524753,0,3
-0.53049624064614109,0.83521901551552458,0.14485487489757248,-0.84758548299524761,-0.52527891908182422,-0.075371786392156082,0.013137262881826742,-0.1627613384360978,0.98657800453611633,4.9486391131248739,-7.5997970035285274,-4.273595044375484,,0.1304679236489492,0.3333333333333333,1,5
-0.7863798819139356,0.6124613071346996,0.080609109807012164,-0.61660761169908496,-0.78613144841996141,-0.042336733457872859,0.037439745135008043,-0.082996946136514899,0.99584625942774752,-12.895429254527542,2.9148704838621438,-3.615661841956241,,0.2019617120584892,0.7700534759358288,1,5
-0.081749714984605787,0.98373789038248327,0.1599273182597582,-0.99664826983793786,-0.081178618842730338,-0.010112273326648411,0.003034852382220767,-0.16021796050570913,0.98707699537696159,1.2291679059346414,15.421892620784648,-4.96281431982288,,0.1505010748814319,0.3333333333333333,1,5
0.98532452203647014,0.14967446859473132,0.082055711102188317,-0.16453380174415241,0.96079041486803551,0.22318245177729329,-0.045433625842727546,-0.23340808072685193,0.97131686564899611,-6.930677419814387,-12.482294594678008,-3.4045581991167184,,0.2134203905152746,0.2903225806451613,1,5
-0.99872269759775723,-0.040463972007070949,0.030259548451182644,0.034730160429158073,-0.98473772290987338,-0.17054451921666083,0.03669862748964093,-0.16927576332035263,0.98488523529022798,-11.444335811119739,-24.837160329647503,-2.7090964732066278,,0.1559606587615083,0.45,0,4
0.63741500734958945,0.74311973550291799,0.20365452882662977,-0.7701508423132285,0.62264053862674762,0.13851512459951382,-0.023870242766844803,-0.24513632608136093,0.969194713742076,-23.780864838716518,15.545841853517441,-3.4831289441747013,,0.546036611742996,0.4666666666666667,0,1
0.64843209848394734,0.75373007372683853,0.10689616277228464,-0.76125505934462745,0.64294333998046793,0.084348065757121532,-0.0051525021020770029,-0.13606923801688081,0.99068593115456771,-2.0784181018302839,16.297103031368934,-4.7788632396876389,,0.1829211902570133,0.2173913043478261,0,5
-0.022187140952837178,0.99428270819383413,0.1044491597049709,-0.99975382781104571,-0.022053115506807039,-0.0024380060718719059,-0.00012063789617114702,-0.10447753961105231,0.9945272390253167,-19.311235428406892,-10.646704616922868,-2.8326235583672776,,0.7762507096823485,0.7884615384615384,0,1
0.069301482497026723,0.99290803210131939,0.096596813158611253,-0.99758843985107137,0.06860433270854531,0.01052379252553747,0.0038221982182554248,-0.097093178556995313,0.99526795662197398,-15.768840791909584,16.319396863106313,-3.9521738657544385,,0.3261253332289886,0.6875,1,5
0.4258437374903265,0.90277717187611972,0.060419278211709171,-0.90464972978435365,0.42602784283807965,0.010447177983915824,-0.016308820967962264,-0.059107149026885776,0.99811841346232422,-20.68745106416986,17.238797474946548,-3.6943180030450677,,0.09913318722625597,0.3333333333333333,0,1
0.74837608618592721,0.66176933715724295,0.044660698869316652,-0.66321822019474519,0.74749229839403208,0.037374540041597709,-0.008650203855824292,-0.057590001216091778,0.99830284269513225,-9.8893166895567308,17.939385843306763,-4.359012676167727,,0.2774270862348399,0.8210526315789474,1,5
0.91112740588802443,0.40697175741657687,0.064967983692134232,-0.41027310858271276,0.91061931081053704,0.049481786071435739,-0.039023411096878215,-0.071738828009696345,0.99665977843101417,0.57098429073002832,5.6433322487034605,-4.5156044887483473,,0.08717692058586955,0.35,0,5
0.98632708762462962,-0.1640150024290013,0.016060983660148933,0.16089007826717952,0.97944702851140175,0.1216466236907822,-0.035682754001026495,-0.11739930714616914,0.99244352169204153,-23.163217825533888,-13.421345706642876,-2.5755399983275167,,0.6413487056249187,0.5151515151515151,0,1
-0.4716200849482966,0.87119977325822351,0.13632846565622955,-0.88148494888638096,-0.46992668866976522,-0.046402501685190244,0.023638535490509691,-0.14205584236732316,0.98957635243025799,6.7250400016930598,15.595790269027271,-5.3561017109820535,0.2206503710465376,0.3490094099039478,0.625,1,5
-0.64084758272335107,-0.76239563093297069,-0.08981802520628418,0.76678973400472084,-0.63012230671098579,-0.12239028723798843,0.036713479031664407,-0.14730505938203733,0.98840950012525031,0.28227058822258105,17.46589157562752,-4.9532826604326106,,0.3500190677351496,0.1904761904761905,0,3
-0.0780260731211352,0.96311442114365065,0.25753163630596476,-0.9968601664934057,-0.078864026236619103,-0.0070904036902593275,0.013481111676574129,-0.25727626620207755,0.96624385249122424,2.3830185510311122,11.385568761580775,-4.8834667814551826,,0.4826887359571342,0.3384615384615385,0,5
0.60605460432117242,-0.79540651848881871,0.0051270777840777956,0.79494929286554528,0.60590349094508689,0.030603617974467045,-0.027448831553952405,-0.014471696723392631,0.99951844987487293,3.6375126591104112,2.911700260934186,-4.5809905354515559,,0.1967727933305248,0.6494845360824743,1,5
-0.97035804009773874,-0.24161163060723706,0.0053938829231082626,0.23832362850573338,-0.96037832516002319,-0.14448294244889479,0.040088927567813015,-0.13891469511229362,0.989492589850132,-2.7753961427090048,19.284359889941744,-4.8605180915415707,,0.1986896115856577,0.2631578947368421,0,4
-0.98374946756184645,0.17379517699482247,0.045080167758380939,-0.17586537548848979,-0.98329502262322832,-0.046928330341912038,0.036171187097991969,-0.054093760617334126,0.99788050902209635,4.7737139967250179,5.8811919224601974,-4.8017777171730893,,0.07459964330840692,0.2222222222222222,0,5
-0.677521459434972,0.72986817126070158,0.090868721712506192,-0.73334991808643613,-0.66091628961780724,-0.15933472867033258,-0.056236728636393007,-0.17459126753188453,0.98303373271413541,-17.340278571884973,20.393447643020746,-3.9770913126906082,,0.4761981139822957,0.2941176470588235,0,4
0.82663833791108765,0.56012710679775901,0.054098821853774001,-0.5618388758178593,0.82692025720359275,0.023237165190026606,-0.031719645573662927,-0.049603552863843992,0.99826517099814949,-4.7795247985428633,-9.59416482680275,-3.6475207262630445,,0.06669013170117766,0.2439024390243902,0,4
-0.72822359641251189,0.67675016582294156,0.10816472015703744,-0.68474680443644897,-0.72503773403678395,-0.073770577040439475,0.028499253360409742,-0.12778692140210907,0.9913920996641401,4.9226332131123369,14.615219546136446,-5.1753330084646674,,0.2818226881410629,0.5185185185185185,0,5
0.14396827104391621,-0.98931016070477384,-0.023206526213968542,0.98954480228656183,0.14412738393125069,-0.0053274260935956283,0.00861517267814918,-0.022196917070350212,0.99971649764935711,26.275256403502517,8.0093333390489327,-6.3228025015356195,0.4709892381680282,0.3557886036466582,0.5217391304347826,1,5
0.61329576070055902,0.77975822179949228,0.12587861392157346,-0.78976176766166406,0.60781381842959004,0.082696508184841783,-0.012027478815056314,-0.15013153453600456,0.98859286973516947,14.614606300548896,-3.2662523392062792,-5.0660686252964613,,0.1895949762871902,0.3333333333333333,0,5
0.61210190218572047,-0.7892459801830819,-0.049214267295867212,0.79055837287879438,0.6092753166599697,0.061652636441008442,-0.018674057187877017,-0.076644447116148748,0.99688359817704075,-19.148645864223148,7.779472593819249,-3.4418610409512005,,0.4922192384313758,0.6842105263157895,1,2
0.59609660659402475,-0.8028107899472573,-0.012793402649369489,0.80251109663590536,0.5952188870460049,0.041114672319640951,-0.025392427676864483,-0.034775164240813457,0.99907252618050646,7.4559531444758553,-17.972296428124032,-4.0337157131442583,,0.3263965899624859,0.3478260869565217,1,5
0.037444067289041441,0.97705720792390383,0.20965961525482291,-0.99929869662482929,0.036660684185035451,0.007622936376747283,-0.0002382200087668582,-0.20979801400163861,0.97774471953173803,4.7786912057821018,-6.0242008492833712,-4.3429068776352775,,0.2070959465187175,0.4358974358974359,1,3
-0.97995688716720308,-0.19853382741960662,-0.016395690399826354,0.19825627245557551,-0.9639153807561659,-0.17765581660535643,0.019466631079508284,-0.17734558949073792,0.98395609259895145,6.9391027830844223,7.4672660541294054,-5.0160621250488768,,0.2661271523567929,0.6142857142857143,1,5
-0.36187453854776608,0.92725505518359774,0.096150304145666998,-0.93220407223859714,-0.36065612092938426,-0.03037647342838682,0.0065104571742348417,-0.10062417737617639,0.99490320578172309,-11.396937585179515,8.7945146901111269,-3.9300524962386549,,0.1257683528615605,0.5130434782608696,0,5
0.145520551181926,0.98615080314360037,0.079563576107052558,-0.98932403334820684,0.14568327372778794,0.0037869242918999527,-0.0078566038048642726,-0.079265233332077675,0.99682260034645409,-8.4777976641745276,11.860916888147804,-4.1959260277472215,,0.1120918686781504,0.4383561643835616,0,5
-0.57380471644617059,0.81707288111662324,0.056036187663948647,-0.81888514815819669,-0.57127924251999018,-0.055381776711421048,-0.013238637016589706,-0.077665526519595213,0.99689157107499715,4.5127215762343207,11.969378538975066,-5.0481800367245437,,0.1701150116782156,0.4634146341463415,0,5
0.44802453316809288,0.89047983509723749,0.079496421081138829,-0.89393081055286616,0.44746950303749505,0.025666121554943213,-0.012717060344605159,-0.082563352261003337,0.99650467597478787,-9.7844463186769186,-7.9283090969294987,-3.4163244464186659,,0.3424746555103506,0.7280163599182005,1,4
0.49420149419917164,0.86671362927451023,0.067619286901840839,-0.86914496693180576,0.49426796191406763,0.016917691403515137,-0.018759253407768687,-0.067131711248270401,0.99756775396785058,1.4140354810181017,-24.835152561263886,-3.4314790757833804,,0.1155149642693718,0.4,0,1
-0.035520932270709099,0.98924428799910702,0.14189433403684873,-0.99920513427357815,-0.032584742889712824,-0.022963757796434645,-0.018093175839020165,-0.14259724117931738,0.98961541206476122,-21.224989336189093,11.704899573226374,-3.4807722877053329,,0.1557300889281692,0.4761904761904762,0,2
0.8482049233308061,0.52461182570071496,0.073012604201900824,-0.52880847076227844,0.84659484680263186,0.060322190090279899,-0.030166360195442134,-0.089775262195050873,0.99550509441708401,-2.6103653901331798,8.8555931098920979,-4.4570137131433567,,0.0872702479440092,0.2236842105263158,0,5
0.33275940345015925,0.94071595351736226,0.065762255233647079,-0.94288513087453574,0.33304750498800856,0.0068548812515847211,-0.01545345887511794,-0.064287278828580915,0.99781177402835464,5.3920808066497381,-5.0332903327920722,-4.3949241189180839,,0.1993573759803941,0.8,1,5
0.21641491901248222,-0.96249197339614567,-0.16362696592192091,0.97624325271023948,0.21151062230578038,0.047035818155448619,-0.010662756048587789,-0.16991897421952087,0.98540034901233575,7.4711280912511526,-3.8187549078467824,-4.575767842656937,,0.3149636397855451,0.1621621621621622,0,3
-0.85365008479505156,0.51664343100438337,0.066038609384377972,-0.52003031078489559,-0.85253029848141249,-0.052541089027166782,0.029154906866058927,-0.079193783665225573,0.99643280557919145,-10.42833609427327,-14.192789253378928,-3.1512190309006889,,0.07387183548120578,0.3548387096774194,0,3
-0.98773300713664969,0.15083902722093595,0.040386810716302859,-0.15233810226855343,-0.98763446323726212,-0.037030657883196538,0.034301737711208008,-0.042728853168418998,0.99849768948000295,12.256232643697428,-3.432435521215933,-4.890588333551559,,0.1004806462948692,0.3793103448275862,0,5
-0.59094573625283409,0.80022410911007269,0.1021004995266238,-0.80644213458855507,-0.58926726727319856,-0.049144392158532536,0.020837954910464359,-0.11137981378763026,0.99355941780840762,-13.615900694520105,4.6842206877925365,-3.6416506115276674,,0.08939745318541416,0.2666666666666667,0,3
0.91587759741114949,-0.40130286277168492,0.011146250115187849,0.40027407013564342,0.91495580414448396,0.051347300214969131,-0.030804144809201527,-0.042566287054078798,0.99861865387594428,-4.9931950331214416,17.500104726711108,-4.6104945877978967,,0.283541462944575,0.5454545454545454,1,5
-0.95004362885326488,0.30814124749306271,0.049659589897002726,-0.31086686439874867,-0.94841120590253181,-0.062273406341670993,0.027908706423076655,-0.07459997394050405,0.99682292710082965,6.7044021230378599,-10.337539675733014,-4.2920836700656269,0.6882832155023632,0.3242387490378888,0.2352941176470588,1,5
0.87830958465138886,0.44493452985794774,0.17494438444714813,-0.46413974401316993,0.88129741095774361,0.088821008024944401,-0.11465849962778012,-0.15921098448054757,0.98056376176352789,-6.8100310339082473,22.721912354639979,-4.707724923181642,,0.2083920972477991,0.3888888888888889,0,2
0.27858030468220341,0.9557834799375039,0.094185738420035012,-0.96034863204531418,0.2783537489681589,0.015801751930277906,-0.011113899939520935,-0.094853201917107763,0.99542922968647429,-18.959491870383342,17.277098282984415,-3.8005087047295403,,0.09150317244952295,0.2941176470588235,0,3
0.92558603049514276,0.37587689712570077,0.044800204903545651,-0.37713507752819214,0.92585374276072663,0.023748269700311516,-0.03255201145933781,-0.038876795432616996,0.99871365331952933,-1.4224773054169868,15.237433843360423,-4.7822720728606125,,0.097999741940081,0.4444444444444444,0,5
-0.84960725310313612,0.51913481031748365,0.093094383241819803,-0.52575893837664989,-0.84762059831147563,-0.071532230743595174,0.041773845784206343,-0.10971950617245371,0.99308437495193258,-8.9987254111125665,2.0629868658365687,-3.802973256419949,,0.2550243505232466,0.67008547008547,1,5
0.90983068255591693,0.40492403698691648,0.090800073513469831,-0.41378752123622986,0.9018070897989916,0.12459478342791466,-0.03143272735557498,-0.15093209419633252,0.98804427359936575,-10.600624291083131,-17.306169004528698,-3.0140141729827934,,0.2893344127825153,0.2592592592592592,0,3
0.46296837331985763,-0.88635027949010681,-0.0065929775804127811,0.88617256966601432,0.46269106124096132,0.024802391401790105,-0.018933094757580617,-0.017325238685913995,0.9996706327723035,8.2125718383247079,11.286380362981651,-5.2777060807268006,,0.0891883333200362,0.391304347826087,0,5
0.59694325791207681,0.80051250473192204,0.053277355425542329,-0.80186802905384047,0.59745392219013627,0.0075149744464746201,-0.025814933945764413,-0.047207421317485135,0.99855147516686815,-16.350878654505141,1.0457710142508667,-3.3741541641967934,,0.2116947001886098,0.6951219512195121,1,5
-0.70765584965903305,-0.6943861028773004,-0.13058000832527625,0.70450563698713775,-0.67937265316954465,-0.20524279665489623,0.053805259005987392,-0.23723561759620088,0.96996095583639308,-20.768310605882476,9.1288310833368946,-3.4124882021072156,,0.5115633383155358,0.3043478260869565,0,2
-0.42703240063399622,0.88515170120888631,0.18479663053146012,-0.90406980717419483,-0.42186444801525125,-0.068470221679225451,0.017352595332716762,-0.19630805726663952,0.98038871580991649,-0.12026577135257187,-29.913755489697042,-3.1946357509239718,,0.2762793301680655,0.2857142857142857,0,3
-0.81729743444114678,-0.57585592364574001,-0.020368084299482152,0.5750816895611629,-0.81296187274561049,-0.091509801624896053,0.036137985380995462,-0.086504038426316196,0.99559585040745358,6.6856917098413762,20.694631086500532,-5.5517809667036095,,0.4736424815872403,0.6935483870967742,1,5
-0.78735315117028659,0.61054658599682377,0.085486148994105046,-0.61636929794484352,-0.78245838557308089,-0.088587602955198755,0.012802495584848562,-0.12244076598090275,0.99239324611406377,2.0917833492151749,-10.702823177733853,-3.9803540862341706,,0.1525366174275492,0.391304347826087,0,2
0.67390119364054135,0.73108730015373802,0.10662335937200285,-0.73831455593957995,0.67173417092624654,0.06053775762091626,-0.027364168132686505,-0.11951804534858378,0.9924548549624107,13.920112330230186,10.560962459407168,-5.6694993088908348,,0.3753429335119631,0.7297297297297297,0,7
-0.55538061702520769,-0.82733325324804463,-0.084095530812921496,0.83134456960271452,-0.54987840453198067,-0.080622247682892251,0.020459150147977601,-0.11468839653326378,0.99319081493731709,-0.50745187976529393,14.080908369554376,-4.7880064049111297,,0.09652360425495991,0.4411764705882353,0,5
-0.022970696560924077,-0.99775796149377904,-0.062860141387727442,0.99973458751892896,-0.022814444865639973,-0.0032024402930154691,0.0017611410686280183,-0.062917019805866559,0.99801720776792457,2.9385375603902908,25.202811165941071,-5.4816214709925166,,0.1361820691609111,0.25,0,1
-0.60821848392647437,-0.79376109675577322,0.0036874228469936762,0.79348406917797176,-0.60811769452351616,-0.023997949249272517,0.021291025596439066,-0.011670085024324657,0.99970520722089673,17.95225156100263,-4.9045560884751298,-5.2537178317503326,0.5805190794664542,0.4095624993751891,0.8315789473684211,1,5
-0.92349961115498791,-0.38332867247929503,-0.01440822861586879,0.38166641952617181,-0.91443184495011476,-0.13470391659933614,0.038460530452113263,-0.12989815162807403,0.99078113516606248,11.688551888710187,-11.219261373047701,-4.5642003043059951,0.8866324919480518,0.5892701810885587,0.7666666666666667,1,7
0.9745324928601039,0.21990136681473135,0.043929594044168338,-0.22145766352489926,0.97456425844931882,0.034365817598634003,-0.03525512198198915,-0.04321915115019126,0.99844337913969483,-6.6642914665148307,3.3000156410774752,-3.9845442969963787,,0.1396329311154774,0.5491183879093199,1,5
0.88143469797106921,0.47005765870339822,0.046029020269072726,-0.47133276038578287,0.88168429030199524,0.021868727027111803,-0.030303501444045627,-0.040970839983429236,0.99870069994532573,-2.6819103299343898,2.4507885513374181,-4.1869839372849,,0.07961758359103867,0.3625954198473282,0,5
-0.081468517025042042,-0.99579421551640301,-0.041913733761284808,0.99665902043107446,-0.081639927973386442,0.0023914752499540996,-0.0058032514258219104,-0.04157887089101512,0.99911837124953129,-11.726731928386121,-15.484645215218929,-3.030480839838936,,0.5077713201083853,0.9456066945606695,1,5
-0.90433904515124797,0.41372145871810162,0.10490684444351654,-0.4265589554932967,-0.88458064092335975,-0.18858564948608081,0.014776633696411105,-0.21529432017539424,0.97643740546786595,18.546927767452146,0.68191471183962926,-5.4530787426042382,,0.3876945961449776,0.25,0,2
0.91436610546917418,0.38065789075187595,0.13796447143184307,-0.40349253676369345,0.88495237631477175,0.2324931492126989,-0.033591635047053856,-0.26825148995517556,0.96276307583521992,-8.9173237367171119,31.28207484072297,-4.9130532396578088,,0.3993069184058943,0.1818181818181818,0,1
0.99904242293087619,0.027601229407798477,0.033947154808336204,-0.035148876177413864,0.96836022306090841,0.24706888694631582,-0.026053669374348953,-0.24802550378661603,0.96840309571145333,-10.453455322537707,11.383797336236112,-4.0745916675453993,,0.3873547544903264,0.2647058823529412,0,4
-0.10515908627204626,-0.99428160377066921,0.01859190624046073,0.99443403999932056,-0.10526101657097735,-0.0045889520671342516,0.006519713571800167,0.018005854427663889,0.99981662445734076,-21.30848766867064,14.188374556972963,-3.5634533990750157,,0.1209268080989348,0.2592592592592592,0,3
-0.61301405047079449,0.7872902964694477,0.066240191805572668,-0.7897664586606693,-0.61295098397033521,-0.023664995761308684,0.021970769216740585,-0.066821256609304616,0.99752303480429827,-1.841343995401856,7.3091454092988233,-4.4265319468233706,,0.06728011665337397,0.2,0,5
0.81520167277272981,0.56935217349627709,0.10622775175822552,-0.57860142997713304,0.79239987618202523,0.19319115263160253,0.02581894531074112,-0.21895327986073929,0.97539368631402612,-1.7168564213465338,-4.4363532441231763,-3.9964932218288252,,0.2684674392252505,0.2601626016260163,0,2
-0.7226102728442505,0.68166884265816863,0.1147256838246417,-0.69084519700355917,-0.71788410437385042,-0.085879720915179508,0.023818214817073483,-0.1413152562055085,0.9896780744295085,3.7609100848028536,-7.7203014704854027,-4.1847379871955592,,0.108366126870096,0.2173913043478261,1,7
-0.59097281021771197,0.80391019851852197,0.06692929329741501,-0.80646495364539261,-0.59073595571504123,-0.025402936191952288,0.019115860564355033,-0.068988574005757905,0.99743428882886143,-2.2072392735557429,20.232960488157616,-4.9464717128138327,,0.1417331991626002,0.65625,0,4
0.51682648970079503,0.83373841262421589,0.19434669757525846,-0.85556488546266318,0.5109751703694132,0.083145066174797833,-0.029985101414139098,-0.20924778273808359,0.97740281312894817,-0.82558972548215681,-14.199129131512285,-3.6873474077866693,,0.3311601958074382,0.2409638554216867,0,5
0.97551262417403128,-0.21960082798528172,0.012271773517970026,0.21788054294384046,0.97248153920156988,0.082508938416666566,-0.030053104391975113,-0.077814730355676681,0.99651476589967325,-12.049381205881984,7.3346906003287078,-3.8505171136811689,,0.1035690063619323,0.2285714285714286,0,4
-0.91248001493316855,0.40264653135553258,0.072498228495060296,-0.40911153029262309,-0.89924112748531804,-0.15489722534816877,0.0028245582295497963,-0.17100048370192178,0.98526689604620099,-6.9788084204266632,28.075669156306301,-4.9068254086419083,,0.4640210842171267,0.7857142857142857,0,5
-0.85234908168139911,-0.52148302048229256,-0.039452532308343599,0.51978650837193885,-0.83642582256418851,-0.17382125607165869,0.057645716852028045,-0.16866328200437061,0.98398662014893779,-4.692280663086196,7.8098062645696276,-4.2804622454476426,,0.3060295129850287,0.2682926829268293,1,2
0.57079034111216909,0.81668989979870199,0.084947007362473501,-0.82055917289082225,0.57109631306945707,0.023057427939882958,-0.029682154197153816,-0.082865003259876863,0.99611864803192851,-9.3885974103166898,-15.675130970531885,-3.1476300455440542,,0.7627990764874244,0.6571428571428571,0,2
-0.62702401090441129,0.7709250338801289,0.11187261455006153,-0.77884281706726455,-0.62328344084875675,-0.070154249097697699,0.015644681271031441,-0.13111958092007581,0.99124310814616579,-4.5107554456670647,20.070370255788124,-4.7772742685805243,,0.1274102218420029,0.3636363636363636,0,5
0.72039707373190798,0.69089574817388899,0.0607545991160027,-0.69279768620615012,0.72094807160340069,0.016286314461624436,-0.032548765658760567,-0.053823258973980763,0.99801985684028882,-11.100900729205678,6.1453451831019077,-3.8349883862550547,,0.1999785672567171,0.9442508710801394,0,6
-0.89245595690803114,-0.45078648707421448,0.017717450456002388,0.44993365945557229,-0.89225727638743535,-0.037903229711914947,0.03289478785900312,-0.025855285822559988,0.99912433516892474,-3.1574713408482724,4.4659923063145914,-4.2471898859667085,,0.1126556168345675,0.4625550660792951,0,2
0.98206613172145707,0.18234632134069881,0.047915884831318825,-0.18466608757505515,0.98155433052926555,0.049492750165728842,-0.038007223331567627,-0.057453592688010403,0.99762444620301083,3.2623938791907463,-16.493799511070737,-3.8445728712243494,,0.1296815682367498,0.3703703703703703,1,5
-0.69760952060411285,0.70353978050058119,0.1355460586505329,-0.71632223022095409,-0.68880955611744277,-0.11146236087832412,0.014947215586129731,-0.17485185916794024,0.98448128884795783,-13.585736996578055,17.948324719305269,-4.1228189286558994,,0.1068856973356795,0.2941176470588235,0,4
-0.32572287295540786,0.94239615215616457,0.076119001799354671,-0.94541134148165307,-0.32550702830616624,-0.015574656373402803,0.010099773835890372,-0.077036789422610275,0.9969770948441693,-4.9247641459089175,-4.5970662180323041,-3.8130748510632313,,0.3563034020591102,0.9405286343612335,1,5
-0.95839144080231076,-0.28514916569856469,0.013258940315251908,0.28329360689438648,-0.95580863790747284,-0.078578495749347985,0.0350796021875922,-0.071552784731790747,0.99681975326910821,1.9002745121946141,-4.4574186753707359,-4.1926810013430034,,0.2503965810869849,0.4426229508196721,0,1
-0.30277424277870452,0.94485598356844291,0.12479955218145469,-0.95304729547508704,-0.30089739280930317,-0.034082423449427184,0.005348878144463616,-0.12925915563500084,0.99159642001528114,-14.311688638250073,18.682774599412106,-4.1170222973670461,,0.08859367029201573,0.3043478260869565,0,4
-0.12141577754570161,0.99012091249309209,0.070134068802679805,-0.9925871759559306,-0.12149326451910275,-0.0031756580926365291,0.0053765314843975823,-0.06999975228768765,0.99753251956457978,-9.0757849699450155,12.744181824425103,-4.2123723870711949,,0.08158864232457681,0.3414634146341464,0,5
-0.74534236944877186,-0.66122804025373605,-0.085101298971847303,0.66663085123823618,-0.74076801769237477,-0.082861644573930332,-0.0082498776885998812,-0.11849144587823725,0.99292080085564205,6.2882327246503094,11.156434151109345,-5.137544439806371,,0.2042344653577479,0.1785714285714286,1,5
0.63954718461555038,0.76321473563133113,0.092101389596032424,-0.76837267893710559,0.63838991639799125,0.045406397174639297,-0.024141766988736411,-0.099807724934309547,0.99471382474061254,10.385331348741502,11.490586017837193,-5.4545170844025508,0.1518090202292302,0.08568097394820209,0.4117647058823529,1,5
0.073332206293160979,0.98840952955857386,0.13292475088551647,-0.99689884886185409,0.076463596866962247,-0.018601169105127362,-0.028549477369789921,-0.13114846637290886,0.99095156648039384,-16.674897318387583,12.829128984025385,-3.778347554710177,,0.3844312020118921,0.2068965517241379,1,3
-0.66215362127246191,0.73943145028564705,0.12162940501470397,-0.74934977334798525,-0.65449323482754085,-0.10056601189420478,0.0052439507138472884,-0.15773311603289575,0.98746785521730496,6.5778609569904614,-15.942631263489897,-4.0800732335906291,,0.1802964564722307,0.1666666666666667,0,5
-0.87837095081973227,0.47540689991508889,0.049525268996399772,-0.47699267035273912,-0.87849425727909658,-0.026941276091031686,0.030699595857345791,-0.047287624604906826,0.99840944275052912,1.4577728863059995,2.259167812575225,-4.4213209234488495,,0.1376078259553951,0.3964497041420119,1,5
0.72075072139845497,0.68154961993632468,0.12652475318394682,-0.69294265903748065,0.71330388635905795,0.10501446086673157,-0.01867803227519094,-0.16336364733231157,0.98638909657427354,-15.950334531956338,18.782860066511098,-4.0107616636796593,,0.1292200381621145,0.2,0,4
0.91195920160866417,-0.39438029592348112,-0.11311320342291654,0.41024245020434136,0.88030793017933395,0.23824164227463329,0.0056166405996155907,-0.263670495601391,0.96459645608808353,-7.3610857028942167,-16.106644523667136,-3.2388255821145893,,0.5346712908373782,0.3684210526315789,0,4
0.99814095339893627,-0.056941368862769841,0.021732870493763202,0.050116186920565638,0.96972322034637515,0.23900887793050796,-0.034684361842300525,-0.23747538068838103,0.97077414397505601,0.1346432916210534,10.688854809143169,-4.7118415381003862,,0.1426765253272902,0.2142857142857143,0,2
0.44443358348729983,-0.87472786076898279,-0.19320962570006139,0.89551848676711054,0.42831233935504953,0.12081051202006653,-0.022922253968211487,-0.22671504041577234,0.97369135804026352,-2.3758323647876431,-14.03006984704299,-3.6271523211073258,,0.1381338407118006,0.1590909090909091,0,2
-0.23098851170737458,-0.96653696903993513,-0.11158223397256535,0.97294807023788898,-0.22898571926361505,-0.030620140327789758,0.0040447595207505418,-0.11563661985902718,0.99328334933592777,-7.8350517924747951,19.750374469282402,-4.5517059437826886,,0.2363630355496331,0.3809523809523809,0,4
-0.37123535937398139,0.91904216413387918,0.1324605922325108,-0.92847451166316786,-0.36573442140462925,-0.064601967397780125,-0.0109265338654903,-0.14696881827087549,0.98908077390764659,-8.710916444209662,-14.91455979408013,-3.2049080870877362,,0.300478009998746,0.5277777777777778,1,5
-0.45804553323147201,0.88576721654164536,0.074904790145643135,-0.88878801424231169,-0.45784349541267111,-0.020861434454900296,0.015816296213250848,-0.07612996655965143,0.99697245346384622,-2.3472707421528405,3.5794906068432377,-4.2483594559701947,,0.08282333851920798,0.4125,0,2
0.93413165779139484,0.35067835933956526,0.066503640522988364,-0.35580320138195654,0.92966444113567248,0.095541136555143347,-0.028321860783696588,-0.11291020847916415,0.99320146849616575,-10.16223433735464,24.260196433428739,-4.5587164635384472,,0.1346980782944601,0.3181818181818182,0,4
0.061785922418185042,-0.99044327167617552,-0.12330703703491251,0.99808935806393051,0.061267429253916039,0.0079959634910188367,-0.00036484307220143651,-0.12356547941885571,0.99233635385665608,1.5585692062617156,17.062309781173546,-5.0431153998627245,,0.2282659931844241,0.3939393939393939,0,5
-0.50436491224027735,-0.86337063921467105,0.014393562550946835,0.86255412463075809,-0.50452403264625911,-0.03815602920671194,0.040204693548442402,-0.0068293355758306971,0.99916812538844957,-15.575353646243123,10.703245600849087,-3.7631595888614382,,0.105276321482812,0.2692307692307692,0,4
0.7431297056911873,0.66178059601804085,0.099018600542207513,-0.66857727005394174,0.74042943204524225,0.069055703083669817,-0.027616561816225557,-0.11751892994393631,0.99268657018128514,-13.004561953163803,24.078240361354336,-4.3730219977167621,,0.1063944780465436,0.4210526315789473,0,1
0.93765620436951058,-0.34602051979561521,-0.03272067064920843,0.34585176575343035,0.91955900881295105,0.18654164531325479,-0.034458649604940571,-0.18622843282193519,0.98190201765557472,10.9316229556244,6.5260040247545463,-5.2605932336028518,,0.3009162413666742,0.3611111111111111,0,3
-0.85399275564416943,0.51535105365204825,0.071481919441222216,-0.51917580280692988,-0.85305724200040722,-0.052438799094165038,0.033953778685998304,-0.081894037453173779,0.99606250182534217,14.395774962521958,1.6614879860482761,-5.2414201348068863,,0.1216948768704378,0.4117647058823529,1,4
-0.99146941043209225,-0.12951241522648685,0.014660916739404057,0.12497056611156161,-0.97654669479954437,-0.17532515644322069,0.03702385424551953,-0.17199734642803668,0.98440141560164296,-11.627601153297215,4.9503797093260475,-3.754784311709499,,0.09883907350544756,0.2121212121212121,0,5
-0.95662315984511193,0.2883537534930451,0.041524003834232402,-0.29112594825385085,-0.95150905539396313,-0.099379071018923001,0.010854137517527424,-0.10715703593213138,0.99418285911043047,-1.5156935792602062,19.631999930261557,-4.9396593389861065,,0.1152497590418973,0.35,0,4
-0.040211832327366873,-0.9986526752104895,-0.032800043228797635,0.99874500738609895,-0.04115309955864354,0.028545273129894407,-0.029856636820305628,-0.031611021679971582,0.99905421501844982,-0.35693473589390384,-25.013290942172304,-3.3310878535223272,,0.3315192490091464,0.5128205128205128,1,5
0.066375682359915589,0.98713166534298635,0.14548314015183625,-0.99778902946018599,0.066157657579655915,0.0063416900329349817,-0.0033647407264781543,-0.14558241521817206,0.98934040597717821,-0.26350180955301383,8.1358954253407969,-4.5478886410326655,,0.1441580835428486,0.4519230769230769,0,3
-0.87975818792024962,-0.47229168184571324,-0.054461895363876078,0.47541374526001523,-0.87460363811969843,-0.095132786176126818,-0.0027021482423487887,-0.1095857812270133,0.99397366914206575,8.2583842755852856,14.757185463017036,-5.4508627450583758,,0.1366853103233259,0.1333333333333333,0,5
0.70552990618096734,0.7045446265303339,0.07644881105359079,-0.70842183096645683,0.69824472879013411,0.1029213686603757,0.019132717904372508,-0.12677211027676508,0.99174733231885581,-15.253750775267481,5.7980173653632949,-3.597202267700319,,0.5039506099275401,0.8575581395348837,1,3
-0.24954623936345074,-0.96286977746631852,-0.10299740803302164,0.96810432478126507,-0.24560668481046646,-0.049511339269124606,0.022376120293060062,-0.11206760467848681,0.99344862032329373,4.0431498234040397,14.193880483120482,-5.0907345786794922,0.1163564096079766,0.2154020628873628,0.4705882352941176,1,4
0.95300772921706334,0.29824415506143875,0.053166643905974274,-0.30092967102393148,0.95218667332248808,0.052743456887864935,-0.034894142058010273,-0.066264342739833573,0.99719177480126309,12.491442964156869,-5.2886594812019982,-4.830837266742984,,0.0689355168652961,0.25,0,2
0.74791483542213377,0.65553759650214516,0.10437364862681524,-0.6637937445679557,0.73887656259101098,0.11592795144461163,-0.0011241120650451366,-0.15598680978173554,0.98775849859476372,-5.2002440277747315,24.155901389840924,-4.8689055375900683,,0.137767217749981,0.3684210526315789,0,3
-0.31036178807426745,0.94339881564834582,0.116936885269964,-0.95057823112198225,-0.30912406295545164,-0.02904032057186216,0.0087514010504637363,-0.12017066337176964,0.99271467433721439,-11.155091186570596,14.27551212292235,-4.1647518087882096,,0.09029494578980798,0.2727272727272727,0,5
0.24147865548228403,0.96340378051390174,0.11636672478844197,-0.9703412432346411,0.24110685579615393,0.017474431777392486,-0.011221881496365433,-0.11713513469328177,0.99305258148602937,-11.149816221589777,15.315875979181095,-4.1943010738380719,,0.1042982826675935,0.3,0,5
-0.65932035739631489,0.74679702247416624,0.087125619346525005,-0.75136209217561045,-0.65866869485560986,-0.040131743778427549,0.027416651223036461,-0.091922563285231018,0.99538865253467046,-9.1369592285527403,-10.714676974790356,-3.3402549045369732,,0.06985681918592115,0.3050847457627119,0,5
0.60839783835011918,0.79023706123511128,0.073331148507279661,-0.79330354632542777,0.60820314262185238,0.027539438854166123,-0.022837549746016969,-0.074928795235191498,0.99692734036448238,-20.513977084933433,-12.209570489695512,-2.7228262940916585,,0.9561452410115951,0.8735632183908046,0,1
0.40109410759229547,-0.88494527694860314,-0.23663341619708034,0.91593406842783842,0.38356725911984801,0.11807175794624059,-0.013722213668663989,-0.26409849400867047,0.96439809534983223,-3.6350344328258917,-4.3318961954183584,-3.8819853271421532,,0.1215435426163551,0.2121212121212121,0,1
-0.59467159851148066,0.79974530820817535,0.082299039622656112,-0.80384717200046307,-0.59323814047565071,-0.043568712992821106,0.013979055427999173,-0.092064926459554969,0.99565487761841343,2.827000760007369,-8.9135683445112441,-4.0913910894780416,,0.08942518061062199,0.3793103448275862,0,4
0.12698845190359095,-0.98796234542765149,-0.088342159245873964,0.9918973172514669,0.12615124144165379,0.015019198116830822,-0.003693929137443477,-0.08953361547387384,0.99597695083154614,4.5942634190735454,27.510183596635361,-5.7308593175556393,,0.4291615994925334,0.4666666666666667,0,1
0.90367512642477288,0.42103973362513542,0.078082063177441374,-0.42679717519547922,0.9004208514016766,0.084181123811930325,-0.034863119859391542,-0.1093975917008925,0.99338649568217618,-2.0780230178660739,-21.661476231348903,-3.3195179492158338,,0.1687343453384884,0.6451612903225806,1,5
0.879910665937501,0.47062278504374644,0.065356056850842351,-0.47403282214105086,0.87889867894344675,0.053197703751706717,-0.032405300529597787,-0.077790143007525916,0.99644296883888661,-1.7876384393019586,-18.456277175885077,-3.4738794904810582,,0.5918898120078401,0.6037735849056604,0,1
-0.52750746493960854,-0.84914881301361722,-0.026118342032985433,0.84906789318904985,-0.52592264359539087,-0.049890737708949973,0.028628433217612267,-0.048493982216353093,0.99841311414679645,11.136074280253608,16.717019115401332,-5.7431649093377954,,0.2540939619933625,0.5,1,5
0.54376628042003061,0.80333140604460551,0.24285156853634279,-0.838985502031249,0.52742587029045407,0.13388531932116482,-0.020531918067680167,-0.27655126723765766,0.96077980668293983,-11.783834551132447,-1.1344892703129346,-3.5184805924609872,,0.2002822543488896,0.3169398907103825,0,1
0.75824739454527956,0.64330374771123222,0.10593005638617214,-0.65178364371743969,0.75181410916466707,0.099767865785306831,-0.015458669014893896,-0.14469220242162525,0.98935595015680078,-10.560662708429659,-13.174841701578947,-3.171621030466182,,0.1398315323747529,0.2142857142857143,0,5
0.73958244022381803,0.66451361333659842,0.10695546644712099,-0.67299760118881258,0.7323757705245425,0.10344060876990097,-0.0095938994515977569,-0.14848363020522357,0.9888683272581803,11.82242988722146,12.307138782302276,-5.6052974263370707,,0.1339586063190393,0.2142857142857143,0,5
-0.53608877932549537,-0.84370146585478767,-0.027868570034763479,0.84334627760149516,-0.53382844791258399,-0.061597437080962027,0.03709281247090479,-0.056524549655206272,0.99771193164624106,-0.68609912143050511,-15.770483651783559,-3.6341872206513552,,0.2790347206114584,0.5625,1,5
-0.96978371950910036,-0.24378945560788337,0.0092864799309116813,0.24029224001300034,-0.96106811327512032,-0.13641012072180062,0.042180288816341949,-0.13005684518783864,0.99060892397310729,-6.2080756422260794,-21.704483017875322,-3.0920453039599902,,0.4231206396078653,0.5172413793103449,0,3
0.6966542813981037,-0.71738741329959954,0.0053020231045244944,0.71694048313762593,0.69644872610852204,0.030911414399929529,-0.025868046854741481,-0.017733334179617238,0.99950806550562377,24.615897434467339,3.7043981411442619,-5.9833017461869487,,0.2321112468428362,0.5294117647058824,0,3
-0.84982056219127577,0.48668954258650216,0.20233215565956333,-0.52619555298595211,-0.80553519492722891,-0.27245419752934608,0.030385063677942813,-0.33800345984988539,0.94065424521170082,-16.390315719992717,22.418528325973902,-4.124015684607337,,0.5040238284973131,0.1818181818181818,0,1
0.65319909347721039,0.74213685767908955,0.15021261183655207,-0.75682851072878354,0.64601115019680988,0.09939919098990499,-0.023271218889506187,-0.17861264875591251,0.9836442304389299,-11.22644702259873,20.951992835940786,-4.3658099155305896,,0.1645595821304243,0.1428571428571428,0,3
0.55045752719734176,0.82595126002325903,0.12165947072783832,-0.83360330136028826,0.55176244880579894,0.025763075302766978,-0.045848082980815011,-0.1155972151646314,0.99223749028806874,-1.1064921379157724,-9.1156424019126963,-3.8524692037053767,,0.1819630084545469,0.4242424242424243,0,4
0.57156504624131788,0.81751856668701228,0.070546375081738,-0.8203200306432048,0.57134949412042824,0.025195295073931652,-0.019709014198884035,-0.072271354562813708,0.9971902557029747,0.73621179683790239,-21.852018741727289,-3.4919270570413161,,0.1643141655890634,0.3529411764705883,0,4
0.27146669534267376,0.96132510241656755,0.046474517571503907,-0.96238540107890658,0.27168243183123747,0.0017309027867623489,-0.01096234965325232,-0.045196279692482279,0.99891797620827638,0.77620005657617064,3.4349341993106872,-4.4267298457620674,,0.2637130616161569,0.9184100418410042,1,5
-0.013718761795562478,-0.99913826669798189,-0.039172944675504695,0.99990324738804381,-0.013618066665152914,-0.0028362163439059839,0.0023003125097693436,-0.039208063967212013,0.999228420473668,0.46063228622576674,13.830094375370702,-4.8422870385420032,,0.1367759716504372,0.3939393939393939,1,5
-0.22488625910388224,0.96993472949889403,0.093020379370163053,-0.97387275532027451,-0.22683664490438959,0.010816329017590989,0.031591563923909431,-0.088157569388155083,0.99560545199813655,16.675031007003348,3.1610233205635256,-5.440665433482148,,0.4256221632200862,0.7857142857142857,0,3
-0.70279988519335601,0.70275443811870053,0.11049217654057822,-0.71138614253187304,-0.69458421436520024,-0.10715654608234841,0.0014413833030971941,-0.15391221153354373,0.98808347499339655,-16.807082728388473,10.289669520479121,-3.677698951645568,,0.1522528877855811,0.2222222222222222,0,3
-0.83826431700447557,0.54244907525509889,0.055334759346255161,-0.54457561473542571,-0.83798179453555999,-0.034984451724955887,0.027392237450659281,-0.059460178118219915,0.99785477527824462,4.9699491264260054,19.260684296981609,-5.3571840695239263,,0.1120743749288186,0.3529411764705883,0,5
