axis_00,axis_01,axis_02,axis_10,axis_11,axis_12,axis_20,axis_21,axis_22,location_x,location_y,location_z,dbh,dbh_approximation,score,reconstructed,number_clusters
0.79229580106280018,0.60789581396767323,-0.052249813194267421,-0.60185682442017296,0.79273292361074921,0.096658547073809525,0.10017847332197315,-0.04513525433776118,0.99394521091393384,-2.5620893787309926,13.243263087314011,-16.819537257269939,,0.1570049710168341,0.3255813953488372,1,5
-0.98636599541150849,0.089491205806988661,-0.13810665146572537,-0.061852135218590183,-0.97928451197972122,-0.19281119771823682,-0.152500611358661,-0.18164021768278901,0.97146816461239904,16.240017068268987,11.316479544810081,-14.066733280897148,,0.3107263134786042,0.2686567164179104,1,3
0.96848070387456509,-0.21047948687994814,-0.13320477403375044,0.22043890947617406,0.97323986440498123,0.064891089695973792,0.11598195295641407,-0.092209283348964277,0.98896189747264174,11.961233184593381,-21.886005658520745,-15.28620461822301,,0.1453161773530074,0.2142857142857143,0,3
0.76207723837565455,-0.57598544034399579,-0.29576858396636552,0.6311020725661155,0.76287798265305662,0.14045411202936126,0.14473581710305555,-0.29369704815495867,0.94487755140683394,-4.2871380175578482,-24.87797412603636,-17.952900774289656,,0.3116027949812485,0.24,1,4
-0.81710701666688512,0.57106607596424463,-0.078864822300842283,-0.56618833138705704,-0.82070787725086214,-0.076611706804672219,-0.10847532767815805,-0.017947621045273116,0.99393711379741323,-12.250305678614883,8.586870813081136,-18.56281371717899,,0.07507053336820288,0.4,0,2
0.82829437010922546,0.5591008241003067,-0.036533613778521649,-0.55210702580990012,0.82556103296870997,0.11673394062988705,0.095426770335722416,-0.07651960097905286,0.99249104891142381,-1.8101998394973497,-26.047356041062599,-17.504688754710557,,0.5051086027780791,0.2222222222222222,0,4
-0.021306993810083222,0.9991744652121719,0.034589016793612377,-0.99977069556671661,-0.021368152399891018,0.0013994102543979478,0.0021373583747588015,-0.034551268153090425,0.99940064116859151,1.5477858079509437,22.120034268289061,-15.994511507644299,,0.1820927871312099,0.1764705882352941,0,5
0.61051833803200439,-0.76772932903950442,-0.19457398659428601,0.78775032435988757,0.61405266280550264,0.048874878745280188,0.081955996714902307,-0.1831147307947292,0.9796694391316092,-3.0605761354380072,-27.112178198455577,-17.797533930791722,,0.0722175168055416,0.375,0,2
-0.98344949135329396,-0.11092020455974082,-0.14326132128866306,0.1304430592171032,-0.98222644965214889,-0.1349659583221603,-0.12574460727614378,-0.15141964807831579,0.98043887311591615,-0.96691504620906721,14.780701808779503,-16.520778976705667,,0.1362784356077036,0.1904761904761905,0,5
0.91256322320889693,-0.34473246323925738,-0.21997248108703196,0.38890160480264263,0.89790501034308312,0.20620895757148588,0.1264274710200271,-0.2737263618831472,0.95346209855541597,-6.715746851855247,-25.730599299253797,-18.371988051639246,,0.220045684600075,0.2631578947368421,0,4
-0.74052471558124899,-0.64339828176216018,-0.19406647479359146,0.66537679113454884,-0.74248917909554568,-0.077353375786164427,-0.094323228490139133,-0.18640941486825235,0.97793387231227147,-15.174014809557757,-26.437467147625007,-19.875029423488307,,0.2914019212653465,0.1176470588235294,0,1
-0.63882332585178514,0.76112021996164347,-0.11225314745344366,-0.76426963903511913,-0.64455645633862013,-0.020949783801519975,-0.088298794990609955,0.072408461920836498,0.99345877490989309,9.8375453035468325,10.095315973039931,-15.020807677720692,,0.2747796904388558,0.8613138686131386,1,5
-0.91693269979526237,-0.36120076155097797,-0.16961259947646765,0.3811103635226471,-0.91866883148614165,-0.10393492613901624,-0.11827643409321618,-0.15994245187216702,0.9800148454116967,1.8350395880131776,10.441943174840421,-16.219914180537522,,0.09116374380825212,0.3478260869565217,0,5
-0.36355608237638892,0.93148141712784138,0.013013243740209339,-0.91337775645981367,-0.35367332175315386,-0.20163396411450382,-0.18321585349409888,-0.085191261439187482,0.97937449425785528,3.8523636117208602,-24.369662814710608,-16.656858334132057,,0.5852675303049012,0.375,0,2
0.052660432028863287,0.99858136976995893,0.0078820585437301451,-0.99843003622829041,0.052498302161724346,0.01952923519526676,0.019087735740764011,-0.0088981019599459147,0.9997782164689335,10.987333555817713,11.9525198983764,-14.827077829845727,,0.4514436070064774,0.3571428571428572,0,4
0.49964220450386415,-0.84552857001435411,-0.18825276828775261,0.8647065877649639,0.49973289076238381,0.050493118007770343,0.05138272622578368,-0.18801190169708684,0.98082176783850639,-0.75495145422261078,24.238735136691581,-16.303719445215556,,0.1369591508951196,0.3333333333333333,0,5
-0.95640496036879474,0.27327263502584032,-0.10301271148746483,-0.26368673109115359,-0.95965574909373275,-0.097622492683857323,-0.12553429662218807,-0.066203551093441698,0.98987788650630604,-13.545341699287786,13.675457797315337,-18.64994573853782,,0.123025576452273,0.3846153846153846,0,1
-0.98772483275491363,0.13715711264162955,-0.074750125157678121,-0.10626087601406815,-0.94074191306846289,-0.32204546142588447,-0.11449140137145683,-0.31014928574494455,0.94376858369194472,9.9138734920369345,-22.625781582126368,-15.623255442392784,,0.3710643193276903,0.25,0,3
-0.83722627362525726,-0.50753101820524382,-0.20362817170302258,0.5361077269819241,-0.83521155482264453,-0.12251597349332315,-0.10789194512030087,-0.21174022822857802,0.97135235827575361,-1.9135408113362584,-32.614716299672942,-17.631326312181738,,0.2429947808038731,0.3157894736842105,0,4
-0.9906051338862667,0.093484523729118946,-0.099810382933404912,-0.069865560424572384,-0.97338138655328554,-0.21828302677525227,-0.11755965372836695,-0.20925897862396459,0.9707679473903752,-13.371933933192143,-32.336097946707625,-19.585720424723778,,0.3695035298566129,0.282051282051282,0,2
-0.7440311034691911,-0.61016652378409364,-0.27223983970692611,0.65968298456734287,-0.73550462984987319,-0.15443865883166735,-0.10600036293683539,-0.29449915572482743,0.9497547948468712,21.30587620001241,13.510597479503005,-13.320194974947272,,0.3474612450133608,0.1666666666666667,0,5
-0.93489151822858796,0.34881530058784244,-0.065618101314046245,-0.32845410737754238,-0.92029930541841265,-0.21252549916000876,-0.13452043893427137,-0.17713575167707477,0.97494983306154259,24.294721224691877,13.87812126502196,-12.8664022875094,,0.6605349602563995,0.125,0,2
0.2560914864263617,-0.94452826957352987,-0.2056295177166205,0.96591315422656454,0.25835738098314026,0.016224739862979291,0.037801178183031796,-0.20277527380813956,0.97849540584512107,-9.8491133747328536,10.926397534306773,-18.092819681042219,,0.4168577204532661,0.3055555555555556,0,4
0.55866133445739874,0.827402002811788,0.057475552414228352,-0.82730845033586509,0.55100219745342549,0.10934946915447769,0.058806814104731299,-0.10863933056006159,0.99234029166930071,19.325072220209712,-23.346986325831466,-14.181436397923235,,0.2971786364866794,0.1052631578947368,0,5
-0.78985869819378585,0.6060785558709233,-0.093765777344593348,-0.60426140388975658,-0.79521873558455058,-0.049953161506459988,-0.10483984288809223,0.017203101136901915,0.99434031430616088,-2.7813476139605928,18.791209716408982,-16.723076201425354,,0.7640919289971262,0.9096774193548387,1,5
-0.987239840497663,0.11129523144538347,-0.11388972206336058,-0.09337561579401539,-0.98394255550491205,-0.15211193852407956,-0.12899027757641043,-0.13953644299602688,0.98177955232668113,-12.058666728899798,11.161304962537551,-18.4407723908927,,0.1440383613134766,0.1739130434782609,0,1
0.84228711791367417,0.53683774882472102,-0.04855556027360091,-0.53298755782402096,0.84290967502366476,0.073671860002900658,0.080477787006500073,-0.036173349144179245,0.9960998015310667,-0.1330968608907577,-23.080320543213499,-17.2719037980693,,0.1441613115653833,0.6190476190476191,0,7
0.24782504832084751,0.96642502594330149,0.06786320545965828,-0.96860020253144363,0.24572453695469032,0.037856301911976538,0.019909622819563814,-0.07511405440324212,0.9969761711045505,-7.5453301740448673,15.649854178345494,-17.578955350140269,,0.6611649615435647,0.4318181818181818,0,4
-0.98581601710766964,-0.091849398952475111,-0.14046518545903111,0.11196801390114634,-0.98340135033597098,-0.14277586637951786,-0.12501977554372615,-0.15647834377145692,0.97973699718523322,1.1892685259796694,17.740059347997096,-16.146098804909332,,0.1051931972975001,0.3703703703703703,0,5
0.3846971090651371,0.92275404852441978,0.023088962919943948,-0.92141636065146015,0.38241476535353403,0.068926319816307105,0.054772480323099504,-0.047790304156743638,0.99735453186309864,11.196776782556594,25.730382402570619,-14.511372874646955,,0.4613240596020388,0.2,0,5
-0.12225827906144122,0.98921248287950014,-0.080694342529754978,-0.99231713391115983,-0.12338475405878428,-0.009105394675411646,-0.018963621681430846,0.078961168818780819,0.99669730353377362,9.3836013575902726,18.089026441891896,-14.936184653370823,,0.433906831788359,0.8461538461538461,1,5
0.99239589572151699,0.031639813857567013,-0.11895086520974639,-0.027506364875609163,0.99896477659277272,0.036232237279560667,0.11997410573293976,-0.03268481766831545,0.99223884052559164,11.241920430699759,10.327965355740792,-14.814627629902004,,0.1163391414481289,0.5,1,5
0.95719896068591437,-0.24147776067862572,-0.15955764086825594,0.26243638388505647,0.95660403112908721,0.12663282371059004,0.12205447175397624,-0.16308653753519486,0.97903293468587682,6.4160950449844947,-24.835063264981809,-16.191398939806721,,0.5072967664960821,0.8596491228070176,0,6
-0.87022302759878767,0.48923878105012791,-0.057942189753121723,-0.48134929468046816,-0.86940138083068275,-0.11155310627822328,-0.10495112551763061,-0.069185649713577699,0.99206784401385295,9.218455757464973,11.388612974500349,-15.106889103266615,,0.4994912868130676,0.6375,1,4
0.86830966934924858,-0.46275595446818163,-0.17859239826722631,0.48353126416452774,0.86996801215197284,0.096711811108044068,0.11061570724834294,-0.17033080882971952,0.97915860863976523,-5.8179785968773006,-27.487477654972654,-18.305476987084315,,0.197855964707878,0.6170212765957447,1,4
-0.88944247941844234,0.45433762473490874,-0.049693043338252404,-0.44792780398489829,-0.88813896743463128,-0.10280980955831087,-0.090844692873291014,-0.06918451614625197,0.99345897977841457,12.153201556554855,-26.839325197556853,-15.30008409069891,,0.2332253345996558,0.45,0,3
-0.9854293019863708,-0.038685446676535361,-0.1656276758337534,0.07770697180818989,-0.96861884380686181,-0.2360914271096255,-0.15129678555427134,-0.24552183535827379,0.95751152005772167,13.380666545088058,15.862076008244465,-14.397559142593636,,0.3590865471735534,0.4482758620689655,1,4
0.85631558651018369,-0.49272644845362651,-0.15473933983959751,0.50535706548282899,0.86119676972361547,0.054354026384370133,0.10647935323950075,-0.12474281867861116,0.98645900904285488,0.85008945986591267,-25.029882771916018,-17.121754462448187,,0.1946796486914084,0.4,1,5
0.72753851050913887,0.68597598501024681,-0.011165290652990972,-0.670939510844626,0.71480119744620674,0.19722936119412637,0.14327556844667536,-0.13600072102268773,0.98029379033409703,-8.0347596019829304,10.804209101766325,-17.77717376169716,,0.4317940483459156,0.34,0,5
-0.99113102003866216,-0.0029231918970374234,-0.1328561480182818,0.014485550651494745,-0.99617718760353613,-0.086146269336714848,-0.13209644181220584,-0.087306734261704697,0.98738445613302617,-5.8211003260942427,5.9658780719510567,-17.481849025750268,,0.07354958940713935,0.2441860465116279,0,4
-0.57639078713225467,0.81709825056521324,-0.011140441298536037,-0.81346206878142335,-0.5750170973719313,-0.087377344797174517,-0.077801819791731369,-0.041301170119324673,0.99611299067117265,-16.095870428050052,10.994032699471347,-19.119808868547196,,0.2962891751358083,0.25,1,2
-0.99143533491217506,0.045880390002442657,-0.12227414485821303,-0.018445542386807429,-0.97606761305021206,-0.21668358664310097,-0.12928936017182535,-0.21257235137168126,0.96855420951987725,3.4552305286421734,-23.164489866770214,-16.693474779541514,,0.6021574614165264,0.3076923076923077,0,1
0.60878523262162498,-0.7512382592794381,-0.25499336920130566,0.79220651949369336,0.59279935513708981,0.14490602134051953,0.042300957595806821,-0.29022405541899898,0.95602334000934652,-0.70300487015963875,-25.880179147502908,-17.362654536217217,,0.3631482156940002,0.2666666666666667,0,5
-0.78636137029970443,0.61754476536130853,-0.016560738969558505,-0.61003349345386049,-0.78046693034780734,-0.1368594443140479,-0.097441942534260403,-0.097518374721473469,0.99045203539940885,12.833880765410177,10.751012629795769,-14.582167277184004,,0.1290909551820976,0.4444444444444444,0,5
-0.10795980659284245,-0.97516224417573827,-0.19339927015005171,0.99397046175893644,-0.10962832290068451,-0.0020861372699392299,-0.019167715334953976,-0.19245838083107702,0.98111791867069509,16.673588477562419,-22.041385283370467,-14.57125660886053,,0.1228696793400393,0.3684210526315789,0,2
-0.96540485672771337,0.22952996639917256,-0.12373139105069295,-0.22815344235943275,-0.97329444103946605,-0.025375929169509016,-0.12625161126134488,0.0037316975319142444,0.99199123236420061,17.576131047330424,12.552885778336789,-13.850142191953408,,0.4116252926395573,0.8901098901098901,1,5
-0.67891634984903493,-0.67383502234296511,-0.29158009632298409,0.73090759940539829,-0.65793198348354942,-0.1813824309045465,-0.069618036736918867,-0.33626160615428619,0.9391919192515652,15.284799820272635,16.519466458024716,-14.134978542447653,,0.2682818677103311,0.3333333333333333,0,4
-0.68686885883990556,-0.70231564310781369,-0.18698638507127485,0.7220696485389333,-0.6886921853807777,-0.065715268045629271,-0.082623201431719459,-0.18015496452084101,0.98016202504670957,5.1340593047821192,-33.615461256607666,-16.434065739694301,,0.114155834798953,0.5,0,3
-0.82936502104013365,0.55455676481249916,-0.067973939681289799,-0.54727887701128508,-0.83084711238653131,-0.10089056752854554,-0.11242549823046293,-0.04647440628625403,0.99257273633118415,-9.7726227663961094,-33.214239434618648,-18.98694189576052,,0.2138827631947696,0.5333333333333333,1,4
-0.98610086942892605,0.10810352752468323,-0.1261693411579784,-0.10617573115555924,-0.99410561839306777,-0.021925637799634023,-0.12779588970346692,-0.0082247684501392752,0.99176638567701125,-1.1474033130212626,9.5853103937019952,-16.653329223131504,,0.09236739046580227,0.40625,0,5
-0.31153985857021005,0.94483261798663143,0.1011644231465967,-0.94922555974052469,-0.30453954435811181,-0.078908191320315457,-0.043746465655447798,-0.12061090295111755,0.99173547724782651,17.073777992811472,8.9642563563033963,-13.981527279789887,,0.7055048399113313,0.1777777777777778,0,1
-0.82671211760352314,-0.5156084772480235,-0.22515544141209079,0.55101358642193787,-0.82287438688148695,-0.13878678248612603,-0.11371500422518063,-0.23880042211937533,0.96438750313848165,5.279262853473929,17.367384140335556,-15.534171670367384,,0.08381301895097179,0.375,0,4
0.97448068070607829,0.20017932279715078,-0.10156594732042071,-0.18090710198289256,0.96823625843940397,0.17260118277525591,0.13289102070031561,-0.14982251689162093,0.97974138937246591,2.0780946799552975,-24.743930630182469,-16.91884185440237,,0.1481298522743211,0.1,0,3
0.29802199059542717,0.95397484974138513,0.033389806564909343,-0.95374623159211458,0.29614284438880334,0.051648247222448943,0.039382976593717443,-0.047237715632870755,0.99810699795984181,18.501750586893227,16.61822795913843,-13.653321027543576,,0.1246566810092662,0.1428571428571428,0,2
0.02814495902838338,0.99403055325437839,0.10540929977039684,-0.99958485049199952,0.028637703125501488,-0.0031636413486605241,-0.0061634363935990514,-0.1052764985953199,0.99442388894039124,-8.5709176623332954,-32.843262186072806,-18.760534719513423,,0.210003251978018,0.3125,0,2
0.98580605244613273,-0.10463961153192154,-0.13128967460932384,0.11082996006384094,0.99300383664937208,0.040744329076277751,0.12610767983283566,-0.054716835599997536,0.99050639623835968,-4.4713005770663257,13.243480645669527,-17.149075224572893,,0.08348563843764806,0.2978723404255319,0,4
-0.35071916849524332,0.93623660754324223,0.021379418746236376,-0.93520797075018669,-0.34896143025818738,-0.060099680843405216,-0.048806928763485934,-0.041072312913714729,0.99796340053961619,-11.893561567226849,13.686438771790378,-18.330191886549557,,0.2917592140257554,0.1666666666666667,0,1
0.30619663038067629,0.95040958903933692,-0.054453986131404571,-0.95125807285712238,0.30767636714121244,0.021055448865808114,0.036765505132859963,0.045352686412885299,0.99829426096089557,19.263995153151459,9.5154998811298555,-13.685712431379137,,0.7991226478993234,0.7058823529411765,0,1
-0.45706453679490694,0.88661762937946498,-0.070719081427820782,-0.88755439109180989,-0.45982062035950083,-0.028499121843496355,-0.05778591574167187,0.049741093330782332,0.99708906902851668,5.7065072452101218,15.274136092488575,-15.512715275727802,,0.2136641872100813,0.6481481481481481,1,5
-0.71226716889254393,-0.67338561153909438,-0.19805882532702654,0.69671883254231481,-0.71252051020785823,-0.08305053229214604,-0.08519594179698789,-0.19714548106729363,0.97666540370593169,-0.88576757087595159,-29.694544834793717,-17.436468092675508,,0.2157766290577491,0.3846153846153846,0,5
0.96797602028518193,-0.18402622980501393,-0.17075353846000557,0.20868293239824592,0.96793733951815686,0.13981681047778474,0.13954876523470025,-0.17097266889846416,0.97534326706611629,7.0128690770996389,-26.162431253827211,-16.096925897136877,,0.2431733038845592,0.2857142857142857,0,4
0.10318863814344795,0.98478984100058742,0.13978939165808732,-0.99460990162608398,0.10072346025478404,0.024615607684042303,0.010161129142587086,-0.14157596411941001,0.9898752435727477,26.068430416638734,5.9836628419723823,-12.706845966515516,,0.6293833559281206,0.4857142857142857,0,1
0.59903398627206461,-0.70457798807538807,-0.38043152079005943,0.79664504682779069,0.57231350489299015,0.19445801984450983,0.080715256647960781,-0.41955584948459357,0.90413380453753267,-9.1501734104372385,-28.062815520088211,-18.798827731604753,,0.643893370117697,0.5333333333333333,0,1
-0.74042152016379081,0.6721083403879512,-0.0068081759154300378,-0.66996087867381393,-0.73879556417907655,-0.0730310577489586,-0.054114633186899769,-0.049512555279186063,0.99730642901004751,7.6895604159435642,12.243790310180072,-15.275191472788707,,0.1403083701715214,0.1,0,2
-0.5492879397482312,-0.79022453757221001,-0.27171297257571492,0.83263245917734485,-0.54510518061968494,-0.097895505442634867,-0.070752718473792622,-0.28000986104130049,0.95738630162970284,-10.125686899817829,-30.06193675614244,-19.052772360023109,,0.3010437672792089,0.1290322580645161,0,5
-0.29347963961057683,0.95216296475935003,-0.085178575209565538,-0.95551924186053716,-0.29489761256801295,-0.0042867862031358292,-0.029200677531713078,0.080131683137020876,0.99635647927301463,-10.577712244111124,-29.272083135586836,-19.07012182081095,,0.09948507296106451,0.3125,0,2
0.9411690349878673,0.31939890034561691,-0.11038654826570378,-0.31294639683950787,0.94703804034766692,0.071996547414575632,0.12753587842319181,-0.033215848513331939,0.99127761354847665,13.905024978248839,18.678930301753415,-14.276292513170615,,0.2572748974860813,0.5,1,5
-0.94797363042985738,-0.28763106429578089,-0.13643447827331487,0.29568588025914117,-0.95433708458875277,-0.042551018718893524,-0.11796548743175787,-0.080678992499380098,0.98973483516761751,3.5162445159856786,11.717211285898406,-15.946415230683208,,0.4941775185055041,0.9591836734693877,1,5
0.84783010489666955,0.52798035190846049,0.049202248216120813,-0.52276288213809563,0.81666881596549912,0.24448111192519825,0.088899281715737952,-0.2329995558539284,0.9684049383818204,7.3848028006766615,-20.852296536639376,-16.019830372441131,,0.382695371612387,0.3846153846153846,0,2
-0.23701384455798322,0.97088466380121818,0.034747763718578496,-0.97091473512592041,-0.23547001778771351,-0.043341064112688316,-0.033897117918937458,-0.044009548039623814,0.99845588038637911,-7.0839629078490329,6.8644428435996847,-17.723079494636284,,0.08329595603390952,0.3282442748091603,0,4
0.32279171603735174,-0.92766941402433056,-0.1877097928756441,0.94570977807335033,0.32407319638082499,0.02468965459398589,0.037927875159526558,-0.18548860253738206,0.98191417884386023,-13.326339267593369,6.5424759508266321,-18.830706083097283,,0.1682045973365328,0.6818181818181818,1,2
0.82059166084966906,-0.55142404764038755,-0.15020268249226712,0.56370976161932118,0.82421866785539188,0.053804202566073683,0.094130923713035136,-0.12882199828668495,0.98719008400528163,0.48663556583392037,-26.642542954116831,-17.211135315153424,,0.4302330175602695,0.8933333333333333,1,5
0.62511370672331446,-0.76165444179664687,-0.17063225063883908,0.77690508972612249,0.62821281046368616,0.042037439586179684,0.075175363146997271,-0.15884324367361172,0.98443765100434955,9.6387439097392456,13.158173527137263,-14.977526492419399,,0.07637860974888773,0.4,0,5
0.28551573745464742,0.95821283411721692,0.017576353398247882,-0.95785481742241918,0.28470946120816887,0.038140155207057026,0.031542232108605156,-0.027725209315808158,0.99911781105233077,-4.5702710761905001,-28.539170873359126,-18.082266980562697,,0.1839496681482513,0.3478260869565217,0,3
0.96491729218297506,0.24248848307899404,-0.10066754601321896,-0.23088421581729571,0.96623271166769886,0.11439766514102431,0.12500839224911109,-0.087141737860418261,0.98832141502142812,-17.110573029965977,-26.87103657210627,-20.147288350134851,,0.1110223250053915,0.3125,0,1
0.93413397021509226,-0.31432575747433517,-0.16909477779746659,0.33043582204711269,0.94069918696128341,0.076793275476631465,0.13492921551034817,-0.12761017921218673,0.98260355635586594,17.654306111629872,-25.261003146206583,-14.440216975273824,,0.283381426296866,0.375,0,5
0.84332061365399247,0.53178092728626636,-0.077584714736951818,-0.52644949376512507,0.84647476435834235,0.079570118882244828,0.10798737472824903,-0.026258687687115846,0.99380541768509822,0.02570226654731168,-32.170055813998793,-17.331407389173787,,0.3130098420434789,0.375,1,5
-0.73039504749051809,0.68254282094183527,0.025658764235358636,-0.67413327983349525,-0.71433602483138869,-0.18779873441805844,-0.10985169831303623,-0.15446469243439365,0.98187232528923507,17.088935397658023,-20.389739547659314,-14.470343881953106,,0.3787749150807896,0.186046511627907,0,2
-0.76348708851559544,-0.62091804864296007,-0.17761824945483207,0.63843904429698528,-0.76712185362951002,-0.06260709545393181,-0.097380965219760557,-0.16119813446018683,0.98210595612664098,-3.3601084072602712,9.0133579382016507,-17.054892050107185,,0.07118007129514864,0.2835820895522388,0,5
0.41770120828208701,0.90612602921427132,0.066793111771063479,-0.90449642036959255,0.40773098188889889,0.12506667000647212,0.086092544034185481,-0.11265462967979342,0.98989747361705582,-7.4223068533942129,-30.747255575533945,-18.572199590138421,,0.3445829414082464,0.1666666666666667,0,5
0.80705090012918157,-0.53698688176568765,-0.24558895213799969,0.58159645802890181,0.79477245840789523,0.17344249584374066,0.10205099023974845,-0.28281058708583284,0.95373149639888288,0.46997774044828727,11.700655745534956,-16.381331273036245,,0.2184417199189397,0.4074074074074074,0,5
-0.87527049612858798,0.47883821982141034,-0.067937602585600998,-0.47180866853932069,-0.8762763414596636,-0.097654255868455608,-0.10629270387928676,-0.053420339163385254,0.99289885107482101,-6.7634680051989191,19.714008651050985,-17.340522565223324,,0.3512679057220916,0.4814814814814815,0,3
-0.90081764592246261,-0.40016652770003486,-0.1685061390668301,0.41836789065249358,-0.90378126828227445,-0.090264761524453452,-0.11617175588625682,-0.15180964794959606,0.98155894062645188,10.303214563180315,8.5656571387492342,-15.001703982705608,,0.1667652101649958,0.6615384615384615,0,5
-0.071610246386408671,0.99740798050760648,0.0070208996729584734,-0.99540224300711699,-0.071013793027970853,-0.064276090548374187,-0.063610904952532243,-0.011591445963314857,0.9979074562060356,7.095247124636872,15.124830633476508,-15.321695907144347,,0.5078158362557773,0.3658536585365854,1,5
0.048306030720887634,-0.94868754559746271,-0.31250354913865563,0.99881336069389259,0.04393901911156331,0.02100554924030892,-0.0061966035346805656,-0.31314741485086084,0.94968431527369002,-4.8087923143265261,-25.837060007757547,-18.070198280520707,,0.2332719880811699,0.3478260869565217,0,4
-0.43275359863011631,-0.87901540508137233,-0.20014055186872115,0.90023215304306148,-0.43318183965852469,-0.04399504992054741,-0.048024925821279797,-0.19921197609503377,0.97877893064786214,14.872640548295813,12.072588817100703,-14.265493560478188,,0.1568435303625202,0.3703703703703703,1,5
0.82745095404965274,0.55776011476943621,-0.065027478920126419,-0.54968498125865817,0.82820321945098552,0.10920553406166701,0.1147664586061226,-0.054617594815320629,0.99188990231557483,-4.165317716454493,-27.493707979740289,-17.995368452306913,,0.3129394339379239,0.45,1,5
0.13801307748375863,0.98520277136124101,-0.10162622567818071,-0.99036951008508112,0.13841400626822248,-0.003129914154901704,0.010982892938503552,0.10107948442147367,0.99481772897942977,-6.0041153326775154,16.370367533427203,-17.294527325471499,,0.08730031664769226,0.2941176470588235,0,3
-0.97374030543435108,-0.15552588365906631,-0.16625738204567381,0.1860732990200519,-0.96446179133990972,-0.18759045934483151,-0.13117372055563933,-0.21360045074268219,0.96807453353453721,11.253296930581028,13.137879011535706,-14.752315893339766,,0.1992044141174586,0.3333333333333333,1,5
-0.79579637999614683,-0.58151205392315342,-0.16897293489521983,0.59694872278045763,-0.80021715205247412,-0.057486797891415232,-0.10178577482049883,-0.14661596332972521,0.98394279068505164,-0.036833019839018377,7.9340446745464019,-16.57305455315176,,0.07123696809033941,0.4,0,3
0.95090589267636594,0.29178482818963059,-0.1031484236996012,-0.28537149792262079,0.95566449198556302,0.072584343569234294,0.11975429615159705,-0.039585259836518373,0.99201407034220623,4.7180754783195855,-27.448079549063191,-16.53347197872608,,0.3085368075143332,0.7291666666666666,1,5
0.79493393272717638,-0.5350655715628958,-0.28598055305733111,0.59675072872777546,0.77458591435929502,0.20953574644686362,0.10940114424344059,-0.33722617840886421,0.93504539688401156,-8.8488061908244884,19.560139119870531,-17.644379243036866,,0.3454814400669066,0.2666666666666667,0,3
-0.4428869387411335,-0.85672210532272797,-0.26434521698699615,0.89410888592156879,-0.44389816433462392,-0.059360928365756307,-0.066486537047742988,-0.26264358730367965,0.96259954624945399,4.9423126863558888,11.353921507950609,-15.697772290907801,,0.2479423937324263,0.2638888888888889,1,7
0.37933200929073269,0.92525847939347938,-0.0019932480835497552,-0.92396820273382563,0.37891509457292782,0.05202029836144826,0.048887493945594281,-0.017891266451991406,0.99864403844436145,27.749224708931177,15.141846785793421,-12.326050481100978,,0.1807397547373558,0.2941176470588235,0,2
-0.93281558343872117,0.35557949822162488,-0.058466295746671414,-0.34152231783857839,-0.92411713952202301,-0.17137683291448741,-0.11496779423840715,-0.13989543554416856,0.98346920307748509,6.5386468397773019,-28.463784833940505,-16.218059357501428,,0.3011113136292505,0.3157894736842105,0,5
0.98672013854091123,-0.066107595852397213,-0.14836830513429053,0.098781264517119605,0.96932818221874195,0.22504474429968063,0.12894041250982813,-0.23671219006871172,0.96298583016297268,-16.287499782754413,-3.586055190134223,-19.783852692224006,,0.689594588739068,0.3737373737373738,0,1
-0.90804495116381645,-0.37339798331430113,-0.18981125552167724,0.40240974017806613,-0.90344257567595532,-0.14784422026517571,-0.11627883588909903,-0.21063109578789449,0.97062545495750641,-0.83939785466743377,7.7467677986959131,-16.68370625764047,,0.1050235534819613,0.3448275862068966,0,5
-0.99161277545144089,0.069450196468080372,-0.10899896225210406,-0.049169934005975406,-0.98265737052227187,-0.1787926445581656,-0.11952581792792123,-0.1719335987199698,0.97783046407844199,11.272228518133611,15.058613232819395,-14.717638596870776,,0.1284115597677632,0.1818181818181818,0,5
0.12437482319811191,0.99180093170316741,-0.029356689649330133,-0.99205304525316695,0.12486459671037863,0.015478626950475262,0.019017327844782484,0.027198241874855242,0.99944914672061225,8.692437670220551,27.65947383519531,-14.84724431900691,,0.3345793459528603,0.7272727272727273,1,5
0.094013574121680932,-0.96515760696508957,-0.24419713675284804,0.99525644089467358,0.097277413368932461,-0.0013121379187385832,0.025021285709074404,-0.24291541442582815,0.96972472212262018,-6.1106717426069146,12.324269423152767,-17.417630218397683,,0.3023503047522073,0.1914893617021277,0,6
0.84730897366534219,-0.51124011106920253,-0.14387860153662199,0.51912222875540848,0.85444002752498271,0.021079634131651682,0.11215888176244353,-0.092551543461233218,0.98937080866818661,-10.909615669506847,-31.504982857504324,-19.162090344643484,,0.191144907825171,0.8823529411764706,0,1
0.17549465345709667,-0.94652635200785451,-0.27072031981858335,0.98244563023964548,0.18605100677933353,-0.013623747627651946,0.063263024200547677,-0.26357710035414483,0.96256163539687212,11.841098423840537,-25.27760060972323,-15.356348454613112,,0.2526097081341496,0.2857142857142857,0,4
-0.27481040734606832,0.96116924625603817,-0.025157902652802946,-0.96073031521071028,-0.27554252466334384,-0.032765508347653155,-0.038425270973897654,0.015165657049748217,0.99914638637030162,7.5895916657868279,17.196509003488142,-15.1967110140424,,0.1689568001918285,0.3478260869565217,0,5
-0.56969726836745049,-0.78578970494685296,-0.24078945577870001,0.81873418750115479,-0.56813623040930938,-0.083039472018575131,-0.071549651512001156,-0.24444991981147679,0.96701855415119764,-5.2101263696919888,26.298486002922985,-16.956187220427235,,0.1149289849368802,0.5,0,1
0.5424460503591938,-0.77536041310456993,-0.32337054943210569,0.831954840296809,0.54924199501477522,0.07864079487709523,0.11663372649633731,-0.31168808238766654,0.94299899954404842,6.5523579164033947,27.577767496371788,-15.156952005213077,,0.1709060011311686,0.5,0,3
0.96974411533702431,0.23452698457316276,-0.06777495316287796,-0.21035686133922818,0.94364319287728926,0.25551421765503135,0.12388035218193222,-0.23352648253115407,0.96442679364475625,2.0494397718760178,-23.165224539997741,-16.923966613546888,,0.166128135201694,0.1724137931034483,0,3
-0.76124892688611023,-0.61050790427893165,-0.21858675652402096,0.64114800185754917,-0.75909226605060875,-0.1127305253080262,-0.097104639584405655,-0.22596245359594103,0.96928409588524866,5.1331732989318191,-30.942855526611105,-16.448135408353853,,0.1151632221083567,0.3333333333333333,0,1
-0.865918912775544,-0.47308072655450584,-0.1624163251039813,0.48765425700506798,-0.8707057922062722,-0.063755384425824652,-0.11125539143096243,-0.13441000550967233,0.98466044314597823,-8.5722481749426951,12.328611624293815,-17.857970049458718,,0.08564343504999689,0.1428571428571428,0,1
-0.92635633996053379,-0.34122530539734763,-0.15946542688436063,0.35301716190662413,-0.93418460172894691,-0.051749524557446136,-0.13131189898222079,-0.10423253258467878,0.98584621738720846,14.624007114724892,21.885507864471627,-14.118790607447146,,0.5519670345653749,0.425531914893617,0,2
-0.11327691651072108,0.99356268686739679,0.0012359007496188204,-0.99344580650728576,-0.11328255759376044,0.015247677793857873,0.015289529715202591,0.00049940950746926065,0.9998829835891957,26.976254962983635,-21.320004656891125,-13.010203367608414,,0.1617237574762968,0.1111111111111111,0,3
0.98391019607897623,0.1455131961315892,-0.10366598190052954,-0.13276893187012506,0.98376383079723484,0.12075237449100602,0.11955390743048656,-0.10504587077424662,0.98725489527851074,4.77542974579376,-23.106216839849779,-16.456553778205297,,0.6523120265500667,0.7424242424242424,0,3
0.95341264010983118,-0.25886135154842888,-0.15490364215641469,0.27693692320832342,0.95466808161428696,0.1091549106124169,0.11962557520325219,-0.14696820956049761,0.98188088235583459,7.3534574820495093,-23.924648783015453,-16.021472630918698,,0.1435734129363992,0.4285714285714285,0,3
-0.87006052408418688,0.48845657352375188,-0.066369120920690472,-0.4795225842041605,-0.86986820051094504,-0.11570395402929816,-0.11424874471307503,-0.068843950506095902,0.99106394082834026,-9.9953119090089917,13.452216716613831,-18.032528578312853,,0.1099801117784347,0.1,0,2
0.95225819985813531,0.27786941523991382,-0.12646307317621136,-0.26126851737645829,0.95602154003656503,0.13327256587168296,0.1579337919219658,-0.09386907403582416,0.98297788088481708,18.989824527990521,21.153807050007476,-13.50857097051893,,0.3384220526572738,0.32,0,2
-0.96243055324397808,-0.22106522882230517,-0.15766291506956434,0.24122560433503829,-0.96267881296696889,-0.12271801366427111,-0.12465006215676931,-0.15613989775278581,0.97983809598017935,-5.6073914175522344,-32.728051441269415,-18.244694855301006,,0.2194204373311889,0.391304347826087,0,1
-0.80628441771089288,0.58277907920613159,-0.10136065605677101,-0.58176665061268762,-0.81225176648053721,-0.042363098141439938,-0.10701869926092582,0.024811543460652025,0.99394737552830137,12.039355051260722,13.67991518124502,-14.663989586884153,,0.06922194532782813,0.2352941176470588,0,1
0.91840368632242797,-0.35234775446449523,-0.17996035361491125,0.37670229289408058,0.91779649767981608,0.1254789678591853,0.12095474971128024,-0.18303182447457564,0.975637893765812,-4.6655703440026768,7.0237657239717874,-17.340481032151931,,0.2697385135266188,0.2380952380952381,0,1
0.012887468585405515,-0.93345902793445867,-0.35845244638740686,0.99991229898679246,0.010937112317696979,0.0074681931615899417,-0.0030508176623521939,-0.35851725584943139,0.93351811432332943,-7.7501794319904338,26.966808614055733,-17.279723959055421,,0.5167485190288009,0.847457627118644,0,2
0.98189110045476002,0.18622001729359458,-0.034813388328555704,-0.17868638566571016,0.97140099134685765,0.15636908130467622,0.062936812959242458,-0.14731673078614188,0.98708497020520836,17.49745816230924,-22.96536343592599,-14.434095074027342,,0.5510633748477266,0.1538461538461539,0,3
0.98194281234759251,-0.12962163345098277,-0.13779167398794334,0.13888422233845527,0.98849901414040597,0.059840386269545007,0.12845032527924199,-0.077896926672012742,0.9886519017079326,-6.4278457788082788,-26.701486429493009,-18.356058363067117,,0.07579635359910489,0.3888888888888889,0,1
-0.95902799322855914,0.27519446820988469,-0.067329880964412045,-0.26608666605469639,-0.95651734960390733,-0.11946734304659862,-0.097278951227382518,-0.096656942706647236,0.99055249284159808,-11.691453340374338,-28.35103738705579,-19.251640629202377,,0.2128663571518479,0.2307692307692308,0,3
0.82832555674249975,-0.49539328657950177,-0.26165294506117492,0.54344889078993686,0.8239850007951921,0.16034968526234533,0.1361619445601947,-0.27501674508383278,0.95174876662755858,17.869962453937124,14.250604513501509,-13.796795229167694,,0.3817487298311068,0.125,0,4
-0.94483478228763684,-0.28525103932891721,-0.16099403324734424,0.3039190669505214,-0.94676759217657092,-0.10613353451244167,-0.12214923218505735,-0.14920781134361419,0.98123218155065084,-13.412822476916817,8.3451370108032759,-18.739840047949713,,0.6566603204162431,0.7142857142857143,0,1
-0.9472561034025947,0.30252901089939804,-0.10574531729946167,-0.27139262788560281,-0.93273672547280484,-0.23737784749975166,-0.17044622640551069,-0.19615911530821228,0.96564469935148489,21.625457496934541,-25.904586901694685,-13.872443013237453,,0.3687940583083462,0.4210526315789473,0,3
-0.7872440621764718,0.61506319819776956,-0.044091368663493523,-0.61121049444415787,-0.78778215037527755,-0.076295576748810434,-0.081660994662182712,-0.033114132524296715,0.99610990165641233,12.463577841393318,-24.243074742146455,-15.273124172933892,,0.1493469674604994,0.4285714285714285,0,3
0.91800344316238325,0.39563485444932273,-0.027253261949225255,-0.37848362439851241,0.89457786605405665,0.23765644874132325,0.1184053394242664,-0.2078545248750541,0.97096687486483813,-7.790920886265968,-27.986143637397419,-18.589540437538378,,0.3284517135798701,0.3181818181818182,0,1
0.23395064796986703,0.96638095337896468,0.1066533977932394,-0.97186566451250955,0.22936917195319184,0.053543562630497338,0.027280477564336613,-0.11617932649086353,0.99285353383064057,-5.7030755056526665,17.152575927355915,-17.219646774814823,,0.2428402169635847,0.2222222222222222,0,1
-0.33248070231327542,0.94264901395573508,0.029485913205315482,-0.94124800273669473,-0.32969837831553772,-0.073151737370263759,-0.059234955334282781,-0.052075097929672312,0.996884850041448,18.380594458097761,-21.709279723826473,-14.304616175231445,,0.2666222836591856,0.5714285714285714,0,4
0.20119339937620623,-0.93493017286713498,-0.2922786135010173,0.9788907295566186,0.18094081199692857,0.095044001083733065,-0.035974374706988166,-0.30523105087215957,0.95159857605395726,-5.4093877757696429,8.1452083152984134,-17.440790571799099,,0.5460059852094287,0.1805555555555556,0,2
-0.12681958307752708,-0.97000788788848125,-0.20736800809712802,0.99178875576252323,-0.12747519494726003,-0.010253712312375303,-0.016488095434863098,-0.20696563025605563,0.97820926728468749,1.5572429208579401,13.263343036115506,-16.16879231377915,,0.1117157174815577,0.1428571428571428,0,4
0.92354443790894614,0.38043182837283684,-0.048345580649620058,-0.36450414972097028,0.90999137364647287,0.19761686346361637,0.11917380602985293,-0.16488579032137818,0.97908645180415632,21.492169387310611,-20.164833644853569,-13.832345390674456,,0.4825880743998359,0.2333333333333333,0,1
0.68754044922438518,-0.70816371931627264,-0.16059974260401227,0.72080005545290959,0.6923655615062605,0.032820866825912565,0.087951183843165498,-0.13832597689611659,0.98647377733841546,2.1250512648786737,23.577319403412233,-15.886486914445012,,0.1083020669494955,0.55,0,2
-0.94155809616352071,-0.29577918864407843,-0.16119250328094695,0.31410232466690891,-0.94379318696679726,-0.10292788676496369,-0.12168845955049022,-0.14754352510397728,0.98154104703375566,-8.457019567505947,17.313273516669,-17.65602877748081,,0.7014558530276571,0.3414634146341464,0,1
-0.1947280957548583,0.98084309539346581,-0.0052717115485495063,-0.98000230474223582,-0.19477990718034552,-0.040697302843331354,-0.040944491981126457,-0.0027586188175257958,0.99915761449264162,7.6042206912082948,20.156194862915356,-15.132946990915995,,0.2629971176021162,0.3333333333333333,0,3
-0.96307854595253672,0.2467719818235847,-0.10762575580598317,-0.22748405618633469,-0.95971926445530609,-0.16489371611550283,-0.14398166031464266,-0.13432245687236366,0.98042172511262293,9.919318821335871,-20.93183444925625,-15.558736496796936,,0.1648451880778401,0.3125,0,2
0.14094479573888977,0.98823474044730275,-0.059385708105369105,-0.9900152827559201,0.14081639460427456,-0.0063626189867357734,0.0020747201834980201,0.059689536635047342,0.99821483396734512,14.687753487087328,-23.288551214117867,-14.864401991840406,,0.09356407532542717,0.25,0,2
-0.98106914801489531,0.1555255005904714,-0.11539127124445801,-0.14500994206696141,-0.98490047643970635,-0.094568325620036531,-0.12835670420770887,-0.07604518508705245,0.9888082151307257,36.972223908744027,7.6616260434954153,-11.026727216400205,,0.3838570121539444,0.2142857142857143,0,1
0.82271738277038775,-0.48088812116687329,-0.30312163071618414,0.54618173976445894,0.81651370852322824,0.18705846931244444,0.15754877097366729,-0.31945575392257425,0.9344123319233576,6.3897106856770431,-23.041019892522645,-16.207688915447125,,0.3262542566686736,0.125,0,2
-0.87145719329057592,-0.43190801131959811,-0.23241736170101823,0.4775101424303328,-0.85534157682296708,-0.20093494179500987,-0.11201082152308085,-0.28608784789981984,0.95163402584490098,8.4489865539449642,-25.645551988005291,-15.879651086761909,,0.159849857983186,0.3333333333333333,0,1
-0.98315752203016471,-0.08595007152398261,-0.16128816472552629,0.11860740108927642,-0.97148844717560789,-0.20528634005012167,-0.13904521308680057,-0.22095877943487313,0.96532048901299983,20.89697728074664,9.5162587627142621,-13.456823045820091,,0.4357038290757362,0.1176470588235294,0,2
