axis_00,axis_01,axis_02,axis_10,axis_11,axis_12,axis_20,axis_21,axis_22,location_x,location_y,location_z,dbh,dbh_approximation,score,reconstructed,number_clusters
0.1637979838187909,-0.95119848812461794,-0.2615179853974488,0.98431091931665637,0.17521426338433754,-0.020784032830097509,0.065591421778291109,-0.25401062595120927,0.96497480137720537,-5.361790021874131,14.43581763361197,-5.2355036764676566,,0.6455091915887894,0.7808219178082192,0,2
0.53455478092916053,-0.83042527326487692,-0.15698742532041585,0.84511054182536083,0.52385811815096062,0.10658726069742243,-0.0062736178894941888,-0.18964845786425483,0.98183201422050215,1.0064735791437502,-7.0199043077343752,-3.7714301959061216,,0.2048179543022692,0.1451612903225807,0,5
0.046684657162640045,0.9987968219913711,0.015015031320123506,-0.99862947088239751,0.046310280285619898,0.024383146331225656,0.023658458756846464,-0.016132771609517257,0.99958992142250314,-9.4564009761823247,-13.896571940994299,-4.6755516467074401,0.116491692581802,0.1516684606646307,0.3076923076923077,1,5
0.26711869571691987,-0.95185644835368621,-0.15038917556126691,0.96322801135074565,0.25903466417168292,0.071364143004384567,-0.028972410113389,-0.16392176330484434,0.98604779547811561,-8.1314240674372638,-7.1890644699386463,-4.7772337239022074,,0.4936555411738081,0.8624161073825504,1,5
-0.92474494176061661,-0.36361812104240593,-0.11237728746390807,0.37144580451971859,-0.92661938488648032,-0.05834834922516266,-0.082914455873837847,-0.095699412757826105,0.99195101461965052,16.158808649606449,2.4050077972748767,-2.5532346263327841,,0.1090378429355651,0.1578947368421053,0,5
-0.047360648745479975,-0.99419063071625924,-0.096653808752754575,0.99748089137117824,-0.052188196045522203,0.048044391377909335,-0.052809471686117652,-0.094134913764877509,0.99415782334130043,-12.033770544246783,-12.850446661443872,-4.9971506263864107,,0.08090798327461385,0.2647058823529412,0,2
0.66527305836486872,0.74479809987590406,-0.051841568601821764,-0.74220227574399356,0.6672835800306669,0.062196508759689309,0.080916869034160649,-0.0029007314077653815,0.99671663278135825,8.5282020037463901,-12.604415042401845,-2.7690238929955702,,0.1686441650402786,0.3888888888888889,1,5
-0.78005329443236016,-0.607368654331786,-0.15040005179659174,0.6200516028457973,-0.78259413953228762,-0.055519569325384092,-0.083981353011126358,-0.13656401614229935,0.98706504438233789,-8.6601687218208259,22.09090960931406,-5.8975280808956736,,0.1711235650366394,0.3,0,1
0.33708418715445937,-0.92244148352932254,-0.18835063109700498,0.94129005793714171,0.32624498702328414,0.086817252149958987,-0.018635385671077663,-0.20655729932974964,0.97825702373889989,2.1499579880583641,-9.8795881682935036,-3.5453338744389793,,0.1543272606259978,0.2686567164179104,1,5
0.99616655943092247,-0.034990171233399328,-0.080174021906195631,0.057274652651176629,0.95364135008447903,0.2954450703138205,0.066119588891982758,-0.29890443845167092,0.9519896725483139,3.7584074259925697,-6.1969698404665889,-3.5243893529981087,,0.09125575432655658,0.375,0,5
-0.95910075214199964,-0.26898123725052575,-0.088175060237164746,0.27752971496316547,-0.9548604075653423,-0.10591911714422769,-0.055704618777219973,-0.12605830425372572,0.99045762119111391,5.414938554115805,-26.295774495535127,-2.5780166551375112,,0.1255153470492523,0.5,0,2
0.64434804636498944,-0.74515768036057961,-0.17191749924095329,0.76469350585868823,0.63008927133895465,0.13502352476918422,0.0077095553160329844,-0.21846633961136142,0.97581403003525391,9.3275233424173489,-5.4763189399498602,-2.9584515899525008,,0.07085123730523983,0.2173913043478261,0,3
0.3256411064294471,-0.93552122480385269,-0.13695951133420403,0.94522360894745272,0.31865402616765187,0.070795061236623547,-0.022587582689551553,-0.15251114565383053,0.98804359800547159,2.6249693976072801,-11.88375524401116,-3.3921931993936285,,0.09067962921527697,0.3846153846153846,1,5
0.90612550890302779,-0.41347164967341571,-0.089318290576870615,0.42061961504106826,0.9031036114127805,0.086504372698134782,0.044896565101726203,-0.11595284373200411,0.99223950559959495,-5.2500146415220552,-12.741089605197633,-4.2165626322032566,,0.0899320193934922,0.2083333333333333,1,5
0.57207632740479564,-0.80725847773939852,-0.14512899689899986,0.82019686524673685,0.56252858092434876,0.10410906724519312,-0.0024037184666546633,-0.17859268115213209,0.98392015752114037,0.54861748297797397,-20.750259711580124,-3.300518394336188,,0.1681181119013145,0.1666666666666667,0,4
0.91713023994634391,-0.38568590120467383,-0.10059079772971832,0.39753345301246501,0.90343947101374833,0.16051254141152146,0.028970272900832494,-0.18719911278191947,0.98189470691195502,-1.2298596979048355,13.269592296077779,-4.7506728458318941,,0.3519486816094036,0.8723404255319149,1,5
0.60121958276262399,0.79858751001493777,-0.028160293870597604,-0.79403819429761258,0.60100620270210958,0.091076288408003248,0.089656897667292984,-0.03239649922032866,0.99544568286719892,9.3901804039765402,12.918489195174782,-3.5918782467897321,,0.2074876232245705,0.4230769230769231,1,5
-0.52400668887873258,0.85068558165675368,-0.041845324370333052,-0.85170757048589063,-0.5231767470135672,0.029669947106850496,0.0033472955305178186,0.05118723029831828,0.99868346490117588,-0.80455945473689017,-17.780414182542376,-3.5640967019480221,,0.1195258466214556,0.391304347826087,1,5
0.54162471888628538,0.8311371175903266,0.12591169784812892,-0.83714900277893445,0.51970474085629847,0.1705535970823393,0.076316518772738956,-0.19778289636653029,0.97727054333346131,-14.261372267197894,-15.236491312074603,-5.1479628498174135,,0.3246516438038747,0.2564102564102564,0,4
0.96834597903107988,-0.23738397891011156,-0.077168072744780783,0.24328507401316232,0.96673078695044512,0.079018721355026925,0.055842973208365419,-0.095291301381484686,0.9938818492277004,-21.260651467935855,0.10541938502399399,-6.6734251026941127,,0.1679348292920234,0.4444444444444444,1,5
0.55024990140496099,-0.82085336909013162,-0.15305160063590548,0.83457212659935343,0.53478299682227304,0.13227438078941167,-0.026728477458784226,-0.20051656480991847,0.97932563314229981,2.2568947382446143,12.061442578995624,-4.3609267462331003,,0.1490263691657079,0.2307692307692308,0,4
-0.91529743342452941,-0.38442374234114218,-0.12020397119438304,0.3936594373640519,-0.9169533026056006,-0.065029902467245007,-0.085222389902460186,-0.10684113049342243,0.99061703856444971,-0.97580890580239565,-19.970002469306532,-3.5084305754947769,,0.1029628667982724,0.5,0,3
-0.99268470840088008,0.1070791900851677,-0.055777385720062266,-0.10664242361195074,-0.99423924084774018,-0.010757576152581582,-0.056607978176484233,-0.0047306457501996605,0.99838527523073839,-17.560102815284626,-2.0486567986549478,-6.0861931303390291,,0.07910170143602242,0.3809523809523809,0,3
0.9550993296723721,-0.2849226245303188,-0.081267265797123608,0.29301643690388696,0.94896891727287491,0.11661630140806854,0.043893486573017733,-0.13519279596451186,0.98984658900041778,-8.7098314575017,-9.7268689764226242,-4.7258269682625356,,0.1321652855915477,0.5569620253164557,0,4
-0.091800291607516793,-0.95713117968119743,-0.27472278999539357,0.99524083359669102,-0.097245929793121452,0.0062379708586598184,-0.03268622955522852,-0.2728426909791602,0.96150323783995251,9.584674101911185,-7.1056991107796836,-2.8813657591984874,,0.3939579770907322,0.1515151515151515,0,5
0.1280294900650483,-0.96315820374913175,-0.23650523086061143,0.99100627377949613,0.1148811547627574,0.068621320375337067,-0.038923193642903767,-0.24316372021977858,0.96920399821993897,7.2500165737083693,-19.562757641776098,-2.6426202395011527,,0.120682793589599,0.1363636363636364,0,1
-0.35249336087304323,0.90618773746053449,0.23360696696927605,-0.93558557123182962,-0.34676951947038887,-0.066562296152452724,0.020689839130301604,-0.24202207511389012,0.97005012536174084,-3.0530883785934702,-9.6465379650574672,-4.0775271386200007,,0.5692588750485152,0.3258928571428572,1,1
0.98018309073137144,-0.17487452687791996,-0.093059166628112006,0.19194802064987132,0.95455485236529736,0.22799340164676021,0.048959840817670304,-0.2413377999300732,0.96920534476034514,-27.580652781290361,8.7313451925192673,-7.8619437550254174,,0.3928629474138337,0.4210526315789473,0,5
-0.78655333261428051,-0.60962763633502737,-0.098427638242200174,0.61239563812491848,-0.79054711198177607,0.0026165134908042575,-0.079406784086396051,-0.058218628924438492,0.9951407708898351,-11.267676716922837,23.072242380200453,-6.2893672798230114,,0.1080974236890197,0.3846153846153846,0,2
-0.30986868925690253,0.94343614925500885,0.11793908468820623,-0.9504671834834012,-0.31055298183204244,-0.012999176756981839,0.024362441161372046,-0.11612526750931436,0.99293574500395076,-9.7572007090913822,1.259382358519241,-5.3200349890038172,,0.2149035652628284,0.2950513538748833,0,1
-0.23377440751450665,-0.9621020235052794,-0.14038953934779977,0.96962905903584662,-0.24136827211490119,0.039507532060669731,-0.071895857074655456,-0.12688992703643967,0.98930780455436973,9.4599459112316691,4.4718242481204316,-3.2893596963413954,,0.1766419497928362,0.2,0,5
0.83230010645453323,-0.50187320532120483,-0.23537166052095804,0.55308667040636506,0.78023068746996571,0.29212190836865709,0.03703603400168929,-0.37331402345848852,0.92696546433762106,7.4914115256132083,8.1433586537853522,-3.6163675564347932,,0.2717659190349831,0.3214285714285715,0,2
-0.15023458784270916,-0.97416757066425996,-0.16860341895058636,0.98694658994337525,-0.15778645829195956,0.032246894095777238,-0.058017214814879398,-0.16155797054238874,0.98515634542916608,6.9135853222666421,9.3100016029230197,-3.7350362918935707,,0.08910611545585276,0.15625,0,1
0.70939268341048345,0.70238811674275803,-0.058420494539469826,-0.69960221828559932,0.7117853908791768,0.06259627385752671,0.085549733451033436,-0.0035342311101335174,0.99632763301883687,2.5699057770588034,-13.43411342720111,-3.3786039786995392,,0.09236161345451885,0.3409090909090909,0,5
-0.99753042185257146,0.030400432198797643,-0.063315647361128588,-0.016053213016144478,-0.97629605894073979,-0.21584322933240122,-0.068376544446840617,-0.214293768035628,0.97437304414202841,-12.279105044194695,15.400358346672967,-6.1198555144867735,,0.460442568626897,0.3214285714285715,0,1
0.83892533722276896,-0.53099386466233367,-0.1193725020958471,0.54352223489705176,0.82871978750276509,0.13344322378407328,0.028068821460438067,-0.17683051063753485,0.98384099923183266,-4.4121890580183916,13.739612261504861,-5.136827197657464,0.4000398177691515,0.1891988141516776,0.6770833333333334,1,5
-0.60768878682104344,-0.78553415677461313,-0.11683504145746476,0.79078259456141387,-0.61209275891909398,0.0023114102906571969,-0.073329574597757838,-0.090986499104049129,0.99314864470032982,-1.2992174704085635,-14.440656441705128,-3.7750924360575326,,0.1468335567421542,0.1764705882352941,0,4
-0.79932817207245399,0.60074813324811205,0.013272291822352516,-0.60009813990954486,-0.79693684615110372,-0.069093311715651251,-0.030930499647004721,-0.063192908191034194,0.99752190980747202,-7.6797137099903203,-8.5482374321094508,-4.6610367417937129,,0.09921423449581061,0.3384615384615385,0,5
-0.79630369986931893,-0.56387251001622574,-0.21897079719094231,0.5978323853264641,-0.78879206932493073,-0.14284085698764606,-0.092178395675480335,-0.24465253691326511,0.96521929091403857,-6.8525849191151273,11.701398828644063,-5.3720254657765398,,0.1864548268915648,0.2916666666666667,0,5
-0.99754662904772518,0.014405195964434172,-0.068507030330815857,-0.016127693822629484,-0.99956586832973049,0.0246570955750284,-0.068122098965641031,0.025701462982850146,0.9973458850534539,-11.008015931167101,4.9475148650002687,-5.5845926908992247,0.5435466115591094,0.3226984823264186,0.9108061749571184,1,5
0.63833434968900904,-0.75427755383132244,-0.15360543542904467,0.76971167010852493,0.6276753036436189,0.11648029058444138,0.008555869672641837,-0.19258526678364335,0.98124294245208066,9.7035897927554302,6.6944567140901894,-3.3411058211672717,,0.2712359492787738,0.6721311475409836,1,5
-0.43919879205716383,-0.88163797483745265,-0.17268150561088397,0.89579286286579718,-0.44436784645370886,-0.0096106127166760615,-0.06826102763821526,-0.15890782977124346,0.98493082688235856,-5.2377465153898868,15.91081964714769,-5.3070359468425616,,0.2983264352671949,0.2608695652173913,0,2
-0.067970289575783729,-0.96983787725073045,-0.2340823179669542,0.99613142923630749,-0.079068244833385648,0.038345643124090396,-0.055697535157459434,-0.2305703894882557,0.97146028229085046,-10.934829123299656,-15.996497436743395,-4.7427227476755993,,0.2368013391267438,0.3939393939393939,1,4
0.95495961816949815,0.29507425852550051,-0.031357768115635731,-0.28935423098079976,0.94941405739190343,0.12201260852942553,0.065774285850002528,-0.10744361117475054,0.99203307088960124,11.756057879499544,4.2464493988171848,-3.0535738457889123,,0.3467346579297932,0.3846153846153846,1,7
0.4327803603414066,-0.89147855114494745,-0.13404160753761485,0.90139867803650586,0.42569934436789109,0.079123267366731032,-0.013475271307166872,-0.15506792399865749,0.98781190315259149,9.5430178556792935,-4.646682108349852,-2.9669944328801612,,0.07035910661374793,0.3125,0,1
0.27185016617697128,-0.94550909929004234,-0.17919271834895434,0.96208981489349277,0.26278423181718275,0.072990654103516864,-0.021924306779444493,-0.192242010674014,0.98110261140425814,0.98153254368117338,-19.804042411259694,-3.3091736768672613,,0.3239935063384664,0.5416666666666666,1,6
0.9475958820915622,-0.3001214316437959,-0.10949507071641322,0.31863057710526671,0.91270935585650836,0.2558049785785298,0.023164619070441431,-0.27728822189208785,0.96050749212239128,-15.755467466715114,-15.029542485400997,-5.3821759266756866,,0.2053153144288879,0.4,0,2
0.82418088504675346,-0.55456202038882974,-0.11483394213302198,0.56559675393030462,0.81631094089668355,0.11720392363685736,0.028743358659928733,-0.16154693842543483,0.98644635232652988,2.793322370124852,-8.4128502501645119,-3.5331560776575874,,0.1354923013216195,0.3644859813084112,0,5
-0.57351007631360651,0.81919467511305444,-0.0025053209729605031,-0.81919846941616781,-0.57350828364120698,0.0014547512240315427,-0.00024509787483207094,0.0028866695919570898,0.99999580352404371,-15.106072612163462,-1.203646202462604,-5.8532567455648161,,0.08429261192323736,0.3076923076923077,0,1
0.32806268716284875,-0.89846508051018548,-0.29177966412229095,0.94442003075778369,0.30504077378423006,0.12255991119687225,-0.021111105962452609,-0.31576989317055587,0.94860091491211307,-6.2156078265873065,-22.435925287655092,-3.9593696873059248,,0.4501398019872553,0.1739130434782609,0,4
-0.18539616214992247,0.98074988236389427,0.06130196818446515,-0.98261401576391338,-0.18565400056598066,-0.0015126460801719187,0.0098974281708275828,-0.060516611909923877,0.99811811956228347,0.54748777873438792,-25.995592986926773,-3.1119255243087167,,0.5454824040753656,0.4468085106382979,0,5
0.12891372149519018,0.97105313211843824,0.20108969892372053,-0.99003419545593918,0.11443693217989062,0.082076064605747193,0.056688131369557665,-0.20966640922242902,0.97612829720564986,-13.765204839312247,9.2060592478043297,-6.0768708494816703,,0.4472761314193255,0.36,0,1
0.28153041210828689,-0.94644034794595322,-0.15808635247256711,0.95925065797819531,0.27346541508082545,0.071097411507524869,-0.024058308887714201,-0.17166052118822889,0.98486235750933659,-12.401979577217457,-11.808835307482999,-5.075312173322688,,0.1464641806631145,0.3617021276595745,1,4
-0.0066485371790737874,0.99684440447525025,0.07910139202165431,-0.99862085994115934,-0.010738376976045511,0.051391296445030717,0.052078546866816129,-0.078650623178111556,0.99554101092317482,17.062207408298363,2.7762427321805792,-2.4469042160619803,,0.4153930215871533,0.4666666666666667,1,5
-0.65395294498490386,-0.74585660221750827,-0.12666283856808977,0.75220034213636944,-0.65892532793866687,-0.0034723897893956931,-0.080871447591227497,-0.097546610035791695,0.99193975010331414,-12.754463188593441,-18.064735082055428,-4.8806937442231293,,0.257691311256421,0.8817204301075269,1,3
0.64925515636878783,0.76049018981649774,-0.011064046339857993,-0.75636463923522546,0.64712415023719549,0.095618338692726457,0.079876620128235196,-0.053712246021341267,0.99535657941475164,4.1275587437887369,-8.7333919832379188,-3.3663093315765873,,0.1237150936880719,0.34375,1,5
-0.20446037377835266,-0.97046462563110669,-0.12804048560159034,0.97713221001494177,-0.21014439840440818,0.032434179048706074,-0.05838321424630933,-0.11848097829577592,0.9912384466294395,12.070925386171886,-16.046150920130437,-2.2897064045655262,,0.213571892442012,0.2631578947368421,1,5
-0.96570033333931427,0.25204314033446479,-0.062426930075720713,-0.25383187519810729,-0.96698720870235344,0.02247481567095953,-0.054701419741631306,0.037549881709166559,0.99779645272063255,-16.919382161233322,-17.858473145564751,-5.3637695581903788,,0.852177591535596,0.8734177215189873,0,1
0.18344001816468314,-0.9665331873705495,-0.17934145490395517,0.98242974222691215,0.17387181628875256,0.06782619765557997,-0.034373846507254488,-0.18863241824187296,0.98144599926053988,-4.2519286417569253,-8.0252908754907306,-4.2849862895605249,,0.4620730533161739,0.8774703557312253,1,5
0.42244434580837648,-0.89626889518091768,-0.13506606615175998,0.90627404147775348,0.41530289983941071,0.07868203815710785,-0.014426934466926234,-0.15564565177400619,0.98770759572139222,-11.9047702719187,-27.512460670980715,-4.3936230733281754,,0.2372653632664492,0.6296296296296297,0,1
0.22567706405221108,-0.93916696931577603,-0.25891169635031208,0.97388513141742961,0.21071052440874619,0.084550728603887168,-0.024851832222821096,-0.27123141162043368,0.9621932798484707,-16.280282676045655,6.9888842961328894,-6.3103893422049282,0.7844916021570409,0.3192655889201916,0.2184873949579832,1,5
0.89979682911325032,-0.41253433866150707,-0.14206014832758798,0.43138379328871007,0.88994709653505999,0.14799387911891193,0.065373459489205407,-0.19444686882007806,0.97873220341443945,-3.0870694024124399,11.368427617848564,-4.884135799369866,,0.300428304543981,0.6111111111111112,0,3
0.78455404788879357,0.61624190411153923,0.068708526096064745,-0.61434186588952555,0.75751680515791975,0.22079936983314652,0.084017960917205495,-0.21543956349826546,0.97289607704162939,-39.049862257336663,2.1449735565358705,-9.2934873686678472,,0.2613678447269197,0.1428571428571428,0,1
-0.31941691654459914,-0.9366843804452708,-0.14351029529270509,0.9449053155067979,-0.32627318611790157,0.026452840064368474,-0.071601523392582619,-0.12715415624481929,0.98929522509589085,-4.1514103887949707,-20.014300761746277,-3.8353282079595816,,0.1725406433821212,0.1818181818181818,0,4
0.19879001865636248,0.97949178608938037,0.032838536295616345,-0.97947611271266011,0.1974250438643039,0.040618920227815165,0.033302749254363141,-0.040239197787892554,0.99863493522582492,-33.308736784570783,3.5478621669935477,-8.4511265895961802,0.5011967376420394,0.4466340396239611,0.8636363636363636,1,5
-0.94141805755244512,0.33291426304114585,-0.05385289572484616,-0.33317769573499689,-0.94285436625994845,-0.0042740015521738695,-0.052198313946891617,0.013918961467037633,0.99853973307664645,10.187569048236014,2.9333446166794355,-3.1406544010396211,,0.1063911468487027,0.2173913043478261,0,4
-0.99738315020692714,0.019889977749181345,-0.069507125306999484,-0.01621711473854727,-0.99846218264459863,-0.053012027108386012,-0.070454644083003171,-0.051746097569966891,0.99617191513985981,-5.4028446299953643,6.6083261344090003,-4.9960891107243119,,0.1645551487148138,0.2053231939163498,1,4
-0.99730402240023763,-0.0011708556141620887,-0.073371084232397521,0.021466013400216435,-0.96078947743037002,-0.27644672240375384,-0.070170486481201735,-0.27727641290994676,0.9582243441234336,-27.574927620281578,10.799109405385414,-7.9208315590178691,,0.454255837049312,0.119047619047619,0,1
0.34425633195681732,0.93766670593030366,-0.047631150494719075,-0.9366322375388072,0.34649652950723309,0.051577191107019797,0.064866243229313919,0.026857096441277994,0.99753248912507042,-1.6878231556950771,-3.774063584648101,-4.1649874337798201,,0.2173350539714024,0.8032994923857868,1,5
-0.86562159947125761,-0.45130207934551286,-0.21685405162744176,0.49363364462276549,-0.84171424749698909,-0.21873031444457242,-0.083815699157531953,-0.29638414049842948,0.95138392346924827,12.516932125636879,-13.330048136876883,-2.3324363360326177,,0.7016213188268963,0.3103448275862069,0,1
-0.16369270159596311,-0.97645303167836905,-0.14051397215343811,0.98352939209610002,-0.17260033657522067,0.053656860672205937,-0.076646163160923944,-0.12941638513048775,0.98862367204739043,-4.0019984707341809,-12.712624321522645,-4.0856240191912843,,0.2492535742122711,0.2068965517241379,0,5
0.1079127548465071,0.99355555592063216,-0.034672678591080287,-0.99260072289532708,0.10963072434316515,0.052200662712903169,0.05566544933000183,0.028783008516060905,0.99803451652317754,-8.1617896484599157,20.272470393236418,-5.7987176676138388,,0.1780245116757261,0.7021276595744681,0,2
0.85235931875756432,-0.49155667754701926,-0.17848144017257667,0.52194087393409339,0.82088599029468401,0.23178419932090077,0.032577842839208913,-0.29072018109662068,0.95625334533223583,-1.0573053660343115,-10.909202039283198,-3.8262192752552906,,0.551982156440331,0.1208791208791209,1,5
0.01328291376005628,-0.98321095043408591,-0.18198843685395194,0.99899872577393256,0.0052729761066555155,0.044426812006241621,-0.042721307378194788,-0.18239633403520086,0.98229652713751248,-32.394979407475461,6.3075124181732338,-8.4054303745776764,,0.3033206512464252,0.3333333333333333,0,2
0.53312962230191596,-0.83100747184584223,-0.15874314964935832,0.84601686075577465,0.52247121725065782,0.10620404164418668,-0.0053176255190425211,-0.19091990174153647,0.9815912153120776,-0.17834568982557866,2.7136507485849637,-4.2637818706645287,,0.08792770358683405,0.2551020408163265,0,5
0.24750809715194586,0.95482317228034497,0.16447629470754363,-0.96678376280145806,0.23221025088074718,0.10680615791870489,0.063787912865038821,-0.18544839999956939,0.98058145664188612,-17.918746000386967,6.9770854736321501,-6.5322245511674915,,0.2261012739269438,0.1739130434782609,0,1
-0.25006038334330732,0.96822258088252511,-0.003852084031016596,-0.9676994555305295,-0.24978960358665292,0.034101579229431002,0.032055708510599454,0.012255113594196312,0.99941094838043398,-20.017858078134491,-13.035399494476602,-5.928959417368401,,0.1147196809487851,0.1818181818181818,0,2
0.5502963408659638,-0.80424344168696948,-0.22442465045762877,0.83496671971716785,0.52936036596801894,0.15036016728827192,-0.0021246633340531781,-0.27012976408700856,0.96282158075108282,-10.850776305231459,-22.813147581400699,-4.4527758334984764,,0.2621058870852959,0.2222222222222222,0,1
-0.76976201391986199,-0.61754890373272875,-0.16155430487778358,0.63335293299332163,-0.77043948230471171,-0.072712216131853857,-0.079564465653933492,-0.15829199475827357,0.98418145694818471,3.2153459315826689,-18.469459495041708,-3.1052124124465399,,0.1953251205451842,0.3043478260869565,1,3
-0.98272740870603037,-0.17302440804133409,-0.065645977789023341,0.18032219304563249,-0.97504626335665656,-0.12949398059151329,-0.041602246010818682,-0.13909471066926843,0.98940482846542022,-7.6006375536439066,1.0092563853440328,-5.0618017095075452,,0.3415960904733106,0.2635514018691589,0,3
-0.84558362399553511,0.52162562469445961,0.11355634060981515,-0.53282711287193141,-0.81154304812586187,-0.23977729005714182,-0.032918119921093232,-0.26325764699377596,0.96416378726861585,-12.968833273343872,-1.0153470650367686,-5.5809224334940231,,0.5981752712096464,0.3333333333333333,1,1
-0.63029808517482944,-0.77012395445259274,-0.098149980148970986,0.77470864000541884,-0.63214083510209096,-0.014982913514533177,-0.050505909811590741,-0.085481339336318574,0.9950588393152292,-6.7286953990597089,-18.191822364994106,-4.173643349600658,,0.3202326606708635,0.9186046511627907,1,5
-0.0075160609323387606,-0.99088985381134442,-0.1344648892528986,0.99866675631863511,-0.014305686199448537,0.049598963359923379,-0.051070722063404267,-0.13391282595814272,0.98967627858397567,-18.714053545782548,-1.119492952777783,-6.2555623010405492,,0.2808881247322292,0.9122807017543859,1,5
0.037149886758306126,-0.98194488308364491,-0.18548351004790942,0.99865760067631759,0.029776152753288432,0.042383691894808992,-0.036095464053898754,-0.18680906646375786,0.98173290163958249,-12.5671764900487,-21.310973719930772,-4.7066486053734975,,0.1486164233986374,0.2,0,2
-0.49853891321312888,-0.82794967335341829,-0.25682346155723607,0.86374446965093854,-0.49956681372898704,-0.066170157685220887,-0.073514917939774563,-0.25481824309620438,0.96419044790211061,0.73010910325767286,-13.072299013789243,-3.5677227509413867,,0.296158428868233,0.2745098039215687,0,4
-0.65002019110700116,0.73883226602577534,0.17776567113038594,-0.75987039376107557,-0.62935698983997268,-0.16280898017295381,-0.008410460071026778,-0.24090799492500761,0.97051151571869931,-9.5537352202451622,9.7175509771931772,-5.5691048978372173,,0.2806035498399185,0.2592592592592592,0,1
0.27377534974551232,-0.94872942851439312,-0.15798585171614679,0.96138987225171613,0.2651839026337815,0.073532382769410654,-0.027867030763114878,-0.17201735160928114,0.98469967977133899,-0.63817916617671888,9.4699012064146366,-4.560584198965751,,0.06847520810696429,0.2222222222222222,0,5
-0.70921628651720059,-0.67501339866919863,-0.2033941261585773,0.70060179487343455,-0.70697476110202107,-0.096663396303166754,-0.078545426085006226,-0.2110535448216854,0.97431361340141764,-8.0248809105832297,-23.407262099072891,-4.1335828768035707,,0.7066678485669595,0.6,0,5
-0.97261197334837857,-0.21174417085397215,-0.095866341375568612,0.21896203615034487,-0.97305468337827639,-0.072251019927037696,-0.07798446014603326,-0.091263296373547784,0.99276857056957946,-13.929333139450316,27.774415694799966,-6.7577491942604082,,0.1841562996130953,0.2941176470588235,0,1
0.96523656533604785,0.25716400904727821,-0.04674446907392129,-0.25057856193207451,0.96131318805646093,0.11439990720616149,0.074355613361230963,-0.098709811667616262,0.99233442741961775,11.433600364979807,2.3637531554511844,-3.0184561980838258,,0.2638454549153239,0.7906976744186046,1,5
0.34809747125026236,0.93745115907215126,-0.0036708123697898783,-0.9351020900473016,0.34749733492782309,0.069495923673475943,0.066424631714011806,-0.020758770973776191,0.99757548172021415,-19.013787872218195,0.27272411382777179,-6.3811385506887204,,0.1245896140131498,0.3478260869565217,1,5
0.59917481530701699,-0.7921352995953338,-0.1162377212303,0.80054720319486805,0.59083990903773331,0.10016175590092764,-0.010663777880112123,-0.15306818422942628,0.98815809201667215,-3.5299088046401583,-21.974010648654264,-3.6742638280042725,,0.1272444441432417,0.3529411764705883,0,5
0.85330459760119326,-0.51139426707116253,-0.10172102692862779,0.52099069026478106,0.84407959305028502,0.12687923885920915,0.020975327651620999,-0.16126234589269131,0.98668864969000902,-0.18250034788810504,-15.351777737116562,-3.6412897254006165,,0.1023531320611802,0.2307692307692308,1,5
-0.41978168464148619,0.90729140363881799,0.024609878558410993,-0.90740283892397,-0.42012461821968811,0.010742117039089045,0.020085446280232858,-0.017821729682191458,0.99963941538879864,-31.132789386072368,4.6299764049848964,-8.1375627279273441,,0.1478052515093546,0.4814814814814815,0,5
0.99126434649282502,-0.09815214309323271,-0.088097401654972984,0.11139611710750624,0.98067813555662342,0.16081448794979569,0.070610908969668609,-0.16922337677575694,0.98304503878870508,-2.1853011447491357,13.779175217132124,-4.8758017686186372,,0.1190391110003677,0.2352941176470588,0,2
0.93032555750090129,0.36082108624694692,-0.065593450741756987,-0.35530192490349666,0.93110020198319265,0.082540632580131806,0.090856475941497802,-0.053484180711979211,0.99442674098852601,-8.8567127752233965,-2.4411823006916191,-5.0154335278273781,,0.2068069041869109,0.7490196078431373,1,5
0.77136832735370253,-0.60820310341879047,-0.18729625876483341,0.6353745945366458,0.75263967212628324,0.17272130314189232,0.035916962189807139,-0.25223502717385005,0.96699920521873384,4.2786926525246418,-12.64079021415276,-3.2185872490208847,0.657030624481908,0.5429608841605076,0.3555555555555556,1,5
0.94675957113243514,-0.30630451285142446,-0.09911538667624481,0.32012946407015186,0.92832291400454003,0.18903357788572545,0.034109246595129372,-0.21069910474649103,0.97695570347674521,7.0512558514591577,3.4304971286519996,-3.5019990426859247,,0.1246371507463524,0.2173913043478261,1,4
-0.12288720154491414,-0.91350710120513801,-0.38781891617640957,0.99082193396689966,-0.13510572950111777,0.0042821753890523173,-0.056308355210851868,-0.38373326400477209,0.92172563771964788,-16.171649960012004,-19.783900968821641,-5.2219850112595996,,0.265601207196135,0.2222222222222222,0,1
-0.052101906201545915,-0.99047905819272208,-0.12742302245601,0.9972619150806733,-0.058309889771072126,0.045482188651320442,-0.052479177773610337,-0.12470441867289599,0.99080509882805012,-4.9010625726702823,11.624821957577867,-5.1181146844610712,,0.5035688715390946,0.5681818181818182,0,3
-0.83623368752348071,-0.50996033380977812,-0.20162757200219733,0.54188508333074126,-0.82484823628668869,-0.16120156189806065,-0.084105744836587226,-0.24406115019674565,0.9661057802591414,-9.2692395772708753,25.858694040850214,-6.1430630659835561,,0.3377189055738311,0.3461538461538461,0,1
0.96913838060512958,0.2456161622256523,0.021059441863682422,-0.24568548637642976,0.95532513905923844,0.16429400617619769,0.020234649046742915,-0.16439762630582425,0.9861865844975618,14.192970987647964,6.8943536426559406,-2.890964309877385,,0.316293585413196,0.2258064516129032,0,5
-0.8042049293241561,-0.58880835345063565,-0.080988607578362362,0.58819796380966194,-0.80801266970079655,0.033744347277145523,-0.085308774583265162,-0.02049996365226588,0.9961436465035346,0.48502654908996523,1.9822177194052784,-4.1573254887871585,,0.4217112866319409,0.954653937947494,1,5
-0.55031299019551694,-0.78347882916650391,-0.28864604114720227,0.83228882672202864,-0.54235459926148166,-0.11465948531885793,-0.066715228664351325,-0.30333547914446324,0.95054545675441593,4.9395307035454987,12.709760120334259,-4.0719469452866024,,0.08626516459682254,0.5,0,3
-0.86328350680191546,-0.48097426534761822,-0.15298804841263663,0.49686124237642343,-0.86314044218656027,-0.090097074792396814,-0.08871579739789956,-0.15379315048242187,0.98411237882507452,-9.6201933817046807,-16.873907632248304,-4.551561473430124,,0.2333628939396826,0.2727272727272727,0,2
0.13430272050130368,0.98804980690318933,0.075633050609632657,-0.98876842848200142,0.12856690154469375,0.076207261231658857,0.065572662773307963,-0.085018415097951466,0.9942193394774872,1.2239916902619825,-8.5715356062473145,-3.688040351018754,,0.08623190087086394,0.391304347826087,0,5
-0.38742348322931608,-0.91502180652058784,-0.11241947444399621,0.91941208262572383,-0.39244972832909325,0.025780478200571805,-0.067708691940497584,-0.093371860462460904,0.99332634552270171,-2.3112904669822854,-20.536327080736527,-3.617736846071073,,0.1354633012622493,0.6190476190476191,1,5
0.81073171802878041,0.58541337027496776,0.0022950567325033316,-0.5781703553537666,0.80007367778796867,0.1600035946500348,0.091832029119480726,-0.13104692294799175,0.98711376366336911,9.2513578255152797,8.0823695864273581,-3.4515791195480223,0.6536961676227704,0.4770328267268737,0.6538461538461539,1,6
-0.83645542722803634,0.54674860793023938,0.037527030086464616,-0.54405199570647444,-0.82018662239833562,-0.1769218200409817,-0.065952590764632835,-0.16840387217981895,0.98350922293910259,19.400015255306332,10.144568591413515,-2.5123860209961144,,0.3961726895728455,0.8148148148148148,0,4
-0.31181610819923461,-0.93984706801259987,-0.1394926643791812,0.94846090649859172,-0.31662218141905923,0.013126426676961346,-0.056503305313517549,-0.12821030762600932,0.99013609847691708,-6.4156337366917251,-11.719176559610398,-4.381979671951358,,0.1769275494395699,0.27,1,3
-0.81849247190291274,-0.56374473529158164,-0.11073367540763263,0.56922352976728663,-0.82184958986857204,-0.023405657267617268,-0.077811609657744113,-0.082189567853122161,0.99357447045432223,16.691172596915077,12.889369287806957,-2.8472568527248305,,0.239301253836751,0.1,0,5
-0.21229832602263993,-0.96765171443802311,-0.13630693420783963,0.97449102631829032,-0.22002744119911391,0.044217244876820043,-0.072778158764227691,-0.12344263714181519,0.98967936976697857,1.427856429976865,-21.341710720764375,-3.2037898238508915,,0.2111940993211693,0.3478260869565217,1,5
0.72748363525282134,0.68495930212232892,-0.039978930393800287,-0.68105221258318438,0.72795049034352399,0.0790946732983447,0.08327931420760433,-0.030312341458807235,0.99606511723902658,6.4824344128176588,7.5825284842334071,-3.7073454985136487,,0.08169909180420479,0.5,0,1
0.92659726723466918,-0.35533918107237278,-0.12309171681335115,0.36919068549149114,0.92182667260661622,0.11804161731074753,0.071524416107827934,-0.15482135532874491,0.98534999154341329,-18.440961405677509,-26.931155950314658,-5.2366523152089348,,0.3093216718320823,0.9215686274509803,0,2
0.98106947227991548,0.18944438285697371,-0.040168599233091767,-0.18056938359902161,0.96983268750647744,0.16376585709674901,0.069981342278336967,-0.15341246379582002,0.98568109837057272,-8.9692744935558633,-19.450839622106297,-4.4075497918795126,,0.1465066001791515,0.4117647058823529,1,6
-0.54015009670703584,-0.83422272090279725,-0.11095190380031095,0.83713442072935129,-0.54613011488005803,0.030787322898033688,-0.086277660245935625,-0.076251882275968394,0.99334878858931452,16.233998585675003,-17.890979988434708,-1.7966148422240344,,0.26556679687802,0.8064516129032258,1,4
-0.74725745438737834,-0.65230938159742213,-0.12688091874858048,0.66056745506062486,-0.74996321680049471,-0.03472478597461804,-0.072504718310081706,-0.10976176076504338,0.99130995238448649,-17.320747916592175,-16.21102052925708,-5.4629277647400079,,0.2755415232086158,0.7777777777777778,1,3
0.28208899991483544,-0.91015439499426853,-0.30338881554807734,0.95901661981470954,0.25870813099528717,0.1155734652768287,-0.026700543931106116,-0.32355691961313809,0.94583190933920203,-9.516462937336458,-22.928047429877477,-4.2999202610623612,,0.1685641920087359,0.3333333333333333,0,1
0.92170266637327902,0.38327663844311732,-0.059692656366873147,-0.37760328133495452,0.92177199220922357,0.088046330438669634,0.088769120337338414,-0.05861239461397337,0.99432621934260224,-3.9959738308556192,-17.713541553894377,-3.9035541631826653,,0.08093128117235342,0.1818181818181818,0,5
-0.099162298660675954,-0.99141841916129636,-0.085184251314708623,0.99353710634778347,-0.10339779574059757,0.046828561221321605,-0.055234561955394612,-0.079990086783939512,0.99526415045549288,7.8775651800588049,4.9142730940497241,-3.4801827399864056,,0.403250181304828,0.924812030075188,1,5
0.99748074079085791,0.0095698099161038944,-0.070289334109037371,0.002124192683860297,0.98638485074962079,0.16443969720566443,0.070905990979352934,-0.16417473907339822,0.98387956351040162,-16.818302641015293,8.4454282571211721,-6.455131712636601,,0.08649598216757474,0.3214285714285715,0,3
-0.45503736435195685,-0.88365550212258359,-0.10997249934465282,0.88736352161207277,-0.46028811802302672,0.026848257281258444,-0.074343645026625535,-0.085368624068245427,0.99357195032310053,-17.356332223113874,-18.506170124954167,-5.3862890327260518,,0.08679845460654798,0.3333333333333333,0,1
-0.025006469292451958,0.98699719774589301,0.15878037704729495,-0.99921138891951911,-0.029577574096319281,0.026490892097147951,0.030842774632831711,-0.15799271740283555,0.98695847151773142,-6.3875867807485252,-14.364364996515352,-4.3023572410116122,,0.3214669058985439,0.2978723404255319,1,4
0.42536087221979252,0.90465043495064756,-0.025994594207685667,-0.90213115694187496,0.42612100162665406,0.067677674660199735,0.072301480338455515,-0.0053369013764558897,0.99736854443308287,3.4939919654326648,-16.526971133797492,-3.1912606661391369,,0.4095179991672835,0.9380530973451328,1,5
-0.58236341766467037,0.81264381184091905,-0.021514758715502524,-0.81291866879703811,-0.58202176131682626,0.020344711227024397,0.00401094592042852,0.029337764576066471,0.99956150780354847,-20.602996532548971,8.2863090313228849,-6.920366921954181,0.1744866785447227,0.1499596418457993,0.5490196078431373,1,5
-0.91977335214855049,-0.38297509414553343,-0.085714980847219971,0.38373016422380585,-0.92340936040403476,0.0081433520728730908,-0.082268716667944289,-0.025401385443151767,0.99628641859426081,-11.601472361424918,-3.1026003337871004,-5.3360428500101458,,0.09777499350234173,0.5142857142857142,1,1
0.90718056944134928,-0.40475303531791329,-0.11488426710827426,0.41942539666471645,0.89155753963843742,0.17090198988455715,0.033252835378572237,-0.20322434380455551,0.97856737888838974,-5.4185701697611348,18.238000205810526,-5.4117404974747423,,0.1156099666247871,0.1333333333333333,0,3
0.93179267474982608,0.36284062126123034,0.010444847788778929,-0.35368801494485685,0.90106364385345616,0.25097628933805599,0.081652920137206583,-0.23755208542190762,0.96793688190127924,-12.139268895435411,6.2303799886477096,-5.7789652437844996,,0.2298350983727724,0.1333333333333333,1,1
-0.47366718217664766,0.86875399519390772,0.14458871450932054,-0.8804694299496334,-0.4709040404723609,-0.054981520449803291,0.020321994316541567,-0.15334888490441781,0.98796312484098792,-4.749414490123586,-14.042077978136888,-4.1586780079866736,,0.4029034849624223,0.25,0,2
0.86697207031961521,0.49764681700899305,0.026590878258116544,-0.49131854541831227,0.84457474569423685,0.21283699364431069,0.083459668186219263,-0.19758832064758403,0.97672582607910674,-11.408399532786587,16.897188459440354,-6.0837009855368658,,0.4600694315226003,0.4146341463414634,0,3
0.99922354197382224,0.034860146107373979,0.018359830572810102,-0.038003033709251004,0.97572873663120196,0.21565992196273343,-0.01039627790044516,-0.21619020034555519,0.97629591552990014,4.5158213111848662,6.5178437052515781,-3.899282718423366,,0.5510506324204917,0.7272727272727273,0,2
0.93636749588337576,0.34643076756689895,-0.056583000416264344,-0.33113052117132213,0.92524803251456256,0.1851179523351015,0.11648386412678105,-0.15460207505380227,0.98108598389088886,-2.9179794223736426,12.500720169996985,-4.9234756834129394,,0.1615024343614386,0.3888888888888889,0,2
0.49871922661006601,-0.86007205760721328,-0.10749506375993696,0.86672242695018231,0.49363678330247301,0.07151895407773777,-0.0084479364962061695,-0.12883626001278733,0.99162989591625073,-5.5419964961234722,-4.5383598330246278,-4.597770061178819,,0.2062509613525204,0.8003629764065335,1,5
0.95079953980661458,-0.29653952142600659,-0.089691400568659832,0.30498599046680069,0.94679436254034877,0.1027812272781459,0.054440616478116294,-0.1250789642356073,0.99065204384952088,-32.395704560734607,11.825331974103729,-8.6590664596974083,0.6965588906240137,0.3487379762243841,0.6944444444444444,1,5
-0.38175727007193533,-0.91099962942945434,-0.15601622328021145,0.92153831620826954,-0.38812090162026808,0.011370905218918153,-0.070912047687616581,-0.13943400196819858,0.98768904043118866,7.6353984790333636,10.13124766233895,-3.6794898788916788,,0.3560708860137167,0.6363636363636364,0,1
-0.83927044630483638,-0.52350959356667714,-0.14684285274719563,0.53496116727425302,-0.84333929954075704,-0.05094482661345473,-0.097168243103651922,-0.1213117112803177,0.98784705356567803,-4.8315241016241091,-15.270510253185289,-4.1210956869600777,,0.6959508634027785,0.5,1,4
-0.7064441541204437,-0.65122538294957599,-0.27720418054428581,0.70290003583410798,-0.69139562025375301,-0.16704381436718088,-0.082874584363724538,-0.31285395457961873,0.9461787391240799,-6.2518346549831758,17.440193998198133,-5.4711975415781291,,0.0882517345681102,0.4,0,1
0.34299297228286141,0.93892508987247003,-0.027847739092119676,-0.93678428917946388,0.34409470271660514,0.063514022931145234,0.06921716919302015,0.0043024609638711887,0.99759233774050193,12.621182097677815,-15.245579749997018,-2.2434574329586066,,0.1057164498662174,0.625,1,4
