axis_00,axis_01,axis_02,axis_10,axis_11,axis_12,axis_20,axis_21,axis_22,location_x,location_y,location_z,dbh,dbh_approximation,score,reconstructed,number_clusters
0.79566621803468418,-0.5534479488983679,-0.2461922771708577,0.60248978533967434,0.76510576730134783,0.22719864304957729,0.062620508140194223,-0.32910261728282492,0.94221554819364906,-0.2995313100020256,-37.309557489959644,-0.86314090440119262,,0.479396910671556,0.2666666666666667,0,4
0.905927956574334,0.42094482113023474,-0.045825703057181984,-0.41012749852854608,0.89922542461527055,0.15227958062787902,0.10530893811907754,-0.11915994834305711,0.98727449793008981,-6.4376138491546522,-24.443161960170499,-1.5907438603730688,,0.1205882354282749,0.3181818181818182,0,3
-0.9735765842930264,-0.18840838119159994,-0.12903842998535067,0.20561854276162275,-0.96907758533577892,-0.13641718539965186,-0.099346109077860817,-0.15934527133409707,0.98221150223083464,-11.928436035809433,-24.728337964374351,-2.0642127306700737,,0.4024510723909233,0.625,0,5
0.98151369313786796,-0.12175237278376855,-0.14767271211833818,0.14897730383536512,0.97039138680474679,0.19012185397030557,0.12015254106679846,-0.20860708553805904,0.97059077408478833,4.7496761555948472,-30.109712509131295,-0.57500659662563114,,0.3503332851113929,0.391304347826087,0,4
-0.20657965497952732,0.97672547253386255,0.057725189060254152,-0.97841379471737711,-0.20655375366740525,-0.0064802123921282153,0.0055939659707349041,-0.057817801319381176,0.99831147914631868,-15.827824494231779,8.9335187484023653,-2.9446080785495301,,0.09225341117161182,0.3809523809523809,0,2
0.96549466470669898,-0.2268865934327092,-0.12783789009287999,0.24604999035300595,0.95556194912457437,0.16235998162272094,0.085319720288949102,-0.18821220764271657,0.97841540780185499,6.3848323845630084,-26.293857496846325,-0.4943186113217089,,0.1053535612434512,0.2222222222222222,0,5
0.79820162002122264,0.6011574393667426,-0.038521512035718727,-0.59524148587593473,0.79693723601308553,0.10285239592753311,0.092529710297320641,-0.059167346990092143,0.99395044029491164,10.076443024389974,-29.156837879283962,-0.15255248218438291,,0.1307336271933704,0.1111111111111111,0,2
0.77909255623767582,-0.61493412273574588,-0.12194594503411363,0.62432254644321417,0.77870916504160792,0.061914410946590517,0.056887141057582323,-0.12437065962445118,0.99060375135917689,-11.03588408042293,19.70471247936737,-2.4612014506763722,,0.09768283600677047,0.3076923076923077,0,6
-0.3190258557192116,0.94760244494648638,-0.016495748363308624,-0.94773347599461644,-0.31906283133047258,0.00041005187955559164,-0.0048746140140904955,0.01576439008725548,0.99986385180352944,9.0426025644820047,12.479422472379161,-0.7497620670256272,0.4910453619069683,0.3334137085549376,0.5365853658536586,1,5
-0.9803271853051243,-0.16798080486014269,-0.10363908022688254,0.17202231336147439,-0.98459532279648698,-0.031310925138862293,-0.096782919244576493,-0.04852318544596404,0.99412200811403306,-2.5129322338464162,14.066064262228581,-1.6848989035661361,,0.08920260504490436,0.3469387755102041,0,5
-0.96035576809540402,-0.23638290634107784,-0.14778335588161332,0.26067588557160559,-0.94934483981800988,-0.17547779857399634,-0.098817414291942657,-0.20704467320040426,0.97332811627528371,-4.8052331174533114,-29.799929138998046,-1.3653589375682091,,0.2602657977979247,0.25,0,1
-0.49019729406808432,-0.8269823670488422,-0.27533030613904913,0.86829105422856567,-0.49087256395615819,-0.071517627909166062,-0.076008276095268487,-0.27412458945778995,0.95868579389684505,-5.7508997125482644,9.9239085676231245,-1.9473693915432635,,0.1472183211182374,0.3076923076923077,0,3
-0.69024063149800319,0.72125227831939798,0.057991565320451563,-0.7220580377392557,-0.68137790295450085,-0.11981795984518957,-0.046904805354826822,-0.12457650012905921,0.99110071882237138,-10.732579843944816,11.21399482357786,-2.4113610822658007,,0.2494705926819979,0.2424242424242424,0,2
-0.31539388423947945,0.93695020427034259,0.15050253320824117,-0.94895975752669426,-0.31116087679968657,-0.051519776242999402,-0.0014409646811903967,-0.15906986976487422,0.98726627621618601,-3.8328967588760334,8.9025858130194369,-1.7392143885490212,,0.1429419836342082,0.2456140350877193,0,4
0.48533339505902279,0.86964063872979325,0.090424858916775389,-0.87156682419265297,0.47299110165835262,0.12903754770899303,0.069446141773428241,-0.14143753823385891,0.98750830688715219,-11.303832831963515,14.563717797812394,-2.4532155163812557,,0.1101954917900056,0.3636363636363636,0,2
-0.69334992148191732,-0.68188728478797789,-0.23301419962203679,0.70892049761747378,-0.70345071212760935,-0.050880484126560439,-0.12921924949020855,-0.20046652202210427,0.97114136927099781,16.183306636778159,4.2912204426866376,-0.22614098213756051,,0.6172853028831412,0.5737704918032787,0,2
0.25325438272730366,0.96159379368877274,0.10582813221751436,-0.96610722145974781,0.24574515074175504,0.079032635855318945,0.049990541832828,-0.12225668417778808,0.99123874465292894,-18.300424802072147,-23.974850379540538,-2.6847866604075756,,0.4067209220861835,0.125,0,5
0.85647165544268578,-0.48526029662334902,-0.17600780648677097,0.5159894678696032,0.81442607103793063,0.26545252656805413,0.014531774527193942,-0.31817073928118977,0.94792204753046627,-8.9951055882171751,21.900823172432037,-2.2498382202647718,,0.601643611913662,0.2727272727272727,0,3
-0.87130522792866794,0.48536568847378891,0.072438582513302888,-0.49071816668787055,-0.86315843557964389,-0.11896720543997379,0.0047833739836139486,-0.13920367646030909,0.99025221827232812,-10.075406637848763,-21.682971976847192,-1.9423864237459425,,0.5391958172887849,0.3571428571428572,0,4
-0.97539194691910425,0.21396847470701638,-0.053179335431287035,-0.20214819366623196,-0.9641846215104185,-0.17170941570074666,-0.088015099175312805,-0.15673387468688757,0.9837112558280483,10.042813621618665,5.1678735240430909,-0.62970915888211165,,0.07536060722492169,0.2258064516129032,0,1
-0.33317353300611663,-0.89111228909087215,-0.30808162089850238,0.9406801590208409,-0.33638996630558077,-0.044301568747128581,-0.064157893736845495,-0.30456637831539568,0.95032788334926566,-6.4469237504267065,30.487239829991431,-2.0827865963711361,,0.4974651178604397,0.3529411764705883,0,3
0.43674640719210983,0.89774313769318093,0.057531161378735353,-0.8971943964509288,0.43003528012995568,0.10055780835223195,0.065534653289976097,-0.095534897123265447,0.99326647615320707,-27.396075249460239,-16.735297989677807,-3.6812047454768875,,0.4200583270799761,0.2380952380952381,0,1
0.66828934846573274,0.74144986276565128,0.060344409285735215,-0.73919823404152341,0.65276845679082807,0.16576885295137761,0.083518366346214845,-0.15538803951308225,0.98431663587442297,-13.644644166821186,5.482103676414968,-2.6873172749874557,,0.1896071495710676,0.3181818181818182,0,1
0.3773501444923319,0.92197275998835138,0.087023550209575376,-0.92290930609136879,0.36663985727222698,0.11753139065521945,0.076454438599500574,-0.12466533158365835,0.98924884327431595,-11.056850790830257,22.029273579152708,-2.4649064997464856,,0.2912532207721362,0.3157894736842105,0,4
0.38078386766197186,0.92460517526532504,-0.010436282909469756,-0.92023419490449365,0.38003894026505652,0.093484920766349108,0.09040283544705649,-0.025993725296491955,0.99556599660110034,-0.61255110598272933,13.764301167396249,-1.496775566364551,,0.3028356793220679,0.5833333333333334,0,4
0.15659295670614831,0.98752941375908698,-0.016257394337923763,-0.9844863976851842,0.15738729411357349,0.077561410665711553,0.079152881709221135,0.0038596129650465246,0.99685501689307077,-0.82235677406978025,-25.26689518154252,-1.0820502248511907,,0.1738318360893048,0.3181818181818182,0,4
-0.6980395763678201,0.71173819880823885,-0.078546076804885526,-0.71449954965161855,-0.69955198815443109,0.010835562598127971,-0.047234980383922778,0.063684788029696363,0.99685159597692585,-4.8078741543338568,13.033758353436754,-1.8894330957825829,,0.07083055674146789,0.3421052631578947,0,5
0.92529135949261176,-0.35615127489498533,-0.13035401581458966,0.3718894374745097,0.91945818597651263,0.12765144157303046,0.074391843257218759,-0.16659205752813219,0.98321561217534381,-14.482486066744677,-22.456462304936753,-2.3312543306127851,0.7191901200884012,0.5572129833616609,0.6557377049180327,1,3
-0.77090294578711183,-0.59874889832038991,-0.21727495239183575,0.63134944702706908,-0.76343674228439751,-0.13624322467118272,-0.084300201158532498,-0.24220672428796816,0.96655541941180223,13.03635813205223,9.3218833899533671,-0.46136206530045754,0.4562088645383572,0.2864028470285604,0.2692307692307692,1,5
0.084968834983333782,0.994354837961824,-0.063551186483733924,-0.99584784254819247,0.086841589037182212,0.027305913381686694,0.032670653095492407,0.060967160303006529,0.99760494876023054,13.292829193676004,12.818904136563088,-0.45466089753041417,,0.08793851042282359,0.4166666666666667,0,5
-0.26117359417878533,0.96513508818056326,-0.017395840492238988,-0.96529170193117153,-0.26112119331776701,0.0052585723469067624,0.00053281005763674628,0.018165460715367374,0.9998348524383619,-25.610064879867195,-20.746711949105457,-3.4114931302555713,,0.1142931464129724,0.5,0,1
-0.47341596397474273,0.86663723848732965,0.1575348276443056,-0.88051854637704829,-0.46078991268871117,-0.1111743938610905,-0.023757410210627487,-0.19134407028017861,0.98123546217444613,-7.8983845318559833,10.151037430131408,-2.1431712587235832,,0.1092872706122004,0.2121212121212121,0,2
-0.14627207771407585,0.98817923342576375,-0.045894246995427594,-0.9889618791870225,-0.14496415960337924,0.030656058868670812,0.023640659806376123,0.049871786177716926,0.99847580048159568,0.99088181446776757,16.319556231872696,-1.3645967379266801,,0.1084497229416748,0.6190476190476191,1,5
-0.86269414540333789,0.50393509102623224,0.042523352633433237,-0.50066955503080168,-0.83918347837071106,-0.21237016338199127,-0.071335882640250745,-0.20450064464939308,0.97626363149813133,8.8228936375546159,-23.030941259768195,-0.3377997431268055,,0.4113571253033062,0.2083333333333333,0,3
0.9771765068532936,-0.17176781583508877,-0.12498756697063232,0.19639679876664559,0.9547381421019272,0.22339063868026013,0.080959075391267912,-0.24283924200796669,0.9666823318199147,3.1899216602031437,-27.007529511487341,-0.73740843336545792,,0.1983698384436025,0.2173913043478261,0,3
-0.66531896555311398,-0.73692142386789505,-0.11957210845279728,0.7411280913300643,-0.67123654573294633,0.013063380648127551,-0.089887854111607338,-0.079926933614494308,0.99273957257993617,-5.2715420100665602,14.083765410842151,-1.935364306380976,0.2016926575229309,0.2261097307435365,0.7857142857142857,1,5
-0.96651418497034081,-0.22203437195267753,-0.12865095383516781,0.23635447165083462,-0.96549527681083802,-0.10934090811136968,-0.099934448423820252,-0.13608676690826438,0.98564369723074041,-14.339296917471538,-25.328024330621439,-2.2712216627823132,,0.3695444047036813,0.28,0,3
0.53533993645402322,0.84455502435289009,-0.011745777015206215,-0.84023949924368624,0.5339185910499632,0.094490856922462951,0.086074016684022106,-0.040715463542872705,0.99545643535032058,-0.60106762891345322,-23.532400711030753,-1.0463519662958796,0.3245236492912695,0.213578848191807,0.3243243243243243,1,5
0.60124743450358953,-0.73178273588004383,-0.32092919775360534,0.79792240474021492,0.57128807379320357,0.1922232367723698,0.042677377103653096,-0.37165032518426766,0.92739132909143773,3.8247825143455945,21.30623478001905,-1.143459551864485,,0.3325968127967643,0.1538461538461539,0,2
0.30629951079808743,-0.88305637732314302,-0.35551658773365186,0.95000048276092286,0.30735780476274943,0.055047821078019706,0.06066046850186995,-0.35460205064318329,0.93304753000090168,-0.39083230333249863,-33.426827027041142,-0.93521181679812537,,0.3684746371159274,0.35,0,4
-0.96796192560865457,-0.21599675725763456,-0.12804339665196712,0.22911189127756384,-0.96841576669463658,-0.098380100083595948,-0.10274946154216187,-0.12456445589102508,0.98687701588463883,6.6541839309400359,9.6282830897721112,-0.91539746588328907,0.1398851788763334,0.1701111407127789,0.1230769230769231,1,5
-0.90560226842355684,-0.41211853295829654,-0.10021400210754443,0.41418681777156735,-0.91019187329234297,0.00018378476411210778,-0.091289711415754551,-0.041340882729795358,0.99496588886491533,-0.50354869341477382,11.012558974605998,-1.4794367858247979,,0.07229561573344243,0.2258064516129032,0,5
-0.57112484028411303,0.81798204050216572,0.068715342001329796,-0.82086020336261445,-0.56934488051000864,-0.045110238001274311,0.0022233636531307759,-0.082169267082999264,0.99661590806143019,1.8546811248592774,22.187868544758519,-1.331290393759945,,0.3071158041595944,0.4736842105263158,0,5
-0.45776721927812553,0.88882432667309896,0.020987836203059551,-0.88874886115345353,-0.45683678966424535,-0.037757243115826407,-0.02397154047645212,-0.035936943712284383,0.99906651496474841,-14.502741721525565,12.395290094856266,-2.7821439263605185,0.1323795502454852,0.179404274917683,0.3947368421052632,1,5
0.87961165974126876,-0.45689022461643536,-0.13241846811209224,0.47071557793761137,0.87616688200964687,0.10372289793653897,0.06863069819017284,-0.15356730615412995,0.98575195142920846,-2.6059280780862388,17.988592374821636,-1.6919384052437543,,0.1421367946064898,0.1666666666666667,0,3
0.093425420746166832,0.99451400704469783,-0.047048704023588586,-0.99496775074513066,0.094977763744849314,0.031912370190914002,0.036205879848113402,0.043830516605729779,0.99838270221318315,-10.023570218351708,13.54191837937837,-2.3199331696910623,,0.07537414566752884,0.3793103448275862,0,5
0.16774436653970845,-0.97383680794963667,-0.15330916142440376,0.98577962913260786,0.16411477625106799,0.036122887526325913,-0.010017498758156076,-0.15718845917726856,0.98751781655831716,-13.73286390840852,-27.891873631522039,-2.1749480755735338,,0.08146352154821959,0.3,0,1
0.48327365528502497,0.87404306079740413,-0.049952997701398175,-0.8724081838268265,0.48556662717587734,0.055937566670533838,0.073147350597464494,0.016546251688763742,0.99718387805641129,-12.860997560181666,-22.376154946153029,-2.1948857805454933,,0.1306984870939582,0.5609756097560976,0,2
-0.30092908033128862,0.95363457068041291,-0.0047743286595354102,-0.95364207675420276,-0.300939192122259,-0.0015466378804239642,-0.002911709960822911,0.004087572383024948,0.99998740676926401,-9.5393851578775166,14.374722075012491,-2.2886536894449594,,0.08207873414232622,0.2777777777777778,0,5
-0.98987523274133571,0.12848107143211604,-0.060329411475188423,-0.10818436126816626,-0.9580761680406954,-0.26530397699517555,-0.09188671058584047,-0.25609113712917358,0.96227551247114318,-5.6763806992707568,-28.167531274260419,-1.4450184955097858,,0.4362283736058544,0.1333333333333333,0,1
-0.33572297885950447,0.93901224317621257,0.074472066111251914,-0.94112418673543385,-0.33770618625168408,0.015485377260873023,0.039690636266876432,-0.064888665670675888,0.99710286052152619,12.55874648480953,5.3833184787667792,-0.45039527405942947,,0.3486172978498742,0.2647058823529412,0,5
-0.87458729201140051,0.48385653017051561,-0.03130378353353367,-0.48153584662864546,-0.87432072209434386,-0.06071658198596909,-0.056747661306868827,-0.03802805711279688,0.9976640565884024,-13.524534555670131,7.9982088076940396,-2.6881705719876243,,0.1625484030885229,0.4459459459459459,0,5
-0.30805700616676451,-0.93337098916516681,-0.1841724125280701,0.95001457177245285,-0.31212160620835389,-0.0072399142206358647,-0.050726663319942904,-0.17719678191986715,0.98286728814508317,3.1505179569319908,17.741775253000881,-1.2059203102046467,,0.08451262629240011,0.2,0,4
-0.83102001273592374,-0.54167150082773241,-0.12648210791814379,0.54820134649514896,-0.83607643101262052,-0.021248181242270698,-0.094239175151794335,-0.086995325714838201,0.99174129246012466,-8.3725480672409311,7.3395362858508548,-2.1819148172176996,,0.07583479447594879,0.343065693430657,0,5
0.80725127167168542,0.58353381004777016,-0.088508061302796301,-0.58247612132861892,0.81186108485144171,0.040039317998790312,0.095220546450934446,0.019232041882577947,0.99527040350781681,-4.9592958102005493,-24.48306818738558,-1.417689005325659,0.4095827089353036,0.3279372040059187,0.7846153846153846,1,3
-0.97975585265088527,0.19144427780736356,-0.058545347305776117,-0.18468235113380321,-0.97719579488589914,-0.10478934887194606,-0.077271588414032491,-0.091855685464388839,0.99276967856187071,-3.2190570919681982,-26.702296322608191,-1.2697015934136378,,0.2537220725994975,0.2666666666666667,0,5
0.086417168457426544,0.99337720653025263,0.075721849831825325,-0.99559367121840248,0.083332259641688333,0.042999724799988571,0.036404873652647635,-0.079104108927179007,0.99620139787352868,2.7946910800352232,15.203141759595818,-1.2375115990967309,,0.1100996151343074,0.25,0,3
0.8751312933573705,0.48065332497434093,0.055835477769656458,-0.47420464144528629,0.82892818042931171,0.29666147326860182,0.096307722527337367,-0.28609518150654073,0.95334902826841761,-19.278982235038335,-23.358312804025843,-2.7905337380104598,,0.5958638793974251,0.3548387096774194,0,1
-0.91587402173064558,0.40130819041226395,0.011247783202326306,-0.39298745005456631,-0.89045282796537373,-0.22946595666476993,-0.082070947469504926,-0.21458214622028182,0.97325169514620158,25.457518495969513,3.7698989310508617,0.28340281101170672,,0.2203250411257536,0.3181818181818182,0,3
-0.46725687313140934,0.88401680857755249,-0.013612371719030512,-0.88357663227949068,-0.46745401153852284,-0.02791204016507098,-0.031037870434228867,-0.0010145190494118092,0.99951769436564086,2.3370644566221239,-25.98894654092997,-0.83727728425671366,0.3876255469204818,0.2823090509908276,0.3461538461538461,1,5
0.4849476184865873,0.87452001603657736,-0.0063677999003747361,-0.87177914435137394,0.48398053830134891,0.075920761452466609,0.069476116746498937,-0.031266277311512561,0.99709352074161328,-16.689419018846937,15.206833108765942,-3.000331832608397,,0.1009907069820591,0.2857142857142857,0,1
0.98083445394024993,0.17533177085507057,-0.08498555225776723,-0.16421480850381104,0.97863061360493986,0.12375628785349169,0.10486787225737597,-0.10742854482885196,0.98866669668001195,-21.726797222759625,-21.870612063442387,-3.0325823808179555,,0.2087683118006346,0.5853658536585366,0,2
0.88133493149323539,0.46771598952932619,-0.067011130929249582,-0.46069211928365339,0.88213625643246385,0.097971405610282516,0.1049357410978262,-0.055474122128443971,0.99293056756972098,-2.6394017541899513,-23.349784197658568,-1.2185528402751387,0.603811393082597,0.3806338737694754,0.8666666666666667,1,5
-0.99257466083571211,-0.058907238722403742,-0.10642123797895406,0.0734113463802787,-0.98771214945077701,-0.13796914165841967,-0.096986168547407714,-0.14475720035089126,0.98470251145057308,-19.547445178076426,7.2941950778852549,-3.319650071218966,,0.2744442152586721,0.6818181818181818,1,2
-0.78813312452112705,-0.60051930195940961,-0.13499165161871879,0.60710815811544661,-0.79455768049589703,-0.0098882108923304818,-0.10132059209378959,-0.089747759521698625,0.99079739466684114,3.9689449079434769,11.005520901055069,-1.1222561246163822,0.5793273953928789,0.4349594547231208,0.2,1,5
0.98798348263717517,0.08845451777747658,-0.12674555740093071,-0.056531561815016264,0.97003149868301863,0.23631139219583147,0.14384999323904574,-0.22630662793548759,0.96337557037616206,-6.8498154314528819,-23.467156185841205,-1.6207965838097267,,0.1953827105425679,0.3214285714285715,0,2
0.58907425918937739,0.80789088006989873,0.017431094640654725,-0.79511752531418112,0.57564278041000316,0.19084944406545837,0.14415144154235762,-0.12628426371375906,0.98146454171280928,-11.606320354664641,-22.59309693756347,-2.081930861918083,,0.279372004804071,0.2380952380952381,0,3
0.98130332828112399,-0.16603466048367407,-0.097346132036456617,0.17054312724500589,0.98454100187924154,0.039925647998666013,0.089212216954192722,-0.055780885047574121,0.99444943220328064,-2.1083228854968712,16.201175480065412,-1.6648082842267755,0.1766079611145925,0.1721827039063882,0.6756756756756757,1,5
0.98811357586998383,0.1301406199594824,-0.081822858774269216,-0.11867736050474202,0.98411079686356484,0.13206673918964554,0.097710006064168811,-0.12078641700588666,0.98785798381235912,-8.0105159589050405,-24.505828515391627,-1.7214996114439136,,0.08258918435384668,0.125,0,4
-0.99410502127095057,0.053908338043181923,-0.094069643208128828,-0.04920545902994132,-0.99745395883067001,-0.051618047373730651,-0.096612781170688819,-0.046685020107588668,0.99422657347911314,-12.969184554682261,-28.701050298385734,-2.0924584525317891,,0.1995144638355674,0.6666666666666666,0,3
-0.16627433457617194,-0.93537371893544552,-0.31213595048652831,0.98516097585566353,-0.17123706623146462,-0.01164984118178162,-0.042552289155472336,-0.30944122717136158,0.9499660149785959,18.949778722196619,14.209000301860486,-0.098085697078944989,,0.3813856739527871,0.1538461538461539,0,5
-0.76608656511477968,-0.6102679358035269,-0.20170379590067603,0.63364315286898742,-0.76969805624024989,-0.077854075309075482,-0.10773917380826854,-0.18745119031386392,0.9763474390180108,4.5461187888282195,19.460171962656819,-1.1114899218321737,,0.2635951481028144,0.25,0,5
-0.014479728949864998,-0.95728768192943414,-0.28877436083508029,0.99911889432433432,-0.02522989914797014,0.033539337994413151,-0.039392543122508158,-0.28803427958344457,0.95680953242073608,21.380771061674999,4.1362332139849114,0.078352326674933831,,0.5040810524142723,0.2790697674418605,0,2
0.59091744952628189,0.80251527127834676,0.082376011134290508,-0.80198196448924741,0.57330310134163676,0.16777509536886068,0.08741565351424975,-0.16520530668566222,0.98237758024273669,-7.0029511325106979,-26.745806171441355,-1.5812444305308797,0.6917931838557937,0.63861800802896,0.8392857142857143,1,5
-0.089957422413393079,-0.97935394636243145,-0.18103455442834826,0.9954339913485406,-0.094238970085014986,0.015171861627041199,-0.031919132517234647,-0.17884312752143394,0.98335970261024019,14.905056575850059,8.7727247380491509,-0.31448413298162736,0.1881809073088044,0.1551047281152945,0.4571428571428571,1,5
0.64317018774834189,0.76177126836323394,0.077695844728233723,-0.76135591271094394,0.62537962741674824,0.1709897534713011,0.0816656829509773,-0.16912970262009153,0.98220459168128071,-9.9730231841950605,11.785180292569324,-2.3407929279859423,0.506905920474185,0.2341740482300466,0.34375,1,5
0.57373829492249528,-0.801249195161717,-0.16977660672816219,0.81868783804908563,0.56710294053893406,0.090246765385851899,0.023970664778900821,-0.19077206840833805,0.98134164547585701,-7.5721805051815299,26.683269861391011,-2.162340437152237,,0.1124023592415105,0.5,0,2
-0.7498766015741255,0.65802669351462539,-0.068454021312493493,-0.65929410945925271,-0.75186683629127948,-0.0052476392477982699,-0.054921395138626553,0.041196251134699081,0.99764047093553476,9.0609488926454613,7.0307362230924983,-0.69905332432094092,,0.09263915624057724,0.3333333333333333,0,5
-0.99476065634055022,0.06729751151812341,-0.076956361273034915,-0.039806865409821993,-0.94833761204398681,-0.31475575776934311,-0.094162891115142283,-0.31004325266997362,0.94604784837272415,5.7057613114963717,20.717472343293259,-1.0336474035226704,,0.4235474605290128,0.1428571428571428,0,1
-0.79208237923926728,-0.59446806532727814,-0.13861177368718042,0.60371721240320497,-0.79647201330136852,-0.034027334244250571,-0.090172234899477913,-0.11063476548404418,0.98976205055534716,2.3602843311964015,-29.360564971662562,-0.79215427774569824,0.4029407096262679,0.3664660752928362,0.8947368421052632,1,5
0.58356270176440972,-0.76896954508903481,-0.26103718477447801,0.8113392589995525,0.56571137491937318,0.147306643071143,0.034397382392842735,-0.29775237868469617,0.95402323927256905,-13.755280806968665,-20.264042490269762,-2.3290255794482269,,0.5800011166744413,0.3508771929824561,0,1
-0.95793551452407844,-0.26108895337694327,-0.11913063601786543,0.26937554776206962,-0.96119620373839787,-0.059486739587720446,-0.098976584510548388,-0.089075340826879096,0.99109495981727269,7.4139806088598217,12.173073511199213,-0.87367590399134976,,0.07737484055245805,0.2758620689655172,0,5
-0.9894011649085428,-0.054392248418362009,-0.13463587259573448,0.07763607486654775,-0.98169360293609242,-0.17392616201615727,-0.12271093984211617,-0.18253534799142329,0.97551159499860152,1.9010481954857739,20.915774539426046,-1.3198276161761024,,0.362993650492117,0.2777777777777778,0,4
0.042469775055254705,-0.98503241656385343,-0.16705524991789619,0.99904609912939446,0.040169499302115649,0.017126095298040617,-0.010159233292740093,-0.16762323718444294,0.9857987828835616,-7.7606923767482785,7.9439570115171909,-2.1082173173663583,,0.1106376244264048,0.3535353535353535,0,4
-0.401202706577239,0.91425895130307766,-0.056275733645114089,-0.91594539129950958,-0.40102713692931069,0.014875335406964932,-0.0089681877928432831,0.057513523700759531,0.99830444564733645,9.2304004517886504,14.171494793041846,-0.76010387095609511,0.206173129949724,0.1205807497983363,0.1333333333333333,1,5
0.24083870023868623,-0.965249949424131,-0.10143596799979077,0.97055875020992954,0.23913850079779761,0.028783499216101033,-0.0035260258481476874,-0.10538174686773823,0.99442559026245103,0.63817554743972948,-5.3574105814490913,-1.2184902103776023,0.3890236103446656,0.3466974997486872,0.9591503267973857,1,5
0.83501842828376771,0.54679431885575136,-0.061320447597697739,-0.54179258915154482,0.83653691484735526,0.081650354794914864,0.095942768184852811,-0.034956586857773517,0.99477284958340295,3.2207425122078415,-24.276710042278975,-0.77696119513335415,0.1487108935293821,0.1687351295080003,0.2857142857142857,1,5
-0.8664222963480892,-0.47205777078884475,-0.16270791446260258,0.48554814584016498,-0.87253405867305922,-0.054104662707534473,-0.11642767051728251,-0.12588001228703768,0.98518973809339583,-14.777482707196905,14.569869186756391,-2.7899645193521576,,0.2294838884912046,0.1304347826086956,0,2
-0.55926133092025976,-0.79376756729835285,-0.2390811846267985,0.82640504696940942,-0.55659124050559938,-0.085210852219218564,-0.065432882259509426,-0.24523303223198131,0.96725348167970959,-15.880735905023313,-19.402224814288417,-2.5424430246624747,,0.1990838881979573,0.3888888888888889,0,3
-0.18018102571039249,0.98184983171682738,-0.059209002116141669,-0.98358189763735815,-0.17922849787132522,0.021066470774262352,0.010072170274840751,0.062032680970813547,0.99802329525794575,3.3097143980472201,16.666163132470103,-1.180913935811496,,0.1204178836132713,0.4615384615384616,0,5
0.9666468210758401,0.24508695520104157,-0.074339139719630062,-0.23629950548765488,0.96541181645453344,0.11019332264818657,0.098774829841725476,-0.08895172308752769,0.99112618972030864,12.618554693872483,18.239576400886744,-0.5543550101018776,,0.4301811986474122,0.3333333333333333,0,1
-0.95407549772048406,-0.25761413849265519,-0.15288852245377132,0.27624303390590255,-0.95401979433109307,-0.11634439497853462,-0.11588671566608724,-0.15323572583815459,0.98137102130589793,-5.0551973917875808,20.71053550735699,-1.8776309142326624,,0.3570309912797356,0.6833333333333333,0,6
-0.48049228958587459,0.87683790815161899,0.016806025015390507,-0.87616796525051599,-0.47911484082794514,-0.052713053100581449,-0.038168787212799773,-0.04005311631704405,0.99846827268371352,-0.89933948289606314,19.273303881790639,-1.5298532243556,,0.1557728484013987,0.2413793103448276,0,5
-0.16224847845273474,-0.95786920349199667,-0.23698527431336719,0.98664979466835612,-0.1609052137911213,-0.025133540453475895,-0.014057521853635039,-0.23789935093741427,0.97118807905724092,16.265963768361544,6.1981514312067283,-0.23149058837814582,,0.7828208966779883,0.6,0,3
0.69278728489704355,-0.70912208472299543,-0.1311169205064536,0.71991721966865563,0.69067518572026831,0.068461556035675719,0.042011602082465932,-0.14182262438830476,0.98900018630032571,7.4278616466973606,-27.822799633732323,-0.36277858911254768,0.1998984081521319,0.1833435446969119,0.5,1,5
0.77162048147284246,0.63608291860452171,0.00059433254253065879,-0.62869494642012069,0.76251560541477459,0.15268469420587058,0.096666938078223602,-0.11818829112264968,0.98827477501152861,-5.4180521516566662,-23.034824235441217,-1.4925022131784387,,0.1521329144163689,0.16,0,4
0.63298595039121952,0.77401681441838721,0.015058472862069334,-0.76991921379303985,0.62736277601913293,0.11679191537891701,0.080951780954054545,-0.085521449141022832,0.99304224023814192,-0.69375875685263599,22.539529083896063,-1.5447215677617674,,0.8841782248617762,0.76,0,1
0.90311705987613755,-0.40325558568437259,-0.14752799319123852,0.42153251422753807,0.89805639135163107,0.12571816655319046,0.081791904304099383,-0.17572606683938186,0.98103538867029139,2.0044448103389358,-22.753322936939618,-0.86054391942505248,0.2201793951603524,0.1493860885708197,0.391304347826087,1,4
-0.93659679069294899,-0.32990800399350578,-0.1180980972102781,0.34223120758034353,-0.93360866041376633,-0.10607860179372644,-0.075261226549712262,-0.13976973242241381,0.98731968970379547,-8.9347430839329611,-28.504177917304801,-1.7116759471094063,,0.2368490465295396,0.4090909090909091,0,4
-0.1309904451555913,0.99037575942673306,0.044691816005422137,-0.99078350272381666,-0.13234638948151187,0.02885279746460577,0.034489911688284317,-0.040500473221067701,0.99858407641049673,23.801646659132672,16.250786415919418,0.16119756086749892,,0.6998874597973671,0.75,0,3
0.71931499249871667,-0.6361238713795424,-0.2791636828594905,0.69235218316495717,0.68936632283152266,0.21312561416324921,0.056871750749283689,-0.3465840348412601,0.93629328244939536,15.398722777809834,11.714609764389802,-0.2873258295388933,0.7901690149315383,0.2811594624233075,0.2857142857142857,1,5
-0.51622211991194478,-0.8277333812592389,-0.21993674650400152,0.85342428225104749,-0.51872888442415788,-0.050865891600889217,-0.071984146712329541,-0.21395745841923028,0.97418709117339553,-18.031215256732803,15.925740019471455,-3.1333909100949131,,0.07264624435387265,0.3333333333333333,0,1
-0.99349428611249435,0.063854070750542974,-0.094296135182785415,-0.064926691998818384,-0.99785511733257304,0.008348022477701833,-0.093560825818908164,0.014416048757627076,0.99550919102251501,0.0085262706691107849,-10.152574030014254,-1.2184341247240882,0.371939805587645,0.3235973988804524,0.93359375,1,5
-0.99246414161992946,0.1052616792271189,-0.062728832963044934,-0.091573268724453386,-0.97728853928479076,-0.19110585401217042,-0.081420292640947467,-0.18392142308303586,0.97956298729452584,23.30485076307713,3.9243670053701427,0.14385373214626279,,0.2559350934813454,0.4210526315789473,0,4
-0.72565442015244286,0.68632994473980402,-0.048753148274541983,-0.68583078810805942,-0.72718432401297517,-0.02896703286273444,-0.055333467235483769,0.012416354668333868,0.99839072588864219,-2.2879309224149815,-30.396180808405258,-1.1708231573993111,,0.2505712688844449,0.3043478260869565,0,3
0.99397475503324606,-0.018614972794308921,-0.10801698544426409,0.03312799959342641,0.99040520035769442,0.13416435721671435,0.10448311825140542,-0.13693437074855724,0.9850544432203534,12.486890820113919,-24.459948900921081,-0.014435659990363295,0.358597499436469,0.2286405330877878,0.55,1,4
-0.39235044723518459,-0.85074219159298137,-0.34971252479418052,0.9177109729317604,-0.38776253308350894,-0.086294774449566874,-0.06219080892697431,-0.35479281472463697,0.93287424763725646,-17.416411109904033,-27.487157788720758,-2.5365566721278427,,0.6398750868395235,0.5925925925925926,0,2
-0.73933864300269891,-0.61232996765384484,-0.28005424773777399,0.65648544286212163,-0.7479914564051755,-0.097650624447517598,-0.14968378092850707,-0.25604841701894449,0.95500469834919699,-9.3542163838279322,-25.393411265750476,-1.8144840505209774,,0.492115116035572,0.2903225806451613,0,2
0.8665693662017161,-0.45897772468715048,-0.19595147818213032,0.49701704243432582,0.82918089208484536,0.25579895959760174,0.045073197030955407,-0.31905876644026893,0.94666251138778179,20.35339776773306,-22.980295651167811,0.59005653552688375,,0.5651366862364643,0.1428571428571428,0,2
0.89756704433327605,0.43740353299189821,-0.055240838634401462,-0.42537158168017913,0.89211165247120527,0.15230173020684351,0.11589831071128331,-0.11320313092534569,0.98678905178511667,8.781117195512536,-32.798584614126682,-0.19303888618553183,,0.3739514793521109,0.1388888888888889,0,4
0.99396932423520701,0.064887759733011599,-0.088400006313550508,-0.0593235659917314,0.99617339595909082,0.064181614979339691,0.092226335704230764,-0.058550352861127135,0.99401517049912635,-5.3114918481266624,8.7687332884885549,-1.8855053829049289,0.7293044681776082,0.4485394293473768,0.3360995850622407,1,2
0.81843275976142327,-0.53322979221589217,-0.21408831458698674,0.57094413286668111,0.79664422768626431,0.19844589096090906,0.064734958827620939,-0.28464708533120781,0.95644415514866021,1.6441714702210346,-24.388951915503071,-0.90305175074426314,,0.1873634573636521,0.2941176470588235,0,2
-0.71128094842582401,-0.62857027419042166,-0.31460899988817742,0.69756118353299723,-0.68631974308846966,-0.20584850126979834,-0.086532119091729739,-0.36587514352734607,0.92663238218526511,-3.2163134388675485,12.650099378135131,-1.7149542812702185,,0.1521615374620322,0.4166666666666667,0,1
-0.62202369191802231,0.77992376550547082,-0.069321329274916355,-0.78205310025694008,-0.62318221767815285,0.0060722276183199806,-0.038463945080853393,0.057990029914694458,0.99757590255544504,-9.0621352756204736,10.878579277242428,-2.2644920522761236,,0.06652342994450768,0.3220338983050847,0,3
-0.90954817947260369,-0.37629132137215188,-0.17642831597584355,0.39995344891258888,-0.90790325691653029,-0.12549468029873623,-0.11295728361197986,-0.18470657145959057,0.97628076624434545,-14.623338351798413,23.830832652922851,-2.8531981475828161,,0.5630379664546594,0.3333333333333333,0,4
0.96448773689353373,-0.22886316543602431,-0.13185240569891271,0.24656216876399492,0.95914439205100421,0.13874124163889914,0.094712735766543266,-0.16632404126797498,0.98151200246349724,-17.196337957665516,-21.186685404566912,-2.6408573161295701,,0.1798923715005798,0.2727272727272727,0,3
0.84702769286176027,-0.48182225987342514,-0.22448028291088284,0.52729295248406693,0.81497414453529871,0.24037322230147598,0.067128457347984227,-0.32196964706230419,0.94436715136892402,-8.4515300627522478,4.0408546903488798,-2.1353112298426784,,0.1706125755051836,0.216,0,1
0.71391949200413363,-0.63322457749375238,-0.29890733245341788,0.69644322731973951,0.68643813969626033,0.20921164281846921,0.072703439100396811,-0.35753225704570457,0.9310665363521442,15.934399444324024,-24.110060082287383,0.25430338283727089,,0.5151020327365373,0.1904761904761905,0,3
-0.67667523688115694,-0.72139305729715153,-0.14731829715042086,0.73146090569460909,-0.68150972097843032,-0.022570858475588342,-0.084116390984474779,-0.12303071606461416,0.98883157093226759,-23.023257051184761,7.9114786657788247,-3.7255897910995488,,0.3271496828198782,0.5588235294117647,0,1
-0.61428707482704059,-0.75834948261848367,-0.21807671107368601,0.78506127264137515,-0.61521910555979198,-0.072001738540912144,-0.079562477960042247,-0.21543331767971172,0.97327195466342808,6.4880095912822471,7.593292916255856,-0.89355224764349772,,0.729056880584024,0.1538461538461539,0,1
0.93348652204877514,0.35838141086979003,-0.012871577069647793,-0.34223109424724563,0.90099516517382816,0.26661881115877428,0.10714845441542266,-0.24448001283615012,0.96371610552071896,13.743488917397412,-26.989252705517107,0.11275420794486575,,0.3894712135830061,0.3333333333333333,0,3
-0.96513670826923026,-0.20525302946744323,-0.16242637792449854,0.24162231652952429,-0.93725520646837546,-0.25133908192485577,-0.1006468603888937,-0.2818224118879829,0.9541731172337119,16.404874705042584,-21.749029066169843,0.21812396695613817,,0.4757026793599335,0.1538461538461539,0,2
0.98673971984628484,0.15811723268834293,-0.036656050041644198,-0.13909225825645496,0.94013860647550584,0.31111532316395762,0.083654461750672288,-0.30189127403963589,0.94966498813420031,-16.499657949756621,-22.535378998634286,-2.5401452564586813,,0.3095801553746363,0.3333333333333333,0,3
-0.8336668365513108,-0.50391627773144176,-0.22598227955266623,0.54237023425079778,-0.82416715989311318,-0.16304300522394594,-0.10408714922249357,-0.25848960828437462,0.96039001857356165,6.3856489202457585,-29.890704628252539,-0.43334006173836265,,0.2950463186398761,0.3636363636363636,0,3
-0.72150007630719726,-0.67980154188048325,-0.13155798548786871,0.68689800988880212,-0.72664956416734394,-0.012309951511386301,-0.087228228799579144,-0.099248549371399999,0.99123204223237349,22.210359574239543,2.0211703688872444,0.10843706589607276,,0.1282654697162952,0.375,0,1
0.90548418284703558,0.42437856409833863,-0.0011085791219610629,-0.41625585763613998,0.88865562622010263,0.19241163938535522,0.082640520312005153,-0.17376424350593728,0.98131367670147729,9.5984542441345564,-30.616426242126384,-0.17143866117318982,,0.4527231296007181,0.5217391304347826,0,3
-0.057837232453528759,-0.9285550461944474,-0.36666112519456384,0.9978153457412885,-0.065513596725497433,0.0085149543323275803,-0.031927892904311812,-0.36536761601285372,0.9303155995810104,-13.734373733455961,11.381136503591044,-2.7045841280554761,,0.3272376091880431,0.2333333333333333,0,1
-0.9791242681616612,0.20068037864995686,-0.03229633294666099,-0.19655456746118619,-0.97526593585769794,-0.10110715289115431,-0.051787735102413052,-0.092648475327547206,0.99435119073315525,9.8390491320791842,16.762749047843059,-0.74998507789469826,,0.17789251640708,0.2758620689655172,0,4
0.4551494881584971,-0.86235537231997594,-0.22177050132949039,0.89018993765687737,0.44629497316401306,0.091556932140486894,0.020020447634930286,-0.23908995955373838,0.97079100372690363,10.14136826210048,-21.564494418438816,-0.26142263715312325,,0.761096076768227,0.4705882352941176,0,1
0.26738290929137715,0.96059876620404472,0.07587087837996058,-0.96223743899800063,0.26200758295835153,0.073831818770042662,0.05104400855584304,-0.092747166207869769,0.99438044648462487,-9.7454131704461666,19.152691513196814,-2.3145081986587921,,0.07755590541602733,0.2222222222222222,0,1
-0.49642402613519249,-0.82052035465670858,-0.283389367954684,0.86208564650983432,-0.50428482543591147,-0.050051502642718085,-0.10184068124991684,-0.26915267494324135,0.95769792378048479,11.277465308789864,23.998300312197824,-0.61431334539654114,,0.3750539865048741,0.1935483870967742,0,3
0.78099982756381647,-0.55929527941367541,-0.27789936986410607,0.62180331833815861,0.73790917023558122,0.26239414967923741,0.05830868416405055,-0.37772853599882317,0.92407859538203907,17.677934200562245,6.5216495063491369,-0.12514736687395131,,0.1343026910938231,1,0,1
-0.064569585026427873,0.99474339601123807,0.079475435082444063,-0.99773104527033796,-0.065874393934627962,0.01390415504461282,0.019066462526491804,-0.078397323396748125,0.99673985055828462,8.561805896076109,21.144389306875521,-0.80736220386515845,,0.6445677700694958,0.25,0,2
-0.51328334713975532,-0.82366878258711973,-0.24106003845611318,0.8565383467228922,-0.50922560208462087,-0.083853126207502252,-0.053686740841898548,-0.24951758008807493,0.9668809187716797,17.65201695048917,11.048058856867515,-0.1629269084999968,,0.4959724613297959,0.1111111111111111,0,2
-0.83041098196217034,0.54933852214687628,0.092977358115351488,-0.55336451846191159,-0.79377777631741764,-0.25239760603459094,-0.064848367319779804,-0.26104411487344797,0.963146229471879,27.197753946642525,3.2165405304473085,0.37507030619604564,,0.09921552491417091,1,0,1
0.79005888791999523,0.6112358546313067,0.04687945852669699,-0.60602301043975326,0.76721031246277827,0.21005819971690029,0.092428699201920234,-0.19436837825094494,0.97656431897747453,-13.065571847038379,9.6593663743167628,-2.6672536935133562,,0.702053152553599,0.1904761904761905,0,2
-0.9621068560632291,0.26131868077832704,-0.077864912459993663,-0.24945136406700549,-0.95883770531708923,-0.13566234491327478,-0.11011091899188775,-0.11109816352457286,0.98769063151385017,5.310372338323301,24.125497639846863,-1.0491375568032477,,0.3310452055237262,0.1111111111111111,0,2
