axis_00,axis_01,axis_02,axis_10,axis_11,axis_12,axis_20,axis_21,axis_22,location_x,location_y,location_z,dbh,dbh_approximation,score,reconstructed,number_clusters
0.96915355499059652,-0.24192450528372383,-0.047052317608314034,0.24588664467065588,0.96211199505675404,0.11781454469002722,0.01676737372681706,-0.1257499213166248,0.99192026517617204,0.78943631715465579,12.268423065223958,-0.96143328709411302,0.4630108704011849,0.2932303528435288,0.5333333333333333,1,3
0.9340234987345335,-0.35641902030294897,-0.023782047388453249,0.35642551587212712,0.92548609296509154,0.12820430321755025,-0.023684498031171217,-0.12822236035300416,0.99146259175952545,7.5920614399761845,-18.16871693495747,-1.180505787417012,,0.4151792042133884,0.7073170731707317,0,3
-0.9962570709895876,-0.084908647294512599,-0.016197843000343076,0.086195767456740915,-0.98991821742316466,-0.11239311583138509,-0.0064913924385415342,-0.11336862188612763,0.99353178982650014,-13.310670449187961,9.9371687439812053,-0.87386812123451307,,0.3319496192369966,0.2857142857142857,0,2
0.17702571367919609,0.97960143779714248,0.09509426776700218,-0.9839856206260752,0.17411235429087729,0.038173112060791214,0.020837348619462681,-0.10032901449261336,0.99473609251572448,7.4743108372382814,5.3039870255445338,-1.0211750110729749,,0.6262802743349329,0.8,0,1
-0.34339374964415859,-0.91430836220928169,-0.21475789042432492,0.9388713443645218,-0.34015214652391967,-0.053076510306591516,-0.024522060200579114,-0.21985617118778178,0.97522404223551029,-4.0508985092850578,-11.09767480781634,-1.5697950624219523,0.3324813242314207,0.567143475473731,0.4675324675324675,1,2
-0.88734364671131027,-0.45900636182347432,-0.043981955921155655,0.46062782987276135,-0.88673180257427009,-0.039098755096493118,-0.021053621726040132,-0.054953344838716049,0.99826693569568536,-4.5015070444372638,-16.087914512459285,-1.5416958598585875,0.1936600857889237,0.2050577627704515,0.4883720930232558,1,5
-0.51863531444056254,0.85497051986525063,0.0065437585898477325,-0.85498900673075451,-0.51864611777758085,-5.3701039260583377e-05,0.0033479821828442959,-0.005622692912402456,0.99997858794062011,4.2833486990064111,9.7360853884882346,-1.0219218257700786,,0.2143145693871779,0.4210526315789473,0,4
0.7480059447209958,0.66344466961086734,0.018118416790057348,-0.66320729875428697,0.74613789005696829,0.058603138997649309,0.025361102915549043,-0.055851762606590735,0.99811692454974665,2.2276407405525265,6.9138601268053135,-1.0870281106263668,,0.07336672499021037,0.2413793103448276,0,1
-0.97192774186959852,0.23526833334677424,0.0022969345863703724,-0.23384715930612002,-0.96488898063249362,-0.11960251309418715,-0.025922397048132755,-0.11678213210169713,0.9928191995288268,-9.5592070014943964,-29.424174716940165,-0.97869768639087484,,0.3795200917321766,0.5294117647058824,0,3
0.76910960156700792,-0.63422542804758264,-0.07892101871680067,0.6391077351696095,0.76387382171423379,0.08965538102122933,0.0034239777758248192,-0.11939384790494888,0.99284106757256962,20.157818062196249,-4.5138230900284233,-1.0714737447554665,,0.1083004486622103,0.1333333333333333,0,9
0.82624768656124215,0.56104963989229695,0.050379182495546619,-0.56276096533920028,0.81820213327540081,0.11766632905837884,0.024796296955124971,-0.12557296954483291,0.99177445670727293,-19.194981540740315,-8.3710236337705641,-0.79314201205651391,,0.08638471183120407,0.2432432432432433,0,2
0.72230395585595641,-0.67794285025103795,-0.13663999102874708,0.69157536675707576,0.70826847226626422,0.1417013877434832,0.00071235500506224134,-0.19684832482678591,0.98043369462867591,-3.4501957121435991,-9.7788886023226578,-1.5887536872155439,,0.08962517328327271,0.225,0,5
-0.37080784307637399,0.92596202533762317,0.07138537067000511,-0.92863917955259434,-0.37062940493207192,-0.016220924744995195,0.011437557122554455,-0.072306098168447228,0.9973169057299307,-12.176789019738786,2.8523464827240628,-1.0053160077706207,,0.1068329008727956,0.1884057971014493,0,4
0.69836220562913376,-0.69237815473674502,-0.18139107087216502,0.71494007652619651,0.68681618778045239,0.13093590485211484,0.033925163603540996,-0.22112443339908386,0.97465535869270559,1.1157881065507063,10.757702309986342,-1.0062626698557224,0.7294201193118971,0.5811400066662469,0.2068965517241379,1,5
-0.43590860585891433,-0.89833998828316841,-0.054488097686863891,0.89972834403196178,-0.4364444307049421,-0.0022728511041421127,-0.021739233740874192,-0.050015241257385344,0.99851183335918658,-3.0123479724077566,15.035757614541051,-0.92510228884385659,,0.08917712279670391,0.3809523809523809,0,3
-0.063131514616920029,0.99619043476253888,0.060158370571320341,-0.99771141411711972,-0.064460703150825721,0.020414501946344248,0.024214582436824641,-0.058731894545671022,0.99798006922006488,-6.9472725426026791,-3.8403727071143066,-1.2170953694577187,0.4658987757519403,0.4050198580857966,0.9588977113498365,1,5
-0.19972305300520363,-0.94848782633864537,-0.24592996032543862,0.97961580417311489,-0.1987984218216528,-0.028845514304325134,-0.021530868829229242,-0.24667799003683191,0.96885829248597899,-0.84419894925773475,-10.507398531092328,-1.5976624829916428,,0.3554482558113651,0.1481481481481481,0,4
-0.91693181776225996,0.38300592797992128,0.11199330652961667,-0.39893437617423333,-0.87326246909505933,-0.27975707958240348,-0.0093490684922381967,-0.30119614738943679,0.95351637412059564,-0.7066531330739203,16.933726169832951,-0.91695630456555055,,0.3236204415312188,0.2307692307692308,0,1
0.98422784363156168,0.17675560522476841,0.0072806484595026389,-0.17567040066283662,0.97167356629494128,0.158083493428719,0.020867729903454257,-0.15686917028305847,0.98739890685749709,-4.6023483427721548,-20.664494556125703,-1.3693979709025064,,0.1349873163867659,0.4444444444444444,0,1
0.14893748213063648,0.98687946029776175,0.062342259014128994,-0.98863585181406499,0.14730791321989728,0.029992185826926362,0.020415164081241603,-0.066100752985103081,0.99760408556217228,8.3180147188080777,5.0640747244003714,-1.0250452718852285,,0.757319980824427,0.396551724137931,0,1
-0.90807806517350231,0.40690779798746218,0.09909728294834004,-0.41829149791411097,-0.89288472422873988,-0.16670060591292604,0.020650673681941505,-0.19282871460433998,0.98101510513371826,16.157118477289881,1.1741908101883485,-1.1624897397458793,,0.1256117896614841,0.2105263157894737,0,5
0.85766969972486395,0.50894661878231895,0.073321384356179173,-0.51354818014651793,0.84064467848668933,0.17200229998523345,0.025902757421967484,-0.18517522448226037,0.98236407884036736,8.1247441280394685,-4.4257928058982099,-1.2982828880819806,,0.4285674258962688,0.1739130434782609,0,4
0.86330328004646706,0.50300992770866937,0.041090866229979157,-0.50408646364486953,0.85545007476104129,0.11875187055932057,0.024582185236881483,-0.12323222881148958,0.99207335109412753,-19.810661655312551,-10.237992616276822,-0.85675529469867617,0.3372253228185259,0.3342922189932322,0.7209302325581395,1,1
0.37348027261755729,0.92289349299577228,0.093702116046425088,-0.92756182417874578,0.37024393468640432,0.050482582680830494,0.011897406932289033,-0.10576875443150557,0.99431957754752853,0.95538851858509255,6.2465204312008655,-1.0840769106197845,0.2649987208016595,0.1176337996697897,0.4,1,5
0.4705455218376618,-0.87191646516055188,-0.13545696608314245,0.88234504502143429,0.46367168839250816,0.080472274165471328,-0.0073575406654912056,-0.15738565107775238,0.98750980928302012,-26.948667980697817,3.7332136879824858,-0.85192306874650225,,0.1568335525023624,0.25,0,1
0.7853399045468844,0.61375186577478158,0.08093133870303261,-0.6189854204511448,0.77640655541222292,0.11853231619202585,0.0099138083101407495,-0.14318347659873737,0.9896465068062883,-13.186179760346628,1.9847077086545892,-1.0005686351894574,,0.1252034524251006,0.2,0,6
-0.0013789065873476955,0.98773873729584638,0.15610985062394467,-0.99993653587101017,-0.0031074396086586799,0.010829037323914268,0.011181361585583315,-0.15608501101734745,0.98768033618616047,-10.355429047553011,13.291929635153489,-0.86324794538308702,,0.2675650801396601,0.1666666666666667,0,3
-0.8537132261601531,0.51742179786145592,0.058723168996932938,-0.52035065810791781,-0.84324880776801714,-0.1347836815214459,-0.020221772570188933,-0.14562325121915268,0.98913343317192726,3.0751529780062086,8.2587612055548192,-1.0575297708183071,0.3001630427225576,0.2631036196294685,0.2413793103448276,1,4
0.92526397353502388,-0.36714929080979231,-0.095330884481606995,0.37857822413241454,0.90955680787847482,0.17142036476062805,0.023771989629101604,-0.194699284795261,0.98057487271971655,-20.597473384993702,-8.8180767252329399,-0.75208166767891182,0.2544633372045575,0.2204209799080764,0.2391304347826087,1,4
0.39653452291074637,-0.90627230422009786,-0.14639290537297178,0.9179850398221624,0.39005751341932249,0.071823414621115314,-0.0079899188136221284,-0.16286696051909433,0.98661568727069315,-1.2037887377118672,10.604219054599634,-0.98126454259685092,,0.1009632365598098,0.2352941176470588,0,3
0.51013984803152979,-0.84900063544753279,-0.13767808997822353,0.85961422699427492,0.49795043068318545,0.1144934466747505,-0.028648144781146634,-0.17675771437794227,0.98383738199383508,-16.051817826839809,0.020980956748263276,-0.95618659020937102,,0.2940760067995224,0.126984126984127,0,4
-0.73457143838715178,-0.67289372175811435,-0.087285973239378908,0.67805631864787763,-0.73277093459492659,-0.05732701068926007,-0.025385638607684051,-0.10129559038473576,0.99453243925026835,-15.939936871144608,6.4429848616057983,-0.90618810301422703,,0.4477194987664317,0.7446808510638298,0,1
-0.924514894981604,0.37675825175928213,0.057666530053783645,-0.38114113122404558,-0.91461869603648915,-0.13492249237902318,0.0019097241710147911,-0.14671694037091332,0.98917667398791265,-10.560041415774135,-27.720117592846112,-1.0325464090046017,0.7719650850813579,0.6483123695555483,0.6,1,5
0.29229293405418355,-0.92660803989888507,-0.23656369353039539,0.95613137801756398,0.28817708108596435,0.05259998010462822,0.019432670229034065,-0.24156057280011514,0.97019114662846206,-16.013067170498299,9.2955823422888937,-0.86967437546704096,,0.3586071207036607,0.3846153846153846,0,3
0.88336450447590709,-0.45166607969053707,-0.12515951697340788,0.46867406155104968,0.84930669421302363,0.24294600880481354,-0.0034316557633489657,-0.27326889984395808,0.96193156311496242,4.4389028954781944,-11.823253327633815,-1.392315414564951,,0.2561667245189901,0.2222222222222222,0,2
0.2120963977306228,-0.95146377902145074,-0.22300626735567824,0.97724281167889782,0.20570343935234411,0.05179364884363024,-0.0034066246658790065,-0.22891651807773811,0.97344009710898471,-11.255686984611462,14.345755593968693,-0.8726001979468454,,0.3679425257202624,0.4074074074074074,0,6
-0.94609978049492605,0.32378700965771245,0.0075615953586925955,-0.32342456132162151,-0.94329426114967063,-0.074782952709910616,-0.017080939124325373,-0.073197740805385617,0.99717116497601255,9.9870513218753807,11.294259629312602,-1.0288088298280773,0.2454312427747324,0.133243953419941,0.4375,1,5
0.38103584646067001,-0.90192658337428722,-0.20332270388421117,0.92449518419627574,0.3690724820483659,0.095363291640722991,-0.010969872829512234,-0.22430769313031726,0.97445662843076841,1.691283960766264,-9.1818218549607575,-1.5660250675741618,0.597265304877325,0.2310933425833055,0.45,1,4
0.93251666002589761,-0.35726855019060783,-0.052648474040992099,0.36081086737438489,0.92784429649601996,0.094448289790495119,0.015106182796720703,-0.10707074532525879,0.99413663987240974,-2.8991186136424183,11.93876930834284,-0.95326453412340473,0.2899201967416373,0.1484541173120499,0.3095238095238095,1,5
0.18620882209498416,0.97845050850187498,0.089223746762961714,-0.98243656051001593,0.18431376422174522,0.029100530779706507,0.01202826451522907,-0.093075446444448762,0.99558640113348196,-4.1949578660873401,8.0581406204768662,-1.0181216819936534,0.7278895016430492,0.4527841731377389,0.863013698630137,1,4
0.61128179249900716,0.79137456981503318,0.0078013081769049853,-0.79101194950477371,0.61062853696253305,0.037853475238773047,0.025192576284630706,-0.029310068185975122,0.99925284788339519,-26.321288484192429,-18.353449113335582,-0.74767346888379016,,0.128935492309101,0.5,0,1
-0.99889766327253215,0.045284974131159762,-0.012358374756170274,-0.043677425737935739,-0.9931112111014041,-0.10873088275926288,-0.017197115734356668,-0.10807124271813329,0.99399439923360566,-19.817505599299484,7.9738981145041379,-0.89076530057528436,,0.06442857359131851,0.2222222222222222,0,1
-0.69702331846094567,0.71243776144540694,0.081184540328489777,-0.71704839016122479,-0.69259117085625677,-0.07847978223182478,0.00031573546957147343,-0.11291548219184153,0.99360454618147598,-6.5084731156265665,-13.34389985423136,-1.5460008732348651,,0.6362626867588884,0.5925925925925926,0,1
-0.37609584374508492,-0.90259547843134302,-0.20945958711161597,0.9262856074781679,-0.37194896446934606,-0.060406466615613962,-0.023385672889075323,-0.21673802191926794,0.97594966066803324,10.467318549288295,3.216126640091181,-1.050399958833045,,0.7466446028597549,0.2941176470588235,0,1
0.25307879941627898,0.9657008252679844,0.058077856044682179,-0.96739725680205779,0.25200915811098629,0.025178001510112732,0.0096782652302030252,-0.062556377012451009,0.99799450443236815,-15.137131254671571,-2.1240905278006399,-0.90595402885781484,0.5870113978467105,0.5434253330856482,0.1428571428571428,1,5
0.6086975857650182,-0.77659694377354882,-0.16243286614913313,0.7933941683898118,0.59672670848308618,0.12017873750369018,0.0035975893147165623,-0.20202579613634924,0.97937359319444439,-8.2590590564832649,-11.212740304846594,-1.5164058381633532,,0.152894414530838,0.2580645161290323,0,4
-0.061381567079396057,-0.97401312036985277,-0.21801546864904303,0.99799652936507188,-0.063248726508886896,0.0015893301345126997,-0.015337229154904661,-0.21748112548538159,0.97594401963404809,4.0368660179290901,-4.3539623900384381,-1.3734891722615028,,0.1083143725373175,0.2653061224489796,0,6
0.2867061425513136,-0.9531110595812774,-0.096844700047038407,0.95800468244003578,0.28468895611593853,0.034339870247042346,-0.00515909355528958,-0.10262312784880569,0.99470693039920866,-13.305392874543177,14.078272767408253,-0.88722890589418424,,0.1427162195665789,0.3,0,2
0.83191317576691337,-0.547164006860833,-0.092368921079583888,0.55467934287119602,0.82472718872772588,0.11025375624095377,0.015852273571520553,-0.14295668494078795,0.98960198648413877,0.14943081983360482,9.4469033019801163,-1.0245291316144016,,0.763322783763052,0.3684210526315789,0,5
0.99499066619227672,-0.098477916451990999,-0.017195178438313218,0.099688585971688365,0.99027112023151975,0.097083954711257039,0.0074672630338052572,-0.098311791798780718,0.99512764587066849,-1.0836979693860718,13.172238976113928,-0.9355885519460484,,0.09560164951790182,0.3043478260869565,0,5
0.451130473196241,0.87206753813751703,0.18968264306600718,-0.89213190969872791,0.43491710494742231,0.12226106298185853,0.024123678223622231,-0.2243776297916604,0.97420363754096095,9.3581256300251994,1.4423208055544645,-1.159612310697739,,0.3577641803460735,0.3170731707317073,0,1
-0.99907714334038222,0.036846435131757359,-0.022072649884044601,-0.033584403472688727,-0.99050185206858488,-0.13333480000393191,-0.026775912649358333,-0.13247045431637225,0.99082522638203407,-3.7980873825962176,5.7834056927085289,-1.0872070154251088,0.2414850499950332,0.1574575130268243,0.400763358778626,1,5
-0.91727055575340566,-0.39655741762962532,-0.036836694623179615,0.39770319249250285,-0.91696049398039492,-0.031868843099514592,-0.021139967575888537,-0.0438824224736198,0.99881301291519908,-1.7463157661850586,-18.336377506340973,-1.4187200540584255,0.2077776697031345,0.2163373946923067,0.5909090909090909,1,5
0.041252747535360589,-0.98600009456113702,-0.16156120928679968,0.9990010717343456,0.037923888088292133,0.023635511119819791,-0.017177586978741364,-0.16237485100130492,0.98657961577760744,-7.3242959065280475,-15.572616133563725,-1.5080004067270514,,0.1783244115416978,0.1666666666666667,0,1
-0.36801842952162839,0.91713800124006706,0.15303699622578229,-0.92976414160916943,-0.36475793215381574,-0.049902824655899271,0.010053681425202682,-0.16065347058886742,0.98695966780692379,5.9633424740456134,3.1114752027541974,-1.0814844924721083,,0.1612889758613257,0.1851851851851852,0,1
-0.99026029565520346,0.13856537282740147,-0.013571451730421508,-0.1362455895950179,-0.984499279529919,-0.11044595022442152,-0.028665068720898648,-0.10752118888048408,0.9937894685379558,-13.871927773113779,-29.586521054345702,-0.92114025085005247,,0.2634930557974078,0.25,0,4
0.87420813774407224,0.4854485288237364,0.0099928857149861605,-0.48508668893154733,0.87228635306466451,0.061704314910525214,0.021237611058473729,-0.058789830073058005,0.99804444778602508,-4.4600770009523103,-12.420322578716215,-1.5609717310839868,0.2439062576787706,0.1634323815281116,0.3333333333333333,1,5
0.99912492497113792,-0.03714444658259957,-0.01922691835656613,0.038398256840619732,0.99683758259417887,0.069573039314054674,0.016581862772905021,-0.070250437833977983,0.99739155691790105,2.9854592642129982,-7.1871913484371506,-1.4880514793381732,,0.07182862497680227,0.2222222222222222,0,5
-0.94618640419793876,-0.32102575046038778,-0.0409115637970415,0.32281639177405785,-0.94517358261987783,-0.049360671789213072,-0.02282248262027041,-0.059911319955825257,0.99794276791216729,-19.468393601310662,-6.0540634272447926,-0.77497901388215773,,0.08737366720060342,0.1785714285714286,0,1
-0.70830686010368649,0.70542246745566894,0.026087053087934374,-0.70590461701209606,-0.70780977559122538,-0.02653287128271737,-0.00025221233693094579,-0.037208385966809344,0.99930749642073757,4.2258544731416405,6.1867145435399555,-1.0744810344992082,0.8921988550859457,0.8385954979890083,0.8987341772151899,1,2
0.12846664261806348,0.98091479003154158,0.14595374757715868,-0.99149969259687132,0.13009855493647754,-0.0016509342045668497,-0.02060779742598037,-0.14450100588167031,0.98929003734215037,-25.508414903936199,-5.8176443077862912,-0.79339858203306535,,0.2445739454402377,0.3157894736842105,0,5
0.18706139275481415,0.97614468954902522,0.11022513509117024,-0.98232431758623062,0.18665839506873261,0.014056266542416988,-0.0068534968720860888,-0.11090621540564122,0.99380724537760456,-2.9533365755013286,-14.328372251054132,-1.586382328914119,0.1816517544816587,0.1659266613864032,0.5714285714285714,1,7
0.54199860866457372,-0.80074411712595028,-0.25504189282125239,0.84028288756818814,0.52097565226871345,0.15003012565233331,0.012734875960626238,-0.29562345751203434,0.95521965761959504,-9.6067166769266432,11.004442668662794,-0.94017979048061462,0.7363621900710255,0.5252912702057352,0.453125,1,4
0.4808453790973386,0.87674293279330195,0.010466670804878188,-0.87652116262429314,0.48035131382835916,0.031197223836874986,0.02232426644921872,-0.024175299385324228,0.9994584443723189,0.12301489120045084,-5.451323886136235,-1.4805623858574202,0.3223783469528868,0.2682615393512183,0.8333333333333334,1,5
0.53161817855158555,0.84179109137219665,0.093647587902197182,-0.84662225690935822,0.52490129323909163,0.087803111913148185,0.024756137404659307,-0.12596186265030462,0.99172614305485907,0.18997305534834064,14.874234596510753,-0.93181634213083664,,0.3631991266360703,0.1388888888888889,0,1
-0.98901460198041458,-0.14753498456341799,-0.0091403172480116843,0.14779949688414115,-0.98797384494272344,-0.045420154445861158,-0.0023293325904762178,-0.046272130261779912,0.99892615551437036,-24.086965903853969,-10.804674760373873,-0.67723584507342716,,0.1750381386203233,0.5,0,2
0.29912931937616305,-0.91185000639597058,-0.28116048108726399,0.95414046889566428,0.28220535855304268,0.099880434618150035,-0.011730980569215139,-0.29814375968585538,0.95444888949344353,-12.239393970363865,14.404934991328229,-0.88210029393228295,,0.5490676711011984,0.6,0,1
0.37392427305076931,0.91273993639929207,0.16457960543539132,-0.92716494664380655,0.36340316364914804,0.091122458070317394,0.023362357296298961,-0.18666533998470616,0.98214573822317908,-10.489085733006618,-2.521724345631903,-1.0375294379049271,,0.1675074713629905,0.3286713286713286,0,1
-0.68816283627504471,-0.72435650826511544,-0.041708029249247734,0.72507447075285381,-0.6886632379125921,-0.0031554096744877422,-0.026437144935782139,-0.032412862905248051,0.99912485890699887,-22.837445112232388,-9.3005454300826536,-0.70313295479282267,,0.09322970562548229,0.4137931034482759,0,2
-0.41247125422287884,-0.88890283345711352,-0.19929680657682486,0.91066070462985882,-0.40804855423491715,-0.064756918007599029,-0.023760165884404549,-0.20820213749793454,0.9777971796126419,-20.70885131021927,2.0408550559188146,-0.89405972473039097,,0.3721162856950239,0.4375,0,1
0.9672192305648859,0.2538501609823095,0.0068597226419349761,-0.25306245098539204,0.96126694148778646,0.10920285300293862,0.021127137211056111,-0.10735903768184075,0.99399581543449833,2.6563372494855835,-20.192754497390027,-1.2520736057863127,,0.12697609346304,0.375,0,4
0.91766980249549868,0.39734239954802558,0.001072897613467934,-0.39660993001648992,0.91580743304983458,0.063224275266601099,0.024139117634800818,-0.058444530044215279,0.99799876748807836,-2.8842898440143627,-7.7913096323448636,-1.5471023882468651,0.2440575960401681,0.2327053624315822,0.6143344709897611,1,5
0.36209510049320365,-0.92840548222327823,-0.083369051671340719,0.93213907416678565,0.36083226191382262,0.030279121084367863,0.0019709414765506426,-0.088675472030976532,0.99605862078985041,11.665293491346297,3.0140963250483637,-1.043540341476068,0.1859426488835683,0.09981188666129021,0.3225806451612903,1,6
-0.12581500737100176,0.99123690675728371,0.040248957781358549,-0.99200347599294314,-0.12611337373872239,0.0049518261433653208,0.009984364684423824,-0.039304091981473499,0.99917741208223843,-1.8979909369672137,7.553936079740831,-1.0460410829457578,,0.08405325688751897,0.2941176470588235,0,5
-0.94058180197275265,0.3395447206759209,-0.0039059517150156087,-0.33861433607378483,-0.93874152289982504,-0.064067812425794485,-0.025420566535760615,-0.058938407213189818,0.99793790335479937,3.4029457858202758,10.869337621601318,-1.002889011019739,,0.497956801361619,0.5555555555555556,0,2
-0.99696100035427893,-0.065793386490569872,-0.041713236109135139,0.075473765625406863,-0.94840281207291532,-0.30795424457946041,-0.019299597791537362,-0.31016662674486351,0.95048629089471681,-20.627000884438978,2.9144067439758778,-0.86678179368299357,,0.3842127850429551,0.1578947368421053,0,1
0.045821081908263846,0.99154112952523388,0.12143564926568748,-0.99838734225276593,0.041377380439074248,0.038866788103189144,0.033513329918321753,-0.12302073340629613,0.99183806937925245,8.402980597180397,-9.8801632120390899,-1.2870696504447234,,0.1834270084874746,0.4166666666666667,0,5
0.33581668474186971,-0.93953466821238996,-0.067095167307430495,0.94185121443210795,0.33403083283308094,0.036601811288507112,-0.011976816010144139,-0.075485163733482977,0.99707499514047915,-7.1108387482235242,9.6176411110505722,-0.97697598241301165,,0.08378321361566637,0.3269230769230769,0,5
0.97225729382092363,0.23349753903694848,-0.013951841301527244,-0.2329072277501974,0.97187706803005403,0.034773379171767878,0.021678973078355403,-0.030559186851002496,0.99929783259310312,2.5351074600004782,-24.658773345085571,-1.1116041445080052,,0.4764502369816837,0.8571428571428571,0,1
-0.37253869749544016,-0.91153993661696731,-0.1740972797625974,0.92772292016575397,-0.3705282900255249,-0.045154951997387643,-0.023347425286889691,-0.178336003776847,0.98369261839732114,-17.330285257137277,22.201263884698346,-0.90246397319666283,,0.09067792466641413,0.3333333333333333,0,1
0.82419884436140733,-0.54991892799655417,-0.13522365763593444,0.56600257154726386,0.80768051876175828,0.16520674506393751,0.018367197804893425,-0.2127001463183727,0.97694487756522796,-5.736996405397174,-10.679027168902767,-1.5672892478748457,0.3755579873540997,0.2917880696529938,0.3235294117647059,1,3
-0.97224842682548729,-0.23276066730723244,-0.023568374786075014,0.23298894478744595,-0.97245111228430492,-0.0074152426697066684,-0.021193115443406026,-0.012700628791914196,0.99969472634704448,-10.228293189439304,0.12898033673151982,-1.0160301006048467,0.2298248832127088,0.2033523339431005,0.8158396946564885,1,4
0.81739810066070262,0.57598115887026446,0.010298041694567918,-0.57548090482349024,0.81561675952776269,0.059925201384464888,0.026116531542552803,-0.054909072145671679,0.99814974857297278,1.2707366994869478,-22.507438361255005,-1.2104076228955714,0.2160121741640349,0.1760178435562233,0.7307692307692307,1,4
0.90032212294397918,-0.43020046006976648,-0.06593662937553596,0.43510567091524655,0.89322262080037207,0.1132978588849185,0.010155297880347622,-0.13069397019860982,0.99137074602727993,-0.52846317790544306,10.808461657929227,-0.99350601103341307,0.8644908862441429,0.5098926027431674,0.2608695652173913,1,4
0.99367237831171751,0.11097768884878167,0.017296160213126063,-0.11167249887661075,0.95970327959833757,0.2578737445395482,0.012019050502784826,-0.25817352247273112,0.96602379614532985,17.809633569364589,-4.7877522465152316,-1.1224212124642157,,0.5901722318948155,0.3809523809523809,0,5
0.945160072777538,0.32469363419160491,0.035305534164005288,-0.3259845692932361,0.93115669452981642,0.16334402595444922,0.020161780919873307,-0.16589531080700431,0.98593724366329982,-11.089852978059326,-11.155307542966193,-1.3216494494294884,0.4923821943225642,0.4033611275912704,0.885558583106267,1,5
-0.26956395653862292,0.94006411403628753,0.20884141073171711,-0.96288539618391733,-0.26620151197964909,-0.04459225084574215,0.013674324516559469,-0.21311080808095867,0.97693233968791171,6.6592662161135721,5.5660366316139429,-1.021323092807078,0.8545753391571952,0.3634730226264657,0.2564102564102564,1,3
-0.34691760664649496,-0.93497224178148319,-0.073993792285404258,0.93773585842707685,-0.34723344665059963,-0.0089662337231826046,-0.017309939881508696,-0.072497176670907965,0.99721839401208701,-2.1943730230725782,8.4658660837757758,-1.0200244032323995,0.2605498192407557,0.1989568700557349,0.6830985915492958,1,5
0.63787124698401731,-0.76733621820936937,-0.065691707963782112,0.77013990483686656,0.63578657606582734,0.051574767787694965,0.0021907188129730174,-0.083489867161446477,0.99650621816045248,-6.5109516324193093,-16.727168692745032,-1.5387496857567187,,0.09375053485563216,0.3714285714285714,0,5
0.98384075213037336,-0.17174745377787781,-0.0505982862195705,0.17759284218979959,0.97200770893780941,0.15382391286279348,0.022763058900129324,-0.16032412758623418,0.98680191389316985,11.918114013661267,-7.7306338312541127,-1.2209349959785274,0.3644041588995499,0.1350235911340763,0.1875,1,6
0.49377809675095174,-0.86291166362078298,-0.10754837030945247,0.86955878959169908,0.48895795171942263,0.069192722841093526,-0.0071205767199879295,-0.12768548170233873,0.99178914853390865,2.1247110378941843,-14.137776432931721,-1.448361372149491,,0.1076085047640078,0.32,0,5
0.47245086668669189,0.87872022757261659,0.068124446579209644,-0.88052762925655037,0.46724169256101278,0.079726374861519997,0.038226596537402367,-0.097652252341919168,0.99448618136689948,-5.2964444794227052,15.601403741053163,-0.84995278929358842,,0.1974814384304677,0.2857142857142857,0,3
-0.74251241102813903,-0.63956701719955111,-0.19907121836078717,0.6693515960067834,-0.71971180303390048,-0.18434576614846093,-0.025372433709660334,-0.27012765701453112,0.9624901498319286,-1.86864667081451,-12.929377658661604,-1.5720773944487052,,0.3490213825320561,0.1818181818181818,0,1
0.95439556293032002,0.29853279171910552,-0.0026984675863859823,-0.29761349439369661,0.95209233686730643,0.070330576802161732,0.023565173746247212,-0.066320090070420792,0.99752008914074553,-15.544062795232929,2.481154807909296,-0.98135717408365952,0.2924443029768827,0.180273204277268,0.7631578947368421,1,5
0.99706057416222438,-0.069382895671990422,-0.032499619066478205,0.074574087750870377,0.9761439519503986,0.20391589076573793,0.017576031617574355,-0.20574012457182139,0.97844881534689909,-4.4439058105499933,-9.8678706492957513,-1.5755368513900523,,0.1121809659326072,0.2941176470588235,0,2
0.35966339155722304,-0.91264198277763331,-0.19423402391256106,0.93308171574102117,0.35159039405809034,0.075780647634265383,-0.00086978350620324626,-0.2084917410301578,0.97802374071331521,-19.420182401511116,0.034926364538364521,-0.94172684363733983,,0.1772014011988724,0.3076923076923077,0,2
-0.087786624746899952,-0.99410915713521864,-0.063564866203368403,0.99599242095762885,-0.08869056452048589,0.011536080790246418,-0.01710572741828156,-0.062297411382357386,0.997911031417405,-16.941721138394819,-4.8514717015487223,-0.81128777572042654,0.2175863729002712,0.1948217894301252,0.7914893617021277,1,5
-0.28943611318009993,-0.95595778896410522,-0.048697454821136583,0.9569837608702717,-0.29007145762050718,0.0063742375627154858,-0.020219243749161318,-0.044757738914902444,0.99879323535426412,-11.489828023323238,-15.668687145286876,-1.3305965187516535,0.3090062770842003,0.3393828908989588,0.8428571428571429,1,5
-0.74811023489802619,-0.66081365647042434,-0.060468073088257392,0.66312014583889312,-0.74785907448193201,-0.031280615365301967,-0.024550939359299889,-0.063498945953572986,0.99767987613229936,-17.307469718728999,-0.0063034973950407127,-0.94897872985445619,,0.08179915694824688,0.1304347826086956,0,3
-0.6319641770770309,0.77463435234084854,0.023725493984866723,-0.77498429698517868,-0.63183649521628482,-0.013490097819905155,0.0045407397789363315,-0.02691214384393301,0.99962748971603621,4.5653097706731902,4.2287162902742965,-1.0504527775778079,0.2394254539968358,0.3041226117329286,0.7023809523809523,1,6
0.99849893899881559,-0.046197823539139579,-0.029421589326318099,0.050358399645341334,0.98559267319661137,0.16146551993016309,0.021538347276429611,-0.16270477448865578,0.98643968693235162,19.892257934693159,-10.632184086921248,-1.0565321192638402,,0.4150551138765673,0.2142857142857143,0,4
0.81038531383938894,0.58274944767826542,0.060652488358787109,-0.58467166228251322,0.79765278147914953,0.14801718657770876,0.037877307682032256,-0.15541274538870262,0.98712318792210951,-5.6743147002170877,-7.2574231741968482,-1.4211713710815848,,0.6829753609965292,0.2209302325581395,0,5
-0.562033093835548,-0.80015705899547673,-0.20944565494025139,0.82683501867997433,-0.55011636347797011,-0.11711463836028035,-0.021509377446312164,-0.23899930454602203,0.97078147855652341,-28.174365695897482,-9.469644697979664,-0.62011097939699533,,0.1763449729128503,0.4166666666666667,0,2
0.73403462060325053,-0.67723102777746547,-0.050510501594424211,0.67909211842230166,0.73254982132106328,0.046953742973153724,0.0052029273061248837,-0.068766956439532012,0.99761918348109702,-4.8674265938999852,10.312740057788258,-0.94271263370885605,,0.113744012301201,0.4285714285714285,0,5
0.88957183132076401,-0.43165694223499707,-0.14944644907442564,0.45668409517239272,0.84763122195025864,0.27011284455146573,0.010079391707599736,-0.30853459416318929,0.95115971848442005,22.102908435284252,-4.8502868109315331,-1.0284065502463975,,0.3314878609322281,0.2380952380952381,0,3
0.88974541717629874,-0.45198893932061202,-0.063710998623488363,0.45571396936464387,0.88756286398431405,0.067505115375664879,0.026035950908201728,-0.089096359116350388,0.99568266433262553,5.3961430445277934,-10.165507558175561,-1.3677230257582422,0.6831689917184918,0.2793971024986261,0.4482758620689655,1,4
-0.9895809170118629,-0.13989278944692177,-0.03405313710539111,0.14245932686711918,-0.98562319385669994,-0.090841950222813064,-0.020855427939187959,-0.094746647394385167,0.99528293662304712,13.278445912627749,2.2205841714876846,-1.0764760477378328,,0.09208565868827105,0.375,0,5
0.99414700422502944,-0.088698780896075358,-0.06167868560492256,0.097755993710632025,0.98159975181973336,0.16402954892666832,0.045994561461630702,-0.16909894587190499,0.98452529008703715,5.1209073652519175,-7.6958230052589833,-1.4114008186273295,0.6689754599866989,0.5004318534845107,0.7604166666666666,1,4
-0.9873757213818154,0.15811151774569088,-0.0094832896134485721,-0.15742730991688023,-0.98618915510034921,-0.051454761245120322,-0.01748790776716691,-0.049312253229921894,0.99863029934171033,3.1689234039668515,-8.5559984595539937,-1.5075925602060067,0.4521182781723102,0.3664122812335509,0.6363636363636364,1,5
-0.25191661732495241,0.9524524238323665,0.17138377476121336,-0.96734916946924077,-0.25292215782100208,-0.016308476640579831,0.027813706022780892,-0.16989632844478117,0.98506935559800046,25.492396505426719,-0.089559721903269912,-1.0557106161022047,,0.3071279626996126,0.5,0,4
0.70783157385008588,0.6949903727519966,0.12634415238922031,-0.70517342658746962,0.68477147435157193,0.18389797809997865,0.041290452840776662,-0.21926333413595259,0.97479161301674555,0.32957783318347139,-8.8385948618922754,-1.5967435215561669,,0.09657862790949552,0.2647058823529412,0,5
-0.85045215810207475,0.52509490262830127,0.031724911556984266,-0.52601961721872603,-0.84817804191302437,-0.062428931735638099,-0.0058727404666469906,-0.069780745556083393,0.9975450658837669,1.9646700787831126,-25.96268192766572,-1.0792003950444449,,0.2477159171135424,0.7692307692307693,0,1
0.8930130904407243,-0.44345772893844659,-0.076634606714344813,0.449585033565923,0.88667519886122581,0.10807584983673917,0.020022934226400595,-0.13096692089669412,0.99118451750206649,-15.218597737717626,4.8542855374378329,-0.97788892451200971,,0.2528642802308486,0.4576271186440678,0,3
0.66260652292222888,0.7382931650521386,0.12599919927606362,-0.7485384041816866,0.64709342700167605,0.1447769118207746,0.025354550795618956,-0.19024536569525666,0.98140911325778435,-22.427077988144639,4.6473188743588754,-0.85760348890483051,,0.6380914606605901,0.625,0,1
0.55516423310214502,0.83168975186296334,-0.0092103707976287953,-0.83126474773491732,0.55518708156597407,0.027680744850176429,0.028135270699101246,-0.0077111029288083914,0.99957438214187433,1.7030203345536079,-3.2982147775816606,-1.4200320488828868,0.1981926626120998,0.1341898855447749,0.4576271186440678,1,5
-0.57868686052638085,0.7900532753150461,0.20232977936549246,-0.81553894552130735,-0.56186934777583353,-0.13856068839304017,0.0042125754728886654,-0.24519106466983506,0.96946562394649038,-22.098385260271584,-12.626703065011773,-0.8696901337810401,,0.226788652734169,0.2916666666666667,0,1
0.59995528263931741,0.79991693169613254,0.013658741487497343,-0.79966859561035275,0.59907859176070888,0.040434862291996394,0.024161871362615928,-0.035181575857988437,0.9990888152173486,10.844823187552493,-13.593311776707807,-1.187406068584304,0.2998806873779641,0.2237997170547143,0.7647058823529411,1,5
0.99896935128906017,-0.035004545385677134,-0.028894930134129262,0.037458783973228382,0.99530071812301868,0.08929344884732214,0.025633468129793596,-0.090283787615188169,0.99558614042457116,-14.378135705565839,4.025205977678902,-0.99065933994629563,,0.1144131423734188,0.2045454545454546,1,3
0.43865307688844396,-0.83917955482531004,-0.32149829377384992,0.8986188577643156,0.40633020463652092,0.16546876826277734,-0.0082235397888291741,-0.36148781385164158,0.93234056751280747,13.533173190621545,-2.276552854070911,-1.1818607196125077,,0.09625418556743212,0.3333333333333333,0,1
-0.25041396480575129,0.96480388594313027,0.080288902715749025,-0.96805579756778604,-0.25061624604218496,-0.0077116804342873433,0.012681444147315164,-0.079655250227201713,0.99674180311933369,-10.595240779243765,-17.15319384983075,-1.3508058612989584,0.4543028615352984,0.3988680160697273,0.4210526315789473,1,5
0.57240546177026297,0.7944475134909923,0.20299048165751812,-0.81958935868843141,0.54678086481113908,0.17118402086955387,0.025005408620079765,-0.26435550719506851,0.96410108150306562,-16.091010397470527,11.885540219707293,-0.89937494300917808,,0.3750634212715696,0.4,0,1
-0.78040467230554045,-0.61866065861399089,-0.090705771188961379,0.62471939598992066,-0.77757659707072202,-0.071416468422231316,-0.026348125505805203,-0.11239940022623837,0.99331372240149352,-12.120672208324168,11.353272876768497,-0.88082311717074124,,0.1238751133261943,0.2142857142857143,0,4
0.097400634896492602,0.98919083464121382,0.10961117180095703,-0.99515967254835036,0.098244084131207526,-0.0023078272639516493,-0.013051530761569534,-0.10885583399634111,0.99397186325858378,8.907248321278562,7.27865319956652,-1.0348820866296131,,0.6831260157048579,0.55,0,3
0.20866731387672491,0.97671313537588555,0.04989392050821137,-0.97775481027251199,0.20723530792889028,0.032389166963385292,0.021295142836722351,-0.05554258124921236,0.99822920141605687,7.963641965862065,1.6762152397962302,-1.200228762586836,,0.2204288577113077,0.4102564102564102,0,1
-0.40486413383066389,0.90750062900848361,0.11192694709832984,-0.91397598386296297,-0.40526758211349617,-0.020151620520666959,0.027072754925839802,-0.11045720998235797,0.99351208885631503,-20.067039581231572,-3.8214903486280938,-0.84056471958443024,0.5356673995495225,0.5107606696359781,0.75,1,5
0.36861565001427438,-0.92340732890752419,-0.10696451507123821,0.92951135730379886,0.3647218812472573,0.054649665897519767,-0.011451602848634718,-0.11956945370508648,0.99275979296749517,-4.8188162504993253,8.7184584065558255,-0.98955916951837886,,0.07613264334656532,0.2,0,4
-0.99805871060121421,-0.056433682042218422,-0.026344823480107138,0.057045281717149975,-0.99810498739362696,-0.023070976870890512,-0.024992919534364479,-0.024529037305282747,0.9993866520531598,-2.1975983480421224,14.149502052016196,-0.93550902577414941,0.1339442942799348,0.1184495880652276,0.392156862745098,1,5
0.98923979812532814,-0.13316941362860191,-0.06058489150583693,0.14551180864456761,0.93857747083085397,0.31288759130675636,0.015196557174123715,-0.31833667479976518,0.94785591000292957,-6.7897248789131579,-14.166067166859603,-1.5235186387893394,,0.4397765760879991,0.2,0,1
-0.43547686549429138,0.89854888149008694,0.054495937391540079,-0.90011518414949554,-0.43546786192232262,-0.012664773836220545,0.012351310974485814,-0.054567836732976868,0.99843367146320583,0.16830665182288512,13.07503805190461,-0.94497434498704458,0.9059118000839937,0.5220278734022817,0.9391304347826087,1,5
-0.89980134481015139,-0.43399549907503565,-0.044782213661803724,0.43567280797794289,-0.89926353998548547,-0.038913879803807533,-0.023382563299500617,-0.054525154152752907,0.99823858034948798,-9.3097504954167238,-18.23884933297099,-1.4293776957897484,,0.09664097528589477,0.3793103448275862,0,4
0.9746240708814774,0.21509939590136168,0.061969107959424861,-0.2238479350906076,0.93634774441159174,0.27045332959864982,0.00014971335517554598,-0.27746198193301008,0.96073660603087141,-1.1744540108466106,15.517722016623216,-0.93438053856121794,,0.2799955803850242,0.2666666666666667,0,5
-0.12939586012705925,0.98654231672008286,0.099954833312608057,-0.9911064252155759,-0.13183113783044997,0.018127465204265024,0.031060670926132374,-0.096720258575448415,0.99482683231943325,23.436796078023626,-3.2095688836395833,-1.020887794322678,,0.1198089139280521,0.3636363636363636,0,6
0.97498265908420656,-0.21216134559503491,-0.066305187733643883,0.22197725304277316,0.94491138556231247,0.24055887546772214,0.01161523209730631,-0.24925897550542594,0.96836720799152975,1.9883242331011259,14.078693960944314,-0.94473059971827655,,0.473150307719966,0.4642857142857143,0,2
0.13505631026094192,-0.98628396914047722,-0.094887961698024922,0.99068576095439864,0.13273667000354944,0.03037596876763967,-0.017364218983414649,-0.098106618802578677,0.99502440937206238,17.566800817290208,2.3487036148555918,-1.1226799658255555,,0.5138803477131273,0.5918367346938775,0,2
0.86077385660773464,0.50896177634005424,-0.0051262077038719154,-0.50855449563412014,0.86041319255956439,0.032580101899522963,0.020992683272333064,-0.025437143987367045,0.99945598149933224,4.8639585836866059,-14.27989026485187,-1.3440420630747953,,0.0909397983620284,0.5,0,5
0.98548132679443934,-0.16775399332085011,-0.026175413356403707,0.16926010584370163,0.98279581622584333,0.073914817044734543,0.013325581009821371,-0.077272125206220829,0.9969209836074594,-9.4037017470974167,-7.6704268529354023,-1.2938465173747975,0.2546435602162482,0.2209833592680218,0.5672514619883041,1,3
