axis_00,axis_01,axis_02,axis_10,axis_11,axis_12,axis_20,axis_21,axis_22,location_x,location_y,location_z,dbh,dbh_approximation,score,reconstructed,number_clusters
0.99637783432231697,-0.050674853415619454,-0.068288143205653892,0.054195525476475589,0.99724090462609927,0.050728918368607816,0.065529049203380763,-0.054246081626470259,0.99637508315828327,4.7815893758403165,-13.352813828675172,-1.3432763117566251,0.1218934975375237,0.1228673395825565,0.3571428571428572,1,5
-0.059827210481606094,-0.99285602886744084,-0.10323570519720855,0.99793139594092362,-0.05705206122817142,-0.029630918058949487,0.023529425861860527,-0.10479488656987201,0.99421546853155462,7.1193240253814185,3.0755201013054436,-1.5339092453675436,0.3324745703537808,0.2817080575470571,0.7923076923076923,1,5
0.73525467539012945,0.67747272562089145,-0.020767001631341601,-0.67561812165492841,0.7350049206208914,0.057514522988058238,0.054228369037083356,-0.02825725929523103,0.99812865467769263,-2.2031825402709284,3.4299980219583843,-2.1355433075335699,,0.1232557431965957,0.1692307692307692,0,4
-0.6925818190470221,-0.70891882191409439,-0.13328363688559658,0.72045087451717671,-0.68898594685738512,-0.079049999623459918,-0.035790520154845858,-0.15077290528794013,0.98792032558201792,-20.085860465682227,-13.842434098664636,-3.0238213838846493,,0.2947941379833032,0.639344262295082,0,3
-0.79431254737979162,-0.5970001795257891,-0.11250938948017707,0.60605722115964167,-0.79150332649774957,-0.078848771856324801,-0.041978825082177144,-0.13081769677368926,0.99051729336521299,29.519282760501699,2.2615075794342565,0.11985839421488241,0.4693838964288979,0.4062549574276095,0.7674418604651163,1,5
0.75840049779581886,0.64903102899873411,0.059894977584930988,-0.65074083241789626,0.74876837635723059,0.12602494828969682,0.036946636749752668,-0.13455349108886758,0.99021730143877029,-37.67080445234869,-0.70173106856828438,-4.4235814981821528,,0.5962784471412275,0.35,0,1
0.91743713176878383,-0.39104516596596423,-0.073435600538966014,0.39216204322877396,0.91989574974023891,0.00086108099302311953,0.067216375255590002,-0.02958864282955273,0.9972995894479274,4.5803489468185106,6.6178972843108328,-1.7879147624522589,,0.07868601933703168,0.4117647058823529,0,5
0.068846671564579964,0.96987508645167353,0.23367167670652403,-0.99755524168064735,0.069740890816423054,0.0044438658392553353,-0.011986476127052772,-0.23340635130281084,0.97230540446999725,-9.5689496800299754,-9.4772684345288454,-2.3879256363210764,,0.2485894626077747,0.375,0,3
-0.52952204189789698,-0.82722068430830653,-0.18791579655999879,0.84706321564056741,-0.52755498683989177,-0.064572785049300405,-0.04571997214504249,-0.19336927189411077,0.98006020673946248,-4.5625914740908167,-5.3010283081862912,-2.1071090420156038,0.6178601016394492,0.3855374259658734,0.7346938775510204,1,4
-0.75093199098217389,-0.65516951509396415,-0.082789198637802972,0.65933560586861151,-0.7508761818940819,-0.038229809024341227,-0.037117431934611721,-0.083293853048749422,0.99583353543193853,8.5299308875760644,2.6416256802202711,-1.4530551519046231,,0.07889273829229955,0.3870967741935484,0,5
0.9739139532131118,0.22672939025395691,0.0092409594673809499,-0.21942944254516464,0.93061851833783704,0.29291618779269873,0.057812900646198054,-0.28730290099781114,0.95609346383976235,-31.506065912689301,0.9852650524401485,-3.9540170353165545,,0.1527512831407647,0.25,0,1
0.0014817006361854657,0.99999269597984608,0.0035231449282553226,-0.99982879716628958,0.0015464204038368693,-0.018438680564142454,-0.018443994150850709,-0.0034952211511377089,0.99982378572870001,-9.391452840358081,16.607864451419026,-3.0364524418296894,,0.09762744608641234,0.2608695652173913,1,5
0.99056425200551979,-0.11501001869842392,-0.07453293398044783,0.12083277441577282,0.98952519242134596,0.078989456198190824,0.064667637004397815,-0.0872501527934888,0.99408526171640876,4.0442157834199985,-21.316162461129736,-1.2401508746901742,,0.3071608432729715,0.4333333333333333,1,3
-0.27418491259783861,-0.94796280338341621,-0.16183064328231797,0.96143023413816053,-0.26639362420324642,-0.068456861371963051,0.021783906645876542,-0.17435871181364232,0.98444121257997408,-8.3946798663032425,8.7132668239583406,-2.7276998898550526,,0.222415151012007,0.3358778625954199,0,5
0.9959137207211346,0.063078997927050615,-0.064628947847727991,-0.058872067160373312,0.99614371729587081,0.065052088361772911,0.068483140900879355,-0.060981427602857595,0.99578678686748345,1.687223090565432,-5.8193519209791766,-1.6827793822925023,,0.1045430757436327,0.2857142857142857,0,5
-0.72747300544693805,0.68085236451108444,0.084988729168431074,-0.6837274409561519,-0.7089662619240138,-0.17286881134849863,-0.057443997332630926,-0.18386652004417875,0.98127126217845217,-5.5709034397886592,-28.103415121303858,-1.8574224269167783,,0.5713578477446757,0.5151515151515151,0,1
-0.4906766360228268,0.86711831980505494,0.085686978706106864,-0.87014636615803698,-0.48247908490048497,-0.10029573318718094,-0.04562609257087466,-0.12377298611590891,0.9912610693377728,-13.505653323642948,28.876338479540379,-3.6641393657946888,,0.2977331554683179,0.4285714285714285,0,1
-0.075240740085608229,-0.98845059518959011,-0.13154562668791461,0.99711985103798106,-0.073318905157526162,-0.019399505470429207,0.0095306714016108861,-0.13262638883664113,0.99112027892016608,3.7449612722994816,21.650564026575307,-2.2605559318726054,0.1720911614062833,0.1668276061539319,0.2307692307692308,1,5
0.034469729491238256,0.99936827872789236,-0.0086533936262255563,-0.99927254672095378,0.034322485999257094,-0.016623607449954031,-0.016316099981926541,0.0092201099386257455,0.99982437180441808,-28.311599261389478,1.3997723549582546,-3.7699097757216578,,0.2221954867846724,0.6338028169014085,1,5
0.52735913392200373,0.83473675429224559,0.158451553803305,-0.84942971374412235,0.51380433389424485,0.1203090515300905,0.01901329212979103,-0.19803953520733894,0.98000961077800075,-0.43205488126306191,5.3905126827722167,-2.0647646479463289,,0.5976622637664349,0.25,0,1
0.9743139110704726,0.22072254344051642,-0.044653796162345868,-0.21482095223278039,0.97046698974387391,0.10975327010738518,0.06756005607132444,-0.097341566838696811,0.9929553153032753,-9.180900519026741,-5.809052178065186,-2.4005825767451565,,0.2570233120370613,0.2321428571428572,0,4
-0.75309812869782489,-0.60005520240201171,-0.26977205678519228,0.65689447842721049,-0.70857024370915878,-0.25771661557180281,-0.036508256102905187,-0.3712976754576065,0.92779587379773387,-14.152037594304266,19.157476228402494,-3.4873283467507687,,0.6135219394390329,0.2424242424242424,0,1
-0.99321407326510269,-0.094109820386224771,-0.06833115230272041,0.099819342239521908,-0.99131638942163647,-0.085603241637928054,-0.059681685490728664,-0.09184311498922941,0.99398336940114995,-8.8026529610166016,12.85343836063573,-2.8859377170135208,0.2553566480289563,0.125633329094632,0.2307692307692308,1,5
0.3784996322036987,0.92550301900421938,-0.013497786327468843,-0.92556574899323485,0.37857285465698332,0.0032615958450734769,0.0081285123029270004,0.011258575884176938,0.99990358123011192,15.884053460169742,-3.1028251366193116,-0.88130413081259684,0.2705503114934319,0.222626810494654,0.2777777777777778,1,3
-0.72268424206092119,0.68743593491967847,0.071828418177905071,-0.68688349380275993,-0.70273787931342846,-0.18533898380907329,-0.076932127347074331,-0.18327931787076651,0.98004598842231927,0.52083139916390331,11.995447279513499,-2.2245985894023939,,0.1407384938886068,0.375,0,5
-0.014037894560902611,0.99973706240172355,-0.018131287231468139,-0.99970548960831607,-0.014391828699704397,-0.019539941496230111,-0.019795746090883051,0.017851647740513579,0.99964466042171929,-7.9662563260584731,10.694774031020559,-2.7684623376463975,0.05906774224024259,0.1140257205067423,0.352112676056338,1,5
-0.28547057763528527,-0.9429712486211318,-0.17120681522205469,0.95835485062451287,-0.27939510896016989,-0.05911305586417441,0.0079075653043616089,-0.18095192003136368,0.98346015325884906,8.9311461677009518,18.355466752997451,-1.8356348200854957,0.3255394256474076,0.2634044727784581,0.2,1,5
-0.50518412210209696,0.84910733316905562,0.15429108702212063,-0.86178586237816335,-0.48681380557079623,-0.14260941802982113,-0.045979671389199013,-0.20500989113750862,0.97767930036118078,-8.7379250618705786,-8.2859613180161542,-2.3395847765950606,,0.09293873658193061,0.2608695652173913,0,4
0.065803715720967687,-0.97125911897177974,-0.22874788482405162,0.99759419731393506,0.069046735768603068,-0.0061940104348828465,0.02181028387895945,-0.22778997364648032,0.97346599294646974,5.5047394512698462,-14.908189493751175,-1.2638276223444191,,0.196284287366248,0.4411764705882353,0,5
-0.93523159845222825,0.3517131492923759,-0.040493429977335585,-0.34780655638412661,-0.93410735877988438,-0.080461429327874381,-0.066124553629539756,-0.061166190727460094,0.99593485756809752,0.75967800160219978,-18.595539589444076,-1.5157989397702596,,0.1361561063418648,0.2916666666666667,0,3
0.98707683604842322,0.15968767978438067,-0.013385240442955604,-0.14865771868820984,0.94367487262311189,0.29559874399965025,0.059834792646517129,-0.2897888536587197,0.95521841370657934,-19.028833599272975,11.080526067128671,-3.5030510736925491,,0.1978009114627463,0.2,0,1
-0.71866300565249386,0.69530670947053064,-0.0084890560009848789,-0.69253784860877321,-0.71679294543890137,-0.081235470167637699,-0.062568462909493305,-0.052501934576626511,0.99665878529959084,-20.796240068672411,25.397820882911073,-4.1634385401994267,,0.1585203177142741,0.3846153846153846,0,3
0.13825369702288687,0.97697891900875145,0.16247494290503708,-0.99039424311031088,0.13675648128042134,0.020418326125134865,-0.0022712273022278033,-0.16373715717664389,0.98650138615526162,-2.165060653813232,-25.746234421123194,-1.6439681403602748,,0.416865968761351,0.4074074074074074,0,2
-0.74987458879295155,-0.65458252511255743,-0.095967801370410777,0.66058586712254896,-0.74877759103436714,-0.054391463693490932,-0.036254837477947548,-0.10418174975512058,0.99389725312901922,-8.7259469457826384,3.8915970646489639,-2.5901510703205863,,0.07095043203024988,0.265625,0,3
0.9974742950072607,0.027495310487679312,-0.065490752789652065,-0.026073652671059044,0.99940757778725153,0.022464596542302675,0.066069625669880894,-0.02070027445725232,0.99760027225399106,9.8707587382211806,-11.201745920214831,-1.0686684723351749,0.1882995579550227,0.1372132557957645,0.3636363636363636,1,5
-0.83703289873575848,0.54644694577329522,-0.027778802872921508,-0.54392730424322777,-0.83653018172272375,-0.066032891543866698,-0.059321278920049902,-0.040162053259094443,0.99743069701373488,-7.3002172849900839,9.7059346254039127,-2.6883844338188907,,0.1153576202236567,0.3461538461538461,0,3
-0.2742879629604561,0.96084038980928121,0.039393637635438059,-0.96063940974481554,-0.27189508127304823,-0.05696480689561767,-0.04402315095646727,-0.053467841649643091,0.99759869290671832,-8.0537310313951167,20.539673523224522,-3.0615548020124237,,0.504871015631576,0.6666666666666666,0,3
-0.24226333795976276,0.96976682249433033,0.02933913887360327,-0.96963103149927565,-0.2409628856923898,-0.041863474204218279,-0.033528164790884898,-0.03859012448861876,0.99869247742120715,-12.743980563985609,-5.8388913088998402,-2.6333568170406605,,0.1265398288597139,0.3093525179856115,0,3
-0.96624636394328689,0.25596719595024886,-0.029133464671132644,-0.25183386328881774,-0.96231872533180363,-0.10257863411452511,-0.054292443925525041,-0.091779439272309055,0.99429817713775093,-3.6131200227882303,9.86018548200963,-2.4442542154088054,,0.114420106547925,0.3380281690140845,0,5
0.084473576727621263,0.98438266130108487,0.15445061011415814,-0.99636195527912474,0.085200821991217479,0.0019167692557540807,-0.01127248451769204,-0.15405062824219151,0.9879986513305492,-13.742584638475874,9.7699663146461795,-3.1242327923008566,,0.3524545361972073,0.2058823529411765,0,3
-0.62633755678353464,0.77934936550588485,0.017771647307068789,-0.77448634036371944,-0.61951113053996565,-0.12797213652629999,-0.088725270089444683,-0.093917653413338117,0.99161852585804722,-5.7819512468935992,-8.4176024522136643,-2.1489680910608571,,0.2897688506487335,0.25,0,5
0.99568081452241786,-0.044024257726749547,-0.081740934198130222,0.067248617588035256,0.94899396081326748,0.30803909779838751,0.064010460273868697,-0.31220558462582809,0.94785565035187302,-8.9068126576915123,0.69155868521396069,-2.4957165652077427,,0.2159266865008202,0.3286290322580645,0,1
0.97273291287481478,0.22380476453648598,-0.060844947044484093,-0.22464883540164837,0.97441231704848541,-0.0073169076039589047,0.057650507046868894,0.020786143340453148,0.99812041121413253,-19.028074280239402,16.460995494226026,-3.7756609312225731,,0.2003079240322085,0.8518518518518519,0,1
0.90814918402593048,0.41769440528679608,-0.028221327841671764,-0.41558491759975652,0.90759466081926354,0.059675019195392691,0.050539448123629004,-0.042465461783390716,0.99781884565229739,-10.450047539552477,-7.6620476944132125,-2.4575913663717559,,0.1354046311693445,0.2948717948717949,0,3
0.18633483057325734,-0.97574874783206511,-0.11486388474796778,0.98213123936550217,0.18813296445831029,-0.0049210107206184061,0.026411353195544426,-0.11189445378698212,0.993369051075226,19.472169956702587,1.1187243753588587,-0.72242185215102483,,0.1068064437619147,0.3157894736842105,0,5
-0.76164883769298219,-0.60539278770011762,-0.231064105047947,0.64640779465205156,-0.73474608904311478,-0.20568215199408452,-0.045254956126368359,-0.30601921056777937,0.95094912151464384,-8.5920031903485352,14.211419657597277,-2.9046436785559648,,0.2804450999489173,0.2307692307692308,0,5
-0.98896345907665983,-0.13350193116713996,-0.064253490066868479,0.13631089566728238,-0.98979632298364406,-0.041503960418760373,-0.058057009340063442,-0.049804351041881675,0.99707016316996755,-9.0107323401647577,10.499598053191146,-2.8339585674479029,0.1438631548755547,0.1034089352229084,0.423728813559322,1,5
0.99783818760954479,-0.0066497611333384034,-0.065381434864709612,0.019499362040699918,0.98002424721111725,0.19791980638199963,0.062759272048872883,-0.19876683716141397,0.97803528475037294,-2.0838860440939642,-7.6753636442499662,-1.9077110117618903,0.5160370388714185,0.372990154113098,0.4082397003745318,1,5
0.44225901191234746,-0.87501794299042324,-0.19685163404737821,0.89604894950306668,0.44055982850978986,0.054802532768799338,0.0387717226437648,-0.20062561388873859,0.97890046305791578,9.9826936752335715,10.246671104420031,-1.5838842506688091,0.2681437209064687,0.2240854041160053,0.3571428571428572,1,6
-0.6387274870935733,-0.75973437417880774,-0.12178209196045951,0.76895636581527715,-0.63585602155287835,-0.066281425204264513,-0.027079599393123179,-0.13598088301699726,0.99034130215326632,14.524249239635299,-9.2365409125333997,-0.81699780217167739,,0.1027989127048772,0.2631578947368421,0,5
-0.0078751730821161707,0.9995516297570437,0.028888078838251684,-0.99973300406219534,-0.007242444838136468,-0.021942369551747772,-0.021723310928715038,-0.029053165796602647,0.99934178903891036,34.329992061546072,3.1012726862748514,0.56436845301815619,0.2027111567718548,0.1761276086932661,0.5,1,5
-0.72948216994923543,-0.65083525587087343,-0.21040255093902754,0.68289302920727302,-0.71048120952377392,-0.16992222213045091,-0.038895685959628314,-0.2676376666860073,0.96273423382811107,26.08548462220125,3.1119448649086641,-0.17249538079423563,,0.1852156736220234,0.1666666666666667,0,3
0.38378334097839895,0.92334790998710936,-0.011789160695040444,-0.92332904718856712,0.38389522432021528,0.0093769591010640658,0.01318399807757174,0.0072865538196804375,0.99988653772721725,7.6452672587696915,14.238010154396138,-1.8311025947102038,,0.08690843949152674,0.1923076923076923,0,4
0.94814841624531132,-0.2785024741110923,-0.15313703890799471,0.3110870422382343,0.91191846668587861,0.26763699719721779,0.06511092783070567,-0.3013985435122023,0.95127256086031819,4.6683249662747164,-1.919374165262085,-1.560715223653327,,0.1898352137554956,0.44,0,1
0.71924872998144451,-0.68422146799739048,-0.12050828665106966,0.69282231883424916,0.71929928406028731,0.051046787122144388,0.051754216690182306,-0.1202061674035719,0.99139900059104935,-12.747959762911687,17.634038427465224,-3.3294851868511923,0.5678682906713584,0.4761248341623555,0.7326732673267327,1,5
-0.74871704819804152,0.66164657691165762,-0.040578183777722356,-0.6603080344643677,-0.74979973859359483,-0.042351524491822327,-0.05844725279614351,-0.0049152076318025283,0.99827839773007276,-15.484752377512553,-2.3975899020373088,-2.8881932212307153,0.3939626182670264,0.3971948328785667,0.9588235294117647,1,5
-0.61291611462247175,0.78564060468559815,0.084277379559050569,-0.79001920640249812,-0.60739482951770274,-0.083313711898627893,-0.014264990405171547,-0.11764506510860624,0.99295324598106416,-7.6972398598650669,-17.922943170199332,-2.1130412688829852,,0.2197656646858147,0.4444444444444444,0,5
-0.96786848343428222,-0.23977401659357747,-0.07575631816031235,0.24465176748498244,-0.96753843605202883,-0.063363139351433298,-0.058104315167616771,-0.079861102725781868,0.99511109572264611,-5.1364059623518248,18.29571869524818,-2.7894186161761128,0.1797110647977457,0.1717661837318727,0.4411764705882353,1,5
-0.71616982147619568,-0.69032901676084479,-0.10269681311880434,0.69712163711128883,-0.71462049608836109,-0.05778381816478298,-0.033499401159271587,-0.11297519722677858,0.99303292741657878,-15.763197319819113,-6.9256791271321623,-2.8060383681506393,,0.1133462764670261,0.6470588235294118,0,1
-0.98428619003795981,0.1670779205601704,-0.057145993401520837,-0.16323574251332831,-0.98435209010349378,-0.066370588930682067,-0.067340838030719732,-0.055999385444597607,0.99615725684409273,-1.2644289109553974,16.358378624010456,-2.4714673612706073,0.2334431625826814,0.1207141857527186,0.45,1,5
-0.96741595352147347,0.24606271958078255,-0.059661636791546832,-0.24192890034992962,-0.9678502260059032,-0.068821124633320116,-0.074677841744463486,-0.052144779727507751,0.99584343242276674,-26.747366781295057,-3.841906021870011,-3.5456185844156169,,0.3174020767141871,0.83,1,5
0.60826576673908661,0.77867304796819437,0.15388645613319576,-0.7933722582563123,0.59060489907080982,0.14746631148448378,0.023941947343339463,-0.21178795424074881,0.9770223362830186,-5.9161352969369672,3.6988681543773563,-2.3834262049111308,,0.1421263463414661,0.3726415094339622,0,6
-0.99362371747076106,-0.089092017072806506,-0.06909790570982445,0.096243787211341691,-0.98945795194358055,-0.10821319124225545,-0.058728540785575663,-0.11417343749538998,0.99172344162457049,0.98234860589032802,7.4533599665379127,-2.0476869981985839,,0.07467992576285798,0.3428571428571429,0,2
-0.97367741927988438,0.22195845337391498,-0.051833658565870411,-0.21840048846587787,-0.97359266252204335,-0.066472205628397243,-0.06521893760503622,-0.053401989280340019,0.99644102571028881,-3.1156874021163041,15.926559538026726,-2.5717403617264152,,0.08069474468436819,0.5333333333333333,0,5
-0.08299767027367394,0.97808500220824113,0.19094793841371568,-0.99653258589981519,-0.082582723576016662,-0.010143914756895805,0.0058473899280314925,-0.19112776413193575,0.98154775014206896,0.38308009093269579,2.9486630704572212,-1.9422168106745619,0.7802165611678392,0.4972320515855372,0.6005706134094151,1,3
0.5539081505930572,0.83096239473526234,0.051838781259004152,-0.83139025145078094,0.54872062717082748,0.08772641056068918,0.04445233963682696,-0.09169063121766402,0.99479486209354728,26.04197667586628,3.9644528791499241,-0.20213452045176572,,0.3347046142132699,0.3333333333333333,0,4
0.1430244802553241,-0.97638575882873524,-0.16190999970393785,0.98937919833187338,0.14533659184650577,-0.0024651528597195238,0.025938387688405166,-0.15983780850248461,0.98680244984355858,7.0668297004041971,19.607686935927678,-1.9934936269442856,,0.1551491063697484,0.25,0,3
-0.81491670434669794,-0.54969765705573137,-0.18369336080587034,0.57600690957054379,-0.80327074545304455,-0.1515656611053483,-0.064240214069593599,-0.22932203410651525,0.97122839722155085,-12.968277662041016,12.278639635559632,-3.1661542265193767,,0.1445316609647821,0.25,0,2
-0.092201282751889768,0.99420896661173752,0.055203751391795446,-0.99492278326605121,-0.089737694681736632,-0.045560964556752841,-0.040343262102119803,-0.059124249356998206,0.99743508277026782,1.8935786502211835,-11.305630547844672,-1.5592312531987229,,0.1583108655779713,0.1025641025641026,1,5
-0.85666132874968914,-0.47147282148823971,-0.20939137141423791,0.51361358230472265,-0.81748106252679142,-0.26062578629555905,-0.048295505970295076,-0.33081428477015157,0.94245925805579844,14.303685255212253,0.14919734831210713,-1.0459675453821298,,0.3138844819040927,0.3181818181818182,0,2
-0.2946952626169137,-0.93939441808970536,-0.17519369124786677,0.95558854391006409,-0.29013852136035179,-0.051673718374751126,-0.0022884359271374221,-0.182641084328618,0.98317699188715479,-10.091877342467795,-4.4671412121544414,-2.4960940323252436,,0.07599163889291501,0.2470588235294118,0,2
-0.12599776613335828,0.99183597790988054,-0.019645759159564787,-0.9917529947960384,-0.12640621908991276,-0.021153370617543594,-0.023464020169053076,0.016818463037538565,0.9995832026692737,5.1770354599842419,-7.1444988876501769,-1.4556298307061715,0.0956031340492503,0.08620509699451907,0.1875,1,5
0.99772003807343712,-0.013520772907599078,-0.066120453164813769,0.018016222555259608,0.9975313316124399,0.067872366809709053,0.065039536833979311,-0.068908861197189128,0.99550059140963243,-10.360328013727635,6.4827987862538814,-2.802346456029785,0.2680967451062518,0.1953489330204626,0.6936416184971098,1,4
0.55799181562159017,-0.79379855062298188,-0.24192766424734252,0.82719855107824136,0.55532058281521945,0.085799809998759913,0.066239646688216136,-0.24799780509234046,0.96649335118044244,-13.593111950710153,16.293897738623048,-3.3342991104168411,,0.2102100466694602,0.1052631578947368,0,2
-0.9721561053043265,-0.21610822268196958,-0.090607632177226227,0.23117976498948933,-0.94770498902378897,-0.22002538498733448,-0.038320010163460733,-0.23484567245035734,0.97127703923876008,-3.7702778576386948,11.136799888701146,-2.4834915332330856,,0.1750310725187628,0.2777777777777778,0,4
0.49489377837391485,0.85919592730464656,0.12985571466016271,-0.86894482650649829,0.48999857522232454,0.069543402042795077,-0.0038777073618772948,-0.14725404844418735,0.98909110227643582,10.182935153722747,17.301329991699788,-1.7353871501306573,,0.2200624993500045,0.4,0,5
-0.97397824296314905,0.22027608587461406,-0.053336931165733618,-0.2167063022058838,-0.97404070444103197,-0.065445280015228979,-0.066368372126116709,-0.052183829715528096,0.99642966992033677,-14.323263153514974,-17.292623088166369,-2.6035541603817793,,0.1063436209686735,0.3571428571428572,0,2
-0.30302506152491321,-0.94888757033365967,-0.088250727782303098,0.95297626738758534,-0.30205820783898663,-0.024435074649459931,-0.0034707180593611013,-0.09150528915523555,0.99579854196156004,-8.9059596789216151,-1.7479335692161591,-2.4533153980848117,0.3339666356279087,0.2877007023855768,0.8578199052132701,1,4
0.70168729470824953,0.70653335260656636,0.091899739387795304,-0.71175076371726664,0.68925424905999555,0.13542315348798681,0.032338688793876698,-0.16043441590652646,0.98651660269851826,-8.5199154744493484,18.931073485504395,-3.0493316647674695,,0.3863080107935838,0.1428571428571428,0,1
-0.45381906841019654,0.89031742151188431,0.037190618437072789,-0.89010605164187462,-0.4509563987806221,-0.065951066930911795,-0.041946036497080508,-0.063033446290387249,0.99712953755815659,-11.809935237406489,-8.0881296396131326,-2.5294718191118437,,0.1124199641347688,0.4142857142857143,0,3
0.5171810141379537,-0.847409983634411,-0.12008379679193826,0.85401441441868708,0.52020038741433339,0.0071370091135421017,0.056419664837244941,-0.10624441900969317,0.99273810486399072,-21.896836168327464,2.1036648589949891,-3.3859887132353701,,0.1400587110871122,0.6352941176470588,0,5
0.40088300936987403,-0.89447636026962773,-0.19800215584016073,0.91415552739428774,0.40474425370022565,0.022400018551728226,0.060103947732439642,-0.18998455204422601,0.97994560331251523,-5.1895143432377946,-21.173401385366709,-1.9047219120453331,,0.1711372577165817,0.2592592592592592,0,5
-0.54631341251549337,0.83724685678246802,-0.023650710635313935,-0.83618565226650443,-0.54681504975848316,-0.042271223086984243,-0.048324013174800694,-0.0033169512366977151,0.99882620489511409,8.305846603532034,-7.9693379104425635,-1.2200851163808191,0.2501824099359864,0.2515917564701967,0.2580645161290323,1,5
-0.97962695422072121,-0.17286810703514471,-0.10221373750293124,0.19207576494544681,-0.95510822985764865,-0.22555524773059468,-0.058633873186528018,-0.24059278216163144,0.96885354006003976,-17.691781134133659,11.678336800947511,-3.4419111232554211,,0.5514622779744469,0.575,0,1
-0.12898446680048939,0.99058691192421044,0.04583205481593567,-0.99133243944791727,-0.12764248644812115,-0.031102896192865003,-0.024960004455856801,-0.049446593186979776,0.99846483793860563,-2.0161768050443087,6.4495354833378977,-2.1964246120718363,0.1829183152137413,0.0931696995665582,0.2142857142857143,1,5
-0.52447561999252312,0.85134592185772673,-0.011638099916973538,-0.85027321645993093,-0.52442779667943318,-0.044843544026314387,-0.044280711425443681,-0.013623780905976086,0.99892622910277207,-3.2899582827208302,-13.338581533788904,-1.8768197734674599,,0.0795596655078865,0.375,0,5
-0.98426943607535766,0.17552530474810982,-0.020113294135480041,-0.16922701832359055,-0.96935661465588852,-0.17807293419321793,-0.050753260754401772,-0.17186803372343035,0.98381171242613163,-34.37278076786675,-0.028757743317507998,-4.1510631412167962,,0.1825064924693862,0.12,0,2
0.2160857976766552,0.97575626155615813,0.034736811546197968,-0.9763682755178511,0.2160734462712206,0.0041540797750455752,-0.0034523332317564059,-0.034813558428153021,0.99938786141559088,0.34613284153291635,-8.9086762424699284,-1.6968360244027023,,0.1202753884449421,0.396551724137931,0,5
-0.67341038949670784,0.73867274813578465,-0.029681955451423398,-0.73722530959984689,-0.67399068030992682,-0.047280077630776941,-0.05492986622323303,-0.0099566066955715897,0.99844057198203218,-9.6058397759545358,8.9722346624693277,-2.8142407959070224,,0.08547430369338116,0.5,0,1
-0.16414904840469866,-0.94518568822124671,-0.2822748743504459,0.98634196946882124,-0.15332839369126866,-0.060165795535519172,0.013587095797059906,-0.28829571358205003,0.95744502315173052,-17.614846768241136,28.858528183540329,-3.8957119247970873,,0.4079248460556388,0.1176470588235294,0,2
0.98882884944358518,0.14342104002600381,-0.040594479747067119,-0.13621909113374681,0.98008048308979323,0.14452199098121274,0.06051335157443867,-0.13737777092505607,0.9886685401775922,-15.307804625797672,-16.90318399765961,-2.6688525431797894,,0.1102562527972133,0.4666666666666667,0,3
0.91105504116236202,0.41116604955719133,-0.030351139421452792,-0.41037461486589283,0.91145166495686469,0.029129674234875877,0.039640729639062879,-0.014083399408281329,0.99911474336774253,0.9007394379110214,6.5582556824199809,-2.0338224132896112,,0.07720573463607423,0.34375,0,2
-0.75255560422551349,0.65769491676836012,-0.033127918827370754,-0.65577252469518876,-0.75305478501772838,-0.053580655247967846,-0.060186862384336855,-0.018598043417611166,0.99801385480230986,-8.0710576332218444,-15.182190958515005,-2.190236296056856,,0.06128749699547467,0.3333333333333333,0,2
0.67447352559992813,-0.72608346350617003,-0.13374702721065218,0.73721038376312753,0.67217000348620659,0.068617319134272214,0.040078839012933298,-0.14488026241085042,0.98863714082930243,16.345415396300638,-10.647002391188545,-0.65539722704571646,0.3580892050033653,0.202040480325034,0.3333333333333333,1,5
0.73225692650138274,0.68026949087768818,-0.032143636567139491,-0.68013628062601816,0.73289778639137093,0.016597423861428099,0.03484872116672013,0.009708474835958672,0.99934544185151741,1.6960171960984955,-4.2354306147050806,-1.735299655409581,0.07470083451321385,0.0963203125727755,0.3435114503816794,1,3
-0.84302757047477339,-0.5316782286772741,-0.08138044341238361,0.53641943199911635,-0.84218021126921017,-0.054650569258635262,-0.039480481166587367,-0.089725987858277734,0.99518367084157378,2.5911700365467993,11.090688680007808,-2.054097635554315,,0.07827002389434309,0.3333333333333333,0,5
-0.9878614406862134,-0.11664717273545737,-0.10258270369893971,0.14329278230988818,-0.93926126729102088,-0.3118580611508342,-0.05997459915039921,-0.32277191460796395,0.94457468661671173,-28.08183205972594,28.496885678775428,-4.4451316470524738,,0.5253679812378644,0.6111111111111112,0,1
-0.74113013138541195,0.6706418108675547,-0.031075550983543372,-0.66818986429946292,-0.74133226042763578,-0.062839357863673062,-0.065180009206112416,-0.02580777335495402,0.99753973616811464,-0.8909495335094223,-19.853702902433145,-1.5988104955275035,,0.1068490361105717,0.2258064516129032,0,4
0.5289051140072919,0.8479702979340451,-0.034723971526588453,-0.84858382046792435,0.52902077792646363,-0.0065204418669007327,0.012840561397154778,0.032914895468842929,0.9993756699256191,0.2430401601475741,20.77971418774866,-2.4999846825859531,0.3399367645940529,0.3618225985303282,0.8070175438596491,1,5
-0.70199829395645064,0.70800630443830381,0.076977062543643976,-0.70995166130352383,-0.68716232187962412,-0.1541965693566828,-0.056276406198326155,-0.16289572205745417,0.98503702967999185,-16.964231271268307,-16.443274977030921,-2.7838226671635273,,0.3177247497886643,0.1904761904761905,0,1
-0.31041722521611304,0.94994654792668987,0.035251983934156607,-0.94984014474372713,-0.30847275866665014,-0.051461214461011227,-0.03801112629671094,-0.049458196921761254,0.99805262438155218,-2.57424304217504,1.3042292451809283,-2.0922517593142715,0.1603338522938733,0.1243144227960157,0.3304535637149028,1,5
-0.50673027123999981,0.86140803188786352,0.034650177605803217,-0.86085057614331351,-0.50341715281860189,-0.07421223485206116,-0.046483521410941593,-0.067434211251335349,0.99664031093978378,-6.9801261388367628,20.401568865520201,-2.9813387968644189,,0.09608797544563957,0.2727272727272727,0,1
0.99833331546314896,0.0041939258941465704,-0.057558685026243936,0.0087096584436139289,0.97498353827222817,0.22210637529787758,0.057050268063800841,-0.22223751052367485,0.97332202062322992,-13.384903758509674,-4.8001863264609756,-2.6956618389090088,,0.1318881154759687,0.3070175438596491,0,4
0.94361277575362446,-0.31262644574941623,-0.10890195063738613,0.32753308634120654,0.92945663265770795,0.16980119363655571,0.048135296678676026,-0.19589556765450974,0.97944265773294437,-4.7181204420576819,-17.872470275382327,-1.927958234479296,,0.1925349673666625,0.5714285714285714,0,3
0.086265195275862266,0.99626888672926128,0.0025732118561797514,-0.99625097212310754,0.086279933171822018,-0.0063066374265653927,-0.0065051231949575187,-0.002019521504061038,0.9999768021834875,13.258145017745811,9.6723171462216584,-1.3776639793732508,0.4170443917841552,0.4330122988861934,0.6304347826086957,1,5
0.98554306357843136,-0.15814736351364755,-0.0607805992576839,0.16209295766676152,0.98452339618909446,0.066629988977437812,0.049302564915858112,-0.075518830565457301,0.99592477794396905,-9.6122871690441141,-13.89963628459866,-2.3101026167988117,,0.6228935974962428,0.2763157894736842,1,6
0.97195164202360851,-0.20790770098593414,-0.1099290381944357,0.2260872850708748,0.95473601893769344,0.19329685375681685,0.064765307819011103,-0.21272875220276802,0.97496252896681157,10.217065989450797,22.312973669667251,-1.8424313844544107,,0.4027729901035486,0.2222222222222222,0,3
0.70942412242619901,-0.69346404118566773,-0.12579760769689038,0.70267122182902941,0.70974470540085199,0.050155828861236901,0.054502922243831305,-0.12397611357798444,0.99078723989006978,-1.7677679756094089,-2.2754083276530155,-1.9926308408053404,,0.3958674005802094,0.3271028037383177,0,2
-0.94875700367550952,-0.30802918897086623,-0.070556124600348727,0.3152291758621481,-0.9381827502710719,-0.14298144557626691,-0.022152080307284053,-0.15789599689592687,0.98720724242800273,-4.3807467188411815,-16.334096286604744,-1.9027001165511375,,0.2073904945965626,0.1428571428571428,0,2
-0.12594075858675063,-0.97847200819722191,-0.16349756726352316,0.9919852824389338,-0.12251675030688361,-0.030900571496176629,0.010204153622097787,-0.16607882185497719,0.98605968388334397,11.610501064767307,5.6831340816343277,-1.3017800037706164,0.4127874812261145,0.3985515945667875,0.66,1,5
0.31869088893085984,-0.91062943000411722,-0.26304022225286333,0.94777774861821262,0.30252060848036871,0.10098822044605085,-0.012387757531169795,-0.28148769538835056,0.95948487263130144,-12.315201360176598,-14.234801779150052,-2.5055414869799382,,0.2698587928553369,0.2142857142857143,0,2
-0.93014631002652082,-0.35883980869009818,-0.077857778309554815,0.36350516413766276,-0.92983679656202078,-0.057162290056719856,-0.051882921942551223,-0.081470997652732191,0.99532438880606677,5.2957172595275441,21.624919708571287,-2.146731785654429,0.3191121898636126,0.2419149114283329,0.7954545454545454,1,5
-0.16020642777950195,0.98693569475056575,-0.017083176676233141,-0.98682112817392065,-0.1605388843381606,-0.020281213105017216,-0.022758767270738577,0.013608858977845176,0.99964835690838771,3.0298415645748009,-2.5921712947465765,-1.6628679630525358,0.7721702114402264,0.6530545135590229,0.6795252225519288,1,4
-0.19805570864326399,0.95013057277392754,0.24088551420561252,-0.97976194966265528,-0.18462926175582778,-0.077321133571165601,-0.028990658272045753,-0.25132435294611982,0.96746866168841206,-18.557959647135949,7.7897980306818413,-3.35829507409803,,0.3847827473180367,0.1904761904761905,0,1
0.93159114752645156,0.36338284348350397,-0.0095311548195203457,-0.3594060969833634,0.92469041806931929,0.12559812172948115,0.054453570144991741,-0.11358054319570625,0.99203541716303345,-9.6990594886470909,-11.961800110094787,-2.3416956619225093,,0.09545570946200765,0.1333333333333333,0,4
0.56593851331699507,-0.81936676296102018,-0.091387673672808298,0.82264849731077883,0.56854227396682711,-0.0030220167017629947,0.054433895845014485,-0.073469656780248735,0.99581080558293078,-21.763736979599212,-0.5025658385581504,-3.3033186911865764,,0.4015914599243102,0.9357142857142857,1,5
0.41732436479728935,-0.8690766788450901,-0.26560515965268527,0.9075745080001324,0.41349125956136384,0.073030751705535843,0.046356088864978433,-0.27153398416026353,0.96131181646289843,6.6644741269078791,-4.4006687369725102,-1.4305417157285443,0.4870483585038812,0.2788528079118093,0.5666666666666667,1,5
0.12537239490977686,0.99170534699673674,0.028324324046115321,-0.99205784605205993,0.12560677412096227,-0.0066459296921473534,-0.010148530984056253,-0.027266151782163215,0.99957669254832959,-7.5580900456577069,7.1489637889402973,-2.6208066653613682,0.1703532439244539,0.1026058650166659,0.3461538461538461,1,5
-0.96761324873609145,-0.24563714338387949,-0.058197892234972445,0.25243186501009196,-0.94304295559139584,-0.21667518878951325,-0.0016596378860391384,-0.22434878582165735,0.97450750017762044,-5.2921371640934627,31.839586712974118,-3.1071849573892312,,0.336648619819272,0.5,0,5
-0.99134564934851921,0.12858585941284353,-0.026447689442087318,-0.12367794846263669,-0.98235846578607144,-0.14026977494282666,-0.044017821184584874,-0.13578483515289272,0.98976002645119243,-7.6285751766467298,-6.6561510689312327,-2.2905636440617765,0.2090024475386222,0.1834470892997883,0.175,1,4
0.93718859171777047,0.34867751798084806,0.010076309283548086,-0.34370126909599796,0.9181104091921789,0.19733908420475307,0.059556537641661626,-0.18840717870528637,0.9802835068675041,3.6807872079157207,-8.231167821713683,-1.5186444878631611,,0.7788198516990583,0.1545454545454545,0,3
0.51436956857147542,-0.84679018832316366,-0.13553716791793968,0.85628578960092772,0.51578646849306586,0.027183918903794881,0.04688916138203969,-0.13004113148951338,0.9903992683084013,-20.844594117391011,26.580942036112535,-4.1207063346709836,,0.1980325185803083,0.375,0,1
-0.33183641951623316,0.94291651658240727,0.028160849396747924,-0.94311746231343008,-0.33096742941063695,-0.031464471214251617,-0.020348045658587811,-0.037000046289360398,0.99910807904473575,-0.93128186854502515,-11.113206523604925,-1.7580783825231312,0.4525560414091685,0.1426230527005819,0.2857142857142857,1,5
-0.99550458897559402,0.079440883252866579,-0.051572855229655434,-0.069779983420665145,-0.98335397636207,-0.16776683547923898,-0.064041917853436117,-0.16341390161461417,0.98447677957214608,-13.465813391561426,5.5172756233074196,-2.9741592921544679,,0.2279594313589726,0.1470588235294118,0,1
0.51754133541785829,0.8513642012482191,0.085615202895762202,-0.85542472310525086,0.51246631573836154,0.075012121246206168,0.019987727089527337,-0.11205923463299505,0.99350048751838205,-42.000402660378349,1.4209250484870541,-4.8549543900577543,,0.4111341034255167,0.4411764705882353,0,4
0.99775173540527473,-0.016613096706942321,-0.064926724186339019,0.027738818419040481,0.98428059799014678,0.17441978779047737,0.061008462105503557,-0.17582863656971648,0.98252850244334211,14.01203726879409,-3.6371576274253772,-0.97998708346361996,,0.113173394827437,0.1666666666666667,0,4
0.85812423159201778,-0.50799638641702993,-0.074581998778857878,0.50959132932556273,0.86041212041942494,0.0027676906539219337,0.062765278863523524,-0.040381362317156826,0.99721104353421364,-23.647422416071787,-4.8840501170216974,-3.3186873390693843,,0.1692712464210014,0.5333333333333333,0,1
-0.080535886408951082,-0.97893061750343557,-0.18764012661120294,0.99663690007599004,-0.076229684585630328,-0.030065338762401785,0.015128132972948193,-0.18943041282307085,0.98177760123687652,-13.909882990311694,15.11484538235935,-3.3183538453665946,0.5558907823640163,0.4937759314812729,0.9210526315789473,1,5
-0.34764665229891389,-0.91674528582538761,-0.19677369250559698,0.93753082727431947,-0.34285453731427518,-0.059048405171904447,-0.013332406222777092,-0.20500938310219732,0.97866919834250843,-1.6930329151745738,20.462285440241605,-2.6142469187046204,,0.3339486668159939,0.4588235294117647,0,7
0.98197883099112226,-0.17227044430805769,-0.07772045743055532,0.1760581756616432,0.98335998873259889,0.044795662094879979,0.068710219531044656,-0.057671713844215503,0.99596831232437699,-10.861410220838602,17.689780431937358,-3.1698710953770863,,0.3435580074055464,0.9583333333333334,0,6
0.86750252606626455,0.49717263642117721,-0.016085299582750127,-0.49575566674667648,0.86677869060090385,0.054046465275184773,0.040812818540368639,-0.03891106673170909,0.99840885549387648,13.57228621267134,-2.6523379193980827,-1.0393581336484574,0.4419026310367842,0.4132073220518905,0.6868686868686869,1,5
-0.72074466367651935,0.69019926716559998,0.064436801487125744,-0.69086216974838499,-0.70757430064931881,-0.1484859302128749,-0.056891055468996622,-0.15153739031901517,0.98681296462041246,-4.3919418607880427,-10.532826519817117,-2.0206215293765117,,0.1135413233324005,0.2156862745098039,0,5
-0.068207246815736589,-0.98451219798570899,-0.16150388075574909,0.99759115326502823,-0.065251953194952944,-0.023538766569137181,0.012635759144976355,-0.16272035712102431,0.98659131506882747,-22.915360276360406,2.0533675483006144,-3.4435399399128817,,0.08971989211817873,0.4444444444444444,0,4
0.99826643188978259,0.0042160998144950305,-0.058705668077252811,0.0094349805910360438,0.97306884144513883,0.23032153818056655,0.058095715016592546,-0.23047614694577312,0.97134218151264362,-8.8074951209378796,20.893868772849011,-3.1340093694004771,,0.2046283724355519,0.4634146341463415,0,4
-0.04321422899537903,0.99901046948634875,-0.010517236756868961,-0.99887785571723875,-0.043407902885663485,-0.018941576618639891,-0.019379364542366776,0.009686889270240381,0.99976527465510623,-5.7095573241922137,-6.527227145208256,-2.1753892270452884,,0.100895077333936,0.4257425742574257,0,5
0.85882177656788528,0.51207154732632343,-0.01441827006289282,-0.50707750761743275,0.85377125754531979,0.11809759124544338,0.072784320847789907,-0.094113602674152808,0.99289731212770316,1.7950938762405555,-16.384801243739584,-1.4888715092634985,,0.383546880863032,0.1764705882352941,0,2
