axis_00,axis_01,axis_02,axis_10,axis_11,axis_12,axis_20,axis_21,axis_22,location_x,location_y,location_z,dbh,dbh_approximation,score,reconstructed,number_clusters
0.99822522084779364,-0.054233531697956965,0.024599441110313387,0.052025278487605298,0.99519633619940251,0.082931434411646132,-0.028978938242457886,-0.081504456656386295,0.99625159707951616,-13.605198158617327,-7.648347549557144,-1.7954859708199558,0.3783986097711109,0.2412696116304283,0.8121546961325967,1,5
0.96261560143778646,0.25637793709964252,0.08741600103585534,-0.26915512619502213,0.94160696502723928,0.20231619177696533,-0.030442107540555687,-0.21828118741825578,0.97541099097137829,-30.33620886141318,-7.8516121041254046,-2.5583903305082747,,0.1690190775840938,0.3,0,3
0.23447374540535423,0.96242788743102292,0.13694752356520726,-0.97177916533280118,0.2283099608200371,0.059328033975834145,0.025832470665224452,-0.1469936164784412,0.98880006076755445,-11.47897243655061,-9.1657849208212063,-1.7020896330250379,,0.1925937237264442,0.5925925925925926,0,3
0.57402574514614735,-0.81433915459763762,-0.085709889736347772,0.81704562420387128,0.56270291736445865,0.12570550806880168,-0.05413771216738545,-0.14218708829824808,0.98835820431792298,-0.23715487541175309,31.106629488009514,-2.6216224244412727,,0.2044917054429,0.2666666666666667,0,4
0.79612530695866901,0.56858167178221553,0.20712165056629278,-0.60510654250540674,0.7511351114256698,0.26389792837515624,-0.0055288187813712173,-0.33542648508561052,0.94205016069527614,-19.529933445344458,-5.6901835875762039,-2.0353961733744494,,0.5787616678044746,0.29375,0,4
-0.47596017054572437,0.87413674203207259,0.096679223640029843,-0.87680555619702039,-0.48018949381385989,0.025101128516925576,0.068366166165136549,-0.072821743046586423,0.99499902565959253,-11.420609424778135,-11.994714845156949,-1.3835888509803949,,0.1126862669654079,0.4848484848484849,0,3
-0.77379550068077851,0.62730263024322275,0.087931411998885184,-0.62974207247495029,-0.77680430106284049,-2.2862084512600506e-06,0.068304064894687905,-0.055375878685639861,0.99612653151025732,-29.031287359071097,-10.446659286024561,-2.344595185028846,0.3449703287485121,0.2719005634139254,0.5714285714285714,1,5
0.9288301936919533,0.36681775816072654,0.052145983393822259,-0.37015993515325263,0.92480561320468013,0.087841904535689949,-0.016002927654334507,-0.10089256703571473,0.99476861441414377,-28.900470692258533,-5.1808583035436504,-2.7073385735598889,0.2689471439420691,0.1985985856923722,0.6956521739130435,1,5
-0.32009749784209551,0.94115101898586506,0.10850046699023333,-0.94584649211680361,-0.3239984698141557,0.019985117173152798,0.053962998671021563,-0.096227600094539859,0.9938954893521138,-36.196181481847326,-1.9734695604467349,-3.0916742889966842,0.457998980268855,0.4720500914113718,0.4230769230769231,1,5
-0.80556066803897519,-0.59083081019769856,-0.044620217723935512,0.59055715353016969,-0.79450703173870785,-0.14142427278261893,0.048106740930396144,-0.14027662042863653,0.98894297673737341,-4.2870592833639067,-7.0773715188488113,-1.2310811094274798,,0.4669732500291736,0.2774193548387097,0,4
-0.76636457459734653,0.63540700685301599,0.094568887295547785,-0.64216859007860028,-0.76173613459206202,-0.085892742261530611,0.017459688390386214,-0.12655432390414151,0.99180601045893801,-2.7027298749998727,-11.994695540049348,-1.0009355516666605,0.3772092746485108,0.2264609035308723,0.3207547169811321,1,5
-0.79379899211095961,-0.60424027617335163,-0.06911475076694025,0.60793346696799511,-0.78509987187064911,-0.11846978909816815,0.017322236111379178,-0.13605836923409861,0.99054937297312939,20.237995378180134,16.329841178996915,-1.0210036524518336,,0.2860282619093025,0.25,0,5
-0.99343006903452546,0.10978672973035092,0.032304363686259593,-0.11237639077293042,-0.98921219221098133,-0.093972259619505574,0.021638963351068623,-0.096985116158413695,0.9950505728398088,-10.324809676079862,-16.312853689883582,-1.1301518287014325,,0.1360079454637428,0.5365853658536586,0,4
-0.3944012327985284,-0.89639035672542389,-0.20231657355903385,0.91853977484632743,-0.39104057706014184,-0.058068486442560317,-0.027061958396603122,-0.20873810256428574,0.97759708210775775,15.638016521862225,15.196970680772781,-1.0846141422838211,,0.1507786393850581,0.3157894736842105,1,5
0.52559555244496881,0.80050494897649449,0.28799503800275095,-0.85047196954337956,0.48599974840827653,0.20125027594538991,0.021136325865000725,-0.35070795715413999,0.93624632683802644,-18.595122474121954,7.4706044575064707,-2.5300977920764542,,0.6378782666352797,0.6666666666666666,0,1
-0.64538655037582882,-0.76378210592979645,-0.010634625307633157,0.76371307391484211,-0.64547257746220243,0.010367857823353756,-0.014783143289964587,-0.0014305263882237484,0.99988970005132172,-14.101956920756935,-10.850128129802211,-1.763594919020482,,0.1167438640088588,0.5862068965517241,0,1
-0.12796882768154502,-0.96942969692475933,-0.20935625584677264,0.9902049552547757,-0.13677191083434895,0.028064051660595765,-0.055840180253100127,-0.2037142781620602,0.97743663075526888,-1.6209718908080246,-11.046954698884743,-1.006262328301186,,0.3303006893823477,0.2467532467532468,0,3
0.7900015341118759,0.59930878573226787,0.12933118512175534,-0.61303162535039579,0.77539313051035275,0.15151805000595861,-0.0094764139385796996,-0.19898359857402967,0.97995700164721256,18.188167774953939,11.66861817738755,-1.0088148346816042,,0.2899142510901225,0.3076923076923077,0,3
0.8711121146657822,-0.49106126913957593,0.0047448533736042494,0.48928936117368488,0.8687131443058892,0.077028526874284353,-0.041947642660292182,-0.064778876659014287,0.99701759884870644,-10.064762164781984,-5.1540610449327753,-1.7013451663683836,,0.08565352146342853,0.4433962264150944,1,3
-0.8058845640323582,-0.58699955253986225,-0.077340770440799636,0.59190573062511009,-0.80185604008710076,-0.08169759500124979,-0.014059712213628622,-0.11161727596494476,0.99365180430502653,16.643542056596566,13.98642124009765,-1.0614154684354333,,0.1810294896647365,0.4444444444444444,1,5
0.19320939975675513,-0.9811574613050702,0.00040493335758021078,0.98018399405242762,0.19303605253263512,0.044456948006454992,-0.043697432980270956,-0.0081925910435864148,0.99901121905758783,-13.429294317358428,-19.620257105189683,-1.044023378877541,,0.07020523326823572,0.1538461538461539,0,1
-0.5312422647225733,-0.83965182398985772,-0.11298880760029216,0.84635024161538419,-0.53199759365072752,-0.025881052285728675,-0.038378700994331515,-0.10937721344201519,0.99325913058458581,-10.04814959132902,19.40205234462805,-2.7931923773263736,,0.2958094520438485,0.4545454545454545,0,4
-0.95063754328047778,-0.31029267566867885,0.0025916658791123753,0.31007853045248795,-0.95023318055742079,-0.030136481549010913,0.011813816406333456,-0.027845250835650155,0.99954243319021574,-4.7416452337327311,-15.646920003827168,-0.91813416287834482,0.2736662824755303,0.234284201962898,0.7419354838709677,1,5
-0.44673002153846886,-0.89235317423220939,-0.064328067699401401,0.8938096134674276,-0.44829625220336394,0.011612283738587468,-0.03920028991533954,-0.052309489560858499,0.99786124013934685,6.8484970048811373,-20.615915296375015,-0.47163652656410099,,0.1507828313911877,0.5,0,7
0.94029906932927387,0.33922325770593986,0.027663001461726854,-0.3402614811751552,0.93879264466875312,0.05376332155232795,-0.0077320532196574606,-0.059966255070822115,0.99817045819128036,4.2220275175500843,-18.170432702635551,-0.61339054901098289,0.4218482083055266,0.3350381809303585,0.8395061728395061,1,5
0.87133795719150253,0.46529942680762398,0.15577743023248591,-0.49068336454238132,0.8262691179095617,0.27660292939577652,-1.0895367250000467e-05,-0.31745202503914338,0.94827433355534796,-3.306905523396928,-9.6431726993573825,-1.1393200206498217,0.3089206558575481,0.2089534991701479,0.3670886075949367,1,3
-0.60383915965676993,-0.79518146645667875,-0.055359774826236399,0.79702472750348663,-0.6033124124796202,-0.027671586438325256,-0.011395306621535029,-0.06083229694682344,0.99808295178064954,2.568618722078015,-18.520363076838809,-0.65676952224006013,0.3479046108871939,0.3019444219046636,0.4848484848484849,1,4
0.79277826976263155,-0.59257499270236713,-0.14267968676710474,0.60685444659694032,0.74556442601721218,0.2754294234520846,-0.056835689823304114,-0.30494026411973879,0.95067404491807517,22.684368162288401,5.9492800352211681,-0.5566881152801334,,0.5530403948860402,0.4,0,2
-0.074319424842141255,-0.96785040727028315,-0.24029609284772144,0.99596788300219652,-0.084178776861760868,0.031014666759164266,-0.050245389034790547,-0.23702219869203253,0.97020403947207845,-40.532109313939401,0.15582096520147384,-3.3085446984567159,,0.5567572397932591,0.2105263157894737,0,3
0.46712792235559097,0.85263672690601722,0.23409851790804698,-0.88408191661852986,0.44626842108727505,0.13872152337823873,0.013808289678942695,-0.27176296339138228,0.96226515205782959,-14.205749768161317,-24.380215080557019,-0.9869879952158952,,0.4380084799670458,0.3809523809523809,0,3
-0.54758933935188003,0.83496174307235616,0.054633350929122838,-0.83617916721949359,-0.54845540515003743,0.0010338616072813811,0.030827191508247486,-0.045117138287811775,0.99850594795245595,-7.0453373649942606,-14.280278124751259,-1.0772614499968214,0.3310868638060513,0.263530436625886,0.8095238095238095,1,5
-0.48002689719514063,-0.86960059679799706,-0.11562430548017989,0.87694447348264326,-0.47917102777540138,-0.036925825229997454,-0.02329309763549043,-0.11912148500263828,0.99260641918804393,-4.6104467473788926,-26.55785961450955,-0.71762967254603549,,0.3846266634077502,0.3529411764705883,0,1
-0.61451066502353491,-0.78827467220134062,-0.031617775668162248,0.78853295893591369,-0.61496113507565542,0.006210879022728156,-0.024339581839183718,-0.021115006803950499,0.99948073580412933,-17.620609418779736,0.81176977385508786,-2.2273985203624429,0.2474203480078718,0.2859026835717899,0.3978494623655914,1,5
-0.4832497062698482,-0.87536708846945022,-0.014219065181086534,0.87517657847867414,-0.48344645535360042,0.018587126953932592,-0.023144715864914105,-0.0034619691734602566,0.99972613094635832,-3.9924282245124871,-19.259405450741738,-0.82078941636095382,,0.07157880191226396,0.25,0,1
-0.21877377349604163,-0.96893666387115296,-0.11532466100770256,0.97507475377373409,-0.22156307275000944,0.011791070632686002,-0.036976486899023712,-0.10987058842025391,0.99325786843940589,2.3278890163254684,26.957743239155477,-2.2657016838552848,,0.1385878590541116,0.3703703703703703,0,4
0.85634561553063182,-0.50324143989523829,-0.11584575923886645,0.51475548847073727,0.81395123661223723,0.26927712770798445,-0.041218610489861231,-0.29022652805968074,0.95606986594061616,-32.907209296492354,-9.0000500204602627,-2.6987839378237779,,0.09887283086734816,0.375,0,1
0.18230102086248404,0.95481150670401194,0.2347367130597823,-0.98313122932471919,0.17341370145342844,0.058143564344540787,0.014809581998244484,-0.24137662441470095,0.97031850516580453,-12.97779546174027,5.5045427786632093,-2.203799076520021,,0.3569943064963282,0.163265306122449,0,4
-0.99480253616331871,-0.10130547834689679,-0.0102525167610561,0.099818660614876084,-0.95038485101644199,-0.29462666198344672,0.020103458311482671,-0.29411874305348584,0.95555743728389064,-17.955795416304912,4.4563702953381314,-2.4436505220303779,,0.5212409694774679,0.2439024390243902,0,1
0.71354544051243696,0.67183924715266774,0.19870815360535091,-0.70056372024091584,0.68742314430025708,0.19146773765456029,-0.0079610430296244636,-0.27582865454061101,0.96117385270730082,0.81096857341108297,-14.669490493754081,-0.77206967860927267,0.7501706908565108,0.6609978684696812,0.42,1,3
0.99612596062356196,-0.087937782848213839,-0.00013007507981027664,0.083548621193439504,0.94594364622033722,0.31338514015831909,-0.027435350707821188,-0.31218194137892491,0.94962610379476431,-1.2194766197681481,37.201522428959585,-2.7385041330826976,,0.5046379098880741,0.2142857142857143,0,1
0.74768215612268385,0.65512123768696751,0.10857051785467287,-0.66385419671567936,0.73335825160435497,0.14657175821687177,0.016401186503309677,-0.18166408212770241,0.98322386176596865,6.2951126104654662,-18.514248868768131,-0.53378516182162306,,0.172772022771574,0.2857142857142857,0,5
0.99831825967020993,0.054436981469827103,0.019931569368611814,-0.056377993977637819,0.99174395146180161,0.11517576365706625,-0.013497192452489183,-0.11610576982813832,0.99314514347526994,-10.544006729196763,-6.750772382439739,-1.6865567729813498,,0.1181525703313051,0.2698412698412698,0,5
0.063295728525697564,0.99303111618023665,0.099412539693123497,-0.9972415954282845,0.059063991935946386,0.044951587338412771,0.038766623505970793,-0.10198356315811938,0.99403043300872962,-3.5781982333854589,-14.178380360746489,-0.97983274612631199,,0.07907036632783881,0.3870967741935484,0,5
0.97053561527730992,0.22818383486886912,0.077412899330989202,-0.24046154813153342,0.93779874620694181,0.25042315284908084,-0.015455204575789628,-0.26165941434854667,0.96503652134740248,-8.0184657353113611,-5.8739196972130676,-1.5230702843351898,0.5107210870970585,0.4276191223085326,0.1652173913043478,1,5
-0.77824732952334696,0.62081208538190624,0.094464007608969447,-0.62764087014577363,-0.77378223080337594,-0.085603723141036661,0.01995074465865318,-0.12591034086491826,0.99184099222145738,-12.693268255984666,-13.090847321183933,-1.2959101131929374,,0.2155540939205212,0.3,0,3
-0.93948955219513519,-0.34169035596167135,-0.024639033239365688,0.34157640661212679,-0.92882348190093866,-0.14357053289364086,0.026171353845974365,-0.14329912809296283,0.98933332104284522,30.697399692210919,-2.0515879855847219,-0.2931901897662394,,0.3036776943946456,0.5600000000000001,0,5
-0.80490601157960229,0.59222701128126631,0.037329340094269053,-0.59178841459340426,-0.80576343108591497,0.023060040712827173,0.043735396145913256,-0.0035299055951805124,0.99903691367759129,-1.3067167475767638,-13.47171623444415,-0.94386425434348797,0.3696476425147958,0.3137704652002297,0.8134328358208955,1,5
-0.6490133819044136,0.7508203593248487,0.12268014563204487,-0.75909997135746188,-0.649808730004519,-0.038933891341793599,0.050486271342768431,-0.11839511152585099,0.99168227470933712,18.852445107432754,10.430433268748049,-0.99149036027022619,,0.3601590010759637,0.6226415094339622,0,4
-0.90420362109514807,-0.41613588649460426,-0.096159947846142568,0.42708338306399313,-0.87886893846426417,-0.21257745156369248,0.0039491149689026119,-0.23328161730845676,0.97240119884588516,-5.0640229293996368,-11.003292210512802,-1.1198681822621512,,0.1069658394833465,0.1,0,2
0.90575970194772604,0.42147628995604641,0.044239115412203885,-0.42376153427351887,0.90199158163102933,0.082688262388983816,-0.0050521676259904051,-0.0936425313180001,0.99559306542916304,-21.200604833210107,8.2056271575460311,-2.8014543226771051,,0.1349197846380124,0.25,0,1
-0.99869684990140772,-0.04850312691817163,0.015876040947451205,0.045883644691103675,-0.98953626342632439,-0.13679427807525138,0.022344868468307761,-0.13588756397635646,0.99047224938900047,-14.72365841918573,-20.496480402887862,-1.0486437116191689,,0.1370901715220512,0.1,0,1
0.040255970860523453,-0.97623055139672588,-0.21296330042925279,0.99833916244639953,0.030506776368190436,0.048869758761858131,-0.041211327761886789,-0.21457690256703943,0.97583727093652095,31.793335616522878,-0.30797463044856471,-0.35627764801792106,0.7357516617519457,0.315589824550545,0.1428571428571428,1,5
-0.96082681453309871,-0.27635804521983243,-0.020929962170360604,0.27708472639733089,-0.9562268980071682,-0.094096620156660163,0.005990565206716353,-0.09620992864493548,0.99534303773053134,31.855855855423023,-2.9843734024785227,-0.24306924254014486,,0.2058858949843062,0.2727272727272727,0,4
-0.59121822580266914,0.78611681750244611,0.18022585474501307,-0.80607757205027086,-0.58328800886932686,-0.10007020808810764,0.026456706451960469,-0.2044393502950998,0.97852163733595221,-3.035846337936408,-17.517773309889847,-0.79489295257005799,,0.3819797499985407,0.3170731707317073,0,2
0.36978476814681333,-0.92533801492264467,-0.083718476966722855,0.92836474806653535,0.36435601572490267,0.073372940192102457,-0.037391440116245851,-0.10485347845491227,0.99378449789777812,-4.0300193481645783,-10.001274764704362,-1.1799825194095503,0.2215715209397074,0.1583936363199117,0.3645833333333333,1,5
-0.53366404453858196,-0.84378404178914168,-0.056843455108767517,0.84544219579998559,-0.53394547188123731,-0.011389759366321323,-0.020740808268290473,-0.054136160553766521,0.99831813315840123,-16.123141103663045,-17.71584864557315,-1.3171393126258781,,0.158590846680936,0.36,0,1
-0.4178479198852455,0.90438612567926635,0.08653815069908842,-0.90727594464213834,-0.42035685658709931,0.012266759715888009,0.047470792296819983,-0.073388342392083264,0.99617301463132057,-3.0436133490613249,-15.601170851974722,-0.86122603749730053,0.05706543225614724,0.09056812802273596,0.5357142857142857,1,4
0.98168573240605017,0.18386280724468365,0.049875754655956228,-0.18981723030491196,0.96627945450022257,0.17399262883847874,-0.016203143823619308,-0.18027335888271695,0.98348308282724117,-10.938528821561603,-27.663350215875759,-0.85133311767681696,,0.117691009563922,0.2222222222222222,0,1
0.088270775489910858,0.98934700437596257,0.11576171701696905,-0.99499632863354814,0.082115209932198785,0.056915712273060609,0.046803591744316572,-0.12020647748810372,0.99164501035891472,17.883392032545437,14.256679030611611,-1.0378242636285768,,0.1981192448106186,0.28125,0,5
-0.76926227360112764,-0.6329289199799254,-0.087387279778401578,0.63889678050313503,-0.76344900370451552,-0.09463890640382544,-0.0068160308650139561,-0.12863359201867849,0.9916687656307519,-14.496447374922209,-13.141318680588441,-1.4240463198918913,,0.3418668496382867,0.3793103448275862,0,1
-0.042571947569535314,-0.99898855390751762,-0.014474061002493807,0.99834306581000354,-0.043096873047226751,0.03812849961164002,-0.038713721459197895,-0.012826873949578904,0.99916801343691042,-26.645374609249469,-7.291982155148637,-2.3753096751990794,,0.1179044778273375,0.4814814814814815,0,1
-0.37305793713197438,-0.9172029233300264,-0.13988056683360581,0.9274173457843754,-0.37301331923724806,-0.027534168044023904,-0.026922895109952105,-0.13999950395078523,0.98978548009780076,5.555271781193639,24.753548191691838,-1.8833309633654898,,0.1675423447092759,0.2,0,3
0.99753813918127887,-0.068145568956716029,0.016548181480644578,0.066321522362241953,0.99344535528471878,0.093100922308930786,-0.022784129351492054,-0.091774220207988644,0.9955191489644537,12.980538880965373,-25.911803570172875,-0.24973061346904246,,0.5561392858184514,0.4848484848484849,0,5
-0.67764470650411179,0.7337114644683802,0.049650162684733649,-0.73401906171973252,-0.67895840551774311,0.015215144063972487,0.044873920923397953,-0.026133703994431857,0.99865077015766213,-11.735156145218257,-17.707736002263626,-1.0931588513579449,,0.1114559979937002,0.25,0,2
0.58331386976807498,-0.8020586268282246,-0.12824542279011114,0.81048229522108062,0.56434418818844534,0.15695249724388879,-0.053510545403324991,-0.19549321315162313,0.97924410906693304,-20.314556684162561,-7.6996011486229268,-2.0708354157795856,,0.5989138137870536,0.3444444444444444,0,2
-0.43699287962140704,-0.89407914860946103,-0.098283768659795226,0.89911140583256888,-0.43726894587957749,-0.019863254293943425,-0.025217118431198775,-0.097048158102794033,0.99496017606077214,-14.204442993133368,2.8706124615048108,-2.1098409002609353,,0.5554487087225589,0.3541666666666667,0,1
0.32330502246512544,-0.94590323635615992,-0.027220027548985989,0.94612311109094127,0.3225646750384113,0.028338826315907933,-0.018025568185877156,-0.034915582027327662,0.99922769228202923,-0.70091088914791477,-21.374009828545908,-0.68120692721433918,0.2692669366803668,0.2075048945471565,0.25,1,5
0.82911441283518217,-0.55241992425321651,-0.086032073769270634,0.55736146167044009,0.80466972551725191,0.20458453969100712,-0.043789170733886398,-0.2175749528876452,0.97506084343612998,-13.663472767215467,-13.768411214884754,-1.2791828328696166,,0.3523345512633762,0.225,0,2
0.98383760011389865,-0.17858085794746759,0.01313216573424921,0.17647802273164023,0.97943998598615301,0.097738535615060351,-0.030316399767387453,-0.093841307675203239,0.99512548197649586,-9.5192875818836331,-11.155752118982109,-1.4045375062113838,,0.1101418065474753,0.5192307692307693,0,3
0.93717216013109284,0.32841031772452983,0.11770728731601182,-0.34468350866970865,0.92373422711394559,0.16705794356851378,-0.053866697748793102,-0.19713381462923876,0.97889562160802668,-24.397171040351282,-5.5199723587119562,-2.3636965581254858,0.2490824129863993,0.2623930825849906,0.6891891891891891,1,5
0.63806275807086477,-0.76995052103530037,-0.0072188586682245953,0.76888162308362995,0.6366193685622179,0.059471247302601941,-0.041194252600152505,-0.043496835849448502,0.99820391645384887,-6.574997723113178,-6.5679568973197258,-1.4063945480546713,,0.110589501294813,0.5043103448275862,0,5
0.93977476322117648,-0.34059382930331633,-0.028622331370513353,0.34045173884973917,0.92537993864206713,0.16662707665020218,-0.030265622854470993,-0.16633644399020536,0.98560447415478147,-8.6507479060182657,-4.7886607090399744,-1.619163136692894,,0.09682331249041631,0.29375,0,5
0.69402945796829874,-0.71833215246963489,-0.048187448579172093,0.71804856110683002,0.68579054818250329,0.11873326372989434,-0.052243424128213235,-0.1170053107849495,0.99175621091247856,-14.432244184996316,-6.9214520820462315,-1.8334223711102302,,0.08572899360789796,0.1875,0,5
-0.94088329354401234,0.31559726101003305,0.12303250291178283,-0.3359734988833471,-0.9157401430569192,-0.22032203349228657,0.043132771506760377,-0.24863298099218401,0.96763691784940031,-9.0121570288463388,-15.053713765151208,-1.1007718329601905,,0.1627314286935916,0.103448275862069,0,2
-0.49644960509742242,0.85617414881633935,0.14319083943196589,-0.86670189500388273,-0.49812202921253557,-0.026500362447821568,0.048637586240409071,-0.137259866355041,0.98934024192534709,-5.9425028879630624,36.294033945149081,-3.1454041427937272,,0.3271676789628911,0.4,0,3
0.95024112782837056,-0.31138017660763612,0.0091752165785237948,0.30956798150780318,0.94717946160840472,0.083777874957514376,-0.034777346199069976,-0.076768829110582151,0.99644221260860877,-5.917657654866356,-11.470824986630117,-1.1059956420450978,,0.08112842975320524,0.2653061224489796,0,5
0.95272487897329139,-0.30382990374176599,-0.0016415168578762392,0.30028249567582282,0.94075004280080265,0.15754294576713432,-0.046322000993317368,-0.15058800271786596,0.98751077242803675,-5.6084985782517869,-14.263840114861512,-1.0384496232610432,0.2953811169427261,0.2683087952071578,0.3863636363636364,1,5
0.67376013928331024,0.73199027034971709,0.10118062475732291,-0.73891375376014024,0.66602309283462735,0.10207695290855995,0.0073307037202000654,-0.14353913725651687,0.98961749017416889,20.866799773118423,7.8205310849187457,-0.77519925689691493,,0.2293104937745486,0.1666666666666667,0,4
-0.18417692083059539,-0.98238066693595782,-0.031734635082546259,0.98228226209332759,-0.18510461459517458,0.029288892645284937,-0.034647069286963941,-0.025778031073643379,0.99906710170227808,-26.036788891852972,1.2668252619136651,-2.7948120391530988,,0.09040356585628129,0.4347826086956522,0,1
-0.40361170650245792,-0.91036811321711975,-0.091255075539252897,0.91443420936946518,-0.40466563806965161,-0.0074698126163063429,-0.030127514152593789,-0.086461666669008549,0.99579953458906678,-25.753928280658744,-5.3424668507564634,-2.4714157619502859,,0.1483972683613562,0.2083333333333333,0,4
-0.72481355791475388,-0.68871212887705335,-0.017913955470359063,0.6888943339100102,-0.72483068599466982,-0.006713668682728182,-0.0083607995814013996,-0.017206980506035658,0.99981699168009053,0.23713073148895222,-18.209997985909972,-0.73566095195290515,0.2766280706043961,0.1533437244834365,0.1666666666666667,1,4
0.79811753619695014,0.59546228018796532,0.091831755336910667,-0.60195300559633957,0.78157020853036396,0.1637088519028109,0.025709482072623111,-0.18593730666854399,0.98222519847558631,10.98969371201745,27.1101997268667,-1.704876703128591,,0.4086683997353973,0.28,0,3
-0.90579708920949786,-0.41431689831499052,-0.088730721569517376,0.42362350933863946,-0.88125548240218066,-0.20959937278464513,0.0086461271802630059,-0.2274429214258965,0.97375302925230334,-7.5266081232531272,0.55729481599078334,-1.7541126220497512,,0.367128112582735,0.2314814814814815,0,2
-0.36357419572869054,0.89694471114696095,0.25160284049614756,-0.9307051443306501,-0.36134256612214316,-0.056740498982014546,0.040021725558740763,-0.25479743926059922,0.96616588970504513,-25.903423990096918,-8.0297610871167695,-2.331382230807268,,0.6038868018961185,0.375,0,2
0.20506868618348137,-0.97790310346748954,-0.040649159593199112,0.97776309488118296,0.20282332470171127,0.053310686033064388,-0.043888087624691506,-0.050677600432506069,0.99775027766423163,-24.499293071323137,-9.3812171754434797,-2.2042608389076368,,0.1265763632039027,0.3,0,1
-0.32482264830772728,-0.93794964557546567,-0.1214113236531648,0.94570997400422263,-0.32361763631697771,-0.030071091326159323,-0.011085676131314143,-0.12458767125791925,0.9921466726020105,-16.934333892999195,-11.073199399331909,-1.8683038006098178,,0.4900039596712965,0.3333333333333333,0,4
-0.31096515391222762,0.90705673444777835,0.28381112301190098,-0.94934019619036181,-0.31067837113221736,-0.047245545905169058,0.045319586820597522,-0.28412502565519321,0.95771556573277306,1.4637356229881247,33.510575665044314,-2.583226166502901,,0.4582384048935401,0.1481481481481481,0,1
-0.7351826982687294,-0.67180752792909093,-0.090449132578007879,0.67755876970697404,-0.73231172945945666,-0.068070878422950426,-0.020506432149024596,-0.11132913506312522,0.99357199534136142,25.555916085879993,6.3153054312024253,-0.54603004729763815,,0.228090630769441,0.2857142857142857,0,4
0.95041133163540115,0.28844651112579078,0.11626225061635849,-0.31081396078105616,0.89376268936787295,0.32339285223625164,-0.01062932183227309,-0.34349216193861681,0.93909539036464229,-2.1155900622581409,33.916362592429294,-2.9131834901606526,,0.3063190421928232,0.2,0,1
0.32167254528612749,0.90788467205484291,0.26883488586307758,-0.94670815601491087,0.30345677761871731,0.10797060457416817,0.016445088749876602,-0.28923935825736802,0.95711553779618175,28.040989634465415,13.001916540476666,-0.91324256781038438,,0.315947156232555,0.2,0,2
-0.44791896655754326,0.87967230166713151,0.15982878676156281,-0.89365309798531289,-0.43501060697490668,-0.11022664052113713,-0.027436105031053863,-0.19220409334604216,0.98097137911447285,9.5435987134813747,-21.360853940293321,-0.38850634306250337,,0.4678608866310764,0.5384615384615384,0,2
0.99867877685375528,-0.051121897077575654,0.0052203736531235747,0.047807054618028026,0.96154156220071962,0.27046683657955251,-0.018846384020213259,-0.26985991884641036,0.96271513855842783,13.884228018102888,22.391347293969261,-1.4644515016528412,,0.3047332311971054,0.2083333333333333,0,3
-0.77581298214039529,-0.6297358463257765,-0.039331674192501026,0.63094437572532613,-0.77475945558277115,-0.040706028124437944,-0.0048385414130372702,-0.056396363689930472,0.99839673410901542,-2.7670462883950306,-22.570646453688948,-0.71652529160559064,0.1666281326284703,0.1495284016126221,0.4615384615384616,1,4
-0.23646714557316667,0.93276387978927466,0.27209342811787524,-0.97071448858395026,-0.23900627563423849,-0.024277188071312676,0.042387152743234298,-0.2698657902882633,0.96196454431252931,11.019408491808129,16.470361319582075,-1.3961429786034039,,0.5290275128757543,0.3214285714285715,0,3
0.064363990577063004,-0.99137180886413012,-0.11418937475290263,0.99707351905107144,0.059156513560672037,0.048424214092325557,-0.041251355421477939,-0.11697197738265831,0.99227812743357513,14.216435263792391,21.087867165386665,-1.3663321630192422,,0.2123943571296198,0.3333333333333333,0,1
-0.3591832344232499,-0.89747531178092244,-0.25597943052711908,0.93283353800726287,-0.35360696462160579,-0.069164332859843691,-0.028442828236754106,-0.2636288666190218,0.96420476363014529,-33.151644589975369,-5.3668498825375455,-2.9744407475342438,,0.4079845858828573,0.2,0,1
0.99790573134312133,-0.064150145915826268,0.0083012126541290553,0.059006998894920844,0.95536077720355983,0.28948913530981824,-0.026501423244151955,-0.28839303764132307,0.95714530266101483,-32.440701213863619,-6.3882438603803253,-2.7811914987058226,,0.2970571717195538,0.3125,0,1
0.95123988265127468,0.30607793499778901,0.038196640704121196,-0.30844919402297649,0.94444506842643527,0.11350157457746562,-0.001334301377795475,-0.1197489475213746,0.99280330841882147,0.49020485531321334,31.813430177736056,-2.6176676346523613,,0.201638802244149,0.4444444444444444,0,3
-0.78121480626910411,0.59339182232288634,0.19388030241943108,-0.62323013329436638,-0.75920735180677557,-0.18758570818809617,0.035883525743889415,-0.26737677940103033,0.96292368878188905,28.516300721358913,18.578879869673759,-0.95172953339921906,,0.4125815459051361,0.3888888888888889,0,3
-0.5080790496474481,-0.86089292579855714,-0.026815100584312013,0.86071559879739712,-0.50863889891350256,0.021333740855725761,-0.032005269818973232,-0.012240948576836471,0.99941273850284462,0.22197486179591316,30.186506887619927,-2.4465138851985646,,0.1092286587420095,0.4615384615384616,1,4
-0.1329434420500227,0.94943891541512582,0.2844148152105328,-0.99020606937267419,-0.13957920827535919,0.0030959319667656659,0.042637793017593788,-0.28121769238896266,0.95869631692940993,3.6904416888253566,25.679480919745895,-2.0550320340532631,,0.4677109487570974,0.2424242424242424,0,1
0.73501484425830277,-0.67594253434247842,-0.053430974037642381,0.67680402302243658,0.72660477379039334,0.11824473402929177,-0.04110344438839026,-0.12307393294958795,0.99154592121985563,2.8823601904197833,-21.593196877806893,-0.55965888338326675,,0.2271796528375089,0.3928571428571428,0,3
-0.75622862149136849,0.61556635758282885,0.22180246042249568,-0.65280667334634557,-0.73276768356467203,-0.1920806319172822,0.044291300181207555,-0.29005099781844107,0.95598572133310877,-3.0115044082265601,-7.8000805171227459,-1.151660584377066,,0.3127017006061797,0.3145161290322581,0,1
0.1238575889295251,0.92849971887294558,0.35006795014314729,-0.991629252316375,0.10284666772004661,0.078064005081404056,0.036479084624369731,-0.3568064391119401,0.93346582229518471,-17.250833928308815,-15.231720113799108,-1.3455042985811918,,0.3313722674134247,0.4117647058823529,0,1
0.66628133889509411,0.72972120031264764,0.15354526125683146,-0.74541512095275453,0.65745009225424633,0.11007122080668104,-0.020627042811576415,-0.18779335986437634,0.98199194451670402,-5.3233463106816883,-5.0644710673924003,-1.3992397868956699,0.3232355767280962,0.1997440915859049,0.1294117647058824,1,3
-0.89536885861500282,0.44003748224292499,0.068422373853694651,-0.44358513745232758,-0.89484959073939907,-0.049763799944642452,0.039329796005915726,-0.074908104867485531,0.99641454373734195,9.2553706550847306,-24.246417436935197,-0.35733778619515771,,0.2414620827107506,0.1428571428571428,0,1
0.66659371934052825,0.74481321902086473,0.03010119777579915,-0.74529830881652581,0.66520684516461515,0.045058673098152958,0.013536772546928675,-0.05247020028470168,0.99853073756950295,25.924693720450499,11.582028063556681,-0.91779670601116436,,0.07892567141694011,0.2727272727272727,0,1
-0.016006691672407706,0.96348880536309767,0.26726972847985375,-0.99906503322572116,-0.02614816600009999,0.034428662485201551,0.040160244115209021,-0.26646875117886054,0.96300652097365647,5.9605055648955876,-22.069321955370956,-0.48778789789116744,,0.3756892126863688,0.3636363636363636,0,1
0.1283204871244337,0.9573506003077531,0.25887000729040216,-0.99167317005529509,0.12672559472444575,0.022911731366654652,-0.010870895852240959,-0.25965448529174368,0.96564039470770369,14.618027087723071,-22.673769492589066,-0.24390919673558029,,0.4886458967486159,0.2727272727272727,0,2
0.85761658865960655,0.47980829980285206,0.18514259989574469,-0.51428951646672771,0.80031443538048652,0.30822572536054355,-0.00028303405969500392,-0.35955639329861744,0.93312331442838337,8.6549919905562618,-31.386480260872339,-0.3815400154015085,,0.4613671880186431,0.3157894736842105,0,1
-0.32065893040474208,0.9252171213063225,0.20285741000350349,-0.94610484768697467,-0.32312929440509086,-0.02175031679024754,0.045425406271102892,-0.1988988123114637,0.97896669755727417,-16.719186298407696,-7.4337074681517352,-1.9306145623448685,,0.3700459292791557,0.1951219512195122,0,1
-0.78946046875876286,0.5994904189726934,0.13177027672103381,-0.60964732757240092,-0.79076960060385948,-0.05489603578257482,0.071290281602916256,-0.12367164719836345,0.98975907140486452,33.087754218683664,6.3278339537974695,-0.55632621101609681,,0.2890550066970012,0.7894736842105263,0,3
0.98869432456969719,0.14504637225812911,0.038014240205860819,-0.14896209399419116,0.97910561738327706,0.13842862623525642,-0.017141386074015101,-0.14252627793944092,0.98964257839898606,13.485062397087649,-24.897605843241926,-0.22694455853642814,,0.1183515645034643,0.1818181818181818,0,2
-0.79603929733161682,0.58996745869642231,0.13512895612366482,-0.60474619625267356,-0.7843682410455628,-0.13801630540270868,0.024565732671936666,-0.19158512499245872,0.98116852001066324,9.9256014690562697,23.074016915262359,-1.6919801284859328,0.6468071499244279,0.474877269562172,0.5084745762711864,1,2
-0.71991870347539022,-0.68607331536734772,-0.10497840886185913,0.69357066340958373,-0.71680540605791165,-0.07176172171667583,-0.026015288656909646,-0.12447255033543324,0.99188194306030686,29.691905012033114,6.0143844725852782,-0.54744425231085514,0.320406864799973,0.1605008734751456,0.1875,1,3
-0.91937751332466722,-0.386369232157728,-0.07391755160176855,0.39337596322809271,-0.90327811387054235,-0.17130090646825955,-0.00058270689270978066,-0.18656758947985763,0.98244195503263898,24.633493169750825,5.2148708067457425,-0.54223676206460358,,0.130519583074577,0.4,0,3
-0.87339310130053782,-0.48168684144723628,-0.07184899009180834,0.48633349441098866,-0.85481865328239803,-0.18101050305013813,0.025772520533016381,-0.19303589504818028,0.98085315945268925,2.432157835478066,-20.200784707341839,-0.61460245321809814,,0.3674006369575035,0.15,0,2
-0.2813010136386897,-0.95939425181745541,-0.020794453718998303,0.95918218259666566,-0.28176096161908915,0.02408943952407552,-0.028970335085110883,-0.013169285747983778,0.99949351653622309,-0.49141942349168755,-17.075378116616754,-0.74484197403616603,,0.09443919031207233,0.3333333333333333,0,3
0.99785408483319271,-0.060094587283781635,0.025997422197295499,0.056460585289032972,0.9907823294051985,0.12313642047432467,-0.033157618891173579,-0.12140435048877693,0.99204917014826788,20.612188443550384,6.225415614795855,-0.63368922828843754,,0.1554076500166406,0.3333333333333333,0,2
0.35842350641337567,0.90571035389658905,0.2263213310646065,-0.9313057757220784,0.33005854869833051,0.15404839024751063,0.06482393197761431,-0.26598892697942567,0.96179402606134667,4.3636293086264137,-25.681437443598814,-0.45104470440751815,,0.3708069062469951,0.3125,0,2
-0.98722845627953015,0.14175971023482664,0.072692225623337103,-0.15619014902029971,-0.95113036766765036,-0.26637503833771253,0.031378535035159437,-0.27432682744226666,0.96112443485976817,21.133554267686353,9.1371695961266486,-0.91940558675246398,,0.5376337720698885,0.1818181818181818,0,3
-0.0056658147413992067,-0.97331016152684713,-0.22942368668447963,0.99772430999348372,-0.020917017904411795,0.064098982909354174,-0.067187050771285561,-0.22853841653115708,0.97121372126740868,8.8752541318480276,26.624008353663438,-1.800379765334795,,0.3806014722669303,0.25,0,3
0.053551954904874473,-0.96166446959003293,-0.26894913283739408,0.9977223645543053,0.040466683506632996,0.053967868163748496,-0.041015501874681781,-0.27122664960157206,0.96164121851752671,-10.212781597810064,-12.842978411487113,-1.1734501427219677,,0.4884326850690737,0.15,0,1
0.14131306763210427,0.98700744401488139,0.07646517099710258,-0.9893203682378372,0.13801226912565948,0.046880940269349275,0.035718705269873037,-0.082273440611161874,0.99596950508730286,7.9990498245960966,-21.6024261976881,-0.43448224411915926,,0.07068931997332514,0.5,0,2
-0.87135873276273279,-0.48519170598198652,-0.072958668329502388,0.49064474272017861,-0.86127376133794409,-0.13219396533821323,0.0013020288686131972,-0.15098515316772154,0.98853517299271931,33.544117981711167,1.3230521382727769,-0.3838346813146099,,0.370207763167922,0.4222222222222222,0,2
0.25677090970267641,-0.95807540495392463,-0.12712284748555136,0.96624321419458736,0.25161602229731683,0.055348246098596988,-0.021041648066979859,-0.13704340825319175,0.99034153366451105,2.9771629134425761,30.512279976590722,-2.2353114619264964,,0.4523837721628113,0.4,0,2
-0.45241745788275223,0.88987244745801364,0.058698135046964951,-0.8906882970293909,-0.45416518128904187,0.020207563919848896,0.044640803507453711,-0.043139487245161159,0.9980712315774023,26.516708781665322,10.430625373731903,-0.86318913788217688,,0.09303652750472874,0.1428571428571428,0,2
0.83377101372140416,-0.5518600308194801,-0.016625374038037419,0.55053258333640631,0.82873632905341554,0.1005483544967917,-0.041710566562024362,-0.092987113574903885,0.99479325758977843,14.077825137208453,30.164321800160785,-1.7950932318090687,,0.2826325697993295,0.2777777777777778,0,2
0.17075912961278419,0.94909246124081081,0.26469760042309126,-0.98507525053928968,0.15854361216153054,0.067012490012892098,0.021634935378644669,-0.27219004952171261,0.96200026326011356,-3.5648471266328023,38.523619939891525,-2.9069832233425208,,0.1618393190152839,0.2307692307692308,0,2
0.8253445482797459,-0.56385298810905349,-0.029600412588222911,0.56303591002897513,0.81794767125410994,0.11811930878489793,-0.042390336667042908,-0.11415522279103069,0.99255813153023154,-38.166514698303999,-11.894337238157465,-2.6056237078417239,,0.1355185325822267,0.3636363636363636,0,1
0.33487523978411965,-0.92067925500883352,-0.20052003185693912,0.94115976861478234,0.31652932292555125,0.11843765308913626,-0.045572620294413738,-0.22838322426279833,0.97250410752594285,5.306975288336,-19.30484647854275,-0.55817657211943217,,0.6836791609671535,0.2083333333333333,0,1
-0.86444575605008789,0.49614032775056904,0.081106781631072405,-0.50106208886140802,-0.86341336334870433,-0.058771992451523529,0.040869523521020246,-0.091444732874218448,0.99497112665480325,21.142557359389837,20.900380180000081,-1.219215842261804,,0.4803910238907541,0.2857142857142857,0,1
-0.91979108443582169,0.37813862829313521,0.10485961465197476,-0.39058251440146718,-0.90796730283322669,-0.15179155585731183,0.03781085077332029,-0.18057285172013476,0.9828345663362964,8.7957402279852559,-22.411718962813602,-0.41461189871711318,,0.2489654391249794,0.3181818181818182,0,1
-0.99673520590919917,0.065885975811184827,0.046668699280721627,-0.076037803754258185,-0.96036858641021161,-0.26816120270591198,0.027151090242849927,-0.27083429699330969,0.96224300562319742,2.2794938446283037,-23.230244932196236,-0.57621871012502113,,0.7060999402302142,0.2439024390243902,0,1
-0.92457093669315371,-0.37507410999303059,-0.066992499843491191,0.38093696805383026,-0.90655114943201998,-0.18180219974862524,0.0074571705290494223,-0.19360894988718846,0.98105043964685168,15.963985301737351,16.197511572743156,-1.1344870105274898,,0.1212126204529416,0.1739130434782609,0,2
0.67160990651377395,0.72822607323081145,0.13648047383927492,-0.74078670895780452,0.65672077397177264,0.14125465254419656,0.013235758536080104,-0.19597094504224166,0.98052037377875323,15.22323488998736,-27.249996595442216,-0.21209733334372427,,0.1583754587527056,0.3333333333333333,0,1
-0.51154771613346317,-0.85180606907538892,-0.11289532676321211,0.85897790551540865,-0.51028538984213223,-0.042021170260075361,-0.021814947971538167,-0.11847042500133848,0.99271791886970739,28.308062160441004,17.14459810997144,-0.95158317739134912,,0.2640079143537284,0.3846153846153846,0,1
-0.96850553598427847,0.23501970078153203,0.082236044483942491,-0.23947387879800744,-0.96965711702516078,-0.049166419189234568,0.068185688683499251,-0.067311333718872504,0.99539936518552385,-4.1201790068983133,-0.37521151324805563,-1.554390683745402,,0.2584776248277066,0.3221288515406163,0,2
