axis_00,axis_01,axis_02,axis_10,axis_11,axis_12,axis_20,axis_21,axis_22,location_x,location_y,location_z,dbh,dbh_approximation,score,reconstructed,number_clusters
0.027599385933529147,-0.99862227900112366,-0.044629785779186019,0.99845587095364374,0.029692997157197212,-0.046948904971524187,0.04820941458153831,-0.043265110683165998,0.99789978582184313,-1.7832341986269269,13.802889597569109,0.26466994356439144,0.6605643706032505,0.6772426294001204,0.9158878504672897,1,5
0.71983311806099282,0.67573545376353639,0.15881397504494865,-0.69402153762465824,0.70496583763275733,0.14614127782338196,-0.013205584261784007,-0.21541765085000195,0.97643271567813206,-9.767015993518843,16.000323975141779,0.48300974444278061,,0.3910168319867456,0.2222222222222222,0,5
0.6965334880192815,0.71607944473441276,0.045511854461756859,-0.71685641794724575,0.69721997086375165,0.0010900810026498713,-0.03095118924268837,-0.033384742886590664,0.99896320394039473,-9.9605390117331751,3.7178277171321752,-0.52171578486731818,,0.1011287240154243,0.2616822429906542,1,4
-0.86309810042926338,0.49971312732915896,0.073133162179054897,-0.50452643064434732,-0.8466334044144741,-0.16930729255064911,-0.022688098568868602,-0.1830264158652197,0.98284616358759824,11.409387348490945,-21.122573503265464,-1.9257944230700812,0.3486944616854005,0.1991132456000235,0.4285714285714285,1,5
-0.36856615099555273,0.88624077445388039,0.28059986107571305,-0.92870152210133039,-0.33775514769892367,-0.15308475773097133,-0.040895906726655676,-0.3170153780154274,0.94753827094990717,0.71650446250221955,-1.0193764126869003,-1.1024203389229374,,0.1429566523197031,0.6511627906976745,1,1
0.24444830105021528,0.96806096583742229,0.055704528860596396,-0.9688882792311897,0.24614473436905573,-0.025850959572366817,-0.038736681350994451,-0.047652241965144483,0.9981125855100752,-7.6671830734340745,3.7499611036283849,-0.516973628845667,,0.08162511965874397,0.2954545454545455,0,5
-0.9321818496018428,0.36103819778184681,0.026237740286147997,-0.36155601479571964,-0.92506496040736852,-0.11632741375768441,-0.01772702563671329,-0.11792471653114189,0.99286429777342933,-0.60806822339018951,-7.5473801799512605,-1.3955921790026418,,0.07820791020884409,0.3076923076923077,0,4
0.6771107755014163,0.73370087662894901,0.056604075240059386,-0.73564651176559892,0.6768315581296751,0.026893338336158742,-0.018579758528500148,-0.059850359678685593,0.99803443178046447,7.4663694419701612,8.2944034144362391,-0.21297641690607097,,0.3366724796762117,0.6097560975609756,0,3
-0.63511430873206376,-0.77112486152570781,-0.044679556631097878,0.7708607186059272,-0.62910105217163848,-0.10002808938938781,0.049026190491886792,-0.097970985977972422,0.99398094476320697,-3.8217163544513384,18.380681644761935,0.64513370111794366,,0.4921478197762125,0.5217391304347826,0,2
0.41841592318125376,0.90774958315993359,0.030311870634250858,-0.90730214455050828,0.4192726289865929,-0.031832076223848954,-0.041604491613637939,-0.014182977671815554,0.99903348763789335,9.5480281620256537,1.0905915821465528,-0.89896582369898193,0.568750124735909,0.3181772233356248,0.5,1,7
0.23763089590971082,-0.95649234093628266,-0.16927480332104328,0.97029016090333109,0.24189777066759693,-0.0047404852319333423,0.045481435370222131,-0.16311919039854378,0.98555749135217241,1.8438731384417428,7.0126194519403864,-0.3622735054232244,0.2519178973053537,0.1831969153287366,0.1588785046728972,1,5
-0.99775007914671299,0.066263727638863845,-0.010193034981273521,-0.064035891602145276,-0.98694119924002977,-0.1478055270596097,-0.019854071356910377,-0.14682025623888961,0.98896391653512827,2.3476220476077612,12.015789300849006,0.085714041243181438,0.5385812241135386,0.3242409738209555,0.4067796610169492,1,4
0.5923293066493921,0.80272151657719126,0.069167617482928337,-0.80537835626584497,0.59232019280644077,0.022858093802127263,-0.022620692800542939,-0.069245620928366336,0.99734314467963769,-5.3521758204165435,-6.5894542336975617,-1.3487208971302731,0.2807571868718496,0.1206674219180332,0.3620689655172414,1,5
0.76980877158150618,-0.62787794148705078,-0.11473336825072407,0.63757409723211611,0.76485782760053334,0.092150822551103476,0.029895246023815471,-0.14408953519314568,0.98911297641523177,-9.4944777992717295,-15.074812386062344,-1.6481561791706973,,0.3888211963572047,0.4117647058823529,0,1
0.22135798412933749,0.97492042808795476,0.023039135378616418,-0.97431334626245225,0.22209968987233344,-0.037218692259065912,-0.041402248212599808,-0.01420868239533641,0.99904152425588877,3.3910428915685413,-10.188996809105793,-1.5107723856155491,,0.07289276664731634,0.28,0,5
0.75366791700465408,-0.64821211140281054,-0.10865417391235513,0.65721451617930737,0.74509585639405862,0.11358364542311254,0.0073314801414712709,-0.15701344979050325,0.98756925123447425,16.665505139318004,-16.771086233695243,-1.7861521920238352,,0.3493539557638818,0.75,0,3
-0.58328399376640405,0.809089263985032,0.071793770760939915,-0.81141547153166482,-0.57634195698193014,-0.097133316536018643,-0.037211761245080244,-0.11491088515192943,0.99267858509118678,-5.8104648275845374,4.5985221058200896,-0.45709111561547233,,0.07006721102216218,0.2932330827067669,0,5
0.3495118995327437,-0.92474646935571825,-0.15061673047556154,0.93605354668598062,0.35160213843955718,0.013404998371050723,0.040560939604633528,-0.14567053119579493,0.98850134371154252,-4.3902200984093529,5.4908837327821027,-0.43896355560704398,,0.07432073459036782,0.2066115702479339,0,5
-0.038493700947243574,-0.99107624357007762,-0.12761706162738765,0.99844116574564157,-0.032981790482352918,-0.045027103405200497,0.040416253313099511,-0.12915138763328265,0.99080091115245184,-6.4978571275172907,13.977299592271658,0.25220132789293942,,0.14149181378504,0.2857142857142857,0,6
-0.074046447521920411,-0.99233803228866757,-0.098905779825241846,0.99652587270420645,-0.069836219260207527,-0.045377169485986434,0.038122285352575731,-0.10192218675487658,0.99406164758861959,8.0714912060953576,9.6800815414620676,-0.14733793362570718,0.2940273533559676,0.1763460374775607,0.8076923076923077,1,5
-0.83861765788391673,-0.54456916898574237,-0.012839161790107655,0.54437296679045966,-0.83700796191333326,-0.055459397052636861,0.019454997122791227,-0.053498522258720108,0.99837839079333357,0.52636973966772005,1.3346987657164151,-0.91519244744337791,,0.06994515613372941,0.311965811965812,0,2
0.68051960573282033,0.70823297408186758,0.18788060207589125,-0.73186526735525381,0.66944472093114882,0.12734596992617828,-0.035585062206913903,-0.22416471631496454,0.97390137247421582,0.39178756021329503,-15.261578500977963,-1.6731702206421071,,0.3881910179839468,0.1764705882352941,0,5
-0.55992798465624571,-0.80909695077735633,-0.17844544331974219,0.8269805828700536,-0.53254447162892804,-0.18027618060457093,0.050830773697644382,-0.24851259521450828,0.96729402069125214,3.0949614624766002,16.237371297112912,0.35990794146643473,,0.2206067873953718,0.2413793103448276,0,2
-0.095663229567018018,-0.97344376402484489,-0.20798025096136324,0.99362963866157117,-0.080880156565690239,-0.078476375089492581,0.059570862693814591,-0.21416264509725563,0.97497983249032538,0.27714609583371708,16.543457691006292,0.44405941476367244,0.3810369515315572,0.3807294223326807,0.456140350877193,1,3
-0.73700977300357484,-0.67378751286374094,-0.053169370939596415,0.67474311653573171,-0.72892260785129248,-0.11573054242903157,0.039221437822525469,-0.12117020785722882,0.99185657206219513,-0.78946840038699817,-21.300566490480016,-1.8568089021987315,0.2053246127862438,0.1939569774615637,0.6,1,5
0.084331862341354383,-0.98299491698990293,-0.16312305222148338,0.99574788755308874,0.089227055808339201,-0.022905827759261015,0.037071301940992694,-0.16049774354734539,0.98633979585567277,8.5161302777578314,-0.39018463219497712,-1.0323237937960419,0.4851960864620191,0.2356358799062194,0.2258064516129032,1,5
0.93247468718965243,-0.35222300848108318,-0.080186719892345062,0.35898916490631666,0.9282731698796608,0.097137539403828216,0.040221104291453508,-0.11936446028068697,0.9920354773854988,-10.417167323071522,-20.110285304595255,-1.8407331909685645,,0.1202768981202558,0.3333333333333333,0,2
0.28832619801852033,0.94232147481478723,0.16999482827153703,-0.95644232479960734,0.29189131665206647,0.0041879105823309825,-0.045673656171886311,-0.16379773309178389,0.98543605564535997,-4.3678255856027146,11.261227884076172,0.053792912796090726,0.5451413420308107,0.332681660369758,0.25,1,5
0.97643242814349951,-0.21575495050273949,-0.0054327344268812004,0.21553748832886815,0.97612531263060032,-0.026888011579487357,0.011104251198327805,0.025083368501381594,0.99962368931010759,-11.748000016610916,5.6149486029289761,-0.30918043638083409,,0.08189531794715406,0.4583333333333333,0,5
-0.79494140838498761,0.58973739223840971,0.14240072131394935,-0.60600992501206619,-0.76079236126914018,-0.23226483552487356,-0.028637877396253762,-0.27093318591558102,0.96217206400304034,-1.5548349732032845,-3.5030209148562008,-1.2286532961701162,,0.4509343310514357,0.2336956521739131,0,1
0.88194871085459769,0.47045119870777014,0.029019666716468127,-0.47104814745698587,0.88190661624724176,0.018824531778538402,-0.016736612538217215,-0.030271931781134839,0.99940156891360887,-12.607863155059425,-10.947101027881828,-1.5031981829089778,,0.1048623264522058,0.3035714285714285,0,5
0.50932213048307584,0.82183160805418221,0.25531113450701121,-0.85990969977834453,0.49768691645032614,0.11341534914324004,-0.033856692503813388,-0.27730946827910941,0.96018393195025875,1.9493429648845841,-3.034895760506612,-1.2066347658481233,0.8499748685597436,0.7128617090133341,0.4081364829396326,1,2
0.33200960337563235,-0.93047178402906661,-0.15489313216576833,0.94255926118064337,0.33365411389044786,0.016030328960453179,0.036764961974079739,-0.15131817937626321,0.98780116732128742,-16.28219663960067,-5.0893607575542656,-1.0595992315938692,,0.1806555127864377,0.4375,1,3
0.64486760305119817,-0.72085696940189448,-0.25399016555709142,0.7635003814357747,0.62272902172658284,0.17110152847616569,0.034827318048179533,-0.30425942083059609,0.95195234269022166,1.1821180835917464,-5.6076651164345082,-1.324832114103909,,0.07524555859610396,0.1818181818181818,0,2
0.92642530342937568,-0.37239294207632628,-0.055314137953406464,0.37602786513691183,0.92246182051679704,0.087562745099808548,0.018417432132819458,-0.10191999990470721,0.99462209497530185,-12.410057826269856,9.493565032947906,-0.040493915213875478,,0.1611789586722483,0.4285714285714285,0,4
-0.99867666491825557,0.048371143801120522,-0.017468583088581263,-0.044680829256228578,-0.98425184437233504,-0.17103195709174732,-0.025466496514579454,-0.17002511372449919,0.98511061219451124,-15.900719389911659,5.6884181970243715,-0.27727840854889285,1.131217787121483,0.5954492088728199,0.6831683168316832,1,4
0.80965735646658821,-0.58514267186113222,-0.045420465505685154,0.5863610442527295,0.80980851177733382,0.019771192069015314,0.025212911422249348,-0.042640682689150701,0.99877228699910281,6.6186731217340053,-7.1400769455731821,-1.4094856408110863,0.5353047651950793,0.3913072819427166,0.6555555555555556,1,5
0.86741401415827368,0.49275119143307794,0.069203983867356905,-0.49754016760731551,0.86081309862380873,0.10702612230181222,-0.0068344465112912889,-0.12726772009806789,0.99184485569161718,-10.625935768396912,11.823469637923095,0.1752950662737188,0.1954764142595591,0.1298202007097403,0.4090909090909091,1,5
-0.00092758018027083483,-0.99575652781685609,-0.092022154425599134,0.99900273402739292,0.0031850945981129774,-0.044535295869635436,0.044639410847412207,-0.091971693920035624,0.99476053928404096,-18.369306773572447,-7.6996219333282205,-1.2970530359558332,0.277981913289278,0.2347422565147211,0.7804878048780488,1,5
0.54344549035860568,-0.83705240611387066,-0.063326680221473058,0.83783429278570087,0.54552773262155652,-0.020813235526125108,0.051968229151828318,-0.041746405351379939,0.99777579685972528,9.2412410885978691,4.8357916778344254,-0.62654136552328066,0.4679995875098819,0.2886274972415464,0.48,1,5
0.82934995335544737,0.55823409099011667,0.023523488809183323,-0.55833895416106227,0.82960929017016083,-0.0024572199114874052,-0.02088700877696428,-0.0110961849209627,0.99972026464634134,9.6103676210411653,10.41614601643681,-0.098699843614285257,,0.07300406254679084,0.2,0,1
-0.81720544105810311,-0.56484499204738403,-0.11456614711171366,0.57573517379104022,-0.79089498155248261,-0.20739850003049623,0.026538213293907216,-0.2354469433101429,0.97152481189163564,10.596636593498889,-14.727741840370763,-1.7514905796207489,0.7463561030472387,0.4800077397482975,0.8529411764705882,1,5
-0.16600558833970575,0.98008470103803869,0.10897762812231897,-0.98545565981909089,-0.16080637416082436,-0.054940445573088033,-0.036321992931399816,-0.11651304141780545,0.99252477249137916,-8.7873529061001552,-0.91028176668900496,-0.85305168498827044,,0.1087992323441897,0.1964285714285714,0,5
-0.83160237579085161,0.55526160407498015,0.011047154343622214,-0.55484957747186925,-0.82979434125029028,-0.059860651585876584,-0.024071455259291049,-0.055909768995028648,0.99814561200890073,-13.673257632213765,3.5329981982002026,-0.49371656961956484,,0.07997557634712968,0.4871794871794872,0,4
0.53982453115780804,0.83248729232864049,0.12471721481648473,-0.84057720411150705,0.54101493639780185,0.027070325497929721,-0.044938174065425003,-0.1194476735052241,0.99182297503428229,-1.7814449894220719,-13.492996766123358,-1.5972962959415127,,0.4451172202708805,0.4285714285714285,0,4
-0.8678128432943244,0.4962930399819182,0.024373909799708576,-0.49633141517812923,-0.86346391226816466,-0.089917731943307169,-0.023579553021495427,-0.090129299764611814,0.99565089966475928,-6.6944700729382101,-6.6187372302295975,-1.3380542955816939,,0.07420991034766995,0.358974358974359,0,5
-0.99998350952757409,-0.0048901356563432344,-0.003011186839065759,0.0051154071487028701,-0.99678082035962035,-0.0800114290142767,-0.0026102265457623704,-0.080025513034695364,0.99678939800788147,9.7403587776451364,-17.073984767318404,-1.8212752298809081,,0.09634959695701847,0.45,0,5
-0.88504910987787322,-0.46486972841702046,-0.024170409716621523,0.46199377739237668,-0.8708434317877416,-0.16790910327576539,0.057007216693212029,-0.15977438128071142,0.98550612597348075,-3.0981854036699423,-4.4761367604783695,-1.2705177402281633,0.6382111150148708,0.7425521278500475,0.3043478260869565,1,4
-0.014414751046068939,0.96307111240075072,0.26886101876519802,-0.99898625458809109,-0.0024030195292963231,-0.04495207048845936,-0.042645962251278278,-0.26923643504608019,0.96212944240748588,-24.595433645390013,-8.0684960222249966,-1.1705581696882161,,0.3831360279473118,0.2307692307692308,0,1
0.97123377492366292,0.23790973901469023,0.010193651430779134,-0.23792452318024371,0.97128361514743278,0.00024538864281449784,-0.0098425462652707973,-0.002663649394017861,0.99994801327615035,-0.82777402419180002,5.818722135840626,-0.51630680395574824,0.2362730635081203,0.2681316343132152,0.5930047694753577,1,5
0.22395975107938254,-0.9735414918317058,-0.045376134460271202,0.97376175195888648,0.22545359955847502,-0.030963282579309966,0.040374253162385618,-0.037251015130092852,0.99849000072777694,2.8079375979656112,-5.4594756599458396,-1.3271186655932141,0.1770840168650827,0.1447542052028961,0.569060773480663,1,5
0.088231238856210759,-0.95333291338904425,-0.28874141500494033,0.99562119264087434,0.093389310533531805,-0.0041082164541696581,0.030881859630874114,-0.28711459894479141,0.95739830677650062,-14.99652121963452,-19.570307048273854,-1.8189436047374514,,0.3320551858606816,0.125,0,2
0.89948044505158586,0.43289871069227837,0.059444387882829901,-0.43694994689191757,0.89012736819443461,0.12941411168183922,0.0031101255523822038,-0.14237968489996142,0.98980722994269732,11.364675227551224,13.105491747813065,0.060414989563711843,,0.3604622611699122,0.625,0,3
0.49107757197534213,-0.87060155957975061,-0.029928961894936535,0.87020011197495284,0.49184666288353535,-0.028959028455895888,0.039932235369210353,-0.011823056611381676,0.99913243962488874,6.0890378732932913,-3.306896021861613,-1.2306742104856894,0.136216563089364,0.1017030872823742,0.4945054945054945,1,5
-0.95675103212399115,0.28842793519005883,0.037904996130821003,-0.29078558169670188,-0.94441569289254712,-0.15337126359133146,-0.0084384836901593412,-0.15776034108827899,0.98744137384085806,-14.428548742153998,11.820684696640408,0.17887850117855764,0.43705110825626,0.3475987991840468,0.6470588235294118,1,5
0.43550855871187377,-0.89178532721094683,-0.12268343596414548,0.898396494601437,0.43917384116967328,-0.0031742274843659531,0.056710085316054752,-0.1088359655791085,0.99244077849507306,3.0854740894537787,11.270597152403768,0.012035146203600753,,0.1125328977859181,0.3478260869565217,0,5
0.46198619214801939,0.85431907639404947,0.23813373128095663,-0.88657277270334156,0.45201173904376957,0.098357035679891722,-0.023610950122385257,-0.25656247480067018,0.96623921445906591,-17.63613731254345,11.74334427601371,0.1784292477678516,,0.3517685309589727,0.3333333333333333,0,3
0.51552190559558475,-0.85084598897947405,-0.10148038179193976,0.85513829220818183,0.51839491476845156,-0.0022833180865685387,0.054549665905223643,-0.085602659887124913,0.99483492026058162,14.918242440528381,2.1744449914592439,-0.80710038720847266,0.88517079652592,0.8226920432877763,0.391304347826087,1,5
0.86000833588928716,-0.50774780767076777,-0.050772295658832726,0.50973491557675532,0.85942428959737005,0.039499446730475306,0.023579186646212835,-0.059850265292516774,0.9979288389968084,-3.473972815751639,3.9113426019608957,-0.54958425059331817,,0.09761314921740909,0.2439024390243902,0,5
0.99411168963105379,-0.10786090966340914,-0.010390991553877973,0.10799485727877911,0.99406208488641612,0.013329748407503115,0.0088915319392674202,-0.014373432361585812,0.99985716234966238,-2.8940966975422131,1.5696666123896872,-0.82518879050386418,0.1389573552301878,0.1139777541406599,0.5460704607046071,1,5
0.8334811162730108,-0.55065063363705136,-0.045750502635583702,0.55224385894624572,0.83290862248472342,0.035915830030195668,0.018328913564459877,-0.055200600229644368,0.99830703927290421,4.4759304576894365,-13.281845514652721,-1.633971936522256,,0.7629951753765296,0.1538461538461539,0,5
0.92360466415478881,-0.38295107421529423,-0.017403996922389128,0.38334262800273894,0.92284342954524567,0.037529110049739918,0.0016893511997605908,-0.041333755001498315,0.99914396699875141,6.9642042694414465,9.5548614684847255,-0.12289202011435794,0.1828382221698967,0.2044735283989832,0.6964285714285714,1,5
0.83187195378707457,0.55478483981349225,0.014241980746844461,-0.5546101817518444,0.83198328135450839,-0.014538426454445292,-0.01991478846641705,0.0041953616891354283,0.99979287862068467,-8.6539937752752429,3.7573223077623132,-0.52751838138431117,,0.0971393414707007,0.5804195804195804,0,5
-0.52016684296821081,-0.83630141642052613,-0.17328126375781877,0.85329330686013283,-0.50026706976013535,-0.1470489421291688,0.036290328521306689,-0.22434972655795687,0.9738327434673707,-7.5399373723546184,20.864592208441831,0.83552897393791181,,0.4969075134331977,0.3,0,3
-0.85278242765856938,-0.51540981403084629,-0.084349597968486595,0.52020132294811361,-0.82391112575972636,-0.22485782275111682,0.046397356387937981,-0.23563357241706584,0.97073379711957164,13.683829445209859,-4.8133019257764627,-1.2429199395644694,,0.4823188962300091,0.4615384615384616,0,3
0.99423985235679901,-0.10362561550828504,-0.027365083520043756,0.10674402838179463,0.98034667568841694,0.16590993903770834,0.0096347491070861938,-0.16787533254531045,0.9857611497378278,17.512509923610857,-4.1488502684880784,-1.1869038427333161,,0.3889671447116209,0.2631578947368421,0,2
-0.96871931743027828,0.2157567265288825,0.12260472664199033,-0.24237741123062134,-0.92863527676452517,-0.28087312664905589,0.053254807882091117,-0.30180383978010494,0.95188148828067165,10.134997726986652,16.946998340500429,0.39959652849888444,,0.487920134239157,0.2857142857142857,0,2
0.99618828295743878,-0.086879371662161309,-0.0078025430404519138,0.086900041665489661,0.99621426485186126,0.002349737049499187,0.0075688610005870231,-0.0030188218320541206,0.99996679897779606,0.80696932444583824,-12.762620115765811,-1.5939632836776121,0.3533831533348518,0.2490359126813848,0.3650793650793651,1,5
-0.25391642772997336,-0.95428642918138917,-0.15768277905048098,0.96585575367109067,-0.24148936410693503,-0.093837892792185934,0.051469513591046137,-0.17612580192425437,0.98302115494390008,-16.380729424725825,2.5789779482600017,-0.48448893988908331,,0.5005620484557378,0.967741935483871,0,4
-0.43560116478197064,-0.89639187415854615,-0.08205628058302844,0.89946177259058302,-0.42992320537269357,-0.078323413678645107,0.034930572408679077,-0.10792425781351885,0.99354527309358376,4.953753806662939,-8.3532825230692147,-1.4488856207080174,,0.09292567691621217,0.2413793103448276,0,5
0.89642757459298328,-0.44147624402848901,-0.038940075344542434,0.44182717456838022,0.8971000732344826,0.00045432984413741769,0.034732568610205461,-0.017612057267204346,0.99924144435494322,-23.144078997484442,-18.858035983432636,-1.8188793671992198,,0.2746824538671158,0.6785714285714286,0,2
0.54802668626059547,0.8331884804135864,0.073916894228109306,-0.83501358126940139,0.53974212684310929,0.10691471183389824,0.049184044586425286,-0.1203137258045628,0.9915167861116343,-18.800828180839844,-22.411221468243614,-1.9448321585526791,,0.2365563559970075,0.2105263157894737,0,4
-0.95208589593773008,0.28918035147449378,0.099534773207849314,-0.30583074705369206,-0.90021915666881169,-0.30995648746731164,-3.0216391205129187e-05,-0.32554599412000357,0.94552620524202702,10.88552786421824,11.737020014902434,-0.018834023652946619,,0.4613797326821934,0.2857142857142857,0,2
-0.7635155948431771,-0.6312720404926544,-0.13616000632898814,0.6457820574337193,-0.74734803805494299,-0.15632160539125756,-0.0030774547830912319,-0.20728367255446861,0.97827603894012949,-14.208163547883741,-4.7230993085266402,-1.0283455188878488,0.5070097867133599,0.3087205406498281,0.3461538461538461,1,4
0.99001913426131749,0.13930404915379593,0.021365759659494648,-0.14091694713677613,0.98075348694468134,0.13514811080995115,-0.0021278642159592871,-0.13681001328559458,0.9905950193992864,-4.3423248840814184,3.6542277975374597,-0.57381306851293901,,0.1054521725975456,0.2745098039215687,0,5
0.90943943889486389,0.41437092299322936,0.034880440942391004,-0.41561528349071014,0.90848758681932906,0.043752036799785655,-0.01355887574738599,-0.054286672148257269,0.99843332983005706,-5.2726831794397055,3.4961747721063468,-0.58882715972160227,,0.07377125080081148,0.25,0,5
0.30821603291714622,0.95064359207298876,0.035772026827978989,-0.9504287342665223,0.30933468939347869,-0.031579598135131171,-0.041086471415210608,-0.024265423721936283,0.99886089676102641,16.182459193294907,-6.4797624083320056,-1.3257644637285642,0.3407671119660899,0.2476124749240965,0.4444444444444444,1,4
0.6540743783761892,0.74888686826990936,0.10656062164180655,-0.75581419574653519,0.6527086458539898,0.052118376178351432,-0.030522271537664281,-0.1146293250452845,0.99293932784427585,3.1721161621112053,-6.6684347025059409,-1.3732877992314949,0.5352990349093973,0.3370900473985036,0.2580645161290323,1,4
-0.31591435004018498,-0.94833419847027733,-0.029332089090703766,0.94810248167188793,-0.31436054813585246,-0.047740234847919061,0.036052845744760809,-0.04289165172226328,0.9984290152666041,5.0312401107097564,-17.180184498355199,-1.7766082574774951,,0.09434052049925698,0.75,0,5
-0.80850189651699622,0.57888508944093231,0.10590909569713768,-0.58849349104052273,-0.79539509977478007,-0.14498981432227293,0.0003071341071084279,-0.179551353314958,0.98374855384463389,-13.294650956483384,4.2526869101866138,-0.44431930680686782,0.5120047755014488,0.5061972982987283,0.5909090909090909,1,5
-0.48096733119207663,-0.85723523921334643,-0.18389717501040476,0.87650387746630287,-0.46528983736899121,-0.12347598968088326,0.020282482897988573,-0.22057450417483385,0.97515922238141095,-3.6383546486042073,-8.7738719553796205,-1.4387972456717582,,0.2298946052502869,0.1428571428571428,0,5
0.60358725243232714,-0.7886080150107263,-0.11738750939531585,0.79557699843075391,0.60538711762433051,0.023741890877015552,0.052341840520804796,-0.1077211050599933,0.99280234450546456,-7.8651895080252396,-9.8006019911417948,-1.4741048477976526,0.2626261041524617,0.2202708060660554,0.6666666666666666,1,6
0.87727351667017361,0.47028546907140328,0.096035173397232845,-0.47890483989738319,0.87104163590698702,0.10925485270385672,-0.032269664888376577,-0.14183809818511345,0.98936374636996949,3.1771411029256269,9.7255390698311341,-0.066603480193229245,0.1250969626987706,0.1467284405536915,0.3214285714285715,1,4
-0.41778197465520661,0.90668403191342362,0.058157440851671002,-0.90740304805276484,-0.41318844649466668,-0.076779007989667067,-0.045584317892776872,-0.084849124665745568,0.99535053926026906,-17.343771082300979,-11.985449170680093,-1.554119999896971,0.3895777146904225,0.1372964186171576,0.3478260869565217,1,4
-0.81573562088676599,-0.57770388990235377,-0.028872346772841104,0.57800568853355272,-0.81222814941764554,-0.078707415892279503,0.022018647536482954,-0.080892823447297049,0.99647956841843377,-1.5635646985884313,1.6464138717263292,-0.81698829773729376,0.6020439973722388,0.6738404063596379,0.6239526860522425,1,5
0.26692259163764132,0.96367195474728751,0.0094177336440169519,-0.96297989774957293,0.26708781735340703,-0.036521423187193348,-0.03771003319635171,0.00067930474587254519,0.99928849284948462,-0.76149378228542408,3.9563742109952975,-0.64129426625799824,,0.07101040132381413,0.3333333333333333,0,5
-0.72235817117716106,-0.67101398902636744,-0.16714933163046278,0.69095726083042586,-0.69062744731913372,-0.2135691754799198,0.027869988146807273,-0.26976648335250997,0.96252236764675636,-21.211230806046281,-10.518336561011886,-1.4634725813094573,0.4132993687394394,0.3850367304342078,0.9795918367346939,1,5
0.55913552715993575,-0.80734047906625428,-0.1885969594894174,0.82841421529303538,0.55313099646756358,0.088181566368633973,0.033126276096268489,-0.20554184879939297,0.97808752073836536,-3.4337279048514331,-10.668723222765111,-1.4927657890842398,,0.1304237806752569,0.1333333333333333,0,3
-0.86028908120652248,-0.50885347743158471,-0.031158229452610098,0.50946366556574041,-0.85586220094231258,-0.089144077013002906,0.018694122743719052,-0.092563661897984872,0.99553126433622274,-6.1010116622041375,18.898133730447341,0.71492417650743423,,0.08323005987880144,0.3333333333333333,0,1
0.89748463000883394,-0.44079610010629133,-0.014837015501476746,0.44066729145426575,0.89760028810273784,-0.011227690779653698,0.018266831697581032,0.0035384924709303879,0.99982688598115088,-1.2098640015857114,-9.8177017360364136,-1.4705156934679382,0.1619090338076251,0.1507419495854241,0.7011494252873564,1,5
0.90389903536365046,-0.42382743290188263,-0.057765396116204744,0.42690102263319235,0.90233334118117803,0.059582365407444264,0.026871001905330233,-0.078516549291292648,0.99655060119594097,6.1007748719839192,0.011329990547112007,-0.9989878385728922,0.2226991610908865,0.2151888256793326,0.6379310344827587,1,5
0.80662503235106564,-0.56471511151344989,-0.17450759299524593,0.59044280054441378,0.7833851225389018,0.19412637396804033,0.027080555199485927,-0.25962394460654326,0.96533002176303728,-8.1483785846519492,6.7290029885827831,-0.28944297073035402,0.7235163731243761,0.390590257232365,0.3177570093457944,1,3
0.92077050849575304,-0.38843879082667254,-0.036013559468426527,0.38951887413258585,0.9205190459570517,0.030327095555012253,0.021370947076719608,-0.041952256333036328,0.998891030498128,-8.8449404757514305,-3.0812225974192238,-1.0217490440512029,0.1772502664833676,0.1519215880656833,0.5866666666666667,1,5
0.78760649279566586,-0.61450826044339191,-0.045338839342743485,0.61547870882758016,0.78808530846043667,0.010368489222338639,0.029359350913218788,-0.036071379730408651,0.99891785652189602,-5.3285487112143732,2.3015551391812048,-0.70585074080861421,,0.06780480981034101,0.1825396825396825,0,5
0.78140740630227046,0.61396501119625868,0.11157701556654565,-0.62349787739757545,0.77549142822758477,0.099314861054421277,-0.025551169379839277,-0.14717340035590309,0.988780626818206,-10.643529649744053,-13.52900924853617,-1.591569694664932,,0.0787153907802544,0.2307692307692308,0,2
-0.26156691505108193,-0.96389014661071359,-0.049985340025235227,0.96437954942662307,-0.25888209114321414,-0.054333668503251449,0.03943137834725944,-0.06241672974527647,0.99727093522750443,-5.1746927292543017,12.042665969678412,0.12508904389002118,,0.1024040667883416,0.525,1,5
-0.99438859186501594,-0.10279717105289488,-0.024981392920241451,0.1057867666017768,-0.96468446116801043,-0.24123235768223364,0.00069884236766420505,-0.24252140525015473,0.97014580327641364,-10.535171334346574,2.4444945731863688,-0.62809287306662387,,0.102142121127085,0.35,0,4
-0.64753642318837101,-0.74965155864938993,-0.13681783969552908,0.76150540251942589,-0.62988234073721816,-0.1528324532327153,0.028391945656085625,-0.2031521042025986,0.97873546986911553,-3.2872320935376864,6.4533334051227236,-0.42963399175816647,0.6092984897856774,0.2966787776519006,0.2222222222222222,1,5
0.79690917650358695,-0.58882153628475054,-0.13499986226526894,0.60366151400493817,0.7846973834848272,0.14086444853593263,0.022990017695536543,-0.19375039292691229,0.98078144574977877,-6.5629489393710232,15.514428362684914,0.45730283750757328,,0.1788052641584067,0.3333333333333333,0,3
0.91562688569587958,-0.3919079431379911,-0.089641342561422865,0.40165417489200639,0.90137088226193707,0.16187790584931391,0.017358858910844283,-0.18422458227849808,0.98273087531715742,-4.9096695098142051,14.256055625461292,0.31255351840930934,,0.5420697385645656,0.552,0,5
-0.97558978580914602,0.21888324937964987,0.017739587533823816,-0.2161279421682207,-0.94271304381111376,-0.25412758536316921,-0.038900931081330067,-0.25175829712124814,0.9670080027546899,18.871879453468683,-21.664182527478765,-1.9738031487033025,,0.1621920770920121,0.2777777777777778,0,3
0.29305763924691508,0.93803875679331294,0.1849338012173026,-0.95481594345512777,0.29713956804697084,0.0058814305023402224,-0.049434140054412164,-0.17830134002445236,0.98273338090377549,-9.3160728995833129,5.2862985603776096,-0.36533281282185642,,0.1444348812480456,0.1884057971014493,0,4
-0.30464992591489282,0.93925311305128023,0.15808862154984263,-0.9512014579423097,-0.2914813361708537,-0.10126409567303775,-0.049032734458466842,-0.18122422654692988,0.98221869798125527,0.23005107149694448,8.4083614258814787,-0.1777332002681476,,0.1537947280651735,0.3888888888888889,0,4
0.83304623206209683,-0.55284130521700448,-0.020011658929299743,0.55278149780406016,0.83327860891166772,-0.0089092993964931533,0.021600716021547981,-0.0036402165039205719,0.99976005015761715,10.683762478907431,-6.7546820978688604,-1.3674094988108147,0.2632065827779568,0.2534260851370188,0.6842105263157895,1,5
-0.85589880185966782,0.51609347375941483,0.032935806019053562,-0.51233057314522512,-0.83754333521857027,-0.18983820861891346,-0.070389095717089581,-0.17935631567885546,0.98126280232679575,3.7448363558857074,12.378181424362264,0.10178310367829399,,0.2661706895643361,0.6538461538461539,0,5
-0.18320595793847591,-0.9758758670162464,-0.11875129115564921,0.98238670394338146,-0.17721918063591921,-0.059242939916850715,0.036768748837886452,-0.12751334906597733,0.99115508620945569,1.2399282157673606,11.145383352493303,0.025025417458114908,,0.07954419162979162,0.3333333333333333,0,5
-0.27426716979846011,0.9542084133668256,0.11943124980802527,-0.96139698468032386,-0.27493973546977885,-0.011134617523229843,0.022211650508755926,-0.11787470347692255,0.99278003447989605,-12.699075777755061,8.3026040257046869,-0.11835891419310002,,0.2131098839042776,0.44,0,5
-0.59601735998988414,-0.80129479803016068,-0.051864759138462981,0.80207345908101324,-0.59105349657690431,-0.085638370033713579,0.037966733181889221,-0.092641301987921462,0.99497543504223041,5.5883917257599229,8.9311522787586828,-0.14676830208550334,,0.0863924976044947,0.4117647058823529,0,5
0.41759077653507864,-0.90530669022197274,-0.077702895648528586,0.90775581630533375,0.41941982469141675,-0.0081479211862538342,0.039966502432238274,-0.067132758733403908,0.99694326387622245,4.8324730679438552,-0.82361265136688677,-1.0785188335208806,,0.09762434190346933,0.34,0,5
0.67456557077614221,0.72134242207110821,0.15692801166154036,-0.73591541958819973,0.67386026378417674,0.065885052212497533,-0.058221868192127511,-0.15992953139838373,0.9854099446681629,-2.7512782660220583,12.284222743403911,0.12374623557505225,,0.4353153462243647,0.24,0,2
0.99342619072660221,0.11425421957932036,0.0070976676982634872,-0.11390277530031086,0.98037438384417086,0.16091061270485249,0.011426344880207443,-0.16066126107585657,0.98694346232810892,-5.6993455224404785,-3.976160721866727,-1.1959552890477316,0.5840394465845622,0.521813210022791,0.2431941923774955,1,2
-0.93378732544034693,-0.35480835327201676,-0.046392491799472704,0.35577043962084148,-0.90669538788663584,-0.22656316531399462,0.038322645250003617,-0.22806688938445877,0.97289098506849137,-6.2955723004161825,10.779680365912601,0.035321765324267972,0.7486749367634897,0.7053956740275121,0.3064516129032258,1,4
0.53193630645606371,0.8466705461501528,0.013883521011734776,-0.84612705863095161,0.53209783592137372,-0.030673989964228036,-0.033358155320930227,0.00456938612874167,0.99943301635676995,-12.841249684365007,-9.433337048156389,-1.4410649942442841,0.5837510990327113,0.5734987664895929,0.9554140127388535,1,5
-0.69374392142156294,0.71664097240570601,0.071729269897563605,-0.71957936251970267,-0.68547362029484959,-0.11104709323350907,-0.030412374559899723,-0.1286531482291729,0.9912232114535815,-2.7269749579153659,-16.180536958753134,-1.6881031389781225,0.4349252005571807,0.3265346861840371,0.2857142857142857,1,5
-0.16596015048989141,0.95505615233340868,0.24561142957826146,-0.98523775078868803,-0.14997710925486726,-0.082543571042209968,-0.041997653151329375,-0.25568459591781872,0.96584759902384265,-15.697373757574459,8.6698327725006141,-0.031768374618079437,0.3061485629052106,0.1809262483102309,0.2580645161290323,1,5
-0.84847955494374205,0.5286140416958226,0.025488031788960957,-0.52873815959066151,-0.84463832695337893,-0.08379770422914945,-0.022768474589839313,-0.08457713380933958,0.99615676728186087,-11.516587330436314,9.2198004078931817,-0.074613502817611754,,0.1722165491576211,0.6481481481481481,1,6
0.48078526564465363,0.87131462922196778,0.09826670465007474,-0.87604324437483083,0.4820948443345347,0.011523673515075144,-0.037333126365482742,-0.091626295187822296,0.99509339245416206,6.8388815092272504,-12.028339549414971,-1.6166970653716806,,0.1048614556924148,0.25,0,2
0.47825344720250429,0.86917249808920971,0.12574899126546926,-0.87790847628329316,0.47698138156089426,0.042017483434944984,-0.02345948654311926,-0.13049111161156599,0.99117189340775269,16.612148551674249,4.6335535700402684,-0.58618622201278059,0.6789842381610949,0.7140940741714967,0.625,1,5
-0.79545151134582093,-0.57384167066783864,-0.19484001155510783,0.60563648358536515,-0.7413498271509652,-0.28914509079973894,0.021478893081454873,-0.3480031189348442,0.93724729200121848,-1.4094513923602214,8.9426637911259625,-0.13320281797116842,0.09417152750288339,0.1102121826298046,0.3809523809523809,1,5
0.40466050050040325,-0.91192113866198943,-0.068188827502652885,0.91345437555145259,0.40659524254789997,-0.016775354640760964,0.043023053362959425,-0.055499059441019315,0.99753138861917179,-5.1373025403733124,0.71932482258193198,-0.85915006285722595,0.5860921481565059,0.4544363069539061,0.9265845873233014,1,5
0.95409135130318978,-0.28732895954829957,-0.084568093116397583,0.29532249221094226,0.94953771418445532,0.10565393951801336,0.04994315731679265,-0.12577836994590841,0.99080042525777023,-5.7208143503287721,-9.9213946333183092,-1.4899234206199707,0.4506681010198417,0.2997101448521905,0.2352941176470588,1,4
0.0039499031000199665,-0.99624616385557552,-0.086475310167413111,0.99837538903071321,0.0088442259763329388,-0.056288206976696703,0.05684171745533681,-0.086112488466710838,0.99466258524526685,-15.839421606618723,12.593508222548348,0.27020944089930082,,0.1641716869446774,0.2105263157894737,0,4
-0.9385682336261455,-0.34509359742753049,-0.00028256401622855383,0.34269787244392136,-0.93195551987767267,-0.11839373797607482,0.040593583856413054,-0.11121743561179194,0.99296668774215668,15.371879409616316,-14.406774138821309,-1.7227268875002166,0.8469935680332876,0.8453720042893236,0.9358974358974359,1,5
0.93284984822472317,-0.35296171794971393,-0.072174693134772275,0.3587596447303617,0.92841564545359467,0.096622495258253102,0.032904072393193595,-0.11602764730430916,0.99270081448590097,10.4458512350148,-25.656396918477117,-2.0539560549150315,0.386846802366934,0.3002928151930419,0.1,1,4
-0.015719135280653732,-0.9984249588982671,-0.05385638527625676,0.99866591953132633,-0.013027663312523696,-0.049966600397348807,0.049186278093400412,-0.054569968275706579,0.99729776326316366,-8.4676050523312654,-6.680436301503029,-1.2812808350555907,0.4455766121671828,0.429433768707354,0.7389558232931727,1,5
0.54319999962412213,-0.81880058824855839,-0.1857400255522991,0.83797030756682989,0.54250182299470529,0.059139966890198514,0.052340462786510646,-0.18776945633205733,0.9808175708173551,-10.281543093885272,-9.5653176159021154,-1.4383126047634311,0.6075593577788885,0.6902610002983283,0.7520661157024794,1,5
0.60556128399382803,0.7772163154707149,0.1709687991824019,-0.79516415069846169,0.5995270891412704,0.091001334219831101,-0.031772704822547626,-0.1910551447931228,0.98106494528972843,2.8007428477776686,23.101419561143523,0.87359796640168053,,0.1052702100200418,0.25,0,1
0.99388731753189152,0.1103324952069261,-0.0038393424794159609,-0.10983862928643084,0.99174223842322895,0.066202779728353575,0.011111955981673131,-0.065376395042067839,0.9977988030688173,-10.272092729929414,5.9833386446121075,-0.2850009208638557,0.2756074085698909,0.1992239380217732,0.2972972972972973,1,5
0.82598691302849903,-0.55088957613981959,-0.11944159412089927,0.56306386143238529,0.81631439153847873,0.12880179391613911,0.026546326572677515,-0.17364184135067778,0.98445101629174181,-11.847760159995232,-8.5192742683618441,-1.4104059362606454,0.3662100697337928,0.1757616966104164,0.1111111111111111,1,4
-0.39465309209525679,-0.87378348126457106,-0.28416784612059715,0.91805418902584279,-0.36227973425387328,-0.16102763787947894,0.037755038230076282,-0.32443153671939706,0.9451554026032627,-23.731513375418533,-15.202751646463943,-1.6571504923141644,,0.3385932379942137,0.1578947368421053,0,1
0.024865843654991372,-0.99382654531651249,-0.10812255843981262,0.99899922571664945,0.028725193791565819,-0.034284256724788867,0.037178445863964862,-0.10716184519632981,0.99354622544562932,-13.001301073543885,-21.313014107075791,-1.8769632679153612,0.3903412322048205,0.3599963445619738,0.7037037037037037,1,5
0.32466791747332435,-0.92938333562920161,-0.17560569130377043,0.94264894186338555,0.33316056652393211,-0.020420805990308464,0.077483648387100493,-0.15890453853868713,0.98424876523388771,-2.7768562638289307,7.7621658615603311,-0.31110545538241891,0.1610801239315066,0.1910255287170297,0.2560975609756098,1,8
-0.50395197655836399,0.86286729859780409,0.038631985885366107,-0.86277742493243303,-0.50078957597587881,-0.069461612570258152,-0.040589658164107284,-0.068336122251915127,0.9968363225954866,-7.0680197573319354,-2.7299729785964977,-1.0453974484354538,,0.07207694648803432,0.1403508771929824,0,4
0.093972320064157386,-0.99200517526840304,-0.084231438919585566,0.99513277482975615,0.096114726222140554,-0.021742121857642099,0.029664179095150151,-0.08177830790587004,0.99620898652575063,-1.2037459124587513,17.790284652943871,0.54866368184381842,,0.2497071972245703,0.3809523809523809,0,7
0.054715058133273473,-0.99779957502731687,-0.037446902258794282,0.99749158388936243,0.056307983297077618,-0.042894651029097668,0.044908824114694164,-0.035005986521211285,0.99837757307759734,-3.5414248160276047,-6.8811170407610316,-1.3731950097670644,,0.09738034627875299,0.4666666666666667,1,4
