axis_00,axis_01,axis_02,axis_10,axis_11,axis_12,axis_20,axis_21,axis_22,location_x,location_y,location_z,dbh,dbh_approximation,score,reconstructed,number_clusters
0.89806641728281067,0.39785658653344208,0.18758157345745477,-0.42958537009163761,0.8849688610097115,0.1796845147651992,-0.094515183711653239,-0.2419509280724752,0.96567418338320554,-18.536101929426664,-20.159023204381711,-3.1738782823215375,,0.3671454545766396,0.2857142857142857,0,1
0.74969270645408104,0.65310598949956744,0.10683357323119898,-0.65325942948768945,0.75615748685715289,-0.038444412536720721,-0.10589128233699757,-0.040968543416452965,0.99353339892293546,-6.678003635658917,-13.799723211588507,-3.448129281107116,,0.09043404728609496,0.2093023255813954,0,2
0.88903889514618162,-0.45653195156445059,0.034473469770410013,0.45781034542836119,0.88574690327819072,-0.076564423539008816,0.0044193366042758692,0.083851061614330244,0.99646849871439913,-22.988274068773311,-5.0728390037096291,-1.0671303748809375,,0.100092816396352,0.3725490196078431,0,2
-0.5362968044300529,0.79718962634550683,0.27726239774845746,-0.84131028290234611,-0.47855540571505478,-0.25135976516473985,-0.06769597802593133,-0.36806714510807609,0.9273315648952658,-0.64701744300445163,17.707919541383973,-0.20171747275409146,,0.4183871391651204,0.2631578947368421,0,3
0.41611511290752506,0.90363669844192884,0.101434363205608,-0.90076286479837786,0.42489070710847149,-0.089967485310426962,-0.12439643970056533,-0.053931477282128208,0.99076582578729988,-1.5645980204251551,-10.510082538531686,-3.4714696892145573,,0.08516245342723912,0.3684210526315789,1,5
0.60655569863692194,0.7692911193924864,0.20070216260651408,-0.78470269302085982,0.61985665217173103,-0.0044061688874888968,-0.12779619719258883,-0.15481894064457899,0.97964239781708329,7.1839921974270284,20.550049509360608,-0.75882431957034158,,0.2140209650194607,0.3333333333333333,0,3
0.85159431019745846,0.49468632489944619,0.17341444806242112,-0.51145132382000047,0.85661756550867452,0.067999189883121661,-0.11491159298384061,-0.14660077223354293,0.98249862054785853,2.9923517222000635,-13.586696066027129,-4.2524696037752587,,0.5155893698319582,0.1515151515151515,0,4
0.99954274874075333,-0.015857104294600761,0.025745789620219076,0.01279828921145937,0.99329399542059515,0.11490536303693623,-0.027395204562811113,-0.11452332035345646,0.9930427542972059,-10.790271569077449,-17.473350056437081,-3.4893542922344465,,0.3404334525813744,0.4565217391304348,0,2
-0.94032540396575703,-0.33940169928871955,0.024384855475554794,0.33024463219705213,-0.92752918693273378,-0.17500882918565622,0.082015959188854556,-0.15651228037387363,0.98426484674121173,-26.348816189668877,-3.8509669593328595,-0.70940806704992188,,0.5004834501117751,0.8829787234042553,1,5
-0.81120072728926362,0.57845736425051797,0.085676471622697398,-0.58446551026351434,-0.79732156503201379,-0.15059345685424669,-0.018800195684651612,-0.17223646442970647,0.98487621199974917,6.6205252636000163,-10.150209227038886,-4.2061926088590438,,0.1065385526334683,0.2727272727272727,0,4
-0.072531642177735806,-0.9973432730917724,-0.0067495556587876121,0.98734714909466903,-0.070844575906924626,-0.14186843637397817,0.14101336127342826,-0.016954105200752002,0.98986251078582199,4.9899561130804999,-10.489418323855423,-4.1072230447167337,,0.4087499532217821,0.2272727272727273,0,2
-0.73267914370111875,0.67261122615748237,0.10380467635094622,-0.67918971711900433,-0.71290943297630172,-0.17453214183415136,-0.043388944965318553,-0.19837912899379706,0.9791645013144934,-16.979123740079654,5.4997952859759822,-0.32035080641179248,,0.5026010730922654,1,1,3
-0.99754721941542246,0.045149629053170832,0.053488840265240083,-0.053840823409729545,-0.98324423975954856,-0.17416064628448766,0.044729305506810771,-0.17661335163579558,0.98326345058323494,1.4545793827733562,3.5684472148283586,-2.0825162324430182,0.5911332969782594,0.5701918695392929,0.8997214484679665,1,4
-0.79341754663267106,0.60054140558007929,0.099189802294870136,-0.60682296367163724,-0.76771427542006843,-0.2058656894118345,-0.047481443282229072,-0.22352810002355811,0.97354029246030405,2.4997438056910815,-15.091115691806561,-4.4262445708699287,1.418069280594425,0.326939892292285,0.1739130434782609,1,4
0.49184552573378593,-0.87044829771127274,0.02019256861326486,0.86785058758170341,0.48824497503684583,-0.091935857995455575,0.070166490932256395,0.062742372945367345,0.99556017306209899,8.5047712286558532,-14.946286809423869,-4.9792887280496956,0.5251697139556172,0.5349350862183411,0.9173553719008265,1,5
0.86255853624654488,0.50193572940624687,0.06366549374377875,-0.49615987130924888,0.8637755281636188,-0.087847703715312295,-0.099086596725339107,0.044185523546546826,0.99409732212611357,-10.10000457703312,-11.149706008587163,-2.8383127041788145,,0.2427980124568489,0.8553719008264463,1,5
-0.80637286583127032,0.58411810376721507,0.092568040394380408,-0.59090096115210644,-0.78927521719489391,-0.1669751048254467,-0.024471521419391622,-0.18934273784157871,0.98160606776143888,-6.2168359533270987,-10.281325702378075,-3.0743494528425717,,0.08273004537863751,0.2830188679245283,0,5
0.3435130850895422,0.92165518915339439,0.18041749549000197,-0.92975251711023077,0.36084792561254925,-0.073137073419094006,-0.13251044222797953,-0.14262007883793976,0.980867216198403,8.4879590450968312,-13.753601365403847,-4.8349240384269123,,0.163175744557052,0.3,0,4
-0.20032061317510727,-0.97966952505601945,-0.010921245975682342,0.97232749975498978,-0.19742687862967798,-0.124907408966612,0.12021183451457293,-0.035640556548050095,0.99210829326822259,7.4677188606523917,15.234186179350333,-1.3057339343657761,0.5299556165783885,0.3701692300983693,0.8333333333333334,1,5
-0.92470728602895425,-0.38039315586024353,0.014747275668761755,0.37143202693171545,-0.91005498074575564,-0.18395157348943861,0.083394751239892415,-0.16462374978880556,0.98282467229466197,-7.7946083714140535,-18.422157729845228,-3.8451554107231019,,0.3470605160030402,0.7741935483870968,0,5
0.92497200135563129,0.37299011306265201,0.072836613496691113,-0.36994740325692133,0.92759286669958096,-0.052061429787442159,-0.086981121696706548,0.021209648878797165,0.99598415412235319,5.8784579737035436,-0.98871935990514503,-3.0578163610726126,0.4733757729208078,0.6906797961207395,0.6686046511627907,1,3
0.78726815416862816,-0.60739751562508759,-0.10619374484588975,0.61638384995823747,0.77989155816248468,0.10881225582421582,0.016727311277780113,-0.15112053308324708,0.98837380658233409,-1.7294898359859998,-4.46315811428867,-2.7845360063083704,,0.4762628750069716,0.2972508591065292,0,4
-0.20033757498533433,-0.97972653719828051,0.00087656058646986082,0.97129562890820298,-0.19873056243847459,-0.13073241685483389,0.12825621744310911,-0.025339215898557883,0.99141730206045542,13.992665817576476,-6.9840167008207334,-4.5595750107311366,,0.08110701483110963,0.3684210526315789,0,4
0.045529525713420435,-0.98269257827867429,-0.17956157407508286,0.99065564686767182,0.067548449401922922,-0.11848458259448745,0.12856302585698984,-0.17248914046804903,0.97658540067066746,8.828175105833024,-8.6170758751721444,-4.24912365774557,,0.340055041087917,0.3333333333333333,0,2
0.84679064935448745,0.52607609986668125,0.078673587148839041,-0.5233361937102291,0.85042619126617924,-0.053800758000134924,-0.095209372010817153,0.004385243158694479,0.99544761043650343,5.1343260400073465,-7.8444871555219775,-3.8054398696524578,,0.1538086644614476,0.3260869565217391,1,4
0.14085581656131316,-0.95907496674383663,-0.24563152710137443,0.98446106934365185,0.16196293302902953,-0.067855812362589113,0.10486201355876439,-0.23225678997596966,0.96698538852583449,-16.731184857332082,-19.979771123154208,-3.273764603343158,,0.7793128699605101,0.4333333333333333,0,1
-0.49027368680969063,0.86382639440269204,0.11591234772567562,-0.86827356069476458,-0.47252822547098322,-0.1510566116781335,-0.075714832235620588,-0.17470270881268035,0.98170577451344543,-0.7837283124095501,13.795613661800438,-0.67974348660525963,,0.2585264082171242,0.4,0,5
-0.83289958782117735,0.52497999640200432,0.17514074336105853,-0.55304036117379574,-0.77775981940491012,-0.29872399005101602,-0.020606686295236175,-0.34566698815043562,0.9381309598254054,5.6461652859510467,-2.4109622770219579,-3.2140687570994522,0.8393798771717755,0.2689517058161626,0.1428571428571428,1,1
0.93741837138584549,0.34020001588674714,0.074234400239817575,-0.33741108073875925,0.94014696064215986,-0.047722688419780598,-0.086026505119125754,0.019688615643714432,0.99609828773621689,-18.366985996437574,-22.189173771508262,-3.4148916355808039,,0.1401161026646616,0.4,0,1
-0.55831863496636958,0.78791599107102472,0.2597473635359045,-0.82791465355629812,-0.50905109952930394,-0.23542367020918056,-0.053269393426654661,-0.34649007068395288,0.93653990979636581,-10.545301501408108,-30.139720842939401,-4.965825938455497,,0.3187949168110828,0.2941176470588235,0,3
-0.7924831273311348,0.60430113715783884,0.0824052700087054,-0.60914002149504354,-0.77752994651565166,-0.15619096159633009,-0.030313810523962047,-0.17397504965112451,0.98428337128613863,5.2834213557740295,-4.9081912383932389,-3.4506647231922747,0.4826390751338098,0.3897901576728007,0.84375,1,5
0.99518421546886093,0.023213655974610163,0.095233940682497173,-0.036649834381347439,0.98920754033383151,0.14186342652885794,-0.090912963440010833,-0.14467055098734261,0.98529450660986218,26.00210678095501,8.9608353558735789,-3.9828984911798089,,0.5307449287141892,0.1923076923076923,0,2
0.98818283439517962,0.14045825066235623,0.061369093423161228,-0.14615088712979474,0.98408956103825462,0.10103293545527943,-0.046201774834783028,-0.10880815997160947,0.99298850966449259,-9.9833330855497611,7.5198404208798895,-0.65874477184729729,,0.181105278743198,0.2264150943396226,0,3
0.8944210376783287,-0.44699276131909316,-0.014438791042010974,0.44672664695796549,0.89448190702826114,-0.018369020027733288,0.021126056331362796,0.0099794452460149133,0.99972701294726773,2.2894583936025659,7.9978014344017367,-1.6638482320954555,,0.1249749049815789,0.3888888888888889,0,2
-0.90258960583202075,-0.42913403818267043,0.034292575246412056,0.42041941561892632,-0.89578826542190404,-0.14425982983164912,0.092625689820034093,-0.11579015849997801,0.98894545895105468,-33.159684209359334,-0.67087885145587134,0.14161120235366054,,0.3810218798296554,0.9405940594059405,1,3
-0.27963593045196972,0.92073605165590755,0.27211921942661293,-0.95544331694494833,-0.23896769368804205,-0.17327004784050706,-0.094508277444330852,-0.30844702066077107,0.9465350605973335,-14.741923723773086,-12.739769557375979,-2.6293689743580404,,0.4155327227073807,0.3095238095238095,0,1
-0.83184636634308107,-0.54837483225812955,-0.085537513102035403,0.54511820698738167,-0.77830264075906364,-0.31159451182318748,0.10429651582231704,-0.30582681820490598,0.94635732894820923,2.5132437753544781,26.809861175090784,0.3650425676192236,,0.3515081321912241,0.3846153846153846,0,1
-0.99413911268387023,-0.097698604082802704,0.046286146873525232,0.0874380337099704,-0.97842203914490977,-0.18720284072751089,0.06357684242756842,-0.18205849630211574,0.98123019166307346,-13.669665741111748,3.8585140428015179,-0.75214192960771264,,0.526680071645268,0.8311444652908068,1,4
0.42510636733940249,0.89255147565101356,0.15045411181052445,-0.89728618928902237,0.4374077227881058,-0.059598477803610626,-0.11900449974131543,-0.10966470425127911,0.98681892041184427,-5.1134008702551066,-12.908970476901205,-3.4483605386175884,,0.1213538792176619,0.3076923076923077,0,5
0.98232395893566404,0.1804204343773313,0.04988092380918601,-0.18072983798492276,0.98353126302920446,0.0017263563133973251,-0.048747978039159014,-0.010710812446882509,0.99875367991002728,-8.0567615908550341,8.7720366328270973,-0.66072282025297147,0.3723965711719654,0.2127578763110973,0.358974358974359,1,5
0.068641357885058846,0.96443505257866557,0.25525162750760594,-0.9927163704750368,0.091420632411584213,-0.078463212783670147,-0.099007937957341391,-0.24800664774770123,0.9636857013022363,-5.7614952013412761,-22.09741909260126,-4.4786996048174208,,0.3659537435668215,0.3,0,2
0.98202144109237921,0.17077898222133828,0.080426540807675112,-0.17550691528096254,0.98289086150151739,0.055882708106929115,-0.069506919967769309,-0.068993431631184932,0.99519279261274074,15.517186710176521,-3.0899911791250658,-4.2643765114072067,,0.6307823925474921,0.3220338983050847,0,6
0.69324441297616124,-0.72068139909559825,-0.0055231218479444696,0.71919382971812373,0.69226846160514222,-0.059368445846488864,0.046609217679713162,0.037184648236333155,0.99822085870954658,-18.025195919179822,18.945594044008995,1.3708178946350009,,0.2963745187650163,0.625,0,1
-0.94669538608422055,0.31074905581873519,0.084869725312448741,-0.32133396513439627,-0.92950310004767434,-0.18102063377628488,0.02263468174842611,-0.19864292413656678,0.97981052243411815,33.14385628930853,9.5600210528406642,-4.6317830332446608,,0.7475474444562867,0.96875,1,5
0.95727784512652747,0.28316354197470117,0.05863050167151318,-0.27815635501900876,0.95711655930876394,-0.080974897712149302,-0.079045362877596739,0.061207028953343297,0.99499021613996486,6.882749279262959,-9.2345028936925537,-4.1248061360392079,,0.07799019547748472,0.4583333333333333,0,3
0.97321852191569236,-0.22982368781775786,0.0051750476403666706,0.22868471014097433,0.97019914826507814,0.080105655564730829,-0.02343100398986046,-0.07677685343619195,0.9967729444705371,-5.7049287147604488,15.010190187498047,-0.13772732725007203,,0.4886706611817656,0.6666666666666666,0,1
-0.99900057820002086,-0.026872327311272388,0.035717261665730742,0.016825225746747597,-0.96640106218611632,-0.2564876191634135,0.041409618865589894,-0.25563032885481546,0.96588735287039773,8.8606619195953797,-7.4782662525800863,-4.1080415689891741,,0.2178570657462959,0.4285714285714285,0,5
0.89825446655469254,-0.43904602686517652,0.019429349151396064,0.43945408658198165,0.89689329463533374,-0.049623823155545449,0.0043610894212865658,0.053113127681198059,0.99857897863262668,-15.466551355128333,3.9869081390104917,-0.59325925722033579,,0.09138375112066274,0.5,0,1
-0.51634734620124123,0.85033673083895289,0.10155226367274149,-0.85344147073061882,-0.50113133171688273,-0.14319582538894954,-0.070873648897839911,-0.16060769769156846,0.98447046341376854,-8.155596927193308,-19.971409338694965,-4.0056186070604243,,0.1020303328943148,0.2727272727272727,0,1
0.82860854649007332,-0.55856041031225345,0.037658262246341223,0.55962376835244076,0.82461071941547126,-0.082694614819296561,0.015136531261188147,0.08959592321587577,0.99586317130641655,-0.26745350713766064,29.582437733840912,0.94671803636954799,0.7017532513081509,0.7241079595959049,0.9310344827586207,1,5
-0.94237232469382393,0.33152578863161181,0.045000590255529285,-0.33316066348274909,-0.91757134014322406,-0.21694886046140613,-0.030632890149195072,-0.21943902847933872,0.97514518858534693,18.196404215667958,17.915316433971437,-2.0692931770733001,1.052050497530177,0.7092263578675602,0.3,1,4
0.00443398063409215,-0.99988820785516086,0.014279762180509385,0.99350167603401018,0.0027806765608320416,-0.1137835117909328,0.11373108428811268,0.014691481547463119,0.99340293981676531,-9.3832750401310001,-20.552772527650411,-3.9799534728448323,,0.09865646244618748,0.1875,0,2
0.49432944168967535,0.84645646263468954,0.19786323545000048,-0.8567992182237929,0.51286981082716121,-0.053475758930654073,-0.1467429818760386,-0.14309442339266873,0.97876988269155929,8.0266587258210738,-4.5651219538369823,-3.6798715336958847,0.3897974136690603,0.2205306888232636,0.1935483870967742,1,5
-0.53223925753976675,0.83998566500567706,0.10557203852577526,-0.84408026699767325,-0.51691417304833176,-0.14257713900515559,-0.065191069930274737,-0.1649964250725732,0.98413734006723708,-6.2413826920370079,-13.370986155411277,-3.4136802155419805,,0.604925592756399,0.3428571428571429,1,5
0.96653553392198621,0.2327037049145789,0.10797243808106327,-0.24471704506468722,0.96263774584410033,0.11594023516880086,-0.07695862213519894,-0.13848305309754541,0.98737015069518597,0.62696281459746328,28.279015773853548,0.76232666412265071,,0.5746327474294003,0.4090909090909091,0,1
-0.1121398844423566,0.98156383643395473,0.15478075242843414,-0.98832767779816044,-0.094009379466147888,-0.11987759536496653,-0.10311666991981325,-0.16641716130690112,0.98064890802325488,-4.1771580368713774,-21.584277176708994,-4.5588490815313945,,0.576280958225144,0.7111111111111111,1,5
0.85880491830731487,0.50628648022421929,0.078282260016794225,-0.50357174053502773,0.86234569235449399,-0.052682150792946671,-0.094178630408859487,0.005822956278317519,0.99553828593102922,-15.041330250780268,-4.461506881315966,-1.6032071245016262,,0.1059539968134408,0.2826086956521739,0,5
-0.85048960256607387,-0.52596458760674369,-0.0053561656687461023,0.51385840494159385,-0.82865306220600865,-0.22199919406945415,0.11232531147468061,-0.19156031708126336,0.97503213758411234,19.784654061969174,-8.5479500987569512,-5.4426460711420859,,0.4379730809564287,0.4583333333333333,0,4
-0.36487281940360589,-0.92375504187427993,-0.11638061811277758,0.92539945890887187,-0.34605185084364504,-0.15454435602394626,0.1024873997700799,-0.16408759593441624,0.98110733039195719,-24.038422336341839,4.3962394273085748,0.075235645101041887,,0.2590101199300068,0.2105263157894737,0,4
-0.9615545449424947,-0.27279639501661118,-0.031543366440058132,0.2654799938107173,-0.89404090539732917,-0.36084793523392189,0.070236955989652197,-0.35534910488456867,0.93209108120990114,6.2829428303525994,5.8138730898758393,-2.2978285648028605,,0.3297018908654621,0.2666666666666667,0,2
0.911713197826303,-0.40461285784415302,-0.071186235864271447,0.41082705445294326,0.89809869060357173,0.15697093127604395,0.000419808116641009,-0.17235770131716588,0.98503433775569871,-7.9965930668542908,-36.916708883883274,-5.9708464905088041,,0.7391044432151014,0.4827586206896552,0,1
-0.19750817491990211,-0.97807873830191105,-0.065973498630511343,0.97371946182640767,-0.18795181955484017,-0.12862551530126132,0.11340604260928751,-0.08964427035659088,0.98949632353634043,4.0664799272305352,16.20081474544801,-0.87200795013149168,0.9622790997465845,0.5277676835944112,0.1333333333333333,1,4
0.8014303606392722,-0.5980410567397404,-0.0075014331444165985,0.59725958243938493,0.80091715583528689,-0.042575822634989206,0.031470116458907411,0.029641254061341906,0.99906507687324042,-5.4700866486669533,15.007055295629556,-0.15886084763220329,,0.1461360058076338,0.3461538461538461,0,5
0.51222728681894836,0.84999561091529596,0.12300678055632916,-0.84667070674531963,0.52379191434311845,-0.093758971880849057,-0.14412467164743575,-0.056120334046632199,0.98796689576575114,0.14009054310320646,-12.413001743115236,-3.8312034697620048,,0.1242150110970552,0.3125,0,5
0.6987751160180431,-0.71424320165377275,0.039623050429485898,0.71399782991425587,0.69299859394289043,-0.099800038431403282,0.043822780739053102,0.098028555454745064,0.99421826889458842,-5.8300097834377542,-6.2998905464516088,-2.6585661451049991,,0.2133367415198844,0.7983014861995754,1,5
-0.78502964746742432,0.60215894726809815,0.14537212532719945,-0.61927628909509258,-0.75719571168008393,-0.2077294682463286,-0.015011008020195907,-0.25309930153650573,0.96732384091365731,-0.37653897745620779,13.063062749310145,-0.81341928860635104,0.629257953627423,0.2507954792806177,0.2272727272727273,1,4
-0.076471034319324907,0.99322031801306188,0.087553302599985658,-0.99104330801908969,-0.066073562861828791,-0.11604932538073376,-0.10947758921675281,-0.095643526580610747,0.98937706324864427,-4.4567555754800141,-7.3284905627508632,-2.8958745071907006,0.4639692519063869,0.3530135901723961,0.9529042386185244,1,5
-0.69327427444133072,0.69663039835346685,0.1845992104201308,-0.72036294891995456,-0.66233283670903331,-0.20589423314000643,-0.02116606295919125,-0.27571960667833295,0.96100504487330995,9.6534766065130793,-18.902813697454398,-5.6243988517262924,,0.3319517046196794,0.55,0,3
0.26375794845537959,0.96040369087019772,0.089757981202285217,-0.95677137584380922,0.27230818323708683,-0.10216059762971587,-0.12255724781730723,-0.058932197524083844,0.99071020843757784,-10.858880943251963,-12.172978236429136,-2.8872278180393938,,0.4394400907441797,0.59375,1,3
-0.94890763777124265,-0.31245169023470221,0.044138829264927272,0.28573902077645846,-0.91015498387633342,-0.29995185835527455,0.13389364057008554,-0.27201442350461824,0.95293265576342778,9.2242736694215708,-1.9929448655977642,-3.5161262242603692,,0.409598487823473,0.15,0,2
0.71787016616096322,-0.69599243752995776,0.016029704836246238,0.69487299153243776,0.71492691737667147,-0.07765969642645304,0.042590493948648188,0.066888188130612258,0.99685105212053238,-29.393583737204334,-6.6761547726519321,-0.80771491349345381,,0.08898813707273247,0.3809523809523809,0,1
-0.86626419292223067,0.47207886001242816,0.16348669055969486,-0.49950451636864818,-0.81251714135015041,-0.30051810783961441,-0.0090325072996573306,-0.34199041644693084,0.93966002834553719,11.648369688132259,7.6237524622859407,-2.5905626171235214,,0.5176496003254134,0.3125,0,4
-0.18234731077743996,-0.94961054273084577,-0.25492994211481795,0.97361359119789381,-0.13820691562792939,-0.18159136407702747,0.13720799279552506,-0.28131595334613202,0.94975539014315713,5.5424739758717818,14.567069354795139,-1.2095922465895497,,0.5483332750183172,0.325,0,2
0.7196459210499323,-0.69433227747467374,-0.003526580926217532,0.69285473336063652,0.7184281535915934,-0.06175197637919877,0.045409985421245094,0.041996149630752988,0.99808529527302203,23.886236340367454,0.47748314826491028,-4.8295053670203547,0.4507034627635128,0.3725876935931576,0.25,1,5
0.45346341507724702,0.86965095848084151,0.19513621293812514,-0.88333195517324969,0.46768301893054109,-0.031579277601278578,-0.11872484220365984,-0.15805000543298953,0.98026762041105253,1.1351309704834094,15.930851636060023,-0.64200284794128493,,0.210676788267191,0.2222222222222222,1,5
0.2959362595903785,0.89603711572485467,0.33096709429056353,-0.94727795784384783,0.31985308510835275,-0.018933423616920266,-0.12282589646668594,-0.30791474662664592,0.94345233476154133,-13.385538889060495,-22.070209312236322,-3.801103516262955,,0.3040376707218943,0.1,0,1
0.33910850261591574,0.87917830901703375,0.33474008485321544,-0.93262512855089408,0.3608349325307969,-0.0029190856310511255,-0.12335231270234687,-0.31119712791001419,0.94230597712820352,1.8871666599974966,14.027049609323935,-0.92693340570175298,,0.2398865877067131,0.44,0,1
0.40991466463179121,0.90037522225759159,0.1459261006962021,-0.90650607190790189,0.41987144003214755,-0.044212163930710036,-0.10107773896319269,-0.11415968198064837,0.98830706650117872,-5.0249983669859759,-8.5673199663974149,-2.978050476782486,,0.1472280926418777,0.2790697674418605,1,5
-0.70730124465865007,0.70110833234782821,0.090399422657291839,-0.70552037231321052,-0.69209202961942573,-0.15247828300545868,-0.044339074813907933,-0.17162671368324664,0.98416376563808505,3.1881978470661849,-7.996141327104171,-3.6760187659121568,,0.09469407640035427,0.3928571428571428,0,1
0.14804821766608575,-0.98841159364931064,-0.033529789524018312,0.98345159771995339,0.15071579899393076,-0.10053707214600857,0.10442547671888283,-0.018090590738026401,0.99436816639451153,-17.974164426536614,-6.9184460703544408,-1.6568347885045729,,0.1128817214906433,0.4757281553398058,1,4
0.9677172255229588,-0.25055857370106521,0.027272194100087081,0.25164022273018938,0.96659546150747255,-0.048686878082863393,-0.014162264312095134,0.053977911575410036,0.99844169350619072,30.383229640992507,4.8417594370417172,-5.2872342860982524,0.2996430018503471,0.2769632345443893,0.4285714285714285,1,5
-0.16930322003576553,0.95691128982355844,0.23591778884546738,-0.98069263687525599,-0.13979825592553083,-0.13674209161350742,-0.097869155836648597,-0.25451371485323376,0.96210415095634449,0.4699671713245378,-16.068494669322366,-4.3446685284396969,,0.6655654537010378,0.3846153846153846,0,5
-0.98551853379787946,0.15588357883800219,0.066734768970410113,-0.1666629073445304,-0.96300119099884707,-0.21178333610147593,0.031252117629788287,-0.21983861349512415,0.97503553225520734,6.0922777902394083,-6.3540540966441501,-3.729307008053599,,0.4502856714643851,0.5952380952380952,0,2
-0.76863956635354935,0.6180412948588806,0.16497931653691233,-0.63943286231746688,-0.73514749641881239,-0.22513056899862571,-0.017855856863229339,-0.27853745952440861,0.9602593670552606,-1.8882048744070894,-17.891379477971725,-4.3352343280503334,,0.3758148130026455,0.1707317073170732,0,3
-0.72243094393983687,0.67914486065289414,0.12982984821279731,-0.69015668185757062,-0.6968131416575295,-0.19528235993225984,-0.042157866710083411,-0.23068095686927759,0.97211573920615568,10.464425173608378,5.6518846191450915,-2.6732121033671845,,0.1485028365599493,0.3478260869565217,0,4
-0.93400647072012211,-0.35720189537968361,0.006222426383824837,0.34776775941654009,-0.91304983562382624,-0.21306708609661573,0.081789352383670036,-0.19684207783008348,0.97701775737813201,11.812266970842185,15.28338991573078,-1.7310912759496984,0.424282469251128,0.5394642895681437,0.8,1,5
-0.99698001790242274,-0.060399284854787898,0.048813628141269445,0.052142722193142615,-0.98644353649057093,-0.15559654828518346,0.057549808214908058,-0.15258137404350786,0.98661387780094689,3.1802377726678119,7.989450744115361,-1.7581732724149368,,0.1082671946066807,0.2857142857142857,0,5
-0.85429035650023755,0.50804559238003433,0.10989842061612033,-0.51911192646206683,-0.82303504384153892,-0.23051274241047726,-0.026660731339172721,-0.25397439373286668,0.96684342720653815,9.2099016401200711,-9.7770882401148871,-4.4376504033928681,,0.1769198662373279,0.5,0,3
-0.882302579353617,-0.46476054923956089,-0.07442976781164054,0.46291834980861113,-0.82822661041307566,-0.31582793292256278,0.085139649261818134,-0.31311070514150124,0.94589266116688187,25.862806414460355,7.7333152490090793,-4.1916541155802873,,0.5281894824189982,0.1666666666666667,0,3
-0.9870134405083848,-0.16053654188570385,0.0056997346587839091,0.15050736059964429,-0.93658776806889388,-0.31646624955760533,0.056142699090171423,-0.31149858976102535,0.94858664649875979,-13.929874306803258,-17.820526169862067,-3.2526801065813045,,0.5761475698227463,0.3877551020408163,1,5
-0.58400856181801986,0.78757168188476889,0.19663378554165398,-0.81140861224916927,-0.55938003142272008,-0.16944038601641265,-0.023453436659091855,-0.2585049831989899,0.96572517310576778,7.2895536770862641,-11.523092747566588,-4.4093070902686069,,0.2357789175429215,0.125,0,3
0.060572342872431913,0.98827151249990719,0.14017991603681823,-0.99172449728585033,0.075511501982203702,-0.10382935303428678,-0.11319678777276082,-0.1327306695889707,0.98466697750477616,3.2243297102297732,8.9414390492064086,-1.6207284797211785,0.1348584649263005,0.1699042044406327,0.1111111111111111,1,4
-0.18819649223141743,0.96268333845556309,0.19448102779408266,-0.97128805284303676,-0.15308931165720188,-0.18210760846463148,-0.14553899379950866,-0.22316911192272304,0.96385369676494514,-5.9980706465600298,13.457419135111328,-0.26895892202252675,,0.1798382838248559,0.3181818181818182,0,5
-0.29881675632840726,-0.95422724770513423,0.012605787339649793,0.94636770417382787,-0.29800454227815443,-0.12482572362435958,0.12286868858308254,-0.025370307815849518,0.9920986003655089,-11.61825691712365,5.7764739873898323,-0.714056553484269,0.8530318308288803,0.8900403366143919,0.8354430379746836,1,1
-0.64557532700217402,0.75699552087150379,0.10094690954414265,-0.76223821632772482,-0.63052372675652379,-0.14639921982917173,-0.047174132059439225,-0.17145731648880447,0.98406147668064592,-5.468715104232853,7.2747454086272905,-1.0561264146248777,0.3301926121388166,0.2154584056700946,0.4781021897810219,1,5
0.91474526726621508,-0.40235912820917508,-0.03671822382431976,0.40400871670475197,0.90995385895805581,0.093599847189630728,-0.0042488634527064082,-0.10045449972049693,0.99493258095474224,19.689601610737807,8.5019552580413364,-3.4200810587942243,,0.5977805332592938,0.25,0,2
-0.9907715688245039,0.10757697276071033,0.082455402131525482,-0.12692135719389683,-0.94983106213140245,-0.28585297356926392,0.04756750463383002,-0.29368035062287101,0.95471942693177525,16.578691165840223,-6.7789970115916889,-4.8350096363764941,0.8581034515102808,0.7483799291425911,0.3333333333333333,1,4
0.58323360569774807,0.78088602462198253,0.22373103882761058,-0.80222260372387555,0.59697593826098294,0.0076565796480048999,-0.12758313077868502,-0.18394767105755108,0.97462084887058187,-3.850532754797154,-3.2780684736327821,-2.4619802339364512,,0.2920324241916621,0.2841051314142679,0,5
0.37273868055877685,0.91788789379138302,0.13618990581727741,-0.92047801405739771,0.38430963644369259,-0.070896607630156025,-0.11741423104653673,-0.098933906057193974,0.98814269241846597,-17.068786446915251,-14.942116679300083,-2.6731157865078927,,0.09739392096457963,0.2380952380952381,1,4
0.80293989277971256,-0.59572966071128397,0.019841873190816456,0.5955736423177368,0.80049561087279886,-0.067073195464118884,0.024074159575917971,0.065673041061013557,0.99755074383136533,-1.675163689614988,-14.754732349497363,-3.9845751945179635,,0.09813276761526887,0.1176470588235294,0,4
0.63593071076303209,0.72167889820291919,0.27344414237106057,-0.75906172367450853,0.64887621294915077,0.052772719477511484,-0.13934644150716002,-0.24112077504310706,0.96043913970740635,-13.058316089131317,-5.1111801283835296,-1.8515239403758024,,0.3539379855390637,0.1508196721311476,0,4
-0.78563804062501763,0.60617470928396522,0.12379455136387819,-0.6186412991878063,-0.77211011272776264,-0.14535789198645424,0.0074707470916278431,-0.19078311153774202,0.9816037857964236,-13.98049544890435,-5.8836325957987228,-1.8620412297386237,,0.6508712783699589,0.9607843137254902,0,3
0.48017684823258944,-0.87716405340165182,0.0036630371823114052,0.87425911112661225,0.47823825678246312,-0.083421678008629083,0.071422692707018662,0.043259602051488752,0.99650760448519604,19.442357364222023,-1.8701212998754841,-4.5647966520433405,,0.1305708309070801,0.4,0,4
0.498664914702867,0.85504468984453563,0.14223881753249704,-0.85563253887678425,0.51182070206098018,-0.077022901510350114,-0.13865879438264989,-0.083295541960336075,0.98683108556119326,-3.3894299484722459,-23.597133544811861,-4.8687781477020184,,0.1791004144038241,0.4666666666666667,0,4
0.14841170311249471,0.91158952652918834,0.38337775300809956,-0.9817097224179876,0.18255386230245901,-0.054038026133946392,-0.11924758819048285,-0.36834579199543682,0.92200943066218599,6.242058855427624,-12.071071393924386,-4.3729249769412055,,0.585448876549047,0.5,0,1
-0.99867328008699507,-0.0070373385911808089,0.05101132723066483,-0.016095124411933302,-0.89832726266093632,-0.43903197620477757,0.048914482624732705,-0.4392705373976965,0.89702216715301564,-7.717709337433309,-7.9761633891483346,-2.6701920625508442,,0.5945503362752147,0.1588785046728972,0,1
0.6864095708544149,0.71261663294787547,0.14498081074918545,-0.71781360702069541,0.69588814195194959,-0.021984527891284304,-0.11655696725377357,-0.088978808357364228,0.98919019659917118,-11.010561454507071,-15.428718174415378,-3.2521377082182266,,0.35160452628699,0.4285714285714285,0,1
0.59132829056356206,-0.8064261265225523,-0.0027848233350983125,0.80587912698155417,0.59104787187882579,-0.034946328032565685,0.029827595857256788,0.018420521418883572,0.99938531053644819,3.0392692913244597,-10.7403853034167,-3.9417794085632889,,0.4758030521368815,0.8378378378378378,0,3
-0.71155282177903767,0.6814995213246543,0.17102919122932006,-0.70127606862080027,-0.67370082755261551,-0.23310742273611856,-0.043640089345041204,-0.28580692327021689,0.95729302996144749,9.309105866551036,-6.7468123507831459,-4.1030106161089117,,0.4889671491681779,0.7142857142857143,0,1
-0.63271588010489255,-0.75707772464696688,-0.16280028841025226,0.76515250387500811,-0.57883665915045857,-0.28193929814295282,0.11921518727450812,-0.30295451946935231,0.94551906287297938,-35.213359913824675,0.87869205312710708,0.45353293084879637,,0.4648532897136516,0.2608695652173913,0,1
0.52210701562718076,0.82386853833950624,0.22055587901301252,-0.84402662259397399,0.53627598797573783,-0.0052081736966499764,-0.12256967237243793,-0.18343580963097242,0.97536043551065865,11.460511110624974,-2.2607215061049497,-3.7678598903941296,,0.4771954622992221,0.1538461538461539,0,1
0.46536021218822088,0.85903881207325994,0.2132889876761056,-0.87648017567493497,0.48082729059173618,-0.024240838909714294,-0.12337898751801619,-0.17566284744923688,0.97668837889321547,4.3984758272757682,-28.645851306479862,-6.2555779145777324,,0.6270982858540096,0.4594594594594595,0,1
0.63332532824899646,-0.77388437575649205,0.0014147643921882563,0.77107921113415301,0.63087200137542743,-0.086240176468368415,0.065847389887778524,0.055708983481550012,0.99627337132155624,16.935087102886246,-4.1792825748744002,-4.5537096831481438,,0.2024499184324113,0.4210526315789473,0,4
0.22924910988828076,-0.97336772606052469,-0.00033982229854441449,0.96483927472917652,0.22728656200737202,-0.13200754778021676,0.12856912364758522,0.029934738927085005,0.99124865288678188,-5.2064954244742587,14.183397981466124,-0.2546139335471691,0.1999229431809929,0.1110594243290092,0.2666666666666667,1,2
0.89823220260018222,-0.43632865432131601,-0.052879255196854942,0.43732591745491228,0.89926357781518751,0.0084296819185376865,0.043874276452653869,-0.030697280550204105,0.99856533328199315,-7.175016276835966,-12.218606966662033,-3.2106883110690942,,0.2757827715058238,0.2758620689655172,0,2
0.5780221699002035,0.79163808594750329,0.1979886662949033,-0.81220055247011558,0.58157596671225231,0.045822019924366839,-0.078870993851353793,-0.18729264753343464,0.97913269300377126,-6.4900029520298839,-17.920491446940204,-3.9352800113889685,,0.4227446850526422,0.2727272727272727,0,2
0.97215224972617853,-0.2302625430771825,-0.043579405777938798,0.23134927294760677,0.97262809064854094,0.021728119752694192,0.037383382122853644,-0.031205104342116433,0.99881365839882974,-1.8929849076073986,-20.231391215347571,-4.5645261195837765,,0.3978739191531846,0.1111111111111111,0,2
0.39700687806937091,-0.91142329161737778,-0.10813474123960311,0.91278455248691437,0.40439994093011816,-0.057315342771208783,0.095968221338502496,-0.075949136091605918,0.99248265940522284,-2.0756966029797423,38.783485238242989,1.9874456946029755,,0.2644838797665248,0.3181818181818182,0,3
-0.0012671165781780356,-0.99999854327653293,0.0011436172389372905,0.9936205513373737,-0.0013879967571196281,-0.11276645522944989,0.11276787829692728,0.00099343334658819212,0.99362086266070082,6.8896123069173782,-20.723154796962206,-5.4598275629222517,,0.1392476201578312,0.3529411764705883,0,4
-0.78200803771251293,-0.60701754315200329,-0.14139706948423908,0.61330209572044059,-0.70903199453908072,-0.34804334515236601,0.11101337008640294,-0.35889181242491308,0.92675385007909239,11.047837606551003,-3.4396597520266576,-3.8568756271910214,0.5028410416983903,0.5972740299524011,0.1666666666666667,1,4
0.89889005238968966,0.4243519209335162,0.10918846511832446,-0.42915388470301474,0.90291545934525796,0.023887580866504173,-0.088451212310359836,-0.068330962786843433,0.9937339999041247,-4.343645297759279,14.741366031504738,-0.25695224949891543,0.4220096183709155,0.2179991898455852,0.1785714285714286,1,4
-0.90891809295229131,-0.41692107163612208,0.00668732605444948,0.40659655491779439,-0.88973775832765445,-0.20747521041093647,0.092450753555349485,-0.18585892884623251,0.97821741792670003,-5.3666916602091428,-23.273449891094767,-4.6515765583479922,,0.856446970439993,0.5,0,1
-0.20259918818350917,0.91620821817942344,0.34571096292693559,-0.97408646808816712,-0.15230527326828178,-0.1672084221030585,-0.10054412779920842,-0.3706286614323831,0.92332295199996883,-13.506227215356221,-19.260372333945636,-3.4736627050067219,,0.1794599570313671,0.1578947368421053,0,1
-0.21639415027145911,-0.96534579401885268,-0.14588032663249753,0.96911387725533837,-0.19428512167716488,-0.15189333232902003,0.11828721249322791,-0.17424347753933345,0.97757216914946077,2.8054094654623216,-20.443796861818882,-5.0321522468094315,,0.5797989303109348,0.1111111111111111,0,4
0.5202936922204795,0.82542851950897811,0.21900281508875216,-0.8450576056939989,0.53462434672240067,-0.0073790887224082589,-0.1231751472266536,-0.18123070124254212,0.97569632367495873,-4.1359154509960581,-10.538699200481981,-3.2642608559222488,,0.5933409905786505,0.3385826771653543,0,3
0.96086735584020444,-0.27684394956082375,0.0095578277980273747,0.27488045223574442,0.95718568393122494,0.090754082309200707,-0.034273334522998931,-0.084575375072632769,0.99582746722110305,-11.046076910916335,-9.6957713858252514,-2.5924136718989743,,0.4177881042234141,0.3695652173913043,0,2
0.56258311868197686,-0.82586940534228293,0.037946803470710402,0.82422503400713432,0.556702159467938,-0.10361370063689795,0.064446317893258304,0.089568024223595097,0.99389347575415876,-17.287628697467714,-13.146777056420428,-2.4510806376037575,,0.06930428048194121,0.28,0,2
-0.44991234488595955,-0.89306115212868242,0.0045453798309147654,0.88449151697722361,-0.44628738893653302,-0.13602324386494144,0.12350562057876908,-0.057178186704387089,0.99069521884919343,3.9261371020965421,-2.3855298793272475,-3.0545621537777516,,0.2641643726559753,0.1923076923076923,0,1
0.088260083327592873,0.95628450373593032,0.27880119369459622,-0.98965273288617961,0.11597165250878062,-0.084486946360364315,-0.11312659272656811,-0.26845953834592656,0.95662524025303108,-25.747984372365313,5.2810721183673834,0.30454072636836071,,0.475720810053886,0.2857142857142857,0,2
-0.067134292324710729,0.96289818800276095,0.26138107493668911,-0.99172429339728274,-0.035665150496684492,-0.123332570417179,-0.10943451320182244,-0.26749780668455531,0.95732387974981159,10.653864956940021,-12.88475542813635,-4.9696204060069027,,0.2414319959320241,0.4285714285714285,0,1
0.70449810570715188,0.68816131210485998,0.17354085276139639,-0.70024809605573979,0.71379533073192258,0.012199581780418004,-0.11547737018717776,-0.13011623398878119,0.98475110694389734,17.845602456198971,-11.945671229226697,-5.6391687277814109,,0.62544171186777,0.5833333333333334,0,1
0.76713925776110714,0.59823965175683169,0.23153116046787717,-0.63208338742450632,0.76650085652502387,0.11378500906694902,-0.10939812861150114,-0.23363594760282291,0.96615024372197511,-3.1376994539044065,-19.249729700394102,-4.3601785869136718,,0.4683068091567811,0.4166666666666667,0,3
-0.98943017087859675,0.11632273282662368,0.086584980122983754,-0.14082545653368933,-0.91319485792392208,-0.38241775881016116,0.034585079835523176,-0.39056903780132723,0.9199237462766775,13.609881867784749,-8.0742227883209541,-4.6897040763828945,,0.4725369114341651,0.2777777777777778,0,2
-0.32157791712259559,0.9273990220710806,0.191098657977222,-0.93670148696349509,-0.28205748370037365,-0.20744613809128801,-0.13848453899070934,-0.24571249408651508,0.95939950109967953,2.1814845200363111,-3.6353019392862049,-3.024408830007228,0.6112525257426068,0.2107047073321688,0.3230769230769231,1,2
-0.71486395344089304,-0.69470343679384639,-0.079728683531549313,0.68977364370543603,-0.6818430747228833,-0.2435207217092008,0.11481223157914043,-0.22907893041321331,0.96661315691467564,3.8258799018375806,-17.335174803485032,-4.822807497350877,,0.3065743189967614,0.1818181818181818,0,1
-0.83555148351822106,-0.54624956391185975,-0.058865374513388947,0.53950868805979557,-0.79551577602099655,-0.27583514208618981,0.10384649198936188,-0.26223284315244239,0.95940077239581623,-30.207962933408311,-5.3264342083867744,-0.60469028425725535,,0.5051741381388065,0.625,0,1
-0.9191816641377043,-0.39319783061478997,-0.022372624183652302,0.38333584754805744,-0.88020665972749879,-0.27980325973078179,0.090325501923058771,-0.265766254763809,0.95979664592619074,3.0629987357562234,-28.200129852415849,-6.0567178365037604,,0.4913860563312841,0.2222222222222222,0,1
-0.99757208828618138,0.043748518940813559,0.054184829637381464,-0.053482564812909521,-0.97959766963375083,-0.19372150347640218,0.044604303978200414,-0.19614910843185102,0.9795590759765388,9.3689629672489954,-10.690298903583868,-4.5345830299525831,,0.1285611285798794,0.3,0,1
