axis_00,axis_01,axis_02,axis_10,axis_11,axis_12,axis_20,axis_21,axis_22,location_x,location_y,location_z,dbh,dbh_approximation,score,reconstructed,number_clusters
-0.90904339658624966,0.41580862028361393,-0.027263426431234271,-0.40421325870751662,-0.89580826907498412,-0.18476792617207952,-0.10125089929469418,-0.15694182474636273,0.9824039490134886,-2.0119992316203423,18.369808584198253,-0.711210732133151,0.4728545030286032,0.4390001076678949,0.2142857142857143,1,3
-0.9945071718382873,0.0069506829064938892,-0.10443741268982103,0.012360408162188589,-0.98301189910039855,-0.18312516631280223,-0.1039360643485923,-0.18341018029041001,0.97752647037999119,-3.7098651603228339,22.362373207473311,-0.70252959261868853,,0.3893920179053889,0.1111111111111111,0,1
-0.45386789099318336,0.89104636348979283,0.0063494595845654343,-0.88948174612669684,-0.45262280385307146,-0.062887365500446116,-0.053161648138508169,-0.034190284348045094,0.99800043267695893,-9.6921441379326705,20.09110207325044,-1.1500099716162546,,0.1954224178717679,0.2222222222222222,0,1
-0.9681851995975076,-0.16481107134907577,-0.18829426449338316,0.21655416817937151,-0.92888767721422805,-0.3004529503328216,-0.12538624934367712,-0.331670007507954,0.93502582563007275,-5.7521294129585065,18.417422586549712,-0.98144198573813468,,0.363271485099654,0.3888888888888889,0,2
-0.99163823890904002,-0.070302428841955547,-0.10821816683117086,0.075284090786204766,-0.99624948225400434,-0.042652957495614159,-0.10481368616679709,-0.050443409951647478,0.99321173653183226,5.4337963011025812,8.5925561245735871,-0.50375700361731923,,0.08847919062386012,0.5,0,5
0.79090612133235971,0.60685023607942534,-0.078741972348594466,-0.6072724982044444,0.79421013286424924,0.021222105934227287,0.075416312317258705,0.03103314077073209,0.99666911460643159,1.4406482927510704,18.52413440553336,-0.42201660953078951,0.2353504887459567,0.1303551803194885,0.32,1,5
-0.74813115532979557,0.66300405132632279,0.026933294447380456,-0.65756012734789393,-0.73532390153287452,-0.16405315832587505,-0.088963213448752188,-0.14044353940055643,0.98608374841770796,10.505300710751413,24.757474048529499,0.42730723937177323,,0.3121288435078307,0.1666666666666667,0,3
-0.94659404300873418,-0.28280675013598505,-0.15485496381421437,0.30747952261204026,-0.93632241649240033,-0.1695779335529973,-0.097036389641469198,-0.2081361920746975,0.97327450631052403,-13.017658366815224,15.006617381122229,-1.5496865700459537,,0.8948720680917468,0.5510204081632653,0,1
-0.037504464966631332,-0.90444451945911108,-0.42493943842381066,0.99929340285343071,-0.032892612450464806,-0.018187112464433289,0.0024718659302506289,-0.42532127535142222,0.90503906137374068,28.164434081960515,-1.8689513267162647,1.1032695952462337,,0.714744245353049,0.3428571428571429,0,1
0.49662786291713373,0.8672808123360386,0.034420318535744773,-0.86575393042150139,0.49214600506631778,0.090897973888236616,0.061894246373012891,-0.074941992574293376,0.99526519079836806,32.053187553703516,0.64553003372289963,1.5632756596329487,,0.2857134115162299,0.3529411764705883,0,4
-0.83599080616340493,-0.52303470482898662,-0.16599418530392984,0.5423405001267283,-0.83360265199098038,-0.10475399999950075,-0.083583215615043574,-0.17759875038428599,0.98054705645847995,-6.9551062858864654,10.190639595784448,-1.2483050068357291,,0.09366973822365536,0.3243243243243243,0,3
-0.29684841780294491,-0.92011359888074706,-0.25548381945361587,0.95475861969376152,-0.29096561273138466,-0.061440949930100755,-0.017804352511439026,-0.26216402759068486,0.96485907140321747,-1.666285731755238,16.418564250065483,-0.72800630092698215,0.5134689949653367,0.2546315234213574,0.5517241379310345,1,4
-0.33276478825017158,-0.92671610770621382,-0.17454183286153169,0.94271509569280609,-0.3315403788776069,-0.037003047531196799,-0.023576345215525457,-0.1768565319447864,0.98395422812991684,-9.499068355753959,14.108687289067149,-1.324424982505096,0.2074114670155015,0.08860557082488474,0.3333333333333333,1,5
0.99888693707520049,0.020691506023103302,-0.04238807048004347,-0.010506930146597704,0.97367565588556138,0.2276956775055638,0.045983598808920667,-0.22699686939321231,0.97280929782062742,-5.820255333092172,14.54437864230847,-1.0831182164914872,,0.4334537857523307,0.1904761904761905,0,2
0.96046089847089189,0.27553332314778484,-0.039953101802301633,-0.25969583147766989,0.93834256471106492,0.22819138100415315,0.10036402553509061,-0.20879324482990178,0.97279619823054009,12.675333667011657,7.5931300257335659,0.016004703399515072,,0.3187733026630001,0.3684210526315789,0,3
-0.2765615986449545,0.96064998799410228,0.025793075076041276,-0.96035603994066687,-0.2752983034727457,-0.043898982385800436,-0.035070767092093176,-0.036911308185422938,0.99870295715173141,-0.79814715600020658,25.57410789558611,-0.36928893904451948,,0.1013578388559208,0.4285714285714285,0,1
-0.99353405963042773,0.039523024270486207,-0.1064330912207139,-0.035186180504039939,-0.99848424689333759,-0.042321878589947091,-0.10794445356672745,-0.038303253887361222,0.99341877155901437,-6.3493220188785076,9.4488393187819657,-1.2136643980693962,0.1481282636985999,0.1185716673600114,0.4962962962962963,1,4
-0.27216473471650626,0.96105395355417667,-0.047975572269448472,-0.96176321567150636,-0.27327532808948068,-0.018223941362705109,-0.030624731148181338,0.0411812264930757,0.99868224797811855,-18.879333312599595,11.710080560709139,-1.9738795537796288,,0.07803164138789452,0.3076923076923077,0,2
-0.18975411591484667,0.96590569464628162,0.17612371942262744,-0.98165547061446246,-0.183244657004453,-0.052668137350967564,-0.018598723237764195,-0.18288680851610323,0.98295803713318319,-8.0877061689373519,16.277293970763413,-1.170187338287195,,0.3388840700146133,0.2727272727272727,0,2
0.77059176346732017,0.63238518076792694,0.079229522410787623,-0.63482454517583164,0.75059932349741831,0.18329880634503881,0.056445822862491883,-0.19154539595180495,0.97985929110818848,-2.7932855319961258,15.120078375362747,-0.83733653433487476,,0.1489221936109847,0.3333333333333333,0,3
0.91371779318967716,0.40620415784821218,0.010861701312932388,-0.3955558339231135,0.88300980458981615,0.25264454723513324,0.093034276790744774,-0.23514222748175176,0.96749819441534013,-5.4507844375055825,-26.616396155341121,-1.887036261665924,,0.1322842576378127,0.3125,0,1
-0.98677880300155685,-0.089822949997568263,-0.1349052689873507,0.11912882261130338,-0.96635548836199681,-0.22795919313748278,-0.10989047988820365,-0.24101640559593013,0.9642796143565201,0.06818091347544207,15.369010771300683,-0.64645892667398552,,0.5313207263748687,0.76,0,5
-0.99179125269234991,-0.064208868350335818,-0.11057726849632736,0.076127488810102992,-0.99132157733788506,-0.10717339106231404,-0.10273615006611488,-0.11471160154708542,0.98807212891574658,-15.463065627846072,13.619259592773547,-1.7366986678870666,0.3147024800358185,0.1211392049643785,0.6111111111111112,1,5
-0.20143215066328504,0.97780592478651873,-0.057625186607453346,-0.97901183684132975,-0.20284438097178561,-0.019747922238510067,-0.030998580672811107,0.052437873341252918,0.9981429544086946,-7.689105346334971,11.947490046055242,-1.2798687542868117,0.7192183882659737,0.6586487901141169,0.9825174825174825,1,5
0.50276008941078387,-0.83223430289173028,-0.23370570721738212,0.86200795914379813,0.50289087945011413,0.063584917540529154,0.06461091911128973,-0.23342413854656729,0.9702260564813685,-20.300008743122927,10.921057758492584,-2.1112953652737123,,0.5972959713519089,0.4743589743589743,0,2
0.40868586924411449,-0.84068610478046768,-0.35527838874497614,0.91138148539118313,0.3966349850956411,0.10983841169800537,0.048576211938997409,-0.36868355242297496,0.92828486457898918,-3.7590172344395731,18.4812607067506,-0.86937664427749406,,0.3214858658288958,0.375,0,1
0.83192179410091383,0.55489243133129085,-0.00071982717742731831,-0.54857439021632481,0.82264330239027816,0.14941263477766892,0.083500101189783932,-0.12390474843066453,0.98877466918283752,-12.843290315149403,19.54151678626172,-1.3594084187481559,,0.2823714527594909,0.1111111111111111,0,1
0.95142178622063855,0.30736046059575034,-0.018059124206257014,-0.29272840052197502,0.92119102995192681,0.25635360318114181,0.095428864776727643,-0.23861398449897331,0.96641435118118368,-15.70021597366371,-25.291077343084446,-2.5748733972687528,,0.6314526903985505,0.5769230769230769,0,2
-0.15359453392358388,-0.97592774630151391,-0.15483459932342497,0.98808593705851899,-0.15323463187035341,-0.014329291076216191,-0.0097416700820086351,-0.1551907909458734,0.98783648356881848,-11.957123774724101,13.695501525767188,-1.5031633008752858,,0.06524617955576083,0.175,0,1
-0.7301067304785106,0.68304805174496674,-0.01973628935195729,-0.67790489983739555,-0.72763803812505901,-0.10482286129449821,-0.08595992604946659,-0.063152549282828027,0.99429505008958463,21.314405052071976,4.2304746689915627,0.66489037612881619,,0.115910251026452,0.3333333333333333,0,4
0.38409885463278376,-0.90393254929728706,-0.18807981335244819,0.92024448467254549,0.3913410975246342,-0.0014945962587331297,0.074954374785902209,-0.17250533820471431,0.98215261033677048,6.0594504479290263,-28.685191045326146,-0.98746058838166095,0.2051367717691061,0.3301437129993426,0.2413793103448276,1,5
0.041299336535451682,0.99547009189996583,0.085636796614569452,-0.99881212131340891,0.038915272822754095,0.02932486757922817,0.025859449320125891,-0.086746168064095047,0.99589476914333463,-12.11466184613078,10.974967840242861,-1.5750922974443242,,0.2082681681447242,0.5,0,3
0.55933256319215441,0.82619306878615373,0.06746922885741552,-0.82856968937523345,0.55478193013529375,0.075427314972688592,0.024886815817328545,-0.098091911415151112,0.99486613336337792,5.0903786444636276,-27.815749878975854,-1.0395706099489508,,0.2112373978836167,0.4,0,4
-0.43014195984386489,-0.88847643305660662,-0.15996100238710831,0.90184563727935996,-0.43088469076685848,-0.031824986770376262,-0.040648996320508259,-0.15794939431906158,0.98661018033080183,-10.95283558894193,10.170555241142075,-1.5212443927714319,0.2030572515155803,0.11524460564702,0.5471698113207547,1,5
0.68234968429155252,0.73002841297633636,0.038176230752545941,-0.73088158418995519,0.68024630272590847,0.055471411733567857,0.014526466851982939,-0.065753204294428699,0.99773017288534205,20.747102795677041,-27.906405141414961,0.39230645956482391,,0.4947959363164544,0.2,0,5
0.31891003757654873,-0.93631479080336288,-0.14700680411388678,0.94700586793884634,0.32107940382729577,0.009375634767890953,0.038422311517096262,-0.14220629015891939,0.98909104586833674,-6.4931205493451039,16.105114577172039,-1.0952923637135958,,0.09910233700137501,0.3181818181818182,0,5
-0.97562257168080191,-0.18181662174987301,-0.1228955397172849,0.20644296281740265,-0.95033267830598323,-0.23291436977342156,-0.074443943542182381,-0.25260743575603883,0.96470077364468199,-14.917203224653568,16.399865161182927,-1.5866028999089488,,0.5535697759838217,0.7428571428571429,0,3
-0.65217923166199743,-0.74535317422293612,-0.13824216239830958,0.75503100547955226,-0.65497562904456497,-0.030579504937349219,-0.067752716206094535,-0.12432043690990788,0.98992625907853671,15.724340436526584,2.9528784874704916,0.17335211142977455,,0.123324224618569,0.5806451612903226,0,5
-0.49290869815558824,-0.84141445018280636,-0.22150110226843175,0.86886156494718914,-0.48947439331026943,-0.074124215011471012,-0.046049932031287551,-0.22899026467758593,0.97233886194207231,22.345803215035328,2.4253640818099833,0.67980780941297436,,0.2624322657660223,0.4285714285714285,0,2
-0.94402157964552635,0.32303456099163497,-0.066872487380881446,-0.31230719225076747,-0.94045410599368595,-0.13420242988880013,-0.10624252835850019,-0.10580523108314518,0.9886949874675377,9.0099761431131604,7.1925111830555206,-0.2796505920820932,,0.113983210753734,0.1538461538461539,0,2
-0.3665328920089605,-0.88537109376896961,-0.28595745381767007,0.92984128586308656,-0.35927853364453588,-0.079461426910878111,-0.032385524235810453,-0.29502027316875962,0.95494199626961673,-7.1725515546433645,17.156769432180418,-1.1039088189426216,,0.2492014086148043,0.1578947368421053,0,1
0.95244795049480446,-0.27070373458462471,-0.13986561292964736,0.29457243894083923,0.93541788772404899,0.19550052056791753,0.077910075180906577,-0.22740462486022167,0.97067870934593459,12.654642286245657,-20.74210772236238,-0.45267399040556905,,0.2561307457325132,0.3333333333333333,0,5
-0.39229743816573948,-0.90721919746125879,-0.15184218045835626,0.91917943438216898,-0.39288575134079318,-0.027385284410747241,-0.034812173409239172,-0.15031338646684336,0.98802530252589948,-10.662991643334701,12.499001029237604,-1.4406188521794585,,0.09278120060000654,0.3068181818181818,0,5
-0.90423189087308042,0.42494996738061541,-0.042216261692725056,-0.4165272777364562,-0.89944978150096655,-0.13226910999671251,-0.094179161333875119,-0.10201772287734617,0.99031442975924078,-14.300772925633177,11.535742495140038,-1.7232534662499939,0.5381707651893645,0.4063694067956366,0.891213389121339,1,4
-0.97752827425454192,0.19037228166904793,-0.090536552867109571,-0.18339057653557908,-0.97977145600425142,-0.080098629434332588,-0.10395368906819123,-0.061695124373253987,0.9926667830433753,-3.756124390431173,10.804129261477426,-1.0214572876301533,,0.06496674186247919,0.3333333333333333,0,2
-0.97312543083122394,0.20577263770352949,-0.1033659394678817,-0.20278294929456242,-0.97845636540854874,-0.038758437363916702,-0.10911448732842371,-0.016755970996206158,0.99388795449538991,-2.892320930110468,10.486242597288891,-0.98145047635649396,0.2203269917615845,0.162384300005804,0.5111111111111111,1,5
-0.35756457259798313,0.92468816769847872,0.13076455537052487,-0.93227145470344608,-0.34519285277916606,-0.10822120464724656,-0.054931877520633825,-0.16060413104466018,0.98548911811518602,6.2349285280316025,11.203120302347955,-0.33727581653221828,,0.3656163436629907,0.1111111111111111,0,5
0.072680620101689311,0.99630813402445595,-0.045690584788798984,-0.99735481620277044,0.072647808344326922,-0.0023804495176380914,0.00094765962981945961,0.045742737341292389,0.99895280365077965,4.1004516163283693,12.626118980150538,-0.38338792013276851,,0.1174747200823041,0.4571428571428571,0,5
0.00068512598200083283,-0.91969399745238656,-0.3926353036246723,0.99997883146991873,0.0031706364079275508,-0.0056818726512596661,0.0064704879603624949,-0.39262309931385669,0.91967670116771827,8.4192519509887696,0.62430546924244601,-0.51812860883158296,,0.6178891934489833,0.3494623655913979,0,1
-0.98712838724838292,0.15757129530930428,-0.027364831133312516,-0.15148119973273794,-0.97607034345580779,-0.15601323903307751,-0.05129320828274464,-0.14985983958556026,0.98737583283340136,16.410172504609211,6.0427492822450777,0.28297021612910278,,0.2248058894535576,0.1111111111111111,0,5
-0.82164728317724944,0.56815667672696191,0.045757324419372171,-0.56738404965559053,-0.80756549043378545,-0.16097614375075125,-0.054507634730080426,-0.1582275871996231,0.98589702728282835,-19.029643180706959,18.89541965689887,-1.8303122001339129,0.4788963851751531,0.5153482249919332,0.1875,1,2
0.66948928004817265,-0.69178338594737099,-0.27059166806790158,0.73922665790601416,0.65626758850399725,0.15118465702660694,0.072993507531037713,-0.30124508163012148,0.95074883573527302,21.796273311910923,-10.792714067281011,0.37301673809693919,,0.17453392846855,0.391304347826087,0,3
0.98388704980265174,-0.13431060745530585,-0.11801243136051433,0.15210959055878132,0.97569974160719597,0.15771076909231804,0.093962469585858105,-0.17312040593944211,0.98040827177084178,-6.7421080820991834,-23.889563145826795,-1.9459840955642276,0.4762126114830169,0.2488154571180729,0.3939393939393939,1,5
-0.98440978762170872,0.15506525398613819,-0.083018895685245259,-0.14839561668345005,-0.98558248774643265,-0.081276692825756225,-0.094425160755604809,-0.067689931701606532,0.99322805143758941,-6.6966253049729501,7.2921591086972022,-1.2835039133115589,0.1744000195747676,0.1258470935601853,0.3253012048192771,1,4
-0.74593312160175396,-0.62609892310809245,-0.22712092941943807,0.66204754362913232,-0.73423144500353776,-0.15032376772370087,-0.072641779108820387,-0.26249633073798179,0.9621948078622129,3.0529887157744482,10.867621683689253,-0.50941910452936856,,0.2833128028764192,0.4583333333333333,0,3
0.1405494945674885,0.9893855146046785,0.03690722242678221,-0.99003831728131653,0.14013185149338669,0.013681904539059254,0.0083648007510059852,-0.038462549154624041,0.9992250309219266,23.083974382961681,-7.1677991579419578,0.54517281460337641,,0.4536395569301546,0.2790697674418605,0,1
-0.9822201221042971,0.16252982082903458,-0.093955782550619288,-0.14447162747731448,-0.9739921900114622,-0.17454845359019899,-0.11988152729871865,-0.15787105858248898,0.98015567553045801,-9.4129479952904926,26.914217311435763,-0.94580491783962384,,0.2340331027719811,0.2631578947368421,0,4
0.634475889840174,0.77285298662621071,0.011773116599553029,-0.77049775846554158,0.63118508867727452,0.089098754374225625,0.06142922277789864,-0.065602171415346883,0.99595321461125674,4.7544730634365076,6.125577622870912,-0.62071870232983961,,0.8145791520410786,0.5336134453781513,0,1
0.99291427317024139,0.020171169848800397,-0.11710836879465251,0.00010069984014499072,0.98534500433032524,0.17057318752024203,0.11883280689420617,-0.16937634530300949,0.97836108756299278,-10.276752128983722,-27.691607151180175,-2.2087621712790644,,0.2308085917795548,0.2352941176470588,0,4
0.23499880308586901,0.97099113984188179,-0.044178828603455102,-0.97148006526448627,0.23611164488221772,0.021858040733893032,0.03165509977744442,0.03778223788472606,0.99878448984678525,4.8745233817194986,9.613504601324939,-0.48842691332903154,0.2509054335442245,0.1144411387337089,0.2142857142857143,1,5
-0.98755821376996678,-0.096669721015655449,-0.12403120355067015,0.11983369094818264,-0.97335348219654605,-0.19550673955031267,-0.1018266219080643,-0.20793740340451899,0.97282751571703519,24.765179680631356,2.265929049721588,0.88070067124516593,0.4911347560851088,0.2376264481975298,0.3,1,5
0.5227828475921058,-0.84334418220717322,-0.12437316672338738,0.85031659965125872,0.52623870543398166,0.0058741178646977057,0.060496071120448101,-0.10882745628048816,0.99221812629003503,-5.4617901386801782,16.627513305036601,-1.0266136041581346,0.1667733697962755,0.1767666203564764,0.7222222222222222,1,3
0.63739053430720427,0.76717322067401972,0.071962186294103336,-0.7680931734182177,0.62515072785838577,0.13863421080837654,0.061369240861423847,-0.14363779773715971,0.98772567008117695,-14.193106780466927,-24.180178516310324,-2.4755379779105193,,0.2827887987115078,0.4166666666666667,0,5
0.96857450105651166,0.24539288769009956,-0.0405680486866528,-0.23880446900469915,0.96309671351436688,0.12416580044927358,0.069540358688406051,-0.11057599689326469,0.99143183700370852,-15.805094167291678,-27.495586483631811,-2.5764045008476635,,0.4840732704685769,0.6851851851851852,0,6
-0.75931164182399169,-0.62949021938209782,-0.16488752012457944,0.64637229993084366,-0.75888128456414372,-0.079385425742941176,-0.075157704014071611,-0.16685700357058683,0.98311243501787704,-1.6752163267854752,8.2417908008114296,-0.97848172722072846,0.6743978423504999,0.2479187104546857,0.2258064516129032,1,7
-0.24540114191594292,-0.91318181818484934,-0.32538784009695648,0.96737206708104151,-0.25249036945242931,-0.020973725590072819,-0.063004471092955747,-0.31991808368766389,0.94534800806470642,-7.8628999249813045,-24.481025845339314,-2.0229512145276978,,0.4801253482714509,0.9506172839506173,0,3
0.31027101582406241,0.94987025731156938,0.038449850641532203,-0.95064098923426454,0.31017173317495456,0.008672112023167618,-0.003688675534921187,-0.039242709056544152,0.99922289978697953,18.926981564658075,-20.906901715839616,0.17165820028710951,,0.4545555079622055,0.65,0,3
0.94414621649806185,-0.30941833521211692,-0.11334997003509413,0.31354310899811816,0.9493607268611155,0.020122850034940121,0.10138363118466837,-0.054539014735293566,0.99335132516120106,0.70893137428571218,10.810222726576297,-0.71656921203673885,,0.070387251980444,0.2692307692307692,0,3
0.91688226150884533,0.39127283528985318,-0.078946101199901197,-0.38807332566796404,0.92009777521759528,0.053095931526232293,0.093413127746756988,-0.018045841733525358,0.99546387938523262,-23.257108104003358,-28.158904477177465,-3.0655555939990133,,0.3722309081812749,0.7037037037037037,0,1
-0.83768790885549005,-0.50338709714040242,-0.21184994168013399,0.54092534139290183,-0.81823590319299233,-0.19465297779618415,-0.075357430929470837,-0.27765344794997232,0.95772116006967445,7.2568764677670989,4.825783880663824,-0.48051903592248846,0.6287944938015889,0.3313643756399849,0.2258064516129032,1,4
-0.10094273185205853,0.99413474010217495,0.038816019994642688,-0.99474829955233868,-0.10018763962191192,-0.02093459826987272,-0.016922925987383142,-0.040725365424646796,0.99902705628378985,-19.308620871886411,9.8223184349018737,-2.0429611849372353,,0.3230910847649322,0.3333333333333333,0,1
-0.92779936546931252,0.37082983387762525,-0.04090931117769836,-0.34937435395478095,-0.90207176060178251,-0.25338527882156059,-0.1308659552115076,-0.22079803674646523,0.96650004073227347,-1.4473914849325153,13.855010823479931,-0.79345796146302017,,0.588834668106661,0.5483870967741935,0,5
-0.35363576386137935,0.93519909843263571,0.018557823389736963,-0.9337518721752871,-0.3517783043446831,-0.066026250851663512,-0.055219450624992998,-0.0406776459884962,0.99764529838490656,-19.928285668701331,13.337171623682936,-2.015783531440809,,0.4516468985919925,0.5581395348837209,0,2
-0.80504069825549129,-0.56982190625199525,-0.16496202383474029,0.58909296495390207,-0.8006520103658652,-0.10920548035204003,-0.069849501029942293,-0.18509282388153595,0.98023552973427108,-9.2271367933406925,18.976807529399103,-1.1792190153029516,,0.6362991989627725,0.3611111111111111,0,2
0.34484324051984899,-0.92925206568058971,-0.13256597563524972,0.93778048082357623,0.34718019725588817,0.0058034834077802548,0.040631382625642441,-0.12631907639671311,0.99115719322628593,-0.69291314240847579,7.5015910074906893,-0.8951230937573893,0.1708339387237463,0.08072111803869203,0.4333333333333333,1,5
0.074375845189861664,-0.95895561523832051,-0.27362814485207748,0.99715214416744524,0.06808081660670616,0.032443856004375882,-0.01248339034727221,-0.27526193055535275,0.96128821617264171,21.139330388428515,1.3355084777465771,0.56138335608796475,,0.3484758060362095,0.5116279069767442,0,3
0.66520620512929229,-0.73018011088710155,-0.15600548170621126,0.74373120166056628,0.66645996209665159,0.051913568540998975,0.066065152190979651,-0.15055937229887326,0.9863910335556344,-5.7567536213252763,-28.866277062404126,-1.9322730072859939,,0.1432838289294457,0.4666666666666667,0,2
0.7891798397232288,-0.56551009618283243,-0.23956942978957513,0.60233641155179807,0.78885047285742149,0.1220892247150656,0.11994176876018497,-0.24065174544953188,0.96317221176629264,-5.3423957718785307,12.444627005887247,-1.084848829917979,,0.1965396126379007,0.2857142857142857,0,3
0.19309307596924585,-0.95348508361421735,-0.23147626085178813,0.98114167371194805,0.18973252720848857,0.03691319851759059,0.0087223917851680152,-0.23423868904233161,0.97213998808673496,14.172247637174449,-22.246683824206908,-0.29455714937962163,0.5706656895072922,0.3311898039895931,0.5294117647058824,1,5
0.80747863890909555,-0.54132901639993081,-0.23439527236912952,0.58467657322581901,0.78718444520156561,0.19619876134577868,0.078304229939567954,-0.29547173339625477,0.95213701867818601,16.167823238409959,-16.264153396526833,-0.094351996621874351,,0.2595366223406061,0.5283018867924528,0,7
-0.99252908641220983,0.080281943971788228,-0.091873946785007973,-0.063446045054514635,-0.98280808614934234,-0.17338646188906376,-0.10421426002560462,-0.16626206804794014,0.98055918369863726,-11.142556578999963,18.462786829541876,-1.3322637325389721,,0.07982528285997047,0.3529411764705883,0,1
0.84819591930876626,0.529409085118423,-0.017020665734103338,-0.52275815525912439,0.84185416506949373,0.13418448444296335,0.085367403486546936,-0.10491704031863001,0.99081018417896005,13.305039941175464,-18.781319066327931,-0.36293571523681145,,0.4924160926981093,0.2692307692307692,0,1
0.96595702768726754,0.24938660248173788,-0.068799296247816388,-0.23880236100378985,0.96182842313279826,0.13363950326490551,0.099501020299265414,-0.11266058297599327,0.9886390342298419,-5.2089907971210794,-25.772891738065159,-1.8726216204552273,,0.1062810800880887,0.2,0,1
-0.67553035876819456,-0.70768821538921656,-0.20696889665295415,0.73420865200394803,-0.67143438987472204,-0.10056597543954265,-0.067796679159534856,-0.21989372408685742,0.97316512494137042,-9.0280656184771928,11.807176557161585,-1.3778970628057445,0.2786091986119715,0.2361992065832718,0.757396449704142,1,5
-0.47175921730789455,0.88154556607851287,0.017906864950562477,-0.88001209488656784,-0.4694781637649918,-0.07189552559935028,-0.054972299737213688,-0.049675634622684435,0.99725141142363694,-6.2436427170319364,-25.251631376799281,-1.9137072896854836,,0.4983889206258232,0.1666666666666667,0,1
-0.86915237369798903,0.48923180311670506,-0.072293804121305219,-0.48517290140454172,-0.87184571172964986,-0.067024702023362692,-0.095819658932032786,-0.023179684160900809,0.9951287832257445,-9.7139173178212843,9.0555748734640709,-1.4899301561840874,,0.09112283920891348,0.3809523809523809,0,5
-0.60392016094865264,0.79648091073242455,-0.029976624870063369,-0.79431161562053665,-0.60453539120672695,-0.060050129632018077,-0.065950712581790999,-0.012454702620965,0.99774514977151196,-11.619922709511533,19.629347889429297,-1.287144189596497,,0.3277268090825358,0.9021739130434783,0,5
-0.93264973016647645,0.35576990000734904,-0.059935457528564724,-0.33997343879786429,-0.92224731442699281,-0.184059642355824,-0.12075819530099187,-0.15128671217578796,0.98108602527336353,-15.116852246547468,9.8509168262975244,-1.8258108712001737,,0.1053009545921564,0.6666666666666666,0,2
-0.97958118423877638,-0.16434366398475836,-0.1158096006098894,0.17427976647799179,-0.98131002639940312,-0.081591636117809355,-0.10023605380168288,-0.10010890168246397,0.98991461314711293,14.173357485348545,6.5365139982275142,0.1170975966903471,0.5156420471245553,0.4153691684322302,0.7352941176470589,1,5
0.045063037906930052,-0.94513497819210757,-0.32355709791689408,0.99873342592430991,0.035367305281944754,0.035786836386927021,-0.022380048169955914,-0.32475995244934025,0.94553165294928776,-1.3660448622889683,-27.090990876181401,-1.5821808186704209,,0.4494146795535352,0.2258064516129032,0,6
-0.87037369328745207,0.49131426611206935,-0.032556503926534121,-0.48634331262284641,-0.86813266252101373,-0.099075034853447236,-0.076940342475167012,-0.070398666030928619,0.99454723946169055,-16.667318854353027,10.55302315014913,-1.9165023142130355,0.2780229198697156,0.2356761739737995,0.1587301587301587,1,4
-0.98152255302858138,0.17214598612953264,-0.083541829976048088,-0.15637664328723466,-0.97326171005970818,-0.16824978206782493,-0.11027158895415058,-0.15207696469598658,0.98219792988907439,-11.028746909616977,15.569213838206446,-1.3882415535897847,,0.227839381228931,0.1428571428571428,0,4
-0.19507066711444587,0.97757317202606542,0.079360747012764105,-0.98077938465151593,-0.19479089689373286,-0.011327185437322756,0.0043855984906818711,-0.080044986240450866,0.99678160431643537,-11.619121673845353,-31.356899096384183,-2.3216778634535573,,0.4118188499991357,0.2068965517241379,0,4
0.36714494375854989,-0.89970573038905244,-0.23608089498651022,0.92924849952216759,0.36602980460534895,0.050193707537590178,0.041253077561926206,-0.23780618336298684,0.97043619200130715,22.550417034086159,-10.887386476890423,0.43257207314185736,,0.3902833007445645,0.2352941176470588,0,2
-0.94810788715993455,-0.26811787381636148,-0.17089248095021142,0.30271884250682196,-0.92557393735317051,-0.22731957435266992,-0.097225185504860742,-0.26725585537597268,0.95870828257129526,3.4688956409201204,10.082410942299861,-0.53095212746070697,,0.3156155163284896,0.5555555555555556,0,1
-0.66232505552374987,0.74625445246996081,-0.066556840326300451,-0.74519705155013272,-0.66535683155829284,-0.044515627140351226,-0.077504033356018201,0.020114145954244406,0.99678911809172577,-1.743216508698304,14.901161067795893,-0.76097330669564811,0.1855417811168899,0.1343522202546403,0.4705882352941176,1,5
-0.41182299230788821,0.9069601174157732,-0.088459982046929231,-0.90983213099648719,-0.4146734998834089,-0.015855027620130399,-0.051061888067007469,0.073954269056022329,0.99595353790998753,0.90274196577996713,8.8353192268850567,-0.73514616187855608,,0.07313398735401884,0.2368421052631579,0,5
0.9924666696340988,-0.030850800191015822,-0.11856701814997882,0.058442387593940909,0.96978505598968912,0.23685740966116828,0.10767728171588921,-0.24200242417515766,0.96428233920134976,-8.9388011138634038,10.066499823741609,-1.4018513187263797,0.6025267950882274,0.4071510969945154,0.2222222222222222,1,3
-0.9454215647378742,-0.27961562261525602,-0.16731159110495641,0.30083069386876288,-0.94629732624476892,-0.11841564072554119,-0.12521564820352163,-0.16228516238856983,0.97876686065348939,-6.040419084011857,11.924943769765504,-1.1473481226875788,,0.1487436744260889,0.2272727272727273,0,4
0.66610995793307737,0.74492436647872173,0.037218438557642848,-0.74337628593951199,0.65900679334676016,0.11446284910658906,0.060738961508829771,-0.10391214822673865,0.99273009625261843,0.27026292299168209,-24.283283802168608,-1.4724257662575377,,0.2891514033820734,0.2941176470588235,0,6
-0.92148464253560736,0.3884132843190527,-0.0010835753364012758,-0.3757488560542519,-0.89213880189349737,-0.2508010273702147,-0.098381150353836155,-0.23070214286070406,0.96803805221413375,-6.9319493558161289,21.889833895263202,-0.92540196873659275,,0.3588931644732736,0.4318181818181818,0,4
0.75458627456145788,0.65620055468370342,-0.00062151127166093034,-0.6527146046940886,0.7506744956683773,0.10223231569356295,0.067551454925121671,-0.076737432755001403,0.99476035674511665,-0.91460723240376385,10.11813688675486,-0.8535309486718744,,0.1790251568035623,0.1851851851851852,0,5
-0.92271949904443584,0.38531969074356659,-0.010837989133957749,-0.3723484663845501,-0.89822661597739051,-0.23354992171028324,-0.099726353910385118,-0.21146555812965814,0.97228440903917246,-3.4816415314284539,8.3681984111851797,-1.0770447296976102,,0.1283801072758851,0.2857142857142857,0,3
0.55023566820847836,-0.81576917239780344,-0.17821718995812952,0.83114428660929474,0.55558080919029984,0.023003027978471643,0.080248889511917623,-0.16078128567981539,0.98372226461905887,-2.4651915041815466,-25.640807057242061,-1.6828027780953727,,0.1658869222723788,0.2272727272727273,0,3
0.95785645828635668,0.28184528008545234,-0.055445860194154983,-0.26577277769477714,0.94281059712657211,0.20117904608144233,0.10897630914799594,-0.17796464828552117,0.97798402236697668,4.7050680193864274,15.424275658899463,-0.28078212716885098,,0.3997128206159378,0.3,0,4
-0.55416545699998343,0.83165675401721173,-0.035322652300696235,-0.83085818117646248,-0.55522343577117139,-0.037438204318556087,-0.050747699850746508,0.0086011550394336882,0.99867446702709251,-17.348168110337138,23.049522400060585,-1.6107865419849221,,0.2669358632066006,0.1538461538461539,0,3
-0.97369791667604932,-0.19627445821256295,-0.11570956794529559,0.20574255946526823,-0.97561795329712442,-0.076417330684940193,-0.097889561677446918,-0.098213778349556427,0.99033917798747229,1.154856751354544,12.761034645533201,-0.64178807713496999,,0.2042889201614758,0.4871794871794872,0,3
-0.99506055685072903,-0.081933306748342608,-0.056048384858077865,0.090044774150100884,-0.9826488804685376,-0.16215152284880846,-0.041790272171577658,-0.16639744877615248,0.98517280828929354,-20.652846508980037,15.314864782061983,-2.0229813658021896,,0.4337610696694391,0.2083333333333333,0,2
0.98934770197072097,-0.11094209592224964,-0.094249540888168129,0.11878131631777951,0.98952168091295845,0.082084358418688649,0.084155353359532295,-0.092405055898313673,0.9921588492501392,-4.0411284237378755,11.800072758744637,-0.99763864698007532,,0.2312244548895944,0.25,0,5
-0.71355294363995414,-0.68428595758836464,-0.15031608320512835,0.69687676275777033,-0.71532483881238762,-0.051702538683142972,-0.072145506797073961,-0.14164428412543276,0.98728512731813534,10.156579653669882,4.8071920279786386,-0.26258487552199727,,0.06965579032470078,0.2413793103448276,0,3
-0.89137906522700383,-0.42777814230452149,-0.14983064787127348,0.44415489595534802,-0.89029175769961777,-0.10053364894909265,-0.090386893264050805,-0.15616160584028982,0.98358719104482806,8.5402092303375241,6.5446856814159498,-0.32165485749165179,,0.0659046180591028,0.1875,0,1
0.97185441577012188,-0.19618704632123798,-0.13042100062437223,0.21187177622063866,0.96993047393346454,0.11977155829459689,0.10300167469136511,-0.14403304687103136,0.98419771205780637,-18.190774986241163,12.651394609303212,-1.903113159747285,,0.1727684027755911,0.1176470588235294,0,1
0.92838392783454304,-0.32794957971727484,-0.17479232163275446,0.34974482493915621,0.93004903258963545,0.1126381569778294,0.12562579339763211,-0.16570416452927753,0.97814124230137101,-4.7298137291762377,13.853734834498043,-1.0105179660437682,,0.1881568992330277,0.1666666666666667,0,2
-0.87351628973384343,0.47725780244678356,-0.095886816472788974,-0.47600063123498132,-0.87866327782985909,-0.037070787113122491,-0.1019445468552323,0.013260248751592445,0.99470170160180482,13.387778827190841,6.795767622308138,0.049378960862066369,,0.08432287653866181,0.4,0,4
-0.21906591204591913,-0.95905751345558365,-0.17949599456222565,0.97538690363695557,-0.21999012693954079,-0.014991072764733826,-0.025110045659105781,-0.17836207537903823,0.98364447625830731,11.373049996579683,7.6846505722413196,-0.088190863535645814,0.5055530072537985,0.2521798907555253,0.8235294117647058,1,3
0.41735404312047764,0.90847038614916908,-0.022297089069411465,-0.9080092995226825,0.41787750339050705,0.029958373461252779,0.036533747019946744,0.007742715937944099,0.99930242453352736,-9.3564788007836857,15.634282272657529,-1.2632978972128937,,0.1670700642847337,0.5238095238095238,0,2
-0.88005445893994483,0.47335389553034679,0.037950479393119393,-0.46762075319432433,-0.8499295110019488,-0.24279756487650911,-0.08267394076669414,-0.23142151134722833,0.96933436109727955,26.426382223751812,-10.956733828035429,0.84617555988794679,,0.4064381649189537,0.3888888888888889,0,2
-0.94980759167132223,0.30350031805979727,-0.07584916440623736,-0.2962969449315076,-0.95054300933321312,-0.093145627014982413,-0.10036762041504091,-0.065996547980639919,0.99275918350164905,-17.037526795726247,13.038134937016473,-1.8295778142553569,,0.231359137851797,0.131578947368421,0,3
0.7579808111504367,-0.62465441127049659,-0.18780829696271392,0.64547846897194194,0.75977849358967531,0.078065272511159287,0.093928888108844102,-0.18039819056440878,0.97909849188920894,20.519270790551147,7.7800101314062662,0.67023565395446694,,0.1715419988609888,0.1764705882352941,0,2
-0.60456597034357262,-0.72865532185280557,-0.32180958568401624,0.78978555107730841,-0.60089046887461506,-0.12316423070501184,-0.10362804066490053,-0.32862146361920624,0.93875937430031753,0.95797115063327065,-22.648778556516557,-1.4224710808834093,,0.6418341585387728,0.4545454545454545,0,2
0.5052667525382063,-0.78008860824735582,-0.36900849863140017,0.85908442619391878,0.49518751700104741,0.12947305386606431,0.081727947793654332,-0.38242788377554604,0.92036376300916845,-4.7250225860861503,-24.505628589370588,-1.8269249256156241,,0.3050431177922139,0.5882352941176471,0,3
-0.60694302464704641,0.79434067932816155,-0.02535843048710509,-0.79294542901013065,-0.60740632183603893,-0.047907272992251268,-0.053457566763131958,-0.0089691336308876102,0.99852984091497032,21.847548226318228,10.012501401380662,0.81743091398969514,0.3332035581345101,0.2695028745534701,0.3684210526315789,1,4
-0.75470414205283509,0.65604425402664646,-0.005253068333376635,-0.64745639922375942,-0.74606990259815043,-0.15549891170484331,-0.10593332371118304,-0.11395454004034901,0.98782209619530903,24.598527700202773,-16.343618747963149,0.6781311354134314,,0.7395637864416054,0.7446808510638298,0,2
-0.86263159581185811,0.50520368603050703,-0.025218356970204206,-0.49730362915620685,-0.85614835837837699,-0.14035344268694402,-0.092497731513555781,-0.10853213380008732,0.98978025116570545,-21.242590075730746,19.70718948575643,-1.9694016368699754,,0.1575607669125483,0.5833333333333334,0,2
-0.26761470360772416,0.96217935949528066,0.050923968562955411,-0.96312946505002883,-0.26561454038341886,-0.042784921284847503,-0.027640621653561515,-0.060496248628787927,0.99778564829147953,0.41513573766163775,13.209369210690785,-0.6697382815741324,,0.1875246766679875,0.2666666666666667,0,2
0.66471050846584168,0.74544158354301893,0.049767313167963401,-0.74414802839095595,0.65469569925018478,0.13273000122490988,0.066360016402460933,-0.12526127457513689,0.98990199581315963,2.5333339058070963,-16.590659852128972,-1.2377291655575304,,0.2647566990740837,0.3333333333333333,0,4
-0.94359692808221063,0.32336769047891578,-0.071120841306525517,-0.31540859605032523,-0.94324176949152783,-0.10398260346834418,-0.10070876253523661,-0.075685540500310941,0.99203298539302487,-6.5825607282448573,20.764926402441343,-0.94525057157932557,,0.4748535378939643,0.2777777777777778,0,1
-0.93176545149523393,0.36305918723671449,-0.001081648232866014,-0.35085338998098159,-0.90119821185392102,-0.25444779757378438,-0.093354390034623938,-0.23670616703903685,0.96708590536050709,-4.9847158965529514,15.662339882994514,-0.9983851511409827,,0.2912289075938417,0.3,0,4
0.66759188677468073,0.7316013848638746,0.13813213376286601,-0.74167784564349659,0.63727411658736444,0.20927415896238993,0.065077230997049096,-0.24215927401826803,0.96805156888086386,-15.291425996420218,22.273380837756839,-1.4653076680638153,,0.3882985377985563,0.25,0,1
-0.51626188207357859,-0.83163039091184254,-0.2046083136865724,0.85505501161397435,-0.51404295898072794,-0.0681231490476224,-0.048524181926882709,-0.21012074917569223,0.97647051902972104,-3.8520979286652772,13.38774872060754,-0.9532425689340458,,0.1401303528165612,0.2352941176470588,0,1
-0.31963780526136215,0.94752978804556631,0.0043559400850059242,-0.94671659275864617,-0.31916514955213626,-0.04314278974316807,-0.039488814152367387,-0.01791390738189624,0.9990594203945794,-5.0686454014499267,21.751428956983791,-0.79649994516329625,,0.6857545516713816,0.1304347826086956,0,1
-0.044937482893058517,-0.94690488439317855,-0.31835791578595762,0.99898177334611749,-0.04131664002386249,-0.018120479557313555,0.0040048911950914231,-0.31884804401075029,0.94779738640546785,27.194379630069424,-12.144956576001579,0.9319972961240075,,0.273273764378439,0.2222222222222222,0,4
-0.65526493942573272,-0.74395156231650417,-0.13101119069080688,0.75279538001704882,-0.65749792047365641,-0.031553136100942181,-0.062665580539701948,-0.11930028289844778,0.99087863410004573,-12.385447035405919,-28.540599643210115,-2.3731885101627093,,0.1042686883232538,0.5555555555555556,0,2
-0.89577022726699773,0.44336200910520551,-0.032028562631292924,-0.43489697539268524,-0.88901495912609152,-0.14323764604435521,-0.091980001828251959,-0.11437889373581731,0.98916992874401777,18.015390232696827,-31.226577926860699,0.11801144962936405,,0.2618108093241317,0.5294117647058824,0,4
0.3892709732614501,-0.87966860508843459,-0.27322381777189947,0.92036663953539355,0.35942638515200809,0.15407116046453556,-0.037327713651009536,-0.3114415175893045,0.94953189673399607,3.0059483097029229,13.530146206802973,-0.47087146758117104,,0.6811194245201111,0.3968253968253968,0,2
-0.50518876156592174,0.86284712548300591,0.016707879374879425,-0.8470651414738225,-0.49205848359890608,-0.20089573120969834,-0.16512105040673805,-0.1156429278601174,0.97947013836487973,6.9087450203123222,-20.708343379641164,-0.92944765880105618,,0.6894686220270476,0.3934426229508197,0,2
0.98459300179848763,-0.13948099574007097,-0.10545934115478292,0.14066240728916818,0.99005027900535314,0.0038121145101011012,0.10387833260626948,-0.018587546066661433,0.99441630876919984,15.004730363864679,0.65428792459569474,0.022985673801487066,,0.6695459631252142,0.2340425531914894,0,1
