axis_00,axis_01,axis_02,axis_10,axis_11,axis_12,axis_20,axis_21,axis_22,location_x,location_y,location_z,dbh,dbh_approximation,score,reconstructed,number_clusters
0.95583176751956422,-0.28335973734572806,0.078056975676659979,0.28148569536115425,0.95895295849707762,0.034278662411911638,-0.084566160534069637,-0.010792712405250593,0.99635941399249284,-5.7676940113892945,23.601492364736647,1.006244450605303,,0.09001656355580856,0.4666666666666667,0,1
-0.82432855994431842,0.50302465969497401,0.25970871567754827,-0.56346337202340135,-0.77336197636067827,-0.29055168543225374,0.054694182946121488,-0.38584640112130253,0.92094033525174401,12.149795668619165,-2.3088607467547693,-2.817595365558641,,0.5066909318764314,0.2647058823529412,0,2
-0.99546978128704477,-0.0068104534204903918,0.094834235740745135,0.00073951326807894101,-0.99795572193595172,-0.063904852518568825,0.095075589214320536,-0.063545218384242139,0.9934398006704025,-14.222030503247,6.1048135771274259,1.2326299747522833,0.4842456849704622,0.4449555985626465,0.8848920863309353,1,5
-0.29247322906386763,0.94542711501577892,0.14362096112300535,-0.95599828669711095,-0.28546818084513143,-0.067640177092909703,-0.022949642985092337,-0.15708433377620054,0.98731850279884059,-4.4975210393836518,-12.438924383268452,-1.2686131024118872,0.3112271157003912,0.3112300628446717,0.8662420382165605,1,4
0.99505572581955282,0.025391602698691021,0.096017545407686408,-0.024394358102307282,0.99963573754296853,-0.011545887566731753,-0.096275738410576184,0.009146515146165551,0.99531267622500474,-14.203619557637506,10.954464950566864,1.4198895021303251,,0.08000604627986828,0.3703703703703703,0,4
-0.74340979312270028,0.64018887647334166,0.1936493788501889,-0.66298117314783322,-0.74356566605623398,-0.086983126604370034,0.088305399273126556,-0.19305000052356783,0.97720717033649707,11.737811615203174,20.158841532373764,-1.0064682161320775,0.1755184685515472,0.2146305603387194,0.5833333333333334,1,5
0.58638721212568679,-0.81003076175234101,-0.00044996709464885338,0.80965541594567869,0.58609840422155957,0.030769595362476299,-0.02466059377415207,-0.018407215538017756,0.99952640261818093,-18.861926801625739,-14.442029089877744,0.81584763576932562,,0.2987800658695606,0.6129032258064516,0,3
0.52541409499394531,0.83405747948586895,0.16819081335010944,-0.84655584099148518,0.53227630627594202,0.0050141659762551419,-0.085341882243663486,-0.14501742892120739,0.98574170473009304,-5.02268882904536,-16.028066914528253,-1.3645046885503891,0.3375623420533527,0.2607182785550108,0.8823529411764706,1,5
-0.88618634275808061,-0.46167252208027909,0.039143942891477962,0.44570061379769865,-0.87250406975171135,-0.2002189080158388,0.12658881771077482,-0.15998478247237902,0.97896891707952238,1.6708631409078141,30.772925836821887,-0.11697313509444111,,0.1643034494510153,0.3333333333333333,0,3
-0.2994566409057357,-0.95147550939497072,0.070852489293144666,0.9515514518356224,-0.30326366326935245,-0.05080339604763575,0.069825172588210235,0.052206374726030902,0.99619222026223064,-1.7460433613989517,-9.5500857979325033,-1.5500975605220719,,0.08973831426468952,0.54,0,5
0.98139633703955387,-0.16748006230956203,0.093870433972214049,0.16566951637932567,0.98581668668969058,0.026815510190949653,-0.097030103514254326,-0.010765174078750703,0.99522322623573611,-8.706938256216004,-7.1374233449127757,-0.23629801489056307,,0.1565390312641872,0.2285714285714286,0,5
0.60830066798059923,0.77252694938695754,0.18213294541416383,-0.78764936754994741,0.61584583000875703,0.018503714734980938,-0.097871196643983999,-0.15471272129888644,0.98309979286732041,-20.098035737369432,-1.076880845013388,1.6710548960900864,,0.1975660999031164,0.2413793103448276,0,2
-0.97983147966660111,-0.1822464573577853,0.081954256966290648,0.17134948805054193,-0.97729430186399824,-0.12464028437458845,0.10280867861798931,-0.10808365429008242,0.98881155903242024,-19.756867296009325,-20.346206510010411,0.39956392306089933,,0.3048876850181379,0.68,0,4
-0.43224692657416564,-0.89161699452805343,-0.13483964378457017,0.8976571700441317,-0.41120534491421379,-0.15849848384872356,0.085873159575908173,-0.18955025555969174,0.97810863460134456,-29.121717874815339,-24.235962548621039,1.3378594768421248,,0.4895395615654832,0.2173913043478261,0,1
0.77364093406915746,0.60211152029054049,0.19733581090621874,-0.62434382602539018,0.77750509801837775,0.075369817960569824,-0.10804856332491569,-0.18151457156064915,0.97743438054663023,-13.165811364495479,-17.321435700600826,-0.27917193811594559,,0.4794794265391022,0.4090909090909091,0,1
0.92915279037087162,-0.35870645393734057,0.089469391691919573,0.36081773069706252,0.93260117309917911,-0.0081004412631587933,-0.080533579087518681,0.039808690480024368,0.99595663098431164,0.88145715337466946,12.749592162518539,-0.5233446078504238,0.1361193312846997,0.1095294798809131,0.44,1,5
-0.74484067014630817,-0.66504421926695578,0.05411619457799742,0.65778558622585515,-0.7454715160221731,-0.10765844766255321,0.11193970988664573,-0.044591537529086914,0.9927140052055704,-8.4897924381900474,-12.723359894086089,-0.62107612155491254,0.1412130625528399,0.1336854886227079,0.6486486486486487,1,5
0.48274726667645801,-0.87284844162473052,0.071348962639179905,0.87569878169425186,0.48207004177704149,-0.027570247737067892,-0.010330549627710552,0.07578966139494088,0.997070311948976,-4.299446238970468,20.217470814331019,0.59672640803942867,,0.09747718577587949,0.1851851851851852,0,5
0.68333925417327079,-0.72727551907064647,0.064169954546026239,0.72934505515285386,0.68398851943773797,-0.014679775252057867,-0.033215271036042604,0.056833305709700105,0.99783100830356486,-13.523681351239848,-6.4887270242570274,0.50276837640094474,0.5318595998308053,0.4465494085843839,0.9168591224018475,1,5
-0.12147559893633793,-0.99229141711948632,0.02452391432987152,0.99080602525760542,-0.12270217634681865,-0.056987684923839113,0.059557528292253296,0.017375828922819359,0.99807363525591708,-24.606984979359108,-8.0659389979225526,1.9457211101158951,,0.1159928990772848,0.5483870967741935,0,2
-0.6714186782504401,-0.73868242005911866,0.059541924658476873,0.73321411352768973,-0.67381996337546191,-0.091453379819966568,0.10767554142067806,-0.017746527894059835,0.9940276849904478,-1.4535579680598787,18.515471866176291,0.12005438040620527,0.1906177780562821,0.1752294666235139,0.4745762711864407,1,3
-0.99163570301380199,-0.089845479416830173,0.092662950183355672,0.075328967709145392,-0.9858515512436502,-0.14974066092535826,0.10480543465010606,-0.14150798118427282,0.98437356330254711,-21.245229347928205,9.896198214698833,2.3408984927852483,,0.1594463935137445,0.25,0,1
0.084819935034145214,0.98176711614742729,0.17011439760458161,-0.99483911356086707,0.092985297444746665,-0.040606312176097684,-0.055684079863405442,-0.16579223175612978,0.98458733443970803,-5.7264562372740091,14.584447095780028,0.46960364699931822,,0.0799330571961261,0.3870967741935484,0,4
-0.78552394364056011,0.60416205484377661,0.133941574779184,-0.61672590725153598,-0.78213299659080837,-0.088978261213917456,0.051002836118708303,-0.15249979387142801,0.98698658733390099,4.935599748873102,-15.56785853226811,-2.9662810023785782,0.524283007472214,0.4897640599028279,0.4036697247706422,1,6
0.081230915062527317,-0.99455246893620575,-0.065321703674986173,0.99649287968287104,0.082360629332702967,-0.014787409416828309,0.020086791168433295,-0.063891417802544911,0.9977546830517694,-3.7536369786134709,-10.795189545108318,-1.2655024909926607,0.6700966319543765,0.5568804543074836,0.5353535353535354,1,4
0.91321863268783843,0.39051339833803345,0.11632288953698569,-0.39796375402181311,0.91610165741953076,0.048811922294177246,-0.087501882246150464,-0.090868250735157086,0.99201128099014668,8.5467746184051219,-3.8062078986067198,-2.666629569908582,,0.1903381849248734,0.7083333333333334,0,6
-0.83617050203649046,-0.54169107290326757,-0.085963207600404282,0.54846689935930293,-0.82534127867635798,-0.13414855206101259,0.0017180894143108999,-0.159319036055899,0.9872256545081185,-6.8179592489000704,30.895190994606576,1.5587684991845008,,0.5833796434962759,0.7333333333333333,0,2
0.9923533865264742,0.062089773204396494,0.10667528445175996,-0.062918119655964888,0.99800893139149416,0.0044139644045426149,-0.10618882459277432,-0.011092020836325097,0.99428411462990318,1.6877946766358622,-24.070837186930643,-2.8665226748079453,0.4476711398429312,0.4506340376292167,0.8,1,5
-0.99514238820766343,0.041848335881974057,0.08910860775625061,-0.059323194864132005,-0.97726558170625233,-0.20355034110374903,0.078564532350546376,-0.20784777986846498,0.97500098187657724,5.7673851601591855,-20.579103320799057,-3.3190310346283427,,0.3422633224321955,0.25,0,5
0.25343539267093096,0.95184685864928931,0.17250524461943428,-0.96441683949280521,0.26249833235783376,-0.031540215789769767,-0.075303794356194734,-0.15837355583820178,0.98450350703627465,-6.0195558099845821,26.020271312002574,1.1892444373863904,,0.187760776726941,0.52,0,4
0.5330752418576491,-0.84409447104754476,-0.057752146846465173,0.84592292045156459,0.53047747280414825,0.054845815720262397,-0.01565883690143904,-0.078090811202668267,0.99682326720066294,7.1990591128011401,-11.358739797801171,-3.0397351829446135,0.5139021971354144,0.4887495569025262,0.3191489361702128,1,5
-0.91409356048882184,-0.40214270580842171,0.0520980502317673,0.387133960364626,-0.90368362499763299,-0.18298415954267533,0.1206658999273235,-0.14709571739591926,0.98173448066089153,8.9705710446486933,8.9995510977440833,-1.5481051821710721,,0.2786287253382622,0.5230769230769231,0,4
-0.082459948805938474,-0.99346952604126371,-0.078858466065918481,0.99544929528128046,-0.078314845781234044,-0.054290749251268831,0.047760416318586019,-0.082976416876176989,0.99540637775506879,-0.10468186088857152,-19.346633849509519,-2.282780401546546,,0.237512104889733,0.2,0,4
0.71221973908530267,-0.7019537386729251,0.0019980040958570717,0.70080495877142601,0.71121137347059449,0.055233975119042315,-0.040192698573793456,-0.037938516169906115,0.99847143973785379,-33.213534441348699,-5.98655508683213,2.9834307879155411,,0.1025155752214472,0.3333333333333333,0,1
-0.53782523009344796,-0.84264817014209092,0.026231340627488102,0.83589524944156068,-0.5370454772267268,-0.11340761593185868,0.1096501428907439,-0.039066824115900595,0.99320220973250783,-27.10499444507597,-12.685467578994633,1.8991023489437873,,0.4008115636981035,0.1176470588235294,0,2
0.73567056118636143,-0.67383622149738132,-0.068800959309269577,0.67592546612741322,0.72377764664913447,0.13881888362711875,-0.043744595599716406,-0.14862928651235793,0.98792496959366516,-20.929819035592747,-8.3025132531525898,1.5302455716295225,,0.2640441138296972,0.1818181818181818,0,1
0.90470413681635631,0.40982863755027887,0.11640838746007323,-0.41355386284291867,0.91043744551302697,0.008767002647146702,-0.10238958616515986,-0.056072681863781997,0.9931627394307192,8.1514021879077809,-6.3262210368153973,-2.8678886320597656,0.2869017934551708,0.1939486578988173,0.3636363636363636,1,5
-0.51644263849233241,0.83615535817153375,0.18474636166407371,-0.85630982548537571,-0.50541361299565435,-0.10625705894614793,0.004525916955071217,-0.21307580059620487,0.9770251886599457,-7.1498999132372436,21.149028665934608,1.0461325805163855,,0.6805434618458387,0.8080808080808081,0,4
-0.62106000240399195,-0.77738844206889901,-0.099758125241225001,0.77689772860960904,-0.5938030706280073,-0.20935097944356582,0.10351035066689897,-0.20752138070675971,0.97273865136241799,5.0975302270860832,-4.8862777582928771,-2.497910604544018,0.2288749143901576,0.239807705939915,0.3692307692307693,1,4
-0.72260890522959043,-0.68769762154338621,0.070059627507309444,0.68325596249878584,-0.72594287802008473,-0.078538064413217618,0.10486972772326225,-0.0088836465196731346,0.99444628866106333,25.204192635482531,2.4340780860328461,-3.2352749754316328,0.776455416600474,0.6692360204580426,0.9916666666666667,1,5
-0.49787518821553761,0.8583290498664311,0.12406264189809392,-0.86719309800228994,-0.49434273350816571,-0.060011603918468152,0.0098197625498490631,-0.13746455536998023,0.99045800934739292,1.0318275823991818,9.0600072581089002,-0.82375143812965201,,0.08441554238244667,0.3714285714285714,0,5
-0.99274749085493386,-0.079504581684930214,0.09017450245129216,0.053957250756380519,-0.96496727476189914,-0.25676209558540225,0.10742920688549699,-0.25003435789846645,0.96225868942725334,-7.2018084818890866,-23.024121319987056,-1.5179216186747984,0.5737732202570327,0.5188349183479104,0.525,1,5
-0.34741682706384097,0.88992734127213369,0.29551797835191812,-0.93770787747027051,-0.33049937656693074,-0.10711721905963825,0.0023419656474201241,-0.3143238606042843,0.94931292304051407,2.1651699222002656,11.155205616752001,-0.77545025414638147,0.2099884058809585,0.1658086837381134,0.3939393939393939,1,5
0.43563362913753412,0.86761650684680935,0.23971845613427678,-0.89615782460038584,0.44302387452587405,0.025119713525156458,-0.084406721130279333,-0.22576856213171564,0.97051741961750071,4.4454131641183832,8.4792952636993881,-1.2457293970232954,,0.1067445534839122,0.24,0,5
-0.92682223035697908,-0.37409828340363066,0.032419556915105827,0.35481801748855657,-0.900761237715066,-0.25046629932091258,0.12290129283943801,-0.22063469125339155,0.96758235062133868,4.273406201326849,5.9764165566051686,-1.4147512110710243,,0.227302312631611,0.3095238095238095,0,5
-0.17829835704868066,-0.97914273796427886,-0.097412496968084072,0.97945878951780652,-0.16713218361391646,-0.1128153927297052,0.094181609192319007,-0.11552632553777481,0.98882935463996302,6.2743192698653694,15.750295923838797,-0.88415347203228623,0.5025643747672165,0.5064287020143574,0.5294117647058824,1,4
-0.84447727560682995,-0.53507206590010081,0.023579976188791457,0.5268663976905883,-0.83782927508189686,-0.14301714862311127,0.096280475529613399,-0.10835123492208378,0.98943927551045296,-20.628877820062502,-17.156175259588828,0.7591065581359937,,0.1630958924718708,0.4347826086956522,0,3
0.76831511746017955,0.61897062971469918,0.1629946006244915,-0.63072662232093468,0.77549429287261018,0.028151902557972536,-0.10897618169936847,-0.12443456622899154,0.98622524331393346,11.247052852431572,23.65069074592877,-0.74724759499046589,,0.2719246554895705,0.25,1,4
0.81544304715040983,-0.57835583704337323,0.023604292234968172,0.5742193405747783,0.81340533316100638,0.092972645950831531,-0.072971129660444334,-0.062259856593884423,0.99538883080582508,-5.8569864984150444,-1.4983151265844397,-0.45718179281276888,,0.2550519079158402,0.1866666666666667,0,6
0.57450403934787408,-0.81668316400370244,0.054531810953597291,0.81824080151832634,0.57472702282791677,-0.013070576192600823,-0.020666385838451023,0.052129251522170558,0.9984264828379279,-21.063570120931495,-1.7557630061742948,1.7738699515317387,,0.131790344386267,0.3333333333333333,0,1
0.95958956726378197,-0.26755308310378245,0.087196388228915331,0.2658255565815239,0.96352025960361054,0.031072219127601722,-0.09232895464928785,-0.0066375488737306825,0.99570643619408117,-27.226646222751004,-19.570178297889655,1.4590659781833066,0.4217985055228399,0.335569654243346,0.5652173913043478,1,3
0.12639784028814938,0.97829888467713322,0.16417940860525085,-0.99029569571459253,0.13408260631637045,-0.036555296915240135,-0.057775609210493198,-0.15796565108556873,0.98575292647674628,-14.624193845427714,-15.919346932808025,0.032941539153944419,,0.09548697912256736,0.2758620689655172,0,3
-0.0099915449751950165,-0.99944959616508544,0.031633427801213289,0.99879635308037062,-0.011494241464957589,-0.047683618638849082,0.048020975649799132,0.031118919303072933,0.99836145696789014,-11.094822948777734,-4.3449366503669475,0.28394243695150556,,0.1158880358395376,0.3767123287671233,0,5
0.88565308653189356,-0.46221288562817581,0.044473123072302743,0.45917136108379786,0.88601517899492732,0.06433322431713237,-0.06913950735275623,-0.036556134230260419,0.99693699779532519,-9.517386304370838,23.783224102762944,1.5369065430267446,,0.1433648444436895,0.2916666666666667,0,1
0.9676218010240073,-0.24012723326162694,0.077762214662215598,0.23641320345065039,0.97014973825481676,0.054021131035100964,-0.088412936933785893,-0.033888009829826711,0.99550728544421807,-5.0974027484236029,-4.1589300989190079,-0.69608471973948283,,0.0762557056019552,0.3764705882352941,0,5
0.12440264732589405,0.95889549128046681,0.25503611144366001,-0.99039627208758085,0.13562775963999779,-0.026839058293066237,-0.060325828409835192,-0.24924796411812208,0.96655897223585874,18.254589568334289,10.708271000143055,-2.1084199098281728,0.3926002486510999,0.186635545397923,0.3333333333333333,1,5
-0.95370797966398935,-0.29654294546454446,0.050033698848301209,0.27972568391662528,-0.9358125908770617,-0.21449553961175069,0.11042930445586688,-0.19057039710084062,0.97544261362020668,-11.558600029393043,-8.1509371503108188,0.13671852832008247,,0.4914799933032702,0.6447876447876448,0,1
-0.88096387013713096,-0.47271555655598946,-0.021039536662430153,0.46188735245668011,-0.84942486996257727,-0.25522042224245578,0.10277515825123951,-0.23455786680267171,0.96665395771569296,4.3324897701971867,-12.634471632464196,-2.7348057664743823,,0.1073628134622165,0.375,0,4
-0.24378694101024626,0.94652992558849336,0.2113031645723947,-0.96963935973876103,-0.23357745070203201,-0.07239534908366696,-0.01916870987502442,-0.22253690590322683,0.9747358032168234,-0.87312289726954118,-15.813671629586116,-2.0979220699079022,0.441833123818423,0.3141610542840282,0.6868686868686869,1,5
-0.84312492986478416,-0.53768735382080024,0.0057150836992789032,0.524830432157668,-0.82518453204347308,-0.20886240819590113,0.11701867424347258,-0.17309765341384917,0.97792833697614068,-35.925978852487923,-17.247877159147063,2.7393626726554983,,0.3428052983548256,0.8333333333333334,0,3
-0.51368971938038355,0.83646185289908181,0.19093046076395934,-0.8578521721434742,-0.50451757764943872,-0.097732617848217448,0.014578166950126075,-0.21399435153147797,0.97672611030984324,8.449239733638068,-4.653211431731787,-2.7681016606250615,,0.08447672766219332,0.3684210526315789,0,3
-0.93564659079630308,-0.33991829580868688,0.094978994023802485,0.33523690399434453,-0.94009026884311597,-0.06202019531381963,0.11037062712308063,-0.026188520404859299,0.99354541218177939,-6.1175644730282874,-9.9558842422142071,-0.82364578805501598,0.1205304780935583,0.1020905043623555,0.2,1,5
0.81598652679718864,-0.57552337530289666,0.054211000409711572,0.57529076025183878,0.81766975003713793,0.021371032802957903,-0.056626224086739299,0.013748612808761317,0.99830077952063745,-15.050004333626967,20.045488358631424,1.9884600471228067,,0.1176969130748897,0.3225806451612903,0,1
-0.58969823281909794,0.79701995193435071,0.13044228773138306,-0.80726569356744171,-0.58650621086901444,-0.065822219661348463,0.024043589563718985,-0.14411683049052648,0.98926854037225653,-1.1870070973461486,13.254236277417482,-0.22859971079997993,0.3046578394537744,0.2815056519708654,0.8439306358381503,1,5
-0.96142909813368937,-0.26290587198007193,0.080836821685658145,0.25212746755445642,-0.95984145272279642,-0.12302896301102595,0.10993556915947351,-0.097902441815257549,0.98910529395013991,-12.554532479832647,-23.50028449982052,-0.81620723077688695,,0.1542604429384267,0.3181818181818182,0,1
-0.99657374777866869,-0.01447071436523846,0.081433185275644401,-0.0043893830208772472,-0.97393480832984347,-0.22678563102676136,0.082592363781851988,-0.22636604769547486,0.97053434452143694,13.666894117116271,5.6993498799614981,-2.1634394759843492,0.3815705798337846,0.318417769875931,0.4324324324324325,1,6
0.69227534679178637,0.6906479669858121,0.20918945939668149,-0.71395385403622269,0.69767804565719727,0.059289450282299788,-0.10499875490278564,-0.19039624551528822,0.97607608881815466,-8.9358767914512551,-1.576369229890251,0.039776432269806414,,0.1068241762176008,0.3804627249357326,0,5
0.19975868585529477,0.97018320317446127,0.13726259397048776,-0.97757293264663381,0.20686485517378603,-0.039472687400119763,-0.066690544922235528,-0.12629918436818913,0.98974789075092473,-12.322033115372276,6.4247411400751631,0.98541795090401407,,0.07565211512048489,0.4172185430463576,0,4
-0.79828154108253535,0.58515019881700492,0.14263879553372019,-0.59977822049176932,-0.793926960354563,-0.099729974661026996,0.054887770865807678,-0.16516424082283093,0.98473758238568243,-10.373737811036467,10.96741353899006,0.88704426273741965,,0.09554725166914614,0.4193548387096774,0,3
0.19537525826023908,0.92157307243220909,0.33545727094162597,-0.97836552899981633,0.20687850640469865,0.0014748737813938717,-0.068039695212831056,-0.32848798418757957,0.9420542681394346,12.109543988705125,4.3272518014460557,-2.212084856977103,,0.2579263177570716,0.5,0,4
-0.96276497776831282,-0.25164699716727051,0.098779483697158527,0.24702209737049238,-0.96734668222803255,-0.056749271300184645,0.10983478954076646,-0.030235495681643743,0.99348987604676775,-10.852464100514013,15.559954002419458,1.1922549079411104,,0.0751879986682531,0.2580645161290323,0,1
-0.18685955589217254,-0.98014781961686603,-0.066285428806683713,0.97765736776674739,-0.17892344137911748,-0.11032893263532791,0.096278645727790296,-0.08542045320272719,0.99168229214374171,-0.23262983652376534,-4.3923421539673271,-1.5064835298503505,0.764173358704488,0.6812363083663241,0.5809128630705395,1,3
-0.6933141595337996,-0.71976723971922119,-0.035363778317868216,0.71444508199543777,-0.6801119703427797,-0.16436524148674264,0.094253387220165269,-0.13922222675792881,0.98576542370590903,3.7482427304180255,13.135651796282769,-0.88776529295772189,,0.3730063148471486,0.125,0,3
0.29766190237118373,0.94323509805819339,0.1473259707855932,-0.9520283803937355,0.30475710582257559,-0.027659887482177514,-0.070988413150649035,-0.1320252106296253,0.98870116261515273,-11.359409506663974,12.178107266660765,1.0913207464412562,,0.3402520994544779,0.9459459459459459,1,4
0.97493007048743219,-0.20899148233609385,0.076380088834280574,0.20884705372071383,0.97789756275373974,0.00996317783002937,-0.076774122017433014,0.0062383548518565044,0.99702899512360954,-14.616097473576612,13.319199137664379,1.5813088748182285,,0.09430246208142785,0.2888888888888889,0,2
-0.80932253806187482,0.57648072500081649,0.11254778135360423,-0.58572162172571152,-0.8064256440632771,-0.081288759617375098,0.043900013987331656,-0.13171049426549947,0.99031567415256538,-4.945716937981218,11.654269220015287,0.16794199273289573,,0.07545406954102402,0.2941176470588235,0,4
-0.89597240027248604,0.41460395067973455,0.15917607241893056,-0.43837160998285596,-0.88306792767816644,-0.16739583826137205,0.071160308536423994,-0.21976032213970065,0.97295509213018461,-15.343537357825793,-15.006290505742463,0.21376156729130594,,0.7303432422904823,0.2758620689655172,0,1
-0.18131027189952631,-0.97971008194964704,0.085409253772274596,0.98127427280427848,-0.18597192389295858,-0.050152218854075357,0.065018357685774589,0.074716790949347814,0.9950829183108697,0.24646041899902923,-2.1792719769389239,-1.4235800051880827,0.2612331672905964,0.2116103054466812,0.7545691906005222,1,5
-0.058599573895233244,0.96814183899569983,0.24344911075073081,-0.99746509259487737,-0.046922752682315536,-0.05349433928377139,-0.04036680559556418,-0.24596673528495422,0.96843734239199553,-12.480644170619252,2.7972307726417984,0.81245973883781031,,0.1529152807818595,0.3235294117647059,0,1
-0.11837096773513946,-0.99202967801741659,0.043190646326592468,0.99130575229063478,-0.12057763724015816,-0.052668196030249359,0.057456239634582247,0.036580750815736793,0.99767761786902454,-13.007248343874782,18.599330741088963,1.6377767724671093,,0.1127013804839324,0.2916666666666667,0,2
0.19666009593290237,-0.97704210411201853,-0.081936154779317066,0.97915841174239748,0.19138578045684765,0.067972698585738997,-0.050730773518309749,-0.093595992602685057,0.99431694081261179,-3.5352860178116945,-7.222359045607182,-1.1106070302846898,0.725517570475502,0.587020333890383,0.2916666666666667,1,5
-0.61013112200237241,-0.78963767194280432,-0.064902704203093742,0.78610835180213379,-0.59310677907389053,-0.17394829071746545,0.098861889477487072,-0.15715182361443755,0.98261367339539796,7.1342749371110905,21.812714950824454,-0.63045934560590799,,0.3221095679557051,0.1304347826086956,0,1
-0.96297086499981566,-0.26703719519429175,0.037124783423902338,0.24113014983284714,-0.91465294123571572,-0.32444760429142011,0.12059587058889951,-0.3034816855621093,0.94517485288452585,-11.258661082826418,16.335282009613028,1.2617759574021843,,0.3469002193040337,0.1612903225806452,0,2
-0.43386567701135514,0.85213583183294495,0.29261766593603583,-0.90093716708087901,-0.41340310431420985,-0.13194731643976312,0.0085320152226132425,-0.32087754276320035,0.94708226003156204,-8.1755887249074792,-5.4861628371984859,-0.23031075698408787,,0.1327048684778396,0.1791044776119403,0,5
-0.33758658157559074,0.91495219821417872,0.22112841274506065,-0.94124540435168669,-0.32572320698873802,-0.089227132733278855,-0.0096119054790113206,-0.23825798499109024,0.97115433575773547,-0.30540904517551376,15.599525595150102,-0.23310023973017741,0.6087347718649478,0.4358208148112314,0.5882352941176471,1,4
-0.7118471475771897,-0.70176069580061451,0.028382464932698401,0.6945694888090258,-0.70939456358661368,-0.11971874694184885,0.10414827747873348,-0.065507854362626086,0.99240206434439526,6.2769613491243836,-5.2445797025829526,-2.61434428894347,0.3857527730066036,0.1802662155301989,0.3968253968253968,1,2
0.98985649483312921,-0.13031937473526417,0.056577205704068462,0.11787720009743638,0.97565050325825309,0.18496232370162838,-0.079303753592497833,-0.17641699481775219,0.98111567034963443,25.55422051240269,3.2263823215681997,-3.1724355036473848,0.1189417835768293,0.2905619511139496,0.4615384615384616,1,2
0.87678546637218779,0.45594654820407415,0.15283975640943134,-0.46607989857640159,0.88398276678117005,0.036660553418055214,-0.11839245795875587,-0.10337897859186172,0.98757076338042038,3.4320851654615492,8.7481478032694824,-1.0944843047222914,0.1159147189091029,0.2201498229045247,0.6179775280898876,1,5
-0.088171265450173106,0.98193028053220588,0.16744775938440959,-0.99554235523964285,-0.081216499993664745,-0.04795100679531434,-0.033485024605341633,-0.17092923770590873,0.98471414574203053,-20.084892634949927,-10.141873593406713,1.3417245606351942,0.1691998319090978,0.1331449207130118,0.6379310344827587,1,4
0.98318572647990188,0.14965510751559641,0.10463831057831209,-0.14733723363372941,0.98864375219816103,-0.029584976334307019,-0.10787755480797602,0.013670407237420851,0.99407019527527096,-10.982047745650663,-3.3521554192936587,0.31942305953395717,0.1461269507451437,0.1179279903671859,0.5384615384615384,1,5
-0.73481247796644866,0.65620755779179751,0.17158748008445557,-0.67703936141641596,-0.72485454965172746,-0.12729330281693535,0.040845138237739859,-0.20970818521487744,0.97691051367882376,-29.396921036118382,-10.644777859125481,2.3804066802411192,,0.198364500793009,0.4482758620689655,1,3
-0.98016058953851626,0.15975311763630587,0.11732075741739094,-0.17532022668530317,-0.97490234428740707,-0.1372160239109598,0.092455593830354815,-0.1550624406760058,0.98356880931690682,1.0813357983983087,-7.6594377955513133,-1.9572259565192998,,0.1147537808876957,0.3461538461538461,0,5
-0.91616499810072449,-0.40018097065383507,0.022290961882636351,0.38498402509759788,-0.89411719238202458,-0.22878318711508608,0.1114854101429907,-0.20102148395989616,0.97322215671028012,-3.1809216434723324,9.5545141572927221,-0.19959847924109766,,0.1071267606493068,0.2666666666666667,0,1
0.13096114908656117,0.97630264895759178,0.17228556256493438,-0.98986659067601113,0.13839301534351536,-0.031804181605237826,-0.054893625252637183,-0.16637461027007064,0.98453348290655118,-9.7742687914437205,-9.1268069879780072,-0.19014580508785892,0.4342670543779354,0.2376519497179598,0.9117647058823529,1,10
-0.016999237336381593,0.98146015580212342,0.19091094390540625,-0.99929619931996272,-0.010291534040483797,-0.036072016186669609,-0.033438480148762093,-0.19138977741761795,0.98094435170674976,2.1042328331935667,-4.8560647994965533,-2.0006359516733196,0.3875479455718814,0.2796188561809111,0.4476744186046512,1,6
0.82367470563387868,0.53299027335718763,0.19360100156139298,-0.55629176147664539,0.8257047879826428,0.093547203142319096,-0.10999752457285228,-0.1847511071933523,0.97661024619787584,-20.062962829559247,-17.765345951948454,0.65739494398575316,,0.302749315648456,0.1666666666666667,0,1
0.98330735156793159,-0.15460229938663625,0.095941551878346423,0.15591859408520303,0.98774961043886755,-0.0063323847292329882,-0.093787229252996832,0.021185752340435654,0.99536682661560261,-9.2362328062117758,-5.3302982156446488,-0.065603818219059709,0.5130341405706782,0.4797425957579987,0.9886039886039886,1,5
-0.72827325078267202,0.66354693384326324,0.17124117139765987,-0.68519419233459855,-0.70918341723880252,-0.16603553687217437,0.01126902770321654,-0.23825269631359475,0.97113781808450095,-10.761701475211812,17.991303664986461,1.3348657022199892,0.5462693697641493,0.4480160062226139,0.7155963302752294,1,4
0.91535422642776498,0.3832858262683736,0.12336375295279298,-0.38664638193985479,0.92222102164387043,0.0036003570593804001,-0.11238868045158101,-0.050993750792672363,0.99235498783774267,27.474225091035841,-1.6635984320479771,-3.8182055897498453,0.3917006738163303,0.3707551997195228,1,1,5
-0.9817165621235342,-0.16713182597934148,0.091101835311697285,0.15790375571708487,-0.98232158978008521,-0.10055196757082666,0.10629673364119778,-0.08432820996995273,0.99075211704062238,-5.6792288983322292,-6.7508130360362752,-0.71552314490270696,,0.1012664025605899,0.3285714285714286,0,5
-0.81907926850591373,0.5480873601149534,0.16943847728907691,-0.56981147402935362,-0.81150488956107958,-0.12951717369892513,0.066513426977675996,-0.20263282039364677,0.97699329789461886,17.421506295054858,18.734838133576606,-1.4037139298239552,0.2952063480347654,0.1892862150887709,0.4090909090909091,1,4
-0.025832223788517485,-0.99765891003012741,0.063319787204614925,0.99846277135400807,-0.028856504897448759,-0.047322260567061507,0.049038662647071657,0.062000010988718997,0.99687070786696541,-28.566336352881191,-5.5889469241246896,2.523891696607047,,0.1835209926017677,0.2,0,1
-0.94693698188656128,0.2897395989543764,0.13914495008201999,-0.3082351964087211,-0.94130724182053693,-0.13759266038234275,0.091112106936716772,-0.17318094957001137,0.9806665807885887,-6.418815103839469,15.141071276375559,0.60746753649145946,0.4344666564889859,0.359687112088687,0.8820754716981132,1,4
-0.84785840985398331,0.51195797943135801,0.13796790980672372,-0.52673800950634786,-0.84305504087000771,-0.10865204740344443,0.060689259191109443,-0.16479449432620893,0.98445903340799468,-3.7202851333523035,6.7466309947026968,-0.32218243003043168,0.5062557756116771,0.4013698302415022,0.9082483781278962,1,5
0.094688717462726071,-0.9938980924039621,0.056574099206515883,0.9948183883270848,0.092357030360283018,-0.042503566783630584,0.037019198148593009,0.060305562420016036,0.99749326720015508,-1.4123143701812382,4.0454729259322946,-0.79209340733700229,0.09459179810301242,0.08587866953641492,0.4418604651162791,1,5
0.92980414132440259,-0.36125156621644999,0.070438375067513215,0.35963481701196937,0.93244145721042004,0.034867280766859243,-0.078275520878222746,-0.0070876499257208191,0.99690656936834998,-25.480267518595316,-9.85178765022075,1.9118690171803177,,0.08013358458966119,0.5,0,1
-0.7007709645402499,0.69389450098982475,0.16562148638812219,-0.71169748933747989,-0.69597564418232727,-0.095417956254169836,0.049058525538951771,-0.18473852928146206,0.98156249768971238,15.4033151635054,-5.9743684971846891,-3.4387299850929152,,0.1250567836741611,0.3157894736842105,0,5
0.12244311029696363,0.95240843096969086,0.27915204702573471,-0.99074252342847857,0.13390929156632139,-0.022305916317797027,-0.058625395618078863,-0.27383659771852686,0.9599878023905124,0.59121913810966531,-18.641225001320183,-2.3791132200112348,,0.09460436474774847,0.5,0,5
-0.87146807582750663,-0.48660718958879295,0.061293032670927422,0.46931408390056828,-0.86366466402855779,-0.18392291526889323,0.14243483936900181,-0.13151726559252408,0.98102779032247178,4.1158780928999379,24.983268708993766,-0.39979383713269873,,0.2449148920987704,0.2,0,4
-0.9802381286930536,-0.18132163917582772,0.079092820299514019,0.16583790468195234,-0.97118771419195726,-0.17114968061115499,0.10784711598851428,-0.15465085505483486,0.98206522828362464,-17.197654484991286,-24.621849336022876,-0.29408091500236411,,0.2217349401698853,0.4,0,1
0.95799430646632644,-0.28061522444597498,0.059177737260202118,0.27435487706078932,0.95683832171563921,0.095863588131042315,-0.083524309102569735,-0.075601070796213074,0.99363381981663867,16.511234785682486,-5.796530140131618,-3.4883295276770863,,0.2150015604301847,0.25,0,3
-0.7821057197153013,-0.61585131979885144,0.095067318730593597,0.61364208986357938,-0.78770486448718635,-0.054446597791624737,0.10841599852637165,0.015754312591700237,0.9939807708896049,-16.698689501536798,15.842208075506228,1.9998974768252462,,0.09247312735869662,0.28,0,1
-0.27596716387356246,-0.95854099503753154,0.071002009098613553,0.95846785584687655,-0.27997253692572416,-0.05435759262203612,0.07198259353393352,0.053052232750670773,0.99599395923283351,-2.1990861747565003,5.2725518848503645,-0.60816733035589154,,0.07341965653732456,0.367741935483871,0,5
0.16432814091088865,-0.9859871298361873,-0.028733985142501608,0.98598228331484561,0.16504134538803231,-0.024500842878407137,0.02889981131452625,-0.024305022318580175,0.99928677905598184,3.8370521936986086,38.775639962701746,0.72074351438488293,,0.1620654117930136,0.3333333333333333,0,2
-0.5230094547959625,-0.84931375049125901,0.071604911985852907,0.8472594917594366,-0.52720936210693825,-0.064820075056551088,0.092803361025189254,0.026766429221452753,0.99532461762440161,-13.200855477772087,20.925830143029678,1.7843839553889729,,0.1019847178815309,0.25,0,1
-0.99231768344746674,0.032354731856599137,0.11941016055571153,-0.052753579287938689,-0.98370961191788953,-0.17185010704874784,0.11190475856622176,-0.17682921349947384,0.97785927119570359,-6.5876227277125388,18.110076268880221,0.81741868819117114,,0.1255741070632991,0.4705882352941176,0,3
-0.024999667193316751,0.92050549237300028,0.38992903861005968,-0.99872493794589656,-0.0058852000777745083,-0.050138435805389986,-0.043857895129498073,-0.39068529909786293,0.91947891879239119,-12.674571348000354,19.982589150850671,1.6794363161414327,,0.5214882515611013,0.4166666666666667,0,1
-0.90953850607796616,-0.40713879196734831,0.083532688432906205,0.40037606994399549,-0.91223345651526444,-0.086770521667288367,0.11152895847115908,-0.045476641142248045,0.9927200846828661,3.7649853885391384,18.200698616899533,-0.5079991017991764,0.2137809657654137,0.2079485635446699,0.6190476190476191,1,5
0.73249610800997922,-0.67786681823619588,0.062817421823660249,0.67953364959278439,0.73360646791596673,-0.0074544820727614879,-0.041030120903381075,0.048146931015369168,0.99799719549328281,6.0109552485936719,-4.0090653458414822,-2.5302812020073024,0.4536027474466624,0.3695291956891192,0.6681034482758621,1,5
0.039848024729519427,-0.99224771680107793,-0.11771407489423076,0.99828598617081143,0.044587702102632007,-0.037908134169048237,0.042862859682097909,-0.11600174707415374,0.99232372234851762,0.7448432333529893,-5.6324848700326591,-1.802733056806298,,0.08948760866015446,0.2083333333333333,0,5
0.40943241242421508,0.8887764375264966,0.20601345527463957,-0.90694233707789595,0.42102507996363003,-0.013909682142386651,-0.099099429222225241,-0.18114724988066283,0.97845029357065494,-19.901458277509551,-5.847859218970183,1.4802341838681214,,0.1677213849888174,0.3829787234042553,0,5
0.60974687533461325,-0.7862741031266518,-0.099908872339019517,0.79258116512350629,0.60409518215421265,0.082970522413282011,-0.0048831046619910983,-0.12977690723101504,0.99153119448578697,5.5478394013742429,17.207486950533212,-0.71990471002625345,0.5356665447371205,0.3181730131675112,0.4886363636363636,1,3
0.20019488843563113,-0.96318550098600297,-0.17943159514028634,0.97943545938633192,0.20142956729733011,0.011502622096523118,0.025063669741885338,-0.17804443296197939,0.98370320338520645,-25.518649329752094,-16.137644728564432,1.5001405550837756,,0.5785348279329785,0.1052631578947368,0,1
0.4402180671065582,0.88823546896116568,0.13132328457780404,-0.89409439466986884,0.44707835921582195,-0.026761056421751212,-0.082481918096547535,-0.10563471209893781,0.99097832508430161,-16.103361037408188,9.6129921324564958,1.6501883562231816,,0.09564523874156836,0.3243243243243243,0,4
0.44222846806246668,-0.89481827588143925,0.061108388816051754,0.89690195537327677,0.4412712401922565,-0.029095962379369445,-0.00092977562759116988,0.06767529628865894,0.99770696589205266,-8.2196388322995659,9.8929378625368862,0.52404050428473448,,0.0745993880779455,0.2328767123287671,0,2
0.88775020802148752,0.44073436648811093,0.1328637887241215,-0.4452557952684506,0.89539018612011578,0.004867379134894597,-0.11681971125483973,-0.063479388750260254,0.99112235484133226,-9.4502359323841869,-13.170858167686786,-0.47126056961696383,0.1776095880828177,0.1441625103449112,0.620253164556962,1,5
0.85977194882298824,-0.50878281061670994,0.043957338842131995,0.50661513622521182,0.86060225092893206,0.052008359362370929,-0.064290744004335501,-0.022445875278467489,0.99767874735224882,-15.288295912849605,11.670522027924921,1.6273486703852558,,0.07721909779574512,0.4117647058823529,0,1
-0.99273238202479286,-0.017173875352834073,0.11911119042619697,0.0020426697417773323,-0.99202695177292843,-0.12600934273472564,0.12032557990596372,-0.12485025014583206,0.984852359421866,-6.1251347980090509,-14.431850415360717,-1.0977431303598877,,0.1120798301868522,0.3888888888888889,0,5
-0.032578038034931235,-0.99719604411658025,-0.067370030696421848,0.99807052344473213,-0.028893671317679118,-0.054958038434269635,0.052857370995456308,-0.069030466868102353,0.99621327685160821,2.0414748975771091,4.8686579032458246,-1.2898122688306652,0.4997644514321321,0.4198550536119504,0.4444444444444444,1,5
-0.81124280521535874,0.55864997181311604,0.17261320916871076,-0.58248981232399644,-0.79784318984387925,-0.15540869653433054,0.050899209473936058,-0.22661962274469766,0.97265246468714595,11.176630321816539,11.820284474941621,-1.5209201309928617,0.4843265480914842,0.3396842831932192,0.8387096774193549,1,6
0.84476885222032894,-0.52800739778499084,0.087027433621070835,0.53159241584947836,0.8466828621501753,-0.023186943578271002,-0.061441758842522357,0.065850731396918674,0.99593603782814666,-7.0239832588677409,-5.7708800740570947,-0.47640182902650713,,0.08130870912960524,0.4666666666666667,0,5
-0.80994863378376458,0.5422816774912721,0.22341394962952499,-0.57810391086952428,-0.80238860276428225,-0.14821740245781687,0.098889225243060458,-0.2492049606473227,0.96338871112318525,-24.317160503201038,-6.4057817182307097,2.0059578198402273,,0.3461736073432296,0.8827160493827161,0,5
0.99432907977447171,-0.079336619310982709,0.0708193614144835,0.061259871759039283,0.97164110295396877,0.22838737960417108,-0.086930485026353532,-0.22275382799561019,0.97099115489605958,4.9107221698184409,-25.614269733199823,-3.4085134148382594,,0.6209940719523117,0.2972972972972973,0,4
0.69686082368299318,0.70569317570557077,0.12799271142704194,-0.70995570449493328,0.70405411423109054,-0.016453020676358385,-0.10172457948285041,-0.079403690070801863,0.99163862567579319,4.0160064880451491,3.5479177208469492,-1.5930364442059055,0.5808620779629083,0.3301837662295872,0.8340909090909091,1,5
0.49700081071240909,0.85241117849379588,0.16243576247251432,-0.86245848272673686,0.50587953531593388,-0.015851224597184879,-0.095684689077741122,-0.13221602976701988,0.98659179083790427,3.0685052216411455,21.027644971907801,-0.27663547723111309,0.252430713604828,0.1579012621383045,0.4736842105263158,1,5
-0.25133200034094028,0.95246172447986943,0.1721885275082293,-0.96772093167431561,-0.2438461408459397,-0.063680907609220724,-0.018666119147095015,-0.18263549215684441,0.98300348575201435,-13.513772881560076,9.4619362444867878,1.2807280274604562,,0.09364028475998303,0.3272727272727273,1,3
