axis_00,axis_01,axis_02,axis_10,axis_11,axis_12,axis_20,axis_21,axis_22,location_x,location_y,location_z,dbh,dbh_approximation,score,reconstructed,number_clusters
0.88899613559440771,-0.39658046556015925,-0.22893187902582188,0.42761099935615798,0.89781878857490882,0.10521528459072714,0.16381301574610604,-0.19142977098133729,0.96773960271045834,7.9060413926436475,4.2642270390040462,1.0859613508670556,,0.1286950891134546,0.1304347826086956,0,5
-0.81165795885731129,-0.54873301698016053,-0.20025841779918721,0.56733827608510379,-0.82216413756733786,-0.046619860434560859,-0.13906343269301782,-0.15145364628824978,0.97863330962808959,-15.968666166243384,12.463077495120928,-3.8340033848799364,0.4695270887011312,0.4676887381182315,0.875,1,5
0.94313345994014286,-0.24325452311992596,-0.2265535559708364,0.27913616796437291,0.94963536842196938,0.14239265000776766,0.18050561341825061,-0.19753456412427323,0.96353402612504191,-13.618431079589817,-5.8476983601749977,-3.7583525509898372,,0.1078015740798264,0.375,0,2
-0.11360849453144514,-0.92328875578508962,-0.36692094981224743,0.99351403501430025,-0.10735738761018038,-0.037473371280464546,-0.0047929322866761487,-0.36879840667543662,0.92949704842659775,17.220471045397712,-2.8968571303973052,2.8665486739400805,0.3185959277220776,0.298615564110308,0.1875,1,5
-0.46573958461479692,0.88014617027308761,-0.091811536728525614,-0.87851908010568958,-0.47233258914840909,-0.071457337752066918,-0.10625848301707101,0.047377675987507202,0.99320918773687028,-17.599497890678034,-12.042022001598015,-4.5553653866809407,0.4300948209408739,0.3855091419512305,0.6666666666666666,1,5
-0.68645645794733667,0.70865105715672705,-0.16306811623689357,-0.7129563995573216,-0.70001938777253725,-0.040817019401504874,-0.14307586684223425,0.088241350472525723,0.98577013567774929,5.1316795245335163,12.461666157455527,0.85729300879222792,0.1801876904511465,0.168632925491197,0.4,1,5
-0.41104419159291877,-0.84953687165605729,-0.33065053493766355,0.90851459534505874,-0.41164092287171611,-0.071784264726509645,-0.075125911659877226,-0.32990734201311894,0.94101925755167781,8.8625790129148907,7.0709193077830497,1.4585141166435487,0.7784439835696592,0.7569925796602593,0.6296296296296297,1,4
-0.10446539627411175,-0.9024745580270539,-0.41788354011035783,0.9942952044065082,-0.085672723875541576,-0.063539207407426385,0.021541296978397982,-0.42213724841290357,0.90627596019472445,13.105610548577477,10.153014934429541,2.5040895804162315,,0.5195046889477564,0.5161290322580645,0,5
0.9538085037280829,-0.17524327904477574,-0.24400641664847592,0.23106172757276555,0.94702302729179,0.22306470771993919,0.19198910455305496,-0.26914155927453431,0.94377063145882434,14.756899997248279,-7.9798251194689698,2.1184539842120866,,0.4323635710198093,0.3333333333333333,0,2
0.96613695818755652,0.20451713795892659,-0.15732805949729342,-0.1955773393330536,0.97814988654697932,0.070514564364634269,0.16831186043620958,-0.037356923444255404,0.98502567373002059,14.081583733029198,-14.565450743924398,1.7419967335015776,,0.2898866594402302,0.2,0,5
-0.22274866984198322,-0.95350706344013636,-0.2029958375272638,0.97449632805045927,-0.22359141955089593,-0.019073115093950758,-0.027201777511755228,-0.2020672092967668,0.97899382338563201,-30.865331697963434,13.373837740283477,-6.7914587597987612,,0.1329967325338375,0.3478260869565217,0,1
-0.93355770169549512,0.31582479869864516,-0.16948366921915023,-0.2647591366462283,-0.92636196631823708,-0.26787330386090086,-0.24160425734529162,-0.20520283595986441,0.94842984924909457,-9.7722127219775583,9.9191068191175749,-2.6552777808828676,,0.298172926779129,0.131578947368421,0,2
0.8967699112521933,-0.39424442049283143,-0.20093547019629043,0.4045269844240324,0.91445764065998048,0.011186702435489214,0.1793366809816985,-0.091315717972608776,0.97954060380650643,-0.20626182450090516,16.059613467726514,-0.074810395625625081,,0.08448079301630977,0.2941176470588235,0,5
-0.81138417622000591,-0.54440646400767889,-0.21278468113667956,0.56409144323970994,-0.82469323357077495,-0.041011146854487979,-0.15315535329698318,-0.15330581348805747,0.97623806794615497,-11.081265953414531,7.8893985864643232,-3.0276198371122471,,0.07295509738093577,0.2826086956521739,0,5
0.5364355550779768,-0.81166132551897918,-0.23117696231449356,0.83621831155822324,0.54816945097846959,0.015785703300071022,0.11391150364602133,-0.20178242160985466,0.97278364689501529,-11.357806298358254,7.0151647375765638,-3.144037787002933,,0.09476163651644565,0.2,0,1
-0.50723823788328815,0.84696374231795268,-0.15925385153215493,-0.85454259485001249,-0.51824203192907969,-0.034382407260490487,-0.11165269193380092,0.11864912785514958,0.98663876917702176,6.0528137613255621,-11.723372824337442,0.069401481958527342,0.1587516659739011,0.09031924035857984,0.375,1,5
-0.27604396440145285,0.95745693966662737,0.08411859724071187,-0.96101103753722394,-0.27348518834952157,-0.040787712427329439,-0.016047287906599761,-0.092098102247778701,0.99562062258332107,-0.85258709155217249,7.6677233795650075,-0.6880045322727032,,0.5124806817573139,0.3103448275862069,0,2
-0.031807772479617677,-0.96923868315373507,-0.2440586828783162,0.99945217860836888,-0.028609766840473918,-0.016638026214627431,0.009143756606001037,-0.244454200863367,0.96961772642386401,8.0269877796367499,-1.0254729092185564,0.84535315241403219,,0.07778021413252058,0.282051282051282,0,5
0.36890835803692956,-0.89934118006150598,-0.23471698961957174,0.9256922410689391,0.37823484895350928,0.0056810088787971284,0.08366897988658388,-0.21937146779536665,0.97204714953650517,-25.084655360317374,-20.443783598040479,-6.0385261553741083,,0.1483375422666227,0.1333333333333333,0,1
-0.050394347108097898,-0.94624162504341713,-0.31951087119962052,0.99870111965361463,-0.045337131632557731,-0.023251195624045443,0.0075155427058887867,-0.32026759363151946,0.94729730554209368,-32.667065257460457,10.264125079676974,-7.2255274181155569,,0.4452325503544656,0.4545454545454545,0,3
0.53247428689764387,-0.81011713186798762,-0.24531890764234199,0.838867479418962,0.5437541940481343,0.025154093669651805,0.11301542269143333,-0.21918396179704894,0.9691160431676008,11.261218973164894,5.3324849631483264,1.9141098499950544,,0.1465661008514392,0.3181818181818182,1,5
0.53731718008635176,-0.74903865423254323,-0.38759688137232451,0.83578713297996232,0.53444626278573137,0.12580564589675619,0.11291641301948113,-0.39154602112633685,0.91320402813990498,-14.32459687750606,1.6177791782264805,-3.8432929080617644,,0.5979686207424317,0.21,0,2
0.097637625654768356,-0.95998871885535253,-0.26246629064883503,0.99518942947147793,0.096312614874634744,0.017941005664263935,0.0080556517262218488,-0.26295539524122669,0.9647743604536746,-5.6548876198661651,6.5164710957150103,-1.7877512764625514,0.1531486658554676,0.1754619522237645,0.4527777777777778,1,4
-0.8053242668787598,0.57195524160878641,-0.15594879535418441,-0.57004269442951327,-0.81932946989845878,-0.061241703792839282,-0.16280095731821437,0.039578041287361601,0.98586481169789597,-3.3263170191037319,15.985623329881735,-0.70286631069423366,,0.1284802083669249,0.3809523809523809,0,4
-0.58222638780484059,0.81288241653117332,-0.015316991811946228,-0.80793342546930935,-0.58058175786601063,-0.10083849682854652,-0.090862607012758972,-0.046335724097643416,0.99478489499951306,1.5698059137275866,-8.8426721678516902,-0.74883415082029581,,0.1660785122707755,0.1428571428571428,0,3
-0.30386309424426478,-0.86963423901101811,-0.38910603991203679,0.95111257306428076,-0.30058121615311956,-0.070963412086469654,-0.055245753821842006,-0.39164680879031577,0.91845559710255875,-0.43259099810801016,-19.66134254809409,-1.4126179447059284,0.6827629225139924,0.576515744643759,0.32,1,5
0.80954372452529344,-0.54849823627417904,-0.20925736041016904,0.56436411385559604,0.82528049500688028,0.02013086071650573,0.16165427638545288,-0.13439415673798608,0.97765336677218173,-5.3913574153461088,0.45673764485841634,-2.0557541616811199,0.5360754365488252,0.4292276884480919,0.7559055118110236,1,5
0.85545648923203965,0.49797762969210901,-0.14217058541422428,-0.49396687485925217,0.86706351290914618,0.064788819432337857,0.15553430995307274,0.014803543760898452,0.98771956218328616,5.8151793300412251,2.815086198419567,0.51568111109880177,,0.09690114928982056,0.1111111111111111,0,5
0.44048512608227547,0.88798657857300511,-0.13210862944747712,-0.89507430280177813,0.4457602102174118,0.011824865785305699,0.069389092544820161,0.11303836190045267,0.99116471011364682,-19.561240131619925,-4.6540222004449632,-4.912594747208086,0.3491217337985766,0.3205922778373463,0.8095238095238095,1,5
-0.98560446342389996,0.039288958858871348,-0.16443910541800116,-0.0049708138970250577,-0.97893723796754561,-0.20410089448523924,-0.16899447531824152,-0.20034535640303605,0.96504020925537271,5.682273385682568,16.381794960683649,1.1351467860898354,,0.2251611090497279,0.5185185185185185,0,6
0.18219750945748678,-0.94875292511877274,-0.25820912963344139,0.98263422778482568,0.18507284214730296,0.013342319334983135,0.035128932992708424,-0.25615606605756935,0.965996908840138,-12.391361619135253,-14.560622264111839,-3.6405254403815346,0.2900743048984642,0.3432278716375093,0.6,1,5
0.44220853318915121,-0.83501886623878541,-0.32740663737925441,0.89199004870288179,0.44762462912249756,0.063134336283635184,0.093836912724833688,-0.31996200466342511,0.9427719498277578,16.342236523568136,-1.9939094326829849,2.6699721980136952,,0.1488288118220521,0.3529411764705883,0,5
-0.97149267751766366,-0.15649052280647646,-0.17808058232529117,0.17221690145018129,-0.98208525246078571,-0.076484611222989232,-0.16292119685436174,-0.10497272584242502,0.98103894440779071,3.7364905267882298,12.881259686734824,0.56767288410219829,0.08307308464965787,0.1337031475135625,0.2777777777777778,1,5
0.77401235287907255,-0.59138843952649356,-0.22619591328098776,0.61899069103482074,0.78192732829635325,0.073757560124788915,0.13324939775787598,-0.19710242732585859,0.97128535000761629,-18.258016830020928,5.6961302177430717,-4.683062599305071,,0.141580673345065,0.1818181818181818,0,3
0.86193248409346324,0.48656771786219266,-0.14256313969203188,-0.48617104502763309,0.87294798401364282,0.03999415186319679,0.14391006858872418,0.0348378119418392,0.98897736021503246,-25.987169589996459,3.3030303765296218,-6.1204234592073199,,0.1483414233014227,0.1875,0,2
-0.92310750550021181,0.37180419962202654,-0.098153810076835074,-0.34991102923553524,-0.91801130743943959,-0.18659450965303837,-0.15948292983421036,-0.13790169163847693,0.97752151819524757,3.812785941584345,-5.4461103344359625,-0.2885230232875215,,0.4513958639893146,0.3705882352941177,0,4
0.66509597195737102,0.7414475249271989,-0.088898345684334176,-0.73760005190020639,0.67085453931928318,0.076813739080493174,0.11659121546194567,0.014482915937186841,0.99307438473815435,-17.818006212587164,-4.7086347484128073,-4.5476583618911404,0.3109333872589604,0.2741227303145795,0.3214285714285715,1,5
-0.41787774668968058,0.90755260638721114,-0.041550637315639058,-0.90476624187186594,-0.41986737537187735,-0.071480309648128224,-0.082317898361269848,0.007723583243011237,0.9965761937108838,-14.286441384945954,10.318916158829067,-3.62003594469902,,0.2029920484174018,0.2413793103448276,0,4
0.97397048440935574,-0.12744273845544057,-0.18745624533309516,0.1361329726933625,0.99010056794248824,0.034185948950247881,0.18124378401774663,-0.058815081186197014,0.98167788860704608,2.2126927068654911,-7.8233454289871798,-0.61804703118855631,,0.1184065594786936,0.3703703703703703,0,5
-0.61212743980456208,0.79056021596205539,-0.017735342577464664,-0.77806621119757302,-0.60615272242103702,-0.16489950907816103,-0.14111331769526794,-0.087140243513505009,0.9861509060632867,-8.9204717382854675,13.164230237284858,-2.1995448368630117,0.5921570138934045,0.5469892449516283,0.2169811320754717,1,3
0.96828669255766298,-0.15260262636083288,-0.19782143322581724,0.1690246664163447,0.983202322973589,0.068875643315909341,0.18398788861928872,-0.10012807062514024,0.97781533344200633,7.0581814573502912,-6.6711025070002954,0.40975239879577785,,0.1059540927547684,0.2758620689655172,1,5
-0.55405227964876369,-0.77764610595929295,-0.29714071633210209,0.82412157578060452,-0.562817424179203,-0.06371950543733941,-0.117684747307798,-0.28018401261783954,0.95270521113535689,2.704684441751724,-23.295038001896309,-0.88142569285450056,0.9333050924534863,0.8195546418936427,0.8636363636363636,1,5
-0.72869014998661863,0.67199739741114584,-0.13202334333414723,-0.66858680579217833,-0.73980288664097549,-0.075388142557646379,-0.14833188609699355,0.033334468502237653,0.98837566986272096,3.1602896944926884,6.1174799698445312,0.091192369232011447,,0.07332457029217396,0.2535211267605634,0,5
-0.36512080354659399,0.9258770985510768,-0.097151413762884678,-0.92716449686811553,-0.37106057756662464,-0.051769136782595856,-0.083980917861033885,0.071173352840516207,0.99392231048541013,15.501185921008554,6.776538668626606,2.8823398266100595,,0.4068794436639322,0.5,0,4
0.5596878999230438,-0.75045644288820978,-0.35151754153570897,0.82160883696277121,0.55788806684283487,0.11713165199487317,0.1082052388030104,-0.35436708679269369,0.92882484575599289,-1.3745374988943544,-6.2380420277070137,-1.3456503360591221,,0.3449066579771967,0.6015625,0,4
-0.42330528501002268,-0.85270923908343654,-0.30610388639207387,0.90598327679028723,-0.39742824387974313,-0.14575696601877566,0.0026339815714141778,-0.33902469607450675,0.94077378662071121,-1.4616447695441048,20.666490021937641,-0.18628553427383002,,0.263112194287305,0.25,0,2
0.099680502734665846,-0.94698384986714756,-0.30542656312992733,0.99364023829002457,0.11089328892999326,-0.01953855985562564,0.052372456745001954,-0.30153650949940419,0.95201515702924011,1.4875973709780053,-12.614038263223826,-0.88827336875823915,,0.1205093831402848,0.2,0,3
0.74427530315006807,0.66752979323022199,-0.021406734241641634,-0.65429525142454037,0.73519985170111213,0.17714091007432853,0.13398506291438989,-0.11783527998303657,0.98395266639566947,-20.052153926709224,-16.918406552034963,-5.0849144103741377,,0.3499274089435631,0.2666666666666667,0,4
-0.48607441894966191,-0.80780810731226793,-0.33343323320167023,0.87167144063989654,-0.47548603021368652,-0.11875156691343326,-0.062614365887669943,-0.34836632562892772,0.93526485251627223,2.4321496513370509,15.294351223714527,0.42630618695675093,,0.4234871607928612,0.2,0,4
0.81133224188330288,-0.52415623876455164,-0.25884402763983605,0.55915131064294277,0.82499899126229859,0.082015097527647352,0.17055733665513576,-0.21127447025229631,0.96243092901917837,-12.662990174597256,-6.1737000701496569,-3.6130786863629512,0.1467452000607762,0.1707338505613691,0.5217391304347826,1,5
0.49679460311804285,-0.8021273491846026,-0.33134096939990498,0.86309042979974171,0.49664043113370598,0.091777950246362372,0.090939717950317911,-0.33157201005725606,0.93903672443930941,9.6284673457025107,-9.4289453148303295,0.87451591296226872,0.5524950077964497,0.408119842373542,0.7536231884057971,1,5
-0.49978400526472166,-0.84035311338872742,-0.20981561643363186,0.86233846128149649,-0.50546552854965909,-0.029613808310898517,-0.081168505445237751,-0.19573258355696935,0.97729239711454852,-12.582911608701055,14.50650925897436,-3.0142694921817319,,0.0709436308379662,0.25,0,1
0.0043939988557681756,-0.95799620503832394,-0.28674721255179697,0.99975011300421157,0.01049354697113355,-0.019738212179204288,0.021918127705672856,-0.28658882847057138,0.95780292287805424,-22.377768301165105,-11.172659691713697,-5.4673378401071346,,0.2355371144366024,0.6363636363636364,0,2
0.79764059050445379,0.58113019266671218,-0.1614223886295082,-0.58623229884335504,0.8099202611907097,0.018996376117761598,0.14177863087412371,0.079478737307046063,0.986702564171968,-2.8188963089210839,2.9217104972798214,-1.4206551865332098,0.1782156699401811,0.1664135436615563,0.752278376139188,1,5
0.79151938022977986,0.60908521024279727,-0.050122623476326414,-0.59917123458661636,0.78955309504034221,0.13266401831756433,0.12037816398588339,-0.074974107368480133,0.98989291383446343,-18.393384447918244,2.453776323653762,-4.662078230031713,,0.2293900861363179,0.2432432432432433,0,4
0.98108620042615691,0.0020844132419378086,-0.1935601264589486,0.048407012746399365,0.96552888448432972,0.25575522349194857,0.18742099255509578,-0.26028758796355134,0.94716616446206514,1.1486382084842612,-6.472823484394798,-0.84932557597802849,,0.1461852772606587,0.2727272727272727,0,3
0.73232951194308438,0.67675194088438062,-0.075500307591620242,-0.66883107246154216,0.73568601822680413,0.10691622465994367,0.12790028321762528,-0.027800954926333953,0.9913973090835162,-15.067818060446761,-9.3219633311137038,-4.0469276656041275,0.3177188949565288,0.3291525051347667,0.3409090909090909,1,5
0.98401357906284193,0.082823262622561747,-0.15766287891729774,-0.044282161782946881,0.97126439882171767,0.23384729574941943,0.17250033729754047,-0.22312726133317209,0.95940495041572171,-6.1846178713893529,-3.9111734555302697,-2.3142089829166057,0.619642113725051,0.4650720106041454,0.2321899736147757,1,4
0.71278884117402941,-0.67108282370918548,-0.20391152890479103,0.68670998686889007,0.72688484154358191,0.0082353548004752124,0.14269359422311875,-0.14589815234151216,0.97895468092809079,-2.6495935319009352,-3.6152416158931855,-1.5493455793385029,,0.1018626401123487,0.5631578947368421,0,5
-0.75580037054730331,-0.59536142608704357,-0.27259965555400062,0.64156885085611204,-0.75657638672077898,-0.12641827663632074,-0.13097789695870848,-0.27043842808323498,0.95378605940962569,-4.9716734307062893,-24.233402911859596,-2.4022148739917095,0.3355102896681671,0.2928263159975572,0.9117647058823529,1,5
0.3373940670059874,-0.85018134155379776,-0.40417438071078043,0.92845409306830196,0.37139571076125238,-0.0061824827423835526,0.15536486286762233,-0.3731714250876233,0.91466105573824241,-9.7446005700154164,-21.879434986731052,-3.2343418184737507,,0.1901272274911284,0.1363636363636364,0,2
0.87903384591854861,0.46914588431137344,-0.084862459093189874,-0.44947137493300604,0.87484276976195918,0.18062561089462362,0.15898107071433756,-0.12063277924727632,0.9798840501434849,-8.4659929935642104,-3.1542379694358451,-2.7525147125451048,,0.1764953975722218,0.3488372093023256,0,5
0.81980257814125823,-0.48991543104300334,-0.29649047758552904,0.54892973521604183,0.81977851863509288,0.16321558191575811,0.16309469233728294,-0.2965569942024664,0.94098569092255935,-8.940092483679976,-19.890019493991772,-3.0255243357793193,,0.1299443673533039,0.3333333333333333,0,2
0.035978902543892279,-0.94901960821837583,-0.31315699223995752,0.99927230871825823,0.038134956877665986,-0.0007603241542834037,0.012663790926027393,-0.31290175499823958,0.94970106882029093,-2.7081198694796114,-20.445226207953809,-1.9559877719580401,,0.1747860252681824,0.2666666666666667,0,2
-0.56446633567136029,0.80864740771804444,-0.16573209069046871,-0.81741894807034787,-0.57553744129025619,-0.024143674298466217,-0.1149087430499206,0.12184425987280446,0.98587522390347926,-4.6355034338107943,-10.59165436768374,-2.104379475474611,0.189533847564862,0.1763827393324416,0.7706422018348624,1,5
-0.74385740757710794,-0.59833790645792506,-0.29777156830062201,0.65546944623393888,-0.74013529945983048,-0.15019834735203103,-0.1305218841667497,-0.30690631826186793,0.94274734131924631,17.588313453143751,-9.9079675372119489,2.7724578892153633,,0.09188681622844765,0.1904761904761905,0,5
0.94783809584558021,0.28419376406943475,-0.14434974377487789,-0.28055815284676366,0.95876356386810724,0.045382281455864419,0.15129463617405062,-0.0025165577628712978,0.98848550824075798,1.8047602971119296,7.9613444002779667,-0.077182883669829824,0.3280183277402803,0.1388016413536607,0.4482758620689655,1,5
-0.30796680756184985,0.94072428414974507,-0.14210653275311186,-0.94862905367290629,-0.31501168542869301,-0.029505195661432705,-0.072521472460285091,0.12571976477198332,0.98941153054624764,4.0013976649131662,16.976317719467218,0.80846669188654363,,0.09104654688669442,0.5,0,1
0.54355919333025216,-0.75777674359270164,-0.36099558198987203,0.83122640307175566,0.5457259392905911,0.10604652762723327,0.1166450606864982,-0.35771162415476959,0.92651838824817723,10.482023854441035,-11.048115387234752,1.0491236939160737,0.1672185459573674,0.3297002201955817,0.186046511627907,1,5
0.97562005744165958,0.11921242970236547,-0.18426584089839357,-0.11852735720657537,0.99284095370839742,0.014768420126252287,0.18470725245955674,0.0074321762532370793,0.98276548252621454,-4.7006001555377459,-8.4608995344261473,-2.0584221659949757,,0.07161325200838169,0.4339622641509434,0,5
0.33630911297101407,0.93727325897377878,-0.091733410191277148,-0.94024764886639867,0.33967816122411232,0.023518196967777759,0.053202813213766575,0.078342739293934385,0.99550583919234947,4.4064464206985701,4.0121839677934235,0.19077258892750837,,0.08071711916611443,0.2676056338028169,0,5
0.22498804129495978,0.96182163107321039,-0.15581890538034057,-0.97395887715561924,0.22659768052591625,-0.0075892549068528907,0.028008693008132742,0.15346869772023519,0.98775648412755668,6.3920222917449054,0.36800920945683901,0.51316326716371252,,0.07515951487947273,0.34,0,5
-0.52025965739913393,-0.80550256853979341,-0.28371729055299238,0.84915361257545174,-0.52329306003552978,-0.071431894617957417,-0.090928714568036376,-0.27808269524450213,0.95624368414780025,11.443522664173539,0.70393281800346641,1.7110959572670612,,0.1794236379277453,0.125,0,6
0.60793854820459148,-0.76119266769914173,-0.22582392310814808,0.78431178680572267,0.61999013444288464,0.021616065116154156,0.12355461417731685,-0.19025760388104068,0.97392828354090666,-9.221396086717494,14.637918036922628,-2.1398707263354177,0.4311042665399528,0.410996674707581,0.88125,1,5
-0.94906165224054206,-0.23212784830396868,-0.21306957147425329,0.25441861419910961,-0.96347529915579522,-0.083585385478896004,-0.18588477343627938,-0.13353654914824131,0.9734551047922666,2.1391671415107223,2.3961394048735847,-0.38292236878281843,0.8129388497305575,0.5181867877574582,0.7594834543987087,1,2
0.15633783234062903,-0.9205904602208963,-0.35787104762653243,0.98300525287117768,0.18032044926894894,-0.034426855841286221,0.096224503151253915,-0.34640689965086269,0.93313616630563179,-2.3617921724301714,-17.436945816104625,-1.7678621750614554,,0.3641877660946972,0.3958333333333333,0,3
0.34828189767349582,-0.90308515648983401,-0.25127061085745767,0.93406278217713212,0.35690953051786145,0.011929206890420043,0.078907786082636933,-0.23885725267039981,0.96784336240028268,5.2011547177843251,-0.070972660353026656,0.19065233729193631,0.608466141426496,0.7082944262231994,0.5854545454545454,1,5
0.81848704810974404,-0.53448869594160431,-0.21071494011398628,0.55206297445198649,0.8332309254374467,0.030865792293114556,0.15907678748272178,-0.14159116782235931,0.97706013984753126,-3.0120007628393513,12.350359761524087,-0.90061590286044846,0.6044893023951293,0.5500397030986874,0.9798387096774194,1,5
-0.93604706972886664,-0.26972664103565963,-0.2259721716663842,0.30537230096294038,-0.94176064303491025,-0.14083553896325673,-0.17482460083352319,-0.2008343355755986,0.96389933530286576,-1.2325648885263207,2.1399855580140184,-1.1507052150052031,,0.07356264342394274,0.304225352112676,0,9
-0.49627579016213669,-0.79608513812712967,-0.34635067915633733,0.86432088539186613,-0.49055809977831155,-0.11091509282921454,-0.081607274028531795,-0.35440260099920484,0.93152512002126453,0.41141004248825608,7.543033557588525,-0.43659621953429306,,0.1126023552356612,0.3896103896103896,0,5
0.59449854252317391,0.78753950517221205,-0.16233610421261016,-0.79577427948166368,0.6052019733697569,0.021768498909881657,0.11538968347846032,0.11624155548880828,0.98649537339223314,-11.105447776795895,1.1646055838601186,-3.2824506868708139,0.1170992684026946,0.1357838307169408,0.131578947368421,1,5
-0.52820998414479181,0.83286810449769255,-0.16530255037408764,-0.83977586319799047,-0.54119838828527234,-0.043368238464246811,-0.1255814964070226,0.11590955537764155,0.98528892347997532,-33.438428716200818,7.984647371355118,-7.3977599542417236,,0.1409961700579859,0.2307692307692308,0,3
-0.52402900018490728,0.83954670217234695,-0.1433699474671826,-0.84406338457140573,-0.53441139305148677,-0.044288438701677292,-0.11380074600401087,0.097804896852384318,0.98867769892954749,5.5672067686856463,14.194265521818178,0.99766437401781771,,0.07664768856960064,0.32,0,4
-0.40498062945752189,0.91063707549125783,-0.082041492580993233,-0.90871752419638085,-0.41079579482439477,-0.074022132994075465,-0.10110959886473875,0.044575012005846813,0.99387620824833578,11.099384186813245,7.9569773800322769,1.9545790219744053,,0.2583297754225824,0.4736842105263158,0,5
0.25402711271927703,0.96293461527641799,-0.090703653211788332,-0.96688672085316962,0.25520206567131254,0.0014052454945197768,0.024500919193217081,0.087343187367714431,0.99587693646310338,-14.847358303054568,4.2941130742207161,-3.9640681621316745,0.7332920663114165,0.2758643268092618,0.3258426966292135,1,5
0.92939317845454628,-0.31084713856103285,-0.19900345798647401,0.32126018380037519,0.94674629530967391,0.021525487728674561,0.18171465033591946,-0.083937528947582052,0.97976235745586238,14.081091027801387,-6.7893388051041814,1.9276387242613269,0.3310462361046763,0.327087953156799,0.4871794871794872,1,5
-0.61849291774797011,-0.75683007920491985,-0.21136400333613467,0.77879215665827284,-0.62621186414210828,-0.036626191929028822,-0.1046388428030382,-0.18726166831025692,0.97672093258949899,-3.4472064940680207,-1.9725109021003568,-1.717958154438765,,0.06679338481517615,0.29004329004329,0,5
0.48102856018718254,-0.81746436784902599,-0.31680203847424698,0.87344898364578694,0.47797294582864236,0.092890990004583451,0.075487729151087757,-0.32139363769851126,0.94393205920475565,-8.7743119422295504,7.592668188176285,-2.5692308566578763,0.4890348528369668,0.355434887832469,0.1411764705882353,1,4
0.60725300874368415,0.78127796869228905,-0.14439016243426367,-0.78823219973671954,0.6152216016743588,0.013870116490075659,0.099668363435720317,0.10539030538567813,0.98942362052902211,5.887457104679835,-14.911156508277026,-0.040235339074095253,0.2826969780273799,0.275886809565515,0.7,1,5
0.50196511692496826,-0.77543863775713828,-0.38304822211290346,0.86090045694442863,0.49045441895589365,0.13529547723227983,0.082954352648771268,-0.39767999949707045,0.91376648733504851,-8.5036010626957133,-24.951981432620823,-3.0667807295987766,,0.2128734107772776,0.3548387096774194,0,2
-0.75186115559777467,0.65064990272523793,-0.10658098698557157,-0.64485646821996434,-0.75936959598236364,-0.086706124884330771,-0.13734969274830716,0.0035384715939757328,0.99051630028017501,-4.4348878707788453,14.700663103356598,-1.1165096162124224,0.5167855492324999,0.3022550855756295,0.4096385542168675,1,4
-0.46075617402950686,-0.85886817772431834,-0.22371678834231204,0.88558921863706808,-0.46155154887210148,-0.051979838087002031,-0.058613001351897669,-0.22207120710770281,0.97326712419882433,7.6588963342572614,0.53849871604596211,0.82461312261449227,,0.1053006672008703,0.3023255813953488,0,7
0.45118279118050175,-0.86305121537661467,-0.22710501663221919,0.88862311765000868,0.45795199281974375,0.025078418020377774,0.082359235793875996,-0.2131257185545051,0.97354732004668121,9.3604238773431305,-19.188425123462622,0.60884265987702457,0.347479131748672,0.3292099878700978,0.8125,1,5
-0.011590164051211542,0.99888949361697432,0.045666701642339283,-0.9996090597223275,-0.012736420351549683,0.024889984284293096,0.025443974106057601,-0.045360369688231907,0.99864660468227562,-10.109399312076313,13.951060514499968,-2.4503324226256167,,0.4734326769735208,0.1538461538461539,0,2
0.98146187749224378,-0.040655335484677459,-0.18729582677152193,0.046787208684659652,0.99850011743530676,0.028433652336213772,0.1858589253517241,-0.036669594738787135,0.98189194959974879,-32.027147449598488,6.5301912626966852,-7.1804690738552619,,0.1176794294387839,0.25,0,1
-0.79734447540433051,-0.54833215761808562,-0.25213812179852618,0.58779133110300019,-0.80031217996058057,-0.11832905681575689,-0.13690558287504795,-0.24255362196561506,0.96042938410327983,-9.4351319553085968,-9.8612260480584588,-3.0123200647625277,0.429898800526266,0.3589559178350572,0.7194244604316546,1,5
-0.31491392569385396,-0.89620327872948724,-0.31248824393663643,0.9483996308635454,-0.3099577707228453,-0.066815571137384219,-0.036977825544189449,-0.31740488900305419,0.94756887710339166,-0.89433438583672176,-30.37498980962356,-1.7469102435134087,,0.2743616257059734,0.2142857142857143,0,4
0.67061549318470959,0.74180310646700454,-0.0017353779214381608,-0.73689179452856235,0.66644066080017805,0.11334605766720289,0.085236984092020657,-0.074732836612319997,0.99355405473218883,11.138438425341421,9.0643153948198218,2.0722563213628891,,0.2723525322985459,0.3214285714285715,0,4
0.97761963975451438,-0.095421286793220247,-0.18749564793076831,0.10921584832108483,0.99191333115994618,0.064651697136921357,0.17981028458283041,-0.083682265109785353,0.98013547026129832,-7.4047047381369584,-1.7064243516308104,-2.5109574385476718,0.3220924707910613,0.3879995275471745,0.7333333333333333,1,5
0.75321034065825143,0.64057680408346218,-0.14945079724009033,-0.64433941239622383,0.76421873975135479,0.028221258755420992,0.13229098366241709,0.075040494954851739,0.98836633884332648,-11.318432750405821,-15.740064795798796,-3.4274720910135161,,0.09578140661979401,0.2,0,1
0.46698577505076649,-0.85556570817486488,-0.22345380931073244,0.87877194413600568,0.47714541354175311,0.0095981527126272337,0.098408109928300055,-0.20084713921615047,0.97466726146363836,3.3818330902104474,9.4553415777342824,0.36785181954786095,,0.07672339598238481,0.1666666666666667,0,2
0.52132813049253957,0.8517485569966361,-0.052358151335792739,-0.84906886154323025,0.52387426891153832,0.068101532509071888,0.085434470296459633,0.0089524313205583978,0.99630357083502119,-10.386437767967893,18.582874343589385,-2.226288592216064,,0.3324025908722441,0.4166666666666667,0,1
-0.944940810718221,0.30484312568459943,-0.11898543172185441,-0.2982609699989332,-0.951905472784771,-0.070116792979275713,-0.1346375059724742,-0.030767508921696312,0.99041713554454769,8.8624048355564451,1.849706298986286,1.1436555395754222,0.2793143401252497,0.2913755371601909,0.6732673267326733,1,5
-0.97696150716954822,-0.006355978761261212,-0.21332092031254196,0.044423204763230542,-0.9837187385905527,-0.17413794022089135,-0.20874096959525601,-0.17960246345692768,0.96133769443033623,9.9564662061459082,6.5923354480350893,1.6821849201634442,,0.6709653446325762,0.2962962962962963,0,3
0.58911068380141518,0.80701711986365499,-0.040889735606889625,-0.80402360031612496,0.59046931687203896,0.069943090919436068,0.08058940603904341,-0.0083279096801076712,0.99671259325576655,-21.36740533487097,7.5049483563357606,-5.2032048678188874,,0.24063687780832,0.2972972972972973,0,5
-0.90333422829400201,0.41849298720988615,-0.094079177550758411,-0.40429645801411307,-0.90397734667355667,-0.13917374299155635,-0.14328868074528239,-0.087684527467412718,0.98578891128531898,3.2085755829885017,0.080400958661273239,-0.25511901114095836,0.3441848376898798,0.2144365489168631,0.2755905511811024,1,5
0.9804540602746924,0.11670296062112588,-0.15839903621276483,-0.10819953881625015,0.99223651963386761,0.061315160481070545,0.16432496916421324,-0.042977995382900321,0.98546953094555234,3.5742413761708813,3.0835696087254592,-0.036482521923317385,,0.1239341573523158,0.2352941176470588,0,6
-0.96686632742416834,0.18349333677104479,-0.17748154905209451,-0.17041255866442903,-0.98157197806060514,-0.086463933149235256,-0.19007647077622628,-0.053353980608956054,0.98031846254696031,-23.579793713496187,4.7980369423626188,-5.6346846361882221,0.1837721509698497,0.1775485873007197,0.4390243902439024,1,3
-0.36839479186458279,-0.83416215637815516,-0.41043729629944359,0.92801826593412207,-0.35626263486140208,-0.1088991877574701,-0.055383891337428937,-0.42101120159463445,0.90536301708881761,-11.155053604674745,10.376262500901975,-2.918453347384816,,0.4383139023555564,0.24,0,1
0.63984084075932401,-0.69303079269751944,-0.33213253208538385,0.7588335356786986,0.63809476069036819,0.13040989804791012,0.12155395355876322,-0.33547488244658336,0.93417409492111514,9.2933400092881406,8.9427615198728923,1.630395335280389,,0.4627119551943892,0.6262626262626263,0,3
0.35514298644499642,-0.88218217600194893,-0.30923788177291051,0.93023445151473183,0.36620411973960348,0.023630655954272172,0.092397642794694992,-0.29605599306585528,0.95069107736202907,0.62138080635298543,-5.3806077154064855,-0.94482122324230078,,0.1666577536379464,0.4409448818897638,0,5
0.46906033850917478,0.87854742710557365,-0.090204307900645708,-0.8808713933599831,0.47275294676345275,0.023879691926688637,0.063623794273054146,0.068257378008887384,0.99563695348739023,-6.7067500793304591,-11.892708078734476,-2.4844104656738346,0.434074185980643,0.5090267102794662,0.6293103448275862,1,5
0.2166374977398634,0.97556790231105228,-0.036543981083383262,-0.97573310917584322,0.21759101591520522,0.02447548673733756,0.031829141223905809,0.030354864081410818,0.99903227575266385,-0.36734173036499618,11.666137055121119,-0.33360644425078656,,0.1188117418254255,0.3571428571428572,0,4
0.74650278006666382,-0.60613378723003586,-0.27447300656151219,0.65383174756716822,0.74475336225474864,0.13359070058769171,0.12344085719892454,-0.27918499491989346,0.95226996875128544,6.4099669047417782,7.1304842827910138,0.84670896224817216,,0.2386091753797825,0.2571428571428571,0,5
0.099651697404415887,-0.92116082395757659,-0.37620775591449074,0.99426895582402963,0.10689522624128728,0.0016291382439343526,0.03871411485508313,-0.3742140390373167,0.92653390132167601,14.082564213602167,1.5486781720852409,2.3904282256109748,0.6082192801714764,0.4517120914424413,0.2083333333333333,1,7
-0.938165570476588,0.29708556920310308,-0.17772317503242474,-0.29415293022508565,-0.95477917793678291,-0.04325245678983633,-0.18253606770261466,0.011699826905942751,0.98312954285691012,2.6024434558363061,6.8901327052679875,0.035107333446540719,,0.1074878346409966,0.4660194174757282,1,5
-0.91632546035330797,-0.35157078080666743,-0.19169151465645762,0.37513203450167654,-0.9211421270645368,-0.10379373024249677,-0.14008428676668111,-0.16701846553602798,0.97595144590858596,5.2158648714981357,17.940155532466925,1.1256961230733191,,0.1917079201169573,0.375,0,3
0.48644204648952438,0.85792942701551633,-0.16532160677876359,-0.87005155545522261,0.49295723887250925,-0.0018578194585326356,0.079902604820068834,0.1447420426276366,0.98623796055462609,-0.14589471977480217,10.567121004811796,-0.36982384103221783,0.9196954948930142,0.91966646484818,0.8963963963963963,1,2
0.84906331418427439,-0.43576193618829623,-0.29866875209141674,0.50662574948042916,0.83187282457666101,0.22653466333928188,0.14973923490458402,-0.34365555240716789,0.9270809149313316,-13.510014197724701,17.606102021477803,-3.0248925297669027,,0.3237036427628927,0.1818181818181818,0,2
-0.47231808825090316,-0.79066157421619043,-0.38957656316697137,0.87989675644396692,-0.4489868578523355,-0.15553938239325255,-0.051935744053587196,-0.41625121805691334,0.90776516894830128,-10.091505638283671,11.488330666550642,-2.6071789694129408,,0.2835509375563308,0.1875,0,3
-0.59032042519550931,0.80381266417872876,-0.073532282045963071,-0.79991468634425145,-0.59476857119149129,-0.079917715768216421,-0.10797356235565569,0.011642492376026291,0.99408559098475191,-19.873327776252541,-6.9699336675528913,-4.9785656345177189,,0.2533961092391167,0.4210526315789473,0,4
-0.64148685569941177,0.76711760986607069,-0.0050186251354188043,-0.75504413550785565,-0.63252050458881148,-0.1727025324362996,-0.13565753720334889,-0.10699712102707713,0.98496124222826154,-14.107835523268111,8.3989398084647036,-3.7181255894783525,0.3088132627709347,0.2901811577877775,0.2244897959183673,1,5
-0.62272201359724555,-0.67881244366924065,-0.38914131122406659,0.77513536202678701,-0.60301391731620202,-0.18851892758704686,-0.10668863255751997,-0.41903207734344472,0.90168157009015315,5.0934622025427752,8.5025231112931632,0.70479224602756063,0.3242983946380006,0.1685470003967404,0.1333333333333333,1,5
0.41433427422452918,0.90038626796171184,-0.13278432764755363,-0.90786994227849915,0.41914886218514047,0.0092951189414866679,0.064025597303476428,0.11669961351642236,0.99110136872827026,4.3464480103876637,0.97129746110177806,0.022454981919432203,0.1369318737050753,0.1078151322529413,0.6272189349112426,1,5
0.96056847178724236,-0.14393260207563893,-0.2378899263694397,0.20474739202126094,0.94502392209167829,0.25496723737561644,0.18811357332423884,-0.29362083157398366,0.93723000954781044,-0.88817348769274118,-2.2788813653388638,-1.1748374427216948,0.6007910849882897,0.6806085224526073,0.3289855072463768,1,3
-0.96643597236462619,0.23836305805182406,-0.095836130325786612,-0.21047038892905812,-0.94851265731784562,-0.23669802342201521,-0.1473218473400652,-0.20858281679951629,0.96684511780961546,-1.1495138035039405,-8.8350568109792231,-1.3347266020352655,,0.2424194485458396,0.2702702702702703,0,3
-0.50504160526657682,-0.83535528612999721,-0.21705880052287493,0.85919298085122442,-0.51048655892338579,-0.034509343873047001,-0.081978037337732373,-0.20392405226758023,0.97554834954553771,6.1973226748696284,-1.9100622895820067,0.36559928831279487,,0.1067821573379479,0.2413793103448276,1,3
0.96554612241891247,0.19670052336378585,-0.17038071953778777,-0.17626310189698102,0.97600005264416256,0.12788751365260628,0.19144713210559225,-0.093449458783899653,0.97704411070408659,0.75185818527544834,9.2324277784176836,-0.23243043981676906,0.5320792015890042,0.2946799916030772,0.4191176470588235,1,5
-0.68242390038487077,-0.69857065037330901,-0.21516660200995694,0.72055620253242403,-0.69238833529471921,-0.037378498362820568,-0.12286732346540227,-0.18054761029938562,0.97586176338640762,-10.109170988886154,2.3028101472748332,-3.0526743942276582,0.5837400329008342,0.5672267734553549,0.9693016116653875,1,5
0.85389659140476581,0.50064117777416717,-0.14219360852097807,-0.49739590917550303,0.86543776767247638,0.060123039024619233,0.15315978820433687,0.019387661101219377,0.9880112336781538,-10.284945140114687,9.5574619939869052,-2.7670707753479626,,0.06857935714462282,0.3134328358208955,0,2
-0.089713349094478159,0.98206024275349202,-0.1658589599545475,-0.99530038306284141,-0.094496104756781815,-0.021157354767458059,-0.036450822613667416,0.16318138922299696,0.98592249783745167,-1.1195262733958222,-11.124526663987783,-1.4183946183304017,,0.07317299651096307,0.3684210526315789,0,5
-0.79907944865503855,0.60085034491771372,0.021234353049345619,-0.5796669001314555,-0.76057264610700714,-0.29243039323191916,-0.15955663455071004,-0.24598396900214925,0.95605102759465799,-21.044043882971927,10.186131902654974,-5.0442889552227745,,0.2491908429509875,0.2857142857142857,0,1
0.7202246531509845,0.68318199000195656,-0.12057701908120683,-0.68187791165856482,0.72913910492826661,0.058298192566836056,0.12774569497911806,0.040231010444329425,0.99099066757105747,8.4732578556079403,-7.1671788795422353,0.68970010386002556,0.2233146405168912,0.2725926295298947,0.5977011494252874,1,5
-0.069218319774466838,0.99585612407151824,-0.058986476050459584,-0.99727044951359911,-0.070597515693713864,-0.021625015718352396,-0.025699703004953296,0.057328622232944285,0.99802452592024449,-0.58199772507563952,-14.974672064122256,-1.3796668694665806,,0.127050033014167,0.3125,0,3
0.31351612825242425,-0.87152613400606582,-0.37702763170628611,0.94812095983516775,0.30932509032421268,0.073380065529808455,0.052671461407965157,-0.38047363409355861,0.92329059938504243,9.2499295617858639,4.5948568467594137,1.3694749102215762,0.9093269064911098,0.5758295968827269,0.2564102564102564,1,5
0.90880143810761049,0.38554107722217212,-0.15949302137681956,-0.3842930020608179,0.92235017307066036,0.039862849918280506,0.16247718196911176,0.025064636659847046,0.98639390170888952,-1.9292438498176669,5.6947244864388962,-1.0816605743442662,0.1185472812605801,0.1221151711037911,0.437888198757764,1,5
