axis_00,axis_01,axis_02,axis_10,axis_11,axis_12,axis_20,axis_21,axis_22,location_x,location_y,location_z,dbh,dbh_approximation,score,reconstructed,number_clusters
0.91958814234603559,0.37533792306291441,0.11609949167582483,-0.39286940974927792,0.87596245928340066,0.27989890462349154,0.0033578772790578771,-0.3030036525142793,0.95298347898753444,18.100089583233061,6.7008943442690629,-2.3874977727218263,,0.1959490868509819,0.3809523809523809,0,2
0.088287399177462172,-0.96244962222478014,-0.25670227857550587,0.99608162760198304,0.083966626842294223,0.02776682787987347,-0.005169748568648584,-0.25814788446954995,0.96609158129218375,-12.440801311335038,-12.327511396966459,-3.445422937356617,,0.3223473583160583,0.2,0,2
-0.98885288871111698,-0.13531600332795854,-0.062125226205045445,0.14708817991115436,-0.95257359502580197,-0.26639934945499461,-0.02313075481051324,-0.27256765270840255,0.96185853579355873,-12.165849682357402,24.193676921753159,-4.5352814610138479,,0.4025764364704353,0.25,0,1
0.94019106605783187,0.34064738305358777,0.00034601124230994952,-0.3398104494799522,0.93780898539883595,0.07101524716170883,0.023866665650452555,-0.066885479171101908,0.99747517009035447,3.4455200911239707,-4.3626854883211337,-2.7763787314168256,,0.4990215300587243,0.9382530120481928,1,5
-0.13865840170410001,-0.9881451274082238,-0.065901857456743984,0.99032749666742181,-0.13868723213767861,-0.0041594454469922274,-0.0050296104522419604,-0.065841163578525888,0.9978174403152732,-3.5137237498474705,8.5181463961247434,-3.5194621777070743,0.488809591070801,0.3888571117068546,0.9204737732656514,1,5
0.28027893701183509,0.95909211237090475,0.039825085755497265,-0.95991803183654656,0.27999233659748807,0.012714700221831085,0.0010438498780417607,-0.041792480598737566,0.99912576733003811,23.450708572603428,-3.6230515546197068,-1.9531299447687767,,0.3651604317223369,0.7638888888888888,1,5
0.23051389599460201,-0.92435298367102814,-0.30403109270575851,0.97306257934728368,0.22010989521556182,0.068562750106782561,0.0035440693278417207,-0.31164594591725736,0.9501916880113912,-4.8106066057955923,4.4694017289272114,-3.4727515249495222,,0.3089670271966071,0.2305882352941176,0,1
-0.99825922312262239,-0.047827868743279559,-0.034511134755220781,0.051047210076018985,-0.99373863180469635,-0.099386689261610206,-0.029541594304847204,-0.10097537635683611,0.99445023383552089,5.5631954221889872,5.0329350626338965,-2.9589422588278915,,0.735387789376142,0.9891304347826086,0,5
0.4256402079795461,-0.88764158840115581,-0.175848866620745,0.90427481836888968,0.42441977266594255,0.046421002079878163,0.033428523973383847,-0.17877434690374763,0.98332205643629189,-10.4559239961501,7.5818822275743187,-3.8893289114549048,,0.1627505475381038,0.4102564102564102,0,2
0.79469520409487249,0.60316657782512728,0.068188063349335762,-0.60520497812179863,0.77866521528967836,0.16555185578685347,0.046759673279458687,-0.17283102121032112,0.98384092772266551,7.8936572987580877,17.134862417452499,-3.1182469147282332,,0.5497563923986402,0.3409090909090909,1,5
-0.99170664244489959,-0.11576690950744353,-0.055820766689108667,0.12641837215940305,-0.95692546795181199,-0.26136572836883726,-0.023158810660981966,-0.26625489938835212,0.96362440714236153,-3.2934452496708779,15.28312748648238,-3.6876041459790718,,0.2859960562991216,0.2222222222222222,0,1
0.39210492414391263,-0.90984285567220413,-0.13579288068358006,0.91969771530599564,0.39096403978991295,0.036100305429225113,0.020244528224397134,-0.13904350964140663,0.99007932081403038,4.3887916326141436,4.7883904031604274,-3.0239576809397493,,0.2772595071454379,0.1785714285714286,1,5
-0.41251614662319191,-0.85431223617088736,-0.31619777340115873,0.91088133878036426,-0.39110942081877109,-0.13163816926900793,-0.011207829265464219,-0.34232152149040035,0.93951602460397265,-5.4022525502218652,30.536248011607828,-4.2850323089568567,,0.4836449725435889,0.2,0,1
-0.68535830919249519,-0.72654954144852335,-0.049089223275008066,0.72800074009776261,-0.68520703385026982,-0.022499848426681988,-0.017289026517214846,-0.051157448949828412,0.99854093805864141,20.752842188738367,-13.56921555731798,-1.831076225917228,,0.3735559590299129,0.5454545454545454,1,5
0.83923924968916586,0.54091733257299712,0.055551067526000079,-0.54337957900964895,0.83042813768931123,0.12299488302021949,0.020398894491155509,-0.13340744902731033,0.99085131964768702,-1.5679470865316518,24.832600841537349,-3.8828527366722723,,0.3561897768982537,0.5714285714285714,0,1
0.7951110563994076,-0.57808095234794876,-0.18335981163795367,0.60621791738302233,0.76620154558608855,0.21315493938747729,0.017269760716592093,-0.28063785217603243,0.95965835133698185,-13.880863291330165,-10.387700875277595,-3.5865345016133081,,0.7263307501575003,0.4193548387096774,0,1
0.93531280497554758,0.35250924463933736,0.030449783128588738,-0.35312032174480878,0.92457806542954968,0.14304348743439849,0.022270950128296399,-0.14454284268117851,0.98924788168083932,10.830936222582299,2.1174913608079091,-2.5821656767396672,,0.4108874164522751,0.2222222222222222,0,1
0.25511183984335961,0.96033095053164774,0.11261622717316683,-0.96691152893585197,0.25340097170790915,0.02949648705220478,-0.00021067194757085428,-0.11641483147979773,0.99320065577347516,-13.536823784975354,-13.710359488935323,-3.4619522200030453,,0.6106636869534086,0.625,0,3
0.98537665676216191,-0.16733348744579252,-0.032130177208561324,0.16896076428024479,0.9839553022265819,0.057308143871802782,0.022025086652729599,-0.061898846511260222,0.99783938003995165,3.6606396280979729,12.053080061812603,-3.2173844495357518,,0.4303059507001453,0.9181818181818182,1,5
0.63332219354291353,0.76537881803058772,0.11444764775256473,-0.77379589364881152,0.62856814041189468,0.078370962935082472,-0.011954670143172705,-0.13819319002481684,0.99033313995469974,13.398620250537776,-6.9992879884942036,-2.2536951846111912,,0.4639837211868277,0.3384615384615385,0,5
0.89853421817599533,-0.43492050166900398,-0.058995050596079068,0.43844898942547822,0.89557357633577106,0.075567539598247621,0.019968536216478126,-0.093766340427350867,0.99539395766913941,12.633078533967874,7.8001821378736098,-2.6525325819849574,,0.8269962942172261,0.475,0,1
-0.54672151962804227,0.83641871221212205,0.038721025774396949,-0.83723089180989829,-0.54542856446818444,-0.039396888980980413,-0.011832741643770661,-0.053957565953191254,0.9984731179664279,9.7572297523462055,5.4485411131595081,-2.7364998655224677,,0.1388906509494542,0.45,1,5
0.38964949013207434,-0.91735162444722018,-0.081481727791326328,0.92093415157205094,0.3888122904150203,0.026557320845513033,0.007318695790921384,-0.085387352378858014,0.9963209506708407,-28.030813414257601,7.7210784299891726,-5.1075514820009298,,0.08469220150293208,0.5454545454545454,0,1
-0.11277005273845826,-0.98283338757322447,-0.14601865455038454,0.99361123753900349,-0.11219977904615852,-0.01216216338496744,-0.0044298805373039069,-0.14645730385792438,0.98920707352156168,-11.71707079754033,-3.7818577185229638,-3.6461762990130211,,0.2311184147296743,0.1724137931034483,0,1
-0.33620252603796547,-0.93987690343326014,-0.059993898676420583,0.94172544220035115,-0.33624098553665149,-0.0097565956098225499,-0.011002408747335114,-0.059777972849928515,0.99815106119450114,17.401109218772433,0.84335412071470395,-2.2754082583152337,,0.4866966557937145,0.8811188811188811,1,5
0.22441705424317743,0.93660646984780338,0.26908234130847447,-0.97444625253451644,0.21297145860441455,0.071397890314388299,0.0095648672887831635,-0.2782291833347893,0.96046709202065017,-43.537787319395825,-0.83631750428807894,-5.896063661102211,,0.3896785978325282,0.3571428571428572,0,3
0.99233005018666898,0.12289562045810742,-0.01333184041080312,-0.1215516775980101,0.98969261106275797,0.075721366079127689,0.022500248212669612,-0.073520079434101868,0.99703988724141368,-11.078782490711967,-11.778364201953334,-3.374945071016052,0.09903171277111908,0.1890768243693739,0.3636363636363636,1,5
0.92689556327163269,-0.37237278755716796,-0.046937425092023144,0.37479985034263225,0.92492350159785874,0.063573487989087685,0.019740490634872484,-0.076518123858746512,0.99687275504481221,-1.2484251833376705,11.08651917787642,-3.451768683849417,,0.08315887438596847,0.2083333333333333,0,5
0.69512029663148822,-0.7039977811967264,-0.14558467392221269,0.71701595217829295,0.69356587361558064,0.069674265534062516,0.051922033211407349,-0.15281852972052029,0.98688935521731658,-11.333149562903612,-1.073845663396771,-3.7032590353862469,0.7102681651014592,0.5077401763244894,0.8848821081830791,1,4
-0.12835216317799705,-0.98465293226445549,-0.11825533895152006,0.99136092198757964,-0.12414223091247203,-0.042334724045524949,0.027004528573280454,-0.12266747526171931,0.99208036264682253,-6.4996096744691583,18.108175799661947,-3.9844305618274407,,0.4683798440084581,0.6938775510204082,0,4
0.41280108360277146,-0.90752103101527981,-0.077465112414181692,0.91078619707048925,0.41203524003675945,0.026371655119203578,0.0079855245446928957,-0.081440402950956281,0.99664622216959831,-14.077152958462767,-6.0404588900887886,-3.7087840999245985,,0.4003789012408447,0.2105263157894737,0,2
0.96086649227981047,-0.27331308069674559,-0.045117002714597974,0.27605445157104475,0.95828946547083182,0.073994865601871823,0.02301138374162888,-0.083553936398494191,0.99623752987458458,-11.314062050738867,-10.970950490512777,-3.392385669137751,,0.1117429163696879,0.3142857142857143,0,2
-0.99268420975129201,-0.11783392195066285,-0.026329195737402635,0.11871101091521401,-0.99232281600620043,-0.034686088292175211,-0.022039863836723843,-0.037557897588253092,0.99905137442015934,-2.337759073329631,7.2074744544807494,-3.4314247765345991,0.275351419695866,0.2081879605748679,0.784,1,5
0.97168921960597376,0.23326052259014191,0.037544494969401834,-0.23515070975774655,0.93942735743494166,0.24935994827403693,0.022895506152117991,-0.25112898817893586,0.96768281326799543,-2.3791738310277597,27.684910430362159,-3.9867704910515007,,0.323170213523331,0.2222222222222222,0,1
0.79558729441611409,-0.6000000014186524,-0.083909804321454465,0.6056358027467289,0.79124192929068071,0.084507300061513427,0.01568857530091658,-0.11805171591289521,0.9928835082601829,-0.96051917659768804,14.511598543740513,-3.5397268833138646,,0.08206920697934558,0.3181818181818182,0,3
-0.25674777283332978,-0.92681386614168093,-0.27403765922339152,0.96644770080379527,-0.24846446217568591,-0.06514792895253925,-0.0077086157111973816,-0.28156965135336898,0.95950982729754242,-10.666726930010782,10.493907572506975,-4.0184218229545223,,0.4852488147500697,0.631578947368421,0,1
-0.873678545038159,-0.48257400620940372,-0.061710035415749723,0.48627897861946512,-0.87007582263996219,-0.080627649167045512,-0.014783602159712151,-0.10045094020665318,0.99483217364477317,-14.48134107535008,-27.169359185622202,-3.2129827998342506,0.8693555006843002,0.7507435307104033,0.9220779220779221,1,5
-0.95685005373164222,-0.26748844792126575,-0.11352490873120058,0.28297253935875694,-0.94656166149202869,-0.15475000149372681,-0.066064488513965527,-0.18019697894838302,0.98140946201637247,-26.908506612236355,5.680227776769426,-4.9697989989710338,,0.6280488177280636,0.3703703703703703,0,2
-0.7056707790453457,-0.69831171148899118,-0.11995626369161169,0.70670335529101025,-0.68149967010350831,-0.1900751621576002,0.050981557665138448,-0.21890398179595918,0.97441363266936654,30.78548128756049,-2.4143510200455429,-1.7240636297983467,,0.447726598631741,0.1363636363636364,0,2
0.84908527007098256,0.52765859520139269,0.025111970424062536,-0.5278584009082895,0.84564367918943906,0.079071337648303403,0.020486891883098133,-0.080393872633685484,0.99655261401690598,-13.814949041421842,-5.0384559748455438,-3.7427951370445052,,0.07711855689590347,0.3125,0,2
-0.58719360528882614,-0.80686171039403864,-0.064636291724665104,0.80926090924841243,-0.58689426201769412,-0.025532449415181149,-0.01733351292562537,-0.067300115235502903,0.99758219902870415,-0.52170889689901812,13.966637150940764,-3.4964008821844419,0.7431156286985827,0.3101794967606168,0.1764705882352941,1,4
-0.3360590401215095,-0.93757064717118777,-0.089585730535675229,0.94179268587751186,-0.33548087212641892,-0.021888838820741573,-0.009531966231202187,-0.091727127940965408,0.99573855786520071,-7.749855757347655,-13.409739146762481,-3.1312612945569458,,0.1008188996024715,0.3207547169811321,1,4
0.13610565114228881,-0.98582838572349307,-0.098069595843694804,0.99069343649964237,0.13556983423601709,0.012138159734832689,0.0013291364350788966,-0.098808977056899505,0.99510553181524741,-8.858647452560497,17.431908355210378,-4.0857386280840187,,0.0702161732100518,0.4,0,1
-0.7746987517129782,-0.62866313471590862,-0.068003728894240389,0.63225933435011317,-0.77173232766569733,-0.068391143891860642,-0.0094856850836352903,-0.095978526165245048,0.99533820598510225,-10.285117159256702,13.259625967016941,-4.0493129507187167,,0.1228533577990653,0.2857142857142857,0,3
0.31224018307655332,0.90741333594147811,0.28125985463247144,-0.94996092738327154,0.2954360661032307,0.10144834789469169,0.0089612787834899132,-0.29886212306179905,0.95425422549840389,-9.9952344794704775,1.6592088625612647,-3.6929796995551674,,0.1665419554338719,0.2962680883472963,0,1
-0.91263451983798216,-0.38299409150813946,-0.14287672683103655,0.4025824368813064,-0.90273160084681658,-0.15166752568448091,-0.070891570125119749,-0.19593668033933451,0.97805071575189639,-3.5335227751390406,21.827967426195592,-3.8891367131140568,,0.3797127530256354,0.6862745098039216,0,2
-0.60384974062662911,0.78395537187191044,0.1441508434187187,-0.79676782888924025,-0.58844120621779095,-0.13746990096773234,-0.0229459711557305,-0.19786591858661892,0.9799604893410726,-6.5841095693834006,6.063615643374745,-3.6111547698993522,,0.6124666180983026,0.5553097345132744,0,4
0.99967402698308716,-0.0051617891975129209,-0.025003913847619418,0.010892222974942342,0.97197673824926956,0.2348245723534397,0.023091107684190263,-0.23502037408401885,0.97171612341842195,-1.9801999021482593,28.960760172841226,-4.0114267518592772,,0.6141685304788215,0.4230769230769231,0,1
0.054185387850498409,-0.99517425697538842,-0.081805513243154465,0.99849557010578738,0.054690422519378709,-0.0039438767439426356,0.0083988226919383575,-0.081468742092514895,0.99664050882916333,-2.9447034039545357,-8.1685541668775166,-2.9939977620657472,0.1370037794638837,0.1415587953601253,0.5172413793103449,1,5
-0.99678845588976217,0.077291331500356039,-0.020948133086445601,-0.076627529216711593,-0.99658307927090117,-0.030828361569701698,-0.023259320089963214,-0.029124151246557036,0.99930515251504748,2.7594305950870539,11.161609790942109,-3.2426498315078329,,0.2404110338965154,0.875,1,5
-0.93170384851258736,-0.35470508926990835,-0.07818080527123257,0.36191957514455114,-0.92479991485248381,-0.11730020722924793,-0.030694621581305381,-0.13758421833503787,0.99001435498234847,-8.2687960935288611,22.958986930172195,-4.2045178026004475,0.7218161368080982,0.7845030623383135,0.5609756097560976,1,3
-0.97075738993840099,-0.22274744887158046,-0.089519070042012289,0.23735282515110562,-0.94644213856401394,-0.21888562022930008,-0.035968406592073641,-0.23373243756821455,0.97163543644499117,-10.787624566442931,6.346447107411362,-3.8805451016616379,,0.2507165193277534,0.1833333333333333,0,4
-0.88785495786132707,0.45999019409076053,-0.011072269026987908,-0.45834137568857181,-0.88627602037943221,-0.066618308536797774,-0.040456855203649049,-0.054072516500907851,0.99771709709029777,-6.6459045751279664,-13.812969636344917,-3.0618870884717548,,0.09635274125777964,0.5333333333333333,0,5
0.97419039696339416,-0.22083188265196563,-0.046758422435892871,0.22411709537987892,0.97096182025762112,0.083693913521197774,0.02691835847133241,-0.092013168657513314,0.99539388122030026,17.083550130462868,-33.711667342766198,-1.450413670217646,,0.2819417295813637,0.1818181818181818,1,5
-0.9516414139965238,-0.28564417140351567,-0.11307531344151377,0.30618097788398008,-0.91198314150761928,-0.2730200695698099,-0.025136188030551888,-0.2944387150989034,0.95533973805248995,-17.208089478379964,5.5078059288281001,-4.2963602776554417,,0.7008661504112488,0.40625,0,2
0.9976135277930841,-0.061036906523983275,-0.032276077924989391,0.064760360430989983,0.98928694104837311,0.1308336500599192,0.023944621130552814,-0.13261162963004294,0.99087880732498201,-4.8912468552465054,16.311975133952462,-3.8126345318623267,,0.1747528850312731,0.3928571428571428,0,2
-0.88067092306284345,-0.46853719591645571,-0.069940126639758876,0.47372827295700509,-0.87117504631238951,-0.12897892108317657,-0.00049867104784495902,-0.14672060088941782,0.9891778488228673,-9.6418480393977415,15.961577066713149,-4.0821464593239449,,0.3177825842236071,0.5614035087719298,0,3
-0.70755521443616753,-0.69646012128559398,-0.11961988957963636,0.70643751767357066,-0.70135551250738215,-0.095112978602872225,-0.017653672348611815,-0.15180166183004287,0.98825330928777821,-11.724460721142442,-22.661037941190486,-3.0928901806511613,,0.1565682054383503,0.2727272727272727,0,1
0.047770798866444412,0.99518781259047673,0.085552138763706639,-0.99885400632515009,0.047343224856634121,0.0070209050963303075,0.0029368050427661602,-0.085789490799030657,0.99630895732427527,-12.844550276792271,10.866066297246919,-4.1717582923764063,,0.2042154710850909,0.2083333333333333,0,1
-0.61435561805120942,-0.78230182318260388,-0.10281552418819195,0.78872802842120082,-0.6052846002228317,-0.10741810795156495,0.021800728238384363,-0.14708640378452001,0.98888336929590193,-5.9248721728577189,12.127716836120161,-3.7594504595199778,0.4668305384568003,0.2906394894954721,0.3513513513513514,1,5
0.88375549397132735,-0.46495869897909203,-0.052816996498906144,0.46753941518414394,0.88206078950472055,0.058100420545621929,0.019573505684062704,-0.076040593514119501,0.99691258694694829,-14.800440357129903,18.496723753615633,-4.540235558731422,,0.4749694552128195,0.8333333333333334,0,1
0.21059076128672177,-0.97041290631747701,-0.11811148340930819,0.97757146218900559,0.20933905586186477,0.023047689786894855,0.0023595707933445971,-0.12031604607587226,0.99273283489685182,-2.7320015631231471,9.5819901682467652,-3.5044062220209002,,0.1631015458408015,0.3283582089552239,1,4
-0.46723576808208278,-0.87766645837728285,-0.10673483435234497,0.88413030687827354,-0.46353287442388702,-0.058744146837430081,0.0020826627367024229,-0.12181486841845382,0.99255065379461571,10.266052517457521,13.578314976132834,-2.9386930038677992,,0.1131205524362259,0.25,0,5
-0.65198803442847919,0.75706981049634137,0.041915450577592973,-0.75810579556770497,-0.64988750516786198,-0.054053985545468336,-0.013682312989620983,-0.067018897795520255,0.9976578880806426,-31.286904431613749,7.2302042206422685,-5.3944497156038231,,0.2032372089074659,0.1538461538461539,0,1
0.77197103809822987,-0.63193798043222316,-0.068666623805048468,0.63516394572772139,0.77111445661536038,0.044150388972116837,0.025049518660704699,-0.077697385323061349,0.99666224867245079,-32.832046877228223,6.2322601869494294,-5.5628270696118385,0.4394377046948243,0.3644344829187616,0.68,1,5
-0.48755284666311122,0.87305293522868832,-0.0084139169991942816,-0.87305156867164968,-0.48760122664490524,-0.0050992366444637723,-0.0085545397695703275,0.0048596360930024543,0.99995160072194256,14.307872380141559,2.6729656579025054,-2.4554948298554415,,0.1250737371614092,0.7049180327868853,1,5
0.70657015879171392,-0.69906830120033903,-0.10982768759253719,0.70731027999142992,0.70243901381646756,0.079319604682534003,0.021697431264943397,-0.13372711813772281,0.99078064138894162,-13.510026820985908,8.0058697799061029,-4.1068729259765915,,0.2936198128371587,0.8170731707317073,1,5
0.94508269180336624,-0.32478027111145041,-0.036557915018145627,0.32642414500826283,0.94356343643146356,0.055993919181193251,0.016308991671030316,-0.064852270017465241,0.99776159470299008,1.8526923099972932,18.77453418526899,-3.4999485378695216,0.2991361879670523,0.210689303256936,0.6666666666666666,1,5
-0.16259930943296794,-0.96669921535810943,-0.19762108085408511,0.98634603142676547,-0.15394391019005996,-0.05850451951827431,0.026133711190555148,-0.20443556329907372,0.97853110814015443,4.6786092411456197,17.161958951918578,-3.2944695209323829,,0.4339082800349183,0.25,0,3
-0.36805788614136725,0.92101851875010077,0.127507962765157,-0.92974822596285234,-0.36604604999100987,-0.039730663283038099,0.010081109466683693,-0.13317348611999147,0.99104146927692749,10.198727979427881,11.735719408475489,-2.8745626915529994,,0.2200434807898166,0.2758620689655172,0,5
-0.89052804899085714,-0.44903018310314496,-0.073018412903132532,0.45478404155307667,-0.88274582801649604,-0.11803083778453406,-0.011457290656419166,-0.13831738062089552,0.99032168142931587,-2.4909687876932924,20.374698363219629,-3.7963662097148427,,0.09953065940648058,0.4166666666666667,0,3
-0.71919339426346496,-0.68720287227395249,-0.10253328233419873,0.69428905366374261,-0.71649921295528962,-0.067761255870545961,-0.026899286431046495,-0.11992118316994135,0.99241893281850491,-39.994271051230712,3.2941033104893118,-6.3016241801570807,0.2269919502093307,0.2465561697314141,0.8214285714285714,1,4
0.90748613079338258,-0.40841997966023491,-0.098295689793552271,0.41986795508531083,0.88931285430438856,0.18120029652697034,0.01340979903414896,-0.20570796626119262,0.97852154289343529,-7.1119296747496294,14.541838596874051,-3.8883216467141257,,0.5376221946379713,0.3414634146341464,0,5
-0.64827277341254852,0.76138388561885062,-0.0060819381734471181,-0.76128476497039699,-0.64829083163453372,-0.012825920730057856,-0.013708314118504645,-0.0036846083303069153,0.99989924781724004,4.9767406550100333,-20.217369930528836,-2.2072039278571567,0.424895295508959,0.3935835717580092,0.9318181818181818,1,5
-0.99943844094072931,0.033491171175504666,0.0010696837180183278,-0.033262726526346154,-0.98775229918857854,-0.15244338775988292,-0.0040489250421628965,-0.15239336239144252,0.9883116256045118,-8.3610653791825928,8.6958733653620133,-3.817128546652139,0.8516268147504271,0.5710506725484293,0.5921787709497207,1,4
-0.88428516030109172,0.4669382766580697,-0.002898458705290481,-0.46656574282350349,-0.88379648753538465,-0.03493102122284579,-0.018872278474704129,-0.029536662162647914,0.99938552255546731,5.1910038505757061,-4.8340870563177996,-2.6723370335219632,0.1528108181990538,0.09023252524667537,0.3857142857142857,1,5
-0.54068647218013954,0.83865416115693381,0.065706443942391751,-0.84116231020666166,-0.53804758709748035,-0.054320915919841402,-0.010203268554071169,-0.084640368576339775,0.99635932339596966,3.7285932904015415,10.6399527930839,-3.1762226202684993,0.7892473259542435,0.4124521668542123,0.2909090909090909,1,5
0.82185543205401856,-0.56166901740405628,-0.095297238636094544,0.56958581704235323,0.81340983791678545,0.11805266877281449,0.011209184961349648,-0.15130218262983136,0.98842399996355401,-1.1855332675580337,22.559730974991929,-3.7975300811387429,,0.4653029109979351,0.7058823529411765,1,5
-0.64905555970494799,0.74784321988489688,0.13948978058727771,-0.7607405113246889,-0.63826030837699754,-0.11788830807145899,0.00086881847813300665,-0.18263158878652444,0.98318103517702304,0.0339061834830977,12.800883640625193,-3.4230467912011768,,0.1814386383904626,0.3684210526315789,0,4
0.2392358499850227,-0.96313788476834361,-0.12301066216351396,0.97096146400207684,0.23728096710524424,0.030521763916012915,-0.00020857825505236549,-0.12674051275563986,0.99193588448122527,4.0869137167011322,-6.0529722573179647,-2.6954133173495531,,0.2403785378391382,0.7017543859649122,0,5
0.97034112569936992,-0.2381259592142275,0.041642854426455954,0.22368828589557765,0.94977735800698326,0.21882989048658863,-0.091660517833892119,-0.20302462354497333,0.97487401837614085,-4.5837183725502344,19.486411917140263,-3.9101483146843816,,0.4075043810432587,0.5,0,2
0.78280958702024106,-0.61768089845845253,-0.075362179830195497,0.62198292225260532,0.78032210875063412,0.065074196276815849,0.018611687062417327,-0.097814693551239673,0.9950305979366505,-24.602427311661813,8.8366025656045188,-4.9130310297641708,,0.4515521680435805,0.5846153846153846,0,2
0.86113486102069892,-0.5065351415920758,-0.043230793043383203,0.5079460615891912,0.86078797470924362,0.032169257249602422,0.020917687513048958,-0.049660979936539319,0.99854706319775022,6.5384384078905606,-6.6483010126910029,-2.570158853106709,,0.6972423265679139,0.9871382636655949,1,5
-0.9983075541918357,0.054118694378053549,-0.021288357436138557,-0.052921737643878315,-0.99717746285414521,-0.053257837550180522,-0.024110514890115065,-0.052041084679162429,0.99835384938264693,6.3747064304641627,3.5798599514391092,-2.8761758364223278,,0.1116595906604475,0.4736842105263158,0,5
0.93672711498395311,0.34994945338377736,0.0088143139402701194,-0.34957681607880564,0.93381330207202962,0.076083943993063244,0.018394611005591206,-0.074351173156381387,0.9970624560859892,-6.8091124389863777,-13.00161332377961,-3.0668855427496684,0.2115454687010089,0.1529192787548017,0.3584905660377358,1,4
-0.031069616653305501,-0.99527975696136395,-0.09193956876092213,0.99951633238081627,-0.031060658021789603,-0.0015286684579557152,-0.0013342507326451491,-0.091942595711569458,0.99576341510862953,-5.2240907841680269,-6.1362324503336705,-3.1955367912290717,0.323251071766655,0.2034817955421175,0.6081081081081081,1,5
0.85402266702170659,-0.51859386422848108,-0.041299978180425918,0.51980293812008127,0.85385669692279664,0.027085912239077366,0.021217675057905394,-0.044599833011613355,0.99877958787736243,19.787322236051477,5.0736591562319227,-2.2867942828904515,,0.8263863188241656,0.875,1,4
-0.40503720007228888,0.89744547034488775,0.17474694365007654,-0.91426929018247194,-0.39912879676450458,-0.069338795941065942,0.0075187490208516563,-0.18785055589686522,0.98216884345941213,-23.829790409171586,8.2737401796470795,-4.8489826484378185,,0.2595194798724534,0.3333333333333333,0,4
0.051327801739858313,-0.99096898565935654,-0.12387867544424869,0.99868185616828364,0.050941733022492698,0.0062841066937331606,8.3239575597017553e-05,-0.1240379349148186,0.99227747317634996,21.009400020754565,3.0424816917414539,-2.1932543531880766,,0.2205963434180926,0.7636363636363637,1,4
0.54647720140226697,-0.81713525121547281,-0.18344658505562997,0.83716475846728844,0.53896068606309733,0.093147979359736566,0.022755999823182649,-0.20447826314653028,0.97860656260451551,24.180622306450474,-14.209957367634635,-1.7003765710227994,,0.3213195115083558,0.3333333333333333,0,4
0.51709633161740509,-0.8460191394778952,-0.12985761227169093,0.85586456226251328,0.51290863600054171,0.066487458811876399,0.010355428094464509,-0.14552094953355049,0.98930097460572364,-6.1070021906249483,-1.7666965627041753,-3.3685329190858306,,0.07444957101243485,0.1769230769230769,0,2
-0.26682837606640286,-0.9586692647466144,-0.098771749786824903,0.96371082507951356,-0.26626534690151216,-0.019084304126162001,-0.0080039584162297818,-0.10027963835994949,0.99492709822381886,-1.5316038327333421,16.755320373682761,-3.6461642388475575,,0.1066608469826084,0.1904761904761905,0,3
0.94537687974991569,0.32295106097350024,0.044330209230319398,-0.3251003997856392,0.92408907048948941,0.20092068052116746,0.023922485103578243,-0.20435753477168886,0.97860396110403469,-0.72162733028445647,9.3093069070970582,-3.3737409933325306,,0.5640596235674038,0.4384236453201971,0,2
-0.80323955626509769,-0.57527979612835478,-0.15446479021954218,0.59500358461878788,-0.78704719025349523,-0.16287251027988447,-0.027873814626660887,-0.22273274676301363,0.97448097671404632,10.973282010306356,18.448341661346443,-3.0248368210312875,,0.5025811883261935,0.4347826086956522,0,2
0.99235553910493246,0.12339020193528522,0.0023112927399145749,-0.12158527070220812,0.97428628888513247,0.18969251234223297,0.021154336577421159,-0.18852343450300013,0.98184082655345073,0.4091839358873528,-4.024113502078392,-2.9347544468748645,0.618586368174701,0.2344484699406889,0.3010204081632653,1,2
0.9807710490413345,-0.11961626368631337,-0.15420797263464089,0.14217098303738832,0.97921498235457927,0.14465624740916977,0.13369951736839752,-0.16379855858354397,0.97739166727643567,-8.9421980756464645,10.33400169414718,-3.9076364908200638,,0.2077953419765815,0.24,0,2
0.52614445913834962,0.8355973628057618,0.15795269985052249,-0.85024152402032238,0.51336446472981145,0.1163884753069362,0.016166599816067346,-0.19553509563433785,0.98056344385544836,-7.3682953584645103,-2.3471438607820136,-3.4298036856674807,,0.2095364785208131,0.1294117647058824,0,2
-0.48373523395367207,0.87029620271700614,0.092653888035781076,-0.87377328380051322,-0.4741522865472233,-0.10816588038059313,-0.050204302089116033,-0.13328213945762049,0.98980573818974471,2.6395951092125647,8.0667715232545945,-3.1660815786915868,,0.2742474643384831,0.1590909090909091,0,2
-0.77268113861348087,-0.60850204695179011,-0.18080131881835748,0.63153546704483454,-0.76569855104386986,-0.12193720840572754,-0.064240266931564843,-0.20840102635256019,0.97593145267470582,-20.176395658164257,2.5949053970788802,-4.4183605372623864,,0.7710269924869684,0.5433070866141733,0,2
0.9123178043797241,0.40831129538330657,0.030953349966787599,-0.40878774436133009,0.90376057352381733,0.12692283405233828,0.023849609467163295,-0.12844731140163121,0.99142951555920344,6.6026812278396561,29.980157466519305,-3.5511027332586833,,0.4404055240201925,0.5,0,2
-0.46291049359327879,-0.8517230701635623,-0.24552329150689922,0.88631929902597184,-0.44860764037423739,-0.1148446131604277,-0.012327817947079978,-0.270774808187567,0.96256377874697185,-14.285034109560797,5.791821020228241,-4.1090524351199686,,0.2847244184409003,0.3181818181818182,0,1
-0.79234122121305162,-0.60514872260309893,-0.077397756417397504,0.60986263919685724,-0.7890334437595129,-0.074120077852406027,-0.016215747853653345,-0.10593039299861141,0.99424131947968519,-2.0495580137200973,13.881530621689114,-3.5687971907525253,,0.1466209206546046,0.3529411764705883,0,5
-0.85002476182970033,-0.51985521061258677,-0.084902675312989381,0.52633909642256294,-0.8445761032947714,-0.098276962308050775,-0.02061697973612877,-0.12822544888734447,0.99153072287458521,-15.828491309295075,-13.442108697994403,-3.6051265458076558,,0.4769455184567857,0.1666666666666667,0,1
-0.47924658528777248,0.86172704768652331,0.16658092860672602,-0.8776292150117978,-0.46846035602425945,-0.10154730814453269,-0.0094695009259431525,-0.19486249028248967,0.98078485838287743,-22.995043826847603,5.4407993215031665,-4.7198997061426198,,0.3496566802262348,0.1764705882352941,0,1
-0.3812875762467699,-0.87533322582809814,-0.29734076067912385,0.92439672770339854,-0.36466048102077231,-0.11186341400542073,-0.010510661782822695,-0.31751295618143727,0.94819568056694525,-19.012777712130504,8.2172864364247875,-4.5005598491611734,,0.5418224547769018,0.4761904761904762,0,1
0.97944101268871819,0.20152658818189056,-0.0090739693114546272,-0.20032793534413088,0.97694098227181203,0.073858211991255932,0.023749125964049336,-0.070521992410554013,0.99722747034083958,13.052141114316438,9.3666833822516029,-2.6727503505704342,,0.1405202639847298,0.28125,0,2
0.75274220297284267,0.65736826988775643,0.035300617676886512,-0.65805232296592242,0.74984299239902807,0.068575702615611689,0.018609570192391345,-0.074849478921693136,0.99702118302592035,15.780204703537699,18.870107007734514,-2.7951980289210261,,0.5904586263934817,0.1666666666666667,0,1
-0.36016849508757809,-0.91058731792597059,-0.20275451062488864,0.93283326260313193,-0.35387718707441929,-0.067771975399083473,-0.01003789457738977,-0.21354548204231644,0.97688155258033682,-12.113154359049036,-15.293799883427775,-3.3224431054314283,,0.5084645275728081,0.4166666666666667,0,1
-0.018173676124014625,0.98737338721436929,0.15736426442164114,-0.99983384516584373,-0.018169745815510983,-0.001463693234507582,0.0014140569381875805,-0.15736471827517284,0.98753954142867229,3.9599168283040389,25.375914953693766,-3.5946720668891241,,0.5948383282012486,0.6666666666666666,0,1
0.87310748113098291,-0.48005825993344847,-0.085014078026991402,0.48714594265219135,0.86595719192665477,0.11316789433408175,0.019291369848135353,-0.14022199834609309,0.98993213617359155,-8.9517192714763159,-14.443492461534182,-3.1807366442165104,,0.5265439583684737,0.65,0,1
-0.36951785740066989,-0.91461639210133616,-0.16411401025370503,0.92832985555121994,-0.37110369869790044,-0.02203914937081607,-0.040745948930776855,-0.16049579468719066,0.98619514678052334,14.955560817386599,-8.0877998869476784,-2.1718810967039532,,0.3430038967567954,0.546875,1,3
0.91108628418526194,0.40558122047205086,0.073659054907693422,-0.4117209147066983,0.88659416407287195,0.21080008687143867,0.020190868296648252,-0.22238404131665579,0.97475005360610267,2.6849112591425319,19.074749649806577,-3.4620206099652986,,0.2014813631228301,0.375,0,2
-0.79563203987267694,0.59803661887795145,0.096549777882042373,-0.60577259369612579,-0.78625070972616162,-0.12185805751683551,0.0030367506832558035,-0.15544138424543136,0.98784044977372365,-0.3541104797082491,0.42156785680791009,-3.1233375971766999,,0.1493598544112445,0.2839506172839506,0,3
-0.018272829780560298,-0.95341922337092033,-0.30109448383954451,0.9998304912584266,-0.018104222019955145,-0.0033505066758920633,-0.002256643911586829,-0.3011046689306614,0.953588425845455,-6.1270157193892079,19.852073986600288,-4.0018048995372402,,0.684347781649052,0.6122448979591837,0,1
-0.70445055202007956,-0.69052366467302195,-0.16409292576203688,0.70934389149719002,-0.69281910960893878,-0.12974176257589654,-0.024096957364534804,-0.20779497079385106,0.97787554768413887,12.922297294252754,20.464321017854594,-2.9716044059385194,,0.2130157331953359,0.1818181818181818,0,3
0.37370055585237105,-0.91427760195634467,-0.15634692551049559,0.92751475351774681,0.36979665706418996,0.054468471899467741,0.0080172665255732797,-0.16536897830338515,0.98619918092257208,-12.609076192812747,5.2775675068788788,-3.9980290815968158,,0.1719723583606799,0.2142857142857143,0,2
-0.97789222298906475,-0.20545054989111977,-0.038947037973911781,0.2078442888916873,-0.97542554966100581,-0.073114626742074737,-0.022968495654127744,-0.079593144289948417,0.99656278256285746,-4.3369961696583701,2.7716565663010866,-3.4174926659918783,,0.07271539357507949,0.3626373626373626,0,3
0.49157543374259932,-0.86287380213963394,-0.11748359256452558,0.87083458858008822,0.48721195616913504,0.065357701140671479,0.00084396286878305306,-0.13443701628248406,0.99092178116122742,-16.255171337640125,8.1235237817337396,-4.292410644725325,,0.1717969011395137,0.5238095238095238,0,3
-0.97524167852103727,0.22005271033691437,-0.021919697736224507,-0.2138539151478841,-0.96369459913457822,-0.15987251976110647,-0.056304275604885386,-0.15122673134145942,0.98689427208611691,18.322386538877222,9.8179527279702707,-2.46707116066721,,0.2320371206606004,0.3571428571428572,0,3
-0.096143758044554689,-0.99433854142874345,-0.045246467469064376,0.99535922446879888,-0.096228478110356952,-0.00030702676608135917,-0.0040487101576529207,-0.045066007477071998,0.99897580697238875,4.7466505740839651,23.665316891013354,-3.4775805337697991,,0.1030995095387505,0.35,0,1
-0.48155180738217612,0.86575612736554353,0.13628714075794932,-0.8763658648338537,-0.47397563858408809,-0.08561521466899541,-0.0095251121238505727,-0.16066555933934107,0.98696294270920104,6.3565490961198874,-21.923682912126615,-2.1071561592505299,,0.4993865182190641,0.2972972972972973,0,1
0.77472519102829229,0.62793238403353646,0.074174115890485268,-0.63201045324267646,0.76548808001248181,0.12079232736722458,0.019070012537029828,-0.14045967549714547,0.98990272965634052,0.19063984823368232,18.341529501255994,-3.5895781452661306,,0.454662364718857,0.6470588235294118,0,1
-0.92146625943220695,0.38805867258194759,0.017618154328784642,-0.3871354656362811,-0.91364323106241463,-0.12402490709696366,-0.032032233368840014,-0.12110537959879203,0.99212268548684857,26.22571244224407,2.3658313925107102,-1.9837484696938139,,0.1096009909299394,0.2,0,3
-0.53019518201752935,0.84335833294745299,0.087405899191590142,-0.84744794855633421,-0.52383056695772123,-0.086217814913224777,-0.02692663092660923,-0.11978422003270579,0.99243473194870446,2.4610957519309857,20.27710015667212,-3.4992838071097117,,0.163490897324284,0.2222222222222222,0,2
-0.41268585043926581,0.90748286234514652,0.078519063908573647,-0.91083942347265956,-0.41038958820403326,-0.044180658004562223,-0.0078697836826664234,-0.089750991323677351,0.99593314336917427,27.141022575605721,-19.993864682079924,-1.4648803432947617,,0.1288636045583894,0.25,0,1
0.4730433103757638,-0.87247648318141291,-0.12253494523658347,0.88098660104971871,0.46993726819887394,0.054968834157575946,0.009624722312994485,-0.13395428419118721,0.99094077243154355,31.882827126517515,-26.279303609381646,-1.0840133208413416,,0.4838059147913414,0.4285714285714285,0,2
0.40644324105950119,-0.86555343973674892,-0.29261089309342403,0.91360046230339287,0.38912326372386963,0.11797152583531124,0.011751045743923069,-0.31527817651839957,0.94892654317136582,7.5730224833952802,18.563881301140146,-3.1781332696132156,,0.1342700328726084,0.3571428571428572,0,2
0.84470434931848604,0.52777944816338762,0.08901357390185867,-0.53480131255691543,0.82558923922810268,0.17997212050248654,0.021496937684987106,-0.19962780910261718,0.97963596274486342,-2.4584418129777923,0.56865518159093653,-3.2668696610084749,,0.4590372162345485,0.2953191489361702,0,2
0.27349462221251836,0.9508291442550485,0.14534314588601685,-0.96183953275854861,0.2690742889341205,0.049636078183256264,0.0080873261124341355,-0.15337198397950469,0.98813543084262578,-21.205202629659365,-0.52631276492627921,-4.3771492432109786,,0.4859477102424804,0.8,0,1
0.3874831127914265,-0.89139200383260764,-0.23511089469600716,0.92184815937976383,0.37666848716647044,0.091196610813481141,0.0072669353657289666,-0.25207369215967945,0.96768075591662939,-7.2533448966550615,18.139082886836697,-4.0351703529396472,,0.148938268768911,0.4285714285714285,0,1
0.97363750643795699,0.22305898314225656,0.047693774193502229,-0.22797329890281981,0.95857593140264974,0.17076404399904888,-0.007627650007956675,-0.17713518502851433,0.98415697181916617,-6.0224478676140132,-12.675702784576146,-3.0367197080432371,,0.1001512786234619,0.2857142857142857,0,2
0.74368269584476931,-0.66728532679461705,-0.040820834700642752,0.66834147981082304,0.74354320056321099,0.021521506929010479,0.015991068298740321,-0.043287429362548972,0.9989346746378599,-4.1409262483674194,-2.3552673713100201,-3.2265049903949938,,0.09932094356648011,0.5980392156862745,0,2
0.013789588974937242,-0.98723609115028832,-0.15866552103781767,0.99990397452609725,0.013832972213687943,0.00083102746599690808,0.0013743954366171446,-0.15866174463315105,0.98733204233791005,-0.61123705442503262,-7.2680686892055348,-2.9118854659674684,,0.1399521840421725,0.25,0,2
0.72363246345587851,-0.68026854971229866,-0.11657940686546531,0.69001227263621867,0.71684028773196573,0.10011526105321751,0.015463552120321593,-0.15288787445929022,0.98812255130583038,26.581215148020551,-18.557956877428545,-1.5137300252640704,,0.1826008524903243,0.2380952380952381,0,1
-0.69291977397872162,0.71119852439234643,0.11857000350605704,-0.72086488848239083,-0.67999202567570816,-0.1340323004753613,-0.014696917450528955,-0.17834658370598605,0.9838579657134745,10.340361884199853,20.522965736855749,-3.1084284481968969,,0.3902381511830336,0.125,0,1
-0.98616626412114528,0.16553117205392379,-0.0086908335502564587,-0.16422533426417424,-0.9828131686131979,-0.084310824846554985,-0.022497535313100739,-0.081717236119074152,0.99640160288203872,20.159402862278775,23.993312724637459,-2.6960490006166298,,0.4938314116140421,0.6097560975609756,0,1
-0.12805486847108527,0.98495420694053382,0.11604809731743926,-0.99176642848867902,-0.127040496244232,-0.016126488670187088,-0.0011410449874732092,-0.11715768239498464,0.99311267007936865,36.28462529148841,-6.6066492374073871,-1.4024065234548246,,0.2928693282571501,0.3333333333333333,0,1
0.99718317038356319,0.074396678242427211,-0.0095319971820499883,-0.071331690036560189,0.97994230103172564,0.18607760919889027,0.023184363271695933,-0.18487352680992367,0.98248881132791865,13.955536943547656,17.9084578759098,-2.8587401448285985,,0.7181411101683014,0.5365853658536586,0,1
