axis_00,axis_01,axis_02,axis_10,axis_11,axis_12,axis_20,axis_21,axis_22,location_x,location_y,location_z,dbh,dbh_approximation,score,reconstructed,number_clusters
-0.97215297590294414,0.22749988565313678,0.056235162228441021,-0.23343106471298206,-0.96125609464131889,-0.14661738826579601,0.020700953360002074,-0.15566156411500329,0.98759351354049374,-23.357545159098244,-8.9817186053994682,-1.8637175902287333,,0.1816164963086861,0.6060606060606061,0,5
0.32109038332591705,-0.94546110396244476,-0.054811190734456817,0.94701481228984175,0.32102930181911232,0.010155425996357628,0.007994438019631683,-0.055167819130782829,0.99844509147629223,-15.924514621924102,-24.468185315377688,-2.2538563017991722,,0.3199859585899335,0.4166666666666667,0,5
-0.49320412079570958,-0.85525451365496186,-0.15902645095375351,0.86890479698197609,-0.47552934324331009,-0.13739103863170041,0.041882562145152083,-0.20594067249429246,0.97766778120216091,9.6016668896657542,4.3369573234508527,-3.6751772315658515,1.232563457927349,0.4793186362510368,0.2222222222222222,1,1
0.99243286911288842,-0.11649404294727633,0.038808997180514143,0.1111014854118109,0.98651944410798298,0.12014926689815461,-0.052282504183026518,-0.114928344435448,0.99199698356480759,6.1815414778856086,8.64016043772099,-3.4778670523692776,,0.2608176337098446,0.53125,1,5
-0.6960353647211881,-0.71787417659367636,0.013836099067066615,0.71651737453845254,-0.69570271841501585,-0.050995878014598574,0.046234435672619228,-0.025581129175779833,0.9986030156113721,3.1571561806014996,7.3330095999909739,-3.2473085696740949,,0.09343012107296114,0.3220338983050847,0,5
0.79928627761078685,-0.6001712522827003,-0.030592717376955868,0.60082927092384864,0.79911122941209189,0.020625960065173053,0.012067875712308006,-0.034867046919816659,0.999319095892239,7.2022503098896564,7.1760065574022489,-3.5365836647449891,,0.1425632728913396,0.4736842105263158,0,4
0.22328587403407082,-0.96138271137580722,-0.16089344525039828,0.97449582638748333,0.22395644566189454,0.014191363566172384,0.022389792545209192,-0.15995872190722424,0.98686975051198633,2.8899228742647356,21.368795237581974,-3.1575922565205716,,0.456890478332127,0.6785714285714286,0,1
-0.71827013216972058,0.69141383597594896,0.077684777491587531,-0.6957306616977138,-0.71484292642240654,-0.070416169432259562,0.0068456998586689834,-0.10462551297305629,0.99448812885251237,-10.47353478167525,4.043841410640562,-2.4263097446494224,,0.1100629666779586,0.3839285714285715,0,4
-0.068403994878697569,-0.99344927187357313,-0.091539268614632227,0.99685283782124867,-0.064375605686226148,-0.04626230777051768,0.040066360108670845,-0.094415706354388979,0.9947262745002986,25.263329151836569,3.2790489742202733,-4.9894096540991342,,0.1891742138367832,0.1785714285714286,0,6
-0.92960622889321542,0.35972508141927773,0.080188060213654794,-0.36760253154484412,-0.92061940513523099,-0.13163696171773009,0.026469567521146164,-0.15184787349958956,0.98804938404357889,6.2975341024876421,14.768836313186219,-3.4250338012216779,,0.466726126409037,0.7555555555555555,1,3
-0.094833383701545093,0.99311247071595454,0.068805885243694437,-0.99516146543774009,-0.092790985949912266,-0.032303105644090564,-0.025696051127082339,-0.071536378402153517,0.99710694487681639,3.6885838512849967,15.928127028600761,-3.2340987371024426,,0.1112613414644279,0.5151515151515151,0,5
0.995275444435611,0.06769648112155717,0.069598679206258895,-0.083039793749140944,0.96496392014985888,0.24889561157866347,-0.050310857253650629,-0.25349915039852772,0.96602639632135678,-4.9268746874091516,-20.22687781871911,-2.7957071390686306,,0.5034434629354525,0.2777777777777778,0,2
0.86945888003443828,-0.49373219603968271,-0.016424814248326397,0.49374335732347358,0.86743474337892335,0.061436659073273524,-0.016085802069045165,-0.061526291721289102,0.99797583257252365,-3.9625936581706189,-14.182591936089242,-2.8583782892607501,,0.09852343502270969,0.2222222222222222,0,2
0.52352845491193678,0.84975828844995893,0.06187736345478994,-0.85094397824527046,0.52512254891638666,-0.011859785312952554,-0.042571149686523493,-0.046445234741070138,0.99801329519411408,-10.112457797739557,-18.768221532300757,-2.517522772951629,,0.4022674011244305,0.648936170212766,1,5
0.20035316450947635,-0.97264325889393566,-0.11757423356851188,0.97905639015976553,0.20319840835938263,-0.012609192184384638,0.036155142903435723,-0.11258551313733872,0.99298404210401825,5.8643835192052522,16.509687203380675,-3.3667502515283694,,0.4054885128147848,0.6853932584269663,1,5
-0.92906108006347221,-0.36955601008807304,0.016548864585739582,0.36770131415779544,-0.92744761963531508,-0.068092998167334121,0.040512381785365828,-0.057177515166107654,0.99754171776497891,-2.2629135403652856,3.883897289692178,-2.9073551390970742,,0.07157430811715321,0.3297872340425532,0,5
0.54365292958783762,0.83552647340259145,0.079605303805654185,-0.83913868722552776,0.54300850683958368,0.031432866577268952,-0.016963364995779981,-0.08388846013174181,0.99633075356768219,10.775309381329224,-12.798265810950712,-3.6723750810285747,0.1154818967142049,0.1422233330008928,0.2857142857142857,1,5
-0.89299837282745442,-0.44971397669488422,-0.017642145356834702,0.44811271971029826,-0.88480900879066482,-0.12770281279878226,0.041819810632741004,-0.12194407377217727,0.99165555830161478,2.5145633023290297,5.7538728433069046,-3.1831119644779271,,0.217423293806694,0.1290322580645161,0,1
-0.00063727199370563093,-0.99972279017508658,-0.023535859638968971,0.99970870967845127,-6.9071049319094479e-05,-0.024134850781297373,0.024126534717016094,-0.023544384335322001,0.99943162461912249,4.6760868163350304,-4.0588621496575321,-3.3330366713643138,,0.1610015952089478,0.485981308411215,1,5
0.06297551421530502,-0.99788047986079365,-0.016390012877054289,0.99779070871365105,0.063301075090717751,-0.020166196891553238,0.021160959666978642,-0.015083825945409217,0.99966228896603904,-9.9937832999030665,-16.66537149077546,-2.530726270624537,,0.115880289257347,0.6346153846153846,0,5
-0.52603848392577901,0.83349268794002696,0.1690368379365155,-0.85029181967346257,-0.51147917945922772,-0.12406800706107197,-0.01695095352654372,-0.20899518685898716,0.97776974643538506,-3.3118911119724723,29.019858418313653,-2.7229954217838368,,0.4794164248174352,0.36,0,3
-0.82337481648226807,0.5637887024425553,0.064778164383760023,-0.56745302044918189,-0.81936455627679183,-0.081478791721741148,0.0071401096553369327,-0.10384615021980387,0.99456774325263231,2.6368657455973841,-17.621887996502668,-3.2535078451747572,0.2565785791685851,0.1883218793786199,0.5277777777777778,1,5
0.80244537338550759,-0.59558403286676298,-0.03689285196831045,0.59556052727452191,0.79548505858431107,0.11185338582988057,-0.037270378113008602,-0.11172815832759965,0.99303964550869539,5.9871207960072459,-5.7710107355732907,-3.3733981166729925,0.3975806800942933,0.1853576603026814,0.25,1,2
0.92253175173705704,0.3622957120436967,0.13295481966332579,-0.37628324942356062,0.92093998241063912,0.10139262794078245,-0.085709294946365561,-0.14356659023687346,0.98592218299800627,31.15741426204961,4.6918465466835277,-5.5182715047429252,,0.3413050260277053,0.64,0,4
0.99948437639438714,-0.012485336475278982,0.029582050581740852,0.011519165191292842,0.99940180091613762,0.032609034927075335,-0.029971489399382753,-0.032251460411562453,0.99903030640942148,-4.3277761516097399,-18.469438197543585,-2.8495849401198687,,0.1244997596102764,0.375,0,5
0.54964025925963755,0.83417873790524388,0.045182060907087894,-0.83434830522497483,0.55085875311751054,-0.020433787755399412,-0.041934365014980587,-0.026466343544866246,0.99876976410489826,-17.541376089445972,-5.9517265234197971,-2.1177756534710843,,0.06610497209201752,0.3461538461538461,0,4
-0.40645388164164242,0.88558238927007871,0.22480897204769501,-0.91323364237742222,-0.38615480360590043,-0.12995684699990134,-0.02827643061825667,-0.25812458129125948,0.96569774981859791,-1.5960722270718297,16.347795442188701,-2.9536896249752078,,0.3737177897808047,0.1363636363636364,0,5
0.63034544443813556,0.77268552706280791,0.07497797639146607,-0.77502974337086783,0.63191487233587296,0.0035342624723489814,-0.044648824918190125,-0.060337968050038791,0.99717892679549547,16.80304580758725,16.577172083303573,-4.2279758647436454,0.1852220093163004,0.1578830741128455,0.4,1,5
-0.33528368376202439,-0.94173181209152956,-0.026945231447727921,0.94098214315564899,-0.33333920877946915,-0.058630863480589719,0.04623264717890152,-0.045012953525428459,0.9979160166816391,5.8096142926860699,5.4666727559610653,-3.4021247974705728,,0.1003718213677256,0.328125,0,2
0.034588769722548166,0.97063779029714692,0.23804599777386087,-0.99908372070980533,0.039589926461155479,-0.01625905087797876,-0.025205872762769713,-0.23726550058926127,0.97111778184131459,28.054091463805456,2.1545698697844893,-5.2607882949042848,,0.3107686838951114,0.3488372093023256,0,3
0.9486242178543316,0.31213221351374143,0.051822529726654819,-0.31433299543592386,0.94839901296597851,0.041642288427000858,-0.036150536379662077,-0.055792414288774773,0.99778772553449113,9.2317846554955256,-8.8852943201516137,-3.5770924685657417,,0.08323695739740032,0.3076923076923077,0,4
0.64777106240908855,-0.73140894683145019,-0.2131515967575883,0.76183088284852007,0.62282296274421189,0.17805971755780861,0.002521238514158303,-0.27772740155308911,0.9606566159575044,-9.056373399754241,-9.2265942939906171,-2.5570565944360779,,0.3973387183579355,0.2450980392156863,0,1
0.47705117405868752,0.8722658821470648,0.10758442346097857,-0.87767406805988601,0.47921473724015307,0.0064393995886248565,-0.045939172657316896,-0.09749598173286099,0.99417509824049954,-12.657998630120627,19.289452300820464,-2.2685630978226721,,0.1179903299862749,0.25,0,2
-0.95699132445079071,-0.28980408935886243,0.013460858694865629,0.28470900904531887,-0.94705888634843771,-0.14839220315397558,0.055752893147846302,-0.13817762329457953,0.98883697307812435,20.998426030572563,-3.5068705810331271,-4.4602385663282558,,0.2633671405147517,0.2962962962962963,0,2
0.1471974450084837,-0.98903364647558378,0.012056463917090034,0.98870966536156613,0.14678184261302446,-0.030137821748502165,0.028037649751604329,0.016356552764410521,0.99947303784447883,-7.8035825374867809,4.6100249614346698,-2.5888545827428278,,0.09581301015877711,0.5020080321285141,1,5
0.28739941525818918,-0.95766700065244259,-0.016597950795385456,0.9574213404316152,0.28773354978546506,-0.023532556469389856,0.027312140073245544,-0.0091279893301029653,0.99958527741029135,-9.9818548131532285,6.0518237814835043,-2.4604139644235441,,0.1048287207521404,0.5061728395061729,0,5
-0.55930178902354977,0.82067185276214671,0.11695819286822828,-0.828954761811452,-0.55303042172392392,-0.083614326033145878,-0.0039384851370957118,-0.14371869304931692,0.98961074448644737,17.582670956052247,9.712384712121251,-4.3470660063809214,0.4584602522298387,0.346886064687236,0.5,1,5
-0.63168526739626607,-0.77486318681718103,-0.023680470224002347,0.77400924436015894,-0.62869029801741616,-0.075220999885589557,0.04339830180460217,-0.065844900290716421,0.99688566872344075,7.1502917888370945,-3.206344892358719,-3.4785664259546292,,0.4715385530893242,0.9707112970711297,1,1
-0.39180863351661144,-0.9120907407888198,-0.12073307446240997,0.91931048299249762,-0.38286097555640464,-0.091025871355880417,0.036799871765330498,-0.14665590326781372,0.98850281510714721,5.5367179216692772,-18.333050328157171,-3.4511413612370925,0.6484909613930006,0.5599777584426965,0.6521739130434783,1,5
0.86508891587265557,0.497507085848858,0.064092645166590356,-0.49844751167867068,0.86691856664111544,-0.0015089447488860089,-0.056313814784783346,-0.030641448123265403,0.99794281194930912,10.035135921316357,5.472392197882999,-3.7133015439584165,,0.07896174047732545,0.3548387096774194,0,5
0.78929536162960756,0.59558309097493911,0.14931046130369841,-0.61258041553799647,0.78042172907166585,0.12524839037722379,-0.041929304898617653,-0.19032263800590676,0.98082578822805722,17.197630707135453,0.70952948997358034,-4.2977054981908474,,0.1493970046635071,0.2916666666666667,0,6
0.9857286619512815,0.15843809594590835,0.056889144489707701,-0.1624596726588049,0.98387180758296178,0.074853997909456446,-0.044111900518223716,-0.083027922992629899,0.99557044162439845,2.539324162018568,17.908370203972417,-3.1685688199190682,,0.08442068264094402,0.35,0,4
0.58185867576640393,0.79263639033704414,0.18212093275849925,-0.81327802885637468,0.56828460291147509,0.12502582882442756,-0.0043965002962397925,-0.22086231640369527,0.97529508764165163,-1.1350550990750021,23.27702340698735,-2.8820949077815849,,0.3638481273708285,0.2631578947368421,0,3
0.55252733588120484,-0.83005435513275405,-0.075652565251722786,0.83226624760232704,0.54450937313940773,0.10412701698056732,-0.045237553050098356,-0.12049609988907134,0.99168253675536844,-14.048285484602413,-22.821001353004789,-2.3397845396708137,,0.3495145034261484,0.5238095238095238,0,2
0.46023055708709915,0.88264222758921262,0.095553819388078345,-0.88776556179633048,0.45847980048018055,0.040848253819453735,-0.0077551023038331468,-0.10362900476220492,0.99458578702907807,-15.967316004960027,-11.873920521598075,-2.2077745232680939,,0.1505725223211513,0.25,0,4
-0.60248193858983523,0.7892558162114417,0.11870455024743465,-0.79732735183603931,-0.58850133771893642,-0.13392262511297992,-0.035841424178783887,-0.17533234749878304,0.98385667667267618,0.0017599544237281478,6.2305207629330228,-3.0281056479328656,0.525561541788467,0.6158536721274462,0.19375,1,4
0.80392529165876181,-0.59472832226535521,-0.0015323598825684904,0.59466847097838493,0.80380190031723253,0.01648983537318478,-0.0085752583403476464,-0.014167841820148163,0.99986285919747742,5.9497083216247963,18.303913520035604,-3.3974157491233647,,0.09173598257465579,0.3,0,5
-0.92883773759703192,-0.37034467467561055,0.010260563095816338,0.36795216005713316,-0.925363404923771,-0.091179914110371851,0.043262745230935568,-0.080915948782061362,0.99578157449702864,-14.087921039441898,17.584173413037075,-2.2151175290031286,,0.1269065909961228,0.3055555555555556,0,4
0.027017407221198712,-0.99939931329182097,-0.021704200028596941,0.99922981499941865,0.027618191976944598,-0.027874940146175572,0.02845762680323426,-0.020934375170089531,0.99937576287048635,5.6434492165139654,-13.149228889218659,-3.4013243053484583,,0.1027705141080257,0.3333333333333333,0,4
-0.53155191257807421,0.83927755763950174,0.1143054918945887,-0.84698026222193945,-0.52526324753199227,-0.081993635110289842,-0.0087749439340550645,-0.1403983690603898,0.99005620967909491,-21.414894105795081,-5.2438182087185066,-1.9334662889354373,,0.06549568816874766,0.1111111111111111,0,1
0.40113277342294262,0.89772101353333567,0.18217980114902935,-0.9156788246805746,0.39840010465637721,0.053006100039433422,-0.02499576199320171,-0.18808067011383578,0.9818354614760616,-5.1867933247132649,4.8492937329010699,-2.7283039964859435,,0.2105316915789512,0.205,0,3
0.78486114968569165,0.59956879637290261,0.1565574467408225,-0.61816540750010718,0.77515828166199641,0.13038852457578406,-0.043179910656263948,-0.19911528516608762,0.9790243094678226,-20.761495827233428,-7.6386611601852508,-1.9780646401387274,,0.0842822754576275,0.2222222222222222,0,3
0.89444069703182338,0.44277438236042588,0.062663273283219287,-0.4465639528506099,0.89177450724525531,0.072930543957375721,-0.023589733098580735,-0.093215205588057695,0.99536649026351676,4.102726017830661,-16.962043523626757,-3.3358399824442264,,0.1582962918407533,0.3157894736842105,0,3
-0.31030328493294318,0.93302405581806691,0.18214824353978709,-0.95056190045417788,-0.30211147890066542,-0.07183820516546012,-0.011997698311204372,-0.1954348115900994,0.98064330398671251,11.317391414181181,15.844811856064753,-3.7767763845595663,0.4265435071268531,0.2655984405104705,0.2857142857142857,1,5
0.057106676240122008,-0.99809855379398904,-0.02319707833227035,0.99804924037437415,0.057660198205145917,-0.023937738637514819,0.025229770449621044,-0.021784821718134059,0.99944428570369459,0.56189831094375398,-7.6850863215453318,-3.0828719743245516,,0.1021836865077045,0.6090909090909091,0,5
-0.27663123639361475,-0.9566174649497462,-0.091423108700486561,0.96032817171049911,-0.27169775887253306,-0.062850063188613622,0.035284014376340739,-0.10518247751771154,0.99382678810380509,-0.17598860894302593,-26.594185378217571,-3.1374032012159159,,0.3206891625146299,0.1,0,4
-0.99782380005256144,0.051781938343756287,0.040820275722110111,-0.056627852235023535,-0.99012806979439849,-0.12821736136914966,0.033777957308191595,-0.13024989929586195,0.99090565309392775,3.4748183199536156,5.0581391310710178,-3.2518026187406477,,0.07965838123959593,0.2096774193548387,1,8
0.93200106439862218,0.35662901957771526,0.064728342747777778,-0.35961750599420289,0.93214283476838011,0.042249082504575992,-0.045268812027107939,-0.062653635050223769,0.99700815276137456,-17.852203249809968,-19.435344755824723,-2.1308003461700529,,0.190022254212505,0.7297297297297297,1,4
0.052999553557044443,0.99572008884427743,0.075713618290886145,-0.99808646805816725,0.055238410928691563,-0.027787051611248927,-0.031850425459123373,-0.07409603653379207,0.99674235776757047,-22.32668059045686,-1.1147504097424936,-1.8834219212770691,,0.06164927155186982,0.1764705882352941,0,1
0.63694844897305714,-0.76272993409173717,-0.1119808956529259,0.77082093585725708,0.6322857868299554,0.077780258529827812,0.01147859725573956,-0.13585923381661941,0.9906616528319856,1.0790876170895498,-17.755630492659996,-3.1706457499983891,0.1444201513427885,0.1437527387313578,0.1111111111111111,1,5
-0.93302789825105703,-0.35963748549025404,-0.010946237502526249,0.35642457705722147,-0.91967673219212465,-0.16479147166645211,0.049198190564239033,-0.15765654853085426,0.98626768716740509,27.142504636702448,-1.618766123900178,-5.1768174569627776,,0.481246981138736,0.2631578947368421,0,5
0.99245243307008824,-0.11561793800107513,0.040873714116037491,0.11274192592845175,0.99137698463407142,0.066790212425155523,-0.048243406090402646,-0.061677927577322683,0.9969294894918902,-20.578153957327363,-16.176546680862717,-2.0048191825022599,,0.1832697736306886,0.5416666666666666,0,3
-0.14671778717760162,0.97896822444686593,0.14175720951351223,-0.9891755997393894,-0.14486247745339095,-0.023377243342279221,-0.0023502778402466331,-0.14365263015140228,0.98962538268006084,-10.809253998268604,-27.371647399406449,-2.562455281427404,,0.2752276629882315,0.8,0,2
0.99506095712289011,0.094675630081517206,0.029836499096672946,-0.094665117014151201,0.99550760427751339,-0.0017678931932550409,-0.029869838137745321,-0.001065314185307763,0.999553229135553,-6.3634912367615,-6.2002721712379989,-2.7409275864422811,,0.2050552376357762,0.8461538461538461,1,5
0.21880663498017536,-0.96833700434777981,-0.12019610018391072,0.97551864349599671,0.21987067662158541,0.0045013057769017458,0.022068816923053899,-0.11823845217497822,0.99273996381070628,3.4643249854010083,17.267844391959692,-3.2267349459867862,0.4776853897311998,0.6381724195611518,0.1578947368421053,1,4
0.44207121759360923,-0.88953109465171953,-0.11535800892446145,0.89687335231523879,0.44033069674209363,0.041558000594913248,0.013828538683758752,-0.1218331201042422,0.99245426210155174,-16.334385802989726,6.4901797982865368,-2.1346749834217826,,0.439080749953306,0.3008849557522124,1,4
-0.03555421360365716,-0.99936519581591632,-0.0022590455598084373,0.99887678494273702,-0.035465808587613563,-0.031422045186278821,0.031321979463107233,-0.0033736942722373403,0.99950365271442132,-26.358089362912597,-8.2812165880424828,-1.7349488456281579,,0.5798961495497775,0.8828828828828829,0,1
-0.9630878108217662,-0.26844452991994322,0.019985069491960199,0.26641333878184703,-0.96116336315350626,-0.072034174185241315,0.038546096633077412,-0.064050946031277464,0.99720192275529218,1.6142882611360327,-7.0382726924111294,-3.1316183425508841,,0.1653027305378423,0.2835820895522388,0,1
0.27215239496476734,-0.94142099714101157,-0.19914713168149367,0.96100107985294325,0.2764719739868659,0.0063381480957796317,0.049091734909448605,-0.19310555077943936,0.97994910470990848,8.2012392639349887,-20.242609100021799,-3.6647488508141683,,0.2824404856171231,0.1818181818181818,0,3
-0.69887016210169994,-0.69660046140185572,-0.162259957163394,0.71391179250630288,-0.66551373801267766,-0.21776459087012234,0.043708683855526322,-0.26802847179192713,0.96241897802594401,22.278753711254723,21.98845647157458,-4.6575185811042523,,0.4480756635721136,0.4583333333333333,0,1
-0.8585937419410572,0.4948970248457194,0.1337674141878672,-0.51239201611178398,-0.83680438330243168,-0.19290631381771373,0.016468397753097906,-0.2341695088705881,0.97205629106073532,-0.70888708039873882,-15.226780252149856,-3.0451417402378778,,0.3830172901674016,0.373134328358209,0,5
-0.85683701478365593,-0.51379679331729333,-0.042932333660083061,0.51549808718987866,-0.85216395565498171,-0.089879445848491293,0.0095943837848142324,-0.099143571951600937,0.99502688402900374,-4.4563702084510064,-16.058629195266089,-2.8358649180578843,,0.1700340986354889,0.2307692307692308,0,4
-0.48957534327939517,0.86034596508197791,0.14184781852401804,-0.87183263511186615,-0.48019156112749106,-0.096560452442202099,-0.014961270225561532,-0.17094117406026918,0.98516763822414233,-1.2317667040355944,13.994985219218627,-2.9650577531922213,,0.1370385436243179,0.5526315789473685,0,5
-0.83667385377152981,-0.54697738675740382,-0.028153166627198321,0.54601117686870193,-0.82895392438075488,-0.12127318742492629,0.042996013182065695,-0.11683804872466733,0.99221984117465623,-7.0086330706698776,-20.378605588070268,-2.6792114825894453,,0.3609892694360438,0.1923076923076923,0,1
0.14437305568085898,-0.98134519042172086,-0.12695683530052759,0.98945648967978084,0.14466140902590655,0.0069951246738408036,0.01150112272497031,-0.12662817212134519,0.99188357693898199,-5.3186832515664531,-11.259039382728474,-2.785041500125442,,0.1898187655345537,0.3870967741935484,0,3
0.54061117089570687,0.80021339340434172,0.25961141523261377,-0.84004166186835239,0.5301611343616941,0.11514850384515639,-0.04549250738560183,-0.28033497218261849,0.95882362045536873,-15.824199253878817,-22.598629933263609,-2.2465242610049625,,0.5333489997435142,0.4285714285714285,0,4
0.84525298334906396,0.53144606954282181,0.055789508933072725,-0.53256953700823717,0.84636159267170419,0.0064608591571327185,-0.043784499430039772,-0.035172853419967995,0.99842164839909109,2.1084446536825263,-15.515993972107996,-3.207859541775298,,0.06606267087879958,0.375,0,2
0.56541116105944411,0.81009204541677671,0.15511639791418921,-0.82297580173161533,0.56662035623043761,0.040647283666873313,-0.054964067476986872,-0.15063946978714957,0.98705962404944414,-12.804513336383378,-21.961744978899485,-2.39632530986494,,0.2273207521472392,0.1666666666666667,0,5
-0.99875392042848099,0.03016630097272861,0.03975676941555132,-0.039558593939435151,-0.96421398739303488,-0.26215740340711047,0.030425714030626282,-0.26340345631985607,0.96420583649160685,-18.496684086275184,-22.348526762673888,-2.1127935298921279,,0.2765734909662614,0.25,0,1
0.38347981048151214,0.92096462079576691,0.06904637713575415,-0.92317156845841464,0.38438813078718148,0.00014177435441367818,-0.026410038680288163,-0.063796019879347063,0.99761344102034799,-20.198425427929969,-21.754100296894826,-2.0406829866012153,,0.3242943232774811,0.7297297297297297,0,2
-0.9832726197426811,0.16937570390830564,0.06698377557236164,-0.1775731464260463,-0.97327545733681231,-0.14561133820609792,0.040530641898648502,-0.15507016177002805,0.98707168533794876,-3.9048483546793911,-17.320291257435034,-2.8840272190349316,,0.1580069796463417,0.2142857142857143,0,4
-0.4695205246126396,0.87368697769461312,0.12736381736711871,-0.882755217159234,-0.46172223338968232,-0.086924138027350287,-0.017137781234043397,-0.15324374114624287,0.98803980297044602,-14.354085059612053,-8.2488395818585918,-2.2910888106822895,,0.3709895706334298,0.3207547169811321,1,3
0.24766797358123338,-0.96879199974727004,-0.010130947036180117,0.96864296637822322,0.24781631783972632,-0.017829085740852617,0.019783289619281601,-0.0053975770531031657,0.99978972169841496,5.203453876886047,-11.454021888023682,-3.3632757753638942,0.4921125854362526,0.4693564295218112,0.8809523809523809,1,5
0.30446697578660592,-0.94644467616797634,-0.1074352624078872,0.95195247872518873,0.30624577464128766,-6.1345949322269249e-05,0.032959655707033977,-0.10225458653601252,0.99421208030682351,6.4787895603370416,14.67994477792638,-3.439742893319762,,0.4145261621421902,0.7068965517241379,0,3
-0.2042817557601721,0.97181307052344224,0.1176788860558222,-0.97863914737336766,-0.19990493339490556,-0.047994133315493494,-0.023116736185465364,-0.12496949053339435,0.99189124552238805,-3.3954842370371972,24.786649554956671,-2.7387657042865059,,0.1080982857725894,0.2666666666666667,0,1
-0.68191460175749252,0.7289137150563475,0.060640513789668962,-0.73143161280976932,-0.67950773560575184,-0.057245375659907984,-0.00052124123087240255,-0.083390846348374806,0.99651678111955611,-2.0282715091380168,19.082839446341843,-2.8767361109858491,,0.06352190331348662,0.4285714285714285,0,1
-0.4336642015671654,0.89838088993280407,0.069621382366755927,-0.90091056197486996,-0.43081505884447135,-0.05252184683501411,-0.017190683559387,-0.085499483486040639,0.99618990093374427,-1.9324895937270943,-19.440278234816375,-2.9958122424980589,0.3954954785445589,0.3381796614050395,0.7613636363636364,1,5
0.16813994840223129,0.98215117288712872,0.084309141543090757,-0.98513787630864957,0.1704633357696963,-0.021109614405574323,-0.035104450050944577,-0.079506759176221492,0.99621601715286401,-13.693548861140901,6.5308557578857922,-2.2687660730341768,,0.1322437323625785,0.4615384615384616,0,1
0.62291438278257105,-0.78212162371602367,-0.016230755941070873,0.78227973497892545,0.6228784881091598,0.0077977748203473312,0.00401098041758102,-0.01755433754538269,0.99983786549091658,18.21846489556847,-3.4855374077273678,-4.2242746745243638,0.5423040657110912,0.4684871007954213,0.9484536082474226,1,5
0.61411025753858883,0.78650273448161812,0.065437300057567677,-0.78809800376796835,0.61554556120472403,-0.0022800302856558091,-0.042072889642026629,-0.050170815561414804,0.99785407812118054,5.198144334439645,6.5821982259691758,-3.38348019504331,,0.0884658743116476,0.46875,0,5
-0.11821332571731943,0.9914619433186983,0.055034757867750327,-0.99261126304619307,-0.11645980782034278,-0.03405867930925683,-0.027358547050106805,-0.058654310269235933,0.9979033930146487,-3.8033619033443236,15.026173657075056,-2.8268828161957082,,0.1016325831400895,0.2666666666666667,1,5
-0.58935345725113253,0.80089644250416669,0.10595938283279212,-0.8078586653494384,-0.58509197956234971,-0.070934845256994297,0.0051845198389329035,-0.12740590188833339,0.99183711208950964,3.6771507766979248,11.884202699380317,-3.2725560740518693,,0.2796764998412278,0.3333333333333333,1,5
0.98515848116965377,0.16816386805531208,0.034404657536093994,-0.16823536226470695,0.98574650848713541,-0.00082697586686079287,-0.034053338502459965,-0.0049733777352174184,0.99940764238159574,-13.234697265846426,-15.649560607785013,-2.3538515636514936,,0.1356499320491623,0.5121951219512195,1,5
0.82721376780208278,0.55683578082668372,0.075175099267108594,-0.55983637759992411,0.82820536140917522,0.025673130874379446,-0.047964702380785561,-0.063322922581284191,0.99683980398120509,-3.3454695788922013,-13.669823662244132,-2.8949337970632181,0.8111216202418522,0.5316170540964441,0.6639344262295082,1,5
0.57716494868669321,0.76969251571742503,0.27286270037523969,-0.80912356137659214,0.58418695563328638,0.063597667356377674,-0.1104521816567986,-0.25748598431078512,0.95994858375371306,-6.0419384154174676,20.580533741825246,-2.6279153776704387,,0.5236279406308527,0.8928571428571429,0,5
0.86805513897876829,0.47229703812514578,0.15302216659936829,-0.49276186510225378,0.85721902303818986,0.14953692133516194,-0.060547667118547699,-0.20520978124754372,0.97684334756747759,-12.118066047254391,-20.278513371159981,-2.4079856217429154,,0.2661842055871569,0.3809523809523809,0,5
-0.36140595723342794,-0.92287550982266375,-0.13299070435842253,0.9307084100824049,-0.34844924210466366,-0.11119793648520865,0.05628134218435734,-0.16396316368698521,0.98485963034113799,14.735573383592113,-2.7575823892421476,-3.9857224734054255,,0.339835898450197,0.5588235294117647,0,4
-0.046961780472793757,-0.99848912423324265,-0.028531736062777948,0.99883039094296722,-0.046610425972509077,-0.012857617173461702,0.011508314539634804,-0.0291021816809694,0.99951019090245552,5.1653248981564861,10.41201183685223,-3.3900479751831569,,0.1204557612679856,0.3636363636363636,1,6
0.90358391913757008,0.40858546685650088,0.12881776798890499,-0.42580336643716155,0.88964918919789637,0.16497215913694213,-0.047197396186319664,-0.20391722936814208,0.9778497682977948,7.8749259980776838,-4.3556291738543731,-3.5272990303597189,,0.3439748340987232,0.375,0,4
-0.99941623323028705,0.011016575746868418,0.032339261194384891,-0.014158667260446494,-0.99502652295095206,-0.098598938967652983,0.031092199941353444,-0.098999261022254648,0.99460163956221936,-10.379593082991825,-8.581512950685676,-2.4985517592937052,,0.08613308302766801,0.2530120481927711,0,4
-0.2084697666689618,0.96655034189417,0.14940144901991867,-0.97775933011898253,-0.20238060546725087,-0.055034379218692552,-0.022957542339424934,-0.15755166490701311,0.98724385241679824,-8.1176458995227776,16.318746101096668,-2.5671035522002534,,0.1397303925075483,0.3571428571428572,0,1
0.21712079316985078,0.97120732852207536,0.098055526097752671,-0.97560127506406191,0.21925383512056185,-0.011397713731292045,-0.032568593255924157,-0.093188415642383948,0.99511567464460671,-7.6703889408565313,9.7515906979769156,-2.5969161723983154,,0.09913652216017906,0.4646464646464646,0,5
0.99685598693598498,-0.074272006441049157,0.027600912468660949,0.073603771854265601,0.99698690223468445,0.024486762573105995,-0.029336429208531141,-0.022378244607367856,0.99931906220665279,-3.9927669815519296,16.194990718251596,-2.8179332565890944,,0.2291264821880659,0.3333333333333333,0,1
-0.95328478496305924,0.29579806867498382,0.061250480211051124,-0.30131272172940593,-0.9455099991560213,-0.12337538336312828,0.021418741371807774,-0.13606742469867958,0.99046801738063062,-13.018968854110229,18.359617084528399,-2.2545586667632951,,0.07971126775169556,0.2857142857142857,0,3
0.44820631722743787,0.88983369715302552,0.085481510330569083,-0.89306007033081702,0.44993613201193239,-0.0010899040587493624,-0.039431053474813328,-0.075851621743499173,0.99633916087883823,-14.092724331625265,-7.4536977636006601,-2.2974614553006729,,0.08304574070211651,0.3,0,4
0.62776737826201134,-0.77812360451139906,-0.020779193733859832,0.77832994887208362,0.62784705696317766,0.0032501925260804464,0.010517104108121855,-0.018213433637422543,0.99977880621481219,1.1439389771183703,16.313625852643018,-3.1063214822606189,,0.09041623466996056,0.391304347826087,0,5
0.29254386164302354,-0.95176430134351897,-0.092535418641027822,0.95604098830705686,0.29313993823427964,0.0073895391512773991,0.020092727337348001,-0.090629417410052454,0.99568197282468707,19.379668620962871,-0.54214049222174066,-4.4805873301066388,,0.1506336030089561,0.2608695652173913,0,4
-0.63004283467598843,-0.77589062161431732,-0.032245461144063438,0.77559444456151727,-0.62664600071839704,-0.075947661905749683,0.038720589338958313,-0.072859680719771974,0.99659027834243707,-10.00175686350499,-4.3484378591262285,-2.5324707063581622,,0.1962319046845605,0.6536585365853659,1,7
-0.98722617224306819,0.15378730870238971,0.041640707491312448,-0.15710457813196496,-0.98311422055933018,-0.093832728106985105,0.026507288965084357,-0.099176070783722578,0.99471677909625345,-13.135056214156309,3.9532203115797286,-2.2930652656174697,,0.09940332845421211,0.2727272727272727,0,1
-0.40507356835924063,0.86585067929567594,0.29362902680070246,-0.91416271582368647,-0.37833125151685471,-0.14550598999199854,-0.014897423084975946,-0.32736533916849919,0.94478039855646878,-3.4105956572332321,17.591425143850969,-2.818660629493444,,0.2125638071137252,0.3,0,4
0.84749250128062392,0.52886651231716353,0.045350550411102648,-0.52914319999869408,0.84850645289163507,-0.0066538181817984727,-0.041999216281408291,-0.018357874352274078,0.99894897481353484,-4.5498980794757946,1.7372090263814586,-2.7507218798237036,,0.2309828914234983,0.7940797940797941,1,5
0.88647101249118854,-0.45893638167872858,-0.05955284698890153,0.46133061916471979,0.86614854132426777,0.19225182491445805,-0.036649745346229466,-0.19789922165961005,0.9795369795125537,-3.1400418875723122,-15.059868564777245,-2.9055440731202968,0.8745451451720889,0.3898473002435197,0.2553191489361702,1,4
0.97987393701758319,0.18134056894967812,0.08344258868628289,-0.19087597843250736,0.97352257539310949,0.12577820183720301,-0.058424553152712222,-0.13917396758364783,0.98854295725372066,-2.8765964875300276,-11.871518818078464,-2.9152777075246985,,0.2668116471262377,0.2682926829268293,0,5
-0.12144716005413601,-0.96568249248366711,-0.22958203550216416,0.99232523346763934,-0.11270055180987093,-0.0508843457769209,0.023264099771530454,-0.2339998062654807,0.97195826676330987,14.330102359234193,12.936028689262635,-4.0379900209506019,,0.6390759414754369,0.3571428571428572,0,4
0.24797147428985966,0.96672120901879899,0.062930532905296307,-0.9680560827292537,0.24975480148597151,-0.022135036155269367,-0.037115611666865514,-0.055431427619484039,0.99777241302947428,-21.332266174695995,-2.1847861019452672,-1.9390248118876234,,0.09296165186616706,0.25,0,1
0.91374471572887661,0.40132151785617431,0.063337459557282552,-0.40623061081291217,0.90508246749619459,0.12570766830057575,-0.0068764319324981643,-0.14059433251954256,0.99004340730457951,-8.4862115608160611,-16.907462046570174,-2.621139307914417,,0.3528377519131092,0.4615384615384616,0,3
0.11225887291396082,-0.9884852220194954,-0.10146384233388885,0.99309465372767214,0.11510772541862377,-0.022654365726410421,0.03407277783806946,-0.098220045805424955,0.99458125279555609,-0.14534787489219125,15.376391843618563,-3.0298012258125961,,0.1262643219546549,0.3333333333333333,1,5
-0.96907544663718992,-0.24652393572073014,0.01089623061853294,0.24379849848918358,-0.96331904959006642,-0.11215480743735645,0.038145391063017085,-0.10602998544587404,0.99363100360596479,-2.6120934914658536,12.930905350364403,-2.860677962949044,,0.2127583829107289,0.4473684210526316,0,3
-0.22608524485200207,0.96592893883338216,0.12596327712641014,-0.97334833104030416,-0.21890797972270981,-0.068354391773861045,-0.038451118595732615,-0.13806006496426182,0.98967718471267119,7.2544063718235146,13.846445606140922,-3.5213408370676351,,0.1439304727236107,0.5652173913043478,0,9
0.63282006066179342,0.76959041043716381,0.08526060630303138,-0.77312628648578563,0.63407714162794526,0.014897100712301123,-0.042597135686588149,-0.075344400111032495,0.9962473113656094,2.7415349900118082,-8.5393098763613775,-3.2243892207330935,,0.2632451194801587,0.3428571428571429,0,5
-0.90173243734195552,0.42826126837064504,0.058914323036945028,-0.43216501555064718,-0.89638799183209927,-0.098600037694334994,0.010583514512865424,-0.11437156164353862,0.99338166638395997,-7.6180446063952285,8.1045025830199329,-2.5918817104510925,,0.1023761343111254,0.3888888888888889,1,5
-0.96960427801316018,0.24080076398517761,0.043388202575489851,-0.24387481838195851,-0.96546410479389888,-0.091674071108905436,0.019814565797505731,-0.099468861553094631,0.99484336885943303,0.42765587483471834,4.4969619612447955,-3.0614395327606991,,0.1597216284698654,0.5373134328358209,1,5
0.99782284960066847,-0.06007783179410478,0.027206891438058604,0.058409893185221072,0.99658123356498574,0.058430550948827403,-0.030624258242349604,-0.056714187228697061,0.99792066607225594,3.5510348838440229,18.74464903484645,-3.2261611068322935,,0.09324170201610464,0.3571428571428572,0,3
0.016383010716079581,0.98385043783748838,0.17824116507378276,-0.99858162854796351,0.025131824083646729,-0.046937432234051904,-0.050658938859537976,-0.17721937643838867,0.98286670740666271,-7.9313197266392956,17.888541578367654,-2.5513150429392013,,0.1238685908328719,0.2647058823529412,0,3
0.21989108556882209,0.97330817833154615,0.065719863666113473,-0.97484390427708323,0.22175441872553964,-0.02245751699345291,-0.036431755120748088,-0.059128400693961046,0.99758536449278179,-22.543888881599457,-10.17368501604005,-1.8930164420647368,0.9034187769076485,0.9228714004897475,0.6966292134831461,1,1
0.47192070678653852,0.86484768791661826,0.17125806028147472,-0.87952255099271004,0.47527716828997468,0.023488201241014601,-0.061081329400801396,-0.16170989458762999,0.98494618187548078,-0.040946947336476212,-9.4826974243575943,-3.0506341082521247,,0.1968236755566047,0.2045454545454546,0,2
-0.89318204481787067,-0.44726130367748851,-0.046724308958824678,0.44949937906014981,-0.88489427665242071,-0.1221164500480096,0.013271889070736294,-0.13007476842378693,0.99141535774870426,-3.1695375351185904,-18.684302073333143,-2.9262898403647224,0.425467322390146,0.2364090356749438,0.4666666666666667,1,5
0.5230755076679654,-0.83575292761904563,-0.16706004086583637,0.8522544305827241,0.5112129366447502,0.11101224688820314,-0.0073755562513678902,-0.20044544739964829,0.97967710179769818,-4.0277353077330869,-5.8788148977205026,-2.8581114647371146,,0.4364189603603607,0.3195266272189349,0,4
-0.43815633755521327,0.85440531421878951,0.27930374665387725,-0.89880040847872467,-0.41182618840861213,-0.15018993394802294,-0.013298480314648888,-0.3168449929784683,0.94838409984868188,-7.6717036712049911,-13.006653611627044,-2.6601353974697033,,0.3775444536035516,0.4782608695652174,0,1
0.99251647057184123,-0.12061872989090126,0.019030965375420827,0.11774190944924555,0.98662737554674718,0.11270876000108714,-0.032371258901382031,-0.10962455847684331,0.99344580011991368,-8.4087972245135703,-20.67776577622784,-2.6105757858739231,,0.1967847334757043,0.4444444444444444,0,4
0.47394383515665617,0.84245741115488215,0.25620841420065527,-0.88025972894251359,0.46082167166689358,0.11307606521356472,-0.022804620563669425,-0.27912165324880095,0.95998492278191694,1.5321776567648444,-13.696264591428655,-3.1823398668796941,0.3433778343576541,0.4480771028968263,0.34375,1,3
-0.56489252460719563,0.81977720977337087,0.094136932067576937,-0.82515653232619546,-0.56069805584590804,-0.068806884321464021,-0.0036239208486601748,-0.11654619902341548,0.99317866000577992,-7.4199707472976373,-6.6939096013227521,-2.6739672784910788,,0.1067781548019364,0.4010989010989011,1,5
0.42765942670935486,-0.86577850626506558,-0.25987495615402767,0.90340387866580252,0.4192616058455268,0.089895149343076075,0.031126303317450095,-0.27321655138966566,0.96144883862248653,-17.086725023141213,-10.878670439828685,-2.1558056461592097,,0.4049576845436679,0.1818181818181818,0,2
0.94585150351834602,-0.32438350072093336,-0.011843890919650898,0.32402074009905024,0.94135768966449151,0.094107704759995095,-0.01937764892209843,-0.09284958034133968,0.99549156809723327,8.6915624652741688,-24.428071491481052,-3.8190749032357716,,0.2360440751712063,0.3571428571428572,0,3
0.98997004501295416,0.12754544181926161,0.060757470719083093,-0.13658115023894565,0.97399880995423072,0.18075372086668168,-0.036123390987799535,-0.18723909441906914,0.98164994888436197,3.6989298238575592,-10.074973511747217,-3.2784461515868415,,0.07690255834938452,0.2083333333333333,0,5
0.41302957656958972,-0.91066275510968697,0.0099957658425920415,0.91051132444483374,0.41267755058398209,-0.025814091146493402,0.01938290319998633,0.019763241131943887,0.99961678525497977,8.4506960815645265,4.289980349842371,-3.5812303558673566,0.4638435966139797,0.3947176569624805,0.918918918918919,1,5
0.82307783282775526,-0.56651074552099234,-0.040105564661477106,0.56716756531970003,0.81626830119196314,0.10966774055532948,-0.029391052327034119,-0.11301166169221886,0.99315886461566338,5.5885057927855444,-15.259221236672502,-3.4258803938758127,,0.2958436005741553,0.3333333333333333,0,2
