axis_00,axis_01,axis_02,axis_10,axis_11,axis_12,axis_20,axis_21,axis_22,location_x,location_y,location_z,dbh,dbh_approximation,score,reconstructed,number_clusters
-0.11794143070714071,0.95203685189662879,0.28233960323254087,-0.99254384872304569,-0.10421059487738639,-0.063220726643596861,-0.030765683558078922,-0.28769077939005466,0.9572290677623333,26.490076601881057,0.758680582879944,-2.17595420652796,,0.3718700452495227,0.3846153846153846,0,5
0.47506720567202293,-0.87912157690309001,-0.038162849977417909,0.87986646961465476,0.47397960080841134,0.034326865067189308,-0.012089075349999255,-0.049885779947014652,0.99868176273338349,-8.7531798293731775,-15.937895650062032,-2.3640010312844848,0.3791419054030385,0.3648837387023298,0.8026315789473685,1,5
0.92678438605010904,0.35289055127089308,0.12860389028893468,-0.36262827725874125,0.92989276953199596,0.061645516499353792,-0.097833707412530488,-0.10376750934584392,0.98977819217139729,0.9878686745342421,22.41091845171421,-0.13072073621465588,,0.426217460926515,0.2631578947368421,0,4
-0.98043089202519207,-0.19315370858045913,0.038038281037675842,0.17363207319103921,-0.93949481617676389,-0.29529882075004998,0.092774830218479709,-0.2829154206447636,0.95464741954259114,27.191696346889245,5.5761660966888567,-1.8896837539419589,,0.3630255764049753,0.4222222222222222,0,3
-0.99338381402053022,-0.10211461370604066,0.052547157008642757,0.086720614655387815,-0.96696940918397056,-0.23968666357599924,0.075287004428497506,-0.23354393027879897,0.9694272018022364,18.177801983522134,7.9421526622777927,-1.2489792381135647,,0.1094520052877197,0.52,0,5
0.61200556900356529,-0.79047050286025722,0.024608283493070992,0.78856734045697119,0.61230517494374481,0.056955441370688864,-0.060089375710206332,-0.015451758636575363,0.99807339914547122,-32.49838199763564,-15.640521558137452,-1.9783958778915087,,0.2146543514756589,0.3684210526315789,0,2
-0.7987349511786036,-0.60059490321487041,-0.036169600468279196,0.59257660343995633,-0.7748043750550786,-0.22029786528941789,0.10428541039512347,-0.19739286366996683,0.97476182247300314,-7.193302999570002,29.568943687145239,0.32144891740110104,,0.5137644423358884,0.4,0,5
-0.36532482285753048,-0.93087947536249127,-0.001084505863750597,0.92701107597196175,-0.3637000610091376,-0.091502626450045324,0.08478348205529726,-0.034433529746514903,0.99580424441743343,-10.293527875678945,29.739121365805925,0.20799464659526865,,0.1438447114403616,0.3333333333333333,0,1
0.41034899572002981,0.87261610621263208,0.2648675761392269,-0.90846674230027458,0.41645240228708547,0.035434090416481698,-0.079384380364721813,-0.25516372745282906,0.96363353633343862,-28.664118956760184,-10.078876008257412,-1.8131884298550098,,0.2766072916691083,0.3134328358208955,0,5
-0.72023514613947459,0.6771701693760005,0.1506714836083119,-0.69247912148104274,-0.68873800593618029,-0.21473850491213403,-0.041641332571064296,-0.25899907506849207,0.96497952233991602,-6.216202823695701,-13.175459878131425,-2.1689766242687925,,0.1739502942700202,0.1645569620253164,0,4
-0.93201662877592706,0.33673850478813439,0.13398575699755189,-0.35690664954902473,-0.91703547767608351,-0.17794262050190859,0.062949560704146534,-0.21366588889302901,0.97487652588966633,26.487478555666769,10.265464774145245,-1.5479401566115072,,0.5032271754788396,0.6153846153846154,0,5
-0.78209358607405099,0.61381113595636183,0.10754307043130625,-0.62306253562919967,-0.77330503428978326,-0.11744105175529626,0.011076972381681597,-0.158855951471887,0.98723963016322291,19.416373433135785,13.53112481325047,-1.1733911683134763,,0.08355852918003627,0.1428571428571428,0,6
-0.99469768688034643,-0.074324276230044048,0.071080332566532872,0.058239998210837536,-0.9767504371944703,-0.20631695531102986,0.084762104287767898,-0.20108327977057644,0.97590004625136562,18.866727259316836,9.1851565571172102,-1.1945604588147076,0.6133814808953891,0.2033476161842305,0.4444444444444444,1,5
0.98555918351903493,0.15232548704307708,0.073959730789010122,-0.15345468092159598,0.9881070937689469,0.0097995993151397884,-0.071587405907356766,-0.021007551989117534,0.99721307957471139,-40.880548427197191,-8.3616371103130973,-1.3951991313019172,,0.6383376699316828,0.7826086956521739,0,3
0.88770455219083144,-0.46015415093606199,0.015452682485225697,0.45904896698040903,0.8871570390981186,0.0471851024464328,-0.035421376792785557,-0.034792892305369985,0.99876662975448438,0.76426438329644131,-21.855404325787035,-2.9720296477043475,,0.2750331272422882,0.4210526315789473,0,4
0.82105751117273984,-0.57081203735126973,-0.0061791068706466062,0.57013987358437246,0.81945654490531905,0.058578968589694996,-0.028374070839799044,-0.051619657367415785,0.99826365409006446,-18.596086556730381,-9.9781250228184586,-1.926033392538081,,0.07463836092136665,0.325,0,3
0.032289461312377588,-0.99798419039357633,-0.054634663105350888,0.99524587869141301,0.037130044523679344,-0.090038884607858582,0.091885970832952218,-0.051467616208139111,0.99443856162456667,-3.5870762030758536,24.299227055635779,0.047790186244316801,,0.1494793691275882,0.1153846153846154,0,2
0.26004172630809508,0.91483488224587006,0.30895863607429802,-0.95675905404388284,0.28730864291928992,-0.04545169093587284,-0.13034727877389618,-0.28377963621454722,0.94998879203187347,-5.6710308626386476,-18.922816875278468,-2.5949894443547956,,0.5207990617603648,0.2,0,2
0.68105814608803605,0.71144740069011447,0.1732120021777013,-0.72568750548044203,0.68736659906291442,0.030079941526809501,-0.097659848641605387,-0.14618397499029429,0.98442511112797992,1.2449359534358238,27.437622966797278,0.29120319506673109,,0.4488966671122775,0.4545454545454545,0,2
0.99019283690653626,-0.12053219464473308,0.070640893207194549,0.12205724407563351,0.99236576937086785,-0.01766943546430488,-0.067971868501956745,0.026118381172848298,0.99734530392300058,-10.900525145694788,-8.4589775462005647,-2.0236401361490688,0.1477166183987879,0.1383719008048693,0.2615384615384616,1,5
0.20953953042236875,0.91439169312263502,0.34638276045250094,-0.97546689946110066,0.21994164893830698,0.0094867864973059383,-0.067509356730161049,-0.33987277415324091,0.93804529962217698,2.8626600379827725,-25.630045292762954,-3.356468083257242,,0.4626607477859673,0.2558139534883721,0,2
-0.72528711010662039,-0.68844369402549976,0.0019718188837482293,0.68072060261456624,-0.717572706926903,-0.14733930721181487,0.10284974034604061,-0.10552104259397684,0.98908404116163484,3.974347115576752,30.929259014071068,0.56169976907140517,0.4621897707274668,0.2448407235893969,0.2777777777777778,1,5
0.61319168771263555,-0.78990159834706308,-0.0071707076976222995,0.7899309737271254,0.61313823697132419,0.0083999470362288494,-0.0022384965143910146,-0.010815141813737302,0.99993900906050426,-14.77588757898906,-9.1059984290026659,-1.9983115268380547,,0.1471275168857142,0.1176470588235294,0,3
-0.9866412464623634,-0.15527644481620925,0.049277545235481598,0.14429078725967989,-0.9733693336871837,-0.17813564760976852,0.075625521427478609,-0.16864568160082993,0.98277129312277678,12.057681795376707,18.324901239540946,-0.46807183277864373,0.4574387675832838,0.2944630862873973,0.2432432432432433,1,6
-0.98890403333642918,0.086447544949590713,0.12081239515517396,-0.12135568733458127,-0.93915729705505946,-0.32133528990726273,0.085683195566533116,-0.33243103549521602,0.93922734023083232,-20.519396504670041,-14.386380541904012,-2.2059467588834267,,0.4944523448673721,0.4571428571428571,0,3
-0.92472369554994605,-0.37896524477073412,0.035657119125228003,0.36767051462857336,-0.91353424254490079,-0.17399304690324871,0.098511316919493788,-0.14778542199342207,0.98410110734873912,-4.725280442159157,-23.771398115605763,-2.9819478733243798,,0.1655369053188605,0.1666666666666667,0,5
-0.73614154803590826,-0.67678949304803981,0.0071835475271901173,0.6620258943627193,-0.72220964230483498,-0.2003370853216272,0.1407740617036376,-0.14272075764127917,0.9797006935231598,0.016802455148123702,-18.881981569332442,-2.739547411978557,0.3535725684639557,0.4637133442845243,0.6804123711340206,1,3
0.23100517224762737,-0.97268687917170782,0.022734235901963926,0.97191548081730839,0.22961739735617506,-0.051537840263586883,0.04491000492654805,0.034001263485031998,0.99841224228217329,-2.798332220194264,-22.130434054049509,-2.8894034442363354,0.2182645844035291,0.13245328470843,0.4210526315789473,1,5
-0.086028763382933429,0.95676559256420368,0.27784645535991875,-0.99489465374737529,-0.067731074352017487,-0.07481396602246855,-0.052760589607138149,-0.28286410598092765,0.95770779350066715,-14.706504389915665,36.639460357073141,0.90866818447519115,,0.2354036334232688,0.2307692307692308,0,4
0.99644108443861068,0.019790846303533626,0.081935875203698036,-0.030410395725811841,0.99098651688827644,0.13046429081339433,-0.078615348848717764,-0.13249168180769808,0.98806152702003425,4.9990763224024493,23.181637453463836,-0.069187691876025859,,0.1983120425992398,0.25,0,1
-0.81763177013091359,-0.57437518051074621,0.039641398636239757,0.56763776167505997,-0.81572177308602878,-0.11128953425149048,0.096258298307820234,-0.068491904095547132,0.99299707908948509,-22.981411641157823,-2.7696119778723967,-1.4345227252875292,0.2547109922239046,0.2030857105258023,0.5421686746987951,1,3
-0.27491380130381554,-0.95543765236345102,-0.10752345929564958,0.95751157305906853,-0.26192884170552672,-0.1206850004795486,0.087143498384180978,-0.13613292889311568,0.98685046301876311,-12.210473965062349,-7.8842794898352651,-1.9582097626937205,,0.6470372664529295,0.3958333333333333,0,4
0.72791553049211755,-0.68557051816712089,0.011491087348218678,0.68552005241126091,0.72800424642303652,0.0084896956416783426,-0.014185845425667809,0.0016975894944843014,0.99989793478107869,-41.297496512545344,-18.497935277241417,-1.7352313844216822,,0.1355185325822267,0.3636363636363636,0,1
0.45496939051234053,0.83251242062148612,0.3161106186254779,-0.88206651888703047,0.47006648102034471,0.031561997396625685,-0.12231725125812876,-0.29319033567309594,0.94819719315791651,-9.8704616018000486,-6.7273771900918895,-1.9028647665830813,,0.3210859731656379,0.148936170212766,0,3
-0.14780948335440289,-0.98789273471871242,0.047120073434671568,0.98618623171826902,-0.15082060581345788,-0.068482561513003623,0.074760102995015329,0.036346795622803699,0.99653892921858722,4.7216714458241293,-19.880119824120008,-2.9495969668276723,0.1137802850241873,0.11315191408964,0.1818181818181818,1,5
-0.9953850899158091,-0.068691452002022133,0.067007515960151143,0.052166074040448769,-0.9734279085101909,-0.22297266122258416,0.080543301971687423,-0.21844814340096536,0.97251898961005778,-13.061959055414848,-18.655216498728056,-2.4316560322725564,,0.1157619743969496,0.25,0,3
-0.99564957185694125,-0.074445190992266069,0.05603430734126362,0.048350022398065892,-0.92685949858797378,-0.37228180886440948,0.079650520369905248,-0.36795296359096635,0.92642668959255914,-8.4467591910275406,-8.502512918285694,-2.0321085915530155,,0.5739459467143916,0.4075235109717869,0,1
-0.66515222971570942,-0.74323718041997744,-0.071909699940851973,0.74105800797937027,-0.64522725205184317,-0.18578165146019074,0.091681732716330538,-0.17686233870157442,0.979956209753855,7.6532012245368755,16.329054196869784,-0.58236431284415413,0.1802234642799633,0.1484528465797696,0.3333333333333333,1,5
-0.95385815120958184,0.27071412599607286,0.12987874867437441,-0.29761522174538679,-0.90969619531343704,-0.28961700919956584,0.039746788002091409,-0.31490743754068357,0.94828977566199502,12.473709052948733,-21.167937629412986,-3.2738452457139369,,0.4793312262392389,0.2708333333333333,0,3
-0.030287216988238233,-0.99906732186240643,0.030776141307617636,0.99742315237225587,-0.032212115605574056,-0.064104872825744424,0.065036448234041075,0.02875527768762123,0.99746849293910456,-2.3418613607448382,-18.937491449079214,-2.6799236856933253,0.313140097011584,0.2004586200655062,0.4324324324324325,1,5
0.18708166365085876,-0.96948395933832143,-0.15843390960056469,0.98128787721662769,0.19191186387232445,-0.015618531708711957,0.04554726285203687,-0.15254733393521955,0.98724604722224374,2.8105643901490023,-19.201513164655736,-2.8589355365606499,,0.6836791609671535,0.2083333333333333,0,1
-0.037400915573530896,0.95712179759923899,0.28726126796814266,-0.99923917851390487,-0.032639686477105419,-0.02134748204202816,-0.011056022662787483,-0.28784112879691054,0.95761435292909092,-2.5156425648025502,-15.32903488782611,-2.415610618624918,,0.5910882474107518,0.2,0,3
-0.43040325817891462,0.8472314061392846,0.31137112871977335,-0.9023690134540161,-0.39546389879331545,-0.1712847579594175,-0.021981785800987485,-0.35469317614304519,0.93472431865794425,0.10794654895817823,-20.516932354179517,-2.8840125329958517,,0.4703506819593706,0.375,0,1
-0.64427421705344878,-0.75637161828850463,-0.11319323428453133,0.76405851242082978,-0.63007349832929516,-0.13864334207004128,0.033545831893581686,-0.17581058486539083,0.98385228332908525,12.628457314590635,23.09460954074083,-0.21066905244829309,,0.4713950611131886,0.2857142857142857,0,4
-0.80810722451533867,0.56138807195100915,0.17834277769858115,-0.58847296767987067,-0.78266996860980231,-0.20279863546478155,0.025734801265264187,-0.2688329460974978,0.96284296076586495,6.7068138497761707,-21.753878881029582,-3.1404296681449102,,0.2406865462952112,0.3181818181818182,0,3
-0.99099815317551254,-0.11673952606962698,0.065532766275828075,0.10687143419149288,-0.9846586816661016,-0.13793395946404285,0.080629752303829114,-0.12968871837061879,0.9882710556172376,-7.668893963250687,-17.095513353557433,-2.4678520868869627,0.2827861162362685,0.2013835339649684,0.660377358490566,1,5
-0.97081055034302088,0.19273529845157697,0.14275846760687516,-0.23206489720170445,-0.90519727440347231,-0.35603901176596908,0.060603290582641141,-0.37877565806596786,0.92350216135494179,0.41221072186468344,-23.536182725547132,-3.0966977302555359,,0.7060999402302142,0.2439024390243902,0,1
0.074358392172184012,0.98913072520511991,0.12685124346556548,-0.99401375537335046,0.083726852028326873,-0.07018880521845805,-0.080046759098265016,-0.12087275418645479,0.98943534081477158,-10.173520058332944,-16.160358212073568,-2.3346309572419739,0.2785552013320188,0.2695155372049174,0.2916666666666667,1,5
-0.98644243601760062,-0.15832169810278984,0.043192132773349677,0.1372918278767539,-0.94034084624612579,-0.31130378552047772,0.089901470632695393,-0.30115333767197211,0.94932839038296379,7.9340575555428465,17.657505868038278,-0.46739540455602557,,0.1207135288340821,0.1739130434782609,0,5
0.80859230221034728,-0.58831525897504544,-0.0079777730787505101,0.58552875832723417,0.80328376046007044,0.1090471152892,-0.057745666313051489,-0.092845873566108475,0.99400456829121653,-7.6075905432982918,-11.251097157126839,-2.178515388385418,,0.1491456948012766,0.3255813953488372,0,8
-0.63929491151072604,-0.76670402243117575,-0.058880880634962697,0.76434460074926913,-0.62521234627066713,-0.15775567620902772,0.084138857978543549,-0.14585768426306092,0.98572115150253481,8.8453546883127867,15.164185723144991,-0.70650022662818812,0.3703648955421802,0.1660847130820955,0.2592592592592592,1,5
0.96504021711449806,0.23718581602146496,0.1115359494953741,-0.24638642124887111,0.96607573827439019,0.077404130004580296,-0.089393013014310671,-0.102179041861939,0.99074130459388787,-34.153014330270906,-13.293382369896717,-1.9470872571465119,,0.1118909399790452,0.4090909090909091,0,1
0.81488922737297276,0.54790801118989274,0.18908294049282909,-0.57040386840884183,0.81599800690736002,0.093737290484859792,-0.10293189017844277,-0.18423914892647186,0.97747683450153455,13.723561622574159,-25.46667480587071,-3.6904259573919092,0.3096245624060025,0.2864597742112884,0.3333333333333333,1,3
-0.88778973047377585,-0.4568507969967483,0.055827804441300713,0.45154990675104478,-0.88805012718915821,-0.086427156105256489,0.089062203983637331,-0.051520101734715697,0.99469271784748725,-9.802334577567196,28.906607817620674,0.24850801358138833,,0.1333251269386148,0.5263157894736842,0,2
0.14922637500193828,-0.98237513659615372,-0.11256367087772319,0.98657502497382477,0.15555997314929926,-0.049707291735575067,0.066341609127885573,-0.10363486745047147,0.99240042580948384,-0.73002546600636486,26.79538292306518,0.24868016994969316,,0.2460840876188786,0.2352941176470588,0,4
-0.73594127487643601,-0.67495590055436949,-0.053150467919723589,0.67215727388117175,-0.71895682171196607,-0.17693413374038075,0.081209846089477664,-0.16593860557648371,0.98278651805845108,-18.477555872325407,16.598936248733136,-0.63388199733959849,,0.2692858797966362,0.3043478260869565,0,4
-0.88843800883325796,-0.45896267511698363,0.0055827690135462965,0.44954236006581244,-0.87252980940734015,-0.19132014583428078,0.092679938319227634,-0.16746639825664494,0.98151181067172633,25.253311566697114,1.5862835247729368,-2.057733732961093,,0.3871020955574115,0.28,0,5
-0.56958977032318381,0.79761044198527487,0.19845673679479151,-0.82163181879600211,-0.55903093623387567,-0.11138027956262907,0.022105381361920137,-0.22649943745963394,0.97376042071205204,3.6518283297380143,-18.257111734874204,-2.7994450253607699,,0.2093280381928684,0.3214285714285715,0,5
0.76501799563201767,-0.64308876093640654,-0.034413833213521559,0.64182098805604804,0.76573069963225804,-0.041500782299265022,0.053040415250343538,0.0096613248558460492,0.99854562897851618,19.971960981292447,20.232903528150207,-0.64990655052717783,,0.2582017795099849,0.3846153846153846,0,2
0.37684601647101285,-0.92502271742842179,-0.04816691926277214,0.92540457617181515,0.37823714257263147,-0.023728345470202538,0.040167776515404742,-0.035631955037973832,0.99855741623102412,-13.428770953550288,-6.6759243021874735,-1.8098699891489978,,0.1927327805352566,0.28125,0,5
-0.94739695943389868,-0.31998705869405514,0.0068763016027045759,0.31530860491316487,-0.93680294598810765,-0.1515939446538575,0.054949840064533635,-0.14145148516834427,0.9884189356849411,10.194539510190284,15.796070332655914,-0.68733396666595048,,0.2547463866286113,0.6206896551724138,0,3
0.044761292857346306,-0.99852805270753664,0.030629309783842141,0.99690387686676607,0.042662443436115791,-0.066049800969209621,0.064645857947364771,0.03349095215361763,0.9973461130290191,-3.2472301111413966,-17.910901008865043,-2.5810356015861839,,0.1140706768086679,0.4230769230769231,0,4
0.94956064745327307,0.30262943922166435,0.082158379514817678,-0.30020400982191098,0.95300542528792953,-0.040721147560168799,-0.090620799461082494,0.014002924271455525,0.99578701980738848,1.5709199561635898,-18.251111111576243,-2.731792518449327,0.3801153495398583,0.3356290239684768,0.9403973509933775,1,4
0.80375197225568884,0.57622173495460582,0.14815964113413185,-0.58429183848483768,0.81142385034905795,0.013942114786440083,-0.11218651690421312,-0.097774471364532045,0.98886517694490939,-33.21153929706351,-10.4265346847237,-1.803200876749117,,0.2184081836587215,0.76,0,3
0.94069095969364325,-0.33713256428325639,0.037975682356592405,0.33563396455601119,0.94110760869840271,0.040820468963357441,-0.049501112988164585,-0.025653517298222482,0.99844455873281324,11.782776839550088,-23.410005674666049,-3.4122294049240582,0.2019190605840645,0.1083361648975859,0.3157894736842105,1,3
-0.72015616061180443,-0.69149671414351688,-0.056633900285834128,0.68770541845045752,-0.70062950962797155,-0.19020922078687563,0.091849669388339633,-0.17592778224939026,0.98010869482219398,23.03621366324171,9.4608639829545247,-1.4391494649008769,,0.139848803392447,0.2333333333333333,0,5
-0.91609090039185248,0.37302909302421977,0.14706038887740547,-0.3925115923584408,-0.90921143723730646,-0.13881358817173997,0.081927480636761224,-0.18488877238599491,0.97933856748425518,-9.4170129369169491,-1.9458750574593251,-1.6445474391680897,,0.2584776248277066,0.3221288515406163,0,2
0.54408835363610841,0.81762286296466569,0.18831016275021437,-0.83302998556023089,0.55320588441160268,0.0049287533816948451,-0.10014442867713705,-0.15954968946958051,0.98209724060048609,-17.737805333319507,-10.582169328607804,-2.0212850322160802,0.3305760405161504,0.2308522345957419,0.6161616161616161,1,5
0.72155310009695417,-0.6916408178515554,0.031529396158336574,0.69217028988633134,0.72167141248257505,-0.0095216702358245815,-0.016168288071090893,0.02869410195561688,0.9994574703176784,4.0110053996782709,-20.825866642544696,-2.9843204925310123,,0.09887967566690924,0.4230769230769231,0,3
0.65127852627569915,-0.75879332085095264,0.0083052660484622606,0.7587976658983141,0.65109032363938135,-0.01753546949571716,0.0078983187719313397,0.017722491222960803,0.99981174721315791,-9.3442500188378901,-13.112170536024081,-2.2104793206499815,,0.09068425346000068,0.2978723404255319,0,6
-0.80495315369044362,-0.58493064939735651,-0.099531682189129209,0.58422943150895501,-0.75208344663688043,-0.305035179370373,0.10356829496778439,-0.30368836772319657,0.94712564297831547,14.108111860407238,11.211422534814398,-1.0691069224022522,0.542103680321931,0.651633048580984,0.4421052631578947,1,4
0.078697983056032567,-0.99266787522171729,-0.091744847079898009,0.99508264963444282,0.083773437080706462,-0.052844409696594853,0.060142729065191566,-0.087134957063663046,0.99437938001454151,0.99021287719135542,24.09134515483629,0.070123953695589616,0.8898865540306463,0.6011012031328298,0.5853658536585366,1,2
-0.83270956122637874,-0.55183828815784641,-0.04548945334021498,0.54761017075572316,-0.80859151893273928,-0.21518098520765072,0.081962720349324295,-0.204093751087742,0.97551414814951531,11.718453596271702,12.032031805044081,-0.9085948142302912,0.3060191454463491,0.2633226602566883,0.3170731707317073,1,3
-0.89409112852628714,-0.44753279130592355,0.017761041538124172,0.43426764033821191,-0.87592947851563219,-0.2101408223606587,0.10960232865077137,-0.18017199941517315,0.97750978520988052,33.998513176490057,-5.160009987724238,-3.1222691771102857,,0.3780354031726035,0.5,0,2
-0.77853404201928134,0.61989667571775942,0.09804517760292894,-0.62729105064813029,-0.77351379226634487,-0.090456348315092305,0.019765707522975417,-0.13192620894957666,0.99106245625505707,-4.5954535834638346,-14.478728349911869,-2.3106319145503513,0.4059897289809365,0.3566584868053854,0.8588957055214724,1,5
0.41794968729620063,0.90147235937378978,0.11254174413994474,-0.90408609299463216,0.42488450876566991,-0.045842018549103268,-0.089142556294449241,-0.08258776844065982,0.99258897090451403,11.408099861806825,-24.55353131956193,-3.451019273312347,0.6505726615990304,0.5777898328039195,0.8507462686567164,1,5
-0.61807261183599072,-0.78590323949247176,-0.018502558025215811,0.78032431077410891,-0.61049211306835816,-0.13562208483961483,0.095290170076192171,-0.098262292038047469,0.99058785852153464,0.23516186124800376,26.395776888767777,0.1981853131477401,,0.494327940620845,0.1886792452830189,0,1
-0.22227685801902575,-0.97494962184766654,-0.0081383811832157829,0.97336166884774955,-0.22141808910707594,-0.059507070454659257,0.056214411027019809,-0.021148632940792448,0.99819470811942357,10.074268153244338,22.518353124568133,-0.15808908699030289,0.3766745352472599,0.2892282746445819,0.3846153846153846,1,5
0.430435583589106,0.88564234423285926,0.1742493801482006,-0.89843191259701738,0.43895653934157491,-0.011715587758795956,-0.086863725499034455,-0.15150839802134583,0.9846318593877782,-6.7825044640790795,-15.525793837469786,-2.3892492137614214,,0.07715781423909557,0.2352941176470588,0,4
-0.12349746481791496,-0.98435028689105819,-0.12570954172632026,0.98969030796195201,-0.11291514227055255,-0.088109392077119542,0.072535994580115878,-0.13529480161304949,0.98814667238561305,26.000238271095945,3.6022641759634921,-1.9671600007035157,,0.4427327543591799,0.3333333333333333,0,4
0.77916546828412259,0.59313537151873752,0.20271064127695113,-0.61604956292436475,0.78431735849009554,0.073001487600032874,-0.1156897102351056,-0.18176004023010056,0.97651378829040014,14.015586344535579,8.4376464619660521,-1.1387652257405065,,0.2747640612504271,0.125,0,4
0.95579779702788936,-0.29401935501725168,0.0017860772305596476,0.2886446307811506,0.93944777765436949,0.18472181836880941,-0.055989716179379596,-0.1760411654571323,0.98278922447625894,-23.965394782952785,-9.4233956670167185,-1.7218012910297649,,0.5210536812775438,0.1904761904761905,0,1
-0.99525118378711597,-0.079255605742105523,0.056512212209370243,0.056933151226130248,-0.94486742263144707,-0.32246576553375278,0.078953767875938399,-0.31771701655444656,0.94489269228306216,-19.057353784413845,2.6017827710592742,-1.2465057240441371,,0.2938091224630033,0.3793103448275862,0,3
-0.44258326369947809,-0.89671998886167936,-0.0036491463423186056,0.89208526075128169,-0.43987493029450025,-0.10341147542089325,0.091125969094631387,-0.049023537962064177,0.99463196735387793,30.77339364222199,-2.1889629464546223,-2.6840469651735197,,0.1149934483048896,0.3076923076923077,0,2
0.33170994521278108,0.93590383720171588,0.11854332439255974,-0.93942862078111122,0.33919284366370744,-0.049214644818671882,-0.086269222230376114,-0.095038004600442053,0.99172849055441226,-5.9956190145078327,-16.825620678027029,-2.4945023878640913,,0.08451431228066697,0.2352941176470588,0,2
-0.98766954227838544,-0.15419418034466706,0.02707452683686817,0.13201517648231847,-0.91327071192860876,-0.38536813556877475,0.08414789619441658,-0.37704212162734219,0.9223656379575319,5.8313023730333207,19.650695536293668,-0.30232638825807595,,0.6537292914425419,0.475,0,1
0.45022740754407425,0.8427013614852934,0.29521127493199617,-0.88847050791578308,0.45573671055702503,0.054075939331020992,-0.088968747659005892,-0.28663298135681275,0.953900464376914,20.052162398161311,21.495292479024013,-0.5701612136293035,,0.289773856187549,0.1764705882352941,0,1
-0.29518451746762575,0.93958014794079614,0.17336448956737568,-0.95454233601826699,-0.28214688098021568,-0.096135666128269334,-0.04141291339902408,-0.19386150507175917,0.98015442020893673,33.890918114372177,5.3484656775689041,-2.3079274191231827,,0.3460771928152107,0.8709677419354839,1,4
0.48163172973172774,-0.87637343886796193,-0.00068743171745866156,0.87621641302139641,0.48155999721560749,-0.018567892546578611,0.016603447459521199,0.0083405472510127802,0.99982736550067064,-9.7619284003294684,30.500964338921911,0.21950701413546728,,0.1421885337171755,0.7222222222222222,0,4
-0.7621194281768523,0.631746883857772,0.14166810484855907,-0.64698412869911781,-0.75130912087743384,-0.13017734863569907,0.02419740496067339,-0.19086770188371796,0.98131748479826675,26.376343879922967,4.5995206181842843,-1.9193307697273616,,0.1794899395278714,0.3846153846153846,0,4
0.51561910213977413,-0.85506421326980675,-0.054791721033924969,0.85489729434459905,0.50913100092308627,0.099680690313319095,-0.057337227268648684,-0.098238562104412994,0.99350975198273705,15.178915325100913,20.904255166529527,-0.41460061841222567,0.7613769507068681,0.5138394708727516,0.2,1,4
-0.79802347314530109,-0.6016886010302982,-0.033606006893279611,0.58885065835327244,-0.7667121402498821,-0.25574869726033883,0.12811494239949592,-0.22388238292381424,0.96615901390522951,-12.883735744982525,-1.3865488148908864,-1.571887822454493,,0.5635662845683864,0.4025974025974026,0,3
0.63414680013090663,0.76269400013546584,0.12710506693714166,-0.76754125688401909,0.6408054863231426,-0.015771736716731894,-0.09347863319835821,-0.087556786461838343,0.99176386014002493,5.8255860370958708,-21.068683588729467,-3.0462933276595843,,0.08272802018114563,0.3157894736842105,0,3
-0.86909773209241337,-0.48775263303635802,-0.082258744446559298,0.48511815797155122,-0.80802408288704708,-0.33430144223565061,0.096589362137419491,-0.33044583586519422,0.93886955679755646,9.0171681064202129,-30.14550602970802,-3.9339927956755445,,0.2727048830091509,0.1666666666666667,0,1
-0.89828733754692169,-0.43605505700602631,-0.054183451923393036,0.42892638991994286,-0.84339349626215987,-0.32358856978103434,0.095404461285144279,-0.31391622723612311,0.94464521966965442,-0.4694685401706537,30.664281843590501,0.57256666282525215,,0.6014637044790242,0.5454545454545454,0,1
-0.92444807642295257,0.32924585435345327,0.19233543976336892,-0.37531379262561188,-0.87476623654379293,-0.30646955553201199,0.067344718151337232,-0.35550133444767029,0.93224647499630853,21.745906526305806,15.910985361300687,-1.0802104239206709,,0.4359980903830378,0.5,0,2
0.91354113145821292,0.37877653363752206,0.1482259717444695,-0.39016301586360974,0.91903244945331974,0.056144259760412166,-0.11495834978922477,-0.10912238275154712,0.98735853842277743,10.388435177248837,12.168177478066182,-0.82155281636399446,,0.6772147641687274,0.3846153846153846,0,2
0.71486338867251398,-0.6974683071432245,-0.050082891953399371,0.6991551185925563,0.71165165552664644,0.06880437000665475,-0.012347294500398714,-0.084201435361571667,0.99637225101945293,-10.027611473992009,36.765616453987455,0.99920553877256746,,0.1951227106910466,0.1111111111111111,0,1
0.91746282245088995,-0.39668973668675694,0.02998703432885845,0.39591816322074519,0.9178403105777645,0.028600215216421962,-0.038868720745092469,-0.01436722262324225,0.99914103381941799,14.117854957142592,9.9812676232665698,-1.102567474659909,,0.108378783646414,0.3076923076923077,0,4
-0.97904457781558418,0.16949801089917058,0.1128810832297816,-0.19528652872972066,-0.93860960929637083,-0.28438560623422854,0.057748474842199929,-0.3004703406956139,0.95204132684230702,-24.373347962655597,-11.475038742180349,-1.9171832339342039,,0.6924942445373875,0.1842105263157895,0,4
-0.37046920529097127,0.86533673226509478,0.33755726584365647,-0.92841686915635901,-0.33395050419923372,-0.16284709948593581,-0.028190157803404618,-0.37372369544604234,0.9271115976327623,-19.844954200521716,-3.9877063796347105,-1.6276323647193018,,0.3711243940286393,0.2758620689655172,0,1
-0.0032640768147877176,-0.99645502798053931,-0.084063803238072554,0.99736320506017073,0.002850571743802612,-0.072515594411385442,0.072498158560409545,-0.084078840697500282,0.99381827591985494,11.52291576682385,24.793346246561782,-0.073573061526050698,,0.1486790904887889,0.3333333333333333,0,4
0.17911412990725828,-0.983673487784678,-0.017452733226985321,0.9830146549010671,0.17965915636132099,-0.037480338649397593,0.040003958770363161,-0.010443034284389125,0.99914494760151451,-16.643249008407597,34.069883513835876,0.66657174281658238,0.3767296153997892,0.3079364233008666,0.4705882352941176,1,4
-0.96418500009568797,-0.25872487579076431,0.058384280740050608,0.24966403387797648,-0.9596368057727096,-0.12948000306660667,0.08952740238751479,-0.11026622172454041,0.98986170982028543,-30.099298835631632,-10.065417815649976,-1.8314040251483192,,0.1857388546413596,0.2,0,1
0.15794289476049189,0.94200604069557925,0.29610582785165701,-0.98484058067908575,0.17205506741518301,-0.022047322387047121,-0.071715219042806616,-0.2881348175243591,0.95490065152760584,10.596102197338315,13.291831513739254,-0.84979305922280757,,0.3563737352485289,0.35,0,2
-0.98522085939825055,0.12682393346558146,0.11513274124630993,-0.15952802462750906,-0.92414863889414189,-0.34713124692045388,0.062375215951664828,-0.36036784419592982,0.9307224878042647,3.1086955577784923,17.360574940567449,-0.45801740570944305,,0.4437919151195423,0.2368421052631579,0,2
0.94029495500281912,-0.33409998292423115,0.064981528192829222,0.32846054260692259,0.9407706253747331,0.084049404414307319,-0.089213617495385658,-0.057687362932121171,0.9943405345309646,-14.566916041123386,-7.5577002355711516,-1.8712261416123144,,0.1624337268810052,0.2407407407407407,0,3
0.89077677310108805,0.43859236719156841,0.11896838212277278,-0.4450101604492076,0.89492626839038159,0.032755629162601385,-0.092101561336299417,-0.08212009246319571,0.99235759321589934,-22.431229934082804,-10.519236364667348,-1.8623236024133714,,0.3221827159106395,0.2413793103448276,0,2
0.14134886532179503,-0.98921638166699211,0.038359464463227078,0.9889281325859971,0.13932691941804304,-0.051079918808191245,0.045184586445095321,0.0451548421228853,0.99795761101393621,-16.596174264836108,-1.5749570348370914,-1.5157276941884585,0.8886453834284402,0.919546490398105,0.5423728813559322,1,2
0.99768020902388366,-0.056879062543093238,0.037402844360819941,0.050030558850761922,0.98523282112729649,0.16374746213187491,-0.046164312007667498,-0.16149631704087936,0.98579297820540934,17.149299088018797,-23.688895368755119,-3.6865157938334128,,0.6029154012395586,0.46875,0,2
-0.83989051620189559,-0.54117350056349811,0.041414527426556498,0.53466432169144429,-0.8380836863503498,-0.10839648418485782,0.093370144609201372,-0.068898308841799191,0.99324470254534869,23.052252576791837,14.360489295410407,-1.2360599265442473,0.2537568586430614,0.1279751808713392,0.4736842105263158,1,3
0.9029370515759938,-0.429160522986895,0.022933085288883905,0.42683001349147476,0.9017105356745011,0.068805882281045436,-0.050207773044816682,-0.052338851374676573,0.99736644427344789,-7.1263193086876555,26.524133329394409,0.17924002709331405,0.274346628461303,0.1472257323450497,0.4210526315789473,1,4
-0.9960131229531326,-0.074779141689325077,0.048640917686198021,0.059705038420668856,-0.96393499330675092,-0.25935426941907036,0.066280972324899559,-0.25541614797604528,0.96455659453488973,27.009368585295412,-0.28558013839967283,-2.2646880077606864,,0.1833452390875647,0.1764705882352941,0,4
-0.94825121100692278,-0.31711569780284138,0.016039795226905042,0.30144827479744135,-0.91497010712151394,-0.26825107771580448,0.099742560853180035,-0.24953424069866895,0.96321549212696267,31.9488559053285,-3.902797906217423,-2.8886427363457945,,0.2668526039462523,0.2142857142857143,0,4
0.70222913111855567,-0.71179339956858267,0.014980111450814019,0.71187214470978644,0.70230907589025904,0.00010727748897631828,-0.010597027638329929,0.010588590688610148,0.99988778608024875,6.9053167873631089,20.208667319722061,-0.26329532124072319,,0.1622051056559524,0.2307692307692308,0,1
0.98733306466439941,-0.15670326767920248,0.024849654304767231,0.1436919916656216,0.94955566974029038,0.27874117312524282,-0.067275782801637707,-0.27163968039064146,0.96004471410747205,-37.667794667837001,-11.482826770992355,-1.6700007521689253,,0.6167211419896146,0.3684210526315789,0,1
-0.86291316039336174,0.48986109612565815,0.12416514858247767,-0.50448005194641987,-0.84944675634322553,-0.15472583923220415,0.029677513509010423,-0.19615380353319975,0.98012393632202466,23.939078631344337,13.535253726883829,-1.2671074397361364,,0.6598336299957167,0.6326530612244898,0,2
-0.44173902025371387,0.853466631421538,0.27651644984568724,-0.8968876066521958,-0.41275076644331532,-0.15883773428928202,-0.02143032941851087,-0.31816900202632731,0.94779176359081374,36.174391531171061,0.58864173624120286,-2.8017313782039515,,0.3684989345460602,0.32,0,2
-0.22838859552891183,0.95716314790054413,0.17798134096992443,-0.97266789593570468,-0.21646337996112319,-0.084028384203286677,-0.0419024301006512,-0.19230786108978407,0.98043963246837973,9.9627565285886188,-25.575807890591804,-3.4960547187652309,,0.158348062855436,0.391304347826087,0,2
-0.77760112632685663,0.571297828896281,0.26259337202907262,-0.62752025285539659,-0.7313393339345573,-0.26713500500019893,0.039431213416560654,-0.37250713998332002,0.92719124783937823,-6.8481318608346724,25.15903090002924,0.037541929413956593,,0.4975803161543659,0.4,0,4
-0.57196785784773252,0.7773987310401258,0.26173265475725183,-0.82005557589600864,-0.53452721933072778,-0.20442481316226233,-0.019016362190014305,-0.33155974540309141,0.94324255268583745,33.367106824882931,-4.5308121344228764,-3.0399599604142895,,0.4883132680698981,0.25,0,2
-0.6421459283301596,0.72182221129377966,0.25811102652145013,-0.76657792183122175,-0.60580139180707715,-0.21298582921296466,0.0026261168907064088,-0.33463019733366439,0.94234586779086027,-2.7342024438665442,0.31866146489107056,-1.4430479088148889,,0.2787719230185501,0.2637729549248748,0,1
-0.89856302383502884,-0.43871224900893979,-0.010772871760441345,0.42835164234934686,-0.87147790413422355,-0.23883285599439125,0.095390579687231442,-0.21922095058488011,0.97100093312601621,-35.304115250208937,15.770869879426266,-0.51376914866621504,,0.5563373228378197,0.55,0,1
0.50102238260767706,-0.8642896655201403,0.044496586399536242,0.8653165391580101,0.49944336013820334,-0.042232890896377655,0.014277926520714539,0.05966325576890525,0.99811644447194803,2.6110694357590227,-20.03559813391125,-2.8873251056603135,,0.09116665634358996,0.3043478260869565,0,1
-0.7809375621590493,-0.62017878982648322,-0.074261649984633055,0.61689696551958106,-0.74719890923492416,-0.24724870873448915,0.097850181102612538,-0.23889759037608208,0.96610210814938557,7.0953349966092141,-23.671064426694961,-3.3215782784198811,,0.7448746868774754,0.6578947368421053,0,1
0.18174253672264087,-0.98331682923404307,0.0075936612201768696,0.98226877688658631,0.18117661758620646,-0.048198373351708686,0.046018477803473568,0.016218710957678708,0.9988089172186646,-21.161893583012034,18.919205942495218,-0.63801273377255763,,0.1192754821022729,0.4117647058823529,0,1
-0.13834254444933469,0.96649182571754899,0.21622879368031289,-0.98707359706643072,-0.11671647700554298,-0.10983158912513526,-0.080913870069487054,-0.22862811466784658,0.97014541735443149,31.693029796397202,-0.44770859821378484,-2.5868730093001333,,0.4228733921669728,0.1363636363636364,0,2
-0.88320203454256552,-0.46284769237224088,-0.075671525989407712,0.4590449624505718,-0.82008611250921615,-0.34166722189621163,0.096082717637602372,-0.33649781832162506,0.93676962463359137,29.580766664614217,-0.99967229123956203,-2.5008676701892254,,0.3054498290098773,0.4117647058823529,0,1
0.75690787843443341,0.6395859586112751,0.13423958101537009,-0.64584633960992432,0.76345642197813812,0.0040984573686031634,-0.099864754424913285,-0.089800296701270002,0.99094043087161188,-0.71668716153795042,35.319994325810981,0.86945091989170664,,0.2343051547712084,0.3695652173913043,0,3
0.97738501367924846,-0.21128467586476965,0.0087932235235989101,0.20187945547004169,0.94464151055527812,0.25864474089948714,-0.062954114197058125,-0.25102032244534017,0.96593249102879952,12.073658938672866,28.44780480145306,0.13939879764646307,,0.6579596405903209,0.3928571428571428,0,1
0.64827564025768636,0.72578747649673747,0.23015480270675581,-0.75297101047783732,0.65597237970511935,0.052296218257040741,-0.11301925335301255,-0.20720225873407183,0.97174784401460157,-0.27463574178202566,0.50968209476341741,-1.3912960191131591,,0.5216614531930729,0.3536396489416624,0,2
0.16564539405621459,0.92294173251223377,0.34747685076171436,-0.9816739778420871,0.18797713628272139,-0.031317686099732844,-0.0942221027978873,-0.33592135184037408,0.93716542868486141,34.666468655908496,-5.8850709084427466,-3.1779205264036197,,0.3580345847776427,0.375,0,3
0.21218774165941448,0.9053884342636026,0.36776098949070279,-0.9742788645641377,0.22521493963403669,0.0076762640165833895,-0.075875268388933714,-0.35993056839804582,0.92988866515275204,21.905933842309974,7.6571332827633292,-1.4901948283406306,,0.2664966500054622,0.2857142857142857,0,1
0.97454301152651202,-0.22419237588428109,-0.0019228312971766252,0.22412836302306688,0.97397536616197267,0.033741117323687883,-0.0056917109410525874,-0.033313131119901904,0.99942875670132214,5.4427224920412707,21.976086271522053,-0.12990074710357544,,0.2085070565132467,0.2727272727272727,0,2
-0.8202307946008236,-0.57021136460442801,0.045611876353180647,0.56202619947306709,-0.81816555466185559,-0.12137411697194167,0.10652696698189631,-0.07391971889025542,0.99155830916029497,7.0665824780457669,-20.720441013936039,-3.0712948444849988,,0.4109053259196136,0.4166666666666667,0,2
0.10092865499292117,-0.99156905108046411,-0.081266373985238019,0.99345547333829365,0.10483645560669115,-0.045338064250846792,0.053475499955657417,-0.076158614189170762,0.9956607034473528,28.696401079736837,4.6943590953904879,-2.0471402097621305,,0.1067510160728351,0.25,0,3
0.99390842744453911,0.071983492600993806,0.083453068533675498,-0.074602337522022957,0.99680041481345438,0.028695370079079741,-0.08112046037205313,-0.034746364136235039,0.99609846957433779,-5.0209581897043671,28.639563876048271,0.37743089682380287,,0.1235497195937608,0.1666666666666667,0,1
