axis_00,axis_01,axis_02,axis_10,axis_11,axis_12,axis_20,axis_21,axis_22,location_x,location_y,location_z,dbh,dbh_approximation,score,reconstructed,number_clusters
-0.71049933041284985,-0.70148901497233307,-0.055712326787160572,0.70254137323675925,-0.7025679667628637,-0.11328667604491292,0.040327662633752107,-0.11963032204187483,0.99199912584369565,-24.364823051745141,1.6619662769628212,-4.8682352764873471,,0.5742718928820348,0.647887323943662,0,3
0.70919687886259497,0.70471236694588091,-0.020500411827320989,-0.7046541785329985,0.70946307844747114,0.011163735746774787,0.022411507926520087,0.0065284143077095815,0.99972751493548861,-9.2939117033299805,-15.089447747810452,-2.5471442733964551,,0.07426318459438809,0.2258064516129032,0,4
-0.8107893973358965,0.58309219751753849,0.051225407385999573,-0.58427990876371516,-0.80095904423409547,-0.13069658631605038,-0.035178706382674098,-0.13589738280692543,0.99009815673167945,-14.565673441152194,6.1399242044948412,-3.6945896238314946,0.8155021100751267,0.7483057777606617,0.5230769230769231,1,1
0.98296644997611793,0.18128755234753061,-0.030195721305987376,-0.18073722688597435,0.98332649267259054,0.020076444550483893,0.033331862217933737,-0.014276980495265646,0.99934236115008224,-9.7428585816447111,-22.666265412378799,-2.5602676439928009,0.08862417146759849,0.1188807253473434,0.4545454545454545,1,3
0.3998099007403374,0.91659632915097589,-0.0017923886181129911,-0.91658810380188815,0.39981390833056812,0.0038841568320079397,0.0042768257927201436,8.9957727287266645e-05,0.99999085029251467,-9.6042156932256066,6.149370770221779,-2.8313736222586701,,0.06910100432023088,0.2,0,5
0.80989016305880623,-0.56616259629912336,-0.15342046256095432,0.58612290211324936,0.79142762486194129,0.17350002369950673,0.0231919684141643,-0.23043920924448383,0.97281031215949498,-17.365670726771754,14.874638140395072,-4.3145507042899354,0.7411910170236268,0.537349881694554,0.2222222222222222,1,3
-0.5989037874696399,-0.78451943149619108,-0.16075918312623563,0.80080547376493061,-0.5879506083888677,-0.1141256994865133,-0.0049846306429031225,-0.19708714747556297,0.98037330122627286,9.5681648275035869,11.648019391604747,-1.1209842955439722,,0.372458147126832,0.3846153846153846,0,4
0.70329425664673695,0.69728867019748242,0.13844023613798662,-0.71057043839214373,0.68359220598346349,0.1667073723680495,0.021606495572195832,-0.21561587681079911,0.97623918842474244,-11.203572051917046,-17.680977569901867,-2.7185637048451983,,0.4258787173410843,0.1,0,1
0.12792495035067272,-0.95911390981165101,-0.25245933352440403,0.99170963764753928,0.12681573557215034,0.020730745482988634,0.012132669729452686,-0.25301833375686972,0.96738540463877831,-8.9330785328023463,30.695950125481577,-2.9516865778606691,,0.0971326802740525,0.1428571428571428,0,1
0.50169369354756266,0.8650280987786203,-0.0054613348232762067,-0.86498064460150326,0.50172338679568496,0.0090624283189824281,0.010579334543046248,0.00017738577996176202,0.99994402154066242,6.5363718411255824,-5.9009137360639592,-1.13328468013539,,0.06971503865213109,0.2444444444444444,0,5
0.84338274940949542,-0.52578783222987979,-0.11069188532808261,0.53608892105647421,0.83731085181113485,0.10732756477167373,0.036251989172826946,-0.14985891003979862,0.98804255999561952,-0.58918105825260159,4.8794342468542871,-1.8070680917555995,,0.07172290587902144,0.2074468085106383,0,2
-0.422796095979797,-0.89919961527139824,-0.11262110423900001,0.9061664621970742,-0.42090206022711707,-0.041277093960289883,-0.010286107790633981,-0.11950526177678437,0.99278028203333168,-12.021773534734058,-10.996796780289902,-2.9146980140135677,,0.1551837426182595,0.358974358974359,0,3
-0.97839528846044732,-0.20564506804428498,-0.021278287230417171,0.20652760190226507,-0.97688235936192802,-0.055201500160526849,-0.0094344671761725576,-0.058403441307293719,0.99824848052605009,-9.8095887824665251,-6.6481115766594945,-2.7702371460311057,0.2272165305425624,0.1608274138397654,0.44,1,4
0.97468542574352435,0.22217603785360748,0.025022570747970631,-0.22073874002248567,0.93846290689358269,0.26563467589554624,0.035534905324908772,-0.26443369790652421,0.96374897660907033,20.402029043775048,-1.3792163054084861,-0.30972525530266171,,0.3095306751788225,0.1333333333333333,0,1
0.97505067916572741,0.22192486044383505,-0.0050526602339153919,-0.22021054606198237,0.96988751144294094,0.10404580986326895,0.027990863894110676,-0.10033728850235234,0.99455967144986224,-0.95290042295183874,15.594139566333851,-2.0377519969713167,,0.2319779928867723,0.25,0,4
0.53701438164329884,-0.83065616904351669,-0.14705741306786643,0.84317537793779285,0.53389464667465436,0.063338679269503054,0.025900500916475801,-0.15800897152406779,0.98709793281628377,-2.8960915217704781,-16.996155458557471,-1.8421830056335931,,0.3533741411591566,0.4666666666666667,0,2
0.75685642489036187,-0.65155472271549075,-0.051427574406358124,0.65263628912046201,0.75764851729159088,0.0058820378209913328,0.035131555975422148,-0.03801535943529738,0.99865940451274582,-8.5971373609436608,-4.9387494473874041,-2.6353994639043483,0.3245654429340983,0.2333901726013157,0.495575221238938,1,4
-0.5870728044535013,-0.79311565828564179,-0.16221305389282203,0.80931720418958386,-0.57037345491529412,-0.14028465679021243,0.018739937936334952,-0.21363912214321981,0.97673289092567062,10.052618146593174,-11.575748873164081,-0.93714162602940732,,0.3431886819748138,0.2222222222222222,0,3
0.10532599243308072,-0.98565529837945731,-0.13187140741832606,0.9919754660637955,0.094811228090329186,0.083639140093139552,-0.069936471497373046,-0.13962257627084199,0.9877319606806243,-7.6878783583540597,17.935336307576488,-2.9806860274751417,,0.1324173841496945,0.3888888888888889,0,2
0.78623848144351249,-0.6118298623826639,-0.086563674796146059,0.61668652521273826,0.7857858287928019,0.047311318830175544,0.039074031254031534,-0.090580631291807739,0.99512228862403584,5.5834136174306463,12.690833245129046,-1.3852117979919323,,0.094598244612409,0.3684210526315789,1,5
0.84348473682032432,0.53666296143145487,0.022942636700456074,-0.53577997711585823,0.83750864190315066,0.10732702762710915,0.038383783983323594,-0.10282091501810761,0.99395902559509974,-17.509627974903751,18.103839376690019,-4.3345259992526994,,0.2739792697011566,0.4576271186440678,0,4
0.57434365008156274,0.81152356586193131,0.10751220238523559,-0.81845983163817015,0.56671007368774506,0.094674158964573735,0.015902062941841585,-0.14236992109138411,0.98968577334557417,-12.474391284666225,-15.969618884283713,-2.8963737741904505,,0.5569093418574599,0.5116279069767442,0,1
-0.20821766184038082,0.97776355690350913,0.024976630860150905,-0.97796606431579614,-0.20773093640541601,-0.020742109507040991,-0.01509245985245492,-0.028745170925363422,0.99947282744658661,-3.8977820419007236,7.4529158615996547,-2.1929162631472567,,0.385229168268869,0.2209737827715356,0,1
0.95379968435188078,0.30033297264106229,0.0081404959821528827,-0.29976519510928451,0.94947828080782803,0.092907599663875642,0.020173991457939994,-0.09105547659967185,0.99564145667497239,-8.8558628474087016,-11.535779209341637,-2.5062586732883774,0.7625092136594154,0.3450607009407031,0.8362068965517241,1,4
0.34071033490502323,-0.93362938671692464,-0.11069162546229676,0.94013765238373881,0.33737870446984514,0.048133193750673722,-0.0075935669680373928,-0.12046484146350424,0.99268855121426347,15.553873551436862,-6.3004844025442139,-0.58039766929652092,,0.1416294320149084,0.7692307692307693,1,5
-0.9996286983442314,-0.0059996599614386232,-0.026579494482892898,0.011069827782625366,-0.98075169470422019,-0.19494504930278259,-0.024898280251496079,-0.19516689630966735,0.98045395517860534,-13.727835773543729,15.594462490134628,-3.8180914064906855,,0.5576680376714208,0.654320987654321,0,3
0.59422843351342636,0.79180499065207754,0.14119994894703095,-0.80295937483075275,0.59414535939002733,0.047408166877692913,-0.046355271281563359,-0.14154910347211649,0.98884530647146907,-5.9895576961443435,-23.982740842294763,-2.2031069904869849,,0.2510534885005381,0.3181818181818182,0,2
0.87425574392186012,-0.46089977218320277,-0.1524739132478358,0.48404497119010398,0.85159762461058708,0.2012012714253526,0.037112802174021881,-0.24970559817328664,0.96761033177396072,10.577820204242361,4.2040803326158258,-0.94846860572804059,,0.3552623971187363,0.2368421052631579,0,2
0.055925503914446791,-0.98488770333740605,-0.16391628908282788,0.99816271343752472,0.058985147813240033,-0.013854596366848968,0.023313848136961031,-0.16284030260417784,0.98637695650944035,-17.5436781533983,9.7299756922965823,-4.1818152799285153,0.2045960792571439,0.1929750426786953,0.1875,1,5
0.6140725584225426,-0.7716355124090436,-0.16581172751535589,0.78860966103774488,0.60833950708299867,0.089542429272093368,0.031775706291549792,-0.18574627886245162,0.98208381738954742,-11.773291958544062,-7.8804279362074068,-3.0449956057127014,,0.7209260678624841,0.6710526315789473,1,3
-0.41199227562889129,-0.88493050050323752,-0.21716439418380407,0.91089720219517512,-0.4060068003255064,-0.073653004843300951,-0.022992430387643634,-0.22815890815073456,0.97335238263248458,0.93068861871061204,28.104084439770222,-1.8386635500582511,,0.2959867033361988,0.3235294117647059,0,3
0.9726652991957947,0.23201574166423547,-0.0095347449022699059,-0.22949835284476006,0.96674818835810095,0.11282041636101717,0.035393809937595305,-0.10754829578531694,0.99356964642232126,-12.247192952279224,-5.0322184297365959,-3.1835309746826734,0.7379583759912364,0.3730133349287355,0.5106382978723404,1,1
0.11578321985400795,0.96150947017501043,0.24918624513405552,-0.99327040332736594,0.11280112678203222,0.026264266039542683,-0.0028551487054889403,-0.25055028349709574,0.96809937690579828,-14.909607866188187,26.978985450272937,-3.7810490666202807,,0.3912142337841143,0.36,0,1
0.68388026771863408,-0.67612757441703797,-0.27415193331075277,0.72891825509020669,0.64934818849257792,0.21685273228081947,0.031399949384337447,-0.34813565346620445,0.93691814475135493,-13.594289249276823,-16.928074047712542,-2.9977652323465294,,0.2952459338149497,0.2307692307692308,0,1
-0.33651470657031718,-0.93979547165781663,-0.059517423611542636,0.94161240577943695,-0.33656561126469481,-0.0094692447578178501,-0.011132364715301889,-0.059228884553778088,0.99818235292473523,-6.314215249800732,5.1960621186838045,-2.4630455988639159,0.1164742302675276,0.09662665537584117,0.594306049822064,1,5
-0.050613689316899746,-0.99695548466830874,-0.05931286575029171,0.99869852150983029,-0.050149534870755019,-0.0092890950220057122,0.0062863016005650025,-0.059705826700806278,0.99819622152669052,0.75514361939744468,-7.3198696160583321,-1.4632897624617085,0.5829911084889488,0.5220235152227058,0.9973009446693657,1,5
-0.57301449521481962,-0.81730081203133509,-0.060611640190863618,0.81936692814537759,-0.57286355745972628,-0.021568068902781828,-0.017094599595015671,-0.06202198954812678,0.99792837792958788,6.6461424092469867,-8.2552955047881476,-1.1325654896580784,0.572511405139564,0.522130071882813,0.9708454810495627,1,5
0.93322373512778745,0.359271644789383,-0.0041647862460005292,-0.35889809921130322,0.93267340206707605,0.036228158373592681,0.016900135403510371,-0.032314243406894171,0.99933486634680424,-9.4409740737732584,-9.4084182849532194,-2.6390445277685082,,0.1705338389971334,0.325,0,3
-0.71811617125294402,-0.67291588515351719,-0.17746373176813043,0.69557462626111766,-0.70209783499454781,-0.15242889948325045,-0.022025074045709577,-0.23290092658473219,0.97225102443209266,1.7025872870416043,8.7279011206945984,-1.7100477959535116,,0.2379787444073116,0.1792452830188679,0,2
-0.64053305319368747,0.76311548404609819,0.085861317107664925,-0.7673432545685358,-0.63165777962569325,-0.11042091788473252,-0.030028943280456941,-0.1366133501800938,0.99016920529676655,-19.337226929671083,28.113921296253594,-4.4401512639083514,,0.2686579320028422,0.3333333333333333,0,1
-0.99910148671833587,-0.015132120310769151,-0.039588359047993293,0.016294653776714418,-0.99944048596976898,-0.029209574848153372,-0.039124206004843433,-0.029828408261475838,0.99878904808026314,-8.0934084797574908,-7.0165917325519622,-2.5622616445302504,,0.06974845553125052,0.3428571428571429,0,4
0.87050441360139341,0.48106018526200428,0.10393827041171891,-0.49216037138980018,0.85066233280113002,0.18480195991058218,0.00048449349561873476,-0.21202521951179465,0.97726407462723552,0.24360888704276551,15.202590676627587,-1.8946756306343997,,0.4017219404903374,0.5510204081632653,0,4
0.88068457157360958,0.46813772686054833,0.072399959130147906,-0.47274537879139161,0.85886364416074124,0.19714220139360125,0.030108009293077352,-0.2078468412768649,0.97769790750908203,-14.936679326984295,12.287685567654401,-3.8756360320875007,,0.6789142874342033,0.4444444444444444,0,1
-0.92460402121314322,0.37978919196303407,-0.029454602773635076,-0.3789949887790427,-0.92493711316000427,-0.029225591176436635,-0.038343218916261489,-0.015858952276379686,0.99913877474344692,7.2662600599530762,-12.64260899410586,-1.120359379787214,,0.07944185663312106,0.1666666666666667,0,2
0.42191053562295877,-0.8976923090088661,-0.12704337163614615,0.90633303741851468,0.42123855470882055,0.033444062411053056,0.023493088644930906,-0.12925400718413244,0.99133318133348436,-5.2615494248866419,23.629731246547642,-2.7212775343912932,,0.2476523941669495,0.3888888888888889,0,2
-0.27848679484103928,-0.95700616052652976,-0.0811437848108819,0.9601794815133321,-0.27544792441388039,-0.046731191049160833,0.022371150617545174,-0.09092661684212705,0.99560628863506651,2.3881550234772337,-13.266184547161654,-1.4216888761412312,0.2546638223857743,0.2512611303898657,0.7027027027027027,1,5
-0.022250328266500065,-0.99410485095691559,-0.10611535325278047,0.99974396761183149,-0.021687711717544061,-0.0064530910585543057,0.0041136499348238811,-0.10623176767985225,0.99433288662289943,-13.110403294800006,11.171654262537466,-3.5028378524989199,,0.08391586622796707,0.24,0,2
0.82978683144789012,-0.55560029191405247,-0.052555969981458638,0.55688862645277071,0.83048626415551119,0.012946921509381985,0.036453697798969786,-0.040011006911142136,0.99853404911537136,-12.02518977526058,6.7291400521488338,-3.2751941927516395,,0.08322112662497309,0.4102564102564102,0,2
-0.78929204396387009,-0.61170948304675132,-0.053193774880280265,0.61366176829094321,-0.78881888862223137,-0.034409229733042127,-0.020911802250647749,-0.059801917222318299,0.99799119596475694,-14.474716825505439,10.565886907223476,-3.7228561107530074,0.1918069272530773,0.2049408307989801,0.782258064516129,1,5
-0.92076559082145615,-0.38277932498873141,-0.075304150751381249,0.3887809890814023,-0.91631363840437019,-0.096013845892308089,-0.032250105241719576,-0.1176830677511283,0.99252739321218819,-17.614996214494983,20.304318014692313,-4.3380786286970929,,0.1861174923750397,0.5,0,1
0.75569634329478474,-0.64146957052676989,-0.13205993646482805,0.65453529725249104,0.74666628436681814,0.11862969459812552,0.022507362828329769,-0.17608591618313166,0.98411745678067442,-4.6857085988389571,9.2986988908684918,-2.2954035826964532,0.1499422956365654,0.1423881913065972,0.2093023255813954,1,6
0.99886687949608832,0.035745901760769423,-0.03141954094280431,-0.030843592545553532,0.98900487946770199,0.14463063710002641,0.036244031848443742,-0.14349766164082636,0.98898674978939094,-14.799549857757025,16.969026048035193,-3.9442077193023257,,0.1006345849459439,0.2,0,2
0.86180246858429677,0.50183320552172439,0.073891399890681927,-0.50640385770208385,0.84281647810592364,0.18225124728675049,0.029182838218061488,-0.19448346476993719,0.98047159259441097,9.5319237911757604,-7.7120117730921791,-0.95482920612639044,,0.6830464642590526,0.2321428571428572,0,2
0.22833052444238772,-0.97068885725911269,-0.075022090085947568,0.97344065089169962,0.22893895783003107,0.00050277156331915397,0.016687444364246878,-0.073144350299247846,0.9971817453302545,-10.149404419721792,-4.2477581117519003,-2.8606770599056386,0.1167352561007357,0.08909762679149448,0.5454545454545454,1,3
-0.89886537239332398,-0.43211686726787241,-0.072911284001938761,0.43741172525988636,-0.89482318113742132,-0.089232601129156222,-0.026683795033334227,-0.11210034576978553,0.99333855636480428,-11.129410988969704,5.1349931111696216,-3.1382201463684987,0.1251330406727553,0.1024605566945097,0.2058823529411765,1,5
-0.9997521772736524,0.0049239399369121386,-0.021710339750683573,0.00095943392148334437,-0.96479569703060819,-0.26299874995477468,-0.022241032420792364,-0.26295440252393854,0.96455187453559821,-15.808798994737586,13.37449752863315,-4.0820115271025683,,0.2640612000838007,0.1935483870967742,0,4
-0.99825887926261148,0.055952177803354382,-0.018669862678044956,-0.054211437461030569,-0.99503844837937239,-0.083424254837427034,-0.023244999930393872,-0.082266883044351508,0.99633921429019501,5.9381453033058564,10.739165717887635,-1.368817108554671,,0.1131488145532533,0.3571428571428572,0,5
-0.25127816463420027,-0.94588949391829991,-0.20531037302837948,0.96779782665663483,-0.24223124133945714,-0.068493740136172682,0.015054922675444549,-0.21590991411727778,0.97629721821231652,-6.8762607941230476,-13.650384991795127,-2.2775779504672129,,0.1236878921649672,0.2142857142857143,0,5
-0.71925837656592084,0.68887181594817382,0.090127736751911117,-0.6937742097493621,-0.70533873138590175,-0.14551501604155709,-0.036670609844999522,-0.16719119354556991,0.98524229059374213,10.805723409401242,2.3783116394569124,-0.89049931520360459,,0.09823662651082268,0.1785714285714286,0,2
-0.80498065936855967,0.58375449287820735,0.10600391543271669,-0.59289388279997624,-0.78486634502829444,-0.18017120796701794,-0.021976846473675881,-0.20788341080142364,0.97790669582155909,3.6389861131468639,11.186344170113925,-1.5359961334170649,0.1514092587559757,0.1724113135928745,0.3333333333333333,1,5
0.7462687030111077,-0.62620226587054206,-0.22572936256658785,0.66475012749796614,0.7186815737169534,0.20397074199786711,0.034500592713120018,-0.30227060362913549,0.95259760197269072,-10.62264119225007,12.791787360123859,-3.2350696864652502,,0.3697460022769086,0.5,0,3
-0.63640189545061243,0.75667621893741666,0.14977892762816619,-0.77051528668086267,-0.61453512631040719,-0.16927129562262,-0.036039151737749346,-0.22313152673978479,0.97412191296407902,-9.4698438254518091,-5.5596593893559163,-2.746353869181871,0.4698778975958378,0.3198503782756156,0.225,1,2
-0.17798707637583713,-0.98089908894027933,-0.07847023613645944,0.98399078778083493,-0.17667559670233438,-0.02340647543577622,0.0090956146374738672,-0.081380039604339538,0.99664164018385371,-6.1209193734621667,-15.277473621243441,-2.1346753412385318,0.2703585365830858,0.1998209795415723,0.788235294117647,1,5
-0.76382026044505458,-0.63488022441937142,-0.11621407132898651,0.6449678808771917,-0.75760482615030567,-0.10025647126520164,-0.024393490329070573,-0.15153226730625563,0.98815126857915403,0.34244908908788119,16.812658987310314,-1.919681071709471,,0.5198846295398363,0.1428571428571428,0,1
0.72914911315509978,0.68434087044874392,-0.0043753649661064176,-0.68386990399196745,0.7288581723594767,0.032980585180073005,0.025758982882642115,-0.021055584016085441,0.99944641536332124,18.203783889675762,-2.479291559016124,-0.44197896438167417,,0.1475983331454062,0.2592592592592592,0,5
-0.32195282751018656,-0.8977657716472256,-0.30060438472659989,0.94673544419873623,-0.30736434835878984,-0.096016436383557849,-0.0061948007245847952,-0.31550558888336361,0.94890349763679571,-7.9524095101712122,-8.7819695229996011,-2.4817643634123576,0.3264019924295283,0.1833381525858224,0.2093023255813954,1,2
0.86974129729655647,0.48687350026436305,0.080649057757862075,-0.49288331124302442,0.84874355492977349,0.19157353539380886,0.024821709752058094,-0.20636998983742402,0.97815914350349276,-24.036520327771687,-0.53567261986262471,-4.7624889477531109,,0.1681258058271171,0.3478260869565217,0,5
0.82840490948370138,0.55423364864868629,0.081057810535850941,-0.55941989042907947,0.81136302954232631,0.16952704941753538,0.028190284418890904,-0.185782391516159,0.98218644404558908,-11.429275990456334,9.3352448425222825,-3.257367809219871,,0.1513586431393364,0.2,0,5
0.8443477275567236,-0.48960197601712746,-0.21763919695202311,0.53069084774629605,0.82013894985588787,0.2138675455687446,0.073784409519320526,-0.29607770603239564,0.95230974630236742,8.9038936260886015,-15.390204765217408,-1.0137662296770071,,0.6891936063559017,0.5897435897435898,0,5
0.4788797452344119,0.87731548398310155,-0.031491763490196639,-0.87773250548162862,0.47914952761689944,0.0011743106257539346,0.016119504495130641,0.02707899089699806,0.99950332156868416,-0.71687215843746155,5.817288393145482,-1.8753773003084699,,0.06958191512812745,0.1904761904761905,0,2
-0.42711715918395154,-0.89484632137750619,-0.12969577266733381,0.90418574773910543,-0.42338823964884675,-0.056484795410146373,-0.0043664534929889563,-0.14139469454048262,0.98994367235701741,-13.720660110340736,-1.2651528261910094,-3.5426728927003945,,0.458804192822978,0.7940552016985138,0,6
0.95116356752763975,0.30711506569160202,-0.031115980353134842,-0.30680822312800143,0.951663685865207,0.014315838308918373,0.034008558174847485,-0.0040700651950285388,0.99941325413473281,6.5451534423678988,4.3486088532604938,-1.2273592869294858,,0.07343125805896378,0.2258064516129032,0,1
-0.6408009910084298,-0.75799619021784914,-0.12172044009877921,0.76762028003416993,-0.6350074166330425,-0.086744950869148948,-0.011541039939113401,-0.14902132879643554,0.98876662967601603,8.6655894881754083,-13.529963867846797,-1.0198019169196777,0.4628382211280704,0.3932855503691497,0.25,1,5
0.94975897716925428,0.31189968754049852,-0.026009040708033712,-0.31112826767000745,0.94989905582861656,0.029849368377964623,0.034015971881937675,-0.020257557800554719,0.99921596514911859,-8.0013897830949006,-17.251391609585578,-2.3500699997175438,,0.0872596347795396,0.3142857142857143,0,2
-0.09822705650295796,-0.9760214092229057,-0.19425152279788824,0.99515693399191918,-0.097074006136189078,-0.01546977894070393,-0.0037579380739735796,-0.19483030070090465,0.98082976699844659,7.8542699792904944,-3.9454568988771124,-1.0696181807867693,,0.1460403047558058,0.1666666666666667,0,5
0.64680900883443382,-0.75294483418444047,-0.12129378700323261,0.76206240944643655,0.64433524266625153,0.063976395388588542,0.029983165265057444,-0.13381394446465891,0.99055279418489328,-4.0814883194347624,-3.1336769702085601,-2.0057643980740507,0.4890820343109957,0.3470259013271366,0.9213180901143242,1,3
-0.23420099010375522,0.97215513270958664,0.0080183652215667003,-0.97078746411810513,-0.23341301187004301,-0.055588356702580229,-0.052168915510664826,-0.020802976617802553,0.99842157449560343,17.055144278649315,-5.5691386313178057,-0.49495753209375509,,0.1986778193369803,0.2272727272727273,0,4
-0.38535752798382616,-0.9174172758105561,-0.09922256633716682,0.92273057762789035,-0.38406790746551289,-0.032559538779939473,-0.0082375200573334834,-0.10410275932654657,0.99453243223331056,4.3818139245280081,1.2139996530562396,-1.3223624975040138,0.4426979531741541,0.3315517360594225,0.9148580968280468,1,5
-0.98012686827329631,0.19641150542430266,-0.027818026992236383,-0.19485680624792173,-0.97952818893285454,-0.050550491043931153,-0.037177239645266813,-0.044125362580739881,0.99833401486149786,3.0419735610013405,-11.825535703282078,-1.3829005574912405,0.1756611260360261,0.1461605098908721,0.2916666666666667,1,5
0.85253396642412382,-0.51751688693308207,-0.073226414853134719,0.52155512509746815,0.85147546335256918,0.05449575022965087,0.034148024506788624,-0.084651090055708339,0.99582533878921986,-0.3337416197199769,-10.779295191256962,-1.6238031701844742,0.3914551089703301,0.296548018670668,0.8425531914893617,1,6
-0.27455722400457105,-0.94439702973907813,-0.18092147735112235,0.96134890963154662,-0.27363287541082804,-0.030550342790881591,-0.02065441108194337,-0.1823164822894823,0.98302293746811864,7.0360853992818528,16.907103578830089,-1.3187556395233675,,0.2001331400627328,0.25,0,3
0.5245540000000426,0.85131355007111409,0.010408676634061637,-0.85067651256303323,0.52358723167787902,0.046966815918158482,0.034533636610565445,-0.033491047896595565,0.9988422185977307,-11.94831502222338,12.373435815438897,-3.4142250768682678,0.1484766011456874,0.1480369859895032,0.68,1,5
-0.47308140705440771,0.8810184566786502,-0.00067918406403497447,-0.88067866734160716,-0.47292008579344491,-0.027416734716826683,-0.024475849093219565,-0.012372204520279807,0.99962385994256653,6.9298354924207421,-9.1276359216677427,-1.1105648931062262,,0.07933783351288223,0.24,0,1
0.9826595536028695,0.17946579477393892,-0.046607190638011851,-0.17720315396687661,0.9829605017833053,0.048864037472398564,0.054582450817097831,-0.039757772071269862,0.99771743275474933,2.6855415932404361,9.4649080206738851,-1.6192841684558261,,0.1055773999785282,0.34,0,4
-0.98511023529171893,-0.16152151172461904,-0.05889503861692464,0.16804415772456538,-0.97698455263257777,-0.13138624346545627,-0.03631783829107512,-0.13932690037288745,0.98958022891241482,-2.5964883695216097,-11.347793955327077,-1.7974329135463969,,0.3651510745627939,0.1333333333333333,0,1
-0.91247340084524886,-0.40188444132727097,-0.076688907731008921,0.40795402843157746,-0.90794890006533768,-0.095928648257923868,-0.031077378209165663,-0.11881788875927801,0.99242959743975467,-2.2024229497803001,-13.117614629187416,-1.7916750878164451,0.4183922071994662,0.2805395318164093,0.6336633663366337,1,5
-0.99651840321260454,0.081622154619644186,-0.016996938955275199,-0.073939314066236397,-0.95939930839173126,-0.27218733418894159,-0.038523368155146058,-0.26998294563308062,0.96209415296698941,4.0809636905121094,3.1416623386076981,-1.3729853207913976,,0.4787993214224944,0.3482142857142857,0,1
0.33229019960156353,-0.93908186966921814,-0.087797866188872628,0.94287972106248497,0.3330807900074319,0.0059176800484248178,0.023686596587177484,-0.084749214666514874,0.99612073352356501,-24.872502509939508,0.27770615886813621,-4.8377829523703282,0.1459875902230214,0.1321079923748013,0.4545454545454545,1,5
-0.29954397070707128,0.93914402290836696,0.16817227431574974,-0.95373520686107449,-0.28999105029397454,-0.07933691412616399,-0.025740334238430605,-0.18415671311382589,0.98255978963542323,-5.9191873162633559,-18.832165188181612,-2.1609905152575291,,0.3872385735847321,0.2608695652173913,0,2
0.9997731336916712,0.0016009491051757613,-0.021239541197915809,0.00055844617994854292,0.99485830099577399,0.1012751157869748,0.021292470176084009,-0.10126400101597648,0.99463170712180493,8.6782357921547923,9.4722968509248915,-1.175236795415362,0.306091064086653,0.2070324686305915,0.1666666666666667,1,5
-0.97650953346832847,-0.20861135193305166,-0.053948446596106994,0.2125591274129813,-0.97366185509102943,-0.082469444609065967,-0.035323482258979695,-0.091999433614345455,0.99513233080617947,-8.3158906180200454,6.2043848666283186,-2.661997172211843,,0.07070109018709456,0.2180451127819549,0,5
-0.9985970636025101,-0.032592668458487253,-0.041732751253666163,0.036418994734553477,-0.99486078809071443,-0.094475759547342969,-0.038439060693125748,-0.095863080913759169,0.99465205390164069,-28.115925379150283,0.48573725401400708,-5.2775265728607774,0.8199326731801599,0.8699737011495782,0.4534883720930232,1,4
0.95954585213232924,-0.27666666586676597,-0.052223688626996494,0.2804120134050756,0.95575339684241656,0.088907520279747562,0.025315220594612938,-0.09995499198313855,0.99466986441929406,-2.4925294015637283,-9.8600840874662321,-1.7937119241842219,0.2620488367005947,0.1239309998078929,0.2048192771084337,1,4
-0.53233551657245515,-0.84136254468707572,-0.093423584780430863,0.84651996899349924,-0.52969843754084067,-0.053136685651601269,-0.0047791098315900157,-0.10737147509688519,0.99420748661672065,-5.2778816114828579,7.7769151645791705,-2.3373230419642916,0.6534626597784001,0.28685656628196,0.2935779816513762,1,5
0.46748361119719584,0.8773369768904089,0.10834621471388332,-0.88357889933820521,0.45994678947745887,0.087961807016813123,0.027338652240262322,-0.13685313233600455,0.99021402649301482,17.301901269073042,5.3423917104987906,-0.54896158988238142,,0.4279553759848254,0.3023255813953488,0,4
-0.57989606725933895,0.80494790418426632,0.12561617223315658,-0.8118381355749148,-0.55806418908523914,-0.17170673395904149,-0.06811308834136752,-0.2015520588086169,0.97710663429669198,-16.129580269933935,15.950192896979514,-4.1373575786723293,,0.4112161350271297,0.1538461538461539,0,4
0.076302931657092773,0.99689208299068555,-0.019596874521867785,-0.99707835705079406,0.076217704791982491,-0.0050607684329398942,-0.003551411187493718,0.019925770919465478,0.99979515458509927,5.4203552137191,-2.8249492303450112,-1.2951531545881356,0.3165094808500786,0.2524847313782119,0.7491039426523297,1,5
0.94783579333698209,0.3175512043022482,-0.027722581327266196,-0.31672688538790472,0.94802944068069372,0.030401639349360771,0.035935900458065349,-0.020035275112748236,0.99915324090422941,-1.3323024797450749,16.62079151038461,-2.0943846943741287,,0.08857329228963483,0.32,0,3
0.41393027862065773,0.91027400473539333,-0.0079347806531945217,-0.91030356667499635,0.41394122070894168,-0.00028687413974876123,0.0030233987175969103,0.0073418050219819985,0.9999684779827881,14.305945123338528,5.2550987528618682,-0.7182467455403273,,0.08396060252976001,0.2692307692307692,0,5
0.91208293150022912,-0.39220362565269995,-0.11950331414159665,0.40771646874914869,0.8983671241557597,0.16341294730477718,0.043266698240941322,-0.19776962926846559,0.97929319744514742,6.7519252568643386,14.234039050379966,-1.3145433268069435,,0.3419239177215713,0.3157894736842105,0,5
-0.80070374580769732,0.59860842772745648,0.023269329667721706,-0.59814013530913146,-0.79671786847239134,-0.086423472443443311,-0.033194728224468145,-0.083117918107177155,0.99598670759585528,8.9193733395741077,-5.3328252194682815,-0.97629452161402497,,0.1867926202567135,0.581081081081081,0,3
0.94218927942523423,-0.32548027602162,-0.079636371445779314,0.33293185541678449,0.936198226683852,0.11264661558497713,0.037891178193575431,-0.13264791847180438,0.99043868479588459,-2.9009164037568564,4.1624320561444828,-2.0258121343755455,,0.07467884645269075,0.2455357142857143,0,5
0.95786793642473811,0.28704339894788339,-0.0097521018176865617,-0.28522214352445097,0.95468005841531545,0.085054775923808404,0.033724549110901648,-0.078689727312897501,0.99632855103258477,-9.8927126686188807,16.826178420149944,-3.2367302764549537,,0.4078894700962649,0.55,0,2
0.65662595065360829,-0.71868174300466636,-0.22877699447282662,0.75359774609707664,0.63745930254143324,0.1604246698011085,0.030541742020564651,-0.27774482871002965,0.96016926222368992,-18.187189327300498,11.448707989159464,-4.3600329465023169,,0.1737695831438836,0.1818181818181818,0,1
-0.99923532518727576,-0.02861978097647494,-0.026639689088621046,0.033400236076872571,-0.97901442255892734,-0.20103528210644819,-0.020327054087815283,-0.20177132739432679,0.97922170232978512,-14.020630083855611,14.049827863897596,-3.8065083899874477,,0.3094944792295057,0.5,0,5
-0.92690164242161066,0.37416005172150141,0.029284824942059924,-0.37114925046029534,-0.90226600659381184,-0.21946363532033925,-0.055691823088175524,-0.21429024485734602,0.97518106616161115,-12.595706330353247,5.1874689029633831,-3.4137812844392474,0.743662385867548,0.4049087209578547,0.2068965517241379,1,4
-0.99998421913453961,0.0028188864419927359,-0.004859563880964912,-0.0025902979346059981,-0.99891865015353376,-0.046420046661468449,-0.0049851618324790242,-0.046406726394673456,0.99891018810843779,-6.4446538399699129,13.698050452051666,-2.620155563197569,,0.1681676360176141,0.2564102564102564,0,5
0.92785070362931921,-0.36589544583104905,-0.072205224843320467,0.37018342041011831,0.92708406753662187,0.058986159166508276,0.045357546539051143,-0.081459526391017778,0.99564403203760921,-0.005490426503522724,11.534073333032367,-1.8930241890514334,,0.06822244743687102,0.4545454545454545,0,4
-0.96513465261330178,0.258907637267413,0.038495943807201539,-0.26021458815624587,-0.93309972375792749,-0.24822021197629029,-0.028345554072497278,-0.24958313422081399,0.96793842194472168,-8.4952969350992316,-20.008352135281999,-2.4426612599432476,,0.5813326247515397,0.2,0,3
-0.11899953332828889,-0.98824863623052539,-0.095936145722850627,0.99288614750089932,-0.11804997728247195,-0.015533865083421387,0.0040260611609297245,-0.097102192828557782,0.99526627340597318,-3.5424037683477771,-13.045378348603204,-1.9159064900503597,,0.07222648197551683,0.44,0,5
0.83559048862422602,-0.5429342647572466,-0.083731233558549417,0.54933696894118456,0.82696203656469658,0.11984441845694142,0.0041749102074730132,-0.1461375182260817,0.98925547554283566,-8.8634814477685246,-13.105256377280204,-2.5459783732178272,0.7201932849831918,0.456802336521043,0.7028985507246377,1,4
0.4695158153590569,-0.87805706203497791,-0.092578047820330633,0.88229033145922087,0.47056455749531484,0.011522510265428701,0.033446526595423791,-0.087090717299502948,0.99563875819443659,8.4600889576639542,13.333259629134442,-1.1795026629224064,,0.08699413724182178,0.3,0,4
-0.24407372744324307,0.96231131656865632,0.1199372568298204,-0.96886478090814976,-0.23667394967254737,-0.072708169157257529,-0.041581869700212742,-0.13394913792293398,0.99011543597801677,4.0124120199839304,13.483876822422348,-1.5202700314258184,,0.6444790685221786,0.8780487804878049,0,3
0.35030497653057457,-0.92996648920086988,-0.1115739771690617,0.93575949764525601,0.35263665315908477,-0.0012463608857879317,0.040504147745779519,-0.10396980240515985,0.99375534927024178,7.9358021994065107,-8.3814670004665892,-1.0488477001918473,0.6137443525067519,0.3007661883685345,0.4666666666666667,1,2
-0.28225078893291772,0.95876115885119106,0.033339652443726067,-0.95887168173554216,-0.28302891863431595,0.021441296190855743,0.029993167762008176,-0.025916625841580668,0.99921406034572424,-12.661082380620625,10.178211607252049,-3.4507782954633779,,0.1321005392070049,0.492063492063492,0,4
-0.98745916866569139,0.15577567162695399,-0.025657949006760619,-0.15063825679349135,-0.97831151635402769,-0.14217838288326784,-0.047249400083813564,-0.13653027905286927,0.9895084522597396,-8.2394622364243357,-15.405911091116579,-2.3896850268024057,0.7345614949130458,0.287962086287372,0.7674418604651163,1,5
0.21161153171733174,-0.96915520143019473,-0.1263279667573419,0.97710512604317068,0.20686709703104089,0.04971495575890502,-0.022048408205689627,-0.13395596181861122,0.99074197851350099,-1.9284513771962395,-18.854113607903631,-1.7642157679287884,0.5711953367605607,0.4482323954900943,0.8380952380952381,1,7
-0.36123789055494743,-0.89796628438984005,-0.25132397125327743,0.93226493805428801,-0.3420891451953999,-0.11771619265893751,0.019729969641317693,-0.27682407561226841,0.96071804368366409,9.1361781084892844,3.4756765835471848,-1.0368067776290972,,0.3197231058825332,0.1794871794871795,0,2
0.91395434045704704,0.40539847373621757,-0.018426639738983654,-0.40464893450325634,0.91382633937954849,0.034360751760601563,0.030768545059918072,-0.023947838076113798,0.99923960974651926,14.913994218944948,-10.954644955169851,-0.64069373371891358,,0.09833443941726153,0.2857142857142857,0,5
-0.0249925642304786,0.99943753334933816,-0.022360426332601539,-0.99965344980552417,-0.025170438066050502,-0.0077090427082035879,-0.0082675283549069282,0.022160008577467156,0.99972025186786462,5.2912043886309474,13.808339332808648,-1.4259282173005696,,0.07227976985773155,0.2941176470588235,0,1
0.91951340534753856,-0.37739326622731734,-0.1098609120317683,0.39120799818566843,0.90580013394821213,0.16273419891026034,0.038097237980419377,-0.19261474488127692,0.98053462994051632,8.0835286608139967,14.601901315451851,-1.2177175527858377,,0.3852943159486583,0.2380952380952381,0,2
-0.92010165445875292,-0.37751221768929577,-0.10439095246991956,0.3912305926545534,-0.89856265864131291,-0.19880586476918477,-0.018750168890816672,-0.2237625392928097,0.97446331751164472,6.6304902564324859,11.922198884426745,-1.3139152361760496,,0.2320170645293564,0.2777777777777778,0,4
0.69972060116716905,0.71383490949979622,0.028823641020413421,-0.71405382583000021,0.69751026758206813,0.060054645408421203,0.022764316809324642,-0.062603103733038373,0.99777885189213888,1.8933893941425259,14.558349624891214,-1.7461958687003927,,0.193366839540391,0.2325581395348837,0,5
-0.61484895652171156,-0.77975588016273811,-0.11807424789426406,0.78845170597280989,-0.61108357347836506,-0.07014822573292176,-0.017454741840768354,-0.13622640557742541,0.99052395145737215,5.560389559776814,9.5225736349651182,-1.406396834189741,,0.4382200876718055,0.6037735849056604,0,4
-0.9887721739558889,-0.14158091933853326,-0.047795724597511212,0.14428172673631109,-0.98778898370510926,-0.05878526176530513,-0.038889218821336669,-0.065021280747788859,0.99712580034285703,5.6509886020387956,2.6262919416304369,-1.250733839879103,,0.07663854340203466,0.2549019607843137,0,5
0.57968919756522419,-0.8082418759515434,-0.10346740638731289,0.81430068248476772,0.57922708652022792,0.037555036228586504,0.029577571418706722,-0.10602382845199988,0.9939235961930637,-3.8642839195391216,-3.3425183401394034,-2.012626606696057,0.488061714557842,0.3802275561425759,0.9162817551963048,1,6
0.98896196404547787,0.14551894939180021,-0.027901058030450853,-0.14302733418289884,0.98674009546397967,0.076727867690104243,0.038696451359850129,-0.071890328776849255,0.99666161021708455,-11.452849678180495,6.8515406787615758,-3.1673655394097233,0.4593524129195737,0.5689129730377285,0.225,1,5
0.7834483525477256,0.62139943251690621,-0.0084512814367670754,-0.62052405059310289,0.78294484519931917,0.044127905132051629,0.034037942443462227,-0.029327711187243154,0.998990142008786,-8.4662374534319014,16.849993419611916,-3.0716631195012303,,0.08976499648522593,0.2352941176470588,0,2
-0.82992531365093647,0.55764279336529032,-0.016077585924230912,-0.55659672676046801,-0.82962992146021874,-0.04375245338771358,-0.037736686671298876,-0.02736253690115906,0.99891302627075806,-11.341692429021526,17.231250020231553,-3.4439469957833344,,0.120383450153462,0.3809523809523809,0,5
0.065911723291482455,0.99776887221812915,0.010626493556698013,-0.99779296969764064,0.065991777224834861,-0.0073671541772706399,-0.0080519783103871635,-0.010117458735832589,0.99991639784234854,13.694870035109536,-11.232187704878807,-0.71165460810691517,,0.1748314620307546,0.6170212765957447,1,5
-0.4165416678985428,-0.88826794519266439,-0.19357969017307458,0.90904942189196214,-0.40954808527266223,-0.076808296474969423,-0.011053843774487832,-0.20796736136398797,0.97807330458668107,6.8637264060158989,-20.490812155759674,-1.1777930439095712,0.6973789129652883,0.4855638157651102,0.3,1,5
0.91096116327813481,0.40086303393210315,0.097255267341655322,-0.4112510998863057,0.86434011391025034,0.28946277882988497,0.031973298879706881,-0.303685685392586,0.95223563924397603,14.073845928940427,8.1002582845078077,-0.75225490196902678,,0.3829661111696587,0.4,0,3
-0.96205703466702641,-0.24653024270685731,-0.11691493265869261,0.26151843196043062,-0.95536117799763576,-0.13745228015543307,-0.077809843802992912,-0.16281234291621785,0.98358414444392384,-9.2100529909989106,7.0580321159763191,-2.7749134000835554,0.5413735642680986,0.1929813480969459,0.1142857142857143,1,2
0.95457157636530765,-0.29001173578330475,-0.068456546096098136,0.29547814987676363,0.95095193985743809,0.091559112199610521,0.038545668250237232,-0.10762713965041869,0.99344382340916104,3.9551228581913134,-14.67128159999662,-1.3478405196817733,,0.8073762989987698,0.3333333333333333,0,1
-0.62917254810485523,0.75964508404472586,0.16456382044035822,-0.77722125381822038,-0.6171372183506777,-0.12275494425733911,0.008308268440451079,-0.20513653992663111,0.9786981008781267,-22.794885561560534,0.40804144119336161,-4.5918452026667875,,0.5955054849991398,0.125,0,2
-0.99819075104830002,0.048032898361963686,-0.036167183973605029,-0.046279998858165701,-0.9977824504853593,-0.047836630411428459,-0.038384713458869402,-0.046076264805002203,0.99820017611413991,-11.312942897987373,14.966249504415208,-3.4477187441196175,,0.06740316054399031,0.375,0,1
