axis_00,axis_01,axis_02,axis_10,axis_11,axis_12,axis_20,axis_21,axis_22,location_x,location_y,location_z,dbh,dbh_approximation,score,reconstructed,number_clusters
0.69050556970207133,0.72332643178383771,0.00096503537745192794,-0.72203051975964694,0.68918738594853612,0.060767389157660348,0.043289568559096353,-0.042657005664785766,0.99815148806264975,-11.151543608565007,-24.467062352674148,-2.2099889063372444,,0.1164236484437608,0.3157894736842105,0,4
0.59101608243590498,0.79679656237701002,0.12575861197666083,-0.80617537059895139,0.57803701768664328,0.12631103682408554,0.027951066916306441,-0.17603534976848256,0.98398693766234957,2.0512121786303292,5.9712163343376004,-1.0298401104205879,,0.4939666407786925,0.2226720647773279,0,2
-0.96451243670879916,-0.25776965229374366,-0.057188860719717356,0.26085325196751274,-0.96379733532046497,-0.05522931619300863,-0.040882029940183681,-0.068187262634134826,0.99683456844274598,-13.505043997876047,16.924498474665185,-1.9250008158616727,0.4725613051280821,0.2810438770026204,0.7570093457943925,1,5
0.9954639833774177,0.081625313021373616,-0.048875004578300268,-0.070228996209639127,0.97700982230258748,0.20129504518406624,0.064182130610884153,-0.19694952500179205,0.97831055330698424,-1.1200513314319767,-19.840449419085104,-1.5505819183906269,,0.5925492996542242,0.4761904761904762,0,3
0.086337891144417284,0.97617798016682689,0.19905355960180549,-0.99625129954865477,0.083513642557046006,0.022557031153758116,0.0053959892839429389,-0.20025489393337864,0.97972897311214557,10.887448277525802,-22.751301861671546,-0.77692120517573748,,0.4526434536967766,0.2,0,3
-0.38549959700645076,-0.90120220084850966,-0.19805214942955501,0.92150894001091155,-0.38696438548091544,-0.032860886314039897,-0.047024825229136716,-0.19517468471904897,0.97964049949815213,-9.4770866925025921,-24.172062384029605,-2.1082522790665634,,0.3312624840581687,0.2142857142857143,0,5
-0.034067421221172255,-0.9709957063969038,-0.23665745069639513,0.99937488837387489,-0.030858784339934393,-0.017250157007005305,0.0094468671549958888,-0.23709718173744473,0.97144000489639937,-4.8719772590606736,-24.249928530936515,-1.8170360346304659,,0.5469041578326069,0.6666666666666666,0,5
-0.65978540934513219,-0.7471335350129209,-0.080465486230883065,0.7502768113331677,-0.66095573916636396,-0.014906952699316155,-0.04204664066260369,-0.070206778320486704,0.99664591921446599,-12.753304689850491,19.850406812333826,-1.8219398929975799,,0.08273193272206564,0.4736842105263158,0,2
-0.9307806919278766,0.36328403313916285,-0.04089027757799997,-0.36322699402735653,-0.93165644164055372,-0.0090788523234573357,-0.041393892594354435,0.0064020321620625121,0.99912239472453102,-27.015451821113984,11.60142198885845,-3.1955942946374498,,0.1116462250145598,0.6363636363636364,0,1
-0.47239848513995192,-0.87774815592956223,-0.079986536365378252,0.88007892482654237,-0.47469080415215947,0.011389755464110004,-0.047966210123738584,-0.0650139616976812,0.99673087013031547,-19.838001851332784,12.580268075649805,-2.529580764786679,,0.1306024091522412,0.4634146341463415,0,2
-0.99659093078999494,-0.073248860362686893,-0.037962101136511155,0.076997363870951449,-0.99104290059193867,-0.10911175529355681,-0.02962975909546714,-0.11166276748264975,0.99330433590821487,-7.505521449159346,9.744188808628456,-1.6523340159575128,,0.2566358275584549,0.5112781954887218,0,5
-0.29965176168197594,0.9540108390917359,0.0084935632317027568,-0.95396142831777886,-0.29973287102668256,0.010853538962297182,0.01290019390522092,-0.0048502496414862132,0.99990502552773652,-15.721930379042433,-26.632658313408275,-2.4992792242820303,0.2456969318241276,0.2802671339059243,0.9574468085106383,1,5
-0.80675817031906827,0.58482325251894851,0.08439797353365823,-0.58994090455067605,-0.7891575768799991,-0.17088021532880648,-0.033331423032326855,-0.1876488267110866,0.98167048141043389,-16.164190849531057,7.2867042964199635,-2.3808889927603776,,0.093759152259664,0.3720930232558139,0,2
0.98603481866970566,0.16345274418714095,-0.031914523162565503,-0.15877992952198006,0.98048314582425833,0.1159384954860183,0.050242117312031508,-0.10925200763491476,0.99274353610373334,-2.4629477220568941,-20.907907389118431,-1.6394680938043891,,0.08331971482887771,0.4285714285714285,0,1
-0.96663039901971326,0.2557799044742991,-0.01422364784814327,-0.25217501938848458,-0.95984259327667343,-0.12292255988356066,-0.045093583661169473,-0.11523383443689042,0.99231433130513824,3.6950186730723562,11.270699924710099,-0.86052833204029555,,0.1001657037498331,0.2,0,5
-0.0021907169678736997,0.98621030649567054,0.16548242239248351,-0.99706738344371881,-0.014813197771634753,0.075081302895440655,0.076497278591235771,-0.16483264401657852,0.98335058134657172,-20.176326782690442,-24.372346499129151,-2.7728313067244166,,0.2892690423108587,0.3809523809523809,0,2
-0.96122610541162046,-0.25600754478757187,-0.10249151812246446,0.264037835802239,-0.9616497695813917,-0.074254575138006318,-0.079551213316189737,-0.098437074702041841,0.99195854085945856,16.946841695257525,7.5487761177870398,-0.16152636389135819,0.1712162496223866,0.145701776299009,0.4210526315789473,1,6
-0.35819384560440981,0.91321063650286671,0.19427687034012386,-0.9336239390344454,-0.34887449604499626,-0.081442780350108809,-0.0065961680489762175,-0.21055383964055135,0.97756000899161688,-30.008390706782279,15.537130665780218,-3.2850223043654196,,0.6853157511536808,0.2222222222222222,0,1
-0.14113131814037502,0.98665747450258146,0.081172526436886203,-0.98996192248649495,-0.14127917106973384,-0.0039481449683141804,0.007572520505232402,-0.080914917228133168,0.99669224593309691,1.9051887658171713,14.863676947461141,-0.93035880283893146,0.2921776078062143,0.1029774363224654,0.32,1,5
0.97443341910894654,0.22328574551679287,-0.024959719001979054,-0.21895506845251528,0.96865217927250258,0.11735260367621102,0.050380449805475791,-0.10888724185891353,0.99277660066993723,-26.549954111930717,13.533670830215069,-3.034238969456283,,0.1150370627252312,0.1333333333333333,0,1
-0.94830721016717501,0.31183779603330919,0.058912003106650485,-0.31445073277835478,-0.8982487112540356,-0.30703418276410233,-0.042827231992103407,-0.30968765182931129,0.94987335287623575,-12.230673735628445,10.544786855542553,-2.0070404932461892,,0.5026007989416789,0.2796610169491525,0,1
0.29624524222042897,-0.94897835775769734,-0.10806864933579244,0.95509008286769392,0.29510098976627785,0.026801855285489395,0.0064567847680139677,-0.11115521736052847,0.99378208254324685,27.378663887800048,-3.9049216731355272,0.23432430732337711,0.4168667308250258,0.4083641827352172,0.95,1,5
0.94678837637305469,0.32148610183581577,-0.015442042976399048,-0.31196031783407463,0.92842571686855113,0.20175839103734672,0.079199308467541071,-0.18620519483496453,0.97931358356490417,14.971124766415761,-25.716778530613343,-0.5705646346268729,0.5546588477834727,0.2996039836315019,0.5,1,5
0.11194273573249994,0.9927709246811417,0.043297979450267608,-0.99367724983701966,0.11221028655114725,-0.0037914045481988873,-0.0086224748803558939,-0.042599796946247652,0.99905500860917418,-1.2756541175092297,14.221508164323515,-1.1249076358717034,,0.1178643250081011,0.2608695652173913,0,4
0.85846277069265542,-0.5009166050417948,-0.11011006370033737,0.51209733606133434,0.84899730921161864,0.13023013226713845,0.028248712069307479,-0.16818479046820511,0.98535064140720552,-1.8364387324226441,-21.534778783406651,-1.5968133937129636,,0.1139164965225179,0.3076923076923077,0,4
0.76334951873694479,-0.62410795313296452,-0.16669365638876446,0.64588420962190285,0.74195491177243189,0.17982351530834992,0.011449891054681142,-0.24493299437385679,0.96947239685402664,12.051686369901327,5.0633216932865288,-0.44737732948690712,,0.178784205718371,0.1818181818181818,0,4
-0.94692543457682432,-0.30847487584773409,-0.090418318510224874,0.31856604485274442,-0.93814716915059737,-0.13563024766474063,-0.042987165740146251,-0.15723593732173491,0.98662503698020121,-6.6616177609138916,-23.150101348619707,-1.9399846367960216,0.8261182940697224,0.461453450340836,0.2708333333333333,1,2
-0.97567418234746783,0.2190305947388326,-0.0092459974558270399,-0.21535862835267425,-0.96549767130922581,-0.1464066524804005,-0.040994525179035714,-0.1408539856192054,0.98918127946323864,-3.980747201393863,11.869236073085563,-1.3521844573695816,,0.09883532037636082,0.25,0,3
-0.14718092046300413,-0.98636590492044696,-0.073621180798273997,0.98878286767743084,-0.14863712323490177,0.014678085162933948,-0.025420803277248747,-0.070635028186600946,0.99717825665916848,-4.0674544025684236,13.609927300065866,-1.3333381428918467,,0.07390784479343114,0.2173913043478261,0,3
-0.12892777942306705,-0.97848098070442446,-0.16109810083531242,0.99119576930888709,-0.13209432867133081,0.0090573305688710932,-0.030142571177660088,-0.15851201447391292,0.98689683689341157,-22.228467922646701,18.087829641090167,-2.5818923093671553,0.2899138352980161,0.3735835584120459,0.835820895522388,1,4
0.77270821779985466,0.63468078170054165,-0.010115111693053026,-0.63313906457813041,0.77177404578120501,0.059158660935166002,0.045353445841564748,-0.039308111103195077,0.99819734389137504,-2.0792243525832008,16.35016268586098,-1.1399403388865552,,0.08883567018921004,0.3571428571428572,0,1
-0.99881576071364886,0.011142833371241683,-0.047359406821409107,0.0026486438505864758,-0.9595226569940527,-0.2816189897731089,-0.048580457344159902,-0.28141092370328186,0.95835683917040937,21.893542020048439,7.8280076545774753,0.049923080956054577,,0.3426031687160067,0.125,0,4
-0.11336309111340309,0.98205369957717814,0.15072936250111033,-0.99355358753891787,-0.11209367685496868,-0.016919701465422005,0.0002797530328958276,-0.15167576851926848,0.98843026207331841,-4.8205874020866837,28.470500439204898,-1.1342493915456753,,0.4585259373090045,0.625,0,3
-0.94460342515116891,-0.2932750018826637,-0.1473571934565924,0.31456801579750604,-0.93706860021079152,-0.15149060015792248,-0.093655392956839223,-0.18945239974650921,0.97741314478596431,2.7496462229471028,12.477775700849964,-0.89630122039466076,,0.2574563264074557,0.2,0,4
-0.10652791051370993,0.9925024991581235,0.059921560781256294,-0.99430646958411606,-0.10618002862070676,-0.0089691730542375628,-0.0025394536329612703,-0.060535862816884771,0.99816279257857576,-20.968644846557638,-28.40188220389831,-2.8056695231085893,,0.2482946291957918,0.5,0,2
-0.84868816756806265,-0.51653131096405058,-0.11368288799869143,0.52829645369879041,-0.8381261633624657,-0.13582117396266025,-0.025124713714698876,-0.17532808982325862,0.98418941758163681,11.488905987065053,7.6742726144610094,-0.44276426922634421,0.3538438226852534,0.2263029678093142,0.3023255813953488,1,5
-0.64060979215382097,0.76313060181584769,0.085151504794803698,-0.76448970094374002,-0.62347018314906444,-0.16383048518216081,-0.071934632463010073,-0.17004886149649268,0.98280659000444093,18.094026130293795,21.376503927758122,-0.051865521480118464,,0.4085460979942921,0.25,0,2
-0.088148168380153352,-0.98687825416407871,-0.13528197170829701,0.99592738071474929,-0.089897369049324591,0.0068640644423403454,-0.018935489269707641,-0.1341259650331354,0.99078336317786797,-9.5500289528353033,-22.988816520143367,-2.122349415388912,,0.1160597996427296,0.5600000000000001,0,5
0.97100596245010895,0.23750338361500267,-0.027194919705025557,-0.23354326705085118,0.96674689823017579,0.10420161792193729,0.051038841107069931,-0.09482920190405196,0.99418431850672839,-11.37880872441686,-22.254214299260155,-2.2565258587581494,0.2783097945153145,0.1641025125430388,0.525,1,5
-0.4099218213614928,0.91201547925837467,0.013851569037299508,-0.9119177641156937,-0.40946308201409198,-0.027312560439415299,-0.019237771750183017,-0.023827506387359296,0.99953096904370597,0.75718337600994923,16.052363928199544,-0.9584862598514442,,0.1113801249700082,0.3571428571428572,0,6
0.028430741310333546,-0.95511870333565418,-0.29485582152462875,0.99957090749642696,0.025084804767480023,0.015124597731743334,-0.0070493854565158373,-0.29515930462751166,0.95542204865519464,-5.7874126154580106,11.008262526037258,-1.4927331830884272,,0.1890250363534675,0.2702702702702703,0,3
-0.52661223215206898,0.84410353547677919,0.10084036068667615,-0.84992919721884619,-0.52036911759411242,-0.082682169596922581,-0.017318102169255271,-0.12924860869629679,0.99146098283660578,-16.212491270772027,8.6570924278610626,-2.3487110640060256,,0.1042580335652297,0.3611111111111111,0,4
-0.43489615529718489,-0.83407405785438493,-0.33939033592906875,0.89991480161715764,-0.41593022336728053,-0.13097862085086845,-0.031916828446419215,-0.36238448546255886,0.93148204532237633,-21.0004069912974,7.5449554331769972,-2.7782714616467654,,0.4169356859770484,0.1515151515151515,0,1
-0.71194358213008835,0.68448512489930025,0.15689630223612511,-0.70161380983090671,-0.68392309676834595,-0.19996814636675964,-0.029570216744899968,-0.2524466507965335,0.96715887566794023,-21.602651431199835,-22.787670668123191,-2.8697050183013824,,0.4922695416432794,0.2424242424242424,0,2
0.88631516842486535,-0.45730799326175708,-0.072902822434427611,0.46293514069942282,0.87895600231228244,0.11457487292079108,0.011682368150618882,-0.13529872615111529,0.99073597743105968,17.152035704737486,8.308901315267077,-0.14452600883856301,,0.1433518079174077,0.4782608695652174,0,6
-0.86638189739041005,0.4965853796713719,0.052776591125554023,-0.49832733386808242,-0.85284542891618265,-0.15596327355086861,-0.032438806915840973,-0.1614237748084642,0.98635190917464366,14.627395852075853,6.601990274137302,-0.28723712576364313,,0.138560098022157,0.1785714285714286,0,2
-0.99379461293847504,-0.08604485925620721,-0.07048793861396635,0.090838900526368421,-0.99354879505002647,-0.06789024971084863,-0.064191599494227744,-0.073872011277752073,0.99519966062300913,-13.177150507462855,11.393992943663342,-2.05351938186136,0.1534149517050282,0.1455718817626482,0.4605263157894737,1,5
-0.0072106790325683406,-0.98096776118071394,-0.19403674299468654,0.99991355050001696,-0.0092068120014204557,0.0093875523550899908,-0.010995346030859384,-0.19395227798834236,0.98094934437451631,-7.1501125780164081,8.5798067950557115,-1.6466923714687236,,0.3244118853447353,0.3168724279835391,0,4
-0.9413617501582825,-0.32527875634362319,-0.089620232149227486,0.33281323050604977,-0.93885532806581296,-0.088238464189729818,-0.055438334562490629,-0.11289111406120954,0.99205956848717325,-5.242696831092557,9.5367421214705956,-1.4949399295355912,,0.09589215458054803,0.1111111111111111,0,5
-0.31695619554897919,-0.92949523213645446,-0.1886196796167251,0.9483515417913928,-0.30787719186345808,-0.076426356135564255,0.0129662363469872,-0.20310157105711943,0.97907181991369963,9.4050882967190557,7.1604884578660135,-0.55135722709349066,,0.1923504965588216,0.46875,0,5
0.72022326642811174,0.69322640712852379,-0.026750606634213702,-0.69254343961303233,0.72070986704134221,0.030997932160069127,0.040768011290357856,-0.0037994748226484378,0.99916141501085809,-0.56799925999674106,10.146850499623795,-1.134523307579604,,0.09060040097533778,0.3194444444444444,0,4
-0.51592366340124074,0.84529945487602443,0.1388942228062035,-0.85656732394029811,-0.50702547962108568,-0.096008242212660647,-0.010732804871054121,-0.16850517677894675,0.98564233487523034,-26.672847932162085,15.590694041676592,-3.0210000313324326,,0.5399911057790959,0.1875,0,2
-0.90008986877719932,0.43270906518938818,0.051000912026851419,-0.43395023311019026,-0.8798108302029789,-0.19395901175546712,-0.039056667910312468,-0.19671239910201804,0.9796830144139852,-24.202722327772165,12.267057193986782,-2.9560152942823934,,0.076908719695856,0.2,0,1
-0.087620271279215456,-0.97385936765262004,-0.2095724697955281,0.99597254398683399,-0.089658466255513158,0.00022594934137757551,-0.019009989093962367,-0.20870862814926902,0.97779309102217493,-5.2019970425427378,13.610133431283964,-1.3998445983330425,,0.1911903197448675,0.3448275862068966,0,5
0.9896779366315176,0.14263772463377961,-0.013858616672632761,-0.13542226618665351,0.96246622009525995,0.23520115857795668,0.046887008495446518,-0.23089663203875446,0.97184790669502763,27.793438875031086,14.483414717304845,0.32496434321450612,,0.3612512549463442,0.3571428571428572,0,2
0.99616294483276413,-0.053346821950810842,-0.069379420074425435,0.071157603539587,0.95522033566542741,0.28721195272782624,0.050950788027449248,-0.29104677788798244,0.9553511345470862,-18.105135086049845,13.128750493758567,-2.3911755503813015,,0.6183433680914108,0.5789473684210527,0,2
0.31992817862086853,-0.92719772878225648,-0.19480845018982115,0.94735213731926504,0.31589130205374855,0.052312648598681732,0.013034126014253428,-0.20128849204019031,0.97944527898766853,23.521887503174106,10.816412369893362,0.1378631656712857,,0.378187483323567,0.3846153846153846,0,5
-0.13334197304124479,0.98841304847618539,0.072522850381661244,-0.9910561245360977,-0.13337104852557619,-0.0044633434416793509,0.0052608216998791726,-0.072469366060434762,0.99735676402069851,9.160645192042562,8.2361169546056914,-0.55166445722959834,,0.08908222604094256,0.3529411764705883,0,5
0.91089221832130751,0.4052535008303203,0.077749383704682887,-0.40950061226460949,0.86454826118441397,0.29131692816916288,0.050839110501644906,-0.29719674316482136,0.95346184018849189,12.569623967966617,-23.672466916070022,-0.67644987878063811,,0.2642953405363822,0.3478260869565217,0,2
-0.99054310177815863,0.13449268106514276,-0.027130835954946312,-0.12967885611670329,-0.98232268979302506,-0.13500195329720027,-0.044808010399567819,-0.13020695779299152,0.99047382113124338,-12.714411725222353,12.932015916780692,-1.9769282297031694,0.2222666517158968,0.2678974017196144,0.5538461538461539,1,5
0.17378637488676216,-0.98071514050227171,-0.089420965625113494,0.98478149903692047,0.17289087419636884,0.01772412971662584,-0.0019222534469118821,-0.0911403248251033,0.99583620446962073,27.316243617291946,-8.7514819563229356,0.22068876052722936,0.2914048925367558,0.3466258265196663,0.6857142857142857,1,5
0.91961381325344893,-0.35863473533599571,-0.16028587300174257,0.38668473141033211,0.89831066693042994,0.20859737336103976,0.06917624568860116,-0.25380912570174852,0.96477747420995652,-8.1270086177357097,-23.047179281868893,-2.0263165234643741,,0.3480757267094036,0.2903225806451613,0,3
0.06984845785789276,0.99481646420624148,0.073901254922126805,-0.99744250260961742,0.068523088090444648,0.020323395051310228,0.015154105804587774,-0.075131810458288151,0.9970584557259029,-23.295865136243869,14.988331957080343,-2.751794403743947,,0.1732156726417625,0.1428571428571428,0,1
-0.93109146985904745,0.36252045416962497,-0.040590578517277702,-0.36266189628111717,-0.93191184298370089,-0.0040823880886113129,-0.03930679001779093,0.010919579450263332,0.9991675230125957,-1.9599860274520138,14.945656994616513,-1.1560563333129825,0.6780421526128054,0.6047798970102721,0.9166666666666666,1,5
-0.7203352847265766,-0.68385373977547714,-0.11602215380252932,0.69223817009389244,-0.71934175567312997,-0.057911608595859365,-0.043856509698597231,-0.12203073850548729,0.99155690982255984,-2.1600377841670775,10.83607724711727,-1.2361630773113912,0.8946758217496286,0.9158923227720484,0.7928571428571428,1,5
-0.7328851359083437,-0.67045916935189886,-0.11560224823319958,0.67889975461933882,-0.73178351997267388,-0.059899942188659343,-0.044435354644810278,-0.12238211523080066,0.99148783004594898,4.8709694747633998,8.295449787356473,-0.80738975165828031,,0.09746646838634265,0.4509803921568628,0,4
0.46306190329365066,0.88617469862867737,-0.016373064112556245,-0.88570292452348343,0.46334995992924866,0.028933443004801582,0.033226543735542,0.0011036955812597793,0.99944723655001078,-1.3450603631200855,-22.635355857972062,-1.5390718535406822,0.7667936039490209,0.6980614983833394,0.9637681159420289,1,5
0.98239658055793377,0.17241463530844076,0.071903769299917111,-0.18479849700392217,0.95325262941716771,0.23907935923945167,-0.027321676617105595,-0.24815845349436066,0.96833408901376405,23.719383051146611,7.9872922071498991,0.12667513291113397,,0.4672507389378139,0.7,0,2
-0.91124834071505112,-0.40577522524196946,-0.070518991228564323,0.40884756953056667,-0.91189259975258286,-0.03599376898053068,-0.049700366527962878,-0.061630780429135341,0.996860833050773,-2.394341919664229,-24.406771219062112,-1.6138536385859243,,0.1028307383932334,0.2142857142857143,0,5
-0.96024762582818501,0.27603685580043835,0.041571039572545723,-0.27837402930508398,-0.93580873943931819,-0.21626350361872634,-0.020794155423733925,-0.21923881369137774,0.97544961206174596,3.2478043296635901,17.224928005162738,-0.80035910409850441,,0.3674825645422501,0.2068965517241379,0,4
0.70436356543886514,0.709378951572051,0.025563073930713873,-0.70854264153625557,0.70044496046054427,0.085698205875338232,0.042886977126804372,-0.078475221770721734,0.99599314594075428,16.005668017380419,-22.409558670347426,-0.4899373243930098,,0.08125168563032162,0.25,0,1
0.96888854615252951,-0.23740050859062642,-0.069971305942859857,0.24343254120723182,0.96512636889363335,0.096289614951872382,0.044671948869807743,-0.11032719785756555,0.99289089350092763,5.4894906281364619,9.5637609460610804,-0.75387876222874128,,0.3069848947537261,0.5263157894736842,0,1
0.97337340101976844,-0.21012380776936687,-0.091608992984924587,0.22132743539546057,0.96552087212826254,0.13705331745692423,0.059652229870123454,-0.15367963721060235,0.98631849854818199,7.1211792178098072,-23.005268712880863,-1.0062175412193959,,0.2938166746043253,0.5,0,5
0.33194500616836425,-0.93124972625869362,-0.15028792440842917,0.94319570603041258,0.3253144439501795,0.06747127302176914,-0.013941771970493327,-0.16414767710965203,0.9863372481528967,9.4811058248395188,13.947810482512049,-0.50540839247395442,0.2908986613562051,0.1398850902596795,0.2222222222222222,1,4
0.69760104714004734,-0.68216747208982176,-0.21908975113339049,0.71555929383010219,0.67887803311609418,0.16461929767128733,0.036437289175706801,-0.27161030204137099,0.96171730138462219,11.570956861777287,-21.631264461132165,-0.72683183655533601,0.5970625795292834,0.4650837098991671,0.5641025641025641,1,5
-0.91705548146308657,-0.37777011356782431,-0.12766747907536843,0.392812539891985,-0.91091519254939057,-0.1262213154990644,-0.068611605593472805,-0.16590133597310103,0.98375260828128219,-8.6567322157064126,-24.835301194215504,-2.0600763519793501,,0.4511075902203137,0.1904761904761905,0,4
-0.88882241303287446,0.45782282239034799,-0.019823758194486243,-0.45729053441172129,-0.88892815470279074,-0.02630784890736616,-0.029666230428888211,-0.014317788768744106,0.99945731059255982,-11.735421498079338,18.205923284004765,-1.75948637135385,,0.07777488959450968,0.3529411764705883,0,3
-0.091861433389553854,0.99575658561084557,0.0055044771094352029,-0.99574576493804201,-0.091897601018908703,0.0067232830465468706,0.0072006016117453818,-0.0048634493521789975,0.99996224838582204,-18.562565169573904,12.212345211239528,-2.4501597615577859,,0.09455478188050352,0.2727272727272727,0,1
0.99795695811953122,0.058543413793218382,-0.025584730646386451,-0.052840534502645968,0.98139978260990146,0.18455986726998136,0.035913613773704514,-0.18283089288923376,0.98248820702898954,-16.708544386321783,24.560156488134187,-2.0754599079969966,,0.2559685279104315,0.3571428571428572,0,4
0.77142883177628063,0.62077252789687465,0.13978206649212077,-0.63497853634129919,0.73677063560522638,0.23231721609844833,0.04122882353578642,-0.26797481060427264,0.96254334187685275,7.2429168670439035,12.094352181549384,-0.65069301711649874,,0.2337321769196364,0.3888888888888889,0,3
-0.96060428207037463,-0.26416242206871715,-0.086357559222402763,0.27268255700857108,-0.95588596482527022,-0.10920735027154481,-0.053699500661823781,-0.12845324837018893,0.99026063569740019,16.584121902101408,12.057527019134966,-0.17826205806487833,,0.1596875365613938,0.3076923076923077,0,5
0.9804938724107668,-0.16241119347603258,-0.11069945979375588,0.18523987526389848,0.9518688601446843,0.24419635889806926,0.065711146521377717,-0.2599389876885535,0.9633866139314452,-17.599090512108944,-23.7894188123696,-2.6351880061027897,,0.3829910783886309,0.2,0,3
-0.33323693397246951,0.91363309504013701,0.23286844673336107,-0.94282842599756433,-0.32152912940544781,-0.087713043925806811,-0.0052635508531498976,-0.24878421692534083,0.96854463420188386,14.52782034632664,9.9353584051882944,-0.27454271645126904,,0.3882907725419173,0.1875,0,1
-0.53263240779399557,-0.83687114394315154,-0.12629096009948942,0.84598951409605361,-0.53078159123110435,-0.050721242588278641,-0.024585772452640091,-0.13385660553538939,0.99069568937562702,-17.057922406672649,-26.325324939133846,-2.5878138844376877,,0.1424409723369068,0.2608695652173913,0,3
-0.62069297159608683,0.78304721644670972,0.039715133466724679,-0.78377627450530118,-0.61832940345361254,-0.057995692489106791,-0.02085633078493394,-0.067125298060866756,0.99752654492320636,0.26250805503671076,12.859964854243572,-1.0352402938514436,,0.0847437600205313,0.2424242424242424,0,5
-0.87647253771875422,0.48130856066217875,-0.011745639963377618,-0.48014896763194631,-0.87563408000030041,-0.052172088553215451,-0.035395755491634776,-0.040087745949732002,0.99856903272525255,-16.187479420807186,15.255848539354,-2.2234445044974938,,0.09283310737199398,0.2258064516129032,1,5
-0.70787508901617457,-0.69919424387413687,-0.1002011361393504,0.7050264658278107,-0.70805508249679638,-0.03994599645523584,-0.043017912928102905,-0.098921228680847378,0.99416500123650564,-3.6679184284356339,-34.691085852357915,-1.6391711043755068,,0.09902800942996298,0.375,0,1
-0.94196053099190646,0.33525473827661534,-0.017737489014066458,-0.33354879758783418,-0.94055540647511271,-0.0640369188683058,-0.038151771664707831,-0.054403931967405658,0.99778988494839438,-0.037359184733284763,13.718795580894987,-1.0559760621183787,,0.08090981302672962,0.25,0,4
0.69229336389336138,0.71425328191741722,0.10282094912717145,-0.72036745332083085,0.67566512050584338,0.15667602601510189,0.04243383679652965,-0.18253463836220987,0.98228329686129878,17.036783191824831,4.480996902160741,-0.17815035586973782,,0.3196267677077085,0.2432432432432433,0,1
0.9967514916442558,-0.052914859573651073,-0.060716402571730492,0.066683932853886449,0.96497214320833191,0.25373611475518643,0.045163226236508112,-0.2569606593784729,0.96536599408084101,18.592488347795573,-21.718175298656703,-0.34748284963119175,,0.3944722191905107,0.3571428571428572,0,3
-0.84404980317454903,-0.50964407212428731,-0.16686176766887387,0.53283202102597205,-0.83216587268928344,-0.15359035679580627,-0.060580253634207923,-0.21854720332198099,0.97394412200585567,10.054168840405215,5.1584218516571871,-0.54185800699669251,,0.4350268484966118,0.4558823529411765,0,4
-0.95776620407355706,0.28672813422344884,0.02169966311415273,-0.28679284890182893,-0.94706093242867595,-0.14431026327360769,-0.020826909355458636,-0.1444388012691368,0.98929453275282608,4.3749051567878032,12.910230644427266,-0.80884347200826767,0.4647409814715997,0.2078085202160651,0.5185185185185185,1,5
-0.93791786932720356,0.33987707278014678,0.069236159592496502,-0.34629929628543732,-0.9288829862644512,-0.13135141879951875,0.019668954952660727,-0.14717327619793755,0.98891514245876311,7.1523060710758264,8.1864655087708762,-0.67215554954343459,0.6572561813735379,0.4104397884884887,0.3529411764705883,1,2
-0.790687224592863,0.6121840288411865,-0.006665410520593335,-0.61142037455941978,-0.79016366951166761,-0.042502952338327286,-0.031286393835875836,-0.029531173624301271,0.99907410703366584,2.5480388926824098,9.9677060122564871,-0.94733238908723461,,0.07643304400218462,0.4,0,2
-0.99117434413234373,-0.11900067941711738,-0.058414534424945298,0.12150881852071263,-0.99172509645431084,-0.041435975726281445,-0.053000250523173836,-0.048168157126393316,0.99743210399682258,-11.478271326336552,-26.97032626288059,-2.2078876662702971,0.3687450279220207,0.2748896802724993,0.71875,1,5
-0.33384013055878892,0.93608434685446462,0.1108912205837035,-0.942619510068053,-0.33097122629254883,-0.043891987941685216,-0.0043847996028705625,-0.1191811350023958,0.99286284581103423,-18.230997052501269,15.655741011951747,-2.3419265660615074,,0.6335420226392841,0.4677419354838709,0,3
-0.63889244510147414,0.76231829880626956,0.1033791801929955,-0.76866681667257231,-0.62714547721971925,-0.12585656657205274,-0.031108978426085784,-0.1598729548984652,0.98664728740990271,19.60146576734742,9.5207046375703204,-0.030295676335782291,,0.3557289993170948,0.2580645161290323,0,5
-0.82290690368723762,-0.54870239141408228,-0.14747851884376439,0.56610723499915105,-0.81393957639397774,-0.1304797473219805,-0.048444053768228967,-0.19086134138703784,0.98042089023971801,-11.097946472646091,14.120256094154662,-1.8173565228855733,0.6305689739689753,0.4679633625428048,0.40625,1,5
0.99374856010958834,-0.10133927191056734,-0.046841768206976067,0.10403499582122459,0.99280882998774456,0.059222856591385216,0.04050331992069011,-0.063725811622937209,0.99714517599414776,-1.914274336606534,-32.066340172191474,-1.5401909937039495,,0.1812549886826547,0.52,0,3
-0.64176050862368894,-0.76314934862578243,-0.075805812858306038,0.76592487254429131,-0.6427974633981326,-0.013057973308968487,-0.038762600391040507,-0.066441649143972617,0.99703709463086376,-13.009123499575567,-23.671313658082521,-2.334490951778164,0.4432869042102729,0.4036892058911817,0.9772727272727273,1,5
0.99435603736016698,0.10115105493428782,-0.032008359081149115,-0.092824058154809944,0.97554510656376259,0.19923714334222611,0.051378645301910837,-0.19514151056394677,0.97942841783448487,4.8121973629351658,-21.861236623578471,-1.1215379670991263,,0.14136258429661,0.3846153846153846,0,2
0.76021850650149281,0.64478686080518255,0.079484127381750716,-0.64866186061597109,0.74653485116052642,0.14806588595945419,0.03613326659557508,-0.16412074864479981,0.98577825443119005,2.6693433065216396,-18.403993653556917,-1.2785091494315912,,0.6265095722314952,0.3478260869565217,0,2
0.21641566017972491,-0.96445841156326606,-0.15160552230652652,0.97623411935562876,0.21195384118143262,0.045194174562389729,-0.011454529013169698,-0.15778321068255946,0.98740733853450213,-13.913249274362558,-25.089757742488434,-2.3893441875152712,0.6689842248558775,0.3352145618121791,0.4909090909090909,1,3
-0.85374675113013232,0.5103041114447765,0.10347076291060123,-0.51963655997092006,-0.82240453344304587,-0.23157855883892889,-0.033080666201472507,-0.25147663353656513,0.96729787155187286,-20.14179578332169,15.999840624979143,-2.498319637617803,,0.2513416509304163,0.125,0,2
0.51138780238805304,-0.85323452766526253,-0.10233941747222049,0.85933492618814611,0.5070329670329462,0.066791129463277921,-0.0050990393144660509,-0.12210000467487013,0.99250470460167861,12.083284857235659,-28.43224284774325,-0.76516312121199337,,0.2724791647987889,0.8214285714285714,0,2
-0.11046185474635867,0.98417631198853606,0.13854661874848834,-0.99380344050176805,-0.11110919145912715,-0.0030772097992510347,0.012365285797098625,-0.13802802068400338,0.99035113228249161,6.639722216687117,9.8102101832074027,-0.69450528143196888,,0.4117749870117631,0.3333333333333333,0,2
-0.5759994738859,0.80905051745507484,0.11688398645170071,-0.81723728250305816,-0.56667027250329571,-0.10491914195253743,-0.018650205633786065,-0.15595532202113377,0.98758802512135646,-0.29254779175972412,9.0751986672162452,-1.1562804926089836,0.4875664409006537,0.2886676790898083,0.2926829268292683,1,1
0.21034199890603833,0.97523031190627252,0.06842574249072618,-0.97754053090747062,0.20887187762112894,0.028054396663725716,0.013067284697049679,-0.07278995451447319,0.99726168511200097,24.050907116744856,-23.687028876219209,-0.053358841911778282,,0.4503472008291806,0.6521739130434783,0,2
-0.87106482906518568,0.48929549712333614,0.042848337896207518,-0.49018581178923043,-0.86049420019025202,-0.13880778565870464,-0.031047278240986596,-0.14191422738318807,0.98939194386252238,-11.219411540810489,26.829656268255356,-1.6107444668180082,,0.3994669958206716,0.5294117647058824,0,3
-0.80121521123568928,-0.58764736203060319,-0.11280409204910498,0.59664711666975778,-0.79889688747528609,-0.075999877315454892,-0.045457710613429105,-0.12819649402683703,0.99070644262819474,-13.99020509130049,-29.367957835210948,-2.3709351773252485,,0.1596070790632191,0.2,0,3
-0.98514680157477785,-0.15628993228063628,-0.07112830951666882,0.16515290810871641,-0.97580467257116188,-0.14328209215223328,-0.047013788298952856,-0.1529009419722499,0.98712258896946503,12.713103387944182,10.526300586472882,-0.35919359680552254,,0.7601460246728733,0.6153846153846154,0,2
0.90753062379458704,-0.41177969705943407,-0.082617479776672609,0.41837958180000306,0.90358335894749142,0.092171790511110199,0.036697307910291715,-0.11821418917714629,0.99230978684548266,14.211230587970373,-22.568004550941627,-0.57449736332980439,0.8802893839966995,0.7434073746625245,0.72,1,4
-0.34683071052941056,-0.92591920600920918,-0.14960642425022999,0.93786474046077484,-0.3405183174319692,-0.066760797581695647,0.010871376826683493,-0.16346528511147612,0.98648918581468281,-22.90991086650109,19.283006194593167,-2.6034546699223204,,0.2514360940516996,0.1578947368421053,0,2
-0.49522302557539793,0.868628732606888,0.015436315288943068,-0.86860931106678452,-0.49471829491673175,-0.027779010111356077,-0.01649301876655818,-0.027164932623373841,0.99949489581864936,7.6494750720907447,14.444132314775565,-0.60499504532155657,,0.1024265735671989,0.3846153846153846,0,4
0.92694072555990514,0.37516004533754627,-0.0059859569666730469,-0.37252779550423387,0.92210613142242082,0.10461034351311876,0.044765308836557896,-0.094737652364343242,0.99449527115480041,4.1993823311247649,-22.26484511938148,-1.1864428633854351,,0.1049696137168239,0.1904761904761905,0,3
0.9560036869313614,0.28992240150310344,0.044743174678568656,-0.28901014902576599,0.90467374203503537,0.31311108928370951,0.050299943675397744,-0.31226658735605972,0.94866194931980474,-12.321429560240073,23.705995551536574,-1.7455882011873718,,0.335770590662639,0.2222222222222222,0,1
-0.47903478694621737,-0.82989660800964893,-0.28600226032231185,0.87714437119233868,-0.46511002220307712,-0.11954254193319815,-0.0338145675854283,-0.30813030889598048,0.95074301877987955,-0.37583283356190045,-20.346953451919632,-1.4907747644557494,,0.7925466758201758,0.4084507042253521,1,1
0.55097104682017151,-0.81791135472495125,-0.16568621360233804,0.83434414939217161,0.54401197267040202,0.088998954860785018,0.017342028166808035,-0.18727517027960022,0.98215439960110562,11.250490277077304,9.2967610466185739,-0.44199815267803833,,0.1051534909645055,0.5,0,2
0.95924304703742547,-0.2739191364980097,-0.069434021707960508,0.27968494375046998,0.95539741400589706,0.094826755455104397,0.040362221812644643,-0.11038155629918693,0.99306938482631568,13.719682450370286,-28.567760575863758,-0.66382632633845262,,0.2714795797988525,0.44,0,3
0.99819585226787044,-0.024901916387090415,-0.054634559350922256,0.037717830712807356,0.96805351536946083,0.24789061423770883,0.046716225891429854,-0.24950408000888263,0.96724625008183995,28.422740713696392,-21.829581042730965,0.19815304013759227,,0.3985509453959852,0.25,0,3
0.88610365382729794,0.45983974871366862,0.058032061628567576,-0.46106904213879218,0.86177091587714516,0.21158030846343692,0.047282692976697724,-0.21423887147578125,0.97563622979758935,5.4199166526855196,-22.722343824430705,-1.0961808806842068,0.262072531836912,0.2133022574477843,0.1818181818181818,1,3
-0.54961847354951721,-0.82505717211555463,-0.13114951877068057,0.8346507669098141,-0.54902332361651207,-0.043948690787511367,-0.035743962146860167,-0.13361905876693339,0.9903879625198807,6.1102903349080062,14.909753748435328,-0.67967994592145597,,0.08059576694024596,0.4666666666666667,0,3
-0.032570461151183214,-0.96522679755288521,-0.2593769348770254,0.99887897268782377,-0.022516775215885718,-0.041638837111463316,0.034350589260112543,-0.26044236237539908,0.96487813370280273,8.7048795180070329,-24.270463598371556,-0.9277345591736329,,0.5975982133673342,0.1304347826086956,0,2
-0.99819200900939009,0.040829050974939558,-0.044110109343363284,-0.035427493550610617,-0.99250342913938516,-0.11696937995596453,-0.048555183559730451,-0.11519518975654822,0.99215546282144385,9.8593510785655631,17.992675412860606,-0.4339418247416299,,0.1346713549797749,0.1,0,1
0.56727631784865762,0.80368818212018056,0.17967438640058919,-0.82267313197604641,0.54310016683054474,0.16808071487638626,0.03750329495912752,-0.24316149923249353,0.96926053677956714,-5.2917475052814522,-39.11140242274309,-1.6654324471597686,,0.4801819549716225,0.55,0,1
-0.98852466053116794,0.13022409479169278,-0.076555082505490382,-0.12000804922191539,-0.98479864002460249,-0.12557749291828987,-0.091744556479872702,-0.11494922244790108,0.98912568089951713,-7.0270791411541582,-21.811939389747693,-1.9661173619385564,0.7415623036884487,0.4638514198270439,0.253968253968254,1,2
0.95382826360590278,-0.26740013362066412,-0.13678015969503465,0.29769374320370928,0.90212455949720538,0.31232949654065217,0.039875792204195327,-0.33862729909389211,0.94007524885216698,23.759596930461722,-20.077261460321349,-0.039792709485993817,,0.3023374962288067,0.3571428571428572,0,3
-0.36677684896651502,-0.92250515176764725,-0.1202455322427609,0.92996909141391726,-0.36706074986933412,-0.020588708559205401,-0.025144225519355391,-0.11937609001601847,0.99253066303037685,-12.936167823033045,9.5656128866163446,-2.0910097089733215,,0.1952457287947868,0.2542372881355932,0,2
0.035942359219367281,0.99932040038670034,-0.0081782751672915543,-0.99926251362208207,0.036048518533236054,0.013226230802398146,0.013512056964997425,0.0076968618621427532,0.99987908400668657,0.1693647731944197,-27.6421289836311,-1.4358236396494517,,0.8707683372674264,0.6170212765957447,0,1
0.97672394042679556,-0.20428220744888673,-0.065415012932544481,0.20962894937951404,0.97369547213536811,0.08929071130372343,0.045453798292289189,-0.1009252558227807,0.99385514284422316,-15.034784916245886,15.168270742876491,-2.1042943541044181,,0.7286045443632514,0.1891891891891892,0,1
0.95282754346779397,0.30317511720276852,0.014301074023182992,-0.29869585159588619,0.92830496241458538,0.22142873570488433,0.053855924915810038,-0.21525506977895481,0.97507168674201561,-23.641925750874847,6.1013255496913734,-3.0345100352517718,,0.5633777585217654,0.1935483870967742,0,2
-0.5945300106872542,-0.79973767936753692,-0.083388911685188097,0.80314586086801509,-0.59562199174796682,-0.013826392036968732,-0.038610782985955869,-0.075193664267752466,0.99642115608371129,9.2643787854831423,-26.034592075389209,-0.90081582154294193,,0.1130435464193997,0.4705882352941176,0,1
0.70088534911450706,-0.69991560190670588,-0.13739678891520868,0.71280625712096757,0.69428260359212579,0.099392686645133163,0.02582570823489581,-0.16760016872579239,0.98551672549848324,9.1392821993665816,-28.130056521632934,-0.9086149873763022,,0.1172272832582218,0.625,0,2
0.71389601868993413,-0.69344854169600623,-0.0973734795431688,0.69974775396936761,0.71172618389892151,0.061635379186829778,0.02656229119423174,-0.11213812541843668,0.99333754862793333,-6.4403407850963896,-35.772782646932683,-1.8450478819807208,,0.1611516447893691,0.2222222222222222,0,2
-0.53804921749555179,0.8427865963723209,-0.014621645857574908,-0.84275214236638052,-0.53820464618273023,-0.010226698597260091,-0.016488362238295692,0.0068199561935751293,0.99984079838153095,-0.24288610907541672,-22.644716286521284,-1.4729784164873032,,0.06828837552632903,0.2941176470588235,0,1
0.32388930610529271,0.93382389023903134,0.15188370356781003,-0.94601513752136246,0.31757575199894683,0.064815131896357223,0.012291337236879807,-0.16467721081298969,0.98627092589601573,17.061905989708372,-24.755846470623574,-0.45505421541465751,,0.3876377288963691,0.5,0,2
0.49313351696921331,-0.82767452128330021,-0.26790711311951793,0.86990924676842252,0.47225467390008341,0.14224424545942557,0.0087884485758364488,-0.30320028000974097,0.95288632762446746,1.5394756704577135,-22.139984645174398,-1.3348119226234407,,0.2830238866541419,0.4285714285714285,0,2
