axis_00,axis_01,axis_02,axis_10,axis_11,axis_12,axis_20,axis_21,axis_22,location_x,location_y,location_z,dbh,dbh_approximation,score,reconstructed,number_clusters
0.99820125159622741,0.058505021059685448,-0.01309289206136155,-0.05374476744147727,0.97002152736493974,0.23700155362623765,0.02656616804106746,-0.23587157302098677,0.97142104144197883,-19.478634283713287,25.290373175617944,-1.5311811658615981,,0.4633667932298882,0.3684210526315789,0,2
-0.35333168657457564,0.92975590925563478,0.10349235945997218,-0.93376650236273895,-0.35724084211780383,0.021426614016621749,0.056893218643532674,-0.089066996846130231,0.99439943269552855,2.5343724077912015,18.201026832113232,-1.3293218210194391,0.6655713188288216,0.469242249016793,0.8,1,5
0.77604573228774243,0.62758622067936232,0.062358295449573782,-0.62875847203841806,0.76218855878961023,0.15404994219450549,0.049150841680436604,-0.15875810676501367,0.98609333143394351,-10.761543530870288,-21.781748661754218,-0.90991870360280869,0.3095890404378029,0.1987503772957387,0.1875,1,5
0.84509965170821988,-0.5260674845950184,-0.095181827753583234,0.53440707186701564,0.82639322486430034,0.17743539510734913,-0.014685374396484353,-0.20081643247067446,0.97951881055372458,5.1917426662032851,13.234375858981355,-1.3513494766344014,,0.1008756492038773,0.1818181818181818,0,5
0.75597613982724865,0.65125598588366773,0.066073571589436164,-0.65361453676328141,0.7454496934703605,0.13073940429980016,0.035890295953272679,-0.14202251707260174,0.98921256123279666,-24.323229427200779,-33.989865885929689,-0.67622349682676197,,0.4122399423687531,0.7931034482758621,0,1
-0.96933267930667921,0.24573936441393432,0.0025142803285565203,-0.24575209174272572,-0.96929212931012343,-0.0088700316528054438,0.00025735619265721037,-0.0092159011975193224,0.99995749956331048,3.4130521429093954,8.0085007751329655,-1.3463548722573788,,0.07503359081783231,0.1449275362318841,0,1
-0.96170922656110136,-0.27406187407498223,-0.0023351072261747494,0.27404352314613772,-0.961697457031081,0.006176452185929166,-0.0039383967425174245,0.0053000300434366057,0.99997819911868002,15.229453334981322,-29.191752807068099,-1.2101443376530532,0.4910431362804603,0.4200355740022001,0.9487179487179487,1,5
0.57031486868130188,0.81898771058626074,0.063246189369031175,-0.82060297875272536,0.56460583006744647,0.088492982298045864,0.036765497727922314,-0.10236887496951283,0.99406685470057465,-4.8638516686444628,11.593752469378765,-1.2349177459544656,,0.1452214885321788,0.1578947368421053,1,5
-0.98338208023768314,-0.17991886226120696,-0.024266999609376255,0.18020425448591595,-0.98357716463188061,-0.010118689632895764,-0.022047923543588369,-0.014323554633694186,0.99965430267171529,10.195813924266556,9.2140526302067762,-1.4817528734862813,,0.1204673090434123,0.4,1,5
0.6894360290020648,0.72232260960124284,0.054111085488231479,-0.72334045326083696,0.68261864377068826,0.10397295731618242,0.038164782067647174,-0.11082343991916323,0.99310705091355234,-32.185719195855341,6.8823924701837358,-1.4997852637073443,,0.8245576726429626,0.2987012987012987,0,1
0.9793207783086626,-0.19971196397349159,-0.032341067062861092,0.20230509031954994,0.9681566443390871,0.14746308844207406,0.0018610759555616903,-0.15095642903807402,0.98853866536841095,3.7614430871116595,-31.687039379055143,-0.98539020703915225,,0.4382500078314702,0.1176470588235294,0,2
-0.73477866265095026,0.67191647963187395,0.092890049585468093,-0.67829625706887187,-0.72861358727487369,-0.095060128785935685,0.0038084851634103351,-0.1328551272535218,0.99112815044433633,30.335792786356198,4.9028995837873985,-2.0567906676911285,0.7349231630700552,0.6672594080295442,0.25,1,4
0.98507939106846509,0.16961466915879991,0.029145450731323807,-0.1712288809369408,0.94891061950125744,0.26504585741116887,0.017299237707602045,-0.26608175473694096,0.96379522522724992,-9.5712122765786418,-24.176868904893571,-0.81403472541102961,,0.4095955370909173,0.5862068965517241,0,5
-0.20389845131889389,-0.94764294553543638,-0.24576059351872778,0.97770663900244414,-0.20996995817638811,-0.0015312458811493461,-0.050151267185380183,-0.24059398255219622,0.96932934854948716,1.1980548704777565,14.260009793160235,-1.2957196234175925,,0.4529821756495089,0.7631578947368421,0,4
-0.89246675316758073,0.42939986061564478,0.13827094486471608,-0.44994128210328516,-0.86938202663293684,-0.204273675315394,0.032495186563062217,-0.24452126997640136,0.96909927839172383,-5.9710653250573253,-18.966073720682385,-0.90527526042949347,,0.613332610329714,0.4954128440366973,0,3
0.13711237215910924,-0.98955062448620312,-0.044606714515514616,0.98938823166214029,0.1346263513456315,0.054650458111770273,-0.048074155732219369,-0.051626612346049781,0.99750868088869604,-3.8517748474356606,-26.491368656691449,-0.80288166985379517,0.419500154716419,0.1967940981075382,0.7948717948717948,1,5
0.97369450871024876,-0.22780933847186463,-0.0046807064123842437,0.22675464354789754,0.96675899272486088,0.1181498269786206,-0.022390518908087433,-0.11610320964824145,0.9929847478045184,12.989982472975202,-28.340866457329035,-1.2437774147750509,0.1804946949558685,0.2233512949857201,0.35,1,5
0.93647095041602246,0.34374390929640192,0.069730078506621787,-0.34986537752569252,0.9014038278891503,0.25507911846247266,0.024826933675290545,-0.26327032473944834,0.96440259201013612,-7.2892242453963503,-21.639194194363562,-0.85437089568700519,,0.7575330501263879,0.3626373626373626,0,1
-0.76543302384426548,0.63597696267872028,0.098211959305242111,-0.64278033909535948,-0.76289527757081577,-0.069456685298126791,0.030752588201311912,-0.1162931571593879,0.9927387269150042,2.445080426528504,11.24205698732581,-1.2598210004675077,,0.5037894033491561,0.3375,0,3
-0.43184452844439819,-0.89992331521478719,-0.060401407148026109,0.90104502311883072,-0.43343964849413463,0.015746028898293924,-0.040350583210412072,-0.047624550875647528,0.99804996497593845,0.56843996557117349,16.239049423678875,-1.3000340953919567,,0.1085245292138493,0.5151515151515151,0,5
0.56080092323876463,0.82036073165854062,0.11185076864829072,-0.82778797523074832,0.55287270894970608,0.095387817681250334,0.016413182443614661,-0.14608229752874757,0.98913627463095066,-6.3912061879256035,14.111357366608388,-1.2471023671109056,0.3812617310402114,0.1709787024953379,0.2857142857142857,1,4
-0.86613710528918531,-0.48307464305548781,-0.12823963536318259,0.49746644808629747,-0.85802148284897528,-0.12777428535525628,-0.048307844804669348,-0.17446496555600069,0.98347767027211652,14.292933030344479,8.403960866838565,-1.5873649516000901,,0.2279886416528312,0.1578947368421053,0,5
-0.28463631781132498,-0.95196591611704584,-0.11288516791077732,0.95643657297825979,-0.28997900522418063,0.033782516170298031,-0.0648941326501285,-0.09835177212754416,0.99303357469269882,-25.810248074143182,-26.929837736176164,-0.69510455558547124,,0.227787323302834,0.3043478260869565,0,4
-0.98908890430995711,-0.13598133693096384,-0.056676409355188334,0.14375800146523227,-0.97497577412287906,-0.16957557869049214,-0.032199012184404963,-0.17587301066383301,0.98388612538971632,-13.871691966364001,-21.592215996088406,-0.90576498062507094,,0.7349353769780417,0.7083333333333334,0,3
0.37609775346706092,-0.91673848276062653,-0.1346886560285451,0.92509067098123043,0.36326663803031872,0.11065532141585978,-0.052514096207853127,-0.16621643697268726,0.98468998460407742,2.131069670351994,14.142616714551123,-1.3009335068097998,,0.5298962601294906,0.4285714285714285,0,4
0.42612770100870473,0.9013686441780896,0.077134620797604747,-0.90249695161092547,0.41766264034883005,0.10515308454739704,0.062565443864997849,-0.11442240230565918,0.99146007437747063,-12.545665517019856,15.343003681446813,-1.2680615848813643,,0.3949093666166981,0.8343949044585988,0,4
0.35931341904888014,0.92683245784960222,0.10897459322185887,-0.93223404842692292,0.35112132914832217,0.087484233840533679,0.042819923458054319,-0.13302408538900451,0.99018737967188097,-2.3065633056068058,-26.24953405377854,-0.87352212887481051,,0.101836584325685,0.3571428571428572,0,5
-0.9779626035154696,-0.20758726293722138,-0.022286192843925769,0.20874660515464472,-0.97413188465349565,-0.086555913361470505,-0.0037417858910657378,-0.089300613478634439,0.99599769049465392,12.992418526389393,-35.062009645796699,-1.0970099895798757,0.3308588817817251,0.2553302378240257,0.6666666666666666,1,5
0.30081924294409063,-0.9017326179404882,-0.31046105845457866,0.95364054089244832,0.2814159283117969,0.10665267956674931,-0.0088035129864345515,-0.3281514300358947,0.94458410802029402,8.3814522183694073,7.4748033092409756,-1.4156694196149553,,0.4799398527713039,0.25,0,2
-0.40269853074490403,-0.91013872818450836,-0.097372423173000461,0.91397407757385196,-0.40561297967399768,0.011379641602770703,-0.049852571236819382,-0.084413305696834542,0.99518295552245628,-21.153399589083939,-26.158901620991553,-0.77571805417672701,0.645511043923769,0.366691833700407,0.803921568627451,1,5
0.62243362712925887,0.78246909477092796,0.017846443541447824,-0.78191519809158438,0.6206667403623336,0.058149981955223827,0.034423869801518965,-0.050148909622832395,0.99814832768057493,-21.821822370163002,-2.1088054224787309,-0.99022636178757673,0.3954812731988081,0.3509034223006331,0.9659574468085106,1,5
-0.97581509975108782,0.21770511300480694,0.019732583949886782,-0.2185645404700792,-0.97011568013962712,-0.10538078001387227,-0.0037990455219980746,-0.10714499950437854,0.99423614716742692,-1.3033382431245015,14.981169812996775,-1.2602318544943021,,0.3270822899631459,0.1578947368421053,0,4
-0.96625949687259716,-0.25598393749503956,-0.028544849764011594,0.25692876176099361,-0.96573313726962096,-0.036703119204455972,-0.018171298343182478,-0.04279873040067373,0.99891845142264379,4.1803782464183534,12.46552644446091,-1.3194090995284253,,0.1259801096503655,0.5806451612903226,0,5
-0.75457798936429299,-0.65278635786798622,-0.066947957014307502,0.65280045184292079,-0.75712720043392645,0.024697620062718764,-0.066810388717763,-0.025067376099890844,0.99745074996956484,-12.777889366056408,9.8872785674455272,-1.1924145309759764,,0.1142276066215439,0.3272727272727273,0,3
0.89429638077451157,-0.44569785595021377,-0.03984224560680396,0.44737087616137999,0.88861514959242927,0.1011059596533436,-0.0096582864012956186,-0.10824295411807172,0.99407755250160645,-11.849429140306274,-32.282663027339595,-0.68758514525761028,,0.829707503717783,0.75,0,1
-0.99028366698057624,0.13887334926472442,-0.0072423598020417007,-0.13886377506133474,-0.99030983661213523,-0.001810934831072605,-0.0074236707375374142,-0.00078763776271346475,0.99997213398151097,-1.6086833608882181,10.769872727649119,-1.2594981640159608,0.3448661489555327,0.2836487674932165,0.8076923076923077,1,4
0.70530470981147619,0.70312160747439623,0.090361891416527715,-0.70761069070306615,0.69057796428355378,0.14963016289743833,0.042806269639865308,-0.1694758990199062,0.98460425701441889,-35.409977870574977,11.84623986782567,-1.6861463417122171,,0.2397484232796033,0.1428571428571428,0,3
-0.88832406649437023,-0.458497773531575,-0.025693278371860893,0.4583037569772116,-0.88869555328317551,0.013337162939802234,-0.028948561751466737,7.239681129792854e-05,0.99958089994318255,-14.279144562249515,15.04521968472298,-1.2946289398900541,,0.07012659195895907,0.3529411764705883,0,1
0.91431431082369807,0.40448770112255411,0.020470482739234311,-0.40429232980505309,0.90854016507981084,0.10536830879136115,0.024021929227021715,-0.10461581179411115,0.99422254995492398,-20.966268731238937,-22.82678864109236,-0.81194352387824553,0.3900984576041867,0.2680039642837944,0.8333333333333334,1,5
-0.1001634928002893,0.97145851716899057,0.21502470585928679,-0.99237910614062885,-0.11313053746533898,0.048838419183360869,0.071770358822932839,-0.2084941987505407,0.97538668469576628,-13.929689667593889,-27.71522808793242,-0.76013009747906901,,0.3523512373913112,0.1538461538461539,0,2
0.46362646550829512,0.88530197336241179,0.035929325639419897,-0.88420686957900352,0.45969097955280847,0.082839695237710786,0.056821758768829438,-0.07017563165656035,0.9959149905750081,-13.33591067289378,-26.238752408164345,-0.80207034800631694,,0.1023678355894051,0.4117647058823529,0,4
0.85564112420276195,-0.51188667326695936,-0.076487255832052681,0.51719245430063887,0.83998915368433058,0.1641041952759347,-0.019754285294946897,-0.17997292969879058,0.98347318864731592,-11.706638733029456,-23.362636543343871,-0.88298394656725154,0.2674869924075731,0.1744049685609843,0.2777777777777778,1,5
0.23065409790243319,0.96320384199315356,0.13797480165031559,-0.97275395150093158,0.22484457457837329,0.056521386412527221,0.023418730967725204,-0.14725242290807797,0.98882166591734988,-3.9129566122169543,18.845146660908309,-1.2240424671004251,,0.6387732092901629,0.2258064516129032,0,3
-0.050054472682939916,0.99568059587711821,0.078196552086509413,-0.99784019192601947,-0.05319023461855267,0.03854543187286999,0.042538231527363399,-0.076098291275222912,0.99619252603275166,-3.9733519952277301,13.626254125588092,-1.2707649422401566,0.5523598200488866,0.6903331187759305,0.8709677419354839,1,4
0.99318270975723466,-0.11585068408187178,-0.012912166241141547,0.11656405251621305,0.9879519077320924,0.10180299440348611,0.00096265272766288344,-0.10261406826688543,0.99472077805454784,-4.4477679856821632,-21.978349619063344,-0.8355995805232963,0.3917412380188581,0.3153427330594987,0.8392857142857143,1,3
0.093721815034373823,-0.9890815369222814,-0.11372745801309107,0.9949488547968881,0.08892191005908559,0.046579719297173423,-0.035958277559168222,-0.11751853994540895,0.99241946526863145,-3.9770870450232469,-22.674117465016266,-0.82272038303963102,,0.4503434711925196,0.5714285714285714,0,5
-0.89951113940120142,0.43658606804922928,0.016501978016791308,-0.43689729114478765,-0.89880909003019671,-0.035538383044769035,-0.00068343507337262973,-0.039176840919143502,0.99923205915948143,5.3035877704761587,10.628110454279501,-1.4058157687771056,0.4505494761066405,0.3414716376702354,0.49,1,5
-0.94016255501424362,0.34045583101510624,0.013571929741317146,-0.34069492700189308,-0.939870091400968,-0.023899330641481649,0.0046191843722088342,-0.027093143371518465,0.99962224100806518,-16.856641252587274,22.646574653882428,-1.4427723200200668,,0.3941995437394481,0.7380952380952381,0,1
0.024518230592496779,0.97732934945796812,0.21030025928818374,-0.99706674251768801,0.0086497791721908968,0.076046645458151277,0.072503567731378477,-0.2115479236682235,0.97467466811130576,-9.4486008475491321,-30.164021128494653,-0.73407587183528289,,0.4199138673806731,0.3243243243243243,0,6
0.28215138047185812,0.95717173371721742,0.064906630405538943,-0.95836500105858557,0.27811424482476998,0.064722419388687488,0.043899011877285926,-0.080465762895310294,0.99579020770334647,-17.575208069154158,-26.750757924612341,-0.81368851989695046,,0.1202223868526654,0.25,0,1
0.99086197181358027,0.1346211455161474,0.0083486522041150719,-0.134289717796235,0.97885228145173475,0.1543194180618313,0.012602559577823889,-0.1540303810183398,0.98798573735425665,-20.204723056728728,-23.923161794005171,-0.82523997577028829,,0.1442217333544914,0.36,0,4
0.30306414403473769,0.94679966207692678,0.10827060769900028,-0.9519677536300718,0.29557536003209489,0.079953752822579022,0.043698062302674215,-0.12730124285691979,0.99090104093096854,2.1369155031830367,-23.234773259142642,-1.007946751032363,0.2507626251278064,0.1207016361900269,0.2857142857142857,1,5
-0.93236357103091183,-0.3526146160962777,-0.079756529072919233,0.360639615682457,-0.92257628029232064,-0.1370841881560152,-0.025243593541616951,-0.15657566719404023,0.98734331487474303,4.6277671463153549,-24.581568373718806,-1.0677365858498662,,0.3410301440409536,0.125,0,1
0.071809183333240809,-0.98803735504717261,-0.13647573491430723,0.99725600315337959,0.068653278799013617,0.027698221688243898,-0.017997371017990503,-0.1380902326072781,0.99025611954428672,-0.025197440279592503,-24.652417620118307,-0.92181052139690312,,0.2719651428072611,0.3620689655172414,0,4
-0.22181409247967362,-0.97097621608361995,-0.08946337897348601,0.97410836999848982,-0.22477008171713297,0.024316534781046503,-0.04371946793252756,-0.081753276171711409,0.99569323084918493,-17.737093138300789,14.167247318890372,-1.3382527528803825,0.4805153931444091,0.5104442620335674,0.7368421052631579,1,2
-0.99941586152952055,0.033988217877973979,-0.0035688609786121033,-0.03329633620845756,-0.99192293820084232,-0.12239378524296018,-0.0076999817076829563,-0.12220346032942712,0.99247520098248032,3.422747860718439,5.9759126627914068,-1.3574075280268538,0.1908814793206388,0.1584222475847727,0.2628571428571428,1,5
0.90301157801711862,0.42043816829434699,0.088328005798435125,-0.42956027237090527,0.88028743189479675,0.20142494793023422,0.0069327027678787595,-0.21983126231125147,0.97551327707160129,-2.2778264645505222,14.04915775677919,-1.259109770887777,,0.1576644046916111,0.2631578947368421,0,2
0.52734667887998932,0.83512275524443136,0.1564463612462588,-0.84862125959388057,0.50864318816142473,0.14534120166792452,0.041802368826902657,-0.20940890814368623,0.97693422048289857,12.645846037383475,2.5203716909641902,-1.4087761301262101,,0.2050182589254495,0.1590909090909091,0,1
0.99087319351978564,-0.13466946019961079,-0.0058694849387880008,0.13470114502993588,0.98758274068368013,0.080845110126304326,-0.0050907653182376529,-0.080897878793300668,0.99670939461571184,-8.3232915657918589,15.516904672552601,-1.1871854996823592,0.2457185163218469,0.1319170454152838,0.3235294117647059,1,5
-0.71517538934208058,0.69383076912075825,0.084398023085271015,-0.69884256165838121,-0.71190590869161996,-0.069347322837379696,0.011968144975571495,-0.10857642926186792,0.99401605747321209,6.7596175783051189,10.877585193314822,-1.4812343738258369,0.174288800683239,0.1559055196024961,0.2142857142857143,1,6
-0.98416428464115702,0.17115502162564639,0.046115283898980827,-0.1761025190203907,-0.97374320832593009,-0.14426387986532263,0.020212957018505732,-0.15010037578716426,0.98846411849754046,-9.9347485348956024,26.950484994507306,-1.3762428396636526,,0.4323335243975872,0.1875,0,4
0.19313997413664011,-0.97454387934541675,-0.11384716782108781,0.9800371023221448,0.18603639130634991,0.070126593969215792,-0.04716172667015691,-0.12511869700446687,0.99102022340484708,-18.710139658502811,-27.111219092513874,-0.77658255643870622,,0.3300103736818627,0.4166666666666667,0,2
-0.70185257480653906,-0.71082670891078714,-0.046134077822032375,0.7119216917788086,-0.70215683013818975,-0.011970407891417957,-0.023884472199090494,-0.04124531233179278,0.99886353231981739,-7.1331348643542221,26.15149695044634,-1.3436244455287656,,0.1537654686845964,0.6428571428571429,0,2
0.99852826545544238,-0.054228110647557851,-0.00078428447792916218,0.053939381356831996,0.99149930341861325,0.1184047062377471,-0.0056432459975033367,-0.11827274976088605,0.99296511038334623,-21.24426291319126,-19.489810187249603,-0.81457980553891285,,0.1010841428920812,0.4545454545454545,0,2
-0.60198276108126125,0.79799948875479843,0.028523171423617204,-0.79802849977804236,-0.6024756299603693,0.013176829886660728,0.027699619184875578,-0.014830079262631074,0.99950627804235248,4.1056129970281523,8.7438113651810578,-1.3647124095300924,,0.07123300830194945,0.1363636363636364,0,2
0.99955297552829014,-0.02690362054002601,-0.013040104078673696,0.028783027359902118,0.98390904615548835,0.1763364007498131,0.008086188752649201,-0.17663290773589693,0.98424358238000298,-16.977169371496252,-23.217959561042406,-0.85544807694179215,,0.09580429403912398,0.3157894736842105,0,3
0.81546966296208701,0.57833664635907467,0.023150642899010584,-0.57807154092374835,0.81178601281340057,0.082684720321005559,0.029026235762533756,-0.080809608826291346,0.99630682259974435,-12.324109588399917,16.999730059209192,-1.2868183731556442,0.1274645052651346,0.09661420881226147,0.5357142857142857,1,3
-0.24110789688459014,0.97019897869441929,0.024102360884289492,-0.96984102714254239,-0.24178416119557766,0.030802621090578707,0.035712240632431648,-0.015948703246897209,0.99923484463551149,5.9094936699168343,12.552394495192402,-1.4003671486719353,0.1690536645811657,0.1299951045021853,0.42,1,5
-0.91943613702514271,-0.39085003009555597,-0.043283298240600759,0.39258293795911853,-0.91868128014822337,-0.043627311727941445,-0.022711819734858345,-0.05710481135178605,0.99810982049311936,18.862519002741358,10.641336647650403,-1.6457824951379934,,0.1517717025355537,0.2352941176470588,0,5
0.95491329490722554,0.2910072149883946,0.058782650791927286,-0.29580907705989556,0.91577665416839049,0.27175376650402022,0.025250527487561333,-0.27688972625369684,0.96056987791453996,-12.162480501479557,-22.372116582389971,-0.91339262979503899,,0.1125615873949879,0.6,0,5
-0.7514448290052782,-0.65776045364116575,-0.051786625561010852,0.65979230013530321,-0.74938283956002649,-0.055672977782022154,-0.0021885253926846879,-0.07600358806477131,0.99710514237861936,-7.2236754000995846,11.494295629519241,-1.2440336010822224,0.3924003851924421,0.2323449126546718,0.3888888888888889,1,6
-0.11351431030391548,-0.98425587360986633,-0.13548017058117964,0.99264122918107223,-0.11813977042592387,0.026577900097629847,-0.042165050529033965,-0.13146623105645472,0.9904235147681496,19.758018874626909,4.8213985598833915,-1.5947619296957225,0.1017131101986142,0.1528497949417322,0.3,1,5
0.0011764826403673945,0.99560728248836183,0.093620269945868501,-0.99956178320390432,-0.0015983001535945331,0.029558196745587535,0.029577989228964749,-0.093614018676474925,0.99516911028247523,0.96338222710183952,-23.069168041092194,-0.96430076937570697,0.2487162730486277,0.2025570189881387,0.3333333333333333,1,4
-0.0078751126990783994,0.99869179904342464,0.050523985624496545,-0.99936041769463002,-0.0096227432923214305,0.034440649772383911,0.034881773825176064,-0.050220447378907365,0.99812883362814009,-14.87474215945371,-29.871501943714616,-0.69116842397807754,,0.4240428068413772,0.725,0,5
0.86627825646216583,-0.490823888229238,-0.093026303400721919,0.49858522724353566,0.83782434924290106,0.22240308224082928,-0.031221043470428259,-0.23904449493607227,0.97050655633301963,-2.7320062004059431,16.539212122168614,-1.2974363013545203,,0.3287482178450764,0.2580645161290323,0,5
-0.064953736767400405,0.99772567384415101,0.018013656824410893,-0.99684270537520514,-0.065701252721131184,0.044586613810841655,0.045668729128303227,-0.01506071522572712,0.99884310181163938,-0.17254350962136095,-26.873215290431354,-0.94727759000328615,0.4092260433194256,0.3698921152142082,0.78,1,5
-0.99594515673486439,-0.087393430279441214,-0.021345564418852853,0.08844643932170719,-0.99457577683641218,-0.054738026102141943,-0.016446037446100494,-0.056404011153814534,0.99827256567436651,11.981919287952302,9.9938855786823755,-1.5493186670098433,0.4664538783633399,0.3604580888821382,0.2222222222222222,1,5
0.84315192685468454,0.52266267272848965,0.12616877100750928,-0.53577515053574021,0.79700225563429195,0.27880529511158142,0.045164325630283053,-0.30267331407007636,0.95202365970610181,-23.656384534260113,-20.006657806813042,-0.78309077279978201,,0.4776411240463886,0.35,0,2
0.99720787791382459,0.074491002099010509,-0.0052477455057628386,-0.07350807314339966,0.99156785871832065,0.10672274705755118,0.013153380149324153,-0.10603901245791886,0.9942749702308703,-20.067028715535596,-21.078046069569886,-0.83010519923337001,,0.1010332464882484,0.3478260869565217,0,4
0.43434396812979892,-0.85563660234010341,-0.28148058918004321,0.89905502024971962,0.39267106379107536,0.19367371072234252,-0.05518503341519896,-0.33718754484273183,0.93981869086004788,-15.538707948769524,26.931709828930128,-1.4685359356822072,,0.4239588982540909,0.2857142857142857,0,2
0.77193424693648283,0.63460321420583843,0.037366815842727795,-0.63288778842812132,0.76166248466987496,0.13900829725262545,0.059754210438823008,-0.13095426669693305,0.98958598129152098,-1.9121852691271126,-32.131722757258004,-0.85383690368043774,,0.2214273991345592,0.2666666666666667,0,4
0.054685217090999272,-0.97227109206234075,-0.22737293280338736,0.99761916242059734,0.043618896456613765,0.053417212985451046,-0.042018255591303566,-0.22975272666893568,0.9723415813309918,2.25494691691528,9.2893503604867522,-1.2550580197201437,0.8459969904249389,0.5722591261380079,0.396551724137931,1,1
0.99927084190571491,0.020386944129638457,-0.032282456940246118,-0.016182608391558162,0.99195869178107809,0.12552321293536689,0.034581898483011554,-0.12490927231005308,0.99156531100492007,16.289100827882958,-27.433073105587933,-1.2746279047932205,,0.2035951917558353,0.1176470588235294,0,4
0.94017817750419219,0.33889281105695579,0.034880612936274084,-0.33980560525432929,0.92548466581102751,0.1673627317726071,0.024436554229978737,-0.16920341593054536,0.98527816318783845,-15.089837371017955,12.557816387476244,-1.2971350383430973,,0.3299682273278256,0.21875,0,1
-0.95643363520497227,-0.28952157924005867,-0.037576011003633503,0.29047406424092104,-0.95660897619769902,-0.022892895434004228,-0.029317562176348871,-0.032810391834498978,0.99903151038178162,-0.87971508168124124,11.528237134252604,-1.2690056551014461,0.289700872412392,0.4215192760545701,0.8833333333333333,1,4
-0.9875036622137473,-0.1524225152486704,-0.040048644917219538,0.15703667158949339,-0.97308811938310669,-0.16863865420342164,-0.013266532724502707,-0.17282039451614639,0.98486400601745672,15.433141449631748,5.5636117827533935,-1.4836654959161486,,0.2923048372501867,0.3703703703703703,0,4
-0.85057551409209542,0.51506655017012237,0.10596104813948,-0.5256805371311899,-0.83801441838082857,-0.1462593842025377,0.013463569676421754,-0.18010631160981255,0.98355500548260055,-21.859106018828477,-29.816932471943922,-0.72835980736041683,,0.6157052884251213,0.4814814814814815,0,1
-0.87676729537561637,-0.47696390040054604,-0.061518675818210834,0.47999363622121105,-0.87581247096734138,-0.050582851691261983,-0.029752629242939407,-0.07387796297123056,0.99682336832578067,-2.3784940432469885,12.811417491021404,-1.2590381847814711,,0.1110621759000092,0.1470588235294118,0,1
-0.64391417870813061,-0.76144766994689328,-0.074645672286348441,0.76421050510568855,-0.6447962693004996,-0.014834924410514348,-0.036835232383440712,-0.066597425089897619,0.99709976864236305,-10.43568226256096,-27.80062679658937,-0.75472880727627834,,0.1718104150150217,0.1333333333333333,0,2
-0.97707304042038734,-0.20226916242095,-0.066448924876088,0.20700447990645274,-0.97550734812567697,-0.07439461708664441,-0.049773677604932086,-0.086444199842075645,0.99501255335364702,12.438913950185389,-30.662860700436937,-1.170218128152732,,0.2132463690518191,0.2142857142857143,0,3
-0.95467419879398552,0.29236220306863708,0.055870532250152427,-0.29764117577514887,-0.93932602972867807,-0.1705178593501146,0.0026276682152162442,-0.1794183716652549,0.98376935471112326,7.2295426015645443,8.9215980597863087,-1.4324170823873752,,0.1120721174373714,0.1333333333333333,0,1
-0.85700934725379085,0.49240070045621892,0.15190960769437184,-0.51513822675637611,-0.82607104889439531,-0.22855902850863519,0.01294550323198093,-0.27413166976608128,0.96160503408485376,21.077554172869757,9.8366288987716874,-1.6927952131221975,,0.568174906561542,0.75,0,1
-0.98469596972278639,0.16996037238873421,0.038565775360854961,-0.17415951072576705,-0.9678745668464388,-0.18134852542984525,0.0065047702082802594,-0.18528975867354522,0.98266240046886733,-32.443284189617806,10.197549557883676,-1.5726487691430009,,0.1987032410519154,0.25,0,2
-0.99207669618350647,0.1254145885809532,0.0074168632647853483,-0.1255331855132199,-0.98719283487445908,-0.098446564731491021,-0.005024761140768455,-0.098597605161577923,0.99511469893268079,-11.892549096123464,7.9378615196009381,-1.1831199989938288,,0.1014031116105454,0.328125,0,2
0.72207422653079201,0.68713563114159815,0.080333279502315835,-0.69017818785110141,0.70750765554583617,0.15194402376732399,0.047569742426562291,-0.16515914070881105,0.98511906785210446,2.5064766418268323,-24.037467426824971,-1.0239733326311993,,0.3390981357072667,0.1,0,3
-0.82836316902840357,0.55797325413851862,0.049802689317869964,-0.55833252858204219,-0.8295817358858899,0.0076766536808604595,0.045598768891308365,-0.021447404286421098,0.99872957357082992,-21.584907587692474,-21.228375529630583,-0.80023768709737375,,0.2271966619591626,0.375,0,2
0.18282380690013939,-0.96408575218568027,-0.19265024802245123,0.98233113633485969,0.17115595803154451,0.075704534985477454,-0.040012425790043847,-0.20308692834073683,0.97834283628977492,10.393062507681563,10.569386434275152,-1.4874490967839282,,0.3829507067576668,0.3076923076923077,0,1
-0.99986842546307764,0.013819541235663637,-0.0084942358114808974,-0.012429624030452367,-0.98917519642598817,-0.14621195307521162,-0.010422869491980073,-0.14608713514763064,0.98921681785941673,5.4329143530158026,17.78684297460104,-1.3686523348217046,,0.4600292719735158,0.1875,0,5
-0.48039084468293741,0.87563866022332348,0.049815389862139146,-0.87645771645225112,-0.4813839569683962,0.0095580983858743595,0.032349769954649589,-0.039069459885596312,0.99871270628150566,6.4539773682353863,7.4274464621525116,-1.4049606386587021,,0.08274593882588471,0.3,0,1
-0.72789115712308927,0.67269418269131953,0.13287964462350274,-0.68535312924691805,-0.71983702452491971,-0.11011696669708805,0.021576645092966008,-0.17122264656396413,0.98499606785517924,17.05717595023031,5.0164533133753277,-1.5313122094012914,,0.2077420255905443,0.3529411764705883,0,1
0.59723289744707042,0.80136156611055787,0.033652734923201845,-0.78344710537475748,0.57386546385155979,0.23851428149766449,0.171824035824126,-0.16881371318488286,0.97055573304877341,3.8269289250028677,16.821689287980785,-1.3472535301468258,,0.584450115931602,0.3529411764705883,0,2
0.51753617965359267,-0.83435562942832775,-0.18975506947331705,0.85539599129715049,0.49897093200338177,0.13901693094167078,-0.021307295049564547,-0.23426201710250733,0.97193997063642534,17.615184347513967,-28.162262764946792,-1.3001500625682669,,0.4854798338503682,0.5652173913043478,0,4
-0.70831318972273349,0.70386215748367931,0.053576940256306819,-0.70553499217330751,-0.70834138516713929,-0.021745272555420931,0.022645089618240192,-0.05320286948952363,0.99832692771169063,-18.374512605989935,-22.55355939880755,-0.84529571073941012,,0.7556357371720324,0.4117647058823529,0,1
-0.92510639624151625,-0.36830442703834204,-0.092358024323791546,0.37882067482024567,-0.91184508875599357,-0.15821956402514958,-0.025943245012316877,-0.18135705978961333,0.98307505557953134,-2.1257504405900929,17.882396349051078,-1.292213507794834,,0.2680051562630272,0.2,0,1
-0.14106850724514927,-0.95492907202503119,-0.26117071747238391,0.98830100152519595,-0.15128578805599061,0.019332374830157008,-0.057972464566559877,-0.25538809238821703,0.96509901855632829,6.9982610765889053,-32.744251380018675,-1.0773953274851629,,0.5000817334292352,0.1176470588235294,0,3
-0.7406442157658214,0.66640867629981426,0.085706603041775672,-0.67189229439200593,-0.73408992476568657,-0.098350023356142749,-0.0026249550999632269,-0.13042798208144415,0.99145431115149496,11.73398163592945,5.0459845667788237,-1.5022507576948998,,0.6603933428771681,0.546875,0,2
-0.87888563898859429,-0.46700682527106469,-0.097286477631028878,0.47523690038680672,-0.87485399264239827,-0.09370368225633352,-0.041351204218882033,-0.12858894473436247,0.99083548644654063,-8.7781352677161877,20.995914376851854,-1.2786669554419936,,0.197942619948499,0.1904761904761905,0,3
-0.021455865706407975,0.99303155894275541,0.11587911274474691,-0.99779785084295247,-0.028545401910698206,0.059871603310266176,0.062762207417949745,-0.11433933257404423,0.99145722164223937,-5.3201191122502252,-22.493293067287301,-0.83033478696314411,,0.276849358026644,0.2,0,4
0.33918627654939804,0.9363336850522781,0.090729818896415418,-0.93908978552399291,0.33134602099541638,0.091215070547608953,0.055344778661184223,-0.11614234631229969,0.99168942258552806,17.133518907425664,9.1680176393755914,-1.6076726214670449,,0.1125018009215712,0.2857142857142857,0,4
-0.36024599894937909,0.92772989716012577,0.097673221285188475,-0.93247038588074138,-0.36113275646761489,-0.0090615485167991634,0.026866330162189825,-0.094341772939477417,0.99517728580502263,12.356798518521295,8.4568466131881124,-1.5499130244214816,,0.1215835163664094,0.1666666666666667,0,3
-0.32645902479304367,0.94302583333960521,0.064240040358945205,-0.94449689246904123,-0.32810000623043972,0.016613429143619102,0.036744050504803477,-0.055250914614415288,0.99779617717586588,1.2557837953885536,6.3331796251780688,-1.2651896937781055,,0.163418737301723,0.5661375661375662,0,3
0.99640168037722832,0.084747999603074511,-0.0012115711755048678,-0.083577293860531948,0.98481298895696989,0.15217822686767485,0.014089971340861322,-0.15152938112761008,0.98835232552096419,-4.6629185182291533,-28.675597273542099,-0.82338755034582922,,0.1036666689765253,0.2631578947368421,0,1
-0.90417742816825886,-0.42423267852288943,-0.049898024653573916,0.42625491330160864,-0.90367874174056118,-0.040883745088173343,-0.027747563447478352,-0.058235437660341963,0.99791718420079212,8.1313413652254187,11.577600636253695,-1.4891565076714932,,0.105819808781723,0.2592592592592592,0,1
-0.8478105776396212,-0.52785232706225493,-0.050883644300842801,0.52859937523195666,-0.84887018038332895,-0.0014551152392702279,-0.042425522351025036,-0.028130724678488553,0.99870352827168196,-22.666467496144957,-6.8757607886890471,-0.93876126016213313,0.2952068891139106,0.3525452302902268,0.7777777777777778,1,3
-0.7489014657117723,0.63481343122322265,0.1901538908183521,-0.66237890667803589,-0.72574883175025728,-0.18585698050152888,0.020019456605221964,-0.26514249141119406,0.96400139035454524,5.842266670828649,14.687832809154461,-1.3507515826135579,,0.3289346690915007,0.2,0,2
-0.37061187263081119,0.91291630928773471,0.17096974030963868,-0.92878778416446872,-0.36421861258411808,-0.068542353579059037,-0.00030307084984595447,-0.18419721627582214,0.98288925808775574,19.824706368143595,8.1773322604619061,-1.6222723704618158,,0.5611109844054184,0.2068965517241379,0,3
0.98682945088058394,0.15801062693200751,0.03464500903851031,-0.1607710044848801,0.93431795964475672,0.31812361497094227,0.017897457686700091,-0.31950366517743062,0.94741600627524791,13.476354442920872,4.0654622201344051,-1.4519724051959284,,0.2422160719338154,0.1891891891891892,0,2
-0.87672092581690331,0.46899700066477507,0.10678123244371307,-0.48098035789791305,-0.85283513056410776,-0.2032981440940804,-0.0042794335079085677,-0.22959541250457766,0.97327675047013507,32.612754219289009,6.1191566044642611,-2.1481526533176676,,0.405717262649648,0.3043478260869565,0,2
-0.95121796451772656,0.30706123032434679,0.029963057428291143,-0.3085038083779153,-0.94765735745856661,-0.082285679622690289,0.0031279698008553451,-0.087515334006927306,0.99615826158225507,0.33455550243239435,13.026936747883621,-1.2826210835977578,,0.1021323093360988,0.1515151515151515,0,1
0.0063734814008523212,-0.9657856525438504,-0.25926328717209729,0.9993409547729637,-0.0031137017272661331,0.036165743114358447,-0.035735624358518396,-0.25932292263122841,0.96512931099915522,-2.8036576810683025,-22.211906929962346,-0.8164669423588814,,0.3450176314084021,0.125,0,2
0.90362991803763049,-0.40868914717730775,-0.12816455128774545,0.42822487592843611,0.85593927103244982,0.28981273253691348,-0.0087422459002024586,-0.31676670482221153,0.94846319267154355,26.37253706661771,6.4817679034447861,-1.9314561091568296,,0.2582046234736356,0.25,0,1
-0.76996418762579155,-0.62142945768933466,-0.14484674276522003,0.63454062718503867,-0.76959608765433352,-0.071274499779095557,-0.067181412796785023,-0.1467899553207988,0.9868836642642056,9.744294428932152,-27.012365181050939,-1.1517697119184447,,0.6387111064917574,0.7777777777777778,0,2
-0.45859202298884882,-0.88444885137465246,-0.086276217772061056,0.88761845752462576,-0.4605669621971677,0.0033981162539238954,-0.042741435546760007,-0.075022014332657386,0.99626546013242434,10.547025296975484,8.2371865526522985,-1.4872167386504367,,0.4439727640730635,0.3043478260869565,0,1
-0.84573123418705798,0.51607448331251615,0.13566800357547532,-0.53342945120761609,-0.82426169203984201,-0.18985700835091079,0.013845580694832254,-0.23293731068537712,0.97239318651761797,-22.301304162105001,8.5094536231104847,-1.2986266911778199,,0.2672437367344691,0.2666666666666667,0,1
0.53902918057928806,0.83642279558683108,0.099219199284868553,-0.84024256410901754,0.52577433912090976,0.13249067054503377,0.05865130811434336,-0.15478453199425168,0.98620574562907315,8.8840797302833483,11.708790631755507,-1.4997305664353446,,0.1481021920399884,0.25,0,4
-0.75462418644945972,-0.64159591202871991,-0.13746644279068893,0.65542928774038745,-0.74692489443421961,-0.11187336969340651,-0.030899611609515747,-0.17452188327675261,0.98416834243940021,-15.568883779276709,-27.945944996197618,-0.78257032014756844,,0.3234946893731164,0.375,0,3
0.91434164887030156,-0.38277894546592173,-0.13213488581421548,0.40477176900191236,0.85442222784707278,0.32576444185930986,-0.011796786011500648,-0.35134446839084055,0.93617193953405664,13.68497035456943,-27.022945179455139,-1.2973295907247258,,0.3265996285032869,0.4583333333333333,0,2
-0.97382517005119917,-0.22016548302403913,-0.056495117130117629,0.22642109131861918,-0.96144097414003404,-0.15609209669534355,-0.019950628582570313,-0.16479809868276551,0.98612552907310269,5.8955528772992345,15.873553459730187,-1.3536615325458083,,0.4431286537941782,0.25,0,1
-0.94007279660020593,-0.33946188135614186,-0.032074416571728499,0.34045916541120363,-0.93965810791712301,-0.03361840140635796,-0.018726819798747772,-0.042523773724365228,0.99891993417313718,23.163314730310415,5.213789852335136,-1.7109866367484856,,0.07676392598041284,0.25,0,2
0.72845888040621742,0.68325990174144757,0.050035649586955271,-0.68409499606350599,0.72152485201638272,0.10684532878703283,0.036901164184789205,-0.11206156609205921,0.99301586567728273,-12.29252742594638,-28.124566292182983,-0.73027505683102123,,0.5634282458483839,0.28,0,1
0.94871740507877123,0.30974839935137971,0.063176058755357103,-0.31525236188332373,0.9121698498390256,0.26184368117568613,0.023478365096146217,-0.26833205947837613,0.96304032741547485,17.117241722040383,-25.160254989968877,-1.3720909042668006,,0.07582586665138898,0.4,0,1
-0.58633744219160977,-0.79676933166744779,-0.14617467632393782,0.80926819958674723,-0.58415498120959342,-0.062031758524506028,-0.035963662519601147,-0.15466605976175529,0.987312020050373,-6.72020384254603,-22.52587068808219,-0.84131468166667811,0.5826369816290652,0.3683025666561515,0.5522388059701493,1,2
0.7765742631744591,0.62757865554912484,0.055474722840227655,-0.62764538542257697,0.76298852863253241,0.15462786079134849,0.054714567829708884,-0.15489847085854963,0.98641410157848641,17.759479810995842,5.537539721578959,-1.5540279902560772,,0.4202054444415194,0.5892857142857143,0,2
0.77778581415145565,0.62798912527024531,0.026055437955847048,-0.62749744680738107,0.77346674436188778,0.089421192211025846,0.036002521508592386,-0.085900255578988657,0.99565303421246565,18.371745148995078,7.2176036891454949,-1.576549287056491,,0.3169445175928796,0.2173913043478261,0,2
0.71323890060248973,-0.69147295213987514,-0.11469711036603332,0.70049791950624685,0.7088849062473721,0.082370228007904209,0.024350265599609899,-0.1390947380515187,0.98997965555439993,20.565856038222503,16.159386138748978,-1.8073693236163475,,0.2014616473372146,0.3225806451612903,0,2
-0.99525026082152701,-0.091564113395562391,-0.033059514103627709,0.096245579109318954,-0.97648525289946309,-0.19290759283082573,-0.014618715285387543,-0.19517316415930858,0.9806598437559525,-9.396238303983484,8.1707342064805246,-1.2120783154675816,,0.08288297708220328,0.4285714285714285,0,1
0.99988505179811804,0.013146154897470076,-0.0075539262696022935,-0.010430917779683479,0.95801288264353324,0.28653536019713377,0.011003596909572335,-0.28642362908887153,0.9580398872461483,20.865616885096671,3.8200279664304908,-1.6261098574507762,,0.2758536058556951,0.1785714285714286,0,1
