axis_00,axis_01,axis_02,axis_10,axis_11,axis_12,axis_20,axis_21,axis_22,location_x,location_y,location_z,dbh,dbh_approximation,score,reconstructed,number_clusters
-0.86021125425976264,-0.48289765795496165,-0.16384886324433109,0.50738218554111048,-0.84264317997698257,-0.18032134935665667,-0.050989369876208959,-0.23824844843123769,0.96986481582730688,12.990629263919299,14.994913549272454,0.11585889029915925,0.5197738600604591,0.4354850371060742,0.4788732394366197,1,5
-0.92086853518228451,0.38703494070029293,-0.046958445335789245,-0.3814167596426159,-0.91928603489452476,-0.097131053281787824,-0.080761354464622723,-0.07153419269848077,0.99416319731722935,12.584387656622752,-25.404115097392733,-0.88762166189132019,0.7435931228165058,0.5873456828039002,0.865979381443299,1,5
0.064544472810139517,-0.93233170471384341,-0.35579713800849921,0.99760874057721605,0.069114275303575085,-0.00013294059296036704,0.024714606078203968,-0.35493775416914924,0.934563202202911,38.669895901242036,-5.8842733297678365,1.8693618604722695,,0.439882477187334,0.4117647058823529,0,3
-0.99021294435704699,0.12572457546958701,-0.060594190734262469,-0.10940666580042276,-0.96882409771726674,-0.22228371321524873,-0.086651637642820398,-0.21347880177037837,0.97309726897597515,-10.8299851823139,-17.487528240952468,-3.5824971042322442,,0.0812227652829612,0.2727272727272727,0,2
0.51134296374696553,-0.83768326250632297,-0.19187267951231307,0.85834713442266908,0.50876373173716583,0.066329948720527693,0.042054372601004884,-0.19861071719733184,0.97917578235958214,-7.5303181545537248,30.903389466925677,-2.6114315303868958,,0.1167648435734273,0.3181818181818182,0,4
0.54706579134713418,0.83694264120442197,-0.015685511515386396,-0.83672380839277516,0.5472846189820133,0.019308399581588552,0.024744462136481328,0.0025614760349944375,0.99969052733038222,-25.881387917367633,8.4183064526584577,-5.3448725722348875,,0.3192817186437545,0.25,0,1
0.86313466251489956,0.50396995997054417,0.031825050079746203,-0.50447487305791494,0.85776676874679392,0.098697886942348642,0.022442299759403966,-0.10124450543595956,0.9946084120399028,6.1452828908929948,-20.500573434843169,-1.4335192836306303,,0.2228541993779401,0.3076923076923077,0,5
-0.47250953041515087,0.87187865680112853,0.12869479974541922,-0.88128437257578307,-0.46601113880962652,-0.078558724270849617,-0.0085204648090389627,-0.15053646176264027,0.98856773938836551,-7.2148376472567568,-18.881602202647358,-3.1282486101205063,,0.5868970809163989,0.2105263157894737,0,4
0.99311634678837279,-0.041653713568750667,-0.10947552186516078,0.065891213389733042,0.97139700605700696,0.2281363728595513,0.096841467046640151,-0.23377943615599731,0.96745485966573086,3.1915303366650187,23.648729825126519,-1.0121135316219751,,0.2560679548720702,0.3,0,2
0.33175806740067798,-0.92741638805304105,-0.17272934865047812,0.94216934680271525,0.33495005843641701,0.011197334450007174,0.047471113952714354,-0.16645510362885288,0.98490567660867723,-5.9871511389730117,-11.358730735663045,-2.7294821254705588,0.1691531642190686,0.1129925116409828,0.3548387096774194,1,5
0.87573423977140274,-0.45687268459081964,-0.15606694514463729,0.47897441078890274,0.86274038298516287,0.1620572287065179,0.060605734888913521,-0.21667113707503965,0.97436161832103318,-6.7540147524089829,32.571939804409134,-2.3863117202230231,,0.3549246652616397,0.25,0,2
-0.96086268375514583,0.26271233825152551,-0.087892720388407619,-0.25310542003871578,-0.96150834879139191,-0.10695485754035021,-0.11260794516322553,-0.080522807544616923,0.99037140919518118,16.73162549718684,8.844278827889454,0.41270020544966218,0.2443240610654358,0.2973918919124209,0.3333333333333333,1,2
-0.80835843130244389,0.58137499850875696,0.092518958333933823,-0.58373988623133199,-0.77126016094270988,-0.25378240554707115,-0.076186558951595609,-0.25915415345228271,0.96282642931296147,-28.633560820915701,8.4255718131105439,-5.681640310345383,,0.4549924930572266,0.2727272727272727,0,2
-0.22620573425004914,-0.93161948625611646,-0.28445755152620988,0.97407831338001472,-0.21588022001053736,-0.067580840561126981,0.0015508691571766674,-0.29237110567922425,0.9563036815618593,-2.0979708652720341,24.976912612305362,-1.7576707981687179,,0.3772372087960575,0.2711864406779661,0,4
0.83624578965788954,-0.53827921251315158,-0.10463493038022831,0.5432066734990183,0.83925942903636652,0.0238771991591188,0.07496325196778017,-0.076805599729281138,0.99422402440528568,-8.821865917811456,-8.2974789317675341,-3.17573009824847,,0.1268260985706482,0.5205479452054794,0,5
0.9107427141778639,0.41261365514642451,0.017253410058450002,-0.41254402967371778,0.90709321401072862,0.083602181049642149,0.018844950318541567,-0.083257868591466319,0.99634983573296088,-23.806447970148145,6.1232222477752138,-5.0410584319132603,0.7392208894609352,0.6467746288164697,0.6138613861386139,1,3
-0.56449623349979972,-0.8175893806264275,-0.11354121300847134,0.82518084598362407,-0.56237525985322534,-0.05301545554617676,-0.020507895706062901,-0.12361905917743007,0.99211781277315925,-6.1497548496324184,37.010199511322462,-2.0805053932163946,,0.151785727335787,0.3076923076923077,0,4
0.86926825336990288,0.4933351266594172,0.031514385400570763,-0.49026692889533952,0.85218377171381965,0.18281454444091932,0.063332788623043229,-0.17436534068313425,0.98264219625135385,-5.1691232936843585,-10.816508995619575,-2.602818072226897,0.2101378368815,0.2041679388275587,0.2982456140350877,1,4
-0.86300433468228166,-0.47843712508300723,-0.16223882291824682,0.50021343648846839,-0.85422499223780191,-0.14172572311589568,-0.070781609730130118,-0.20346395252877927,0.97652054957659618,26.731219462663397,8.7702894583210416,1.5450845211979252,,0.1811485552452023,0.4,0,6
0.34394992185104817,0.93881157061854914,-0.018201267301817523,-0.93882250528429434,0.34418859904314242,0.012104208377306724,0.017628239571215846,0.012924517842197976,0.99976107246089962,8.6779733276410944,-21.317349306535313,-1.1563134008511426,,0.1266217460702845,0.1111111111111111,0,3
-0.35937828710025205,-0.91615094900339777,-0.17752376010287224,0.9331893139173425,-0.35326827186210635,-0.066024483989200147,-0.0022251182818394692,-0.18939104185714309,0.98189922197387325,-30.10929719307741,8.8263985273541632,-5.8666052414802099,,0.2507383846835126,0.5517241379310345,0,3
0.92454287207878072,-0.37232920341515213,-0.081187695943153199,0.37343157280184358,0.92765612608185744,-0.0017240004474219615,0.075956159217413222,-0.028724136663084959,0.99669733914057379,21.282264256529903,13.29095113136859,1.0247082097505207,0.1152835523537869,0.1187935008819236,0.4285714285714285,1,5
-0.62045727059114175,-0.76127498459408249,-0.18839631950192304,0.78359694242582989,-0.61152233843393067,-0.10961870924795733,-0.031758576660200002,-0.21564050507169821,0.97595623128342268,-24.350441634562497,8.3453313663799538,-5.1235264141624786,,0.5894920919069967,0.5641025641025641,0,1
0.90942101755971172,-0.40609482088478432,-0.08966832925404912,0.40685164032371429,0.91343392283431368,-0.010498160858882898,0.086169342498132712,-0.026934458711305984,0.99591635158148084,-1.675952680153693,-18.11816541751308,-2.3946873976546561,0.2725824723005715,0.1036208813026594,0.3448275862068966,1,5
0.52630668510031731,-0.81961208586182721,-0.22635658136652284,0.85022110721783417,0.51077614646456482,0.12740406996673587,0.011195626824562672,-0.25950675696797054,0.96567639560464114,4.3319681654547679,23.617880891332501,-0.79297191941976763,0.5691786164965186,0.2998205116674392,0.4090909090909091,1,3
0.98097187879418613,0.18586663207341508,-0.056104973903314231,-0.18433824267837698,0.98236330685721296,0.031332820281786071,0.060939193473934554,-0.020394323284891103,0.99793310711515082,-11.19137030680873,-13.08110529520896,-3.5204504414012412,,0.104730861245888,0.4827586206896552,1,5
-0.00058019146230607046,-0.98286971613636398,-0.18430079891278253,0.99975141522949529,0.0035376534334404467,-0.022013467577961222,0.022288362983587415,-0.18426775656692557,0.98262333717722383,-4.3607986116778292,31.440558126830279,-2.058685916395973,,0.3871989861793081,0.3409090909090909,0,1
0.96320849949107168,-0.25214647499099507,-0.093013663822972742,0.25587619041074294,0.96623046890823128,0.030431170438614649,0.082199523654596721,-0.053111543971102904,0.99519967956584621,-12.369483516557761,-7.2271197305238681,-3.6207869513522879,,0.09244492534322299,0.2033898305084746,0,4
-0.99734922158363215,-0.016356083723706324,-0.070901401479422671,0.025796520848444932,-0.99059765447038062,-0.13435336419270133,-0.068037267130881457,-0.13582623267618082,0.98839372964338335,-13.349188175303908,-11.329108261127395,-3.8541177749341533,,0.2400540827955592,0.4,0,3
0.94344521602141584,-0.3125430680539566,-0.11058008400125847,0.32584943068992595,0.93565442259497122,0.13554685535829875,0.061100514607952308,-0.16391348965198799,0.98458066963796953,0.2752886228127075,23.890294152061241,-1.4051634066843941,,0.2869780237326465,0.4285714285714285,0,6
0.93726517148302502,0.34846612206959299,0.010264506548038826,-0.34216244992388611,0.91387277722919913,0.21854382833078231,0.066774667254727124,-0.20834564744474424,0.97577314730620202,-23.058729158298615,-11.241659056636001,-5.0657766949130911,,0.1935035482105245,0.2777777777777778,0,1
-0.41456646637900468,0.89404289670919046,0.16977026770864798,-0.90846198798217326,-0.39568301144247758,-0.13465426412591014,-0.053211477573019701,-0.21005297736440773,0.97624089514568302,-22.190991036747601,-10.825143077445581,-4.9338496908081027,,0.5521373963885277,0.2727272727272727,0,1
-0.95865755308968681,0.28455720386018113,0.0017010688907641597,-0.27763319893372856,-0.9339863983007588,-0.22492046291745543,-0.062413962812182366,-0.21609397381799686,0.97437564200139359,-16.595366060381902,3.1816075744467196,-4.1155335029829141,,0.5397574524813881,0.3506493506493507,0,3
0.70114269615286529,0.71300162029825442,0.0052544346560581077,-0.71191119558968918,0.69962139343316165,0.060929101788069394,0.039766433402435894,-0.046460685560001526,0.99812826604186722,-31.719192666944643,11.593235671820178,-6.2084772940197919,,0.3478490687219856,0.4761904761904762,0,1
-0.99721700053634177,-0.049753295133095912,-0.055523539734953054,0.056373296879198703,-0.99057274219379843,-0.12485068610795125,-0.048788371978060414,-0.12763327170473809,0.99062073606081613,-12.690283055529639,34.48180718367184,-3.3232924467454117,,0.1231456022967464,0.1666666666666667,0,4
-0.28984823132397403,0.94866104330551437,0.12661053555236965,-0.95494163162283474,-0.27783809926384712,-0.1043670004885235,-0.063831677025461692,-0.15115626190120771,0.98644680621722924,5.718534683599203,17.713363022584748,-0.71218769662052206,0.6047277085326197,0.2444495368758017,0.2121212121212121,1,2
-0.32727986049519109,-0.93804056878648379,-0.11387617935712628,0.94492674168629442,-0.32504226380907775,-0.038222762642059559,-0.0011600691228205956,-0.12011418754084756,0.99275940498744764,-15.719338470048831,-13.345619166985333,-4.1728780016777476,,0.1229321543296623,0.2962962962962963,0,2
0.16513428551113149,0.98619999713129236,-0.011842018703190342,-0.98626129288912656,0.16506721725014575,-0.0064401815161823648,-0.0043965779188242515,0.01274281944986253,0.99990914119987528,-8.43948748531459,-16.032977644332028,-3.2157464287325843,0.3748028728213464,0.2313139525219429,0.4615384615384616,1,5
0.4528253756394422,0.87180940529400353,0.18680883281556682,-0.89140924992756421,0.43835520231050346,0.1150402788196163,0.018404573360329263,-0.21861627901012712,0.97563732720268082,17.164497470914139,24.783764472730898,0.92270870896145285,,0.4568951055663797,0.3333333333333333,0,2
0.26590876281420922,-0.88907720518099531,-0.37260468741840513,0.96336930298182433,0.25904204053148172,0.069403222616824758,0.034815455345737573,-0.37741084306738854,0.92539123596683825,-21.184903224211915,1.349737870433342,-4.7798786972631051,,0.4864246613506585,0.2222222222222222,0,2
0.96253028268551366,-0.24402512073246363,-0.11826747382459386,0.25854141320767682,0.95737887976655001,0.12877118557162662,0.081803377497030844,-0.15452320546911907,0.98459676335118329,4.0307391679238762,-20.389199115747509,-1.6933257559153505,,0.2220476988135895,0.125,1,4
-0.57492903374994386,0.81779615462147548,0.02580805373683985,-0.81570642159186002,-0.57042704222530405,-0.096104231290268557,-0.063872059033337286,-0.07630490799692323,0.99503664308929995,-31.841667599351435,17.891534632634489,-6.4800189462502598,,0.1799994700061447,0.3333333333333333,0,1
0.34946477475749438,-0.91848702772743218,-0.18508363271807821,0.93568557249531215,0.35237356271411502,0.018038340397086024,0.048650597404484804,-0.1794838494031939,0.98255720809304448,6.9021331859170658,-18.986951926205251,-1.297714222477278,,0.6435951476604533,0.3859649122807017,0,1
0.83163555258574295,0.55172505926116433,-0.063101241340180358,-0.55277847564186211,0.8333277414415895,0.00091225595069059303,0.053087329396629274,0.034122343517481953,0.99800671397060747,3.112539038802153,-18.683220863679441,-1.7855480677876536,0.4391821331153744,0.3356348635839898,0.8932038834951457,1,5
-0.67974533284342531,-0.72280588677580038,-0.12449069250280702,0.73266733241587589,-0.67699926154805745,-0.069789539860841715,-0.033835816647215917,-0.13864937758833418,0.98976334929425547,-0.78998881897805362,-19.189534339045018,-2.2833379124234003,0.3071879378410057,0.2352100224718251,0.8035714285714286,1,5
-0.99559010047398888,0.013359004081353272,-0.092854126715771854,0.019056153266157276,-0.94037188483716438,-0.33961387078636357,-0.091854313240538457,-0.33988565020864669,0.93597036807868883,-6.3502163913149632,-4.7637149665904897,-2.7331141435494781,0.5967154201678562,0.5108664723789033,0.2476547842401501,1,2
-0.91425996666036657,0.40410094017150344,-0.028829559738094371,-0.39874579150557732,-0.91015728610847724,-0.1123187798199492,-0.071627558375083777,-0.091192898276996046,0.99325391929006035,15.104403068867439,17.229912280022258,0.46363362338132391,,0.1833552908492854,0.25,0,5
-0.64667658817684548,0.76232285980773251,0.025947017526355101,-0.76012194282865053,-0.64123438084271334,-0.10503856841969061,-0.063435182149581451,-0.087648880425367878,0.99412959488480557,-18.688969433456002,-13.860365350402599,-4.5778561627819538,,0.4569833915400047,0.6785714285714286,0,3
-0.57364008139270262,0.81820163411975788,0.038511594923238988,-0.8168521219861038,-0.56794135913693944,-0.10097139886366664,-0.060742635986374256,-0.089379519496605858,0.99414366852481806,-18.409249646061834,-18.052051886494993,-4.556702376944731,,0.2921080223625033,0.375,0,2
0.98677128999196528,-0.12256405061241611,-0.10611538411120865,0.13799522115728949,0.97854441986862628,0.15299718063325107,0.085086662793548415,-0.16561664119722397,0.98251279277839743,-15.145937953973414,17.218481700907212,-3.9087955217723906,,0.2974298052230123,0.3720930232558139,0,5
-0.93059437834483805,0.36226593547861885,-0.052511855659332488,-0.35722804282676401,-0.93007655526906741,-0.085707215314616003,-0.079888850355635213,-0.060999945332987346,0.99493556487755963,-1.4198904505018859,28.643477953406457,-1.623430704302294,,0.1398797891716457,0.1666666666666667,0,4
0.77513552982069844,0.63119914267221267,-0.027432693988182492,-0.63009312608352153,0.77550333554462969,0.039714342767439903,0.046341804797409084,-0.013498846210613815,0.99883442986267856,5.2109384967320285,-18.73003959037046,-1.4897148480811213,,0.09942725584693858,0.5,0,5
0.97023265196253283,-0.22021513144863528,-0.10076654676434886,0.22781473237070518,0.97109065960742169,0.071297815801659406,0.082152594484990613,-0.092131572787420429,0.9923521172019043,-12.644281535173258,-8.8841107885999619,-3.6879875317426509,,0.06841627553972966,0.1724137931034483,0,4
-0.53181212729233984,-0.81844531683576527,-0.21753878875823501,0.84653036528364711,-0.50657319143323276,-0.1636152265954616,0.023710797488299028,-0.27116575202402149,0.96224057959104792,10.978586560563436,16.438365937018784,-0.059101952858555927,,0.1310392164539232,0.28,0,2
-0.90298266273415595,0.42477435280394116,-0.064722948028704819,-0.41636678564286889,-0.90222856268634055,-0.11234910095930872,-0.10611790902085613,-0.074500804511982835,0.99155868182982931,22.987523722033895,19.003704653667224,1.3689906314076861,,0.2693742816492252,0.5,1,4
-0.3477632853609543,0.93675232601321379,-0.039443339916774824,-0.93608846557369063,-0.34927569117660751,-0.041771714987505211,-0.05290635098785193,0.02239578670057904,0.99834830934058949,-4.2992154145959756,-16.901135402471613,-2.71620061679688,,0.1047768048681333,0.2727272727272727,0,4
0.097211214780846447,-0.98907367296065263,-0.11082982079276682,0.99510757421300322,0.098564262095304653,-0.0067824760611822441,0.017632228014195141,-0.10962826138242254,0.99381625507008253,5.389708455096871,-21.354556510993906,-1.5493223285249718,,0.09632516930365116,0.1875,0,4
0.69959592670556425,-0.69704972412888555,-0.1571216771449023,0.71150481465365534,0.69981680645519395,0.06338245914699514,0.065775664661406261,-0.15613494001887493,0.98554322200685485,13.258072271013985,21.812285393143739,0.3335735638690126,,0.1833040644517445,0.3529411764705883,0,4
0.99399536444224956,0.077817838681432092,-0.076925934835200854,-0.064364838640932356,0.98434633723884901,0.16407149633982371,0.08848945142809797,-0.15813498141591786,0.98344442885124006,-6.9415119148893929,-15.907331735031255,-3.0402764550542507,,0.3670186885280899,0.4166666666666667,0,4
0.98419762959570656,0.16236895848829275,-0.070649467213987766,-0.16127802142939712,0.98668727655387467,0.02091932337618297,0.073105579144222485,-0.0091945421922723144,0.99728182310311031,-11.059760318703422,-6.786243052859783,-3.387320172042521,,0.08366962006757886,0.2564102564102564,0,4
0.83174970906424572,-0.54351606913201267,-0.11306062120308426,0.54933197539890832,0.83519220658153281,0.026236594096849985,0.080167339209150715,-0.083930093892209706,0.99324163075425398,-7.6156844850931922,-13.093438570021144,-2.9769547088582251,,0.07996958976248317,0.4444444444444444,0,4
-0.84287392323555099,0.5352328607072474,-0.055581780725765417,-0.53078849704003528,-0.84393916286949799,-0.077654753783085131,-0.08847101751133607,-0.035950997124801876,0.99542975888117891,-19.457647333359454,-16.926737935201331,-4.6790914998996609,,0.28638211451173,0.3513513513513514,0,3
0.41211228934932537,-0.87368181397253597,-0.25854119381815438,0.90995762899277599,0.40907191989146324,0.068097560853217678,0.046266342032878965,-0.26332537342605405,0.96359699735155135,-6.3565722138299323,-8.5964399101779136,-2.8583962302710435,,0.3641028097497845,0.2180451127819549,0,4
0.12059721932475033,-0.97376042767353255,-0.19299466362621978,0.9923462731604884,0.12345451985407904,-0.0028027971900411075,0.026555316522831041,-0.19117952564189103,0.98119580316046739,1.8756271268765079,-24.461437177811803,-2.1169201072064086,,0.5709883206501412,0.5454545454545454,0,3
-0.78204055620865209,-0.57944981574541254,-0.22945692292338785,0.62200922118303537,-0.7486957404356932,-0.22925797045407773,-0.03894993206843906,-0.32201335265180592,0.94593356188783573,16.71267652766554,9.9957193242243747,0.41743147403463449,,0.7654177812950286,0.5,0,3
0.69568360337393609,-0.70415224662194997,-0.1421053748945354,0.71705179824935428,0.66882455497803373,0.19624075337656705,-0.043139803245069365,-0.23841838904685139,0.97020391111367998,-17.344010478271073,-18.1629566532587,-4.4427499637763521,,0.4649734482867465,0.2,0,2
0.2250592567644443,0.97013226621879545,0.090508104531146771,-0.9743372845215158,0.22445589999892571,0.016923502796757549,-0.0038970419391568673,-0.091994211757356309,0.99575191592447776,8.2584567144656695,22.614137187696983,-0.25900209954956593,,0.3505867144553167,0.1923076923076923,0,1
0.38889868800713073,-0.8876213437718643,-0.24675121184497428,0.91868215804005227,0.39373501100041058,0.031556831453430557,0.069144073970269337,-0.23895834614664024,0.9685649208192797,28.201178005269078,1.8969001244691723,1.5039187402583145,0.8447426942010293,0.3957972496716385,0.4,1,5
-0.80721392842760176,0.58701539152072646,-0.061794853104819497,-0.5852714739722642,-0.80957570354799113,-0.045215948282744195,-0.076570069262155066,-0.00033217848033595068,0.99706414746025518,-2.8491116612488434,-14.611547980390288,-2.4435430192338377,0.3820981752870413,0.3412310680175749,0.7362637362637363,1,5
0.7484948326244999,0.65980651559990966,0.066414211629197972,-0.6618616882940378,0.73707827532766168,0.13658228878066697,0.04116541148813694,-0.14618815961597492,0.98839993468489595,-3.6872445174538178,26.52211098869488,-2.0149714670964669,,0.2314270241930931,0.1379310344827586,0,3
-0.85138407829159868,0.52313945905548753,0.038343938382709157,-0.51666201217245877,-0.82372551383889359,-0.23353081815631332,-0.090584305536175289,-0.21863527672812308,0.9715930729274197,13.742944392469219,12.398259520635255,0.18854615123918167,,0.3064074286087548,0.1428571428571428,0,4
0.97450984091603132,-0.19455194781804031,-0.11171441069987438,0.20860959429559603,0.96902571504612378,0.13217866978895532,0.082538519041963229,-0.15211411236159977,0.98491049831687982,-16.500035249706347,-9.5333851972908104,-4.1997356757709738,,0.1205241681470711,0.1081081081081081,0,3
0.22785701619372276,-0.95474339990766477,-0.19117065806248773,0.97033505593940317,0.23894680998670786,-0.036800831678778109,0.08081497006351758,-0.17711426348526299,0.98086669750976052,27.459842530822442,-0.021948403826043513,1.4068172738385232,0.4830530009790014,0.4537989544421899,0.5172413793103449,1,4
0.79336113927783236,-0.57745706478750991,-0.1926692528941033,0.60559293125414504,0.78087040309333566,0.15329258034184923,0.06192983367320256,-0.23829551380553449,0.96921614916455279,39.232354295525532,-12.063391196478509,1.549395355681964,,0.3837445046317042,0.4444444444444444,0,3
-0.58008408132669853,0.81308101655039933,0.049007337376465274,-0.81202274436463473,-0.57249019161153103,-0.11346384068557028,-0.064199074961312427,-0.10561364037832877,0.9923327253195624,6.7368187499710306,22.640087755845933,-0.48466478816533137,,0.5065323659647739,0.2325581395348837,0,1
0.75474191835336535,0.65566789861265917,-0.021546308480648896,-0.654442313533111,0.75479628134985144,0.044585108700848808,0.045496098049313066,-0.019549434500697935,0.99877320982943452,-5.00396993218268,-15.568392889307702,-2.763190638931424,,0.08942045848366782,0.3333333333333333,0,5
-0.22354350937235509,-0.94994332692369543,-0.21825667240804639,0.97443600230221417,-0.21265803950771967,-0.072464030042585198,0.022422685717178235,-0.22887602291606404,0.97319730234899171,4.4482910860774156,22.177372659522877,-0.79068610119449734,,0.358215992079946,0.4367816091954023,0,3
0.69996990327841657,-0.69421843178778597,-0.16763920624517387,0.70949883885170872,0.70277015415988142,0.052206398938959883,0.081569186415468758,-0.15548273019279113,0.98446512809713815,18.027816382890784,19.9105376503047,0.88656418604990539,0.597978419088726,0.400414434607094,0.375,1,5
0.69083558999618888,0.72247755382868628,0.027791578010874077,-0.72298330167120917,0.69063954425472274,0.017668203537036208,-0.0064290822995643725,-0.032298670643635861,0.99945758428031317,5.7234701661105944,-22.604564470617067,-1.5425533985256195,,0.6656498327529606,0.4347826086956522,0,4
0.70716562966600427,-0.69251293653143586,-0.14262750420479711,0.7037351484334855,0.70888737216713815,0.047281438654806017,0.068363828728225454,-0.13380779618010102,0.98864647908291314,1.5634545581621504,-19.230943709954463,-1.9917683466900962,0.3360639953074676,0.3359646214841604,0.3968253968253968,1,5
0.63562996521466164,-0.76193365222667719,-0.12422422036674316,0.76820551425578687,0.6401900447975063,0.0041224275820052891,0.076386092897923363,-0.098050069590408129,0.99224560904299597,-14.135181706288947,-15.554471863233051,-3.8914385753371499,,0.1780089690884396,0.2666666666666667,0,4
-0.39669982419789035,0.91580953738385107,0.062626996719792757,-0.91683806751300201,-0.39194216509861313,-0.07608743113574265,-0.045135434421170788,-0.087602685201936009,0.99513243445534627,36.239937768907865,3.4163260137047042,2.2342901138832527,,0.3926812138783683,0.2,1,4
-0.00063797131335010984,-0.97356127133322556,-0.22842513861796637,0.99973827488104872,0.004602832705947784,-0.022409722643224592,0.022868640765654129,-0.22837965078157663,0.97330352941845288,7.2837196719644304,-21.31386101836404,-1.3349050248078422,,0.7624732486207885,0.7424242424242424,0,3
0.73572052880417471,0.66809410463579288,0.11120058833929537,-0.67480301353238803,0.7090326907613218,0.20472795695597995,0.057932688731967802,-0.22566105287058275,0.97248182131782135,18.301730014354952,-24.927924736094852,-0.28638260511450048,,0.4237929159207426,0.2,0,3
-0.8024423218138218,-0.56974324895126083,-0.17742308315578997,0.59300645213979519,-0.79453440038461054,-0.13060794128245853,-0.066555750184471005,-0.21001837271993806,0.97542945169676609,-17.611938655162678,-11.047482500257429,-4.3743068024595617,,0.6327221680322235,0.5,0,3
-0.31310281294109671,0.94816896223756164,-0.054242488675555645,-0.94871410961193325,-0.31488787398647849,-0.028056461635632999,-0.043682568051897457,0.042676057287674526,0.99813355187708741,3.1533376619785543,-21.111409494661654,-1.7919649116209149,,0.08663434374749103,0.2352941176470588,0,2
-0.58863840104047871,-0.78343613656987454,-0.19933051130465701,0.80807192526257066,-0.57722053563212261,-0.11762744937728645,-0.022904070008389246,-0.2303134237534428,0.97284692034051079,10.454318345801124,15.612399360173592,-0.16820414634103673,,0.1506767583422623,0.5333333333333333,0,5
-0.93714414289789127,-0.30971102557305308,-0.16074805152991192,0.34249712526362619,-0.90455050608967447,-0.25393719916362101,-0.066757580980197254,-0.29303150440080694,0.95376934465848251,-10.155088812270387,-7.6557492193940568,-3.3259217224366111,,0.5098373681076722,0.4567901234567901,0,1
0.25071398048838278,0.96767341147667163,-0.027398334050991787,-0.96804216904954943,0.25078611509609061,-0.00082669030033192072,0.0060711555335963129,0.026730005538893604,0.99962425334441374,2.1302119095892094,-22.208748613194423,-1.9607587250059968,,0.2766527740325752,0.7241379310344828,0,4
0.40546469263916485,0.91383329698209048,0.022518622290693038,-0.9139568519651704,0.40482146664886454,0.028327599371967074,0.016770681827042278,-0.032066890511954556,0.99934501487922156,-15.662242709804145,-10.131199507977717,-4.116761572675423,,0.2325624417275188,0.6666666666666666,0,5
0.80824316563308218,-0.54593625143115987,-0.22067304905834825,0.58421104880186159,0.79038188796909792,0.18437440610950867,0.073759309007363175,-0.27793898708835107,0.95776274921875049,26.317261171760489,12.535914747910537,1.5930283387068793,0.580593647904149,0.2556587215409432,0.25,1,4
-0.91201801814476446,0.40774540773102624,-0.044348811185369465,-0.39646135451929432,-0.90411261318328484,-0.15936993774115121,-0.10507867981671049,-0.12776566501666725,0.9862222903031681,7.5574903681919494,30.314391005427556,-0.25818488160343545,0.5467977061456344,0.2599606810919287,0.4193548387096774,1,5
-0.96394286063501833,-0.25166163701793881,-0.086490357174819829,0.25654435068858472,-0.96519837316584556,-0.050765111718348556,-0.070704720921230951,-0.071123279532479169,0.99495845217174506,-6.0044879072866104,-17.173391861499397,-2.9387480501184102,0.3094139106754348,0.2761989795695511,0.5600000000000001,1,5
-0.51365357444970938,-0.82131415296417842,-0.24819965269067371,0.85741698268512145,-0.50200071755276321,-0.11327575812879466,-0.031561420408138703,-0.27099509537488864,0.96206316581842788,11.755495371163747,14.303987594734775,-0.042250158256854541,,0.1970741883094883,0.3714285714285714,0,3
0.5786089773006301,-0.80196648889904931,-0.14853081185414285,0.81461180972511571,0.5772254886533682,0.056730368456879295,0.040239916047276204,-0.15381965391916677,0.98727922252253297,-2.5873864230686947,27.227350313594695,-1.8541110014151965,,0.1005229420900942,0.3157894736842105,0,3
0.71428797512406805,-0.65532207795431807,-0.24565354208476997,0.69776505918565235,0.69393156318199922,0.17771580627347217,0.054005655007620702,-0.29834872174256427,0.95292781964940898,2.7664556985225341,26.399115042631148,-0.99426242070913218,,0.3943473678796542,0.4651162790697674,0,4
-0.36732536049105102,0.92976022401621106,0.024859713945317406,-0.92851174386271906,-0.36501239773619226,-0.068057997383751997,-0.054203515099395888,-0.048081964770580819,0.99737159755763505,-4.4230204121095094,-13.335695408195402,-2.6004438591080765,0.360838553871531,0.2889960346582244,0.21875,1,5
0.98397389351967124,-0.13149086774154264,-0.12043889974719377,0.15894066436410506,0.95294372015411244,0.2581397517437734,0.080828473220983937,-0.27314541533662295,0.95857098850181577,9.9970848723450345,19.400871655695529,-0.14817354403118654,,0.2432848567527747,0.15,0,3
0.99533993075110616,0.079048795066809924,-0.055224181758253742,-0.061860119624517214,0.96276363860399417,0.26317200037625293,0.073971263693569558,-0.25852942614039798,0.96316706129678942,8.4508202242497923,18.707207102847367,-0.34840845002313753,,0.5918712205309233,0.1428571428571428,0,2
-0.81101921002129207,-0.56529764046538522,-0.15062011373221995,0.58275926701755498,-0.80326079277880058,-0.12314112022202145,-0.051375847259203064,-0.18764508112029016,0.98089237220490122,-12.404015098640844,39.188247368388041,-3.12229351252559,,0.1271366829603263,0.2142857142857143,0,1
-0.12019720681587708,-0.92787216913171433,-0.35299556544589877,0.99266965746124369,-0.10780840247454984,-0.05462874254148363,0.012632601847581594,-0.35697420930186829,0.93402881714852226,-31.808903845112596,15.650241109191537,-6.3918392879907984,,0.5720890266905206,0.25,0,1
-0.019054810845169006,0.98928402661606296,0.14475506507878841,-0.99956611894073988,-0.01559678782674098,-0.024986277738690089,-0.022460811414598679,-0.14516836739385433,0.98915198885651623,1.379982034921593,-20.942575042427293,-2.0149427437655762,0.8766638065999914,0.5462603585824601,0.2291666666666667,1,2
-0.083390828313620352,-0.95545467869224698,-0.2831118625530577,0.9960821614983526,-0.071528599507038021,-0.051999874974177074,0.029432928803240135,-0.28633898864397583,0.95767619072649346,-0.73858399714747591,-15.531666931351001,-2.2009855044409217,,0.5867306030241892,0.3880597014925373,0,4
-0.99848803000364661,0.029003735961931853,-0.046695152207556587,-0.01616158000307252,-0.96682258943466581,-0.25493701945902553,-0.052540053970667182,-0.25379689489648583,0.96582952888678097,-14.388670624645149,-26.576010937988045,-4.3345775067523622,,0.3558320702130185,0.1176470588235294,0,4
-0.45781927873957501,-0.87439145612801961,-0.16075163907312526,0.88904436300468281,-0.45053228779930826,-0.081368164904454976,-0.0012761755258325917,-0.18016725313064577,0.98363516217924252,-1.381509394524727,-22.390761280744453,-2.3757360166961448,0.2781727354685948,0.195802420124472,0.5625,1,4
-0.2925326905547288,-0.93849672252932237,-0.18343534762561967,0.95582404386735498,-0.28120853761531106,-0.085569594701130139,0.028723198322416377,-0.20036381952333293,0.97930042259980332,-4.289079215688103,40.209873532252836,-1.6326509579585275,,0.2203249901318322,0.4074074074074074,0,3
-0.98831913235561764,0.14611546127233968,-0.043307789103256764,-0.13588918426090826,-0.97356463392713277,-0.18359202914951001,-0.068988565869611093,-0.17556245482306584,0.98204806513518228,14.335702111181019,11.09958219258024,0.18984702570530482,0.6557593117313072,0.5480355996973555,0.5384615384615384,1,6
-0.42344797050170585,-0.89670547502813291,-0.12888408486914735,0.90581987793272289,-0.42121376093477686,-0.045489738855353901,-0.013496852223174694,-0.13600830362059393,0.99061575614680941,-30.506326212887799,-14.524533575849087,-6.0164396839588221,,0.33888807455033,0.53125,0,3
-0.98433995109533423,0.16755573487104433,-0.054771675065301298,-0.15250357758972555,-0.96526331317762404,-0.21215417755889215,-0.088416737668663273,-0.20047895636495044,0.97570009150089287,21.381198204301054,7.9442172280817269,0.95922214691557972,,0.281151625255289,0.5555555555555556,1,4
-0.87935932076847834,0.47469495747491447,0.037307939175054344,-0.4693379941500429,-0.85088388872468479,-0.23604756968876547,-0.080305866689891148,-0.22508066388885473,0.97102505761619662,2.473146540717893,-20.232190051538929,-1.8797009158275217,,0.4120467299046734,0.3181818181818182,0,1
-0.18340518000794676,0.97664964459072134,0.11188392050276848,-0.98083002106807038,-0.17418131868717132,-0.087368976141453988,-0.065840790683743419,-0.12576303090024213,0.98987304758788319,-26.393259526963739,-9.053161546644688,-5.4935826207690557,,0.2149106461502862,0.5833333333333334,0,4
-0.83652637120833728,-0.50073166508098399,-0.2224666938178311,0.54523547109679926,-0.80090996720264507,-0.24751061693048554,-0.054239389108496315,-0.3283458908235084,0.94299897383213216,0.57344425028315327,29.968292496015341,-1.2914737314237192,,0.2970157568863313,0.3571428571428572,0,1
0.75375276352553855,0.65715117201939288,-0.0030180442597713643,-0.65686642142789975,0.75354708089135114,0.026330614892752111,0.019577432878714929,-0.017864321808111532,0.99964873336998628,4.7976856969461315,27.018779968113979,-0.66915706464660007,,0.2106175073536072,0.3076923076923077,0,4
0.68176410134507437,0.72925678025225937,0.058157188491635779,-0.73059433609605506,0.67458947903494881,0.10564540141303605,0.037810397796218254,-0.11451455467085792,0.9927017631630497,6.3935111338709412,21.76129500378752,-0.51457984238102672,,0.2120844751860021,0.3846153846153846,0,1
-0.55984349066055161,-0.79795703512092309,-0.22324837304230385,0.82847844739914411,-0.54364644477807145,-0.1344321586350079,-0.014097097577640589,-0.26021743442972861,0.9654471288779608,34.326424555194897,-6.194712853820544,1.7285703159507606,,0.2842056461116264,0.4090909090909091,0,5
0.25248634286253308,-0.95753797276961394,-0.13918217332747645,0.96662540502268113,0.25606478182356535,-0.0081335032050059396,0.043427791017266508,-0.13248342618571643,0.99023339105155062,-14.261134256692511,-16.525696384307828,-3.9636432459086768,0.2517347703274337,0.2236600690487744,0.6,1,2
0.57862771596727536,-0.79192031576258048,-0.19506967933789673,0.8122362568538456,0.58119579794166609,0.049836808756223656,0.073906896610185874,-0.18727962499280473,0.97952239009427811,14.772245984876697,23.891086162718796,0.58291795989202988,,0.1603281487287769,0.2105263157894737,0,4
0.53137520758368717,-0.81253773072275282,-0.23963060096179978,0.84493267966774444,0.52873785958447717,0.080777736236609138,0.061066812548868525,-0.24539501216191392,0.96749787204477955,-24.790717437512587,5.1368384806812646,-5.1371967592184866,,0.117020162282174,0.2,0,1
0.076531162215999579,0.99558834463619839,0.054284705345281237,-0.99690415645752395,0.077389680635651659,-0.013890290451454762,-0.018030087287151598,-0.05305360831901515,0.99842888109106287,23.104873848921777,20.433335404321785,1.4301499210971527,,0.4353614958122439,0.6666666666666666,1,4
-0.54209591995542095,0.83432177240169492,0.10019577667836087,-0.83803556482494679,-0.5279880090829181,-0.13756836247185744,-0.061874111356994561,-0.15854287231266684,0.98541146328964102,3.8308236067354984,-25.981064582119387,-1.9985425253696349,,0.2810357017685139,0.7941176470588235,0,2
0.27981055689248369,-0.92452530402322242,-0.25876439954577796,0.95906277175675492,0.28142908168701569,0.031563773713768853,0.043642319848617959,-0.25700317936082412,0.965424628708352,-23.510676076988489,3.1142591438498242,-4.937922111392437,,0.552560061925415,0.2424242424242424,0,1
0.50855364839582373,-0.84616092268186771,-0.15932633062199114,0.85896728801893063,0.51137549469336041,0.025890182319266441,0.059568320579826368,-0.15002265280047522,0.98688642651016745,1.1163879380957968,11.668567955581272,-1.5411145776169961,,0.2108488427109846,0.125,0,1
-0.60231381875432455,0.78403039512019412,0.15004800320315709,-0.79555966837507541,-0.57413062835069573,-0.19354285221773254,-0.065596324535162454,-0.23594567408051234,0.96954977236352868,-6.7674902670779788,-12.270903680112442,-2.8459152796882399,,0.3702021800058596,0.1,0,1
0.25015303471689293,0.96819670791431733,-0.0043120767394543768,-0.96820389158502584,0.25013997396180249,-0.0033492903726479997,-0.0021641491493184909,0.0050128046308189778,0.99998509401300217,28.767937004496673,12.34096307642419,1.8451583814656631,,0.1963642936430077,0.45,0,2
0.98346873435614934,0.1688984623433093,-0.065288268180289849,-0.16206904392947299,0.98183586809089152,0.098650662085937577,0.08076430860041002,-0.086438634581262511,0.99297809084995781,13.061365273416371,-24.301883321277558,-0.79362075325733794,,0.2999389289432249,0.2727272727272727,0,3
-0.33238052603997864,-0.93591991481896786,-0.11652080910568996,0.94311775218914562,-0.33076992483538187,-0.033468826243096897,-0.0072174382631168717,-0.12101722963963997,0.99262416790810937,-12.90587610601491,-14.166427640102389,-3.7409837903511622,,0.0741232967825379,0.3076923076923077,0,3
0.78979166092575315,-0.54867202770604229,-0.27420455566069712,0.60861037879364466,0.75660403822386813,0.23904756047278916,0.076305564389476929,-0.35568150831365369,0.93148705062761239,21.353529070723766,26.279214279472569,1.3944180960344583,,0.4681140773083928,0.125,0,1
-0.99763852121670826,0.013967000435341204,-0.067248077172354273,0.0010590821776091017,-0.97586060122905216,-0.21839177025202636,-0.06867502697109637,-0.21794726396014233,0.97354133492256378,28.829212951218732,4.4207451087532901,1.6475215046325757,,0.5537059627417255,0.4594594594594595,0,2
-0.99331284323986013,0.095357181030095245,-0.065089196344238237,-0.082553082244143483,-0.9807447141959782,-0.17698811877818488,-0.080712973348383232,-0.17043125770422179,0.98205834975861828,-8.9511206742323584,30.13692285941281,-2.8509913892653858,,0.2485274852505196,0.3043478260869565,0,1
0.975026692874572,-0.20045520476694498,-0.095606794025931086,0.21363026582732267,0.96420916654896882,0.1570439195431956,0.06070467613472709,-0.17354651833092016,0.98295297358042155,-14.188392834953746,-1.381580717844676,-3.7852245902381232,,0.7610481844998018,0.21875,0,2
-0.92304540794352707,-0.35725389462973123,-0.14267736206650686,0.37917260923259155,-0.90751065661753771,-0.18070013982660565,-0.064925397820241953,-0.2208937819348821,0.97313443563589352,-3.3307627980332626,-23.821342182357462,-2.6497591883499854,,0.1620934566785409,0.1578947368421053,0,3
-0.84416466377619848,-0.51444038724396768,-0.15078829000918573,0.53324337101208918,-0.83470792183676512,-0.13752887876592268,-0.055113770541316963,-0.19650387577659953,0.97895285846740021,-6.6256059066193709,29.968643709675817,-2.4851536263696721,,0.1452671088709947,0.1875,0,1
-0.80704787465383154,-0.5684265314318212,-0.15989060754504134,0.58838438953243755,-0.79695811795424798,-0.13660735112490885,-0.049774874899636584,-0.20432580989980703,0.97763665297364644,28.959574895955644,8.7110552044609602,1.7623599182692402,,0.1960716573815695,0.4,0,4
0.92816057706840149,0.37168399440533623,-0.019208109718220519,-0.36636901238035308,0.92153559180128974,0.12863086647804214,0.065510991012942596,-0.11235284307191007,0.99150650462322343,-1.5771293973180147,-16.90310965197828,-2.3170044323833072,,0.1195990976309724,0.3877551020408163,0,1
0.10574386372179367,-0.94981853632117119,-0.29438577300184837,0.99341801312290867,0.11401390692268454,-0.011021807073190497,0.04403278878426737,-0.29128264124203246,0.9556231142155085,18.637082846532607,7.538984266712963,0.65478205787962529,,0.4927548402742546,0.1666666666666667,0,2
-0.32913070652568388,0.94372423355230761,0.032519978905511698,-0.94302137993289947,-0.32671491380750922,-0.062992397042840167,-0.048822689513740671,-0.051399767527320853,0.99748403941455799,8.3366159716808159,-23.068771139368945,-1.3024949307828642,,0.2445551608316652,0.1739130434782609,0,3
-0.87323504619512671,-0.44719687771164862,-0.19358591545240586,0.4837826496438476,-0.84322889197517303,-0.23434885031059674,-0.058437162834718455,-0.29829513623804377,0.95268311084880375,36.44055359129846,-7.9288394647324454,1.7466237494044217,,0.3227549938540804,0.4375,0,3
-0.97789638557201919,0.19621293672632667,-0.072243633258657527,-0.18499862204514717,-0.97294974311625593,-0.13836295462083875,-0.097438026081082124,-0.12193966061639694,0.98774316005841345,-11.445903353425589,-18.383322155141503,-3.6870774956948393,,0.1092287767489686,0.3,0,2
