axis_00,axis_01,axis_02,axis_10,axis_11,axis_12,axis_20,axis_21,axis_22,location_x,location_y,location_z,dbh,dbh_approximation,score,reconstructed,number_clusters
-0.23597206727243961,-0.95332527341554707,-0.18838287218944275,0.97086641171294064,-0.23959366540598676,-0.0036450109688954293,-0.04166046176905118,-0.18375472392430264,0.98208889992744208,-10.505180776489729,2.4523242132560603,-3.5801083997249377,,0.08727407873118263,0.3451327433628318,0,3
0.55210908580532025,0.83377155189288499,-0.00074607328360229018,-0.82717241436866074,0.5478511745274568,0.12507952460897462,0.10469648646795408,-0.06844041074553181,0.99214643873686759,-13.176909409573856,-13.482648818615159,-2.8332847209553891,,0.4499490934728175,0.3,0,3
-0.73376627171369235,-0.64684310882559404,-0.20780050784400947,0.66963888247306602,-0.74022845375293067,-0.060378831843353804,-0.11476421731363212,-0.18345525018212377,0.97630596925605406,7.1547648732178368,-15.951720947333731,1.2940414498555668,,0.2580064123877134,0.25,0,8
0.81767290271324367,0.56600673124191814,-0.10510663326992918,-0.56488776484365755,0.82404547526193606,0.043021713474342457,0.11096322498213963,0.024195761801829172,0.99352993302285275,-1.6786895966552127,5.4110377544074169,-1.7750838383629959,0.4204401469793531,0.380288576598599,0.9621689785624212,1,6
0.062427027702777568,0.9934470734750559,-0.095738071925663207,-0.99785407178731345,0.06402533775614587,0.013711584251647349,0.019751395638668484,0.094676651446163107,0.99531211890605775,-10.802475266502954,-13.708905261305807,-2.3381752330973384,0.6189127763076823,0.2614920900222428,0.92,1,4
0.70563794343475261,0.70290705541991017,-0.089424628744460777,-0.70136946318970861,0.71082933338478405,0.052938973400736715,0.10077682714867157,0.025363955540398452,0.99458569307485611,14.985681640855477,6.861584893270317,1.5024010445927447,0.7523082765104797,0.2272790667058937,0.3214285714285715,1,5
-0.95481299643019746,-0.2165144477012223,-0.20360165958219137,0.24776674478981384,-0.95821675766218051,-0.14294154578581206,-0.16414561226011232,-0.18692816607459875,0.96856289351995117,-3.5579680618269065,8.2245005718840289,-2.2149316837008386,,0.7219795797915129,0.2544910179640719,0,2
0.96899202773314586,-0.19659930764464043,-0.14967686001267963,0.22737046282548939,0.9465873031594999,0.2286375956218677,0.096732222263989795,-0.25558010433301359,0.96193642588530626,-8.6960940051804059,-6.152724090991657,-2.7665717315782454,0.2520494097903487,0.3178678159301465,0.3875,1,4
0.60691416685733302,-0.71860459801777332,-0.33950349891508214,0.79226340535671624,0.58090675889115806,0.18672448689753587,0.063038802339889524,-0.38230193457826434,0.92188466752477649,-11.229480256314112,-16.762426937032227,-2.3711941531438376,,0.3744223454727653,0.1538461538461539,0,2
0.89805760677466606,0.43492198888182204,-0.065843743068273827,-0.41070544196087377,0.88265578739498596,0.22856027853032948,0.15752325180075433,-0.17821791314348509,0.97130057169595996,5.4987016542799667,6.1130596336669321,-0.24856447514931909,,0.6033167779518256,0.4489795918367347,0,3
0.9745251483187608,-0.14622126136223734,-0.17005904274672762,0.18294778619184496,0.95688019300155625,0.225633339222747,0.12973373817862491,-0.25099728876412297,0.95925466806852677,-13.769625220378632,10.025866043986625,-4.3666046241164365,,0.2457748907758717,0.2063492063492063,0,5
-0.68757363194421262,0.72519331637236439,0.036567123812172531,-0.72289110962478831,-0.67891256608965811,-0.12847634502505148,-0.06834430686227691,-0.11477099587616102,0.99103818000373101,22.859251985470586,-7.2475669239859029,3.5158040263806356,,0.3360272620469632,0.3181818181818182,0,5
-0.41492218669358188,0.90738096602200868,-0.06707727998647714,-0.90876784540762956,-0.41690379531696437,-0.018227139201928776,-0.04450373178276467,0.053394830754282419,0.99758127984948219,-18.857300444642405,2.3769088098249864,-5.1399939973019757,,0.09770594532473825,0.2916666666666667,0,1
-0.85663613093509072,-0.46136007254803119,-0.23091431881768334,0.50259280521778782,-0.84733059591233517,-0.17155562763769261,-0.11651185055552962,-0.26301662435922801,0.95773025638266429,2.1439582234298098,-6.7529273333489197,-0.45381684905968778,,0.06325777939731018,0.2,0,1
-0.014165446641240803,0.99632032656132752,-0.084528971377772974,-0.99988268350400633,-0.013621810412405254,0.0070046777167849326,0.0058274651677803838,0.08461827912347715,0.99639640078028191,-1.2998357398068792,-7.8077928544895379,-0.89598207940132868,0.220665371459062,0.126842089844486,0.3815789473684211,1,5
0.40374324640402987,-0.87908885351008159,-0.25336570134385883,0.91404683364068606,0.39936360234021373,0.070902038315438384,0.038855847623891528,-0.26021433619264384,0.96476874034415672,33.991986039068387,7.5242881205793024,4.7950766541342649,,0.6560131095478046,0.5789473684210527,0,3
0.45980579568873048,-0.83954929670793887,-0.28937105703276444,0.88519317430673472,0.45930269888770026,0.073986991797490367,0.070793180546016229,-0.29016893216138839,0.95435334986392717,-20.290455676742617,11.262039036861333,-5.9005854121172243,0.497906554803649,0.2759595441339245,0.4693877551020408,1,4
-0.48466363553321506,-0.852521904541233,-0.19572317867109748,0.87377987391902689,-0.4821415015174802,-0.063626287401682108,-0.040123463531687019,-0.20185632214984292,0.97859293523015101,14.966689853903254,-0.56236188762049155,1.7238107742884097,0.1807188896251138,0.1898903363147319,0.3823529411764706,1,9
-0.58919380083217476,0.8076744100297818,0.022643154461780422,-0.80788262463251292,-0.58842229318844275,-0.032937360181665744,-0.01327892607924434,-0.037699499491356564,0.99920088964145914,0.76212734471262789,-10.201141543375277,-0.27595348593295865,,0.2141670740168514,0.2272727272727273,0,5
-0.95739568277952058,0.27730120831339716,-0.080607359856699673,-0.26541980871796111,-0.95495431172897338,-0.13271995950257556,-0.1137797509896135,-0.10567072621201348,0.98787036896880798,-9.1534738009110139,-1.3117594551692511,-3.3010342470560698,,0.1771932242704432,0.2778947368421052,0,2
0.59952041038999859,-0.75712992088233921,-0.25947940270955994,0.79909729855888234,0.58444460317151792,0.14095394020594995,0.044930890951586387,-0.29185405381524016,0.95540694277878624,18.88828116233864,8.2802619878754484,2.1692511249305584,0.9288226300777699,0.4556097507868881,0.6857142857142857,1,5
-0.97500748129590109,0.19048524386591958,-0.11434939128113185,-0.18517680528464911,-0.98113813607174483,-0.055475298378955921,-0.12275977436275828,-0.03291397598292007,0.99189047176762479,-2.5648013759919941,-4.3467829346722242,-1.6378457956034467,,0.1035444212011392,0.2201492537313433,0,5
-0.68279203363128227,0.72338147756322502,0.10253914729557413,-0.72661726000981763,-0.65767928411987842,-0.19870912584828462,-0.076304628073812913,-0.21018372239069799,0.97467964305022159,-19.579565347716759,-7.4102058337796075,-4.6190543670978164,,0.4667709849416354,0.2,0,3
-0.83026799796200734,0.54818615136116111,-0.10073229380888328,-0.54768708679826528,-0.83594951482576629,-0.035032322460781633,-0.10341134615984146,0.026083560309221546,0.99429660633384731,19.462918992556045,-2.8079754899397358,2.7377679136745297,0.2567025879957821,0.1472455156752364,0.6,1,5
0.43592518086900639,-0.86047574568051222,-0.26372471969819572,0.89882065447961312,0.43113843144518937,0.079000531718608089,0.045723820544276032,-0.27147954623976644,0.96135747160371454,-25.423342345174444,-1.2508286391461216,-6.0414155798014226,,0.2094911844138103,0.4736842105263158,1,4
-0.98886056761515961,0.075918458791278495,-0.12802798690357531,-0.076220757322390489,-0.99708772225026066,-0.0025436766674698042,-0.12784824585822968,0.0072430485670279673,0.991767293410319,-2.1454934114382165,11.839758852916923,-2.1972686276430404,,0.06985313996495732,0.4130434782608696,0,5
0.85382820639750778,-0.48579787194954316,-0.18702358559633531,0.5083635774761498,0.85545735381051313,0.098788607172917195,0.11199940649693239,-0.17942447832112979,0.97737556216815924,-4.9971821854692102,11.505206396829953,-2.7013038085846928,,0.1676745450948987,0.1428571428571428,0,5
0.39510701550065302,-0.89062883847789431,-0.22510157345892631,0.91694023730697083,0.39723276156129012,0.037772137215518406,0.055776764961796045,-0.22132872658990491,0.97360286938591578,0.24196118220247836,11.117785847087143,-1.6295692894202933,0.6859213082159521,0.3826531954237896,0.4566929133858268,1,5
0.6974669769557611,0.71178439415544259,-0.083083044557610494,-0.70987861595996848,0.70211123919720875,0.055786722396282698,0.0980416577733767,0.02006948005629133,0.99497992407451041,-13.233311240390519,-7.8455740584114713,-3.5165302560876412,,0.1591126967370917,0.5,0,4
0.6057271250951709,-0.78120730865364485,-0.15102910590368632,0.79228646574311623,0.60967692657438499,0.024004195531040495,0.073326708123436821,-0.13419830889001402,0.98823782955665052,-13.764567832537548,6.8033562380082415,-4.3219804198817986,0.171624656393346,0.1848562007588722,0.2337662337662338,1,4
-0.6598831888018839,-0.70338715874007507,-0.26419818707974208,0.75085897910342125,-0.63026889881001325,-0.1974130408371787,-0.027658102545649349,-0.32864512793038375,0.94404841467543199,2.111184840777852,18.972833730862739,-1.5251062349167528,,0.5207337994953046,0.6904761904761905,0,3
-0.23342053306047256,0.9679946692852619,-0.092201816582337129,-0.97214001030291308,-0.2344008519417731,0.00020242831921220069,-0.021416234823569091,0.089680325848477432,0.99574031958221643,12.118034378371538,-6.3461356110465763,1.6278325533249092,,0.06783255313574642,0.2608695652173913,0,3
0.73056019198152011,-0.64773451627599654,-0.21615226650818389,0.67709387002700649,0.72816141636351417,0.10641824510548843,0.088462970014438938,-0.22410030821973723,0.97054281450745028,-2.4211505803298476,20.04765267106437,-2.4973885108968599,,0.1021163055625022,0.2083333333333333,0,5
0.68130602230896697,-0.70714608657660605,-0.18912037490689884,0.7275040670535543,0.68272009680762169,0.068052199343816691,0.080993434215820545,-0.18395021515177434,0.97959296749187852,3.0519679773865822,19.495375831399731,-1.3066116742835479,,0.1185717554226353,0.2941176470588235,0,1
0.065728663798993184,-0.97360384338547723,-0.21857561369061337,0.99783134341990221,0.063360413415887565,0.017834463843992163,-0.0035146612971615168,-0.21927383372577117,0.97565702631568785,2.4952457572243492,7.9241451979138153,-0.85652332647569429,,0.07296234714899819,0.2448979591836735,0,5
-0.78527547060584901,-0.55537935738493149,-0.27367170963667853,0.60834704631081282,-0.77430850867298529,-0.17424179935229789,-0.11513603480088944,-0.30331518720188949,0.94590887018941239,-12.065206589160322,18.302737436680243,-4.5295384448074927,,0.6663364914400447,0.2894736842105263,0,4
0.47279112048259764,-0.86297801526037299,-0.17815022191981034,0.88033667683271455,0.47140191677537091,0.052797426865704482,0.038417337439535904,-0.18179432894833075,0.98258583856388015,-17.222240241052063,8.7133027830874514,-4.9747375004336236,,0.1756762421587977,0.2,0,3
0.76140860611364014,-0.59547094834803327,-0.25626409075322748,0.64166924249848101,0.74854549552264138,0.167153296001573,0.092290399107977511,-0.29170874310904377,0.9520443747148728,-0.57636702643730497,-18.044968622157146,-0.20309295311353795,,0.1276647959837332,0.1538461538461539,0,1
-0.84753024649682407,-0.46656943977452064,-0.25299296263241022,0.51208496995994102,-0.84414129651166236,-0.15872761279858302,-0.1395043541046673,-0.26408034647072964,0.95435847866183932,4.0210067576412758,2.8273076035715818,-0.48498840153278655,0.8647622843748989,0.6019879508477101,0.616822429906542,1,2
-0.37599345984562577,-0.91232128725913675,-0.16216900741864199,0.92456494770757458,-0.38102447480712009,-8.4074062669228959e-05,-0.061713658324600518,-0.14996739116151225,0.98676299381584254,-2.7791291256106518,-20.955158584173134,-0.47959655927115941,,0.1067687408881373,0.5357142857142857,0,3
-0.93165504868329285,0.3533629148343686,0.084578488297501919,-0.36082346183674996,-0.9271479787917839,-0.10101017181677006,0.042723525733199083,-0.12462453948588438,0.99128372553313737,-17.673769285293425,0.51551621435210759,-4.8689811641822063,0.9043804334840886,0.8076683238003464,0.8089887640449438,1,2
-0.90300962415813091,-0.40675186505039163,-0.13829873085397504,0.41193645479951124,-0.9111589649630365,-0.0098842184667856728,-0.12199170416467879,-0.065895833294047176,0.9903412357715301,11.633722826773401,-5.4190465768404064,1.4926551708111202,,0.08165128666134619,0.3448275862068966,0,5
0.80841130071842782,-0.54006341734994823,-0.23409970976281991,0.58353617111682132,0.78747033758875407,0.19843387920457153,0.077179698555129295,-0.29702183868892601,0.95174645860795848,9.3021782114276288,33.376891431682495,-0.31205142079215942,,0.3608427889002772,0.5,0,4
-0.60360018141114058,-0.77099507566606928,-0.20306012483772287,0.79256612045507224,-0.607914330370945,-0.047740042275251096,-0.086635822309456156,-0.18975447353967356,0.97800177610495509,-23.040135327233997,8.0630054031707274,-6.0615214601129752,,0.2419678381914286,0.2,0,1
-0.94042648739955004,-0.31354967360326341,-0.13147100053103775,0.31818712307736413,-0.94790382574899845,-0.015339225474705795,-0.11981225523749829,-0.056257793359680723,0.99120133382739417,-34.688456074201149,-6.7085923592941308,-6.926228681370298,0.5206881312745791,0.4970803657223961,0.9761904761904762,1,5
0.86904504206530564,0.48325813265950346,-0.10593532026742587,-0.48042711699972351,0.87546204324698051,0.052497581707705299,0.1181122352385492,0.0052714374010221594,0.9929862596404252,-6.7888959386478165,5.9425774244905485,-2.9889879442184313,,0.08622149363956184,0.5294117647058824,0,5
0.63721959186621369,-0.73858525464793257,-0.22009773592317092,0.76571523417546994,0.63911685306705757,0.072179140180990406,0.087357723719555594,-0.21452615165128638,0.97280376148749947,-15.040878378867667,15.822712745060253,-5.0586520778329938,,0.1388872241035501,0.3181818181818182,0,2
0.28346451937617195,-0.94562623239863408,-0.1594957518380993,0.95860518469213662,0.28407289868860819,0.019459910380222573,0.026906618817502809,-0.15840964879140551,0.98700679685278414,-17.324157612066745,14.488626126541719,-5.5246184402038363,,0.07486929410317077,0.1764705882352941,0,1
-0.07867093564956637,-0.98403021108844946,-0.15967287668619098,0.99667586645576733,-0.08103881881439251,0.0083622407172638281,-0.02116839882152664,-0.15848423741934017,0.98713456295529589,-9.5414133000456882,8.2686050381311809,-3.5609244320382816,0.3391935828323171,0.2968336828241398,0.9391891891891891,1,5
-0.749537017577386,0.65883276274925662,-0.064293467859345727,-0.65666104322088859,-0.75228643225412617,-0.053492038308645462,-0.083609410937126385,0.0021247528188092129,0.99649633809071636,-9.6423819975674068,-10.836952030198706,-2.455245877826731,0.1196100586280888,0.2529626572182347,0.4130434782608696,1,5
0.78883302727139226,0.61448919420247416,0.012061728493219912,-0.60490781182364384,0.77276125984366784,0.19216288528110045,0.10876118002569309,-0.15888066431514039,0.98128891781482874,-24.47628873235552,10.098073225929104,-6.5285811993759522,,0.2744377493441586,0.375,0,1
0.025242943471493959,0.99327447273028169,-0.11299829922294029,-0.99958951724218559,0.026610914171966864,0.010613965633435021,0.013549569160327402,0.11268398763495358,0.99353848848761595,1.2925471097207109,2.4683232221129661,-1.0804350321825955,,0.07406192340591601,0.3363636363636364,0,5
-0.98966294458072446,-0.094845849571897026,-0.10757100419163766,0.1050474836716546,-0.99006158387861209,-0.093504472096415131,-0.097633407694629235,-0.10383797449276877,0.98979058025179034,29.944377999876338,-4.9829420037008632,4.5616829312788001,,0.2885351572247551,0.2105263157894737,0,5
-0.62443571707538115,-0.7544046362742074,-0.20237015592358343,0.77599947285512916,-0.62868511336609922,-0.050792187986112097,-0.088909242315499112,-0.18875559064524647,0.97799103964762801,7.7596636453958663,16.29185931508626,-0.23662312383729009,0.7529764020098088,0.4518070893074375,0.6595744680851063,1,7
-0.64084233088496523,0.76751646969302145,0.015478232970411792,-0.76255036216124394,-0.63411174534563153,-0.12813758067980371,-0.08853277423463346,-0.093918918034009341,0.99163561085796081,20.64214936413126,-4.661464947785503,3.0207231852601359,,0.2825214982718076,0.25,0,3
0.14261707036676313,0.9875755584415834,-0.06599157225584204,-0.98941842742058761,0.14404490396126082,0.017385083357986268,0.026674833093662115,0.062813867987789235,0.99766871819649605,4.9317282417372699,22.195758627478899,-1.0001439052102643,,0.1320824525054563,0.4117647058823529,0,5
0.66258401630179353,-0.72792377394038676,-0.17637857203687987,0.7448355014187692,0.66514198231681343,0.052973759408879773,0.07875593417409732,-0.16647258841035639,0.98289591521194186,6.9123721179529225,3.0596116575345227,0.091946596737299449,0.4892956235485476,0.3486814221883942,0.8563829787234043,1,5
0.97798262993701091,-0.15676970638837595,-0.13774336535888293,0.16429732076304163,0.98538278376862654,0.045023991854110011,0.12867154281959353,-0.066663547845094276,0.98944408910111292,-17.429311763666458,-8.7128683052429299,-4.0846475134829161,,0.0704618262677284,0.3571428571428572,0,2
0.35509573627055502,0.93470166795402876,0.015485800154681364,-0.93344157025080188,0.35361722343811774,0.060346451557940613,0.050929883272898067,-0.035883857260258105,0.99805736096575914,-8.8308319108369666,-12.460693854871677,-2.0508633841158219,0.7360225902399133,0.2849860971789808,0.2340425531914894,1,4
-0.63762121368393498,0.76668034262616835,-0.075102863399780825,-0.76660511731357406,-0.64110022373982289,-0.036153799653556667,-0.075866870034727515,0.034521809792787628,0.99652017675497351,-6.1457823070816078,-12.030518349587753,-1.5445509291683475,0.4225124446737963,0.4479387254630581,0.9802955665024631,1,5
-0.67346836502889795,0.73154531041340565,-0.10621591273183417,-0.7348338330810662,-0.67815133222086998,-0.011402121138051901,-0.080371630969456404,0.0703720784062324,0.99427771347651983,-0.13024948329399355,12.171839846810403,-1.7474066605800072,,0.06856477497144459,0.2,0,4
0.45022458446009755,-0.88167547849003669,-0.14123092500262932,0.89155503934850022,0.45260733409689402,0.016619655050491237,0.049269010138497167,-0.13339772018692175,0.98983716483515882,-12.521173619846383,-11.045798308100329,-3.0972976184904244,,0.06689487818898379,0.4166666666666667,0,1
-0.80152908196417894,-0.57277948559512504,-0.17168224033675028,0.58841002096397887,-0.80662244396372584,-0.055981069328453995,-0.10641794019258023,-0.14589000574189875,0.98356053612871153,4.2246142502041932,25.668913917469258,-1.2912577021663081,0.2693482754510608,0.1658446806932765,0.1666666666666667,1,5
0.31625233921014428,0.94245540984290666,-0.10845394599530289,-0.94730856783362616,0.31986028972354974,0.017200940874608026,0.050901230369382093,0.097299514468505544,0.9939526493908436,-11.951211395357161,-11.523589382766016,-2.8510069708985619,,0.07697488805908773,0.4,0,1
-0.13721791702994507,-0.93668525938660674,-0.32216760869740935,0.99037495663802666,-0.13568856455908654,-0.027314075348067873,-0.018129768619274674,-0.32281471201873463,0.9462885253420712,16.252647640280689,11.571881810161669,1.6384564714439971,,0.2967252163489713,0.625,0,4
0.52369702209667901,-0.82599671394761065,-0.20849666087211369,0.84969248805729691,0.52407776375268755,0.058010113592231939,0.061352300576848533,-0.20753777026780657,0.9763011672256654,-16.760279856104823,-1.3148812930939942,-4.567849934916584,0.4816373274934569,0.4000082867473,0.9299719887955182,1,5
-0.53023633114287461,0.84741919594852078,0.027021093133090052,-0.84564191789091869,-0.52628829506371078,-0.08894030124022359,-0.061148833528637751,-0.07000954804093365,0.9956703688175077,-4.8528310536350405,-15.261700606962348,-1.2410047550270424,,0.5680913084876336,0.4285714285714285,0,3
0.70986177450280841,0.70431932950404574,-0.0055265890652633019,-0.69216618545536723,0.69902263853190794,0.17964777352379391,0.13039261026565507,-0.12369976922719636,0.98371547425119221,20.746281522619448,-3.446676403303127,2.9784943112644173,,0.2083590959694657,0.2580645161290323,0,4
0.50950074213195817,0.86045268470326086,-0.005492827499047572,-0.85570550752324259,0.50733999071332136,0.10185390624515087,0.090427198128510938,-0.047194398078133221,0.99478420304539872,-16.736792710489414,10.833340199871968,-5.1571723017052618,0.7517029196829292,0.7556724716957974,0.7687074829931972,1,4
-0.94072087860580778,0.3333345806677554,-0.062707941173112736,-0.31764196192860794,-0.9306271638675685,-0.18175991278043738,-0.11894457775478298,-0.15106667138339661,0.98134145342988477,-5.3850753500215252,-19.496351525685352,-1.142152272046258,,0.5794813018079259,0.2,0,1
-0.99155648601426605,0.055817862412188085,-0.11704743174788228,-0.016099727037535653,-0.94862428055576542,-0.31599489415079784,-0.12867219525739795,-0.31144235514102958,0.94151321052434067,-11.73183105437311,-8.7839580670956661,-3.2480701201377764,,0.3473669207744945,0.1785714285714286,0,1
-0.26272751501815506,0.9611451646931426,-0.084700798339676253,-0.96452021147383737,-0.26398212862158182,-0.0037679473037548626,-0.025981041373477596,0.080705688494752403,0.99639930616883676,0.80498150496244447,-3.7190906837817312,-0.96161542505231479,,0.1596317437649342,0.4061302681992337,1,5
-0.81917381231465125,-0.54706061309045162,-0.17227579871525922,0.56465759028461782,-0.82191255956248754,-0.074976997588657709,-0.10057868040419811,-0.15869603031752319,0.98219117233337572,-22.14434606053559,13.461034536190613,-6.3161358655581692,,0.1979281195669866,0.3846153846153846,0,3
0.35166211616203935,0.93327507286259415,0.07301639836199357,-0.93366769081019552,0.34401965746135643,0.09957468763360014,0.067811497502963142,-0.10318969741932581,0.99234746291453524,-10.187170389037226,14.680764696128428,-4.0536343840772693,,0.5487703076905113,0.576271186440678,0,5
0.74933951331644966,-0.57488072392414991,-0.32863725753954409,0.65596235332957575,0.71231239158809345,0.24964864871329887,0.090574194983957704,-0.40264526577434973,0.91086393339099347,1.0927569008743199,9.8614703181928522,-1.3012166602657314,,0.07610153480152913,0.2941176470588235,0,1
0.87288368009562456,-0.43394183795046237,-0.22308868707062265,0.4698655371342772,0.87081778451866498,0.14457787928836457,0.13153120556064429,-0.23102135711266744,0.96401694721700049,12.00689116836848,15.934899630793288,0.54522209867481242,,0.4382847489055341,0.2307692307692308,0,5
0.99030322432162521,0.061041337473157833,-0.1247937459077279,-0.025613348584641312,0.96312176559381468,0.26784402366626803,0.13654113033249773,-0.2620504145368649,0.95534606293666324,-0.39258591426771144,-13.408196207825037,-0.41100823075811838,,0.2847907151266993,0.2758620689655172,0,5
-0.72938407599714883,-0.66592357185327722,-0.15666737417841853,0.67828301848594053,-0.73377057768607534,-0.03889583725601338,-0.089056254779710367,-0.13463482377311664,0.98688522519703115,-18.394841811833576,11.042126332774821,-5.5630916561598118,,0.1009144583786523,0.2941176470588235,0,3
0.91960643087120242,-0.3631587268450559,-0.14979903676795636,0.37850799252089773,0.9211689871377623,0.090440017323029392,0.1051461454268745,-0.13986935422696403,0.98457140515556496,3.1965122755807625,9.1891279147618672,-0.77698280346621917,,0.07119642019692971,0.2903225806451613,0,5
-0.80232544900582192,-0.57346819768596236,-0.16555391907297645,0.58959811173999122,-0.80464630333836995,-0.070131256630221434,-0.092994303644065288,-0.15387837004176699,0.98370397311541125,1.595413299704139,5.0791912011884417,-1.0724656941671924,,0.08269508201852156,0.3611111111111111,0,5
0.17726737334991763,0.98415657225873754,0.0034813252582974433,-0.98360197820602024,0.17704586837814609,0.034378902824730356,0.033217868908540782,-0.0095184962132321173,0.99940280738799925,-11.206430609869175,-18.917155977970857,-2.2868758565693921,,0.198253430541578,0.2,0,1
0.3379031494983758,-0.86434434880956457,-0.37246517721801503,0.94029016457960957,0.32723669477745432,0.093651225224111734,0.04093736623096933,-0.38187038674411,0.92330879979234182,-1.2206680778811896,19.115545020594261,-2.1994876971659876,,0.435459249777487,0.7283950617283951,0,2
0.72469388912123622,0.68141059809005844,-0.10246152390477012,-0.6815496985766567,0.73072509010322018,0.039126091853264877,0.10153213993808612,0.041478181061743696,0.99396719516058651,-9.4804742559415391,7.0644757429687255,-3.4947471745197172,,0.06970346459887709,0.3246753246753247,0,5
0.43668762010855255,0.89453907606270122,-0.095413645988499565,-0.89729336637703572,0.44071666947499433,0.025168073081522482,0.064564209123141272,0.074623445670639221,0.9951194924513066,-16.06116308499865,0.66783355612457662,-4.5875560805599411,,0.08701103999439042,0.2888888888888889,0,4
-0.70476469446803702,0.70435917240851187,-0.084763681346268216,-0.70256203021555941,-0.70952961835209871,-0.054537275147528631,-0.098556172464065075,0.021115797998711581,0.99490743486221478,-8.4644700705216547,16.03933660004521,-3.7433277716786031,0.1743919979612991,0.1407438523686136,0.2727272727272727,1,5
0.94000671016246007,0.31637941772855882,-0.12763796021281373,-0.31505510109582291,0.94856782065092604,0.030973745318482755,0.1308727172601325,0.011097462020275744,0.99133706589315973,-2.6775286278117378,-5.4242320617373778,-1.6210675598611646,0.1286615895046191,0.08994721658803617,0.5506607929515418,1,5
0.62057679517741027,-0.72734373829727883,-0.29301113911774018,0.78185718577947527,0.60247088062593912,0.16040005936035737,0.059864700219206604,-0.32863341941675128,0.94255837660599029,0.88310096425786377,-24.577577652816476,0.40224587399961281,,0.5198829177088649,0.4166666666666667,0,2
0.31767465323712835,-0.92896176998481805,-0.19003379856579472,0.94767756917261525,0.31770850189521482,0.031121258177997536,0.031464894370608558,-0.18997720318546918,0.98128417020355219,-11.231135117946337,-6.0108844987061767,-3.2516380165949266,0.5187850888401158,0.1542397488330601,0.4603174603174603,1,1
-0.19614351132890814,-0.88970351729196095,-0.41225644237765557,0.98042731539179051,-0.1852410988179162,-0.066693437026281027,-0.017029450878229758,-0.4172689619742232,0.9086234705177616,-18.814182942685719,4.3645819683290625,-5.1654309956236117,0.6809619600815963,0.6649699537898514,0.26,1,2
-0.68921995058910512,0.72072716932806746,-0.074351913911508902,-0.71961364762988478,-0.69286935773279912,-0.045697387887624751,-0.084451511856005926,0.02200910055616416,0.99618449176743618,-4.8969657879875053,1.9711209665048013,-2.2800439763815312,,0.0820731162686591,0.3543307086614173,0,5
-0.93502762102796877,-0.30816450615694108,-0.17537954572819178,0.33188931186042264,-0.93472832347522006,-0.12701356607079539,-0.12479115588691962,-0.17696778926757756,0.97627330649473032,-10.937678418828783,8.8299135001842544,-3.7865042799601292,,0.07156580782201243,0.3157894736842105,0,5
-0.82682187570613019,0.56066965540741742,-0.044890125407754243,-0.54667905812395778,-0.81982955157530724,-0.17035701855964841,-0.13231626227527149,-0.11631441814821508,0.98435936672962254,0.97088103031155537,21.219902546399467,-1.7893645689392088,,0.598760308673269,0.375,0,3
-0.56566175273048769,0.81978032631653552,-0.089370006614237121,-0.82225714100109393,-0.56893520497229699,-0.014350143408311434,-0.06260970827740106,0.065367798857592085,0.99589511260068631,17.577007218849168,0.21470531947168284,2.2009082248736695,,0.09164697953336501,0.3461538461538461,1,5
0.98702878679165984,0.10605385290666314,-0.12052698589210911,-0.097051280333719514,0.99219682638088191,0.078272004607602294,0.12788754055876819,-0.065559423451999541,0.98961949201017252,7.0726422586204549,4.746306560668021,0.094294970500746936,0.5065076366631975,0.3820317756448329,0.8627450980392157,1,5
0.97833471762728752,-0.13222318069564071,-0.15930540095007745,0.16941636368287583,0.95358177020470358,0.2489576334433973,0.11899275608879933,-0.27055283776000838,0.95532292235578631,-20.970773496129915,-6.8475820511236209,-4.9040101418455064,,0.3769599729524811,0.3055555555555556,0,2
0.12226944804864633,-0.9813124408675783,-0.14858019878972611,0.99247091557277223,0.12197258275778461,0.011143195122496478,0.0071877545883272413,-0.14882399824594997,0.98883757702165975,-5.4766342298818618,-8.7937044489218561,-1.8190849882110891,,0.07132734496137019,0.2197802197802198,0,5
0.50276627310045652,0.86372724332677187,0.034660117827432675,-0.85993042321684821,0.49566909210250937,0.12178595305028081,0.088009896368353241,-0.091035159523166917,0.99195103602537871,-9.388751083206337,-13.538603942964848,-2.141678541519032,0.2899179958241562,0.2034456423492066,0.75,1,6
-0.13243537358361701,-0.95530960777020835,-0.26428095868923135,0.99083879802379438,-0.1347093847067421,-0.0095842580669528166,-0.02644519152002513,-0.26312912224583274,0.9643981111924721,8.3995109889512616,21.854526786673947,-0.31012445074232609,,0.2858166085185546,0.2857142857142857,0,5
-0.14977527286899475,-0.94922286233543784,-0.27666464403088553,0.98734818544881764,-0.15832810006670855,0.0087047929437648157,-0.05206657591916012,-0.27186057152331733,0.96092710510374801,-14.701625697134922,5.3575036705323305,-4.4978609482509881,,0.3624475150606666,0.3571428571428572,0,2
-0.98458318590613914,-0.11533701389163252,-0.13150408076359765,0.11830117822312235,-0.99286552990725652,-0.014928856386324412,-0.12884401911590032,-0.030255788678264731,0.99120321124859045,-5.7180367369636871,2.8629644046735314,-2.5254143830451121,0.1728926628824872,0.1047677099203163,0.5160256410256411,1,5
0.46078760664718948,-0.85980211574541121,-0.22003432304999382,0.88621983547729943,0.45911799777765028,0.061847128657915536,0.047845425768219409,-0.22349717196500626,0.97352957292354569,2.7559547876108925,-17.722946208663672,0.49415287897957011,0.3171639438487991,0.3514101624918682,0.6292134831460674,1,5
0.2167232064098252,0.96236982782863378,0.16393708027329187,-0.97547783867237481,0.20687601913279,0.075135204577103556,0.038393203337545048,-0.17620053119345827,0.98360527384953911,-6.3383028887860009,7.3866214232988092,-2.8889278683590671,,0.2964420127401952,0.2869565217391304,0,2
-0.96035324844202763,0.25183914546206837,-0.11957710073329952,-0.25024637466895588,-0.96776548693274367,-0.028402715836262669,-0.12287550680217355,0.0026470955340020651,0.99241856225755098,-1.9124031472043066,-13.19768512346352,-0.68656431293196174,,0.08985606551807063,0.2941176470588235,0,5
-0.71464421617231,-0.68115864293809758,-0.15908031758264241,0.692299351879616,-0.72128693305925529,-0.021604804674820833,-0.1000262549460328,-0.12557094946165992,0.98702922194470455,-7.536756893567663,-15.714451205143558,-1.7612648415304313,,0.06666514893672792,0.1304347826086956,0,1
-0.087541256472071241,-0.97279772921500474,-0.21447868530327799,0.99593923199566625,-0.090010902403596327,0.0017560240242479499,-0.021013676193720392,-0.21345401257090887,0.97672709081411535,-2.4800314326434494,-12.276430645842254,-0.84999235613675617,,0.2010587312915751,0.3409090909090909,0,5
0.82498988079167501,-0.53500364376441045,-0.18210655603283976,0.55778961117413428,0.82264558229076834,0.11011355776511179,0.090897999194404153,-0.19241971597600516,0.97709375529995457,-1.2104496712087818,15.3666606452534,-2.1224819385017586,,0.1347439354957535,0.2424242424242424,0,5
0.1528327850118196,-0.97170111018879934,-0.18010855694104921,0.98820671004321703,0.15201229390054902,0.018432599617405846,0.009467737379827609,-0.18080159003988144,0.9834740194778705,13.860217763941618,-2.0924077248690103,1.6271510913318459,,0.07580294459918724,0.2962962962962963,0,5
-0.18802987602531224,-0.89472029186590407,-0.40511771751590669,0.98175627712283942,-0.18309220050861419,-0.051301641716584676,-0.028273274515151835,-0.40737310347678285,0.91282406657136617,-4.5460314709420429,-13.908928053501768,-1.1647363243144091,,0.497750443758403,0.4871794871794872,0,3
-0.17112717409457762,-0.91010024129806999,-0.37740302208063753,0.98353436198325084,-0.18038830201730274,-0.010964455915052468,-0.05810033635533355,-0.37306515688885816,0.92598420052984054,6.6682670625947118,-5.6945141884482888,0.4625878477312757,,0.4021098030369325,0.2727272727272727,0,3
0.86732695182018771,-0.46551538690411925,-0.17617997389548062,0.48288556727261583,0.87279517149765695,0.071064178952421064,0.12068756177049869,-0.14671064435100134,0.98178943733776658,-13.365628351679396,7.5750164839994696,-4.2662786158065966,0.1468710190189156,0.1112455008177432,0.3623188405797101,1,6
-0.11768966029670122,-0.97204237701773977,-0.2031815964622537,0.99242132464212596,-0.12240865405820665,0.010771991794808004,-0.035342018261782925,-0.20037399704892173,0.97908181632171243,-10.981138581264057,-8.1618584981249178,-3.1261651286914174,,0.0819553634131583,0.3035714285714285,0,3
-0.86513997741061199,0.50049224717643903,-0.032254147054985444,-0.48707331098114753,-0.85379209995449179,-0.18384406377460763,-0.11955086455491885,-0.14334071498209452,0.98242609402061065,-16.345563907284479,3.4030072922996228,-4.7431101894986254,,0.229113103586576,0.2424242424242424,0,2
-0.99264443564342264,0.044726551874853145,-0.11250137751840758,-0.027043814241694511,-0.98769240182659102,-0.15405308009021543,-0.11800701884809178,-0.14987746638974012,0.98163694336102736,-10.270057462328971,10.060427039470657,-3.6552015315991637,0.4731359053766132,0.1950997851468098,0.2,1,4
0.20521707243779541,-0.94706926481101827,-0.24687195229587769,0.97854092698457462,0.20332304363810821,0.0334274459375151,0.018536650081127169,-0.24843419164046929,0.96847139608132804,-2.3506638330746221,9.2562590393477571,-2.0082415068552186,,0.07871457328089911,0.1875,0,2
-0.59982476254950279,-0.75690980383676865,-0.25941820115060948,0.79471496994436253,-0.60124339129316662,-0.083273651130617105,-0.092942836080918328,-0.25611312594647956,0.96216822642361199,-15.506889965593409,6.602726806231809,-4.6103492374549226,,0.5687541167202207,0.8505747126436781,0,3
-0.40515664078122776,0.90885032806531918,-0.099192628790821261,-0.91308197725444418,-0.40772778164477891,-0.0062736662441155531,-0.046145414116532286,0.088029184084540718,0.99504847294261212,-11.81685742661969,9.7066791765846077,-3.9623892292891578,,0.08054830952001249,0.25,0,5
-0.5837163824654702,-0.79403451834643535,-0.16965956653183648,0.80757925707136136,-0.58942354390978535,-0.019890435714146695,-0.084207650421409805,-0.14862391987555326,0.98530198520622703,-19.553920749318454,7.2260930534186869,-5.3658069395252124,,0.1495842882662359,0.3333333333333333,0,1
-0.97653838585996589,0.17205458680992852,-0.1294990351302974,-0.16262378875900496,-0.98341862052525197,-0.080257835342586389,-0.14116049118531607,-0.057315233244539729,0.98832620109275937,9.9134147292986441,-13.391300459731745,1.7360155921245406,0.2853525343138606,0.2662382965549261,0.2857142857142857,1,6
0.57092137272326116,0.82028943078642624,0.034264207387125135,-0.81704347218690909,0.56357693511973561,0.12174154080594191,0.080552782227225589,-0.097500194569682411,0.99197024216169261,11.31576079136191,10.619637882630284,0.7602782781213443,,0.3172338658718144,0.1538461538461539,0,4
0.97454318521565808,-0.12898381755079097,-0.18338144660718683,0.18632157805409574,0.92087205391420046,0.3424601142779608,0.12469903648846579,-0.36791009109545592,0.9214620530271348,-11.874613532889539,-12.464443243104899,-2.6357669970394073,,0.4363448319937052,0.2758620689655172,0,1
-0.62080602326741385,0.77783171214475466,-0.097865770608831157,-0.78050096002424874,-0.62494975067993352,-0.016001891335605183,-0.073607967477216624,0.066450257388891168,0.99507096752785662,23.304688960827121,-2.1066054504816689,3.3477427959552322,,0.1066715004262277,0.4615384615384616,1,5
0.94992916124283056,-0.25387454218704492,-0.18216010938131094,0.29372795959013998,0.92436696357588088,0.24345349125555635,0.10657614355711061,-0.28476908799731854,0.95265318565870016,0.10818181887213944,-8.2101126716399335,-0.55229631264035006,,0.437472005182083,0.29375,0,4
0.88199627661714131,-0.42090504316323341,-0.21194695721631704,0.45658135644312625,0.87459076321993179,0.16317003964861823,0.11668775849271276,-0.24068639664537184,0.9635631922649458,1.6278446273783735,-12.711152339375744,0.00023316930815911444,,0.126431507424133,0.2222222222222222,0,4
-0.83742071146399266,0.538133379280886,-0.095598211881157275,-0.53657150748413185,-0.84272952658788836,-0.043565609982646157,-0.10400754476165074,0.014812532554829621,0.99446619827521809,3.6572926809035797,-17.908543858361927,0.69887312797604872,0.1999711212592095,0.1758105324022759,0.4242424242424243,1,5
0.95524928111833918,-0.26082281488751763,-0.13953590991944606,0.26981042399786859,0.96163562985764739,0.049590830708670749,0.12124828256510055,-0.085019848402813111,0.98897445839241782,2.6726908817780259,5.0388635157465327,-0.81588313056518136,0.2449796371531326,0.2243894105316908,0.8680851063829788,1,5
-0.97301213226326821,-0.18675464261740313,-0.13553631959491799,0.19599183537133585,-0.97887477626924568,-0.058235494774327989,-0.1217973355056049,-0.083227854980659155,0.98905941844717049,-4.9725291233211717,14.365628904023822,-2.9085016717600265,0.6618277628963876,0.7078817679502016,0.9680851063829787,1,5
0.86457315315201066,-0.44871023519389241,-0.22621314656985286,0.48276629685499506,0.86662423858476734,0.12609175912124074,0.13946313301265939,-0.21822363283937876,0.96588222915668109,4.7058294675261489,7.3835495881571616,-0.38376231444923187,,0.09764756894379112,0.2325581395348837,0,5
0.24447347489204091,-0.93944022610066602,-0.24017656350722522,0.9692497432365943,0.24392520882291119,0.032487347329316005,0.028065197487405571,-0.24073336720244806,0.97018544134890228,-7.3599534693953572,-25.684039107835488,-1.159415633062777,,0.1589567290393794,0.3529411764705883,1,5
0.97103164230723493,0.22186709129522947,-0.088727354509809467,-0.20214453399482063,0.96073125601092291,0.1900869303757948,0.12741717707645195,-0.16664467445397038,0.97774966911883909,2.0546725755500321,6.6985604147648674,-1.0004410810805442,,0.08113286274848881,0.5833333333333334,0,5
-0.91751713258232137,-0.32330860421186719,-0.231589848353699,0.35625716064886048,-0.92699545950392381,-0.11730410711275913,-0.1767573107521356,-0.19013406980781727,0.96571522127073728,2.3563209706465891,10.306478875971864,-1.1272759796104521,,0.1692716918763991,0.4166666666666667,0,5
0.76498262512361692,-0.60993577316266712,-0.20683311116801015,0.63685316015956372,0.76424342351798857,0.10173515618644739,0.096018933829511238,-0.20954794731985141,0.97307246498926281,-16.255406781886332,17.732479202024841,-5.4434285289927224,0.1983676481190331,0.1540607650563855,0.5,1,5
0.16942268367235108,0.98419894112984396,0.051462593562240914,-0.98528712061001922,0.16795659378533187,0.03162076159814424,0.022477638160539867,-0.056062704919785315,0.99817419767283166,-4.8006315254390648,-7.2580288241214914,-1.9399074054443097,,0.245540446733546,0.6584269662921348,0,7
0.94798867437762002,0.29904167448949259,-0.10904838453770234,-0.29423943280499865,0.95396236653657684,0.058128817418950339,0.12141099387763407,-0.023019125753454543,0.99233537194599242,-13.425277010355639,2.211285435932826,-4.2105345864663057,,0.08480220395667011,0.3106060606060606,0,3
0.98784542598716885,0.11298844108140316,-0.10674748961087506,-0.079649901346631774,0.9576817921815588,0.27658900581800044,0.13348148774905605,-0.26472475725914335,0.95504109614319055,-5.3848979081655655,3.932646503145127,-2.4940458954270741,0.3645076179566178,0.2548295132083202,0.1262135922330097,1,5
-0.35937188633583006,0.9284951449377461,-0.0935340212888391,-0.93206842674673118,-0.36205302888006197,-0.012886122017346147,-0.045828977441137689,0.08254919809305615,0.99553268892633207,0.1719393939425716,16.601433320723789,-1.8539842263237862,0.2612867217957701,0.1067889488001498,0.4545454545454545,1,6
-0.061695390977545499,-0.96959083496903753,-0.23682755641219871,0.99790338757559982,-0.064571475108517351,0.0043992803335040761,-0.01955780655570636,-0.2360596054947891,0.97154174118067349,11.686664665028527,0.4411799617847198,1.2090249680993339,0.9403999366530454,0.7133787695037273,0.9793510324483776,1,5
-0.27082724109229256,0.95988670052207714,-0.072595644794822958,-0.96250562447476617,-0.27122399266647007,0.004524229934200103,-0.015346932487506145,0.071099001138535942,0.99735119376292181,0.1371626979597228,-21.759117549519374,0.048194120063503217,,0.115253512387218,0.2,0,4
