axis_00,axis_01,axis_02,axis_10,axis_11,axis_12,axis_20,axis_21,axis_22,location_x,location_y,location_z,dbh,dbh_approximation,score,reconstructed,number_clusters
0.5079724475218913,-0.85683339105297207,-0.088320623499192841,0.85991567405920633,0.51040261534990561,-0.0058483973256620051,0.050090179336094401,-0.072977463786040711,0.99607492876461701,2.81043661107927,16.736234408501044,-0.72537420049940393,,0.105697127173252,0.2592592592592592,0,4
0.99952203690609298,-0.02486663116799737,-0.018367046399764799,0.025680228765883061,0.9986353007446741,0.045475949216343757,0.017211147249043091,-0.045925883344257477,0.99879657070367556,0.73403320848972142,-10.304371829004779,-1.2231841847882643,,0.1041672493081939,0.25,0,5
-0.72777308295684584,0.67892037694014773,0.097022994691653139,-0.68567702059677826,-0.71743695395065954,-0.12300910751454713,-0.01390550786609686,-0.15604915533718175,0.98765140508660154,31.319446353385707,6.3056646272993708,0.1191947933999257,,0.4878423424212938,0.4242424242424243,1,5
-0.94781580108458496,-0.31659447374336275,-0.037591839667006563,0.3187240987113989,-0.9437940147006223,-0.0875660134749075,-0.0077560373254136729,-0.094977876426273061,0.99544916840316944,6.8935329392410765,8.1375869885699839,-0.83666187416377258,,0.0996396955662823,0.4074074074074074,0,5
0.93101419789463935,0.36492275701150889,0.0066290824191986295,-0.36498271933046716,0.93088098987962653,0.015754277859163814,-0.00042179229328582341,-0.017086956892483584,0.99985391832778003,-13.283377734479416,-16.254687947514089,-1.8858680194752495,,0.1044454908191537,0.5,1,4
0.67385738297355335,-0.7313136308396827,-0.10534040421468677,0.73824729066610206,0.67223104511182752,0.05564494417302842,0.030119183856692384,-0.11526402446531092,0.99287815940721835,16.571795435106541,0.82852796657505901,-0.59254906834390475,,0.5377040280197001,0.1363636363636364,0,5
0.81558716662744768,-0.5737696064907567,-0.074873308328494106,0.57766780866773015,0.81485519566939579,0.048071955645812597,0.033428677234291083,-0.082458770049233146,0.9960336715093181,15.820020286312277,-12.985491027366077,-0.85156823418077598,0.2249713707892449,0.1893141898090678,0.3888888888888889,1,6
0.77821591741185436,-0.61491852349244092,-0.12749586406116406,0.62671202487430921,0.77343008646697897,0.095068076795659276,0.040150015750555511,-0.15388668172898634,0.98727243728449743,-8.4091810066799582,6.1203135525125596,-1.3541652368175801,0.2257546918867869,0.2175375822904528,0.5228426395939086,1,5
-0.99925422417157517,-0.037965987402013748,-0.0070412552753998433,0.038585538877016802,-0.98871800447352276,-0.14473376875997235,-0.001466855423494911,-0.14489752044284626,0.9894455805675626,24.009882123329319,-9.0875653198912847,-0.62737275076494825,,0.165495729360201,0.5,0,2
0.96308554493360776,-0.26662528216840203,-0.037110538241275533,0.26911740923488064,0.95693423867270522,0.10887002756772347,0.006484842838723341,-0.11483824173380182,0.99336303789140801,-13.339340204981706,-12.571722119674227,-1.8356289019906764,0.4158933313619811,0.3814833265718297,0.5471698113207547,1,3
-0.93318019073018565,0.35940582056785203,-0.0014791114645737501,-0.35747357303406457,-0.92857398306418104,-0.099814841374328805,-0.037247499393045738,-0.092616489451242484,0.99500492947054975,23.245341100747382,-0.16383711584410626,-0.46099392902823477,0.2502587088569748,0.1846020179682692,0.3636363636363636,1,5
-0.53115641131000624,-0.84189959665568626,-0.095278202519089472,0.8469128919289991,-0.52428069189893478,-0.088703492526696945,0.024726912640581768,-0.12780776679438319,0.99149067294569004,-25.905578853750427,2.260642225888537,-1.8449950647062654,,0.1033475213070039,0.2142857142857143,0,1
-0.015955244459677994,0.98939575749386188,0.14436573425636634,-0.99897954097974817,-0.0096725347245511014,-0.044117102986195922,-0.042252891949831999,-0.1449223141036266,0.98854044732460289,-29.177780519631181,10.315370343261929,-1.5557482108891747,,0.4800902776748868,0.5,0,1
0.41566462203747784,0.88335317937033841,0.21658735531594342,-0.90935116697900709,0.40819324228510867,0.080366237106684377,-0.017417723742151746,-0.23035936588097428,0.97294973428772591,-12.590270111302587,15.112616765115717,-1.356242586864393,,0.1355646114885455,0.303030303030303,0,2
0.99933837956327953,0.030692790845639393,-0.019512962920730088,-0.030582079310376001,0.9995145662665984,0.0059471208117011301,0.019686024405497021,-0.0053464390954102549,0.99979191636665377,6.6005245078073971,-2.1169009314987988,-1.0083663701517465,0.391639633919394,0.3741468279288645,0.9840255591054313,1,5
-0.93231319606443797,-0.35955111194030676,-0.0389243156215201,0.36165154315908021,-0.92704996814904173,-0.098926830968744384,-0.00051553348161063656,-0.10630782876793021,0.99433313319424244,8.2248521510253436,-18.220708152590678,-0.90843105044293371,0.2806694952558733,0.2192583974042744,0.6206896551724138,1,5
0.067438964544708394,-0.98751857411965904,-0.14233429604214917,0.99675789594121689,0.072959133672993448,-0.033921404636676138,0.043882604070136964,-0.13958520903864727,0.98923722457136698,-10.755232312485711,11.44881052220939,-1.3373456537825426,,0.1243047060229998,0.2558139534883721,0,5
0.69797369746737192,-0.7128720678524666,-0.068162544842994929,0.71506891083658641,0.69894512030145639,0.012335783791895519,0.038848042405030994,-0.057350969325117754,0.99759796306867299,-8.5433078703759051,-8.8919316459793833,-1.5311129997268267,,0.08424431614823455,0.3506493506493507,0,4
-0.31207078072376254,0.9479284028580216,0.063589078256429329,-0.9489356574765333,-0.30774921047154907,-0.069365275345220856,-0.0461838260437724,-0.081988819415693304,0.99556259858573404,-39.482014248968753,6.5500650038651331,-1.7514976249548069,,0.2692161646788556,0.5833333333333334,0,1
-0.5047360550591854,-0.83509674391787714,-0.2187577267687964,0.86317470520819228,-0.48436774565278429,-0.14253882018590869,0.013074517660018492,-0.26077061810909613,0.96531225089033146,-21.346623900341275,1.0964654180026012,-1.8461750025088814,0.5687200114240032,0.340979030499622,0.5802469135802469,1,5
-0.37868411555792342,0.92531148103910577,0.019924951225297919,-0.92435666932652161,-0.37703620716243275,-0.058381900963803239,-0.046509015208812357,-0.040526060082177857,0.99809546134551785,-22.597973134325187,-16.31306802924497,-2.4024871115736239,,0.2750345078205879,0.7083333333333334,0,1
-0.83279152664601064,-0.55030699766223912,-0.060170436848828092,0.55357058996398478,-0.82700338000460083,-0.098107142389792165,0.0042278923274140937,-0.11501138111046902,0.99335517673263729,-8.0168074309521202,-11.556857884845352,-1.5505083685912262,,0.08812224898752571,0.225,0,4
0.99990451116960899,0.0089747565530058169,-0.010508200963122579,-0.0087326091585010011,0.99970037352266294,0.022867109916528572,0.010710279172456509,-0.022773162350978246,0.99968328634452275,11.894264395834025,-6.0530191218081635,-0.82455617890127197,0.3722505687304146,0.3347315800570224,0.8439716312056738,1,8
0.11253445477988469,-0.99302919598983175,-0.035057273128160454,0.99281488787245897,0.11381442374473913,-0.036944219662209045,0.040676712086778692,-0.030647885072893795,0.99870221399292358,-4.8035914112414009,-5.6919471112350486,-1.3926160374905399,0.6775278211851511,0.6151558157344396,0.9910607866507747,1,5
-0.88806985920722559,0.45789515334392789,0.040791588738396722,-0.45903421316606419,-0.87846495611698272,-0.13261565525006272,-0.024890084585515216,-0.13649670112692053,0.99032779132507287,-8.7361458601655499,36.394874546718107,-0.85216302347536543,,0.25887423585542,0.7142857142857143,0,4
0.15277922706793043,0.98775009138547987,0.031753184793048457,-0.98686854477379171,0.15418992392411751,-0.048124242293598858,-0.052430745870947842,-0.023983834727803181,0.99833651268455781,18.611191000962492,-15.788066606333659,-0.69246024343082824,0.281089630286124,0.3224623041518048,0.8648648648648649,1,5
0.70606971225707837,-0.69992843657074166,-0.10754415424765623,0.70604468536554499,0.70749321327073866,0.03089102528103016,0.054465252228139575,-0.0977421958801932,0.99372028229489318,6.8246771725040709,23.890568194931252,-0.20583526490017129,0.4590095982703228,0.4458199896996023,0.3103448275862069,1,5
0.99539805468256048,0.095631714737054008,-0.0061063795022119139,-0.094251685286859635,0.98855523565917136,0.11779289397678804,0.017301229862673666,-0.11667528096083919,0.99301940880223871,-23.468490055790827,4.606958508987864,-1.7333450779535811,,0.8855359000005454,0.484472049689441,0,2
-0.43272030195871164,0.90087059568052785,0.034428332968247002,-0.9003428064368777,-0.42987834113326684,-0.067730663084585085,-0.046216568134473494,-0.060305734907400189,0.99710944593216544,2.2480338386147416,-13.74469962924635,-1.1287447620400362,0.1945316706153947,0.09351948565574666,0.391304347826087,1,5
-0.97991940309352066,0.19868122439390473,-0.01684442086206352,-0.19732084043024803,-0.97841475868715067,-0.061392555860350632,-0.028678378139986319,-0.056836001411997197,0.99797155248571889,-9.0114244957311822,-3.6107941821492973,-1.6030155096730487,0.380751813633788,0.3585790429200714,0.9633093525179857,1,5
-0.70942337429735858,-0.70400806045802367,-0.033032208686078562,0.70432603669288341,-0.70649802468432954,-0.069176406047396874,0.025363557263209515,-0.072340804026986436,0.99705741962821948,12.768158523953453,3.1211591166270964,-0.63484748023313187,,0.09582030145033153,0.2222222222222222,1,5
0.51651058848507925,-0.84993618904678681,-0.10404463720644652,0.85528440303597297,0.51794696717706046,0.01481651495741605,0.04129651203425562,-0.096640642282162986,0.99446225888823658,7.2821773442133786,-1.0786699915029667,-0.99853916335457427,,0.1091726302104989,0.3,0,5
-0.96185516498478141,-0.27181415986407614,-0.030849701610971843,0.2735591394984796,-0.95580037574315313,-0.107754530884317,-0.00019694910746276625,-0.11208346990807469,0.9936987757788649,-2.9281879352280678,1.8433969503591394,-1.2424135397651435,,0.2064899102825883,0.6220302375809935,1,6
0.52263038381766524,-0.84392433768418473,-0.12103385549056488,0.85101741434544464,0.52493575673571691,0.014553754879582676,0.051252730575011285,-0.1106081532465452,0.99254168378159036,2.1308164728663619,10.226105927435485,-0.94802693541146488,0.3147854544797292,0.2553356224473466,0.7131147540983607,1,5
0.78812754783283123,-0.61384662985580674,-0.045246915493514214,0.61419170778350685,0.7891214696008626,-0.007473439967975181,0.040292858386919206,-0.021900256383061343,0.99894787868705537,0.59433480560492602,-7.0386585040314484,-1.2117700704774301,0.1455960787078522,0.173886840404315,0.6190476190476191,1,5
0.97866057816494567,0.20540377546000937,0.0057237900581619634,-0.20543428693652424,0.97743681989152797,0.049132645676984221,0.0044973877682148843,-0.049260046154183619,0.99877586142044461,6.6193455267000418,11.102781690923834,-0.80057701671018799,0.3602491667737168,0.3424309737446379,0.5604395604395604,1,5
-0.76237654459137538,0.64704298341364841,0.010834291489493464,-0.64458931814628395,-0.75778948531213086,-0.10129021118590106,-0.057329008264779074,-0.084204949768648618,0.99479792482988005,3.1133203603897943,13.395590355451519,-0.86820648068145023,,0.07715073256766904,0.3870967741935484,1,5
0.01103630960104326,-0.99638160529411168,-0.084272750648831024,0.99922099024329758,0.014182587548166736,-0.036827528665977223,0.037889477795223142,-0.083800661345652366,0.99576193772931365,10.692317507183738,-15.057879843842713,-0.85196893510614313,0.2166155844942465,0.2412859950263601,0.425,1,5
-0.91395197757336633,0.40202503747446539,0.055386387618168255,-0.40345920119715445,-0.88542070194216638,-0.23076146459406452,-0.043731632248171788,-0.23325104461909341,0.97143270200514376,-5.4083250467843706,-7.0628202246963321,-1.4008016840511686,,0.08356086644943712,0.4444444444444444,0,2
-0.62735339492342868,0.77821441259025759,0.028461305571803815,-0.77604222000986356,-0.62173005095943723,-0.10587830984739376,-0.064700777740409013,-0.088510291891838747,0.99397169858553325,-13.396637140222495,21.159652595395478,-1.1910875343311005,0.4099343807445578,0.3874962803242802,0.5217391304347826,1,3
0.89219561840650297,-0.4508725871842782,-0.0264743011615702,0.45008720146715098,0.8924520679581367,-0.030835328321810847,0.037529849076521321,0.015595400700235906,0.99917380565409775,0.1117370799582576,-20.323087874748843,-1.2212039856240176,0.5043099687689813,0.4076260538882986,0.92,1,5
0.95291403410518338,-0.28031879639140928,-0.11565559214779476,0.29941180658811573,0.93017803782577302,0.21241795597885726,0.048035546015696977,-0.23704470113517959,0.97031046370875895,-9.2364614916893206,10.812266282815724,-1.2949409806958958,0.5866172496930117,0.3946288084538266,0.115625,1,3
-0.15547524349463568,-0.9632911909875973,-0.21885504340997475,0.98771592008531106,-0.14808414854434462,-0.049883325469795695,0.015643205244219752,-0.22392223274073231,0.97448146406901648,19.12579294365749,-0.38939456615904722,-0.56827836719855318,,0.2010432283525547,0.16,0,5
-0.45102583078633507,0.8725244618652559,0.18782109415675971,-0.89186057160536047,-0.43257248399571241,-0.13215811327928043,-0.034064949423949505,-0.2271169512311339,0.97327152926828131,-11.699393006656353,-14.539725367311464,-1.7930827341489646,,0.3952657291945842,0.5232558139534884,0,5
-0.66227600436971812,-0.73620143220276646,-0.13927650648504514,0.74924786500145846,-0.64966658688357481,-0.12868940390647829,0.0042580308640622483,-0.18958052935268488,0.98185594262270381,-10.207421401801783,-10.034784835381812,-1.6319342935583061,0.1657807650642146,0.1919525647863345,0.3043478260869565,1,4
-0.68226516615347499,-0.72444639595474958,-0.098446241379479896,0.73105410240637769,-0.67441877138453588,-0.10353366678998749,0.0086105986074121003,-0.14260694300190646,0.98974194485192657,5.2482725937359129,9.4878649584297428,-0.87132518640833134,0.1371019512419933,0.1540471714869,0.1153846153846154,1,5
0.98881976640303315,-0.1451347932743014,-0.034225156710786589,0.14856831635058654,0.97853637526667603,0.14280762464486318,0.012764205709880797,-0.14629577595126211,0.98915854188871788,-12.877572511206028,14.072660094245085,-1.3786057832334364,,0.193417717175901,0.42,0,4
-0.82312412783854993,-0.56603346541697974,-0.045527861777950429,0.56770613482805554,-0.81837466447544727,-0.089289713983691274,0.013282117625464981,-0.099342964384725618,0.99496460277672139,5.6799146131723983,8.6519094256425149,-0.86721369279372695,,0.113008713184708,0.2702702702702703,0,5
0.35436526215411285,0.93403489930010719,0.044766816593181734,-0.93468124822786636,0.35524237388646007,-0.013184081564987397,-0.028217462494819025,-0.037170723492465044,0.99891046251673721,-13.672507371108981,12.106452093758657,-1.3906734697094518,0.3587494155780781,0.3267051054920198,0.8547008547008547,1,5
0.55917647140547577,0.8285506418692985,0.028731649526199957,-0.82877104904370669,0.559550219943456,-0.00648842263000612,-0.021452787546534308,-0.020183786047350556,0.99956610220999342,12.330138560378595,-2.1690992533867228,-0.85414028295322197,,0.2408114841668601,0.4,0,5
-0.063375958728121448,-0.99059361890983022,-0.1212755953620428,0.99794551539791043,-0.061759707351769152,-0.017043674633797624,0.0093934100565439202,-0.12210659573892921,0.9924725402370379,8.3166751775185617,24.252997483351564,-0.097795339137872625,0.7259950703497817,0.6106604851787886,0.8636363636363636,1,6
-0.67786711023972168,0.73511784500329258,0.0098962019464958854,-0.73387684063689751,-0.6757976542417804,-0.068719089764888733,-0.043828799117207912,-0.053845004216028225,0.99758696457447793,-10.250579181208925,-8.5574826383598648,-1.6102971561592567,0.116785097518042,0.09025896312238146,0.4583333333333333,1,5
-0.87144246196017094,-0.47992588956488025,-0.10128759064246771,0.49045646808936028,-0.84990939237682717,-0.19263041727350433,0.0063630497489881198,-0.21754347904502314,0.97602989007656971,5.6258547202818194,-2.5760242621151028,-1.0297375769405748,0.2467255324510037,0.216889980981275,0.4102564102564102,1,5
-0.99648504910670632,-0.078732929425798723,-0.028612457616191356,0.081589775422309815,-0.98960505385445352,-0.118426964548884,-0.018990930818240447,-0.12034518357523817,0.99255044271659054,13.510537905485963,4.9336595819167233,-0.54883055364844002,0.4763319730389652,0.4540609536913727,0.8571428571428571,1,5
0.82232443998054239,0.56877718605151517,0.016583969307988514,-0.56890368153107895,0.82239516255800571,0.0038467832765350335,-0.011450613567522559,-0.012597985097316269,0.9998550766088129,-10.671104422730025,-7.6479661302588209,-1.6186131170096827,,0.07384954252293147,0.2894736842105263,0,3
-0.099132549607681392,0.96960002639713516,0.22371527980661868,-0.99406248131351027,-0.086360784989282555,-0.06619364063760573,-0.044861128531348438,-0.22894891051653418,0.97240417292409032,6.8596096508023301,-23.181145653171676,-1.0706235790029541,,0.5119260893309245,0.2666666666666667,0,3
-0.67626246882412977,-0.69866543167711204,-0.2335287730437694,0.73646143338260472,-0.63383476093458524,-0.23638539077328191,0.017135647053233186,-0.33184350289019138,0.94317880552397626,-25.715083353025378,2.4399637485949084,-1.8350227712676894,,0.08885843731834055,0.2,0,1
-0.99244204118741808,-0.12159770297412063,-0.016516461944679754,0.122578203343314,-0.97598459328836162,-0.18007958720765013,0.005777451763337129,-0.18074311133531495,0.98351336989181448,-14.266676760618287,10.387562532233314,-1.4462253240185634,0.3201173015377382,0.2069678386324942,0.6440677966101694,1,4
0.48763243205801121,0.86872422853071107,0.086791854277410388,-0.87264086677132557,0.48802951717796939,0.018030751610211476,-0.026693235955575389,-0.084530498204851243,0.99606328414788003,-16.571316630277543,1.1951039423433487,-1.8113657211323391,,0.4170530593190703,0.3618421052631579,0,1
-0.99785555401505699,0.064347879892455689,0.011985143914450347,-0.065362562463012419,-0.9699045164203034,-0.23454842667510256,-0.0034682487760812381,-0.23482882996098078,0.97203055089312063,-6.6658356384601909,8.6058137911479271,-1.217303166060909,,0.2562734491314392,0.2364864864864865,0,4
-0.9350497970358348,0.35426525009477544,0.013342025278454033,-0.35318839652211109,-0.92763278294027374,-0.12147171101381318,-0.030656706042637011,-0.11829434724351617,0.99250522103656746,-13.750779770630304,-28.691104017977697,-1.77337018012183,0.3392652430386332,0.3753383987860577,0.3214285714285715,1,4
0.26701910352195551,-0.94549082640817972,-0.18640787411563259,0.96260239767215738,0.27087259805093405,0.0049658454418169224,0.045797623848254053,-0.18076264216678009,0.98245989477776596,-5.2837813910977296,-10.630958660675281,-1.4089009242036006,0.2023298689146482,0.143238080534997,0.3703703703703703,1,5
-0.80899098324422403,0.5874284503514231,0.021480333965491347,-0.58649169728012085,-0.80416616017239573,-0.096665794648714096,-0.039510480268233124,-0.09079979378451232,0.99508508148683594,6.6645713747282667,-8.8678510772785888,-1.0258981095017088,0.1933400798093606,0.1824934592287397,0.6511627906976745,1,5
0.99519723552879802,-0.091150846881333569,-0.035692933595526229,0.094838622953889687,0.98812623412721812,0.12088085467009561,0.024250731783781562,-0.12368536106742178,0.99202511735619525,12.026894139951454,-6.3505024582560301,-0.82965693721313516,,0.7117172152081008,0.4695121951219512,0,1
0.70875121968373755,0.70137720441864593,0.075774175803504207,-0.70529547387123614,0.70679712905482506,0.05473676001195367,-0.015165854198293971,-0.092237928650542977,0.99562149503950237,-16.334922471052266,-27.529371684362893,-1.8728210029466796,,0.2502379005379938,0.2222222222222222,0,1
0.74041265138969303,-0.66285907088036322,-0.11138652438112254,0.66995389750054979,0.74117968196888495,0.042596411355005435,0.054322011062803183,-0.10616275800921871,0.99286383151264412,21.975687767687145,6.6096122838219395,-0.19937343843817765,0.5346036351790259,0.5419792036541983,0.4285714285714285,1,5
0.23792789312126686,-0.96263480856839068,-0.12932340471613721,0.97006139686963844,0.24218820573655556,-0.018048803434989023,0.0486950097874728,-0.12115732885222665,0.99143819660490784,21.888927438015514,-7.0396655430621875,-0.64998233257782279,,0.2162218458920059,0.24,0,5
-0.62795361168031638,0.76527477937742006,0.14152304980633959,-0.7770933426404153,-0.6066512501453496,-0.16763113529720863,-0.042428744991959276,-0.21524119667462824,0.97563877990395664,-20.511071310927445,-0.22257956590821906,-1.8545656716827135,0.1956783504060264,0.1783678307688986,0.1728395061728395,1,4
0.71804912303650359,-0.67339796243152561,-0.17589951989581648,0.69497973397651414,0.70735642214677907,0.12903511696294973,0.037531670205877027,-0.21490015411994962,0.97591459538772118,-11.614501787708686,-3.6225857352317652,-1.7325576535102132,0.6977007446646428,0.7125770924639936,0.3407821229050279,1,5
-0.99977611826374979,0.0072752619243690699,-0.019869169922284782,-0.0049527822977567561,-0.9934073887371675,-0.11453047607476906,-0.020571419420638615,-0.11440642711986962,0.9932210157546435,-4.7993203086520673,12.255881624671563,-1.0931968243645913,,0.09765899458297014,0.1851851851851852,0,1
-0.9497603000653152,-0.30914713942767491,-0.048820268368051471,0.31279261045525047,-0.94294957863483142,-0.1140476873811313,-0.01077753517427503,-0.12358858497482719,0.99227501550703545,-20.016899121641458,-9.4825102293724299,-2.0810979921033543,0.701196225961527,0.6198245798555634,0.9571428571428572,1,5
0.31016790447522413,-0.94903149438740197,-0.055991907399770273,0.94943895562067604,0.3122352956073991,-0.032783985829699783,0.048595684822524729,-0.042992357899704008,0.99789283822405261,-0.57947275913405805,17.683761482454816,-0.8159186129435454,,0.08595282660492269,0.4090909090909091,0,5
0.0095221921899701252,0.99961718474184746,0.025977140425427488,-0.99939258135239439,0.010384540280954395,-0.033266043662458666,-0.033523069574498139,-0.025644595764767714,0.99910888221172667,-11.362093997641441,16.389082272360984,-1.3123384883890605,0.2929887913756907,0.3303458505406095,0.77,1,5
0.35856376296099707,-0.91984622939296767,-0.15910670055906212,0.93283402046839015,0.35952544699705158,0.023709559640589309,0.035393758602759069,-0.1569215320888479,0.98697665353282749,-1.4356082224588629,24.085132491502211,-0.6300424660386319,0.3269202017490873,0.3767893139460075,0.2894736842105263,1,5
-0.87811836568850798,0.47235092002331835,0.076110079448578033,-0.47844253529109432,-0.86724593046806042,-0.13775789092033128,0.00093609015268968586,-0.15738203340824122,0.98753735083565963,25.235820037191939,-12.88939793687581,-0.63055680535296843,,0.2306645293578901,0.5238095238095238,0,5
0.76577061358110499,0.6410760709566824,0.05115504493558834,-0.64308280072277368,0.76252637445158999,0.070696815205975913,0.006314965571755286,-0.087034473126787554,0.9961852848227436,8.0627726550496241,18.034808906800635,-0.38090297741701135,,0.2318745981670112,0.3076923076923077,0,5
-0.19013910435905812,-0.97733933996680644,-0.093031906068746048,0.98097337921617989,-0.18534663661905409,-0.057774159995578278,0.039221808509113255,-0.10224695030783612,0.9939855184508587,-13.152518571477012,-7.399369319316178,-1.7364771180485579,,0.1116725327833194,0.5084745762711864,0,3
-0.80146716454373734,0.59056833002579912,0.094230736645546459,-0.59500533982075954,-0.77159103214781521,-0.22497983174909975,-0.060158372177164895,-0.23638173931082171,0.96979618661726319,-6.4784379500151958,-22.578138980806028,-1.5699521515525034,,0.5309879054574641,0.4318181818181818,0,5
-0.4098349284158273,0.89245458938931599,0.18857395718482317,-0.91097101912951883,-0.38990810580788571,-0.13454914095390774,-0.046552483892073136,-0.22692834750920016,0.97279822745532585,-14.929320739753775,4.9320647315365171,-1.6258614231897937,0.299694527049532,0.250852667597307,0.3409090909090909,1,2
0.038419791525520448,0.98350292740347423,0.17676513063364854,-0.99919744625807339,0.039817284670172468,-0.0043643135585567346,-0.011330622687147436,-0.1764555910995447,0.98424338522503152,2.5967584382786844,15.656400624935619,-0.7992897238494403,0.4354993730289515,0.5852044420209639,0.7432432432432432,1,5
0.24233538880902156,-0.96552791544546557,-0.09502317520644972,0.96935622753297568,0.24502818141590668,-0.017598137829119776,0.040274849147073417,-0.087846655073194516,0.99531949730658476,9.619665398166557,15.989375779257889,-0.40414858488817251,0.436816279108432,0.2246635867965001,0.2352941176470588,1,5
-0.69555090691887755,-0.7089947584222277,-0.11634160225015273,0.71833954109422493,-0.68307503161981742,-0.13189694794847379,0.014044201111634003,-0.17531381493593456,0.9844124271400394,5.4691457523549287,-8.8951395071020229,-1.0553245781577303,0.2877546834285525,0.2381903756463088,0.7046979865771812,1,5
0.55035092329673185,-0.81290440376858375,-0.19052635397781212,0.8334261660504404,0.54856849063915003,0.06688375602752103,0.050146654613233393,-0.1955991856105965,0.97940097591312025,8.2602111862362335,33.089368453891097,0.27172616346335082,,0.4560663630185688,0.4782608695652174,0,4
-0.49461899936059206,0.85495490188788958,0.15621831265699257,-0.86782754116895666,-0.47608459168484663,-0.14219289837723198,-0.04719538388626094,-0.20590186327020979,0.9774338946658675,10.967665149372449,17.598325945234425,-0.24508448262024859,,0.3419574263274002,0.2,0,2
0.90925914081172898,0.40449284140531222,0.098149661752722037,-0.41622915734525956,0.88302024252270661,0.21686064620118575,0.0010504408464995947,-0.23803527584582415,0.97125594156588324,5.9285947154488765,-0.78898213544288098,-1.0366107667032676,,0.4488137514228154,0.2083333333333333,0,1
-0.19987671437420473,-0.970053686635029,-0.13800414521586901,0.97917097715903434,-0.1926231844073491,-0.064191170095234673,0.035686083287403692,-0.14795997389349069,0.98834930545078181,-13.806111816544052,22.88619305244778,-1.1818685964748621,,0.2229046521068944,0.5294117647058824,0,2
0.34537312093337558,-0.93621695377399017,-0.064924747230079932,0.93745965298305134,0.3473784816544368,-0.022306714512767247,0.043437384424432283,-0.053160191399278821,0.99764081095590451,19.09333485247863,2.0587566442959497,-0.4822901185230245,0.2324560962840617,0.09115349117791283,0.4285714285714285,1,5
-0.041473620045684105,-0.9933048772596168,-0.1078209611001706,0.99882622217301609,-0.038515912790924589,-0.029371795339461482,0.025022324829790523,-0.10891255792671549,0.99373635235205748,4.3726313251144058,10.996593162950353,-0.86875346604136272,0.3449491740776814,0.3672860856385974,0.4406779661016949,1,5
0.062268993297671216,0.99748801007763099,0.033767472885360431,-0.99767719633216256,0.063145750662909048,-0.025550461679074009,-0.027618551600159774,-0.032098036148442033,0.99910306359400336,20.324802193323656,1.2148658017699898,-0.4782126019899729,,0.1187644798323197,0.2272727272727273,1,5
-0.97136057399918674,0.23751568704275988,-0.006703259548676105,-0.23568855955835788,-0.96670178324221201,-0.099692352613601626,-0.030158550583169224,-0.095257339270704081,0.99499572920781376,-13.038335371417901,7.9953844588264724,-1.4655191531235165,,0.114564997428878,0.3538461538461539,0,3
0.99824311770448482,-0.053708576585949137,-0.025021326038857303,0.054920324199389685,0.9972097457640744,0.050561654867949071,0.022235915665101309,-0.051847003329632241,0.99840745805521336,-5.6180798199845867,-9.9531453969214549,-1.4101849759097718,,0.07782312353391259,0.3508771929824561,0,5
-0.14700143640137461,0.98520149892602682,0.088139572326178584,-0.9881494141952043,-0.14229114335071677,-0.05756705437678275,-0.044173667740027331,-0.095557506444312282,0.99444328648774016,-16.406184864614254,-1.4417056928324659,-1.9105170145040793,0.2677545856731818,0.224828848038586,0.7747747747747747,1,5
-0.81601070827956212,-0.55347423417969377,-0.16671171546202063,0.57798632001701122,-0.77745678112445782,-0.24797735250782618,0.0076379215943380126,-0.29870926598081793,0.95431359445987141,-17.093421539827951,4.9779338313496169,-1.6705335406134854,,0.08065446317737235,0.5,0,1
0.93090536527424816,-0.36394998901210651,-0.030912884072950324,0.36366275691905198,0.93141539879602231,-0.014654491314363374,0.034126238199582763,0.0024000799436175706,0.99941464842307093,0.25324646600779099,2.352819542858763,-1.1045502068148643,0.8104992773946478,0.6248233159391416,0.9973351099267155,1,5
-0.98441635677607298,-0.17278129538904224,-0.032727060292795734,0.17505304158303775,-0.98055231639905815,-0.088733237498519954,-0.016759151059974664,-0.093079421829564343,0.99551763022440887,9.1809721474533994,-2.1120046196857092,-0.92539075587044839,,0.06888764500774422,0.4583333333333333,0,5
-0.4655106392542494,-0.86334875626634422,-0.19475309957599807,0.88429349054272266,-0.44466630562407272,-0.14246718649011253,0.036398726967707747,-0.23853888927384007,0.97045058142037022,2.176902189526071,5.5502669971771272,-0.9493885129592522,0.3528364120791904,0.3717899438299211,0.4928571428571429,1,4
-0.16889805123795223,-0.9818012205568134,-0.086832088545504477,0.98479788058493045,-0.16447176239435729,-0.055876415152763301,0.040578105961860199,-0.094949474395840242,0.99465472131212551,-3.5606965077183848,28.832896239524622,-0.70050282433584177,,0.4697616011017011,0.3928571428571428,0,3
-0.29056441736336375,-0.94941528052956425,-0.11909216791737394,0.95623021303487066,-0.28361814848841693,-0.072003649402585634,0.034584664832510929,-0.13480122753511303,0.99026891802855832,-4.7580694580430398,-11.638199765249615,-1.41524436899315,,0.0927236942132523,0.3571428571428572,0,5
-0.93192481460777576,-0.35972516321058773,-0.045977677968529862,0.3621439194261255,-0.92981653590462321,-0.06552092170451472,-0.019181281003772067,-0.077711109318046104,0.99679138336344564,-7.1559599813494978,-13.173262017089812,-1.5270327625555771,0.2731819852645411,0.2477747690230294,0.9490445859872612,1,6
0.74216889222332494,0.66982732332124884,0.022730867741786863,-0.67010730820147157,0.74222707817427347,0.0074269724558364671,-0.011896676467878732,-0.020744188515653739,0.99971403297735395,-16.804577884816624,-5.7401162909712333,-1.8884302567428004,,0.1175566360686265,0.3636363636363636,0,2
-0.99467057331763908,0.10063029832560078,-0.02244980255726051,-0.098112329967078277,-0.99073391954675416,-0.093916299799112202,-0.03169260614702666,-0.091213177328860473,0.99532694879480832,17.12738574643468,-15.458621676350873,-0.72939283494118146,0.1848463226220544,0.189149509048422,0.55,1,5
-0.47152585840934685,-0.85198813329423084,-0.22755128120303156,0.88142676959740629,-0.44732317536794319,-0.15162066684928438,0.027390047250964378,-0.27206285579724532,0.96188959231662219,6.807819143647726,11.072314092882122,-0.79975771504274473,2.000329523172359,0.5445255147639663,0.3571428571428572,1,1
-0.63541484301893103,-0.75117129868464338,-0.17885652714859007,0.77216990306010813,-0.61851508966127289,-0.14557721205412552,-0.0012720374882268131,-0.2306095485745,0.97304553748881373,15.751376702683965,4.7235482307296506,-0.47592100865064901,,0.4764334896139433,0.3636363636363636,0,5
-0.23195819440052634,0.96586857949210236,0.115296501249416,-0.9716607492067757,-0.22452582925312722,-0.073915765903652536,-0.045505873262422267,-0.12917445238167072,0.99057719353441609,-26.532867351326374,9.0928106133393083,-1.5708767583206718,,0.2639916186514396,0.1666666666666667,0,1
0.15778769470954337,-0.98678060324660555,-0.036974105188821667,0.98664739992648276,0.15907606505459407,-0.034953021973190515,0.040372659270349172,-0.030965247988877408,0.9987047620795787,-21.08621043988941,5.7751837644795252,-1.6772525547767654,0.5303432137220029,0.4946342660738993,0.9782608695652174,1,2
-0.97495678145836373,-0.20755445252664048,-0.079877553322052972,0.22168977732616499,-0.93558560103504873,-0.27483308710008841,-0.01768945780475668,-0.28565841904669265,0.95816822672760349,15.782900013449801,0.28940589027636654,-0.64476553246886326,,0.09844549894498122,0.1428571428571428,0,3
-0.99971174498742144,0.013165374227925497,-0.020077346827814951,-0.01070657898990989,-0.99295578691852693,-0.11800073894405262,-0.021489441606019368,-0.11775176493984413,0.99281051855478109,0.14493515733850049,29.351506206972228,-0.36480576867565739,0.4310555399149455,0.4517780373793649,0.4333333333333333,1,5
-0.57613300820721924,-0.80011668319107798,-0.1669851793825077,0.81689862762833221,-0.55683265998423337,-0.15037958955200686,0.027338416798481317,-0.22304860917340602,0.97442389590606859,-6.8151151668773906,-16.716416804482638,-1.5597582977660629,,0.2681769819504843,0.4927536231884058,0,5
0.90511745627175511,0.4242227545988777,0.028239065719103909,-0.42497446809702227,0.90469169917524561,0.030489849279061218,-0.012613160500069585,-0.039597776755106125,0.99913608895798167,2.1008424443687397,20.374004929979694,-0.60625098771724062,0.4245069619055078,0.4348716297290516,0.9354838709677419,1,6
-0.30617140388889902,0.94669147819955035,0.10017143577413189,-0.95109965053183676,-0.29967626877545145,-0.074857121845828586,-0.040847597223319675,-0.11819212764466885,0.99215023800022717,12.100540362951321,21.308021068372515,-0.0080205613017118958,,0.4948892322553045,0.5,0,3
0.13793104589077884,0.95890794708965588,0.24793260291413563,-0.99043996421727987,0.13402572790303924,0.03264630976595672,-0.0019245416987356352,-0.25006529800906613,0.96822706162908256,9.7522352811945421,13.517030904099204,-0.52874087546975745,,0.3518771344110935,0.3809523809523809,0,2
0.95139897819614083,0.30618549284633989,0.033021633178639972,-0.30795852953855074,0.94633661039421813,0.09802328249980595,-0.0012362733493362984,-0.1034285444064024,0.99463611830165266,21.384156439815683,5.5312098706307875,-0.27661378423324023,0.3514951032751106,0.209453747763062,0.7,1,5
-0.44757545052521924,-0.89298197265920998,-0.047533278792989644,0.89379518203696029,-0.44502937205192278,-0.055489013134021978,0.028396983196518611,-0.067320535624253455,0.99732720650175744,-27.495868624840231,-24.110580970234636,-2.3030667841348893,,0.3559520430758407,0.7272727272727273,0,1
-0.40538904348551075,0.91413450793024642,0.004221946592613616,-0.91300113055233878,-0.40464689466662201,-0.05186353484686991,-0.045701849328617136,-0.024879550795537837,0.99864525679550387,7.5607253300897357,6.0956573148278723,-0.76454897172589031,0.156860363014017,0.1482015196754568,0.5600000000000001,1,5
0.99966593742032372,-0.012387867302377235,-0.022683789481610175,0.015075294128065558,0.99236367209548748,0.12242172116137674,0.020994024590335877,-0.12272278944377149,0.99221891127041173,-18.341752371205896,-10.558352055735828,-2.0475880605403072,,0.2908358973440583,0.3076923076923077,0,1
-0.40483523356873796,-0.91354099199143857,-0.039386414061767516,0.91390712780485472,-0.40284691040889858,-0.049881143947258524,0.029701774506377631,-0.056189169110286895,0.99797824719072359,9.6941713275844172,1.7306269611801792,-0.80638272087391205,0.1920753842378302,0.1667210953087518,0.6046511627906976,1,5
0.76418910365299519,0.64240954577246645,0.057662720699301978,-0.64473881808133127,0.76333597963444566,0.040373737189045432,-0.018079555224637462,-0.068030564424640019,0.9975194093284323,1.0741301014043436,-13.047706449524254,-1.2126907003070371,0.1254115851660021,0.226309104307564,0.2432432432432433,1,5
0.62314026287321556,-0.75219811702475126,-0.21422932929624589,0.78078766675579603,0.61421670364379244,0.11449218491667519,0.04546242655578793,-0.23861230837778047,0.97005017089957091,-14.98082782682018,16.828706942350486,-1.3529802710838916,,0.07750752953571829,0.2,0,1
-0.59965211384203054,-0.79778224581719204,-0.062935130282400692,0.79950978346961465,-0.59382757940642217,-0.090293477464764516,0.03466191715925801,-0.10446192701260788,0.99392467385796279,11.66243503019845,23.191886968554936,0.052534315130121946,0.383236365292497,0.2248293271122799,0.4857142857142857,1,6
0.95584837936411093,0.29134896714206426,0.038336079771599717,-0.29325780919973288,0.93738713929738104,0.18789680258919964,0.018807791214683588,-0.19084320900971022,0.9814403377508486,8.955251241782145,5.4810318102183837,-0.7119566772315461,,0.7117635280766174,0.6521739130434783,0,3
0.99849866083041694,0.050129655870759154,0.022078086922173768,-0.052645935744458784,0.98957280192733166,0.1340674275701611,-0.015127120329200567,-0.13502846843525018,0.9907262401605077,19.978697422745949,-7.3787322217694555,-0.65699644995616691,,0.2627746371484846,0.1851851851851852,0,4
0.59876374755054551,-0.7899485420578124,-0.13214868716701778,0.79697420206377179,0.60401317498735896,0.00045352674415411972,0.079461285315832714,-0.10559064988165291,0.99122980120329762,23.819739191166104,-2.60754517282599,-0.57591664051998293,0.4637481467427312,0.1866942446430719,0.4583333333333333,1,8
0.93613705326625674,-0.33384569251489526,-0.11042857914154734,0.3504044283395274,0.91191933392426783,0.21358807320440518,0.029396498125116334,-0.2386423726088292,0.97066248711568626,14.717805497600008,2.846877533303922,-0.57361904557753507,,0.2809015786861648,0.25,0,4
-0.56011154021211862,0.82802125178737196,0.025609941618068531,-0.82680918844258788,-0.5568318967136684,-0.079528640810508311,-0.051590972350949962,-0.065719444540647487,0.9965035505110611,7.566313142588605,10.223548278277498,-0.75846181462711815,0.4372520849027364,0.4216496593380835,0.7878787878787878,1,4
-0.18608191548202677,0.98223270963147058,0.024339779386028205,-0.9816263498233545,-0.18478822437611667,-0.047571225172373187,-0.042228308787098344,-0.032744713496114561,0.99857125618307263,-8.9693370036043572,-5.4252930295900983,-1.6128480206070059,,0.08227732740825058,0.5083333333333333,0,5
0.79903540905005943,0.57962806349569429,0.15991786358139312,-0.60121049340041255,0.77432090068952231,0.19741602108390455,-0.0093998781607997298,-0.2538866888271219,0.96718829166143405,7.8090722858361614,11.540418874954781,-0.72494516430724776,,0.2502220218275447,0.2571428571428571,0,5
-0.69929686060568153,0.71003684881943907,0.082653336687643061,-0.71289528661625923,-0.68422090524482926,-0.15369470760657311,-0.052575765019271387,-0.16640140066871195,0.98465545384572484,-14.745865433411103,0.54448684921921298,-1.8095300232312974,,0.1724895766705298,0.3596491228070176,0,6
-0.85737288900374653,-0.51216232945351536,-0.051004681060846657,0.51468286476858072,-0.85242977455305879,-0.0920055877054691,0.0036438873441245957,-0.1051343319005299,0.99445135343105284,-16.295691421616187,-3.8867325649943751,-1.8613342710738516,0.7057770480899083,0.5489514783284719,0.7168141592920354,1,4
0.84095509042969629,0.53919605041838403,0.045410957858214966,-0.54110485115283879,0.83803106069803701,0.070067691300561771,-0.00027557077003626906,-0.083495871266441091,0.99650808503604826,18.347462248676916,-6.5746321538060011,-0.66588698155118597,0.6569361276422083,0.5767306886807569,0.6644736842105263,1,5
0.55142095642248889,0.82623332838783425,0.11521031151450863,-0.83317556126419934,0.55238074243231183,0.026343870293023271,-0.041873773775420113,-0.11051697811237271,0.99299173441611044,26.437067517827362,-4.4806210589404616,-0.6177402559387154,,0.2700884967015982,0.3333333333333333,0,5
0.92160824322573065,0.38784504274304338,0.014644754625121457,-0.38811349586817834,0.9206918200284343,0.041164145293098996,0.002482003901009919,-0.043621042541149242,0.99904506620285083,3.7717561890974811,27.281852214985999,-0.20980729299702577,,0.30150445954729,0.4210526315789473,0,1
-0.19930933968061201,-0.9713251546256193,-0.12962727763706103,0.97913986244084494,-0.19206399339335736,-0.06630650210288648,0.039508440812086744,-0.14013873994479056,0.98934332598511232,-6.0370895100828275,-12.968754554936501,-1.4644592883475198,0.2569545602143476,0.187828484570153,0.375,1,3
0.13179566340351759,0.9844916819052798,0.11578441763614146,-0.99051381269258865,0.13537500648088574,-0.02357953531119945,-0.038888172664945896,-0.11157838446407924,0.99299444819554128,-14.976404440048254,22.357368189852767,-1.1880675857257597,,0.189111068666905,0.2631578947368421,0,1
-0.88128724025016392,0.47257243905534341,-0.0028442956128648207,-0.47134617792617056,-0.87940338278342178,-0.066951257669034384,-0.03414060231806771,-0.057662641236404938,0.99775219322184439,-15.992874016832918,-5.4539612862741382,-1.8612188543452872,0.1903312069542374,0.1108146779055599,0.6829268292682927,1,3
