axis_00,axis_01,axis_02,axis_10,axis_11,axis_12,axis_20,axis_21,axis_22,location_x,location_y,location_z,dbh,dbh_approximation,score,reconstructed,number_clusters
0.98285568854350858,0.18403530347277197,-0.011211715896722417,-0.18316509399231853,0.98155034047194345,0.054858704525313343,0.021100801891141777,-0.051864594812793451,0.99843117938316317,-6.5223417602002494,2.5962031624074529,-1.1858271878903652,,0.2035674385956701,0.2693877551020408,0,5
0.44933792246950682,0.88866912650023333,0.091447334767616892,-0.89280114775303943,0.44307085399711571,0.081205473393875599,0.031647148396725229,-0.11813298414744161,0.99249335315395304,9.1997088740552861,-9.9112207577056974,-1.3904149129650327,0.3858835208600604,0.2830109290974082,0.16,1,5
-0.36514348192085633,0.9207932314818057,0.13714978114458606,-0.93052175928918168,-0.36546716025416021,-0.023727837346200157,0.028275309018309085,-0.13628492078382959,0.99026608912295178,-7.7153605494600042,18.918290556193789,-2.1445458162109725,,0.7691350848697882,0.25,0,1
-0.48213180353849239,-0.85071866863023449,-0.20934820481848859,0.87563933560935048,-0.47565630810892562,-0.083706812684539028,-0.028366845970922022,-0.22367123954632689,0.9742517634828658,-33.08244576682408,7.2411012747299148,-0.52363917184517528,,0.2875877779157513,0.25,0,5
-0.17136072811452152,0.98242678359025237,0.073980509220818863,-0.98473378447069326,-0.1731250488001084,0.018085662829597584,0.030575718831890489,-0.069751934471172436,0.99709567898744911,-5.3535839931606937,5.6789919686459314,-1.3356721500652082,0.9003881682707652,0.922544754416325,0.7981818181818182,1,5
0.63358507556749455,0.75811913923740526,0.15435453585841469,-0.77319074726977155,0.6134171375892199,0.16092073716043945,0.027313373181339789,-0.22130247633902053,0.97482264726034817,12.512485347882043,-13.225758803246647,-1.6703524906506768,,0.2571949529398102,0.4102564102564102,0,5
-0.34016874663137581,-0.93859292089563306,-0.057693610216754503,0.93972356469543017,-0.34156119193208773,0.015986685774283613,-0.034710888368825486,-0.048777874190409513,0.99820632797939712,-3.5852243477915113,-16.770302709638841,-0.25822827966140421,0.2561996859018859,0.105536631644,0.2608695652173913,1,4
0.999853214328142,-0.014294296051488664,-0.0094457873188989495,0.015751659461720677,0.98380459756804184,0.178550830376631,0.0067405505623399972,-0.17867340849822846,0.98388534803285965,4.5064610279542174,-4.561602359608842,-1.391645991271947,,0.137708680005106,0.3707865168539326,0,5
0.61949901462012991,-0.76491920265972102,-0.17640743829868499,0.7849344897442706,0.60075965088115013,0.15154434559910318,-0.0099407089580992088,-0.23234985533796904,0.97258147577970833,-10.932952703611472,-16.757124978390824,0.12590176587663668,0.583466475090814,0.4080330748709421,0.2075471698113208,1,4
0.67002196773380218,-0.7378927774849755,-0.081146852616925919,0.74212132720311852,0.66314876573868631,0.097414835674758213,-0.018069268507796325,-0.12549088984769532,0.9919302082812218,-13.87542804052169,11.631947937770267,-1.4522935033588713,,0.08321789892649353,0.3513513513513514,0,4
0.67203069065434995,-0.72506410205028193,-0.15052175502782406,0.74030133114614438,0.65282772573695447,0.16053005828306285,-0.018129807552339092,-0.21931258155230177,0.97548618731942127,4.6639336679356216,-17.420221881837168,-0.76006153548779531,,0.6099323817030192,0.7777777777777778,0,6
0.40361242110390338,-0.89908912709975797,-0.16951623834205201,0.91407033534910764,0.38822153852478081,0.11730072062958989,-0.039653947664945705,-0.20229379267898023,0.97852173500548201,-11.872856432124495,12.640635236181248,-1.5985893615660873,,0.1950587632731579,0.2631578947368421,0,4
0.90948078992973869,-0.40046032336282977,-0.11169701052810992,0.4156946097874864,0.88015597335178464,0.22917995978445171,0.0065333102182912241,-0.25486661606674021,0.96695414776104105,-8.6347498073337121,14.763283010412652,-1.8496020006615219,,0.4247880191857458,0.5833333333333334,0,4
0.95574766853410309,-0.29293950322893209,-0.027071046149217966,0.29411052491205575,0.94933557993771611,0.11072920030541181,-0.0067374496348157438,-0.11379105462340799,0.99348185824408053,-16.211484996481857,-16.745550312370941,0.39334933788125476,,0.116013581547708,0.2727272727272727,0,1
0.26910276188566978,-0.96262702867405248,-0.030543529784075409,0.96265573131306803,0.26786463349121004,0.039274433092325756,-0.029625099419384203,-0.039971762417810364,0.99876153895392228,-10.024002426229698,2.6152483035362102,-1.0210252666888975,0.2348899746259829,0.1918904922217076,0.7905405405405406,1,5
0.82580832507151813,0.54449915953443939,0.14683758207237674,-0.5636038863992342,0.78770146526691531,0.24875100171061215,0.01978053281011611,-0.28817888000796116,0.95737227014317894,-13.814713368971761,6.3754781927062298,-1.099317072274538,0.6408709556541526,0.3772674584090041,0.3867403314917127,1,3
0.88455035866485243,0.46564884984443922,0.027236218981913599,-0.46583692126392362,0.87891065838518079,0.10252812962439414,0.023803902478984097,-0.10337893022989905,0.99435716471059432,8.3299855551557211,-15.208845552055809,-1.1520872386646119,0.2575155252182544,0.2346506373244036,0.3529411764705883,1,5
0.9993243853376782,-0.020933845925168223,-0.030208392281833793,0.024204079293441261,0.99337923515422677,0.11230252762053393,0.027657465809951692,-0.11295782070837458,0.99321477804439984,-13.13960086697929,15.137233818167367,-1.7261222235105884,,0.1869448497749795,0.36,0,4
-0.35311114081875933,0.93432623540769855,0.048445929225789858,-0.93514864987419932,-0.35404905494788852,0.012094185750514644,0.028452150501063023,-0.041033553579760219,0.998752583282006,-1.9383436010016382,-7.596885559823785,-0.90215240044119616,0.6701776020793752,0.4170321850750653,0.325925925925926,1,1
0.56365945779290982,0.81925773154087311,0.1053792434547996,-0.82565900335604336,0.55511361776661017,0.10067810857962761,0.023983865779069243,-0.14375548921891229,0.98932256291955833,-13.155099192292258,-10.834199636630661,-0.15342496558286076,0.2128417065997691,0.1786356383580569,0.5419354838709678,1,4
0.24627189928251456,-0.96883663665743258,-0.026565449254552113,0.96869542479651949,0.24516598959226743,0.039023217775249058,-0.031294178405467436,-0.035344151108174536,0.99888511120166801,2.9306799597340607,-8.5176912974018251,-1.0935327988941459,,0.08549573126378905,0.25,0,5
-0.30239600300333153,0.91676346681956866,0.26096245567624399,-0.95273036290405588,-0.29913478948523997,-0.053134106940164495,0.029351541157437572,-0.26469439666261868,0.96388555513976715,-24.501712812879671,3.9596927555642729,-0.5101014138094756,,0.2752268670209495,0.4310344827586207,0,2
0.54176401069211721,0.84035049067451018,0.017401423559627538,-0.840058521826198,0.54064985774217922,0.044714776422845111,0.028168007135314879,-0.038843070765214177,0.99884822632247472,-10.33643178391951,-13.198466151583128,-0.14963689990657636,,0.07635593497103743,0.3888888888888889,0,4
0.64308141756259263,0.76483302592397573,0.038428281794278311,-0.76534552979868997,0.64016751479897749,0.066571563097638065,0.026315592390217475,-0.072221848855282003,0.99704137032776941,0.51825320913305839,-3.6902310543271915,-1.2208154835277589,,0.1090105081585597,0.3481481481481482,0,5
0.78301891357459397,-0.60657784305271867,-0.13763975189593666,0.62110255850560925,0.77437673593403111,0.12071571008755834,0.033361546760456856,-0.18001108621878908,0.98309868072136231,-37.463612028141434,-5.2218924744863706,0.44080071286312272,,0.5766565765327164,0.425,0,5
-0.0032571019459006179,-0.99480225706245606,-0.10177357530497715,0.9996658964871683,-0.0058487793212885931,0.025177116216078776,-0.025641503220776279,-0.10165756796173468,0.99448894020430678,-0.19002230982332496,-10.422053011953832,-0.82420671524795719,0.8179225238576411,0.8613417412674638,0.4479166666666667,1,2
0.21179538901780257,-0.97669108333718535,-0.034888979928241921,0.97686325635996329,0.21047863386647561,0.037906767990841431,-0.029679817462495008,-0.042110241216807641,0.99867203626618894,-3.9582566304620226,-12.839777319708157,-0.49203049293252371,,0.07168574582829904,0.2702702702702703,0,5
0.13482895187854982,0.98624122783937407,0.09565246596515882,-0.99032198125793003,0.13091830137826185,0.046073547742706569,0.032916973929882368,-0.10093878775829825,0.99434794410869354,-4.2004538091346895,11.895437241477593,-1.8124690382065689,0.2759190500690119,0.4149665203746884,0.7045454545454546,1,6
-0.40938578780552964,0.88816542681736099,0.20872338476840802,-0.91231672036653899,-0.39624592924558982,-0.10328293806791763,-0.0090265432192005168,-0.23270440082352151,0.97250562124590223,-1.4490269412850139,-15.175910025938501,-0.40934047253430661,0.7112511852547163,0.3750856336361423,0.2,1,3
0.56992161441685429,-0.78852019646006533,-0.23113903433878605,0.82133939495664843,0.53834779522495801,0.18863522912932751,-0.024309498405635451,-0.29735088893596201,0.95445874564396971,-18.826385651497628,9.9202798881619927,-1.1544270281943401,,0.6834137167797895,0.4927536231884058,0,1
0.88171469435428329,0.4716742903897036,0.010127267405454844,-0.47132377835587241,0.87970660324509131,0.063009429162050212,0.020810903778462928,-0.060329561513014253,0.99796154750149091,10.907072220957492,-13.564231374039741,-1.5085056996731077,,0.1069312321867889,0.5,0,5
-0.079747538281090699,0.99463767889799359,0.065849964726761315,-0.99633357469673745,-0.081587966569347081,0.025745128531397921,0.030979639606119859,-0.063555420126758938,0.99749735363177017,-13.534020664621556,10.163965632464359,-1.3792432579403351,0.1225873356939789,0.08022338962061321,0.2340425531914894,1,3
0.48931311494320551,-0.83477850703330359,-0.25242329476461961,0.87171744654914818,0.4594955079371606,0.1702133119570976,-0.026103044389699404,-0.30332939584026414,0.95252816687632391,-20.486287951991137,7.494689153533785,-0.93237720812586877,,0.7457385197009925,0.2692307692307692,0,1
-0.21019399991297275,0.95369270187701527,0.21514811825136704,-0.97712444069563875,-0.21220992900583874,-0.013956125055793809,0.032346712287668909,-0.21315997846184911,0.97648170171607607,-0.96055328548302799,-4.1064253405341047,-1.0913322522266602,0.4706627365727789,0.2926490880205961,0.4513513513513513,1,2
-0.063475082761919474,0.99306435676887483,0.098965131150259247,-0.99723867157917068,-0.066945415808550401,0.032145656148712259,0.038547967201636217,-0.096651407736467229,0.9945715457457952,-7.2504914662861806,12.852659443032213,-1.7701032980485982,,0.07892983413777688,0.1515151515151515,0,2
0.88379834176407357,0.46317617723129667,0.066093266982937965,-0.46786383055728836,0.87432929037171658,0.12904157490651388,0.001981704149564569,-0.14496937898568429,0.9894341574885972,-10.567148855373526,18.760060970482357,-2.0484480857819611,,0.2349464186516561,0.5,0,3
0.52181365204463326,-0.83261282842613049,-0.18565126037838026,0.85288343021406854,0.51362282656139113,0.093709372537496588,0.017331099391745479,-0.20723771368968036,0.97813708804980282,-9.6546877292562119,16.249482307739662,-1.8825237664755199,,0.2132539947222188,0.5294117647058824,0,2
0.99529378296359106,0.096821719819740054,0.0039799704988939758,-0.096743339839912665,0.99045020940077888,0.098229877810025276,0.0055688230932111086,-0.098152622324118671,0.99515579229598805,-5.9037838621834275,-6.3636448787327744,-0.70323580694789467,,0.0772284041859144,0.2751677852348993,0,5
0.9016589075548147,-0.43200715709234766,-0.019520006353634385,0.43230235150141599,0.89926551289614154,0.066604911245235363,-0.011220129830105303,-0.068493456159163052,0.99758846983611849,-32.882197596125486,-9.2104947138379956,0.54647101038119306,,0.1098809870475624,0.4,0,1
0.10378481916812532,0.97823521642266942,0.17967908242399996,-0.99362695664513423,0.093989152519453043,0.062221461223614626,0.043979339903712743,-0.18499162294321886,0.98175552817514899,-28.713668420114519,3.8148245689372384,-0.37643212430630069,,0.1667493041049395,0.3333333333333333,0,6
0.45749180630889213,0.88608191410172366,0.074566002052216376,-0.88856998033635703,0.45235984533041484,0.076249330342554683,0.033832487423657534,-0.10114055484555748,0.99429671173159362,-7.2974612904157024,10.235146502786176,-1.6126842307259031,0.7821746369434976,0.3676318883354743,0.3571428571428572,1,5
-0.8180600063833916,0.57371425854490399,0.040370478053600937,-0.57490920270663604,-0.81768227707732877,-0.029582129687618301,0.016038534821657624,-0.047409316551768797,0.99874677576694537,-5.8685814406659453,1.6235839166895312,-1.1208368886018609,,0.07181578648836037,0.3407643312101911,0,5
-0.16786705010520278,0.96650456148021413,0.19413805944975454,-0.98533728852753888,-0.17059648211166678,-0.0026959466467142566,0.030513625254557156,-0.19174402970904425,0.98097051216882269,-9.4735161938809451,18.434266021228449,-2.0697443986365545,,0.1230289840652348,0.2,0,1
0.053059612485612528,0.99703192376628746,0.055785486587210199,-0.99840725768731498,0.05189436116171401,0.022134206037540148,0.019173557838109406,-0.056871067077317657,0.99819740352763653,-6.6412504257221334,-8.1366812391629963,-0.60746781255203675,,0.08045135859125621,0.4204545454545455,0,5
0.81004462521082432,0.56945000755728492,0.13983702678497323,-0.5857616164581938,0.77501400139604759,0.23714262865281918,0.02666521800655397,-0.27400727459885654,0.96135788321288951,8.5660973206690461,-7.3962182308150339,-1.5443608485886766,0.3144331429739282,0.3146544893773043,0.3658536585365854,1,7
0.45192234026126427,0.89125205712640521,0.037894182148885736,-0.89165391849598996,0.45003292587868066,0.049230633307124058,0.026823273542367337,-0.05603691901795442,0.99806832216208852,-3.7523264981933417,-7.0682979520671063,-0.80193266178723044,0.3174339655231369,0.2675217649897745,0.7582417582417582,1,5
-0.057860460651091905,-0.98480724512960716,-0.16372799709725308,0.99819564160517182,-0.059706438466522807,0.0063719923166809531,-0.016050799783311774,-0.16306388670051378,0.98648494194307856,-12.117875373558858,5.5153743468250402,-1.0993882884892054,,0.1761990187854736,0.1710526315789474,0,2
0.23426074936496508,0.97058723471545749,0.055518655552585984,-0.97136015798214903,0.23134674560684954,0.054204490422975225,0.039766126186237621,-0.066626594573948678,0.99698523163767039,0.32117084845537969,-15.062238192373369,-0.49385130113561992,0.5046154683406717,0.3933872810146435,0.8367346938775511,1,7
0.44734435786419791,0.89421902791472352,0.015979849884045137,-0.89386369920877295,0.4464276145265067,0.041353019538878377,0.029844810669168449,-0.032782847701518632,0.99901680274793281,3.3668751719322185,-9.8236772254104512,-1.0403112830419321,0.1929931476044606,0.1467814714824041,0.6031746031746031,1,5
-0.27062698710785171,-0.96201461503771013,-0.035901452655468125,0.96228201394501889,-0.27140371655925954,0.018797560366702565,-0.027827315480391846,-0.029460195037836916,0.99917853130533563,-2.083099259383439,-9.8655674111796525,-0.79155576291046059,,0.07241205936004419,0.2115384615384615,0,5
0.84919153544227877,-0.51891661943938328,-0.097975906236109092,0.52786684146675877,0.839435620457612,0.12924564513689224,0.015176752389506784,-0.16147254000772374,0.98676050032941709,-14.984994201742381,-21.533744140956227,0.62886544178019477,0.603824039736529,0.3706246853677598,0.5294117647058824,1,4
0.16257686683324191,-0.98524393582660896,-0.053508403896763292,0.98607673872770529,0.16031493445291881,0.044179034976895779,-0.034948930038268315,-0.059945881495305095,0.99758962684108332,-0.20777186706258163,-16.081715922584785,-0.44846255812000868,,0.1099048886550397,0.4285714285714285,0,5
0.86777427134795404,0.49689353985554247,0.0080389076593697373,-0.49675792756003812,0.86685081662447105,0.042440819074843608,0.0141200351551743,-0.040822441956797802,0.99906664084028973,-8.6256387670737453,4.5457578736599178,-1.1905010817891639,,0.07396614121574055,0.3544303797468354,0,4
0.98034709618793792,-0.19371617042037037,-0.037331170803288127,0.19724703402908284,0.95899009491308562,0.20354755077210185,-0.0036302290021555657,-0.20691071305337852,0.97835309487992883,-8.8164360335483121,17.045903552228165,-1.9675789070961223,,0.4901737298508742,0.5789473684210527,0,1
0.99220914725655274,-0.12408766856945092,0.011102189397702709,0.12262743339748766,0.98847507124640643,0.088766807438123596,-0.021989103637235434,-0.086713805321934165,0.99599055983870699,-3.0581292195853966,-3.3779476503842356,-1.0224134954929252,0.2057767388347665,0.1616868532891145,0.2267002518891688,1,5
-0.25145307187772403,-0.95107385515486775,-0.17952680770323279,0.96737141193946863,-0.25291233985428585,-0.0150963476267955,-0.031046803466620608,-0.17746512443375348,0.98363724289202137,-14.885207584660028,-12.027128747684285,0.018095810338983661,,0.7813520474265438,0.2710280373831775,0,1
0.60979748335302664,0.79040070242935767,0.058427381384870677,-0.7921406571410442,0.60542854695164372,0.077262240714179614,0.025694524717721913,-0.093397024230964354,0.99529733610832649,-17.147115022926631,8.0107980765985403,-1.0954719714791801,,0.07126884718572489,0.2758620689655172,0,2
0.23759378520624458,0.94916907655646299,0.20646369496916347,-0.97091660613430919,0.2256030749112648,0.080151085602235897,0.029498087463487553,-0.21950242982603449,0.9751659069801728,13.226437604588298,-14.827328184734876,-1.6445171990359588,,0.1578041290842819,0.3181818181818182,0,4
0.75504859042512795,-0.65235578119918103,-0.065829786822026462,0.65552046859023005,0.74892758349352273,0.096955608098749257,-0.013947808296387223,-0.11635896793354149,0.99310928362651441,-31.01139797732894,-5.0032299686933648,0.2497176194450195,0.2401650658085175,0.1398228950168073,0.4166666666666667,1,5
-0.20129514411190016,-0.97866726336995513,-0.04111754570656543,0.97923426933886615,-0.20208938460456657,0.016128433976187132,-0.024093789850208037,-0.037017134385440194,0.9990241343694074,-5.2464218021620876,-12.586869633591085,-0.4582442387875244,,0.0916266044541439,0.3488372093023256,0,5
-0.72662633553130085,-0.65549709740760342,-0.20576132727643662,0.68627427638242178,-0.70657780373278511,-0.17255557031848681,-0.032276711234845719,-0.26659212772015878,0.96326883648828876,10.230031797317039,-4.1186406665165318,-1.7686280615117189,,0.3764804494470806,0.18,0,3
-0.51987040222997938,-0.85419596976464862,-0.0091657036320348367,0.85378017816709761,-0.51991149087263377,0.027412570611930687,-0.028181061977828006,0.0064254880301965996,0.9995821831392232,-27.947681605606018,-7.1381457699404827,0.26258145194823679,,0.07120988925903599,0.1538461538461539,0,1
0.20912565499409788,0.96626212516084631,0.15034615360206308,-0.97714478535585936,0.20048585339744521,0.070664637827916307,0.038138286211390954,-0.16168774866125066,0.98610473229658291,-36.805070966715618,-2.0690011938817343,0.25026358723776609,,0.2846442095426497,0.7692307692307693,0,5
-0.99282024234718103,-0.11327525415213266,-0.038427635660484342,0.11944719363411545,-0.95592322619994452,-0.26822220926766094,-0.0063509305317654245,-0.27088651204565445,0.96259034031779123,-19.763179367318251,-13.164897619526885,0.33939365089785045,,0.08550524991982489,0.3333333333333333,0,1
-0.040942528666266242,-0.9963681122576139,-0.074661196230783905,0.99869191281418557,-0.043099558354964831,0.027511658422414674,-0.030629603751217763,-0.07343713601310059,0.99682938080106664,-1.1883360330494352,-12.185293063090754,-0.70566621013589192,,0.0676882433759172,0.2142857142857143,0,5
0.26913896848036944,-0.95851905260828707,-0.093837313645661211,0.96262375586009352,0.2646575846710042,0.057548827354840751,-0.030326890693403684,-0.10581865933294476,0.99392287982410821,-13.946309321966881,-16.166413959120518,0.26605290934945286,,0.08878443900912132,0.1739130434782609,0,3
0.94494628272225889,0.32689263264929935,0.014755659558088264,-0.3269536848119548,0.9413633845367354,0.083284249659984377,0.013334570006900023,-0.083523559389862528,0.99641658169140213,-8.4849690451518125,-11.435056116772476,-0.35421695752317522,,0.07972022406464585,0.2452830188679245,0,5
-0.9806157027806105,-0.19079145362806882,-0.044625829769052952,0.19574697348923931,-0.96403015103603784,-0.17980264253685505,-0.0087158378765940219,-0.18505266578982729,0.98268995367520995,-10.401222924079857,-9.8232866174289963,-0.36096810568788601,,0.2509491272266824,0.2191780821917808,0,1
0.94850744585112678,0.29942656780583671,0.1033312907932022,-0.31620609258104593,0.91425913904586098,0.25326652697454816,-0.0186368500449972,-0.27289917032328831,0.96186210584327647,-15.228229549061975,-17.564562387044305,0.38671751313257169,,0.4810057544434473,0.1481481481481481,0,2
0.97884905727891558,0.20068537430641373,0.039748001253819644,-0.20457231508859497,0.95808612662860992,0.20055209263700297,0.0021658632162903273,-0.20444156744968228,0.97887637346870637,-40.423295937424818,-5.510903505966974,0.49540964756828487,,0.1757149685559629,0.5,0,3
0.95864992855500764,-0.27930925689622155,-0.054558716018263592,0.28457563049132389,0.93904200399894355,0.19291662773362889,-0.0026504739098053886,-0.20046559240361056,0.97969715792704293,-9.2553527058527258,-15.731602709122976,-0.017904837020598925,0.243255030820593,0.2832206625988042,0.5657894736842105,1,5
0.73756448576093281,0.67515276616259678,0.01293722100016052,-0.6748743836058001,0.73632852739920962,0.048629888862770594,0.023306559096192881,-0.044598678019736021,0.9987330785660351,-6.3903279780588713,-11.533257778278932,-0.45677967853747387,,0.0618789148896805,0.1590909090909091,0,2
0.9289003907449882,0.3643435034426965,0.066316480402008521,-0.37004876427985606,0.90621853720700984,0.20452842070807542,0.01442137749175647,-0.21452686153833919,0.97661161653430639,5.6096403563029034,-3.7405098979447224,-1.5235610658890917,,0.1011380675953782,0.1590909090909091,0,5
0.65931274463974421,-0.75070266245713968,-0.041859495163814826,0.75155028483328457,0.65639087984057598,0.065750910481330138,-0.021883192697056856,-0.074809928765350447,0.99695767233895505,-18.103750333288243,-15.17372594951004,0.37380647680847984,,0.1104841354968277,0.2,0,1
0.4476741401597874,-0.87256879846007218,-0.19547776391738134,0.89379189964125538,0.43007076967089641,0.1271816543781272,-0.026905470965392638,-0.23165237971716873,0.97242648596359293,-19.22930926218676,-11.925005053487252,0.23980200277648198,,0.09192256740422565,0.15,0,1
-0.5119510830022973,0.85798073115806506,0.042132571417464022,-0.85881819312620511,-0.51226679838673894,-0.0037467887639015532,0.018368444904677855,-0.03810239142196746,0.99910500349048004,-7.8113712182389499,-16.267543788088684,-0.020978096536161367,0.2733680194684989,0.3122483503930962,0.9145299145299145,1,5
-0.5057749736064755,-0.86256579466187588,-0.013112053717669964,0.86218677361514662,-0.50594220573901605,0.025621316419011584,-0.028734012536934535,0.0016535813452824117,0.99958572528436085,-14.930660524931548,-15.152220564849859,0.23497409164273858,,0.08704135956380829,0.4,0,2
0.98412146035117054,0.17745436856500227,0.0038598385297083401,-0.1772250869383204,0.98118336403359874,0.076619023117076523,0.0098091710141024104,-0.07608648513965291,0.99705297098153678,-8.8095392361107194,3.481411727389736,-1.138365503308469,0.7565037337081963,0.5679581085785819,0.9740725967291584,1,5
-0.87565588198870148,0.47944987948392159,0.057918817334630383,-0.48260373454382854,-0.87318350925824717,-0.068148327666957623,0.017900048685386336,-0.087626321515319266,0.9959925783030491,-14.672329225924505,13.385720592371843,-1.5612739910755336,0.4698895134806538,0.1750271135557714,0.3833333333333334,1,5
-0.88314526566839413,0.46485397966816988,0.062969971527447849,-0.46896863072328254,-0.87807979941342618,-0.095101468230560135,0.011084363988628682,-0.11351935274984354,0.99347395206227007,-18.240432349455425,-6.4406424798535724,-0.10975211047825184,0.7619588207267238,0.5717570240700358,0.6,1,5
-0.11119776672634582,-0.99290179000511902,-0.042202986620668792,0.9933390128404217,-0.11233703829315743,0.025651420949709649,-0.030210300301233204,-0.039069492345727534,0.99877971171002322,-13.824924655704233,9.0764668369032364,-1.2955595671558537,,0.0723833495414706,0.1914893617021277,0,2
0.92527175679850793,0.37781990307296376,0.033530537021316323,-0.37906210989447048,0.91789738363040863,0.11737252645658452,0.013568084365666814,-0.12131163986355822,0.99252173433142465,-11.827851703098856,-9.7293507827527463,-0.31285649724622283,,0.07540568179563498,0.3137254901960784,0,4
-0.92042262435660138,-0.36796212951683926,-0.13200781724556213,0.39064903020819125,-0.87842780831169309,-0.27524156804907512,-0.014680864072137896,-0.30490729218263507,0.95226887768316115,-17.993953083587474,11.796575741617904,-1.3222201832838174,,0.7276096053056362,0.3,0,1
-0.81961213601682725,0.57283643704956555,0.0097140559136050485,-0.57272146579844563,-0.81965703121135081,0.012348028161397163,0.015035594687729038,0.004557145395270727,0.99987657404213282,-17.379983382100445,6.1201029591917555,-0.92310115999634457,,0.1908033370067101,0.7246376811594203,0,2
0.95328597591164488,-0.30028218495264991,-0.032809412220358734,0.30196590824170405,0.94448062947259726,0.12951035020726859,-0.0079017966277111582,-0.13336772454799203,0.99103512130445981,-11.020375522779661,6.7395706981976895,-1.2177568416543074,,0.09335614793731951,0.3448275862068966,0,5
0.70116839826167321,-0.71128681304291619,-0.049335047080239502,0.7126261700817319,0.69689784416170542,0.080606057572671905,-0.022952537850984511,-0.09167586593001166,0.99552434255129119,-11.059026118987033,4.9466543704896608,-1.102814655193969,,0.07742845206245375,0.3416149068322981,0,3
0.99771004265169039,0.06755480720799259,0.0033194600545846833,-0.067458573351364515,0.99033340780438994,0.12119852419870558,0.0049001707482093856,-0.12114491078719157,0.99262273745718876,-8.4194181930221248,6.457280144349939,-1.2650540272062805,,0.09145249725813752,0.2470588235294118,0,6
0.97842241410686837,-0.2043375243202617,-0.030590124680257871,0.20619734892403144,0.97508962463503901,0.081748866816609492,0.013123752130718917,-0.086292526233532729,0.99618340030651287,1.6963970162124178,-8.8295057105950736,-0.99972921395466929,0.756684221003275,0.7015156538365418,0.8478260869565217,1,3
0.60708500066121573,-0.79183230864243181,-0.066703800207844943,0.79429339058667381,0.60221290887247991,0.080234793311080174,-0.023362612064945915,-0.10169172718241488,0.99454159338871306,-16.338637736860775,-11.390564840414587,0.057610009647630953,,0.08381095475487189,0.25,0,1
0.19939202742175524,0.96207617428765846,0.18615115972957724,-0.97912057729330393,0.18793077450474518,0.077491413168657361,0.039569110698510129,-0.19771560095771704,0.97946047731210639,-5.1293779649912379,3.574415304470981,-1.2912487150010399,0.6736352884525876,0.3399566468148215,0.2337662337662338,1,4
0.99117503810927865,0.12095889805490179,0.054230884285733798,-0.13135549824605153,0.95123458423263796,0.27910302549469274,-0.017826298258481088,-0.28376347675679375,0.95872859159894441,-8.64338442460053,12.833645822891601,-1.7271037888248855,,0.6913287899003523,0.109375,0,3
-0.67291398888866372,-0.73729062078753105,-0.059910800834956271,0.73927129854657925,-0.67311868379597817,-0.019727763938825912,-0.025781984081981939,-0.05756542385415285,0.99800877314445002,-11.93327804664,-15.292481878486162,0.10103415636239835,0.2136280528407715,0.1406484330332891,0.28,1,4
0.98960266592948043,-0.1437831769186432,-0.003600225054909245,0.14371492670119915,0.98751972823803191,0.064426750530750823,-0.0057081896020365064,-0.06427429016227873,0.99791594445404141,-4.8923715980343436,-15.291445241435289,-0.23877274514733676,,0.08455262645082445,0.3513513513513514,0,5
0.95576501218140653,-0.29351334748854085,-0.01905666119619177,0.29357616156949212,0.9479778227604192,0.12308974332794158,-0.018063190415840601,-0.1232394514775446,0.99221255724341395,-8.3235939580302336,-14.261245529695065,-0.16719408197332297,0.4792706639993252,0.33387504327707,0.9351351351351351,1,5
-0.38464265821409588,-0.92246667495837464,-0.033245436878369422,0.92263715350452802,-0.38531187451181015,0.016596455442538242,-0.028119538670741677,-0.024289770510123532,0.99930941084006075,29.225155545883183,16.484201555783937,-3.3267795118839012,0.442802605551871,0.4298310857882001,0.84375,1,4
0.79881240018726374,0.57901890236564113,0.16320496319153413,-0.60121436067952638,0.75892659017678765,0.25014340534050089,0.020977173779381415,-0.29793882161598512,0.95435445027217602,-38.61608868283404,3.9759527456521186,-0.16315596624296658,,0.2016674679752354,0.5,0,1
-0.0063714252528126215,0.95361657412195355,0.30095653257597915,-0.9994871926627783,-0.015517677412736205,0.028009880235248395,0.031380832419273474,-0.3006237369996303,0.95322642226758014,-31.769398631133896,-7.7952596318554876,0.42095292736280471,,0.7790939787204467,0.3157894736842105,0,1
0.90755851356014994,0.41502794616008098,0.063948013031179779,-0.41941902617287691,0.88841318508384404,0.18657355936298925,0.020620983213383841,-0.19614743555632891,0.98035756669492224,-9.5420323394982081,9.0028564254404362,-1.4435005455881058,,0.1458489883645969,0.3870967741935484,0,4
-0.065914736204458882,0.9814968396588829,0.17977541903920075,-0.9975270667786954,-0.069221055581679028,0.012173598812567918,0.024392593035342729,-0.17852842687869552,0.98363235113594649,-6.193990741171211,14.678481958933506,-1.9046642583017985,0.6681431475214298,0.4906634300334091,0.6732673267326733,1,3
0.4117993004562972,0.89470149378603325,0.17300454664761342,-0.91038145462167419,0.39551057014945629,0.12156066790281467,0.040335384275230424,-0.20755872883859675,0.97739062347573036,0.79720524036518925,-11.936008227996274,-0.81521915838045556,,0.235181252768853,0.2105263157894737,0,3
0.84152268456233936,-0.53586437269205489,-0.068475874922075658,0.54002006842252848,0.83095978674622095,0.13373166607652395,-0.014761336928651014,-0.14951657730842252,0.98864902571238766,-39.917613193781712,4.9525694330145651,-0.21417819123309226,,0.1802257063017636,0.1,0,1
0.61290072308776822,0.7776447673041228,0.14007612045957912,-0.78996227983639489,0.59907746739252798,0.13063607655712536,0.017672013868694006,-0.19072179725209787,0.98148504623287747,10.392450582876462,-9.4759882484479405,-1.4839956906175455,0.6496229827631563,0.3506306164557688,0.5777777777777777,1,3
-0.14450637505441608,0.97028747710738161,0.19406215328400572,-0.98866511811141033,-0.14965327312292781,0.01204915239119024,0.040733178103165145,-0.19012130236295688,0.98091523517041435,12.79405381433302,-18.701346821509993,-1.2635339084893873,,0.4001562218913655,0.1724137931034483,0,4
-0.1584983786763732,0.97998958823672444,0.12041042689309266,-0.98688528746624116,-0.16101799375652187,0.011429569952556066,0.030589104917220406,-0.11701971045187427,0.99265839744905393,-2.5356574437624686,3.934049610730177,-1.4401331953452046,,0.06894017229948025,0.2156862745098039,0,3
0.27330445070003873,-0.94289919807533729,-0.19038324373861112,0.96147549703667545,0.26170494100611313,0.084115352053380901,-0.029488062425791862,-0.20603792398942541,0.97809960027212972,-9.5129333699757694,13.536942504243916,-1.7431848341239697,,0.4112572849677916,0.2173913043478261,0,1
-0.35509682153035005,0.93364687496928811,0.047008086529097326,-0.93455979402982825,-0.35575314440278566,0.0061393509801634322,0.02245526045205383,-0.041751803645054236,0.99887564199474665,13.740103568663764,-20.962088382144554,-1.2884209380517886,0.2754617311917621,0.2759616827396124,0.3793103448275862,1,4
0.66229973901363315,-0.74291621781246897,-0.097131606666874967,0.74892259381988513,0.65266619548137816,0.11463762794980621,-0.021771636791200089,-0.14866852587914758,0.98864739176531113,11.092221778914567,-11.060590775472255,-1.5296355121421639,,0.1628433761599745,0.4,0,2
0.11522669019930411,-0.98740888289833761,-0.10838130760961895,0.99285888247200471,0.1110906947804348,0.043475246171153684,-0.03088768949202449,-0.11261685267604284,0.9931582930888645,17.115680320287463,24.925354800724499,-3.1931065017430584,,0.1861184977188027,0.5,0,1
0.31559600340540606,-0.91902238538419179,-0.23621392380061998,0.94845137155793979,0.29791891191700209,0.10809402255468738,-0.028968231295655091,-0.2581514615200538,0.96567005984997911,-4.7873413694911715,8.0975252581023529,-1.5652364676641131,1.156918279668572,0.6818127207490881,0.4628571428571429,1,1
0.7075150238843142,0.70245020703161098,0.077370521642453616,-0.7062893301188925,0.69913091473164768,0.1112265536043269,0.024038992037618657,-0.13334043163173318,0.99077871200085799,-7.626986663507469,-13.916743996318976,-0.21186908729874068,,0.09334468812699817,0.2631578947368421,0,1
-0.96974005816127939,0.22652067057997274,0.091063743594019045,-0.24037193299942836,-0.95114769558166268,-0.1937508581034178,0.042726495567459298,-0.20977713647986493,0.97681523308496354,-3.1414895216592722,-19.263509847747681,-0.20387914302264845,,0.4733821720868712,0.4285714285714285,0,2
0.89181955541297231,0.44356627470358267,0.088920416826484494,-0.45220958124446098,0.86850071065114964,0.2030098771714301,0.012820889739764944,-0.22125884286065423,0.97513083698663072,6.5742362768598115,-20.020763264745682,-0.73344631927664994,,0.4841730446731036,0.125,0,3
0.45713965107414162,-0.86142279455235182,-0.22130094541467521,0.88899316600173339,0.43508414606931156,0.14280383972902463,-0.026729949832107296,-0.26201632556914289,0.96469319211717186,-18.236958499807297,16.663756625359461,-1.6606855592712437,,0.6109008848373365,0.40625,0,1
0.81362429751799059,-0.5586955367261619,-0.16085645691306516,0.5812902127285674,0.77657602071826215,0.24296372698690899,-0.010825482637553082,-0.2911854757498355,0.95660536672026319,-36.063049746695079,5.278144470159047,-0.30406824246187564,,0.5674787898898735,0.2777777777777778,0,3
0.37434606636434981,-0.92588959299657247,-0.050926262165793108,0.92686211139161534,0.3719425993949394,0.050846132812760021,-0.028136258888042821,-0.066235672684565955,0.99740723207715321,-18.485931139572525,-21.191547301110131,0.73660527128111009,,0.08035197068254889,0.3333333333333333,0,1
-0.20299065479943529,0.96470118388351878,0.16776894789511113,-0.97871442712091794,-0.20518048601539338,-0.0043632904853253864,0.03021364277058905,-0.16508359692053934,0.98581668773576125,-34.10988101468196,4.883022302701443,-0.2803178015471503,,0.2253123857214698,0.2592592592592592,0,1
0.6265805162319702,0.74073780525089905,0.2422898275837416,-0.77891924582583716,0.58478303011146049,0.22652508950614852,0.02610871809544419,-0.33066041729505585,0.94338858551165072,-16.123714242298259,-19.914410716004877,0.55269656541015533,,0.5635696674192495,0.3666666666666666,0,1
0.3510858504707472,-0.93379155414807347,-0.069080091205477506,0.93548352695017634,0.34664675852965637,0.068604632538487795,-0.040116036744560241,-0.088709403123948039,0.9952493885420387,33.092987248642828,15.913814555866525,-3.4051122804893525,,0.1904626723387275,0.3333333333333333,0,3
0.97154805035199721,-0.236630095012444,-0.010029157074898458,0.23639687521239655,0.9662536283894857,0.10232518269696331,-0.014522508290439414,-0.10178469314466704,0.99470044384950318,31.669050711738194,12.292623059968028,-3.2523152727911202,,0.5796571934525354,0.1578947368421053,0,2
0.62047662501624001,0.76887700048475238,0.15439208507571808,-0.78398402347887097,0.60326694444020645,0.1464173646657376,0.019437302753693604,-0.21188948032252239,0.97710032207052022,-8.5402991407345024,-13.413401851520808,-0.21860974644065514,,0.1550921278015797,0.2702702702702703,0,3
-0.41453492062802721,-0.90686101137546626,-0.075920390060797691,0.90893890019788137,-0.41668341686155713,0.0143180242926978,-0.044619225530969753,-0.06307167478073189,0.99701107744767425,30.880910861745509,16.568607074937841,-3.3623640804927288,,0.4243579923691882,0.5263157894736842,0,3
0.38192182685356085,0.90590339538881381,0.18296107890985122,-0.92191032988278776,0.35952739379378806,0.14429621189503172,0.064938908431294587,-0.22378358146849081,0.97247305712646215,8.405512269018093,-21.072660627293306,-0.80202526510189531,,0.4692455076677647,0.6666666666666666,0,3
0.78682610284811794,-0.61695200879015633,-0.016580190789991994,0.61687196393318577,0.78531480956214161,0.05243691443620746,-0.019330390323429224,-0.051486587886230645,0.99848658843160032,33.917800992547548,11.033382962492034,-3.3002160068508708,0.4441611638249168,0.3290694495762286,0.7272727272727273,1,3
0.38173314486440368,0.89130916165874441,0.24463806828684492,-0.92364347148802617,0.35810436735861695,0.13654303225076517,0.034096094930077654,-0.27808135576099241,0.95995219458504721,-4.9504529570507181,12.991528558381711,-1.8605073365562317,,0.2295443221402727,0.4090909090909091,0,2
-0.46291494166249647,-0.8794694222652778,-0.11064941068974719,0.88627398257821288,-0.46135471190516675,-0.040868785250565462,-0.015105780038246308,-0.11698446522201704,0.99301885697410486,27.148342964068505,17.063416961466661,-3.2788981954370304,,0.2069585361884797,0.875,0,3
-0.96895396428567193,-0.23989486582849714,-0.059821972921387814,0.24710659995016063,-0.94763441488523137,-0.20230507652106958,-0.0081574111181936457,-0.21080671022112149,0.97749372763695863,9.4271011097486923,-5.3865219559791742,-1.6730006310374297,0.3786633619332878,0.4687629785060883,0.475,1,2
0.17489837266603267,0.96406510678799817,0.19997257090066034,-0.98324717226846647,0.16043000283526365,0.086528679733039279,0.051337680750489105,-0.2117561901435786,0.9759732365546907,0.52791554371393012,4.5754300025128094,-1.6189395949700067,0.6377461478091891,0.5716738742296535,0.536,1,2
0.98918640950583459,-0.14664618592424003,-0.002267907147216852,0.14436871205501778,0.97086624290795664,0.19124961009467145,-0.025844191388599082,-0.18950892996284291,0.98153881392220454,21.552909193826675,25.284752857455707,-3.3975547425378569,,0.457511281248684,0.2727272727272727,0,3
0.91676732276532813,0.39921963884404749,0.012702593078638323,-0.39924198416789941,0.91493752767499337,0.059119865778356186,0.011979732358113093,-0.059270569536662134,0.99817006847502121,3.1767191698317854,-13.676701763802059,-0.83730617286681741,0.7973940924417096,0.7417318635172966,0.7901234567901234,1,3
0.13683853434927518,0.94328200799423789,0.30248019589966485,-0.99006745801276574,0.12028517485108477,0.072786710979296981,0.032274511635065964,-0.30943582550409598,0.95037246687460164,8.4167382079459436,-16.399533009624143,-1.0761228852413798,,0.4412475168270344,0.2777777777777778,0,2
-0.080642166076530616,0.9842315020538458,0.15743313315600491,-0.99526977032254493,-0.088096960100116348,0.040951311373733222,0.054174951154525038,-0.15338603582448329,0.98668019068057522,24.052750215507299,20.231311567114684,-3.2391952541622722,,0.2425647697032954,0.125,0,2
0.40797773194184461,0.9116934425846136,0.048674808554364637,-0.91233672862176352,0.40508582425227363,0.059558111098275739,0.034581264397457477,-0.068706198687394637,0.99703740873379521,1.4096861150726088,-10.130818194370347,-0.89293913293185478,,0.07037997390955153,0.35,0,3
0.98336304117535311,-0.181484242283593,-0.0077845393640041272,0.18162636175822064,0.98161824337750858,0.058630103043789621,-0.0029989939699143374,-0.059068553996213059,0.99824942372333181,-5.6912191282523166,7.3807591609726861,-1.4401723798357444,,0.07405058889251359,0.3424657534246575,0,2
0.040399432894332309,0.98729602962605556,0.15366989199723738,-0.99849945756288772,0.034201121494904389,0.042768171987000995,0.036969163750824076,-0.15516711369719124,0.9871962559483537,2.9837008993470469,-10.755400340136596,-0.96983568050407898,,0.1284626423171928,0.3636363636363636,0,3
-0.91968148206995448,-0.3718048269192703,-0.12628199482563826,0.39238656757133267,-0.88231893712305498,-0.25989627697146855,-0.014790305175996709,-0.2885731516852767,0.9573436075930245,35.302857926929825,6.895401045751588,-3.3923886106719277,,0.1594948738362002,0.2,0,2
0.17425415942351838,0.95503285454742448,0.23989108916048135,-0.98312983478324101,0.15497917393845562,0.09714516768441174,0.055598703965844126,-0.25277203638921958,0.96592705818657276,-10.802725358117341,9.7041736906992817,-1.4465048662227931,,0.2583999793533704,0.1875,0,2
0.18518943104272939,-0.94574331262392031,-0.26697277250162327,0.98090712037520322,0.16148268234975233,0.10837234194366774,-0.059380938248704225,-0.28194490583846765,0.95759123546763991,-2.4134901162175693,-14.522660680978408,-0.40858526082823921,,0.632215246172354,0.1153846153846154,0,2
