axis_00,axis_01,axis_02,axis_10,axis_11,axis_12,axis_20,axis_21,axis_22,location_x,location_y,location_z,dbh,dbh_approximation,score,reconstructed,number_clusters
-0.15119131744697847,-0.98845753770217171,0.0096375146385247138,0.9884668891082623,-0.15109330582369074,0.010199121133901125,-0.0086252342160831798,0.011068382674513677,0.99990154327298109,-6.373181772130895,-7.13548182472507,-2.3754344353212433,,0.1031940362970669,0.3478260869565217,0,5
0.95536078596823581,-0.29405285496968303,-0.028612709035194722,0.2929380260774182,0.93023064485092488,0.22103904690822854,-0.038380744026401209,-0.21955378808941253,0.97484514289376711,-3.0192225430149673,-18.946801932740065,-2.4423675489626016,,0.5286287938446488,0.5121951219512195,0,4
0.85017889958884962,-0.52649381938551976,0.00031119566275617568,0.52398766504610628,0.84618928579275554,0.096956791866666184,-0.051310482100857424,-0.082267555928167299,0.99528854292018454,11.745858614852757,-9.6039835680148151,-3.6938773067833592,1.07708670911366,0.1438654193479674,0.375,1,9
0.59987986814243377,-0.7913548311975579,-0.11790536432963038,0.79935612405468037,0.58647549428246415,0.130676247047503,-0.034262672600033073,-0.17263842488399242,0.98438917279695815,-0.7046420745231875,23.571167269074067,-3.3305546581089946,,0.1984307139149741,0.3529411764705883,0,3
-0.67558035389285942,0.72656686658544289,0.12526681050546062,-0.73659592962694032,-0.67248572906820769,-0.072037355980255652,0.031900186379139238,-0.14093804518231842,0.98950434336043447,-9.6466772825163343,6.3283915284556747,-2.3694250494613747,,0.2788389915810037,0.174496644295302,1,5
0.52708650325452877,-0.83213701999382728,-0.17241751083549303,0.84904012206378343,0.50701201616597147,0.14855869745401393,-0.036203442002526197,-0.22469266881478431,0.97375690773830215,19.420444398421473,19.180615810337315,-4.9507882892323813,,0.677522930953489,0.3636363636363636,0,3
0.95474684620216388,0.28663280468412872,0.079373137432841204,-0.29445082950368912,0.94854856015769495,0.11642309920009214,-0.041918595773379377,-0.13452607294377994,0.99002301338237308,11.947043297690398,18.826881761819099,-4.3143419254385931,,0.1759489905244506,0.2,0,4
0.71492516205032852,0.69449977613137237,0.080944880139429146,-0.69875678297908572,0.71379301932047823,0.047312617873842208,-0.024919287871684723,-0.090385765045337046,0.99559501935733841,1.9142083717942118,-9.9730037946901202,-2.9086258964063565,,0.07992163375971113,0.25,0,5
-0.91677979108893315,-0.39808137873818716,0.032342395595202703,0.39742157547139145,-0.91729449508622973,-0.025037983831309434,0.039634656561772647,-0.010100751774191497,0.99916318427613582,-11.766290108966972,3.8808555807608149,-2.1621847040389079,,0.1458725800207624,0.5816618911174785,1,2
-0.84243411742095364,-0.53748982662064093,0.037542563637716117,0.53545408674873984,-0.84292129167700891,-0.052655645676756499,0.05994730009976771,-0.024256593266089095,0.99790677865914523,-2.9112326151452503,-13.673598448462062,-2.5167901575211946,,0.1592718496010831,0.4,0,5
-0.040134016449418559,-0.99913827763132879,0.010581252078161163,0.99915525922811577,-0.040036578666924658,0.0092650054207076907,-0.0088333844270689459,0.010944155543071769,0.99990109349825929,-1.0173877149705339,7.0985609415266424,-3.0553823347724269,,0.08801400884566754,0.2745098039215687,0,5
-0.99323305663465666,-0.10594490909715153,0.047579107227587056,0.10506501072710073,-0.99425123719938957,-0.020635427022452187,0.04949180466594541,-0.015496888845219266,0.99865429839711206,0.32040001573402227,11.55588806037653,-3.2402953348597801,,0.1644691008504501,0.4242424242424243,0,5
0.14638653057513815,0.98138362722330086,0.12432682688869595,-0.98921244140887143,0.14453085495238982,0.023865827633501254,0.0054524699059105486,-0.12647927966575753,0.99195426426179401,-5.4369397751839923,14.040107416562254,-2.8466275154006708,,0.2479607111477602,0.3181818181818182,0,5
0.75954633455136056,-0.64965141041378183,-0.032286384389996738,0.64861960898784266,0.75274719888214459,0.11253558286846657,-0.048805414720634023,-0.10641757149301544,0.9931230195557238,-2.7048662647375172,15.581280031682734,-3.1022290572025697,,0.1110062971760798,0.1764705882352941,1,5
-0.34267410846867835,0.88420133931926015,0.31743101129414147,-0.93902664270377934,-0.33256784495953301,-0.087336091001598087,0.028344658714896102,-0.32800399394671548,0.94425100491200842,-5.7412608911345888,18.506940099330414,-2.9110854838151767,,0.1833867819049591,0.4285714285714285,0,3
-0.44054850506634002,0.88974918453599927,0.11942949091969202,-0.89738480109059326,-0.44014786751865909,-0.031150818454308192,0.024850220429791844,-0.12089765645495709,0.99235388002883818,15.456331891424806,-7.2327356280709925,-4.1879288126793446,,0.2731853312226318,0.4210526315789473,0,8
0.57391082494021961,0.81292355470717892,0.098902271049155374,-0.81872373716420455,0.57220405505894045,0.047686073207841496,-0.017827148406719881,-0.10834119058026359,0.99395391201168681,-14.113298468311804,17.418985487663512,-2.2409862570701833,,0.1056985505006151,0.3846153846153846,0,1
-0.51671080130528846,0.84201259345430624,0.15499916218741755,-0.85560780657393198,-0.51434590265804836,-0.058168494467572253,0.030744579102555538,-0.16267478256703485,0.98620063170359817,8.8224322746385653,13.812572023661199,-3.9675895679173259,0.3433958576782087,0.230320206710453,0.5,1,6
-0.75164962135093394,-0.65305670242204017,-0.092410984978237493,0.65951728082485739,-0.74582696019179717,-0.093696860910327376,-0.0077332410012538114,-0.13137385155621273,0.99130273282731474,-12.56059005019535,-15.819855250662922,-1.7674606083804807,,0.293734274967091,0.2962962962962963,0,2
-0.20855731947049069,0.92585052704667714,0.31512639696267031,-0.97775927340898294,-0.20468146380427371,-0.045741683808949468,0.022150570151167642,-0.31765751988947249,0.94794675604679846,-19.562352484041824,-9.0207830473343353,-1.3998560172746726,,0.3317402572734635,0.2307692307692308,0,1
0.13530254778783796,-0.98994274524536663,-0.041310793967047239,0.99066955475013174,0.13447882130520911,0.022119672500719448,-0.016341782439419798,-0.043918193911289032,0.99890146580645012,16.494479201136727,4.7664184078809715,-4.6189324328328096,,0.08407564846907989,0.3888888888888889,0,5
-0.17476333448486284,0.98003049799497144,0.094857787869320434,-0.98441704521943363,-0.1758257669977086,0.0028949509681399786,0.019515583546806443,-0.092873691966005895,0.99548662439001767,14.126686728473992,13.594577217547574,-4.451379243021325,0.2249675218487882,0.2072652808576692,0.7111111111111111,1,5
-0.91305863016914213,0.40268984983534312,0.064535437654348202,-0.40522229346955108,-0.91365394617606288,-0.032114786503806142,0.046030758726382709,-0.055473881029695908,0.99739852505133408,-14.96569306826737,-9.3897421093791671,-1.7272756429983733,,0.09319015054672436,0.3333333333333333,0,5
0.78599828620949164,0.60614739107158677,0.12162250767374845,-0.61785586608440346,0.77700474590387247,0.12048964099851329,-0.021466784128831743,-0.1698498311449492,0.98523611994242211,-11.406841008290964,-13.726240153384966,-1.8840728547240515,,0.2121171305861321,0.4259259259259259,0,4
0.98493948550238375,0.15626748826071316,0.073991094132925983,-0.1667193692010035,0.97176768534945124,0.1669497458632071,-0.045813336830219098,-0.17677114533559443,0.98318518110538222,-19.31407207212731,-27.538684800207786,-1.0638872222942621,,0.2728325397836117,0.25,0,1
0.93735363656239468,-0.34784939446044644,0.019208300204735584,0.34480341771758327,0.93420056444355282,0.091541840289681084,-0.049787178605825648,-0.079183989334008303,0.99561595642075962,-2.3068261346166499,-30.223343791505464,-2.4628611382049486,,0.1356791057235146,0.2857142857142857,0,1
0.87898668041372718,0.47212385620642666,0.06694385749290685,-0.47539298867133484,0.87858156185311698,0.045781497287385627,-0.037201101830366005,-0.072065966811750051,0.99670586155098717,-18.945307019315592,-15.989870005518906,-1.3241679330215237,,0.3717513981332822,0.7692307692307693,1,5
0.052554778104372667,-0.99582616027827564,-0.07462073306947288,0.99841928425127602,0.050906626805869402,0.023821170886773938,-0.019923055327160693,-0.075754695251669404,0.99692742865955752,-2.3447168481599991,11.892944235694896,-3.0439914824326961,0.1047704524854505,0.1529164524811578,0.4426229508196721,1,6
0.84011460876803912,0.52955047418172196,0.11740417125655497,-0.54227430900212348,0.82481718888712341,0.16004742644795608,-0.012083787932374669,-0.19812344689677142,0.98010258741569944,22.403752211629325,-2.6771509635863384,-5.1271296627862908,0.3739145833611532,0.2962742889433385,0.65625,1,3
0.88703287302535849,0.45686461178884186,0.066688894633279885,-0.46078456400567586,0.86685661738409958,0.19036068520441973,0.029159350926885569,-0.19958539874556866,0.9794464767720058,-18.218738606274123,-16.983842559496939,-1.3555910878673927,,0.4530763880341848,0.2352941176470588,0,2
-0.33164526404887051,-0.94329915032474143,0.014075930895495177,0.94339179534355899,-0.3316804046830763,-0.00017212706409411836,0.0048310777690167249,0.013222032593011607,0.99990091436186734,1.1210763329803495,15.441355986727094,-3.393411906812581,,0.1085099876162151,0.4615384615384616,0,5
-0.99582140360088645,-0.077902668346708767,0.047654028107015467,0.074832818247682606,-0.99519592303053417,-0.063127839314472453,0.052342921617643902,-0.0592979683283269,0.99686707715154443,-6.22343864832159,-17.217760509706338,-2.210594652702174,0.3054254986917558,0.2152305673860394,0.3809523809523809,1,5
0.5018612565888797,0.85585411054433513,0.12509604549863243,-0.86481946150404376,0.49900545635330029,0.055505436972345917,-0.014919052881696485,-0.136041523050869,0.99059079637714886,-4.4291982652871633,-8.3977278110291049,-2.4927480508293733,,0.2358502240797974,0.6,1,4
0.069189435610582536,0.99219162575948128,0.10377186407040424,-0.99758743754779089,0.068221967912705586,0.012847861337595948,0.0056680196472289361,-0.10441044424230354,0.99451814095390123,5.3662194044153022,3.9594923481161968,-3.4978506932149589,,0.07431252634172145,0.2894736842105263,0,5
0.83438120572157626,0.544801532010593,0.083661784929074404,-0.54968081777653666,0.83367524492933476,0.053259595947878977,-0.040730849575301792,-0.090426084239693616,0.9950699076858619,-14.168221590953976,8.3774748268152877,-2.0983407109367671,,0.1180128642676423,0.15,0,3
0.98989035813123216,-0.13808082846050607,0.032415485350085989,0.1316737686984073,0.97959874658503177,0.1518167129330423,-0.052717146314834984,-0.14601363121536184,0.98787697715035627,13.896313867695957,-6.2445526889084304,-4.0287393499656643,,0.1945835212988098,0.391304347826087,0,5
-0.97684634057799369,-0.21331333108871597,-0.016390536270050295,0.20822339579182966,-0.93034573537927756,-0.30182748401448234,0.049134960509834687,-0.29825196636640883,0.95322165324454833,19.4383774173854,6.3164966358892602,-4.9008687627311867,,0.3281689856358183,0.2608695652173913,0,2
-0.99484315709065985,0.081360826348613621,0.060559959756923569,-0.083763222912599133,-0.99575150376930199,-0.038244806555521517,0.05719104193126491,-0.043120281504713802,0.99743161472141639,-11.661533828992505,23.249419195099438,-2.5205664123115268,,0.339147487615449,0.8409090909090909,1,3
-0.013234914652465967,0.97426977149122407,0.22499610972765602,-0.99982880775921679,-0.015804201457342064,0.0096219743856744162,0.012930282631279544,-0.22483024612968172,0.97431215132335369,-29.125625545226676,-2.1894927713011123,-0.93997088873073598,,0.30621919392495,0.4285714285714285,0,1
0.85549886190727031,0.51314885175980329,0.069281694645566411,-0.51685738581031748,0.85434528315012137,0.054337647100925729,-0.0313071878119172,-0.082294550832576946,0.99611619146291108,-0.98201355644770016,-15.025586841522321,-2.6239232048591834,0.5291055437026505,0.2356855504472212,0.5614035087719298,1,5
0.75020196299470743,-0.6602451236002268,-0.035684611263262486,0.65967948243490671,0.74370764951252166,0.10826778150020019,-0.044944356412152983,-0.10476310809957205,0.9934810999752417,-4.063732927736071,20.205230089695203,-3.0319047498664409,,0.3217538693580131,0.5,0,4
-0.5053955407573234,0.85946399142700181,0.07679189295087871,-0.86218004479856469,-0.50658103446468494,-0.0046071544184013123,0.034941633243997745,-0.068536873003195609,0.99703649848196951,-6.4248501690111901,15.991892355704199,-2.8105420771859451,,0.1048670000100713,0.303030303030303,1,4
-0.20704933260946734,0.96701152425833925,0.14838896797787263,-0.97810876421683157,-0.20783657617916476,-0.010353886436802002,0.020828327542031108,-0.14728431536890196,0.98887487136549135,5.9620291796228848,8.8282838345448411,-3.6696527206715395,,0.08438399995777932,0.2439024390243902,0,5
-0.054793713317830006,-0.98475980124099205,-0.16506296629057865,0.99848889289868747,-0.053345190638653533,-0.013199295196291786,0.0041928199098689002,-0.16553677686703633,0.98619470479498927,20.643716573247172,-6.719612564321598,-4.8088555176961663,,0.5754501743933196,0.3076923076923077,0,5
-0.27946338511046209,-0.96012058521591492,0.0082872327860280502,0.96015630159168841,-0.27945570117056268,0.0020946591701817385,0.00030478906068035606,0.008542419324613729,0.99996346642050404,-1.673475568745793,-4.3667609419528848,-2.7561829533162445,,0.167446325060313,0.6879432624113475,1,2
-0.98294901362678244,-0.18284270083086937,0.019488031275878299,0.17804459096159655,-0.97288779763616751,-0.14761252263939567,0.045949540144098917,-0.14162584497019445,0.98885325493574894,-18.35241742197119,-6.8765399132127705,-1.5266053769649293,,0.4855424908086057,0.40625,0,2
0.47208267975972396,0.87314413921013756,0.12147944531427722,-0.88146868350681751,0.46945378757720674,0.051245500545627466,-0.012284277253261084,-0.13127243995752266,0.99127021696405415,-20.765804129709181,-4.1411211950483704,-1.4352051851056908,,0.08180069157651666,0.25,0,3
-0.50438713862713824,0.84614515960392622,0.17213942972594651,-0.86192698434646131,-0.50531711348998953,-0.041671194722018176,0.051725120037979841,-0.16939003421981777,0.98419079870930826,17.859886118788783,-6.7305052673049319,-4.4424801547619017,,0.5108022407121563,0.5094339622641509,0,4
0.84451867377738088,0.49842789294849421,0.19585158965966565,-0.53310489986526288,0.81719875555974408,0.21905560858205325,-0.050866249920173585,-0.28940599413718132,0.9558539612182021,1.4239797122322797,-5.260267078399175,-2.9632983560787762,,0.4639877680363098,0.6279069767441861,0,3
-0.92960431729038606,0.34467580030426836,0.1305159222458607,-0.35702615750914213,-0.93005500269816743,-0.086775657936827719,0.091477517070222239,-0.12726462446699044,0.98764142239475949,20.994297445671574,-5.8686900088971061,-4.9244117666286611,,0.2758178092599771,0.1818181818181818,0,2
0.78424035484182597,-0.61167468018703464,-0.10402476366546712,0.61918242824019065,0.76080961381410073,0.1943755439519603,-0.039751558411569014,-0.21684745132495414,0.97539581527589281,3.4312473360716149,15.478272461914518,-3.5429190076136856,,0.3230471126133233,0.4649122807017544,1,5
-0.42228422328987436,-0.9040988874946595,-0.065431157649763622,0.90645046809493213,-0.42156332718126377,-0.025137821431921722,-0.0048563001295162684,-0.06992540887820009,0.99754040195987592,3.6088864276003929,13.743138031882763,-3.5507428739330731,,0.3276128283563362,0.7101449275362319,0,4
0.66396499207260817,-0.74721133402444051,0.028735198058103015,0.74662532011067029,0.6645841365272116,0.029640459612173653,-0.041244644157292606,0.0017741989171493255,0.99914750239718952,4.2509340305439531,12.317028946286268,-3.5691712026711455,,0.07396694814304125,0.3571428571428572,0,5
0.95836653211717526,-0.28548807167571677,-0.0054909970479494865,0.28112455952800813,0.9400004404566451,0.19330844257687615,-0.050025714866289761,-0.18680399586784732,0.98112267070938841,3.1796099892179681,21.246699259372836,-3.6017710539178087,,0.1529394618388759,0.3684210526315789,0,1
0.48084237287612291,0.87039195318546392,0.10587001594810799,-0.87680061108526386,0.47778374787371747,0.054252913914851167,-0.0033616732987871213,-0.11891399454116874,0.99289886748595679,-13.815699603769696,-22.115337787234957,-1.5533846588032612,,0.3051820132010341,0.7428571428571429,0,4
-0.49859928745296533,0.83480117752537819,0.23346465375649172,-0.86597332167248275,-0.49168817244902352,-0.091284978092058253,0.038587001735344767,-0.24768878673848491,0.96807092106988513,-19.750492836814907,-5.8853448309891183,-1.4466026079274283,,0.2994172838545238,0.2444444444444444,0,2
0.99461443389030957,0.075618385569171831,0.070880093545163905,-0.09227373660875042,0.9574859997885854,0.27332419896729326,-0.047198362570305873,-0.27839256450696676,0.95930698663040981,-16.645938094287459,29.388501891659917,-2.306909935136745,,0.3085859389259648,0.2,0,1
0.90665494610370634,0.41602770683068313,0.069983968556297377,-0.42155703086657975,0.88700418891864108,0.18844956505054025,0.016324167134629676,-0.20036096423701719,0.97958613994756671,-9.0172343675665303,-11.554032463207289,-2.1189505985828387,,0.2942046373917369,0.2424242424242424,0,4
0.76538389054188471,-0.64246310573913312,-0.037797590703592412,0.64072838369185203,0.75516753006032289,0.13852487095904134,-0.060453605604595423,-0.13024269387040258,0.98963740949035761,26.358027139332048,-2.2227737819520614,-5.7063176791805796,,0.3092653423559936,0.35,0,3
-0.11203041552560884,-0.99358761140229812,-0.015259241954828437,0.99369484133540342,-0.11208475853117433,0.0027512194418186859,-0.0044439060035159099,-0.014854809755932702,0.99987978593756377,4.5947129959460415,9.7352369007056758,-3.5779569690727073,,0.3111244699175907,0.9186046511627907,1,5
-0.70064886417767169,-0.71294122553818162,-0.028389752634594673,0.71308298836446249,-0.69830840168922759,-0.062273813400525443,0.024572766058090303,-0.063876326274695083,0.99765524812427198,-0.26691157181175718,5.5690560169518522,-3.0926013948536659,,0.070050486656315,0.34,0,5
0.80703650781827174,-0.59012396347583218,0.021113568624561645,0.58863179778949659,0.80680982659713496,0.050700200565745444,-0.046954037947706605,-0.028488794953037543,0.99849071446985938,1.3359344559123716,-7.7817359055474427,-2.9054698689358305,,0.07911332542248023,0.1538461538461539,0,3
-0.99484307586122445,-0.09512692276004954,0.035186971696664335,0.092674181151473925,-0.99352165031938777,-0.065774056394175537,0.041215901772035407,-0.062173940785862761,0.99721394421070675,-17.308436872769665,-5.9742043208721256,-1.612130436278975,,0.1191830075155641,0.3142857142857143,1,3
-0.12949473778083773,0.98607637938120907,0.10432874442607126,-0.99136730296108977,-0.13092804176131065,0.0069798639102605512,0.020542237140325031,-0.10252425033618585,0.9945183731768239,-11.21428319635862,11.53940150859019,-2.3520844822272888,,0.09160389089039048,0.1458333333333333,0,5
-0.76028150109413961,-0.64939864612355258,-0.015919720692855112,0.64903708184206876,-0.75838746701848037,-0.059994301922973489,0.026886901792010538,-0.055945046985324813,0.99807176406801357,-11.119206124710519,20.543054341963661,-2.5384546821682137,,0.1153006480960963,0.1428571428571428,0,3
0.9786165174099809,-0.20057661067757179,0.045593147527450383,0.19755643710212123,0.97825100123286257,0.063217345297154642,-0.05728146307382289,-0.052858318512811191,0.99695778855081041,-18.434551159783812,-13.934935271789005,-1.3869472886111525,,0.108765001668302,0.2380952380952381,0,4
0.97071404941889161,-0.23921203940223465,0.022177341269887914,0.23525503662618816,0.9652252875249725,0.1139965440894813,-0.048675476400218562,-0.10544071570014076,0.99323358454587818,-17.647280055340584,-18.195746669992452,-1.3803390907194397,,0.2047820529074698,0.2,0,4
0.66118418658484024,0.72375542072705212,0.19751851148272356,-0.74883948761895724,0.65266595001884364,0.11518063842755048,-0.045550995518437366,-0.22406527766302442,0.97350904369351965,-21.2017592796951,-17.078377834791983,-1.1612512168120048,,0.2901026031705176,0.55,0,2
-0.89217293570509959,0.44529964065814603,0.075734290945844579,-0.45101073036960471,-0.88743122699161936,-0.095158491221881358,0.024834932792735999,-0.11905480834420339,0.99257703918804474,23.337653032890909,-8.2799317753225274,-5.0911047754791285,,0.1385025930374257,0.1538461538461539,0,3
-0.81573212069378376,-0.57778317082232866,-0.027344373880564359,0.57751371595840328,-0.81086995711632925,-0.0946985772125499,0.032542512938324067,-0.093040422186597943,0.99513037572521179,-4.2882631616422113,6.6883761769564902,-2.7815670704842788,0.9772400198491108,0.6678277116598079,0.1554054054054054,1,1
-0.82113209533416953,0.56521697256677572,0.079195049937260148,-0.56880856945875147,-0.8218398471072933,-0.03218815025673015,0.046892358891458832,-0.071477546328267236,0.99633933328383939,-16.042203228614735,20.460703752226589,-2.1970292585865243,,0.1222488860535016,0.25,0,1
-0.54115296768326537,-0.83570339677469607,-0.093559062558503631,0.84074077545515646,-0.53999947834482787,-0.039439978123379002,-0.017561721289595603,-0.1000019800131237,0.99483224210858701,35.406462955909895,4.4684157698255795,-5.9292247945996666,,0.5866019785339829,0.4166666666666667,0,5
-0.77786352709551243,-0.60980252000493151,-0.15188554839142507,0.62771267382130391,-0.74236674187023755,-0.23424008984176423,0.030085417375172823,-0.27754730616708101,0.96024078256485168,8.0555781335557057,-5.02750790834114,-3.5432546286486772,,0.7733509743290468,0.7291666666666666,0,1
-0.94874886796124147,0.2928927472138968,0.11869888024644688,-0.30943196451441551,-0.9372791227980658,-0.16049830311763313,0.06424519343120999,-0.18900181109287392,0.97987288488078994,-6.4295825209714748,-13.229511570034713,-2.2581076772618633,,0.446196133703107,0.22,0,5
-0.75957277461316586,-0.64916157496489646,0.040477767423029623,0.64977882404877529,-0.76011803316348137,0.0028382173053900423,0.028925419344382468,0.028457428709866214,0.99917640828182885,-10.374806241716476,-17.544428101443,-1.8997931245190014,,0.07914059353099422,0.4,0,1
0.37106310139902476,-0.92247302826674293,-0.10656306536752636,0.92816938958234574,0.36491254042156501,0.073078191585566998,-0.028526461793821796,-0.12602519574857318,0.99161680654074302,-7.4813114816899544,-17.282746533804801,-2.1229159200457786,0.1906859483361142,0.1300875691787726,0.4210526315789473,1,5
-0.94678087075555017,0.31102843128966634,0.082869160131205488,-0.31564568490218786,-0.9475698791985403,-0.049790818815248238,0.063037959786076181,-0.073298287600415984,0.9953158175478054,-15.01487767235642,6.4949673127119736,-1.9818160025547116,,0.1084407033546494,0.2,0,5
0.74101275238685715,0.66484765606484064,0.094221521029660971,-0.67091674247776945,0.73885585918035723,0.06295032976780833,-0.027763743679014092,-0.10986179308542468,0.99355903747939567,-14.319484203241556,21.819070910683958,-2.3396626547100627,,0.1032523170142254,0.2105263157894737,0,1
0.0068802353204868959,0.99498969643638524,0.099740495022658637,-0.99997230406517368,0.0065628344948964476,0.0035100293418350594,0.0028378626680425293,-0.099761882444262595,0.99500729311229408,-4.6632698659334322,-16.927896643069779,-2.3251024411687036,,0.09114925389021299,0.5238095238095238,0,3
0.94039862019444864,0.32034936197304914,0.11413466353320978,-0.33759605570756573,0.91984157306429759,0.19980085994132865,-0.040979730441680795,-0.22642386523081137,0.97316642715769242,-3.7849620781124131,-10.123251806755494,-2.5006918161479486,,0.07619053096922078,0.3461538461538461,0,2
0.94708034034152377,-0.32099632175375586,0.00043630166386687043,0.31455980804243944,0.92835891016846883,0.19799459860085958,-0.06396058241515945,-0.18737954886105099,0.98020301395463061,15.031679988971751,-3.8235280717283087,-4.2916656493477641,,0.1074232334433115,0.3333333333333333,0,5
0.92046523912221401,-0.38968105107963075,0.029873432965762177,0.38779064309435585,0.92015361062968348,0.054182561526964296,-0.048602064731364081,-0.038288526670942222,0.99808407863727466,11.730521076033353,-6.4515633942017327,-3.8546475786590153,0.5407329574685792,0.4968943993196834,0.9156626506024096,1,5
-0.49067182312865426,0.86225446812331985,0.12553244277465991,-0.86994041093161179,-0.4929459302891479,-0.014421901383136187,0.049445357878580891,-0.11628216549728178,0.99198468464564615,-12.087948817314027,-17.219861956308719,-1.7789131660590434,,0.2375617749075806,0.2916666666666667,0,5
0.53132583448971882,-0.844135306113728,-0.071613145274363299,0.84657770038828684,0.52590155090545965,0.082059466001875692,-0.031607828288016768,-0.10422640609517012,0.9940512066606032,-25.644113806415287,-20.451813567475494,-0.81805149175447667,,0.2899196266973244,0.6956521739130435,0,3
0.84604971975100629,0.51554295708697417,0.13570309910706302,-0.53137157458755224,0.83602610924823939,0.13676474098098484,-0.042943234968835085,-0.18781854022771208,0.98126452830882593,-17.984081439258549,-20.117447934338315,-1.3072924984949443,,0.1952253438665897,0.2857142857142857,0,3
-0.97164121189618635,0.22674856027086376,0.067070453703558117,-0.23239966548665675,-0.96807469145925296,-0.093924369775703634,0.043631993154115076,-0.10684793948019543,0.99331755597202476,-30.093341816149621,-3.8672863527319303,-0.85706495559498996,,0.1437505455756468,0.1111111111111111,0,2
0.99554501228433223,0.072726471623002872,0.0600082397763586,-0.081745383378419578,0.98291071294807097,0.1649370263713707,-0.046987453773359431,-0.16910763051141003,0.98447691110087143,0.40761528452450474,17.593987351978729,-3.3772510951883281,,0.1492971012457635,0.1818181818181818,0,6
0.43179246248433284,-0.87741491430870644,-0.20904147313478766,0.90140302797434901,0.41153281786940177,0.13458573837946439,-0.032060107616661636,-0.24654372424605731,0.9686012293686671,1.062151981535115,-12.638405690573563,-2.791287909480936,,0.3815629628738095,0.1111111111111111,0,1
0.23032634262679952,-0.94304807484329045,-0.24002104996546958,0.97283808975991226,0.21727975516435602,0.079847098306720807,-0.023147937369187091,-0.25189250987292539,0.96747833901616165,-12.87472969979366,-14.4016042537649,-1.7771421548947262,,0.391814539885315,0.2758620689655172,0,1
-0.50067231946967083,-0.86088244661629909,-0.090601554207392521,0.86513568756371129,-0.49407295692314651,-0.086209949198938457,0.029452854199969764,-0.12154557312034839,0.99214878069487233,-10.631317908730285,-25.456978376274623,-1.7353834921946041,,0.3351451267314934,0.9074074074074074,0,5
-0.92060080617016959,-0.38961133697146683,0.026403821354887461,0.38838243450251697,-0.9205417530034915,-0.041975773336033181,0.040660057165882238,-0.028388150354787738,0.99876967949107387,-0.61890362400701049,4.8159436096763351,-3.0548394575015676,,0.06888665406329915,0.2843137254901961,0,5
0.47819609404821095,0.87052405975690428,0.11625986849034191,-0.87813277410437651,0.47611393915341593,0.046886543779311132,-0.014537079513659014,-0.12451256293312096,0.99211153354400605,-12.890015909185111,12.061523761355282,-2.2352999333436898,,0.09758567398942404,0.2857142857142857,0,2
-0.094911652530430074,0.99029881151083587,0.10148912323086796,-0.99538096818234256,-0.095885989635098395,0.0047544896762489368,0.014439750493920078,-0.10056908526940671,0.99482528752226118,2.6171025482128338,-14.100700561933744,-2.8803938531538091,,0.1229150283023566,0.3939393939393939,0,5
0.028772675299835911,-0.99115788741247046,-0.12953059629345715,0.99932511142143188,0.031482962237520062,-0.018924713242053789,0.02283538566859121,-0.1288986629441875,0.99139481532463547,-1.2727652519613077,-23.214582326821532,-2.4973461252028373,,0.3283156725759772,0.4761904761904762,0,2
-0.015550930140399056,-0.99980822739141173,-0.011902815306098703,0.9997612500624522,-0.015730743943495482,0.015165308059736917,-0.015349639908837224,-0.011664138863493153,0.9998141509396844,7.9434662046338262,-8.8050742843779766,-3.3771765765906441,0.5472253166069192,0.5293948208902357,0.8557692307692307,1,5
-0.98436506000029811,-0.17002440920817843,0.046012269277006815,0.17009680392249521,-0.98542451702467715,-0.0023661238417492778,0.045743917037810625,0.0054974103077884123,0.99893807242188248,-3.5787153475701126,9.8646852525295223,-2.936416096058716,,0.1487547646534478,0.5111111111111111,0,1
0.99971952983070156,-0.01791758595225899,0.015486180572485853,0.014911014012073074,0.9842439944465462,0.17618575724796326,-0.018399003674438193,-0.17590542774329018,0.98423511274198983,7.7915098394069595,-16.693898338951517,-3.2093515480951678,,0.4601131324362863,0.1176470588235294,0,5
-0.091707742860701047,0.99233789068329847,0.082796138881097006,-0.99568004718107206,-0.092593161689899811,0.0069101413709902497,0.014523551387128689,-0.081804749999559362,0.99654254767802852,-11.0245671071602,-18.222326240643497,-1.8188083383414997,0.4179483435086482,0.3090918015820167,0.8064516129032258,1,5
-0.40105330309662535,0.90166488428129898,0.161730283278298,-0.91569273827729569,-0.39956014279271251,-0.043110339336356766,0.02574989595153895,-0.1653847899459297,0.98589290194880008,-4.1520589950682325,14.518141791473633,-2.9482045171532394,,0.1309374650645315,0.4918032786885246,0,5
-0.84640900841282718,-0.53253334890918635,0.00015092111183935889,0.5315215036575941,-0.84481817500287837,-0.061377050551303172,0.032812827174527409,-0.051869870680133934,0.99811464015334528,-2.4869981802895942,8.2766209255918479,-2.953828905764567,,0.07133186276036353,0.2352941176470588,0,4
-0.87435600885456222,0.47786918295116726,0.084513985620752949,-0.48377810307662478,-0.87203478837341919,-0.074256816859524566,0.038214091164172001,-0.10581290966659106,0.99365150399140778,11.889312203955175,0.46783778803830212,-4.0677204573885088,,0.254761855834418,0.1470588235294118,1,3
-0.85454158379453793,-0.51826437833922789,0.034069278104697447,0.51820226099282107,-0.85518320275011805,-0.01131841137164691,0.035001403798273864,0.0079827237646821671,0.99935538115999878,-11.630764676681848,5.2363868407159844,-2.2008826051503982,,0.2843237441567831,0.9157458563535912,1,5
-0.35156103086292906,0.91137602766735804,0.21400602274670333,-0.93616044469710025,-0.34153992596368826,-0.083391251083356627,-0.0029091859898683924,-0.22966108761822565,0.9732663157999929,-9.0312548963015775,-14.271952662832344,-2.0381173751040733,,0.2542397823732914,0.425,0,3
-0.45417869497126584,0.88626474651648446,0.090865351571814801,-0.89062012360688103,-0.45426724551706865,-0.020906101425170676,0.022748812291241542,-0.090421616510693317,0.99564372282806635,-9.6486939043117328,3.1332359642632981,-2.2974270958242142,,0.2497793077620448,0.8145896656534954,1,5
0.37554528878375509,-0.90677988409067856,-0.19161413799827315,0.92640120628592437,0.36117663339726813,0.10645301536264525,-0.027322903658106849,-0.21748949697930398,0.97568016154853698,0.92088832241168539,8.2038229187138274,-3.2528465241253182,,0.08957542062638062,0.2,0,5
-0.9820199665997067,0.16336044341095765,0.094605236261456449,-0.18204677820150675,-0.95212782150928721,-0.24558416490977206,0.049957539430621832,-0.2583911318845018,0.96474777388573651,1.5527612677397464,-15.483446324321543,-2.8097668427271421,,0.2188507468789626,0.2777777777777778,0,1
-0.55343742829438947,0.82617155910470996,0.10558204340409201,-0.83187246881905152,-0.55456800646037485,-0.021036202876479199,0.04117291080051632,-0.099473017130560018,0.99418806585029729,18.346158849274492,-11.928936299745221,-4.2959439461037974,0.3226300359364726,0.2678889156028278,0.3684210526315789,1,5
0.51213339390156876,0.8340747987315289,0.2050332094364708,-0.85804213234109505,0.5075306307164219,0.078589808576797121,-0.038510855332062825,-0.21617559761811753,0.97559470325337594,28.200088185087228,-12.21426489378943,-5.316101234323833,,0.4724992249329629,0.3157894736842105,0,5
0.35181228605344034,0.88753325635402214,0.29751106575634845,-0.9358480785994121,0.34042003535032117,0.091118457591618671,-0.020408066141642645,-0.31048175211711276,0.95036024350698045,-7.4813444809337604,21.709748294230785,-2.8053097023126208,,0.452007818446077,0.7142857142857143,0,3
0.85122432874097609,0.51105141511588548,0.1193465259968895,-0.52363831543356198,0.84221887840876009,0.12833657102241994,-0.034929311034954107,-0.17173762534733708,0.98452330153769463,-21.279007993511463,-24.360222824057971,-1.0332808164230147,,0.2835195425285439,0.2608695652173913,0,1
-0.69550045896281376,-0.71646117663300868,-0.054428797158847166,0.71800573087066655,-0.69011914827510412,-0.090572245312368266,0.027329142309890857,-0.10207322646849414,0.9944014151332029,-6.9826475364110605,-12.161895749294406,-2.2408658487670055,,0.2483012908187607,0.3055555555555556,1,5
0.046717248632283964,0.99048273483841109,0.12946602128454968,-0.99889146710895693,0.047071565240646061,0.00032354707822803455,-0.0057737004724502539,-0.12933761917098111,0.99158380616569031,21.345548163838505,-14.381232593217414,-4.5172028873407504,0.5110226888649493,0.557616839746067,0.4545454545454545,1,5
0.46092127275938855,0.88325666599561115,0.08607695563960685,-0.88741914985144177,0.45941777213418589,0.037716881156923815,-0.0062315964896241006,-0.093770851662864099,0.99557430389881596,0.81631800881198335,5.9750483106845902,-3.1816929753550429,,0.09187676958921784,0.3924050632911392,0,5
-0.80879680008875798,-0.58801213865305535,-0.0094583805614974915,0.58695558700144357,-0.80613700028640911,-0.075008503898036552,0.036481160260837621,-0.066218287246733926,0.99713803627187603,-0.5667437393647089,-7.1795223750527146,-2.7847901555311685,,0.1146955040764334,0.325,0,3
-0.9906809775869857,0.12590047178977956,0.051964140042944515,-0.12836066870183027,-0.99060961266993497,-0.047075832614394991,0.045549307104618526,-0.05330728363957811,0.99753876823572984,-4.2393758496504805,4.8482970247019761,-2.7385970580718348,,0.173731381442007,0.7074829931972789,0,5
-0.99819194236632924,0.029800870310819117,0.052199179338882962,-0.034488658377389902,-0.99522247513835171,-0.091338696196197139,0.049227823822131596,-0.092973830233088889,0.99445084758047586,-1.4481634670717634,4.8966973033263148,-2.9919029044177292,,0.07581890128941811,0.2551724137931035,0,5
0.57030103509104901,0.80141411533245455,0.18025577693926761,-0.82139903453374652,0.55845103725330558,0.11591404167631435,-0.0077688764380016342,-0.21416781909663365,0.97676598518902424,-11.340215126704377,-12.289409304140136,-1.910380216214556,0.8373773840707542,0.2915749326693536,0.1538461538461539,1,6
0.8336648427342308,0.52886607332099211,0.15907107367131929,-0.55138051179861369,0.81339547639398779,0.18538427708545713,-0.03134423707174936,-0.24225704421509356,0.96970565808937992,11.113002863129433,-2.4557085833643155,-3.8959669501070113,0.3151626761089212,0.1731582039701768,0.2380952380952381,1,6
0.71074403824269061,0.69138127321212839,0.12974917014782095,-0.70253226428876436,0.68821512901123116,0.18113076445859658,0.03593507667688791,-0.21989058927482549,0.9748624513297226,-3.3194387110212418,29.523404624961437,-3.2155845834193002,,0.3833269864720268,0.4166666666666667,0,5
-0.017472439615421026,-0.99440382019313422,-0.10419096044852891,0.9993823827555014,-0.020546859780721821,0.02850753568951403,-0.030488799448699533,-0.10362851411871554,0.99414866301259242,-12.781447275277092,-9.5104341440080873,-1.8725332138941115,,0.1529780022402197,0.2068965517241379,0,2
-0.68712102130363084,-0.72625110036920337,-0.020592262993056155,0.72643932179741044,-0.68626822859576864,-0.036356982362993236,0.0122724826002047,-0.039940676415727669,0.99912668292778617,-7.0764057339898025,-26.735249058891075,-2.0072912856224829,,0.436296794348067,0.1851851851851852,0,3
-0.27367160463723483,0.95636627490380699,0.10231031737756226,-0.96149523994135577,-0.27480367728992328,-0.003137278765322615,0.025114863833926842,-0.099229467269315599,0.99474758428460242,-23.368131545908415,-8.0887416957660978,-1.1739816018163067,,0.07958213057982838,0.1724137931034483,0,1
0.075061330838897128,0.98450742371394195,0.1584642838775655,-0.99714177689602257,0.072733175700321395,0.020449007828949133,0.008606589413692356,-0.15954628734220738,0.98715293081365152,-12.112395980916823,2.3413907907813756,-2.1350246643409942,,0.1303318682901679,0.3114119922630561,0,1
0.59114470019283005,-0.80655684450667986,0.0037416591717855177,0.80560198586976295,0.59065884079890274,0.046125634399890696,-0.039412990201515986,-0.024252636259289265,0.99892863901174223,3.7602032368528562,17.315435377039105,-3.6007786217550075,,0.08381516073637763,0.3529411764705883,0,2
0.12923775922560549,-0.99124551514978765,-0.027017222021820202,0.99088342228063098,0.12804923772138704,0.041874051253691098,-0.038047930821130102,-0.03218262597122204,0.99875754492560787,-24.993791202046957,-17.389839787079541,-0.92186782479140483,,0.1342801736645001,0.2333333333333333,0,5
-0.1877570021340933,-0.98206300087811182,-0.017308103763711183,0.98220984655465804,-0.18778660706822667,8.6815197758722715e-05,-0.0033354880742048941,-0.016983889780636054,0.99985019978356071,9.6020146852421409,-6.0144969288405008,-3.6655508147075326,0.1912483400155068,0.08982322846125033,0.2285714285714286,1,3
-0.8362074493456747,0.53996148947902844,0.095909809396069579,-0.54565695866362107,-0.83669431082925616,-0.046916028049315342,0.054914343488461553,-0.091565387049614991,0.99428375968517491,-14.0337319202273,-4.6382952496739973,-1.8672927851373242,,0.09334055957053354,0.2333333333333333,0,4
-0.55698522673476303,0.82104228904842991,0.12512800163568485,-0.8298323716223508,-0.55631020765363126,-0.043556720124442436,0.033848075378817732,-0.1280957159880409,0.99118403706812297,14.175109021773736,7.6357567944567082,-4.3860326373230576,,0.1223875445606511,0.3703703703703703,0,3
0.26079685971377786,-0.96202901830436471,-0.080530527775323144,0.96501045125107943,0.25743446884366639,0.049822918695793229,-0.027199759918431692,-0.090706461685589934,0.9955061581270408,-6.2270547633844231,14.471026439834477,-2.7794651444394178,,0.1105640696856426,0.3461538461538461,0,5
0.72098544819388166,0.68441111632179907,0.1084500223504643,-0.69273121311580232,0.71581016179007473,0.087973170075744206,-0.017419812506915478,-0.13855409100137006,0.9902016531994926,2.2018962978912802,7.7945988377257125,-3.3506746847650026,0.2717379546623963,0.1514821260564786,0.2948717948717949,1,5
-0.11439546301967786,0.97345557007992889,0.19823705788998366,-0.99286640089112466,-0.11878273713011855,0.010342695073544962,0.033615294465774603,-0.19563975679866391,0.9800995345054202,-8.0484375151043235,19.949688232421696,-2.7466356497619095,,0.3601513125410903,0.7272727272727273,1,5
-0.5986423852798074,0.79830960197088185,0.06579569854934092,-0.80032524844757291,-0.5995161583107651,-0.0077377400856769836,0.033268472219723094,-0.057290097969847679,0.99780311356037177,-6.3722590153522702,-15.161848248751751,-2.2176469735087618,,0.07480286050404672,0.2592592592592592,0,4
0.67842852403664489,-0.73464067138530986,-0.0061499365850303262,0.73036741397505089,0.67353070809369053,0.1136654118815765,-0.079361063355122385,-0.081605570896554513,0.99350005154594312,-6.0223205589793629,21.636388749541716,-2.9018303509014576,,0.1474368026745328,0.3125,0,2
0.70617013283014862,0.6997468296189292,0.10806534105303027,-0.70742788677187318,0.70364758661067817,0.066527128860717738,-0.029487768924287359,-0.1234279072788084,0.99191533065511328,-5.2392760128028799,14.427855305795982,-2.8700453922792324,,0.07027890179350668,0.3478260869565217,0,3
0.66808743906705559,-0.74407864625924025,-0.0024782941388064553,0.73889615350661431,0.66303429116068491,0.12007498939486655,-0.08770204156091374,-0.082051794167242398,0.99276173122254441,3.4680687355546769,18.892514597016916,-3.6041193120113246,,0.1728837381130518,0.3157894736842105,0,3
-0.35631225582027753,0.91504327034905764,0.18904335413118292,-0.93385267827491369,-0.35546299194103914,-0.039563071659018061,0.030995993790117655,-0.19063544987548209,0.98117142927203971,-9.6877163039545877,9.5817216879789697,-2.4341425199309312,,0.1136583296775521,0.4215686274509804,1,3
0.41677117439951755,-0.90886417494640559,0.016361530754675817,0.90845784015830522,0.41707796160228944,0.027392090109853977,-0.031719723273603388,0.0034475273267352158,0.99949085724221487,-4.4966979276746697,-11.877233296209642,-2.4153866157746804,,0.07717173035681128,0.2727272727272727,0,5
-0.98232468629502556,0.1762816786713291,0.062952207746814801,-0.1823189817804616,-0.97724088248796814,-0.10844374798333635,0.042402825117150086,-0.11800435313561904,0.99210733948657448,-11.45959636500449,9.9865306441514843,-2.3169734904450801,,0.1479503226901789,0.1428571428571428,0,2
