axis_00,axis_01,axis_02,axis_10,axis_11,axis_12,axis_20,axis_21,axis_22,location_x,location_y,location_z,dbh,dbh_approximation,score,reconstructed,number_clusters
-0.64106974937882011,-0.75837890887203341,-0.11786011627960151,0.76748233183097769,-0.63359901900547666,-0.09758664582094663,-0.00066840007645584782,-0.15301540345129264,0.9882235777130477,-11.064728833617853,-6.7634389879888461,-1.4634541310391294,,0.0843299199652042,0.2465753424657534,0,4
0.95719144742846463,-0.27265323377318745,-0.097184088629897858,0.2838832651125181,0.94983343640136531,0.13125065669560898,0.056522780883958519,-0.15322094245564624,0.98657413205199473,11.878126710311411,14.472798859775104,-1.1288274049142559,0.1407042048128803,0.3194817268055508,0.5081967213114754,1,5
-0.81711357302965582,0.56390294551213405,0.11974504922312038,-0.57428555527585579,-0.77815952062220106,-0.25429089929945797,-0.050214637031548576,-0.27655239740013898,0.95968602246777779,-11.739610579081988,17.98230759640181,-2.4397730942168052,,0.4551986585739313,0.2,0,1
-0.3867844815980902,-0.91776157689266524,-0.090063604049501297,0.92189563867899194,-0.38720361694949129,-0.013482967250766637,-0.022498803958218003,-0.088244246275438615,0.99584474533921663,10.152416409796327,0.35149816527269118,-1.0315079270355383,,0.09484681362495598,0.5094339622641509,0,5
-0.87987436680790654,0.47491437818267213,-0.016656290996256273,-0.47297182521161135,-0.878593959932785,-0.066108290899289671,-0.046029894529348941,-0.050289034242010304,0.99767342444540608,-18.761261857569782,13.940528085115542,-2.583828502460761,0.5963137767787567,0.4145634388148703,0.835820895522388,1,5
-0.72629081430405729,0.68572559525057997,0.047770922911197292,-0.68601481608659365,-0.71869797981326433,-0.11338820891966718,-0.043420331265743232,-0.1151243754839554,0.99240165910895295,-12.886697302153472,7.8146008948119707,-2.1265626942223905,0.1542510636099239,0.1374163753471201,0.3650793650793651,1,5
-0.78946734806071495,-0.60383554766911929,-0.11010875404397492,0.61251498539682248,-0.7866122944250602,-0.077887681462938674,-0.039581548861964272,-0.12893304320645158,0.99086304369433953,-2.0491307412918758,-18.751422918636589,-0.75377736833958986,0.185557096086004,0.1216907125390994,0.3157894736842105,1,5
-0.33550123328805448,0.94145902950198201,-0.033072922933761642,-0.94179944838136787,-0.33600182944419749,-0.010796742041256482,-0.021277252894755419,0.027525740305041652,0.99939462282419433,1.8427833121916171,6.1009570536802062,-1.3621944844724856,0.2265778035250661,0.2226935937519945,0.8326848249027238,1,5
0.17526025072110452,-0.96164950467320931,-0.21098358864837616,0.98445960955154499,0.17359295908725977,0.026547348586050817,0.01109602085415801,-0.21235751627173594,0.97712904142907542,-23.888931974482375,-7.9722002425695848,-2.0352342546632745,,0.1384085098776449,0.2352941176470588,0,4
0.91137641507725575,0.4110032385413816,0.021664901325093178,-0.40809980595893375,0.89560579851605293,0.17704463290567102,0.053362706239569277,-0.17019574487312913,0.98396434387119436,-10.997063307110738,-2.9935219678281677,-1.6570697228111437,,0.09411658544956611,0.3120567375886525,0,5
-0.86790164939241665,0.49647684678512088,-0.016045796590616095,-0.49431087263627982,-0.86640169644173959,-0.070745046444510365,-0.049025382971306285,-0.053468130780681931,0.99736536475623483,-4.5173446030723516,12.397061932161289,-1.7133255599609742,,0.08076345598693643,0.5142857142857142,0,5
0.80826780760044614,0.58765686876801104,0.036912813311186995,-0.58715219914924466,0.79969182430853147,0.12548020229622042,0.044220427756590075,-0.12309504751967526,0.99140918043215365,-18.228761134000774,-12.737319349873429,-1.5338340449629213,0.188717789312806,0.1982524039551278,0.4117647058823529,1,4
0.99817871278400139,-3.1402646483823291e-05,-0.060326249334343003,0.0084501202348998914,0.9902137324654211,0.13930312094463806,0.059731506032338254,-0.1395591740115085,0.98841053420951341,-1.8415373403069701,-7.0086879532724069,-1.1590282546643926,,0.06871202899974058,0.3125,0,1
0.6249234569854063,-0.75997272607619226,-0.17863966113304797,0.77970148060944588,0.61906407349656956,0.093942929703474926,0.039195331926737548,-0.19799274867063971,0.97941952064934745,0.9671578522531703,-3.9111720225147319,-1.1785428834376541,,0.0901782925308558,0.375,0,5
-0.24475555813726615,0.96868374131014212,-0.041791459442095745,-0.9694870598952674,-0.24511549174117062,-0.0036381869266840674,-0.013767986655456472,0.039625812671401466,0.99911973132031839,2.923761666290531,5.126730796977407,-1.2975598471949306,0.1717159632281345,0.1397908261517384,0.7398843930635838,1,5
-0.83418535228690982,0.55031470935596316,0.035895942617870304,-0.55029491588819857,-0.82634897381707761,-0.119678231182879,-0.036198115663168016,-0.11958718216399271,0.99216359653260355,6.5492399350554056,18.312605498230496,-1.427253019858491,,0.1575290395831221,0.4,0,5
0.99012029280273994,0.12750355631545615,-0.058349369380712987,-0.12378549750653926,0.99027912674079177,0.063438172645122803,0.065870755174615422,-0.055588616356275385,0.99627855007739641,4.1789272665690786,-8.7818974072306801,-0.92905664366189311,0.1343676692607113,0.1718203966763804,0.5384615384615384,1,5
-0.14972681718287387,-0.98568711898823613,-0.077477633398017789,0.98871011118988261,-0.14972726445250656,-0.0058362925269359999,-0.0058477557384912383,-0.077476769035889403,0.99697700776526588,-14.127699334703575,-4.4463807934636739,-1.81131154413818,,0.068167018949595,0.3414634146341464,1,2
-0.43729850558753097,0.89381078900735322,0.099359400486139116,-0.89901561087253579,-0.4316186453310592,-0.074001867611991401,-0.023258297839558194,-0.12168655824138543,0.99229604107089542,-12.635987905195321,4.6117219548023147,-1.9675189541481062,,0.0814400183222261,0.2444444444444444,0,3
0.84465751325965321,-0.51847352410549696,-0.13318742469033476,0.53292574055378239,0.83789897731962781,0.11796380318522551,0.050436498185535361,-0.17061801958863168,0.98404555333705546,13.439485695783947,4.6210073421766618,-0.94562140743970691,0.1087090998974529,0.1220614601088938,0.2916666666666667,1,4
0.37052336418250459,-0.9234445462720039,-0.099812857665593252,0.92855198534541561,0.37086667671404683,0.01578349182423083,0.02244208336955604,-0.09852957963764708,0.9948810355165395,8.0995913033283529,10.418495793590688,-1.2362103002580127,,0.07217472400210381,0.2083333333333333,0,5
0.99514701718125453,-0.05796962457262976,-0.079510608236648003,0.078210388819302548,0.95632959686316255,0.2816324506236374,0.059712220491176457,-0.28648424876500705,0.95622237263806131,-16.728963056068558,-10.987483413844421,-1.5285273982994119,,0.3516009985388945,0.303030303030303,0,1
0.53251663845239805,0.84566515909809592,0.035727698763701694,-0.84593741215983087,0.53031448961489613,0.056182175223286078,0.028564391813690099,-0.060141340125439716,0.99778108557349854,-16.016266833038532,-8.6199544253215556,-1.4867634350019645,,0.2125272480469676,0.1363636363636364,0,3
-0.020975211459475045,0.97530380898129287,0.21986932639823023,-0.99977943961127413,-0.020693717454534518,-0.0035835999327378191,0.0010548150531394919,-0.2198959987005063,0.97552275069354988,-7.0519786685438186,-11.172182485162871,-1.1302860109018633,0.9865216419461176,0.6434969016575766,0.7211538461538461,1,4
0.34109954443936835,0.94002179698446231,-0.0031815055174755765,-0.9398092076228397,0.34109137807475576,0.02037952576470449,0.020242382532336834,-0.00396143877480464,0.99978725384566081,8.3828280088599794,-9.9801044115997115,-0.85269033048900733,,0.07645691269105587,0.25,1,5
0.89062052416344328,0.45457999614204447,-0.012333249625800083,-0.45137358100136798,0.88698547116626913,0.097563642377439974,0.055289893405891966,-0.081325279264509137,0.99515286596568375,-13.504143215839241,-2.0497467246980783,-1.7939105534891091,0.5463481211835326,0.6764105018976641,0.5530546623794212,1,3
0.99382124120072357,0.09516412264594587,-0.057123815517527855,-0.092932779333204443,0.99484716203714207,0.040529282155622015,0.060686399330155613,-0.034970186554713505,0.99754410779106351,15.352045681862277,1.9305409502287587,-0.8985178743829898,0.1797986353900651,0.1202357157174627,0.2727272727272727,1,3
0.60190627829020116,-0.75512815386023779,-0.25978895935444896,0.79766877341919651,0.58394841803365649,0.15076064800837061,0.037859742032306291,-0.2979693211114503,0.95382436727608699,-12.186995004950138,27.237768282333377,-2.7448252892604073,,0.3511748970065506,0.3333333333333333,0,1
0.22024007467514581,0.97472672359599577,-0.03744494378285259,-0.97538469671246186,0.22049328367916476,0.0027212628535004187,0.010908846237098847,0.035923894000987222,0.99929498693507957,-14.500002330001784,17.371267904787683,-2.6061296808699606,,0.09432811759250409,0.5384615384615384,0,1
-0.70260512398278241,0.70743696698716607,0.076674490498066669,-0.70637823686789358,-0.68040321788615232,-0.19514417124161046,-0.085882630563723278,-0.19127048604049751,0.97777286469674873,29.325067281943522,11.062006804054285,-0.59524653939005168,,0.4019301807812983,0.5909090909090909,0,3
-0.20103889986868595,0.96016283401189473,0.19408939415082477,-0.97941244471451694,-0.19331893986882376,-0.058129601979768249,-0.018292727459858053,-0.20177987925023597,0.97926005557861817,-3.1201070095548964,0.63047527648516111,-1.4614396775075211,,0.269841399952943,0.3534971644612476,0,3
0.043810042403629942,0.99354526629508211,0.10463500373789093,-0.99895540997467158,0.042203468699708535,0.017520163014376963,0.01299111492250643,-0.10529326214126436,0.99435635457351135,-6.9491114208101719,14.021670930135709,-1.8803245356853939,0.2390105243164068,0.2227356097679009,0.2068965517241379,1,5
-0.7993275923992087,0.60089549666547371,-4.6004756401951567e-05,-0.59897399447401711,-0.79677767082297646,-0.079846710776035182,-0.04801618449152284,-0.063796123432897284,0.99680715319554647,4.8550655619368426,20.496401198735935,-1.6019299145383896,,0.5524455954845171,0.8333333333333334,0,5
-0.71858564513922529,0.69516143328634805,0.019627844280860271,-0.69367857604083083,-0.71447499901919065,-0.091299008310566587,-0.049443945451479204,-0.07922157185891833,0.99563007126662928,-5.4579375674210295,10.409916478858607,-1.7345190582697381,,0.07654154779813334,0.2985074626865671,0,5
0.98583727225062823,0.154508594465397,-0.065207107570947997,-0.14966951402390313,0.98599745635279479,0.073539463131492913,0.075656521287264605,-0.062738427635278413,0.99515826906304861,-1.8590823698013139,33.103976829362047,-2.3317817003084333,1.013437924216694,0.5268236419887911,0.5909090909090909,1,5
0.73852571884360318,-0.65766410163268119,-0.1485183222037576,0.67194952699715338,0.73603713025983619,0.082055932431289794,0.055349758579803232,-0.16039723283942606,0.9854994327358152,6.5241902490052803,15.58338268323506,-1.4108204454664175,,0.1941919743832786,0.2631578947368421,0,5
-0.67603915983160379,-0.69184918134618945,-0.25360552960214838,0.73470766402190235,-0.65920069089253641,-0.16018457339669603,-0.056353374359111107,-0.29461697065411813,0.9539523771137276,-13.38963367459103,-12.106156509990493,-1.3288998784883534,,0.4115943800084729,0.2291666666666667,0,2
0.72756678853196488,-0.63027505509348258,-0.27092420185762484,0.6845382278355705,0.69305785744480608,0.22600491336639494,0.045320887645987261,-0.34989164202781758,0.93569324887062078,-33.573082291908136,-0.88646256701094983,-2.9257128620890662,,0.5757254648733943,0.2592592592592592,0,2
-0.98509706589166623,-0.13742619522674315,-0.10343022593580437,0.14872190068620636,-0.98264787208391458,-0.11083751957364189,-0.086403512821601358,-0.12456805511228126,0.98844182055274821,-0.050466892386122168,2.3952197956475771,-1.3858156713333651,,0.1195600902547236,0.6422018348623854,0,5
0.4067831276736959,0.91328830414838202,-0.020783660548051149,-0.91318518392484849,0.40714694140347985,0.018005220518808228,0.024905961136747232,0.011655110963108296,0.99962185424704031,3.0657241933487795,-13.684126326572109,-0.77601192294299937,0.1218765824664363,0.1019642521077334,0.4782608695652174,1,5
-0.4288586592543131,-0.86525615478050788,-0.25963828107011172,0.90301640956759166,-0.41866140957673237,-0.096353454441854461,-0.025330109242714945,-0.27577964164468877,0.96088707703875309,-2.750263567733592,-19.887398730646662,-0.76650030916300571,,0.397820505521863,0.4482758620689655,0,5
0.98391732755385242,0.17415435668774382,-0.039710862317058795,-0.17318314984113498,0.98452668027765089,0.026735976372147207,0.043752590213486757,-0.019428738202650137,0.99885346021399168,18.303557400150297,2.4259727889825577,-0.83578386965292828,0.2067668912883143,0.1377795371294534,0.5714285714285714,1,5
0.56412824487674051,-0.81028459822315857,-0.15873938772283949,0.8236169556868066,0.56582225972589606,0.038733457164018256,0.058433155292901738,-0.15259108847181876,0.98656045231982625,-23.568461799016507,-0.67681158254253826,-2.4337981521835683,0.3770892920468553,0.1222887351769256,0.24,1,5
-0.049027595708226485,-0.96158032100512536,-0.27011031286263365,0.99870616116795052,-0.043540658992434852,-0.026271936732552046,0.013501796334021939,-0.27104888354351081,0.96247088487162558,-5.845643391844499,-21.25419091334776,-0.84552163732541008,,0.185483308722075,0.2,0,4
-0.27680114331523664,0.96059070005191993,0.025428999845450401,-0.96085241161181634,-0.27635245941398201,-0.019798011910274634,-0.011990419472798986,-0.029913628158510223,0.99948056744053804,-34.549246130478515,2.4938424658212428,-3.4054141845445436,,0.1533080972149482,0.3333333333333333,1,4
-0.81973751559494623,0.57158095437840373,-0.036409038961476903,-0.57065107646004676,-0.82052026407536471,-0.033224165552858904,-0.048864654518530448,-0.0064582376517731618,0.99878452966854536,-0.48703615119114407,-10.486616129105819,-0.96967343372065684,,0.06925620493475611,0.1764705882352941,0,5
-0.90347183019699073,-0.40547643858528437,-0.13902341454839209,0.4254182157845372,-0.88793116244889114,-0.17492167513164683,-0.052516604223815627,-0.21717989894176332,0.97471785547226142,-1.1830616626326136,-4.1618520377762325,-1.2415175839770018,0.8367310248077485,0.7144449813668449,0.4566929133858268,1,3
0.9963206163221271,-0.068455873045636842,-0.051565714743956076,0.069534271884862525,0.99739060347245079,0.019415693093495216,0.050102041125461301,-0.022929839738175938,0.99848085005404197,2.3094617423665409,5.0421692246032794,-1.3134870089590296,,0.09570963485964078,0.4353741496598639,0,4
-0.64738435066497346,0.74822097216175709,0.14511677825601471,-0.76105759366902825,-0.62436483897831518,-0.17595421838162872,-0.041046822444595829,-0.22435223347427821,0.9736432784661454,13.819679958030315,-5.7507543450345224,-0.90871933576597785,,0.3413648966406298,0.2777777777777778,0,2
0.95053532044760125,0.31012875270166645,-0.017400038197814778,-0.3074735319951486,0.9473886227206354,0.088965300325051497,0.044075295847051547,-0.079214609051657253,0.9958827310526015,-6.3148865741826041,19.022518072509058,-2.1301449317479206,,0.2875145935759277,0.1764705882352941,0,5
0.99594885067838479,-0.0053263554142526544,-0.089763671774306816,0.01547498725595825,0.99350326639027808,0.11274654957592234,0.08857997291618662,-0.11367888814484881,0.98956086158877476,-17.755043142021293,14.085542210071239,-2.5261034669296594,,0.227850124131129,0.7547169811320755,0,4
-0.16297016874237957,0.98499006582371984,0.056879647754382721,-0.98352055951897643,-0.15761207555098269,-0.088576196825047873,-0.078281754601941672,-0.070377580727769118,0.9944440472079592,-4.9029925483699399,-15.049460774204638,-1.0027758692081588,,0.8693318052144503,0.5797101449275363,0,2
-0.92371293073578498,-0.35359348353910391,-0.14739765937825644,0.37899725336602175,-0.89956339740583124,-0.21713308358859154,-0.055816695822294336,-0.25643194505825562,0.96494930126982381,-2.9009549940278427,11.348498179754708,-1.6459067489027386,,0.4898076401693844,0.2037037037037037,0,5
0.91311799136598382,-0.4006748659108802,-0.07533382819854606,0.4040058297631906,0.91407581944458949,0.035280105216061237,0.054724979315716883,-0.0626502045806617,0.99653405787504012,-8.6574470020903735,23.729432263532683,-2.4463896671983774,0.292809734632797,0.2349396248021017,0.863013698630137,1,5
-0.97763949555827001,0.20849512475635737,-0.02740072403058956,-0.20194815265277036,-0.96719461105697579,-0.15411530742426796,-0.058634122869732748,-0.14513568580874325,0.98767285694207518,-1.8285164482646423,-8.9348821619417986,-1.0014462630005738,,0.0808090739815704,0.2727272727272727,0,5
0.99681166140795552,-0.055370792533252014,-0.057450735550999624,0.058397013242035702,0.9969169675644115,0.052405616364920964,0.054371872558528239,-0.055593480880561222,0.99697194762844843,0.6999906523804984,11.370560807266763,-1.5171035515810749,0.2173901490237942,0.2374091533460687,0.5543478260869565,1,5
-0.99809737100411178,0.030973690743141873,-0.053312929730305991,-0.015247289266527074,-0.9617986653447268,-0.27333285113781097,-0.059742431861309314,-0.27199992246846338,0.96044098413824808,-34.845876387916888,-2.3035788775729849,-2.7793486552549713,,0.1445953653006238,0.2142857142857143,0,1
-0.21096456021876975,0.973898614262525,0.083758244186683095,-0.97749193331393813,-0.21035167835864518,-0.016176888386882617,0.0018640380579775073,-0.085285758185268498,0.99635478862345195,-15.142956988546482,11.765103861294513,-2.296768551032264,,0.2117197319514531,0.4383561643835616,0,5
0.60360406267420563,0.79110867314819577,0.099041419582386783,-0.79693880403398265,0.59501294188942022,0.10415441233563859,0.023466532510756762,-0.14179797690305107,0.98961742890781934,-6.1930629748505819,17.18857061253695,-2.1219170484505163,0.1183938453304777,0.1175150233208259,0.16,1,5
-0.90498355833310462,-0.40773835113235729,-0.12146685211454392,0.42287397152861189,-0.89342090010004882,-0.15158066983634549,-0.046715771965885632,-0.18854318412576743,0.98095316114957587,6.6247569361922771,21.909444463078358,-1.5454591951763004,,0.3376991867881503,0.1785714285714286,0,5
-0.90621916904817967,0.4227991574246569,0.0027731084771217608,-0.42072472407695544,-0.90108375314049982,-0.10506558131281382,-0.041922836258958859,-0.096379159091734584,0.99446142886125732,-1.0406128662995255,-8.167533081836158,-1.0262197917284244,,0.09960426354051896,0.2285714285714286,0,5
0.38691104603097032,0.90006880597394212,0.20043948456295399,-0.92210898105580663,0.37856551583694642,0.080019855506797619,-0.003856101067455609,-0.21578761487107861,0.97643270928047499,5.1972353442655672,-5.3729315332946257,-1.1079391761795176,1.00632636702774,0.7276481442115418,0.3190184049079755,1,2
0.41801262139169765,0.90251159094925704,0.10362565589410698,-0.90821847653291521,0.4126564464531175,0.069669620961486461,0.020115845532147108,-0.12323751621534673,0.99217330510128121,-7.317453352816865,27.674612726430212,-2.4918088132642295,0.3575434313350161,0.1864465881193215,0.4814814814814815,1,5
0.71384759521924868,0.69341131101262843,0.097991655560271743,-0.69909523437830579,0.69739947257952073,0.1577967962771972,0.041078754475236415,-0.18114836296680531,0.98259747940100517,-19.59754522898027,16.629979207323682,-2.8588759974357258,,0.5885070901832317,0.1481481481481481,0,1
-0.68242969524377173,0.73076307058718981,-0.016584502267918664,-0.72974745819230602,-0.68243204367269927,-0.041894546549300762,-0.041932783253215221,-0.016487584258617138,0.998984384889951,7.8548199558984049,3.1615878977069798,-1.0915127744332229,,0.077868284336815,0.4680851063829787,0,5
0.99734072082300607,-0.042623930070769651,-0.059115879199840918,0.043917553665573095,0.99881947103110524,0.020758438505234057,0.058161284960698327,-0.023299460819216706,0.99803526994653613,-2.1900395073340957,12.093584218696266,-1.6210946106458703,,0.08416551387233114,0.5681818181818182,1,5
-0.71480525419280982,-0.66958024648260051,-0.20178142158943196,0.69884139826320679,-0.69464438799868755,-0.17055753954444411,-0.025964372741861357,-0.26292863621566287,0.96446585403833396,10.06814583266582,13.735645338967844,-1.1905538864964738,,0.3227114361762924,0.3461538461538461,0,3
-0.83529111918505716,-0.53842384888844641,-0.11130366192864875,0.54469075898020791,-0.83793831397463059,-0.034225123154189213,-0.07483798027833452,-0.089214017516901251,0.99319692699200091,1.2292980293439149,-16.325898485819266,-0.77343744644270296,0.425827072504691,0.1841540153700703,0.25,1,5
0.99586365213038364,-0.05874354745600173,-0.069316534808221031,0.068458653525284324,0.98671560726880947,0.1473286229137083,0.059741100785304591,-0.15146453711819483,0.98665571243090211,-8.6799418566476714,-15.987092085857252,-1.0857648235852553,,0.1392325787939911,0.4,0,2
0.51805946896611876,-0.83990499629819804,-0.16178375631647132,0.85470868639450337,0.51562207930194259,0.060057745030295796,0.032976476711829038,-0.16939146533891727,0.98499699667258311,-33.969261335723864,9.5571335087278229,-3.5352197903291742,,0.1721868460852826,0.3333333333333333,0,1
-0.95732045553759504,0.28643889072005213,-0.038604498343560889,-0.28316456980338528,-0.95626251154897857,-0.073347361330206112,-0.057925571359768994,-0.05928550319518356,0.99655900843529488,-13.316573422364254,21.642868242338423,-2.6585611160991771,,0.1903480087390988,0.625,0,1
-0.99650244846207692,0.076867818929791526,-0.032775121999202572,-0.071470988302798313,-0.98723311336405817,-0.14234703266499865,-0.043298591664245829,-0.13950669622095457,0.9892740336577156,-2.4214606925063413,-9.665447123808681,-1.0134787813033523,,0.07999471570893181,0.2307692307692308,0,4
0.32100534744264236,0.94686771230111944,-0.019927426197968758,-0.9469427034452963,0.3212434740804912,0.010106767654053684,0.015971327588670824,0.015625804374299588,0.9997503443023732,-3.0440100397034784,12.52983172618727,-1.6607215318076454,0.2181155547215635,0.1880655568772178,0.6086956521739131,1,5
-0.6281334413445625,0.77810556428500999,-0.00033270609212906327,-0.77509602194592375,-0.62574141503163883,-0.087600446789997219,-0.068370583062028256,-0.054766890937035732,0.99615563594693857,13.520773125942494,12.263344576308963,-1.0080574793623478,,0.2621287393909711,0.3939393939393939,0,5
-0.59822474977371487,0.79918657514470026,0.058548841719200898,-0.80108295153273412,-0.59463494692888164,-0.068376784470232613,-0.019830620811728025,-0.087807163713276445,0.9959400827754904,0.30412812942300294,20.050701160341006,-1.8316111856252366,0.1174133691105451,0.1388226618352655,0.4444444444444444,1,5
-0.19604879549813312,-0.97052039176051086,-0.14019642991444448,0.98052662212559027,-0.1956991415056068,-0.016413083712345965,-0.011507088541903703,-0.14068409715029273,0.98998766240913094,-20.698294300126651,-12.193720072945213,-1.6531006098730465,0.146625713526986,0.08310739221657686,0.5416666666666666,1,3
-0.043901217022123754,0.99801196538345716,0.045219465890537207,-0.99879165870117026,-0.042844738994441328,-0.024073862371101283,-0.022088586485805542,-0.0462216971989051,0.99868696249380939,-11.8102255348558,3.4970966807403099,-1.8569763727182633,0.5675758065375949,0.225903102969371,0.2213740458015267,1,6
-0.51772958032747185,-0.85077998821623424,-0.090163702811747709,0.8551283560415367,-0.5178820696133164,-0.023529910045054295,-0.026675388425287536,-0.089283669412796557,0.99564895923641061,-0.32436376217005847,-17.471098666507107,-0.79159444452089323,,0.1164673605462365,0.5333333333333333,0,5
-0.87956256531284283,0.47482901286252371,0.03011813812793606,-0.47318615926439478,-0.8664019247209529,-0.15950725225029669,-0.049644258287366579,-0.15454809408022624,0.98673721640326695,3.6581748073231202,2.7657731309060583,-1.2336479695882703,0.3047523425801653,0.2096918129307483,0.2777777777777778,1,5
0.9987806655232806,-0.0072870625517313641,-0.04882705086568772,0.014561220675149039,0.9885291921706536,0.15032633528056735,0.047171527739971637,-0.15085401865977291,0.98742995297128522,-8.2486944936267808,-7.3465533378347914,-1.2959431594426638,,0.195222839572751,0.5261194029850746,1,5
-0.66960627517340843,-0.71925185612632692,-0.18521394036957908,0.74230670142831123,-0.65637441792762574,-0.13473449634295137,-0.024661655723250808,-0.22770461336785122,0.97341790192495636,17.106065928188158,1.4726353678764952,-0.86193302633280844,,0.7186544115034922,0.3862068965517241,0,4
-0.98600781077934807,-0.13459574438981051,-0.098349289139623555,0.15644355332118356,-0.95088377892311371,-0.2671056974404335,-0.05756745353373257,-0.27875441623954805,0.95863546967582491,0.79887352225838848,12.837746371007684,-1.531165080162475,,0.1120623885341052,0.1612903225806452,0,2
-0.97680115498375009,0.21314482589488448,-0.020707168243183412,-0.204603207049843,-0.95743646152016326,-0.20359997499181623,-0.063222079112689705,-0.19463993769519267,0.97883515638062391,-18.198047793689959,5.0212555083189585,-2.357449248557864,,0.3777323410285441,0.2058823529411765,1,4
-0.51507830870417826,0.84580538596791188,0.13895173611767211,-0.85651510886379401,-0.50168831655911594,-0.12120520333765879,-0.032805551214486334,-0.18144443252894837,0.98285386182980516,7.1981452033403208,10.008420875246102,-1.2640389016123548,,0.2517885528443466,0.2941176470588235,0,2
0.89937143007984188,-0.43103544158263241,-0.073071737736320669,0.43373181535361677,0.90068241415290695,0.025453903153503724,0.054842894764925321,-0.054586050739698161,0.99700181542384703,-3.3777172042973129,-2.4683392007100413,-1.3423380257265534,0.2429277899259962,0.217786365810035,0.8190127970749543,1,5
0.27041097110057932,0.96207650686977053,-0.035870623603434973,-0.96219935103147292,0.27132429109400008,0.023569852289482062,0.032408572678403101,0.028141144106023357,0.99907845559062558,3.8628730755879186,4.7860462450937256,-1.2491109046338038,,0.1186181734036631,0.1320754716981132,0,5
0.72827649104988801,-0.64632703988725915,-0.22776020305276265,0.6829639197584626,0.71187342983316781,0.16369637810812601,0.056335041423778258,-0.2747682248880598,0.95985873215783468,11.684870120977445,8.2192557552263015,-1.0275166566516021,,0.2680119457778949,0.3469387755102041,0,3
-0.47734583156677018,0.868815023605917,0.13153483128996571,-0.87822505247737381,-0.46670349814424239,-0.10444425317384523,-0.029354970395896938,-0.16537321299587207,0.98579408911622057,22.675797608781188,-1.3095257288642927,-0.78547437583934565,,0.3457868764588959,0.2142857142857143,0,3
0.93947796219614688,0.34074164940805657,0.035725157892621484,-0.33772942163267272,0.90351155905407865,0.26382892263610697,0.057619409155562122,-0.25992689551938569,0.96390767850153503,-15.081543505573329,-5.9881288617716901,-1.7529452087408974,,0.4307974084740431,0.2222222222222222,0,5
0.29528363632079901,-0.93958811967342459,-0.17315235918035576,0.95527617298854817,0.28732401026973242,0.069945310370819538,-0.015968952423927454,-0.18606202861163149,0.98240822170185671,-6.0418552893812834,-6.3599458471365269,-1.3332262886981268,,0.06918897164775931,0.3414634146341464,0,5
-0.014262227059857784,0.999523883821131,-0.027360455961400673,-0.99984689300457497,-0.014533591091030357,-0.0097450130372994589,-0.010138018957936253,0.027217281295555729,0.99957813109855864,-4.732794296189808,5.8638982967759228,-1.6574858365800702,,0.08309490651608351,0.2710843373493976,0,5
0.36357279551546184,-0.91783416374426741,-0.15935893519013189,0.93154320546371105,0.3570137235782182,0.069054018935966618,-0.0064868108855848285,-0.17355589601242621,0.98480265649715704,6.9697442651942945,3.4946258533723444,-1.1162535066969141,0.1383644700346658,0.1346292043722465,0.3333333333333333,1,4
0.39299894654767248,-0.91568216975353667,-0.084130802967018553,0.91919765770551376,0.39369779199997645,0.0088155909070629073,0.025049831957861358,-0.080797354967838478,0.99641572315428872,-1.7528921760185532,-15.43907636905959,-0.89153087417032895,,0.07545416113424579,0.1111111111111111,0,2
0.97521504914216706,-0.20574330951726366,-0.081395936726132434,0.21235885206118749,0.97363966636024224,0.083243726737641605,0.06212347284155785,-0.098465682746832775,0.99319946810462223,-19.548163992089094,5.5603749466835337,-2.4584664019603166,0.260601556721434,0.2339555710445936,0.8571428571428571,1,5
0.59640485612822047,0.80267139651250352,-0.0044583413219587463,-0.80181276336780338,0.5960071729451315,0.043263637138344774,0.037383687447370521,-0.022227888307681444,0.99905374274571324,-7.333215027288956,8.7603131308785116,-1.7974288332642989,,0.09237158137603485,0.3928571428571428,0,5
-0.99533295706221692,0.061781661711021278,-0.074130498865230071,-0.053001093521818407,-0.99194254174034424,-0.11506901394900619,-0.080642350358074308,-0.11060298441692269,0.9905875989365075,-13.879475893595835,-10.195468721607531,-1.381635473564333,,0.4153901771858679,0.5384615384615384,0,2
0.059125411705378536,0.99305861637039483,0.10167974303264669,-0.99818647292302976,0.05996831098037074,-0.0052504239487634347,-0.01131154119250293,-0.10118491058787925,0.99480332875657962,1.0239276849597145,16.241282839493238,-1.7205827681339221,,0.3502737386454906,0.4411764705882353,0,5
-0.90973108323370755,-0.40750540051091294,-0.079553156774979372,0.4114453237321265,-0.91050853140492338,-0.041072616398449814,-0.055696514948330722,-0.070096810150598335,0.99598410400433601,-26.527583285907408,-1.9984735563645097,-2.3654813965982848,0.1878229951573503,0.1836544565705834,0.3728813559322034,1,5
0.071875908399341493,0.98712288537611559,0.14290648326265626,-0.99713321667100452,0.067717418626526818,0.033759434620466329,0.023647452359679019,-0.14492329136922782,0.98916026892289022,17.51184352757738,22.832227136393971,-1.0751670851736035,,0.468998972515127,0.3333333333333333,0,5
-0.9957428549978824,-0.066133509613901229,-0.06420689703462322,0.072460274918643833,-0.99216178442884828,-0.10180619862109773,-0.056970828319247997,-0.1060252442822551,0.99273006013493259,-8.6256812469856587,4.3757877151740416,-1.7377781143717566,0.7227115668623971,0.3415319194677502,0.271264367816092,1,5
0.98684483249772925,-0.13394614444560363,-0.090530143933862439,0.15036924370581664,0.96614461030111831,0.20965133563476476,0.05938322254533774,-0.22050628647332826,0.97357619655878658,-11.598416860169088,-12.429300348083126,-1.252038911559326,,0.3146069662681311,0.1578947368421053,0,1
-0.98859578815500215,0.13642412734038947,-0.063771663939418188,-0.13187423752564451,-0.98873293571552534,-0.070826317907875275,-0.072715563115599777,-0.061608760016500307,0.99544804363161477,-4.3713658142777581,-6.848743460530005,-1.2388670793620402,,0.1125074345238792,0.3552631578947368,0,4
0.49362553315180441,0.86637984023962655,0.075629395389340756,-0.86965514138925493,0.49116340895312632,0.049582665930544431,0.0058110305310674166,-0.090246762445553685,0.99590248206953658,8.8192284825473504,3.0417052310802011,-1.0644481742259251,,0.2534646495853034,0.5735294117647058,0,5
-0.88914624727271108,0.45640390838397066,0.03338298028474676,-0.45246917210835391,-0.86587246120592865,-0.21339289870276587,-0.068487949687784391,-0.20484226452815885,0.97639594807154928,9.7573902220905584,15.291939711228975,-1.2519471235685675,,0.3115821002556643,0.1875,0,3
0.46663769766103036,0.88373632343949049,0.03548760002119894,-0.88406177996097157,0.46487151316314801,0.048262257113019291,0.026153935341567746,-0.053894219384428142,0.99820407972673186,-22.473537763730995,-14.908601326919445,-1.6667831957388535,,0.1456266958309441,0.2,0,3
0.76169142567814319,0.64788833470518881,-0.0081778848936619238,-0.6465573235644223,0.76082962022524803,0.055694850148955151,0.042306020772552203,-0.037134818443624242,0.99841434578312738,-5.6323765160219272,-14.093230380359794,-1.0290596906774738,,0.1371432612094638,0.4583333333333333,0,5
-0.41688839271239714,0.90804498872718353,0.040723045921491584,-0.90886041309461274,-0.41576980997747515,-0.033289857626375922,-0.013297275328589521,-0.050889719578162108,0.99861575138292913,-9.5482749815044379,20.39094904694052,-2.3754714109752162,,0.09120773783115643,0.2777777777777778,0,3
-0.88908898506427991,-0.44766860148452797,-0.095465176280429248,0.45248250487658082,-0.89106344871696341,-0.035574051515736296,-0.069140143317623998,-0.074824819448603419,0.99479690740195814,-1.238608712539353,-13.572942991753326,-0.9052985398109985,0.5448173492990682,0.4515607270265027,0.6724137931034483,1,5
-0.96529419578406128,0.25956215168285685,-0.028889530964833515,-0.25359473376399055,-0.95800196014296601,-0.13387290752577966,-0.062424567221352895,-0.12190050769377793,0.99057732642698115,-17.217629801397401,12.316957081579924,-2.4449453253016959,,0.118453850275331,0.6666666666666666,0,4
0.88312865017356434,-0.46499133273509802,-0.062183982856159732,0.46677457030311814,0.88420800202910632,0.017254265154865171,0.046960491489731707,-0.044263637773373277,0.99791554883672873,13.753149202067485,1.7621050099866449,-0.94051503979446249,0.1704355454858321,0.1533330240904665,0.3863636363636364,1,5
-0.029743223254326896,-0.97802162643220591,-0.20637111934896724,0.99891404734947287,-0.021676267865478618,-0.041241549671643944,0.03586177182373898,-0.20737366670415611,0.97760426332915262,-36.555171149021646,-1.1269713569987356,-3.0289185737962026,,0.4947439372046443,0.7857142857142857,0,4
0.20792994247124308,0.96192418249412559,0.1773894195179464,-0.97813773175307595,0.20511544241680219,0.034267083376136709,-0.0034229731014349691,-0.18063643711933636,0.98354398012492483,-13.08820717648158,35.426494451507772,-2.9768200674831915,,0.3315392267987142,0.25,0,2
0.049403135851160317,0.99227927822661388,0.11375923773541591,-0.99840693493822763,0.045955083961870889,0.032737173447196309,0.027256603517793937,-0.11519533089552056,0.99296883803296965,14.692758247398697,0.61115951778054511,-0.91776184530051697,,0.310918985232526,0.45,0,5
0.99042809765377637,-0.11615507990403255,-0.074566619813487015,0.11966297714782495,0.99182013732620578,0.044425072811928333,0.068796477221151675,-0.052922704075980535,0.99622599449886118,-29.953577471283563,0.87712870090232076,-3.0094105153531023,0.3117586095449516,0.3072786993235448,0.7884615384615384,1,5
-0.99638930616527255,0.067159149220373804,-0.051942268293591498,-0.06029527142740445,-0.9904501149139443,-0.1239881047135214,-0.059773161226285308,-0.12040854846293558,0.99092328192149493,-7.2921452608097059,4.9123247614452614,-1.7208740261253896,0.2397593994246036,0.1372474840477061,0.3929961089494163,1,5
0.43006366524320722,-0.89589704584173568,-0.1114169066597518,0.90240537446505675,0.43023207639941435,0.023767637106519825,0.026641771227855257,-0.11076481250423209,0.99348949281647791,4.8739656123569963,10.697111194675218,-1.3702355792117455,0.1888913067201847,0.1636072122985546,0.5901639344262295,1,5
0.3766473122027254,0.92635463263649087,-0.0019740322627042899,-0.92583037083641861,0.37650426909758994,0.032903795954094164,0.031223815387645494,-0.010565507285553897,0.99945657404833577,24.42596505877621,-0.71912828066397227,-0.7588405723887004,,0.2423746582301647,0.3076923076923077,0,3
0.79254032049855461,0.6098170746824948,-0.0017250535448206351,-0.6080428198366542,0.79044388838303858,0.074043153383632015,0.046516337228310736,-0.057633278091625398,0.99725354630970098,0.41821884423513883,-12.854945607619701,-0.87706816884978356,,0.08129487783156011,0.3448275862068966,0,5
0.13762613814594579,0.98885170591546645,0.056844962900028669,-0.99046648614014665,0.13705313369207001,0.013877261198618004,0.005931773109629542,-0.058212904525166732,0.99828656798262083,-10.931535995615528,1.5651133133168684,-1.810402424778305,,0.1195721723342478,0.2648401826484018,0,1
-0.31357373481689821,0.93637325811398042,0.15772328401980409,-0.94955478773514124,-0.30848902733318917,-0.05639348459081877,-0.0041494484276397969,-0.16745041506079661,0.98587176680018285,10.71267435238375,11.367405728523579,-1.1327974605569222,0.4593318833075466,0.3602285563493723,0.5245901639344263,1,5
-0.085619313987277484,-0.99055590766540458,-0.1070902743553897,0.99632510190302825,-0.085378903965003625,-0.006836232562823741,-0.0023715796984950461,-0.10728204205224347,0.99422579883185103,-9.9393910701907053,-8.4908553813189283,-1.2514703051531406,,0.07540864794554041,0.2258064516129032,0,5
-0.77957127340026011,0.60831243614641084,0.14907920619159315,-0.62446490962821299,-0.73665596625437324,-0.25957959092514021,-0.048085406644057783,-0.29545552526810914,0.95414560013470728,-44.537279957825255,2.1408577740957604,-4.0710729829469932,,0.434415560489669,0.2,0,1
0.98745516142389711,0.14861785542000963,-0.053338890386495669,-0.14520488657467234,0.98739311563049648,0.063010920643472135,0.062031001057068713,-0.054475391286878158,0.99658646722298994,14.119274360383667,2.7045047119473686,-0.92655511362708998,0.2602583914096579,0.198549712078701,0.8260869565217391,1,5
0.95560760184384119,0.29462876556872236,0.0028287449006502499,-0.29060754731857391,0.94089480714818508,0.17396613268984851,0.048593875537405913,-0.16706541347936155,0.9847475731776264,-10.257282883754215,-11.102285956635917,-1.2284956463603998,0.270566606773829,0.1738512343214257,0.375,1,5
0.38991949954572586,0.91876901004249578,0.061857013018274204,-0.91957914821538467,0.38497585787787547,0.078535208783459529,0.048342259374986811,-0.087504828648058114,0.99499041750249806,-23.255353494110949,-3.8766079209396826,-2.1925754428477049,,0.2918292429365144,0.5303030303030303,0,3
0.28303353969908712,0.95423611156152155,0.09656841511256703,-0.95899654791604327,0.28001324894545793,0.043797277314022567,0.014752507939930973,-0.1050048751580455,0.99436227789600184,7.8508932529505984,-4.9960124397538461,-1.0380689100800449,,0.6591327504801149,0.3823529411764706,0,3
0.9571270887473331,-0.27333336325369406,-0.095898949517087551,0.28238854924280665,0.95421014619837297,0.098689939449899303,0.064532497569826028,-0.12153957966237208,0.99048659119288263,3.0411539300896497,-7.8134152178365266,-1.016528455668636,0.6323708916247786,0.3585869092265733,0.3675675675675676,1,5
0.99823136694344172,0.013004959556574401,-0.058008698288788366,0.0033378304256780358,0.96197865942214766,0.27310422498455933,0.059354839215326263,-0.27281482702246812,0.96023386381569731,0.50936846923416734,9.9118573482119032,-1.4620618335860969,,0.10239566790916,0.2,0,5
-0.96666083852289042,-0.23960192227382365,-0.090320219823194839,0.24956590978839152,-0.96052485488462847,-0.12291810208571934,-0.05730340249683355,-0.14136096346428692,0.988298233364167,-13.48647383037442,2.3831166826701611,-1.9409303387860968,0.1198028142636676,0.1273136042603707,0.272189349112426,1,5
-0.89835630958128632,-0.4210262144899502,-0.12527117684349584,0.43609147901843959,-0.88905665518547183,-0.13929280598053448,-0.052727250667958608,-0.1797642639199557,0.98229560034355967,-9.8868906938350278,-12.879788371446379,-1.1750809195404628,0.8908914207655765,0.5506719410640674,0.6,1,1
-0.79337009434489714,0.60280008196088919,0.084828972569009162,-0.60677478485607572,-0.77190618177319192,-0.18969767263515486,-0.04886976429277453,-0.20197254201568277,0.97817117030185008,-15.15963996016635,27.700376955418271,-2.9695418466945238,,0.2500116230873924,0.2272727272727273,0,1
0.17558823781390029,-0.97871608354715689,-0.10622428417044921,0.98437403642636501,0.1760034297882842,0.005527125150242315,0.013286352060484254,-0.10553492554067423,0.99432683376244524,0.3904670245453154,5.1353520241539554,-1.4165306961090345,,0.08619669505552693,0.4640522875816994,0,5
0.026383594896874696,0.99769962546315383,0.062444881863942051,-0.99965161536689062,0.026378564900865317,0.0009051011757974448,-0.00074418726487548612,-0.062447006849447123,0.99804800361548784,-31.179601439448479,7.6336552653195371,-3.3548011456553946,,0.1279095001177983,0.5,0,1
0.29906808589439327,-0.95129662458408815,-0.074786442985247628,0.95408144756082702,0.29949230523111314,0.0057402550110281989,0.016937278993444001,-0.073069084859984187,0.99718305110848282,-10.938534826765302,-4.9847367253795145,-1.6300575924269214,,0.07512945281768524,0.3555555555555556,0,5
-0.96709709674148447,0.25331372873090219,0.023566083905461589,-0.24760734372130419,-0.91592617142463617,-0.31586366019959983,-0.058427808528750153,-0.31130596418291645,0.94851188071350601,-29.664197791707611,-13.107814246211785,-2.0115216874892186,,0.2304600894907056,0.3,0,1
0.98949958802159266,0.13773766293807271,-0.043805268101642585,-0.13201005480248762,0.98465449094278723,0.11414411459749149,0.058854997546029207,-0.10716281852657174,0.99249796956432024,-4.3542014662492825,14.159337337604089,-1.7928759315336749,,0.1350977601485468,0.3125,0,5
