axis_00,axis_01,axis_02,axis_10,axis_11,axis_12,axis_20,axis_21,axis_22,location_x,location_y,location_z,dbh,dbh_approximation,score,reconstructed,number_clusters
-0.25974947769097378,0.9611595568244351,0.093287272252551137,-0.96071640970118655,-0.26698495786973203,0.075782665578346828,0.097745531714387837,-0.069938105467282866,0.9927509619403645,2.5370214820868799,-7.7144040607258209,-1.8213264085964089,0.5117868393869375,0.3817534727351253,0.2516129032258064,1,4
0.29623444057686599,-0.93338305394169574,-0.20258635400881383,0.95177283044436212,0.27075166230041148,0.14429835962162327,-0.079835051475141847,-0.23556233140304331,0.96857459835570969,11.707703690567953,9.1276547134058372,-2.4891195897818039,,0.1662253892222657,0.3125,0,5
-0.72354397943528193,-0.6627236617411405,-0.19308406975038211,0.66832275767242755,-0.74255327681243433,0.044264236944033475,-0.17271016588515414,-0.097015355813038592,0.98018325803718576,-9.618433129532507,4.2615478421511312,-5.3443421432280322,0.5021339316230755,0.2387599031427271,0.2318840579710145,1,4
-0.53133737605603126,-0.81219236563635122,-0.24088203338547062,0.8339652730386542,-0.55146072255829226,0.019824097483846063,-0.14893796081407285,-0.1903539668026745,0.97035192128991632,8.5051542461728573,5.8648991257337277,-2.6122681578943947,,0.1393862705444854,0.45,0,5
0.93323125812911667,-0.33714494063345624,-0.12414792731258087,0.35271590331568009,0.92548649027098895,0.13808058471085388,0.068344058987964501,-0.17265006611974051,0.98260930398093627,2.0041759803925459,-10.514063503496617,-1.5220145253132689,,0.1012640929069874,0.4754098360655737,1,5
-0.11048406569399331,0.97614112925038365,0.18692717034586478,-0.98905121494996795,-0.12649870112749073,0.075998505373799916,0.097831311111111444,-0.17648392107737293,0.97942966065329973,7.4079748708348401,-6.149469860848213,-1.2949010352878407,,0.2261657702594669,0.2857142857142857,0,2
-0.98685512562752575,0.14653964902657615,-0.068140239842897118,-0.13842236708507974,-0.984068969111209,-0.11156841991784898,-0.083403892674401556,-0.1006697337612945,0.9914178712284677,10.443953313214239,-6.9249485905540098,-0.69091441417369281,,0.5314267712910157,0.16,0,2
0.67523132441127298,-0.71627387882976934,-0.17610902600365386,0.73748854960178822,0.65133748721155715,0.17852203494018934,-0.01316425995069838,-0.2504220602484778,0.96804725814438375,-14.408868005757483,4.4213897310898709,-6.2139163026917137,,0.5942830890438801,0.6,0,4
0.17019119325226523,0.98284336748036427,-0.071090595293814104,-0.97697839083516813,0.17771297041448561,0.1180310297658497,0.12863973562044048,0.049366133597020981,0.99046191409522955,8.465774341643165,3.5621890757695525,-2.3271064474261016,,0.2528892786346622,0.9423076923076923,1,5
-0.47568750107439994,-0.85727484201830317,-0.19698032024567,0.8675432713012291,-0.49421672679994483,0.055843525776151898,-0.14522421885331549,-0.14432488418025069,0.9788157406094381,-4.5185130481359863,-12.84947069276363,-2.2409368528054792,0.3214055494258298,0.1132049570045105,0.3404255319148936,1,5
0.98598348592004625,0.13862386737943766,-0.092843895252841965,-0.12125664813953299,0.97761575117751875,0.1719426309313089,0.11460100686694734,-0.1582746550853385,0.98072205174692506,8.1735977969538993,11.427479881696286,-3.3203777678279343,,0.4997192456212553,0.8113207547169812,1,5
-0.96477000792819234,-0.13660574115054908,-0.22485040201641707,0.15662974561221704,-0.98490491972515182,-0.073684610948586707,-0.21139052625812582,-0.10630696395768986,0.97160324969732936,8.119461087103284,-17.022102432725816,0.17090885290560118,,0.1997293996275371,0.2692307692307692,0,2
-0.16151116417633321,-0.97793316275290232,-0.13251744426494094,0.97866365004883304,-0.17599927413767416,0.10602695683696746,-0.12701025123785029,-0.11256546846665737,0.98549348622371991,1.221316528323231,-17.099632759074719,-0.91213251231922943,,0.2153382962900225,0.7415730337078652,1,5
0.21919053730893642,0.9740559866364259,0.056306689229250299,-0.96667332884975798,0.20898055874392313,0.14788441891425255,0.13228070019752755,-0.086845039955183043,0.98740050404607127,-5.5041705936331216,-14.574033828535022,-2.1806952115999145,,0.3536000146301369,0.3684210526315789,0,1
-0.99059474813487747,-0.050767352689709153,-0.12706187810858025,0.060235056662103909,-0.99559763651553213,-0.071812840868482622,-0.12285675771610671,-0.078791002440428221,0.98929176435363142,5.1196829781844491,-17.82320333003641,-0.13242034525288518,,0.5418197789291351,0.3943661971830986,0,2
0.45902775338060098,-0.86857959605259605,-0.18671638103676652,0.88717432997910373,0.43701140219078455,0.14813082927389984,-0.047066228364793877,-0.23364614201041992,0.97118188331082467,2.0060533361838258,21.759794872119713,-5.4570668508438978,,0.2938703162757934,0.3703703703703703,1,5
0.98748287793367395,0.11750964512928395,-0.10520954847075002,-0.098813685897022899,0.98081653404987601,0.1680320862628151,0.12293665550710998,-0.1555326648520477,0.98015109493217822,-15.654600350644508,10.39671193962065,-7.0906469588535144,,0.1785544913096349,0.5238095238095238,0,3
0.92534036034934697,0.36716450292412428,-0.094527484368418416,-0.35120820074670545,0.92402590454661693,0.15109244671746094,0.14282162734265028,-0.10661311138545526,0.98398964793533783,6.4070845315451495,-24.944281339482544,0.97116441960635413,,0.4467654711645788,0.9850746268656716,1,5
0.99194180835191881,-0.060737495177189162,-0.1111863549322695,0.080335141568459029,0.98014408974749734,0.18128383370346146,0.097967922672165086,-0.18875518539274502,0.97712525610315193,10.11263739380578,10.619975671871183,-2.9152397393028622,,0.2791990205282723,0.631578947368421,1,5
0.033365582531331685,0.99522301178885264,0.091749085599095878,-0.98496707887890333,0.017175650621108474,0.17188615578487532,0.16948920740597528,-0.096104910549185601,0.98083497834305844,-14.174853905727447,8.6809862823192194,-6.6490693775669696,,0.4932373887870256,0.2380952380952381,0,2
-0.25830024468644081,0.96306477153639736,0.076073841893723515,-0.96241968912478493,-0.26336067048665207,0.066253295961583011,0.083841073346401854,-0.056101720707725372,0.99489862365657922,11.910761235017016,-9.4367001237431758,-0.18970812757269617,,0.4737252590740695,0.1538461538461539,0,5
-0.055409402526701165,-0.98902669133437204,-0.13695255360823896,0.9915924487084381,-0.070572095775009613,0.10846195168042115,-0.11693679393602831,-0.12979130604977523,0.98462175636020566,0.39574574860337436,-12.912160706320565,-1.4712523492853635,,0.1026639525653655,0.4912280701754386,0,5
0.90296521117988482,0.42290435186304348,-0.076195384205119399,-0.40484855555152954,0.89667734321425108,0.17907369777293802,0.14405372076661835,-0.13084972809116743,0.98088066256388284,-41.581268512400158,-6.6861894183282455,-9.8193695177173677,,0.2575163960945428,0.2,0,1
-0.79678607709825888,-0.58955683769215672,-0.13249408467094587,0.58467514819269983,-0.80757166456259299,0.077349710286775564,-0.15260051909548875,-0.015834826365554621,0.9881610900282205,-13.218715731357801,-31.141622905568195,-1.1738190508493711,,0.1675380963387896,0.1666666666666667,0,1
0.39301635419572245,-0.86601737521189681,-0.30911494814356671,0.91926353197800514,0.36192122688030898,0.15481467730411308,-0.022196939204022062,-0.34500279906770259,0.93833915218615116,7.204111689784658,-9.7727405340382738,-0.86483859960746567,,0.2698059185102405,0.2307692307692308,0,3
-0.91551145814976376,0.39997376168397125,-0.043124934328852858,-0.39880864231338881,-0.91643077527622263,-0.033261102548990971,-0.052824585305002981,-0.013252323984751804,0.99851586822461635,12.750812859600948,3.7279800484281518,-1.696354960835027,,0.1716637751828917,0.2777777777777778,0,5
0.93186020406370007,0.35867966512616262,-0.054639343950516429,-0.33497649856449724,0.90839540480627656,0.25021697371743268,0.13938186930812932,-0.21486434406812313,0.96664678562355288,-17.782501928685736,4.6469108101587304,-6.8382031762620752,,0.2275294296200681,0.2,0,1
-0.99211900766637529,-0.030564245815223583,-0.12151420289345936,0.051544041245130436,-0.98349068702276043,-0.17346261946488303,-0.11420633274563415,-0.17835889497651949,0.9773152092050692,-0.53023271460468935,14.472033308529927,-5.1055294436377663,,0.1643986277085283,0.3571428571428572,0,1
0.93397325272560738,-0.31721824983041408,-0.1645191331355613,0.35063777927720663,0.90231268844538171,0.25076873811146361,0.06889928110435202,-0.29189791750712413,0.95396461926965981,5.902620587044856,17.556469003893739,-4.407719316477321,,0.2343857295543319,0.375,0,3
-0.99519221448619988,0.077615740765910185,-0.059734855916902481,-0.078121062567908864,-0.99692480218560908,0.0061675254718987875,-0.059072462360349735,0.010804423748848411,0.99819522570394092,-4.1592615031927966,-23.338249889013973,-0.82023688141002249,,0.1430158365773854,0.2222222222222222,0,4
-0.45165215929417341,-0.86145613693339063,-0.23217159848851227,0.87966460972953897,-0.47342575244326912,0.04536773427121378,-0.14899832681708083,-0.18374270342880231,0.97161623985109813,-24.529343256602886,-1.3728379956166743,-7.3388548228689334,,0.1197123458221691,0.3529411764705883,0,2
-0.022192456015343736,-0.98353317577548061,-0.17935993712365886,0.99892389004434323,-0.029122373467955699,0.036096388493431129,-0.040725382683074116,-0.17836585859572096,0.98312108292556077,14.200118635888385,12.26001038269421,-2.5130183417330101,,0.2052168070493042,0.3043478260869565,0,3
-0.96768416301337734,-0.22505941610579044,-0.11373486657669742,0.22067336309787033,-0.97406790475934535,0.049949812179964151,-0.12202715874826399,0.023237386683076604,0.99225470338414967,17.851574894499279,4.3979006952865056,-1.0486877220998077,,0.08173424147207227,0.4,0,5
0.21894851289958919,-0.9574399237435034,-0.18807004312514325,0.97048371639442599,0.19371341070086415,0.14365399656084293,-0.10110838200823281,-0.21397174331362812,0.97159311862065256,-7.6647513341051692,-15.036624922204856,-2.4789742390142266,0.1187851207585419,0.1498135623452422,0.358974358974359,1,4
0.85362922308910849,-0.50440046550593931,-0.12998969145926939,0.51988266817138873,0.84048037145606658,0.1526917042018652,0.032236017484830189,-0.19792148846061072,0.97968766634180604,14.38919458781838,8.5330873116584787,-1.9810608716264668,,0.09654121955103601,0.2,0,5
0.99103820124901321,0.029373620946463973,-0.13030914801967822,0.0061367210991046398,0.96448127225170088,0.26407994268761337,0.13343771700412424,-0.26251298228513342,0.95565752747126609,1.6643426067421689,14.024712258823397,-4.6920893189667634,,0.2104109866575893,0.2857142857142857,0,3
-0.9792872846525984,-0.16826207293578313,-0.11262454851893347,0.16016374920966744,-0.98404182195285128,0.077519456182404731,-0.12387085031129461,0.057875447808774745,0.99060912825598912,1.7012558732785557,-11.585484099474201,-1.4403593457647499,,0.09274763838012437,0.3934426229508197,0,5
0.98754161846095223,-0.053835847077540036,-0.14786227841125096,0.095133825290006802,0.95274504906391755,0.28848990757023657,0.12534395515226501,-0.29896249439292027,0.94599699780345503,-4.8172413003370345,9.541244132662257,-5.1439932167334526,,0.467269184863462,0.2619047619047619,1,2
0.90310727410883662,0.42937509933174572,0.0058545303449293101,-0.40428005197506739,0.84557064696785866,0.34866591539953196,0.14475804304681317,-0.31724959426327132,0.93722878952422639,-5.6457390780620598,11.004161337600152,-5.4359736991186836,,0.392301906734856,0.3529411764705883,0,2
-0.98953644807213936,-0.10009004477408817,-0.10392112814002374,0.096578622044674517,-0.99458814917410909,0.038301217818403475,-0.10719229310321768,0.027863891679768757,0.99384778303306209,-9.1228597954042758,2.7402561577144526,-5.0670868021755648,0.2334419615846646,0.2347284840708443,0.3986013986013986,1,4
-0.87084125686018732,-0.45885708762998123,-0.17631131127043609,0.46605890945045086,-0.88475346220519746,0.00063563965631711461,-0.15628371083393636,-0.081617916217261041,0.98433425089261561,15.532627633107573,10.223563100068274,-2.0709023144483907,,0.3017734283147148,0.75,0,5
-0.11819103260293251,-0.9613610909756779,-0.24862769871900062,0.98522255385141178,-0.14478896903374647,0.091502315974221232,-0.12396531448253555,-0.23413886307958018,0.96426738698404979,15.476893029152835,4.4764172729780478,-1.3814193634224203,,0.3846688903977929,0.3191489361702128,0,5
0.91093008250884078,-0.37668967256507241,-0.16825954761396694,0.40806457157163184,0.88271072816797036,0.23303449488269778,0.060742820221807471,-0.28093889186083165,0.95780146629221197,-7.3652535469659366,11.967008468250672,-5.8694657576594746,0.7417502115912374,0.336968013053113,0.6086956521739131,1,4
0.89496587854690091,-0.4170086778906264,-0.15855547546737339,0.44450400383082384,0.86383846939888254,0.23706389300136455,0.038108618646443902,-0.28264263894626229,0.95846798164276326,-13.90703287431346,9.6169940808549654,-6.7162603618986978,0.6847034418751888,0.1883214894697753,0.5384615384615384,1,4
0.94269692510232161,-0.28391481312943639,-0.17525662979843556,0.32698014283051885,0.89064278775149597,0.31597375020842849,0.066381425091377233,-0.35517292057802224,0.93244072352665774,-9.6747332749664761,8.7777985816312434,-5.8852521449601554,,0.238304324273799,0.1785714285714286,0,3
0.9719681684362721,-0.20548408482722583,-0.11425484860327507,0.22408414516947395,0.95672446184645221,0.18564643812441944,0.071163020103885588,-0.2060451285212421,0.97595144837351433,-10.124159562087206,5.2318161394433877,-5.5210166533442706,,0.2230477979063261,0.650887573964497,1,6
-0.41775980698605669,-0.87271968585630233,-0.25266003559298866,0.89672656946543927,-0.44078758511889354,0.039846761722880125,-0.14614446031826994,-0.20992059147194655,0.96673426648399674,-11.934726603502234,-22.102092842349169,-2.1878712839260732,,0.5064500710004023,0.5777777777777777,0,1
0.16546562246831029,-0.96431567008605457,-0.20667950117913683,0.9815340771199057,0.14062797742976293,0.12967122817490437,-0.095979077061350351,-0.22431910393565746,0.96977778711205509,6.7624961917285571,7.4420697802656068,-3.0149215080206351,,0.1556952341322288,0.3454545454545455,0,5
0.64364769834773594,-0.72966382293283016,-0.23088600198952586,0.76430489401560209,0.59729543492316028,0.24305594500803848,-0.039441975045113653,-0.33290970085444876,0.94213346277559884,9.4992811245586921,7.3029674341025634,-2.6105562105632689,,0.5404499257677262,0.1515151515151515,0,3
-0.87939831875595431,0.47397788528925461,-0.04476115755794275,-0.47306028428835462,-0.88052174535036332,-0.02992362601977018,-0.05359630955785951,-0.0051400604934316316,0.99854945565049624,18.495525152874791,6.5564018210093904,-1.2010095494656801,,0.4999487312104689,0.3125,0,7
-0.88580290965823127,-0.39366436720347175,-0.24572661889852701,0.44044131241311568,-0.87996310973346414,-0.17797858249807605,-0.14616653365536156,-0.2658821007561481,0.95285993353518339,14.446873484592153,-7.1704418696514152,-0.084098440099514227,,0.4270483708214633,0.3478260869565217,0,1
-0.44431306897863038,-0.86985631988592738,-0.21432657205606098,0.88214061104044006,-0.46652402456755837,0.064678256427393929,-0.15624928507993355,-0.16032877862629427,0.97461830664943427,-31.669214467216584,-8.0169970536093107,-7.8019828112821941,,0.1334025286326781,0.7272727272727273,0,4
0.98886935492518646,-0.097033320759059058,-0.11279154911744682,0.11339096018079978,0.98230556560737281,0.14905792808856114,0.096332180703647241,-0.16018835925012753,0.98237457241198534,-12.187007897984154,0.40454025559126516,-5.3036444677003187,0.271806491793859,0.2279818049598216,0.296875,1,5
-0.096025762184367258,-0.9864666311599527,-0.13290086006059115,0.98848425681944696,-0.11019457619301289,0.10371127902859979,-0.11695266998669644,-0.12141145327182183,0.98568825294684692,1.0784338720416708,-15.116863391375038,-1.1485633384728975,,0.1898375726858144,0.75,1,5
0.95236401231066437,-0.28199035516032323,-0.11612160717147792,0.29824059465061298,0.94071952515853063,0.16155284797228844,0.063681518182130789,-0.18848929566970987,0.98000839264771389,-4.8854164075723174,-17.930768757583234,-1.6511873926066112,0.2560075287041091,0.3454395357791001,0.8521739130434782,1,5
-0.98043532241452569,0.16519466657472004,-0.10703878127665824,-0.17436776672546755,-0.98118806949944748,0.08286045015036303,-0.091337070727597433,0.099903425402810567,0.99079606635456907,-8.8987376653487082,-17.597993247694674,-2.3873243952305678,0.3391347899648925,0.2235498774520688,0.8469387755102041,1,4
0.29983919426574318,-0.90196130323723323,-0.31074469431457957,0.94996014531130801,0.25238200854986154,0.18406260913193592,-0.087590980712560079,-0.35038425938236617,0.93250130877917958,-2.6525097181071202,-25.474228821966893,-0.30412769388270255,,0.1431676533054632,0.3461538461538461,0,5
0.62058739985767597,-0.7663937032139001,-0.16586732894688419,0.78386862071020713,0.60080009638048026,0.15680953304912268,-0.020524731515098781,-0.22733221475033163,0.97360094470627101,6.1868281833989167,-9.388248094362627,-1.0752106931272654,,0.1570968461087863,0.4418604651162791,1,5
-0.26837986246930401,-0.95224073212797489,-0.1456359759720614,0.95281229093712272,-0.28466484895907523,0.105426097368052,-0.14184846724624345,-0.11046950639649038,0.98370498651598104,-8.524298284961672,11.606426367823042,-5.9998445854947366,,0.359061553586509,0.841025641025641,1,5
-0.98271923977482356,0.1570187005473429,-0.098020525681187784,-0.16217571173116391,-0.98564088316220699,0.047022207133599864,-0.0892296716394438,0.06210617616347499,0.99407287890851792,-16.563680101736747,12.019860139604456,-7.5445774358034692,,0.07686782737995575,0.4,0,1
-0.18781997106142251,0.9812826643713336,-0.042520478299068139,-0.97887826241845499,-0.1834494301361701,0.090242196046749851,0.080752745062393563,0.058571658564613202,0.99501173610057358,-8.3551330152775591,-16.657892622046433,-2.397479715406897,0.140283134542939,0.113582998606286,0.275,1,3
-0.82213825144853203,-0.51273186371049095,-0.24737568886435962,0.5456722128782715,-0.83360395163401491,-0.08571048893038416,-0.16226685304670344,-0.20545191105492669,0.96512122588107963,10.683074562978643,5.742269137950605,-2.2247387866934796,,0.4336949775006065,0.1568627450980392,0,4
0.52601302589300325,-0.80998378988476116,-0.25930012864402158,0.84963956561382437,0.48695281561898102,0.20245879557159072,-0.037721414799010873,-0.32680761234198052,0.94433779940278539,-39.737831842222199,-4.929655152707995,-9.9281149849602599,,0.1978273611781879,0.1818181818181818,0,1
0.21953177484162412,-0.96158766773044813,-0.16478761210601833,0.97160581319874206,0.20021170900574553,0.12608495285088539,-0.088249326305064602,-0.18778825534552415,0.97823699968923006,5.2967830237717468,-2.5889901299501457,-2.033444261492297,0.491048710244104,0.4505903547335417,0.9027027027027027,1,5
-0.26107347645544687,-0.95313546875322097,-0.15288367504755068,0.95611288209776857,-0.27714073779641235,0.095085057397883921,-0.13299923525406415,-0.12134986468158111,0.98365919594318652,-1.8049583580136022,-19.435546421524553,-0.96983983586349543,,0.1066947452329387,0.3448275862068966,1,5
0.64040531402523748,-0.72867621399156957,-0.2427179616986547,0.76678987957622968,0.58859571029381808,0.2561022655174835,-0.043752878164856214,-0.35012292839319803,0.93568136706127891,9.2380641262659342,7.9276909308815027,-2.7333232541021775,,0.4115172395339046,0.5862068965517241,0,3
-0.97965015556549229,-0.1649977305562082,-0.11428613919373347,0.15613309943478151,-0.98427131957565672,0.082658482454532667,-0.1261270310496411,0.063132546060637937,0.99000315841238928,-6.5973160012765044,1.6932001781197532,-4.4656751987386292,0.4735205868693051,0.3979969418677807,0.9518304431599229,1,5
-0.60027284408497505,0.79779907420156093,0.056472558444489382,-0.79854230333187848,-0.60178737770251867,0.013495993010661534,0.044751563587798054,-0.036994448787046066,0.99831293105688534,-10.571597259303619,12.073129266956714,-6.4395609157107527,,0.3216386894568719,0.2222222222222222,0,4
0.72570455510622711,-0.6759643286612389,-0.12816054414535416,0.68799990942588674,0.71218248978150034,0.13947123674290474,-0.0030038854912801671,-0.18938935457460093,0.98189747379539172,5.4056843459147901,14.391629536528852,-4.1156284484011696,,0.08404020551494229,0.2352941176470588,0,4
0.45989049947344846,-0.87752458226923136,-0.13583569489377248,0.88665252232440694,0.44545297518191362,0.12417307098299966,-0.048456507817110736,-0.17754507713477555,0.98291897551902918,0.019609781955732316,-17.543504487675428,-0.95840859094480879,,0.1057624001410584,0.5625,0,5
0.12263295244161505,0.98887760825603233,-0.084156015027339479,-0.98503368152671522,0.13162642944207192,0.11127950992998463,0.12111897140158859,0.069249974456027694,0.99021948870160159,-2.1998995815066498,-11.822234530419697,-1.9663978262991064,,0.1753537518443997,0.7257142857142858,1,5
0.86272326537714061,-0.49226646015712727,-0.11568188959978447,0.50430890339170154,0.85438635447764133,0.12528562264788159,0.037163117964790486,-0.16642622836193566,0.98535334432697685,5.8949610294753532,3.5151890330484994,-2.743890179036732,,0.08108691402636767,0.4642857142857143,0,5
-0.89359682742155699,-0.39349167669806467,-0.21598381974461289,0.42449351227292631,-0.89721955796414177,-0.12166479706482519,-0.14591082228650062,-0.20040300690352869,0.96878721438905324,-3.4002491731004234,14.675997338950355,-5.5605919126676424,,0.4549372077649462,0.125,0,5
0.93461656982608021,0.34314215892291738,-0.09351644869353469,-0.32377139865698712,0.92970346841504325,0.17556634708490337,0.14718678207716065,-0.13380926569844739,0.98001588333812872,-24.116791360622997,-7.8411154048397824,-6.2691392605786662,0.2669600481544108,0.1742423856938732,0.3225806451612903,1,4
0.36960780586867209,-0.9133716879940772,-0.17071095281731891,0.92693988197537946,0.34966571080982917,0.13607478049707636,-0.064595085296147117,-0.20853309150997565,0.9758798208288133,-16.01086852964686,2.1055913231071095,-6.1533473441709443,,0.2773647998023676,0.8888888888888888,0,6
-0.98090511544356862,-0.15384864548918753,-0.11897793399526131,0.15027615428829727,-0.98789448822822779,0.038491006489923554,-0.12345943442669079,0.019876478798562875,0.99215053980815415,-8.0025005634041886,-21.901735935820419,-1.6084958381971441,0.2100961466652957,0.1402526969714903,0.4,1,5
-0.32985297400834007,-0.91971150070223728,-0.21290319634494137,0.93736932513706639,-0.34583448527777916,0.041680416081601265,-0.11196322534624985,-0.18582051627496068,0.97618388221757335,10.93378791131906,3.4454461287832925,-1.9489188614706177,,0.1877227912285279,0.1956521739130435,1,5
-0.20565599047495303,0.97832933045646886,-0.024027791208570036,-0.97543431921427848,-0.20294298400136315,0.085685670584987716,0.078952533086295698,0.041059303613420514,0.99603244480590991,7.3502341517823071,-13.816639218560104,-0.30564040542931453,,0.09053886845645687,0.2608695652173913,1,5
0.89430129282199355,0.44189914652107987,-0.070358666565330935,-0.42330083738143048,0.88645538613160535,0.18711827668735509,0.14505722570451282,-0.13755723427797978,0.97981447660702714,-8.3622375433242055,9.3242882679577921,-5.6859197840037119,,0.06759933350070929,0.1666666666666667,0,4
0.75479296164739751,-0.58941242548165929,-0.28788987084539508,0.65590145554404211,0.68416836201430098,0.31891524427953633,0.0089925337229251438,-0.42954236706813526,0.9030019320193875,-12.208859330252105,13.766226929055806,-6.97182880862829,,0.6240272421111434,0.1666666666666667,0,1
0.62322441425748987,-0.76994681666631326,-0.13701543335996672,0.78182512673909632,0.60927793719442791,0.13240040199145747,-0.018460787437301812,-0.18963727153045037,0.981680653050513,-22.858925464930621,-1.8801229712104879,-6.9251848545967114,0.3811185222049879,0.3086912490231974,0.8921568627450981,1,5
0.53041220249237042,-0.77694007853314606,-0.33915632061941864,0.84679193092106952,0.46665642606501656,0.25529435116976867,-0.040078936789289914,-0.42260607470922046,0.90542685206741347,-2.861135588703946,-21.37055529512898,-0.90706644972115802,,0.3837809073199334,0.3823529411764706,0,3
0.051411217166014746,-0.96291233021359834,-0.26487115938155259,0.99269370103098198,0.020282835247928951,0.11894461958288699,-0.10916090272126369,-0.26905101917094526,0.95691977009577756,3.479746671792213,14.381577400500428,-4.4357474226890341,,0.1495400384676931,0.1428571428571428,0,5
0.25413569146234355,0.96463115012253176,-0.070012816956879928,-0.95768729095003624,0.26109543498589816,0.12109593957810942,0.13509294236834496,0.036275584665250042,0.99016866183466801,-16.930940782060613,12.999057745793106,-7.7680328902664302,,0.0943848579129568,0.4090909090909091,0,1
-0.97106436657037276,-0.2083378905648296,-0.11674467581983089,0.20168257343807597,-0.97720348654418854,0.066313539019396933,-0.12789892708179942,0.040849348108373019,0.99094560658516728,-0.62494570394884152,-19.768640978324338,-0.72656456621134913,,0.07153651632416458,0.2692307692307692,0,4
0.5948549788530817,-0.78789008263326477,-0.15930088456077843,0.80379679161705542,0.58114854720203124,0.12718916569856203,-0.0076336046418012081,-0.20370464838367186,0.97900262732387866,-12.043502214974151,8.1985109113063981,-6.2143635531481927,,0.8891112271990267,0.5384615384615384,0,2
0.9938187908406384,-0.052212231404354902,-0.097969862018015191,0.075918592516863281,0.96352467237315653,0.25662535540834575,0.080997396762546039,-0.26247683444445036,0.96153280396339647,-6.0604238733937406,-29.383431692559395,-0.32938748552269387,,0.208732023266863,0.2352941176470588,0,5
0.34154917894336506,-0.91196605770475792,-0.22729291224663536,0.9380114205920892,0.3155814866766628,0.14332794600411905,-0.058980786718435381,-0.26215688978432511,0.96322117498354731,-7.0825941157870798,10.34096846652028,-5.6175802842851228,,0.5092353934168397,0.5645161290322581,0,4
-0.98367874842572323,0.16213162044976845,-0.078034976426823305,-0.15638272570628303,-0.98485203271618915,-0.07490605286266408,-0.088997544889036523,-0.061480170015404262,0.99413259965590173,-12.526401435221178,12.362618859415942,-6.8543905571517545,,0.6616033759506472,0.3939393939393939,0,2
-0.21080642310097578,0.97239123389688253,0.10007966936332616,-0.97373070905176551,-0.21789927892857264,0.066093952007399176,0.086076467335274895,-0.083517617799530444,0.99278177324534589,-14.264768652243163,14.630381706041922,-7.4587299004642151,,0.2476706858193844,0.3,0,1
-0.94630354243657666,0.32041333957235707,-0.042952268811714711,-0.31972115886727409,-0.94724913626274576,-0.022303686288322307,-0.047832898140837576,-0.0073733081835734328,0.99882813746003207,-14.261772487051077,2.1969297775182137,-5.8766014853824267,,0.3025272144117026,0.3,0,4
0.98016891546921336,0.14463499954574263,-0.13546074728240737,-0.10753244784302818,0.96238995967506968,0.24948414414047249,0.16645020218909801,-0.22997017724700886,0.95885767857810245,-13.804148517257829,12.763412731504866,-7.1133220650834064,,0.1720978802107932,0.3333333333333333,0,4
-0.81460925886615265,-0.55980063037861127,-0.15177288821541327,0.55745281253313272,-0.82791447102589311,0.061676498480518635,-0.16018151319187549,-0.034363976685284139,0.98648922950934248,8.5241124432544044,-11.062643577000738,-0.50712152879366423,,0.2822076418072719,0.4181818181818182,1,5
0.90032007159924021,-0.39766890354723156,-0.17687060758385217,0.43416658220409421,0.84898678359957191,0.30119897106475757,0.030383343673040176,-0.34796678638168277,0.93701439049912683,-6.8527789957279559,14.268773692979678,-6.0904514571610351,,0.2611911016004321,0.3333333333333333,0,3
-0.22998848094898802,-0.94300209565968229,-0.24052514673568898,0.96634794670104252,-0.25054852462201405,0.058284498079777342,-0.11522562448282303,-0.21902621850175774,0.96889141345734109,-10.839236601361062,7.9891447455352438,-5.9820654255841532,,0.213349717284829,0.103448275862069,0,3
-0.96826167634961213,-0.23134828648070593,-0.094590149884017413,0.24074451675122041,-0.96497718096711582,-0.10421668708503846,-0.067166984202516433,-0.12368108406381559,0.99004625431236271,-10.405528665766179,-30.897842963120553,-0.78205961439539817,,0.4706165756293715,0.7407407407407407,0,2
0.11933662457192311,-0.96812337175206953,-0.22021786281585906,0.98966140944659209,0.098217342785347064,0.10451625820115713,-0.079555418972972344,-0.23041373796627299,0.96983526676876686,-3.9540350731505636,-26.601507782543628,-0.37919695904583511,0.1793403710317948,0.2077956046907319,0.4375,1,4
0.99322482524426303,0.040442883823273483,-0.10894411258328149,-0.026747143677553868,0.99187644927514351,0.12436116627961025,0.11308862375850984,-0.1206046538131501,0.98623804461956111,-0.34122966432835267,-10.375877337073776,-1.8616627042381557,0.2929615035248087,0.2351672363356067,0.8053435114503816,1,5
0.99156151842911078,-0.068823544771756048,-0.10985934123052886,0.10482632162771495,0.9242472090692917,0.36712196722836898,0.076270554374270397,-0.37554016591128414,0.92366248506841864,15.806823787289789,-7.7415201762644621,0.16422954905373935,,0.3153293431878897,0.2941176470588235,0,2
-0.63225075277416676,-0.75953262520163334,-0.15286980365923936,0.75926716158280105,-0.64668993440645084,0.072838904984750152,-0.15418288802100005,-0.070016569408216378,0.98555837830633297,-13.896698903445726,7.2317593182430091,-6.429540956905373,,0.06640318938536877,0.34375,0,1
-0.5958725285009544,0.79882178358574762,0.082581401336888335,-0.79825820384728519,-0.60040609351184837,0.047920380469567529,0.087862220370222857,-0.037366842825247389,0.99543153922752936,-7.9643535790397673,-1.5227875144995862,-4.3382678845058065,0.4350634319474311,0.3183022414161617,0.3042635658914729,1,2
0.96401237263840223,0.25033652851088356,-0.08950847944857851,-0.23048153607092839,0.95475380039908686,0.18794531692459146,0.13250813911025403,-0.16055155906007051,0.97809242403410812,-5.341531931948408,8.9034076507513156,-5.1457341650653197,0.9042423479321637,0.522798108938625,0.8068181818181818,1,4
-0.90829876947804522,-0.39567760914007621,-0.13576661957146308,0.3921798757176394,-0.91837406902589136,0.052763760507807747,-0.14556198146070362,-0.005319677247864342,0.9893348323935699,24.225504324444763,-3.3322860553538494,0.79277823649575718,,0.2648244779878837,0.4705882352941176,0,3
-0.040508401894172534,0.99905648059152741,-0.015659436900880876,-0.9946619734982397,-0.038831739182873644,0.095601540304653496,0.094903255226410438,0.019448512028064122,0.99529650231844324,15.32246856596784,-6.3004639125910451,-0.052344026636787909,,0.1861177430258908,0.3529411764705883,0,5
0.35667059342087898,-0.91896568343059926,-0.16819084536837633,0.93181536998484416,0.33700002528613054,0.13472601536880452,-0.06712826564723641,-0.20477562265581925,0.97650434731091484,-5.3114004848251692,-10.73050349724986,-2.6357496684586654,0.952394637758325,0.6836517473333149,0.9457768508863399,1,5
-0.94379000366544286,-0.26089351534950039,-0.20296552079051425,0.29946601868833195,-0.93481404874060092,-0.19089996838178547,-0.13993045641369262,-0.24095075830091728,0.96039689683071672,-16.595905201362129,3.4990273815103281,-6.4650062097516816,,0.5578785014621137,0.2608695652173913,0,2
0.83193548451808785,-0.52470911018985478,-0.18045414731566969,0.55378565837244631,0.80551413871021227,0.21087535872866139,0.034710145212185031,-0.27536761251410097,0.96071217531455988,14.942215753285952,-12.275522198995192,0.66591533803729042,,0.3865534232712423,0.4,1,4
-0.99411360385569691,0.036138409509336514,-0.10213793608240478,-0.044932978925829745,-0.99535367315394108,0.08515921995772241,-0.098585851083656237,0.089247300783229844,0.99111843352296636,3.5945233732077795,-10.277172811987134,-1.3194522459832536,,0.1173644827874869,0.5842696629213483,1,5
-0.66994594825364773,-0.72711236578114347,-0.14993343171777762,0.72842122499499617,-0.68279778314173833,0.056477485014097766,-0.14343969253770139,-0.071377831746816237,0.9870816884836906,-4.6468675907473784,-18.736801537345531,-1.5205729953760891,,0.239502028101492,0.4583333333333333,1,5
0.98855856213121251,0.12558180319457862,-0.083553455604588281,-0.10849845224156904,0.97682748714305878,0.18448887831780464,0.10478575808884417,-0.17331263966651672,0.97927660741670475,10.715478675347748,18.381511378102548,-3.7861439839575945,,0.2426288183563063,0.4166666666666667,0,5
-0.92307886729963795,-0.34560595699950675,-0.16876589475149054,0.3578391833981675,-0.93257628817513816,-0.047461411256025397,-0.14098412524021522,-0.10420167570598877,0.98451281718945372,-11.561149558860309,-29.100208978053278,-1.25926860639286,,0.2571570634039057,0.3333333333333333,0,1
-0.59680194842832035,0.80202752445187375,-0.024068327190711555,-0.80161720948353454,-0.5946449722265702,0.061702564496886832,0.035175045301909597,0.056117795994321026,0.99780434412801999,19.717552923009681,4.5263858214329655,-0.80707887487630869,,0.191752618956366,0.6875,0,5
-0.93445957703880433,0.34828951421611792,-0.074025084718354409,-0.35032031670875285,-0.93649203310462403,0.016073196093106704,-0.063725776429465184,0.040952243145752361,0.99712684208168501,4.3167056721529047,-33.369984376793091,1.7024262931538359,,0.362456686664857,0.4285714285714285,0,2
0.95603602040067381,0.2812740474684266,-0.08294599397904287,-0.26098054584599656,0.94508066630151966,0.19675286242645121,0.13373212922244207,-0.16645553281223638,0.9769382136091449,-12.877805582675311,-14.805140861949257,-3.377395575087863,,0.1511589012691319,0.3684210526315789,0,1
-0.85810090005988382,-0.49376018538468769,-0.1409387265633438,0.48927881442707205,-0.86952600231638577,0.067311017289331199,-0.15578538785539853,-0.011198688519852628,0.98772744332947415,4.990961457024059,-16.790105587888814,-0.30656949676679285,,0.09193049132375405,0.4166666666666667,0,5
0.95885176963491725,-0.25880150046720946,-0.11672646325451903,0.2740423181660821,0.95112887654801093,0.1423188956206401,0.074189566127235512,-0.16845071549993421,0.98291416956182553,-2.5157123304199245,10.688311820996573,-4.9022576708946319,,0.1034356604820265,0.3191489361702128,0,3
-0.78989117042121315,-0.57735708496083005,-0.20671413917809336,0.59058144439982085,-0.8069731046420181,-0.0028223952673901184,-0.16518322076176048,-0.12431091999481396,0.97839731129476026,14.025318224626881,15.961030043243753,-2.9934352567364479,,0.1706500810619447,0.2173913043478261,0,4
-0.98441650304151107,-0.12099746224997082,-0.12760784720615759,0.1266932283411665,-0.99123379397308331,-0.037475212850911509,-0.12195480487465922,-0.053058268109645014,0.9911164642730893,-2.6758603316885301,-23.572712224173756,-0.54744327535526693,0.1325072949587088,0.1559376262200237,0.7083333333333334,1,4
0.93603423764694371,-0.2881154368915731,-0.20206286392477577,0.33959612779232223,0.89009527002464539,0.30398171041727812,0.092273376123154699,-0.35315705472853182,0.93100253423624113,9.2561246673726583,-8.4580927773231842,-0.67530112153105848,,0.249871726385332,0.2903225806451613,0,4
-0.84918181833392825,-0.48735400100915305,-0.20341169364481784,0.49734502407764009,-0.8675497937379284,0.0022983495141594371,-0.17758988269688744,-0.09921407705385471,0.97909059870783033,16.203736358926356,13.920782591580197,-2.4148666331889168,,0.2515566701268763,0.3333333333333333,0,5
0.29748419900569906,-0.88855666906077235,-0.34924231875527734,0.95283430886691445,0.25329672750940097,0.16717520055061513,-0.060082702902314281,-0.38250204404768007,0.92199905374750768,-10.938919379012631,-26.533179488017051,-1.4763563164724902,,0.3880693329400587,0.1,0,2
0.48297257564423102,-0.85887125364366101,-0.1705217312841488,0.87446770289523779,0.46304005686056243,0.14456881522546192,-0.045207607420697508,-0.21893851969704486,0.97469082114492245,-2.7392411854340875,8.6053588152513729,-4.6994447498335576,,0.08262347679629366,0.203125,0,1
-0.99502031274875047,-0.030801049840683575,-0.094793842342692308,0.038138599972893331,-0.99633272045654386,-0.07659345494081693,-0.092087048000721011,-0.079827347922720476,0.99254600402910242,-7.7559715784811543,1.393189714797936,-4.6303529444028708,0.5104315532312609,0.2486860311690841,0.1842105263157895,1,2
0.29467176036610992,-0.90604248278276145,-0.3037360252515105,0.952635636522563,0.25351388801358915,0.16797634539268835,-0.07519240433706198,-0.33884764714703525,0.93783174096046096,-11.318578515138089,-21.009819418900836,-2.1965005201692138,,0.4923612352015626,0.2549019607843137,0,2
-0.70392182906987832,-0.67819646393790911,-0.21105358291446738,0.70023660240450558,-0.71241274373230934,-0.046225352576244501,-0.11900739141713798,-0.18032647856019418,0.97638086929136869,-1.923254220645793,13.171713988786218,-5.107834833866538,,0.2683266418434185,0.4117647058823529,0,4
0.10594575859713684,-0.96291688225280159,-0.24812612540364087,0.98934449827763637,0.077015333434013095,0.12355606882635137,-0.099864708296031585,-0.25857245848812654,0.96081596767974098,-23.608491807256527,-1.0709171766485199,-7.1721267507805075,,0.1323462308971269,0.5238095238095238,0,3
0.59008339535533805,0.80043541449868172,0.10537900048036961,-0.79265124041552693,0.54960238436816189,0.26389624886413249,0.15331535341786418,-0.23924958999579771,0.95877736523824997,-16.241327453319418,9.0459801145497813,-7.068827770572967,,0.3297403570378836,0.1666666666666667,0,1
-0.70629935533451782,0.7010132707877631,0.09859824964717831,-0.7079100651905974,-0.69983203804209348,-0.095385838213512278,0.0021354755650813311,-0.13716964937365919,0.99054526753441141,-4.4925435972866383,-14.220441767544227,-2.0576707599711486,,0.5205137618737131,0.3636363636363636,0,1
0.71992438633855871,0.69251515201374225,-0.046169710703372092,-0.67601488411315225,0.7147283891812678,0.17935218469768338,0.15720290840989926,-0.097908599876281782,0.98270094721524281,-12.207735384830602,2.5854822868739373,-5.5748640393183075,0.3720230083854723,0.1670158215797616,0.5555555555555556,1,3
-0.28159616118576053,0.9540087112136344,0.10281527578109842,-0.95661128443822163,-0.28747791149509366,0.04744787548326234,0.074822807290954349,-0.084993113432320008,0.99356817490204563,11.792666978975651,-6.4878162862503439,-0.58272116253097639,,0.6553786954437549,0.5925925925925926,0,2
0.26045628660383485,0.95201588212430177,0.16071180090966908,-0.95595470025105767,0.23095610381857634,0.18113500262747281,0.1353260279342173,-0.20081095162373777,0.97023802639945911,-16.734276154273548,-0.84912880533387003,-5.9423810068534708,,0.6277226629978401,0.119047619047619,0,2
-0.2449148247322922,-0.93077389469057326,-0.271434495944954,0.96018885654975361,-0.2716509066945163,0.065139424695979137,-0.1343655029537956,-0.24467476750696607,0.96025005585075862,0.89180490241867527,-4.9573743625326561,-2.4599433575824552,0.5975177400750579,0.7468750063698553,0.3026086956521739,1,1
0.67608025691160445,-0.68325513397930016,-0.27582224004830913,0.73672391174538066,0.62054409021208967,0.2686315505770579,-0.012384025069556333,-0.38482132736346369,0.9229080029609118,12.520786609113195,-3.5379314979547689,-0.87611535021455167,,0.2842583316174957,0.1891891891891892,1,4
0.79123361072657505,0.60435784165023132,-0.09327900349200284,-0.59181514811721436,0.79518902088576271,0.13201989062918726,0.15396169561156048,-0.04925464748241358,0.98684840577760335,15.576005760689553,-4.0199998100542009,-0.36477485766356754,,0.104843077180554,0.6111111111111112,1,4
-0.74485029851046014,-0.65376721664991877,-0.13336588485327405,0.64920544667207736,-0.75624950263161761,0.081357100370771665,-0.1540464891524215,-0.025982998349871857,0.98772190568831864,-1.5958935741486984,-7.5045884450078262,-2.4620485596384092,,0.1124545641849586,0.5833333333333334,0,2
-0.96661703844878744,0.24506603204546792,-0.074793989852032575,-0.23888319749189962,-0.96750928495059729,-0.082828747970926486,-0.092662392244871272,-0.062196651613047688,0.99375311702232372,3.9589693167788877,10.206914404867492,-3.8654747730588199,,0.2797518062712266,0.1052631578947368,1,4
0.92392925072060617,-0.33698822278375512,-0.18109024647369887,0.37487152196432272,0.89194154722231134,0.2528074729093685,0.07632877362444028,-0.30146179533021267,0.95041817337068712,10.765647050054003,11.939512441454101,-2.9928461725583442,,0.08794957608935067,0.3,0,4
-0.1319969937916412,0.9793180214774746,0.15333951362716061,-0.9889489199908853,-0.14063996646671684,0.046908778294717138,0.067504276004054439,-0.145453128676167,0.98705955244832289,-27.717156898478542,-8.68072488796596,-6.9568796152722667,,0.3509059635897995,0.2666666666666667,0,2
