axis_00,axis_01,axis_02,axis_10,axis_11,axis_12,axis_20,axis_21,axis_22,location_x,location_y,location_z,dbh,dbh_approximation,score,reconstructed,number_clusters
-0.84310184614754313,0.53770775119169523,-0.0070463700566923727,-0.5375336966624451,-0.84305919002448626,-0.0175706308271706,-0.01538837142170521,-0.011026169943739077,0.99982079474341856,-6.783261419523912,23.958179978915112,-4.2733676331102091,,0.3269957456331755,0.2941176470588235,1,5
-0.76728616362722846,-0.62067163218498889,-0.1613650151272964,0.63434078865774324,-0.77151644160029975,-0.048725190461235697,-0.094253418777690653,-0.1397465754186254,0.9856912233085392,4.307897542356093,8.786579733876394,-2.9336604156862469,,0.07828515673778308,0.2702702702702703,0,3
-0.73577652772722846,-0.63826543643346856,-0.22638492418899217,0.67174464551445856,-0.73027706548426841,-0.12431628553950064,-0.08597692986095877,-0.24354186556335269,0.96607211286197714,4.6339046411004245,11.029198202749107,-2.922248479723307,,0.1488612592414107,0.2,0,4
0.9961475122035135,0.0091808762569752667,-0.087211498335401288,0.0066779452960750623,0.98367509008191445,0.17982970332778972,0.087438772734835524,-0.17971930520534621,0.97982418441225172,0.96146584502461663,-22.608047838437891,-2.3531380934117943,,0.179038569246468,0.4042553191489361,1,5
0.67942943030488645,-0.71185149968648531,-0.17788505173195288,0.73327948883795291,0.66734185933911061,0.13021533712804007,0.026016158154658652,-0.21891159212778213,0.97539780312801172,-20.886465992742295,12.319909133572313,-5.6591280672125759,,0.2053583817383155,0.2222222222222222,0,1
0.7272732545982149,-0.67365105681215676,-0.13140725551500418,0.68558965801358729,0.72202830529986184,0.092962073829183769,0.032255758725124976,-0.15770028535698574,0.98696007316780199,-1.3054047457815996,-29.87299850358243,-2.0607258187131836,,0.2380602919154887,0.7959183673469388,0,3
-0.53785970725876575,0.84292779868292245,-0.013403787340807098,-0.84162292569670705,-0.53781098237584468,-0.049297040252371943,-0.048762549658831651,-0.015233956921677862,0.99869421761982713,12.838672650518978,8.1029772328953182,-1.9581779071950889,0.5772134252212853,0.3057931792534007,0.3,1,5
-0.78177927543827919,0.62324302913660146,-0.019730461926522599,-0.62229038347924859,-0.78181716593584105,-0.038943519066726801,-0.039696890614384674,-0.018167159400524067,0.99904660111271448,4.3175161475331967,-24.690263574783263,-1.5982861799397368,,0.07885563261875458,0.2352941176470588,0,1
0.93499264799038129,-0.30619240384688456,-0.17898312778136774,0.34674650301902965,0.89523047927438582,0.27987363509667662,0.074535970162125209,-0.32374156483933292,0.94320506166335394,16.866414971629492,-21.147523092636128,-0.43829013714678244,,0.3081731686959261,0.5384615384615384,0,4
0.85222354478202578,-0.49152090678906507,-0.1792267499800565,0.51917216322639737,0.8368367592813688,0.17367931150911173,0.064616519946383455,-0.2410631380047796,0.96835596184735051,10.618552124243038,-21.492247800358111,-1.0496557948950593,,0.5092693760227955,0.4285714285714285,0,5
0.091005921375498219,-0.96085157712571312,-0.26169097999286478,0.99552243382831684,0.081035546426441438,0.048665428796137722,-0.025553982451675287,-0.26494808350014037,0.96392401517467219,16.384692017896121,7.1854569746930927,-1.5856958901125631,,0.4098895908092815,0.2068965517241379,0,3
-0.35243622730153995,0.93475853196452152,0.04489089668285403,-0.93554137322373832,-0.35312298966121319,0.008154333778371093,0.02347434071704094,-0.039123408494915628,0.99895861487633275,10.720301397429369,-22.695744437122308,-0.97725923931389158,,0.6807032916584276,0.6448598130841121,0,5
-0.23429553320539886,-0.942220514684874,-0.23942870510230752,0.97086830375217081,-0.23949391114267268,-0.0075764962196925674,-0.050202986857150494,-0.23422888001387776,0.97088438646322062,-2.2162104369222897,12.367993047332739,-3.6714073782809931,,0.3666848166387678,0.4285714285714285,1,5
-0.85523461576872983,0.51747660170572285,-0.02813749594419104,-0.51624880881169122,-0.85544642246337765,-0.04121390172159891,-0.045397350048462667,-0.02072160663906945,0.99875407164470298,-12.413402583362693,15.673649648758907,-4.8814456999116054,,0.08008428776848889,0.4545454545454545,0,4
-0.88457537309264844,0.46065861087397264,-0.072938697175542633,-0.46292206734523456,-0.88623676282242325,0.01695758788411281,-0.056829295990869159,0.048765197115310625,0.99719225160822877,-11.47201466726005,18.74788023841937,-4.7378619497292354,,0.334060678170512,0.7291666666666666,0,3
0.59040005770828818,-0.80027103729990046,-0.10485246166395211,0.80696276573018044,0.58777713364113227,0.057698664574767002,0.015455309221986676,-0.11867732735259413,0.9928125832146254,-9.201887495195221,11.996044775635559,-4.35638752074028,,0.1267097231946429,0.4842105263157895,0,6
-0.56989199072431052,-0.76469208645837827,-0.30078087009684401,0.8173629873455539,-0.56517206588563051,-0.1117957193282466,-0.084503643861278677,-0.30955863556118224,0.94711804191645799,7.0477236893178681,-19.70105789680337,-1.556764412931243,0.6504833975297469,0.7168796472823655,0.3541666666666667,1,2
-0.95996113954506312,-0.26345459950658578,-0.095217039242817339,0.26387033622285866,-0.96452135521134386,0.0084262092845947927,-0.094058791322125468,-0.017036118692262531,0.99542087301549187,17.055944756357462,9.5854935939316999,-1.5874574309306675,,0.6060169646226794,0.7692307692307693,0,1
-0.99589356125850392,-0.018485580143514885,-0.08862447726566948,0.033802010432131546,-0.98406226049288692,-0.17458204823055654,-0.08398475298887019,-0.17686082324920915,0.98064611887520936,-9.6739271712536841,15.163525591183801,-4.504906317687043,,0.2420730821385459,0.2608695652173913,0,4
-0.98561096943507709,0.15232436752465589,-0.073268710835266884,-0.15296466987436538,-0.98822655569903206,0.0031755915125721529,-0.071922365780574912,0.014337421994272962,0.99730718017624032,-3.1077429993336305,-27.113300939232708,-2.5806738761542678,,0.2536243950152365,0.7971014492753623,1,5
-0.98432829260546417,-0.15256841519700232,-0.088434671145924085,0.15118317442976559,-0.98825654753790459,0.022195585547607415,-0.090782488100688771,0.0084779085119617275,0.99583465742135735,8.3876205552709546,15.124980046151958,-2.5779609212357952,,0.5588228173922035,0.937007874015748,1,5
-0.53809554753778455,-0.78944468878186114,-0.29534770199567018,0.83919466172772006,-0.53452236692188992,-0.10019061327249516,-0.078775005221897801,-0.30176633777532547,0.95012187425506589,-19.279273532342007,14.415517682448669,-5.4644086271569643,,0.691263631360047,0.2702702702702703,0,3
0.96995973452050699,0.24099211873276252,-0.033179995744465916,-0.22470769271420155,0.939842340952873,0.25729910024577313,0.093191020189547488,-0.24211396667874949,0.96576201048452603,-27.590596481530994,6.7380588933262553,-6.4935128592746123,,0.3780640120465978,0.1538461538461539,0,1
-0.82925472757700969,0.55886992154496562,-0.0010037845903622571,-0.55692002505800675,-0.82650873222220722,-0.081996349003042923,-0.0466549298635087,-0.067436832315610401,0.99663212428993475,27.882097122230146,6.0054319587447225,-0.63334509267479444,,0.1321892656532344,0.5555555555555556,0,1
-0.97070152810869237,-0.21773223327479055,-0.10164259894660473,0.22034275957637287,-0.97530612994896471,-0.015067222246990362,-0.095852029867483007,-0.037021986401916285,0.99470687184372975,-12.44094621344618,14.014837172814124,-4.8380364660696271,,0.7261032788760694,0.7058823529411765,1,3
-0.88207396658593473,0.4696692299073939,-0.036828412259461013,-0.4677579894524948,-0.88242606821054892,-0.050266265485243655,-0.056106869229328289,-0.027111780108817461,0.99805659689449289,-12.6516349150205,5.2496351766833564,-4.7871665107323613,0.3948353517672297,0.5632950833932237,0.6029850746268657,1,3
-0.54030360511419306,-0.82791517923832048,-0.15042762474820001,0.83724739256844638,-0.54681927725497637,0.0023412944459004995,-0.084195118254820914,-0.12468012676094128,0.98861825193192343,-3.1791860004639871,16.432004290825947,-3.7841563433085637,,0.2814709093502166,0.8255813953488372,1,5
-0.82747532171835736,-0.53714849230886197,-0.16357288637613304,0.55448734719014259,-0.82760009352409269,-0.087303304662268821,-0.088478097589974464,-0.16294042595142313,0.9826606961905161,8.3872805270287927,11.496170067110743,-2.4842172593439185,,0.3308067803681385,0.2631578947368421,1,5
-0.96438425978805997,-0.21619336665707728,-0.15239234786075953,0.23883960628809897,-0.95932773718652475,-0.15048566421001025,-0.11366020385861562,-0.18152333425226802,0.9767961082952562,6.3400497349144862,11.643751964914491,-2.7669448977843141,,0.09379181678821463,0.2592592592592592,0,3
0.28502595984900592,0.95242293523413979,0.10793866152653242,-0.94721842838002324,0.26263240880943761,0.18385175218156558,0.14675643478032652,-0.15464401146807763,0.97700961027393696,-12.13258222826548,11.624379358423528,-4.7473089396428128,,0.3844481895460291,0.4444444444444444,0,2
-0.66468548557753093,-0.7011809920939307,-0.25795042467252116,0.74017850826238596,-0.66497957870498603,-0.099689196063609015,-0.10163159532857759,-0.25719132223212932,0.96100137492069082,21.01605977694032,5.8701793117922261,-1.126317842317063,,0.3933714774324109,0.2222222222222222,0,4
0.34467092802683735,0.93847579931025915,0.021566768002878121,-0.93604557185825144,0.34186276980181668,0.083357867223135873,0.070856466025893738,-0.048918511142524476,0.99628627436591799,8.0920777512744628,6.0333336127145136,-2.3345397551203515,,0.4773211162659467,0.3260869565217391,0,1
0.93622428626324017,0.35017907323275488,-0.029303625726787529,-0.33823403578720995,0.92061516368551155,0.19510370941474883,0.095298598342174926,-0.17274934750136464,0.98034475573232394,-8.8730280279493723,16.982715816163306,-4.4240380997637887,,0.1396535217022619,0.103448275862069,0,1
-0.99122372097146583,0.11649403706884957,-0.062487393215621218,-0.10774426055470865,-0.98581217662663478,-0.12870713551383192,-0.076594446933189703,-0.12084490780359079,0.98971197777784892,12.894959157988803,6.6490741246758027,-1.8853946786911626,,0.169493623331527,0.75,1,6
-0.77159049905356447,0.63602764559333869,0.010813686294060652,-0.6347425291794605,-0.76869100903200271,-0.078841957638198235,-0.041833281261855891,-0.067697612028462709,0.99682847566896426,-13.65834526786584,11.260272573079298,-4.904593466381594,,0.1414004269683432,0.375,0,4
-0.98175093423027393,0.1771518839307851,-0.069154270712363977,-0.17365969365105094,-0.98334298018696509,-0.05365532702389781,-0.077507508920157966,-0.040666857965571568,0.99616203136046122,12.368792591870463,15.309535457861928,-2.145184476558863,,0.1368963519979734,0.3333333333333333,0,4
-0.52103787327101281,0.8534506648153608,0.01189526558927801,-0.85345111519266492,-0.52074325159527368,-0.021157974722992173,-0.011862908311934256,-0.02117613383507199,0.99970537798002423,6.3394422344080033,13.722825297716943,-2.8206867579820525,,0.1185015147219706,0.5,0,3
-0.94858553921625355,-0.29647884022653248,-0.11084120212150336,0.30956251921199962,-0.94201220125403629,-0.12955330712739588,-0.066003950555478808,-0.15720467545990871,0.98535788854842743,-16.297194069790809,14.322073298235038,-5.2459984065068559,,0.3305663723293558,0.4038461538461539,1,5
-0.96217241953364752,-0.2487741510859269,-0.11106600217998486,0.25878620317287759,-0.96199711877417959,-0.087127748263937876,-0.085170042480522623,-0.11257426536138049,0.98998641336243243,-16.391318657926565,7.3017612293510679,-5.2597748555709725,0.4871925835808973,0.2347617001956385,0.1842105263157895,1,4
0.26340463298608691,-0.94841665854304447,-0.17641950322884617,0.96411306388530793,0.25251001259754802,0.082004229059676692,-0.033226485928407871,-0.19168864164585778,0.98089319770136918,5.2453427405823936,13.628342380272633,-2.9380767393947838,,0.143412838297016,0.1777777777777778,0,5
-0.98727470857220101,0.14122055588643276,-0.073112272627806757,-0.1385723264128054,-0.98953878103874449,-0.040133666327644847,-0.07801512780364285,-0.029491616020197092,0.99651587263741015,-2.6198923317204468,10.977451199430416,-3.7058077989931739,,0.1146879789162677,0.2530120481927711,0,5
0.36623656276089384,0.92806988600133256,0.067506050058935091,-0.92785920122228727,0.35874222677103579,0.10188875030393406,0.070342610160730942,-0.099951495380671038,0.99250270315346911,4.8694899390412338,28.397200179482805,-3.3664739175568212,,0.5373462356954274,0.6470588235294118,0,3
-0.10067309828562784,0.99426852969313306,-0.035986360519337381,-0.99458856040641597,-0.099640825311268819,0.029416006526746172,0.025661698896695888,0.038753023019431843,0.99891925620471977,-2.6342196136873022,19.394974933818091,-3.7931120407255863,,0.1162975267242048,0.3157894736842105,0,4
-0.99585464189145079,0.08690017029787063,-0.026868059577347579,-0.084363928287292875,-0.99286079776092384,-0.084321787655850938,-0.034003820773367659,-0.08170554859826229,0.99607627393742815,6.7545710807664241,9.4605451054756742,-2.594965710013621,,0.4215883666892379,0.2674418604651163,0,2
-0.99538157096337321,-0.026241881725779521,-0.092341170828501476,0.038234109093849243,-0.99069762844154141,-0.13060000728218188,-0.088054989002826642,-0.13352742281567684,0.98712549671656058,-18.543556121935623,6.3916180849066135,-5.5444154054159913,,0.1207440068241128,0.2142857142857143,0,2
0.84761009678397581,0.53041774420081289,0.014633539106519123,-0.52621585009188632,0.83671024769031166,0.15169983692177069,0.068220253165275288,-0.13628271367616518,0.98831827819338036,-22.91667150192146,10.876343562342399,-5.9437692969214577,,0.6586256474418364,0.6363636363636364,0,2
-0.49189795167761258,-0.84587090622400252,-0.20624940033647096,0.86959159073837455,-0.48900707906877139,-0.068429101541167367,-0.042975230685501777,-0.21301287901066723,0.97610380745242187,14.33397280278604,7.1900082210716585,-1.7719402974840128,,0.3954998879811542,0.3636363636363636,0,3
-0.9650904387322351,0.26171770076507456,-0.010212256061423643,-0.25189352709187701,-0.93813467420137908,-0.23759836714566296,-0.07176416986794372,-0.22673151119179341,0.97130979906302295,-2.1878981216462687,13.854793276691103,-3.6532617366300575,,0.08602660032137768,0.3333333333333333,0,1
0.95651857735795998,-0.27323712106377279,-0.10204747347135268,0.28767216494904485,0.94151740415320817,0.17546994953590955,0.048134568478743867,-0.1971964841202454,0.97918160213924565,7.3527711555167778,-23.960784010504689,-1.2688930089223602,,0.2498605862251424,0.3478260869565217,0,4
-0.5897185192403428,-0.77202749233190193,-0.23707724300044886,0.80109487727439088,-0.59639901242916527,-0.050549140232510496,-0.1023673076216582,-0.21973112901278397,0.97017481170821018,-12.510796984899375,6.7466271722894611,-4.7897019819460871,,0.4128076906242722,0.2962962962962963,1,5
0.013655988252391248,0.99878737882081181,-0.047299956586695925,-0.9990375113281188,0.015600866806319566,0.040995901187928528,0.041684109012541867,0.046694591369282196,0.99803910253691308,1.0694775248297568,-27.248975531002099,-1.9204835857213143,,0.2827158646845888,0.3548387096774194,1,5
0.99080361489681457,-0.10005105818286049,-0.091093262450605644,0.10880156561111123,0.98934069529002344,0.096784337387946673,0.080438896237927743,-0.10580536092062023,0.9911280490292268,-12.696532434039794,18.052763677926944,-4.8905588560288145,,0.1340943250174668,0.55,0,2
0.053619829660656662,-0.98362542672679965,-0.17206374912713121,0.99780863435398237,0.046088446677058227,0.047474038079112282,-0.038766520037310639,-0.17423224437347454,0.98394119841826899,2.8042948970018151,-23.181556463600842,-2.0497370040513876,,0.111760513966716,0.4848484848484849,0,5
-0.91612989260724642,-0.37976637820944292,-0.1283881530871073,0.38883057196684506,-0.91972230143918587,-0.054052516494092186,-0.097554119212733215,-0.099440365129510863,0.9902498712989255,5.4127018499177399,9.5392911847374044,-2.7998578915048551,,0.09002684035741887,0.4166666666666667,0,4
0.51678028142045529,0.85595937327489324,0.016483083384079916,-0.85069598126907597,0.51124870128867383,0.12223384508100764,0.096200250455175954,-0.077190133653827403,0.99236444670235224,23.696090423179339,-20.765952952903074,0.11315954171625486,,0.1812643221034209,0.1111111111111111,0,4
0.83616857063319439,-0.47986925753698534,-0.265608014103759,0.54639329082557819,0.77093409219362918,0.32728427587401621,0.047712610765240075,-0.41879126204409584,0.90682820071360715,-22.534118517914671,6.8764622121743306,-6.0197725020370791,,0.1603635768566682,0.3,0,1
-0.52449625170938985,-0.82444576102837297,-0.21258614504512741,0.84586278378063762,-0.5330358060920336,-0.01972258701810288,-0.09705582392453932,-0.1901631314060731,0.97694326882177063,10.435623311787069,10.098571490069629,-2.1694243666189132,,0.2270415849230343,0.2941176470588235,0,7
-0.34862134251379168,0.9339234332684081,0.079058082041184197,-0.93716696738923599,-0.34855464556246929,-0.015090867810812644,0.013462346687839737,-0.079351621590049826,0.99675578020530475,-5.5198629997580078,8.0814269817882884,-3.9672317703842017,,0.1135419444675054,0.264957264957265,1,5
-0.73072159975115247,0.68253037943672579,-0.014079233042859353,-0.68147804616569563,-0.73050567080767392,-0.044149037498177987,-0.040418018893829184,-0.022665967082582977,0.99892574182714355,-11.07863278658197,12.910233777942782,-4.6170003841521998,,0.1324110574936082,0.3103448275862069,0,5
0.60961334189268912,-0.77802633303064894,-0.15181106184105653,0.79245681911615018,0.60287967737742088,0.092456932901809535,0.019589875516204208,-0.17666669102062907,0.98407576794730667,-18.064330499455977,15.704292101685329,-5.3424685089815718,,0.09786370541829419,0.5,0,3
0.2983622801933461,0.95314826210491754,-0.049883265773228921,-0.95228160490062919,0.30079989957678299,0.051760654772510385,0.064340459476980111,0.032059489405988212,0.99741290066517507,-7.9822305687876751,11.464095958100851,-4.2401186513832059,,0.09355899644790691,0.3392857142857143,1,5
0.98582480188752319,-0.13274931425259728,-0.10260155724398416,0.14689818576951558,0.97838021656802066,0.14557841476653444,0.081057899066347791,-0.15858679451258695,0.98401211659469512,4.0254237364941163,-23.318256962349906,-1.7744686461134456,,0.2499103512717696,0.6153846153846154,0,4
0.90168002939343117,0.42969409684660559,-0.048333298338120695,-0.42544895808665312,0.9015846618007074,0.07834718673115193,0.077241884078801878,-0.050080742215792916,0.99575379015250209,-6.4898358797375577,16.474939618009589,-4.107648722184484,,0.09792873847211599,0.35,0,5
-0.99583164563098792,-0.024367938487259218,-0.087895034750318471,0.02817599721965049,-0.99870555417468465,-0.042347718253930168,-0.086749332796032377,-0.044647728212274758,0.99522918648164971,-24.061439710986829,8.8509451691080301,-6.1555304794040842,,0.2032548853386708,0.4166666666666667,0,1
0.62452903578248609,-0.74057522277841437,-0.24801577141645564,0.7807653299595243,0.59983338366398009,0.17494402354871919,0.019208930157419882,-0.30289973794792513,0.95282882290224891,13.789053928786991,17.684303582098892,-2.124438802262762,,0.08359399439668899,0.5714285714285714,0,1
-0.14369247103360938,0.98812777519861827,0.054368866544052229,-0.9896178041865612,-0.14330754773787324,-0.010933819018381395,-0.0030125413233417411,-0.055375505798022709,0.99846105480003045,11.674064696827157,8.3875070491798969,-2.063407003476132,,0.2034012274825957,0.375,0,3
0.78023950243426432,-0.60280331951719812,-0.16689660517871671,0.62435925791054603,0.76657491674932932,0.15012799230041302,0.037441099109479091,-0.22133923057110205,0.97447786486285493,-17.41488533534508,10.697918312560956,-5.3120905812094694,,0.1332422802190685,0.25,0,4
-0.66620327019158021,0.73526867401369267,0.12471238831884573,-0.74537266246698386,-0.65101253007505311,-0.14353494254765248,-0.024347419430489767,-0.18858065303584115,0.98175584564984986,-32.262546067873693,-21.936762548362008,-6.7865679174685667,,0.5203888411736904,0.2083333333333333,0,1
-0.4875822785129017,0.87289718635400593,0.017720714867865455,-0.87303923468805544,-0.48727183868375951,-0.019200258358774758,-0.0081250461821890281,-0.024832585064974311,0.99965860489645642,22.100025896374845,8.6403776842959346,-1.0952932498867944,,0.1323094144925658,0.3157894736842105,0,3
-0.76975486804815618,0.63752595195814321,0.032219616633787924,-0.63664865288120376,-0.76306582770282771,-0.11139584990809223,-0.046432056821913814,-0.10626007327336577,0.99325367400640663,-1.6893318604457364,-32.493898460440676,-1.8379426677071584,,0.3398161037083973,0.2222222222222222,0,3
-0.83670316886477147,0.54723860887730025,0.021394208695027322,-0.54553981047958877,-0.82940146479071997,-0.12033089954330857,-0.048105326041340338,-0.11235263751708083,0.99250328082551509,-5.2889371730730499,6.6077598693198105,-3.962009630235487,,0.0876067085680835,0.2777777777777778,0,5
0.75482643384329084,-0.6009785216709963,-0.26279625427612996,0.65544915430307604,0.70634581828916421,0.26732375709763168,0.024969198921929,-0.37403262087090089,0.92707935886289849,-10.3780260600366,18.947047504401464,-4.618395091184726,,0.4579327494395866,0.358974358974359,0,2
0.70783304205075581,0.70610985023490447,-0.019525982239407734,-0.69941070429477858,0.70445515090521704,0.12069634245075131,0.098980055056835284,-0.071776178251203554,0.99249742011583952,-16.134579668416546,12.312371772135648,-5.1904345694913676,,0.1706940312792819,0.6428571428571429,0,5
-0.20517214501701392,0.97787861589094693,-0.040716133071857126,-0.97846262130966177,-0.20397450989224872,0.031706434899620058,0.022699991386437232,0.046344491554279617,0.99866756155070591,-16.41005236037077,10.377992466688372,-5.1944668384676103,,0.2026986765219164,0.782051282051282,1,5
-0.60337483082801091,-0.77334158333822889,-0.19463198350525793,0.79273449212532432,-0.60818662847900984,-0.041000608948397826,-0.086665094000259499,-0.17903022208347008,0.98001905137740586,3.5369951970090376,8.5122479020471591,-3.0072527078166833,,0.3066675383460817,0.4814814814814815,0,5
-0.98157546083150193,0.18075268319420379,-0.06195225751755315,-0.16742049128326333,-0.96985781960482775,-0.17704854941467468,-0.092086881757914893,-0.16341443409156223,0.98225033924078597,11.731575277939065,-31.488057215550015,-0.43943822871258165,,0.2900083121400812,0.2727272727272727,0,2
0.47445985797701157,0.87945837306363683,0.037958045480456865,-0.87592119526302081,0.46738849908494551,0.11962462377003988,0.087463723093840026,-0.090005338571576401,0.99209331021390379,-1.4659725406496547,26.295962035020825,-3.8375479737344369,,0.2428189077310392,0.3181818181818182,0,5
-0.98199568299569917,-0.15054057095328779,-0.1141140441613922,0.1672207545406022,-0.97375225075835781,-0.15441429141728974,-0.087873191751988086,-0.1707164041329661,0.98139401441583496,6.835267430251478,7.6049628906472497,-2.5720929309918978,,0.1451553407422939,0.4090909090909091,0,5
0.94349657444876867,0.33099453418462882,-0.016025989621271632,-0.31786770387510788,0.91762970529759547,0.23857042312201204,0.093671430204769909,-0.21999623245717162,0.97099295613719283,-14.598211983396805,22.185838536730007,-5.1049110852615023,,0.641157832701295,0.3793103448275862,0,3
-0.88105770931452909,-0.45957114861021436,-0.11194495175095076,0.46417828946919654,-0.88556368186248202,-0.017761783458168555,-0.090971580413253456,-0.06761157246546276,0.99355565864518236,-15.711545247826916,17.636922548564915,-5.158160352416191,0.5821548778236365,0.2040587154188168,0.2258064516129032,1,5
-0.9527678121963159,-0.28465762204753331,-0.10584674890089389,0.29552670664681763,-0.94930723848169096,-0.10714351415158395,-0.069981866945166421,-0.13336343268118356,0.98859331027594965,-1.3639078791292416,-25.413694413475969,-2.489309134459599,,0.2820470290606255,0.4339622641509434,1,5
-0.65523847441406979,-0.74470631599341131,-0.12678739908620518,0.7485500715761112,-0.66265472883351006,0.023696005950083244,-0.10166283485581971,-0.079380181872488562,0.99164683972418832,-4.4711844541881138,-26.942161032215189,-2.7706449272692475,,0.1043889049908342,0.3571428571428572,0,5
-0.97557604878307247,-0.19452915413890343,-0.10202833543095038,0.19914540971989497,-0.97926735758877848,-0.037101861794060657,-0.092695624644871244,-0.056514162393980862,0.99408936752215771,-21.39335252382168,14.953878989278685,-5.7254501747404332,,0.1706035074339397,0.2173913043478261,0,2
-0.48469073673225754,-0.85999829548677298,-0.1596177354988747,0.86828472124106604,-0.49510113595515171,0.030927464093331174,-0.10562448856807487,-0.12360338561611338,0.98669431460760404,-11.975834662630959,17.137662368383559,-4.8376893168132558,,0.4104270310684793,0.85,1,5
-0.79316030924169434,0.60592115094761501,-0.061288519952251243,-0.60738427556540864,-0.79437825826534281,0.0068938081786435873,-0.044509163545314222,0.042693578318500056,0.9980962842986939,-1.5198997633544788,17.852564954531069,-3.6232220927937857,,0.08259853591323149,0.3333333333333333,0,5
0.74077518312729673,-0.65619831946651808,-0.14372158359841505,0.66984774260566537,0.7376723741968535,0.084519051537922926,0.050558182214285353,-0.15888119421786012,0.98600235107990131,-0.26692507667310156,-24.169091142992887,-2.4473560522413216,,0.4005321582064362,0.9596774193548387,1,6
0.61675253222213766,0.78537164114391234,-0.052987727678193416,-0.78224693213389174,0.61902212844144389,0.070009582679362956,0.087784116813322599,-0.0017290999802993393,0.9961380220875834,8.2337431435732196,16.561370806246366,-2.6700017829949627,,0.1661247878628886,0.6,1,5
0.4672472325104039,-0.86607907461272393,-0.17772748867110433,0.88394981160699326,0.46163870352422365,0.074313107648892859,0.017684859946595872,-0.19182477401639955,0.98126984148206031,-8.8957265713234186,24.677824573701187,-4.4928913864500286,,0.2575457533577049,0.3478260869565217,1,5
0.21491238742407923,-0.91862957294474445,-0.33156051249061397,0.97632388705332418,0.19353884901338164,0.096614602890365622,-0.02458319142768229,-0.34447412331542637,0.93847389152032268,-0.40542010318425176,-26.543936991977773,-2.2387379522723547,,0.1225714361794555,0.3571428571428572,0,1
-0.94169306240091832,-0.32581798284393332,-0.084004870581954633,0.333713487532383,-0.93630353218705586,-0.10941208275605248,-0.04300563294447006,-0.13106615760582038,0.99044039591764055,-9.2421622541910704,-23.573476877981431,-3.8341743020503127,,0.7302562835232312,0.2380952380952381,0,2
-0.65952192217030492,0.7514235728302795,0.019835533059753843,-0.7516511292154856,-0.65901054589950847,-0.026938454712871977,-0.0071703644169567914,-0.032675902255486146,0.99944027899915988,7.3926155467081447,8.8480011481602077,-2.5197877146362284,,0.3324724110455877,0.303030303030303,0,3
0.66582387585608882,0.74425390387388191,-0.052580347169456081,-0.7399228835560131,0.66771783300870424,0.08165183324526723,0.095878531122083985,-0.015460337986118735,0.99527297020426775,-7.6916787165431071,-25.271192986779013,-3.2590254315523146,,0.4074907734767975,0.796875,1,5
-0.56432646746074477,-0.79339732827121723,-0.22815853614399859,0.82119985536304019,-0.5678275692991489,-0.05659195256874211,-0.084654803023807276,-0.21930009356111876,0.97197789753115582,-18.672002057309868,5.6964685280743312,-5.5367007554279981,,0.1245695498700106,0.4375,0,1
-0.8069696160062535,-0.57502292559621848,-0.13471701407575645,0.58246370760353439,-0.81259685435819129,-0.020551924774064294,-0.097652793956271897,-0.095052550338958583,0.99067095672912298,-0.6298168462625312,13.750661891886487,-3.5002843726530739,0.8311553264181674,0.4468505513639953,0.4190476190476191,1,5
0.41827452485468858,-0.8940341223533157,-0.16046622674420175,0.9083193260096506,0.41139227980667675,0.075580381798712251,-0.0015568734562679334,-0.17736792320879735,0.98414338181061811,5.1167430302754102,-22.136960322608971,-1.6935905564465914,,0.6106148955427834,0.3888888888888889,1,5
0.39936064220409806,0.91385668852325719,0.073328236714341466,-0.91051432075508099,0.38600907646457544,0.1481913107671172,0.10712025559267996,-0.12594818668114965,0.98623643469174627,12.55371207196092,-26.88001190016378,-0.6014780241529194,,0.3457653067576898,0.1,0,5
0.86024008152916709,-0.48153770910961613,-0.16765570922624268,0.50728136467998342,0.84146555568346859,0.1860143425833726,0.051503584138437808,-0.24506561020219375,0.96813750444713231,15.804123146194531,11.883526164661296,-1.7385104540215901,,0.239488260690263,0.1333333333333333,0,1
-0.73123785697261456,0.68189203201056259,-0.017732828612597416,-0.68133570707482138,-0.73139580197652276,-0.029014394978553789,-0.032754401153906008,-0.0091344146842739903,0.99942168861468295,-17.68431325519963,20.91513647860684,-5.4076804906235694,,0.2567867304864905,0.3636363636363636,0,1
-0.64447312043003058,0.76446680056455674,-0.015649532829129151,-0.76410545902416827,-0.64465444293488006,-0.02373808530156999,-0.02823551899017309,-0.0033406644414215566,0.99959571599144326,-4.4334763822124028,22.754597963761046,-4.0854277036321465,,0.1201948009276983,0.5555555555555556,0,3
-0.99629589873580759,-0.0016991302638834163,-0.085974386409892092,0.0057325732332983255,-0.99889300749135157,-0.04668936912198654,-0.085799882088123808,-0.047009281437080039,0.9952027470281799,-5.8306864693670928,14.762818794631855,-4.0256540231522413,,0.1444096956918035,0.2295081967213115,0,1
-0.066791460253769738,0.9973464932471402,0.0289633085955622,-0.99749188672491684,-0.067426479956796639,0.021531505256280972,0.023427265208185374,-0.027452544659254615,0.99934854832365549,4.2937357639101634,6.3938534520184565,-2.8676802317223768,,0.4784433890760887,0.3588850174216028,0,4
-0.33648519778731478,-0.8763642564555626,-0.3446206634505859,0.93866118293979783,-0.34145858017115005,-0.048179058412994503,-0.075451277736643743,-0.33969357961932795,0.93750486753579942,18.569229772133479,6.9063613246465421,-1.4030888681710219,,0.5263378331073162,0.3703703703703703,0,3
0.9663942094738629,0.24808206876980099,-0.067361109330857274,-0.24079975680738755,0.96534569565995765,0.10061394034772314,0.089987271415967379,-0.081012190599242029,0.9926425922543427,9.1613729611399108,14.406608408470387,-2.472891943576518,,0.07854687005981993,0.2222222222222222,0,3
0.47981332718732322,-0.86071995999695305,-0.17011855135838305,0.87736696838344486,0.47126347331988816,0.090210539872670151,0.0025246471187911914,-0.19254061695475833,0.98128575704511656,2.7404307555238923,-24.298455889042831,-1.8897589167678472,,0.1658129909688632,0.5416666666666666,0,1
0.70125117015545224,-0.64677343891980554,-0.29988483633464774,0.7123317990310094,0.65267346797163728,0.25807121554935619,0.028813268555569923,-0.39459024685580518,0.91840532045574552,3.1708923577980856,3.8796479326959767,-2.9331067393766803,,0.5910122345562842,0.3282208588957055,0,1
-0.89807733151330771,0.43418725504629557,-0.07027470510290619,-0.43576563026285797,-0.90002329255955382,0.0081479035263385974,-0.059711155603886269,0.037940748617066394,0.99749439972905429,-8.0071866654008499,19.66156880276537,-4.3360455200757819,0.1726333976600896,0.08262623019509886,0.4166666666666667,1,3
-0.929457745053893,-0.34106785241744109,-0.1406450148661057,0.35513183239299756,-0.93041299553694079,-0.090625820587557845,-0.099948395587544314,-0.13418039269331075,0.98590361619995315,15.589119430197851,8.9806647941863158,-1.7086908810143426,,0.167814927175303,0.1714285714285714,0,3
-0.99466798344903495,-0.051212642779638815,-0.08951462406196832,0.054337555619780285,-0.99798287846429401,-0.0328268844301337,-0.087652910680123361,-0.03751585680278656,0.99544438706421734,10.822325421191861,7.3417897476810481,-2.0944923513403508,,0.08130400165962184,0.2173913043478261,0,3
-0.74749956022298625,0.66142973710800557,-0.061278955079845203,-0.66334254653637348,-0.74813437441633934,0.0164810124480325,-0.034943860992771018,0.052968487668686365,0.997984602032021,5.6034357234976513,6.9039945077415208,-2.6963728729826104,,0.2041846555974475,0.4065934065934066,1,1
-0.88891217837897551,0.45714368301787972,0.029236829622819132,-0.45623245759536213,-0.8778034645963988,-0.14598980162687861,-0.041074125262035591,-0.14311090321637884,0.98885397588043911,14.762410613349408,13.394264205561996,-1.8853282405662322,,0.1985267486618492,0.3,0,4
-0.9887714086934728,-0.10921743999544117,-0.10199339268387984,0.12790439876383022,-0.97147768111889832,-0.19967869156400017,-0.077275909099725398,-0.21048198471292079,0.97453874627134296,-16.858667427467978,5.8851115561430092,-5.3496751687493331,,0.2772090588571822,0.34375,1,2
-0.67669975845263752,-0.69145850175779811,-0.25290823880807456,0.729412562065888,-0.67634989393130795,-0.1025091960732525,-0.10017360535898763,-0.25384239465851322,0.96204432718217958,-20.364000930804391,22.787376483587209,-5.6777909567808349,,0.4928790004965472,0.391304347826087,0,2
0.97636053960281877,0.20304315825396799,-0.074118638632583181,-0.19686681778868256,0.97691978829925719,0.082892600894725721,0.089238740243523074,-0.066341564012229542,0.9937983920917568,15.342046897727071,-21.961304725570287,-0.54178577478070233,,0.1505977710705185,0.45,0,2
-0.95602644170236084,-0.26593716577615362,-0.12365624377631736,0.27612698444105327,-0.95827190325248746,-0.073951659212923293,-0.09882980941705645,-0.10484456731657896,0.98956570548639489,7.619066202997745,13.166078906506035,-2.59461547225825,,0.374951301986918,0.4634146341463415,0,2
0.24109820527126047,0.97046731801023556,-0.0080523343819398838,-0.96850407492985024,0.24112585209952736,0.06211425193586749,0.062221477475648934,-0.0071769160018980895,0.99803656226485515,-8.6417128458501544,-27.320951152813802,-3.3133314719303879,,0.07177140990472658,0.3571428571428572,0,2
-0.84208977538792451,-0.52135468350173009,-0.13810903003759539,0.53021084393899265,-0.84714690976352469,-0.034908082840670193,-0.098799145525736973,-0.10262264501035218,0.98980165769434014,9.3306296621710167,8.5704792746939891,-2.2424992639720895,,0.1000202612194631,0.3611111111111111,0,2
-0.43801412426229486,0.89469872440739928,0.087508968057600334,-0.89671159011583701,-0.44173248325566877,0.027941678344465884,0.063654937739820339,-0.066231456125856902,0.99577178264941157,-5.3675259681414467,-24.190202962131757,-2.9847542616137814,,0.6160239005771462,0.2,0,2
0.85626807088177526,-0.47563623008393174,-0.20143278635800346,0.51402110674249013,0.82304469018162496,0.24161899715680285,0.050865436316122406,-0.31043133636180908,0.94923395050587667,15.284826405333911,8.2468706765517528,-1.7109588531085742,,0.3526166181326866,0.4117647058823529,0,1
-0.98062692201310375,-0.16435189254849009,-0.10657999455262067,0.17656822850595835,-0.97723393649953627,-0.11763287820965902,-0.084820401469073103,-0.13417260811861115,0.98732122975517733,13.256089614206834,12.974653507056205,-1.9739909388242258,,0.2679774924510925,0.3461538461538461,0,4
-0.54603326066563662,0.83687007699844851,-0.03868013018933418,-0.83770430160517328,-0.54596126791804189,0.013334054353895251,-0.0099589818275579878,0.039683348623003593,0.99916267470468678,-20.071879029305322,17.150758368127892,-5.56118287783148,,0.2906879297400148,0.1666666666666667,0,1
-0.7318794375537605,-0.66278701382388072,-0.15832202371247944,0.67608015827208756,-0.73532619549932776,-0.047021333491024005,-0.085253202149719182,-0.1414523259579287,0.98626727158732785,3.1133222871138839,9.5259038366065134,-3.0922914890984439,,0.2016609573559738,0.3157894736842105,1,4
0.8150442513855618,0.5772017723834445,-0.05040815649039794,-0.57112438511278896,0.81500912712667573,0.097862451582583568,0.097569488124560289,-0.050972901208634847,0.99392251122986808,-7.9176045380803979,12.616873768693051,-4.2163843386682958,,0.08051764605230212,0.3448275862068966,0,4
0.52684831719225744,-0.83604586471123643,-0.15316057838401814,0.8499418225232459,0.51936971668631071,0.088622771989167362,0.0054542641620287926,-0.17686833941783284,0.98421940720249423,3.6651708558740963,-25.042603126106314,-1.6642170583379599,,0.560148735798971,0.8333333333333334,0,4
0.68590102625275939,-0.69180328245968781,-0.22571663776384185,0.72759795766399515,0.65704535856572355,0.19721209088294595,0.01187409738023272,-0.29949894017382012,0.95402274115775876,17.871374708275937,8.8175601518412989,-1.4838918687451463,,0.5128027856363058,0.1666666666666667,0,4
-0.51632800446002014,0.84990509794190161,0.10519846150349164,-0.85633860048848787,-0.51102863700666645,-0.074390412504087108,-0.0094653644278969822,-0.12849535653663513,0.99166493848717474,25.384401080665171,7.6338165474540958,-0.85224553152267046,,0.1788695308667785,0.3333333333333333,0,2
0.88235682252102177,-0.43018770499000514,-0.19074846323375677,0.46919771203277311,0.83530362587742846,0.28656824600648512,0.036054746897163224,-0.34235418950475083,0.9388789400954356,20.839366554356321,-20.60941233185806,-0.10039219556915843,,0.4883502872294765,0.2222222222222222,0,3
0.75393465194048082,-0.63304812949525924,-0.17559215912431789,0.65597208383063677,0.73999813860753683,0.14867205551909432,0.035821304251495621,-0.22727256895616377,0.97317213973776906,-21.692453127005802,3.4395671715133802,-5.9555796014258924,,0.8056922366976615,0.4444444444444444,0,1
-0.98126064189781526,-0.16290528780017557,-0.10290490692396402,0.16945191649994787,-0.98380691957895161,-0.058395145201197748,-0.091725681555289595,-0.074738291359357903,0.99297562263526973,-5.6997443646803179,-29.336702472898267,-2.825271668473738,,0.2517513473117873,0.1428571428571428,0,1
0.66526573037588066,0.73621618245082776,0.12412590658269307,-0.73928399583346305,0.62634546420015125,0.24728633803832434,0.10431050518501851,-0.25627542249194735,0.96095901386823979,-10.083738782434231,5.8052845566554518,-4.4898726733975227,,0.745470750512621,0.3274111675126903,0,3
0.44753745095359138,-0.87814823653067076,-0.16901451024108513,0.89419914073323359,0.43714219567109563,0.096512162320604541,-0.010868611038537918,-0.19432543694000934,0.98087690249702908,-8.5821690525107925,4.2308225531822607,-4.3193211042478969,,0.2355369116120994,0.1030927835051546,0,3
0.89870392794883802,-0.3864486805128543,-0.20733708597162145,0.43322113304356102,0.85580759454461819,0.28268854063121673,0.068196039282225923,-0.34387610915797528,0.93653538202066311,11.082049145328817,-19.659593919403186,-1.1021993252219091,0.824054054099831,0.5112846272021969,0.3,1,2
-0.82190529493331621,-0.53349014446119991,-0.19964957281032877,0.56159079213976748,-0.81756796097049034,-0.12727297976547589,-0.095328213790078775,-0.21672769771610415,0.97156658891620495,6.1270554614898938,26.205304298872729,-3.1680166228263547,,0.222329678421841,0.5,0,1
-0.85588487578483052,0.51715672694561421,-0.0031621476380153672,-0.5144987483493958,-0.85207437002719522,-0.096230483162369845,-0.052460626661241135,-0.080735294126284371,0.99535405506415264,-10.151084994339424,6.5545339602961104,-4.4789086272823315,,0.1131422634371401,0.2884615384615384,1,4
0.2724360392040962,0.96192527287433993,-0.021871761438255619,-0.95958577396757028,0.27329918170653345,0.067102158516689686,0.070524796645179674,0.0027067848394302292,0.99750635405193788,-7.2293572405330062,-27.933863521041204,-3.0735813768503939,,0.1363824059385819,0.2727272727272727,0,3
-0.15334056797168619,0.97951371523723785,0.13053563450745465,-0.98770654682010994,-0.15598505586792005,0.01021957506821445,0.030371822184612322,-0.12736382535094085,0.99139094630179125,8.6128649325063904,-22.169124288037555,-1.2297840951007841,,0.502235890518492,0.1538461538461539,0,1
0.67216146699848855,0.73818979404989549,0.057225783026635231,-0.73390554675806385,0.6540502628591266,0.18330548843843636,0.097885702327694724,-0.16520920559847505,0.98138896858754943,-2.1073899982562665,23.5474665572021,-3.8927033249445517,,0.425406491957532,0.44,0,4
-0.75687485601338367,0.65277381100207221,0.032043782619274874,-0.65129943296173487,-0.74927576087806735,-0.11997867637341339,-0.054309308211788782,-0.11167894085468637,0.99225919658682582,20.017132449459421,8.0100685169126802,-1.2506240783286706,,0.3437557340745265,0.5,0,4
0.95263570422143917,-0.28249195883773559,-0.11262108254914766,0.29651759023906499,0.94505465701733082,0.13765541736042358,0.067546530046633163,-0.16452959746463142,0.98405664361193435,-7.1243047292773323,20.633163692048559,-4.266789317264756,,0.08945438102055719,0.1176470588235294,0,2
