axis_00,axis_01,axis_02,axis_10,axis_11,axis_12,axis_20,axis_21,axis_22,location_x,location_y,location_z,dbh,dbh_approximation,score,reconstructed,number_clusters
0.71746735683251539,-0.6900586629490757,-0.095182107397855292,0.69654297580941638,0.71231111775375711,0.086259807413156961,0.0082749459409565927,-0.12818702435631321,0.99171548947081944,-24.249893459977912,0.46405730185380295,-3.1530859157888056,0.6027073837296653,0.5624998455987121,0.7732558139534884,1,5
0.97582899053721728,-0.20551660783663125,-0.074301447700833426,0.21660182473458794,0.95470488283385047,0.20401528426774923,0.029007425752075787,-0.21517785805358325,0.97614397434738587,-36.829834965817042,-15.012365218089192,-3.2609118342734322,,0.1352262817389314,0.2142857142857143,0,1
-0.7611367192429026,0.64858925016035174,0.0016968195494310892,-0.64848864109561011,-0.76096685952970011,-0.019796996425572089,-0.011548895623369792,-0.016168589114018438,0.99980258038071801,4.5495128079535414,-16.101214200250226,-1.9311576234759282,0.7506179071970613,0.6602271901334038,0.945273631840796,1,5
0.4168099699428493,0.90747117809317901,0.052588115448440408,-0.90802786079435183,0.41300358733454562,0.070095940467545789,0.041890965344264008,-0.076968160813247255,0.99615312539968059,12.716475368057809,-5.5338825413634387,-1.4346569989087947,0.345470901337484,0.2333158513942283,0.6222222222222222,1,5
0.69507202946490243,0.71832375662496994,-0.029763308346592455,-0.71773483618873568,0.69570805409347736,0.029103408573516808,0.041612243110311919,0.0011331979790358041,0.99913319286553071,-5.9686767137585397,-4.9435509722481701,-2.3273339596388762,0.2575172193302859,0.2231781224580313,0.8682719546742209,1,5
-0.33163081230632646,0.94206313719179058,0.050379061855189006,-0.94300194719824859,-0.33258365722379879,0.011637805976884318,0.027718800647915705,-0.043648098377886635,0.9986623611604859,-17.043588541690355,-8.6948287439203842,-2.6491362589716818,0.5954899925465434,0.3708287726846254,0.9354838709677419,1,5
0.60642714783043317,0.78715303171653694,0.1124109382298399,-0.79498217633830215,0.6030261516709936,0.066051492831656802,-0.015794102654624373,-0.12942011072603238,0.99146405949030703,10.835803282156519,3.9794213484911847,-1.6454948334397892,,0.5385854728715354,0.16,0,4
0.99871307896994677,0.047750635877301682,-0.017089841066628295,-0.04310618815840913,0.97674370898942364,0.21003233915765482,0.026721572499033446,-0.20902536621878609,0.97754506486416348,-20.886611373438306,9.7171280574493135,-3.3610461441248827,0.9584688627083009,0.7718545228844397,0.947136563876652,1,3
-0.33408624278355104,-0.93699266226593159,-0.10213291948521012,0.94192876573151274,-0.33581260426980764,-0.00030838456321936517,-0.03400856760111437,-0.096304961831318342,0.99477071310749232,-6.7424728452282343,-21.20710718257849,-2.365783677730859,,0.1526107540113524,0.7647058823529411,0,4
0.74140711693331718,0.65856144519834769,0.12888874993144306,-0.66968309501678891,0.71383761312442129,0.20484241342447462,0.042895678213087686,-0.23818624012963607,0.97027175358429663,-5.2539406331034577,-29.131278392552094,-2.4942864882752231,,0.3297828073599307,0.5238095238095238,0,2
0.25335881830826651,0.96280227609598612,0.093920638465832901,-0.96682941691808522,0.24876793614537798,0.057925750127269901,0.032406600674501324,-0.10548123572636042,0.9938931135400656,-12.033451476851692,-0.44828269987703478,-2.6421512754355732,,0.2103140494177145,0.3418803418803419,0,1
0.24413342787141851,0.96500457201330936,0.095734243555587406,-0.96920888457680965,0.23953544217524472,0.057069343778304249,0.032140433306462705,-0.1067190139352853,0.99376961344747961,-23.906389941169213,48.47300709229404,-6.2044241370099149,,0.09488263826995384,0.3333333333333333,0,1
0.27678435815172414,0.96088048113841196,-0.0099559052703748364,-0.96031662588978683,0.27696299095983373,0.032916252493856928,0.034386001834966477,0.00045011753765243206,0.99940852521479362,5.8797673599286258,-3.0034987728761915,-1.7586540518842795,0.2630131562289311,0.2425586695948852,0.7268292682926829,1,5
-0.64896253541231086,0.74459630042034075,0.15628172328064241,-0.76080875820058103,-0.63397946139071093,-0.13870860095911203,-0.004202508359962334,-0.20891718918051219,0.97792430534699315,11.602949039362256,8.4315078405090809,-1.6960972960749059,,0.4344991963531029,0.6052631578947368,0,2
0.98115332966749402,-0.18535456940054745,-0.054606110324099587,0.19294443599445379,0.95514550338986981,0.22465420533097982,0.010516097240528967,-0.23095616674263006,0.97290732381988898,-39.985694917876309,-11.677786539815221,-3.4939088406216712,,0.2993630145157111,0.4615384615384616,0,5
0.72896742377928958,-0.6741480460570406,-0.11887349185609708,0.68288789359528324,0.72823869474245417,0.057728054365319192,0.047651021495707317,-0.12325913952840362,0.99122982434606688,-6.0139701163047983,-29.918445392877128,-2.5212468426666033,,0.5158622358819586,0.7254901960784313,1,3
0.51148463986443926,0.84469248004599207,0.15772785846671647,-0.85608460195990288,0.48507151601075216,0.17839500733536617,0.074179629750353845,-0.22627469701401062,0.97123485523395336,-27.389523514896752,11.616900661072467,-3.713117118737987,,0.3325324161902011,0.1935483870967742,0,2
-0.71556735710346597,-0.69397793077242675,-0.079736999246159457,0.69729056001122258,-0.71644928538641983,-0.022052128888704271,-0.041823825353458584,-0.071379640445364059,0.99657198162636218,-7.0805439780411881,-29.323436562173612,-2.5023971153811879,0.3853280223305097,0.2668055327021442,0.5882352941176471,1,2
0.69549567785183475,0.71401063377657803,0.080464755908335267,-0.71725485459724059,0.6832247374407856,0.13692856424304864,0.042792939208586796,-0.15294696140473299,0.98730744520182312,-4.2519350542293814,-3.5921734591917125,-2.2606111598820644,0.2026785967144949,0.1614359153895989,0.4116504854368932,1,5
0.74176649625552793,0.67063238863382646,-0.0058876436787697432,-0.66917786858517914,0.74068362555576339,0.059906151849103896,0.044535886974396879,-0.040496495513313219,0.99818665019251052,-0.94762232044769923,28.018827965844199,-3.6560408292161699,0.326119709061706,0.3678814655178904,0.4705882352941176,1,5
-0.73783147802514459,0.65071022276693358,0.17939040114186078,-0.67491804934117661,-0.7074836971255144,-0.20964838414620376,-0.0095045625218311853,-0.27575899674937276,0.96117981616503356,-7.4109148848250825,0.10816013924177253,-2.4727068187773309,,0.4956091782913237,0.2780898876404495,0,1
0.11787879078397163,0.97576985008423534,0.18433065493807077,-0.99261819284876462,0.11045008915180694,0.050098912483314495,0.028525671051906107,-0.18887556081438214,0.98158662817812026,5.1828369845401152,2.9512973055432163,-1.9122129789950553,,0.09800445032944145,0.2058823529411765,0,5
0.47225027733829894,-0.83805826917081472,-0.27319958460495447,0.88145118978246695,0.44728468079540773,0.15159226351244132,-0.0048451609854575561,-0.31240158738420343,0.94993777302245253,-31.467371488138088,26.69262940840963,-4.8841989645653952,,0.4900696906312993,0.3703703703703703,0,1
-0.90742488708956492,0.41852739938456185,-0.037615026982389631,-0.4191961451448285,-0.90781980230090065,0.01173875828483836,-0.029234674381738612,0.026420115721727585,0.99922335406006424,-14.772836314263657,1.8065844196278704,-2.8175272301166219,0.3090957029435325,0.2336394782955228,0.8796992481203008,1,5
-0.65814530379574632,-0.7482631608613225,-0.083348672391520967,0.7508999922090458,-0.66041578564149928,-0.00043792234209428805,-0.054717097803714955,-0.062874733982303962,0.99652034953361324,7.7246428449648077,2.7457649411557257,-1.7823010441213814,0.2620366708828025,0.123331083033995,0.3478260869565217,1,3
0.20806687080426933,-0.9418624980349698,-0.2638242067533727,0.97808733830387418,0.20236358480805419,0.048929931466091321,0.007303144758421116,-0.26822381389235422,0.96332894160700766,-24.428374845815849,8.6218814856105119,-3.4521376077060322,,0.5466024847085841,0.4307692307692308,0,2
0.13030727619319116,0.96297008551850882,0.23602675307597804,-0.99146449587154428,0.12553654884596474,0.035195572591320196,0.00426229953165954,-0.2385983849491064,0.9711089761207965,-15.023738406083233,4.4770106839164203,-2.9178499541761957,,0.3041323055947338,0.2777777777777778,0,3
0.61554481252831217,-0.78629752609491022,-0.05329900774414241,0.78809805482526019,0.61434342949461784,0.038517614378796743,0.0024575903090710265,-0.065714162049109334,0.99783546196557715,-11.212070335321208,-6.355608149720303,-2.5105254104397789,,0.08762179621003874,0.4111111111111111,0,1
-0.91323509808844017,0.40168673476141703,0.068186675649338821,-0.40682863653802809,-0.88990749015329473,-0.20628892229509865,-0.022183690225169951,-0.21613057647120423,0.97611242067818138,-41.659051017344225,-1.462078822716403,-3.8053527242742953,,0.6079612478848826,0.3055555555555556,0,1
0.30733864754320384,-0.94944929402980838,-0.063945240578276982,0.95153544669508638,0.30583914163275455,0.032291068860034959,-0.011101775042667893,-0.0707704564888431,0.99743084626417289,4.5613096789407663,12.39116971910248,-2.2048958200609139,0.5664116097471429,0.5246705627977917,0.7916666666666666,1,5
0.72227900366553888,-0.6772719906219582,-0.14005603015538889,0.69121962513515189,0.70019140965932714,0.17873841128113646,-0.022988490423190545,-0.2259084782788259,0.97387724521615593,-40.960929439510991,-5.1768924005476284,-3.6441246583459095,,0.3983883226521607,0.5625,0,5
0.17054696384207996,-0.98406501927305334,-0.050296828601563905,0.98507550018688439,0.16907346472153406,0.032255580270972847,-0.023237729144846835,-0.055047264874678453,0.99821330715133683,-7.7285559475919392,14.198615424276587,-2.9590708583638063,0.3180815337675247,0.2998727135593034,0.8562874251497006,1,5
-0.99737504969006019,0.067111857103774458,-0.02718471798334714,-0.058715575678624787,-0.9693042731403434,-0.2387503031298597,-0.04237323953250749,-0.23652742908160729,0.97070040891284648,13.699191685921855,-6.8768003284167003,-1.4134607263087071,0.7757867654169859,0.5524817646667162,0.2424242424242424,1,4
-0.098943146110965247,-0.98894836610512249,-0.11041459602640065,0.99491136734024421,-0.10043466405710558,0.0080155719011432008,-0.019016439593946263,-0.10905965080516919,0.99385329279095536,17.522149592881881,7.3213199840270802,-1.3878100057991039,,0.1390592449300522,0.3809523809523809,0,4
-0.74147888216211066,0.67002111911876439,0.035787808573101897,-0.67093598038732727,-0.73979503398794222,-0.050479876272383345,-0.0073469401333071662,-0.061441090661036563,0.99808367126662245,-22.707804050454055,0.98136146152220916,-3.0985358577329745,0.1718865369172486,0.1671999113019453,0.4651162790697674,1,5
0.55303543401143074,-0.82190427340162941,-0.13647407846154691,0.83314723708305238,0.54473648574135447,0.095539742741101275,-0.0041821129426704963,-0.16653986449585889,0.98602585334515236,-7.2354229410043702,-4.9900609160328253,-2.3768993788512773,0.1878126047761037,0.2121595498923075,0.5637450199203188,1,5
-0.9660709401598111,0.25825771045390622,0.003145404560005359,-0.25794290371763595,-0.96413111413303865,-0.062583170120259934,-0.013130003825368542,-0.06127111678183534,0.99803479560977915,-13.9293725119584,-14.003458533404919,-2.5434069940786093,0.3690563460712137,0.3415061038411971,0.360655737704918,1,5
-0.99844761736609655,-0.010819808112853166,0.054637781144232053,0.005141310005583908,-0.99466603037023416,-0.10301968238616495,0.055460998074236309,-0.10257884664939872,0.993177556085863,-0.26226001740919075,9.0738732716794459,-2.3240119114060156,,0.2992937294997247,0.125,1,2
0.91179931541255221,0.41060089218341217,-0.0053773368304869682,-0.40932441981438789,0.9098546866900854,0.067955635908307971,0.032795239849972138,-0.059760827021334208,0.99767385241716644,11.279866515917378,16.240089066617269,-2.0027590763393586,0.1891537350757133,0.2168070118955328,0.2916666666666667,1,5
0.95664165663831024,0.29030173842952828,-0.023698975697339569,-0.2881607605593981,0.95515202270930699,0.068176165836376784,0.0424277840352126,-0.058391045367535602,0.99739178308363252,-3.6938454257374365,-19.086677512264341,-2.2643130955921684,0.2251584625462749,0.1494616574400333,0.6666666666666666,1,5
-0.91759816700618813,-0.38048101561696146,-0.11509909062182433,0.39146250399025351,-0.91524221981560361,-0.095335130128870571,-0.069070340064067898,-0.13253631887936845,0.98876863436364226,13.707580271309523,-2.575732846234283,-1.4074267361403743,,0.2266511575135402,0.225,0,5
0.81021374409943658,0.58609225027653922,0.0070401021409202012,-0.58336577700838121,0.80516225028466071,0.10676198261529318,0.056903946152964791,-0.090606980317871968,0.99425968239182683,20.910698411269216,8.7607450015557955,-1.2369459441960089,,0.1323324558951416,0.5263157894736842,0,3
-0.99493116708148155,-0.083628833194928823,-0.055840764933297544,0.093417983462811979,-0.9741940584146801,-0.20547266707588177,-0.037216302014343235,-0.20964769211224138,0.97706846845878081,1.5275325560144049,5.976427430801893,-2.1697312120251144,,0.2053725743593717,0.2195121951219512,0,1
0.72706475859338582,-0.67123117431022028,-0.14431059367096075,0.68651191652563903,0.71347111741131408,0.14021538106836065,0.0088445056298397436,-0.20101660442355121,0.97954790565147454,-13.775190204975189,-8.1330312077953018,-2.5671970612165307,,0.2615840901289699,0.1071428571428571,0,1
0.9586862690304796,0.28392865531675288,-0.017468722404354344,-0.28153610830953268,0.95581328666539322,0.084607214537668909,0.040719249628927645,-0.076193698715317656,0.99626124233844293,-5.618740939934983,-3.3119277258350381,-2.3311358706190251,0.2631653623748256,0.2109632571661462,0.8108108108108109,1,5
0.74687334678910655,0.65864713348483062,0.091455767495852602,-0.66342374559078643,0.72869706598092177,0.16991032875339898,0.045267401541630246,-0.18757542371806696,0.98120656478371415,-38.665395707317529,-8.3359687041084971,-3.4587927167136248,,0.1209928525850881,0.15,0,2
0.79961782483375032,-0.59778256274920971,-0.057160667255815971,0.60043832749552029,0.79735578170515597,0.060807666093534669,0.0092276260503580797,-0.082944349140539234,0.99651145796881224,-24.452036336823351,1.5246263887754405,-3.1893767292892479,,0.1258403854558089,0.5833333333333334,0,5
0.60908981074313762,-0.77943824409355389,-0.14657976017598007,0.7930480467727955,0.60069749601875788,0.1011796115165976,0.0091868361661764705,-0.17787226293369429,0.98401070122235157,13.407287389048314,-16.19787376180858,-1.5350455143251067,0.4116339593976113,0.5178273463689046,0.825,1,3
0.99665176373239983,-0.061563658815151821,-0.053806856090928605,0.075154516391280304,0.94896214562930392,0.30630482338452036,0.032203423965334821,-0.30932307071397214,0.95041158316225804,-21.470551239458999,-25.630249517329876,-2.6814443094002809,,0.5849069878215695,0.2368421052631579,0,2
-0.35032370395332391,-0.93493668237494132,-0.056273460868889236,0.93615238318192917,-0.35142884299975918,0.010792764735927449,-0.029866668900607244,-0.048899573184118778,0.99835705728521429,8.7212766900181045,-5.5117344551725678,-1.6327756427604105,0.1952361673948749,0.1818816152725222,0.24,1,5
-0.7921659708733475,-0.57427439305850547,-0.20659621503689851,0.60881531128610178,-0.7672207025810921,-0.20178282948403395,-0.042626181319632139,-0.28562442999201065,0.9573931761078337,15.352300407161415,-12.366614627407607,-1.3787309346124528,,0.4216688566133781,0.1818181818181818,0,1
0.96138884011737402,-0.24473662290467718,-0.12583911755485291,0.2738551543251051,0.89587348340842521,0.34987720156538804,0.027108163850456304,-0.37082972795458036,0.9283051547405029,-14.335992554651382,9.7150131043624732,-3.0965142328815185,,0.7446803001333715,0.3761467889908257,0,1
0.99721082356010193,-0.054467330558524034,-0.051028259586351682,0.058212014937131927,0.99548100144047724,0.075026242662314738,0.04671118379513365,-0.077787439043163473,0.99587508234495148,-15.532649503195087,-17.181739419655624,-2.545943512117947,,0.1050359871498085,0.5185185185185185,0,2
0.95055075785840504,0.3100970305510683,-0.017119824129400326,-0.30718721579733599,0.94688288024422274,0.095125314985475065,0.045708546088151988,-0.085162449141712282,0.99531808286129952,11.0287566628964,9.952206729113815,-1.7672253649753045,0.2368769329044901,0.1921615152332832,0.48,1,5
0.19223946264037237,0.97985450098054494,0.054121584528805104,-0.98076473549307763,0.18993155587785918,0.045017082257846341,0.033830793915231139,-0.06173460123774558,0.99751908071629491,-4.3322748384218919,-6.7351236554502929,-2.262404835545285,0.2141155595144492,0.118441045766972,0.4444444444444444,1,4
-0.71299419322368707,-0.66247175302662886,-0.22971821188388394,0.69990728875050046,-0.69208298664215817,-0.17649625138906977,-0.042060285106348946,-0.28662225322241697,0.95711995923942439,-11.961784291741026,3.111898229278125,-2.74291901003145,,0.2507830687992582,0.2958579881656805,0,1
0.82513796996810351,0.56463593742693052,0.018264410281440938,-0.56311430566448439,0.81946326687479132,0.10668754847169634,0.045272610626326232,-0.098316897880814019,0.99412483034987653,-11.590500917613708,4.7825589725350559,-2.7780571115116071,0.5544585464559698,0.4526749345223917,0.9020172910662824,1,5
-0.81165700588650347,-0.57810004094568312,-0.083745133912097244,0.58391288275454267,-0.79902062646648719,-0.1435680460073944,0.016082603913402639,-0.16542787292261546,0.98609075074846053,-18.021214053083241,13.322176159931828,-3.4191427233898226,,0.4614410545729053,0.3125,0,2
0.99028937777507697,0.13901288758038496,0.0015379702254375786,-0.13371772141241842,0.94942495442112429,0.28409826979887981,0.03803313353014643,-0.28154515270025438,0.95879393393203571,4.5667279566758046,2.5139718691550197,-1.9319794957845997,,0.2306917898617618,0.2564102564102564,0,1
0.88131152204201169,0.47182587687107103,0.025890983581879953,-0.46133686816553715,0.84727443366731603,0.26323815856547467,0.10226580653965403,-0.24393928746426474,0.96438339307778431,7.8589643859453533,-20.599041485492041,-1.8820114305915714,,0.7458812222804442,0.6595744680851063,0,3
-0.50811031506314797,0.85456034997947927,0.10747332678101544,-0.86129030081576763,-0.50438585113018464,-0.061432327811697211,0.0017103938474168686,-0.12378013339235618,0.99230819463020548,5.9140081844932277,3.6920037065852185,-1.8869565169087434,,0.3706412984444553,0.375,0,2
-0.047880101351308546,-0.9962119352230272,-0.072589778989740381,0.99870206004884488,-0.049010004629764091,0.013864151628697379,-0.017369258728610823,-0.071831744830412159,0.99726551594138479,-5.9410826270102843,-23.187999331705779,-2.3606077580279146,0.2763729259019007,0.214993809840887,0.7567567567567568,1,4
0.70493630948468422,0.70030101001091305,0.11244240724837963,-0.70831785252726354,0.68687221980778357,0.16276477950556451,0.036750773614724966,-0.19438376741390909,0.98023687525245451,-42.578077674582424,-3.7091630559531739,-3.7617727461844956,,0.5109571344245128,0.6428571428571429,0,3
-0.53183568085650135,0.84674266617274641,0.013329135402271939,-0.84622363642919718,-0.53077391913847893,-0.04673974658603406,-0.032501780204305664,-0.036137294379211413,0.99881816675434087,-3.1262469042127736,-32.740784017603872,-2.5488828639293719,,0.2440890820727561,0.2777777777777778,0,4
-0.13586914522458232,0.9905119632425432,-0.02063070646734777,-0.99051859595510483,-0.13538425233537682,0.023324135283355665,0.020309762260218814,0.023604128727651309,0.9995150617494164,6.6439681182846257,-7.9293094874195855,-1.7774685592894113,0.2485463665434785,0.2161371847374181,0.8333333333333334,1,5
-0.50198368993357256,-0.86361025269333103,-0.046794299691702936,0.86413569366799337,-0.50305851541940527,0.01419975327113859,-0.035803323443669745,-0.033308580080605193,0.99880361459267997,-6.615080712556261,-17.560114470231159,-2.3410754722193436,0.295741276700037,0.2647244413275097,0.7758620689655172,1,4
-0.7787622619069301,0.62718755333536003,0.012849605861986932,-0.62728154991029428,-0.77832786222019523,-0.026899740405466558,-0.0068699761093285157,-0.029008823363713913,0.99955554702843397,22.540407888750426,-10.868439692194814,-0.96776817977356588,0.5044037049793743,0.4669595035592141,0.9166666666666666,1,5
-0.9987981717287292,0.023958181529402534,-0.04275766234437877,-0.018997548742798291,-0.9934282401873008,-0.11286906015437202,-0.045180806689530457,-0.11192112015241104,0.99268945676415654,22.619214599070457,3.7615627678970309,-0.96662793333100772,,0.1632846696761034,0.28,0,4
0.94530913632886282,-0.30095236432080902,-0.1257708677830188,0.32243330508847767,0.92044365248767546,0.22095304108535607,0.049268656800235587,-0.24942164502075842,0.9671408596746589,-38.384738094450512,-12.314848637260937,-3.38589976380907,,0.4067420655389959,0.4444444444444444,0,2
0.96018495809448356,-0.25873748000194269,-0.10535541130545335,0.27560265247827076,0.93899577414980129,0.20574283481025124,0.045694903392374545,-0.22658740602924321,0.9729183538370022,-15.162435478819269,-9.4937475170959562,-2.5899787902511604,,0.2898949713751123,0.25,0,3
0.070287531135311082,0.997023059304879,0.031696721932137559,-0.99688592273066712,0.069068096478781635,0.038053319306271434,0.035750804582974159,-0.034272689756397787,0.99877287844060547,30.742453341820259,-2.8758720317277882,-0.42946220104168953,0.4537809207935747,0.5031756449073124,0.3571428571428572,1,5
-0.49286888851850325,-0.85853171025151709,-0.14143394650203805,0.86925377938338766,-0.49302140584786264,-0.036438446776646573,-0.038446401108982932,-0.14090136929215077,0.9892768461726803,-12.49330773082437,-17.301879488878946,-2.4571353974311512,,0.8306049127012314,0.3823529411764706,0,1
-0.78486541290170309,-0.61828643481224976,-0.041329991021018961,0.61821492889989416,-0.78584575288848435,0.016023556173048206,-0.042386145330034729,-0.012974482428579379,0.99901705565509358,-5.4281354153996322,2.5788268608976757,-2.4319467278950913,0.2998553911473704,0.2340464957093346,0.8670618120237087,1,5
0.99417172442122159,0.10170076428235288,-0.035770615115211693,-0.099829218148550058,0.99371165234845582,0.050707782348981552,0.040702697271612284,-0.046841290879818663,0.99807273477614256,6.7056222016954035,11.889797603531994,-2.06060904923801,0.1464355676948516,0.1259811228663512,0.3333333333333333,1,5
0.64335442888573902,0.76487877863420439,0.032488964713451737,-0.76482352573206935,0.64027770901863412,0.071340239841311215,0.033764675622177213,-0.070745383799205364,0.99692278404660406,-19.112494036911574,47.428475222040021,-6.1245247503166933,,0.6369629326138336,0.9591836734693877,1,2
-0.22169521543941517,0.95457054458933666,0.19911380377485333,-0.97494713899987251,-0.22078661851223833,-0.027043395531941142,0.018146834634089323,-0.20012082472434195,0.9796031583781335,16.272559407993654,-14.827292636886444,-1.375960446596721,,0.4792979500203995,0.2,0,3
-0.26716085994163957,0.95471111219579274,0.1309647554310587,-0.96357050632974739,-0.26642660616349567,-0.023425261143406956,0.012528138196830255,-0.13245208861348678,0.99111023099110773,0.97478329202939906,-21.617272952619469,-2.1806714489932513,,0.1451845670506474,0.2631578947368421,0,5
0.86232588042818326,0.50548192719389251,0.02970012161772807,-0.5047986507690303,0.85360414313242228,0.12860127918854564,0.039653475579396323,-0.12588879262075842,0.99125153909941688,-18.09073440688179,12.010650937159685,-3.3601330799565821,,0.1494967501406947,0.3846153846153846,0,4
0.9864499668656167,-0.15237097628128818,-0.060823913536621449,0.1597622767218542,0.97646500425782223,0.14488654318610919,0.03731591895522602,-0.15264069263095506,0.98757700517259339,-16.098358583877204,8.2397787958607207,-3.1023565460881746,0.2530627755689046,0.2877248881299931,0.8881118881118881,1,4
0.045335214299693984,0.96394190123996992,0.26222267136590865,-0.99887954529028777,0.040173557683131661,0.025014780905467441,0.013578377851174394,-0.26306291319179259,0.96468312484358221,-9.7970337553961464,-0.14744990641153283,-2.5584139445211371,,0.4160994861600922,0.2799352750809062,0,2
-0.68006043274751304,0.73315571655861977,-0.00070928744751599861,-0.73312426594339741,-0.6800396329813001,-0.0086549557834848523,-0.0068277738847110254,-0.0053658971362242625,0.99996229361496602,-13.901352888129512,-19.278438310495218,-2.4831706164692613,0.4849610316066661,0.4445803936520971,0.9148936170212766,1,3
-0.39628159114527012,-0.89636185297891913,-0.19873683363577097,0.9177692001672646,-0.39279438024796931,-0.058414639175071156,-0.025702057188344694,-0.20554319100815019,0.97831048286649502,-34.961463588463928,-5.8780198273696866,-3.3674275960822984,,0.5508185631464867,0.3214285714285715,0,2
0.30580546787912122,-0.93956111526287112,-0.15397378511039275,0.95162051329968544,0.29653015450924725,0.080549774263896798,-0.03002356545240099,-0.17115717382777593,0.98478617342284702,-7.837750082774491,4.3700051067424237,-2.5814387293940295,,0.190922596042279,0.5837563451776649,0,4
0.22219722462323974,0.96087774392666081,0.16535523758303097,-0.97449281234857577,0.2133852096673477,0.069501877501157938,0.03149844521073062,-0.17658061479571638,0.98378205636597882,-17.067172239546522,10.220610821057015,-3.2266339353485014,,0.605375085387202,0.5087719298245614,0,1
0.71781686657836918,0.69621091340629659,-0.0054138811940232234,-0.69485806626297164,0.71686698150164496,0.057218865612706615,0.043717431362062541,-0.037310787805825398,0.9983469794156804,12.915699729183922,16.762506611522596,-1.9391743980626097,,0.1135994104828287,0.3076923076923077,1,4
0.96708084230934999,-0.25078530141276201,-0.04314367895240287,0.2529660273758913,0.96585147695698947,0.056027791797120051,0.027619439384204265,-0.065097289154861959,0.99749662130394723,6.4032532944048715,16.124443055972204,-2.2815659881253447,0.1540738381412948,0.1667387478255478,0.65,1,3
-0.1897473469785993,-0.9750567392728775,-0.11515337386775387,0.9817984096759762,-0.18941494984710297,-0.013923344861904762,-0.0082357192950646644,-0.11569931708079843,0.99325014017352631,18.507055316146673,21.91833542478108,-1.8613426421507726,,0.3507830706185448,0.25,0,4
0.96194173384310522,-0.2545661947687895,-0.099318443261359995,0.27190000637833867,0.9278564502133968,0.25525045412076064,0.027175121386678582,-0.27254074975741488,0.96176039245712652,-23.833408564633832,30.789432490218516,-5.0385385046073639,,0.4211417628124805,0.25,0,1
0.51889159535935858,-0.8033311428324873,-0.29225089772466062,0.85293833353674031,0.50933227369020673,0.11435398620569849,0.056988695800031172,-0.30860931601786523,0.94948016230882737,-3.0303791727779674,-15.142329133767483,-2.2293644991623744,,0.3243451697779228,0.2058823529411765,0,2
0.020608445243764189,0.99955995767495398,0.021335018103564755,-0.99938299821830945,0.019988357626628154,0.028880589183271688,0.02844142852983414,-0.02191703840017354,0.99935515637382288,14.425563418603943,-18.147461248318084,-1.5276293049727829,,0.1664186469088798,0.4117647058823529,1,3
-0.13493621449888132,0.96948668872660948,0.20466503951243581,-0.99076870626818569,-0.13472963988160272,-0.015009824017613351,0.01302262248465939,-0.20480108524929422,0.9787169799203107,9.7323845332743737,8.8695257401922625,-1.7999305274942528,,0.7725082413250519,0.2222222222222222,0,2
-0.6871572384085749,0.72544790226920131,0.039246283848496669,-0.72647990706485577,-0.68564549382917361,-0.046013057090213874,-0.0064710380728262625,-0.060129841883744248,0.99816958868786232,-4.52346369389877,0.13069208796465173,-2.3387428177351941,,0.2777491904636547,0.3546099290780142,0,1
-0.80646924985222068,-0.54912877982804353,-0.21923715973201155,0.58973475317248603,-0.77378503496121875,-0.23123503318193672,-0.042664621683338823,-0.3157757160305848,0.94787416212384867,-11.560732501230369,-25.841434835445074,-2.5277009846621623,,0.5608513064317479,0.2352941176470588,0,1
-0.84154872494515098,0.52097015006592207,0.14277901205528085,-0.53993130464919348,-0.80320514422027767,-0.25166581523501236,-0.016429540559956393,-0.28887990417883724,0.95722435779633985,-2.4186370870862635,4.3508160380488254,-2.3087145987341207,,0.5674024155551221,0.3586698337292161,0,1
-0.8006143581332974,0.59563468684240295,0.065084325155605194,-0.59882677667409256,-0.79167893840396186,-0.12104110882544038,-0.02057039350437068,-0.13588148629496219,0.9905115247150571,-3.2078498439783463,10.302910922488902,-2.5375973326301939,,0.4962734196203655,0.1645569620253164,0,3
-0.1548487776690923,0.97801745876363066,0.13965567087633832,-0.98776348801928071,-0.15592498813248329,-0.0032695277749842469,0.018578153578179806,-0.138453054965996,0.99019473023249849,-2.2514008413855731,0.20690459840667214,-2.2252165224550429,,0.2603514100087461,0.2002967359050445,0,1
0.92396836794124759,-0.35479386895806336,-0.14284175017744441,0.37794086701923713,0.90426199209812352,0.19867297421511662,0.058678412391051593,-0.23755327864818349,0.96960057947732459,0.32498681705869381,11.847349192476937,-2.3979698433213987,,0.1553289763212144,0.3846153846153846,0,4
0.77181969415420337,0.63182928297526664,0.071317016838010991,-0.63441722374627285,0.75772863330447204,0.15284666985122458,0.042534056117238442,-0.1632148138052977,0.98567326159570678,-0.99111849809860164,4.7732247996955381,-2.2477731785816157,,0.8116771135311116,0.3693379790940767,0,1
-0.36217146564915431,-0.92749260973963699,-0.092678413602637594,0.93180045032425229,-0.36282495066635939,-0.010294462077982038,-0.024078003344640133,-0.090086147949127407,0.99564287558472686,-3.8430647306052128,-16.561361444268734,-2.2693815587144375,0.2844830455887219,0.2204315642271767,0.5409836065573771,1,4
-0.8995939745460233,-0.42662025280250254,-0.093412209369107643,0.43466973359921551,-0.89537273813990625,-0.096798153332770781,-0.042342693032873996,-0.12768249564672679,0.99091083183712747,-0.65057063725973951,-27.372887350123179,-2.3734115944837404,,0.1524408594777927,0.5384615384615384,0,2
0.19678559222839959,0.95693373994631337,0.21343206892048922,-0.9802550203430348,0.18772620613045715,0.062120581324891691,0.019378487649850031,-0.22144229244710134,0.97498091536818199,-21.446232280222262,4.8553255175254568,-3.1899074723990464,,0.2259428560253186,0.12,0,2
0.56676127691770606,0.80307885334513585,0.18397285206375846,-0.82291460499284663,0.54098337891114889,0.17363333963079705,0.039915008155814051,-0.24980260017009143,0.96747374800155839,22.939502246715819,-11.860543142210254,-0.96915151694812163,,0.3341741127700891,0.125,0,1
0.22570573182117995,-0.93277949401933391,-0.28103262828380199,0.97406809657916815,0.21141625627131599,0.080588521582531811,-0.015756454223670412,-0.29193420854921615,0.95630860710810317,16.031230534945902,-9.6522149977470004,-1.3103361416596093,,0.398776445091041,0.4107142857142857,0,1
-0.79178327481170008,-0.60650414614698156,-0.072332333261010559,0.60982704994531045,-0.79164542070614785,-0.037529948441045055,-0.0344994910608937,-0.073825798888388,0.99667423792081222,15.147918543737976,-22.907506804208975,-1.6093583737986492,,0.2509958631934776,0.631578947368421,0,3
0.52176416125290848,-0.78968422022425344,-0.32273982146748181,0.85308635024656643,0.48191070931421404,0.20001436766208547,-0.0024164136735441775,-0.37968526515666134,0.92511256632253902,-11.719256500187683,-24.073750174342688,-2.5264897517322615,,0.5386512460240972,0.2666666666666667,0,1
0.70756285163468557,-0.69148692803625111,-0.1456043932770604,0.70652495158648421,0.69613946704215601,0.12732766868194659,0.013315546263992506,-0.19296546525544911,0.98111519478929687,5.8721765754271527,-15.543528781522701,-1.8603520379898408,,0.1387594006389679,0.4,1,4
-0.89468669141079915,0.44008531358869463,0.076554823335537994,-0.44661093428974097,-0.88459459726961009,-0.13427982668389996,0.0086254034827266471,-0.15432859503330484,0.98798192654005779,37.024434809405477,-4.2296582425413698,-0.058970105911772111,,0.7103891296463063,0.1578947368421053,0,3
0.4959726618928112,0.86648215559291342,0.056743217163100143,-0.86668623200283323,0.48994221113932895,0.093870149678358855,0.053535912355085369,-0.095735593083057888,0.99396609716093698,24.646713781360798,26.888167551520649,-1.6542976011778958,,0.2972407338085292,0.3636363636363636,0,3
0.51825701948846636,0.83661956022623474,0.17741863824805856,-0.85493127376142941,0.50137244566710126,0.1331096836088633,0.022409348397344559,-0.22066577027861298,0.97509201562301551,0.014234354759240619,0.25532102952273256,-2.1176400028868936,,0.236768451209241,0.3558282208588957,0,3
0.15748708893374788,-0.93570743594455852,-0.31567294964446191,0.98734820440788362,0.14321737059559989,0.068061060910123788,-0.018475390975641277,-0.32239785836407747,0.94642394351081083,12.324059906648657,15.10323952304422,-1.9080076154175454,,0.7569088652209808,0.3,0,1
-0.73910586479258877,0.67051351924375924,0.064297287194321817,-0.67284562058802966,-0.73043449588339882,-0.11723573720958513,-0.03164319017908087,-0.12991176903927723,0.99102050472246872,19.866217106163901,-14.802850094242391,-1.1792380305545169,,0.54836794337151,0.4117647058823529,0,3
-0.78660032594999008,-0.57239829347875459,-0.23156018837006448,0.59853838110959945,-0.79897700952120188,-0.058202616738922422,-0.15169618833072315,-0.1843798575744309,0.97107792404459647,17.609635307794925,18.441038522006835,-1.727630725827547,,0.3536857904244701,0.4074074074074074,0,2
0.80393017029185865,-0.58752667715417406,-0.092242533175748112,0.59456403822903992,0.7975819678495959,0.10176742605541282,0.013779903456874975,-0.13665799718034111,0.99052244097111608,9.2034144943047203,2.7679409526519181,-1.7028580825661455,,0.1921180106895047,0.3846153846153846,0,1
-0.90062366428961338,-0.42682427134022261,-0.081841656364218446,0.43459010313507918,-0.88323038102005058,-0.17616905602352062,0.0029081916360533398,-0.19422959465041659,0.98095178626849122,-1.8422160601368456,10.783960529395875,-2.4616621834393531,,0.3587436470610198,0.2272727272727273,0,2
-0.46786718820445183,0.87935613767090404,0.088504674126116234,-0.88378432477414082,-0.46608057818876103,-0.041160198235018652,0.0050558367433933644,-0.097476549876061011,0.99522497996135717,-1.7424367545759754,-8.5253778962831763,-2.1386786964797624,,0.08697620725234954,0.1851851851851852,0,1
-0.41369747548521874,0.89690775719291105,0.15623979603270433,-0.90989270125892907,-0.40151744345409363,-0.10430251577895926,-0.030816732028043973,-0.18531113752085393,0.98219657469258193,36.975219208736668,20.636064306141851,-0.68589170087421958,,0.2507616137616738,0.1,0,2
0.82657035462389372,0.56265628958009273,-0.014119088245852228,-0.56093099903561483,0.82557806021901292,0.061459586769838918,0.046237032537115058,-0.042880838156165786,0.99800970463276917,-4.903455189553001,-10.143993570973834,-2.2648756374647032,0.410633930902788,0.3579199266614441,0.7203389830508474,1,3
-0.95036392552123505,-0.28993718138903829,-0.11289304635826072,0.30844335158302005,-0.92559374297314367,-0.21940583819306089,-0.040879187028387734,-0.24333650325659339,0.96908009898601899,16.81831461003776,17.037785016001582,-1.723068626544324,,0.641205376591095,0.2131147540983606,0,1
0.96072926856320084,0.27725702509487693,-0.011305510229784614,-0.27452797316095318,0.95562822313307849,0.10681334702954255,0.040418615490339607,-0.099515029955546563,0.99421481297292602,32.51531725073631,-2.1854403489703125,-0.27417873666743298,,0.1188260356173178,0.1818181818181818,0,1
-0.86970543405128109,-0.4896304994699196,-0.062244935300078463,0.49317158671919731,-0.85699012634577865,-0.14949819195801789,0.019855579431055096,-0.16071682343390303,0.98680082014091053,0.77267444851609957,-7.3564387643877227,-2.0257791951209705,,0.1710351335852329,0.1990950226244344,0,2
0.97608497392022575,0.21542666491836909,0.029145766919092236,-0.21415701149980196,0.92985625775046421,0.29917238232794269,0.037348334803937538,-0.2982594373434842,0.95375385185220707,4.3165308405581353,1.054665600496949,-1.9286000632477813,,0.5197516104024844,0.3293460925039872,0,2
0.97167856737435476,0.23241690750913707,0.042698276419678501,-0.23628812675571395,0.95786363896870808,0.16329473444021614,-0.0029466692379242179,-0.16875908937154835,0.98565292415479022,-24.862313979354553,4.0614442939598066,-3.293829470279539,,0.2165467770329011,0.3333333333333333,0,2
-0.71570883373648342,0.69661380528903782,0.049900617153391724,-0.69835114075939142,-0.71299632224033727,-0.062784780574673127,-0.0081577884024689237,-0.079783774995169018,0.99677881184137374,2.1685376904679274,0.63427406825446608,-2.0390641674824521,,0.1872956560788666,0.3111111111111111,0,1
-0.8296569637297232,0.54988903646577048,0.096391753327374124,-0.55805632446085451,-0.81206297060581289,-0.17066596175015708,-0.015571167715367699,-0.19538623120785995,0.98060275310156575,14.220380287274496,7.4685421835730379,-1.549117374383953,,0.4507694212629862,0.3783783783783784,0,1
0.056456902347570462,0.99828087216212191,-0.01574542640108436,-0.99805989112090032,0.056845008490897318,0.025398794172325764,0.026250179295677994,0.01428094131718536,0.99955339167152113,22.522436021475386,5.9076273737510032,-1.0492164845723142,,0.08720312037347981,0.4,0,1
0.62671297087261091,0.77882756837405509,0.025660687453456583,-0.77817437220861863,0.62377856241067042,0.07310917531063385,0.040932854502826764,-0.065786957806508964,0.99699377009328205,4.3874792733491157,10.794664653026913,-2.1448079064770162,,0.09432658115991464,0.1272727272727273,0,1
0.99937379190281939,-0.0017793694198068302,-0.035339183666981216,0.0053987329484080637,0.99470922120187766,0.10258859068388773,0.034969668862209008,-0.10271513569295587,0.99409593257353446,-4.549556682152371,-19.799825427727665,-2.3006008301298153,,0.3699575037998332,0.1764705882352941,0,1
-0.8502616942037371,-0.52131548715496223,-0.072699478830155151,0.52463187460812577,-0.85053104914325339,-0.036855536740656877,-0.042619801911266422,-0.06947731497159701,0.99667269210578013,24.419764870231823,-19.378830477071851,-1.0259374565496251,,0.1761666679962574,0.3846153846153846,0,1
-0.59559542973669688,-0.75160232571477903,-0.28347844372525954,0.80226669279273299,-0.57432932029671335,-0.16283115636427339,-0.040425706081283666,-0.32440680607479738,0.94505343047902779,-29.156123153078621,-12.008256359755435,-3.0027227690295244,,0.6517820542351291,0.2394366197183098,0,1
-0.45068162657563732,-0.8737675826145852,-0.18280121180944728,0.8918961158824219,-0.44934714683348737,-0.051073085930402926,-0.037515196134203968,-0.18605739223279719,0.98182241614995924,28.020866346990427,17.98764535590098,-1.0851872735604544,,0.215564287347097,0.3333333333333333,0,1
-0.67705427202750001,-0.72801267497491062,-0.10768035013496205,0.73475382711049553,-0.67697419856362451,-0.042927241066936531,-0.041645243135233094,-0.10818262131698518,0.99325837231265957,-18.755742492578189,-15.882778984607262,-2.6084907340708994,,0.4080035332785904,0.78125,0,1
0.20462894307531276,-0.97435918096179563,-0.093547753213742854,0.9786986901214102,0.20204130113705995,0.036444294333678684,-0.016609322999940581,-0.099012620964717357,0.99494755202431684,25.035083568481362,6.8144217735441179,-0.92371132294576552,,0.1481704749366127,0.4333333333333333,0,1
-0.97617380065601234,-0.18983386490308563,-0.10510858503830457,0.21336942431300165,-0.92787505414812166,-0.30581264306427897,-0.03947403806472944,-0.32095324834869476,0.94627206061115787,-10.047740407830531,5.8119771366533719,-2.7383734221168941,,0.6397215912928849,0.625,0,1
-0.54636086082065538,-0.7905787004559911,-0.27654136787943551,0.8366164350374774,-0.53072943404026318,-0.13564368200725394,-0.039531637817012452,-0.3054694522020473,0.95138092443715017,-36.525527034275875,-2.3279661161616216,-3.533086238690275,,0.7558448322958244,0.775,0,1
-0.43013220822483317,0.8840795291408996,0.18272840392679549,-0.90273997871823553,-0.42275085969737686,-0.079638190894371921,0.0068420955436529242,-0.19921118638051952,0.9799326961324627,0.31385634053851047,-19.362919419102454,-2.1491534342340408,,0.454914759873866,0.2837837837837838,0,1
-0.95438751630985075,0.29548975138182998,0.04278171969683775,-0.29741104624558073,-0.92825381584476918,-0.22336410396644824,-0.026289508991680026,-0.22589966843253539,0.97379576992254746,17.45186425800998,-12.807154164082428,-1.2973562444319875,,0.3167784302386297,0.25,0,1
-0.35623592481995403,-0.89466902495676703,-0.26956131334184413,0.93373221807437179,-0.3517201968157298,-0.066611170848575027,-0.035215206908176769,-0.27542737506430287,0.96067666270582541,-14.766028811733948,-5.9848259709159697,-2.6241277177516382,,0.5522653643259888,0.2666666666666667,0,1
