axis_00,axis_01,axis_02,axis_10,axis_11,axis_12,axis_20,axis_21,axis_22,location_x,location_y,location_z,dbh,dbh_approximation,score,reconstructed,number_clusters
-0.86021826207982355,-0.49330050636724193,-0.12914779131750084,0.50992463669802157,-0.83275868618024296,-0.21561501682337406,-0.0011859480412903889,-0.25133161561804351,0.96790031125011289,14.421803416746306,25.12237683476036,-2.0855716126353401,,0.5675367196051042,0.391304347826087,0,2
0.94742650566370801,-0.31413771466704016,-0.06083183861783803,0.31974393405945273,0.92228019601454148,0.21717057045457294,-0.012117466651152396,-0.22520376609450732,0.97423633207698124,-14.825915002979119,6.5299316254444202,-1.2297532315742299,,0.2121399671612969,0.2903225806451613,0,1
-0.99867607663649782,-0.051271175854479122,0.0041665909842090489,0.050699036594513691,-0.99475301734345267,-0.088859676875867627,0.0087006690730527889,-0.088530791324795632,0.99603543980376796,-2.770021390203528,2.3265697164432519,-1.2187508402001777,,0.07201087903877894,0.2142857142857143,0,5
0.48734794255383879,0.84862500917750494,0.20573666830932111,-0.87318925038050366,0.47515644539050261,0.10847527563364567,-0.0057022722202069321,-0.23251224957481628,0.97257675167011082,-1.7621432480242738,12.430418590540178,-1.5503840304509258,,0.2856691463879703,0.3,0,5
-0.34436269263711433,-0.91685581413688633,-0.20196472960173895,0.93878852976037774,-0.33846191486669253,-0.064184332785495776,-0.0095095904256597905,-0.21170486122939877,0.97728737811442989,1.0343781968839496,15.809024122595464,-1.6702024448584518,0.6148255840049938,0.6438072086320981,0.9333333333333333,1,5
0.71618889134701103,-0.69718016181850639,-0.031832277296171337,0.69787287769288475,0.71496141784474387,0.042469018991318254,-0.0068497074237427709,-0.052630722588184353,0.99859055100078631,-6.8700343027931732,-7.666112286997854,-0.80684963896343664,0.3938743167170323,0.3200667897179874,0.9022222222222223,1,6
0.99852449436101842,-0.054060971969134397,-0.0051230333617483656,0.054259199252170626,0.9894703649355977,0.13418023778011504,-0.0021848243834161865,-0.13426022577058114,0.99094370088236916,0.32141594987055133,6.6354677254690815,-1.411033418192752,0.5947350941506191,0.3020924187159598,0.1666666666666667,1,3
-0.62412742843506996,-0.77616616014049322,-0.089616097481364718,0.7812936721317838,-0.62097192919584432,-0.063040154168785806,-0.0067194465441547252,-0.10936157919284996,0.99397932273995848,-16.327856069152869,7.164887761423766,-1.232580322791262,,0.07197380272276818,0.1538461538461539,0,2
0.99019762055146099,0.13932395717070292,0.0098745740425257387,-0.13959559819027173,0.98952952596888488,0.036665872438733135,-0.0046627481301646451,-0.037684906714617453,0.99927879322328506,2.8705390888908919,-2.5450078005982788,-1.1682001480743585,,0.09625303869201668,0.5779816513761468,0,5
-0.29795377328155775,0.94916501879316784,0.10153480234209568,-0.95438308573538766,-0.29836430147250342,-0.011474723047872252,0.019402954658568009,-0.10032203499825623,0.99476580894415889,2.5697182995594683,-17.822612466414391,-0.60734772165300832,,0.1707984348259278,0.5714285714285714,0,5
0.55729401272270485,-0.81887145612401535,-0.13737875282867157,0.82945529238507687,0.55657212002786283,0.047237624221344025,0.037779641578666458,-0.14027477874880298,0.98939157320504911,14.659501722256296,0.49277012502758349,-1.4953562311270157,,0.4308798068770217,0.2631578947368421,0,4
0.17057898379488665,-0.98036715611145764,-0.098909299388059077,0.98532199189777259,0.16904262424544161,0.023773167033857821,-0.0065865446259102765,-0.1015127105644771,0.99481243811270437,7.5522027066434543,-3.6630577259291961,-1.2430723694152843,0.6008502054335745,0.4367922014968584,0.2,1,5
-0.69902192989405953,-0.71189851416751093,-0.067593247098169634,0.7148035489361354,-0.69288097815501282,-0.094719779028762274,0.020596794786797528,-0.11452709564571308,0.99320658294609965,-28.45597713104365,1.653491886692493,-0.82806902541635752,,0.2268870818983077,0.2777777777777778,0,3
-0.91444820371174795,-0.39823026376752163,-0.072091190502098335,0.40467386321147053,-0.90189400891250415,-0.15108362294185759,-0.0048525417941237894,-0.16733156817344266,0.98588873567495161,-18.640845229498133,-22.248324113325591,0.0093416135540019766,,0.5730775902598055,0.3829787234042553,0,3
0.9726004538812647,0.23193779736931661,0.015912738966878597,-0.23248165963192285,0.97054839355604139,0.063151355492768471,-0.00079689694750123183,-0.065120456979793226,0.99787709215012932,1.8984763206314641,-16.795811404528472,-0.64326491144818743,0.2757080171514793,0.2515671370006132,0.4651162790697674,1,5
-0.61189849422081755,0.78257057064345947,0.11473244847499248,-0.79034048705482596,-0.61059978355990696,-0.050297304485784837,0.030694417932860086,-0.12145454408693598,0.99212229408898889,-12.985577165279285,-18.092167623236982,-0.3011281212863357,,0.1526060776760323,0.4545454545454545,0,4
-0.11444685244516732,-0.96943579936832169,-0.21701647142209449,0.9933216773761584,-0.11488712899558901,-0.0106298093005039,-0.014627481670070904,-0.2167837136277852,0.97611006463704553,17.36903813055142,-9.8239075703342209,-1.2048650215831087,,0.3204382169258052,0.3125,0,4
-0.98954682215709655,-0.14337949822343879,0.015472758253933969,0.14103678434565245,-0.98456361658603886,-0.10364897663004483,0.030095053085643524,-0.10038328737500371,0.99449358137474053,-16.04442736692738,3.316055327587879,-1.0926169541726043,0.5267914685173466,0.4312168186277575,0.1428571428571428,1,5
-0.44929605310151871,-0.88925315481627276,-0.085801417917796288,0.89289022677719965,-0.45016170889374385,-0.01007366723820048,-0.029666472543242339,-0.081137306432807907,0.99626133012963547,-4.107149356587148,-2.351916609593506,-1.0494958405853054,,0.1960685526870664,0.2731707317073171,0,4
0.0266903471798569,0.99652099107268222,0.078952768912424892,-0.99953360860979057,0.025431637182162698,0.016905534292804374,0.01483882161457069,-0.079367160600306838,0.99673500148802663,-8.9020321772983575,6.8038240554111926,-1.316025344641842,,0.07048366437363128,0.2666666666666667,0,1
-0.8394680271693471,0.52721366309614115,0.13167833840520127,-0.54314112106513535,-0.82165633984515563,-0.17285422123966557,0.017063234409514582,-0.21662551243335099,0.97610564663589328,-1.3855152254455367,2.3330954004837086,-1.2468982607092631,,0.09913397814597966,0.1584158415841584,0,4
-0.53231825475812333,-0.80912974548899264,-0.2488901979110173,0.84621132279397382,-0.51683693854484469,-0.12963786534368191,-0.023741794930881049,-0.27962230583505315,0.9598164893629143,-12.639063663047075,6.1040583465156288,-1.2488772951561655,0.8240177394805976,0.5793099843109056,0.5391566265060241,1,2
0.69743527984645859,0.69844719536769717,0.16048534421712868,-0.71564876634361874,0.69059529710435563,0.10452262361902054,-0.037826890651344466,-0.18774890385923676,0.98148839801767707,-12.686250903812203,15.564733079036547,-1.5745438333798034,,0.6199035977877915,0.4683544303797468,0,2
-0.69073590063872103,0.71356237606686113,0.11710102916128037,-0.7229254820029607,-0.68507678491148827,-0.089713690405231764,0.016206882476352477,-0.14662378469114248,0.98905955468982942,3.3347558778724635,-11.958953989280078,-0.83784318594269624,,0.214283238122514,0.2916666666666667,0,1
0.68875282810336402,-0.7244511415405428,-0.028108456027028501,0.7248340794102931,0.68726109294543625,0.047830402976330087,-0.015332941826402165,-0.053317292167266786,0.9984598976678527,6.2255970517913557,-2.5475103465004469,-1.2522957436710447,0.5783405135102264,0.5170235570102937,0.9664429530201343,1,5
0.42211359660654224,0.90610758141683279,0.028092035505237718,-0.90648340856836884,0.42152802843839737,0.024534694436839276,0.010389492295621142,-0.035821392208788279,0.99930420108696805,-13.473232126707485,13.689425967941062,-1.5105456243938442,,0.07199315984280774,0.3478260869565217,0,1
0.99087302823497547,0.13464217570591847,0.0064904882425385014,-0.13471228769632287,0.98736856582563814,0.083402126849654076,0.0048209397499950129,-0.083515266512172726,0.99649483631342917,7.1579441996807374,-19.679010462904134,-0.59801063822225597,0.2549786534585085,0.2646239458925898,0.4705882352941176,1,6
0.99811641170597654,-0.054039618071573342,-0.029040460772224459,0.060151705660055517,0.9550966387514741,0.29012442667211025,0.012058233260750601,-0.2913247849468239,0.95654820510328442,-16.980816448711202,-13.517846963790342,-0.3778562366795406,0.713064845988053,0.529818658202867,0.45,1,3
0.94549926742824009,0.32458606412598356,0.025981190655221875,-0.32562420421346994,0.94245690007944183,0.075788317853029724,0.00011367939335057019,-0.080117903541283328,0.99678538743760858,5.9641463305155602,20.061520466275795,-1.8830983970516608,0.7176839879069152,0.6898888984531318,0.9375,1,5
-0.83117787181235692,-0.55543960313512042,-0.025103638751806753,0.55600315002768175,-0.83048427550430692,-0.034005371625393195,-0.0019602471212453883,-0.042222214640944167,0.99910632168054925,-16.931999659896164,-0.39364790529532268,-0.89249417963817779,,0.07340993762536188,0.2093023255813954,0,1
-0.3211535422145867,0.94205805420275845,0.096886659735690397,-0.94688242779951814,-0.32120804383451929,-0.015461581435753095,0.016555067125098716,-0.096705817238247629,0.99517531855687036,-11.02752098420471,4.7005989289990406,-1.232600431986234,,0.06767593885938114,0.2580645161290323,0,5
0.38726934910934641,-0.91796061326606126,-0.085853152141432021,0.92182132049760879,0.38387270601129336,0.053732659115397575,-0.016367782881855791,-0.099950277997431405,0.99485779768355243,-11.399629198697607,3.6137521943616644,-1.1770181397046997,0.4191121262693521,0.390002976482868,0.917057902973396,1,5
0.6366292875357934,-0.76886176111467486,-0.059621661728851236,0.77109257421519206,0.63575549286129251,0.03508839248075761,0.01092667570019687,-0.068312118927288265,0.99760416106079219,2.1747056959001534,5.3108898894192977,-1.3891950703935869,,0.1048168479261746,0.2758620689655172,1,5
-0.63750178102265065,0.76476892938141927,0.093380746654463456,-0.77018057252865491,-0.63578000361063469,-0.051045790309221614,0.020331377040926715,-0.10446181915732555,0.99432105652347558,16.005475077811738,-10.361973866671802,-1.1502014499760584,,0.5617399614017187,0.7209302325581395,0,5
-0.76534877810011515,-0.64333039959994687,-0.019163632516644501,0.64359730327370901,-0.76521300071510645,-0.015217580470982581,-0.004874328617321547,-0.023980418827747461,0.99970054538015307,-8.1583027346652965,8.7514006718952224,-1.3773333377445873,0.1956503680747,0.1270148241722048,0.6054421768707483,1,4
0.95416634448557458,-0.29925919006456475,-0.0032441043351928525,0.29723970011696826,0.94635339414939734,0.12674310259848823,-0.034858969081309067,-0.12189827949490045,0.99193027059908412,-4.53252394120784,-15.216861468923399,-0.58059339109901831,,0.6963801681028067,0.4153846153846154,0,2
0.99948867728336521,0.01156687054407509,0.029809251720996421,-0.014880826317056794,0.99343043581971258,0.1134659869528199,-0.028300971546410016,-0.11385155551362711,0.99309459686207979,-14.257407808703446,16.953690550568442,-1.6070739862333443,0.2181280566831294,0.1953903418323889,0.8095238095238095,1,3
0.82381679220353976,-0.56673490296234375,-0.011723593635646658,0.5666623726818536,0.82281830171179249,0.043171724018088484,-0.014820535416866489,-0.042208910580411554,0.99899887867683446,-0.48056261955777907,2.6476969885555275,-1.2721951079998126,0.6071612804893081,0.5308710678244185,0.9863532979529946,1,5
0.21133019635779918,-0.97244055182590561,-0.098483101453508012,0.97739559472491577,0.21088102749591792,0.015067967832232309,0.0061155146718295233,-0.099441266116204338,0.99502464043535321,8.5748816955989184,-7.876299585734035,-1.1052693715623314,,0.1495720155593444,0.1111111111111111,0,4
0.71420337409180179,-0.69323185489860129,-0.096659897525973856,0.69932866654577108,0.70098204406707332,0.1398699039924679,-0.029205420442116759,-0.16749259461060698,0.98544064974376155,12.092901915142839,-8.0008064880281431,-1.1676245338959204,,0.1679111854529377,0.2631578947368421,0,4
0.67939309887732624,0.72796665809799133,0.092138818613582918,-0.73377424064739893,0.67390982565271096,0.08614470762076154,0.00061721973178789581,-0.1261352115246806,0.99201286657655174,-12.138617250656075,-12.366392412815422,-0.50033102497382798,,0.6337650119693152,0.4150943396226415,0,4
-0.0081125271157187206,-0.99924154274655252,-0.038085773633829249,0.99983735095606696,-0.0087191042995317831,0.015787617089617546,-0.016107716689562981,-0.037951501547428136,0.99914975103502113,-12.787322985982277,-6.4983710505437706,-0.7273107806198772,,0.08779279638946964,0.2692307692307692,0,3
0.87259019352302125,-0.47760783853860644,-0.10235773900364455,0.48838204154269782,0.84951963441795308,0.19949780008053869,-0.0083268040714487117,-0.22406950552198868,0.97453759344064694,-11.520349326985475,-7.2974195340783403,-0.71614234559346168,,0.2661629747591596,0.3611111111111111,0,2
0.53907490789518175,0.84140632896435419,0.037863349779571571,-0.84222989500433043,0.53814596375262114,0.032368590605041915,0.0068591281367082705,-0.0493387401084706,0.99875854994373536,11.609094328665858,-0.24879123320032639,-1.4168158061324438,0.4801875931570186,0.3382223872534773,0.9470198675496688,1,5
0.4524397407416948,-0.88920335640446735,-0.067938736789994097,0.89171202537901317,0.45004390418455748,0.048064000049736294,-0.012163255816114032,-0.082327852306208676,0.99653107324488421,4.2220873209524798,4.3298109034799346,-1.3883315292131113,0.2151143112281854,0.1418188099095352,0.3043478260869565,1,5
-0.28623545254261107,-0.95759377070478258,-0.032915589241610151,0.95807747171533664,-0.28649105756864374,0.0032298799896303553,-0.012522934930518016,-0.030611178360132222,0.99945291627976607,-9.1974690148450069,-15.07430369370886,-0.47635442327894717,,0.08883218699645354,0.4166666666666667,0,5
-0.28426387923725133,0.95735478991715006,0.051631900833495052,-0.95837407464096236,-0.28524129628164019,0.012511432837568804,0.026705430479004436,-0.045926126750031097,0.99858780828962224,-16.404711962451582,-7.4658027163413285,-0.62890188494879129,,0.1571501645213377,0.3235294117647059,0,2
-0.24662961957809673,0.96843725937979785,0.036098551102645378,-0.96900814953635028,-0.24697213847304078,0.0052885678771733289,0.014036982542612443,-0.033675472721257572,0.99933424121166714,2.1804287038888561,-9.4999459418463008,-0.90265683843864697,,0.06843756400602112,0.2424242424242424,0,5
-0.38348262294152313,-0.92275279093621698,-0.038319247400149692,0.92354061937514964,-0.38331619845882958,-0.011891861218386155,-0.0037151401125367794,-0.039949703609607104,0.99919478527234629,-5.8289867945995919,-11.900991276647648,-0.64785671161806935,,0.09146466013954659,0.40625,0,5
-0.21369643430495078,0.97359849198800597,0.080248429044012581,-0.97676329144396024,-0.21431918155665641,-0.00087229837033917239,0.016349509255994366,-0.078570126737628296,0.99677451248089322,11.84202109224394,2.1725602852406691,-1.4822106839105915,,0.6948617701793502,0.8571428571428571,0,1
-0.82917792566768533,-0.5583534602220851,-0.026559010588847284,0.5589840750729298,-0.82816579456591843,-0.040966089950851298,0.00087829396862967272,-0.048814241457021644,0.99880748817311116,9.0873440309556504,-13.080653587597988,-0.88074357193891084,,0.08252482679538892,0.2222222222222222,0,5
0.99599049476470924,-0.089306107981568489,-0.0052300492861062928,0.088672705470773688,0.97781149354704633,0.18979418956276958,-0.011835778083594728,-0.18949697138603436,0.98180996745433236,0.50686689518778238,-3.1033085979870338,-1.1041733350855483,0.5075267060998065,0.2204234300599616,0.2127659574468085,1,4
0.39943085620708518,0.89830730224577249,0.18302727075930036,-0.91651119078413956,0.39596396529632888,0.056743064371309986,-0.021499494810667718,-0.19041147265522348,0.98146892095682547,21.51561183676921,5.3454005844082131,-1.7128359236369026,,0.5790177320942013,0.4583333333333333,0,5
-0.44840745305804841,-0.88751013466319395,-0.10609673374857131,0.89379971908264133,-0.44618774349023099,-0.045150412256017333,-0.0072676137615222134,-0.11507501218430036,0.99333021868913141,-1.2748393971909542,-8.2937363441501848,-0.89314834364471229,,0.11691297792494,0.2666666666666667,0,5
-0.61512760265583377,-0.77039278759086849,-0.16766927350846733,0.78840750000710302,-0.60255901929969458,-0.123839582497436,-0.005625511837665232,-0.20836885825036514,0.97803413668849137,2.2591024514059312,8.1184127543474656,-1.4732148835917991,,0.5322658637668942,0.2448979591836735,0,4
-0.97301216672949797,-0.22787289599396182,-0.036349232009680932,0.23058506342937884,-0.95413833126317171,-0.1909203324363333,0.0088233734839823757,-0.19414939630515418,0.98093229123864978,17.062926364949679,-1.0552814239366268,-1.5094027675203106,,0.1997214575436312,0.4375,0,5
-0.26955838722610276,-0.96057914885913143,-0.068014517958517776,0.96291441011032286,-0.26971514316371503,-0.0070413315549000986,-0.011580789176551799,-0.067390209416827232,0.99765948348963462,-11.4962818450835,-10.17085895423816,-0.60023140127262942,,0.07350572472912562,0.391304347826087,0,4
0.55634458708426571,-0.80678908454803411,-0.19892730701485534,0.83078195570491564,0.53521835987205757,0.15278301388236659,-0.016794120910388045,-0.25026521993678869,0.96803165092513233,1.7990769612048922,11.181455827720779,-1.5543423790225077,,0.5913007444185805,0.1935483870967742,0,1
-0.21540665686708485,-0.94579825287520602,-0.24303423017253203,0.97583736164308943,-0.21781645733908528,-0.017246290433184094,-0.036625343668028817,-0.24087684772609386,0.96986438661842833,-14.013934266892818,-15.211524924554546,-0.36306408179909022,,0.4230497884040541,0.25,0,4
0.99411048382028855,-0.10830986007291639,0.0036496807500477919,0.10797242100367882,0.99277628643101812,0.052318270258493164,-0.0092899010326456411,-0.051616076092838054,0.99862379223989139,-17.231762620002009,25.61980050640301,-1.8254672084075572,,0.4217601951027414,0.7407407407407407,0,1
0.67137942615620527,-0.74074508110828707,-0.023375006909975602,0.74083568772725639,0.66992958967064709,0.048547179870727417,-0.020301475903172092,-0.049910617082892204,0.99854733507158144,-9.259954333216287,15.052728257048349,-1.5813418755080073,0.6125574621507677,0.5899451994437859,0.9289940828402367,1,5
-0.009224541180501325,0.9981406192293496,0.060251241352021749,-0.9998431285256556,-0.010117828057032893,0.014537809169092997,0.015120389546499141,-0.060107685031605226,0.99807737176037747,-10.767979202573523,12.005823034415666,-1.4680439629278823,,0.08042459334526125,0.1875,0,1
-0.97647376041465117,0.21060741510421194,-0.046298076901652989,-0.20843381904785627,-0.97687428123474074,-0.047665309599668602,-0.05526606824078123,-0.036893839122934119,0.99778981069961536,0.992043280225965,-11.929333546403498,-0.78822395404405565,,0.1014962814552619,0.4,0,6
-0.26565603027091672,-0.95486166254863691,-0.13291380280298001,0.96375521848221679,-0.26654480414482529,-0.011390620338215017,-0.024551016862655966,-0.13112235804106176,0.99106214476830834,-10.037830136216327,7.5130472694489479,-1.3201283788846236,0.690565182248995,0.2365324651378455,0.24,1,3
-0.4187290466722523,0.90686177119494626,0.047620514677102412,-0.90798554357364369,-0.41896744780664452,-0.0053413799397904289,0.015107552224680942,-0.045475329834448235,0.99885121827138335,-25.563509012231247,4.5524012940449596,-0.96004820852875739,,0.1082790792663303,0.5238095238095238,0,3
-0.12850370363972949,-0.99096904837704491,-0.038303306770654771,0.9916051262094786,-0.128953448915272,0.0095016676399429286,-0.014355202052084829,-0.036760755862069075,0.99922098406833559,11.049001857634929,-16.859369048697197,-0.75820133479504637,0.6200374595339408,0.513236933338582,0.9326923076923077,1,5
-0.92468286805497057,0.38018628158167683,0.020493531241172744,-0.38050358765266623,-0.92466276047989149,-0.014690104327643616,0.013364629029069949,-0.021381549962650452,0.99968205746232686,-15.216698912195071,12.29609270387026,-1.4058071842227111,0.2202021836329776,0.1356228425563292,0.6428571428571429,1,3
0.87010334566870107,0.48153187115160212,0.10510577967633002,-0.49284881979770928,0.84810798284681277,0.19445536828669516,0.0044954065597324405,-0.22099752599689032,0.97526400775539512,4.2725921960229911,7.3289557156341241,-1.4837088605308568,,0.3077374756441681,0.3846153846153846,0,5
-0.97668626104776013,0.20585305291283529,0.060897192767923866,-0.21465788833745486,-0.93972406840093603,-0.26615909949220057,0.0024368945510689116,-0.2730259985321174,0.96200356842918666,10.857177761020724,10.731540000905985,-1.6720233299830036,,0.5712295120359288,0.2608695652173913,0,4
-0.080367891700242125,0.99542143750010792,0.05174131568559568,-0.99663251751223436,-0.081096017604797108,0.012126869582346864,0.016267360599770478,-0.050592466769873501,0.99858688920156324,0.50577880584400692,-10.418460757308955,-0.83684675418853582,,0.09139694868100497,0.3658536585365854,0,5
-0.28560570579660421,-0.93978580186057004,-0.18770196439491313,0.95834638269962513,-0.27981597685588244,-0.057229623996071399,0.0012615795523961875,-0.19622860575735107,0.98055736328863419,-11.334334750575815,11.292214305513687,-1.4302202781804156,,0.2972322815386863,0.2985074626865671,0,2
0.37264024569159365,-0.92501878849696739,-0.074023565291817237,0.92782310647708066,0.36994420429871622,0.047807622750034778,-0.016838360315921827,-0.086495818589066825,0.99610990507497643,-17.879776773636959,12.532448470721089,-1.37135993730366,,0.1009058781167964,0.3461538461538461,0,1
-0.69707240753104605,0.71573880851819927,0.042520778918319999,-0.71681419542382585,-0.6970172016508257,-0.018558821130265118,0.016354445810382499,-0.043416340055341882,0.99892319700687415,-1.1650523830616384,7.9410333736727559,-1.4381514696290685,,0.08402927459892269,0.4565217391304348,0,2
0.99624023360725977,0.084011044864647194,0.021155171540393244,-0.086398398700268927,0.98144244246255241,0.17119009561060869,-0.0063807244245917228,-0.17237423378768138,0.98501086790041437,-18.496794846544748,13.714119874804066,-1.4124006737207058,,0.1685037377198526,0.3636363636363636,0,1
-0.13338337396724759,0.9540596770291192,0.26828903856886149,-0.99102799007124109,-0.13072245713248645,-0.027841733002788693,0.0085087275468624605,-0.26959557093605213,0.96293604651980647,0.074256113424513534,-16.968079683842351,-0.61814131610624889,,0.3975668963605988,0.3571428571428572,0,5
0.84981135703885802,-0.50825690632212617,-0.13962655414940317,0.52688794731350019,0.81186398540581417,0.25152725533578651,-0.014482693932447107,-0.28731826669540028,0.95772567324866542,-2.8580889795897444,-5.1497515247247776,-0.97852745933039287,,0.1308440287281663,0.1397058823529412,0,1
0.57403023874449255,-0.81801713668906195,-0.036568416563617576,0.81866280437052374,0.57242411651714098,0.046063473270696771,-0.016748066966988925,-0.05637902901433927,0.99826895541245275,-14.085617442325239,-5.7436869418867698,-0.7359426551410515,,0.06210614001038006,0.2258064516129032,0,1
0.72700298752128667,0.68505975309274691,0.046473549763596515,-0.68661996828239868,0.72488350354286046,0.055650026480730141,0.004435683825784487,-0.072367402771780595,0.9973681786206462,10.749471253788373,12.028315723619537,-1.7029511049357413,0.411162684694301,0.3697273416905817,0.8679245283018868,1,5
-0.42665598588325698,-0.89374368949158356,-0.13851673979688947,0.90440331592734757,-0.42087312594212534,-0.070145947846778064,0.0043945249578347789,-0.15520318731803492,0.98787279484593515,10.052872488893584,-9.1013632215063733,-1.0743985925762487,0.5047655587260076,0.2178464118433429,0.4776119402985075,1,5
-0.62577293984480287,0.77904965865492182,0.038598667174439549,-0.77980815195898678,-0.6259607816592343,-0.0085056430015985722,0.017534933598480806,-0.035422156543760415,0.99921859316642336,1.7682096595192758,10.087564635278907,-1.5159775850932278,,0.07047959622144044,0.3478260869565217,0,5
0.13911326719149666,-0.95943676095504182,-0.24521133868441713,0.99015192158155274,0.13083674202271139,0.049808825776553954,-0.015705765809534158,-0.24972554668070923,0.96818927914708663,0.59240441812139721,-5.9902153289593274,-1.0238212178434765,,0.1811410871087749,0.2653061224489796,0,3
0.55910757577544912,-0.7992367107810755,-0.2204980699469925,0.82892514701931319,0.53347685234260789,0.16818308075913474,-0.016787475972017105,-0.27680882961797182,0.96077835763302766,1.1984946080976604,-15.523588159701797,-0.6809379867066514,,0.5857512057153643,0.2,0,1
0.70008591107750551,-0.69830344423377921,-0.14917109935245412,0.71393052392672363,0.6805593325981627,0.16474890536588102,-0.013524944232499305,-0.22183618862751747,0.97499014420594188,7.8789314167359317,2.7327133303193714,-1.4128750859495078,,0.1211801994330727,0.25,0,4
0.8087898446438363,-0.58395435505158422,-0.069687146715069676,0.58578561571422116,0.78943690889744755,0.18342458748148593,-0.052097980990726531,-0.18917367175886513,0.98056061632616998,-2.0116374141191491,-11.417262947977699,-0.74802593580182231,,0.5324306837603512,0.1818181818181818,0,5
0.90403528712456638,0.42583292836286496,0.037235960515498288,-0.42743657262846757,0.90142277335912491,0.068811045982267921,-0.0042633335822304412,-0.078123625053194784,0.99693456314610529,-15.126463119670477,9.806753260095304,-1.3281011878922631,0.6230374058866877,0.3597167612421183,0.3333333333333333,1,2
0.89538037010427185,-0.44478274720109634,-0.021501177274335724,0.44520453947926969,0.89312915162896134,0.064134519079682803,-0.0093225993686310692,-0.066997211156708661,0.9977096084724425,20.967131375107606,-0.079098409659512842,-1.6410412462611443,0.661070192093557,0.6446637252687002,0.9532710280373832,1,5
0.94110633834024948,0.324534698769402,0.094847716000240265,-0.33810377666472857,0.90509788127373036,0.25784425826233159,-0.0021670581108843381,-0.27472723674302518,0.96151976019772278,-11.58446512388492,8.1068806292437863,-1.3161830583613059,,0.4925760422776386,0.1296296296296296,0,1
0.74141928773444399,-0.67019753316828234,-0.033655702495995067,0.67058662130735136,0.73813611395049394,0.073950392870179391,-0.024718881425751797,-0.077397311434005439,0.99669385123208576,-7.7348731313478005,22.087737498441914,-1.8921067322049425,0.2941934273025221,0.2099247501306301,0.7924528301886793,1,5
0.21253339796184662,-0.97645339529782238,-0.036990830784732705,0.97700115226231932,0.21167876988675324,0.025706941812078409,-0.017271457057526269,-0.041603667994352861,0.99898490057684242,-2.0803572946637905,3.2196338850091997,-1.258603847066216,,0.06757239232542175,0.2192982456140351,0,5
0.79141513507912775,-0.60899081379070052,-0.052841959522982249,0.61063849305694939,0.7836699406616312,0.11393882086687836,-0.027977039958253232,-0.12244024184040719,0.99208148476485469,-1.8090227232584917,-26.261412749716285,-0.16120433698482611,,0.2088925908770731,0.6818181818181818,0,3
-0.99399713949564505,0.10812801259447444,0.016673918760885077,-0.10936124256922049,-0.97762109348922144,-0.17971398439925237,-0.0031313412767586283,-0.18045866689441048,0.98357758425276254,2.2331604353514365,15.487531689156464,-1.6828016555384651,,0.2259697018813122,0.1470588235294118,0,2
-0.98557215951613497,0.16884428334427112,0.011795184130050602,-0.16897992921168273,-0.98555074869192394,-0.011640673365517424,0.0096592913982849436,-0.013465872966409677,0.99986267474835533,-1.123457769711784,4.88052490515929,-1.3291389564613263,,0.07556114200607059,0.3486238532110092,0,4
-0.75166194520634144,-0.65733127054043106,-0.054036292418350985,0.65952488911087914,-0.74841376160536688,-0.070026866865421242,0.0055893444965873377,-0.088274810729943975,0.9960804771797761,-27.394191230448808,2.4293757554903133,-0.87811609165200544,,0.1616755869198926,0.3333333333333333,0,5
-0.8239297385834099,-0.56641900678118595,-0.017586774431033424,0.56668778595959091,-0.82364601458299325,-0.021730069161592223,-0.0021769524776952221,-0.027870260468203161,0.99960917835889418,-15.998490110028449,-6.5512350864499549,-0.68248678915915162,,0.1090256470121897,0.5600000000000001,0,1
-0.68279262223157633,-0.70850665200973062,-0.1783607554483134,0.73061145520605864,-0.66248939887709168,-0.16527158829380478,-0.0010660899658429077,-0.24315863224124845,0.96998594990791087,11.633950126012175,-12.410498991301969,-0.96868510925050599,,0.1300835468974724,0.35,0,5
0.37975598967554997,0.91896004504959061,0.10629122215873696,-0.92508593948752305,0.37709405731738405,0.044900740510600043,0.0011801983013194422,-0.11537984025976018,0.99332074356352873,8.878333632996684,-10.941369128562824,-0.96375852053798816,,0.08298721267934443,0.2307692307692308,0,5
-0.10652989190015037,0.98239905941116001,0.15343881581858798,-0.99423397535747882,-0.10714779103245918,-0.0042606480409135136,0.012254973545722617,-0.1530079702006818,0.98814896482183334,6.0237473837932196,-11.016186029873502,-0.90661061877670468,0.1468097763788327,0.1741214444017779,0.2608695652173913,1,5
0.75156709615774708,0.65873631007420685,0.03483351493648041,-0.65964869662183645,0.75025011381072959,0.044591072784792615,0.0032399102029824927,-0.056491065814031925,0.99839784778667784,6.907013797183235,-6.8638802673068717,-1.1130231514803222,,0.09789497497681357,0.3488372093023256,0,5
0.9597706727320503,0.28073114505548991,0.0055027228989514227,-0.28059948494049192,0.95823969324613556,0.055141811166151536,0.010207096286397611,-0.054467554409816918,0.9984633697347215,-10.23175441403497,-2.3283482390923598,-0.93964564154888852,,0.09158500579062689,0.3993506493506493,1,5
-0.75208160729194273,-0.6583404889237694,-0.031000913160438109,0.65906119668291241,-0.75148214711076711,-0.030214592512217125,-0.0034051431770749769,-0.043155338226040722,0.99906257150517863,12.585739332784319,-11.793115969091929,-1.0077704208329776,,0.08018778273700333,0.3,0,5
0.99833420009339169,0.054552910479960172,0.018783100970136375,-0.056139712919263195,0.99359000778065376,0.098118444095814925,-0.013310054741870641,-0.099009476297000493,0.99499747037174058,-9.807167034400301,10.032013316525822,-1.408376463050429,,0.1008655476698068,0.2758620689655172,0,3
-0.99573819997838819,0.086362534002239894,0.032356604032447965,-0.091778956320772237,-0.96239525088101885,-0.25567949518553817,0.0090587129588289711,-0.25755949565561315,0.96621997801595705,-18.347249276027373,-6.5305440632117078,-0.62735741694741842,,0.4033456488934725,0.3181818181818182,0,1
-0.50338935546121055,0.85706195384549555,0.10974499568949725,-0.86381712477548955,-0.50218174211407374,-0.04041624465334305,0.020472707513961477,-0.11514471398120903,0.99313773621247114,-8.2119303316318053,-20.438204566486164,-0.2989635794606309,0.225943890246347,0.2284570426688965,0.5789473684210527,1,5
-0.25432336963070468,0.96665683253194556,0.029903039627954663,-0.96699708093718362,-0.25466108843582064,0.0080234341556398373,0.015371048066113835,-0.026875605220908667,0.99952060145119559,-15.618924553582668,13.355503047975985,-1.4473666379835435,,0.1133741622080413,0.35,0,2
0.24766510121730562,-0.96796548434226404,-0.041289450965945544,0.96865529515674176,0.24654658366123172,0.030359533095576294,-0.019207207080362679,-0.047514242149303811,0.99868587653433349,-11.175159218214942,-16.255658460791906,-0.39291338138717391,0.3512926619630179,0.3062743989987489,0.8837209302325582,1,5
-0.65677247687355989,-0.75327467144263649,-0.035031171609819112,0.75404456011701149,-0.65652810685745466,-0.019688734446580061,-0.0081679238066242436,-0.039346083275895789,0.99919225915312937,4.4090614101277072,-3.3146395813569263,-1.1833902802983327,0.4630147437127214,0.4061959063190269,0.9009287925696594,1,5
-0.65976533807030258,-0.75131274177060081,-0.015455184700372455,0.75143778737011246,-0.65979138493614287,-0.0040718639904407002,-0.0071379544191276355,-0.014300084516873677,0.99987227043733995,3.3499806357383677,-7.48193062647593,-1.0176934896721994,,0.08456106106554448,0.2727272727272727,0,5
-0.8111416041712719,-0.55623210611420504,-0.18070733828545094,0.58302283373195385,-0.79344461153001522,-0.17472842865757734,-0.046191701956292769,-0.24708600235897521,0.96789195373690451,-4.0233287828142297,12.7394920765223,-1.5326361090723164,,0.38327019675149,0.1153846153846154,0,3
-0.19216762426259254,-0.96103215301788047,-0.19871790319719265,0.9809255734564476,-0.194142071594153,-0.0096889306050891317,-0.029268131549699671,-0.19678937192579413,0.98000883647681525,3.7266778869042541,6.2185613469270917,-1.4371701496136413,0.4002365293027925,0.4091033309550222,0.2413793103448276,1,3
0.94705794637918972,-0.3206454948976506,-0.016361931483594543,0.32100023977234993,0.94463834593510332,0.067950286644622881,-0.0063318453966360782,-0.069605042854906388,0.99755453271640249,12.306938767158057,-9.6339472816658844,-1.1071618003953487,,0.1208494945847173,0.4285714285714285,0,3
0.54879530898656337,-0.82940846633143395,-0.10442846744103101,0.83534894339964316,0.53933768861836195,0.10633438012657612,-0.031872426883483664,-0.14559001893516824,0.9888314794700942,10.361748716383206,7.8298518429709549,-1.5956458317281725,,0.238240056736056,0.1428571428571428,0,4
-0.88456447884237699,-0.46585522664909218,-0.022903942325220111,0.4663172948045613,-0.88432671207309721,-0.02268142147531204,-0.0096883092678686691,-0.030743684192170027,0.99948034625290261,11.22975504652425,19.750182363491295,-1.9066453974253335,0.5295902538142063,0.443647455421135,0.8620689655172413,1,5
0.74850771777096214,-0.66152688272704352,-0.046025860847416465,0.66303730586325016,0.74546699299372654,0.068267806398721556,-0.010850229071688351,-0.081615842741044817,0.99660479967876947,12.881554376746761,7.0965617006644228,-1.6109921571965238,,0.187710868060659,0.2857142857142857,0,5
0.54488458051887012,0.83218555466461597,0.10280076128279018,-0.83831906843696136,0.53802691555988524,0.088023733322905903,0.017942502828785001,-0.13414261344055553,0.9907995891458462,7.2597849254874403,-22.593130571706165,-0.48503957852823498,0.4878925666797349,0.6202507024492132,0.3695652173913043,1,5
-0.79101851357122122,0.60181737609668484,0.11002525626272736,-0.61178110082093384,-0.77919128429737661,-0.13632617926624538,0.0036872572332044434,-0.1751479040785458,0.98453522833415674,-5.2592518848943408,-17.110915634710164,-0.51683141637354757,,0.2971029732256639,0.5,0,3
-0.93508783875514168,-0.35419772545193307,-0.012438050366318603,0.35441108535966992,-0.93431305906058604,-0.038103677552563942,0.0018752030339672552,-0.040038468421335037,0.99919637942701456,-17.066412940518738,-10.354058408951316,-0.4856245369721186,,0.07772259915719144,0.3529411764705883,0,1
-0.13054075434555132,0.94789216468200277,0.29061926224763912,-0.99135319147368739,-0.12873936991420251,-0.025397330352401049,0.013340210261810051,-0.29142171979549097,0.95650165709297619,12.539557151736787,-12.699775428363651,-0.95793551952796907,,0.5104667273756668,0.1875,0,3
-0.63135233748098585,0.77136087794655528,0.07997888428088154,-0.77527755047898339,-0.63025713024905139,-0.041480953382689492,0.018410477468057868,-0.08819493037442476,0.9959330843865204,-17.731989058859664,3.4441012739387999,-1.086391044881821,0.6076936846272181,0.587983353966181,0.8527131782945736,1,5
-0.23316971804868056,-0.9510753847326453,-0.20270050601996528,0.97235131311693779,-0.23077982402526392,-0.03568748663936841,-0.012837697023441062,-0.20541734439554851,0.97859026571727925,-15.200315387561789,-10.916022728776348,-0.50017510453088232,,0.09841311015138124,0.2941176470588235,0,1
0.87634983642296549,-0.47980921144491062,-0.04235663837055513,0.48163634447850995,0.87176819197014588,0.089703127852265668,-0.0061152169887054575,-0.099011817889153766,0.99506746707922522,0.967432132473246,-26.305273427540641,-0.22266653837089537,0.3887018004689605,0.3025308306632525,0.6428571428571429,1,6
-0.099178904269698318,-0.99258430135647147,-0.070284775368114075,0.99502066927207433,-0.099626912354980945,0.0028889541298435313,-0.0098697856721102553,-0.069648280921335001,0.99752278384781157,19.823743643808854,-4.9630905906144687,-1.4411501678826737,,0.1532837751472313,0.4545454545454545,0,4
-0.79140891587664441,0.60022098043056671,0.11578731589394686,-0.61128065394872888,-0.77794421973108741,-0.14539172292467259,0.0028089106375371532,-0.18584285199587242,0.9825754649812255,-3.962600647858368,-7.0760689153933169,-0.8893710411239143,0.741120186774626,0.6546982158814526,0.538961038961039,1,3
0.090874189957654922,0.99527984922192403,0.034057353571949771,-0.9955060933895471,0.089873819761210269,0.029838139114424359,0.02663643414239783,-0.03661581972746538,0.99897436509745519,-3.8325127219446045,10.634182006565711,-1.4828067686481727,0.3643484834012241,0.2962211343049565,0.8186528497409327,1,5
0.86614566126012504,0.49433753231716426,0.073634894057362621,-0.49979093649972278,0.85644341631266951,0.12928145438312,0.00084455490781644763,-0.14877862345532517,0.98887016737777444,-18.514651772390895,10.353097092560441,-1.2811807568159823,,0.6562665382878046,0.6071428571428571,0,1
-0.89202855355026933,-0.43748703502167935,-0.11353481333473145,0.45197894005486389,-0.86360027174760634,-0.2234045845195223,-0.0003120863569918027,-0.25059861297580732,0.9680910276294814,5.9906932133209798,-4.5535319534368268,-1.1740122024058623,,0.3085512179145833,0.4578313253012048,0,3
-0.99802195744688216,-0.062815435818589602,0.0025285325419294909,0.062159438342615572,-0.99201623778188197,-0.10972688003407376,0.0094008871297084004,-0.10935266343350807,0.99395855965989499,20.780060245733164,-1.1662195241994848,-1.6187352906223738,0.3455605215589787,0.3355036080715551,0.8367346938775511,1,4
-0.935345163712612,-0.35324868133058701,-0.018568625625773629,0.35363125111105653,-0.93249834163834067,-0.073428748316819351,0.0086233959121348736,-0.075247670927062665,0.99712758715371852,-25.135502227637282,1.7165240835303142,-0.90793592236359666,0.474195935024294,0.3217563525552801,0.2631578947368421,1,5
0.4995395686555737,-0.85564359340565488,-0.13540406349612269,0.86612644004792905,0.49025892935226334,0.097319946774919577,-0.016888137768984228,-0.16589220371744726,0.98599927360443063,-24.366992582737659,4.5270164844867571,-0.98158526235768773,,0.3249012069021279,0.2962962962962963,0,1
0.52829037607779517,-0.84213767837393894,-0.10822850459344896,0.84903432946444124,0.5250241890632763,0.059078831143782491,0.0070700731572356365,-0.12310049374962348,0.99236902536513605,20.982033498617685,-13.626039354874136,-1.0910438482165614,,0.4210397865848153,0.9787234042553191,0,5
-0.10523281379128896,-0.98352729853599663,-0.14696975177244284,0.99189295616670592,-0.11439647485598989,0.055333624925503096,-0.071234952154411432,-0.13995534850447275,0.98759206255242393,-15.409338254346492,-0.53159975338119747,-0.9000584140275304,1.224642832351299,0.5707308308410053,0.6923076923076923,1,2
0.85265829098412615,-0.52092384410296655,-0.040152054256524038,0.52231322246990752,0.84800679291181924,0.089851971645104556,-0.0127568197107023,-0.097584977431980593,0.99514543446195303,-10.483664197576607,-8.1663770814312304,-0.70784341948261309,,0.07641435799428088,0.28,0,3
0.89567354921027043,0.43692038212829271,0.082882283546873381,-0.44468304799287744,0.87779095225605575,0.17815732082957145,0.0050872460960427668,-0.19642714633744859,0.98050522492686631,-24.723905742881279,2.610421201503502,-0.94024874023345106,,0.3094682283527687,0.3043478260869565,0,3
-0.94809386314978894,-0.31767938803709206,0.014065314574868206,0.31717539542546025,-0.9479029578617798,-0.029660596986465802,0.022755113588249221,-0.023659858268160014,0.99946106272946833,-6.7902760315618398,9.8300554185005442,-1.4243415754401858,0.4152672501109059,0.1274710051393243,0.3230769230769231,1,4
0.87834191602530509,0.46972810611164006,0.088718571233807234,-0.47632859820003742,0.84434757871249522,0.2453329021128923,0.04033044866826406,-0.2577453639759959,0.96537080039697598,-13.996590771165605,-9.4472950098652237,-0.58850466822313219,,0.3575930457127409,0.1379310344827586,0,3
0.51156529642751924,0.85091946528086926,0.11931894693276421,-0.85919692804589698,0.50512114344670733,0.081444884919707236,0.0090325150162043691,-0.14418284935875755,0.98950983806290249,-1.7920135486504765,8.5989930536431753,-1.4426427382452096,,0.08248552569475234,0.3157894736842105,0,5
