axis_00,axis_01,axis_02,axis_10,axis_11,axis_12,axis_20,axis_21,axis_22,location_x,location_y,location_z,dbh,dbh_approximation,score,reconstructed,number_clusters
-0.17866076286301655,-0.97748079144984401,-0.11230153231274746,0.98342575061135684,-0.18098895859114411,0.010806937706025133,-0.030888911403508502,-0.10850944297469771,0.99361540645142299,2.7058731569378507,-18.308996351870562,-0.62376267358213655,,0.0943083828043197,0.5454545454545454,0,2
0.55193634498077304,-0.83128535298147821,-0.065809824553204152,0.83381694003877216,0.55118659461752384,0.03070257999444077,0.010750888039736553,-0.071819216317052612,0.99735972375766235,-14.022845178265529,-16.129619825791679,-2.322051277171683,,0.1952817658607165,0.6538461538461539,0,1
0.85854839382324055,-0.4915535933656574,-0.14584142180068096,0.51234510383532106,0.83351867547511072,0.20675858436880243,0.019928623623029256,-0.25223338891496294,0.96746119688438414,-26.348264438296713,-8.9809062972082714,-4.2112790583318809,,0.1873256264033204,0.5454545454545454,0,3
0.98300342302553823,-0.17442099600198574,-0.0572851330953182,0.17884051088159941,0.98027259150169321,0.084152944203757976,0.041477005529348056,-0.092967534678658412,0.99480485297775312,-29.774878913323988,-7.4434775384894492,-4.7397288055705751,,0.1307000375156832,0.3333333333333333,0,3
-0.97919257648872082,0.19863175751781673,-0.041561076198323471,-0.19569935565795815,-0.97846623623008877,-0.065616970006113162,-0.053699723876753654,-0.056118174089205893,0.9969789818208068,-5.0589566920575599,-17.003132208578485,-1.3744592229977588,,0.1225100794657957,0.2580645161290323,0,5
0.3843997414036634,0.92263911199212034,0.031207496394112834,-0.92316277643406464,0.38427750774213043,0.01006405733518473,-0.0027068460144285874,-0.032678220053861909,0.9994622588766251,5.9604054767506724,-20.308018696449935,-0.25252230855027669,0.2571687677914948,0.2219402177886536,0.375,1,5
0.4675428273313153,-0.85719110704067325,-0.2159331160832558,0.88393446584759972,0.45556366728608261,0.10545902111993141,0.0079727471901796226,-0.24017733252586612,0.97069628836366773,-39.857268883661021,-7.4070532273964309,-6.1756708921962362,,0.2125736668443851,0.2413793103448276,0,2
0.028856404665564085,-0.99604392192928959,-0.084046496045318345,0.99943797196428064,0.027314993185092791,0.019432738953206578,-0.017060132054071163,-0.084560018537230941,0.99627232981714409,-19.878825912566757,1.5190364177233908,-4.0663235619756222,,0.102282485197479,0.4074074074074074,0,4
0.966875565028675,0.25218839980678448,-0.039403714969209976,-0.24729410923833051,0.96375419053676592,0.10011734993918064,0.063223929698350223,-0.087056712697626965,0.99419508321444727,-15.270939265987657,8.6862485869654531,-3.7989336816568016,,0.163686335021151,0.4545454545454545,0,4
0.68102750575214432,0.71817235788931522,0.1429335536979161,-0.73008028098120581,0.65089892024110452,0.20811866555253491,0.056429776992444169,-0.24608750474712429,0.96760354498932954,-1.8578120169265282,-5.1043648928026943,-1.4988528570550772,,0.2949330633759691,0.1470588235294118,0,5
0.99951322703707512,0.021754076378516882,-0.022362225713210199,-0.019117140930348598,0.99352066983972076,0.11203219860325972,0.024654490474964135,-0.11155016253752699,0.99345292658347406,-14.239737864867882,9.4454727617070144,-3.7810198362006662,0.7908322059093088,0.6028965588466287,0.6875,1,3
-0.94420042605176768,-0.31400910538355742,-0.099417489305847456,0.3223615551652616,-0.94294524339083052,-0.083290429930701085,-0.067591295261256318,-0.11069123588986171,0.99155376410060614,9.1537333941529226,-17.281671453074225,-0.09072353168401999,0.3575021844506684,0.2164689666631288,0.1176470588235294,1,5
0.76619348042461921,0.64168039311779002,0.034551753110476688,-0.64075618322668548,0.75879696434545019,0.1168703579052448,0.048775651831411151,-0.11168455572875022,0.99254596659303018,6.1906611154443709,-14.80691384850862,-0.42105360248107881,,0.09323497267862045,0.1,0,1
0.35675762597828536,-0.92974324253684393,-0.091112563696850529,0.93419670521215581,0.35498197491456362,0.035557185722542732,-0.0007157353485246705,-0.097802353973873837,0.99520560050678919,-0.29055913266656019,-5.6803021459971852,-1.3157533530733445,0.1344806003706497,0.1169288938533671,0.554945054945055,1,5
0.95859633786305687,0.28465818266473059,-0.0079233880094854367,-0.28012670946114765,0.94760937252766497,0.15351059814942655,0.051206324628953213,-0.14493514459832657,0.98811523426079029,3.0848574170818961,-23.15006827581837,-0.44086486785450923,,0.4425075419315888,0.2222222222222222,0,1
0.83629860652523247,0.54580734579770818,0.051951727567196883,-0.54378656552049509,0.81362271493395322,0.20570427536375649,0.070005798926801019,-0.20028085034961457,0.9772342447437341,3.5881650233198013,-16.497157157939299,-0.58438232613237273,,0.4085303265659432,0.2962962962962963,0,4
0.99793216936828766,0.0492214477649697,-0.041335631358706375,-0.04678550083423702,0.99722183234094597,0.057963212594325471,0.044073827285500501,-0.055909446272394032,0.99746259657488978,-17.995685691488188,-5.2310418479265222,-3.3829332401698542,0.235147620105521,0.2092850791982727,0.5581395348837209,1,5
-0.6992046241157297,-0.67002953132055731,-0.2493457855539872,0.71343992005912482,-0.67638438543126456,-0.1830509317397738,-0.046004065920417544,-0.3058832952338591,0.95095690523580778,1.4087807302785422,-10.123393099370329,-1.0859928176827705,,0.1105492200052001,0.3636363636363636,0,4
0.9987306550482381,-0.013245184966156233,-0.048596746209277626,0.015381692483363463,0.99891941058005951,0.043856752076883707,0.047963342286207189,-0.044548582935917423,0.99785517063105766,0.50416586466436075,-10.579279741442857,-1.1368418713180624,,0.08074826789136177,0.3125,0,5
-0.88453093396424198,-0.45391110069821422,-0.10756272366987234,0.46344049062765597,-0.88137040118626353,-0.091701295299259744,-0.053178365028863604,-0.13096155380759764,0.98996016733864423,3.9391578833138086,-21.567934113641456,-0.41417031981335189,,0.1565926778092874,0.4,0,4
0.57569011200964781,-0.81387298446932399,-0.078687102407666049,0.81737124513494952,0.57540256432203718,0.028568104560257577,0.022025951985353259,-0.080762950185213317,0.99648994140258118,-6.7242092769408854,-18.941307501715912,-1.3998182318627075,,0.1025210336588933,0.24,0,4
0.58379895719722585,0.81188509570720024,-0.0046226555076674513,-0.81060368472762256,0.58318004120722078,0.05312914307181997,0.04583059983715438,-0.027269596734369028,0.99857695007070524,-6.233911287056265,-12.548484899111854,-1.656075929706055,0.2554964988687601,0.1940161196099422,0.7870370370370371,1,5
0.99516274948017713,0.086755417873940061,-0.046093378229098467,-0.083685530479660014,0.9943823842365157,0.064810538560012024,0.051457108696375445,-0.060639684939970941,0.99683248069823094,-7.2625083659002607,-7.0110664476149216,-2.1212202476089463,0.3051664351607169,0.276258081445545,0.8597285067873304,1,5
-0.12576929295528394,0.99204216466363804,0.0058675786327985974,-0.99201666075472028,-0.12581663555120923,0.0085509650700311083,0.0092211569004476916,-0.0047452869310814494,0.9999462248127946,-5.0307897522540186,-8.3791433498982588,-1.8394743361721153,,0.1268988086758446,0.3857142857142857,0,5
0.83939381029184112,-0.53360953680068668,-0.10333873174710796,0.54271995893313119,0.83320014507937201,0.10598379317298186,0.029547883500594035,-0.145046132230644,0.98898359041268502,-8.1038672432192715,-6.2835906275968334,-2.2673965683813559,,0.08050620528758926,0.2836879432624114,0,5
0.98540701335054603,0.16458238526253952,-0.04342414651838214,-0.1626193151149278,0.9856420917093911,0.045438149195235637,0.050278985581540266,-0.037713465924384078,0.99802290459531129,-16.301329961914615,-20.967933379378159,-2.2985301826452877,,0.1082765085326661,0.5,0,1
-0.9986105297522937,0.03601632192266041,-0.03846861607864871,-0.022990835063433794,-0.95461859897161394,-0.29694233783776686,-0.047417627217408949,-0.29564531968667435,0.95412023014735137,-14.380163918475214,6.888967835383851,-3.6014913907488295,,0.3898183564080795,0.1904761904761905,0,1
-0.028790590826081524,-0.99081822136047282,-0.13209978841751868,0.9994257745282682,-0.030895673383979749,0.013913251766588329,-0.017866815285752003,-0.13162336261552696,0.9911387729906066,-9.3745836774408211,-17.176026160517761,-1.8044724344255796,0.3026184828347738,0.2002384832156208,0.8,1,4
-0.17873391280808917,0.98387566205708765,-0.0065475204495974038,-0.98378262957197693,-0.17860743537792687,0.016465776026827687,0.015030840454091674,0.0093843294617777864,0.99984299177210645,-11.641426476665751,-13.518808615233787,-2.1889590306381206,0.2494713410005092,0.2552064006915337,0.8620689655172413,1,2
-0.96852945172503713,0.24676827313882602,-0.03249800783557337,-0.2450969600189408,-0.96830454309135894,-0.048101892042915803,-0.043337989462744864,-0.038622936200091398,0.99831362179858618,1.7867701788093526,-14.713063741691123,-0.82240622569061972,0.2343800604867564,0.2282989310121507,0.8243243243243243,1,5
0.9797453652987852,0.19854420810475829,-0.026061784351902251,-0.18988998811275332,0.96248252814154733,0.19382769522644186,0.063567378348403022,-0.18495291414387188,0.98068935344460695,19.500411659244048,22.561348958708599,-0.73676403774112764,,0.2832789581197696,0.1875,0,4
0.82902420933031917,0.55914457015874197,0.0087298342615622516,-0.55735870717080926,0.82490484528809405,0.094251088912060771,0.04549870201580291,-0.083002083601682583,0.99551018188296592,-20.456675316433639,-5.7577804917856623,-3.6585904464548009,0.1577132475396142,0.1637980111493655,0.2647058823529412,1,3
-0.82328020239454081,-0.55325615694555352,-0.12695405919875438,0.56572873975626869,-0.81804522800767709,-0.10369666314617448,-0.04648334496341508,-0.1571929697400751,0.98647334931325326,22.231186819586238,15.656429176781501,-0.21602024387133739,0.1502291611624353,0.163733151344132,0.4,1,5
0.94391563327629391,0.32936175392408801,-0.023326215052189993,-0.32590620542648457,0.94068945739467669,0.094278788765120247,0.052994551806034774,-0.08138906436712906,0.99527252432704094,-4.2378848953097394,-6.0221124568721223,-1.7702676109083337,,0.07706194255704127,0.2755905511811024,0,5
0.55780837682574214,0.82960751501370156,-0.024519090028442173,-0.82888950843903197,0.55834598208923913,0.034524586666660625,0.042331991953268484,0.0010655128319381987,0.99910303129340683,0.85883959043381464,-4.158587714844165,-1.2532534305261358,,0.06328542985759673,0.2173913043478261,0,1
0.98314323902800238,0.17718433585914103,-0.045111890668482264,-0.17470846533604958,0.9831410996720007,0.053949330632116523,0.053910330118191477,-0.045158490473953442,0.99752412855261963,-22.509239302843042,-4.9743976249026112,-4.0007100063258179,0.2733381045860023,0.195481956306629,0.7623762376237624,1,5
-0.64758752594573954,-0.75174839276759731,-0.12451807182417619,0.75927157518444266,-0.65039617250439519,-0.022169661895661344,-0.064320069623807138,-0.10889982903093672,0.9919696345557264,5.1597861469807427,-12.407129678153366,-0.64295488146717206,0.4376424761328617,0.3061361197599046,0.7540983606557377,1,5
-0.99852716684463605,-0.020284875335344937,-0.050319190234477666,0.020743337037388294,-0.99974779712381023,-0.0086055862462576915,-0.050131936345780108,-0.0096366995759950991,0.99869611142704684,-4.9072061391107793,-11.232820765417033,-1.582806497104843,,0.07943430759193817,0.4385964912280702,0,5
-0.80796351222829477,0.58920479486891275,0.005715996081332146,-0.58807545880948264,-0.80573135780676608,-0.07045731894475199,-0.036908232872026235,-0.060288379894873512,0.99749841784130999,3.7218878530983828,-10.983702903536134,-0.83814328758887946,,0.1981497853181959,0.3061224489795918,0,5
0.99386930843283805,-0.092400139009079701,-0.060712536319409052,0.10055306850167282,0.98372637769367943,0.14890095447837426,0.045966054541701773,-0.15409292047584711,0.98698657219290198,-2.4251847006897154,-3.9728452700909602,-1.6852733647566855,,0.07395962118474822,0.23,0,5
0.89736114188817029,0.43544710567264988,0.071615635097858857,-0.44129671678159593,0.88562509137380785,0.14465616228462824,-0.00043449619278000613,-0.16141256360780851,0.98688692134540534,2.0277618788508955,-6.1036379934528275,-1.0566992731245053,,0.3852700598633843,0.3115942028985507,0,4
0.89403420991857141,-0.44207429979953683,-0.072616423431787577,0.44628681641902362,0.89299680382214641,0.058178912451191896,0.039126832044622729,-0.084421690460331378,0.9956616238431466,-18.055741248770076,-9.0367811887875522,-3.3096892886192584,,0.1159670290030368,0.3448275862068966,0,3
0.97328995611916258,0.2273428653481947,-0.031966903084765755,-0.22387671731449932,0.97071003080252616,0.087185156671547623,0.050851516811615254,-0.077699791985764835,0.9956790976832478,-20.735343817160324,9.3000682568729527,-4.6632919346446258,,0.1721808276206384,0.5,0,1
0.98020256678341688,0.19706742521416945,0.019166585263425844,-0.19744717576735124,0.96567754410633488,0.16876461000534215,0.014749266174936496,-0.16920789203880618,0.98547001396241662,-7.0544145381219243,6.085131171783174,-2.684436222686553,,0.3273756477613322,0.2477064220183486,0,5
0.22058124366710868,-0.93351266983912728,-0.28266236076297085,0.97533749013496673,0.20879394899645745,0.07156722154511902,-0.0077907175211904493,-0.2914775842364023,0.95654593334989202,-0.14953661645502384,-20.064944737825851,-0.81495699992189818,,0.2618504731724862,0.2272727272727273,0,1
0.79103199744425878,0.61091928865595169,0.032341950582066091,-0.60932162130340373,0.78202875514489523,0.1309892665019439,0.054731534160281536,-0.12332335088957004,0.99085609969047994,-12.210021454269663,7.5516836899996109,-3.3966298234495871,,0.2505216681874393,0.4266666666666667,0,5
-0.94714257659733081,-0.28411761087608806,-0.1489903446087453,0.31412763920770581,-0.9156417684983823,-0.25084652293174758,-0.065151867834793029,-0.28438940727674455,0.95649249821753379,-33.848205164839094,2.6978943950967205,-5.7230006206174249,,0.3902442002431952,0.2307692307692308,0,2
0.71583034651757149,-0.69431586477328855,-0.074245504433959178,0.69795634373244986,0.71465644673858975,0.046077167649525436,0.021067919882203447,-0.0848035556984056,0.99617493428250026,-3.8027844297600355,-4.3611411500620765,-1.8124727136127958,,0.08671480397583256,0.4094202898550725,0,5
0.70988439755702271,0.70430277529858332,-0.0046629188084727482,-0.7024674577462926,0.70848313352670267,0.067757806307784801,0.051025610359524097,-0.044824660789522047,0.99769090247057024,2.8862676615542191,-13.272870040772194,-0.80554599247074798,,0.08674053314413606,0.4,0,5
-0.61366747751667161,0.78947234944793809,-0.012067994675098061,-0.78935893695887649,-0.61378479837883648,-0.013442095156767014,-0.018019314123407557,0.0012770028205685009,0.99983682347787051,3.4959365067444415,-14.587648501742152,-0.64994504427160893,,0.08565188661689406,0.25,0,5
-0.51682841141973312,-0.82634334781717922,-0.22370754271515153,0.85564596958239503,-0.50701839295385165,-0.10393422893299666,-0.027538480109801651,-0.24513061972097638,0.96909886564191783,2.3188520358887166,-25.564870273487728,-0.43905162021605493,,0.3416744008367368,0.1666666666666667,0,3
-0.58613095469101029,-0.80323370882344003,-0.10614194723456537,0.80848415154827669,-0.58839904082402839,-0.011829854294351103,-0.052951682204320401,-0.092747925945023152,0.99428061511055754,-11.478684130621422,1.3284441368317115,-3.0266386115975821,0.2965601210617014,0.2499347439485033,0.5118343195266272,1,5
-0.19865829874742355,0.98006002366168798,-0.0041509467632767595,-0.97999843925284402,-0.19859149728696379,0.012824830108519725,0.011744760566735355,0.0066156802805161221,0.99990914255929109,-22.509078874953182,-10.282077027466773,-3.761831827569257,0.3622818510764092,0.3182462753108282,0.8688524590163934,1,5
0.51614045619198723,0.84273809053426585,0.15294293133252759,-0.85522926665504029,0.49735068578216229,0.1456886982874584,0.046711143623428632,-0.20599710219969541,0.97743708899689241,-34.271769286799234,-0.19406474256897527,-5.7379093429729524,,0.5478463581347274,0.5333333333333333,0,5
-0.49412271416993436,0.86890363243951496,0.029141394523133975,-0.8693197243136811,-0.49337119262933382,-0.029463251733194192,-0.011223201883691745,-0.039891650967644986,0.99914097900273957,-29.896980147851909,-1.9520782957731495,-5.0771925322456113,0.4411242009984024,0.4474314039778403,0.7070707070707071,1,5
0.51400100167615215,0.84562071598450317,0.14397421635059696,-0.85653844988259098,0.49690820251492801,0.13937044932879911,0.046312570093230518,-0.19495600265505919,0.97971797109174241,-7.29878106407046,-23.696391231715427,-1.3635649742062206,,0.4125127214388753,0.717948717948718,0,5
0.97357323367930448,-0.21760800710352141,-0.069295843364935356,0.2227502158346242,0.97175330171130692,0.077960643653083583,0.050373604286890174,-0.091336060007034134,0.99454523483526902,-13.585999585485848,3.4895399466753867,-3.361022002546012,,0.1374505287444927,0.2142857142857143,0,2
0.98858240766161287,-0.13759558720544637,-0.06141887041910124,0.14200630010167109,0.98706655976874058,0.074389631789237409,0.050388828061427256,-0.082262147843905675,0.99533607642780864,-3.0763515454039512,-10.377671136637463,-1.4833826497773264,,0.1123680005829823,0.3333333333333333,0,5
-0.54695202843685353,-0.83144481001296355,-0.097688312972004351,0.8358281161923633,-0.54893808199308247,-0.0076382144562342699,-0.047274081388590114,-0.085828375495873521,0.99518774670340593,-7.6434544919921041,-10.189133440577638,-2.0637281752569088,0.1493555536267864,0.1185127220350531,0.4230769230769231,1,4
0.9424472462690483,0.32921013347066697,0.05842838368561773,-0.33123695116088092,0.89548316861766619,0.29730788235112227,0.045555133470688604,-0.29955063468917936,0.95299220724609179,-26.044403654988912,-6.1941720964507967,-4.3464959533480005,,0.3032753594341366,0.2592592592592592,0,3
-0.6838334132120728,0.72884510146031345,0.034010013996361638,-0.7296034956358799,-0.68260322465209322,-0.04161221996565001,-0.0071135174584738012,-0.053269651508812618,0.99855482678593999,24.640800945668907,12.310478933525093,0.043020775176639305,,0.5025489258695677,0.3023255813953488,0,5
-0.11809488138052079,-0.97839358492677597,-0.16970442529838059,0.99279266529531185,-0.11984456269679411,6.7289272964583105e-05,-0.020403988030598105,-0.1684733621856794,0.98549500430306669,-19.383639032376596,-5.0768220703868714,-3.5679337349007754,0.18543162033903,0.1566717112237857,0.4782608695652174,1,5
0.27909660202852676,-0.95554260858929785,-0.09509684488188444,0.96024682589031196,0.27714462828954128,0.03341987997932272,-0.0055785395678852445,-0.10064381839244312,0.9949068809268925,-20.214361906812055,-7.0707501632822822,-3.5694178841761413,0.1525806381880782,0.1234705532945877,0.4285714285714285,1,4
0.98907236282844113,0.14499816814450892,-0.02667193888154399,-0.13865645077982169,0.97633858792463346,0.16594381695765337,0.050102392618586213,-0.16043220675434533,0.98577444544369464,0.77001453340012693,-2.8151895777492459,-1.3608169175014726,,0.1196922680001706,0.3221476510067114,0,2
-0.91878718493956035,0.39296520153083941,-0.037529444129435062,-0.39244914197404435,-0.91954393352131591,-0.020557852221993717,-0.042588493219106176,-0.0041598930240894522,0.9990840382747358,10.801992817184516,-16.936110347316873,0.029326346458210462,0.4354518606902439,0.3417258232424359,0.6857142857142857,1,5
-0.97820170657071714,0.20763160049992943,0.0032464959533086879,-0.20406875863811666,-0.95828754502440516,-0.20010228084406534,-0.038436480198311807,-0.19640290100947302,0.97976963489640179,-2.4186858060207195,-14.012538345850071,-1.2360297675878833,,0.1313451932983721,0.3478260869565217,0,5
-0.95933190860540229,-0.27039603153134373,-0.081044896592045335,0.28157174820553255,-0.93696793733978334,-0.20690199373063287,-0.019990991571078667,-0.22130763775643,0.97499912293636071,-10.547750805442311,-10.38102013986683,-2.4618124226791465,0.5409478840027228,0.3602988504973686,0.2608695652173913,1,3
-0.19200798338635283,-0.93339786760767751,-0.30315236278370944,0.98100328677717619,-0.19125365653614157,-0.032474454482440816,-0.027667411304322553,-0.30362881880183146,0.9523886049007102,-6.2622904576517691,-8.7208308281495501,-1.9806391932348559,,0.07415778648579577,1,0,1
0.98856220299381226,0.14506201317774312,-0.041252674396231023,-0.14226757393992109,0.98774997677367737,0.06410866391408733,0.050047060026242117,-0.057506484125014801,0.99708991373211153,-4.9744362977117351,-21.675158809724319,-1.2135207900342353,,0.212710101898292,0.2,0,1
-0.93329008296739335,0.35908656430142177,-0.0051439647079898499,-0.35791341084963968,-0.93122494818357671,-0.068688326624484985,-0.029455243483856194,-0.062265040100330238,0.99762490617095723,-3.7551702319353013,-15.516082736697967,-1.2552294881989103,,0.1221624146401659,0.4761904761904762,0,5
0.93940063752090897,0.34263181477325982,-0.011396566609800428,-0.33696393403257952,0.92895883782555355,0.15326703750997273,0.063101104480005013,-0.14013892082850687,0.98811908871472776,-4.5820304939101666,20.154193757362812,-3.2731733315629756,,0.2821031771975333,0.25,0,5
0.79602738065891288,-0.59383999962856149,-0.11702334845004421,0.60493905856280816,0.78689377263425531,0.12184796270177163,0.019726750022587301,-0.16778630882935339,0.98562599899909686,2.4671039763276879,-9.0328456694598795,-0.98754676739021441,0.1989920896292192,0.1429007924791628,0.6153846153846154,1,7
-0.99430469686898737,0.10376402649719173,-0.024314534529014904,-0.098411933387673747,-0.98150133057047328,-0.16422615338395954,-0.040905514923694875,-0.16089799530597595,0.98612300143305998,25.647029997162676,18.089075231623788,-0.007824826142070869,,0.3089719094995734,0.3076923076923077,0,3
0.027423903577930848,-0.93694320191649194,-0.34840402680654919,0.99961416538162062,0.027241745965972775,0.0054228816260327561,0.0044102019174767741,-0.34841831705465154,0.93732877180840335,11.152567922629361,27.673059307006142,-1.7940122452072602,,0.3777320265490199,0.2352941176470588,0,2
0.32655224266877331,0.94493050386508948,-0.021678922327094799,-0.94455875072178574,0.32708294479686728,0.028731753477822457,0.03424031604549501,0.011094597256286053,0.9993520454118392,-0.56591751985996563,-13.458461056931391,-1.108408789014067,0.3330108018471944,0.2966812651739361,0.8467153284671532,1,5
0.86688500467211482,-0.49084484014660668,-0.08707313923409081,0.49774184093065205,0.86192789435552852,0.096609340743064598,0.027630571141267088,-0.12708913341940886,0.99150638107130229,0.92064094177223499,-13.249442538484354,-0.97263822759873853,0.3971837791616399,0.1187754322398755,0.3970588235294117,1,5
-0.9300194353165061,0.35996842487129688,0.074071472438754143,-0.36695238815756237,-0.8984490948745375,-0.24111235709640899,-0.020243388032377116,-0.25141988190038184,0.96766639304368174,-13.250956655510187,-4.9672170382537324,-2.8969742234521991,,0.5180810858757872,0.3023255813953488,0,4
0.45880023108880436,0.87990068152559986,0.12360072250454235,-0.88849478596949738,0.4557114291759895,0.053889782179874342,-0.0089086058323923512,-0.13454324200480028,0.99086767672225606,7.7911750454377611,31.599046228008049,-2.3050901261011991,,0.3190776238059805,0.4736842105263158,0,2
-0.95836943270112085,-0.27946627638069854,-0.058537431016718641,0.28517562175202987,-0.94707247791583271,-0.14740619502824823,-0.014244129403839276,-0.15796303979181245,0.98734228251263267,7.4112615013203813,27.532482181172998,-2.2023846414059749,,0.1924707813729943,0.2941176470588235,0,3
0.21560282258644636,0.97427440796438991,0.065610981385695877,-0.97631717120173245,0.21384816709173074,0.032768012575575323,0.017894247941817619,-0.071122003748094367,0.99730710238795139,23.438215804813304,15.918915818471623,-0.13156789378457448,,0.2515967935980705,0.1428571428571428,0,4
-0.72113960189633186,0.68911386053627843,0.07127244764694822,-0.69245547034737209,-0.71377150857244731,-0.10505072649064737,-0.021519669207497694,-0.12510923533856186,0.99190956395742069,-14.889427587627205,12.101846460088771,-4.117935367924642,,0.3492338481147332,0.2,0,1
-0.32549057171156293,0.9365354756347265,0.1302197780850311,-0.94553313371314396,-0.32308315256350595,-0.039804140239760144,0.0047938270181568559,-0.13608298720729653,0.99068584314870323,-7.9018258287580023,-19.926519331508167,-1.5341587502978802,,0.1296994246647871,0.4,0,3
0.28358023437826857,0.94649763502544959,0.1540275220900359,-0.95842671903840648,0.27444797304418589,0.078080306897530288,0.031630284589944838,-0.16976612436869748,0.98497664343556413,-9.6587868186448347,-12.457170234170382,-2.0576432900316446,,0.07382126519973539,0.4285714285714285,0,1
0.96342629286360548,0.26731269608029079,-0.018806933119902128,-0.26043990446338833,0.95055681280435,0.16915319031675793,0.063093853759233848,-0.15806855520792942,0.98541031934534073,12.881041719753625,-17.285589344121185,0.23707527338466997,,0.1808352578685561,0.3,0,4
0.99649243479101235,0.081208347039760514,-0.020199796418512633,-0.074919390449974546,0.97329527596708965,0.21698707499468861,0.037281528118946514,-0.21471262224474871,0.97596545917870459,7.3666017817841629,-13.782293018492334,-0.32839795140810357,0.7911257899319816,0.4388871679788198,0.5625,1,3
-0.99648293791459397,0.078917633869702838,-0.028173773433932282,-0.070149728166710598,-0.9695441758404546,-0.23465529342418426,-0.045834158476355052,-0.23185361364072135,0.97167027934299977,19.167651184845116,24.086020251184014,-0.85190043068132104,,0.4978905631489621,0.25,0,2
-0.59687501052335445,0.80201779949852692,0.02253155787523406,-0.80084260607019464,-0.59381879314237795,-0.077655400415089046,-0.048901350854997576,-0.064394799467575439,0.99672562307090606,-3.9942314131826246,-26.862211044434385,-0.99914836343690472,,0.2291519759969358,0.2,0,3
-0.53621033042012078,-0.80397022684905151,-0.25711934172875761,0.84302804735825132,-0.52532328722709487,-0.115495260786983,-0.042216026791716592,-0.27868856854417962,0.95945322389615084,21.128133187022097,16.807985006892043,-0.32918798138590949,,0.1643807881335917,0.3333333333333333,1,4
-0.80290329586381037,0.58031608282134317,0.13630679187011319,-0.59583387044249614,-0.77431994256655245,-0.21309768975107468,-0.018118949322324416,-0.25231304080967082,0.96747601164723052,3.3823225712648708,-6.9269626084434908,-0.93092741984708227,,0.3959436500142728,0.1866666666666667,0,3
-0.53330409409773449,-0.81683513801509955,-0.21992521574946775,0.84503224752396389,-0.52635469791201428,-0.094187221163765586,-0.038823238700482446,-0.23607433001029027,0.9709591478774996,-21.043166455374621,1.4166965566900158,-4.1920262685360825,,0.4106170409168839,0.4444444444444444,1,2
-0.99319292350083443,0.11309026376703157,-0.027899981164317824,-0.10884994227383898,-0.98637838970753433,-0.12332624369919694,-0.041466935923069749,-0.11944984118480451,0.99197390523444584,-37.429725908808472,-6.8686277240958251,-5.7757886905822291,,0.4004931551372474,0.2666666666666667,0,2
0.8390880728263026,0.5323794512989487,0.11181827165213758,-0.54392708290109426,0.82432941758068834,0.15692144467149269,-0.008633338134638192,-0.19249189890931143,0.98126058431333107,-10.357005189331979,-14.88057285101929,-1.9889275473176109,,0.5754141016001423,0.6213592233009708,0,2
0.23295731583896706,-0.96495687789088125,-0.12078539981382767,0.97246072354728053,0.23023491548117955,0.036221883596427952,-0.0071435393890389495,-0.12589721007415786,0.9920175715885986,0.6936771955467278,-16.191108953970382,-0.79480143518973168,,0.292594579080552,0.5769230769230769,0,1
0.28176618494474603,0.94604798067358375,0.16000323523328339,-0.95939514057920861,0.27553733845300094,0.060333567367070177,0.012991583994402067,-0.17050628546089031,0.9852709400787405,15.256646217308118,23.726644137192185,-1.228709479918382,,0.2391769139129135,0.25,0,2
0.99259683679057664,0.12030183245233572,-0.016702954886820349,-0.11084453105764683,0.95348571511614366,0.28031853489212222,0.049648862302688931,-0.2763918598259828,0.95976170495283997,5.7372650973959445,-15.974624775482066,-0.38583077754366074,,0.763446381432196,0.4189189189189189,0,1
0.90494974733142297,0.41367540838748351,0.099692583978161026,-0.42481298704410775,0.86481935628121842,0.2676217611480835,0.024492465034306476,-0.28453494951725672,0.95835274385779035,-14.282466539729331,-7.1983336558459508,-2.9284884270570641,,0.4416991619148644,0.2765957446808511,1,2
0.92892613543065505,-0.35521441497032491,-0.10449380034796096,0.36835334189014335,0.91520667370054065,0.16343977463382781,0.037577259509348822,-0.19031411879123161,0.98100381536285863,26.567612440312796,8.0368074815284167,0.54078662161755764,,0.2846714146836096,0.5833333333333334,0,1
0.73840947136111246,-0.66728147186091846,-0.097400666914189041,0.67397060941735842,0.73511367687270168,0.073290515868640133,0.022695159082870633,-0.11976359791615891,0.99254300177291066,-8.014704025515865,-7.9789670144748932,-2.2143552659816224,,0.07871082479265372,0.1851851851851852,0,1
0.16230161940045079,0.947731516926274,0.27470558087635538,-0.98638942926832673,0.14839662242834806,0.070811978362163866,0.026345363305455505,-0.28245957989858117,0.95891736221419077,15.909726076380977,19.521351821324441,-0.96878914225899038,,0.5806129878924801,0.28,0,1
0.020913297332850557,0.99947175058589244,0.02487677180501386,-0.999584837269061,0.02040946928336395,0.020337321980911555,0.019818857092466939,-0.025291764358035054,0.99948363646395189,-9.2382920564302751,-6.4609092804796102,-2.3972253943865605,,0.1239368671132052,0.2222222222222222,0,1
0.53936427213998461,-0.83515951335765304,-0.10767900996533127,0.84205874260828062,0.53565987775241597,0.063289567570248492,0.0048224408619455027,-0.12480818328329274,0.99216916977381331,19.756324378129356,-24.36735179843182,1.0294131887381777,,0.507626902285813,0.9629629629629629,0,3
0.14889745215298519,-0.9295167320647979,-0.33738434100285053,0.98875724431013334,0.13521021627005522,0.063853811479316167,-0.013735376463010139,-0.3430988811228961,0.93919885924421553,4.8039265334545282,-10.036104378867904,-0.7624714046772505,,0.3584724329293058,0.186046511627907,0,3
0.87644558712768783,0.478294261902385,0.055477309196235995,-0.48034847085007459,0.86055814365991645,0.16942558228494714,0.033293833609200491,-0.17514074457946968,0.98398030479870446,-23.851209924028634,-7.6021966738554214,-3.921093570435394,,0.1639124983033126,0.2142857142857143,0,2
0.29206355624764085,0.94830452006026733,0.12416688908580602,-0.95636584029076388,0.28850202853150531,0.046162312097068128,0.007953529840381007,-0.13223130025252011,0.99118697761653707,16.043242283030828,-20.047129661975362,0.55864437173375525,,0.6470898745886461,0.275,0,2
-0.97103198122139434,0.23680166303107741,0.031966604933447031,-0.23521135514577829,-0.92367786217802972,-0.30248111566296515,-0.042101185918469813,-0.30123774549007259,0.95261918458338735,10.333013480486857,24.495566284333201,-1.7642994955023288,,0.5219614329725755,0.2142857142857143,0,1
0.88964454899917,0.45630901613300345,-0.017738608507792963,-0.45394565283951605,0.88792547223833163,0.074308142342813632,0.049658037659253459,-0.058055469562003914,0.99707755051939972,5.5698857257747685,32.894787422193325,-2.6947861916882303,,0.1350116438013731,0.5454545454545454,0,2
0.90753987933163205,0.4185601218108374,0.034333538303296753,-0.41820733770490537,0.89324072011440692,0.1649958745522784,0.038392578872774911,-0.1640988737292029,0.98569648955868006,26.639186352003271,9.5634521748251142,0.41901723320167039,,0.3376261180980571,0.2727272727272727,0,3
0.77059214055272507,-0.59095901055908295,-0.23865288759493447,0.63684059089971612,0.72863077476235094,0.25205407326944312,0.024936212640872698,-0.34621473381161499,0.93782383387866786,3.2517393307449263,39.209730421801346,-3.1047144503290878,,0.371061750119883,0.1,0,1
-0.51203505591564946,-0.84143418136023607,-0.17265173023194896,0.85893369729564573,-0.50327070310731192,-0.09461238314249594,-0.0072804645104797916,-0.19674124588529923,0.98042841503294398,36.716037435759844,-0.049175734457080227,1.8296184990053324,,0.3293681121300322,0.3684210526315789,0,3
-0.021334952315447304,-0.9933491210250458,-0.11314744172302586,0.9995124074537336,-0.023773124525032156,0.0202431691283242,-0.022798402482152515,-0.11266038482574632,0.99337196987592513,6.8068855875105898,-17.138941959149257,-0.29883018765853026,,0.1405526932425152,0.1818181818181818,0,2
0.60782534205127581,-0.76277687563991603,-0.22072560238734795,0.7940121607128473,0.58045165630388729,0.18061163676294262,-0.0096458384998393126,-0.28503914237009936,0.95846734170578451,4.83525741249432,32.171212879367467,-2.7343955423310105,,0.2840651620103888,0.2666666666666667,0,2
0.9964136830969258,-0.063063511679020509,-0.056416005104310024,0.070623540382962605,0.98705670215921726,0.14398396530984364,0.046605661469348823,-0.14745189119601096,0.98797057248772557,23.91350230613439,13.31814156044307,-0.034667204821297634,,0.2484210682405937,0.3076923076923077,0,2
-0.92048415146137563,-0.37899685965242613,-0.095238160849682535,0.38738488607928651,-0.91702883529093093,-0.09482122801512613,-0.051399192073115246,-0.12417526170118409,0.99092816461924882,13.742786461145581,-18.839362485029692,0.37338694283089408,,0.2189306642578797,0.5,0,1
0.77351577165782748,-0.59478368845189344,-0.21887374202530069,0.63367008535674707,0.73214708007351781,0.24984570451339685,0.011643621454248319,-0.33195333571359653,0.94322394424020395,28.445445442992739,7.7757916681756978,0.67046870985259766,,0.5530403948860402,0.4,0,2
-0.76760069854653812,-0.62186065907373289,-0.15517244693323873,0.6390669966556225,-0.76103963618718795,-0.1114093619837884,-0.048811283290124963,-0.18468349370870898,0.98158518009142537,7.6300145496026994,28.839991050511898,-2.2544155201681528,,0.2250982326183621,0.3703703703703703,0,1
-0.99657454122742062,-0.047588331640918705,-0.067635304900547921,0.066614653666540458,-0.94657709809805812,-0.31552224212113161,-0.049006853543591349,-0.31894693610049479,0.94650471750428378,-11.928639861680773,4.9987704843152638,-3.2385843607193681,,0.5212409694774679,0.2439024390243902,1,1
0.99211840644859661,-0.098071908744808201,-0.077993386264778961,0.11681317400211641,0.94911051733125529,0.29247890226604012,0.045340378973364064,-0.29928435743678045,0.95308610493921531,3.720669228117476,38.265253795879055,-3.0560306494783136,,0.5046379098880741,0.2142857142857143,0,1
-0.097983620661075368,-0.9427952950589582,-0.31864751952092452,0.99491978947182047,-0.10023374131618171,-0.0093706786898582022,-0.023104601262395764,-0.31794689606356008,0.9478269613616469,37.851929823490352,1.8300509063448036,1.8387189896490972,,0.1796272972860147,0.1428571428571428,0,2
-0.90751319221822302,-0.40602147156923052,-0.10754706213861126,0.41687498065201739,-0.90197667568966478,-0.11248700821961956,-0.051332800978224388,-0.14691712336067936,0.98781592536623564,37.839927262989669,-0.87429655389523431,1.9964340810058332,,0.1607158962633594,0.2727272727272727,0,1
-0.78833145593844922,-0.59567915011659167,-0.15394760697828264,0.61327086029619671,-0.78085559307059793,-0.11901006126343783,-0.049319037800098088,-0.18823095623924221,0.98088569141553517,-7.972183399801291,-12.499531144620248,-1.8429296157596069,,0.3418668496382867,0.3793103448275862,0,1
-0.39077035616740108,-0.90405073555967308,-0.17317850985274419,0.9197824283573014,-0.39086395737643381,-0.03500930318043205,-0.036039051401896116,-0.1729671482046459,0.98426802874826924,10.803506454955587,25.9930976068398,-1.7445044964137377,,0.1413936214365878,0.2,0,1
-0.46471983487412649,-0.8694495582682249,-0.16760948869844441,0.88460199559839947,-0.46419741287425947,-0.04472215630058668,-0.038920231986647721,-0.16905096127509478,0.98483855937614084,-8.1598847988194549,3.5010615655563608,-2.6769058258216263,,0.5554487087225589,0.3541666666666667,0,1
0.81051636126956539,-0.56295523951409743,-0.16169300052249699,0.5851257311002428,0.79062538022742268,0.18038677042579687,0.026288912467983015,-0.24081716393120337,0.97021440240669599,-7.1267952772376049,-13.098247798422983,-1.7179599259442502,,0.3523345512633762,0.225,0,2
-0.28489839838391373,0.95246038341757955,0.10794498885228457,-0.95854765461128999,-0.28359926681762848,-0.027529070084180023,0.0043927710476374575,-0.1113134038673806,0.99377564353428471,-1.267630991777988,37.025760277048619,-3.7209754093341543,,0.5234882828730549,0.4,0,1
-0.2590019632441688,-0.91573107932518494,-0.30717189551389212,0.96539246974719017,-0.25550211541600221,-0.052307249720926478,-0.030583694856666659,-0.31008911521670529,0.95021543779978357,16.381636057170311,28.555830845973354,-1.2950504440464865,,0.328211864981637,0.28,0,1
-0.80504900372137655,-0.56210810064050876,-0.18955364623646356,0.59112240505157254,-0.786933482591605,-0.17694630886879945,-0.04970315737720768,-0.25449985691659532,0.96579470850495386,-1.4565263919882532,1.1887213632495393,-1.7336483689175382,,0.2875212386193553,0.2314814814814815,0,1
0.25159153823610925,0.95196223282323633,0.1745554501188282,-0.96736016471910147,0.24170467934026135,0.07611280903799289,0.030265650540189953,-0.18800732768490644,0.98170119442433146,-19.540312208892352,-7.6925233519252432,-3.4873402591948484,,0.6946904784299878,0.375,0,1
-0.2806230830363235,0.9349948529738259,0.21687625545375366,-0.95980692251936151,-0.27445026098203251,-0.058717337565711167,0.0046213365058220294,-0.22463677160996473,0.97443161078115259,6.5035745091046673,34.674543246359619,-2.6283946877278881,,0.4582384048935401,0.1481481481481481,0,1
0.081458984576536345,-0.96801104260287152,-0.23731636106822046,0.99656596049588064,0.075558054647141423,0.033871326499904923,-0.014856655501261902,-0.23926053117228083,0.97084173685028385,31.237456653892018,8.164335716162654,0.86959332376351239,,0.4079337145181009,0.2857142857142857,0,1
0.95889287823613834,0.28115266803751104,0.03843989234379231,-0.27911084465975378,0.91001918610753696,0.30653257136802464,0.051201410735759706,-0.30466089045291561,0.95108367527105786,2.9414748471438688,34.969313971919512,-3.1345495710334954,,0.3063190421928232,0.2,0,1
-0.29549888532552204,0.92636706395753543,0.23350475709515883,-0.95533542960122964,-0.2875124077655935,-0.068343487835085412,0.00382435877074357,-0.24327079190796058,0.9699508730262919,33.518595292217434,15.027512143887106,0.70742691854253303,,0.2279911006831676,0.2,0,1
0.72043460401757398,0.6819834757299823,0.12598619037535433,-0.6918911731943278,0.69432651898475406,0.19798305354320447,0.047545617987559449,-0.22980257584667635,0.97207519788564434,16.659292563136891,17.458104276697856,-0.77176891951974691,,0.6501935185603958,0.3214285714285715,0,1
-0.38808014819523318,-0.86393487557432613,-0.32095222283564145,0.92092492364116907,-0.37708816013581664,-0.098497738562319831,-0.035931651691402354,-0.33379791828553712,0.9419595883874049,-26.729244920474951,-5.3224282046920504,-4.5340778987680546,,0.4079845858828573,0.2,0,1
-0.99108708981850713,0.13255621454805383,-0.013237461228389204,-0.12533802191920265,-0.9615292990990969,-0.24444178700742075,-0.045130484779849898,-0.2406039421096216,0.96957360854390318,33.963874486594641,20.636022987518675,0.7082663921447665,,0.4864652291579815,0.3888888888888889,0,1
0.62351901325318426,-0.77301262124633918,-0.11694241106475915,0.78166113621850886,0.61928929618785111,0.074071828334028478,0.01516272526180884,-0.13759453121770426,0.99037257471196938,5.4119069926928125,31.25759656773813,-2.5817371299987939,,0.08698085546252785,0.4615384615384616,0,1
-0.10155946001851475,0.9711680644425843,0.21568093723737419,-0.99473293116140205,-0.10215458284188433,-0.0084164640702393875,0.013858995049885661,-0.21539970244001033,0.97642761966515568,8.948388280045215,26.880446632232953,-2.014526279286716,,0.4677109487570974,0.2424242424242424,0,1
0.93496112543068388,-0.350722454271578,-0.053305290573356839,0.35269166701872529,0.93514608205549377,0.033322563403979877,0.038161262412840222,-0.049955633175655122,0.99802212037864046,9.5833960802163141,-20.393701158457233,0.054462777847605275,,0.3030401026779876,0.3928571428571428,0,1
