axis_00,axis_01,axis_02,axis_10,axis_11,axis_12,axis_20,axis_21,axis_22,location_x,location_y,location_z,dbh,dbh_approximation,score,reconstructed,number_clusters
0.74992751322128282,-0.63010662240213622,-0.20143080528736496,0.66140305578189273,0.70846410992196718,0.24622063836090233,-0.012438758624507943,-0.31787458117541867,0.94805117368549019,-10.286665914605928,18.207399075944384,-11.315576064732694,,0.4952890924546324,0.2758620689655172,0,1
-0.87868539697956061,0.47531548496251419,0.044577605248865726,-0.47735588880779622,-0.87605069055777862,-0.068312099907403168,0.0065824429653858129,-0.081304227000139326,0.99666759459536913,-16.287652468699605,-21.433620125068217,-12.420496160859685,,0.272416741160708,0.1428571428571428,0,1
-0.35106849416765806,-0.91284782204945325,-0.20847006063802578,0.93593960980341773,-0.34869616430080141,-0.049275062688272094,-0.027712076859695588,-0.21241430926723751,0.97678667170198652,14.999295767994459,5.9041497373017764,-9.5145795852242916,,0.4192022161126935,0.6942148760330579,1,3
-0.55402111072054094,-0.82607227177360654,-0.10327250690658644,0.83250110394991428,-0.54997737050852147,-0.066834151829030686,-0.0015877021608379912,-0.12300200703779327,0.99240515187423506,13.013178069745525,10.837248450652648,-9.490262151905311,,0.5218462727230991,0.8252427184466019,1,4
0.30238003911509492,-0.91971720075700281,-0.25037288706339078,0.95189157839991456,0.27767357279448085,0.12961408080477738,-0.049686365494701006,-0.27752055347893029,0.95943400371295806,15.219687852858623,-23.909418712554906,-8.9446406924290756,,0.4979023958756934,0.3333333333333333,0,5
-0.64037410938219108,0.7500494135396929,0.16536891268230874,-0.76395399547002485,-0.64425116163082208,-0.036259254580327041,0.079342881459842751,-0.14955372942892264,0.98556501012137743,-21.980435121847094,10.80732766643346,-12.341027853543611,,0.2116221381313873,0.4444444444444444,0,2
-0.99915651408520101,0.040709769259907783,-0.0053828475653568695,-0.040541500658278405,-0.99877551606996329,-0.028352340706722275,-0.0065304736031642115,-0.028110197188570312,0.99958349812736291,-10.853363020138447,11.241838256783639,-11.4185323525075,,0.08874605869403625,0.4259259259259259,0,3
-0.99932644469214826,0.036212966771990485,-0.0059395266244278355,-0.036182704553368764,-0.99933204607876713,-0.0051257751831734547,-0.0061211788207177322,-0.0049074145530534387,0.99996922375253638,-4.7907191291712214,9.5034975823213816,-10.920468759540158,,0.08207353473447954,0.1538461538461539,0,1
-0.93500300276121573,0.35387789152260007,0.023234085285002634,-0.35423329653569335,-0.9287889058678257,-0.1089492540695156,-0.016975171662382889,-0.11009816632608958,0.99377574800287183,2.4351117260559016,9.1847216302713797,-10.288559613542203,,0.1198619927111219,0.1923076923076923,0,5
0.96251104233807905,-0.26183200051036426,-0.070827232658104103,0.27124212183768837,0.92868077587985842,0.25294214329006592,-0.00045245801266581884,-0.262670934859425,0.96488536897489696,-14.894582162695151,-26.929633180213852,-12.26311171571432,,0.3367248437575686,0.1363636363636364,0,1
0.26309809801059036,-0.93059523959176083,-0.2545032236973927,0.96420120417115396,0.24457952160654145,0.10245435806061623,-0.033097261187408279,-0.27234786149311069,0.96162945755733997,-1.4289648567735511,-30.66746229041631,-10.645459047179163,,0.5704936615847528,0.2941176470588235,0,2
0.41530284685022623,-0.90536070437136962,-0.088575055056576854,0.90899177479454218,0.40921966386640574,0.079203661916189064,-0.035461228884031998,-0.11340750277315828,0.9929155248865793,-24.528189063208814,14.636989800331385,-12.340437130012281,,0.4811580917308776,0.5102040816326531,1,3
-0.60349280620937396,0.7946229062612985,0.066112553258704715,-0.79718135161394221,-0.60306973802309027,-0.028439123047847591,0.017272101565961314,-0.069866500739702173,0.99740681097628692,-23.475466219473546,13.940825814709241,-12.284630600719565,,0.1426755773496305,0.5185185185185185,1,2
0.65123690737996742,-0.74775476329675628,-0.12943455656503716,0.75884454985118366,0.64015401711930286,0.1198239689176311,-0.0067408921761169882,-0.17625449875969462,0.98432154910864333,-4.7694308316960043,14.783766321174815,-10.658092849317445,,0.1733852534290004,0.125,0,4
0.062315650776901356,0.99577733428199222,0.067411128150328223,-0.99775388681321819,0.060491395546960619,0.028774509794180808,0.024575211440912095,-0.069052817430064681,0.99731026636027564,-13.50735124478958,17.983505680239549,-11.532850969127605,,0.1139657419098208,0.3181818181818182,0,4
-0.54654464550245352,0.82842711397794055,0.12246414699322708,-0.83664196040239114,-0.54650276900355033,-0.036945277986450434,0.036320525418028535,-0.12265088787951431,0.99178504684015389,-17.308033793673925,14.560675627654197,-11.813805738548314,,0.2554604500623769,0.5531914893617021,1,4
0.44689852342764558,0.87028128168587748,0.20710432275879145,-0.89451604691038011,0.43185697794892647,0.11550148231363573,0.011079331117758785,-0.23687558199191372,0.97147681757105075,-4.8052875576580796,-30.033448582598481,-10.744704749299462,,0.2689582951559524,0.1333333333333333,0,4
0.82816332589305752,0.5603644843000235,0.011711122103242435,-0.56026010777587876,0.82705330226566087,0.045732339175076214,0.015941056448952325,-0.044435120643839615,0.99888507986287289,-7.2148762292059105,15.30218619340368,-11.070714705159782,,0.1000412183130854,0.4736842105263158,0,3
-0.90246441370392649,-0.42767798722145323,-0.05147350040782455,0.43058891360013274,-0.89222256271097788,-0.13613260474299024,0.012295099946121961,-0.14501874994517233,0.98935251183875517,-15.220827596464513,7.8585080933797853,-11.771913034900756,,0.147576200247767,0.3066666666666666,0,3
-0.81562678689419688,0.57723289086041307,0.03943518999041383,-0.57857797155625812,-0.81381067753383196,-0.054403234846574562,0.00068944216212788324,-0.067189067867151328,0.9977400231666812,-15.620367904174223,-29.08208963493508,-12.270005252337516,,0.8687905920891879,0.7894736842105263,0,2
-0.17816996753131509,-0.95777322179305724,-0.22566771653481571,0.98361036711978689,-0.17980355277338481,-0.013465812435451932,-0.027678662618853146,-0.2243683088723013,0.97411126346501931,-10.178821898346367,14.49020575795927,-11.338824264290514,,0.6798741905255656,0.5833333333333334,0,1
-0.36485973936971289,0.92247393419305845,0.12617135697711043,-0.9309356321442015,-0.36368181812976252,-0.033081474666417018,0.01536943041689713,-0.12952751019073283,0.99145670844089262,11.998484069390452,-29.753341548343982,-9.1258267590945898,,0.3628671233204693,0.1578947368421053,1,5
0.96002292004982759,-0.27117604883025459,-0.069422932232909546,0.27990891398011014,0.93233112850630762,0.22893157644289891,0.0026444004006587582,-0.23921165807495057,0.97096384576747019,12.439197075982854,-25.785732176529645,-9.3897984344310998,,0.4961250878696206,0.2264150943396226,1,4
-0.99805740836569812,-0.058984010870581353,-0.020057319560852504,0.062058450522516642,-0.96962029300877717,-0.23661199484454953,-0.0054916595935436165,-0.23739708053637057,0.97139717305936069,5.3951611638915011,10.712390001278891,-10.048057954618054,,0.2774847315876782,0.2592592592592592,0,3
0.97532579123395269,0.22051866133128517,0.010541392627333168,-0.22039670574010337,0.96978672670008514,0.10458965921755997,0.012841068988829802,-0.10433228034023337,0.99445959305857801,-11.915344750760063,17.368974585393754,-11.473169057652081,,0.2061132036367438,0.1111111111111111,0,1
-0.6911167609700527,0.72237829115152608,0.02296142807547295,-0.72259766604880338,-0.6912662300021718,-0.0019005997492269216,0.014499507822188631,-0.017905410679070435,0.99973454503749615,-9.3916619387127938,11.171244129316262,-11.19260472018544,,0.09523928973185385,0.5625,0,1
-0.10761124821608591,-0.98993771312852707,-0.091886578907032709,0.99381397348402567,-0.10966180755855878,0.017552038938003868,-0.027451873620347761,-0.089429369274595744,0.99561477617896021,-20.722872856133364,13.62319582297715,-12.091366077614611,,0.8768563419706159,0.4893617021276596,0,1
0.38836494801572058,0.91925565190210867,0.064356146550082344,-0.92109547300682992,0.38516073326945027,0.056871250677849657,0.027491758020729031,-0.081364955560537078,0.99630514765686207,0.9579607670526703,-24.132734631577524,-10.573406257774536,,0.5458503665550811,0.25,0,1
-0.81600641000067342,0.57680397056658339,0.037824838088705834,-0.57753370773237733,-0.81628616293424316,-0.011476786788214207,0.024256035758250642,-0.031210250571140987,0.99921847710527323,1.817744452807172,12.926408345780814,-10.346465906514117,,0.1265814329527509,0.2962962962962963,1,5
-0.31217134982214007,0.92104550528134965,0.23286095755030836,-0.94934930956025387,-0.3116815273907772,-0.039881247733998468,0.035846014948547743,-0.23351617221163845,0.97169195763263017,5.8291925679042231,-24.688231232082114,-10.037698072218371,,0.2709044905829426,0.2962962962962963,1,4
-0.10605991746198062,0.99414737829502997,0.020549553208703948,-0.99405326302049746,-0.10651764403198026,0.022629666108412948,0.024686113227071579,-0.01802724990107505,0.99953269785172394,-17.89086721310478,-27.869329273734483,-12.631747650268169,,0.4295531219841867,0.72,1,3
-0.5021102156311138,0.86164681320620384,0.073824796989026151,-0.86466259542524604,-0.50173744529003261,-0.024862261890443584,0.015618176313330507,-0.076317136250161094,0.99696126669155072,-1.0890550634173777,11.863287830464962,-10.578451729764277,,0.1678133500908307,0.2,0,6
0.28832190459463497,0.95137337528339649,0.10843975347076591,-0.95713136495755657,0.28306473768509505,0.061432112886933239,0.027749406217193576,-0.12150331304596833,0.99220306156222249,-22.653252001195575,14.687345409236697,-12.180125829411917,,0.112380220107025,0.2727272727272727,0,1
-0.7232713459023532,-0.674184881966994,-0.14951021745602852,0.69000229134787805,-0.71427244125172518,-0.11709704352791442,-0.027845971544842897,-0.18785532889820039,0.98180190327441974,6.9156272799274792,15.404033364559728,-9.9517214179793427,,0.2942202940094448,0.25,0,2
-0.99301734975902245,-0.11791898521960908,-0.0034140888017182964,0.11721158878276654,-0.98296057607473963,-0.14159784369062839,0.013341159341976385,-0.14100928624595493,0.98991837777658176,-9.6807057640309218,16.287984677599457,-11.315274616056518,,0.780560576178664,0.9848484848484849,1,5
-0.30188147706311508,0.95020982221672234,0.077258446587148144,-0.95312327565512556,-0.3025679631522421,-0.0029409315443557275,0.020581428780265875,-0.074524636441720762,0.99700676193925319,-14.860420466246914,-32.958232734259866,-12.057826062161535,,0.1449649019516955,0.2,0,2
-0.34327391504892185,-0.90321011761068348,-0.25763249541290639,0.93882831855895321,-0.33803875592890353,-0.06581176005705397,-0.027647920694940018,-0.26446414300569154,0.96399912320785441,-13.905606501750203,-23.05789087904655,-12.169921409879148,,0.6450989483659973,0.1764705882352941,0,1
-0.63788301099526545,-0.74547622926396351,-0.19331439647888835,0.7668107899985448,-0.63808760382277541,-0.069609066862845279,-0.071459615346162839,-0.19263800624511082,0.97866445829226256,8.4879896554413286,-25.608179595976722,-9.3527617446828284,,0.4408356741571839,0.1428571428571428,0,4
0.058132491524863592,0.99513077987569964,0.079594876550535473,-0.99799903467114748,0.055943168609133696,0.029466738561099309,0.024870468925410314,-0.08114858489187203,0.99639167346253865,9.5895801763392257,21.987131072235066,-9.8165027931582607,,0.6236708950128995,0.6875,1,5
-0.86551957298767612,0.49302294355943699,0.08834164306383846,-0.50078948908162479,-0.8550662206298103,-0.13443082222175209,0.0092604751819404686,-0.1605930741403242,0.98697725816634951,-15.321184835325859,13.541812640861052,-11.724005435097276,,0.3655313210609442,0.5303030303030303,1,4
0.82375966200099926,0.56579450997984171,0.03600821762698278,-0.55901463194141898,0.800023222036503,0.21786575104346478,0.09445983556729691,-0.1995981379647726,0.9753142687285965,14.745866506480992,17.400449595858873,-9.3690532808784219,,0.4739939066779635,0.1666666666666667,0,2
-0.76864274733871862,0.63419396122918636,0.083584367581634428,-0.63962419290538874,-0.76368773483769847,-0.087532482591298102,0.0083197844754598176,-0.12074379155426417,0.99264883921122082,11.267024645076001,11.99812036545625,-9.6187525161780485,,0.3008688797358933,0.2666666666666667,1,5
0.13362423116695049,-0.99061438568502425,-0.028769840439674045,0.99064859196504906,0.13270871654343494,0.031682231472232085,-0.027566865667087371,-0.032734315744752593,0.99908384657646054,-13.864623982340518,8.7621627294963211,-11.485425708343245,,0.1467465497851063,0.3786407766990291,0,2
-0.69193707630538215,-0.710482706038714,-0.12820845078958715,0.72137457745656697,-0.68752574162850677,-0.083229042992997396,-0.029013814525475551,-0.15007557768696908,0.98824871340599463,8.3797860951041745,11.46149797111438,-9.8040660011590059,,0.194741469980262,0.3043478260869565,1,6
-0.69015204369473826,-0.70280385536555201,-0.17250187670657915,0.7230172909883279,-0.67973662407055824,-0.12330498298551713,-0.030596625890360555,-0.2098210255919932,0.97726095987901274,4.8242183025412135,-27.993891214093107,-10.013201168443658,,0.721498275127117,0.2926829268292683,0,5
-0.95820902574501787,0.28505983866663548,0.024007318886856234,-0.28533652244765095,-0.94638245660682152,-0.15147050796877162,-0.020458053139645022,-0.15199057275432704,0.98817019478202595,-8.4427831971352454,-35.491379655654136,-10.716423573416542,,0.4414964067123255,0.7037037037037037,0,4
0.1543321176150472,-0.95203862539538542,-0.26420456700768852,0.98769175323926506,0.14178039628404299,0.066055429850132491,-0.025428292424017365,-0.27114714637038806,0.96220196786308576,3.121190067293973,15.33078606313922,-10.255406837862559,,0.1700235811648522,0.1666666666666667,0,1
0.45431886767913865,-0.88070012478988091,-0.13402110530000333,0.89038155076268144,0.44409600761645168,0.099997150362255302,-0.028549265002595151,-0.16476051169566597,0.98592033818843372,9.1368027261071063,16.115856352909748,-9.7882201861640326,,0.1713020374684728,0.1666666666666667,0,4
-0.97888259244634768,0.20332041102961906,-0.021205675284366787,-0.20114560861312644,-0.97649261009768651,-0.077476619442662098,-0.036459763317582758,-0.071575085632885879,0.99676862549714751,11.92268927757147,15.884509456786033,-9.6128866550649743,,0.4084394331436392,0.3571428571428572,0,2
-0.70223476029441478,-0.67761735239648679,-0.21840573519351653,0.71153771372298391,-0.67837317160756172,-0.18309539041976244,-0.024091977588266571,-0.28397986508601669,0.95852752325721657,-14.337613461064052,20.252502639502886,-11.554063575252481,,0.330416795079036,0.1333333333333333,0,1
-0.60655019093954987,0.79352457234038343,0.049148946715141063,-0.79486256201178396,-0.60657599715829846,-0.016095564093202907,0.017040345749380691,-0.048829425180189685,0.99866176148549646,-16.69362343496659,-26.362490692251484,-12.514476232711434,,0.7571263676836695,0.7096774193548387,0,1
-0.83596745965098784,-0.53415777638222106,-0.12583273157281438,0.54838998218419033,-0.82175009666153487,-0.15490386075492638,-0.020659957519272434,-0.19849999639082991,0.97988311424788999,-3.0326926528823384,9.7473633614511908,-10.752475828898234,,0.1172823561858804,0.2962962962962963,0,1
0.56286160441220201,-0.81186775705566538,-0.15510499454216245,0.82647975288703956,0.55528133202036145,0.092703076418585037,0.01086426924826627,-0.18037013988766387,0.98353880466944743,-14.354685971057785,-25.927560402152441,-12.214039606392481,,0.2206372662527245,0.24,0,2
-0.96010893423395738,0.2773782245886186,0.035385801223118164,-0.27958524705721471,-0.95008385234668469,-0.13846574716528268,-0.0047879047706085717,-0.14283554891605121,0.98973485435936814,-1.9125031320590553,17.965350075107743,-10.637008161303024,,0.199135962733653,0.4285714285714285,0,4
0.96499521535469057,-0.25697255719317597,-0.052434141474371504,0.26130180376897871,0.9248907220155872,0.27622186676033306,-0.022485588487576647,-0.28025391554639351,0.95966251418469117,6.1963878472760152,-22.583220852035392,-10.040810609430613,,0.5069568866496358,0.3333333333333333,0,2
0.258080634389459,0.91062559383436725,0.32273117916764993,-0.96572431983770268,0.23355479876398169,0.11326382497656866,0.027765522273876728,-0.34090054829542793,0.93968925286220928,-9.9985235943803978,-22.212207308362864,-11.686204681040994,,0.7327932919420366,0.1647058823529412,0,1
0.62846420840013806,0.77727536919283557,0.029592891141788816,-0.77619677282876376,0.62421319024505839,0.088749439290052065,0.050510480201641637,-0.07874575271230809,0.99561428164705046,-11.402692446960156,-25.386825558642837,-11.861457373997983,,0.496361399451869,0.7209302325581395,0,2
-0.99985663468465114,0.015821837189884849,-0.0060315458235087119,-0.015622860641927526,-0.9993746781429661,-0.031720323327571187,-0.0065296479573729044,-0.031621545733558312,0.9994785848345995,11.025750081538812,7.3821325101367394,-9.7713752380999175,,0.1219082265428818,0.3333333333333333,1,5
-0.95904153908085266,0.27970656163754615,0.044761207471782624,-0.2832643401997017,-0.94743473643635989,-0.14875729819068739,0.00079993040819328377,-0.15534368210734259,0.98786016244237518,-8.4420410148394325,19.031688454140173,-11.179961067790392,,0.1147168798853812,0.2857142857142857,0,1
-0.57615572590147368,-0.80591459969911627,-0.13618457145638641,0.81692543312332,-0.57311950745409124,-0.064551273355798702,-0.026027220889324,-0.14844422577989697,0.98857821926511513,17.551680620527563,7.1080469481324169,-9.1164856850371052,,0.651754916604377,0.1904761904761905,0,1
-0.94630255780825567,0.31721985088012467,0.062314005593807023,-0.32327636550855854,-0.92971099449501959,-0.17643655578892403,0.0019648381944213028,-0.18710700928258378,0.98233757257278809,-21.875246333009461,18.728825306577296,-12.122338185485384,,0.5530734922147266,0.2647058823529412,0,1
0.91647934433083456,0.39349859588601682,0.072280470741806491,-0.39990652012894884,0.89565276910196534,0.19463014247113675,0.011848484007595122,-0.20727993688660257,0.97820991673107049,-12.799172213848111,14.504417835103805,-11.560820016556628,,0.2761629039348008,0.5128205128205128,0,4
0.38892308750924831,0.90993566708147899,0.14406912846011941,-0.92099022318757173,0.3801660725355725,0.085151430321424484,0.022712128812160962,-0.16580361596136134,0.9858972158085032,3.2293935560748097,-26.080495008597573,-10.486511009532968,,0.4889673387184881,0.4166666666666667,0,3
-0.80923999953770165,0.58586080096165061,0.043563115646069621,-0.58746389872327442,-0.80750966229685417,-0.053050098907247725,0.0040976633670615544,-0.068522019773149187,0.99764118898586851,3.1673543309281453,10.979895991431922,-10.561168397199667,,0.4771317160811623,0.7515527950310559,1,5
0.95534305721419643,-0.28730753184588331,-0.069094320875597123,0.29513838945618603,0.93927448039498584,0.17509078087648716,0.014593632236078968,-0.18766414847635696,0.98212483589144772,-0.90935836234094647,-28.460119739596824,-10.661894633055431,,0.1978727794131084,0.5,0,3
0.17029503315335839,-0.9843572109851515,-0.045171704249785803,0.98464574840780039,0.16820192168042208,0.04669971825883508,-0.038371236958665601,-0.052430856607027003,0.99788709454011637,6.4239199513436089,-6.4320214763709478,-9.7357555572844845,,0.1338378822469661,0.4285714285714285,0,2
-0.26849419790602175,0.9532437019715676,0.13869863136435306,-0.96230303394813133,-0.27191407979702853,0.0059669139726621695,0.043402033881191696,-0.13186803198530633,0.99031665925364476,-20.733775641724996,-25.442980093346442,-13.007740800367262,,0.4822097766806167,0.532258064516129,0,2
-0.69047652719256758,-0.71714537613145335,-0.094576291370342749,0.72309327237880461,-0.68781735663367949,-0.063587761039126597,-0.019449545922804373,-0.11229333643067944,0.99348473654941638,0.27948696875378143,-12.87454035283327,-10.556472240114632,,0.102345833477255,0.1818181818181818,0,3
0.46962791210749066,-0.86755280994148076,-0.16371238845060254,0.88262943800589444,0.45708201740960908,0.10973287805467048,-0.020369077911348222,-0.1960309958231187,0.98038612257703817,-26.935185196513778,20.287840355525816,-12.4746890157155,,0.2470464918997918,0.2142857142857143,0,1
-0.92099331538445461,0.38779939021729071,0.037187981448977538,-0.38954844505759445,-0.9179005098273626,-0.07556892887873233,0.0048292825929207757,-0.084084998696355592,0.99644688319241259,10.954752967782467,9.8473057230065209,-9.6136359354274852,,0.1832745229406889,0.5135135135135135,1,9
-0.93044797500562892,0.35987728314437789,0.068955832853697691,-0.36634256209895499,-0.91758883714599593,-0.15434977531513558,0.007726124688301945,-0.1688758923638326,0.98560704135858401,-12.165773104487036,12.436767963213386,-11.516995189704966,,0.3121368175600309,0.3050847457627119,1,3
0.72984033242427426,0.68191709374429488,0.048188862055065861,-0.68326997114000698,0.72540664508272623,0.083230678287275012,0.021799901494305322,-0.093671108294717156,0.99536449995249532,-3.1606995474607986,-25.020479793703991,-10.771903143094814,,0.14119272687672,0.32,0,3
0.20335856064446745,-0.97699172784984356,-0.064284208990920355,0.978747249964668,0.20107271917677394,0.040293700369380715,-0.026440811243412764,-0.071112061676173996,0.99711782562792206,11.527710274698105,16.767163196646145,-9.6314852005932643,,0.1283282966886098,0.5909090909090909,1,5
-0.99923468190410181,-0.037688932615852579,-0.010468755336106512,0.038356418282144769,-0.99657239736370862,-0.073295579602836822,-0.0076704404420266017,-0.073641029127982552,0.99725531493815478,-23.934990633476598,15.427216711538781,-12.055049301732504,,0.08750607595707868,0.2727272727272727,0,2
0.043091819512737502,-0.99403264193486318,-0.10021078713930126,0.9984949832587614,0.039443863061622952,0.038104462650216053,-0.033924379112482535,-0.10170195885415688,0.9942363139953504,-12.861925863401671,10.255901578801558,-11.596159323848109,,0.1523937272224379,0.26,0,3
-0.23023007711268378,-0.95348128185401426,-0.19459588060057581,0.97258271176388078,-0.23219526724867948,-0.012970221483443355,-0.032817379095578768,-0.19224672434489026,0.9807977450055424,-3.4315986953941189,14.276935504403733,-10.661505189736904,,0.3619931134172178,0.3928571428571428,0,4
-0.66865166800603404,0.72693056934383182,0.15645093232767754,-0.74338032455458369,-0.65833580464394681,-0.11823561810607952,0.017048165234665007,-0.19536098811497085,0.98058321645073687,-4.5335726036968138,18.699135049997754,-10.576787795931473,,0.1436945326543441,0.3333333333333333,0,5
0.93282022796743624,0.34600850075826611,0.1006207717014654,-0.35983824450602275,0.87970094032924073,0.3108740796121055,0.019048886728757559,-0.32619683166282776,0.94510992319810561,8.8076292415453903,-23.117098345289524,-9.8888758535852919,,0.4467432193281498,0.2631578947368421,0,2
-0.26444861516663881,0.96379002061660857,0.034288862569146178,-0.96409853525140465,-0.26508746165047642,0.015577291221634152,0.024102785368986669,-0.028938449086741959,0.99929055929790134,9.7011917884472094,11.867139665754502,-9.7514547666034943,,0.5390660574306507,0.8395061728395061,1,5
0.96379754453851119,-0.2649240025076498,-0.030159012531336467,0.26663243211294951,0.9581116166332837,0.10454317872482034,0.0011997029098102562,-0.10879982981458768,0.99406295461869376,-13.254220943151175,-25.836187326536468,-12.062073544441356,,0.1126096679982141,0.2608695652173913,0,2
0.9748110225150447,0.223029136549762,0.0012143446962610575,-0.2224464829574084,0.97184113513705739,0.077732684730394283,0.016156503429052678,-0.076044804591656509,0.99697349768765908,-18.308885895241772,-26.998642394798445,-12.611574033847265,,0.2382210303304854,0.6666666666666666,0,3
-0.86328031229032631,-0.50120006927729155,-0.059544881966099625,0.50434131028939222,-0.86119825587342091,-0.063066685469890651,-0.019670921368795332,-0.084475171719372841,0.99623139893073409,-21.265257923250108,8.4951035704979923,-12.312447178740367,,0.4728889847113846,0.2162162162162162,0,1
-0.99939991315742593,0.034425129472608493,-0.0038371919061329042,-0.034082910709675049,-0.9970807610665956,-0.068325040127428849,-0.0061780885787334813,-0.068153256500717421,0.99765573463487978,-20.276559158888936,7.6660415156417105,-12.263354692988223,,0.09355009740381406,0.3428571428571429,0,1
-0.94284909122309768,0.32942375623431203,0.050155558099330422,-0.333217375217919,-0.93270135279343025,-0.1379650946804479,0.0013311771704993312,-0.14679296756241766,0.98916634225066502,18.152668449353559,8.0473787432021222,-9.0994510361686398,,0.2807674221799804,0.4074074074074074,1,5
0.76055986628115191,0.61307437875191517,0.21374867466337846,-0.64886655191604459,0.70614610896541896,0.28342524693044197,0.022822962274428916,-0.35425623341157014,0.93486984841852105,-4.7440795436287981,12.464207558835581,-10.892805724756093,,0.2945933173707794,0.5555555555555556,0,1
0.97821406282654588,-0.20183724031174349,-0.04856928774157928,0.20757176592042484,0.95471495026508746,0.21315094588814137,0.003348026442712349,-0.21858886559857674,0.975811302740068,-8.9253458375371189,-25.915817200054246,-11.501804418463514,,0.213493645154465,0.3333333333333333,0,4
-0.94622087320084902,-0.32267974890583417,-0.023320350878369048,0.3234375465373453,-0.94515548363412227,-0.045489177243053944,-0.0073629212222406813,-0.050585486084600444,0.99869259333824034,-14.446764413865571,11.755353317572791,-11.680799183008178,,0.2347160772550799,0.7213114754098361,1,4
-0.53093140330503052,-0.80556246902128748,-0.26302272428229168,0.84650376804246796,-0.51855549787077304,-0.1205469465307922,-0.039283783861208788,-0.28665188667148511,0.95722906359618254,-0.51178876414881735,-26.747192095577919,-10.629586453476177,,0.3674232893393189,0.2666666666666667,0,2
-0.13419907709447607,0.98910227473753065,0.060558218402080796,-0.99062237554082389,-0.13548517555034026,0.017637354788867455,0.02564988859324344,-0.057623409436935481,0.99800883057216405,-19.751003777054446,-25.353053551692341,-12.798823967819267,,0.1516566209259057,0.1333333333333333,0,1
0.97156742388058492,-0.23277596125987793,-0.043267686714045371,0.23665200066506012,0.94916180191114052,0.20757577983479106,-0.0072506161992822718,-0.21191325029911937,0.97726158366754334,-7.6951672429410376,13.628004399591658,-10.955613391813541,,0.4432401916876956,0.7727272727272727,0,4
-0.56709910417575371,0.80647161454390615,0.16733840257993621,-0.82336204841920979,-0.56044563941508452,-0.08930634066817783,0.021761049284937699,-0.188425635717553,0.98184634059431963,24.57637895803957,2.3094228960846981,-8.4659728344529039,,0.3379217198451356,0.2758620689655172,0,2
-0.98638150770071675,0.16446458974724174,0.0017087964573482323,-0.16444616583432703,-0.98597525804218766,-0.028464874337153435,-0.0029966328520912348,-0.028358230690795048,0.99959333278270612,5.218182979390483,19.327887667894419,-10.118790575607415,,0.4197518761478956,0.673469387755102,1,5
-0.88619187515469899,0.46227231545275238,0.031116985325550024,-0.46327174790003095,-0.88505518981062914,-0.045349736348977487,0.0065763217264255642,-0.054604188074018768,0.9984864218592705,0.38578754973435953,17.07392277244443,-10.452292423914187,,0.08452890200902738,0.2380952380952381,0,5
-0.35191240838045712,0.9284729701805744,0.1187248940699934,-0.93585883194950104,-0.35145149221356725,-0.025496966152354247,0.018052797289726939,-0.12008243945274215,0.99259977042365743,-19.610555795920977,16.193974287633694,-11.990129735992129,,0.4755818815895663,0.8235294117647058,0,3
-0.94987197695383008,0.30541650670569986,0.066813058824686911,-0.31178978887065079,-0.94114895939623855,-0.13048281029841705,0.023029436680448698,-0.14477359448140048,0.98919677081312685,2.2458097048327179,15.628554481555685,-10.318035720002483,,0.4566143037816594,0.125,1,3
-0.734721757422372,-0.67703049638929758,-0.042586924390490936,0.67784297502755342,-0.73517517720055103,-0.0068088203039896652,-0.026699070694970007,-0.033869835945844314,0.99906956406299641,6.5576178859221761,9.8796534137743848,-10.451278281299153,,0.1105566772070714,0.1578947368421053,1,5
-0.91372440428394375,0.40010325768781269,0.070887912958079363,-0.40500432628232486,-0.91087148319543665,-0.079275701157070458,0.032851312128325372,-0.10114605424308318,0.99432905368519897,16.240665615805383,9.235735260196245,-9.1338289331724312,,0.1841173383343763,0.1764705882352941,1,4
-0.69957561113515732,-0.71265842822686087,-0.052076184404119569,0.71417064416280929,-0.69973765552996481,-0.018097084005607236,-0.023542627740959225,-0.049851560764418296,0.99847912675648998,6.5352011847148184,12.391509463371063,-9.9682854948844035,,0.1597495558708001,0.5428571428571428,1,6
-0.88628013851560028,0.4628841247464941,0.015678109912916263,-0.46314407067299512,-0.88592652933085569,-0.025134725545194379,0.0022551880668869348,-0.029537631683273162,0.9995611249149936,7.9374150892785282,8.825065406809987,-9.8565827650888362,,0.07790824286633376,0.2413793103448276,0,5
0.9360995539929361,-0.34811095616246435,-0.050362557658263148,0.35151069701601217,0.93097746674700899,0.098596076456616638,0.012564031898409749,-0.10999872094245745,0.993852316238927,16.592578529185257,10.702976481225416,-8.9708471439405582,,0.1003258256598606,0.1764705882352941,0,5
0.98336163804179688,0.18092924360747592,0.016263383269820311,-0.18127196965568365,0.9714889053522705,0.15280634736356824,0.011847440436789442,-0.15321199556520793,0.98812232166368141,11.854457218589268,14.849058651101917,-9.5897013464965788,,0.2972367903620319,0.2142857142857143,0,1
0.41300897958633703,-0.90697279984173462,-0.082607040428155934,0.90969280025011279,0.4065181026414656,0.084864841942302094,-0.043388845964855191,-0.11019697170080936,0.99296225279403794,-2.6962968197182846,-29.310313519690634,-10.790113386598502,,0.4067763620389727,0.5614035087719298,1,5
0.72642362500093216,0.68086237259361226,0.093462006327178396,-0.68710443152827738,0.71675342085286065,0.11896232121946472,0.014007755519951337,-0.15063519934569716,0.98849017167768283,-4.0756426767042164,-25.429500310885,-10.940686839689741,,0.1282038776486458,0.3,1,5
-0.0040224303894553703,-0.94543613437809526,-0.32578265126609468,0.99989566611476566,-0.008322469007915204,0.011806497978673468,-0.013873605827978372,-0.32570117028008388,0.94537096990520808,2.3878005401861651,-25.779864677004461,-10.499223252160997,,0.3991161627899903,0.16,0,2
-0.94914007855376192,0.30855043822341921,0.062687625214993922,-0.31484942176485486,-0.93121019988512432,-0.18362299759083386,0.00171839963222861,-0.19402110890839405,0.98099584932896733,-2.6851369258356965,15.566712275771968,-10.697984125985551,,0.5564993205736386,0.3333333333333333,0,1
-0.20037660616107802,-0.97432032224988974,-0.10270893512367933,0.97960166822514083,-0.20087066529674918,-0.0056167102259512651,-0.015158737212881012,-0.10173930152165038,0.99469559525112927,7.6906345880250555,13.896285230757469,-9.8958488930034996,,0.1316463924199142,0.2121212121212121,1,5
-0.51007546728995856,0.84719224111079172,0.14862141255756017,-0.85993167344434163,-0.50599476314551561,-0.066983704559593127,0.018453581661669737,-0.16197100441433168,0.98662295688518675,22.608791339382112,6.8828866939802671,-8.5459392288517648,,0.3199165642307911,0.1304347826086956,0,2
-0.14281877962484002,-0.98949214977830924,-0.022540667993037555,0.98951941039550451,-0.14323898992819786,0.018273702823535153,-0.021310388006899307,-0.019694600565907047,0.99957890637585267,0.21637989446050199,12.581451579934313,-10.45672723293052,,0.0750653451172386,0.3870967741935484,0,3
0.21498586374294384,0.92122652951426487,0.32422640193205243,-0.97622307015388354,0.19328029565744678,0.098138904670350191,0.027741587734420696,-0.33761577070639698,0.94087512225603065,-8.1695757545379006,10.813597549785239,-10.993704923723614,,0.2385140968409518,0.22,0,1
-0.57543244380800895,0.79929024267738713,0.17324148052319188,-0.81765399126020311,-0.56686934574004844,-0.1005042060637734,0.017873253464407494,-0.19948496890987541,0.97973787003954516,1.319207583884489,-29.337860810185745,-10.408193103596025,,0.3950795692224006,0.125,0,1
-0.77932836350401358,-0.6259539592123563,-0.028791366492975669,0.62630905878547516,-0.77956163913745757,-0.0045402278106363896,-0.019602671282477481,-0.021570621958961932,0.99957513151683386,1.4197969828498211,9.3126423763119028,-10.364309495432728,,0.1047453152594592,0.3090909090909091,0,2
0.13137830737835948,0.99093074724896757,0.028213374612071681,-0.99099020497287793,0.13053215120898637,0.029996185566972904,0.026041390097520427,-0.031900025977389564,0.99915175741447426,-1.4187833810541044,10.795300088915617,-10.604703267082147,,0.07293167747830451,0.2195121951219512,0,4
0.3311223113896557,0.9432853828726987,0.023889356598259307,-0.94318180165036469,0.3301310827813782,0.037703543827691845,0.027678582614428071,-0.035016490976420761,0.99900337408046602,7.8079884628250626,-6.7733531462937027,-9.5796492890154195,,0.1034623673114148,0.21875,0,1
-0.85734436262089364,-0.50619984850710709,-0.093393561092588742,0.513140155369605,-0.82618041438575929,-0.23262223417513581,0.040593408694401943,-0.24736134753990205,0.96807258969243259,15.659281805768885,14.342018408482476,-9.2675851448615685,,0.469924618143686,0.4054054054054054,0,2
0.17243988895077114,0.96298705769492698,0.20717241952227566,-0.98501839735797536,0.1689668936441133,0.034481092189549291,-0.0018004346616924032,-0.21001456036267338,0.97769660062347707,13.380807949125476,-23.653215997391932,-9.3401824440427923,,0.3474865277554893,0.2857142857142857,0,3
0.30500297481443323,0.95081120121493701,0.054140973380202434,-0.951865941101385,0.30253953182655885,0.049204286940687479,0.030404202431918867,-0.066542402469224077,0.99732025606026076,-1.2819760438168177,14.251554860555117,-10.577720345652502,,0.09413888002172217,0.125,0,4
0.99415681252075716,-0.10794209471522559,-0.00085808336338136899,0.10537711618836491,0.96874806168142358,0.22455034262345011,-0.023407167756760047,-0.22332867522325536,0.97446211179328768,20.411322993769886,11.823037414462124,-8.9339636730324674,,0.229785085180151,0.2,0,2
-0.22465862468084041,0.95344857125343918,0.20115746153521341,-0.97350136221232908,-0.22865514648307453,-0.0034527898205337967,0.042703631312271235,-0.19660276183609751,0.97955283364970502,-10.507725057711145,12.763777768570057,-11.397124396960514,,0.4153256530720473,0.2105263157894737,0,3
-0.90030091967422221,0.43495357107419591,0.016542220030997361,-0.43525729654624651,-0.89989517130051289,-0.027198648372156402,0.0030561146906243697,-0.031687090112913298,0.99949316580113423,16.978540308767954,8.0850608368627324,-9.1608389092779667,,0.09154989493555626,0.25,0,4
0.75097691927831123,-0.64654277645331126,-0.13422408475120842,0.66032843864119561,0.73534210880379958,0.1524412547234503,0.00014082945828751878,-0.20311184415494613,0.97915553357525387,-3.7759456214690394,-28.957769356993818,-10.893800068984309,,0.7929129887038497,0.5333333333333333,0,2
0.28258022835282037,0.95835027232108994,0.041390458878345436,-0.9583758835742141,0.28022667433125203,0.054668791614497107,0.040793140690695069,-0.055115937217273876,0.99764630663239062,14.552647372132339,10.813118367269256,-9.3713779123861087,,0.1694467502389051,0.2352941176470588,1,3
-0.41627737534662124,0.9033365433235665,0.10342261005582548,-0.90897138352130302,-0.41620723579922425,-0.023292934717147384,0.022003879519226735,-0.10370451467800224,0.99436472328894709,-19.355923001998725,11.601937263322053,-12.0587445865253,,0.08545053465429266,0.3333333333333333,0,2
0.91431084195948165,0.38732171436447599,0.11839583547197924,-0.40462851747294554,0.86080447838967789,0.30869307221238462,0.017647864544770492,-0.33014775414356212,0.94376427846733657,12.543122298388194,-24.484622894803159,-9.4109122973848347,,0.4720161332778815,0.2380952380952381,0,2
-0.90504936807353786,-0.42008561011830564,-0.066435845153217654,0.42493241464641845,-0.89970338527047344,-0.09983116505187814,-0.017834918908015363,-0.11858287694427971,0.99278397295845,-24.731070459300394,12.303989455157048,-12.347817402791364,,0.3557534432885225,0.1666666666666667,0,1
-0.40180060033927939,0.87724706797074858,0.26266682185559753,-0.9156171560242139,-0.38931656959904526,-0.10038840684940695,0.014195110465407891,-0.28083837054853655,0.9596500968928825,4.7649597455296213,8.0343742902148811,-10.055972077281194,,0.4459853990631357,0.2337662337662338,0,3
-0.87314468596756534,0.48667569687117751,0.02766086480130699,-0.48735674315971605,-0.87272541900949696,-0.028874693270273592,0.010087728354633787,-0.038692493970429023,0.99920024451908152,15.460008917167821,15.261305122078888,-9.3221577583535247,,0.1191394290192654,0.1428571428571428,0,4
0.99520112800066696,-0.096633562005590687,-0.015384067092743365,0.097837779137725595,0.98522913263401501,0.1405394079346626,0.0015760074872838224,-0.14137012026358184,0.98995555723328454,5.4395346767969279,-26.236795810513364,-10.045794209739203,,0.1031167645717742,0.1333333333333333,0,4
-0.98003259117827757,-0.19739580765879408,-0.023895927417084177,0.1984650565803672,-0.97845655737132464,-0.05687166828576215,-0.012154897981544201,-0.060478595021598976,0.9980954854117271,-9.0737550901651502,8.1959506608549546,-11.29566994807525,,0.08861880768694828,0.4673913043478261,0,2
-0.45567944985257813,-0.88024813332913987,-0.13236110740174836,0.88921782323480492,-0.45692598014944708,-0.022590075387697625,-0.040594357041424743,-0.12799168892952531,0.99094410828328838,7.8833071890103525,15.409531180829154,-9.8937698364650242,,0.168153633133519,0.2916666666666667,0,4
-0.86086993160579339,-0.50438442881497825,-0.067076887420525366,0.50815276763704031,-0.85900384533158614,-0.062395179688538416,-0.02614814715909378,-0.087799440058221392,0.99579492503507494,6.8533521329228213,26.743323970692266,-10.059032374602998,,0.3605163982232746,0.3783783783783784,1,4
-0.49082254367892203,0.87052547450991291,0.03575792004360602,-0.87103210826643351,-0.49121871600561251,0.0026906160501918475,0.019907209384668736,-0.029825681468986238,0.99935685905457561,-23.498501016835959,-2.3376199193113112,-12.929832965406133,,0.4198114605091524,0.2105263157894737,0,1
-0.69359516497499929,0.70586700489100451,0.1437967959639819,-0.72022070640085656,-0.68349510362904575,-0.11881320375518528,0.014418085682749283,-0.18597369362714478,0.98244893204884853,14.198130698084157,8.5894038317340282,-9.3670549583575511,,0.07217389671908087,0.2727272727272727,0,1
0.99242494940419801,-0.11816068710693731,-0.033626950835489514,0.12279529784490092,0.96242706515048959,0.24218889134928756,0.0037462817910607908,-0.24448352968703532,0.96964620820406011,-2.6766883961229055,-23.513107322416793,-10.794589353265392,,0.5683517708383751,0.2173913043478261,1,1
0.99978269751879156,0.011466207154094877,-0.017409303132228101,-0.010155151138574629,0.9972351382425666,0.073613531090980844,0.018205236812607821,-0.073420740583499178,0.99713487763931397,10.5549557577305,16.188200035104749,-9.7081828165218411,,0.1190398326862552,0.36,0,4
0.76407378544766824,-0.63730385940664924,-0.10017505266812039,0.64366552363468243,0.74264117402563368,0.18487503975907102,-0.043427457624881101,-0.20573739919425932,0.97764317544645185,5.9466221625774995,15.048078123763544,-10.033647435040919,,0.4761471061384314,0.5185185185185185,0,2
-0.14569014340362527,0.98898263180256252,0.026224723218903984,-0.98910172804724728,-0.14617503927448733,0.017624683459579616,0.021263905779027988,-0.023371176392709057,0.99950069255856033,18.522383973248338,9.5078620349984853,-9.0460178045930828,,0.07912061667522825,0.4666666666666667,0,3
0.88840881652963755,0.44443087586537966,0.11493898942456987,-0.45867522339018579,0.84924462859239402,0.26153508417596633,0.018622947145196526,-0.28506974126430612,0.95832584670096943,-15.187598049644295,-31.01292069974771,-12.125386260822928,,0.5198941403158196,0.4210526315789473,0,1
0.92790533672440312,0.37265926488051487,0.010805479030849649,-0.37162767017246734,0.92224722606801013,0.106550123284975,0.029741567553769888,-0.10288404302210358,0.99424861722351432,-7.9514235574910073,-25.007006738388153,-11.330259914724863,,0.1500723386975722,0.3548387096774194,1,3
0.87183659803620339,0.48326019284424493,0.079752945630886321,-0.48743882906971797,0.84010181483140356,0.23797547905640151,0.048003481538340324,-0.24635041450974912,0.96799129078265655,13.478926458492094,7.0487285136667586,-9.435884244988852,,0.7787274283218931,0.4121621621621622,1,2
