axis_00,axis_01,axis_02,axis_10,axis_11,axis_12,axis_20,axis_21,axis_22,location_x,location_y,location_z,dbh,dbh_approximation,score,reconstructed,number_clusters
-0.18906656332267938,0.97715535642250195,0.097063093131028649,-0.98159176723768926,-0.18534689198267146,-0.046088307883371371,-0.027045094278625025,-0.10399009110090961,0.99421055306624262,-7.8031547419049128,-13.242160427642181,-0.87060321261972085,0.4587557622144681,0.5125723764203651,0.4339622641509434,1,4
0.46489515354882305,0.87378553582899776,0.14272818075926097,-0.8848157190036835,0.45284798535530846,0.10968065264044646,0.03120319872724707,-0.17727814173120862,0.98366601082558447,34.774493658830799,18.317482533452559,-0.15949883061119138,,0.2991365848260955,0.1363636363636364,0,3
0.06004682196458349,-0.97910573880962459,-0.1942841511858677,0.99721766488546293,0.050227476904900786,0.055082932058419791,-0.044173612172183026,-0.19705114258442438,0.97939753889512871,37.091525124540617,1.9778506786731493,1.174670189757046,,0.4361668491859267,0.4423076923076923,0,3
-0.87356883752948711,-0.47572968609263366,-0.10275578751380716,0.48325195809140159,-0.87291591670798852,-0.066972735935427671,-0.057836243811340456,-0.1081622305985523,0.99244944494605836,23.522237643852346,-1.6173463359858353,0.54972768602288347,,0.1852347825391999,0.4032258064516129,0,4
-0.64375695942489297,-0.74886900178306648,-0.15739185290366875,0.76397193898487037,-0.64074655983828366,-0.076096796904354308,-0.043861755957946391,-0.16923080164035803,0.98459996046132758,28.729078050298892,13.929532119183516,-0.26692218260051076,,0.2008817427364197,0.5641025641025641,0,5
-0.85447905648412747,0.51867096010527725,-0.029085686745636871,-0.51886608090095898,-0.85485498552196271,-0.00097150333213909528,-0.025367934887863805,0.014261447041404142,0.99957644980652227,-5.1324148145082207,-21.991908252516005,0.0039224618357712382,0.4105178943019494,0.3662929008111622,0.9230769230769231,1,5
0.98163970317083149,0.1884587562475932,-0.029441303508715294,-0.18454649857045632,0.97738779800511699,0.10322636376475612,0.048229482933851098,-0.095897807609556004,0.99422207150697217,-13.511193039839434,5.7507803309647283,-3.2826419548224051,,0.1346624276618644,0.1923076923076923,0,4
-0.14182484872974141,0.97035234382001379,0.19570907267112725,-0.98980458242732905,-0.14163708936917907,-0.015027425624133374,0.013137765740320825,-0.19584499931842497,0.98054685525645324,-13.726658193400523,41.0892302130923,-7.0052651550664562,,0.5947055412964798,0.3125,0,4
-0.87774321846105818,0.47836150546517259,-0.027149816476687891,-0.47768880664936375,-0.87808827538656975,-0.027827767257677598,-0.037151668166193808,-0.011456470561840921,0.9992439656233788,14.54034901044213,31.623972900655001,-3.4990127511988249,0.1642454149170016,0.1249833020481474,0.32,1,5
-0.82065921920202023,0.5631676785037133,0.096750254921985843,-0.57081812400814136,-0.80020559658160295,-0.18395019027798745,-0.026174706159900668,-0.20618721853747354,0.97816241783725455,-30.680860652094445,8.5689266095352234,-5.2588676071000844,,0.2914144683389308,0.25,0,1
0.6119902925588403,-0.75911894127487345,-0.22182496435582286,0.79031627791706993,0.57656730497950048,0.20729284524070318,-0.029462903337168209,-0.30217308918299279,0.95279764981897064,15.024905973994162,35.729497581047518,-3.620066681079178,0.4516711930364299,0.3763998389593557,0.24,1,3
-0.29567712173627464,0.94654856385928676,0.12892189859629352,-0.95513367880677391,-0.29049965215362816,-0.057702753033619825,-0.017166691317491378,-0.14019903121827154,0.98997451298236339,18.0783607880687,30.123301644896834,-2.8649051805238153,,0.4977638190277617,0.6219512195121951,0,5
0.99805168092448726,-0.038255769653080876,-0.04928831800798026,0.043369108637046058,0.99328686380186026,0.1072395757856812,0.044854906307264332,-0.10916822929275344,0.99301074268773726,16.410797174251563,36.509346485573943,-3.6343495323900679,,0.08676852975049981,0.1666666666666667,0,2
-0.87828112776334666,-0.47457319245972118,-0.058331343318419056,0.47565787468848114,-0.87961321033136353,-0.0054942203622330085,-0.048701610461873407,-0.032571232846485713,0.99828215847488699,21.930195961029508,20.899613269570708,-1.5455147934386617,,0.06898032741929602,0.2,0,2
0.92840297556421791,-0.36395889582046181,-0.074845421480923977,0.37034508968900459,0.92273873657257599,0.10676019188672578,0.030206448098876359,-0.12683511415060716,0.99146377861808632,-14.895037474701907,-2.6619879670768269,-2.620539037006373,,0.08433791538892216,0.2280701754385965,0,4
0.89487196430211036,-0.43925575088870722,-0.079111015777064919,0.44544780721794514,0.89006984934237743,0.096705296320111045,0.027935972344009307,-0.12177868698107334,0.99216406548834424,25.842051103054764,34.096524056569578,-2.0147478895385045,,0.1630022865726396,0.3571428571428572,0,3
0.3449300576175327,-0.93311820002684875,-0.10155629045322737,0.93861668077904492,0.34344132388804249,0.032354035441638861,0.0046884875275080475,-0.106482307566485,0.9943035433206614,17.12623313963671,21.404040632148195,-2.1079656744048889,,0.09210718747827966,0.2444444444444444,1,6
-0.51802002941703729,-0.8344047721439517,-0.18821244737310205,0.85445457088622634,-0.51495309641211773,-0.068780046432144096,-0.039530183586817993,-0.19644842763171472,0.97971698967947929,24.447400621351694,-12.816329260404999,1.5652796510903557,,0.09429801725200419,0.2941176470588235,0,4
0.93360718662573161,-0.3518223887743242,-0.06781318336367799,0.35623748164623403,0.93173048625587507,0.07052061862845882,0.038372877806291006,-0.089996154020712496,0.99520259973049963,-24.802392387512686,4.6805697987508763,-4.1575089964705638,,0.08511442241825275,0.3548387096774194,0,3
0.21910208624591831,-0.97048835297782488,-0.10073049457376455,0.97566930851468847,0.21707970688560851,0.030753882371629373,-0.0079797384140011668,-0.10501789177491302,0.99443831693172258,22.428599109925813,6.5948277680966454,-0.26630108835119759,,0.07091073302909973,0.2916666666666667,0,2
0.99109231514177409,0.13279212032861556,-0.010113142219346161,-0.1246106375904434,0.95146164177641812,0.28141238996786633,0.046991614850113654,-0.27764545198283686,0.95953363209791942,-8.5382954527524344,-30.628443609202154,0.15599054865508871,,0.1141649420683419,0.6666666666666666,0,2
-0.59676014648509401,-0.77152653603774535,-0.22050880199367709,0.80135297929827809,-0.58718704198396388,-0.11421374827881584,-0.041360973596653125,-0.24486359859260509,0.96867491345002699,29.516032684338629,-19.579501665238119,2.1723387692890914,,0.5234963071388078,0.1627906976744186,0,1
-0.78374862394855627,-0.60796061577691429,-0.12697237543221118,0.62023461536551039,-0.77680493821759111,-0.10900967784174409,-0.032359177386649812,-0.16418884744378515,0.98589802008825445,-6.6692996635159325,-21.382758071470853,-0.1685569409222242,0.3532858896700505,0.339711857472151,0.3181818181818182,1,5
0.74826978073705919,-0.64155387564187916,-0.16882227307021996,0.66278963587006989,0.73384010609015604,0.14895837430909106,0.028323732432920461,-0.22335470297818116,0.9743256349078554,25.705567158657164,-22.322405367565977,2.1365848026288088,0.3657155082077445,0.3490052878296744,0.3333333333333333,1,5
0.292292965531115,-0.94936923551756436,-0.11516456466214436,0.9563287419015607,0.29021613068892393,0.034784118515883304,0.0003996423451454333,-0.1203023363893828,0.99273722008659049,30.116477716897638,-9.3066996552476997,1.5704809590400726,,0.1346720038963713,0.3809523809523809,0,3
0.20265214407382665,-0.95610249964958693,-0.21166038520727484,0.97923978170621073,0.19683462148906908,0.048431205923734177,-0.0046431052382216419,-0.21708095712675007,0.97614256111834441,19.915347635073829,18.483283439858784,-1.5119208794153252,,0.1156652298158795,0.25,0,4
0.018889041268085601,-0.99166464696610634,-0.1274536467801608,0.99844807668949809,0.012029604936409706,0.054375792041291435,-0.052389333599659624,-0.12828295507456688,0.99035288718836101,18.552999316219143,13.513198222177644,-1.2303566942016047,,0.171708205353875,0.1818181818181818,0,6
-0.89049441633487203,-0.43834054059999006,-0.12197239418378285,0.45244716719161898,-0.88142350379849055,-0.13558822903140244,-0.048075517435540248,-0.17592662509722973,0.98322864441858315,-18.291539957506547,-7.6986831121256198,-2.1701184820741521,,0.3972920685898366,0.36,0,1
-0.10454304389353081,-0.97086633202515826,-0.21561381521945999,0.99381961799859264,-0.11012183529554471,0.01399100683559985,-0.037327186534859114,-0.21281857703489396,0.97637847908187536,30.100156820510872,2.2724767193127571,0.77866735035487833,1.008508725353454,0.5938319701991703,0.5903614457831325,1,4
-0.080622471250694244,0.99660109261044294,0.016919791284199841,-0.99673037877587556,-0.080518667432368921,-0.0067302466681283856,-0.0053450121355569803,-0.017407079094020571,0.99983419847626964,-1.8090507309357715,-33.157327909234965,0.85304356797511616,0.6797749863839457,0.581581639940231,0.917910447761194,1,5
0.99482131150299768,0.09767036696881172,-0.028125746134708935,-0.094352352778743445,0.99032568188480941,0.10174810722811271,0.037791423690726418,-0.098567455154151287,0.99441252258801704,27.802676439211062,8.400433594242191,0.12230573245337677,,0.1649736146068231,0.4736842105263158,0,4
0.83115831663150663,0.55602657036407344,-0.0032102559784115549,-0.55372747266847999,0.82821952931321652,0.086245563806916795,0.05061362174809074,-0.069906110701147439,0.99626873732953292,-37.641486827883575,5.6720397783680667,-4.8476503827641819,,0.1502393161796673,0.3478260869565217,0,3
0.73213137551529628,0.68046645937741967,0.030806600728409517,-0.67751754047963542,0.72279444609958843,0.13615495227870328,0.070382038394088769,-0.12055532485107669,0.99020845397398305,-12.58566267305371,25.365994447766909,-5.1512032540484798,,0.3293756836391531,0.3243243243243243,0,5
-0.9899676776539803,0.13636098325648793,-0.037009180559818743,-0.12695592037367631,-0.97342126482798186,-0.19061278934731968,-0.062017670727448224,-0.18400196582106607,0.98096742305314399,-12.128763470636201,8.7534493340308757,-3.3876013535565632,1.291827442629592,0.6918723952234276,0.3980582524271845,1,5
0.9993606406726232,-0.011143313992392783,-0.033972583470649437,0.018444276666269608,0.97467425899568316,0.22286744380791376,0.030628720715390679,-0.22335155115754723,0.97425662228329535,32.427838527454419,-11.863267673052803,1.8126321588753513,,0.5063504044198425,0.3170731707317073,0,5
-0.93611330401713666,0.34939402117051882,0.04019577107626502,-0.35020117662172912,-0.91548460127861886,-0.19810875981259796,-0.032419406763186921,-0.19952885202903414,0.97935551219825179,1.3928150251629781,-31.14054156089496,1.0540723278666544,,0.4414102560183389,0.2173913043478261,0,2
0.56575711436580534,-0.79929314592662393,-0.2026064027102743,0.82429104729643243,0.55463893508706585,0.11366583054038853,0.02152108016405805,-0.23131389616753756,0.9726411077824989,27.547719814755624,-21.286740660731969,2.1822121500746592,0.1827964631183057,0.3006173656411247,0.6071428571428571,1,5
0.13757046599955511,-0.94809818867147722,-0.28667785321250033,0.99047840390325226,0.13016504750388344,0.044828470970763819,-0.0051863557465766513,-0.29011529612582382,0.95697764690085363,-5.4517528053926823,-17.216008051094914,-0.3968669187621518,,0.6532349460677769,0.5909090909090909,0,2
0.61516495375148983,0.78563623867097798,0.065937699101847991,-0.78768503461815986,0.60889790641369546,0.093784997753411786,0.03353156594190513,-0.10963138260524205,0.99340656029319019,-8.9228423092636397,-3.8473944632762458,-2.0705014775191959,,0.1197309639737115,0.3305084745762712,0,5
-0.64707715205274841,-0.75929031235646638,-0.069060704115467816,0.76156933097439261,-0.64798333999719793,-0.011390575283636106,-0.03610143225026715,-0.059965095244614984,0.99754742941966634,-16.689668065878905,17.410474631824929,-4.6121598156008714,0.1140586355877622,0.1585868218372687,0.4468085106382979,1,5
0.995093098247952,-0.088055901855896762,-0.045120770911362976,0.093871252716099557,0.9843336984044152,0.14924931523794396,0.031271612251388095,-0.15275250680047686,0.98776958747137422,-25.35542630486033,-7.6679077820345727,-2.7138990338374578,,0.3381295614923973,0.4615384615384616,0,5
-0.087882187079060495,0.98172163815622093,0.16881749426545314,-0.99573909851921227,-0.081824252554466653,-0.042525749541291798,-0.027935083217109476,-0.17183543543101987,0.98472951324507618,32.326408771051135,11.793390584341841,0.16189014024483989,,0.3573919765307727,0.3461538461538461,0,2
0.21770891338421727,0.97600881562445674,-0.0031017505394812551,-0.97569991693731639,0.2177183961852133,0.02466519918940166,0.024748760000811689,-0.0023434559701977823,0.9996909557921082,-16.897989092781007,-8.8911365556120874,-1.9720253893266089,,0.336460000222874,0.9613733905579399,0,5
0.80358660787202651,0.59508825638599583,-0.010887183299879508,-0.59340930393466618,0.80246433387241134,0.062581074347458562,0.045977838710676136,-0.04382875738807071,0.99798049999652461,-29.888225194631413,-10.280919472388099,-2.779342552069092,,0.1098560324641267,0.3846153846153846,0,3
-0.62796331486749979,0.77683526791757729,0.046787195898520768,-0.7780906310936222,-0.62789414518520736,-0.017997562236761269,0.015396265292256845,-0.047706487625511745,0.9987427326661692,39.387728327997806,19.268791146127747,0.29864784602960709,,0.1604677103601345,0.2083333333333333,0,3
0.85161722515569327,-0.50521843554749168,-0.13965111600363814,0.52286964177351924,0.83752179464778953,0.15863348070813094,0.03681629435111855,-0.20811433365554219,0.97741136917746207,-14.200121079408216,25.176123131456563,-5.2942766082324981,,0.2296456464955905,0.1891891891891892,0,3
0.86984289910716328,0.49315950735403791,0.01292405428518458,-0.49098647561491615,0.86286583775567371,0.1199784430530814,0.048016784941176532,-0.11070793259979478,0.99269237028567481,-12.567935280429193,13.805030937591161,-3.8857912342839036,,0.1097998036409058,0.4166666666666667,0,5
-0.63865725780529414,0.76943658403762816,-0.0091787906136783868,-0.76859243882350015,-0.63844221421915559,-0.040708747048862744,-0.037182926672979601,-0.018944187695698708,0.99912889444584874,-15.957262298788686,23.341112262534288,-5.2249432863134384,,0.1644729714903434,0.3225806451612903,0,5
0.50974941487941294,-0.85562278037376993,-0.089806412552526416,0.86028738774288183,0.50789236954339545,0.044169576069085115,0.0078194961873330349,-0.099774739614060387,0.99497932481751716,-26.104220487690576,6.4350746636109823,-4.6259653036631345,,0.1808123544413209,0.44,0,4
-0.43837872012570395,-0.89556904626484624,-0.076027502347665588,0.89806523847190423,-0.43985229043793123,0.0029648009897406315,-0.036096055038642987,-0.066977951362969579,0.99710131322843432,33.319676178947219,2.0435162679321772,0.98586208878396575,,0.09148585354267769,0.3333333333333333,0,3
0.70624267201155888,-0.70353253079261946,-0.079140800769929395,0.70785836984598283,0.70368926340008253,0.061302111011268645,0.012562502495996334,-0.099314644901855459,0.99497677603000234,-12.976951565974218,-8.7912992639650902,-1.662236232964468,,0.09251057420040368,0.3492063492063492,0,5
0.93511024756768002,0.35435167718370858,0.0019271146835083389,-0.352933106197581,0.93085216404172788,0.094617499695130697,0.031734010834398273,-0.089157936135398214,0.99551183568074064,-14.075424318862483,8.6486555881400893,-3.5679513123580149,,0.1354175996028643,0.2950819672131147,0,4
-0.58095466499858717,-0.78472797794999416,-0.21608719961833248,0.81266412580898328,-0.57406735647440432,-0.10011837420579131,-0.045482918106701575,-0.23377055172327205,0.97122738496579519,26.264272095651549,-23.491213146015994,2.2105312423076642,,0.3413521974416645,0.4814814814814815,0,4
-0.0047031280323693199,0.99205081043791932,0.12575003020349268,-0.99980539085735498,-0.0070742146711055475,0.018415642789741577,0.019158836062855851,-0.12563894697208872,0.99189101921756617,9.9551587797216179,38.359735231563079,-4.5719062513789739,,0.5345228325796451,0.2978723404255319,1,3
-0.68652357146774068,0.72605823032171612,0.039049097317052202,-0.72574820272859564,-0.68096881560556088,-0.097831581858690217,-0.044440207643435349,-0.095503499175991241,0.99443659907997717,-3.6528095412219797,-32.861915335878038,0.69325949836598622,,0.2544538804470933,0.4545454545454545,0,3
-0.99795036009471338,0.0027344549828579932,-0.063934353385154866,0.00053810073582566929,-0.99869273013825488,-0.051113023942990672,-0.063990540194854145,-0.05104266377203838,0.99664429825320588,-7.2994245719482542,-15.070495560294651,-0.67556098720460056,0.3373266768738825,0.3088474416275676,0.5641025641025641,1,5
0.99856194460205028,0.0441507705944068,-0.030409739369010789,-0.039704188175482713,0.99020249938355154,0.13387526902267419,0.036022496219681434,-0.13247535495512963,0.99053150383802313,-6.19227630070906,-35.566884657218637,0.63388770714209874,,0.4164147989010348,0.4909090909090909,0,4
0.59221617180736175,-0.76902048829210634,-0.24059820123351597,0.80569313249043817,0.56950196949001552,0.16286829956973944,0.011772090195816367,-0.29030155930336204,0.95686280236952392,-41.623893125236158,-7.2573300999255945,-3.8672458843123163,,0.1305256900072484,0.3333333333333333,0,2
-0.26012140705368947,-0.96259628908025108,-0.075797347191947403,0.96531636858264103,-0.26106899941214262,0.0026992762666231693,-0.02238665090695036,-0.072466280399027735,0.99711958965126057,-24.755724201402558,0.65051729947062731,-3.5196747676680977,,0.1534154909882164,0.1666666666666667,0,5
0.60596209623400143,-0.78881143004217247,-0.10289055234820473,0.79519670797603081,0.60418079062272845,0.05126175832508393,0.02172863437446183,-0.11288091104043642,0.99337091077346518,-29.113068293194235,2.0771772833423712,-4.0226459561419494,,0.3543921589310303,0.5473684210526316,0,5
0.36832708878828951,-0.91916126038630974,-0.13956264926474646,0.9296215578088286,0.3622209644509054,0.067821325328713628,-0.011786217452210443,-0.15472087873750934,0.987887916092136,-40.396337480324448,-9.1660343397094763,-3.6707656025216568,0.251714626131592,0.1764444434329167,0.4444444444444444,1,3
0.80855304891067581,0.58831178230483627,-0.011454863532861322,-0.58634719577665961,0.80718144844699602,0.068228112152224157,0.04938555560178693,-0.048449520991602851,0.99760398496276403,-10.753795258524363,11.559660889500293,-3.574629470288647,0.4990908948401909,0.2645283645232543,0.6254295532646048,1,5
0.44285281713510344,-0.89257401958358795,-0.084811567135023122,0.89658969781021469,0.44116868142773785,0.038692483868302451,0.0028803013887743556,-0.093176252831433395,0.99564546389375086,-8.0909550843645963,-6.4423862029082146,-1.6598859003596695,0.135601290163361,0.1323607275377635,0.3125,1,5
0.66028019090560064,0.75036697722967083,-0.031296469143809257,-0.74251703345540565,0.65849080088241407,0.12271234730792296,0.11268773014950247,-0.057786370680659886,0.99194869365169802,-20.3148703542155,10.447979452728097,-4.2170730323985719,,0.1611566994936632,0.2380952380952381,0,3
-0.65289315757122679,0.7570923596610849,-0.023274100186374047,-0.75727140500434398,-0.65309823314158377,-0.0016483416181250299,-0.01644822055487493,0.016548619584533589,0.99972776255860085,33.989364585258897,-7.695981034188061,1.5694429888451442,,0.08703320331655448,0.1333333333333333,0,2
0.81644913940060704,0.57014433733987002,0.091357743904332697,-0.57603611070979621,0.79329982254188447,0.1971237954011319,0.039914933675764347,-0.21356691259250887,0.97611268402544815,-2.2586162386306459,-27.399078278260401,0.53135083341748557,0.6008895762495502,0.2948190286432206,0.3,1,3
-0.94820383769574323,-0.30435651385885026,-0.090975791564310377,0.31202581599613971,-0.94607747357991057,-0.087047711840102113,-0.05957660892505201,-0.11092577002816668,0.99204138079651227,36.193249440010128,-5.7327978718209351,1.5600924095381965,,0.3403377439193188,0.2916666666666667,0,2
-0.38349033113281356,0.90408607635890159,0.18858295909654943,-0.92354487439643307,-0.37537142973052584,-0.078493023372382828,-0.00017579454340014731,-0.20426614079682123,0.97891537571960319,20.754202322288634,31.62949060623955,-2.5238200238763011,,0.3123973083490746,0.3076923076923077,0,1
0.68910892549613334,0.72303865814690349,0.048414745963297319,-0.72331750555642893,0.68223604959054218,0.10661031279720304,0.044053092481581679,-0.10848535138080767,0.99312146969975068,-30.069014691674742,-17.212452787033929,-2.3405275301753963,,0.17297304376489,0.3333333333333333,0,1
0.70592568623123497,0.70821306960491925,0.010157438640609981,-0.70707186291900159,0.7038039180967095,0.068625254389131404,0.041452456950256983,-0.055626368859542225,0.9975907983237865,-11.928587640854838,22.995835465969698,-4.9438408418450281,,0.08736555484552488,0.225,0,4
0.18536327697083596,-0.94526743347716613,-0.26853293049107646,0.98256173130581803,0.17423067288265132,0.064931631738105733,-0.014591083713953198,-0.2758861211339757,0.96107957445869319,30.784510757099419,-15.054598249251081,1.9802639547168153,,0.2243660878263127,0.2647058823529412,0,4
-0.92487506912371353,0.37989519026333979,-0.016904168958822113,-0.37890171280529422,-0.92440268294660188,-0.043739819322219299,-0.032242806122016375,-0.034048849847048521,0.99889993356565665,28.984076054325801,-8.0735142777566598,1.4114730101690736,0.164665575296442,0.1447227143701387,0.4545454545454545,1,5
-0.12213921963626226,-0.95604391963971269,-0.26657463260141379,0.99216133107693172,-0.12475861642159083,-0.0071540718630117,-0.026417875431148381,-0.26535883506773283,0.96378772793037792,24.485467617974987,7.3458707815459192,-0.099230404531496855,0.2391669847205599,0.1972378655586993,0.2923076923076923,1,4
0.89614541463414943,-0.42602010315457645,-0.12421862798450793,0.44239261530030799,0.87962981579908017,0.17475743499213872,0.034816228370447046,-0.21156147774451295,0.97674437360888677,22.671598173907803,-8.2941872481306174,1.1036112410725278,,0.2584002650557507,0.2105263157894737,0,6
0.95775336870860928,-0.26975533984485867,-0.099702263527441007,0.28319570143032763,0.94500512180728402,0.16360169451868461,0.050086718985128786,-0.18492532650555213,0.98147539153975749,-22.044867963094845,13.012706758021389,-4.6371070374947907,,0.1869999122847842,0.180327868852459,0,3
0.82868613855085194,0.55605816168161548,0.063863953846761093,-0.55971031945766792,0.82288027599198421,0.097940847841705439,0.001908419837035445,-0.11690753701373977,0.99314096971331711,22.023842998298029,27.650435123318911,-2.1588234395472923,,0.4054137496343572,0.7058823529411765,1,5
0.18409259335787526,-0.95899251378593831,-0.21550701977731196,0.98285840916490796,0.17738152705266455,0.05025078501169343,-0.0099631623794122562,-0.22106368395327095,0.97520848182960862,-23.597655113320634,4.62411086126989,-4.0442804677661304,,0.07320851434949679,0.1666666666666667,0,2
0.63498166780747689,0.77248388581408178,0.0081809355218633497,-0.77168203326707607,0.63375618625212771,0.053478368710640267,0.036126459572282901,-0.040270864713043898,0.99853549580074397,27.931192120282255,3.5684057429063278,0.52981131220402078,,0.1553016670396836,0.3714285714285714,0,5
-0.47781686000346257,0.87834062776413668,0.014449564537854715,-0.87844398658976852,-0.47764611854868205,-0.013796661177717853,-0.0052163896236607967,-0.01928541039958806,0.99980041119466123,-15.126146469534326,27.309659164641275,-5.5546996063475671,,0.174028794332189,0.2105263157894737,0,1
0.87388783226495903,-0.47764285660425038,-0.090428746282268435,0.48517823160222184,0.86857828386933822,0.10086549642933887,0.030366761410993239,-0.13201918923220088,0.99078191014767791,31.703208242157775,1.079765802063384,0.98273979307081116,,0.0831229994991886,0.3333333333333333,0,3
0.36913967439570783,-0.92057754146843351,-0.12756524186064039,0.92933797762984516,0.36683898469489068,0.041953338876545662,0.0081746022471530164,-0.13403786573933055,0.99094249400565371,-22.425971401811619,42.174042267862092,-7.2218128594472013,,0.1645879336737787,0.3529411764705883,0,3
0.24569461197374051,-0.9645614137681382,-0.096205180300672502,0.96931825293435903,0.24370613115950812,0.032084983458747655,-0.007502144717117137,-0.10113654485336368,0.99484426777248358,17.221756581314676,23.695028562321557,-2.2726416707656867,,0.125362847665873,0.625,1,4
-0.22678834388036276,-0.95293714212038694,-0.20119107894594052,0.97265106282521141,-0.23224307950149536,0.0036141400980503283,-0.05016928407889247,-0.19486907192033168,0.97954534746683375,28.566973139200556,-20.724152130240359,2.1767580018754003,,0.2791595209185657,0.2142857142857143,0,5
0.96058819562433229,-0.27004351828650852,-0.065930392526005036,0.27577706926826862,0.95556829758073314,0.10409724647877927,0.034890206261836684,-0.11817667659104023,0.99237943681683716,30.553730521442677,-0.8612047579054396,0.98397464760637976,0.5650461190455519,0.4183971330738023,0.7341772151898734,1,5
-0.48266809565305391,-0.86271222521707402,-0.150861280319564,0.87507569896946602,-0.48207863957466118,-0.042926755513830267,-0.035693564010261213,-0.1527344156594958,0.98762248240985162,22.197867626606133,22.824955851747674,-1.6861013256911428,,0.1728127776761835,0.25,0,2
-0.31690437139788791,0.94739478396161703,0.044885885434405318,-0.94840272114135549,-0.31703961253931634,-0.0042617616771081267,0.010193032943228257,-0.043920466792160696,0.99898303022432644,-9.6287783837156322,-14.488335005935022,-0.92599627860646838,,0.08576880859954882,0.391304347826087,0,4
0.9109163943168801,0.41249192474363433,-0.009040718225119336,-0.41060923084792944,0.90846849310210109,0.078006772675644459,0.04039037146655057,-0.067345445741265497,0.99691183603702138,-22.568699072355212,3.7394332427134223,-3.8572760190436277,0.2675274950465433,0.1550774656886794,0.5384615384615384,1,5
-0.48966809810422318,-0.86039478149182047,-0.14123021518299317,0.87106996170214068,-0.48984072217354141,-0.035960933257274223,-0.038239711285827614,-0.1406303199247774,0.98932342416351959,-18.361559015292958,-13.29824156409957,-1.6950645121771588,,0.09146611066223619,0.28125,0,3
-0.87109668646759042,-0.48158414576965897,-0.096266678391294463,0.48879538440374876,-0.86918400776378224,-0.074821339424535338,-0.047640686506145849,-0.11223132891932433,0.99253941674788249,38.790819278781022,15.123210255072269,0.35096602046340897,,0.1006242509428657,0.2352941176470588,0,2
0.62969373197719469,-0.77414994986963537,-0.064634812798304131,0.77677752541236011,0.62854134601173861,0.039401172165312179,0.010123236778881519,-0.075017541086009276,0.99713082822994004,-25.383909731881044,3.4492235933562219,-3.9578092725273595,,0.1190595592556053,0.2857142857142857,0,3
0.65237081046424805,0.75550013285367912,0.060265038889003641,-0.75658519345470454,0.64449542530976733,0.11047394172332865,0.044622535778766334,-0.1176656110036202,0.9920502171199892,-22.486057933051132,-13.972296784604566,-1.9815225343944785,,0.2649653783023772,0.2222222222222222,0,2
0.75911812747988527,0.63474978712694119,0.14433425190763668,-0.65079675259781045,0.73518894818596892,0.18963332321444695,0.014256764695360531,-0.23788635565646296,0.97118835786520319,35.447379542660549,3.2959823455902302,1.0412168639650177,,0.2545105114001331,0.2105263157894737,0,4
-0.91774385158977256,-0.38701561685004932,-0.089247606037059127,0.39628699847653337,-0.90727841964717559,-0.14072129931529304,-0.026511086504148181,-0.16451377315197646,0.9860184484763308,28.463899617138189,-5.2660611301060891,1.095995032572745,,0.1073211429977671,0.4285714285714285,0,4
-0.95928463687482568,0.27891043279413696,0.044519163677220495,-0.28243849852766051,-0.94660528142452793,-0.15545718294318042,-0.0012165547141798402,-0.1617016130339336,0.98683894751719758,-15.744279364950875,24.354798377424075,-5.348552205161357,,0.1865191791070317,0.3125,0,5
0.74126687196738161,-0.64100576250317221,-0.19908550163540559,0.66772855904838335,0.73440970901791613,0.12157693338536733,0.068278810438259299,-0.22305602824839182,0.97241144188413875,-3.9388546969650564,-29.88031236641913,0.56081361008947506,,0.1260640033611175,0.2,0,2
-0.99626991853140034,-0.055656335157515648,-0.06594408075233324,0.069720734533152584,-0.96946638800274931,-0.23510410823518083,-0.050845536732280081,-0.23882482050602755,0.9697305999630359,16.632562727232042,16.844317067340381,-1.6188232667953923,,0.481090568866674,0.2477064220183486,0,5
-0.74887201586080221,-0.65579773333458402,-0.095498883835355125,0.66090164803250362,-0.74968038750142785,-0.034472136917056792,-0.048986890986237611,-0.088930588376156791,0.99483246577630957,-30.083462997405142,-7.0196581635527435,-3.0847369575012373,,0.201050499627181,0.7105263157894737,0,5
-0.97442626731903437,-0.21566672692832242,-0.063097642227873077,0.2179308698067999,-0.97545766152080993,-0.031440206195304438,-0.054768472170984947,-0.044387086820109958,0.99751200543135266,24.561023998884352,28.529907073153399,-1.8688247635422413,,0.09990686072304918,0.3666666666666666,0,5
-0.99701467656924647,-0.047947200334844668,-0.060521076374877601,0.05215966791087473,-0.99617831114653055,-0.070058129040647538,-0.056930692503699365,-0.073005742111829947,0.99570530673977686,31.274698024926561,-4.0448992003027566,1.198085836442083,,0.2587033933679984,0.3,0,5
0.94727001231144314,0.31924613101699173,-0.027594050194900268,-0.31344312986175116,0.94104713830096132,0.12721512425038037,0.066580238193823804,-0.11185790685620782,0.99149124078622153,-9.879974787026514,-10.973111103014288,-1.2594604973866896,,0.1403232139234321,0.3174603174603174,0,7
0.99949664225208401,-0.025546371022523062,-0.018810769638376308,0.029164394109482454,0.97325143959627292,0.22788390342454645,0.012486001883519317,-0.22831780099536875,0.97350659037605058,21.995693499188416,10.46389222083649,-0.56866595255562324,0.6108961101823763,0.2435985610228486,0.2285714285714286,1,3
0.90014399157358127,-0.43039699360743155,-0.06707624264718974,0.43419134652286934,0.8988878125145664,0.058979446567723914,0.03490944053745014,-0.082213918568949829,0.99600311372751238,-31.815588633757077,-0.63679301217425588,-3.8470442011078205,,0.09384718842994355,0.2,0,2
-0.8732740703941303,-0.48192196510882723,-0.071719017860752313,0.48490869192887681,-0.8739969633575343,-0.031509816464589627,-0.047496931154448814,-0.062293880818685407,0.9969270354160602,-11.369494919052018,-15.093336813547474,-1.048409809494292,0.1996576865323048,0.1935423148752409,0.6,1,5
0.96293021665681,0.2657973186858188,0.046012859384079258,-0.26546757560182482,0.90347711382966855,0.33653539351768391,0.047878639844498957,-0.33627502161986716,0.94054598275746193,29.503559633784619,13.161321290913829,-0.16950796672668339,,0.5382975337005947,0.3958333333333333,0,1
0.96630319686532862,0.25688538628245222,-0.016371623082674303,-0.2533363639562235,0.9603639957961414,0.11628276861130031,0.045594061294052302,-0.10821688358562431,0.99308120900645891,26.807395818650559,-0.11582746481896816,0.7314322392441438,,0.1000525757906269,0.4166666666666667,0,4
-0.90696252942406885,-0.3879856340873119,-0.16396986906916786,0.41844292373771541,-0.874487645666288,-0.24530975755331078,-0.048212962930380042,-0.2910987896211491,0.95547737015932233,33.552761744225599,10.753031625103434,0.30708658462060223,,0.4146126515598875,0.3333333333333333,0,2
0.67087327578127032,0.72842803661092093,0.13900231408744951,-0.7369466492495319,0.63396950436467003,0.23450437884078382,0.082696336088093292,-0.25976001042264563,0.96212579893838834,-19.105549745396065,10.154783717473526,-4.0842309959759842,,0.2802531313004364,0.1052631578947368,0,4
0.87505895459206351,0.48368015584386415,0.018036985089003015,-0.47961755828717934,0.8614914042083256,0.16673199530327842,0.065106249860438253,-0.15455118025438555,0.98583726289438256,-33.238971339267401,-2.8144473044586698,-3.7485122768917347,,0.3622616726473559,0.3333333333333333,0,3
-0.54846144490760851,-0.83048640035404508,-0.097377524495324094,0.83533036112038761,-0.54941449574269008,-0.019154624984250045,-0.037592967963968459,-0.091847975997213657,0.99506317290153723,27.836123137648567,-3.823023561747632,0.95130690312270016,,0.1306861303167456,0.12,0,4
0.93976512512359189,-0.33525870223310389,-0.066656673922530899,0.33994816045821352,0.93705854509059294,0.079727857576750993,0.035731747823417544,-0.097585273733678674,0.99458551997694367,-5.1300038141238309,-23.589670472700579,0.079462381906794013,,0.2495252141067036,0.375,0,1
0.028840185698291113,0.99752859465724109,0.064069856641304601,-0.99955785993482427,0.029243984496005473,-0.0053734545044970923,-0.0072338324146052086,-0.063886557364962418,0.99793094924280756,33.651080835695183,-4.3043558799999166,1.3631772036927579,0.9951357616104379,0.5436986513042913,0.84375,1,5
-0.85270669597574444,0.52237343791610524,0.0041571622336960493,-0.52108478587898865,-0.84998707768801207,-0.077411973807938267,-0.036904424715429957,-0.068175942407137716,0.99699052368280872,-3.6708597054715719,-26.607861555307263,0.39991358675127042,,0.2295525735291278,0.25,0,5
0.12649131237083136,0.98601657216153427,0.10849547141481167,-0.99123001565332691,0.12142159874020687,0.052152194846213355,0.038249234797704895,-0.11414076739793577,0.99272799963293079,-6.5884736531061945,-23.893412854417146,-0.041431147218789807,,0.17217989113006,0.1612903225806452,0,4
-0.1638254225564611,-0.97371529160485515,-0.15823957096462757,0.98606505639191466,-0.16633859455306774,0.0026789036789731206,-0.028929837313889206,-0.15559563893947198,0.98739711446611522,29.158009666620273,-14.817277574628397,1.9069401572119531,,0.1190983635981621,0.3333333333333333,0,5
-0.054996468036474219,0.96733305377398671,0.24747151670405512,-0.99830495148281262,-0.057997592533994037,0.0048480001195614257,0.019042382949923303,-0.24678541759300371,0.96888304005954962,22.648451546023583,17.763715222548655,-1.148246972226006,,0.451184654350622,0.2558139534883721,0,4
0.68545359406694928,-0.71458070363866055,-0.13974186333371152,0.7277447783506642,0.67849818081728475,0.1001386848873943,0.023257428147656585,-0.17033683281930292,0.98511139239227419,-11.840011350103486,27.874768803617521,-5.3741575378882303,,0.1776258777102782,0.3513513513513514,0,2
0.73730677442267933,0.67089529413629934,0.079235249076368683,-0.67512923760433841,0.72757448724695462,0.12180261918003883,0.024067258302740088,-0.14329992956418691,0.9893866267868644,-13.453006264942688,18.625812505096359,-4.651327332206014,,0.5270108414478403,0.4027777777777778,0,5
-0.92261423650643393,-0.36624638707648571,-0.12102295050556032,0.38446673083691196,-0.898482109249642,-0.21193214064386851,-0.031117575021648334,-0.24206090826842708,0.96976193636017538,32.434604397805174,-16.500267785237181,2.132201557433608,,0.7603300792356182,0.6792452830188679,0,2
-0.70123929826683318,-0.69073333207175336,-0.17649620543029418,0.71022132250584191,-0.69837698760586153,-0.088629883451440475,-0.062041273554729527,-0.18750212571492553,0.98030292931730667,22.166724297979606,-5.453596004767423,0.86380683773438494,0.5092581593861729,0.5697107519403124,0.5511111111111111,1,3
0.0017136869092224134,-0.95591438543643392,-0.29364051320085593,0.99980457070361883,-0.0041453745683295417,0.019329673298866965,-0.019694762687827508,-0.29361625225006383,0.95572046788655596,21.91703337746409,0.4136658530355054,0.26734524431196516,,0.09768289161375235,0.5483870967741935,0,2
-0.576107317290113,0.81732609694752911,0.0088549541674366704,-0.81723768941761932,-0.57577950834658143,-0.024505443548735115,-0.014930437372697463,-0.021354367625560974,0.9996604788742891,-11.32933784308878,17.160761741825311,-4.2356068675669354,0.1759022350383414,0.1708161594447728,0.2553191489361702,1,4
-0.77448652510353133,-0.61839578002110229,-0.13325645082002993,0.63083416908994505,-0.77069187183204857,-0.089901556163470633,-0.047104920567363741,-0.15369026626337493,0.98699565779907938,25.768070536476255,-12.483231280469989,1.6033115193491605,,0.1405831998631156,0.1515151515151515,0,3
0.59890191168774831,-0.76898084300751002,-0.22357317205832,0.80033022605047732,0.58452180221902361,0.13343834531579143,0.028071862188888484,-0.25884884743433495,0.9655098366848287,15.40813929247367,23.904952433693389,-2.5032542507414988,,0.130646278952846,0.3829787234042553,0,4
0.042819392673962252,0.999082729787234,0.00044570384999046255,-0.99878894378043215,0.042795973141646619,0.024272421898693781,0.024231083199101097,-0.0014844944419991151,0.99970528201227904,-21.907483838333135,-6.667604042721651,-2.5730342854449413,0.2560429754182261,0.2913201962932073,0.7777777777777778,1,5
0.77116877886074164,0.63453357859659321,0.051631890763702074,-0.63386633918684854,0.75774110872984513,0.15505442975526229,0.059263636036754795,-0.15230085283499734,0.98655576206793161,-0.60969435447045761,-32.965128422428414,0.93957745171004214,,0.341743293517458,0.4090909090909091,0,3
0.79924771396183236,0.60080853538413004,-0.01523796365535795,-0.59954361035075088,0.79881736843450946,0.049378853520033267,0.041839586689792388,-0.03033011204961595,0.99866387402803647,18.382542669814327,33.178107694626405,-2.9694208780525346,,0.2185113659689532,0.6666666666666666,1,5
0.6041304316864069,-0.78078884576261987,-0.15935871436187946,0.79687774929858401,0.59280082626922459,0.1165033606697564,0.0035034530421181281,-0.1973726392061475,0.9803222771668415,-13.895442242989466,-34.97060510010273,-0.018950828560701717,,0.303477009484855,0.2857142857142857,0,4
-0.99725448218961332,0.040795956678145291,-0.061799576628339389,-0.031706357022652051,-0.98942865339123909,-0.14151200222155355,-0.066919389395594581,-0.13916403905864386,0.98800565056876399,23.059129789102776,13.300323794909698,-0.74904913030223763,,0.2359979293165343,0.2235294117647059,0,5
0.74567140237137286,0.66352873324169792,0.060858687532491969,-0.66386268077703703,0.73199571131452279,0.15319471168637502,0.057100794714572835,-0.15463472695294966,0.98632023220815601,21.709346888449506,-9.7712167321335244,1.1270850146724478,,0.2501967774267331,0.1162790697674419,0,4
-0.2876935976590711,-0.95400182409273615,-0.084338090408266481,0.95708969176897507,-0.28958727419834313,0.010887264667600198,-0.034809708064694293,-0.077586920612343332,0.99637771651836216,-21.182799500466906,24.985891316225178,-5.6228040658864904,0.2609930727607823,0.1759090391849222,0.6153846153846154,1,5
-0.068455303006470347,0.98096279801136166,0.18173018573702199,-0.99736660430945789,-0.062917191116800858,-0.036073309665089301,-0.02395262195488836,-0.18372102759263073,0.98268655018871331,32.288645642188939,-9.1932002024785096,1.6528724202261462,,0.4251282199295605,0.2083333333333333,0,4
-0.70471930057174481,-0.70274446198659746,-0.097575245574066743,0.7076984006427206,-0.70602114685371575,-0.026402915049288437,-0.050335684453545491,-0.087660489061677463,0.99487786060805561,-7.1672855667391913,7.1467362669577765,-2.7413579118835001,,0.2276021113579369,0.2727272727272727,0,5
-0.86447072986102025,-0.49482290030078291,-0.088547470610259749,0.49960046445662215,-0.86521305261586479,-0.042494111331605716,-0.055585367933306949,-0.080973272880973571,0.99516510989416296,26.626990621507982,-1.1785360337185145,0.76304463871972006,0.2733579581417642,0.2569141060474663,0.4050632911392405,1,5
-0.99570380182624652,0.079476138064512425,-0.047512971987764482,-0.07893199716750221,-0.99679228803251052,-0.013224006278837417,-0.048411557007691182,-0.0094168995568547319,0.99878308112964542,-28.204356859123006,-14.734065727226762,-2.2906747032454202,,0.2324244202452471,0.5333333333333333,0,2
0.20883522284413109,-0.9550702578296153,-0.21030609194437211,0.97791274063053168,0.20204300109637835,0.05352847298823183,-0.0086325785328043702,-0.21683963732962094,0.97616906848692675,29.794648883544326,3.6715577425947021,0.58767925304523683,,0.08438776181748908,0.3125,0,3
0.2575593155068111,0.96114998409396446,0.099266847798414243,-0.9650911894213271,0.25082916790707271,0.075390481019640035,0.047562538798829102,-0.11521908089902523,0.99220077015682306,-13.563936951438095,-6.1005925365152995,-2.0230171922619942,,0.1793196347526952,0.3720930232558139,0,5
0.70366200479348007,0.70937668073414129,0.04055253186465084,-0.70923555615429656,0.69778045908003472,0.10043583430510632,0.042950074464746704,-0.09943417801072732,0.99411676142533945,25.382326684677011,28.948282166748211,-1.7381249698012018,0.3612589271234601,0.2715472979853418,0.6666666666666666,1,5
