axis_00,axis_01,axis_02,axis_10,axis_11,axis_12,axis_20,axis_21,axis_22,location_x,location_y,location_z,dbh,dbh_approximation,score,reconstructed,number_clusters
0.7589193049060533,0.65055898121565192,0.028539456907350158,-0.64737495361933295,0.74902047101296565,0.14097518728443884,0.070336036761252649,-0.12546452073462364,0.98960168551268735,-6.8404903207229353,-10.396868308620064,-2.500042336895048,0.6795125390544201,0.5601224722845544,0.25,1,3
-0.58365625515765263,-0.77393775954259858,-0.24569436332469499,0.81084168620125197,-0.57166473555836184,-0.1254399857991807,-0.043372061671718497,-0.27243306420691765,0.96119669672402308,7.3818773881531605,7.7270362203491851,-0.074320112671518515,0.4934484755695078,0.4485799696930067,0.39,1,5
-0.84323621369645718,-0.45564405129850843,-0.28520376299611655,0.52880423915273966,-0.79842346946047338,-0.28789935753452583,-0.096533748321272969,-0.39358412306771584,0.91420608918561796,-14.269840896352319,-6.6322696699516772,-4.3584217798170348,,0.6102829942259473,0.3611111111111111,0,1
0.66931617098840213,-0.70011368400973317,-0.24871005752833186,0.73449879976683163,0.67393226006927498,0.079541322462012523,0.11192576287214225,-0.23591553213012706,0.96530642042060966,-25.492778333019125,-4.4613108897085887,-6.7952672228923614,,0.3553930382177246,0.881578947368421,0,4
-0.31999765610149067,-0.89961155829517847,-0.29715407496999507,0.94692829656292488,-0.31377994519790436,-0.069777841468754792,-0.030468036661238602,-0.3037123477458919,0.95227648745975502,-16.347512886918331,10.232157694171837,-5.1170799192893552,,0.355430204603143,0.2121212121212121,0,3
0.68806515910138277,-0.66481341807418481,-0.29084266533524505,0.7194376793526448,0.67731355709882579,0.15380432665506641,0.094740500096164984,-0.3150705706959257,0.94432768312851734,-0.52455036957256074,13.572828159549916,-1.7921985108197247,,0.5886556823784012,0.5,0,1
0.809913744175637,-0.55798345013968365,-0.1808153654024344,0.58266314964570243,0.80079131388076397,0.13869724459436719,0.06740460696681333,-0.21768725498598912,0.97368828583706113,-3.647486742048724,16.894559689006002,-2.5682259707318233,,0.1983500933151819,0.3333333333333333,0,4
0.069294684218330974,-0.97336980956123709,-0.21851649954592114,0.99735890209346056,0.072373499076390707,-0.0061071307802035915,0.021759300402555189,-0.21751618437753187,0.97581414335919059,3.7251001096661867,8.4768277423487479,-0.83816160412285101,0.5531495863298865,0.2755355712012391,0.1794871794871795,1,4
0.81149842123712679,0.58430379593345594,0.0077062563807562086,-0.57794010681265262,0.80057211389366179,0.15833358264504505,0.086345499402294856,-0.13294120698109202,0.98735560474399509,23.965098147621941,-2.249733720635656,2.8241212223506515,,0.3034977229802813,0.4,0,3
0.29938239272492667,-0.90987617008736543,-0.2872203649350884,0.95286116927657782,0.30065403338453189,0.040776761696905903,0.049252157426565558,-0.28588897725648749,0.95699619522340251,-11.803974042423318,13.62300966904842,-4.2373821606772903,,0.3793695902597463,0.4,0,5
-0.62321375250577626,-0.75768018095172962,-0.19371464085252849,0.78063881314089789,-0.61758348014376296,-0.09588372370475301,-0.046985764925560794,-0.2109772225773992,0.97636107534450955,25.14171780431678,0.20085290558671737,3.0204842718671889,,0.2778242871689368,0.4545454545454545,0,5
0.33965109902626822,0.93997599307128288,0.032897771655618781,-0.9392492289420169,0.33713332212306474,0.064436084968708354,0.049477437909382443,-0.052784993738022187,0.99737943009368413,-14.205239570082323,3.1381715572517215,-4.570874627671162,0.9391361272166627,0.3716983189294313,0.3333333333333333,1,2
0.54628309632596284,0.83742372817159638,-0.017212732604204434,-0.83629726795660608,0.54646383571647583,0.044543864474857919,0.046708224937761444,-0.0099385989566856767,0.99885913219729972,-13.041874462358878,13.068289680426254,-4.5065853432493448,,0.1371397743645789,0.2142857142857143,0,4
-0.46701095529252523,-0.86543548882371812,-0.18144470871649857,0.88390261082366728,-0.4626569235933663,-0.068298943112076738,-0.024838321518726256,-0.19227580642289369,0.98102653993078015,-6.9923437021691832,18.971171554638385,-3.2270514783127227,,0.4982071774789863,0.4090909090909091,0,3
-0.21613620061884922,-0.95336410523499215,-0.21067041945069706,0.97632105704829508,-0.21304108987513101,-0.037559121247951063,-0.0090739377422620459,-0.21379985237202687,0.9768353427162384,-1.4352258882474327,19.47533996623234,-2.1209328535623087,0.2401510482743733,0.1431103083376791,0.2666666666666667,1,4
0.9529561596051821,-0.26455297782128151,-0.147940122334804,0.28605821770281997,0.9463429422116022,0.1503520262948789,0.10022601436368887,-0.18559837728865619,0.97750088920296574,12.487879049696303,6.8438022087714687,0.79830836629516444,,0.1849398668642908,0.3684210526315789,0,8
-0.9115034408162781,-0.38939673450067136,-0.13240717707246613,0.39685189731320686,-0.91723537740077876,-0.034464968349899462,-0.10802800090251533,-0.083960976677651372,0.9905960354333857,10.920181905219032,-6.0209225874179859,0.73772472220416052,,0.1065809347489124,0.3783783783783784,0,5
0.85933860852315558,-0.47552220158245506,-0.18819083852212892,0.49163166903810884,0.86948335065894355,0.047927079252764876,0.14083841059984525,-0.13370616563596543,0.98096238631796573,9.9007813211244819,-4.1170374717454337,0.47347319906257473,0.4887348582004364,0.4871385024798832,0.7289719626168224,1,5
-0.75414769208861554,-0.62102382312536897,-0.21351971718828341,0.65072827539193356,-0.75044744060952517,-0.11567778735804497,-0.088396663527840397,-0.22618145369009232,0.97006596676915846,-10.469664437417656,-18.66006750990778,-3.0819558472700042,,0.2221336986456118,0.4375,0,2
-0.98200886850544566,-0.13443855750180733,-0.13260790486803142,0.14463683829649343,-0.98697067789139403,-0.070491602267205147,-0.12140332443656421,-0.088403366674788181,0.98865872654638254,-9.8958442530740633,12.999177582704114,-3.757515024033562,,0.1103543410379627,0.2857142857142857,1,5
0.98684009737280742,0.11563361390739821,-0.11302871118412676,-0.10737222291335716,0.9912597409417836,0.076650712551645114,0.1209042098682849,-0.063505852665288923,0.99063069744147481,9.6412358608922766,10.699843325639117,0.37080015185736293,0.8153780819157556,0.7116984889036564,0.4189189189189189,1,2
-0.91683018461666377,-0.36850125594911043,-0.15371804363737751,0.38381493015806784,-0.91949421071557524,-0.08494996084931021,-0.11003868394129421,-0.13688396847136627,0.98445633077958228,-14.985222234004512,1.5055038728523338,-4.7394455344540596,,0.1106684926350407,0.2833333333333333,0,2
0.86660003687628673,-0.47735267249554275,-0.14539189161498195,0.48554564355543955,0.87385320633616759,0.025020027984289032,0.11510779343881886,-0.092276756755769698,0.98905773140514097,1.0546018982426881,-11.882975326730877,-0.93761321146331,0.1533091018573371,0.1136496734816666,0.5526315789473685,1,5
0.7154621307676966,0.69300570964675368,-0.088639865942749294,-0.69422754119305208,0.71944178713506679,0.021251728705032998,0.078498792897715913,0.046331429083316646,0.99583700382778562,-18.489604891097326,7.8078616535095726,-5.4456274232186814,,0.09305795323421819,0.5652173913043478,0,1
0.99177214168236338,-0.028791384407281184,-0.12473602192907596,0.036586194050063886,0.99748793582489925,0.06065697230091429,0.12267627883054585,-0.064721511630175727,0.99033411359227452,-8.4346602682811671,1.6623252625406537,-3.2753814155418115,,0.8888782473866039,0.3639733135656041,0,1
-0.981975564602241,0.1725535200483839,-0.077131532093059674,-0.14354915697820447,-0.94634056746466355,-0.2895395826161013,-0.12295377202411317,-0.27324862870574707,0.95405322537868487,12.765108087014751,-2.2807122426835669,0.97360991208289993,,0.6755892345926007,0.1318681318681319,0,1
0.23866319069461575,-0.94752382785893507,-0.21269338740783122,0.96994856266847296,0.24326542417178931,0.0046603840919237395,0.047325122132228274,-0.20741390754255545,0.97710787724442139,-5.7977848541970571,-7.5045877970645254,-2.5799587519972134,,0.07203492531112617,0.3260869565217391,0,5
0.29382019482260141,-0.92751313747604058,-0.23106075591445729,0.95423597700905516,0.29871007337421263,0.014352429980578292,0.055708107991417184,-0.22470351994155419,0.97283345688246803,-0.1501405473691553,-7.8810049335559906,-1.2933458640772435,,0.07413578028116337,0.3783783783783784,0,5
-0.73675716372988531,0.66711629110595205,0.11020315709513052,-0.66871664271407172,-0.69479358973134742,-0.26472612153969466,-0.10003466124257121,-0.26873355169994545,0.95800592103640836,-14.80438121617172,13.917413339695788,-4.8800184702118816,,0.3891823439379949,0.35,0,1
0.78480330551308419,0.61913644615466379,0.027456013889664132,-0.61611359446817071,0.77464998877345115,0.14255326585105749,0.066991121555372735,-0.12879229765892436,0.98940625311167707,5.2777828895654695,-10.914248987681825,-0.23971072129016568,0.7344119975901231,0.6770234555280277,0.2330827067669173,1,4
-0.43149192768831957,0.89704581991331778,-0.095517083895291136,-0.89985240053868587,-0.43548673951772077,-0.024838618097395859,-0.063877801970493239,0.075233614031673543,0.99511784715939566,7.3363666291846172,20.549750416353092,-0.44628068366535301,0.2116533419083705,0.206574714369325,0.3333333333333333,1,5
0.88226788065041883,-0.45263804006658354,-0.12931431265448334,0.45654852342086394,0.88969826064147672,0.00067139687336280243,0.11474681927987609,-0.05963061039612539,0.99160342767103138,0.66443801471148467,8.1932308308772726,-1.5035555954651636,,0.1045406681481379,0.4057971014492754,0,5
-0.45784740142438712,-0.86162604826659417,-0.21903495145165638,0.8873390073526024,-0.45808181799522579,-0.052825505702154892,-0.054820097039638596,-0.21854427691129891,0.97428597238689774,-16.300346652010994,0.16103278509204352,-5.0127322657814597,0.3025699557614834,0.325042088293406,0.7096774193548387,1,5
0.3099699061027717,-0.93439521074900733,-0.17556835546292804,0.94933772563727137,0.31423617114109736,0.0036757894983720763,0.051735287691209282,-0.16781304739471606,0.98446038068152164,-5.9486202356428342,5.2306299512971792,-2.8536799478577417,,0.0709434985971638,0.3453237410071943,0,3
0.1014155617106053,0.99478731423079414,0.010634062648192038,-0.99484180748294093,0.1014327280513769,-0.0010861694761019568,-0.0021591496006063047,-0.010469055618282474,0.99994286684163292,19.408861296158939,8.5076049864382561,1.9876476229766056,,0.3553666974743532,0.3043478260869565,0,6
-0.92538340113294193,0.3613123368942433,-0.11453801166272391,-0.35966770917568447,-0.93240704120396722,-0.035443595889528057,-0.1196022570186064,0.0083967089556367131,0.99278637953729532,-9.5483867326692788,-9.7205663344566116,-3.2341477211466421,0.1059738061607468,0.1142848069773544,0.4675324675324675,1,3
0.77238091334081471,0.62572609749883057,-0.10906225568771771,-0.62409864593127518,0.77956382400574709,0.052736367416475645,0.11801951047838558,0.027333042465500928,0.99263502856589814,-11.564503390458857,5.721234384533548,-3.9435528652689777,,0.1350332417386126,0.1746031746031746,0,3
-0.091523262237737268,0.99181523873093691,-0.089028224122790697,-0.9954560605491507,-0.093484574809093196,-0.018107064608329972,-0.026281628285355036,0.086966467640456221,0.99586450359514911,-6.3268412327235248,3.6648587960158641,-2.8661838698499955,,0.08160497265751492,0.3892857142857143,0,5
-0.81302259296470436,-0.5250937770746108,-0.25153685337633491,0.57604398415246538,-0.78826185108373159,-0.21637139932949476,-0.084661630333363672,-0.32081112730634564,0.94335180550297804,1.0882618246353748,16.69567266119385,-1.6661742284217227,,0.1452460548534936,0.2666666666666667,0,4
0.99240350544571709,-0.041730980169625183,-0.11573161915888276,0.065049798326690222,0.97644795985117661,0.20571316302107143,0.10442129149130117,-0.21167878258474404,0.97174497008563465,-6.9389541209480274,10.289490605087298,-2.9606708631658267,0.593597118839374,0.4437662939630219,0.3052631578947368,1,4
-0.98708012318373017,0.11629731898837287,-0.11021689530970635,-0.10267651703685071,-0.98719213460885002,-0.12210332598093092,-0.12300554160189471,-0.1092090791213845,0.98637873749016181,-13.540600929381393,10.431799974358444,-4.4302391321505832,,0.1809199910798724,0.4285714285714285,0,3
0.06461308215077094,-0.97090077683719311,-0.23060102157603948,0.99748744530808597,0.069564827174731503,-0.013398928050364765,0.02905074986513851,-0.22915587785846786,0.97295613342801279,0.71428987834658408,11.277949051836027,-1.5728731222409584,,0.1064287687623734,0.52,0,5
-0.98214906759347598,-0.1291269663046466,-0.13678243892482836,0.1462526706541469,-0.98149738048063373,-0.12358417550877714,-0.11829355583376192,-0.1413828797365978,0.98286190076001612,2.1949648823609502,10.606457096328288,-1.2112982447751086,0.3070801245936508,0.1287400595080905,0.1707317073170732,1,4
0.98621968065702659,-0.05083935417188741,-0.1574360236799007,0.06441073747888644,0.99452118397524547,0.082333902627670805,0.15238765823444775,-0.091339885547674027,0.98409096476187585,-11.677107604572489,3.5047026975454352,-4.0346970547957115,0.2990946771478661,0.3138970030046765,0.6484375,1,3
0.4012131035140607,-0.89792061954490099,-0.1810154870852681,0.91423658002110075,0.40475359528894356,0.018601151899705608,0.05656431136270914,-0.17295400572630656,0.98330432246750932,-11.49648670195875,11.831434130821352,-4.0241399071625352,,0.1577576284376396,0.525,0,6
0.71603593907650132,0.69804155123779599,-0.0055250969552922465,-0.69362075107391596,0.71234814846781669,0.10700639725797374,0.078630704120531358,-0.072788104247920316,0.99424298048792092,20.476244116612275,14.528173006600271,2.113416446832614,,0.3431482097766705,0.2222222222222222,0,4
0.35211253757894417,-0.90499692839245538,-0.2387411160230698,0.93421908518146313,0.35537261423984695,0.030740948766265361,0.057021590318316905,-0.23386078048394746,0.97059655552088797,-33.969581247143779,-1.5074714196043131,-8.8509691145377012,,0.3378739453447698,0.9333333333333333,1,5
-0.61616464789471792,-0.77367300082644919,-0.14755071832076949,0.78560989265158165,-0.61708002854283073,-0.04504814026737694,-0.056198071610583336,-0.1436743754668037,0.98802806163664958,-3.3544984777513545,-21.710247250917551,-1.5885612718115867,0.3452094892704221,0.1324540625339642,0.6129032258064516,1,5
0.935715188501551,-0.32512661899880135,-0.13685674125126557,0.33176643364227393,0.94293887990404535,0.028236541459463624,0.11986709104585122,-0.071825833679209666,0.99018833062225742,4.2906586860130709,-2.6819153798657989,-0.64985796462753864,,0.1290452823383408,0.4166666666666667,0,1
-0.25078959404939499,-0.89380431249582093,-0.37177739371889379,0.96796383757532745,-0.23640685533862707,-0.084603829082068954,-0.01227145724786179,-0.38108483269841009,0.92445863164569986,-1.443816035410161,-19.574693745633009,-1.3228172219242156,,0.6902040717117627,0.5526315789473685,0,2
-0.13938132841123008,-0.92974676752087537,-0.34079875817673599,0.99014988202657406,-0.13546652945638318,-0.035384043293635793,-0.013268625139171049,-0.34237372516232539,0.93947015700627234,-2.9904376442286082,19.688426626772465,-2.4323546690905089,0.738800268641612,0.4807168924855347,0.24,1,4
-0.80606019051350053,-0.57484938616812276,-0.14076630453155514,0.58473051065236903,-0.81027091661431194,-0.039386185410891346,-0.091417718094237904,-0.11405798924728634,0.98925910453596899,6.8600404401205601,14.149327025221204,-0.41970807212251443,,0.07548538376098743,0.5,0,5
0.6131152529738424,0.78976351478307505,-0.01905983442495152,-0.78900923389219801,0.61337710024443726,0.035113554769842542,0.039422270402274688,-0.0064902706577797033,0.99920156173973262,-11.722455331554508,-18.159824689688467,-3.3071186609506804,0.3708774571698054,0.4672669917224082,0.5925925925925926,1,4
-0.80896225211656825,-0.52208306960250672,-0.27020241132327755,0.57988574611681021,-0.78415154706502299,-0.22099518702017332,-0.096501793252975684,-0.33546329109152156,0.93709753186581657,2.4460360038868729,20.993330726060066,-1.3518843046775959,,0.3710449533302096,0.1764705882352941,0,3
0.8759565066885765,-0.44515257808284292,-0.18584773503097418,0.46993007179626783,0.87445735749917353,0.12037465487849437,0.10893083131739807,-0.1927784016474885,0.97517719510186418,-17.47632212661291,11.220486628201183,-5.4592838575099831,,0.3632866117567168,0.6818181818181818,0,2
0.95913916405540012,0.26701856050055867,-0.093558283028914682,-0.25864952630402027,0.9615225860952521,0.092599886454605373,0.11468429063221743,-0.06461737209844888,0.99129819363563676,-6.7221817684973866,-26.764271775544241,-2.0361376485636811,,0.1859627478423611,0.1333333333333333,0,2
0.93044635525814789,0.35798540375697274,-0.078205055359517939,-0.34613794507467943,0.9287084863521553,0.13300026449961258,0.12024185197470237,-0.096679874195439108,0.98802575824684236,-17.588964539976335,8.5760472524215015,-5.1900787852157446,,0.3082521440848717,0.3636363636363636,0,2
0.17929245875806285,-0.93970611123313608,-0.29121579411767073,0.98281827406656763,0.1842798134649776,0.01044942630611295,0.043845802459325033,-0.28808570749068818,0.9566003192275695,-14.710418646891309,8.3171470790956885,-4.5512685335961889,,0.3238370126924466,0.8292682926829268,0,3
0.72834001150477445,-0.61832873934519705,-0.29528020208101741,0.67890045668074994,0.70955801002952268,0.18873685469885162,0.092817011155803417,-0.33793046696432294,0.93658315270849302,7.7424622987336083,16.575877976803486,-0.20365658401818718,0.42973284974113,0.4242996523089644,0.6415094339622641,1,6
-0.97611312060343025,0.20378304373462985,-0.075336889185067105,-0.18511855267350211,-0.96160703537413372,-0.20259079686658493,-0.11372905188165883,-0.18380527904611421,0.97636126620881436,-14.555595784754365,12.229754862888349,-4.7932093515807832,,0.2543052479519778,0.2352941176470588,0,2
0.06152437290254574,-0.98048459966598545,-0.18672091836958635,0.99793275713797847,0.063908912529220513,-0.0067722323000565668,0.01857320031502363,-0.18591826353848534,0.98238965564224734,16.542698952414767,4.2471782139715177,1.5371254314090541,0.1606250740851946,0.1222872914425763,0.5,1,5
0.66948399735948372,-0.71698558839755244,-0.19422369399685194,0.73586161526527294,0.67585653587468097,0.041540655924773746,0.10148330137885221,-0.17073256556876398,0.98007730847905949,11.840095193529303,-11.003249813270271,0.94518528351491815,0.2863434663153376,0.1740792722989461,0.3888888888888889,1,5
-0.65264686057907484,0.75660315231960329,0.040046788589311107,-0.75116401954889644,-0.63923714918848862,-0.16470726405511041,-0.099018640222048496,-0.13757738548690832,0.98552918368314357,-16.037563135771325,11.34874144263792,-5.1024149658683982,,0.2730102724969983,0.2,0,2
-0.59690905853545562,0.80066728830414513,-0.051297848668368451,-0.79725856126156591,-0.59910071783183161,-0.073872297842440621,-0.089879710354751285,-0.0031973947318250056,0.99594749577147634,-4.6869331529680691,9.6543801285956885,-2.4830774500032571,0.4637966365711188,0.1792233612508776,0.163265306122449,1,5
0.63737701709032146,0.76945537321650537,0.04109704020111149,-0.77020289824335531,0.63457589790949587,0.064038467579201896,0.023195551784324926,-0.07246970691678678,0.99710085144724225,-9.8792214932336258,-16.703061116309357,-2.9620880251371671,,0.5047732968519053,0.3243243243243243,0,2
-0.07975328768416165,-0.97875331756570083,-0.18889509378939262,0.99676946019080093,-0.076500634834455253,-0.024460092004452764,0.0094898016053178973,-0.19023563342355565,0.9816925931478917,-12.996415457351167,15.691263761630557,-4.4492844233909032,,0.1040825228357218,0.3846153846153846,0,3
0.99064668649783372,-0.051862755129199335,-0.12621171562605438,0.056528003884439425,0.99783328453868425,0.033664833930717425,0.12419229971179425,-0.040484452536136417,0.99143193502889848,-7.5874935348009576,17.805534703878756,-3.3104803928407693,,0.08169749773585674,0.2,0,4
0.48611950520724001,-0.86003223603131995,-0.15502380347558017,0.87089916328296468,0.49144062738290761,0.0045560015940948493,0.072266687000992078,-0.13722486197647041,0.98790022937816868,4.312810277612428,2.0897880114985479,-0.74225729315347411,0.4643964921790318,0.3916265965077043,0.9477611940298507,1,5
0.61970947819392896,0.77772501791977777,-0.10537532509221226,-0.78203695289028807,0.6232317366819764,0.00063773540053071911,0.066169229636453136,0.082012187472648518,0.9944323175336115,3.6923093879697353,-5.7633445607499345,-0.72209143005315823,0.114902790770707,0.1079019475377147,0.4964028776978417,1,5
0.58022886264038132,0.8143835672109343,0.010671101903864633,-0.81222537184538979,0.57762336714061424,0.081493503199687248,0.060203092027466071,-0.055952222386001248,0.99661674505318232,-11.317793662697829,-13.127117232691257,-3.2710101551697814,,0.2120808179956687,0.1,0,1
0.91103279528279746,-0.38880801276874538,-0.13728647102330521,0.40361496771255334,0.90899563066312927,0.10402836763948377,0.084345739415860599,-0.15018412912874701,0.98505356382291853,-11.619608663738235,8.5017755003069144,-3.934359172783306,0.2739813551667453,0.1476926814116763,0.4893617021276596,1,6
0.17020191999422299,-0.97632635197278483,-0.13348468404200964,0.98477866939118675,0.17337036197017192,-0.012397173163943551,0.035245974839765139,-0.12934284685998912,0.99097333426472645,-4.5891864076277438,-7.6715371425069732,-2.3357631248527646,,0.06821872911575681,0.1666666666666667,0,5
0.18188319559005509,-0.95149236995253583,-0.24815473617091524,0.98265944564631436,0.18512741913820022,0.010404449303448663,0.036040491728453139,-0.24574398996788482,0.96866453137845199,1.6198347034410692,11.947516167890001,-1.4445373250200992,,0.1742029802561655,0.15,0,1
-0.13701778113665417,-0.97522001715732931,-0.17370102414218788,0.99056499981420998,-0.13442225364419089,-0.026676560278456472,0.0026662324469579469,-0.17571731804484683,0.98443705504397994,-0.13538208253851022,19.467340620603849,-1.8390108568375594,0.1732983707117053,0.1120058698818136,0.2916666666666667,1,4
0.86418400933628603,0.49314930544438451,-0.099948789623395651,-0.49317801723261873,0.86953515722311103,0.026154419731305893,0.099807020424233478,0.026690314586002441,0.99464877508663108,-7.8460377608307503,-12.754537279714759,-2.5032219145595072,0.1476197593149555,0.1588430930301567,0.5773195876288659,1,5
0.25483046489938183,-0.95173170610576363,-0.17107949541712217,0.96567646979874777,0.25967443312059463,-0.0061761201839271116,0.050302980390761746,-0.16363357961161301,0.98523787066235768,-20.297303536650638,-8.0852064562093311,-5.4578949213387231,0.5794201327449686,0.3654183269541872,0.9514563106796117,1,5
0.99194424450729735,0.059694008197597473,-0.11172842598977763,-0.035145611452029213,0.97706994157031146,0.20999789350241763,0.12170210262978633,-0.20437943797039584,0.97129688743987819,-9.0453846406169145,-13.582675089658615,-2.8206824204045167,,0.4827891958965466,0.4523809523809524,0,1
-0.14589711019772275,-0.96983667655816375,-0.19527123197893448,0.98928054766557005,-0.14425442735755195,-0.022686079393691213,-0.0061669479052127441,-0.19648786474070631,0.9804868626163098,-3.3645763977642971,3.5369105342808975,-2.2190122480311993,0.3863694703027316,0.1867288868597503,0.36,1,3
0.97947280260985015,0.18490230854370873,-0.080275558190605417,-0.16405811104264501,0.96262103528895004,0.2155125950387824,0.11712371727675519,-0.19791886902071307,0.97319584675276816,14.492613682103171,6.6723118258434129,1.1389565482662014,,0.3774083700744298,0.1923076923076923,0,2
-0.96851356700905977,-0.20067951028062006,-0.14734043800979363,0.22613343971577346,-0.95666518096795061,-0.18345407862969809,-0.10413999213414613,-0.2109963641323927,0.97192355479287096,1.6268940037042254,-3.0598564339564507,-1.1143961235959718,,0.4185736137427374,0.2608695652173913,0,3
-0.98546158857359401,-0.11219444238535306,-0.12758473476027024,0.1208039906621564,-0.99074758420218989,-0.061851598504989933,-0.11946486213990486,-0.07636511962515688,0.98989722457360663,4.3613814525813437,-2.6299633307428065,-0.64065934308430028,0.2081381064942023,0.152901838237831,0.4545454545454545,1,5
0.6653783482634118,-0.72245654707889218,-0.18795795073659022,0.74088282336537148,0.66993807449545695,0.047703442050611035,0.091456523574920678,-0.17099565469380931,0.98101793580516461,-3.9546883768850605,-18.743033504962046,-1.8190828646504944,0.198043312028358,0.1856340964582123,0.5645161290322581,1,5
-0.46957116218746564,0.88268390686993481,0.019288447183280873,-0.88278972026412972,-0.46906653278344246,-0.025669001120042674,-0.013610049151049871,-0.029081065581387743,0.99948439616972429,0.54747275898758829,-9.3410616468653771,-1.0230719346566182,,0.4328520246903749,0.2545454545454545,0,2
-0.35014680203067933,0.9334022934172278,0.078468947177523701,-0.93546957829886423,-0.34417622031583495,-0.080245856257209675,-0.047894520615985668,-0.10150314287038947,0.99368165268480202,5.1036219373270528,12.794163973751632,-0.77292684911889353,0.9529747485454925,0.4741538586742746,0.3157894736842105,1,4
0.97120066676900185,-0.1822621913710756,-0.15345930556359547,0.20437764820843279,0.96833706147781784,0.14336356678492887,0.1224705751608838,-0.17059844361869206,0.97769991779412746,9.0751404304951304,11.756294658085517,0.17281753748194748,,0.96049267397912,0.7592592592592593,0,1
0.87645121204229404,-0.45415317971606839,-0.15993174251341594,0.46689926311115121,0.88278892630017936,0.051853540940231042,0.11763652075719198,-0.12011911153334651,0.98576520938232626,-12.744369507424748,8.4101137547367948,-4.1887188276847231,,0.230424559769958,0.25,0,3
0.83679216013950319,-0.52693004893785689,-0.14874005598833367,0.53666732741921208,0.8431813601885203,0.032146127470636852,0.10847608220149453,-0.10672355577371698,0.98835369288187014,8.0258008277047495,12.19477257989281,-0.10671424860964503,0.3526259743258449,0.3777058092867193,0.8968253968253969,1,5
0.44081746550394552,0.89524295479622606,-0.064961634788557931,-0.89666593301152497,0.44250068631639916,0.013540575544982485,0.04086767283870376,0.052279962674432294,0.99779589036010297,-2.3063657334311314,-9.8633050549929298,-1.544917904830972,,0.1413085736910037,0.5,1,5
0.86030898401861133,-0.48897041320953843,-0.14414016450163628,0.49756859517715368,0.86694630262114913,0.028802803074591005,0.11087806415292203,-0.096498929409672488,0.98913801439055427,-6.6388884629485032,-12.535957413354783,-2.2818418322272209,,0.101051472197882,0.34,0,5
0.87777754500156635,-0.42037261030318579,-0.22976825280684485,0.46563986849537692,0.86140247066529385,0.2028923271080916,0.11263256349134765,-0.28508358780998699,0.95186199293949858,4.1101583529684458,-9.658661513608461,-0.45998828335365693,,0.08617203114931056,0.4285714285714285,0,2
-0.97263500969632111,0.20320686075001729,-0.11264150947657563,-0.19532315615934867,-0.97769551265363364,-0.07720329788875982,-0.125817338157303,-0.05308913524510387,0.99063188982484252,-4.9337053846206382,21.030758046714062,-2.8284628017362001,0.3543895990789946,0.3926179505437332,0.5333333333333333,1,5
0.57891289963982018,0.80837622338491477,-0.10671333607641484,-0.81351050804969782,0.58149060412764353,-0.0083265001045486411,0.055321857555021607,0.091632738566577915,0.99425496393000279,2.4325322198336079,-7.8364404462574342,-0.81160235465478525,0.2114247442376267,0.21163444334226,0.8471074380165289,1,5
0.9494345865353957,-0.22955011859181679,-0.21419782665761114,0.27049938736527701,0.94440387769618384,0.18689943078410026,0.15938647158830979,-0.23538916467606077,0.9587428715916142,-0.34507035242837825,6.5425908897461831,-1.771970255669574,,0.2353978584816525,0.1851851851851852,0,5
0.34485151909466155,-0.92611324382377114,-0.15294341892450167,0.93696800547512282,0.34940161442013185,-0.0030771019767253695,0.056288422380397128,-0.14224194688915362,0.98823015641656486,-0.32052398244894448,-6.3594570491073172,-1.485516350090982,,0.09170779340726454,0.4420289855072464,0,5
0.87302124039102269,-0.41896848501857681,-0.24959832208442367,0.47141541350758681,0.85608100574560764,0.21187925691077261,0.12490565132768132,-0.30263958789759915,0.94488510312290364,-7.4036471229873779,-8.7500814096087485,-2.8905051570697591,,0.4056879145510134,0.2558139534883721,0,4
-0.92234115205927059,0.37225360163296778,-0.10350872083675842,-0.36268544346520554,-0.92650533411824199,-0.10023539768411652,-0.13321436978203791,-0.054910125857891311,0.98956495984945103,-14.287961950974292,9.5880829461612915,-4.4902366094133761,,0.09863074609332662,0.1363636363636364,0,2
-0.55029241200893686,-0.81173409721366052,-0.19561701537982815,0.83345633700973398,-0.5481159979387672,-0.070138342594533137,-0.050287131392681858,-0.20163483881590299,0.97816900185600952,-8.0770858382756803,12.614988834885148,-3.2905493287738192,,0.0886911344351472,0.3333333333333333,0,5
-0.31799454678263089,0.94788235349861782,-0.019962768906913751,-0.94612061682197235,-0.31862011228449089,-0.057766793854512506,-0.061116664183515017,0.00051766180083239475,0.99813049516851238,-15.972282061049038,12.555752987858222,-5.188218888051126,,0.576578760949756,0.6666666666666666,0,3
0.94729423941043545,0.3131939517169704,-0.067403060670217244,-0.29860773280090969,0.93940894178363177,0.16835754217871721,0.11604760183349566,-0.13935705473662244,0.98341881485144922,-2.2019575704487617,-6.9580147199693609,-1.8389433799438308,0.7436676356736716,0.5664935374164572,0.25,1,5
0.5403970791213113,-0.82090504964838951,-0.18462366137343106,0.83814170871663951,0.54450100988962591,0.032204445946661497,0.074090977768610386,-0.17214397953734564,0.98228151632937633,3.2576795968710019,-20.878671091774372,-0.51885235102634564,0.1477927492405424,0.2183778281549306,0.1875,1,5
0.9698179817803303,-0.20712011378104137,-0.12866367273965137,0.21245550940603347,0.97673805041284401,0.02907640622120675,0.11964839630580307,-0.055534127732829557,0.99126193406102525,17.206755270250039,-1.306676320776156,1.6979215940302257,0.1995622870960582,0.1937931606802026,0.5151515151515151,1,5
0.94848777493602776,-0.28065709918756393,-0.14697800336283004,0.29057931831788975,0.95551101889576473,0.050619685248802886,0.12623232772476639,-0.090720920654494802,0.98784366880229957,3.5613456105202297,12.824139650720415,-1.0655295050092606,,0.1030161115714979,0.3888888888888889,0,5
0.65295555216403789,0.75720385338877405,0.01706960196806925,-0.75403800120508535,0.64777533754799965,0.10869132809573681,0.071244225287359367,-0.083841734701563725,0.99392898332095958,2.9633868291846404,-11.455249487823812,-0.59896444083836575,,0.4816143172271252,0.4285714285714285,0,3
-0.46578371695979709,0.88058399932072429,-0.087277426379533077,-0.88279079003807259,-0.46921208317646773,-0.022813198485878414,-0.061040560605813789,0.066421691799583668,0.99592279259961214,-15.491819731259314,-3.9177122979357031,-4.8112079640550389,0.1652177611892368,0.242846148693481,0.7891891891891892,1,5
0.62953141646394728,0.77588363450748277,-0.041167722652044089,-0.7745315012684475,0.63086891280314894,0.045884293624493692,0.061572308936257321,0.0030000936706155584,0.99809811652473646,-6.4772470431032687,-24.55650988548825,-2.090863662169999,,0.1326178984331038,0.4,0,4
-0.59389741181408873,0.79519785105494478,0.12225482370084387,-0.80011628890451958,-0.56785799752217181,-0.1932646343223946,-0.084260242523900561,-0.21259744195946181,0.9735001485372804,6.8971779648181135,-4.9750682813475198,-0.099512023228032806,,0.462768565294122,0.2083333333333333,0,1
0.58909432896859459,-0.77009372109760788,-0.24479283548151773,0.80586434669308227,0.58222310182051584,0.10769825641777898,0.059586292936996799,-0.26071425053597952,0.96357540092173866,22.522413126962871,-2.6835917153209548,2.5542085628423754,,0.2353907698299921,0.3529411764705883,1,5
-0.92349729435103622,0.37406541500562407,-0.085016543231226052,-0.3605319128651468,-0.92206972177519053,-0.14072728232728315,-0.13103238962987374,-0.099310087514283968,0.98639141287107301,-0.0085760626879955969,12.657697023255068,-1.7277723914724841,0.5851774337787582,0.2507161933995848,0.1956521739130435,1,3
0.97961286054362229,-0.14896355099903555,-0.13479059288874704,0.16114865235808137,0.98330839724396646,0.084473118521083315,0.11995730615813484,-0.1044722756680472,0.98726682731469495,-24.68690133550486,-3.894118463842974,-6.7117935736792269,0.689679276352499,0.3089330610701722,0.3529411764705883,1,7
-0.44453206630155173,-0.88056280618203853,-0.16431794302050259,0.89487528525588989,-0.44472020589093325,-0.03771156733044119,-0.039868105897636327,-0.16380806708200421,0.98568628441862538,-2.930713708956282,-4.2323689977467609,-2.0074624309788964,,0.1073132069265577,0.5855263157894737,0,5
-0.70831048463733037,-0.64520005034078398,-0.28637938541920316,0.70066078397468967,-0.6919374809487171,-0.17406030063836578,-0.085852915808399516,-0.32394354060328878,0.94217294556180187,10.073623855343861,-12.40992049235161,0.64462147480467591,,0.243863578587507,0.1666666666666667,0,3
0.78271268910748126,0.6213322948431147,-0.036152810335092905,-0.61614962490348457,0.78176558176099153,0.095928175762884801,0.087866296390775492,-0.052808659885368335,0.99473150115982611,9.4845151473984259,9.7294797262508279,0.31727344927463058,,0.2366242175473842,0.1818181818181818,0,1
0.72144821133516179,0.68829525491646248,-0.075908632057081551,-0.6880344011332703,0.72489403410412201,0.033723911063729101,0.078237722477572852,0.027897694882086446,0.9965443178312684,-2.2045838633903241,14.642180801019485,-2.2319807316999021,0.2230061234007463,0.09285420761380309,0.2962962962962963,1,5
-0.64305576266389375,-0.7455988109591084,-0.17481904702040077,0.76304571049546099,-0.64322003883503853,-0.063476179276392361,-0.065119350420861324,-0.17421364681739165,0.98255232708662887,10.738421909594434,6.3498305101206007,0.54780055624584589,,0.08953315046062937,0.2727272727272727,0,4
0.62551294468310459,-0.75090815393259813,-0.21182658093688353,0.77426177558070586,0.63089706973695336,0.049875748334639036,0.096188663097506663,-0.1952071508804549,0.97603376444498657,8.0259914205589933,-11.799525537536915,0.28310641086600713,,0.1253290116287258,0.2666666666666667,1,7
-0.70667402335924223,-0.69391967636720442,-0.1381568219802925,0.70371865873654127,-0.70959333453029627,-0.035459116404918195,-0.073429381417136466,-0.12228156991390186,0.98977540058544966,7.6503771963735252,9.8268072649140219,-0.047768696229548664,,0.08816522147486199,0.35,0,5
-0.75316314997401534,-0.60154579219926652,-0.26624787212028012,0.65278902036716291,-0.73346458231710709,-0.18946292876041237,-0.081312756743944364,-0.31650018384473377,0.94510098360807537,11.829173014199631,14.161929583113913,0.55995413979112252,,0.1478185151698677,0.1578947368421053,0,3
0.92412059598426788,0.36556605205997816,-0.11118716499202259,-0.36669334181151747,0.93027829249378957,0.010876193541012835,0.10741097313023232,0.030720678640312315,0.99373996737330406,1.138632152307572,-20.407513781845758,-0.84235738007029526,,0.1116316006283716,0.3333333333333333,0,4
0.089536019503994854,0.9718517400499822,0.21791626046076365,-0.9959796733211902,0.087979486655744149,0.016855273916747661,-0.0027913334442671279,-0.21854932003924157,0.97582191160477105,5.2464405844033992,-13.222643157325988,-0.30529425656185705,,0.5275929321980622,0.1428571428571428,0,1
-0.7249712881836663,0.6882649642576133,0.026607711002321937,-0.68148676666328556,-0.71115399547160396,-0.17273037251044271,-0.09996208367244902,-0.14335736360662363,0.98460969329355175,12.449127737904323,-5.5759223565568101,1.0075275477616246,,0.2644472421597714,0.4666666666666667,0,3
-0.99036996549968537,-0.026807101719758624,-0.13582603113371905,0.067162971189712928,-0.95092708785417046,-0.30203776069583865,-0.12106389526659593,-0.30825160645578709,0.94357007179133501,-16.400248660143195,5.1554432399062629,-4.9834189407923164,,0.5434813700680524,0.1333333333333333,0,1
-0.98788106871510439,-0.057680584215599018,-0.14409699607851656,0.070311814079514395,-0.99396858897105977,-0.084158736562109121,-0.13837356277538213,-0.093270543814378368,0.98597837845533887,-8.3241451376355613,13.778262164601971,-3.4739864762393702,,0.1279483906620312,0.2,0,4
-0.95806136319627622,0.26584533594214149,-0.10697981916372284,-0.23816447432548568,-0.94629244533140777,-0.21865107152257532,-0.15936156224057926,-0.18400235125268127,0.96992114484308845,-2.5517338162922347,-12.724787434687805,-1.5858844950666016,,0.3190523201839754,0.2666666666666667,0,4
0.17569384750485323,0.9838361275415769,-0.034614246964726168,-0.98398938667082048,0.17443451836489246,-0.036571651890370462,-0.029942592875765211,0.040485465871120549,0.9987313793934155,-11.480075157431779,2.2304296923512803,-3.9434648195804956,,0.1374889218519373,0.2065217391304348,0,2
0.94893534025779747,0.30677795044871181,-0.073545966091326451,-0.29240622273182471,0.94282411805963384,0.15994149965778456,0.11840743607360703,-0.1302688432571745,0.98438290698229469,-0.55670718071359404,29.681456391233237,-1.9408211502541743,,0.4901716434974956,0.4444444444444444,0,2
-0.45167655361981196,-0.83987833285558711,-0.30098617395131277,0.89113172682305641,-0.44105966016667425,-0.10653929614474207,-0.04327281316817988,-0.31633963105083557,0.94765853632367714,7.4946374159487439,-13.705780719686697,0.087421399814316833,,0.602540718095131,0.3720930232558139,0,1
-0.31291828044908782,-0.88242607101128057,-0.3512924407959585,0.94957151676489127,-0.29841400357079956,-0.096244568790516585,-0.019901866988089604,-0.36369398080315118,0.93130585954236722,-12.717296640163571,5.9996781892717408,-4.1640940747729385,,0.1750624650370773,0.1538461538461539,0,2
0.97631454028555942,0.20080157212984759,-0.08055213874987209,-0.18052657862536334,0.96127276157041663,0.20824224420757226,0.11924794688722107,-0.188768128912079,0.97475459510084661,-9.4035935844322687,-6.8259282359052182,-3.3035515245800817,,0.6022286681249888,0.2173913043478261,0,2
0.32213665523301616,-0.90779839754762603,-0.26857037209127987,0.94547616324457684,0.32288489325960262,0.042663455568566384,0.047987499326395691,-0.26767034784357185,0.96231480545282155,-6.1262752546700696,17.634822700186621,-2.9756698155924974,,0.1163938507633656,0.4166666666666667,0,4
0.79597691570541962,-0.57096525963306521,-0.20104582053908612,0.59591690713841983,0.79745615605143572,0.09458709722921603,0.10631928070988907,-0.195095749486798,0.97500454310814233,0.81432986588091183,-10.599474137837294,-0.97544658149767827,,0.3618086911953988,0.3846153846153846,0,1
0.90675695378127052,-0.38314817914241167,-0.17603777886909616,0.40500460265430566,0.90757664634655955,0.11079667339392488,0.11731623331039276,-0.17176176473879845,0.97812821121552096,-20.302600738573126,8.7105619851416414,-5.8909448769674375,,0.2375488457659056,0.7692307692307693,0,1
-0.93587831973574609,0.34944002531806884,-0.04498265614993855,-0.32923584234515568,-0.91285077664301983,-0.24146887935614264,-0.12544134391767353,-0.21117558639185288,0.96936543209884729,-7.3064219564315582,12.237386079473415,-3.0545709324119987,,0.1050115659390643,0.2352941176470588,0,3
-0.91732503698646239,-0.34602879922984436,-0.19692345371066888,0.38330139959027348,-0.9013193232920137,-0.2017511202758602,-0.10767921614649444,-0.26055238928856334,0.95943610461880069,-5.7499967726749865,26.274341693901619,-3.0708745932468111,,0.3393930080713362,0.2692307692307692,0,1
0.027830300497437108,-0.92843536236206092,-0.37045006720184381,0.9994830373725615,0.031813270720549222,-0.0046447616278833927,0.016097589221407207,-0.37012929324992544,0.92884076886168676,-9.1888303410250689,17.410370950704433,-3.6176955232335044,0.2976196771637262,0.1837946214581974,0.1666666666666667,1,4
0.89292103356404984,0.44985894949412536,0.017859265912990613,-0.43917280421603938,0.86160743371761483,0.2544796223660496,0.099092259313880479,-0.23507351131633014,0.96691321659261764,-11.599512323210018,-3.6892538011928653,-3.98416134876501,,0.1998019197278055,0.282051282051282,0,2
0.70718927920007202,-0.67782872911640468,-0.20107594925530425,0.70008232982802077,0.71108542643585182,0.065132540048070439,0.098833470277294791,-0.18683075307609906,0.97740790607502492,15.606535079224512,5.02516886521766,1.3503610070986003,0.7061941013667548,0.3483040865369745,0.3125,1,3
0.94050518394374905,-0.2985487869285755,-0.16223014762494475,0.3177841772894166,0.94187845579958118,0.10898711467456094,0.12026311005218532,-0.15405712032903002,0.9807156509592897,9.5041638398544031,14.669619023028787,0.087542854803033671,,0.06368211579089067,0.2777777777777778,0,1
