axis_00,axis_01,axis_02,axis_10,axis_11,axis_12,axis_20,axis_21,axis_22,location_x,location_y,location_z,dbh,dbh_approximation,score,reconstructed,number_clusters
-0.5736661298263358,0.81889064071025619,0.018035799045766777,-0.81424711649947457,-0.5677458690727879,-0.12110434105792796,-0.088931461038058976,-0.084159056006649774,0.99247591836260951,18.31968258517287,11.295437785236407,-0.47518075730610959,,0.2332698746857354,0.4782608695652174,0,5
0.97505819594275844,-0.14483852371148567,-0.16817644476540369,0.18259921930864767,0.95422748833612536,0.23687006060623697,0.12617067659613279,-0.26167098148783591,0.95687473465154593,-24.321554401247372,23.159489901119919,-2.633522914610396,,0.3250272018618615,0.3076923076923077,0,1
0.55051261477653268,0.83310351076238343,-0.053613443531406284,-0.83294119480274365,0.55244928862757114,0.031760816983625761,0.056078756873540067,0.027172115307444303,0.99805653606258005,15.207697961660807,12.822738598396359,-0.51338570109531179,,0.08577584256663509,0.5,0,5
-0.6025458801835637,0.79131092720626794,0.10375682511415664,-0.79305236321687977,-0.57908931777849604,-0.18900664335138231,-0.089478553128307131,-0.19616976963536203,0.97647888354601509,-14.578824934781064,-34.137460002966776,-3.4338035494511074,,0.416532605852683,0.2222222222222222,0,1
0.74840218605148556,-0.59367575032858078,-0.29570808474770144,0.65684303071572692,0.72523273859589155,0.20638485377779378,0.091931501203535465,-0.34869267032804035,0.93271754606952917,20.210594847056825,17.142254464401841,-0.25210021708745772,,0.3495171270177069,0.5,0,5
0.87623028176645268,0.48120236479380007,-0.025783278153450512,-0.47104127340586116,0.86656278199262515,0.1648910658992396,0.1016888000896282,-0.13233755695968252,0.98597472531210195,-3.286348699266437,-26.587168564839512,-2.4898469521654225,,0.1014580248763809,0.1666666666666667,0,4
-0.95732952441042518,0.27028621330321667,-0.1023012443243838,-0.26029752777447307,-0.96021977046928875,-0.1011097890137452,-0.12556025934429479,-0.070166625243877637,0.98960156930720278,5.6643388000489052,12.487739191994038,-0.92557731350954886,,0.083935466801105,0.2916666666666667,0,5
0.86834737346997426,0.49095232934986166,-0.070275524144201018,-0.48097034617552192,0.8681815020124074,0.12218185488557283,0.12099737636658042,-0.07229584960027402,0.99001663877077284,0.57772536207130476,16.017172650191668,-1.0624511988367806,0.3249882288447917,0.2323471034732977,0.5,1,5
0.013528110749607499,-0.95130708765229366,-0.3079477475190523,0.99990310999739163,0.01388086406786733,0.0010450982123241315,0.003280371486641202,-0.30793204866535245,0.95140269737249983,-7.8225346129996733,-25.647335396596262,-2.7891060458685981,,0.4286903345940448,0.4126984126984127,0,5
-0.96315453348659164,-0.22802642925051153,-0.14260887836136699,0.24243798797010335,-0.96566898696759962,-0.093312537196122355,-0.11643524643866963,-0.12444820276818452,0.98537073135674891,-21.859197856766009,23.071868483248288,-2.406409321029138,,0.1877233729001659,0.7096774193548387,0,3
0.035348002056273947,0.99934980369776072,-0.007105533046752226,-0.99926855394615333,0.035239540101855704,-0.014850316756719674,-0.014590265418931254,0.0076252647598975751,0.99986448056341515,6.8811626864272117,15.967057408970581,-0.78908125460172229,,0.1372730554092954,0.16,0,5
-0.14678794701952566,-0.90271420322133189,-0.40442597086768306,0.98916636213722198,-0.13469854273473725,-0.058362750118130087,-0.001790705449264675,-0.40861151462925432,0.91270664700460002,-2.3140820447224226,20.868524516672952,-1.113558187986714,,0.1652238666531975,0.5,0,1
0.94062095646269517,0.31871992360118995,-0.11683247221066799,-0.30441132068815047,0.94427953250896568,0.12517952037592123,0.15021971941160348,-0.082181353020629247,0.98523106990979448,-19.424469559697833,-28.924534928655103,-3.7043929868927581,,0.2489438891510164,0.2777777777777778,0,3
-0.0073211553025009342,0.9994883833633893,-0.031134742759114816,-0.99979499335394473,-0.0079040891691144408,-0.018641261727504448,-0.01887781633090271,0.030991884357784362,0.99934134866647606,22.134362597106435,-23.590900792841804,-1.2814186117185775,0.6056986073932009,0.7544126209078992,0.6833333333333333,1,5
-0.89205879495984297,0.44370908514246565,-0.085751700256203517,-0.43010222401290721,-0.89181417223574133,-0.14028385188121517,-0.13871980116026872,-0.088259446868400523,0.98639094014723172,-4.0406345203111158,11.572980261393331,-1.378381082898382,,0.09007919836089218,0.25,0,5
-0.949279040211782,0.29164781171563386,-0.11751960575189034,-0.28579355784808458,-0.95613188399109172,-0.06429512196254418,-0.1311157736778111,-0.027447665422166416,0.99098702289976581,-0.54329412770504104,10.459446664555886,-1.2430815181034498,0.2117140461439287,0.223466306399392,0.4907407407407408,1,5
0.9777713184471607,0.17936348235087132,-0.10859092973665269,-0.16783113354598259,0.97994473687345918,0.10742915473314595,0.12568197736657605,-0.086816207432577397,0.98826463393781916,5.2276401814539888,-26.697492854650793,-2.0118504130841575,,0.4501172668819017,0.7341772151898734,0,5
-0.92507774368817386,-0.32631931599745445,-0.19428554279655216,0.36339020356986906,-0.90921881261222393,-0.20314701755493864,-0.11035727471375219,-0.25852824758422605,0.9596793303592519,-16.05047813714895,4.8608236832328799,-2.4470565337135635,,0.09510568306692477,0.3584905660377358,0,2
0.75707437425401947,-0.62445475751114354,-0.19207979505815848,0.64259933953178761,0.764795188971096,0.046415598239990953,0.11791726201534548,-0.15857040943494086,0.98028105386692033,-12.014851809416829,-29.245141118214569,-3.1588293629636333,,0.2830442143726203,0.6666666666666666,0,4
-0.71130007924687011,0.70167969255660545,0.041204445355605211,-0.69460455492948392,-0.69273466794082728,-0.19401853546536327,-0.10759511854451785,-0.16662619507922091,0.98013213475470318,-1.3386085735379381,20.119894228223675,-1.0635976939179441,,0.4537495867920281,0.1176470588235294,0,4
-0.724656561833393,0.68752597825658091,-0.046700070815125422,-0.68025962933226924,-0.72453136157752107,-0.11091051704571457,-0.11008952762424756,-0.048603861091023451,0.99273257254636038,-2.8899536207969123,15.178415035267655,-1.2418998841697277,,0.2569910300754925,0.1111111111111111,0,4
0.28034275750576221,-0.93047169063560253,-0.23586091503212131,0.95986753940904945,0.2737584891752064,0.060914664846206786,0.0078895565707240954,-0.24347222127017412,0.96987578192616253,3.9501542247348747,-23.532807783291329,-2.0457294625166407,,0.1724998687520798,0.2631578947368421,0,3
0.48108585910595558,0.87004674117358949,0.1075874729766456,-0.87299261145141471,0.46421057606140936,0.14964104191020741,0.080251458052316593,-0.16591325819822283,0.9828695204524992,4.8116027245053106,-22.367339807808584,-1.9238848759526064,,0.6453164060608578,0.3157894736842105,0,2
0.70625245232936296,0.70156382519057869,-0.094950896587261024,-0.70298814768362516,0.71082367526664048,0.023181175482958186,0.083756419426257805,0.050377592880061536,0.99521201778339874,-12.617196192238378,-26.062947870719764,-3.1028331651869396,,0.113264415954713,0.65,0,5
-0.55847946142474703,0.82802585791548589,-0.049738011520825298,-0.82579325987013297,-0.56064722819315593,-0.061156990380393857,-0.07852504772224482,0.0069183916232398151,0.99688813451538472,-12.131417476550499,-34.887906039933533,-3.2584469546036172,,0.310264655144796,0.75,0,5
0.36846841392691532,0.92944682275623303,0.018963955455752725,-0.92934529799591858,0.36776101418857915,0.03269791332585912,0.023416768160043813,-0.029672211096106852,0.99928535206797031,-0.23541769933849177,-31.613466547762091,-2.5753482522685611,,0.2373478130164711,0.3125,0,2
-0.94714871100517883,0.31466346376039556,-0.0624197389896613,-0.29851761835355206,-0.93577406557031295,-0.18765428249450983,-0.11745871944538752,-0.15910311995783272,0.98024978778163063,-16.74491601867641,11.906225055603382,-2.2908379880087573,,0.1197733885776528,0.5833333333333334,0,3
-0.20090327285424164,0.97833321531242756,-0.050019943751489868,-0.97900509197164542,-0.20231282540574555,-0.024870676909474324,-0.034451485454842924,0.043973179243630062,0.99843850820026125,12.950898518084978,18.811813869795937,-0.53100870064785433,0.3824513972595462,0.2096994180072931,0.5238095238095238,1,5
-0.74304566107281123,0.66916045757342602,0.010364727733668071,-0.66052348096802049,-0.73078755825601138,-0.1722157826336112,-0.10766557783599724,-0.1348103360960913,0.98500471909067566,19.890706355860775,10.58213576116861,-0.4268558851255802,,0.2595280192618593,0.2,0,5
-0.74468811710462901,-0.62246643547284564,-0.24078028356344258,0.66225720134539012,-0.73392737824822818,-0.15088407047748054,-0.082794972729831454,-0.27182005107683205,0.95877987688689748,-18.012941828000958,21.959873816613783,-2.2938159785130003,,0.4172787187171284,0.2962962962962963,0,1
-0.34141321970133748,0.92427661919205728,0.17073296292183096,-0.93806160783246662,-0.3236754565308419,-0.12359052856234026,-0.058969766185172301,-0.20235347798951225,0.9775354912337525,3.6373153666332314,18.977873298317739,-0.87725136310091512,,0.4725885650979941,0.3333333333333333,0,1
-0.83994041430227406,-0.51245588206497361,-0.17857510845225247,0.53376232397700918,-0.83953583210166149,-0.1013773550652827,-0.097968780355712839,-0.1804676025063231,0.97868971718376274,-13.507146877552668,7.8098232074565805,-2.1670375697755109,,0.1068456607401222,0.4516129032258064,0,5
-0.91545139354407046,-0.36216427643263244,-0.17545877844738414,0.38272300956989608,-0.91827836691166842,-0.10142947701630671,-0.12438586738042907,-0.16000586782386464,0.97924781248566029,24.660333590564314,19.200188247774165,-0.01861179023789368,,0.4092996237950133,0.6486486486486487,0,3
0.51022571410572481,-0.79400611634174345,-0.33049055641153124,0.85478103340931988,0.5106025408934376,0.092921634493044317,0.094968971717064782,-0.3299080666565547,0.9392239147114686,12.709259688935726,-27.403436419146786,-1.7506031179332902,,0.2233729034910678,0.25,0,2
-0.99125163676707295,-0.042044168756186995,-0.12510987363194398,0.050367608148637021,-0.99666992527593912,-0.064126157688106825,-0.1219971174085072,-0.069866643858538538,0.99006835896313716,0.30683175215817271,13.819633433894507,-1.1149336935092922,,0.07036599710208183,0.3461538461538461,0,5
-0.99088408176350395,-0.044258404910666078,-0.12723965617079538,0.065936743897888672,-0.98296175300555388,-0.17157662408496568,-0.11747800777951142,-0.17840231423110209,0.97691940914547548,11.744612257232097,9.2611765603388569,-0.70694460046880159,,0.141942565961962,0.3055555555555556,1,4
0.49191070876707738,-0.85789045061686853,-0.14848511487908991,0.86766695944307881,0.49714117175672412,0.0021686021195312932,0.07195764094988924,-0.12990238675534871,0.988912264978137,4.0123114918124179,13.285009452990732,-0.95442972886511279,,0.07195018827782464,0.2,0,5
-0.62873943023187895,0.77125162512363876,-0.09928574729455529,-0.77210319288389362,-0.63434905603646297,-0.038182910367662005,-0.092430451747185546,0.052651741184830882,0.99432610633534924,4.1411804715364191,-28.627555491419763,-2.1455900778544996,,0.1548102086902063,0.2222222222222222,0,1
-0.74352347543764308,-0.62400988696301185,-0.24038407277841484,0.6634094374268118,-0.73349377266101001,-0.14790133130083674,-0.084028327403144226,-0.26944117435894638,0.95934388711968255,6.7148588189138847,10.388320140676926,-0.83423679634469072,,0.08262386340937053,0.4615384615384616,0,5
-0.49692532973155784,-0.8494985043247496,-0.17724984575788869,0.86646119833857616,-0.49701546627333493,-0.047123434284624434,-0.048064627792799713,-0.17699694188067849,0.98303706650361167,-16.99091111928708,9.3321915033614289,-2.3784014173539587,,0.8074655218127995,0.4864864864864865,1,1
0.72093396350299033,0.6919237092818955,-0.038675584047950705,-0.68975511449734717,0.72183353459062372,0.056517522638170878,0.067023147438915812,-0.014068719699660528,0.99765222840095513,-16.6664964308181,-30.502745228851229,-3.4681128536501689,,0.1930599342633615,0.4210526315789473,0,4
0.9458058348252113,0.32136514199362526,-0.046645131814615375,-0.3049091948401173,0.92827777723092919,0.21291019515551018,0.11172155437755588,-0.1871491752870503,0.97595772473854625,3.155390652131147,-26.981405999074472,-2.190568563974026,,0.4686424010378005,0.3125,0,4
-0.90159502539917846,0.42850272504308301,-0.059260651414803626,-0.41536132400646159,-0.89581065333158261,-0.15810832962637555,-0.12083617295766236,-0.11793510083217547,0.98564188795761432,-10.031810889661664,20.853206354553468,-1.5063592201693221,,0.1574938673060629,0.2222222222222222,0,1
-0.9922702455699729,0.044559801456441152,-0.1158196177280386,-0.039033038207320375,-0.99800825598276666,-0.049557470865073422,-0.1177972057597816,-0.044653612221177377,0.99203320167763964,6.9652484919872819,13.849543832114025,-0.81261544927574347,,0.090595648772315,0.3333333333333333,0,5
0.98166676659878227,0.15372821797954378,-0.11268537772188672,-0.13580408605996577,0.97893983239061755,0.15242721137790941,0.13374456835665455,-0.13432959300117869,0.98186962010199119,6.7805085801257983,-24.598711393602482,-1.8286641584149892,,0.3353322371221208,0.4594594594594595,0,6
0.90124547418266399,-0.39721635806681577,-0.17313509219508738,0.42277800379265579,0.8936522576444994,0.15048056989520966,0.094949222084034224,-0.20881764123518218,0.97333439163250168,5.7179262251723202,-22.973027358386982,-1.8502517073556626,,0.1747898028019394,0.2631578947368421,0,4
-0.65548943590117492,-0.6903950094809862,-0.30608549509199057,0.75195153911540502,-0.63423328079114116,-0.17976937547557814,-0.070017728068921217,-0.34799838565811625,0.9348768054323584,-26.058234415105705,11.360599543672496,-2.9827632215713016,,0.2075169416451138,0.1666666666666667,0,1
0.75611609000998514,-0.60752097340932809,-0.24332432121716757,0.64573502270408412,0.75300907924003924,0.12650536366267137,0.10637076140259978,-0.25277577702353382,0.96165985029467682,-16.644728475474029,10.54767665218851,-2.3121451318028021,,0.5893808645315055,0.2857142857142857,0,1
-0.3326049138329602,-0.91997249766169398,-0.2074236602711261,0.94197821721278774,-0.33464804228323719,-0.026224532266805219,-0.045288073383453198,-0.204110978004857,0.97789963650014389,2.0533120755935741,13.023413711134033,-1.0646101425862706,,0.3164089413630312,0.5208333333333334,0,5
-0.46804347664959128,-0.82264457138437552,-0.32278663717319578,0.88066958005742202,-0.46445734499924651,-0.093276285505666925,-0.073187394592561628,-0.32792572916449808,0.9418642797264819,1.0958788140965716,9.739202824886549,-1.1864576225117003,0.5640169015598768,0.2811596194894112,0.3333333333333333,1,5
-0.10995102665732621,0.98543763361157033,0.12970521191929027,-0.99346180174612742,-0.10492388997179261,-0.044995841858161321,-0.030731420538879287,-0.13380451253681686,0.99053113641946999,7.5877836002587351,12.662011488962404,-0.7813644831011759,,0.315445220581814,0.6122448979591837,0,2
0.024398814760420801,0.999614840882184,0.013223756137045172,-0.99841871889079414,0.025035451176072612,-0.050331778757313636,-0.050643455714942658,-0.011974809914810737,0.99864500415350399,-8.114784603614158,25.34174698532911,-1.2654440423918487,,0.2111340537874034,0.4666666666666667,1,3
0.86293377637594826,-0.46708115875175471,-0.19282242797108298,0.49710640399632766,0.8531860239030673,0.15798364384427377,0.090722217209376066,-0.23218268616671789,0.96843207275937637,14.534464668178506,8.6643642269302639,-0.62747028084120171,,0.378395304887502,0.125,0,2
-0.92151608387200512,0.38681354197172957,-0.034400449306513189,-0.36953027303281166,-0.90066884823597415,-0.22856728359408801,-0.11939633360158325,-0.1979164206541987,0.97292014366952584,12.315864974262794,10.469647593803186,-0.6630830072435604,,0.1577734340987066,0.4,0,5
0.64756917298872585,0.76182632275640583,-0.016577700387931389,-0.75896765942777289,0.64677494267689184,0.075168247738210361,0.067987190980562315,-0.036094701560721365,0.99703305581200086,4.5545871802481104,23.805063047998924,-0.73211670382703731,,0.3684536495885404,0.4482758620689655,0,5
0.8664947576273736,0.48843913765203673,-0.10302448162457992,-0.47811586763149083,0.87138190056850884,0.10999454750395425,0.14349931053236931,-0.046052059360550852,0.98857835081767109,-2.8284840910534177,19.314753203863507,-1.1706996174707949,,0.09232769431621904,0.4,0,2
0.96735802725428444,-0.20527774800813806,-0.14859169990078577,0.22744493448133521,0.96187208913727662,0.15189103303839394,0.111746359607277,-0.18072943952604059,0.97716407056498067,-14.932380571443129,8.9304232986936096,-2.2491728751818094,,0.2645447799242066,0.186046511627907,0,4
0.99265480019008323,-0.02401893572978878,-0.11857292433770356,0.044122656609686776,0.98446243949456047,0.16996145562486659,0.11264829707230455,-0.17394480719707636,0.97829114542444984,1.3886188818350442,23.269612894626224,-0.86018431675934393,,0.3255992278746361,0.1538461538461539,0,4
0.87026211623493965,-0.43061418764623927,-0.23919713719869951,0.47808517770014086,0.85533766367402642,0.19957966821317849,0.11865248379072742,-0.28804323025967304,0.95023822570546157,17.92901244686152,-21.265527064676814,-1.2499501518490894,,0.3316670571594443,0.1875,0,3
0.68373703436487498,-0.69909223280321864,-0.20922169551013572,0.72396879219807408,0.68581334470613897,0.074358887473119487,0.091503310110549227,-0.20231190339964841,0.97503694185483236,-10.506122545705821,-27.40746004415757,-3.0104747306893609,,0.1377334918116082,0.2777777777777778,0,3
-0.42966586442735366,0.90297949548960965,0.0039084103193636104,-0.89883748706110844,-0.42727243903995116,-0.097618823443650526,-0.08647783993351349,-0.045456501869157812,0.99521620245967279,2.6831898091221968,15.09598939829533,-0.98834135457937999,,0.224364629982681,0.1739130434782609,0,5
0.62315889466599039,0.77873823846408319,0.072386103310783156,-0.77958201092364476,0.61107623137393385,0.1372506017986016,0.062648864657780717,-0.14195983729100534,0.98788791082460548,10.890742567660135,-24.295370335278196,-1.684856280846315,,0.3288818194285931,0.2564102564102564,0,2
-0.99070216723533844,-0.0089799064814281068,-0.13575189543718716,0.055725050006489842,-0.93706142641516099,-0.34468913810353574,-0.12411258855159855,-0.34904905730336666,0.92884919171986857,-13.249322047363474,-32.537288317430033,-3.298990965896734,,0.5621233362786255,0.3333333333333333,0,1
-0.97418267820855764,-0.13496204589381841,-0.18097888176954771,0.19139607447232534,-0.91887264133292113,-0.34502262489066438,-0.11973158378216327,-0.37075371229161658,0.92098101645310759,-14.061037836267436,-25.785065134598629,-3.1605906282176846,,0.4862461045091431,0.1428571428571428,0,1
-0.48444109767621824,0.87320486744425141,0.053198518343353061,-0.87408962472669482,-0.4806477497183978,-0.070321181985134318,-0.035835050263766779,-0.080566743525525231,0.99610483836305375,-9.0157158389718131,17.934935696142642,-1.499714796381904,0.336905863657482,0.4712852330236312,0.4642857142857143,1,3
0.97196752228416183,0.21826123873028319,-0.08741377061258418,-0.21017904905667717,0.97322814476227548,0.093014760012644082,0.10537505854052016,-0.07203478264353412,0.99182008808406386,-4.2200075982099392,-27.818766005428238,-2.5712071038219761,,0.1890946766438947,0.125,0,4
-0.51306694968620215,-0.82307261459681158,-0.2435441977146339,0.85555050794458021,-0.51326885455433857,-0.067737812927847099,-0.069250512600752726,-0.24311839511901537,0.96752147906870112,-5.5408461305430263,17.909048746558504,-1.4043937192467562,0.1178412049753027,0.1117244546623365,0.5294117647058824,1,4
-0.56866404778539237,-0.77109359950935363,-0.28641903140685654,0.82052976436358871,-0.55626344425633323,-0.13153663511552549,-0.057897379472361912,-0.30981549570638017,0.94903227135353163,-12.030198794683754,20.429156260076837,-1.754547826631119,,0.06785698249266392,0.3,0,1
0.87229484148252934,0.48263471695174531,-0.078520312759684824,-0.47901506404959876,0.87568233311135868,0.061032941025378436,0.098215466890550468,-0.015626306971170092,0.99504248180362376,-11.823536850523535,-27.772548225856639,-3.1064450929661795,0.181404260982608,0.2312551812928465,0.825,1,5
0.98697468046883441,0.12993361785709517,-0.094859027319534439,-0.114260731943974,0.98124863698046172,0.15522756700925577,0.11324957063525286,-0.14236701645589137,0.98331387022475081,-18.11535866045195,10.315404883228766,-2.4614189064728955,,0.3291814363907948,0.1764705882352941,0,2
0.99241342175919789,0.013169354278053257,-0.12223816269930443,-0.007964995110767507,0.99904474198927207,0.042966991475739069,0.12268724124817526,-0.041667392664887302,0.99157030473054408,-14.28766637592215,20.854373213168817,-1.968282314359469,,0.1432715116068784,0.4782608695652174,0,3
0.040767518424569771,0.99434370623189416,-0.098074478425951073,-0.99911581700330376,0.039559028724744316,-0.014236132205579103,-0.010275877350486233,0.098568134421702619,0.99507724786636642,-18.838133316399151,15.649596085922861,-2.4490901488854697,,0.717471308727657,0.9607843137254902,1,4
0.74723951103921893,0.66054141482632955,-0.072925663802945337,-0.6597901997781358,0.75051863410964492,0.037398825261241206,0.079435542539828666,0.020169758387847413,0.99663592922790989,-6.7389466618604903,15.903701051222944,-1.5388757097120702,0.5345007180784563,0.4920181282589123,0.9441340782122905,1,5
-0.98508111021860656,-0.10692867314842779,-0.13483866340629136,0.12464235175748105,-0.98356768317829768,-0.13060971156709972,-0.11865702861121542,-0.14546776779064607,0.98222178661194681,-2.5068537065470076,13.826722891301793,-1.252394787415857,0.7349184679408726,0.5847539738974904,0.4676258992805755,1,4
0.15403259168211167,0.98704353332475248,-0.044933551178140144,-0.98798634236501259,0.15443746653115364,0.0056618222897962386,0.012527888884177239,0.043521629717020983,0.99897393346717422,21.836299101077511,-19.883022775385257,-1.1822110170109763,0.2355115565270983,0.2786895845265157,0.5555555555555556,1,5
-0.0056930105875042381,0.99949919758483341,0.031127859832048622,-0.99938391261175052,-0.0046087789759653571,-0.034793021846038309,-0.03463213599070615,-0.031306759391923608,0.99890965656214192,-18.631318373151274,36.059654964087883,-1.8265299853457391,,0.2416560487886103,0.3846153846153846,0,2
0.183901784690777,-0.92325875090436094,-0.3373031462439488,0.98072252054665843,0.19540550860727135,-0.00015779272208297278,0.066056576358123759,-0.33077177340948122,0.94139607107497025,-0.46821676746783636,-27.043763422078925,-2.3387319102185375,,0.2974064906046781,0.7142857142857143,0,6
-0.75504668483037385,0.65546814335038195,-0.016310020829718407,-0.64758860793656625,-0.74940225732871568,-0.13793205422020655,-0.10263283391509234,-0.09358295658627655,0.99030739249948474,10.395464743234072,17.827437017678463,-0.60359040595993441,0.5327176171262092,0.4093738924546845,0.4,1,5
-0.27656892476537503,0.96080879029943944,0.018870568021459453,-0.95928846780009058,-0.2748554156363528,-0.064962574157144862,-0.057229934473831685,-0.03606894756845562,0.9977092590636939,2.5881944272308961,20.080169228819106,-0.89049897448721194,0.3705303960267605,0.443911460687588,0.7413793103448276,1,5
0.70001644166950616,0.70693381354014473,-0.10110175402014511,-0.7101023314667636,0.70406939013673175,0.0064009935132352015,0.075707729049474579,0.067311790542799843,0.99485549835948162,-4.1119558566876391,8.3472692800790504,-1.5053814645193027,0.1265016801404006,0.1097074670681417,0.4954128440366973,1,2
0.99090629693350418,0.090366112983063115,-0.099692910088247058,-0.082939873476174902,0.99363063981838551,0.076283215728380427,0.1059513477275639,-0.067321001466398189,0.99208981179945332,-17.274255682349185,21.313068035744053,-2.2348336217384364,,0.2095132494240382,0.6551724137931034,0,3
0.93750837838687429,0.34707694467171618,-0.024811991692736769,-0.32918204312192856,0.90775999344843539,0.2600211083365529,0.11277066524804548,-0.23560430550361997,0.96528409718987418,17.093745630364342,-26.647713346169088,-1.4486110736661364,,0.205841521058335,0.8181818181818182,0,1
-0.77530936846674525,-0.60983976276186291,-0.16428891296204909,0.6255215859495632,-0.77738455864276079,-0.066302288760971481,-0.087281892044342141,-0.15417104701711926,0.98418146679502416,-17.652334957116299,22.978463625850914,-2.2293983893286544,,0.4215162398586028,0.125,0,1
-0.10083999726128134,0.99439297220547684,0.031841981419248822,-0.99418902318280877,-0.099504039981826387,-0.041074714972945278,-0.03767600211219832,-0.035798922548787776,0.99864856481606612,-5.5829352911661214,23.730999737420614,-1.2467868131208328,0.2647913185609454,0.2049177952090503,0.3571428571428572,1,5
-0.86948864626128453,0.48267307671336457,-0.10495806323848933,-0.47892133096075201,-0.8757983524299322,-0.060096627457783124,-0.12092912293365056,-0.0019866799118964662,0.99265915617065004,14.290914096949356,-21.887576865896467,-1.4570530787881038,0.1676136325976597,0.1127761993497309,0.3571428571428572,1,5
0.64397261164742381,0.76013383192677508,-0.08657847889813497,-0.76195281387040104,0.64741692237049819,0.016710417807212836,0.068754526272643765,0.055207664220022587,0.99610487847836326,-2.0700642374700706,16.908650602130411,-1.1459049469127065,0.2847394153044621,0.2962468053483379,0.8571428571428571,1,5
0.85229414624168898,-0.49919711362362007,-0.15619516648090301,0.51385500610322821,0.85487182009440843,0.071744016552776721,0.097712440276567322,-0.14140867356113762,0.98511718392122161,-0.8551007441391264,-23.623363957580789,-2.2125486080557764,,0.1661743226442584,0.24,0,5
0.67204921391599648,0.7392062500403489,-0.04386312775185755,-0.73298118250367195,0.67247475882520236,0.10254893874879321,0.10530166271436237,-0.036767086426179901,0.99376040431550672,-1.7270105113168963,-29.006419455134896,-2.44455913928185,,0.3895798683281301,0.5555555555555556,0,4
-0.98331371220594221,0.013768808851468309,-0.18139615015369048,0.010519375218880691,-0.99115962169813032,-0.1322571247994698,-0.1816135626344379,-0.13195841851897838,0.97447600773400078,2.0123798627663163,-24.867595791600305,-2.1968114350413575,,0.1771469275786034,0.4137931034482759,0,4
0.77490962083475734,-0.53969772743717559,-0.32900067254776416,0.62271549886023403,0.74109484832565775,0.25100564388957536,0.10835352793971595,-0.39938050626478838,0.91035966749340269,-31.402137261017078,1.3201018913159701,-3.6119545352806197,,0.1934636755838416,0.7272727272727273,0,1
-0.9291962724397419,0.35669421478973329,-0.096765305867472146,-0.34619834379245706,-0.93169183575891446,-0.10998649887847216,-0.12938699331636649,-0.06869905614868474,0.98921152725027961,-1.2117302526115121,11.794289091160479,-1.227298531569929,,0.08747483005212722,0.2631578947368421,0,5
-0.96378993731719753,0.24877632225982929,-0.096017176635157422,-0.23431166577728685,-0.96196177360640855,-0.1404549372599152,-0.12730671626739259,-0.11287111057700876,0.98542027196030757,-7.234483760617783,-30.969662475664244,-2.8538983016687456,,0.2395033761851786,0.3448275862068966,0,5
-0.63470653828911727,0.76794691532157033,-0.086053155091081052,-0.76534759502415206,-0.64009405773556227,-0.067250695478698955,-0.10672707736929492,0.023176119168378695,0.99401820831235332,-18.752985157357582,5.8691154302013899,-2.6458475217196749,,0.08121865439633957,0.32,0,2
0.95397714342055961,-0.24541060552867272,-0.17234049009213689,0.27257033634262079,0.94922123360915778,0.1571128938425416,0.12503208219180495,-0.19685701501231143,0.97242701220360106,-21.900689426463572,13.059361094971718,-2.7555190655435884,,0.2002293400959736,0.3684210526315789,0,1
-0.95063245663562623,-0.22693382440766577,-0.21165767581315115,0.27120028182634082,-0.93906061867520718,-0.21122396073989808,-0.15082552677921449,-0.2581979740297114,0.95424601999627146,3.6621520351061276,-25.510960663608085,-2.1011706538636981,,0.5543924709706082,0.2727272727272727,0,3
0.97723320133623726,-0.1195922421996455,-0.1752511506718033,0.1705242090681561,0.93419284499420463,0.31337712501603232,0.12624089799985405,-0.3361270949615569,0.93331763709087545,-23.502305809215102,8.9138861440440227,-2.9372834226043389,,0.36618226339521,0.2352941176470588,0,1
0.90933673913641277,-0.38717032449478367,-0.1523346142127911,0.39943354764402866,0.91484918345329291,0.05919301100086815,0.1164454201472149,-0.11467393498719487,0.98655478953846842,-7.6412233398714449,-29.870247700931582,-2.8498986666423805,0.572696551867459,0.3511099216854691,0.9206349206349206,1,5
-0.82777503776082273,0.55813831784069712,-0.057184832062573424,-0.54243581818630071,-0.82217224062234884,-0.17261572900110936,-0.1433592341240236,-0.1118678904242969,0.98332787262610932,19.33613406557631,-20.855616399144385,-1.1567104504780732,,0.1902775266319564,0.3043478260869565,0,4
0.05763703512057803,-0.92869857358780716,-0.36632899366345661,0.99770989769736806,0.066592940359504305,-0.011846532445490417,0.035396782611076413,-0.3648072637849295,0.93040997848826645,27.430248421117611,-21.620219323349421,-1.0681088145251785,,0.3566670676303069,0.2307692307692308,0,2
0.28313422655092912,0.95519023623277965,-0.086293814152442694,-0.95884856384929118,0.28389546879719485,-0.0035769261349909314,0.02108177790323652,0.083755449983807698,0.99626331019387182,-20.135886987907746,10.076558409921947,-2.6700123733615362,,0.09232430059574553,0.25,0,3
0.94325525538522714,-0.2931514436366715,-0.15598639133554487,0.30835160372486042,0.94757428067111427,0.0837989921832447,0.12324289703044553,-0.12714249370040004,0.98419813789053012,10.620051256724995,-25.520781198345066,-1.7597099875086222,,0.1283176248188936,0.3181818181818182,0,3
-0.81663462468160497,-0.48992899423360048,-0.30508600489105786,0.56953999153325063,-0.76965427051425683,-0.28854202800193973,-0.093445640965422419,-0.40939209138479954,0.90756048156370328,-20.375253697683661,14.564431104676263,-2.6126076913171512,,0.3084110797037133,0.1739130434782609,0,1
-0.77519874516421838,-0.58415373094215362,-0.24048144236548463,0.6203438557177553,-0.77583725332259346,-0.11510889205479925,-0.11933317296146462,-0.23841345386369564,0.96380424301189571,-5.8070702401468495,-28.344294336893281,-2.6810452117476036,,0.2861138342276452,0.35,0,4
-0.84924717061553023,0.5276999957664279,-0.017662323449340069,-0.51453238740350882,-0.83463536404141703,-0.1965711866075423,-0.11847221410255901,-0.15784968659951079,0.9803304600623578,-14.790556045610197,19.453159735849439,-2.0155663342769286,,0.292510424378548,0.5,0,4
-0.30371624346420684,-0.93973635520097432,-0.15700963718695271,0.95256745776715745,-0.30283708938279807,-0.030082149144796341,-0.019279052336802868,-0.15869870827370686,0.98713881401414438,-11.985001519539358,9.1879152269572337,-2.0501903232344203,0.6104541342145614,0.5618542858865497,0.9923273657289002,1,4
0.67180242198684981,-0.69694795064615189,-0.25088854079597095,0.7343217470915675,0.67108308961931373,0.10207378985510358,0.097226938453241013,-0.25280633084858672,0.96261928171104305,-23.576571287921716,27.935531082532695,-2.4560731340302513,,0.4370815065175991,0.15,0,1
-0.42096211167110215,-0.89413387408888589,-0.15269419027653319,0.90663567649661869,-0.42001008184090904,-0.040040994686833073,-0.028331089652967496,-0.1552937421752488,0.98746200078802127,-5.4883716626895538,8.0617365318888723,-1.6020929781094975,0.3348980680337962,0.3280964776503804,0.9033018867924528,1,4
-0.97172535213561428,0.20333190781185578,-0.12002489442822342,-0.19895554345037728,-0.97885615113769597,-0.047511336649896582,-0.12714767692443402,-0.022288352238013124,0.99163334837390005,-16.489068486131337,6.6415014172588434,-2.4213992649756864,,0.0819323367986283,0.34,1,4
-0.99248001370503558,0.0088655568852599505,-0.1220853156492068,-0.002207787921020258,-0.99850797741379826,-0.054561384820232345,-0.12238687866167698,-0.053881545468925644,0.99101878437763813,-1.0139153643613859,15.913910804006536,-1.1173228379477507,,0.09796991483171698,0.46875,0,3
0.10634402689562664,0.98923633028215197,0.10051084913343734,-0.99432935980330683,0.10582662894322581,0.010480879717849102,-0.00026865734579911856,-0.10105546722674223,0.99488075685823585,12.428330555230399,14.504674980077807,-0.58949814024041813,0.4417195122679299,0.4010926340313636,0.631578947368421,1,5
0.45482983374901054,-0.8410166926344691,-0.29295177938020367,0.88884447468285221,0.44919825626715565,0.090423594223590281,0.055545676317902734,-0.3015159187783073,0.95184180858252943,-13.23751995051696,-28.606817330374305,-3.2235757752291221,,0.3011140218629199,0.5263157894736842,0,5
-0.96620561238950553,0.22770762235944461,-0.12081371323831565,-0.2056484798703965,-0.96351032053074659,-0.17133757602386512,-0.1554201316239841,-0.14070217109251443,0.97777680568514047,-14.791324367937714,14.925035728004184,-2.0865038314688422,,0.1428325831500778,0.4054054054054054,0,2
-0.17328961631461101,0.98129373347195714,-0.083864876594448773,-0.9828291481348761,-0.1777825490015188,-0.049398692766061847,-0.06338433918570191,0.073864564705884442,0.99525195384224263,6.0814054882872792,8.4412268897424241,-0.9204264047462809,0.5321432483437422,0.2274062995073164,0.7933884297520661,1,5
-0.87471418888883401,0.4782975804982264,-0.078144176021579276,-0.47483960021296068,-0.87807411143974312,-0.059272328188629347,-0.096966189087457397,-0.014740397174011715,0.99517851607890295,18.026247401995931,13.67314970011142,-0.41846114193424211,0.1936410139471427,0.1953237879910091,0.5909090909090909,1,5
-0.84954922612329853,0.51886025713219908,-0.095132255108411043,-0.51460923082838794,-0.85482406706520631,-0.066731955705745236,-0.11594590091727423,-0.0077361446992006725,0.99322540247703761,-11.515276495083192,30.374683172311425,-1.5589519941441474,,0.1895687132216646,0.3783783783783784,0,1
-0.64883534173088875,-0.73251087632043455,-0.20601095940077763,0.75723320510454384,-0.64822065800028938,-0.080049057638241813,-0.074903754298829534,-0.20793699674165728,0.97527003080070063,-14.047165180733733,10.554110570572066,-2.1372345616305868,,0.1123655794742998,0.2068965517241379,0,2
-0.95557489506209858,0.29125798314076723,-0.045226178081205076,-0.2751490995397412,-0.93648854041211271,-0.21744467503082432,-0.10568629499386348,-0.19534073034972438,0.97502431052610528,-0.4155705971054991,15.015848420439101,-1.1234517176661112,0.823674900348173,0.3507330143314111,0.2692307692307692,1,4
0.73046113466920948,0.67995497818174644,-0.06393557995069131,-0.67344848353643727,0.73269579631091386,0.098102039177523206,0.11355030057310958,-0.028602407489161111,0.99312045167017882,-4.4595103253437687,9.8868701819821627,-1.4706163969576194,,0.3808872302307114,0.2666666666666667,0,3
-0.78807258819771553,-0.59370272023479909,-0.16266122991406123,0.60901764149160942,-0.79044388141144539,-0.065543746392828742,-0.089661073400627858,-0.15071678846435715,0.98450258587351502,-4.8611653411509597,6.6002775022464579,-1.6109476397236462,0.2065479256960007,0.1764420687869753,0.4979423868312757,1,5
-0.672899406751299,-0.68192008130642279,-0.28669040985842587,0.73423291819602587,-0.66287293003940717,-0.14663389941728799,-0.090046711384138473,-0.30916740017668942,0.94673497264909823,-20.382052325406402,-33.760333236930222,-3.8351610736977411,,0.3107579295843858,0.2222222222222222,0,3
0.90527266023918396,-0.35997832074085206,-0.22560367731947084,0.40709269579898727,0.88689850748288246,0.21837255883409334,0.12147817767230863,-0.28952831644112559,0.94942951625077621,3.2798806669579759,-28.115812163662579,-2.2091704038558686,,0.2369147027978606,0.125,0,2
0.2261034827403772,0.97155222817250275,0.070451990927990357,-0.97053668687427408,0.21850221382479265,0.10156437360005927,0.083281177487951941,-0.09134030045226639,0.99233119218812749,1.5628127804466601,7.4707385174967769,-1.2057228529042818,,0.5803184347347962,0.5471698113207547,0,2
-0.42380983768453245,-0.83798679847410262,-0.34374895936560201,0.90494596318381793,-0.40775311759193045,-0.1216971602436703,-0.038184096154322993,-0.36265068685607826,0.93114255306246863,29.485755776574223,-14.579222726865808,-0.87663024382211829,,0.3750808183011187,0.25,0,1
-0.68987290138787982,-0.68369081516747887,-0.23799632179153027,0.72004562083175483,-0.68204302141753526,-0.12787345641943376,-0.074897822743269532,-0.25958464167062784,0.96281157552090635,-9.3783831516108638,-25.79035779682123,-2.9004882345441696,,0.6548488203011492,0.21875,0,1
-0.50542553035341153,0.86272654142594474,-0.015746364221684656,-0.85868316620944751,-0.50468478276575524,-0.089199159823410493,-0.084901433059122344,-0.03156239477466255,0.99588933215523356,-2.760639946770568,9.0706924439119909,-1.3848362981941991,,0.1100408322227887,0.4054054054054054,0,5
0.77303624150284778,0.63191204589933436,-0.055696818315485473,-0.62773777202695946,0.77466503267087927,0.076415814643660568,0.091434451350569504,-0.024109197505160409,0.99551920508942304,4.4831302316372721,-27.729505877384938,-2.0988166230621994,,0.1753508209018533,0.55,0,4
0.99055857789774882,0.11882645127120542,-0.068366499336167702,-0.097224689352817681,0.96050015009301237,0.26074282627054141,0.096649177613875772,-0.25163413152748859,0.96298452755844877,4.8546359331269633,-24.379258997134279,-1.9774159383564573,,0.7648913743620495,0.2083333333333333,0,3
0.64936616581554374,0.75870169964808709,-0.051916410171774577,-0.75732511239589584,0.65137501426645261,0.046575368210272729,0.069153863439172084,0.0090731328923786703,0.99756474548319607,16.360353769921183,-28.164796209251676,-1.5089490535047947,,0.6468751274423146,0.6071428571428571,0,1
0.96829056450270357,0.23374530943487537,-0.088184539530638623,-0.21858590208021816,0.96359002265206106,0.15399503776803455,0.12096936019841419,-0.12983604492819203,0.9841285563027784,15.86940352395937,-24.417109905247376,-1.4776614017737577,0.4832285564420887,0.2350369942429645,0.35,1,7
-0.78939487875006009,-0.5677898888763081,-0.23338887611239753,0.60806103126947098,-0.7754405856366724,-0.17015781027905405,-0.084365322583902308,-0.27623638470933676,0.95737973245104258,-10.578165349112693,14.969152573737645,-1.7262796707611276,0.2071983932551784,0.1784933815742049,0.3928571428571428,1,4
-0.96686748940112466,0.22499241597242656,-0.12060543393254342,-0.22194786769375352,-0.97430661296880128,-0.038285349044494398,-0.12612058501831733,-0.010248740417888154,0.99196197576040401,2.0983215087623583,11.119570588030841,-1.087692823980581,0.4754850984834803,0.4265316105094163,0.9688715953307393,1,5
0.46341396698817633,-0.84995581404911824,-0.25064438825631563,0.88460090997627805,0.46039090181151743,0.074306443854613255,0.052237201967778368,-0.25615489785143492,0.965223260721217,-2.5734931278119859,-27.713566634918759,-2.4560011500409673,,0.2327957626106261,0.5416666666666666,0,5
0.21924002420755209,-0.9322837881108168,-0.2877164406342072,0.97516892521068599,0.21884157540248506,0.033969577253673652,0.031295032975007575,-0.28801962311811979,0.95711301193223197,24.122435865318874,-23.356650928823132,-1.1389058184072265,,0.2735285954580609,0.2222222222222222,0,5
-0.69532610183391941,0.71807941022799904,0.029724951052163575,-0.71652437934813973,-0.68942187904251007,-0.1062557598309667,-0.055807041743919317,-0.09518105538447251,0.99389443140994027,-4.5161410834671942,13.147178334333903,-1.403410791710572,0.5262183641219171,0.2343170689599317,0.3461538461538461,1,3
0.7710337535145777,-0.59379755526564115,-0.23002481236112485,0.62371181496910344,0.77704630771837613,0.084750265658504007,0.12841543057269095,-0.20881450864771847,0.96948748221369185,-6.2497672243775773,9.3219195078748118,-1.6311999142450992,0.8169666118889627,0.3535787354495583,0.6083333333333333,1,5
0.99090539524579258,0.068269626005643708,-0.11595583572131503,-0.060447791974969564,0.99573588660990009,0.06968578450836721,0.12021880933585169,-0.062042745605310944,0.99080681043260099,9.536353720625117,-26.189065665214265,-1.8236319951710045,,0.4895431018567883,0.8360655737704918,0,5
-0.9946382355660256,0.024678218746420934,-0.10042791379695504,-0.012536489322877835,-0.99272122687189346,-0.11978064181419928,-0.1026528946769754,-0.11787939276000677,0.9877078677306218,-10.538125835185237,8.6688304618644167,-1.9962462801400847,,0.1354469647526189,0.2678571428571428,0,3
0.253545105232926,0.96407111325043471,0.079257606628590077,-0.96720999898567495,0.25391841904331602,0.0055003938653378085,-0.014822195335216547,-0.078053347568255216,0.99683899274598697,-8.399562406582131,14.843250925615923,-1.6698197145984852,0.68864269178374,0.7946943973374547,0.6987179487179487,1,2
