axis_00,axis_01,axis_02,axis_10,axis_11,axis_12,axis_20,axis_21,axis_22,location_x,location_y,location_z,dbh,dbh_approximation,score,reconstructed,number_clusters
0.69324418914297647,-0.71757013735976538,-0.067123708099186247,0.71989725396432702,0.69386168350057664,0.01743295455071428,0.034065201512960004,-0.060407467578383479,0.99759235156783754,-9.9526880457451981,-34.362366296246563,-5.0116413331886038,,0.3480916135388219,0.5263157894736842,0,4
-0.68143456863410645,0.72005197176894697,0.13104230851942431,-0.73142648366146412,-0.66371253009940012,-0.15652787734994042,-0.025733784585139217,-0.2025113215124123,0.97894174340980111,7.7157947612982491,-3.2945471485340287,-4.1770185027413405,0.5476826492085494,0.6960107422394075,0.55,1,3
-0.015483113750774168,-0.99959193565155846,0.024004903018981661,0.99426285159429906,-0.017932929825357425,-0.10545042421655575,0.10583787189920886,0.02223448241468497,0.99413478596395422,4.6639879625441214,6.0202745110687275,-2.8838961722984822,,0.09537854695505689,0.2916666666666667,1,5
-0.68466759769005592,-0.72769658684066152,0.041084768148078078,0.71798714387581286,-0.68308397700405321,-0.13375627682236521,0.12539833293302829,-0.062080253388496286,0.99016225954983728,-5.4014272881283363,-8.3692803715870578,-3.066313012343175,0.7742697592935982,0.5974847066597634,0.9992337164750957,1,5
0.52805386401880927,-0.84917598699911168,0.0076980386391079783,0.84742873132207031,0.52633707379752326,-0.069525751172689443,0.054987835242634828,0.043236880673156466,0.99755045492695937,-12.242157013492479,-25.159300593721152,-3.9921955262884317,,0.07988484491965929,0.3636363636363636,0,1
-0.99316415693657778,0.090098066086301484,0.074211157274131537,-0.11086327026156759,-0.92705383578957667,-0.35816270165211817,0.036527971246266354,-0.36394164921775851,0.9307052075073452,0.63615044574868496,-26.267114404990181,-5.4546432623080783,,0.6634390215558286,0.8285714285714286,0,2
-0.98334759297589336,-0.16444346459199977,0.077368329059741073,0.1441812120034629,-0.96508015196824959,-0.21870546033913493,0.11063132238985998,-0.2039084285406568,0.97271890249771042,8.0288685809004363,8.8268065443194228,-3.045219874775063,,0.4734494964059623,0.1111111111111111,0,2
0.34119301020487192,0.93125218289306888,0.12789332134334555,-0.93179018305548134,0.35300595800836099,-0.084580425466131218,-0.12391281026903807,-0.09031149133689137,0.98817480740187635,-23.285916463411073,-4.3014205808777426,-0.83089819735677517,,0.203890755535299,0.6818181818181818,0,5
0.65117240845872515,-0.7583687003712295,0.029178909494947284,0.75802194733831485,0.64803249988011957,-0.07386884629226767,0.03711093929680271,0.070219608346771739,0.99684100276229293,12.481327689708953,-7.8990849070660119,-5.2004505832902126,,0.1800527537356412,0.28,1,5
0.23461237821160402,0.91637145581539048,0.32437692112214039,-0.96443104429047177,0.26122552567414264,-0.04042258706540066,-0.12177763669363648,-0.30335553349667427,0.94506382191800287,16.928446194949302,-6.4413632138320702,-5.5762534934602987,,0.3662144320293063,0.3076923076923077,0,3
0.97690240137406648,0.18780373878017817,0.10193848090770104,-0.19417185146424376,0.9793366248436508,0.056542615245451178,-0.089213173290331987,-0.07503020018655189,0.99318250023418952,-4.3631299951745532,-35.238652553419612,-5.7131348878461825,,0.3176100046958541,0.4090909090909091,0,3
0.9935746542946966,-0.097361111014656207,0.057708061873243552,0.09946371328327222,0.99443418283416063,-0.034750910072379196,-0.054003482138444865,0.040267481581883854,0.99772849705918265,-12.915619015346822,8.5242910055799683,-0.62644534027303655,0.4116107062843234,0.3516241630820446,0.8555133079847909,1,5
0.92187577835302703,-0.38250961788937543,0.061898638984431251,0.38614627071526592,0.92016208828141866,-0.064751748256491506,-0.032188614426432276,0.083594996929861054,0.99597980380608286,16.051235575389178,-14.696915568749974,-6.1833692474616821,0.2167811613478997,0.2348799123508082,0.5909090909090909,1,5
0.87318974891245893,-0.4863145912578471,0.032214604202274261,0.48731624770208765,0.87223800575803689,-0.041517900197380511,-0.0079080414613029865,0.051951704889783429,0.99861828705431299,-5.572702230037736,5.4309023191866306,-1.7503348182290728,,0.3675631035817138,0.8458781362007168,1,5
0.74041873140975412,-0.65944252915456381,-0.13006018960390012,0.67180264589272753,0.73223725035146892,0.11184728056260863,0.02147806204248379,-0.17018860108700751,0.98517741189642927,-2.4930224619292702,-33.816982554969798,-5.7831417016462847,,0.7534567988441983,0.5384615384615384,0,1
0.29372357287630552,-0.9547782850181139,0.046096520418010392,0.95281251933987476,0.28857042009947098,-0.09420942433120516,0.076647020333342697,0.071592870465467917,0.99448463797714648,-20.626841755309293,-3.5227012032015383,-1.0315469819259735,,0.1563812554858401,0.5641025641025641,1,4
-0.43394446400030195,0.86897319429936881,0.23786086217081176,-0.89369028910107118,-0.3817550391432436,-0.23575571521213282,-0.11406081417355546,-0.31487883015199963,0.94225339107491313,16.984571887760893,8.3465013896246312,-4.2766372971852906,,0.6058433493618206,0.3181818181818182,0,2
-0.38100022695231311,-0.9229039672753806,0.055561625692999606,0.9161060736640334,-0.38494316907819653,-0.11210895760778256,0.12485387001672979,0.0081868044680521498,0.99214136461214397,8.2635668898673753,-3.5204892757718964,-4.2817167553558839,,0.07708080538751666,0.2727272727272727,0,1
0.38113132148260848,0.91411168179192825,0.1383428675301121,-0.91667588026405411,0.3930947532598143,-0.071985036651577697,-0.12018421829443174,-0.099379817725429032,0.98776485334406294,11.067842659243109,12.003950764985676,-3.0896242904489415,,0.1697270511687813,0.5,0,5
-0.1693264806310617,0.96155983425060709,0.21617406901163466,-0.98123792103609431,-0.14395919927626158,-0.12824933241348699,-0.092199160939057168,-0.23383420215974801,0.96789507727979041,15.623523859128476,-8.365338271147186,-5.6004295692468951,,0.2917198775101414,0.2962962962962963,0,5
-0.64884294444621804,0.69587421959674256,0.30783421502975683,-0.76000898949249041,-0.57284786303342305,-0.30697176044164809,-0.03727156198720262,-0.43313323160277739,0.90055895661992558,-23.19404629662078,9.2169913971899078,0.44627890582608243,,0.5739605710816322,0.3703703703703703,0,1
0.94765321856596629,0.3015393907093139,0.10501130030725579,-0.30353510272252499,0.95281492299583981,0.0031880921659392875,-0.09909499864670844,-0.03489582162792608,0.99446591840852983,4.9076647117099554,7.7242956707734249,-2.7981485922044422,,0.08035382876688341,0.2058823529411765,0,5
-0.043547314186912829,-0.97981245592329969,-0.19511838110403124,0.99492268818749707,-0.024794906743641178,-0.09754002834394887,0.090732992659068118,-0.1983753105029096,0.97591739416100343,19.075462132503773,-19.377822693365498,-7.0044049290601746,,0.666155565556244,0.4285714285714285,0,3
-0.9606405215211451,0.24931421894389671,0.12252431858197567,-0.27540594697195603,-0.91245428000693973,-0.3026198130815263,0.036350416559688715,-0.32445278104743142,0.94520317397188458,18.578310205766648,8.0272255887806985,-4.5174961002947915,,0.2003804008661055,0.1904761904761905,0,1
-0.65512732545611008,-0.74517639636425426,-0.12458059938171823,0.74866819388291495,-0.61814603207919205,-0.23956506108538633,0.10150922573253401,-0.25021515007356065,0.96285422352755323,14.25987995213579,7.212436973872058,-3.9934906713817111,,0.6469697956782273,0.2432432432432433,0,3
-0.67680475207810609,0.71929421350158551,0.15668810416757617,-0.73538637626649372,-0.6508277742779498,-0.18875933309387793,-0.033796525947629573,-0.24297951076489141,0.96944249555212159,12.022408444656131,-9.1293580861645136,-5.2343884154015203,,0.4784177364843915,0.7480314960629921,1,5
0.46112426691934694,-0.88554750687340966,-0.056302961985874138,0.88187939270645166,0.4643910521843595,-0.081422892179060596,0.098250430929305688,-0.012106350457154793,0.99508808107665203,-19.982146207712876,11.012578761449355,0.33306534467236376,,0.2201158568455299,0.631578947368421,0,2
-0.80129853761102865,0.54813679936520776,0.23972213665845021,-0.59819138450150944,-0.7277957210404592,-0.33538106080004781,-0.0093659559359500679,-0.41214007038489209,0.91107235785778384,18.144879033660299,31.497582280931791,-2.5146798311444236,,0.4755557922864225,0.2352941176470588,0,1
0.45705891149041056,0.88204988153885189,0.11439037505183379,-0.88057224771160048,0.46685791231373241,-0.081462913464987907,-0.12525840485708623,-0.063495639120821346,0.99009021600321723,2.80483276138375,7.2650554523322057,-2.5638684890970906,0.9513651271438476,0.7910295723235173,1,1,5
-0.7071429138548867,-0.70622621348269288,-0.034546125321364522,0.69900430487506415,-0.69088190536331295,-0.18459462236936316,0.10649826830023872,-0.15468266946060111,0.98220740712824706,26.728261884799451,0.81314535237113361,-6.1764160469946923,0.466758401209755,0.3876395083475098,0.4090909090909091,1,5
0.90874016587338047,0.40267972808700342,0.10972851733345798,-0.40548073848020716,0.91409673506993716,0.0035397254170857341,-0.098877103770124139,-0.047709490903377449,0.99395529216749667,-10.61851830991443,-25.38121106174194,-4.1812509277118668,,0.147737714588353,0.3703703703703703,0,2
-0.74497761370791071,-0.6661982475178202,-0.034471003441325317,0.66193738627327148,-0.73182660714810288,-0.16207625897646469,0.082748122200909477,-0.14356083057115979,0.98617596614293024,8.4504542019045843,-2.5400841604706081,-4.2271618212104727,0.4623121786434351,0.3644302904659311,0.3863636363636364,1,5
0.68997379037393314,0.68802386051950382,0.22485403254749137,-0.71605302052506148,0.69421507142213879,0.073030859280805327,-0.10585008452507624,-0.21139678797511402,0.97165176768214701,-27.441631362338928,-14.901951716037592,-1.4419258883084549,,0.4612408762839784,0.25,0,3
0.98736705242169265,-0.14148364013941275,0.071335007990461385,0.13625115820898781,0.98793956900377189,0.073559702849796391,-0.080882171575739792,-0.062910949520271237,0.99473629005463027,-20.633784808307997,-27.75377127325466,-3.305658401174175,,0.2616654859939969,0.2307692307692308,0,3
-0.91513103834452514,0.38534709469718409,0.11850231755923964,-0.40309563590546393,-0.87968138908719828,-0.25233818975253736,0.007006495018277153,-0.27869027665503021,0.96035547518900621,-12.809436891336409,-19.398825072660571,-3.323465220815216,,0.1485731766209555,0.2666666666666667,0,5
-0.93741821653477531,0.32595451513479184,0.12247751374029753,-0.3466771986281334,-0.90658298941901783,-0.24067032066174593,0.032588452864653485,-0.2680689041260112,0.9628484072690614,15.119548144847279,33.990087007089699,-1.9220795565206696,0.6822622743779166,0.7353683973136869,0.9508196721311475,1,5
-0.98244149845855089,0.14695207186427359,0.11495125350041176,-0.1738393791007575,-0.94471174279295977,-0.27802804409439219,0.067739001914566693,-0.29312934278895991,0.95367007713135887,15.940710528984789,6.7541080410368846,-4.2525906224549566,,0.4981532516636691,0.1578947368421053,0,3
0.20665887649018144,0.97087066812604572,0.12125285374085316,-0.97254968839943268,0.21738395610502592,-0.083013970042962792,-0.10695425359461763,-0.10076885134114051,0.98914428989779069,-27.760363383515468,16.313561209524078,1.6445659952495308,,0.5931665177212164,0.8771929824561403,0,2
-0.9529273512986467,-0.30292272514534035,0.012933898772810317,0.28769995114147201,-0.91685715810323232,-0.27677010269907826,0.095698491420394285,-0.26002071883868083,0.9608491164144739,-14.697001195566731,-18.429831740003046,-3.0031348441182062,,0.08710483037734029,0.2692307692307692,0,3
-0.86970403537545349,-0.49136983978978083,0.04658939146004646,0.48080617350009042,-0.86475484260240387,-0.14499822660947623,0.1115361572578749,-0.10370507577094315,0.98833442866445242,-17.983860793020725,-14.061869951731927,-2.274246671428763,,0.4952339872232831,0.8793103448275862,1,5
-0.8511420160120805,-0.5227361068355465,0.04800240816154043,0.50700388444279854,-0.84231970145326018,-0.18287859826563668,0.13603062059258711,-0.13131825141276771,0.98196292552574937,-16.489750135348604,28.557855808229952,1.7383939708511185,0.3957270224985863,0.3185286070346671,0.59375,1,5
0.3470368846247231,0.90533312436377056,0.24482102573043277,-0.92559189776342454,0.37269521005587364,-0.066165846145208013,-0.15114575582751169,-0.20364236870342764,0.96730798930029949,7.1485135845336831,-17.929955106907208,-5.4084128072748179,,0.5299979429247406,0.15,0,2
0.086117690900380087,0.97912079855220202,0.18413637651611389,-0.99043134093646623,0.10414244174043877,-0.090554462723446555,-0.1078401697178715,-0.17457609707756891,0.97872043205625525,-26.065174398774889,-26.141761660572804,-2.6025120709399374,,0.1767038032824614,0.2631578947368421,0,3
0.17892911620618726,-0.9821814263369254,0.05748058048102813,0.97943788361513817,0.1722860410731499,-0.10497119695821616,0.093197658303052128,0.075081061594147014,0.99281268660141719,-21.263550649611737,12.233991095141667,0.57876973038524271,,0.2506859436666563,0.9761904761904762,0,1
0.5907155097935366,-0.80673622174183712,0.015226786235722104,0.80549290118660999,0.58848905326926804,-0.06972675469444771,0.047290301620325007,0.053453743666339676,0.99744991085302748,-29.039239086655346,-13.751659869009801,-1.1615272231305394,,0.3032666540460132,0.4,1,4
0.9947353848310081,0.073741107537584463,0.071160123835174866,-0.078672269958306576,0.99449736192014382,0.069178544892783564,-0.065667252909759749,-0.074412674948599475,0.9950630963422773,-12.430831824578835,-8.2274767148457855,-2.2995553330979681,,0.2446512071096895,0.1201298701298701,1,5
-0.34945195304171461,-0.93539350998103099,0.054058431356247147,0.92863877315591381,-0.3534433229346689,-0.11272908437656386,0.12455264552312953,0.010807356673404052,0.99215414101586208,-1.2353392529580078,-4.2214830260940293,-3.1918757139546314,0.1326966802314812,0.103619648744237,0.5797101449275363,1,5
0.79321767087439454,-0.60625076605846406,0.057146612026677396,0.6088432623390766,0.78793677934186002,-0.092008226070766419,0.010752140108483481,0.10777588048308576,0.99411707110842074,-7.3017945955146342,-6.9742558004514796,-2.726996006269562,0.3047224320753529,0.2477571296857999,0.9089595375722543,1,5
0.19098401181038557,0.97757923703779703,0.088678873162712918,-0.97445467559724519,0.19969533060386394,-0.10276118012985586,-0.11816595296225423,-0.066787800140531123,0.99074527367679632,-4.7093761865257662,-3.6307407339067108,-2.7535148118879476,0.549544621453836,0.48309052931184,0.9356592659719075,1,5
0.45177544023051275,-0.89053236194148921,-0.05339535503616262,0.88784216712808672,0.45465936968137005,-0.070860029849280637,0.087379848213579039,-0.015393826549974206,0.99605611901655411,17.69637520578074,0.74885636486816198,-5.022016389611375,0.3151282132065287,0.3836086757800379,0.3787878787878788,1,6
-0.49924287570248915,-0.8663454438299153,-0.014216997413531444,0.85716020979424168,-0.49141896854129108,-0.15421988232165559,0.12662119019264012,-0.089179422026389565,0.98793426141684071,-2.6841669780364401,-23.567970283313148,-4.8125726420335075,,0.09402523934655635,0.2941176470588235,0,4
0.4219491098362303,0.8960828838138154,0.13782022364054122,-0.89800690240275727,0.43398719737351971,-0.07237897314056331,-0.12466977157842886,-0.093223268832376555,0.98780912640185115,-12.384902441929054,-20.908569156574615,-3.489627615312592,,0.123548387972599,0.5,0,2
-0.99659380135925468,-0.081405733593021765,0.013187176744517297,0.07616687365031756,-0.96991466505491275,-0.23122316032299184,0.031613327104968475,-0.22943114228368691,0.97281136326615525,-13.498897669101774,-17.061796739623695,-2.99508744851294,,0.1622134280901618,0.5,0,4
0.14649003942236058,0.98125884768655403,0.12518682912708493,-0.98216606006729623,0.15935503066413184,-0.09977877857500618,-0.11785796028237426,-0.10833765752909905,0.9871030610626168,20.352133737342577,-17.212609996440307,-6.9531402864985896,,0.4789325490321661,0.9512195121951219,0,5
0.74801694582579092,-0.66355717707918993,-0.012748392218264962,0.66366948404960058,0.74776130030048504,0.019896072835187545,-0.0036694275836086344,-0.023343318522062378,0.99972077340704713,1.7589481470669082,-8.5317174941490599,-3.9120624328486491,,0.725817674925905,0.4941176470588236,0,3
0.85010626447426696,-0.52250651715596341,-0.06562224189367484,0.5260991150266201,0.84815394163370927,0.062085525361465443,0.023217671498543511,-0.087303097429282828,0.99591119529275196,-14.652106693650147,-14.784884911192295,-2.6606892020428723,,0.2804766841392221,0.1666666666666667,0,3
0.91912662704670656,0.36561002373186108,0.1467499710409931,-0.37683961680763811,0.92453115924057305,0.056868609949201093,-0.11488318701192458,-0.10757065650106369,0.98753754723651532,9.2474418824281486,10.318569604436204,-3.0122133084515097,,0.135303493599002,0.1764705882352941,0,5
-0.99236270808349392,0.030374369889404482,0.11955606742870259,-0.062574465460085382,-0.95920558950022994,-0.27569743078944642,0.10630471239592071,-0.28107300604173757,0.95378051636478833,-16.32534385186819,7.9394427270874086,-0.30054183124352807,,0.4920770366427132,0.3777777777777778,0,3
-0.25835812025760824,-0.96259973896077056,-0.081564846898734708,0.95946737321193754,-0.24584263351268881,-0.13778156367719535,0.11257638046563065,-0.11385579519815685,0.98709848366870434,-35.428514518378648,-23.52904964118558,-1.1587436182686106,,0.607230192834794,0.4883720930232558,0,3
0.50216196027531301,0.8505029128543502,0.15645498035767272,-0.85342301910672391,0.51660943819237337,-0.069165300760743453,-0.13965140927043565,-0.098790098678081681,0.98526037182663306,17.438111463137989,-3.2157930076371013,-5.3434056648752728,0.4589243349667064,0.3342234253687495,0.7872340425531915,1,5
-0.60932617508211295,-0.79291908019562551,0.00097191641937511642,0.7827105614544978,-0.60167649972758674,-0.15921547243639708,0.12682976522641726,-0.09625342558726542,0.98724337866370593,9.8487885308071785,-15.570587440564946,-5.5104802623583149,,0.6960443031202072,0.9380530973451328,1,5
-0.15960602266738305,0.90596449938863199,0.39211508945181361,-0.98261187552779594,-0.10762585202661852,-0.15129632529341649,-0.094867379009044461,-0.40944474819326893,0.90738921008402129,10.192244933369313,21.513074754870289,-2.2485089278817121,,0.1575327006584754,0.4166666666666667,0,1
0.25181287198106111,0.95402085531714942,0.16258685409522977,-0.96370865686520679,0.26257686283421322,-0.048156160428354362,-0.088633527447057894,-0.14456001772300864,0.9855183910451466,7.9698365099236899,8.2623444023018404,-3.1064960502012506,,0.5015525214981881,0.1153846153846154,0,2
0.70335180463339741,-0.69301804683584334,-0.15818415116178952,0.70718864296040596,0.70472366495798444,0.056998064142618987,0.071975427659462257,-0.15195572647327085,0.98576315360497102,-13.271399028555045,-22.018407303670834,-3.555731284241213,,0.3304575800990733,0.1,0,4
0.98227840490585838,0.1749759906814414,0.06717542661308773,-0.1833961302135273,0.97123323559587404,0.15189424444880201,-0.038665161040724198,-0.16152214943783291,0.98611135302392539,8.7761656331303737,17.053134887250618,-2.2887780917314218,,0.5282819331690465,0.4186046511627907,0,2
-0.2234804215716166,0.94758917169461498,0.2283227164810509,-0.97061954262555417,-0.19491738476917736,-0.14108478510493172,-0.08918634787641419,-0.2531441778944527,0.96330878774700734,7.4153120449540193,33.243641429061583,-1.0973015377008042,,0.1743173918477308,0.2857142857142857,0,1
0.9969779905395949,-0.017841786113772781,0.075607916568989353,0.023681824983295682,0.99674496042190142,-0.077062669555396646,-0.073986874140575934,0.078620318886494539,0.99415531377803013,-0.52440292733662319,20.413054041011314,-0.93231295263758451,0.5406271402611654,0.4505470124638796,0.9263157894736842,1,5
-0.89961125369491124,0.41677824088930226,0.13036675245893281,-0.4365642473127182,-0.86554849252563093,-0.24543321913483426,0.010547520739476523,-0.27770794912610353,0.96060764352488037,-24.311533174454063,-1.434611917662926,-0.45694494021054932,0.535673359260328,0.2329376721006613,0.3513513513513514,1,4
-0.99176405226618614,-0.11204608979401694,0.062046260116335079,0.10080413835760885,-0.98170583248572707,-0.16153075296513894,0.079010064691359849,-0.15394587433697526,0.98491526409741992,12.807103365149262,7.8731261442561378,-3.7688096344111388,,0.3789468492616312,0.1111111111111111,0,1
-0.3122434658279914,-0.93048943143041307,-0.19155530805495516,0.94482018967144599,-0.28313018535541845,-0.16477896507084161,0.099089995645045642,-0.23243647763832428,0.96755075144725722,-15.06186912425672,-15.915353852212229,-2.7642985007265661,,0.2472165270132534,0.3571428571428572,0,5
-0.33730124438794656,0.90919694683903174,0.24410813667906556,-0.94110174601539287,-0.31917073096932513,-0.11161338691790286,-0.02356637819270355,-0.2673779279429947,0.9633035188702409,21.139056533261208,8.5284904157197268,-4.777906247882246,,0.5491339292277773,0.25,0,2
-0.46590555150836388,-0.87144165400904605,-0.15336707838276495,0.88472520815141165,-0.4615206197606096,-0.065268856257972116,-0.013904069013361761,-0.16609684281695627,0.9860114176170125,-16.107692411396762,-22.699677828834101,-3.2835350842571613,,0.2084846156106918,0.1,0,2
-0.57565544590785522,0.81039958765789832,0.10896474622801808,-0.8162610770480716,-0.56164153301455211,-0.13519113317590686,-0.048359711464713268,-0.16676719316751676,0.9848096473888126,5.6374102413064167,7.345661374644135,-2.9091046469376884,,0.1329935540763439,0.24,0,1
0.95121999087531339,-0.30440205853530444,0.050198762122570309,0.3075997277519229,0.94827749321058408,-0.078435982541142257,-0.023726281759102474,0.090051000159467709,0.99565449877162082,3.9459497985249654,-5.1487675370937991,-3.8461166342122404,,0.1186570478654259,0.3406593406593407,1,5
0.093164170217160044,-0.9948313591579856,0.040385693303739499,0.99028340167091866,0.088379613893853265,-0.1073677243078579,0.10324350712186604,0.049996106686911929,0.99339879582840673,6.461250403274085,-2.1800852848597803,-3.9410374124695715,,0.09855882751423509,0.2613636363636364,0,5
0.47172203176473443,-0.87824558667577379,-0.078504867570602252,0.87691763873100281,0.47658102269254782,-0.062337658696560959,0.092161703707095907,-0.039436256083104256,0.99496281441868673,16.02125431330316,-16.229937367728102,-6.306922456469926,,0.533671847291417,0.2666666666666667,0,4
-0.81578241376547667,0.56771570025486462,0.11044427135484484,-0.5783231848220749,-0.79859740535587331,-0.16668676628971044,-0.006430185706982821,-0.19985261530186901,0.9798048708129482,6.4040041232245839,6.1803361720170642,-3.0984835964474282,0.6146519974073636,0.5455952101642766,0.9601593625498008,1,5
-0.73038112669351041,0.67514486898600756,0.10355102921643831,-0.68251050830884663,-0.71541222415806083,-0.14954850575386963,-0.02688523419866104,-0.17990207171425787,0.98331705404462488,-2.2843496200443933,-22.595218039229639,-4.796353217688325,,0.1893793893342969,0.375,0,5
-0.89612722562628666,0.40358908317218734,0.18458561004468074,-0.44347547189538639,-0.83018249668701871,-0.33782618018986033,0.016896784265001588,-0.38459442811712813,0.92293099663125433,23.111027382828297,-0.6700025275218181,-5.8473301387976013,,0.463050193828283,0.1875,0,5
0.73154961021285236,-0.67973184688757027,0.052912986347741289,0.68133550351982852,0.72603112109929391,-0.093063112126577266,0.024841486284141165,0.1041317795973687,0.99425322380019421,-11.974999819569382,-1.6894378545681321,-1.7242134297091376,0.4780346468318637,0.3506953967074226,0.9647058823529412,1,5
0.022944439655896636,-0.99177264058203785,-0.12593880292351628,0.99639035672095111,0.032983883262425809,-0.078219693673816704,0.081730102914238253,-0.12368950172857043,0.98894949185474834,9.6482114521868265,6.8869391991554014,-3.4015708340810633,,0.4457080968735429,0.4107142857142857,0,4
-0.98695455402378451,-0.1594393164974848,0.022356490031463911,0.13813525143782526,-0.90991980986083976,-0.39110688044704872,0.082700426854526304,-0.38291649739548705,0.92007369021206709,-1.3730825992473379,-37.689291304255697,-6.2419370862041115,,0.2684378276742386,0.1111111111111111,0,1
-0.92351272033286835,-0.37959323970341868,0.055074746979430461,0.36968106543899115,-0.91914048953737926,-0.13607597270965688,0.10227494922647364,-0.10530780058689763,0.98916636714774742,-31.359360958945032,-20.624165279988954,-1.5595804531733484,,0.2864992279277752,0.7083333333333334,0,2
-0.41958095685454039,-0.90748528028096243,0.020549616016132956,0.89897793284058125,-0.41856851725660194,-0.12899252934679872,0.12566024395449521,-0.035649157563566319,0.99143262032994661,6.4016113630443936,-22.753764960797721,-5.7576402568142333,,0.1766990238029371,0.3571428571428572,0,1
-0.75550587530897495,0.62946077809232825,0.18163149841649248,-0.6548745750903735,-0.71767568805098025,-0.2368140571857057,-0.018712650101528682,-0.29786026190808468,0.95442605847819595,15.183225063470893,-15.333144051762751,-6.1326104445978133,,0.4312688975339862,0.5625,0,2
0.70450537693451698,-0.70925514981584759,0.025085978754154463,0.70926479169937795,0.70239892335090692,-0.05982648018331873,0.024811874697252739,0.059940678467854752,0.99789352434957768,15.892027685391128,-2.4131203613369263,-5.0830271946518613,0.2177963335177612,0.18157268196034,0.4761904761904762,1,3
-0.26362428195789878,-0.95518237947816098,-0.13464345471140637,0.9568429106850751,-0.24124272474459596,-0.16202960232475658,0.12228606721085571,-0.1715475726795439,0.97755692830333962,8.639679775530178,34.246844601883232,-1.1636569265841901,,0.5813659533807137,0.25,0,3
0.6600588548641324,0.7211698051303751,0.21032455939254266,-0.74229313284017973,0.66915532190935667,0.035100713649401746,-0.11542622342328429,-0.17929101296105876,0.97700128946569742,24.789795730312786,3.0309830038668655,-5.7373112681027223,,0.1715925455999554,0.5333333333333333,0,2
-0.89602060038197751,0.42180298091536733,0.13866985606840088,-0.44386252796766601,-0.85903025912676023,-0.25505503361189452,0.011538628916542608,-0.290084917214808,0.95693134594243734,-10.553254549946903,-22.001738503961672,-3.828600412086165,,0.5246144399698971,0.2,0,2
-0.52824306196363369,-0.83416045490429569,-0.15854211731001314,0.83678570665202878,-0.47975473284552356,-0.263865642809336,0.14404495350462115,-0.27205097277197438,0.95144065478813367,22.510223723763012,-23.409569508953076,-7.7348091112609767,,0.4096748106669355,0.4,0,2
0.98887800053676322,-0.13874104233860676,0.053583796293368638,0.13921781574156236,0.99024785663802872,-0.0052518762302629302,-0.052332588647617008,0.012653283944752671,0.99854954537611795,-6.0874841086467519,-26.519540473480152,-4.7074952839692639,,0.2278111141463418,0.4117647058823529,0,2
-0.48955055365550759,-0.87196407061952752,0.0043491337309236235,0.86138153463155764,-0.48437222101026683,-0.15298824565751418,0.13550685300518447,-0.071149216876959992,0.98821843826475242,-15.596421151833862,-17.465599686591975,-2.7763162847120766,,0.100417914154036,0.4285714285714285,0,4
-0.83886379817441981,0.52867154872397426,0.1296685069019507,-0.54434048093032927,-0.81428353536321385,-0.20158314626209212,-0.00098434390564194874,-0.23968462112989369,0.97085030435226982,-22.706203309940189,-29.072528702324981,-3.1640804055531264,,0.1369448094517878,0.4444444444444444,0,1
-0.96518735860029714,-0.26013249714138098,0.02728455110809876,0.24229671285056453,-0.9285179538960836,-0.28133025474420825,0.098517337255896717,-0.26492544842581556,0.95922304029687888,-2.3514589869623883,-12.062236381953399,-3.7746622803645349,,0.2585300103388432,0.2777777777777778,0,4
0.99030129793216881,0.11749384535460272,0.074152111349907568,-0.11680260792625849,0.99306194930804081,-0.013605720052157501,-0.075236228610192371,0.0048126022380458305,0.99715412487950505,-28.170299363361071,-26.47241136798101,-2.3795002468382291,,0.5237249486058686,0.8653846153846154,0,3
0.72908033198673095,-0.68338025530545365,-0.037858898145253068,0.68261121387255452,0.73005942319334782,-0.032483369622553854,0.049837738768501429,-0.0021599225103493009,0.99875499224243824,5.8196555032780388,-11.096952446617065,-4.621680644101259,,0.1624974878416882,0.2352941176470588,0,4
-0.98172761916383244,-0.18239300472689762,0.054255631943675983,0.17084624069672424,-0.97038216389751475,-0.17079232426949056,0.08380002273693439,-0.15840217112234201,0.98381213062912487,22.262099109204296,13.241807817019058,-4.4628139660265127,,0.08782272675522186,0.2727272727272727,0,3
-0.36859290366556147,0.8547086155328123,0.36553037343204919,-0.92660292098172126,-0.30630969036939865,-0.21813161259649075,-0.074473473099704715,-0.41910327619786791,0.90487907793510247,-27.958374153044556,-19.999442649615407,-1.8818051226236905,,0.4102221880510788,0.6470588235294118,0,1
-0.84054473341600866,-0.54148346352516075,0.016739469985819318,0.52937694299727434,-0.82753131109053979,-0.18695449015103136,0.11508520039288686,-0.14828212263643681,0.98222594587852385,10.733594177882145,-9.9703113558771079,-5.1451455323836868,,0.226932133808843,0.4285714285714285,0,2
-0.16049096620204595,0.94262213639184855,0.29275614041655829,-0.98427766017414131,-0.13067681480352236,-0.11883205693297612,-0.073757287434191188,-0.30722480052377243,0.94877435910414265,-20.137976035103538,-6.3432334092565839,-1.3064622243113471,,0.2893849184382949,0.1724137931034483,0,2
0.97967516393584009,-0.19982998780800132,-0.0174513363367267,0.20049158667462255,0.97821166617715172,0.053898606917172256,0.0063005428318405349,-0.056301972679237006,0.99839390574684961,16.339551140724875,-9.8893500313740983,-5.8439488150792958,,0.1996321402501755,0.25,0,3
0.98054259454341541,-0.19318477247399482,0.034869241033286667,0.19185725393498726,0.98068274567782399,0.038107039275309028,-0.041557362748283581,-0.030675658329935695,0.99866510381980989,6.3592704804208289,-12.857754641105725,-4.8390479886935438,,0.1613990276163128,0.1724137931034483,0,4
0.5814050435816347,0.79345507675437066,0.17999226780768282,-0.80371687767856781,0.59450342327454508,-0.024593906754745039,-0.12652017954639219,-0.13036380206009021,0.98336052558559917,9.8827658249685886,9.418564702885492,-3.1984248543106295,,0.7400593324566047,0.1896551724137931,0,1
0.919812145868107,-0.38690792913326127,-0.06517569092322309,0.39179619215711453,0.89683751652278321,0.20537334970348992,-0.021008572647698488,-0.21444048901981602,0.97651109391765145,25.552093418500004,6.162114769769059,-5.5416311227081261,,0.7137668494136759,0.5454545454545454,0,1
0.98992355257599174,0.10292894500098072,0.097247068522979888,-0.1164905145628833,0.98240029427338504,0.14601240299523099,-0.080506646136842289,-0.15586947774517027,0.98449143512538762,12.837532912975856,-14.133064385598143,-5.7611421620485519,,0.4321855698361191,0.375,0,2
0.93419236465767419,-0.3531111775238871,0.050961967416843577,0.35620624277853369,0.93117723975335087,-0.077627706206801775,-0.020043413404454487,0.090672181362439319,0.99567907334947714,11.369211419746676,-7.3553007868151932,-4.9923370391659629,0.6376305614820945,0.4587209853268096,0.7777777777777778,1,2
0.76719184910790805,0.62127850247251004,0.15946689006782708,-0.62998287772294503,0.77659123056943369,0.005256841120870737,-0.12057462601354393,-0.10449441596644544,0.98718928103658299,-20.334941014452774,-11.405027857580613,-1.804083971261055,,0.3112654810023244,0.3333333333333333,0,1
-0.31576222972157547,0.92018826097316131,0.23140392963052289,-0.94540418724928899,-0.28438875161992638,-0.15916645589938522,-0.080654429591746957,-0.26902899903030691,0.95974906130091142,-22.325465852910266,-4.5139814047392672,-0.9403952001081245,,0.1089474177958847,0.3888888888888889,0,3
0.75744777770110294,0.62505815587234381,0.18861380074937573,-0.6415568140332526,0.76616475668354322,0.037368703262885682,-0.1211516340094636,-0.14931131033351691,0.98134011136981691,26.250344786237029,4.5919146946244371,-5.7638874450163327,,0.4508790176407067,0.3076923076923077,0,1
0.69834726403015746,-0.71573553865624062,0.0058084013337884374,0.71516029315319751,0.69740816567988706,-0.046557550838160856,0.029272067207936379,0.036667276248398169,0.99889872206039854,19.688024211043579,-0.15328896938345618,-5.3281972313492485,,0.122321232355046,0.3809523809523809,0,2
-0.43893478244123796,0.87158583898994302,0.21834464050088528,-0.89606576632850121,-0.4066706945968151,-0.17800305775536648,-0.066350577822499424,-0.2737828910438736,0.95950014559367292,11.588795702158279,-16.708844312479613,-5.7978637864607521,,0.1780149935794037,0.4,0,1
0.96889202378225314,0.2311521482423117,0.088413407434019251,-0.22993130335783382,0.97291352587973523,-0.023892821022834205,-0.091541476868670452,0.0028205537090697668,0.99579726977406224,-27.339873206342322,-16.580819644733289,-1.6152542980904514,,0.1056555990456305,0.3888888888888889,0,2
0.68508680021797475,0.69790143259573945,0.20878138458184017,-0.7113447223939432,0.70268897518817863,-0.014727188165795033,-0.15698650288919774,-0.13842613383967972,0.97785144238826893,-17.894850587451128,-12.162338905393328,-2.0780363205227723,,0.2932012458906268,0.3076923076923077,0,2
0.66352454712080611,0.74243141616666863,0.092362154895195558,-0.73763056620742862,0.66982051810948495,-0.085097716279873462,-0.12504528445582419,-0.011664724955863433,0.9920824618080224,-16.864762875757236,-21.453255695440777,-3.105251862831707,,0.1299654326615624,0.4444444444444444,0,1
-0.89354848223327776,-0.44867606983511432,-0.01615222139276078,0.4357009319608276,-0.85790431106387277,-0.2723323171173182,0.10833193336718078,-0.25037966653731492,0.96206767682819017,23.689789475015502,-2.0628788505076425,-6.031023147003916,,0.2901712066460776,0.3125,0,1
0.9851009808808695,0.16060416692875706,0.061500886438071438,-0.16534970768945037,0.98282350525294648,0.081959939539536841,-0.047281408973950174,-0.090907970428511745,0.99473625111282971,17.848381660145506,-8.7435442163174226,-5.9264163918757919,,0.2506502939942172,0.2142857142857143,0,3
-0.91978721240929839,-0.39223752270896528,-0.011883167400380474,0.38074094361428501,-0.88467722571035845,-0.26904003450253822,0.095014829074389823,-0.25198399173073849,0.96305568383526341,14.818488773152136,-3.2007253508649129,-5.0160066063337432,,0.2895862193350775,0.1111111111111111,0,3
-0.81678984367423213,-0.57434377505228928,-0.05462215053719352,0.5681523063269972,-0.78428514054805454,-0.24919826470268952,0.10028613107472262,-0.23457631247464672,0.96691087776478113,-3.8824231560343185,5.0048217456811344,-2.0007723599635296,,0.4341631656409327,0.4439461883408072,0,3
0.89890944828615649,-0.43594408675936741,-0.043755651079821822,0.43789088569942947,0.89058868313447492,0.12289576760072383,-0.014607395498418874,-0.12963236745636872,0.99145452407279366,-26.320531910675246,-13.411875887454165,-1.3882980570689647,,0.4624553800508466,0.32,0,1
-0.97935803583968839,0.18794864146084919,0.074385118197458869,-0.19649530311997335,-0.97154136607972807,-0.13227611215834464,0.047407103771677388,-0.14416199973973134,0.9884178692956862,-22.006462480003911,-5.5767077444775586,-1.0656174970680954,,0.08380560179330797,0.4736842105263158,0,3
-0.66919276854545096,0.73438955416272855,0.11337116592476859,-0.74216689966019034,-0.65294043992254824,-0.15118556466319283,-0.037004480475391975,-0.18531261330631596,0.98198263924283713,13.935093584823106,11.028773198914948,-3.5678800011986098,0.3164759142363054,0.2569306496061507,0.5416666666666666,1,3
0.42199805097932203,-0.87579594424930629,-0.23430558893487552,0.9036592554876528,0.4271281477470133,0.031007988869106145,0.072921841317635711,-0.22481772492103683,0.97166835680708163,17.170843655527129,-14.60259324238789,-6.3150287144873731,,0.2494373086457978,0.2941176470588235,0,2
-0.15391228243808913,0.92520509365260384,0.34685233744920002,-0.98347298946420747,-0.1095697164759986,-0.14413658878197269,-0.095351393849445673,-0.36330429657608648,0.92677834447095397,-32.740612942713291,-12.962034202897074,-0.72834200020230444,,0.4048874755659521,0.2941176470588235,0,1
0.29681961017291408,0.91845366152138042,0.26142109833517435,-0.94705633436293635,0.31821588065497719,-0.042696051831700228,-0.12240269016585059,-0.23490748165383524,0.96428007160949647,2.980781332429844,-17.856424144549798,-4.9225225094328486,,0.5836873256969196,0.2083333333333333,0,1
-0.90487958561599635,0.40308632266313082,0.13680040941947932,-0.42566694338922489,-0.85745444286382577,-0.28910124821377164,0.00076735982251268482,-0.31983322981672918,0.94747354383323124,7.6519215751201157,6.0897011274006259,-3.2368200454433249,,0.4895922092298604,0.2790697674418605,0,2
0.84562659679137486,-0.52260297328420691,-0.10863604886750687,0.53377455573779664,0.82769122676008688,0.17323959360175051,-0.00061842214930707406,-0.20448316668833233,0.97886988517123996,11.0614837515575,31.524958847190472,-1.6476793345585619,,0.6176732788951091,0.3571428571428572,0,1
0.79761050894975583,-0.60317280810797047,0.00019892726632657424,0.60308748920224808,0.79749205204013207,-0.017085294862769437,0.010146742365899792,0.013747381276632949,0.99985401590801992,6.5818137894953352,-20.567369994225082,-5.6008772640169591,,0.7472879025895796,0.4857142857142857,0,1
-0.38394658024741168,0.91259586593895081,0.14054824434142132,-0.92275061094767274,-0.37371622866378118,-0.094167353307919699,-0.033411577514628463,-0.1658462116071947,0.98558546082190523,21.34625409390306,-19.217617850050971,-7.2492996777882102,,0.2870687263778026,0.8064516129032258,0,2
0.95715454231142438,0.26959384414553117,0.10570875711805068,-0.27347128395929288,0.96158546997514838,0.023808418308016503,-0.095229401879166495,-0.051696645263582856,0.99411207511337862,1.730224861239507,1.4874541678063455,-2.9644255219591109,,0.1804989495908086,0.3264604810996564,0,1
-0.94334448398542325,0.29115454805530838,0.15915468475977756,-0.32781237185596163,-0.89203860959642201,-0.31113689567045966,0.051383201461604557,-0.34568214899816679,0.93694376483947239,23.999076109882601,-28.285496655479683,-8.3879258468998348,,0.2730855005536189,0.2857142857142857,0,2
0.97604258310483405,0.20621987713390597,0.069384711867394394,-0.20953245291613665,0.97679481241780974,0.044362660071332743,-0.058626164303931756,-0.057838194201879724,0.99660308857161173,15.097842555161309,-5.2740984804074138,-5.2359097654795494,1.222212147770381,0.5916649431724104,0.7868852459016393,1,2
-0.4508282170058589,0.85119559219581553,0.26873775800533173,-0.89024774540505869,-0.40688029637367146,-0.20471291171805014,-0.06490662949597005,-0.33153354015738329,0.94120807540000651,17.2953393914221,-9.7973663650635121,-5.9748325011095282,,0.324654231291743,0.4090909090909091,0,1
-0.3837246600242063,0.91485418727393486,0.12568691784213568,-0.92060612207152326,-0.3683151558107004,-0.12972399163058471,-0.072386140204736396,-0.16548644061519971,0.98355197355237534,16.170754673996932,-6.447578293705936,-5.4757936176265494,,0.07995644914027036,0.3333333333333333,0,2
0.69857744476862871,-0.70545061369448636,-0.11970373970183877,0.71494652752875187,0.69494697157796359,0.076812560621271245,0.029000283362628995,-0.1392412953569783,0.98983374625853071,-20.150809602342765,3.6889722680995263,-0.35293737061191444,,0.2082379711973099,0.1666666666666667,0,1
0.96383332809302014,-0.26047577182039972,0.056370985016224257,0.2638110565163318,0.96250356348232835,-0.063171328492885509,-0.037802673409020437,0.075757920895351702,0.99640940145341061,14.825817793016933,-17.166974631066999,-6.2535707267394383,,0.07906644872083349,0.4444444444444444,0,2
-0.91915724178723912,0.34300253930274699,0.19364716084141709,-0.39334138338524161,-0.82524885113803093,-0.40527384545754269,0.020797138905594759,-0.44867983209325024,0.89345055111411387,26.774317208066964,7.2736118682151893,-5.6554104651762591,,0.7809465020871369,0.2857142857142857,0,1
0.85322584131221435,0.50073701553768279,0.14583588374428658,-0.50979666133666357,0.85975049645975199,0.030601436685231832,-0.11005920137386871,-0.10045658319703854,0.98883539938926202,15.170788594685037,-20.313663413494762,-6.594993530828452,,0.2007300189459701,0.2222222222222222,0,2
-0.067448488392518241,0.9742337592943221,0.21521915264403718,-0.99246823620621538,-0.043404412272057352,-0.11455503968416923,-0.1022619261274138,-0.22132473708686592,0.96982362273670208,-3.0926416648239945,22.901957276408559,-0.42918163704462731,,0.4521320569091111,0.2,0,1
