axis_00,axis_01,axis_02,axis_10,axis_11,axis_12,axis_20,axis_21,axis_22,location_x,location_y,location_z,dbh,dbh_approximation,score,reconstructed,number_clusters
0.810208867620753,-0.5823495464705832,-0.0665627264631217,0.5861412650514668,0.804985226612145,0.09185424508459303,9.073347942770885e-05,-0.1134362845905161,0.9935452687752763,4.161537787902773,-23.18008040796306,-2.33238232,,0.2637805846242514,0.7142857142857143,False,5
-0.8177036931165023,0.5755472649711822,0.01029640946269843,-0.5756387601955976,-0.8175462508807758,-0.01606690484384121,-0.0008294721856626271,-0.01906497980533432,0.9998179026807401,10.34370866230199,-0.9379309542694045,-2.95769503,0.5069944262247845,0.39915698049125,0.8433734939759037,True,5
0.8590640267912381,0.5118413276966736,0.005239573926550606,-0.5096983771486558,0.8544362083472858,0.1007289938257191,0.04708038025814888,-0.08920325737786518,0.9949001038636637,-7.918641864045583,23.71330017791345,-1.87024395,0.7362729439441144,0.5027478278740525,0.9166666666666666,True,5
0.9995683634113085,-0.02324946736507515,-0.01795965296097384,0.02578248092811259,0.987280158178543,0.1568857958648328,0.01408369782513875,-0.1572811226250334,0.987453440887913,-1.879748096933554,-9.655659447394584,-1.90689908,0.121847873144208,0.1800572212268907,0.1237113402061856,True,5
-0.8838228472167596,0.4667263382637171,0.03199531072832904,-0.4678156869845816,-0.8813942613813509,-0.06551823421892757,-0.002378602279442262,-0.0728744205806455,0.9973382881832177,23.34836278843557,6.110488865952192,-4.38039027,0.5678275018148066,0.5777708629535215,1.0,True,5
0.7734588340776943,-0.6257913757705877,-0.1007302635672647,0.6326581495506485,0.7719246047363968,0.06225809513395408,0.03879558988242062,-0.111881895826421,0.9929639185750722,-1.189620752424446,-12.2152789569559,-1.95263226,0.1072172731852053,0.1538725517512137,0.3260869565217391,True,5
0.1175339130779481,0.9898904081755627,0.0793899179909159,-0.9930134223755239,0.1163064062659012,0.01992894486823586,0.01049391531485823,-0.08117758104014997,0.9966444090435842,-8.554292647511375,16.83682728053529,-1.79217412,0.2548703863329306,0.2222633673000678,0.4615384615384616,True,5
-0.9924072307601791,0.1229954703189947,5.114609165905941e-05,-0.1226237773003635,-0.9893756947575136,-0.07809701571557381,-0.009554976478477637,-0.07751031482388016,0.9969457625770819,-1.031533207373798,-14.71149667777294,-1.97561189,0.1780678472902867,0.1648939147125325,0.5964912280701754,True,5
0.4204192023860261,0.9060876280556426,0.04746477166907675,-0.907162569732814,0.4187612103358234,0.04117184467368547,0.01742889385059893,-0.0603676983375731,0.9980240351096604,-1.510439500287816,16.81171320015616,-2.11839401,0.1785272065425452,0.1463619657596099,0.28,True,5
-0.7626591998394017,0.645204296569338,0.04541322041863687,-0.6467590134216612,-0.7599325195883067,-0.06484862550593995,-0.007329628787694593,-0.07882881047330309,0.9968612216257593,-15.73710098021132,-5.473125992589331,-1.41108823,0.4061926965539179,0.3674408216095088,0.7184466019417476,True,4
-0.9188001237643263,0.3873322064486162,0.07602693219054713,-0.3937175176453033,-0.9130390775979685,-0.1065183508991367,0.02815757215882985,-0.1278022090055487,0.9913998923257068,-11.71606980204291,-21.54861190135296,-1.43024390,,0.2832401102772115,0.631578947368421,False,2
0.2210591875648208,0.9750157176552631,0.02184458556197739,-0.9751594315480917,0.2206585591399561,0.01933606322604143,0.01403277078785091,-0.02557636806647222,0.9995743747918635,-8.219471261693684,3.903756889288047,-1.67194901,0.1457928012588418,0.1318486380409296,0.6161616161616161,True,4
-0.03185971122120123,-0.9858244774029289,-0.1647272246902257,0.9993954319909565,-0.03371610161167343,0.008484987196263087,-0.01391866791439121,-0.1643573066381709,0.9863026647222115,0.06407506088402215,-15.88553467348558,-2.05026465,,0.394701557219571,0.1,False,2
-0.245018797336988,-0.9671898138881064,-0.06715394897270022,0.9694911827053594,-0.2449418078700956,-0.009505651681729928,-0.007255040186051806,-0.06743422475584022,0.9976973437488343,-11.487999932457,4.246401940308772,-1.56400632,,0.1648208582118159,0.4343434343434344,False,6
0.8180028656245619,-0.5650630220820106,-0.1075876057245981,0.575051528181456,0.8077871168559896,0.1295982784517631,0.01367668695913299,-0.1678801802388662,0.985712530769894,22.3057881247945,-3.569243149303077,-4.28444055,,0.4815113469622605,0.3076923076923077,False,4
0.04864817349347789,0.9632220617914545,0.2642661818961483,-0.9987337906118829,0.04351662983256215,0.02524120476592372,0.01281291168189411,-0.2651595040843067,0.9641194255319185,18.85320103676895,-18.21797852006955,-3.79514865,,0.3058683220686277,0.4545454545454545,False,1
-0.9817337785700831,0.1890352405438935,0.02155146971830877,-0.1902552829800619,-0.9746122832032933,-0.1180416228600738,-0.001309699462998085,-0.119985729408858,0.9927747526128677,-15.32164005353525,-18.29684545940717,-1.37463681,,0.181472824771244,0.303030303030303,False,3
-0.96331107153374,-0.2678214239908696,-0.01742022709443514,0.2680579499084782,-0.9633147699988364,-0.01302264922946091,-0.01329341759603548,-0.01721449254531443,0.9997634451684188,-11.3909580611417,3.144009284356883,-1.55021311,,0.0802852253071374,0.4879725085910653,False,5
-0.9993046819818436,0.03051813749357016,-0.02141952037492317,-0.02536064860120272,-0.977476217726504,-0.2095163031403903,-0.02733111910797865,-0.2088274097502844,0.9775705206609362,1.521087959557065,12.83664145930413,-2.25784735,,0.423995538067463,0.3157894736842105,False,5
0.09466465908483489,0.9949734527314034,0.0326562502455694,-0.995414885145181,0.09415316797380541,0.01686378936958001,0.01370433332042046,-0.03410292245901549,0.999324362721132,-8.388332212795206,5.515871883146332,-1.69011354,,0.08616094626246752,0.1359223300970874,False,5
0.6547039745116084,-0.7539505642944436,-0.05404861107181887,0.7558743382568548,0.6534050753423792,0.04142212309359212,0.004085403708845099,-0.0679731867496971,0.9976787836571578,-3.369754650300706,-12.13599704197745,-1.80374476,,0.09804417893775941,0.2926829268292683,False,5
0.005224547486979063,0.9976758699952392,0.06793793147277982,-0.9999271602034228,0.004472970227572799,0.0112101215364719,0.01088018341185134,-0.06799155069997351,0.99762656873318,-26.958510424677,16.4070167137742,-1.60070085,0.2099245980702686,0.1959850257234874,0.48,True,5
-0.9101172091112576,-0.4113306447112007,-0.04993762510377114,0.4141429142848301,-0.906847875211784,-0.0781829762259119,-0.01312677520203269,-0.09183698571567779,0.995687529211577,-23.12543209267398,10.62212980613282,-1.53007364,0.5983877957464357,0.4782722445418774,0.89,True,5
-0.9871025608015171,0.1600394461944819,0.003988749284084412,-0.1597938830582503,-0.9834635491989286,-0.08523709482503987,-0.009718507923235621,-0.08477513231372824,0.9963527124191194,-14.94553924307672,-15.81177283100982,-1.39320631,,0.1066997330955058,0.2666666666666667,False,1
-0.5736122965316495,-0.813454856928016,-0.09622956410536655,0.8189542261653765,-0.5719324794656104,-0.04698100018293351,-0.01681989041453393,-0.1057564876144283,0.9942497958832593,-5.221798603985064,-0.201268399371088,-1.74633011,,0.7216044823214003,0.448539176626826,True,1
0.1345654280625539,0.9556735217381237,0.2618783408741412,-0.9907407675597089,0.1249523057555456,0.05310040283811593,0.01802434646635464,-0.266599026883115,0.9636389789747175,-14.99186137448834,-14.30508390826026,-1.39945224,,0.4208427425555124,0.3,False,2
-0.4607354998100132,-0.8491845358453064,-0.2580860772998247,0.8868188926382139,-0.4521680909812005,-0.09537436321334444,-0.0357078545246227,-0.2728179641805327,0.9614027811201922,-2.041064139275136,-17.09018655433326,-1.91114976,,0.3259021676738265,0.3333333333333333,False,4
-0.7098449487482579,0.6966957221518069,0.1036109042135817,-0.7043579100339619,-0.7020626746783726,-0.1048233532951467,-0.0002886332843044413,-0.1473874877960213,0.9890787861095827,-9.946492173616434,7.44200684903052,-1.66444211,,0.09505185682027076,0.3529411764705883,False,5
0.5401367837182013,0.8411794135663972,0.02587371381634751,-0.8414120825867457,0.539166434393572,0.03640416597531499,0.01667219696360948,-0.04143368455031659,0.9990021459601539,-5.434463912586523,-15.78739678646639,-1.69570751,,0.09043195429680802,0.525,False,2
-0.9836205878452303,0.1798535102402458,0.01196887719317945,-0.1797307567066768,-0.9735724929367543,-0.1409022927086654,-0.01368920233793451,-0.1407455713376976,0.9899511553042282,-24.08250664150717,-13.53247025797859,-1.43239465,,0.655691076503743,0.52,False,3
-0.9999286293028337,-0.004601201859667576,0.01102566288269206,0.001691901432198569,-0.9680985160372504,-0.2505641648680371,0.01182682417641802,-0.2505276275940835,0.9680372069512515,-15.43331686016188,-11.96017566716688,-1.39465073,,0.5086507948886297,0.2542372881355932,False,4
-0.9822334438059205,-0.1862766463349795,-0.02276999998585973,0.1873464352263599,-0.9803772999763161,-0.06133239681542699,-0.01089839791613403,-0.06450860966834318,0.997857637241666,-2.462652171002048,18.29031183208119,-2.07745193,0.2550360453402691,0.2080737625418664,0.7,True,5
0.5598209324539466,0.8207791952364353,0.1136751347191841,-0.8285054533286874,0.5522389826634613,0.092794503239431,0.01338795693977085,-0.1461287743528162,0.9891749814441951,-14.50397069230166,-8.147135128177524,-1.41778351,0.5166220395632609,0.3443599978909979,0.3333333333333333,True,4
-0.9851585793201962,-0.1687523241012346,-0.03138832111224645,0.1707103900332678,-0.9823374174583066,-0.07662350159079691,-0.01790352832553462,-0.08084461250928932,0.9965659096626377,-17.54295515479527,-18.09840335859332,-1.35385990,0.4967406477329355,0.5218467656440856,0.945054945054945,True,5
-0.5775931597989952,-0.8131110985337424,-0.07236354879815735,0.8163217153280921,-0.5755599422184415,-0.04847277583660475,-0.002235807955507304,-0.08706948004183285,0.9961997323870506,-22.36590909716909,18.40473431624176,-1.57454804,,0.1793840351370269,0.2307692307692308,False,2
0.6704687228640683,-0.7319622196475787,-0.121255930451317,0.7418520784348674,0.6638618525409723,0.09456708974445124,0.0112776497060303,-0.1533582399137973,0.9881063024126756,-20.58873706463174,2.570339194475963,-1.45334802,,0.2115908926581639,0.1666666666666667,False,2
0.6995602979064904,0.6987080272067911,0.14974138475978,-0.714326344524783,0.6782795847743776,0.1722633983066597,0.01879529491238009,-0.227472850237324,0.973603019353404,-26.53355106522292,6.655021775323178,-1.55070351,,0.6904052414958062,0.391304347826087,False,4
-0.8967496085057899,-0.4416744775890309,-0.02763685023967834,0.4425079029094255,-0.8956695938142772,-0.04430276040238293,-0.005186087872004252,-0.05195800768914461,0.9986358044500306,8.622068853042492,-5.491357035048765,-2.74916979,0.772267794459354,0.6203008445935506,0.9193548387096774,True,5
-0.9395749743595038,0.3407397140574858,0.03309554080782019,-0.3422732472234971,-0.933028810340962,-0.1109335986471773,-0.006920389614895852,-0.1155581513254394,0.9932766089412487,-17.86107143603715,17.47256829356795,-1.58530797,,0.423086486929346,0.375,False,1
-0.3490860492447512,0.9212615199149549,0.1715113469910331,-0.9370618917822541,-0.3446132796982361,-0.05618450342477401,0.007344466771267812,-0.1803299736028726,0.9835787510048358,-6.993346242949372,2.006245536501979,-1.69285274,,0.09128911863663662,0.1607717041800643,False,5
0.992390380308262,0.1230938138775113,0.00304073292345911,-0.1230652279753438,0.9907455648226693,0.05725535300377149,0.004035187108410105,-0.05719387003253422,0.9983549361302831,7.075931538248881,-3.693082320523871,-2.60620034,0.2767103866393691,0.2398790109412727,0.6567164179104478,True,5
0.2755272004631906,0.9483592612544367,0.1571606611014847,-0.9609639688273013,0.2674479597659562,0.07085082520837942,0.02515973808682499,-0.1705470621557768,0.9850282671930972,-20.08527871022011,11.03080040780745,-1.51806787,,0.2328315975928386,0.2571428571428571,False,5
0.4252553881860284,-0.9037045308245667,-0.04975917790620434,0.9049765985231188,0.4237627473753864,0.03798012720346422,-0.0132367270983902,-0.06118214530412744,0.9980388440094449,8.673730873364718,-20.20254267551937,-2.74411529,0.2512011703331556,0.233546504612955,0.7115384615384616,True,5
0.468993799925283,-0.8811760853906243,-0.05977894418019877,0.8831856586675447,0.4675050761281384,0.03771068970993546,-0.005282798086157853,-0.07048198585510515,0.9974990635155013,18.48918050630232,-4.440719913274563,-3.79862225,,0.1237516363047691,0.4375,True,5
-0.2515528938250829,-0.9626146159600566,-0.100470108730403,0.9678113674345016,-0.2510320933537846,-0.01800125470561614,-0.007892950828829574,-0.1017643810303445,0.9947772173108531,-25.59640170146309,0.3044905316164375,-1.52524424,0.5560861181516288,0.4272717075138889,0.9074074074074074,True,5
0.9746309324239071,-0.222400636080444,-0.02514960503705178,0.2234894417041113,0.9731235748560673,0.0555245666901846,0.01212497460988592,-0.05973663139449764,0.9981405311179122,13.60047634276464,-2.379035912972256,-3.28878087,0.1398729760304099,0.1103619240922666,0.5897435897435898,True,5
-0.9726287241116777,0.2322295180467779,0.007925653326509423,-0.2321486030607628,-0.9696879085928816,-0.07623900593331516,-0.01001953740584411,-0.07599217641655596,0.9970580715252491,21.91613814862524,-16.01154224997475,-4.16936797,0.6962387887912206,0.6261542487721672,0.9619047619047619,True,5
0.3631291107125812,-0.9295569981035728,-0.06372626012693974,0.9315904649375931,0.3610005797413783,0.04263551411381961,-0.01662692366166951,-0.07484897262531477,0.9970562555375128,9.34856062745206,-22.32856161883535,-2.81936963,0.2204256162904383,0.1431489821253013,0.2105263157894737,True,4
0.3408997544514705,0.9399220326833901,0.01827374869183263,-0.9399883071199532,0.3404958153563118,0.02201322790064586,0.0144685829538559,-0.0246814140835856,0.9995906601735246,-7.968061454614315,2.523380442304415,-1.66746179,0.2007825027915558,0.1798495768660467,0.7956867196367764,True,5
0.6887830232175278,-0.7064153246646911,-0.1629580805182762,0.7211798919191347,0.6905974938850147,0.05454048891641333,0.0740102048289749,-0.1550886537391294,0.9851243571562714,-4.839755365832104,3.016419671276651,-1.79536014,0.6841542560840117,0.4175367537029732,0.822866344605475,True,5
-0.5095293537684463,0.8462378299353226,0.1557606267150552,-0.8604414250049468,-0.5020545954812351,-0.08707317205448957,0.004515726272354456,-0.1783892326978584,0.9839496378746747,-1.576204816700681,-29.90761776743997,-1.76126096,,0.2964470540896808,0.3333333333333333,False,1
-0.6815801931686878,-0.7094886847012024,-0.1790928434111601,0.7307669251560401,-0.6726091612136663,-0.1165187424813552,-0.03779075784001606,-0.2102919935052401,0.9769079465791398,-9.185493499182598,15.72211415233983,-1.75921172,,0.1261799405985296,0.2142857142857143,False,3
-0.2555075079505156,-0.9471799120536916,-0.1938198327903501,0.9666927526571423,-0.2533736778566279,-0.03615109029563765,-0.01486725734878053,-0.196601102670783,0.9803708334541363,8.35953093281347,6.479871924621534,-2.78064637,,0.6401184457515607,0.4347826086956522,False,1
-0.9579444357883078,0.2842130029890847,0.03956547578569788,-0.2869493268620095,-0.9480142187044229,-0.1375831564824823,-0.001594288449956318,-0.143150305854267,0.9896996757492494,23.46495836075462,-2.995882130174977,-4.41173581,0.4968333618349591,0.6065628997634256,0.1428571428571428,True,5
-0.7396641128303938,-0.6577316572295248,-0.1424291657945449,0.6728579845389774,-0.7267490424735754,-0.1381953758484231,-0.01261478628325525,-0.198052761510272,0.9801101830024946,-2.508806305929681,-10.7239103389683,-1.87298594,,0.2331006050708876,0.1212121212121212,False,5
-0.07993122646017094,0.9807144879473142,0.1783538397871264,-0.994918437402962,-0.08948249782754189,0.04615393264060808,0.06122337749767404,-0.173758383143902,0.982883371685062,-26.62959793193642,-0.4821607284783056,-1.55008358,,0.5312742774213373,0.125,False,4
0.1911238754644363,0.9716327690424117,0.1392890029773723,-0.9803701505278243,0.1819569148565742,0.07593450526558222,0.04843585636185242,-0.1510676777436297,0.9873360747788167,19.55338930900137,21.62148118163253,-3.99733606,0.4567069637242764,0.5005475319689923,0.2380952380952381,True,5
-0.4759439333555261,-0.8765243382219413,-0.07198928258190321,0.8789807083439183,-0.4768255485926968,-0.005505503473413769,-0.02950062137129811,-0.06589750157525093,0.9973902108126216,-19.43839999123094,-11.70609140634076,-1.38941637,0.3267568898715472,0.2909905990587495,0.7777777777777778,True,4
-0.3056152661413858,0.9345019950771577,0.1824974802514866,-0.9517784218610443,-0.2944397610696059,-0.08615719807986182,-0.0267795590148359,-0.2000281187685502,0.9794241200424285,-0.9431852053968441,-16.39512507693502,-1.97819237,,0.4213385437369188,0.3846153846153846,False,3
-0.3513820624624215,-0.9008185932638955,-0.2550617733211153,0.9362155613197035,-0.3397067911057449,-0.08999843787238951,-0.005573950348502995,-0.2704166379990233,0.9627272578310111,-30.82667384884633,2.529528672432036,-1.67732075,,0.6967840931235244,0.125,False,2
0.1702431539826882,0.9833765503733024,0.06314925730306849,-0.9851653467319254,0.1684477372365026,0.03278108324118907,0.02159879905435303,-0.06779321496879014,0.9974655742849492,19.98020825706681,7.968145752104675,-3.97521410,0.8089857669247998,0.7418058843068002,0.9647058823529412,True,5
-0.9529760494322477,-0.3003275230228424,-0.04049726069097874,0.3027383896181372,-0.9494869911246441,-0.08260702837222304,-0.01364245798696033,-0.09098259503903139,0.995759032467213,-2.695166079656872,-13.31687459287173,-1.86355621,,0.08023452794392975,0.4210526315789473,False,5
-0.4191973345725985,-0.8944753408552776,-0.1555231792661921,0.9078858622801477,-0.4137714971513542,-0.06735287088877152,-0.004105576580895318,-0.1694314396650222,0.9855334248486838,8.02859588540855,-21.01930893610336,-2.67450057,,0.2465610440662382,0.15,False,5
-0.04852381760701753,0.9750839946927298,0.2164639517769891,-0.9987389441466792,-0.04457146586319211,-0.02310640334590131,-0.01288256844026316,-0.2173121895450784,0.9760171369937656,12.03735794879287,-18.25874358774007,-3.07694845,,0.5399152423063436,0.2285714285714286,False,2
0.6021274501591336,0.7982825235226666,0.01369475823600797,-0.7982140046399873,0.6015284194668837,0.03190553823815116,0.01723184730241331,-0.03014254819943305,0.9993970633469914,-9.435888235238451,9.943426578511236,-1.69783636,0.2350532708266815,0.1167730718856977,0.3846153846153846,True,5
0.3341921891195648,0.9411991950189842,0.04959491936770284,-0.9424422200885998,0.3330998892005082,0.02910542233123804,0.01087393792255887,-0.05646715071813885,0.998345240066697,-7.07397860806384,7.04805192903072,-1.76922491,0.1499744406219259,0.1286680995908701,0.5813953488372093,True,5
0.4493345329040309,-0.8914785312035871,-0.05800436141371235,0.8933493486949285,0.4480128514562723,0.03480554720684009,-0.005041698747833464,-0.06745749278705987,0.9977094105703428,21.58028433658939,-2.115699842766077,-4.20557307,0.1297769619417124,0.1095160078802736,0.3125,True,5
-0.0562220380429725,0.9892469873610352,0.1350165931854749,-0.9983826973920474,-0.05684546190621048,0.0007635501623291472,0.00843042030241436,-0.1347553021509249,0.9908430433503276,-7.840180655996505,7.441735993616419,-1.73990394,,0.1080145180528408,0.2266666666666667,False,4
0.1723373604977192,0.9826482292010316,0.06857325881682136,-0.9847940962260738,0.1703276622801512,0.03419174608661427,0.02191853587610184,-0.07342305571316345,0.9970599945212887,11.38360611414589,8.116678220512313,-3.09023293,0.5878783107892669,0.398076653788231,0.4468085106382979,True,5
-0.9997858386517486,0.02011675837571061,-0.004857248590759945,-0.01919496134560442,-0.9891465294525763,-0.1456732533132403,-0.007735004224944793,-0.145548821033961,0.9893208328976315,-16.82558394274889,-19.71650773833008,-1.34562280,0.3765235907235587,0.3100243351753864,0.7121212121212122,True,3
0.9435282097894665,0.3312921905887745,4.22655525580714e-05,-0.3308797597718373,0.9423472175157932,0.05000306204198148,0.0165257951341846,-0.04719328442833942,0.9987490635790605,-4.885649617734146,-8.221549971536348,-1.70200288,0.4719132029127641,0.3949736776908079,0.8635394456289979,True,5
0.9131514309304676,0.4076198867648417,0.00070150086166446,-0.4071988805385043,0.9121273364439302,0.04704034225950408,0.01853472087273534,-0.04324060621129162,0.9988927440404457,4.875795304010182,12.78777890331358,-2.52762565,0.4699318968652099,0.356342243245324,0.926605504587156,True,5
0.5992369496369835,-0.7995585323676486,-0.04026451921801145,0.8005704311865014,0.5983873723384466,0.03193019473399145,-0.001436279786386643,-0.05136833600559248,0.9986787427177941,3.649663772560757,2.553726445832808,-2.33986566,0.3976696367609331,0.3518199147262172,0.9397260273972603,True,5
0.9978193078114164,-0.06100213060310428,-0.02520652734170124,0.06508073037187458,0.9729595074000371,0.2216174530449728,0.01100579361107047,-0.2227746328058004,0.974807845416332,23.71936480152988,-15.61418300530727,-4.38033518,,0.6203064050904805,0.3181818181818182,False,1
-0.6865529742115801,0.7018683488669719,0.1898047271802911,-0.7270722698107706,-0.663926853635111,-0.174834343006162,0.003305763670904587,-0.2580347919969963,0.9661299695411687,17.7472905456342,24.6532123789311,-3.85694217,,0.1448042759577422,0.5,False,2
0.9712072356046961,-0.236031515656086,-0.0323361891102656,0.2382303265077618,0.9631517038303816,0.1248403257791231,0.001678404328287792,-0.1289492885816872,0.9916497687859295,1.766781724207362,-3.890992470041056,-2.16165684,0.5249816083919797,0.2129523052064394,0.33,True,3
-0.1772976211128881,-0.9787979115376741,-0.102568035552988,0.9840554829897492,-0.177812836906099,-0.004171502033660811,-0.01415485589904006,-0.101672235152441,0.9947172445743488,-26.55588670409145,5.06821905401037,-1.55112652,,0.7681154476415377,0.125,False,1
0.8927727648309559,-0.4239160593233728,-0.1524859502506158,0.4504790555282344,0.8438116009433694,0.2916343646482313,0.0050409231773893,-0.3290549448969435,0.9442973219978911,-17.3939787877469,-28.40609832980849,-1.27619935,,0.5488928197558102,0.1176470588235294,False,1
-0.5061400840094407,-0.8585259131706571,-0.08219167703244476,0.8622924218493904,-0.5055726948479126,-0.02912094513116473,-0.0165527816402366,-0.08561253785929177,0.9961909951315873,-24.2250204084653,-14.15322931172355,-1.43114244,0.6518951078071251,0.5775428693181255,0.8809523809523809,True,1
-0.7465425514221109,-0.6641186955762801,-0.04025639206666992,0.6653345308051621,-0.7453572265517165,-0.04210186391845414,-0.002044757794937826,-0.05821480063689575,0.9983019863510073,21.52762612171915,6.387123194631499,-4.16445877,,0.1241524650730692,0.2727272727272727,False,4
-0.9963114171519727,0.07735999434445207,-0.03713477248691862,-0.06715566917922555,-0.9723193480280898,-0.223797233109173,-0.05341981046128181,-0.2204779279775131,0.9739280297460507,-14.27910223723416,15.17509299039133,-1.62015748,0.8795852469011659,0.4851757013760362,0.4166666666666667,True,4
-0.8011091652574278,0.5781174648286608,0.1549332185189164,-0.598514422482349,-0.7728712493199303,-0.2108329150186733,-0.002142760175159285,-0.2616299463645804,0.96516588198304,-4.916916840663532,15.83007063398938,-1.91511738,,0.4625804659186337,0.3541666666666667,False,1
0.1655214588460853,-0.9252105322587802,-0.3414500221978163,0.9861542089343592,0.1517212801884148,0.0669367562631886,-0.0101253574017256,-0.3478018460782145,0.9375133881721767,-3.788444251846045,-18.8041424847751,-1.78383621,,0.3216272197046922,0.2727272727272727,False,1
-0.4440443344201325,0.8591935525216323,0.2541870735789688,-0.8959865196171575,-0.4276055268581339,-0.1198401855168447,0.005725882789192888,-0.2809625468023029,0.9597016523694483,29.43309761133719,-2.971239030013265,-5.09934003,,0.1702318976131741,0.1428571428571428,False,1
-0.702918714146639,-0.6864717543562698,-0.1861768293141292,0.7110663436921547,-0.6844832746019784,-0.1608331485062219,-0.01702751217024014,-0.245436707240745,0.9692630636561546,-32.50244574584895,3.726658842462029,-1.72442155,,0.2007816431203093,0.3636363636363636,False,1
0.9787342964820573,-0.1934799591188573,-0.06815190612989783,0.2049316383763055,0.9369211804815227,0.2831637779757747,0.009066448156595722,-0.2911085828079895,0.9566470574529294,-11.59510279859751,-18.02939217028501,-1.44571204,,0.5097784492966896,0.2380952380952381,False,1
-0.9664803676490261,0.2567233745039698,0.00296781608242975,-0.2566762018216376,-0.9659149074358474,-0.03355173634280458,-0.00574685717784555,-0.03318886223560018,0.9994325755427852,-7.882048542244661,21.58352742268698,-1.86232903,,0.1640365022098443,0.5652173913043478,False,3
0.1484282952540593,0.9841918171172384,0.09662043410915687,-0.9888616728575018,0.1466193690434578,0.02559985497537757,0.01102874070036507,-0.09934398693814533,0.9949920296855633,10.4348013692549,-24.56644057800685,-2.89853507,0.8910278683449383,0.7640592749512584,0.7727272727272727,True,3
0.1879319055120026,0.9687707710860233,0.1617553460631806,-0.9820785880983749,0.1829557640262525,0.04526406089020271,0.01425642624676632,-0.1673630230933996,0.985792256416994,-13.81511675630253,-12.78120050210899,-1.41069700,,0.06866216221065591,0.2666666666666667,False,1
0.9992633658702682,0.03826575146224312,0.002908245975427138,-0.03833971335602705,0.9921452585106035,0.1190707873271444,0.001670930699171562,-0.1190945770384118,0.9928815083939481,32.78542419316375,-1.660161295512239,-5.44894143,0.3869655523222402,0.3835089613655009,0.4166666666666667,True,4
0.9609974139351909,0.2761003534138201,0.0158923017414111,-0.2765380309115332,0.9586630629488673,0.06702125929187462,0.003269230711997099,-0.06880208268839312,0.9976249723960866,-3.869466570440807,22.95798891804645,-2.05540112,,0.1165345773221479,0.25,False,4
-0.7121237089139393,-0.7002342676816882,-0.05051528052922363,0.7018504557715303,-0.7118044806210603,-0.02720880557978984,-0.01690446497087363,-0.05483020820746054,0.9983525866806656,-10.49100947127175,-21.11229159271323,-1.46761608,0.3017982589982752,0.2400318782648302,0.8431372549019608,True,3
0.8283548067102356,0.5583516228156992,0.04551680457945114,-0.5599560402089586,0.8228345822451183,0.09691482494956546,0.01665974890422394,-0.105767270743728,0.9942513450862774,-11.30583463996169,29.86616277547407,-1.79350334,,0.219717316488064,0.3,False,1
-0.7363580876853075,-0.658393088091507,-0.1558695231716782,0.6764296041063801,-0.7113320219514332,-0.1909181637115004,0.01482421630045897,-0.2460188937862595,0.9691516633175956,29.10234114530471,-4.894337921934977,-5.04876217,,0.1530910730034996,0.25,False,2
0.8398131596917469,0.5389036111736035,0.06554963518293011,-0.5425464476214301,0.8289596199110039,0.1359018054713461,0.01889997306697432,-0.1496958463720837,0.9885514375069281,22.85321112035513,7.389574007560128,-4.30062419,,0.1330192857273698,0.2142857142857143,False,4
-0.9976069024506383,-0.0655520338808365,-0.02198633750601904,0.06797690439519537,-0.9880053062719446,-0.1386530030231132,-0.01263363176958187,-0.1398157560240142,0.9900969375347771,5.674065939813431,33.20277579249094,-2.78506507,,0.1922731305327116,0.2,False,1
0.2919497821298265,0.9106558413798178,0.2923546874520137,-0.95631331726227,0.2730925798619263,0.1043325550880052,0.01517115490597603,-0.3100425477014003,0.9506016277461581,-11.33940277870096,-11.9523304545271,-1.44661746,,0.772870231746253,0.3709677419354839,False,1
0.1125938925472623,0.9523387821990988,0.2835021327619857,-0.9936402964458859,0.1082742065083531,0.03091371029041651,-0.001255643256998771,-0.2851798382153365,0.9584732042344675,-11.0064587796827,5.164582028395245,-1.59284927,,0.2848419535547506,0.25,False,2
-0.639537374370007,-0.7475782010353818,-0.179217131214121,0.7683829269424564,-0.6143102020739326,-0.1794732660070216,0.02407538924421656,-0.2524872451522771,0.9673006599130142,13.07442208480842,7.284351530497673,-3.26825182,,0.4238490092906255,0.5934065934065934,False,2
-0.9451143797694734,-0.3211411605735078,-0.0602259424041288,0.3260898908868729,-0.9386918526641408,-0.1119061607032936,-0.02059592713019434,-0.1254031926525977,0.9918920541360257,6.263417997598992,-35.26679557351031,-2.14100510,,0.3485575452944806,0.4545454545454545,False,3
0.5146838837775424,-0.8162530410281501,-0.2623575285597186,0.8573686424082307,0.4884124547776826,0.1623954587822769,-0.004417102526936986,-0.3085194435207224,0.9512077807581955,17.14119430990809,-22.39774573911498,-3.59926866,,0.3991259203817325,0.2727272727272727,False,1
-0.9937479244350611,0.1115529809348664,0.004582043818594741,-0.1111622610420595,-0.984778976414536,-0.1336163138690682,-0.01039299769206102,-0.1332902849291188,0.9910225454259298,-24.22130851853603,9.751172053342856,-1.53327241,,0.8157295724774559,0.6326530612244898,False,1
-0.8428597871548843,-0.5298826687964787,-0.09387085014181007,0.5368590134968441,-0.8399691349949067,-0.07895727884815329,-0.0370105231578855,-0.1169453272475255,0.9924484931776311,3.905636474055143,-32.07811456468659,-2.10342070,,0.4032448028089132,0.475,False,3
0.7791735172558713,0.5959588875534941,0.1942205816928689,-0.6252066218486118,0.7610690879514921,0.1728887600780654,-0.04478068784377319,-0.2561383370577036,0.9656023209818587,-20.5455608350938,-10.79612970954864,-1.39748620,,0.4433463886590864,0.2,False,2
0.441273186889757,-0.888649611054236,-0.1248192425282014,0.8973542327537264,0.4360793972043345,0.06775057411473483,-0.005775421294560565,-0.1419035873650151,0.9898636352557917,-6.090624774603896,-10.03656207869403,-1.63652042,,0.6450409126835706,0.3793103448275862,False,1
-0.4126902476513823,0.9030226830729584,0.1193180344673732,-0.910849787304729,-0.4100274541055823,-0.04722448355064986,0.00627889005889649,-0.1281698901279514,0.9917323503870479,11.30901172813469,-17.84083594892178,-3.02332622,,0.5737832949835755,0.4339622641509434,False,1
0.998678220483383,-0.04981039070103521,-0.01267820611739062,0.05016373543651641,0.9983119361842526,0.02927247374420259,0.01119873114241076,-0.02986976816548919,0.9994910631769256,-1.629717236873887,-20.40970730215847,-1.90345529,,0.06148268608312334,0.1666666666666667,False,1
0.3418519639188097,-0.880131506291845,-0.3294021347795152,0.93972412142859,0.3173667061553397,0.1272672362761747,-0.007470633849837722,-0.3530536863659113,0.9355732382733719,-9.62648823681127,16.89946407347728,-1.76033323,,0.6856902573549218,0.3333333333333333,False,1
-0.8432621022564419,-0.4930966471616999,-0.2139269114813239,0.5180287458492824,-0.8517293643911404,-0.07876108371324625,-0.143371006036324,-0.1772365266861081,0.9736693320816768,17.46811162264004,-17.891512278763,-3.66799342,,0.3341609928766179,0.5714285714285714,False,2
0.9879258961427339,0.1545040426185301,0.01144222640522068,-0.1549012274300403,0.986414094603597,0.05470688903632918,-0.002834337884558894,-0.05581876729109771,0.9984368942235953,26.21994693135741,-9.036043976433263,-4.70457889,,0.121483990002727,0.4090909090909091,False,2
0.7887162263131725,-0.6006818958315288,-0.13079745552017,0.6147320612014218,0.7725592727505077,0.1589234501836009,0.00558634776590655,-0.2057508933332944,0.9785884541579221,25.14909711259429,-8.854703281857695,-4.56173032,,0.1147066538720983,0.5,False,2
-0.4524427468893473,0.8529895569059965,0.2602006468026847,-0.891776026116359,-0.4345714934913227,-0.1260283154248981,0.005574946756557846,-0.2890612960152822,0.9572943576114029,-9.677464625995526,13.01408744270645,-1.72326135,,0.6209867690107163,0.2278481012658228,False,1
0.07953037649160381,-0.9944325051564125,-0.06912967455041492,0.9967748434583219,0.07858881510536235,0.01623913756865106,-0.01071590704243686,-0.07019822525304835,0.9974755027105081,-9.376177642605626,36.11941321263728,-1.87456179,,0.2144607889582181,0.8214285714285714,False,2
-0.01446259362315428,0.9712182326638981,0.2377519251802332,-0.9998948859412551,-0.01380406958599194,-0.004434493363462379,-0.001024916687830229,-0.2377910683858432,0.9713157866223031,5.7906467179684,-21.25764240607376,-2.49260301,,0.2454742975885641,0.2727272727272727,False,2
-0.7724345275550969,0.6090205805542629,0.1801078374254843,-0.6350929566671232,-0.7401152931955025,-0.2211024404432219,-0.001355371737725129,-0.2851723781145112,0.9584752880111039,-17.99737917290219,-9.53208260403207,-1.39753042,,0.26485318456234,0.1111111111111111,False,1
0.880162438356803,0.4723204038004062,0.04719659161028635,-0.4744139221453915,0.8720414230197404,0.1203128713493777,0.0156688410686088,-0.1282855903503068,0.9916134805094371,22.22450866833816,7.985525093314578,-4.23643261,,0.09238742641712736,0.1538461538461539,False,2
0.7201149373875083,0.678829402427668,0.1436144816899801,-0.6936460786574558,0.6992325529012949,0.1729998685729955,0.01701747673779064,-0.2241974115881673,0.9743951591231588,29.0250762779819,4.309659794979609,-5.02595825,,0.362705155031304,0.1666666666666667,False,1
-0.324387279288304,0.9102848955780689,0.2572047859553815,-0.9458406213992341,-0.3157556798048455,-0.07539144236641147,0.01258618079641241,-0.2677307594457565,0.9634115571756217,32.15716617710075,0.7408609440799694,-5.39287813,,0.5384065971084611,0.2702702702702703,False,2
0.9201698121047679,-0.3840984405291099,-0.07586768003691308,0.3914721611939743,0.9056324919831208,0.1630317038939441,0.00608801291034012,-0.1797169370080339,0.9836995266092462,-10.27536180640493,-15.55802533964766,-1.48991410,,0.4939691471139381,0.4117647058823529,False,1
0.8692203696989783,-0.4869042107593622,-0.08590831417956077,0.4944068224475677,0.8574519423575904,0.1426115719866176,0.004224075954634539,-0.1664345399609042,0.9860434580130489,-4.291314722355196,-3.91801594035536,-1.76200098,,0.5602499523643951,0.3181148748159057,False,1
0.5736026178337127,-0.778370366943462,-0.2551854397856827,0.8191264553069323,0.5437418046753706,0.1826929119168867,-0.003447757330771423,-0.313822277272777,0.9494754821777741,24.20839994414348,8.03828491601925,-4.45953662,,0.2894350772897551,0.1538461538461539,False,2
-0.9140081204798122,0.3992969921271998,0.07177093962832856,-0.40563116192744,-0.8962882123573075,-0.1792506648878533,-0.007246804147841678,-0.1929490929429664,0.9811820072556009,16.78178582291702,-1.325715951982119,-3.65088180,,0.3899461888805282,0.1971830985915493,False,2
-0.5493409886099999,0.8346877792741334,0.03899729943733313,-0.8355841093944438,-0.5490048605547202,-0.01982067644626082,0.004865630532963162,-0.04347383371304026,0.9990427175160274,25.57049043733076,-10.20078818672101,-4.59306537,0.3808430801589297,0.3349414959464257,0.7692307692307693,True,2
-0.299634907096599,0.9487231122145796,0.1007143425689441,-0.9540191709498419,-0.2988510730072122,-0.02313995727337584,0.008145177063035353,-0.1030169525482096,0.9946462504721422,26.93571626736053,5.759419384504525,-4.80579232,,0.7195567941259657,0.3170731707317073,False,1
-0.5191176809039547,-0.853552043268103,-0.04433669818274113,0.8545413374532448,-0.5193290237626467,-0.007514496746749581,-0.01661132013178245,-0.0417884494876734,0.9989883830820541,31.72950841987767,9.062729537196361,-5.31292459,,0.1315195481804691,0.4615384615384616,False,1
-0.2001630380183141,0.978473438241355,0.050244291888938,-0.9797152099060745,-0.2003943925415603,-0.0004414935963457802,0.009636684594586574,-0.04931346767406315,0.9987368603471005,31.17001961948574,5.209665177211491,-5.26146927,,0.1117680419803218,0.375,False,1
-0.1206380029733186,-0.9683940943309097,-0.2183102157564501,0.9926035469094029,-0.1206841153534076,-0.01317357067156849,-0.01358936722158093,-0.2182847277442553,0.9757905035058163,37.7159132634801,31.10091597144,-5.81529849,,0.1991438077936621,0.5,False,1
0.9607823874844466,-0.2709568494136823,-0.05898804671709951,0.2771889306340033,0.9445182398050261,0.1762146174685671,0.007968728484851336,-0.1856547344708098,0.9825827287994171,-19.7070230429195,2.165584720172433,-1.44064778,,0.3819576341246974,0.3076923076923077,False,1
0.9757889763624394,0.2186731615927304,0.004233439332713084,-0.2182515854878043,0.9722847081420498,0.08383729328401562,0.01421685765574869,-0.08273146144103824,0.9964704643120273,32.02140489600771,16.82580664696937,-5.34987396,,0.09719165546933753,0.1875,False,1
0.8999560722104999,0.4297612078716824,0.07337828221021558,-0.4356874772272665,0.8803510680409758,0.1875057844079824,0.01598406327532643,-0.2007169679119959,0.9795188658282313,29.5921485821699,-7.310551187419833,-5.07804799,,0.6648882669846877,0.1764705882352941,False,1
-0.03416353433874555,-0.9796027446529287,-0.1980184728502228,0.9993362081325031,-0.03599121067432881,0.005637008918415629,-0.01264895398187422,-0.1976944496505786,0.980182079279416,29.27961384685858,10.6796974132354,-5.03844209,,0.2994045118577213,0.1739130434782609,False,1
0.9114519878053358,-0.4100057253373328,-0.03392018744510925,0.4113663979908758,0.9094108493378313,0.06123392614113221,0.005741126171407701,-0.06976540903092997,0.9975469047483593,6.316642481816245,-30.1367864000531,-2.39726358,,0.1183978279633408,0.7777777777777778,False,1
-0.6569739489695314,0.7537389571023155,0.01621156752735866,-0.753911851840901,-0.6568626224159851,-0.01218256650376514,0.001466297788117081,-0.02022572172035728,0.9997943639327479,14.30951913264147,-19.2511358344689,-3.31643896,,0.355074323642128,0.25,False,1
0.9336947351719403,0.3532680293243123,0.05844519629119974,-0.3577374974601141,0.9132849889796472,0.1947675840981244,0.01542804015988003,-0.2027615061143559,0.9791066066650058,38.40076517342237,5.07650734154879,-5.98610561,,0.3590424469196209,0.3333333333333333,False,1
-0.7288947858083823,0.6581026358588801,0.1887148958003794,-0.6846256909714875,-0.7005626430881209,-0.2012452393752462,-0.000233416294887699,-0.2758856715833236,0.9611904294841126,-3.268684742331288,-3.795498772743599,-1.83217424,,0.7304496729644478,0.4502164502164502,False,1
