axis_00,axis_01,axis_02,axis_10,axis_11,axis_12,axis_20,axis_21,axis_22,location_x,location_y,location_z,dbh,dbh_approximation,score,reconstructed,number_clusters
0.9323144681562502,0.3579324714203447,0.05171149165758448,-0.361640325761429,0.9217441171163927,0.1400144897662,0.002450969133982592,-0.1492384952492017,0.9887981918905688,-15.84958518049018,6.314263218161329,-2.13430409,0.6485184692195767,0.3352137169327708,0.6126126126126126,True,5
0.9509075875861458,-0.3070823223282017,-0.03840842595855821,0.3094660832993234,0.942587936006051,0.1255337651121338,-0.00234588117171843,-0.1312571148904721,0.9913455838566877,-15.40487939525934,11.29288014808401,-2.19646549,,0.7791169552235776,0.7613065326633166,False,3
0.4571302158922248,0.8828906773938674,0.1074058540738303,-0.889356682223593,0.4525738986808794,0.06497351781329912,0.008755427035503135,-0.1252234722557637,0.9920899276243254,-0.2007060231630931,-19.00612246240289,-2.29960589,0.1895334671886643,0.1596308283272185,0.6666666666666666,True,6
-0.7353729868636852,-0.6774543318135173,-0.0167987647844798,0.6776035406734063,-0.7354101707171815,-0.005032143935774567,-0.008944934770392462,-0.01508340521328176,0.999846227691602,-0.09870968526604429,2.790343381298413,-2.05448438,0.3063283323992142,0.2259763700258421,0.7956989247311828,True,5
0.6163775260454968,0.7849499904092393,0.06270771836519427,-0.7872582411453011,0.612508848861634,0.07111520101218202,0.0174128439618587,-0.0932009797305347,0.9954950377789078,-10.71850953267614,-8.088891122546386,-2.15551408,,0.1240994029898934,0.2272727272727273,False,3
0.1717146765087471,-0.9823386587094841,-0.07432919666153089,0.9851398696104459,0.1715055037856047,0.009235771497812012,0.003675210934107195,-0.0748105726224452,0.9971909902563763,35.55162515242694,-5.34639706849444,-1.78146868,0.8011172436673064,0.4082046409707008,0.9354838709677419,True,5
0.9791033030204701,0.1989523575252085,0.04212696819815758,-0.2032045346124672,0.9653062794580246,0.1639869017691294,-0.008039846225986944,-0.1691205081415887,0.9855625878647154,-21.26226504968741,13.47439681622242,-2.18596719,0.3295649715210354,0.2879548163341086,0.3333333333333333,True,5
-0.5268866656070033,0.8492773629554295,0.03344252348441264,-0.8499347670389353,-0.5265316166925876,-0.01937391033220891,0.001154722479454285,-0.03863181842162501,0.9992528454907867,8.50439690864647,-16.61632012462917,-2.16014686,0.7669145394277064,0.6102897596807335,0.9568345323741008,True,5
0.9108187499053719,-0.4108340902505387,-0.04030577016789618,0.4127952386444385,0.9071632289681888,0.08157798085568281,0.003048897062238069,-0.09094078455798202,0.9958516344971685,-10.35470821853465,9.337962829840706,-2.16321303,,0.290146677688406,0.8837209302325582,True,5
0.9450132423479366,-0.3231326990349187,-0.0503510734885441,0.3269286108510268,0.9373223798166832,0.1206003304382171,0.008225277749602682,-0.1304301158061198,0.991423385691877,-2.499548274204869,-4.669735879549421,-2.07275042,0.227061196260122,0.2411865157497864,0.5639686684073107,True,5
0.9426513367984023,0.3336859750057767,0.007882088341946134,-0.3337507713531143,0.94200119618561,0.03527277995965144,0.004345095325446593,-0.03588058624555923,0.9993466383979528,10.76786598047096,-3.625307183685265,-1.94480365,0.1447965760381696,0.2300662515158582,0.7623762376237624,True,5
0.5989494012488874,0.7904954435261089,0.1279709674420769,-0.8007140899741896,0.5890436412381607,0.1090162136275874,0.01079633550822566,-0.1677633526171635,0.9857681759208117,0.7523820218435731,-3.2868822095474,-2.03820160,0.207429416200677,0.1255316644967086,0.2558139534883721,True,5
-0.9988499515989209,0.04692767947093318,0.009826855565610785,-0.047647951574627,-0.9487770179716307,-0.3123329039336115,-0.005333563684444149,-0.3124419355149592,0.9499218862780722,-12.97403896343826,-11.51429074595947,-2.20692571,,0.1695717584735019,0.4,False,1
-0.9944977937228372,-0.1047435071491218,0.00171347323021513,0.1042376982608967,-0.9910579918893241,-0.083298013022944,0.0104230773612695,-0.08266108166726471,0.9965232084783167,-3.109526359188067,-29.6274571735697,-2.69367547,0.6244520539020341,0.5853584959014644,0.9482758620689655,True,5
0.9194438463828178,0.3877065709319879,0.06562490537081395,-0.3932092208183695,0.9052114720009343,0.161179091762276,0.003085775782447747,-0.1739994419935333,0.9847409162687206,3.4500588418951,10.71270461231845,-2.17012207,,0.3646264259715184,0.4285714285714285,False,2
-0.4516546797195857,0.8877567998118078,0.08885895945428587,-0.892116703898077,-0.4506717265058023,-0.03198095611942032,0.01165490941327367,-0.0937169105134132,0.9955306644048648,-9.526672350019624,-13.21636383130232,-2.21668717,0.6300184941370746,0.4545396437874133,0.5140845070422535,True,5
0.9011827632893535,-0.4182220324287909,-0.1138418145555382,0.4334363740177887,0.8705031406029303,0.2331462885802548,0.001592742439268817,-0.259450599905969,0.9657550669708941,16.67741537337429,7.718714645689261,-2.12104645,,0.5886753559833405,0.2413793103448276,False,1
-0.8266418468178194,0.5590962792485226,0.06383265324334131,-0.5627283956019569,-0.8212862527307018,-0.09394489799244563,-9.93623378762793e-05,-0.1135792305222283,0.9935289369319377,-10.56920143262812,-4.77401789222435,-2.12295579,,0.5438462741214452,0.2611464968152866,False,1
-0.6242967008691395,0.7791039043120561,0.05701522226229747,-0.7806115706512071,-0.6249744427562774,-0.007247183379508196,0.02998674789576439,-0.04903113487562032,0.9983470051857947,6.194897051194459,27.75575896815846,-3.15698067,0.3525061302547126,0.3075535372865496,0.8157894736842105,True,5
0.07807576300481267,0.9895501674448308,0.1212214557787668,-0.9969097517064931,0.07643641171680729,0.01812241474960871,0.008667305447163392,-0.1222617727409755,0.9924600428946848,12.49792397007553,-26.1866838692109,-2.49225997,,0.1107439048972625,0.2,False,1
-0.1669213587973638,0.978335444335985,0.1224623139302538,-0.9859335013746898,-0.1666944591691641,-0.01216914743701052,0.008508280924230251,-0.1227709885852928,0.9923985557816496,-36.18222141547164,-2.135744616164033,-1.93309354,,0.4591637349692214,0.5892857142857143,True,5
-0.7092039324063748,0.702963336019836,0.05359412720810015,-0.7050032244915296,-0.7072039055586309,-0.05322677351827276,0.000485505798597236,-0.07553266958398236,0.9971432094286343,-17.42777045049172,2.494401806832798,-2.11027998,0.1497963107619508,0.1161006143710126,0.3263157894736842,True,5
-0.7384344760056553,0.6616258671044198,0.1302525877845752,-0.674324551668316,-0.724251721306271,-0.144034173730503,-0.0009610741795379316,-0.1941923174670631,0.9809630065263386,11.21512522119201,2.930136829394456,-1.99743070,0.3683089000333431,0.2355835696641973,0.425,True,2
-0.8570294555493438,-0.4974515802175374,-0.1343221413612431,0.51526055034733,-0.8287317934250241,-0.218426600537364,-0.002660371508136049,-0.2564089310176572,0.9665647327095174,20.36314840844585,-11.61213247467521,-1.92479935,,0.2996295984738457,0.303030303030303,False,3
-0.2688310066089605,-0.9560015522168469,-0.1174347565441888,0.9631755350296464,-0.2674262731416379,-0.02785816135226346,-0.004772693785236746,-0.1205994220241291,0.9926897807479833,18.63612051635261,-3.813653082216035,-1.88789262,,0.2257520140551156,0.25,False,5
-0.4803000181504014,0.8765208953539451,0.03198456772637285,-0.8770373323641477,-0.4803944341587368,-0.005167714087176651,0.01083559893609741,-0.03053371312542549,0.9994750032684513,-0.5028077928698735,-9.8910549982904,-2.10726923,0.4077890120263499,0.3744207769072248,0.9203539823008849,True,5
-0.4485239915020351,0.8937093326581527,0.01048130558674872,-0.8937634059520388,-0.4485371189757207,-0.00119460536253883,0.003633624649639974,-0.009903616545512322,0.9999443560274872,-6.234636429890543,5.56634552098788,-2.10786271,0.4787909383877937,0.3330271802182984,0.9417693169092946,True,5
-0.7032199577681071,-0.7107988582735986,-0.01570586112156525,0.710899315064762,-0.7032927678290972,-0.001202730119059626,-0.01019091934388618,-0.01201106973735455,0.9998759319869093,11.16805877889129,-8.585648270967141,-1.97149440,,0.2138329918716511,0.8450704225352113,True,5
0.6269585053137173,-0.7748568566727342,-0.08074580039878923,0.779052079971645,0.6237068596014821,0.06377781728714498,0.0009430305641717885,-0.1028912287481717,0.9946921663208413,-19.04362944894694,2.10996727190772,-2.10344648,0.7335377715341198,0.5402273694346557,0.9336099585062241,True,5
0.996245587939057,0.08566172583245507,0.01252187044200031,-0.08642356538120657,0.9756087097600438,0.2017885348257949,0.005069108280677703,-0.2021131222057243,0.9793490644165087,-4.308833629124138,0.1706843010690875,-2.07675628,,0.3601258040176378,0.2747826086956522,False,3
-0.998547725901458,0.05354746803707857,-0.005925180490447415,-0.05340580099246871,-0.9983321385239226,-0.02192627671547817,-0.007089394711762793,-0.02157799474160952,0.9997420320390413,-11.6182839798646,-16.16062195766131,-2.26654811,,0.09273115022578048,0.4571428571428571,False,3
-0.8336487284829935,-0.5416013745294809,-0.1081561306929286,0.5519805668273714,-0.8236493842954052,-0.1300736160592686,-0.01863468120528421,-0.1681357869627323,0.9855876956409313,-17.89362394019759,-24.06213044535932,-2.41061465,,0.5346722882624372,0.5,False,3
0.6325833417449462,0.763109759509657,0.1322944091332261,-0.773240878580802,0.612572950490656,0.1638686181633346,0.04400976526164378,-0.2059560032343927,0.9775711049807729,-2.049165838700674,-28.6601962592014,-2.64700749,0.4879055165581894,0.3072653750586376,0.3333333333333333,True,5
-0.3768219819517444,0.9040677147254848,0.2016600136591301,-0.9262811082638732,-0.3670963381769348,-0.08510926489247858,-0.002915886042331725,-0.2188649028239264,0.9757508144605688,2.255533134700045,13.06573094075733,-2.22642459,0.7707980506252422,0.5313979934415614,0.2372881355932203,True,4
0.8490364079128145,0.5283319161530026,0.001601378344181674,-0.528228234925118,0.8488012490258557,0.02261352427291076,0.01058819467137501,-0.0200455986751158,0.9997429990289293,0.9108681836722212,-15.11086364604853,-2.19404673,,0.07446528703583928,0.3103448275862069,False,3
-0.038332333776071,-0.9907507530154838,-0.1301674981957189,0.9992211010794183,-0.03922569780263731,0.004305321071844586,-0.009371411041854072,-0.1299010778675403,0.9914826708641643,-3.976862809925819,-28.86560525740711,-2.66403464,0.3132033525888948,0.2568714046941116,0.5,True,5
-0.6103748198278642,0.7837875971449815,0.114540743326544,-0.7921080728667007,-0.6044521360377431,-0.08486704978264492,0.002716655941157605,-0.1425293576815125,0.9897868467399391,-22.77293908124244,10.79547496251061,-2.13133519,,0.09676736569713577,0.1875,False,3
0.1159590520029648,-0.9864100591025923,-0.1163988554917763,0.9932388630391705,0.1145114214561051,0.01907079717156754,-0.005482627766912419,-0.1178232984486684,0.9930194414690211,-10.11479434995846,-18.40206951786342,-2.30968668,,0.4241193196032948,0.7611940298507462,False,4
0.4045795671456635,-0.8932345667430576,-0.1960800413697693,0.9138509808443703,0.4029826497418086,0.04981333974803756,0.03452185768481001,-0.1993413975631093,0.9793218309419928,-12.2715335814874,-10.40865645649859,-2.19243027,,0.2340785423070041,0.2826086956521739,False,2
0.9981379460179177,0.0571876016035303,0.02121836331974392,-0.05899104989493251,0.9935023208098646,0.09733033739645022,-0.01551440464298711,-0.09840079658340756,0.9950259225167578,17.45812524530658,-6.686401426147881,-1.90373926,,0.3375175000030457,0.5130434782608696,True,5
-0.9564862610783373,-0.2915917844199953,-0.01040498088162284,0.2916806469721653,-0.9564791580540404,-0.008367818720199737,-0.007512160160896909,-0.01103863519634992,0.9999108540178571,-6.55375528739421,-5.699380744449144,-2.11017416,,0.1046230714589523,0.3846153846153846,False,3
-0.9482923528417879,-0.3063934147163758,-0.08285341851863526,0.3172960240466965,-0.9217414991980936,-0.2229704953131875,-0.008052742759044768,-0.2377302758894814,0.9712978272700743,-34.09528938032122,-9.078025588956763,-2.05273926,,0.4081054556364255,0.1052631578947368,False,1
-0.008523852491851544,-0.9456972658795659,-0.3249369558031387,0.9999292787350319,-0.0107560468228543,0.005073951633940419,-0.008293459298516917,-0.3248707262353109,0.9457220679291596,-19.43432171510381,-17.07499553212182,-2.30768842,,0.2173729818140779,0.2142857142857143,False,1
-0.9978992736132603,0.06478397829538968,0.0002754602538663092,-0.06473953561606943,-0.9970381709394295,-0.04151720387952226,-0.00241500524733485,-0.04144782076274486,0.9991377512153548,-2.789076831756063,-17.18250064766789,-2.26241145,0.303723591544327,0.2487813599182617,0.8888888888888888,True,5
-0.9991320200178077,0.04024484996230482,-0.01074981984254745,-0.03949656230895228,-0.9972604877363995,-0.06254231499979514,-0.01323737666271924,-0.06206344859311415,0.9979844188201635,12.69157375775603,15.42064617089005,-2.42641982,,0.1268686274400712,0.7222222222222222,False,4
0.3733543676339073,0.9104764664364113,0.1778738885675824,-0.9276637723290418,0.3650087489124432,0.07879428104644261,0.006814813052317955,-0.194425351440702,0.980893644102266,10.28838448974528,2.274662238175296,-1.99054664,,0.1569360915112054,0.1666666666666667,False,5
-0.425989197061176,0.8955355976962054,0.1286436832731214,-0.9047282486505789,-0.4216622716424688,-0.06056174342742664,8.990623593874799e-06,-0.1421862227229252,0.9898399254359039,18.31460647606661,-8.162713621549813,-1.90417437,,0.5799020720837351,0.6865671641791045,True,4
0.4549278071011046,-0.8902281943657928,-0.02311822403216145,0.8904895404234328,0.4545124125535857,0.02113871403806818,-0.008310759450512295,-0.03020312551608109,0.9995092308160123,-1.550633198552759,14.54862614256072,-2.24540874,0.3226257505715769,0.3219974079677487,0.852112676056338,True,5
0.9845395367797795,0.1748392902761973,0.010635934052789,-0.1748333220847997,0.9771552718933272,0.1208341181118669,0.01073359242063646,-0.1208254823569744,0.9926157327017111,-11.99974700710305,13.13365378298809,-2.22938913,,0.1306206469385968,0.3235294117647059,False,5
0.77830917580324,-0.6252763084359825,-0.05713462145802862,0.6278796224036904,0.7748729109595113,0.07306949863885223,-0.001416555922417186,-0.0927443258092058,0.9956889491199125,-3.18788780915969,-20.88646660525285,-2.35832536,0.1941354019026601,0.1459401377225254,0.5454545454545454,True,5
-0.6919636197897091,0.7070111010669166,0.1460193543872564,-0.7219161312096644,-0.6762898458189659,-0.1465235269212141,-0.004842353435632952,-0.2068026774737391,0.9783706885444285,-9.570292991258327,5.414949954595471,-2.11901077,,0.3589512829405838,0.6083333333333333,False,4
0.8989623603111679,0.436612063925272,0.03516504484126336,-0.4379381870535866,0.8942750009752498,0.09209976629142164,0.008764648537817294,-0.09819433927488432,0.9951286613651411,-21.02315150904246,30.09725455779383,-2.63809230,,0.1434108722501914,0.5384615384615384,False,1
-0.256052545851275,0.9581914580647787,0.1276958239519805,-0.9666624889162647,-0.2536920548341747,-0.03469832613005439,-0.0008522237348430529,-0.1323233577480128,0.9912062362137349,4.314059424893117,-21.85290091209831,-2.34850889,,0.1205379938699739,0.2916666666666667,False,5
0.0718880131498442,0.9861467601947059,0.149488062810553,-0.9973688549696441,0.06966745872382422,0.0200452570825186,0.00935311188363707,-0.1505357517417317,0.9885603202362733,-35.00512925045058,-2.691635960335873,-1.94702753,,0.1162610211024842,0.5294117647058824,False,4
-0.4999135054275448,0.8660749544867204,0.0008125896685171488,-0.8660665300791787,-0.4999124335301611,0.004040331491741675,0.003905453591471317,0.00131605956453504,0.999991507673674,-1.195264789986652,-4.676294736852412,-2.06181257,0.2682779488281048,0.2393238550227196,0.9389671361502347,True,5
0.8056983661014112,0.5913854177756069,0.03336810608784214,-0.5922455122669005,0.8033806183593116,0.06184525239926662,0.009767090725248418,-0.0695907298925888,0.997527811267327,-0.7398017549163569,-3.077293607706935,-2.04956920,0.2736403069638764,0.2168951102652323,0.7455197132616488,True,5
-0.5307652377951988,-0.8447002808445054,-0.0690629994238719,0.8474327569445959,-0.5301080222186857,-0.02903803086775799,-0.01208241720391235,-0.0739386253632646,0.9971895982579759,0.07329610304930156,-16.42544229697401,-2.22688890,0.2913520195924275,0.264044614451891,0.8020833333333334,True,4
0.9801050499883902,-0.189001618641764,-0.06060098297923185,0.19843948276953,0.9392418038680637,0.280083211822537,0.003982796180747998,-0.2865365980419602,0.9580610185771696,2.381018019999374,9.905776479500418,-2.14873471,,0.5942097651477503,0.4552845528455284,False,1
-0.2060815804197387,-0.9560059883470748,-0.2087652568226691,0.9784289624075456,-0.2044531290206972,-0.02959195086065554,-0.01439262775854512,-0.2103603296208161,0.9775179711841748,9.96206643304481,-16.16449298452065,-2.13214303,,0.3842133436394723,0.5609756097560976,False,3
-0.02573597954435043,0.9677396882163863,0.2506343057279786,-0.9996161108560055,-0.0274861578863058,0.003484543264858014,0.01026110491167406,-0.2504484118047111,0.9680755666529816,-32.72604773990628,-4.816974225846337,-2.00097613,,0.3190216005851931,0.25,False,3
0.1619774176419977,0.9867875101030564,0.00370487228387372,-0.9867613511340033,0.1619400831936154,0.00880030473567681,0.00808406347239443,-0.005081275416161737,0.9999544132398832,-9.51733314674442,2.721798421435324,-2.10479401,0.3444055509619068,0.2461479097098346,0.9286307053941909,True,5
0.6095477545422199,0.7912384651491551,0.0489206112078439,-0.7919794000146066,0.605076011972146,0.08155764641276173,0.03493085863592897,-0.08845739654938323,0.995467289322288,-12.50119205781647,-7.555675071909832,-2.15078242,,0.4003823988717647,0.9052631578947369,True,5
0.9967249251314301,0.08086629729493905,0.0002560928566299622,-0.08079437127697456,0.9956944936701911,0.04543946351817018,0.003419530918568153,-0.04531133673450049,0.9989670613046403,-19.43117290825217,5.704419648453978,-2.12223099,0.1346676146835525,0.1262647489163219,0.6265060240963856,True,3
-0.9754270104873882,-0.2162875368539665,-0.04197438043952674,0.219960696402078,-0.9669063544520206,-0.1292648202668371,-0.0126269255937801,-0.1353211111465944,0.9907213319738815,12.86264712450168,2.023308323085786,-1.97950068,0.5259192498775815,0.3150501584012493,0.5769230769230769,True,3
-0.9428663111945613,0.3323728542207093,0.02305222313659611,-0.3331606993060413,-0.9400246708535455,-0.07319540029669047,-0.002658505646017113,-0.07669357185489711,0.9970511663820808,3.363169437400188,-26.2318754453747,-2.51978831,,0.1551357576114784,0.5,False,1
0.137931689207801,-0.9877051855724193,-0.07357523704097449,0.9904057597404059,0.1369123656545091,0.01874660513041276,-0.00844275934231613,-0.07545508945219623,0.9971134585845531,26.88062519972101,-12.74215002792809,-1.89658996,0.3128581285722596,0.4834063932735581,0.9777777777777777,True,5
-0.7444938693300679,0.6536133581375264,0.1360825359630334,-0.6676230907545607,-0.7297363839574855,-0.1475270097981434,0.002878753423276215,-0.2006847976126737,0.9796516344016832,11.18769290093746,-21.88693308467572,-2.32642887,,0.5773018797729425,0.3235294117647059,False,2
-0.7370605440715675,-0.6742827402487748,-0.04565676921913316,0.6757294007112558,-0.7364172123224465,-0.03285523412859222,-0.01146871341226109,-0.05506791804527586,0.998416743156297,-14.77548296962954,-14.65738678204656,-2.25489080,,0.4819477788932417,0.9726027397260274,False,2
0.8979293361178768,-0.4295836124511606,-0.09581663348459095,0.4391351806601962,0.8890929607781186,0.1291278444075316,0.02971868848798795,-0.158024134258695,0.9869879292809736,-18.7685261087143,7.384433668821458,-2.13931759,,0.1972119706428621,0.2162162162162162,False,3
0.9538914229742551,0.2941822793036433,0.05956458444297005,-0.2996784232273387,0.9445870713870963,0.1339705460925067,-0.01685217576832706,-0.1456435755948802,0.9891935872516622,-18.63219709124365,10.18829774062266,-2.16609312,0.4043140207949423,0.3215104060649708,0.4038461538461539,True,5
0.5317371280077707,0.8457591650490071,0.0441255190751783,-0.8468531651212854,0.530378911443417,0.03921641263752778,0.009764395634564027,-0.05822065811808108,0.9982559849788976,-19.18821742706371,3.141171401441682,-2.10670847,,0.1324878087390325,0.2926829268292683,False,5
0.1292881306494618,-0.9890079078214715,-0.07174912919167502,0.9915821406828172,0.1284329467124078,0.01642670014488016,-0.007031184256562534,-0.0732689324704799,0.9972874339840979,-2.408488997926383,4.83063083379875,-2.08826087,0.2156491671959531,0.1710503610525414,0.6312684365781711,True,5
-0.506678798516893,-0.8561711108693346,-0.1012305489773133,0.8620582459909699,-0.5015633184757571,-0.07273113555115007,0.0114967670434324,-0.1241179538679116,0.9922008656896008,13.42716086173618,-6.289843477775634,-1.93054385,,0.1471399557746124,0.2413793103448276,False,5
0.4290961219968717,-0.8987865278856041,-0.08977357839914166,0.9032587471619631,0.4270146455324006,0.04221525999256555,0.0003921258057786102,-0.09920317430495448,0.9950671215778232,-21.32520097013514,7.052546675937378,-2.11349947,,0.1037147406582668,0.35,False,3
0.7730929422459246,-0.6331628675393173,-0.03784290975772031,0.634227033002407,0.7707769851562783,0.06048892264178896,-0.009130895821642263,-0.07076455555424346,0.9974512541566668,-2.499314397178864,-22.87611750417645,-2.42305816,0.2780284211394625,0.2203947177724006,0.4864864864864865,True,5
-0.1306641643144396,0.9734860057325818,0.1877548209949216,-0.9912262510853312,-0.1244658879519217,-0.04448327658414784,-0.01993477673141272,-0.1919198774988291,0.9812081151812319,20.32709018853149,-16.51114765591652,-2.05949016,,0.3194158616440162,0.5,False,3
-0.1854089165145878,-0.954326392698417,-0.2342747743059702,0.9826187153778474,-0.1822783376630404,-0.03514353152412707,-0.009164816750772917,-0.2367187018763522,0.9715350031346782,19.61391415351784,6.14071559056157,-2.07227629,,0.5922801533408393,0.2,False,1
0.4729307208385485,-0.8753252753542752,-0.1007084684278965,0.8810862847581129,0.4691954831976213,0.05951938640556843,-0.004846864788252416,-0.1168813966074687,0.9931340528996131,23.1055411847816,5.88501192694946,-2.06808462,,0.09020252473469687,0.2727272727272727,False,2
0.978810891446305,-0.1969246659641612,-0.05612410107070703,0.2046893099200399,0.9484884124723342,0.2418098794718089,0.005614729784171685,-0.2481741472043703,0.9686991625209739,6.245636338533188,11.41243194196019,-2.19532875,,0.28244591450034,0.1538461538461539,False,2
0.8204300465961178,-0.561475192155903,-0.1078895140214441,0.5717442369247223,0.8051088979664346,0.1578232871240485,-0.001751052728712378,-0.1911681746755053,0.9815557359648899,16.93122708322505,8.970277352936847,-2.16315035,0.2572415887506284,0.2783825679038138,0.1428571428571428,True,4
-0.1390348790408254,0.9861346978056995,0.0905961378523735,-0.9902720185917416,-0.1389609671679289,-0.007153935839290422,0.005534582580644808,-0.09070946691176711,0.9958620190609956,-16.50394111327722,32.2608329196045,-2.79396609,,0.1934715050837172,0.3478260869565217,False,3
-0.9400304582053028,-0.3223393372577909,-0.111535148283117,0.3409919138073664,-0.8959581258190995,-0.2845760908732785,-0.008200753887191348,-0.3055427767677303,0.9521430350534246,15.86475527038061,4.99910360491009,-2.03844849,,0.4183790974251496,0.2954545454545455,False,1
-0.6119712193516926,-0.7571330429193562,-0.2285624247440484,0.7908164442877667,-0.5894758696245784,-0.164704433985246,-0.01002886480394074,-0.2815452973324599,0.9594955275668152,-26.39265089008012,16.54414431201067,-2.21169353,,0.7234213867188838,0.2096774193548387,False,1
-0.2476675224372821,0.9600820040796774,0.1300128600259611,-0.968823604861468,-0.2463155407166291,-0.02663601067551296,0.006451433407375886,-0.1325564025003183,0.9911544678621821,0.3970908611180448,-6.579293704997724,-2.06026000,0.2245304570305386,0.1831639098135494,0.2962962962962963,True,3
0.8060390955548578,-0.5813127649614539,-0.1112494751896674,0.5918622385091205,0.791589694850061,0.1519369791530694,-0.0002589673337433473,-0.1883115086765987,0.9821093160315014,-18.12530584988332,6.747999448555532,-2.13734242,,0.5956160500606966,0.3863636363636364,False,1
-0.8781563394021707,-0.4762400135734541,-0.04513195142394974,0.4783728419871297,-0.8740540573133602,-0.08478755181751475,0.0009314595718604278,-0.09604662599804063,0.9953764001710391,18.47451354655982,-24.0791308444349,-2.39029484,,0.2221210507362804,0.4375,False,3
-0.4075440872805305,-0.8939855377287662,-0.1862731200535601,0.9131322417440219,-0.4011557399702063,-0.0725505435988852,-0.009865394579881266,-0.1996595367638746,0.9798156680565068,-8.840382344900377,-0.2620205501543751,-2.09843565,,0.1739921002049387,0.3783783783783784,False,1
-0.1576406925879978,0.9847452352095771,0.07366297423001691,-0.9873940733727502,-0.1582597454871191,0.002607072442618092,0.01422518571918105,-0.07232340347624693,0.9972797849153807,-10.53531712738862,48.53784786157388,-4.36983612,,0.5704010228612231,0.9,True,4
-0.02876703432868058,0.9921398779467823,0.1217822660475526,-0.9993213715762446,-0.03134916061468845,0.01933976317663074,0.02300552209592752,-0.1211432735090927,0.9923684060048442,-9.101742841725127,-16.27011948489491,-2.26480833,1.029502019738958,0.4185691970346962,0.1,True,3
-0.972137210891162,0.2292108632235592,0.0491082822043467,-0.2343953608366241,-0.9479585672160457,-0.2154840357427178,-0.002838665006610892,-0.2209908030258519,0.9752717605667499,-11.7708801413246,-17.59728845068679,-2.29694216,,0.4674472849643201,0.3793103448275862,False,2
-0.4996498529289709,0.8635252638018022,0.06836770614907915,-0.8662169050271106,-0.4984748697994122,-0.0345119924622398,0.004277606025865279,-0.07646517478230215,0.99706307680718,-26.42680281355786,23.99376482331712,-2.38264038,,0.3169273181320795,0.1428571428571428,False,1
0.7141300932319925,0.6991548959427313,0.03465027301153353,-0.6999890258601019,0.7128205160317748,0.04361508454215635,0.005794274405881533,-0.05540165524154131,0.9984473361077222,10.54456511626825,11.79709147498792,-2.24822877,0.6365173647632836,0.4672213020099921,0.8048780487804879,True,4
0.4468675329536011,0.8859784166659525,0.123901788502244,-0.8945449415602464,0.440995024371306,0.07288851767409625,0.009937581241828594,-0.1434072302286182,0.9896138695457025,10.96810997344437,-30.91095306195146,-2.67398890,,0.2275043182203196,0.2222222222222222,False,1
-0.3329096241307955,-0.9261515487066972,-0.1772413354420464,0.9429090205978066,-0.3288887898607393,-0.05248564355349809,-0.009683028264896063,-0.1845954298787651,0.9827668931295439,-6.035536471904265,7.870705315989994,-2.12728428,,0.4235860035188728,0.3155339805825243,False,1
0.1011219088711494,0.9560306591454891,0.2752811986316833,-0.9936033950551832,0.08306945184491345,0.07649679408314032,0.05026582219627675,-0.2812558353955112,0.9583154502432406,-35.61487440917801,-8.737390419569806,-2.02292275,,0.3030318805099136,0.4375,False,2
-0.9253889156256444,0.3650024837672728,0.1021202314965903,-0.3790147890622704,-0.8898968979770202,-0.2538332142233576,-0.001773276424644905,-0.273599520859595,0.9618420648298365,16.37093716805941,3.038224251045364,-1.98925793,,0.4278628723133913,0.125,False,3
-0.006005695650824604,-0.9506272003857578,-0.3102770657114168,0.9999476920768668,-0.008278015543231241,0.006007292968881799,-0.008279174469572442,-0.3102247577892571,0.9506271902931769,-28.07578400333517,24.72105243709703,-2.39534253,,0.4194690431352678,0.2608695652173913,False,1
0.4098712790807593,-0.8981915984417397,-0.158925728166889,0.9121287172303325,0.4026078558977212,0.07699426974255075,-0.005170859546660865,-0.1765184603890292,0.9842837473784866,-30.94419943186614,23.77323245474818,-2.36191134,,0.6384801502004533,0.2142857142857143,False,1
0.9295985778559648,-0.3529994463193634,-0.1060088437178303,0.3684811758582247,0.896535094474142,0.2458585923135134,0.00825270175813113,-0.2676120611528283,0.9634913998781864,-37.51277958712268,-0.8306200564654489,-1.89185091,,0.5548771894549729,0.4117647058823529,False,2
0.533898634767712,0.8307406498991767,0.1575506915194804,-0.845488974272161,0.5223009878792934,0.1111308797973058,0.01003205748499074,-0.1925399975729914,0.9812378443360255,-9.00754308180342,-6.329523093838645,-2.13230901,,0.2573889221253245,0.2446808510638298,False,1
0.1003299705494462,-0.9614145982117207,-0.2561559434308425,0.994931686585082,0.09867833466617258,0.01932680254147065,0.006695971812472569,-0.2567967223562414,0.966442242117231,23.88519519875314,16.95484909765634,-2.61891219,,0.3321715802904947,0.3888888888888889,False,3
-0.9939565908462936,0.06109171082628851,0.09120360947643925,-0.07743873627487965,-0.979090017986731,-0.1881116126210509,0.07780448340142967,-0.1940374694409814,0.9779038412929856,27.22283131645491,-13.67839655916254,-1.91667833,,0.2468141951891996,0.25,False,2
-0.3514278592470689,0.9264268240140341,0.1350251809563422,-0.9361952378275782,-0.3486825968447775,-0.04425972578481821,0.006077533544732206,-0.1419640320815555,0.9898531594035352,2.745881613507265,-8.56825257490604,-2.06055531,,0.1016460051262882,0.4,False,3
0.1360143955984724,0.9398313256439468,0.3133961766332264,-0.9906664512499198,0.1261672945792187,0.05159259778739002,0.008947991834652582,-0.3174884141459384,0.9482199324656831,17.63361619471834,7.272296087217143,-2.10873852,,0.7168843313274904,0.3283582089552239,False,1
0.5008893979528245,0.8415243128007428,0.2023527661874057,-0.8654306717220012,0.4837710939427477,0.130365950724272,0.01181369803503626,-0.2404212129381997,0.9705967632895044,-2.211337851591395,0.1018401937664919,-2.06057615,,0.3028108276346639,0.2989130434782609,False,2
-0.9577620508367918,0.2660322708470162,0.1091727294010935,-0.2850734788156596,-0.928224470430211,-0.2390239405802139,0.03774871723439416,-0.2600503092913672,0.9648569173637218,10.14847012188761,4.334114987574253,-2.01798833,,0.3805443832978278,0.4,False,2
-0.1932443033761794,0.9779969070751682,0.07860463703917131,-0.9811502601138651,-0.1926963874765317,-0.0145694657413678,0.0008979371635569619,-0.07993842633489263,0.9967993989283657,17.29092725744283,-17.48939151753078,-2.12109784,,0.570582668401843,0.2142857142857143,False,3
-0.9994059437500351,-0.02150229370434129,-0.02693345433754142,0.02629513010903197,-0.9809250689376515,-0.1925995204101276,-0.02227836909760808,-0.1931933241473792,0.980907749880301,-15.51607190475056,-20.50519520577967,-2.34795680,,0.4308328766424856,0.25,False,3
-0.8785982550889168,0.4727416464138403,-0.0676789620239809,-0.4488332142202648,-0.865822267829377,-0.2211346791968674,-0.1631375247066648,-0.1639119772217004,0.9728920863877227,19.38110755126877,-14.00857210859471,-1.99325853,,0.6116359110980825,0.34375,False,2
-0.6993555211671396,0.7131057988672518,0.04880547750955919,-0.7146863233108627,-0.6987071200776388,-0.03212194927478602,0.01119438633594846,-0.05734526985471029,0.9982916436291807,43.7417958139398,17.7356579100865,-3.09626197,,0.7423698882336071,0.9230769230769231,False,3
-0.3351676867035722,0.9299460586402123,0.1512049926732297,-0.9421403500526911,-0.3318127228825766,-0.04766421861148605,0.005846588096427509,-0.1584318306174164,0.9873526079647765,5.207352710019563,-7.558714206888254,-2.02380768,,0.1937039139959569,0.1864406779661017,False,1
0.6434441772872476,0.764538773717809,0.03821065554535676,-0.7654619420743661,0.6421660370934559,0.04111929035654688,0.006899706579036033,-0.0557067705557872,0.9984233319405993,12.66822873914009,11.15961802035343,-2.23316482,,0.1430730060373754,0.3870967741935484,False,3
-0.6519255800103035,-0.7453954892560897,-0.1392070498390944,0.7582171557448614,-0.6432085052783287,-0.1067218978082331,-0.009989137220103398,-0.175123908517064,0.9844957256399366,0.3793178779776554,0.3423182468085884,-2.04198622,,0.1759522271907975,0.2772277227722773,False,1
0.2332227041446177,-0.97210205705027,-0.02499521854486524,0.9724004014043508,0.2329635579641162,0.01286234851638216,-0.006680540406970126,-0.02730515224885759,0.9996048214372204,-14.72637815205599,-19.70647162332037,-2.33622730,,0.3908234450238454,0.5238095238095238,False,1
-0.9662903692306088,0.2439750989420338,0.08221358420844244,-0.2574320204005955,-0.9113789798265162,-0.3211185295227391,-0.003417192508658969,-0.3314581515464715,0.9434637335736629,-6.898018152841587,3.901077027022353,-2.09807884,,0.4114292700871988,0.2984749455337691,False,1
0.542535649632363,-0.8269428562742185,-0.1477179113548081,0.8400241119912972,0.5332772324206427,0.0998743443283217,-0.003815776621127264,-0.1782719995928041,0.9839738482347795,15.76151616996441,-16.54505770143956,-2.09790490,,0.6725869374786461,0.2727272727272727,False,1
-0.8130058334448144,0.5624287298732149,0.1506500534281535,-0.5822555240061522,-0.7853836827079115,-0.2101213356622315,0.0001398178257745071,-0.2585466974249744,0.9659987503623465,17.17175739055955,-15.86285819426041,-2.06907100,,0.269252909117309,0.2222222222222222,False,1
0.4662694536002206,-0.8773652405073923,-0.1132388245645335,0.8826159212489118,0.4700342008452031,-0.007548880297491529,0.05984924558661086,-0.09642657717256484,0.9935391200237145,17.57533120585629,15.17577623454963,-2.45574755,,0.1593752246703163,0.2608695652173913,False,2
0.9815635447271925,0.1825703092100234,0.0565781747456181,-0.1910395605818868,0.9276943308750972,0.3207602137966706,0.006074039452360868,-0.3256552021036402,0.9454690874838633,1.057095661989138,-18.11500243648314,-2.26876995,,0.2469684344643159,0.3636363636363636,False,2
-0.1171658427052195,-0.9889696850026986,-0.09061527160936922,0.9930728420976777,-0.1174864582379296,-0.001806216694901399,-0.008859773767849551,-0.09019919221573562,0.9958843357199731,39.75090515771552,11.71751490642976,-2.52762476,,0.1778144092198493,0.2142857142857143,False,1
0.8417717201261772,0.5301971355563653,0.101544909491526,-0.5397771791168903,0.8239380961804817,0.1725300280156931,0.007808207248112656,-0.2000425232552034,0.9797561027058022,4.50909545468204,10.83767755361481,-2.17034836,,0.1996715168588984,0.5,True,2
0.2139852788147993,-0.9685865689251157,-0.1266900112417118,0.9709608216927126,0.1966975436176354,0.1361806119555977,-0.1069830976760597,-0.152151683634,0.9825499895572614,19.23840129285151,15.48532141298128,-2.48493462,,0.1598842989689263,0.2,False,2
0.4323918486725588,0.8926952306536339,0.1270138353478978,-0.9016313111425155,0.4265060378065938,0.07178842860760426,0.00991302017327624,-0.1455603822569047,0.9892997054221075,-33.934157105466,-5.541434375497658,-1.98832841,,0.1346415409697788,0.2857142857142857,False,1
-0.9112460390657962,0.4077730602149772,0.05789462539657279,-0.4117703864128288,-0.8990251544537666,-0.1489930217587728,-0.008706615894054621,-0.1596085931968985,0.9871419815899737,-6.511572429453338,-11.61055678523348,-2.17535639,,0.5955311756274502,0.5087719298245614,False,2
-0.1502726221622241,-0.9850257088930018,-0.0845132643336474,0.9886035149700618,-0.1504956273190387,-0.003762492084727299,-0.009012725299709184,-0.08411550973327436,0.9964152506886793,26.69874229188122,7.097996715504763,-2.13949805,,0.1825557559796512,0.2307692307692308,False,1
0.4296367467099746,0.8725766257126819,0.2324269737709879,-0.9029474491290319,0.4123116198936049,0.1211818146921631,0.009908076899342758,-0.2619335037000459,0.9650350613586923,-5.059480276622196,-7.162132556313736,-2.10973648,,0.5550755680846944,0.3225806451612903,False,1
0.3146680249398983,-0.9132242239877607,-0.2588543041990541,0.9491826839169518,0.3010048976735944,0.09191454797104467,-0.006022178396237337,-0.2746225924764054,0.9615332365908642,-8.942524101888694,-7.829301180022014,-2.14476491,,0.6438701312252486,0.3523809523809524,False,1
-0.9486415260297777,-0.306824201925754,-0.0770594848446292,0.3162507153369393,-0.925965302085474,-0.2063340601612635,-0.00804612582362785,-0.220107174908911,0.975442510562693,31.80687842045103,24.91470465564674,-3.46932037,,0.2576181620266009,0.125,False,1
-0.07431544252860298,-0.9967188460103461,-0.0320742421513323,0.9971972849207253,-0.07455312322970518,0.006277480659520105,-0.008648118206416828,-0.03151783343602145,0.9994657754155405,25.23856166953999,20.26952672697217,-2.89829704,,0.3932456916328966,0.8372093023255814,False,1
-0.6995441869689609,0.7120807653897345,0.05982402560765227,-0.7145868672495274,-0.6973064239207817,-0.05594068567077993,0.00188139109214176,-0.08188244452127971,0.9966402187583931,23.06878970546506,15.50470636255085,-2.52039746,,0.6482099810681188,0.42,False,1
-0.6442989225268267,0.7547789194988088,0.1232383102406925,-0.7647692962800581,-0.6364252059054039,-0.1004533760287287,0.002611876351395392,-0.15897087773701,0.987279817545892,26.1320334012056,-6.886477843439536,-1.82722487,,0.8372984141478247,0.5538461538461539,False,1
0.7119525974672888,-0.6997815708096137,-0.0585598165537612,0.7022254485303384,0.7092677994208934,0.06179488766077817,-0.001708331333685564,-0.08511722422560965,0.9963694795326589,18.2784003101591,-19.36834039476426,-2.18287666,,0.2178809583896777,0.25,False,1
-0.9425113099704064,0.3341417738090421,-0.004658924083486073,-0.334163758679101,-0.9425005979453188,0.005215866004035476,-0.002648200015928767,0.006472856283231877,0.9999755442850653,40.03258774498613,20.75045053451788,-3.32063676,,0.4545402689263794,0.7037037037037037,False,1
0.9960367145422917,0.0870806471534864,0.01810591547332017,-0.0887094552446733,0.9578761838100113,0.2731370517519773,0.006441726010186942,-0.2736606975451518,0.9618047238317717,19.04245283932443,9.084615280876193,-2.17672044,,0.4452103539163008,0.3076923076923077,False,1
-0.3692651551912525,-0.8789410044778199,-0.3018376315324208,0.9292726273337859,-0.3526439034292866,-0.1099757312424823,-0.009779020898993478,-0.3210996543468665,0.946994922229565,-30.12834681404019,-3.416243807911258,-2.01196941,,0.6487734558882642,0.3243243243243243,False,1
-0.9496035396274642,-0.3080743370618387,-0.05782145251461995,0.3133507189660872,-0.9377254805650823,-0.1499408217345179,-0.008027730091874127,-0.1605027287708684,0.9870027505567945,14.36995512390462,1.828234188325325,-1.97192863,,0.233618163522972,0.2340425531914894,False,1
-0.365029557487919,-0.9102388565691509,-0.1954958980435633,0.9309446804667941,-0.3590746604905639,-0.06638817744271497,-0.009768524492123617,-0.2062295133710776,0.9784548859012233,20.97363956345907,-17.68533021664408,-2.09630977,,0.6888472750698611,0.5,False,1
