axis_00,axis_01,axis_02,axis_10,axis_11,axis_12,axis_20,axis_21,axis_22,location_x,location_y,location_z,dbh,dbh_approximation,score,reconstructed,number_clusters
0.294512103625077,0.9454062112124015,0.1395339264098333,-0.9555718200581224,0.2931732459844603,0.03052776686466774,-0.01204647372222665,-0.1423254848575897,0.9897466033439631,-11.28815097612471,30.16078262711542,-2.51982128,0.7594934760339093,0.7545931448946979,0.7553191489361702,True,3
0.997411745176725,0.05650484843509908,-0.04446361081656947,-0.04893787213212821,0.9865529283285462,0.1559435932558668,0.05267727455649488,-0.1533640169977894,0.9867647050009453,20.00831981160462,3.713043662053281,-2.47897258,,0.4751438577556114,0.5,False,3
-0.3323172137662941,0.9385885504656445,0.09282673305362164,-0.9430974037508356,-0.3294777336852985,-0.04485209074317451,-0.01151331720407228,-0.1024497727689071,0.9946715475907403,-11.46983319128299,-1.304075182451868,-2.35496392,,0.1127668028500637,0.343558282208589,False,5
-0.5687548030844208,-0.8205777553346703,-0.05630383129340081,0.8225009084968559,-0.5671501872113113,-0.0428126227650398,0.003198357429760016,-0.07065983722093366,0.9974953423017385,20.17021212150547,-13.30589278987557,-2.47415852,0.4546855111024977,0.3561509225141223,0.9696969696969697,True,5
-0.7021947639933437,-0.7065413787423065,-0.08787373637926466,0.7116767236373824,-0.700155474347142,-0.05743302860279192,-0.02094646636291681,-0.1028668647653306,0.9944745616054026,8.191594639004563,-16.8542127500983,-2.63410422,,0.1603425522375431,0.12,False,6
0.8357267409343614,-0.5202089789971956,-0.1759074548105513,0.5391207763425621,0.8381642716387848,0.08264043964076329,0.1044490450077173,-0.1639001888922664,0.9809317637216438,-9.350187916096445,-17.94075276191757,-2.62226797,,0.506990308130701,0.1212121212121212,False,2
-0.6844946926066546,-0.7115948385694685,-0.1584291687619863,0.7289937786442194,-0.6663479561248371,-0.1566795202516129,0.005923385125481804,-0.2227401784356489,0.9748598496292228,1.277488822445662,-17.86774180126721,-2.69913028,,0.5444950182178452,0.1052631578947368,False,1
0.9095972922272411,-0.4150905750243144,-0.0182367897080551,0.4147828116443656,0.9046102427660037,0.09816072456551855,-0.02424840483962813,-0.09685103617833377,0.995003463136645,-12.91099415774227,2.348371086964562,-2.29628373,0.384659699620274,0.2780385703839766,0.2037037037037037,True,5
0.7006842343504256,0.7104834422834702,0.06522945633521822,-0.7134166767550139,0.6988296067336452,0.0517090522087775,-0.008845849907682142,-0.08276749962110114,0.9965296242189094,21.43720791154101,-6.698917689497932,-2.41721753,0.2875515163751124,0.216980521168657,0.5277777777777778,True,5
-0.513590714537872,0.8172619585177069,0.2613569763757609,-0.8579357983715536,-0.4844897514229384,-0.1709264363365254,-0.01306689760589763,-0.3120137367584019,0.9499877284791711,-20.70084907225799,-23.44786308045107,-2.43646446,,0.3244000629513256,0.1875,False,1
0.3733337532579429,-0.9106672506164983,-0.1769380324659601,0.9274704533838017,0.3706066328400901,0.04949021918497012,0.02050528659597537,-0.1825811664699249,0.9829769330315428,11.57836464541299,-8.527497372668279,-2.51039370,,0.4045943980780333,0.24,False,3
0.1841352090942491,0.968881226135036,0.1654188454042867,-0.9828481038491539,0.1832437466122795,0.02076858415055654,-0.01018967771527905,-0.1664058261316736,0.9860047015595285,5.518461050415283,14.50878912426882,-2.56133317,,0.399068995881904,0.7117117117117117,False,6
0.978400956685697,-0.1976731025200809,-0.06047241103676412,0.2044244989777153,0.9686663980016162,0.1410533005650195,0.03069514903407058,-0.1503687265446551,0.988153355458107,15.02419521447132,7.708248294846783,-2.53075811,0.3261209115527545,0.2997932791335292,0.2361111111111111,True,5
0.5174660376506559,0.8552436234488218,0.02805787640328201,-0.8556596281426768,0.5174940788556652,0.00681755939208472,-0.008689110706398447,-0.02753584753477553,0.9995830513047304,5.347953386087511,6.245296161196734,-2.48940127,0.1279929278142359,0.1365530168008022,0.6747967479674797,True,5
-0.9638407410954014,-0.2417716994439059,-0.112060122937081,0.2575302408896196,-0.9531723316737342,-0.1585581317971183,-0.06847773968234268,-0.1816836577121436,0.9809698505501251,8.562238227019861,-11.03985614824663,-2.55739892,,0.1795823232823552,0.3191489361702128,False,2
-0.05435869400844883,-0.973818881803131,-0.220730418903686,0.9980838618102842,-0.05953458819376969,0.0168593476288124,-0.02955904564708956,-0.2193910167994558,0.975189132716385,-18.34385723192895,-4.155463061336718,-2.28327998,,0.2491042276547326,0.1176470588235294,False,2
-0.1109638605532332,0.9789506161211754,0.1712971478078201,-0.9938132031952022,-0.108482200498198,-0.02381027782201299,-0.004726394610618602,-0.1728794475090672,0.9849316513458914,-10.97717682195793,30.08177027632385,-2.52359632,0.9719123134790134,0.4945031568983018,0.6741573033707865,True,2
0.5330360131849998,-0.8452478355225235,-0.03779821678771345,0.8460197049336045,0.5330442138868324,0.01070163098910958,0.01110259032382515,-0.03768239093076974,0.9992280870261019,5.119665271484564,-14.71611753907013,-2.62836414,0.6466074521029468,0.5657499308898529,1.0,True,5
-0.9873626779945536,0.1579849519317377,0.01247786306026084,-0.158333252687408,-0.9800527738369413,-0.1201130367110202,-0.006747088027399431,-0.1205707902339701,0.9926818026666484,11.35087072777503,10.67198841620427,-2.56677689,,0.08584316699686491,0.1666666666666667,False,2
0.8842130321686598,0.4663116684192196,0.02684663180342712,-0.4670546253094015,0.8820532117479785,0.06198474507627703,0.005224052086230441,-0.0673465629498654,0.9977159664647252,19.3957859438143,-7.781571066295328,-2.44009074,,0.2163500961519844,0.7307692307692307,False,5
0.9965889466025367,-0.08170809378189167,-0.01158701515387221,0.08201265181821847,0.9962139470856178,0.02883915001933587,0.009186754127009963,-0.02969105997810938,0.9995169055628754,8.921597019241915,-8.30353737680602,-2.52144041,0.5857161467644357,0.4942011290439942,0.9885496183206107,True,5
0.2017782162679481,-0.97868112578624,-0.03832499797133896,0.9793516909744309,0.2021060080255683,-0.004840134863027753,0.01248266098428056,-0.03655701779066438,0.9992536052599484,-5.121947860289367,35.76689526748102,-2.82062475,0.4983372368449219,0.5497875430882074,0.9565217391304348,True,3
0.4864365435514728,-0.8727214885141161,-0.04167364375001686,0.8735809628414537,0.4866461310598807,0.005643091834264037,0.01535546999269271,-0.03915030791905435,0.9991153401540527,4.974459999524356,3.707885996532468,-2.47391245,0.133524774761694,0.1184352914974681,0.392,True,5
0.08870626514028179,-0.9870225898578524,-0.1338566607799559,0.9957257898928873,0.0913419652385713,-0.01366735996972973,0.02571672348975613,-0.1320721488303033,0.99090645251522,21.52841289670755,1.473735275151,-2.45563708,,0.4448277083322513,0.46875,False,5
-0.8118338795130585,-0.5823214056924972,-0.04274964967216202,0.5838637706387085,-0.8089472746778058,-0.06861052489889524,0.00537116470869833,-0.0806603202551697,0.9967271759744525,-6.584256053060187,20.73936034778204,-2.50277451,,0.195908157139986,0.4680851063829787,False,4
-0.7248742024108874,-0.687794676285697,-0.03867652973357855,0.6888274956470302,-0.7229729297861673,-0.05316788539189504,0.008606504506466392,-0.06518148563402222,0.9978363102286472,-14.65938077474487,11.12692145471757,-2.24025917,,0.1214571410279129,0.5,False,5
0.0001943011796159161,0.9542626910520698,0.2989693608266786,-0.9999548255475512,-0.002655733013895672,0.009126551721479659,0.009503110607455775,-0.2989576283492696,0.9542190667454521,-10.04533181971186,23.17860266510141,-2.44997916,,0.3425751134527714,0.16,False,2
0.9275563297906086,-0.3720909974750192,-0.03446076991913828,0.3725983397910986,0.9138995583571858,0.161115096808017,-0.02845579466983026,-0.1622833535288968,0.9863338080574557,2.645176850046767,-15.90411231828136,-2.65985280,0.1345997892034879,0.1968492315962623,0.28,True,5
-0.3879447720272455,0.9211189103727744,0.03223052606460599,-0.9215502414885158,-0.3870591560225302,-0.03050183849515977,-0.01562070002229936,-0.04153507785955617,0.9990149303378871,3.310385909543754,11.89704055709223,-2.49772934,,0.09417033552634943,0.2631578947368421,False,5
0.9565122505199423,-0.2776751533083299,-0.08933545679331686,0.2915809344941317,0.918657543622628,0.2665499506373399,0.008054392888602782,-0.2810068091353569,0.9596719751950459,-7.877776195988645,3.41019240658764,-2.36042675,,0.7241403807420838,0.4193370165745856,False,1
0.9700669250522023,0.2318385038328671,0.07225696547949545,-0.2428333610756905,0.9243276060484383,0.2943644602282158,0.001455908118892429,-0.3030996285667523,0.9529577616527652,-5.654051154618969,20.35389623332333,-2.51142330,,0.2901577734649009,0.2222222222222222,False,1
0.05174804793188784,0.9940330750438331,0.09602283714898771,-0.9985855569199273,0.05267978902703517,-0.00719203302178314,-0.01220758150324591,-0.09551484464191438,0.9953531480870863,-1.032471937363937,-17.28384923626615,-2.69334914,,0.7259800796619773,0.2857142857142857,False,1
-0.2620156661052978,0.963484707616187,0.05518159933481428,-0.9648908574159591,-0.2604582771542463,-0.03386914727207617,-0.01825990116328426,-0.06211846787866432,0.9979017346201552,6.496472698633852,2.61050629910909,-2.47735263,0.1156426729270763,0.08232925775080087,0.1830985915492958,True,5
-0.7562667083881693,0.6442025560680356,0.1142966864748628,-0.6523648163073448,-0.7291771739862232,-0.2066900950257404,-0.04980775268979733,-0.2308759746982666,0.9717075033563942,-16.43703076289938,38.25411706563486,-2.48876828,,0.3899876113308503,0.9130434782608695,False,5
-0.9728713663327706,-0.2270749703862355,-0.0442522586304693,0.2313102901507156,-0.9513628152921974,-0.2034805724134269,0.004105391601231427,-0.2081964252896633,0.9780784192775167,-6.914699298132064,0.2025786572654056,-2.37950704,,0.4171304100349421,0.3002345582486318,False,3
-0.707915432787569,-0.6969065151890913,-0.1147913285409039,0.7059191240972805,-0.7034464401772315,-0.0827121275008039,-0.02310693088485281,-0.1395865856340702,0.9899402279209109,-6.598322954468074,18.80801461630232,-2.46837156,0.6225291229793537,0.3477678243523705,0.2391304347826087,True,3
-0.8968829043393071,-0.4401570461996125,-0.0431605211359049,0.4360744754523438,-0.8638268000612903,-0.2522742780285707,0.07375708618738903,-0.2450816887829557,0.9666927423232482,14.91399949139515,3.709398975696274,-2.48647405,,0.4015425632156474,0.28,False,4
-0.6365692230448715,-0.7707283617542161,-0.02752120382019805,0.771190981128357,-0.6358329357404239,-0.03132009664733219,0.006640398958874957,-0.0411615137644145,0.9991304393753054,23.49791744905565,-1.106136654564068,-2.42164049,0.2051476044788814,0.2501120943138613,0.8837209302325582,True,5
0.3575920303773121,0.9047518818705277,0.2314129902627962,-0.9338245006966568,0.349069548326846,0.0782448230206338,-0.009987077113454253,-0.2440788452173379,0.9697039628711948,-12.90764008366693,16.70927170989151,-2.32146699,,0.7602786060593305,0.3448275862068966,False,1
-0.01739300677422423,-0.9910737376670972,-0.1321753752478912,0.9996576357305925,-0.01465261935578888,-0.02167745537501685,0.01954724125991376,-0.1325071592502965,0.9909892825386873,-14.04004765354051,-16.12135244681812,-2.58888320,,0.4052489542154621,0.6538461538461539,False,4
-0.9971265612673702,0.05576857066240454,0.05126877550109669,-0.06338906114461869,-0.9848185163385426,-0.1615992475352397,0.04147828036832343,-0.1643847815432569,0.9855238180047514,-29.88745063273393,-1.310575613236097,-1.83716302,,0.2246899922368959,0.1764705882352941,False,3
0.108470476151913,-0.9907814126388141,-0.08115631936462542,0.9940146858703396,0.1091666318118213,-0.004177412231626649,0.01299846442730637,-0.08021744740577369,0.9966926311828708,4.87642920829478,2.710412900093388,-2.47070575,0.593549773773123,0.4808629706975031,0.9888888888888889,True,5
-0.9036112012310394,0.4100906407019109,0.1237435388959482,-0.4282793613663639,-0.8595579271140145,-0.2788134834671332,-0.007974060284214591,-0.3049357905267174,0.9523395287492946,4.198864373867707,27.13472376999948,-2.79257184,,0.5808589963273528,0.3207547169811321,False,3
0.8486202857611423,0.5260882677770239,0.05545038414697429,-0.5289957261051139,0.8444637846758728,0.08393115115035736,-0.002670647337261852,-0.100558693698114,0.9949275434746634,14.2555337425411,11.75457032265879,-2.59698982,0.1414270615095673,0.1657099941061069,0.48,True,5
-0.4673746546189902,0.8703261497114999,0.1552202478677845,-0.8835869292395783,-0.4541293216128686,-0.1141958743931207,-0.02889758980872452,-0.1905228395227002,0.9812573449016597,-15.9673699027536,2.53612065142832,-2.21082355,,0.1778814497139515,0.2142857142857143,False,4
-0.7737594125270062,-0.6275333467032833,-0.08659255338214294,0.633437716643585,-0.764874413298422,-0.1171485852016857,0.007282215268989727,-0.1454958097567486,0.9893320669441601,7.224918817557295,10.4835005430001,-2.53510613,,0.1841543583722925,0.2604166666666667,True,5
0.2853561023229576,-0.9149467668140312,-0.2853844928576189,0.9583297827413453,0.2765067898421605,0.071749722522875,0.0132635733486848,-0.2939666801998721,0.9557236360759788,-24.34295592705445,-19.00225643937739,-2.23034894,,0.396221415322592,0.2307692307692308,False,1
-0.9651299339209418,-0.2534158642610124,-0.06560952972398909,0.2616683274994405,-0.9269274228435644,-0.2689521131432774,0.007341459895993793,-0.2767416710967699,0.9609163077215221,-2.922871535357103,12.20831243372476,-2.44675005,,0.3766697184674904,0.4981684981684982,False,2
-0.29013290350202,-0.9440154357191419,-0.1570278810577463,0.9568371672606367,-0.2832585401362449,-0.06501718840832273,0.0168977410954112,-0.1691137385426787,0.9854516780552918,-18.25321398822206,-6.122679463559393,-2.32759980,,0.6056048564773531,0.2857142857142857,False,3
-0.8123970692746572,-0.5581666036591895,-0.1687040141594551,0.5830875866528238,-0.7754184054997278,-0.2423533839327317,0.004457367534116332,-0.2952563953106274,0.9554076579674462,14.87313310963134,9.861418161433022,-2.56666293,,0.3917785114118471,0.2,False,3
0.9141696937052282,0.3861344774771959,0.1232636865191963,-0.4046408567782327,0.8871361056214826,0.2219353670069915,-0.02365476985023269,-0.2527641102019098,0.9672387277488271,13.03431714145677,-13.74768167957615,-2.54794597,0.9981306730825925,0.723260679506735,0.2857142857142857,True,4
-0.4428337181878508,-0.8872701474398901,-0.1290348150613594,0.8963903375890393,-0.4349796476896111,-0.0853057370452321,0.0195617154905073,-0.1534418181520864,0.9879640417187513,-12.11794200645045,30.79258446514645,-2.50302237,,0.1991577466171498,0.5263157894736842,False,4
0.05324253465487579,-0.9861498107320794,-0.1570789078667423,0.998475098019635,0.0502766367252043,0.02279777257283382,-0.01458461991980501,-0.1580531891253258,0.9873228845059294,-16.01979783850396,-15.91116207310668,-2.52614071,,0.2542165274886078,0.1578947368421053,False,4
-0.9723696556062235,0.2287918921347248,0.04638451195870238,-0.2333714245191055,-0.9476380974179398,-0.2179904001098006,-0.005918705446122587,-0.2227920699116555,0.974848020211521,-2.584996019427194,1.762734397090441,-2.40413121,,0.2291080822338781,0.2311926605504587,False,4
-0.9931401303138633,-0.1167697282405833,-0.006124714424684576,0.1169092814055798,-0.9925907635847006,-0.03310280905864491,-0.002213928949758006,-0.03359176406446179,0.9994331853133773,14.30741231390817,1.023802470621632,-2.47182396,0.2873270204135084,0.2413050152378703,0.8235294117647058,True,5
-0.7225659513443035,-0.6887084727870696,-0.05982545837019974,0.6912418745382722,-0.7186512504513461,-0.07566406749265457,0.009116843901154897,-0.09602614089933774,0.9953370602068743,-4.380289138194144,18.94181554345698,-2.50387404,0.2331065613207483,0.1489567922355371,0.4285714285714285,True,5
-0.5739021224808091,-0.7921090927811497,-0.2078449877804253,0.8188890505083511,-0.5527452393182114,-0.1545749765278436,0.007554916912355846,-0.2589128918081831,0.965871128922472,17.24929354380009,1.464087330565604,-2.46478522,,0.1932030300550856,0.1818181818181818,False,1
0.71233667902123,-0.701099349922638,-0.03218939668679281,0.7014653279686813,0.7097150432963997,0.06519931730148808,-0.02286589991222095,-0.06902361086500852,0.9973529424252779,24.76789368686281,10.65302925189062,-2.61210487,0.293955247779424,0.2696482453474274,0.2352941176470588,True,4
-0.3041461803105631,0.9502865208871519,0.06671303637736281,-0.9525328297853316,-0.302393856072862,-0.03520176118512149,-0.01327814684522964,-0.07425283852876047,0.9971510451214393,14.57645173945997,31.34898464972741,-3.16414187,,0.2043351396769876,0.5625,False,1
0.5777229801602424,-0.7690633266978816,-0.2734552206909854,0.816118207958404,0.5498764689996996,0.1777271489648841,0.01368315875562891,-0.325848842822573,0.9453228563817009,-13.59327458418318,-14.33788573241088,-2.61628735,,0.3390307086077825,0.25,False,2
0.1913433634980055,-0.981380886756251,-0.01671144382706213,0.9814446960019644,0.1915156163275682,-0.009384955635701698,0.01241071854819635,-0.01460560892899017,0.999816308255137,10.39169134260982,11.11952417624994,-2.57088908,,0.9458338156121036,1.0,False,5
-0.3054603696012776,0.9512339773130172,0.0429870097623746,-0.9520929129526265,-0.3044210729281414,-0.02910146839358301,-0.01459615389184246,-0.04981697263522596,0.9986517018105101,18.13436108908735,3.013034562571136,-2.47497269,0.3762123904104003,0.253535635738636,0.4848484848484849,True,5
0.3770432319070243,0.9182234986613736,0.1212600832061898,-0.9261936038515342,0.3740729248470029,0.04727425389063201,-0.001951783188068176,-0.1301347509409949,0.9914943959195692,8.698871665489094,5.865824444431098,-2.50114278,0.6012684626725243,0.4284292523118888,0.2553191489361702,True,5
0.7901730326735303,-0.6105866373675122,-0.05301449522299223,0.6127122080980872,0.7890377709340787,0.0447565200495461,0.01450270606062117,-0.06784802360874861,0.9975902551695783,-0.2730227764844813,-22.85318502563982,-2.77531859,0.5518300311491516,0.4447645541357484,0.5052631578947369,True,5
0.968857206629519,-0.2363411057058698,-0.07388230448336831,0.2475046029158778,0.9334067418692048,0.2597947762534306,0.007562056433264545,-0.2699902516515056,0.9628333600969887,10.07632267542067,-9.919989049156499,-2.53549213,,0.407371280218647,0.7058823529411765,False,1
-0.6319399309005869,-0.7700547384871586,-0.08756496712062427,0.7749864361668658,-0.6268589356619966,-0.0802738969908026,0.006924412664085357,-0.11858994271937,0.9929191699202279,8.127162360581451,15.84394675810216,-2.61986986,0.4166920216225234,0.2751099565423749,0.4137931034482759,True,5
-0.4460953228104458,0.8549257304071985,0.2647658559073702,-0.8949703735724118,-0.4278381786655557,-0.1264220048243117,0.005195516750269177,-0.2933538620230834,0.9559898107416415,-0.3080144777366058,28.72603164443615,-2.78507713,,0.5849462534802619,0.1081081081081081,False,3
0.2751864298336167,-0.95554851567329,-0.1058275154673922,0.9612973477335967,0.2750229762878934,0.01642472995524372,0.01341037194792752,-0.106251572733405,0.994248844714389,3.812694781375797,7.995983992313739,-2.47972155,,0.0793288237239776,0.2954545454545455,False,5
0.9381495480751619,0.3455198291271576,0.02216919318130907,-0.3435301330238391,0.9209418847400146,0.1839920993850931,0.04315638018872404,-0.1802278907701316,0.9826776858347587,-11.69303884063476,31.72715630512445,-2.53245798,,0.6161209566942509,0.3461538461538461,False,2
0.3476399526645636,0.9258389771040253,0.1482182572639172,-0.937550412873031,0.3452754438883874,0.04223850339781172,-0.01207007178892729,-0.1536458796149439,0.9880522542074185,-9.06618453533099,-11.57228312934731,-2.56714323,,0.4956763582147691,0.6885245901639344,False,2
0.5157670946821835,-0.8561319854666927,-0.03197385656998443,0.8566234994594777,0.5159296366449203,0.003576339642503695,0.01343444144344894,-0.02923411521320632,0.9994823071424542,5.647348065401843,-1.831594711520296,-2.47711644,,0.1837556297712212,0.8490566037735849,False,4
0.06094380819538677,0.9879639637985104,0.1421726361793267,-0.9980679774418064,0.06204324332892746,-0.003308830979248672,-0.01208985723098687,-0.1416963026785201,0.9898363466550272,-11.73759473092946,1.672774863626017,-2.31487400,,0.09075665662194636,0.3974358974358974,False,5
-0.9993604370281041,0.03565455947886469,-0.002733000432624126,-0.03553740957660885,-0.9987566520846594,-0.03496058405156854,-0.003976106585716096,-0.0348411008007861,0.9993849549955253,-0.247838927203361,-15.85777994751982,-2.67485269,0.4566034645129805,0.3769203086731941,0.8481675392670157,True,5
-0.9852139421425822,0.1673924771172912,0.03651365241124308,-0.1711980681022088,-0.9535286173495665,-0.2479403101020389,-0.006686530187134383,-0.2505253170838445,0.9680869567420557,-7.612171683650217,-11.97505652114916,-2.57851029,,0.1234250038698563,0.2105263157894737,False,1
-0.7169239466468441,0.6740286040370653,0.1780603708413439,-0.6954654990645678,-0.709220988061251,-0.115470038123721,0.04845404353801225,-0.206618080121917,0.9772211492960783,-22.64796574015008,-16.36766874145135,-2.30178973,,0.3313166372729618,0.4736842105263158,False,2
0.3905653958037257,-0.8908368553157453,-0.2320956027412682,0.9205041278523132,0.3810518547280902,0.08643861761466642,0.01143775360510463,-0.2474048932811071,0.9688446710247379,2.89009159372057,25.57994986878076,-2.74989100,,0.3346127539093047,0.2058823529411765,False,3
0.9917303553677702,0.1282278502849541,0.005340473145345668,-0.1283293293780727,0.9913077606816253,0.02899149588683671,-0.001576535280578809,-0.02943708585579961,0.9995653918142763,6.269838054483387,7.758389324521914,-2.50621119,0.2328004966026428,0.1498309628556625,0.7634408602150538,True,5
0.9376148505365864,-0.3417937316528337,-0.0636823135264887,0.3476387089419109,0.9243260550113022,0.1573806597789109,0.00507149864011322,-0.1697008810527353,0.9854825675127231,-11.70034730624087,-8.362343593259197,-2.49260113,,0.1158097002092903,0.2808988764044944,False,5
0.9125186329513381,0.3969661287694892,0.0986287844718156,-0.4090256725098516,0.8839328904195513,0.2266288694372425,0.002782758431169228,-0.2471447710235932,0.9689745705699456,-16.03604477522447,4.97488663945316,-2.18907465,,0.3535537744414107,0.2295081967213115,False,4
-0.9992155037321068,0.03956942093994299,-0.00162420068637156,-0.03838597362842477,-0.9777885012873291,-0.2060489353985523,-0.009741361813929551,-0.2058249442530144,0.9785403406059728,-6.554685381527861,-15.37781406750878,-2.61215224,,0.5736423175542122,0.3191489361702128,False,5
0.9990520990476316,-0.04249631035783505,-0.009432231681475773,0.04318466850351056,0.9948272084420077,0.09194514532984116,0.005476111281227613,-0.0922653182374301,0.9957193998591082,6.141670801819487,-23.43929264621389,-2.77755178,,0.2328257929107012,0.1666666666666667,False,5
0.9976564749379092,0.0684146124744403,-0.000999407043531936,-0.06832868737624659,0.9969531101501007,0.03762561153632408,0.003570503592726522,-0.03746914680127306,0.9992914062184667,-9.335224723181966,-9.788927398733478,-2.53381603,,0.08054755851288256,0.1666666666666667,False,5
0.9936693428508547,0.1107003987478528,0.01914833662273027,-0.1120165038419817,0.9892831493788619,0.09365443514356789,-0.008575543444603309,-0.09520647074704466,0.9954206085783648,8.793964750943701,-19.37462252579695,-2.67718471,0.4388866278902004,0.4074804343938526,0.3571428571428572,True,4
0.9908891436090356,-0.1238697177549965,-0.05286774159210204,0.1300067406903507,0.9822395848405369,0.1352909655053197,0.03517033484093818,-0.1409315117196547,0.989394439317095,0.6770772089890897,25.46698495113539,-2.73324126,,0.2109369322090447,0.2058823529411765,False,4
0.01092247115462567,0.9792545644242363,0.2023393132294738,-0.9998633095839428,0.01320746174922335,-0.009946109892168615,-0.01241216225001357,-0.2022030192861659,0.9792649678303811,-19.86563491819732,1.393941110212381,-2.13222300,,0.5271233700591303,0.2285714285714286,False,1
-0.4138213230824241,-0.9049933094860803,-0.09868648513217855,0.910348653247647,-0.4108839047422762,-0.04939378861694704,0.00415235987210668,-0.1102793117913412,0.9938919615825055,19.1710939025557,-19.76509290165504,-2.59356924,,0.2534017371935019,0.8135593220338984,False,3
0.8395411128156622,-0.539894012086172,-0.06070564723100758,0.5428722048664334,0.8292195124083206,0.1329840946307637,-0.02145900919652256,-0.1446010233532357,0.9892573249511475,13.74660693659791,-31.4296408792639,-3.03560900,,0.2903556757693513,0.2307692307692308,False,3
0.9722957723404408,-0.2281028902891828,-0.05108818386503716,0.2336221452051453,0.9555946185135001,0.1796096276311082,0.007850118384638097,-0.1865690127265521,0.9824104942088046,-12.76314401263409,-18.72732652322148,-2.59199040,0.5531695858762938,0.6052982828578224,0.3333333333333333,True,2
0.7380319441661276,-0.6669629378814771,-0.102319543015372,0.6746361998382387,0.7323289712819755,0.09252175792160237,0.01322298219713846,-0.1373124805456238,0.9904395162897234,27.36607271898725,-21.99643679335202,-2.52734000,,0.6696381401957142,0.4166666666666667,False,4
0.7708760458907135,-0.6170560762670446,-0.158088331681431,0.6369065040569823,0.7505663310995216,0.1760689856553874,0.01001134165894403,-0.2364148501294346,0.9716006338390611,11.80841152734746,-14.34922149310185,-2.57057158,,0.24705597623432,0.25,False,2
-0.4602350571117123,0.8737586512942299,0.1572561969967113,-0.8877607577335684,-0.451336242659769,-0.09042363125911271,-0.00803300900662898,-0.1812220057008858,0.98340940376633,-11.60065680972104,13.87370112058255,-2.32133726,,0.4604635098963642,0.1102362204724409,False,4
0.8460586132048319,0.518870843976021,0.1223023723953362,-0.532754774592245,0.8148407162741677,0.2284884181987503,0.01889902566488585,-0.2584717670721746,0.9658339259186874,-17.92035071672052,-18.1040880987328,-2.47612203,,0.3090832106550719,0.1578947368421053,False,3
-0.8113897586987894,-0.5780345941246602,-0.08673331236531492,0.584403470578205,-0.7994948538971304,-0.1388544639835361,0.01091984683359893,-0.1633523387868847,0.9865073595052319,-26.77577727338667,3.839046689603862,-1.91451540,,0.5627289795514876,0.5769230769230769,False,2
-0.8833028677210766,0.4669657575364285,0.04146112835116209,-0.4686977312912736,-0.8777723369083067,-0.099187505467891,-0.009923737105307575,-0.1070453448168541,0.9942046135453733,-24.1993744731036,-14.40115167659022,-2.22096366,,0.119189790104198,0.25,False,1
0.1427204023941288,-0.9882037246455595,-0.05553634248940922,0.9896777313086775,0.1432199823533229,-0.005101451403575066,0.01299518726941249,-0.0542350002429879,0.9984436337903485,15.13884590586207,-25.4170690231783,-2.78927955,,0.1280640519206761,0.1875,False,1
0.4025703128620857,-0.8775142456311014,-0.2605875897210065,0.9126346404177448,0.4068197580651657,0.03994618326418544,0.07095883533217102,-0.2539024087366666,0.9646234553057593,39.56508831116236,-4.736387600350383,-2.35602584,,0.4652073898651994,0.3571428571428572,False,3
0.934769431616035,0.3467337220445175,0.0773423280835984,-0.3548651098628878,0.9215433851910646,0.1575707555753761,-0.01663921627470014,-0.1747384193809411,0.9844742867510633,20.55738223763746,-8.09700907678939,-2.42930985,,0.2130868661024596,0.2222222222222222,False,3
-0.7944613846116895,0.5916584760627356,0.1370085985038894,-0.6071365918147643,-0.779216521029724,-0.155585257122541,0.01470602735040751,-0.2067894123437083,0.9782749468846239,1.213589704627907,26.95102573381213,-2.76547196,,0.3091393889915813,0.24,False,3
0.9105969676954201,-0.4095407590141663,-0.05558353290325144,0.4131895333273298,0.9051381329653796,0.09999684895380674,0.00935798977610181,-0.1140233614574121,0.9934339943193522,-11.19500046833411,-12.01255580323732,-2.56496169,,0.3871159192646739,0.5797101449275363,False,1
0.4876925210173012,0.8647024917109666,0.1201898738356797,-0.8726009684458498,0.4870611918065829,0.03659160154076227,-0.02689897416549703,-0.1227232507098734,0.9920763322063717,20.75583714260739,0.562592796417249,-2.44996973,,0.3964926289934949,0.2894736842105263,False,2
0.3713652311525038,-0.9092063744810195,-0.1882329240439304,0.9283917803333723,0.3665177477377974,0.06126534748652313,0.0132878629011397,-0.197505719401472,0.9802116728050263,-0.8516096772453352,3.250068806287175,-2.41693298,,0.6308143508563009,0.4979757085020243,False,1
-0.2962576531933921,0.9392407172858648,0.1733732329879054,-0.9550811380085963,-0.292690543475644,-0.04639251642385061,0.00717096538472576,-0.179329642703784,0.9837629066513864,-11.59622119491985,-15.3739438906106,-2.63788104,0.4023358323745876,0.3795571295848387,0.5670103092783505,True,4
-0.8770348779387528,-0.4734918050764679,-0.0813346998788734,0.4804228108199925,-0.8636859589995092,-0.1524483095049507,0.001935386983533114,-0.1727775296516524,0.984958973523617,-17.72782672185917,-2.779867559119168,-2.28044516,,0.4431816005129063,0.3043478260869565,False,1
0.9899443558822177,0.1406586429038394,-0.01501061069342705,-0.13781729856064,0.9829428626887575,0.1217773415158838,0.03188360823976528,-0.1184840700924769,0.9924439332576588,21.6821881983991,-10.39754870624023,-2.42817612,,0.248242157598119,0.125,False,3
0.9766844904747601,-0.2112251330962168,-0.03835817011464657,0.2145594199038392,0.9664110354482199,0.1414707245136894,0.007187586283772284,-0.1464023692171192,0.9891990117721652,-2.370863775521229,31.15949634219342,-2.78812956,,0.4833082061962567,0.55,False,1
-0.948770379630016,-0.3151532004860944,-0.02265451301806611,0.3159625974347555,-0.9466689607591476,-0.06313094136377802,-0.001550406074822612,-0.06705474598091964,0.9977480930988724,-0.9206411652940574,0.6525246534590394,-2.42581393,,0.2820229197278088,0.2066420664206642,False,2
-0.5967445533454064,0.7814513860067889,0.1822900692870019,-0.8019835308599896,-0.5732303560833927,-0.1680159965415527,-0.02680213204085376,-0.2464562642185741,0.9687832345501696,-11.31418737338407,15.55522071597862,-2.34042289,,0.352253788603503,0.56,False,3
-0.02380482768931509,0.9960679156232289,0.085334855977381,-0.9994943157023397,-0.02191263801735922,-0.02304233438336098,-0.02108181817103198,-0.0858402222802255,0.9960858462911152,32.53747379839774,-9.838166597990721,-2.31196453,,0.282724468969747,0.391304347826087,False,3
0.5300859848667254,-0.7982663741088294,-0.2859714052401338,0.8476499401311876,0.5077369638292741,0.1539245092797949,0.02232549312935369,-0.3239968696277383,0.9457946927467705,3.037326408748925,-17.97052500231439,-2.68903226,,0.4318433984800651,0.1304347826086956,False,2
0.9723102452941993,0.2283575460485738,0.04965499026892273,-0.2327981226827834,0.9650518029450778,0.1203330865050264,-0.0204406695415056,-0.1285606813731474,0.9914909632636931,-4.312202722112943,31.20372856998634,-2.73284719,,0.2977538101944716,0.1428571428571428,False,3
0.6825943303558124,0.7198186506686383,0.1261986145553223,-0.7307435544383107,0.6701919117526763,0.1298331970959609,0.008879065996239343,-0.180842228395018,0.9834720385532882,10.47584191203936,-8.329315928249628,-2.51479115,,0.2014696151036501,0.3877551020408163,False,3
0.3944220916121312,-0.8794093317138053,-0.266590399195076,0.9188334891808505,0.3816109955057643,0.1005886040704594,0.01327527054548485,-0.2846265542843426,0.9585465517063667,-7.269580435590967,16.8758238022438,-2.43619799,,0.78998563517299,0.5225806451612903,False,1
0.8533937353469717,-0.4921738634639992,-0.1717091162211955,0.5211623068381768,0.8121995190409194,0.262148414454122,0.01043946366694932,-0.313204133741272,0.9496284474496994,-3.340310919458545,-11.70205245980353,-2.59787525,,0.4280253974090935,0.2203389830508475,False,1
-0.9963976712281117,-0.07937011594486479,-0.02986746500950262,0.084729515223458,-0.9464745484378905,-0.3114592082589448,-0.003548241986245225,-0.3128678856229729,0.9497900273874309,-8.388713024358879,23.72906499131588,-2.50721178,,0.4538630037365388,0.1612903225806452,False,1
0.1637617790727011,0.9572748672320206,0.2383419985668938,-0.9864324320665957,0.1617253588866494,0.02821285629222289,-0.01153848699461842,-0.239728464849091,0.9707714079323583,-18.46972008530821,-13.8725021929171,-2.46493074,,0.5747958574779438,0.3611111111111111,False,1
0.9298246271365193,0.3635366671402805,0.05715990216025259,-0.3680028241076183,0.9186620038042111,0.1436455506280971,-0.000290205530921473,-0.1546001759732784,0.9879770753260325,2.521027444491267,28.24263451568368,-2.80988795,,0.3054764886061184,0.375,False,1
0.08974309012602409,-0.9639109403168864,-0.2506429271135497,0.9957908125221988,0.09154537696010424,0.004483486769444986,0.01862351929715981,-0.249990286000573,0.9680692234723403,27.11609654695428,-0.5035264791588645,-2.41276881,,0.5172597207686359,0.3636363636363636,False,4
-0.9764072452111785,0.2043949147403804,0.06965350190327607,-0.2154462725786432,-0.9438540743505575,-0.2504443849716363,0.01455318285070681,-0.2595422993658735,0.9656220791328193,7.053191799107708,30.59102473942217,-2.95049665,,0.4248601267228058,0.2,False,3
0.9618584367966456,0.264309254100183,0.07049089132730788,-0.2735457475303207,0.9283920362306092,0.2515172977583478,0.001035167228732526,-0.2612065184113679,0.9652823851952443,12.63803988242307,8.65306274477038,-2.54094910,,0.7056071318196715,0.3888888888888889,False,1
-0.3614133963829074,0.9295281827401144,0.07319640979468427,-0.9323109532394742,-0.359142436086651,-0.04257930332271864,-0.01329072551344706,-0.08363054521887106,0.9964081937247002,10.58621833500189,-14.38448694351379,-2.58006428,,0.1635591802503551,0.5,False,1
0.0204915709593336,0.9956154383635097,0.0912688030591838,-0.9994946562019918,0.01818114606969317,0.02607447317311785,0.0243007765983262,-0.09175698785286034,0.99548487052134,16.22220847153727,-19.88823537464307,-2.62962656,,0.253111989374065,0.3571428571428572,False,2
0.2900889782097962,0.9444238578400834,0.1546349296363871,-0.9569411147847527,0.288047002752243,0.03595312281241156,-0.01058714105466928,-0.1584061266110099,0.9873172800555985,22.69743838789503,-7.323945001653982,-2.40724238,,0.08174503393412495,0.1111111111111111,False,1
-0.6355409369453526,-0.7636655655429799,-0.1135897067103517,0.7720382200791716,-0.6273273331865139,-0.1020656836261897,0.006686120220881802,-0.1525625151897315,0.9882712050623426,22.67295952205092,0.8715161181739006,-2.44472375,,0.5457652446984297,0.5,False,1
0.9502716249468659,-0.2978118276337989,-0.09106016770388699,0.3113124173438317,0.9161864678147605,0.2523627052491178,0.008271494930394495,-0.2681612789246978,0.9633385234989241,6.4273998257774,10.7704734707242,-2.52782363,,0.3624282906983691,0.1923076923076923,False,1
0.6942471822504914,0.6989765304271499,0.1716177725332574,-0.7197135831918843,0.6761098049814204,0.1577589610040744,-0.005762647512386422,-0.2330393561611641,0.972450230281035,-4.630938260616801,0.4553405315911903,-2.39458805,,0.1947760857379756,0.3040816326530612,False,1
0.7843269001086984,-0.6025078902694132,-0.147700900230775,0.62024379973322,0.7660019793731916,0.1689337044193698,0.01135529208686478,-0.2241098162942764,0.9744977411888487,31.93016941810839,-14.86850089870194,-2.33804910,,0.2805145675390434,0.2666666666666667,False,1
-0.9684449222062025,-0.2341482047262569,-0.08537593851017972,0.2492239136844989,-0.9117169967968012,-0.3265877502289453,-0.001368758855514674,-0.3375599738939635,0.9413030280010274,3.171103908105749,-7.826595903498259,-2.52480603,,0.6335166544997112,0.1761006289308176,False,1
-0.3266275582005401,0.9109200591497467,0.252069601623389,-0.9451511398856419,-0.3142493481929893,-0.08908798983674654,-0.001939328962204723,-0.267342463890237,0.9635996295164672,2.68379490155553,-20.08554399120129,-2.71655745,,0.4671057665706164,0.3870967741935484,False,2
-0.9994281635580254,-0.03023818859451881,-0.0151326745010496,0.03355152251869942,-0.9424239556763686,-0.3327332010845673,-0.004200145677188982,-0.3330506563840224,0.9428995805802768,-9.68799790723807,13.66092815693963,-2.35288541,0.8376420613225043,0.558204856519659,0.6428571428571429,True,1
0.8675404818606687,0.4931024361641285,0.06498845883662711,-0.4973618694568719,0.8595260083597709,0.1176699271839866,0.002164057144380063,-0.1344062067098114,0.9909239569485414,-13.74169591310897,-4.061353674003982,-2.39118540,,0.2400538448835109,0.1363636363636364,False,2
-0.3803846956517103,0.9107296364669224,0.1608695514222102,-0.924732945416195,-0.372048713003153,-0.0803040149344113,-0.01328393676002288,-0.179307792394879,0.9837033356711924,-2.096026156697349,-24.37326381489652,-2.81242194,,0.6243521908348351,0.1785714285714286,False,1
-0.0431660416622846,-0.9634179568759786,-0.2645043160633186,0.9990064671753391,-0.03868693995566801,-0.02212236919305488,0.01108022513567241,-0.2651964574533012,0.9641307315738675,38.62859449085101,-14.24577987152722,-2.26705344,,0.5600274268109118,0.4,False,2
-0.08493077520309325,-0.9748286042887455,-0.2061454721400846,0.996314277886385,-0.0805900201632135,-0.02937870538033377,0.01202593460539639,-0.2078808334372112,0.9780802298310285,6.029320344821372,29.80989830984321,-2.89442579,,0.3051242232332326,0.2105263157894737,False,1
0.3835272945895787,-0.870221535299327,-0.3092269293028697,0.9234340234414802,0.3661675134457917,0.1148518891773542,0.01328226846136404,-0.3295995018172955,0.9440274094253366,-7.911952561891781,7.417242211474161,-2.35146201,,0.4229836628225398,0.3125,False,1
0.2595904618049453,0.9146739304386556,0.3098134811718122,-0.965657992016223,0.2494537983218081,0.07264602506688911,-0.01083672437093393,-0.3180320793233353,0.9480180177223344,-9.054235173573431,-35.49577040473054,-3.03082307,,0.5268670903967125,0.3636363636363636,False,1
0.7362865314279117,-0.6766132394978052,-0.008756013598749514,0.6765663816595392,0.7363385908848746,-0.00796308870960537,0.0118353219632865,-6.090947281956938e-05,0.999929958269109,5.837688435357393,-2.649351664484158,-2.47839059,,0.1242796254908307,0.58656330749354,False,1
-0.9873068966701221,-0.1487454191937873,-0.05567667425840715,0.1588030860156097,-0.9302330964442543,-0.3308292099432172,-0.002582955580562872,-0.3354715882881871,0.9420467832288741,32.73958440584346,-4.995842011346241,-2.34262500,,0.6922986183835456,0.5581395348837209,False,1
0.996393153954389,0.0846899838318173,0.00531877724585693,-0.0847826490453297,0.9909441537843764,0.1041229393621896,0.003547558834041825,-0.1041983239746795,0.9945502119587455,28.46191851836579,-21.70263980547986,-2.49536018,,0.09741259760542455,0.3,False,1
0.9407430925721967,0.3355711116343499,0.0489332485554094,-0.3391200662256825,0.9308467566573956,0.136095173696557,0.00012025301491055,-0.1446248410781976,0.989486554169544,-13.63576167225983,4.104134321177099,-2.25975884,,0.1721787015021829,0.4310344827586207,False,1
0.004651768290098383,0.9774126628732045,0.2112885408792595,-0.9999117781473302,0.007175249146408053,-0.0111781806181217,-0.01244174320662569,-0.2112179023065948,0.9773598113137156,10.08576695301116,10.31219328994467,-2.55391302,,0.1705459354150172,0.273972602739726,False,1
0.7478554339665947,-0.6540017782676629,-0.11399089397566,0.6637579960427358,0.73966685303086,0.1109876984929193,0.01172913364094636,-0.1586651207737798,0.987262785115429,-20.93065872894726,2.110680073462362,-2.11365717,,0.1144552840233318,0.2857142857142857,False,1
0.7903099284490891,-0.5765040565779123,-0.2074928667304168,0.6126033012417028,0.7497252613419941,0.2502583221662087,0.01128770581485989,-0.3248924518281234,0.9456836058865287,3.93780210333091,-25.04274128732951,-2.83443079,,0.3843413595791446,0.2,False,1
-0.7501588315788097,0.6530056244654328,0.1041411629511833,-0.6611540410816293,-0.7378929365816336,-0.1356073305701592,-0.01170732103198214,-0.1705803873821473,0.9852742106006886,4.305960195017917,-15.72585382473528,-2.64660902,,0.5558686874306922,0.1111111111111111,False,1
-0.1902592096500304,0.9541049390053195,0.2312686716980953,-0.9816462887911792,-0.1817412948953515,-0.05779848987876682,-0.01311475679724066,-0.2380207282894003,0.9711715276194688,16.29989278103028,-9.572711523208682,-2.47681375,,0.4934344738039909,0.3829787234042553,False,1
-0.1870599819966013,-0.9750405614376606,-0.1196012821284158,0.9822825862195611,-0.1842456362637878,-0.03427048770532769,0.01137910124923039,-0.1238928935374491,0.9922303497604152,-20.21698712803624,6.929259956471242,-2.08193495,,0.366119685073413,0.1363636363636364,False,1
