axis_00,axis_01,axis_02,axis_10,axis_11,axis_12,axis_20,axis_21,axis_22,location_x,location_y,location_z,dbh,dbh_approximation,score,reconstructed,number_clusters
-0.6957977999491953,-0.714889156463882,-0.0692742055617905,0.718064531546243,-0.6945048167772843,-0.0452370203309598,-0.01577181413574393,-0.08121916918750416,0.9965714708114805,-16.87561831131293,9.872707036223915,-2.26433689,0.2727928199095921,0.2584178006605919,0.8333333333333334,True,4
-0.9936633944966232,-0.1077394099417542,-0.03201996225560218,0.1101520222046376,-0.9901171391336926,-0.08680197462005325,-0.022351519896342,-0.08977900834334261,0.9957108712970895,21.9608822976183,-15.71013975451939,-2.18306591,,0.2299115543869459,0.6666666666666666,False,5
0.9590277500460477,0.2832175599206138,-0.007320409430362473,-0.2821583412028806,0.9571327256510486,0.06544933901447904,0.02554300552506227,-0.06070221775525989,0.9978290412832945,-13.36855846784377,24.81506552053662,-3.17841819,0.3286857394886804,0.3508862136991394,0.4883720930232558,True,5
0.8682727252344203,0.486860546824614,0.09523278090883812,-0.4956858389174332,0.843714420524859,0.2060134114447943,0.01995053158974554,-0.226081367087249,0.9739040978172582,-2.0570708370457,1.440983799488265,-2.00483243,,0.1703502886302679,0.2070707070707071,False,2
0.7560339013573655,0.6543670274358225,-0.01471507401164721,-0.654486625441552,0.7560559387584483,-0.005164744544752307,0.007745780560561038,0.0135355411006889,0.9998783886106455,0.1906733284746736,-3.893936892475836,-1.96354776,0.2523835221512035,0.2238610312698905,0.8297872340425532,True,5
0.9787705778179325,0.2048794557361946,-0.005706541438599836,-0.2041627523672838,0.9770422768566522,0.06087659468616313,0.01804789582652045,-0.05841915654996149,0.9981289874581469,2.34357208508564,9.897245720908415,-2.18158912,0.1908301433234802,0.1999503313783298,0.5714285714285714,True,5
-0.6482950307009926,0.7591662194022896,0.05813952602863139,-0.7607477505959013,-0.6427237985544049,-0.09038240279542002,-0.03124761001541928,-0.1028239762420795,0.9942086384547727,-2.053952434546346,-34.75067927455518,-2.83607106,,0.1017627861656154,0.3846153846153846,False,2
-0.9994434864640076,-0.00957881591782304,-0.03195252181409522,0.01280635288265162,-0.9946621473239581,-0.1023875481039399,-0.0308012124844587,-0.102739763317345,0.9942312740720755,-8.695800655101522,-20.79087447144497,-2.27566125,0.3059141931116746,0.2720816362772335,0.6724137931034483,True,3
-0.04148262296748167,0.9991389827408935,-0.000696533723939186,-0.9989991333939013,-0.0414884702266724,-0.01671640860001864,-0.01673091360237127,2.396111269929241e-06,0.9998600284661284,-12.09015877196546,-0.9691887515131725,-2.07335469,0.285420685229447,0.240990641511431,0.946524064171123,True,5
0.4978985466614091,0.866210448157415,0.04214850810392613,-0.8669724208951891,0.4959629000133719,0.0487813818732206,0.02135084634368012,-0.0608297732467931,0.9979197763583766,-7.965489298019492,-24.44324016538127,-2.37743014,,0.1559772944408132,0.3076923076923077,False,3
0.8762155149044334,0.4798672445939717,0.04442745779974555,-0.4818272053663626,0.870513366468179,0.100244815173051,0.009429507389044502,-0.1092424201765381,0.9939704110406774,-0.5117791723766061,-23.24468787392391,-2.37226122,,0.2150480444445548,0.1818181818181818,False,5
0.7377883860015126,0.6708218474367433,0.07527513854413449,-0.675013491646166,0.7323392001921918,0.08964419645193732,0.005008350720103096,-0.1169501811175025,0.993125154026243,-9.496637713314357,-6.595982005176552,-2.05847425,,0.1257017887074146,0.397489539748954,False,5
0.9728386658690414,0.2306590385177959,0.0195278810983183,-0.2312308508181742,0.9643643151681539,0.1285836741587421,0.01082699496847613,-0.1296066185821705,0.9915063795052705,11.99301471468868,10.85526605179433,-2.15872065,,0.184711305265361,0.25,False,4
0.47245200491592,0.8470162488546765,0.2436238437162511,-0.8813422946661026,0.4556004995045412,0.1251556809893249,-0.004986249453909824,-0.2738460498662806,0.9617606138166703,-6.765506136671178,-1.784681735420236,-2.02236872,,0.1594512763788598,0.304,False,1
-0.07276860024698525,0.9481339218905511,0.3094297932949202,-0.9971283476486354,-0.06263884138116019,-0.0425609429633329,-0.02097115003037917,-0.311638318746056,0.9499693516927457,-28.34059171186468,-2.31827026250312,-2.15224645,,0.3420122432172248,0.2,False,1
0.2486319898724651,0.9666890687438576,0.06078139504151095,-0.9685411284038667,0.2488075511851145,0.004783833549715949,-0.01049839045869285,-0.06005869499415075,0.9981396380033092,2.582131083984819,16.92326857440571,-2.50664986,0.2082500136121161,0.1395278536118479,0.3421052631578947,True,5
-0.248094554286935,0.9392668691871207,0.2371219951429891,-0.9684171467489696,-0.2341904475551478,-0.0855749037773592,-0.02484596578424305,-0.2508636735785877,0.9677035161984813,13.51044823513334,-12.11578338900512,-2.03267791,,0.5923533735992921,0.2857142857142857,False,1
0.7571702769193732,-0.6513583091878509,-0.04924961727550381,0.6526851019210815,0.7574432895410402,0.01678752094607875,0.02636910085890136,-0.04485550335456871,0.9986454097119264,1.199606612316472,16.08577172278888,-2.47488244,0.2520461166222747,0.236835416919732,0.456140350877193,True,5
-0.9162259102594782,0.4005489528997626,-0.009519332964822252,-0.3989709815076503,-0.9142818576068493,-0.0700773912598883,-0.03677277911735102,-0.06040878397942745,0.9974961360998419,24.38263395656548,1.772913208221098,-1.80077854,0.473271622067054,0.4470339727554221,0.3962264150943396,True,5
0.614600070891168,-0.7494795444314373,-0.2460633360324473,0.7882435704649334,0.5956098816814837,0.1546639662754813,0.0306402754763302,-0.2890143271919489,0.9568343075979877,-35.61155229393049,3.166617361680096,-2.21181580,,0.2565149757378668,0.2631578947368421,False,1
0.236227242115569,-0.9707592239378485,-0.04269917121044019,0.9714942205572885,0.2368491499748471,-0.01007271462809778,0.01989144304114283,-0.03910254845631612,0.9990371971042734,17.13028533033159,21.49339878715415,-2.72518372,0.4099201726053373,0.3312653039300629,0.8461538461538461,True,5
0.7683423334429672,0.639808843655566,-0.01716689312434328,-0.6399175235494039,0.7684427808497629,-0.001120541958308423,0.01247484243640818,0.01184635555813449,0.9998520101325876,-2.315053238890499,10.79836225638007,-2.25207904,0.1729580278242098,0.1277672562348664,0.55,True,5
0.9556043226724455,0.2907313921140934,0.04791279713330142,-0.2940565422800091,0.9306364185738744,0.2178224193381308,0.01873842127984235,-0.2222411169504702,0.9748116523229222,-29.11139133711126,2.459942583889472,-2.21283866,,0.3664472024732967,0.492063492063492,False,3
-0.9993707980255954,0.03343042430872827,-0.01184967443530325,-0.02761021013184844,-0.9429677841105355,-0.3317369958659138,-0.02226396977538948,-0.3312010942919793,0.9432974879589342,-18.75736485888771,-1.943297648328837,-2.11632323,,0.3419919789606241,0.2653061224489796,False,2
-0.5701813746898822,-0.8071794985159625,-0.1528216513857776,0.8213609308227727,-0.563768506431364,-0.08678301950323157,-0.01610655998981498,-0.1750037951921869,0.9844360062460263,6.26548005805725,-20.47124923856677,-2.31325246,,0.6680245011284744,0.5517241379310345,False,2
-0.4469959217869347,0.8765171975486199,0.1786399963820059,-0.8945049641493231,-0.4363134422777198,-0.09742406889463148,-0.007450840091393618,-0.203342525039111,0.979079313688453,-21.80994247631972,-1.226191961971608,-2.13770814,,0.3179001856127863,0.2321428571428572,False,4
-0.1716722346175943,0.9727311370901629,0.1559576185913323,-0.9847060494996572,-0.1646562345875779,-0.05694137766350802,-0.02970925680961015,-0.1633476640381441,0.9861211389647326,-12.39365349254987,6.211679618051846,-2.16469992,,0.3503402002829055,0.1851851851851852,False,4
-0.9990432861076131,-0.02847728562882881,-0.03318970753886945,0.03620885673477562,-0.9642242738428228,-0.2626032528858716,-0.02452409381123153,-0.2635537780709938,0.9643329170401906,10.73696532848422,-20.95487453780868,-2.36759458,,0.6607135118649495,0.1081081081081081,False,1
-0.8088649069272,0.5878197017145133,-0.01433738532343126,-0.587138786179745,-0.8087626155471356,-0.03422100899640151,-0.03171132455491978,-0.01926213824103845,0.999311443907932,-5.813454194854472,-17.70974470008707,-2.21073651,,0.07245692947133832,0.1428571428571428,False,2
0.4655222436907326,0.8756004704537168,0.1288908715556514,-0.8848048360535815,0.4571091091208884,0.09039725911166697,0.02023469113528347,-0.1561252013607572,0.987529988797668,6.176390727376429,17.85100989354157,-2.53112689,,0.3565526776238913,0.3725490196078431,False,2
0.9936995327425766,-0.1051599327809962,-0.03876373517453807,0.1111054037971267,0.9697309705130597,0.2174337464030755,0.01472507637544844,-0.2203706726524559,0.9753050490797441,-29.81075309991346,-7.272674336765022,-2.12224069,,0.4862324976647628,0.6,False,3
0.9873073582483609,0.1587343530527745,-0.005252190929457239,-0.1583184869587752,0.9862729865313324,0.046913246803543,0.01262683791479411,-0.04548627484728916,0.9988851594476665,20.93507394230301,28.00974426913064,-3.34175312,0.4634584962876104,0.3465577482751387,0.6388888888888888,True,5
-0.9144096091512739,0.3990481051675186,0.06793876988898677,-0.4037622334844486,-0.8871959978654533,-0.2232920065366717,-0.02882924736210099,-0.2316114658943649,0.9723810998588978,13.65316529820458,-21.23726979506665,-2.41322244,,0.562339281490374,0.1071428571428571,False,2
-0.9666127956397099,-0.2518754747710047,-0.04710040885668106,0.2545059908349453,-0.9650648035519521,-0.06226255354831136,-0.02977253658505349,-0.07217111717380098,0.9969478050084563,18.23985991052652,-7.83359133946351,-1.91467232,0.5475015076243059,0.4929028187131011,0.3928571428571428,True,5
0.9911400097120016,-0.1218215724141619,-0.05292433884928724,0.1281997813248745,0.9816230801244564,0.1413539692942118,0.03473178970838376,-0.1468864631663372,0.9885434081122267,-26.52896460200392,5.350764396309046,-2.24840236,0.1867225484678463,0.2077439721026957,0.3478260869565217,True,4
-0.3117173913435656,0.9268550294645613,0.2092176433530626,-0.9498164640838336,-0.2979051868082174,-0.09540012698127945,-0.02609506637748755,-0.2284562409500079,0.9732043945039225,15.60333647566151,-2.685194598147632,-1.84683889,,0.6332879486636436,0.3728813559322034,False,1
0.5645785676256629,-0.8135201416105898,-0.1394131276875981,0.824402859006301,0.5640219928739539,0.04731931547189296,0.04013685388753962,-0.1416480523988148,0.9891030594491309,-10.64692271868367,7.736974958659573,-2.19085135,0.891096252474131,0.5922408942817462,0.3333333333333333,True,5
0.8967247401041579,0.4331626266330334,0.09085636671968061,-0.442451807992689,0.8722502972391637,0.2083646240852582,0.01100627498886321,-0.2270452771025234,0.9738220084062116,13.17045486721952,-13.40515238090683,-2.07796576,,0.5174982485572827,0.4761904761904762,False,2
0.4320843267033909,-0.8949154114698633,-0.1114878510466631,0.9012520297491576,0.4329310650835561,0.01776152467109237,0.03237149193814593,-0.1081531284769115,0.993607058806627,-12.11598094531703,-8.742061974904288,-2.09108737,0.2768055455562669,0.188561157831531,0.6416184971098265,True,5
0.9881848358791553,-0.1500047238755291,-0.03145334566487744,0.1517370058039331,0.9864218335083379,0.06283189832964413,0.02160118534120634,-0.06686216563255978,0.9975283653103706,-10.93664089176954,-6.803880151020223,-2.06847875,0.2144258851608155,0.1746323018735189,0.614853195164076,True,5
0.7051649321435671,0.7082197016113935,0.03416537317848503,-0.70903974614876,0.7041894640559674,0.03714615853449382,0.002248745485479235,-0.05041877588792127,0.9987256330853352,1.784059371706036,-8.62086379214935,-1.99191114,0.2164692428613517,0.2597032394903667,0.72,True,6
0.758601495019942,0.6514444268285946,0.01199710412859378,-0.6514179134162672,0.7579358957643801,0.03446563494617798,0.01335940993851224,-0.03396081073546844,0.9993338728874772,9.181131467838327,8.76292095414641,-2.08513393,,0.09172329091084701,0.2,False,5
0.9996851127517867,-0.000249691022969142,-0.02509209032426259,0.00231687175439542,0.9965975919647061,0.08238854165127212,0.02498614511527515,-0.08242073370543826,0.9962843545934746,-8.652141484187581,9.441259572343938,-2.23126059,,0.08417716380382106,0.3076923076923077,False,5
-0.3320316605803438,-0.9417267423440644,-0.05390472267153516,0.9431688948208525,-0.3306247540887802,-0.03346203559476411,0.01368985809535811,-0.06195171295266448,0.9979852569289586,6.96621142355491,23.19268455960497,-2.91751153,0.3797347376176703,0.3833787090136307,0.7368421052631579,True,5
0.9114975165771081,-0.3927682573897728,-0.1220875639070814,0.4087405796947235,0.8980869293958101,0.1623915199732625,0.04586301107195068,-0.1979216088137076,0.9791443310258238,-45.05356024927724,-16.38434780128068,-1.95169643,,0.388258843249161,0.3541666666666667,False,2
0.8866928025884643,0.4562459282139926,0.07493681889409326,-0.4623228457720133,0.8769285556786275,0.1313540806852325,-0.005784471893018519,-0.1511157212984393,0.9884991546083237,-20.8372858872398,-14.44153081596369,-2.16913702,,0.2500113444073088,0.2571428571428571,False,4
-0.2497615342458432,0.9623722092274157,0.1070462839985895,-0.9679869983655908,-0.245304948509605,-0.05316627908622741,-0.02490676627619546,-0.116898302568704,0.9928315264183647,-5.9684180195691,-10.94282972704019,-2.07891130,,0.08419725276313153,0.3090909090909091,False,2
0.7660942997166412,0.6187947751141437,0.1737600363521634,-0.6426900055109884,0.7345764571421115,0.217593624513286,0.007005766050513553,-0.2783710741150731,0.9604480539508975,2.929569761204846,8.733923679355485,-2.13603322,,0.3081134926696617,0.2222222222222222,False,1
-0.9896437700953523,-0.1379772876409182,-0.03959136783080525,0.141933287869558,-0.9817923992563667,-0.126248273481127,-0.02145110966817286,-0.1305601503433707,0.991208301537231,-6.243991505107516,-19.17582199909117,-2.24423399,0.2501473438975662,0.208417898555326,0.7435897435897436,True,5
0.7552327241412794,-0.6543189331685174,-0.03860396460670541,0.6547779814520607,0.7558206311943757,-0.000984106955817017,0.02982159270909933,-0.02453379624413731,0.9992541045450573,-10.93063710134587,-8.431604670821969,-2.08069101,0.4337276030492932,0.2128901245787394,0.945,True,5
0.387250075979185,-0.9205176257596918,-0.05181389118619405,0.9215954447307918,0.3880908227153756,-0.006881102786352599,0.02644267205803669,-0.04508673851413775,0.9986330512778898,-4.535420262630481,10.82571831457966,-2.26744811,0.6272831328206724,0.5608738448988252,0.9567901234567902,True,5
0.9236346072576495,0.3814278263895284,0.03757559755702061,-0.3830096417742321,0.9149086252273839,0.1274590985081593,0.01423820859454481,-0.132117450551765,0.9911318038867083,-8.74501985969684,-13.26509659975426,-2.12663345,0.3992628411096167,0.2807632567824388,0.7971014492753623,True,3
-0.4941792307320158,-0.8594201570298361,-0.1310873052737185,0.8689865436516696,-0.4838995878768342,-0.1034580871897171,0.02548087254075598,-0.1650399422668401,0.985957677890446,3.492357933972585,-5.689521368480371,-1.94953209,0.6326473862095658,0.2264962465512614,0.2448979591836735,True,5
-0.467891218369543,0.8651437132517955,0.1805662293829035,-0.8828056583231364,-0.4671343966255588,-0.04939256140279279,0.04161703263470545,-0.1825152347344458,0.9823218473008284,-2.191502916537416,-0.2247279540409295,-1.99207096,,0.488393164428777,0.2610419026047565,False,2
-0.6036323701668806,0.7971910166037087,-0.01069788451329651,-0.7966572624388999,-0.6036424739515287,-0.03087020966945991,-0.03106715130282042,-0.01011171044007433,0.9994661502131548,7.487103304638453,-4.843832974845554,-1.92251839,0.3886950302801804,0.2903252340488396,0.8071428571428572,True,5
-0.6400662819224053,0.7682963898766355,0.005984316883033572,-0.76760416457144,-0.639114725052592,-0.0481270688233889,-0.03315118819302648,-0.03539810056314199,0.9988232942807813,1.864488610055389,-16.96881274837301,-2.17865973,0.6867705479055062,0.622286514840326,0.9565217391304348,True,5
0.6889600425592611,0.7033838157044288,0.1748864419039341,-0.7246101596677577,0.6739413070767706,0.1440251058736625,-0.01655826872009198,-0.2259520356640566,0.9739976906113594,-31.91992191702261,0.6991112827656139,-2.18639445,,0.310570895634062,0.125,False,2
-0.5271453960228273,0.8361118537171538,0.1517718667131741,-0.8497642544992636,-0.5177603628045363,-0.0991207268124368,-0.004294557864003346,-0.1812213419610945,0.9834329575474746,6.661030548931649,19.59715716448432,-2.63609973,,0.3461381671827278,0.3125,False,5
0.1434177810733116,0.9815974766738048,0.1260862159779056,-0.9895881008296447,0.140679025609714,0.03041056477408499,0.01211324763987943,-0.1291348347314575,0.9915530564173027,11.80392563973638,29.4300852672398,-3.47583905,,0.3292081368217918,0.7857142857142857,False,5
0.9012254136725381,-0.4258868273493885,-0.08008223299230922,0.4328254693297711,0.8937248357714599,0.1179747050207812,0.02132760770048288,-0.1409834324151215,0.9897822007564215,-23.76170066291544,2.207238397937658,-2.17848631,0.2038410794462499,0.2763652886699263,0.475,True,4
0.556551564200555,-0.8284870619943213,-0.06212523234511,0.83042114970405,0.557028140186978,0.0109711058713741,0.02551608336167711,-0.05769609300338062,0.9980080612610432,-3.557192851985661,14.83956523782246,-2.44489159,0.1261621413430128,0.1058787040875835,0.2962962962962963,True,5
0.2990540618062348,0.9354454370005408,0.1884369987875527,-0.9540117812830429,0.2973784313507947,0.03778345855657896,-0.02069273520704319,-0.1910704136233762,0.981358195435002,7.69774540443251,-1.744162922334624,-1.90675898,,0.2568755636136703,0.3777777777777778,False,5
-0.424337575864799,-0.9025130987148313,-0.07353725829359334,0.9055037816195469,-0.4230006822315838,-0.03366488236002521,-0.0007233131310135575,-0.08087354004720891,0.9967241079347618,-21.00001202286475,-3.77560370240576,-2.12333074,,0.2525836695988266,0.8524590163934426,True,3
0.6024847933353764,0.7943785858421964,0.07729641747829921,-0.7980025580581052,0.5978235935268609,0.07615030108509017,0.01428254642380215,-0.1075621372880873,0.9940957677656965,-18.43249808100077,-0.1854308841826082,-2.12409655,0.5763541881735523,0.5728901282709665,0.6391304347826087,True,4
0.9485509765864264,0.3134821433790955,0.04449708529088658,-0.3166063497383408,0.9405863113152385,0.1227102696262865,-0.003385870980959512,-0.1304850058391411,0.9914445012853009,16.40198126561518,-12.35619453813916,-2.05383919,,0.6023944842481199,0.6222222222222222,False,4
-0.5667842711566219,-0.8190574459027152,-0.0888847021752195,0.8238648968950885,-0.5632799169810025,-0.06294733346155693,0.001490514509270553,-0.1089065445103992,0.9940508754230352,10.86211650355168,-15.30369584216379,-2.14366434,0.6985462836479253,0.5582137119462773,0.5535714285714286,True,4
-0.2484322860295216,-0.9331285954179623,-0.2599084909568122,0.967354845165706,-0.2251355268881441,-0.1163554814661999,0.05005999193547143,-0.2803301962794929,0.9585974015515181,-11.34506480432194,-20.19687954243443,-2.26470451,,0.5394404502878338,0.4313725490196079,False,2
-0.9216468708125795,0.3862575145097111,0.03704292113427098,-0.3847680345980593,-0.8973741547345607,-0.2160397786658237,-0.05020562790092377,-0.2133653179390032,0.975681626365825,15.65759175565518,8.221154174812398,-1.99827815,,0.4926279747090404,0.5949367088607594,False,4
-0.990180015504652,0.1390996611456493,-0.01395783523235324,-0.1370588527696161,-0.9855949474966162,-0.09908314865111746,-0.02753920428561204,-0.0961971087835195,0.9949812603707708,-5.55353492338233,-21.5732619514132,-2.31689301,,0.09034224873412004,0.4615384615384616,False,2
-0.557152980401724,0.8287504129406605,0.05247198757584436,-0.8298681963129233,-0.5533949498524374,-0.0712236353056513,-0.02998888423750143,-0.08322729437210921,0.9960792560302052,5.306776356615131,9.635960267006624,-2.13937487,,0.659841428701214,0.3023255813953488,False,1
-0.9432121633903315,-0.3294372544096602,-0.04268384049677156,0.3318278987316787,-0.9403767485610133,-0.07471155458919439,-0.01552612172590933,-0.08463253613617079,0.996291259306891,16.64990982985529,9.942966547426465,-2.06091581,0.2517778840030528,0.1404535667967606,0.36,True,4
-0.3193529711657592,-0.9441482830172699,-0.08122622410983787,0.9474037797663146,-0.3162029572564272,-0.0494142480139998,0.02097040514870342,-0.09273461865899879,0.995470005881678,13.59114884803978,9.712248684225983,-2.08343572,,0.117930737676225,0.2222222222222222,False,4
0.4060689392405442,-0.8626771841625741,-0.3014897883998603,0.9134070834918002,0.3933333633500571,0.104768149276088,0.02820490047959429,-0.3179259995676124,0.9476959124043282,-1.973345778761285,36.30404291147374,-4.19145760,,0.7204374453881209,0.3333333333333333,False,2
0.8910842392657703,-0.441871491201459,-0.1035300139840715,0.4527654612078081,0.8812121629435865,0.1358990839467535,0.03118197667601918,-0.1679723463659569,0.9852984193567406,-7.734257631589998,-19.66068125675974,-2.25705773,,0.8297219794614141,0.375,False,1
0.9207913605827401,0.3884450007655507,0.03540835574322371,-0.3894393471840557,0.9104408437478176,0.1394075496543138,0.02191495245361,-0.1421546742672033,0.9896018307596964,8.547631377402382,-6.253298970408991,-1.92889404,,0.1907448985533968,0.3333333333333333,False,4
0.6684917973965788,-0.7411879774510026,-0.06131149073039793,0.7430088155549356,0.6691828389557231,0.01149904582176673,0.03250564291232349,-0.05324199591723885,0.9980524400298842,21.46064770723956,-13.2935443047445,-2.06366145,,0.1163889552251368,0.4761904761904762,False,2
0.9925599310505322,-0.1141623050820021,-0.0423290842249945,0.1179405517208529,0.987836851817743,0.1013330175736973,0.03024581843401835,-0.1055714084834257,0.9939516427764895,3.255554471350536,-16.05808049141228,-2.14963108,,0.1255693695490833,0.175,False,2
-0.3198041805656365,0.9361432764263812,0.1461542065573957,-0.9400258091959915,-0.2941732482898285,-0.17266608826296,-0.1186455399000024,-0.1926080631549238,0.974076675559756,-8.319266877283695,-2.14199477943464,-2.03916336,,0.3482785139828543,0.1184210526315789,False,2
-0.898012933235165,-0.4206150860499887,-0.1290570460282432,0.4353129753479977,-0.8919864707793589,-0.121912876433367,-0.06383874400431964,-0.1656595464612421,0.9841145916153295,-3.793033150154571,-9.290538802227445,-2.03887611,,0.231237582783964,0.2522522522522522,False,3
0.8397225644352628,0.53553333679293,0.0898335124644221,-0.542907436801342,0.8246839421319611,0.1585809277797448,0.01084111821088511,-0.1819352653366514,0.9832507459355522,-19.99737858029548,-11.58360378933321,-2.14375653,,0.7255684807637093,0.1566265060240964,False,2
0.9699641498329618,-0.2344724196636981,-0.06474745134652907,0.2414987111297124,0.9601121072057482,0.1409365606208214,0.02911907556067419,-0.1523398372520772,0.9878991109544047,13.77478229107297,-14.5098855604237,-2.11960658,,0.4185765188157392,0.2608695652173913,False,1
0.1488344879135963,0.9637033364691511,0.2216397403123447,-0.9887450420963612,0.1484795893684584,0.01835901061710266,-0.01521633784333429,-0.2218776483091525,0.9749557796348701,-14.68326939935693,0.1125658375459011,-2.10063078,0.5667973402476976,0.6959338500108128,0.4196428571428572,True,1
-0.8308740022464339,-0.5474951481204691,-0.09948595466465843,0.5558795870555754,-0.8248015300475929,-0.1034423546042558,-0.02542198036966863,-0.1412497745686529,0.9896475251817636,15.1370705072606,6.381647556616258,-1.94227875,0.817564925964848,0.3336675460876058,0.25,True,4
0.604130620775958,0.7940906101227762,0.06668055155510588,-0.7963411417879644,0.6046926290046402,0.01369709178249996,-0.02944450605286334,-0.06137529912183121,0.9976803564874922,36.86257613455862,-0.5046260092683497,-1.74173085,0.6145823392703411,0.4768570011253907,0.6774193548387096,True,4
0.03078389735377265,0.9584552534496422,0.2835769362950614,-0.9993566902390231,0.03473672060536601,-0.008919972874908024,-0.01839992766879113,-0.2831199169545754,0.9589080014711614,-10.82620312639509,-3.089711753415088,-2.06025082,,0.1590513836400852,0.4484848484848485,False,1
0.988781441770822,0.1482041437567703,-0.01862235707254182,-0.1423054908172055,0.9725565197421407,0.1840732549566325,0.04539171392323611,-0.1793581547640859,0.9827361012126977,3.512187060523075,3.85556946002157,-2.00727048,,0.4769658476645215,0.3141361256544503,False,4
0.6242930421294176,0.777046011309891,0.08035977760164986,-0.7809570009899902,0.6182821763674357,0.08850600539550266,0.01908822028159586,-0.118011214271088,0.9928287834026296,18.79062005051156,-9.029256582677021,-1.94199333,,0.2279242837285494,0.3157894736842105,False,4
0.927536808324464,-0.3702356166797272,-0.05100056220325463,0.3720007643486197,0.927722899960062,0.03075145872531742,0.03592910418182785,-0.04749535799922248,0.9982250700324135,26.02134910928424,2.884384163702748,-1.80258919,,0.1104682473183796,0.2,False,2
0.8415008874235338,0.5361174880352436,0.06674050859999442,-0.5401462275655469,0.8323987710108127,0.1239126259361714,0.01087700841747908,-0.1403222186343615,0.9900461431900117,12.17796549545645,21.16750544926077,-2.74465004,,0.8282247120074473,0.25,False,1
-0.9251442081286017,-0.3764458892929468,-0.04895596593414008,0.3792753283406645,-0.9220569930935203,-0.07720833374329882,-0.01607543088639928,-0.08999663283577837,0.9958123249890205,-8.656473233713285,1.281031535612215,-2.06020977,,0.7304737052321228,0.3739130434782609,False,1
0.6795683266800387,0.7277516443679902,0.09254422452523944,-0.7336102013665355,0.6738416994114733,0.08805360063738617,0.001720995131575819,-0.1277298252325718,0.9918075064859175,-4.878690490403613,-31.85038507724209,-2.68410187,0.597787786617633,0.4565676912066023,0.6756756756756757,True,3
0.7985524002341814,0.600943246826011,0.0343697275874982,-0.6018637363702426,0.7963513904589442,0.05987074207454141,0.008608537778158275,-0.06849581745126575,0.9976142621619861,30.94454135306384,1.641039984794816,-1.78036646,,0.6736352428906297,0.5370370370370371,False,1
-0.9963293445640831,0.08358486758731379,-0.0184772040881852,-0.08183235122409052,-0.9933480587031753,-0.08101296540536436,-0.02512575279752414,-0.07920356166893582,0.996541766493163,-5.412348849215306,-32.71790692414743,-2.70918069,0.4636816223447535,0.4508240821141694,0.8333333333333334,True,3
0.7572216532348606,0.633923016834119,0.1573434987541381,-0.6531248356924219,0.7324573739039378,0.1921825809367067,0.006581555592050842,-0.2482897584309027,0.968663449803033,14.15353572062261,7.054895960109263,-1.98119649,,0.5201375169611504,0.2424242424242424,False,1
-0.985270658415289,0.1701205959236274,0.01734106422607481,-0.1686762212614256,-0.950190476532087,-0.2620808857751589,-0.02810804238771463,-0.2611456320720589,0.9648900957118461,2.042069550615679,2.328517719234185,-1.99039621,,0.4016410618371615,0.1789473684210526,False,1
0.5603737425207729,0.8189313958572384,0.1238250280540149,-0.8282221450563134,0.5550417975576896,0.07730899949066479,-0.005417299288515099,-0.1458765637216748,0.9892879666837028,11.61257213188668,8.131880524882774,-2.05444974,,0.09197417344832433,0.2666666666666667,False,3
-0.9888819320094515,-0.1350716794972754,-0.06219458129966259,0.1470452769216725,-0.9504957932571142,-0.2737433716741981,-0.02214071092543604,-0.2798452936861986,0.9597897689189036,24.82641513351217,11.13468194800845,-2.01140465,,0.5954879703750333,0.6,False,1
0.8319171538214966,-0.5344315459168023,-0.1493210363830786,0.5539975895392955,0.815267118102335,0.1686007026253546,0.03163099685735908,-0.2229853108841246,0.9743084887076167,30.43018734209497,0.6367977748771523,-1.77969086,,0.3272414686339218,0.1111111111111111,False,1
0.0747780407253777,0.9970545636526514,0.0170423509145548,-0.9970520007696587,0.07505064120699542,-0.01595960574825632,-0.01719163710920799,-0.0157986820285714,0.9997273874710375,15.91658066784456,6.482323980582521,-1.93937545,,0.06614560654925276,0.2,False,2
-0.5705872675696713,0.8197527867008314,0.04935117813789226,-0.8207117845412404,-0.5670430150216202,-0.06995988729496011,-0.02936557172114012,-0.08042131440987564,0.9963282969915485,14.41122990357445,8.41941003299263,-2.03025065,,0.1409452225681975,0.3,False,3
0.969905766526891,-0.2196575918494969,-0.1050397372462588,0.2417327197551752,0.9203250152698432,0.307517736835338,0.02912209226084576,-0.3236547676328004,0.9457269664818215,22.696321946643,4.54821404999177,-1.83434334,,0.7989679973579171,0.5625,False,1
0.815484341249653,-0.5689763010383593,-0.1060719474381659,0.5777047131943729,0.789022461599213,0.2090474095628187,-0.03524987276041949,-0.231753153050016,0.9721357531341748,18.9545481671114,13.46877277057814,-2.18675096,,0.5188585284929571,0.3333333333333333,False,2
-0.9718948864804484,0.2305085133108808,0.04781375246058037,-0.2353630356809863,-0.9557034561044775,-0.1767346752196234,0.004956921240543866,-0.1830211170361564,0.9830964854227944,32.08044268716083,-6.85172421868424,-1.82198998,,0.4818192594210052,0.8888888888888888,False,2
0.851100178707459,0.5152013181704107,0.1009756780596291,-0.5244345720712061,0.8432551914368961,0.1178518635033573,-0.02443082930687396,-0.153258878601516,0.987884026953156,15.68323261836298,13.14588700434985,-2.20927999,0.7008438028769968,0.5165559639781099,0.1428571428571428,True,2
-0.9684528493549645,-0.2291021300402397,-0.09803720001752195,0.2484185717517897,-0.9186467954990087,-0.3072072237565442,-0.0196797303094191,-0.3218699723963507,0.9465793305817114,-20.68911294510625,-1.675342247626247,-2.12927185,,0.642252182892965,0.2586206896551724,False,1
-0.9507194576405136,0.3100360039115825,-0.003192043587426997,-0.3086053237552465,-0.9472255179383802,-0.08675582007154609,-0.02992101291143685,-0.08149536456083954,0.9962244920405485,25.42864582491714,26.21487966827334,-3.13883142,,0.596873521336508,0.967741935483871,False,1
0.2285216016937518,-0.966868906617949,-0.1137646472975393,0.9732972859204895,0.2295026390409261,0.004575138583574251,0.02168572754441939,-0.111772340445486,0.9934971933187368,27.4199712853229,12.48717686038674,-2.09158987,,0.1983842138543491,0.3157894736842105,False,2
-0.7925584509889311,-0.5836110101728031,-0.1767746887173261,0.6097393790863831,-0.7624038754234561,-0.2166984548413954,-0.008306103621992175,-0.2795326806374822,0.9601002495043137,35.27771619187899,11.90604017839803,-2.09269920,,0.3841518310806636,0.1176470588235294,False,1
-0.965458289895182,0.2544116946698133,0.05625815574566928,-0.2589005563193342,-0.912377687259753,-0.3170764225357715,-0.02933926396843466,-0.3206893284875217,0.946729930964482,11.55601565957895,-10.89009943049263,-2.00128025,,0.6904071973884239,0.1666666666666667,False,1
0.3462503234035491,0.9363268224064736,0.05833348253904847,-0.938096090186904,0.346179565944656,0.01163759848135041,-0.009297264058922745,-0.05875193413467567,0.9982293179006781,-8.865655313717554,-9.801099780176969,-2.07923919,,0.1576457302397045,0.4313725490196079,False,2
-0.604410679955957,-0.7928066024893835,-0.0783927356610123,0.7927835797808186,-0.5888297321444765,-0.1573967667157535,0.07862522232138397,-0.1572807603996866,0.9844190351791297,8.534285684956245,-24.95207695143483,-2.51175971,,0.3649075416054988,0.3333333333333333,False,2
-0.0002279948756013173,0.9910416204286682,0.1335531901395683,-0.9999299977158965,0.001353990864554823,-0.01175441945080287,-0.01182994869910305,-0.1335465210586097,0.9909719365486183,15.11649785544267,-19.07974976843747,-2.32643629,0.6797832825655258,0.3081956503494762,0.4117647058823529,True,2
-0.9692972448811479,0.2449951635596013,0.02098144175740797,-0.2441576095487976,-0.9488337874384128,-0.2002536030005273,-0.0291532633719138,-0.1992280443303104,0.9795194094999277,17.29114734288569,11.29749597200197,-2.09701358,,0.2925668212639872,0.1176470588235294,False,1
0.9952205643665404,-0.08898895117142766,-0.04021187425815535,0.09386769223784305,0.9853070260476525,0.1426846900514263,0.02692368132120856,-0.1457773335966168,0.9889510020185907,-8.78981612201207,-10.90579847519598,-2.09239230,,0.5896265240222138,0.3783783783783784,False,1
0.3597770133382167,-0.9179728941873643,-0.1669918148015228,0.9326481895809259,0.3589949242018113,0.03591655424392371,0.02697879064846347,-0.1686665643647525,0.9853038794811156,37.36695776269298,1.702773513523596,-1.76307229,,0.210942112006251,0.125,False,1
-0.9367023930384586,0.3450800725676815,0.05923149831558267,-0.3488096783241514,-0.9050701250558232,-0.2432691452667992,-0.03033867471441674,-0.2485313103979471,0.9681486211158143,-1.337850115843167,38.07691876219894,-4.36066284,,0.6389677024099879,0.2592592592592592,False,1
0.4069284201162641,0.8948906683985383,0.1832483356401869,-0.9127087788835352,0.4064627279638291,0.04184179399987808,-0.03703978739959687,-0.1842789797817957,0.9821758049147684,38.54115951638408,0.1340285265902708,-1.73618548,0.4287724745938297,0.3156578936093845,0.3939393939393939,True,2
0.975469388731432,0.2148830691917301,0.0477989353717085,-0.2191861882032444,0.9279522274993403,0.3014333730361403,0.0204177998045476,-0.3045158945831155,0.9522883929763015,-18.99083007894146,-14.75784083567441,-2.17763885,,0.2945299598424896,0.2222222222222222,False,1
0.8164200139227931,0.5668401805039607,0.1102296268366372,-0.5773799021441718,0.798148400146992,0.1720220333061572,0.009529400101458595,-0.2040866019831661,0.9789064559112234,-10.60398222563711,3.270985858933955,-2.09802244,,0.395692515326136,0.6,False,1
-0.7348933461414372,-0.6524065418712023,-0.1851957718758717,0.6781600886048922,-0.7091679133908698,-0.19282055087631,-0.005537510311109797,-0.2672949209029194,0.9635988590897437,-6.566185326276837,-32.40395561726524,-2.68360506,,0.3869232876138842,0.34375,False,1
0.4605427415402807,-0.8792545314193636,-0.1217039530708706,0.8871750507318023,0.4603810409449264,0.03114043187705351,0.02864982676362462,-0.1223142106093172,0.992077830268086,11.60179639695431,-34.20734315798308,-2.85044526,,0.186926747878969,0.2,False,1
-0.9643092683504129,0.2647150585899974,-0.005794197889608701,-0.2631421018892617,-0.9605493686428286,-0.09000635873738627,-0.02939165165129481,-0.08526926852949986,0.9959243358095291,28.77001450168203,-9.427107642151725,-1.90751928,,0.1612079758773967,0.3529411764705883,False,1
0.6635638786954313,0.7431101994169309,0.08643037899490978,-0.7481157965932158,0.6587474795747411,0.07984054760348326,0.002394530929594938,-0.1176392352765651,0.9930535114207956,27.04428536066959,3.346722439532925,-1.81103718,,0.2996008494078767,0.5,False,1
0.6971887008590752,-0.7056176769922735,-0.1266159915273851,0.7162021742672815,0.693294091864174,0.07998592226791709,0.03134263819868818,-0.146447929661905,0.9887217216833503,14.635059738221,11.54515486461622,-2.14720119,,0.4555452750096846,0.1363636363636364,False,1
-0.8871280485781975,-0.4554801944406539,-0.0744420438874551,0.4613246777294637,-0.8798675889293688,-0.1140726420726037,-0.01354131247864073,-0.135538992263931,0.9906794710866035,1.874033059772842,-38.93985212151335,-3.04223674,,0.6403883833478845,0.5294117647058824,False,1
-0.08981922531831181,-0.9582220260817197,-0.2715567261090443,0.9958156769131655,-0.08179300428866419,-0.04075588378883303,0.01684174507563404,-0.2740811069396771,0.9615590998173379,8.347117956066171,-13.52661424027661,-2.07746868,,0.6037325326432869,0.1395348837209302,False,1
-0.1214218641945295,-0.9871521425784385,-0.1038623045109374,0.9924723550644837,-0.1190551346663378,-0.02871409657880859,0.01597984130966927,-0.1065669850956553,0.9941771081448918,11.99216362787598,-16.60509052974089,-2.19915889,,0.1390087900496793,0.15,False,1
-0.2288974508797041,-0.9509434867543959,-0.208116414489982,0.9733650613035515,-0.2207523210808832,-0.06187786495134277,0.01290017109605281,-0.2167369321015576,0.9761448088520976,-3.847352390630959,-23.21073943143693,-2.36567583,,0.7091128459456636,0.1851851851851852,False,1
-0.08355258295402479,-0.9524138727507173,-0.2931327018155617,0.996358175587343,-0.07482288783638377,-0.04088913542843464,0.01701034455770209,-0.2954815568657443,0.9551969942007901,-14.31495026407154,1.172398315669795,-2.10491037,,0.5612699774017889,0.4878048780487805,False,1
-0.6497744762099518,-0.7542565541826198,-0.09428775391663138,0.7601248793579213,-0.6450507448683243,-0.07822853907574671,-0.001815997573871181,-0.1225013755734219,0.99246668212864,-0.9765893551613374,-29.23777120905947,-2.59709269,,0.1266953400801596,0.4,False,1
