axis_00,axis_01,axis_02,axis_10,axis_11,axis_12,axis_20,axis_21,axis_22,location_x,location_y,location_z,dbh,dbh_approximation,score,reconstructed,number_clusters
0.8274573926788885,0.5608155889074132,0.02828672019673025,-0.5610796151170432,0.8237323808561859,0.08157591696764017,0.022448358540604,-0.08337169764033789,0.9962656429042414,-7.688345654766579,-10.85115799023242,-2.04234172,0.411347536060707,0.3272635636904161,0.9754601226993865,True,5
-0.8619791339391565,-0.5010605131603838,-0.07700866707687071,0.5060964593077016,-0.8593307412884754,-0.07360061788333648,-0.0292975515992588,-0.1024160106040749,0.9943101197525027,-6.40068699758416,-19.71570786158162,-2.23325969,,0.1364532957052285,0.2571428571428571,False,4
0.08117506199949352,0.983830405346554,0.1596506900236046,-0.996256075016359,0.08487068468272656,-0.01645599813087499,-0.02973957468385394,-0.1577171531480324,0.9870364012033714,20.23540295067045,-12.50472305044025,-1.85137486,,0.2727874851331032,0.4642857142857143,False,2
-0.5690164002662983,0.8219380201956454,0.02526315864745616,-0.8222392766290865,-0.5682411031270345,-0.03200969674094876,-0.01195442162801467,-0.03898640370480073,0.9991682301443064,-9.363298316453495,-21.90103202447096,-2.29294790,,0.1588025694364739,0.5,False,5
0.9982616345157309,-0.04576248948442341,-0.03714166945856987,0.05239274542886733,0.9776522906266046,0.203595183781393,0.02699461576699181,-0.2051872149738899,0.978350396090711,-27.21361806666533,7.847770973744502,-2.10162329,,0.4011386222049259,0.3424657534246575,False,4
-0.7855067873074573,-0.6152332586735438,-0.066836550747692,0.6184676313698851,-0.7842369032502785,-0.04970179602525979,-0.0218374916517517,-0.08037734134907058,0.9965252665918783,34.41291034905009,20.10879488545154,-3.05590928,,0.7469743005889417,0.8695652173913043,False,2
0.929331460134822,-0.3656476019216816,-0.05142828416935893,0.3670567101756434,0.9299619252521979,0.02098068388447795,0.04015480940951792,-0.038375106386172,0.9984562797094003,8.491854647735124,15.54654497602201,-2.38255249,0.2081809524176359,0.1801281405807254,0.2857142857142857,True,5
-0.2376237794398073,-0.9661185204606123,-0.1007469298179347,0.9713556885517537,-0.2361548798890562,-0.02643858965100906,0.001750932006352569,-0.1041435409787061,0.9945607357570104,19.81927950879202,-11.54193338878525,-1.83043780,0.5994785598858277,0.471081389847928,0.8392857142857143,True,5
-0.899475434097352,-0.4264240884315892,-0.09542767030935351,0.4343761831788774,-0.8963170688423765,-0.08906763491169659,-0.04755286471215855,-0.1215656567748519,0.9914436525343072,27.98572749921107,-3.483301842018307,-1.71515803,0.4775053006496286,0.4645689889215227,0.9591836734693877,True,5
0.9967507385991415,-0.0614993633061441,-0.05201724151667685,0.06652314112953463,0.9926481116932389,0.1011157655665364,0.04541626136446511,-0.1042475643110458,0.9935138693238703,8.279732780259621,9.324448508383284,-2.09757325,0.2081056091702264,0.1980900349457638,0.25,True,4
-0.696684940987373,0.7173279337005264,-0.008410025823612246,-0.7161786601063415,-0.6961505390555632,-0.04962412498910301,-0.0414514150507088,-0.02854929956376889,0.9987325556347464,1.838239343606062,-16.79167639641815,-2.09410747,0.7137798724092528,0.5916754745518806,0.9507042253521126,True,5
-0.972277160146482,0.2315448556521812,-0.0326206020561102,-0.2298436109833423,-0.9720047008132023,-0.04877269817403126,-0.0430004459003694,-0.0399229435043016,0.9982770758834051,-9.580216509516617,-29.98153417898016,-2.59867420,,0.438780199715837,0.7941176470588235,False,1
0.6060402089665576,0.7829305469310701,0.1404814001851727,-0.7951468000179187,0.5915528777225426,0.1334419697075949,0.02137361778069555,-0.1925745350257766,0.9810495486582574,-8.086363067929653,-29.87034559717887,-2.60076596,,0.418516744255561,0.3571428571428572,False,2
0.9585397699564772,-0.2811932294435917,-0.0461722549467463,0.2817335140086025,0.9594768755805585,0.00550929310653474,0.04275203499423531,-0.01828914818280854,0.9989183002441184,3.882544777431519,-8.60578594885061,-1.90582395,0.2234092899548815,0.2178366482774114,0.7597402597402597,True,5
-0.1114007358291234,0.9932472847092443,0.03239918941025996,-0.9935517577108944,-0.1106245613952406,-0.02484172227728149,-0.02108982708133967,-0.03495765772792388,0.9991662431046473,-27.25490938839232,0.7766290058224286,-2.04101290,,0.2349035822894619,0.6470588235294118,False,1
0.9889517067794016,-0.1338794605974091,-0.06364598721251351,0.1407160827587598,0.9828694475493164,0.1190236662480692,0.04662087205467644,-0.1266646718870289,0.9908494109523469,-3.751039722447729,27.29869836650411,-3.09309137,0.248732819211776,0.3753428970279444,0.3571428571428572,True,5
-0.5986478597236574,0.791523598931008,0.1229273459551938,-0.8009276716154884,-0.5892627711896844,-0.1062273567893182,-0.01164495121825889,-0.1620486927597917,0.9867140499080601,21.80941222876652,26.24407263499711,-3.39089735,,0.3396654536385127,0.125,False,4
-0.993600354810142,0.1016573676606022,0.04923529751588056,-0.1086742945956875,-0.9792001825416092,-0.1713385543437591,0.03079338590168105,-0.1755926596153629,0.9839811915244688,-10.57317517250084,3.649288020668251,-2.01695956,0.4779514741388284,0.436605590727174,0.6949152542372882,True,2
0.8693380770788157,0.4931299281894304,-0.03277471075073789,-0.493511532957442,0.8697289100555009,-0.004241444525862901,0.02641353022416535,0.01986194697298354,0.9994537650554625,9.998081815431306,-6.22589165167102,-1.83813378,0.5098489783125446,0.263486000209564,0.8956521739130435,True,5
-0.2564725838579244,-0.9635712565056047,-0.0758435716817714,0.9662699376648303,-0.2537133993482097,-0.04418052236425872,0.02332855105751091,-0.08461645600817767,0.9961404690495066,-9.294725755728109,-18.19341024433186,-2.19630167,0.2987787977782282,0.2587237363222064,0.7088607594936709,True,5
0.9264658268272402,0.3763081185615822,0.007298741395690166,-0.374503478531914,0.9197426529619296,0.117561034743867,0.03752620802606226,-0.1116496852982334,0.9930388368457654,-20.90245486070489,11.26297443835131,-2.16398627,,0.174235169472536,0.375,False,5
0.02941715360739657,-0.9964452581083013,-0.07893971539802107,0.9994876689042105,0.03031929112881276,-0.0102537941209374,0.01261074074220506,-0.07859763469041561,0.9968266554617234,15.68128491956031,21.19984189854154,-2.83203420,0.4395769837675328,0.3458507721993415,0.8372093023255814,True,5
0.4155439587209162,0.9094183605225022,0.01677688633545122,-0.9093907094331038,0.4150205996420369,0.02768464320736026,0.01821416941022275,-0.02676093080083715,0.9994759109730293,-14.40035563441398,4.124293238213397,-2.04152753,0.5018536153907067,0.3574520209666966,0.8862478777589134,True,4
0.9503619023536538,0.3111231419333552,-0.003826892768571051,-0.3088213862125403,0.9446890771937171,0.1104169318929343,0.0379684865712317,-0.103754219116146,0.9938779885091978,3.399969876449859,-16.2215934530102,-2.06525216,,0.1211346426629012,0.2222222222222222,False,2
-0.9874429459738153,0.1576476936495232,-0.01018003602843969,-0.1528264394692666,-0.9695885786887226,-0.1911597956567507,-0.04000634756761567,-0.187203613115159,0.9815061382339543,12.38401635458439,-23.50980947123855,-2.32639283,,0.3831322729914525,0.3888888888888889,False,4
-0.6322593797874554,0.7741921719395172,-0.02957291967927026,-0.7737039739468652,-0.6329293139065487,-0.02797578053629881,-0.04037619805791442,0.005192735826112608,0.9991710554880127,-5.786282608132296,-15.81911194537884,-2.12620603,,0.07004171236562125,0.1666666666666667,False,3
0.4982340936839213,0.8638182408842429,0.07470498381376352,-0.8669555880443628,0.4951112074536376,0.05703420563534745,0.01227991244331908,-0.09318228892581563,0.9955733347076602,10.88061690138085,-3.303984663340827,-1.82268831,0.3302204622088951,0.2267323521394293,0.4464285714285715,True,5
0.9652679905120387,0.261140997905132,0.007942651066413606,-0.2589672233328959,0.9523279618193289,0.1612681939388333,0.03454972839402548,-0.1577239117894145,0.9868786571396424,-4.199684389903268,10.26614639849691,-2.10472162,,0.1832278685827234,0.1724137931034483,False,1
-0.07171328496231805,0.9911494039186627,0.1117142062210234,-0.9973984326603169,-0.07208203023607296,-0.0007398944449765405,0.007319240852521466,-0.1114766344519148,0.993740101175663,13.84020237052823,16.24608344055198,-2.45053906,,0.4537717787719671,0.42,False,3
0.6050049107836944,0.7953364808102377,0.03753585246135794,-0.795758386967859,0.6023725060544652,0.0625775800105326,0.02715966674915922,-0.0677292126194455,0.9973339993502802,10.06808110862249,16.0431570880277,-2.42052977,0.1963862264635999,0.1457917949060146,0.2857142857142857,True,5
0.7129565183866982,0.6990020069437993,0.0555805467628781,-0.7008614244250317,0.7078691173081048,0.08783266200202611,0.02205145443809227,-0.1015751300761529,0.9945834436120374,-19.76447005986802,-9.35812944109955,-2.08513967,,0.2695281548999823,0.7142857142857143,True,5
0.6420039350832635,0.7658787129025914,0.03550696354624954,-0.7666603164312081,0.641759864913364,0.01939677797934906,-0.007931364775643658,-0.03967458769855754,0.9991811750347105,4.845996266403176,2.013857603232282,-1.91154046,,0.145131728419406,0.208955223880597,True,2
0.6926023393322599,0.7197829149339394,0.04705905779637664,-0.7211554062398922,0.6895774270137439,0.06646692564036043,0.01539089349119957,-0.07997204212914953,0.9966782795241583,-1.848203086096305,-22.35195873361039,-2.28721679,,0.1877324301181442,0.2,False,4
0.9226296960553865,0.3816118657706184,0.05591804592270044,-0.3844910471942959,0.89864213882107,0.2112082881009325,0.03034927650174478,-0.2163670266888196,0.9758402692949601,-30.17291014949126,11.12431185292002,-2.12495254,,0.3467042341111499,0.4807692307692308,False,3
0.8323211966005765,0.553791767271227,-0.0235818615040579,-0.5536786695182581,0.8326485126943688,0.01167840863936923,0.02610280846723024,0.0033365866492203,0.9996536953263646,3.897694746500008,11.19289439189509,-2.16759167,0.172636712430254,0.1293634117693742,0.5294117647058824,True,5
0.8731242955556571,0.4865732172760699,-0.0300078113172405,-0.486797865524032,0.8735146221499974,-0.0002073918816424239,0.02611135062924008,0.01478881738884357,0.9995496427134349,3.109272195736082,-3.687671571982037,-1.87914770,,0.2290807221053273,0.8815331010452961,True,5
-0.3928664499705446,0.9146691193051495,0.09505974267314234,-0.9190667374675083,-0.3870320070470065,-0.07431391257359724,-0.0311814779696538,-0.1165616905793164,0.9926938539755948,-31.41383619487283,8.15993515824539,-2.06517911,,0.1145858643302151,0.2068965517241379,False,1
-0.5496816953505257,0.8245281037906736,0.1341768976237259,-0.8346300530765691,-0.5352836332413107,-0.1298618746414247,-0.03525206799572065,-0.1833707665996355,0.9824115500434055,18.50426274451411,-5.872890864812916,-1.76211476,,0.7352931814057342,0.5538461538461539,False,2
-0.08981006601274313,-0.9935031026046597,-0.06989804831109482,0.9958595128947622,-0.08858816685910377,-0.02039527566739803,0.01407062968712831,-0.0714403373974186,0.997345624932876,1.744277544329577,11.70610992438478,-2.18292067,0.6109076846041918,0.5244899197978862,0.9008620689655172,True,5
0.8235269843603534,0.561024176099733,0.08399511808407199,-0.5672659763837594,0.8135063592919697,0.1281277309129605,0.003552191960099494,-0.1531642165231155,0.9881943658557955,8.086005782463303,3.345511032314107,-1.92533336,0.5688140326333903,0.514018557676313,0.2758620689655172,True,4
0.8457605836443192,-0.5203441670366932,-0.1180295852085822,0.5316677145213133,0.8405051452007374,0.1043098376317888,0.04492745807747638,-0.1509736689690514,0.9875163162139241,-10.04486773275994,-5.680549954034177,-2.00699527,0.2136593970808847,0.2164596517881847,0.6309963099630996,True,5
0.5708894481418207,-0.8130615192381961,-0.1140885793337958,0.8201706585568556,0.5711059540955169,0.03403057506218195,0.03748771589122241,-0.1129998014632132,0.9928875646449266,11.75231471998296,-18.84709118113904,-2.11741990,,0.2120637280032646,0.25,True,2
-0.9183142443244817,0.3958344096992721,-0.00375083574484358,-0.3902453229341802,-0.9068557155731293,-0.1591266761430811,-0.06638928075189111,-0.1446645472476805,0.9872510481994283,-16.35614963841817,-14.70207586658722,-2.14693093,0.7548981755093298,0.58194258800951,0.7384615384615385,True,2
-0.1693495267505573,-0.9782613590969884,-0.119688976464316,0.9851569454597492,-0.1714838021578671,0.007687549017643347,-0.02804515291060886,-0.1166105436707797,0.9927816731301126,-8.550967059256038,-23.83679052778052,-2.35694862,,0.242944069570276,0.3636363636363636,False,2
0.9828241753918151,0.1828505462379925,-0.02494630244881755,-0.1812018586988728,0.9817766260836253,0.05727602360436963,0.03496464885386089,-0.05177194429729669,0.9980466617920252,-8.405434908682139,-4.041604717154826,-1.98409585,,0.1984570214552571,0.830168776371308,True,5
-0.9979607156298146,0.05356969483421268,-0.03470875761242084,-0.05237981595524262,-0.9980369894459629,-0.03432961663249541,-0.03647965104168843,-0.03244157044608856,0.9988076789687131,-8.21904297856753,1.887147342787955,-1.98892661,0.3012892014156844,0.2387472367334022,0.9173680183626626,True,5
-0.03652372223115097,-0.993357005703031,-0.1091232190465947,0.998895521894186,-0.03305951512400561,-0.03338869268942495,0.02955933108385476,-0.1102221741777716,0.99346732118646,-6.542279110883555,-17.21086982874021,-2.16040991,0.2993253291224052,0.2180918473877563,0.8372093023255814,True,5
0.2524481288547872,-0.9588661213538994,-0.1297909995240277,0.9659275510300264,0.2576392860393828,-0.02461634518472305,0.05704303988089249,-0.1191543520348565,0.9912357600451573,5.9609557201494,-6.144331509273741,-1.86492192,,0.1193829208998259,0.3448275862068966,False,5
-0.9229250612300822,0.383827752111903,0.0297588316668143,-0.3842154902089752,-0.9134691052572047,-0.1339875024921349,-0.0242443485564595,-0.1350942280385308,0.9905360978347771,10.81946965311488,-17.10992409362797,-2.05651129,,0.5017958541903401,0.35,False,3
-0.9558463077702485,0.2935996687903137,0.0125327733643271,-0.2913104196892496,-0.9410550843092347,-0.1719115111800623,-0.03867913264871323,-0.1679719106932987,0.9850326704813326,-8.74151451872342,-30.60629028313315,-2.62633142,,0.6304753993725478,0.5416666666666666,False,2
0.5050318824176049,0.8455382567468279,0.1732277521624792,-0.8629919188371716,0.497879357917984,0.08579681218385489,-0.01370203501185916,-0.1928242757971899,0.9811376319863703,-24.29187205577279,4.130097653150841,-2.06718144,,0.2209815977375651,0.2173913043478261,False,3
-0.8736742883005157,-0.4840846817284958,-0.04853100945177431,0.4857353975178486,-0.8735616841557192,-0.03084003199092153,-0.02746564327964721,-0.05051737216883356,0.9983454480030398,-10.49738299249674,13.53655821912338,-2.17998937,0.3083134455821944,0.2989825870631508,0.8636363636363636,True,5
-0.422524675175503,0.902434797510255,0.08416849238557518,-0.9057810396875063,-0.4171399841347544,-0.07453148179579357,-0.03214975910416119,-0.1077296146780528,0.9936602654382746,-4.440182717838127,-9.18636856002854,-1.99437787,,0.08877212820517193,0.2272727272727273,False,3
0.9678927079161627,-0.2230262733162309,-0.1159438975254462,0.2476373712812497,0.925175336447853,0.2876218510014741,0.04312120484900512,-0.30709913422098,0.9507001017424445,-5.400087458645942,-18.7819221545106,-2.20128631,,0.1727896090552077,0.1,False,1
0.9989856437155424,-0.03152029388081616,-0.03215827613400735,0.03658904548388767,0.9844722955180755,0.1716844230206976,0.02624738845717959,-0.1726869144754136,0.9846269873247125,-26.93505510828766,-0.2942957707890628,-2.03773806,,0.4859889393243113,0.957983193277311,False,5
0.9884900394422295,0.1488595561134133,-0.02698656104835567,-0.1441196181688343,0.9808138938050787,0.1312769643836602,0.04601062466831424,-0.1258766788274815,0.9909783469607163,-2.542701221702032,11.23435995944837,-2.14611184,,0.1296059276816779,0.4285714285714285,False,5
-0.976340703961589,0.2161351876173663,0.006664117450548546,-0.211946734423457,-0.9504018296163161,-0.2276289613146613,-0.04286503884311115,-0.2236558582634599,0.9737251385834781,-13.28728077363485,-12.42254178619896,-2.09831386,,0.3436830717618967,0.1142857142857143,False,1
0.9548115273484512,0.296563431955738,0.01962340615574085,-0.2953155569970526,0.9392024438252876,0.1751784556049317,0.03352117298125643,-0.1730575058737496,0.9843411149711864,-15.34297731245499,-17.98061123952533,-2.20251888,,0.7064960126250508,0.7142857142857143,False,1
-0.2634305437045119,0.9370494005141724,0.2292220967524217,-0.9630125716871804,-0.2414859551663027,-0.1195463099801195,-0.05666688112107113,-0.2522359103170081,0.9660051294535458,14.58603334540516,17.80476265185425,-2.55035190,,0.4217651358131449,0.25,False,5
-0.2930505954329831,0.9556890735230532,-0.02792388341589222,-0.9556868321803118,-0.2936552748945738,-0.02071855023294666,-0.02800048773748347,0.02061490420163316,0.9993953163844739,-17.58241704557673,1.112615066328431,-2.03893024,,0.23664819898984,0.8140495867768595,True,3
0.2802154759250653,0.959727996912838,0.02003644164419844,-0.9599297077056397,0.2800702019277769,0.009779481392189983,0.003774031830168095,-0.02197393760358934,0.9997514204790805,30.42860551222566,22.82327668835342,-3.25672385,0.4259823960248084,0.3971209294798255,0.7037037037037037,True,4
0.5277386787664453,-0.8452447753096983,-0.08398307416084148,0.8486815131660381,0.52878939497326,0.01102111491721858,0.03509381917163901,-0.0770911510841046,0.9964062315544182,3.625516541699881,15.42844900335783,-2.36060607,,0.1124647869106296,0.1818181818181818,False,5
0.4144832381971157,0.8905747356000727,0.1872973186260162,-0.9100438082090673,0.4044983821257203,0.09056117268462936,0.004890030058537241,-0.20798485321902,0.9781198231492352,2.03026112005017,2.097502269524284,-1.92108550,0.1707354583382352,0.1552777807139859,0.3409090909090909,True,5
0.5918229858510361,0.8012835002826777,0.08769438746638299,-0.805979444138338,0.5866333695738637,0.07911021001659702,0.01194525197807637,-0.1174991143675324,0.9930011425361127,-6.957075564139814,-4.177572859761142,-1.97408308,0.2082054891480992,0.13347432185304,0.4100719424460432,True,5
0.9991016409624237,0.02353073855665231,-0.03524507581450446,-0.01397860214464863,0.9681208513321434,0.2500932144181582,0.04000637084607048,-0.2493758640263802,0.9675800580483366,10.3596317676388,9.580738063379442,-2.10961691,,0.4452103539163008,0.3076923076923077,False,1
-0.6242905097516773,-0.7512890850218142,-0.2140702458565305,0.779477325813321,-0.6172229783018084,-0.1070088482283533,-0.05173449503865032,-0.2336675111848671,0.9709392546600252,-43.73823351744227,-5.819960899847331,-1.86763533,,0.371060367784126,0.7567567567567568,False,4
-0.8854310540368008,0.4646878656013985,0.008777021709970226,-0.4627404942572552,-0.879642812080283,-0.1099989005856119,-0.04339451027298051,-0.1014579258525859,0.9938929548798803,-25.45142452888706,0.2955716200311826,-2.04463780,,0.09766597865125073,0.28,False,1
-0.4380224107398829,-0.83832398904225,-0.3245755029048104,0.898960235943995,-0.4095257483324311,-0.1554321576903539,-0.002619519257046124,-0.3598632390909797,0.9330013865315581,-37.687709547699,-6.559234337617113,-1.94804801,,0.6487734558882642,0.3243243243243243,False,1
0.3069362697389568,-0.9501605703251721,-0.05463530834613058,0.9513332195521736,0.3079599495579035,-0.01121493846562893,0.02748147913101858,-0.0485341124121581,0.9984433926052763,-8.752153543168333,-5.643922326706729,-1.99624553,0.269933252357645,0.2205713579282562,0.9073170731707317,True,5
-0.4229441124923507,0.8938480485684905,0.148842009454183,-0.9052852494853546,-0.4096005927019252,-0.1126320181940774,-0.03971013437772792,-0.1823815246359479,0.9824256128069798,-42.82927201605463,-12.10503955423144,-1.94816506,,0.3783432172340703,0.125,False,2
-0.9041376739840848,-0.4124064694785541,-0.1116063188842135,0.4270287828144202,-0.8805469342120511,-0.2056295584243521,-0.01347164172196559,-0.2335765411636916,0.9722450896185193,6.297727462504781,1.985739320916252,-1.90602630,,0.2566723432167907,0.2340425531914894,False,3
0.521971244364292,-0.828651886553344,-0.2021931526248513,0.8517134725068641,0.5191777686141126,0.07098313410360269,0.04615388182040363,-0.2092617869761574,0.9767698417254975,14.14964819237747,-17.00682132901017,-2.03368134,,0.5537118969428001,0.5,False,2
0.9982281312923748,0.04852300692700871,-0.03444003041947965,-0.04453608565359026,0.9931142621289716,0.1083540466742448,0.03946054955508467,-0.1066282333849239,0.99351561883748,-21.84055430067974,46.52305701815374,-4.29521397,,0.2365811814792395,0.2142857142857143,False,1
0.8759265974599555,-0.4730373903340069,-0.09480624034427006,0.4809916475846143,0.8714997858225062,0.0955780218730351,0.03741164011456126,-0.1293203412356943,0.990896875828469,-18.95883374884039,7.676595845626963,-2.09781322,,0.3530927769633657,0.5703125,True,4
-0.9693724105437346,-0.2276544140718853,-0.09214443786911772,0.2430915587673707,-0.9428358496893201,-0.2279628359989135,-0.03498033351297643,-0.2433804188799998,0.9692999267373935,-21.80776872386315,-22.46243991267301,-2.28222912,,0.4229822612313239,0.2727272727272727,False,1
0.9511063327566336,0.3082936652881201,-0.01875525882104664,-0.307507123296713,0.9508665875152783,0.03594581851662034,0.02891561709540491,-0.02842091994053291,0.9991777311358204,21.72426306997465,-17.57679365314846,-1.97989398,,0.1173688592058227,0.1666666666666667,False,2
0.02225062997208116,0.9837238731520761,0.1783038161580466,-0.9995924078631094,0.01869957748290215,0.02157183219828796,0.01788652029534197,-0.178711127780667,0.9837389924157145,-23.92454843865437,9.0696816108495,-2.12930678,,0.5409076133867909,0.8439716312056738,False,3
0.8345856767388597,0.5505169888134022,0.0199447539509285,-0.5503367532837085,0.8316140164553021,0.07448211611001955,0.02441733334099375,-0.07313803841301944,0.9970228789599612,32.11921880242164,18.99522540289871,-2.90699265,,0.1392474643570328,0.4,False,1
0.6806016133370487,0.7258762560405692,0.09942386453730344,-0.7317694749991379,0.6668267563022937,0.140909589946345,0.03598443250201608,-0.1686586434069924,0.9850174529527994,10.72099137633506,-7.908545643799016,-1.84493015,0.4651938488685794,0.2841304114744306,0.379746835443038,True,3
0.7219750403596931,0.6918749554989896,0.007815820551306436,-0.6916972646608742,0.7214115073078828,0.03347134870949661,0.01751956501410824,-0.02957166003185108,0.999409116310571,-16.63808324022358,-25.25675001161403,-2.36119851,,0.1031223207104904,0.375,False,1
0.9993079487786474,0.0358163986870699,0.01004037314548315,-0.03680184550998075,0.991235568144834,0.1268766038781272,-0.00540811195068869,-0.1271583030308149,0.9918676919304569,18.09028699659802,8.186141424475437,-2.07424024,,0.2184190185551682,0.3809523809523809,False,2
0.9668367993756795,0.2545720125612382,0.02048642949646133,-0.2547578700225688,0.9556546690983967,0.1477246800368789,0.01802861710050484,-0.1480447359785383,0.9888163252669774,1.631607858562347,0.4247870285358317,-1.90766925,,0.5774185529002369,0.3542805100182149,False,3
-0.6901015226288687,0.713959015615133,0.1184162678316878,-0.7232145596017986,-0.6742633784866585,-0.1494309111654349,-0.02684379342217144,-0.1887628683126687,0.9816557391983608,-17.74080163781775,3.813948256601151,-2.05337510,,0.3107176418614658,0.203125,False,4
0.6394940259091773,0.7675910437034108,0.04302767078032517,-0.7686876462432787,0.6374617237932012,0.05255333682619542,0.01291097747808381,-0.06668238391740361,0.9976907167733151,-7.113741583887645,-7.523766695950712,-1.99546707,0.2084232485224882,0.2377880533357921,0.7079207920792079,True,1
0.8402519658505564,-0.499357577617654,-0.2112312561154327,0.5404983175332035,0.8022474763963501,0.2534966574916989,0.04287426533541012,-0.3271712033347619,0.9439919496904792,7.176961239117816,-22.18012347329221,-2.27010816,,0.2338178656732708,0.6,False,1
0.1452314843315049,0.9541580350575242,0.2617064387706801,-0.9893400241074738,0.1429066942225369,0.02799988295348719,-0.01068328872073067,-0.2629831190049092,0.9647412847289986,8.576736426020716,-15.20294439488612,-2.00077859,,0.4944577091831583,0.2,False,1
-0.8818737502979795,0.4701341767404868,0.03567274023567153,-0.4682780585592609,-0.8645533080265364,-0.1823821193328511,-0.05490308194761405,-0.1775427651044041,0.9825803876282774,-5.886262570313363,-33.27124914109419,-2.75160236,,0.1737897275999102,0.3684210526315789,False,3
-0.7556445134277084,-0.6337533153492254,-0.1654028555088074,0.6544751178617572,-0.7405201906704248,-0.1526177162366051,-0.02576217045283901,-0.2235767932798554,0.9743457949210104,-4.659279282945931,3.327360650619141,-1.97660984,,0.7610565160483336,0.3888070692194404,False,2
-0.22491976474984,0.9743355271755515,0.009021081332982355,-0.9740478355869938,-0.2245933424037305,-0.02808281567458593,-0.02533601020620113,-0.01510334504208668,0.9995648931186859,-26.6730115935041,30.06537523818764,-2.73089670,,0.1551136022520464,0.4285714285714285,False,1
-0.8658992829111034,-0.4926620428166881,-0.08661722358586398,0.4994055022084528,-0.8613007824224029,-0.0935687264126134,-0.02850572254756694,-0.1242782111483875,0.9918378647822418,21.76251798734006,-20.07118885853754,-2.09995182,,0.2680372103100341,0.6666666666666666,False,3
0.2654991459813914,0.9299624953789801,0.2543225524243824,-0.9640958738367104,0.2575734660218446,0.06461467056732385,-0.00541752103659124,-0.2623464632694609,0.964958539874032,-3.18743220929673,-0.08069359831324618,-1.93789635,,0.1594512763788598,0.304,False,1
-0.4561602001130871,0.8668467321078104,0.2012327380591902,-0.8892769234168059,-0.4355896201874899,-0.139456933363885,-0.03323289501576913,-0.2425663328224437,0.9695654433146544,14.27421796759484,-14.6541131737302,-1.94840395,,0.5923533735992921,0.2857142857142857,False,1
-0.3220401940768474,-0.9450553359855329,-0.05621854964527768,0.9467257151972073,-0.3214259854406651,-0.01989361877171487,0.0007304678524927609,-0.05963009147040906,0.9982202755944941,25.23007494494163,17.30340941897757,-2.62627449,,0.3162784288019882,0.8461538461538461,False,3
-0.9504443541161085,0.3045221790828981,0.06262405428760623,-0.3078470942847454,-0.8937014423775128,-0.3263861186276043,-0.043424604422526,-0.3294904768562466,0.9431597581490585,-15.08012944068673,2.484652933186339,-2.03238645,,0.4728742380105883,0.2653061224489796,False,1
-0.8818015507844281,-0.4638647144347864,-0.08517952651025679,0.4708095313563939,-0.8763964667832979,-0.1013292563563175,-0.02764796951225082,-0.1294556283522872,0.9911996923273149,5.427223778063535,-21.16937324413215,-2.22857400,,0.6368052018027064,0.5517241379310345,False,1
-0.1063565814426381,0.9848603029734678,0.1368884991912969,-0.9939858534442952,-0.1016961060976206,-0.04062050168570515,-0.02608449225981564,-0.1403854893911464,0.9897532589650597,-6.903168355042624,8.9305240721377,-2.07987331,,0.3520191514073925,0.1851851851851852,False,3
-0.965854512102961,-0.2383656160385465,-0.1015228769337992,0.2567629186884419,-0.9329951284283335,-0.2521763151360369,-0.03461018689553182,-0.2696329420148093,0.9623410058516132,9.606110024494967,-22.66065689290645,-2.28337282,,0.6607135118649495,0.1081081081081081,False,1
0.3073248193605677,-0.9280978848326277,-0.210204118832619,0.9509271914996857,0.3078536096220233,0.03104241468074852,0.03590169733473846,-0.2094289168474453,0.9771645700272759,-5.117149732933115,10.02235924012919,-2.09810173,,0.4209067094289205,0.3333333333333333,False,3
0.6523954130396248,0.7362542508057585,0.1797495569265991,-0.7577564939297876,0.6294181907796279,0.1721564318372559,0.01361326382955177,-0.2485204604980271,0.9685309802798024,13.73796464757982,-15.87914766505077,-1.99415054,,0.7521537190679731,0.4761904761904762,False,1
0.6500541823713168,0.7596760883721301,0.01793880534425346,-0.7597919031169804,0.6494158019492378,0.03123107645448883,0.01207575833794737,-0.0339316509213542,0.9993511990918484,14.65457451185165,6.653197368356956,-2.00042058,,0.09172910264515192,0.2,False,3
0.604557201555606,0.7692783657344078,0.2066915239197129,-0.7964852309246604,0.5801981333900372,0.1702392520237532,0.01103933721492116,-0.2675461119577622,0.9634818166473822,8.590387732521208,8.026309218081309,-2.05164456,,0.3081134926696617,0.2222222222222222,False,1
0.9970908520284103,0.06912485076703807,-0.03211834067467623,-0.0662478549903661,0.9943164185059223,0.08334315568018678,0.03769687666684406,-0.08097292693234671,0.9960031780037523,17.10496276052504,-15.47840035422138,-1.96862783,,0.5268462896446352,0.6222222222222222,False,2
-0.02851974673356248,-0.9565619814607766,-0.2901306596519699,0.9981703018190015,-0.01177174938794164,-0.05930830028682068,0.05331671982425071,-0.2912912658151308,0.9551474890544401,-11.74402163693219,-17.02424147838707,-2.18024722,,0.5394404502878338,0.4313725490196079,False,2
-0.4232669283886194,0.8992322950353456,0.1105729935288354,-0.9014977556049443,-0.4058542681443785,-0.15028010403323,-0.09026020148277339,-0.1632899035288326,0.9824405851927295,20.80079577720909,4.904091064893635,-1.92653681,,0.5455113642418001,0.5949367088607594,False,2
-0.7267686170700899,0.6864615952861994,0.0240386239030887,-0.6856737400517863,-0.7229702227441122,-0.08464974441026493,-0.04072958931076156,-0.07800343083771395,0.9961207584083978,11.07913047610862,8.37003484180184,-2.05404450,,0.659841428701214,0.3023255813953488,False,1
-0.8889846349294208,0.4578516644265835,-0.008841506727491302,-0.4562130788317484,-0.887146615120368,-0.06957377367464833,-0.03969818084323402,-0.05781640478515895,0.9975376272479435,22.17453831297769,6.180158582031169,-1.97781903,,0.1323461155887019,0.36,False,2
0.7364536133802255,-0.6737514454764645,-0.06078704679110926,0.6752561646515042,0.7375590701398795,0.00597747058021122,0.04080670826408954,-0.04544895788432649,0.9981328592867176,19.22141711626364,6.539525051367434,-1.99471565,,0.0907804737461873,0.2222222222222222,False,2
0.5979747159381373,-0.7504305972420854,-0.2815673237817062,0.8006188743638697,0.5758437519267935,0.1655698987715009,0.0378900661260349,-0.3244347270095511,0.9451489040353397,9.897518234945949,35.99114281292267,-4.10628664,,0.7204374453881209,0.3333333333333333,False,2
0.9688294493993252,-0.2337387669822087,-0.08207122995445422,0.2439510564745166,0.9578129493510886,0.1519283913570349,0.04309733195416342,-0.1672140630001134,0.9849782114917196,-8.117354299437807,-17.30553253683701,-2.17271502,,0.8297219794614141,0.375,False,1
-0.5187253279971338,0.8498495192297141,0.0931655985827941,-0.8453659858066026,-0.4935976974039126,-0.2042490224181918,-0.1275946085675149,-0.1847081692361764,0.9744755040953686,-4.781421227722092,-0.08477379266770413,-1.95465285,,0.3482785139828543,0.1184210526315789,False,2
-0.7320822030515429,0.680129153486301,0.03847054136877073,-0.6799904687239282,-0.7262122382522384,-0.1011372703669904,-0.04084862812642605,-0.1002003971582996,0.9941283971346493,-1.998699596459517,-8.09808221362374,-1.95483062,,0.1446516121564123,0.2522522522522522,True,1
0.7023441821758892,0.7005035974482178,0.1265201949326148,-0.7116486753668648,0.6868842955306316,0.1474656821161277,0.01639550585581548,-0.1936095930358142,0.9809416460076708,-18.29653088393417,-6.724233030444111,-2.05936520,,0.7316710174081136,0.1566265060240964,False,1
-0.5602207562440094,-0.8165052674132631,-0.1395415800390165,0.8282929491620907,-0.5540391729764425,-0.08349482125224918,-0.009137540246452408,-0.1623568387656484,0.9866898004257817,19.86251573225098,2.978073490383679,-1.85885279,,0.1528909060428005,0.25,False,2
-0.2063763855559542,0.9708592492184343,0.1218240768152104,-0.9778051998167997,-0.200032880486734,-0.06232044556490562,-0.03613555999411888,-0.1319816840747157,0.9905932850432175,39.53059908858955,-8.47339336753356,-1.65876933,,0.4267464831654239,0.6774193548387096,False,2
-0.1911565148786383,0.9454988592789468,0.2636116346477567,-0.981263743310221,-0.1774851799528384,-0.07496984034877224,-0.02409674011696995,-0.2730035127966634,0.9617111983939962,-7.434791424374851,-0.453111163214146,-1.97571718,,0.1590513836400852,0.4484848484848485,False,1
0.3975895513385261,-0.9120556367062607,-0.1003845815788795,0.9170280808487757,0.3987089023513803,0.009524186084299554,0.03133763873109292,-0.09584219706420857,0.9949031237566119,29.8116463031788,-2.794021264440119,-1.71807227,,0.1188091673302255,0.2,False,1
0.7007572326873983,0.7087581005565724,0.08124811217338997,-0.7132134557286463,0.6934128706543237,0.1024946700006066,0.01630544092940785,-0.1297711281694453,0.9914098985231727,20.35758641850151,18.09987392767059,-2.65996668,,0.8282247120074473,0.25,False,1
0.6452325114050431,0.7631651820214365,0.03541060824283831,-0.7638718280347896,0.6436403276525173,0.0471906659642375,0.01322257768851476,-0.05749811796526215,0.9982580477360165,34.30733566402517,-5.106809877672333,-1.69608178,,0.6736352428906297,0.5370370370370371,False,1
0.5935988409160111,0.7832175851349916,0.1849611591618099,-0.8046931013607995,0.5746718231464737,0.1490681330930463,0.01046081667491486,-0.2373236398187512,0.9713743157494301,19.12924984953867,3.891486384185754,-1.89677682,,0.5201375169611504,0.2424242424242424,False,1
0.1991620289195787,0.9674899165549019,0.1558773479413398,-0.9799309658847325,0.1979751853191287,0.02326216021936316,-0.008353941396222609,-0.1573819791540483,0.9875024679972716,16.80909931516868,5.488521808913987,-1.96972209,,0.09923350229652186,0.2666666666666667,False,1
-0.9314203401720097,-0.3390777090881962,-0.1322212430487597,0.362583417939683,-0.8959305780113592,-0.2565963063245645,-0.03145496700102934,-0.2869402491525597,0.9574319184502006,30.43282650282083,5.502688087734526,-1.92677792,,0.5954879703750333,0.6,False,1
0.9335567338910867,-0.3379747221308056,-0.1193520498659794,0.3557746865865274,0.9142140663265897,0.1940026116186582,0.04354534407792436,-0.2235748826035839,0.9737135486773966,33.57261366859757,-5.975484278306681,-1.69516380,,0.3272414686339218,0.1111111111111111,False,1
-0.5256218950598927,0.8507068956336425,-0.004404674223812573,-0.8499825353131018,-0.5253755503561898,-0.03886155877782383,-0.03537390417184209,-0.01668259000579669,0.9992348963553762,20.73171840338733,2.968611822307537,-1.85511959,,0.07111059776274886,0.2,False,1
-0.6944691307579561,0.7192126342660029,-0.02111428749555183,-0.7184111393733195,-0.6947282180406291,-0.0351871834965546,-0.03997575826194053,-0.009267673399937748,0.9991576697304255,19.68357366050952,5.150723537948778,-1.94556048,,0.0939683063535178,0.3,False,1
