axis_00,axis_01,axis_02,axis_10,axis_11,axis_12,axis_20,axis_21,axis_22,location_x,location_y,location_z,dbh,dbh_approximation,score,reconstructed,number_clusters
0.9954307756702943,-0.09500465488581696,-0.009575301481662588,0.09537317337329344,0.9941159467042017,0.05135603478772869,0.004639897536108943,-0.05203460443241148,0.9986345033556664,22.39202317914425,-7.556367129134543,-1.98250777,0.1781080381649305,0.2544989596979951,0.5172413793103449,True,5
-0.4008724397214238,0.9141174950360447,0.06074942255546353,-0.9161221954367588,-0.4003199429401442,-0.02154219841462473,0.004627104918703666,-0.06428956799846015,0.9979205586351272,21.69402575851439,-12.42118228141175,-2.00754660,0.2213020269517994,0.1541226161561479,0.2857142857142857,True,5
-0.9718955183991537,0.2354089568306209,0.001313148719486485,-0.2353947173569322,-0.9717377014610337,-0.01775293214310425,-0.002903163118142651,-0.01756310345999845,0.9998415419659072,13.03491234413832,0.9605666361077851,-2.09352020,0.2619003297327808,0.2229651250203852,0.7441860465116279,True,5
0.9792062033434291,-0.1911211918004861,-0.0680286805583384,0.202273608392814,0.9454481855743477,0.2553685880094183,0.0155112437121306,-0.263818912208612,0.9644475013600102,18.86988557392391,-19.57817283235389,-2.15697348,,0.4853994900190201,0.4864864864864865,False,3
0.9343407481908679,-0.342836171507873,-0.0973176539788947,0.3563761822154644,0.9002271839788293,0.2501740073930141,0.001839298687443245,-0.2684294632326602,0.9632975865478779,-8.664053301160322,25.69246685578543,-2.39194456,,0.1601901524774409,0.3333333333333333,False,2
-0.9339707879471446,-0.3465385547104851,-0.08723300614193254,0.3572773096240744,-0.9104348307398278,-0.2084738424923492,-0.007175743109516676,-0.2258748526837582,0.9741298987485791,-21.00267744561881,20.84773363938376,-2.08966768,,0.5871960283978874,0.1724137931034483,False,1
-0.9346842967638076,-0.3413564303061108,-0.09920208098531544,0.3538831342508884,-0.9199346945213762,-0.1687805827357857,-0.03364509883943792,-0.1928625036250773,0.9806487964707613,22.51073946400243,-2.735038446648957,-2.01394189,,0.7467973422779801,0.3396226415094339,False,3
0.9138969304429658,0.3874975296259415,0.12098787154387,-0.405878012554622,0.8667503489907888,0.2898393890572064,0.007445767363657563,-0.3139896448262854,0.9493972105974547,-31.32510438880621,1.136973109120675,-1.78875866,,0.2642282637266085,0.1538461538461539,False,1
-0.997996085219155,0.05998017842809705,0.02015420757497299,-0.06290417918583663,-0.9749289686659054,-0.2134398517076667,0.006846760416254593,-0.2142799203186529,0.9767482979867609,-22.06840143224167,31.00419871131405,-2.19595201,,0.256236053140652,0.6363636363636364,False,4
-0.8202596163902175,-0.5675035163665493,-0.0715116817798003,0.5719796568718911,-0.8146082162880136,-0.09619109148343662,-0.003665220878412423,-0.119804895007102,0.9927906895656555,24.29714641303428,24.09638771255874,-3.19598180,,0.2911646729344952,0.25,False,5
0.6805514354258286,0.7317887878062713,0.03653647192699974,-0.7325143766979795,0.6784089874105729,0.05642635670794638,0.01650550425208161,-0.06516452901379216,0.9977380179625287,-4.303142580635665,9.23758558001785,-2.17743588,0.2929967716496606,0.2443812569234979,0.4464285714285715,True,6
-0.9961246318175438,0.08424927030874906,0.02525427367409945,-0.08789581984876152,-0.9639043955652474,-0.2513217878798201,0.003169028159707145,-0.2525675685087825,0.9675740698251915,-22.2807179599962,-32.81465935004556,-2.59559469,,0.4505034389000058,0.5185185185185185,False,4
0.280525569440171,-0.944329874052035,-0.1718909359539803,0.9591818137421257,0.269135811935603,0.08681107602218746,-0.03571628587400871,-0.1892273862490084,0.9812835182640817,16.65474942784135,1.570941404363452,-2.08419156,,0.6874735723285095,0.392156862745098,False,2
-0.9419453261504842,0.3357535400172869,0.002926244883520286,-0.3353322507954098,-0.9402489681819945,-0.05902676858154636,-0.01706704777465753,-0.05658125306632324,0.9982521112833681,4.276378116691262,5.535184123694222,-2.15789978,,0.1622840923422305,0.4415584415584415,False,5
0.1142316412298612,0.970385472278948,0.21284540711957,-0.9934479510248936,0.1123347809092845,0.0210253561801978,-0.003507241989569997,-0.2138525945319025,0.9768596455303088,-23.41519878969643,-0.3581603639952391,-1.99556417,0.711384046706746,0.4580954934345531,0.2777777777777778,True,3
0.7885098026383663,0.6098415036170651,0.0796594728157334,-0.6149685444233581,0.7800888776370746,0.1152173266342554,0.008122838975386282,-0.1398380615319206,0.9901410687543334,-6.850021142747778,-6.962540824932034,-2.20426143,,0.7291089542064818,0.9748603351955307,False,4
-0.4808216057350496,-0.868656548865727,-0.1193582153479788,0.8766022675315922,-0.4792510156297591,-0.04343879114704183,-0.01946915552458586,-0.1255159915330723,0.9919005433271171,-15.4197153690356,20.1397531230852,-2.17287035,,0.2824976332680161,0.4545454545454545,False,5
-0.3605630349621463,0.930419075777356,0.06568592884702845,-0.9327340536457024,-0.3597594750330845,-0.02408952663660763,0.001217780169921029,-0.06995329551586876,0.9975495243134184,-22.14345393265791,2.745873177708205,-1.98657929,,0.1124179192041516,0.3243243243243243,False,4
0.9597847690283854,0.2792234790452047,0.02911092391219079,-0.2806293382352124,0.9513751016842602,0.1270141347131536,0.007769920385439749,-0.130075611261898,0.9914736323735736,3.429373221920002,13.4448775815554,-2.26819222,0.200847445498565,0.1548205440823669,0.5285714285714286,True,5
0.4261053829494231,-0.8909392583251987,-0.1570396147361217,0.9039553603637781,0.4123879880738072,0.1131408580576841,-0.03604038139527464,-0.1901667301800756,0.9810900599035242,-2.160461597090034,-15.40874007595116,-2.31018049,,0.4317235102175641,0.5657894736842105,False,2
0.6021809418140018,0.7980187768023059,0.02332691979136971,-0.7983368117610354,0.601685675505798,0.02515318823442798,0.00603724301537649,-0.03376950935508023,0.9994114127498694,17.4796631238998,-19.78925661215024,-2.19239343,0.6633152680552928,0.6315846822871809,0.9322033898305084,True,5
0.9767423115105625,0.2123428641371809,0.02974836054344237,-0.2144026230971666,0.9656518334343754,0.1467925467926907,0.002443790919509109,-0.1497566180001693,0.988719870970081,-3.62612862848141,-21.86492999380275,-2.44918000,,0.3092920543183629,0.3684210526315789,False,4
-0.2159472916844581,-0.974620300670086,-0.05900878524337266,0.9761910124131322,-0.2167705869208711,0.007849836291578767,-0.02044197881740297,-0.05590869492066423,0.9982265991919352,-7.349751448078223,-14.39577303598486,-2.33064995,,0.1245366128157296,0.3260869565217391,False,5
0.1627360055173554,-0.9712050387361321,-0.1740050724599808,0.986644840865922,0.1589307904429697,0.0356785908050264,-0.0069964634576953,-0.1774873983772391,0.9840982028823972,28.38277012769498,-11.929403962127,-1.94069583,,0.4461407806070494,0.1875,True,5
0.9999268505099225,-0.009784904833611233,-0.007109800749993551,0.01113830226653676,0.9740850589891566,0.2259075830438431,0.004715066481683418,-0.225970249129147,0.9741227923914852,-19.22647194476997,-10.5711294442377,-2.24006575,,0.4616241404169785,0.15,False,1
0.9331713712477792,0.3590262933332119,0.01706788150160795,-0.3593299960641078,0.930724859914062,0.06806753313083519,0.008552532496685458,-0.06965167502195059,0.997534710350737,11.25255692355364,-4.627706413136252,-2.08777680,0.2368445055399291,0.207840830462552,0.676923076923077,True,5
0.8124398420795953,0.5828415346841942,0.01540287144190974,-0.5829983618999077,0.8117570532652912,0.03410859856510982,0.007376518400106918,-0.03669103325098237,0.999299432129964,-5.264473933934994,7.790464490889804,-2.16069230,0.1667623370828722,0.1343151000651302,0.7170731707317073,True,5
0.7580815967902933,0.6492250501083002,0.06179908510452652,-0.6520888056294329,0.7531908956787419,0.08650817440818465,0.009616765602926096,-0.105878746585572,0.9943325443938806,-5.62648161202145,15.64369307292276,-2.21879303,,0.2892763040899186,0.3333333333333333,False,6
0.3476262316260003,-0.8833112476116066,-0.3145111173366278,0.936936739128728,0.3401692737794305,0.0802147869610191,0.03613239483252092,-0.3225617848090541,0.9458585227318433,-16.38655654066855,-14.20655276298012,-2.28678196,,0.3533230693134346,0.2608695652173913,False,3
0.9940435058968253,0.1087299472881244,-0.007436864061479185,-0.1073190501528855,0.9884581177565447,0.1069260067311526,0.01897708772782884,-0.1054909854153884,0.9942391674730279,9.195396015745416,-5.912208969638101,-2.11116566,,0.2212079598894225,0.5121951219512195,False,5
-0.5918364842869701,-0.8058429374389057,-0.01862084978394673,0.8060100743098506,-0.5918953618144601,-0.002764194920757113,-0.008794087665565213,-0.01664454392185623,0.9998227958892341,3.822664333116052,2.820964073601345,-2.14341464,0.3087721289458887,0.2441608280592892,0.8790849673202614,True,5
0.9887265158889624,-0.1487892054268647,-0.01678240526612734,0.1494596703532491,0.9874703599632157,0.05063689496816267,0.00903790440159477,-0.05257433349611678,0.9985761141452701,-1.289407268913521,-6.689422723637364,-2.19278291,,0.5362223776001409,0.9920364050056882,True,5
-0.4381904887713822,-0.8924381813159648,-0.1074392297056769,0.8988382854281868,-0.4362085588529272,-0.04256559446276614,-0.008878749845198024,-0.1152223316588597,0.9933000463547159,4.147151597356185,11.74482998034622,-2.23878790,,0.1132906739655056,0.5,False,1
-0.9967554678269331,-0.08048874932943645,0.0003139880496426557,0.08031976692496896,-0.9949007926647514,-0.0610012114319751,0.005222298175216962,-0.06077807159192346,0.9981376426201631,9.243579650791276,-17.87614952788556,-2.26452331,0.3455570143460792,0.295897899325654,0.8548387096774194,True,5
0.6173647174871215,-0.7811831044126477,-0.09281036031750618,0.7866714697867603,0.6126038429086309,0.07658022118743227,-0.00296719153156657,-0.1202891891808918,0.9927344593296934,-23.96827868367649,-15.08339884445616,-2.26578792,,0.3070159639583598,0.15,False,1
-0.02994894675524485,0.9785698992752299,0.2037253367176449,-0.9995334526402186,-0.02809737339133313,-0.01197558606632266,-0.005994801195652481,-0.2039889453891418,0.9789548368120206,23.10210146673472,-1.638643354975557,-2.03200828,,0.1414860045448329,0.2727272727272727,False,6
-0.9947169715119816,0.1009211832900306,0.01878992680592923,-0.1025774851035271,-0.9700354601882113,-0.2202477367131872,-0.00400076690995359,-0.2210115850827414,0.9752629763932119,-22.58837643437874,15.02480632540713,-1.98690654,,0.1835366337873655,0.4782608695652174,False,1
-0.3285874300914541,0.9437636679704062,0.03661201722025952,-0.9444215209194533,-0.3287292791846319,-0.0022476278467442,0.00991421252943552,-0.03531571924505043,0.9993270277362281,10.44762151848442,-6.121622823861969,-2.10024455,0.4471794853771455,0.2337065614887349,0.4375,True,5
0.9657887098670856,-0.2586920770252281,-0.01818178147613084,0.2583957504368268,0.953993986544214,0.1520760000580933,-0.02199554612782706,-0.1515713789666558,0.9882015548604884,-0.3988160085287973,12.65943235600196,-2.23835163,0.8386356181413525,0.8126117268991061,0.9909747292418772,True,5
0.2830822237786201,0.9585017881577496,0.03374576534838886,-0.9590953022815604,0.2828771364075129,0.01080401959128596,0.0008097666299068213,-0.03542383090918462,0.9993720510809392,11.41471601842102,-8.389176587727007,-2.09968863,,0.2171079898261877,0.8513513513513513,False,3
-0.9294107752152394,-0.3595248967166854,-0.08329141345099672,0.3686503249667809,-0.914917648448146,-0.1643856272914459,-0.01710405845684355,-0.1834871799308385,0.9828732909105492,17.56009959600834,8.23795981562202,-2.20957288,,0.5819406298800547,0.4482758620689655,False,2
0.8359917894688284,-0.548549959075426,-0.0145144872130036,0.5476747652007464,0.832425222135056,0.08438365431593833,-0.03420642487918189,-0.0784932605498912,0.9963276210891844,-26.67556363929208,3.618942990561123,-1.87936270,,0.1327810065792327,0.2857142857142857,False,2
0.6729534529094439,0.7234874959098817,0.1539463980718794,-0.738661477567699,0.6463627042343097,0.1912968272931209,0.03889565238893359,-0.2424481343235268,0.969384356376912,-32.81629504866788,-3.65915423290258,-1.82221182,,0.3432633962496262,0.6363636363636364,False,2
0.3925198820473922,-0.8904942110284754,-0.2301047637974395,0.9194811533469238,0.3739533606244689,0.1212983623858034,-0.02196703979403996,-0.2591890125033083,0.9655767732087633,-7.453487200738834,-18.45264871666876,-2.38919028,,0.5349070153581534,0.25,False,4
-0.7620543745214906,-0.6472518659357916,-0.01838891827422501,0.6474397894157639,-0.7620879850103968,-0.006604709233964279,-0.009739063298478241,-0.01693886493923288,0.9998090945278697,14.02448036806157,12.78749119564404,-2.29012761,0.2492565455475825,0.273489728186065,0.8939393939393939,True,5
-0.9840255267319837,-0.1778333145961148,-0.008311134675936634,0.1779723059069867,-0.983809889668913,-0.02107034218496241,-0.004429567698130464,-0.02221290636996073,0.9997434499513399,-3.486096386407723,12.04323118092114,-2.20472506,0.1436496006922816,0.2182458615460465,0.6261682242990654,True,5
-0.9718261931054549,-0.2332674519198199,-0.03376605201966121,0.2355249908372574,-0.9665915515691249,-0.1011372885057875,-0.009045943028223332,-0.1062406151621286,0.9942993023253629,-21.55482666750345,-14.24604119417296,-2.30899135,,0.3264536138315364,0.6962025316455697,False,4
-0.3460252738850669,-0.9354012237233029,-0.07273967617271382,0.9381845470046225,-0.3456904676858336,-0.01754583463049178,-0.008733017490852805,-0.07431454237291843,0.997196612106864,-32.05138257687082,4.386858626466363,-1.75545583,,0.2133610484309835,0.3076923076923077,False,1
0.9857737317446956,-0.1628911527418076,-0.04143213922285433,0.1680421020386816,0.9602319961167362,0.2229716698957289,0.003464353411266846,-0.2267619588734268,0.9739440498628903,1.804124128127398,10.37751779502577,-2.21187608,,0.5947256064792474,0.134020618556701,False,1
0.3995810462319312,-0.916174153027749,-0.03098239526054251,0.9166946500823145,0.3992617580574348,0.01615447502545536,-0.002430226873499954,-0.03485641801407402,0.9993893756292238,11.15662314781196,3.379172203643407,-2.12664670,0.4944915863230465,0.3459756312076703,0.7884615384615384,True,5
-0.547784256089869,0.832696043221572,0.0809302686465838,-0.8366179399359784,-0.5454087075197976,-0.05098788423601618,0.001682663766193035,-0.09563807486939264,0.9954147513865403,-7.516530081112137,13.42489981702161,-2.16843892,,0.09197700756768515,0.2682926829268293,False,5
-0.3931141682754729,-0.9088589400353012,-0.1394154862954337,0.919264448241469,-0.3918296804639042,-0.0377143965464461,-0.02035005897758557,-0.1429857637160554,0.9895155109820892,30.08213348737638,-9.279308741064881,-1.92594928,,0.1966585397563179,0.25,False,3
-0.7416318798691234,-0.6443829585276026,-0.1864209149237402,0.6707517607246372,-0.7159284397420518,-0.1937486636168387,-0.00861569768445126,-0.268732342541283,0.9631763586310064,-28.60897656165724,-5.294717152000402,-1.99706488,,0.4847917547483588,0.5,False,1
-0.9982099696635696,0.05792262089473742,0.0148938394291729,-0.0589803881222155,-0.9946591219475486,-0.0847026855742278,0.009908091703766771,-0.08542950962763529,0.9962949506062817,0.5815859709395568,-12.64163784782838,-2.25062015,0.3172694749735792,0.3723244733520195,0.5603448275862069,True,5
0.1117370178677435,-0.993280188695191,-0.03015469422279221,0.9937016242051595,0.1114225314134503,0.01192063527867853,-0.008480618494670302,-0.03129674486372708,0.9994741581806321,-5.569338417107929,5.244688277475547,-2.14523735,,0.1346930788329879,0.6,False,5
-0.4170488877996193,0.9071333948170773,0.0563846538762534,-0.9088711157307195,-0.4165706849352901,-0.02054651899812125,0.004849760354630837,-0.05981528617492111,0.9981976815061807,-13.53081060559077,-28.93316973445434,-2.62312532,,0.3973257346734458,0.9,False,1
-0.1469685579540732,0.988129543667125,0.04472413112737236,-0.9891371988787478,-0.1466896296809247,-0.009473876628762484,-0.00280085115706235,-0.04563066377197895,0.9989544522932583,-10.14407689754341,-21.47731971478993,-2.44705325,0.5467438751141669,0.4540508358972339,0.8533333333333334,True,5
0.07073305673612366,-0.9955013659116264,-0.06303860049883137,0.9970185651512928,0.06860434230676996,0.03531890372468136,-0.03083529517325995,-0.06534886903950594,0.9973859382840906,-2.745190314506203,17.35145343927763,-2.28523337,,0.2834985325763896,0.3636363636363636,False,5
0.9704335088494662,0.2410839261546712,0.01171944759625619,-0.2402343139366779,0.9600321520157001,0.143616647723992,0.02337261879820322,-0.1421858208329948,0.9895640014898283,25.27227267422131,-2.551380533295259,-2.01671195,,0.2366277186461745,0.2,False,4
0.2818300621190695,-0.9588186122993303,-0.03519495410351,0.9594361248270247,0.2813508030764806,0.01800133287070394,-0.007357884401364248,-0.03884062713971313,0.999218328104789,-4.933363465058278,-13.1638168304394,-2.29972155,0.6150261331575358,0.5353417427641618,0.9940476190476191,True,5
0.9782554453003172,0.207345287965509,0.004920904264225459,-0.20705446818719,0.974957201479506,0.08115973439440055,0.01203041744901337,-0.08041384732587907,0.9966889596129035,8.701610871009507,-20.38397115626077,-2.33797275,0.1898093998122548,0.1841240963158464,0.5925925925925926,True,4
0.5592450856563057,-0.8267832844108057,-0.06061629144176136,0.8289947066767451,0.5574284755291073,0.04518042685979511,-0.003565174779614485,-0.07551751643278956,0.9971381018899109,-31.38224076600886,2.894270133456303,-1.78458692,,0.08391035716081602,0.2666666666666667,False,1
0.8425013021628633,-0.5353768809727242,-0.05969213661611704,0.5386942932485261,0.8372883534080362,0.09357708944357265,-0.0001194794980893967,-0.1109946330557343,0.993820998549272,3.498405083903549,-30.21205898652437,-2.73065738,,0.5807064908947052,0.5833333333333334,False,3
-0.8627336982946628,0.4995657561559244,0.07825995849202863,-0.505441238036951,-0.8565090481116027,-0.1045055280577633,0.01482297940661026,-0.1297162510224421,0.9914403529724795,-1.504385066816155,-9.41853967636743,-2.22850608,,0.3126814528278122,0.2605633802816901,False,5
-0.7799900607668806,0.6249422895812512,0.03259815635617368,-0.6257918514960344,-0.7789520457545186,-0.04022771452638069,0.0002524005607298491,-0.05177687811943156,0.9986586459777747,10.03737876523098,-11.30966694947222,-2.14511909,0.4053312872913262,0.3322585377482098,0.8646616541353384,True,5
-0.4908265794207403,0.8374861059238663,0.2402213381833808,-0.8712502358070598,-0.4729072806349604,-0.1314599959249564,0.00350649971883474,-0.2738169576686689,0.9617754302085264,-21.53503566465616,16.92338226401358,-2.02319747,,0.2939561197225845,0.1904761904761905,False,2
0.9941849475528083,-0.1052042417971385,-0.0229860298291818,0.1074327191682284,0.9836204111061441,0.1447380313100189,0.007382473267096816,-0.1463658237542789,0.9892029845917322,4.33799610769762,9.417792839970446,-2.20170627,0.3005026081142884,0.2292285632518268,0.7372881355932204,True,5
0.4004965448452671,-0.9051760344133742,-0.1423336372425038,0.9150122726472809,0.4033068364480981,0.00980492626617226,0.04852894468109607,-0.1341638639794816,0.9897701749043734,-9.966026517639023,28.40583626530749,-2.43615373,,0.3051563041446623,0.4230769230769231,False,2
-0.4626569920892981,0.8864110641553576,0.0149643915295289,-0.8865239815399362,-0.4626768565674279,-0.002314422490048972,0.004872147931017279,-0.01433707570775037,0.9998853486448772,7.603245418243603,4.919928936581329,-2.14657180,0.6298020986121439,0.2934165010092452,0.88,True,5
-0.9957586334468332,-0.08580590766442327,-0.03319774278438889,0.09051699389086584,-0.9782783181096157,-0.1864891582199387,-0.01647476048551149,-0.1887031492225415,0.9818959739913586,29.03762509677222,-2.37854002860351,-2.02864600,,0.5567869737165402,0.4468085106382979,False,3
-0.2177230592184252,0.9511729169568444,0.2187847150337057,-0.9757325261814279,-0.2174724113430001,-0.02553013231990264,0.02329606911435507,-0.2190338612006617,0.9754391117908642,-23.41530117575888,3.496971646680208,-1.96756447,,0.4193156163361185,0.1938775510204082,False,5
0.663519440576902,0.7407158918042491,0.1052706968018726,-0.7478230706100671,0.6524070158638177,0.1229867501603331,0.02241889916670304,-0.1603279553923931,0.9868091708531336,-24.1240123196128,-3.278724648233293,-2.06708627,,0.2267940743923175,0.3902439024390244,False,5
-0.9900847787219254,0.1401995644440681,0.00873000989964534,-0.1404538926693683,-0.9870769791740854,-0.0771475289207772,-0.002198858152727298,-0.07760875797391839,0.996981467083801,-3.991664496444798,4.233467724120374,-2.14873305,,0.1160375966804388,0.5509761388286334,False,5
0.6219758146679556,0.7713858171208596,0.1345734264738637,-0.7828171878197941,0.6084831702335837,0.1301748132182141,0.01852933949287463,-0.1863119767681915,0.9823158916003989,-1.889685304721468,7.462407516558784,-2.17252670,,0.2654038429654709,0.2073170731707317,False,5
-0.4208206566945409,0.9068040086516459,0.0248287090377231,-0.9071379918464272,-0.4207586950459076,-0.00792365396112233,0.003261694039272682,-0.02585750251995921,0.9996603177657014,-6.990720085116948,9.528720908181441,-2.14951958,,0.0832253351684888,0.288135593220339,False,5
-0.7896112576244506,-0.6025003688348274,-0.1162212002460369,0.6135987596511926,-0.7763135012272988,-0.1443395648002659,-0.003259445850221235,-0.1852853296030451,0.9826793590213644,2.346943626072232,-14.5168440963657,-2.26810980,,0.4925430482453273,0.35,False,3
0.0901282309437362,-0.9786666302029575,-0.1846307908073244,0.9948584994843447,0.09706848033623436,-0.02888383854286645,0.04618947922101766,-0.1810782622304498,0.9823834256322168,-20.0125494108608,-15.94119325984758,-2.28292278,,0.2896212676448523,0.2,False,2
0.3161556394912939,-0.945394836059663,-0.0792099461530908,0.9486894575301036,0.31453322039195,0.03251409603708025,-0.005824499041999025,-0.08542515567204878,0.9963275656074752,-5.646112876372001,4.224483938828058,-2.14195021,0.6199946065947796,0.4689650992189529,0.9552238805970149,True,5
-0.1044092106419668,0.9858213383315608,0.1313583100655993,-0.9945181575041662,-0.1042481674252102,-0.008121205760390859,0.005687805168836774,-0.1314861531822042,0.9913016898975335,-21.9423351146965,-0.2567442795657087,-2.02334039,,0.127862229226865,0.375,False,5
-0.3710397313226558,0.8991053291316694,0.2322479814918626,-0.9250084874013577,-0.3798789011744512,-0.00716370560147387,0.08178518212649746,-0.2174893734634517,0.972630225941499,-37.70780453779736,3.92746815806268,-1.57463816,,0.6199303809030405,0.15,False,2
0.6952529183183805,0.7166194779593585,0.05549687720073442,-0.7185436673195158,0.691047033963672,0.07841552783112864,0.01784314223443727,-0.09439555423466482,0.9953748548240173,-1.17218357571852,-17.75740044482453,-2.34880919,0.5228500932667455,0.4578820014955904,0.6904761904761905,True,5
0.9943268592650614,0.1063236978386436,0.003060755134799063,-0.1062216546221814,0.9910424285006056,0.08094359147547088,0.005572883760175581,-0.08080950556425084,0.9967139844393959,-8.096303213715544,-13.28693750386699,-2.32404255,,0.6644762165577717,0.2127659574468085,False,1
-0.6695156338634334,0.741273453510181,0.04756556667941413,-0.7427941318779875,-0.6683437854662687,-0.03966688891562516,0.002386139155877692,-0.06188902608465516,0.9980801845494284,-4.563721577946808,32.16173688933962,-2.59845562,,0.1909820028154405,0.375,False,1
-0.7788888788353854,0.6268442650905272,0.01995950274112812,-0.627157831557854,-0.7783738523595943,-0.02841127027316697,-0.002273486794877898,-0.03464698090745512,0.9993970271977958,-10.26575355008146,-14.46057513234939,-2.34636564,0.4706603328894264,0.3701722319210362,0.9525862068965517,True,5
-0.9979602898259312,0.06369972699267795,-0.004195796897182237,-0.06322150275836885,-0.9952999460717912,-0.07335570147210452,-0.008848814582623085,-0.07294081251637713,0.9972970151113127,-25.43495877365746,12.17125765548201,-1.91075765,,0.1617144047138354,0.5833333333333334,False,4
0.862758577888223,0.5054080412945449,0.01450338150574752,-0.5044205961186462,0.8583930792461127,0.09338727811476703,0.03474907900361356,-0.08788647960401373,0.9955242177924212,-17.78009532975517,21.95504858401517,-2.17160045,,0.3923499014591856,0.475,False,3
-0.8799045725215162,0.4662325047627341,0.09162529540686876,-0.474709183415665,-0.8542794973052734,-0.2117964392162516,-0.0204727730549941,-0.2298560244729688,0.9730092875080492,-22.76161135910286,-3.809615288518387,-2.09373524,0.7221695008052117,0.5456099171232257,0.25,True,4
-0.8918300864151888,-0.4499416525031721,-0.04681459502539521,0.4523051661211445,-0.8886726596703417,-0.07537201506239262,-0.007689841662940967,-0.08839351388623597,0.9960559487488857,6.569354005371622,3.290052560503796,-2.13609384,,0.5313242452113813,0.1617647058823529,False,1
-0.9832903141538261,-0.1796577970571945,-0.02938084491341745,0.1818613007014612,-0.9621869937589166,-0.2027872193910454,0.008162438265811141,-0.2047419473330639,0.9787819520219109,13.64845977806874,-10.67726230687606,-2.09404318,,0.4431798565490064,0.2916666666666667,False,2
0.477925392267152,0.850517844547409,0.2195602776749894,-0.8780291447423709,0.4698259998923985,0.09125979842235363,-0.02553703994729334,-0.236395697785593,0.9713212309319675,6.14686012292151,-7.801626021952302,-2.14846631,,0.5247869955607689,0.3121693121693122,False,2
-0.6435878635685023,0.7414051405384907,0.1900344164893098,-0.765367542748487,-0.6243001797025158,-0.1564027177850515,0.002680741403910792,-0.2461050653816542,0.9692394494752149,0.5760454950436724,-15.99378518760918,-2.30535839,,0.6659476298011744,0.5806451612903226,False,1
0.8664422932382635,0.4938128659486595,0.07366550014484484,-0.4992143833673812,0.854510642048655,0.1435150238292864,0.007921611398223418,-0.1611223635910494,0.9869026456665768,-14.78154578753936,-29.12923061047624,-2.61688858,,0.2809871129446139,0.3076923076923077,False,1
-0.4200922386581726,-0.9059890653234396,-0.05202234648230489,0.9074813111337074,-0.4194282269605753,-0.02361424086764958,-0.0004253965353974316,-0.05712946650431824,0.9983666876928132,6.331102244884732,-18.0525739032544,-2.29542665,0.3462063852935315,0.264966360981938,0.6,True,4
-0.6601354268677851,0.7489478390833232,0.0574312852590695,-0.7511424616586679,-0.6584533140148502,-0.04716180187629249,0.002494090504441463,-0.07427225319917886,0.9972348830226876,-2.628328196658231,0.8154099646283726,-2.15089632,,0.2530212930449626,0.2263157894736842,False,1
0.9911049581939669,0.130532119118142,0.0259292830957974,-0.1329578736026434,0.96276935181492,0.2353664781844307,0.005758966087621171,-0.2367203858656995,0.971560751175754,-2.736324005456481,-16.64159395055123,-2.33650501,,0.1589630932825941,0.4285714285714285,False,1
-0.8506134424016362,-0.5214966601256003,-0.06706716844690268,0.5257915198965474,-0.8437189827868399,-0.1080812457830742,-0.000221834442327043,-0.1271987089674526,0.9918772299163319,16.47221721353304,-10.42114733062394,-2.05497745,,0.4513354153422598,0.4324324324324325,True,4
0.8871559748795907,0.4607930002344112,0.02498173673733209,-0.4614048444307933,0.8848230680304735,0.06475884354229842,0.007736004862910708,-0.06897788932774238,0.9975881941024818,-10.51530882205503,26.90494118312043,-2.40604082,,0.205524571212438,0.3214285714285715,False,1
0.1848410128410151,-0.9494084605518407,-0.2538845702371295,0.9827468011050504,0.1768484957005222,0.0541602666745,-0.006521111078504276,-0.2595152877983234,0.9657169826140861,-6.016414516836733,-23.75311666700159,-2.51237681,,0.2797591582150704,0.3076923076923077,False,1
0.38606488939946,0.9129744966262031,0.1320282912224289,-0.9224686209143587,0.3817236485384149,0.05778148124514297,0.002354697718382817,-0.1440993568918764,0.9895604229868953,-18.84851010177448,-16.75080025066629,-2.30133541,,0.359824615920063,0.2272727272727273,False,2
-0.589266979161821,0.7908506549104801,0.1652866264921835,-0.8079317945247049,-0.5776254552114959,-0.1165978082461354,0.003262309855337228,-0.2022475589948539,0.979328995902312,-21.95185734001706,9.817530127169249,-1.96174015,,0.5695923955202862,0.1379310344827586,False,1
-0.2150851848000028,0.9416920272060224,0.2587556553510667,-0.976574780331469,-0.2091109571868209,-0.05073761922828313,0.00632943126127546,-0.2636071574920208,0.96460935347885,3.654976083368979,15.07714520387623,-2.30155624,,0.1531332137286088,0.6428571428571429,False,1
-0.97496056372992,0.2154153745522681,0.05520974169421779,-0.2223751293854682,-0.9432004314389204,-0.2468243261192673,-0.001095902473975561,-0.2529212575880885,0.9674862461336733,-6.689899530299442,-16.37923142815976,-2.35569253,0.7616315337338448,0.4838104828724775,0.2151898734177215,True,3
-0.554393925063412,0.8142091092335091,0.1723685072568639,-0.8314844618907399,-0.5507782192692428,-0.0726425688757568,0.03579057818826928,-0.1835943343891036,0.9823503218776748,-5.04018517786244,-14.2970395779804,-2.31287954,,0.4581015342837731,0.3076923076923077,False,3
-0.5538896306380638,-0.8097783692218412,-0.1935594735786506,0.8319709440306694,-0.5472772721548723,-0.09116981776574089,-0.03210335434726285,-0.2115338746469151,0.9768432804275806,4.340107367923622,-16.17576755494019,-2.28067794,,0.5490649924054939,0.4,False,3
-0.2929502370558419,0.9176534647452416,0.2685000507448355,-0.9561100886875481,-0.2828607742605851,-0.07644135460986204,0.00580145833513101,-0.2791091202840847,0.9602418664354463,16.19838521903455,3.961916283424159,-2.11696926,,0.368352397626437,0.1052631578947368,False,1
0.5056640696442588,0.8244569348655527,0.2541153502307635,-0.862684242947172,0.4801564445428481,0.1588259605185356,0.008930041515625124,-0.2995338900960428,0.9540438685104897,-24.43001186599685,5.183434849701854,-1.92721097,,0.3906751336237421,0.3529411764705883,False,1
-0.3185625988180519,-0.9448794641670997,-0.07563510315708315,0.9478658140460866,-0.3182303252749408,-0.0167289760043528,-0.008262517596825116,-0.07702115469595983,0.9969952219204775,25.44886213665637,7.600938565710834,-2.28809899,0.5548825590181002,0.6196835560776278,0.5625,True,3
-0.3930811594599487,-0.9044600067202011,-0.165648115960663,0.9189539759993541,-0.39264774990456,-0.03676050176297669,-0.03179295633630404,-0.1666728554341735,0.9854995520997551,12.90303826069476,-5.027126694037406,-2.07439614,,0.2096026519973524,0.2857142857142857,False,3
0.9999697936310213,0.006418354888497658,-0.004383668105410628,-0.006077606835888561,0.9972576549039338,0.07375793130677638,0.004845051153647265,-0.07372906113624449,0.9972665396087883,-16.56554833025001,36.85369557937531,-2.48535273,,0.4505743735816353,0.6956521739130435,False,1
0.8897367756837643,-0.4564048803902217,-0.007940727413039509,0.4564732001926769,0.8896322730379236,0.01366148876352343,0.0008291572329686005,-0.01577985821758513,0.9998751464922597,-4.764919275405475,-0.3162860113958175,-2.14821357,,0.1891177123802671,0.8791748526522594,False,1
-0.4465762386656336,0.8832704124553794,0.1428392156942881,-0.8947337534038463,-0.441664042434482,-0.06621468221095407,0.004601475754638931,-0.1573729713176201,0.9875285182310145,-28.76457711135254,-3.33440275562333,-1.95479943,,0.1675171267890465,0.8571428571428571,False,1
-0.5053336296473617,0.8581192482875619,0.09093557315931604,-0.859969618015729,-0.4920866551393771,-0.1352885062509811,-0.07134548925688901,-0.1465676620272364,0.9866244177044097,10.48268517630925,-16.71050012531421,-2.22943293,,0.1802280534368927,0.15,False,2
-0.2805617413986489,-0.9338241314254077,-0.221940534447724,0.9596848375575108,-0.277018745590662,-0.0475986045340759,-0.01703296291233465,-0.226347313125117,0.973897721537261,28.81985027321014,-13.64779945954638,-1.94211855,,0.3638569007520245,0.5,False,3
0.5582923669860606,-0.7799865033648398,-0.2827201576361219,0.8296365802572551,0.5234030508917258,0.1942997452810523,-0.003574585871111229,-0.3430310494487714,0.9393172634684861,-6.019328612507877,-15.59105034004671,-2.34058052,,0.3770854639158697,0.1428571428571428,False,1
0.006326544767834621,0.9867892307961352,0.1618857276478483,-0.9998348966189995,0.008999843806343697,-0.01578550963184932,-0.0170339171706445,-0.1617591320335089,0.9866832464725396,30.33282582525646,-16.71618642849725,-1.94861586,,0.2876550505736545,0.2105263157894737,False,2
0.2675018616426121,-0.9415407262563142,-0.2048018916379165,0.9635387892903686,0.2600655787887007,0.06291976050613138,-0.005979594516980789,-0.2141657197826727,0.9767790379197241,-19.41608956616727,-14.61466034524645,-2.27588738,,0.6877596667203028,0.3666666666666666,False,1
-0.6102841292387748,-0.7921072907827358,-0.01092343755902524,0.7921261794652239,-0.6103472191786736,0.00351963729517121,-0.009455020100438844,-0.006504762078337692,0.9999341431640412,4.966768506340202,-6.039536004085932,-2.14880094,,0.08868710839118146,0.1736111111111111,False,2
0.9698407690755371,-0.2414020151724462,-0.0336741697693333,0.2437231892581111,0.9620687316400166,0.122567379911728,0.002808853293915108,-0.1270780180489647,0.991888747628443,-9.069159211285523,-13.40649507322505,-2.33318553,,0.2278745051568421,0.2068965517241379,False,2
-0.5146054312797597,-0.820207513424678,-0.2498817420682838,0.857380575983773,-0.495276721866354,-0.1399982739288351,-0.008932973922916575,-0.2862876240759036,0.9581020813451288,31.59018455246076,1.146695388644247,-2.13536405,,0.7544976887536696,0.3333333333333333,False,1
0.2068716284968792,0.972658216481844,0.1055467822029979,-0.9783069740781669,0.2044455974106598,0.03342846346183385,0.0109358947082511,-0.1101725537952002,0.99385231025398,3.025088114111782,33.15608914364158,-2.82952638,,0.1536388879230358,0.3,False,2
0.8173844185962023,0.5735611590477666,0.05394728044980852,-0.5760333305604597,0.8123653997572337,0.09081882712683288,0.008265247701800697,-0.1053093258408377,0.9944051646946407,9.522807373054377,-20.7102197926458,-2.33298102,,0.3276955044883546,0.5714285714285714,False,1
-0.9586899867017764,-0.2828165319825861,-0.03046832182925158,0.2843730243686526,-0.9554464020155494,-0.07908322127333425,-0.006744806088674346,-0.08448066117688814,0.9964022909838888,5.248401455104897,-21.53494055666255,-2.39631439,,0.1547661130626583,0.4333333333333333,False,1
-0.9498634349388297,-0.3071266210917526,-0.05858919339751616,0.3125886046952969,-0.9369539714936032,-0.1562229801182046,-0.006915141419821301,-0.1667048107258106,0.9859825996943438,19.92673910561479,3.031328556869568,-2.09931253,,0.4496146315250288,0.6521739130434783,False,1
-0.3682391834843339,0.9001843535837973,0.2325253390702033,-0.9297163191272869,-0.3579408038960677,-0.0866368677564385,0.005241153995139764,-0.2480856917864448,0.9687239131123178,36.68701055543761,-13.79624132244896,-1.86612180,,0.695125967377518,0.3461538461538461,False,1
0.8749336001563621,-0.4821425846748939,-0.04505245121455862,0.4842425984575536,0.8712435945654075,0.08027269004976192,0.0005487772807558368,-0.09204958974249398,0.9957542728362931,19.38270548400072,-29.95049986794581,-2.52771127,,0.5425698424934213,0.8,False,1
-0.5300248777527693,-0.8215156197819936,-0.2102039852556768,0.847935009833417,-0.5160658565146355,-0.1211703381138241,-0.008935774278988735,-0.242462611950837,0.9701195976496982,12.89848829466024,-23.95332483174357,-2.37303933,,0.5185013948532097,0.1379310344827586,False,1
-0.6151266621583263,0.7879294150338906,0.02804329556788687,-0.7884226294456149,-0.6148679487184296,-0.01808764818471553,0.002991133567609518,-0.03323616348411211,0.9994430501818693,5.474136870960081,-23.56989247294896,-2.45406193,,0.1376735345805475,0.4,False,1
-0.9997079218338006,0.02411579538826784,0.001580960320013363,-0.02372202396129968,-0.966672991806647,-0.2549129115811215,-0.004619155975042998,-0.2548759606639597,0.9669627232079323,-8.741722649588269,-34.42196734794544,-2.93142056,,0.6332364276714402,0.56,False,1
