axis_00,axis_01,axis_02,axis_10,axis_11,axis_12,axis_20,axis_21,axis_22,location_x,location_y,location_z,dbh,dbh_approximation,score,reconstructed,number_clusters
0.9777429363794334,-0.2069083865506183,-0.03475154579504203,0.2090774129485116,0.9746829584810772,0.07924497360296075,0.01747528983686727,-0.08474697647465858,0.9962492480416348,-21.46602369487448,5.116357233018448,-2.13125744,,0.1303385764459242,0.3684210526315789,True,2
-0.2864528900802204,-0.9279940942345876,-0.2382681322175018,0.9580481395408544,-0.2798820063936149,-0.06172377839529731,-0.009407661080013221,-0.2459532954908559,0.9692360250992486,16.94160078336398,7.857119829149667,-2.06464579,,0.5922801533408393,0.2,False,1
-0.4401207012711515,-0.8895872221471778,-0.1221815964253967,0.8979385537482416,-0.4359743362515279,-0.06027214798359494,0.0003492922938554399,-0.1362385860265304,0.9906759942949994,34.02300857819029,-1.877782386631338,-1.77270900,0.4481754356879272,0.4434453732500738,0.2666666666666667,True,5
0.3788068086301934,-0.9182440934212414,-0.1154694186025484,0.9254752918185434,0.3759735094591332,0.0462536962670499,0.0009412591510871619,-0.1243853089475826,0.9922335455673853,20.43069084357779,7.962951896141817,-2.06035389,,0.09020252473469687,0.2727272727272727,False,2
0.9913407986659641,-0.1216963012034327,-0.04932982032940002,0.1293273292639811,0.9699323849918913,0.206168888170321,0.02275659916976428,-0.2107633241751133,0.9772722028057902,3.094222843491025,11.80148810014992,-2.19685672,,0.2139452932697072,0.1538461538461539,False,3
-0.7672811580629628,-0.6171041180707527,-0.1745340423575786,0.6411269075538629,-0.744625854924575,-0.1857111321064681,-0.01535945610947088,-0.2543911233474241,0.9669794431476073,-13.03250036892121,-11.85551436123677,-2.18412064,,0.2907728864705266,0.2758620689655172,False,1
0.02507099517893254,-0.9952282093767819,-0.09429876171733403,0.9995465614069314,0.02652932762689747,-0.01424311606510246,0.01667683364182748,-0.09389891392529168,0.9954420511427742,12.0812808791768,-5.149400453148189,-1.92267785,,0.1085580207784855,0.34375,False,5
0.7461074020285804,-0.6614802361892859,-0.07594499173171243,0.6657626154750619,0.7427369389187216,0.07142814152316079,0.009158846759717577,-0.103854401431112,0.9945503400177481,-21.08665770887376,-0.180431113605664,-2.09553243,,0.5143225220079908,0.9810606060606061,True,5
0.7565357114825274,-0.6403422856049812,-0.1327233005836387,0.6539167104477355,0.7428700376819218,0.1433075117070721,0.00683030371496758,-0.1952072344475194,0.9807382334601381,13.97704356897395,10.39189332809929,-2.15545951,0.5717478459523785,0.2783825679038138,0.1428571428571428,True,4
-0.1951293145904815,0.9638593845699808,0.1813825718304475,-0.9807645936754945,-0.1908112409026657,-0.04113249491250821,-0.005036107623113455,-0.1859197599007791,0.9825520243215854,-1.041885303716242,12.92650089703849,-2.21843509,,0.5140508772869051,0.2264150943396226,False,3
-0.105384765775926,0.9922019572940947,0.06655318988689336,-0.9944272837541734,-0.10534342585033,-0.004140042924001202,0.002903182331477335,-0.0666186052982472,0.9977742895868115,-21.66317107882082,30.0756202766195,-2.78561833,,0.1838820293757995,0.3478260869565217,False,4
-0.9702680608370343,-0.2246401646635815,-0.09009265530253219,0.241468850633374,-0.923841761519027,-0.29700032634194,-0.01651315516002705,-0.3099245006341715,0.9506177568367428,13.34547554011834,6.335821744473435,-2.03066763,,0.4183790974251496,0.2954545454545455,False,1
-0.9994840161560962,-0.02515758120584206,-0.01996991628304557,0.0294665542778402,-0.9656036163139499,-0.2583435277695438,-0.01278372510152962,-0.2587986713051159,0.965846687680418,19.52586013823509,-9.693018202889107,-1.91642544,,0.2488796754085606,0.2571428571428571,False,2
-0.525230360509565,-0.8402824554281533,-0.1343817826144128,0.8505936443700166,-0.5230504738518286,-0.05393193822506811,-0.02497039359576228,-0.1426309815678647,0.9894609050087129,-2.844539147704609,-29.40797949981879,-2.65601708,0.2680629907985974,0.2818192582576788,0.4615384615384616,True,4
0.005114852454977943,0.9900188977225727,0.1408418277236821,-0.9999657506374288,0.00414733429919397,0.007162204293072973,0.006506599456612396,-0.1408736375990706,0.9900062032094132,-36.43648695834293,-6.576877066804343,-1.93938932,,0.1225741383149941,0.3,False,3
0.9266215079434664,0.3758180065850262,0.0115501923374823,-0.3756163391003831,0.923871199990857,0.07331010590825322,0.01688036781002193,-0.07226916184591126,0.9972423082825391,-2.351831765237193,-3.455291428315718,-2.04186020,,0.217531799717392,0.7988235294117647,True,5
0.4160439422210561,0.8900145518703679,0.1864980847090674,-0.9093187525965286,0.4056449122690741,0.0926909452239423,0.006844290865767867,-0.2081497120084559,0.9780730305418615,7.939256020694927,3.010672403156377,-1.98236104,0.1523314639849416,0.1589587433873508,0.1724137931034483,True,6
0.5842850246003838,-0.8062808071939597,-0.09231614148340887,0.81154030514738,0.5799745716881525,0.07093538832233362,-0.003652827538405186,-0.1163647547404269,0.9931998291910716,-10.07297791912077,-19.64514990465125,-2.30193592,0.4985074881186072,0.3904099926272968,0.7450980392156863,True,3
0.7692976334272562,0.6317498531489386,0.09525373614467272,-0.6386714799227806,0.7565344162584987,0.1405504099946315,0.01672997120348053,-0.1689609424177927,0.985480749685565,-0.863407438084721,-3.529852839236639,-2.03052767,0.2058403399382719,0.1358062482813428,0.2068965517241379,True,5
0.9932725047512672,0.1157633660951756,-0.002928203452519038,-0.11465778602719,0.9867008093012871,0.1152176419977824,0.01622724278761152,-0.1141067745337691,0.9933359555543192,0.3023103099935724,10.70512015160833,-2.16256431,,0.2956961102796398,0.2173913043478261,False,1
-0.6907410882111691,-0.6891384925126409,-0.2190088746929105,0.7229553193100916,-0.664267411737976,-0.1899589744765267,-0.01457241702990559,-0.2895460996807506,0.9570531337504578,-29.87502026763138,13.42826453397086,-2.20373558,,0.7234213867188838,0.2096774193548387,False,1
-0.2655401591208402,0.9368064972693156,0.2277762291550078,-0.963019099636278,-0.2689169218132566,-0.01667041985719239,0.04563592477217039,-0.2237795250608921,0.9735707917422903,17.04168814809026,-6.606113061756957,-1.89742971,,0.4878002262979022,0.4285714285714285,False,4
-0.9985925753560742,0.05090708459381513,-0.01487740507890964,-0.05070234474897023,-0.9986180522350172,-0.01382960546425962,-0.01556087017748026,-0.01305582201543248,0.9997936811316729,-7.838959949098523,-6.631630155435232,-2.10222571,,0.1028917613116643,0.3595505617977528,False,2
0.9250005396738052,0.3799575547968944,-0.002501630655126514,-0.3797272816126794,0.9246331129104054,0.02933936108129941,0.01346080243575542,-0.02618898742561644,0.9995663778536206,9.156144155169045,-2.774526391422569,-1.93690738,0.2088299080141614,0.2243572265392265,0.7631578947368421,True,5
0.0829459202226877,0.9897325609917301,0.1164020276076176,-0.9965471814365284,0.08194391819109083,0.01337570343587062,0.003699930989094405,-0.1171095725559822,0.9931121077332774,-0.8816432467787081,-6.822997347046623,-2.05263970,0.2225849987730981,0.1968199456941101,0.2962962962962963,True,4
-0.5948697460991336,0.7748872233345927,0.213728276764585,-0.8038167864401734,-0.5744203711749487,-0.1546603084706222,0.002925579078823038,-0.2638011150318372,0.9645726580693724,-11.96715429108212,4.098687589397684,-2.11109785,0.1664650622955441,0.4088014877767153,0.276,True,4
0.383584257923105,0.9231281367684365,0.02641136459965487,-0.9233484371821794,0.3828339152755636,0.02942544592711696,0.01705229095482358,-0.03567403006694965,0.9992179857028066,-1.407888126645503,-10.19479736721013,-2.09955695,0.4043516761254861,0.3793711908280785,0.8470149253731343,True,5
0.9997091650433829,0.02211191863133712,-0.009625402989184299,-0.02161211252290146,0.99855246191571,0.04925339982552093,0.01070055702103946,-0.0490310499226389,0.9987399332273261,-21.84077570299399,3.369806468823185,-2.11435811,,0.1257153904452142,0.3720930232558139,False,2
0.7401184124075423,-0.6586925142771899,-0.1354581383695115,0.6724263555203522,0.7273552742193026,0.1371025217382239,0.008217786621498465,-0.192557723035347,0.9812512375953909,-20.65139028166362,4.539834169187088,-2.12944903,,0.5956160500606966,0.3863636363636364,False,1
0.9498360049504853,0.3126928595077053,0.005894006497880265,-0.3124619212935474,0.9479909482885941,0.0606688528360088,0.01338325226719911,-0.05946711339712781,0.9981405467082108,-21.33221966847577,0.8373029833443297,-2.09884010,,0.1358436695742214,0.3939393939393939,False,4
-0.9840743810676226,-0.1758805659911551,-0.02576119238327487,0.1776317722753415,-0.9784411652208194,-0.1053557766790593,-0.00667577746021848,-0.108253926986311,0.9941008607215596,18.95233153312165,-22.30854690597977,-2.38208245,,0.2240986336713901,0.4375,False,4
-0.5001459310512668,-0.8455714530804007,-0.1867162697473404,0.8658537527602531,-0.4913947430782789,-0.0939600197212573,-0.01230148299386232,-0.208662704407214,0.9779102971671889,-10.6764198241903,-1.463959739717325,-2.09052551,,0.1739921002049387,0.3783783783783784,False,1
0.8439781886298086,0.5262450492355679,0.1037639883206314,-0.5363764507751927,0.8284151186301331,0.1613341076116013,-0.001058381290728007,-0.1918190276799445,0.981429743001997,-24.49560612821705,10.96540933595301,-2.18237880,,0.3187776595770414,0.2916666666666667,False,5
-0.6266533881866382,0.7774751178590998,0.05327262133765424,-0.7792615934819352,-0.6244965047933814,-0.05249270830167636,-0.007543208747042797,-0.07440804130487855,0.9971993498749232,-19.52928893412667,0.3920617416321193,-2.10239195,0.1741153975492908,0.1203081553025838,0.3164556962025317,True,4
-0.7589186626852322,0.6361899517367353,0.1389417458407308,-0.6511283379864561,-0.7385519903966684,-0.1748509220796836,-0.008622696739137852,-0.2231665360002047,0.9747421947933796,8.850851462685284,3.790832328433737,-1.98785525,,0.1284430758184413,0.2272727272727273,False,1
-0.5540068704962852,-0.8318929471521103,-0.03210158752290085,0.8323423499100032,-0.5542606059354251,-0.001180361974400023,-0.01681071055034218,-0.02737343943814309,0.9994839142398044,10.07437396226152,-7.667982287550046,-1.96356826,,0.2102382095841739,0.8539325842696629,True,5
-0.9025879442102103,-0.4286361170204485,-0.04007595478614843,0.4303190192290323,-0.9010191153535327,-0.05468176530895411,-0.01267062177451008,-0.06660054769423646,0.9976992645034262,9.110829762906803,16.37020443383886,-2.41871687,,0.1132035016583487,0.4,False,4
-0.9536746871835702,0.3008313762681768,-0.002252571400481684,-0.2957915354983275,-0.9390111060385554,-0.1754009984686249,-0.05488131333032598,-0.1666092007928836,0.9844944975256567,-17.20289093474105,-26.07233539355445,-2.40281292,,0.5504532314915835,0.5957446808510638,False,2
0.9646574077649877,0.2629319497048628,0.01740331774501852,-0.2628972877508509,0.9558317637387294,0.1314178660660585,0.01791931185567476,-0.131348503046322,0.9911742879080901,-15.24962441724313,11.52752612622686,-2.22170537,,0.1520383269841346,0.15,False,5
0.8876666044849645,-0.4512011379664498,-0.09200832777480364,0.4600212972375781,0.8778689663024062,0.1331408430610291,0.02069795569593103,-0.1605104703778746,0.9868170973027797,-3.936358136252295,-5.177122717488373,-2.06487254,0.2184689727331229,0.2424944848145037,0.6037991858887382,True,5
0.9254084402888851,0.3755811762564738,0.05057666145465677,-0.3788178019073727,0.9129611916538465,0.1516539992616652,0.01078385831517802,-0.1595012306403756,0.9871388280399298,-18.39294326494348,4.278195180493185,-2.12506676,,0.2481845135229691,0.611764705882353,False,5
0.4165231262282517,0.909105136612723,-0.006027926791874996,-0.9090706741910071,0.41656159055628,0.00818233457709793,0.009949605165703883,0.002071679894765498,0.9999483554161493,-11.67784669965494,1.423320062892969,-2.09693977,0.3374490111617671,0.2395167158090508,0.928495197438634,True,5
-0.05427390630009934,0.9964839956854122,0.06382781084891528,-0.9984628542332616,-0.05487883743660192,0.007761566721789136,0.01123707307521916,-0.0633084476546683,0.9979307434107136,-17.41883497653419,46.8996510545694,-4.36220475,,0.5704010228612231,0.9,True,4
0.07505529598521331,0.9910947782827512,0.1099901950413631,-0.9969537843826394,0.07223436426566784,0.0294168051336142,0.02120977014741657,-0.1118630282077143,0.9934972614811247,-9.288986046774824,-17.41699804231445,-2.25707007,,0.4185691970346962,0.1,False,3
-0.9424389078040103,0.3285273072495332,0.06227931798401428,-0.3341509516897149,-0.9184495524144654,-0.2116448939958739,-0.01233071539048128,-0.2202730761147118,0.9753603054240623,-11.80409191469255,-19.01396708639174,-2.28914245,,0.4674472849643201,0.3793103448275862,False,2
-0.1817898591363106,0.9633830432780963,0.1970927675979869,-0.9833350226114171,-0.1785414291318196,-0.03428106458923295,0.002163428067701942,-0.2000401709852326,0.9797853078971916,11.57346817159998,-20.59188888093678,-2.31269773,,0.5426650284639601,0.3235294117647059,False,1
0.8234220536928973,0.5622909214098731,0.07619082091831736,-0.5654147056540365,0.801763303962401,0.1936022082762838,0.04777375976758005,-0.2024957385214074,0.9781171421452234,-6.222731546514979,-0.5712072249713742,-2.06888924,,0.3960680558286329,0.2418772563176895,False,2
-0.4069204647779232,0.9113282866603761,0.06242186538052143,-0.913461937718688,-0.4058384312014641,-0.02970616264608095,-0.001738874388807619,-0.06910804361721797,0.9976076656798814,-30.70400515228192,20.82836485006914,-2.37426882,,0.3169273181320795,0.1428571428571428,False,1
-0.8789431285294275,-0.4759950408948188,-0.02979425874967343,0.4766166609257359,-0.8744044442992605,-0.09084836992320713,0.017191141291508,-0.09405099060212917,0.9954189448809249,-1.934503575155645,-30.08831659285443,-2.68593311,0.5963828944616589,0.6038518992262318,0.9666666666666667,True,4
-0.8041598027768507,0.5650534182349498,0.1845037835354496,-0.5943524428381006,-0.7687986091457026,-0.2359954920501996,0.008496192693169292,-0.2994383628004809,0.9540778173676864,-33.39984504056679,-8.068883113098707,-1.99737983,,0.4226901374131763,0.1818181818181818,False,2
0.106285721448922,-0.9921327958534092,-0.06615028955477142,0.9941579374525493,0.1047736478878397,0.02593218286932792,-0.01879736194723793,-0.06852005619067236,0.9974726367592506,-2.014543467587714,-23.29451917412189,-2.41511445,0.2909660250991328,0.2298858988856249,0.7027027027027027,True,5
0.1569050611703227,0.9868942243126825,0.03769073888114211,-0.9875752785099379,0.1564480713774866,0.01480102152838605,0.008710399253544752,-0.03954479713608391,0.9991798326449097,7.343692089816045,12.54780453965373,-2.24051172,0.6361023484635118,0.4735419215590829,0.8048780487804879,True,5
0.5599208564790816,-0.8248472582439061,-0.07820252583672896,0.8285446499663177,0.55759664210211,0.05098772135176338,0.00154838364935728,-0.09334337300507055,0.9956327722730465,-2.901254736180476,-21.38221878033988,-2.35049036,,0.1444676924013154,0.6410256410256411,False,5
0.9807903168918677,0.1948574470095447,-0.00899609004356252,-0.1907856694828038,0.9678601858623124,0.1638520336845658,0.04063474635269298,-0.1589881629791736,0.9864439068803454,-13.55022937464793,-9.10540622432029,-2.14288062,0.4192418032491319,0.357770910325928,0.3103448275862069,True,5
-0.7170898099871543,0.6969679431321848,-0.004229735060119502,-0.6968734254928542,-0.7170726665985516,-0.01319922948878428,-0.01223246722629294,-0.006517443005816448,0.9999039402273717,-8.681115307846369,4.5917356305211,-2.09990806,0.5002694813576648,0.3047266185464081,0.9418994413407821,True,5
-0.5710304236115022,-0.8204244020858839,-0.0287759582305928,0.8208246068368872,-0.5711657242773034,-0.004084142731700352,-0.01308511066586131,-0.02595218435515372,0.9995775427679728,-4.959199068198245,14.02636278145965,-2.23762025,0.358893041669663,0.3304602888832664,0.9214659685863874,True,5
0.5949920700930768,-0.7974412362673103,-0.100358912044817,0.803546257990625,0.5928805187433305,0.05297265109378212,0.0172582674570649,-0.1121613355622307,0.9935401285349663,-23.8802471559701,4.501025637341684,-2.10471414,,0.1172945146138449,0.45,False,2
0.5373219256559416,0.8366186162991218,0.1065572103197845,-0.8432805206323617,0.5310415508856045,0.08290256181220214,0.01277152032471511,-0.134402983950343,0.9908444510486194,12.21142821923593,-29.88771667381599,-2.66594538,,0.2275043182203196,0.2222222222222222,False,1
-0.9632443782049244,-0.2643233621831178,-0.04788974901606912,0.2663295556492278,-0.9629730998940166,-0.04184945242406986,-0.03505475209289793,-0.05306570535404244,0.9979755484334195,1.385505761261697,27.97694854477851,-3.15009409,0.3268229472514785,0.3164079994242458,0.9069767441860465,True,5
0.975112930957052,0.2184856366044179,0.03766694144619669,-0.2212482715442849,0.9479971106362707,0.2288027110065571,0.01428195431358424,-0.2314422278298539,0.97274381054733,-0.9780123022882208,-29.02396444765941,-2.63939240,,0.3425167686474821,0.6774193548387096,False,4
-0.811471775039638,-0.5839045971585164,-0.02385329602320505,0.5841969033401998,-0.8115789469916462,-0.007320582466752705,-0.01508431111257785,-0.01987546771983336,0.9996886662062231,-2.320132675348589,2.476552636834981,-2.04669030,0.3063165394153993,0.2314232175209428,0.8793103448275862,True,5
-0.4290158301995243,-0.885212188571637,-0.1798465975280802,0.9032253793235964,-0.4228998914692938,-0.07307253889804591,-0.0113724044933216,-0.1937912872124905,0.9809768628344746,-8.730745426610781,6.91661488069775,-2.12015384,,0.4235860035188728,0.3155339805825243,False,1
0.2352093688851536,0.947243097549713,0.2177316397152074,-0.9714318073486956,0.2218338147635645,0.08432082956595895,0.0315720835532699,-0.2313444893916207,0.9723594658192184,-36.51831129324256,-12.65544257893231,-2.01421830,,0.3677833374830974,0.4375,False,3
0.02607266037166316,-0.9960269240336984,-0.08515035514379363,0.9996536763943967,0.02628191591251328,-0.001337223666831852,0.003569825249429411,-0.08508600058727554,0.9963672158655921,-0.1334619234041838,-16.62348312864447,-2.22473745,0.2974770545410236,0.2483553124513017,0.7019230769230769,True,4
-0.4358456219478379,0.8999618686873443,-0.01035513098360502,-0.9000181783650704,-0.435846172163501,0.00232224521657914,-0.002423312056793107,0.01033194653533122,0.9999436876341928,-2.631029321427945,-5.062198462055392,-2.05395482,0.3405038318847285,0.2323638666929217,0.9196428571428571,True,5
0.9504241506629034,-0.3094914510097784,-0.03014922202250943,0.310434055607404,0.9499749725121867,0.03432562773805308,0.01801751802662565,-0.04198325085476573,0.9989558427136946,16.11008174609151,-5.093564806202153,-1.89591294,,0.2536988830849846,0.582089552238806,True,5
-0.2070674091023574,-0.9749711705204994,-0.08095866069498077,0.9782932285894739,-0.2070344352394947,-0.008893903588831424,-0.008089931002231772,-0.08104294712651794,0.9966777782901695,-4.826029180028115,4.273241675408428,-2.08010806,0.2163326786298879,0.1727030723244534,0.6847133757961783,True,4
0.7296187970854342,0.66322005816851,0.1667200209409864,-0.683850900978668,0.7068565392682786,0.1808363296584429,0.002087144045971763,-0.2459532218464139,0.969279452218554,13.9692599970453,4.428048238395945,-1.98344804,,0.4896098197311849,0.125,False,4
-0.842269601880635,-0.5347048405803091,-0.06835679342846857,0.5387086906121992,-0.8394857006998075,-0.07111051243973755,-0.019361415411216,-0.09671862168444462,0.9951234314459362,16.98609625303123,-2.165928449143905,-1.88016142,,0.2274087894748996,0.4313725490196079,False,5
-0.9984141852456165,-0.05470594947568414,-0.01328057951660055,0.05583035411823443,-0.9924715163354288,-0.1090103702492928,-0.007217081083470365,-0.1095789594530778,0.9939518928931198,-18.21710318025617,9.292772114734078,-2.19061997,,0.8151638164446714,0.683982683982684,False,3
-0.1098385753713263,-0.9417266394747146,-0.3179409125357409,0.9939261104205803,-0.1062567150629795,-0.02864258242969762,-0.006809874052777248,-0.3191558349892524,0.9476777820587012,-32.4092023596603,21.38315359193311,-2.38721329,,0.4194690431352678,0.2608695652173913,False,1
-0.7792774891574645,0.6236430914543439,0.06161078942609752,-0.6260579088866144,-0.7703576481519978,-0.1208328955799805,-0.02789425770580252,-0.1327342774681494,0.9907590635326284,-37.69105367592493,-6.182439781084213,-1.92511182,,0.4302991650367637,0.2456140350877193,False,5
0.6876963358788306,0.7202992717689032,0.09078936450940184,-0.7258061064448768,0.6792386315614458,0.1088134975169217,0.01671063931036661,-0.1407261186977207,0.9899075280298236,20.07804575409369,-14.67240070506165,-2.05261457,,0.3154811549548734,0.4761904761904762,False,2
0.3128678505182945,-0.9335160953009874,-0.175103991747936,0.949796663983338,0.3075189412460422,0.05760553672205753,7.209844178819493e-05,-0.1843361076645383,0.9828632632329399,-35.15009805899729,20.14597941564054,-2.35407251,,0.6384801502004533,0.2142857142857143,False,1
-0.346661873487653,0.9328161321252816,0.09838500453250086,-0.937870465711284,-0.3430300490598025,-0.05224342052861007,-0.01498449253495992,-0.1103831920577546,0.9937761397289688,-10.01433040755131,-14.38382582784794,-2.20854098,0.4228712872356948,0.4416252471836938,0.4782608695652174,True,5
0.886144939946423,-0.4418059414083565,-0.1398379617401072,0.4630757672930863,0.8556580535736226,0.2311063155790429,0.01754933483842699,-0.2695492635695312,0.9628266798109893,-39.15518795927517,-5.015332100425496,-1.88396324,,0.5548771894549729,0.4117647058823529,False,2
0.7984425520158274,0.6020142514478438,-0.008266328335203127,-0.6018174700786862,0.7984295067047187,0.0180570078182773,0.01747065650004356,-0.009442662598663368,0.9998027866957089,0.5636978800766883,-15.21440567405131,-2.18611853,,0.07090061087136047,0.2592592592592592,False,2
-0.9913815789427455,0.1302129295474872,-0.01439298133296695,-0.1298115630504181,-0.9911981050680312,-0.02598604640864596,-0.01765001505374315,-0.02389371231529494,0.9995586863613348,-11.79114590094525,-17.56261538617213,-2.25865488,,0.09470814901244518,0.46875,False,2
0.9926060813775298,-0.1198754869650593,-0.01905347310164263,0.1213276112511053,0.9752525393479353,0.1848299089528118,-0.003574627315651324,-0.1857750040244756,0.9825858079166728,-21.51569093710856,7.874642686820096,-2.15800860,,0.3865622984818443,0.7428571428571429,False,5
-0.9502748658072809,-0.3099309116265732,-0.03033989837290396,0.3109721188994897,-0.9495958699626733,-0.03954775615629286,-0.01655357007169156,-0.04701610115861733,0.9987569602008922,-15.05226922067459,-16.3699923978478,-2.24412352,,0.4667213300265622,0.9215686274509803,False,1
0.7562592683289054,-0.6499977380515181,-0.07466498238491974,0.6541404966004513,0.7534559888826052,0.0663647762314583,0.01311982370098898,-0.09903036577154947,0.9949979180285802,-13.19793426932858,7.957451820251379,-2.15556891,,0.2955236983634512,0.6079545454545454,True,5
0.6187777747873636,0.7736822837151072,0.1361241686644052,-0.7854455844847308,0.6062887245585341,0.1244556800094944,0.01375860612992924,-0.1839285359550348,0.9828433213990919,-10.22625070473731,-7.519836220364027,-2.12447441,,0.2573889221253245,0.2446808510638298,False,1
0.8452269556742407,0.5320609742165926,0.05002512486088231,-0.5341746047085321,0.8383854786887373,0.1084770980822284,0.01577609223286466,-0.1184099186704746,0.9928394664165565,-11.76174470301214,-9.473015037326832,-2.14781276,,0.1183836175768537,0.2,False,2
-0.4169825510121692,0.9006922789681292,0.1219793866133992,-0.9089119369407214,-0.4135274439497483,-0.05361104351767018,0.002154770997007208,-0.1332233902420483,0.9910836923561829,4.642563089112571,-21.56418478931528,-2.34033721,,0.1102154888918987,0.5,False,4
0.1282545161769232,-0.9880031886842172,-0.08602603228118397,0.9917355935464266,0.1274764551277271,0.01450054761677704,-0.003360293639134297,-0.08717483890371419,0.9961873598318597,26.11290253757949,-10.1716559898403,-1.88857062,0.5212062806583768,0.4692203120618169,0.65625,True,5
0.6842103032178063,0.723804598147075,0.08923656577742349,-0.7291707522635321,0.6767991672985741,0.1012566105861272,0.01289476692428196,-0.1343495100292795,0.9908501067976226,-0.1424454874442063,-19.20622838846646,-2.29178981,0.2014825768525315,0.1458615993888542,0.46,True,6
-0.7053544418537957,0.7086651234584368,0.01639677257142519,-0.7081953119490851,-0.7035121153099065,-0.05941467617953381,-0.03056978067403359,-0.05352052322071773,0.9980987136068867,8.514996637763488,-15.83110273708917,-2.14507053,0.6500119774024276,0.6017597022616997,0.9507042253521126,True,6
-0.9623848715271485,-0.2711750879774352,-0.01671618126557375,0.2716489463491847,-0.9614842810949674,-0.04189065712865501,-0.004712642894487761,-0.04485586770672359,0.998982353262171,-2.9081196208802,-17.66088041316681,-2.25446638,0.3164090818152881,0.2352073050662084,0.9517241379310345,True,5
-0.7727571601178248,-0.6107450949176659,-0.1727333219753713,0.6345088508168201,-0.736653544483154,-0.2339659668317713,0.01564895273666644,-0.290399697717505,0.9567774693437489,20.08320740596417,19.07253511476944,-2.61200188,,0.3849491385543051,0.3888888888888889,False,4
-0.9811952262029121,0.1643144262012274,0.1012753544490374,-0.1805135383777908,-0.9669519010773102,-0.1800524464296601,0.06834318209555826,-0.1949481734849986,0.9784295677849869,26.56679425708609,-11.06445299189886,-1.90863365,,0.2468141951891996,0.25,False,2
-0.2522501919855497,0.958917683538347,0.1297949029843042,-0.9676611112791553,-0.2501571801770506,-0.03245549142838285,0.001346982273303811,-0.1337843840039568,0.9910095480041745,1.708590970367993,-8.521424983742804,-2.05259304,,0.1016460051262882,0.4,False,3
0.1243491619945483,0.9901473700738198,0.06438533565301686,-0.9922146627158219,0.1236341133986226,0.01498896580367745,0.006881061181304183,-0.06574793943565534,0.9978125372318108,10.73926945184621,2.975213519480064,-1.97115953,0.2895598530195602,0.1237753687445744,0.425531914893617,True,3
0.2381665753271324,0.9245022409969811,0.2976109688645668,-0.971185224856517,0.2239506475929998,0.08151911716323414,0.008714437293505602,-0.3084505046749588,0.9512004755825249,14.846026131771,8.774462224964907,-2.10526163,,0.7168843313274904,0.3283582089552239,False,1
0.5880052705936794,0.7888520293185105,0.1787799697788383,-0.8087142725416965,0.5692077365071597,0.1482692756027054,0.01519957701414877,-0.2317650287262172,0.972653044162268,-4.121470525195207,-0.4131462127317036,-2.05267856,,0.3028108276346639,0.2989130434782609,False,2
-0.9232472594373667,0.3634552199770683,0.1245584240941365,-0.3831617084288974,-0.8948981821008982,-0.228788874000372,0.02831259675908457,-0.2589547194857246,0.965474417123949,7.730817729874786,5.080703179635577,-2.00880416,,0.3805443832978278,0.4,False,2
-0.4737815058460914,0.8733123453490188,0.113387090002375,-0.8806375224081925,-0.4694056126284823,-0.06431115734955978,-0.002939191210328132,-0.1303223629845456,0.9914673181003768,-25.70589784513368,8.07892400709909,-2.12320439,,0.1100842841993323,0.1818181818181818,False,2
-0.0902097246962688,0.9934220612512996,0.07053235987433468,-0.9959198638975661,-0.08981124223619869,-0.008807125651648809,-0.002414594060395537,-0.07103906662682222,0.9974706114709913,17.09241651157134,-15.88506239556341,-2.11304803,,0.570582668401843,0.2142857142857143,False,3
-0.9964782095660987,0.08235434597968,-0.0157778185501188,-0.0776584903036852,-0.9773629804777219,-0.1968013294555083,-0.03162810053882075,-0.1948829548471653,0.980316427061356,-15.23565522461604,-22.2978165694135,-2.34013664,,0.4308328766424856,0.25,False,3
-0.8256477678416838,0.561666289269115,-0.05326108294720563,-0.5373057879115842,-0.8115908668089759,-0.2293965021288862,-0.1720704905983534,-0.1607832217954323,0.9718747356806452,18.80357881836903,-12.20744448819869,-1.98523406,,0.6116359110980825,0.34375,False,2
-0.9231395318283365,0.3841172308740085,0.01635107707290283,-0.3844550585263513,-0.921973014925183,-0.04647652873513937,-0.002777183692199771,-0.0491905752705945,0.9987855498330399,39.7513709470964,21.90273504586972,-3.11236830,,0.7459806986036285,0.9230769230769231,False,4
-0.2354586943923531,0.9608154183357728,0.1462632391385596,-0.9718835404638634,-0.2329718964324656,-0.03415375891592783,0.001259766039919137,-0.1501926341766315,0.9886559490685372,4.051565125611319,-7.261572260428579,-2.01582410,,0.1937039139959569,0.1864406779661017,False,1
0.750377806843189,0.6605308422624541,0.02514266130026834,-0.6608773451614229,0.7489255633310644,0.04849366187078801,0.01320157754195664,-0.05300478289081124,0.9985069911328126,9.514166321607718,12.12119781037885,-2.22537326,0.3250736710669254,0.1437026124422457,0.3870967741935484,True,4
-0.7270890749201996,-0.6728573578068324,-0.1363981421313984,0.6863801715642202,-0.7167544376183732,-0.123066389553938,-0.01495784794549233,-0.1831012075317318,0.9829802696825921,-1.570110937947447,0.09522954231897529,-2.03405779,,0.1759522271907975,0.2772277227722773,False,1
0.1309325066676757,-0.9907598079359178,-0.03537911356298733,0.9913867287933097,0.1307403222059575,0.00770208556061348,-0.003005440104153298,-0.03608283703183707,0.9993442831184427,-14.51034217483004,-21.41511767851262,-2.32887410,,0.3908234450238454,0.5238095238095238,False,1
-0.9342240772145599,0.3404234534051953,0.1064765040949667,-0.3564536946803662,-0.8802582539181861,-0.3131871165256048,-0.01288941819171368,-0.3305408882129219,0.9437036526993483,-9.190228006440066,2.874966040602601,-2.09021450,,0.4114292700871988,0.2984749455337691,False,1
0.4522905455219931,-0.8762229452156495,-0.1663328371339559,0.8918669687059136,0.4448894492630676,0.0815272228505878,0.002563700985494521,-0.1852207553489011,0.9826935937642208,15.46751268745106,-15.10633699552977,-2.08989052,,0.6725869374786461,0.2727272727272727,False,1
-0.7480446107468054,0.6433717609289181,0.1627944641929958,-0.6635954386301192,-0.7220310831676612,-0.1957350473702513,-0.00838773878713603,-0.2544482111922933,0.9670500264511044,16.79891832115408,-14.28133038385397,-2.06094573,,0.269252909117309,0.2222222222222222,False,1
-0.3680147781895294,-0.9249148145245779,-0.09538191079590158,0.9297241100517531,-0.3645629060930515,-0.0520285180402475,0.01334924052472207,-0.1078261256558669,0.99408013982951,13.97332180260213,16.62010912552137,-2.44798824,0.2168419309268349,0.1450677420898998,0.2608695652173913,True,3
0.9960068087563092,0.08813413887582106,0.01424115429631379,-0.08800721898220328,0.9424541391671172,0.3225444542598547,0.01500554291228547,-0.322509796954118,0.9464471800108667,1.008055967430209,-18.19557771147316,-2.26084286,,0.2469684344643159,0.3636363636363636,False,2
-0.2196718761632619,-0.9705292524576439,-0.0990819708469736,0.9755372577772218,-0.2194070118707997,-0.01369751183340269,-0.008445443233602128,-0.09966711225843125,0.9949849954761399,36.39786858078952,15.49892669806962,-2.53243433,,0.1778144092198493,0.2142857142857143,False,1
0.8932125485875165,0.4434942228696264,0.07405550166638672,-0.449387926552162,0.8750751484339144,0.1797052477322562,0.01489411007554929,-0.1937946306651172,0.9809290527914997,1.425723984388128,10.95737611060545,-2.16258266,,0.1996715168588984,0.5,False,2
0.938179848446462,0.3457522472218438,0.01655160143369541,-0.3438919884369461,0.9255480307050454,0.1584270909500531,0.03945722060482868,-0.1543250673061839,0.9872319389804427,15.59882906887856,17.16065489768778,-2.47947881,,0.1523472831372233,0.2,False,3
0.5236621066562646,0.8448246291698314,0.1097695039634452,-0.8518328678547793,0.5173345083480391,0.08213264706921045,0.01260013073844529,-0.1365150263536963,0.9905578651876045,-35.1080277053303,-9.32913528588665,-1.98050669,,0.1346415409697788,0.2857142857142857,False,1
-0.8633886379989113,0.5004642171162359,0.06399708712603949,-0.504221939019912,-0.8513766645100913,-0.144630603050223,-0.01789681495084974,-0.1571411547428112,0.9874139767598545,-7.201704667560023,-12.51468433138581,-2.16753970,,0.5955311756274502,0.5087719298245614,False,2
0.05164328465226958,-0.9940350177779015,-0.09605912024171531,0.9986558464008549,0.05097831499577322,0.0093654604576615,-0.004412663562630761,-0.09641366516982627,0.9953315696634984,23.85268513053063,9.543675087853956,-2.13199635,,0.157058509154561,0.2307692307692308,False,2
0.5210589007059592,0.827360451621805,0.2096957440847599,-0.8534281956733165,0.5014163216153479,0.1422743379795589,0.01256729186758756,-0.253093570660927,0.9673601747359758,-6.200706363819563,-7.934228103002738,-2.10188329,,0.5550755680846944,0.3225806451612903,False,1
0.2143405352973063,-0.937004027769,-0.275828908697287,0.9767576564825552,0.2051488421667807,0.06211628659487729,-0.001617229474078491,-0.2827320365687295,0.9591975709240134,-9.99296961459487,-9.001277932814276,-2.13682830,,0.6438701312252486,0.3523809523809524,False,1
-0.9762617586748228,-0.2068754705791019,-0.06415230488313522,0.2159663881384823,-0.952286947433716,-0.2156573414975579,-0.01647718858185256,-0.224392757057912,0.974359478240135,27.11947405936644,27.79738979698757,-3.46140192,,0.2576181620266009,0.125,False,1
0.8188389227034302,-0.5730429630164598,-0.03353477602732741,0.5735353913819774,0.8143371474935032,0.08895035157022721,-0.02366375917323147,-0.09206939094759638,0.9954713726432973,21.02362587928235,22.43515924215902,-2.88907357,0.3923761351410155,0.3195356096227257,0.8372093023255814,True,2
0.7936829581020837,0.6063626946051656,0.04890444365791511,-0.6081313980673638,0.7887913299657264,0.08935569626797817,0.0156065596132112,-0.1006604210306347,0.9947984292986071,9.715291343087529,-15.30108214077666,-2.12355045,,0.07481377585484217,0.2222222222222222,False,1
-0.6214629523449279,0.7814283612718526,0.05615616673806471,-0.7834222154463626,-0.6193185274820268,-0.05190562457582949,-0.005781972659829035,-0.07625141124911239,0.9970718585311088,19.41936331858903,17.53353460986733,-2.51340665,,0.6482099810681188,0.42,False,1
-0.5613096951975558,0.8182731802612793,0.1239371959595646,-0.827593005978939,-0.5541373861904669,-0.08956323844491931,-0.0046089621360146,-0.1528422706292005,0.9882398483045193,24.76657302782871,-4.425245870683568,-1.81943949,,0.8372984141478247,0.5538461538461539,False,1
0.5476847729714912,-0.8317041115323933,-0.09115733824152059,0.8366689962245396,0.5450830523011451,0.05356731140059868,0.005136167032721978,-0.1056065194681639,0.99439473190179,18.25746241780655,-17.66006730698001,-2.17490111,,0.2120637280032646,0.25,False,2
-0.9026058603172921,0.4302282902446009,-0.01436242298810315,-0.4303002707459426,-0.902683108590482,0.002209629243401742,-0.01201407161832915,0.008174578804571416,0.9998944135980148,35.74187126654726,24.51295526672084,-3.31405940,,0.4545402689263794,0.7037037037037037,False,1
0.9997606582809231,-0.01044917762042579,-0.01922084391363364,0.01527168312816421,0.9624186983847407,0.2711402306812,0.0156653071507845,-0.2713688701499827,0.9623479279685666,16.05894990324776,10.72342442990072,-2.16857029,,0.4452103539163008,0.3076923076923077,False,1
-0.4637545278903007,-0.834536056530884,-0.2974580780734084,0.885884738482565,-0.4412793532917204,-0.1431110145380814,-0.01183080660488722,-0.3298819526865976,0.9439480543476718,-31.54195355133828,-6.819398570362409,-2.00584288,,0.6487734558882642,0.3243243243243243,False,1
0.007015010222392529,-0.9881233710509857,-0.1535024208747717,0.9998029948451658,0.009781005003794918,-0.01727146316188619,0.01856774434917668,-0.1533510206159436,0.9879973195033636,12.19157919934156,2.995422765714295,-1.96389648,,0.1841879839066053,0.2340425531914894,False,2
-0.4597159565171688,-0.866049885821106,-0.1965167539747055,0.887987904742457,-0.4512144712194904,-0.08878615879300963,-0.01177796054528685,-0.2153209145238012,0.976472315743784,20.76166593161497,-15.70092630382993,-2.08811384,,0.6888472750698611,0.5,False,1
0.6943379008789984,0.7187205508974635,0.03654653363307763,-0.7195007897206533,0.6922679414458338,0.05553116996520422,0.01461139946422069,-0.06485265579754652,0.9977878732685133,28.11173299861099,-16.1480210781906,-2.04568245,,0.11609294400767,0.1666666666666667,False,1
0.8504864694944517,0.524340445050013,0.04171166373590508,-0.5257510811560205,0.844987600226927,0.09788644505759699,0.01607998352418909,-0.1051810493743668,0.9943230767624618,37.51130329119349,20.72954222462388,-2.96396995,,0.1392474643570328,0.4,False,1
0.7418748296344904,0.6698290969324749,0.03083371624409546,-0.6703681526805916,0.739865801230321,0.05661392091549993,0.01510883934678984,-0.06267038433295882,0.9979199095624619,-10.01386731827216,-24.95271027866471,-2.41942754,,0.1031223207104904,0.375,False,1
0.9806449570959523,0.1957879144116928,0.001600216422394043,-0.195103071618265,0.9764632748330974,0.09194707362032466,0.01643957321212916,-0.09047964120476466,0.9957626097419309,7.629025427576209,1.299918205194842,-1.96458880,,0.7554693298431567,0.3542805100182149,False,1
0.8250685074413406,-0.5300423787923931,-0.1957473747272742,0.5649423415479459,0.7800469292109876,0.2690110387230097,0.01010488767096609,-0.3325385164347279,0.9430355382129283,13.74803243374976,-21.15274097093845,-2.32808584,,0.2338178656732708,0.6,False,1
0.1734627816717553,0.9430418354442878,0.2838710270115042,-0.9848098117913329,0.1638228198112263,0.05754753086465111,0.007765177024153963,-0.2895413274663353,0.9571340145010081,14.91933418887425,-14.16525223679719,-2.06598869,,0.4944577091831583,0.2,False,1
-0.9782408553522131,0.2007541306055587,0.05236991468942736,-0.2069758550996916,-0.9268432447365225,-0.3132452634789978,-0.01434657887871165,-0.3172686223550661,0.9482271863553564,0.9471963370588696,-32.67349057176557,-2.81025818,,0.3178436104684997,0.3684210526315789,False,1
-0.7071388161788159,-0.6683178084632897,-0.2308809250329051,0.7069209086964822,-0.6750439449110632,-0.2111362150050312,-0.01474867793953131,-0.3125171664560792,0.9497976085299967,0.9335588353832804,4.030572416059215,-2.03695785,,0.7916393268645443,0.3888070692194404,False,1
