axis_00,axis_01,axis_02,axis_10,axis_11,axis_12,axis_20,axis_21,axis_22,location_x,location_y,location_z,dbh,dbh_approximation,score,reconstructed,number_clusters
-0.8025863748357667,0.5872827911428471,0.1046615218475736,-0.595930006802879,-0.7972403038068303,-0.09630848860777787,0.02688006547431985,-0.1396668221642523,0.9898336430262594,-15.74251531592256,-10.18311279045323,-1.84756016,,0.1673933283069796,0.1764705882352941,False,4
0.7279995615230755,-0.6573357713546583,-0.1947468154291277,0.6855596666295446,0.7000462509589878,0.1998579245590577,0.004958015025993501,-0.2790070433086642,0.9602762560175899,-23.19727085637095,-9.010412002058846,-2.00438071,,0.7006163162173509,0.2954545454545455,False,1
0.9192356403626419,-0.388644886693728,-0.06293639276207683,0.3935539812156102,0.9115282665792236,0.1192957798768197,0.01100460614589858,-0.1344298005424938,0.9908620122750083,9.575058783188581,-4.836969930608396,-2.15719144,,0.1965594839601644,0.2580645161290323,False,5
-0.4416940319011419,-0.8787293165081617,-0.1809452140621924,0.8970882546424245,-0.4352308305976691,-0.0762022800175431,-0.01179175837278189,-0.1959819185699605,0.9805366092238045,28.29474489277607,-8.541789763938937,-3.19992532,,0.4571641346500435,0.3333333333333333,False,4
-0.9991461056461456,-0.0173352053529696,-0.0375040028198655,0.02160895489243147,-0.9929284447020977,-0.1167311302520927,-0.03521523307602788,-0.1174418765042715,0.9924551843799081,32.66222725708224,5.029083620255285,-4.47174025,0.6692330308826255,0.5904466430064442,0.4545454545454545,True,5
0.7820553930053956,-0.6049981413627362,-0.1495547097847858,0.6231613893144308,0.7561811830335041,0.1996494460141558,-0.007697086389372454,-0.2493336466939136,0.9683870545848029,8.150339061486193,15.46485268549825,-3.05668067,,0.4851497625729961,0.4473684210526316,False,3
0.1728008967577371,0.9662877717132387,0.1908606620474357,-0.9849237859290114,0.1711058861360086,0.02545410852639887,-0.008061388899210879,-0.1923816986282086,0.9812870609775413,-0.7379525997943688,16.7869324691072,-2.57636270,,0.5232610534988805,0.34,False,4
0.7984219687214927,0.6020726482432117,0.005557526455190562,-0.60208232583272,0.798299546789729,0.01465286713152458,0.004385519667782379,-0.01504525947658431,0.9998771961518697,-3.60888444516263,-15.37351057963588,-1.69247342,0.335677761238582,0.3040183736203779,0.7698412698412699,True,5
-0.9365861297941658,-0.3484388974904039,-0.03737320153346179,0.3502260900413198,-0.9343866098348558,-0.06529432759204602,-0.01216993556097642,-0.07424283182233728,0.9971659313230897,-15.54104407645582,-9.110421417324396,-1.82793400,0.5710016145427612,0.5078081867576499,0.9079754601226994,True,5
-0.007679043843117858,0.9938959523283435,0.1100539332826922,-0.9999669142017051,-0.007336987870930176,-0.003512707061812916,-0.00268380095680779,-0.1100772662919897,0.9939194095388758,-11.17959114370956,14.245732276129,-2.09677313,0.2296342771469783,0.176799960231605,0.2424242424242424,True,5
0.6192160257849001,-0.781868190717267,-0.07248203746903592,0.7852194212009572,0.6164061405150206,0.05894005856980346,-0.001404983981788415,-0.09341093233602538,0.9956266487695712,-23.43957300781227,7.481004497325656,-1.87746375,0.2658061078978595,0.1714413413316302,0.5697674418604651,True,5
0.6325160353784761,-0.7693128270666032,-0.08989571235539814,0.7745306983835933,0.6274689315009865,0.0799058024328198,-0.005065792190456335,-0.1201686902308602,0.9927405620995258,21.66094186493791,-19.85487744400466,-2.06962349,0.2289550496165767,0.3872604907335994,0.6818181818181818,True,5
0.2199576399678573,-0.9522284529198163,-0.2118480825254374,0.9754658037544897,0.216752328971654,0.03853431705600294,0.00922509216100833,-0.2151264775319347,0.976542623923464,-13.86135975323782,-15.56029805937825,-1.86957327,,0.2000104967801147,0.25,False,3
0.2096493119409659,0.9717683861228592,0.1082283222398605,-0.97775146980922,0.2075614112289238,0.03033683989094981,0.007016358641851686,-0.1121804987546103,0.9936630748953983,3.617736369691443,-18.39499828576388,-1.67758075,0.2340290852257427,0.1780861670238988,0.2903225806451613,True,5
0.7892390672023909,0.6140486148356157,0.006781844878944057,-0.6140641056584857,0.789069320695899,0.01717210756888396,0.005193163134788049,-0.01771738566986843,0.9998295481239197,2.065163795259934,18.72863536580133,-2.83240828,0.4801233156034514,0.3837820306971388,0.9642857142857143,True,5
0.9242392515982644,0.3531515946057623,0.1451404734472352,-0.3696387256805015,0.9228282552158052,0.1084215101013069,-0.09565050069066668,-0.1538569550028862,0.9834526013564989,-32.69024780813203,14.61522018471327,-1.98297868,,0.2842859178635749,0.4571428571428571,False,2
-0.9674322151868712,-0.2521575237752047,-0.02216962386192078,0.2530837439537357,-0.9652159952981594,-0.06562545974652188,-0.004850522134977378,-0.06909895530425557,0.9975980186482317,9.184951860909393,-17.82481595699517,-1.76997286,0.2717162588034426,0.2789654314447016,0.6122448979591837,True,5
0.582175027466389,-0.806307783249639,-0.1045944361118888,0.8130566889689163,0.5778590681265704,0.07083585184633776,0.003325344706019741,-0.1262800699039498,0.9919890553971054,-33.81065732822475,13.47091166294737,-1.99289612,,0.1981722369938599,0.4230769230769231,False,3
-0.020136941268861,-0.9859905569302261,-0.165581174173749,0.9997831354690847,-0.02073801006094668,0.001901833409807132,-0.005309013838842814,-0.1655069683824069,0.9861943306412406,16.96688433661086,-17.24224875645689,-2.01219445,,0.4299880320332483,0.3333333333333333,False,4
0.9981681362167275,0.05822794202682551,0.01642798249773856,-0.05960319270060582,0.9930151834734547,0.1018248732436044,-0.01038418323797309,-0.102617504152568,0.9946666861717944,-17.84090409257948,-14.99910257317728,-1.97440745,,0.2517983677247045,0.1052631578947368,False,2
0.468831469767402,-0.8321949578631946,-0.2960550709966199,0.8832803578864071,0.443069757763805,0.1533134016555105,0.003586408760647902,-0.3333777764971731,0.9427865059545575,-42.04016016813267,16.09566813647309,-2.07313833,,0.3316677095991559,0.1666666666666667,False,1
0.7385896195742089,0.6738109311483219,0.02154536892832616,-0.6741242660035075,0.7378716757398058,0.03319433876678232,0.006468990837722065,-0.03904125005635779,0.9992166596647493,-4.532423216452514,5.095851641060641,-1.99947865,0.1170570588222058,0.07952138069575396,0.4,True,5
-0.7578430980937046,0.6503435836357037,0.05222127818817013,-0.6524054847878185,-0.7545905580107617,-0.0704284969297187,-0.006397037635302923,-0.08744319861989362,0.9961489672356312,13.17782001224134,-7.185040802341185,-2.27843656,0.1788867018020985,0.1370292932871209,0.2307692307692308,True,5
0.7830237695117149,-0.6166387442551683,-0.08142748591890475,0.6219722842499977,0.7752239537243406,0.1103553315288435,-0.004924835479922424,-0.1370564870971458,0.9905509907824458,-2.777207536210597,-17.43140666289904,-1.68451314,,0.2123304439123515,0.3125,False,2
0.9642651756784562,0.2517690209927304,0.08249261204592263,-0.2648814323016551,0.9096427962013613,0.3199809527781193,0.005522480929861059,-0.3303972508773816,0.9438258095734873,-9.17436321236994,35.48981758750261,-3.04983640,,0.4121493498021709,0.3103448275862069,False,1
0.8814174896545471,-0.4707965870445537,-0.03812850060357909,0.4721576876016968,0.8804360468109543,0.04358308748262676,0.01305093750255939,-0.05641756023703718,0.9983219580512117,6.286976591427106,-4.092329150535792,-2.00492196,0.4476746639648193,0.3894528193748722,0.7120418848167539,True,5
-0.4972588047851154,-0.8605652060838034,-0.1102778633344876,0.8666621867312077,-0.4986065711323705,-0.01697472573865454,-0.0403774089555117,-0.1040144860178707,0.9937558309486684,-10.85757721483009,21.93125074306444,-2.36072467,,0.1617253461219109,0.4583333333333333,False,3
-0.6252916095548531,-0.7799844808591601,-0.02519151919136899,0.7803780949273098,-0.6251422273340325,-0.01439529650508031,-0.004520174545891696,-0.02866016787656632,0.9995789927761405,-20.74633114373245,23.06278717778097,-2.10458965,0.6915167780188007,0.6666715753224131,0.7934782608695652,True,4
-0.9935582634457092,-0.1132289959564706,-0.004601262157000457,0.1133123188999744,-0.9921073342251209,-0.05369688782635284,0.001515098761912489,-0.05387236630606657,0.998546680243006,-16.94476476580911,-16.83223362109858,-2.00024666,0.1608845219535557,0.1407248843718361,0.7058823529411765,True,3
0.2530426938919881,0.9624606646743027,0.09817771652766225,-0.9674333491028758,0.2510500258731442,0.03235119090061225,0.006489230422772686,-0.1031666296037339,0.9946429190542339,14.45222970034109,10.62733123543691,-3.25820395,0.5267544968854156,0.4303792791817669,0.5116279069767442,True,5
0.9907389850107151,0.1346118538094787,-0.01777392455021801,-0.1303570937563537,0.9796098190448376,0.1528778287991454,0.03799067895337671,-0.1491450677860958,0.9880852478747699,9.112531479721838,3.279595569452648,-2.46292435,0.394271709110435,0.2095570059733382,0.1071428571428571,True,3
-0.6893068960953458,0.7206104683996043,0.07467634048548243,-0.7244538151308595,-0.68494291339033,-0.077587854324694,-0.004761589833583441,-0.1075814028039715,0.9941848766869203,-25.17864023767004,-6.266351877766565,-1.99487807,,0.7664437116712697,0.4423076923076923,False,1
0.9913564847241112,-0.1221545857085058,-0.04785997686832758,0.1310567670833458,0.9388469718382043,0.3184187294615315,0.006036886375873696,-0.3219388461503483,0.9467412187827609,-20.40117034305035,-27.7599162596356,-2.45800768,,0.3951581291479337,0.2325581395348837,False,1
0.8838660433689642,0.4676589022191835,0.008715994173937697,-0.4677085320719581,0.8834363492968985,0.02808817843972993,0.005435660620944102,-0.02890273198360567,0.9995674492886899,10.20946978932926,-10.55441990109884,-1.99798164,,0.09105684309111164,0.4722222222222222,False,5
-0.4539931907569472,-0.8879658753936902,-0.07353085667013551,0.8909112268234847,-0.4511986481932675,-0.0519323193054357,0.01293710424321779,-0.08908638507025561,0.9959398813828648,-10.3585836289684,-18.48659287488329,-1.82111699,,0.1572937297882182,0.3448275862068966,False,3
0.03483058970212868,-0.9972675407101662,-0.0651481562816676,0.9993853542037369,0.03501504378943699,-0.001691304673109769,0.003967848796947478,-0.06504920410214436,0.9978741690321501,9.756570738719518,-6.410604619736191,-2.10494834,,0.08467274824915298,0.3,False,5
0.998121071455304,-0.06126807983310627,-0.0007410198922003658,0.06082557060470849,0.9893090548703652,0.1325437433910678,-0.007387602962269784,-0.1323397761259619,0.9911768797633463,9.38314460499572,-3.587086989765337,-2.20477271,0.5901893927089996,0.5331434932966748,0.8256880733944955,True,5
0.990169403420961,-0.1343038032993797,-0.03907737130742637,0.1396402036399684,0.965281437121146,0.2207540728428869,0.008072549557921171,-0.2240407006966725,0.9745463551699212,-34.9081156482228,14.35637488779657,-2.00329488,,0.2791256922385915,0.3111111111111111,False,3
0.9914610576675679,0.130393186641479,0.001608728128213547,-0.1302682503308291,0.9897994297311424,0.05768250913103661,0.005929087995173867,-0.05739952771049699,0.9983336817588395,-4.359962941621575,7.080182716349015,-2.07260099,0.19064494102418,0.1541090196833104,0.5234899328859061,True,4
0.9480944859477021,0.3131174873774183,0.05544623354220848,-0.3178965973152842,0.9291025615833705,0.1889713826868656,0.007655006918932243,-0.1967888949043468,0.9804159993142704,-4.727902995422994,-15.4477289423064,-1.70054708,0.8640471874413105,0.4456181492858362,0.1904761904761905,True,4
-0.4671080377212046,-0.8828948806067254,-0.04802823018479451,0.8841507187356309,-0.4658173734690276,-0.03593996568843291,0.009358827678451918,-0.05925204108597767,0.9981991825140074,-4.2076206209112,-8.14689073375455,-1.71392544,0.4455793785285114,0.4076933167773887,0.9567779960707269,True,5
-0.4733325558439202,-0.8747070775549884,-0.1041336643620792,0.8808712537750037,-0.4706381123567271,-0.05065176670314778,-0.004703812402250473,-0.1157034816784211,0.9932726606910995,12.9856070098341,-12.20521401472704,-2.07476037,,0.09358363353488712,0.2272727272727273,False,3
-0.9542588221611713,-0.2949369760812475,-0.04901306425459005,0.2986027295145123,-0.9484077752476922,-0.1065790869552145,-0.01505025760769663,-0.1163394687531868,0.9930954726289759,-19.52213529675709,-16.82275912495817,-2.09389762,,0.2288166367536792,0.5384615384615384,False,2
0.517398098878145,0.8404486916821486,0.1610751499364421,-0.8557426303535127,0.5077220941600655,0.09961338111604541,0.001938523390138665,-0.1893786465034633,0.981902220374098,-17.20971319906658,2.832498462130901,-1.82081939,0.3279880726812176,0.2501619732926209,0.3529411764705883,True,5
-0.7930723551227318,0.6090407578073335,0.01027593643200243,-0.6091039928008352,-0.7927809482520406,-0.02215161489999415,-0.005344669696608099,-0.02382694730901038,0.9997018110855707,-5.61504011938672,1.409634970975336,-1.85365968,,0.08721423330807912,0.6105032822757112,False,5
-0.5260536253076967,-0.849290887672448,-0.04441363999017514,0.850451267865316,-0.5253066180201785,-0.0280285220887751,0.0004735893877179602,-0.05251614209697511,0.9986199630151325,7.005732594277504,9.655506852054515,-2.64502161,0.377119399379549,0.3689622183918801,0.9057971014492754,True,5
-0.06784706971890969,-0.9970336587256976,-0.03634086540805601,0.9976951016206346,-0.06784297361389213,-0.001347268872943688,-0.001122199959306449,-0.03634851165142501,0.9993385444222479,24.2436408620303,-6.014687274601639,-3.04381801,0.1917373810723718,0.2317986272249908,0.8461538461538461,True,5
-0.6030607387499587,-0.7842721522090897,-0.1457221213394718,0.7976292004642069,-0.5952148470221122,-0.09750356122354153,-0.0102666423519737,-0.1750327887961719,0.9845090750729781,-6.487110243104041,-19.56650283739225,-1.74071609,,0.517209889702813,0.4554455445544555,False,4
-0.9843414312894883,0.1762702301669437,0.0008675274376174756,-0.1761690192946704,-0.9835839118656867,-0.03907895801768407,-0.006035170893718906,-0.03861986892632523,0.9992357491785399,19.82074731267642,-15.94474161843684,-2.21344403,,0.07579919290256151,0.1818181818181818,False,1
-0.953866371247711,-0.2982572467323609,-0.034373835607277,0.30021651611191,-0.9464034097429214,-0.119124428563582,0.002998208857270148,-0.1239483795723213,0.9922841377070606,1.254565745251,2.391256439909753,-2.04796750,0.6343857985631141,0.5573367928995947,0.3583815028901734,True,3
-0.5162526599922559,-0.8054728269226764,-0.2910270024243678,0.8564331892618965,-0.4864511028162022,-0.1728800650728646,-0.002320211545810765,-0.3384949773011316,0.9409653378102137,1.923651433296868,-9.940238654679913,-1.74006643,,0.5747752636210829,0.1274509803921569,False,1
0.5308326520576035,0.8282971360105869,0.1792778569320572,-0.8474043940151785,0.516012352588412,0.1250481706381229,0.01106745288040079,-0.2183004957686363,0.9758188382245491,-12.7644349829842,-5.785320904650395,-1.75044407,,0.7408240145289965,0.4725274725274725,False,2
0.5151917517292496,0.8560559527239229,0.04178115312058598,-0.857071777354662,0.5144448234451833,0.02782969803244322,0.00232968072272624,-0.05014707804441831,0.9987391266748986,-5.481719263861635,18.31002795974669,-2.43717315,0.30506607559225,0.1699265354849843,0.4324324324324325,True,5
0.9035963818142508,0.4283634031181581,0.00428644855634077,-0.4283452504466172,0.9033315772628729,0.02263642947985126,0.005824533631177828,-0.02229027565557934,0.9997345739841045,-7.950330807297121,8.095914189038826,-2.00175743,0.138520492876002,0.1000498760680351,0.4329268292682927,True,5
0.7996320992568952,-0.5967239501043141,-0.06714933514128028,0.6001019297854493,0.790082248072702,0.1250908275940571,-0.02159119509873346,-0.1403230866689104,0.9898703206187763,10.00359307975151,18.5840530316905,-3.38616192,,0.1984045739549631,0.4117647058823529,False,4
0.9689598378534391,0.24711557383471,-0.007122204390493734,-0.2455617312524062,0.9653973684898399,0.08779155458934758,0.02857041776661733,-0.08331754965933238,0.9961134057663349,17.18062388537118,23.44791236063958,-4.29783712,,0.5816278476602158,0.4444444444444444,False,3
0.02578427664461712,-0.9807925807271246,-0.1933418854478819,0.9996669848289352,0.02549946146690842,0.003961932347272567,0.00104428010636993,-0.1933796552265148,0.9811234470868256,-8.241438082188154,-14.36313520929759,-1.73610148,,0.4056550324329753,0.3783783783783784,False,1
-0.559788035506173,-0.8147848329668087,-0.1508742233497448,0.8286317454163376,-0.5510006006929958,-0.09883202175525367,-0.002604955357172264,-0.1803441543361103,0.9836001221046995,-21.07130199128682,-15.89323699472227,-2.11456492,,0.7333718348157845,0.5185185185185185,False,1
0.9997613523850332,0.02144524801553373,-0.004164086310585674,-0.02101942585626154,0.9962368692043597,0.08408498186102542,0.005951639599545968,-0.08397738847718532,0.9964498864522137,-26.07898833737522,-7.987157557408152,-2.06100260,0.5808651012790202,0.6515994698631985,0.6571428571428571,True,1
-0.9961876175973793,-0.0717221603677924,-0.04966046977056739,0.07685018382387117,-0.990899976898793,-0.1105046832863111,-0.04128292373238556,-0.1138998134069912,0.9926341484726172,-19.12672852103555,-27.33356776214602,-2.40249568,,0.435447747951792,0.9298245614035088,False,3
-0.9752564646751885,-0.2135384245929537,-0.05723783129725757,0.2202753212059833,-0.9606112311887676,-0.1694250435490628,-0.01880454670697413,-0.1778409506732361,0.9838795583234698,-30.18102021147951,7.263433205807582,-1.95078044,,0.2112807641155222,0.3,False,2
-0.9561519083830367,0.2881021959476373,0.05263699065892898,-0.2928436366039145,-0.9380290509066231,-0.1853216235516408,-0.004016540311433174,-0.1926100317879909,0.9812671619179751,13.70658374262018,-9.866365465564233,-2.18648619,,0.3499326721753886,0.7037037037037037,False,5
0.5725454837060228,-0.8126692984392037,-0.1084448268114651,0.8198187698343572,0.5689981448574707,0.06432958709674438,0.00942622486031848,-0.1257367190723896,0.9920188626038284,-14.87720387579316,9.603655784344351,-1.92568586,0.9309930273428284,0.8073332328263589,0.464367816091954,True,3
-0.3954737356609629,0.9074554614894571,0.1418629966387229,-0.9175714084481478,-0.3972008242979204,-0.0171527133577676,0.04078277578640449,-0.1369528772607859,0.989737679695558,7.696250103010868,-19.96813997597161,-1.69414936,,0.2220940090235461,0.25,False,4
0.8568192403637931,0.5153841891277381,0.01548957518969673,-0.5156168974943277,0.8564363737909289,0.0256115728952592,-6.603587811666937e-05,-0.02993117513545442,0.999551959827139,-2.475555012100926,2.898516693951183,-1.97236691,0.2013279443201806,0.1860111285483126,0.6343825665859564,True,5
-0.953700594245036,0.2980776725443576,0.0400609244426995,-0.3007498871083983,-0.9442195775729052,-0.1341599594973475,-0.002163779321148865,-0.1399967516001103,0.9901495985963263,3.141918287366366,-20.31373849539736,-1.65082017,0.4288943044369415,0.2891135048402992,0.4545454545454545,True,5
0.9011575953925709,0.4330410920475518,0.0197585643341118,-0.4334622274122516,0.8996291521468295,0.05270565448211647,0.005048333694481072,-0.05606069216342806,0.9984145998136588,-0.2775119283325012,4.928930209474802,-2.09771820,0.7285676101966146,0.7735738639612594,0.8305439330543933,True,5
0.4198433009140556,-0.9053204474746901,-0.06423776196145403,0.9075965303329177,0.4188196032962004,0.02930320839877911,0.0003752402413051485,-0.0706047256140835,0.9975043017028654,13.40064429363963,6.51780736498528,-2.90816144,0.27200472249414,0.2210254272514202,0.3793103448275862,True,5
-0.4009236391744923,0.9139869139302103,0.06235508572211926,-0.9160926091371066,-0.4004224402515951,-0.02088542140650261,0.005879373729487106,-0.065496492328132,0.9978354786522982,-19.54645707642459,0.7611628775482657,-1.83348831,0.6116839576099591,0.5894245255116631,0.9112426035502958,True,5
0.776573499975636,0.6287577008028755,0.03996689651039962,-0.6298699326993006,0.7734016552432683,0.07151047159928345,0.01405229579001533,-0.08070708362996913,0.996638800988089,-31.32203404842716,13.47594658607283,-1.96968045,,0.1964360356219003,0.5806451612903226,False,2
-0.5862857849213156,-0.809656831369628,-0.02692199501692653,0.8100994957692133,-0.5860729310326142,-0.01604139848353945,-0.002790224661895466,-0.031214338489471,0.9995088192302266,-6.354813999608098,1.991267585223667,-1.85720690,0.1194133778563874,0.0937875759672246,0.6614173228346457,True,5
-0.9236739146586693,0.382950649829757,0.01324005944465736,-0.3831763599802775,-0.9229758689026427,-0.03593636842640163,-0.001541600271156819,-0.03826676388695686,0.999266370018638,1.665579917613968,-19.50198176195673,-1.65576448,0.5831325179672838,0.5268853573168941,0.9191919191919192,True,5
0.5628707133850893,-0.8246858423565024,-0.0554059692642089,0.8265377445938704,0.5618797395447485,0.03356359710762835,0.003452068226179304,-0.06468709072041706,0.9978996259740206,-14.73742303662686,20.2532329037948,-2.18188817,0.6123483519412423,0.5540211484279334,0.9115646258503401,True,5
0.3707609916976796,0.9242380323179619,0.0912159342021805,-0.9287268669447414,0.3687942670015728,0.0381732267666586,0.001641234401087043,-0.09886783219933543,0.9950992202317547,-26.04184988359867,3.219328146875478,-1.90231097,0.300914519955747,0.2255646252587359,0.5555555555555556,True,5
0.414309089987432,0.8857279501812917,0.209365651961907,-0.9101360630740223,0.4030539409383257,0.09591593916657029,0.000569777067351277,-0.2302900756909274,0.97312186101863,-1.262077970703103,2.857213909397061,-1.99300270,,0.1360737053776215,0.2741116751269035,False,5
-0.3094499005622878,0.9415007140236967,0.1334809519551795,-0.9509068261730899,-0.3069912046127248,-0.03914854055837741,0.004119099344875788,-0.1390424603612109,0.9902778535528752,15.63612497764899,5.955097193168873,-3.02498211,0.7124623444684568,0.5140339770210971,0.4666666666666667,True,5
0.9998350805081339,-0.0164064351466307,-0.007787212021853861,0.01676892633391321,0.9986568082616374,0.04902430440391047,0.006972438232189808,-0.04914680252528009,0.9987672285906462,-13.39011068976816,18.46749010183426,-2.17298809,,0.1043831920704286,0.4375,False,4
-0.7150456966372841,0.6920954951608754,0.09855697488521427,-0.699071682289037,-0.7084835795322629,-0.09669436671662077,0.002904262742541002,-0.1380392810441121,0.9904224967895006,6.616967447019192,-16.02286170302265,-1.74900138,0.9522677505563311,0.8362799594082414,0.4042553191489361,True,2
0.155877602889069,0.9863448334280095,0.05316053505590342,-0.9877633299307561,0.1553730168898801,0.01352145209070849,0.005077101698998729,-0.05461771866719886,0.998494430553285,-5.163132186113387,7.020540432411214,-2.04459614,,0.09704032223860572,0.2196969696969697,False,3
0.2717541609471102,-0.961116582731895,-0.04903662310654869,0.9623480487756124,0.271713167304357,0.007628088305943101,0.005992414012805219,-0.04926326330234436,0.9987678518370026,-7.086238491852214,18.94568646102648,-2.38953366,,0.2314565288619584,0.5,True,5
-0.5184395057563677,-0.8304569945440275,-0.2038667679735845,0.85511112097902,-0.5041392228617417,-0.1209488104545215,-0.002334448349800765,-0.2370333820061242,0.9714987010622514,-26.60995994181309,-5.786392444264513,-2.01963793,,0.3060980199535006,0.2352941176470588,False,1
-0.9346758841233405,0.3424673956638653,0.09537858536097435,-0.3554511111580691,-0.8957850845396683,-0.2668774810521727,-0.005958121746415778,-0.2833463697022928,0.9589991322007471,-26.39776295574757,-9.455852372016853,-2.10636033,,0.08751997745710713,0.5,False,2
-0.4350789067033771,0.8812630158413844,0.1846126806368983,-0.9003274788709702,-0.4233439661047867,-0.10094710076328,-0.01080628204503137,-0.2101318235603938,0.9776133392070439,-7.034544634087922,5.847980470130427,-1.96890350,,0.0885961683721818,0.2848837209302326,False,5
-0.9704107170889243,0.2401542769648126,0.0250791430170202,-0.2396646297898994,-0.945341747317962,-0.2211104837077916,-0.02939226746323773,-0.220578566577379,0.9749262487901528,-1.383202888604444,-9.704198891730183,-1.72280772,0.8790962107163468,0.3882393682137187,0.2068965517241379,True,5
-0.1767823842550743,0.9721717917590642,0.1537205123757465,-0.9842465017594657,-0.1741982322099347,-0.03022911955694181,-0.002610055812710644,-0.156642852383709,0.987651863971182,-8.110572278167979,-13.01441561476234,-1.73267085,,0.1802760549262103,0.4444444444444444,False,2
0.06927363046799329,0.9647201262559161,0.2540004766108779,-0.9975975835543942,0.06711176343345436,0.01717767432702549,-0.0004747717527428996,-0.2545802215523062,0.9670515422593366,-3.711607329311903,-12.72839390475186,-1.70190634,,0.2948310914237163,0.3658536585365854,False,1
0.7651353433719503,0.6254668984060359,0.1528367276587102,-0.6438570803082739,0.7417794080312815,0.1876469289854433,0.003995805299826686,-0.241980306676177,0.9702729331074379,10.24486724964839,4.186894920031161,-2.56452119,,0.4392091917041113,0.3076923076923077,False,1
0.2018834090519124,-0.9410573004661948,-0.2713931583309634,0.9791274487515444,0.2005724680917669,0.03286524220004897,0.02350591948571526,-0.272363437859883,0.9619072873548034,-0.2199233017321376,-13.23229175395359,-1.69731787,0.7908890762888366,0.355113711720113,0.1904761904761905,True,4
-0.6052012818902148,0.7948300325876204,0.04445928131678468,-0.7959900500662241,-0.6033904291859816,-0.04816461525153874,-0.01145637787491574,-0.06453843245323594,0.9978494586572006,10.97045635597016,-6.776644650847538,-2.16140880,,0.08585829493153395,0.3103448275862069,False,4
0.7306443229198688,-0.6778602875501825,-0.08163518816876891,0.6827401845370688,0.7262541605585758,0.08012948701724967,0.0049712979447892,-0.1142817782226984,0.9934359372214205,-26.7629081880462,-17.22359605073892,-2.38733143,,0.5188915408668203,0.3333333333333333,False,1
-0.6222447141660046,0.7606239768378288,0.1851018140156206,-0.7827888170192638,-0.6023704544163087,-0.1561777948233087,-0.00729271157039511,-0.2420764373203141,0.9702297742556942,-21.85953631566952,-10.21786271738322,-1.99523723,,0.3928341364812278,0.1428571428571428,False,2
-0.5845679378224711,-0.8071908709824889,-0.08199526737876668,0.8113400411591882,-0.5819165264213186,-0.05568207871078979,-0.002768335563361254,-0.09907600153558208,0.9950760183211789,-9.651199685576103,-8.112530544522688,-1.71197531,,0.3392506956284738,0.2654867256637168,False,1
-0.4940145324554391,0.8439936670372904,0.2088643859631979,-0.8692443529761106,-0.4847036067281167,-0.09734818151306396,0.01907607249879278,-0.2296456044118959,0.9730873546770189,1.558870815560795,-14.88704803249948,-1.70267953,,0.32934304114027,0.375,False,3
0.9398777462825996,0.3327003916751116,0.07707315629951465,-0.3414801325955535,0.9125082266947789,0.2252111348421157,0.004597943590928662,-0.2379898854858704,0.9712567494340297,2.898660786662902,7.027123205180111,-2.30333709,,0.4157638453148116,0.4676258992805755,False,2
0.9169303053238521,0.3853223676569983,0.1037568704323375,-0.3990145325794335,0.8819837788692795,0.2507828076281993,0.005120348535404074,-0.2713508555259616,0.962466880072351,-22.49461074761911,21.54584175610954,-2.04607433,,0.4268014400357591,0.1538461538461539,False,1
-0.166513866101353,0.9420068292916194,0.2913696380269078,-0.9860373349719713,-0.1585166201134056,-0.05101818488730717,-0.00187254835821404,-0.2957965765788592,0.9552491187365074,-2.117331670920805,-19.19604000625709,-1.66678132,,0.2256898375558977,0.3333333333333333,False,1
-0.7998993003916413,0.5902196004275829,0.1086366996188095,-0.599683532362009,-0.7790792564679032,-0.1827981760172749,-0.02325446724365796,-0.2113677728806445,0.9771299270520222,-12.98185775492425,14.3925860136379,-2.05728114,,0.6873403308130928,0.6078431372549019,False,2
-0.7208216394412948,0.6846196863221472,0.1082222214396356,-0.6931031231544565,-0.710854293834589,-0.1195584945140529,-0.004921868212676387,-0.1611895096992772,0.9869112002486367,-7.14816443097186,-14.4962993714954,-1.72080099,,0.4597891341351749,0.5333333333333333,False,1
0.1286295080897557,0.9737053416601038,0.1880222254712678,-0.9900395529761662,0.1370288636575688,-0.032322965016663,-0.05723751559371247,-0.1819917529650622,0.9816327565140455,-20.20304993006442,-10.50162151861545,-1.96702780,,0.5882262872412236,0.1578947368421053,False,2
0.08549894745746182,0.9566905503422379,0.2782680737517905,-0.9963216283726711,0.08370906176263887,0.01833046141393204,-0.005756980154137378,-0.2788117355218113,0.9603285236390827,-19.97706709459095,-4.221023514255521,-1.84931732,,0.42838737326378,0.48,False,2
-0.4815756281846923,-0.8686905532935251,-0.1160242946848126,0.8764020332438169,-0.4776520210376337,-0.0613842237449303,-0.002095343557189657,-0.1312450738780441,0.991347739251028,-15.44980374789901,-26.29039528186487,-2.20494918,,0.1297398186860496,0.2222222222222222,False,1
0.902024015318632,0.4303840115941817,0.03350042316975018,-0.4305389443910947,0.8912613508172086,0.142440941804268,0.03144667154175463,-0.1429083871002126,0.9892362203970099,14.3668305309572,-8.217320817670746,-2.30204149,,0.2560577682499519,0.1666666666666667,False,5
-0.9395380428346514,-0.3377844325057829,-0.05630224882880542,0.3421235936801693,-0.9330004818487823,-0.1116313016913651,-0.01482270939474588,-0.1241441824117756,0.9921534706180857,21.02782581878847,23.84783386576212,-4.67830986,,0.3832047281141345,0.2857142857142857,False,4
-0.5713043827887144,-0.8145565726532977,-0.1005429865963788,0.8207327884902735,-0.5674451904293415,-0.06635997103366642,-0.002998683608961437,-0.1204306680456519,0.9927172115414804,-14.84092087405497,-16.26823897411705,-1.91246773,,0.4685118200972856,0.4848484848484849,False,2
0.9874337760878497,0.1580287226076084,-0.001208582598857686,-0.1579708292211475,0.9872293904773347,0.02057541476941745,0.004444654775544568,-0.02012593870501578,0.9997875732550232,11.50492052489199,-5.220366187725186,-2.25122834,,0.09648331708007112,0.3939393939393939,False,3
-0.4422659311456779,0.8738290456594906,0.2020486206576769,-0.8968816397995153,-0.4303831707077579,-0.1018511195916319,-0.002042140636326377,-0.2262589784591104,0.9740650411180256,-8.652349453019895,-11.16795495535478,-1.71733331,,0.3222683732349996,0.25,False,2
0.1693628736920774,0.9743905462660177,0.1479164641349092,-0.9855537525412795,0.1674241697743249,0.02555285164479982,0.0001336658690900992,-0.150107330676388,0.9886696978317107,-9.565680688152838,10.82406433449271,-2.03899762,0.7486427284478258,0.8630704602513262,0.4278606965174129,True,1
-0.9904866852269139,0.1358586106789217,0.02187611237386855,-0.1376085924572941,-0.9779376961077301,-0.1571678650788001,4.086714171680278e-05,-0.1586830187382972,0.9873295791649203,9.507820317258052,-0.8095891527557164,-2.29651941,,0.2512143272438399,0.282051282051282,False,2
0.8873008198076896,0.446766009356761,0.1144438205061206,-0.4611652220994713,0.8568695155388869,0.2304371308320322,0.004888056315949947,-0.2572445650030111,0.966333969537377,-21.46455828868443,18.23212844870237,-1.99491191,,0.3911792311054173,0.4117647058823529,False,1
-0.7143795067775758,0.6981256282127898,0.0477758048464456,-0.6997415784655027,-0.7122209111047008,-0.05570544992904188,-0.004862474970092625,-0.07322554894084352,0.9973035522444897,2.467864848913337,-16.11953800692892,-1.69381191,,0.09285757909519833,0.3076923076923077,False,2
-0.4513126550144799,0.8921039816959483,0.0216188174055935,-0.892359069092518,-0.4510819984423531,-0.01484326411500247,-0.003489875659082861,-0.02599070071175945,0.9996560929861811,-33.73197165469344,11.08342428171437,-1.99337411,,0.1463068463521792,0.4545454545454545,False,1
-0.999034545437585,0.04303999047735085,0.008805466599143429,-0.04351918740484617,-0.9421781530627243,-0.332274597613084,-0.006004777259896249,-0.3323370083379589,0.9431415882777282,-4.498140245356808,2.444040247678058,-1.90846024,,0.5049404239182352,0.2150997150997151,True,1
-0.9090047660619344,-0.4012722688167906,-0.1126539016426593,0.4167550357345291,-0.8783853723059545,-0.2339965339675822,-0.005057219255668855,-0.2596530454232261,0.9656887285952159,-3.490857492167152,-19.6126931264941,-1.68513241,,0.556425952941167,0.2758620689655172,False,1
-0.9972189322058748,0.07389791074433219,-0.009669541757455992,-0.07192092795404958,-0.9882182790352556,-0.1351000114834476,-0.01953922650477477,-0.1340288467764383,0.9907847833204619,28.13096362618177,0.8651839351818733,-3.76312879,,0.2106526894147666,0.3157894736842105,False,2
0.01920104958884869,-0.938795859151522,-0.3439384458513507,0.9998151376488651,0.01837500003639278,0.00566126327280145,0.001005098436962858,-0.3439835667784414,0.9389751304286573,8.010934396428013,-6.750725799960752,-2.00737369,,0.6059464463207633,0.3626373626373626,False,1
-0.8460376431650263,0.5179002164340926,0.1264898105196143,-0.5330945105759961,-0.8193756791544651,-0.210793119441548,-0.005527127780966677,-0.2457699375995354,0.9693124308657213,1.68521567945146,-12.9571152293115,-1.71364485,,0.388203781336903,0.1333333333333333,False,1
0.9954356305044164,0.09360861595079868,0.01858312519604817,-0.09529187723633367,0.964241125412571,0.247302467023431,0.005231028106561216,-0.2479445080716158,0.9687601133727969,8.918361143278844,34.36522671936944,-4.30358883,,0.4881849294648797,0.3461538461538461,False,3
-0.7319108924626903,-0.6756826033488602,-0.08808782564110425,0.6813874233301945,-0.7265519991001262,-0.08850633836653134,-0.004198192695554648,-0.1248006896428041,0.9921729501668417,24.0046090712637,-7.187862968537252,-2.96531321,,0.2698528018301209,0.4736842105263158,False,2
-0.6318527994192781,-0.7459941578119095,-0.2103681448711324,0.7750822762562891,-0.6092098997904266,-0.1676626464979846,-0.003083001685260601,-0.2689907331263264,0.9631378305272671,14.78643718618923,-24.07699299041772,-1.67157930,,0.6232690654375649,0.3,False,1
-0.6593693705992312,-0.7415536468012305,-0.1238152738210064,0.7518120463056553,-0.6510759262797574,-0.1043014153722761,-0.003268049154752259,-0.1618589729818925,0.986808488370449,32.3094682713654,-7.392016828965025,-3.59676931,,0.1429317980278487,0.2727272727272727,False,1
-0.8566418755148364,0.5153182940629983,0.02473363940922711,-0.5158813963565939,-0.8550888198945749,-0.05186034115270569,-0.005575123998203461,-0.05718536434530559,0.9983480115155738,28.3810893694876,6.375684646434658,-4.16205527,,0.07063105714473539,0.1818181818181818,False,1
-0.9555251416509979,0.2911587369959273,0.04688596318491519,-0.2948492450498464,-0.9399609703133099,-0.1718641817866563,-0.005968782654474304,-0.1780448374949347,0.9840042730979507,-17.77161092212265,21.66095780809661,-2.13445495,,0.6909284920926896,0.2083333333333333,False,1
0.4569886534127668,-0.8844681959956779,-0.09421985419293238,0.8894655540497376,0.4548333356919606,0.04447094447296844,0.00352119453875127,-0.1041280318428979,0.9945576675957736,-17.31860113337694,9.93343641995998,-1.90648550,,0.1450414771483278,0.2,False,1
0.6957257314060175,-0.711780677461811,-0.0966124932478575,0.7182915286051342,0.6902864489657257,0.08695917610228525,0.004794433612183219,-0.1298956718535839,0.9915160754319844,7.795878140040884,-21.46715080609687,-1.66279132,,0.3000385712103604,0.1428571428571428,False,1
0.9350971488076634,-0.3534200006367372,-0.02622261317466263,0.3543488765221373,0.9335690085400231,0.05371945644827294,0.005495088650644559,-0.05952486407819375,0.9982116982670534,17.93404999132048,11.36234987094872,-3.58872704,,0.1153777242614488,0.3888888888888889,False,2
0.07922710984438484,0.9531722022010154,0.2918660960388723,-0.9968565057785772,0.07587699483784702,0.02279887149186759,-0.0004146717148826825,-0.2927549053485591,0.9561874258960558,29.84190052367501,2.61519216585825,-4.02591240,,0.449630924431274,0.2162162162162162,False,1
-0.2154893413873868,-0.9732222103190745,-0.08001795479820041,0.9765061791481543,-0.2147781371791253,-0.0174938239198666,-0.0001607292902156678,-0.08190775989807932,0.9966399013859397,23.11944180551797,12.5192593742826,-4.10071474,,0.1119566069122637,0.2173913043478261,False,2
-0.9479728261323789,0.318323721172696,0.004186819002156302,-0.3182957478227924,-0.9474799916148372,-0.03113651244883131,-0.005944563273996091,-0.03084921438731467,0.999506372235398,-32.7229850874636,-1.851840477689794,-2.08704354,,0.4246747982695405,0.9473684210526315,False,1
-0.07404182832714949,0.9760149028332211,0.2047259561106815,-0.9972546608924148,-0.07226426430591835,-0.01615603394032972,-0.0009741592937770148,-0.2053601362284903,0.9786859892028128,25.77932023240209,-2.257289077203024,-3.37912775,,0.6482571343932868,0.55,False,2
-0.3571288965341337,0.9331575909769171,0.04093728938839156,-0.9340504069051491,-0.3566448370058854,-0.0188227946217095,-0.002964560783262054,-0.0449596556837607,0.9989844046531259,26.80645598475058,-9.700340677052942,-3.00625827,,0.7301141254078631,0.1428571428571428,False,1
-0.8619873086824492,-0.5039827480643645,-0.05458268337009189,0.5069081039367771,-0.8579367225593605,-0.08359876941274327,-0.004696150935598459,-0.09972948279016997,0.9950035057369374,22.34999271282982,-11.07240923800587,-2.63252235,,0.1966256857292417,0.7142857142857143,False,1
0.9843864250276703,-0.1756477048788898,-0.01145643888921684,0.1759174306168819,0.9839532362817351,0.0298175521439228,0.006035215522122198,-0.03136738085144265,0.9994897015938299,-3.44129404144104,3.854590874284908,-1.97601627,0.1159898520841286,0.1084060805105342,0.6161616161616161,True,1
0.05050266304226481,-0.945517665352148,-0.32162995123692,0.9987232161212939,0.04819619560072719,0.01513487066202924,0.001191052467098361,-0.3219836505735043,0.946744479866337,25.89290172396784,15.61507895589753,-4.59668265,,0.3468055459085967,0.3076923076923077,False,1
0.6176766864353531,0.7575159887859416,0.2112937239198074,-0.786426462833452,0.5939402802786431,0.1696123875717578,0.002988241875715836,-0.2709325934548743,0.96259368386371,31.40944994079808,1.498728442830399,-4.09485217,,0.3058683220686277,0.4545454545454545,False,1
0.954673508940939,-0.2948304529058428,-0.04090837769614276,0.2975951889244976,0.9481790978828817,0.1113261059545208,0.00596614242096564,-0.1184542205974115,0.9929415908135143,-12.72854469095569,-4.414399309995427,-1.75652314,,0.1344080426120508,0.1666666666666667,False,1
-0.5682998605651007,0.8164913420535177,0.1018683308655536,-0.8228111812524816,-0.5632997935045456,-0.07533327713323916,-0.00412655880658896,-0.1266302925424366,0.9919413997424616,-19.17478608903986,9.358231065844327,-1.88926279,,0.423086486929346,0.375,False,1
0.5635160508194423,-0.8203322879525511,-0.0974915268697378,0.8260949358042808,0.5601571403288405,0.06157219483774819,0.004100915432134417,-0.1152341767061705,0.9933298883107615,26.0213339924822,-7.390718085647527,-3.09948217,,0.130000905731407,0.2105263157894737,False,1
-0.3784335550270072,-0.8801188350728093,-0.2866685901519428,0.9256273459623591,-0.3603073040092138,-0.1157266740397034,-0.00143556131909428,-0.3091431429414107,0.951014435398331,-10.45788110385661,12.99695510627297,-2.08023788,,0.1390280313132237,0.2142857142857143,False,1
0.1773274264095157,0.9461318202453621,0.2709050803550507,-0.984151894041331,0.170425811293078,0.04899073687910557,0.0001824769556637602,-0.2752991492255196,0.9613585934176002,26.11182153607638,16.67589781590514,-4.70588639,,0.3071199832307897,0.1428571428571428,False,1
0.1167514316813934,-0.9901177773725571,-0.07769099131284699,0.993159907244793,0.1165181009649863,0.007545249434461168,0.001581721170089952,-0.07804049639988969,0.9969489350412083,24.37363812723288,16.20072309934897,-4.51189205,,0.1052378525267041,0.3125,False,1
0.7762272625339529,-0.6150989904165385,-0.1382912466051301,0.6304317797221087,0.759105259946769,0.1622189120835262,0.005196923653503919,-0.2131019387750927,0.9770161491371759,33.88078498738975,6.43463812803375,-4.68072975,,0.6203064050904805,0.3181818181818182,False,1
