axis_00,axis_01,axis_02,axis_10,axis_11,axis_12,axis_20,axis_21,axis_22,location_x,location_y,location_z,dbh,dbh_approximation,score,reconstructed,number_clusters
-0.09915147813071068,0.9653494893951722,0.2413904465984023,-0.9950679748422995,-0.09690887008467466,-0.02117537112206865,0.002951241728643949,-0.2422994721896699,0.9701970191403742,18.71895145813113,4.449323858374896,-4.20570012,,0.4777585284050507,0.3170731707317073,False,6
-0.4540617665199885,-0.8846839128912813,-0.1056517224474713,0.8909270700852816,-0.4520031475650466,-0.04406938144046554,-0.008767438280476278,-0.1141382007158901,0.9934261941197927,0.4454412983668021,-22.52761168522818,-2.14396248,0.100458901688231,0.1311550085171778,0.3157894736842105,True,5
-0.1099838854007064,-0.981513954268117,-0.1566330186427149,0.9938732896657048,-0.1103357488467105,-0.006473531918964399,-0.01092835949420109,-0.1563853577014179,0.9876356569380054,-30.89554431579143,8.760649102073415,-0.99998358,0.4106738943014144,0.4111385380045119,0.8571428571428571,True,5
0.9997558035010067,0.01245177840978834,-0.01825613815928404,-0.01161727233468104,0.9989137737735795,0.04512550884952896,0.01879820070004554,-0.04490240282947664,0.9988144982280651,-12.51329740208223,1.561668829464281,-1.28391288,0.2671739754640741,0.2590288055954446,0.7371937639198218,True,5
-0.03030574085137201,0.9909660127759956,0.1306442635338171,-0.9994654143574571,-0.02843958021822578,-0.01612686517232806,-0.01226570726557698,-0.131063159582909,0.9912981391213337,-34.921140092249,14.4930016203395,-1.06958022,,0.217143514765563,0.25,False,4
-0.9912522027535342,-0.1308501838378621,-0.0172423874757674,0.1318860542712443,-0.9770842400878442,-0.1670702141637559,0.005013903173098103,-0.1678827482547226,0.985794219709881,14.20646643498793,-17.3411581649122,-3.63615448,0.5211715167301149,0.4969057509795959,0.6388888888888888,True,5
0.4421999248633189,-0.8916960077452496,-0.09663051392836247,0.896907943663039,0.4400927760195762,0.04329537030125608,0.003920082271449081,-0.1058138850367352,0.9943782251680788,11.46437194290814,20.2431052633959,-3.47493123,0.4389327125720767,0.4854936385216033,0.8333333333333334,True,5
0.9942213331673836,-0.1072354077636107,0.004950555185254349,0.1069703525336138,0.9935277947342315,0.03820817673442823,-0.009015783587936388,-0.03745782177739449,0.9992575379920777,3.481256836032685,6.63108450722396,-2.57051448,0.4790790393400643,0.3939925396088421,0.8798283261802575,True,5
-0.8511180865166328,0.5026457544351126,0.1514768904903352,-0.5248525961239263,-0.8209413015977339,-0.2249113862679971,0.0113028822093888,-0.2709291879428532,0.9625329189042763,-1.847357302068758,-22.8563103531454,-1.95462331,,0.3196888970412472,0.2142857142857143,False,3
0.07088623445531157,0.9960093265486808,0.0542269600179707,-0.9974827110113597,0.07068104457351855,0.005694837260676216,0.001839292846693866,-0.05449414065787515,0.9985123963355613,2.462244194379821,-2.467627178188934,-2.42636275,0.4955252569147794,0.4147106764061674,0.8848920863309353,True,5
-0.9902020829815985,0.1383568762687394,0.01889999068943798,-0.1391390193027959,-0.9890331922593752,-0.04953461331924051,0.01183926375921731,-0.05167900345776035,0.9985935671910037,-12.62006465969796,-9.871529232836139,-1.17363488,0.4643457715864041,0.3756989069046123,0.8793103448275862,True,5
0.8751419532109643,-0.4809428664559398,-0.05310857685196167,0.4824678916058298,0.8590021655722141,0.1712892673569202,-0.03675996870948168,-0.1755256070987625,0.9837883237531779,-22.07386570091973,-10.24505310143135,-0.89188158,,0.5926820220118413,0.2150537634408602,False,4
-0.9985833381982397,-0.05208892035244121,0.01086559015325366,0.05081732462999765,-0.9941300222721651,-0.09551491158241074,0.01577707800294093,-0.09482743903355896,0.9953686958188044,15.40613800841635,4.771470268112949,-3.85009639,0.5833277874598959,0.5658342255488357,0.9176470588235294,True,5
-0.1361397965027315,-0.9870600428465912,-0.08472560193873689,0.9906757989479852,-0.1360911389479995,-0.006376776506073134,-0.005236142374589856,-0.0848037364478873,0.9963839165188845,-27.09207490958414,-13.52624039071358,-0.86004070,,0.2502349845419608,0.5405405405405406,False,2
-0.9406237171058028,0.3371977134048716,0.03904772583122277,-0.3393934799509128,-0.9363398450510508,-0.08988748709684449,0.006252086441637182,-0.09780284578836151,0.9951861709101602,23.72958007543542,7.848212758758365,-4.78831235,0.217136837770771,0.1821522148024329,0.4615384615384616,True,5
0.06152541519842906,0.9951196086196504,0.07714653475908854,-0.9980325147863105,0.06040205253154187,0.01681343151444363,0.01207156634306156,-0.07802920344749914,0.996877986864679,12.01618236057948,6.577701039814997,-3.46691063,0.8255494066594152,0.7833199340562673,0.850828729281768,True,5
-0.5648729193708588,0.8168511098596235,0.1169309594698733,-0.8245691273343274,-0.564202498778066,-0.04196778073347637,0.03169131124693381,-0.1201241220308739,0.9922529194201257,14.92969395094423,6.067420349340807,-3.77477150,,0.1612546645031483,0.2631578947368421,False,4
-0.5860654317752915,-0.8093136747585273,-0.03922608222714429,0.8102442887504179,-0.585028865942905,-0.03529048824950878,0.005612684328503203,-0.05246524432810713,0.9986069777005475,-11.04753519768354,-13.77939439543977,-1.27262908,,0.116265876208934,0.225,False,2
-0.1698499619200788,0.9674241723217111,0.1877270924597766,-0.985468526950886,-0.1664175741264628,-0.03401431185715528,-0.001665180170530791,-0.1907764708487842,0.9816320926627677,-14.66421089990882,0.3069821054045576,-1.16862722,,0.09355748484543662,0.3472222222222222,False,5
-0.219942611270156,0.9552361352301153,0.1978615013040609,-0.9748821227077432,-0.2079394158716082,-0.07978750623887457,-0.03507270409462537,-0.2104403128623558,0.9769773693130687,24.20477524496414,-0.8398316760171269,-4.85535331,,0.2863894156478946,0.2903225806451613,False,2
0.8235127339141544,-0.5609514643572209,-0.08461815240670453,0.5671945178769381,0.8113059983880304,0.1416790593911076,-0.01082386121412357,-0.164669461695515,0.986289416151936,17.42198972997437,-10.29885691352433,-4.05083780,,0.1158675991615827,0.4166666666666667,False,4
0.3715241316777123,-0.9282752508371572,-0.01657945307703801,0.9284053371756851,0.3713466256115532,0.01285354233722238,-0.005774901282587995,-0.02016785387999519,0.999779929877096,5.772398354809695,-3.835849274207874,-2.75874470,,0.09971400598037614,0.4,False,5
-0.7768464413479524,0.627575950699426,0.05155611184653722,-0.6294474738146164,-0.7762125198239113,-0.03591659473016551,0.01747810840505448,-0.06035354316297241,0.9980240305494931,-9.519477551760758,15.22089340220754,-1.60644516,0.2209455689511445,0.1592696452594608,0.5094339622641509,True,5
-0.5100781636224995,-0.8525691256791914,-0.1137811624748025,0.8599889158423897,-0.5078930104613901,-0.04963622218397723,-0.01547034659371246,-0.1231688916207537,0.9922651321663909,-8.93289874694051,-13.88569753140533,-1.42128712,,0.1001943647137632,0.3243243243243243,False,3
-0.9171604301474559,0.3917843721642046,0.07295033310159986,-0.3977145354197103,-0.9114641870910458,-0.1051483902223118,0.02529612001114551,-0.1254513506438239,0.9917772254564141,-8.696414078387363,-16.44968031413239,-1.44849109,,0.199767655251585,0.417910447761194,False,5
0.2857979117109206,-0.9552383550982725,-0.07641491091941378,0.9578001800447009,0.2821932253680892,0.05464246208482945,-0.03063280542186764,-0.08880691699130182,0.9955777030078993,14.5935263152391,-4.942657903788444,-3.75856655,,0.6530309573804899,0.7368421052631579,False,5
0.9169786283143728,-0.3984230376471428,-0.02023062744243853,0.3988763194473943,0.9147814760263941,0.06381639995387084,-0.006919320688592212,-0.06658779310801323,0.9977565779338232,-3.411749919438819,-24.61450337291481,-1.80096808,,0.2722003557990008,0.4,False,5
0.930068954710023,-0.3663022868672425,-0.0281846433440852,0.36395491885181,0.9082111882113635,0.2066137813682222,-0.05008549219262312,-0.2024230032469914,0.9780165495676907,-28.14660646001738,-12.69929775733038,-0.86847473,,0.2709137185565756,0.2272727272727273,False,3
-0.7749035975087658,-0.6313135705951005,-0.03110611114295361,0.6320705655553202,-0.7736930804671216,-0.04342599907744468,0.00334883958269671,-0.05331222017287756,0.9985722770304053,15.54483987382696,-4.264109880893812,-3.87819631,0.6074393927410962,0.2351439335986133,0.696969696969697,True,5
-0.334877921497888,0.9411060630719611,0.04664928447948557,-0.9422611038392967,-0.3344204280428071,-0.01752111580966381,-0.0008887546367403489,-0.04982324113161745,0.9987576556694505,-10.49338134540784,16.65153909936927,-1.57100980,0.2402587879755627,0.2123570735768594,0.7192982456140351,True,5
0.7963026305107211,-0.6048981389762937,-0.0006017513784885864,0.6047044801828149,0.7960217156121722,0.02611359647167054,-0.01531705874301496,-0.02115820731701499,0.9996588007788421,-11.93845838449511,21.31667204362373,-1.52868022,,0.1259406835388636,0.5454545454545454,True,3
0.9983536015436977,0.036841285554657,0.04396368914693605,-0.04443104684469028,0.9814456640734736,0.186521555182409,-0.03627627821336057,-0.1881678191138424,0.9814667103314957,-27.98168990840855,9.227629151019244,-0.98904748,,0.1897258467700955,0.4,False,3
0.5851174382280243,-0.810517493224535,-0.02643816670065647,0.8109281816000822,0.5845605252670754,0.02616250344036467,-0.005750458091328404,-0.03674759143806122,0.9993080339691277,1.730824734532291,-23.82584236553916,-2.26785131,0.1784817730689845,0.1309441909006274,0.8125,True,5
-0.835966414427005,-0.5435250080299955,-0.07576753655788862,0.5487067423964117,-0.8255838601324964,-0.1316518163089501,0.009003599212293854,-0.1516306549966758,0.9883962159308911,-1.187242761424443,-36.85407388396087,-1.58402506,,0.4486683839063226,0.6341463414634146,False,3
0.9810202600327309,-0.1938494362292483,0.004652470195143012,0.1934539045259229,0.9800911080835424,0.04468788067530414,-0.013222565144071,-0.04293967779545761,0.9989901640365807,-25.19811702200241,-19.96632098105331,-0.82387664,,0.5634267581771775,0.7575757575757576,False,1
0.342737833255566,0.9363255612825541,0.07632313505215532,-0.939370808003396,0.3406625182274868,0.03913481501111418,0.01064249624508661,-0.08510870674506216,0.9963148324248998,23.18555380542523,3.893232645832995,-4.73015645,,0.1092932997033996,0.375,False,4
0.796984985389372,0.6005631913550759,0.06433339920529403,-0.603763498763251,0.7951169107850398,0.05708533738896607,-0.01686922123451542,-0.08433831497641385,0.9962943731658225,13.55897048056408,4.983493490052012,-3.63414597,,0.1120875711951509,0.3809523809523809,False,5
0.9530783863602793,0.3003066288835993,0.03817745540831435,-0.3024038063907534,0.9502654549007721,0.07448156216549512,-0.0139114101826317,-0.08253177491607044,0.9964913340295207,14.218758729147,6.546066364620827,-3.72525600,,0.08272161573971366,0.2222222222222222,False,5
0.145627165063529,0.9827894506139747,0.1136557282209879,-0.9893275158357825,0.1440948283454389,0.02162745602931932,0.004878032980753523,-0.1155922843704627,0.9932847671177982,-16.30820746857171,3.852592889743818,-1.16157295,,0.1602342230059341,0.40625,False,5
0.9956814023211883,-0.09213846904616169,0.01135991168723008,0.0918966673531037,0.9955629701524787,0.02023301733721289,-0.01317374666164388,-0.01910170105002303,0.9997307524608269,-0.7368604151671434,-5.207218116902027,-2.07693721,0.257473424084067,0.218539655661413,0.8865096359743041,True,5
0.8283860120068334,0.5580137977801896,0.0489613786401378,-0.5599431809974519,0.8273181769704988,0.04481370447379102,-0.01549997309250193,-0.06453863603407603,0.9977948262508639,-15.0759153044151,5.42147913378156,-1.24069300,0.1572844578288357,0.1305211826003395,0.5340909090909091,True,6
0.994172918123017,-0.1076997931157534,0.00457858423411592,0.1074930008107134,0.9936619253423233,0.03288210610188249,-0.008090960849796635,-0.03219833361854945,0.9994487498940184,0.8352835880036196,-7.047953231752331,-2.22021519,0.7212172623035491,0.6447474124450623,0.9894039735099338,True,5
-0.9800102137105888,-0.1984984539601637,-0.01335457967706567,0.1989075712980972,-0.9789445421674594,-0.04586241861084086,-0.003969773698678157,-0.04760196567336668,0.9988584953639896,-17.56801319788076,34.37402322521993,-1.35403070,,0.131503676189737,0.5833333333333334,False,2
-0.258538218820029,0.9645046791691986,0.05374675125146284,-0.9659198546143476,-0.2588373259889528,-0.001439839117802275,0.01252293380815092,-0.05228730759571053,0.998553560703294,17.80206398800084,-11.54788854531691,-4.06035749,0.4228275857825166,0.3750995383276409,0.8245614035087719,True,5
-0.6283629300189417,-0.7436860703887941,-0.2282346531263035,0.7777235467420485,-0.6071569666570361,-0.1628081775673316,-0.01749608587597737,-0.2798060874060825,0.9598970988754578,-21.99080382876048,13.53156350043994,-1.10538357,,0.7649152475437159,0.5108695652173914,False,3
-0.6305045731618388,-0.7674567344684391,-0.1160781802969354,0.7761473808100253,-0.6248662061765416,-0.08448353472880929,-0.007695874462699675,-0.1433610306100515,0.9896405349512918,-31.81645289603057,-15.26051662242321,-0.90938173,,0.4905768880789851,0.8055555555555556,False,2
0.9164339338134655,0.3955536087245687,0.06071398175171504,-0.4001860092535496,0.905805026584517,0.1391704415885079,5.434054346196058e-05,-0.1518374013186251,0.9884054839021849,29.56224158150434,30.02126482967446,-5.30522231,,0.6056280481014258,0.5,True,3
0.7694318356856317,-0.6387266375829027,-0.001712505614509983,0.6386234957831873,0.769253343718262,0.02023175256710017,-0.01160520861949506,-0.01666060083892807,0.9997938505074861,-4.234675607035115,0.9673750104119279,-1.81187948,0.3528300956413978,0.3298269012203296,0.9529516200621394,True,5
-0.184228314389323,-0.952714241028989,-0.2416516151773603,0.9826293720182584,-0.1841175593671014,-0.02324309746368744,-0.02234827564429373,-0.2417360115358491,0.970084663986844,9.84197335664004,-19.16165179296334,-3.13001011,,0.1824773402487903,0.6666666666666666,False,2
0.06462496493374807,0.9968398306576381,0.04619486899822701,-0.9979081610905077,0.06447637665571457,0.00470094483183319,0.001707611277004429,-0.04640203516875033,0.9989213858937674,-10.12967861232551,-12.38488195550056,-1.34746350,,0.06767041047312947,0.3636363636363636,False,1
-0.07382102337998561,-0.9849420534968722,-0.1563317234616682,0.9972702437198069,-0.07315767295251492,-0.01000079392897183,-0.00158666258811117,-0.1566432448002044,0.9876539760261661,20.97869132950467,-6.283879742909448,-4.46077884,,0.2363489251122022,0.3333333333333333,False,1
0.2163782461888057,0.9746950607268515,0.05612479996343041,-0.9762874190559897,0.21640309685265,0.005707457014849909,-0.006582550360636806,-0.05602890564040243,0.9984074477704421,-17.39291300591981,8.235597375673848,-1.16955882,0.1399455477874904,0.1239630743650306,0.5094339622641509,True,5
0.2990306968281023,-0.9504753749898506,-0.08471837989717984,0.9541931555206602,0.2987460579934666,0.01631608993876786,0.009801240330956891,-0.08571670998858784,0.9962713392026832,2.924502464193722,-26.10602100693708,-2.36740136,,0.6598158693049012,0.3209876543209876,False,4
0.06888869606803331,-0.9763533377531607,-0.2049109743579102,0.9972196096730483,0.07324277760222654,-0.01373119123177034,0.02841474331361787,-0.2033953180075018,0.9786842938226036,-27.43513150694116,0.7376222688351106,-0.92095019,,0.364326290425771,0.3076923076923077,False,2
-0.391268564666407,-0.9181456890619233,-0.06258916807958287,0.9202724945424114,-0.3901592239794195,-0.02956883042095573,0.002728752934156049,-0.06916844367760379,0.9976012631841649,-10.34854894736355,-14.98529791731227,-1.33469539,,0.06750241822552483,0.4545454545454545,False,1
0.999610652629763,-0.02789009369378436,0.0008281442216606413,0.02776133655567246,0.9970999043855571,0.07085964201826714,-0.002802024579232766,-0.07080906261253722,0.9974859524375231,-15.79592112273122,21.65821811319569,-1.34739185,0.6805236325980107,0.573425311296064,0.8450704225352113,True,6
0.9815204602432563,0.1913456260943501,0.002106537069984221,-0.1899566020712845,0.9729478080102154,0.1314878405695703,0.02311007255284511,-0.1294581564161879,0.9913155452649394,-3.649703604257411,-33.72147691549225,-1.55837653,,0.4079126520796719,0.4516129032258064,False,5
-0.9981513251769031,0.05191134362037617,0.03160924629156036,-0.05934358411106652,-0.9447353176437029,-0.322418235559817,0.01312520752011425,-0.3236979950512208,0.9460694144339383,5.023995271039666,5.854286839347111,-2.73548212,0.5742079923656314,0.3582714268181059,0.344,True,2
-0.9263649554467931,0.3554761175371369,0.1244375312387087,-0.3764731876774467,-0.8834286253885311,-0.2789655943017205,0.01076607078013918,-0.3052713443886501,0.9522045463108771,-23.11281033584652,-13.66842541293718,-0.86730937,,0.5197913457096778,0.2162162162162162,False,2
0.6732276445603047,-0.7056802769918774,-0.2208616880865746,0.7393668537697379,0.6383720624816192,0.2140508476731706,-0.0100595301293505,-0.3074027594339891,0.9515263261444458,16.28562796562238,6.702169095656757,-3.93456269,,0.3187327871581772,0.6,False,3
0.7318884800588955,0.6793137569009815,0.0535917199029111,-0.6813226667554281,0.7308716768177461,0.04032388610844241,-0.01177609962381429,-0.06602584123423733,0.9977484210796627,23.88297596770553,15.59390579098164,-4.80015626,,0.09973559091738005,0.1875,False,3
-0.9638028009398322,-0.2648717803437783,-0.03044833128517138,0.2660507412562195,-0.9480331128100138,-0.1744999143059154,0.01735407668389302,-0.1762843072802368,0.984186303008316,-17.48323753586254,14.19090935883165,-1.23134021,,0.1097064593832345,0.25,False,4
0.4450080271452282,0.8901681226916964,0.09781906317202961,-0.8951335130264596,0.4389151444049598,0.07803518353206647,0.02653016459093231,-0.1222874047296567,0.9921400813450006,21.6505867306804,-8.511223557322523,-4.51622159,,0.5303000161567237,0.1764705882352941,False,2
-0.2831055702183557,0.957845103837226,0.04882615248403194,-0.959066786813776,-0.2830765434027492,-0.007653038994485556,0.006491112542491969,-0.04899415914377712,0.9987779722379523,-16.07484820828353,2.199689137100506,-1.14548108,,0.1136394871884608,0.52,False,2
-0.5632117302740246,0.81408215995954,0.1416431562672489,-0.8262966383370131,-0.5559308903830271,-0.09041410614990072,0.005139295154991617,-0.167961549032937,0.985780150790107,-16.50726809510695,15.13678472513288,-1.26562171,0.278818021326681,0.184794533325021,0.5384615384615384,True,5
0.9895550427475434,-0.1438298757194514,0.009684225494803037,0.1436597904244186,0.9894908091698797,0.01642568669945257,-0.01194495659762515,-0.01486288729902834,0.9998181897690285,-3.098056047103171,11.2394923226945,-2.00096120,0.4503523116633911,0.394203483198248,0.9459459459459459,True,5
-0.9857410243342495,-0.1666288498756031,-0.02344054891842552,0.1682688802016619,-0.9765115908448844,-0.1345759893193098,-0.0004657253934609999,-0.1366013884802273,0.9906259858115631,21.08345801451259,9.527343975452169,-4.48649732,,0.2661705015772707,0.1739130434782609,False,5
0.9072928125399373,-0.4203888508899374,-0.009641906492441312,0.4203031823941998,0.9059305736214065,0.05133254958891442,-0.01284473365543314,-0.05062617727449234,0.9986350699789656,-1.213800093990187,-31.69623455910769,-1.86192087,,0.1183978279633408,0.7777777777777778,False,1
-0.08578045643729089,-0.9954818956180611,-0.04071251392485997,0.9962992401866887,-0.08548462791025939,-0.008955578957948188,0.005434822613257567,-0.04133006034010096,0.9991307666243927,-19.584606043441,2.305803623853564,-1.03329599,,0.1441338592699694,0.25,False,4
-0.3699181944749649,-0.9288720673368686,-0.01890005073310441,0.9290643152091106,-0.3698379990478958,-0.00770406809908496,0.0001661367170660066,-0.02040923765309477,0.99979169601323,-19.21829951604667,1.390289901555974,-1.02244944,,0.09107072140435328,0.53125,False,2
0.6539989407400144,0.7552773940085733,0.04291204505213506,-0.7564628944274857,0.6534441513334417,0.02783218357420161,-0.007019605781583598,-0.05066358838195029,0.998691106372203,10.65900065158604,-5.85835366804622,-3.26860240,,0.125484938113193,0.4411764705882353,True,5
0.9957865670220509,-0.08425567510448455,-0.03619522276662641,0.08909505352519213,0.9823647868365306,0.1643821675880959,0.02170678179236415,-0.1669143696519423,0.9857324225305332,6.589468116907199,-20.74146270294432,-2.77930270,,0.351465226020403,0.25,False,3
0.2635130404928453,-0.9571846192971271,-0.1198268837583127,0.9637623707171351,0.2558849610277522,0.07539880310397443,-0.04150867716396401,-0.1353532094220078,0.9899275420045948,-22.22058147657606,-8.700551577014664,-0.88824224,0.3455156180296557,0.3582434573646074,0.5714285714285714,True,5
-0.9674089599461089,-0.2498683502374066,-0.04105742034788949,0.2529389801208868,-0.9459274001099961,-0.2030842831352241,0.01190699590124247,-0.2068505771584381,0.9783000879984769,8.958806606545522,-2.70682779634194,-3.12267765,,0.2828056585218427,0.2407407407407407,False,1
0.9999345758379418,0.001161156877358426,0.01137962031441416,-0.00206830789381874,0.9967900844675691,0.08003280333457928,-0.01125016205440755,-0.08005110381400896,0.9967272719414813,18.48296511246792,-10.44815785131925,-4.17195812,0.1990749703622733,0.1872629217429906,0.2857142857142857,True,5
0.7062344886250889,-0.7035281284780398,-0.07925288333332023,0.7079771175071441,0.7019713518102418,0.07748949815282509,0.001117212036190616,-0.1108349839982293,0.9938381951602473,-23.45655581907027,-7.220910026302477,-0.88435696,0.3877939130058295,0.2499151311754421,0.2857142857142857,True,4
0.652504141481387,0.7484950062062208,0.1182944252024918,-0.7575962450205558,0.6408585329133991,0.1238881363280614,0.01691965958264677,-0.1704569343747435,0.985219852948149,30.58182274598181,3.791951872856401,-5.47503991,,0.3421549408211004,0.3333333333333333,False,3
0.871596674364762,0.4888562887217578,0.03658915431486959,-0.4900663009497307,0.8707775307233346,0.03976823683319451,-0.0124200607782738,-0.05259297447912958,0.9985387929999029,-15.81552101582366,0.8282529451517462,-1.14313248,,0.1598778827663582,0.5679012345679012,False,5
0.9986376117649981,-0.05215678213799064,-0.001609486039787876,0.05157133919146484,0.9817854223640562,0.18286000494212,-0.007957219508155856,-0.1826938819732162,0.9831376445581042,25.010295356695,-3.005510536107835,-4.92397921,,0.2998418910443198,0.3181818181818182,False,5
0.8473932395066883,0.5246274026090223,0.08179722532011485,-0.5307501312268582,0.8413279096999995,0.1023310635266768,-0.0151326085336128,-0.1301285394966794,0.9913816456680185,-6.102125770139423,-5.421927927108783,-1.63126992,0.2676349964406827,0.2087005739995269,0.2900900900900901,True,3
0.3131456462020897,-0.9495282055824505,-0.01833005913919244,0.9496920014465526,0.3129815665092497,0.01129784996610015,-0.004990656581659201,-0.02094578307886204,0.999768156883433,13.75097972783283,-3.503892936331908,-3.67357614,,0.1027466630307053,0.28,False,5
0.9986970156241941,-0.05034474296341383,0.008347325276872134,0.0493156563914497,0.9941740240943063,0.09584349665374386,-0.01312391016467963,-0.09530696024993948,0.9953614149191781,-9.432078956193834,-11.33640621803647,-1.39391484,,0.07762222109185539,0.35,False,2
0.3762759383624319,-0.914723107052934,-0.1473025988667445,0.9263143046952015,0.3746602635915816,0.03964209634380179,0.01892688898144537,-0.1513648714494626,0.988296741148412,-33.34695926545885,-1.516898842728608,-0.99478334,,0.3019246760482306,0.3571428571428572,False,2
-0.5280511115292348,0.8337985614402535,0.161065150026019,-0.8471328543501614,-0.5304624348897384,-0.03123351167254653,0.05939655455738637,-0.1529364708335279,0.9864494336739709,-6.573908758798837,11.21327926516193,-1.72756307,0.5053048545385405,0.4448810184294658,0.5360824742268041,True,3
-0.5348962685770602,0.7975072226995341,0.2790487620549725,-0.8448341063490877,-0.509478587047548,-0.1633612625115644,0.01188758224684759,-0.3231312412660053,0.9462794969279505,-11.28997006456842,-5.502201562962938,-1.28781751,,0.668892492498594,0.4502164502164502,False,2
-0.8150584757994159,0.5680523494624493,0.1140009179687827,-0.579329338921187,-0.8016251678688839,-0.1475622150292046,0.00756294206470948,-0.1863159105105525,0.982460779572371,-17.8390292211115,5.792234014816557,-1.13828458,,0.1023280366344208,0.3333333333333333,False,5
0.9492076965633104,0.3117368952284277,0.04271834428338157,-0.314079085501177,0.9468883806941394,0.06896899707241036,-0.0189493228300542,-0.07888284135203331,0.9967037777115684,-30.42396558734538,16.5707208062278,-1.04482018,0.2490002485134621,0.1802975975462937,0.125,True,4
0.4608049729425032,0.8857728930159029,0.05536387730006365,-0.8874855148333015,0.4602727599655477,0.0227694399308999,-0.005313931927349206,-0.05962691030008902,0.9982065886856972,1.010494274573887,-21.70035795381423,-2.19153398,0.1861255111065736,0.2078378604019335,0.8163265306122449,True,5
0.2336993666709947,0.971155710878484,0.04734122142151829,-0.9723058728034335,0.2335430533844094,0.008884364233833906,-0.002428112338516436,-0.04810641790855139,0.9988392647600907,-7.740582390688417,-22.60387369830431,-1.48800976,,0.1058234019504879,0.2727272727272727,False,4
0.980473303956321,-0.1938228899220786,-0.03323834489305902,0.1964334423013388,0.9573208198497136,0.2120159206944597,-0.00927377887501959,-0.2144050727583809,0.97670080464841,17.91307486999148,-8.253032679762526,-4.10032802,,0.1360194602437335,0.1111111111111111,False,2
0.008451175160356688,0.9819857357966236,0.1887659723847879,-0.9999295518814928,0.006725502295690401,0.009780536434652418,0.008334801286645717,-0.1888353312037666,0.9819733951470773,24.18255999498376,-6.87658994630479,-4.82447776,,0.263623152435569,0.2380952380952381,False,4
-0.9098445147544696,0.3907132130461426,0.1397359800565458,-0.4147499064177219,-0.8667306404071894,-0.2770568752184913,0.01286367356919525,-0.3100341628441989,0.950638387491165,-2.84492180314561,-34.24895441858041,-1.61673286,,0.511357110377214,0.15,False,1
-0.3756903291650679,0.9145123880680102,0.1500795410506958,-0.9267169854156904,-0.3719849694719572,-0.05313013673050317,0.007239165276316073,-0.159041738411939,0.9872453190210679,-7.490679798796464,-19.71731301544551,-1.54077865,,0.6197460960832755,0.4210526315789473,False,1
-0.8254893743442901,0.5617983438339369,0.05431310808742311,-0.5640762228140141,-0.8245080726513782,-0.04477111779464758,0.01962925624024014,-0.06759481487624112,0.9975197408078196,-2.576308594241596,31.73598996595092,-2.26103102,0.3623234014799133,0.3967803527124953,0.7083333333333334,True,4
0.6949331047502034,-0.7190538110341295,-0.005440290390873588,0.7189491720368673,0.6946510176475116,0.02391760248811753,-0.01341893996356198,-0.0205324260274074,0.9996991305046151,-15.94704641840485,19.89338598202306,-1.34191847,,0.210100813805225,0.3214285714285715,False,3
-0.3334545479868921,-0.9368895796101421,-0.1050998574917582,0.9408266967319937,-0.3235471847939135,-0.1008084615907685,0.06044163418722041,-0.1324957917439779,0.9893390086451226,26.37235297168399,4.463544132408771,-5.05866584,,0.4532009050290637,0.4375,False,2
-0.725246868669909,-0.6753857909599082,-0.1336825076588236,0.688446329409445,-0.7092407261956196,-0.1517209406383069,0.007657088686588682,-0.2020683688135523,0.9793414845281887,12.2023165215378,-2.773791531464525,-3.48495581,,0.2355690104184178,0.4137931034482759,True,2
0.1096108121022241,-0.9864685181731909,-0.1219234699452051,0.9926854239201354,0.1023967141831973,0.06395750199144408,-0.05060749951135597,-0.1280420851816816,0.9904767061448416,-14.8938456378695,-0.7118126230712676,-1.14510437,,0.1873675916911814,0.1714285714285714,False,2
0.4409110541509962,-0.8855878210986301,-0.1460535978647557,0.8974515137420489,0.4325659223538364,0.08641471691952361,-0.01335001159415147,-0.1691772264223444,0.9854952274113157,-31.76726806758501,7.969466601348273,-0.99990377,,0.4275027442596686,0.1875,False,2
-0.4423663345756471,0.8759131443873155,0.1925829419331634,-0.8953815644381552,-0.419128814641995,-0.150409078187049,-0.05102822844650072,-0.238971128436725,0.9696849589816737,7.203407470403818,-9.170704329583543,-2.85986242,,0.5801393587844775,0.3548387096774194,False,2
0.03027160780186249,-0.98271710568726,-0.1826217948404451,0.9993475904520827,0.0261556470934288,0.02490533241579296,-0.01969830497041194,-0.1832565750928992,0.982867745155224,1.343068424721082,-29.01431128666778,-2.17461122,,0.5161306585236707,0.3809523809523809,False,2
-0.8892332538368484,-0.4457719608705285,-0.1027208799240749,0.4574000703891875,-0.8698723582113423,-0.1846814988779482,-0.007028220165767836,-0.2112094678784152,0.9774155537947099,-17.63740493568662,1.750937755245076,-1.08024507,,0.342144764221646,0.2592592592592592,False,3
0.7156696906859793,-0.6983983777615747,-0.007523282091916593,0.6983511991974222,0.7153676226160026,0.02355349426836184,-0.01106780976327655,-0.02211041502840297,0.9996942698316895,-6.862467959515868,-26.61598057229153,-1.50330211,,0.07627329980370194,0.3076923076923077,False,1
-0.07555597949988965,-0.9821067146746801,-0.1725041882179097,0.9969861384343534,-0.0713507897993526,-0.03045824296913364,0.01760493486413495,-0.1742855868565051,0.9845377598053389,17.70492050181031,7.14118039381421,-4.11178248,,0.3013333163716305,0.4210526315789473,False,4
0.3282528354691184,0.922364130187062,0.2037019571598363,-0.9445801224383042,0.3215069990577976,0.06634487057253986,-0.004297476110645061,-0.2141907115192283,0.9767824070886847,-0.8235442166777602,-30.06372692196894,-1.94102117,,0.5914609968163251,0.2368421052631579,False,2
-0.4619252645778665,-0.8511623575214251,-0.249294386385329,0.8869110057439155,-0.4421163300135152,-0.1338731437805845,0.003730661467434046,-0.2829413223160417,0.9591299652763777,-8.559188194907904,-9.61842148078722,-1.44060977,,0.7811828977309137,0.3548387096774194,False,1
-0.6391691145571162,0.7603507739456565,0.1154536424566662,-0.766381623042622,-0.6422523336650499,-0.01308234552184437,0.06420319975536533,-0.09684338109564998,0.9932267156491182,34.13194942445932,-5.006692393241366,-5.91277846,0.502525398375786,0.4000591973369449,0.8888888888888888,True,3
0.9894449176940272,-0.1448852910773025,-0.002647126537312837,0.1443064231826615,0.9834980540842342,0.1091202723638058,-0.01320647862550263,-0.1083504962700673,0.9940250293027556,21.57843738374532,-4.846752274037613,-4.55416125,,0.8643421167550004,0.4693877551020408,False,1
0.9010252440999418,-0.4301973906928095,-0.05553120326212151,0.4335778351227507,0.8894451809907077,0.1445597831441248,-0.01279728037161141,-0.1543291127866217,0.9879366146477135,-13.15648501046371,-1.785000385085567,-1.21525610,,0.07032206540096853,0.3333333333333333,False,1
0.5301703162164387,-0.8478828192007961,-0.003763071494262165,0.847842952425934,0.530087614954538,0.01301723832018853,-0.009042335131833256,-0.01009184700236421,0.9999081911852928,-9.082102096393044,-1.942858905575065,-1.43575190,,0.4011209083709048,0.3027638190954774,False,1
-0.8893851347931253,0.4546349331445071,0.04797040310132943,-0.456982100880902,-0.8870499483761526,-0.06564867523676703,0.01270596251732447,-0.0803085714637914,0.9966890647869846,-8.55587505006406,-17.73500845505816,-1.46314644,,0.06306993377080433,0.375,False,1
0.9927028116509727,-0.1205652331640062,-0.002269866155100681,0.1179384131089923,0.9668069553884001,0.2266601899892108,-0.02513281626849509,-0.2252739123039357,0.97397125521326,-10.97738889749655,-1.345210597321739,-1.32348489,0.4319787324586062,0.6366702574541954,0.1936507936507937,True,2
0.7863558076500644,-0.5910615606224257,-0.1796963420039419,0.61766860480989,0.7468566236112442,0.2463547815655635,-0.01140343839458329,-0.3047153020814595,0.95237521296503,19.98142840919837,14.8184069567011,-4.38894061,,0.5572671891363854,0.3571428571428572,False,2
0.755574621900279,0.6540932272500887,0.03562359900143679,-0.6550121013572159,0.7550735276852921,0.02868997846799212,-0.008132515960996603,-0.04501130807311821,0.9989533744523276,22.87317841915888,-1.405757226361089,-4.69181660,,0.595735067991892,0.6578947368421053,False,1
-0.9990079585041954,-0.03476638338591934,0.02782799726073124,0.03150159787359405,-0.9934090975308871,-0.1102089573232565,0.03147615250773778,-0.1092229990850474,0.9935187911127691,21.65882274436632,-6.409139852484913,-4.53645119,0.5811760079011576,0.1937112689014733,0.4285714285714285,True,2
0.176728749925368,-0.9778952211290662,-0.1117492077947391,0.9842204331470885,0.1765917961388619,0.01120162989071959,0.008779972982576678,-0.1119655037472956,0.9936733054908138,-8.973993254276422,-31.52436621004787,-1.23262889,,0.3354894237328123,0.5238095238095238,False,3
0.999675196426447,-0.02548454160466138,-0.0001994716639074604,0.02473924924998747,0.9685004008107775,0.2477800298165894,-0.006121372092220341,-0.2477044847566617,0.9688162968463861,19.12807724729259,8.31801343957855,-4.25988761,,0.286662020454288,0.12,False,3
0.2279150641148644,-0.9497805106513805,-0.2144101330075635,0.9736658118943454,0.2210864180548587,0.05563885782255458,-0.00544153449345741,-0.2214447500810891,0.975157737170701,19.71382874317345,13.37978374508597,-4.35607724,,0.4047198649910026,0.3636363636363636,False,1
0.6500896195971622,-0.7205304604461552,-0.2412868460179028,0.7597867292916614,0.612051106283634,0.2193571728694051,-0.01037364373281315,-0.3259283646236238,0.9453375527553497,20.49934622710862,13.13985297648398,-4.44664401,,0.5096263215692993,0.2413793103448276,False,1
-0.7319299222243064,-0.6698451004768572,-0.1248444244644961,0.6813357423160887,-0.7174064449644263,-0.1452914277102726,0.007758556264309553,-0.1914041120003805,0.9814806522362226,-17.60448246288485,15.75737771598992,-1.23832926,,0.7578861754533184,0.3571428571428572,False,1
0.04509842584861749,0.9611572935969714,0.2722917350036932,-0.998980618346713,0.04285495367301607,0.0141836918079177,0.00196370914218328,-0.272653827977948,0.9621101984364245,21.60283800704349,10.63239922633335,-4.53717571,,0.1918022781059662,0.4166666666666667,False,1
-0.4520999339870698,-0.8799898391127671,-0.145682987157639,0.8919600660823935,-0.4453680471836375,-0.0778109443595503,0.003590292909896515,-0.1651217296606325,0.9862666597785318,4.357643115902249,-19.59544851386431,-2.52488505,,0.7725285234601429,0.4757281553398058,False,1
0.1644126328251581,0.9318004149291391,0.3235992473807426,-0.9863815761012021,0.1538290940963248,0.05820649566510534,0.004457857737484124,-0.328762218856406,0.9444022082550445,22.54331191932096,-9.91112580606162,-4.61588333,,0.4598378974858155,0.3870967741935484,False,2
-0.6129354806825398,-0.7495605391975115,-0.249938181553759,0.7901106555999263,-0.5790686794004498,-0.2010089959302171,0.005937038648918815,-0.3206843660288963,0.9471675083936983,-26.64493667867987,-5.989792896791585,-0.87085706,,0.1369523414603964,0.5714285714285714,False,1
0.1052190071254599,0.9856077439233052,0.1323115099223947,-0.9944483831753396,0.1041266520576418,0.01516751565745095,0.001172066331151238,-0.1331728780558502,0.9910921303344288,22.97544530153999,29.19624210594051,-4.79623775,,0.6138260491784058,0.5,False,1
-0.1324786136402918,0.9378854701583493,0.3206559866801141,-0.9911767613564343,-0.1267399569789903,-0.03880220421487936,0.004247902413640993,-0.3229672246077223,0.9464006166282167,31.65534417924152,-10.35567017959676,-5.63399888,,0.2821525137709284,0.125,False,1
0.8400896805975069,0.5396782944817786,0.05474182147880061,-0.5423640512303154,0.8374427655655493,0.06731159138635762,-0.009516537533058509,-0.0862377693772441,0.9962291315988602,17.59292714672245,-9.444902161588686,-4.07894311,,0.1031862759361759,0.4166666666666667,False,1
-0.4799151550456966,-0.8650876414128865,-0.1459616957703475,0.8773058389706019,-0.4724652246372869,-0.08432719855733387,0.003988591926343561,-0.1685229485355885,0.9856896605683344,23.96277746978888,-8.080413939468343,-4.77114877,,0.3425484409485328,0.2,False,1
0.9567459610598785,-0.2906215761563261,-0.01327650059396438,0.2906270770142682,0.9527078860608131,0.08878955987997185,-0.01315553502338299,-0.08880756336004941,0.9959619212541709,11.26215554162542,-12.1849989089049,-3.30483173,,0.06690984736569106,0.2,False,1
0.8419704294613726,0.5341608605854976,0.07588129500207773,-0.5394391753519114,0.8359598772251786,0.1008784405376787,-0.009548403441495063,-0.1258700071034588,0.9920007909792684,23.75717725335647,-10.24784126578314,-4.75072661,,0.1907167502378595,0.2857142857142857,False,1
-0.7067456790287361,0.6667321250529659,0.2365984332081829,-0.7073825649472582,-0.6711595956999902,-0.2217086013407331,0.01097506186082738,-0.3240572025463747,0.9459738249523447,21.42529228509954,17.58882614803676,-4.57382855,,0.4461989551032908,0.1333333333333333,False,1
-0.8008529766734558,-0.5971376840886521,-0.04539929508821631,0.5987954150028941,-0.7973388977971686,-0.07546345493753281,0.008863448808319902,-0.08762002225997366,0.9961145370761261,-13.76581751990329,13.31088569518795,-1.35895334,0.8731693638135141,0.6101149673254077,0.1666666666666667,True,1
0.9982025181766714,-0.05897303385766938,0.01067304939435395,0.05848156186448249,0.9974196909474266,0.04163972901246065,-0.01310113077725916,-0.04094070575799384,0.999075682310602,24.33855528186535,-21.34052716077738,-4.81610143,,0.5224441359874009,0.8148148148148148,False,1
-0.2732682526044095,-0.9256454642817334,-0.2617344772344419,0.9619372490151553,-0.2626494017456568,-0.07544548177196575,0.001091364140931864,-0.2723889979740418,0.962186594537156,30.96684570933115,-5.627331281019508,-5.55560426,,0.5393439969580917,0.5555555555555556,False,1
-0.1449425686789226,0.9798081089963916,0.1377233507059357,-0.9894302634699429,-0.144149878937593,-0.01576598021297808,0.00440516907218772,-0.1385528128447475,0.9903452491622571,23.22889790627977,30.74870325833709,-4.85156065,,0.2123551050660248,0.3333333333333333,False,1
0.7468672588732972,0.6241093475016072,0.2295143132447423,-0.6649251008199996,0.7050695920927367,0.2464781544187963,-0.007994243091199707,-0.3366962914368089,0.9415793643714261,9.164938311593403,21.58751647558361,-3.24752609,,0.7433170622036424,0.3846153846153846,False,1
-0.8431304918987643,0.5332443801015242,0.06914770220829873,-0.5375680448155344,-0.8388551073820747,-0.085689591037711,0.01231141030710885,-0.1094191021218312,0.9939194581388883,20.58922843812655,-17.79993896288153,-4.37094431,,0.07064624918722212,0.3333333333333333,False,1
-0.9973453435988845,0.06419519037848169,0.03436921782486842,-0.07162428530935128,-0.9499287564646197,-0.3041468714215319,0.01312354203511408,-0.3058011366457811,0.9520049566418239,22.47837033499428,12.89010045509218,-4.65926956,,0.5787585843127709,0.375,False,1
-0.3631062766961207,-0.8998102548626784,-0.2418580928309852,0.9317448062344063,-0.3500087530408523,-0.09667206861341267,0.002334069212525324,-0.2604522567357576,0.9654839066924742,22.38965287324294,4.74201832116961,-4.63897259,,0.6786948863278512,0.2765957446808511,False,1
0.04089939940164029,0.9953737227230477,0.08693900874203124,-0.9991612303163437,0.04056840248423559,0.005571404904319266,0.002018653342182529,-0.08709395405158131,0.9961980567168087,-19.1289361906953,28.19522221057667,-1.28054121,,0.2494440164348199,0.2222222222222222,False,1
0.9997390990022194,0.01536871473668598,0.01689782629728059,-0.01883372796748843,0.9732140917879457,0.2291279603981383,-0.01292380041154073,-0.2293864297483758,0.9732496294529047,21.48390202499706,-11.88019423907517,-4.49138147,,0.3929987950147119,0.3571428571428572,False,1
