axis_00,axis_01,axis_02,axis_10,axis_11,axis_12,axis_20,axis_21,axis_22,location_x,location_y,location_z,dbh,dbh_approximation,score,reconstructed,number_clusters
0.4915822126057919,0.8518232563409016,0.1809532210444936,-0.8705435715430376,0.4860334484093183,0.07697647090143296,-0.02237896992013955,-0.1953679272146019,0.9804746578679044,36.4112242749739,-0.640432908651519,-2.37400547,,0.1184540326712925,0.3333333333333333,False,1
0.5022865873800694,0.8426853671831759,0.1938802622069636,-0.8644242249623112,0.4950159608595663,0.08792017852909838,-0.02188477636148107,-0.2117559218289713,0.9770775230932146,-4.603317690064785,-13.07568339291578,-2.58227051,,0.5859776568005848,0.60431654676259,False,4
0.5255608663512862,0.8407748964139151,0.1299359431422119,-0.8504639713114339,0.5232180953590818,0.05434940836844333,-0.02228921849841851,-0.1390697603686211,0.9900317128707264,26.52221674073132,-5.188797975481691,-2.42456659,,0.09159804601657352,0.5294117647058824,False,1
-0.1926804114067977,0.9780172423442558,0.0797278667558941,-0.9805495178890549,-0.1888092658019779,-0.05360694092056723,-0.03737515254350628,-0.08850612874064949,0.995374182479983,13.17037856088126,11.33240158153922,-2.58387199,,0.08844201600354706,0.3793103448275862,False,4
-0.8877302941368149,0.4591520331973941,0.03338166087033993,-0.4603504139221315,-0.8859225899169927,-0.05673324489652901,0.003524382709855302,-0.06573108157840088,0.9978311498650698,26.57742933718299,1.107428040756616,-2.43921113,0.314476627680105,0.2500386295046721,0.6521739130434783,True,5
-0.8593732178862675,0.5094269882446396,0.04429239243707413,-0.5112968173682932,-0.8572920836083849,-0.06021501416964339,0.007296364084829812,-0.07439372977873701,0.997202254329959,13.97951651465638,32.22044601197098,-3.17998568,,0.1428680378159641,0.2666666666666667,False,3
-0.9740564598152556,-0.2240621846644048,-0.03178286481085258,0.2262896442090127,-0.9626933197235186,-0.1483730739840257,0.002647643467150676,-0.1517158843467781,0.988420598946089,-5.667983967748,17.29819089392888,-2.48403283,0.6189088316545769,0.3590078444896525,0.4117647058823529,True,5
0.8722042642798644,0.4866118187021364,0.04968560426745391,-0.4891165307980135,0.8686809935292598,0.07847516028104735,-0.004973999611851387,-0.0927484198270753,0.9956771514639894,14.18305917766133,-18.65391155881929,-2.69077369,,0.2371728085462338,0.1785714285714286,False,4
0.9801166823529505,0.1935944104675568,0.0435027954178265,-0.1979822113811214,0.9687401092423557,0.1494845969381138,-0.01320352036719857,-0.1551251268519339,0.9878065914282436,14.56915704385483,-7.636740513524472,-2.53209598,,0.250147028603056,0.1923076923076923,False,4
0.7918596989518483,-0.6068253139630659,-0.06871139286549079,0.6104574817740701,0.7833249110875863,0.1172337264428928,-0.01731704714870378,-0.1347780471859286,0.9907244813139515,-8.978215311614349,-18.25773502924085,-2.60557745,,0.3271134770160709,0.3670886075949367,False,4
-0.9684287785892338,0.2413369755320047,0.0624673117816781,-0.2492578234031685,-0.9414598350692739,-0.2269888024190857,0.004029673991745628,-0.2353929548486963,0.9718919273947697,0.1447914975558433,-8.492294574651908,-2.52102039,,0.3224907866690276,0.2699386503067485,False,1
0.8787754149757006,-0.4746486474223655,-0.04962289324903288,0.4772269794957657,0.8733730765989312,0.09733385389198343,-0.002860083151587882,-0.1092159813041887,0.9940139281479559,-9.911652273940831,0.2939784552825699,-2.31619935,,0.3011111743010445,0.8425414364640884,True,5
-0.8232265747782126,-0.5672183000221678,-0.02369402242960377,0.5673647217957857,-0.8205431294742926,-0.06932708802571533,0.01988162570121226,-0.07051505365875248,0.997312562924473,24.74958229743595,-11.40263073991858,-2.49119365,,0.3940931828455538,0.9156626506024096,False,5
0.9951992731679407,-0.09420933761969191,-0.02651428655010927,0.09714809302976368,0.9837517120316864,0.1509795254178722,0.01185979370321552,-0.1528305263354949,0.988181246287002,-5.021051896139511,1.835133160280947,-2.37835246,,0.4494969142187871,0.2634989200863931,False,2
0.908579708102634,0.414347320063339,0.05290758339277001,-0.4174719407172247,0.9050344351275958,0.0814238905178904,-0.01414541402462315,-0.09606752619696374,0.9952743027288857,26.46839017430642,12.88882262901967,-2.62909984,,0.2210737276035303,0.4736842105263158,False,3
-0.6899037396301184,-0.7221703734691689,-0.05002780954408672,0.7234579852232982,-0.6854152302325356,-0.08255001987841828,0.025325356088795,-0.09314458571856124,0.9953304539148264,-3.3733625121655,17.77914354161737,-2.52197513,0.1825084911212762,0.1577639369135243,0.2535211267605634,True,5
-0.08786702456349954,0.9702492801710342,0.2256007985844642,-0.9959416512975194,-0.08113783476812808,-0.0389471305735161,-0.01948366508457725,-0.2281074003550312,0.9734410103843694,36.20990041912717,-2.039249172876907,-2.35758832,,0.671984544626786,0.1851851851851852,False,1
0.2667881200353643,0.9224321744005893,0.2791827047626664,-0.9635004211562933,0.2619420963574595,0.05525646195248201,-0.02215936460376709,-0.2837344212224903,0.9586468279684115,22.40899182561321,3.262824255519462,-2.47677736,,0.1286130406240814,0.6,False,1
-0.9969787709399174,0.07264041613537768,0.02750818494214711,-0.0772813345123774,-0.9632329710748572,-0.2573127256283485,0.007805487244129497,-0.2586611941864934,0.9659365719294923,5.584304149338834,28.33616120794358,-2.87539327,,0.3425626306630235,0.1666666666666667,False,1
-0.2898897796435468,0.95559288249338,0.05297318742731468,-0.9568676735359061,-0.2882775148168881,-0.03606008587041701,-0.01918778257639508,-0.06114178096025866,0.9979446435653678,5.053767033481677,11.63556132443341,-2.51504982,,0.09273737387361884,0.28,False,5
0.2051071844800936,-0.9777485966761371,-0.04403095016568507,0.9782071166921026,0.2062717201759606,-0.02372370773240523,0.03227816177497188,-0.03820548590836622,0.9987484473674709,-6.070903381318828,34.3125472248378,-2.83740438,0.3837485278649025,0.4907757146745443,0.4444444444444444,True,5
0.9242463652275661,0.3805937135613263,0.03028335452404195,-0.3813451750700037,0.9241010557886864,0.02476077828059208,-0.01856108333201111,-0.03443347045872071,0.9992346182442379,8.481620366770699,7.907276597200479,-2.52361406,,0.1524258006818951,0.5128205128205128,True,5
-0.8565303685819073,-0.4989501374996904,-0.1319260701528761,0.5158243048808151,-0.8193336172138307,-0.2502353096537806,0.01676347789586983,-0.2823848154422255,0.959154732989675,43.16639031470135,-0.4959852020586482,-2.37827776,,0.4361060796926232,0.2631578947368421,False,2
0.9152329266997573,-0.3950340130388679,-0.07935249477491742,0.4025170876006046,0.9052609876656463,0.135950499815722,0.01812964627683026,-0.1563671089232801,0.9875326035999273,17.18485653074873,8.871813901885304,-2.54817810,0.3201043554756409,0.3229741451520302,0.36,True,5
0.05166321392956596,-0.9970799375632109,-0.05623620217805741,0.9985298823914168,0.0524990683192455,-0.01348783885559022,0.01640080174415528,-0.05545670324275175,0.9983263833875143,21.17063107032874,-24.07533336807757,-2.80706066,,0.1862640516691532,0.5757575757575758,False,3
-0.876749646690564,-0.4717414984925965,-0.09364836158700994,0.4806081635684184,-0.8520540533835941,-0.2074118685706776,0.01805131960173664,-0.2268564495722953,0.9737609055348696,-9.905779104328815,-6.109872456767079,-2.40824241,,0.1391723374842672,0.2,False,1
0.1633862681092896,0.9553503206953616,0.2461923884700516,-0.9864094020293662,0.1625841989250894,0.02372487824952421,-0.0173614222167164,-0.2467228060134621,0.968930564081584,-9.612222029762052,13.55215161990964,-2.35847082,0.6090043234378335,0.3577035933473559,0.3863636363636364,True,3
0.1243298521099496,0.9808642586664618,0.1498245438671805,-0.9920147858455076,0.1260999985825597,-0.002335598717250358,-0.02118378007362224,-0.1483377781556982,0.9887098416793582,-8.701625262438881,-0.2749135174740616,-2.33218421,,0.0924036002209124,0.2583732057416268,False,5
-0.9792292654324861,-0.2026083164313506,0.007740531855599754,0.2020998078283944,-0.9784172202055116,-0.04307448062421533,0.01630071766149521,-0.04061543202002995,0.9990418776435485,17.25025093678488,2.138956145013708,-2.48911103,,0.2589406187469412,0.8396946564885496,True,5
0.9846051309125645,0.1725179218255433,0.02811232522662468,-0.1742904151325496,0.9811834336840172,0.08307779882114023,-0.01325093859223771,-0.08669853581830615,0.9961464633844698,25.23147100998693,-4.7241247931386,-2.43445496,,0.1988548826188627,0.44,True,5
0.5438033688067916,-0.8389268178585535,-0.02190183444613454,0.839117299624971,0.543949799315546,-0.0008793717494432535,0.01265122699509233,-0.01790000285749284,0.9997597393140115,8.939152364389543,-1.703320279519403,-2.49444834,,0.1554675120971551,0.5785123966942148,False,5
-0.4249275894860028,-0.9040675382614123,-0.04580862315726503,0.9050403745148091,-0.4232670432705995,-0.04179629862867847,0.0183973963295955,-0.0592190538839804,0.9980754678206339,12.91232701409507,-16.36120567187882,-2.65112346,,0.09190791998224335,0.3023255813953488,False,5
0.9999264261624371,-0.00395470826094292,-0.01146745588983427,0.00685370718462865,0.964194863473697,0.2651061899480363,0.01000844442667482,-0.2651652796531019,0.964151028369855,-6.534319441061541,-17.1584749397677,-2.65496231,,0.3627214773421255,0.15,False,4
0.9998418379808633,-0.01674206401045618,0.006000192973460206,0.01544500110750101,0.9846628744521481,0.1737828403969231,-0.008817650698359068,-0.1736626815648744,0.9847657193809393,-13.26197097252793,2.602605925723537,-2.20728580,,0.2165345223148408,0.32,False,4
0.9823683942443867,-0.1826473685827535,-0.03990334246025719,0.1868764845195053,0.9531234339982223,0.2379766776326355,-0.005433003159939692,-0.241237763033137,0.9704508355210129,18.51507785031464,-18.08077318342217,-2.65533868,,0.4202445811886789,0.2777777777777778,False,1
0.06062417020681156,0.9622152313598961,0.2654553795381792,-0.9966799345659746,0.04387383325927437,0.06858713282171387,0.05434903881672188,-0.2687320883224789,0.9616804285653002,-17.46395873654427,-19.6095164003795,-2.31941617,,0.2546190955347036,0.25,False,3
0.5161695944165136,-0.8564659381859024,-0.005920010746175343,0.8564043519417218,0.5162034894100251,-0.01027343643549659,0.01185477857964137,0.0002329125516077662,0.999929702517418,12.17930592756153,11.6964991473813,-2.58822351,1.152950225797525,0.9434335703516499,1.0,True,5
-0.4737738937568147,-0.8436501395312602,-0.2525722464234549,0.8804174938671557,-0.4472118290298545,-0.1576915231344021,0.02008317921002284,-0.2970791511443646,0.95464163112037,30.20513420208158,1.948001955646077,-2.42924650,,0.4409625973848464,0.3684210526315789,False,2
0.004226126275495902,-0.9932754748904284,-0.1156977564082284,0.9998817103700325,0.005908333924123675,-0.01420059356998845,0.01478868230108796,-0.115624057061821,0.9931829500672888,5.956698157696053,7.834539734714895,-2.49656418,,0.07598158441360879,0.2631578947368421,False,5
0.6504580449565742,0.75865841297099,0.03662982636610107,-0.7592238381341593,0.6508250228059048,0.002439938222541717,-0.02198852792043329,-0.02939731480990838,0.9993259240717516,7.746085645900962,6.271899613434499,-2.50672529,,0.1407179789791707,0.6636363636363637,False,5
0.8596930095602356,-0.499020290548922,-0.1091177296947395,0.5105363480540654,0.8323928029055226,0.2155802843181769,-0.0167501232497844,-0.2410414306536477,0.9703702706078541,-4.73232768682584,19.10885926563967,-2.54142441,,0.2703505991729689,0.3962264150943396,False,2
-0.0142639318962688,-0.9600359738109114,-0.279512914255844,0.9998082456050321,-0.01744499828306661,0.008896294458506345,-0.01341686502306891,-0.2793324202877998,0.9601007169610457,-8.72891880138826,-16.34907779193892,-2.63268844,,0.3007628496074136,0.2608695652173913,True,3
-0.05336910982973651,0.967526906884959,0.2470696714888427,-0.9985543301404077,-0.05012237890192542,-0.01941640777930534,-0.006402177271990317,-0.2477487267108247,0.968803169141876,20.75470859745155,-29.92108456082374,-3.03683549,,0.3368543804473234,0.4,False,3
0.9024408341924496,0.424725834493862,0.07216998195599122,-0.4302803056237869,0.8969207367174765,0.1019414078698128,-0.02143360385786921,-0.1230494110496738,0.992169059720163,15.92393533674328,12.79225893874366,-2.61434962,,0.1588093923870167,0.3043478260869565,False,5
-0.2177274330182496,-0.9736477607304046,-0.06785869830723691,0.9756006222919928,-0.2150969678748247,-0.0440081832678074,0.02825226884269474,-0.07578477707116132,0.9967238719271826,24.43802456757027,3.496858950061494,-2.47314007,0.577417094752369,0.310063167059648,0.4411764705882353,True,5
-0.9805130058189948,-0.1891794859080618,-0.05296572034214132,0.1960086123407202,-0.9239150990385442,-0.3285749741792011,0.01322381594191862,-0.3325537729152367,0.9429915793960072,-1.264233819372805,35.51408462690978,-2.97409733,,0.4968378709869378,0.2631578947368421,False,1
0.4579254301183768,-0.8815610700487502,-0.1146925465119759,0.8875008132948063,0.4608033901753468,0.001594366320428475,0.05144518298107554,-0.1025198291912795,0.9933997572833578,5.590060135769136,-23.24861262357101,-2.79236669,,0.4169234426684744,0.4333333333333333,True,5
0.6916499943356409,0.7151285452490798,0.1010517150049561,-0.7219207318415307,0.6886635140279463,0.06762411836075172,-0.02123069176678766,-0.1197235491313863,0.9925802383235767,-6.586857454323763,-19.14645116428437,-2.62137579,,0.2368830703514613,0.6190476190476191,False,1
-0.2566821945225948,0.9481696406021954,0.1873194695042874,-0.96618341459086,-0.2468059273977791,-0.07467558885517764,-0.02457357085590545,-0.200152858689615,0.9794564680340644,-11.41723851980413,28.11497241083421,-2.53961407,0.7255137819863617,0.6563495912645951,0.8080808080808081,True,5
-0.4355399420948666,0.8775380145804076,0.2005791410049335,-0.900007841465362,-0.4202922077291966,-0.1155004130857471,-0.01705415318509407,-0.2308278429661261,0.9728451381236097,36.48805572800876,-6.415165965231353,-2.33053472,,0.2226237281905869,0.32,False,2
0.8570139174648366,-0.511188463918474,-0.06491147532020314,0.51518694464559,0.8474527971536708,0.1280865670675937,-0.01046696414039619,-0.1432135152598741,0.989636464419432,17.94064375261308,-12.58572152541902,-2.56376385,,0.7575320204819946,0.2048192771084337,False,3
-0.8618903429545569,0.4900886486562469,0.1302234739974726,-0.5064927626170783,-0.844505862421092,-0.1739969245501987,0.0247005695925564,-0.2159235160761821,0.9760978009744219,1.214402354449021,26.37877911968235,-2.78296676,,0.3807911613847652,0.2777777777777778,False,2
0.9528474622200082,0.2975567006570466,0.05951238219885995,-0.3030714220538351,0.9429678685730621,0.1376928174344706,-0.01514684373579027,-0.149236753961178,0.9886854729346308,-3.160501273866601,28.14559702494691,-2.75421257,,0.5144205012700805,0.1967213114754098,False,1
0.8822752658496182,-0.4637034181412978,-0.08105242299932434,0.4707286586684034,0.8698973222785648,0.1472860434692562,0.002210243930099941,-0.1681005315180725,0.9857673793167991,-7.483218883931556,-10.21766112500811,-2.50974658,,0.1089866464198068,0.2,True,5
-0.9847601682518948,-0.1738809248165708,0.00358259814013953,0.1733262173974781,-0.9828997338000768,-0.06217825711951259,0.01433294760967916,-0.06060971275853518,0.9980586302077378,-12.69497051462679,8.735647582640581,-2.25769795,,0.1242237603702157,0.3855421686746988,False,5
0.5884978915645688,-0.8044392371980585,-0.08091813937716681,0.8084945985820389,0.5858608035124008,0.05570998987140404,0.002591464397771543,-0.09820709019215274,0.9951626257794579,12.01856291620993,-23.13665737212327,-2.79505327,,0.245608550362824,0.6444444444444445,False,5
-0.9013134955686377,-0.4331628969205766,0.001971658494209919,0.4326540178295074,-0.9004575201469414,-0.04457303295497841,0.02108277879758767,-0.03932123017144005,0.9990041828220628,4.766864017076841,-16.31460676278752,-2.69200834,0.4361463837608667,0.3970390793662609,0.835820895522388,True,5
-0.4857911599264687,-0.8704347443854741,-0.0796887991118691,0.8739539818369787,-0.4821846212381607,-0.06084758559468337,0.01453913919690097,-0.09920356247639137,0.9949609372349283,24.49194068188149,-17.96308778699839,-2.61090961,,0.369662322610375,0.2156862745098039,False,4
-0.9983966528342548,-0.05592122908408168,0.008771530486904159,0.05505471386817506,-0.9953412831575955,-0.07914991170611198,0.01315682675459347,-0.07854009281836648,0.9968241327986762,-5.86390462584194,19.228096560826,-2.51935403,,0.2178115991266051,0.1071428571428571,False,5
0.5951520501280337,-0.802117712444166,-0.04900216945949372,0.8035913980283556,0.5944767883522473,0.02895191056269573,0.005907812051134807,-0.0566085107888888,0.998378973267683,9.961698075159688,-14.57841464908137,-2.64561910,,0.5518716062427936,0.625,True,5
-0.9455209848189015,0.311722110001879,0.09391162549477056,-0.3255589859982756,-0.9042688964017012,-0.2762410353952194,-0.001189076477055524,-0.2917654694038084,0.9564891515122929,-1.053009467815571,26.70268309154824,-2.77319566,,0.4817553204233201,0.16,False,2
0.09635512506027782,-0.9929832675549256,-0.06855596422312052,0.9951678140528294,0.09741593155203465,-0.01229463920425143,0.0188868141286897,-0.0670400375581102,0.9975715120312308,7.720373067201422,2.693342165014485,-2.48804064,0.6974326285679829,0.5135148388573707,0.9905277401894452,True,5
0.5246702316571706,-0.8432830468144906,-0.1165969595147338,0.8512338755708522,0.5214594052064888,0.05899981188378164,0.01104704003060094,-0.1302067266962978,0.9914253230725942,-10.8964655646194,-18.23261211670936,-2.54332194,,0.2533238387066493,0.3863636363636364,False,3
0.9429505045865395,0.3298263193475364,0.04537559879107097,-0.3319066675291356,0.9205791946563454,0.2058443839787205,0.02612106333392883,-0.2091615295209233,0.9775321706311121,23.9114601849223,2.250058521002302,-2.46459051,,0.4624742050713326,0.2727272727272727,False,2
0.9662325278900538,-0.2570511538766975,-0.01787194275546929,0.2576679426887543,0.9642658327245303,0.06163306864511103,0.001390452351320246,-0.0641569024402398,0.9979388550966098,23.35606481841472,-6.057003601591447,-2.45724914,0.224884722654595,0.2365886683292124,0.2926829268292683,True,5
0.4513766957606976,-0.8913043911928499,-0.04284344482529138,0.8922790103644799,0.4513591986161864,0.01063209704329126,0.009861348140026285,-0.0430273873817241,0.9990252237796421,7.64661611250682,3.705929914441327,-2.49119291,,0.1214014689013572,0.6078431372549019,False,5
0.06992483172616067,-0.9912241250387112,-0.1121840088841023,0.9973724646764681,0.07160381782046128,-0.01100272596770099,0.01893897075488138,-0.1111198776762035,0.9936265335486821,-12.42835799619985,28.53939553779182,-2.52049644,0.236378039727445,0.190779146849223,0.5294117647058824,True,5
-0.1274473803427314,0.9719575007312586,0.1976253577252203,-0.9916628732855569,-0.1210472221855258,-0.04418501723663565,-0.01902395833702919,-0.2016089947730856,0.9792813192519183,14.99499440846455,-16.52245060814022,-2.64729853,,0.5325241042083511,0.125,False,1
0.9686173977018285,-0.2485327358152394,0.003437455095164529,0.2473268923839454,0.9651073715133078,0.08600680062864403,-0.02469301871054201,-0.08245750832318076,0.9962886199029347,-26.3582648353098,-5.386618646481566,-1.85484027,,0.231443193626888,0.3333333333333333,False,4
0.3204639350923411,-0.9391156090284196,-0.1239545851685679,0.9471204772581985,0.3199129699084572,0.02486952437325969,0.01629932094700645,-0.1253697115077258,0.9919761930475628,-22.50325865705537,-7.562386449580515,-2.03010389,,0.1213437043151089,0.4166666666666667,False,1
-0.9869621444913249,-0.1607173876441743,-0.008697508259101525,0.1604617777872072,-0.9782983134546095,-0.1310893884387112,0.01255958639660551,-0.130775881571101,0.9913323991421078,-4.025903041261415,-14.14531488194399,-2.60353923,,0.21544815897647,0.3,False,1
-0.9958457187172655,0.08693154664500723,0.0270963228206467,-0.0906694699823973,-0.9741007569580062,-0.2071394759744046,0.008387593552679144,-0.2087357695550686,0.9779361056749306,-2.959763571848953,-13.37533399030596,-2.59596199,,0.09772738279569353,0.5,False,3
-0.7953746478706163,-0.6051462247535279,-0.03431058424520113,0.6057965326326319,-0.7918342492411379,-0.07751827383917233,0.01974159504636161,-0.0824413027267123,0.9964003718534781,9.332781926972643,2.746525410681102,-2.49473469,,0.09743324480801534,0.1911764705882353,False,5
-0.9468120782027876,-0.3215908908874685,-0.01123331952375325,0.3210062398224527,-0.9415086735371683,-0.1025495570411286,0.02240273564474372,-0.1007011248819304,0.9946644664826152,-19.15766421985302,-17.74809664097393,-2.23946950,,0.1280313263753426,0.25,False,2
-0.1898252925282126,0.9763089230744724,0.1038616630029772,-0.9816850070699453,-0.1869942972967165,-0.03643733898887334,-0.01615256049861627,-0.1088761659118864,0.9939240792362701,-8.092758255550052,-3.19298061132892,-2.37224198,0.3235783108453074,0.1080199762476075,0.3867403314917127,True,5
0.9527793390905981,0.2905542016504027,0.08825976946141062,-0.3032853299829724,0.9250132568405848,0.2288416117892347,-0.01515056497968612,-0.2448034529422992,0.9694543464280951,12.37481334354476,-18.12593044010973,-2.68494033,,0.1669146254590447,0.2857142857142857,False,1
-0.7852977579011315,-0.6159093239594111,-0.06295344387176861,0.6190434557315013,-0.7795523800813213,-0.09530627799650346,0.009624518245361053,-0.1138147238691349,0.9934553725654396,9.340569268023955,16.01745135661693,-2.63140111,,0.2055355304646568,0.391304347826087,False,5
0.9630629813464425,0.2621340702670813,0.06160700581357907,-0.2689707725928817,0.9473500909288446,0.1737311967031195,-0.01282253683518833,-0.1838845682006041,0.9828642063514101,6.838923711025416,14.66010751855168,-2.57958441,,0.3980951888816282,0.25,False,5
-0.05723511178634887,0.9961420552883706,0.06652178338458423,-0.9981867846338427,-0.05585422095016513,-0.02243766887181295,-0.01863558319868604,-0.06768538755087039,0.9975326577866681,20.79927317810092,4.543381640195321,-2.49225930,0.6869907454227131,0.2347756642138791,0.6721311475409836,True,5
-0.1087187951325072,-0.9798106949463394,-0.1677832698862032,0.9928908385431447,-0.09880424221719088,-0.06637397424425213,0.0484562309927824,-0.1738065700388143,0.9835869406866461,9.070468579075907,10.678175010399,-2.55074631,,0.3263151057935345,0.1761658031088083,True,5
0.9400596637325717,-0.3409823838420151,-0.004340798592575391,0.3410056169181386,0.939906752804911,0.01704304145414966,-0.00173143099322657,-0.01750171252034679,0.9998453341420217,12.98770732177485,-7.756650491548783,-2.53592035,,0.4827264551477386,0.9896907216494846,True,5
0.9916536707247591,0.1276865171989417,0.01786478837591458,-0.1283780634592759,0.9906919502924612,0.04526071639033687,-0.01191931879588572,-0.04717640248391951,0.998815456872849,-4.983626751878205,-11.38252787680756,-2.55117051,,0.0733705365293441,0.25,False,4
-0.7476494822661337,0.636233844281415,0.1903332526335677,-0.663786243114929,-0.7246711971345755,-0.1850391296318389,0.02020086925233312,-0.264685004173701,0.9641233185889745,-9.504106856036117,21.33657802499602,-2.46778708,,0.2991287742415099,0.2272727272727273,False,3
0.9182756750642859,-0.3874078314960987,-0.08176158438239388,0.3959201710837267,0.8962846338324753,0.1998025857811082,-0.004123434765035456,-0.2158449148144911,0.9764189521073742,2.90380853354651,25.01776665269375,-2.76307932,,0.3138306570229301,0.2244897959183673,False,3
-0.6299411875555707,0.7589370965564007,0.1648896106236493,-0.7765796201515948,-0.6128209120413409,-0.1462006269823242,-0.009909277788164195,-0.2201477077676722,0.9754162152529338,-13.39669991262895,-3.515116825819035,-2.27946308,,0.2716329723522936,0.2625,False,1
-0.09631737552251328,0.9824782363215946,0.1595602655013592,-0.9924253779939227,-0.08251112392410472,-0.0910152929039971,-0.07625504761046667,-0.1671180109479229,0.9829835899600438,-3.522933128639977,-19.17865917019722,-2.64221924,,0.572006406680226,0.3055555555555556,False,2
0.3818110690690626,0.9167453025644895,0.1174664112088361,-0.9239680484497614,0.3816883679580901,0.02443430394813704,-0.02243552941830692,-0.117864498435422,0.992776211957301,-15.42849030955989,-23.16737412329493,-2.42470988,,0.6695044990700092,0.2580645161290323,False,1
0.3538900606450591,-0.9058635413773114,-0.2327510888910995,0.9351545612737666,0.3468965788517522,0.07175451281849321,0.01574075936877851,-0.2430514513108408,0.9698856739380104,3.728609358493429,24.79548798147141,-2.76659329,,0.2668851219139793,0.4,False,1
0.2209076571849971,-0.9733201650997444,-0.06202953495909628,0.9751321469059687,0.2215849144354932,-0.004173938807761318,0.01780738800587125,-0.05956493855298634,0.9980655865360688,-24.52709183745736,-14.99257439730374,-1.98461528,,0.2060785780317728,0.375,False,1
-0.1032898690625611,0.9684920401881342,0.2266150282776167,-0.9944638699442401,-0.09613164223287793,-0.0424301630580879,-0.01930840036266536,-0.229743063995055,0.9730597670346871,-6.73198976824051,-4.097649251362839,-2.40605565,,0.5783508969783269,0.4334975369458128,False,1
-0.928162675852387,0.3720333232664649,-0.01025931449197503,-0.3682235098886452,-0.9219658659965603,-0.1199599462424761,-0.05408783522957971,-0.1075646239082386,0.9927257213166462,12.91195516700816,-10.50073089581554,-2.57456361,,0.1489791825377402,0.2619047619047619,False,3
-0.9396845564258262,0.3364089997769697,0.06182167325346148,-0.3420372030632054,-0.9251811867180082,-0.1644698253898206,0.00186711957264806,-0.1756950671251679,0.984442866423636,3.727675207883465,-30.61444863692441,-2.97115073,,0.6889497532568586,0.3461538461538461,False,1
0.081799867675429,-0.9773917580182242,-0.1949721339225854,0.9964426636512385,0.08418111291352723,-0.003944399100464887,0.0202681943918574,-0.19395590113911,0.9808008506875434,-1.18639925409434,11.20480233223441,-2.46392043,,0.3354611383689681,0.3707865168539326,False,3
0.2653720668575865,-0.9254448035053126,-0.2704248172722817,0.9639933287761355,0.259672122767189,0.05733455095043361,0.01716182411163322,-0.2759027080740531,0.9610323446536886,-1.615685039056245,29.51166505581,-2.80939200,,0.2134031475039239,0.2352941176470588,False,1
0.4147016601253012,-0.9061180529376565,-0.0835021390731292,0.9098331841730695,0.4113791177497249,0.05450503148288307,-0.01503695670045697,-0.09857634411930111,0.9950158764126633,7.642305713406301,-16.05108626216443,-2.67704238,0.1540998737052429,0.1515482938029699,0.28,True,4
0.8437485488342774,0.5332608564863871,0.06100201045420973,-0.5367351949576759,0.8386842981451071,0.09232539487375288,-0.001927909177407994,-0.1106413439192311,0.9938585292595471,-2.893403174171908,30.02052918228205,-2.78759581,,0.428147367339759,0.2962962962962963,False,2
0.1182310810685656,-0.9467714201505546,-0.2994082321103749,0.9928017450722066,0.1185176102442021,0.01727052528397361,0.01913390840730928,-0.2992949282031107,0.9539687832947971,-16.36188792871644,-16.28725391408284,-2.34827641,,0.5977791817785558,0.36,False,1
0.8131797720455801,-0.576324256653209,-0.08117271419032526,0.5810072536371687,0.8120351771062413,0.05504037030244292,0.0341939988432623,-0.0919196515178406,0.9951791537748095,-17.60542726429594,35.44234827493375,-2.50609543,,0.3090243301039732,0.25,False,4
0.9449322128796228,0.3043375015044638,0.1203403433618189,-0.3268960916276382,0.8952168099862807,0.3028626890136242,-0.01555822422369141,-0.3255234988384234,0.9454059410449023,22.09123948137716,6.549271923176036,-2.50934941,,0.1786651450214889,0.3333333333333333,False,1
-0.9561382218739889,-0.2871368912772684,-0.05789737765455906,0.2924183362307868,-0.9241670197378156,-0.2457780223391508,0.01706509032109012,-0.2519280161009327,0.9675955029844769,-3.570046773475951,-1.004890054701718,-2.39681761,,0.3054706738500664,0.2986577181208054,False,3
-0.909919215711686,0.4049251437787672,0.08990355284623426,-0.4147286213638604,-0.8917563192742869,-0.1810271738055049,0.006869606994781256,-0.2020056805392397,0.9793602572749298,-1.715167056175403,-16.50594170025573,-2.62628829,,0.781968350684013,0.7037037037037037,False,4
0.9651936088755658,0.2451922552525065,0.09100579844136661,-0.2611392543824883,0.9226710126087916,0.2836978891568015,-0.01440788694843559,-0.2975885758150951,0.9545854871817526,-9.13799495024358,17.87664387061051,-2.43616432,,0.4366641035981454,0.1515151515151515,False,1
-0.9804671745449319,-0.1926406659724311,-0.0396698053130505,0.1962374538499817,-0.9445776298138745,-0.2631804760267724,0.01322805149495975,-0.2658245193147173,0.9639306736403533,-17.82387120276087,-17.34231414348193,-2.29801251,,0.347930884939329,0.375,False,1
0.9918754966184589,-0.1265811675530399,-0.01265729942738293,0.1270335904681843,0.9802924137404444,0.151291937841031,-0.006742855526174888,-0.1516706681723331,0.988408084910029,2.725705453295575,24.01896807771413,-2.74324860,,0.4981357794878843,0.2333333333333333,False,1
0.9729703096494876,0.2246033610001116,0.05368525652387039,-0.2300315780184089,0.9631200868282522,0.1395892956580145,-0.02035312396023869,-0.1481655444946412,0.98875311467002,11.16833842732092,6.317950861454221,-2.51809893,,0.389059262886756,0.2083333333333333,False,4
0.4099941737365717,-0.8620090254494132,-0.2980691489332959,0.9119690291070612,0.3927137280178902,0.1186946408891949,0.01473999496575145,-0.3204939435777905,0.9471358744543288,-19.6446301363261,-21.33584191590981,-2.22242405,,0.1948667654843318,0.2,False,1
-0.6370994941067721,0.7691112310832217,0.05071635663714996,-0.765671122597928,-0.6239394925561764,-0.1563561372264291,-0.0886113233651546,-0.1384464656478905,0.9863977947669408,22.67256300356303,5.409739580948951,-2.49544936,,0.4099766717390845,0.5,False,2
-0.7649964240294552,-0.631436050934265,-0.1267634994889578,0.6437136985571379,-0.7434461425528319,-0.1814400931801041,0.02032598120722642,-0.2204004235564336,0.9751976762606179,6.496698840399063,-18.15087641099447,-2.71628565,,0.5444950182178452,0.1052631578947368,False,1
-0.4097526722789726,0.8643808636674728,0.2914592082705822,-0.9120774900681035,-0.3830588861493581,-0.1462208666814748,-0.01474447935023656,-0.325747774002351,0.9453417308366344,-14.66833662719034,-26.27169450347088,-2.45386945,,0.3244000629513256,0.1875,False,1
-0.1711872453863001,-0.9628282425888057,-0.20894186342235,0.9850343519022924,-0.1715758479253877,-0.01640286502767465,-0.0200562356757829,-0.2086228743020226,0.9777904907128526,-14.58646416183177,-6.836345950829752,-2.30059919,,0.2491042276547326,0.1176470588235294,False,2
0.1681298063590149,0.9797559427481645,0.1086768644346007,-0.9855264268840693,0.1694891924381943,-0.003327996359475038,-0.02168017820037549,-0.1065443865077144,0.9940715585796104,4.11510484471637,-17.8301275959445,-2.71048493,,0.7259800796619773,0.2857142857142857,False,1
-0.8569586149514944,-0.5151844722035402,-0.01438373598117876,0.501277017287714,-0.8266901410159985,-0.2555479655291379,0.1197634510171998,-0.2262042668636215,0.9666893738182616,17.51943587488938,4.861402268988172,-2.50375745,,0.3873607696932302,0.28,False,2
0.4642937410681778,0.854537456754861,0.2328026138337984,-0.8853973326875921,0.4544791424747748,0.09757188286124972,-0.02242510367003532,-0.2514248278478605,0.9676170061894639,-11.61315179561569,14.51068660019664,-2.33878624,,0.7602786060593305,0.3448275862068966,False,1
-0.8472926675938087,0.5040354779852837,0.1674615549130999,-0.5311246532135626,-0.8032902358391896,-0.2695021331162167,-0.001318404543144403,-0.3172901415700854,0.9483275952285133,4.144516006142396,26.87387201022,-2.80969678,,0.5808589963273528,0.3207547169811321,False,3
-0.636837719442611,0.7508738305455291,0.1750034562430656,-0.7701976555590071,-0.6092328440537335,-0.1887615244100568,-0.03511823552719682,-0.2549977104369437,0.9663037189234931,-12.85414380269771,0.002837654204313367,-2.23674034,,0.1929111037614978,0.2142857142857143,False,2
0.171355599823466,-0.9446376796776348,-0.2798158547016132,0.9850359938039951,0.169596338977814,0.03067853835987143,0.01847564125317123,-0.2808856278604808,0.9595633979793663,-18.80215296825691,-22.28554095081375,-2.24862061,,0.396221415322592,0.2307692307692308,False,1
-0.5067604419225538,-0.8457386629426059,-0.167092694354095,0.8617568991849894,-0.4915975530096972,-0.1253271422396187,0.02385165003788255,-0.20750412014929,0.9779433209095194,-14.24002218526101,-8.820572522137638,-2.34860598,,0.5001442306799047,0.2857142857142857,False,2
-0.6549886786346277,-0.7278427661181183,-0.2030633858429187,0.7553314411180414,-0.6229759925793259,-0.2034092592001305,0.02154634351824937,-0.2866109217725827,0.9578047476399685,16.82886221335923,10.83450496856813,-2.57979157,,0.3058882146453464,0.2,False,2
-0.9513052025332837,0.2989115930038982,0.07530120318415266,-0.30821871456378,-0.9259001711432583,-0.2184264111080366,0.004431210417072591,-0.2309994213082745,0.9729437967989122,0.3530591883449574,0.8967132202992616,-2.42126953,,0.2267282569796034,0.2311926605504587,False,3
-0.6656756601023996,-0.7251422857071987,-0.1761947247410456,0.7459321010249808,-0.6397917478121808,-0.1850724725395205,0.02147594486143097,-0.2546275415401349,0.9668007027725698,20.10304934462641,2.913389510830825,-2.48211959,,0.1932030300550856,0.1818181818181818,False,1
0.9332413060822516,-0.3473475349761104,-0.09170798530070208,0.3592471935582539,0.9012796623191285,0.2421495905642559,-0.001455521354184296,-0.2589298365116274,0.9658950363376191,14.30894423897013,-9.230177188834489,-2.55268443,,0.407371280218647,0.7058823529411765,False,1
0.1981726499929966,0.9246930980955168,0.3250696465824962,-0.9799045246495662,0.1945831792824149,0.04386922510890787,-0.02268751564322739,-0.3272308981053949,0.9446720150184803,-0.6247306882867179,27.94886335354332,-2.79972138,,0.4990367725322657,0.1081081081081081,False,2
0.972380170740515,0.2330515373794008,0.01279783090003322,-0.2315641527272097,0.956400820445593,0.1779761608270235,0.02923776192490554,-0.1760240085218347,0.9839515748762887,-12.16829960665439,29.56899394506434,-2.54957587,,0.6161209566942509,0.3461538461538461,False,2
0.653938155441827,-0.7419095118442962,-0.1481052500497497,0.7564440839231032,0.6444416722573012,0.1117464941550749,0.01253940808324336,-0.1851086364629456,0.9826380594866814,0.895200163634911,24.78546480746286,-2.75016277,,0.1637903538559985,0.2058823529411765,False,2
0.1277351534150153,0.9683631742200687,0.214374656609579,-0.991576908821598,0.1293553758440458,0.006513112316659,-0.02142345616015858,-0.2134009127315956,0.9767297916883029,-16.72739533993962,-1.515449654184721,-2.14976020,,0.5271233700591303,0.2285714285714286,False,1
-0.008617718987235744,-0.9844133334358253,-0.175659112696219,0.9995868976178429,-0.003663872054884231,-0.02850631776116315,0.02741840677705406,-0.1758322069341433,0.9840382441625304,16.17549071708726,-7.699776044009724,-2.52452002,,0.385121168247582,0.125,False,2
0.9316592520446642,-0.3545383109533654,-0.0794583170342233,0.3633306973787378,0.9082839620548634,0.2073910524014929,-0.001357358411210383,-0.2220874385017159,0.9750258084983646,-7.004026220435776,-21.01978798163847,-2.61401742,,0.3843561524492987,0.3333333333333333,False,1
0.7308960791361143,-0.6743590964505086,-0.1050272847307326,0.6823922118265787,0.7246761437564205,0.0958402624618446,0.01148001489052576,-0.1417190731862827,0.9898403475072819,32.92717749320434,-19.24381523436242,-2.54476332,,0.6902175373296696,0.4166666666666667,False,2
0.691084191921819,-0.703590563914825,-0.1654175264165966,0.7227427808322793,0.6748484908229126,0.1490717518138885,0.006746290135394835,-0.2225754541813991,0.9748921246811638,16.52744226079756,-13.41391595844166,-2.58780638,,0.24705597623432,0.25,False,2
0.2088568029116329,-0.9606875801529987,-0.1829158528321308,0.9764007908575081,0.215357810626204,-0.01620212995626298,0.05495754261575935,-0.1752152583026443,0.9829950568378122,-10.13922652221123,11.95054238583469,-2.33793137,,0.515007574924641,0.1102362204724409,False,2
0.9225380919717611,-0.3691653450066329,-0.112429608676875,0.3858883877079552,0.8852640925505679,0.2596105519287946,0.003690676530993351,-0.2828859036550818,0.9591464666149746,-12.53916222448998,-20.68084663049908,-2.49351699,,0.2766920576957852,0.1578947368421053,False,2
-0.3700204547281155,-0.9222942108280417,-0.1116165388993874,0.9287529864183969,-0.3643335048708807,-0.06840312454419802,0.02242216095089255,-0.1289747490851593,0.9913943518079537,-23.88126773021696,0.07307924348233996,-1.93192895,,0.6224095389587356,0.5769230769230769,False,1
0.765486565039372,0.6304487463174653,0.1287039121820306,-0.6433772143980322,0.7529772853680557,0.1381700680798194,-0.009801976211553057,-0.1885724953074809,0.9820103539555266,24.45260781329415,-6.228129064683088,-2.44682686,,0.2289411833710564,0.2222222222222222,False,2
0.8560136239246214,-0.5140780300789657,-0.05444680565071705,0.5169472792018662,0.8517494608196092,0.08537193051168956,0.002487203494860571,-0.1012256636611233,0.9948603815788125,-6.568355844532164,-13.80108423322375,-2.58226525,,0.3871159192646739,0.5797101449275363,False,1
0.2602714472782146,-0.9482644714210471,-0.1818055718955456,0.965381593227577,0.2589368159739889,0.03146593063359582,0.01723813183292458,-0.1837014359601344,0.9828309260687191,1.903647717894501,2.575455401033025,-2.43413717,,0.6308143508563009,0.4979757085020243,False,1
-0.9271498381440395,-0.3712619869416009,-0.05057385373547559,0.3743335194200843,-0.9118968334824886,-0.1682812566009213,0.0163582966123007,-0.1749534284796568,0.9844408077660937,-14.11327047959577,-5.411479712399114,-2.29816191,,0.4431816005129063,0.3043478260869565,False,1
-0.1615520219264961,0.9863302210082046,0.03245981111108075,-0.9866888692475442,-0.1608159371445449,-0.02415180455626645,-0.01860159978236587,-0.03592950718041953,0.9991811902749714,25.95178378007591,-8.256117583505159,-2.44489367,,0.1653509908507548,0.125,False,1
-0.9067445965801735,-0.4213253733631819,-0.01729642544093432,0.4213323862521119,-0.903568331481951,-0.07773860455413413,0.0171247443122363,-0.07777660382980457,0.9968237271598938,2.138877625518433,-0.01150094059590856,-2.44301038,,0.2714712588942358,0.2066420664206642,False,1
0.996800924572639,-0.07835232452326645,-0.01577434667212498,0.07954706964430894,0.9534231526849515,0.290957996341896,-0.007757608016336826,-0.2912820028187256,0.9566057779209661,8.187271769256142,-18.14246307340932,-2.70730327,,0.5435273599463567,0.1304347826086956,False,1
0.03423257733888032,0.9821411565614586,0.1850050789488194,-0.9991995195452223,0.03746764706366997,-0.0140176875450144,-0.02069905286081833,-0.1843771244260893,0.9826375858876111,-4.789932275168667,29.85262367931372,-2.74915354,,0.1105260290677754,0.1428571428571428,False,1
0.2842867007876848,-0.9215338022919383,-0.2644929545160258,0.9585908153242916,0.2780675182228611,0.06149881369009332,0.01687366383342816,-0.271023811763361,0.9624247362397202,-6.02979959226144,15.33425557958233,-2.45352898,,0.78998563517299,0.5225806451612903,False,1
0.7865824400902947,-0.5877544182576108,-0.1892955592724147,0.617463460221966,0.7512602365401683,0.2331242850591239,0.005190398088350967,-0.3002545600191086,0.9538449868586704,1.178602352350595,-12.56249308121122,-2.61506035,,0.4280253974090935,0.2203389830508475,False,1
-0.9994313338958811,0.02805362557376201,0.01870836495438613,-0.03256706345696181,-0.9468914227270808,-0.3199000155418472,0.008740435051504515,-0.320327375754947,0.947266581874954,-7.975910789977831,22.0283654837024,-2.52417158,,0.4538630037365388,0.1612903225806452,False,1
0.2779502974006594,0.9286802862836725,0.2455535746898451,-0.9603388961466254,0.2745514831255138,0.04868970796237796,-0.02219992618829901,-0.249347967670998,0.9681594673893228,-13.56846113770092,-16.50422193825628,-2.48237440,,0.5747958574779438,0.3611111111111111,False,1
0.9664331834519103,0.2515312881914991,0.05233462509401807,-0.256518395476619,0.9560560951170121,0.141968502745193,-0.01432531692868295,-0.1506278661149261,0.9884867380215866,2.343318986580982,27.78072676886683,-2.82711558,,0.3054764886061184,0.375,False,1
-0.9429335467901273,-0.3319129740269922,-0.02664777683688335,0.3326127118495397,-0.9351069873639795,-0.1222444522224128,0.01565599737755595,-0.1241317842279731,0.9921422226125115,6.999960448473871,30.68605118910421,-2.97653733,,0.6158956918319907,0.2,False,1
