axis_00,axis_01,axis_02,axis_10,axis_11,axis_12,axis_20,axis_21,axis_22,location_x,location_y,location_z,dbh,dbh_approximation,score,reconstructed,number_clusters
0.2649162359748253,0.9428920113508698,0.2019258350178113,-0.9640730162271419,0.263237181161398,0.03562872207784915,-0.01956035019190584,-0.2041098757652627,0.9787525485614111,37.65300741562049,15.63010558282434,-2.42279073,,0.1402984903253276,0.2857142857142857,False,5
-0.06629726187854107,-0.9712320356161017,-0.2287203665186177,0.9977871243469207,-0.06569187987579735,-0.0102679796399063,-0.005052480075158502,-0.2288949757233357,0.973438011654416,-19.50036541489948,23.38926760613208,-2.59640051,,0.650357675921038,0.3636363636363636,False,4
0.9934148036689106,0.1108458421368296,0.02898667163436679,-0.1134507524373259,0.9870076878245053,0.1137750014138861,-0.01599858190172336,-0.1163143303995782,0.9930835926148579,11.35915484393553,11.60953991276449,-2.56401072,,0.1730234253872873,0.3294117647058823,False,5
-0.4687933325936978,-0.8823306640120216,-0.04153806278341021,0.8829082975711965,-0.4666485472701615,-0.05207755188733777,0.02656594428258012,-0.06108790939909252,0.9977787920825049,22.66499929997661,23.80448787007941,-2.67688057,,0.2348712232934644,0.3333333333333333,False,5
-0.09842437694653043,-0.9932431964395432,-0.06148654120412089,0.9951042561441743,-0.09767645795944475,-0.01506084208290627,0.008953291374501036,-0.06266787284610499,0.997994276680236,22.05782074205854,-8.528095182830441,-2.69810800,,0.1089811805065304,0.3333333333333333,False,5
0.4924063161793569,-0.8599754141347588,-0.1340832087564432,0.8703651605537915,0.4864019841944998,0.07666548810139276,-0.0007120960935393744,-0.1544519240909684,0.9880000486152569,-10.45160945492341,7.980299271161812,-2.38395497,,0.4829800206812703,0.1970802919708029,False,3
-0.7116377777923666,-0.7018078462218009,-0.03220900806077902,0.7023910235927961,-0.7097674516048416,-0.05363780959950475,0.01478253006106454,-0.06079400976976085,0.998040863482607,31.44370563744241,-10.51901529775859,-2.78894026,,0.08950357389510406,0.4210526315789473,False,5
0.9883579905913303,0.1491038701405947,0.03027405396318244,-0.1520974308726238,0.963243087879353,0.2214252135024318,0.003854083057798034,-0.2234519849134189,0.9747073183689748,4.779258493182738,-12.54429210178205,-2.63038568,,0.5506196335844391,0.4117647058823529,False,5
-0.9980738655723463,0.05908141091854086,0.01891945415040368,-0.06060064910299617,-0.9937632037134974,-0.09360692428117814,0.01327102821073876,-0.0945731559638422,0.9954294540454734,-3.988127919758654,25.34196511083314,-2.81046405,,0.125569949689835,0.3225806451612903,False,3
0.2675890987241309,0.9558949797111492,0.121082046592497,-0.9633254409078523,0.2680196067670008,0.01302249162613165,-0.02000422814551502,-0.1201260927171215,0.9925570778070238,-2.516256302974455,-4.952538843909792,-2.41897390,,0.09251479366989061,0.3123359580052493,False,5
0.09581827577568858,0.9913944403899008,0.08919597295488903,-0.9951469555622946,0.0974244273950864,-0.01382091827034536,-0.02239184812538128,-0.08743880437617339,0.9959181997668257,-10.71751158825174,9.946255374983764,-2.41301386,,0.7063121898489002,0.7171052631578947,False,4
0.9633463752763604,-0.2682580265039139,0.001180024628253141,0.2672056387962896,0.95993829113188,0.08437786329525303,-0.02376778991334046,-0.08096979952445853,0.9964331305850906,2.55533443857388,-19.02169819332812,-2.66056619,,0.2150418736974954,0.2941176470588235,False,4
0.699794709985718,0.7031445004298013,0.1259967277008847,-0.7140799890246644,0.6933637525744095,0.0966254412174601,-0.0194199163371214,-0.1575897145478058,0.9873137032970833,30.07484354913618,7.315995721016407,-2.47116920,,0.09795322144484572,0.3043478260869565,False,5
0.6154818047895164,-0.7804854798621614,-0.1096565716105078,0.7881046104788572,0.6109706960776875,0.0748727685898801,0.008559843164883577,-0.1325036763968334,0.9911455517865755,0.7196882806907752,-10.98522159437863,-2.55376073,,0.1044885767205471,0.3130434782608696,False,5
0.3687452401082653,-0.9251243074169396,-0.09039891439517266,0.9295280662213625,0.3667738560094003,0.03813807355871596,-0.002126500475442255,-0.09809156117793072,0.995175122087266,-13.63518043000431,16.93201168343347,-2.52224927,,0.2003720348422686,0.3142857142857143,False,5
0.5033793446056155,-0.8613103900183174,-0.06894670021775354,0.8640525328868786,0.5022043435670318,0.03469895840192157,0.004738758929581402,-0.07704030989619896,0.9970167174199773,-15.79920333698487,30.16881439204485,-2.88429312,,0.4561117457128676,0.2291666666666667,False,5
-0.317146836163134,0.9461083057050869,0.06555118753739965,-0.9483075524340173,-0.3155322428708637,-0.03394392000763574,-0.01143111142088893,-0.07292789305013093,0.9972717042546384,20.82380569263307,13.78600488801118,-2.53909692,,0.2253658325667467,0.4605263157894737,False,5
0.4252382026876131,-0.8870917952221794,-0.1795567259238708,0.9044248363638595,0.4240392538820535,0.04697261473835249,0.03447007895573764,-0.1823701127286019,0.9826255419233426,25.2023367003581,-2.879720029988448,-2.60983847,,0.6365893422496565,0.4823529411764706,False,2
-0.1737659883372328,0.9466638994410119,0.271353722643202,-0.9839590682403592,-0.1556024333373755,-0.087249268002964,-0.04037243273262225,-0.2821619113817928,0.9585169390473098,-2.557041033422877,-20.91279985327634,-2.48686262,,0.3881105176990293,0.2926829268292683,False,3
0.9952831974308205,0.09453063765196536,0.02180173059636063,-0.09635080415622109,0.989409302565559,0.1085622150436539,-0.01130837965108098,-0.1101507627837767,0.9938505571804144,13.0046660123038,19.39099306589878,-2.66136974,,0.1213119657208832,0.3333333333333333,False,5
0.7179634640564195,-0.6944971655620448,-0.04692708499781704,0.6959946697425516,0.7173018694983371,0.03270241128948781,0.01094915385144804,-0.05614013751743476,0.9983628603816654,18.11840917066746,-17.84506161008881,-2.83964014,0.4590511166175989,0.4821214798851348,0.6971428571428572,True,5
0.9693122561095269,-0.2300529780484215,-0.08665666418061774,0.2427667416289952,0.9512789093031324,0.1900861538194826,0.03870477121364357,-0.2052901946175118,0.977935517648891,21.45340627806178,0.797099556782598,-2.57097608,,0.4176736786246935,0.2333333333333333,False,5
-0.9848435281740643,0.1661697061201041,0.04970768332582375,-0.1734451626861952,-0.9434936437746263,-0.2823765565652339,-2.354615497520985e-05,-0.2867182814625494,0.9580149406563251,20.69917621059767,11.99945209389739,-2.52928008,,0.3815585105037351,0.2,False,3
0.3646905433250011,0.9304449151150602,0.03568007211095302,-0.9308456400888202,0.3652568010306126,-0.01067069016123434,-0.02296087840107707,-0.02932113976998204,0.9993062937986728,10.03906736490796,16.82968498748403,-2.63494186,1.244302429917026,0.9208422755570268,1.0,True,5
-0.6665354621297386,0.7340066841106904,0.1302484756314877,-0.7454138123416832,-0.6540229575750187,-0.1288883987605725,-0.009419452942440912,-0.1829977012032001,0.9830682149579503,-9.544141414941237,16.43052309532158,-2.56589408,0.7411500245701675,0.1898174087978616,0.3741007194244604,True,4
-0.6241400552072143,0.7808112139527131,0.02798284566704864,-0.7812656936372534,-0.6233103322593154,-0.03328882161151089,-0.008550288383249898,-0.04263892428840249,0.9990539598560685,3.563175900803287,13.90763954240714,-2.56186596,,0.08712879074565112,0.3131313131313131,False,5
0.997979096854589,-0.06353337589980335,0.001110129755314641,0.06311147536074571,0.9930820925670895,0.09901969046791312,-0.007393505196408947,-0.09874951933728911,0.9950848549302546,-0.8085608323233942,-26.04585240473011,-2.49656288,,0.4587583618733349,0.25,False,1
0.8470563564709238,0.5226356267053355,0.09668262853545342,-0.530251686235943,0.8434383892603017,0.08628344433277181,-0.03645103847824179,-0.1243530667909269,0.9915682712620191,-6.81401484421923,-22.67956632740129,-2.28492135,,0.1842319878119564,0.36,False,5
-0.7328273505708578,-0.666079601061384,-0.138931779320664,0.6789976699767895,-0.7027234064528507,-0.2124664166154112,0.04388893278936216,-0.2500355556180161,0.9672414292747192,19.66505246304217,-13.16723091091495,-2.77070161,,0.287231609781903,0.1724137931034483,False,4
0.9885208305554851,-0.1505258736622891,-0.01298186874448283,0.1510523550944151,0.986430649012566,0.06432542816863909,0.003123071937230921,-0.065547967526481,0.997844532166621,23.93488265516061,-15.15264535195286,-2.84295483,,0.1119549346221337,0.4285714285714285,False,5
-0.1443963633301391,-0.9559156729995011,-0.2556851899718533,0.9894741926026306,-0.1370018545813564,-0.04659736059738141,0.009513802100315964,-0.2597223863188946,0.9656364583084133,24.19034244860057,-7.95089588499377,-2.69502974,,0.6749129036654874,0.3272727272727273,False,4
-0.2550588390079969,-0.9495846202868247,-0.1823020503412391,0.9669232328714974,-0.2500726559993458,-0.050230752082414,0.00210959171994062,-0.1890838851836924,0.9819586722396292,-8.398610928866788,16.945910288297,-2.59396998,,0.3616754211409656,0.2985074626865671,False,5
-0.9007848085169814,0.431573785737135,0.04827832028502404,-0.434232647443177,-0.896505099917952,-0.08786702291299818,0.005360656630982135,-0.1001133022411179,0.9949616023117998,30.83587557785108,0.79595697392989,-2.53826860,0.4155663935007788,0.3487378709181373,0.4810126582278481,True,5
0.9992109216918287,0.03596604180658816,0.01685164112287009,-0.03822906545950964,0.9859804678994722,0.1624224598841893,-0.01077369601667779,-0.1629385183359212,0.9865774002665153,-10.44306945501665,-13.00407344797452,-2.19740702,,0.1870964503968871,0.4166666666666667,False,5
-0.8084292049626388,-0.5842882250994764,-0.0710597676155663,0.5884588694808907,-0.7997512568613646,-0.1188027191521253,0.0125848914475612,-0.1378593383081833,0.9903718611453387,-26.22024539030093,-13.11901266756354,-1.71614677,,0.3843057269944227,0.6176470588235294,False,2
-0.05460897666893293,0.9848106046175207,0.1648209109914327,-0.9982390661953559,-0.05001584245070656,-0.03189329436371009,-0.02316519778884046,-0.1662723324453589,0.9858077323061453,-18.08201704864678,22.42034141432663,-2.58819442,0.8013990609866865,0.6288626489900572,0.8263473053892215,True,5
-0.6077466885323048,-0.7795089209127831,-0.1516898308898953,0.7938154338998047,-0.5909355351075865,-0.143708908038346,0.02238346444322594,-0.2077523418989487,0.9779253268808514,-13.87552118126411,-14.62178665354486,-2.08472161,,0.1141522441918954,0.2542372881355932,False,5
0.8041382511492059,-0.5881371594040625,-0.0863501868371873,0.5943175673321179,0.7984177991815425,0.0965176000040195,0.01217793903460049,-0.1289329270521019,0.9915785385548879,27.55251656460797,5.260219213542655,-2.50110703,0.2288995966519667,0.1896550711678202,0.2888888888888889,True,6
0.5574008545181872,0.8215298054569345,0.1199711053891147,-0.8299996833584841,0.5548905634546855,0.05654191554729777,-0.02011996538791332,-0.1310924915272915,0.9911659526325328,-18.31785768692583,28.18377636757981,-2.79631579,,0.09239858779595564,0.5,False,1
-0.9947096561764287,-0.1023668053083092,0.008587029774206984,0.1017624391560183,-0.9933517451476143,-0.0538211518755236,0.01403944038735368,-0.05266258238219274,0.9985136686748209,7.491521881142205,14.65215243626562,-2.59736915,0.637036714810801,0.4702393354211069,0.3421052631578947,True,3
0.999547365494156,-0.02847963161081243,-0.009694055756197537,0.02909630725909933,0.9970593761592649,0.07089432499700755,0.007646504925515457,-0.07114429700411457,0.9974367247932142,-5.623229517293055,-21.94028159994895,-2.34389531,,0.2871744640923727,0.3023255813953488,False,3
0.717482485687579,-0.6781324585316372,-0.1592333238283116,0.69654414212441,0.7006572159969039,0.1546147591390908,0.006718690627209689,-0.2218464206547106,0.975058472523033,-11.6976343173734,27.46297962027893,-2.83685192,,0.4271476670919115,0.2891566265060241,False,1
-0.5685347600998691,0.8219031262453781,0.0352629781251912,-0.8225674673118103,-0.5673085965348226,-0.03929017711747978,-0.01228772877375088,-0.05134401002807805,0.9986054297648389,11.06466476470621,7.449102090980887,-2.54161893,0.4180840463110878,0.1161969029084101,0.3032786885245902,True,5
0.4051229374656158,-0.8992191304235571,-0.1651676754680929,0.9140575833942217,0.4021900260096548,0.05236331939314912,0.01934269316166797,-0.1721863480612089,0.9848744700532136,24.55052790023581,-2.719543468127313,-2.60473417,,0.6917733034545207,0.1379310344827586,False,2
0.7596479169310162,0.6475480945100659,0.06013740598621361,-0.6500705764794525,0.7587205539019857,0.04184933311698613,-0.01852803006366721,-0.07088431690470748,0.9973124514007197,-16.88810707363177,-23.5452561390382,-1.88916237,,0.0784104724996589,0.1333333333333333,False,2
0.6605970101155542,-0.726415991977651,-0.1895557881614709,0.7505766666831585,0.6443311804692881,0.1465332634791608,0.01569259880292975,-0.2390755873655441,0.9708741452261621,43.21007956526057,17.90782931531908,-2.41882458,,0.4095222275291712,0.4594594594594595,False,2
-0.6284180004052587,0.7775673652815478,0.0219045478330138,-0.7778363936343795,-0.6278533750341508,-0.0277611994713656,-0.007833358444450536,-0.03448379195127031,0.9993745577050391,18.53844642223322,10.1614673861302,-2.53602587,0.2644719386597528,0.2644463881487829,0.8309859154929577,True,5
0.3694270088800528,-0.9285768065413843,-0.035620211444389,0.9291400439460926,0.3697232002807778,-0.001879869674665408,0.01491522194911228,-0.03240169019581273,0.9993636308304721,18.65101892872838,-0.6335751452487557,-2.58562278,0.560217719766186,0.485939827230663,0.9213483146067416,True,5
0.03006368951726775,-0.9992640362179751,-0.0238235281596089,0.9992811920269012,0.03059777478747493,-0.02238024663293852,0.02309272253125466,-0.02313357083152788,0.9994656392626403,8.206555418487085,11.8805713748838,-2.57050108,0.1873914075173875,0.1746075030775045,0.4230769230769231,True,5
-0.001266179557177783,-0.9990062142715278,-0.04455312150904121,0.9998397307744284,-0.0004690878919628042,-0.01789672376352976,0.01785803892501812,-0.04456864148053,0.9988466982687246,9.11494243021582,7.715469161590022,-2.53810579,,0.1111861664993522,0.4895833333333333,False,5
0.1719740164969198,0.9787563381138671,0.1116287071135791,-0.9849071839343907,0.1730831507504327,-0.0002489191226414187,-0.01956467951037857,-0.1099011079481686,0.9937499533521597,0.7915671526538972,-28.70012379706623,-2.50052217,,0.1192071958706713,0.25,False,4
0.8802677030297136,-0.448800877661668,-0.1539692930843991,0.4744758016640609,0.8334623233509191,0.2832194717701018,0.001218457237526133,-0.3223636576362252,0.9466151211539755,-11.61884859822203,-16.85563363497124,-2.12065803,,0.5712385604140868,0.16,False,1
0.223208952242824,-0.9728143297893104,-0.06172554896666841,0.9746170757711926,0.2238497988707664,-0.003580944111213774,0.01730084546693977,-0.05935947525116175,0.9980867364332805,9.61851509656691,6.795432243491746,-2.53491164,0.6217615885479786,0.5160144768620205,0.9732785200411099,True,5
-0.9494378474732152,-0.3138502272635865,0.008112251969881377,0.3117933579438397,-0.9456127498221324,-0.09274389098980888,0.03677874015695036,-0.08552521394547882,0.9956569499843042,24.15543437813005,-9.971356913277418,-2.73632210,,0.1212118977016292,0.25,False,5
-0.7995444595494172,0.5987176237443821,0.0476010947532783,-0.6005596493189447,-0.7959724748569273,-0.07586782506467414,-0.007534242744710146,-0.08924699596075132,0.9959810283826922,25.17525256515859,-15.38846750526159,-2.85833474,,0.1067533566750528,0.5238095238095238,False,2
0.9539837237192779,0.2989846536617762,0.02287425962626013,-0.2993967323034976,0.9539708805549746,0.01735383932032837,-0.01663284595881598,-0.02340375884159697,0.9995877212668212,8.149731250302693,10.08405801939057,-2.55358744,0.1196890743340548,0.1226496108230108,0.3617021276595745,True,5
-0.9676016455643529,-0.2450017879601518,-0.06100147045345595,0.252465645455818,-0.9361430850364642,-0.2447390900591631,0.002855409906176616,-0.2522107218869545,0.9676681241001627,24.99092366078355,12.95012924599553,-2.50845437,,0.6157184304035273,0.3725490196078431,False,2
-0.07971364002495578,-0.9957511688346015,-0.04610146807313088,0.9966213602579543,-0.07869452011779109,-0.02351673406356595,0.01978888252422758,-0.04782031229463804,0.9986599110109942,-6.632186855900443,16.0871247766342,-2.56829878,,0.1442783020759411,0.4691358024691358,False,5
-0.3705134416801191,0.8880090233659217,0.2723229038385389,-0.9285750168653407,-0.3473044309380125,-0.1308742537871931,-0.02163856714027834,-0.3013629152227002,0.9532639538661841,1.10210390374084,-22.47912608098932,-2.56306655,,0.2756742354775363,0.2857142857142857,False,2
0.3173348184222379,0.93324843482282,0.1683626203101004,-0.9480476741870991,0.3164098997286695,0.03302094520340695,-0.02245485438292525,-0.1700944862552901,0.9851718861499204,3.218304515100897,36.37414540964693,-3.22548140,0.2540042545285673,0.1923206049097715,0.3333333333333333,True,5
-0.6236152282089064,0.7786515311690068,0.06932416717217323,-0.7817114206606876,-0.6205076836452711,-0.06242971524706951,-0.005594814974933006,-0.09312361432709679,0.9956388353715693,19.66503033308749,-3.134952312573091,-2.61874000,,0.1215232786618801,0.2549019607843137,False,4
0.7935763941302152,-0.6076937068851938,-0.03073866118456641,0.608466642591425,0.7923750564799907,0.04370485924759866,-0.002202619532828753,-0.05338659457640636,0.9985714896724871,32.69737215364273,-12.27359356979582,-2.85458072,,0.1781223310318013,0.5806451612903226,False,5
0.3731023165987956,0.9274246971394091,0.02604020899469695,-0.927575295477899,0.3734730103807236,-0.0110445342250593,-0.01996828905291412,-0.02003351324743795,0.9995998828427624,-5.61231486244742,-2.59285281182963,-2.36009204,0.2183472539640173,0.1940994496102991,0.6833810888252149,True,4
-0.5379456970423924,0.8372337990668942,0.09825473389913916,-0.8428875503740243,-0.5324993809767193,-0.07736269568653888,-0.01245007863637309,-0.1244346212250706,0.992149696659996,11.0745561398071,16.94337297183608,-2.63096255,,0.09107703880415234,0.4615384615384616,False,5
0.2647923142795101,-0.9633969495257472,-0.04184910922571899,0.9641882057794916,0.2651874414210974,-0.004089590230938947,0.01503775695461734,-0.03926752547611076,0.9991155725484201,18.62567872291817,-8.081846522685112,-2.69257950,0.5237808458392033,0.5689528175294487,0.9698630136986301,True,5
0.885860587195599,-0.4508956737664243,-0.1092891185443087,0.4638463199756553,0.8557204640687912,0.2293230882814365,-0.009879853162450516,-0.2538416410926621,0.9671953317447689,3.904347303983172,17.30400832039078,-2.62572834,,0.2418250201530412,0.2755102040816326,False,4
0.4800504332344644,-0.8723467493600563,-0.09253502273379888,0.8772398072370076,0.4772057930443724,0.05220106975597287,-0.001379184606678954,-0.1062345516573272,0.9943401419453938,-5.948047253849438,25.72140650292556,-2.82861433,,0.2836093577814104,0.1363636363636364,False,5
0.7069669831633666,0.6662114344981505,0.237402631116012,-0.7069877991745875,0.6747836262212837,0.2117434995505847,-0.01912946771768281,-0.3175364267726962,0.9480531003784898,-5.782828405856321,-12.72695847117177,-2.39831945,,0.3401693285279571,0.1486486486486487,False,1
0.7270506593557088,-0.6797916245981073,-0.09633631639571555,0.686547215369619,0.7212685783807719,0.09178539594512121,0.007089414549263543,-0.1328720624015702,0.9911078423837146,1.074595919134083,-24.97289435506696,-2.55896058,,0.1196159832889374,0.5,False,2
0.4419777593898836,0.8932839640343414,0.08184998352958163,-0.8968369271269326,0.44191461289008,0.01987463347417468,-0.01841701241299412,-0.08219023368567087,0.9964464758031291,-15.18836915984764,31.14366028962297,-2.92329844,,0.1072236256340497,0.4347826086956522,False,5
0.6492544744314673,-0.7540385791235783,-0.0994708430848673,0.7604617685759593,0.6458042635519483,0.06807901080692505,0.01290449398632164,-0.1198443756353242,0.9927088191728408,15.77383271846941,16.24519173464967,-2.59477027,0.4089333046570711,0.2484117936483786,0.4878048780487805,True,5
0.8785048473643848,0.4619543113487993,0.1217680064037172,-0.4771302339898411,0.8612205156890745,0.1750598845225367,-0.02399943687003105,-0.21189015451998,0.9769987663489758,34.73465074807311,-17.85249834951929,-3.08583599,,0.4617284827373671,0.6296296296296297,False,6
-0.7641938722469874,0.643231819449604,0.04754526335720079,-0.6449400720614543,-0.7611742764475543,-0.06830830347700616,-0.00774784289460465,-0.08286463251648965,0.9965306937613042,14.54400119945763,-11.72444490613532,-2.73869251,0.4476204549643535,0.3590547286791386,0.8565022421524664,True,5
0.6159577328274233,0.7779313069592216,0.1241730768839141,-0.7875350591363163,0.6119931984451857,0.07247658717124267,-0.01961127230089777,-0.1424331657639793,0.9896101208502222,-4.242625984020663,-2.551209542474453,-2.37893231,0.1725714698208993,0.1057369956516504,0.3771186440677966,True,5
0.9097594737830278,0.3993489476065478,0.1133936413895004,-0.4148769118063978,0.8842617572823922,0.2143788531031953,-0.01465769122386924,-0.2420775963475301,0.9701461691078244,-8.542141320765154,14.64863159815604,-2.52897783,,0.4984378217885176,0.1637931034482759,False,5
0.2906770783283556,-0.9519673157554059,-0.09625521215985429,0.9560640045480967,0.2929750510759543,-0.01035560980817627,0.03805857777096004,-0.08901600519282779,0.9953028159698749,5.887144390248011,10.79942106112486,-2.54328730,,0.07601011392544846,0.3285714285714286,False,5
0.9326087649229496,-0.3523934868106912,-0.07784421649867276,0.3604789980422767,0.8993405821146632,0.247470017036597,-0.01719835920445132,-0.2588539121107898,0.9657633605731856,-2.16041735197075,-19.52787557039704,-2.51942546,,0.3431646422173553,0.2592592592592592,False,3
-0.7607789491264112,-0.6375092189810719,-0.121644507809666,0.6489895223098661,-0.7487993806655608,-0.134581155615795,-0.00529060470304932,-0.1813325211566166,0.9834076094239154,-18.29166881696619,-14.28912554324847,-1.90180892,0.5273698076668587,0.2671772950003353,0.1964285714285714,True,3
-0.603122554607912,0.7748309437518491,0.1894206766111999,-0.7975911587767998,-0.58297918239208,-0.1548664467809055,-0.009567003935792589,-0.2444837039601623,0.9696062040507021,24.21608578300953,-16.2508342262426,-2.87468367,,0.171212352880926,0.4615384615384616,False,1
0.9966437896539373,0.07846523899366345,0.02333158404195625,-0.08033471220561708,0.9922727684389795,0.09455732139440577,-0.01573183266756593,-0.09611430322335755,0.9952459747001287,28.61920177251261,7.099300743922981,-2.48137967,0.3142194647683785,0.2211566528373533,0.7213114754098361,True,5
0.2515861083574301,-0.9573170638826469,-0.1422971162064557,0.9677203606866951,0.251084651370221,0.0217669786307009,0.01489072174134682,-0.143180086064385,0.989584624658558,-19.20273462031429,22.32281137384678,-2.56806842,0.3173307227851866,0.2636233137638942,0.6301369863013698,True,5
-0.9710997564496737,0.2386042035292062,0.00577036234387431,-0.2384382270479664,-0.968782729400223,-0.0678766167253397,-0.01060541869088005,-0.06729084093730292,0.9976770358289019,27.52206409651637,12.95844193909483,-2.48585421,0.2592311249522297,0.2061792918741941,0.7638888888888888,True,5
-0.2228957727685299,0.9658838610139795,0.1318553810606426,-0.9748157784432434,-0.2198440664839119,-0.03745376523007981,-0.007188364209783164,-0.1368829918746106,0.9905611409476158,5.689640732095597,19.59412578554259,-2.67746894,,0.1627976940888652,0.2424242424242424,False,5
0.3578780862881704,0.9126254548917486,0.1975805011592634,-0.9332397252824646,0.3424581288823557,0.1085635533551921,0.03141481353480739,-0.2232424893384426,0.9742565886072049,-3.713643261093921,-23.29269274684424,-2.39799830,,0.4735745139166037,0.2527472527472527,False,3
0.8518797151479479,-0.5186518430673416,-0.07280945407226291,0.523732110331886,0.8442287464089243,0.1139407755991029,0.002372240873147601,-0.1351964844944788,0.9908159683077247,-7.001769200368074,-1.395014958638455,-2.32872658,,0.1271320586704919,0.3203342618384401,False,1
-0.9674437774272147,0.2274179098438986,0.1110568854218175,-0.2494443128603767,-0.9309887557139793,-0.2665285566609164,0.04277934430279117,-0.2855539021207192,0.9574073828233488,19.17875841958471,-20.31766754683883,-2.90642785,,0.7599339289009086,0.3947368421052632,False,2
0.9809251772325445,-0.189237925254645,-0.0444387704219997,0.194149017536555,0.9425076514472751,0.2720027315174107,-0.009589351432307469,-0.275442071239416,0.9612698423077927,-13.68932175928018,-22.71841679074964,-1.98819969,0.8114802306421485,0.5611989718266116,0.2,True,3
-0.6546579089545819,0.7501776580467064,0.09304033324733045,-0.7558791114833597,-0.648280360616282,-0.09153875060514403,-0.008354104760050026,-0.1302538114865864,0.9914454869163891,-18.45836780083602,-8.79438398035262,-1.96497286,,0.5151289516976104,0.5606060606060606,False,1
0.6980719174953703,-0.7068709096723393,-0.1141451491012108,0.7159910014698831,0.690722435363555,0.1012887116099045,0.00724457165689198,-0.1524337047520665,0.9882871454375337,22.23927822808594,-10.22104621796007,-2.73081303,,0.3946341849662053,0.25,False,1
-0.3955373697459548,-0.8997903416486874,-0.1841942730113782,0.9181973195768418,-0.3826920569022901,-0.1022764484414538,0.02153767527740375,-0.2095808451639429,0.9775540894927566,20.56539258599531,-26.47591025067152,-3.06641673,,0.4338096730261772,0.32,False,2
-0.9911755399041586,-0.1324684312802076,-0.004812879581013636,0.1312753256989904,-0.9759188508318472,-0.1742101760910421,0.01838036882993417,-0.1733046776783847,0.9846967303370453,-24.16091214685247,43.58203628137238,-2.75273737,,0.2873332195076281,0.4210526315789473,False,5
0.2374579423024015,-0.9706117373041141,-0.03907148634232387,0.9712674711313393,0.2378928457934774,-0.00681861000596813,0.01591304997924836,-0.0363297306316718,0.9992131531923446,-16.25939355273556,-14.95149037010702,-1.99712794,,0.8217502421547707,0.6014492753623188,False,1
0.910988415933653,0.402497895740311,0.08997527415526425,-0.4117546032913318,0.9000836167890741,0.1425048401153322,-0.02362737190402811,-0.1668679918753746,0.9856961096526597,19.95508846217308,0.1484391268207332,-2.57893076,,0.2182294875617748,0.3478260869565217,False,4
-0.9623650794383622,0.2667846701867172,0.05176285957092368,-0.2717272770522141,-0.9475852047632368,-0.1680671491386811,0.004211980933459526,-0.1758073362154692,0.9844155828456991,7.710051729401812,-17.27956116667286,-2.67960927,,0.5125646686265202,0.4246575342465753,False,2
0.6236452725747211,-0.7731740104201275,-0.1151890776335093,0.7816545454907403,0.6185102482925848,0.08038186530996581,0.009096455840938879,-0.1401678364244165,0.9900859720868851,21.00963518244976,16.07800979712624,-2.55815483,,0.6106234378896802,0.1052631578947368,False,1
0.895713510980945,-0.4285053691416029,-0.1186610924566594,0.4446313311431716,0.8635471509932556,0.2378850507646148,0.0005344268335353947,-0.2658372935241608,0.9640177631971879,28.66079183070849,21.59324497882358,-2.59533192,,0.1152783583460057,0.4444444444444444,False,1
-0.9772789998045585,0.2008074177194861,0.06783905608007405,-0.2116580019241296,-0.9415587898907312,-0.2620456742649813,0.01125374437637146,-0.2704504135111193,0.9626681292476538,17.56799640361152,-20.23731320592094,-2.88397453,,0.5102439980543928,0.2352941176470588,False,3
0.2424268852721065,-0.9661781451492022,-0.08791471511249532,0.9700402332446558,0.2428775100488785,0.005697455494300182,0.01584775012162631,-0.08666202714282213,0.9961117115402159,-15.95987134738425,24.01496865623466,-2.67803226,,0.3076357529930875,0.125,False,1
0.9385354721357219,-0.345123540711402,0.006396029221571629,0.3451521164391346,0.9385379875525327,-0.004057393058112665,-0.004602614535667325,0.006015610332067972,0.9999713137744348,-6.956044198384177,-10.87209541104988,-2.34750770,,0.07266070996425954,0.3434343434343434,False,3
0.2779388995815725,-0.9564590097558797,-0.08908496369302654,0.9605443369820169,0.2777125551652675,0.01517607970975589,0.01022471472282606,-0.08978808028007695,0.9959084073590584,33.82935269025529,-3.816746563507706,-2.62358448,,0.2177419969341112,0.15,False,3
-0.9395859738553769,0.3196618307878761,0.1224520790823361,-0.3423086251735623,-0.8792122956837112,-0.3313767406598787,0.001732877961368039,-0.3532733404262516,0.9355185428830629,-8.549780682101073,30.2030775479401,-2.93945652,,0.1159543126207486,0.2307692307692308,False,1
-0.9948293829633655,0.09653603457001597,0.03154826179405556,-0.1010522416479025,-0.9719167409602704,-0.2125236295076406,0.01014609534074504,-0.2146127737826052,0.9766465143943703,-5.261569582741117,30.24210470172761,-2.94023677,,0.3114317334965726,0.2068965517241379,False,3
0.7627851232402031,-0.6399931359678406,-0.09256155615306577,0.6466294247773613,0.7561009574750067,0.1009045544932257,0.005407658969152261,-0.1368215188463673,0.9905809554019529,-14.2218419094487,-4.396080179318346,-2.12941158,,0.4223719877080033,0.2631578947368421,False,1
0.513525916230457,0.8342850580488771,0.2006478887904156,-0.8577650116269956,0.5053847866133274,0.09394361228067258,-0.02302863843585674,-0.2203512182316743,0.9751487181120669,-13.62229130874266,30.90432226970864,-2.91705167,,0.1373709550834687,0.3333333333333333,False,4
0.08624571729631776,-0.9883250751382759,-0.1255994510376727,0.9962461767668853,0.08649564516938314,0.00347255584484383,0.007431791534146712,-0.1254274659699911,0.9920749564699937,17.11855104503553,-10.34453942896528,-2.72375411,0.3668393601476277,0.152801648130972,0.1219512195121951,True,4
0.6096666517248227,0.7773876090650012,0.1548388809273885,-0.7922240392020402,0.6040566819354176,0.08658288930024795,-0.02622299534853204,-0.1754537838901625,0.9841383664066634,8.887769290239987,-14.54893368019441,-2.67613593,0.8436561059077105,0.5280314738745421,0.673469387755102,True,3
0.8177062242941924,-0.5690692487107425,-0.08669902492141948,0.5756131297605842,0.8096821081632257,0.1143870996554108,0.005104468410965524,-0.1434401404493988,0.989645830845609,4.589915597734262,-17.14963620151377,-2.70216279,,0.2687315464597365,0.3023255813953488,False,3
-0.9978670891435713,0.05900195868835226,0.02792921902011754,-0.06486216154734677,-0.9444118862552302,-0.3223027910199404,0.00736019045552553,-0.3234268974138909,0.9462245344661502,30.62348221441789,15.36125925163162,-2.47538056,,0.3409095264665827,0.3333333333333333,False,1
-0.6354449962298419,-0.7405843947568952,-0.218504945044773,0.7718943933477962,-0.6020467060174485,-0.2042518281234645,0.01971553409607615,-0.2984535441506819,0.9542205089491649,-8.469819841597428,27.77676594773413,-2.87225333,,0.1162380360000554,0.2222222222222222,False,1
-0.628976142038606,0.7732737811114307,0.08022887380402643,-0.7770937276233265,-0.6223411129327898,-0.09389823023923195,-0.02267931292422042,-0.1214051012075172,0.9923439172817444,-14.88154951462298,0.2282718288220735,-2.16918355,,0.1497252209456166,0.1666666666666667,False,2
0.1142435294746286,0.9503176485354716,0.2895596360945213,-0.9933774033395617,0.1128651275404935,0.02151272924615043,-0.01223725898760509,-0.2900996895332362,0.956918188574755,-1.773669981657349,11.04837243300858,-2.51115103,,0.2432537163686259,0.3561643835616438,False,3
-0.3823368651812111,-0.8742139442655636,-0.2992799712226833,0.9237988537071026,-0.3545056774241682,-0.1446423263207373,0.02035188966281553,-0.331776587970998,0.9431384290025907,1.891779040298331,6.574714698660443,-2.48424079,,0.2245976400917713,0.2994100294985251,False,1
0.8308329968068059,0.535711258643734,0.1507646469812099,-0.5562495465450075,0.8078465883312843,0.1948597744276084,-0.01740613068709274,-0.2457586968631041,0.969174746643067,25.64627160768157,-28.64837946486705,-3.32824257,,0.3915434319050347,0.4210526315789473,False,1
-0.5441949939895476,-0.8212189880034938,-0.1716134675928275,0.8387163220699894,-0.5276167400132269,-0.134816567050216,0.02016778644539038,-0.2173015172527172,0.9758961578926114,-11.64234706415272,-18.23817897243157,-2.12194852,,0.455110204283398,0.1944444444444444,False,1
-0.9845307482491119,0.1727995298242075,0.02897461379515674,-0.1749372655984115,-0.9601984301931676,-0.2177519868096014,-0.009806062257423368,-0.2194522662154822,0.9755739561898391,6.328379300033191,-12.14454203539742,-2.64622169,,0.2029496589365049,0.2857142857142857,False,3
-0.4568462414757421,0.866526235899704,0.2010566938626485,-0.8894575741071621,-0.4417989968550896,-0.1169567024211914,-0.01251940545275778,-0.2322626290975957,0.972572534884562,-12.17502716276772,22.39678632940439,-2.68373283,,0.6455897520618341,0.6585365853658537,False,1
-0.2575943762688477,-0.9647504477308027,-0.05386753120274962,0.9660414148527573,-0.2559704116817801,-0.03525809315239072,0.02022676701665434,-0.06112055257174832,0.997925426046144,24.64908716930762,14.24129278145892,-2.51954569,,0.116287059851113,0.282051282051282,True,3
0.9743796327025921,-0.2248028771258634,-0.006928045200148411,0.2248649259531503,0.9731097832646111,0.0499311004363562,-0.004482906472989486,-0.05020972167454444,0.9987286355156334,3.647930181288586,-11.19858268606822,-2.59803866,,0.0768188353051334,0.1166666666666667,False,3
-0.6400519061888521,0.7496067428678695,0.1685920770114702,-0.7682823163401192,-0.62192608584163,-0.1514933204757596,-0.008708603968418124,-0.2264898999883526,0.9739745815062054,-10.65029306331746,-22.72002567278093,-2.12829472,,0.43356983815224,0.5,False,1
0.8271111165817354,0.5577373504286004,0.06939919858182998,-0.5611638318548404,0.8263901213611529,0.04663176100783693,-0.03134253730807453,-0.0775139681191993,0.9964984847462179,28.52711626543811,5.584607570091066,-2.49281502,,0.1187258051255652,0.3142857142857143,False,3
0.7177225824594544,0.6541762812908062,0.2385952380586513,-0.6960693475107075,0.6833823220715725,0.2201728078943538,-0.01901993911005737,-0.3241018279439322,0.9458309822794199,-8.776574039721993,-12.80656490623971,-2.29193583,,0.4838271875544115,0.2173913043478261,False,1
-0.9976321855689727,-0.04788426552645022,0.0493671898315878,0.036840049056842,-0.9782058409163464,-0.2043432004805484,0.05807609751322048,-0.202040664006374,0.9776536897007545,-7.018904480887727,-23.96875764149661,-2.25740475,,0.184590454727388,0.6153846153846154,False,2
0.9861433240758464,-0.1612143053639523,-0.03913172787726206,0.1657944869601739,0.9494984806122819,0.2663922360140815,-0.005790723120166572,-0.2691887498781994,0.9630700309244179,17.52255016038305,13.17077728120677,-2.55490085,,0.1081254996840492,0.5454545454545454,False,2
0.9198931591563932,0.3817150728911826,0.08994542158970648,-0.3921179330495185,0.8989585037595135,0.1952361009122808,-0.006332639121579615,-0.2148655664505976,0.97662310336978,-2.567017860297483,31.91192538718963,-3.00912112,,0.6663050338429708,0.28125,False,2
0.6873272887394568,0.7234890894552511,0.06437962094699212,-0.7260910172788532,0.6867368815812804,0.03441351628325303,-0.01931405656579807,-0.07039881330838794,0.9973319278473658,-11.91529076219894,13.88077505779302,-2.48333281,,0.3971096757430457,0.2037037037037037,False,1
-0.3506941513889491,-0.9055714453477427,-0.2386503080919539,0.936488567152488,-0.3395686679471879,-0.08764863570673563,-0.001666065504264403,-0.2542311489951065,0.9671420511519303,18.75803923070555,-26.20734762609482,-3.02255875,,0.5430224995457675,0.3444444444444444,False,2
0.7816085082879902,0.6140720291362483,0.1095613198364819,-0.6232069297225336,0.7762204618828532,0.09536727583495992,-0.02648136170279891,-0.1428192479564948,0.9893944612213599,-5.723201332750875,24.24625346453166,-2.79568156,,0.1792290259404666,0.3026315789473684,False,2
0.2193350915246962,-0.9713592252130282,-0.0913967899841036,0.9751923925480769,0.2211357587803423,-0.00993849611355465,0.02986494838786749,-0.08694959334112777,0.995764958750609,39.77210467902171,10.09287425085699,-2.37578016,,0.1942021075772924,0.5625,False,2
-0.9654479425552872,-0.2594807299323528,-0.02408362534040483,0.2602715730232658,-0.9555093996977794,-0.1387821867718801,0.01299917273361914,-0.1402552597336854,0.9900300417791769,1.906107209751326,-37.58490567621152,-2.44551640,,0.229983900258914,0.2352941176470588,False,2
0.5299218791085815,-0.8463720321610348,-0.05326523460598063,0.8479734753926507,0.5296540828727282,0.02018755871220716,0.0111259638926104,-0.0558653351538259,0.9983763204601814,1.050125722669122,-19.71173809313342,-2.59513370,,0.3354989498415375,0.2235294117647059,False,1
-0.7661384713837781,-0.6370355143808487,-0.08495643638509619,0.6424108325202632,-0.7553085234932492,-0.129681751218395,0.01844356056594433,-0.153931113670937,0.9879094327506317,-7.190724480100926,34.94548379092538,-3.09305143,,0.1235106974900309,0.3333333333333333,False,1
0.6289715355119955,0.7769617987228704,0.02692899628660641,-0.7771772276279231,0.6292713708048678,-0.003619218415302286,-0.01975764085759622,-0.01865221731280143,0.9996307970531211,-11.82726568490267,16.66258521407912,-2.54548625,,0.6188802303610803,0.36,False,1
0.6059576309877622,-0.7856921427786933,-0.1245118718176042,0.7954481878687271,0.6001848086584697,0.08390694769775399,0.008805104431888635,-0.1498867980558016,0.9886639560055388,-9.457935570973632,-1.649870765592652,-2.25994968,,0.07864942769324051,0.2222222222222222,False,2
-0.813596655460541,-0.5809183688526929,-0.02437890385041548,0.5799416743554087,-0.8078029702667561,-0.1054609670638904,0.0415708620221695,-0.099941032402775,0.9941245663763675,-7.321795606173964,-7.558078146866933,-2.32602837,,0.5824421393879828,0.5611940298507463,False,2
0.8696225302615997,-0.490958735360366,-0.05211693616055323,0.4936927503196561,0.8636709526770695,0.1016855633002869,-0.004911531657920294,-0.1141578103996091,0.9934504875339989,-20.40009608849624,27.64693660024295,-2.73700978,,0.1263841454569106,0.2666666666666667,False,2
-0.4328538687922959,-0.8919563896515993,-0.1305807307041345,0.9013272430454525,-0.4307475688671896,-0.04545033398214954,-0.01570761648452958,-0.1373693229024936,0.9903953452584908,-26.79567680809186,26.58536647966298,-2.55357902,,0.4071856981130167,0.9069767441860465,False,2
-0.8382207876305279,0.5251413377681846,0.1470118585390238,-0.5453233611534403,-0.8057483152778963,-0.2310672720381343,-0.002888419008859978,-0.2738543915913572,0.9617668268565702,40.04211726033532,15.96249028603984,-2.40915559,,0.3353576555779595,0.2631578947368421,False,1
-0.5302928077331399,0.8436638684849137,0.08379030420981907,-0.8477416570303631,-0.526355142144181,-0.06545492551209442,-0.01111849818626196,-0.1057428075636823,0.9943313520384605,19.21591097998868,-32.6200967856596,-3.18943302,,0.3051817749260435,0.2,False,1
-0.5771463976142008,0.8151575443034696,0.04919566735077507,-0.8165777379209332,-0.5753057314160966,-0.04716050605879828,-0.01014069291925826,-0.06739060294230474,0.9976751339901132,-11.55895424641119,4.113325446084104,-2.30429659,,0.1245037602994669,0.6090909090909091,False,1
0.7655651636626318,-0.6167109141710153,-0.1832419944460294,0.6433363399755379,0.7361874043777794,0.2101105882681479,0.00532295529637059,-0.2787395809314828,0.9603519730645919,2.127385872477419,-17.24656500582159,-2.67823726,,0.3174196839141196,0.2566371681415929,False,1
0.8722493349561802,-0.4874819111166808,-0.0392744701113833,0.4890589680475301,0.8696834265936958,0.0668734871270558,0.0015567404363856,-0.0775378864960618,0.9969881908613247,0.7044213707036988,-0.8749407123930268,-2.44247539,,0.7508290574527203,0.4782767767309979,False,1
0.4882913548386155,-0.8706434005701695,-0.05959548500919315,0.872599010834183,0.4880400543941116,0.01969445602696277,0.01193813557783555,-0.06161959388542051,0.9980283095024516,-14.07749078541144,-11.22798282550548,-2.10627366,,0.2439028355865896,0.1851851851851852,False,1
-0.1219023230568166,0.990719717184696,0.06011876258563408,-0.9923914153053688,-0.1206046155452257,-0.02477509913997325,-0.01729457896448201,-0.06268148602789053,0.9978837251141923,33.18721500915944,-5.16964444938003,-2.65614398,,0.0728945199049163,0.2352941176470588,False,1
-0.2845520687239656,0.9575222197281544,0.04670459197744226,-0.9585389030924667,-0.2834018902812497,-0.02977481894664059,-0.01527388107856959,-0.05324065469058683,0.998464892344701,21.91959110613811,-40.44295139462588,-3.68112967,,0.3828426135075743,0.7096774193548387,False,1
-0.27911890599849,0.9476236523684959,0.1552483487383932,-0.9601338526978834,-0.2728272935718587,-0.06089542499870771,-0.01534995823201131,-0.1660562596051305,0.9859968039645101,-13.1963331026846,-23.60283197717297,-2.00052244,,0.6109269584099439,0.2105263157894737,False,1
