axis_00,axis_01,axis_02,axis_10,axis_11,axis_12,axis_20,axis_21,axis_22,location_x,location_y,location_z,dbh,dbh_approximation,score,reconstructed,number_clusters
-0.1999890037202607,-0.9699115689804193,-0.1388378433602284,0.9794873368199097,-0.1943393896169524,-0.05326123029701454,0.02467702170884398,-0.1466415698267452,0.9888818405645488,-9.753606769886574,30.53565475509299,-2.50702318,0.1807977898878299,0.2013162781963617,0.4411764705882353,True,5
0.9749946185684928,0.2218037375524761,0.01373301752097634,-0.2221744859445485,0.9742568144281832,0.03823816595397676,-0.004898117776728957,-0.04033313213724669,0.9991742825424624,-7.942129217345837,-10.06982216037184,-2.53724150,0.2184485822399302,0.07427536390142023,0.25,True,5
-0.8334390279132011,0.529996149939532,0.1564719393385625,-0.5523485660737129,-0.807683196036312,-0.2062981250445122,0.01704254404163452,-0.2583639601218423,0.9658973112100206,-7.844172280541102,22.95794090905812,-2.46132820,,0.2991287742415099,0.2272727272727273,False,3
-0.6391474840667127,-0.7673161272061247,-0.05211961761741297,0.7690172974442319,-0.636728870908986,-0.05646893998064619,0.01014346305564109,-0.0761728684005139,0.9970430303035455,21.48384874160121,-14.27164350986894,-2.47771863,,0.3731740459807031,0.8059701492537313,False,5
0.9747965363031632,-0.216745534611615,-0.0528496550346479,0.2230734187214195,0.9503066320465565,0.2171532982670745,0.003156369955226081,-0.2234696362243785,0.9747057807433227,4.674527205361017,25.23552866686859,-2.75431852,,0.3466353704410502,0.2244897959183673,False,5
0.8787518534665517,0.4739749250792538,0.05606202302106955,-0.4771901792959614,0.8747714912842349,0.08404981153960543,-0.009203956355142257,-0.1006111744910612,0.9948832488060805,16.15344249390881,10.92480015002677,-2.60045900,0.1529464326856719,0.1633737741357877,0.3571428571428572,True,5
-0.6188324862020959,-0.7845302104201678,-0.03948041234612389,0.7854508448020179,-0.6173125043829585,-0.04463454191807691,0.01064539434353908,-0.05863122777605023,0.9982229483981742,9.074116902799688,-17.51597974559797,-2.63748535,,0.09030387028681444,0.4117647058823529,False,5
0.9368503265482016,-0.3471994615512418,-0.04199999458401228,0.3497259739241344,0.9306729847880627,0.1074222441978162,0.001791314976477405,-0.1153270535659667,0.9933259595452285,-11.19221340498717,2.176776374983802,-2.30242495,0.3926468785958384,0.2977344059231765,0.2123287671232877,True,5
0.9763580369685944,0.21556243176691,0.01605682588716721,-0.2159318344470114,0.9760438687126493,0.02667975301225422,-0.009921014019894042,-0.02951617114706372,0.9995150669808015,8.075463907617006,7.118808177981265,-2.50977131,0.2244506500932005,0.1512537968545499,0.6831683168316832,True,5
-0.7325206544905771,0.6668875705581694,0.1366545241831398,-0.680639761560593,-0.7139723336640954,-0.1642346545190324,-0.01195850021686488,-0.2133177793745038,0.976909678156223,-15.16683423233133,-1.111830460638004,-2.26565788,,0.2716329723522936,0.2625,False,1
-0.2340238521279699,0.9622333778883685,0.1390674768331072,-0.9694022227360942,-0.220040187461824,-0.1088193294230648,-0.07410915725810296,-0.1602786398098826,0.984285827608621,-7.593647360765715,-18.00060904563529,-2.62555756,,0.572006406680226,0.3055555555555556,False,2
0.5853896783852663,0.8015057920913945,0.12209582173007,-0.8107507378971656,0.5784392692619875,0.08995139117801337,0.001471543134372904,-0.1516458935138195,0.9884337901656335,7.391205201198829,13.91433445523521,-2.56488598,,0.4236054587150715,0.2,False,5
0.8967200449988049,0.4407629346167905,0.04026408282000064,-0.4425341244452048,0.8944203184018279,0.06462076083959635,-0.007530577591192295,-0.07576496220527804,0.9970972675236732,22.91062255700263,-7.716485602116137,-2.42073599,0.3116674256389221,0.2152899776154109,0.5217391304347826,True,5
0.9712276913817016,-0.2378900126000852,-0.01118541007296949,0.2381084349281744,0.9708818706140003,0.02632045837583399,0.004598337680562139,-0.02822649851097403,0.9995909763860339,10.35203682041703,-9.015754827386559,-2.52500724,0.5817483617032954,0.491507427898772,0.974025974025974,True,5
-0.6415762598256907,-0.7644459884675764,-0.06326320845411326,0.7668600194873413,-0.6373447585206923,-0.0756132878406692,0.01748180024921272,-0.09702571567389291,0.995128332004479,-2.273424238963571,18.57287511426107,-2.50835255,0.1805361156448304,0.1630977138551794,0.7049180327868853,True,5
0.2486335614296857,0.9619229379440493,0.1135148166006569,-0.9684436429960702,0.2489705638753398,0.01142666460944647,-0.0172702771052513,-0.1127737548398802,0.9934705922915,-19.94291912728403,-20.27963652788182,-2.41042144,,0.6695044990700092,0.2580645161290323,False,1
0.9838846662412625,-0.1714480936205629,-0.05075938070144241,0.1768960713041262,0.9747019221972929,0.1366160415985886,0.02605270604917457,-0.1433935635193455,0.9893227695998603,16.82779533472899,6.852253085373604,-2.53417456,0.2820060041891027,0.3065944425803454,0.5483870967741935,True,5
0.9738447229891937,0.2272083681514741,-0.001677184558999102,-0.2268832369159795,0.972796663886608,0.04680435383180949,0.01226590040022608,-0.04519964793037552,0.9989026676880696,0.8120667572677007,-23.32887774830027,-2.77875197,0.6445582483986668,0.4244358353151035,0.8888888888888888,True,5
0.2666218653995877,-0.9559980846681403,-0.122394619986714,0.9636377805563764,0.2667569562733711,0.01558698701316292,0.01774848656156083,-0.1220999115094468,0.9923591098156757,5.603720409003756,7.409478918233901,-2.48313274,,0.07698211285471028,0.2916666666666667,False,5
0.3691489011346765,0.9108603129147266,0.1845605026758099,-0.9292289072441099,0.3652051438965996,0.05620356584223012,-0.01620884736737076,-0.1922464387923761,0.9812128107799403,-7.778543775466517,-11.82606995674433,-2.56869947,0.6901360520388209,0.5555097178480634,0.6060606060606061,True,3
0.4813969921982165,-0.846742670398037,-0.2264592370156536,0.8763658135663517,0.4695450239359347,0.107286678153392,0.01548859950729068,-0.2501086176528195,0.9680938914491193,5.744434572207922,24.5266052541124,-2.75283495,,0.2668851219139793,0.4,False,1
-0.9614978421230747,-0.2709480232657582,-0.04592459342280972,0.2747027166976777,-0.9523211904546154,-0.1327507726908624,-0.007766404031963175,-0.1402551920589171,0.990084927705159,-4.562778782509724,18.40353229973874,-2.47109006,0.6182100641803547,0.427034051278629,0.3214285714285715,True,4
0.532982451108815,0.8454686390700172,0.03335396766704271,-0.8459822374688754,0.5332048914250657,0.00256858862817895,-0.01561283757670348,-0.02958587685836635,0.9994403009651585,7.113789270689267,5.617256763766591,-2.49291954,0.1383770915796876,0.1395596196802572,0.5968992248062015,True,5
-0.9748843784763018,0.2223321489411284,0.01299477395315939,-0.2226338458984479,-0.9713422815470797,-0.08323666703670506,-0.005883813673117416,-0.08403920291228999,0.9964450778194082,8.172930652757088,1.955890581740306,-2.48086823,0.1190362625115659,0.08950525195600195,0.2151898734177215,True,5
-0.5939944803643638,-0.7962457856356744,-0.1147310165303929,0.804049510576939,-0.5830102829539391,-0.1166335908345136,0.02597964275455961,-0.1615291268700338,0.9865259243096199,9.074457222014814,9.80702168778518,-2.53707517,0.299581091852556,0.2225652514468073,0.2407407407407407,True,5
0.3553225211578696,-0.9322489038110607,-0.06824871647944021,0.9345972588164815,0.3556112628048839,0.008282124065388408,0.01654901117088068,-0.06672788854288413,0.9976339604884522,-27.81339407716939,-10.90541623338243,-1.97032465,,0.2060785780317728,0.375,False,1
0.5588101866904776,-0.8283965220343302,-0.03860540807167587,0.8292266373055461,0.5587582445002516,0.01313042976962571,0.01069388768837149,-0.03935005062797488,0.9991682612461656,6.398539937259045,-15.33019340468726,-2.63188316,0.6788721077478047,0.5582381228406812,0.9025641025641026,True,5
-0.9552601101943055,-0.2957219980769443,-0.005159624496476973,0.2956192330484806,-0.9540861630956875,-0.04825828883392626,0.009348311258884724,-0.04762450254575167,0.9988215635607184,25.06040838455442,-2.137590019604914,-2.42527640,0.2126605350143438,0.2594575947640195,0.6,True,5
-0.2415696222040112,0.9468680440917758,0.2123323449360149,-0.9702309521565842,-0.2317989698290546,-0.07015081655631539,-0.01720514764656357,-0.2229577194537219,0.9746762735546897,-8.658315226513082,-2.617752114972888,-2.39221199,,0.5783508969783269,0.4334975369458128,True,1
-0.9702631421625779,0.2397661909391577,-0.03319049025439907,-0.2346791316809132,-0.9654078874680914,-0.1136367720761569,-0.05928861707185109,-0.1024684561068585,0.9929678118593689,9.908889316951274,-11.7203600799244,-2.56091501,,0.1489791825377402,0.2619047619047619,False,3
-0.2834973783347696,0.9351115663726768,0.2125925561099194,-0.9588689152632534,-0.2731469854057629,-0.07720833961181796,-0.01412939557031072,-0.225736755535692,0.9740858675604708,15.01503773139729,-32.04275130242914,-3.01878759,,0.3049361510057569,0.4074074074074074,False,3
-0.5021355464800372,0.8637797359132526,0.04176674259294889,-0.8646249884989974,-0.5005141011874296,-0.04369512301902818,-0.01683811819363669,-0.0580534438097412,0.9981714659503779,5.20580235442867,11.3153186171226,-2.50129088,,0.0943417234626134,0.2075471698113208,False,5
-0.9783499804071535,0.204470132020277,0.03198876285406679,-0.2069279150737805,-0.9638516182056922,-0.1678418781040291,-0.00348623013317164,-0.1708274661577583,0.9852947899007582,-2.01349361692985,-30.34250951253946,-2.95746214,,0.6889497532568586,0.3461538461538461,False,1
0.9650363798311224,-0.2580903155344111,-0.04576215280982979,0.2621056364915331,0.951728352701238,0.1597303289421163,0.002328287312675547,-0.1661400965809774,0.9860994104988877,-10.29564435306082,-8.525352016168654,-2.49516690,0.1732377753412672,0.1160393884458687,0.3703703703703703,True,5
0.3977892816334732,-0.8781532797228762,-0.265726371911939,0.9173331766395705,0.3858048247697627,0.09825721459886863,0.01623362109575945,-0.2828452836734768,0.959028161760535,1.114476763033792,29.94518894775288,-2.79611823,,0.2134031475039239,0.2352941176470588,False,1
0.756422404418678,-0.6512792529909901,-0.06050190672171663,0.6533938095369857,0.748138889493145,0.1156059327487507,-0.03002791621493008,-0.1269784889320278,0.9914508498137099,3.89682215363996,-16.4587104341831,-2.66340265,0.4526027746917385,0.1847432766894346,0.28,True,5
-0.9974295477105727,0.06995918045581755,0.015492269808961,-0.0716449678022407,-0.9771494564173272,-0.2001148130747416,0.001138394702718771,-0.2007103706669719,0.9796499635911945,-6.247465441971372,-12.3535059651341,-2.58253441,,0.1063757678448455,0.3333333333333333,False,2
0.648974324057577,-0.759837356611554,-0.03846450586681117,0.7607360105618169,0.6487876416847923,0.01884988677891525,0.01063244790738123,-0.04149442727225789,0.9990821605638072,6.664111294598058,3.090663574409518,-2.47741179,0.16904413200006,0.1162117247947148,0.3809523809523809,True,5
0.7601607799168238,0.6462587720176969,0.06712069923968741,-0.6497137853028291,0.7552339504030777,0.0865660288221132,0.005252224644421443,-0.1094133435589099,0.9939824618108434,-0.07374035575014659,30.62484999499223,-2.77698099,,0.428147367339759,0.2962962962962963,False,2
-0.3448357511337863,0.933790391019813,0.09551863890918504,-0.9385436915286514,-0.3413793839567657,-0.05094953680919885,-0.01496809379213381,-0.1072176377671373,0.9941228969900382,-9.867343184280116,-1.537567475450203,-2.35850783,,0.1072960431370934,0.3482142857142857,False,5
-0.6256013356251557,-0.7756100212813793,-0.08397656668332874,0.7800210966960676,-0.6199670770439936,-0.08489942338196879,0.01378613698921233,-0.1186166863026658,0.992844410850708,10.09255408725198,15.09375652022592,-2.62276431,0.4002342726530517,0.2415237155117743,0.2941176470588235,True,5
-0.6115647999664343,0.7636072555622926,0.2071049364323283,-0.791071425771919,-0.5855352631076604,-0.1770718921360087,-0.01394613814640124,-0.2721257336417608,0.9621606364431747,1.031708488097422,27.4850862414046,-2.75901530,,0.554290132601435,0.1304347826086956,False,1
0.2561310334798717,-0.9189121233411115,-0.2999956720775533,0.9664901757289902,0.2489473453469554,0.06262554961075688,0.01713574941105798,-0.3059832165682191,0.9518826804132366,-19.90908910068066,-13.3327282090286,-2.32752465,,0.5977791817785558,0.36,False,1
-0.932991047359141,-0.3534198300258206,-0.06798624340418295,0.3592269249815088,-0.9029368156649978,-0.2359260970835626,0.02199367900152957,-0.2445394255764766,0.9693898841140771,-13.89255204998784,38.09962114562975,-2.49306780,,0.3807510257589973,0.25,False,5
0.6388710597119336,0.7659559380983118,0.0718002085964009,-0.7693080854084303,0.6364384472216035,0.05577788650863479,-0.002973009883418098,-0.09087135846948656,0.9958582014635136,9.959549532050517,-20.00764110775589,-2.68004948,,0.3123579409767528,0.2631578947368421,False,4
0.9997966106569288,0.01934919549087423,0.005687350241748716,-0.01936902146026958,0.999806444268446,0.003451812126605408,-0.005619459634876619,-0.003561268473689067,0.9999778692752502,12.27355367676319,10.36690858882618,-2.57435911,,0.9468820734765577,1.0,False,5
0.8898476406486002,0.4288719024656666,0.155692221088918,-0.456182515540148,0.8424969852094435,0.2865245930604609,-0.008287879558934749,-0.3259873021890267,0.9453378178534582,21.37563322396477,3.881645630833532,-2.49547709,,0.1786651450214889,0.3333333333333333,False,1
0.7200440379919728,0.6782674883082027,0.1465939891547311,-0.6937735439644427,0.6991744498628867,0.1727233578701743,0.01465786639429678,-0.2260714554361356,0.9740004332595316,-10.31449276959023,-15.59471009584601,-2.64129410,,0.3414487079094702,0.1935483870967742,True,4
-0.9094822456895081,0.4146046222982939,0.03074169716294606,-0.4157356706511199,-0.9074088761036873,-0.06142461816329599,0.002428358258738543,-0.06864501975476602,0.9976381931036097,16.93337416912379,30.46764763896361,-3.16688331,,0.1624460215024567,0.4615384615384616,False,2
-0.9346207791642068,-0.3549085322562743,-0.02288958029732605,0.3555685736840399,-0.9311383180107111,-0.08094703293191932,0.007415427350344503,-0.0837935944084077,0.9964555408914796,-4.505007146860862,20.38391862715656,-2.50620859,,0.1899823051853594,0.4222222222222222,False,5
-0.683983047807945,0.7166207860406535,0.1364618603340504,-0.7294770715410326,-0.6733038360811477,-0.1205203153594018,0.005512930914963943,-0.1819796508758229,0.9832868423099336,-28.28506772617538,-1.126130473534403,-1.84065726,,0.217349523179289,0.2222222222222222,False,4
0.8677059664279,0.4957961671669207,0.03567234850713701,-0.4970343250897497,0.8663422768600018,0.04907075511549615,-0.006575371320367016,-0.06030936865544961,0.9981580759300502,20.8563854498554,-8.773814588644427,-2.44359452,0.2640930888998868,0.2451351726747439,0.4464285714285715,True,5
0.9673381518687579,0.2471634274431008,0.05627734956192392,-0.2533930568744201,0.9489607231119705,0.1877911199142368,-0.006989897493727372,-0.1959178045134884,0.98059540851854,-14.23484126216817,4.894246930841092,-2.19307950,,0.2886585553534941,0.4545454545454545,False,4
-0.9057859293079632,-0.4122854718331047,-0.09783935804708463,0.4236218706562813,-0.8757243796417451,-0.2316275493173376,0.00981636232951451,-0.2512518668914462,0.967871963853784,-5.083812934503158,-0.004887224708397753,-2.38305779,,0.3054706738500664,0.2986577181208054,False,3
0.944126214309729,-0.3269600452776788,-0.04150686985546649,0.3294699256159077,0.9395996665871434,0.09274715447914242,0.008675227249395998,-0.101240285170222,0.9948241779786136,7.206147192141088,-24.17022434901165,-2.78270047,,0.1481453946656294,0.35,False,5
0.8165994624882111,-0.5768934933937361,-0.01895297190243766,0.5770954894250082,0.8166434837628787,0.007363186330540193,0.01123004671733231,-0.01695044859581535,0.9997932628014283,7.201264460549964,-2.452264554712428,-2.48061008,,0.1658384699686022,0.325,False,5
-0.9999394188793349,0.01100489037517495,0.0002257412002953054,-0.01075962995823393,-0.9729178565336153,-0.2309005734102855,-0.002321407853222586,-0.2308890140865675,0.9729773246277187,-5.373363363490625,-15.6675768205977,-2.61438295,,0.7414234658175192,0.7037037037037037,True,5
0.9967885222379241,-0.08006942331016645,0.001236683271073714,0.08003814403659566,0.9966545771135352,0.01653932942467295,-0.002556840611525787,-0.01638723190224812,0.9998624511384901,-2.675554860153966,35.39072792167259,-2.82447044,0.5697782052563636,0.5645934934051497,0.9027777777777778,True,4
0.9191203616988741,0.3739861629389774,0.1239036344935507,-0.3939113062329964,0.8780748746887366,0.2716954126631034,-0.00718634346140743,-0.2985278284692068,0.9543738743789639,-7.965787152508199,19.48029155737514,-2.42605526,,0.4366641035981454,0.1515151515151515,False,1
0.3642731201273089,-0.9273578123538558,-0.08551363528107327,0.9312680139135825,0.3633860631111413,0.02627651799679645,0.006706729021325338,-0.08920794248751004,0.9959904431182954,23.25100285572137,0.4879817059054119,-2.45908848,,0.3178727337602423,0.4666666666666667,False,5
0.9668933477746948,-0.2500080520089145,-0.05111974138971242,0.2548256796254327,0.9565404063427861,0.1417544497961675,0.01345834434391835,-0.1500880573672861,0.9885810275355456,12.73326134396819,-9.254528338444572,-2.51617094,,0.3740000801988741,0.3333333333333333,False,4
-0.9433345542545473,-0.3214989778462149,-0.08220903839124453,0.3317873930110204,-0.909231369839905,-0.2514268122893819,0.006086426564475782,-0.2644555224284198,0.9643786766974819,-21.49829316889367,-14.17613488914304,-2.28382032,,0.347930884939329,0.375,False,1
-0.55144168523636,-0.8303179960682834,-0.08052386719995087,0.8341203970895065,-0.5473638034877158,-0.06808839688748258,0.01245917103701166,-0.1047133804086811,0.9944243948236887,20.3417431133679,-20.68806252777469,-2.59695827,,0.2854034115171984,0.7419354838709677,False,3
0.9999116497237693,0.01305699265069764,0.002491523551827489,-0.01328549791296242,0.9877850849740963,0.155255020685071,-0.0004339261392879908,-0.1552744049920552,0.987871282537593,4.642996371010383,23.89809979040871,-2.72949210,,0.4981357794878843,0.2333333333333333,False,1
-0.9992861130534443,0.03770601787321586,0.002349569042425308,-0.03776854997635121,-0.9985450508263198,-0.03848789553804981,0.0008949252618283561,-0.03854915934762651,0.9992563041694402,15.95506402072476,0.1888310997065901,-2.47532379,0.2844481244682303,0.2474533049543022,0.8627450980392157,True,5
-0.008147453383202457,0.9892641824953465,0.1459109188346867,-0.9998109874406478,-0.005483141607333682,-0.01865273575300315,-0.01765243315596964,-0.1460353121334971,0.9891218727809767,-10.07128455011565,1.442874490860078,-2.31843079,,0.09050278828062644,0.3076923076923077,False,5
-0.1659839804244232,0.9684983176082173,0.1856349294516508,-0.985910858739074,-0.1590262205714965,-0.05186944949707271,-0.02071465333642685,-0.191628990397592,0.9812488130827743,-8.950259845418202,15.18451532902338,-2.34702683,,0.1531472898006019,0.3157894736842105,False,3
0.3624258039874991,-0.9293912685326211,-0.06985274926115177,0.9319080364610445,0.3624886886105379,0.01222138325780066,0.01396238458632493,-0.06952568305841336,0.9974824465683221,16.16669468942644,-26.29704696702927,-2.79355534,,0.144655837494902,0.3636363636363636,False,2
0.1013695512962475,-0.9917580163881327,-0.0783597536996862,0.9946884353144823,0.1024526905221921,-0.009917805018879459,0.0178642302276373,-0.07693817735456153,0.9968758127990335,6.57657775029304,2.092242422026402,-2.47424196,0.6431023934069938,0.4971328332791313,0.9863636363636363,True,5
0.3122834433654905,0.9483885442558719,0.0551200519232412,-0.9498784696218437,0.3126060417520382,0.002890607027511153,-0.01448944266205416,-0.05326003928229257,0.9984755501598385,19.81444712776249,2.07896532567122,-2.47837660,0.3441389292205124,0.2322016974567137,0.5384615384615384,True,5
0.576128296145312,-0.8104328439625007,-0.1061828225635127,0.8173018370652443,0.5727460396241071,0.06308471466749589,0.009689866380819628,-0.1231283051201293,0.9923434521211736,-12.8651944423533,-16.27100799972089,-2.59335794,,0.2648080900904136,0.3571428571428572,False,4
0.7745285379239434,0.6240259595209676,0.1034270070403956,-0.6324066910339439,0.7672885376773877,0.1064428348194173,-0.01293526485605525,-0.1478509445111242,0.9889250614330047,10.55723085356169,5.195840628224346,-2.50413552,,0.335085185528364,0.2083333333333333,False,5
-0.1019320824940617,-0.9946928881182641,-0.01399674552778855,0.9946761952233383,-0.1016961053494217,-0.01664838769316845,0.01513661832928727,-0.01561923441482316,0.9997634331689911,1.01070050493945,-16.35186122389266,-2.67837746,0.4349055116463343,0.3793082323545635,0.825136612021858,True,5
0.5337015509167061,-0.796413851789343,-0.2844075090906809,0.8455410965148877,0.5084734281311553,0.1628343544494005,0.014930125702903,-0.3273831846057678,0.9447736987151377,-23.86104336140738,-17.87490181744349,-2.20890163,,0.1948667654843318,0.2,False,1
-0.8421817705680672,0.5368109028298323,0.05063516491389764,-0.5389300919099913,-0.8351138042751296,-0.1101784459094011,-0.01685886581966983,-0.1200790927353418,0.9926211715106291,13.20421379585974,9.870138327397342,-2.57001626,,0.08796160199717155,0.24,False,3
-0.990266198371095,-0.1391140067829693,-0.004488817265820432,0.1391205486793465,-0.9882907544805625,-0.06266464348735173,0.004281273036788752,-0.06267916499944211,0.9980245452773974,-12.77414535867621,10.94017478119406,-2.24388442,,0.1226581536171185,0.5517241379310345,True,5
-0.1649690799454132,0.9722731177105838,0.1657413262867962,-0.985904073956921,-0.1578046744881795,-0.05559533851706469,-0.02789909706623477,-0.1725765606535895,0.9846009197110615,-8.852813610952467,29.95170468659244,-2.52538333,0.527488804474101,0.7128334672881991,0.5436893203883495,True,5
-0.7375860857178298,0.6748907554667769,0.0221186423845104,-0.6691289251283382,-0.7261027513723999,-0.1582443553686078,-0.09073724545105766,-0.1315190580673182,0.9871522119982513,21.79222214700661,2.671419832837728,-2.48144987,,0.4099766717390845,0.5,False,2
-0.6673049148053505,-0.7280377736207673,-0.1570514274304478,0.7446645510190069,-0.6484085920903384,-0.1582434964195587,0.01337374787730677,-0.2225472935911428,0.9748301621220863,2.477383329824704,-18.39135792669592,-2.70273351,,0.5444950182178452,0.1052631578947368,False,1
-0.5334776175086007,0.8041612768787811,0.2621569613533761,-0.8456823556331192,-0.5016549238238492,-0.1821090079433379,-0.01493268188122305,-0.3188525963074104,0.9476866765127903,-19.62162435779271,-23.4621545876453,-2.43978023,,0.3244000629513256,0.1875,False,1
-0.03126673262821353,-0.9760484541488433,-0.2152946970652337,0.9992234559375666,-0.03569107067770729,0.0166922909771677,-0.02397658305395804,-0.2146055978476188,0.9764064526812204,-16.81647150801325,-4.229884596236957,-2.28671960,,0.2491042276547326,0.1176470588235294,False,2
0.9630675533534001,-0.2576524654252217,-0.07820546488705914,0.2692206449383562,0.9263753822137473,0.2633417846968258,0.00459695734933812,-0.2746704539782879,0.96152743574715,-6.182485860762256,3.095856638420315,-2.36386905,,0.7241403807420838,0.4193370165745856,False,1
0.964147739322743,0.2517356685311291,0.0839540942898691,-0.2653206405263529,0.9203204325871175,0.2874287025913551,-0.004908611772442082,-0.2993984878917216,0.9541155333494057,-3.558722736529205,19.97629158055548,-2.51509093,,0.2901577734649009,0.2222222222222222,False,1
0.02843183209326367,0.9944890242662232,0.1009118998822081,-0.9994376306964174,0.03007755801960759,-0.01482440054469942,-0.01777788715660573,-0.100433665260178,0.9947849142456145,0.1737857643034886,-17.74556314057855,-2.69677803,,0.7259800796619773,0.2857142857142857,False,1
-0.9235319297817073,0.3520372381297948,0.1521793601104351,-0.3821366974442707,-0.8783452337104825,-0.2871953949569243,0.03256254197788058,-0.323387435420772,0.9457062162595287,16.60241522526519,2.839016141356041,-2.48981011,,0.4493373123218465,0.28,False,3
0.3357074584627203,0.9113720062143378,0.2381209117682718,-0.941816219805936,0.3292645058673515,0.06758027290848295,-0.0168139954489467,-0.2469533386386605,0.9688814881564521,-10.88917135185397,16.49504128603365,-2.32517913,,0.7602786060593305,0.3448275862068966,False,1
-0.9133623697912152,0.3884130746884819,0.1220838435683228,-0.4071102096905542,-0.8671902232060902,-0.2867793471320483,-0.00551893242284308,-0.3116350432586341,0.9501858456102684,6.451243033411913,26.52399128254943,-2.79640874,,0.5808589963273528,0.3207547169811321,False,3
-0.4990137309935963,0.852042872993042,0.1581399344302803,-0.8657939594912814,-0.4823417749321039,-0.1332187369094792,-0.03723057867210897,-0.2033945789275375,0.9783887413879157,-14.23003902433601,2.359507961607108,-2.21654678,,0.1834887988414838,0.2142857142857143,False,3
0.3076451788510091,-0.9097535552297328,-0.2787524218309002,0.9513518311761597,0.2992908896622071,0.07317551969731853,0.01685637112484604,-0.2877037227984132,0.9575711099654352,-23.15786759156481,-18.93461331790218,-2.23293481,,0.396221415322592,0.2307692307692308,False,1
-0.3810771850508398,-0.9049913663423024,-0.1891317156894117,0.9243675683167174,-0.368959928116119,-0.09702149292186397,0.01802158921868409,-0.2117999015354841,0.9771468794565085,-16.75843220800613,-6.239028168312444,-2.33415998,,0.5001442306799047,0.2857142857142857,False,2
-0.7985740128608131,-0.5775617627567196,-0.1694165168592765,0.6017808939657507,-0.7606207104695902,-0.2435485382064904,0.01180261162457661,-0.296443156450081,0.9549775669369167,16.71861228327964,9.009492241595723,-2.57010152,,0.3917785114118471,0.2,False,3
0.946819941914825,-0.3210091777422031,-0.02202510834662932,0.3173551248243827,0.9203638281876881,0.2285085305002926,-0.05308222244882575,-0.2233462145839444,0.9732927340173227,14.40103492703844,-14.60978358080337,-2.55537190,1.03259417391435,0.748442175426141,0.2857142857142857,True,3
0.3701730267250321,-0.91278125260187,-0.1726334706358868,0.9289628072139589,0.3637613823254383,0.0685985389191999,0.0001819296328227354,-0.1857634022816369,0.9825944866903952,-14.745768998139,-16.00994430018659,-2.53160845,,0.258633015622301,0.1578947368421053,False,3
-0.9775548918419283,0.2055355261597867,0.04627721817629087,-0.210670716865512,-0.9514769753938874,-0.2242976021955466,-0.002069418103619912,-0.2290124729824122,0.9734212884086688,-0.930114634007964,1.326443015588438,-2.40758608,,0.2291080822338781,0.2311926605504587,False,4
-0.5546433554242635,-0.8060701480957938,-0.2064501504783619,0.8319547032479889,-0.5327704094176353,-0.1549421265909152,0.01490369173272699,-0.2576947946656845,0.966111418406255,18.89805268577948,0.559982720028728,-2.46825352,,0.1932030300550856,0.1818181818181818,False,1
0.9906141489319483,0.1341221599923495,0.02636008601689052,-0.1359227878297262,0.9869546252008997,0.08628767897647201,-0.01444311893001279,-0.08906073205143816,0.9959214739737442,26.61884996388585,9.55487155760197,-2.61534033,,0.2590406731959757,0.2352941176470588,False,3
0.5966216420083392,-0.7577124794361035,-0.2644133408019831,0.802382622853118,0.5693647613130963,0.1789019147975565,0.01499142523659639,-0.3188974240750047,0.9476706654147855,-12.30450151124631,-14.51951380832108,-2.61958828,,0.3390307086077825,0.25,False,2
0.9743807419189682,-0.2159306406644293,-0.06289775989406396,0.224872593460597,0.9400998014403712,0.2562121777786543,0.003806111893680197,-0.2637921942628798,0.9645720251791616,11.4607038108349,-10.6525431885826,-2.53906909,,0.407371280218647,0.7058823529411765,False,1
0.05897184939350932,0.9448707505844269,0.3220894063286341,-0.9980863661859501,0.06181970942006451,0.001388942383683494,-0.01859910247392768,-0.3215549536506031,0.9467082365596721,1.882248980540169,28.25550891359265,-2.78617042,,0.4990367725322657,0.1081081081081081,False,2
0.9301089805047696,0.3659334879695357,0.03146373733091742,-0.3654731591909811,0.9136263236960654,0.1780907368747105,0.03642326585224284,-0.1771429451941657,0.9835109163972686,-9.326763474143831,31.4818449629626,-2.53639000,,0.6161209566942509,0.3461538461538461,False,2
-0.7326578899139883,0.6562769177220207,0.1803136811561054,-0.6788659147695546,-0.7235648160768211,-0.1248800492465128,0.04851274173737642,-0.2139031654768105,0.9756495014543503,-21.40122641531065,-16.34104638272302,-2.30506374,,0.3313166372729618,0.4736842105263158,False,2
0.4849031397584209,-0.856361411374144,-0.1775220497901866,0.8744681774640383,0.4778191068618381,0.08363197785822521,0.01320422868434882,-0.195790791987365,0.9805567878087489,2.913548484184162,24.93975035571592,-2.73663480,,0.2090132131561561,0.2058823529411765,False,3
-0.01241293604659692,0.9782512030177745,0.2070519326472943,-0.9997649453259393,-0.00846093993441956,-0.01996162801094899,-0.01777563265046991,-0.2072510465346382,0.9781262856064,-18.20057350910793,1.344706036611711,-2.13577732,,0.5271233700591303,0.2285714285714286,False,1
0.9733862331800398,-0.2222988905302513,-0.05569958998585187,0.2291378840956203,0.9481801873559154,0.2201139758804126,0.003882155040014479,-0.2270188000468688,0.973882638359225,-11.29445831724013,-19.33793009390908,-2.60036890,,0.3843561524492987,0.3333333333333333,False,1
0.7149089824204613,-0.6920503559674465,-0.09985715627770869,0.6991159666689388,0.7099121798053166,0.08521479984497189,0.01191687891586085,-0.1307325581842338,0.9913460476682753,28.47664820620417,-23.14199351185727,-2.53125153,,0.6772568225238743,0.4166666666666667,False,3
0.7855304907077653,-0.6006211296253441,-0.1489835790145808,0.6187521937646914,0.7659787181927877,0.17441997014997,0.00935793138466876,-0.2291961210913267,0.9733352799507942,13.08106322478648,-15.11210306943681,-2.57415184,,0.24705597623432,0.25,False,2
-0.9252146176056895,-0.3714606469654268,-0.07742673391526868,0.3793689913765171,-0.9096312953664447,-0.1692633299682176,-0.00755511420982224,-0.1859782090622234,0.9825248220799748,-9.792275003845589,13.74196705862602,-2.32419017,,0.3865765880705386,0.1102362204724409,False,3
0.8335166420215913,0.5363664708964658,0.1325179850854999,-0.5523716334412392,0.8039506360839279,0.2203382701886005,0.01164414198244357,-0.2568547909584678,0.9663798581919918,-16.71982391935603,-18.18212129205355,-2.47940854,,0.3090832106550719,0.1578947368421053,False,3
-0.7975033582129892,-0.5973107319250996,-0.0849016087368559,0.6030379126198224,-0.7849444098267585,-0.1421532603384433,0.01826662481500112,-0.1645665914115724,0.9861968198128833,-25.0556407458451,3.953763476974757,-1.91808758,,0.5627289795514876,0.5769230769230769,False,2
-0.8940103792926399,0.4458588697973693,0.04421888668931599,-0.4479785352580674,-0.8877955481165748,-0.1055191768941884,-0.007789330206545536,-0.1141443514476428,0.9934336381296591,-22.90690627494462,-14.33852176331391,-2.22426903,,0.119189790104198,0.25,False,1
-0.1384217971034019,-0.944491799104629,-0.2979507467867233,0.9902851632813559,-0.1279822120142722,-0.05436771829636144,0.01321746842187493,-0.3025818812024861,0.9530317432785131,41.10122082873715,-6.098992572635922,-2.36019574,,0.3666698335798177,0.3571428571428572,False,2
0.9261606332044249,0.3671890715471683,0.08601550580394571,-0.3764017882820792,0.9141696416948075,0.1503847066082233,-0.02341314332662386,-0.1716567853011264,0.9848785573763149,21.97702017547522,-9.0692526663465,-2.43288457,,0.2130868661024596,0.2222222222222222,False,3
0.9200020495814294,-0.3889424062769821,-0.04816672467005115,0.3918547900284089,0.9150186246440725,0.09586834767670839,0.006786184330022622,-0.1070734381344958,0.9942279550225379,-9.85281543122096,-12.25056878640166,-2.56838704,0.3816001272837895,0.3871159192646739,0.5797101449275363,True,1
0.4671094398393137,0.8751651546666239,0.1260742767988329,-0.8835424395207828,0.4674890786358269,0.0284027977828193,-0.03408120858579872,-0.1246591890458612,0.9916141173903091,22.38522726044175,-0.4255317182023362,-2.45344256,,0.3964926289934949,0.2894736842105263,False,2
0.3929332956183443,-0.9014273815753832,-0.1817473547005744,0.9194230014397284,0.3886192136078371,0.06030299526879665,0.01627174293273779,-0.1907977530291587,0.9814944970915304,0.8376146152882029,2.772826746156852,-2.42041799,1.165864096504423,0.6308143508563009,0.4979757085020243,True,1
-0.865595577335451,-0.4943396201962952,-0.07982879431315267,0.5006615210026244,-0.8514960970843916,-0.1558603157875307,0.009074022517480393,-0.1748792056084219,0.9845480818939831,-16.1594477517657,-2.878729390578883,-2.28399154,,0.4431816005129063,0.3043478260869565,False,1
0.7698022131244644,0.6378546113261128,0.02336765881920436,-0.6373506953417245,0.7661856054544598,0.08212008975764373,0.03447671411398198,-0.07810962043434187,0.996348454798574,23.07808242501869,-11.37671632031291,-2.43157822,0.2647200944742922,0.2321837372927103,0.125,True,2
-0.9411558517529357,-0.337437181101505,-0.0190213438398911,0.3379345296674556,-0.9387097580205387,-0.06800179303118893,0.005090812277122742,-0.07042825432517205,0.9975038569464617,0.7076929431932513,0.1781155761751734,-2.42928741,,0.2820229197278088,0.2066420664206642,False,2
-0.1456366034261337,0.9836551664529941,0.1058890610631327,-0.9889451128842206,-0.1417258648336655,-0.04360439128764753,-0.02788446601453511,-0.111068864887881,0.9934214431990093,33.91703959346654,-11.08759283512097,-2.31558016,,0.2989802199526546,0.391304347826087,False,2
0.99813712376659,0.05791546287876308,0.01918544548603172,-0.06099703803220547,0.953900389164061,0.293859505383016,-0.001281994639829791,-0.2944823368424526,0.9556560624919155,4.144033947988873,-18.61502448569451,-2.69370307,,0.5435273599463567,0.1304347826086956,False,1
-0.9855003079088718,0.160665280771915,0.05455099143005631,-0.1669617427115452,-0.9755148225650243,-0.1431593777111872,0.03021455911053701,-0.1501915394102221,0.9881951132784177,-1.973683928145135,30.79199900145746,-2.73653060,,0.2546150900565701,0.1428571428571428,False,2
0.8507546032032598,0.5173434852270471,0.0925868425943766,-0.5254628985235185,0.8338489281967675,0.1690701251562925,0.01026388833368563,-0.192488137915649,0.9812456213191678,11.91332769864323,-9.084923913943328,-2.51836760,,0.1883326313846015,0.3877551020408163,False,2
0.4157611049750707,-0.8717325095223396,-0.2592781044203167,0.9093315604797699,0.4034884098776133,0.101554006370316,0.01608778124339219,-0.2779919691939312,0.9604486703402456,-5.247207559768242,16.5287621859523,-2.43986700,,0.78998563517299,0.5225806451612903,False,1
0.8653333320126055,-0.4747322306647128,-0.1607094697771997,0.5011205814567284,0.825108326412294,0.2609107367004559,0.008739985608291458,-0.3063095800872219,0.9518918288326452,-1.999956623807577,-12.11547592143521,-2.60130548,,0.4280253974090935,0.2203389830508475,False,1
-0.9941611046807274,-0.1029719789734645,-0.0322563092477089,0.1078852388868708,-0.9426618353989831,-0.3158313463108803,0.002114987072842499,-0.317467219770024,0.9482668881708213,-6.219779892414124,23.42014149162372,-2.51082226,,0.4538630037365388,0.1612903225806452,False,1
0.1407000109673778,0.9595424092215293,0.2438890563742526,-0.9898952853655597,0.1407292200543048,0.01739570734246074,-0.01763039774983155,-0.2438722032709973,0.9696471098017735,-17.16618940811344,-13.94361537573795,-2.46832082,,0.5747958574779438,0.3611111111111111,False,1
0.9209949917413449,0.3840230455152245,0.06553263080765193,-0.3895095573332246,0.9107892045524991,0.1369135844856234,-0.007108440998958837,-0.1516223116293847,0.9884129423893268,4.797492182830354,27.67289647989264,-2.81346781,,0.3054764886061184,0.375,False,1
0.1609179149384244,-0.9628014731452282,-0.2170685328675009,0.9866956645819595,0.1620988263038682,0.01247541606819617,0.02317520543676561,-0.216188098239213,0.9760766445483045,28.68623585000449,-1.553438031244838,-2.41926731,,0.5264509653107821,0.3636363636363636,False,3
-0.9916787568594658,-0.1284706176177912,-0.008279106387012142,0.1267640788044769,-0.9632428609103071,-0.2368418443395915,0.02245242789803775,-0.2359205190614631,0.9715129423570503,9.46329029200632,29.89692224941174,-2.95563682,,0.509258077288284,0.2,False,2
0.9552246908496885,0.2845057549252974,0.08125432545719649,-0.2958311918833072,0.923401562406468,0.2445679056094564,-0.005449394463541658,-0.2576548659732253,0.9662216485570484,14.44846644406459,7.861474899806112,-2.54445278,,0.7056071318196715,0.3888888888888889,False,1
-0.9680364587249092,-0.2481152446165445,-0.03666387824836322,0.2507663987631756,-0.9547623241127531,-0.1598284008121323,0.004650573156779051,-0.1639137878388754,0.9864637055288079,3.477903174548999,26.44612407271124,-2.76951104,,0.2568620949234208,0.6875,False,1
-0.3830755079378638,0.9204791764363726,0.07727380516814629,-0.9235723659883088,-0.3801924609064169,-0.04967672948856078,-0.01634747689720235,-0.0903978894495868,0.9957715509001829,11.87255431609321,-15.13399509867747,-2.58366246,,0.1635591802503551,0.5,False,1
0.9995282289941653,0.03040896220877271,0.004314447956938464,-0.03070450297973943,0.9927281902173187,0.1163957638602642,-0.0007435997275903258,-0.1164733246938226,0.9931935419112493,17.36622188906341,-20.77299882843167,-2.63337582,,0.2163720331716969,0.3571428571428572,False,1
0.2676825321661783,0.9500501650877534,0.160470389137174,-0.963353926681053,0.2668721963476416,0.02698967885660467,-0.01718353634441566,-0.1618144450700211,0.9866715823643558,24.14057426887814,-8.352651056103582,-2.41077962,,0.08174503393412495,0.1111111111111111,False,1
-0.6173594261805914,-0.7788271998508504,-0.1108852184849484,0.786554690636547,-0.6085696370709023,-0.1047602762168775,0.01410877541167954,-0.1518920327333662,0.9882963891710368,24.30709291619235,-0.1592376357392027,-2.44816009,,0.5457652446984297,0.5,False,1
0.9572890011036836,-0.2777753228620571,-0.08024112645515487,0.2890903867629929,0.9243033531167453,0.2491787705611476,0.004951428797371161,-0.2617330346479438,0.9651276091413217,8.289158612482481,10.12233363944256,-2.53134016,,0.3624282906983691,0.1923076923076923,False,1
0.6772714264594055,0.7133223647398109,0.1802071554174439,-0.7356145622916017,0.66093477595426,0.1484467503141383,-0.01321478891916138,-0.2331017500927372,0.9723625576180552,-3.005679888395377,0.06674233188186918,-2.39807179,,0.1947760857379756,0.3040816326530612,False,1
0.7985966146389926,-0.5856550066123888,-0.1387503524931903,0.6017742862566339,0.7810050181360737,0.1670295484235992,0.01054303027884343,-0.2168856262552119,0.9761400870963273,33.20063732794773,-16.1155434624975,-2.34173943,,0.2805145675390434,0.2666666666666667,False,1
-0.9623770302825204,-0.2570233616947467,-0.08814444467877323,0.2716711969379195,-0.9041824523385348,-0.3296192555622205,0.005021188994250272,-0.3411643070812154,0.939990267627745,4.600028870569588,-8.392720595294094,-2.52821397,,0.6335166544997112,0.1761006289308176,False,1
0.04507877781054096,0.9460657071786803,0.320823287015784,-0.9988253703999758,0.04839686100445934,-0.002371347774336973,-0.01777029083779131,-0.3203395410270473,0.9471361017394078,3.933877459471375,-20.66161856440647,-2.71974484,,0.5730391608208703,0.3870967741935484,False,1
-0.9983850852965798,-0.05386281540367824,-0.01805598444091479,0.05679580791289014,-0.9396448909230838,-0.337404379292368,0.001207336267725167,-0.3378850042232347,0.9411866266900532,-7.745105161724439,13.37668174906605,-2.35647838,0.7940668505178798,0.558204856519659,0.6428571428571429,True,1
0.9004331723326461,0.4224131914625632,0.1038614357756522,-0.4349224111190483,0.8785884262110095,0.1972938763227481,-0.007911919448633882,-0.2228216170089296,0.974827127507316,-12.24093640783462,-4.342178937587477,-2.39585820,,0.180228673478866,0.1363636363636364,False,1
-0.4018650308862826,0.9008969458670527,0.1639792361190406,-0.9155555788085523,-0.3921387980899083,-0.08935963935211018,-0.01620120561267554,-0.1860426186657753,0.9824080949262772,-1.040770355412633,-24.82277569104241,-2.81594600,,0.6243521908348351,0.1785714285714286,False,1
-0.2482969673395427,-0.93785495359611,-0.2424390686857736,0.9685299700123569,-0.2358940739654282,-0.07939573701312466,0.01727174565150162,-0.2545232246441027,0.9669124132613659,39.91498323809668,-15.64825829547777,-2.27057108,,0.6160114996967678,0.4,False,1
