axis_00,axis_01,axis_02,axis_10,axis_11,axis_12,axis_20,axis_21,axis_22,location_x,location_y,location_z,dbh,dbh_approximation,score,reconstructed,number_clusters
-0.9276397805854584,-0.3640125500269325,-0.08354221027871547,0.3734573896738861,-0.9063309217156988,-0.1977216185447089,-0.003743737882163021,-0.2146138946220914,0.9766917940997601,-20.23401084833768,8.755100765737922,-2.15336218,,0.4662644587464043,0.25,False,1
-0.6849515825848072,-0.7278939999292239,-0.03180651476672233,0.7285398642690535,-0.6837479788386546,-0.04145319776430353,0.008425893744867826,-0.05156574736288017,0.9986340561053937,12.37854300155459,16.01688225902501,-2.71558502,0.3626903443413945,0.32861400687753,0.8518518518518519,True,5
0.9853101421143823,0.1705250415935654,0.009226810719263796,-0.170770070582384,0.9834571723281904,0.060411697456105,0.001227534041865592,-0.06109992132362483,0.9981308996190948,-4.851502300399488,8.583498883154277,-2.17029604,0.3180271787440526,0.158911916844129,0.3814432989690721,True,5
0.9116950939721867,0.4050739582896049,0.06875422854368421,-0.4105152719706873,0.9049962035668828,0.1116202625349092,-0.01700785424086344,-0.1299883065707095,0.9913696450108813,9.364102729164586,25.11972153329558,-3.47653821,0.4127424042488295,0.4815189637810022,0.3137254901960784,True,5
0.2235784323638148,-0.9425324841514009,-0.2482845160317698,0.9745163084469841,0.2209175816434771,0.0389022710347603,0.01818376068373598,-0.2506550187811701,0.9679056836320418,10.88186640894423,5.307086382940042,-2.04950700,,0.3130474792794722,0.4545454545454545,False,3
0.999845558913427,0.004969938064161223,-0.01685698777168217,-0.004556929211954254,0.9996906365313918,0.02445129091924599,0.01697329423693229,-0.02437069853530598,0.9995588908791954,4.913561951800091,7.127982366970343,-2.14728271,0.1657591979355181,0.1458636381824456,0.4242424242424243,True,5
0.9777046686176961,0.2097546651168412,0.009826567299056444,-0.2095966450137611,0.9719848841738057,0.1063702558829742,0.01276038252312647,-0.106058311316727,0.9942780331670353,20.12313949587025,4.638896319421406,-2.07789830,,0.3304504219263441,0.9,False,5
0.9980104858386213,-0.05839398057310019,-0.02377421268908924,0.06225467496026103,0.9723411163160883,0.2251157679212502,0.009971238726953133,-0.2261479527964168,0.9740419281757016,-4.358686388219894,-17.22217035025147,-2.11339359,0.8689969429100404,0.4550832893495482,0.2142857142857143,True,3
-0.999167256362066,0.04064725664001042,-0.003548850735533314,-0.04032506540979441,-0.997006717840471,-0.06596585238339386,-0.00621955895524466,-0.06576781210146071,0.9978155701219489,5.914373670806583,-12.6208883757576,-1.90315522,0.5927908974411448,0.5164827303304219,0.8808510638297873,True,5
0.9995581331430297,-0.02880986856236092,-0.007316415860430995,0.02893088315837048,0.9994366530035972,0.01701119139407713,0.006822203991379058,-0.01721534508479867,0.9998285300121784,1.466192676771641,5.716417604710472,-2.07513556,,0.1009784117414371,0.3095238095238095,False,5
0.641833233613788,-0.7583386371272673,-0.1138973734061882,0.7666706973433953,0.6377303362653821,0.07427018272386217,0.01631386109606546,-0.1349908502336467,0.9907125356476201,-23.6574457929982,-5.722193203153012,-2.07753400,0.1562702262364945,0.165421666496007,0.3333333333333333,True,5
-0.638662918444243,0.7689385751440402,0.02903694646025074,-0.7691522755058793,-0.6368184258795049,-0.05354502352672752,-0.02268157155953163,-0.05653105443738971,0.9981431691875606,9.50037406263192,-19.5240544980557,-2.07470192,0.1617042678750168,0.1182979524009494,0.1666666666666667,True,5
0.7360660861867316,-0.6716229705315307,-0.08443519538763976,0.674916946332954,0.737731570551404,0.01546755844854094,0.05190214175105901,-0.06837188944413419,0.9963089141503711,-22.60044961248724,-29.81968598539316,-2.66074866,,0.3268349864997571,0.6875,False,3
-0.09662794336121122,-0.9836446127102553,-0.1520076197033403,0.9952201889456578,-0.09765375944811629,-0.0007202642706056803,-0.01413563145928177,-0.1513506496574832,0.9883790592538403,15.72143503801027,-16.89958702936997,-1.89647115,,0.1806387307505529,0.3636363636363636,False,5
0.6175646133427245,0.7827593338168619,0.07682300221570337,-0.7865113611226389,0.6150665865555772,0.05561450285568414,-0.003718490535892938,-0.09476771299051877,0.9954924677779746,-20.43964873241777,-4.234229986630083,-2.04497205,0.1374664065232105,0.1931094436460729,0.5,True,5
0.7681027366533578,-0.6343428997382504,-0.08733425156998607,0.6401090302348935,0.7642217575415259,0.07890205771641672,0.01669177514124196,-0.1165083295383149,0.9930494417655272,17.51891603216228,-4.403760971991744,-1.79712728,,0.2079363939329985,0.3,False,4
-0.937695839653181,0.3474496835460166,-0.002286853928081581,-0.3467223728672384,-0.9361202676888386,-0.05884250653641822,-0.02258558058645393,-0.05438347015361927,0.9982646591578924,-12.22502881505289,-17.2527763674189,-2.16221771,0.6687853407662484,0.5935839354889835,0.9585253456221198,True,5
0.1989832272736431,0.9782409568414056,0.05873930219007734,-0.9799703213243242,0.1991075679528027,0.003787572761217877,-0.007990280800270814,-0.05831643629313753,0.9982661712543411,-20.79924075952886,-7.588798892239538,-2.06783509,,0.1302200301277452,0.6578947368421053,False,5
-0.9204861736285159,0.3714077503834572,0.1214968605101951,-0.3905080196659314,-0.8627737555430082,-0.3211307106503624,-0.01444613219262605,-0.3430418774746222,0.9392090180377104,-28.47426355262462,2.652705755331908,-2.10565438,,0.4599818740356447,0.2727272727272727,False,1
-0.1175588158337875,-0.992015238862083,-0.04566936265333524,0.9930324598156995,-0.1170529555675954,-0.0136065919785795,0.008152212714268196,-0.04695073437439206,0.9988639396682447,-9.333949586164351,14.90235347467532,-2.43408430,,0.1182651064170936,0.5833333333333334,True,5
-0.9395828526590692,0.3345284520791152,0.07262766510495189,-0.3423142537197109,-0.9167852292166548,-0.2057323387085351,-0.002239350210068704,-0.2181640626677939,0.9759095383645555,-9.29001846517474,-22.01805564282625,-2.30696969,,0.5598063382284242,0.5,False,4
-0.5179324340698975,-0.8539575246470943,-0.05002539192289158,0.8554006401929326,-0.5166247017755912,-0.03726475912713151,0.005978168277404516,-0.06209237967648745,0.9980525025719631,14.34513658071143,-4.923598224365406,-1.78804555,0.4384985458303015,0.4108232988974107,0.8,True,5
-0.6976096242316342,0.7146531136982601,0.05110517841453167,-0.7161410637999908,-0.6933180017535743,-0.08032512174811623,-0.0219724581878601,-0.09263409483453462,0.9954577517681856,-2.801465415038592,15.36998815988272,-2.51173058,,0.1940545621630515,0.5409836065573771,True,5
0.6861362991472892,0.72682277772536,0.03075107757549336,-0.7274729438947978,0.6855408536183314,0.02858065641805044,-0.0003080478838056898,-0.04198080275366279,0.9991183700176172,5.956666925048467,5.5226410458842,-2.07334230,0.2998903349108384,0.1677768489071347,0.1935483870967742,True,2
0.9033598369824882,0.4287820193333852,0.009326565464174428,-0.4288792286317585,0.9030409797191692,0.02407480417515049,0.001900572335093799,-0.02574818137710799,0.9996666539304847,-9.915971679215772,-9.159779068453588,-1.97876898,0.2314144812531851,0.216569008983036,0.8507462686567164,True,5
0.2841142819005608,-0.9580782389271736,-0.03694811110645645,0.9586239029384693,0.2845721202318982,-0.007676008190397017,0.01786861872517419,-0.03323847892019801,0.999287704309388,-4.405679582027858,14.87359840527208,-2.46383812,0.2087884305194647,0.2358725714032587,0.7291666666666666,True,5
-0.8543003192301911,0.515261856273896,0.06838262960996483,-0.5197750181620019,-0.8474271561598204,-0.1081718331987174,0.002212477770581457,-0.1279548141808641,0.9917775307346182,6.153942368670187,-13.78353127227757,-1.92928915,0.6648232236366334,0.6143849925710978,0.6593406593406593,True,5
0.8331581988337454,0.5530346988060777,0.0001939911852843032,-0.5529935210660462,0.8330917789716117,0.01250013875491021,0.006751398009702636,-0.01052186895881903,0.999921851395662,-10.50211181572837,-4.195201843838845,-1.95204745,0.2903332886508206,0.2131613748437638,0.8170289855072463,True,5
-0.05200985790110994,-0.9959309242325651,-0.07359734260403532,0.9985994543766669,-0.05115009351907823,-0.01352026817832378,0.00970074222575809,-0.07419745339470177,0.9971963866310447,19.33495657445997,17.46112336926439,-2.98211290,,0.1874294294963874,0.6111111111111112,False,5
0.538938943100609,0.8257365059426091,0.1664453014154841,-0.8422435926551698,0.531312771301689,0.09128236238744597,-0.01305933539320908,-0.1893831085535668,0.9818164247728173,12.03568784759682,7.500728275906937,-2.16283696,,0.2784858941465169,0.3055555555555556,False,4
-0.9699327305295584,-0.2424539335192359,-0.02113263751938745,0.2432561898346697,-0.9684966991076247,-0.05329699733338809,-0.007544823032720512,-0.05683514703672306,0.9983550679526397,6.535077530120645,1.843808881339669,-1.93032880,0.4489745585498054,0.2507951484264535,0.6122448979591837,True,5
-0.9271020886193009,-0.3631176993454481,-0.09288301082435993,0.3747911544795073,-0.9005529165729861,-0.2203089534626455,-0.003647985971398329,-0.2390606217551456,0.9709977916166418,-5.152455066043558,-15.61695075851316,-2.06662282,,0.7212763425538593,0.3132530120481928,False,2
-0.5604858341782942,-0.8271195937206747,-0.04157892938508119,0.8278466562717178,-0.5581747066445977,-0.0557755373076352,0.0229247330453294,-0.06568237621740977,0.9975772060694034,-21.61775114390815,1.769206030634052,-2.06179751,0.251792772328466,0.2023552505076182,0.8303571428571429,True,3
0.8575749794111472,0.4892767535326684,0.1586613158287291,-0.5143578479054146,0.8151087522088978,0.2665215307823458,0.001076562158766053,-0.310170889228804,0.9506802093706024,-2.902670938977394,5.495448705420699,-2.06909774,,0.6357122806829733,0.2763636363636364,False,1
-0.1741954973673309,0.9797103539579941,0.09911382872460918,-0.9846577240201628,-0.1722536028500276,-0.0278901924091427,-0.01025159618704327,-0.102451542949279,0.9946851693490414,27.40486137127209,-10.11898865303351,-1.72498895,0.3383150693782239,0.2803068138079689,0.75,True,5
-0.997934285501329,-0.05695480270105951,-0.02972056981680543,0.06363813100956764,-0.9397254944373035,-0.3359556271089607,-0.008794890707754311,-0.3371530002148124,0.9414087870545877,-26.15125160146283,5.451245018794594,-2.11724274,,0.2983698444511785,0.2121212121212121,False,1
0.3097461704259036,0.9505159648076934,0.02401479860812723,-0.9506393008536989,0.3100801526495131,-0.01162835350543319,-0.01849944806959715,-0.01922757339230586,0.99964397204333,8.946608699710339,4.95333665149758,-2.04895014,0.1986320250968717,0.160351917444492,0.3142857142857143,True,3
-0.7936060158242288,-0.6073819983863102,-0.03572953517534317,0.6084313514873257,-0.7923209807896111,-0.0451525628053991,-0.0008844065242781111,-0.05757231484699405,0.998340946965644,21.60180002602016,18.4407130968907,-3.12843616,0.6690360930948791,0.6689394792204206,0.9591836734693877,True,5
-0.5277885436418817,0.819116335498979,0.2246946419456979,-0.8492036576107044,-0.5035568673058428,-0.1590082679917211,-0.01709973979283457,-0.2747342539761828,0.9613681337506291,-26.51286093113998,6.531190624676015,-2.13245946,,0.2716726546975972,0.35,False,1
0.8283091366527806,0.5592117473621819,0.03444119262830497,-0.5602713269475712,0.8267557467136671,0.05070478750901255,-0.0001197411065804822,-0.06129565146127022,0.9981196465224025,-16.28796464328752,27.042586151151,-3.16813096,0.3059815138802942,0.342208718716518,0.7166666666666667,True,5
0.3840723185443901,-0.9227448990891438,-0.03209836962998098,0.9232241240888263,0.3842618044684553,0.0002869269361138099,0.01206941706780166,-0.02974418987992464,0.9994846733892577,-11.3066667437252,11.247605832506,-2.25617122,0.477834987082578,0.5527661816545629,0.9685990338164251,True,5
0.8131677265883027,0.5618764870658668,0.1518323474024309,-0.5796668923983529,0.8053057126278512,0.1243744469985131,-0.05238837936458973,-0.1891494712957725,0.9805498127153369,2.173838596920405,17.10409672302711,-2.66848104,,0.285801641888175,0.4074074074074074,False,4
0.3267877423205697,0.930952528315016,0.1629023065917267,-0.9449153055148933,0.325221314894741,0.03696162525961418,-0.0185697838630776,-0.1660074888732904,0.9859496319616251,3.665417112476405,4.518499140900815,-2.04331515,,0.0891834367670715,0.3157894736842105,False,5
0.9462144339221161,-0.3204160988701452,-0.04485274375427499,0.3232479655092624,0.942122152687442,0.08897528988265775,0.01374764821967429,-0.09868826171545285,0.9950234314668225,-32.00653877811055,7.728663059650955,-2.16290158,,0.1081533370689424,0.3333333333333333,False,1
0.1133242700119382,-0.9517298381136519,-0.2852506355302722,0.9934213876824621,0.1133002403386558,0.0166433780902517,0.01647896602683464,-0.2852601808583975,0.958308443506224,-22.09269376136285,3.742723997223038,-2.08173848,,0.1816629421448426,0.3571428571428572,False,2
0.8419929357039143,0.5359565265721438,0.06163195477531962,-0.5394653080813278,0.8375048180491825,0.08696471193032397,-0.005007754129595979,-0.1064719745713809,0.9943030931408436,-22.04180105020208,-4.162379772399134,-2.05711440,0.2338548872718983,0.1769030461015449,0.4230769230769231,True,5
0.6998237934438926,0.7143147072918159,-0.001075674861493705,-0.7142994528052491,0.6997971621850393,-0.007760381426695503,-0.004790600371775762,0.006199253533562894,0.9999693092308908,-9.165559041776646,10.6596240169653,-2.24736896,0.1076937937325311,0.1370127948031783,0.7052631578947368,True,5
-0.1897827469373266,-0.976596218361236,-0.101204423062713,0.9815351436587367,-0.1862065960650994,-0.04377059908971959,0.02390127042118588,-0.107642602460099,0.9939023087848581,12.07666434693465,33.26924860121028,-4.37480136,,0.630747334502033,0.9487179487179487,False,5
0.8734753394105607,0.4823319828378321,0.06630753934003919,-0.4868646034477299,0.8658672724411592,0.1150509644678906,-0.001920768411441973,-0.132776974084486,0.9911440792345365,14.05335109967433,-29.20622904055909,-2.47783896,,0.5413346102689843,0.3055555555555556,False,5
-0.4050369552259772,-0.9109983746453358,-0.07763392489644035,0.9141171249754392,-0.4017936702654875,-0.05432981098095061,0.01830154987717835,-0.09297208144462035,0.9955004999214958,-7.708191191484502,-6.734704110721992,-1.93754550,,0.1076749970946918,0.2857142857142857,False,5
-0.7784335973279541,0.6177034376406958,0.1117300213815757,-0.6277268573565643,-0.7659023847077809,-0.1391133697822956,-0.0003565169167050838,-0.1784264560702846,0.9839531862186771,20.15443401008326,-6.980062072470957,-1.77248267,,0.1934566328221911,0.2916666666666667,False,4
0.9600155284589054,-0.2794716728727848,-0.01630242863678384,0.279632221983798,0.9600692720153274,0.008533074496624852,0.01326670818907903,-0.01275056836569267,0.9998306943978963,-23.96478769315797,3.765555351907636,-2.09445435,0.4327966409001061,0.2147604007410653,0.7090909090909091,True,1
-0.3599057660635411,0.9318285779430473,0.04651172844405375,-0.9328485216939616,-0.3585402435413788,-0.03524952956677248,-0.0161701925655055,-0.05607490606257524,0.998295612422727,25.8739639626271,-10.32912041769202,-1.73020065,0.5138765323690657,0.5439802620081097,0.8857142857142857,True,5
0.7912804185027001,-0.6112924589776945,-0.01402957202473892,0.6114201064443245,0.7912685388824741,0.007717046741313231,0.006383786478618429,-0.0146843103958054,0.999871800931698,7.597648633430595,-18.71679989632457,-2.05185076,0.1882879247380616,0.1255933104910845,0.3333333333333333,True,5
0.997772353233426,-0.06526817894999114,-0.01379840351580662,0.06586017706121976,0.9966733972119368,0.04800600345252093,0.01061923728418709,-0.04880782833286691,0.9987517347634162,-3.028219662467791,-8.652119254663688,-1.91755604,,0.104638448129227,0.3409090909090909,False,1
-0.3572573297680877,0.9339303834984262,0.01188440597834147,-0.9338812593808558,-0.3569727543377688,-0.02088650372210427,-0.01526413129536935,-0.0185604805699971,0.9997112157302269,7.402510852444095,1.819661433201503,-1.92780994,,0.08230751366707317,0.2926829268292683,False,4
0.3261114694200313,0.944280620961273,0.04455803395238696,-0.9452767118895075,0.3262368279939796,0.004633575270673218,-0.01016107632441267,-0.04363073386296091,0.9989960518393005,4.295761219429266,6.60197955557777,-2.11859580,,0.09159820471205751,0.2463768115942029,False,1
0.9961983587035719,0.08500430250106572,0.01905514819196575,-0.08670282550557509,0.9462624453011997,0.3115605954897773,0.008452819982718943,-0.3120282890522944,0.9500352081188563,-19.42864238668619,9.82875723959961,-2.17366347,,0.6568732090476201,0.1481481481481481,False,1
-0.2581520683032607,0.9293335284098572,0.2640013306861054,-0.9659696775501039,-0.2437303314204252,-0.08659161390942427,-0.01612735826159158,-0.2773710845040908,0.9606274979389918,-32.22740207840059,-6.065537177722234,-2.13005744,,0.4692643855128951,0.3548387096774194,False,1
0.7533849055431976,-0.6506651034638924,-0.09511102582765656,0.6573839034948613,0.7487708973239146,0.08478529793896306,0.01604953349870007,-0.126400421103183,0.9918494573368541,-3.127478803908957,-18.03442009069016,-2.13480678,0.6091364503456836,0.6104858471291992,0.7637362637362637,True,5
0.1486058518546943,-0.9648071190625499,-0.2169412911383253,0.9887768214503254,0.1483812987937432,0.01741802316204772,0.01538499779435626,-0.2170949404627039,0.9760292458058639,16.38518659270346,-4.251425004582217,-1.79123055,,0.4048206125992374,0.25,False,1
-0.5576237838675229,-0.7787840530955242,-0.2873170971407273,0.8300699817947861,-0.5205189505549873,-0.2001095885667108,0.006288162567064069,-0.3500791635576768,0.9366990115582956,-30.97702507322538,4.332392540744735,-2.12923405,,0.4534281157795504,0.2142857142857143,False,1
-0.9924998896704643,-0.1129873068298824,-0.04666730653730156,0.1157612239508111,-0.9913547135392736,-0.06176707029538506,-0.03928495938048848,-0.06670607497668321,0.9969989927415569,0.145178324980975,-22.80449466193596,-2.32696957,,0.1556652103078575,0.4666666666666667,False,2
-0.6940440810936671,0.7110803104276429,0.1125504581109088,-0.7198770660326044,-0.6873975363435744,-0.09623739828712778,0.008934388571019799,-0.1478154902265413,0.9889745990418312,9.367443340064142,7.851959258956043,-2.17197446,,0.2380918321920222,0.2280701754385965,False,3
-0.1101954603879125,0.9695878047950005,0.2185324902679431,-0.9936386173470143,-0.1126066336417828,-0.001429747033445186,0.02322194278285845,-0.2172998731078276,0.9758286255899201,-15.9080795969935,-22.72952655306369,-2.35808781,,0.4505891669209727,0.4782608695652174,False,2
-0.6896578249865205,-0.7140484977020892,-0.1204442915386629,0.7241188214080372,-0.6811612575433075,-0.1080336693103318,-0.004900705816101669,-0.1617222438361792,0.9868241479266174,19.65530740728116,-15.36693724645852,-1.81173348,,0.7075228463287587,0.6857142857142857,False,4
0.4812184360755237,0.8699545498782927,0.107739955109908,-0.8764563560637121,0.479721778027638,0.04112507266281858,-0.01590825875284855,-0.1142195116083917,0.9933281585012044,-2.680142974646401,-4.026429384498869,-1.89509583,,0.1681376365550364,0.2763819095477387,False,5
-0.5609609128649636,0.8259499277131217,0.05594257009109455,-0.8276695073302078,-0.558181224311117,-0.05828299462377209,-0.01691274293185117,-0.07899644129473675,0.9967314188833869,7.452800057541026,-21.17235078379707,-2.17079079,0.2976705058161432,0.2970534054307364,0.8541666666666666,True,5
0.7753232623874303,-0.6297751651079256,-0.04750873829305206,0.631445808754526,0.7715222011313481,0.07765103842050622,-0.01224864920124749,-0.0902038501103219,0.995847998450577,-17.93860360439623,9.946184287406993,-2.18216977,,0.5968717966348246,0.7662337662337663,False,3
-0.3383690908360638,0.9317974264427664,0.1313769935773138,-0.9409215230666421,-0.3369741277773357,-0.03339348197860099,0.01315468725310065,-0.1349147630296322,0.9907698829293977,7.577389262917279,3.270425430762202,-1.98169820,0.9238153643214461,0.3398760936930759,0.4,True,4
-0.712271364020885,0.6713796721833115,0.2047409088942868,-0.7014668358377607,-0.6911671721615391,-0.1738741451337228,0.02477462846521514,-0.2674645320509846,0.9632491587741773,10.80537077711892,26.30727685662737,-3.63343840,,0.3939964713022416,0.1666666666666667,False,4
-0.4143879948217205,0.9082561092558078,0.05790880543696777,-0.9100453110399291,-0.4128237238325687,-0.03733771411388796,-0.01000607824640081,-0.06817193733871674,0.9976234085854311,19.13838013529949,-10.22829171779182,-1.76687728,0.3571182439884836,0.2905513582623753,0.1578947368421053,True,5
0.752326838514034,0.6467642232114579,0.1253011078369105,-0.6587865522557086,0.7392092921044735,0.1398924623896483,-0.002146303453449868,-0.1877915387872466,0.982206562460974,9.804402126601417,5.816277677507316,-2.07265849,,0.08895369495764198,0.3333333333333333,False,5
0.3717495375419559,-0.9189594031286616,-0.131589880837227,0.9281828823220212,0.3704859554610719,0.03488113774637536,0.01669785320713091,-0.1351065217060609,0.9906903701413287,21.480845941018,2.843194998325856,-2.00317571,,0.6448224663358597,0.4883720930232558,False,1
0.8865907442223098,-0.436688819862756,-0.1525113991352921,0.4623072102578891,0.8473494531510977,0.2612870980130936,0.01512929617989646,-0.3021618421498806,0.9531365723471594,-7.236771082765699,-36.56134600058971,-2.84825175,,0.3468338011373545,0.1818181818181818,False,1
-0.9787697357925462,-0.193466248077755,-0.067680241956615,0.2029843754178471,-0.9607214170769217,-0.1892398005334452,-0.02841034376447973,-0.1989602212112465,0.9795956730931165,-15.44283974732861,-8.658938559267341,-2.02957296,0.8293502607448214,0.3002357469463102,0.3863636363636364,True,4
0.9998532372525956,0.01320080346342978,-0.01091983257309383,-0.01280277544243579,0.9992787470335823,0.0357501701809093,0.01138388758180005,-0.03560511922341106,0.9993010970616472,2.970779220799898,20.23210546794317,-2.90593165,0.3754469934980194,0.3727666550544461,0.8787878787878788,True,5
0.8646534858966544,0.5019627726106783,0.02019218263997911,-0.5023619459989159,0.8641520889884363,0.02955744084161109,-0.00261238185344278,-0.03570072842286857,0.9993591113564384,17.7055394899146,21.35713657743773,-3.33195435,0.4041723465742333,0.3459560680587888,0.7419354838709677,True,5
-0.7367165509277447,0.6749814930117555,0.04060428155686176,-0.6753261485889682,-0.7313802757181846,-0.0949604408287097,-0.03439936948722061,-0.09738006152192275,0.9946526061881447,-2.442777030157686,-19.51389386788617,-2.18773843,0.417090190233367,0.3160189134880836,0.25,True,5
0.9602095139476851,0.278583243890458,0.01972474455649582,-0.2792133872837061,0.9560308045302045,0.08969384120935119,0.006129737833597225,-0.09163229241265704,0.9957740453041,-15.65516993247047,10.95429263822984,-2.22000180,,0.08365534909083723,0.5,False,5
0.6377583548654826,0.7701997721179697,0.007522754063661167,-0.7702364257612387,0.6377233082351741,0.006695563018789452,0.0003594855027555398,-0.01006445045763652,0.9999492875177024,-22.42259835976972,-5.727697163576522,-2.06923962,0.1979181058470277,0.2175802151453535,0.8421052631578947,True,5
0.1527024066044371,0.9856963439589421,0.07130702997032581,-0.9881937879998874,0.1532013067814155,-0.00154821151689786,-0.01245039660603682,-0.07022874843283475,0.9974532121948935,-29.07195619503312,3.986460027918355,-2.11838611,,0.4513228407142673,0.1923076923076923,False,1
0.0604973052575823,0.9783694469162657,0.1978213876134991,-0.9977762099078176,0.06482880384854209,-0.01548745084116204,-0.02797697264825253,-0.1964445253305029,0.980115726569629,2.969046482285819,-16.49264868059339,-2.04147814,,0.4908466228794648,0.3,False,4
-0.2001390715815897,0.9789168493469554,0.04081855082053058,-0.9794983315473657,-0.1989338783390994,-0.03175422089880556,-0.02296454925281623,-0.04633696271437474,0.9986618623758596,-3.253943586304501,-7.128849675264775,-1.90785482,0.5479220903363432,0.4088249044128702,0.5407608695652174,True,5
-0.9416376216311914,-0.3354511744370413,-0.02812648391756531,0.3365889273847479,-0.9395126578456077,-0.06343390032048701,-0.005146211299613945,-0.06919881008149108,0.9975896156198538,18.31164025739594,5.710314984281013,-2.10767368,,0.2768761702298765,0.2,False,2
-0.871272847962033,0.4850608758349923,0.0748302822279736,-0.4905579630349048,-0.8558862577005417,-0.1637424770253787,-0.01537885909854558,-0.1793729651133412,0.9836609324758584,-24.37178209059437,-29.94971703512647,-2.67047625,,0.08103065595002548,0.3333333333333333,False,1
0.4014044163466255,0.9002875786309625,0.1683946860807104,-0.915598307533131,0.3991571501609543,0.04851091338914467,-0.02354217024593551,-0.1736543844484829,0.9845252261785513,-10.1173431151941,1.627187743284054,-1.99281656,,0.09425467193104886,0.4144144144144144,False,3
0.9322914862172202,-0.3527946317733254,-0.079803085897783,0.3616445233782176,0.9132876392995384,0.1874004445384716,0.00676930110329696,-0.2035721879201542,0.9790365370444422,11.15037562998725,-16.74206962280215,-1.94675558,,0.2870144854938189,0.2727272727272727,True,3
-0.9827668521387984,0.1848009765041357,-0.004232424874073029,-0.1845160520669826,-0.9821117352090363,-0.03755484115676894,-0.01109688545544636,-0.03612670269777636,0.9992856050626243,6.413602901510444,4.088873289714655,-2.02402611,,0.0765096240631385,0.3333333333333333,False,2
-0.1862241734994324,0.9724753431126709,0.1400437940158236,-0.9823824690306457,-0.1820274057607547,-0.04231675901179145,-0.01566019622181424,-0.1454569716098295,0.9892406318304924,-19.62262167601136,-21.94497038355377,-2.35613887,,0.5962148058238212,0.2083333333333333,False,1
0.8273170510138729,-0.5510556946745263,-0.1090143039627647,0.5608180861222886,0.8213485281668269,0.1042577074192716,0.03208693472184761,-0.14739137235593,0.9885576422117193,15.76102416829485,-6.45555689941807,-1.78205632,0.5039376996077293,0.5116907417127221,0.3469387755102041,True,2
0.8318989467683391,0.5541780851851383,0.02882346728382217,-0.5546917784959576,0.8319362900327874,0.0141081605985108,-0.01616085501201732,-0.0277247042728231,0.9994849511314641,27.24429656882899,1.973409184174614,-2.07237468,0.192842550436202,0.1757896589007259,0.3333333333333333,True,4
0.6694051602539969,-0.7385510254206052,-0.08024409184166895,0.7420720378041985,0.6698397742209975,0.02537257536570363,0.0350117428078905,-0.07653142963342996,0.9964522658631566,-5.115772494858447,2.230919358215971,-1.98882874,,0.653989088172932,0.5287413280475719,True,2
-0.446976353284991,0.8808304766664439,0.1560442596817217,-0.8943449926952821,-0.4363287818633763,-0.09881410910643565,-0.01895187708189371,-0.1837249724266899,0.9827949739706068,-7.846745798107349,-26.68137397283618,-2.49999746,,0.4662159356974572,0.3666666666666666,False,2
0.0916093741171733,0.9897975294750274,0.1091264093562717,-0.9957081941832749,0.09249681229004093,-0.00308735363432844,-0.01314970000198728,-0.1083752294637189,0.9940230857623704,-0.4316931056630438,-17.1261766062774,-2.08117206,,0.781761492475177,0.6025641025641025,False,1
-0.4731233416004523,-0.8630685807244955,-0.1768245701225549,0.8809614354809534,-0.4616943174620426,-0.1036595698360586,0.007826418603666722,-0.2048193891931699,0.9787684940691425,-23.02783598656066,-33.53797329609154,-2.83874420,,0.5917270665744343,0.4090909090909091,False,1
-0.3279703076771918,0.9108811265537682,0.2504616748531906,-0.9442189244578115,-0.3077222068722491,-0.1172930777727549,-0.0297674314958622,-0.2749593000533171,0.9609949444905153,-1.083877476871862,36.7821012025079,-4.37451656,,0.4341955980515581,0.2,False,4
0.01639966206094098,0.9909836811542521,0.1329751659907036,-0.9997683731061734,0.01810623134259574,-0.01163462604488307,-0.0139374036650591,-0.1327535614307075,0.991051078757569,-23.31565463397681,-30.66801343352535,-2.69860482,,0.2804149413435024,0.3333333333333333,False,1
0.4243932227726602,-0.8688734992360937,-0.2548513974649974,0.9053205117567992,0.4124150648304928,0.101531203544863,0.01688678350199138,-0.2738113522593381,0.9616351594637492,-19.18054242369226,4.132322234754554,-2.06727669,,0.5509588828409762,0.2727272727272727,False,1
0.9983431328655813,0.05664830814181259,0.0100974375367238,-0.0568495867441865,0.9439126976798885,0.3252644211187145,0.008894579650158125,-0.325299536340505,0.945569192660961,-17.72287744263417,6.398976465898812,-2.09822069,,0.6819780125515174,0.28125,False,1
-0.3585284759200895,-0.8837016476941544,-0.3008799259124056,0.9334686039582575,-0.3360353578204816,-0.1253658794037813,0.009679740628772991,-0.3258092020755367,0.9453859880833133,-2.99376682137671,-16.24544540839406,-2.06425258,,0.7614564099134307,0.2804878048780488,False,1
0.9946461513985961,-0.06519268032843344,0.08018072049785732,0.05433353754854758,0.989911092023744,0.1308583072862356,-0.08790278838251603,-0.1258012095329492,0.9881534068527141,7.368525340831695,16.64412622095659,-2.70414182,,0.5617335626132031,0.1594202898550725,False,2
0.948497628840709,0.3167768802655594,0.00215782593667108,-0.3166116662710122,0.9477341542828751,0.03945916353418747,0.0104547053830678,-0.03811011591354681,0.999218854005673,1.830514693599355,-25.59244476087855,-2.45598888,,0.1792111653550592,0.2222222222222222,False,3
0.952501735246891,0.304522519149451,-0.002545522055320467,-0.3044928021318008,0.9524783161957151,0.008318090339735325,0.004957600385859609,-0.00714790233902546,0.9999621641295067,-27.3570916984271,4.349496484684977,-2.11484449,,0.7401902609442219,0.7647058823529411,False,1
0.6582647091091723,0.7353789944691977,0.1609512573262113,-0.752774705430401,0.6442316049274097,0.135262271446353,-0.004220853656510826,-0.2101984150894709,0.9776496359577316,8.584878121505653,20.64902252217533,-3.06124888,,0.4566427842186248,0.3529411764705883,False,1
0.1075202817047068,-0.9329581023553319,-0.3435528609569111,0.9940888086176564,0.1061199693963511,0.02293453022074942,0.01506086329761486,-0.3439879813959432,0.9388532574645919,-0.4201811023893924,-11.25117615129079,-1.92257073,,0.4188789416682185,0.2989690721649484,False,1
0.9628185481819994,0.2697691338796934,0.01431983528211277,-0.270092058578666,0.9601749636940969,0.07151446698240954,0.005542848495604475,-0.07272312906386635,0.9973367652552045,-10.28860914785895,-16.45308442161723,-2.12155569,,0.08611031306104777,0.2857142857142857,False,1
0.8978690115087065,0.4402618420280008,-0.000865232044455437,-0.4402555215741955,0.8978638703407136,0.003942849252524945,0.002512746666932923,-0.003159238975877973,0.9999918526234509,7.631605276017865,5.097782913717083,-2.04989809,0.1372549470953782,0.1233858406332474,0.6907216494845361,True,1
0.9132827464116615,0.402095813662235,0.06506597991330741,-0.4073141876729471,0.9003026698105786,0.1534609241868184,0.003126919746465151,-0.1666555110617423,0.9860102245948821,5.789313365144153,2.789939855783416,-1.96954287,,0.3862917920121797,0.2090909090909091,False,1
-0.973778417798825,0.219794486331589,0.05870244294277824,-0.2271460086086776,-0.9249845572649468,-0.3046444806565795,-0.01266032394387008,-0.3099902459749394,0.9506554389462216,-4.78996516451241,0.09866098277154833,-1.94587194,,0.4186818544182611,0.2913907284768212,False,1
0.724798049947962,-0.6706958686870215,-0.157590731065611,0.6888768419735076,0.7090790812934438,0.1505176171238885,0.01079274683475873,-0.2176554805149828,0.975965987326174,10.78371772766371,11.57500863318378,-2.37950650,,0.5658424947358247,0.3823529411764706,False,2
0.07074476231208289,0.9959029229931535,0.05632536355054205,-0.9974047594498437,0.07138274894763819,-0.009394092797025112,-0.01337626376113903,-0.05551460282099017,0.9983682709508658,22.5048672783492,-8.966442174653935,-1.75704323,,0.07030492850655073,0.2,False,1
0.5677994297912081,0.817302170777059,0.09808653919823253,-0.8231433827592295,0.5628365029306903,0.07516676385507187,0.006227274562129514,-0.1234189313349391,0.9923351190196134,6.301731077814452,-22.05282932834763,-2.22243372,,0.2246649243123877,0.1666666666666667,False,3
0.9142653663461019,-0.3976001603018371,-0.07767208268086227,0.405001875310356,0.9015989093915464,0.1519634415873449,0.009608376300088248,-0.1703922507390785,0.9853294677380497,31.52912654531929,-1.939797449360896,-1.93449685,,0.558288191028691,0.3333333333333333,False,2
0.02520533271642317,0.997490674311907,0.0661592462429279,-0.9995863582967697,0.02606450372390941,-0.01215540836947994,-0.01384931441107898,-0.0658254989073708,0.9977350350588775,1.441692011711154,-13.09954983570907,-1.94598123,,0.7406302510105678,0.352112676056338,False,1
0.7615442597831045,0.6480640851120067,0.007954997130235474,-0.6481105660023299,0.7615171330625342,0.006659601216222505,-0.001742018238735559,-0.01022729877128265,0.9999461824179838,-1.371256155832157,-13.90471017627459,-1.99035240,,0.9033104926689057,0.7058823529411765,False,1
0.9325302846809284,0.360694293915921,0.01693796001300634,-0.3610699929535035,0.9309324101069082,0.0547111323324641,0.003965897308796221,-0.05713557691175162,0.9983585515782883,26.03856613270614,-24.21559265582175,-2.04401848,,0.4819434198312929,0.6842105263157895,False,1
-0.9679204892329009,0.2507965516121157,0.01519921782903999,-0.2510535379769915,-0.9629345497940748,-0.09863657476879131,-0.01010186083741478,-0.0992881791169295,0.9950074421305942,42.0057153985066,1.550843166795886,-2.14388759,0.414959389036612,0.4712688443359161,0.7407407407407407,True,2
0.5656375908942358,0.8110535652319091,0.1491517016060314,-0.8246311261358082,0.5576388355401749,0.0949864985426175,-0.006133642910537552,-0.1767230698635787,0.984241502377663,21.47896077880591,-2.275499579546477,-1.82256072,,0.191745571759553,0.1428571428571428,False,1
-0.8360413516592636,0.5480697966920325,0.02558038838066824,-0.548491648650927,-0.8336894242846913,-0.06417830783098291,-0.01384809286290737,-0.067686348622263,0.9976105395063979,24.32774646484575,4.944357829947847,-2.17550886,,0.1186828222834696,0.4761904761904762,False,2
0.9652473894022109,-0.2598598243643329,-0.02775516048513192,0.2610115801603665,0.9638953526318841,0.05271341571976539,0.01305497125258847,-0.05812590520580583,0.9982238961623792,-31.63682554018197,-10.51858426807149,-2.17635062,,0.496132577592438,0.25,False,1
0.9783393310906283,-0.1939616937480097,-0.07232575336314427,0.2066349696548455,0.9359874877053097,0.2850077405525064,0.01241541609790585,-0.2937793120992475,0.9557926413326322,18.24644347807788,-11.76000425592247,-1.77899417,,0.4045128516348715,0.1818181818181818,False,1
-0.6992133375617643,0.6920147713805612,0.1794888987287219,-0.7148809167073096,-0.674406040053064,-0.1847207840706164,-0.006781113732742864,-0.2574724244090157,0.9662618522768499,-31.20570928626773,-9.098542594000037,-2.15644360,,0.3211518115127603,0.3333333333333333,False,2
0.2108952812559629,0.9594208451144354,0.187175912723491,-0.9774413967126807,0.2092249213904957,0.0288660399345994,-0.01146718519660624,-0.1890411971741729,0.9819021995263191,-10.97451374915124,1.758444325649037,-1.99984047,,0.08366576346227117,0.3513513513513514,False,2
-0.9832306526822542,0.1813498371543433,0.01922810937460555,-0.1819634827772315,-0.9685857844686708,-0.1695018261281864,-0.0121150551632587,-0.1701582048838755,0.9853422810115725,-11.3398846313101,-16.56280196535323,-2.13378638,,0.2366879668552834,0.125,False,1
-0.9659530824606835,-0.2575751931446282,-0.0242829644239045,0.2586030849227331,-0.964052981023022,-0.06104338005936219,-0.007686803831949953,-0.06524469064325059,0.9978396882213679,-6.431001385117895,-11.69139099724265,-1.98462319,,0.2988416742670701,0.3333333333333333,False,2
-0.8139014356990382,-0.5797355138336875,-0.03835605515476687,0.5810028251964142,-0.8120788451922684,-0.05443956562076626,0.0004124085718236462,-0.06659341702588269,0.9977801094068712,-8.46915999002755,1.434463922288955,-1.98625741,,0.06748177513392989,0.1863354037267081,False,2
0.9391487819354163,-0.3201587829050254,-0.1244906386761586,0.3432268397441751,0.8893109352038306,0.3021943033978564,0.01396072592852711,-0.3265339404344701,0.9450823688313562,11.26335626370843,-12.27519328337081,-1.82951453,,0.3268230862196567,0.4117647058823529,False,1
-0.9171512708651902,-0.377264335470272,-0.1284724388051422,0.3985256989409155,-0.8708219286980017,-0.2878305678386987,-0.003288409041132207,-0.315183739556575,0.9490249715814182,-3.067847311582909,13.6754594185997,-2.40228571,,0.7989160692855886,0.2638036809815951,False,1
0.6371394785629754,0.7707128073952195,0.007419796053740518,-0.7707343183049744,0.637156657861292,6.268967321524083e-05,-0.004679256721575305,-0.005758633519145274,0.9999724709693392,-1.982249590142317,-24.47210537551996,-2.40377825,,0.3482978856075674,0.88,False,1
0.6037162095746469,-0.754829146558434,-0.2564365375735064,0.7969215540658463,0.5799208572393822,0.1691385112977461,0.0210422185640851,-0.3064714649761172,0.9516472383153829,-2.467240496372767,35.75589549881494,-4.24301202,,0.5135595423366146,0.2173913043478261,False,2
-0.2597749682556394,-0.9361274834071527,-0.2370280588402437,0.9655709231844245,-0.24830091120492,-0.07758511323434658,0.01377527381076194,-0.2490220719225487,0.9683998396978603,-0.3874908513359401,-15.44609335393039,-2.02644645,,0.08127082048557321,0.2,False,2
-0.6165272228778367,0.7655531862866882,0.1839089514320686,-0.787315273629894,-0.601051313011596,-0.1373753217871502,0.005370601421518708,-0.2294899520531067,0.9732962131576571,-23.10229502062265,3.555276322606204,-2.08759086,,0.478299998129964,0.3658536585365854,False,2
0.9954055561226931,-0.0885283197164681,-0.03647623127807268,0.09511354737639695,0.9580415298695629,0.2703883136355305,0.01100872134039789,-0.2726154134552316,0.9620601043599529,14.33897089271125,-11.09458013111316,-1.80566673,,0.2926271210862666,0.1111111111111111,False,1
0.9172505269965783,-0.3917947852739883,-0.0717517731948806,0.3980459917166386,0.9082126742244919,0.1292637878770214,0.01452099179869176,-0.1471277832705553,0.9890108979111787,26.39470976877516,-2.933907331443578,-1.86159851,,0.4615289195289703,0.2333333333333333,False,1
-0.6073027724381774,-0.7496573986909654,-0.2630534682850575,0.794452777592406,-0.5708240617808461,-0.2073756848517388,0.005303467225696508,-0.3349233868811067,0.9422304379266646,22.50008400131105,7.29628297228237,-2.29909290,,0.284962026695339,0.1666666666666667,False,1
0.995805912194399,0.09139466450526207,0.004195299590235182,-0.09110567858190269,0.9863665009819221,0.1370433547123363,0.008386928449218449,-0.1368507984655214,0.9905561661968177,18.36189091816959,-10.8280126258274,-1.77402827,,0.4535463410499392,0.4375,False,1
0.9821067420292119,0.185765978507492,0.03094104862349772,-0.1881992186372509,0.9621069913500112,0.1973098864724185,0.006884864929383182,-0.1996024509483399,0.9798527747627808,17.69627004377037,-8.414714997908021,-1.77658304,,0.3617305162710266,0.4482758620689655,False,1
-0.9927243205210599,0.1199906267937616,0.01003358996776039,-0.1198749907283959,-0.9770389222030142,-0.1761389539489776,-0.01133181555920774,-0.1760601998806468,0.9843141754410122,0.9277633941935051,-18.1121123505369,-2.10587605,,0.9270517840106569,0.52,False,1
-0.5614308131362754,0.8052882552024195,0.190542037603735,-0.82734660567092,-0.5414652421831059,-0.1493753178821645,-0.01711829857046619,-0.2415082142301442,0.970247775732271,25.41621001191794,-2.886872442901819,-1.86039408,,0.7396997926862114,0.3,False,1
0.5131983821423581,0.8505757287053192,0.1146662561692924,-0.8582405089551239,0.5096879689671654,0.06034403929615584,-0.007116836018645181,-0.1293796893934342,0.9915695873803022,13.08033703935126,-39.197362840815,-2.95249654,,0.2250941738557217,0.3333333333333333,False,1
-0.03611389237193428,-0.9627166896390092,-0.2680902129288873,0.9992532390250399,-0.0310988402767328,-0.0229309055950476,0.01373867081325813,-0.2687181378767539,0.96312087055589,15.36364186793088,-10.06618572900925,-1.78938455,,0.4952993411814389,0.1964285714285714,False,1
-0.9934453527456002,0.1103661202968653,0.02975988237186959,-0.1137528567886944,-0.9288987347099102,-0.3524307424540863,-0.01125249663765584,-0.3535059548931893,0.9353645926452818,10.52744098919061,39.51320307960845,-4.97974317,,0.4446576694421541,0.3157894736842105,False,1
0.9623561857596755,0.2680982186339939,0.0446532965789572,-0.271735449382921,0.9457500841193673,0.1780916166945317,0.005515186193696173,-0.1835214525702354,0.9830002335542755,0.7481015094471104,14.88986898773976,-2.48767240,,0.5674418699357889,0.4198473282442748,False,1
