axis_00,axis_01,axis_02,axis_10,axis_11,axis_12,axis_20,axis_21,axis_22,location_x,location_y,location_z,dbh,dbh_approximation,score,reconstructed,number_clusters
0.9894373375966623,-0.136220864860241,-0.04957449895214532,0.1418131343748872,0.9804719628272078,0.1362489083572152,0.03004646216110169,-0.1418400722168829,0.9894334763010149,-1.392049748699776,25.9279221568809,-2.68178579,,0.2109369322090447,0.2058823529411765,False,4
0.8492825145838543,0.5236197228254109,0.06739136658628027,-0.5279012132261711,0.8437950483778417,0.09659309192366622,-0.006286453408999675,-0.1176108081822275,0.9930398674284237,12.33654262631194,12.36574952868364,-2.54787521,,0.160246087858072,0.2857142857142857,False,5
0.02273351389619254,0.9780162061169477,0.207286005119842,-0.9996819944200085,0.02450148558718752,-0.005965503872654557,-0.01091317453197904,-0.207084470148373,0.9782621963691543,-21.64562572208484,1.613332826631392,-2.08332005,,0.5271233700591303,0.2285714285714286,False,1
0.9998332841060209,0.01821197438441354,0.001314527591802658,-0.01824784804834653,0.9991658468115792,0.03653254175257811,-0.0006481013598252096,-0.03655043849697108,0.999331599325422,-10.9879268190557,-9.44282132330855,-2.48490412,,0.08141038455933873,0.2439024390243902,False,4
0.8759879096298457,0.4588581284140982,0.148641852015657,-0.482299660292018,0.8369229403580104,0.2587412405951302,-0.0056762544461806,-0.2983441132162887,0.9544414965018281,-8.654757735999453,-0.2905022589558826,-2.33377269,,0.07860714135698235,0.5714285714285714,False,1
-0.2340276559400815,0.9712392975432226,0.04387804875947805,-0.9721607686548082,-0.233234213327179,-0.02247758043352209,-0.0115972472459768,-0.04791689306914912,0.9987839982773633,1.343762763287316,12.43015792174404,-2.44803838,,0.09084935529729525,0.3333333333333333,False,5
0.2232834353985778,0.9680956281432269,0.1137337339867959,-0.9746944372518835,0.2230299884221999,0.01511218894226486,-0.01073598932760762,-0.1142299393082367,0.9933963254908853,-14.09169708558278,32.02391114490982,-2.46885426,,0.5607721594318504,0.2380952380952381,False,1
-0.2116617399057823,0.9665640969511174,0.1447520443556055,-0.9773373937451078,-0.2088252482086123,-0.0346934359516522,-0.003305547999476766,-0.1488148587866203,0.9888595507738906,-13.50491652211781,-1.003964355250559,-2.30031911,,0.1733949884748131,0.2626262626262627,False,6
0.9936926741533267,-0.1118301894746782,-0.00829928045492088,0.1120478464058275,0.9931358013310942,0.03356427014345872,0.004488813855347064,-0.03428248585654999,0.9994021021158946,7.247138652486683,-7.742050248455172,-2.46922372,0.6043347050271193,0.4894512371424133,0.9795221843003413,True,5
-0.6741833961264263,-0.7340828408056186,-0.08123503691259651,0.7384833484138523,-0.6683945168684201,-0.08883194209120955,0.01091295115461209,-0.1198797424712948,0.9927284396259195,17.6116868974521,-19.0625868700694,-2.54312824,,0.2366298692655383,0.8135593220338984,False,4
0.5573045618136815,-0.8297233676695768,-0.03115699800554841,0.8302797782594074,0.5572032350029126,0.01265087806438524,0.006864050930111963,-0.03291941745150604,0.9994344384498082,3.511754007002992,-14.19928360657499,-2.57893615,0.733326313394318,0.5574004742693035,0.9959183673469387,True,5
-0.6336022129450739,-0.7679407142715192,-0.09388980304194594,0.773181768698682,-0.6242692866348111,-0.1117041195142037,0.02716962095953019,-0.143369861298023,0.9892961612016405,-14.31159069810542,31.13990548832622,-2.45172376,,0.223343839094639,0.44,False,3
0.5230210021166474,-0.837922142773532,-0.1559984422829636,0.8522802399415156,0.5123988226306736,0.1051942924874399,-0.008211208810611657,-0.1879732140931593,0.9821398305910196,-15.62969927821587,-15.8517761885193,-2.53794456,,0.4593207511185795,0.2368421052631579,False,4
-0.2852359345606153,-0.9513798181045593,-0.1162622180188751,0.9584567889391664,-0.2830001135475756,-0.035658371646533,0.001022434230348669,-0.1216033611188249,0.9925782473905267,-17.61540553631244,-15.6470241259905,-2.47766249,,0.264467231604736,0.3055555555555556,False,3
0.7123472336567863,-0.6879405841177927,-0.1389214577565118,0.701402954148036,0.7047118651299416,0.1068413920607907,0.02439906993990339,-0.1735480909395133,0.9845231056289733,13.22241697553761,8.325739454485557,-2.48155047,0.2940002767555834,0.3090626430005372,0.4285714285714285,True,5
-0.8260713765815567,-0.5607351388922127,-0.05641085714809516,0.5634131895921961,-0.8240275477806969,-0.05953300170560698,-0.01310185430388819,-0.08096112962442094,0.9966311438560093,6.620567319085694,-16.29984513477814,-2.58192062,,0.153794278623633,0.34375,False,6
0.09652196132031644,-0.9781177831073579,-0.1843071169326515,0.9951724213006365,0.09814141969759778,0.0003370791710963295,0.01775845898457717,-0.1834498953635209,0.982868644848133,10.42924519884787,-8.01010503527587,-2.45772413,,0.385121168247582,0.125,False,2
0.9463199469859428,0.3226796796565936,0.01887808976672018,-0.3232186487545035,0.9441478361174599,0.06414490355461842,0.002874549327327352,-0.06680335239669044,0.9977620202607074,17.71195078026625,-7.103330514962721,-2.38855097,,0.2132611323495165,0.25,False,5
-0.6873168894469132,-0.7242749264365677,-0.05496657544658307,0.7262558057818509,-0.6839825058698666,-0.06870543087801396,0.01216544488192724,-0.0871421975812135,0.9961215986773616,-8.619801464664079,21.08912522824819,-2.45240652,,0.228403024565992,0.4871794871794872,False,4
0.8329188627582343,-0.5504117778571724,-0.05738504036450623,0.5527616273526429,0.8225199310610894,0.1338489683700203,-0.02647170920033978,-0.1432055788137017,0.989338875617776,12.34147816238641,-30.81296821429447,-2.98511434,,0.2903556757693513,0.2307692307692308,False,3
0.9923520512493376,0.1143400070665475,0.04651633224206168,-0.1219036959770043,0.9670233077587638,0.2236188971407504,-0.01941379119023717,-0.22757918409934,0.9735660325197775,-14.49536641570035,-18.2402366619948,-2.54363379,,0.5228290114648234,0.3333333333333333,False,3
0.3059178996255899,-0.9460646920710786,-0.1066575693756543,0.9520091444331622,0.3028428657202702,0.04432592467137725,-0.009634708314510661,-0.1150990751430672,0.9933072914747504,25.85314514102691,-21.21848449138156,-2.47199783,,0.6700456365155907,0.4166666666666667,False,5
0.7632985350077137,-0.6270877390247426,-0.1553586625197155,0.646025059264477,0.74280868164128,0.1757466508377142,0.005193193372829288,-0.2345127502784884,0.9720991722552862,10.19623987783513,-13.75819960047093,-2.51785593,,0.24705597623432,0.25,False,2
-0.83827557567508,0.5209831912579069,0.160843320201182,-0.5451726191626941,-0.8057286298698731,-0.2314912316337376,0.008993027404651755,-0.281740819610407,0.9594484019598735,-2.246815955581951,29.23287475770395,-2.73674497,,0.565609249858272,0.3846153846153846,False,2
0.5148726508561086,0.845301292660052,0.1427300880250801,-0.8571711622491326,0.510114990536711,0.07099503530670906,-0.01279656238501047,-0.1588975174663673,0.987212148899187,-13.57877417650872,14.18437224174312,-2.26747230,,0.430099530322218,0.1102362204724409,False,5
-0.4336303236884715,-0.8964090379484652,-0.09173646528037853,0.9010199080532721,-0.4300657584513397,-0.05662657237858436,0.01130785874975497,-0.1072113804219531,0.9941719429950306,6.186511827458219,16.36909279396792,-2.57029202,,0.2617630169295244,0.2,True,5
-0.7911509184261536,-0.610600061104965,-0.0353240661881775,0.6115683256006076,-0.7890044955582314,-0.0587885117261065,0.008025421828362009,-0.06811366505712459,0.9976452882848509,-1.791037969063268,-22.37843164664261,-2.72588741,0.6424084427537191,0.423315017349551,0.7407407407407407,True,5
0.2519858292854003,0.9525840824757057,0.1705482560839211,-0.96766980871554,0.2500067161681539,0.03334341271145391,-0.01087580524739736,-0.173436465844798,0.9847850065752862,3.501592985372554,14.91209440299528,-2.50863065,,0.3143426908065238,0.3090909090909091,False,6
0.941096162930685,-0.3335071800457765,-0.05577609680728175,0.3381364751797886,0.9275551000599144,0.1590762726047813,-0.001317676033584134,-0.1685660025353763,0.985689487881003,-13.38155652285423,-8.01602045886969,-2.44343577,,0.1153020673641013,0.3773584905660378,False,4
0.8524085655730678,0.5078727877839891,0.1243578255124442,-0.5226458053170949,0.8205231000202224,0.2314804624966197,0.01552415930444079,-0.2623110248573681,0.9648585008778059,-19.47886688777947,-17.86343974949472,-2.42785216,,0.3090832106550719,0.1578947368421053,False,3
-0.9876131560462611,-0.156833551112184,-0.004846777267950842,0.1569077405006617,-0.9872288473095134,-0.02755293107650081,-0.0004636543111281937,-0.0279721340886122,0.9996085957709688,12.52299741914101,1.644864770507411,-2.42275796,0.2840803625685713,0.2373437845745016,0.6741573033707865,True,5
-0.3385159066052116,-0.9317717874871507,-0.1311804749886635,0.9407881489561271,-0.3324792128581304,-0.06614553500382582,0.01801776231822219,-0.1458043519934771,0.9891493573676353,-28.70657240969371,3.864835510680621,-1.86533368,,0.5533115758087702,0.5769230769230769,False,3
0.2315402794606188,-0.9721179055832438,-0.03709281105207489,0.972801321010039,0.2316340121822001,0.001809486528956396,0.006832922392398165,-0.03650290460802904,0.9993101866421434,3.884737084301946,-1.311677109668068,-2.42785214,,0.1764931131435326,0.8125,False,3
-0.8777130963502893,0.4768209958695047,0.04755479358804366,-0.4791623932167622,-0.8723404102841918,-0.0970855782904591,-0.004808473975449415,-0.1079997522368534,0.9941392920988514,-25.79748393145275,-14.23402545281786,-2.17302374,,0.119189790104198,0.25,False,1
-0.9341488294269308,0.3561315934903654,0.02315712845558191,-0.3568364202468897,-0.9310007652159114,-0.07684623837751106,-0.005808069014773573,-0.08004913044750205,0.9967739979799427,4.697058932480331,3.173139703349761,-2.42799692,0.1466490577820239,0.08842070100313448,0.2941176470588235,True,5
0.851993655915251,-0.5150352277799815,-0.094050648194405,0.5233043407074554,0.8322112503220734,0.1832402844194136,-0.01610519409695405,-0.2053366722799285,0.9785588759702225,1.052435996861334,-15.42451803583788,-2.61028134,0.1849986716980161,0.2321307251475941,0.4,True,5
0.6898334228243006,-0.7235536988350831,-0.02449272660567504,0.7239182727164468,0.6897880819766571,0.01160760053593044,0.008496068605334651,-0.02573804314697451,0.9996326174916557,3.155631590069618,4.217965253624556,-2.42458627,0.1819114067324009,0.1265960495064111,0.3522012578616352,True,5
-0.7134429572920139,0.6656392133756799,0.2189145593765559,-0.7006331966921828,-0.6729300081746278,-0.2372305372227373,-0.010595771954822,-0.3226292635746199,0.9464661049937181,2.128879030007226,27.64244489212832,-2.74321120,,0.5336437512925188,0.2857142857142857,False,2
-0.9987645128319873,0.0493221494611885,0.006064114116048556,-0.04969349443532277,-0.991134158647974,-0.1232218981024912,-6.721823274733903e-05,-0.1233710060496484,0.9923606150729724,9.460341288888287,11.26686297159699,-2.51768599,,0.0934627289513946,0.4285714285714285,False,1
-0.927001666120928,-0.3693517475861145,-0.06517052680549575,0.3749971403816398,-0.9158634668809611,-0.1434268271223305,-0.006712355370175642,-0.1573956688980646,0.9875128088776949,-8.629392215736289,19.27114183826356,-2.42261172,,0.287679866255754,0.6666666666666666,False,3
0.4722255694561619,0.8809058376406168,0.03174770483809071,-0.8814180131952518,0.47230648515075,0.005373090309975009,-0.01026146026345486,-0.03052030955326654,0.9994814721334428,3.499845260920608,6.758669565159522,-2.44006883,,0.1316702038045755,0.6821705426356589,False,5
0.730042115759869,-0.6827623916160022,-0.02956392754104176,0.6833394509647398,0.7287057474828643,0.04511239675132845,-0.009257643980142897,-0.05313614758559526,0.998544363485018,7.247906252085158,-18.81487018543851,-2.62537802,0.4594269316872778,0.4506554089695617,0.675,True,4
0.1310204837387064,-0.9900910343388971,-0.0505309465833379,0.9913213876988272,0.1313951272783337,-0.004150520254443316,0.01074891304957868,-0.04954860491722537,0.9987138712459185,13.66183971494877,-24.78442394325401,-2.73886513,,0.1280640519206761,0.1875,False,1
0.9962169793455651,-0.02833961205817506,-0.08214984146051801,0.04198079025399567,0.9846503814953549,0.1694144016035832,0.07608773431536864,-0.1722222186869112,0.9821151480744554,-10.53882791723009,-11.27936360628007,-2.51897751,,0.4148405691541336,0.3191489361702128,False,2
-0.3573835266826129,0.9335019496919652,0.02917404286686339,-0.9338894351011892,-0.3568052975110099,-0.02324871339368244,-0.01129326623612211,-0.03555403759602044,0.9993039440272118,16.33950711813009,3.683716279181454,-2.42594288,0.7237056026682923,0.2760582487208677,0.7865168539325843,True,5
-0.2496419921101188,-0.9312475757362327,-0.2654370517856937,0.9677599636771087,-0.2304648612039316,-0.1016198821783133,0.0334593556269852,-0.2822479414196713,0.9587578271312234,37.83818597786825,-3.848736720259978,-2.30790992,,0.5481182500493846,0.3571428571428572,False,4
0.6562808355156919,-0.7544374480148864,-0.01093626845003199,0.7545061961041641,0.6562792658022297,0.004233830241210126,0.003983086146496267,-0.01103006395594061,0.999931233992557,8.504350626165149,11.68893691204329,-2.52166144,,0.9526420634332158,0.9935691318327974,False,5
-0.996596623595144,0.08139289317355915,0.01305246258748573,-0.08223403042337447,-0.9926409617482916,-0.08889029924438112,0.005721370385461813,-0.08966112870283138,0.9959558965740641,5.333123420618563,11.03075533438266,-2.48429475,0.1711646836049344,0.1463063256973151,0.3043478260869565,True,5
-0.7793882415068853,-0.6254454884480002,-0.03703930319063783,0.6265410804627417,-0.7780714522789917,-0.0452889571644343,-0.0004934504899313152,-0.05850432572471839,0.9982870330611887,18.54783061716034,-12.60268821954483,-2.42432743,0.3827909795059511,0.3582762828872258,1.0,True,5
-0.5798743687817285,-0.7923660712920897,-0.1894775065677469,0.8143853049103722,-0.5572278738496492,-0.1620915536079513,0.02285369939488496,-0.2483004342930921,0.9684134461859922,12.95939456923657,10.52863655340965,-2.51796222,,0.380450651463601,0.3225806451612903,False,3
-0.3111988949762846,-0.9102415440466022,-0.273158524042721,0.9502866695061456,-0.2948692692134233,-0.1000367923939022,0.01051159000620049,-0.2907102433097258,0.9567533960798585,6.918545648477959,-10.50915436764308,-2.51005984,,0.2495203448595724,0.234375,False,1
0.3599754882973561,-0.9266386864346254,-0.1084361223384127,0.9325105307186097,0.3609772899560822,0.01093189072663235,0.02901306471189296,-0.1050530386931942,0.9940433094877451,19.74487352097651,2.183966282698492,-2.40658099,0.434250981770715,0.4460022767024546,0.4,True,5
-0.9448158858734456,0.3192075774792221,0.0736848985954512,-0.3275851884288138,-0.9182946479443462,-0.2223125814676878,-0.003299412558928063,-0.234182539990955,0.9721870457068177,-4.380297688383905,2.182020875225504,-2.35484263,,0.2407795984892699,0.2249134948096886,False,3
0.9941297933721811,-0.1080648054001365,0.00528694274747742,0.1059390193105119,0.982171437551795,0.1552938873393523,-0.02197448787370178,-0.1538221866028145,0.9878541677754958,18.90696836459915,-7.397522511373637,-2.37962530,,0.203211147226529,0.2222222222222222,False,4
0.9454642205123983,0.3256203889726694,0.008292768908594334,-0.3256728314907099,0.9454634220333414,0.006010359875126041,-0.005883413950047022,-0.008383309745695077,0.9999475514035727,-1.838313132321048,-15.41749406125226,-2.62561783,0.4584911077237625,0.3703752363000548,0.8595505617977528,True,5
0.894357859731738,-0.4466104643947799,-0.02575095782962646,0.4472787788555707,0.8937713797274297,0.03338285137006271,0.008106338355482487,-0.04137407247546863,0.9991108414011233,-14.70948352004996,2.650653066623732,-2.24689189,,0.2651083795940002,0.5082872928176796,True,5
-0.976618828606681,0.2057956655270008,0.06215953395266589,-0.2149517224133501,-0.9393331491270679,-0.2672994425406818,0.003379444103372616,-0.2744109673488362,0.9616065725421326,-18.64767776726438,38.49415731367252,-2.43756997,,0.3581932274484865,0.5294117647058824,False,4
0.2990848858952004,-0.9492403222015254,-0.09742197768368993,0.954175575394475,0.298561029698663,0.02025544040249904,0.009859125198520634,-0.0990157676939409,0.9950370221244543,1.947403841284711,8.488807558463492,-2.43018018,,0.08051033541863407,0.3548387096774194,False,5
-0.6646007196521148,-0.7468960654888107,-0.02126383773514533,0.7470099778550234,-0.6635242117768638,-0.04137285790141236,0.01679215361202909,-0.04338073009098703,0.9989174819943057,-7.333758330091939,36.18855644337157,-2.76855002,0.5507637348144695,0.5580125405377614,0.9387755102040817,True,2
-0.7871131396356522,0.599839521271802,0.14368526066832,-0.6164973248276934,-0.7724727173849237,-0.1523710910122093,0.01959474146819244,-0.2085148666555187,0.9778228860537205,-0.8766076343895293,27.41711460405008,-2.71556113,,0.3091393889915813,0.24,False,3
0.9997441594013192,-0.0225263690446471,0.002044123434400155,0.0224668420366162,0.9994209933047199,0.02555228269079139,-0.002618540023071567,-0.0254998203811861,0.9996713972144428,4.406661058181214,8.271560906108334,-2.45683758,0.1515503444218114,0.1519040942604019,0.5363636363636364,True,5
-0.7407066656559462,-0.6671765025664115,-0.07892496357998868,0.6718174129950377,-0.7362426434108337,-0.08129042760426487,-0.003872860636093137,-0.1132355264335366,0.9935606254798015,-6.391097715459409,19.34925810239798,-2.45368096,0.2456292157598043,0.1964651384321119,0.6376811594202898,True,5
-0.4464859261111464,-0.8943955807676878,-0.02658689316003124,0.8947447239735977,-0.4459648217565064,-0.0233935178435933,0.009066239908747277,-0.03423335886118206,0.9993727434921361,21.74906122035378,-0.3795654949064442,-2.37257165,0.2119115739537755,0.257279812967791,0.8793103448275862,True,5
-0.9598934702465184,-0.2796795427292901,-0.01959283432361985,0.2803443854267981,-0.956629174839846,-0.07916847481736701,0.003398725903718243,-0.08148604312379074,0.9966686878989731,-16.56361511573084,11.42291270441604,-2.19054269,,0.1319439777258644,0.3333333333333333,False,5
0.9056612973833006,-0.420819548334229,-0.05185096104965194,0.4239811668973247,0.9000293222473387,0.100931606602588,0.004193392228242232,-0.1133936807532599,0.9935412868254887,-12.8246616746336,-11.69196401115863,-2.51611395,,0.3871159192646739,0.5797101449275363,False,1
0.7029315982428997,0.7081271524625184,0.06665661360291515,-0.7111277547535894,0.7014999757712147,0.04685189870330723,-0.01358251121120087,-0.0803350480071488,0.9966753711469384,19.76701346246273,-5.980960799604674,-2.36756970,,0.230162813466284,0.5892857142857143,True,5
0.2650998018465799,0.9526955240236747,0.1486382641386827,-0.9642193744039772,0.2616494220942013,0.04266823105982521,0.001758716835731811,-0.1546312336593974,0.9879706921220212,6.846806717790855,6.417796358006058,-2.45190725,0.6042250618782162,0.4164257607207317,0.425531914893617,True,5
0.4978811921834861,0.8582398669009297,0.1246541187920673,-0.8667942388219123,0.497089959115089,0.03961464491956013,-0.0279654432307853,-0.1277728586548622,0.9914091136236707,18.97771423259871,1.262592012517928,-2.40079915,,0.3964926289934949,0.2894736842105263,False,2
0.9845326475431943,0.1738554646919535,0.02167356265897016,-0.1752001826489254,0.9773893015692757,0.1183851729639565,-0.0006015990114828458,-0.1203512799045676,0.992731185922937,4.624926659186258,-22.92257170541157,-2.72817047,,0.2624009221201319,0.125,False,5
0.3603756095129056,-0.9144607710397921,-0.1840948622246461,0.9327536634825303,0.3553833796865744,0.06060739808363206,0.01000116633805521,-0.1935565851937305,0.9810381363637305,-2.668424999481829,3.690665520701032,-2.36760385,0.8388233546387857,0.6308143508563009,0.4979757085020243,True,1
-0.8495868137677721,0.518556679377796,0.09644281281981539,-0.5272047764977502,-0.8404388383486511,-0.1253701823924933,0.01604274009892206,-0.157357965377808,0.9874113130921048,-12.7910616250312,-15.08248514109798,-2.58500152,0.5400311332050856,0.4098904786575153,0.5670103092783505,True,6
0.4445383700682728,-0.842508665073911,-0.3042446167353157,0.8957088244970536,0.4217114823108247,0.1409437029643862,0.009557157273439865,-0.3351694720027213,0.942109381007464,-15.0513081151351,-14.11738832212572,-2.57714690,,0.3335504815529599,0.2142857142857143,False,1
0.106619668991013,-0.9857971462614519,-0.1297545090046037,0.9942213030405436,0.1073401240459987,0.001448568312134745,0.0124998705838146,-0.1291591428918936,0.9915450917849479,-19.95346607692784,-5.879969254214501,-2.28197044,,0.6254656535908868,0.3333333333333333,False,3
-0.07516967521380975,0.9879056020182884,0.1356172608082541,-0.9971428688074256,-0.07345200075397598,-0.01763243521853258,-0.007457822386472828,-0.136555208930753,0.9906043891479236,-13.49987045130848,1.990837401356828,-2.26566729,,0.09297997200991555,0.3535353535353535,False,5
0.1101834453981481,-0.9907667417208267,-0.07899918898374622,0.9938519248872983,0.1106968393380557,-0.002135686862935149,0.01086092804529667,-0.07827817869918191,0.9968723925265126,3.07607338118811,3.219432268607477,-2.42140057,0.5951043980127384,0.4758503921400257,0.9810690423162584,True,5
0.02489044059250525,0.9659294262739243,0.2576059188474474,-0.9995347982399192,0.01950291184784058,0.02344831629219636,0.017625353176447,-0.2580697190442576,0.9659655102734377,11.36635518035195,-13.13985397047264,-2.49846368,,0.7032014813354674,0.3823529411764706,False,3
-0.9970494990155001,-0.07515114519836774,-0.01563975346080747,0.07675192480922569,-0.9791996749086346,-0.1878220932076539,-0.001199396106364104,-0.1884683051183925,0.9820785403493865,-8.121477785566299,-15.01876487504052,-2.56377981,0.7839545347400423,0.5991915319832289,0.3522727272727273,True,5
-0.9135690115176368,0.3912886337350793,0.1108371160957518,-0.4066640566688342,-0.8762620039434407,-0.258436153544107,-0.004000775966647571,-0.2811727325946829,0.9596488358961854,-12.02610398781997,23.68076470657304,-2.40118499,,0.3177541564699944,0.1176470588235294,False,1
0.1725814308618128,-0.9761843581457023,-0.1314524576923293,0.9845487110115828,0.1749781756163613,-0.006817162415696352,0.02965611854443221,-0.1282448321361691,0.991299035439481,13.06851712878768,4.332636774368979,-2.43726955,,0.3191869970475529,0.3243243243243243,False,4
-0.8826577386822225,-0.4640512551800305,-0.07464414853305679,0.4699835828260909,-0.8695215511236205,-0.1518147028634763,0.005545107603814062,-0.1690819466927583,0.9855863975746879,-19.45740585062043,-2.534472988600385,-2.23208264,,0.4431816005129063,0.3043478260869565,False,1
0.1639763561045831,-0.9572474125515562,-0.2383047330667485,0.9864180573061274,0.1567740026196326,0.04900335012043434,-0.00954834326306649,-0.2431034826282231,0.9699533627319206,18.17548986834817,4.480391338998601,-2.43066505,,0.5362936516429151,0.1666666666666667,False,2
0.705632958142335,0.7071711539562267,0.04462160234141985,-0.7079740167556509,0.7010340344178053,0.08558080501353453,0.02923901472633152,-0.09197957164563111,0.9953315218648101,20.03392321173425,-9.66097041040851,-2.37850654,0.2208948566756799,0.217635745853732,0.125,True,4
-0.2816222364171737,0.9384234383661509,0.2001258760891228,-0.9595079488479985,-0.2741673503635119,-0.06462785848345103,-0.005780315985749815,-0.2102230109186452,0.9776363708595353,-17.78230685564597,2.762371356081758,-2.16280943,,0.2370891172183112,0.125,False,4
0.9740913417593938,-0.2234081569635167,-0.03514047967158346,0.2261460693069903,0.9635990701008748,0.1426000962051868,0.00200330885841555,-0.1468524003988198,0.9891563876610833,-4.512030951918689,31.58232557894033,-2.72857229,,0.4833082061962567,0.55,False,1
-0.9524515891112304,-0.3042172235815873,-0.0169661803539114,0.3046782493096986,-0.950449136514713,-0.06178675663937146,0.002671104091612819,-0.06401812067490055,0.9979451615335306,-2.707050119661062,1.092343412907923,-2.37652201,,0.2820229197278088,0.2066420664206642,False,2
-0.5873042446182989,0.7869743745567348,0.189063634907312,-0.8090508738484253,-0.5643129746128053,-0.1642788793751255,-0.02259220614346603,-0.2494437821928691,0.9681257107147231,-13.26635671258327,15.87400090860174,-2.28652262,,0.352253788603503,0.56,False,3
-0.9998658467760108,-0.01637193966371311,-0.0004980386911340913,0.01636646171886899,-0.9973936128841067,-0.0702717575473482,0.000653744365121959,-0.07027048149569082,0.9975277600391219,-23.57675985023059,-16.07856001931418,-2.28218841,,0.3682195083734262,0.1428571428571428,False,1
0.9030692821203906,0.4168309036435031,0.1035271435822584,-0.4294936484290788,0.8770216136219368,0.215332986788026,-0.001038099051074863,-0.2389248564040875,0.9710375046014675,-17.85016937870404,5.241887179187273,-2.13997524,,0.324843628483047,0.3125,False,3
0.290006594366305,-0.9250188598940872,-0.2454308131924383,0.9570077021362725,0.2818290204291644,0.06861968592022576,0.005695022028940552,-0.2547793399869421,0.9669824479482082,0.7064729484991403,25.64226719481277,-2.69502612,,0.2728404624981676,0.2727272727272727,False,3
0.2985429659590951,0.9503871152440425,0.08738666176514395,-0.9542834588503378,0.2986610749045635,0.01202674110009293,-0.01466893455519512,-0.08698214480546992,0.9961018667004183,30.89512022552839,-9.008652600053352,-2.26191630,,0.2716649413589222,0.391304347826087,False,4
0.5200867543248765,-0.8058327953896067,-0.2830958739550767,0.8539157447271678,0.4977050879023187,0.1520445539412472,0.01837576890535413,-0.3208163826096145,0.9469631353787851,1.48149547038588,-17.47922184849878,-2.63830754,,0.4318433984800651,0.1304347826086956,False,2
0.7227982022131569,-0.659244099839705,-0.2072678839182892,0.691021725578715,0.6926062689696911,0.2068466363325725,0.007192611183951716,-0.292734987677287,0.9561665615016743,-20.08713930437085,-3.948522931566714,-2.23433226,,0.3215228303080148,0.1333333333333333,False,1
-0.1956960447053975,0.9706150200406569,0.1400340707047277,-0.9806617766962159,-0.1933473891845889,-0.03031941329450697,-0.002353255974819613,-0.1432594498348251,0.9896823693586436,-6.431777016611989,31.59271007327708,-2.68202933,,0.2562669116971035,0.1428571428571428,False,4
0.6912593453822377,0.7109057727558931,0.1295125464349643,-0.7225763927740265,0.6783944935885038,0.1329069888097515,0.006623747232350037,-0.1854559067033081,0.9826302624290878,8.801395300872002,-7.751574245850833,-2.46305472,,0.2014696151036501,0.3877551020408163,False,3
-0.995865702570604,0.01573486215357232,0.08946461063775832,-0.02815674114465335,-0.9898453860872773,-0.1393316531511862,0.08636376770191652,-0.1412746465390643,0.9861961132926819,-31.64751850750002,-1.23353323459051,-1.78703087,,0.2174355284090677,0.5,False,2
0.3835440042213513,-0.8852764931497741,-0.2630200135014259,0.9234696564594413,0.3706887003666673,0.09896302854679184,0.00988890411188198,-0.2808476777488277,0.9597014074588809,-9.233887775771507,17.24377099747264,-2.38635268,,0.78998563517299,0.5225806451612903,False,1
-0.2577677619734751,0.9295685712777843,0.2635489559451246,-0.9661507781571513,-0.245038878684606,-0.0806760298931633,-0.01041416120085963,-0.2754237085393527,0.9612665218454831,-4.949864886780517,12.61182066205726,-2.39654348,,0.2743232383622324,0.4655172413793103,False,1
0.8471859747859889,-0.5033277009395785,-0.1701092284174867,0.5312691018070692,0.8057956494580252,0.2616228445293537,0.005391251341239939,-0.3120169815593353,0.9500612283571928,-4.98092315592595,-11.29042516577732,-2.54872424,,0.4280253974090935,0.2203389830508475,False,1
-0.997338935393053,-0.0696722232737776,-0.02146693394828669,0.07289332992268621,-0.9478529509366296,-0.3102601261095365,0.00126901608880876,-0.3109993001677204,0.9504092933538445,-10.44714289429527,24.07905854373581,-2.45256817,,0.4538630037365388,0.1612903225806452,False,1
0.1754050054722628,0.9540890071566821,0.2427905485764472,-0.984436906496661,0.1726873994741322,0.03260428177626363,-0.01081948162159258,-0.2447309307906097,0.9695306649775457,-20.07420722645122,-13.6372973739274,-2.41634076,,0.5747958574779438,0.3611111111111111,False,1
0.9341162740848313,0.3518325374716194,0.06033781621963073,-0.3569425430035153,0.9226610244455709,0.1459063225608601,-0.004336759626273106,-0.1578306039566839,0.9874566790348893,0.4135101096885023,28.72353572360896,-2.75601802,,0.3054764886061184,0.375,False,1
0.07800281125078112,-0.966155206909589,-0.2458854969258341,0.9968144150465056,0.07969693031055275,0.003069406224096846,0.01663079650734196,-0.2453416301008948,0.9692940220319979,25.3498408842762,0.2719404142687267,-2.36633700,,0.5172597207686359,0.3636363636363636,False,4
0.5981468744148576,0.790286968146244,0.1329166077130846,-0.8013812865437145,0.5892604040177131,0.1027628815984774,0.002889672174756027,-0.1679841785261313,0.9857854561513998,-13.22530745014888,30.35827710177098,-2.46581667,0.8146401314337585,0.5506860205923813,0.9146341463414634,True,4
-0.9736960164625709,0.2143020579993303,0.07739958308784621,-0.226994519286904,-0.9417792181596197,-0.2480431262026077,0.01973716642854588,-0.2590878850504343,0.9656520657470085,4.916812666219926,31.12534596848894,-2.89272176,,0.4248601267228058,0.2,False,3
-0.07741081090660164,0.9958312786493468,0.04824552640803213,-0.9969992765832948,-0.0773246877241701,-0.003651733936871901,9.405938794693035e-05,-0.04838343861245671,0.9988288311922445,22.89168043167717,11.43340708974333,-2.56950880,0.2336620194617753,0.2822934906186743,0.5652173913043478,True,4
0.9650323144312785,0.2519703119273968,0.07227443538776805,-0.2621099542486386,0.9310409502006088,0.2538919473581712,-0.003317225826947477,-0.2639577825273544,0.9645285299336951,10.75526259530585,9.253132254206577,-2.49174170,,0.7056071318196715,0.3888888888888889,False,1
-0.7414970982799783,0.6686047923919245,0.05612205299990129,-0.670921650098129,-0.7380134150512095,-0.07211337347576523,-0.006796519107303194,-0.09112535758504868,0.995816236327276,9.009738695176793,-13.74618841068516,-2.52993743,0.3211406736533607,0.2494905998151097,0.5,True,2
-0.2286232612296454,-0.9708132484131988,-0.07247786648442875,0.9734830520263488,-0.2285842064119684,-0.008944718915469902,-0.00788364396630543,-0.0726009454788571,0.997329910748389,14.67267520401356,-19.24128854587349,-2.57469240,,0.2453164008601477,0.3571428571428572,False,3
0.3013762490377218,0.9401413702153518,0.1590803587045048,-0.9534470282432691,0.298978581615293,0.03937730398830012,-0.01054138748137794,-0.1635420794318954,0.9864800390302174,21.01070817469639,-6.60102288363305,-2.35784401,,0.08174503393412495,0.1111111111111111,False,1
-0.6446232039204149,-0.7569077358301084,-0.1074783904229953,0.7644515791439137,-0.6365908188933219,-0.1018131251121725,0.008643385433731297,-0.1477931281936635,0.9889805271829044,20.88916711392193,1.593643646536805,-2.39578246,,0.5457652446984297,0.5,False,1
0.9465370847283611,-0.3099937238320063,-0.08928291224361862,0.3225804302433149,0.9121542767464358,0.2528170117638945,0.0030681033186236,-0.2681015975296551,0.9633857587405337,4.520275703863774,11.29678095564833,-2.47823134,,0.3624282906983691,0.1923076923076923,False,1
0.7027078061998334,0.6897368350737316,0.1745417928413991,-0.7114325309305162,0.6839804774424254,0.161351976781918,-0.008092777002866714,-0.2375580030647344,0.9713396430395899,-6.414253106377089,0.851287983094096,-2.34513873,,0.1947760857379756,0.3040816326530612,False,1
0.9818402397005701,0.1895618101795769,-0.007487578124419275,-0.1864863238318141,0.9716507114082644,0.1453194620259449,0.03482233088727735,-0.1412841645098851,0.9893564525136129,30.22923561004069,-14.00353942600961,-2.28671184,,0.2114819002111817,0.2666666666666667,False,2
-0.997273144725575,0.07379497028436019,-0.0007597169826994159,-0.0716418878148697,-0.9705442530168596,-0.2300245483557549,-0.01771199366206453,-0.2293428771439781,0.9731845302838709,1.392131242604023,-7.585758656266108,-2.47750803,,0.7969757562496942,0.1761006289308176,False,2
-0.4024547300624297,0.8811613180181498,0.2481630953201849,-0.9154394774990058,-0.3871276573425578,-0.1100124536441768,-0.0008679209213324096,-0.2714533266493185,0.9624512133943695,1.281993103361458,-19.67182533931771,-2.66660751,,0.5488725621708312,0.3870967741935484,False,3
-0.9997646646572098,-0.02069232517530111,-0.00651482783320542,0.02168199330130772,-0.9432521305992354,-0.3313688417556561,0.0007116665924127168,-0.3314321134091303,0.9434788008915825,-11.61911053695849,13.99871773783858,-2.30320938,,0.558204856519659,0.6428571428571429,False,1
0.8733855630649798,0.4821897418491646,0.06848876612338722,-0.4870274891155945,0.8650994002168779,0.120030215321634,-0.001372251954897924,-0.1381885689911946,0.9904049860156894,-15.45829062952316,-3.769183386826427,-2.34272606,,0.2400538448835109,0.1363636363636364,False,2
-0.3694377568138653,0.9141851435024275,0.1666771347239493,-0.929202119863789,-0.3615033445724278,-0.07680333523740852,-0.009958126379018559,-0.1832507988042475,0.9830157579899851,-3.576447268213371,-23.94276094239532,-2.76322793,,0.6243521908348351,0.1785714285714286,False,1
0.06493640833503626,-0.9763782779496556,-0.206079405134553,0.9977510028538967,0.0669671728031378,-0.002886879075973989,0.01661924115566184,-0.2054284695820433,0.9785310136672165,36.93954817293616,-13.38184650257784,-2.21790648,,0.4633454191468442,0.4,False,3
-0.09669545993731003,-0.9748195080456991,-0.2009400775381899,0.9952543278475587,-0.0924877972947649,-0.03024616095089194,0.010900042578673,-0.2029111482523919,0.9791364843507158,3.90259309590283,30.3322200438011,-2.84436746,,0.3051242232332326,0.2105263157894737,False,1
0.3725955121186623,-0.8761285885428652,-0.3058942312089589,0.9279405820086771,0.3552828563882003,0.1126959103873802,0.009942867314342834,-0.3258416613856026,0.9453720701898493,-9.776931516579111,7.773994211804364,-2.30206628,,0.4229836628225398,0.3125,False,1
0.2709825343072073,0.9100623817239295,0.313615891611717,-0.9625256127913655,0.2597777603918095,0.07784574443360691,-0.01062595035985165,-0.3229581653663283,0.9463535875148177,-10.41695609577579,-35.151916596066,-2.99224767,,0.5268670903967125,0.3636363636363636,False,1
0.2696073968878792,-0.9629650444399941,-0.003189785262827925,0.9629206826911124,0.2696256533244117,-0.009260988881743428,0.0097780565055209,-0.0005746790979058845,0.9999520285268242,4.097701135718239,-2.132231993970635,-2.42905894,,0.1394134493065823,0.58656330749354,False,2
-0.9891237594363129,-0.1393464939041027,-0.04708230193191699,0.1470710260589877,-0.9324723901613287,-0.3299475032194902,0.002074081129296599,-0.3332833572554333,0.9428244279631368,31.02434712548489,-4.153925058557775,-2.29362043,,0.6922986183835456,0.5581395348837209,False,1
0.9859013721294628,0.16659228408952,0.01566829011346384,-0.1673222916472182,0.9822763169780284,0.08447773565859892,-0.001317251367919821,-0.08590836970818092,0.9963021714635157,27.06741729402773,-20.87434200483577,-2.44309966,,0.3608378050202772,0.3,False,2
0.9446928846187143,0.3237739595959357,0.05220897277615671,-0.3279316238447881,0.934529113901589,0.1382612937623223,-0.004025398525929975,-0.1477354336571972,0.9890187247008153,-15.45344585816838,4.395635178911874,-2.21027552,,0.1721787015021829,0.4310344827586207,False,1
0.01646375914411892,0.9762014844847252,0.21623969645896,-0.9998049224913718,0.01843331431455814,-0.007094355883605906,-0.01091153503715166,-0.2160807131911578,0.9763145311783152,8.183801202403345,10.8819541914643,-2.50467260,,0.1705459354150172,0.273972602739726,False,1
0.7399694665420645,-0.663516253023637,-0.1104145396174109,0.6726042060852202,0.7315968883158365,0.1112185909057284,0.006983590904585846,-0.1565636451417058,0.9876431817605075,-22.7184110358603,2.317597175061678,-2.06396989,,0.1144552840233318,0.2857142857142857,False,1
0.7830257248719462,-0.5869668676153899,-0.2057683418569049,0.6219562816220705,0.7423062710571882,0.2493025946516002,0.006410767474380778,-0.3231892576663858,0.9463126363889683,2.452123696102262,-24.54472665709926,-2.78537299,,0.3843413595791446,0.2,False,1
0.6859645408195417,-0.7057668162751166,-0.1770475918591405,0.7235927772703951,0.6872643078288527,0.06388477022455809,0.07659073978198369,-0.1719330457748418,0.9821267160352755,-11.33281450077737,-17.54017424345332,-2.56976199,,0.7532156396162806,0.2765957446808511,False,2
-0.7423034875404333,0.6608700355676309,0.1106179392058451,-0.6700277374430297,-0.7303657077315185,-0.1327733558618325,-0.006954382954963845,-0.1726752126353883,0.9849542667043171,2.711432041533612,-15.22354584672203,-2.59716850,,0.5558686874306922,0.1111111111111111,False,1
-0.8651173401525529,0.4888101135460019,0.1124129025624608,-0.5003251241184586,-0.8567956284419911,-0.1248039312623727,0.03530945968464407,-0.1642130444813653,0.9857927358623312,14.78594766403876,-8.791449976431494,-2.42474669,,0.456710038499472,0.3829787234042553,False,2
-0.1986527896972827,-0.9733849731361869,-0.1142749457149296,0.9800106183246404,-0.1960030952701314,-0.03408774875937964,0.01078225933846938,-0.1187622865946538,0.9928641710558225,-22.06660081066099,7.142807897043383,-2.02702837,,0.366119685073413,0.1363636363636364,False,1
-0.9762387554557854,-0.2139284555278926,-0.03453271291962722,0.2166792557981284,-0.9616020595104375,-0.1684386513008648,0.002827092659999037,-0.1719188618527225,0.9851070563580164,-9.031994010385517,0.8107978610379405,-2.32909943,,0.7519484198514168,0.7627118644067796,False,1
-0.8688196238116506,0.4915187568137251,0.05968059131806236,-0.49510362103565,-0.8612273923833227,-0.1147160975888375,-0.004986553636637761,-0.1292156736193957,0.9916039753721826,6.770620686661175,-23.87697710479463,-2.73800510,,0.8194123517365175,0.4473684210526316,False,1
0.9036522233757212,0.4188581821808748,0.08927755825653542,-0.4273468385208594,0.895558557168327,0.1238933020336904,-0.02805955798551647,-0.1501089401158963,0.9882712012919024,24.88515560675262,-11.88531294806927,-2.33530868,0.8759684319990321,0.5470152492645837,0.3809523809523809,True,2
0.4961076058063816,0.8203583502260057,0.2844106549964779,-0.8682068125868146,0.4723687454725932,0.1519364962031572,-0.009704330935382945,-0.322304119606179,0.9465864358028706,-14.40488341414903,-33.57049541210981,-2.86515033,,0.1968255572486528,0.1666666666666667,False,1
-0.9798846913061029,0.1905807643761721,0.05920273637034824,-0.1995571739039574,-0.9331962737860933,-0.2988672764543089,-0.001710581014937538,-0.304669799687374,0.9524565014062564,-17.22830574029001,29.75087990838027,-2.33575345,,0.4496713178023407,0.3076923076923077,False,1
-0.7122308751749339,0.6774225154924399,0.1839182316994249,-0.7019071530401276,-0.6845804955819896,-0.1966618762745369,-0.007316348724004247,-0.2691621826568757,0.9630670747506302,11.50243716435381,-31.0646706191271,-3.00467793,,0.2696358030021239,0.2857142857142857,False,1
-0.9998101587812059,0.01870023114553783,0.005472454020295353,-0.01948274516425954,-0.9632662776804548,-0.2678404393001677,0.0002627522888717679,-0.2678962105718291,0.9634477418741973,-24.1141768795527,-3.880606930690391,-2.08428106,,0.3452320334153375,0.4230769230769231,False,1
-0.4593539647461024,0.8772637282775826,0.1392920892245918,-0.8882028412463218,-0.4519734443024548,-0.08255736458570412,-0.009468256122302869,-0.1616426821538512,0.9868039295787745,-23.37267663291908,3.734295692898627,-2.02784532,,0.1489134854084282,0.2258064516129032,False,1
-0.1924257866504133,-0.9318842876158389,-0.3075125869402573,0.9812521751528303,-0.1792759739514646,-0.07074103421347887,0.01079283974718637,-0.3153597939789938,0.9489108045289174,-13.05686673371491,9.088895718360078,-2.24190132,,0.7762961197022413,0.5,False,1
0.991725297491898,-0.1225191309351063,-0.0383405382006116,0.1283747324277976,0.9486002276480842,0.2892706970643483,0.0009286488559338553,-0.2917990244344708,0.9564792036162589,5.694434939270991,-17.85664021798556,-2.61687338,,0.3405498050962511,0.2380952380952381,False,1
-0.3900703803233609,0.8667548459247072,0.3107750560460502,-0.9207322947892644,-0.363547968899645,-0.1417212603706233,-0.009855948786579987,-0.3414218964492171,0.9398584728024408,-18.50357067687605,-21.27943212065023,-2.49767696,,0.4277999751066404,0.2272727272727273,False,1
0.1521574091085812,-0.9801891841693189,-0.1267962384727935,0.9882982882844045,0.1522808732833919,0.008776617011396107,0.01070589685551928,-0.1266479327487553,0.9918899560450174,12.71192501144037,-16.98211483168663,-2.55297775,,0.718183910746802,0.2941176470588235,False,1
