axis_00,axis_01,axis_02,axis_10,axis_11,axis_12,axis_20,axis_21,axis_22,location_x,location_y,location_z,dbh,dbh_approximation,score,reconstructed,number_clusters
-0.4700326310944056,-0.8770826125975706,-0.0989717959091832,0.8826141742479557,-0.4680465470195758,-0.04387082446968676,-0.00784506998493709,-0.1079746289739887,0.9941226958353079,-31.1114307312925,10.52103608499519,-0.04525849,,0.1934764112119981,0.3793103448275862,False,5
-0.8243829791411783,-0.5653731038277021,-0.02731221650740032,0.5660247002385722,-0.8236635491429513,-0.03456004243447414,-0.002956758723850304,-0.04395009990282956,0.9990293520694882,-2.01413130101156,-5.680220023506394,-2.33732615,,0.155999729999289,0.7094972067039106,True,3
0.2245769458367978,0.9689111482291229,0.1038093552428614,-0.974383842293396,0.2219827315019156,0.03605266692641448,0.01188794667613132,-0.1092467562551449,0.9939435713216092,7.061492869807296,-2.740959984882977,-3.38213149,,0.3031686408444661,0.3563218390804598,True,5
0.9726631611767066,0.2321314718565625,0.006430759165362528,-0.2321287157474674,0.9711270665745285,0.0550316262869205,0.006529488124537374,-0.05501999945526807,0.9984639029252758,5.750666268143164,-13.53277987001036,-3.00061318,,0.08681706022389162,0.3684210526315789,False,3
-0.5315839136473812,0.8303043443769577,0.1673715580977978,-0.8468913091670168,-0.5177852417613678,-0.1211344454376981,-0.01391593362696924,-0.2061386405380441,0.9784238384608264,5.556987995133568,11.67953668081586,-3.44455181,,0.3887300506183516,0.1071428571428571,False,1
0.99970639689055,0.004489022116890546,-0.02381110447984872,-0.003749061213634699,0.9995114097215522,0.0310304105105641,0.02393876680475884,-0.03093203059729145,0.9992347796824318,20.99207970498281,-12.82625029608306,-4.76537538,0.6228794098016178,0.4194026543646953,0.6363636363636364,True,5
0.9544629061597738,0.298260608930322,-0.006416379473794613,-0.298122955570746,0.9543815056610212,0.01669266347723913,0.01110243787648286,-0.01401965808124167,0.9998400797429973,-30.66158609351368,-4.687344560357161,0.25387867,,0.2019050684401467,0.5588235294117647,True,3
0.9221956038409206,-0.3858127617080407,-0.02652887407514069,0.3865292657165823,0.9217358612697643,0.03159317638170608,0.01226356396321165,-0.03938927458713196,0.9991486826525969,-5.394107576795136,3.025864933962339,-2.12018646,,0.09767591158227454,0.3344947735191638,False,5
-0.858561274300885,0.5089978701025988,0.06159307186575215,-0.5127086229729604,-0.8519761380277738,-0.1061439030771486,-0.001551193093194663,-0.1227103437461507,0.9924413158155448,11.35590302939278,4.588795046784469,-3.92281672,0.8672190083752511,0.6517888080648332,0.5,True,5
-0.6063860785246468,-0.7696900383559818,-0.1996826698215662,0.7951701791549,-0.5871307985061864,-0.151597531735357,-0.0005567353641242627,-0.2507083371191623,0.9680625081804787,-27.92382226533545,5.880663092711217,-0.10697547,,0.243755183967081,0.2,False,2
-0.9907642703963326,0.1271402966463714,-0.04713284921047403,-0.1185251885718332,-0.9808716821276646,-0.1544102421281013,-0.065863041077952,-0.14739772104317,0.9868819441307283,6.243718657047054,30.48384503510096,-3.77269744,,0.6940697015041358,1.0,False,2
-0.1033756932080909,0.9925185264294439,0.06496491936477751,-0.9946281235249304,-0.102803763005263,-0.01209471807168713,-0.005325593584057868,-0.06586623570755416,0.9978142497713162,4.039598223034773,7.600518875382761,-3.24497099,0.3669344480765337,0.2473509226809697,0.4428571428571428,True,5
0.2047845719157973,0.9773525308386081,0.05334144325597329,-0.9787762183631589,0.2049064892361988,0.003231878031162678,-0.007771323695254869,-0.05287117487121031,0.9985711018228798,8.271073659462445,14.09507979527606,-3.72603072,,0.1445415966147734,0.6666666666666666,False,4
-0.9986690080851172,-0.04753967929219329,-0.02000477900613702,0.04925039732522099,-0.9941481345862303,-0.09614512396386454,-0.0153170053730106,-0.09700239889566868,0.9951662795507541,3.440435863831567,14.56376814034658,-3.29677498,,0.1465497481903157,0.3,False,3
-0.07505511889783792,0.9746425424542386,0.2108047522366847,-0.997067558215994,-0.07018468612129447,-0.03050236363385062,-0.01493363587435091,-0.2124759381021625,0.9770521798999169,7.337149645706802,4.590224109383342,-3.52354730,,0.4225891206547976,0.5844155844155844,False,3
-0.7486612109970615,0.6416819323123331,0.16658538018783,-0.6629488594080621,-0.7255005147668944,-0.1847912684152604,0.002280560887758154,-0.2487836425830322,0.9685563990935971,-0.6103415139992308,3.685754737931404,-2.65970010,,0.4351716816984093,0.2127659574468085,False,2
0.970030506283371,0.2331785511191319,0.06832700913701455,-0.2427762561503545,0.9184940404538616,0.3121352064416276,0.01002528449694544,-0.319368847805672,0.9475774547349852,19.07525641616485,-9.80195850236359,-4.58041372,,0.5221820036235548,0.2,False,1
0.3274699164595817,0.9434024545749327,0.05249059454746923,-0.9447806868624838,0.3276632447978133,0.005123645208409148,-0.01236557906480589,-0.05126993963874442,0.9986082744218735,7.045047309391691,-6.911306131023792,-3.28872020,0.4756570927505585,0.4170558678359773,0.8531468531468531,True,5
0.7182040747127548,0.6809893845249263,0.1429558156576939,-0.6956284348268358,0.7076531136426348,0.1238069118112942,-0.01685193538918461,-0.1883627588358296,0.9819549293920741,-13.98877194870562,2.412984907958844,-1.19950768,,0.3968221457172322,0.2102102102102102,True,5
-0.9997183533792889,0.02373206261565123,-5.586242917400072e-05,-0.02362628316450702,-0.9954789215209843,-0.09199736708868027,-0.002238897146971282,-0.09197013651955546,0.9957592486781837,12.41767821080089,9.402870359165206,-4.06698631,,0.115586396503051,0.2631578947368421,False,6
-0.3479920155639645,-0.9226941248104824,-0.1659430900759354,0.9374240426543762,-0.3402545359385025,-0.07391221162164735,0.01173547430905453,-0.1812799018465498,0.9833615183793035,15.83476804400215,17.12835250534633,-4.41711566,0.5917196997309808,0.3333661728181327,0.6333333333333333,True,5
-0.9615503037582779,-0.2702671468831087,-0.04875123237446335,0.2741510074340715,-0.9550996713616584,-0.1123647760098194,-0.01619377859699229,-0.1214095839730843,0.99247038971157,7.875534954676084,14.82683733963594,-3.69725692,0.1744254241650339,0.123967938194477,0.2272727272727273,True,5
0.7432266278146243,-0.66835591448197,-0.03024154897275478,0.668609304419827,0.7436104565087954,-0.002255440980317153,0.02399536935612325,-0.01854347722921567,0.9995400750853928,-10.04922250684945,17.74332645862276,-1.94015639,0.4944007837147946,0.4264809816917097,0.7913669064748201,True,5
0.2536874920559817,0.9636849094222156,0.08339095710113292,-0.9672797255289163,0.2524250520379123,0.02552500116282675,0.003548091747855855,-0.08713775562610103,0.9961899530658777,1.271764570296853,8.707304283936026,-2.95073636,0.1233978966805666,0.1403435836302951,0.35,True,5
-0.6800548700331407,-0.7298097957194114,-0.070021681043808,0.7331609988468102,-0.6770200956209724,-0.0641774095404171,-0.0005687830493273215,-0.09498132551908296,0.9954788919351744,-2.741680184895074,-6.489105093137937,-2.22548990,,0.5584141548363629,0.9959839357429718,False,5
0.8882719619966057,-0.4573529809410007,-0.042440220959383,0.4590615710641245,0.8870648586975477,0.0487689495072147,0.01534260417394199,-0.06280276497320997,0.997908020415149,-17.89031938952263,-9.422560400969303,-0.53809731,,0.2283818865243267,0.7047619047619048,True,5
0.7358030785928487,0.6718637184442596,0.08481139883023167,-0.6770409742500757,0.7271673026802582,0.1133279890372531,0.01446888799445995,-0.1408078753158791,0.9899312064629712,12.53270305258172,10.32727030218854,-4.07577405,,0.1607523730026986,0.2857142857142857,False,4
-0.9831624327046201,0.1825161045054614,0.008916418254267896,-0.1824417797710066,-0.9776648701866129,-0.1043379058491236,-0.01032607923275126,-0.1042078365534213,0.9945019350853646,-3.613464435328694,3.123638560467157,-2.31315781,,0.5442565338748098,0.9842391304347826,True,5
-0.2193886230464387,0.9605792925343722,0.1707514416687419,-0.9756183457644187,-0.217096414744153,-0.03221785394986851,0.006121722444538794,-0.1736564696733205,0.9847872638569776,7.481948528042153,-36.487636510546,-2.83706181,,0.4253782124912066,0.3157894736842105,False,2
0.5254292247712076,-0.8501248857471567,-0.0348110383314298,0.8507308548845711,0.5255707778930918,0.005689461505063418,0.0134589116831609,-0.03260423374708792,0.9993777172010946,-11.68453386303776,-6.964912276937639,-1.22140843,0.1219991766357987,0.1071246304242605,0.5705521472392638,True,5
0.9323077550386871,0.3607426634720653,0.02582596843882196,-0.3599932343774641,0.9187669331282677,0.1620869945200056,0.034743648299725,-0.1604121358911363,0.9864384550298454,13.27380078709956,-6.898136084391041,-3.96307784,,0.3402353915350718,0.5806451612903226,False,6
-0.04997130408341927,-0.9819044536457296,-0.1826650286149011,0.9986843895373947,-0.04701839177665691,-0.02046364896730446,0.01150473217952944,-0.1834473078173049,0.9829622202262199,-15.95386147318675,-10.91080106239329,-0.68505125,,0.6267706102220516,0.975,True,5
0.4641756149271471,0.8856804499921183,0.01054224875263012,-0.8857429098142751,0.4641520548947014,0.004729445080093165,-0.0007044293749944523,-0.01153301516445694,0.9999332444420831,-15.18233564423559,-6.19697875322484,-0.88777453,,0.4928737499841626,0.9566115702479339,True,5
0.7677093328704367,-0.6364960967414216,-0.07412893535296235,0.6396638879872962,0.7680854749010682,0.02957724887436131,0.03811155505361009,-0.07012433300171365,0.996809955454128,-4.911397910086748,-14.28030423642454,-1.76604710,,0.1387362020645177,0.3414634146341464,False,5
0.9156184421430807,-0.4006967523637674,-0.03293905057237148,0.4016801948938399,0.9152100169973502,0.03230550754528373,0.01720143707735829,-0.04281048274478241,0.9989351195796624,1.97049964734282,-11.35612942144729,-2.63549600,,0.2088313730176622,0.6785714285714286,True,5
0.9896065206124062,0.137338272684316,0.04262784556481199,-0.1437504637500258,0.9527038044929784,0.2677522456978811,-0.00383907971544196,-0.2710971408198443,0.9625443375274958,14.79126090886217,-1.037006217452017,-4.22706181,,0.409103897420232,0.25,False,2
0.6976751387498044,0.7021018337684922,0.1424865459942198,-0.7164137526933799,0.6834984606311298,0.1399328026828068,0.0008577425202672975,-0.199706958651413,0.9798552928590899,-0.5918780169211004,7.287278399030129,-2.71588130,0.2990553124884334,0.181163570525215,0.1875,True,4
-0.9620017228114728,-0.2637008231845728,-0.07081356621110703,0.2719190225755673,-0.9487715849826707,-0.160911543063314,-0.02475339308669158,-0.1740527373563752,0.9844251694006235,4.318915249304325,-30.48545885747171,-2.44908143,,0.4109820840353962,0.2727272727272727,False,5
0.7053292832514024,0.7083744237826929,0.0267633689695548,-0.7088034577913255,0.7041963347454978,0.04129382949142418,0.01040482633796649,-0.04809571562565736,0.9987885370424172,5.239887637155846,-18.33112462761127,-2.83293665,,0.2127493702226142,0.6086956521739131,True,5
-0.889448759116271,0.4565186306338181,0.02171738452829682,-0.4563620198293439,-0.8845584160728163,-0.09638524478379523,-0.02479136470240901,-0.09564072583880875,0.9951071499075959,-25.80016478408851,26.67632943590056,-0.72675949,,0.2796797013346131,0.8125,True,5
0.9999137244588281,-0.003565373158364777,-0.01264245834939868,0.003976856628878577,0.9994581697402714,0.03267340739469823,0.01251911539319024,-0.03272086572308546,0.9993861199236778,-1.737433036816981,5.700753935318488,-2.56678636,,0.0751436394751901,0.3050847457627119,False,1
-0.7412766163450887,-0.6416316291444916,-0.1970224112667429,0.6709728306727039,-0.7007513940021657,-0.2423694376423734,0.01744816778447222,-0.3118594816346086,0.9499680127012476,-10.47847027141347,-29.10501143299541,-0.87683634,,0.5201362415111078,0.1923076923076923,False,2
-0.1334474929670111,-0.9900320831114188,-0.04503599705663905,0.9910275514409163,-0.1329622094658177,-0.01361775087857716,0.007493924595463298,-0.04644916860433673,0.9988925446864265,5.58428877923518,-6.005677701242092,-3.15558971,0.2277664932613582,0.2144539213615844,0.8502994011976048,True,5
0.750462466350221,0.6599535344158342,0.03560082880486422,-0.6603720357549612,0.7465803447651728,0.08078714751224336,0.02673688449301693,-0.08413751376386927,0.9960953858869356,6.676232928424611,-8.16696271782692,-3.21706107,,0.1771867580438352,0.3666666666666666,True,5
-0.8080999312048751,0.5620384364101761,0.1763159016773058,-0.5888505366831481,-0.7630955780786324,-0.2663459858244668,-0.01515079650201131,-0.3190578861499008,0.9476141190647765,0.9758438963737035,-7.203406143123232,-2.61885516,,0.3389288128841462,0.2555555555555555,False,1
-0.6362234899499648,0.770204757155638,0.04476944148314367,-0.7712589099543761,-0.6334839747519805,-0.06211076837731507,-0.01947728553663197,-0.0740451604580449,0.9970646666896124,1.409300847114309,-12.532185845105,-2.51970162,,0.4661766060753713,0.7006369426751592,True,5
-0.5692337088207686,-0.8035079591287343,-0.1742066139930678,0.8216008356540776,-0.5638425495235835,-0.08398598811270558,-0.03074169147387189,-0.1909359551355441,0.9811209963311375,5.370056251765845,-19.7959312852237,-2.79858269,,0.3005835278103925,0.1739130434782609,False,5
-0.4323150690839117,0.8995434962475284,0.06265125219613443,-0.9016540645262003,-0.4303808095084526,-0.04233564373231653,-0.01111885634196723,-0.074792092935149,0.9971371590047304,16.46705832053738,-3.263947339456251,-4.37379348,0.5203745796799214,0.3808689004667707,0.8780487804878049,True,5
-0.8112371339613864,-0.5506904105975509,-0.196556312943688,0.5846950160915797,-0.7669334071036968,-0.2644709572448045,-0.005103982737374432,-0.3294741579308107,0.9441507976038577,-12.91346817581137,-14.65601422959097,-0.89680109,,0.3287614871427802,0.265625,False,1
0.602787801301016,-0.7908502520088669,-0.105843022916944,0.7974994523942143,0.6013704533673606,0.04845824230883607,0.02532765353548484,-0.1136197901522664,0.9932014162556052,3.032066093594324,15.35297436042106,-3.30141288,,0.1777411671592181,0.5263157894736842,False,5
0.220780798349496,-0.9746643105731561,-0.03585137061695367,0.9752663562049819,0.221016414230771,-0.002697979842363984,0.01055336604201549,-0.03436897344302278,0.9993534910779351,-22.38459900823102,-3.885676209775511,-0.27193744,,0.3719227610972367,0.9841897233201581,True,5
-0.6510773856202556,0.7577385364451804,0.04393800541455695,-0.758698909441454,-0.6480571673558753,-0.06631645837217132,-0.02177619678093192,-0.07651286313160487,0.9968307674972534,-29.94540112294584,9.294192218657741,-0.06795068,,0.1362659315231846,0.5238095238095238,False,3
0.3352115408852094,-0.9407965919548723,-0.05034873805233464,0.942000067824401,0.3356122718546681,0.0005245944845316276,0.01640411765955392,-0.04760436478567193,0.9987315602188436,-3.86644776092038,-5.300052891546642,-2.13710520,,0.107926912516079,0.4509803921568628,False,5
0.9543175410784861,-0.293550411409672,-0.05573317460117587,0.2986907071229047,0.93233288832584,0.2038117926529684,-0.007867163931939028,-0.2111481501392085,0.9774224094138926,-4.407700145886395,-16.05166267478674,-1.78656736,,0.1922914296468035,0.3888888888888889,False,5
-0.6101743737730516,0.7922516667002916,0.004952797318185894,-0.7921285846599495,-0.6099388236034389,-0.0225152576240794,-0.01481684700906278,-0.01766148555087376,0.9997342311698879,-7.222672953219671,4.345903235821879,-1.93070176,,0.6974064387313882,0.9980059820538385,True,5
-0.3299715082776071,0.9378164564748752,0.1077919184814416,-0.943905525530673,-0.3262479768673689,-0.05103544319992524,-0.01269498316915599,-0.1185856296304801,0.9928626721996742,6.313395053270824,3.678631136973735,-3.42276576,,0.07332034813092088,0.25,False,3
0.9695848744894456,0.2446933733659261,0.005506740604958637,-0.2445594111687505,0.9676634782452407,0.06179067307545043,0.009791096469794485,-0.06125802723828668,0.9980739394096979,-5.078315811430912,4.72670604645586,-2.16898770,,0.07143893371798107,0.2692307692307692,False,2
-0.7400374314871379,-0.6678925533834449,-0.07914630207951627,0.6725630071153357,-0.735224614224724,-0.08428385431435037,-0.001897750746716055,-0.1156040819912862,0.993293559210496,-1.023005133923789,-18.81956864136794,-2.10170990,,0.6328261714958671,0.9515418502202643,True,5
0.8999635065571444,0.4332880617977827,0.04824046402027809,-0.4358532469146911,0.8916993648597416,0.122082717297154,0.009880992829269285,-0.1308957532246807,0.9913468957778873,13.30404762522505,-2.556207307341992,-4.05175036,,0.1739128630973371,0.24,False,4
0.9293973480944016,0.3685367328632985,0.02003112292258773,-0.3690805915505991,0.9279840494014191,0.05123593462799846,0.0002937613892395382,-0.05501164046809133,0.9984856699608944,15.31738601441833,-9.55380454117622,-4.13918000,,0.8554304505303761,0.6764705882352942,False,3
0.9989094545401718,0.04653758263419924,0.00376231748003426,-0.04665808345925185,0.9979445138873111,0.04392915262245354,-0.001710227518484747,-0.04405678840749069,0.9990275644430696,-22.98750412467558,6.449685880615903,-0.47659068,,0.3986935529220496,0.9298245614035088,True,5
0.9150848204705857,-0.4009568501387694,-0.04305084983032963,0.402777006528805,0.9139934281851931,0.04885382529520093,0.01975991791511541,-0.06204528637274154,0.9978777119882544,-6.500734530123395,-8.161169385359102,-1.73143988,,0.132318253787621,0.6485148514851485,True,5
0.9402071614211924,-0.3190347442645082,-0.1192783532933922,0.3402873198064035,0.8949299059067984,0.2886260617002953,0.01466402370694745,-0.3119572013365423,0.9499829845544571,-24.79669492902747,-3.307209511024467,-0.10936001,,0.6013659247501224,0.2222222222222222,False,1
-0.96190404114939,-0.2728239656047967,-0.01754136289305902,0.2732165030002351,-0.9615899498598345,-0.02641043007759918,-0.00966219999771097,-0.03019688924763571,0.9994972685160128,6.131460065480439,-0.883198957759447,-3.32353388,,0.705247757783285,0.1666666666666667,False,1
0.7865885233406313,-0.596634175388795,-0.1590790863279524,0.6168191703537543,0.7711199008895807,0.1578233491475436,0.02850624550707321,-0.2222650652040803,0.9745694612273231,-41.61268008249812,20.4460916757516,0.25794573,,0.3151929289225906,0.3125,False,3
0.03481711927237419,-0.9884298121730446,-0.1476288407227194,0.9993923974506809,0.03467363397703747,0.003546128114949192,0.001613729641073166,-0.1476626070282765,0.9890364757491298,7.450460610841276,-12.55909978057596,-3.19679524,,0.3841941968149983,0.3181818181818182,False,5
0.6839869826557525,-0.7118377950090178,-0.1595266785029386,0.7294896402331406,0.668202156017134,0.1461189360985705,0.002583089236445759,-0.2163165095196264,0.9763198734837077,2.162100518307795,-17.83310440244128,-2.48136847,,0.2492721711843367,0.3,False,2
0.8140008097680861,-0.579544305536042,-0.03912901247984248,0.5808330057760722,0.8128017709507751,0.04456793174937797,0.005975039584299964,-0.05900575446539879,0.998239760699771,3.933321457029535,-20.72932189158473,-2.62611390,,0.08224028847859667,0.1578947368421053,False,3
-0.1845124937070886,0.970813342630684,0.1532207343548189,-0.9822879922592564,-0.176978403783652,-0.06155440567067075,-0.03264107733011413,-0.1618644444108372,0.986273015805614,4.063087296611116,-23.77837906352846,-2.56548550,,0.183533796014988,0.2666666666666667,False,4
0.9359492097411752,-0.3378893151019665,-0.09914578924388048,0.3518276445348358,0.9090628918901703,0.2232083491479387,0.01471004167013771,-0.2437939074878676,0.969715497115447,4.408369363735858,3.416887264746236,-3.19836716,1.090767362872005,0.3496354296455733,0.1827956989247312,True,1
0.1931369389535873,0.9551608993584797,0.2244232143703953,-0.9811684000213541,0.1874130900316736,0.04674296186933131,0.002587201417793153,-0.2292247587445168,0.9733700819150668,-26.39915808695054,5.875444969332904,-0.18749220,,0.3644346523467656,0.3035714285714285,False,3
0.6833327081299027,-0.7057341145367422,-0.1870715627210529,0.7298507496193167,0.6670787667276814,0.1494115198410078,0.01934666069319749,-0.2386320987631777,0.9709173127305468,9.267415846646145,-3.697180098204768,-3.60145096,,0.5481962620876746,0.2894736842105263,False,3
-0.9542204685592457,0.2990624077549794,0.004997364342216517,-0.2987533566744507,-0.9521593247518865,-0.06433546583169175,-0.0144820322580399,-0.06288319772265662,0.9979158151797433,-36.70352366188155,7.943776671092962,0.27210411,,0.1648765889856517,0.6363636363636364,False,1
0.009819550940751267,-0.9952361748292147,-0.09699759136512616,0.9997331164242681,0.01179962413895606,-0.01986113780228995,0.0209110579345995,-0.09677667684671432,0.9950864296504921,-37.47208320178123,14.99733476886834,0.18745864,,0.5711253980731928,1.0,True,5
0.8793259935190473,0.4722967710005503,0.06100456724044642,-0.4762195100155706,0.8718429140256057,0.1144766855908667,0.0008805692876297542,-0.1297138904119138,0.9915510734359254,-15.69478417132757,2.975304286063817,-1.03171109,,0.3657625945372989,0.8813868613138686,True,5
-0.2196518763498854,0.9560115300033336,0.1944093817609107,-0.9754992635326851,-0.212692132783939,-0.05624271952002274,-0.01241934229995018,-0.2020000276052064,0.9793067694978588,11.83522902708961,-5.513446318939856,-3.85531142,,0.3349841905575183,0.32,False,4
0.5240203393867672,0.849398994358879,0.06264209679682976,-0.8517053871873229,0.5226687133554788,0.03762113123526934,-0.0007857130968071767,-0.07306684926458958,0.9973267359263344,10.39986209988558,-9.674623069948751,-3.58345386,,0.08297600001739723,0.2,False,5
0.6850338593485913,-0.7026804143608976,-0.1922728447274139,0.7282669760401893,0.6673568925453011,0.1557626064932082,0.01886327530555116,-0.2467286226725169,0.9689010081524686,-22.96673050596553,-10.43449581265259,-0.11032760,,0.2718743016573179,0.2666666666666667,False,3
-0.02672151981139734,0.9978367189979044,0.06006531943199896,-0.9995968932521886,-0.02609543657358019,-0.01118388083844235,-0.009592256227985268,-0.06033995698981917,0.9981317940086496,9.417191752681106,-21.04820208546562,-3.24570938,,0.4823517489417654,0.9,True,5
-0.4181842831009529,0.8876555217437773,0.1928460009570429,-0.9078448414181017,-0.4012544292104014,-0.1217071359846079,-0.03065369925283124,-0.2259702585669552,0.973651782191816,4.720742553825573,-25.79048003342652,-2.59544271,,0.6952147936883719,0.3529411764705883,False,3
-0.8656254246256018,0.4892226343329348,0.1065543912661013,-0.5006677458920187,-0.8478559959311507,-0.1745623624582361,0.004942920710558963,-0.2044539660166541,0.978863700070091,-28.83765259278994,-15.8911512535434,0.36323575,,0.2147803062932291,0.125,False,2
-0.148140674222706,0.9870930690339017,0.06084088843924298,-0.9889559783343013,-0.1481395889765692,-0.004553580426319671,0.004518136528250175,-0.06084353082364191,0.9981370903834932,6.313206134056429,-13.52696737894436,-3.05236724,,0.1491592187158966,0.2,False,5
-0.5664667419231342,-0.8136577995302865,-0.1306767598256171,0.8240846013619767,-0.5592976160395347,-0.089837333500976,9.646849834168905e-06,-0.1585785671395283,0.9873463616942704,0.2906069723606493,16.19058907359073,-3.02830467,,0.5713742630533192,0.25,False,1
-0.1232036626610979,0.9717403446540297,0.2013493483440092,-0.9923349281896262,-0.1186717532781099,-0.03447325439798247,-0.009604571920653076,-0.2040532223356597,0.978912679789497,-32.81367758689771,-6.242812572024576,0.37340606,,0.1051721462102516,0.6,False,3
-0.389587838158921,0.9189169834959799,0.06174863400357137,-0.9209614207277991,-0.388177646098503,-0.03388475469083906,-0.007167837169702768,-0.07006919802647936,0.9975163806164958,5.804142600407033,-10.10446061561348,-3.07265545,0.3376613342899815,0.1720240820655968,0.2857142857142857,True,4
-0.1925439988726826,-0.9739539225899896,-0.1197520988112107,0.9812698177174319,-0.1903514361509905,-0.02959519542179178,0.006029372680062124,-0.1232074974456869,0.9923626147927264,10.32604830799841,-23.0437122337606,-3.33487504,,0.3105018109606358,0.12,False,1
0.3895018808140933,0.9002710928505121,0.1944228490173583,-0.9210252538923609,0.3805239311545842,0.0831505833483515,0.0008755197278186229,-0.2114556624836608,0.9773871987440803,25.96026218761313,20.94408050765165,-5.35092458,,0.486998777702079,0.2352941176470588,False,3
0.2723232762267273,-0.9544800032860792,-0.1216879474399548,0.9621408307495138,0.2715882871011048,0.02290904000879132,0.01118280062319452,-0.1233196076724845,0.9923039954236441,0.8505596378149107,-11.066427735655,-2.49593187,0.8847819381015221,0.5993426779380563,0.8145695364238411,True,3
-0.7169884682192033,-0.658973400196058,-0.2273358622714991,0.6970680681061643,-0.680047085342053,-0.2272269133366855,-0.004862598833924731,-0.3213876468562908,0.9469352330443492,-28.82724320769125,-7.352601677015144,0.21936540,,0.4302230453108615,0.5185185185185185,False,3
-0.6402703240595238,0.7358259254828129,0.2204860982376778,-0.7680317979090787,-0.6082054361785763,-0.2005325529767578,-0.01345620783359478,-0.2977353771223537,0.9545536002134974,7.709531795675218,-23.81423105904429,-2.99915813,,0.3213941055232858,0.2142857142857143,False,2
0.05417207950138742,0.9899101502692885,0.1309323496937641,-0.9978843731321652,0.05838997489627844,-0.02859001032244887,-0.03594667802622551,-0.12910656538475,0.9909789761208017,-8.455607950589638,-11.32028211827043,-1.42584323,,0.7559417325245182,0.391304347826087,False,2
-0.7646340106976827,0.6413901150999054,0.06287726088584557,-0.6421221735874268,-0.7499087346752871,-0.1591100369086392,-0.0548993977356299,-0.1620358290929519,0.9852565382774301,13.40849596525317,-3.755829437234638,-4.03368010,,0.2417754643125552,0.1428571428571428,False,3
0.3164624761268689,-0.9192343322276706,-0.2342215695823073,0.9485278109101165,0.3097895985229601,0.06576774724015916,0.01210343478989459,-0.2429786968047443,0.9699561122882597,1.705899064821494,29.00659905570558,-3.40694546,,0.4093414361940445,0.5384615384615384,False,1
0.1271632313367237,-0.9390414412029221,-0.3194224229755045,0.9918302576529732,0.1236657178333009,0.03129744776833374,0.01011200277096876,-0.3207927086707453,0.9470954468603714,9.364139955072687,15.01265689867364,-3.82178361,,0.7169039860803013,0.4489795918367347,False,1
-0.5680456439419546,0.8212004294534491,0.05435072275545889,-0.8228312378431908,-0.568016984841071,-0.01747738428657456,0.01651969818163075,-0.05464942449403457,0.9983689398085551,-4.380867029400349,4.330995399342982,-2.23257600,,0.1701615867045094,0.4905660377358491,False,4
0.9995815191937487,0.02232903402938873,0.01839023451814022,-0.02321806418271944,0.998497332503633,0.04963867926059985,-0.01725421635209541,-0.05004489207145905,0.9985979174801196,11.45142950688074,-19.74071845259203,-3.50523376,,0.3666421053224526,0.4444444444444444,False,4
-0.3287129117603048,0.9255169812445635,0.1880588712877224,-0.9409598252149187,-0.3038926990447325,-0.1491436716686871,-0.08088528279960165,-0.2259812932418472,0.9707677508710159,5.061426934261078,-12.1179284491848,-2.95299710,,0.2789440571715379,0.3947368421052632,False,2
-0.09764035756343455,-0.9568176870544689,-0.2737996974333982,0.9951947411211286,-0.09184263716280616,-0.03394638778765826,0.007334017980179538,-0.2757985564478481,0.9611874783004348,-0.843441922920988,31.45327338531703,-3.32286895,,0.6702171254031577,0.5666666666666667,False,1
0.1742139226859183,0.9802911752048074,0.09315965305840523,-0.9839769380013514,0.1769482148943557,-0.02187955043380142,-0.03793276451656636,-0.08785522785400089,0.9954107515567894,-11.09993872509835,-13.17447795290792,-1.10022444,,0.2908192301056775,0.2195121951219512,False,3
0.6332982607616584,-0.7649562478479214,-0.1173680186195881,0.7737708910352048,0.6287150410074537,0.07743387758327022,0.01455751018696425,-0.1398546963438314,0.9900650194849484,9.00632745245207,3.91241433703027,-3.67523315,,0.7961720673382469,0.3048780487804878,False,1
0.9771955406984848,0.2114712431410029,0.01920386844869898,-0.2120876280976849,0.9676075727701495,0.1369467893955817,0.0103784992602099,-0.1378966948199215,0.9903922396257188,11.18071537981353,-8.156536622957077,-3.70065654,,0.9002228867752116,0.5223880597014925,False,1
-0.9192806143251667,-0.3877882742617437,-0.06740479560865265,0.3935982988613151,-0.906507785211193,-0.1527220170275976,-0.001879164554908142,-0.1669248025207687,0.9859678387472786,20.18154644549617,17.6631882917568,-4.82946885,0.5708850267283403,0.3701509073231899,0.375,True,4
0.9300065086515832,-0.3648933924054688,-0.04405344531954691,0.3666397170477756,0.9294309984078377,0.04163336500617739,0.02575289787229236,-0.05487104315975034,0.9981612880059719,16.75536309973614,-6.205545220273819,-4.35559838,,0.124747057300387,0.2105263157894737,False,4
0.9877572380237452,-0.1469268457716145,-0.05242271190339954,0.1553988573105995,0.9561814070921947,0.2481296271664284,0.01366871896933128,-0.253238264728684,0.9673073696602041,-39.09212558280973,-13.67892691443004,0.64186447,,0.7243100628135442,0.28125,False,1
-0.2393442506301029,-0.9145146283283485,-0.3261553682890678,0.9709199978226939,-0.2235796761352379,-0.085594896151829,0.005356073029254502,-0.3371574157463026,0.9414330509860914,8.141243141091934,18.50683264873422,-3.75536523,,0.5217154231082879,0.4444444444444444,False,1
0.9983514203078124,0.05726538633449663,-0.003888071158793188,-0.05613940167205862,0.9883338530731719,0.1415788206245631,0.01195027820924074,-0.1411271426675245,0.9899193504792314,10.83622034962491,-13.99371949670027,-3.55730500,,0.09484126452517268,0.2727272727272727,False,2
0.9415691943119907,0.3230973463936768,0.09516069081314214,-0.3367029929419403,0.8954621950489021,0.2911675665010493,0.008862667014487265,-0.3061953004073833,0.9519274610713906,3.351029610516548,-13.67041042026759,-2.71302476,,0.2571247363034296,0.2272727272727273,False,1
0.3088541617503733,-0.9152160034014053,-0.2588218960741782,0.9501500225407935,0.3091183082247442,0.04075298990259262,0.04270879810066189,-0.2585063609241181,0.9650649822299875,3.292669568820997,11.40231106491942,-3.22881300,,0.2789561094172339,0.5,False,2
-0.5132490498755117,0.8575884986840481,0.03342723031789846,-0.8581290261667713,-0.5121679324384885,-0.03603586313317766,-0.01378358632410244,-0.04718024911469798,0.9987912879283248,11.67074044760579,-9.32152174512126,-3.74724561,,0.3054389336029488,0.3333333333333333,False,1
0.7303497104747053,0.665893110237958,0.1522355613749066,-0.6830656975321935,0.7109123535212509,0.1674063274363727,0.003248578823456576,-0.2262520526945442,0.9740633733937097,16.57832197079796,0.4730777491939477,-4.41251804,,0.3229629306710389,0.1363636363636364,False,1
-0.997457695084651,0.07124327311569201,-0.001594538233183594,-0.07005482245715212,-0.9844271349559203,-0.1612313177176629,-0.01305635350743297,-0.1607097134532944,0.9869153558613057,-12.19237842929545,18.94300983396741,-1.76996999,,0.5793599250283243,0.4242424242424243,False,1
0.8645741607930473,0.500747219183039,0.04199694000104345,-0.4995831384848257,0.8475395606941889,0.1791462553333232,0.05411292110623172,-0.1758661864565051,0.9829256717730982,14.69266694730936,-6.509418129502137,-4.11229035,,0.3308060484914817,0.4666666666666667,False,2
0.998325156853176,0.05784269044841274,-0.001050883328538575,-0.05659852210112455,0.9802905052602543,0.1892805658079126,0.01197866812503015,-0.1889040721061462,0.9819224832193559,5.50790954016145,-25.23458450133572,-2.69349605,,0.4935469751376177,0.3043478260869565,False,1
0.9417341614056206,0.3331528553957689,0.04632433683603952,-0.3361980529349743,0.9280682730508769,0.1601878577142961,0.01037489490959856,-0.1664285296997158,0.9859989381625145,0.7091868818197327,-22.73143538352005,-2.19437665,,0.4620710088392735,0.3157894736842105,False,2
0.9087827966748904,-0.4021585930332216,-0.1112757588934145,0.4170022712739699,0.8848537989670293,0.207708594444157,0.0149309818872068,-0.23516424154866,0.9718409567808555,17.73784592276286,-0.579827754652058,-4.51632386,,0.4404706516993587,0.1666666666666667,False,1
-0.2411732321177643,0.9657010045509302,0.09621352253813123,-0.9703113084532689,-0.2380830836168287,-0.04257240870807784,-0.01820540572402801,-0.1036243943520378,0.9944498720888837,13.48774954939347,-14.57744169322356,-3.84325947,,0.5778843653307775,0.1333333333333333,False,2
-0.1039154885968829,0.99344138837393,0.04770512651014356,-0.99453490333213,-0.1033037261837867,-0.01512171321958866,-0.01009441844889379,-0.04901579359984817,0.9987469923328708,4.172010925680979,14.9610086860371,-3.39213980,,0.393222947380819,0.6666666666666666,False,2
0.8200461492469725,-0.5688900429853124,-0.06235729385871617,0.5720966786949419,0.817763382720624,0.06299555625232181,0.01515596685894067,-0.08733366403336354,0.9960638171297456,8.176327496443264,-15.16924712720524,-3.24169015,,0.8555135847058921,0.6666666666666666,False,1
-0.4286972958648411,0.894111181761869,0.1295523954489706,-0.9030566581685368,-0.4198616566039047,-0.09058069027832784,-0.02659512465935259,-0.155824850271766,0.9874266126564214,19.12951006219913,-2.566353701876778,-4.67138480,0.3656078448788453,0.2091302302674396,0.2777777777777778,True,3
-0.08092022461054858,-0.9899206696964189,-0.1162281590526656,0.9950412043772461,-0.07346635702249237,-0.06704995135958758,0.05783527332396509,-0.1210775044904587,0.9909567695242336,4.72544069447315,-8.517025501852032,-2.99563377,,0.7051318094564424,0.3375796178343949,True,2
0.9958710739420713,0.09023303189451289,0.00994002216243955,-0.09002683767783724,0.9676174364021423,0.2358212570322586,0.01166072824459568,-0.2357424372608167,0.9717456100704216,6.537583109495927,-17.95899215391844,-2.99461842,,0.6057442713032223,0.3125,False,1
0.35019329220403,-0.9167410743233274,-0.1922250263202389,0.9364738734511969,0.3469436916982075,0.05144666300288921,0.01952799115670991,-0.1980299912622652,0.9800014184285923,15.21552604991547,-11.87415553150015,-4.09088113,,0.1080825911573066,0.2352941176470588,False,3
-0.8575063367128153,-0.5020232780723051,-0.1124967144893778,0.514435005024102,-0.8393639621334189,-0.1755698284943631,-0.006285547169463591,-0.2084244883530367,0.9780182639151249,19.04034684895657,0.3656510618064317,-4.68620761,,0.6314950182942959,0.25,False,1
-0.3022680233590224,0.906566756009443,0.2945687677829161,-0.9531478684147608,-0.283571424132475,-0.1053393960106019,-0.01196590953617552,-0.312608324127807,0.9498067449197111,15.19473398050997,10.698264406867,-4.32797052,,0.4012701202711617,0.2857142857142857,False,1
-0.3253292629519459,0.9358232325796778,0.1356309257922626,-0.9455230649707642,-0.3200997609621462,-0.05934877117741386,-0.01212453196770119,-0.1475500606441741,0.9889802704444943,-33.31996472855002,14.95123541413972,-0.00140868,,0.4005630542547524,0.1,False,2
-0.04150855386621972,-0.9731922324403961,-0.2262165305047664,0.9991055696944707,-0.03860095262940327,-0.0172634603017479,0.008068491892701755,-0.2267307768561237,0.9739240495361005,-9.928730838836259,-22.91128792719087,-1.05463558,,0.7674721036828225,0.1136363636363636,False,1
-0.7085349023195692,-0.7003012814823341,-0.08692759831722276,0.7056702863873254,-0.7036187903536654,-0.08336692852249936,-0.002781924698761161,-0.1204106017568485,0.9927202767544969,10.25328086018015,-17.86256207727106,-3.43096441,,0.2031827362995337,0.3076923076923077,False,1
-0.7298814852214394,0.6833556559124444,0.01726456091015084,-0.6834094029947437,-0.7289195506789364,-0.04034695200862983,-0.01498684187262886,-0.04124725652078943,0.9990365650966908,4.264475445189305,-18.90811804339774,-2.70669303,,0.6883121651672413,0.4210526315789473,False,1
-0.9493727818724412,0.3135581637156739,0.01930282380992295,-0.3138145805748925,-0.9437159659962807,-0.1045016006686537,-0.01455094699277425,-0.1052684828947448,0.9943373755675949,4.182477153799255,-26.4783580845351,-2.52224371,,0.1093651023365328,0.125,False,1
-0.3495397479566587,-0.9074022211765792,-0.2333306100840738,0.9368831000957075,-0.3407687887024854,-0.07827317165732482,-0.008486539545169564,-0.2459630900156595,0.9692420425242072,12.54589292428824,-11.41167264441086,-3.80512884,,0.5313874065421267,0.6,False,2
0.0900825018006816,0.994207095008616,0.05862930243367152,-0.9959065573799242,0.09036321530907904,-0.002149019933035963,-0.007434503143974265,-0.05819571765631682,0.9982775098185215,20.99225765412041,-7.634736098355717,-4.82188332,,0.07929411802537781,0.1428571428571428,False,1
0.8631256813165505,0.5031557385498893,0.04299256931327851,-0.5049481360798492,0.8588368696944622,0.08617778787428043,0.006437244855340937,-0.09609127961336514,0.9953517106334523,8.106627920442634,-9.969430281846911,-3.34083266,,0.1066548165187095,0.3571428571428572,False,1
0.9949991053204764,-0.09444983107880602,-0.0324963047228119,0.09899783121600028,0.9757594267500119,0.1951742055780364,0.01327440492003894,-0.1974152236218734,0.9802300850598016,1.013845952162853,-9.459891092327553,-2.56628926,,0.06916953725675709,0.4864864864864865,False,1
-0.4621676257407851,-0.8834059063294638,-0.07742796897339475,0.8867917283257876,-0.4602809156366435,-0.04173618662091565,0.001231377313625869,-0.08795159670473508,0.9961239884406959,34.29597377888962,4.543622268064325,-6.34620493,,0.3060283807482701,0.6363636363636364,False,2
-0.9484940464567574,-0.313124799537286,-0.04808226025075526,0.3162812821565164,-0.9273456233629487,-0.1999906132472576,0.01803314707745028,-0.2048974249333519,0.9786173158401422,26.2363126574752,-0.1274614324344441,-5.43960592,,0.3455898213185556,0.3939393939393939,False,2
0.9603730926978854,-0.2752939271953719,-0.04355199732787455,0.2783554005461299,0.9393791940265377,0.2002123892691325,-0.01420541476696333,-0.2044015251396143,0.9787840531556985,17.4381397082077,-4.56014653419237,-4.44404959,,0.0942097007063758,0.1666666666666667,False,2
-0.2725923356685617,0.9225929946321286,0.2729754289134466,-0.9620588255439997,-0.2579295929226291,-0.08896707979734787,-0.01167196331638535,-0.2868701646224103,0.9578983630437277,13.778250521698,6.994023095157473,-4.18295327,,0.4490434714841782,0.5,False,1
-0.6598473228712047,0.7388293774927802,0.1368673133123289,-0.7512559835472472,-0.6451221085839239,-0.1393983938239248,-0.01469549877215752,-0.1948040450551855,0.980732086936068,7.633247665634542,-21.46925488645417,-3.02079523,,0.6125837924662259,0.625,False,1
0.7200897145233911,-0.6750105179197351,-0.1607221320644787,0.6892672791279406,0.7225151559391488,0.0536886148246748,0.07988379661224243,-0.1494411259859812,0.9855383954483232,6.148690534581533,-12.64953469089741,-3.06996487,,0.2023802460796686,0.16,False,2
-0.3012870275485548,0.9468034363469298,0.1130901408284671,-0.9534585324935821,-0.2976498824124315,-0.04818064253464346,-0.01195633079760495,-0.1223429622884449,0.9924158633014423,-13.99294474643614,-11.93279097742965,-0.85376906,,0.2829117170978501,0.3571428571428572,False,1
0.7874844534942742,0.609171656144101,0.0936916690825728,-0.6163178267786661,0.7771927851542473,0.1269791758478796,0.004535625607030997,-0.157737972773958,0.987470586926778,18.50103281793457,-14.97793096021357,-4.42844737,,0.256065254946631,0.15,False,1
0.4806923528061592,-0.8743453986662045,-0.06674567989701824,0.876784808395894,0.4804158000776957,0.02119100757121104,0.01353741924646671,-0.06870795344749937,0.9975449641059805,21.88604949751175,-0.9527311395902984,-4.95492170,,0.09479864923974321,0.4285714285714285,False,1
0.4452861396176171,0.8907517450059592,0.09100320122544314,-0.8953857791398091,0.443221459725838,0.04288407807909341,-0.002135504304940839,-0.1005786578123603,0.9949268180193092,18.29590944533345,-8.357227752933824,-4.50639478,,0.4261000988230174,0.4166666666666667,False,1
-0.808082018332871,0.5805812939579876,0.09964342804792678,-0.5888751186694108,-0.7918232098144713,-0.1619941326443492,-0.01515078411043143,-0.1895820811816783,0.9817479759264404,17.03075592562982,-8.99513641689154,-4.34391983,,0.2399857332271284,0.1764705882352941,False,1
-0.7867100536258346,0.6103839219425957,0.09229712540492455,-0.6171373189875735,-0.773970169110805,-0.1418157496169671,-0.01512683168634292,-0.1685278765088071,0.9855808103867313,-8.914298362457941,-5.574872615707676,-1.57470619,,0.445623057905975,0.1333333333333333,False,1
0.2917186958576413,0.9562588325330853,0.0216621256938796,-0.956493200797264,0.2917489317669301,0.001821439392289079,-0.004578134524190217,-0.02125102386511386,0.9997636894131348,7.755353598570821,22.87802575530657,-3.75836169,,0.06506877730586706,0.2,False,1
