axis_00,axis_01,axis_02,axis_10,axis_11,axis_12,axis_20,axis_21,axis_22,location_x,location_y,location_z,dbh,dbh_approximation,score,reconstructed,number_clusters
-0.2624005880851232,0.9370440318906673,0.2304222508150277,-0.9644471513725383,-0.2624513411100602,-0.03099977030441543,0.03142647899426865,-0.2303644413697844,0.9725968335186013,-12.05936134588671,-14.4873713085733,-1.44893638,,0.3141611339974149,0.1923076923076923,False,3
0.3837677605939282,0.9232272374599223,0.01933323410201361,-0.9233218807407804,0.383319026206967,0.02330726695802158,0.01410710721697999,-0.02679537571791778,0.9995413935231028,-6.334083353658457,2.784141136186918,-1.71825577,0.1887882401726246,0.1869014018896087,0.8022727272727272,True,5
-0.4775745751084333,-0.872504782894817,-0.1032372463584171,0.8785758778906952,-0.4735635839319277,-0.06198353621844554,0.005191531430572525,-0.1203035153236065,0.9927235829787612,11.31130237163489,-19.48849991785335,-2.71825448,0.4663874258478,0.2423133571893198,0.4736842105263158,True,5
-0.4152921958492957,-0.8814896161401886,-0.2247408478752694,0.909613161947453,-0.3992153715428648,-0.115026008953848,0.01167423139348125,-0.2521966370927994,0.9676055852259516,-3.325335888393283,3.452421240356131,-1.84479389,0.7442623174889379,0.5317952439295838,0.8355212355212355,True,5
-0.2219320570077391,-0.9723072816953847,-0.07324419454430658,0.9750608868205038,-0.2214248161696512,-0.01507706128685703,-0.001558545836688567,-0.07476363251184905,0.9972000652770272,-13.4941809034475,-5.769902692424466,-1.46033074,0.4556161088275884,0.3972026462075436,0.8981481481481481,True,4
0.6621038597879472,0.7378446485066326,0.1311630798815962,-0.749279751741375,0.6484799132769518,0.134363892868211,0.01408305663857255,-0.1872406920154933,0.9822131086323751,-9.443276396398971,-22.14889256869077,-1.43929395,,0.3115917845264618,0.2424242424242424,False,2
-0.1419746928963646,-0.9518199160052389,-0.2718124980069219,0.9897928301663771,-0.1399416465286854,-0.0269534583694534,-0.01238305003689982,-0.272864770651362,0.9619727007608706,-5.453923182962001,-29.2090549672956,-1.41797015,,0.6232690654375649,0.3,False,1
-0.8345714102845291,-0.5357167971408273,-0.1284448301679229,0.5508897281569727,-0.8101475055956835,-0.2004533027620874,0.00332694256480211,-0.2380515331567225,0.9712468270295171,-12.63580066735761,-12.25769974614335,-1.44411141,,0.4908088460645273,0.1153846153846154,False,4
0.7383577743433186,0.6743461659425651,0.009222014169550301,-0.6740722299031172,0.7374876047059302,0.04169726344196596,0.02131726859192102,-0.03700380228668393,0.9990877302199783,5.697888481312987,14.00199484845385,-2.57810893,0.4659684811148339,0.3647345110689662,0.9333333333333333,True,5
0.9476099709698873,-0.3138638646881237,-0.05937017232150105,0.3194013156659325,0.9334940846001869,0.1630079555338644,0.004259397765046491,-0.1734308751621065,0.9848368337299257,0.6056234898654793,-8.858858116103221,-1.95473436,0.5658841406228543,0.2850213484382934,0.6009389671361502,True,5
-0.9968685084002944,0.07900305269777479,-0.003419740371135192,-0.07837192238266677,-0.9928176327776902,-0.09039352757664665,-0.0105365431626603,-0.08984244937743711,0.9959002538146305,0.1351786118544283,-12.55267940190478,-1.90640400,,0.08508002247455702,0.358974358974359,False,5
-0.3726225896415242,0.9260157280469282,0.06039269077100837,-0.9279785119330816,-0.3720327561999161,-0.02115442518145998,0.002878728766043533,-0.06392573600680856,0.9979505063863038,-26.32413475018456,15.21143241158961,-1.64826382,0.1592592871086302,0.2086819627573293,0.6046511627906976,True,5
0.3055180080391479,0.9515765020663584,0.03407209237698199,-0.9520684193770581,0.3047215154325849,0.02665563462646235,0.01498237593513496,-0.04058273952831847,0.9990638466403013,-6.973172836999538,5.729294427507739,-1.74569272,,0.0817328045869135,0.1048387096774194,False,5
-0.2478427822042836,-0.9316347286286315,-0.2657643462210396,0.9685917930103298,-0.2439742923750698,-0.04802585942092308,-0.02009710979903271,-0.2693200272410882,0.9628410196416569,1.02294796286759,-16.35291815525181,-1.94212031,,0.3476383355551926,0.3333333333333333,False,5
0.4685579684790766,-0.867619085836448,-0.1664047837866661,0.883432653753846,0.4600810465621332,0.08872528881739056,-0.0004200668968043979,-0.1885803608189852,0.9820576719608597,2.428109641703486,-15.36798403703798,-2.05061064,,0.3921879801977139,0.1904761904761905,False,6
-0.6867448777199204,0.7016829410614484,0.1897960040380405,-0.7260844111015684,-0.6745338966268272,-0.1334370647785598,0.03439332610755368,-0.2294451405560487,0.97271374339755,18.96078592032433,24.82563397811555,-4.00717812,,0.3171918227556389,0.32,False,3
0.2186741970924684,0.9741838334403852,0.05610217633354785,-0.9756673097571646,0.2173425799983364,0.02890507898076108,0.01596546889952003,-0.06105785439288702,0.9980065341568439,-0.977272730108325,17.52971345277001,-2.18300303,0.1987585889800033,0.1512796955087185,0.6428571428571429,True,5
-0.1775469722899976,-0.9701623663980745,-0.165112251076485,0.984030276479262,-0.1771821245898499,-0.01705607510462918,-0.01270777725657401,-0.1655037085708845,0.986127291401309,18.17604482746714,-23.96480388685433,-3.34385680,,0.1429317980278487,0.2727272727272727,False,1
-0.616054653834434,-0.770621997813056,-0.1631514632957671,0.7875540757412307,-0.6066141422099318,-0.1085258506268637,-0.01533757713302193,-0.1953484552217472,0.9806139606237337,18.83690266485729,-14.70961343298967,-3.50910022,,0.1203173394588984,0.375,False,1
-0.728345803846252,0.6779271474912894,0.09963519816751355,-0.6843051536699087,-0.7121842256051298,-0.1565889059289408,-0.03519725387524442,-0.1822317521551718,0.982625433126019,-13.70922581402385,14.83472702024807,-1.66786563,,0.4803363488780341,0.2802547770700637,False,4
0.998379380270666,0.05673936322139253,-0.004388360923201039,-0.05636131429226229,0.9965008777440677,0.06172036055104968,0.00787497946728891,-0.06137300152781863,0.9980838338445606,9.14772047349095,-2.290736717374671,-2.65497797,0.2417684157236271,0.2476634970978984,0.4923076923076923,True,5
-0.8623409394246528,0.5061436715607553,0.01366337920154411,-0.5063158522208767,-0.8618187327462499,-0.03021141634374029,-0.003515961042765103,-0.03297052663585713,0.9994501400226525,-7.677866896719422,21.77754749634747,-1.91909636,,0.1402018150881262,0.3333333333333333,False,4
-0.7302454896966175,0.6740472886183599,0.1113632681093145,-0.6831712586811234,-0.7194363835207443,-0.1252530294190288,-0.004307678005515756,-0.1675456438491671,0.9858549087656718,-8.696910574332549,7.59351484223896,-1.71488936,,0.0989827364414267,0.3025210084033613,False,5
0.843290579653123,-0.530096277877961,-0.08865063140345397,0.5374430376385413,0.8329437252944628,0.1317563349006015,0.003997444453248361,-0.1587535406613462,0.9873101507456152,3.909483630936052,-2.891865909669491,-2.21181161,0.5149468182072127,0.2370863854272259,0.2706766917293233,True,3
-0.9881436327664687,0.1531539625985331,0.01077147916744569,-0.151807754181876,-0.9641511201439896,-0.2176396638835539,-0.02294704323747871,-0.2166944421655948,0.9759697495010797,2.361471690769747,13.79244399354786,-2.32486773,,0.4691823590697431,0.4838709677419355,False,5
-0.9999404338866823,0.001198041769996046,-0.01084865772488274,-0.0006697453756583408,-0.998819544232142,-0.04857025325267054,-0.01089404055647385,-0.04856009427311807,0.9987608508169213,21.89918748751131,-10.13217726596292,-3.90850132,,0.07063105714473539,0.1818181818181818,False,1
-0.9707578472078224,-0.2339918747376758,-0.05363771659179763,0.2396972515391905,-0.9570755740265698,-0.162946534809028,-0.01320718323459676,-0.1710384405870785,0.9851758331143473,-9.767870721601867,26.74227798515696,-1.88060249,,0.6909284920926896,0.2083333333333333,False,1
-0.994829646048741,-0.1005682696055366,-0.01414208227539012,0.1015163763320973,-0.9887099241482771,-0.1102139339063228,-0.0028983924744218,-0.1110797418040545,0.993807270189652,-22.07038797833405,9.750110195377204,-1.57972758,0.6447813154604612,0.5496537193145675,0.5746268656716418,True,5
0.638661545624958,-0.7677983133003832,-0.05096253754501683,0.7694846252288571,0.637446104243772,0.03944459051434369,0.002200380954710574,-0.0644066322479731,0.9979213115502291,-0.6527264790518643,-11.48287199077566,-1.85139467,,0.09180959524869045,0.3428571428571429,False,5
-0.2696909313607931,0.9437952005751823,0.1910953189196431,-0.9629208711087945,-0.2657800952911379,-0.04630698575932966,0.00708502115939445,-0.1964982450768601,0.980478578122381,-5.335056213070004,2.339374392093134,-1.74237695,,0.0893976388310958,0.2188449848024316,False,5
0.5738495279598215,0.8131413891318385,0.09745665980852156,-0.8174740654851271,0.5615704189963822,0.1279641229698617,0.0493241474280915,-0.1531004434643208,0.986978917045101,14.04619309183636,-22.84488884147842,-2.94340208,0.8243257729358384,0.6600998722239937,0.28,True,3
-0.8118092208649084,-0.5795147004937509,-0.07161355200203892,0.5837238387751238,-0.8086073298638005,-0.07362517325051415,-0.01524037284135888,-0.1015721320154959,0.9947114320412143,1.992446424302273,-6.623642759705604,-2.04160554,,0.3018766664219931,0.367816091954023,False,1
-0.9499641811669295,0.3120168464100642,0.01461307825764971,-0.3122185999885675,-0.9470961549442479,-0.07435333960892694,-0.009359504315114467,-0.07519548421374767,0.9971248862769578,24.61955819057113,8.732590473685207,-4.42844895,0.5663437401348779,0.5565186533848095,0.7692307692307693,True,5
0.99775246094357,-0.06536945826279791,-0.01472618781215698,0.06606537750565501,0.9963980230071263,0.05316338629664147,0.01119788266083754,-0.05401679066659701,0.9984772374721399,-2.442503129053307,-7.699564676053001,-1.75117900,0.4728584437989365,0.3853911971211296,0.8849557522123894,True,5
0.2169360835478681,0.9719288980065293,0.09106565145392673,-0.976172738227792,0.2155044190559817,0.02538957479360587,0.005051811137470703,-0.09440372125694783,0.9955211783870164,-6.13511531424632,7.514143611335413,-1.81443502,0.1550666890765708,0.1228535714660304,0.5317073170731708,True,9
-0.9144464971812833,0.404671715941362,0.005329738263385372,-0.4046745357182109,-0.9141279532886545,-0.02466992414960319,-0.00511115780749046,-0.02471613508156763,0.9996814436271677,12.20201439661497,0.7231454627443838,-3.00726258,0.522274226685384,0.3747046040727352,0.5974025974025974,True,5
0.8500136893736724,-0.5229656278707224,-0.06311639995388944,0.5267489667418377,0.8446675114582474,0.09524873292247917,0.003500559064560199,-0.1142092253397799,0.993450551831103,-15.43230719668139,16.47262352751341,-1.65265514,,0.1450414771483278,0.2,False,1
0.5330693620870475,0.8432131415146839,0.06948851114426155,-0.8456219537978827,0.5283089948864341,0.07624380090956287,0.02757836940719299,-0.09940424487426895,0.9946648830846584,12.53237665303953,9.820492515632736,-3.13902928,0.5112904485625839,0.3531989454147555,0.4642857142857143,True,5
0.9663690523857975,-0.2534956959470618,-0.04325259214533191,0.2570432503823247,0.9572228164193323,0.1328655228384345,0.0077215298914921,-0.1395149162726186,0.9901898636693768,-10.09893898789966,-23.37070069168385,-1.40911949,,0.3000385712103604,0.1428571428571428,False,1
-0.9977364571780819,0.06721858337338,0.001903698243881806,-0.06694053340906214,-0.9901197538668505,-0.1232146013650815,-0.006397421718007505,-0.1230631344145015,0.9923782232311624,-13.48537009233445,-20.07061252341418,-1.39469615,,0.3215941432487691,0.6101694915254238,False,4
-0.3740936370719116,-0.9119131222616803,-0.1687258372308814,0.9267927952591795,-0.3610795697946199,-0.1033279194245589,0.03330263289868915,-0.1950282075082606,0.9802320811512596,0.08974572254493296,-10.03048397259187,-1.91948732,,0.2350297737559154,0.1403508771929824,False,5
-0.4028577269116951,-0.9129243932196164,-0.0653812215558514,0.9152217103174278,-0.4024859308415598,-0.01934674231604601,-0.008652908827812509,-0.06763229804757766,0.997672791765727,-9.963072989930595,4.24048106215713,-1.61371326,0.1044250990353243,0.1684165997603366,0.570264765784114,True,6
0.07619133384486446,0.9961708681395256,0.04287752461470424,-0.9970188913023946,0.07559013264140052,0.01547456730895476,0.01217419537728457,-0.04392872997708496,0.9989604875316722,21.14945442659536,10.34366582264369,-4.04664736,0.8015918040815383,0.7462213903596907,1.0,True,5
-0.7933588097550496,-0.6067164430399635,-0.0497690338361714,0.6087508045119638,-0.790975524177929,-0.06148315344455644,-0.002063247461633185,-0.07907514082431288,0.9968665232183933,-2.026773216314439,18.93458939759876,-2.13568407,,0.2202685684463173,0.6341463414634146,True,5
0.3818733519751356,-0.9228619325711634,-0.04998596265246041,0.9242092511688053,0.3811271044477181,0.02407052781506611,-0.003162768608655836,-0.05538938225253228,0.9984598205378186,5.257120790069337,3.698435474463821,-2.39027241,0.4031220908458736,0.360542842771393,0.8626373626373627,True,5
0.4211692328189703,0.8570639007745509,0.2967455935911971,-0.9068874082445402,0.3932205893198539,0.1514357847486797,0.01310366720355827,-0.3328949355638484,0.942872873605854,-17.9562701946856,-11.68514616316938,-1.44872880,,0.688186181086999,0.375,False,2
-0.9998667894709713,0.01247890376397506,-0.01052046927950259,-0.01228993738545443,-0.9997653353461338,-0.0178390492822126,-0.01074061227645414,-0.01770737702430968,0.9997855210228067,-9.790114110793695,3.147481171071718,-1.60002856,,0.07994689763128811,0.5815085158150851,False,5
0.2421238960502501,-0.9513362907979134,-0.1906181543618425,0.9702265533750808,0.2361779909250068,0.05366928105106564,-0.006037722033898738,-0.1979374103435095,0.9801960658455766,-21.28086682045432,-14.42757757572829,-1.48572151,,0.5223384880117057,0.6491228070175439,False,3
0.8892021311472271,0.4574179891690343,0.009399635513463473,-0.4572661206697996,0.8878547333170015,0.05120222079351211,0.01507530599427409,-0.04982725871601338,0.9986440704465359,15.53182707845355,-0.4794894256714599,-3.33593196,0.1562136621057752,0.1084642664418955,0.3888888888888889,True,5
-0.445873649330329,0.8574762039032409,0.2567708094245572,-0.8950822921511825,-0.4287100633314723,-0.1226188071859677,0.004937520657108287,-0.2845034996937866,0.9586622864970479,21.2063434596206,-14.09689163909366,-3.77228306,,0.449630924431274,0.2162162162162162,False,1
0.5838656136233022,-0.8090521731422784,-0.06734631661822624,0.811849371813159,0.5819794757263014,0.04690935215838559,0.001242060733134501,-0.08206382252306442,0.9966263022407341,20.58132821283584,-2.168033363048153,-3.84850123,0.1794905302742496,0.1284933534749661,0.2173913043478261,True,5
-0.4181232675961777,-0.905483986049822,-0.07260636406005876,0.9081821351779921,-0.4184010409563926,-0.01207386724091114,-0.0194458848664508,-0.07098816756286697,0.9972875902305353,-24.17824908100653,-1.147309309236931,-1.58501850,,0.491931809555658,1.0,False,9
0.1115266770097538,0.9900458927592751,0.08585412363802399,-0.9937561848843781,0.1108281367900537,0.01287513493877126,0.003231921906306823,-0.08675398737888773,0.9962245230642821,-7.979597142348041,17.0253423378353,-1.84273676,0.225108937957741,0.2231524457747872,0.4444444444444444,True,5
-0.3106451387217438,0.9502937839325607,0.02100766545061805,-0.9504424243356467,-0.3108349685389962,0.006389081024696652,0.01260142101223132,-0.01798183951929628,0.9997588997533232,-16.70862958931542,-12.27216560798928,-1.43876096,0.2969465958676133,0.2878521158517175,0.803921568627451,True,4
0.9793332462106751,-0.19747775025611,-0.04369131515814152,0.1997891401106471,0.9781777034941921,0.05703227052010201,0.03147526584972422,-0.06458264891296522,0.9974158556485231,1.525848888005726,-11.38898849106786,-1.99988346,,0.1455703043305415,0.3272727272727273,False,5
-0.9873239695342573,0.1586457658431599,0.004785411492751323,-0.1585120729759067,-0.9840600931787151,-0.08062044240749287,-0.008080959348895701,-0.08035704071913255,0.9967333866701094,1.885027204071946,-13.87896285454829,-2.02400681,0.1790715097524967,0.1632570941809301,0.462962962962963,True,5
-0.592970830116041,-0.8029432244970721,-0.06056214053133126,0.8051277301819183,-0.5923832748328863,-0.02917865299111725,-0.01244719741967067,-0.06606234882675982,0.9977378580287941,10.84014499590876,-3.961794183050557,-2.79944917,0.7795525092548731,0.6347375430218095,0.72,True,5
0.06449625445902445,0.9902166782999798,0.1237382850103834,-0.9976880277546558,0.06132217770815817,0.02929487661954388,0.02142037431470303,-0.1253416153465528,0.9918823756003204,-12.1068245821063,-8.716029717121984,-1.46619562,,0.292992313318741,0.40625,False,3
0.2008327096585952,0.9746482870757911,0.09862524642004368,-0.9794305823480776,0.1977640390485718,0.04006393915358442,0.01954372258536122,-0.1046427319952174,0.9943178272303504,-21.94708534150561,17.52222983313851,-1.62380655,0.2649281869591855,0.1717554914966353,0.5,True,2
-0.6934940821404828,-0.7179569987745369,-0.06003087494604765,0.720285916122261,-0.6927570798379565,-0.03571872576536338,-0.01594230447719052,-0.06801011869601314,0.9975572498272518,-7.032067795426201,-20.96820186775525,-1.51613149,0.4331508442201316,0.2603476969457004,0.725,True,5
-0.9763701618043364,-0.2153720721853601,-0.01778138523164972,0.2157131333700769,-0.9762475592433358,-0.02021254964350524,-0.01300581523149236,-0.02357060868988699,0.9996375719110158,-34.70642437870782,14.31092758321657,-1.83339137,,0.4246747982695405,0.9473684210526315,False,1
-0.9781714307303616,-0.2062765250250816,-0.02511269253772094,0.2075007866758647,-0.976084179025935,-0.06483131175723493,-0.01113892417671191,-0.06862704043482683,0.9975801991265376,-14.32255865640769,-18.4966694414496,-1.40333244,0.5091442548310795,0.5256192790478187,0.9389312977099237,True,5
-0.2536253067490084,0.9533769347010738,0.1635439517574883,-0.9672981620779819,-0.2504815726874677,-0.03991550306047418,0.002910226284892803,-0.1683193456617424,0.9857282224117221,14.93602412296758,-16.28375041960723,-3.09195241,0.7805666314423673,0.5461643852883507,0.55,True,4
0.9914247764008784,0.1287471000982526,-0.02238519499043511,-0.1252627729002623,0.9850930691846809,0.1179020049432738,0.03723104166964159,-0.1140869372916855,0.9927728946116516,-7.876236454049661,23.90866381485446,-1.92805193,,0.5046242126040248,0.9583333333333334,True,5
-0.8225299441477958,0.5438282879168523,0.1664190020449884,-0.5687151967444155,-0.7851072818847923,-0.2452948856446761,-0.002741527345383821,-0.2964074040790802,0.955057660476537,-18.80719186850172,-6.383510685225247,-1.46415292,,0.2596386770515657,0.6111111111111112,False,1
0.7611431194889494,0.6470804720196062,0.04413631594859777,-0.6483643687637787,0.7573509624286621,0.0777377966366795,0.01687592877970069,-0.0877860036638111,0.99599639587127,-11.6538002017902,29.82722940760118,-1.85185666,,0.1515427554858459,0.5714285714285714,False,2
-0.8368537554027149,0.5428591484421429,0.0705672517606003,-0.547411802411919,-0.8307944531994312,-0.1006026595731502,0.004013807233339464,-0.1228190599448176,0.9924209630322024,-12.0715196092292,-18.55939994366651,-1.42398328,0.2832230298306206,0.1762084764379681,0.6060606060606061,True,4
0.6486788053370067,0.7499047885844319,0.1298407315317223,-0.7590734035299933,0.6251727121155446,0.1815671998998906,0.0549852303800416,-0.2163374403200551,0.9747690682186325,-8.421863611212359,-18.0454273782608,-1.49467344,,0.6844290011290239,0.5,False,2
-0.899263202318052,0.4366638086164185,0.02550316061362051,-0.4373896672500566,-0.8971631865825026,-0.06155075648611017,-0.003996490906405427,-0.06650514931741433,0.9977780781189282,24.88844736626589,-13.46830952825783,-4.21862033,0.6576879697502762,0.6896290441768086,0.8981481481481481,True,5
0.994780582482898,0.09850431226319421,-0.02661753520788457,-0.09182604786058153,0.977979815213509,0.1874125341839718,0.04449235495334049,-0.1839901668581974,0.9819205919269646,-28.5319948030081,0.4163497742262621,-1.71595603,,0.7686965095270435,0.1621621621621622,False,2
0.2220288031792838,-0.973831400522119,-0.04853466715558635,0.9749247221666766,0.2209615592226438,0.02641543969209961,-0.01499988889971452,-0.05318263535240356,0.9984721381340443,11.98498788510841,-18.62692241796,-2.79083421,0.2558522467262093,0.2323156578405798,0.84375,True,5
0.5855018312721448,0.810505247665193,0.01639661807042869,-0.8104737130058391,0.5847932473637091,0.03390012336754476,0.017887596358704,-0.03313761224032809,0.999290714732963,-8.351757154667553,10.06646713775544,-1.74782524,0.2058318248073677,0.1073903631459764,0.3670886075949367,True,5
0.7926278206013987,0.599631966602335,0.1103750091157104,-0.6087324463681709,0.7885122357020306,0.08771124720813869,-0.03443757754690104,-0.136711224033733,0.9900121688524336,2.579213814341529,-29.11764596195584,-1.80934618,,0.3635290938184718,0.7,False,2
0.5647322567764889,0.8249274771300542,0.02391935684708133,-0.8251325679313801,0.563861227009221,0.03488211597111185,0.01528801802394057,-0.03943569641200446,0.999105150799154,-2.419430842474981,-15.27717870717009,-1.74379651,,0.09113604991957358,0.35,False,3
-0.787421379649118,0.616088580924625,0.02006069105892028,-0.6164123600720878,-0.786903822335566,-0.02860378898038925,-0.001836633289038154,-0.03488889290243644,0.9993895096158474,12.26206159908656,-23.09314125525003,-2.75288826,,0.7301141254078631,0.1428571428571428,False,1
0.2283712369858948,0.9636954138790849,0.1383391751672394,-0.9733474339378168,0.222935161735616,0.05380229092317968,0.02100835462857634,-0.1469389768929081,0.9889224368500623,-19.03626045853042,10.3089549592431,-1.56725329,,0.2556648446277069,0.4111111111111111,False,5
0.7477026727722398,-0.657420541993138,-0.093482319690393,0.6640268228287609,0.7396094015188389,0.109755691191325,-0.00301524347102804,-0.1441393913903925,0.9895528000851784,7.707153286724974,-21.93584977885706,-2.37832549,,0.3042863461727969,0.7142857142857143,False,4
0.5481637676548248,0.8363034816319043,0.01062875537514442,-0.8361996019883132,0.5477498826962799,0.02720830095394325,0.01693249730712856,-0.02380236577672679,0.999573277913319,-6.677979706108943,4.135944570502659,-1.72219042,,0.1289619747113549,0.6161616161616161,False,3
0.8330487324644867,-0.5414450813046,-0.1134329461416171,0.5528392253644238,0.8222169460444728,0.1353812562202174,0.01996497527611309,-0.1754893659694381,0.9842788640389819,24.37753222727576,-0.9861770616307695,-4.33537698,,0.4193478356521976,0.3076923076923077,False,3
0.1239804533950732,0.9566984381217412,0.263357068770468,-0.9922094948682383,0.1162584181544638,0.04476939246334388,0.01221333162028939,-0.2668559137505534,0.9636590454237899,21.98066434759323,-15.87189252703536,-3.84133855,,0.3058683220686277,0.4545454545454545,False,1
-0.9722265164761967,0.2337222016769326,0.01222837290268077,-0.2339037837201398,-0.9685310908710886,-0.08506789040208526,-0.008038695289775508,-0.08556552144027611,0.9963001158881254,-11.90286362673066,-16.02594538612868,-1.44278267,,0.1066997330955058,0.2666666666666667,False,1
-0.6338696842102577,-0.7681154633629801,-0.0905972316456897,0.7732870190793081,-0.6317102876892109,-0.05449127041143662,-0.01537561584542661,-0.104598027564046,0.9943957175426116,-3.384435221028355,0.2741591969106878,-1.79571908,,0.7216044823214003,0.448539176626826,False,1
0.6125299780851009,-0.7802989018653338,-0.1262562857635994,0.7903781226745914,0.6067268588034446,0.08476403720855362,0.010461794514032,-0.1517107199714605,0.9883695707078839,-18.91932111626261,1.877478118337308,-1.50487727,,0.2115908926581639,0.1666666666666667,False,2
0.7515571912991118,0.6450568689178761,0.1380703591233687,-0.6594441887940892,0.7292106485546092,0.1827161511751814,0.01717993225526837,-0.2283713333508218,0.9734225105427099,-25.15541785660554,5.501329374124111,-1.59988041,,0.6904052414958062,0.391304347826087,False,4
-0.911044559718077,0.4100398090019005,0.04318755887731483,-0.4122722930852294,-0.9045779520992513,-0.1084909440007427,-0.005419092391093102,-0.1166451182416591,0.9931588744143846,-17.32343795396224,16.94281180234441,-1.63541196,,0.423086486929346,0.375,False,1
-0.1660111746433136,-0.9829110246263645,-0.07953746011470401,0.9855131910627768,-0.1682059397640726,0.0216912901725199,-0.03469928147398055,-0.07478421956560126,0.9965958460525278,12.80846437338244,-20.6807175141281,-2.84752920,0.2049320756106992,0.1243069316074181,0.2105263157894737,True,3
-0.5799112276227859,-0.7838828612252644,-0.2218797601276997,0.8136184924479432,-0.5711588926586951,-0.1086391645937527,-0.0415682189150406,-0.2435265472472874,0.9690030464152553,-8.407222231968092,15.79381620626557,-1.81709140,,0.1256531112176526,0.2142857142857143,False,2
-0.3278315786872938,-0.9256884990307461,-0.1887518444349663,0.9446337021816975,-0.3241297542392677,-0.05105948608527229,-0.01391490991335713,-0.1950402655325228,0.9806965229382159,9.652053555267969,7.962470105159582,-2.83172644,,0.6401184457515607,0.4347826086956522,False,1
-0.7233691304784219,0.6822384063027085,0.1062443317849567,-0.6904556424769492,-0.7141134998297942,-0.1153816065609479,-0.002847251768753947,-0.1568204907733128,0.9876230185809677,25.4058106673229,-0.3557473181696764,-4.46190188,,0.6117372614162149,0.1428571428571428,False,4
-0.9846115943908724,0.1706317458583539,0.03774672828730095,-0.1745340987740099,-0.9492371909483895,-0.2616994529714488,-0.008823636223764806,-0.2642604068447288,0.9644110020204302,-29.67334359377708,1.72544078866963,-1.73578443,,0.6119387995009806,0.125,False,1
0.5495355968925669,-0.8336154769636283,-0.05564049168215735,0.8354686139351888,0.5481805359065821,0.03860434149660273,-0.001680142001126544,-0.0677003443113445,0.9977042850980349,23.47268609304598,0.3887169864966893,-4.25157986,0.1011640416683163,0.1153876359987569,0.3125,True,4
0.9900699479949518,-0.1347338253833034,-0.04010354566437786,0.1402703935430943,0.9656547630166608,0.218712357580686,0.009258227289215878,-0.2221658726285789,0.9749649277110656,26.63778875651548,-12.90825209557622,-4.42687361,,0.6203064050904805,0.3181818181818182,False,1
-0.2511556569060487,-0.9627516135686417,-0.1001507192938148,0.9678548765569294,-0.251209201459433,-0.01228311959907476,-0.01333318900572121,-0.100016337030964,0.99489645611885,-25.05839420683736,3.917493590746943,-1.60057856,,0.7681154476415377,0.125,False,1
0.8561984777016567,-0.4870470822239221,-0.1723638781140912,0.5166339456905884,0.8094998286618222,0.2789254265151422,0.00367871465858101,-0.3278645560191648,0.9447175768264376,-13.39083706274477,-28.7696707112018,-1.32515278,,0.5488928197558102,0.1176470588235294,False,1
-0.5698638291612516,-0.8180340868655912,-0.07794516623661712,0.8215984255708809,-0.5689526031539012,-0.03562249940485207,-0.01520668646106865,-0.08433959977600865,0.9963210268766274,-21.2797776532193,-15.07343081780022,-1.48137193,,0.5775428693181255,0.8809523809523809,False,1
-0.4346024215480547,-0.8991618757118311,-0.05127042471978805,0.9005668522923566,-0.4345032032637003,-0.01364957529812449,-0.01000398604570682,-0.05210458348325919,0.9985915244198863,22.83569272571322,8.850255562835883,-4.23623720,0.2987272517992299,0.1201320022499111,0.2727272727272727,True,3
-0.9967861588077891,0.07959635792386685,-0.009042865390391907,-0.07851764287746693,-0.9931319276410427,-0.08674072893948508,-0.01588500444380275,-0.08575193353646517,0.9961898777485035,19.71588267566079,23.94807219136925,-4.05433185,0.7920650950447038,0.5443369196654875,0.5681818181818182,True,3
-0.7536085460772968,0.6343743214365355,0.1721725285322798,-0.6573226898195119,-0.7268903932667468,-0.1988900138894773,-0.001020160627081225,-0.2630581237644072,0.9647794477463985,-4.292865336780324,16.28300325943417,-1.99098176,,0.4625804659186337,0.3541666666666667,False,1
0.09053202781285266,-0.9346592797308215,-0.3438255120743012,0.9958441919361355,0.08152426804619853,0.04059727954675801,-0.00991450085273683,-0.3460719932797136,0.9381555724613311,-0.5511821370031385,-18.16699594619575,-1.83187774,,0.3216272197046922,0.2727272727272727,False,1
-0.3750781634853899,0.8885289489517991,0.2642587333486619,-0.9269733904014633,-0.3613702658874447,-0.100657162785638,0.006058445678892257,-0.2827151177546923,0.9591847879469875,31.37650957842379,0.1309465239472161,-5.13688539,,0.1702318976131741,0.1428571428571428,False,1
-0.7546565178788646,-0.6332469334377362,-0.1717319461097772,0.655939127312097,-0.7342939040419917,-0.1748036720089594,-0.01540783190434788,-0.2445624332935757,0.9695111216162164,-30.88674043081579,2.130565239693084,-1.77477305,,0.2007816431203093,0.3636363636363636,False,1
0.2616103787982621,0.9518753770115755,0.1596661402555339,-0.9650803072066908,0.2556813831111813,0.05698272520853657,0.01341679346446399,-0.1689979200150799,0.9855250847561963,-11.00286804238965,-12.91899812724108,-1.45932115,,0.06866216221065591,0.2666666666666667,False,1
0.5758575888445169,0.811866652928672,0.09623188261991998,-0.8175346346427291,0.5725657920950444,0.06168901751651385,-0.005015827923481517,-0.1141969858839052,0.993445463971361,34.57875552394523,1.718750934894558,-5.49729794,,0.4481932658246152,0.4166666666666667,False,3
0.5425210986236374,0.8385647096923465,0.0498004538813852,-0.8398985157521804,0.540377952938702,0.05061769665899289,0.01553514678030245,-0.06928849569999522,0.997475695733057,-3.795633542842097,23.46609805567039,-2.10574398,,0.1055718038610966,0.25,False,3
-0.9952975953747678,0.09461246811560545,0.02076481442920825,-0.09636772560478582,-0.9454963446977488,-0.3110464975288373,-0.0097958206887744,-0.3115848889793436,0.9501678266794579,31.49292153269334,-1.724986847575025,-5.11161006,,0.06983322089479685,0.25,False,1
0.7950164510462189,0.6023636352913924,0.07146253175205436,-0.6063846126502613,0.786165907212524,0.1193351074818358,0.01570172305409005,-0.1382071532709047,0.9902788691464062,24.02990611514491,9.968658309455407,-4.35095694,,0.1221348846136744,0.2142857142857143,False,3
-0.9999127798089846,0.009018733666440135,-0.009648586306957767,-0.007576330000552399,-0.9900813170531645,-0.1402910718684328,-0.01081813285145467,-0.1402057347804464,0.9900632908740146,4.953801074628643,34.406493503185,-2.83962194,,0.1922731305327116,0.2,False,1
0.3633861096895433,0.8868578692586706,0.2853658266483062,-0.9315310276165495,0.3412241561824944,0.1257617581985915,0.01415909150883875,-0.3115271978038458,0.9501317409476063,-8.600545427191207,-11.90470347596315,-1.49487450,,0.772870231746253,0.3709677419354839,False,1
0.1873329752145204,0.9409178393445793,0.282099230768901,-0.9822945018774591,0.1800163177986538,0.05188098791975404,-0.001966717720333095,-0.286823543192228,0.9579814127069824,-9.55852385434406,5.187803292544743,-1.64268857,,0.2848419535547506,0.25,False,2
0.1684839549022574,-0.9690248135147514,-0.1805659650465593,0.9856637341182201,0.1639622439348964,0.03979178065832577,-0.008953222024550083,-0.1846815999403695,0.9827576234549619,14.39340427102172,9.07512093968711,-3.32342773,,0.492335975963359,0.5934065934065934,False,1
-0.9269409216348591,-0.369444619878871,-0.06550725640167719,0.3743772744905265,-0.9222918597706407,-0.09601761164420954,-0.024943619299603,-0.1135270815416735,0.9932217363775662,10.692341575505,-33.7731659054119,-2.18634466,0.5387495733740494,0.2285310863832294,0.4545454545454545,True,2
0.4484354609057136,-0.8513767860269085,-0.2721455596124481,0.8938018073122298,0.4254696297467049,0.14175303668209,-0.004895574294434191,-0.3068112813729217,0.9517577795713751,20.58962363294995,-20.16911371397555,-3.64109324,,0.3991259203817325,0.2727272727272727,False,1
-0.9825279204408132,0.1853855132464925,0.01646502452435163,-0.1859129000156213,-0.9734873523869819,-0.1332620289143429,-0.008676356495356573,-0.1339947246010833,0.9909440623047534,-23.08401456410746,8.76337837701709,-1.58269447,,0.8157295724774559,0.6326530612244898,False,1
-0.9228320334112751,-0.3800150497698866,-0.06300476218828636,0.3826564361069532,-0.9231614393811474,-0.03670161775254192,-0.04421639985273774,-0.05797860629679737,0.9973381528829348,8.104172677253871,-30.83800973332785,-2.14177115,,0.4334154804886015,0.475,False,2
0.3722115268973292,-0.9193099314390414,-0.1277803944363335,0.9281278687453618,0.3677541295969146,0.05775430219999941,-0.006102335860306857,-0.1400933621623874,0.9901194934830276,-3.508837775495351,-9.59844499094504,-1.68540439,,0.6450409126835706,0.3793103448275862,False,1
0.9920536411427432,-0.1251384976295847,-0.01303570122535444,0.1254608394433139,0.991707478531325,0.02785417008674404,0.009441973395709872,-0.02926830087402889,0.9995269959847722,1.72306068365998,-19.60497506331325,-1.95058887,,0.06148268608312334,0.1666666666666667,False,1
-0.5612412184445058,0.7846211430609371,0.2633969562858964,-0.8276470515208586,-0.5331889957147434,-0.1752422693231627,0.002941568927464834,-0.316352899007503,0.9486370172314557,17.61162948504273,26.81522879981409,-3.90841710,,0.1785259269837188,0.2222222222222222,False,1
0.2698707038429229,-0.9022321657162875,-0.3363731891132582,0.9628665891030763,0.2501037928338484,0.1016662402134145,-0.007598341683137964,-0.3513192450706646,0.9362248945881783,-9.069676215015647,16.99354159652876,-1.81126279,,0.6856902573549218,0.3333333333333333,False,1
-0.5879270531284131,0.8087097799696625,0.01817338661783042,-0.8089102543496675,-0.5878438943187649,-0.01018608463078814,0.002445528101868932,-0.02068931351131994,0.9997829622966847,20.48129014040939,-15.71714483326829,-3.69386975,,0.5698280671924241,0.5714285714285714,False,1
0.3662504786738332,-0.9299418229445063,-0.03269239682001007,0.9304956908025191,0.3657824182165896,0.01951901435951428,-0.006193243829447082,-0.03756898271543887,0.9992748447092004,28.63774141051647,-6.13128905074376,-4.75162386,,0.1049320029535596,0.4090909090909091,False,1
0.6565633450017014,-0.7270562689198398,-0.2007828573970845,0.7542700882039922,0.6324855156494454,0.1761780534981492,-0.001099109147560253,-0.2671165556793822,0.9636636019073592,27.51175518637956,-5.974090916406851,-4.60740747,,0.1365314927334401,0.5,False,1
-0.3837709143325329,0.8828541988400165,0.2707182094040325,-0.9234093261927455,-0.3687819503681243,-0.1063724089364485,0.005924661393914505,-0.290806355971179,0.9567635871594052,-8.826669629202456,13.11535035268565,-1.77320976,,0.6209867690107163,0.2278481012658228,False,1
0.07769690755707782,-0.99555865873819,-0.05316152337437403,0.9969262062338624,0.07704402713459724,0.01422523135288712,-0.01006627439654895,-0.05410337230063079,0.9984845993932376,-10.31123313612153,36.21763221734412,-1.92494861,,0.3051467550856996,0.8214285714285714,False,1
0.7550025350900607,0.6420917364923407,0.1330014057663799,-0.6555408368945022,0.7343387301100508,0.1761046297631457,0.01540724411562402,-0.2201472947565094,0.975344957151137,9.18730600164281,-19.88634422374972,-2.53843843,,0.1320452954371185,0.2727272727272727,False,1
-0.722251183308336,0.6626717602671864,0.1980388001228503,-0.6916307805201957,-0.6918846033000756,-0.2072258650683433,-0.000302732116708259,-0.2866388561599544,0.958038660228584,-15.42035576004105,-9.994752832376065,-1.44798881,,0.26485318456234,0.1111111111111111,False,1
0.9541780063188758,0.2983435179667717,0.02314038773541935,-0.2989269671196964,0.9467929569196376,0.1192718116571916,0.01367481575579213,-0.1207238253808222,0.9925919390159611,23.37196151329272,10.51805335766724,-4.30716065,,0.09646220948414709,0.1538461538461539,False,1
0.7704875642334258,0.6236581716679652,0.1319067787242734,-0.6372695587745659,0.7486007841405616,0.1829873641632317,0.0153760469859346,-0.2250496631766153,0.9742259626406902,30.42067023494218,7.359999383997689,-5.07635508,,0.362705155031304,0.1666666666666667,False,1
0.5849309129492614,0.7788075349515852,0.226527372692528,-0.8109396613915792,0.5563026203287247,0.1813953147065977,0.01525426689337737,-0.2898037579432516,0.9569645182677962,33.81290262294891,4.065714172121943,-5.44260170,,0.6375242609176027,0.2702702702702703,False,1
0.8879766970727099,-0.4517419130966606,-0.08617789396133478,0.4598649741723103,0.8740957492077991,0.156463499725519,0.004646610091478366,-0.1785661366794565,0.9839169395055827,-7.262992488708562,-15.42057605438802,-1.53877454,,0.4939691471139381,0.4117647058823529,False,1
0.829393470148757,-0.5505898515797872,-0.09464294486093673,0.5586572361642587,0.8182814602832229,0.1353423224201038,0.002926457912563233,-0.1651250044484591,0.9862683046463482,-2.175633021428496,-3.36171607897262,-1.81132035,,0.5602499523643951,0.3181148748159057,False,1
0.2937883137235218,-0.9096465132685976,-0.2936522562790427,0.9558429310840006,0.2772396973711928,0.09748046623952757,-0.007260703563413753,-0.3093240551586838,0.9509289726808999,25.40904749797954,10.74452199108478,-4.53743040,,0.2154273051342548,0.1538461538461539,False,1
-0.3842536017413616,0.9058358008355258,0.1783554638172112,-0.9232086201229243,-0.3782454643132661,-0.06794271452604668,0.00591720200070794,-0.1907665344107903,0.9816176017520162,18.56732096883383,0.7657624705602473,-3.69700587,,0.4970867192392137,0.1971830985915493,False,1
-0.6382516264214382,0.7693855899150427,0.02608975663877482,-0.7698264111447307,-0.6379484972031271,-0.01972337750730314,0.001469038601528185,-0.03267306149342768,0.9994650133837772,28.09693834067542,-7.369264958340978,-4.64192437,0.8748799255052144,0.3522359214114228,0.7692307692307693,True,1
