axis_00,axis_01,axis_02,axis_10,axis_11,axis_12,axis_20,axis_21,axis_22,location_x,location_y,location_z,dbh,dbh_approximation,score,reconstructed,number_clusters
-0.81981985286331283,-0.54803126518429679,-0.16600343740920986,0.5464831060641222,-0.83538666075745727,0.059036783576119273,-0.1710310604471717,-0.042318546867808747,0.98435639732431879,-6.2607767565665258,10.192376738889486,-5.8006594873043831,,0.1209620307640168,0.2786885245901639,1,3
-0.47225343377046625,-0.86879248227982087,-0.14891714819345137,0.86324114200436042,-0.49001670582201706,0.12123678800737984,-0.17830150039472822,-0.071296919634760328,0.9813894864973759,-16.065511516661747,-6.9446015234725387,-3.6503870113139554,,0.9559963667750881,0.9078947368421053,0,1
0.29436700974312885,0.95170392911368551,-0.08722210089456614,-0.94174196764181584,0.30439650993443806,0.14305534286371671,0.16269643498556,0.04002993941173133,0.98586382122161442,-2.1854531849866867,-13.769042360335838,-0.9782025771977173,,0.08883436157756505,0.4054054054054054,0,5
-0.98957614127842386,0.11620923283515996,-0.085055715953524444,-0.1142965797150198,-0.99307866516425269,-0.027038059490888028,-0.087609089014503483,-0.017034641159949317,0.99600927130353523,-7.2077113056240654,-5.0591045946415463,-3.0025220432560378,,0.08144540558137725,0.3786407766990291,0,5
-0.80218727557520952,0.59707020247356934,-0.0016577766417914463,-0.59706715287195633,-0.80218874915605753,-0.0020064119259446383,-0.0025278185455279828,-0.00061971413694296169,0.99999661303815923,5.5781953265213495,-5.4810801363497967,-1.4164114486142592,,0.2570181129518859,0.1538461538461539,0,1
-0.93944376672462726,0.32929686482905446,-0.094915667705589568,-0.33622197192883707,-0.93923108302207725,0.06928028779861653,-0.066333963808345511,0.096997667492214237,0.99307162770192048,11.082211306884929,0.017666046420613764,-1.7635578158597722,,0.1479299877948466,0.5348837209302325,1,5
0.27955296033346144,-0.93057520056637277,-0.2363893789061855,0.95701136749688842,0.25023873445736866,0.14666225914975337,-0.077326482207151936,-0.26722719148325574,0.96052602426037248,2.4743455694854406,-6.5916752082471044,-1.6081219325827256,,0.5226102674681808,0.3018867924528302,1,3
0.85206484526445825,0.52330529811309867,0.011707451952261694,-0.49783653461642646,0.80328103505630999,0.32695315187342994,0.16169194248805777,-0.28441368406886347,0.94496802699817029,-14.815683086132553,-13.910233466358122,-2.3282100466879827,,0.5858146493936888,0.4347826086956522,0,3
0.52412131628380421,-0.82769038823512731,-0.20056287552814536,0.84762305220203304,0.48411873139074268,0.21717323797450153,-0.08265595678862965,-0.28382684006239445,0.95530639988830501,-13.768162931004259,-10.134953627096023,-2.8493109217839487,,0.1926444878054086,0.3333333333333333,0,5
-0.16729821327270247,-0.96961250512930264,-0.17850181436792026,0.97435961592172304,-0.19023489325738677,0.120141684057714,-0.15044815285218446,-0.15382547020642839,0.97657722583477125,-10.082721847289454,-14.213265134901567,-1.6808845723273211,,0.106820510593888,0.3333333333333333,0,5
-0.85531772865044875,0.51567332902406349,-0.050125849513762893,-0.51800224102141501,-0.85305422620582549,0.063025117605379447,-0.010259695562173527,0.07987180281939199,0.99675234324347162,18.793605996756547,-9.4571828260765898,0.82207240464877207,,0.4224076931024608,0.8541666666666666,1,5
-0.65998375839284029,-0.73731513375347024,-0.1441798605761693,0.72914585242400709,-0.67487389818861532,0.11354095048294896,-0.1810186856391621,-0.030192964110953385,0.98301608347354397,-16.590332102202531,9.4982944698007614,-6.6282269853345035,0.1929898642160163,0.1294657865823216,0.5942028985507246,1,5
-0.28843314719819391,-0.92369807137355864,-0.25216699335581882,0.9473821974501222,-0.31349516283054496,0.064712864535797943,-0.13882828080734627,-0.22023318510755532,0.96551750508494594,-5.4989843710089952,-4.3585053476180473,-2.8848557547336546,,0.2293267555762632,0.1735537190082645,0,4
0.98086083196835305,0.16131013144112918,-0.10904618198174684,-0.14077626291654316,0.97442092865098318,0.17517390675043135,0.13451420783546603,-0.1564701099296672,0.97847996023883688,-5.7949217846992012,17.626895082735981,-7.3984647288582295,,0.2177536496371448,0.2307692307692308,0,2
0.48000860536966689,0.87513262290076754,-0.061111628237922863,-0.85707330871464193,0.48268128967291185,0.18012250300456842,0.18712851802973154,-0.034083206048100841,0.98174398536761076,-9.2895064258963238,15.853649927344295,-7.4724160925169727,,0.07873999489459141,0.5333333333333333,0,2
0.56312398033213984,-0.79714079788261094,-0.21784841318210502,0.82412546727449321,0.52230026637893778,0.2191338539114587,-0.06089825091482938,-0.30293395334885165,0.95106383747041379,11.913452032158776,3.8608201195166698,-2.369051930977228,,0.4755490334345156,0.8095238095238095,0,3
0.10035658260322014,0.99478677782101765,0.018105883040575831,-0.98301785546398979,0.096326421433000173,0.15619576297995449,0.15363740484394137,-0.033473679307599508,0.98756015544696307,-9.4941915073143139,-5.1837933710948949,-3.261369140634089,,0.08096137214291239,0.2608695652173913,0,5
0.74906861503046418,0.66244673479719696,-0.0077803298692282136,-0.63843058439920597,0.72494889598945011,0.25856428041662283,0.17692540484630939,-0.18871518688279834,0.96596272151660179,-6.8391853602137633,-14.649472928507254,-1.2990111288608817,,0.3657128806320923,0.7346938775510204,1,5
0.8594568123578199,-0.46026857296895335,-0.22245635173862377,0.51076435660567177,0.79127610207169086,0.33615755578511902,0.021301636390879179,-0.40253567671369767,0.91515641791975477,13.800483620218547,-10.536447887902909,0.35512229796213396,,0.09910451215495661,0.2142857142857143,0,5
-0.6602505761134202,-0.73129900258128666,-0.1710875377270703,0.72921740483108144,-0.67872750387704361,0.087011217508206506,-0.1797530340030988,-0.067310803772150499,0.98140618627672616,6.8303908714997004,-0.96630052759012497,-2.0494230504378579,,0.1194712458922866,0.4666666666666667,0,1
0.57389129898201707,-0.78890268586120738,-0.21973012809741185,0.81700679629370188,0.53316360372476812,0.21962801841550053,-0.056113026675042137,-0.30556361678738936,0.95051680907450287,7.0077694468428966,-10.34246783972506,-0.45263745653854492,,0.07806651229328097,0.1724137931034483,0,4
-0.97741019979908295,-0.17615631719153024,-0.11678293215291662,0.16663194473218715,-0.98218140387571684,0.086910786876513296,-0.13001190839105886,0.065487722469500881,0.98934739191159338,-4.3862843288483582,-13.239231285837315,-1.2890746659165904,,0.6125810789689284,0.953307392996109,1,5
-0.98572852807949773,0.14614988793904374,-0.08354327732159475,-0.15404652232458291,-0.98323843972812663,0.097528660406581535,-0.067889158854192042,0.10900633420313467,0.99172006191952478,-6.2879384174973589,-1.0210480768031629,-3.6075184408627736,,0.1358881091969789,0.1869918699186992,0,3
0.79170883803877423,0.61003080165204937,-0.032550526985752636,-0.58268539573639977,0.77007813675976922,0.25972561075126233,0.18350707170789779,-0.18666034479867138,0.96513370592515957,-0.44102434097817611,9.8555896784908068,-5.1457984958780845,,0.1979266847484813,0.1515151515151515,1,4
0.71218551142638864,-0.66677485017537741,-0.21955203594578004,0.6991974873695328,0.64589001079074426,0.30651095839605069,-0.062567331495488265,-0.37180289554323859,0.92620080754402201,-10.40395067376047,16.940959719657432,-7.9126798632579884,,0.1718174158606923,0.2142857142857143,0,2
-0.10901233055085477,0.99335854933347734,0.036811740708102191,-0.98390397015356845,-0.11310176171790817,0.13835089089829389,0.14159551300771264,-0.021137264780355394,0.9896989071094745,-8.1903867613934835,-18.236944722618102,-0.87064627415263285,,0.4614787495420474,0.2352941176470588,0,4
0.89889939002465047,-0.41535299338144188,-0.13950547481151682,0.43652007353648459,0.87642008983415687,0.20331761245595648,0.037816821825916801,-0.24365901794139311,0.9691234033717393,-11.598426897444778,-8.2278769705102217,-2.9440829802277375,,0.0831073749109868,0.3529411764705883,0,5
-0.99999872174092397,0.00073617798863847823,-0.0014193514319554366,-0.00068009124300964395,-0.99923431847201616,-0.039119231378788803,-0.0014470633778558505,-0.039118216085796541,0.99923354185988289,-14.143390999877786,-2.5845517875965456,-4.2170043232222305,,0.3120740250643032,0.2916666666666667,0,2
0.79648789636381334,-0.59179243795899006,-0.12405136565352261,0.60465103845107182,0.77884937793568809,0.16670563334583044,-0.0020378042079078405,-0.20778680627929361,0.97817201477565474,3.3462348025714528,-13.967635476672516,-0.30427948982937453,,0.09273699542967655,0.3928571428571428,0,5
0.57136112203871003,-0.80271272995226539,-0.17087639215306105,0.81887377003769868,0.54371925512718655,0.18388888043648291,-0.054701160562751608,-0.24499315250944853,0.9679804431167861,-2.3978029550883266,-16.803879570159239,-0.37794698465732429,,0.3901071333396674,0.8888888888888888,1,5
0.73000823003763138,0.67692921190854194,0.094100085771506137,-0.65999828214881995,0.66250644186486773,0.35424212348076212,0.17745492846898137,-0.32070556052621402,0.93040727201029327,-11.944537889129883,-13.43983184513675,-2.0840488816040659,,0.5114521353867364,0.1176470588235294,0,1
-0.84255885796115715,0.53718321884158293,0.039099364012543922,-0.53767802750772631,-0.84314626137343496,-0.0025924250035565611,0.031573875381239576,-0.023207139569417778,0.99923196459401498,-8.6798691187501458,-3.0070907858776059,-3.5233764838547632,,0.1820256541426105,0.6013289036544851,0,5
-0.073522346292730856,0.9967984966012976,-0.031420085439139288,-0.98849259414796131,-0.068661033873643321,0.13478892292037714,0.1322000601748908,0.040968519631461559,0.99037605205748014,-10.97157074444884,11.836393140948243,-6.6096188513042895,,0.1046289825910115,0.3823529411764706,0,3
-0.28029503471396061,-0.93390258171007512,-0.22194742933847497,0.94549173686033017,-0.30853212139525443,0.10417919944106736,-0.16577113453052456,-0.18064854813311337,0.96947719571625945,-11.259791329940148,4.7951512952047501,-5.1790191647923187,0.4738798324515424,0.1728183186692504,0.2281553398058253,1,5
0.87978356220885578,0.46520994779313901,-0.097778260065323336,-0.44652604054621575,0.87928569931044109,0.16574424304412183,0.16308089643246523,-0.10215852124250088,0.98130946074942627,-29.278175850978037,11.699388385082004,-8.7131928864124788,,0.1074779894640042,0.3076923076923077,0,1
0.99180137849579852,-0.019723207967475332,-0.12625775493531322,0.047295486428059391,0.97451244110454904,0.21929121983332259,0.11871462663617803,-0.22346475605769492,0.96745560116354101,-2.847672775703832,-6.7961642441643484,-2.2005132103103198,,0.2956946413100404,0.5213675213675214,1,5
0.27803372415429839,-0.89876226987567975,-0.33900387974299956,0.95346089685064606,0.21535615552219692,0.21103090876802946,-0.11666004632972021,-0.38190065269205037,0.9168109538305772,10.17012844105378,-9.7864022611262058,-0.18857333229067624,,0.3537214288454168,0.2093023255813954,1,5
0.48600984603219588,0.87021787637043579,-0.080717267081394498,-0.85712471874672636,0.49265140129741808,0.15043873607896052,0.1706799521710326,-0.0039299421138691256,0.98531868422448743,-4.8092192517346568,14.323879190899037,-6.5229941534380291,0.1926094585370946,0.1771847106550063,0.4666666666666667,1,5
0.99396758137561492,0.082655667644424238,-0.072086668535630338,-0.057442566711055326,0.95226158966555219,0.29983031263913729,0.093428040244657423,-0.29388076741068198,0.95126510281947829,-2.9034670089567083,16.913274823732369,-6.737647505652947,,0.2394948258461535,0.3636363636363636,0,2
0.62897119683856428,-0.75779417820341655,-0.17361802046006516,0.77613523359459191,0.59918963558204175,0.19643288875371046,-0.044825581095299299,-0.25830169200388131,0.96502378374183106,-4.9716801241937629,8.8363666401020655,-5.3549376448305006,0.2589068668818654,0.1262549098612945,0.2631578947368421,1,2
-0.99396736594457935,0.0074466943529967137,-0.10942313366198415,-0.017622845146544944,-0.99557269723674158,0.092327893107669617,-0.10825114671972906,0.093699259655417894,0.98969800342018044,-16.647552551931877,-8.0734394485375951,-3.533354677872417,,0.07242996109121133,0.2222222222222222,0,1
-0.42802415217558787,0.88055611037830472,0.20350985634557869,-0.8999230249101362,-0.43600468149783045,-0.0062021728905696611,0.083269888861209576,-0.18579788531467303,0.9790532525974448,-15.637359759524042,-9.0942485357307081,-3.233367767654844,,0.06168937444736071,1.0,0,1
-0.9413958706981137,0.32255543277434479,-0.098649923569637324,-0.33252900155662896,-0.93652651461773173,0.11109703210129027,-0.056553317818601109,0.13739024785521975,0.98890122966754845,-3.7202102382694373,-2.5449608834027617,-3.0392469782115037,,0.06808713194166036,0.1775700934579439,0,1
-0.82580992068871861,0.56254760663038594,-0.039726127001215417,-0.56385997796337428,-0.82487754847816463,0.040484012496253843,-0.0099950059147325479,0.055832072244167995,0.99839014396461601,-2.0304880783175658,-7.8739894898002731,-1.9234251569558192,,0.1432008148545167,0.2926829268292683,0,1
0.25912841173195506,-0.93853758011560739,-0.22803437667161663,0.9637519282849919,0.23573030886237231,0.12495376028999365,-0.063519185764877667,-0.2521476396764184,0.9656018231369371,5.5218607460951876,11.078371711198418,-4.5317183838988067,0.5558132001328804,0.4958211892458425,0.9533333333333334,1,6
0.42480757774268435,0.88281674598791526,0.2004323199878244,-0.88789133703992751,0.36311548701911911,0.28248206437987905,0.17659981738904293,-0.29796264210497336,0.93809955143789547,7.6243954274806756,0.80450474027919638,-2.3377223903523454,,0.2994995142098689,0.2307692307692308,0,1
-0.97327799053598341,0.20849519546893427,-0.09622736931148422,-0.21526738204899554,-0.97430371346260658,0.066273887457633129,-0.079936896136951374,0.085217529882918183,0.99315057530902351,-22.84260326119237,11.136846061899764,-7.7468753425268586,,0.07974537470868923,0.2857142857142857,0,2
-0.97888438820190327,0.18371215950798259,-0.089639260279733041,-0.18852270520729172,-0.9808725924709587,0.048457682163140656,-0.079022428182818835,0.064333504398664101,0.99479478087486839,-3.2870725169718198,19.713560773209156,-7.5262916010652274,0.2380404409700261,0.1644867198830608,0.65,1,5
-0.52745853646673035,-0.83341102565618064,-0.16496531339372095,0.82980244462901631,-0.54702767852988077,0.1104020915106172,-0.18225091274417235,-0.078656094722045253,0.98010092519443814,-13.689172117183768,-3.6582092635213126,-3.9961466993099704,,0.08901836560242546,0.2153846153846154,0,2
-0.48261672069200606,0.87515674851385439,-0.034376829975330314,-0.87552810472670584,-0.48104435904901438,0.045242264098801555,0.023057292602492549,0.051932553930858494,0.99838438043674449,-4.4206338398933376,10.906587805718797,-5.7455172880991698,0.5924527896834074,0.417131503373904,0.2682926829268293,1,5
-0.12875016123746402,0.9907358361548394,0.043196052364742249,-0.98328121908996713,-0.13319502556159066,0.12416573339933644,0.12876894100005221,-0.026487508833745302,0.99132082178753167,8.9301846850881095,-2.547955566651722,-1.5050482974590973,,0.7472078997396461,0.5161290322580645,0,1
-0.75180324260352349,0.65743408481365195,-0.050717931109839312,-0.65927566337291443,-0.74803228165005331,0.076179428283615694,0.012144302986602821,0.09070903888064602,0.99580338730610807,0.43221915160172597,1.2585164877221069,-3.236060923574672,,0.1134916795472657,0.4881656804733728,0,1
-0.71386191224582085,0.6968568033346566,-0.069222582232552246,-0.69975966914554655,-0.70599779634104054,0.10910324009354477,0.027158344611822868,0.12632381884584404,0.99161722308063383,8.557932201935543,-6.3684451514865907,-0.93488367213147727,,0.278510182161496,0.2941176470588235,1,5
-0.1945506476829427,-0.94260872712812904,-0.27136476010719712,0.96741919437750734,-0.23008525935656854,0.1056450461536013,-0.16201897369173601,-0.24197016545167255,0.95666101164161998,-6.0461329241639072,-8.2525361254005958,-2.3057750800121646,,0.08613878667349344,0.2884615384615384,0,3
0.91012270727164812,0.41428832406072508,0.0064685589957109687,-0.38883145416491854,0.84859696583799804,0.35873846995065733,0.14313195995486228,-0.32901120667463507,0.93341569941906399,-10.569609176719956,-11.875745039685219,-2.2359932396527609,,0.63834269722901,0.3571428571428572,0,2
-0.29582414832241843,0.95524168115870633,0.0011848402443258724,-0.95119814453828122,-0.29468548757524504,0.09155628454383799,0.087807534393398612,0.025957542056768798,0.99579919808871331,-7.2661409369510608,11.914579316189091,-6.2297246178837309,,0.1106038428243924,0.2592592592592592,0,3
-0.90863505043117321,0.4175911090822389,-0.00010365039500081168,-0.41651045835115907,-0.9063014556794885,-0.071670841472296062,-0.030023044683144418,-0.065079467182094272,0.99742833313439028,8.5032112794740016,-9.7904492728979999,-0.35878432547761074,0.433015917426711,0.4136721017167883,0.1,1,4
-0.98343255940028518,-0.1315878401687324,-0.12467975549836859,0.1280764630701697,-0.99111767347520263,0.035807498272534009,-0.12828414055852855,0.019245717571194882,0.99155069544442864,1.6843285278501501,0.98333120713763478,-3.017085896143378,,0.07063320066851272,0.323943661971831,0,1
0.20642895757879998,0.97838034516825467,-0.012608951636671053,-0.96099580233334359,0.2051512743610685,0.18547243063518271,0.1840493232006655,-0.026169730920962066,0.98256856850445884,-3.3828251725831255,10.705295089056845,-5.6047594979142428,,0.1622148154989359,0.2173913043478261,0,3
-0.71226715470845536,-0.68950708631696744,-0.13136010902175166,0.67955662916627724,-0.72425389708523824,0.1168720681472336,-0.17572219006058262,-0.0060224974496134584,0.98442137392723317,5.7726303409163977,2.5590853372997531,-2.8520744936651043,0.2138049739485197,0.1625760208042866,0.6462585034013606,1,5
0.98899487593349944,-0.012020443761888194,-0.14746065342676157,0.063918497990806747,0.93359311058340877,0.35258804501257957,0.13342998535516462,-0.35813323331263308,0.92408713128425202,-22.410166780271034,10.345830733875209,-7.5443372881605884,,0.2216649086111802,0.2285714285714286,0,3
0.31682316213422534,0.94545800287703519,0.075711615562203488,-0.93292157661703734,0.29622929642063972,0.20470841659422467,0.17111521211643432,-0.13548936761938643,0.97589047307802279,10.151122961159622,-3.3929558500028798,-1.2169458056162361,,0.71133476123257,0.2075471698113208,0,1
0.99226781878719394,-0.072252243406942612,-0.10091674351646902,0.091922899343972284,0.9741424724706168,0.20638949562667203,0.083395181968161827,-0.21407021430245279,0.97325186204445557,0.1782626857874634,12.079100244396649,-5.437704288564456,,0.4923428566542706,0.6753246753246753,0,4
0.16361512236505568,-0.90931616472564603,-0.38258881884094542,0.97819903177254575,0.099260959549679798,0.18241139259523184,-0.12789349464582947,-0.40409327447746368,0.90573278595254525,-15.891995093150635,-10.320186787811263,-3.0764043827329663,,0.3790233186438406,0.103448275862069,0,2
0.79567032811642746,-0.58368110019643005,-0.16194166304129803,0.60438696892215993,0.74721500021051623,0.27638041764474297,-0.040312786460137549,-0.31778312846009182,0.94730605535588985,-27.122847722882575,9.3789374014095301,-7.9985878934554231,,0.1715631238234375,0.3333333333333333,0,2
0.8993864185617213,0.42739432957904988,-0.091859442358387999,-0.40741840024265408,0.89566937706005123,0.17828800896464145,0.1584749735776477,-0.12292458680237228,0.97968118727932596,-4.4201499043898327,-5.0459408026007795,-2.6773084582161046,,0.2199312056318388,0.8567901234567902,1,6
0.16035451587917415,0.98389978293053337,-0.078915438200675078,-0.97444461252579961,0.17053961981315577,0.14619827356514467,0.15730265845369634,0.053455170219850669,0.9861026409153193,8.155123227992874,-10.99834954956329,-0.21616839914233782,,0.1384945821284639,0.5686274509803921,1,5
-0.36189987395440482,-0.8724338455765025,-0.32846257979316457,0.91634104587728848,-0.39767293454557928,0.046640377039908316,-0.17131132149482456,-0.2841045973272921,0.94336472740144062,-11.811639357938775,5.712414970710527,-5.4230519080533774,,0.2340609058095997,0.1639344262295082,0,2
-0.99137623870790237,-0.054269065576858504,-0.11928127198678162,0.05168103937449068,-0.9983584781802981,0.024686417615566274,-0.12042517799257053,0.018308947728704526,0.99255355469542472,-7.5337561189222004,-11.252803212122544,-1.9906308845785288,,0.09027186353364421,0.2758620689655172,0,3
0.18009830706752092,-0.9695547460783428,-0.16591622629620281,0.97605454624765398,0.15522831865379022,0.1523866524246926,-0.12199230525201026,-0.18938786509403724,0.97429467514424151,-18.263503279997245,-10.124504436531476,-3.4008766268952022,,0.1350483721976657,0.3529411764705883,0,1
-0.17557796625427338,0.98307008874051871,-0.052398267048844802,-0.97753972558869595,-0.16779330682946664,0.12752055159545825,0.11656956147292794,0.073611186697004644,0.99045087234605855,-12.625789595708465,-3.0489581066274054,-3.9766819620090903,,0.1484983842628156,0.5080213903743316,1,3
-0.95574619498789659,0.27536138371276403,-0.1035631166291766,-0.28697068609615867,-0.95012962798147838,0.12207176312840286,-0.064784535868188275,0.14638920175876627,0.98710342189700362,-14.631873261073842,-7.466387717588777,-3.3908300531094531,,0.06743406083136058,0.1714285714285714,0,1
0.7620748028419555,-0.61857889360441776,-0.19131687657007554,0.64707754254193939,0.71705390219045606,0.25908368395428782,-0.023079185671937504,-0.32123800170679545,0.94671722148070492,6.3442369574701063,1.1236276050080336,-2.5468303197866007,0.5289909537754555,0.1896078878033383,0.2444444444444444,1,5
-0.018294638490772723,0.983501063320534,0.17997490005517724,-0.98969513144722365,-0.043381413530890124,0.13646098251780678,0.14201708697250209,-0.17562377802405063,0.97415986141926658,-25.125840531566034,18.630052339134835,-9.7108549823847543,,0.3413124783816798,0.3225806451612903,0,1
-0.8450179750499982,0.53373211684476829,-0.032781843920117938,-0.53437504314828144,-0.84511430047263136,0.015004412581906518,-0.0196960682034002,0.030196797596070718,0.99934989783972539,4.1576650094120131,4.8185345151675918,-3.4362547743089014,,0.2510741759283264,0.2238805970149254,0,5
-0.98875274829786908,-0.066422578713105876,-0.1340001633227009,0.08386303839373685,-0.98808984234356512,-0.1290172633752486,-0.12383454091964764,-0.13880383458164577,0.98254694645123719,-1.1917444604331036,14.434365915123948,-6.0487175763165668,,0.2937973530546253,0.2631578947368421,0,3
-0.54984038635472732,0.83077378945986391,-0.086547445252774913,-0.83293904981233657,-0.53761965122273281,0.13106353389432726,0.062354541382376179,0.14415277092600437,0.98758892754189442,8.7631370812311342,2.3661646764698911,-2.446721309514253,0.2773948585927772,0.1729713390028152,0.6785714285714286,1,5
-0.95777923663627007,-0.24051511851463617,-0.1575163852884382,0.24077649525722153,-0.97041898881272726,0.017710603697639927,-0.15711655928034568,-0.020963394705443235,0.98735754561472366,14.587337497571117,-0.77970800171675203,-1.2089100832831026,,0.7257680597940441,0.4186046511627907,0,5
0.95298022617904199,0.30080533029488188,-0.036672084450278621,-0.2661008412317471,0.88858474852870339,0.37364085292957083,0.14497941511641518,-0.34631387201261199,0.9268482460705928,-12.868260022181651,-6.8548436963202803,-3.3375279094462114,,0.2866197675429615,0.1935483870967742,0,1
-0.78878810518651854,0.61186489114979392,-0.058606143829049454,-0.61408587069926324,-0.78859314915601364,0.031927864189899784,-0.026680864374841937,0.061173524358591608,0.99777048031787319,-10.287773764217681,9.3284101803706054,-5.927684664831312,0.5018178859882928,0.3890801102544499,0.6015625,1,5
-0.99367461257936274,0.076254335971772336,-0.082438101389806867,-0.082051289114473264,-0.99421034348331783,0.069378518760750879,-0.07667040022006627,0.075703825242102535,0.99417834445023368,3.3965271184750239,-14.842626957342279,-0.16364364779275273,,0.09651337591288693,0.3636363636363636,0,4
-0.10643575052713471,-0.98220113523735519,-0.15476550309476858,0.9798519938597825,-0.13006405504835625,0.15156982454759199,-0.16900148265247608,-0.13551483875513223,0.97625520604933846,-10.973988466606805,7.9561939611974433,-5.6678663906772586,0.2279614905340409,0.2101255572985932,0.8370165745856354,1,5
0.96958659914038037,0.23562872110540609,-0.066188613504293226,-0.20421421623303501,0.92792187033517537,0.31186143788868204,0.13490137380959913,-0.28886001513518594,0.94781934512879729,-7.683443248380649,-0.76103616510161531,-3.7646903225247508,0.3705631752287477,0.1349807197719928,0.1184210526315789,1,2
0.95413091612890455,-0.27322054891894337,-0.12241211760053784,0.29251333441064575,0.93786055573948657,0.18669099383737617,0.063797680827616804,-0.2139348256746729,0.9747624050426672,-14.574004699019726,-19.143070967466063,-1.4751764139547978,,0.2130664455969526,0.2,0,1
-0.97093422507514116,-0.20176696209219031,-0.12875101392153551,0.19637635741824319,-0.97907309464417513,0.053406007068684896,-0.13683222144245569,0.026570064959774438,0.99023783750327188,-17.739100181594235,-8.7094853722149459,-3.5356125871412156,,0.07931638414868405,0.375,0,1
-0.89361249649107011,-0.42699038114171972,-0.13833264447500015,0.41951881042177186,-0.9041454395556906,0.080777421554229595,-0.15956401166083589,0.014150566882536767,0.98708616019048956,-10.122533199031603,4.3339723668821968,-4.9740461367979565,0.213213414777735,0.1453694703594306,0.5571245186136072,1,5
0.61681421351232535,-0.76958553542003405,-0.16516152603264045,0.78616115444785106,0.59206274455711205,0.17723528357728885,-0.038611724209023417,-0.23916481802254883,0.9702109691061257,-0.31921622355228879,13.670299798960867,-5.7535952580471523,,0.09074282908072522,0.36,0,5
0.43138182503288236,-0.8665996277738226,-0.25082824038288143,0.89808967878183565,0.38608881086771918,0.21064272830622702,-0.085700932881969727,-0.31613369840152084,0.94483587719674245,-13.265621921649897,17.353706736909533,-8.4477404749395681,,0.258421175962446,0.1739130434782609,0,4
-0.093785282485196367,-0.92082092517571779,-0.37854080961992304,0.98034669248743467,-0.15169778512354476,0.12612749310740326,-0.17356463729146882,-0.3592723281121798,0.91695076799942499,-3.3312150305768555,4.731310150257479,-4.3019202127778184,,0.2583151322730952,0.2270916334661355,1,5
-0.014275964365333372,-0.98795938011260631,-0.15405343257764212,0.98564710092298891,-0.039823716958522805,0.16405445440375901,-0.16821411737291056,-0.14950028366234586,0.97434782080185867,3.8906030717254865,-8.474446722698465,-1.1336573536796228,,0.1109726192125603,0.392156862745098,0,5
-0.88464289187082934,-0.44489889371124219,-0.13954185120217663,0.43705413383175501,-0.89547800748607975,0.084278242799295508,-0.16245195586077807,0.013568805521313778,0.98662315478288587,-2.0333629860556024,2.7567130394803319,-3.805770179123495,,0.0651634650550857,0.25,0,5
-0.94068312966914147,0.32655631704012739,-0.092066396459595301,-0.33458230928978855,-0.93786479563718417,0.092001648978339789,-0.056302112448645143,0.1173481866311072,0.99149355783495119,-1.011419453973792,-7.577585791277893,-1.8678427449640262,,0.4113330885494891,0.7304347826086957,1,2
0.86306023176427871,-0.45187533339849584,-0.22568943132762512,0.50458726815834476,0.79147639847142393,0.34490114449679976,0.022775538621238229,-0.41155047531098982,0.9111023439283924,-16.589667081344498,-2.9888749965682018,-4.4299587811236201,,0.2446746434383619,0.1904761904761905,0,1
-0.91966169112607254,-0.36768523920310592,-0.13794904402454289,0.36087701895600455,-0.92979841900384641,0.072406334027998467,-0.15488754328401674,0.016806691825020773,0.98778913946516911,-12.33882390876505,15.378521029639009,-7.56056933896358,0.2279352309258797,0.09205263428787658,0.5454545454545454,1,4
-0.99529876130807793,-0.051437626619602099,-0.082064281550179363,0.057841692764680937,-0.99529983647047049,-0.07766964722444876,-0.077683423693352779,-0.082051240634109096,0.9935959337646677,6.7036120708367104,10.713829791363857,-4.3205452218849656,,0.2823876527676074,0.3333333333333333,0,2
0.83692936304636745,-0.52691956443824994,-0.14800342524079174,0.54716415879715263,0.81179348502499182,0.20396745083170373,0.012673776020036642,-0.2516885183777442,0.9677253045767743,-5.7580223416099949,14.954332158145206,-6.7631561028363336,0.1448406824903594,0.09280263286827044,0.3823529411764706,1,5
-0.92530855185688443,-0.31420113172719211,-0.21232459273920085,0.34240743703178705,-0.93288718949759264,-0.11170782755297905,-0.16297616674176207,-0.17606572776277327,0.97079329858705099,-13.139125919581769,5.190929263185585,-5.4753861227009839,,0.2797734991972289,0.1023622047244094,0,3
-0.96786879826567129,0.23858156727748964,-0.079428112776151666,-0.2431722942736172,-0.96847159535302418,0.054129514057240556,-0.064009566796454184,0.071704984134886671,0.99536986623503199,7.8587284647539901,6.9132908258877466,-3.5440096681370581,,0.1684767125344853,0.2424242424242424,0,3
0.67364495730703844,-0.71192093102218601,-0.19842141887231482,0.73829927060351008,0.6361092833583053,0.22423016445543004,-0.033416440880561352,-0.29754590838707196,0.95412251513156798,-8.2250161379234612,-1.705550986886784,-3.6603241886936022,,0.3911429037776836,0.8376487053883834,1,3
0.98421394763755843,0.11150568154352342,-0.13743867090162695,-0.068392253128648883,0.95586376860961009,0.28573931401089925,0.16323420287328941,-0.27182887786794618,0.94840057790438614,-4.0019768746854805,-7.1605875855814087,-2.2885414401358983,,0.1818838199449972,0.2727272727272727,0,4
-0.96860109600202748,0.22587065146872637,-0.10389593653634772,-0.23754746343448865,-0.96410390616399277,0.11863751824432556,-0.073369744714780347,0.13959264638377428,0.98748710049097033,-0.59086204969257861,2.0319331319587985,-3.4919023540013745,,0.3440668437054749,0.8853403141361257,1,5
-0.38639989459666912,-0.90415051899936494,-0.18222777079485633,0.90533332186670334,-0.40955868407455071,0.11239777852308316,-0.17625747579460146,-0.12154638329585235,0.97681102519075536,-6.2567278590524724,-17.700780694300423,-0.74395153829783522,,0.1522692152327316,0.1111111111111111,0,2
-0.26878128425140752,-0.95089981395278955,-0.15344759711613509,0.9444150117491722,-0.2914838212459599,0.15204429464687649,-0.18930638346071949,-0.10405155345503003,0.97638945477950545,-1.5005473077269513,-9.2245840091109628,-1.6166335751249037,,0.2367228872740586,0.644927536231884,1,5
-0.83360495037419013,-0.50488263214232343,-0.22404534021640107,0.51346599175440644,-0.85781191725823214,0.022613932020318497,-0.20360614436530997,-0.096188577132604883,0.9743163221489709,-4.059000836383353,-1.551444413936516,-3.216479388658354,,0.4903341515411327,0.2553956834532374,0,4
-0.37595680021010391,0.92263080166859934,-0.086074898711160475,-0.92246206567491584,-0.36383681446126476,0.12917627426677766,0.087864792531175365,0.12796552760425683,0.98787883972601476,-13.752541483022066,13.911579460960979,-7.3198455590033609,,0.1071874176590075,0.3,0,2
0.73153643389435075,-0.66623065155630501,-0.14488327996009739,0.68107260342158338,0.70423461751218897,0.20048369601044089,-0.031536562172841738,-0.24533716070811892,0.96892472505452976,-9.0396144127245339,-14.02937656992181,-1.6558054625748164,,0.1159165583573242,0.6153846153846154,0,4
-0.94373470769602941,-0.31114686177443546,-0.11203763607739321,0.29970807566757673,-0.94790551008407387,0.10793615396099102,-0.13978508815151988,0.068284510397109741,0.98782455667507041,-4.7042652872523574,12.372608545057435,-6.0459598774883334,0.3120249379407051,0.2007369084779189,0.7987804878048781,1,5
0.84982819631509277,-0.4827776922687777,-0.21146568656751136,0.52505934296206758,0.81039693018417081,0.25994134322249363,0.045877261427397405,-0.33193751730665444,0.94218509937708983,-12.688945425123963,-11.297669693375418,-2.5637254266097012,,0.4541263967556729,0.7073170731707317,0,4
-0.94404449019460512,-0.28621111277696365,-0.16389996783459262,0.29360161978923149,-0.95566842124476226,-0.022270103113452278,-0.15026007250879359,-0.069145264179959601,0.98622555384208954,-2.2184691602754105,10.010375378099996,-5.340509647648652,0.6904170178306301,0.5621765530378962,0.3205128205128205,1,2
0.42474254725494087,0.89201206718896386,0.15462289785363548,-0.88792297376480633,0.37714571060318808,0.26335129700512222,0.17659717215190038,-0.24914972398718019,0.95222783714038983,-22.051716582941491,7.2137708095421775,-6.924443259987342,,0.2037799230547154,0.24,0,1
-0.6591387264614047,-0.70574538663085429,-0.25972983757763485,0.71887714653704027,-0.6927197909369317,0.057921838982013016,-0.2207980694335932,-0.1485353173274323,0.96394267051564797,11.67996279081378,-9.8434443504873563,0.028010533633200014,,0.5392804952922854,0.5806451612903226,0,4
0.5324723723837741,0.83410329159665053,0.14403080085740927,-0.82713927556790745,0.4766013644956803,0.2978116152433487,0.17976037233214576,-0.2777099895727328,0.94369665159441996,-8.8195826765705938,-15.10923138515656,-1.4231542648568023,,0.6860224965778573,0.4848484848484849,0,1
0.086930165426215095,-0.97767168544703387,-0.19131445793281171,0.99119245625977959,0.06562358574437635,0.11502634327733416,-0.099903258168467735,-0.19962870652590328,0.97476546847850487,-8.4051041109230411,12.166290769931333,-6.3799806489193935,,0.1506531506463644,0.4285714285714285,0,5
0.077160870886686106,-0.97824197839288562,-0.19258460923443804,0.98776587546341643,0.048750366484253634,0.14812824523919121,-0.13551669739924738,-0.20165820954680722,0.97003566493628335,15.091408050995303,4.1407991398276049,-2.0780472925976397,,0.2644162820514019,0.6170212765957447,1,5
-0.56963809640805341,0.82103122377461901,0.037685125815920317,-0.81999602682875639,-0.57083939170520259,0.041819909883801555,0.055847606087135848,-0.0070794395814313569,0.99841420584322138,-4.135234721948791,-10.044927548815048,-1.8007442063253034,,0.09704856253524914,0.375,0,1
-0.70953164694379789,0.6938864839080624,0.12282666418546426,-0.70428466212653451,-0.70407474658166103,-0.090894806888425661,0.023408474502539498,-0.15099767771617195,0.98825692238698137,-19.834319472616222,9.554666814899397,-7.0767521531146622,,0.4843512588207124,0.1333333333333333,0,1
0.99261337693623442,-0.015840079426122072,-0.12028206770345622,0.059034013151618825,0.92921167167903662,0.36480221285878295,0.10598900517723142,-0.36920828958627738,0.92328303877105655,4.3501361705514308,-15.835963546035403,0.15134591591638225,,0.3294253397722058,0.4615384615384616,0,4
-0.70470974702807865,0.70948854855137611,0.0031893444594897256,-0.70906764948790757,-0.70443357985291344,0.031565804683257495,0.024642258283563048,0.019983269253778489,0.99949658731614277,-9.2196889001239342,6.8996903724448408,-5.3301291713134198,,0.577910008605521,0.1638418079096045,0,1
0.35055703069409527,-0.8873116993181781,-0.29964598526265163,0.93216062741608396,0.29966627160203613,0.20316665661320213,-0.090478356120075723,-0.35053968950351522,0.9321671487220452,-9.5061684360604382,-18.192899320499244,-1.0260040725881709,,0.4177608004096448,0.35,0,4
0.32226026811600544,-0.91968025629784589,-0.22435807489307916,0.94123966366871692,0.28598409952200327,0.17966911353204187,-0.1010752943631677,-0.2690749356527235,0.95780084770941909,-15.080524014033834,-3.3767039942682198,-4.2134064334821595,,0.2039772259746601,0.1956521739130435,1,1
-0.24241652934960903,0.96615907907412679,-0.08815248278254828,-0.96371475142962992,-0.22934078884787684,0.13658945950388282,0.11175018646525559,0.1180653907513584,0.9866977548022049,-8.3839537246119971,6.3043559444770745,-5.1450540071141555,,0.1453229659108399,0.4423076923076923,0,5
0.16604105538144548,-0.94143251035452613,-0.29348798335773812,0.9780048132978808,0.11911169783023362,0.17122788501344646,-0.1262416456403935,-0.31546351910732151,0.94050295853784083,-8.4919567885949601,9.156181639936456,-5.7265177051244462,0.4423018014203031,0.339992895502101,0.5052083333333334,1,5
0.70372237511274538,0.70704809068458663,-0.069698036019356382,-0.68751892349715504,0.70243543543323561,0.18412547048421354,0.1791439326323625,-0.081654494714008707,0.98042847515461862,-3.4647920281585987,-5.2796218072287466,-2.5326336415881125,0.1835885029160251,0.1254215945121509,0.3174603174603174,1,5
0.67651491132665442,-0.68236657288472236,-0.27695384987800276,0.73557453256094629,0.60801313188915318,0.29874761672369649,-0.035463809728144467,-0.40582741610184747,0.91326142289032664,-2.6502454907389845,-9.5292030654173363,-1.7132276470664836,,0.3539012201214368,0.4659090909090909,0,5
0.34557679387600598,-0.92435894177536182,-0.16167011565008607,0.93256843636064846,0.31913585333733746,0.16872586825529567,-0.1043685347134581,-0.20907619155365662,0.97231391797463407,-17.769877383120544,17.476712606076095,-8.8800947321925729,0.4901002201722831,0.4300063085499112,0.9213483146067416,1,5
-0.99276808043925258,-0.037769139357160961,-0.1139518783223087,0.030615964977473587,-0.99748759620093252,0.06388394253476315,-0.11607842671858115,0.059933192285295221,0.99143018479015166,9.6625100527325092,-13.963602669853984,0.46723498338835867,,0.2688487274367333,0.3714285714285714,1,4
-0.20347268038315705,0.97861573730747342,-0.030167980241382782,-0.97151568707334013,-0.19798174359861631,0.13023248048036512,0.12147484557763609,0.055807417928109018,0.99102441644799444,12.473117119007972,8.4892865604350494,-3.2189579815973128,0.8563083601843611,0.4796560890319043,0.8736842105263158,1,4
-0.19990236293753749,0.97671815507747761,0.077850438881460593,-0.97371466135452456,-0.20688251014391074,0.09528580828118019,0.10917327308106237,-0.056756255501941452,0.99240109023829959,0.38528937119197926,-17.9977935225326,0.10635946129409732,,0.2886355315304963,0.4285714285714285,0,4
0.73377175927555838,-0.66168670285811448,-0.15410941746177831,0.67646070650229873,0.69049438341113467,0.25616092410062774,-0.063086590081112393,-0.29221261734982279,0.95427033298405728,9.9441461047907378,5.3972744188121018,-2.9379003853811341,,0.3611991295874181,0.7777777777777778,0,4
-0.85602074499030778,-0.45319550465374209,-0.24868115873117108,0.48933818722396466,-0.86548475993798835,-0.10716468093288262,-0.16666320130911344,-0.2134243774190811,0.96263877568518674,-11.876125889934162,-4.3713280225409594,-3.6954706790349952,,0.4082994209662005,0.1777777777777778,0,1
0.73392079638109908,-0.66564530580260217,-0.13519094460167286,0.67903362828834768,0.71417674655664365,0.16989675197404272,-0.016540746443088384,-0.21648995713595456,0.97614471374196232,1.5165484390001325,-8.5983701799863486,-1.3963949224480265,,0.06989310295869554,0.1846153846153846,0,3
-0.67288895435625706,0.73951509293502016,0.018381578459180297,-0.73902699998270027,-0.67312303789802985,0.027284961929552268,0.032550705090865814,0.0047752667187921727,0.99945867769800845,1.2722003087010461,13.983793520748701,-5.617877382672491,,0.4103027696360853,0.3888888888888889,0,1
0.95842843266587097,-0.25160679131812785,-0.13456954343474947,0.27795941280107245,0.92982692490147612,0.24116478715506334,0.064447686482324004,-0.26854406024125738,0.96110903825539751,0.27656676583508716,-13.426510051118434,-0.79287592809100005,,0.260000073329437,0.1,0,4
-0.41260146342474691,-0.87104231944885946,-0.26654326123334987,0.89505591127334139,-0.44203288109158001,0.05900718370272915,-0.16921863985509339,-0.21422467122866515,0.9620149906121862,13.563044919688712,-7.975350226562278,-0.079383078591620082,,0.4025266769682957,0.15,0,4
-0.99213607879069787,-0.054694681497422688,-0.11258105070442448,0.044303310754885063,-0.99469682004843141,0.092819463700741733,-0.11706074413727603,0.087101825477039943,0.98929775809944775,-5.5600309040634217,-11.083056600298228,-1.8185113768356205,,0.1876357347073243,0.125,0,1
-0.89743418486275384,0.43900309775900642,-0.043453009075557075,-0.43723060606177483,-0.89823699508367327,-0.044717980566057088,-0.05866243229339807,-0.021132458944694222,0.99805417599265278,-7.0801360145012602,-16.39117808874585,-1.0317806893509487,,0.4115631759045051,0.3571428571428572,0,2
0.21759527387926636,-0.90532292643438839,-0.36475018253276037,0.96784866566365257,0.15182495063155776,0.20054462031880321,-0.12617946409180425,-0.39666053904818921,0.90925197805861568,0.31215511340999524,-16.273692548634912,-0.23278111492915762,,0.6313085499137578,0.2272727272727273,0,4
