axis_00,axis_01,axis_02,axis_10,axis_11,axis_12,axis_20,axis_21,axis_22,location_x,location_y,location_z,dbh,dbh_approximation,score,reconstructed,number_clusters
0.83108915008882878,0.54750801113811465,-0.09760021692707449,-0.52357437955780883,0.82945293753476046,0.19462192447309251,0.18751184942632723,-0.11064719677669416,0.9760105041290158,8.6982670624725706,7.034932541655329,0.036427518820372894,,0.2033939990740369,0.3478260869565217,0,6
0.34163312270977469,0.93941601346622261,-0.028006483370790189,-0.92722456663472863,0.34176497094373653,0.15313819792875738,0.1534321103830889,-0.026348781358105325,0.98780784023226642,3.0389339497244316,12.73844068083846,-1.0712242980140907,,0.1876318438001577,0.3,0,3
-0.57068961600484225,-0.79611923587724132,-0.20126481175427649,0.80524083701570548,-0.59058824474332106,0.052846187878130911,-0.16093649861511564,-0.13190787481133159,0.97811029847163267,-4.8974265185282535,-8.7518926916949873,-1.533308592726675,0.5623820892278358,0.5511188837634009,0.9828962371721779,1,5
-0.9718908159325188,-0.11885480941550867,-0.20322838429910439,0.14819201711254879,-0.9795912053595397,-0.13579468489730037,-0.1829408865457238,-0.16209443130794521,0.96966902980801506,-18.317299124743126,4.3163298842903384,-3.9216007268878212,,0.110905678622354,0.2258064516129032,0,2
0.73532514893990841,-0.64145606097491625,-0.21870310280160121,0.67294332513116495,0.72930958963183234,0.12351033816025739,0.080275815149485563,-0.23799505101912199,0.96794325721732943,7.9872753884541687,14.105379247261935,-0.35588577783637287,,0.1066280406796347,0.3846153846153846,0,4
-0.98163536354928971,-0.069339568703856602,-0.17771898390835186,0.067252698230450117,-0.99757812343288654,0.017747175235634606,-0.17851915194224369,0.0054691736197945012,0.98392123695432998,-3.8083315108166866,-20.557075308434491,-0.83417257367473885,,0.4270450774937882,0.72,0,2
-0.019050038261497138,-0.98178158309900909,-0.1890555979859885,0.99688488913503037,-0.033126116092540243,0.071576380509652676,-0.076535049856092316,-0.18710313605129056,0.9793542784014877,-13.659888793600748,0.26864460044552757,-3.0085676579882463,0.127875198704323,0.1141034283680532,0.6335697399527187,1,4
0.84939192667714458,0.51687586032898525,-0.10664286148101458,-0.49593889779651601,0.85081553846823632,0.17365923284807189,0.18049366899718175,-0.09461640719333779,0.97901469393557095,-16.584627245481901,4.2621123465385713,-3.652784753694104,,0.1627419001744601,0.2950819672131147,0,7
-0.98262453954165041,0.084923435522142071,-0.16503643352204611,-0.094818355687703207,-0.9940817389093628,0.053018636267057002,-0.15955718008049763,0.067745896304166484,0.98486141147813555,-0.05328196224642711,-2.2644424345434526,-1.0480360403833562,0.2817009210471405,0.2346149832604914,0.6576086956521739,1,5
-0.97854357836333894,-0.056982829237419347,-0.19800359192694636,0.10232246809650034,-0.96851466828636601,-0.22695693388128135,-0.17883673494703001,-0.24234746643249805,0.95356443292901627,-16.158672312338346,7.821325152965164,-3.7877148662321427,,0.1203512837630157,0.2272727272727273,0,2
0.7847670041847018,0.61911012697098466,-0.029041346816870484,-0.57629933407607248,0.74614028740324845,0.33339728411802039,0.22807855376260638,-0.2449026790293802,0.94233903194009161,-5.5585338944020108,12.175212050858979,-2.3805467825005917,,0.3731198790602341,0.3561643835616438,0,5
0.85170950257228262,-0.47833520111195971,-0.21397747219101557,0.51679697353928689,0.83429570577967072,0.1920196954956333,0.086670706520192112,-0.27412790936857068,0.95777976483976135,-6.4966518417864449,-15.535187546911061,-1.517762830427994,0.1595006307595274,0.3898863765267677,0.2888888888888889,1,4
0.13318135848436716,-0.97200629385193327,-0.19356262672450131,0.98953564410029859,0.11947191797749879,0.080905314224628572,-0.055515176368868449,-0.20231219816661555,0.97774630639329263,8.0326328698821854,-2.4413275798195699,0.20777141501824364,0.4361180942085242,0.3781399877762704,0.9381443298969072,1,5
0.28107395618572373,-0.94019501190684307,-0.1924338087228914,0.95937005980217693,0.27012898524772144,0.081482634249300967,-0.02462761680055368,-0.20751788095132617,0.97792116736278789,-25.268862144045627,0.63480380737379194,-4.7710997576112737,,0.08461400523464987,0.2222222222222222,0,1
0.49296842847124989,0.86030633923862299,-0.1298273129831542,-0.8568570197048021,0.50594389042525523,0.099079904743405986,0.15092440595606532,0.062400179544590005,0.98657389043072297,6.7484388463245066,2.0814640787056424,-0.019048671959074781,,0.09494959902370718,0.3571428571428572,0,5
-0.40853269050435187,-0.87738873432700581,-0.25157513721616104,0.90367138501498834,-0.42756958784082544,0.023712348232919133,-0.12837082493451518,-0.21765398326169341,0.96754724684428228,-9.8591947425534396,-8.6687901161797356,-2.2175270042826729,0.2081598993797657,0.141185514278084,0.5223880597014925,1,5
-0.61893633384599289,0.78096911609979347,-0.08369620268321426,-0.78438191764877419,-0.62011461648192767,0.014243233168896571,-0.04077771340957867,0.074465442480250527,0.99638952020046223,5.3513825701603741,15.288031117973224,-0.84463764988263057,0.4302408362073446,0.306840768948529,0.3703703703703703,1,5
-0.44046804352913699,-0.83564938262476607,-0.32814327960276773,0.88253886418065564,-0.47007446991847168,0.012455759374084455,-0.16466042584765631,-0.28411283330696946,0.94454583907291323,5.3174097460245902,-12.945404383860676,0.029307183155792952,0.3284001863351299,0.2076084301475799,0.5,1,5
-0.98267800662351557,0.082449559947826892,-0.16596989294099576,-0.083057327201768089,-0.99653934839553615,-0.0032874758555727227,-0.16566657990232767,0.010554485483065552,0.98612534048144995,-6.3534109153924287,10.498957100754534,-2.4652612628124535,0.4581587682206255,0.3758342866458902,0.7590361445783133,1,5
0.32141216616807905,-0.81741289819436513,-0.47804850517978892,0.94679367826570482,0.26854920527638698,0.17737828260956057,-0.016611749915022987,-0.50962484065330704,0.86023634633387314,-11.332217818424649,-11.112111677175795,-2.2941251085274033,,0.4468395971998869,0.1578947368421053,0,1
0.7425844708895869,-0.63164238418074636,-0.22270204781297825,0.66460687676051222,0.73608812670403811,0.12834316922990646,0.08286134778211722,-0.24331495686003662,0.96640148427655492,1.5619570444410604,11.947452128739977,-1.2999375919508618,,0.08284735792031635,0.25,0,5
-0.75772058220017302,0.64785533529458006,-0.078377189542477424,-0.6473236720293426,-0.76138959776631987,-0.03546750687163374,-0.082653390376186561,0.02386095018201331,0.99629266388734028,-0.18099407535705628,11.956770787659469,-1.543940286522749,,0.7928539589292926,0.4126984126984127,0,1
0.85100458698647852,-0.44943299681187754,-0.27166371547313628,0.51226642173801296,0.82433193717434705,0.24095636641126908,0.11564733497883346,-0.34421917252106166,0.93173969282263081,19.343562826060612,-12.992748806176756,2.5452954956463651,0.4385227082848319,0.471851227868061,0.2666666666666667,1,4
-0.25209094893969858,0.95901602071365011,-0.12937706704527549,-0.96758137615181561,-0.24767191349710091,0.049445968378048974,0.015376410076503403,0.137647721663818,0.99036188877294706,6.1153039688826896,10.690915600190349,-0.54371206160937291,,0.1004500929822583,0.5625,0,5
0.42733578414773477,0.89571682127526353,-0.12278234266937094,-0.89222807310734775,0.43975019816376265,0.10270749132405715,0.14599038716980803,0.065659266668686267,0.98710468925770001,-4.1406519598824918,-15.354106074591128,-1.2288087975885003,,0.08392606738956947,0.3333333333333333,0,4
-0.70958278172532629,0.68620934765516473,-0.16002814461719386,-0.70066151008618072,-0.71120229316921091,0.057137960014416414,-0.074603781155522783,0.15266967407291279,0.98545737931976018,12.744856551572244,7.7954724684082972,0.67399114497493851,0.5276931225110277,0.5445989473965861,0.7876106194690266,1,5
-0.7785126078582526,0.61213722098286993,-0.1385862262027186,-0.62145185918599022,-0.78272672304086632,0.033711478045058585,-0.087839092208526953,0.11236947861886447,0.98977643645163937,1.9128377495657696,2.2279538139447794,-0.88875806611851205,,0.2244335335681735,0.7112462006079028,0,5
0.77287038954869636,-0.60766415918663053,-0.18279942723884965,0.62852797336452348,0.7727060372802067,0.0887579103460885,0.087315220077204783,-0.18349291427933953,0.9791355384992132,2.9934092898833438,-3.3939764873067508,-0.59479339185364488,0.1257981670240282,0.09244818032837583,0.5192307692307693,1,5
-0.45089232578842375,0.88657264398606295,-0.10336855170053677,-0.89251864007605974,-0.4491680607689667,0.040725057419551819,-0.010324130078890459,0.11062097504816379,0.99380904212907362,-2.617419352103695,10.814500543419715,-1.893421145020562,,0.07309863058929078,0.2040816326530612,0,5
-0.61043019401385268,-0.75540828034849938,-0.2381875484090909,0.77443624967856617,-0.63231509691760301,0.020642514233485374,-0.16620310893604717,-0.17186025774158811,0.97099978289852751,-13.787298341613322,-11.059874180598401,-2.6146804514448347,,0.1620772162397512,0.2580645161290323,0,1
0.89857168349424588,0.41158701768574729,-0.15220071121669768,-0.39674170711887891,0.91017949149813404,0.11903491541810385,0.18752319177828081,-0.046577034349020614,0.98115525398202696,-6.1917852396597493,-20.759023098504251,-1.1583246713433055,,0.1406455453576871,0.375,0,1
0.89416217237763129,0.43763303954141264,-0.09461148022655877,-0.40715059004698834,0.88265243860248366,0.23484690684247644,0.18628581941013458,-0.17147010039897354,0.9674169722285535,-6.7258926524986586,5.0364091250423284,-2.3777477197435113,,0.3182336616330067,0.2696629213483146,0,2
0.96850239279278139,0.18265517571395995,-0.16923416303914016,-0.1682815901998283,0.98107049182133532,0.09582273465759146,0.18353316200205586,-0.064325553727461626,0.98090662225472891,3.177756638307343,8.3541471640075979,-0.94481061533757882,0.1700109557132418,0.06921916509234052,0.1904761904761905,1,5
0.1303617949606749,-0.90600477507659583,-0.40269237632842914,0.98779026144092719,0.083739497864000215,0.1313700723146225,-0.085300655431802055,-0.41490124612477519,0.90585912489029607,-23.505270231188145,6.4341694963735545,-4.8016486775693288,,0.5484627283092836,0.3703703703703703,0,2
0.9304761840219623,-0.28016140221193758,-0.23605859374013313,0.33205217532900366,0.91716605635172888,0.22033560296850518,0.15477539800370355,-0.28340080061082951,0.9464293752763262,-6.2383868366868063,-19.049425067710509,-1.269756943206886,,0.2005036893076901,0.3636363636363636,0,3
-0.86993752642126865,0.48705616207506169,-0.077362750136977548,-0.48142866919724431,-0.87274093347304349,-0.080930213860904585,-0.10693519812959366,-0.03315958421501565,0.99371288880424247,1.923501383382562,9.8472200539274493,-1.1616104177967741,,0.3949438881631944,0.325,0,5
-0.30880589211442899,0.95106970570989724,-0.010263326765782285,-0.95093262356984798,-0.30850836387539676,0.023446425089802062,0.019132862461677162,0.017000126464690367,0.99967241097982062,-10.47509067594132,9.5810770878356433,-2.9978057570580265,,0.1385021853172385,0.1111111111111111,0,1
-0.95575987630715353,0.27828066741594037,-0.095304401702510269,-0.2739978130858437,-0.96011747202646636,-0.055674395674154477,-0.10699652922179187,-0.027098155879062866,0.99389005060038926,-3.5933792081145683,8.7596373890201509,-2.001858838585576,,0.1783207849332383,0.2608695652173913,0,5
-0.70251283770028716,-0.67333693233700165,-0.23041937509091076,0.68961730228630702,-0.72405175741824757,0.01330522329399531,-0.17579445171462596,-0.14955409767218997,0.97300045355375397,-0.0057921154946324925,8.3825167127023281,-1.4447791890076396,0.2553859987379785,0.161294635640936,0.4886363636363636,1,5
0.074662356985371048,0.99687152997076911,0.025936175183089581,-0.99410427320718697,0.072354014241858916,0.080756365781902845,0.078627135523307898,-0.031812723191009112,0.99639636902317785,-8.3001684646929927,-19.804537505002695,-1.5564903466546054,,0.3275174195021205,0.3114754098360656,0,4
-0.44520800309419056,0.89432615177998775,-0.044391082700034723,-0.89496618673008388,-0.44602222913602674,-0.0099847747266404996,-0.02872905481729765,0.035283216391476906,0.99896433172079591,-7.2174285282593118,-21.679879320318729,-1.2653214336426344,,0.358201546154209,0.1724137931034483,0,3
-0.48718275347351991,0.86955478586067325,-0.080792568375796001,-0.87321765214380831,-0.48631842192516156,0.03138987863428435,-0.011995695161770169,0.08584210437203095,0.99623653637806664,4.4260327465541343,9.9620167949446579,-0.77887421768491172,,0.105095474566352,0.2608695652173913,0,5
-0.85293656688675434,0.5136945349170926,-0.092828539058573148,-0.51050015244660463,-0.85797198635943184,-0.057215950349917721,-0.10903580705176855,-0.0014125929218247097,0.99403681891658646,1.7570196024218074,-6.6331437856184037,-0.63357997331697491,,0.4852916771001957,0.2758620689655172,0,2
0.96466422824451714,0.22196982541419111,-0.1419588790847687,-0.18926065053786448,0.95859506922565574,0.21278134179068731,0.18331211881213644,-0.17839531905813683,0.96673252621123262,-5.4307055446698493,-19.996336192874367,-1.1257108091519337,,0.09301130229326862,0.2142857142857143,0,2
-0.28369079589679552,-0.87992104018196049,-0.38112792520168204,0.94836860983720161,-0.31624492747958333,0.02421003343422725,-0.1418326908681353,-0.35458159694001223,0.92420526881887799,5.3887139869126335,-10.560832622888789,0.046094044258308778,,0.3041291524201298,0.1428571428571428,0,5
0.61794386507394961,0.77981756884706011,-0.10014958279957253,-0.7680521877475196,0.62597236268792633,0.13510898581198713,0.1680512318125543,-0.0065696627276677451,0.98575637102578617,9.6808550180597326,0.097809034064071182,0.48275698408530893,,0.07200025628129605,0.3478260869565217,0,5
-0.59922986796313038,0.79991060928683355,-0.032658574544154516,-0.799240351322139,-0.6000877414439264,-0.033310109384256846,-0.046243120129951736,0.0061416381441846248,0.99891133446445235,-3.5267170250727835,16.079483923650905,-2.2395252775185548,,0.1830897308980176,0.2307692307692308,0,4
-0.84968010584214793,0.50438073552750429,-0.15376537765313392,-0.51615423302926611,-0.85520947300441486,0.046920837689474637,-0.10783564096367756,0.11923435290320376,0.98699272724053455,-3.1009602928693281,-9.6406467931040503,-1.2519396710844701,,0.1029659863988787,0.4485981308411215,0,4
0.74065799680096656,-0.60407156999447287,-0.29414838109224783,0.66753695543947067,0.71130979610877787,0.22007450348072893,0.076289874147095954,-0.35935485565677272,0.93007738539248375,8.4437413270359105,2.9091076770944255,0.20371091819589202,0.7551815777616966,0.3451569598297261,0.1142857142857143,1,3
0.32222263635410031,0.93575698979512234,-0.14328792227743559,-0.93776383857984802,0.33622209003347142,0.086911962499489889,0.12950504111038225,0.10636523032972456,0.98585743497926848,6.3560140666929943,7.2741219096710532,-0.34007031122946463,0.4423335108489735,0.387193868241335,0.9066666666666666,1,5
-0.5541941772974146,-0.72202622902491287,-0.41418225269765685,0.81693514889071883,-0.56722399353190467,-0.1042780114339372,-0.15964265205934297,-0.39615030703229476,0.90420083935023965,-0.67390873492800363,-14.600415830466716,-0.82136467112045797,,0.4531492870817554,0.25,0,1
-0.98339875145208233,0.068541282165338335,-0.16801484542032744,-0.068747136894018374,-0.99762352056189108,-0.0045980855334244487,-0.1679307202728558,0.0070287880056990812,0.9857737414477068,-1.310555801497342,6.0403390494530163,-1.5421240137792958,,0.08439138977436136,0.2553191489361702,0,5
0.71145091267626592,-0.58381316328325039,-0.39115187488917053,0.69918228075131317,0.64396979593836723,0.31055923783151151,0.070581422028038923,-0.49443411320043684,0.86634471809332203,-21.978848297908932,6.3555149074850767,-4.5817096552661143,,0.3474169265666823,0.1142857142857143,0,1
0.46830443728753546,0.87747979825597189,-0.10353819425440679,-0.87160580296307177,0.4779983896852335,0.10872379546089393,0.14489402423117212,0.039328655087379691,0.9886652510486621,14.055177312969951,6.0828969681592646,0.94818583999092887,0.1441320624221429,0.1237405432971107,0.375,1,4
-0.20182333303666061,-0.93221425504242605,-0.30040626647535984,0.9759996352839545,-0.21704254455768365,0.017811394597588442,-0.081804976422943418,-0.28960165149324957,0.95364502268130213,-3.0017472373247935,12.009007674134216,-2.0242652268507522,,0.4655706059090031,0.4259259259259259,0,2
-0.67868304293117221,0.72725527738295159,-0.1024162524032735,-0.73093873930793263,-0.68243932590886736,-0.0022640300310177563,-0.071539406040413492,0.07332344762555304,0.99473905392906348,-0.1723987827140501,18.334301742014027,-1.837399799403308,,0.1886805071726865,0.72,1,5
-0.4367997163088771,0.89940564147423285,0.01659819016667255,-0.89938355902098432,-0.43700445854910386,0.011675485897952125,0.017754480990252775,-0.0098282904174153349,0.99979407035260937,13.929910929274643,0.51640273054656538,1.1375852171841019,0.2505240635376825,0.2254598735583622,0.1904761904761905,1,5
0.76761497175432769,0.62951339194146017,-0.12033347208885775,-0.61511065312347157,0.77634778488688327,0.13756090038686697,0.18001705350499028,-0.031575406055772477,0.98315657663456335,12.438655689928016,2.2361723849168009,0.87458580786217399,0.1112790145962107,0.09861893446717711,0.1904761904761905,1,6
-0.78937451777172252,0.61146093972242022,-0.054803192301511455,-0.60598246572733061,-0.79036924740066516,-0.090009466137356164,-0.098352030602760612,-0.037841405326466758,0.99443195147744168,-0.36912390269097339,3.7843695238938708,-1.3144939659587973,,0.3152787654891458,0.2432432432432433,0,5
0.63671679276551219,0.76567741308251147,-0.091267874444808647,-0.72933393392475598,0.63642236715851408,0.25107485618076836,0.25032726307024539,-0.093298819261698043,0.96365532826220279,-3.1173025713899221,-19.958795030721518,-0.80313263414881253,,0.3448545068375996,0.5,0,2
0.58281515425210295,0.80095967278032898,-0.13707698039323382,-0.79608045415897488,0.59662704138917677,0.10144990876900138,0.16304111898579079,0.049997760578119124,0.98535162122819642,-19.280336337448553,-2.822423080111661,-3.6966671489891452,,0.5780076071150254,0.355072463768116,0,1
0.5985107828599906,0.79081075375999665,-0.12807495671624056,-0.78326016088458295,0.61120952750961377,0.11369447591036184,0.16819144797336869,0.032268641418881541,0.98522605102057725,2.924135153042414,9.3123624744195048,-0.99665936798485122,,0.08388550508428681,0.2424242424242424,0,5
-0.56821122800959578,0.81619780842218215,-0.10467634828677383,-0.82209039571763798,-0.56863347360156347,0.028694145197883342,-0.036102377105175006,0.10235775606492613,0.99409230363216716,-16.659703567424572,11.104356268110827,-3.950472750167179,,0.1042399935649883,0.4,0,1
-0.94594550760690577,0.27944814408004176,-0.16460811464971514,-0.29136185837728984,-0.95515283196959211,0.052833086824455373,-0.14246179881373694,0.097937747322922125,0.98494306105889484,-7.4621006556282135,6.7000892891744046,-2.5104621494950985,0.6647136124998564,0.581011616274395,0.9252873563218391,1,5
0.98530188955272213,0.030214128479883355,-0.16812879849697818,-0.004411203861199006,0.988405504485659,0.15177318598140452,0.1707651244380167,-0.14880075652580591,0.97401109189424406,2.5614904402613949,-8.2822516262720711,-0.45057561115489325,,0.09465235772635877,0.358974358974359,0,5
-0.95975770917782777,-0.18967436415151154,-0.20709605321552554,0.21930316091829574,-0.96684685644594648,-0.130817735004987,-0.1754173973269815,-0.17097014875208685,0.96953491167194028,-14.469480253585585,1.9152023126944617,-3.2324403317383616,,0.08989433525561033,0.3384615384615385,0,4
-0.70216766451564017,0.69494869426120609,-0.15494154786013817,-0.70854362907938306,-0.70345427993761356,0.055839069910509138,-0.070189006259304243,0.14899123592378694,0.98634431869313943,-15.944085612689458,0.81789227327315095,-3.4106828933343332,0.912022234030379,0.8398237757526925,0.9950389794472005,1,4
-0.91859462125985947,0.35812308296575274,-0.16712803247678029,-0.36856669562926325,-0.92893276939002467,0.035249125184964605,-0.1426271806682762,0.093977483476011092,0.98530488679095407,-23.63723586130412,4.4186824616802065,-4.7505956225769275,,0.1814753971141761,0.7288135593220338,1,4
0.89662159196049152,0.4114327279147077,-0.16368515885960938,-0.39946388449819858,0.91107031724879128,0.10187974288245961,0.19104535014452251,-0.025961267859032206,0.9812378339420611,7.3366076967954053,5.1768769066622218,-0.10902566395048352,,0.08389885860067972,0.4,0,5
-0.60657806002370718,-0.71357378352827172,-0.35053603603484695,0.77754974400468335,-0.62440184236013019,-0.074422677024727033,-0.16576927548893824,-0.31770236813474151,0.9335875709248973,-1.9451873810202638,-1.3765309221756932,-1.3948887465432755,,0.5364131529981279,0.2802669208770258,0,1
-0.68737333148143509,-0.70335821574005897,-0.18112184716116903,0.70557230946139959,-0.70581345684803032,0.063206647225910809,-0.17229515167125325,-0.084347996319974528,0.98142742789642146,-20.504781755628063,2.6791784024334793,-4.1955469923822033,,0.08989617140994495,0.44,0,3
-0.94844036298134748,-0.2598104180819702,-0.18154730657292009,0.27097941928824648,-0.96178448403680972,-0.039252523336122856,-0.16441116808177803,-0.086424261189321283,0.98259850136658844,-2.7238639269663754,4.9781500433142725,-1.7344398733248438,,0.1758917623518435,0.2794117647058824,0,2
-0.93825546521925574,-0.27623129681773539,-0.20826174071247333,0.29430832680431229,-0.95377067918109126,-0.060861320295286445,-0.1818221404555655,-0.1183966308339537,0.97617772308495365,-23.799001398471237,-4.2395517150222952,-4.2534127146733853,,0.3028821651151762,0.8181818181818182,0,2
0.98474227350588772,0.032767496375218502,-0.17090624901318377,-0.012908787702224093,0.99316092126753786,0.1160376993354985,0.17353967261267733,-0.11206103537053673,0.97843053222043785,5.1125796146163385,0.53492133701577516,-0.2120886134670466,,0.07439119633910039,0.2794117647058824,0,5
-0.48192684306684841,-0.79837993155339759,-0.36102077893718826,0.86203090121646664,-0.50583905381574046,-0.032087022029530211,-0.15700077477372015,-0.32667466465520301,0.93200559021545748,5.5064120285199598,4.8201483599096315,-0.40407657119890433,,0.1889779334909338,0.3076923076923077,0,4
-0.039633851565365412,-0.97120367642571936,-0.23493100414219381,0.99569676670853657,-0.058097903272504518,0.072198216054853881,-0.083768171618218076,-0.23105854784557006,0.96932700410709494,4.501804334831581,2.6823117803138894,-0.45688472397628771,,0.07497860569971977,0.3235294117647059,0,5
-0.39411535343880538,0.91813002473550043,-0.041356327967971819,-0.91901433671982624,-0.3932428002997721,0.027798361746887049,0.0092594323380348065,0.0489628194815473,0.99875768093226425,3.3554994168663583,-9.1692537268097372,-0.26705231594364975,0.3050443964634472,0.2672569960467864,0.3793103448275862,1,5
-0.98050322146342617,0.097690216143202113,-0.17049942630325526,-0.10471201771675624,-0.99396592129604133,0.032667118755702398,-0.1662793614539412,0.049883554123657713,0.98481612749917091,5.4592442260703109,-0.56726278059716473,-0.16848069582096226,,0.0685574997780834,0.2666666666666667,0,4
-0.57705941409097705,-0.73460470328989957,-0.35687303416388599,0.80039945914420196,-0.59556348282564986,-0.068299661245515064,-0.16236729476913864,-0.32505394602887361,0.93165272165137325,0.61096564487852301,14.316460714604663,-1.5456569614641107,,0.7928300601599689,0.4516129032258064,0,1
0.021460741619078079,0.99753366187777126,-0.066828362166700128,-0.99637243934476516,0.026845783607512736,0.080754356022822965,0.082349248225599553,0.064852889860229551,0.99449117843923363,0.76904046276076032,-14.412393367729752,-0.64646951712613288,,0.2546835767150342,0.1538461538461539,0,6
-0.64707487066496794,0.75388403752077948,-0.11381111424321703,-0.76046741282866626,-0.64887500060247016,0.025505834995518058,-0.054620744956375325,0.1030538284806139,0.99317495067883099,-3.04077448721387,-21.991502873868317,-0.64372503883119148,,0.1339957071324659,0.25,0,1
-0.72106914332578087,0.67799456923231272,-0.14276783473497975,-0.68804472098847702,-0.72494715068712579,0.032343324357678227,-0.081570536735469004,0.12155242820325704,0.98922760512158125,-11.306085511588396,1.1896504075690764,-2.7365563105570425,,0.08184853310343201,0.4138972809667674,0,5
-0.10476988102365942,-0.94280272366907603,-0.31645899619454548,0.9900051543247812,-0.12908356962661033,0.056808682987878216,-0.09440903791827053,-0.30734419840729577,0.94690362617571733,-21.050952630238189,10.950519744276576,-4.6530502711555064,,0.2273854809836216,0.3333333333333333,0,1
0.010955559411505519,-0.97161472373755031,-0.23631505312693085,0.99714327599417718,-0.0070475864819861721,0.075203847404097732,-0.074734616193440531,-0.2364638664599352,0.96876187837942751,-5.9166345785324115,-24.112950604101513,-0.8959400259995185,,0.1174014562646936,0.5625,0,1
-0.2675386075613439,0.95492584767222388,-0.12860683851033058,-0.96316076513773208,-0.26125902412214735,0.063757845117615675,0.027284317170049911,0.14092674608543343,0.98964398562025135,-27.220395744369522,8.7453480658408278,-5.4825655828626596,0.6974729357744929,0.496305628135319,0.813953488372093,1,1
0.95948166176003036,0.24182254241891141,-0.14462641088081543,-0.21699341921281726,0.96157050448889247,0.16821421139519924,0.17974647914366265,-0.13001547167561273,0.97508316586864863,1.5486147374643773,-9.6053645814746194,-0.5418503942403925,0.447665663537397,0.2524883699919507,0.45,1,5
-0.45210793089743506,0.89189492201687259,-0.011039334226268517,-0.8917092300419186,-0.45223991012690706,-0.018267806284777911,-0.021285391180129842,0.0015848561216351366,0.99977218422667924,-10.502702737549084,-18.906607029344194,-1.9313327768818946,,0.6528650815679522,0.3421052631578947,0,3
-0.96444285941295904,-0.17118331847025986,-0.20136097537721925,0.19183972752598044,-0.97748675784686689,-0.087847351563825948,-0.1817896858188415,-0.12335278558480318,0.97556988494846275,-8.8054179888671822,13.451047206483187,-2.9194939748430531,,0.294014629117083,0.4444444444444444,0,2
-0.79205452808915988,-0.5464969889877086,-0.27201225259319939,0.58232015503757806,-0.81010711953783077,-0.068041839416125266,-0.18317440206117597,-0.21229106411125015,0.95988522362209738,-11.796717789121395,9.1095170996647727,-3.1469248180530189,,0.6486280754677272,0.575,0,1
0.94235227408939792,0.30480355741682241,-0.13808324628495269,-0.27804595650999508,0.94284118640808701,0.1836870797879738,0.1861790471212669,-0.13470444906773282,0.97323793278641602,2.916332008197883,6.3411709396067657,-0.86291558338903873,1.008026716054558,0.7942788648154387,0.8929889298892989,1,2
0.96359625908343949,-0.18402182847835927,-0.19395415985196229,0.22049078951583306,0.9572567377862925,0.18719869043726831,0.15121528103695017,-0.22314906364631001,0.96298412976262981,-0.78776619033267659,-16.414412998386364,-0.74780839733825655,0.8878762600396679,0.4437116389649294,0.375,1,2
0.33062477749828934,-0.87387590906193724,-0.35641008973565746,0.94343865754209211,0.2961476163036883,0.14906404265555875,-0.024713477282275145,-0.38553532253065492,0.92236205425082518,18.273964934090568,-9.7804844574117062,2.2042972292143772,0.7893280540253761,0.524337536040646,0.3043478260869565,1,4
0.26187500371450573,0.96112349441080425,-0.087539196484167761,-0.95815978204293206,0.26977931231360641,0.0956501684422989,0.11554788836222871,0.0588281492073634,0.99155833633521917,13.878744913555158,-0.33638323039022838,1.1289373232590922,,0.07595551343388707,0.1764705882352941,0,2
0.58865402925931221,0.79708131696058837,-0.13471380029214722,-0.79187554441791419,0.60207611625729596,0.10216394855997075,0.16254093635023212,0.046537343982082299,0.98560373356916864,3.6084306350539554,-7.0674411575920351,-0.32241184282958385,0.1479849800460883,0.1585062350588123,0.4186046511627907,1,5
-0.645238253774023,0.76206585284822981,-0.054066919547440931,-0.75963390002464914,-0.6474970188170116,-0.060860073582142148,-0.081387553102368407,0.0018018173554414135,0.9966809016200856,7.5454429001940406,-1.2657050480405547,0.11225656279363062,0.7721491127468878,0.2900338866463117,0.2631578947368421,1,5
0.11794105683413118,0.98172488105563005,-0.14935248584860014,-0.9877756333225699,0.13142146653981199,0.083831356584036565,0.10192745129278501,0.13763958750604108,0.98522390278764693,-4.1230843284749676,10.848378083434135,-2.1514730186570912,0.4768133712321213,0.4176406610926529,0.7924528301886793,1,5
0.11490498234860766,-0.97121147906488681,-0.20867464619368509,0.99151846910155761,0.099288918934069895,0.083862005743996937,-0.060728662606454847,-0.21654092802400471,0.97438291037380831,-2.1429141542300774,1.9124154077583317,-1.5537616359483601,,0.07317535130820108,0.28125,0,5
-0.3601599721716397,0.92412342647018586,-0.12759579575490287,-0.93282825263513758,-0.35517067761463522,0.060706184597923131,0.010781722079516918,0.1408889009530703,0.9899667024992489,9.8603026925723398,-2.0016485995307103,0.46228129414084235,,0.1069122168348083,0.4054054054054054,0,5
-0.51924475302610817,-0.7988639815876788,-0.3036465467887563,0.84038976077838967,-0.54186026139341281,-0.011511172898648996,-0.15533813579960376,-0.26115856494578693,0.9527152079828265,6.4236130509730192,0.31914094402544957,-0.021021345958079047,,0.08577846913156383,0.3877551020408163,0,1
-0.46859428904332362,0.87946438562874796,-0.083437321904708386,-0.88340090495890922,-0.46598877609006079,0.049571177874511541,0.0047152299796932029,0.096937376531114131,0.99527931337765807,-3.1283000436943329,-16.983372081250188,-1.0186317068988171,0.2495036442138581,0.1152183909455109,0.35,1,5
0.67439955508534122,-0.70231319950375437,-0.22790658152737914,0.73611492308953219,0.66360055315076183,0.13330088470410609,0.057619962735046118,-0.2576634930695561,0.96451514463672849,-5.8508283219039727,-17.140383977605907,-1.3890309111501891,0.3485598178447091,0.2288595318715724,0.5,1,5
0.94959110044309913,0.29265486297880017,-0.11238270834128471,-0.2623578861940547,0.93810892594259354,0.22609728573916926,0.17159569199443761,-0.18521548056707332,0.96760019855685064,-4.501739361359669,-16.592356822394187,-1.2184806140241955,,0.1529937539610369,0.4,0,3
0.93278400295393904,0.33428127586900735,-0.13479626269527781,-0.30916685905345498,0.93429101907305134,0.17752787088922159,0.18528318082396728,-0.12392062089429483,0.97484040879567835,1.2605839549635067,-8.0522234380015547,-0.65635907159849871,,0.07795769535090535,0.2,0,2
0.86926721642017557,0.47610220574279638,-0.13304584226484273,-0.45986013956364669,0.87755153701111133,0.13576432495297677,0.1813922779437448,-0.056832997248764873,0.98176720862233879,-4.9361662289024011,-19.141945925985667,-1.1074197550201677,,0.1163465891670617,0.1904761904761905,0,3
0.86824352344133526,-0.45758846667334085,-0.19174456751030694,0.4826168507090271,0.86856921122037822,0.11255443452707248,0.11503981664569193,-0.19026381812512141,0.9749694970093038,-0.23542609941626003,10.357165374508439,-1.521280068417967,,0.06809380528466358,0.1818181818181818,0,5
-0.98100530574456313,0.097313512255293735,-0.16780545412338571,-0.10454997779431109,-0.99390984012708528,0.034821427911007126,-0.16339489662846252,0.051704062036664042,0.98520495214177828,-23.469706824678468,8.7613377768131286,-4.9111711456244631,,0.1729656880856296,0.5600000000000001,0,1
0.38114082081835549,0.91922261514780468,-0.098800093657554128,-0.91672724065199596,0.38960862967242688,0.088409738894262999,0.11976160049234609,0.056876176784352424,0.99117216444062195,8.853080704390992,-10.195354497279348,0.55640619745894437,,0.1557660276425269,0.15,0,4
0.45689436743964379,0.88942913599413742,-0.012780807746410789,-0.87724427595664434,0.45292094553195744,0.15907575993765033,0.14727531124812157,-0.061468928274052266,0.98718364732890973,-21.192922330264889,0.30646662428067134,-4.1496977171235176,,0.3467430609088137,0.5526315789473685,0,1
0.93754402182275753,-0.30303352652101523,-0.17082707323092858,0.33270797414393211,0.92450762239989237,0.18598672013221243,0.10157071962651663,-0.23120626706197756,0.96758826521708918,1.8420489500449027,14.02738811246472,-1.3660274757659927,,0.1531004693627512,0.4074074074074074,0,4
-0.81076622855101821,0.58530775861405115,-0.0085410975497459095,-0.58013745157772756,-0.80537982317011059,-0.12167118684134436,-0.078093917292311701,-0.093691878712496748,0.99253371325374373,9.6666323305660651,13.215796076554149,-0.022372567090142514,,0.2545616240255802,0.4,0,3
-0.01746613268219949,-0.96322948096870742,-0.26811173268225669,0.99805911705498751,-0.032827370403972232,0.052918452507405803,-0.0597740167007869,-0.26666707848010507,0.96193333250404589,2.0206032668442022,15.6466450610135,-1.3669663979242066,,0.1248521689096233,0.3333333333333333,0,2
0.91917652711181341,0.36578229227562925,-0.14600625556547561,-0.34702680212350739,0.92750607036080279,0.13894203126409446,0.18624422303684207,-0.077044169808276844,0.9794780677911864,5.1116558886793912,12.878812787097587,-0.76118838214132967,,0.07569565839380557,0.3076923076923077,0,4
-0.59269004963946526,0.80235211229346104,0.070353343606325031,-0.80434815364055767,-0.58510403604412842,-0.10333109280316963,-0.04174389528295467,-0.11783189255499812,0.99215578026009266,-1.6953292085892908,16.659298011615224,-1.9791714526583206,,0.725276131782199,0.4375,0,1
0.97860633953076503,0.14827105613808697,-0.14263704337195668,-0.095711679930755009,0.94178001396241739,0.32231922006883501,0.18212332787160984,-0.30177160107048778,0.9358231639750777,-10.933192559517392,13.970373746338144,-3.2916170761257506,,0.2408278255253182,0.3076923076923077,0,3
0.96050060363313972,-0.16441526134026194,-0.22451327858010453,0.21324208990795349,0.95322579056806767,0.2142157867375106,0.17879150290789134,-0.25363007320563485,0.95063420118026565,-8.23954363141128,-22.156591085395778,-1.3721305688663721,,0.7495926249280617,0.3703703703703703,0,2
-0.026934127841731166,-0.91901365025728654,-0.39330454281406879,0.99735419805616532,-0.051281064395637982,0.051525295284886564,-0.067521525287493361,-0.39087614799988607,0.91796333289931709,-9.0341609289410147,2.0536548550715086,-2.4935915830572641,,0.3710108806439251,0.3098159509202454,1,3
0.88220559635553408,0.46075278656911972,-0.0970574851712524,-0.44639798951029624,0.88398470684032027,0.13892398293166891,0.14980694483281554,-0.079233248962946576,0.98553537305295824,13.416901117444626,-3.1668889303282888,1.0823497895011187,,0.1963761195999977,0.1891891891891892,0,5
0.87633387775851479,-0.40810441448662932,-0.25590959647744632,0.46722282427026152,0.8494033486722109,0.24539108326374504,0.1172252838497068,-0.3346113239879358,0.93503662745659089,-13.926431623214118,6.0360194772179288,-3.3773962248311364,,0.7977789224362224,0.5084745762711864,0,1
-0.85166342927317973,0.52393341423594841,-0.012774219573409478,-0.51160143922056733,-0.83641259143036339,-0.19666708998759269,-0.1137249780219438,-0.16095885916533439,0.98038710468370727,10.151983039420232,4.2911994697554077,0.44399809690687703,,0.2753725485490054,0.2105263157894737,0,4
-0.35156983523520119,0.93532597411986274,-0.039547099633519961,-0.93578890761605671,-0.34992415815648925,0.043037238773182343,0.026415361732165618,0.052138332109900674,0.99829045021444374,-13.408803265414514,4.2177600585398363,-3.2318817402394142,,0.2739553063141287,0.3714285714285714,0,2
0.68236551751482122,-0.68150542344706422,-0.26443838283987509,0.72826856728212275,0.66507333848528905,0.16523422268064486,0.063262899203047257,-0.30533229807583467,0.95014209112961379,13.234743720482617,-9.1350546609531555,1.2840237459243624,,0.08162085898309104,0.25,0,1
-0.37638527649734943,-0.88788160316279308,-0.26457585377559156,0.91853287730509192,-0.39490879168809101,0.018558005202111937,-0.12096064213471842,-0.23603666031470918,0.96418629841013415,-9.4723446365757216,-24.404322930118603,-1.375894067592178,,0.2254774550466985,0.4666666666666667,0,2
-0.73023705967280139,0.68008434635760129,-0.065108513420098657,-0.67901879675497945,-0.73299091507753977,-0.040715992769551221,-0.075414258160117459,0.01447757759932475,0.99704718514873425,-4.0492235362495625,13.9894015102916,-2.2213028840338671,,0.1482074850127146,0.2727272727272727,0,1
0.56921074734139587,-0.76713502323801053,-0.29580902831500383,0.8213885707182158,0.54647378539609848,0.16336222870769629,0.03633099234175001,-0.33596169126326902,0.94117469207314952,-4.2284477448121791,-13.297061954601734,-1.3077578716266898,,0.7375479610260932,0.28,0,1
0.94509428937754436,0.31611323660670193,-0.082880672222120588,-0.2768909373730446,0.90928811172057022,0.31068720392754706,0.17357474754880681,-0.27067979519291019,0.94689189218605785,-11.218640003579834,-16.550606277520728,-2.1719356903476457,,0.2186567362148772,0.3636363636363636,0,3
-0.37628913767114247,0.92603898855895017,0.029296357101589954,-0.92640630165480242,-0.37651715280455084,0.0024895578372074074,0.013336008584962592,-0.026203536262697252,0.99956766932626961,16.834626010849036,-2.4851182667467109,1.7005932795849854,0.6735761686834496,0.4370574768341491,0.4761904761904762,1,4
0.32320804618780874,0.94598793471174258,0.025365059812098079,-0.94159654070685317,0.31879960278423225,0.10845629439319517,0.094511974946812238,-0.058937599581488448,0.99377756361633851,15.465975086176183,-2.483507060508984,1.4425313204451966,,0.4480036014894698,0.1428571428571428,0,4
-0.62142910179884125,-0.75149430277922125,-0.22154499391288118,0.76596405244800503,-0.64219064089740818,0.029837075949339206,-0.16469651421604478,-0.15115387402957733,0.97469357470485862,10.735740470103259,5.3859292930007978,0.47446767099166692,,0.09112780747850271,0.3809523809523809,0,4
0.66256245365547883,-0.7050204765497019,-0.25289745481452436,0.74860570718661201,0.63436545929727317,0.1927951223921231,0.024504901013174363,-0.31705928735205446,0.94808908765481703,-1.6900996282519827,4.4366202104893757,-1.5411748344334866,,0.179774227836067,0.184,0,4
0.96076397164457039,0.25558707904708489,-0.10773966685455984,-0.21335021453779818,0.92920167437019119,0.30177132783667482,0.17724073105927945,-0.26694473842316796,0.94727304927447398,-0.8970943310500803,-10.919330739804202,-0.87233084758396595,,0.5222950232248466,0.7952755905511811,0,4
0.43164135009518007,0.9002409493886544,-0.05702611622601593,-0.89049649138226361,0.43534643334591266,0.13224780455217239,0.1438810054311784,-0.0063020644875989192,0.98957492907778632,-14.296632810075499,3.5374970183875831,-3.3540514807142321,,0.3259331582922756,0.1041666666666667,0,1
-0.15385137112353373,0.98490799700576481,-0.079284254663206988,-0.9872338726176082,-0.14987452117938416,0.053915755189829925,0.041219368746356039,0.086567114629874597,0.99539293663598472,1.7822834466326734,19.086622175652423,-1.5712644708492627,,0.1013686211989083,0.3636363636363636,0,4
0.68470544183004201,-0.6707414255407429,-0.28510418795924403,0.72525142377131913,0.66572024304820188,0.17557599583518907,0.072033535565057899,-0.32699005804369013,0.94227844700734975,15.085111205184372,8.0834172786994642,1.0503954360332708,,0.1790404373578209,0.28,0,4
0.1181269543214922,-0.90353611304725301,-0.41190838190329265,0.9914424883509233,0.084103212739498237,0.099842084811080783,-0.055568110956343023,-0.42017751251864405,0.90573894860405957,-4.0733401389606989,-23.541730295145037,-0.68985969591090035,,0.1194273021526088,0.2857142857142857,0,1
-0.80908996097942609,-0.52996810294747132,-0.25398276496756395,0.55804335682328998,-0.82834896771894617,-0.049250376489424263,-0.18428523258173643,-0.18158137992981044,0.96595401314714802,0.23024873792994455,9.5004493957145026,-1.427263951706121,,0.07855185330225165,0.2941176470588235,0,1
-0.8903211566975896,-0.41567661725897515,-0.18585259697082979,0.41490033507381924,-0.90875587226197274,0.044949711734494323,-0.18757918299293988,-0.037090625412858499,0.98154894713110707,7.9544813289662031,9.5270289463637337,-0.16258358915335847,,0.07930026682807814,0.4375,0,3
-0.52864200108761794,-0.80901183871447535,-0.2569775856099149,0.83442880389261476,-0.55083523290560599,0.017581735527703247,-0.15577614040801668,-0.20513505553573502,0.96625742070626897,-5.3829675122699445,13.94528699783706,-2.4106628766695559,,0.1312974959051094,0.4166666666666667,0,2
0.94680376066308702,-0.26174950238938399,-0.1872160163905511,0.28861607848964749,0.94799165161012777,0.13421098209446736,0.14234956280752975,-0.18110501505042223,0.97310717574791994,13.136948835901999,1.7983932337022701,0.99008090884383693,,0.06689619755423686,0.1666666666666667,0,3
