axis_00,axis_01,axis_02,axis_10,axis_11,axis_12,axis_20,axis_21,axis_22,location_x,location_y,location_z,dbh,dbh_approximation,score,reconstructed,number_clusters
-0.96068224999312279,0.11072360751886741,-0.25461715827131221,-0.11828089615824697,-0.9928740834695905,0.014514957058893267,-0.25119562924571881,0.044060607263488157,0.96693299599063187,-6.567535999474833,-8.2190851461798662,-1.394165354061194,0.4232854577325829,0.3794936219950057,0.7421383647798742,1,5
-0.96446518483819221,-0.028884705409817031,-0.26262631442492712,0.010208818919434422,-0.99733788789096733,0.072200535963765133,-0.26401266494489012,0.066953798776266782,0.96219254911796359,-10.408509031115752,-9.7281331941419165,-2.1495882842615264,,0.1012698354110433,0.3454545454545455,0,5
0.95038642493224856,-0.14609663513713775,-0.27462959874366405,0.20115888110346142,0.96205699079906248,0.18434058426688335,0.23727778627107785,-0.23043897165249319,0.94371453972376529,8.0020452376568159,14.654140583248791,-0.58453677538246118,0.487285857305973,0.3862280307376558,0.7083333333333334,1,3
-0.96027651438764228,-0.024615468845474966,-0.27796239783294568,0.026650691271630739,-0.99963852039237378,-0.0035453071083362386,-0.27777465069776902,-0.010812365202194829,0.96058541327071456,-8.7350495988944168,19.670646151427007,-5.7194911318151824,0.3602081437182357,0.3268473340599165,0.8,1,5
0.64483289107758923,0.76394985387897696,-0.02389902388822613,-0.71741806003516062,0.61574949033199911,0.32582801029265701,0.26363207263136035,-0.192959026516447,0.94512694616433413,-3.7494082621677021,11.241984907376748,-3.4488512853227431,,0.3660694622575855,0.3209876543209876,0,2
-0.96026879898976869,0.080569678845637205,-0.26719348895034556,-0.051015283454624881,-0.99196470007590554,-0.11577337628903697,-0.27437433287534713,-0.097542609428031959,0.95666303618629422,-3.7698459352104292,-10.466116554067181,-0.38511886811457696,,0.3456800990219605,0.3018867924528302,0,5
-0.95062057496498231,0.18425019695775516,-0.24974464433551855,-0.19957500964565639,-0.97917363298772131,0.037266767857748573,-0.23767696139546696,0.085269346090231693,0.96759433681639639,0.25100227711154693,14.579720580145542,-2.7246184258579098,0.2962359418558152,0.2506756577906407,0.5333333333333333,1,5
0.77932343786794389,-0.51327003410537841,-0.35945632736001787,0.60196147429443836,0.77257158552458027,0.20192951420062821,0.17406137611473269,-0.37374726397593816,0.91105193047133437,9.1058755623145267,-4.1398278058682259,1.9509053201804507,,0.2345191504087358,0.7083333333333334,0,4
-0.97067798355482637,0.10148471925635896,-0.21791077072828613,-0.094588934577453959,-0.99463534245243912,-0.041874443280150594,-0.22099137018770609,-0.020034652529516965,0.97506996005444802,18.162126358953028,-4.5860113729624592,4.3612955839569922,,0.5982010408648146,0.4545454545454545,0,2
0.034170053984271663,0.97849997864163341,-0.20339665486195635,-0.98881892476457423,0.062658451303188603,0.13531833766240189,0.1451535099063811,0.1964986266583249,0.96970033942618006,-17.125540424362061,-16.659844281885672,-2.6645158081159961,,0.4557954810225007,0.8405797101449275,0,3
-0.96283428886132061,-0.028480362207089275,-0.2685870457811908,0.028180800735749294,-0.99959047989762839,0.0049714150822557776,-0.26861864168893135,-0.0027823491120050987,0.96324258827701958,-17.939604206203484,-4.7515695672788603,-4.7463060371873977,,0.1632893856865394,0.2,0,1
0.24033959216467049,0.96227585380778413,-0.12752278861686384,-0.95267083931215157,0.25902885212123861,0.15912990194503085,0.18615894381522907,0.083242026328381027,0.97898703397457942,-16.653696669079221,-2.6164767347138547,-4.773282829827445,,0.1015753389694693,0.1333333333333333,0,1
0.15338704301557221,-0.91259611938421514,-0.37899965424761467,0.98553774182687048,0.11332432750358026,0.12598792097123782,-0.072026206825936426,-0.39284337805381647,0.91678040219538637,-16.142377802684418,12.078281265049455,-6.6901640099253656,,0.1884476445447003,0.2619047619047619,0,4
0.45025419071255152,0.87379072010787051,-0.18374150646806731,-0.85853503413359422,0.48020010727579798,0.17979280335302722,0.24533397422903708,0.076796057357662054,0.96639205639497316,-13.697959195537345,-19.243703344504045,-1.4717971542947876,0.2664373579868548,0.2076942070712191,0.5333333333333333,1,4
0.60249695449783658,-0.72574622573284953,-0.33209913528245844,0.79529662006942159,0.58089866028567827,0.17337829329088089,0.067087300787752532,-0.3685772135019052,0.92717319404746856,-3.6166538528948342,-5.9274352344576204,-1.0251099591772628,0.7049521153720083,0.258910693911997,0.186046511627907,1,2
0.90952164592315532,-0.26345470003141447,-0.32149960595402721,0.35555533582885412,0.89375138956892652,0.27347551409083548,0.21529231003653593,-0.36304280005940581,0.90655895923219521,-6.1290111129850207,-13.983752024080662,-0.48908907345917463,,0.1618357355800957,0.4,0,4
0.9356516936736573,0.24827777048389654,-0.25082674659845017,-0.13299508782166941,0.90635596743829194,0.40103761282989997,0.3269070429662293,-0.34187279647925173,0.88105321989453755,4.4157949691980587,-2.9830083985418949,0.48649311356030434,,0.5232337177325959,0.2564102564102564,0,2
0.80262686813044737,0.56493333749765573,-0.19141691340858616,-0.52702566487547398,0.82194838901796041,0.21597405944544612,0.27934576982241083,-0.072464956872546241,0.95745222904737404,0.2108583608229028,-10.330823309555917,0.65785534419779701,,0.3185220737484638,0.1428571428571428,0,5
-0.24623499220249992,-0.86614731862247363,-0.43492200571842077,0.95286924666221484,-0.29839495488340617,0.054778186037080963,-0.17722451122916946,-0.40093549773402332,0.89880042238327451,-13.391204190903688,-12.455179702383386,-2.4520702428707928,,0.5908175708225428,0.425531914893617,0,3
-0.85626876642890926,0.47610157286293131,-0.20032746181129782,-0.48642315688008325,-0.87371935900062947,0.0026446471111991618,-0.17377086087468099,0.09970844510357213,0.97972542780408622,-0.11846195533900866,-3.8641851684309505,-0.48585204174631053,,0.1677064995024627,0.2808988764044944,0,5
0.11602133010133214,-0.9518013231927045,-0.28392480013224458,0.98890476526259585,0.083994742954043689,0.12252448080695731,-0.092770772350175001,-0.29499004106020515,0.95098604588755697,-7.106055148856397,-3.3633937057634697,-2.3735784371381592,,0.08649746270210297,0.4285714285714285,0,5
0.95857195723043298,-0.098911554217293238,-0.26712601380946999,0.14245000674735742,0.97854726220313526,0.14883968292235361,0.24667346510943455,-0.18072564864199123,0.95209791593818571,-7.6461376719777423,8.9686627242741217,-4.2037958074601001,0.2784671467194423,0.2591153701625465,0.8884758364312267,1,5
0.49100047875936198,-0.82258538091848965,-0.286830648566818,0.87083337841706099,0.47245549946711418,0.13577565340666903,0.023827649754130636,-0.31644761355153855,0.94831068273257957,4.4482751807548331,6.83773403108012,-0.72255450244428299,,0.07551395786923051,0.35,0,5
0.90673958865693538,-0.22079290735816698,-0.35926843783246576,0.3695714352339734,0.826370695196467,0.42488637113893057,0.20307701155313776,-0.51803664559646367,0.83090177590242942,-5.8736073976179748,-5.2603770226306805,-1.6889442552575156,0.2932615862429773,0.4155233648474478,0.3523809523809524,1,1
0.93497491528555898,-0.22957042780915729,-0.27040585508136455,0.27612650310534476,0.94956609400906433,0.1485879786227127,0.22265682578707838,-0.213592255908051,0.95121095775150377,-1.4869344904499091,-2.2249600461644814,-1.0834041734536464,,0.06883054358652144,0.2063492063492063,0,5
-0.82445801806142394,0.53837449630418832,-0.17441868645142847,-0.54009453456839829,-0.84057476541630649,-0.041616793180973596,-0.16901736651473193,0.059891280454958118,0.98379172813248006,-10.11390329607287,-11.805605784719553,-1.7633324402945441,,0.445427775263808,0.7368421052631579,0,4
0.25150698619263573,-0.87277207781976018,-0.41834571358444128,0.96622551063069351,0.20134160743622354,0.16084097649993392,-0.056147114821261196,-0.44466892998406793,0.89393346743707458,-13.625731665969617,12.895904490569553,-6.1047192656015374,0.3736458063444738,0.3481063148670206,0.9235474006116208,1,5
-0.93877214769202311,0.2676410705160106,-0.21696799784933632,-0.28048038773425898,-0.95938695528429307,0.030123448122226195,-0.20009399494773783,0.089134322252299364,0.97571382371188986,-3.0953348643140344,-14.519532881421737,0.45456151536021189,,0.2786482820991157,0.375,0,5
0.80479242409331464,0.54280107889817508,-0.24015857858711495,-0.52228200459558483,0.83983731386240423,0.14796889510974406,0.28201181145055582,0.006346258059524398,0.95938994325092741,5.286929502732062,3.4716501947369705,-0.12326264845757932,,0.09067315467611312,0.2307692307692308,0,2
0.93203617937225536,-0.23456688353558311,-0.27620090059515523,0.28681860541757392,0.94337007891298208,0.16669727591665379,0.22145800488464751,-0.23458744928090092,0.94653319049698048,-13.768292431594105,0.16666009764812961,-4.5262919076880221,,0.08014262496721862,0.3809523809523809,0,2
0.7812433115172277,-0.54678106412441396,-0.3011467352048991,0.60854577906218876,0.77458021615817174,0.17232969425480177,0.13903568964546303,-0.31789299559967277,0.93787692175118409,-12.478494640007487,-0.66329853473197375,-4.0497545927248515,0.2727571904115445,0.2035375036073196,0.7685185185185185,1,3
-0.95564237918865103,0.1572152273888929,-0.24906026454597785,-0.13590318023363618,-0.98559314306814727,-0.10068009703726521,-0.26130053329650416,-0.062366085448007196,0.9632406255369701,-16.90679535670796,8.3094699272282782,-6.4005501531553675,,0.1685915456191625,0.325,0,5
-0.96494464972272476,-0.015280433319875357,-0.26200826576474012,-0.012409010517751878,-0.99453096454818257,0.10370234815486627,-0.26215995008669846,0.10331828934133405,0.95947771816656646,-9.3226191104011935,-0.16037262837353483,-3.501433734452434,,0.07296182423993818,0.375,0,3
0.36007457884497646,-0.83646438668125844,-0.41312664823702422,0.93272225942381215,0.31357734305428803,0.17804054790510759,-0.019377421008751471,-0.44944029607608432,0.89310018240849653,-4.9660542498967235,9.117304878288655,-3.51162616809791,0.5856942964821187,0.2602254914007923,0.2705882352941176,1,5
0.92380389659993067,0.28733942157112674,-0.25302651528635633,-0.24798555940198549,0.95257637894027958,0.17635590325563338,0.29170108493948177,-0.1001713486791323,0.95124979787064035,-15.866869674416453,14.514503898974898,-6.8919119410512932,0.3511306967821944,0.3108390376444041,0.8823529411764706,1,4
0.77498221598955985,0.59526684930788998,-0.21227327437755628,-0.56252302883080185,0.80281969427815603,0.19760663074438761,0.28804584172477221,-0.03373301934582143,0.95702229674698891,6.8280761560539194,-11.958283541910459,2.6067450216808878,0.4581011315290624,0.3863824961092582,0.375,1,5
-0.9657713901923225,0.13775620778741465,-0.21979274124051396,-0.1457095970363613,-0.98911882441487453,0.020314145801317702,-0.21460273814070988,0.051644732588780662,0.97533506364651057,-6.3392582169142395,-9.7817993456464496,-1.0706722171205345,,0.2589729540007892,0.2916666666666667,0,5
-0.26480056434846705,0.93478410821767333,-0.23676852017196756,-0.96309695323916888,-0.24409619418001688,0.11340770100950831,0.048217421977577897,0.25806146362934873,0.96492453653501575,8.4896920155370754,9.1475703852932657,0.12204349489746631,0.5567621207148126,0.5291221733099764,0.9307692307692308,1,5
0.42663339741870959,0.90018660842893561,-0.087452925692508121,-0.87529242118370187,0.43530043322871764,0.21065780367520986,0.22769963027054346,-0.013326771405724466,0.97364021873511208,-5.8673551913889632,23.529806782915507,-5.3100217191346699,,0.08911651032075835,0.3333333333333333,0,1
-0.78521920947672985,-0.54223356120098987,-0.29902099955694456,0.54663714369879146,-0.83385572578727085,0.07663198875543141,-0.2908928087759628,-0.10328307547259614,0.95116453893285724,6.608004421915779,14.331704966198144,-0.94566288707348545,,0.08958364206266173,0.25,0,4
0.2581400760980625,0.93249088297585669,-0.25263502187739528,-0.9472539176277267,0.29570441015680704,0.12356746073597412,0.18993082069798048,0.20741180048570068,0.95963880099143006,1.0469448247258573,-2.5161251837328269,-0.34784805962066262,0.5397982065200599,0.4624802768281182,0.9987878787878788,1,5
0.95583160583733284,-0.040297638302691001,-0.29113921348669553,0.14761689805808548,0.92237929982523936,0.35696733556672972,0.25415584331298574,-0.3841777291841979,0.88758789970838292,-10.439223064810053,-5.5678076836460235,-2.7522552655442971,0.8733828545879683,0.3745052275333007,0.21,1,3
-0.90037238980045198,0.4289632030063687,-0.072939222312419852,-0.43131665608352093,-0.90198888659681142,0.0195445808544122,-0.057406461918091373,0.049057302436660864,0.99714486370220301,-12.889198533222777,25.229060073958674,-7.3514102620603197,,0.5309957921412491,0.7948717948717948,0,2
-0.94245014984200504,0.23493953976922596,-0.23788889784058256,-0.24361352941942427,-0.96984484755324341,0.0073088958288729158,-0.22899817323855237,0.06484122398174208,0.97126487238340686,-0.71221301864630515,2.6556908094983647,-1.5951907346327243,,0.07960832957876922,0.225,0,5
-0.94113873397090941,0.2239295799208694,-0.25320629268661199,-0.25145181261226807,-0.96441435065029479,0.081712582836279385,-0.22589791799315007,0.14057205802091008,0.96395519976300093,12.232742125593722,-3.5605892860299693,2.5958743459221938,0.5739889336540414,0.5300921633239304,0.9956140350877193,1,5
0.38212388731604874,0.91089066846600586,-0.15575469445260801,-0.90238926973053113,0.40413239512167226,0.14956808846949768,0.19918569380774015,0.083397825599795902,0.97640660693563286,2.8022458459561621,15.320310119318577,-2.0314702846659793,,0.2544138556206221,0.845360824742268,0,5
0.71352767796991212,-0.63122602469200051,-0.30402624643671577,0.69679948902308375,0.68463313890948063,0.21388767426880881,0.073134977049518449,-0.36446010873411794,0.92834266533079279,13.932144831168346,27.738018625928664,-0.34677587624252648,,0.409498493101057,0.25,0,4
-0.81084055548732625,-0.41058549353077417,-0.41708170192313321,0.44966008333707547,-0.89318521059754907,0.0050979430271524294,-0.37462434922239274,-0.18341137388914602,0.90885469955202225,-16.598583139989668,-8.5926142342277902,-3.8272358851853179,,0.4813499896814409,0.4716981132075472,0,2
0.67392754830660939,0.69515828211509001,-0.25015319794126345,-0.68688493941955453,0.71424457625117732,0.13432708324969952,0.27204914929482638,0.081299742327844843,0.95884285066187358,-3.2685316711902246,4.4047297573531736,-2.5164987868188256,0.4850965366594757,0.4286294541617359,0.9525222551928784,1,1
0.21695608291687424,-0.84629025471155728,-0.4865417380509261,0.97487944399231252,0.16210417423273576,0.15274916162638688,-0.050399680223266331,-0.50745939884543712,0.86020045963532332,14.645465323692621,-5.2748168273641616,3.5447828444340117,0.4866213758758615,0.370463924299799,0.7719298245614035,1,5
0.95905275489499264,0.1300258879011113,-0.25161693465236945,-0.07401101191774144,0.97257666553015021,0.22049262976609341,0.27338650925610641,-0.19284164006195129,0.94237567796233945,-7.1758262605717755,-13.614168034025964,-0.74292267641859733,,0.085621322093827,0.375,0,4
-0.95385004367543269,-0.092695100334333785,-0.28561812364481076,0.13420416276986882,-0.9824776209623941,-0.12933277621435188,-0.26862489995458955,-0.16169521539637727,0.94957638999835348,-11.689080319156281,14.715241649786469,-5.9867098918630841,,0.198355921014375,0.4545454545454545,0,4
-0.74417399128678652,0.64007804183028372,-0.19106326454607386,-0.65830655261244675,-0.75126625631075883,0.047238701467464096,-0.11330292794014137,0.1609320120284537,0.98044037759807912,-9.4295182443650933,-6.8033776844784581,-2.3097369516317716,,0.07776283867302558,0.2666666666666667,0,4
0.46296230129961535,0.88522723628257827,-0.045151386677184276,-0.85677639506249315,0.45997464421911749,0.233147025585176,0.22715659012910663,-0.069253641196722601,0.97139272014047562,1.3124278235574445,-6.3924303646787521,0.30761707683505934,,0.4333650076290555,0.1688311688311688,0,2
-0.96985007934707512,0.11272078456848791,-0.21606676819154483,-0.1165649972449863,-0.99317002502858931,0.0050894795401369613,-0.21401734744583334,0.030121854374817691,0.97636532552179112,10.547122592654839,13.373697520928692,0.23301223559868575,0.7468468471206202,0.5340022318435259,0.5714285714285714,1,5
-0.70769426555979276,-0.64044830870976799,-0.29831994630695413,0.65198167547538433,-0.7546658108878006,0.073480669031856627,-0.27219243438805757,-0.14249729031759265,0.95163322814729778,-1.6159320861554642,15.478379002147346,-3.3364258692837914,0.2286862172615883,0.19941883941118,0.4117647058823529,1,5
0.9672638260574028,0.040840743765788182,-0.25046501641836388,0.044051804475943299,0.9449598321166961,0.32420727044345932,0.24992024592498968,-0.32462740077609337,0.91222635422473397,-11.662221339104748,-8.0104078628683535,-2.6924155852351856,,0.5773324123447422,0.5882352941176471,0,3
0.93264872642576624,0.2496307011437236,-0.26048198813524448,-0.21934354805087758,0.96555416818275575,0.13997698465590408,0.28645202220415406,-0.073414312987316863,0.95527774894202944,-0.97678088610790925,-9.1341483956961138,0.13142325164043786,0.5640737082029568,0.4938072887512759,0.9859943977591037,1,5
-0.75717068438136825,0.6429524035041162,-0.11534626800088327,-0.64460355439106665,-0.76402666380281525,-0.02737726547234768,-0.10572990295963644,0.053623351504926024,0.99294799652022336,-16.899944750554685,-10.819313804172877,-3.6422203289704811,,0.387645542966229,0.1351351351351351,0,2
-0.061954571778132107,-0.93925442142370352,-0.33758371239118368,0.98655751624865407,-0.1088744065636266,0.12186316395328489,-0.1512147419039406,-0.32549576868439206,0.93337377636158281,-12.111604786044056,1.3308073620448015,-4.3573469636337476,0.2322074379935871,0.2173389067550266,0.7357910906298003,1,3
0.92540890442447266,0.30268393752994699,-0.22803682503767717,-0.26322642687719272,0.94627443419674284,0.18782050840922324,0.27263566862272992,-0.11378545226433939,0.95536519878402315,-9.6903897228347713,14.016951647268586,-5.3591446298162113,,0.1608575373590541,0.4375,0,3
-0.94736535894647078,0.19269685095530659,-0.25566931826117406,-0.17769443457795267,-0.9807659327538315,-0.080764305664871264,-0.26631478477216908,-0.0310822904789133,0.96338482790125879,-19.643496664362978,11.711284269999481,-7.5287041722120662,,0.2256209782980828,0.2978723404255319,0,3
0.4150608497754551,-0.7865474914188092,-0.45723903456119702,0.90979359455175635,0.35865406760962887,0.20890877219413742,-0.00032603108940932376,-0.50270299733525192,0.86445913158106114,-14.61058503242015,8.9326331876691736,-5.9039630879954368,,0.623898747006287,0.3555555555555556,0,1
-0.8823823863603677,-0.34427001123223283,-0.32074831816728383,0.36117182861648461,-0.93247098322134581,0.0072646860937786752,-0.30158951317114407,-0.1094350255465525,0.94713660088121265,22.497211352336851,-2.0790585128601449,5.2923569654901979,0.4701974440781984,0.6227695358206125,0.2121212121212121,1,4
0.6382579725532308,-0.71890003630500887,-0.27533524705873996,0.76570112968534576,0.62980724551397949,0.13055502095545723,0.079552124238296662,-0.29415229269674553,0.95244206555066846,-0.92498667313299554,-3.7879533717544143,-0.71881411019265518,,0.07442170323063652,0.3739130434782609,0,4
0.96018131387581751,-0.1399796193502823,-0.24177996329360901,0.21179063252784225,0.92910071265129335,0.30317749541203554,0.18219926579754706,-0.34231209724082001,0.92175151511968012,-5.0157501079164124,-11.512005003547035,-0.52790445954840304,,0.2975655788784952,0.1020408163265306,0,5
-0.0097856069871598787,0.99189965549945314,-0.12664641848848537,-0.98969427244172892,0.0084874365727640819,0.14294478135441496,0.14286178282497752,0.12674003645451209,0.98159435316610244,19.094499285403241,2.5826474144783815,3.8733790037486915,0.756721949395791,0.7065201964569153,0.3061224489795918,1,5
-0.96353608763297371,0.081919009603747497,-0.25473021747425928,-0.10403809424022532,-0.99177262195567495,0.074586468518273052,-0.24652440604492751,0.098368400437876882,0.96413140962188792,-10.093741015139795,20.446370722274064,-6.300227917204511,,0.2051978699303937,0.5652173913043478,0,2
0.69295912235404422,-0.60815535146996014,-0.3872398781437188,0.71287913446648943,0.65823028901347824,0.24194260945013657,0.10775432422237716,-0.44371156746661722,0.88966794395869742,-10.44055711087349,6.3119941627503344,-4.562022917699724,,0.5228936324614193,0.1393034825870647,0,5
-0.70749928517012273,0.70599655859606913,-0.031837410922875571,-0.69860008917295824,-0.70547321658832163,-0.11943808473037805,-0.10678331747655787,-0.062260741459073919,0.99233105523392051,-4.4582769297100837,29.397209678133549,-5.4819629497470226,,0.4151294426379699,0.2941176470588235,0,1
-0.30198384140973211,-0.8874917689499815,-0.34808636797992143,0.94429076683241742,-0.32858880066301394,0.01855660943938179,-0.13084612031873796,-0.32309094714162667,0.93727879132767078,-11.966789655595738,-13.506754657682988,-1.9233063624347069,,0.1886809684084003,0.2916666666666667,0,2
-0.96007910491413972,-0.087404077542148434,-0.26572286227622904,0.069780700288782582,-0.99473343747922682,0.075073578760899581,-0.27088515310823674,0.05353424688709061,0.96112190602220704,-7.014599667342452,8.3313316307266359,-3.9533968117524054,,0.06952856239719468,0.1478260869565217,0,4
-0.21398227519608404,0.94765663373510722,-0.23697782689473679,-0.97501814678756815,-0.19240375361897169,0.11099733793323903,0.059591940200357192,0.25480914452031456,0.965153407771004,-23.477721040208241,14.012954807255131,-8.6720818376598299,0.2022433709944895,0.1565406988112139,0.44,1,4
-0.96481254271633687,0.053584509543292663,-0.25742077956964093,-0.077306666254163048,-0.99355251959009516,0.082928102407091905,-0.25131740244142331,0.099910415639103911,0.96273437254359884,-17.501533520121509,11.259248562359691,-6.9046568906688615,0.415577786381794,0.2696845020284357,0.8194444444444444,1,8
0.27014178883950474,0.95273799999713538,-0.13897380071096824,-0.94385230223103866,0.29055642484784622,0.1572253018849267,0.19017425034888685,0.088697617448819766,0.9777353870874993,-6.5996910310585548,23.989606205933637,-5.6244544275459063,,0.1397332997651833,0.32,0,2
-0.52067138337879448,-0.79979871763138277,-0.29870273150007992,0.81793188093258551,-0.56758345182812087,0.094002464674912328,-0.24472177811648796,-0.19537409369225858,0.9497053305259654,0.43718565022695044,9.1147332886992647,-2.07680360075905,0.1368193750272365,0.107266946897235,0.55,1,5
-0.9604378612405764,0.012808723902378468,-0.27819966083304953,-0.02093301201975608,-0.99943615631768368,0.02625220853030881,-0.27770654242097342,0.031037171857801683,0.96016444959166269,9.5512457033969529,5.6781408233885404,0.7861703299660836,0.1591094883545188,0.1454616950093855,0.5925925925925926,1,5
0.52280353722283968,0.82222341664020437,-0.22500025465718201,-0.81597403760786036,0.55907152482816136,0.14705577199226502,0.24670393474205835,0.10671308848882612,0.96319753183236645,-16.261862882976562,-4.5107729519504112,-4.3956370630365047,,0.07451025839385021,0.2272727272727273,0,1
0.92955146943290201,-0.23988673082691347,-0.27997932432290462,0.29701530211955168,0.93713975208356526,0.18316930794100394,0.21843986811469526,-0.2534234429525633,0.94236966344428996,-12.716381938769297,-9.0580742532939418,-2.813937534449555,,0.08940071526007144,0.4375,0,2
-0.94252685524490465,-0.18617274378387544,-0.27745781051203977,0.17915002731761895,-0.98251512879028324,0.050688158482136654,-0.28204324997107799,-0.0019316237203950079,0.95939974670392503,0.97215976123200565,6.823562131521915,-1.6397583586730682,,0.1549285489936409,0.1578947368421053,0,1
-0.82710518125940879,0.5506095109436373,-0.11281039664964813,-0.53837132960563683,-0.8337828874800276,-0.12232092218475152,-0.16141044139863153,-0.040438385277826498,0.98605852078039591,-10.859047085987482,-6.937807589397095,-2.6201167200175761,,0.3268756734197618,0.2333333333333333,0,3
-0.96086757918979926,0.10190645132739512,-0.25758216250313892,-0.12071150769108541,-0.99097791102156285,0.058236687562783822,-0.24932353914719177,0.087050876188568826,0.96449982777703069,-21.686954701081369,11.369839527900082,-7.9578686644893253,,0.3912894615662452,0.5769230769230769,0,1
0.52376662002343177,0.84769592969598329,-0.08414355902915116,-0.82366581586546528,0.52915672298853078,0.20388179489772015,0.21735489763036642,-0.037480305400319644,0.97537278780125436,-1.5636767212639242,-5.7251827006929314,-0.58117525433470074,,0.2207741936650568,0.1525423728813559,0,2
0.73969104789622964,0.63056162650448067,-0.23505145998738616,-0.61131238802526733,0.77565092788377843,0.15704395028105622,0.2813437717615645,0.027525865164556695,0.95921218134358543,-6.8945466051754849,14.170471167321168,-4.7119792332859554,0.197745058232762,0.1111410709601529,0.5773195876288659,1,5
0.16333371118910658,0.95658676259910913,-0.24137908859167709,-0.97261749833516065,0.19713325461008971,0.12310029187246667,0.16533995500618295,0.21466309777646606,0.96259153005392883,7.6534342538134803,1.0042793094552822,0.86634666708625596,0.5204650434892337,0.4370995861098467,0.8950276243093923,1,5
0.44713037034508213,0.87282738750796607,-0.19556784891972695,-0.863883269430886,0.47807917577988512,0.15857489865369404,0.23190543053683244,0.098044139557879245,0.9677846960899319,-13.132058630188572,16.372837095309315,-6.671706420501339,,0.09813771251761838,0.5384615384615384,0,1
-0.68986343603228684,-0.63999075599239541,-0.33837888803826244,0.67377309141898667,-0.73857237547086785,0.02325225733176459,-0.26479852889589595,-0.21194970732606103,0.94072262684543084,-9.3913401318815843,17.8147459686373,-5.8397158522297747,0.2021995926656083,0.1056616334357787,0.28,1,4
-0.66502774793282349,0.70520077021497829,-0.24582507636040654,-0.74146871339813769,-0.66279834807026849,0.10451074991135922,-0.089231393192689495,0.25177415173827133,0.96366360052944122,-6.1152688662676882,0.33131834325051196,-2.7597200594258648,,0.09166867182991842,0.5903361344537815,1,5
0.88499649861178853,-0.34038412907354287,-0.31767883486270015,0.41671833308836431,0.88339871423917027,0.21436544159131182,0.20767048011918271,-0.32209525975311865,0.92364907585708167,-1.85045439753289,-15.169796387696952,0.83222155060239711,,0.3183714104729253,0.2631578947368421,0,5
-0.86827437473085289,0.46640971061337155,-0.16900175156280658,-0.47435609735978251,-0.88029992391859058,0.0076378561467766648,-0.14520985876772263,0.086798766088427348,0.98558615611329647,-12.465169181078693,-10.891438321826927,-2.4523529909230533,,0.1294493980135881,0.3157894736842105,0,2
0.060113692019095361,0.98040084599986388,-0.18761803003598707,-0.98813084216027003,0.085065834979091412,0.12791107258929887,0.14136400816144215,0.17770195520044554,0.97387793501776709,-8.1832402185996322,-27.705112469130949,1.2238852398672961,,0.3432409236981852,0.5555555555555556,0,3
0.040194308688320593,0.97498254945966134,-0.21861712146629236,-0.98992725955351901,0.068582388832614735,0.12385667820054194,0.13575138430943751,0.21143671438790301,0.96791842500642589,-16.539497014474065,-12.434979234685775,-3.232301190579689,,0.1855860323714665,0.3888888888888889,0,1
-0.72192327456532501,0.67659634481500308,-0.14506609467362053,-0.68209547514806301,-0.73110020932439235,-0.015435242413633699,-0.11650128078015413,0.087805866027317173,0.98930156245089207,-19.804448001225037,9.1917564019685507,-7.216745343401799,,0.5773884679718364,0.22,0,4
0.96802228136110557,0.088846228543256828,-0.23460437008308671,-0.035914766910012809,0.97463297332049148,0.22090879754835291,0.24828006828225663,-0.20541887690789065,0.94665732591242358,3.9250690518283342,-10.615352605136282,1.6600192523778439,,0.192109689906993,0.1481481481481481,0,4
0.64097366240103426,-0.70649605913039137,-0.30002680303838369,0.76334955547835237,0.62763932101179576,0.1528605209688067,0.080313263283270403,-0.32700489469284733,0.94160372694022054,-20.988583532801119,-11.70541466396195,-4.4130363645284438,,0.1954377478919274,0.7142857142857143,0,1
-0.89056704181588997,0.43103430473856746,-0.1452576062374569,-0.41172768242986146,-0.89964704891898761,-0.14531174382097634,-0.19331492325278771,-0.06960327226429755,0.97866476637195432,5.3076779386150408,-0.63867485386900169,0.38613609758568224,,0.2974947954362885,0.2933333333333333,0,1
-0.96061444864082779,0.064553008934389519,-0.27028279652984732,-0.079854650273459157,-0.99574487159665903,0.045993320369988537,-0.26616370130463263,0.065765186280201032,0.96168176876831168,3.3550624607986426,26.286735928554396,-2.9640192195471737,,0.3477132335124309,0.8095238095238095,0,2
0.78796470948404485,-0.52044041775179595,-0.32901882647967395,0.59925275281892665,0.77097632413715278,0.21561921495753295,0.14144877110340601,-0.3670657695703875,0.91937748828380395,13.784073817602382,-8.3395141767828136,3.8001663525384766,,0.7347345593842169,0.2439024390243902,0,1
-0.14474820308288835,-0.88212685388579026,-0.44821888777452595,0.98255305866742426,-0.18160632965452764,0.040107704156439217,-0.11677946997466807,-0.43459332102894677,0.89302362830412652,5.2778463072445776,-9.9467001328375027,1.8661777444484018,,0.2964289670828881,0.1333333333333333,0,4
-0.8706122667397912,-0.40772316736630942,-0.27531091477634317,0.39653436429667888,-0.91279054928263237,0.097846364634249103,-0.29119543082615734,-0.023983993268302625,0.95636289615023973,6.8375596961515814,-4.6751119535791599,1.341938140211665,,0.07395687518382532,0.4406779661016949,0,5
-0.20708045870307534,0.97027014418980961,-0.12527382375105209,-0.97609952968382929,-0.19627879958952604,0.093297057738714578,0.065934753918781258,0.1415997179572773,0.98772573526262253,0.7644515020309155,3.2538073786733985,-1.2942641767728644,,0.1841850318701885,0.1607142857142857,0,1
-0.79997102915433083,-0.50912191279781172,-0.31755508250201092,0.53582085617621278,-0.84432292307414369,0.003848591706607014,-0.27007843786639424,-0.16707387432100607,0.94823201692360992,-0.1060044285931676,24.823257650984647,-3.8081857422459326,0.483040421997221,0.3096135346224484,0.325,1,4
0.21761077403722004,-0.91904320484241675,-0.32864135262608501,0.97363689765720629,0.18080864031678728,0.13906626876150108,-0.068386713207854485,-0.35023966540038759,0.93416028294766007,3.1950643186556369,-15.367870488927897,2.2022189837023616,0.2363645279915349,0.1928823996280704,0.4,1,5
-0.96465771018319979,0.019620988404341295,-0.26277465440590569,-0.035170441540902243,-0.99788863208504364,0.054601446842172809,-0.26114850607637885,0.061913607304673851,0.96331104167065285,6.3575614275144368,0.62113897083888747,0.51549749105828924,,0.07257761039048459,0.2692307692307692,0,3
-0.68898145591729654,0.67704667808156893,-0.25867421421702536,-0.71789553083996882,-0.68656563188491015,0.11512445402465052,-0.099652196172900678,0.26501967627553075,0.95907977300364888,-8.2603474664248324,6.3277360951451858,-4.08013157708357,0.4605251541174541,0.4252343288434159,0.974703557312253,1,5
-0.76923130157810404,0.59037082251935247,-0.24442891930023461,-0.6247084374550933,-0.77523162322655093,0.09356975217421272,-0.13424817631861058,0.22467359049819691,0.96514206461420826,19.7658831827498,-12.216849748127796,6.0420776957008719,0.2880821299136962,0.4304365730147053,0.9122807017543859,1,5
0.5011605196869332,-0.81648498334604802,-0.28668869087832538,0.8649385173466031,0.48290034140792537,0.13670633298560111,0.026823398691886682,-0.31647990811189608,0.94821989698808928,7.0689902765230235,-3.3846458668126709,1.3146422892572915,0.1752956082830489,0.09145630501624351,0.1724137931034483,1,5
-0.4348352049375922,-0.85240053482720357,-0.2903991611096346,0.87081326759030897,-0.48016425710329719,0.10548241175251459,-0.2293525616503353,-0.20701597625964949,0.95107401816982284,-6.0592657626043351,-0.90535001078604027,-2.5976578711865077,0.3342685884804453,0.2841593818667402,0.9037626628075254,1,5
0.69723831772268319,0.67876707363641287,-0.23050810841769584,-0.66188625709143933,0.73306995445199186,0.15657274524399292,0.27525499263905967,0.043401631614672545,0.96039105962126503,-5.0260644310446301,-3.2720026819750694,-1.8584005823993317,,0.1134623302077458,0.4141791044776119,0,5
0.19353203881542924,0.97136319136632687,-0.13783649883310461,-0.96538306044767308,0.21358606758848253,0.14972153596852011,0.17487394475057724,0.10408910697432941,0.97907331761041205,-18.24256044970647,-8.0564623218283735,-4.3535615771605194,,0.4396573311241818,0.3103448275862069,0,1
-0.88403123684760954,0.42588491428815678,-0.19264166750590628,-0.40493938736850749,-0.90364296589401794,-0.13947574250700839,-0.23347990242268069,-0.045292714337219882,0.97130618508926581,0.92451591610826556,5.6417204261646168,-1.5337543740044197,0.7919063900725808,0.560025051923116,0.2093023255813954,1,2
-0.58307347589218361,-0.74873063886590574,-0.3153216645498047,0.77089162247930332,-0.63239875867055195,0.076144050477838024,-0.25642041280333833,-0.19868125340705076,0.9459251193632443,-12.346806470378327,-4.0874717869534942,-3.5108513059882225,0.1290836413876643,0.1053183608344901,0.3181818181818182,1,4
0.95693034118794995,0.11944629988588164,-0.26460707389917981,-0.086087827141814594,0.9871942468676449,0.13429968343009704,0.27726018129532248,-0.10573599384786253,0.95495899989114152,-2.241486008533998,-10.964064847231473,0.18233308281840957,,0.07578310793272916,0.2631578947368421,0,5
-0.16747930268620054,-0.94052815950791779,-0.29556296172625268,0.97173970626955453,-0.20807088187009778,0.11148296451458832,-0.16635091352591155,-0.26853917645373454,0.94879612366337474,-7.3787869269536746,-7.3017846363068015,-1.7169940490675628,0.4442609206484079,0.4030189695018562,0.9690721649484536,1,5
0.098127779727567699,-0.9468107686296906,-0.30646420223672849,0.99057830729023943,0.063367408806220202,0.12140506013832726,-0.095527775917496477,-0.31548999969577773,0.94410831164661202,-9.6641963872607768,-3.5933317707458459,-2.9396789025601362,0.2318744558603013,0.1964457136054062,0.7797029702970297,1,5
-0.94218802918807198,-0.16429936483483423,-0.2920401280125165,0.17067790595329257,-0.98531997750975864,0.0036870502529045036,-0.28835875237990616,-0.04637090289220628,0.95639895926902041,-2.326631629444734,7.9107209593770538,-2.7095834342798617,,0.09426245257424207,0.2857142857142857,0,5
-0.72656201118765451,0.64827146730613061,-0.22770979025002083,-0.67731477137643026,-0.73147309305771713,0.078688084281365353,-0.11555234473711758,0.21140297729534013,0.9705444022899834,-8.2569981639361671,-14.13994592788452,-0.97570104371687216,0.1371107031359563,0.1100964300767006,0.1818181818181818,1,4
0.38849910759937129,-0.87480600737562941,-0.28945274718683073,0.92140158111175852,0.36562438470403891,0.13167359505438095,-0.0093578693752397191,-0.31785729308811594,0.94809238553605746,-8.4930278756076678,1.5153991728174709,-3.5181673678548271,0.0961262859642739,0.0865268446387184,0.5185185185185185,1,5
0.69326227647874272,-0.66496663969074465,-0.27786108779371732,0.7135959903323803,0.68731716739295723,0.13555764083395622,0.10083738688134303,-0.29225755679762688,0.9510085919178759,-10.312110232481254,1.2636993015060902,-3.8977266077855997,,0.07153466847133538,0.3639240506329114,0,3
-0.95756362866616884,-0.16037371770439096,-0.23948312618084791,0.15909668601373925,-0.98695181113574881,0.02478642764317919,-0.24033339667038656,-0.014366390135908902,0.97058408460026646,7.3850317074795973,-15.522883073233894,3.2549301387381804,,0.7687086018100775,0.3953488372093023,0,4
-0.013599266771052288,-0.87421249137904555,-0.48535304661672002,0.99101243190960642,-0.076385128557021745,0.10981653762496209,-0.13307674381309922,-0.47949747867133724,0.86739422882789186,-1.5368692220647682,-19.55693955332125,1.6030091891340861,0.5741352228125159,0.5240736795184106,0.6533333333333333,1,5
0.95396267283749592,0.1760814741275771,-0.24279730909093805,-0.114797753001309,0.96224460908244458,0.24679300678427579,0.27708607821143166,-0.20755873087112592,0.93815919677876403,-21.985843583666231,-18.051534610031304,-3.6918950931242418,,0.1684389670847803,0.3333333333333333,0,1
-0.37607933259188947,-0.81973025841407832,-0.43197990582621804,0.89799809288134724,-0.43735762161368008,0.048142870686000552,-0.22839387202528705,-0.36981159291835891,0.90059737117342475,-10.60608184097473,10.516556268034639,-5.0513199097483765,0.3406503666760377,0.22445016451411,0.1468926553672316,1,4
-0.44498633014099898,-0.84615313621259536,-0.29327808657524368,0.86510644290488847,-0.49080638863387294,0.10344047235307653,-0.23146923863031557,-0.2076871660786139,0.95041466350963733,-8.669707162296648,-15.190810024075434,-0.89535736721168357,,0.2258304482162836,0.2941176470588235,0,1
0.016642438062575267,-0.89344916576526223,-0.44885589831113043,0.9942293912677681,-0.032793739824390003,0.10213955241557628,-0.10597616144519191,-0.44796557771963763,0.88774765242362363,-1.7029990804648854,19.430960516325776,-3.7510618493488437,0.4401141480590068,0.4972079299411113,0.4065934065934066,1,5
0.92707640807230607,-0.25111337373256348,-0.27833685909056644,0.31451553981117164,0.92504370941385294,0.21301199705919688,0.20398359937269253,-0.28501966459616435,0.93656525772657806,-17.06624007408228,-14.408601398495282,-3.0558751108102014,,0.1881071113929797,0.3333333333333333,0,2
-0.71611116812560538,0.69352574882970386,-0.078783441128075754,-0.68877247155953492,-0.72042156172090976,-0.081149589212615211,-0.11303661932113741,-0.003848261660208979,0.99358337021844523,8.5284354393640918,4.176373887044285,0.71075092031498788,,0.5322391048746224,0.2142857142857143,0,4
-0.54269859163714462,-0.79034151902836025,-0.28432115984394046,0.80180366266622449,-0.58830781014217504,0.10490379907679739,-0.250178186839074,-0.17103860332001666,0.9529725447274181,-6.0816242477310345,8.8973355280462254,-3.8250307102398171,0.2012951943353908,0.1175962181528075,0.6216216216216216,1,5
-0.087901636106509334,0.98742613809627211,-0.13138844764317029,-0.99140476547020107,-0.073889527234790267,0.10796725785160936,0.096901462180792153,0.13974963173226088,0.98543398919355485,-26.336992691554826,16.548353279159446,-9.6591164910459071,0.404420835457835,0.3247465414797036,0.2452830188679245,1,3
-0.47111775510484438,-0.81242214933000934,-0.34353793400872218,0.84907032629018286,-0.52321836531698129,0.072952883483170472,-0.23901389465563561,-0.25731846702682443,0.93630100111476477,-10.684570483173617,18.96973067337694,-6.3542535228039396,0.2031657027457649,0.1418923817248991,0.4102564102564102,1,4
-0.91648093982194689,-0.22133343584194082,-0.33327795774920638,0.25742637079111674,-0.96392011908949937,-0.067747085810379956,-0.30625863345283016,-0.14788344800174849,0.94039147977994686,4.0313643230666223,2.1699460880914963,-0.28874008667881107,0.3970940280013994,0.236751480127559,0.4193548387096774,1,5
-0.1871858948698859,-0.90182465488625929,-0.3894531199015368,0.96470193251824321,-0.2435228649819362,0.1002337050425522,-0.18523396599254649,-0.35694384161975723,0.91557603276429333,14.405536476400751,12.984363371498711,1.3877308150884813,,0.173072350118868,0.2631578947368421,0,3
0.65156857850327288,0.74502932636058627,-0.14279247308564597,-0.71100563276421591,0.66539861373067333,0.22741080674157593,0.26444163379615726,-0.046647483404664174,0.96327287650344939,-14.741243726132277,-12.175373759792734,-2.8461248318048287,,0.1867569122185454,0.2857142857142857,0,3
-0.95264031190677334,0.10325584207978374,-0.28603263311475691,-0.096813014187642113,-0.99462884410272845,-0.036615608185227147,-0.28827708270701952,-0.0071898230343633678,0.95752004158172332,0.14606663704686587,3.8303675713438428,-1.5499166010920207,0.5517698389558531,0.320476308833078,0.24,1,4
0.75108988221983541,0.64287934306036887,-0.15023361505755622,-0.60597198359233662,0.76162769806327746,0.2296109854601939,0.26203424190010466,-0.081421126307002406,0.96161772875854146,-25.250756148924022,13.147671900229984,-8.9920176416234803,,0.2149617497471815,0.1304347826086956,0,2
-0.77135964229462994,-0.49905136756932567,-0.39490762814395836,0.55921562066929198,-0.82772937618054498,-0.04628141535459545,-0.30377984106678252,-0.25653813037237155,0.91755435578852163,-15.065457897141126,-10.088694204479058,-3.2326593504678902,,0.3126969979454169,0.1764705882352941,0,3
