axis_00,axis_01,axis_02,axis_10,axis_11,axis_12,axis_20,axis_21,axis_22,location_x,location_y,location_z,dbh,dbh_approximation,score,reconstructed,number_clusters
0.87732621655199161,0.35335329529604748,-0.32471550387068354,-0.32282986848128475,0.93521234915928009,0.1454604344704688,0.3550768730386763,-0.022788389223578492,0.93455930980846269,-0.42904400020769018,-9.4395757488917198,-1.5447809870744376,,0.07560392452504358,0.3333333333333333,0,5
0.39111300548827777,-0.78232403979048826,-0.48476769044957624,0.91971004213566976,0.35175782228312091,0.17435559313495216,0.034118255124358371,-0.51403845306409357,0.85708833467662049,4.6675687891807067,15.153561647818719,-2.0922219063862744,,0.08429998377466362,0.3333333333333333,0,1
0.86785834135980833,-0.29722621164181134,-0.39809355489037951,0.43492482425612705,0.8418340188775898,0.3196183378753219,0.24012974946470017,-0.45052420997485076,0.85986373318599563,12.116931334276616,12.100480866626869,0.5700195325495695,,0.4757749636475017,0.3541666666666667,0,3
-0.6659423219163314,0.68839059497694655,-0.28747036826075095,-0.7296260970712205,-0.68132285024074868,0.058693544895857597,-0.15545604637100682,0.24883239838716587,0.95598946393754125,16.46776536605892,-5.9613085441771174,3.3057760704754298,0.3875357523636091,0.3707500729392964,0.8705882352941177,1,5
-0.23639833635748789,-0.87423372121182208,-0.42406512148907294,0.951533211457669,-0.29665292802190102,0.081126985578711563,-0.19672410645487154,-0.38433376249317874,0.90199067896922835,12.711715412818922,13.77183856459888,0.64767440851769142,,0.2107487701927729,0.2727272727272727,0,1
-0.25707080918823072,0.94570305002601518,-0.19889781354957214,-0.96617166561388124,-0.2471092729589397,0.073819508143870824,0.020661839903721422,0.21114627249657156,0.97723607177723237,-0.11585817757551066,8.249046456867875,-2.9984948003529404,,0.07513281554763943,0.1290322580645161,0,3
-0.87296881334578325,0.35475629933780112,-0.33477368326348661,-0.40588478992186705,-0.90895322235906084,0.095192315200125777,-0.27052354469756384,0.21897946854266179,0.93747800193979847,-7.0293607358626167,-14.007142912135247,-3.1329959206412745,0.4387719745099042,0.2672101449834831,0.8493150684931506,1,5
-0.061585201897071354,0.97504504670190117,-0.21329420950739481,-0.98878481708915877,-0.030470019979345592,0.14620589378139923,0.13605825370500862,0.21990619542101536,0.96598624048906501,-3.5984295200850749,15.18789285025626,-4.823316846162248,,0.2939037226994364,0.425531914893617,0,4
0.93465146723647707,0.12141606867640849,-0.33419271844232029,-0.077811044242174554,0.98695359360361434,0.14095405445341525,0.34694679157854269,-0.10573902940768681,0.93190513544742193,3.0185391702709805,6.2249628584620167,-1.8514348469001558,,0.07737757678203404,0.3529411764705883,0,2
-0.63331880547518282,-0.56965277392699154,-0.52383490508820796,0.64970627981978679,-0.75913059957746598,0.040031022318836082,-0.42046288848627433,-0.31498642818769484,0.85087866906118748,-16.102090436189208,-7.5418653205376227,-6.6114909302233258,,0.2103204839612851,0.3684210526315789,0,2
0.91448950713936616,0.24186037645156122,-0.32436476324457175,-0.17755622589322995,0.96024553398000045,0.21541193355526039,0.3635694266279143,-0.13939896977443084,0.92107828073800335,8.2035453190259933,12.610953576175509,-0.6986236701137718,,0.3466349455015967,0.391304347826087,0,3
0.73841010247774463,0.59559738017111474,-0.31625034591619244,-0.56833002567953117,0.80206621007866008,0.1835504741512784,0.36297589791873308,0.044199042787826104,0.93074966674543036,-7.4347009737223955,17.568871637395354,-6.3139366570709186,,0.2811093341322207,0.2857142857142857,0,2
-0.70592082295141967,0.68912850188650943,-0.16363893061018775,-0.68624579630228244,-0.72263761449189401,-0.082834685844229775,-0.17533538941422433,0.053821798642561147,0.98303647704947494,4.771064160756965,19.038755774668171,-2.488326167813804,,0.1241204891221154,0.2222222222222222,0,1
-0.92335906992533712,0.2109418574176867,-0.32079831791297442,-0.22680161311506297,-0.97386150996213572,0.012441370610825757,-0.30978872845057298,0.08424542838306992,0.94706581161054026,8.1411948387294952,-6.6383087520874442,0.92002167020918646,,0.07215904317605401,0.3043478260869565,0,5
-0.40290736037708569,0.89957125136903926,-0.16863339723883344,-0.91443850733978482,-0.40337509752846612,0.033026458909303433,-0.03831286008844071,0.16751147544046557,0.98512538813472994,5.4365656900044383,12.042540705887461,-1.5575845804719097,,0.3932580686584514,0.4074074074074074,0,4
0.17419313891575239,0.94257358055417861,-0.28497683343730384,-0.96918255135061815,0.21530285846830771,0.11970739865556836,0.17418935820590395,0.25534236698333351,0.95103014837131417,7.308798558917653,-7.8758546667978289,0.83152139162352279,,0.1039298193296208,0.3829787234042553,0,5
0.22746921310810025,0.9414783794235343,-0.24874930787042851,-0.95179280895614604,0.26893821168043108,0.14752181912348217,0.20578679721340587,0.20320113035159831,0.95726751470865301,-11.454233911230983,13.592353095881826,-7.2230187867582458,,0.5721649496834421,0.2121212121212121,0,3
-0.66389791306679291,0.68616739692679851,-0.29734468957803351,-0.72609550619486796,-0.68661193728554504,0.036733682916486932,-0.17895495776640236,0.24028805832103126,0.95406329565659986,-6.4049412114315993,20.215982837260128,-6.2413631069091817,,0.3345319591272486,0.696969696969697,0,4
0.75370042422986105,0.62039946694831438,-0.21688746373632481,-0.56395061107956723,0.77996962830012562,0.27130626087937587,0.3374838941026832,-0.08216982621140502,0.93773809823515075,6.7870017676277676,-9.3681441233900067,0.66495383999117408,,0.08486150952876143,0.3,0,5
-0.80699439920790039,-0.4328492915413612,-0.40174809328635497,0.5079881927290556,-0.85572129888618387,-0.098432995892693859,-0.30117774767560129,-0.28351816422353765,0.91044462481820798,-2.4980414093233811,17.932849432835209,-4.7267313684502721,,0.2891513305288145,0.1764705882352941,0,3
0.26831807582637557,0.92144478298998145,-0.28097139015454392,-0.92885537210017954,0.32479631468900805,0.17814334589053876,0.25540772875046008,0.21318270536088182,0.94303765896678093,-13.749223076852156,-11.035381098414712,-5.506904302104461,,0.1560767288859913,0.2777777777777778,0,2
-0.22201123160316594,0.94048495615468009,-0.25729178045319495,-0.97492241234088794,-0.20994663728342466,0.073815306060509109,0.015404640777048801,0.26722735028456912,0.96351037373887094,16.446019282716215,-7.5435929108030519,3.4244962048978063,0.2069702662705414,0.2183911426174744,0.4242424242424243,1,5
0.44940159617942271,0.84979099188565976,-0.27548770473720735,-0.85629003447109697,0.49765249393902017,0.13823665267129043,0.25456940550049684,0.17377360382480811,0.95131338285386469,13.533972698230995,-5.5718834889193678,2.3743926195399347,0.9167481383387078,0.8798554913833363,0.904,1,6
-0.31703136397556209,-0.86527478316402717,-0.38831773572197426,0.92180960882363916,-0.377424912510608,0.088416517103824907,-0.22306537009631403,-0.32992421104975989,0.91727414420498576,-2.1163529924176028,5.5056040973958718,-3.381059032427185,,0.07030019651061985,0.2016129032258064,0,5
-0.70707325301491886,0.6689479263554915,-0.22925114328087728,-0.68521580779465807,-0.7282475361701779,-0.011611322507825747,-0.17471895037235013,0.14887645175364161,0.97329804813018639,10.137532123406121,-8.0875708234467023,1.6292164281915613,,0.1136858271002488,0.1875,0,5
0.84950079992282601,-0.31824983544492136,-0.42079143666400842,0.43467166029632665,0.87421818770099524,0.21634025984089073,0.29901327506603237,-0.36668733620356958,0.88098323412095469,3.7313197209782518,-16.621905653449723,0.15752319546507892,,0.3044881994699072,0.4,1,3
-0.38401134828202055,0.91163632776503534,-0.14647351395288549,-0.92287570886472969,-0.38392953644539379,0.029975607287413598,-0.028908655763434602,0.14668782138918909,0.9887603211486824,-5.2378575803448477,-3.6371945443203098,-3.4270913327894594,,0.4098802768869913,0.2527472527472527,0,3
-0.93636409642361962,-0.054759845047504981,-0.34673280534029483,0.059802491559603661,-0.99820279863151484,-0.0038515980417000899,-0.34589874375608992,-0.02434198378490407,0.93795603675938544,-13.295266365072827,17.926259118568275,-8.2796476820206433,,0.1482799612477181,0.2142857142857143,0,1
-0.66733319256878865,-0.58912258072839285,-0.45563252185491288,0.66467817163829601,-0.74709179689417393,-0.0075349293963579405,-0.33596032242442209,-0.3078773000553211,0.89013607379272386,-5.5920525777157986,12.255484446536205,-5.1434414584195283,,0.4355221072082213,0.7532467532467533,0,4
-0.59971522131611998,0.78512896807144439,-0.15464202797695645,-0.79043391221778481,-0.61133967551655966,-0.03844517597039606,-0.12472322854161748,0.099178145951494601,0.98722227062996271,-13.604229977707604,15.605177382993812,-8.1011586000153937,0.8932512852586056,0.7787160889322585,0.855072463768116,1,1
-0.32372273442984073,-0.87822827048683028,-0.35202087456708792,0.91912102848710941,-0.38019578802732673,0.10328454753291288,-0.22454426335594771,-0.29011423212933019,0.93027609133522482,-3.6012952351523659,16.716937595686638,-4.8957486570926365,,0.07719063337777385,0.5263157894736842,0,1
0.54831446517425952,0.82668816298676462,-0.12624550866559006,-0.78441899475355303,0.56075276290193388,0.2650342988514372,0.28989323543416956,-0.046292764827947551,0.95593874907030163,4.6746115396312051,13.984894491824903,-1.97835295123467,0.3348807762377322,0.1590197649360123,0.3333333333333333,1,5
0.79639569915394504,0.51590152135280865,-0.31559390145399668,-0.49723235479044897,0.85560162249633143,0.14389527070473662,0.3442584432060351,0.042325924059630725,0.9379203806474482,-8.945493061632261,-1.9188884066887923,-4.8261192946110256,0.396861508962948,0.2617448122958295,0.848159509202454,1,4
-0.48076732969399993,0.85381795619977552,-0.19964386384193908,-0.87438628095792459,-0.48387536799269176,0.036238928274813419,-0.065661300409529624,0.19198834839847781,0.97919817591116576,28.598411228687514,-8.5554621095139893,6.7519329788391804,,0.1996958611695187,0.25,0,4
-0.87321807108619032,0.42054755497617963,-0.2462315055635047,-0.41353262447757499,-0.90677242999681562,-0.082185939736427405,-0.25783903665116781,0.030058512957691731,0.96572020636288336,-1.6919560533447073,11.371160457700222,-3.8399850852591682,,0.3186144015592443,0.2826086956521739,0,3
0.57883946047288459,-0.70961232274191577,-0.40174025241725936,0.80636035307381171,0.57142837051106599,0.15248802695866556,0.12135839480702824,-0.41221349903647198,0.90296853279722344,14.055270319729638,-13.767063888813162,3.0925078506751196,0.2096567878774867,0.1781700464582569,0.5294117647058824,1,5
0.59974537570248276,0.74525272852350866,-0.29138266069166263,-0.73516566692242435,0.65696634454904035,0.16711272934273541,0.31596981897325926,0.11398944143269059,0.9418967463261928,-4.8175542152574478,-11.089559776614653,-2.7904107004304022,,0.1080773358650031,0.6,0,4
0.94187728425055239,0.09425819677496064,-0.32246329055186385,-0.017109301473653023,0.97204710811557649,0.23416167792196063,0.33552116656909547,-0.21503444362445095,0.91716178226048817,-20.143585818293602,-5.4072298414282871,-8.1863633301906837,,0.4199728011089308,0.6641221374045801,1,2
-0.90530804589757141,0.26698498493823863,-0.33035792687727106,-0.3092039592037536,-0.94748776109582267,0.081607929678117266,-0.29122200062125025,0.17602829429143924,0.94032110790038226,9.5275994051066615,0.81689877615015583,0.6414169897109645,0.4487801886828559,0.4021816776836823,0.8100000000000001,1,5
-0.84862579441710473,-0.35841982542939765,-0.38906232121486667,0.4153418456139536,-0.90693380341177099,-0.070443079937328221,-0.32760557432976445,-0.22137367722523402,0.91851417120251644,-15.690225303151363,14.387070053804395,-8.6835031541911274,,0.5061464655269393,0.125,0,3
0.63729867683205943,-0.66533595045587957,-0.38881675573344021,0.75749121185702739,0.63358654835403638,0.15740123793728814,0.14162436396142725,-0.39483687616000335,0.90777000432749,6.1899767018115606,15.47613433801058,-1.594528383086427,,0.127030626802172,0.6857142857142857,0,4
0.18462926506394484,0.97688327507686135,-0.10775482057454792,-0.96022762743630219,0.20266705084905437,0.19206501505531326,0.20946345263553373,0.068008333130964674,0.97544857816019692,-15.212416806236458,12.86777305717127,-8.362646191399449,,0.1969031934004806,0.1818181818181818,0,3
0.54188365547975981,0.77819009914770099,-0.31746223950634628,-0.78976463705884747,0.600673117723868,0.12435281940991935,0.28746116602977956,0.18333569001255695,0.94008196599680593,2.5840230415124159,3.2546996893635476,-1.6015921077344113,0.4044237496981256,0.3417386395696375,0.914074074074074,1,4
-0.016343651770396393,-0.92619574146582928,-0.37668864269761337,0.99285932033962909,-0.059557110039919717,0.10336015024380957,-0.11816621793701454,-0.37230954746588923,0.92055545504016567,8.8344287474341812,12.800713326778773,-0.59004657307516428,0.3490481598881958,0.2446336242133577,0.2894736842105263,1,4
0.46463980443964398,-0.7490100340360627,-0.47232808623200301,0.88523234186509647,0.40601059871256734,0.22697818099786818,0.021761274005159825,-0.52358319553473065,0.85169659169642875,-1.2298230813872182,14.123813530616653,-3.889947347139842,,0.3236866116196216,0.1904761904761905,0,4
-0.80997175029940816,-0.46564693953120773,-0.35653708281486418,0.47270251531033042,-0.87818794039473469,0.073063488587267689,-0.34712835628366695,-0.10935661411398384,0.93141990273631436,11.036157169681756,-7.6893958274745691,1.8063803220308536,0.4075016364254319,0.3709951741039877,0.8738738738738738,1,5
-0.61157718716252596,0.75121891465368662,-0.24828106333127439,-0.77351318725186835,-0.63366803446121767,-0.011923558592637912,-0.16628497613984092,0.1847565002066042,0.96861465110826084,17.732467260145881,-22.552308002704837,4.8710657637241628,,0.2159754125597944,0.1,0,3
-0.92638383298394988,0.24331296020717866,-0.28742268070071542,-0.21295341733577117,-0.96796133404275564,-0.13304772768892684,-0.31058627791804078,-0.06204562187124725,0.94851805716898618,-15.146802348515207,-7.6018478651347117,-6.2976543061325092,0.7649490141292981,0.2745271891429854,0.2666666666666667,1,2
-0.47711817284954622,-0.74267921878461973,-0.4698785237933058,0.83559933479647097,-0.54900145748035456,0.019265289308521123,-0.27227192441455472,-0.38343836228253469,0.88252083346835586,1.7457708718939817,-13.58355572043962,-0.58190443015591631,0.4579479233488641,0.5652522455800166,0.2452830188679245,1,5
-0.1087333252812219,0.96016086990337679,-0.2574260435147912,-0.99112833042234316,-0.084802555922583928,0.10233845388326185,0.076430992454026722,0.26626984511091051,0.96086350382200736,-5.2419126330014834,22.3256371070553,-6.0950071828004058,,0.1728543087930254,0.5172413793103449,0,1
-0.33496047147295677,-0.83483695016594128,-0.43686239159287082,0.91438051408162169,-0.39990529662851748,0.063119166631744925,-0.22739779686365252,-0.37831603239366679,0.89731110637028766,11.164204398064957,-16.009878599253536,2.3861206039053151,,0.1225061828903401,0.4,0,5
-0.11049273534440068,-0.92495400277425488,-0.36366392203241116,0.98046770639203362,-0.16134593057208094,0.11247474120963605,-0.16270965600866341,-0.34413308971924322,0.92471508282380133,-10.876417879279616,-7.9835941590678638,-4.985062353683233,0.2343294708689404,0.1936187062153332,0.7482517482517482,1,5
-0.8241147955691478,-0.3798809334491689,-0.4201491165357959,0.42952706294387277,-0.90266934890524797,-0.026354292739263034,-0.36924423614029817,-0.20218437859727048,0.90707230755238211,-6.4245671659895862,13.669587852898577,-5.5067309250810128,,0.1454451493970199,0.3333333333333333,0,5
0.73196737294870895,0.6308548428551245,-0.25738285138058853,-0.60114786790708374,0.77576904098303823,0.19184273758218051,0.3206945678513024,0.01430252769596938,0.94707467068450979,-15.94098239946776,-5.4882309635072293,-6.8683670714164018,,0.1125130117596205,0.375,0,3
0.78129698655389912,0.53303051384489664,-0.32473603143482987,-0.5219357922818334,0.84326416018265038,0.12840788483027757,0.3422835776617576,0.069166664381740225,0.93704745077363738,-9.4170008002492107,7.0959771354860885,-5.9756966050912768,,0.1070474811299631,0.6265356265356266,1,5
-0.72253900336952603,-0.57439059467653886,-0.38472436023327616,0.60620830387384583,-0.79392627512376701,0.04682480093386187,-0.33233850352339084,-0.1993903568762358,0.92184304773676096,0.12682202577449497,-6.8806498498516646,-1.5497332250683189,,0.8762438903284799,0.5153846153846153,0,1
-0.2927830840352631,-0.87941673217926564,-0.37537218445955789,0.93260579364227458,-0.34927277594390499,0.090856819498049329,-0.21100829217749351,-0.32347293418086637,0.92241029996675394,-13.828792772336135,11.451723737202277,-7.7104013232298936,,0.1097923326704434,0.1875,0,4
0.83690676587517887,0.43843018547330542,-0.32766757193562718,-0.39086787344940577,0.89779386097559277,0.20294947326779639,0.38315710973109446,-0.041775060267813871,0.92273803086365347,12.256411399386289,2.9737233985924378,1.30311191650591,,0.4280729746222187,0.5161290322580645,0,5
-0.90776312794493008,-0.14942572605637394,-0.3919669066849415,0.20284879539425343,-0.97425598443715022,-0.098375012048285373,-0.36717634693800261,-0.16881122350402378,0.91470448838318152,-3.696168555653319,-10.889588526631433,-2.4515713196226856,0.8923282908840168,0.6929710852764402,0.3152173913043478,1,4
-0.76762233784260081,-0.47545863456786869,-0.42976160049487666,0.54255907162738659,-0.83902336636064934,-0.040858836200662281,-0.34115333830975286,-0.26453521035148031,0.90201747335869809,-21.184382414969846,13.219906939403504,-10.376487399728166,,0.08997247031619555,0.1333333333333333,0,2
-0.59682969467163038,0.75137711342947411,-0.28147246574498158,-0.79282204539261492,-0.60620305855333512,0.062857427087444212,-0.12339983751058914,0.26067275503008264,0.95750832627574944,-15.639210489639472,-2.3611314485546426,-6.9486177405238676,,0.3583498702751922,0.24,0,1
0.004502419372805831,0.96795448155430197,-0.25108534377524344,-0.98990951260637372,0.03987603456867906,0.13597447818796038,0.14162939338711433,0.24793955615435462,0.95836688769112754,-9.3874863715866663,14.166440201562722,-6.5952792623096519,,0.1943315967378106,0.4523809523809524,1,5
0.86388264450270746,0.45023428312263553,-0.22582264463081256,-0.35783974077672553,0.8641144170930638,0.35391664851029564,0.35448201145876757,-0.224934133632405,0.90760516695267046,-5.0176750317412875,16.995241143110601,-5.4477793280411833,,0.6886443186462277,0.3870967741935484,0,1
-0.52201638211174795,0.78893223422542846,-0.32416789879171481,-0.84809138212273749,-0.52055085390541889,0.098832262280516253,-0.09077391903023127,0.32651606131768357,0.94082270238631049,3.7537692598753294,-3.6752028431172685,-0.69533467269479188,,0.09198786092233908,0.4086021505376344,0,5
-0.87104051794020187,0.40589090322745891,-0.27666042504062904,-0.41021804445411436,-0.91088485336465541,-0.044832353441376281,-0.27020283512706955,0.074440302175956485,0.95992138704231678,10.992167478089927,-12.994024357417175,2.1709432578110768,,0.4450825706332355,0.3636363636363636,0,4
-0.9395635243828615,0.057179569281643486,-0.33756611279277221,-0.074585808425100722,-0.99645909436339397,0.038810184772307486,-0.33415167339223523,0.061642275406186921,0.94050140300369467,-7.6032006661165887,-7.7362991322288766,-3.8751333339682028,0.212701796180836,0.1702278162169595,0.3023255813953488,1,5
-0.93096167736698576,0.12477226208502956,-0.34313588837111203,-0.12555970304296238,-0.99188411810408661,-0.020016423872446447,-0.34284853251226083,0.024449516704078657,0.93907247051924891,12.013236618636412,-22.386128783786166,2.9669399921397686,0.1922443884227514,0.2348450336641609,0.5,1,5
-0.86330283727584045,-0.34245364336900502,-0.3707205326047891,0.35449175161617091,-0.93430468298517599,0.037554725242898546,-0.35922668217656561,-0.098996270107842524,0.92798487558642473,0.80739555563359289,1.8493759917840942,-2.1101617942822903,0.1449044187641634,0.1113151368109963,0.3152709359605911,1,5
0.50622147396077011,-0.64924702757203701,-0.56764259573243603,0.85487377861989067,0.46456236613786911,0.23102517307975967,0.11371298047775313,-0.60221267435786929,0.79019570545125539,-1.657590820206581,-10.075282700714265,-1.8701615975830006,0.4850147824323432,0.2015423768429312,0.1379310344827586,1,3
-0.14339674976265793,-0.86412890359636774,-0.48240917292983243,0.97566420372357032,-0.2051387873660126,0.077443137142384211,-0.16588168593897853,-0.45956426741788936,0.87251587400041097,-17.257486922127875,-4.8364953779734599,-7.2912111732367313,,0.7261660071072158,0.8125,0,1
0.66937513819901029,0.69417045718000558,-0.26469662018914653,-0.66551239833966636,0.71863168670679922,0.20164757999322983,0.33019717142525762,0.041181005809018456,0.9430132304179597,-9.708787459535472,11.732400033274949,-6.441395297986837,,0.3381757165229536,0.9197080291970803,0,2
-0.9134477434279602,0.25989314873307573,-0.31315933846521971,-0.28013872457736966,-0.95973766543734973,0.020637551527012361,-0.29518725416001862,0.10657938253936726,0.94947633998904635,1.270232604312117,-11.924167039456576,-0.84997121271527476,,0.0922812550073786,0.1666666666666667,0,5
0.40720152329424336,0.86980596545059941,-0.27861174040840037,-0.88616818268221764,0.45010838256456093,0.11003815677668753,0.22111732503027365,0.20208915461168403,0.95407919071730662,0.80308709948071932,-16.395037494161681,-0.79804012871646901,,0.1412767319096389,0.4545454545454545,0,5
0.25739027798397551,0.93428560695452112,-0.24669951243760876,-0.9383369281989119,0.30263840218296928,0.16713409796438941,0.23081172842289152,0.18846857075321985,0.95457086895666177,-9.5695831105519122,17.32303653476173,-6.974634116398378,,0.635697733956565,0.7058823529411765,0,4
0.66364336919780831,0.6973630590604748,-0.27066998795137703,-0.67669062930100243,0.71388974998976751,0.18014221347524698,0.31885305508336531,0.063609658994248267,0.94566724620589471,-8.8092249876326996,-5.4004990742032479,-4.4274727054636607,0.5056597607666734,0.3091649087386872,0.7581120943952803,1,5
0.79819431138574037,0.53172280424107865,-0.28311958731505488,-0.49535581215625829,0.84679517739788279,0.19380543567893679,0.34279507090163552,-0.014449463162768759,0.93929907504471144,3.0210855501114033,-8.1671115070863269,-0.56053008866455267,,0.3027551287294309,0.5508474576271186,1,5
-0.15628123562342758,-0.92072328118818125,-0.35755393281305631,0.97265150180876936,-0.20643668349407307,0.10645633723322322,-0.17182907618083881,-0.33113824180549867,0.92780506217243863,4.806745739520113,1.1650143784371876,-0.71447761192799231,,0.09054398647400416,0.2096774193548387,0,5
0.82788662011000658,0.46785082080587609,-0.3093854452201919,-0.44239922253280073,0.88374438500408825,0.15257388333564378,0.34479946656745575,0.010558003836572684,0.93861699132808363,-12.834834909592823,-7.3589838870945021,-5.6338568616968825,,0.1560679496071918,0.2826086956521739,0,4
0.90019468164626926,-0.27371706139548724,-0.33871596572466006,0.33350237819751755,0.93346153667314813,0.13200652744619884,0.2800458870834745,-0.23179415405230366,0.93158240176315343,7.534798046681944,-16.825511463822146,1.1957308341682489,0.1843661770318026,0.134793387418525,0.2272727272727273,1,5
0.94230172296404602,0.048212861410428041,-0.33127478457258069,0.016162922363552362,0.98186839922018754,0.18887351999011764,0.33437437527367547,-0.18333021193302115,0.92443702357323054,-18.628649870071097,12.192214122182149,-9.394392761763509,,0.1368346958376516,0.2790697674418605,0,2
-0.88713248461181748,-0.28074979228708902,-0.36629975276707377,0.29401489324714397,-0.95558442347913342,0.020338440277530616,-0.35574035095183354,-0.089654691649731555,0.93027460406584117,6.0296499710788138,-13.820552439141849,0.72526274898934684,0.1650149899376485,0.1023944588293375,0.15,1,5
0.022923861645961194,0.96907169119370684,-0.24571233972717935,-0.98689436641070027,0.061203776597861984,0.14931043927663326,0.15973104305068261,0.2390693519820703,0.95777441959409926,18.490476184822693,-3.7454129113424055,3.8388910129816001,,0.6897709984259284,0.425,0,2
-0.47104299943205696,0.82530253348391558,-0.31143895214163669,-0.87945848227614754,-0.46673859160490161,0.093315942149278894,-0.068346694423255486,0.31785344945698235,0.94567325965669091,-14.837041419605027,13.715389329190373,-8.3509852009154528,,0.08163729413209608,0.3157894736842105,0,3
0.77576184970952133,0.55669535751167254,-0.2971259521822554,-0.53426292586524682,0.83000113484850158,0.16019126754010349,0.33579261245769959,0.034473106549165626,0.9413049061508616,-2.8164530759886648,10.462961050679489,-4.1526696628583259,,0.1701701864243096,0.4840182648401826,1,5
0.38662084504477273,0.88196831779483031,-0.26954815633393364,-0.88908446613852932,0.43411023922844133,0.14517958626539632,0.24505741010635035,0.18352162434760233,0.95198039851080185,-15.345107293677749,-10.643196324934829,-6.0321060379566287,,0.1236520112481686,0.7272727272727273,0,4
-0.94124070162517981,0.040166025221426302,-0.33533957717819513,-0.049014745699995914,-0.99863652873835884,0.017962131648721662,-0.33416088386898873,0.033343273494260119,0.94192607449023469,-2.6656710887967305,7.6227496034253797,-3.7472362627909002,,0.0690146041938913,0.224,0,5
0.7786810938405262,-0.45939764907158537,-0.42732839143078494,0.59432769683895836,0.75835200529947411,0.26772527865027279,0.20107297895396398,-0.4624457115011093,0.86354711570869824,6.4778491277584136,5.6221174577659339,-0.6902124508620413,0.6015721983185598,0.2905496512320862,0.1515151515151515,1,3
-0.67651392933582932,0.6818447213765314,-0.27823852958488454,-0.71770020354078246,-0.69510766890449949,0.041614257985388599,-0.16503127355782618,0.2278444745020497,0.95961011571719534,-1.4349621014421789,-12.331103277028959,-1.6667450984522134,,0.07170016185150925,0.25,0,5
0.77457749706184409,-0.50294792333516991,-0.38350109186057052,0.59646791610528549,0.78255334792462616,0.17842724766407836,0.21037044968918076,-0.36695182798945158,0.90614051329403245,5.9989611523676345,14.655092793614275,-1.5929767194628373,,0.1153382551438651,0.45,0,4
0.69472571690489615,-0.57962357722979474,-0.42590220355184127,0.69601860890449885,0.69109212189703173,0.19480702017767462,0.18142291566840291,-0.431773305996555,0.88354826574397216,-8.3642795620884414,15.751031208536817,-6.439551209713211,,0.09886161386261401,0.1063829787234043,0,3
0.66353551995065996,0.71308606425535892,-0.22633797456151333,-0.6705567873731979,0.70101472804617393,0.2427590286067314,0.33177433395538952,-0.0093067731867595843,0.94331287243486017,2.4225235375128906,-11.487593120363183,-0.45837276813124495,0.5330616433077682,0.2713415562465441,0.2608695652173913,1,2
-0.94866839559881688,0.021769724740030961,-0.31552235146929064,-0.019143779627521309,-0.99975152053690453,-0.011419846133875391,-0.31569255755171088,-0.0047933567457233853,0.94884942579819742,0.97615202628233366,-8.7513237892129006,-1.1760299672821641,,0.1841225625061715,0.3076923076923077,0,5
-0.3084415541991255,0.9466507765036869,-0.093360135969233857,-0.95124308302691074,-0.30688672551145246,0.030937593609005026,0.00063611059221797242,0.09835062302712809,0.99515162177101923,-5.4112151591027766,14.664843615907767,-5.388210247132629,,0.381684350070475,0.1730769230769231,0,5
0.30894153453213474,0.90304818118464369,-0.29842773111766602,-0.92604263771099582,0.35714074794173234,0.12204720111859534,0.2167952060867413,0.2386513536913803,0.94659673039741687,-8.5616422283390357,-12.920962516174923,-3.6777807412582182,,0.08154011154665627,0.3333333333333333,0,5
-0.7762676441869949,-0.51539057513322473,-0.36301666580505026,0.53594178557437988,-0.84274698444668572,0.050437314374997433,-0.33192611687500184,-0.15540294485581857,0.93041656136723017,-6.6176658718620427,-20.186159739606762,-2.5861232595634149,0.7447721370188267,0.5503112656740933,0.9479166666666666,1,6
-0.70884243223170795,0.66245521695664544,-0.24227152493588688,-0.68777231341093448,-0.72534949312096186,0.028937134179722247,-0.15656197230875663,0.18713951575251958,0.96977685601931363,8.4498417630563925,-9.0457791292562622,1.1453212516852864,0.9104168564132673,0.524772216805802,0.32,1,4
0.94469166399428417,0.065845823467508696,-0.32128178832855619,-0.003629970356343896,0.98167689625421606,0.19051848906576213,0.32793975558770183,-0.17881498508954599,0.92762099901441597,-11.267777489664393,-10.752844143274654,-4.7264858130069056,,0.160494528888381,0.6060606060606061,1,5
0.81294841481959579,-0.45321958700175963,-0.36565951484989584,0.53158523983235739,0.83393675821463653,0.14821138988228741,0.23776460551285161,-0.31486741536147994,0.9188724085034331,12.501881298998647,-15.765228509406061,2.7703338857576445,,0.1285553086628696,0.4736842105263158,1,5
-0.89261148055729522,-0.23248819184871281,-0.38625637267005691,0.28213416178914236,-0.95632996463621356,-0.076376131680242043,-0.35163199446132892,-0.17715032991732077,0.91922396676834583,-2.0705344335921549,-13.981496325968392,-1.7628470910111802,,0.1803823493799939,0.1176470588235294,0,5
0.73865278079010432,-0.56976493543787843,-0.3602221367108307,0.64670773147360039,0.74973269924308616,0.14024974059850046,0.19016093048603919,-0.33655430175700762,0.922263532015409,10.02512347714932,1.7688851696418852,0.7789702387227504,,0.07337887542457311,0.2222222222222222,0,5
0.41614072339719638,0.87690828675750421,-0.24053846874559962,-0.87448445232422278,0.45844927454502077,0.15843359906392895,0.24920642241656554,0.1444164785790181,0.95762207563379276,-10.018485214870651,-12.596273496075131,-4.1500694675911287,,0.07488762979824855,0.36,0,2
0.94029712761740347,0.035209983309625409,-0.33852853479403344,0.078607216362543642,0.94527742732213793,0.31665673991085658,0.33115286097237856,-0.32436220875831928,0.88607389093643429,-4.6625972765671646,-13.071945317761266,-2.629902052347302,,0.7885921837841111,0.3043478260869565,0,1
-0.92810664266598353,0.22203189141014362,-0.29886434888777047,-0.20280417983771551,-0.97466795591476174,-0.094301857634367853,-0.31223152384028813,-0.026911241327281413,0.94962479991341697,-13.926837154728627,-1.1453343860267968,-6.5277020191950399,,0.1467789993479843,0.2783505154639175,0,1
0.80598060924130133,-0.42709125360193256,-0.40986378057075157,0.54371354846401199,0.80789376970974569,0.22733946881447648,0.23403169602362039,-0.40607969410068429,0.88336201372676282,4.0288529707779528,-10.072359279714391,-0.14876705993443268,,0.1073098651345398,0.3636363636363636,0,3
0.22612312472320115,0.96354335872683483,-0.14301233624700485,-0.96579350979577028,0.24089654443426334,0.095977868886528109,0.12693001576374349,0.11641757055119223,0.98505620162769136,-16.071698648273156,10.523485258597889,-8.3675171393940886,,0.2129048548496713,0.1320754716981132,0,2
-0.14697905699241684,-0.86421301282419039,-0.4811787872204627,0.97325428698753291,-0.21318604139549699,0.085602597007956568,-0.17655947911683792,-0.4557275284854459,0.87243290292981157,-1.0257449539391967,-10.909054299790213,-1.5838368261082003,0.7395003742614267,0.3170291632648393,0.3181818181818182,1,5
-0.9405682637331183,-0.0010620404962283568,-0.33960302314327401,-0.0078832737194903229,-0.99965737174673286,0.024959829884806436,-0.33951317390276675,0.026153607445231278,0.940237626115904,-0.64880265317335328,4.2342102201366423,-2.7366672070251004,0.4999492266916188,0.5586768045185909,0.3234567901234568,1,1
0.37977035880056503,0.90061450630671935,-0.21134802011467682,-0.89358724149339364,0.41624458805107978,0.16805441011295852,0.2393247091645942,0.12503581066274888,0.96285498889250776,-6.0415938839530554,18.707079476141512,-5.8495334907761016,,0.1593747272808748,0.1363636363636364,0,3
-0.85196933975144284,-0.37824587763969991,-0.36204737282856186,0.38469547404954424,-0.92126815663152251,0.057222161987763413,-0.35518676266055743,-0.090526458150810757,0.93040170034527703,6.1414989122367354,3.6196105686144033,-0.65409225081326428,0.389449554907481,0.2316260646389562,0.6336633663366337,1,2
0.72515136109184575,-0.5896878623024937,-0.35556114602098571,0.66457100762998356,0.73452640486870513,0.13717265167780909,0.18028000256353971,-0.33576656415397954,0.92453227908598179,-0.31114949860434532,11.506238246963992,-3.330914690707008,,0.1770543293958857,0.7142857142857143,0,5
0.085857482246565364,0.96550684152641886,-0.2458150355612119,-0.98498702728386733,0.11934529927280059,0.12472872814222177,0.14976330934101084,0.23141572657700868,0.96125840057086842,10.965970497595217,13.278328178302681,0.12717607135980552,,0.08084401655122334,0.2307692307692308,0,4
-0.15867108152350989,0.96371684887363462,-0.21464697315646714,-0.98551270579343264,-0.14140098379312002,0.09365077950581556,0.059901540947364246,0.22639698977550757,0.97219144637911803,6.5532299118022364,0.37803142919776156,-0.17914248882462108,,0.4550796722712034,0.4387755102040816,0,2
0.93591211665138074,0.16146316967819146,-0.31304656960683352,-0.069762179015238637,0.95611175705542006,0.28457608191737804,0.34525606190794161,-0.24449939234663146,0.90610060084846533,5.7090554485587983,-3.61928884062909,-0.12384940223557002,0.3358730783148786,0.2752383438026847,0.3714285714285714,1,5
-0.257059753925099,-0.75978777217557592,-0.59719580052478793,0.94474592351736775,-0.32764513079966889,0.010188633891922426,-0.20340949562221353,-0.56157921036639402,0.80203077719933769,-3.2252953763754464,-8.3481228888272554,-2.4749043334606671,,0.1078716432725468,0.3333333333333333,0,1
-0.45241130709731436,0.8702865582030016,-0.194744231805905,-0.89152464118904218,-0.44686982227681049,0.074102470208766882,-0.022534936504210529,0.20714407679068325,0.9780508719321741,-16.55102139812767,-13.428662290469198,-6.2211619864168251,,0.1915876210340456,0.1875,0,2
0.36413234544565626,-0.85691880764100292,-0.3648257010016781,0.9310402110863355,0.34497936836270338,0.11896789795731126,0.023911510628903707,-0.38298745738625822,0.923444014082203,-13.617708355530906,-10.104305684317065,-5.5734417853644107,0.1222260175740668,0.1526324102241426,0.6623376623376623,1,4
0.93393970731812248,0.20164013399897338,-0.2951234986499997,-0.082800043508165236,0.92527218877866246,0.37015608797882915,0.34770788873648861,-0.32126722994046686,0.88084424904564929,-16.028897439192679,-4.2156730356435164,-6.9561399058056024,,0.6287907416695468,0.3292682926829268,0,1
-0.88117125176400735,-0.29755350440537121,-0.36742228713121722,0.3083400238271361,-0.95078685604709379,0.030508754061163792,-0.35841826790906356,-0.086407559762824312,0.92955369874198279,-1.0766923890738784,15.761255826814381,-4.0321527259052399,,0.08519207223800214,0.5,0,3
0.94090729945367624,0.028463296164406567,-0.3374659902956838,0.021277615700035692,0.98952485305876303,0.14278595256240997,0.3379951433155674,-0.14152881667876152,0.93044552615647413,-6.7889773568726008,7.8151664867082902,-5.0590540549260634,,0.08178104402470122,0.3497267759562842,0,2
-0.0099271509155310998,0.98788825890841725,-0.15484908648614762,-0.99549105340159605,0.0048454051269070765,0.094731645433484959,0.09433458682837198,0.15509129556506504,0.98338582243586781,5.2828207709429167,-17.461143610253014,0.63717708205394108,,0.1392586241100014,0.625,0,5
-0.215573971987256,-0.83681282995057038,-0.50326151276622988,0.95796965099534581,-0.28112845218724986,0.057104650797076675,-0.1892670345662251,-0.46979897935278409,0.86224527173281074,11.437860234822413,1.9027180459036634,1.1559156998858773,,0.1014754030702698,0.3333333333333333,0,5
0.92109825124344702,0.22365226271371824,-0.31868115246951106,-0.16614773202852715,0.96606591841538647,0.19776645928471071,0.35209791635003845,-0.12921418907870896,0.92700094425124024,0.45654442054384564,14.552707122033192,-3.385015493877515,,0.08399995147919329,0.3,0,4
-0.92590820896073855,0.28057874725555143,-0.25292203377250932,-0.24225558023249469,-0.95478515366818839,-0.1723297541953554,-0.28983826942854596,-0.098289760012523847,0.95201517879251585,-2.8024010244339559,-18.260463422136457,-1.6562691883533198,0.6654644659566498,0.3438942487804072,0.3846153846153846,1,4
0.44840594514846827,-0.79977835696852273,-0.39910736410174097,0.89226778498175874,0.42690994179307112,0.1469901407645558,0.052823368306611884,-0.42202189673400564,0.90504541899165314,4.8893411332640735,16.94622664701199,-2.212052727336423,,0.1061616245807289,0.3125,0,4
-0.82746081281541006,0.49041415220592049,-0.27350057142720613,-0.50755481598732388,-0.8615692578294708,-0.0093017595780571765,-0.24020139887797051,0.13111969066209109,0.96182686316079913,-18.53819186791954,15.922191461461185,-9.730263081804928,,0.251627570093891,0.3684210526315789,0,1
-0.91893653936598974,-0.18850641028276882,-0.34644042763563715,0.17630060742284376,-0.98207192938372434,0.066729463798729877,-0.35280835086544532,0.00024248470896040639,0.93569557483231203,17.135381087841115,-9.3034061152407741,3.7857519912428694,0.3136140128022384,0.2729193753725933,0.5925925925925926,1,5
-0.84402763383987889,0.4428898953337802,-0.30243328838917177,-0.4750622294510482,-0.87911370303460745,0.038405406986252152,-0.24886388139634577,0.17608985702763585,0.9523965197271208,11.833267732552262,-17.790154875305124,2.6329964417812621,0.1709028872471698,0.1570176036961707,0.5,1,5
0.88344171074828781,-0.21578161737436449,-0.41589546440595027,0.37899950044358044,0.85099886162415528,0.36353860342184802,0.27548161893972922,-0.47878933897664705,0.83358901534788143,20.2923132788498,-3.3395442098729671,4.2287014027398424,,0.4280473879376739,0.3076923076923077,0,1
0.92797676318971001,0.10425453766174129,-0.35775706611733887,0.043261642371328082,0.92343268199142603,0.38131419083146972,0.37011830173511395,-0.36932786681627444,0.85241384873408532,-2.5315235136525747,-20.474288765325849,-1.356168271862233,,0.3446560047172408,0.2272727272727273,0,5
-0.91020214111605779,0.27123170374330269,-0.31299428939239426,-0.29411179468034748,-0.95537854214783213,0.027387833674634335,-0.2915995791108929,0.11698377702907974,0.94936003780144529,-4.4824923004930879,4.5025100824537594,-4.0479697001313202,,0.1055154300867373,0.3520710059171598,0,5
0.44621277812161858,-0.75111498165478419,-0.48653924916158636,0.89345880780416198,0.40502134819421498,0.19413672054535697,0.051239783353881005,-0.52132906291580727,0.85181599700943256,1.7414956572061471,10.672819099505274,-2.5776848835126942,,0.1270082831393346,0.3225806451612903,0,5
-0.87551468494586659,-0.28398002543354967,-0.39093398624179493,0.32899966367343103,-0.9429043689289387,-0.051870727366110203,-0.3538831131135094,-0.17403073351991707,0.91895595435451138,-13.80888745341923,-8.4319542932729146,-5.8210649510948898,,0.1069802736852319,0.25,0,2
-0.82828542474780664,-0.42773902130296509,-0.36191516244159466,0.44037010059891452,-0.89633687430695663,0.051520697356854647,-0.34643531813146089,-0.11670277379915193,0.93078624449372716,-3.89190940851321,19.43030698066929,-5.2404815894541263,,0.1346400669002977,0.5294117647058824,0,5
-0.84616323360257173,0.44257705702141031,-0.29687258327017751,-0.47100553434820053,-0.88168337538077846,0.028075116928082903,-0.24932221865009821,0.1635847614401375,0.95450429915845203,-18.919954981232888,10.710922001740338,-9.3755443770239886,,0.07581773538856822,0.1515151515151515,0,2
-0.92709844485885273,0.21438868219623711,-0.30745075457129195,-0.21895804404251598,-0.97552942666597864,-0.019992815155026128,-0.3042134916294339,0.048783508021750459,0.95135394089461789,13.496931526297086,-0.89981727926290433,2.0568475260630947,0.1996796945300882,0.143981011095887,0.3255813953488372,1,7
-0.57693546245775074,-0.72329925055867805,-0.37945179707034793,0.75413168131122965,-0.65015045421629036,0.092681142229962085,-0.31373695893432813,-0.23268558404767314,0.92055773288535991,2.2457515294371642,13.111018195532353,-2.6304502224024247,,0.145959048261804,0.425,1,6
-0.30870945993937216,-0.85902192925872334,-0.40838681956762768,0.92197499935926641,-0.37578939651398025,0.093511657156419542,-0.23379600060827038,-0.34765450453040236,0.90800648432668063,23.433880499952298,-3.0654656072313573,5.0672106566910653,0.1434339261665704,0.1448558581489854,0.5,1,5
-0.91504921940918216,-0.15349984098521643,-0.37299158821099304,0.17554773563245268,-0.98413651842639516,-0.025657467020182484,-0.36313622591661715,-0.088955673889226927,0.92747990248303946,18.958031383893648,-7.7657105184003443,4.0589113617520809,,0.2784398375022951,0.3333333333333333,0,4
