axis_00,axis_01,axis_02,axis_10,axis_11,axis_12,axis_20,axis_21,axis_22,location_x,location_y,location_z,dbh,dbh_approximation,score,reconstructed,number_clusters
0.014188761045244899,-0.95124012994153129,-0.30812480304061696,0.99937174876988866,0.0034820227820935622,0.035270147121307313,-0.03247748174681378,-0.3084316629436139,0.95069191774897366,-15.809532406792895,16.943354774771546,-4.2629270649994488,,0.3688551240383814,0.25,0,1
-0.097560584156147365,-0.92249666673016484,-0.37347266605582546,0.99257911612813021,-0.11755901188725161,0.031089820687688233,-0.072585333542051239,-0.36766802770410684,0.9271200519667131,9.9995479500905482,-2.8581823622869811,0.63712182905716508,,0.2152562456786642,0.2352941176470588,0,5
0.88550519553965845,-0.38883297753531049,-0.25434123584919449,0.44448545027015424,0.86835742687227357,0.21997287035882945,0.13532639495090806,-0.30783809831921183,0.94176561418051452,2.1317273229662677,-20.42805163033573,-0.1413478602702487,0.2096110565068249,0.2225227578662972,0.4117647058823529,1,4
-0.97878428142720264,0.14160485942975251,-0.14808576642241855,-0.12672215435189851,-0.98630547674919844,-0.10556041933864604,-0.16100567079282857,-0.084555131839629941,0.98332477018131426,8.3854911611295755,5.2116896390218681,0.43296365158009292,0.2199430085239965,0.1700150525359526,0.1428571428571428,1,5
-0.11655441767149408,-0.96690023282927151,-0.22697798896800572,0.9918968201349726,-0.12495558450813959,0.022952126401709336,-0.050554583643718821,-0.22246357377092185,0.97362939171826601,4.3467160921302312,4.703780049376709,-0.4370642087191306,,0.1650549316755941,0.532258064516129,0,5
-0.98789952739214548,0.023927998802829205,-0.15323829368558323,-0.017585360617880269,-0.9989368653896914,-0.04261330845356736,-0.15409503194560281,-0.03940291662696524,0.98727003970087823,-0.079861643672002949,14.31240263123823,-1.2913913768379279,0.6486694756211876,0.3581881691161421,0.3513513513513514,1,6
-0.29694167796361132,0.95488532899662215,0.0044326465195451917,-0.95463694944522148,-0.29675000180821692,-0.024652204379012721,-0.022224640426255309,-0.011551835085193514,0.99968626101596869,15.777972370274268,-0.53622011312553819,1.6765128850318827,,0.149232286893275,0.2,0,5
0.9829567548449295,0.12333078000772979,-0.13632878202129789,-0.087338631410301626,0.96583013985967581,0.24401660681604292,0.1617652050599914,-0.22795100272059507,0.96014080154453108,-13.056402690691812,13.198576080090891,-3.655458322619495,,0.6099307140152781,0.5576923076923077,0,1
-0.17288814052075069,0.97884907130800647,0.1093809236874938,-0.98492100791423054,-0.17253092638837933,-0.012794045833238439,0.0063481522108823803,-0.10994350839872193,0.99391756495420003,-19.143351397810186,16.062998709543816,-4.75449129394773,,0.668931490315935,0.2926829268292683,0,1
-0.30535769003930907,-0.86253158875969904,-0.4034797882490847,0.94867336213735054,-0.31218308128204603,-0.050602131696819125,-0.082313626483541832,-0.39822227731873111,0.91358824682797379,-3.5649884950688375,16.550295935105318,-1.989423590160085,,0.3137597032558519,0.1904761904761905,0,1
-0.86096083099639786,0.50404297652996577,-0.068462583217437312,-0.48665970324356417,-0.85537416311189995,-0.17747499632202507,-0.14801615022989245,-0.11948103988260743,0.98174105566574554,-15.800881636919884,-9.4107750931051335,-3.911847069695324,,0.3840260830180704,0.25,0,2
-0.08791722021334554,0.99189269002678826,-0.091757582037560126,-0.99596685554608566,-0.085873585135076203,0.025995192434201186,0.017904888818432673,0.093672935512186695,0.9954420104199585,-5.9421175643252111,12.931795278585136,-2.3990021443208471,,0.06286427792302746,0.1818181818181818,0,2
0.082492743874001281,0.99053288000582995,0.10972493260646994,-0.99550560090788143,0.076763169325771499,0.055461828279466281,0.046513930915119177,-0.11380698336402267,0.99241343439536545,-7.62799512358034,1.2915918374356978,-2.4834886763346309,,0.1057444619735852,0.2446808510638298,0,4
0.65236765130570584,0.7503888366221998,-0.10645675837005124,-0.74644052225899649,0.66046802218783207,0.081292917262275138,0.13131258225925896,0.026430768813561302,0.99098860750279594,-17.665028588386136,14.08144021863346,-4.470778931945115,,0.07987336617689,0.375,0,1
0.96287703751854292,-0.20155254550175161,-0.17956720753321925,0.22599039868443552,0.96570031853635085,0.12787194563796947,0.14763519337191852,-0.16370542501870319,0.97539960195679876,1.4953793805508875,5.7253652954104712,-0.96456140694268555,,0.07304580192518287,0.2388059701492537,0,5
-0.20315460576658098,-0.91967812989858599,-0.33603622355642554,0.96866230228551831,-0.23886094810456668,0.068108674935768609,-0.14290398975096433,-0.31166903095563797,0.93938323641441934,-19.331744642338087,-21.779289947961139,-3.811288775211918,,0.4531801385492671,0.8857142857142857,0,2
-0.24476744573681905,0.96785735403752993,-0.057801727854342393,-0.96958083562494612,-0.24424709728217556,0.016011204141633935,0.0013786574291591524,0.059962469134497418,0.99819968022384664,-8.6065194834902687,-11.645986099954255,-2.5218084113895971,0.4701880475435486,0.3717965346337388,0.648936170212766,1,5
-0.18877265928722536,0.98023439935519363,-0.059206464396985084,-0.98201755252604217,-0.18827319896857811,0.013954536212271603,0.0025317259706767303,0.060776022170757928,0.9981482181984338,-12.575281600044312,7.1033178092832641,-3.4643243938668324,0.2740941874180166,0.2681490119568577,0.5302013422818792,1,5
-0.80307045626969487,-0.55197168868255408,-0.22451079519638578,0.57676197250009265,-0.81469972452335293,-0.0600831585336127,-0.14974468052183462,-0.17774029862274451,0.97261755942452055,6.7883028539590651,2.5374925275803819,-0.0045110560677330885,,0.4313590200994635,0.4901960784313725,0,1
-0.93486119682890312,-0.31193555134207129,-0.16950148811308349,0.32277025173783408,-0.94563465586105255,-0.039930717845351037,-0.14783067089317764,-0.092039716663339488,0.98472066257381141,9.8589120947637774,-6.9564275736130909,0.67320162823521368,0.2325960163881612,0.2424446470993158,0.4375,1,7
0.4155133451848661,0.90023082798962195,-0.1301273080886583,-0.9043376969270468,0.42421364669009914,0.047075597485012964,0.097580684000295181,0.098118491116639575,0.99037910509613791,-1.5603895398098582,12.613033232167735,-1.4875018423057726,0.3460919912417505,0.3370962303629841,0.9124423963133641,1,5
-0.46365282791678658,-0.86977439568571724,-0.1688743786792769,0.87980906725712282,-0.47448702907443041,0.028250033845508782,-0.10469985834239887,-0.13547900150822564,0.98523265263257265,-6.2748991359649535,6.3409191702520582,-2.3518022055776844,0.4093378187520647,0.3763562349670312,0.937799043062201,1,5
0.13890394944341902,0.98641663925464318,0.087680708428905269,-0.9886740811102015,0.13304983592862935,0.069435599660858757,0.056826526991523296,-0.096332522861904885,0.99372571209018312,6.4105490477122471,0.97361465834596916,-0.00041229814411594782,,0.2497920717457618,0.225,0,1
0.021986022025636074,-0.98265555060308851,-0.18413224515122226,0.99926172276532621,0.015795111996798721,0.035021762563888385,-0.031505939940922795,-0.18476629374956391,0.98227735006081129,-19.223289946339822,-7.9646767048291487,-4.338076673203636,0.2204499534839384,0.2049748205266575,0.775,1,3
-0.97670827903142654,-0.12000758841390011,-0.17787387777453131,0.14002050609474767,-0.98461250793342525,-0.1045584386552396,-0.16258903882008674,-0.12702908306419725,0.97848271140139698,-10.833492668576053,-6.6569899505904759,-3.1321872138667102,,0.4616882843038308,0.3529411764705883,0,1
0.613326452310473,0.78509857778694947,-0.0863185151236876,-0.77931699068664317,0.61930977602679715,0.095500938973146293,0.1284355516333521,0.0086962333540129191,0.991679728844998,-3.3298149239183017,-8.2514995343268893,-1.7051269045208555,,0.08139503436384424,0.40625,0,5
0.66500711112689204,-0.63714305713389885,-0.38963350330372754,0.74224106548167901,0.62163069166455487,0.25030677955914393,0.082726917404725861,-0.4556577750096199,0.88630257204297624,2.4911584275963521,13.871871331851898,-0.78990105782041498,,0.3869648326883099,0.1428571428571428,0,3
-0.42127530045905093,-0.85529041001989736,-0.30167107211519939,0.90346541005445591,-0.42482665617961002,-0.057206337362104773,-0.079229881094646945,-0.29664899583050819,0.95169427822934849,9.0358634507141691,10.720898284868998,0.43714114603054183,,0.3383876227092747,0.8125,0,10
-0.003779165902972221,0.99939422494118113,-0.034596257879931168,-0.99940924139836418,-0.0025928840870025958,0.034270178868202786,0.03415971476205644,0.034705332534471542,0.99881362314550337,-20.117711168976243,19.225421992309094,-5.0721620693098934,,0.257646779236523,0.425531914893617,0,1
0.071606349222132562,0.99742631183120167,0.0036446149158538715,-0.99679253247126853,0.071428972854827258,0.03609084435725958,0.035737626678244531,-0.0062172585366241286,0.99934186729852137,0.12204862597306665,8.3618764453834515,-1.2113284981240231,0.6168637612051292,0.4761559953179523,0.4351585014409222,1,5
-0.73261043173832918,-0.60052286237690544,-0.32039701476578508,0.66740881075981895,-0.72618684220437213,-0.16497923969216952,-0.13359429115176588,-0.33470130261457037,0.93280630540309195,-15.937274043118647,0.077343248831664629,-3.9081967141768623,,0.3053031330254279,0.2727272727272727,0,2
-0.054705291595028752,0.99374102430777544,-0.097396651273218018,-0.99816345921073291,-0.051884064981110985,0.031269034163217198,0.026019987854868015,0.098928359982210376,0.99475431128659264,-8.4356526215804593,-16.209296361244689,-2.3742335689071736,0.5086772812359145,0.3090158636696651,0.660377358490566,1,5
0.7507753910549545,-0.61209592825703374,-0.24834429084929588,0.65112330363799309,0.74907302162347467,0.12218040651194068,0.11124187901067299,-0.25343279757568382,0.96093551368816454,5.7796680166671468,15.497003853473842,-0.18710747961196636,0.46941435114942,0.5368967054352265,0.1578947368421053,1,4
-0.093607850104391752,0.99203316526676166,-0.084307588090534763,-0.99526468266338153,-0.091012047389756309,0.03413236986912959,0.026187436716716677,0.087103422669458253,0.9958550155105278,8.8733071058040185,-10.092795728130234,0.45418131808324153,0.3358194849241702,0.1203544405508171,0.2173913043478261,1,5
0.98327506704019918,0.061657053156040045,-0.17137254836526569,-0.048471558260732878,0.99560832555104983,0.080091011563167724,0.17555811168062968,-0.070444800301713864,0.98194545649622667,-10.151407961293764,0.51109720030569528,-2.9619291761062163,,0.07088805485243665,0.3435114503816794,0,5
-0.80354018121227244,-0.56796248471502009,-0.17816226630150686,0.57629049197582216,-0.81722247926172153,0.0060570824321929586,-0.14903840456611644,-0.097806110983240796,0.98398247881693524,-8.714646456828655,1.5184817086069204,-2.6911354041606668,,0.06858940085852298,0.1751824817518248,0,5
0.99684798722731893,-0.025148987573267105,-0.075243729206380117,0.04055340342859403,0.97668303707861637,0.21082140914349373,0.068187328963679933,-0.21320828667509692,0.97462439670976264,8.4957507470216207,-4.2524832158241415,0.34218464327451831,,0.2422634044358032,0.2727272727272727,0,2
0.82418752839117149,0.56612736068195879,-0.014653652504779577,-0.53829829089466075,0.79118647373903517,0.29027385998790456,0.17592574588257065,-0.23135205912130899,0.95683141497130564,-10.959409961334798,14.310464502325107,-3.3283092032881476,,0.7351307273141925,0.4705882352941176,0,2
-0.34598396378149887,0.93194027231622401,0.10854688222700672,-0.93794503282064046,-0.34064966564882859,-0.0649378218023062,-0.023541712196211012,-0.12427845399948666,0.99196807088654171,6.4240383881498078,4.6030787164868796,-0.020878054147292456,,0.1026644623083463,0.5714285714285714,0,3
0.1960504900160695,-0.95674736747922962,-0.21493878241495595,0.97990605517842355,0.19935664856685087,0.0064070037345256405,0.036719591352848184,-0.21187591060278141,0.97660650730840548,7.5773090544725203,10.057192147500105,0.1580990102221248,0.2108564988180057,0.2024500706156622,0.7755102040816326,1,6
-0.30387139000677177,0.9471572093211984,-0.10273947228905599,-0.95264880785643635,-0.30333138156875888,0.021220788046157651,-0.011064683685689232,0.10432302615659347,0.9944819148624412,-15.299676908285001,-3.7136502837617487,-3.851261439898372,0.6158240269329015,0.5479725677940843,0.8576779026217228,1,4
-0.68427572454081054,-0.66194370445862394,-0.30593670085777885,0.71780261353062991,-0.68537482896663804,-0.122559176839387,-0.12855403849255428,-0.30346643298154907,0.94413027874372779,16.846945665339049,-18.915101435544894,2.2877670851817991,,0.2983030823354185,0.7142857142857143,0,3
-0.2159942542320672,0.97223129494786642,-0.090071034537899802,-0.97632822689159215,-0.21398274970322953,0.031536902260123872,0.011387515683970199,0.094750683129144087,0.99543590076564314,2.6324450558569907,19.057585378763079,-0.80340215424190464,,0.2306781535760717,0.4444444444444444,0,2
0.92820735106779606,0.33814370505294944,-0.15520936877897859,-0.3351625259991356,0.94104645293913136,0.045800159132452882,0.16154626145344161,0.0095083197118762119,0.98681933365062968,-3.1307416835381554,20.473335582468923,-1.8695596489846154,,0.09687355405928214,0.1666666666666667,0,1
0.64661517683714542,-0.71749429649312901,-0.25901881704558971,0.75918963531089556,0.63837724715445499,0.12690779310983757,0.074296101649928475,-0.27870490633523021,0.95749864984985422,-13.780014914477311,5.9459864098004624,-3.6200373515452844,0.9113667173882755,0.4493197223498601,0.2692307692307692,1,5
0.29714088131537103,0.95338491613349108,-0.052578496938016084,-0.95138485825694985,0.30029439596687368,0.068484503577778036,0.081081120678791294,0.029672840107191196,0.99626571477163894,-2.5772255690461625,19.249634397726965,-1.747912242964202,,0.7609124300103879,0.8448275862068966,0,1
-0.0094164469113748889,0.99621620980002368,-0.086397881103879817,-0.99927409832112035,-0.0061853072149589596,0.037590136993207186,0.036913506363887537,0.086689130266322703,0.99555129839782308,-2.7445278588636688,-2.9090518670842478,-1.6393668063791464,,0.1147843645035616,0.1842105263157895,1,5
0.19402538960716437,-0.89195880293093122,-0.40836704331006968,0.98099251675200594,0.17522702169151091,0.083361699512955731,-0.0027982609516722292,-0.41677929980163719,0.90900340207971897,-19.606599445995982,-14.370639200181422,-4.1851861263391426,,0.3505959165388165,0.4782608695652174,0,1
0.92285729087184643,-0.3339896769923637,-0.19179498519829005,0.36151085043409503,0.92293557355159683,0.13228693091686036,0.13283194534107054,-0.19141792689171341,0.97247871522279872,-9.5167440500512068,13.269587969997064,-3.0163153677698915,0.5405838838642252,0.3603256805496983,0.6145833333333334,1,5
0.44692912186854356,0.89165079846830231,-0.072202587326581108,-0.88213669719318966,0.45268943277729279,0.13002740063872972,0.14862438390420404,0.0055795199267563234,0.98887798108082248,13.585472278914953,4.1043212486649487,1.2908120888099393,,0.3890646312723815,0.3333333333333333,0,4
-0.9413830732544386,-0.2710253043116212,-0.20085615204125895,0.28841659310025525,-0.95546220716523012,-0.062512714733797548,-0.17496793481798317,-0.11677865858854711,0.97762414387319096,9.3371729702405801,15.534582519023385,0.41628530943345649,,0.1779510149885948,0.3333333333333333,0,5
0.61521587537620359,-0.75191266427095804,-0.23693199867059112,0.78763848589956609,0.59908169633843467,0.14396783196986329,0.033690387574659905,-0.27518805646541594,0.96079992264979708,-25.231064998411487,-18.758898069717141,-4.8059967332887652,,0.2487973056843852,0.7894736842105263,0,3
-0.9701046506867117,0.072088785059267094,-0.23173297949297617,-0.036638587601733816,-0.98742358554878562,-0.15379296668095938,-0.23990535761954832,-0.140704903150741,0.9605454438051213,4.5949045359317937,15.729238345041882,-0.39392542720060464,,0.5092999807862832,0.5,0,4
0.87688445073432919,-0.44420809766810981,-0.18371942201746599,0.46286344192901591,0.88339350653236703,0.07330311550045146,0.12973470694450778,-0.14931536619694227,0.98024171877730992,6.3507266806596521,9.9502688073065695,-0.037515149171750889,0.5269496004149611,0.527101098839356,0.8311688311688312,1,5
-0.40627196017480693,0.90926344906772016,-0.090460348027148016,-0.91312551552884758,-0.40766481954920092,0.0033448157038833493,-0.033836182791436346,0.083960556759648697,0.9958944410140631,-14.675312150260039,12.566794324247946,-3.9484849824061086,,0.1031302168934068,0.38,0,1
0.18784914248884532,0.98121166420260753,-0.044004200923959298,-0.97878049343122042,0.19074164026799953,0.074875712660454813,0.081862356090839694,0.029005115076891783,0.99622149040995589,1.5098446857727157,8.7022274793710874,-0.91639878605573821,,0.07192878061886036,0.3823529411764706,0,5
-0.62806038338794989,0.77705322129520238,-0.041574584704233586,-0.77413805910122835,-0.62934617161088113,-0.06807100505875914,-0.079059599477632511,-0.010568233223932265,0.99681387037749425,-5.0719696158895387,-13.169635327865537,-1.847500252968227,,0.1028303318814702,0.4242424242424243,0,5
0.77812891421996155,-0.54432060652200331,-0.31341740565958026,0.61941769757255116,0.74770862051043507,0.23927710870098198,0.10410143509473437,-0.38032472458400624,0.91897551386384402,12.088633336544907,-0.7273909893268562,1.0044919935465042,,0.7989266329680509,0.5714285714285714,0,1
0.94097679458200201,-0.28997184783422641,-0.17458235741845246,0.30464982432787691,0.95034142751554085,0.063558285728273739,0.14748273321027724,-0.11299335649199622,0.98258910272478495,5.0098899755182709,-3.0647753606955206,-0.21869087097127909,,0.141267130832769,0.7045454545454546,0,4
0.88806596069650534,-0.40263271491510105,-0.22186875925259561,0.44391496494071864,0.87650589772193166,0.18621738683686356,0.1194920639786255,-0.26386418502472897,0.95712973964210413,6.5327684576782588,7.076876497177361,0.069737546210750095,,0.2601278552284796,0.2222222222222222,0,6
0.52807352298480259,0.84084927294221301,-0.11878911783059785,-0.84230924568812593,0.53642163847302127,0.052601904967600262,0.10795132676683611,0.072279498963896308,0.9915251812630923,-10.520871541480828,10.602222568249049,-3.1860004281504604,0.1924762093517937,0.122408565213421,0.5036496350364964,1,4
0.82086924708505005,0.55813937825859727,-0.1210541764134119,-0.55060100181329186,0.82970122889444042,0.091839030772623412,0.15169777846831647,-0.0087352852364365775,0.98838832388875142,-4.0317631514344221,13.197266682498823,-2.0042423387580541,,0.07810741287322608,0.4,0,3
-0.76803752030737393,-0.58889920462888956,-0.25162689480172923,0.62360630456383159,-0.77714506906007896,-0.084621028969435741,-0.14571734388308413,-0.22190824325172229,0.96411782851920769,-3.6043792241352564,27.365297529487432,-2.1823361302003152,,0.4298367308488158,0.4347826086956522,0,1
0.41091694707699294,0.91080573748079119,-0.039751366982740725,-0.90633945284879702,0.41283401378166762,0.090093691647427837,0.098468567648095348,-0.00099279252152805007,0.99513966635258888,-7.938912095240843,2.2150266319326271,-2.5183563838193237,0.4675163222457015,0.4244878333732874,0.2697368421052632,1,5
0.31045428860687246,-0.86849905748670053,-0.3864291938121569,0.95023904541090998,0.29455917938516701,0.10139352255691643,0.025766087443842151,-0.39867816216172369,0.91672887581508322,-3.4351308920530963,-4.3882854071467019,-1.8038882761610495,0.4251995316792856,0.2566680450638423,0.1282051282051282,1,6
0.85127368296855932,0.50929745959442596,-0.12629019889052545,-0.50133596858035212,0.86047722706038166,0.090780990951169177,0.15490436821711848,-0.013965649327550357,0.98783075339154858,-4.7274433606358572,17.713742962556424,-2.1760436248114257,,0.07959506468066335,0.375,0,1
0.74254484724324776,0.66575442761442383,-0.07347238899269308,-0.65413954614721748,0.74439023600824938,0.13410678842585053,0.14397431715002143,-0.05151910953592366,0.98823943321130991,-1.414805377491291,9.4052347703615489,-1.4772541847194234,,0.251182425522444,0.1846153846153846,0,5
-0.98760301994887723,0.043756477397311096,-0.15075027586587278,-0.041780061028024298,-0.99899460345593982,-0.016254499881715765,-0.15130995171617992,-0.0097546374452735004,0.98843823558174804,3.6610655715221188,14.557236238013145,-0.55913845378291827,,0.06896548419668472,0.2916666666666667,0,4
0.39660886738045509,-0.85769767984285594,-0.32719427914829813,0.91730282531944862,0.3840499897042613,0.10517191673214901,0.035453250572406801,-0.3418483514664632,0.93908613642387018,-11.001347943961175,1.5256633827629409,-3.1245495943891997,,0.08741022044715456,0.3235294117647059,0,5
-0.32026100534564544,0.94495125317769368,-0.067082170305543476,-0.94719611326621822,-0.32059969324574172,0.0059464026187906662,-0.015887462615690504,0.06544437186375722,0.99772973430834067,12.038719188615449,5.5157584523336896,1.0529312269389417,,0.3955875114719353,0.5454545454545454,0,5
0.66834270162483533,-0.71895450658207505,-0.19084666790421137,0.7416962779248496,0.66362336741501704,0.097420005815934393,0.056609756201910229,-0.20666021311824229,0.97677371576874539,-11.0538261117998,-5.457522003880988,-3.0806336183994669,0.8742277318960104,0.6010210273813599,0.7148514851485148,1,4
0.30019822275501579,-0.90624729626994061,-0.29765225525460631,0.9534810851908051,0.29407803094191237,0.066271652316003266,0.027474483399974593,-0.30370042759395488,0.95237135773875214,1.5646552855558156,15.044840119319634,-0.93950400725149141,0.7042518627216643,0.2343885827400652,0.2857142857142857,1,4
-0.57805409747018854,-0.79467970167508639,-0.18530416116083806,0.80675339535269652,-0.59066065538842027,0.016399672649714044,-0.12248436424630586,-0.1400148632171524,0.98254435960594688,4.1396922947866059,8.997699067564886,-0.36839743567259525,0.6057310866331239,0.2920559648712948,0.5301204819277109,1,5
-0.97033089144872386,0.19816614566007751,-0.1385212612365099,-0.19491770708404071,-0.98012999037440585,-0.036773488191455567,-0.14305610285976814,-0.0086822049558842734,0.98967649802937074,6.6410216942615055,17.564040646930962,-0.052370311066104409,,0.2113032574788766,0.5,0,3
-0.94216075142270905,-0.24954001136892812,-0.22374740491141135,0.29322133425304048,-0.93704821422326801,-0.18963621320794977,-0.16234028340945619,-0.24427530973673839,0.95602050471501787,6.8986013826413854,3.678161193944856,0.058518188047042223,,0.1887080186297245,0.1714285714285714,0,1
-0.72666202286730197,-0.65304429530924579,-0.21329663121215492,0.67655342646188266,-0.73417802063766413,-0.057079726306722908,-0.11932210886960301,-0.18578423608211495,0.97531864124413115,6.5584171181306221,-9.9726476086440812,0.042537079588089943,,0.146061603964572,0.2222222222222222,0,5
-0.97056114932308157,-0.16166940045412917,-0.17853307923592657,0.17783286190503467,-0.98092597478985444,-0.078483789467883064,-0.1624393075930948,-0.10792236533442248,0.98079877365813395,-18.558743790158942,12.718602472083722,-4.5819025273414562,,0.1384520930804041,0.3529411764705883,0,2
-0.59915061108737799,0.79027676236765054,-0.12837906408494396,-0.79772492090253055,-0.60290951624853406,0.011621780759022123,-0.068216536152706397,0.10937437578639442,0.99165707284154636,5.5794271794257817,-12.054377401132291,-0.052758584761989157,,0.1059847531270135,0.3333333333333333,0,5
0.29694478556376158,-0.85148741771765513,-0.43219552495949259,0.95478098772911402,0.27173986378316151,0.12062633171130795,0.014732949382569617,-0.44847143041628473,0.89367573330759187,-3.99183760558636,21.629695759310778,-2.1224205964106999,,0.4412129078321009,0.3125,0,1
0.38700744346469829,0.90974915070728435,-0.15027215806759597,-0.91660445238445754,0.39729611038411461,0.044632707095149202,0.1003071112728617,0.12046693928637706,0.98763667406950084,12.422519529748454,-1.7516105226321936,1.0853682026541192,,0.07865797384763296,0.3333333333333333,0,2
0.95970423950395511,-0.23472103655578958,-0.15451151308659727,0.25306503834715388,0.96093663159388232,0.11206639294344971,0.12217143301315396,-0.14665205439808138,0.9816146473521743,-18.097274748571703,13.837393452848145,-4.5288269460147923,,0.07172642478895289,0.125,0,2
-0.85334971949984728,0.52104145817980907,0.017608381168952022,-0.50730523984077625,-0.82212114245725498,-0.25837612264849691,-0.12014844926017627,-0.22941801581967591,0.96588390821968795,-10.362389508246176,19.514896749078751,-3.3018996426240266,,0.1305446781428641,0.1875,0,1
0.98326728528168716,0.075958111595460454,-0.16557720548925828,-0.031389769096410607,0.96597280303535271,0.25673181764654196,0.1794439413601209,-0.24723856713481174,0.95219376328049421,6.7210553890631362,-18.156983695478434,0.46249623960648373,,0.4685566529397698,0.2,0,3
0.46713686125480658,0.87540764446463049,-0.12427634074873178,-0.87892861029849156,0.47505339775945504,0.042529604700251529,0.096268639004455883,0.089362885417181417,0.99133577755175639,3.0949058419054283,7.5068354365593635,-0.59016233407311447,,0.08322402800114251,0.35,0,5
0.81225138190819957,-0.51962055233254456,-0.26503240213574425,0.57245685159766901,0.79733817207587632,0.19116744599849164,0.1119859171820547,-0.30699563668613117,0.94509937753051776,-6.7631114793897824,-14.690658354430363,-2.0774216772017473,0.4929701916370732,0.615806515903742,0.1818181818181818,1,5
0.83413247237754917,0.53836790729975259,-0.11992920793118347,-0.53282353773533153,0.84270982556722074,0.077066383901603239,0.14255558972036808,-0.00038246849335234873,0.98978672326786088,9.650689313268332,6.7512056762065278,0.60632598398587945,0.2427752342530543,0.228147237559987,0.5789473684210527,1,4
0.80693459521239241,-0.55804136877737909,-0.19351069681669469,0.58047348981670099,0.80980187943952098,0.085272760458667121,0.10911959800803042,-0.181137369941406,0.97738537258405778,14.057192814716624,-9.8857470141695991,1.4454724124572889,,0.09991614240771261,0.1153846153846154,0,5
-0.86836378428207472,0.48867989948291918,-0.084476588405775613,-0.48030097497194713,-0.87113430423526084,-0.10215672971246413,-0.12351239447242449,-0.048135016629398564,0.99117491321450213,-6.663616976528715,12.063615363497922,-2.5067780632024621,,0.1085240541209991,0.3076923076923077,0,1
-0.85999243328188668,-0.46290940048973694,-0.2147740711448449,0.48144490735709389,-0.87552938172502237,-0.040732087058217306,-0.16918574371919695,-0.13843116944688175,0.97581401683299762,2.7451618228434,9.3080695420653239,-0.65282742814019412,,0.1166312516744378,0.358974358974359,0,5
-0.19453524376257089,-0.92340168492257846,-0.33088573135809468,0.9770072931080851,-0.21241263959826648,0.018374432032310397,-0.08725129310130654,-0.31970329810785658,0.94349192526015269,4.6803209429635864,-6.525968152615004,-0.28265007711992785,,0.4443081790324085,0.1470588235294118,0,2
0.53300182063495027,0.84176212437299236,-0.085706389323632726,-0.84164462418929709,0.53785704695366021,0.048416150358573141,0.086852667046464591,0.046328425543655467,0.99514335209233074,-5.9063602608900121,-6.6928036991354407,-2.2110446475647798,,0.1255531985278022,0.2352941176470588,0,5
0.79993295990376601,-0.54790889172051516,-0.24475111038194614,0.5928545121932095,0.78471149235806159,0.18097348185116746,0.092902029212233617,-0.28986845315553,0.95254684547977408,-15.767238450880505,-2.4513492119505078,-3.9435159832719702,,0.169548647668128,0.3333333333333333,0,2
0.98166915537079646,0.012411407326146271,-0.1901883970219316,0.0054829774253323605,0.995625405059261,0.093273735634079522,0.19051405814831798,-0.092606747965617214,0.97730669898404576,-8.8063443119086458,15.124366431201866,-2.9712532546766517,0.3840767274681881,0.328361927650848,0.7019230769230769,1,5
-0.71980139523849807,0.69408675363120553,-0.011381117976957296,-0.68881291583702298,-0.71617496254466384,-0.11238411809614079,-0.086155199429920115,-0.073054783949057164,0.99359965788709248,-17.329393753132493,-8.8942864777144042,-4.0970255522172287,0.6596868348870252,0.3503583303763897,0.1481481481481481,1,3
-0.61004678364964138,-0.74481841641594648,-0.2703487531437318,0.78230175380839251,-0.62036270893330137,-0.056161155198681818,-0.1258844221778134,-0.24575523581925757,0.9611230287119229,2.0287918854772329,11.270357083814901,-0.80769355983982272,,0.07529245191143215,0.391304347826087,0,3
-0.070588058260064854,0.99068573275424021,0.11644356980215517,-0.99724534298449341,-0.072753353909559754,0.014445601083091696,0.022782711138386841,-0.11510312077483405,0.99309225133472867,-5.5894721741116227,3.0447474773471992,-2.1933491317668157,,0.5367057732450603,0.274547983310153,0,3
0.72990762224317107,-0.6532394968068711,-0.20127847078817657,0.67685939202371626,0.73180831256363632,0.079485577887119643,0.095374139160499194,-0.19425435252336032,0.97630375401568759,-5.1968960669952828,-18.853105564209692,-1.5815101022139642,0.2592775026644796,0.2814472400612898,0.7142857142857143,1,5
0.48870542424509422,-0.83644051301191757,-0.24806103383196304,0.87062499192023068,0.48593097271720231,0.076702106868142425,0.056383789845316612,-0.25345287125316496,0.96570311705834599,-0.85272975286486741,16.596601392702361,-1.4142253781283176,,0.4961581279656626,0.46875,0,4
0.84642904324387325,-0.43753024074445651,-0.30352127303923698,0.51912158051661006,0.80496526940128721,0.28730419366874826,0.11861981029827166,-0.40074705674753336,0.90847737292295339,-16.38054516637985,13.224929197577605,-4.2406659493626515,,0.5311370337483908,0.2608695652173913,0,1
-0.82050197421261373,-0.4663526253428108,-0.3305930113433595,0.55115617336567979,-0.79882360143595743,-0.24105544248115812,-0.15166866147659977,-0.37999484552392832,0.91246947044881555,6.6906232650491884,-2.0561802917563483,0.040064597612058113,,0.4441555842809351,0.1870503597122302,0,1
0.95387567406420559,-0.21136582312846208,-0.21317994099301693,0.2536694482041702,0.94725609559891488,0.19585122005872868,0.16053974422662537,-0.24089495254971291,0.95718159842305905,18.296830219809738,-0.30000464922604331,2.1498278165310474,0.813000234634157,0.4887725218434512,0.3170731707317073,1,4
-0.1872290085516517,0.98013819693682225,-0.065378997103040029,-0.98226917778659262,-0.18615305258950052,0.022232934625480323,0.00962084857046153,0.06838242403603749,0.99761279229756195,-2.2045493146714206,-19.534666239202462,-0.97006727160808204,0.3432225480110457,0.351491420711733,0.3636363636363636,1,4
0.69123357004131458,0.72227972006652152,0.022542351886316495,-0.70843221882345964,0.67116796382347543,0.21830564736149163,0.14254803744986766,-0.16686992035018661,0.97562005242897376,-0.21187721026948356,11.283770417272718,-1.2068236167341251,,0.262497628218923,0.2972972972972973,0,4
0.058180393988325058,-0.97564232911204751,-0.21151143562508054,0.99795604807014571,0.051229504090824218,0.038200314538302749,-0.026434217892351349,-0.21330162576836478,0.97662871582244182,-5.2174501355401874,8.3031298506674052,-2.1537666300954856,0.5021758338054694,0.4323306020266121,0.8723127035830619,1,5
0.017222889412260616,-0.96505164732807036,-0.26149319316125741,0.99947271220533451,0.0094171979629077331,0.031074329267741504,-0.027525799483496396,-0.26189050072865377,0.96470497873230099,-15.767040308564969,11.51931390593329,-4.0906745129054958,0.1160846681038871,0.1181115692572467,0.2580645161290323,1,4
0.60620668206143913,-0.75331136846079638,-0.25502047127982486,0.79167545268162609,0.60218302181242866,0.10308048245034275,0.07591729872304781,-0.26438152429505157,0.96142549028305924,14.919341829567079,-1.168728787674262,1.5034728926001477,0.414413846412916,0.5110648146104479,0.7818181818181819,1,5
0.94862870298069157,0.29041511049718488,-0.12554938261926804,-0.27264707222427609,0.95168006515760684,0.14131039448372112,0.16052151845999282,-0.099820424646073325,0.98197185546978716,2.1039956380060429,-11.428911392183805,-0.63804691483816933,,0.2465150499223446,0.3793103448275862,0,5
-0.9732102408692872,-0.17018499012136803,-0.15459267836652213,0.18062373455828171,-0.9819514836276908,-0.056092337405366802,-0.14225643599276791,-0.082512744099126803,0.98638468838474402,11.767748266229772,-8.9563876022641331,1.0331643552494871,0.2977166093361381,0.3224092494812701,0.7532467532467533,1,6
-0.97048032792087147,0.22220951798587943,-0.093759603428560157,-0.19898032957448977,-0.95737505154195224,-0.20937965308852655,-0.13628925695382291,-0.18454251759832316,0.97332897708711374,6.1603954254347926,12.815049622990147,-0.083749174272979024,,0.4147625597873265,0.2142857142857143,0,5
0.91879040135353474,-0.29819367626141657,-0.25865948623298501,0.37077383214956361,0.8767776782051816,0.30624772390053451,0.13546572914851002,-0.37728163808861981,0.91613732692617078,-12.037646360809699,16.449107065714085,-3.5498460315507505,,0.5107730685788042,0.1904761904761905,0,1
-0.88002156369828177,-0.42676306739222919,-0.20841144818845195,0.4467589324015046,-0.8927480308062814,-0.058373022972737915,-0.16114745963092303,-0.1444791950471887,0.9762977304352487,7.9667438982383585,15.149663358810249,0.18528828495692609,,0.5060895583393358,0.125,0,4
0.15323046552790223,-0.87844342248955987,-0.45261195070273047,0.98814351166685244,0.13174086194504003,0.078846341986672175,-0.009634561993350969,-0.45932722407757037,0.8882148819043677,-10.12939255538428,15.192266718120946,-3.1991862778438152,,0.1755292223672139,0.2380952380952381,0,1
-0.97287769626028753,0.18296861230159159,-0.14153259353133363,-0.18244215387330079,-0.98307306575331699,-0.016799044033680648,-0.14221057840170209,0.0094780959482685563,0.98979104718513622,6.962428956131248,-6.8568182026569318,0.13057765196985927,0.2280026117238852,0.08918879202770733,0.4444444444444444,1,5
-0.86975364430441138,-0.4544566218377869,-0.1923480623426756,0.46794469548094314,-0.88328084302632548,-0.029029542089923217,-0.15670469102883444,-0.11525680548449183,0.98089729768160072,-8.7365570369758974,-1.0203769769600399,-2.7591947029090016,,0.08017392677667999,0.5135135135135135,0,4
-0.74695457329777537,-0.588556071132317,-0.30929050512880152,0.64926863879564123,-0.74589158171691938,-0.14864717622708842,-0.14320998605541838,-0.31184531334801741,0.93927812730675442,-4.5520386585774295,10.6794931981168,-2.1067292023552824,0.5629156606009234,0.2440248461680194,0.1052631578947368,1,2
-0.51180765612553192,-0.80861736805560358,-0.29015663909364281,0.85173148156627632,-0.52174163909307081,-0.048364711778240831,-0.11227825452956477,-0.27188897387592792,0.95575623432153956,-13.113023016526844,1.9610022019791442,-3.4491192824969601,,0.7630934773415847,0.5833333333333334,0,1
0.82477735168398814,0.5645016604681754,-0.032866327416048384,-0.54315211467545688,0.80706705664570288,0.23157838068528946,0.15725171055580134,-0.17314918829123699,0.97226090023273037,-2.2222007576304645,15.794604329343313,-1.6729940801918222,,0.3808036295335522,0.4347826086956522,0,3
0.97180390339058587,0.19033992541285344,-0.13916855301629921,-0.15447509476886839,0.95986025328968405,0.23410625632565446,0.17814212991589121,-0.20600729828938893,0.96219871887284092,5.9952011377523027,18.717542150635623,-0.2227679723769341,,0.2622789136335164,0.2258064516129032,0,4
0.91820743053707077,0.38320271881929341,-0.10025363233326033,-0.36196396627593797,0.91454525875503545,0.18052439393743261,0.16086392269338304,-0.12947063751363541,0.97844782814287568,-15.156292082011694,14.532300443938848,-4.0429324789444347,,0.3376881737272015,0.543859649122807,0,1
-0.28061690342293338,0.95396717608398129,-0.10583373974153194,-0.95960385316647279,-0.28118217661406508,0.009850306727984405,-0.020361692006874123,0.10432262702276479,0.99433504966368658,6.4971695420818598,-7.9668166130693754,0.054220303153145105,,0.08091279187935238,0.3333333333333333,0,5
0.56886916256581699,0.82169888622509057,0.034623926093264409,-0.81340357891987636,0.55590860677986254,0.17128992588126349,0.12150100280245697,-0.12560478209255377,0.9846120784519552,8.1569749677241941,-6.1791096393990586,0.35873889934175801,,0.1959190010103137,0.5217391304347826,0,2
0.98718308201325089,0.030032541398203248,-0.15674057880454573,-0.0038900180394526532,0.98637024241027715,0.16449502316831227,0.15954444630406767,-0.1617769802680718,0.97384484303654462,-25.716782592893242,-25.478383764285656,-4.5689844100696426,,0.6396810103546255,0.7142857142857143,0,1
-0.97435323691842213,-0.15352382569440839,-0.16451809824680599,0.15779888179442375,-0.98738358568934792,-0.013159316687244875,-0.16042220111637362,-0.038782594748142801,0.98628628081991421,0.028039402332728752,-16.027065885512997,-0.75617876915388793,,0.1994538767576232,0.6901408450704225,0,5
-0.95780353106355243,0.24950091140579697,-0.14269439754198032,-0.24961024518730018,-0.96818957666380123,-0.017426105046936667,-0.14250305743992983,0.018927198610667474,0.98961337893796986,8.7409506677611954,2.618197010744717,0.38460544716113015,0.1831863206420805,0.2948221863255716,0.7608695652173914,1,5
0.97235400719469101,-0.16246535815886362,-0.16772803012835691,0.17769779338020947,0.98081932317849685,0.080105864376335933,0.15149646504203071,-0.107696159067943,0.98257333487215148,3.3068394790605491,-9.8635482716422729,-0.46881722566752937,,0.06864622732743578,0.4736842105263158,0,5
-0.7678220393381523,0.63252637118160715,-0.10178263931746283,-0.62540743153944311,-0.77448227596509234,-0.095093368807543405,-0.13897791364759232,-0.0093591653345030251,0.99025125374442402,10.566645365079326,3.6240507855057111,0.75784748770045474,0.847921167598768,0.3450474469177539,0.4210526315789473,1,4
-0.69943415945365783,0.714602019793942,-0.011653750287912637,-0.7072851441452338,-0.69443077768771921,-0.1323390338165002,-0.10266246373826349,-0.08431991642813419,0.99113599986719336,12.56796707106799,6.6480441604418177,1.0929265016298162,,0.4811232640867674,0.3846153846153846,0,5
0.88910972822276246,0.4414897067359938,-0.1207092789548901,-0.42499953515299294,0.89425669643341832,0.14028669218328249,0.16988021161802014,-0.073428875315867462,0.98272524846493159,-12.528921879679782,18.548439241671051,-3.7036302213436678,0.4816222551030864,0.3164810513503203,0.5625,1,4
0.48481261680476345,0.8739407320788557,-0.034414000063806065,-0.86776761494994847,0.48555789279948897,0.10589097782246683,0.10925242803249562,-0.021473927297868983,0.99378205730200742,-2.1366088761848023,11.793165173512611,-1.5852413945943593,,0.08561063187410881,0.2708333333333333,0,5
0.97670135911491673,0.062713928534963048,-0.20523503178255445,-0.019369176247708068,0.97820530115181004,0.20673467007249188,0.21372713939638033,-0.19794279973317649,0.95662916426336908,-11.33729952071846,4.7520844127946216,-3.1985632183362376,0.4172645765658125,0.1998755760437692,0.2444444444444444,1,4
-0.38695693617297305,-0.88499471060496582,-0.25893762134702863,0.91725325097956245,-0.39818295654550034,-0.0098390387796192785,-0.094397050351418946,-0.24131865928252555,0.96584393230326548,-12.636757889729951,-0.2985143170953739,-3.3165136874007364,0.7804579408847946,0.7118410214667558,0.84,1,1
-0.80713484573889449,0.57830744311003168,-0.11871748833928875,-0.57922194308114983,-0.81461035370961477,-0.030197885396071541,-0.1141721570583169,0.04439000870279753,0.99246876307519982,-0.66305699444584631,6.1209674394222313,-1.3070273628354196,0.5665222600741312,0.3759558120089433,0.5393258426966292,1,5
0.47201432626816903,0.87991967388397396,-0.054257195923938989,-0.87442857367300397,0.47512117235141121,0.098155698396058588,0.11214787265839557,0.0011131465954694743,0.99369090544437133,15.623427772261271,-4.0903300503569735,1.6673834277044066,,0.1443424719376188,0.3157894736842105,0,5
-0.27418771027685807,-0.93173311322848795,-0.23810607981881551,0.95886085246243957,-0.28380450356963849,0.0063929155003968098,-0.073532068841683021,-0.22655773980851179,0.97121811421777005,-11.026214505350362,-12.437757007003279,-2.9956836640376245,0.3445429142588998,0.2125224932317292,0.6666666666666666,1,3
0.64795451080806277,0.75720984378826983,0.082390560100218793,-0.75037512645945281,0.61602631993188239,0.23968467356537865,0.13073684069321842,-0.21712859236251197,0.96734846506531968,-8.2054036371321359,16.916692102687065,-2.8606914373987142,,0.5358323315880883,0.1304347826086956,0,1
0.90411848424894692,-0.39169290860341632,-0.17072326083221348,0.4081060969364112,0.90997158952343493,0.073492311866772825,0.12656689963302756,-0.13611896124342895,0.98257439835734284,3.9644182408437776,18.428027395089998,-0.56873470426549622,,0.1266117076469246,0.24,0,3
