axis_00,axis_01,axis_02,axis_10,axis_11,axis_12,axis_20,axis_21,axis_22,location_x,location_y,location_z,dbh,dbh_approximation,score,reconstructed,number_clusters
0.47862427795173335,0.87442913644625309,-0.079325190759572131,-0.86857726581402561,0.48475496100663257,0.10288907177387945,0.12842248193448999,0.019654849613227991,0.9915247616779258,-3.3970274184710694,-4.2811197283148354,-1.4963194955564796,,0.08299874469205283,0.2,0,5
-0.3554293853041981,0.93448384686057462,0.020245790153572259,-0.9325587997599053,-0.35306444095228784,-0.075363024922131608,-0.06327746085807455,-0.04566662338854445,0.99695061184375822,-3.7399833223738463,-12.263846157379424,-0.99844719709362284,,0.6570896648240379,0.3214285714285715,0,2
0.080304016545513376,0.99676536702701857,-0.0031730146785838059,-0.99623564190838365,0.080156265138779381,-0.033007861948218198,-0.032646756623727083,0.0058117342071253878,0.99945005529413855,-2.0216244805839145,-23.722016275901559,0.42227355482323203,,0.2713434770822217,0.2857142857142857,0,2
0.58264165881905638,-0.75676869106421496,-0.29636100558868089,0.81163504361724403,0.56070839790199889,0.16387387984242408,0.04215748309628891,-0.33601672688592382,0.94091206064746435,0.81785967637032941,19.237708160985001,-1.1618628657605123,,0.4105087952536059,0.8446601941747572,0,5
-0.21992751302137684,-0.94128274420897906,-0.25616144220129272,0.97188686832519733,-0.23405028434068892,0.025619905875777765,-0.084070233693461352,-0.24332541966357882,0.96629443543480587,-17.463910997726892,-11.134387638459494,-3.8092578777234385,,0.2368438888480816,0.7857142857142857,0,6
0.13807580823035159,-0.85054601668905483,-0.50745102687443533,0.9903649403285798,0.11308536464433964,0.079931128299474269,-0.010599818371339526,-0.51359826109288997,0.85796530818725747,0.57338355923405981,32.104267654609586,-1.3598873009169683,,0.6523681216284569,0.7692307692307693,0,1
0.87567379167526227,-0.43048929719012363,-0.21880213796447154,0.45597012214250121,0.88629388725542457,0.081082631475689601,0.15901779235803368,-0.1707691729160255,0.9723945862123845,-2.9549517594657715,19.058338524562281,-1.9686377710983567,,0.09544613955169526,0.4166666666666667,1,5
0.11816565259032376,-0.96281504683649266,-0.24294868621407392,0.992823033610432,0.11001614681434048,0.046892124847399207,-0.018420165050332629,-0.24674609019266572,0.96890508538976639,-0.88710476949782713,-14.127143027367726,-0.17920270130866828,,0.09241439505225783,0.3333333333333333,0,5
0.46237336496379533,-0.77646534500091258,-0.42815001971817401,0.8861970602930086,0.42069712870016285,0.19408425034368637,0.029421789545999961,-0.46916467675652473,0.88262045318690563,18.473354504442412,1.5041122623046421,3.3746344262187034,,0.3088321356144149,0.2727272727272727,0,3
-0.88643829417087805,-0.38431690639846305,-0.25792957582204307,0.41470417751580363,-0.90695329924253376,-0.073865811740103024,-0.2055421995074615,-0.1724419567547246,0.963335962046594,-20.367394145613506,-3.9965173223963184,-4.6275609791013537,,0.2377255478300835,0.4,0,3
0.054962121531715404,-0.9010374923442207,-0.43024481703649975,0.99811097993857489,0.037732091124361211,0.048484647316869044,-0.027452448393380301,-0.43209689502404569,0.90140925022310892,-0.28290090049417516,26.003516734072182,-1.4579306171768904,,0.1201664915348079,0.3333333333333333,0,1
0.89844785403635719,-0.38019187914173325,-0.21964878468168514,0.40498852664907919,0.91081299456532194,0.080024884964354837,0.16963415593586023,-0.16085342385422749,0.9722913293731974,-19.776476002057912,0.58913957294951624,-4.675233645547114,0.4787243354438694,0.4654016440662142,0.9491525423728814,1,5
-0.39901028456997489,-0.85588437583698496,-0.32901782323382261,0.90987261434879474,-0.41405014907144583,-0.026349567586657456,-0.11367769554964599,-0.30987805545415559,0.94395602243032151,-4.9293369703669265,11.513495385212321,-2.3049693255095627,,0.09921702413935642,0.3629343629343629,0,5
-0.63786670012953006,0.75244681731090923,-0.16416412514477441,-0.76394774659816123,-0.64518160794462431,0.011159446114529922,-0.097518784515897336,0.13253105254495728,0.98636991376352812,-10.171572142463134,-2.2093709958287775,-2.8816549186937537,,0.09992015530605389,0.4303797468354431,0,5
0.8269104549033176,0.55732532998449125,-0.074883750769218813,-0.53210938800798724,0.81856682344705334,0.21635146115884313,0.18187550347793938,-0.13905693837230479,0.97343950460476325,10.275786944085729,-17.486302667620695,2.6402377718796695,,0.277436414465852,0.1428571428571428,0,3
-0.17859030028654763,-0.95594435871777639,-0.23297186027333688,0.98114493410265624,-0.19080390944589026,0.03079750679614247,-0.073892644615379185,-0.22307902450885633,0.97199569232374772,-6.4805682018991151,11.128452000345423,-2.6148676251725518,,0.07774581645889314,0.3915662650602409,0,5
-0.079723733729035517,-0.88109233944422938,-0.46617637826577796,0.99530138433956616,-0.096140428821943388,0.01149662027193926,-0.054947980964237246,-0.46306944114098986,0.88461709912782371,-6.734115849085188,12.987828195868163,-2.6924362650291744,0.3414038097539866,0.1595333357221679,0.1168831168831169,1,4
0.97532539603404478,0.11170403491481394,-0.19042736262098939,-0.080976694549829822,0.98343985072108742,0.16213832043496448,0.20538536167609253,-0.14271744321363689,0.96821928539548563,10.573589468854536,-9.3330575996948149,2.2201376350131237,,0.1356511010964586,0.2857142857142857,0,6
0.1828863941590371,0.96861491506339137,-0.16833809179221648,-0.9800683240194531,0.19313519841879578,0.046528221386948364,0.077579939966500838,0.15647345285533809,0.9846305964504265,-2.2036114048503532,-16.433934497506325,-0.23435984234870394,0.2139873456568193,0.211027147331898,0.6507936507936508,1,5
-0.68651526976910837,0.72707472678614982,0.0076893460511512964,-0.72311347983880125,-0.68159065514888006,-0.11198693713617124,-0.076181885309228772,-0.082441012139387426,0.99367992828081486,-23.813528293302689,-3.3164134005032451,-5.2151985309689479,,0.3025703829759644,0.3076923076923077,0,2
0.70308979959038875,-0.61154717022085081,-0.36287021413560067,0.70205674761080628,0.67809521745273216,0.21749298655788571,0.11305333628904311,-0.4076725826721756,0.90610264787788508,-25.570428759388598,4.0898915525189681,-5.7929808354880326,,0.1815947170686148,0.4594594594594595,0,2
-0.041535043102635581,-0.87907329967325376,-0.47487364003073557,0.99804645284963978,-0.058704795538332265,0.021378141524819427,-0.046670313355652721,-0.47305800995478453,0.87979429474673498,-8.0784704615841374,20.98324222914145,-3.0524463130747561,,0.3301650784189216,0.1714285714285714,0,1
0.12148647420141789,-0.94900403227162278,-0.29091645418970224,0.99170586027785879,0.10365835863511892,0.07598967940204529,-0.041958590022315556,-0.29773527069743344,0.95372594874317296,-11.083596939886645,24.031130601951517,-3.7750177718156817,0.1926898126898605,0.2951333393689344,0.4556962025316456,1,4
0.28909998295108236,0.95578996810368455,-0.053728360574658456,-0.95339233255710687,0.29253164216550848,0.073947944888747119,0.086395949436314068,0.029845857406138616,0.99581371988775558,-12.515801758875931,13.704685945365,-3.9204854567743457,,0.3121578996874792,0.4565217391304348,0,4
0.012449096504568933,-0.95843066635223961,-0.28505381560649806,0.99936286773760452,0.0023894159395984483,0.03561108365018107,-0.033449642501714831,-0.28531552444104935,0.95784976532305821,8.4167072165019423,-7.2279716815685173,1.5526437832313367,,0.0954138674703352,0.4705882352941176,0,7
0.29779231340807766,0.93790500467739657,-0.17791554253678465,-0.94915091507282268,0.3108357311819625,0.049936846486327208,0.10213852599039014,0.15399789096499936,0.98277788491949847,-2.9585477774664284,-15.026416206983518,-0.49681598648582065,,0.08274029171921152,0.3333333333333333,0,5
0.31983778040415101,-0.85215410534762992,-0.41417046607083063,0.94705744020997773,0.30047001797492773,0.11313696673092101,0.02803567671865408,-0.42842869772848979,0.90314054930204501,-2.0524716937669321,-10.968057147595781,-0.73715253287573723,1.228037758323949,0.7015865923972886,0.28,1,2
-0.78615116261587892,0.61802240007288833,0.0038291677750681699,-0.603307883307454,-0.76605974885488548,-0.22174773758365718,-0.13411169768809275,-0.17663740881403828,0.97509654822006253,-13.094991260373041,2.5908458512729338,-3.5845415963386369,,0.2986623623435206,0.2162162162162162,0,2
-0.56075320256289274,-0.77322158404761188,-0.29611522719772426,0.81496189369791106,-0.57860676989367743,-0.032424028952590112,-0.14626331609728047,-0.25950450438500161,0.95460172562599122,10.03446274534596,14.848021684227374,0.90873301727573286,,0.1970395448662205,0.2592592592592592,0,3
0.97031251584402078,-0.12520315947554203,-0.20692460089073558,0.15736084181662885,0.9765346723757411,0.1470292457668442,0.1836605212320005,-0.1752261467514114,0.96724588933499422,-16.632721325877036,-2.5101685259795001,-4.028713092880432,0.3022878490057776,0.1438322705064004,0.3055555555555556,1,5
0.090229257977158139,0.99129602671201666,-0.095869017048570551,-0.99400676710126101,0.095603116669298965,0.05301500768664353,0.061718943297742287,0.090510946896406153,0.9939811570297119,6.4782736482707106,-21.41916271238436,2.0829188533254466,0.3973248984183789,0.3730865592652541,0.375,1,5
0.56214165933116544,0.81662754400283943,-0.13082893112877014,-0.81400192177933961,0.57429158218328036,0.087120892861404994,0.14627927462203233,0.057520718087632788,0.98756961314468217,7.3297090559235096,10.648806939579153,0.28005384536835498,0.64224307536614,0.5549912438295272,0.9703947368421053,1,5
-0.45237363118669383,0.87769490679478679,-0.15814470713070328,-0.88971149741368083,-0.45635865418241028,0.012256839834359655,-0.061412939816222242,0.14624783533204899,0.98733987131272039,-9.6493999085217599,-8.117111965901719,-2.4351455301675595,0.1371382225899057,0.1264254905976323,0.5425531914893617,1,3
-0.70412586521561682,-0.67900844231127844,-0.20773613360311424,0.69042916722480474,-0.72303157946596197,0.023084629956311824,-0.16587444341917926,-0.12717260068492847,0.97791246983327196,-9.5747156680632575,16.818518889742645,-3.3593157623796812,0.3279461059211078,0.2967662165702961,0.837037037037037,1,5
-0.54245590759700146,0.83831926145206725,0.054427972510234901,-0.8366317279210953,-0.53322372030345222,-0.12537869014114461,-0.076085084930470365,-0.11354857984231742,0.99061484940763767,-11.372934639585766,9.7704090110812327,-3.5597675910899067,,0.100600233659869,0.3787878787878788,0,2
-0.97358328757895107,-0.11337708030832151,-0.19819490358665481,0.11687297021360143,-0.99312879738652593,-0.0059917138654212833,-0.19615374322304846,-0.028997059546699951,0.98014431567868243,-1.826231782827527,-19.770977793249997,0.12227860093901637,,0.1597093211225004,0.8,0,5
-0.21212508254783177,0.97689236105447452,0.026158445433372847,-0.97723058392952988,-0.21191416776066735,-0.010619384871803883,-0.00483065076643665,-0.027815470798082172,0.99960140275884724,-0.680425982775681,13.312883954670191,-1.4173469461975334,,0.07391256303537588,0.1730769230769231,0,5
0.35742658648618109,-0.89277338129624884,-0.27422969372717398,0.93362709909275032,0.34917147876022986,0.080123144346999214,0.024221377179924369,-0.28466641542208238,0.95832059187844343,7.5552233230532302,-8.9043179569009094,1.4831246301601237,0.7546637278737974,0.3902527589512113,0.6746987951807228,1,5
0.77854606615914568,-0.56762279664052195,-0.26771324883560238,0.61366422354172512,0.77789117343285208,0.13528319570513406,0.13146194739563252,-0.26961024281220231,0.95395391574105637,10.640021526127562,6.3388283036577073,1.2056415615651535,,0.4499484521492469,0.3225806451612903,0,1
-0.61838285275897542,-0.74873662452186673,-0.23873859033108416,0.77131211630452523,-0.6364545426000171,-0.001798456459903897,-0.15059969009100505,-0.18525410198806577,0.97108220611907448,-13.782229588086077,-2.8621378437951721,-3.5063569757626292,,0.6746709622848218,0.4754098360655737,0,5
0.5072308339228121,0.86163041362983128,-0.017604301350943975,-0.85044304248995783,0.50374285463249135,0.15162377085118631,0.13951169341095748,-0.061936796129561662,0.98828149870713078,-1.6532501506087651,-15.446665092725647,-0.20848688669206686,,0.2396225601251218,0.4545454545454545,0,3
0.92295931121192309,-0.32158566033744734,-0.21149177977533706,0.35082946261128051,0.92890023434604607,0.11858770086201952,0.15831865970596082,-0.18364917015109994,0.97015884487630144,16.445812873227986,12.512683376511772,2.4364702298462326,0.2555142717131928,0.2365629422690204,0.6666666666666666,1,5
0.32159386409558871,0.93622493806652118,-0.1416342187411154,-0.94202243847719702,0.33147367326434474,0.052143353729100318,0.095765922861650865,0.11665362949767373,0.98854479855162625,-13.407151924033036,0.95275885306304442,-3.5760730021456353,0.4667179667659119,0.1021620186337579,0.265625,1,5
0.08001364501058135,0.99672173197303882,-0.011983556433170287,-0.99560849471453616,0.080498827958927432,0.047787696633079364,0.048595698002774891,0.0081072627874828329,0.9987856278630155,-25.847319770831131,1.5326597346246718,-5.7695578633792293,,0.2962588005217766,0.5769230769230769,0,3
0.19994443688875468,-0.92638831927696152,-0.31910328118721176,0.97952760327305821,0.1967699015898452,0.042512118912856396,0.023407190847620996,-0.32107053389485724,0.94676597725155609,15.002173911229482,-1.3918730610188303,2.6645953141163168,0.511620294272106,0.330928830319409,0.3150684931506849,1,5
-0.83418161518445144,-0.48795458778141998,-0.25698512243187366,0.50969431615099681,-0.86009003275284601,-0.021373807395430336,-0.21060089499246754,-0.14881349341465544,0.96617897265780883,5.8839727077363255,23.946749721179543,-0.17067217482882055,,0.3624058183564133,0.475,0,2
-0.97430710478018523,-0.10616341214972959,-0.19863281575706082,0.10459309733227633,-0.99434465003436079,0.018411978125241493,-0.19946415609149626,-0.002836700331382269,0.97990101722874834,3.0096953271808662,17.927082422114232,-0.64525649317910927,0.4061607823912862,0.4139414166456398,0.96,1,5
-0.79890449323015911,0.59442589596950024,-0.09170313461121031,-0.58701951040572853,-0.8038169336196922,-0.096366133206931423,-0.13099505753914323,-0.023155807632090152,0.99111255842776214,3.6903517550492753,-10.752665419825711,0.67390743479478155,,0.2799334934380853,0.1578947368421053,0,6
0.72513509280060295,0.67985321497056872,-0.10944726256623756,-0.66718793118923125,0.73298205047925813,0.13265586361203946,0.17040939429648486,-0.023171529284967653,0.98510086720401424,-6.3301175532165619,2.507247371409286,-2.3768846135805748,,0.1077828394666914,0.4912790697674418,1,5
-0.74436200465155611,-0.62698227255941819,-0.22982261839806956,0.64529724663072807,-0.76390805417918839,-0.0059956860298267765,-0.17180416037430182,-0.1527668637381619,0.97321406474715899,-6.6972982682688951,-9.3675609066792731,-1.8231208176374754,0.7058114572084405,0.6816025166365953,0.9861878453038674,1,5
0.89786054395069459,-0.3079976136201899,-0.31461709047798753,0.40679646515139029,0.85366945946116957,0.32521545154498965,0.16841341857732001,-0.41998324250801494,0.89176846572165658,-31.198404950650104,0.13839645630113703,-6.6359295482141913,,0.3077775305957183,0.3333333333333333,0,2
-0.8428225104906274,0.53390855933093473,-0.067763309271631655,-0.5174516891637615,-0.83851080862955596,-0.17071430283657774,-0.14796609473743264,-0.10881761844744944,0.98298767068747051,9.3396479446141019,-0.98532517888500648,1.3815022730454254,,0.3605454670399843,0.375,0,1
0.63136307202881925,0.77525091421677594,-0.01914918495354535,-0.75984165082013611,0.62337161140160702,0.18452235576616194,0.15498818328266911,-0.10195025308755661,0.98264175004836862,-0.42552223703255282,22.504789552440855,-1.4407241846249761,,0.3720579428740103,0.2777777777777778,0,1
-0.96515138137689571,0.18467192031551469,-0.18541599950718995,-0.18392568000051071,-0.98270781516093397,-0.021370406125615509,-0.18615626570873128,0.01347708679961118,0.98242771381347749,6.9710139199768477,9.0903792756197959,0.23465778330971346,0.3565421468931809,0.1195972761278094,0.1111111111111111,1,5
-0.90799218041417784,-0.2971877097812794,-0.29534668689806981,0.34443911418722656,-0.930807297772131,-0.1223089164045838,-0.23856214478543572,-0.21278449090359666,0.94752881935393973,-5.7713191727157653,-6.8666729484425302,-1.8154617311909838,,0.2147602855260122,0.2777777777777778,0,5
0.19538010553976645,-0.92915878554531361,-0.31383206592575752,0.98072662251156451,0.18555690369943295,0.061187640798939902,0.0013806724196540018,-0.31973830976822076,0.94750488495322915,-1.3604991509796933,2.4178066106258527,-1.3897211751109864,0.9024086347959277,0.7827380924741971,0.9939475453934096,1,5
-0.81931442817444389,0.5493195181605004,-0.16423134522099966,-0.55496876683812058,-0.83176239703048382,-0.01345298183598294,-0.14399144286852369,0.080121045013274272,0.98633010829367929,-3.8125486544432996,12.018583429839316,-2.1077716787569627,0.2164299817274412,0.1996213744183825,0.7360515021459227,1,5
-0.03904438883626335,0.99476607263411077,0.094424554203395891,-0.99876735200796429,-0.04174974602570676,0.026846513177487284,0.030648201634071285,-0.09325995626685854,0.99516996954977577,-5.4556039325544887,17.513363853049476,-2.4622699489448134,,0.07593861704129849,0.2142857142857143,0,1
-0.039658666252095492,-0.96925278446717167,-0.24285022131704898,0.99831234070953123,-0.048753370898767731,0.03155280039971696,-0.04242240655788046,-0.24118903090447946,0.96955050966579137,-18.177212723179021,-4.4228799362725209,-4.2487279331424119,0.8422414106427601,0.8236001746828212,0.8911917098445595,1,5
-0.22003607552530274,0.97523400748619371,0.02242222357047767,-0.97548361055421851,-0.21988229688126912,-0.009137891350072487,-0.0039813323814426567,-0.023883177356429888,0.99970682844113457,-25.310192040254382,-22.539638935282085,-4.800289260453237,,0.3309490735221932,0.3333333333333333,0,4
-0.98202692092695365,0.074300591864526547,-0.1735008605837712,-0.060907118576920091,-0.9948277643472494,-0.081289865238616102,-0.17864335834669356,-0.069261398574071695,0.98147308123360155,-3.8837634739616624,-2.0812621815941776,-1.699886910099923,,0.2291824936479814,0.2162162162162162,0,4
-0.75478112800654307,0.6484293697210356,-0.09922097201878731,-0.64449688188251997,-0.76121380273952732,-0.071953566711728464,-0.12218517933399976,0.0096384128366887555,0.99246051959214465,-6.2499010463583167,14.748816755539254,-2.6302867255538387,,0.1189878870062851,0.2794117647058824,0,3
0.4077629457009061,0.91290054312662361,-0.018492659961043802,-0.89824479866949303,0.40468905862991872,0.17141484033896207,0.1639684779966,-0.053285684609894433,0.98502536720590739,-15.984274733889537,20.437641612754252,-4.7578572878103378,,0.5579547778149794,0.8235294117647058,0,4
0.97306120832698184,0.036163491054452011,-0.22769296599585431,-0.0026513244555143971,0.9893109204573608,0.14579737014926572,0.23053167966218063,-0.1412660772392472,0.96275596081954706,-18.324785991112186,3.779371583323095,-4.5102123651417543,0.2970743591454564,0.1736740851150429,0.2,1,4
0.94549166705366494,-0.24747102390859879,-0.2116686085788638,0.27388168983394373,0.95592980240905467,0.10576877062673105,0.17616562521044185,-0.15797564746446338,0.97160144467904042,-5.9451745976770081,21.913843440128421,-2.5960366393789132,,0.4975890726955192,0.582010582010582,0,3
0.32712807091898072,-0.90118474187658526,-0.28434712276662555,0.94471119034866868,0.31905533389980018,0.075660166138386192,0.022538678905992062,-0.29337647301533776,0.95573126611733961,5.1581153325823292,-13.228516356098055,1.1978999047348784,,0.1064504266896429,0.4736842105263158,0,5
0.36074603143779027,0.93049329846451234,0.063596558983312318,-0.9260815255184216,0.3492791818274969,0.14274824424625718,0.11061333054998215,-0.11039146096753771,0.98771373203479063,1.6592449306538564,-14.464466397387016,0.49153917559095683,,0.5184839096948531,0.1515151515151515,0,3
-0.98016963900442833,-0.0095037138678568042,-0.19793220606219272,0.0087969968847699514,-0.99995140613990252,0.0044495173492383779,-0.19796487471199972,0.0026200728138221592,0.98020561291940811,15.919351664931055,20.58098333748033,2.1175413414573865,0.4706577085969605,0.541119179464052,0.9555555555555556,1,5
-0.65082324673320668,0.74313424895374214,-0.15550109177624682,-0.74633886838890073,-0.6637919618676521,-0.048564646522631108,-0.13931042690201614,0.084449507943213362,0.98664121420328199,-12.788373766278674,22.353121267500143,-4.138529339390046,0.4353615159551473,0.3370009515460455,0.8446601941747572,1,4
-0.69603421902734697,-0.62876908589977853,-0.34667824067822456,0.69867074892788184,-0.70441280983052945,-0.12514702529110436,-0.1655160129278884,-0.32932055806374494,0.92959798811154881,-9.0743417608979886,19.428215235746443,-3.2755032524555601,,0.1914735964865113,0.2,0,1
0.90789786311761411,0.40323556159699409,-0.11455370797153208,-0.37826372857189816,0.90584476053211138,0.19068775908119451,0.18065996178831564,-0.12979349629345474,0.97494390942585274,13.757648931273803,21.216612883343437,1.6452100701789425,,0.5434164472596703,0.3809523809523809,0,2
0.15004283405724603,0.98843455803679403,0.022006190644386948,-0.9857578441670507,0.14785248281682445,0.080131866245763753,0.075951435873181997,-0.03371598735775054,0.99654132457479816,-0.87177271139700907,14.822153901897003,-1.4913338557488187,,0.1043123741343876,0.3181818181818182,0,5
-0.9169044244245329,0.3637749861617075,-0.16417684341515945,-0.34873857113679096,-0.93030223747386476,-0.11366246501194394,-0.19408164640734454,-0.046962819274098726,0.97986060648116857,-14.25778967403412,-7.8656902758607741,-3.3629089236860246,,0.2265074602315538,0.1818181818181818,0,7
-0.60063024970472056,0.79378513578356225,-0.095647589351312678,-0.79798027978755759,-0.60260074724407342,0.0099906201537488266,-0.049706903039889769,0.082325558789217046,0.9953651220332298,15.456358752839805,8.4976056532695807,2.2876380447728786,,0.1947951185962911,0.1818181818181818,0,4
0.96262512344021123,-0.17611135241141779,-0.20576118019087128,0.2027192857647187,0.97232003756692098,0.1161836293326409,0.1796044623631636,-0.15355304001446413,0.97168086376214902,3.2725712007061025,21.979629358785878,-0.65356311981156245,0.632814638241884,0.5720361102309612,0.9642857142857143,1,5
-0.97238169716479583,-0.11714997130544112,-0.20186559697493289,0.12025460510304373,-0.99273811335900797,-0.0031413748437436003,-0.20003165992018052,-0.027329883050100923,0.97940819504537802,3.329032309158019,6.3205249565650874,-0.46216543145735184,,0.07540694135450633,0.4307692307692308,0,5
0.37313712625206968,-0.89181867934576908,-0.25578922608725452,0.92687481818619422,0.3704772653082205,0.06041247637742795,0.040887118077186896,-0.25962673024885563,0.96484309839249582,1.844034869318889,14.325893141438568,-0.88487969497740449,,0.0969355179619036,0.423728813559322,0,5
0.18733670052795123,-0.94832550582623965,-0.25609313859357591,0.98228954043432948,0.17992921640726578,0.052275575906747057,-0.0034956242097044297,-0.26135074532603708,0.96523757103052621,-9.5953561264563678,1.3914465919031527,-2.9317836254669403,,0.06982240864262937,0.2941176470588235,0,5
-0.28535499147314247,0.95136582963193017,-0.11608439623873684,-0.95786179815693295,-0.28722883226709306,0.00061118413693635198,-0.032761325872588606,0.11136721296338238,0.99323916525871991,-4.6372134137876309,32.140029433811122,-2.4743534356236019,0.5632560069501746,0.5160548815235971,0.956989247311828,1,5
0.51001442715715062,0.84528151908410565,-0.15932494339063882,-0.85085652255317157,0.52294220289683924,0.050740816490524594,0.12620801131579329,0.10968411883343893,0.98592136195309432,-1.4190961242990114,-18.907164286679361,0.17491685962558295,0.482913040263649,0.4172784446893208,0.8352941176470589,1,5
0.26428309484312235,0.95483829184115943,-0.13578763645486275,-0.96027553972552859,0.27359722611354714,0.05491307374221175,0.089584226206326306,0.11588094880880682,0.98921497770615285,-5.10969587937036,-12.481132541434176,-1.2431947729514541,,0.6305612609767988,0.7083333333333334,0,1
0.97999459595504657,0.059848874127115398,-0.18981228665347913,-0.047529551210016376,0.99649709355963034,0.068807588890941018,0.1932654486986235,-0.0584093724750318,0.97940635670103438,-8.4470783056940615,2.8226965938927173,-2.7969376968360797,0.1673362492977233,0.1510522609929447,0.6828358208955224,1,5
0.97498708966440106,0.094167650178172635,-0.20132716818070387,-0.080469621324917445,0.99391697771886034,0.075190966518792576,0.20718304716256228,-0.0571095006292918,0.97663385662504432,-13.656182412285913,3.9493445609760287,-3.7279458735550128,,0.08021954443908522,0.5128205128205128,0,4
0.88861169907782744,-0.3827891417460369,-0.25266919326136694,0.42963790965166399,0.88753979400210481,0.16638623937348579,0.16056311796974426,-0.25640902289902928,0.95313897104451661,3.9195560924487829,13.83107336916571,-0.45053479259657842,,0.08231733290047935,0.2115384615384615,0,5
-0.63863767561483664,0.75861580942853724,-0.12901152262633686,-0.76377105152547797,-0.64533800052431778,-0.013879694915347466,-0.093785394049105394,0.089671170196239672,0.99154595511186117,2.1742934089416321,20.642367303719059,-0.88633601081547453,0.6218909009791669,0.5962885407911731,0.8160919540229885,1,5
-0.71432738910059967,-0.66655911016591796,-0.21315565635361636,0.67927388618145401,-0.73366730784850209,0.017868098563557384,-0.16829548042851983,-0.13202739885778136,0.97685484961594093,-4.9158043333301693,1.3101539858493565,-2.0488192440754429,0.1817301258482746,0.1931225167950362,0.7623026926648097,1,5
0.92882432998039344,0.32510428974865707,-0.17774297404819075,-0.29571799115543235,0.93947241227502098,0.17303888661555289,0.22324030492603775,-0.108160932693721,0.96874402134689597,11.338474098305632,-13.978379814734074,2.6747844805770478,0.6269350178188972,0.4773175885746271,0.2758620689655172,1,5
-0.32895598191675673,-0.85880568258688417,-0.39273497618325026,0.93824347052385415,-0.34442612926423,-0.032708278759569144,-0.10717813200712251,-0.3792406110064368,0.91906985968582833,18.405995371167315,-5.3439863090435935,3.8079812934381194,,0.4432887942966968,0.4230769230769231,0,6
-0.17254818334719021,-0.8991251073315385,-0.40224515632837016,0.97910548726735191,-0.20117530675478654,0.029680646136505298,-0.10760840685814156,-0.38871909821639589,0.91505076004300745,5.1302776757913007,20.379937071667193,-0.23513026932193007,,0.5735082024368763,0.44,0,3
-0.81081211630698835,-0.50609942465584179,-0.29401885043787146,0.54839271056291083,-0.83244302326409303,-0.079398035368638084,-0.20457064073626305,-0.22561468343607802,0.95249612469909384,-12.409386932442375,10.916918163610996,-3.7853999225584527,0.3391526077610628,0.3457156587105798,0.3725490196078431,1,4
-0.97126307764626141,-0.089086469957508269,-0.22070712465080009,0.14205731975959543,-0.96100623939577157,-0.23724823654796487,-0.19096531597081684,-0.26178351497546387,0.94604526286180324,-4.5715761435664444,7.8648562529522659,-2.245846711541259,,0.3256466334970581,0.2651622002820874,0,4
0.90236386619153641,-0.35615801690504156,-0.24267451449653837,0.39442366590476191,0.90940552930002638,0.13195285162809969,0.1736934793425223,-0.21478605697951328,0.96109184002418901,-12.25021895703749,12.321524057524966,-3.7977454844533693,0.3902665020116641,0.3360609568748835,0.3666666666666666,1,5
-0.94832205417988646,-0.22753149461692473,-0.22116668038705276,0.24427004295210122,-0.9683567218214717,-0.051160584626756725,-0.202527597310142,-0.10254110522400889,0.97389316357967082,8.1537050728952281,0.74197556140081888,0.903298409757052,,0.08876680154138522,0.35,0,2
-0.98086508439982756,0.06329309371142107,-0.1841132002159476,-0.028696261775482863,-0.98235217349165838,-0.18482622053250025,-0.19256222569713224,-0.17600622581219319,0.96537122274797194,-3.654576681727113,10.654741201613632,-2.0342894708377037,,0.1085119163082557,0.3269230769230769,0,4
-0.96672301817501127,-0.15025703882483693,-0.20704933811579562,0.16349334790803152,-0.9853626446784568,-0.048274047500719335,-0.19676516795515667,-0.080518822370112639,0.97713877618468803,-1.1638126572028573,19.470266356491326,-1.5899312366530385,0.2051431495390695,0.193718766237323,0.6883116883116883,1,5
-0.53362495220510509,0.84543203309276593,-0.022115329632005201,-0.84164484061343692,-0.53343564457195924,-0.084144966390634984,-0.082935955127326988,-0.026288600585260134,0.99620807908106568,0.49495894833106258,17.520068607002063,-1.188282831610225,,0.1100839667348402,0.5882352941176471,0,4
0.78110842641175082,0.61086729277497864,-0.12927016982400422,-0.58251077258188333,0.78747242224984904,0.20141594778470984,0.22483510850091007,-0.08202642753237413,0.97093812324558559,-9.6586755552156234,25.453735508279756,-3.4393489273488824,,0.2852872071648563,0.303030303030303,0,2
0.70592386243304361,0.69460440700556692,-0.13855041759611994,-0.68222659608838343,0.71938806163186819,0.13056679658780965,0.19036378867125051,0.0023525624304488054,0.98171079927478599,-3.7145757857001023,-18.738485565704959,-0.36295048400935409,0.26097036056278,0.2329167948020255,0.1851851851851852,1,5
-0.69685948086539806,-0.6286473195211707,-0.34523819543447809,0.69687346979859743,-0.70730386296616654,-0.11869546126116919,-0.16957072571311174,-0.32330139667496827,0.93097904159499922,15.127594789161838,2.2440569599295999,2.5231351950590537,,0.468720256314577,0.3902439024390244,0,5
0.64249579114719091,-0.68984439243741935,-0.33363733691059516,0.76061951185611476,0.62698696733133064,0.16836062776203867,0.093043627089189451,-0.36194206306991944,0.92754559264694858,4.0454346754335697,-12.586727679933402,0.89643112390652169,,0.8402813532705311,0.6625,0,2
-0.9657149742133162,-0.14483166909924944,-0.21544924276056535,0.17898858332390088,-0.97258150254830722,-0.14848672647944491,-0.18803636781186375,-0.18195880997303759,0.96515973592629678,17.917116552301174,-12.380552661099827,4.0943033247123291,,0.4501099024769352,0.2571428571428571,0,6
-0.59007663994746962,-0.78118207683459095,-0.20387280794824103,0.79361088014464098,-0.60762224831366896,0.031256587630310952,-0.14829473997533965,-0.1433518963482453,0.97849829019217449,-5.0003455114557243,9.8789529352748762,-2.3073778711665285,0.2117121994097605,0.1844206180717518,0.8446601941747572,1,5
-0.93675587288362738,0.29557194470359988,-0.18741840924030884,-0.30346750503609093,-0.95273502553236222,0.014263397597394856,-0.17434422274685751,0.070236718516623345,0.98217661108723875,-6.5332067437324497,-4.7918909599025916,-2.0235351882776764,0.2345963993643632,0.1800025449536636,0.5,1,5
-0.8186091970023992,-0.51138399806392354,-0.26146775921180937,0.54041526100867621,-0.83996299321377299,-0.049127545229578379,-0.19450020116188135,-0.18151742769088783,0.96396114817583356,-9.1375255818906034,-0.48563636932904397,-2.7343866019120489,0.1581832510321594,0.1845230356892048,0.3534883720930233,1,4
-0.93012212499052305,0.32280570848052698,-0.1751265461758974,-0.32399602870430294,-0.94578948233995397,-0.022557226756901961,-0.17291444701630368,0.035759329796668765,0.98428749069849431,9.6482932392206422,2.0438627487598282,1.2528084431695379,0.5823421353685931,0.5401918880856245,0.9276595744680851,1,5
-0.43540123110904644,0.89782312931583985,0.065874095168284422,-0.8990013810319365,-0.42980644026705583,-0.084041304176180789,-0.047141116357149376,-0.095812589832835915,0.99428248640822736,-2.1354184277178638,23.73646524481212,-1.8086806460864933,,0.4220648589276714,0.2682926829268293,0,4
0.97531412448676769,0.10673668835070536,-0.19331228087355484,-0.076112198406497772,0.98426716476807852,0.15945244310809412,0.20729035633705134,-0.14080279727098627,0.96809363206785204,-14.864204869562728,-16.881511315993261,-2.9916470492715725,,0.3413036143814084,0.3783783783783784,0,5
0.97624138544222405,-0.089158318175588447,-0.19749316861589741,0.13461866937011763,0.96374958101503749,0.23035745907254418,0.16979567487679326,-0.2514707525606914,0.95285460034555824,15.645071078966229,-15.842442394579466,3.7753830175892604,,0.5396705271469654,0.3478260869565217,0,3
-0.69074583770355902,-0.61283424814937926,-0.38380251691513573,0.68775640367999102,-0.72071000290824971,-0.08699552232819513,-0.2232964775637391,-0.32405443370393044,0.9193081132593417,-21.013776539740938,9.2712086247577954,-5.2230857731264786,,0.6880183789025083,0.5714285714285714,0,2
0.3990575468581497,0.90707838554314701,-0.13402192647471589,-0.91250501520883098,0.40720414842088837,0.038979208913865832,0.089931482331202003,0.1067407325684888,0.99021146453495246,-15.858553499698038,-12.305676193910111,-3.4475250633443246,,0.1514522568615922,0.125,0,3
0.87872392236706431,0.46337021285451474,-0.11459630927304672,-0.44256320136766747,0.88083987543493558,0.16810391619165027,0.17883534621277625,-0.097000823104392245,0.97908567513881395,2.9853597612552609,23.586714641360246,-0.72010367653720131,,0.1737761403286441,0.2173913043478261,0,2
-0.54638730968437832,-0.7246499162618798,-0.41993262159246181,0.82564769926632786,-0.55020418349391287,-0.12482480988175383,-0.14059439715752073,-0.41491909491784901,0.89893011973148718,3.9204933148249106,-6.1406713813849594,0.32259519391695446,,0.3737971588348719,0.2575757575757576,0,1
-0.60847465356686714,0.79357134294223519,0.001766246737412539,-0.78840822434720137,-0.6042592903099363,-0.11525268697876236,-0.090393958583376358,-0.071520862236055596,0.99333463571781144,1.8485286804806655,2.231379064697927,-0.69669428546775725,,0.5279799990454388,0.2935323383084577,0,4
0.93900424198161381,0.31795832361523896,-0.13104784616437526,-0.28129186605253803,0.92932248690949726,0.23923754182199081,0.19785327804516117,-0.18778237342235998,0.96207684755358791,-7.5599961463756085,-8.533841037999327,-2.0383114427641842,,0.4742069430974968,0.1132075471698113,0,1
-0.62001511958741895,0.78332242283923359,-0.044578395667326201,-0.77883943290538793,-0.62134304018793862,-0.085685262219500902,-0.094817663094031709,-0.018406745700530865,0.99532447095311771,-7.4865826413957031,19.491399944787396,-2.9538875726886795,0.5652060495271658,0.5331934471394546,0.4361702127659575,1,4
-0.06662317786405475,0.98667152661198754,-0.14846094013061001,-0.99746232973253468,-0.062117005896533857,0.034790492134983926,0.025104838892908866,0.15040204836244761,0.98830611194737694,4.4554878848661676,22.810066229939942,-0.40636234810716432,,0.07910282608306615,0.2592592592592592,0,1
-0.97734012029916806,0.10262401534827323,-0.18513400748486339,-0.076099278031436249,-0.98648661306963936,-0.14509673365546913,-0.19752262942939522,-0.12772029481718788,0.97194255856769063,9.2228890998507005,-8.7378616498633956,1.8267555658822643,,0.4333337826230032,0.2222222222222222,0,3
-0.22559383255013726,0.97009352742901689,-0.089587782401774632,-0.97419131890050958,-0.22535418346197889,0.012913797856202227,-0.0076613898364928821,0.090188913046515093,0.99589520687131583,-7.8417986335221741,0.82460364338414271,-2.5712583288195319,,0.08308379698844008,0.3095238095238095,0,5
0.75611990091736347,-0.59913321224870686,-0.26329088365772046,0.6422092079422923,0.75669389707336776,0.12239967061252374,0.1258968969865861,-0.26163665666811009,0.9569201801700512,-11.298956748544033,25.291959026815412,-3.8076882955321243,,0.08825399520451813,0.2307692307692308,0,1
-0.97617731937515373,0.096202596922751016,-0.19448110829295942,-0.095274147462709929,-0.99535057564898299,-0.014144553032586904,-0.19493762582629584,0.0047214299271042511,0.98080427718105423,4.3974161997663241,8.0070007963381862,-0.28001766543975964,0.4441739672987395,0.3981691703688731,0.8866666666666667,1,5
-0.47361930574772931,0.87337768144479277,-0.11356134367449605,-0.87870445924165064,-0.47732483880516174,-0.0062826402463327232,-0.05969276783562022,0.096811279372522485,0.9935111220587205,19.082729764688377,20.095395922983339,2.8048351050389488,0.2926552560687231,0.208459546382352,0.25,1,3
0.97448556994230351,-0.15606204555576111,-0.16131494633534366,0.17914436582373067,0.97379557183110677,0.14010524785225253,0.13522266883861084,-0.1654292060643443,0.9769073690033685,7.1635874949981968,13.761365215352042,0.2609193153388773,0.8318469969264145,0.4859733668375084,0.3452380952380952,1,5
-0.016356908943649526,0.99014503789528485,-0.13908722249421365,-0.99893812355451006,-0.010190670342148022,0.044930786186896651,0.043070602958446183,0.13967445782720408,0.98926031406878578,13.471445022999838,4.0520524959347739,2.05964657695626,0.1723284898135081,0.1390887425605282,0.5862068965517241,1,5
-0.9475212269373926,0.27260262427427723,-0.16700698710483722,-0.25961749214187102,-0.96096618948269752,-0.095617678517467969,-0.18655369810599737,-0.047241844903448758,0.98130827256937703,1.5472431659354016,25.07427708028721,-1.0406025468222286,0.4623923232659707,0.5219965153276275,0.4787234042553192,1,5
-0.16244121373205161,0.9766892394086063,-0.14032455845181407,-0.98671532365113324,-0.16044492391358697,0.025500911011240322,0.0023921022757858565,0.14260279104492299,0.98977710714731137,-2.7904620219927785,21.890184920867185,-1.929029998680152,0.3099003383942143,0.2792104660980247,0.5909090909090909,1,5
-0.82074522607904055,0.54698138114445594,-0.16488978910098956,-0.55332823766568029,-0.8329169731186904,-0.008785060761996635,-0.14214476870521028,0.0840278797310932,0.98627287307197087,8.9498372991235389,-4.4736860624369221,1.4595966280241921,0.3701085997316473,0.3115566790238696,0.8142857142857143,1,2
-0.74389301995374113,0.6681784723800761,-0.012676904666803199,-0.6583405613445209,-0.73593900570935833,-0.15805532311220383,-0.11493859296461113,-0.10923053109524739,0.98734888004391119,3.7995072996399815,-13.526244674294039,0.90500256817995661,,0.6376747281044024,0.1914893617021277,0,2
0.61820073505948114,0.7735339201226874,-0.13954614144270122,-0.7708829422432818,0.63133813296628405,0.084567435937177943,0.15351658063629339,0.055294089035587683,0.9865978021399936,-4.7019723468151149,-5.5399595646945095,-1.6532049059484937,0.2847166018100384,0.1146380072031108,0.1702127659574468,1,5
0.76337185384913875,0.62752921529285144,-0.15320083780733593,-0.6207269598866485,0.77826324315015349,0.094891335912645355,0.17877766644861043,0.022658515294377748,0.98362855675496008,1.5467055870469193,10.65143673277456,-0.88612164928722648,0.6309923172030407,0.7713923304595854,0.781021897810219,1,5
0.86994392037995361,0.47702136332074041,-0.12509274291331951,-0.45512523168358393,0.87427965416190079,0.16880790800051343,0.18989101842614767,-0.089920549676745662,0.97767872834940561,-16.485603017310861,-11.423393666772718,-3.5549435340096869,,0.1210448366165955,0.4444444444444444,0,5
-0.7751897591111262,0.61334040601338935,-0.15130890165672969,-0.61840140994854298,-0.7856866039012772,-0.016620969398112712,-0.12907568920168278,0.080685232858370606,0.9883467810721609,-17.410629142153429,-0.619717719708064,-4.2110665283986339,,0.07863226581738138,0.2647058823529412,0,2
-0.67042655533054296,0.72972456802198116,-0.13427691064645694,-0.73446875454742244,-0.67836379448654427,-0.019447645702682443,-0.10528001947749559,0.085583977209240478,0.99075299663632987,-0.41372437726376959,4.0390947344052739,-1.2439357220484175,,0.06759814443249898,0.1544117647058824,0,5
0.9391702809370559,0.30951746338387914,-0.14885604880226252,-0.28072895574569062,0.94149808372640897,0.18647415838510983,0.19786469318841779,-0.13334278458135582,0.971117534075842,-12.865536639367937,6.378959570153877,-3.6745295343039501,,0.06653261290653702,0.1904761904761905,0,1
-0.086413221409894977,0.99139472838536968,-0.098332332908670966,-0.9957871730575798,-0.082911952496152422,0.039160108621758269,0.030670199535650068,0.10130202694404991,0.99438284287163192,-15.902415230049909,-21.260360270612356,-2.896210046232814,0.5479053938039391,0.4517213256722722,0.7,1,5
-0.894784188668729,-0.39392872974840687,-0.21019374773587149,0.41252361509513197,-0.90948382117074567,-0.051608584726796268,-0.17083770865148029,-0.13288843029950365,0.97629664671924676,-5.9984900445422236,-3.1353190113416454,-2.0285517273320526,0.5174208249958336,0.2654458805043023,0.6714285714285714,1,5
0.81235380463476659,-0.54667153579633987,-0.20305548021536407,0.56716983991314585,0.82162233881315971,0.057053527989875251,0.13564537879455205,-0.16151459473764621,0.97750364035046811,-10.580236308903759,-5.7131326967313436,-2.7489563324394513,0.1551393200390171,0.1297567157830605,0.6129032258064516,1,5
