axis_00,axis_01,axis_02,axis_10,axis_11,axis_12,axis_20,axis_21,axis_22,location_x,location_y,location_z,dbh,dbh_approximation,score,reconstructed,number_clusters
-0.15344539421278947,-0.81962680836879664,-0.55196594641160934,0.96659151895282414,-0.2405586771450034,0.088500612081050423,-0.20531767211654264,-0.51994559124338013,0.82915694272147156,21.64430600865683,-17.070090309599397,7.2061878913423607,0.781925735860689,0.521653282604403,0.3076923076923077,1,3
0.12218724292251011,0.93982280776184213,-0.31906640010763321,-0.97521993806100571,0.173425024112738,0.13736751224283705,0.18443521918355305,0.29437535736223747,0.93772426592392855,-4.5193449265537504,29.287804427076491,-6.7918926137545315,,0.1110696352984426,0.2666666666666667,0,1
-0.76059762524790842,0.55977569991776011,-0.32885014558127379,-0.60645731305848838,-0.79340575835716398,0.052123219812029963,-0.23173428728852788,0.23907837289741654,0.94294260255203377,-17.66291388483538,-2.7769840721386005,-8.1808117792388337,,0.6093387229573373,0.5227272727272727,0,1
0.91288963245700727,-0.01189962523695043,-0.40803298625445933,0.19839356163240859,0.88651388503479067,0.41801091653607708,0.35675273461505425,-0.46254894936616558,0.81165014371029254,-2.9417309140532462,4.1305870434529997,-3.2808037356747839,,0.4125521675354379,0.2547425474254743,0,4
0.50494968557285003,0.82378887038990334,-0.25767753503478902,-0.79874327522908373,0.55911765772676891,0.22225351537027671,0.32716203220452422,0.09359135558296261,0.94032210589985987,-4.1212687188015256,21.134193565104795,-5.6359365438669267,,0.1592177415728609,0.3529411764705883,0,3
-0.36025062191893892,-0.71105159840697829,-0.60384196095493348,0.89163898952409826,-0.45274553811908153,0.0011790138711854645,-0.27422509324907307,-0.53798429541776127,0.79710319038151667,-9.0422033629889462,-1.726235554669812,-4.9136704987967903,0.5326038945190004,0.3397130593001851,0.1764705882352941,1,4
-0.88305078255711544,0.31491898754897013,-0.34791859206773723,-0.34477771540097957,-0.93833118316597641,0.025747187442885643,-0.31835458593861371,0.14269065133872483,0.93717113465598323,11.501268572150668,3.1338101014510231,2.0413809017994322,,0.2289512489092652,0.2666666666666667,0,1
0.26099466917715858,-0.7662808905163293,-0.58710763876022432,0.96522811564967848,0.19788239674898983,0.17081347082781767,-0.01471283183061191,-0.61127420515377207,0.79128211068692023,-1.6698316258279848,14.29207171320464,-4.0445791311268247,,0.2241055601413675,0.1481481481481481,0,5
0.11344835088889439,0.95085984390566336,-0.2880885782676697,-0.97701788550493296,0.15943456210639215,0.14148028770613921,0.1804592006079469,0.26541698825365329,0.94709466224992522,14.9678145839974,-19.566195794608568,5.0444592213917945,0.2666525310108863,0.1995508744332703,0.2142857142857143,1,5
0.909308893448037,-0.147754533362042,-0.38900634206561596,0.23211789453614906,0.95598711876336306,0.17947120046020729,0.34536736865606016,-0.25349009177774173,0.90358406030545957,-8.8590827956036797,11.598259006800049,-6.3284093604472123,,0.08784920240857944,0.3431372549019608,0,4
0.92666922268282148,0.17007616916523444,-0.33519881923195011,-0.028409090867882823,0.9209159152826113,0.38872458185102016,0.37480271515622104,-0.35069641238722221,0.85821614471545304,9.5645176542518193,6.7686144231408907,1.0196493124133501,,0.4048239389962278,0.3125,0,3
0.7781487828938235,-0.39703545045121175,-0.48666962383722462,0.57928030710320733,0.75313598758811262,0.31180203655860428,0.24273194574113269,-0.52454650440612294,0.81604666976346518,4.295748595917833,25.416116504389457,-2.9879974538445833,,0.1292054488208539,0.5,0,1
0.20661141963118487,-0.88769149356190402,-0.41147968787756883,0.97704173140544748,0.16484778715126985,0.13496170628579926,-0.051972842622191789,-0.42991745641362911,0.90137106914999388,-11.623886432495853,10.664264208989813,-7.3641092588706316,,0.1005247915971676,0.3925233644859813,0,5
-0.64170903007861946,-0.63926809777641003,-0.42372847423897236,0.67791637085587386,-0.73115652449002733,0.076416822894344288,-0.3586626755618133,-0.23821510418316141,0.90256005301467168,-7.4330297314644405,9.2226140655223361,-5.5240518778695717,,0.07848333146878594,0.3,0,5
-0.91354266020107822,0.15056631130881012,-0.37784863886429104,-0.20577809869339314,-0.97239247227148762,0.11003751163979501,-0.35084922985645989,0.17827693560470562,0.91930525514680184,-0.79101824769183282,-11.023435271928298,-0.96489959941811387,0.199718676700562,0.1064162253292847,0.375,1,5
-0.90250750479286779,0.26748918158073376,-0.33753480047221818,-0.27203323160748993,-0.96166100693143275,-0.034727923185929287,-0.33388339984751642,0.060478471251275395,0.94067222230773417,3.70876839964835,6.3962495764076586,-1.1292071493880524,,0.14252679420167,0.3623188405797101,0,5
0.26205643581640409,-0.84292717721428334,-0.46989381604865044,0.96459393266831051,0.21377561576205231,0.15446207031190032,-0.029748437046103526,-0.49373450357364673,0.86910371675318399,-17.237898161518761,-14.624792649372713,-6.7594687637721576,,0.660185906363818,0.5882352941176471,0,4
-0.62615355619977897,-0.6327439887297186,-0.45559496132505273,0.68304203569257871,-0.72693543255489534,0.070841050056908508,-0.37601236885946793,-0.26683313441668588,0.88736394835606136,8.5902083423214375,14.024045196344648,-0.00024886299978210495,,0.2121361965746388,0.5,1,5
-0.90472313316414976,-0.2007433463810103,-0.37573682438829092,0.19552718799808325,-0.97929726198010314,0.052402208272505788,-0.37847743799492956,-0.026057274646950439,0.92524366918491652,-3.7794699179795335,13.501736557915221,-4.6702881925837767,,0.2889657223948279,0.25,0,5
0.46063651525741639,0.86403026068920408,-0.20313963036505428,-0.82995058774993191,0.50042099945452989,0.24649715048753146,0.31463633405099184,0.055050267195321259,0.94761460804309972,3.3456605923722949,8.410906166430463,-1.4339579038968624,,0.5732803691654875,0.5384615384615384,0,4
0.33683952464657591,-0.79631786478565791,-0.50241117907454991,0.94156171676694123,0.28534220007764449,0.17900101221428852,0.00081740733978179485,-0.53334574815785318,0.84589694689553097,6.1568265117642405,24.497393595895868,-2.0148515365651529,,0.2399537774020962,0.4444444444444444,0,5
-0.46518965129809786,-0.72875606008886584,-0.50250690861808733,0.82425941268947445,-0.56360166596947125,0.054310060847308682,-0.32279251682459426,-0.38893157110241017,0.86286570454610945,-18.967816142151595,17.413247532811194,-11.006025047804002,,0.2097476263645174,0.5526315789473685,0,4
-0.91842055821700941,0.12123738461160528,-0.3765702787221713,-0.13242691909102031,-0.99118524205740544,0.0038635511724659003,-0.37278249602739727,0.053416406656940099,0.92637999662959214,0.92098109636623349,6.9716615152648229,-2.1419098619429762,,0.1814742862116842,0.1372549019607843,1,5
0.91080084140759565,0.20200072957426199,-0.36005212475790593,-0.14573775391552155,0.97329105356246748,0.17738385535026055,0.38626718003847499,-0.10908817675041212,0.91591344313662959,-5.2676301491783342,-1.583965256745109,-3.588321901133833,,0.08685103630710592,0.37117903930131,0,5
0.054582779452057195,0.98083085660648128,-0.18706028684860945,-0.98594348391791176,0.082568978553856739,0.14525085301086305,0.15791189539454803,0.17650267564308669,0.97155063624277072,-19.677746849528699,23.443903945239551,-12.02468468974239,,0.6243534444705121,0.2058823529411765,0,1
0.69848458596306306,-0.59707457645599515,-0.39448857185209124,0.68861933315992563,0.71078873218165395,0.14346704221519585,0.1947375083808667,-0.37186197486902467,0.90763206999098534,-17.029211097354334,0.78075504577258303,-8.1955641166629629,,0.0824946274399482,0.5789473684210527,0,1
0.034416152622161036,0.96199565653753849,-0.27088721867522264,-0.98796440327123991,0.073647840284932944,0.13602328289769922,0.15080406595178603,0.26294553128789755,0.95295214007217288,16.198580085246142,-2.0757100868525877,4.3772863146845973,,0.1466074156014491,0.3888888888888889,0,5
0.63338663868758982,0.68362353015999566,-0.36260203383823286,-0.68721404629454053,0.71232940698001246,0.14256111155216872,0.35575022207656115,0.15888890761500715,0.92097562102880237,-12.723073207048079,14.94872248154037,-8.259960086192434,,0.3725524877768921,0.8791666666666667,1,5
0.48144845707102685,-0.73069881390477631,-0.48403163795570159,0.87346695060593926,0.4457060202186976,0.1959633377445141,0.0725456365544358,-0.51713188540154964,0.8528257405343419,-18.580575226490172,-9.4308185790702375,-7.7221462160709162,0.4549285489062012,0.3934860385059161,0.910958904109589,1,5
-0.91547298039269098,-0.075092136542112511,-0.39531050226431524,0.060397875379691227,-0.99694597049395128,0.049505843750954147,-0.39782071190492796,0.02144534787349759,0.91721250440344626,-7.6823542923444172,-8.3433541405972917,-3.8918950616381793,0.1209681311535576,0.1026368951505157,0.4634146341463415,1,5
-0.62860011066225252,0.72468095710700131,-0.28231084159466019,-0.76295989780296158,-0.6450061501451938,0.04311914446473615,-0.15084460620088128,0.24249654983392477,0.95835344633321173,21.085331969411683,-15.856759400619261,6.846728304580818,,0.1085237153798768,0.2666666666666667,0,5
-0.37460707342248767,0.86690546128376433,-0.32885325258878539,-0.92676550061791974,-0.36074610882619612,0.10472798972183088,-0.027843265007117399,0.34400169500039213,0.93855611789098758,1.6981924584514994,13.36961237059716,-2.5759173507463067,,0.07949034159265699,0.1666666666666667,0,4
-0.9303923427438715,0.066316874531000866,-0.36051651933858608,-0.063165076074935239,-0.99779186658889873,-0.020532027018499512,-0.36108207062663367,0.0036692126512703556,0.932526822751229,-13.043708896618154,12.196860158430411,-8.1175946373592911,,0.1587535719299186,0.2,1,2
0.87103799950979133,-0.2901370818349161,-0.39637517222235241,0.3803699121813624,0.90897922484564841,0.17051539140542787,0.31082395872442503,-0.29929457486450156,0.90211486194361834,-1.6943713130182378,19.026041831716046,-4.4489560250666722,,0.161187535949022,0.3055555555555556,1,5
0.044270169933739403,-0.76946751972275185,-0.63714981609175336,0.98765856872168822,-0.062200367000873745,0.14374166402119998,-0.15023549409066,-0.63564994331524471,0.75721756839013055,-5.7332853739630236,-5.0528950693638937,-3.3947842165969222,,0.3734800310768066,0.2266009852216749,0,3
0.35733882822436758,0.89477820844626321,-0.26773292575425645,-0.89520256989594005,0.40986771384304105,0.17498804530820514,0.26631057187979468,0.17714518011726244,0.94746940027965121,8.9625301325253872,17.917315920061107,-0.25688064634350521,,0.2703654227370184,0.8333333333333334,1,5
-0.59702387298363413,-0.62540398262147945,-0.50242646587218531,0.7216785190896523,-0.69221627934541763,0.0040911726624128638,-0.35034641452737658,-0.36014786009412775,0.86461026404816221,13.374882570797849,-1.7367233781125768,3.2750234274983097,,0.1687513290240273,0.2571428571428571,0,6
-0.84784442781353309,-0.36149524150830059,-0.38791882732396221,0.3520401608310495,-0.93083958708862724,0.09800708275794566,-0.396519295101249,-0.053468247357935726,0.9164680000615838,-4.8152199533507956,11.559319977045835,-4.8318280466710943,,0.2498780033959507,0.7240143369175627,1,5
0.88859906825857371,-0.23838014518209716,-0.39187574851342283,0.32929711290021169,0.92627556843118208,0.18324023238108611,0.31930409851046127,-0.29187065236239734,0.90158550063982767,-8.5985059434431417,8.6969931451760836,-5.8835283100125775,,0.1411576325138035,0.7426810477657936,1,5
0.82048330345750953,-0.41353694447185546,-0.39470792277877381,0.50438216295850102,0.84865410665434726,0.15932620923130261,0.26908322585541683,-0.32980813030547623,0.90488718343650398,9.319200920063011,-7.8328189501273551,2.3355910477324464,,0.07595730893374519,0.2962962962962963,0,5
-0.15496865932025924,-0.87432276674506304,-0.45993957666169449,0.95878186176054103,-0.24534081874365815,0.1433360534449778,-0.23816392713312295,-0.41876912757442947,0.87630494783669843,-1.5668080439008176,-8.6473430997626739,-1.5996198954229641,0.2330745223907378,0.1477944383943914,0.375,1,5
-0.80366829465667322,-0.41823291796200562,-0.42331843628245175,0.44142991868853737,-0.89605165371956119,0.047234105824818504,-0.39907004278730979,-0.14890486962965677,0.90474882743792973,10.675821338598803,-11.040830592436812,2.8737170108590515,0.274388701540809,0.2057617143948811,0.4772727272727273,1,5
0.36595311759678273,0.86273228681938552,-0.34895747162167123,-0.87670248181849386,0.44538455101016239,0.18172880920418141,0.31220357796554671,0.23942765713440475,0.91934940197111192,-10.474582866602649,11.900185084661343,-7.0002333251472608,,0.1909484926896848,0.5979381443298969,0,5
-0.40846316815689299,0.85445557839396635,-0.32103505230841445,-0.91102270965809395,-0.40341329657955971,0.085412731077027584,-0.056528424234698921,0.32735817798589506,0.94320790950844813,-15.065546611154144,-12.705434400402941,-6.1561984398336955,0.3169256929090586,0.2629495823362772,0.8490566037735849,1,5
-0.91817409449286835,-0.095341587339664233,-0.38453389177776504,0.057568951799501319,-0.99241719818209007,0.10859981832911265,-0.39197212654844149,0.077576326775394222,0.91670047754603534,-10.622184403439409,-2.0147555029245652,-5.4831783595426717,0.3085644994356762,0.2953237713553876,0.7918454935622318,1,4
0.91475548407589891,-0.047138907830692994,-0.40124846133237485,0.19925295744953664,0.91661868952918069,0.34656664143194976,0.35145506583442782,-0.39697367844019321,0.84787453984948802,-6.2622187834173131,-9.1263941181541135,-3.3028131504043867,,0.3725201391094651,0.3,0,1
0.048079215502000741,0.99549477657668195,-0.081722327703350917,-0.98404888960141901,0.061237945746551184,0.16702603651813319,0.1712780543762874,0.072388285027925284,0.9825598018847449,-9.0939716064945717,20.006766324279315,-7.4556752337888152,,0.3888048294231139,0.3461538461538461,0,2
0.27318699250928341,-0.85520227647869673,-0.44045196495121691,0.96116131282028638,0.22400151630737639,0.16122112587865323,-0.039214765858246743,-0.46738890337453615,0.88318164334469262,-6.0303915413178828,-2.3438808245377887,-3.6839659145816954,,0.1062951145768688,0.3475935828877005,0,5
-0.90002732003542041,0.23098723806919053,-0.36958858077465762,-0.27289415531635114,-0.95986920606942683,0.064652047406276628,-0.3398228997346025,0.15904717252694323,0.92694357634494184,7.1546060912827887,2.2158741466162666,0.61583729740931548,0.1437047856094245,0.1085615238714761,0.2857142857142857,1,4
0.82485009395650588,0.43834417484165122,-0.35703880304854257,-0.40267379645987172,0.89880674892818868,0.17320577855757083,0.39683262988889639,0.00090136759002299837,0.91789054434171524,-19.424076674840805,-13.989199819987565,-7.7380388934701045,,0.06257138957875438,0.2631578947368421,0,1
-0.20338157412626973,-0.78512890166414562,-0.58498593408523514,0.9471641237685432,-0.3091211175634096,0.08558187496262612,-0.24802430919506754,-0.5366719132281873,0.80651546767579618,-7.3193796210115565,-10.31068741263943,-3.5592354255064316,,0.2633282387089039,0.2083333333333333,0,4
-0.80978735160607729,0.52611412888182196,-0.25970823739292126,-0.52218235989510653,-0.8480877888471382,-0.089848124202735941,-0.26752575239253829,0.062857185741126739,0.96149828185364572,21.580443274915762,-7.3545624187632974,6.4985239588112593,0.6028270459228848,0.3385387853350763,0.4848484848484849,1,5
0.27267352548682366,0.90179301152301816,-0.33528870077417267,-0.93168617916987395,0.33443916549820496,0.14181434386093147,0.24002085751540186,0.27371483143795911,0.93138079162524146,-8.3261376829188798,18.206672213806968,-7.0506513739272654,,0.3030686222123964,0.7829457364341085,1,5
0.54459504198702946,0.81187092801076921,-0.21043249866424657,-0.79089682149315343,0.58062371410120106,0.19328300591452419,0.27910295232256654,0.061169427611015209,0.95831093238602261,21.556227852477331,-19.607150519938244,7.4545844341860237,,0.5006303057170888,0.2916666666666667,0,4
0.87104256407880098,0.33686660742760072,-0.35749928722061391,-0.28453312313631762,0.93928145712676836,0.19181044324047705,0.40040698470596314,-0.0653546715853877,0.91400383669908347,-5.3035592979757258,5.8954590814851526,-4.3891093961418788,,0.07301084825360085,0.3508771929824561,0,5
0.88166009639354193,0.2988471196133175,-0.36519292644594559,-0.25565967701700471,0.95298900645285178,0.16263481523821108,0.39662779022011457,-0.050023521255801853,0.91661553736900991,8.2628203021357933,9.0842296057960734,0.41922990680773214,,0.08643905348111056,0.1935483870967742,1,5
-0.15967824403515996,-0.78208536547873719,-0.60236644950216089,0.96625303353986547,-0.24876893689640531,0.066851261846291588,-0.20213345481848635,-0.57136371703095012,0.79541534389507507,4.7881897866215608,14.83959148495774,-1.5252780348382575,,0.3684090741628018,0.1176470588235294,0,4
0.38496992664786489,0.90542047383549484,-0.17891875568605417,-0.87909777475775897,0.41876341934437322,0.22764951358385491,0.28104316037344634,0.069648863440238531,0.95716444659671129,-4.5339023006732901,-7.4730777635283223,-2.7760177497468859,,0.2782867079532724,0.25,0,3
-0.06014113731121009,0.93925152660818989,-0.33791953682363235,-0.99173144985516981,-0.017776406054449457,0.12709339383283921,0.11336566927900177,0.3427689734383369,0.9325543715392427,3.4958866622828992,17.103338749631249,-2.2320594229214246,,0.06935951474679977,0.2857142857142857,0,4
-0.88017592935687705,0.28689188160100482,-0.37813143436137769,-0.3056165867512029,-0.95209138068574073,-0.010977464482487419,-0.36316502486239266,0.1059011383100053,0.92568683344927338,-13.31654307864593,-4.6919335832425766,-6.3703900216610245,0.3939981423374809,0.1873601275040889,0.2542372881355932,1,4
-0.79290269378613287,-0.38242977908941522,-0.4743972831417938,0.46817304176241109,-0.88065158328042592,-0.072572665877801756,-0.39002476992317542,-0.27964308132206733,0.87731432560689104,-4.0072005820639323,19.243010506698599,-5.3197558648533505,,0.2770537419098304,0.2,0,2
0.84866622692579385,0.42780088800111876,-0.31104989230185032,-0.36820987557802293,0.90001811513371666,0.23321423618203557,0.37971979511523418,-0.083389403742967286,0.92133548967845491,6.5037297532158362,7.0728728630362916,-0.11580443034556177,,0.3691716755306472,0.4851485148514851,0,5
0.50968604151423791,0.78359094196453183,-0.35525395811543697,-0.79549563000333834,0.58649665060587564,0.15234297316805293,0.32772983039561565,0.20495588427568434,0.92227232625165212,-6.4910059263489783,-0.88948630585492316,-4.0483853091849396,,0.09815067970371145,0.5285714285714286,0,5
-0.54100849464727019,0.80881756565015672,-0.23048634279550961,-0.83144359707570226,-0.5556059722169735,0.0018837512173163306,-0.1265359774977535,0.19265551934109207,0.97307373680831732,-2.0955243252981552,-13.877588308546217,-1.5277991656966414,0.3573745872512902,0.2901456402289447,0.3571428571428572,1,5
0.70505664674081858,-0.53952255922059922,-0.46022878330092248,0.67066123194959959,0.71819475602058302,0.18549879887584436,0.23045311203461294,-0.43944476389711423,0.86820485061820041,-18.801550275749115,13.08150041341038,-10.408736238405723,,0.1948386743035206,0.1363636363636364,1,4
-0.73412321736711028,0.61607523753296656,-0.28550727385000457,-0.63237735542149509,-0.77346725438234709,-0.04298007385230472,-0.24730948641869499,0.14899566469173653,0.95741229876704059,-1.4707024395554644,-6.7928078574554602,-1.643932262150235,0.42570951638409,0.4658892495168682,0.3454545454545455,1,4
0.8594880199545093,0.35506494479444195,-0.367708075153099,-0.32376566917355376,0.93482007461768857,0.14590140354492867,0.39554536404725837,-0.0063492574289520489,0.91842449439832696,10.045488489063867,-9.4920884856791652,2.6074889546420597,0.5215188772050607,0.4258301052045325,0.9415584415584416,1,5
-0.064053345224070149,0.93815086370799916,-0.34025009315140686,-0.99190939913671383,-0.022404867740235101,0.1249550551429823,0.10960343457140957,0.34550105473858911,0.93199576624825553,-11.750199670370916,24.019371263622428,-8.9839542523814409,,0.09249823133206284,0.4444444444444444,0,1
-0.81857411149224457,0.51584304851350271,-0.25267048362438055,-0.4953401336346952,-0.85665328127830864,-0.14416416921645012,-0.29081708341403284,0.007148774398670509,0.9567519631645145,0.84691165522281198,-8.906789517145338,-0.64846309713172534,0.5926008903384996,0.6200721066739784,0.3795620437956204,1,3
-0.51986191656230107,-0.72664429025963195,-0.44914548104288726,0.7969203577060503,-0.60189567341146977,0.051376471290012535,-0.30767114128860273,-0.33122450658371988,0.89198026606900871,6.5565503301088937,11.258900135524682,-0.42286779456675916,0.3242922625430628,0.2187012732670532,0.7,1,5
-0.83993150836701658,0.40077941659007416,-0.36591108276469175,-0.46095603614949848,-0.88271701454423035,0.091269956565478677,-0.28641681862218132,0.24532943458101786,0.92616352472903363,-16.221052064452255,13.542294992328308,-9.4613613793973581,,0.1314476810153233,0.2075471698113208,1,5
-0.49810670775721483,0.86234897157907364,-0.090796249392708209,-0.86265132397858491,-0.50342985714211252,-0.048898590734979409,-0.087877192292786219,0.053968788705941476,0.99466827079200149,-1.5893824598700836,10.52333897304735,-3.485219091078303,,0.08690718986336599,0.2325581395348837,0,1
0.70668988927327148,0.64033579895945136,-0.30093099702405945,-0.59182681534362258,0.76807689623005015,0.24453814041543817,0.38772467169263164,0.0052864022336526302,0.92176007339885746,-4.3425724469620954,14.61305641020895,-5.0330906142349479,,0.1739029716614928,0.2465753424657534,0,5
-0.3825690026011237,0.88074075864631363,-0.27917140668037221,-0.92339713739112328,-0.37470883796304477,0.083252708125707009,-0.031283940075715541,0.28963598328160284,0.95662548172304007,-8.4199704808097167,12.604418824498131,-6.2833823232432451,,0.075022883004597,0.1384615384615385,0,4
-0.49218466199980104,0.81174065225857595,-0.31437457270422353,-0.8669915063879492,-0.48947139551528829,0.093506581712041514,-0.077974267186656385,0.31858258967360054,0.94468256425826236,-5.6503213906325307,20.706618368066714,-6.2542100972172374,,0.1213770604453954,0.24,0,2
-0.13160569549606052,0.92974363819730366,-0.34388473089778376,-0.98780148997875816,-0.093869340569707305,0.12424477170792932,0.083235553153357331,0.35604116915414608,0.93075589096099998,3.7312101906364674,14.234027503405201,-1.8457242288162596,0.1287252888488957,0.1736081731741616,0.7571428571428571,1,5
0.91417656593800267,0.15057557126574941,-0.37630865473410829,-0.098551735467423116,0.98314676325719097,0.15398050958893517,0.3931523390826514,-0.10367950248193866,0.91360921571475939,-14.526463355273748,17.841694001283578,-9.3579456553698002,,0.0776274859849754,0.3846153846153846,0,2
0.92843236693403208,0.02048171379235213,-0.37093643583422575,0.06055624604830416,0.97678118276098791,0.20550294905081684,0.36653278310924353,-0.21325810747583207,0.90563496978750679,-17.555666601990342,-13.099511440370343,-7.0788743897195046,,0.1170669365495594,0.4642857142857143,0,4
-0.2063871286293856,-0.88680844595364405,-0.41349139449497729,0.95767928218408671,-0.2697306121564052,0.10047780521639532,-0.20063585325532024,-0.37525481615965217,0.90494700250207805,-3.4078479536055717,-2.1453781179429545,-2.7927368815212357,,0.1148881442149599,0.3297872340425532,0,5
-0.75802251399279374,-0.48687033562043791,-0.43400362276470378,0.52857108885951121,-0.84840839531484791,0.028562191462771724,-0.38211840089416765,-0.20775098327595815,0.90045824814144315,-2.4929554200667567,16.414049675305165,-4.48912778653047,,0.1961057458609683,0.3220338983050847,1,4
-0.91772417984594445,-0.10733413494279706,-0.38244177753243674,0.094480543008581871,-0.99415228624798535,0.052293964668085856,-0.38581829495099373,0.011858129025479985,0.92249857889165476,-16.741335545498018,12.275779565456775,-9.5878630079441169,,0.1461240756614017,0.2769230769230769,1,5
-0.74450067517069685,0.58481793503430246,-0.322035289265929,-0.63061817779381235,-0.774373697883739,0.05163419275901749,-0.21917905581142519,0.24152299867316585,0.94531856144134485,-1.2464106599537383,24.761793112480941,-4.9768747674722729,,0.3755807954217427,0.6938775510204082,0,2
-0.078168461959748844,0.98021320809090196,-0.18185642204494581,-0.99156487597307008,-0.057525426441108828,0.11614612369458879,0.10338659628480586,0.18940140442169573,0.97644166221630035,-8.8379057493385282,-7.9986021690549771,-4.377687999854186,,0.08447055725081046,0.3902439024390244,1,4
0.28918409408192469,0.9157402343745904,-0.27891285893193746,-0.92604286612418396,0.34142774189144032,0.16084684382175099,0.24252251406936054,0.2117709144676917,0.94675018349879103,6.1710743798687187,15.616969634969234,-1.0698774225159469,,0.1270430851965296,0.25,0,4
-0.90258500043475554,-0.12209753865176932,-0.41283472243183744,0.13884823472534727,-0.99025593830107272,-0.010693192840173976,-0.407506422898888,-0.066972887907286727,0.91074318420810096,-9.4087006387299184,-7.0909282791567882,-4.7051400135761074,0.4720850602406828,0.2297758013760088,0.5235294117647059,1,5
-0.9144597687127608,0.14232391183571663,-0.37882348861387161,-0.19398662437323946,-0.97571876219969078,0.10169605034503616,-0.35515140569914772,0.16648363646702222,0.91986448883443528,-12.118176187303906,12.808995137113618,-7.7776362216207264,,0.07081428835206494,0.1639344262295082,0,4
-0.10100591872304211,-0.89564863072974488,-0.43314124099980322,0.97933808445096182,-0.16617794649092185,0.11524671988383563,-0.17519908882992838,-0.41255111243577536,0.89392777051681815,-11.815801571662526,-16.121245217394819,-4.6868019752941983,0.2014564433433185,0.1958093435628565,0.7166666666666667,1,4
0.51977226942783517,-0.73918432903529518,-0.42830283170027822,0.84853645927278565,0.5048565803048245,0.15844781667072991,0.099109359894214308,-0.44578734956429289,0.88963530379015454,-12.954446625375219,16.57747896100037,-8.5928679202649647,,0.1064799707841993,0.4285714285714285,0,4
-0.62891230707487467,-0.63967488466286093,-0.44191102265197552,0.69367793601920502,-0.71836047354846344,0.05262272440081197,-0.35111284666029363,-0.27344884708987854,0.89551409644701951,-2.7202968161121412,-12.564125331013317,-1.8071043122086714,,0.09239960978696531,0.1666666666666667,0,4
-0.13864528963574452,-0.86005245753128334,-0.49100636854955532,0.97179238301510029,-0.21366001214117339,0.099844697033279167,-0.19078010372062951,-0.46331325202959056,0.86541538148920816,8.6526463156943478,5.2019989463909644,0.90317201104670775,,0.1586532666458171,0.2068965517241379,0,1
-0.87829031085661169,0.32813961559938359,-0.34775066143673217,-0.36263930048434317,-0.93118598942389286,0.037220838852336471,-0.31160691198948448,0.15879875873234664,0.93684795277859412,-15.562901542323685,10.595326945633369,-8.8346347977288815,,0.2105416770515847,0.6410256410256411,1,5
-0.92112802752381828,0.10590955995127495,-0.37457485503035076,-0.14772012854363101,-0.9854004346955102,0.084644828105170447,-0.36014152847614522,0.1333009692869036,0.9233249325421895,-2.7976752135211878,12.927573728529989,-4.2532194254009905,,0.06949222583639648,0.1702127659574468,0,4
-0.26431074889231354,0.91800788982731951,-0.29563718006160311,-0.96412432310971974,-0.24369249297864004,0.10525330614322884,0.024578804043507197,0.31285057628306817,0.94948428070776569,-15.317074969635241,-6.6614714968777973,-6.9391022162072487,,0.08915305406980212,0.2,0,2
-0.90196266281030957,-0.15341385904206861,-0.40364284057809802,0.17269928566557941,-0.98490664610721468,-0.011569580132245492,-0.39577558240337934,-0.080144159535540244,0.91484348501019963,11.849371635197642,11.869662391081617,1.4656843861455067,0.4272368921521227,0.3795124147545313,0.5490196078431373,1,5
-0.91711564088725051,-0.082334510336675132,-0.39002554999331696,0.068378442020907704,-0.99642774428691849,0.049559449977561648,-0.39271273204056273,0.018782407271300428,0.91946937484090996,5.832270332562091,1.4969017357360153,0.26838498259573651,0.2292793327431569,0.1442411885854938,0.3333333333333333,1,5
-0.4606420872543055,-0.76115071157236613,-0.45657251529508064,0.83695404796983364,-0.54374318508910335,0.062058603400861861,-0.29549414382844391,-0.35354341026532654,0.88751916487536009,-3.0696398426450973,16.955112110670814,-4.7954798243817534,,0.148216086897754,0.3076923076923077,1,5
-0.69108692859988929,-0.58141055996732405,-0.42937235341467289,0.61378529405623061,-0.78579342655753248,0.076133458999831177,-0.38166276988812864,-0.21092759785636181,0.89991281719056926,4.0940707198446962,4.5843623077823814,-0.74131646682223606,,0.0878128296664646,0.3448275862068966,0,5
0.90879068991821033,0.19221948320430651,-0.37033923933962604,-0.13772854382983177,0.97601332395277163,0.16860853976348986,0.39386587835518022,-0.10222358702046971,0.91346593156185674,-5.709236767969557,-12.072119802746508,-2.8653081926835822,0.5183526055322482,0.4838996692830188,0.9395017793594306,1,5
-0.20949175127455255,-0.87997996871645534,-0.42631966973822027,0.95467848713741321,-0.27834559714716872,0.10541686177174885,-0.21142892977295941,-0.3849142543561751,0.89840905185137587,1.9961784011264305,10.783020007544334,-2.1583330864803565,,0.4556469443483326,0.6966911764705882,1,4
0.41727273153649225,0.85351076044240637,-0.31209429556642038,-0.85835671110726308,0.48295398834320391,0.17314503065498391,0.29850833156412437,0.19563953320435587,0.93414021915041467,-10.192398735683001,17.73705498177404,-7.5611639930421326,,0.1581097846901104,0.4647887323943662,1,4
-0.41110619125095305,0.89761501730722204,-0.15899364836272448,-0.91033444683023035,-0.41339018056741317,0.019993837168972715,-0.047779644509273245,0.15295698517882911,0.98707713288049082,17.914755493867901,-3.058566414716136,5.0254575200655554,,0.4019496002028437,0.3529411764705883,0,7
-0.92080948416281727,-0.069999877956287829,-0.3836794377627129,0.054561435224202211,-0.99720764791032146,0.050989770890245104,-0.38617734742224574,0.02601776384067828,0.92205755368233322,-16.785551154903217,16.312108206942607,-10.059997562461756,,0.1611101956965611,0.26,1,5
-0.57690244606583352,0.74628358165849773,-0.33203069657822554,-0.80503449377227809,-0.58827133866180215,0.076526439521661105,-0.13821371697508575,0.31144445388546405,0.94015919959542771,16.743942494200351,10.084994359812823,3.55757171471934,,0.1989493426870407,0.3076923076923077,0,4
-0.87961666971620511,-0.18035523968010675,-0.44016644792317289,0.24509996942069423,-0.96488656438273357,-0.094445343260847706,-0.4076769791726616,-0.19096048123529605,0.8929353701467071,5.1936194444771759,-8.8855192941831618,0.87742236919767647,,0.5501563084428632,0.4545454545454545,0,2
0.87814866804230063,-0.2271622333490815,-0.42101334486615982,0.37595274827547692,0.87192181427163273,0.31370667965693971,0.29582840952087508,-0.43376222695979783,0.8510792457716424,-9.1622199428656153,18.646323222309078,-7.3938950038352838,,0.2113952737483605,0.2972972972972973,0,4
-0.21496056498273225,0.91931338128490514,-0.32962837027904313,-0.97506496298822054,-0.18296787466656567,0.1255829398954299,0.055138674767206464,0.34840445437811679,0.93572114580915722,14.94137985677696,11.452511702776759,2.6388997470420539,0.3171177826018872,0.3113345904152035,0.8490566037735849,1,5
0.72821935310874897,-0.55797253131461588,-0.39794877566872244,0.65169187609846024,0.74348407360793456,0.15009707165238273,0.21211853380868059,-0.36864357662885067,0.90504565687325633,-6.5590178790927762,27.424915916318625,-7.3777978010660483,,0.09247233590014484,0.25,0,1
0.51167203848200415,0.7864092047977177,-0.34605243482034781,-0.7956117567203137,0.58572627359658069,0.15468246502780827,0.32433571743501555,0.19617669338655888,0.92537616533376787,-20.326899710174068,-8.0521765649035828,-8.5775434732731703,0.1813273505784554,0.1384061914087293,0.8888888888888888,1,3
-0.52167588961163058,-0.65793956875356174,-0.54311121334979995,0.78925589041826094,-0.61389518662902143,-0.014416631846518932,-0.323928087139712,-0.43617453353227437,0.83953699779099134,-20.019973355730613,16.801004439031672,-11.346637933561794,,0.1249784575625993,0.2413793103448276,0,3
0.31345727851930499,0.88265091856369637,-0.35024547177934084,-0.91300835244949696,0.38153323096021913,0.14438885701642795,0.26107524375307062,0.27451730297327026,0.92546202918734366,2.1587977124656699,16.979781550365725,-2.7624743325917818,,0.2878436279169424,0.9278350515463918,1,5
0.42833907066427046,0.83020157341095191,-0.35677862610931366,-0.85302385161840621,0.50176624200978814,0.14346061114283151,0.29812069554556092,0.24289089296504116,0.92310782956384696,-0.7426064456858098,3.1751956664819514,-2.3440159983113187,0.2268748063986183,0.2168147624555246,0.7980665950590763,1,5
-0.92001196277854003,0.1983053258467046,-0.33801329276407044,-0.15043444004952075,-0.9751494257631167,-0.16264401827564859,-0.36186664338035357,-0.098785602061710706,0.92698108785127864,-14.139620265019213,-7.8527922238041841,-6.3364191565128589,,0.4070354990961031,0.345679012345679,0,3
-0.28055211747696629,0.89165733441059347,-0.35529946154052605,-0.95970965101334527,-0.25451623096590098,0.11907507684968019,0.015744685803013598,0.37439108718919761,0.92713721676041938,-11.189616382918603,3.9467551702629828,-6.3820697919582869,,0.3884904400858099,0.9645846748229234,1,5
0.92107775633303712,0.11001772173876721,-0.37351287486766765,-0.042257916656259137,0.98183149130472513,0.18498970555739649,0.3870788489033874,-0.15460602700331824,0.90899226682402412,-8.1401326225555515,10.696814457124988,-5.9323447978596437,0.2443029821021993,0.1366269822687381,0.5098039215686274,1,5
0.6996417975178868,-0.50685034287938657,-0.50359118845447237,0.68298939672070547,0.68141597388029396,0.26305466068453615,0.20982573515426114,-0.52799147764317012,0.8229205067338855,-11.944397762615381,3.2695893217991756,-6.5787214898454875,,0.266924361996233,0.1276595744680851,0,3
0.2015461053303764,0.93468867607306794,-0.29280752423210571,-0.95389784391420462,0.25518166260796443,0.15799121002280206,0.22239170578506512,0.24746595299033233,0.94302838308748604,10.093121709559965,0.2651289749273496,1.9620286310564408,0.3629046532707446,0.3363134548811422,0.4864864864864865,1,5
-0.39343403937948057,-0.79454479219272078,-0.46250214038096366,0.87464452864900644,-0.4784598624116721,0.077930151837158859,-0.2832077067487821,-0.37386459214591461,0.88318665160749898,-9.5031702284531168,-19.728336311491361,-3.6176572540675909,,0.09956665815952323,0.4230769230769231,0,2
0.55908018367866552,-0.71102856402483106,-0.42645952839468387,0.82188290448563528,0.5430545962527743,0.17204707728698088,0.10926042070249244,-0.44668790741357978,0.88799328479352335,-1.9949018496558708,26.415550013792441,-5.4876159608649848,,0.1624324291911146,0.6206896551724138,0,3
0.73882505524586184,0.62334912998144265,-0.25607303624616284,-0.55296192114175291,0.77796018206619466,0.29834722872310426,0.38518911135722939,-0.078827769668517289,0.91946480695071509,4.2014470570754252,-12.988609398947252,0.81512162683644351,0.481554447295084,0.2966728120300918,0.3793103448275862,1,5
-0.88477148008257533,-0.24297126593502721,-0.39767372551178198,0.24048701313934559,-0.96897869504898748,0.056976179693609935,-0.39918094210997351,-0.04522446761535838,0.91575614821037488,10.38229263779707,3.4995350273191184,1.6539656340810895,,0.1301830686513191,0.2978723404255319,1,4
-0.92554728555806398,0.059668996250608758,-0.37390083321991341,-0.09302677537443664,-0.99307157707890947,0.071797366674849941,-0.36702621331389229,0.10123464666038789,0.9246855168412732,-4.1659340612116074,9.0245284318123264,-4.2823582217917204,0.2559372719381245,0.2825003432387493,0.9013452914798207,1,5
0.91496514487496916,0.20038436065148285,-0.35026403136808493,-0.095683990725165952,0.95097309095848115,0.29409990512031536,0.39202469001688223,-0.23557650196734101,0.88928080724706882,-8.7110671285580956,0.35825681710818297,-5.0620445207810549,0.6609966221337151,0.6417141320107128,0.4471153846153846,1,3
0.17380389993262593,0.91927461289051138,-0.35316623630127641,-0.96224250668957112,0.23481511632397617,0.13766342820635727,0.20947926553236493,0.31590512379630181,0.92537689082409158,-9.0161313400198519,16.559072461175827,-7.0963549107337629,,0.2280279064585503,0.7452229299363057,1,5
-0.20825752236354605,-0.8430421550216598,-0.49589185235838801,0.95367075435899096,-0.28757618702972582,0.08838568285529777,-0.2171195446277242,-0.45451057359524688,0.86387455213750197,-17.884728802699751,12.250593456826742,-9.9621677760892897,,0.1605698915940443,0.2962962962962963,0,1
-0.87989362567879326,-0.24995314861463297,-0.40411710058776246,0.27848373614340549,-0.96036154485131264,-0.012349569806722175,-0.38501170916407029,-0.12340634776393056,0.91462388834871899,-13.420262289104905,20.954094528200784,-9.2887933684417288,,0.3193544955813582,0.84,0,4
-0.28910768426925315,0.91535927047557719,-0.28023945627068286,-0.95709791257390553,-0.27042133370715044,0.10409557158072412,0.019502118939785148,0.29831142825990448,0.95426933259242552,25.955732736107766,-16.390509369215355,8.4996050340140297,,0.2631955829661513,0.1666666666666667,0,4
0.27709831250751554,0.93505914128930501,-0.22109031524876022,-0.92977648363745824,0.31898129893990368,0.1837569628650208,0.24234730384357922,0.15464583155688583,0.95778518003873314,-10.43208854873358,-7.9786353430235044,-4.9547786848359774,,0.3635795090612822,0.5166666666666667,0,1
-0.095500728161902068,-0.8317858767826769,-0.54681977479368848,0.98009441375042994,-0.17462335256994085,0.094454353380009529,-0.17405329946814593,-0.52691454707770957,0.83190534859570675,7.6054119031235912,7.8313934551286923,0.27346322595521905,,0.3382316828337428,0.4,0,1
-0.062398482000110861,-0.76117987375949003,-0.64553205127830005,0.98497733302853008,-0.15131294230601611,0.083210858129823345,-0.16101578451843535,-0.6306422070193084,0.75918661991748104,9.697664391627141,4.3972547981879266,1.3147072647680114,,0.4366021464265941,0.1724137931034483,0,1
0.30735269399103454,0.88742565555717068,-0.34352587581633537,-0.91728461521188143,0.37235629541218307,0.1412080874543192,0.25322570207631961,0.27171031472110491,0.92846661150636645,-0.70632718875847422,4.3275355992589501,-2.4892724606821748,0.1502393560114036,0.1714636735565691,0.6953528399311532,1,4
-0.72059877387238913,0.63393299976323869,-0.28083154898406598,-0.66572230654693965,-0.74579056312913194,0.024703168083339472,-0.19378136561452616,0.2047568991724403,0.95943910415505551,16.210663693153332,-4.0411803808638425,4.5423796898963582,,0.236280869413067,0.1428571428571428,0,4
0.92938818745050278,-0.070310320973365231,-0.36234521632290634,0.17162257233758832,0.95143270182751216,0.25558072415076916,0.32677712541073112,-0.29972032406532695,0.89631715237993559,11.272891282039541,17.989287597925639,0.65265348366179954,,0.1799617124018247,0.3571428571428572,0,4
-0.62922178204983181,-0.59872316284006444,-0.49559108473904634,0.68854440831017272,-0.72519168879171525,0.0019006031188505965,-0.36053647080264867,-0.34004056932403043,0.86855389264855687,-23.914343434762021,-17.39796813775812,-8.9742805681551303,,0.4199402579730087,0.71875,0,2
0.55190340940344473,-0.68930975586352761,-0.46931299487678613,0.83061427965050927,0.50437327142795296,0.23598203641322071,0.07404421064147948,-0.52005736562462912,0.85091585443570839,-12.959354592198196,-16.602233735086564,-5.0568494325918962,,0.1515073647489639,0.4444444444444444,0,2
-0.42722911168808103,-0.75257753956513163,-0.50110112060172562,0.83721801333046719,-0.53855022005947351,0.095024515936034115,-0.34138143517361641,-0.37893364513590599,0.86015580466728025,1.1921003811823179,-20.234324602425374,0.1317827901653722,,0.2153498634071251,0.5,0,3
-0.56434206687627086,0.79869110717751446,-0.20883138382286975,-0.81653109472736263,-0.57729988317230529,-0.0013476767332688854,-0.12163471090586549,0.16975676777318377,0.97795073336955363,-19.22077279557702,15.552264352131289,-10.816251741877661,,0.2644047029363304,0.1147540983606557,0,1
-0.89409503903266552,-0.20968888227447149,-0.3957583022851951,0.20290014994061775,-0.97739179415405397,0.059471084355300928,-0.39928134232800289,-0.027126617385942658,0.9164270599987463,5.6602611732228434,-14.226648661862894,1.3807702147234113,,0.1416561444372575,0.3333333333333333,1,4
0.76539272673734193,0.55121992056621505,-0.33216046277146521,-0.51247266648894996,0.83423496049351531,0.20352836851920761,0.38928876166578957,0.014444025109377411,0.92100251366614494,3.8525182091499515,20.913647209761489,-2.6237997116204959,,0.1351016561774731,0.3076923076923077,1,4
