axis_00,axis_01,axis_02,axis_10,axis_11,axis_12,axis_20,axis_21,axis_22,location_x,location_y,location_z,dbh,dbh_approximation,score,reconstructed,number_clusters
-0.36958421163956873,0.92888657173447198,-0.024025972574226995,-0.92800288628257066,-0.37029632679558749,-0.041125094685769532,-0.047097277606847808,0.0070969861965857126,0.99886509561048764,-14.142985000849567,-1.4298824581977847,-3.6027722019895609,,0.09470165360272728,0.2222222222222222,0,1
0.12179509786692484,-0.94271601853105202,-0.31056796766657574,0.99252962696110525,0.11342745593179554,0.044934973520527034,-0.0071339848637416584,-0.31372076859175518,0.94948848629889271,-12.868489143053763,-13.842968119245393,-2.6299709243505567,,0.1194477496412562,0.2857142857142857,0,1
-0.96272153454135534,0.22076396739803444,-0.15630264754321496,-0.18611019042843113,-0.95993256346637745,-0.2095052997314476,-0.19629122229236862,-0.17260574815327007,0.96523417456875149,-25.641294436421955,4.2849417701802572,-6.1203535950087096,,0.2569710199558595,0.6,0,1
0.76947559035256297,0.610409995336198,-0.18790144609671727,-0.60901227166727312,0.78988408365888862,0.072022130911450641,0.19238339016204711,0.059015014835389373,0.9795436994916239,5.4355428562544592,-16.478153785650761,1.1173099818270167,0.5532848270729385,0.4254723927461951,1,1,6
-0.78355477381011029,-0.56396262670357455,-0.26074522454110222,0.59166709381341454,-0.80537563111958277,-0.036057494326706394,-0.18966277056336905,-0.18252739104128213,0.96473404883516367,4.2355708111772481,4.9810846851394066,-0.19645609202485917,0.3445412178525605,0.2801448250436743,0.3559322033898305,1,5
-0.89821037039321616,-0.35114816296288043,-0.26441085107437856,0.39115279264053537,-0.91294406687453455,-0.1163298051579956,-0.20054332032653996,-0.20791368018093767,0.95736841302918874,9.1149167888705076,6.4536570948014704,0.90972771071846159,,0.2338530873677916,0.25,0,4
0.89686243981503844,0.40679288205590608,-0.17365861671010621,-0.3830570959212341,0.91064832007438146,0.15487704287627416,0.22114480620943466,-0.072382237146681641,0.97255117419713966,-6.6823691121665609,-3.1808785976238165,-2.1097404270841484,,0.1263670253177775,0.1927272727272727,0,5
0.46383888319986838,-0.79349517890094601,-0.39397828809828289,0.8825933382800526,0.45238894469808999,0.12795796942207582,0.076697390148370459,-0.40707449413578239,0.91016914173604291,19.881616363278784,-7.5323483627611383,3.4741794260632402,,0.4294325319052825,0.35,0,5
0.93251702482132559,0.30120333666557847,-0.19921984941240933,-0.28850613074658382,0.95317553954074663,0.090667542940347387,0.21720085391180205,-0.027072879468701259,0.97575142749434662,5.41536635730212,0.6602531187379207,0.13130431281251143,,0.09295044323200662,0.3333333333333333,0,2
-0.020464051311065899,-0.88249119010714394,-0.46988351959524433,0.99914712062038802,-0.034910644801335385,0.022051717292371372,-0.035864382887841967,-0.46903149815639383,0.88245294479492942,1.5922528347144436,-16.015901310906251,0.28315014882694278,,0.3171632790569747,0.1304347826086956,0,2
-0.097863841986597769,-0.9600398277808827,-0.26219496087086597,0.99376814149203085,-0.10839720032912604,0.025979374824704034,-0.053362434231370451,-0.25801855754046077,0.96466516189693652,-22.052858750681786,1.0634724838459864,-5.2610749505705661,,0.08240081533586219,0.3076923076923077,0,1
0.81255533025618265,0.56722434889454243,-0.13420273206394787,-0.55252052484168812,0.82287618238773486,0.13264938027617421,0.18567419018520293,-0.033635197043423819,0.98203552309421027,-10.976303416709063,17.661152027807411,-3.6411955889085927,,0.1621940954633854,0.25,0,4
0.12854968239262707,-0.90828754309892534,-0.3981064156831346,0.99163139151757818,0.12255487706293693,0.040589228435642465,0.011923192259922305,-0.39999255137990564,0.91644083078337757,-7.5889929579423052,-13.100637534379189,-1.5685079357376337,,0.2719061026314918,0.2666666666666667,0,3
0.17184828696915017,0.98109000464161134,-0.089053742527140795,-0.98331459364765017,0.17630602720476962,0.044817348101235145,0.059670563809342117,0.079866060148180498,0.995018008003414,18.721267541325858,10.779575386633057,2.8510043679167145,0.5803673086313217,0.5012291874350701,0.5384615384615384,1,5
0.28100801901510808,-0.92354585855830018,-0.2609550543465578,0.95931307130087995,0.27808408507860954,0.048863819511621075,0.027439469391303477,-0.26406871977915697,0.96411347192834074,-28.220208507672606,0.091983275180546137,-6.4197355975527115,,0.08792603261511203,0.4285714285714285,0,1
-0.26826325765271164,0.96035500863785961,-0.075849073677482393,-0.9632595029257407,-0.26845942679198653,0.0077888503499714302,-0.012882337397034238,0.075151803376202295,0.99708888863154754,-6.5470425533669587,-4.1074519805723995,-2.0102347966227732,0.1553789557049479,0.1205146214316573,0.2748091603053435,1,5
0.86299261547987993,-0.43564872803433197,-0.25583965953163806,0.48367657691614263,0.85872048148634472,0.16928113781087289,0.14594764324879939,-0.2698320226324693,0.95178251979755979,6.3535251340269925,2.3031162235530758,0.34389538040217021,,0.5221640402217681,0.3181818181818182,0,3
0.72036877555456547,0.67985691211995913,-0.13734411617804898,-0.671508183273964,0.73319224503239055,0.10726551925228803,0.17362484557837773,0.014956967175094524,0.98469827974400737,-32.841690183704536,5.1698645399960323,-7.5554718611087095,,0.3875781498959217,0.1428571428571428,0,1
-0.87059100979546822,0.45491629408231743,-0.18740986911504867,-0.46382574263661119,-0.88591656004830244,0.0041867767771076123,-0.16412487358991459,0.090570491941887751,0.98227288054720396,14.099821458538925,-1.8705064428099387,2.1192243169541101,0.5616778190933691,0.5575353413018257,0.9172413793103448,1,5
0.91125915537826752,0.36448316560697935,-0.19172577742286503,-0.36107306456662314,0.93098916881084381,0.053716008799632578,0.19807320309358825,0.020277809201447412,0.97997745722554064,-13.067796348945089,-5.8941848548975697,-3.1503643484638917,,0.1146933033643494,0.5056179775280899,0,3
0.62251758161551274,-0.72823120658679363,-0.28662025457513579,0.77575321693786692,0.6225531400343991,0.10312387814595024,0.10333831327307481,-0.28654301175644176,0.95247797634560749,-11.572705132056019,13.058226531863065,-3.721390344367232,,0.1028568502039371,0.2424242424242424,0,3
0.97632136956345938,0.12091961146996567,-0.17937399726739545,-0.061740492330236964,0.95045451423262794,0.30467085187401738,0.2073275064735767,-0.28638202446517497,0.9354146893879085,8.6224328806379305,-16.706464950906941,1.7641504585460375,,0.2780076442213621,0.3636363636363636,0,1
0.7056814771105151,-0.58771782771572534,-0.39572895755583765,0.69173755886747024,0.69235757270873233,0.20528064001494592,0.15333884868223885,-0.4186033283407829,0.89513041004471772,-14.863035908522951,3.0511533293125663,-4.0418590259324843,0.7186363205550195,0.4050107239754779,0.2666666666666667,1,4
0.96506403188534273,-0.13466316330264413,-0.22476042091643503,0.1878443886012906,0.95362173576157749,0.23520219121871555,0.18266335163960776,-0.26920515881461721,0.94560175678526703,11.928607223866564,16.682303230545347,1.337771350798296,,0.2653708205328773,0.2,0,3
0.96557774612735148,0.1773971714821739,-0.19023632600990703,-0.1426370545339786,0.97269728690600887,0.1830700923678146,0.21751847474983421,-0.14963365796442171,0.96451826397777052,16.022131361715125,-8.2655966890397217,2.7179529399007292,,0.3185036210230472,0.3076923076923077,0,3
0.13669820839888214,0.98686354686077449,-0.086104237398103564,-0.98969547509522782,0.13979439139275468,0.030990235739057615,0.042620023422903018,0.080980664436040059,0.99580402971213688,2.0394580598035903,-6.5054071461728267,-0.1544137964515066,,0.1549385078182072,0.3035714285714285,0,5
0.39824882776392984,0.90036604947251064,-0.17532497865940438,-0.9080787000372933,0.41398740184180577,0.063304862805723866,0.12957988162996564,0.13399779130096209,0.98247322925524472,-0.22992139083917537,-15.575247762902752,-0.085255520147389796,,0.0886251719301335,0.4736842105263158,0,2
-0.93430191990598532,0.32933102691865251,-0.13645877461231062,-0.30427283091704044,-0.93617035282638317,-0.17607701398721454,-0.18573628300824216,-0.12298839456480957,0.97487224187410892,-13.159237550367106,19.871995629795187,-4.1157999568855814,,0.3929239688776433,0.2666666666666667,0,3
-0.6005200963526427,0.79507978086298825,-0.084992681681870713,-0.79331944575315039,-0.60572706021094658,-0.061147244566860749,-0.10009930502519951,0.030706197925945772,0.99450352364504246,-22.995493244507767,-0.30702038828127259,-5.3691418180144899,,0.2444329587185602,0.6551724137931034,0,1
0.050775447680459058,0.99819147740260705,-0.032181180115861338,-0.99837142983380212,0.051570957079255304,0.024391073726659534,0.026006576177165015,0.030890303118133351,0.99918439097536516,-4.9826374490169743,14.740378505012153,-2.3392897191001563,,0.1557471277919878,0.1428571428571428,0,5
-0.96434041687156724,0.1744148750276536,-0.19906534544480653,-0.17145991419958984,-0.98466720857506651,-0.032124541703449291,-0.20161611594969664,0.003152733111965852,0.97945954590441575,6.803283348893121,13.577488967067765,0.24870203878105579,,0.09213351528821455,0.2,0,3
0.24831426098767997,-0.91828780456895231,-0.3083626692225826,0.96756024298654941,0.25042328964497701,0.03339688900477978,0.046553238146792852,-0.30665238297349234,0.95068244542261693,-21.884081611154514,5.2677243503648548,-5.4954808370972508,0.1494351113719237,0.1517565185538282,0.2884615384615384,1,5
-0.87889710704860713,-0.40784812811343146,-0.24738589211181469,0.43432735106496434,-0.89865290723627411,-0.061503694463697939,-0.19722988449644183,-0.16150187834871307,0.96696303753109281,-11.834413362207398,-4.0601188803856303,-2.9873974330695781,,0.1445301900916242,0.2792792792792793,0,3
-0.78630200830464836,-0.57938916462314816,-0.21456315539571905,0.59012827172531934,-0.80713270582231855,0.016894321603161684,-0.18296932706485189,-0.11333574506409611,0.97656399393188875,3.6633991910409223,8.7805166899031395,-0.34067891766021002,0.5029565207836979,0.4786130596626936,0.8913043478260869,1,5
0.88146302166865842,0.43781005859620303,-0.17704602232964256,-0.4281489040002302,0.89905391892597575,0.091600037484969241,0.19927733798442956,-0.0049399854084265869,0.97993068076778023,6.8483033002547513,6.0495109304727004,0.38673361443931659,,0.09492088368170892,0.3571428571428572,0,4
0.745943527284889,-0.62533107710089397,-0.229192709555985,0.65282843719317141,0.75464713767290847,0.065747465304817981,0.1318456889462068,-0.19866741457501882,0.97115805752327378,-2.9585641718818443,16.544027584970333,-1.9469097042637942,,0.1436701894970905,0.3684210526315789,0,5
-0.75529807870379606,0.65351599352800993,-0.049413141060387966,-0.64075715082511431,-0.75218100506549923,-0.15379859975025384,-0.13767747082524967,-0.084501963419527232,0.98686591399511248,-18.324938762300381,13.579532526955061,-5.1010349679963776,,0.5660162710988879,0.7037037037037037,0,1
-0.89739509607264445,0.41919242759554204,-0.13769440871482952,-0.40489363771870551,-0.90638230669544684,-0.12054980814732101,-0.17533734251346508,-0.052429216625830506,0.98311138410879917,-15.874137096733119,-14.264864106205508,-3.1855767514126869,,0.0954541653892603,0.2222222222222222,0,1
0.16081254235995995,0.9720466626352221,-0.17106902665138859,-0.98471831230413542,0.16975475865389877,0.038899451503243386,0.066851863344432189,0.16219928351902185,0.98449084342785764,6.6294719726079183,7.3442677501223761,0.30675168352113186,0.5885699617253177,0.544093289684339,0.9242424242424242,1,5
-0.67330683702599925,-0.70421055970878799,-0.22526737626358445,0.72035958043194459,-0.69344529100325247,0.014686839868654353,-0.16655322901089886,-0.15238476295236963,0.97418627886354114,-5.58255380056909,-13.263159070851186,-1.1940904041697005,,0.1026895923515281,0.3939393939393939,0,5
0.47938750032318428,-0.74262324675237767,-0.46765194099548674,0.8746493232786241,0.44797457629599569,0.18522240760952394,0.071945714411176143,-0.49782476070940918,0.8642883325618167,7.792353709645873,6.1653708844705832,0.60002015612633319,,0.3409757023141111,0.35,0,1
0.72759545350155364,-0.6359736113928196,-0.25718168997003493,0.67381197129748704,0.73291187115591039,0.093902164271848221,0.12877221509340839,-0.24161488929848113,0.96178997805613464,-1.1134877778646386,-11.269191390111528,-0.48228046409432079,0.6805258764724011,0.4487427482953768,0.2916666666666667,1,4
-0.41222443616675813,0.90770089111630003,-0.078422614682715122,-0.90937607253961195,-0.41519083400902768,-0.025529004040885553,-0.055733050512508521,0.060791970041801729,0.99659327885502413,-16.870071189724218,4.8591513635746377,-4.506237692988674,,0.5811486422787969,0.8860294117647058,0,3
-0.15853560159050414,0.96908036554993449,-0.18907593219112323,-0.98735303267936936,-0.15573193385852541,0.029690968922156641,-0.00067222554961174406,0.19139177067546331,0.98151349365687368,-1.4851813972871726,11.650318759576063,-1.5429151251302942,0.1067768393031339,0.09090316050183767,0.4761904761904762,1,5
0.17088404638433921,-0.90256747862182263,-0.39518424718801659,0.98521659276011464,0.16145894912051442,0.05726493778088626,0.012120562753628741,-0.39912774181099409,0.91681521457455706,-21.06479002021301,1.6672252567710479,-5.1363021834656362,,0.3064500147309196,0.6923076923076923,0,2
-0.23898358599059799,-0.87916168516690174,-0.41226396515044639,0.96826411949296842,-0.24774543006047123,-0.032966601078355681,-0.073153540786360244,-0.40705888175870353,0.91046780626871859,-4.8547886689359911,-3.3981738821136154,-1.7623873371070078,,0.3791345360052906,0.2579787234042553,0,2
-0.71354754875373561,0.68911119228768081,-0.12639485880124249,-0.68665575989908889,-0.72368712974591021,-0.06914337016324483,-0.13911780283249284,0.037452675524949554,0.98956734689008552,10.609041628789843,1.063238445760788,1.2983259931535542,,0.4118958344879682,0.8625,0,5
0.85472566607133493,-0.42243625154234632,-0.30164822084965764,0.49425427298219715,0.83988877304827803,0.22427563966311195,0.15860879357006796,-0.34078506758704891,0.92666541335691288,-10.979862104196911,-9.9579926925230247,-2.4655798577079211,,0.3131981888137273,0.7058823529411765,0,5
0.3475552667721466,0.92924007980983148,-0.12537228806223605,-0.92681988072818156,0.36072475956343159,0.10431949254528,0.14216274204566443,0.079940740007350977,0.98660996997858075,1.1397780383590295,8.6480031942588891,-0.90970295701298687,,0.07506299031000693,0.25,0,5
0.76040041349773602,0.62407932683953282,-0.17976708531871916,-0.62387616502598164,0.77882910391812266,0.064836391035964988,0.18047088924518045,0.062850781233092304,0.98157018976405552,-16.146919900798391,-6.1514434245431655,-3.7675114167490253,,0.080618146110773,0.5,0,1
-0.24814449426230875,-0.90372946137399424,-0.34885150223551414,0.96440420806392579,-0.26443068249614055,-0.00096830946493238089,-0.091371951034754109,-0.33667413740781649,0.9371775134758662,2.6315359176770188,1.4989314604957602,-0.4970186470628622,,0.718986627257151,0.6220657276995305,0,2
0.014084475236091578,-0.96351176708034381,-0.2672951594306136,0.99970321851843491,0.0082550926667473816,0.022920042079940552,-0.019877183935526597,-0.26753864794226762,0.96334208327884085,14.710394890983872,15.84879254594725,1.9649374709316663,,0.3513616096780771,0.3333333333333333,0,5
0.096566256647013765,0.98123568629815927,-0.16688764487571506,-0.99379238831043015,0.10435836523148327,0.038548936982277016,0.055241714432430998,0.16212914463843964,0.98522205286187825,1.0575898872162073,14.395299115524816,-1.0098025008744715,0.1496311607113541,0.1563432392382718,0.4047619047619048,1,5
-0.95552418840474507,-0.20320611480749151,-0.21373067229178189,0.20809504920751612,-0.97810853309631662,-0.00038468102691369783,-0.20897362481608511,-0.044843866793750298,0.9768925487187472,18.023863549862916,-4.2802707436398704,3.0016915329471843,0.4731222927371596,0.4213276191329141,0.9603960396039604,1,5
0.088573458222207524,-0.95471442571386977,-0.28403363855782132,0.99606776717999868,0.084341810507934642,0.027119406064595824,-0.0019353768655388521,-0.28531881174237333,0.95843071214475872,-3.3230531559312868,9.8345580358532736,-1.9187965634345416,0.5731284439640821,0.3099518438974189,0.5294117647058824,1,7
0.95702656192450575,0.22831397424879668,-0.17880964440901723,-0.1719354993237332,0.94323907166980214,0.28414474787999894,0.23353445964837377,-0.24119034565713729,0.94196012299806631,-24.823440168904312,2.6299317885162496,-5.9059099285751797,,0.3068014171217419,0.2352941176470588,0,2
0.5172815894908801,-0.75142446317752831,-0.40961083153665862,0.85133380248415313,0.50072283905298076,0.15654837973801189,0.087467216267940462,-0.42969514145389986,0.8987277515962504,-1.2465399062610694,6.5339004601505648,-1.4428794009476726,,0.2349086391508007,0.16,0,5
-0.95714808244587979,-0.18914690259841863,-0.21929659711814767,0.212495771929222,-0.97318440932150074,-0.088077536101813292,-0.19675643619048117,-0.13090284447248079,0.97167450832397306,3.9434970532034144,-21.933350842079939,1.0855064083691157,,0.315152202971561,0.2222222222222222,0,6
0.84161874575237172,-0.49692822897343419,-0.21151884560845008,0.5160120320523125,0.85548313999750569,0.04336104192996925,0.15940348043706193,-0.14563973506339223,0.97641159251373977,3.4736241125599552,4.0598538812379488,-0.38662079412352846,,0.06728728934234846,0.196078431372549,0,5
0.54519356943095099,0.83318618440922254,-0.092545955939409508,-0.82621419081958769,0.5527285486472675,0.10890942291013622,0.14189461843027049,0.01708606507906223,0.98973429951711867,-15.122755174283252,-7.7026808809577787,-3.4149884548853637,,0.07796138217446766,0.1935483870967742,0,1
0.6964161453582397,-0.67564238068429616,-0.2418923849723843,0.70851099357682901,0.70091061393879672,0.082076082074588524,0.11409086056799891,-0.22854252271994413,0.96682552244117848,-0.27683863789276864,-11.963164225825381,-0.2708108227145154,0.6344560136016623,0.5463402391035801,0.7857142857142857,1,4
0.97754915551869481,0.076898014389091954,-0.19617426928040599,-0.040033021787406795,0.98184988899782677,0.18538649530514401,0.20686953790071469,-0.17337096313388284,0.96288498972139691,-11.442451288495766,3.5287544783544549,-3.3689387158981821,,0.7024798964855636,0.3385093167701863,0,1
-0.97674191964325552,-0.036141036938574768,-0.21135053314485303,0.055169968651795638,-0.99486590187167112,-0.084841686994236221,-0.20719917222462281,-0.094528634508664361,0.97372113065669885,-13.204512282153008,-18.188518666558736,-2.4454419422398876,,0.5315542564111636,0.3,0,1
0.42122357691447754,0.90587739834905889,0.044236155028600448,-0.90234018287886664,0.41366567081980438,0.1210904915645175,0.091394160718878778,-0.090922230205503607,0.99165531080156599,2.279989002614669,-14.908690554901488,0.40463320849962403,,0.4276354663023405,0.1739130434782609,0,3
0.018871145070847698,-0.89559623653932041,-0.44446739023276216,0.99928549133084676,0.0023345679925948935,0.037723422537711736,-0.032747315911167571,-0.44486169860856234,0.89500038123551728,-8.2566832437498814,9.9809229489516742,-2.926239392041182,,0.263809706381102,0.3289473684210527,0,4
0.96898678650724246,0.14236128421161257,-0.20198483193544295,-0.13127346407369594,0.98905660291955511,0.067337313959818457,0.20936065820602653,-0.038733718887444847,0.97707103826522734,2.6032074878164924,17.148054900185414,-0.77351704251308451,0.272844851212829,0.2680449451832462,0.8269230769230769,1,5
-0.52717955481708789,0.84975217374623024,-0.0017205221337632992,-0.84707963222277116,-0.52567988492382911,-0.078209687761839189,-0.067363296060922381,-0.039773129120370586,0.99693544652789956,12.950224263596137,15.450461029473756,1.5832565830541756,,0.4271691429386588,0.8181818181818182,0,4
0.97051776103897225,-0.09025480675846731,-0.22349350184041739,0.13747048526783542,0.96891557390648952,0.20568052003455514,0.19798267901037908,-0.23034035794547789,0.95275714550635793,5.0793823233985824,18.484718806380027,-0.23842501897809765,,0.2354499555667008,0.6,0,5
0.86446386587883473,0.4910144834303663,-0.10773579559009842,-0.47099383252755828,0.86603185806943916,0.16779043634783997,0.17569016566337248,-0.094305873997364176,0.97991804137834482,-10.463209822756701,-12.966902501920435,-2.163320261589901,,0.236776636543344,0.2777777777777778,0,5
-0.61306805560667166,0.78375218405285119,-0.099398557268408655,-0.78327794181036614,-0.61941252550538994,-0.052950817938460036,-0.10306903059587004,0.04539424235980425,0.99363783024430363,3.4163228376305432,6.0436312585692962,-0.39602708406754566,,0.1627877803029988,0.3333333333333333,0,1
-0.84073372595703488,0.51918947524728443,-0.15365250024275739,-0.51804998935522262,-0.85385420697043868,-0.050568782543556491,-0.15745161341648783,0.037084795150208447,0.98683013097554551,-7.6190264740784004,-0.52090067258932615,-2.4566392488739659,,0.08268560925656812,0.4045307443365696,0,3
-0.87694701557291133,0.43962107188415511,-0.19415778385939408,-0.4497792076968945,-0.89309107854019021,0.0093268298727440455,-0.16930031364802237,0.09550726981412222,0.9809259733595268,6.0266126562699815,4.4538430556473427,0.2255025406252629,,0.0748719343979298,0.2619047619047619,0,5
-0.93116200097057666,-0.27157947084016359,-0.24327334207974413,0.30510250202014561,-0.94570064389995301,-0.11208369813787049,-0.19962412481841607,-0.17859138597757418,0.96346007994368432,-4.4379936014798611,-0.74729042459340922,-1.8356683433325618,,0.2032042207733185,0.2872570194384449,0,5
0.67258990933040064,0.72607445467196718,-0.14296398196653567,-0.72133517573780948,0.68639417863100838,0.092404522534162217,0.1652222082839539,0.040974599623036873,0.98540484272988293,-13.123850510847236,-3.7359755319187262,-3.2878826073863414,,0.0722362262357526,0.2615384615384616,0,1
-0.085455902489479693,-0.93582614019516974,-0.34194549866480206,0.99507553947201444,-0.097461986017612731,0.018050817875750941,-0.050219114629684466,-0.33871905262165908,0.93954640328027306,-5.2106620979383687,10.195721355983686,-2.29957179176614,,0.1135756546125512,0.3709677419354839,0,3
0.77403890166847733,-0.55032032913124973,-0.31306758702991017,0.6168311323022172,0.76696292983450132,0.17688193373672512,0.14276950979331107,-0.33002333190935335,0.93311385557649251,-1.0188874716485996,-12.571752314329357,-0.39961936953314536,,0.08157148894151571,0.3333333333333333,0,3
-0.13490236580757667,-0.92800132045817951,-0.34729656048886293,0.99028499367698952,-0.13819894480550848,-0.015384503658219891,-0.033719178484721515,-0.34599797814802291,0.93762914636853978,6.1171591872540372,17.163506751579238,0.035882328891332027,,0.3397231360880653,0.4807692307692308,0,5
-0.97372181150029002,-0.04299878713703971,-0.22364466931572097,0.07193502179633289,-0.98980956028701639,-0.12289176947048279,-0.21608143475957331,-0.13575028054913457,0.96689227677289735,-8.0035172789854574,14.368335308692401,-2.9574140998656397,0.644801106691416,0.4372504999952976,0.2738095238095238,1,5
-0.058128402115616075,0.99825852590300435,-0.010050091016724825,-0.99749880761312459,-0.05767274612646893,0.040865427498379764,0.040214645067173205,0.012400395807838721,0.99911411385583437,11.984566099772477,-0.26579870843473385,1.5649857956465698,0.477313382474491,0.3855490905908583,0.5131578947368421,1,4
-0.13525912137388676,0.97529071093937192,-0.17467970471848962,-0.99081025572692605,-0.13315562202410239,0.023761680700617228,-8.5038273157715774e-05,0.17628842695636288,0.9843385511549082,-0.64876118323627063,15.010049310486355,-1.4241517491883948,0.6013685408332285,0.5650716660929302,0.9466666666666667,1,5
0.63371785914196166,0.76530309913913985,-0.11275123703337593,-0.76336322416343361,0.6422752194234802,0.06898645163601401,0.12521287074153417,0.042352201389638112,0.99122551825410321,14.765669464147955,0.40432100276166238,2.17533232168087,0.551522997253877,0.2577691099837867,0.5185185185185185,1,4
0.51055307431723917,-0.77256415814870227,-0.37746546841956685,0.85619948242670063,0.49716994215890425,0.14051510561488634,0.079107550824599138,-0.39492615785447688,0.91530067477569077,2.0140600237227697,-2.0760969455098373,-0.48583910779663098,,0.2969676296803866,0.2043010752688172,0,1
-0.95809786307168709,0.24475145346229518,-0.14881267017818373,-0.20923249679144881,-0.95280309795187568,-0.21997276835946222,-0.19562782793836717,-0.17961899276358034,0.9640885697770275,2.082993089600949,-11.894297769022625,0.13855367606463564,,0.0928435183568689,0.4705882352941176,0,5
-0.88186713031791308,-0.3467381946864061,-0.31950428605960762,0.41668352878255471,-0.89024181748979647,-0.18396832127782523,-0.22064723271812309,-0.29536778893114796,0.92955509140435488,-3.4355134894399804,-7.7590721918688974,-1.1554644164148848,0.5704701294868415,0.3757540333450739,0.2767295597484277,1,3
-0.26879408436472796,0.9517932313062456,-0.14778154502556354,-0.96309238404027164,-0.26785090160882619,0.026626195953704183,-0.014240786992073141,0.14948424447731642,0.98866155009633716,-9.6679308233619334,6.1277167904446408,-3.1112348458137755,,0.08280451281326054,0.211864406779661,0,5
0.079231517752750891,0.99685585327068227,-0.00087999691766061402,-0.99673227108833851,0.079235555258917151,0.01570052718524299,0.015720889468441895,-0.00036685527211457319,0.99987635188133672,-1.2137383639684909,-20.68903345449591,0.042156901249687871,,0.5232157057352624,0.2666666666666667,0,2
0.11413108984568893,0.9822102242139048,-0.14912132570596853,-0.99190626102091684,0.12106787916049702,0.038269282500252723,0.055642283185901774,0.14354666170012315,0.98807808003042463,-0.88838464762490144,9.5486245859027665,-1.3995962590108437,,0.07782038084667679,0.34375,0,5
0.20510349642502818,-0.90218227076398727,-0.37947293193766124,0.97870313059694702,0.19243144142589491,0.071486519781626998,0.008528652529271737,-0.38605348161865966,0.92243697422433535,11.62917580362646,15.699624161879234,1.2715716528797218,,0.5718158304961445,0.3260869565217391,0,5
-0.45333566814616627,0.88248115486282308,-0.1253546301436366,-0.88889315964609816,-0.4580112798226107,-0.0097271933070143014,-0.065997899366924864,0.10701718958762278,0.99206431163101583,-18.403954041566454,16.014900045485284,-5.1535157136553433,,0.1875963532712518,0.1818181818181818,0,1
0.62054895728492654,0.7656474533535258,-0.16941950532878641,-0.7682440626201823,0.63690766344620153,0.064418075819893658,0.15722611698260452,0.0901809592805521,0.98343649653742871,-6.6249827624970701,-15.292775723399352,-1.2865011732766158,0.5494279522999332,0.5925600158463268,0.8846153846153846,1,5
-0.97724315973509079,0.033842453314933303,-0.20940509808646374,-0.033529714756081144,-0.99942499114492112,-0.005044333786537198,-0.20945540093144113,0.0020917525189941915,0.97781596407097404,0.90427451581885065,-8.2020136946612698,-0.25083526701957526,0.4535028838637549,0.4544068807721966,0.901595744680851,1,5
-0.019487267341241128,-0.95343122154431248,-0.30098031861916014,0.99973443149547359,-0.022285635970249882,0.0058665928633205534,-0.012300930614935262,-0.30078606386254281,0.95361230638666006,6.6990214729180533,-0.25398691035979032,0.44972048523625396,0.3634348160099236,0.2508559202112866,0.4684684684684685,1,3
0.9064689114367005,-0.31751969790268081,-0.27837987363053585,0.37826632304227625,0.90359226032889373,0.20108609083125925,0.18769310443071513,-0.28758002106806935,0.93918530122210164,1.390362278547256,2.6462647242673323,-0.81086116890935156,,0.2208459338211737,0.1666666666666667,0,4
-0.91335169740800837,0.39601174285007301,-0.09467510954183346,-0.38138301618320369,-0.91349089353004087,-0.14170879438020526,-0.14260319705011154,-0.093322489050263246,0.9853706111045486,21.710371002308062,-8.181687675209135,3.8574630723947889,,0.335183257892343,0.4285714285714285,0,5
0.43591225292756175,0.89968710001361596,-0.023315870489992722,-0.89612396966705676,0.43629289758059153,0.081303988271710315,0.08332069812340881,-0.014547494279782107,0.99641659544309402,-15.291941333337769,6.2516625229390037,-4.2724622786921751,,0.2325109493956225,0.2380952380952381,0,2
-0.38039130513126734,-0.88528403685598334,-0.26753435119345642,0.91809559995314449,-0.39631309651243984,0.0060331483817937133,-0.11136841709931077,-0.24332715348003059,0.96352943496921706,2.8383061309396389,-13.506604689315632,0.3984968267064315,0.2273126286859439,0.1522939597266269,0.4864864864864865,1,5
-0.70529968087000738,0.69112507562477465,-0.15779255371314255,-0.69775085531002601,-0.71611992307441086,-0.017776380115968923,-0.12528409347875424,0.09756221409208149,0.98731226585242915,-22.69825871796488,8.2294835521118479,-5.8074124691061622,,0.1644040472818064,0.72,0,1
0.60112418858274785,-0.7477775560724198,-0.28191920213971161,0.79909257335937611,0.56686451650089542,0.20028898904856626,0.010038381474293192,-0.34567809674112249,0.93829946410024767,-14.526318185072753,-9.3593507566140683,-3.2205699826147938,,0.2072337862383674,0.175,0,2
0.11537641147943097,0.99331524590664222,-0.0036202104297520048,-0.99168720551482148,0.11539477969131216,0.05692566414367195,0.056962883462247829,-0.0029777624855238209,0.99837185599266898,-17.411768914104673,14.622165167832526,-4.936124953801011,,0.08165648416510241,0.1666666666666667,0,2
0.13119821285068178,0.97808601201715339,-0.16166255608881239,-0.98997887468728651,0.13785509312177835,0.030623536263478687,0.052238459181736446,0.15602476212693628,0.98637083137405868,0.64734046354296504,-2.0523925558702425,-0.73334747559704716,0.7889318134717558,0.6702326546660518,0.9337105901374293,1,5
0.95337855482164724,-0.15828696428904643,-0.25693300321746398,0.23215189481553966,0.92865635078678477,0.28931449994241032,0.19280775124393171,-0.33547372338162401,0.92210766832335145,8.925595397633499,-17.712317780306439,1.8766663331712019,,0.2418613381433914,0.2222222222222222,0,1
0.68571854151758038,-0.68643930521340946,-0.2420561134884533,0.72296929257058007,0.68085181495991709,0.11728686228978495,0.084294031929896249,-0.25542491327965561,0.96314725242669075,-0.72885886332804273,-18.909470888708217,0.024386742609944067,,0.2683633849867724,0.3636363636363636,0,4
0.68755509403565307,0.71526804301642388,-0.12513840060140319,-0.70144271869689501,0.6987969318828261,0.14021754661331159,0.18773946056365229,-0.0086298685159346931,0.98218095090297131,15.205325843854681,20.359696156392946,1.9816872431262516,,0.2148097588947734,0.5161290322580645,0,3
0.52361949936391972,0.85191190595972843,0.0082900162810225411,-0.84072799658829811,0.51512217626026013,0.16681000952436786,0.13783706191915138,-0.094314622455668767,0.98595420601189177,7.0130554336307638,3.8624321069741918,0.46639432274165327,,0.436998733919481,0.1643835616438356,0,1
0.091334536341709419,-0.96421051440596384,-0.24890979566949847,0.99564111358765128,0.083678364006158787,0.041191071012959046,-0.018888499283606912,-0.25158699351564123,0.96765035487441131,-5.1790976016125541,13.299285354891275,-2.3734351896126538,0.3645912067747838,0.3237581282154962,0.8586956521739131,1,6
-0.8343731212367308,0.51785357005734289,-0.18880988993307832,-0.52989471508096786,-0.84791096427855195,0.01608065873889912,-0.15176654930167094,0.11346663225407531,0.98188198775513902,5.4702723893264,9.9866442922508121,0.054248932825160009,,0.1236677588635301,0.375,1,5
0.94705340560086981,0.26427007926853535,-0.18234903932622451,-0.24383233750093558,0.96146224324525087,0.12702813075315803,0.20889145058767905,-0.075839831336927538,0.97499368298167077,-6.0880162312197648,9.4278841510562597,-2.4782276811314508,,0.1059840723246721,0.4117647058823529,0,5
-0.57638024874178195,0.8074464372891238,-0.125761917007741,-0.80912280765230038,-0.58545736163735818,-0.050596045709939051,-0.1144818369752164,0.0725942739733937,0.99076938809647097,-8.2642653397072703,-3.8341634069150277,-2.3851953749318686,,0.2015654458804708,0.1982758620689655,0,4
-0.025288834494172019,0.99478481441900812,-0.098811172704630065,-0.99840856711817894,-0.020149080543487102,0.052672076646699317,0.050406427714628568,0.099985936784079327,0.99371122791808031,5.3304589429173674,-4.384561526742452,0.33273459025739582,0.5320836355185573,0.2583888352180312,0.2,1,4
-0.87439901866705705,-0.40498246606900923,-0.26723689552670643,0.44276120360146798,-0.89126157312075405,-0.098057762893606265,-0.19846630126917608,-0.20406374115698045,0.95862876902664995,15.373533905309335,1.7700301456183052,2.2714174683577952,,0.774311016418074,0.5,0,1
-0.80824256567182962,-0.54454239292111528,-0.22409269811388616,0.55865219799208998,-0.82940185945299538,0.00052651165082947952,-0.18614960841973963,-0.124764329227778,0.97456769156252976,-13.629151368072609,3.2404272541795223,-3.7821949746239834,,0.06976907024687401,0.2517985611510791,0,3
0.72193514258212688,0.67439276919461644,-0.15493238126015593,-0.66399177855700042,0.73818088905851709,0.11918008658115058,0.19474231156489114,0.016833534590088992,0.98070997965737516,6.3276120981632138,-6.8245649742234882,0.69458230175394564,0.2762221270894901,0.1604482204765068,0.6615384615384615,1,5
0.42480634458460731,-0.83931528799940425,-0.33924831161133379,0.90263127054955394,0.42136449911535828,0.087799477853580554,0.069255750856965406,-0.34351390978494589,0.93659053740548648,9.861895115161083,-12.828709142881355,1.7736873346369768,0.5565586536966433,0.576518680671763,0.6153846153846154,1,3
-0.15052403010068982,0.98828162866035363,-0.025336511494015657,-0.98792833061313268,-0.14942237184518015,0.040872586951537289,0.036607785158308676,0.031182964012429547,0.99884307717539089,-0.11976073418765405,10.732786281993842,-1.1936688472744303,,0.2280013887277817,0.1875,0,3
0.53280555120861994,0.84336368677740348,0.069684549410204952,-0.83446194646753746,0.50991737840555129,0.20894383718506207,0.14068228210718769,-0.16947554108258428,0.97544171352053544,-19.236447221155373,2.3282040850656616,-4.814514223181793,,0.6422508829953614,0.2413793103448276,0,2
-0.8777242826379682,0.46413193042499468,-0.11908666939515515,-0.44808040390304232,-0.88308784909995075,-0.13921135876827359,-0.1697764274148498,-0.068828787087890683,0.98307607170669142,16.745963887028832,-7.3009185528641733,2.82548444660251,,0.2515463003782237,0.25,0,1
0.55266355102059261,0.83340250525301307,-0.0018065467919111144,-0.81887569669796323,0.54343066348973179,0.18473144652856746,0.15493738325767453,-0.10061499996080513,0.98278737733660038,13.565056811631637,-6.4622658624267277,2.1511549120168674,,0.5063689611298169,0.2131147540983606,0,4
0.91449847820974517,-0.33982850892004929,-0.21956574841545246,0.36090514496679199,0.93046749488172698,0.063069147013611937,0.1828660977014622,-0.13691904722755571,0.97355696536861136,10.575291994294409,-7.7532509527665425,1.6129579892760426,,0.08362290070940667,0.2916666666666667,0,4
-0.39753118503312451,-0.86573834017022766,-0.30408236266751726,0.91317968837150754,-0.405713104222512,-0.038726396783731243,-0.089843272824832884,-0.2930767875854946,0.95185827879295704,14.154852327393328,-12.284353945103144,2.5622912276056398,0.3956635856540696,0.4061796475855042,0.8292682926829268,1,4
-0.79539862605934841,-0.55854474628703643,-0.23530574165975876,0.57675171238300627,-0.81685040315084534,-0.010624553429224718,-0.18627530143894327,-0.14416374463591872,0.97186332722578817,-2.1954997216783241,3.6889544602894166,-1.5557847755937553,0.2131704724178772,0.2118067919894858,0.7486842105263158,1,1
0.35540980907555214,-0.87298151290602477,-0.33404662210114933,0.93338111313645533,0.35052031592548766,0.077040286627509461,0.04983538153793985,-0.33917368153765243,0.93940281482395183,-11.132980862498469,8.6659414055078603,-3.5154314302857093,,0.176181559030398,0.2549019607843137,0,3
-0.55587460664578248,-0.74139402852854719,-0.3759498851557303,0.81871739342317729,-0.56657921009916401,-0.093219249030255538,-0.1438931943934581,-0.35961492341895129,0.92193918208395254,-12.801946725915835,12.639078634874839,-3.9443621826402571,,0.1948514194517826,0.2941176470588235,0,1
-0.97789458600774881,0.068362015989501743,-0.19760772613079813,-0.045329166091463646,-0.99188053993909675,-0.11882028947776285,-0.20412605261990915,-0.10723632434943835,0.97305340315002065,-14.238209046520037,5.5071209255860252,-4.0540345607701118,,0.1024396613266709,0.2857142857142857,0,1
-0.93011298424226796,-0.27187813621064155,-0.2469253239231877,0.31824738750932768,-0.93220817825399627,-0.17235577373518562,-0.18332603985094728,-0.23889368230866742,0.95358343718081406,-17.423849721286189,3.2742600965205972,-4.5185736363333175,,0.5532885096452681,0.3485915492957746,0,3
-0.73076469500531427,0.68258070600514997,-0.0081572252206883814,-0.66719788574068228,-0.71672047259755545,-0.20287618249242778,-0.1443258181925674,-0.14281226820216766,0.97917042145583555,-8.2557377286370528,-5.5112942561722038,-2.2356036319057679,,0.3938450916642864,0.3076923076923077,0,3
-0.94538878300344587,-0.17826063184945792,-0.27287945342933678,0.2137767006967902,-0.97108638199920427,-0.10625799233417461,-0.24604790430007029,-0.15879038329926201,0.95616214261035015,-3.908070582221066,-11.128265616662924,-1.0321310837616702,,0.7749822535647954,0.3414634146341464,0,2
0.65782522670900301,-0.70791063417040268,-0.25715463272845529,0.74427148571619717,0.66331998033957495,0.077888119967748193,0.11543797752496056,-0.24262963073533236,0.96322631589579344,14.676554134957149,3.044961158825084,2.1512209336659804,,0.09395256648968682,0.3636363636363636,1,3
-0.78764075916508092,0.61213385312515733,-0.070101215110746087,-0.60465921039456827,-0.78980815077639033,-0.10290930109662645,-0.11836077807649115,-0.038668214664331353,0.9922174637587271,16.293256979284003,2.5886521644915939,2.4738684478799651,,0.4478315918004787,0.3571428571428572,0,3
0.98074505258736877,0.041421089178538033,-0.19084924730442226,-0.01802645366685025,0.99227707373527185,0.12272430854384532,0.19445870716838015,-0.11692092332269553,0.97391750620664608,31.278475633692441,-9.9120144610076295,5.6918741602732474,0.7081664211699222,0.2794218025192141,0.4375,1,4
-0.21073096353418633,-0.933427073377465,-0.29035557458731992,0.97454922346124084,-0.22383665726933985,0.012286655915267519,-0.076460918507728265,-0.28037662090207771,0.95683994397834726,-11.355525748562714,-25.243480323552109,-1.7542494572089147,,0.172365383521567,0.5833333333333334,0,1
0.33574629099762698,-0.88613210321626701,-0.31944377240893707,0.94114757272228622,0.32959648333041658,0.074882605023951568,0.038931663723600365,-0.32578528792095324,0.9446418748573322,-2.012249426563284,14.315229454314334,-1.7075962288453952,,0.08949266403276919,0.2777777777777778,0,4
-0.6743660314081481,-0.7012995550249812,-0.23110471610200478,0.72109515025544357,-0.69283390429444869,-0.0017220157347756602,-0.15890953388926779,-0.16780975889939972,0.97292735846887446,3.0189868330668381,20.527919269390608,-0.70092199244990694,,0.1236496875168542,0.5263157894736842,0,3
-0.96721267283839585,-0.14133277760251989,-0.21100874739205014,0.16633055724884779,-0.98038171090881032,-0.10576316296708117,-0.19192131519477751,-0.1373926740793345,0.97174557466614497,-5.0660907710703809,19.912754777751143,-2.5059818149947515,,0.2198406934212282,0.6923076923076923,0,4
0.1060831484047233,-0.97037374497564044,-0.21707409031593758,0.99434373350504202,0.1023842698791563,0.028248910077492473,-0.0051870284166971696,-0.21884299473198232,0.97574629817024794,-4.5983233831954573,16.237301707617114,-2.3502254941689316,,0.07267824698504281,0.3636363636363636,0,3
0.61000891119650136,-0.72961816412764269,-0.30910590876893218,0.78575749252915827,0.60736046367941443,0.11704029260650865,0.1023439846554224,-0.31427790525923904,0.94379823430154608,-1.1243880999984681,17.460830875768021,-1.6451604805119757,,0.1213529094894632,0.3333333333333333,0,1
0.7778918447246802,0.61581362225143088,-0.12513137320594675,-0.60383407813769852,0.78764525527625784,0.12247186583209398,0.17397897571381962,-0.019711278253083903,0.9845520715123196,-0.40794139838099758,12.31745462669473,-1.2765183517659402,0.8326959320844076,0.7109276306810474,0.6759259259259259,1,3
0.13792704891860041,-0.96341683399373035,-0.22979149930774656,0.99041580529140416,0.13246002206395008,0.039126400087371935,-0.0072568454293355936,-0.23298572173486062,0.97245307941416925,16.896697412601345,-3.0031232611342347,2.7459624544982346,,0.07285509338596942,0.3846153846153846,0,3
