axis_00,axis_01,axis_02,axis_10,axis_11,axis_12,axis_20,axis_21,axis_22,location_x,location_y,location_z,dbh,dbh_approximation,score,reconstructed,number_clusters
0.19854326079237522,-0.92852630805766934,-0.31371877348785521,0.98001026226501453,0.19221858322537538,0.051302067386082777,0.012667258945312768,-0.31763329722751488,0.94812901497801894,-7.2134968671820028,8.2954910355168998,-6.9595509853865778,,0.3966696389189689,0.478021978021978,0,5
-0.53810734361712709,-0.78703634535582945,-0.3016857269316196,0.83014682790992056,-0.55684005151151272,-0.028025009255194959,-0.14593399486211922,-0.26552391252314073,0.95299544648544221,-9.6681302654111416,-4.5393961544294426,-6.9960082652744493,,0.1826590804777145,0.3043478260869565,0,4
0.69323242005590924,-0.64090288363800629,-0.32965482785470857,0.70492922936897207,0.69816778462054097,0.12504609589793292,0.15001197740412769,-0.31906933143524785,0.93578371880086131,-10.741340662453375,-18.309921833956025,-6.5405174563701181,,0.1474343041470389,0.3,0,3
0.9008965067553294,-0.33418638131692086,-0.27695657901257104,0.36850438947328346,0.92606780265004807,0.081258475458468829,0.22932509469085055,-0.17526519174443489,0.95744039684348992,-12.835895670133231,-16.020892907915627,-7.3241302444635705,,0.3089912536493633,0.9154929577464789,1,5
-0.64423917242884288,-0.64676216461328162,-0.40823350074796771,0.73672285417031913,-0.66813114283419017,-0.10411633934314364,-0.20541500639275945,-0.36783077413373144,0.90692072241670685,-7.5960699493810928,13.530120099077868,-7.4407865380461713,,0.1994227554635171,0.3170731707317073,0,2
0.95725621815210726,-0.097966469451609292,-0.27214537231470759,0.12550886625427468,0.98838642348254691,0.085672646550371961,0.26059174449834455,-0.11616733077145774,0.9584347103275962,7.5888119942974592,14.814126971234963,-2.830454346981119,,0.1420650379420861,0.25,0,5
-0.064226914285209546,0.9944425748857475,-0.083419834188299472,-0.99770703854832732,-0.062199588341502972,0.026681012748262397,0.021344055671912891,0.084942194843025967,0.99615724402461803,-31.8302165609506,17.971291133211963,-15.596027085651183,0.4236044464168806,0.3060085562861516,0.5625,1,3
-0.0065417867533207486,-0.9488596056327645,-0.31563056541550211,0.9984261308006086,-0.023779040958691981,0.050791914175501558,-0.05569978779672996,-0.31480153431887892,0.94752178214006233,7.8745361877076432,11.900752196007739,-2.608749179889128,,0.2542470174012891,0.4509803921568628,1,5
0.0076822746779762561,-0.92022137328826492,-0.39132289327259268,0.99962072223769105,-0.0032824321149022249,0.027342957272561759,-0.026446064523293518,-0.3913845293095678,0.91984713723985623,8.6516852862308884,2.834340614166587,-1.9528304197782278,,0.3593994277646652,0.1428571428571428,1,4
-0.52930797715698785,0.83702807660425294,-0.13862562639772755,-0.84514623907604391,-0.53453486102777104,-0.00056295793820945305,-0.074571441541625511,0.1168609486621021,0.99034469695364014,9.3134754381044651,10.276245344253056,-2.0806018605735477,,0.5150509975053394,0.1428571428571428,0,4
0.84248048484796922,0.52645867734723673,-0.11431488833974815,-0.47787773461554273,0.82826849141815251,0.29258191482491702,0.24871570800624537,-0.19186601358681579,0.94938292033365346,4.1293647422573692,2.8281118124289577,-3.1766176643880706,,0.5008245633148769,0.2694610778443114,0,2
-0.73073112164961673,-0.60392171754845347,-0.31829324046548463,0.64446263685216143,-0.76405297570412645,-0.029848953402568119,-0.22516646631825993,-0.22693966024253104,0.94752227047956628,12.446734559104275,0.33037333894307391,-0.61550067312018319,,0.08417977899993838,0.1951219512195122,0,5
0.45489303475242754,0.86855047024123377,-0.19670385755612252,-0.87591507028066395,0.47624261351777697,0.077238350092282027,0.16076416450486483,0.13716068574300011,0.97741589392518258,8.9478419602193302,-18.830680511019875,-0.73131720399845346,,0.08673513210989373,0.4666666666666667,0,1
0.42406834136143812,-0.82953911487001453,-0.36336056301645042,0.90178538641086758,0.42372095369064872,0.085109754195919332,0.083361614132413997,-0.3637655980218033,0.92775289327766497,-3.1019177280333419,3.6405414859732659,-5.4552321857054018,,0.1529934010578322,0.2832764505119454,1,5
-0.75061408421999665,-0.60138402170811633,-0.27370742592181602,0.6203212963900252,-0.78405210231337064,0.021535786565184584,-0.22755216064799952,-0.15362148056881453,0.96157186673294004,-4.1623452281692126,12.652240463890942,-6.2738147824636608,,0.08249321507765497,0.3428571428571429,0,2
-0.17730862137370967,-0.85410838852280491,-0.48893814889158549,0.98004703243505098,-0.19858364714115137,-0.0085058393687872953,-0.089830212077025684,-0.48069054051759164,0.87227698425161992,-17.552546621230945,10.35498086929322,-10.334901514844409,,0.2586345372877002,0.2894736842105263,1,4
0.41558482130488994,-0.83195076437756077,-0.36762369612495566,0.9065372227956825,0.41175998731721847,0.0929729881762104,0.074023779874256596,-0.37190272719639361,0.92531553619130968,-11.231657945614064,-9.6714424958331087,-7.1048005177641409,,0.2407337761448173,0.4666666666666667,0,2
0.94840295970192512,-0.091053622320625527,-0.30371213984778805,0.20119035634588289,0.91315869326307064,0.35449067890637004,0.24505972035821427,-0.39730396270409318,0.88436151808950814,-4.4222240310838918,11.518803212500915,-6.2853635666943619,,0.321802795042135,0.1538461538461539,0,1
0.012132361387669478,-0.91401120109713008,-0.40550749694196769,0.99961629870774849,0.00098745135633683079,0.027681768325735601,-0.024901027388038011,-0.4056877484085511,0.91367247393484485,0.66447301465637176,13.42305544232887,-4.8362099419126219,,0.1630688038410953,0.25,0,4
0.96346634933046249,0.12653247403341045,-0.23605534673634507,-0.060317399126415261,0.96123247587532412,0.2690612173562365,0.26094904688551074,-0.24499318426760269,0.93374725412820614,-0.92228308864449771,-5.9842790828209695,-4.2751488772760737,,0.1240121068836994,0.3018867924528302,0,5
0.93960585629543425,0.29515998397343041,-0.17326690011692464,-0.22869257226089579,0.91807937715805321,0.32377455834233898,0.25463806119278204,-0.26459561806251825,0.93013365528513969,-15.046753034250404,-21.080745733143335,-7.7026681421968481,,0.4218129410247685,0.1333333333333333,0,2
-0.71353231496904457,-0.64724294418016282,-0.26823162882835389,0.66529640527323719,-0.74596666722254235,0.030239453093638791,-0.21966412685148576,-0.15687671147078711,0.96287972705457192,-2.4995372840522259,2.5867915806508637,-5.2077328545743136,,0.3644581899263911,0.9432242022378782,1,5
-0.5271779427015848,-0.7708655902477789,-0.35756070603586682,0.84466926566575118,-0.521340826311811,-0.1213984120991639,-0.092829135343408448,-0.36601910413591959,0.925965856302992,5.7002323293617723,14.960708346147815,-3.3554182679506663,,0.2348252179667602,0.3,0,2
0.48457960095101216,0.86430261857597901,-0.13477237797435293,-0.85847474401874013,0.4994663321633655,0.1164237815793308,0.16793964458731833,0.05928209306340966,0.98401316516493065,-15.474023204294278,-16.316874439150151,-8.0722446031764292,,0.2132510034620685,0.3478260869565217,0,1
-0.31774843797149122,0.93976026526706313,-0.12604195330070223,-0.94773522451513359,-0.31883087099906227,0.012034114476296834,-0.028876883140787114,0.12327821998698048,0.99195191723032361,2.6987729522422086,-8.1420897874338447,-3.0287284603659366,,0.155595371870458,0.1886792452830189,1,5
0.083355020540388888,-0.9428233931257165,-0.32270108448163465,0.99639476376404745,0.073721571109762837,0.041983385960370864,-0.015792887459253009,-0.32503719683756199,0.94556935513883922,-0.73865305945906923,-23.066383501060756,-3.3384599484398976,,0.1309801637407079,0.3181818181818182,0,3
-0.029766575319946705,0.96934446055748835,-0.24389601837715999,-0.99894773147703675,-0.020331945675939257,0.041110117512736501,0.034890984087616254,0.2448630816835006,0.96892966228609967,-5.5453010894185404,-2.6699219483276897,-5.8627802172682895,,0.2298912178882252,0.8143036386449184,1,4
0.97138946146036398,-0.0038251409893096137,-0.23746132834664802,0.036292917611325706,0.99051717343129508,0.13250869129583057,0.23470265932664722,-0.13733571070223541,0.962316769193445,-5.6739861850811319,-20.595770091024811,-4.9091337369474006,,0.3340434312197223,0.5,1,5
-0.3040874422367339,0.9308523132266654,-0.20259515896112917,-0.9526438212637266,-0.29730093700529581,0.063889769633457688,-0.00075979073705769807,0.21242910303519474,0.97717618621295532,-9.0547506582152266,-19.059575805255584,-5.9947364191293033,,0.1516550188585581,0.5714285714285714,0,5
-0.6301037508312769,-0.68743590618614181,-0.36111097750469384,0.74972534782997213,-0.65967101997021671,-0.052402750239684555,-0.20219091475529968,-0.30375322269482741,0.93104930787414419,-7.7444730053095325,-18.817314439294371,-5.6476939455671227,,0.1142951140648471,0.3529411764705883,0,4
0.88996356602864968,0.38803720437612083,-0.23956623126295024,-0.37609014356562431,0.92163040761276704,0.095674425403617702,0.25791675993303886,0.0049517454992128772,0.96615445202211514,-3.1720454320732427,-12.903399335786276,-4.5216068702013787,,0.07964106773974319,0.2692307692307692,0,5
-0.95182240947296015,0.23475442644394351,-0.19729282827833172,-0.18195842138923146,-0.95024543969661679,-0.25283341792833058,-0.24683037436795963,-0.20475342146288569,0.94718044885260089,-17.61659392260103,22.85243916116486,-11.175745936984558,,0.3591681699455264,0.2941176470588235,0,1
-0.48443089727709104,-0.82591563941253376,-0.28842687519906418,0.86800691278056563,-0.49487376997293192,-0.040791557434450273,-0.10904450985016627,-0.27011721227378604,0.95663262881054512,-10.688876299947719,12.070011534705126,-8.2764953889122204,,0.1507747317085187,0.2,0,3
0.9485507221670515,0.2058614507766223,-0.24056722669663158,-0.18577806775154723,0.97711183646886401,0.1036289948563868,0.25639429989542628,-0.053605243368422754,0.96508468067032616,-4.0141357062031071,-22.608941776539613,-4.290716749793269,,0.1318712455758404,0.5217391304347826,0,3
0.92907792968120739,-0.22831247690913092,-0.29101136312333103,0.28565358177268246,0.94270260044831344,0.172377023783407,0.23498134351415867,-0.2432801265940262,0.94106245712209557,12.932303279661941,5.1095451010091848,-0.77279647128929085,,0.1058785447804824,0.3125,0,5
-0.72635005692460408,0.64926662271142699,-0.22554034547841276,-0.66768413092276369,-0.74440862673594621,0.0073278752047638675,-0.16313643406528824,0.15591231213089049,0.97420626912705799,-1.9464707497454921,11.488352639302608,-5.5307632419066799,,0.08385064635040562,0.2142857142857143,0,5
0.53491103007160434,0.821056200235874,-0.19934117979475199,-0.82654873948296559,0.55743162552538394,0.078020280204886119,0.17517811269349839,0.12303129243552864,0.97681929235390696,11.473560783369859,2.3956657042118743,-1.051464087136307,,0.1923050131656358,0.4571428571428571,1,5
0.39915157318652339,-0.83573765013501511,-0.3771214681896633,0.91295421683756561,0.40031040111741917,0.079159211186815542,0.084809313057183547,-0.37589115832114861,0.92277473822962575,1.9380098920390967,15.351395575868686,-4.4986406368126559,,0.1765332490279178,0.6923076923076923,0,2
-0.85479077046415852,-0.44132784197521563,-0.27306130195761918,0.45524574133473733,-0.89025954848809286,0.013756864554230251,-0.24916671873642449,-0.11255075398804332,0.96189826595687722,-4.1658457287088506,12.603978984539381,-6.2736545934246806,,0.08030043112492673,0.2424242424242424,0,1
0.68822493579353305,-0.66823642671527594,-0.28250047037622306,0.70950728733481427,0.70123606337446742,0.069766701526399119,0.15147886641634586,-0.24845132608597567,0.95672675910906735,-6.1267620613765388,-14.301571279510732,-5.3763007307972419,,0.08536519175453509,0.2413793103448276,0,5
-0.58564988399124795,0.80846586024437284,-0.058285214251674516,-0.8016784513055083,-0.58834839830224561,-0.10563059655035476,-0.11969074355788485,-0.015136546320349388,0.99269582998623118,-0.83247850611797369,-3.599405298976261,-4.3919168625683165,0.709794720342047,0.3063461655858766,0.3038461538461538,1,3
-0.33654928457637029,-0.8834871465485854,-0.32586046236782373,0.93225138406046537,-0.36140977750238296,0.017039062269516392,-0.13282294970553754,-0.29804938283632898,0.94526431722688209,-5.8229951057075322,-19.037433411718361,-5.0722691168682257,,0.09716009727558798,0.3181818181818182,0,5
0.65087929796600918,-0.65088572345256723,-0.39077348232051723,0.73432600126462211,0.67039423064951231,0.10647487674826876,0.19266931085667413,-0.3562574217016074,0.91430803678877159,-3.0247298269553053,-9.2819994185926635,-4.7241386738698532,,0.3846743197614859,0.1666666666666667,1,5
-0.91400338832217354,-0.29622056428555832,-0.27722045997713046,0.33767609157341583,-0.93419839850018183,-0.11510086628430721,-0.22488366618162495,-0.19881330321193608,0.95388710398593324,-9.1465487864851323,-20.336196473717006,-5.9523753345286678,,0.4779632080315627,0.6744186046511628,0,4
0.73244706841563112,-0.61999865132915066,-0.28128804510569033,0.66174906645791476,0.74543581977609141,0.080085027544628096,0.16002957542724727,-0.24480014490351043,0.9562758096092332,14.81756193286957,10.59690019338144,-0.45955771407860108,,0.3597998821599632,0.7142857142857143,1,5
0.85135643409955131,0.47187370973417808,-0.22918862139949378,-0.46074495962611972,0.88149082760686237,0.10338279849227355,0.25081129220276577,0.017581891441861328,0.96787632102294197,-0.82928946891932886,-8.5337174370419806,-4.106601724360333,,0.1263875678948209,0.5724137931034483,1,5
-0.3385104969052633,-0.87215888426878885,-0.35319898651606008,0.93624184634449248,-0.34973662971800912,-0.033697106506982537,-0.094137392349727025,-0.34208649553074794,0.93494116442537933,11.503329751074604,4.0781580664888448,-1.0945555696548046,,0.1882289862755854,0.1785714285714286,0,4
0.60134159790260333,0.77842700447064428,-0.18011019222354346,-0.76338867899114426,0.62629899593681648,0.15807369318355924,0.23585166401808216,0.042437794469004551,0.97086200161532066,7.466387404924447,7.2631982398560462,-2.5118904152864467,,0.1864549560694164,0.4347826086956522,0,3
-0.52138938982269223,-0.77976979702138582,-0.34657202402032744,0.83474479946794511,-0.55035797934323305,-0.017527530757440461,-0.17707123973570643,-0.29843786325876853,0.9378595938795955,10.883411371175528,-14.043594408098782,-0.40895256931493745,,0.1017673205845143,0.1951219512195122,0,5
-0.042911581602259066,0.97153358189774308,-0.23298303674159387,-0.99864424386287276,-0.034832483899777181,0.038682971252528932,0.029466427743194096,0.2343271160372056,0.97171113625693417,6.0690808958414051,-16.442048668285512,-1.6124771913705229,,0.09170422596880649,0.2592592592592592,0,5
-0.00026368493892180487,0.98862678141680582,-0.15038955261487039,-0.99924894993850555,0.0055669190877588428,0.038347691699302286,0.038748761490496414,0.15028671424087434,0.98788280529910788,-12.250021547124222,-4.7764030839835021,-7.7528481768431297,,0.2824443621487829,0.8571428571428571,1,3
0.42823535022525361,-0.78540593712845919,-0.44693623565428087,0.90057777920379511,0.41178232958946892,0.13926584880087525,0.074660219808225944,-0.4621394020868968,0.88365888476094134,-13.717525641214161,10.951041885634698,-9.1445504174573848,,0.6182658150913171,0.3048780487804878,0,1
0.93435963344067252,-0.2448842152025143,-0.25885091566625912,0.27313748351896744,0.95873166548621103,0.078927236686468311,0.22884053507527449,-0.14444831165051625,0.96268722582559352,-10.492343980025673,-10.903250272273546,-6.8227854499784835,,0.09838713688030243,0.5098039215686274,1,5
0.55175909632019748,-0.78307389229850921,-0.28697940488540674,0.82666366780633727,0.55905701296842358,0.063893947912132681,0.11040416639281934,-0.27248951438777824,0.95580352823779624,7.9796897248057848,1.1480332480022062,-2.0221981437862944,,0.2728898556144033,0.8701298701298701,1,5
0.13049172963224265,-0.91753612296655362,-0.37563196289598416,0.99140745824896837,0.11727355639701537,0.057949673841317786,-0.0091192228783352411,-0.37996628274295663,0.92495538473625527,-16.403973428587104,-13.094222502227902,-8.5241939876168136,,0.06786264866817775,0.4,0,1
0.87187559964125805,-0.39553319948549903,-0.28876708062893958,0.43929646552138252,0.89228018722385205,0.10418580934171516,0.21645219825776058,-0.21769142287313897,0.9517136598141539,11.398181107315825,5.0758905996462982,-1.149957764955768,,0.2318303711205019,0.5657894736842105,0,6
0.94102628157402424,-0.19955049371292666,-0.27321994408514844,0.23696016708062981,0.96512951577917727,0.1112425143053237,0.24149413368461867,-0.16942437318986112,0.95549775780225532,-5.1021982154112697,15.111221690137878,-6.6403704925354026,,0.1776343406966239,0.6226415094339622,0,1
-0.86783859343542813,0.48447811355049875,-0.11016865813182078,-0.44912806811067224,-0.85978009597077543,-0.24302708698344305,-0.2124621241049601,-0.16142844874133105,0.96374306833189427,-10.873274865771307,16.942892589481033,-8.6299628387650156,,0.07099512527945182,1,0,1
-0.62409980756733474,-0.71340591379977691,-0.31867135476838715,0.75490857209205442,-0.65574706706111263,-0.010432249166989245,-0.2015253779957985,-0.24707850209245638,0.94780785807430223,8.5163705546713206,8.2165595385835992,-2.2673956936843842,,0.1047600210669273,0.2592592592592592,0,5
0.963522209449721,0.15074274187014439,-0.22113701108272077,-0.1306256683738149,0.98606488037165696,0.10301934992769261,0.23358485965280909,-0.07037526178353623,0.96978628360576258,-9.3170305462189944,-2.7188373501706553,-7.0182702185386594,0.2197070103501655,0.2212176172696613,0.6862745098039216,1,3
-0.76638264002060386,0.62874912439427888,-0.13165176659838687,-0.59751809472263118,-0.77297210424154372,-0.21327506310733138,-0.23585965223854088,-0.084785993170020821,0.96808138077750816,8.7087130443094996,9.9221908940685779,-2.2298551588826245,,0.3289531308745577,0.2631578947368421,0,2
-0.082390935270465898,-0.87584574865500764,-0.4755060024313133,0.99421765043399224,-0.10520647927361598,0.021514187978255307,-0.06886942246578949,-0.47098388643540712,0.87944936259424833,-17.655308776719092,11.902279854489805,-10.490007793335716,,0.3627239101408575,0.4230769230769231,0,3
-0.57229517107549699,0.78923408063296041,-0.2226831900506013,-0.81208040935336823,-0.58320050847928118,0.020064288025556227,-0.11403352975389443,0.19231935128050018,0.97468437004751107,13.455760390772816,0.55947488604833473,-0.35263417986361145,,0.4503681091951663,0.9075144508670521,1,5
0.93237361670997077,0.27004570300368619,-0.24032219446487268,-0.23448311974122535,0.95775648742623709,0.16649377570761323,0.2751310695279422,-0.098882905915025299,0.95630803902205574,-11.346542352098863,19.27915972110263,-8.9661381923226262,,0.2059750610166723,0.3548387096774194,1,3
0.37885164507571756,-0.86440807995709579,-0.33056028546743066,0.92348325896373962,0.37642316696471018,0.074055855851972982,0.060416069361825538,-0.3333230725244572,0.94087492680255957,6.3278057166286548,7.1878158259313087,-2.8099051451817747,,0.07940884048983946,0.4722222222222222,0,1
0.39401281457058068,0.91319928931317984,-0.10402384319026867,-0.90745711732828915,0.40448135381219164,0.11365040531599398,0.14586117428706749,0.049617460799209132,0.98806003128324027,-3.62657833504751,10.794927755933189,-5.9694462237063908,,0.5070976961091769,0.3233082706766917,1,1
0.96213113793874683,0.096158925172970769,-0.25506300107673807,-0.082092205690120559,0.99448584640161586,0.065259260429411409,0.25993180485201117,-0.041849282149659592,0.96471969732660434,2.6019886191802111,-13.149515364505326,-2.7984983768591549,,0.1700717629024848,0.6842105263157895,1,5
0.16890311807943822,-0.89774003309019734,-0.4068593979377324,0.9854805509111807,0.14656585759344717,0.08571191961269066,-0.017315324970623935,-0.41542903410222559,0.9094607727362698,-8.9781614638653213,8.0525395448134525,-7.5198631933242206,0.1325391885452875,0.1507946617084264,0.2345679012345679,1,5
0.86567870828703042,0.48589852577131787,-0.1204283881473065,-0.4458842145130506,0.85777580743383031,0.25574974375220799,0.22756898133660083,-0.1676999905620159,0.95921273547577601,-3.448347591482003,-6.3029778300322885,-4.9879976984695098,,0.2835279767793508,0.2380952380952381,0,5
0.85383855746977066,-0.42312802952190015,-0.30318705185224293,0.4782978529342134,0.86757097631809632,0.1362048638227967,0.205404190941817,-0.26131068038520511,0.94314677895869337,-13.127136360741565,-7.2513395565763084,-7.9181438455346012,,0.2540491360983196,0.8507462686567164,1,3
0.16771947469178056,-0.9246291853096209,-0.34195182041155991,0.98583414946043746,0.1576931539066381,0.05713054321983374,0.001098893411164205,-0.34668968672956502,0.93797923940171879,-9.1175172909235567,28.377289974310983,-8.6926682040023326,,0.07658139497199112,0.3,0,1
0.36522913409917662,0.90434247693412761,-0.22084466037876477,-0.92052204124391401,0.38619518751057841,0.059096943472626465,0.13873302126495829,0.18170845207726413,0.97351691677873831,-6.1903695659599691,15.746181950120027,-7.1007256591781767,,0.1012644419648413,0.5,0,1
0.9549021795314131,0.19962070624374373,-0.21980309634967393,-0.13978741843394982,0.9553445715266119,0.26033867807570338,0.26195668568243657,-0.21787226370830659,0.94016507674604122,-29.466479784380237,15.383351534991979,-14.59362832569574,,0.5566801948046064,0.2380952380952381,0,1
0.0021666241880350162,-0.93429769674966479,-0.3564871941429304,0.99905758493928409,-0.013431522309592471,0.041273916505859057,-0.043350290828476884,-0.35624066030805412,0.93338809946793755,-10.483843792458678,-13.544743928146787,-6.7655741642546685,,0.8516854013745604,0.5555555555555556,1,5
-0.32878707267409063,0.93378960823968904,-0.14119500127827062,-0.93532321183347711,-0.34264887824095142,-0.088103550698746577,-0.13065048889273728,0.10309565356398966,0.98605361718737339,13.564828840626939,3.9598254319543393,-0.51144115985354133,,0.5683225977223241,0.1851851851851852,0,5
0.31901695581515066,0.93977344591420708,-0.1226949561187085,-0.93475378222287953,0.33335974222606707,0.12290910821819789,0.15640827510862926,0.07547948474590857,0.98480419315721657,-18.557419663216738,14.394600992887957,-10.960407175685848,,0.1468665203509131,0.24,0,2
-0.28675320762999607,0.94109618563954611,-0.1791942166717575,-0.95747593696693756,-0.28774930672861171,0.020980147913878065,-0.03181867444117073,0.17759027521770376,0.98358998881897253,6.504282677387474,3.5333086714621178,-2.591987820175881,,0.1819997901561475,0.4175824175824176,1,5
0.196666471566531,-0.91676249764271311,-0.34766193619299773,0.9804365140306851,0.18683139697165846,0.061953781651934263,0.0081572616071708126,-0.35304468841991055,0.93557089900314838,-5.0049204248050563,15.060353962651767,-6.6242645487637573,,0.2379857809974603,0.5058823529411764,0,4
-0.95994471233715761,0.067221068842519147,-0.27200639176240182,-0.050741239162943826,-0.99644972514334951,-0.067180889469793892,-0.27555666550483016,-0.050687998238370266,0.95994752509209913,-11.94296747970613,-6.511111650460351,-7.5664328699231156,,0.1497139537705416,0.24,1,3
0.94515536495992059,0.19302951742773278,-0.26347854085123545,-0.17426694309900648,0.98029239832296478,0.093047548775547911,0.27624693415567025,-0.042028790035247524,0.96016728343438484,-13.656654433331427,9.0150615765143449,-9.0243169860060259,,0.09901957740013057,0.3786407766990291,0,5
-0.32099909410140159,0.92497198992288132,-0.20343647520585958,-0.94597049164714342,-0.32353109104255556,0.021620870974027415,-0.045819324732491569,0.19938518246579492,0.97884939520548297,-7.0962192624606368,-16.666836722628929,-5.5155978584873466,,0.1232896528353525,0.5333333333333333,0,5
-0.93012546012221309,-0.20269513643299547,-0.30623734275697106,0.26007835151073289,-0.95230485283214206,-0.15960801467286001,-0.25927953931596864,-0.22810118136204713,0.93847960635984928,4.5668912377011637,-7.8118689891172188,-2.5870831965981962,,0.3384268627620544,0.4897959183673469,1,3
0.55085736473039582,0.82697776492206176,-0.11253417279562321,-0.81648468798940155,0.56192002914260397,0.1326598474566632,0.17294194980146835,0.018805774987666016,0.98475246880928402,0.91753710452074444,-6.4255273061931222,-3.6917560348614455,,0.146396875606172,0.2255639097744361,1,5
0.28230597965073795,0.9327691465457193,-0.22415408340204318,-0.95090625475572887,0.30296910992534531,0.063142799252798268,0.1268094181039888,0.19532393013508892,0.97250600707487311,-21.241776168609999,12.444411458268911,-11.6505274132602,,0.1480044125658916,0.5679012345679012,1,3
0.96143154688108412,-0.10215960307446773,-0.25536796228484343,0.14120523625231834,0.98009745907606682,0.13953512807735965,0.23603063766547974,-0.17021276747737049,0.95672208706129591,-2.3697680985027434,-7.9143717984033728,-4.6115968761830679,,0.1154778765531842,0.4702702702702703,1,6
-0.44521242673991301,-0.85010968945342413,-0.28124617503845312,0.88130124273253796,-0.47158078850268437,0.030326217589261312,-0.15841090440510158,-0.23436099464840388,0.95915635302747648,-16.944071720002288,-9.8399162129579363,-8.8808712704233059,,0.08960325397815402,0.4090909090909091,0,1
0.47708872644653383,-0.76843826666065418,-0.42648443984416828,0.87468969865688651,0.46236231769328745,0.14539263475436703,0.085465069830601689,-0.44240673311881373,0.89273288520698579,-11.45734343690742,-12.610087523148648,-7.0591252171040066,,0.1058074617384325,0.2608695652173913,0,2
-0.17864581956528869,0.98305610994088188,-0.041065263419904283,-0.98391293784011935,-0.17844760405671256,0.0084725059600591103,0.0010009508833069712,0.041918221745663051,0.99912054366978653,-20.028381058915137,18.047559025741105,-11.684897806462853,,0.3529631693874702,0.2,0,3
-0.11853948498376185,-0.92000667123442437,-0.37354533243495092,0.99133428998759732,-0.13110071580690399,0.0083022773805561372,-0.05661021104510032,-0.36932414922269974,0.92757477154478385,-3.5590457251128931,-18.12671924181269,-4.4537479907831532,,0.3271814111214625,0.3461538461538461,1,5
0.90255864933854957,-0.27080566540872236,-0.33474195447644883,0.3657396748238293,0.89244557695708016,0.26415030272461265,0.22720557819722081,-0.36083955402960483,0.90452885055358134,15.264936033139517,-10.2403716727217,0.71446757522598003,,0.1408035245266294,0.2040816326530612,0,5
0.94711746608059044,-0.13985891547238413,-0.28880441341497981,0.19760281772633118,0.96333009523868174,0.18151653928512249,0.25282727675568639,-0.22898605060204341,0.94002327458312562,-27.648538630217459,14.133983318649845,-13.934382547721631,,0.5256613923726691,0.2222222222222222,0,3
0.12967023982541867,-0.9438684266433427,-0.30380589541587161,0.9914946446867452,0.11998511681331871,0.050417668537920741,-0.011135459627864544,-0.30775958949984861,0.95139898917844234,-12.777385187363503,7.493926030182628,-8.7271573795030992,0.4836512480417328,0.3250313475620349,0.9251101321585903,1,5
0.0857470807929714,-0.95453222735119525,-0.28550948335116533,0.99608899412167584,0.076002595946925197,0.04505908564314224,-0.021310887479202834,-0.28825653914056165,0.95731604693411165,-19.343872691949585,-24.159904923124394,-8.8447001407542025,,0.101371238321649,0.3333333333333333,0,1
0.95818725863286902,-0.14299626111093053,-0.24784924188288596,0.19414468782776831,0.96119150804142128,0.19600695155355122,0.21020232534842512,-0.23592997727578482,0.94876342058532259,4.9992160277717623,-5.2831075935519989,-2.6177223356209116,,0.347813363450217,0.2692307692307692,1,3
-0.49784212105889436,-0.76336357394162624,-0.41161787677243561,0.85005138425890803,-0.52359738603743233,-0.057082584509482649,-0.17194727860334166,-0.37831446088384607,0.90956709596767482,-1.6226508846349703,-12.367383135393787,-4.1412600177026038,,0.5061617971685818,0.2695652173913043,1,5
-0.60880860326724195,-0.69454388520663302,-0.38335476534127638,0.77235080353997709,-0.62928286279390289,-0.086471468502980098,-0.18118035450606046,-0.34872893501398078,0.91954434859068823,-11.994976304550008,17.950218118957864,-9.0286922662477256,,0.343928828024505,0.3538461538461539,0,2
-0.83297240803412254,0.5323600486854474,-0.150830189343721,-0.51584244473336893,-0.84576156739896957,-0.13635961030429497,-0.20015878613075194,-0.035779179343101195,0.97910995841131021,-7.4788993028572373,22.299908739390741,-7.8442478030921281,,0.315251738883385,0.3636363636363636,0,1
-0.43628605480323446,-0.84143696181844052,-0.31880764995523841,0.88640874674333037,-0.4628252891002938,0.0085020859880436516,-0.15470621216081709,-0.27888454789568784,0.9477813022337328,16.037983590044725,2.1302220107201046,0.30998991219779526,,0.1246386182775169,0.3333333333333333,0,5
0.88767548015802267,-0.36737921806618851,-0.27760538910349136,0.40561492603996468,0.90922394820931018,0.093746166728396932,0.2179650744954772,-0.19581706293311199,0.95611029916240919,-6.3301146649228155,11.048148496321227,-6.8822133075101704,,0.06898728575667584,0.2741935483870968,0,2
0.82149767101361848,-0.42925579847005096,-0.37534122608506654,0.53128816719680316,0.81523951512825676,0.23047215964213094,0.207061488248935,-0.38874669445962501,0.89777588942388753,-17.44906981604905,15.044912806962561,-10.671503348071981,,0.2511532024425023,0.4324324324324325,0,3
-0.82685677371704236,-0.4860611158297824,-0.28293544747265525,0.50915095473139271,-0.86062517135592032,-0.0094667694967911029,-0.23889993941890414,-0.15188451569169575,0.95909223374957231,6.8640017746591075,1.9119118495296377,-2.3525137123195585,,0.07393413683218686,0.2909090909090909,0,4
0.22533308358423754,-0.93580626696118152,-0.27109340117124736,0.97413479689271587,0.22123497233575523,0.046005265985352733,0.016923324886217547,-0.27444802373450145,0.96145300631025132,5.0435351107643518,4.2493404471215346,-3.0776036791267845,,0.4208057546631756,0.9035222052067381,1,3
0.92600790005658074,-0.19680939785867035,-0.32214194068346519,0.29554435251940736,0.90887267885282752,0.29428555745868612,0.23486784523788246,-0.36771798235793823,0.89978918682318088,5.0735047331629728,7.549800665447572,-3.1355405409110371,,0.1976444383455913,0.2413793103448276,0,1
-0.78769789248440047,-0.5374432474834141,-0.30114246779575166,0.5694724477296732,-0.82168515257660668,-0.023122311993681002,-0.23501736415083949,-0.18970573467779028,0.95329878463048057,8.9385916943166777,-19.619096596555416,-0.69134844362569881,,0.2169647406760712,0.6326530612244898,1,6
-0.85357039306549787,-0.37988432550527129,-0.35651855956936679,0.45764955220335896,-0.87374833418184128,-0.16468374504644412,-0.24894672411999327,-0.3037297281298989,0.91965960050448092,-14.900176365270005,-9.8841321769470536,-8.2731891978501171,,0.5594471644196377,0.1052631578947368,0,1
-0.67864914553013556,-0.62895527790825378,-0.37927641063288892,0.70199717109813642,-0.70730624485004012,-0.083173600176669513,-0.21595209895120332,-0.32269666001910507,0.92153760453444522,11.224078041188358,6.6296778587067946,-1.3334201485872725,,0.522997184769352,0.7954545454545454,1,5
0.54751485982146586,-0.7860820497112504,-0.28688410446806056,0.82962148675224201,0.55472058402269064,0.063350314762644938,0.10934197269887624,-0.27269045598129293,0.95586832159196178,-2.9049417102193944,-11.378779390506175,-4.5610784536964797,,0.08467022956032791,0.5192307692307693,0,5
0.0028742351827867126,-0.91494396620939789,-0.40357065982195778,0.99901736024772447,-0.015221780118238657,0.041624648151077609,-0.044227284517399934,-0.40329373427695153,0.91400115492113521,-8.8949504879581021,-6.3049852693616053,-6.604663211695561,,0.4443277098256124,0.8958333333333334,1,6
-0.13393343196407159,0.97225471573250188,-0.19178791290964509,-0.99092328751266323,-0.12914126328236888,0.037330582408124938,0.011527101431899757,0.19504692218475572,0.98072617181292376,-2.8369709790126598,-16.271979698260068,-4.2552328169627192,,0.3189603054713911,0.8739495798319328,1,6
-0.61026065235982707,0.78844780546644511,-0.077019440640042167,-0.7798253221010919,-0.61499908142355608,-0.1168272094082141,-0.13947904212205728,-0.011233338921668045,0.99016130448800332,-7.9728088757430511,-8.281453965901779,-6.2304676327894413,,0.5739308664514282,0.3684210526315789,0,4
-0.51427600434269227,-0.79702555799212715,-0.31665509827674354,0.8385576167759129,-0.54473500485862936,0.009214001778352774,-0.17983691140702371,-0.26079500453231058,0.9484959941436627,-2.2928186454136994,10.172730265454891,-5.470729860793563,,0.07632577663262695,0.163265306122449,0,5
-0.23952265830796399,-0.91524192162488649,-0.32397703785526222,0.96504224962569141,-0.26100512806469045,0.023870055746013707,-0.10640654394570662,-0.30693411023266576,0.945763765102687,-7.0086644954002617,-13.242085105435097,-5.6668423048298324,,0.08038774682282804,0.3333333333333333,0,5
0.31385864614552844,0.91848354040663205,-0.24058415625679511,-0.94108698157737136,0.33453159845542002,0.049435844692422092,0.12588901201172253,0.21089475014082187,0.96936853725389294,-14.29941748094809,21.710731800703901,-10.007564502529704,,0.1145602443778585,0.2307692307692308,0,1
0.76402838198987966,-0.48836328986389405,-0.42161822615636718,0.6204154987805508,0.73544623717767799,0.27240308569117916,0.17704587085500684,-0.46970217088545557,0.86488995269842472,-19.742625388778791,14.750642357551225,-11.326948257923579,,0.2559253673849075,0.2307692307692308,0,1
0.50875277525223284,0.85897072576906475,-0.057791919373884393,-0.84320035250314995,0.51070855810202398,0.16789858313849931,0.17373479562745933,-0.036688703344736236,0.98410881503783265,-18.838531631388282,10.714504201465939,-10.880001774303329,,0.171615517051933,0.3333333333333333,0,1
0.31216409493251301,-0.85536096061211464,-0.41341408405578611,0.94899816859416575,0.30101151161941075,0.093779240120166654,0.044227297451726419,-0.42160372025554638,0.9057009711967845,-5.0791361059580513,-12.384242139042341,-5.1515090546107984,,0.1849922914296428,0.2586206896551724,0,4
0.87499057452117512,-0.38584973465358774,-0.29242345454299756,0.43374472812463805,0.89308479194207091,0.11943644848149401,0.21507441810496317,-0.23134289846361103,0.94880106345180049,0.33335376733121397,-25.215302265973907,-2.8572904986910816,,0.1564433259952277,0.3333333333333333,0,2
-0.51529094850115287,0.82576871465819168,-0.2293060581069308,-0.85120375279371829,-0.52424355491364494,0.024917190078203737,-0.099636387041440219,0.20802577970833519,0.97303538751376684,-0.70315246084662852,-12.045179278124749,-3.8796433302877782,,0.07979308459230011,0.1714285714285714,0,3
0.38722693178828194,-0.84373433502678263,-0.37170912713403426,0.9196456122062403,0.38216181964857437,0.090577544417474148,0.065629652198089417,-0.37691473239952161,0.92391992794427491,7.0501831700598823,5.7341805318391792,-2.5276777685602205,,0.2238000529181956,0.1929824561403509,1,4
0.78485548741445832,0.57090467786342836,-0.24097658116312459,-0.54740670082809084,0.82100328899220965,0.16217121616513647,0.29042687162850106,0.0046312263634549627,0.95688598274739745,-17.252203534889357,24.881859606080774,-11.150685081981534,,0.3003700705700402,0.7804878048780488,0,2
0.55940858477465627,-0.77810827810920746,-0.28567383992648077,0.82254777511261656,0.56367546887203546,0.075399757620140007,0.10235816009337512,-0.27715965314203911,0.95535612926933366,-2.1016382293894105,14.168407874597687,-5.6891770023675834,,0.467927961667643,0.88,1,5
0.80582205171904087,0.54126229067323506,-0.24017900336723416,-0.53860537780778228,0.83850313295075674,0.082563569619423807,0.24607939361078471,0.062830157782133841,0.96721109552838591,-17.101047759708315,-8.6742417178531923,-8.9996636007211883,,0.1145577263580602,0.4444444444444444,0,2
-0.93573804312455433,0.24690241359054887,-0.25186010563920302,-0.26247456098701627,-0.96448244972166408,0.029676741963533277,-0.23558739245575547,0.093876527109062358,0.96730852274434054,4.7505179231442876,14.549064689121163,-3.642719179105939,,0.07732793721126587,0.3043478260869565,0,3
0.57073713121561664,0.81232352977812294,-0.11995670060724938,-0.80543025117613964,0.5822497122494481,0.11075821899874665,0.15981626181996456,0.033402927330462233,0.98658147504585081,-14.727408195826241,-11.322544316540284,-8.1237567002680908,,0.1700968866777701,0.2413793103448276,0,2
0.27432272453710932,-0.90171939672219359,-0.33413945049559862,0.96064347617384183,0.27276032100631725,0.052592004802711034,0.043716752934942579,-0.33541606529725754,0.94105521020465699,4.8008859041133531,-21.527065689301164,-1.7779103688947191,,0.145985927168508,0.6,0,5
-0.78232563100043606,0.57764569585755454,-0.23300656028749805,-0.58825397090223774,-0.80817508515641623,-0.02846572412865735,-0.20475319972473982,0.11479756874455617,0.97205845781661715,-18.475247688098136,-14.845216497812794,-9.1243647234303733,,0.2064044203849157,0.5714285714285714,0,2
-0.68099268304943394,-0.6665650260918351,-0.30321614670779479,0.69849254237470371,-0.7156039263711188,0.0043805032998270252,-0.2199025554195638,-0.20881112650773279,0.95291173755312508,-13.89788726712316,13.555872965324264,-9.3786298339356424,,0.1068564633937336,0.3636363636363636,0,4
-0.43834625551400092,0.89705149262063599,-0.056135370880966241,-0.89561774333676003,-0.44119454384378448,-0.056711835650464448,-0.075640056168834874,0.025416413389076572,0.99681120972489645,-10.403796316625247,8.4077837460867997,-7.98630457843743,0.6050193040365066,0.5614150831762087,0.487012987012987,1,3
0.85614147986561651,-0.437943798686805,-0.27427540109401483,0.47269968092966419,0.87816820514314275,0.073318586488450466,0.2087505164125476,-0.19242097772187369,0.95885212062656067,-10.16669167660482,-16.018327037944204,-6.4952134986942616,,0.0900411451923456,0.4444444444444444,0,5
-0.86170759815979658,0.47790100241071504,-0.17050116471305699,-0.46550574262743455,-0.87829124411573056,-0.10912787952912809,-0.20190200309693787,-0.014667051662722379,0.97929589948134055,-2.6272767909232244,12.268286276873724,-5.718911860328844,,0.1560361225002362,0.2272727272727273,0,4
-0.9198589889192611,0.30717586179512246,-0.24393120020788245,-0.31761574619231858,-0.94821243080697948,0.0036638550483054583,-0.23017314846682468,0.080846620173895503,0.9697856184391096,0.084917564909147272,-16.135952656604982,-3.4100013213703138,,0.1263149961039458,0.4406779661016949,1,6
0.079540066609834523,-0.88945030759485189,-0.45005724982842626,0.99662793920464432,0.061829708545659397,0.053942913694597722,-0.020152632592469917,-0.45283025236901098,0.89136896621938255,4.3306431367053539,11.657171321602537,-3.6376072419523191,,0.5833243890364264,0.4347826086956522,0,4
0.95279662749533534,-0.15227213552627961,-0.26266287018873258,0.17700074096642057,0.98149492562573903,0.073064688244489681,0.24667655812998279,-0.11610731119612017,0.96211733585667902,9.6800894228428351,5.2015736208172854,-1.6903429798803375,,0.07569013642981084,0.36,0,2
-0.86622405429709082,-0.41582174701590319,-0.27703458712902929,0.43192405419265834,-0.90190427848325272,0.0032068463292963807,-0.25119215586257265,-0.11688005459548879,0.96085459548823904,-22.535968857494648,-12.242431551055878,-10.409134767476603,,0.3202269426875057,0.6363636363636364,0,1
0.96472483303725998,0.13063844597220256,-0.22855982358060736,-0.055171203906937707,0.94923688149343655,0.30968610087001691,0.25741432512719564,-0.28615195132408783,0.92295987235238275,-6.2432870428814917,-9.9155238868323075,-5.618038747510818,,0.5190912306444837,0.4928909952606635,1,4
0.96488322876620092,-0.01317159817433142,-0.26234874470301212,0.059924129444025767,0.98344398499018915,0.17101762218260852,0.25575271954778489,-0.18073305560453443,0.9496979041020156,-3.9867573559532157,13.764956615057757,-6.2713533902028429,,0.4580871739540264,0.6,0,1
-0.96739887456258744,0.031084454736640486,-0.25134274242310006,0.034553140764455731,-0.96695894564735052,-0.25257964663819632,-0.25088941380287616,-0.25302994705427684,0.93436093022737143,-25.654524310452391,11.722216873217286,-13.093939689331849,,0.6354445041246243,0.1052631578947368,0,2
0.93637301322454891,-0.19706090152788716,-0.2904695873818729,0.2721402296074043,0.93022919567592699,0.24619776388372794,0.22168733733348056,-0.30958140222102321,0.92466971393295727,-13.1700395836376,-20.272779429825974,-7.152843992455522,,0.4603946419360902,0.3529411764705883,0,5
0.46177227120385278,-0.83174997258973016,-0.3081531318098476,0.88192031484276767,0.46765264087528285,0.059309069711184673,0.094778308778264181,-0.2991537908490472,0.94948621980825787,5.3423060846389525,-17.119162279494514,-1.8595942639555976,,0.1991271128993022,0.358974358974359,1,5
