axis_00,axis_01,axis_02,axis_10,axis_11,axis_12,axis_20,axis_21,axis_22,location_x,location_y,location_z,dbh,dbh_approximation,score,reconstructed,number_clusters
-0.8598095003073245,-0.4727728953628284,-0.19290778261002292,0.47419202861971216,-0.87943045108121431,0.041761246444674445,-0.18939256367341878,-0.055568616334570657,0.98032779502769885,-5.8275135121088359,-18.843332638168462,0.52720845135606986,0.5714693077093711,0.5511224042921051,0.5892857142857143,1,5
0.55111434510619872,-0.77990446079697862,-0.29668503610249802,0.83442858749876025,0.51451238777839647,0.19749920300446175,-0.001382383083811689,-0.35640711952982612,0.93432973524632212,-7.9268102319691049,6.4608216602594339,-3.4124694568204714,,0.1315224073047395,0.2783018867924528,0,1
-0.24167765617323575,0.96068668940652024,-0.13664916869030924,-0.96822310619268737,-0.22940998990607303,0.099574460409688162,0.06431117431050673,0.15637180477450771,0.98560231915837537,12.80342452091995,-4.0992078323358152,1.4599287449388694,0.2753306683247702,0.2205936574417284,0.8356164383561644,1,2
0.68244144557889685,0.72019567731365652,-0.12486736857525642,-0.7041991876361452,0.69359484289303863,0.15175538884920706,0.1959009379476741,-0.01563266742768174,0.98049907813333326,24.663374271260061,-3.4974902424621939,3.4486625575063283,0.4859708303110103,0.4363865040342157,0.4545454545454545,1,5
-0.92577355288806795,-0.32713996809509915,-0.1895330315479106,0.33320880646659534,-0.94285304505327105,-0.00016348358291549546,-0.17864831391902605,-0.063305424005469416,0.98187433168678828,7.8822385606035477,18.311321991848281,-2.4858938554211432,0.1662252989413459,0.1120564472537589,0.2142857142857143,1,4
0.055055824307790942,0.98787879253559552,0.14513561750377879,-0.99146325106949373,0.036882026973217193,0.12506133641160511,0.11819254624763546,-0.15078198614144994,0.98147608970710021,10.01978421899363,-27.716906595575136,4.2508201324976422,,0.3895961234036852,0.2631578947368421,0,2
0.9793324038900878,-0.08912325330537596,-0.18156290483225887,0.11695963111084934,0.98191413687821105,0.14887938906756656,0.16501056748364987,-0.16703794035782282,0.97204415491259455,-2.5023074546302642,-8.3392236962430086,-0.4723245347443632,0.3582239688896135,0.1575899248859969,0.3076923076923077,1,6
0.94641650983834691,-0.25375447727028871,-0.19976099511837578,0.30710384583155259,0.89852524075512652,0.31359148521828695,0.099915052824242401,-0.35813552880330607,0.92830809822380855,-5.5579901516118895,15.105062706560444,-4.3464318884574862,,0.3825380401416083,0.2592592592592592,0,3
0.19771038716265993,0.9748650114799321,-0.10270741063927231,-0.97112043557957872,0.20906344150237238,0.11496772167401827,0.13355037404560702,0.077010952593881674,0.98804534854067416,-1.304371083917875,-14.172664320968259,0.57821304289256847,,0.08690873680466991,0.3181818181818182,0,5
-0.22467534139972833,-0.9117248106641046,-0.34391693849884597,0.96407246421334414,-0.25931326620117551,0.057627369519089464,-0.14172252718790671,-0.31861340146262168,0.93723008151461507,1.401164173470834,-10.377011756153571,0.48232265029333993,0.810002218568084,0.3784010071934598,0.1818181818181818,1,6
0.47786435354521273,-0.8514001595940055,-0.21624853260569832,0.87689481525794877,0.44778194668590671,0.17477646064589875,-0.051972517589043261,-0.27314665743054911,0.96056741614005126,7.8026311563454405,-4.9732082202802994,0.77655368656432033,0.5024937840052057,0.3407521996153693,0.3333333333333333,1,9
-0.078961075330188868,0.9947142959546118,-0.065640064032734299,-0.99298450404412153,-0.072668347928729671,0.09327961158559489,0.088016608154089807,0.072545024866149957,0.99347385272900823,-11.999678351783711,-3.6828478457716893,-2.5921882212166243,,0.09121995096713054,0.1590909090909091,0,3
-0.15318056743840411,0.98810143415586604,-0.013830024525261912,-0.98496201890836821,-0.15153226608155501,0.082992732477853076,0.079909543029604332,0.026334922732175411,0.99645418197601532,-17.910715159504424,18.530953500787238,-6.3938604788674134,,0.2848491016223081,0.3181818181818182,0,1
0.82450581587758587,0.56084032083810853,-0.075155133598742652,-0.53630134390662609,0.81688319593563707,0.21232690060830187,0.18047445278483185,-0.13475896526831921,0.97430436372410256,-16.879010909862277,11.991062932647452,-5.4489055936771029,0.519212123888102,0.2501569858991645,0.2068965517241379,1,7
0.98017912889947301,0.093830190910753855,-0.17448429884526173,-0.068549004033873567,0.98695650580988703,0.14566361826311663,0.18587605901738702,-0.13081571355609553,0.97382613426164266,-18.104202445415883,-0.76131740662282132,-3.9304118109531445,0.139225796732128,0.1715711015472477,0.7777777777777778,1,2
-0.92331009011966247,-0.32629948889383659,-0.20255152685389022,0.34241199787076293,-0.93825151098010706,-0.049377382045820879,-0.17393246159752315,-0.11494670804841384,0.97802594705429924,10.824266048103995,13.465021152722805,-1.4487013466303167,,0.1925630103685251,0.4117647058823529,0,5
0.81955840335912122,-0.5389348413481414,-0.19461053482404492,0.56906876925264571,0.80525304947829013,0.16651805357736185,0.066968345841346338,-0.24721804765624975,0.96664289040384754,-11.235929861300701,-3.4041988248075969,-2.536006402189134,,0.1060731830589062,0.4460431654676259,0,4
-0.75016650476036129,0.6477712316617974,-0.13282562466248665,-0.65922735678766853,-0.74832490992880996,0.073682570820932061,-0.051667273959110471,0.14283648207441851,0.988396798957907,-13.623951391705383,-2.4670956536402935,-3.022899489212679,0.2231282039896349,0.2169331931054482,0.7663551401869159,1,3
-0.97246506755084083,-0.13457901504467829,-0.19026345183177751,0.16269105307652279,-0.97658327266337197,-0.14077191766453465,-0.16686315843286348,-0.16784993376138915,0.97158791989922666,2.5269412209621103,14.97536705034029,-3.0393750292929229,,0.3044618314626508,0.2972972972972973,0,3
0.0534135897653326,-0.93687902941494772,-0.34554981214129732,0.99322581644196117,0.014083814493552477,0.11534350316559051,-0.10319624984261849,-0.3493699048455895,0.93128470598770341,-16.112180302323253,10.535509856021722,-5.1188913281561632,,0.2279571886985983,0.247191011235955,0,5
-0.46151651736418681,-0.8430830129118897,-0.27606799441341129,0.86925861181867403,-0.49191559645307487,0.049076590603751587,-0.1771777920031315,-0.21732482441181575,0.95988434236384379,-21.2354316231227,-4.1404536097888816,-4.0033815439036147,0.3580026682453042,0.3574283567374179,0.5681818181818182,1,2
0.41516342627933739,0.90544371264733514,0.088379933850456283,-0.89559994225790929,0.38970859591605378,0.21454126338951096,0.1598126181114336,-0.16822274964031347,0.97270809269575897,-9.8640792896475595,-0.49885748043095807,-2.6825281580972415,,0.1191050988394651,0.4181818181818182,0,3
-0.58118210230758915,0.81220721373365057,-0.050465888641249956,-0.81371323920997418,-0.58077538459527234,0.023889683602443597,-0.0099059725288449339,0.054949018255412665,0.99844002178449553,-17.314234680491055,16.973239286248919,-6.1421879701100703,0.3906078266849158,0.2183241180986418,0.3529411764705883,1,5
0.44982510307569806,-0.84798674383059158,-0.28031385789954749,0.89244896420340736,0.4146416889048502,0.17778390285511875,-0.034528581424703823,-0.33013747456131598,0.94330113164093743,-8.6858325763626887,-14.874326992238647,-0.5496359173537092,,0.2210162560788917,0.2666666666666667,0,4
-0.38850126110275784,-0.90374600573239783,-0.17974962376679485,0.90823145591390797,-0.40849347903419003,0.090822354489673296,-0.15550688926883882,-0.12796966323813341,0.97951078231974986,4.6740872829561022,2.9616196428017303,-0.873128710985834,0.2387870335179101,0.215124569898167,0.7435897435897436,1,5
0.047580657899457111,0.99723531220606854,-0.057077255392317942,-0.99253821500556549,0.053624374390546237,0.10950944354158851,0.11226741623205132,0.051440825814595845,0.99234563973047796,5.5354519597737646,-5.6801250653245061,0.49757164918959734,,0.08285411905179445,0.3125,0,5
-0.59722980400177395,-0.7001418811437351,-0.39130283346854816,0.78238196314485786,-0.61596723643044893,-0.09199362689791947,-0.17662113394948156,-0.36108961479492496,0.91565237133404043,2.7769691156317542,-7.2910582253031029,0.2393035680764502,,0.7323033555482088,0.2758620689655172,0,1
0.61970096883265902,-0.76366792350693502,-0.18105803443777968,0.78465552528884985,0.60781963022707752,0.12194672502490586,0.016923825263371679,-0.21763869076344644,0.97588266939280643,2.7417283102521912,-5.6211945249196598,-0.011595122757046793,0.1682782123047289,0.1238718283874275,0.5523809523809524,1,5
-0.39275534012146207,0.91713733514629769,-0.067840631533202883,-0.91953102469655534,-0.39048643157171498,0.044531352762889047,0.014350520080443793,0.07987149203024474,0.99670186481930712,-6.5551280119485815,-8.241638210213571,-1.1587903791164809,,0.1224219214172236,0.1884057971014493,0,6
0.18341799168665279,0.97944751515179096,-0.083907123586843033,-0.9736292112486602,0.19277929356970719,0.121993044777469,0.13566134058363086,0.059318707283178521,0.98897790250202522,-12.882188416118057,-6.3649909855947042,-2.4248547833201419,0.405091493488949,0.3601455075507419,0.9554317548746518,1,5
0.28397318383887293,-0.93414228028414537,-0.21618841561459723,0.9574121350829139,0.2639843513110528,0.11693701663227996,-0.052165452709519347,-0.24018838949545174,0.96932363176350489,2.7898614603430953,-14.913863700286322,1.3935748297616095,,0.08552961208119969,0.2,1,5
-0.40218716686023992,-0.86551127227364988,-0.29855605902440041,0.90040823575169116,-0.43298681839506892,0.042277938533494971,-0.1658628704787779,-0.25181869005966051,0.95345521946926071,3.7492316084005264,-3.8271605921060754,-0.085113618677845032,,0.279578183421686,0.4,0,5
0.58503351390319036,0.80987749515356167,0.042827916758559542,-0.80198176145474598,0.56985700028229058,0.17913194445216263,0.12066914230253208,-0.13914539903662654,0.98289242342329053,-19.068265174947417,12.52567921956406,-5.8153765119392649,,0.4902813785207393,0.3478260869565217,0,4
-0.78721838614839335,0.60009526852171369,-0.14203126841569685,-0.61402370604186607,-0.78409312471404868,0.090403872675742403,-0.05711480481041107,0.15837815655579598,0.98572524498333536,6.233668276372117,0.87004736938364424,-0.35083015803133077,0.3595344522595313,0.3075433809913851,0.9004149377593361,1,5
-0.47555860677824741,0.87162549074609175,-0.11879821295275377,-0.87963625713786564,-0.46976898181674154,0.074546353709281823,0.0091687865947209322,0.13995037550681186,0.99011606680625253,-18.491037445454467,-6.3381385539419206,-3.2924186447184352,,0.1708539912703251,0.25,0,3
0.11734641053293308,0.99214967242289631,-0.043230168241363859,-0.98336197932185565,0.12216502805537781,0.13444301225586766,0.13866880528525138,0.02673449889878321,0.98997789319226326,-10.941794571981776,14.651891505386534,-4.9922103642429621,,0.385487781869014,0.5342465753424658,0,2
-0.61026857781318844,0.78081314138552493,-0.13380247073031712,-0.79210083631966433,-0.60402806889125082,0.087899699050656172,-0.012187207865526441,0.15962747329697272,0.98710209286236816,-20.706998576904994,17.235061392474996,-6.6413193624601705,,0.07406601735202083,0.2272727272727273,0,3
0.91941299542554833,-0.31849456602370657,-0.2307400165900792,0.37853300578793964,0.87583073673429079,0.29938818300095899,0.1067356893066551,-0.36260409816332589,0.92581086655071854,13.418584917012909,-3.4456150456751891,1.4928183783689077,,0.1123455314084642,0.2285714285714286,0,5
0.89972599338362969,0.41838129559538934,-0.12429894740408702,-0.38874030765124801,0.89765685603029177,0.20758887742127427,0.19842910582133258,-0.13845309789865737,0.97028688007475927,-20.901959999941834,-14.138289191635032,-2.6473650165891227,,0.261846988083326,0.7333333333333333,0,2
0.89291440370457653,0.42675546413525506,-0.14347000204782637,-0.4104825180819775,0.90255906785482864,0.1299662701707705,0.18495396726207167,-0.057156826921423216,0.98108364940523529,7.2902618325200672,-7.5302767473277754,1.0706470491312172,,0.07346455668725042,0.25,0,5
-0.94608279427518061,-0.25474359015512649,-0.20008260706853767,0.26306405477228556,-0.96465057410739508,-0.015702641848950198,-0.18900965441804754,-0.067490541182816818,0.9796531924041384,0.69665174364447913,2.096692516326752,-1.4263785944712264,0.2286300953914405,0.2074609116551801,0.1866666666666667,1,4
0.31454699724970286,0.93993396822138287,-0.13260588940465198,-0.93760395868411472,0.32945202413189029,0.11117634845269991,0.14818570504968168,0.089361620279646239,0.98491395443456065,-17.282322313695914,1.2408889816500344,-4.0872345785112865,0.589690762190447,0.5201416750310188,0.9970930232558139,1,2
-0.19667747444927966,-0.95324562421377901,-0.22943572294116832,0.9713324718727514,-0.22130519083931716,0.086817288561351388,-0.13353351687806506,-0.20578336284757573,0.96944417448624609,8.3229759299192807,6.334185103081027,-0.83352412918045637,,0.09501390369842953,0.3846153846153846,0,1
-0.88312529546764584,-0.36681824463542023,-0.2924621136280236,0.4147515664786231,-0.90181324005955876,-0.12130135265860789,-0.2192506570314223,-0.22842341267013017,0.94855252565971238,5.1720744695654082,-9.1304359759924161,0.94650828933192288,,0.2427157251957839,0.5384615384615384,0,4
-0.40444192450323535,0.91249083926744945,0.061540214145743864,-0.91427870225532404,-0.4017198432284797,-0.052111631703540169,-0.022829461369884351,-0.077341035740869021,0.99674328685177971,-16.057342696221159,21.962992128357456,-6.5552275213213731,,0.4426676937627443,0.352112676056338,0,2
-0.72422727687084998,0.67800693666181255,-0.12570379976236876,-0.68856704203258423,-0.72085125121906979,0.079049998370639182,-0.03701729410329662,0.1438056586312437,0.98891336955413001,-1.6088508925120588,-16.377400621841435,0.84761179235095419,0.2501261383763556,0.2027960716858691,0.3333333333333333,1,5
-0.3380401287223091,0.93574086619269514,-0.10058778608931346,-0.93982678305207368,-0.33001147657116237,0.088419699102132931,0.04954280201396874,0.12442450188072242,0.99099145006419653,-17.528836078024835,-6.4170314776594255,-3.1721514579829111,0.4299205454349703,0.3960586866076825,0.9259259259259259,1,4
-0.15250904188759237,0.98667768567234082,-0.056640416124903704,-0.97965995276045381,-0.14336446170483608,0.14040302018642073,0.13041230425045977,0.076901077472010901,0.98847299163089386,-10.266644346978467,-9.7233626631401258,-1.5971777911483891,0.2458569010098957,0.2322435705520542,0.225,1,5
-0.78119876816003408,0.61521645825095372,-0.10600563250317356,-0.62169063147136683,-0.78211470928187987,0.042395050013579204,-0.056826431930735131,0.099021669457110731,0.99346135587246076,-2.2866203902419775,3.8931960991318331,-2.2164767858006655,,0.07818964679946325,0.3703703703703703,0,5
0.87122462403866952,-0.46229696004910115,-0.16507324192017583,0.48394432660220138,0.86523375681942372,0.13102837406335402,0.082252922247290347,-0.19404140483284571,0.977538945511776,6.2037773152965547,-9.6641889850616973,1.1984981595725253,,0.15016858181165,0.4782608695652174,1,5
-0.98775397084807193,0.008827164548496913,-0.15576961911714185,-0.017941252421257041,-0.99820143281869078,0.057201494563246927,-0.15498452998742299,0.059295705449435257,0.98613579936022522,-3.5052411368315668,-14.642078173671493,0.2685825366050294,0.1818379767956277,0.153113373362581,0.5319148936170213,1,3
-0.97886435695449459,0.14187071157714054,-0.14729993849509274,-0.15266698571841528,-0.98615607343878731,0.064722409499686676,-0.136078514673388,0.085842297362010073,0.98697200458163714,-14.711757362541885,-9.8454520150580933,-2.2706908019443759,,0.08887169935931129,0.2894736842105263,0,3
-0.7494460162340153,-0.58547553281800435,-0.30911012474915484,0.63711372745557282,-0.76473875007192194,-0.096232751317316706,-0.18004656908319597,-0.26905955587919284,0.94614490874889834,5.1962151875449081,5.7016495268329743,-1.3096787383437709,0.3160678981758924,0.2127281975577341,0.1612903225806452,1,4
-0.6905714734244357,-0.66408782474856554,-0.28652818554746701,0.69968047709149594,-0.71373450846268316,-0.03209799692425979,-0.18318916471620794,-0.2226441385939712,0.95753397719366984,-14.243269848452805,-5.4676845406924297,-2.7375888738773102,,0.08675657746016822,0.24,0,3
-0.75146733730101511,-0.61197859213886308,-0.24653406201467967,0.63377378591180289,-0.77342652654949617,-0.011924609872121321,-0.18337837729880574,-0.16520778066821501,0.9690607617409448,1.8933855338082761,20.176336429400877,-3.7218193033370359,0.2228163638379295,0.2045253005870323,0.6415094339622641,1,5
-0.98200038253752953,-0.062604268219654563,-0.17820200418858273,0.093030497943353205,-0.98140890017687277,-0.1678746470019625,-0.16437936351184068,-0.18143118875844719,0.96956802164527855,12.744537331828298,-6.7158166224397222,1.8853468854693938,,0.4956832969506595,0.5625,0,1
-0.048011210290217599,0.99670932307917992,0.065310404787528448,-0.9912138380293638,-0.055610332682204867,0.12001090866280489,0.12324792487326548,-0.058974708019767355,0.99062199290567754,-6.9961802990256343,30.995779941507067,-6.2569482882588847,,0.3332938309947707,0.28,0,4
-0.64167947936643466,0.76111656155716811,-0.094599289021718824,-0.76676255858849263,-0.63949371148474388,0.05588355498977908,-0.017961751218905388,0.10839452336193237,0.99394567396728961,-13.469695747687277,-4.4228781897218266,-2.7471031082807498,,0.06696653442099852,0.1428571428571428,0,3
-0.96964799055976414,-0.17873413484622855,-0.16684388944214218,0.19686425688808212,-0.9753986554917784,-0.09920648781573975,-0.14500771966800521,-0.12904096987236838,0.98097970892933539,-10.795170329991128,-24.086370944652252,0.42622307530736703,,0.346106396718124,0.3333333333333333,0,4
-0.84105809277171362,0.53613678389362718,-0.071962723262862155,-0.53486228461046437,-0.84410306559008708,-0.037581260791691273,-0.080892651609918001,0.0068821230457488721,0.9966990595450067,-16.027554890187023,-14.410962657308504,-1.910275639939282,,0.1721944382633395,0.21875,0,2
-0.83967520316318467,-0.50320640460838872,-0.20427644884803545,0.50895717707250798,-0.86035844676870221,0.027311810268289587,-0.1894944460907744,-0.081034914912312225,0.97853216475796301,6.8945180060101814,5.2461361521407461,-0.96832881220167588,0.2108643023773333,0.1310268881617351,0.5555555555555556,1,2
0.5486953937729997,0.83569353381354194,-0.023445306449831307,-0.82211129808528871,0.54444772296891919,0.16646227955449913,0.15187619435847624,-0.072062434709028816,0.98576905362817757,21.341931737459486,-4.484249265882327,3.0160709111414197,,0.1781523094277179,0.1052631578947368,0,3
-0.029880489961558631,-0.97935296039312936,-0.1999373284028565,0.99342547442398632,-0.05121242431297305,0.1023870810281579,-0.1105123662091069,-0.19556345917681681,0.97444443163767036,-1.0799552016403882,-10.862735594593858,0.11332492573215974,0.4724811247898958,0.4789159071811558,0.7063953488372093,1,5
0.37535331181765996,0.92057305008771739,-0.10795902352148468,-0.91403822408426294,0.38695554676970556,0.12165331782177552,0.15376610881596189,0.05301569839543923,0.98668400184823202,6.6382004500092133,-6.0442866793368886,0.74047767023901778,,0.07315928683948884,0.3333333333333333,0,5
-0.65595734301577202,0.754760488426234,-0.007521253504699974,-0.75470840935458983,-0.65569346159975217,0.021938579370602167,0.011626736135067402,0.020067125502365536,0.9997310285676434,9.4212795586436613,20.414323627006361,-2.4084503969276194,,0.321683507658538,0.7419354838709677,0,4
0.97800729138600451,0.16732287421067971,-0.1245182467017939,-0.12736700714382093,0.95188700021053996,0.2787270785578726,0.16516471622909565,-0.25673759871911545,0.95226384049637491,-21.880151930628895,16.742604736348195,-6.7867254916061679,0.1627732493157102,0.1324807324168583,0.2941176470588235,1,5
0.93836356908970353,-0.26047740566786654,-0.22721208889883138,0.31706076605702604,0.91042134278025555,0.2657168591518575,0.13764549695709111,-0.3213790592847236,0.93689338636832153,6.4132529884879457,3.7299040299327695,-0.82590918220669218,0.6167155431655817,0.4311545528562687,0.1,1,2
-0.97666848352786495,-0.13829759372395756,-0.16429378823785465,0.13439157419054223,-0.99032015940860807,0.034711477287753076,-0.16750396434105627,0.011821905052628836,0.98580051962400472,6.749421417204573,12.140730590335068,-1.8642655739940648,0.1884366644237707,0.09284264093636307,0.25,1,4
0.85340311060051044,-0.47425250245103712,-0.21630463410732273,0.51508850262937422,0.83089866402389323,0.21045485164837405,0.079918491454748386,-0.29101885513182679,0.95337351582753682,-21.117122511502149,13.704817092575546,-6.2977023980226647,,0.3779868886964178,0.3888888888888889,0,1
-0.39868443920419433,-0.89842382456820369,-0.18407973648579168,0.90379662918367876,-0.41895955398378404,0.087318641777850717,-0.15557111239769736,-0.131558061607604,0.97902507905231539,-12.650842280950329,-10.195773665350202,-1.8788544064127486,0.2856552656236743,0.1205527280789707,0.5,1,4
-0.11943161042504725,0.987065418176725,-0.10694835515746121,-0.9887954528115307,-0.10853661235700864,0.10248588330743008,0.089552459098114476,0.11799010135461013,0.98896849952453425,-15.294250261666608,-4.0202008088479646,-3.1081555352412442,0.7288114671253562,0.6701196876642733,0.7676767676767676,1,2
0.27800063622104293,0.9528800990900349,-0.1213884797617104,-0.95050183421345902,0.29113662999402629,0.10856208284926226,0.13878728118074812,0.085199644564312671,0.98665045033617083,-17.319134087605988,-4.6654602859074989,-3.3153404321555429,,0.08240257708541429,0.2692307692307692,0,2
0.92080483641592548,0.38527598434945409,-0.060670166610937284,-0.35784045422540606,0.89641540186583846,0.26151412317016753,0.1551407830094815,-0.2190932294281715,0.96329097071753889,-14.620423595906246,-14.972614486731036,-1.6237121191229329,,0.1448973841423404,0.3125,0,5
-0.02047149326806277,-0.89314829094983639,-0.44929616995558991,0.99516113888430058,-0.061398734654161624,0.07671051451639592,-0.096100081258435985,-0.44555170940784705,0.89008339419734583,-6.2600380838531651,-9.4720612481065682,-0.91613012992939191,,0.273918858904218,0.2307692307692308,0,2
-0.9195386115195735,-0.32281739952648536,-0.22413761060476428,0.34341580650399023,-0.93733643391870269,-0.058872688844521168,-0.19108722031540826,-0.13110810887022728,0.97277764058422067,3.7817108700338635,1.1822582754019246,-0.77503121365967387,0.6483269533021785,0.6870957358261981,0.9328358208955224,1,5
0.94262194563112622,-0.26798520319792885,-0.19911754940626206,0.30889722073691944,0.92633793612822146,0.21559344867299277,0.12667428561313168,-0.26472997366500128,0.95596635213156467,-30.464696838874374,-12.655067470403242,-4.2404946578224676,,0.4166804925119718,0.7407407407407407,0,3
0.4874440968904819,0.87259362422668452,-0.031282892538282356,-0.85716996381600485,0.48503750956815456,0.17320007922512984,0.16630666113626166,-0.057610600334153862,0.98438971611392134,3.999560614126632,-5.4652359814139375,0.21046776257077557,,0.09788203957676193,0.1041666666666667,0,5
0.057673468511672904,-0.89568585789893584,-0.44093153095427384,0.99372200583910164,0.0090927791395856751,0.11150738306780654,-0.095866293038506994,-0.44459438292376741,0.89058715942443767,-2.2923709719765526,22.578027793258258,-4.639735477844555,,0.7396914054452027,0.4,0,1
-0.56144487470365434,0.826773766703359,-0.034997019303639097,-0.82746742546797425,-0.5604615147553712,0.034359136594496777,0.0087927503320667684,0.048249654602458211,0.99879660510653667,-7.8747105355644385,-7.904836627250889,-1.437224415287929,,0.1575561662571926,0.4666666666666667,0,3
0.048109049707179781,0.98931929487764314,-0.13759670097452836,-0.99276061721147579,0.062538458395957161,0.10254412774676788,0.11005396971559192,0.13166728524678706,0.98516589960553314,-2.3995616601589203,-2.9566318720433058,-1.191224010469375,0.2830194060136363,0.2189849968780312,0.8,1,5
0.96864516826718927,-0.16614739521301655,-0.18472027787051057,0.20900488892010019,0.94691122746240342,0.24428688813184699,0.13432607490776138,-0.27523475501755706,0.95194660314027069,-27.770489678208001,25.573425401184483,-8.7470518066398775,,0.3790060133318305,0.6521739130434783,0,4
-0.21645419977448971,-0.92204885935579117,-0.32089481198777736,0.96750749728876362,-0.2465834766964041,0.055909137986093205,-0.13067831530142773,-0.29836636871638134,0.94546321341921169,0.64553643871124833,-6.8085279011081052,-0.2057123105767398,,0.07800721031044017,0.2,0,5
0.94156620231502219,0.32942326261379651,-0.07023817129557984,-0.28623574395387974,0.89246808751890394,0.34866862727168046,0.1775448831739021,-0.30818992003183787,0.93461050050249994,-10.150838938749846,12.144207471782117,-4.5263596813196063,,0.3154311382524493,0.6507462686567164,0,5
0.91897216360790346,-0.35285491225790899,-0.17602151405232186,0.38052972786571715,0.91059793070465223,0.16127161810699575,0.10337934379870915,-0.21518554666117498,0.97108593429411738,-10.713617598153938,-0.57064278321460327,-2.8343610711050258,,0.07129833981973872,0.2666666666666667,0,3
-0.62297516066339875,-0.7092464933740954,-0.32995660446937902,0.75289383286171163,-0.6581058751246639,-0.0068944590216859702,-0.21225650905264101,-0.25271736933370859,0.94397092412946504,-0.34021043926533279,-5.7496036435184221,-0.49372240502136033,0.7323938510481282,0.383393945905807,0.6890243902439024,1,5
0.57650407721985319,-0.7747756000802356,-0.25954926019774321,0.81709398766126629,0.54638089290986558,0.18391665283716929,-0.00068137852572820105,-0.31810484023876207,0.94805529708977176,12.286912315323445,8.7096353381461284,-0.60497939685951307,0.4521874625839685,0.3856042497100102,0.4444444444444444,1,5
0.89135014786467681,0.44279595984966391,-0.097090946243370502,-0.41394149474290354,0.88235007242627883,0.22385439155699191,0.18479002362581468,-0.15934267360049834,0.9697744890118607,14.666282906536134,23.414975064320334,-1.8803076688317106,,0.3966329446458535,0.5,0,3
0.86267634065495002,-0.46615258880308352,-0.19619198563236045,0.49888446619142085,0.84804974569414848,0.1786782533521955,0.083089233159814146,-0.25201863577972511,0.96414873673756385,4.043705000404616,4.042162726987466,-1.2419988844368202,,0.1890760343486174,0.1923076923076923,0,1
0.97971116986461571,0.13467003042324363,-0.14842508732795312,-0.10301087721155948,0.97364697054623084,0.20347072497598623,0.17191504535267668,-0.18405314355356997,0.96776529051699167,-6.9554332397694827,-10.346721257725838,-0.90767728574016493,0.3197229977475822,0.2313368235234898,0.3333333333333333,1,5
-0.52695483222984696,-0.82890322868841126,-0.18771798597774403,0.8346381791178098,-0.54637601684441173,0.069658870046402324,-0.16030506775682427,-0.11996951982550418,0.97974976374802814,-7.3116496759837259,14.760189772114455,-4.4892162307307144,,0.07539969019633598,0.28,0,3
-0.90419645341823707,0.40172839169663604,-0.14506230706394635,-0.41582877547886088,-0.90553946919960371,0.084170655251399662,-0.09754590257735915,0.13642788947474407,0.98583580167481943,9.8638892796374016,-3.8745292763971277,0.95115720816778793,0.1896740947015496,0.2210218760867822,0.7692307692307693,1,5
0.78592792763581276,0.60080846199287719,-0.14610436187818415,-0.5896494970727828,0.79938033310532819,0.11534536681735424,0.18609342590186301,-0.0045027816035446821,0.98252173604146764,-0.40309069673734843,2.0285222786398585,-1.5518363968261553,,0.1419341413737059,0.6744186046511628,1,5
0.94633923339945181,-0.30636122316275932,-0.10288273067505468,0.32308757396582605,0.90426449377368512,0.27914180061233751,0.007514976900481897,-0.29740296945800498,0.95472247217699135,-8.5059501840800831,-14.038306735806849,-0.64860139224004276,,0.227289442993166,0.3529411764705883,0,4
0.24908361640807591,-0.95108901382097177,-0.18272120792651489,0.96653006475019798,0.23214499910474978,0.1092169095178611,-0.061457188115397278,-0.20380968372407141,0.9770796420196467,6.5521414765268755,6.111666051587525,-1.1615483333250554,0.3568674293564247,0.2203169845804314,0.6410256410256411,1,5
-0.89478141735761763,0.43818338082767155,-0.085799416769149262,-0.43741400347091491,-0.89880604424579724,-0.028577690507980664,-0.089639303427909336,0.011959079966924805,0.99590249306209933,-11.128075978066672,11.479106813446416,-4.5648581890982101,0.4940740566910414,0.374108495860904,0.4288888888888889,1,5
0.97980900464464904,-0.10189725089066549,-0.17202111695424979,0.14678110829784385,0.95079696438917305,0.27283775170454538,0.13575573897305243,-0.29257833612429224,0.94655601871554407,-1.2617503734373372,7.301446003569068,-2.6288413337607612,,0.2885495130618346,0.3181818181818182,0,4
0.85545788888191654,0.5039778806966837,-0.11915576409966133,-0.47295812452571689,0.85403032504681942,0.21666290948277434,0.21095594989194189,-0.12899030843014328,0.96894741216243774,-12.240868727810712,-16.286282930003502,-0.98740328257692889,,0.3383535198106998,0.25,0,2
0.48186350457183391,0.87562305340392643,-0.033042870779257959,-0.85957276453817744,0.47967957900874802,0.17618786549074605,0.17012414709836224,-0.056495750544397226,0.98380181172047021,9.7844908647709818,-8.3807045095290338,1.6081844753807084,,0.1802203204796528,0.2,0,5
-0.62351405555083173,-0.75411777259509249,-0.20624404860934109,0.7629304431676277,-0.64452883459910582,0.050196815221357105,-0.1707845467792771,-0.12605144357180614,0.97721219402689685,-11.495987021614791,22.93508208919501,-6.015128861572097,,0.1941873607820225,0.4166666666666667,0,2
0.98752277412793432,0.031633578302992932,-0.1542662869923809,-0.0062804136214754105,0.98674821477422803,0.1621373400688918,0.15735096753248898,-0.15914545976439504,0.97463500637570333,-5.9586688957479224,-11.324065439043519,-0.63157431658739938,,0.08689530984520644,0.4230769230769231,0,5
0.56649206779348138,0.81874160313198729,-0.093535685318117692,-0.80445369462275029,0.57405171681935352,0.15270520496879053,0.17872042506348643,-0.011261159692366799,0.98383545166227371,-9.1227136278430763,-9.5265983322461292,-1.4347973367251572,0.5513534927278121,0.3142910979233728,0.7142857142857143,1,7
0.47476401765231074,0.87037306954738036,-0.13057506404098282,-0.86431668973947851,0.48906573105113271,0.1173514829442332,0.16599935957836109,0.057143945594361936,0.98446878167948104,-3.8613460906536368,-4.217898403354293,-1.261738857492001,,0.06640074420696825,0.1443298969072165,0,1
-0.91049101808689636,-0.38067343933539038,-0.16153587393409979,0.37286060387826947,-0.92465272064770099,0.077410052798965942,-0.17883253635348575,0.010250794280018436,0.98382612547035431,-7.4418100086657031,-11.930893147862244,-0.79067646186218676,0.1543007095250361,0.09920393068580045,0.4137931034482759,1,5
-0.87365647012150283,0.46904894265723673,-0.12929602316762556,-0.48077075773848504,-0.87306423504806052,0.081353057616213045,-0.07472516790478137,0.13323637218144402,0.98826323335917388,9.4203577099100642,-5.4979232222952801,1.13540904988558,,0.1494105114683191,0.723404255319149,0,5
0.015132493833280216,0.99934970630347453,-0.032728766269848775,-0.99391245388830596,0.018606497152615999,0.10859020337690509,0.10912855554855316,0.030886287813046594,0.99354768158806406,-8.5599596596003167,14.695179337280717,-4.6594301787409442,,0.1193774351864623,0.2826086956521739,0,3
0.94043607120345873,-0.27824966423571418,-0.19533847632280296,0.32073066555807522,0.9166924387912444,0.23834179833515048,0.11274677889002414,-0.28679626394998914,0.95133383564038698,2.7311736035873113,-9.0108616493460474,0.48691872780123691,,0.1159364060334912,0.2105263157894737,0,5
-0.98735832155361314,0.03277744847368174,-0.15507799241151971,-0.043380012656027034,-0.99691010136503511,0.065486061862958037,-0.15245235111599673,0.071385493399649294,0.98572937055324361,-4.7100734115739735,21.686493883696979,-4.9321529780061342,,0.1335056695953268,0.8148148148148148,1,5
-0.88198660352667935,-0.43569313906271895,-0.17964164264764951,0.43477760193886184,-0.89933309739588085,0.046566262257384618,-0.18184627588093233,-0.037033343111379777,0.98262936219422525,-1.8163652247921711,25.111640989276758,-4.8766899556343883,,0.1762436304924771,0.25,0,3
0.10775267642646759,-0.94953429254481192,-0.29457424871219828,0.9931159956891028,0.089114071003932122,0.076021716999470107,-0.045934516753464945,-0.30073794178741259,0.9525999740395209,-21.68277001321767,-6.0343292774810502,-3.8458549061384586,,0.189058768742555,0.15,0,2
-0.08798143399915577,0.99535307280147922,-0.039134738227134362,-0.98459590314687695,-0.080937000819326463,0.15498422308337903,0.15109657434183746,0.052167637123282685,0.98714151106066628,13.105920088037788,-5.7550251937846566,1.7828797597773693,,0.2247544733461127,0.25,0,2
0.96482656377559706,-0.19143242972933661,-0.18017582157686143,0.22986239246242746,0.94689472795175267,0.2248413990096709,0.12756560023934113,-0.25834859981253949,0.95759230291939856,5.9118890059819682,6.6606045201227735,-1.3251863554026735,,0.07816298217089235,0.3333333333333333,0,2
-0.22286383589304759,0.97298186690226574,-0.060315813269990498,-0.9725900610874656,-0.21771114494333468,0.081672703159283336,0.06633463442967602,0.076864452426632299,0.9948324342462086,1.6985097344726818,-8.3984602332666594,0.23525174766537155,0.2336759785440825,0.1195041668756904,0.3428571428571429,1,6
-0.98283390756600908,-0.095262896026960753,-0.15799522391226545,0.09529413933947628,-0.99542168689637733,0.0073954218216321982,-0.15797638160838773,-0.0077875475554134337,0.98741218189618973,-9.3770034157806315,8.2482991867438251,-3.8757153960747686,,0.1149681196550164,0.237410071942446,0,3
0.70108190964982997,-0.68039785912308115,-0.21340784723734124,0.71239130361627578,0.68145936070230351,0.16766565015861729,0.031349425730810745,-0.26957724869123612,0.96246834778833745,-18.941576779587226,19.821272490050056,-6.7112504167297491,,0.1935954980779326,0.36,0,4
-0.74713862281088883,-0.63346872881795346,-0.20124921841839435,0.63844364699509248,-0.76818433925213037,0.047775836354519173,-0.18486099619945376,-0.092791112384397759,0.97837427477760841,-9.5236473839795526,22.888849127335519,-5.7620688291974815,0.613493666999391,0.2278481259917133,0.3478260869565217,1,5
0.77838302949697535,0.627058449580847,0.030291256170291263,-0.60840295630104169,0.74156897291508383,0.28270355705901545,0.15480859845390624,-0.23848094099724501,0.95872891821713857,-15.696006399583727,-16.223260339892281,-1.5998609066268641,0.6539984371061709,0.4010071577842409,0.2692307692307692,1,3
-0.98566066032401112,0.094862572833942241,-0.13954982968444812,-0.084182861517459989,-0.99318926953768827,-0.080550112985175976,-0.14624058436824444,-0.067647373567031224,0.98693339407131009,6.0000173437150011,10.095220678583026,-1.7807831759933761,,0.5595139831847834,0.2105263157894737,0,1
0.61946010513946859,0.78200697841702904,0.068805987004524366,-0.76260361012008127,0.57864977137219331,0.2891369501165969,0.18629254406018908,-0.2315804996064581,0.95481179309307118,11.475505887155057,2.4709530383080773,0.28106272784052955,,0.684110616688539,0.2195121951219512,0,4
-0.84347463407764045,0.53286490093519301,-0.067864121735391511,-0.53217922770702453,-0.84612376870352135,-0.029322988116888739,-0.073046637600533815,0.011382679222200476,0.99726356764346846,1.9181539938758458,18.417155845508933,-3.5090161751856974,0.6590708669983358,0.5985282984083822,0.676829268292683,1,5
-0.31232860899286363,0.94181657341302838,-0.12422713893962589,-0.94855675965742037,-0.30204387454223525,0.094918762948795712,0.051874017704417054,0.14748233757320439,0.98770342025890823,-15.28115883483782,2.0010739428064777,-3.8779118813425542,,0.08883197914326284,0.3950617283950617,0,2
0.24090982534737976,0.96202089438491545,-0.12836765487435961,-0.96048957297529358,0.25531073501295065,0.11079805410243222,0.13936368342159161,0.096603454151467039,0.98551790262235817,2.5898586806552069,7.0024878749639248,-1.9414710524983076,0.2230016176832273,0.2047675381518604,0.6391752577319587,1,2
0.37266250252495958,-0.89182861293115889,-0.25644567527864315,0.9272820315162762,0.34726960237398502,0.13982795605336587,-0.035646784411529846,-0.289906102771741,0.95639100703468449,17.244035381184641,-7.768643907259686,2.8240270321209104,,0.149106578616767,0.3902439024390244,0,5
-0.048530035996394237,-0.9387714907000666,-0.3411054438952299,0.99066396449923877,-0.088797885812332861,0.10344005470759005,-0.12739601661291455,-0.33290092178309294,0.93431645133066521,4.7898498031233938,-7.8183355692965506,0.70339477849038579,0.5753404856780915,0.3238957422377295,0.3168316831683168,1,5
-0.98982156893764872,0.026318760910147319,-0.1398591594782683,-0.035027472288854181,-0.99757306239144306,0.060175255512654624,-0.13793599186168462,0.064461678655727106,0.9883412134146895,-6.4502027394865502,-15.470231672494849,-0.083657315793103246,,0.1065505810129449,0.2222222222222222,0,5
0.29218943848190071,0.95248086721667402,-0.086055386965623024,-0.94405931734893034,0.30164685322463863,0.13327108188329451,0.15289649232831354,0.042300987291608923,0.98733646195603031,3.8387200841778406,-17.560464534668796,1.9451595918319666,,0.08283960531217664,0.2631578947368421,0,3
-0.77296618311795517,-0.56230299248873949,-0.29383434856100582,0.60690714340099383,-0.79030463965270037,-0.084156377252489117,-0.18489726619100555,-0.24338019882814291,0.95214446370992878,-5.172641357520865,-11.721725033157199,-0.41961835328727243,0.4552443102819889,0.2312982662175429,0.2857142857142857,1,4
-0.27532920335292632,-0.9412783180111387,-0.19541995246945473,0.95022025479253125,-0.29730179045244903,0.093236863824265631,-0.14586054011643976,-0.16002116558720933,0.97627758829190103,4.7610178916374517,-6.670271034771968,0.51845410855358787,,0.0715815837948026,0.25,0,5
0.59801774572131838,-0.76809765890092596,-0.22891212766760322,0.8014267362747487,0.57644755766420941,0.15944716882708226,0.0094848398192449793,-0.27880853583397402,0.96029986887415453,2.9274871938420626,24.055125781136585,-3.9100448573860573,,0.1523228591189618,0.375,0,1
-0.30343186941604705,-0.91694960146107685,-0.25909945774365656,0.94165101977867138,-0.33013879670753699,0.065587589209311237,-0.14567929699333676,-0.22407990380414172,0.96362115955320071,1.9225102528289006,13.130744374815913,-2.9186858224590311,,0.08034893057321559,0.2857142857142857,0,5
0.46612519784498108,-0.84526114560129717,-0.26126786191715262,0.88449164701710736,0.43853107187416818,0.15926401149618941,-0.02004560527752609,-0.30532621036798718,0.95203680547097613,-19.758736499415406,22.817897076416575,-7.1541729334110054,,0.1642400905216283,0.2105263157894737,0,1
-0.051910382688903099,-0.9783117037088418,-0.20052810914033109,0.99224290111765434,-0.073239051764818097,0.10044932293556075,-0.11295723682311778,-0.19375822997461342,0.97452471029029941,-19.377151515350604,0.78900035185724027,-4.3326462084550421,,0.09860328171414033,0.6153846153846154,0,1
-0.55602558154306025,0.82525556159390778,-0.098938418867620864,-0.83116491112754454,-0.55216738250592556,0.065391683010114346,-0.00066571768932638376,0.11859359069898419,0.99294265547667904,-23.237357666574741,17.3717355474854,-7.0527553810026831,,0.1394204909219309,0.2352941176470588,0,5
0.49359686627844668,0.86135313788768908,-0.12013702781045467,-0.85459772180560523,0.50600441171541322,0.11671447729056116,0.1613222473336135,0.045058930031363263,0.98587262125472463,5.1007773639065128,13.27122430297829,-2.4111990775808803,,0.1400646451966895,0.4230769230769231,0,5
-0.98786895526629737,0.030749333590025608,-0.15221499829137322,-0.043662779177954622,-0.99565607935586553,0.082234623828182932,-0.14902512853720545,0.087883161785833039,0.98492033228022713,12.821235052202287,-4.0581580869278815,1.4571837130094298,0.255166041224029,0.2526185576576957,0.7317073170731707,1,4
-0.97119256395967823,0.21751435826023288,-0.097326808537348139,-0.21286762622443153,-0.97547805678248023,-0.055945817014790351,-0.10710918455016941,-0.033616434768068276,0.99367880016556753,16.01022570766477,18.969586267656435,-1.2682001725393142,,0.317401492001035,0.7931034482758621,0,5
-0.47807521893440463,-0.85662378683368201,-0.19400972365204688,0.86295501124327234,-0.4992445146424529,0.077868884476055347,-0.1635626290169756,-0.13019447926138827,0.97790422023780577,4.6156482696917527,2.1053991802363807,-0.81470597930797539,,0.07242574617308455,0.1818181818181818,0,5
0.26599405495074407,0.96388573702916314,-0.013093841400034969,-0.94624717732221431,0.26367132998796483,0.18733315016868016,0.18402022209693167,-0.037439493774975977,0.9822091641627414,-12.854163151251365,23.578535374694063,-6.3016570842183217,,0.2685455490178557,0.1176470588235294,0,4
