axis_00,axis_01,axis_02,axis_10,axis_11,axis_12,axis_20,axis_21,axis_22,location_x,location_y,location_z,dbh,dbh_approximation,score,reconstructed,number_clusters
-0.2067742387577878,-0.96541129137937409,-0.15882522678512542,0.97534193576867823,-0.19059511605896745,-0.11127268337501402,0.077152592420117669,-0.17791722854090852,0.98101627778094347,26.540769225680549,4.5528776705033698,-1.2616099999005572,,0.2563558106092176,0.7857142857142857,0,6
-0.90930386326048074,-0.41543458374901931,-0.024095453613588599,0.41419107727908278,-0.89795540651542116,-0.14873412322704513,0.040152655727339358,-0.14522463473875294,0.98858361796210148,5.2651205363345701,18.78733566471114,-0.25434192045273551,,0.08053920059110224,0.3636363636363636,0,2
-0.99417850668261276,0.10662413099854939,0.015504565106218341,-0.10771044667272434,-0.9871824232462042,-0.11776808952901115,0.0027489139475449613,-0.11875250701587374,0.9929200801421797,-2.0151396867425757,-13.746675924999957,-1.8601888073738644,,0.08915215345235354,0.3333333333333333,1,5
-0.40172529316276795,0.91238113924320707,0.078596727581721981,-0.91289003189482998,-0.39219863392498483,-0.11319019928612026,-0.072447073787310509,-0.11722153514027624,0.99045975849552448,3.4925844083790092,-9.8111811675624541,-1.795813676989559,0.6869702352274666,0.6086453862323792,0.9498327759197325,1,5
-0.99379949015510027,-0.11084113167018389,0.0087645249463954751,0.1091122698158184,-0.98737690822535573,-0.11481007655679687,0.021379568356331764,-0.11314187833605414,0.99334879545076549,1.7989746422939203,-11.707544248089736,-1.8440972647396892,0.161917437710472,0.135786982105187,0.4523809523809524,1,5
-0.99793922563068838,-0.063359983746944779,0.010139743941987757,0.062188432925801077,-0.99395909566160967,-0.090431824938945402,0.015808249677156556,-0.089614890565920008,0.9958510283325529,2.2502843606708267,-2.5035700975395838,-1.5153471729718444,0.1752702119754296,0.1530393098326125,0.6590909090909091,1,5
-0.66696505949335749,0.74117905366607395,0.076231357207415029,-0.7419653698950085,-0.65132506461226714,-0.15894354370149158,-0.068154231648403354,-0.16257081722894862,0.98434025118041724,-12.024519154107416,15.438149573786223,-0.65439495565560424,0.4723873527821689,0.2409374654714074,0.451219512195122,1,5
0.54100206124331063,-0.81684609051580026,-0.20019798735137892,0.83883680683482564,0.54123179639132812,0.058488922662073221,0.060577068513119676,-0.19957606816467169,0.97800808370191294,-41.362705130427813,1.0184801170437867,-0.48549946235344149,,0.4038799335659486,0.4545454545454545,0,2
-0.90849343672988836,0.41337562981169351,0.061320992298736388,-0.41700788742345479,-0.88716490793761338,-0.19759263131673913,-0.027278145929355246,-0.20508294615065215,0.97836439425851207,11.990356892161568,15.029127738581908,-0.57155819903270377,,0.445391592515135,0.3720930232558139,0,5
0.41762012928276787,0.90719449491540294,0.050907524129856385,-0.90530109455788366,0.42022590854858316,-0.06196865317898112,-0.077610281600721337,-0.020207280363905726,0.99677896747982819,-28.529405792887474,-12.217437872008304,-1.4367442745762051,,0.3305928298489352,0.8611111111111112,0,1
0.50068330179535103,0.81302469429168855,0.29716506822843491,-0.86237251782368851,0.49824249601815135,0.089822356148303723,-0.075032471675505849,-0.30123954194877456,0.95059185067028396,9.7292694141118687,-7.351649223059483,-1.8886902396956822,,0.5606264847303699,0.5833333333333334,0,1
0.91646192375694435,-0.39845674025633215,-0.036465990292588381,0.39906889820402036,0.91685370715502446,0.011103790448223582,0.029009598238350198,-0.024728643723154767,0.99927320457903979,8.4769944139718643,-8.034380894542986,-1.8779513314681713,,0.4202481914842601,0.7011494252873564,0,5
-0.99630017417117367,-0.082133720177700723,-0.02529851687864312,0.085584495639272326,-0.97500748697016648,-0.20502608238536435,-0.0078266884861484878,-0.20643268239765231,0.97842950210296165,-17.632973934670304,16.361211947095349,-0.65589511746722318,0.2733066517653095,0.2419640719632037,0.8070175438596491,1,5
0.1877343044538122,-0.98095648125255674,-0.049801735108796583,0.97922079724121647,0.19087954658484238,-0.068495466607960187,0.076697204522202078,-0.035907945975346939,0.99640762654363102,-0.20171688677481631,-10.95572807119258,-1.7529624247297453,,0.0896470580434668,0.3389830508474576,0,5
0.91196295044172926,0.39976628868007758,0.09225232493857731,-0.40813448897802984,0.90690452451316128,0.10464426560590177,-0.041830801190730502,-0.13308304870460752,0.99022173588506335,-5.1007393815586592,-6.7149121056090122,-1.5164062743167843,,0.2414158317440344,0.1584158415841584,0,3
-0.12274035144973239,0.98405591086081901,0.12871973596104297,-0.9903205191010821,-0.11297415826906733,-0.080635655951688173,-0.064807990042582642,-0.13737104448638421,0.98839724835885745,7.0291118590434953,-4.6128999472291188,-1.6817636155774609,0.2274220934885502,0.232883384220716,0.6774193548387096,1,5
-0.88902027522512606,0.44842079393974593,0.09252968064945663,-0.45718696603579934,-0.85836590541739,-0.23278326938155597,-0.024960535363314277,-0.24925241017778185,0.96811683576670893,1.3857810133680597,-8.2643078232936951,-1.6893607444388037,,0.08235146046988384,0.2222222222222222,0,5
-0.99990036343743316,0.0058631311802863515,0.012840829040684886,-0.00700706055024125,-0.99583227521759921,-0.090933936115098285,0.012254154403082843,-0.091014852236886462,0.99577413722799768,-2.4534383676814948,-5.7019781465091235,-1.5396631530380118,0.2210307543948815,0.1412709809853724,0.7416666666666667,1,5
-0.97797722021752054,0.20801675663562533,-0.01701721758707319,-0.20242123837251921,-0.96521037550805144,-0.16551306071528363,-0.050854685048149793,-0.15842335677039684,0.98606076944489218,8.4168852324388315,3.414409596233837,-1.3511083478420616,,0.1619062473556307,0.3478260869565217,0,3
0.97488816688135749,0.20789216028725943,0.079836782035613951,-0.21508926108877832,0.97189668615321867,0.095673618143531231,-0.057703308735192985,-0.11044311266660035,0.99220594990431443,13.06257275206411,8.2209133914075814,-1.0590575805129181,0.6714583581415435,0.7020490325319754,0.1176470588235294,1,3
-0.25673224882880752,-0.96587680211313831,-0.03421338263018972,0.96293510738728927,-0.25259933532036094,-0.094602086429107557,0.082731683001930026,-0.057232673669926175,0.9949270775751653,-3.2080729619477104,4.4169727296136534,-1.5036148882636888,0.3927884595592857,0.3305530920661084,0.8409371146732429,1,5
-0.95727300569841967,0.2694314106452268,0.10504812001571963,-0.28888982617020509,-0.87453992724803575,-0.38951583277749985,-0.013079025057801704,-0.40322032514088818,0.91500945814609713,3.3803701103675285,-7.1860602776836204,-1.704793166909653,,0.4020237356254998,0.3636363636363636,0,1
-0.94484032321324185,-0.32752384599408135,-0.0022122241168015398,0.32565204870943065,-0.93867521212367766,-0.11331191162415323,0.035035793149980288,-0.10778207851871599,0.99355700226435828,10.015441451417431,6.2470071693781772,-1.2374593941897496,,0.07862785875985226,0.3428571428571429,0,5
0.48632009757135641,0.8595449441443288,0.15708358187318339,-0.8715241058344213,0.49007330791695841,0.016549495969445951,-0.062757434999361081,-0.14495048072791203,0.98744663779317643,7.1809135952832266,8.5723611959998607,-1.2631705535182769,0.8027930360121699,0.4893454034951429,0.5172413793103449,1,5
-0.73003318263069406,0.67713753237221663,0.092392177758537156,-0.68013429717880536,-0.70663793188874569,-0.19514141287048367,-0.066849757360757128,-0.20529879558551128,0.97641359805768091,28.040820054399262,-3.7797546928405077,-2.1311177403236461,0.4597818116407671,0.2960393565477852,0.5185185185185185,1,4
0.98622494627728452,-0.16539312684162136,0.0023385751898984905,0.16540549971422502,0.98620184073066097,-0.0068520072784276145,-0.0011730322480442495,0.0071444337079632396,0.99997379018769172,4.7889792416960146,5.3878851467690723,-1.3531277535638864,0.4525705052103242,0.3518187201795895,0.5555555555555556,1,5
-0.094130148544642703,-0.98419043758771185,-0.1500289895182654,0.99130976556360717,-0.078747927746050744,-0.10537415515167119,0.091893763842761336,-0.15864408730428964,0.98305014609133723,21.314996213912355,-15.449068006929004,-2.6669156108859107,,0.44887535750597,0.6,0,5
-0.93259757979324198,0.35728710753644144,0.051065418357555396,-0.35964543287769185,-0.90808999928098211,-0.21454070899501679,-0.030280633646051387,-0.21844559046616221,0.97537921201545219,-0.51891383798936452,15.388862497889676,-0.74555440407288898,0.5390687121182935,0.4425957357012694,0.9653465346534653,1,4
0.64623312241970599,-0.75992695920449782,-0.069955472708604582,0.76118671018612383,0.64841963540727277,-0.012114811361586528,0.054566873867803303,-0.045420183756854055,0.99747654768610494,-25.416851682658884,22.504373172388327,0.33719075218098177,,0.1193891454258365,0.3846153846153846,0,1
-0.36876788498600521,0.92654383049241629,0.074342297377664568,-0.92621001128805813,-0.35953190909056132,-0.1134540494450124,-0.078391721455287777,-0.11069478995028172,0.99075799339956871,-7.0742789931913492,-9.8974282836024976,-1.6228268932983632,,0.0726882760831494,0.1971830985915493,0,5
-0.60176698952365337,0.79813949779144588,0.029151884756517064,-0.79601796430327554,-0.59639482413782463,-0.1032889841565009,-0.065052984759409113,-0.085361325006300268,0.99422409615089324,0.83442796032342093,3.194665302213274,-1.4268511472683147,0.499824356454677,0.4876310683551472,0.9692307692307692,1,5
0.1571450832996199,-0.96166509247695431,-0.22473467179330783,0.98453613550101282,0.17039095667817511,-0.040688079028461159,0.077421061007232145,-0.21486547371224279,0.97357013487417909,3.8060938992815898,11.128884914462635,-1.2027053460161909,0.4802477216501359,0.4390386557926866,0.3529411764705883,1,3
-0.60234521848934242,-0.79815657892486214,-0.011238918185783597,0.79485594574009588,-0.59844114274164995,-0.10036047128070479,0.073377539374413936,-0.069384970944926072,0.99488766326773193,-6.1831583273100295,-4.3647310693973287,-1.4492805131320408,0.2973838674530755,0.2491902555241057,0.8134254689042448,1,5
0.99461830013133257,0.10152626773212678,0.020660445402802079,-0.1016328249889951,0.99481323079994,0.0041718952695524534,-0.020129727484840328,-0.0062492228131459252,0.99977784596660124,-21.736009708078196,-2.672370423531492,-1.143170270105883,0.4060438915793573,0.3688166725144066,0.87248322147651,1,5
0.42093306677772341,-0.90700509585838118,-0.012534328064497143,0.90448267797801341,0.4207295718405496,-0.069983659639858184,0.068749098400054776,0.018121353862102531,0.99746938700061505,-13.679044094508281,0.3404236065918369,-1.2396634698730755,0.4459826363133271,0.3854891506890333,0.9328185328185328,1,5
-0.74691143382023406,0.623714254879571,0.23044270066249509,-0.66474147506598946,-0.69231942142375902,-0.280735801148632,-0.015558963837451345,-0.36286960051717398,0.93171002552554516,-10.980567644463209,-6.8104256584644656,-1.4867954561657208,0.5236704838399316,0.3087193858483818,0.2413793103448276,1,2
0.99679439647670043,0.078807250340705057,0.013796682441378872,-0.078877185680396256,0.99687372988494682,0.0045995917660270396,-0.013391069105605162,-0.0056730907811582592,0.9998942420622281,-4.5152800828850657,1.8226703803610493,-1.4143027943089141,0.1965202609504746,0.1612109807113581,0.6530343007915568,1,5
0.10176307392278994,-0.98744236970363453,-0.12083808712428686,0.99196105186005901,0.10990455622122669,-0.062723680651739222,0.075216676199303986,-0.1134837214576926,0.9906885971815983,14.829809911900044,3.595733364200651,-1.337869442701584,0.6001809305620346,0.6855642610509123,0.7891566265060241,1,6
-0.17780415356419935,0.97077327510186096,0.16119842221103498,-0.98012385818185144,-0.16005223217858608,-0.11721990273573801,-0.087993781587351563,-0.17883660509711202,0.97993599948124122,18.794266309256674,-5.1770453952558437,-1.9921402633688523,,0.1671879256873682,0.2727272727272727,0,4
0.56973813564344056,-0.81221810191006527,-0.12530048572589841,0.82143063068471156,0.56753659570416892,0.056159874549699222,0.025498544398691144,-0.1349220792388407,0.99052806965144335,-14.230148111638492,7.7263346537395519,-1.1515086412419429,,0.3790625795612765,0.25,0,4
-0.8247379056263221,-0.56185169433381754,-0.064265547514397392,0.56262283982717232,-0.80372568673123534,-0.19359896847145372,0.057122037147797664,-0.19582567263416167,0.97897363540059801,4.7817515798951238,-7.9392285357548698,-1.7554227799831834,,0.07355719344968001,0.2857142857142857,0,5
0.89375230534918526,-0.44157292413238936,-0.078868050287719996,0.44848034388152674,0.88300170525622768,0.1384679373230491,0.008496930911971446,-0.15912680851372402,0.98722158656368153,-18.613802673313543,-4.5244277442124323,-1.2617070670142956,,0.1546148442257371,0.3,0,3
-0.015800442530222329,-0.9998130552140132,-0.011144534062415525,0.99653948489132138,-0.014837073993906911,-0.081785795147066576,0.081605153442584413,-0.012398219989923132,0.99658761936554918,-5.7524247633531038,-10.810908511689055,-1.6705488337300876,0.1650529881091919,0.1313507630195143,0.5581395348837209,1,5
-0.93007137651536864,0.36727723385729166,-0.0086410692013992596,-0.34641269070449604,-0.88458212748891307,-0.31227024745572435,-0.12233348807942319,-0.28744024286331982,0.94995401176951577,20.722034216712455,-0.17808788104931478,-1.6563148459776733,,0.3253008047775955,0.2,0,2
-0.093018030161387058,0.9712528574810283,0.21912446896645885,-0.98993322588682353,-0.06663570080595714,-0.12486749642483429,-0.10667640015580919,-0.22853352098332586,0.9676737959853835,-29.984169562808358,-1.1528356358089753,-0.94766522758779514,0.5081458364754856,0.2599963593409231,0.4285714285714285,1,4
0.80257408764613858,0.58717633926082557,0.10535074964718857,-0.59466238407465344,0.80150375362219584,0.062995094223120454,-0.04744979247181122,-0.11320635822155253,0.9924378255853592,6.2202350373403892,-15.183557333769576,-2.149086980359117,0.2648168390718136,0.2184662423876579,0.2068965517241379,1,4
0.51785133963416752,-0.84046281567094916,-0.15953759905914192,0.85373993187972352,0.51959383262165826,0.033917220044366668,0.054388590284177536,-0.15376769678964894,0.98660902928713556,9.4199266840747029,-11.391811752561056,-2.1064884854433688,0.2999252276145317,0.4360245038995912,0.2857142857142857,1,8
0.81764896435711076,-0.56098506417292449,-0.12940606191613743,0.57403276200322251,0.81157635092952507,0.10876679069857306,0.044006354458136984,-0.16321637291281543,0.98560836866398871,-3.5242929663472657,1.5786571749032083,-1.4342908935538408,,0.1734555698085171,0.2666666666666667,0,4
0.998100703959242,0.053396652479142701,0.030721039371854279,-0.056371164153814858,0.99277878137806952,0.10588948530150924,-0.0248450519824172,-0.10742015057472486,0.99390323203141584,1.6157477958931701,-5.1072764409999802,-1.571846809872826,,0.43278589625915,0.2352941176470588,0,2
-0.97886428175976414,-0.20270576127416043,-0.02711258455411393,0.2014559134561274,-0.93290164348515414,-0.29851304580579874,0.035216939510669676,-0.29766574866611828,0.95402037150290497,-19.352208371748489,-6.1892311702264884,-1.3028859502599401,,0.3771340012740294,0.2121212121212121,0,2
-0.66411171008639702,0.74034081764579529,0.10416866253186449,-0.74560541480664766,-0.64559464488853069,-0.16516694554982611,-0.055029100820644529,-0.1873580214957663,0.98074908607862787,-12.051579643653763,-0.11770749580489014,-1.2754495322434358,,0.1044977063252798,0.3047337278106509,0,5
0.3328855754236425,0.92423637910451606,0.18701419522229704,-0.93950066698164081,0.34206381893301363,-0.018189021909211456,-0.080781745561245344,-0.16964509812174183,0.98218880581451473,6.7577982838117734,14.298717915314265,-0.80009611069629816,,0.2468450242151336,0.32,0,4
-0.89603884242582788,0.43598839358235864,0.083836230387909549,-0.44370090545518814,-0.87273194279330302,-0.20363806747872842,-0.015617277689359553,-0.21966582959053799,0.9754501647690017,-0.055849946716759483,-27.007856040702656,-2.570176227620542,,0.3434201991681076,0.8695652173913043,0,5
-0.58741026794670925,-0.80800649121742585,-0.04554873501293541,0.80602979423259702,-0.57907073218961636,-0.12244614298024227,0.072561339018321444,-0.10863975916709664,0.99142939981018463,-12.711976409551717,-11.762830048821463,-1.6147754086374224,,0.1484032994019298,0.2222222222222222,0,2
-0.91317923731960415,-0.4068418943030106,-0.02415271347744696,0.40639551984799804,-0.90450060324700909,-0.12931102108200737,0.030762996860857473,-0.1278996941580936,0.99130989415944204,6.705144044619864,-2.8229267248602197,-1.6104936767305182,,0.338491781415841,0.896551724137931,0,4
-0.74495293130062834,0.66612770347902028,0.036318215875318062,-0.66554421251975759,-0.73835834901946718,-0.10898554773317615,-0.045782434710871338,-0.1053604816380953,0.9933796543018848,-24.433725010249798,-10.669321614968949,-1.3884595975118861,,0.1545220800197884,0.4347826086956522,0,1
-0.74947941979787347,-0.6613604137095026,-0.02971535760240555,0.6591849789964116,-0.7413540607167094,-0.12597348976807052,0.061284278285248406,-0.11400245539829938,0.9915884617109133,-23.131093854397182,-10.499257901904221,-1.3916590046516282,,0.07780898747649931,0.2727272727272727,0,1
0.056854742222371961,-0.98499269410113566,-0.16296297387509148,0.99460672421721641,0.070062460286808237,-0.076476897168077526,0.086746771863423944,-0.15773599534014268,0.98366373997689327,-1.8178261062477461,-10.137437397780547,-1.6854380578165093,0.2886186625830822,0.2477666414454782,0.2575757575757576,1,5
0.52071305351956954,-0.85177566726912757,-0.057759229068259865,0.84891660457012685,0.5237652245843476,-0.070785506999919812,0.090545648042596016,-0.012173831128356251,0.99581789673424026,9.1541300875061165,14.556916383638814,-0.70232106549544093,0.4205412868075897,0.214642724353128,0.4423076923076923,1,4
-0.95336419104810943,-0.30180611570826626,0.0031285377212546101,0.29967647223278338,-0.94776906249619675,-0.10921454191267163,0.035926747936578504,-0.1031836842537112,0.9940132776208439,-9.5992112603458679,1.5785891036168209,-1.3095736126835589,,0.07640656422956718,0.4290322580645161,0,5
-0.2799748092060248,-0.95456683941297193,-0.1020600573347884,0.95664452962405944,-0.26852240426050972,-0.11281383935722698,0.080282938102767987,-0.12922022869228189,0.98836065398532658,-19.442136036979175,18.065990828434082,-0.24145557609402551,,0.2382701303110947,0.2105263157894737,0,1
-0.53319942993965519,0.84193812616528785,0.082695584049637533,-0.84368198263999306,-0.52198354453006202,-0.12543480939708446,-0.062442614300467846,-0.1366505431716851,0.98864935592464054,-7.1905750183839565,25.374028446569582,0.50894299745571303,,0.1452273453738415,0.4615384615384616,0,1
-0.9574591163958045,0.28782479094591024,0.020710628853509976,-0.28834219022204577,-0.95139488866605082,-0.10819679828010514,-0.011437734413699061,-0.10956575896262155,0.99391374006722844,-19.101522221829416,16.833477607933649,-0.45034081576092644,0.4435008036278628,0.3372861337050241,0.8488372093023255,1,5
-0.74421854697337997,0.66265258900237634,0.083846888011893828,-0.66554372777267157,-0.72507160351211486,-0.1769822482703457,-0.056482747483521341,-0.18751724205741224,0.9806360095202985,14.449187741009059,2.7310578689905216,-1.3916841989948132,,0.4902411954870022,0.8584070796460177,1,3
-0.68089722496833949,0.72606064644446022,0.095994305638749902,-0.7309041432582345,-0.66534970276677952,-0.15195034187557055,-0.046455380725587858,-0.17362520183662619,0.98371550099041849,19.198608523082111,-8.4295884015908911,-2.2166055870976891,0.3183299763189914,0.2531434897723157,0.8666666666666667,1,5
0.81979926722732654,-0.5665587739101271,-0.083308565940075532,0.57263893331107951,0.81200484030088427,0.11283967114576279,0.0037166530491013726,-0.14021160805506952,0.9901145850136357,-29.662280165264534,-8.68004319434724,-1.2510206062471585,,0.4565551743860386,0.9354838709677419,0,3
0.30446629194356156,-0.94780562114711153,-0.094682530553827318,0.95040036899031188,0.30891574034164271,-0.03619674007771978,0.063556397736319492,-0.078965624743385684,0.9948492420541265,-2.2190964056707747,16.000801587017069,-0.70426289176153767,0.4036937174564943,0.293155814979858,0.8448275862068966,1,4
-0.99627724083385238,-0.085848888121522873,-0.0078503378771732791,0.085573042356516221,-0.973816739096246,-0.21061389573768677,0.010436178339670085,-0.21050160822248731,0.97753780444410998,-32.666554113558306,3.9701401283976359,-0.68630401790895512,0.3254038157712685,0.3312731113811982,0.65,1,4
0.097383869056974645,0.98486635301589387,0.14336892531042497,-0.99251376536157376,0.10677205262361456,-0.059297169800337134,-0.073707581803257982,-0.13652104407640694,0.98789128800136872,1.0792683066729225,17.450719265802139,-0.43925221807890086,0.6322209219261288,0.5001579234965258,0.8522727272727273,1,5
-0.97101410712631153,0.23454309863215958,0.046055820975380024,-0.23762924173437136,-0.92649354214229229,-0.29179112365076315,-0.025767173582658499,-0.2942775072149626,0.95537259826358223,-26.894736694978654,4.9903909229080332,-0.77245008664863191,,0.2612903659319879,0.55,0,5
0.62427444068801496,-0.77855898699419568,-0.064244271917716617,0.77983782891555709,0.62593436795482527,-0.0076894476565651289,0.046199386315574104,-0.045299787897570901,0.99790457756265405,22.853978780546672,-15.6155813546077,-2.749156479899352,0.6111412275162864,0.6745095178049683,0.4905660377358491,1,5
-0.74581698824436815,0.66523176277371088,0.034981735850023427,-0.66463170653834958,-0.73954489416332447,-0.10648025253951013,-0.044963481960593285,-0.10266475205219204,0.99369926737219694,-4.7010208960419773,-12.022788106324013,-1.7260268858286139,,0.08437372268985149,0.3098591549295774,0,2
0.97985309688842659,-0.19971777090338919,0.00084882480030759892,0.19876592911699872,0.97558040252769473,0.09346113430810514,-0.019493946250476606,-0.09140946444041137,0.99562256697520735,-7.4261326887692976,-15.868694126033077,-1.8338043911915245,,0.3950004098728034,0.6493506493506493,0,5
0.98351656165979451,-0.18081639814426248,-0.00077659708272714086,0.18059206801471867,0.98206357414521317,0.054200012059907945,-0.009037583253314373,-0.053446856776264096,0.99852979704647504,12.032548299589973,7.46218867928925,-1.1380749432992689,0.1718296821099209,0.1488818864682656,0.2777777777777778,1,5
-0.61618924440217548,0.75420986821493385,0.22688827596481978,-0.78724135974952436,-0.58113021614507165,-0.20624915365378338,-0.023703514144443213,-0.30570434503028315,0.95183139097573899,0.47049764839870256,-12.976512262087628,-1.8717179471960357,,0.2227115629137539,0.125,0,5
-0.996178509804857,0.086377451338389075,0.012934933446265192,-0.087265271608249928,-0.99049256846910794,-0.10634493019701641,0.0036261514189910049,-0.10706730456938826,0.99424516258221385,-9.358496804897861,19.692357524070307,-0.18222917227820848,,0.1057407133194684,0.2962962962962963,0,1
0.98821961519522716,-0.15260027088471145,-0.011625380394163071,0.15302739978224961,0.98420210876039471,0.089043944361617486,-0.0021464061311489394,-0.089773974165701292,0.99595985185308322,-19.028570339105286,-1.0489377229818833,-1.1546883273666702,,0.1184780818957743,0.2674418604651163,0,5
0.83587405886222099,-0.54697370306410154,-0.046198764891935869,0.54839275796336029,0.83579879736775675,0.026566018368403794,0.024081958693920977,-0.047540913694995655,0.99857895070470482,-16.779153924114855,0.99535836049504678,-1.1487090041323282,,0.5987295648076403,0.2932330827067669,0,3
-0.29056020075469058,0.94925884783430947,0.12034288323650329,-0.95457646886455538,-0.27888855615229668,-0.10490442477496024,-0.066019200445566861,-0.14535753525554845,0.98717407386790812,4.4500164557471944,4.3533308002611646,-1.3706955445512803,0.3108012909783313,0.3413586399039092,0.6792452830188679,1,5
0.90017374080873336,0.43195127848058223,0.055725482298518939,-0.43189167150300412,0.90182095784472693,-0.013731135363142768,-0.056185589297909122,-0.011706964209827113,0.998351704833641,7.5302438985001894,7.2894081174757259,-1.2717463076930655,0.2315351698864402,0.1318772989444077,0.3243243243243243,1,6
-0.68171184354880665,-0.72396717603102179,-0.10554852151951274,0.72832188200362202,-0.6578540425987246,-0.1917688578242509,0.069398836877787445,-0.2076043994384103,0.97574802832177288,3.6416477711068507,3.2709893714065985,-1.3783003117883497,,0.4715107100471817,0.1973684210526316,0,5
-0.3104066916890677,-0.94760953493669109,-0.075391346000165824,0.94752181498563559,-0.30204448868703715,-0.10474510480262503,0.076485919494862817,-0.10394852644869469,0.99163733691716682,-9.0228710713115241,-9.9351728330582745,-1.5943448921049936,,0.08846616030109042,0.1944444444444444,0,2
-0.71871603225054337,0.66749142234119752,0.19468555695521028,-0.69442963485938769,-0.67506436771645029,-0.24910957763330929,-0.034853223883778615,-0.31423446746102401,0.94870540856706054,-24.599424293837455,17.708949838281306,-0.14157903178420769,0.5740636301216815,0.4986481914751009,0.3142857142857143,1,4
-0.79621500591289973,0.59322714668034726,0.11884114102706553,-0.60301913032684062,-0.76219255628877414,-0.23543669127356542,-0.049087603516385234,-0.25912170804368584,0.96459646878969085,-0.36596318536547151,5.3850314384796736,-1.4886469082531362,,0.2112692812787572,0.2678571428571428,0,5
-0.81364044193269736,0.55829782972161957,0.16215043811132868,-0.57763329528547103,-0.74476733242794435,-0.33415774228021761,-0.065795193055524961,-0.36554774500233811,0.92846423662653432,-3.0388922125928111,15.100305284190204,-0.87127966723211869,,0.5071264150407977,0.2456140350877193,0,2
0.50807213478466384,-0.84181483564535486,-0.18223745043963713,0.86003443921116673,0.50736267759717213,0.054072883704889295,0.046941125104634385,-0.18420340895003212,0.9817665888107513,5.4631331391496358,-4.1575381277462293,-1.6206304082049512,,0.2845052982764898,0.2727272727272727,0,5
0.57861885768717547,-0.79754450223534079,-0.17065457650754734,0.81284200344387503,0.58108578328882676,0.040338441925260093,0.066993245675480359,-0.16205579105293536,0.98450486317746144,11.381963979958027,15.891185450991118,-0.4721891208027641,,0.2846805289065899,0.1666666666666667,0,3
-0.074003424023992279,-0.97825890033161556,-0.19373439848076149,0.99619360323032369,-0.063542955711392943,-0.059670743773169305,0.046062979883073819,-0.1974128078454821,0.97923765510873473,7.6092445845493542,17.513005795735516,-0.3769824642055567,,0.4718257199170242,0.3103448275862069,0,4
-0.29526801228060823,0.95227659817124632,0.077369771224028466,-0.95270879465107261,-0.28737467483212703,-0.098801563042444987,-0.071852303500720138,-0.10288380261503328,0.99209483903561968,-7.0245942316484289,-13.508976287055328,-1.7632695610808518,0.1956400969132709,0.2754557313554024,0.8340248962655602,1,5
0.58562156998560755,-0.77931982840694136,-0.22295286905390124,0.80834631244857846,0.58190525736298815,0.089232900905986193,0.060196477624320233,-0.23247984107248587,0.97073657991060314,-12.008558967034816,-13.436486713622719,-1.7030818139190662,,0.3716409594960848,0.21875,0,3
0.9861824965231194,0.16149193093849559,0.036938324179416011,-0.16379474171541333,0.98390417232378891,0.071441320468062439,-0.024806574487592842,-0.076504483042469776,0.99676060211898199,0.32979852058218162,-4.5438024102497163,-1.5408087736749925,,0.2365189713213617,0.4537037037037037,0,5
-0.21586894792316214,-0.97615195164712065,-0.022977480672709615,0.97140902021141817,-0.21231953955997557,-0.1062305444442997,0.098818585167161369,-0.045252407853699349,0.99407600655533546,-11.952901712333778,3.5593091477280892,-1.2512727059207691,0.6354452737871006,0.3683461634151237,0.9219380888290714,1,5
0.99008100301718927,0.13832381740651722,0.024619687296218017,-0.14006536657033034,0.98549854848301843,0.095782587276501477,-0.01101365298137006,-0.098280885608291929,0.9950977675445033,13.30790337242059,-17.451180353388224,-2.4945627873191509,,0.6094521394077388,0.3333333333333333,0,5
0.77273504341886168,-0.63368801320166168,-0.03633255560762079,0.63327680540176656,0.77357281974326975,-0.023357660297634326,0.042907346836913579,-0.0049592821030206716,0.99906674707370757,-0.0054299266068587879,-20.838486593332387,-2.3047020733309647,0.3987930381542388,0.3399434842387051,0.8656716417910447,1,5
-0.40424421597393095,0.91388728827280141,0.037371622723762821,-0.91121568101995132,-0.39885160424278221,-0.10297271704828005,-0.079199725472806279,-0.075679733920941614,0.99398188180604574,-8.1440440779520458,16.9183902241531,-0.53962131855196716,0.1893186605180658,0.1683682656489406,0.2857142857142857,1,5
-0.74129855591939919,0.66617254116285995,0.081796065873803989,-0.66912702540484026,-0.72401330234185979,-0.16755226618850969,-0.052397279172530287,-0.17893821121452183,0.98246406636714378,-17.71002396730746,-1.7171638971646488,-1.1908636399996264,0.8792180766346557,0.5367835886964459,0.5374149659863946,1,6
0.92390027460151225,0.36507259056116237,0.11458746097288203,-0.38118717087232779,0.90417896527492658,0.19276083501767996,-0.033235874497304266,-0.22177105847094769,0.97453218226545724,-3.991788332640327,-15.013225564757139,-1.8657958408617734,,0.2737774018601901,0.2068965517241379,0,4
0.68891588591692665,0.72144950474869152,0.070039376276228554,-0.72286621497983983,0.69095215130770704,-0.0070398752808979578,-0.053472772249206491,-0.045779216912461687,0.99751938624112257,9.7602670762389323,21.827759338696204,0.18879229693223704,,0.1711607453646689,0.2727272727272727,1,5
-0.50872893586825285,-0.85021585029711333,-0.13538049236841238,0.85647079499023648,-0.48382120843515569,-0.17993002972583527,0.087479409801104122,-0.20748505047811092,0.9743188937349766,16.465617857542021,13.612902850555622,-0.54930995378284941,0.5517897882884968,0.4713891921705398,0.4666666666666667,1,5
0.8245886437339599,0.53041021153045032,0.19677036395049943,-0.56308870063668437,0.80307883840204219,0.19492433025694139,-0.054632260069298492,-0.27153155767801601,0.96087768698449394,1.8634539789357301,-4.0134114344756524,-1.5515517180812055,0.3032191684840568,0.1054553268066988,0.2173913043478261,1,2
0.7295228455169529,0.67392666915928734,0.11670159581050034,-0.68127474339000993,0.73110128176282485,0.036819014430469026,-0.060507370523970122,-0.1063661619154489,0.99248430602788495,13.15437502804822,29.802289943925793,1.0099719332858301,,0.2976321171608847,0.1176470588235294,0,3
0.61503314539891807,0.78319084772169256,0.091358229545516853,-0.78548206989648162,0.61868139665688926,-0.0158507823725107,-0.068935824734699697,-0.062011494705891457,0.99569193357809693,7.480904631627185,-20.677264287483972,-2.4415890954808144,,0.1040075851023132,0.5263157894736842,0,2
-0.60630589622646303,-0.79270201318611144,-0.063377271097084617,0.79192160015764301,-0.5945979933648714,-0.13897267893448706,0.072479924149966915,-0.13444978459319457,0.98826611599207459,-1.572533070357691,-6.7499018655124638,-1.5720857796473697,,0.0765225907749026,0.25,0,5
0.83076930582011832,-0.53400552120145828,-0.15703650477999678,0.55545349558106949,0.81358650108375463,0.17189653719916764,0.035969080526612525,-0.23003284239571711,0.97251792614091059,13.445384156431995,6.62584154676673,-1.1446255374047483,,0.5047243371934523,0.2790697674418605,0,1
0.67841981074031255,0.7293022768977151,0.088683421826680112,-0.732782006092073,0.68038281424670022,0.010476527354942993,-0.052698120865522634,-0.072093099458620261,0.99600476558483098,-6.7526506608064141,-29.788956206284837,-2.5393702976643642,,0.213524289032235,0.5833333333333334,0,5
-0.44853899011681148,0.88756672498114542,0.10506228177244385,-0.89028761328877803,-0.43334029921443529,-0.14001482314852243,-0.078744777411326253,-0.15633775546228451,0.98455968140456251,-23.793837582232108,-6.2772686484959195,-1.225651959874227,,0.2089606639148704,0.5178571428571429,0,4
-0.96545182550024866,-0.25838241229551218,-0.033783156373977705,0.25870151571771144,-0.93485144837872314,-0.24315899166915717,0.031245774171803183,-0.24349804615346404,0.96939795910443793,-24.66760183220007,-12.538907246168613,-1.4805945688086937,,0.9244466178601376,0.3695652173913043,0,1
0.63816259027933731,-0.76742446669120923,-0.061710584924142498,0.7679032243569921,0.64022957996282714,-0.020753866212264223,0.055435966574971705,-0.034143416119875682,0.99787828954515456,-6.8710140347383808,-23.228876981827735,-2.1644875150273615,0.2793421964326064,0.2148117871951059,0.6808510638297872,1,5
0.99783376387823652,-0.065549423674271162,0.0055724967979617433,0.065564104933559714,0.99784524292109078,-0.0024938572555274307,-0.0053970185152134023,0.0028538107366614354,0.99998136380405933,-13.365819961936316,7.1010188995777668,-1.1827049343408402,,0.1881232759239823,0.40625,0,1
-0.48417830275558837,-0.87353792444440015,-0.050028648773337382,0.8717670206043111,-0.47672960984053125,-0.11292094973022412,0.074790593843068354,-0.098287199871920958,0.99234368714369159,-6.8260814600181865,14.312156274533121,-0.91073790946897715,,0.07499102365248547,0.4210526315789473,0,2
0.50170452269898402,0.84988929648593903,0.16118546963675282,-0.85811536242235142,0.51250073539947227,-0.031321254600616147,-0.10922727076211976,-0.1226017126048236,0.98642699850937943,2.7784334181130919,14.084961627487322,-0.84020435214634148,,0.4770776846297252,0.3793103448275862,0,4
0.26110954979386558,-0.96458993831295381,-0.037256595548398629,0.9628346496772987,0.26300791783918015,-0.061451383505112374,0.069074165845402782,-0.01982639804178116,0.99741449435701024,-13.984615342713381,16.170635436683131,-0.74742420054959258,0.4649046160359426,0.391614942617482,0.9210526315789473,1,5
-0.14891898032079484,0.98707549860592592,0.059203862644913743,-0.98578323819482228,-0.14347971502806611,-0.087435568675424111,-0.077810954205333904,-0.071382991162657561,0.99440933421721633,-36.968232164457724,13.847734724797753,0.29029582921363345,0.4813087063055527,0.5006700457775478,0.9772727272727273,1,3
-0.71907034863084263,-0.69342860453533517,-0.045766845336946374,0.69203376983318898,-0.70849755481789589,-0.13827681015820062,0.063459397494643174,-0.13110295659991766,0.98933559505375979,-6.1956619832350404,-6.8723776309701119,-1.5114316461335038,,0.08184680953922922,0.2960526315789473,0,5
-0.98992769283441029,-0.1415490225200535,0.0026527689606639531,0.13831164411030392,-0.97094663777434498,-0.19527548668022662,0.030216751364862595,-0.19294170316007919,0.98074484302424036,-19.080539982897129,-3.308969863473016,-1.214199847113826,,0.08371286582090791,0.2115384615384615,0,3
0.353472904535859,-0.93355465191205844,-0.059435828019282148,0.93348699919720934,0.3561289707894556,-0.042120998257771131,0.060489074127248015,-0.040593941146396952,0.99734307229429842,2.7345905302689126,-10.615161384309726,-1.8027878119174909,0.580795115032636,0.4652334794176428,0.8802395209580839,1,3
-0.38432073667094857,-0.92136271971706807,-0.058209192403499567,0.91810672711232366,-0.37482639317532673,-0.12878358828000211,0.096838055514333429,-0.10293645464432706,0.9899628666316026,2.5321778094826906,4.9050695959236297,-1.3987815943851651,0.3731624819909657,0.3604545124389631,0.22,1,3
-0.86718779290281012,-0.49391183508177788,-0.063532912781499196,0.49671022714063262,-0.84879647980855077,-0.18117253135757541,0.0355567447083108,-0.18866805514119558,0.98139700573976951,29.750296933879337,3.1888960650600633,-1.329839868122592,,0.2801044610188508,0.3,0,4
-0.90782231348866316,0.40624858091774713,0.10402277459483389,-0.41845336405087635,-0.86130064324224709,-0.28819782106219249,-0.027485073159728826,-0.30516109262618579,0.95190402788337691,-0.16990834396448737,-14.609651014082168,-1.9695671965786814,,0.2438262994600432,0.4117647058823529,0,4
-0.79690471894070536,-0.60016818035845154,-0.068855095782809225,0.60237348121863699,-0.78081862302018534,-0.16573613688451089,0.045706214616560076,-0.17355239332860301,0.98376344144074501,-22.439180790770362,3.0305963941249483,-0.9309506920211289,0.5819188847994431,0.582063501764881,0.7702702702702703,1,5
0.99806195026881162,-0.062192654029567966,-0.00210171605486264,0.061998205798179495,0.99090568353549902,0.11942423880792689,-0.0053447079829847212,-0.11932309131850657,0.99284109200554982,-8.4480139009619055,-6.4814661276911316,-1.4959116984815417,,0.08719445004869752,0.4038461538461539,0,3
-0.94682299861811658,-0.32160989864593037,-0.0096582804241688251,0.3196591936749793,-0.93681169367749428,-0.14213321388108388,0.036663458468337934,-0.1376623539027946,0.98980041782729189,-4.2347181696875307,-7.5512746273205176,-1.5557850665642941,0.1034199711147829,0.09346499992262207,0.2589285714285715,1,5
-0.94869400543579352,-0.31617155718412571,0.0039026244959152411,0.31352455328029377,-0.94220907774525775,-0.11808644420433317,0.041012663173502724,-0.11080433313817659,0.99299565015020141,-28.054433722400702,-3.9880764656335921,-1.0772196876364821,,0.1137201483246826,0.4615384615384616,0,2
-0.2610533158478438,0.9646373961521445,0.036412363692252273,-0.9623949971462803,-0.25713951879309088,-0.087607861192181405,-0.075146761424939576,-0.057913399310251031,0.99548932813349367,-22.930611217121974,-8.1158289167784652,-1.3051247163525861,,0.07541994696252387,0.5,0,2
0.98634062751421026,0.16157921307915579,0.03200506859225126,-0.16309471739808831,0.98521986582459453,0.052363433246930782,-0.023071187046002743,-0.05686803922493585,0.99811509679144705,1.0121160089288446,-21.414475138261611,-2.3595681390762513,0.3276743973918547,0.3389777883870152,0.8378378378378378,1,5
0.98478487197482734,-0.1737013665411162,-0.0051566647429851023,0.17363349965403641,0.98474271686470261,-0.011540770330243416,0.0070826356262680412,0.010469806286292519,0.9999201065229727,-5.4765275047075503,5.7843139921509525,-1.5197315700143619,0.2705835264342414,0.1290642348170944,0.2083333333333333,1,5
-0.16528029951588424,-0.98120634021068254,-0.099581828273521328,0.98385526077785013,-0.15700979609572049,-0.085888007135617367,0.068638534597463469,-0.11216970116897768,0.99131564585049003,-25.366486324532044,-6.4999587076007304,-1.2122146358996679,,0.4101006577416098,0.9078947368421053,0,4
0.85917828627781911,-0.51021642783517884,-0.038624722080799687,0.51067177934764807,0.85977273217096561,0.0022765748789290133,0.032046936930326918,-0.021680539254871792,0.99925119367004056,8.7253180140744178,-5.8447789042192335,-1.807179181297178,1.286611137113218,0.7785127797375638,0.7804878048780488,1,1
0.74459394798958578,0.65020167412551066,0.15105507466373214,-0.66464284687615904,0.74313438284488853,0.077467251984960489,-0.061884882755296966,-0.15807932185497955,0.9854852557437036,6.3073387532253609,-6.9395429002741196,-1.7688016025333246,,0.08468176906264675,0.2307692307692308,0,3
0.7946480718245037,-0.59826138230213244,-0.1030425173971399,0.60597039208287617,0.79191160373819736,0.075338541157370889,0.036528425431755288,-0.12230834113312734,0.99181971336767594,-17.418277395049255,4.1990122902414218,-1.0678451823377599,,0.2799903438151673,0.3629032258064516,0,6
-0.91758223892707702,-0.39751462026069218,0.0049961469724211002,0.3953609748573052,-0.91378267909042832,-0.093225076852743921,0.04162372358948082,-0.083566393205142794,0.99563252435887695,1.582299959999377,-7.1788790025576414,-1.641815266044933,0.2280714812601524,0.187301397212275,0.7790055248618785,1,5
-0.77799876469870288,0.62749788032553089,0.031053700492163907,-0.62657316889532422,-0.77132855849154813,-0.11161683957101162,-0.046086724202995602,-0.10629517882912179,0.99326600103392293,1.2937073319778609,-14.297992729193643,-1.9909982550111041,,0.09773833754870488,0.4848484848484849,0,5
0.77888475568581783,0.6112548806053365,0.14037809051414965,-0.62450773043183805,0.77649482808164727,0.08393971999790345,-0.057694297734850707,-0.15304657101224978,0.98653338266389845,2.7690057014389033,15.682668122024811,-0.64686654313243896,,0.09236148483151836,0.5,0,3
-0.55484020757134145,-0.8302995164021334,-0.052488638052184046,0.8287520512954849,-0.5460693081104051,-0.12238606216946421,0.07295465396885395,-0.11140477459339847,0.99109363566823372,-4.4139637427428209,-20.938120054364024,-2.1683851133525192,,0.09147980717918378,0.3478260869565217,0,2
0.021332667949669665,0.99865906685701056,0.04716975156213233,-0.99747919768247639,0.02445379162548891,-0.066612778547808074,-0.067676934541033157,-0.045629817657112257,0.99666330938371894,13.904795975170696,-4.412098391567147,-1.8587694476184671,,0.3112326060358927,0.6666666666666666,0,6
