axis_00,axis_01,axis_02,axis_10,axis_11,axis_12,axis_20,axis_21,axis_22,location_x,location_y,location_z,dbh,dbh_approximation,score,reconstructed,number_clusters
-0.7809981218061125,0.62016326830579382,-0.073752656762989338,-0.61719806667732924,-0.78447068238873363,-0.060599463383104887,-0.095438358248087996,-0.0018080699182296039,0.99543369978019103,-8.0765494695489242,18.505378935972274,-4.0132190903085405,,0.3881345482196621,0.1481481481481481,0,5
-0.42731371454909323,-0.8651567528136892,-0.26250101412971683,0.88814409601156807,-0.45600063496662302,0.057126925611587019,-0.16912437458288312,-0.20872760711250019,0.96323918730035041,5.4675694261159906,13.958375024713598,-0.48306172940605613,,0.08649419967581444,0.103448275862069,0,4
0.032319168995480964,-0.95724212025193489,-0.28747694608615149,0.99649128877671356,0.0086431448808186144,0.083249068695643413,-0.077204810132298837,-0.28915881321887404,0.95416277334126109,9.9775175557487508,5.1081826574827076,1.0716734276671616,0.2754610915527073,0.2407856265641388,0.5074626865671642,1,5
0.058719642517295931,0.99760454954957833,-0.036567284567277591,-0.99700999699491588,0.060449039999772254,0.048135012779717823,0.050230164989163974,0.03363147753354321,0.99817125496783987,-8.4330820397390447,15.742100643438606,-3.9083774704147269,,0.2066222258546832,0.125,0,2
0.91818874617949775,-0.28281685204525114,-0.27738791355885672,0.35645213940661952,0.89533910482577417,0.26703887297961826,0.17283315278546874,-0.34406760319593493,0.92290096203722694,-7.9888052649932915,0.54965522922552601,-2.8657475883329662,,0.443647541869136,0.2292358803986711,0,1
0.086322605517366452,-0.96069471149062036,-0.26384480114386583,0.99390836274694072,0.064829733353151286,0.08912503652203492,-0.068516963143355272,-0.26993105969360448,0.96043877929532762,6.3079155388580546,-3.0498727544244364,0.96463384103877237,,0.1769557432317626,0.405940594059406,0,5
-0.48264019397755087,-0.84441510947022425,-0.23242539890403954,0.85740590480880008,-0.50968210530456259,0.071268968922749767,-0.17864366083439734,-0.16488564046240836,0.96999957114062008,-4.1876690242062589,14.414303219111339,-2.8258140667245315,,0.09465871452621752,0.2857142857142857,0,5
-0.77433599184536273,0.6072853690711888,-0.17778709808343263,-0.62161578759371861,-0.78257170018747091,0.034283329475583796,-0.11831138722497954,0.13706208293237224,0.98347160664410649,-2.1942660597242343,17.623987034391195,-2.5641711319720022,0.1696862989510947,0.2183882752462573,0.48,1,5
-0.9719144946585937,-0.075002689723396784,-0.22306234914656833,0.067819911003838607,-0.99690740155542756,0.039700030169206632,-0.22535011591734561,0.023456966092407921,0.97399542914624504,8.9104414226566302,7.3558555484577877,0.63369064698610522,,0.08037320561392924,0.59375,0,5
-0.85320354007132126,0.49679383022157469,-0.15886978776199917,-0.50074957261371567,-0.86542573658883992,-0.016975275457118959,-0.14592321520904922,0.06507061320935309,0.9871536002870136,-22.88401624016031,-25.929385200775851,-3.4440773814516192,,0.2493818005575572,0.1578947368421053,0,1
-0.44341638227624769,-0.80792100671491851,-0.3881308527259813,0.87626154384412325,-0.4818320611361433,0.0018898786229557391,-0.18854076139911574,-0.33926613708127201,0.92160233806180947,15.469428506163634,5.0347173740436215,2.3539530829567461,,0.2576078976692819,0.125,0,3
0.03533849090919338,-0.96332113516867623,-0.26601425074156193,0.99629388365445426,0.013071650326533336,0.085015465360519724,-0.078419949330420638,-0.26803268922852413,0.96021288735985011,-20.551551845259969,-3.5037955761754667,-5.2868001590389051,,0.7573170202024434,0.4166666666666667,0,1
-0.64842304006699314,0.75684003365173791,-0.082101915765192462,-0.75702448635609698,-0.65242497080804118,-0.035434228133457861,-0.080383382409339593,0.039176790682272249,0.9959938207159077,-8.7789339211961313,-5.0239976249931892,-2.4560753933151589,,0.09024226551478773,0.3488372093023256,0,4
-0.12916713600268581,-0.95421517068867456,-0.26979484614137383,0.98474213970237989,-0.15542762945836044,0.078263467181904647,-0.11661376107150542,-0.25556928616040403,0.95973203067326029,-1.4168751178690686,-11.400146660969586,0.074133158983944278,,0.3540101358289018,0.65,0,4
-0.76601438788720089,-0.52495480329745237,-0.37100459841453609,0.6032129228152161,-0.78647567363468951,-0.13262799300896561,-0.22216238947788225,-0.3253897190689885,0.9191112029703935,-3.8180047344055703,18.364125802560459,-3.0258667736972327,,0.2155177040008379,0.2352941176470588,0,1
-0.77653326511346654,0.60044346930583992,-0.19095478087805701,-0.61868070663915076,-0.78400740650966128,0.050661324207689436,-0.11929070124993314,0.15748024227172941,0.98029062113708787,4.895332935120468,5.1988977596656838,-0.16878206815185975,,0.08280216391844993,0.2678571428571428,0,5
-0.96816639484774247,-0.11927420679408628,-0.22006248085752209,0.11092628725628841,-0.99257235356667983,0.049954796873151179,-0.22438625332907788,0.023953841628097043,0.97420584210329786,-1.3790713297571995,17.263562837758325,-2.3126325317496712,,0.07184969070654662,0.2631578947368421,0,1
-0.8810251437794917,0.43098061228046453,-0.19506513749689108,-0.44555767491765708,-0.8945290226537238,0.0360025825760346,-0.15897501171661096,0.11863194961109183,0.98012928034069779,4.9739945100797929,20.885347612447035,-1.0716380159224925,0.2382876519917456,0.1872211875877642,0.4444444444444444,1,5
0.83630955818742159,-0.44330929624006077,-0.32258826815540459,0.53017972283668069,0.80377235495506594,0.26992492086283765,0.13962730527078721,-0.39677054991157146,0.90723610286721346,16.047944492463309,-1.5343167788716738,3.1751693569181145,,0.3775940894731108,0.4666666666666667,0,1
0.61356184800488234,-0.73711115683273798,-0.28321193679916995,0.78671322289720247,0.6014997270331488,0.13885381988891934,0.068001202868264124,-0.30800198189581618,0.94895237791825948,-8.8044166209296328,17.4454707758829,-4.1053170182210801,,0.06278622435368761,0.15,0,1
-0.038979672881524798,-0.92861697162946166,-0.3689865920379452,0.99503511110052345,-0.069913105335278156,0.070832798755570331,-0.091573537548890971,-0.36439357527830535,0.92673168151125385,3.8510861557937552,12.522072240517074,-0.78725806412232091,0.2761878527703567,0.1861615582366868,0.3770491803278688,1,4
-0.97004545606150117,-0.058677931766299395,-0.23573017095413043,0.065947808926750034,-0.99755639103514426,-0.02306801254332436,-0.23380055532909866,-0.037922909020374727,0.97154472532109271,11.840826530959328,-2.8084056211331379,2.2777301254070079,,0.4824060218786073,0.7473684210526316,0,2
0.96827310688520363,0.1853869240132329,-0.16756753530379376,-0.15083742378653678,0.96820529304452307,0.19956598434104691,0.19923669859821766,-0.16795892035102547,0.9654504332207855,15.234148458254959,-5.4769467298707193,3.3916558572090509,0.4467701814013217,0.1950969274421227,0.1428571428571428,1,6
0.97863903111008088,-0.027298853909918014,-0.20376559906698524,0.05262385315189775,0.99138761612184856,0.11992216091984768,0.19873695395514626,-0.12808343833393643,0.97164718697538932,10.42662891451266,-3.2053450402798744,1.9668636934683184,,0.09353476692926385,0.3958333333333333,0,5
-0.8951499942342761,0.40936451876998925,-0.17642896189285517,-0.41159942467473637,-0.91100920768939098,-0.025458537125570248,-0.17115023058646875,0.04982884984989288,0.98398408741850885,4.6917575857147256,12.132274871951557,-0.54324422434633934,0.3565739912640301,0.26662586394556,0.4545454545454545,1,4
0.91036033835469787,-0.30022141384741491,-0.28480020543914419,0.37761583383874159,0.88419133655795046,0.27497629423304215,0.16926410247004919,-0.35787257931186078,0.91830108384542608,-30.305890224496103,-9.2189671837502676,-6.7448487539797171,,0.1737737935120775,0.2307692307692308,0,1
-0.97642763174235903,0.010784195132857262,-0.21557546498928259,-0.014607787253982592,-0.99976284699723084,0.016151232632045962,-0.21535016257609688,0.018919590358370333,0.97635360222571055,-16.827193971014161,-7.5958556167549389,-3.9418129837552507,,0.5743363069635089,0.5681818181818182,0,1
0.94980991271631166,-0.21751372143451192,-0.22483084907000708,0.25004609354847451,0.95976160625705909,0.12780692569659904,0.18798425680619713,-0.17761036045956893,0.9659795438053761,23.494474077837989,-0.25993115744496076,4.8340554264325011,,0.152339191685574,0.65,0,3
0.8501222872577775,-0.47059439252343604,-0.23629010650702886,0.50681605935931306,0.85300548007602295,0.12457581200124983,0.14293207716640083,-0.22566029488098216,0.96366376534096498,2.4192400093516464,23.477375622307811,-1.894489843105053,,0.1080292763158774,0.2941176470588235,0,2
0.8584332717212767,-0.4248877039189321,-0.28733735757886075,0.49579709695750129,0.83090498903622267,0.25255125785318855,0.13144411987768118,-0.35925943029127522,0.92393457836384163,-5.6968029987758353,-6.9720390136432098,-1.4462939066867464,,0.3144324572583871,0.1764705882352941,0,5
0.046604719010102283,-0.96147949492371487,-0.27089699335213718,0.99612935730164576,0.024500059655399309,0.084415938060843798,-0.074527200992656015,-0.27378262895611249,0.9588997697330417,-7.4624571289351902,11.738788411080119,-3.453823741653578,,0.1124085155818776,0.524822695035461,0,5
-0.78284916399235582,0.60933143223432162,-0.12594598893073358,-0.60772396150558294,-0.79221899034665677,-0.055323213446839097,-0.13348697707428459,0.033230663932494922,0.99049328615906107,21.546027588507798,-11.229498111654262,5.6315074151471034,,0.246036397491374,0.1875,0,3
0.96268711072129032,0.17834976400463773,-0.20353105053181628,-0.15035987236092196,0.97784071893135505,0.14566893005517037,0.22500096807503292,-0.10963069861722538,0.96817130420499331,-3.4702449727595632,3.6849884554165451,-2.0818924868008133,0.3173821234027929,0.2948600750168341,0.6135310472659871,1,5
0.572463253252946,-0.74946713152822186,-0.33254299336163173,0.81864806679840674,0.54512229478832286,0.18071255200440706,0.045838481675183118,-0.37568697406694013,0.92561230064976019,-2.4983980154724987,-11.307090030061426,-0.200217983626609,0.4167665677652376,0.1688988479933848,0.2758620689655172,1,4
0.84572861963405088,0.53282294044750056,-0.029031294576061292,-0.50342439820581719,0.81474020204235464,0.28768433823740569,0.17693777782879908,-0.22868781626676701,0.95728517457868545,-4.707075911536446,10.960624780415829,-2.7394841861961918,,0.3397534234118005,0.4051724137931034,0,3
-0.71906948157080641,-0.56430569758300952,-0.40558372791428027,0.65741130812480464,-0.74156250791803535,-0.13377375975858405,-0.22527639162398994,-0.36282795719964445,0.9042159149512955,-5.843501243885675,6.3456949997075531,-2.875738174366913,,0.3991533473340105,0.4126984126984127,0,3
0.96136829209816987,0.22532370525922074,-0.15811462549841471,-0.15601579915846092,0.919263859526953,0.36140424316899883,0.22678200405057475,-0.32277420035663601,0.91890518456636172,-4.4896101362240177,21.20945993103107,-3.3877414197489633,,0.3177685322667234,0.2,0,1
-0.55831326005378235,0.82116605104713714,-0.1182058385011865,-0.8274095767745705,-0.56155577969181925,0.0069640904962161203,-0.060660497111746405,0.10169278687480179,0.99296469282034039,18.664302702285589,0.46812727872277443,3.5222579532271823,0.6093315053832615,0.537863596944178,0.5172413793103449,1,5
-0.87983369962154756,-0.36470681443605346,-0.30476482821048684,0.39524001558706195,-0.9175714975419671,-0.042986939613467931,-0.26396589001043369,-0.15827661356782663,0.95145705237204581,6.8677478971218671,14.025288806713737,-0.168525583775505,0.5704696687467528,0.2097634777263236,0.3225806451612903,1,5
-0.27775292428349341,-0.89737133974606209,-0.3428964736685497,0.9502683643102251,-0.3089923637429588,0.038907003735944461,-0.14086642198599988,-0.31503713709798942,0.93856712781024121,-4.0131526593530049,-8.3751345331046458,-0.89709349353268286,,0.2306042891326458,0.2407407407407407,0,5
-0.086917523960130624,0.97711521302696669,-0.19414222750320223,-0.99425298297815623,-0.07285671285342632,0.078440456597541924,0.062500798936314328,0.19984433908284321,0.97783224035049254,0.83306862555247174,5.8590289345391104,-1.1576216715193626,,0.07469041597281542,0.27,0,5
-0.43710444702824142,-0.82381431127203575,-0.3609289167294808,0.88254126710753722,-0.47021389508921729,0.0044502491221146152,-0.17337997070122477,-0.31658943982452703,0.93258271072931365,4.400808311639687,-7.9365411608906484,1.0614552829505419,,0.1633080437410438,0.3548387096774194,0,1
0.012863304163242618,0.99423155618438908,-0.10648074048001188,-0.99594739302310564,0.022219127258135699,0.08714987501061279,0.089013064976342454,0.10492818053818764,0.99048813783531131,-11.020198875808463,-3.256494976002394,-3.1055950055909154,,0.08192003926728195,0.3166666666666667,0,2
0.33694667296569136,-0.91241321471703318,-0.23231243011745717,0.94149925796363365,0.32474120150756131,0.090123799838614266,-0.0067887282517800508,-0.24908889508196166,0.96845683203515553,7.4038824402045247,-2.4878467538887952,1.1514155335210805,,0.1257834050125948,0.5784313725490197,0,5
-0.95192031231113639,-0.21288684279727699,-0.2202882456539052,0.20981400361155639,-0.97702056094462197,0.037535415009629182,-0.22321694133277076,-0.010488834790517597,0.9747123583123275,-2.8354856020874064,10.076654459889214,-2.2249984277329231,0.1425202267116606,0.2027009029351751,0.2272727272727273,1,6
-0.82553004519080853,0.55038815978192523,-0.12479189901242696,-0.54322454679858534,-0.83489133981543495,-0.088676617305011224,-0.15299423597878883,-0.0054151891060134853,0.9882122441480945,8.5176631998682701,10.690338031800499,0.49503293578242352,,0.5923290895953365,0.7313432835820896,0,6
-0.9334075308726546,-0.26553394266414615,-0.24133401460102863,0.28161432150973659,-0.95892076292233386,-0.034122490487371704,-0.22235951796769632,-0.099813304372132733,0.96984202272302633,8.0615263952466805,-4.4080523174381918,1.5604507451353913,0.4832887062192056,0.3192202126609914,0.1604938271604938,1,5
-0.76594190708113985,-0.59962479002109348,-0.23191184999707448,0.60304040064212017,-0.79512509759936567,0.064174405809399954,-0.22287949697156326,-0.090698348164440404,0.97061760723260349,-0.040933648099650777,8.3247331187812783,-1.5092562584170526,0.2017824797694618,0.1571994686813821,0.6936936936936937,1,5
0.22523504151291032,-0.88875219215884893,-0.39923516504375894,0.97370829787743807,0.19099943843173886,0.12414251956272575,-0.03407824407593469,-0.41669983855480464,0.9084051507059504,-5.3085680706634495,8.2965036844646729,-2.7705855548490601,,0.07280172513935362,0.28,0,2
0.3761503966021067,-0.877953300336062,-0.29615685297675531,0.92588945822579261,0.34401543899905729,0.15614765088414059,-0.035207815644076677,-0.33294350896106029,0.94228924941244596,1.5968509155622295,3.244333560873041,-0.74012708852590248,0.8220067318667041,0.5482367796683963,0.7895833333333333,1,5
-0.47534198767931157,-0.8446033688616823,-0.24636384486482077,0.86210453374219631,-0.50302766606300331,0.061146872989200032,-0.17557268480669438,-0.18332571146106041,0.96724656415366239,1.8597595259487738,11.782022997402471,-1.213740912480066,,0.07412116635989557,0.2666666666666667,0,4
0.094373690772072499,-0.9574560688753494,-0.27271135411606962,0.99340631307021321,0.072657534302728394,0.088683594093238269,-0.065096110807817215,-0.27928257891034119,0.95799986298270767,-4.4284367395922679,12.691473022909726,-2.8072339710023382,,0.07871680703851437,0.2456140350877193,0,4
-0.90692220442475424,0.37468662893738802,-0.19261891188790634,-0.3883237607920772,-0.92076887090794635,0.037273893963518649,-0.16339146833798426,0.10860302234487836,0.98056545503699866,17.428343507452396,-2.9971729965014893,3.6090218784426007,0.2620607503629655,0.2103806492466339,0.6037735849056604,1,5
0.069826585251871548,-0.96494208390244007,-0.25300399741126361,0.99483665765267992,0.048634181388095603,0.089077163129242562,-0.073649661116036255,-0.2579176052826278,0.96335571639076667,-8.8338277264898455,21.298531520551425,-4.3526928132897096,,0.09639272897902536,0.3333333333333333,0,2
0.97504456355325275,0.062204737358410207,-0.21311656372843929,-0.028713416717752929,0.98721589981758262,0.15678107936786578,0.22014458609204862,-0.14674923440185833,0.9643656067160572,-3.5626358612564228,16.776788974715465,-2.8294312318028112,0.3755028580718303,0.3715221449577988,0.8482758620689655,1,5
0.28507003060475261,-0.92479895425247594,-0.25195628959113536,0.95830362398978275,0.26957613150139514,0.094778022625456204,-0.019729214354715897,-0.2684689992127009,0.9630862653795228,-7.9877777291550682,21.154756795199699,-4.1295753093562757,,0.08231083133504971,0.4736842105263158,0,1
-0.20988686416641086,-0.91234144020050301,-0.35154032591334849,0.96897702717951251,-0.24208965168333887,0.049760640532398981,-0.13050296950163828,-0.33019039513697607,0.93484933433711292,-12.900019614374434,-3.7370407394022478,-3.5246115175638142,,0.1837152133573864,0.26,0,2
-0.85764030527147783,0.49184045040468749,-0.15015351517550216,-0.49260909223322313,-0.86956041302094389,-0.034655019203633196,-0.14761229292645442,0.044245445557238694,0.98805513587270788,-2.8492647633611332,20.03983779001339,-2.8983066248862372,,0.1478605234843371,0.1052631578947368,0,1
-0.9710316649796219,-0.086491059740618659,-0.22274829335339291,0.086157754153560154,-0.99621818314950572,0.011232673836330974,-0.22287742596799512,-0.0082842107194012523,0.97481127652825117,7.4926074760317087,9.0702657556446891,0.31195555845942524,,0.8571802527311919,0.6344086021505376,0,1
-0.81894918738170253,-0.48660473317487185,-0.3042006938497373,0.52645048184053578,-0.84803280414025561,-0.060747454859301546,-0.2284121683639411,-0.2098956806459511,0.95066907206948537,-3.1908759045421458,15.032492540833731,-2.6391770981509031,,0.1116238450729245,0.2285714285714286,0,5
0.95773439670150484,-0.17144782871740483,-0.23097720104567029,0.22173829349134136,0.95152844249653834,0.21313317977185028,0.18324015546367642,-0.25534146774113992,0.94932806778133783,10.727063204131548,8.5793592906993617,1.085077940078079,0.4728690581208957,0.3636160530949732,0.2352941176470588,1,5
-0.53729076424246847,-0.79589092057983957,-0.27906321362429609,0.82163984604116858,-0.56861790019213343,0.039769925553536548,-0.1903328612121119,-0.20792144218349468,0.95944883960696248,14.078489604795349,27.224926832138209,0.60818187364533605,,0.1306733105800418,0.1764705882352941,0,1
0.9645757069484322,-0.14195566489119052,-0.22235623393606788,0.16839545476764381,0.98013681138327213,0.10476068816607373,0.20306815697821698,-0.13849339398227964,0.96932084649239769,11.509265874755005,-0.19893028801692672,1.9215199705079031,0.2383805092658122,0.2256420416574552,0.8068181818181818,1,5
0.43931615980501049,0.89703517520534204,0.048261850135494902,-0.88192913943030404,0.42045176734239009,0.21312274482650856,0.17088681856100807,-0.13619179778159621,0.97583271591964726,-19.090452107860095,-6.1781174157888517,-4.6487581940630331,,0.5260056983830944,0.34,0,3
-0.93565249079263713,0.28073314983707942,-0.2138768689131377,-0.26999821808665325,-0.95965783919100056,-0.078471612123704904,-0.22727819671839972,-0.015675785843558242,0.97370369776160404,-13.439721173770335,-4.7104378283266728,-3.4853330960456939,,0.1026031482555328,0.1176470588235294,0,2
-0.69341382817251795,-0.68515897911837342,-0.22301218852924323,0.68851454004348978,-0.72130673191467043,0.075261720969426904,-0.21242643679127113,-0.10135961635704178,0.97190598162791364,4.0420774813037834,1.8882302528734385,-0.062187177336199641,,0.06752832688608321,0.2153846153846154,0,5
-0.52179442785636621,-0.8084134431222354,-0.27239361232837328,0.83182558922620009,-0.55298255683288833,0.047712482088512698,-0.18920032813537294,-0.2016878697835196,0.96100220552070215,12.667933069984427,6.8452332714057835,1.5372174032787993,0.4781490067722554,0.5468332451236249,0.7560975609756098,1,5
0.78925723651723934,0.6123848942446839,-0.045362494487156776,-0.57152347784649871,0.75959101177262123,0.31045516440299048,0.22457499610467077,-0.21910325450611701,0.94950504737437513,-7.0180267909612759,-11.68779157985252,-1.2204877123422178,,0.7500037249825122,0.449438202247191,0,1
0.43349620972113106,-0.86565320603461349,-0.25045071978217376,0.90106018056159753,0.42041392038771025,0.10650204951332244,0.013099128357082809,-0.27183940558026493,0.96225347513534809,7.5391751683996855,5.7112603166379525,0.43681726092042611,,0.2483106795300755,0.8715596330275229,0,5
-0.15458221400458078,-0.90437241754984454,-0.39776232789002597,0.98207498121467696,-0.18460660880427787,0.038067456678596429,-0.10785671228826908,-0.38474787895560258,0.91669842328517803,-1.0538148643580838,-8.4420370098197246,-0.18809504978161554,,0.1458229455274755,0.1935483870967742,0,4
-0.89864593914503121,-0.36113641367536736,-0.24903005195325359,0.37450886707000403,-0.9271980281755563,-0.0068501849101855177,-0.22842632191603543,-0.099419853475328002,0.96847153194652935,8.1323963878041372,5.076543760075233,0.63248542681556541,,0.1051366038589044,0.2413793103448276,0,3
-0.3743210000659361,-0.88564784431106724,-0.27479389508647578,0.91295892995290195,-0.40389307699574112,0.058106579439547786,-0.16244931864704687,-0.22912502748951671,0.95974576875808038,0.90687567918479373,2.0738259911064683,-0.8055172554930673,,0.08450504160641073,0.3853211009174312,0,2
-0.73276219601922443,0.67673347841646014,-0.071353789496014466,-0.6724380357610219,-0.73618332997630853,-0.076558426883339234,-0.10433912088445893,-0.0081181189540075454,0.99450864450627408,-10.548669651123038,-5.6801746340333521,-2.7132596056990965,,0.3186145229159686,0.1818181818181818,0,1
0.8252539639781159,0.54141252121772576,-0.16071209290862565,-0.51660218419463699,0.83865769771979215,0.17255564128902412,0.22820621863510959,-0.059378008757465586,0.97180048047542233,-2.2096776311375881,5.2740416278643885,-1.8396991551640223,,0.07370721768665245,0.2533333333333334,0,5
0.86867862434153154,-0.38795570947026309,-0.30803865845300848,0.47150603037512318,0.83822694034591927,0.27396653043430735,0.15191942249757881,-0.38323095382255284,0.91107328195939263,-6.0742587940797055,21.112225417607341,-3.6857155894628626,,0.1969878730910244,0.1111111111111111,0,2
-0.57510332603143643,-0.71692915466147256,-0.39404156073181651,0.79596585949741705,-0.60160761384283501,-0.067131434372197568,-0.18892992061110289,-0.35225114075431596,0.91663767047572609,-6.9713701419872702,-16.257224809381498,-0.67096720867899817,,0.2767127248447976,0.2083333333333333,0,2
-0.45103458583006717,-0.82004843710301101,-0.35226178218763177,0.87632701019277726,-0.48171627546909918,-0.00063336779566768465,-0.16917084143458452,-0.30898218517106424,0.93590129589355031,2.8629394720012575,1.3667695171182954,-0.32560470232823124,0.3767822498739792,0.2903660948655772,0.5600000000000001,1,5
-0.14747543799141261,-0.95963962129559499,-0.23946355135779418,0.98213428541632153,-0.17069823810696147,0.079210838380549695,-0.11688986525362866,-0.22350371081220335,0.96766877114752581,3.9785060695293843,3.6837321965369787,-0.25952277480476615,,0.07122859131311662,0.2571428571428571,0,5
-0.69830380822601934,-0.66610897118600743,-0.26205081553499704,0.68304685129830489,-0.72956715832379382,0.034333080648481784,-0.21405324185470695,-0.15501806346636687,0.96444316040429645,-2.7400078007887299,2.3715723620558848,-1.819013745899686,0.1516391572821877,0.1209943804818319,0.4837662337662338,1,1
0.72917671908558757,0.65893431097684785,-0.18468049751136661,-0.64869761140448656,0.75150982973999825,0.12010156019916403,0.21792824805814573,0.032226535985529145,0.97543258561352253,-2.276999311758805,22.818764829656345,-2.9284468907957595,,0.09520366414186691,0.4,0,1
-0.59310988443063184,0.80325479907880315,-0.054794094093750766,-0.80272474482127154,-0.59522061405376481,-0.036679758138298851,-0.062077766086640444,0.022229448088768925,0.99782373322915208,2.4097774876279883,-7.4902306950015189,0.55672138993361497,,0.5263054414571402,0.4369747899159664,0,1
-0.81330314998030284,0.5771614245742851,-0.073638822746564719,-0.56857748317271539,-0.81524194390756899,-0.11000099328092329,-0.12352178698957846,-0.047594777835293554,0.99119983114491694,-10.127546946941443,-7.3923283026533211,-2.4185041108962233,,0.5798253444100353,0.1967213114754098,0,3
0.96342431989566124,-0.17872088239733824,-0.19968081036669474,0.20617633752673825,0.97033153747975764,0.12628549091732777,0.17118673335759296,-0.16283597135549241,0.97168901854197698,14.386809794833086,-9.7399141186801899,3.6831385623857691,0.1516430635153862,0.1310139869879051,0.5,1,5
0.87707497369913523,0.44304110441434691,-0.18561807646341275,-0.42115639821753409,0.89509239056883605,0.14641345766766253,0.23101250778062957,-0.050241339005666762,0.97165273071392255,3.9779455198520073,8.8886418335096238,-0.55128890221915361,,0.09004450266412552,0.4264705882352941,0,5
-0.92832882305039999,0.31104666803900655,-0.20360640116580592,-0.32670390014337886,-0.94392959975311819,0.047554940237821273,-0.17739830304984369,0.11066562705623491,0.97789721395619389,9.1959200917665562,9.1860745711831715,0.7566160886012061,0.2530609946604148,0.09968136079993695,0.25,1,4
-0.62795315636888482,0.76172249873852105,-0.1595420581599058,-0.77558061146687785,-0.62947576212922973,0.047275575178830617,-0.064416989397352978,0.15342457367504511,0.98605849302645954,0.91003153616538113,-11.293780830963563,0.59872047086270808,,0.2437077669125161,0.5,0,2
-0.77480009488458368,0.61687586449750764,-0.13837984234451636,-0.61997608243985125,-0.78423219571177027,-0.024688467178638134,-0.12375164713802944,0.066663565832833713,0.99007146147188629,10.296431606909259,-8.6370402980643668,2.5424371969182848,0.2552006334634946,0.1397143002809562,0.4705882352941176,1,3
-0.66420354049857699,0.7192025227137957,-0.20391514929319621,-0.74235677548376366,-0.66667689428311561,0.066695850863208381,-0.087977694232703421,0.19567741298149557,0.97671401923304324,5.6368379801334729,11.074076680217896,-0.23387732632997477,0.3295716970353751,0.2812985280447007,0.7130434782608696,1,4
-0.096717310647767479,-0.93643992965037481,-0.33723288685634289,0.98869678888270307,-0.12939060007106634,0.075741219070461718,-0.11456186745201706,-0.32609558532683197,0.9383694622888451,-5.3898495388125998,18.260724779142652,-3.4374047854470882,,0.1095784405972799,0.3235294117647059,0,3
-0.95914436298736827,-0.17823295379503795,-0.21971596467041293,0.20961104900730346,-0.96926932426304058,-0.12876406787891315,-0.19001394444516989,-0.16955822369959947,0.96702880499611987,-0.020056125594517561,-1.7343668335726246,-0.71688734149794242,,0.4801193746990969,0.1381909547738693,0,2
-0.71725165646443911,0.68608957876948362,-0.12178321396206934,-0.69070178514783342,-0.72311586173165399,-0.0058732023363795068,-0.0920929166256267,0.07990331918012282,0.99253934647014663,6.1428417376975304,6.5623228985353501,0.055064502581120264,0.7317772021653904,0.5265776093541337,0.4025974025974026,1,2
-0.59978033097965411,-0.72019449453330953,-0.34868817676234415,0.78196494962754026,-0.61997120044105358,-0.064548649696778329,-0.16968904538577376,-0.31137694305710872,0.93501338343815987,8.4163821648729815,-2.0212265521209098,1.3161853876477201,0.3827613756975178,0.4331472549988977,0.2083333333333333,1,5
0.45586713409750329,-0.82014210760208728,-0.34576303936039066,0.88993167844084364,0.42628389155634078,0.16218400509003436,0.014379282221007133,-0.38163983955764885,0.92419925833405681,3.0023033240736616,-5.9601323637494001,0.50727145091936121,,0.1188263921992457,0.2368421052631579,0,4
0.35259383906664715,-0.90801591334059562,-0.22624032746724493,0.93577089888959719,0.34129826578831335,0.088590736317314497,-0.0032263669347313345,-0.24294566242296364,0.97003453323387889,0.66347095732714201,6.743799261160583,-1.2418303675271698,0.246431266545662,0.2015526858488364,0.8271604938271605,1,5
0.80970899186529344,-0.54103615490028301,-0.22726906428990218,0.57334675113461597,0.81191270543963312,0.10986929374978555,0.12507938061835472,-0.21926613472311021,0.96761433986259016,1.5513409321264604,10.291817502918548,-1.1318570370111327,0.3709927952300577,0.3458417451147802,0.8097560975609757,1,5
-0.60486814123475718,-0.74619237663716653,-0.27808536237599157,0.77511000607649982,-0.63175849845642218,0.0092562469810664235,-0.18258973191090908,-0.2099479380147932,0.96051176626006973,2.9709966782146835,7.180137775049606,-0.76042349254233488,,0.1000126762289844,0.26,1,7
-0.80950316120618382,0.58072391397799217,-0.086396572450985143,-0.57502968199538129,-0.81391244897420223,-0.082990302018421905,-0.11851369887691197,-0.017500318251387759,0.99279818797156083,-5.2526623087679694,16.971864107616696,-3.2529420317890918,0.5218376096037594,0.2985449228829318,0.2727272727272727,1,5
0.64316207659492719,-0.66716892102421521,-0.37580337152490373,0.7613107886974555,0.60979464594055266,0.22035510612439455,0.082148805487106,-0.42782720881404868,0.90011968823897037,-5.2297540351695053,15.035721201644758,-3.1084948369473371,,0.5841338951399551,0.144578313253012,0,4
0.89607360222436083,-0.30940016041115892,-0.31831374480880681,0.40540410390046616,0.86249866044213241,0.30289201586734887,0.18083034020129771,-0.40045923821666979,0.89829437635421439,-6.2818515502320444,17.36544181309478,-3.4901880167162922,,0.4730315311263968,0.6129032258064516,0,2
-0.8982105871892333,-0.35654546161942208,-0.25708573445402688,0.37815884622148394,-0.92494231016216055,-0.038439691678291588,-0.22408397552169856,-0.13174618275486893,0.96562379591842706,9.1689107282108058,2.7525839886332921,1.0480103572663917,0.7025839597008351,0.2817576350518534,0.2916666666666667,1,5
-0.50343439038855253,-0.82650677682468332,-0.25187370334550457,0.84280100592340668,-0.53396230500858999,0.067607109422060441,-0.19036879730827636,-0.17824366662741792,0.9653957304228219,1.3949282892312318,16.081927856364555,-1.6113278401388513,0.6186506718556343,0.6756533103411175,0.703125,1,4
-0.86729431019809333,-0.4203839882605655,-0.26660435463839421,0.4339743078244207,-0.90088273853908907,0.008751659878365587,-0.24385831879665029,-0.10810917544987815,0.96376632361647674,-9.8330845748300106,20.459929179081342,-4.5382393820952691,,0.4685430194853736,0.6333333333333333,0,3
-0.32684411378480965,0.93220806762046349,-0.155438231936498,-0.94501277198830425,-0.32043453220249918,0.065364909172639041,0.011125918533057614,0.16825525024642668,0.98568067075565047,-4.0515682131580988,19.703487165427266,-3.1369611973990392,0.2907595253055318,0.3191811153307651,0.5512820512820513,1,4
-0.97473083625141999,-0.017949053373433332,-0.22266034299714094,0.008468507606873163,-0.99901925283833859,0.043460520443723998,-0.2232220446988136,0.040476708627612733,0.97392687344541218,9.6580212683908115,15.940802150651368,0.34395908465437253,0.5974113471578784,0.5836975192325982,0.863013698630137,1,5
-0.68743226245546696,0.70244047557007416,-0.18442956058139359,-0.72196016887368752,-0.68852688508371207,0.068587484840874249,-0.078806085394685768,0.18030004658293511,0.98044963874079583,9.3193473975387118,-2.715666723611498,1.6390202131389897,,0.0840902513478059,0.3809523809523809,0,5
-0.42905090102297699,-0.8537276233737775,-0.29506688973846795,0.89058164023741515,-0.45439485014337427,0.019739864113406929,-0.15092934242024289,-0.25431174815910895,0.95527266701442448,-10.541271068036083,22.115140799638734,-4.8459801742503181,,0.5356993965260014,0.8513513513513513,0,3
0.97527067133098022,0.072927948051720398,-0.20863516490415673,-0.035693462435762484,0.98357148116655457,0.17695513040083605,0.21811257272556736,-0.16513223740019883,0.96185146971361368,-5.6238324301746623,-8.6280217349498773,-1.1616000424765491,0.8728546776802063,0.7283961077660335,0.7447916666666666,1,4
0.04551871139633136,-0.94949856664392229,-0.3104521200667742,0.99813576188190056,0.030580474161266986,0.052818892950442967,-0.040657690112151791,-0.31227761133518578,0.9491204590006137,-1.9976412056455126,8.9895238062460532,-1.9807049723070467,0.5629299085783949,0.550855263603015,0.7076023391812866,1,3
0.97638464062310348,0.047777404755740736,-0.21069018285173857,0.0084428368065214612,0.96605599056528868,0.25819477453964323,0.21587438954621591,-0.25387623498020606,0.9428388543384939,-14.210930067647258,-5.9069705000041592,-3.567348422446027,,0.4306915951699793,0.1842105263157895,0,1
0.35351143625338743,-0.87901122766736983,-0.31995144330471642,0.93539490683935633,0.32920616448243339,0.12907234221845365,-0.0081260505203813466,-0.34490949958136696,0.93860076944432125,33.202915912640449,6.3078310706820755,6.4859813277081804,0.8528721977172765,0.6132529258172955,0.5,1,4
0.78900679374675675,-0.51947115381306364,-0.3280518248350221,0.60196290403031893,0.7604557053505544,0.24361400282244952,0.12291843471525649,-0.38968813242888944,0.91270708217436158,7.7649064679601469,2.6674948821137843,0.73509262648092699,,0.1270613044560377,0.125,0,1
0.32700018731602742,0.94466113757710557,-0.026195660839366825,-0.93190339389065913,0.32693923325778684,0.15705668470931364,0.15692973571109273,-0.026945740077765259,0.98724211070097079,1.9084500077214619,6.7958846060989186,-0.97149985423036045,,0.3110672127121724,0.2702702702702703,0,2
0.52513420260930166,0.82959452671519862,-0.18975508028529436,-0.82991412041736046,0.54856799487091157,0.10156627262623245,0.18835238777825894,0.10414449696212023,0.97656402850542035,2.56229175171624,-2.9226387707534287,0.067012968644352341,,0.08697693208157498,0.2040816326530612,0,1
0.83750179234048394,-0.41542390637662235,-0.35498412054240608,0.51904320803235748,0.80789052385299909,0.27911834347460368,0.17083587451690885,-0.41801420966196279,0.89223271880083455,5.1546038928823688,-11.212653669778405,1.6070874795268997,,0.4829376193882051,0.1111111111111111,0,2
0.86660706087328276,0.47945656750339377,-0.13825195088111572,-0.44252846827350434,0.86648094493840144,0.23103966504944837,0.23056616580078895,-0.13904018101440627,0.96307168541672161,-15.70073645638074,-1.09264106668959,-4.4312269125157835,,0.2386536781583111,0.1904761904761905,0,1
-0.71777461269124077,0.68523697100302661,-0.12349048119809029,-0.68820556852531634,-0.72513263979947173,-0.023574353611392321,-0.10570099728330305,0.068065764287533151,0.99206569888554708,-4.5737440101953899,5.854156849416233,-2.5040922113017334,0.2286528798802703,0.1151848808964383,0.2121212121212121,1,3
-0.5774842221962122,0.80136513137229459,-0.15596762271413836,-0.81436713659117588,-0.57891471222755786,0.040791209920417154,-0.057603298123661842,0.15057118644398035,0.98691953970834301,15.154936432832205,6.0708395692509152,2.2194015101068305,,0.5406506864881477,0.16,0,1
-0.021553062973906006,-0.95870413471507765,-0.28358746015410574,0.99539278592946523,-0.047084505106514289,0.083523955237115921,-0.093427336449349516,-0.28048071495040139,0.95530199483979483,20.000383769954279,1.6306020199979296,3.7867091263787218,0.2095491662353455,0.1210942954605548,0.4814814814814815,1,4
0.86150049618049629,-0.37490156738827468,-0.34244081218595074,0.48537005156875612,0.80609152042585663,0.33857402992207403,0.14910670045608804,-0.45789220944163878,0.87641423791022055,2.730815187148373,10.748102073059995,-0.90471815806936251,,0.2327305097689336,0.2708333333333333,0,2
-0.4040987509804293,0.90178330959348707,-0.15326794183609915,-0.91471139844709504,-0.39887742621702982,0.064806299118504912,-0.0026938832595738392,0.16638407794345828,0.98605734194309869,-3.5582342973347258,7.6734140942039097,-2.3600768555684883,0.2363184679697544,0.195178628866606,0.3323170731707317,1,4
0.49047889254524818,-0.76844367345069653,-0.41100459450131038,0.86805716685984402,0.47241268911769818,0.15265322212074725,0.076858382957541008,-0.43164866719843437,0.89876149064975397,4.3734210023179543,15.75863584289705,-0.90067723760068119,,0.3777356238646055,0.1052631578947368,0,4
0.47042354774176504,-0.82491478580317923,-0.31339636547564714,0.88178719548493778,0.45309716444076154,0.13097443053721874,0.033956260230753162,-0.33796235846471945,0.94054687105540102,-2.3404739674608854,-8.5520451794406842,-0.44862769393594926,,0.3354484793664394,0.2,0,4
0.97553745342367981,-0.012874286538165275,-0.21945598582352407,0.048265577201096588,0.98646905623755654,0.15668195538487886,0.21446937083202947,-0.1634412855796154,0.9629588958740638,3.3529219885886157,5.0771663169562995,-0.46191666799803721,,0.1868438364364689,0.5086206896551724,0,2
0.71233285003948066,0.68296776599007558,-0.1616692344670338,-0.65285871948193785,0.72934447444751493,0.20452904436603281,0.25759930735744535,-0.040145587695334627,0.96541748929546589,18.366257963539038,-6.5223269645422235,4.233503782998655,,0.148702767170718,0.2307692307692308,0,2
-0.97522255976544225,0.018793735180235721,-0.22042630161238574,0.031051322621026278,-0.97489276885926646,-0.22049921675461526,-0.21903601139544207,-0.22188033879523678,0.95015385120941753,21.141924742238491,1.7292307764298642,4.0255704449941945,,0.3828016412308672,0.3125,0,1
-0.30735099205317018,0.94433035826370659,-0.11736925553769795,-0.95154457795793479,-0.3062726384130261,0.027567863870479707,-0.0099138207967282444,0.12015508903523438,0.99270563146188873,8.0366815655335877,27.661673355451384,-0.76099957859550227,,0.5031237814900029,0.36,0,3
-0.95826574522733809,-0.065342918194539551,-0.27831109314167796,0.12410428458649117,-0.97209378554525905,-0.19907736850672583,-0.25753618788661381,-0.22530862199682739,0.93963351195171918,-12.900082437033536,16.636279574686654,-5.0083951578360146,,0.3947824244775879,0.375,0,2
0.52590887539090658,0.85030596480229115,-0.019990522922547268,-0.84417760386728791,0.52469972069422222,0.10979242338290017,0.10384617428657053,-0.040865258166933226,0.9937534919490818,14.694757914826395,9.1335405708544464,1.9988630904913232,,0.3793772277971427,0.5714285714285714,0,2
-0.51345514126334812,-0.79882103652174596,-0.31344659755779497,0.83309121272986797,-0.55160711731213674,0.041092814491980947,-0.20572517877623278,-0.24003028921558567,0.9487162964114032,-4.5743466143902216,8.0263509609552504,-2.6168645502869401,0.6750527481906339,0.5574119274699729,0.1792452830188679,1,4
-0.86271786270907813,0.49768757965362281,-0.089582154591194132,-0.48306116084307005,-0.86348063216386362,-0.14509690817808998,-0.14956538452338278,-0.081904034921451499,0.98535370543574852,6.7513413151040975,10.822745610800874,0.049659166509460569,,0.1639145587042489,0.282051282051282,0,1
0.84635960727034942,-0.38583510759283557,-0.3671602986843821,0.51295887934701434,0.77603147535286165,0.36694459712702648,0.14334784016592247,-0.49890522046826258,0.85471923911263359,-3.5616807871773095,-5.5833504827243301,-1.0400137073925739,,0.5378407057660306,0.2071428571428572,0,1
-0.092988416147950073,-0.95736667670561737,-0.27349991004740076,0.98997207239513596,-0.11823797815703174,0.077298618351272622,-0.10634119775502848,-0.26356939665859908,0.95876103529766321,4.339586593165385,10.102835401841045,-0.48917899052320868,,0.07860549334804703,0.5,0,1
0.69959472665616662,0.7143504546550109,-0.016451333352130091,-0.68167202991208931,0.67413997634366196,0.28435635377268875,0.21422059207838789,-0.18771979178964146,0.95857749697144412,-6.3019301599619997,-11.929845176713183,-0.97196642933148825,,0.7492274558830252,0.1612903225806452,0,1
0.55889441063607626,-0.7460310603065804,-0.36204239367453972,0.82634184105484076,0.53751972502388379,0.16802293573301991,0.069254598994198099,-0.39307785776877047,0.91689344978032483,7.631806639273055,11.412368373602353,0.22787052251993534,0.3707204682287602,0.2244655661704563,0.35,1,3
-0.3810727347885618,-0.83452066918566481,-0.39794324155924077,0.91403396550799976,-0.40477529834280673,-0.026436106922386841,-0.13901611668611119,-0.37380771869157764,0.91702906646851257,15.281660857730929,11.865073854386235,1.9885719409503686,,0.4579245633896922,0.48,0,3
0.091862384062915498,-0.87998409548412559,-0.46603572190258435,0.99360539710917561,0.050149548920212839,0.10115996035298123,-0.065647674976307843,-0.47234840365781361,0.87896380376675398,-11.494030123149836,20.484072175332702,-4.9621097901974958,,0.2287050939895887,0.5,0,1
0.17986030513235787,-0.9556219219968668,-0.23331740791614655,0.98245782576262353,0.16263034718212557,0.091257825818937474,-0.049263487853311728,-0.24563817369137814,0.96810897960409981,3.4557740457138033,11.701409326904404,-0.83178848669163841,,0.07676359171407475,0.2777777777777778,0,3
