axis_00,axis_01,axis_02,axis_10,axis_11,axis_12,axis_20,axis_21,axis_22,location_x,location_y,location_z,dbh,dbh_approximation,score,reconstructed,number_clusters
-0.89369774589714579,-0.38969921527061463,-0.22234851156647492,0.420093022543374,-0.90083081288160882,-0.10966174799550991,-0.15756329327838939,-0.19141151527670902,0.96878038813280132,-10.063914647491238,24.156695475518916,-4.9738670162307672,,0.6270809681726001,0.4375,0,1
0.87840248610069582,0.4773454863582699,-0.023459732852362015,-0.46355357286134308,0.86291320938542582,0.2012433307109279,0.11630630894152243,-0.16589779902557847,0.97926031410389958,12.688563930093814,-6.5126856036387801,1.0745420925392792,0.767092235269806,0.8521062709801178,0.4235294117647059,1,3
0.34907733842237065,-0.90626467737031724,-0.23838906508233337,0.9370326912892325,0.33466308574635351,0.09985166244979056,-0.010712014526307271,-0.25823429979304463,0.96602292889723096,7.5231867115622082,15.288606324877012,-2.2658958183363094,,0.1353222802270351,0.2222222222222222,0,4
-0.97600794712792371,0.17541025952110073,-0.1289950696649898,-0.18128729492611378,-0.98279884835201592,0.035232660647791215,-0.12059603576199218,0.057772524029077087,0.99101913787060714,11.278826805773157,-14.671243275298128,1.8261979617602153,0.2096220237488496,0.1701128541596243,0.4,1,4
-0.94844194921609981,0.28988842139439835,-0.12815058372332719,-0.29468586414254733,-0.95538922898652523,0.019790467682524782,-0.11669665994245873,0.056534275249592522,0.9915572425635738,-2.9421027043014005,-9.190647278049946,-0.45322899173379577,,0.106098211894099,0.1964285714285714,0,5
0.91675862249627893,-0.33222578243223011,-0.22176486999977452,0.38275101570570275,0.88944137726422356,0.24979130566649643,0.11425973943160084,-0.31387906253462128,0.94256280748150112,11.05205668874707,15.243992752264672,-1.7603525383820902,,0.3333940008818989,0.125,0,4
0.85159600956732817,0.52384533450071469,-0.019243232858250421,-0.49819052997511892,0.82021807380789458,0.28115566372025386,0.16306573009713787,-0.22984424491533545,0.95946922344970809,-7.7840130469949882,-9.4717004608537625,-1.0757976111086063,,0.2374490472907836,0.7272727272727273,0,4
-0.9330253647731388,-0.32755348267975243,-0.14890394445520358,0.32446090160185237,-0.94481333745589879,0.045308726501195926,-0.15552746388231972,-0.0060393169988228147,0.98781310713541493,-15.080955934868753,15.502372270386795,-4.667079534260437,,0.09275688391841544,0.3571428571428572,0,1
-0.54243189922059698,0.83226495011130153,-0.11446697132434788,-0.84004230649667733,-0.53893010425194743,0.062315856944496095,-0.0098263932181814808,0.12995920724295623,0.99147064830437825,-0.44618952464577905,8.579007696278163,-2.3242141092604527,0.5834915620554352,0.5144357087040267,0.9868049010367578,1,5
-0.85742445965778824,0.51274970852093438,0.043715356480841794,-0.51420115473877404,-0.85026178247238449,-0.11248143727831221,-0.02050532725565413,-0.11892282236215423,0.9926917416174863,9.5115543263210025,15.474545735071784,-2.0353459610247246,0.9769986725217717,0.3733281858503096,0.2,1,2
-0.76554863220632519,0.64145608837700896,0.049692840642212063,-0.64090892631437835,-0.75357230508188633,-0.14616610135090582,-0.056311987157050894,-0.14374584410562868,0.9880111803035353,3.2728419495576659,-8.8375790177586335,0.13166355056114434,,0.733863554099402,0.2105263157894737,0,1
0.79950683505868858,0.6006566295480954,0.00065884319913173171,-0.57944636086015189,0.77098496696179153,0.26424249394230914,0.15821104759265489,-0.21164544431394464,0.96445604893161796,-5.4226380349811292,17.65927663810627,-3.7627664936669185,,0.2784424338621885,0.1666666666666667,0,2
-0.79443282137801685,0.59780664328931543,-0.1072553474495599,-0.60396118334372106,-0.79621619609622651,0.035646291365412683,-0.06408885497039743,0.093096650386665758,0.99359228678334999,0.76702578305246416,-10.663440486662916,0.13732609839422036,,0.08754315684659146,0.21875,1,5
-0.7863632386642545,0.61644175031582193,-0.040403283839710237,-0.61471838702379855,-0.78729733935081836,-0.047793347926073773,-0.06127121291704176,-0.012746290389343507,0.99803976401192862,-0.011855572090077751,9.5834268164441365,-2.3852250615241823,,0.09823538754644701,0.25,0,1
-0.26915378650269162,0.95850082511062962,-0.093980888873771484,-0.96257631944740629,-0.26451540915307875,0.058978195629080542,0.031671255900994143,0.10633798278517427,0.99382552038415273,-13.580163942808596,14.392089291370477,-4.3886245974453102,0.3767359685151304,0.3491071698311242,0.8163265306122449,1,5
-0.74047794823398239,0.67201744310486311,0.0092176104274653437,-0.6698805768463979,-0.73687572081697961,-0.090962546327552407,-0.054336184473400849,-0.073530457861060466,0.99581165429192176,-5.7459535754079596,-9.2604989989778073,-0.80786366820320532,,0.4140900418584254,0.1875,0,2
0.61051687268280974,0.78951181401719983,0.062771360482881719,-0.7781404277147238,0.58317981481838765,0.23323545687638667,0.1475351582693013,-0.19123911502530272,0.97039217739983397,-5.8652334189762287,-10.748348659913807,-0.69875018345918616,,0.128060992253842,0.4285714285714285,0,5
-0.60066302776560065,-0.77682628078232796,-0.18906310206213511,0.78685296319698828,-0.61629155120446233,0.032359515171213049,-0.1416557142637736,-0.12932769772903796,0.98143161005570156,-8.1314840959359422,-10.475384348881997,-1.0072761089130504,,0.2376295121437279,0.1666666666666667,0,5
0.93804351261010599,0.33257914221924517,-0.097290711842429239,-0.30859060250170495,0.92948877674712937,0.20204567292758499,0.1576268013306433,-0.15950463335538931,0.97453171494848445,-13.315863596548082,6.5327834385390116,-3.4558282383358971,,0.2264981277760363,0.7,0,6
-0.60836813474799001,0.79359239468575926,0.0099661286452398801,-0.79284537923343068,-0.60713258937250347,-0.052784690489154906,-0.035838767437631133,-0.040014122741361603,0.99855618406266478,10.414229433960836,-12.53133398983632,1.4223062123086783,,0.2576953446212712,0.2666666666666667,0,6
-0.33465814711840586,-0.8591135069052328,-0.38720525154014646,0.93287359314447438,-0.3601313160337194,-0.0072314884732490037,-0.13323206738992249,-0.36363363082203198,0.92196518304879238,-4.0022531215357695,14.03454833968445,-3.2812648989058766,0.409626069370095,0.3809807737065704,0.2026143790849673,1,5
0.33027357298402399,0.94182663145741952,-0.062305403184125578,-0.93636215232764142,0.33524409585502962,0.10410242976362366,0.11893395930815155,0.023958139992778946,0.99261307711080105,-14.430731135727523,26.781926839350305,-5.5845726547370447,,0.2091943524730973,0.4210526315789473,0,2
0.93629405604472848,0.34990805833568012,-0.03029507100282364,-0.32637828338024205,0.89869638661501861,0.29295395683089204,0.12973302105893508,-0.26440339520676387,0.9556464763970296,-14.255421626491374,-5.0436694508830922,-2.2739882643620408,,0.2907337377734053,0.3684210526315789,0,3
0.81803414300431376,-0.54874070797410457,-0.172347835180127,0.5702039780944258,0.81299723416828573,0.11791064667793176,0.075415941580602122,-0.19472835604193728,0.97795363034691751,10.708073329682328,-0.60367543737255058,0.18399352171465508,,0.09709403477332271,0.2222222222222222,0,5
0.33344158213859143,0.94159355312606607,0.047098747460457981,-0.93437324831098145,0.32340581947663233,0.14951691800406097,0.12555215705713008,-0.093862967351766718,0.9876367749421967,-2.5729371397961671,-5.6692594937725618,-0.92838839826459019,,0.07484397732071925,0.3414634146341464,0,5
-0.40853388079097247,-0.88371714233289766,-0.22835078408634069,0.90638190920990114,-0.42227092123734089,0.012613632878099006,-0.10757277956287803,-0.20181992325919287,0.97349720886747892,-14.631313570644952,11.398958577590362,-4.0821957680127765,,0.1683818271134756,0.2727272727272727,0,5
0.87896104441782852,-0.44414915504106811,-0.17366349781179061,0.46914513583223749,0.87068668121154513,0.1476737779220679,0.085617310871527658,-0.21127288334552122,0.97367009034990792,-8.1397538128823221,20.00480688289904,-4.293433954021924,,0.09856601606772469,0.2272727272727273,0,1
0.59699475525024914,0.79886998222939809,-0.07351199695625632,-0.78742442167796756,0.60103262933371193,0.13683040093971496,0.15349280878534208,-0.023801890030125925,0.98786306119936496,8.1217205563726207,-8.7078911129718914,0.74974738417689368,0.2784838347209724,0.2896324444054998,0.3448275862068966,1,3
-0.59425528908685121,-0.72437420855219603,-0.34948913770914741,0.79109892651795111,-0.60478661285319446,-0.091627732568835316,-0.1449935855631164,-0.33093074637745679,0.93244930223986522,-17.46172117461899,11.617310191231196,-4.4448748702283858,,0.3922642018010175,0.125,0,1
-0.57900482220965721,-0.75269626702538761,-0.31337157730721182,0.80618361897827351,-0.58592788352322744,-0.082197857642914984,-0.12174312444264378,-0.30022798822900854,0.94606647056901094,7.8764741447935647,19.550757775448862,-2.5516353954478337,,0.2506378823610979,0.25,0,2
-0.16029764380847442,-0.93771044480657495,-0.30822684355861502,0.98142293206184983,-0.18476165465564906,0.051692933675968403,-0.10542150545582675,-0.29421463707565965,0.949907392074546,8.1074295292747713,17.04847957236635,-2.3326490183509807,1.02724062871697,0.3660635218981034,0.4,1,3
-0.16469141338123416,-0.96326722553161326,-0.21211551233966769,0.98109890950221024,-0.18213339377367804,0.065363266794554065,-0.1015956107913389,-0.19734152905334079,0.97505623057279311,-5.5920596671449951,13.9933994862951,-3.4214989202281281,,0.09541113115753255,0.375,0,5
-0.37387086641976003,0.92747056962512076,-0.0043494507460480969,-0.92729820175589173,-0.37370012057593732,0.021593167943112068,0.018401637503971766,0.012106294263074933,0.99975737925578156,-3.7275872473017468,19.071919939603109,-3.8797266782037023,0.2993102025566043,0.2201770216732792,0.5666666666666667,1,5
0.98994435896326449,0.0087640461980134886,-0.14118554335005506,0.043761104217758855,0.93014469719724202,0.36457620332859464,0.13451814715663327,-0.36708859117396914,0.92040797167096311,18.207448136320497,-2.4730440704125782,1.4446758127346284,,0.3619944588910987,0.1875,0,1
0.86914982830123666,-0.46811935991531334,-0.15950812153745728,0.48756783904781026,0.86508929183541206,0.11789028576584795,0.082802042789893698,-0.18023535176036401,0.9801321541943403,-14.518308131504229,9.7177156287574284,-3.8939968746654059,,0.07039748324013957,0.1379310344827586,0,1
-0.43682010224224727,-0.8482033210699057,-0.29956522562382742,0.88592174000037527,-0.4633929615488821,0.020239411593790144,-0.15598355320923804,-0.25655036408654402,0.95386112291846858,-16.118670551737246,10.528063641081387,-4.1876534503700649,0.4461199229246471,0.1847429174776386,0.2173913043478261,1,5
-0.98667591091518991,-0.010219858882609864,-0.16237672648535315,0.017404521723666591,-0.99892835541682889,-0.042886167557840013,-0.16176442576552505,-0.045140837704325476,0.98579641677584773,-1.689292437548813,-3.8189467060465057,-0.98048628074446398,,0.1887172612309483,0.5387931034482759,1,5
-0.8508663210411721,-0.4665531694022188,-0.24156705867855457,0.50107526607384756,-0.85887040921874969,-0.10613763657366114,-0.15795594780471725,-0.21135221855746922,0.96456215883889584,19.382395176911658,-4.2462514836875886,1.7969973610375001,,0.167992149421137,0.5555555555555556,0,5
-0.11710541592661815,-0.90534664028617395,-0.40820801374200233,0.98846607440331058,-0.14599924191631408,0.040237309969356316,-0.096026773945406776,-0.3987877659638,0.91200174144748158,-2.1360036248592307,-7.0285974359377885,-0.69317141957504491,,0.2908134761147831,0.1578947368421053,0,2
-0.10606098495750164,0.98902324675023245,0.10287898161176855,-0.99237285981291312,-0.11181808213422645,0.051892423479393109,0.062826543567077633,-0.096590547650654515,0.99333936372619491,-5.2283483690700345,11.003037147919381,-3.0984014600153844,0.6100168303010318,0.2504076931121506,0.1724137931034483,1,2
0.5354728962197931,0.84012230530504772,-0.086390332462143032,-0.83086700176226624,0.54237274000720559,0.12446620537181231,0.15142259671716443,0.0051305970421343132,0.98845580284473145,-15.927990476978746,-3.5253946535716754,-2.6459752122009745,0.4399365547088547,0.3955433856668083,0.6829268292682927,1,2
0.26907329162398524,-0.94606457452280135,-0.18044773361731381,0.96242991107902298,0.25702949012225518,0.087547172815101312,-0.036444889834618278,-0.19722490218145577,0.97968061528462325,4.1057388740908625,13.442001803888717,-2.3790029121501277,,0.0793619118129274,0.2941176470588235,1,5
0.93362428535175723,-0.31413673600303854,-0.17223183473091805,0.34348873686014358,0.92150960034302354,0.18120580599380323,0.10178988874954085,-0.22833783648138176,0.9682461727160907,4.707880335861315,15.208553406699137,-2.6589543594222413,0.2588495005928343,0.1084025540548436,0.4705882352941176,1,5
0.1133096808404274,-0.97930706837937009,-0.16768596259092466,0.99154521861832834,0.10071582575145124,0.081819324602046273,-0.063237612723538034,-0.17553913599368043,0.98243931928217354,4.4290025679329146,-0.41492291489166588,-0.65739596693168667,0.4024403418696618,0.2701518787894379,0.8805620608899297,1,5
-0.97140888445446205,-0.16041866454415718,-0.17501608859989756,0.1841474788387748,-0.97440173075256031,-0.12896113036003401,-0.14984820733082205,-0.15750275925292187,0.97608319091533136,-12.821749252270696,29.930826421593714,-5.6519561765886746,,0.2803800820831981,0.5833333333333334,0,1
0.99046901434243328,0.042288644448593843,-0.13108318800757529,0.0048334354966941828,0.94044295796424415,0.33991716743460065,0.13765089730484217,-0.33731100392095642,0.93127521018494241,4.3106441101800268,1.7137101142394744,-0.90295620098106033,,0.29006207179899,0.4307692307692308,0,1
0.78122086181879069,0.62266115133472777,-0.044576402699391046,-0.5909799621121109,0.76069350407151459,0.26849222939476136,0.20108866064767261,-0.18340797006104351,0.96224989845518472,6.841464741798851,6.8034641579794259,-1.4155358688175714,,0.3103697012957432,0.4242424242424243,0,3
0.88567177058247826,-0.44081617154320696,-0.14583078447052322,0.45776372860838499,0.88155741613251026,0.11536416615362151,0.07770381949329766,-0.16893082894416164,0.98256017193268697,-3.9433717917707432,-2.7208370443223187,-1.3449081958078395,,0.0862607521420392,0.3470149253731343,0,5
0.75202110717409543,-0.62951888155267677,-0.19537203518752447,0.65794221769756034,0.73477660845343573,0.16497082724191825,0.039702550747582319,-0.25260505426125934,0.96675456762603529,-24.351734447219489,11.389499283116175,-5.2191359319442281,0.6832159507921013,0.4351395761661411,0.8064516129032258,1,5
0.96485492320794308,-0.18032134831571073,-0.19115226523114659,0.23583103553494086,0.91507114358289965,0.32715214329177389,0.11592540636077982,-0.36073399274740947,0.92543626827383418,1.1854482433438331,-9.2506522732573604,-0.034658759072078403,,0.3919477048183186,0.4782608695652174,0,1
0.96478198943772475,-0.21305916001331909,-0.15427737096218666,0.23614638452819128,0.95989322878342098,0.15112866839220701,0.11589045659953591,-0.18223826071974267,0.97640084924122905,-16.859050888043669,-2.2573456258381821,-2.8423678412426301,,0.06962055697493115,0.3333333333333333,0,1
0.45560206342088122,0.88300855370357179,-0.11279474231080877,-0.8801247479568074,0.4658176570968901,0.091620621973055455,0.13344357549391778,0.057530899724325096,0.98938516652328501,-13.370706589142532,11.258603344698631,-3.9325784428462942,,0.0752293368928694,0.1162790697674419,0,3
0.94695044892708169,0.29247347062445073,-0.13320704282314641,-0.28199263898494714,0.95498180488295614,0.09214067451889546,0.1541590050405888,-0.049689247563032252,0.98679581466558508,-5.0193724929285999,-6.300798104028007,-1.0258225191892112,,0.0715317238307504,0.2195121951219512,0,2
-0.31094216437713224,-0.88054718010495603,-0.35770327650397143,0.94337094405804189,-0.33172171997002509,-0.0034586713010468866,-0.11561242285976395,-0.33852232438842261,0.93382889416164261,10.188473105349184,13.13979155456048,-1.7323924941763791,,0.2813246731599807,0.1794871794871795,0,4
0.56958714960020018,-0.78892844350152047,-0.23056970756061296,0.82179794874383771,0.55167462306290915,0.14248944420137374,0.014785481079039835,-0.27064186908655569,0.962566552632386,-18.973628230273995,-1.2153647486138708,-3.2172208075692978,,0.3079902984115519,0.1666666666666667,0,1
-0.95468030639143919,0.2768382972861429,-0.10929807749478643,-0.27601988135437489,-0.96088022288587549,-0.022852185101344506,-0.1113487210769121,0.0083519113081067728,0.99374629956143068,-12.695119934733265,2.534965651859475,-2.9338209534411188,,0.08323076036742741,0.4285714285714285,0,1
-0.89356634287422132,0.44392082732650961,-0.06688415319144965,-0.43982599781273507,-0.89552644939980364,-0.067716099071143288,-0.089957114951637301,-0.031091437585420809,0.99546021516605576,-19.694952437370269,17.269201491392721,-5.3672613857804654,,0.08054276696247907,0.1111111111111111,0,1
0.63355059205564046,0.77218722835751041,-0.048379041614039157,-0.75824061940397747,0.63211338954283514,0.1596991729676126,0.15389870172233164,-0.064494551104827241,0.98597953451680065,-5.4001799144263343,15.207121377733065,-3.5177193104877786,,0.2710432887154815,0.4285714285714285,0,4
-0.98822649982262811,0.041928729414091648,-0.14714063578100339,-0.043963090998123025,-0.99897692229541502,0.010599780708665674,-0.14654566413991496,0.016943741348973994,0.9890587838702467,6.6627106757969425,13.229089287165472,-2.2192121909112945,0.2644573899070302,0.1103347815482874,0.3428571428571429,1,5
-0.0030878669161569627,0.9973079913583347,0.073261418568789566,-0.9951094930096066,-0.010297672927588318,0.098239782442954116,0.098729742226294923,-0.072599781715096692,0.9924624474985686,4.3696244535881368,-6.0432523706241454,0.027240049825222844,,0.7645576916919884,0.4007352941176471,0,3
-0.93525123391982379,-0.31158056311947235,-0.16799607774468681,0.33631949890254026,-0.9301854797371113,-0.14711957022838049,-0.11042791363324105,-0.19409411627453241,0.97474773655454916,21.200637082495604,-13.797594309103289,3.0926170875254853,,0.4490852499745298,0.4761904761904762,0,5
0.95281675335378813,0.28204296627279329,-0.11221407979567929,-0.2662177997039808,0.95405695780298916,0.1374896519323433,0.14583661285533958,-0.101129058354905,0.984126310951563,15.256086065938101,-2.6249938765022893,1.018865705622864,,0.1158261628603866,0.5454545454545454,0,5
-0.67905035138848491,-0.67197317591170058,-0.29553793518652949,0.72194020367827516,-0.68424808880009225,-0.10298978243685444,-0.13301489612876016,-0.28329596507638971,0.94976335662063283,-7.7665534769429252,-6.0262703273773628,-1.3253138280658112,,0.3232718712674127,0.2450980392156863,0,5
0.18558781052938217,0.98262169564498036,-0.0034304271881425512,-0.97755117232536903,0.18498229606442895,0.10087247210228985,0.099754047878797478,-0.015367283120804579,0.99489344984338834,9.1943468632944167,-0.52611150386405736,-0.00041256576605203874,,0.2093383488271196,0.2972972972972973,0,5
0.83587742881911042,0.53838877442193245,-0.10698809077277374,-0.524412714984546,0.84083311674482653,0.13413043706675348,0.16217345144409728,-0.05601068970857806,0.98517134260243222,0.45122474185169442,-19.873364909363524,1.0663582736927468,0.589363668444511,0.5482175220811449,0.8085106382978723,1,5
-0.97628648521461348,-0.11989104279325119,-0.1802521474081317,0.15757665988602426,-0.96449095900428827,-0.21195939766415672,-0.14843953330046619,-0.23533662667960281,0.96051151846118143,-13.703399433828237,12.43961842873966,-4.1714621771707776,0.5213129653637398,0.6206638485130196,0.4933333333333333,1,1
-0.91606781776464019,-0.36873151213639499,-0.15766047448088594,0.3699267974275251,-0.92878136625770735,0.022788993779488727,-0.15483513102957339,-0.037446570604990008,0.98723038676338393,12.577726924312644,-18.237877123264678,2.4615936424833373,,0.1840505506862253,0.5217391304347826,0,3
-0.86786828447375741,-0.45932664632228315,-0.18927142621880888,0.48740802499027941,-0.86096314759802872,-0.14551933085734697,-0.096114816649945839,-0.21854402406933787,0.97108210341038004,-9.9668238532835254,-1.6663424119796666,-2.1892677213646707,,0.4108126500116928,0.3181818181818182,0,2
-0.44669642633449963,0.87898253355672507,0.16688920996333753,-0.89464922495862276,-0.4405201807623309,-0.07446297484023387,0.0080664106590926272,-0.18256964710302503,0.98315983287345221,-17.155678848126204,-3.4027662485332284,-2.8084266308547998,,0.3385205753830822,0.5,0,1
0.31500410175365889,-0.92138055382858075,-0.22766266910696831,0.94760885369280923,0.29193246814187179,0.12966454583885031,-0.053008266160767765,-0.25658002469236268,0.9650682953281059,13.002575586733197,12.426268275155406,-1.2358491898515893,,0.129115018611471,0.1818181818181818,0,2
0.94206140603638056,-0.29760942039463939,-0.15475445114478747,0.3188907057202402,0.93770072510979452,0.13793501344405748,0.10406260164922276,-0.1792930088456656,0.97827654163690492,6.966401832377211,3.1494178306799139,-0.77042625772578388,0.1278807979776844,0.1063651674630183,0.5,1,5
0.074302473504024968,-0.93497229488668343,-0.34685148150975409,0.99476757016905071,0.045035131465608287,0.091702335160219028,-0.070118640682385033,-0.35185031579949305,0.9334263396222815,7.0437996250959696,17.035335291036361,-2.5434503785639637,0.6283894647224968,0.2508929990120159,0.2058823529411765,1,5
-0.41464779037478761,0.90614405589865421,0.083487483474129418,-0.9098901970874288,-0.41416039178107061,-0.023895587959907118,0.012924363872387802,-0.085872695539890923,0.99622228492400589,11.108630704613859,-5.7421385580291062,0.78746572721788555,,0.3066198679702847,0.203125,0,2
0.11139865781010364,-0.9581137756805741,-0.26383390966519482,0.99181289992467303,0.090510803657660746,0.090083105875932185,-0.062430045499882847,-0.27170901212944554,0.96035238436030501,-16.604463169561434,14.061395460897058,-4.6443373280616562,,0.07359991858041598,0.1666666666666667,0,1
-0.20381669589933366,0.96853229818866982,0.14284236709762341,-0.97780946032405314,-0.20860918738818482,0.019257887683352706,0.048450116341056872,-0.13574753884551616,0.98955807910598315,8.8063124365395211,11.598915681635814,-1.7714365457730672,,0.3795911162706891,0.2272727272727273,0,1
0.9679724776966484,0.22222428054931676,-0.11681460335142191,-0.19061233973656022,0.9533403450679413,0.23411348189690445,0.16338977434945437,-0.20434910227372322,0.965165905965372,19.814100760647712,-17.29804599773998,3.2662170063364737,0.3788962740065854,0.4178939021334894,0.3478260869565217,1,5
-0.96682832952336162,-0.20209883538211137,-0.15620192690315973,0.21029890715462737,-0.97690950662456078,-0.037711875001466694,-0.14497362132689931,-0.06931000363404341,0.98700495060339655,5.8087920742800421,11.753358824040612,-2.0696922146908401,0.1446620686739015,0.1824125773564154,0.2962962962962963,1,5
-0.63622981555871605,0.76531820206521095,-0.097466257657691124,-0.77108328671485271,-0.63494133700848332,0.047750010543453104,-0.025341403732677341,0.10553458269947705,0.99409268436665654,14.002676691708903,4.1278809654857316,-0.19000240376545668,0.3311539480717334,0.2913540588845288,0.25,1,5
-0.85671958288157102,-0.49197998099191109,-0.15487819281753487,0.49085581236513315,-0.86991086324436651,0.048121320397567009,-0.15840494870612992,-0.034796383614380824,0.98676090514002857,8.8676270904137695,-1.6301950050887699,0.057189632550561795,,0.07242862541171624,0.2580645161290323,0,2
0.97161638898725777,-0.15572670850438977,-0.17807522261603273,0.20443158766495056,0.93151436942091215,0.30081340649503463,0.11903494703719755,-0.32867943626084695,0.93691008616787896,2.8139219938901214,16.387873052682782,-2.9643973515674267,,0.2041546425106316,0.3333333333333333,0,5
-0.98651997835621275,-0.079616258865951139,-0.14296707183211152,0.07792739675922282,-0.99680748578014922,0.017382667430189964,-0.14389459037221977,0.0060072969668389289,0.98957478709027558,-13.947072784427304,10.206723514776451,-3.8884498490963879,,0.227080394795282,0.9139072847682119,0,5
-0.42135741526505371,-0.87804870992845929,-0.22691053654275475,0.89838594602489141,-0.43832123806308071,0.027878024460283125,-0.12393797071968386,-0.1921066247056977,0.97351652485105267,8.3497484459975659,14.223726283081509,-2.0837414400977785,0.2099347854563594,0.1840973672679168,0.6222222222222222,1,5
0.60850002007400339,0.78901127993884601,-0.084787532687308834,-0.7796762125103488,0.61433074776040808,0.12125483908551841,0.14775902414219819,-0.0076767496638696564,0.98899359871494796,-10.668642753921901,-3.4062684814740152,-1.9744412277216938,0.7394052504781878,0.642761266748885,0.8100436681222707,1,3
0.66270310100273644,-0.68824687109877192,-0.29519628104721801,0.74813023765685116,0.62609445054748902,0.21978827652343377,0.033552159764475196,-0.3664996363114002,0.92981302914013353,4.2932780094346326,8.0832261013417259,-1.7957084999979118,,0.2391218494213956,0.2380952380952381,0,1
0.055986968589129243,0.9912463411022161,0.11956651119636021,-0.99472205709871253,0.045064250221771532,0.092180488571362962,0.085985396838681116,-0.12409635209553517,0.98853761027442721,-14.768328010188817,-1.7511158457370244,-2.6639176755597305,,0.2863715212715465,0.1538461538461539,0,1
-0.71982787951371019,-0.67019908548653095,-0.18077889724139376,0.67997985964463681,-0.73315608701284685,0.010466257863814027,-0.1395536253647921,-0.11539210496836216,0.98346807155012128,0.25951899752525009,16.441614786198045,-3.1123130858704862,0.2175695799852514,0.2436726446313255,0.6730769230769231,1,3
0.81580627596779032,-0.48771452827342776,-0.31079681305089518,0.57424758829392386,0.74684157941863394,0.3353615401176645,0.068555287397671513,-0.45206436949012879,0.88934693928034314,-16.063571227930868,-5.6817067603564295,-2.4733982360663331,,0.3616350761129589,0.2631578947368421,0,1
0.71040267077678654,0.7036611413013828,0.013749311824419687,-0.68848897426209155,0.69076767367684699,0.22095916664083184,0.14598279923587817,-0.16643623170906424,0.97518613766898099,10.764777541131188,11.487263185311859,-1.6126134678726078,,0.4471213465490839,0.3170731707317073,0,3
-0.28537268549359635,0.95491128056299956,-0.081895522635287168,-0.95750062972671446,-0.28032224108634918,0.067911598606370679,0.041892415150228256,0.097795129765549008,0.99432446321460954,1.4428275106937538,-14.23201835589154,0.58098858493743399,,0.1587284913386859,0.5666666666666667,1,5
0.35102037340885867,0.93456108659569215,-0.058140114146639096,-0.92881900661284544,0.3553870235200704,0.10485855457839963,0.11865896681933409,0.017194154082815778,0.99278618577151034,12.010372765237419,1.8244505525729788,0.13170397268021652,0.3413575001514204,0.3733364473758272,0.7647058823529411,1,5
0.81035646549713192,-0.55021333569153086,-0.20146385297168137,0.58489783994675881,0.78007058800062368,0.22222599884346877,0.034884318147443465,-0.29791804739485089,0.95395383608633166,-19.997768847494342,14.540141956391619,-5.0116324220085078,,0.195200946754808,0.4,0,3
-0.99010867486975818,0.028383274784961828,-0.13740160719632816,-0.0331906656721375,-0.99890989739183333,0.032823720155984504,-0.13632018067730511,0.037059500875205265,0.98997141460498161,-2.9929487473842826,-8.1826177543769667,-0.54559029047376617,,0.07724714840198486,0.2368421052631579,0,5
0.95691098650194462,-0.24476876052654487,-0.1562357762555554,0.26262223646956195,0.95906081876141913,0.10598069082810931,0.12389884916173546,-0.1424450763872756,0.98201755350371533,1.4757702981880092,2.1064962572324371,-1.270571535042788,0.852203878241494,0.4672941248347319,0.3490566037735849,1,4
-0.88831983364537814,-0.38951518059452606,-0.24324020481545053,0.42498098626292602,-0.89799053120205818,-0.11403581536708686,-0.17400871951496899,-0.20467273867777183,0.96323934490598018,-11.629222287978733,-0.55202079564618411,-2.5067701708699306,,0.5164218420342145,0.2517482517482518,0,2
0.95096433255630264,0.29405430539731542,-0.095910915348826883,-0.26440424206446761,0.93375640148376826,0.24122474886793671,0.16049060715213778,-0.20403687942474308,0.96571823885155672,19.130891341907105,-1.385952434856732,1.4165816829514026,,0.3719480203104356,0.2666666666666667,0,8
0.45930383720103246,0.88826053945655514,-0.0057618726779718587,-0.87826675534496934,0.45508829558692193,0.14677244181252039,0.13299432915815232,-0.062352684498262603,0.98915350231783183,-2.0098868161926431,-10.19629146574519,-0.23741268018146636,,0.0797350827866206,0.2291666666666667,0,4
0.84715434234285436,-0.47114010813346607,-0.24567563728956449,0.52591598539400597,0.80942348992344337,0.26123933522194986,0.075775303078901055,-0.35051478209647685,0.93348673851060249,-15.913840817883766,12.055153705236149,-4.3088719636525887,,0.5296600067312505,0.5648854961832062,0,2
0.90785202006268784,0.40568968190416177,-0.10592729423805985,-0.38864574780994948,0.90901065550422977,0.15051282632724319,0.15735053980632388,-0.095475180943896953,0.98291672966044696,-0.97382044890004493,10.459359082855455,-2.607570950062013,0.09531861582857021,0.09659757520493456,0.1531531531531531,1,5
0.35681345234632389,-0.90757791524408471,-0.22132891357863257,0.93324981625314296,0.33576514316394307,0.12769709902566448,-0.041580532562380479,-0.25211921068672455,0.96680244254683756,5.7561576054766732,19.578397727909053,-2.9431951960260028,,0.4304532907195479,0.5,0,2
0.077941804689453498,0.99163703013492321,-0.10286435508445334,-0.99316999098890879,0.08621696681340843,0.078612999132367828,0.086824213678219506,0.096034551587879297,0.99158404627165786,7.0386959727086262,0.91710651666014087,-0.4925317608667647,,0.06696975274917427,0.2682926829268293,0,2
-0.58767747388689617,-0.79484041264716399,-0.15120815159508907,0.79692830934017633,-0.60093010178786677,0.06154902547914521,-0.1397871827390666,-0.084331080795343169,0.9865839104474412,-9.6002007097202284,11.143355813461234,-3.5534690800146072,,0.0880425309925181,0.3466666666666667,0,4
-0.48092458167253993,0.87110609109302595,-0.099426982272024039,-0.87675859323076988,-0.47813495758228564,0.05178157523470045,-0.0024322703578295597,0.11207649351409399,0.99369660543975458,-10.361327230964561,3.7873439772997752,-2.7853824469163042,0.1959969353342537,0.07663717068363442,0.2298850574712644,1,5
0.87923479565866447,-0.43241418757780697,-0.19991034111443864,0.46195661298476648,0.87640498712976822,0.13605288035801513,0.11637122420387556,-0.2119723305422076,0.97032235327327965,-0.40799235629820246,-6.0552528989035679,-0.62251353124243314,0.9306063397430762,0.7620474249397038,0.992445054945055,1,6
0.89791223701455403,0.44009149166494449,0.0085494785597228888,-0.42790540335730953,0.8681659550443479,0.2513659489261677,0.10320164919775845,-0.22936292958117427,0.96785436204875541,-2.1740602310202601,-13.938642611404942,0.12072463696357502,,0.2619658513736443,0.1818181818181818,0,5
-0.65524037758497533,-0.71528476965923604,-0.24295626329821718,0.73956090641926664,-0.67295804770220014,-0.013309084459701239,-0.15397958721405722,-0.18840160383175253,0.96994593787231875,5.2819366293465677,13.948876015933189,-2.4011225746965947,0.2483034388949347,0.1120767074930404,0.2903225806451613,1,5
-0.86191058130539766,-0.46893166433232952,-0.19290734568777687,0.4804162790513426,-0.87691504071741644,-0.014839480652444562,-0.16220465053830738,-0.10546613461241153,0.98110475780808548,-4.9909680773285148,12.898725373724657,-3.249896352536541,,0.08626234646164999,0.2222222222222222,0,2
0.97012139565847411,0.22405537203149076,-0.093078826536898529,-0.19646123695793616,0.95055717326868072,0.24050788494436948,0.14236382988179769,-0.21503546361306702,0.96617404712096322,11.933843426352851,17.711286559158022,-1.7940641201156569,,0.2735558466694574,0.46875,0,4
-0.13771201278975345,-0.94795740821947194,-0.28707517087901674,0.98574364716716201,-0.15945932979729685,0.053685977779849167,-0.096668834703726447,-0.2755893218947692,0.9564024582018833,-15.364708007480596,0.073881905254004621,-2.9362405972404035,,0.5753809709401505,0.6206896551724138,0,1
-0.89766728797715889,-0.3901477200017332,-0.20488581374312317,0.4012316281182991,-0.91587118808809853,-0.013897749013180435,-0.18222683856466246,-0.094682223292144804,0.97868721045039941,-6.784320630855075,-10.140556362408338,-0.87296122528207865,,0.268136199974088,0.5714285714285714,0,2
0.49951228807428544,0.85859005985180925,-0.11537150075498824,-0.85543000101920019,0.50988437531823561,0.090870441633255708,0.13684658351264192,0.053301340789877916,0.98915720674264818,11.900907732398966,13.995865869243657,-1.5561856157569558,,0.07049547919107202,0.3333333333333333,0,1
-0.95909084664184507,0.24891685421268758,-0.13485231765412423,-0.2575224453528262,-0.96495838069203044,0.050373739902002571,-0.11758800120475646,0.083040491454913878,0.98958442729844764,13.96373828032147,-1.0508602694422529,0.71748759638587178,,0.07428135740714949,0.2,0,4
0.8498655882145556,-0.50024190223405307,-0.16579059447985714,0.5209813113549554,0.84491021815546108,0.12126498453949075,0.079416340809681754,-0.18943273873791674,0.97867680176177341,-7.2223796124505375,14.014796096694383,-3.6250074929930625,,0.144717292507955,0.3214285714285715,0,4
-0.49798870241398085,0.86132210608798232,-0.10065526231748348,-0.86717749581414505,-0.49505183612150316,0.054100557356053999,-0.0032315664231116416,0.11422744467460574,0.99344936854454846,-18.981594956052856,9.0763869520601226,-4.3423039437710731,,0.1005106345244599,0.3529411764705883,1,4
-0.82843623074948602,0.55472560886772804,-0.077284606797950559,-0.55564112229515683,-0.83134829830274592,-0.011088287681490885,-0.070401383481888583,0.033756566405032828,0.99694741056305447,-5.3186749355458289,-17.761951229961571,0.099134407428666943,,0.2283677807280906,0.5,1,4
-0.070565119317631333,-0.96389506198760766,-0.25676228969923637,0.99387954146870017,-0.089871899849213649,0.064237828944159497,-0.084994240896984513,-0.25065783668858044,0.96433740356834963,-7.4799600522949667,-13.496410267546944,-0.63480594872870577,,0.09813950859951075,0.4285714285714285,0,5
0.48276002000836715,-0.82710744869067498,-0.28781249347782456,0.87558777589003789,0.44948087083915084,0.17695477801295517,-0.01699440476912004,-0.33743179321172501,0.94119656562083898,-3.8317611783512726,-15.950892238024617,0.12336114915619131,,0.4328215217480587,0.574468085106383,0,3
-0.92668032453817784,0.37084535688158954,-0.061133439238963631,-0.36211483972288627,-0.92449529423425469,-0.11908523750317319,-0.1006797842979707,-0.088216620985420394,0.99100020626417062,11.901679886161411,22.005821035831392,-2.1299982756987794,,0.4324703713552496,0.3103448275862069,0,1
-0.98999834787985985,0.012091678927436058,-0.14055981821226038,0.020522752160933133,-0.97337873079594472,-0.2282819815005469,-0.1395782498775823,-0.22888345884923827,0.96339518081954301,5.3310926118117559,17.461577066315275,-2.8449902914431053,,0.390603223984627,0.2727272727272727,0,1
-0.91150210829699663,-0.3602794047021961,-0.19840024475176851,0.3797830363280213,-0.92244332550162256,-0.069736335973266686,-0.15788841593859632,-0.1389138646245896,0.97763704222347347,6.3957857954732029,-12.111280158406501,0.89807444784075274,,0.1961021091853675,0.1818181818181818,0,2
0.98808041980760963,-0.063591621286407274,-0.14018983449232225,0.080204035854081784,0.98997925003915821,0.11622563023973317,0.13139405095184375,-0.12608406003167952,0.98327941765318794,-14.003377119568267,-2.9056403079505611,-2.4298216757027506,,0.2692270469806466,0.25,0,1
0.11275702454773105,-0.93382719172761064,-0.3394887765527258,0.99271349678687004,0.091262318901004974,0.078683558930665629,-0.042494313882290559,-0.34588721447740084,0.93731332442718285,9.6212474001739192,9.0086661518155893,-1.4752421479626199,,0.1907836683466355,0.2222222222222222,0,2
-0.92353241206790682,0.36367830048077182,-0.12176197115458624,-0.37243452746220523,-0.92622004239094857,0.058386264029408108,-0.091544560810769643,0.099269969440537995,0.99084058584276635,5.8511063678246868,-16.516451631318407,1.3705493886103781,,0.2505113534831229,0.3333333333333333,1,4
0.99072279046511902,0.0047812517073881206,-0.13581418219434957,0.030056598872646403,0.96692242499230163,0.25329355481578342,0.1325328386371401,-0.25502580982935441,0.95780837488699411,-19.975432638580681,11.592665745351526,-4.7788840689930581,,0.2469858616434442,0.1428571428571428,0,4
0.98100293962653196,0.0067806596538573976,-0.19387432810653948,0.052451677274574504,0.95289448508391772,0.29873219084614799,0.18676737936585033,-0.30322619107081439,0.93443663404936073,-2.9359636692142774,-10.573231964925272,-0.3392921830216708,,0.5558982283027007,0.6296296296296297,0,2
-0.98835823153135971,-0.041847166378670149,-0.14627652180127887,0.054560975786951155,-0.99496981054539357,-0.084012951527958998,-0.14202501922330393,-0.091015881962102391,0.98566982460927599,3.7754938138912202,18.438843918877648,-3.159606511867644,,0.6223895958415772,0.5,0,1
0.3029916536762145,0.9512249464616469,0.058027226640524884,-0.94090731471781541,0.28892751523254484,0.1766757370214076,0.15129270608017784,-0.10812951572343854,0.98255713570069414,1.3495325338772115,15.440064984434157,-2.8594695617973671,,0.5538162140375966,0.3333333333333333,0,2
-0.58853408214520897,-0.71971739624395348,-0.3682858994006164,0.79544728584994351,-0.59692315735484458,-0.10462485195918739,-0.14453805584500912,-0.35452731031240442,0.92380687194629463,4.6233694968000734,18.218312882992624,-2.9888660962024907,,0.5651272659278365,0.5,0,1
-0.45577670083601568,-0.86253269056691761,-0.21978388630295631,0.87988195146062176,-0.47389288320458517,0.035118182497001403,-0.1344445999989754,-0.17737782542200428,0.97491628183125334,-17.039423567695582,4.7970139433911383,-3.6396954872488458,0.9057661338192902,0.7830683943066784,0.864406779661017,1,4
-0.69760603765901275,-0.6772582795285278,-0.23380983519037735,0.69901485027453714,-0.71495697368483868,-0.014654858412269274,-0.15723884799043542,-0.17365986464775285,0.97217189637078349,8.4592219307806236,18.73958999258539,-2.3904897152113085,,0.1327638965999964,0.1666666666666667,0,3
-0.96788012289280256,0.17505987620980301,-0.18044973663162542,-0.15652408192695252,-0.9812577390352305,-0.11239867152414591,-0.19674419809981478,-0.080543710647552585,0.97714094745291735,-1.1659369672283342,13.00489253441982,-2.8833025859532748,,0.2645241584125071,0.1428571428571428,0,2
0.9260276521372699,0.36669900147754886,-0.089468596683433502,-0.34745298787751955,0.92073919817652938,0.17752675898642509,0.14747612922815154,-0.13330855657687052,0.9800406216332419,-14.118345510164264,3.3898955601288052,-3.1867533877716192,,0.4315989234677675,0.2093023255813954,0,2
0.051848490097204832,-0.97833671897666974,-0.20042205062468774,0.99604349357155819,0.036156514707269972,0.081179217525099934,-0.072174046501526895,-0.20383809934893876,0.97634058415360736,5.5530704085404059,4.9290331976521484,-1.1510812594295656,,0.1251120570916996,0.4411764705882353,0,3
-0.98999025911075544,0.055425463720318036,-0.1297971680631248,-0.0423351857950751,-0.99393175286235158,-0.1015253795642697,-0.13463661801128188,-0.095014149595522318,0.98632920085898479,14.734345488973764,-4.1908283043949988,1.1368092799187166,,0.543239917294899,0.4722222222222222,0,1
0.30356974553832328,0.95279569795032881,0.0050761758384555997,-0.94321195528314794,0.29975348634541898,0.14317490993434195,0.13489483683498737,-0.048251480714191455,0.98968438282320581,13.689946957128905,6.5059695732739646,-0.65763581827725626,,0.225759897138957,0.125,0,3
-0.98622767433080916,-0.074029096145836817,-0.14790086986855344,0.081614191289193644,-0.99560724739445805,-0.045883904758006397,-0.14385443394019951,-0.057322786563995261,0.98793724495854696,-15.028082611403704,4.0734273942887818,-3.3573118923080254,,0.4671848209702504,0.1935483870967742,0,1
-0.16580025762121534,0.98237631323628316,-0.086296313739506525,-0.98466401249738056,-0.16009660781245,0.069324300642018249,0.054286803785975626,0.096466861456332542,0.99385466119320887,-2.6434395803876325,24.460602555738681,-4.4243290534944402,,0.1269611336177778,0.4166666666666667,0,1
0.42541050352578125,0.89627404205582539,0.12537441934802551,-0.89420187711733656,0.3949442579178355,0.21076535791624409,0.13938761225364932,-0.20177183816044136,0.96946336644330366,10.961685359756192,22.530175829380223,-2.3137709736309513,,0.3013341577396421,0.4166666666666667,0,2
