axis_00,axis_01,axis_02,axis_10,axis_11,axis_12,axis_20,axis_21,axis_22,location_x,location_y,location_z,dbh,dbh_approximation,score,reconstructed,number_clusters
0.54678145677155776,-0.8114156999013431,-0.2064814773397069,0.80497649706277175,0.57728822272399505,-0.13693482785880684,0.23031039426678784,-0.091339311677862481,0.96882106316640948,3.4619043029169965,-1.5233328152099379,-2.4221667487234959,,0.0904107384186679,0.2448979591836735,0,5
0.95222724905774747,0.27884978046617998,-0.12452335558391732,-0.28489357467112586,0.95797931397953306,-0.033335943040678544,0.10999507835818428,0.06721929723871696,0.99165651755822737,-7.1887894298190451,-8.5112256377902362,-5.3247094232517496,,0.2050329764789486,0.5968660968660968,1,5
0.40475818370913552,-0.88988460282167658,-0.21041912075994715,0.88701348666424906,0.43800763378292806,-0.14613824695682126,0.22221135703697564,-0.12749394655742632,0.9666268185783996,6.8640750353986917,10.07353714775272,-0.24438655808617082,0.2275839327060746,0.1984731422996429,0.6451612903225806,1,5
0.98737356008703037,-0.037550983046001803,-0.15389404313794461,0.021226714870776112,0.99409932431264203,-0.10637650105612768,0.15698050648682291,0.10176667958339042,0.98234447293691907,7.0979393114800242,-2.8575657438750381,-1.9145291843759695,,0.1473144575296281,0.28125,0,4
0.84961144923970866,-0.45759079262704699,-0.26224235322264955,0.48074896401053618,0.87640211048755157,0.028280281748265322,0.21688895528264712,-0.15009999079252487,0.96458756670428103,-18.615706229557013,-9.9499836539370055,-7.511666598986424,,0.4784464537131318,0.5897435897435898,0,1
0.93737785869041634,0.3388319371493772,-0.080719690315130349,-0.33643213414865392,0.94076651079891238,0.042092651038171572,0.090200715901550418,-0.012300021416226513,0.99584764915322677,4.7106504201298938,-3.8229438271080185,-2.505775753588289,,0.1081024408949312,0.1666666666666667,0,1
0.98514925351447324,-0.073141638759456951,-0.15534236054424683,0.053555521586639857,0.99049092661760618,-0.12672620248306937,0.16313416076181173,0.11652478263347267,0.97969853558365738,14.881541195948158,7.7697990768816876,0.94795904080663052,,0.1146684608143685,0.4117647058823529,1,5
-0.72994952990493145,0.68332060139445061,0.015704760472421891,-0.64603234034200507,-0.68224939105625015,-0.3423126986186853,-0.22319475581608328,-0.26001677659970723,0.93945482960219895,21.383615742924338,13.684846416725598,2.9844743086511265,,0.2552431685228085,0.3571428571428572,0,4
0.76669156741186162,-0.59724649753789971,-0.23554333282488124,0.60146459990837542,0.79650121924342121,-0.061855822691154173,0.22455372523429423,-0.094246638785971365,0.96989339391550966,1.0510838927328525,7.1204028278882268,-1.6639085213503151,,0.6244352242542681,0.5849056603773585,0,1
-0.24843587295045988,-0.94492237663143719,-0.21307585309588342,0.96041333966746711,-0.2116678957958617,-0.18111576098764484,0.12603901784814295,-0.24963654386036452,0.96010195393475117,-1.9897090789409642,-17.393434752009686,-5.7392407055948045,,0.07007129481443247,0.2222222222222222,0,3
0.41045784031476823,0.90447247541168752,-0.11599095890106879,-0.91081311058844328,0.40049753459392168,-0.10010595568892397,-0.044088988470350823,0.14673536045154054,0.98819274187215944,7.0757815949612706,5.9454251449313551,-0.71674581592065456,,0.1730671960718718,0.2162162162162162,0,3
0.72744684738935006,-0.60196866032733487,-0.32932478832758738,0.64768413493987831,0.76086353519179506,0.039899149898541798,0.22655318486059287,-0.24232295144942123,0.94337333099381426,8.4904401109609466,0.13982800914606791,-1.2816831102537729,0.5148278459618035,0.5181083470924497,0.5846153846153846,1,5
-0.80018567164991239,0.58646267719621892,-0.12555643807477102,-0.55705328092373008,-0.80432545909498432,-0.20676604668985585,-0.22224880899183236,-0.095509602174270999,0.97030066618251165,-1.4822099638799517,-12.407920720180758,-4.8801169583099995,,0.06916532571207525,0.2162162162162162,0,2
0.9806084079146874,-0.11174429801890497,-0.16099801920298118,0.097263454729759086,0.99069501257097314,-0.095200905673368863,0.17013809303343397,0.077695584992068564,0.98235249547791426,-7.29350905772068,0.66156474435834001,-3.8659060702290078,,0.07919500632310902,0.274390243902439,0,5
0.70954888579841646,-0.66298569093133786,-0.23872652195037422,0.66782666304700755,0.74078988399478074,-0.072373309268662714,0.22482866095256701,-0.10807553558181288,0.96838615842182496,16.694820324147422,2.3249725518429987,0.45769102997068523,,0.0987662425092467,0.5555555555555556,0,5
-0.21857983490988522,-0.95143283090942754,-0.21679119917201597,0.96686516795623278,-0.18113500333215513,-0.17989401757931223,0.13188859982475026,-0.24892906386264643,0.95949972298106145,-12.355284459919771,0.58941470359799275,-4.8118977904600548,,0.1465491873924501,0.3972602739726027,1,5
0.89780128313335406,-0.41118836884533538,-0.1577243840704895,0.40092213234707785,0.91131185209880816,-0.093659767341754241,0.18224790752811115,0.020852662912728217,0.98303146778273243,-10.657183856424465,1.7522363359650643,-4.2847814853391775,0.4505268655106262,0.2271411046334972,0.3698630136986301,1,4
0.25597708477760378,0.95880507872868437,-0.1231606798976041,-0.95862654685588267,0.23536084162486759,-0.16012625610061251,-0.12454266631128628,0.15905374951164986,0.97938298383949884,3.924251571220605,-2.975673934071315,-2.5096552652718587,,0.07611213626450988,0.3296703296703297,0,2
-0.75192206148977991,-0.58278680419612794,-0.30817649861698665,0.65923234577869005,-0.66829902508305405,-0.34465798605598313,-0.0050919273450013907,-0.46231585948126969,0.88670069265113904,4.8081286606033364,7.0770834727979866,-0.97804572936008516,,0.4125589505149394,0.2553191489361702,0,2
-0.51802404171335314,0.84722213765430943,-0.11775288393676622,-0.82522469931796216,-0.53123425686596049,-0.1918185600187057,-0.22506729625279098,-0.002194037495984489,0.97434075063959291,-3.3634752329410227,15.39087336613176,-1.3479144950395463,0.3687740822050913,0.3391949976976302,0.6415094339622641,1,5
-0.27389578033167661,0.95455911399268201,-0.1174648858595938,-0.93971699269788656,-0.29161347378846869,-0.1785876690588161,-0.20472683056048399,0.061469340313098426,0.97688711991208632,-3.5570549358741683,-8.4500869487925865,-4.6549649050124131,,0.1239305566802831,0.5156695156695157,0,5
0.96934017805065364,-0.18009650431537935,-0.16716718682237908,0.16482209929764713,0.98111235503345795,-0.10125325863308461,0.18224515027798197,0.070596005085856645,0.98071550883325687,-14.859854286566142,-6.7354422753420993,-6.3828058911180214,,0.06997736296764182,0.3877551020408163,0,2
0.96621189741713331,0.22124553682379539,-0.13223078962606694,-0.23310697085312235,0.96898500186740433,-0.082031739562849704,0.10998049567657044,0.1100839615546981,0.98781871412681743,7.5928024002386536,-11.37003918084508,-3.1804282247795652,,0.1019628328820701,0.24,0,3
-0.96088235701067071,0.25413226276546352,-0.11009945053144116,-0.19769907149179694,-0.90777771663151985,-0.36993877103994782,-0.19395920477487313,-0.33370107912467267,0.92250930438350032,3.0380460322853193,14.500777801001757,-0.30725016560480356,,0.1165559265336399,0.1666666666666667,0,5
-0.79069012677038841,-0.58371097321928511,-0.18463646219320268,0.61190110845159751,-0.76316643448056698,-0.20773547303704315,-0.0196508753884715,-0.27723364338696849,0.96060155635458655,-17.192205421722988,-2.7514469431443844,-6.2511143865867069,,0.07456709854902999,0.4,0,1
0.078719718255039636,-0.9440626449373668,-0.32023261606480846,0.98031929614661417,0.13164603730787577,-0.14711695505189193,0.18104497662308722,-0.30234920753161776,0.93584596656957875,-17.945336438334866,-1.3006546312615754,-6.137511065971248,,0.1508652458240204,0.2307692307692308,0,1
0.095507660694949814,-0.97684087800012442,-0.19146849823541728,0.97835447383209395,0.12758955256429777,-0.16292154433705006,0.18357780443535499,-0.17176380627009266,0.9678824229080234,-16.062264863600102,-1.7363699432360578,-5.8931015726983897,,0.08233492843765375,0.3571428571428572,0,2
0.76636804585207985,-0.58967660595267091,-0.25487549644680058,0.58925335392036693,0.80328485627947821,-0.086682896615515564,0.25585250280281241,-0.08375523902536533,0.96308076335546278,15.231422758239159,0.98748971585085166,0.019573871818620844,,0.4012354539050882,0.2,0,3
-0.93995727566939791,-0.30117099889161669,-0.16055014588217842,0.32783020790372336,-0.92755903164341624,-0.17933654842928268,-0.094908770416460855,-0.22120188119306936,0.97059881158730166,-14.67405391508148,-0.51744098201879063,-5.4659272366018197,,0.3097685121257013,0.8159999999999999,1,3
-0.8313793521536843,-0.52103607939202057,-0.1932091529516973,0.55569736709350359,-0.7813572898325456,-0.28404440116095764,-0.0029679989670203214,-0.34351446781370243,0.93914269490040791,-0.96302098238537637,6.3287174612520793,-2.0435440722767311,,0.2093171435467413,0.19,0,2
0.98667383714322632,0.1054230713068191,-0.12393835214855019,-0.10141070198771798,0.99410842014959377,0.038266414909612252,0.12724232243801178,-0.025187795137996533,0.991551797112317,-6.2106164181963486,18.816538663266233,-1.5338247777669396,0.5942145886694473,0.3166784032973952,0.3157894736842105,1,6
-0.88339950449148363,-0.42300334047767751,-0.20167669525487691,0.46624489696460603,-0.83664355771732379,-0.28747739630197688,-0.047127608879151371,-0.34798811944494057,0.93631365322017424,-15.730618908547314,-7.986747008104448,-6.7068471905916525,,0.6524616430569736,0.6808510638297872,0,2
0.19671955978748973,-0.95944931251528998,-0.20188717520177912,0.96792246729131115,0.22286622073126397,-0.11600321103169281,0.15629303282525484,-0.17259103212768945,0.97251469064450757,5.2690234032902543,11.338137685986798,-0.32188842902541814,0.1420365694521364,0.1724218360403487,0.1428571428571428,1,5
0.18973764096714069,-0.94183529304620861,-0.27739125504021972,0.96263866423131284,0.23404283172838033,-0.13620115654250459,0.19320049101174458,-0.24118506108199339,0.95105380320132138,0.58029480439945391,-13.421727980616472,-4.6904034569681281,,0.0848324917194006,0.1428571428571428,0,2
0.48874083393091738,0.86657705098285609,-0.10087919487371562,-0.86924659063632859,0.4738242175272519,-0.1410708175059856,-0.074449727438260144,0.15663596520130671,0.9848463903014647,-1.7095497023660324,-11.188025871293986,-4.7752028235259303,,0.0887701519155346,0.2923076923076923,0,5
-0.2026436780350814,-0.94722507039449533,-0.24839526116365207,0.97034543344624724,-0.16009848215869915,-0.18110277689890925,0.13177738630899347,-0.27772854017299942,0.95157846677557079,-12.153204181222568,4.5094237077633688,-4.1491041138190194,0.2515840351847399,0.2947984721281937,0.6986301369863014,1,5
0.71133001638475302,-0.65060074646038413,-0.26594788304338546,0.66167261749397022,0.74748169879890225,-0.058825651032392047,0.23706318788193395,-0.13412598057758202,0.96219086790789954,-15.243377511458517,4.6613587169268449,-4.8614778669853305,,0.1789423909135071,0.3529411764705883,0,6
-0.3831783186428151,0.91430477814562983,-0.13122937469231971,-0.89844362815736101,-0.40191052593625792,-0.17682470462319189,-0.21441413933205042,0.050146802507362413,0.97545470169187498,-5.0393524140823631,-9.7141101902661084,-5.1412366308281232,,0.06686745709426092,0.3057324840764331,0,5
-0.95769940400468823,0.25187739388978125,-0.13917481818330724,-0.21586737342463894,-0.94861730052649107,-0.23135793531361612,-0.19029747412882844,-0.19152805431352318,0.9628623347867874,10.451625694950843,-13.709530138803119,-3.0610832941040513,,0.2312922606021171,0.2380952380952381,1,5
0.4496988575786745,0.89303933793334334,0.01586437505898761,-0.88654161775122842,0.44844755079661669,-0.11374864473720861,-0.10869635452705369,0.037088206860038206,0.99338289064410479,-7.6827893935829037,10.4568446294421,-2.6569641258458012,0.3252693392954344,0.2263062051424847,0.2903225806451613,1,5
-0.15366855813036243,0.98568539455012794,-0.069356162038380437,-0.96943762499478947,-0.16397612659371855,-0.18248978369153199,-0.19125026924581517,0.039193531071841939,0.98075848282618672,-12.8399806136606,-0.51773652731919717,-5.1057581270521268,,0.07809868567300959,0.2037037037037037,0,4
0.81828230065142271,-0.54245426598502244,-0.19015111294773865,0.53082078356714468,0.84003504390360229,-0.1121178877210663,0.22055242500089486,-0.0091920796625112496,0.97533180687276932,3.8463728040901852,-18.753030577937658,-4.9814887054404879,,0.1293114982634347,0.3684210526315789,0,1
-0.10384176609202181,0.9911471799238234,-0.082729410392817698,-0.97752018967035681,-0.11705157880345851,-0.17536592224958711,-0.18349704739237716,0.062659361859750615,0.98102122197718533,-17.083845477326648,2.7725785917754084,-5.5075232373205729,,0.1005155417776727,0.25,1,4
0.66271560933241291,-0.71178942063709938,-0.23273126523153614,0.71188068945993654,0.69525199097208368,-0.099249952258924523,0.23245194153031723,-0.099902400964423294,0.96746349035006474,10.765788501365991,0.73026455800054901,-0.76567622024876436,,0.09769912926869209,0.2631578947368421,0,2
-0.88001716157407117,-0.42332483497266415,-0.21532737733618915,0.47372009404865839,-0.81485760601827861,-0.33406040532916925,-0.034045085249489848,-0.39598379513500992,0.91762615817163184,3.2777964770986201,10.593768153967174,-0.75736088373359789,,0.4946096085696904,0.2978723404255319,0,4
0.92773834643226216,-0.33395896347366988,-0.16665224653368152,0.31505349730486992,0.94012035724699561,-0.1300577092130655,0.20010710730781453,0.06815515098194766,0.97740064507832491,-7.6643974417500598,-10.099473269676768,-5.6672832911573785,,0.2881022876443782,0.8187403993855606,1,5
0.24520951860913773,-0.94330421438660517,-0.22371734645294178,0.94892964490953935,0.28078663153672345,-0.14384504357855418,0.19850647595313065,-0.17701984823948674,0.96398088795055414,15.39576002726003,6.7741743277031103,0.91644499572599825,,0.08660361779903357,0.4705882352941176,0,4
-0.41446687184746772,0.90361712970150598,-0.10813554018447467,-0.88180356995012743,-0.42813229542232489,-0.19780091415264658,-0.22503261133486058,0.013372379235738354,0.97425946405944153,-14.403018425835599,-13.787991868441477,-7.3766370854438819,,0.095003330055986,0.3333333333333333,0,4
0.8521425750857673,-0.44285995098010994,-0.27879758884196371,0.48024314452825806,0.87343993632743055,0.08043133569663323,0.20789313086249028,-0.20242959627047785,0.9569758119691234,8.5062499300196865,19.706747879394257,1.365621416283809,,0.2137845500862444,0.375,0,2
-0.89648696265579164,0.4366913904411911,-0.074911649980051842,-0.39140364866183486,-0.85978076491665612,-0.32799423789684651,-0.20763985552489048,-0.26472186497127437,0.94170485004789783,17.166077051547326,6.8579696571128146,1.2079427723806511,,0.7757811163311193,0.7160493827160493,0,5
0.51835000477756976,-0.83550802034797067,-0.18231736198537973,0.82600748118858769,0.54436296474011836,-0.14622107796016379,0.22141570307360148,-0.074801808491259281,0.97230642077426344,-10.144751717679556,9.8007009015138884,-3.2081240952070758,0.2973120961706077,0.2861583353462254,0.8191489361702128,1,5
0.98768611146988816,0.009547627836326093,-0.15615693392285909,-0.03016500606753313,0.99102881646448426,-0.13019968258773196,0.15351292329453853,0.13330689306896129,0.97911340234002664,-17.613163861734581,3.5518462338128507,-5.4502429665529171,,0.08578458228293674,0.3611111111111111,0,4
0.67042018188949382,0.73683353387477213,-0.087253212392859686,-0.74152815688801976,0.66125083147736363,-0.11350475942774965,-0.025937853756905122,0.14079659522911134,0.98969871502107909,4.9820918999807695,-6.9042257385596768,-2.9119777794505306,,0.14168926087147,0.5,1,5
0.91070527312338978,-0.31354396345480096,-0.26889791461873946,0.3583198280651046,0.92353930794042582,0.13668228672477331,0.20548188805986345,-0.22082873379606607,0.95342113675404772,-11.72310959996452,5.624439394092275,-3.9766374360612202,,0.3478126773812199,0.1818181818181818,0,1
-0.17115973492809178,0.98280644550284357,-0.069251973382796678,-0.96611428604780547,-0.18120497229605281,-0.18381497302865488,-0.19320334219077004,0.035443598762723398,0.980518342446006,-3.0339060912210232,5.6074962702114544,-2.4340908485428732,,0.08123957868750789,0.2295081967213115,0,1
0.39088848343660215,0.92020854272664598,0.020553136245787147,-0.91211303080114958,0.39025292966729863,-0.12550884402636056,-0.12351523209457256,0.030313178305731273,0.99187957870985077,0.68110761793747854,-8.2399284207854482,-3.8828844260148601,,0.1486079125474232,0.3260869565217391,1,8
0.52660958913686529,0.84673854749410238,0.075605375580578935,-0.84827193956561298,0.52923127134274628,-0.018680952291939511,-0.055830611448339028,-0.054296349974180633,0.99696281234797657,9.9355113605189391,6.8065123771546245,-0.083334703154902101,,0.477460104712309,0.1791044776119403,1,2
-0.40717443464497111,0.9128010696306329,-0.031673128243345665,-0.88822774379642178,-0.40381398078353514,-0.21905648603515665,-0.21274504676223177,-0.061061249618117319,0.9751979639402496,5.3573540438842837,16.587182467704345,0.39062015061722,,0.1832646365902299,0.4545454545454545,0,5
-0.2095194389716597,0.97722131633616749,0.033765420050816196,-0.95758978993448485,-0.19808023175642811,-0.20925108363052153,-0.19779635716116906,-0.076175591139989382,0.9772788140588351,-16.437459342348408,-12.269675759083908,-7.5067921469373387,,0.2331261064243931,0.2,0,1
0.69926650919105493,-0.69421600136345574,-0.17055935205871467,0.67772765018840819,0.71969473038576537,-0.15074722957671993,0.22740180582803718,-0.010180299892074708,0.97374780112730064,-3.0331682375709006,3.7515195999876503,-2.669781692760528,,0.1283485140166403,0.5291005291005291,1,5
-0.53575578787661926,0.83731698453357362,-0.10893118547186213,-0.80923272612588026,-0.54599855320530166,-0.21685934350309116,-0.24105628123651393,-0.028032968257386125,0.97010619107760665,-0.19199766613734226,7.9607153183627535,-1.7259223728030917,0.2637290802244959,0.2124247227827371,0.6509433962264151,1,2
-0.76771563600667891,-0.61858155719746433,-0.16724102166041668,0.64068514865975768,-0.74572196866708229,-0.18281489472719098,-0.011629381655263806,-0.24749869200149344,0.96881843239064402,0.95969349054882525,14.013795410054353,-0.70949736536133134,,0.07383342779663607,0.4117647058823529,0,2
0.23737825837380999,0.97129216737917123,-0.015591280873932611,-0.96445968479487909,0.2337302029422047,-0.12323842192254374,-0.11605636069074302,0.044291283797931742,0.99225460609802774,-7.4860910182863867,5.5390489485282925,-3.0851152884210746,,0.4482229416898066,0.2783505154639175,0,3
0.33648612845638043,0.94121061945927853,0.0299942523414128,-0.93583577228307979,0.33777080198385045,-0.10060960512058567,-0.10482601142736468,0.0057840422085715217,0.99447375640786106,-23.031726221457991,2.4828241376514999,-6.6028616989284101,,0.3504198999045131,0.4615384615384616,0,2
-0.84730539846655073,0.5205422350241945,-0.10540086947201396,-0.48295504690948543,-0.83773109600433937,-0.25487454453519931,-0.22097055096572682,-0.16505269565622063,0.96121257964225526,-5.3887583977049731,10.685572202518969,-2.2412022314985003,,0.0921776974807669,0.3888888888888889,0,4
-0.25601669279303446,-0.92561885904551411,-0.27872061421896477,0.95797817365764359,-0.20435570197842948,-0.20128727198824004,0.12935714826356326,-0.31854116664598198,0.93904113506541054,14.147139477200801,8.5084071679053821,0.94984988188623642,,0.1477028479229071,0.4074074074074074,0,6
-0.97155753889605279,-0.16822429073209305,-0.16666294315753041,0.20043475620820136,-0.9589779226968973,-0.20046758412197896,-0.12610256586606347,-0.22817083903870813,0.96542022513223125,8.7815208819225692,-8.1437406808347852,-2.4609150639632249,0.5321590566221234,0.1554150255974908,0.3666666666666666,1,5
-0.3847853991266687,-0.88899042797604033,-0.24826642057657836,0.91788518899183613,-0.3402546841000656,-0.20423890368239059,0.097092617888028032,-0.30646821844188132,0.94691618142088374,-23.62670961530009,-0.62273670473752685,-7.0804011719034001,,0.1700563582491144,0.1875,0,1
0.96373379484754718,-0.20193480689079341,-0.17446921342954208,0.19212219037554359,0.97875629389791607,-0.071590370305778375,0.18521942833852101,0.035474651812147144,0.9820566747620818,-0.13143620504588821,-18.096672723121927,-5.5280063342499171,,0.07747936684917206,0.4545454545454545,0,3
0.86116120034059307,0.50829691881730754,0.0059690324827948778,-0.50676925932912364,0.85753461174935697,0.088426848020781448,0.039828442437036725,-0.079174692754128945,0.99606478865600345,-0.57219062811006571,9.8186403646221763,-1.5276924967839205,,0.4859455934807628,0.3333333333333333,0,3
0.93701763768415647,0.33434331687160718,-0.10105688067664849,-0.3374982430225501,0.94119991455682939,-0.015416121266640248,0.08996045034065793,0.048551697205228089,0.99476120253706979,-18.139698087946631,-6.7617942325950349,-6.9836368669808149,,0.1038078825615922,0.125,0,1
-0.76634129665478079,0.63947303682473311,-0.061605618377083199,-0.59932350420597136,-0.74615770460411424,-0.28993105588431506,-0.23137059957510589,-0.18526444622234642,0.95506268413030504,-8.2310449540240658,8.9262100699530382,-2.8557422685362095,,0.322405132467612,0.3611111111111111,0,3
0.98801365669614405,-0.0027496631738664818,-0.15434200184766739,-0.017814925538345443,0.99112968078744557,-0.13169883936557605,0.15333506647201839,0.13286984313457617,0.97920067513018783,3.2238860505105862,-9.9427976406361456,-3.6930077105419179,,0.07768069142701654,0.3061224489795918,0,5
0.42765570611270087,0.90354182084025847,-0.026884475481548539,-0.89977014730427618,0.42263983548551615,-0.10857831957079103,-0.086742602274131872,0.070623986388808305,0.99372429450892741,-13.19461117163163,2.9138033578816098,-4.6878819409679284,,0.07723233339406918,0.4736842105263158,1,4
0.95668843931742786,-0.23703826319632271,-0.16899731316578812,0.21929354647930682,0.96859911905507956,-0.11715838441294567,0.1914616686151896,0.075024051787372495,0.97862854092065654,8.5269684923020552,-5.1871111677659485,-2.0664484512710279,,0.1087147673300664,0.5,0,7
-0.98661963758232807,0.0061057311193387269,-0.16292455549859169,0.068364206094177107,-0.89171234657776244,-0.44740968506045148,-0.14801360093595536,-0.45256138921507422,0.87936349874764153,1.178272318808387,-5.879718488487307,-3.4545500653415853,,0.6391205955064698,0.2654867256637168,0,5
-0.91072566650178655,-0.38036379942292686,-0.16094141935322268,0.40647140660869158,-0.89452607660732475,-0.18602175646696656,-0.073210354352550744,-0.23483287324831512,0.96927486589589884,1.708566728374987,-3.6120707377006389,-3.0288241128948954,0.1894804911059992,0.1349885937067977,0.6778523489932886,1,5
0.098127139907922406,0.98692478638551639,-0.12786919265949706,-0.98321801704473144,0.076287591172694028,-0.1657182379573571,-0.15379660390305888,0.14198475076911762,0.97784811457450527,-6.425787028670249,-1.907905723764713,-4.1717445470436534,,0.1178459080950319,0.4737654320987654,1,5
0.56043543793642636,-0.80278457344968157,-0.20359039401754422,0.79391257748906086,0.59074726568492009,-0.14394612669490639,0.23582819850408404,-0.080960463912969891,0.96841647242976769,-13.763477516047656,-7.5901448219480159,-6.3095365607222025,,0.2306674747118222,0.6910828025477707,1,4
0.82800888385184424,0.54458405340565064,-0.13352713970835492,-0.55965060054824223,0.81732781442646696,-0.13699068972322909,0.034532500176135371,0.18815805202309513,0.98153148390179479,-20.520343305344479,-6.5347608916631517,-7.349238494798052,,0.07724038484273874,0.4166666666666667,0,1
-0.8486394479683409,-0.47428828447997123,-0.23422576834548955,0.52814423844104907,-0.78447723321855312,-0.32505250954774473,-0.02957618558085021,-0.39955737230942046,0.91623095095051088,-12.85205897292381,8.4005388197695527,-3.8967008183899798,0.7812128517126533,0.3850671566689889,0.4210526315789473,1,5
-0.98844141070340319,0.0041312390059545095,-0.15154705695242568,0.029693381712839428,-0.97499162562900088,-0.22024902505067634,-0.14866701278064912,-0.22220320163668553,0.96359942740398341,5.037240287058391,-5.3476356517336328,-2.6970581272581891,,0.781400566191284,0.6818181818181818,0,2
0.14056290350096651,0.98921309597115248,-0.041225246130806817,-0.9792152070529152,0.13275164114910151,-0.15334464466858985,-0.1462178116225718,0.061922956416726405,0.98731246271528361,5.5989887414064965,-9.4816275416815756,-3.2166722619714156,,0.8134056848060995,0.5172413793103449,0,1
0.49916394777040723,0.85534656420730582,-0.13862758868645231,-0.86356900669242698,0.47789900242327493,-0.16081391159689448,-0.071301640419541429,0.1999869960312331,0.9772007355154243,1.7967570120642178,-2.0457632944334159,-2.7735378641263329,0.8061201024801049,0.5951189660734462,0.996859296482412,1,5
0.022702374373703926,0.99341003963443453,0.11234364846892099,-0.98629890272461274,0.040621491213714937,-0.15988861415310071,-0.16339852105212346,-0.10717456603637988,0.98072143634820841,-11.199918637113987,0.4870493424562089,-4.6144550164344187,,0.1271034093726909,0.3541666666666667,0,3
0.71530209664673572,0.6924129432738505,-0.094378104026458631,-0.69881531508467276,0.7087982071320611,-0.09624062016366372,0.00025677985645396667,0.13479398188799446,0.99087361278363129,-5.4379621613960216,13.726657528117569,-1.9198772937662931,0.1754813374523106,0.2193305086053802,0.5294117647058824,1,5
-0.92225697244943483,-0.3438847469331302,-0.17659376431556073,0.37751527715937577,-0.89950428921019443,-0.21994146767661196,-0.083212332497548183,-0.26950939597572376,0.95939584802161726,16.089099213130883,7.7268828367877624,1.1945250994742727,,0.1235015705996718,0.3333333333333333,0,5
0.13520297483883911,0.9897841764637727,-0.045248642152681678,-0.97515199009186326,0.12483762944407809,-0.18301410463312118,-0.17549573161364429,0.068868354828006642,0.98206842831275121,8.4985085883524274,-3.0154370685159155,-1.7289523531815276,,0.2913419731111072,0.6136363636363636,0,3
0.93983957765447068,-0.29761985382711498,-0.16770208967747693,0.28538695780071427,0.95384872894558059,-0.093417806686695443,0.18776541905132321,0.039937762791953095,0.98140161122328218,0.0079489962759477957,12.514385100563832,-1.0599295367489903,,0.1132160059549773,0.375,1,5
-0.98800972592848946,-0.0013918624449409881,-0.15438537556921034,0.053644552691074432,-0.94075240908139679,-0.33482408332454666,-0.14477238492642969,-0.33909138521419679,0.92954719570134314,-6.0078695142646916,4.4143055789256076,-3.0511889096284945,0.497423285479434,0.2999776437277574,0.8518518518518519,1,5
0.7623373789867065,0.63463062389319091,-0.12682938073103817,-0.64707767039135222,0.75091898953526304,-0.13195135329446145,0.011498220757119483,0.1826599090448667,0.98310891998147476,-17.528593559143459,-9.8812864344887394,-7.3138541201781075,,0.1486723068474876,0.4716981132075472,1,2
0.16682459350413181,0.97919332468697762,-0.1155421476806013,-0.97546172555901889,0.14683035919960766,-0.16405873212583416,-0.14368012030758895,0.14007597404900987,0.9796605251425714,-14.096794275241562,3.2940445822939948,-4.8564789430188995,,0.08625720639320958,0.3611111111111111,0,4
-0.51233900246618891,-0.77342339039678398,-0.37326264980452434,0.85621727188403562,-0.426461181347078,-0.29158676947268014,0.066337997252027575,-0.46898520231580754,0.88071116157875029,6.8456647893862623,-9.836885870026439,-3.0885600228007579,,0.2585693352032566,0.1818181818181818,0,1
-0.7536896122902651,0.64498048206543879,-0.12630180553097153,-0.61685610270969393,-0.76052192630446191,-0.2027188894996137,-0.22680501951137741,-0.074877081705844187,0.9710576222653623,-15.238902858268656,2.9909646556456249,-5.1039847934602545,,0.08040350278626708,0.3571428571428572,0,3
0.5398207980620785,0.83802928495224371,-0.079375207351249338,-0.8409861296793476,0.53281458534176551,-0.094079473499989477,-0.036549085714607077,0.11753950488884729,0.9923953995882453,1.0056908549640962,-10.615222903252924,-4.2011484295266461,,0.1845391439892043,0.2,1,5
0.21065348515363724,0.97079966903962334,-0.11477417734483768,-0.9666875909966508,0.18940699221477986,-0.17216298299356278,-0.1453967351962136,0.14721750538814393,0.97835923642677081,-9.1079302493687919,1.6341530588379343,-4.0525150871078885,0.409645049559442,0.1825933008374827,0.6425855513307985,1,6
0.86408680834431195,0.5009146546074783,-0.049381134503084852,-0.50081817687476127,0.86541900739109934,0.015201820879246068,0.050350187260638432,0.011595276869272655,0.99866431206744544,-13.911795036276029,-3.4429786698244613,-5.7154643279285819,,0.08194326452163217,0.3636363636363636,0,1
0.7443592431010142,-0.64600690615934919,-0.16912833708315139,0.62873804432717006,0.76332030704994802,-0.14842702065600746,0.22498397459759539,0.0041456048532772655,0.97435364479980779,7.207347670671294,-7.6548514865828823,-2.6661725497257307,,0.07581471187278192,0.25,0,5
0.45921832444635685,0.88743886323773347,0.039633250030758536,-0.87722499749165495,0.46005995712230613,-0.13719015864262263,-0.13998154974298171,0.028232957123576746,0.98975151723228594,-19.283874440877838,14.232991726563762,-4.5102544272785394,,0.3884882536635502,0.5925925925925926,0,2
0.94268074940722113,-0.27508690098538707,-0.18889203689752257,0.26998148929575028,0.96141854697126772,-0.052767158131774239,0.19611986165273501,-0.001254769265950669,0.98057912756666443,-18.567365989516517,2.0124716205240252,-5.8449420074039642,0.195695505353048,0.1057019985805226,0.2903225806451613,1,4
0.80933069687239767,0.58568110639094417,-0.044288426442116467,-0.58601963989642425,0.81027259320411715,0.0062694782828954894,0.039557613119403805,0.020879806487466162,0.99899911357585347,-13.700262782968219,1.3121528844182178,-5.0202840607347712,,0.3274344589811521,0.25,0,2
-0.54405506155454542,0.83903048913703882,-0.0056505128387714931,-0.81042564542713125,-0.52722691691455581,-0.25542523625278163,-0.2172886633740867,-0.13438607211773579,0.96681229842708827,-0.59856269425587039,19.615293194540413,-0.4175504127523772,,0.2559418540727449,0.4666666666666667,0,4
-0.068703224425913617,-0.91570272909486183,-0.39593986775987394,0.98487335895080064,0.0010282515627341106,-0.17327264506462672,0.1590733597509367,-0.40185501692394937,0.90178057840619019,0.47189457352513253,-2.0197838539142454,-3.0104131852303935,,0.1546060737141402,0.2045454545454546,0,4
-0.42175865066309376,0.89735747939522881,-0.12988146428296979,-0.88001167833378857,-0.43962308710815157,-0.17975257238116843,-0.21840120555297998,0.038485002987404586,0.97509990152705117,-12.586401885088117,-8.8369307834080661,-6.2994249907559254,,0.1262165249963851,0.5677083333333334,1,4
-0.31474230786895391,-0.92355835730176017,-0.21903707516171386,0.94294195135657488,-0.27782825941957756,-0.18349914070572987,0.10861747561593425,-0.26429419011011474,0.95830622718672742,7.8691557485288648,-10.100338319478897,-2.9435261009817704,,0.2296606758023682,0.509090909090909,1,5
0.5577558503800869,0.82531170523274267,-0.088141934245910283,-0.82966598154699855,0.55134018414690922,-0.087626254105197893,-0.023722782940513474,0.12200242026565034,0.99224625926172305,6.3127817896114742,7.9083934266056506,-0.63596676375308747,,0.1594724942203197,0.5,0,3
0.9653804828347009,0.21581343964647054,-0.14650966735952789,-0.23483191587420604,0.96357457938954461,-0.1279765652028205,0.11355392837189772,0.15795122418715596,0.9808959762019055,-0.33351269442077475,3.0936391116411279,-2.4297882990670447,0.3312678813641236,0.2501319589907985,0.7744916820702403,1,5
-0.46803576552168569,-0.86558398504725942,-0.1780642777825879,0.88033384888267852,-0.43908969115312957,-0.17947857151888041,0.077167588428940517,-0.2407584016244379,0.96751256081939685,-12.08316588266916,1.5827883544814356,-4.6640718768393459,,0.06449502564043406,0.1956521739130435,0,4
-0.96533230899596145,0.23616159441090587,-0.11118108892174348,-0.1848659171220278,-0.91926615916916044,-0.34752600088771901,-0.18427730705422568,-0.3149244829029304,0.93105555375238735,-17.790403842439282,-15.438248149087078,-8.22932480893469,,0.5535014534755349,0.4736842105263158,0,1
0.70808613465523051,0.7032895031873645,-0.063228953933184034,-0.70601899697978576,0.70357545517860454,-0.080738805873483629,-0.01229641462669636,0.10181087160362171,0.9947277741224676,-21.012260552799052,5.1706786220805352,-5.8401541811287405,,0.1494715953574224,0.1538461538461539,0,4
0.011050244237216254,0.99345662118632094,-0.11367424476704206,-0.98563763024998985,-0.0083362433287761818,-0.16866822131731762,-0.16851217741600183,0.11390543827325789,0.97909611233744331,-2.1413798755133153,16.127332017943747,-1.0008398037039044,0.1174051753346344,0.108451652319543,0.3333333333333333,1,4
0.18140827947933913,-0.87910637347242326,-0.44075278814377433,0.96399043451618871,0.24758980710870496,-0.097065594198788019,0.19445688030418337,-0.40727296931669699,0.89236497587384378,3.0688250256310239,8.0547366378968555,-1.1356643632183423,0.8754904512929049,0.6059336016644257,0.2894736842105263,1,1
0.80215153321508126,-0.54700163149712466,-0.23946217425760291,0.55724605940743344,0.82984299081162793,-0.028938553448630392,0.21454544282175206,-0.11022624796433993,0.97047433104854575,10.22180920734448,-7.7143712857860223,-2.1632128230343763,,0.3452058130096338,0.8095238095238095,0,4
0.93207406394263026,-0.31749371712007574,-0.17445824404351432,0.31975628541740247,0.94736896568656426,-0.01574677078112471,0.1702758270029355,-0.041106963439860915,0.98453865353028158,18.998560154788169,1.8343978582401375,0.74558865891818316,,0.2882544787241884,0.5357142857142857,0,3
0.39645939021971388,-0.8965686054312072,-0.19744540425584459,0.89225883556846697,0.42692599362016331,-0.14699784461494569,0.21608822794547633,-0.11789373065001152,0.96923007898888858,2.6139278074705659,-18.998894776990781,-5.1992820813325782,,0.572720776002464,0.8235294117647058,1,1
0.85024603242763197,0.52607944917484284,-0.017947074885995264,-0.5245362120692848,0.84962181624687105,0.054813607666101077,0.044084538889226407,-0.037191161762723482,0.99833529984552916,5.9036665558550254,-1.379331208399224,-1.9675934072710566,,0.5500271890533531,0.3088235294117647,0,1
-0.95041971308350615,0.30268786481305432,-0.071291131827036891,-0.24390845382721218,-0.86781621799811803,-0.43290146445936301,-0.19290162035059341,-0.39404957590937284,0.89861777001779719,4.1332630133891328,-7.8185343271220358,-3.2053721788601868,,0.4353383388532895,0.3142857142857143,0,4
0.10238814110964399,-0.90212875875053178,-0.41914242352133313,0.9788789646708711,0.16632891222220855,-0.11887247572024383,0.1769537823415899,-0.39811856976810545,0.90010497350075969,-5.5668025255226148,9.0303136369720498,-2.4115293189438698,0.3951252216675596,0.3170488212367954,0.1372549019607843,1,3
0.92899720664895769,-0.265029870060288,-0.25830864874072784,0.28114973913931807,0.9592869200500993,0.02689663924521403,0.24066369526857834,-0.097610311937934027,0.96568794793300172,-9.1220289158052861,4.3801362702539466,-3.5988460402520412,0.5132412591302949,0.3765831595293456,0.24,1,3
0.9227420273810597,-0.3105766488493511,-0.22823079567446539,0.31493977395923817,0.94894074713950927,-0.018011029865449397,0.22217130706550875,-0.055259420986987683,0.97344044846564048,-10.831924694357808,-0.7603942328801151,-4.7662642768258232,,0.2147707622597888,0.1886792452830189,0,3
0.79186518615215007,0.60736953201121835,-0.063653582339829887,-0.61066135402196353,0.78861660464615069,-0.071948325765352178,0.0064990510293082534,0.095844157155505344,0.99537513525045818,3.6250088470315047,12.702951479301575,-0.39349031751461527,,0.3096051521041777,0.4090909090909091,0,4
-0.82959957776643767,0.55835826043289494,-0.00077043890119492427,-0.51434104600033137,-0.7647350528753627,-0.388115430385087,-0.21729663819082401,-0.32158412882178733,0.92161044868257602,-12.217769015593138,-10.394563145362856,-6.4567846195629661,,0.6114637045378278,0.1891891891891892,0,3
-0.57946994181233447,0.81394606546426096,-0.041308462223352417,-0.78141395879019071,-0.56927956337613217,-0.2555640892811844,-0.23153144828262681,-0.11581269894760532,0.96590921272064678,4.050505403032413,8.8791809164567077,-0.84219831472684237,,0.1669762559729349,0.5,0,3
0.24390349334944625,-0.93906932131213749,-0.24219805057493543,0.9489499050949044,0.28260421160681687,-0.1401033090346602,0.2000129084642005,-0.19566213060388518,0.96005789778285788,8.9324178564700194,1.7972599330884638,-0.95619112240098392,,0.0704579909931424,0.36,0,3
0.23083149129375516,-0.9294496625707348,-0.28781964382968556,0.95216839501413941,0.27665545328370228,-0.12975788108853087,0.20023029282128407,-0.24410056312006978,0.94885338431243771,-18.622552498014429,-5.2202871815052072,-6.8036304704292387,,0.2715178342576351,0.2,0,1
-0.97403338139119866,0.17651405459530323,-0.14178067733635272,-0.14168669972187922,-0.96368018206053296,-0.22637443721785472,-0.17658949871821544,-0.20040782228771609,0.96366636016224272,2.8273873687794899,-3.5377013108018542,-2.827264879884809,,0.08244049665092067,0.2682926829268293,0,3
-0.8258197803323214,0.56091750526634165,-0.058251546740495076,-0.51934853834153438,-0.79671574035181458,-0.30906492003812269,-0.21976984810111705,-0.22497906871849932,0.94925530417489301,2.0939912431819985,6.2959165748071495,-1.5687511002435046,0.8333849363417658,0.8536026737379431,0.6461538461538462,1,1
-0.59052971949645172,-0.72642634004110707,-0.35153865062881134,0.8057431521927152,-0.50626564584646427,-0.30736471581853714,0.045305883569245017,-0.46475785989065915,0.88427795889294092,-9.5462713488659254,6.4762952031772674,-3.3690837890183731,,0.665470444528472,0.3387096774193548,0,1
0.41796573578264695,0.90213775144151753,-0.10701458375247025,-0.90404619919738416,0.40143641681365422,-0.14679670627292102,-0.089471299467677456,0.15810212104794141,0.98336087266664629,-13.210139657019859,-10.422725244536306,-6.6351990582366431,,0.1088850929070896,0.4074074074074074,0,1
-0.98741566478964782,0.015128138952943081,-0.15742123217608942,0.063775385379274269,-0.87279480771397144,-0.48390280413245745,-0.1447169829278612,-0.4878528087849357,0.86084646239204898,-2.7559375485661239,9.4805256753513572,-1.8634844651390632,,0.1804087511659485,0.32,0,2
-0.96553856063993948,0.23492165910795437,-0.11201384735522373,-0.19070496991946875,-0.93149778871155364,-0.30974745208556481,-0.177107036464867,-0.27771151165814312,0.94419776208545447,3.7330935362037909,-11.520838386265668,-3.853227971790719,,0.4391314618554701,0.6557377049180327,1,2
-0.65843981235265781,-0.66553531821907419,-0.35145377179941417,0.75232478388838697,-0.56863253867416041,-0.3326626752556901,0.021550708950994202,-0.48344573238784211,0.87510901651148265,-14.953371350054141,13.200680506829766,-3.8026235534235115,,0.5447028222102311,0.5,0,2
0.49598316967414652,0.86547641086189731,-0.070365315614973084,-0.86505060615538309,0.48544542193509399,-0.1266103910129894,-0.075419786463436833,0.1236661819733529,0.98945365290444132,-5.0837351448575534,-10.650965160119236,-5.2673416389034706,,0.1616603331630824,0.2142857142857143,0,3
-0.96372372059666922,0.22091758172325826,-0.14977320336048996,-0.19072644823280141,-0.96257050027503421,-0.19256545366387082,-0.18670836163336563,-0.15701418434593561,0.96978684957590899,6.2200078617044898,5.6931704979501854,-0.91496433312179171,,0.07504053498250308,0.2352941176470588,0,3
-0.086093641015360489,0.99045045684103272,-0.10768369198772809,-0.97950918947279586,-0.10390033898587504,-0.17252961281173215,-0.18207040592876214,0.090623463308405414,0.97910048267934469,0.20423086141909458,4.7908179691329957,-2.0876948424402828,,0.08698033217835645,0.2121212121212121,0,1
-0.82388631903512399,-0.53213395604564728,-0.19505072706853654,0.56526787463934192,-0.79644363308480925,-0.2148249734537224,-0.041031246720968251,-0.28724726655249527,0.95697724353855185,15.661642909573612,4.0518670519109854,0.55855227736251944,,0.1274084835201265,0.44,0,3
0.96904980413973252,0.20975524658660399,-0.13017378240697516,-0.21473575280225862,0.97634384323795131,-0.025323037728378024,0.12178273098100921,0.052492249911186985,0.99116776084276881,9.0262943355185143,7.6651390670260362,-0.13152120221579186,,0.1708785708966373,0.15,0,2
-0.12939536658495523,0.98281020450107592,0.13168500687207288,-0.9736277219315318,-0.10076091825340239,-0.20468584816529425,-0.18789863808117341,-0.15469757361149525,0.96992925645428163,1.6689088950473607,-17.203105515769515,-5.0658241325266538,,0.5978769101003109,0.4545454545454545,0,1
