axis_00,axis_01,axis_02,axis_10,axis_11,axis_12,axis_20,axis_21,axis_22,location_x,location_y,location_z,dbh,dbh_approximation,score,reconstructed,number_clusters
0.2620125948082252,-0.93886457274143675,-0.22334438478032315,0.96482706611864999,0.2497038484196793,0.0821992735325624,-0.021404033422233328,-0.23702595245129163,0.97126750445889964,2.1599152159096366,-11.059983039862399,-3.3494377647912699,,0.1698202778404506,0.2954545454545455,1,5
-0.19371378022859856,-0.93431272276934518,-0.29922350746704496,0.97483244482939146,-0.21761906256913977,0.048411239547055701,-0.11034797622747682,-0.28231485911631227,0.95295416703251701,-12.627665287199928,8.7505450797815012,-7.8559560659235421,,0.1775077472932407,0.5,0,3
-0.089905574479438102,0.98589486844335639,-0.14116761687646279,-0.99442189688162286,-0.081011728653165652,0.06754399176078317,0.055155042198126412,0.14645275073443803,0.98767885120743537,15.383484552085816,5.7221877080502619,-2.8264620997528742,,0.2535100260062775,0.53125,1,5
-0.79190311820535764,0.59221555611644117,-0.14889656299030413,-0.6027088994122467,-0.79720546642463841,0.03471925794069488,-0.098139869298412216,0.11723557223116493,0.98824308075377953,5.7565281376580701,6.3462275405362805,-4.595018117128963,,0.1182624676838504,0.4285714285714285,1,5
0.97798358001610808,-0.047737567015078954,-0.20314832491152618,0.09655443175917984,0.96652700085909526,0.23770317271333588,0.18500097006918653,-0.25208467090603687,0.94985681013911571,-11.296058788471361,-6.3633202272236824,-6.2043239975109188,,0.1913536670979554,0.2333333333333333,0,2
0.98450603110473223,0.048493363808579402,-0.16851192356904168,-0.018587702812958216,0.98444587198015288,0.17470209628214334,0.17436275985010943,-0.16886301788066829,0.97009427849549101,-5.4135731718911568,18.705593258260912,-7.8307028186641583,,0.1909644586765028,0.5,0,5
0.93448563764990467,-0.28742141964862855,-0.21006075443361236,0.32467002393982658,0.93011454222545642,0.17168667361109377,0.14603413498550202,-0.22863916083623298,0.96249580027714376,6.1747135846845245,-9.9543345356618413,-2.710877363530229,,0.08587760507862399,0.2608695652173913,0,5
0.73786155942698661,0.65903626049715147,-0.14571041990848466,-0.6504130057712606,0.75195077604304994,0.10739158408296805,0.18034201131064839,0.015531830484076923,0.98348132732566096,-23.905687392883955,0.84461391932611019,-9.1411534819685425,,0.08620396456991565,0.3,0,1
-0.89204550425596085,0.43632734854090016,-0.11778481757848976,-0.4313990514685479,-0.89975285952673223,-0.065876021172401641,-0.13472073607565879,-0.0079521499443548256,0.9908516975725965,-5.3388691682421721,3.5538356183051492,-6.1057949985959734,,0.08068269254224508,0.2480916030534351,0,5
0.86454648883524188,-0.4278011327227928,-0.26371492085915815,0.48019973204906069,0.85797725475168185,0.18243696902979714,0.14821466183433718,-0.2843610753423616,0.94719121239983528,-1.5732313418022397,14.237585340294462,-6.6644197127242588,0.619187583702656,0.2257603656607785,0.3076923076923077,1,5
-0.2676207850239401,0.96204329999925386,-0.053402287869680432,-0.96352390458166914,-0.26715784098729428,0.015759863536923081,0.000894831193553592,0.05567204797341041,0.99844870792223517,7.6614466457998853,12.093847354692652,-4.813080322272449,,0.2374354748777413,0.3076923076923077,0,5
0.46491644444024255,0.8836833569893644,-0.054373010483626756,-0.87203646848263017,0.46767065030810173,0.14434874601721301,0.15298724562978275,-0.019694857714819363,0.98803188979617818,5.1159293316864103,-13.04984971012936,-2.649776594962689,,0.1287477625456069,0.3448275862068966,1,5
0.63824300640007314,-0.69033714479149522,-0.34070587212803205,0.76736500560004839,0.60592158777559624,0.20978555157097536,0.0616182843142703,-0.39533992460745337,0.91646578280344893,-0.12242517589764082,-6.5281593241084437,-4.1682494617178625,,0.07650918676461875,0.3,1,5
0.6791173316115886,0.72600461915507852,-0.10824482837644213,-0.71209009369542109,0.68740079374668439,0.14285603668475141,0.17812172345225677,-0.019935940457330117,0.98380649007438437,-12.353796832417375,-7.0451124498383138,-6.3049402691407588,,0.1479778580371957,0.618421052631579,0,2
0.7717941004145451,0.61494777842613912,-0.16178101363899675,-0.60823163308938943,0.78814921422552231,0.094207731238513739,0.1854404138118744,0.025691358945179838,0.982319605322439,6.3852355595168238,8.48409829194423,-4.6830348812954981,,0.09266225869792251,0.3214285714285715,1,5
0.90407593156691479,-0.37689278541814764,-0.20149078951943547,0.40327035016066193,0.90841697810291955,0.11023438018901657,0.14149111153253546,-0.18091551120373758,0.97326761127820227,-6.7037802541331919,11.591522567922544,-7.2003365020754764,,0.1505290098922703,0.5526315789473685,1,5
-0.96084858560905229,0.21833542048796103,-0.17058616501179161,-0.22823040048070192,-0.9727651539699097,0.040482582900765722,-0.15710149531275441,0.077830581279110231,0.98451080277884873,1.390270006520548,-3.4757881459654536,-4.235915017452303,,0.1366220847138727,0.3008849557522124,0,5
-0.095096106474573353,-0.93696968860741314,-0.3362209588415091,0.99151841336937419,-0.11920988279164138,0.051771032385704269,-0.08858874918890719,-0.32844604804401317,0.94035909472999413,16.101793419020147,-1.643859488899255,-1.855995366055827,,0.1684799390941955,0.3888888888888889,0,2
0.95853089120820012,0.2422417747334995,-0.15012479200178766,-0.21872510150063995,0.96301120379138405,0.15738091163100396,0.18269608800724299,-0.11801840511647164,0.97606034417991561,3.0954161685757544,-13.356711242661198,-3.0021523032871684,,0.1808564787651827,0.1111111111111111,0,5
-0.19853575421904388,0.97542168389389061,-0.095582911057797412,-0.97973858820669013,-0.19489293676697608,0.046141542855712321,0.026379027188990219,0.10280701234814124,0.99435147967738846,13.188556510451367,-11.692566507744516,-1.2757022811185967,,0.2532696201314432,0.4615384615384616,1,5
-0.68603212506941047,-0.70403542664054397,-0.18355936752946364,0.70659171798001907,-0.70484638962003099,0.062607596357417541,-0.17345912329651214,-0.086750706479402362,0.98101286814726862,-8.8265486361245848,-0.89860952922390458,-6.2946446936755933,,0.3686034916519718,0.9706284153005464,1,3
0.93756955113424278,-0.2448470776512206,-0.24700859367963962,0.30992651097448004,0.91045231847332397,0.27390168597826481,0.15782551942294257,-0.33335639239739745,0.92949697205890458,-5.9080725601067892,-0.87644292852788197,-5.7658754796603091,,0.1778014939260339,0.1693811074918567,0,4
0.9419462825337358,0.29720685468077801,-0.15622191380095998,-0.27822079799730615,0.95135217169861508,0.13237157159326626,0.1879637954038432,-0.081222724253055961,0.97881176979146201,18.719744016410832,1.7564316238477862,-1.7418683777124744,,0.2456216813523632,0.5384615384615384,1,5
0.64896226707494176,-0.70806355411055022,-0.27837740435115776,0.75784188772649852,0.63394265881746947,0.1542477829292036,0.067258078474554173,-0.31106704851490363,0.94800508553917406,9.0282874379948534,14.795534239570406,-4.8415092514719662,0.5231389317589965,0.2900559486014534,0.3529411764705883,1,6
0.94055796261993585,0.2982507261670278,-0.16247222314314588,-0.28260869226671537,0.95259730708329271,0.11265299637806511,0.18836944021664601,-0.060040610244233544,0.98026123003716081,4.5586072663523529,-3.9585405179264748,-3.633738499792015,,0.09044702196304111,0.3095238095238095,0,5
0.9698581567008856,0.17447035271913275,-0.1701036504688303,-0.15922207990010126,0.98220542700584101,0.099603355528615017,0.18445456121507642,-0.069516869767958567,0.98037947737833553,11.018294316985058,13.610366596471534,-4.3359776598172548,,0.09464069246399376,0.1363636363636364,0,2
0.19751168355493129,0.97537980029003357,-0.098098827951572459,-0.97454076396047629,0.20619746794006022,0.088050574072179505,0.10611048128544705,0.078210289612578351,0.99127378476387051,1.9077969966126154,-15.986685698263086,-2.9331690199963485,,0.4354613203206665,0.5818181818181818,1,3
-0.35458275897029673,0.93110679835272891,-0.08550553843080104,-0.93457699968949892,-0.35009864731758072,0.063220003145943504,0.028929201378284097,0.1023282327010928,0.99432994227262594,-10.167644753948711,-7.8550075487394375,-5.8505514438530728,,0.2092413501110052,0.3076923076923077,1,5
-0.1105798759494763,-0.96751253939730064,-0.22735781742439523,0.98974992237594717,-0.12800288093445167,0.063327352931303857,-0.090372463681166582,-0.21802465131600779,0.97175000346114138,-1.0965363829935773,-3.7341048863159401,-4.6318288331225448,,0.07754427196558338,0.3829787234042553,0,5
-0.95045199893525334,-0.23771630039425604,-0.20032962398719237,0.24569640087266473,-0.96922147568782935,-0.015588767229199737,-0.1904580697114219,-0.064036642575756614,0.97960452841410672,-13.287623248307018,-6.7594118315198832,-6.4918303880584984,,0.170306460486922,0.4210526315789473,1,2
-0.80853006433313634,-0.51027569657283389,-0.29308334745693765,0.55473203941516369,-0.82711639693021932,-0.09028194933354855,-0.1963453577647,-0.23557839335618491,0.95181475144482319,-3.5785682979197397,8.4256249065932884,-6.3059984593647167,,0.2202880409839768,0.3809523809523809,0,3
0.16902145930905629,0.9852525063359544,-0.026631655069785494,-0.98387995964438324,0.17026412428271578,0.054684120111835932,0.058412081825619161,0.016959561932989545,0.99814848692758973,29.160924513815459,-11.333973396704105,1.5003439429555512,,0.4624695205740665,0.5909090909090909,1,5
0.85819550797136779,-0.47774416749476817,-0.18777907370763097,0.50093892240406024,0.85931204675161532,0.10316492780110555,0.11207437761782987,-0.18260152445223263,0.97677838691757268,22.120018365515115,-9.42531328470265,0.030948482443993539,,0.3637349410672939,0.4878048780487805,1,5
0.53777644732745222,-0.79971994631863397,-0.26691665395772057,0.84239500595530326,0.52252382115893048,0.13167957420585236,0.034163527941779293,-0.29566342990229849,0.95468109312847471,3.7356211446877756,-6.972891666088235,-3.4431275026485162,,0.1719696244385308,0.3404255319148936,0,3
0.7811106044628372,-0.58345835019776782,-0.22235686897463103,0.61513713748917809,0.78017171923393891,0.11374704650750789,0.10710987665627418,-0.22562899213545262,0.96830730258044539,-4.1174399877223218,-2.0909753712457047,-5.3481793729239993,,0.107790037680433,0.2322946175637394,0,5
-0.19549801523895893,0.98032887437027127,-0.027126078108433111,-0.980235836243184,-0.19447525947166708,0.036291580263933199,0.03030233295067377,0.03368488577010214,0.99897302120147435,2.8735185229009619,19.498327030833295,-6.4305909760202926,0.3427282985428857,0.2504343082113514,0.4285714285714285,1,5
-0.065895398796998891,-0.97227523010400863,-0.22436281631229274,0.99432775161142883,-0.082796000564365202,0.066761850378104282,-0.083487237304555803,-0.21869087593391906,0.9722161189727877,3.1450208272564404,-8.2415143245725861,-3.4020689333909711,,0.07563238742664997,0.2222222222222222,0,4
-0.86269787610253901,0.48716059557793212,-0.13574582381908668,-0.49119768504227584,-0.87103764396233962,-0.0042728222107947808,-0.12032127317011354,0.06299187976787568,0.99073448224336658,-11.312667309428225,8.3850367264462182,-7.6079832003166139,,0.1186419703387151,0.3181818181818182,0,5
-0.84215460207020887,-0.49183544871529439,-0.22107355698724465,0.50488485099958358,-0.86318173222296812,-0.0029299125726722714,-0.18938562100406614,-0.11408412923619228,0.97525273545544222,10.348830621130062,0.042989100451942784,-3.0252709411912186,,0.08897561816084595,0.3333333333333333,1,5
-0.84213182073091364,-0.49999677146951504,-0.20203273257692589,0.50531609735297311,-0.86247434309997384,0.028171781097955428,-0.18833384790950031,-0.078366038654075015,0.97897350613654022,1.2742576943294348,7.2958864036793392,-5.3912019050130198,,0.06827892145558651,0.293103448275862,0,5
0.095903258287071538,-0.9607601964236222,-0.26027372133576121,0.99396983170339737,0.078468618381313401,0.076594057164033488,-0.053165202091618846,-0.26604984664038062,0.96249204692256363,-24.868540759011815,-2.347658977487693,-8.9848405784698695,,0.2101010335220664,0.5217391304347826,0,1
-0.98295858914819934,0.052641670494730779,-0.1761285511985691,-0.060059570953483181,-0.99750694904181858,0.037050432523352259,-0.17373905708465873,0.046997246098129539,0.98366965943985818,-6.6477772885323976,-8.4925963811794301,-5.1647059737946783,,0.06577636273708849,0.1041666666666667,0,4
-0.65672020977580836,0.75133577112279515,-0.064908590366251753,-0.75125531546814805,-0.65929899134849534,-0.030664164552624641,-0.065833251878304952,0.028625146954591688,0.99741996366072194,-4.2242073204547106,1.946731511590102,-5.7261727702772971,,0.1140240474977059,0.3222453222453223,0,5
-0.65119831689642649,0.74639653558214303,-0.13723324576150048,-0.75616520335117199,-0.65350754511513554,0.033794581199799674,-0.064458803216800378,0.12577797958531559,0.98996210156717279,-1.7226948041206016,12.672804472447098,-6.5110519142696797,,0.1046464465291386,0.5686274509803921,0,5
-0.93638079915714634,0.31504953001640701,-0.15470873474457519,-0.29928618381484873,-0.9469670928728291,-0.11696625664493729,-0.18335424496686978,-0.063222770047078533,0.98101177475105017,8.129474379862117,-9.8325603958705603,-2.3548650396439594,,0.3282070669696364,0.2857142857142857,0,9
0.3213362550259386,0.93474569808774322,-0.15163604819555238,-0.93859832361326756,0.33562636410670371,0.079925781991039543,0.12560333640580509,0.1166422891706658,0.98519966415988891,-1.5428135870535491,-1.8423266762856119,-4.9060184714391841,,0.1633950470406352,0.7014285714285714,1,5
-0.98363001421462826,-0.022087132474869545,-0.17884114100275808,0.01702113358518164,-0.99941058844764485,0.029812022913714778,-0.17939419206765375,0.026279921570849834,0.98342619935337494,-5.0833481158611171,5.6275764974273725,-6.2499308561190405,,0.1701902510672401,0.7787610619469026,1,5
0.88295465138131135,-0.35579017219622172,-0.30627510015130183,0.45154384168527734,0.82213762925031875,0.34669565559257692,0.12844937773383031,-0.44441317705402072,0.88656510500952124,6.7686286069486421,5.4518210343965761,-4.212737810541535,,0.3448976888948664,0.2380952380952381,0,1
-0.32405445617153555,-0.84606409782088021,-0.4232779840883662,0.93767510430008294,-0.34660891441651343,-0.025053128005012037,-0.12551537041812721,-0.40501580564904743,0.90565340443419851,-18.262709183640258,4.6151689117052799,-8.4957991626495808,,0.1012139375528987,0.4,0,1
-0.79533647870563251,0.58484478256018735,-0.15936268682553031,-0.5976311483876845,-0.80051887300740843,0.044794468807718112,-0.10137502708725717,0.13086678062470847,0.98620332062510396,10.24859395259719,12.649233635730178,-4.3768786799061763,,0.1653954128928591,0.4166666666666667,1,5
-0.97482579345610521,0.13625604712121009,-0.176490685407416,-0.14375911223821367,-0.98914608169014773,0.030386620830718396,-0.17043470908578923,0.054993806014238818,0.983833162298828,2.1063253575866425,11.580341510220707,-5.7379471955796522,,0.08168796637034328,0.1875,0,4
-0.32107056211617041,-0.91914865006796742,-0.22820923123450046,0.93831546890912931,-0.34139517991484558,0.054894552887810595,-0.12836578573844648,-0.19650722686238686,0.97206333890472763,-11.227928523700376,-11.041013637678713,-5.7128068230025324,,0.1402947675088046,0.4615384615384616,1,5
-0.64722120891560486,-0.67230805282766848,-0.35931405320818266,0.74230363454255543,-0.66309635300786585,-0.096377075970277934,-0.17346475398401839,-0.32909741525988528,0.9282267343674856,5.8574437084294164,-5.7452223668440272,-3.203115492370173,,0.3342530926557013,0.2727272727272727,0,2
-0.11136915687441037,0.9866000693567093,-0.11923595951901336,-0.99247447042082759,-0.10427352351815586,0.064198581417403311,0.050905171249896769,0.1254883876637414,0.99078823575049235,-14.275434538728348,-11.57008349761205,-6.1800180596120793,,0.1159593735043194,0.3076923076923077,0,2
-0.93702095115797823,0.33425995048957519,-0.10130164159432349,-0.31575127018588128,-0.93466288776046924,-0.16342099503816185,-0.14930797857783953,-0.12114277420451895,0.9813417120407304,-6.3225362606679223,-2.2266515524689852,-5.6951300588384788,,0.6790965770435712,0.2382133995037221,0,2
0.42416308985335782,0.89333144419568855,-0.14847425371861162,-0.89485353532703005,0.43863125611053178,0.082702910925877796,0.1390065592652702,0.09778318860695466,0.9854519899554155,2.1737091252811824,-12.69268577122989,-3.2660262137701608,,0.1364095780155908,0.5178571428571429,0,5
-0.98385861665067342,0.044449938306763775,-0.17333904761117244,0.0010946261970896259,-0.9671454056183999,-0.25422149040690739,-0.17894419307625511,-0.25030774533710592,0.95148568480484363,6.9020253194953982,6.7764507502792588,-4.4843604192809536,,0.3763487704045279,0.1875,0,1
0.8845575523191771,-0.40658768212062346,-0.22857032480811065,0.45105544880660198,0.87043510314870409,0.19720982051708136,0.11877255043561634,-0.27754132657008684,0.95334353373206182,-8.1974081500448293,10.442295670735634,-7.3518502419497143,,0.4477767457059595,0.5909090909090909,0,5
-0.30919793962908948,0.9508811099354606,0.014891235577773153,-0.95093019894312869,-0.30932465451355445,0.0070721176497432472,0.011330969380756679,-0.011973841404365632,0.99986410889426125,-1.0064277127008405,17.534330476966581,-6.9285246106430991,,0.6465922792640328,0.3333333333333333,0,1
0.94983898244729281,-0.2537108037084983,-0.18285714507527456,0.27272550314450222,0.95812533214656226,0.08727340851381156,0.15305785624420032,-0.13276549243168712,0.97925819713766071,-0.93480070288027028,5.1640294509551401,-5.4812942128173052,,0.06573410791563819,0.1886792452830189,0,4
0.26859704850135607,0.95516574039921964,-0.12455534474269617,-0.95764217773778859,0.27872658725675531,0.072339124779257039,0.10381273984433088,0.099849376181396832,0.98957213841245539,-9.6810244746824594,-12.879485805232163,-5.2638529738602262,,0.2354336975227301,0.7719298245614035,1,4
0.87783484131002709,0.45710400925333183,-0.14304515408335455,-0.43919365990481668,0.88736118848325807,0.14035330517302813,0.19108877644072372,-0.060382496620386028,0.97971375085801304,5.3399099717324274,-4.4864510533223525,-3.4227387140631111,,0.08767882360210924,0.3243243243243243,0,5
0.95276996727248608,-0.23585410279581515,-0.19131709713971604,0.26033531651262015,0.95869081952988333,0.11461865260678625,0.15638066517271382,-0.15901180693112782,0.97481297325006777,-4.5706060528000769,-4.020277062693852,-5.1874111163172465,,0.3023277862695296,0.5844594594594594,1,4
-0.51208330432706495,0.85194612945300319,-0.1093548441520629,-0.85804750520283812,-0.51317954069751726,0.02003092171296909,-0.039053402472264055,0.10408915178601673,0.99380092585779323,-5.1003433970974292,10.406709941369547,-6.8287365043689379,,0.3809462348392307,0.6035502958579881,1,6
-0.4903797169530667,0.86730141071038647,-0.085533596795674863,-0.87108183157703378,-0.49084519652086489,0.016953930187289867,-0.027279587559787512,0.082820625644633231,0.99619102990862174,-25.451729579962965,-1.1869430328417219,-9.2356221134618348,0.4955007483649494,0.3161578124723315,0.8095238095238095,1,1
0.52862490623439207,-0.81483953207983562,-0.23789124714582469,0.84808437567929795,0.51892347462306432,0.10710424461141831,0.036174579988393088,-0.25836982108025258,0.96536854895818025,6.7043439676403702,1.8392825684853271,-3.7942639630392336,,0.121710727396646,0.3522727272727273,1,4
-0.15202952247120749,-0.92056881767573517,-0.35977781507518947,0.98374057854883179,-0.1761481634989453,0.035018546691142509,-0.095611183517345336,-0.34860418302001123,0.93238062247526576,-9.425351589394765,16.784926651434017,-8.3727354765227808,,0.3073193883578322,0.2142857142857143,0,3
0.12214973180647246,-0.93563361898898134,-0.33116336457583895,0.9910392179946107,0.096810495097533714,0.092027150535059096,-0.054043606617609055,-0.33943697361447472,0.93907498610452222,-3.5622763857633886,-8.5549292703767605,-4.6167244066818709,,0.1863982922594292,0.44,0,2
0.67532914509775765,0.72868256548766575,-0.11380801613175738,-0.71700555051492454,0.68482313349987778,0.13007811635397817,0.17272401776337462,-0.0062445638536966115,0.98495046530775088,-3.2747653978188547,7.0995008468703098,-6.0706880833541383,,0.1425164387423695,0.2753623188405797,0,5
0.76093434820598049,-0.61112169117265758,-0.21796604391191512,0.64471602681306195,0.7499340296386201,0.148122233173689,0.072939443997875358,-0.25323749676588658,0.96465051067266239,11.805316894400354,-0.093902001853435099,-2.7412885694557576,,0.3049727225562052,0.4347826086956522,1,5
0.38526911383069057,0.92142426394909227,-0.050448347187860121,-0.91547718958636271,0.38851391780174432,0.10468262043621726,0.11605699149628193,0.0058533306938833374,0.9932253083991659,4.6531157377754839,-18.120132909482933,-2.2059978056976211,,0.2137227853260948,0.2571428571428571,1,5
0.93847877867076268,-0.26492122343561619,-0.22152726098160291,0.31550369156002506,0.91856740210012078,0.23809945067352212,0.14041012284244875,-0.29334395029114302,0.94563963761623104,-5.1451386198596305,13.718422045335158,-7.1959041516993887,,0.425998383091279,0.5483870967741935,0,4
0.30835694025029314,0.94960333563847388,-0.056298333401271106,-0.94284226291112161,0.31294988868608437,0.114502552111307,0.12635056259515517,0.017772791442286818,0.99182642796823872,-5.0986671768606566,12.507894581139862,-7.0229276486063137,,0.1168918364009107,0.3461538461538461,0,5
-0.82149558712324922,-0.5160404923221954,-0.24258444018710931,0.53841951562960733,-0.84206831763383783,-0.032021455721067481,-0.18774830365733255,-0.15691768135294237,0.96960167891387716,5.3795714058077406,9.3329201065906453,-4.9564271550980825,,0.07472897241990087,0.4583333333333333,0,5
-0.17130985017239081,-0.934613289840457,-0.31169044529390383,0.98024944439762918,-0.19342158110549593,0.041220367790576057,-0.098812762293406797,-0.29847293079314424,0.94928918017203712,12.300809365698534,6.0818231909735987,-3.420449886409441,,0.1416965358191082,0.3333333333333333,0,7
-0.56872139952069001,0.81217233228203145,-0.13012329692561569,-0.82064131432126886,-0.5709852036208527,0.022885158402604907,-0.055711784716402035,0.11979983272783622,0.99123367432815468,-1.6823082488870325,9.7587959480213549,-6.2321760778650841,,0.1533777446051678,0.2631578947368421,0,6
-0.46018723910674197,0.87657984839147007,-0.14083846902498581,-0.88748995610244497,-0.45852766809178341,0.045977770841921409,-0.024275147385654349,0.14615111011654647,0.98896439280244353,-6.9937806366998077,8.751614616810981,-6.9346868358280807,,0.105675211732539,0.4927536231884058,0,5
0.36262987702863986,0.92639217367160365,0.10147469066813819,-0.92208900928478787,0.34088127873230956,0.18317153918123799,0.13509785802295998,-0.15999216971410285,0.97782977781809322,-10.329005933819461,-5.1604292964547867,-6.1705889014757016,,0.5312900601950865,0.1666666666666667,1,2
0.81247730801601026,0.57154263867313637,-0.11497667649399619,-0.55220324024511835,0.81769758936180892,0.16261068173609458,0.18695508931785845,-0.068626995638990898,0.97996843318941451,-10.002050092594146,-10.888911806849606,-5.5399057910198142,,0.1457226567477931,0.3333333333333333,0,4
0.98405110216095126,0.0049981846507355775,-0.1778157655721635,0.023401899152611403,0.98727995303202909,0.15725980241983589,0.17633995421307239,-0.15891290851051706,0.97141695890943736,-12.510730705746635,-4.0350139570437067,-6.6838994520686228,,0.917680046218846,0.8767123287671232,0,2
-0.8414886047710648,-0.49153082385105473,-0.22426407925646641,0.50896905256313529,-0.86045393418979133,-0.023864841719451083,-0.18123860398224095,-0.13422546830469076,0.97423615827218957,16.102567859194327,18.426101825231139,-4.0031897017822242,0.5491148402639381,0.309596713900606,0.7543859649122807,1,4
-0.85244130991199474,-0.47995566021709313,-0.20733156388040891,0.48787382641878291,-0.87279277981547843,0.014556544832635129,-0.18794398806829973,-0.088743043262801247,0.97816242496910422,-11.482517996765401,-8.7706844915949507,-5.9579891752850198,,0.08515958722518602,0.375,0,4
-0.69913535342645317,0.71492583515917107,0.009529313261222843,-0.71074736788431225,-0.69347605190486783,-0.11802179663078903,-0.077768480985495214,-0.089286144817650806,0.99296528021316532,14.052653203196586,4.962264900462932,-2.9736501106088506,,0.09018140891688003,0.25,0,4
-0.090797327910867948,0.99586743290339252,0.0019751776256280952,-0.99486157680822096,-0.090794469880362383,0.044797402043014085,0.044791608978756128,0.002102456075745932,0.99899413984444518,-1.556630722928074,-8.8760893572419608,-4.2153869462402422,,0.1870624490833393,0.2727272727272727,0,5
0.41171125200597958,0.908480485194746,-0.07181262418257664,-0.89812109421664632,0.41784926331494116,0.13704193982228624,0.15450678009318217,0.0080747239878630039,0.98795873078674534,-4.4726569305663109,-15.10251219037324,-4.1249659453253011,,0.3405445166827657,0.1818181818181818,1,5
-0.95562513323907794,0.2474717630399127,-0.15980716886207164,-0.25576156179625237,-0.96616808323922654,0.033245427315338111,-0.14617328151661327,0.072642697002211043,0.98658826789239096,-23.772871079509823,-1.368338791659657,-8.9023404270093618,,0.1396289763198449,0.3055555555555556,0,2
-0.078064029696964535,-0.96038886535460566,-0.26750557857802643,0.99333972354769895,-0.097738637454411317,0.061019278680889168,-0.084747866578765915,-0.26096050668913173,0.96162228190641397,14.640180920798743,13.672044284023864,-3.76278719255067,,0.1296118853539358,0.5,0,1
-0.95526028121725282,-0.21213699037100339,-0.20609631836854245,0.21466790037280856,-0.97663312009546599,0.010268460552818366,-0.20345881076587635,-0.034433211423387317,0.97847783126282795,0.77420549909487957,18.47173956811487,-6.7121045870472775,,0.1275570867574818,0.2631578947368421,0,5
0.56429052588196205,0.82522115946382868,-0.024212401224025921,-0.80835851245425516,0.55824271281866933,0.18687318942961556,0.16772810659696541,-0.085878469700078092,0.98208562289617596,-5.2710990317793405,-13.105213796446664,-4.5351191363633179,,0.324384473041874,0.3461538461538461,0,4
0.6138753443866054,0.78450635393064905,-0.087788622250642948,-0.77630873576021975,0.62011943344190845,0.11312221289409047,0.14318452547882404,-0.0012918630446065405,0.98969516658073942,6.4050701688301839,-7.5990455329366151,-2.8813786357341646,,0.4735027493168256,0.5094339622641509,1,3
0.94054256590903262,0.29861634607466281,-0.16188872588994604,-0.27837519352754903,0.9507374145438684,0.13640242012126993,0.1946456609887631,-0.083226476817519005,0.97733639050983356,-2.7068492177979353,-7.938964061685585,-4.5161073534810674,,0.2211450596925733,0.2307692307692308,1,6
0.90410410523712903,-0.3679652105906544,-0.21724955854580452,0.40545486806796571,0.89923516443982887,0.16426341343970507,0.13491522098473593,-0.23659611752911405,0.96219548965726809,-3.8289724063679813,-9.9147042556291005,-4.5024693946674175,,0.2559452812718951,0.3875968992248062,1,5
-0.9815573008617382,0.074642233045172493,-0.17599375605699699,-0.074740769650979935,-0.99718447273749078,-0.0060782138191772762,-0.17595193229117656,0.0071877936310546179,0.98437251746771059,-7.869643130874028,-13.019076454573025,-4.9180071020975191,,0.2243707605194168,0.5652173913043478,1,5
-0.39651078301567977,-0.86552518257860156,-0.30601528928236998,0.90737224865543586,-0.42013886935389144,0.012606856389026045,-0.13948046932195279,-0.27267102666090853,0.95194312324708519,14.486133274675526,-4.0130763124099227,-1.8477859810341544,,0.3631382451933042,0.7945205479452054,1,5
0.96174266449643586,-0.1922401252680164,-0.195178844971055,0.2230921815463412,0.96307659551981439,0.15070948774002224,0.15899976672999269,-0.18848661862026955,0.96911912001616507,2.4782095216103337,-6.4008910238588106,-3.6740065675259781,,0.1920727171973117,0.28,0,1
0.88369412826830873,-0.4301198414694955,-0.18461205171486481,0.44939319982300413,0.88995021303493649,0.077681209258832845,0.13088330534089263,-0.15160982914484522,0.97973670957544268,-18.660273528724815,0.27732653134306312,-8.1586584405666898,,0.4672178137984793,0.9843444227005871,1,3
0.90198268228986844,0.40687588547483083,-0.1444965559044453,-0.38697089731225126,0.91022474838960399,0.14745993371907221,0.19152223234529545,-0.077090344649341905,0.97845608653598759,2.3962169415761139,-4.645124783885322,-3.9303286163455238,,0.07110314856338643,0.1818181818181818,0,5
0.59089399956471378,-0.77720077527090714,-0.21634055606084759,0.80518373186998016,0.58484470497409868,0.09816225850952881,0.050233845267389846,-0.23219738582090069,0.97137064749126079,-11.987046352585608,-2.3381343771856011,-6.6919327364636896,,0.06725726329971937,0.1375,0,1
0.17780232800564652,0.98313497124810523,-0.042801407275459356,-0.97785562020666084,0.18139183681531201,0.10438097320399936,0.11038441097373901,0.023294416621896102,0.99361594792365615,-0.91166188335291287,-7.4183506503455527,-4.2103029637656926,,0.1723999287036339,0.2,1,5
-0.28102352228592026,-0.87324806997890492,-0.39807485250908881,0.95232779979421789,-0.3050609339028737,-0.0030965053545979736,-0.11873306894508925,-0.37996793928491451,0.91734771131477522,-30.967364552913473,-2.8971931349337847,-9.9662931412089524,,0.2005067732543718,0.3333333333333333,0,1
0.55958598114577196,-0.78544567305646928,-0.26445911665509686,0.82763675891079957,0.54630362222908024,0.12872353179980006,0.043369632287482446,-0.29090797001157737,0.95576755959751625,5.443501902013776,8.0940676440372954,-4.7964037003232871,,0.09953283899696005,0.2542372881355932,0,5
0.028054616224616573,0.98772749414508221,-0.15364678915735908,-0.9967475766432583,0.039258498288258982,0.070377828667433168,0.075546058562186394,0.15117264177762871,0.98561636827606058,-3.2293564907458046,13.811799221356896,-6.9283457879171824,,0.08305741459270277,0.1944444444444444,0,5
0.91929315552366264,-0.3283448925326658,-0.21700167224023764,0.36743805097315396,0.91357655645655877,0.17426174046538787,0.14102968802488802,-0.23993229678533998,0.96049108275658357,-21.475097815220529,1.8681284558312545,-8.7907055027271461,,0.1152524339545317,0.1764705882352941,0,1
0.93791958657682195,0.31406712112925733,-0.14720289583138435,-0.28890477675808363,0.94222969798657208,0.16952057750755986,0.19193977983192242,-0.11646905021384503,0.97447118031287061,14.149195574981428,-1.5872150444937079,-2.1932666817387059,,0.3537110213491126,0.8588235294117647,0,5
0.93315654168349083,0.32334244538576168,-0.15706219062926474,-0.30485060998597646,0.94336438108705145,0.13088067117577915,0.19048615252685905,-0.074251649868539105,0.97887778511278611,0.67057661602258267,-5.8665069822210922,-4.0621526555391618,,0.07320204478624046,0.1641791044776119,0,5
-0.97757584672278608,-0.080465585444742652,-0.19460409415853355,0.091041653216692511,-0.99478351294460032,-0.046012821617159631,-0.18988649579103847,-0.062698101507429063,0.97980205489862304,-13.144965735844041,-9.7631496592846716,-6.1831456776774534,,0.7411303456070648,0.4044943820224719,1,3
0.83037894903830012,0.55715134564719659,-0.0072923958728969424,-0.52444832977727784,0.78592527731986273,0.3275292473406321,0.18821463914337941,-0.26814890735040386,0.94481289846133687,-16.927003536169124,6.1154027397225494,-8.3977258647354986,,0.4246972762608107,0.2619047619047619,0,1
0.92481618600912319,-0.2856282796802157,-0.25125984148378816,0.35247465371252285,0.89183485500542281,0.28353520043848651,0.14309661276834976,-0.35078066828771509,0.92546003812690236,6.8363801466297893,-14.950493058411926,-2.1711657952815684,,0.7094148885285426,0.2857142857142857,0,1
-1.4237562116485699e-05,0.99215481212642043,-0.12501531334872668,-0.99769383569441372,0.0084713159393700176,0.067344242690999881,0.067874958671521421,0.12472796631326864,0.98986661950219113,-6.313819789236466,-12.688056272930378,-4.7255451377065425,,0.07458719513347939,0.2580645161290323,0,3
-0.98269447799381537,0.079149962476052271,-0.16747192708183395,-0.061160173265333496,-0.99205005453653261,-0.10998237358876109,-0.17484563513744911,-0.097836459124924086,0.97972293590549331,-0.30357586203615133,1.6120110045282117,-5.0105314550823339,,0.0870074677301732,0.2992700729927008,0,2
-0.96549400832394983,0.19450013069954161,-0.17317915304220319,-0.19757618155251594,-0.98028738980414709,0.00053467195579421734,-0.16966134613895087,0.034732298352315442,0.98489019442650827,-17.863860039682717,3.7156280024662478,-8.2996250938615681,,0.08804742029760912,0.2666666666666667,0,2
0.62352600702633687,0.76614469533375218,-0.15568437421187994,-0.76450189614417685,0.63917729076871332,0.083601685135681114,0.16356090411143667,0.066893174371677536,0.98426273619838378,7.561391819115296,2.2501219065318545,-3.7120391985343275,,0.06582388554743054,0.3157894736842105,0,4
0.5079589417597411,0.85127107598672547,-0.13158749437057277,-0.84799684499098993,0.52102191977489376,0.097146847604079795,0.15125827042396742,0.062239170162252194,0.98653292967131245,12.020576302016895,20.299031008927216,-4.9380385260085529,,0.1525144746331008,0.2857142857142857,0,3
0.96423906976566653,0.20040412845214831,-0.17343933128554376,-0.1862772465805988,0.97795311276188068,0.094384832710020627,0.1885306440443901,-0.058701742211646958,0.98031132897540485,10.858824813074431,3.126350964928462,-3.2024747922616954,,0.7158686218473453,0.8387096774193549,1,1
0.42085480981080964,0.90712411003434279,-0.0026604611460050681,-0.89738212065095657,0.41676024691494107,0.14496974210982638,0.13261432273740112,-0.058623762978841545,0.98943251200832338,17.853955092699522,-2.8138144426436393,-1.4589417387208543,,0.2243632181686825,0.2592592592592592,0,2
-0.95664470037024663,0.25854954682100723,-0.13410089146673354,-0.24565834790287056,-0.96361010841337325,-0.10539229131771999,-0.15647010372321316,-0.067879973498953985,0.98534735795993678,18.492926182899943,18.531247264525586,-3.6535909889662448,,0.1995743169247627,0.2222222222222222,0,1
-0.11822957591162754,0.99268574546399779,0.024429042804525139,-0.99269137910203864,-0.11875822914713727,0.021454809864696528,0.024199033787549604,-0.021713907120199053,0.99947131674767209,5.5685789922906732,-8.862484494032131,-2.9140850562529175,,0.202577733025878,0.1851851851851852,0,2
0.79268018665731887,0.6085529387598938,-0.036351649310812584,-0.58703034964597423,0.77801451096236418,0.22380524865721868,0.16447945244146628,-0.15606646487535744,0.97395573219005438,-8.3462201599305921,15.741012914792837,-7.9590900186836162,,0.5580687585462989,0.2833333333333333,0,3
-0.46095312681494777,-0.85684170856031483,-0.23096428587763013,0.87430591208469366,-0.48307389694462005,0.04720997971288167,-0.15202429731222133,-0.18017185285770826,0.97181619479433745,4.2221002812483093,11.31893933857952,-5.3106823647809147,,0.06923652342569128,0.2592592592592592,0,4
-0.61781821948867344,0.78581068335055704,-0.028323446117598239,-0.78399142718427239,-0.61835875067065138,-0.054679955839403285,-0.060482144219705304,-0.011576934013906756,0.99810214148123366,7.9789582619735615,-6.2270241593691873,-2.7789834106492046,,0.2751495651816578,0.4166666666666667,0,2
0.50530201895866989,-0.78674183923603791,-0.35455203853847383,0.86022409252953302,0.49181773941976681,0.13464702679142712,0.068442532595110683,-0.37303162009074492,0.92529078140033372,-9.4551993230432885,-3.3732797827510446,-6.1799874880364216,,0.4089650619639891,0.8258706467661692,0,3
0.48397012636249731,-0.82197734034672532,-0.30021020759660055,0.87487668102991401,0.46196752840859545,0.14552249202833836,0.019071176648351753,-0.33307544888895541,0.94270729050361657,9.0350347689051436,-1.510486779967982,-3.0398130035472537,,0.2217460133050203,0.2954545454545455,0,3
-0.27631061876590673,-0.90167022947518483,-0.33263078515881339,0.95662578152076494,-0.29127521241772208,-0.005085740928919967,-0.092301441413376456,-0.31960842903336845,0.94304342212001802,-14.798843345795618,15.43298809727187,-8.9813286212666643,,0.2892295044095419,0.1923076923076923,0,3
0.44610239729224804,-0.84563393260203978,-0.29308002859649068,0.89363858039580091,0.43880768992163549,0.094116411394704294,0.049017739220497694,-0.30389317744504951,0.95144426948931915,9.8749903288546452,1.9095186681694489,-3.2071719234742946,,0.2726419432508935,0.3225806451612903,1,3
0.95689810374652051,0.23115100189394319,-0.175827282779839,-0.21937134266796798,0.97201970249912473,0.083987570327804212,0.19032139412679838,-0.041796079683879571,0.98083171577018857,8.3696808734110242,-8.7285077899093846,-2.401712762314181,,0.07157009426771864,0.2666666666666667,0,4
0.66641945718244899,-0.661209836201193,-0.34450930263120821,0.73807044361531637,0.65046284282563194,0.17930451852836032,0.10553258904310067,-0.37376415373064931,0.92150053176103552,-7.7290832581159936,-4.6036533328671325,-5.7715178900653958,,0.2237954411773015,0.1829268292682927,0,4
0.0096001014683000981,0.99995253422748054,0.0016635335401339556,-0.99825424384626238,0.0096807264312087343,-0.058264467548345487,-0.058277806193493986,-0.0011012846157586651,0.99829979689343307,-0.30360391786955615,-2.5519880711374361,-4.6151543630631622,,0.5734474872836741,0.1758957654723127,1,2
-0.45439269297499463,-0.80126356729752624,-0.38923511698275148,0.86965597608247336,-0.49365727849202845,0.00098724661838654987,-0.19293979329048214,-0.33805204793565108,0.9211379098981537,-4.2575721349210038,7.3234003333841242,-6.2611448056131467,,0.4888435961944461,0.3018292682926829,0,3
0.74390466959793222,0.66347810482815606,-0.080016541814982911,-0.64332539311958925,0.74338597991807653,0.18305661263326828,0.18093722977296961,-0.084699995719474119,0.97984061438950543,-17.698165875848353,1.2170949989921003,-8.0478395324868401,,0.2118497122795823,0.3333333333333333,0,1
-0.55888637748603576,0.82145047339799626,-0.11342458646495371,-0.8281397960992789,-0.55995333850024376,0.025233644585700637,-0.042784286568579771,0.10803415412100413,0.99322612046108494,24.21274819735504,-9.3975541767181596,0.42713317739495327,,0.5439019572960865,0.5,0,1
-0.43341566589890179,0.89749459873969961,-0.081573928350161501,-0.90118154761082669,-0.43115207880823736,0.044493855588061584,0.004762226282663172,0.0927972530434025,0.99567363680496801,15.029527142113245,-8.0233965246463033,-1.310244831607954,,0.4360976600212479,0.4509803921568628,1,3
-0.5485236817843675,0.83511370991653622,-0.041314186802628966,-0.83515834638134967,-0.5496012638967287,-0.021189317891076653,-0.040401819158208216,0.022881045268061138,0.99892149380026296,-7.5995316512278759,3.6823386828233033,-6.5299237193649606,,0.661256102368855,0.4259927797833935,0,1
0.5505142544802395,0.83297159298407286,0.055609179958369073,-0.81967897916029986,0.52669406648676742,0.22521041594553634,0.15830485380049114,-0.16956322009565894,0.9727218963578419,-9.9663137819164067,-9.0264683657809623,-5.6899942832871444,,0.5044668485745525,0.375,0,1
0.109254039432558,0.98792175449393849,0.10988249116800729,-0.98434915990819638,0.092151008188075076,0.15021625437331701,0.138276123230646,-0.12457447044856133,0.9825278189734693,12.129276910802643,-2.9188918591454867,-2.3988099536039535,,0.3616786262705546,0.1071428571428571,0,3
0.59358720114304775,0.80078910573543993,0.079943997739652162,-0.78790428028368797,0.55804262978367514,0.26037524547230623,0.16389350124335808,-0.21754363120890169,0.96219212674529742,-9.3526972960937531,-14.320575684552171,-5.0683712709049562,,0.4393752778607465,0.1785714285714286,0,2
-0.71916308987694944,-0.64681966461023532,-0.25382823253559011,0.67153743479076144,-0.74082201812469273,-0.014839512670619876,-0.17844305487545001,-0.18112718993889415,0.96713546994800925,0.1693070753796207,20.540888039835291,-7.0242745048324995,,0.7024681297802884,0.5,0,1
-0.88405299897173517,-0.37757151017386825,-0.27548148706238934,0.42559855702118349,-0.89392304986418103,-0.14059676092644133,-0.1931739197473803,-0.24153951152253525,0.95096924298469665,-3.9585431681907903,-12.914929074908207,-4.3450738929675357,,0.3379274262914193,0.1538461538461539,0,2
-0.67668549344184026,-0.7082725451021743,-0.2011137608913455,0.7152877512208492,-0.69714785114859024,0.048459329259941966,-0.17452843871069626,-0.11106248463541366,0.97836851369400413,15.55927396343421,1.0099845551402105,-2.1875840926176813,,0.07757753757658441,0.2666666666666667,0,3
-0.85905925252668625,-0.43707689690953933,-0.26642257193454782,0.47533144756341161,-0.87429132054474745,-0.09836006190214433,-0.18994003160356435,-0.2111361480373504,0.95882444242227527,-14.361684601418895,6.8430665917111826,-8.0473268743200155,,0.1956556851087106,0.3333333333333333,0,1
