axis_00,axis_01,axis_02,axis_10,axis_11,axis_12,axis_20,axis_21,axis_22,location_x,location_y,location_z,dbh,dbh_approximation,score,reconstructed,number_clusters
-0.26710281601674019,-0.89372543158509243,-0.36043160046528755,0.95250782491154296,-0.30160512840465559,0.041990356062945142,-0.1462358682341959,-0.33209817743861908,0.9318400460292201,-6.614955714609918,-17.341633791725389,-1.1182751271480438,,0.2041027109893817,0.125,0,3
0.40337201974655329,-0.84338936882084981,-0.35494420159449758,0.91489947883994138,0.36503057755766416,0.17237059223174428,-0.015810038076823435,-0.39426773898949308,0.91885961533202831,0.22223917446637914,14.916600261268959,-1.7585966628366696,,0.58015042674196,0.1818181818181818,0,5
-0.74918980708084137,0.66223597863488015,-0.01257543508887515,-0.65775022286842855,-0.74608177362553452,-0.10356945196489799,-0.07796972029387321,-0.069321682504675367,0.99454272258763032,-13.784341063106289,-7.7462007335453213,-2.9898493637041392,,0.08033814568118419,0.5555555555555556,0,1
0.16805430626203932,0.98577071090322699,0.0037223207990500088,-0.98117901888172132,0.16690481856787731,0.097110835879043012,0.095107744443273967,-0.019972157223754179,0.99526661246258141,3.7264533384202969,11.430977075194249,-0.9384231728321395,0.7412733066541705,0.4675839466953729,0.55,1,6
0.464362268213313,0.87881333323673394,-0.10979439505333981,-0.86920975708323478,0.47600149619796212,0.1337795717163332,0.16982956765855337,0.033312174090612191,0.9849102583516256,-3.8252942079722851,-4.6260521113411803,-1.4609390577911339,0.5579876487966662,0.5101352358211924,0.8536585365853658,1,5
-0.94564712427205333,0.29418113694680398,-0.13859644663800438,-0.29146493724793693,-0.95574614816778536,-0.039968620410235876,-0.14422103421849322,0.0025997936700721072,0.98954208316868497,13.211469915848056,-7.2750707500652609,1.9430710336442134,0.5059200244762608,0.2545198070127234,0.25,1,4
-0.91390432381554843,0.38020883078402334,-0.14219751019300922,-0.38390469839158631,-0.92337140393879191,-0.0015597887578669156,-0.13189416008341828,0.053164794572628259,0.98983707505525353,-1.9278768028256821,-6.7829292067526081,-1.0289326020800165,0.3209448699627098,0.1590395291022633,0.2168674698795181,1,5
0.98323029753541491,-0.015441764979991531,-0.18171332890771277,0.045139321818824837,0.98601065009369449,0.16045385482295696,0.17669358685067346,-0.16596550785061545,0.97017257566359338,-5.8559175709940217,-13.301526777889709,-1.3233751526118886,,0.1024946156250758,0.4102564102564102,0,4
0.97887286654526318,-0.065607273921047274,-0.1936584538565474,0.10807244575547255,0.97002677734995479,0.2176428213667807,0.17357493370268162,-0.2339737951837996,0.95662323072221056,-16.30946036582819,14.599492277968945,-4.6150839087082485,,0.3799716346208359,0.559322033898305,0,3
0.92776690797975558,0.3334433245167791,-0.167523472363973,-0.31308065397520507,0.9398262058747745,0.13677429165411328,0.20304942394437547,-0.074446303375148015,0.97633430716616421,0.0020479183747872604,13.063304836964168,-1.7395838059124502,,0.07260795740907253,0.2903225806451613,0,5
0.94714732530718682,0.29410011299864847,-0.12812910558347909,-0.25079955657914421,0.92789295833903507,0.27588809377089135,0.20002881438219011,-0.22917194723397943,0.95261151159212842,-3.3657287075792128,5.0524772956477966,-1.961925068770749,0.5026227109794938,0.359550169913846,0.6338797814207651,1,3
-0.17166777472458281,-0.91742457003776323,-0.35897400102533217,0.97919350240205238,-0.1989236129128526,0.040118338441409732,-0.10821395462098089,-0.34461798344938854,0.93248495189389791,4.1382323176233049,0.36912344105845535,-0.28859875493020698,,0.3011546225590807,0.225,0,2
0.51357805602665751,-0.83208091643081716,-0.20947297887682437,0.85776988661991516,0.50403788844627095,0.10087927744924544,0.021642596330778127,-0.23148899654686689,0.97259675225747444,-11.012545785529706,-17.328754347847916,-1.8860436569910635,0.3655196188799123,0.4706449488897607,0.918918918918919,1,3
-0.971255949057103,0.023724476870921926,-0.23685233927151006,-0.02529709943011758,-0.99967348656965127,0.0036023617390452912,-0.23668953965396988,0.0094904924465107707,0.97153898139576145,-7.4520252984490902,-8.6057494184308965,-1.9229330135299669,,0.1658865681523896,0.25,0,3
0.65438040800823694,0.7383315295001347,-0.16325695746572544,-0.73151304421775842,0.6727953579398287,0.11061226186045485,0.19150704361521917,0.04704209689852356,0.98036324562131005,-6.4627396350798003,16.075946987892802,-2.9900740960790926,,0.088996260362878,0.3181818181818182,0,1
0.92457993860587528,-0.31313393731489536,-0.21702321172912759,0.34697700120834113,0.92733437235087823,0.14020671342367264,0.15734960362206665,-0.20493437768776651,0.96604503160137678,-3.7650743667270143,13.578397872111902,-2.3804284087891028,0.9969426925141402,0.9259848713578126,0.8796296296296297,1,3
-0.39445097410169433,-0.89170554115839484,-0.2219676933646855,0.90609107477672934,-0.4176450940487399,0.067613161640107403,-0.15299474906079794,-0.17445286837548371,0.97270694634889399,8.1629537435370008,-3.3016717083150979,0.65106012216098474,0.1463258465296148,0.1008964047690805,0.2653061224489796,1,5
-0.11994431022056325,0.99252708824216807,-0.022435274708296586,-0.99022904613116902,-0.11798631926468496,0.074334814619575654,0.071132261624864732,0.031132098739005805,0.99698093952905475,-12.586124915259479,-4.1816112765131193,-2.9582466840904247,,0.1260046412082587,0.2307692307692308,0,1
0.81780833778048123,-0.49498479337051554,-0.29356358253140924,0.56011241705905646,0.80174462430418414,0.20851771544788503,0.13214992589097177,-0.33495613404040159,0.93292056754887787,-2.4866733915486239,-15.864233167737799,-0.53733084738290515,0.7280599251918343,0.326968204199846,0.5813953488372093,1,5
0.87716244169182001,-0.43989407682581955,-0.19255973633863596,0.47374349065151522,0.85825991173606753,0.19737535046736682,0.078442054731903257,-0.26435416599773492,0.9612303152570042,10.364714106256177,7.1800474686604883,0.53462714048267657,0.7899499498814526,0.5568931282629693,0.1666666666666667,1,8
0.66924122838256839,0.72416406662554578,-0.16644092898485932,-0.71528837901643993,0.68852260356833939,0.11957909189949932,0.20119322323831973,0.039026003943877514,0.97877385433977959,-4.6964321123642456,-11.081866673932405,-1.2901396281671571,0.1322875721698316,0.1134814985932031,0.3763440860215054,1,5
0.96269936717933169,-0.18812847554185871,-0.19446749117220258,0.21732361419624149,0.96578208305491797,0.14154651095235979,0.16118428938701729,-0.17852911454549783,0.97064256042809227,1.0991714893963489,-10.670869408006185,-0.25977336972728277,0.312399990867569,0.2724467547333669,0.867579908675799,1,5
-0.96428860933531535,-0.17384619188844649,-0.19981236065881575,0.17477183204526459,-0.98452132741413012,0.013136308090935649,-0.19900322768665085,-0.022254380076821838,0.97974611912356702,-3.2399578229454966,-19.658516641285747,-0.42225460084098532,0.3429938129363073,0.2020047786657631,0.8484848484848485,1,5
0.94599802843225156,-0.25079240974893441,-0.20540422930070137,0.28652282355372444,0.94324272537631337,0.16792210279610398,0.15163245623907168,-0.21770697792442587,0.96416350790616367,4.3666189517231055,-11.021112134536649,0.43993400076784195,,0.1122619209797666,0.509090909090909,0,5
0.97401425966569544,-0.1287275782566516,-0.18634761217698917,0.15161676427574389,0.98181421899657018,0.11425058497315957,0.1682515341934257,-0.13953512092779091,0.97581830853352303,-0.0028375362388393909,-5.9912186206537728,-0.73626756667274518,,0.07437236625067098,0.3364485981308411,0,5
0.97448278284913226,-0.1210628896375095,-0.18901609106958647,0.1538609541211185,0.97339540539435399,0.16978866733118295,0.16343228789792158,-0.19453832915334762,0.96718391516953672,-1.1647719220477279,17.13691827920729,-2.0756156012125651,0.3970010443363103,0.3955200039819976,0.5,1,5
-0.29213131497477057,0.94790498310058791,-0.12702534323585324,-0.95502490509213278,-0.28207012498130596,0.091454224871210466,0.050859861038691667,0.14802900933974136,0.98767438304788513,-8.2605998789432586,-12.909036089832652,-1.8184803317633311,0.2517366464582057,0.242815914113265,0.6944444444444444,1,4
-0.48960664062662623,-0.84866073188499225,-0.20015069225646062,0.85495619950782153,-0.51233878223791773,0.080986845463389509,-0.17127531747876801,-0.1314683778381652,0.97641222403816219,0.97485871242408573,-6.371451883591182,-0.53043266058264704,,0.07206906578512437,0.2736842105263158,0,5
0.65564413448582126,0.74677190142649186,-0.111635550584033,-0.72715395484503109,0.66429508701663309,0.17308715526807314,0.20341557184141137,-0.032307345997866645,0.97855931885962122,13.42418813382749,2.7660838163184485,1.3669360787673488,0.3747000437793533,0.2868523346425948,0.3181818181818182,1,6
0.9773672633198085,0.15676341193128587,-0.14205092491923535,-0.1044051500113676,0.94144290941990372,0.32060070641545785,0.18399129664702091,-0.29851378692222708,0.93650238749054937,14.469040412572076,-1.8021011055153351,1.7822458010530347,0.8323270810504669,0.498191820732709,0.28,1,3
0.62581009996863146,-0.72304357512547457,-0.29252300293656291,0.77996070660360006,0.57781329955490213,0.24040192805360461,-0.0047973880044515603,-0.37860240269608653,0.92554697651771611,8.1755295100358563,7.5094264807041791,0.12942521457082529,0.5568986905255398,0.5020253329880939,0.4545454545454545,1,6
0.47422153462819772,0.87368940966090958,0.10853917053879039,-0.86456753525280372,0.43885896852344491,0.24479743204010534,0.16624353545858239,-0.20992765704620642,0.96347987302554561,-10.233594630335075,-3.285810269518068,-2.5839611356889978,,0.3901860833100669,0.9097664543524416,0,2
0.71867587461683269,-0.66432892578703029,-0.20535838333601095,0.69153498564947546,0.71373149159225957,0.1112057621360812,0.072693540748195382,-0.22193340503884756,0.97234829812230972,-11.104443475078529,13.713492760034566,-3.70543469898438,,0.08494344962032682,0.45,0,5
0.29877457752486458,-0.88907873062557352,-0.34680363691007865,0.95250814066647715,0.2554129400582677,0.16580854023506225,-0.058838709952965404,-0.37987266392833635,0.9231656218745693,6.9223808341483437,14.157224097584219,-0.4936415006007619,0.601509137415023,0.4134012946406672,0.4347826086956522,1,5
-0.98170779456704371,0.085132042174785844,-0.17030073834679274,-0.070218990094781636,-0.99330199592931123,-0.091762946295965375,-0.17697203032225531,-0.078126053772078707,0.98111019778902619,-5.8408498848098791,-7.3086465809917662,-1.6816882689848138,0.6282334318443213,0.2307891065314735,0.1641791044776119,1,1
0.96829928674223764,-0.14996726427525572,-0.19976564003919331,0.18602667326817082,0.96664834848834391,0.17602570038927032,0.16670503329908873,-0.2076072975850114,0.96390281764408015,4.7592555787381059,-28.708783147083665,1.6566784956926692,,0.1424372925604232,0.4666666666666667,0,2
-0.73412598186065958,0.66965366265559212,-0.11235219111826006,-0.67549607503000064,-0.73707598784578365,0.02059225000398689,-0.069022426617640367,0.091010769874302191,0.99345505403651768,3.3103604470155847,4.0826468130259297,-0.59426923586122782,0.2641688097574691,0.1280952175934513,0.1886792452830189,1,5
0.92084824595995396,0.35960227858058891,-0.15074716963222429,-0.31651707161394338,0.91515643514363887,0.24961098251503699,0.22771792043976652,-0.18213978273523043,0.95654045824301293,-1.2309773284929992,-7.6956356893269193,-0.86322494369634406,,0.5943531176101365,0.535031847133758,0,6
-0.97889009635410051,-0.065241350370178738,-0.1936949804763568,0.087359485360260045,-0.99031250957466455,-0.10793263499757992,-0.18477689135130287,-0.12257528128381306,0.97510655871076135,4.1232983641330661,3.3513312118734055,-0.36984596937060354,,0.1912717970629206,0.131578947368421,0,5
-0.42047259384886482,-0.84838163959245905,-0.32163860375337044,0.89254788955379694,-0.45044798364953276,0.021327889701798899,-0.16297565055881613,-0.27811006387486309,0.94662227403354982,-3.317628852519662,0.037139969306385107,-1.6330680970671483,,0.5071403224820339,0.222108843537415,0,1
-0.13221430688937369,0.98851876443150244,-0.073143895306298667,-0.98891126501926896,-0.12651181214921522,0.077777061558735455,0.067630518050301736,0.082616062321669181,0.99428401338586869,-9.2444282710023344,9.579129588196583,-3.1869294998237292,,0.08558102123284539,0.375,0,2
0.13227434550808839,-0.93608970156469007,-0.32594411813213608,0.9884602281227961,0.10008059075296932,0.1137112693358317,-0.073823268282000989,-0.33722388109246604,0.93852553459194576,12.15629303995429,3.8485938071908832,1.0430166254357911,,0.1002991672150953,0.3333333333333333,0,5
0.70074240394067988,-0.67377121426580355,-0.23450465698194681,0.71195277163498427,0.68147790485321136,0.1694435485881354,0.04564355683664359,-0.28569252006949791,0.95723374872370559,9.9754461631598002,-20.579078915288679,2.1863304237159213,0.2683920496911782,0.1887899475290152,0.2857142857142857,1,5
-0.73995771108480501,0.65029453077841737,-0.17198723512463118,-0.66825549244075533,-0.73987465255494467,0.077589273288670935,-0.076793115765027412,0.17234419556915268,0.98203884629108307,4.8722412389494147,-3.6450538456448554,0.036841683545222353,0.1869179644902577,0.1523941262435593,0.446969696969697,1,5
-0.71927275513671307,0.683617385438817,-0.12374964260085095,-0.69128667006796696,-0.72197123618292436,0.029669410355484302,-0.06906115771100392,0.10688687688531422,0.99186982615932007,-7.9578747295585019,7.8839063920635404,-2.8986761843286595,,0.1241439896407756,0.2978723404255319,0,5
0.89092609270837031,0.43885308134667733,-0.11687031412605978,-0.40657285997087639,0.88539788130977104,0.22531999757516324,0.20235910374010696,-0.15322716718877286,0.96724982727773368,-0.6110926584707439,-4.7817537594579616,-0.90035423020981165,0.3663728900028237,0.4819705714897738,0.8006230529595015,1,5
0.0018525796162840204,-0.93032021330388748,-0.36674360071714207,0.99445151567015388,-0.036860146899723667,0.098526709839841728,-0.10517961271129921,-0.36489125816980045,0.92509005982183223,4.2059690780301713,8.1179333213922646,-0.70418922179098431,,0.3915443472705771,0.2564102564102564,0,5
0.44020428111118526,-0.79212103903674103,-0.42280545219608778,0.89789747853042245,0.38805455955358431,0.20783112581705102,-0.00055582379757120981,-0.47112410076860567,0.88206676206219148,-9.5022797013388978,16.451728966479408,-3.5475907568553025,,0.3097648229925595,0.1428571428571428,0,3
-0.40530526067308498,0.90199249886627408,-0.14878567693059616,-0.91412425917028906,-0.39805647593774784,0.076992731867301351,0.010221764382522759,0.16721415595874078,0.98586760854584976,-8.5189957174573472,10.156602989256754,-3.0852442775051716,,0.07311296123188307,0.2926829268292683,0,5
0.14043789075537269,-0.96478539016684206,-0.22241031846745832,0.98791730220397633,0.12167645404778163,0.095990856524856741,-0.065548477070025105,-0.23320375522485115,0.97021616442050074,-5.9998343039352369,-9.3040755381335245,-1.624371391444638,0.1340317121485451,0.1034351052378126,0.509090909090909,1,5
0.81528422192227556,0.55855930048104874,-0.15271917145765573,-0.54140417912004579,0.82883231047450845,0.14113297256431201,0.20540971816333445,-0.032380688065747308,0.97814024491606,-5.7833664724856577,10.438855478860104,-2.6449343483016805,,0.6054471911114762,0.8064516129032258,0,6
0.7993616993001641,0.58532618979213769,-0.13569865598219383,-0.56603095912070012,0.80934733470941489,0.15673495179974298,0.20156841768703623,-0.0484782770133807,0.97827400540388454,-5.3113367585481486,12.931115127020616,-2.6377793815368431,,0.08294086193257695,0.3478260869565217,0,2
0.33135261493616847,-0.89587551667922816,-0.29599409316689085,0.94303986668189566,0.30459842920987396,0.13377446232921544,-0.029685929723635745,-0.3234607480631988,0.94577581383689457,-2.2248936840926721,-5.8588348606744622,-1.1461501276635409,,0.2410416160898561,0.2816901408450704,0,5
-0.97308026236052014,-0.13273530854693277,-0.18840419546637746,0.1508229418207766,-0.98489116809423671,-0.085098926141857864,-0.17426199592828326,-0.11122376038833318,0.97839768596423549,-0.46906945201367312,-8.5043444280142886,-0.67530585904949958,0.2238194984536319,0.1127480315349787,0.25,1,8
0.16021018310503507,-0.91930694094911336,-0.35945437200322794,0.98625960661259082,0.13421488304254803,0.096324210530130752,-0.04030738882424701,-0.36994744693355963,0.92817789292436426,-10.609163978413218,-4.7527983260897395,-2.6075883124650505,0.3746485871072006,0.4210253057093861,0.6871165644171779,1,2
-0.93267492055342427,0.32814691852603822,-0.1497901613342148,-0.33109684894381641,-0.94358061091359269,-0.0055233438610384246,-0.1431515602085435,0.04444356612376113,0.98870238203418082,4.4497727036532231,-6.1777120525890838,0.13930564507216794,,0.1353224434960789,0.15,0,1
0.080218513024625349,0.9955196134102845,-0.050056862502108619,-0.98996843203332408,0.085429733501910313,0.11253561307991966,0.11630775445170793,0.04052727414013458,0.99238603693581406,0.7268662995927313,6.515732760555446,-1.2797716727965736,,0.633988843959737,0.5961538461538461,0,2
-0.602703546149713,0.78891206005481285,-0.11985907124049297,-0.79688089032943621,-0.60288377176314867,0.038884500413480481,-0.041584637624095221,0.11894922969364795,0.99202913196587228,-13.00819294149407,7.6933501556739712,-3.7500757009264412,,0.5155334100417373,0.2564102564102564,0,4
-0.98175131292235995,0.056556979963157644,-0.18156449981389849,-0.06938691635757116,-0.99546327022722214,0.065102484337492272,-0.17705879083968584,0.076512650234931562,0.98122168694970102,-11.341031553957276,9.7235241419281202,-3.5729315368708132,,0.07562284655105025,0.2857142857142857,0,1
-0.20940352851534991,0.97571364732410915,0.064288728956201996,-0.97595018207935502,-0.21262294438755272,0.048090805974116344,0.060592114541362159,-0.052672212270328589,0.99677190656135306,-18.12955976163413,7.676860101709706,-4.6595592541159636,,0.1554712138736165,0.2903225806451613,0,3
0.97687544352775113,-0.099075468879010836,-0.18946878185828944,0.13170880687648381,0.97690810040146681,0.16823600554331686,0.16842552663902546,-0.18930032973136091,0.96736664566231834,-4.1731466042609151,12.474090179806971,-2.4062758724690632,,0.07692156726419766,0.2222222222222222,0,4
0.37588780995718191,0.92318150026479173,-0.080276222472419625,-0.91631786616808952,0.38320294151314488,0.11626295092088476,0.13809389004134912,0.029856710879151729,0.98996901686301597,-12.697754073736338,11.162478273636498,-3.8488847156739405,,0.8558071896750821,0.6333333333333333,0,4
0.85804479248926324,0.49306226650664015,-0.14369667856075383,-0.47013445240728174,0.86671645337701364,0.1666618915807577,0.20671896560732567,-0.075446608889374087,0.97548709805170231,-11.384638284186478,-10.415655822703888,-2.4364004684346154,,0.09494478470102372,0.4375,0,2
-0.88209757321995996,0.46831301437425743,-0.050860514027612339,-0.45499841015341941,-0.87498719245613332,-0.16545047535620103,-0.12198490921961272,-0.12280200977764445,0.98490575605854447,1.0308012338378407,-30.145987009484728,1.1450358540713383,,0.3090025010338475,0.1666666666666667,0,1
-0.18978554697560687,-0.91002995777554962,-0.36854704192301146,0.97458760818776768,-0.22010566428386349,0.041623196861919114,-0.11899764756505291,-0.35128189890911199,0.92867679381623014,5.9809691098004523,3.1639662793134873,-0.019356075831943074,0.465373669488895,0.3069245565595808,0.2941176470588235,1,5
0.18678777087440276,-0.93975217004237122,-0.28631483990953988,0.98005377719555498,0.15812053759818748,0.1203847556561269,-0.067859578959030442,-0.30309034047675293,0.95054264662517329,10.132421755204211,-13.201496917521519,1.723520600925698,,0.2211234834175552,0.4285714285714285,0,2
-0.8817952654080965,-0.42705383036981326,-0.20015527939661071,0.42466733625511882,-0.90355684124646507,0.056944606019286755,-0.20517008412984167,-0.034785925360421292,0.97810795721892207,7.5852164919628571,-9.9434746521760609,1.0090917780351867,,0.1165009959901407,0.4166666666666667,0,5
0.53055974544139384,-0.82717074787219069,-0.1851888505869756,0.84743103641817408,0.52254824533269728,0.093829471995419314,0.019157114406499427,-0.20671692036280112,0.97821322818868917,-5.9098036432312622,3.7055081032032131,-2.3139398908095461,0.2296959934689793,0.1660135712299308,0.7134935304990758,1,1
0.4143976406088164,-0.87072217114036632,-0.26479708484508163,0.91008092828501963,0.39813327777965307,0.11507648368066697,0.0052248856182400263,-0.28867420010980638,0.95741313274951489,4.9412202016916726,-22.035311813163091,1.1577601352527234,0.491066364727759,0.1783354605416262,0.3846153846153846,1,4
-0.57459954281569026,0.81072960806047334,-0.11203958233638314,-0.81796349570464155,-0.57350697469447098,0.045005218268981344,-0.027768418943883905,0.11750426626683302,0.99268406974145118,-0.47045035831128079,11.813437824467721,-1.7301968699801138,0.155596172208016,0.3041794158017757,0.1111111111111111,1,7
0.75247161640454918,0.65862369550902244,0.0011376377118863278,-0.62804155531228001,0.71700941925721362,0.30242568921532714,0.19836902809273724,-0.22828123096407213,0.95317228677877042,6.7863391945477227,-5.2861796245754631,0.53819637246640128,,0.2629946486265464,0.391304347826087,0,2
0.35775786690810274,0.93144531305381162,-0.066475088984149971,-0.92694823857747422,0.36284307106621416,0.095456109167280742,0.11303217092262551,0.027468792644105362,0.99321155539350892,-14.741396569570007,8.1292653461313975,-4.0569021940259846,,0.1785765398419745,0.2068965517241379,0,3
-0.24391622088359594,0.96975000477290696,0.0094765728410717079,-0.96867946841204511,-0.24409251970405602,0.0455952771839718,0.046529180809714889,0.0019416661587971871,0.99891504406816545,8.3512920526021386,5.0171311948861064,0.29948228904174268,,0.08583189595055586,0.4705882352941176,0,5
0.96704109709686525,-0.13067980528842912,-0.21852758410660561,0.18945065380977452,0.94270147933809689,0.27463133583918037,0.17011750731991221,-0.30697998199156556,0.93638844736557825,8.9054950282110141,0.80972980194962829,0.59644836458193284,,0.3331686987913256,0.2380952380952381,0,2
0.90616873734953995,-0.34625776705821859,-0.24282458319164937,0.40107524678846129,0.88572984801437671,0.23371196535480337,0.13415239790595199,-0.3091734061789374,0.94149611738328387,-14.12712232658215,20.16402532333252,-4.5351125153297849,,0.2306326942569482,0.45,0,4
0.89760337746468799,-0.3855745010708827,-0.21363632857715673,0.4219888526986838,0.89171241699378889,0.16362876757204217,0.12741108649578201,-0.23702588361408267,0.96311221855759355,-2.6821928072459982,-4.3943293852723544,-1.2812834841793916,,0.06659509295190305,0.2556390977443609,0,5
0.68767126548118096,0.72251199175577319,-0.071306748633039374,-0.70042520847340617,0.68606839160272082,0.19676048734092819,0.19108311795261951,-0.08536148904957272,0.97785513151015557,-6.7694909311905453,12.245182421947565,-2.8743832774021314,0.5722160357149447,0.4237926010700516,0.1951219512195122,1,7
0.7850480435270093,-0.56370498206243203,-0.25678057277062177,0.6130219497178665,0.76651743987820486,0.19145522590587233,0.088902522565567479,-0.30771367788994369,0.9473165436753036,-11.437828010374901,-5.915088985757647,-2.7055492211593379,,0.4475318040688293,0.5773195876288659,0,1
0.98309308536438667,0.0108309903471503,-0.18278587242134159,0.01271887292157714,0.99179860157440913,0.12717611484335919,0.1826642159273015,-0.12735078940920019,0.97489258929202949,-12.835800711385088,15.707928908377617,-4.0839685345447121,,0.07965157643719796,0.2857142857142857,0,1
0.65824451561434605,0.74878716289372138,0.077665580209040824,-0.7279365988306008,0.60680621588869543,0.31920921735090818,0.19189180739826381,-0.26665333495835736,0.94449644425429902,-23.172462171141472,4.610782836802187,-5.3861480420071901,,0.4122516307467182,0.2631578947368421,0,1
0.89083960791056482,-0.41108798356291998,-0.19342043001690137,0.43695261300002791,0.89184394453588056,0.11699056623133447,0.12440742329217611,-0.1887353924542311,0.97411587845848613,-1.9184946755094192,6.4413953893561349,-1.7495299152849313,,0.07034932057488937,0.2315789473684211,0,5
0.25792556199111039,-0.92765436378510802,-0.27005885621845105,0.9637650001826763,0.22734124127361938,0.13954563568616785,-0.068054602301803865,-0.29626566012047034,0.9526779255020692,-9.3154833074085381,-22.939918522777937,-1.0678379820780086,,0.2604015706111059,0.5,0,2
-0.34738688407561591,0.93739989856013273,0.024571995272858305,-0.93590792363810738,-0.34822493398720145,0.053063677040112833,0.058298466906454231,-0.0045634996509065183,0.99828876745523643,1.0746323474230184,11.497431933513797,-1.4533467967759666,,0.6062338802088508,0.5675675675675675,0,3
0.9822941359991636,0.078357590887930206,-0.17017143806143264,-0.023174755019394557,0.95217655205712581,0.30466825309243201,0.18590632348429498,-0.29533015704943327,0.937133361494355,-1.3960876506835436,10.97572526696708,-1.8549557226405775,,0.2346339411491613,0.24,0,1
0.9393491149059916,0.2877774295338319,-0.18656739097771161,-0.25382905997768784,0.94917933049479664,0.18608978175142396,0.23063835031532193,-0.12744704630688697,0.96465703840871697,10.302092920246549,9.6955248650732706,0.38384857890366447,0.6609890246438002,0.4443225780323202,0.45,1,6
-0.28833489107608951,-0.9300471312754155,-0.22776155117690261,0.94740777350724958,-0.31159303309380015,0.072995153438026761,-0.13885784560540551,-0.19473601447543104,0.97097702515561579,-3.3515885080839531,-25.739725081806597,0.088588583622508113,,0.2731129548553859,0.6,0,2
0.73816304120058496,-0.62836865532952069,-0.24549573846580999,0.67002166340916325,0.72529052479715694,0.15819173556757701,0.078653004824491474,-0.28125875566608438,0.95640327121630242,4.7728597357196891,4.2219370313813469,-0.37635487346020974,,0.08204747494120372,0.3478260869565217,0,5
0.94992486745843518,-0.19515037709540081,-0.24404728333582426,0.26150266861840787,0.92399995148789793,0.27899900350325962,0.17105291722015295,-0.32884710728526023,0.92876287584107864,-12.826716599326122,-2.8513596406342332,-3.0360028677036874,0.8294157276500864,0.6210808920565754,0.25,1,5
0.51848641913591442,0.85443897814768532,-0.033254560492609338,-0.83915961069651279,0.51591546941492661,0.17216961460737989,0.16426497175994212,-0.061361722924929051,0.98450584458010715,-9.5724168379312484,11.70798155714604,-3.3213441997320645,0.513527608773526,0.4481611805831812,0.8720930232558139,1,5
-0.8682495455756174,-0.43048506121648333,-0.24662793571932393,0.46200116119392132,-0.88273150727421434,-0.085673876536913135,-0.18082492544780041,-0.18832869705606378,0.96531582821476791,10.230835660663622,5.0977413382146484,0.63116538947769207,,0.2442965673503792,0.2352941176470588,0,2
-0.96786981016460261,0.18215606986535834,-0.17334127259006527,-0.19153252993977343,-0.98071690627444452,0.038854082441266681,-0.16292120962847817,0.070806185878703659,0.984095098806261,-19.404187007717447,4.6143177183479196,-4.735702192675034,,0.7743697741652877,0.3666666666666666,0,1
0.62872994298899942,0.76881867189738728,-0.1166897961733909,-0.75606007004657072,0.6394666307586262,0.13948332741724198,0.18185661733966152,0.00052715097361555568,0.98332491722808846,10.443003980327804,-13.783575938035749,1.814620145396161,0.7573408819853266,0.564219670858507,0.3333333333333333,1,5
-0.8723515778837686,-0.44667013463088001,-0.19871717437738029,0.44582593764898398,-0.8936343632234246,0.051544720250166917,-0.20060398271994168,-0.043628152551941739,0.97870047840072161,-12.274846817055957,13.316046424038072,-3.8908070414334581,,0.3293694071369472,0.3333333333333333,0,2
-0.98060138404621267,0.012368089533097797,-0.19562197209913093,6.4749150215205441e-05,-0.99798681369652431,-0.063421727313328652,-0.19601255422599706,-0.062204099938508367,0.97862644994739467,2.9336192129056959,9.468675880943179,-1.016729898894327,0.2717688916954836,0.3258692835836082,0.2058823529411765,1,5
0.70523268472276646,-0.65815832596227963,-0.26358011754540578,0.70758551239702605,0.67667174257751894,0.2035634924119325,0.044380210055364286,-0.33006510079624379,0.94291432600836445,-9.8146756019814063,-17.458914179885078,-1.6715478710087053,,0.2687118881986585,0.4545454545454545,0,2
-0.96070255813512939,0.21407253654238062,-0.17670185027591045,-0.19126299475230985,-0.97185661418974512,-0.13752522784574223,-0.20116923629371647,-0.098324313137476166,0.9746092898259523,2.5478636979947979,-16.284058118350274,0.34459146408905778,,0.3116418661207274,0.2857142857142857,0,5
0.0060214515107234745,-0.93600916405440493,-0.35192412098047293,0.99601133757163407,-0.025716744864232643,0.085440414689726504,-0.089023353961016752,-0.35103488977559272,0.93212088733692133,-4.6630728134921746,-15.624989050399458,-0.97949129176689431,,0.2221579432562448,0.35,0,4
0.96791090786308298,-0.107393755358948,-0.22718947103588424,0.19129942933794555,0.90114366589183437,0.38903036097199711,0.16295092136787362,-0.42000794603546299,0.89277114788305789,-17.586215161170806,4.3292788903027484,-4.3714122918281291,,0.1207703708482443,0.2941176470588235,0,1
0.92146422448978715,-0.33573861533596194,-0.19540538671624486,0.37090874578326072,0.90991437970708722,0.18569470618128525,0.11545728771681253,-0.24358859532941246,0.96298193697416767,2.4340245735545043,5.0546096311602371,-0.81924640290417228,0.6528665461695388,0.7142065294962771,0.7380952380952381,1,3
0.19738766524258894,0.97760679533882022,0.072959326459625093,-0.97183488174777899,0.18536151371414025,0.14552687673376169,0.12874421240724002,-0.099629628830810585,0.9866604607617937,-14.871664033939897,-9.6703530474924158,-3.0372384343569183,,0.4025740533249427,0.2857142857142857,0,1
-0.75230838382518639,0.65879680567097698,0.0043433240788406831,-0.65533792034930272,-0.74764994399211204,-0.10747916728763396,-0.067559646080984997,-0.083703823606267255,0.99419784959287849,-3.2539145782902033,16.332042642677933,-2.4049889926627506,,0.4068026249857651,0.2,0,5
-0.74881058686392554,0.66278274184573849,-0.0013198908850842518,-0.65441445572870127,-0.73966866221930183,-0.15694581951748787,-0.10499726250627278,-0.11665893554354612,0.98760633231264561,9.0389723236184274,-2.2602290857245797,0.74819466957418868,,0.3492894456762494,0.1363636363636364,0,3
-0.10877514075124134,-0.94853713795756256,-0.29739748934687427,0.98654894748866773,-0.13973148687606712,0.084830924693801449,-0.12202107589899995,-0.28416968432730494,0.95097762725827095,9.7707102264161456,-9.066824721732436,1.37793848375299,0.4081555132851418,0.1889036078483439,0.34375,1,5
-0.8095136718486754,0.58690815300682297,-0.015047758111911102,-0.57908517705323415,-0.80241975146478839,-0.14416275585743896,-0.096684915096925034,-0.10798778816748927,0.98943957107010516,1.5045781267579561,2.2636618624848306,-0.87276433675936504,,0.6593260145203979,0.4854368932038835,0,1
-0.045799137619404032,-0.9757008864931761,-0.21426670084208246,0.99314870480038264,-0.067557309141748748,0.095350197350868263,-0.10750855383011254,-0.20843173961265546,0.97211013819186209,6.264934050841517,16.490855335986407,-0.72690933524867907,0.2180603373610134,0.1849331085596925,0.4444444444444444,1,5
-0.79835444728279437,-0.55023030049765487,-0.24469734963428846,0.56675411620360672,-0.82387961740615223,0.0034853678373528885,-0.2035189137894885,-0.13590067121597904,0.96959324424884175,3.3260130242149577,-9.4835486072866662,0.1102085097590931,,0.07356530265909297,0.1818181818181818,0,5
0.14250905407644321,-0.92731632003923292,-0.34608613392496995,0.98518965583315521,0.099207634981787793,0.13985416404479759,-0.095354661897498361,-0.36089096379684438,0.92772043240633573,3.1550470707838381,-11.833992269699745,0.24904578607021527,,0.2152456404030225,0.5789473684210527,0,3
-0.33995929582843576,-0.90220210123810896,-0.26544122833760292,0.9281920148145234,-0.3672940158656246,0.059621217228919492,-0.15128536219472732,-0.22611164151994395,0.96228180111377293,10.862235417429543,-7.3055669351585877,1.4746082817568851,,0.1215641580786885,0.1,0,1
0.43683362875529108,-0.81721913119136047,-0.37593785710316863,0.8995362802668917,0.39532223882992701,0.18588923575639868,-0.0032956444117202429,-0.41937241099210615,0.90780830555056014,-13.389827336431692,-5.1916156015756263,-3.0234149776093604,,0.2688806108619144,0.1071428571428571,0,1
0.06487398722889394,0.99482507492104366,-0.078194859737485509,-0.99256391510859465,0.072416915605751184,0.097839995699343124,0.10299631161028665,0.071266125490931795,0.99212544526999569,-0.036377892403101485,8.9078698427977461,-1.5226269874056768,,0.07137957655407498,0.1153846153846154,0,5
-0.21718242859775205,-0.88201831511754503,-0.41818116230360186,0.96694432349624582,-0.25303325991625625,0.031509437229849543,-0.13360564346902326,-0.39751460498120267,0.90781698092725072,-2.9039263076620991,-6.2723582648776288,-1.2650741094101803,,0.2404089944226435,0.1564625850340136,0,2
0.96133117570966686,0.2127927038655178,-0.1748188656589208,-0.18394172186129451,0.96856730996214335,0.16745987289915068,0.20495807758508047,-0.1288279133351917,0.97025540718840053,-32.465443068197878,0.79331683724072399,-6.5367626799163521,0.7717972324858142,0.4553455044479211,0.9642857142857143,1,5
-0.86287010562873223,0.50405884972487813,-0.03714642413872702,-0.49217826808819676,-0.85469801227742714,-0.16508137457241781,-0.11495970265255889,-0.12416112041637013,0.98558017580660984,1.8049466628470565,9.6276307667876839,-1.2426078537249858,,0.2210548558062132,0.25,0,3
0.50588570014077994,-0.79440217165675009,-0.33616193725660293,0.86256526341195727,0.46939411802418912,0.18881294531719536,0.0077990222549786875,-0.38547937899624773,0.92268349048876652,3.6225403057131658,12.987356235678428,-1.0062655813545698,0.8287135984277546,0.5833484779952087,0.2295081967213115,1,3
-0.63880094456302039,0.76370249942421253,-0.093230068103616087,-0.76710017727713187,-0.64152662467186128,0.00095281610128443374,-0.059081902870398023,0.072125461595338294,0.99564413649801276,5.7329003100685654,9.534291656194462,-0.45830150852216006,,0.1154316552511024,0.25,0,5
0.75228097188344745,0.65240582522724766,-0.091869355890045218,-0.60704059118400822,0.74055809417427565,0.28822808643145115,0.25607627769293129,-0.16106007687357105,0.95314458065941587,2.5232906723296074,11.835144013391437,-1.1756668323010855,,0.2196629790369247,0.2,0,2
-0.83761379768985056,-0.50884893360662153,-0.19868540129307632,0.50444001256332294,-0.86008364436101958,0.076134081906739176,-0.2096268104148441,-0.036453908844894363,0.97710169014551795,-16.074969757991564,7.6149102052139881,-4.2701258564533848,,0.1560282974385697,0.1904761904761905,0,2
-0.97777984840144483,0.14384292467542817,-0.1524984625524656,-0.13577609693813883,-0.98879087505487395,-0.062108428642664387,-0.15972294625473146,-0.040022723908235636,0.98635022279648343,0.88150938349247221,13.876249126149352,-1.5876753649881126,0.7383735427358881,0.4666897815976222,0.5181818181818182,1,4
-0.53063711645087674,0.83450441658272134,-0.14841371011004986,-0.8472540513749417,-0.52722233689217057,0.064785645869323172,-0.024183115461943374,0.16012178548183126,0.9868009884169473,14.83899789735613,5.0986973462741076,1.4801343020594373,,0.09538235943959843,0.2,1,5
0.20294496573548668,-0.93160148204606641,-0.30154936500048429,0.97568515587502525,0.1663575222855575,0.14270126623172844,-0.082775705903064642,-0.32317774278032102,0.94271115888360357,16.835067777588858,-11.960158664564847,2.9950626469422024,0.3650256164881556,0.3457025055127574,0.1875,1,5
-0.85008352783316066,-0.46082125768045135,-0.25495443549100116,0.47814506192524564,-0.87825420735448478,-0.0068444883408901418,-0.22076071992823126,-0.12772359114099766,0.96692884371230559,-24.774038199232574,-1.724546585223482,-5.2691922170649157,,0.3914169208734557,0.8,0,4
0.70111491399576986,-0.64527857839944636,-0.30340308770922608,0.71129871842937831,0.66271164582296227,0.23423792957448911,0.049920041400493949,-0.38003793330325425,0.92362284441061926,3.3464211831554875,-13.733577372872983,0.36825728960067028,,0.6214131319228856,0.7605633802816901,0,3
-0.92584107376916502,-0.27250086994736961,-0.26184266650010779,0.32706249539799853,-0.92489453602033445,-0.19390776504246682,-0.189336816879322,-0.26516668930628767,0.9454301648754122,-6.5422020483222312,-6.7037449206558319,-1.8319417720350517,0.6626484254267386,0.3427688421013906,0.2700729927007299,1,3
0.44902818800788857,0.88736930474731457,-0.10463939681888487,-0.87769764484691803,0.45998250387270612,0.13439843883456992,0.16739334098023714,0.031493064685161373,0.98538705911545776,-3.4386184230445163,-12.8464206525896,-0.94769524601384592,0.1539224818083574,0.09434937690995317,0.5131578947368421,1,5
0.90019867487666727,0.40636078198325581,-0.15656711217956615,-0.37746092650517232,0.90739197834352059,0.18483248253401827,0.21717641380257868,-0.10728798862774973,0.97021837376132103,-4.3833874659604639,9.7247027676379574,-2.3314473952558576,,0.14319445530755,0.4146341463414634,0,6
0.95980937056557747,-0.20347332548609759,-0.19329919293711167,0.23015691280648981,0.96479899656176371,0.12724264898531318,0.16060438244922226,-0.16661783232608182,0.97285391004459754,-9.1323778200453756,9.5801639468099609,-3.1702096161485853,,0.08897504915715591,0.3142857142857143,0,3
0.87853847489834602,-0.43001038460326962,-0.20799331060549975,0.46252268271039609,0.87458775134727951,0.14549581839931555,0.11934368898968324,-0.22402529840769389,0.96724854591344656,20.765389058556668,-2.0961840096397251,3.0106283704236505,0.2853693071583979,0.2505960235983525,0.3888888888888889,1,5
0.51270397503706855,0.854361635414017,-0.084857703915885027,-0.8409674752225248,0.5196447899452703,0.15080781777012925,0.17294027754991462,-0.0059571986220887168,0.98491429687335552,-0.08877662750022304,10.487068202201634,-1.5850044905798673,,0.1080887524290072,0.3636363636363636,0,4
0.93793885864837501,-0.274197654667649,-0.21233545067214907,0.31805498396565279,0.9241813160870791,0.21149449678457974,0.13824516126068342,-0.26590325528341108,0.95403549945360688,-2.695969391746885,-14.650466973775686,-0.65631847431532031,,0.2733457583990653,0.2307692307692308,0,5
0.72700097710172984,-0.56948962372795664,-0.38360285160478336,0.68332812187451619,0.65483780178631013,0.32287788900313452,0.067322040585364465,-0.49685915692262783,0.86521599675084548,-14.245171421248017,15.489046159567177,-4.3263206833090715,,0.3817177038486017,0.15,0,3
0.58042642133060596,0.81419314453113778,-0.013953236894877478,-0.79010174509126385,0.56723385590129083,0.23234669165515059,0.19708983186629916,-0.12383568192509022,0.97253294137374224,1.5602671216082129,16.373866889420743,-1.5687351753947261,,0.2563439185058931,0.4736842105263158,0,4
-0.96446748276885419,-0.13058928213661941,-0.22967131747903027,0.17340741546859983,-0.96874550225318423,-0.17737536504466159,-0.19932973421447045,-0.21089948140113829,0.95696868590498851,2.6093474047265661,13.364316170466234,-1.2407392903745864,,0.4498111868964125,0.1052631578947368,0,3
-0.53119867713668822,0.84423987953311608,-0.071323146412253985,-0.84652952273492765,-0.53232911221490375,0.0036719785769214418,-0.03486735645858044,0.062327699254853645,0.99744650250486533,-16.790028146327611,9.1692734241250804,-4.4473890559403344,,0.4137249298048737,0.1428571428571428,0,2
-0.80565873341184469,-0.52514122740730007,-0.27411803398240275,0.55772763853415763,-0.82837779001615575,-0.052250533232328852,-0.19963438203960512,-0.19497930219668291,0.96027557774972117,13.408283904470174,-3.6805534885333109,1.7184935619876844,,0.1651360477762969,0.6666666666666666,0,5
0.5765254297531861,0.8136635338049264,-0.074632986031548443,-0.7937829663921917,0.57940222349036297,0.18493692351728461,0.19371894877248938,-0.047378446265204981,0.97991236940656001,-14.039952383295379,-12.525820238334589,-2.7552082249013465,,0.3271819445454705,0.5581395348837209,0,3
0.13637446327696856,0.98288051688317535,-0.12388662275395397,-0.9838079097532727,0.14904853760545583,0.09953155351229459,0.11629274471270515,0.10830707718859771,0.98729204117021441,-12.748319006347558,5.1751085214203778,-3.6559953576535968,0.2192747570659307,0.1830076139453074,0.5420560747663551,1,4
-0.58475566592679573,0.8110777546062099,0.014618041916074279,-0.81042903787469489,-0.58330797671928558,-0.05437443209038019,-0.035575071834190376,-0.043642642892057562,0.99841360867397544,-9.1633992942148126,-3.428225019790597,-2.3931935266735631,0.6360068481283453,0.5178616563707862,0.7322247706422018,1,3
