axis_00,axis_01,axis_02,axis_10,axis_11,axis_12,axis_20,axis_21,axis_22,location_x,location_y,location_z,dbh,dbh_approximation,score,reconstructed,number_clusters
0.86006717901650243,0.51004021074609807,-0.011976268228037702,-0.50884178573565164,0.85587383371809878,-0.092520364493636778,-0.03693893160267344,0.085667754603224705,0.99563876539299778,-15.380761763601225,13.339234674760895,0.44250075615025708,,0.08221496178849323,0.34375,1,5
0.38889393766874952,0.91125069158305394,0.13558643860615452,-0.91512748636772756,0.39907303400818267,-0.057292209084551723,-0.10631645657554098,-0.10179828395856981,0.98910763845211069,-3.8873252641646667,-10.893285379269425,-2.8561656109821136,,0.2077045698157721,0.4230769230769231,0,3
0.1334425618760606,-0.97298237269046117,-0.18841015130187144,0.98157305046515653,0.15599231628529645,-0.11036640730075034,0.13677510475404805,-0.17021075081671075,0.97586928992869248,4.4611866408862442,12.53333242728174,0.69604878600510822,,0.1409524517877362,0.2,0,5
-0.29968889149115385,0.95317179584146117,0.040621372812429113,-0.93980617000027111,-0.28762413653680624,-0.18449043040460711,-0.16416738758420898,-0.093465949381684774,0.98199449344686007,23.450301691171838,-10.529604663348548,-2.6426414893885335,0.1988637780074534,0.2442527113081829,0.3333333333333333,1,5
0.97283344022824247,-0.20586019254644372,-0.10590882257123449,0.21582573751410783,0.97197256344715055,0.093212589989056169,0.083751708043332374,-0.11353817433232552,0.98999734058688682,-22.244365007777482,6.2469639270762487,-0.71614138141754913,,0.4584636544756637,0.2727272727272727,0,1
0.92338309187174705,0.38387861353134761,-0.00093579838771406219,-0.38268685277362868,0.92031892572914686,-0.081017576234810609,-0.030239681869809309,0.075168377779479364,0.99671223360728023,9.5749297487261504,-9.1687294934937018,-2.4445161162429954,0.2177661119585696,0.2562170259761288,0.32,1,5
0.99804755694374803,0.041665764971480813,-0.046529969997374368,-0.04378310021270819,0.99800656256352582,-0.045452626061626387,0.044543396978443291,0.047401108736773341,0.99788226794354074,10.81886640735261,8.633694631811677,0.13817138503441045,,0.07405307547475734,0.32,0,5
0.40971843869048602,-0.89513678107434302,-0.17567283274568296,0.89420478788263658,0.43218809251989998,-0.11666726195371856,0.18035686381393315,-0.10928675972812396,0.97751102593440242,-10.362569141707972,-17.464555181794587,-3.7749958158912773,,0.1840858910550111,0.1851851851851852,0,5
-0.94721911622947141,-0.3086076181307712,-0.086817532106775008,0.3187424187716108,-0.87757097182785526,-0.35815144824604073,0.034339719350658278,-0.36692032845941547,0.92961833901776725,-14.313181446280302,14.427957461277813,0.6533258884401103,,0.4704130835009218,0.543859649122807,0,2
-0.99134397716833567,-0.10836374393952762,-0.07412434101882695,0.12747490294039396,-0.92957147821961383,-0.34590029777515319,-0.031420821956212638,-0.3523551700770276,0.93533874402142969,-20.283699912794809,15.387784776078931,0.57060806976987266,,0.3472826989996873,0.1666666666666667,0,1
-0.97571654764072013,-0.21170735282727723,-0.056189104094488601,0.21881414050232839,-0.95367601581138639,-0.20645200115849516,-0.0098787942736841983,-0.21373360434191627,0.97684203216216647,-15.54436471396002,3.3073144964175514,-0.98812336085357244,0.27100072206065,0.2263256952321194,0.9020408163265307,1,2
0.67904480558825697,0.72653628779369628,0.10508650970776558,-0.72992023900784586,0.68347606439112585,-0.0087700679099534471,-0.078195886658659716,-0.070749501223482419,0.99442441210294763,14.677090951855391,-10.642100645631787,-2.67920932319843,,0.1287587853207817,0.3076923076923077,0,3
-0.94470104976452274,-0.3184225370570945,-0.078402898338852042,0.32792606812996461,-0.91575240425977777,-0.23208194228172641,0.0021024782117468025,-0.24495840868718938,0.96953130820969846,-21.397463915816004,-0.77036055106186685,-1.6832965035341498,,0.0704745879782136,0.2222222222222222,0,1
-0.32885156003807975,0.94203548242887503,0.066526696186705744,-0.93143358733493731,-0.31191190710975325,-0.18746315527998081,-0.15584647524050926,-0.12361275034620732,0.98001620604302031,13.914983980176112,8.4090009923657121,0.087579057276420957,0.862099654628228,0.8448960711509488,0.6986301369863014,1,4
-0.90489649533700223,0.42485214192324039,-0.025748596661647822,-0.41078901816254704,-0.88757764617608248,-0.20846655502879582,-0.11142134124062576,-0.17806341429883404,0.97769049560910659,-9.5963163155990951,8.8348469361350226,-0.088260562146168356,,0.08164854613168178,0.3414634146341464,0,5
0.57909857477649729,0.81524150250980332,0.0051120717315152383,-0.8097339312594718,0.57589240312654078,-0.11260062427988037,-0.09474070539588908,0.061067443099382342,0.99362717662833322,-3.0141943889475025,9.2141341690138958,0.059930603678406254,,0.07339866101174736,0.2222222222222222,0,5
-0.80900241101454518,-0.57475907789818448,-0.12315478612818875,0.58154618897158794,-0.75212944751165933,-0.31000858742690657,0.085551908600996443,-0.32241789119004033,0.94272348776048442,3.0138101325872926,-12.736472094373426,-3.0679168839631012,,0.42799336323603,0.336734693877551,0,3
-0.99800356484126285,0.043871622332613512,-0.045433086160156885,-0.032745813660262232,-0.97455348076322734,-0.22175036599745626,-0.054005520568355704,-0.21981991239690496,0.97404445990003885,-20.482282949939886,9.4816258121530819,-0.24265751064131444,,0.08068841836559686,0.391304347826087,0,2
0.36050900121378721,0.93048739276753356,0.065011321664117522,-0.92377179806869081,0.36581867208284213,-0.11323587880386603,-0.12914691299746772,-0.019233071939336672,0.99143893599505217,-8.8067612349926812,2.3315773814449505,-1.0336773977181133,,0.09617565084946492,0.1964285714285714,0,4
0.89781564701534922,0.43203293872393173,0.085291288136444265,-0.4397400814560371,0.88992030814298362,0.12112186390464376,-0.023573814613853127,-0.146251102601863,0.98896657691364442,-1.9272937038056279,-9.7716716025201968,-2.6505840215056859,,0.1369859091272502,0.3106796116504854,0,5
-0.92863312995301106,0.36992999963880258,0.028147918589286645,-0.35969444108388049,-0.8791545982404716,-0.31258135172461787,-0.090886847271914539,-0.30039804886162308,0.94947385073687063,11.924259962078027,-7.912808464756691,-2.2871523939807212,0.5965417377066826,0.1934128212176208,0.25,1,5
0.98417022383022024,0.17352546671465213,-0.036026142278017946,-0.17461007312404195,0.98419539989022298,-0.029508256446973555,0.030336329533919223,0.035331674689799447,0.99891510143456286,13.71868253315448,10.893647584836661,0.47307089868879582,0.4731997278877709,0.3629585531013051,0.3529411764705883,1,4
-0.81920232346316868,0.57291820061679077,0.025928529356027217,-0.55994391479005379,-0.78924075157984053,-0.25211475231584329,-0.12397727824942983,-0.22105151310884263,0.96734991757386113,-6.2965927697773019,-16.797397955177576,-3.6809193454745897,,0.1141017952179603,0.3103448275862069,0,4
-0.98336396699405049,0.1786402415275351,-0.032908547897280684,-0.16933297331966959,-0.96710211861934881,-0.18984160847581966,-0.065739277182242664,-0.18111089494823412,0.9812630591062752,-15.28329584160077,-5.4556142034110122,-2.2437228225774151,,0.1755447351028882,0.7567567567567568,0,4
-0.7644864004438735,-0.63915208082302277,-0.083935458037526486,0.64173906599229991,-0.74222932797659813,-0.19304557977518549,0.061086125394395452,-0.20144538284857039,0.9775930866231064,-1.3545447389640486,-11.951337929848782,-2.9596663209842169,,0.08129092066051993,0.392156862745098,0,5
0.98814879833141211,0.15121618577777904,-0.026374561892219092,-0.15085084158437417,0.98843746176525438,0.015343004019675055,0.028389715558144034,-0.011182546126975529,0.9995343789548442,-11.733401231379903,-11.812566112405174,-3.0315080264397682,0.1521788994170622,0.1578144024239287,0.1702127659574468,1,4
0.81322787891409143,-0.57131200492220469,-0.11073847564716523,0.56807921011838103,0.82063754980622761,-0.061967918145653875,0.12627916688101495,-0.012514187141043019,0.99191580647353061,7.7775785515278866,-15.496218827076319,-3.4112031433997174,0.1904877396489055,0.08633682272015406,0.3076923076923077,1,5
0.67721121001336704,0.73569443855284267,0.011775827556921869,-0.73142767495284888,0.67485107824085233,-0.09792639332799763,-0.07999083288291306,0.057703685147293141,0.99512398794075951,21.632440501977801,0.46067567144987676,-1.174213994849578,,0.1418837235033938,0.5925925925925926,0,5
0.65523565386331184,-0.74465345288058171,-0.1271120490722491,0.74085373855243275,0.6663240922238034,-0.084545503694803251,0.14765492196063712,-0.038774208375568553,0.98827859674569818,9.0170458203102122,-14.026740485599388,-3.1983428175156368,,0.1020631017191991,0.2727272727272727,1,9
-0.99259378310755753,-0.089468974264548778,-0.082175935530280131,0.11653187724809669,-0.89236148136837479,-0.43601755487029836,-0.03432059616705066,-0.44236443032197859,0.89617844621740894,-0.12268791088220581,-10.959956949795078,-2.8101209081814957,,0.2333986539953097,0.25,0,4
-0.4132798751195938,-0.86069380480196311,-0.29733132898612291,0.90276724886091619,-0.34452028180411837,-0.25752100848222825,0.11921006335551539,-0.37484923609516924,0.91938947731287568,-6.1155561493599278,-24.069783453932313,-4.6713196993353439,,0.3070076945361471,0.1818181818181818,0,2
0.70537933714912915,0.70879277709891575,-0.0072656627682088949,-0.70563759260733028,0.70119383061436691,-0.10199411653463547,-0.067198055197942169,0.077071467098767887,0.99475846834136428,1.9373260417692022,8.4039228985752619,0.0086817233378811091,,0.09284494260924711,0.2592592592592592,0,5
0.070856760619016704,-0.99167589338932938,-0.10750926446150881,0.98512182838824991,0.086488501763050174,-0.14850832399489966,0.15657044008231755,-0.095386904411759496,0.98304986432996944,7.1319806186834587,6.8980140863031263,-0.15851173997256526,,0.07724232807882067,0.2444444444444444,0,1
0.40053097184404346,-0.85155512292823432,-0.33827328184227895,0.9020794317296823,0.43121803064648967,-0.017427245784014566,0.16070979884225958,-0.29816921816318126,0.9408865382691145,9.475846906140422,16.578200146096844,1.3652666543391305,,0.3760644062676562,0.2142857142857143,0,1
0.95237751872574661,0.30201080457048635,-0.042030176641034089,-0.30491485328744611,0.94416985659064523,-0.12478066416835028,0.0019985170713215012,0.13165392446975058,0.99129372544227667,13.460383569361285,5.0845388289046696,-0.36448147077967175,,0.07542610226729088,0.4333333333333333,0,5
-0.17512772914672703,-0.97747958939800472,-0.11774519435721588,0.97412004235166727,-0.15467149027367144,-0.16482376401874668,0.14290004049228452,-0.14356316521597554,0.97926972587764294,-2.8315814857466215,11.573414162920376,0.4800605650262712,,0.08592591141171357,0.2432432432432433,0,3
-0.12823908845198123,0.975301955658196,0.17983556790108068,-0.97764349597244904,-0.093851800660891868,-0.18816225523594482,-0.16663712364228309,-0.19994482939552968,0.96553308292477469,8.0465602668323122,8.3850010160527777,0.07085729804976329,,0.2953927665652555,0.1282051282051282,0,5
-0.94392653422835993,-0.32358818517979082,-0.065523922285578032,0.33014619844139809,-0.92362886031454616,-0.19471316352200146,0.0024870935507329897,-0.20542739546151595,0.97866919822765841,-13.521908115188905,14.613397550662198,0.71019169019788564,,0.8206790266206223,0.6986301369863014,0,1
0.58901391750314458,0.80745042456836136,0.032960838156376487,-0.80199012748845355,0.5890728648203305,-0.099020176446124181,-0.09937021887191308,0.031889995245225559,0.99453938474280967,-8.4040986409758638,14.046495310535171,0.70572552051105175,0.1810675587645762,0.1266785273246864,0.391304347826087,1,4
0.044976832851317664,0.99162643479190127,0.12105411322449543,-0.98555416224958581,0.063850705081608811,-0.15686325488494482,-0.16327914067382396,-0.11225017275036024,0.98017336269576971,10.746979790501975,14.996553752085804,1.1753078225596498,,0.1304802552413478,0.3333333333333333,0,4
-0.96913657282651189,-0.23146454323093305,-0.084843788440746415,0.24624407541221704,-0.92530748864660373,-0.28839193258289525,-0.0117540858625849,-0.300383449413263,0.95374610079628863,2.2355925790288178,-10.252128735289043,-2.6820099954023577,,0.06786947277216773,0.2439024390243902,0,5
0.054878811717906949,0.9983842362562636,-0.014738820150481549,-0.98720529173334981,0.052039247199420505,-0.15072368335662853,-0.14971315238849972,0.022821777886819349,0.98846605326434089,15.828205268056893,-13.42099873644451,-3.0528651386296701,0.3317583095406792,0.2670566417128061,0.3684210526315789,1,5
0.81636799168662821,0.5744504319160022,0.059581905147971397,-0.57541986086567842,0.81785745835713985,-0.0010777434409053556,-0.049348615693518769,-0.033404776321952358,0.99822283837228221,-13.061775971853413,15.973851221376304,0.87005915527609801,0.6760062333544168,0.4671792734047371,0.2222222222222222,1,4
-0.58535508372831824,0.81031265470297642,0.027437703650778744,-0.79548388388475,-0.56744308604513893,-0.2126352148144845,-0.15673167016607284,-0.14629335503632182,0.97674635286709377,5.0022743028273409,-16.894542433161721,-3.6058680866408772,,0.08076365175950817,0.3157894736842105,0,2
-0.29522718258386926,0.9373815380218955,0.18481548322393573,-0.93823635922159854,-0.24791016423826645,-0.24135675814436108,-0.18042573236151929,-0.24465568181234187,0.95267526075717313,19.135530835927245,6.4538820039270455,-0.14126794791974007,,0.3348416452547493,0.2307692307692308,0,6
0.81099050856991983,-0.58204968564874093,-0.059266841030241144,0.57074502438950037,0.80934969312583727,-0.13857557999785014,0.12862547237670413,0.078557225468534525,0.98857688127052334,2.1260159889064876,6.5397257589835247,-0.25535211299847027,0.2838876358687853,0.2298379317160489,0.6237623762376238,1,5
0.90039570789501666,-0.42918349774723141,-0.071337889411483543,0.41962015850637879,0.89997469271391872,-0.1181713799935077,0.11491950130119018,0.076466186879828105,0.99042739788676371,-2.8204454035039346,-20.006159260910263,-4.0967730218687768,,0.09569298627539691,0.4210526315789473,0,4
0.99161227206771652,0.12654146552665974,-0.026312722912409277,-0.1262628973518215,0.99192425102395609,0.011998374176784609,0.027618519819560049,-0.0085754144464235647,0.99958175234947511,14.710567163875977,12.713513067556349,0.73534897863124526,,0.2131507389077037,0.3888888888888889,0,5
-0.74576594043161659,-0.66270225322549436,-0.068256030224431621,0.66308787454599305,-0.72846284163822284,-0.17221021741592965,0.064402117373754994,-0.17368826074958946,0.98269260471195108,-4.9076241215904552,4.4931162694310185,-0.64545555123809506,,0.1440026242681349,0.1488095238095238,0,1
-0.3461835428714537,-0.91874846680039035,-0.18988999288245967,0.92996126530583278,-0.30934146684256353,-0.19869550050885773,0.12381033751566523,-0.24537545036866076,0.96148941163209589,-16.63930562556633,12.682839423826044,0.32375002112159351,,0.1050512204243301,0.2727272727272727,0,5
0.96488686748623009,0.26247824739555703,-0.0099248474429487268,-0.26251217409696426,0.96234162395149292,-0.070611311142668928,-0.0089828393893120126,0.070737320097374587,0.99745453036313692,-18.226288181207408,-9.1313821015518606,-2.7650564458916449,,0.205678640830315,0.6611570247933884,0,3
0.99864643710606193,-0.030337234977832632,-0.042248619258734785,0.035907251759670883,0.98977702469410256,0.13802938331659045,0.037629282831823728,-0.13935958367328183,0.98952662597424479,-2.5771509023408021,-15.893662883011594,-3.5016019853338261,,0.682678405704187,0.6,0,2
-0.5365664740447077,0.84381392803940725,0.0086298191137583694,-0.82923234280567948,-0.52534340307737848,-0.19075646905959068,-0.15642934691493685,-0.10950965112621405,0.98159945789205727,-21.066757341598816,-7.0747660288675451,-2.5572049471810518,,0.1319472708161785,0.3333333333333333,0,1
-0.8536692303882728,0.52033955803541621,0.02226183801492369,-0.50659369065405091,-0.81967853039165106,-0.26737602623363965,-0.1208787726517882,-0.23952839321986846,0.96333507730368984,-1.8497877201652777,6.7579605738441666,-0.25137308447923223,0.9994939349977026,0.7527399467931088,0.5294117647058824,1,3
-0.72286004363563627,0.68795562966166768,0.064733367994440891,-0.67719351788203397,-0.68667744206724568,-0.26435398596302501,-0.13741286931594421,-0.23492795102499445,0.96225077873367104,-17.990593617841469,-22.011917673745067,-4.5230953304422927,,0.215343785453719,0.65,0,3
0.72218737007590461,-0.68785363356361873,-0.072820198407955394,0.6765701395095729,0.7243647923670169,-0.13247072847646024,0.1438688598232564,0.046400715214468952,0.9885083331974196,11.013915805740076,6.6922986083129441,-0.15292377092295498,,0.07132494173131501,0.1724137931034483,0,5
0.74636896773654693,-0.64733397817315463,-0.15457064631552195,0.64836586110205929,0.75964455245408624,-0.050614860310138968,0.15018346832213436,-0.062440969157657338,0.98668437264070707,14.180711155231851,-13.17239342507813,-3.0503332849883091,0.237780114298894,0.1853760320217555,0.6,1,5
-0.069634560015223737,-0.98220997477676319,-0.17439780245322956,0.99251211465237166,-0.050627764810811195,-0.11115993747091682,0.10035302845337146,-0.18083250504068848,0.97838074122549312,-25.785867776771987,12.425259602005056,0.047747774734917862,,0.2417574351346413,0.1904761904761905,0,2
-0.90920495719698025,0.41453607246198609,-0.038809669365102509,-0.40173987283923746,-0.89795851889233236,-0.17965403674786129,-0.10932255201718834,-0.14775094915593481,0.98296400577232201,-25.42421365028034,9.2197262415009327,-0.38688471742477515,,0.3458557035492358,0.72,0,1
0.25940095143784497,-0.95980017713826959,-0.10721364819130969,0.95157902594933708,0.2729703111202621,-0.14136678046917633,0.16495000383890226,-0.065351581558952029,0.98413447608611493,13.042030429286456,10.28969704113854,0.34153076039884883,0.290011557405903,0.218635946184476,0.5555555555555556,1,7
0.63475273544282795,-0.76980300838016769,-0.067024571141430692,0.75812472682620302,0.63719632531683501,-0.13866413226721366,0.14945187661098286,0.037204452577179394,0.98806880594718205,-13.094860601391385,6.2943942276287093,-0.54530705879955776,0.1777505496377034,0.09411821318303748,0.1931818181818182,1,3
0.92683551977115963,0.37262264205757117,0.046133349288334374,-0.37532402637730955,0.92285863031731863,0.086393423781945825,-0.01038241371015468,-0.097387448240918259,0.99519238864185111,-25.649722019865585,11.050113937947934,-0.11357007524094082,,0.5998057117176808,0.1428571428571428,0,1
-0.89767131474625794,-0.434207407893209,-0.075167397270264599,0.43998592493972327,-0.87368039955699994,-0.20759322071025835,0.024466232580059626,-0.21942307618065671,0.97532298091594105,-6.0017335646833514,11.747604840676036,0.45556710663909511,0.2994719337691188,0.3131765145829358,0.7152777777777778,1,5
-0.18116676689286892,0.98316641652885817,0.023714973822241983,-0.97119832303116849,-0.17506254330665921,-0.16163824817304465,-0.15476569359852196,-0.052315421634627143,0.98656508996830028,5.1253984761586437,11.213452891992949,0.46112282589244846,,0.09253210661414808,0.3448275862068966,0,5
-0.86316163634328502,-0.49282895593200071,-0.10987087757980293,0.50240960988985728,-0.81657322750791472,-0.28424065157473088,0.05036440643453962,-0.30054581067165143,0.95243668674207183,-2.9710025617773117,-17.475024453726899,-3.7453821779111758,,0.7916782883401884,0.1923076923076923,0,2
0.1870653988544205,0.97815535660978237,0.090656686940494613,-0.96925661342410807,0.19880072745991476,-0.14498237166993233,-0.1598378987758107,-0.060748408184897726,0.98527228572508607,7.766497050434217,11.434179165331322,0.50989493923643892,,0.2550423164277456,0.4285714285714285,0,5
0.24804622874309137,-0.96569131431460542,-0.076898334596129117,0.95511623156298509,0.25705380821787965,-0.14722881472594329,0.16194459735122557,-0.036927295297838836,0.98610867669376789,10.008972086248505,4.5299816341460772,-0.44088355842521265,0.2136869136024612,0.201973771150316,0.5526315789473685,1,5
-0.066329357987423204,-0.94973968224538208,-0.3059329211402671,0.98502999503448019,-0.013434376976939629,-0.17185873966026119,0.15911104660377368,-0.312752383657874,0.93641316808605901,-3.981166430892098,10.590662340642515,0.27265227720208574,0.6384929497351675,0.5387104564401225,0.2621951219512195,1,4
0.99869173023526847,0.0099699222951381179,-0.050154048780884093,-0.013503700729438265,0.9974118316189341,-0.070620735008730409,0.049320158417184373,0.071205609301462081,0.99624157872361052,10.624912386250619,-7.8257626691187205,-2.2591921036099056,,0.08065509611729124,0.2631578947368421,0,5
-0.36269468164905011,-0.88430851910230124,-0.29402552771245921,0.92453340619083058,-0.30183152371780453,-0.23267082354126323,0.11700661836270425,-0.35622489291637699,0.9270454556956963,-15.710459397239514,-15.27117095648555,-3.5022895339757323,,0.6061808843918358,0.3723404255319149,0,4
0.70349256498466783,-0.70453653119443582,-0.093415669048641903,0.69620590025605988,0.70957651351946516,-0.10862097362024581,0.14281300872099378,0.011377507375206805,0.98968429151218984,-13.644735947465318,8.5077863122071822,-0.20757676187343402,0.1874519649913182,0.1605370389782498,0.5633802816901409,1,5
0.69795822096143012,-0.70791564211970048,-0.10821166958608754,0.70324493915208919,0.70606628106675551,-0.083168276990309167,0.1352807353222571,-0.018051326345030434,0.99064285808148633,-12.382036903667954,-19.458178970581116,-4.0815196554083206,0.2827463921699208,0.2374356023637109,0.4375,1,5
-0.69311885969441345,0.72012439083069024,-0.031734965994034595,-0.70625199537965544,-0.68725662340858795,-0.1699601500448864,-0.14420251508961318,-0.095389702336010698,0.98493981508012773,-5.7155735255523634,-8.3687104692918179,-2.5395221751320141,,0.0732094397136471,0.2948717948717949,0,5
-0.89911577280305932,0.43766583307922202,-0.0062805773482532169,-0.42310796227947528,-0.87270532233931053,-0.24364948720723634,-0.11211814907706472,-0.2164117346996455,0.96984301911795101,-14.807616743938597,-21.135891260470402,-4.3603291132972268,,0.4717765403056871,0.2173913043478261,0,1
0.75915763911204936,-0.63673271510822271,-0.13509673752067394,0.63549474534961881,0.76994038578826185,-0.057777426087052636,0.14080521158977696,-0.041991092426047184,0.98914642017550902,3.7656021460524278,-11.460172578315278,-2.8900313507170776,,0.08649317780465197,0.2083333333333333,0,5
0.066413242822278853,0.99123057840714468,0.11424194329783957,-0.98690712642663769,0.082122611166099729,-0.13881714787294133,-0.14698164846723388,-0.10352689102788383,0.98370655067858281,3.3678178673379224,14.09142483530429,0.91515734161643303,0.3959583842555279,0.2256482811854439,0.12,1,5
0.39844596843913843,0.91620793602920658,0.042471498580809931,-0.90969355076792457,0.40067364872798017,-0.10917083358779446,-0.11704039441937944,0.0048626301637849281,0.99311525056362293,-0.19301663848177622,-18.18220724467221,-3.8163656712685929,,0.3269427208663383,0.3529411764705883,0,4
0.73170549475034552,0.68128634612296934,-0.021353771061938247,-0.67868333985139784,0.7252891023469874,-0.11551901239559011,-0.063213868417489313,0.099018344780724979,0.9930757142517288,-5.7312113715361113,-13.595155937142682,-3.2446466343767435,0.331657589090001,0.3173478236323006,0.8770053475935828,1,5
0.98345706633301866,0.17481965869106278,-0.047437175451262345,-0.1796384300929327,0.97492481119012242,-0.13134552508422712,0.023285899454391638,0.13769422450141167,0.99020102374495411,-7.9542431235936508,14.873546855375009,0.83842247623661292,0.3935924507505219,0.3268658672668255,0.8888888888888888,1,5
0.7590372673146929,0.64970569169361825,0.04177249104805969,-0.64617671225127282,0.75964017370863501,-0.073501449183333345,-0.079486372238131403,0.028797928203806208,0.99641988938378245,-13.78071763486393,4.5516473616060233,-0.7959435992230649,0.3679405726827175,0.3530831445460518,0.4983498349834983,1,4
-0.69423908856703287,0.70250071143298676,0.15660408149778371,-0.70249032728074512,-0.61400603186548519,-0.35986654875077484,-0.15665065586395963,-0.35984627727537977,0.91976694262646952,-16.52445825806409,18.188101835992473,1.0634699664275564,,0.4009383945588609,0.2,0,2
0.85169646560202006,0.52071607847092349,0.058888845318025893,-0.52303199668610312,0.85163206081879383,0.034064107621988693,-0.03241390015989612,-0.059813030414760791,0.99768318642193587,9.3140168472407971,10.57965607110639,0.405908243534853,,0.1932770132042123,0.25,0,5
-0.91194526077497406,0.40903177054910933,-0.032385985109681083,-0.39471450986089995,-0.89609766761476362,-0.20300104876736302,-0.1120548841208323,-0.17234262611681603,0.97864279600261994,8.9685182946407895,-15.979906414230358,-3.4805315699280839,,0.08614911980607314,0.2777777777777778,1,3
0.70108390933289044,-0.69917923573601026,-0.14010620396727608,0.69669891796739991,0.71349869445631442,-0.074365520990499354,0.15196042174712918,-0.045475370528924634,0.9873398710158986,4.575216308816036,-3.4535363800030869,-1.7253142932404744,,0.203697156388227,0.2857142857142857,0,5
0.18304603213464324,0.98282749034240979,0.023329688103456682,-0.97302003710685125,0.18450764124144878,-0.1385241412610074,-0.1404498398302608,0.0026560404285695381,0.99008423275037394,-14.057764641859491,2.1227849912156485,-1.1523422629429969,,0.2135974636764167,0.4217687074829932,0,2
-0.69405853545845975,0.7191361857205143,-0.03355436997780685,-0.70514260766263193,-0.68846910739377709,-0.16965904344643265,-0.14510910452483991,-0.094092691277086832,0.98493142564964031,15.444529796629585,-5.2997637721029536,-1.8736765088431175,,0.1064463665494056,0.5882352941176471,0,5
0.096380731428512681,-0.98741501053645186,-0.12538880163955016,0.98275211919191663,0.11437843301235952,-0.14531292539011542,0.15782593840399287,-0.10922074449908659,0.98140807115998574,-10.97882392413973,12.585504497112787,0.44758265463342217,,0.0721794393190904,0.3142857142857143,0,5
0.95826471118564782,-0.25370960031911338,-0.13175804340609926,0.2660704537422095,0.96007197869716976,0.0864193807309242,0.10457177889709322,-0.11786956531020804,0.98750772585933766,-18.340924936615789,-13.706810413013002,-3.3542064731275416,,0.4202679525089691,0.2596153846153846,0,5
0.71728479117553412,0.69677459450050394,0.002773590980779042,-0.69342548375547486,0.71421591863507683,-0.095166801179501603,-0.068290752132012397,0.066338420443295895,0.99545747631244008,10.980526040140727,5.5623437260011821,-0.29355704386186848,0.7264607559697149,0.5783930652856994,0.8654708520179372,1,5
0.99650920929453135,0.073902828573649465,-0.038829984805572586,-0.071449281368875531,0.99556664065628564,0.061172413751859715,0.043178651936558565,-0.058184499148581169,0.99737162987312289,-18.087789485997298,-1.1432093654287014,-1.6743449868066218,,0.4807525513275744,0.4594594594594595,0,2
0.70014816881860575,-0.70093067462026526,-0.13597327338978143,0.69890432776042843,0.71175510235738648,-0.070266741108213238,0.14603178536776032,-0.045835179116103714,0.98821751351496401,-10.493981857923451,18.723907253017693,1.3309063382589355,,0.1068130018750708,0.4761904761904762,0,3
-0.71421093781817591,-0.69206991096881709,-0.10460389396430339,0.69630100444837772,-0.68732805677327302,-0.20674876922597701,0.07118741114173234,-0.22049802879819472,0.97278619017287049,-21.911491738347408,8.5042942750481654,-0.41760815236763382,,0.09084621824178488,0.1764705882352941,0,1
0.4158692969125411,0.90317987476384076,0.10639004515010043,-0.89924411714128394,0.42584568285678687,-0.10007733099472856,-0.13569357270062737,-0.054051532945961989,0.98927533382467903,4.4497306350076542,6.2024624828325008,-0.28325397343137376,0.300438454379889,0.2201985031270849,0.2985074626865671,1,4
0.98391225996021492,-0.1516263679204963,-0.09447808873607566,0.16231647767656457,0.97963435172722946,0.11819432300514592,0.074632605305300873,-0.13162819404371442,0.98848570690634396,13.964113540775443,14.377754226197492,1.0568238811772415,,0.4461560987271312,0.2727272727272727,0,5
-0.091725285978686816,-0.98279779243547505,-0.16029650993108482,0.98449025719280381,-0.065326419309955919,-0.16282319377959625,0.14955067838220015,-0.17274535630255908,0.97354693593648933,-11.161020600344296,-9.3602896403493503,-2.7035016445296143,,0.08936647906939478,0.2280701754385965,0,4
0.3772833231953453,-0.88397507125306918,-0.27612563706003102,0.90575635653903774,0.4143613142421263,-0.088938877037352634,0.19303553203440063,-0.21654739588059979,0.95699765345037635,-23.315895609472278,10.875571241271956,-0.10804630243433652,,0.5427835127506513,0.1290322580645161,0,2
-0.33258848527180745,0.93907634650238769,0.086720902349611953,-0.92963876291540881,-0.31099657923569185,-0.19761806139319554,-0.15860854311704489,-0.14634460408031533,0.9764356542583148,-5.7199357073038088,7.2149442974539681,-0.26353152092076731,1.052500691364394,0.3751882554240506,0.6683937823834197,1,5
0.97594996398979594,0.2170762252230039,0.019989503026561741,-0.21771446637298916,0.97523675852714786,0.038905988605695677,-0.011048932991099047,-0.042322302163205198,0.99904291390278399,-18.468941615075444,18.604807106652409,1.0685776370427447,,0.356733178454646,0.3428571428571429,0,4
0.87660996605534147,-0.4741065143855217,-0.082328490995911344,0.46673771654584134,0.87935644120131928,-0.094277002876226618,0.1170934300720011,0.044218348397031849,0.99213601199584101,8.4989497927962674,6.612684702614513,-0.18634815253962742,,0.09430421260163083,0.3809523809523809,1,5
0.60226266512911819,0.79731368918250811,0.039630332243766865,-0.79622704588911652,0.60353314276737047,-0.042074184199244843,-0.05746454199123998,-0.006215032061088064,0.99832820244157039,-15.072478895242769,21.718781839787248,1.6265993095462228,,0.2681499610964569,0.3333333333333333,0,4
0.13864531374139091,0.98905005862587536,0.050571321019951002,-0.97858795347580219,0.1446651533881865,-0.1464158827013409,-0.152128545281915,-0.029188609547631608,0.98792961833476955,20.163241366257036,-0.32465901260133889,-1.2590978692000669,,0.1499013414467598,0.2173913043478261,0,4
0.10500977065311756,0.99116282145620427,0.081050659654044468,-0.97930158222535224,0.1172449777936936,-0.16499098833899203,-0.17303571630822578,-0.06204737339430557,0.9829591875233511,-3.8777701617164761,-13.439692938709666,-3.1874918099133063,0.3330705294908295,0.2478263751582035,0.6349206349206349,1,5
0.56406648884187871,0.82483929471446049,0.038329284633889231,-0.82005440924310169,0.56501879584992076,-0.090909439648764537,-0.096642444332402766,0.019846869558106568,0.9951212688522949,-11.340342339266591,5.4563474808350803,-0.62976830263513472,,0.09033637773476802,0.2985074626865671,0,5
-0.74877182286528909,0.65754666969002051,0.083505296015016231,-0.64803243731595195,-0.69975520013629544,-0.30066030677254307,-0.13926491830083729,-0.27924010647071518,0.95006854777373018,-18.785185746781206,-19.757670213781697,-4.187661081652287,,0.5253616670885795,0.45,0,1
0.59266319602467987,0.8052595201654722,-0.017534002985215569,-0.8003675770396339,0.5863418529910398,-0.12495988578235576,-0.090344217864330278,0.088092772767732613,0.99200684759963986,14.227946792117539,-8.7844306771528853,-2.3939222987579885,0.1422844698847353,0.07509777399461164,0.2727272727272727,1,5
0.81441478101144471,0.57740291631139318,0.057744581608836242,-0.57802905217679013,0.81598708833739164,-0.0068910453682827577,-0.051097742706335776,-0.02776587657115091,0.99830760629605209,-17.654021025499286,-4.6513098676550042,-2.1324678120232932,,0.4650601620513086,0.5581395348837209,0,2
0.99891388623505528,-0.015515544595126721,-0.043935358911641804,0.014954192587631688,0.99980266574489518,-0.013076761581218906,0.044129582037791479,0.012405540911893198,0.99894878874937931,-1.0072175058858137,17.104165764384298,1.2720200313964256,,0.3068606387903542,0.1744186046511628,0,3
0.97164189182303584,-0.23049381081306092,-0.052769662036296544,0.22570999989883686,0.97060482776674373,-0.083553960178778197,0.070477159422178207,0.069273887524540501,0.99510506907914931,5.039500845291073,10.133290388039413,0.31938068327041802,,0.1218937705515322,0.2962962962962963,1,5
0.99779446376334824,0.061911959503880037,-0.023939869540258618,-0.061531617856461482,0.99797184773647774,0.016311073827586908,0.024901166381940461,-0.014802040259116644,0.99958032769607297,2.0736442718879049,15.383379477992429,1.094655822318638,,0.6600130752645748,0.3255813953488372,0,5
0.67689292251743272,0.72864030888920217,0.10439957714309772,-0.73044081484822621,0.68244036952887766,-0.027043632173740315,-0.090951566504754319,-0.05795206898064497,0.99416767713057053,-1.583962159072257,13.588528896240415,0.76663864935320336,,0.3349627621924872,0.3076923076923077,0,4
0.93233966107872424,0.35943194841267451,-0.039388206862963057,-0.36157881364916961,0.9262139254774685,-0.10671703599556652,-0.0018756064806484361,0.11373846628071069,0.99350895486072144,14.905636472425481,-11.526829146039349,-2.8045749798786126,0.4996148317961131,0.3327698870867971,0.4444444444444444,1,4
0.62178771556333567,-0.77557417515757787,-0.10892536712433833,0.76716039199841779,0.63113640350710554,-0.11459394886708028,0.15762287182818138,-0.012310117658235385,0.98742265078327929,-9.2008351895952121,-6.8522860647779558,-2.3335154192648817,0.1501313357714642,0.1844325078344586,0.8110749185667753,1,5
0.77057743093780939,0.63716510069693955,-0.015200571803232458,-0.63414251644247355,0.76409735336504869,-0.1183997610662099,-0.063825478997759907,0.10087551256071682,0.99284965588769769,-1.1148809596291716,-13.789930235181384,-3.1959919910321837,0.1901685655632595,0.3098551139642792,0.8581081081081081,1,5
-0.78815053037977822,-0.60579246310641932,-0.10878526143523091,0.60903342506503078,-0.74209428614786321,-0.27995420629140433,0.088865227258086127,-0.28689991653911373,0.95382986390352542,3.683821898802623,-6.0076366588078063,-2.1116031591554192,0.6694332605481508,0.7394941546201742,0.7846153846153846,1,5
0.97971336961338351,-0.19151246634771774,-0.059031251335232314,0.1846133033092586,0.97708202125815513,-0.10596533383763243,0.077972056802631237,0.092917699968797701,0.99261606847283868,-17.580762196611762,15.290163056572638,0.6600623532759422,,0.09446348724591414,0.2105263157894737,0,5
0.84573147903381418,0.53262815954192688,-0.032334332129445496,-0.53239055956007586,0.83815809159873111,-0.11853820303548818,-0.036035502807463732,0.11746598295061081,0.99242288636793363,18.032834858476974,-3.6622843322243805,-1.695180945922053,0.2652160508061995,0.2042747020791519,0.7073170731707317,1,5
0.87641198438405776,-0.47721322657369675,-0.064572207729956282,0.46673791675906429,0.87477604484065463,-0.1300868495750068,0.11856538570513638,0.083871376261888744,0.98939771657131381,-11.265390877065363,10.1220390379598,0.090221429140885476,,0.07836540464931854,0.28125,0,5
-0.97070577346557829,0.24027125904730506,-0.00015308957020885927,-0.22453983730532806,-0.90737657311626718,-0.3553162197573827,-0.085511185370631182,-0.34487313121726765,0.93474614764700004,-13.37441226680706,-10.38299303848725,-2.8598655572222906,,0.09216523925950812,0.1296296296296296,0,5
-0.25314920107938099,-0.96100821744390164,-0.11125955239064235,0.95824447144022074,-0.23327450928551066,-0.16537997542585595,0.13297749789766547,-0.14847965962682971,0.97993406703205166,6.464100162342131,-10.287962181186382,-2.6143479742030822,,0.07364811713194853,0.3333333333333333,0,4
-0.64787199573535592,-0.73526921373870535,-0.19910062900441577,0.75526455619789046,-0.58599510170580205,-0.2935731440851001,0.099183301483119435,-0.34057146695645779,0.93497259243361552,-23.147460761209484,22.25195323649254,1.4156821215067439,,0.4571815876645089,0.3333333333333333,0,4
0.4054071366760521,0.9129796143144866,0.045970396760261177,-0.90626161923717685,0.40799281718635932,-0.11059719084112252,-0.11972857231978737,0.0031756842583846047,0.99280158339909796,-0.89969427099166033,-16.450293230676767,-3.5777095124782816,0.7496205913774889,0.6951230611317412,0.5671641791044776,1,1
-0.33918218383695581,0.92855566676226564,0.15079728078210949,-0.92677602300161255,-0.30233486191479447,-0.22288973610347593,-0.16137425245964299,-0.21535553160912058,0.96310972669184725,-23.823713376916498,-11.303865839862352,-3.1219270903762455,,0.3313509217695765,0.1666666666666667,0,1
0.94076557532252669,0.33853178271650247,0.01887761581512051,-0.33875661479889008,0.94081805912168193,0.01026331138126774,-0.014285944773551306,-0.016050287265316744,0.99976912337830726,-14.41213415646402,17.875234520253109,1.0809969381193805,,0.3797649967658803,0.2,0,3
-0.057893947953037844,-0.97275066635431096,-0.22450931361004919,0.98690250227981724,-0.02184732055343518,-0.15983161632940868,0.1505713843472484,-0.23082208666390647,0.96127489435846281,-6.9740556845225479,-14.081858298142794,-3.3247732224142905,,0.3623784552224533,0.2272727272727273,0,5
0.0084191401063354841,0.99903901641665005,0.043013506682466986,-0.98676167272949789,0.015267181579776551,-0.16145684995903031,-0.16195838759370446,-0.041084751963019916,0.98594194750207498,14.273855612408315,4.36086877777882,-0.52323296118074014,,0.1239218590782066,0.2857142857142857,0,5
0.99865173795182749,0.024160482579035386,-0.045945373731675808,-0.027321452195152619,0.99721027726313882,-0.069463667990701167,0.044138923137557726,0.070625307095420836,0.996525875962052,15.767377737700517,-3.4100295116213988,-1.6764317653649328,0.1451449669284754,0.09950874812148673,0.3142857142857143,1,5
0.47902735471260521,-0.84485949138899341,-0.23821257995113387,0.86332583301046972,0.50252675531406188,-0.046210023266595929,0.15874917163192462,-0.18351920881328038,0.97011308645060823,-12.032361738118937,17.614424766649691,1.1249841679601222,,0.3482950064665672,0.1875,0,1
0.77769929336214827,0.62813928632272265,-0.02499692145035089,-0.62602994240688936,0.77024489887491798,-0.12169349599380022,-0.05718671448895303,0.11028976713706064,0.99225291481094224,12.762185220952354,-10.932664397371425,-2.7386901857190051,,0.09002709600932957,0.2222222222222222,0,5
0.054101136897093088,0.99852067721686,-0.0054336136067993385,-0.98711485039802427,0.052660921125587401,-0.15109963438040799,-0.15058997015117018,0.01353826268731155,0.98850360461319575,-2.6199799463123581,12.492741911461721,0.6065396688327942,,0.07760033504054838,0.3181818181818182,0,5
-0.8433360983926077,-0.51930104506163977,-0.13824127366970149,0.53592367127863239,-0.79376780605175334,-0.28760822074310827,0.039623777093615954,-0.31663716565443367,0.94771876715361092,-19.507075761006305,5.3868651295320662,-0.7691651029350981,,0.2734418616141164,0.391304347826087,0,1
-0.59301525006183153,0.78028581267760244,0.19871327013603293,-0.80223096318371201,-0.5514172614831393,-0.22883287667590035,-0.068981119905637975,-0.29511532368294224,0.9529682842697732,8.4754389405141275,-18.693983524821803,-3.8407092153901381,,0.6051265043687694,0.4782608695652174,0,2
0.91347018603408103,-0.39679512909575793,-0.090143467609931555,0.39217641282219706,0.91759384058899307,-0.064955407311906826,0.10848907987800219,0.023982686234510189,0.99380830662064901,-26.602651526421955,15.616017389725922,0.44034056769855184,,0.6307975918673892,0.9545454545454546,0,2
-0.0083515598171699477,0.99914384778503873,0.040519413642433361,-0.98984090688679471,-0.0025087347625648002,-0.14215725554264988,-0.14193389483188082,-0.041295007969456558,0.9890144042503396,-19.62427141341978,-14.784431181946118,-3.4890783161429062,0.1574448612333047,0.1851858727276263,0.3870967741935484,1,5
0.9727390821695765,0.23167839260999926,-0.010188248992700653,-0.23149023866757545,0.9726909484310241,0.016869743388199958,0.013818372607482756,-0.014051378508948883,0.99980578681085819,9.4859083811597973,12.057671716698557,0.62238799737662964,,0.1172833966518654,0.2272727272727273,0,5
-0.20406780220311921,-0.97301195649476124,-0.10772216402499109,0.96856403078608355,-0.18468402645240425,-0.16665991911897607,0.14226753098091177,-0.13834573680300394,0.9801124459657834,-10.457957939600679,-13.312332710107359,-3.2130021911381696,,0.08306496785727988,0.2777777777777778,0,5
-0.25589740048925097,0.96129297605632757,0.1021388006959851,-0.95317408884955768,-0.23328841231641154,-0.19244654588925308,-0.16116971417937187,-0.14660262911577729,0.9759774548460034,-0.58637321676944543,11.778696941211859,0.5343452153449626,,0.703014446479548,0.4492753623188406,0,1
