axis_00,axis_01,axis_02,axis_10,axis_11,axis_12,axis_20,axis_21,axis_22,location_x,location_y,location_z,dbh,dbh_approximation,score,reconstructed,number_clusters
-0.4041386550046499,-0.83292586371429389,-0.37802969868362107,0.90372297812484281,-0.42742273093542033,-0.024384172917530332,-0.14126827789775478,-0.35148871196029047,0.92547228971174389,17.59672309799582,7.8405419892547883,1.2646537662716237,,0.1744186610515715,0.2916666666666667,0,9
-0.96750224765731008,0.22005940158202172,-0.12455224025851651,-0.18425681776791661,-0.95088171421461087,-0.24874362439733866,-0.17317282085850969,-0.21771041625895163,0.96052764081428732,-17.279392907429159,-0.66201803006142623,-3.989477301435115,,0.6517670828709067,0.3684210526315789,0,1
-0.48386564278675759,0.87375264135559416,-0.04929869627768943,-0.87434501046083701,-0.4850612182292916,-0.015375865899355632,-0.037347589116263243,0.035664215875827202,0.99866572049568469,-4.7027546760418542,33.799415295701159,-3.7798283549784655,0.2391728258015057,0.3091364993258327,0.5151515151515151,1,5
-0.86498632564403077,-0.45867165605181376,-0.20351650641538813,0.4645610256708928,-0.88529805671631756,0.020746185237772687,-0.1896884547790039,-0.076600670421338085,0.97885168816044599,-7.4936372793847061,13.90876350937217,-3.5044705829869174,0.8319897748500111,0.7630737093521078,0.9914285714285714,1,5
-0.63031262911185126,0.77614502043146083,0.017461295529074022,-0.77293565265683717,-0.62528426675402238,-0.1076571530453726,-0.072639289878521238,-0.081354121034724433,0.99403472804354887,3.2806097604634026,28.977009834639052,-2.0755435058523961,,0.671111531296781,0.5227272727272727,0,1
-0.97410298979383392,0.13308851654743034,-0.18278624685111605,-0.12929206085079789,-0.99107097442404524,-0.032586602386970927,-0.1854910463490525,-0.0081098962618078412,0.98261248786434408,6.9735512381122993,17.547496692498484,-0.96755762161413794,,0.1370251630357772,0.1842105263157895,0,4
0.8570517978840938,-0.47350946774049424,-0.20310342120150571,0.49781848377725468,0.86264740947861251,0.089533257114631559,0.13281179523430034,-0.17784327617302045,0.97505527851844853,1.4849248183533934,23.992609270270894,-2.2449255725748407,,0.09215743331104777,0.36,0,1
-0.42496488819468015,-0.85701877986464325,-0.29141663432446935,0.89439910006695278,-0.44714157360755397,0.010708078781298569,-0.13948151705910325,-0.25609221798227105,0.95653629428674181,20.251519200993918,10.314247406292054,1.7811672480031699,0.2508193953788423,0.2764470147846082,0.25,1,4
-0.80737720385411194,0.56472188924390665,-0.17097145523597684,-0.5778583461159339,-0.81535690111295822,0.035677102343536736,-0.11925511528178863,0.12760216148743769,0.98462983189768349,2.6093473073946507,-11.175006717000999,-0.21056670974085392,,0.07019096835638496,0.225,0,3
0.94241684672662207,0.2849531016603099,-0.17507774518772837,-0.26890557826742689,0.956874611208403,0.10991254888059276,0.19884737107266667,-0.056504055420270649,0.97840023238884821,-3.4688285713333205,19.242452034115125,-3.0196333640465181,0.1193874135861029,0.09273541872749856,0.4693877551020408,1,5
0.62967165951838877,0.76481045517886714,-0.13630322391069874,-0.75532925568238884,0.64374442122794373,0.12276333185518618,0.18163511970333496,0.025653221766316295,0.9830313298686677,-3.519981140139024,10.930951156682747,-2.5758846784032712,,0.1133817901478778,0.2977099236641221,0,5
0.35494928943684761,0.92966007378657334,-0.098707391493339097,-0.92746102090947924,0.36344218311775395,0.087896724763482009,0.11758850548341476,0.060348378087099787,0.99122702578190058,14.477659322125806,-13.491946060469038,2.4358670016950694,0.2253522585955821,0.1403961752281911,0.4166666666666667,1,5
0.77631493792672146,-0.57640681994147791,-0.25512799743811576,0.62283850582262468,0.76370987205175156,0.16976285516961043,0.096991302787782133,-0.29069298109113351,0.95188774439420054,14.223160544650675,19.078454984141622,0.24308499195976288,,0.632172262555393,0.4130434782608696,0,3
-0.95948573426885408,-0.18930691995046911,-0.20868640538718761,0.20201855381156278,-0.97851547167664055,-0.04118222438538241,-0.19640679634484043,-0.08167228261968644,0.97711514603000993,14.352329337296894,25.017412435413892,0.10359110479541166,0.683034929442873,0.4624199354323616,0.8125,1,5
-0.82830772507574413,0.53688653192039293,-0.16018478211845807,-0.5466028782598582,-0.8371373364503234,0.020648811077081882,-0.12301059327506741,0.10466103268815391,0.98687104637777512,5.5457054745987779,17.688140711991746,-1.1887511169431246,,0.1065013549358021,0.3928571428571428,1,5
-0.98222116615895361,0.063604981178416425,-0.17662385772776545,-0.070769793568903755,-0.99689378569344445,0.034560329338824115,-0.17387701707689654,0.046445520936754706,0.98367148810837957,-7.6683480033095615,-4.011783431261807,-2.2627160264235484,0.3605422441130226,0.1969418989580499,0.398876404494382,1,5
-0.65470830297608062,-0.6633538644318594,-0.36237920547059382,0.717137245570169,-0.69663259240563857,-0.020425528493306516,-0.23889581208177732,-0.27324838836033022,0.93180690554871415,16.462563483766218,11.429019524457491,0.89497784584140894,,0.6741109921888937,0.1612903225806452,0,2
-0.90885536344029039,0.40035415067546559,-0.11704051598802886,-0.38772362048862385,-0.91434036408721164,-0.11684217011019368,-0.15379311577899421,-0.060813260377917164,0.98622990468814964,8.1095530106186171,-26.845284255047968,2.2177912188067443,,0.5165412186346466,0.1666666666666667,0,4
0.96493889371712349,-0.1586875799349152,-0.20907219654075021,0.19598519665997588,0.96544817086440571,0.17175456926883981,0.17459305278883475,-0.20670771961630729,0.96269890649615975,0.56536476231263699,-15.918730286822145,-0.033148085496750967,0.3827366901305694,0.3138196481826837,0.6120689655172413,1,5
0.61684715012991809,-0.72179285704182894,-0.31387045878832304,0.78409749923413674,0.59823270328855926,0.16525357609091651,0.068488722220316836,-0.34804123927985459,0.93497411230962524,1.2210330313034512,13.178489780120481,-1.8599994517042773,,0.1035076208680934,0.25,0,2
-0.44663331479133711,0.88964144963035974,-0.09516708053783432,-0.89423019387035496,-0.44736653686529299,0.014681350882758345,-0.029513428961922196,0.091658457289804235,0.99535304526492652,9.7435360687216814,4.3103802649829683,-0.019025984744837528,0.2254114463108471,0.1606096841943546,0.5242718446601942,1,6
0.85028921852301664,-0.43459137933997416,-0.29688142054850092,0.51022689006907385,0.81904473594584704,0.26236280447090621,0.12913855161785984,-0.37456114790882428,0.91816511639424891,-6.2594415426102401,34.097569630886149,-4.0823201939464768,,0.2910403061160197,0.4285714285714285,0,5
0.55130697380277327,-0.79577386256076543,-0.25060842025268704,0.83347748654711551,0.53868223695920447,0.12303140657462222,0.037093126796358747,-0.27670454866110639,0.96023887272632436,1.7418077097803091,22.090823238684649,-2.0849118008316005,,0.1932721852455833,0.4482758620689655,0,2
0.37933760808411604,0.91544684597463943,-0.13438769024023117,-0.91631175499761996,0.39183518677544443,0.082691922567039999,0.12835788540717752,0.091772864179644836,0.98747252855664824,-0.35012922049168804,-13.431417885721061,-0.39432447969531464,,0.07252186471028058,0.1142857142857143,0,5
0.85147773833521767,-0.42122368806328669,-0.31233998420616166,0.50425719090480525,0.82116034129506343,0.26724591541307091,0.14391089792068346,-0.38505363067829684,0.91160482390185082,2.5457141006695077,6.6241724248793457,-1.2837553206279324,,0.6368550292590969,0.2697201017811705,0,4
-0.75067853535502549,-0.6248827739621573,-0.21448369486418556,0.63385470848594971,-0.77275176988767702,0.032907608020871011,-0.18630605220288896,-0.11124846489198292,0.97617305533995957,6.613153243877627,10.7442853878491,-0.8991988632148773,,0.1174642052598318,0.3870967741935484,0,3
0.28156260008558026,-0.90869108986557479,-0.30822557556432734,0.95951426109002202,0.26415292268527124,0.097752832192721947,-0.0074084409909842353,-0.3232703769845644,0.94627764338292397,-7.4480900937935139,26.422140691979845,-3.9892484999784878,,0.1977000491159819,0.25,0,5
-0.043548962788899914,-0.9148678949406529,-0.40139783587716166,0.99617637257747971,-0.07022313348092786,0.051974476837138371,-0.07573719402239204,-0.3975996055468084,0.91442792559645536,7.1273761446858952,-16.217474824050822,0.96687002766750907,,0.4555557828119819,0.5353535353535354,0,5
-0.9795196200977947,-0.063159758678529104,-0.19118618864117923,0.080576285479541862,-0.99314046989663962,-0.084731748900874371,-0.18452310441185935,-0.098401483409303395,0.97788975452300231,1.708471643073286,12.384479743643061,-1.7545811847255199,,0.1087109264686889,0.25,0,4
-0.85550491050042599,-0.45865960776793541,-0.24029713338244424,0.48038774016730978,-0.87624238245049568,-0.037774413224081552,-0.19323293509803641,-0.14775199287874904,0.9699641134566549,22.84241354836313,-21.050625744724073,4.8698530346226807,,0.2953059254408463,0.8,0,4
0.98039160759617383,0.06204930158150302,-0.18703523712989856,-0.02728866930473068,0.98273698329075876,0.1829845627372878,0.19516050902415355,-0.1742925868929229,0.96516033376408816,8.6372219798941163,-22.246199541652459,1.9727592112575911,,0.2144535425227442,0.46875,0,3
-0.76058608510092374,-0.54462722759707149,-0.3533977788707488,0.62307589287863463,-0.76528684638676636,-0.16159354708926676,-0.18244242616327891,-0.343099439969415,0.92141062259360296,-13.660292639164261,-10.670803153825247,-2.6859088967256795,,0.4758857954632995,0.2692307692307692,0,2
-0.68740583058375226,-0.65996506633010987,-0.30318201678753032,0.71335780287335881,-0.69191443058921132,-0.11124327315438569,-0.13635933836432004,-0.29274653194581213,0.94641724354247891,4.1271377339102209,23.697844547639288,-1.6966885741438802,,0.2302444269722078,0.2,0,2
0.72543203540283274,-0.64902420527184812,-0.22916357254709843,0.68016787650672961,0.72697727222827468,0.094210962376274854,0.10545151388021805,-0.22421335070593645,0.96881801778537702,16.991683278892097,-14.371435135555096,3.0302128662769587,0.3173931379123386,0.3190194458157273,0.5526315789473685,1,5
0.98128407981475751,-0.046658473054238377,-0.18682757182586915,0.074932954997078791,0.98625438386962083,0.14726623018655655,0.17738829430802111,-0.15850954920824484,0.97129198280037765,-3.4637617389619733,-3.7243015119900962,-1.6587295206846568,,0.1014575803600078,0.3486842105263158,0,5
-0.97824808682111009,-0.057953631435034424,-0.19917845574843177,0.070207912670960465,-0.99601406678634907,-0.055016613509973951,-0.19519613118405943,-0.067803800536631112,0.97841765877541509,13.759590612413293,17.807951489437805,0.16160269222919824,0.1901771052215556,0.3438978242094822,0.4117647058823529,1,5
-0.88141665208740172,-0.39035428080721096,-0.26594777848013695,0.43039802475848565,-0.89569384561556431,-0.11175900505281487,-0.19458218239866898,-0.21296964662102946,0.95748718211320416,-2.5746777649330803,27.644794799351345,-3.1034762654871724,,0.1281147986671521,0.2941176470588235,0,1
0.72648006779565366,-0.61633383067444369,-0.30390676244826781,0.68226300632393122,0.69975576220373426,0.21179958324912318,0.082121259716673986,-0.36121251698804219,0.92886038578125896,8.3911846503577969,0.38915601734502647,-0.1028022369894592,,0.2440251919364537,0.2678571428571428,1,5
-0.9572488966896292,0.23177058996647712,-0.17308074246743238,-0.23375376339190834,-0.97225302134698555,-0.0091236276654237409,-0.17039286336759038,0.031724692405894143,0.98486537963578769,4.7007558693015303,16.309695272686909,-1.3212532186296997,,0.09566948203370722,0.3076923076923077,0,4
-0.83360404535710453,-0.49545666877040095,-0.24418637336102286,0.51845877973344201,-0.85432396101982921,-0.036483740826584315,-0.19053815702263358,-0.15701356310309131,0.9690417698531324,-8.8875543417460268,-6.6033700162399658,-2.2708528846215832,,0.09080674516229754,0.1714285714285714,0,5
-0.73260846130580515,-0.60552936267770396,-0.31083602326351234,0.65287199816268349,-0.75428682902115907,-0.069350800862507472,-0.19246557208551929,-0.25374311911919845,0.94793007814999453,-9.3098393422131434,21.955394946831284,-4.2368726841580475,0.5411225033219957,0.5485258958601589,0.4693877551020408,1,4
-0.56567313472320779,0.816157557687476,-0.1179014235793423,-0.82246108176219956,-0.56875119239476324,0.0089358903355839289,-0.059763480813737592,0.10202412547604162,0.99298509766354326,-17.096294746593394,2.9063588855802376,-4.262821241241709,0.297465615477742,0.3101356358910392,0.4823529411764706,1,5
-0.68051748765672926,-0.65961234036233618,-0.31907289047347165,0.71560700143278921,-0.691885084998343,-0.095925224301062623,-0.15748831224489879,-0.29360958703448092,0.94286310878498991,15.522972409700504,-3.5231366691119241,1.6357733045602827,0.5360876396125894,0.4234468828581834,0.4642857142857143,1,5
-0.46523979020641865,-0.777322836236777,-0.42346327570817532,0.87301777157687344,-0.48197837760302403,-0.074409771092952159,-0.14625972829058551,-0.40430935159598724,0.90285216956730752,1.1272783333160872,-9.1304995212452482,-0.60381174313576469,,0.1697005449754256,0.2926829268292683,0,3
-0.96746381723981068,-0.14112450425881895,-0.20999437285193503,0.1502926130700899,-0.98823706208815965,-0.028277899001317275,-0.20353351760419977,-0.058918447137268265,0.97729357093894509,6.8465290171862065,-14.430319571812221,0.79847687319297145,0.3198830101556508,0.3242394337414997,0.4125,1,5
-0.82310918297776325,0.54946642337398288,-0.14345006964892723,-0.55524280139779447,-0.83168825354350562,0.00028357306635310857,-0.11914992401847614,0.079883030127539417,0.98965751505459421,3.9205389700078981,10.352644470268309,-1.2622360325108577,0.7060452324182586,0.2807492847809479,0.5169082125603864,1,4
0.76275778187812471,-0.58977146054133356,-0.26527380291937092,0.6367084831097739,0.75667221589327516,0.14849062337808369,0.11314978444705075,-0.28216445918312089,0.95267011302626847,-5.4027062250000881,-1.2065483495279357,-2.1348640300460366,0.4759896972849347,0.1987915654321963,0.4452054794520548,1,3
-0.88291734465824956,-0.3605913076778533,-0.30071726144137428,0.41026983767316344,-0.90394973637539444,-0.12063803049822226,-0.2283322640304262,-0.22988863158936232,0.94605263821243535,-19.539655701665183,2.6974091461314909,-4.6266379178162351,,0.2819555716231167,0.2,0,2
0.97447114837086724,-0.10808582357509743,-0.19678271198165942,0.15213113212068771,0.96247913707822352,0.22469986499514655,0.16511238485480639,-0.2489003122361482,0.95435136869829384,-16.214545015417968,6.3001680914806739,-4.419784661288122,0.5631795764309535,0.2092637232538555,0.1875,1,4
-0.7882500302153076,0.6128544122009324,-0.055419845826346216,-0.60466521743723811,-0.78812312304076448,-0.11507353192654811,-0.11420098373982747,-0.05719626189115784,0.99180982196111256,6.0350766391423862,3.0573147033380179,-0.57026050096064462,0.2601510224381604,0.1272713355697395,0.2972972972972973,1,5
0.40036900130009739,0.91634882679663066,-0.0030806535670499864,-0.9076508330808758,0.3970264526141607,0.13616152588821692,0.12599455545996563,-0.051718696358796473,0.99068186035749717,-3.9874999036326986,17.213055825720005,-3.0631728941361382,,0.1029496204959391,0.2291666666666667,0,5
0.98110306802109892,0.074197090742170652,-0.17869404479440387,-0.036392965489334926,0.97783244008053782,0.20620201548247241,0.19003242350314425,-0.1958022238166354,0.9620546591363619,5.7368544181972414,14.566143422839133,-1.1249593750652453,,0.3897563650780381,0.2452830188679245,0,5
0.22678893408479889,-0.93959650105929382,-0.25636925434577845,0.97345558540351929,0.21034653736514111,0.090213953827471091,-0.030838330424498895,-0.2700236089967411,0.96235972897924305,3.3253605836413085,-22.616844031713022,1.0143657849697529,0.1832195058300288,0.1322774161281105,0.3571428571428572,1,5
0.94748743148687198,0.26171981873103095,-0.18376698195760552,-0.25243895645535602,0.96488338850345312,0.072626578150333659,0.19632152311486753,-0.022422824833012053,0.9802831613816323,2.6550822769221019,-0.75181454055907238,-0.91784539407848842,,0.07690951343652813,0.2439024390243902,0,2
0.15259656123018184,-0.95730636572432426,-0.24551743653843996,0.98774821832236215,0.13951805140568968,0.069915452747990423,-0.032676393646186269,-0.25317826817411249,0.96686763200690196,1.4156740904764522,-2.3963411411299651,-1.0286603893601187,0.6289929279057946,0.6440887801403296,0.7833333333333333,1,5
-0.39775200471456246,-0.88657307900117477,-0.23618111341918113,0.90831732822172673,-0.41681879283173634,0.03495318575523166,-0.12943328010095406,-0.2006246982120391,0.97108020084318325,2.3815880352869012,28.311302869988975,-2.2121475770427095,0.476824544866683,0.4532213047014812,0.9156626506024096,1,5
-0.65572864936418362,-0.71018743421463826,-0.25622987079310594,0.73542753691345286,-0.6775915958328943,-0.0039958986528474995,-0.1707813700391094,-0.19105872798765397,0.96660761744738188,-5.8642055242341149,11.761823311875041,-3.0883602015045764,,0.07947983003464662,0.25,0,5
-0.62521625782887702,-0.70113919489726984,-0.34279507045064683,0.76255768201564911,-0.64231605643043821,-0.077044566651849111,-0.16616381238216707,-0.30957052997735285,0.93624552037602049,-20.706256123650121,4.5747340503252651,-4.9800777378833576,,0.2135683174143524,0.4666666666666667,0,1
0.33493171279750872,0.94190568162408483,-0.025187986953999372,-0.93513470182923519,0.33556364516972187,0.11366674744689788,0.11551552794873446,-0.014516437740604514,0.99319959516607137,2.0668898302789325,-12.095427090527194,-0.23588404356000317,,0.08786796296255014,0.1739130434782609,0,5
0.082259464783892539,0.98841199353043696,-0.12757394521866885,-0.99364583893932434,0.091207014557848812,0.065948671358961167,0.076820096407355723,0.12133841741440647,0.98963410473130575,4.1553649454791328,0.80437419437571411,-0.80643904854927451,0.3389740899222132,0.2597334147206176,0.7381703470031545,1,5
-0.94381179622369171,0.28783434435490601,-0.16239052779885532,-0.28803534718662627,-0.95734774437072878,-0.022824003140524872,-0.1620337374749134,0.025232648653288763,0.98646255953373696,-4.9717327749722848,-18.996089512069378,-0.62946830750519234,0.2499466500198604,0.2188037637254915,0.5862068965517241,1,5
0.45112604640618692,0.88114086196188779,-0.14169005482031208,-0.88207238318110548,0.4643726956451113,0.079412280967727747,0.13577039840527516,0.089155935979345804,0.98672063827433887,-0.38924454214506732,23.23155344471752,-2.5495436473795579,0.6292583705625515,0.5745370308422466,0.8070175438596491,1,5
-0.98013019125467937,-0.055135412747963936,-0.19053843300546106,0.048356272290991764,-0.9980268631177811,0.040050610799358399,-0.19237068155304834,0.030041084474330917,0.98086240325665519,1.8392250357112678,4.6578836069204854,-1.311010346105733,0.7496120161137494,0.6596638398235357,0.987329892069451,1,5
-0.62329714782777479,-0.70216651806093988,-0.34418432042139491,0.76400137697057224,-0.64065547492816399,-0.076566692704068906,-0.16674100124693791,-0.31068109591467796,0.93577491692416281,-13.40042814118852,3.0713711803980828,-3.7194900742814916,,0.2272773227803967,0.4166666666666667,0,2
-0.10797716328385128,-0.92363901918222979,-0.36773889439826796,0.99066208816732615,-0.13093931072106679,0.037993736007992419,-0.083243974419327044,-0.36020252518823331,0.92915261478989242,11.236403993472056,-1.5542746431147647,0.59914207333072533,,0.3835590612258695,0.4,0,4
0.97981785809052668,0.10643800723090616,-0.16919785927607034,-0.071206976177517547,0.97677174650185405,0.20210522452270174,0.18677936585861335,-0.18597824026598059,0.9646375291460636,8.1496203845764352,5.4438769978471697,-0.33196372861650231,,0.5475086903760431,0.4594594594594595,0,5
-0.93768386726287412,0.30003663891797783,-0.17529113035674293,-0.30874660438085944,-0.95083961245102788,0.024074170333990064,-0.15945061730275861,0.076694502415647861,0.98422225840558308,-8.7921351201903395,-10.948176354553645,-1.9032598269296881,,0.08303122206778908,0.2222222222222222,0,5
-0.69535766411791045,0.71103527973364067,-0.10443442883735811,-0.71356262265273629,-0.70037673020691682,-0.017344144188042875,-0.085475742204621466,0.062460121347704074,0.99438052612458061,-7.1191219439413977,19.831859178565928,-3.7286983481845875,0.6519222605520144,0.6866138060867022,0.75,1,5
-0.75247834063450791,0.6513452532027848,-0.097599733637644015,-0.65016362274254591,-0.75828517536451145,-0.047862892565136879,-0.10518369901380713,0.027440006425176262,0.99407415996451709,2.2542517708664134,15.974141326300371,-1.8222090886885933,0.6468150956171863,0.3472973428408266,0.4222222222222222,1,6
-0.24129120706369028,0.96868708476984644,-0.058513974346667351,-0.97045266084474469,-0.24082534199098649,0.014992922139433292,0.00043180215614096177,0.060402702381760147,0.99817399640136772,-9.5410083585249659,25.962139129408403,-4.4145646049168779,,0.1876496940716925,0.4,0,2
0.96720955716438317,0.19713276107845895,-0.16013852453255223,-0.17527795251555234,0.97439272940808652,0.14084192642326873,0.18380237183408527,-0.10815490458710098,0.97699498705055887,11.10269040263046,-35.153308722917451,3.582316421389705,0.9765231150871263,0.7709672018619589,0.375,1,5
-0.91000801062933712,-0.29037174310112257,-0.29592173187998783,0.33997700993475932,-0.93115272160727824,-0.13179621299255617,-0.23727842992201451,-0.22054219517311016,0.9460761527709961,0.95116357445062438,-10.744343069221703,-0.50396699007599721,0.3838069199888628,0.4066604534709329,0.1166666666666667,1,5
-0.94204211179244124,-0.23016190198621525,-0.24409456873049207,0.27200222504438115,-0.94988032503422581,-0.15408490413982487,-0.19639615368062324,-0.21154873430715895,0.95743181680602996,-4.314338741621758,21.861799929519933,-3.3213802546458107,,0.09603076097731114,0.2083333333333333,0,1
-0.5127581085907843,-0.82312478928642663,-0.2440178340543519,0.84535124297026831,-0.53367771279112763,0.023861577455272381,-0.1498679354732842,-0.19404556200080089,0.96947713835075511,1.2310255046865772,1.4199857041971859,-1.2571231808007579,0.371028656000401,0.3039111107497747,0.8610328638497653,1,5
-0.66432820493122346,0.74136300136899425,-0.095125897283631647,-0.74563270680672755,-0.66617939278750649,0.015391009237339727,-0.051960587688484307,0.081153661817734701,0.99534626160981854,2.5870471125975665,18.532115291325876,-1.8053909517680307,,0.4888274590414461,0.75,0,3
-0.93646429742169424,-0.26068761901363602,-0.23468401084755375,0.2992034906299374,-0.94286304572862134,-0.14658290553202452,-0.18306253262028888,-0.20748793288369999,0.96095622525601876,-8.4495678867590449,-4.2482792104962481,-2.3306863863335519,,0.3583697627146055,0.2340425531914894,0,4
0.22247691674605724,0.96463808364662307,-0.14134139200439821,-0.96890084849542468,0.23487212070922681,0.077886023768065096,0.10832897719454863,0.11961795221505638,0.98689228298120868,-5.3781741363218512,-7.5628915258024163,-1.6424574911370213,,0.1524567498003709,0.5,0,5
0.83520545675546265,0.53443391582738353,-0.12966200144725604,-0.51569730004398973,0.84301839028982306,0.15289306184551302,0.19101868948675821,-0.060830775488773116,0.97969968715938482,-1.2425019120293928,35.008031133642483,-3.2255579149697611,,0.1300679319898096,0.1739130434782609,0,1
-0.96261945293411311,0.21240199180267777,-0.16807493183423697,-0.21257653362355586,-0.97699363534142014,-0.017165484407660497,-0.16785412174093739,0.01920495718848635,0.98562475792462034,-2.8696354083426776,22.079154325876583,-3.0152019507824819,,0.08121902464640829,0.2413793103448276,0,5
-0.71217474200869457,0.69036834791049351,-0.12727403917604635,-0.69480101784799941,-0.71908978169622617,-0.012705567970754802,-0.10029298301593441,0.0793815473734968,0.99178621057885052,6.68541195186629,8.9778475289819131,-0.77362990517056041,,0.1019721078575768,0.1818181818181818,0,5
-0.093873344742081352,0.99447945209880584,-0.046887253067260895,-0.99475835330311901,-0.091773626086911309,0.045093459487242402,0.04054150565287535,0.050874560520153954,0.99788183940348341,2.3877718322079029,-14.946903805140314,0.13810082867779358,,0.08081620270551489,0.25,0,4
0.80997200276348524,-0.54114669564525142,-0.22606549611016138,0.57316031180591209,0.81206993005248362,0.10967992375591788,0.12422806329432064,-0.21840943774658542,0.96791771643738511,8.813674997710228,27.957292842971526,-0.99708732887748419,,0.5991674782553885,0.8064516129032258,0,3
-0.42496251502825283,-0.84617497187928692,-0.3215505835571601,0.89291128134466313,-0.45020844593952808,0.0046689240888988194,-0.14871551522384777,-0.28513202585785336,0.94688089185594104,-23.600872591212564,2.883727516431815,-5.2646667527017419,0.9127136895626612,0.7900437321061707,0.768,1,5
-0.80931016313809689,-0.54226469140574796,-0.22575664839825868,0.5562871014490085,-0.83098821553399405,0.0018017783127288198,-0.18857815515813778,-0.12412731407009701,0.97418206167989763,9.30446763230022,-15.297379746043532,1.4175520009385387,,0.2632087411601547,0.2,0,1
0.1446089723678694,0.97797920951354333,-0.15048226098106618,-0.98554786212000145,0.15591749205316802,0.06622044353932928,0.088225033756887561,0.13873140030690684,0.98639238743386559,-6.2176238619141078,4.4742737286930518,-2.6607206593388728,0.2380308078320292,0.2237010494993001,0.7873183619550859,1,3
-0.97067370828283173,-0.12546303318656693,-0.20506481744092864,0.14115915719596892,-0.98793297530300717,-0.06373796865818053,-0.19459353634737889,-0.090815547196357732,0.97667082069612732,1.1587369520446917,-20.21351530241483,0.41045797582396754,,0.4398243334108052,0.3214285714285715,0,5
0.91588184507217241,0.38289852127115009,-0.12061993316015097,-0.35022525621432371,0.90896125510114256,0.22612321118046985,0.19622108902155255,-0.16485799687404482,0.96660184413742611,-5.9294875321291922,26.412740985196685,-3.6926281541415222,,0.0936828464787812,0.3846153846153846,0,1
-0.68756691408427051,-0.69679948174505391,-0.20426017941943012,0.70549381406664513,-0.7076321007895563,0.039182754444500284,-0.17184358286049436,-0.1171635274818241,0.97813214386282432,-3.6732754762561273,8.6337991995307259,-2.4529666586425289,0.5653895530161457,0.4732016369359309,0.9902173913043478,1,5
0.34407815294739758,0.93707956092198119,0.059094172018681057,-0.93353908076807579,0.33467896903645727,0.12843197562674979,0.10057340276138205,-0.099357355978107367,0.98995611340606193,7.3945256948839644,15.400243809869025,-0.84314464830257119,,0.4899067556173379,0.6515151515151515,0,4
-0.92970572648138239,0.32578644911955984,-0.17178606380551781,-0.3334108276577637,-0.94263288250691002,0.016747203267406797,-0.1564751806143391,0.072845304493722896,0.98499191847696255,-4.2345982652609866,13.731920457899299,-2.8905045133726119,,0.1312485178931275,0.4,0,5
0.19257601163935911,0.98125464628442982,-0.0073347724091595082,-0.9755851901380822,0.19225691831221603,0.10616409065371886,0.10558416796242959,-0.013288961822003188,0.9943215712079132,-5.2398860851940539,-3.4488067582948903,-1.9692844270896956,0.6557611931147147,0.3719834793887151,0.8017241379310345,1,5
-0.89598922713597262,-0.33864853470593415,-0.28726377216385118,0.39723841047568703,-0.90037056764606904,-0.17757952066453034,-0.19850680114049243,-0.2732215417170073,0.94124653467768438,-6.1649313397633865,-10.42147743793087,-1.5831637441766364,,0.3018777910227003,0.1923076923076923,0,5
-0.82422880221510375,0.56193034379050699,-0.069865372871954601,-0.54545171478374843,-0.82101630287178784,-0.16856647726700891,-0.152083228656296,-0.10082915821439274,0.98321115352463995,10.413241030960352,-2.6647256584054224,0.48756365980306082,0.6865421059298481,0.5135395546652806,0.296875,1,4
0.60195754200239537,0.79747053397854384,-0.041083634970746477,-0.78173397609008344,0.59901329672299086,0.17342162776148409,0.16290828171956973,-0.072275983459442292,0.98399038306385245,5.6649103610820388,16.482034944305681,-1.1762751335907764,,0.504665237096436,0.3023255813953488,0,1
-0.68674798304557361,-0.69869526379829627,-0.20050470350758315,0.70562267388544642,-0.7070305629812107,0.046951305724375718,-0.17456760834011442,-0.10923695050805836,0.97856703335137496,-10.031643969146979,5.6287239051773073,-3.3707858045144312,,0.126488636749639,0.52,0,5
-0.011929001114294116,-0.97553303851207962,-0.21952901790834753,0.99778363239325674,-0.025986265509251448,0.06125795403864303,-0.06546389738270228,-0.21831171470232896,0.97368088887643012,-5.7676240314582117,-28.3091332544384,0.043828132120373738,,0.4180225778432523,0.7857142857142857,0,3
0.17379945090017546,-0.91285992874073252,-0.36943267501164834,0.98439316813750288,0.15051468107556257,0.091188931921216118,-0.027637680637274679,-0.37951558766430976,0.92477244624221233,20.597295626662888,0.27796651798428895,2.557888825154647,0.2740862512179886,0.3573477618293289,0.4193548387096774,1,5
-0.6881365780794283,0.70502067965076531,-0.17150478469683697,-0.7200049718398519,-0.69274651493354422,0.041171671976301449,-0.089782461734071131,0.15181603114362657,0.9843226108612807,-10.365402161115989,-9.6715184628631814,-2.2234557442303928,0.4831664079983017,0.4288522259594375,0.8863636363636364,1,5
0.67035733724188307,-0.70630828487867503,-0.22748548770793475,0.73732134885068923,0.66853487224010388,0.097048200024056216,0.083536033751748034,-0.23278687959301514,0.96893343411937971,-9.8731645622371147,16.991745067572271,-4.1036634370870688,0.4361956294443586,0.4164327480223641,0.921760391198044,1,5
-0.9509225117915876,0.28851889111957563,-0.11181782521185134,-0.25341259386345444,-0.93351525960224235,-0.25363619095301576,-0.17756247869235647,-0.21285231865518683,0.96081499603395937,-16.383019335599823,1.1092139199521578,-4.0236544338981659,,0.3310842366181408,0.21875,0,2
-0.71492017971550437,-0.63528245841537601,-0.29207076996040715,0.67775241936438624,-0.73231025367344305,-0.066131311876127863,-0.17187435725340319,-0.24523028033758856,0.95410760133450123,19.733101599164851,17.017411360626468,1.4081402605787876,,0.2237918055407958,0.2777777777777778,0,5
0.52552428266061135,-0.75276275637999046,-0.39644982146704222,0.8441933983234694,0.51924671006693679,0.13311784370149621,0.10564911055528707,-0.40463698136955095,0.90835410427157492,-4.6273081193587853,-24.030709522912318,-0.17120892389301559,,0.3108956598372419,0.1,0,2
-0.35653404766803948,-0.90275278604010045,-0.24066757187099147,0.92594738053951697,-0.37576035111889466,0.037757211218664412,-0.12451875892992949,-0.20938377641030301,0.9698729364461659,-5.4697322528049304,25.156259369352238,-3.5756223034699235,0.2053507682410082,0.1634364263325189,0.4444444444444444,1,5
0.94894945236542194,0.21975399997663292,-0.22628105609978991,-0.18746734911054289,0.96985235545566739,0.15569971623147158,0.25367485069046958,-0.10533085071034479,0.96153756141702729,-0.32907496678005432,30.79981457044904,-2.8316295652246719,0.2660982187291911,0.3176967639992888,0.7692307692307693,1,5
0.95647860996079748,-0.20419667974866215,-0.20845235586839184,0.23183231098249255,0.96558648565561533,0.11788349461971113,0.17720735953107977,-0.16107903246189659,0.97090220775789848,6.9543803323029403,19.022615934356796,-1.0414747984826809,0.478482929392272,0.4026053260024446,0.7888198757763976,1,5
0.73319757953003251,0.66864945027701661,-0.12381123541724508,-0.65553248602165304,0.74340140876433358,0.1327836782796587,0.18082718031748654,-0.016194384565261632,0.98338154994233007,12.925145101536582,-5.4033736493781976,1.2687469445575954,0.1709410548837754,0.1345539825772008,0.32,1,4
-0.066786451407915767,0.99044807582844918,-0.12063241270927273,-0.99688975821109316,-0.061168649327439081,0.049691108996330745,0.041837541540661112,0.12357590957455644,0.99145277985926006,-3.4908983635907909,-16.962964477729159,-0.60704158663648866,0.5070925028201195,0.3330424801738142,0.9230769230769231,1,6
-0.070401885468147352,-0.96763589371493064,-0.24233107872709572,0.99454464334217174,-0.086834596167038786,0.057798834831689579,-0.076970948558033797,-0.23693992931334998,0.96847041409382351,-11.410044472214492,18.174703405859667,-4.5012310427987279,,0.08139062538525407,0.1951219512195122,0,5
-0.84438903132436416,0.53328462454976389,-0.051133873292739926,-0.52764875831946256,-0.84437043431764214,-0.092872802768976359,-0.092703568556071952,-0.051440051215495719,0.99436410308695056,4.3375004023694697,-20.113348808426387,0.89893825730535304,0.407789884984374,0.2506788690181508,0.7142857142857143,1,5
-0.97838770703233158,0.13072661381618164,-0.16021250627891401,-0.10112363881997054,-0.97832116292193283,-0.18072551521820457,-0.18036492009208521,-0.16061835081718473,0.97039695021209926,4.77598026770068,21.266490219851594,-1.4759332863808514,,0.3822166237805117,0.2727272727272727,0,1
-0.55865012245849832,0.82869351612258202,0.034308847452180415,-0.82940080985671261,-0.55806633090371704,-0.025617707170882714,-0.0020826152152637512,-0.042767121110208445,0.99908289749440216,1.5321870147573067,19.98899673620015,-2.0469522691867392,,0.2962507477387805,0.2916666666666667,0,4
0.65658136766690889,0.74074381142243728,-0.14212499242572463,-0.73357030603923656,0.67096242747314783,0.10809267790577928,0.17542951214135163,0.033287035895407685,0.98392909272525597,3.7703058949681858,17.252392985485091,-1.5372660354094885,0.6294313994470551,0.4500435475565605,0.9468085106382979,1,6
0.96086154992131545,-0.20752573888102149,-0.18351607445859461,0.24286454954931139,0.94971450433753313,0.19763393135573512,0.1332737500598539,-0.23446839435795905,0.9629447957137437,3.874008548974472,27.753412176800957,-1.9251349781982594,0.5289985413308143,0.4300188534903706,0.4166666666666667,1,3
-0.71042548755529877,-0.64909579296271902,-0.27197477491472527,0.68104746320672116,-0.73148637118798965,-0.033197012304082583,-0.177397800131531,-0.2088117341633996,0.96173160506669819,-0.24475856069971255,20.585852337464221,-2.4139666165391871,,0.0936477701107509,0.2,0,1
0.72201774741111413,-0.59082065741922285,-0.36002961432373576,0.68137517369675016,0.69751555501007945,0.22181055698208957,0.12007599715640319,-0.40546639970002213,0.9061891378852418,-13.120558812105616,1.241426386205583,-3.528701107636989,,0.4181506722437108,0.2183908045977012,0,5
-0.81915999239384629,-0.51121941459470432,-0.26006079482067623,0.53570396842722745,-0.84392687596469151,-0.028437409090798674,-0.2049345385059195,-0.16261038763229441,0.96517340243162597,-0.053866375609071537,-19.236359365805274,0.15807665500860552,,0.1675629583522412,0.4615384615384616,0,6
0.9758907328374381,0.13788092240628855,-0.16919257902874918,-0.10296069594845873,0.97433964119889904,0.2001533379142367,0.19244836359870021,-0.17790760193086927,0.96504534221112659,28.92075672699999,-3.1666193891854566,4.6783905840889082,,0.4645933340343273,0.4166666666666667,0,1
0.032170289099258675,0.99933220184858007,-0.01732693994157242,-0.99687648165361242,0.033332631357927925,0.071597597813561509,0.072127337571728858,0.014969503506303392,0.99728308976919333,5.7824789970353798,22.592878644813197,-1.3462543886317464,,0.3799312187436985,0.7222222222222222,0,3
-0.1797971758581213,-0.92749922834289222,-0.32774709301042448,0.97753280942050491,-0.20572146348424658,0.045916075271699185,-0.11001173600984709,-0.31212795594954301,0.94364906456524433,0.026410616349088353,-9.7582049479498902,-0.70605712946896848,,0.211693579866001,0.3164556962025317,0,5
0.92081838243894754,-0.33694374091163176,-0.19637317032373466,0.35871351906563764,0.92934167163779779,0.087456666967189622,0.15302979383788592,-0.15097341758713201,0.97662116984017644,-0.029198150747388726,17.94685612987481,-2.3171773673756619,0.4513247671064213,0.4001830619998772,0.9871382636655949,1,5
0.819554332688051,0.56097298307611232,-0.11679044494705583,-0.54085993027594914,0.8246483098472055,0.16560706774785824,0.18921213384489641,-0.072556717985559141,0.97925190379239269,7.2932781527517792,7.5034840838293047,-0.56638614116537689,0.3958769312221648,0.3395385992024172,0.8296703296703297,1,5
0.88595915335868003,-0.41359286501180931,-0.20980305191129686,0.44253163349776908,0.8892576227535357,0.1157006211242084,0.13871601181466914,-0.19535051160940042,0.97087385672917292,-10.915666902222272,-3.9206837631765326,-2.7680096937874108,0.2406537690095003,0.2632894098129838,0.6194029850746269,1,5
-0.030169757053156703,-0.94423059848941415,-0.32789992777626087,0.99877096782165065,-0.041384045324701003,0.027274798425794621,-0.03932352471432516,-0.32667405417156503,0.94431865529341108,-15.736738482727295,-8.8509196276036253,-3.1148092701706114,,0.1602283687765256,0.1875,0,2
-0.19543085127957097,-0.91731575843691493,-0.34689851785709236,0.97651457686131216,-0.21472546182135052,0.017670801424346294,-0.090697649062768587,-0.33529803961388283,0.93773618949338411,-14.808054461966476,22.710711079027032,-5.3070489279401105,0.7797530270319539,0.5477698940616313,0.4066985645933014,1,5
-0.94498563254610712,0.23634752973502501,-0.2261459693861132,-0.21702476221677866,-0.97026601600596218,-0.10716394341693981,-0.24474968205532793,-0.052189111623687952,0.96818071131465222,7.2795074031692426,-19.521178131629483,1.3997658902973196,,0.3781835598356207,0.3333333333333333,0,2
-0.82597282021130725,-0.51275227850978111,-0.23420931056473213,0.53066083321254087,-0.84742978298493421,-0.016181563715516208,-0.19017881155993982,-0.13765123970794937,0.97205151912875132,-12.224956454583049,2.9654959962386549,-3.5200129063834744,,0.2772151789713804,0.1818181818181818,0,1
-0.58642955455083412,-0.733417714368366,-0.34380057271620584,0.79402951366866048,-0.60438505886369942,-0.065083270088656067,-0.16005470618641646,-0.31115455463965813,0.9367845719025133,-8.8513906776178821,14.285673978370601,-3.7308841220641735,0.3675688838301334,0.2989839778053558,0.4619565217391304,1,5
-0.88362587414652238,0.46206947785717628,-0.075479216818866879,-0.44644445084934242,-0.88012199713710515,-0.16147019062731724,-0.14104136572162876,-0.10898196083843141,0.98398692337204763,-11.976341767045787,-2.8570041105322557,-2.9819218875043449,,0.4198524301614565,0.2142857142857143,0,1
0.74998751560123811,-0.55510596435928072,-0.35968888608773603,0.6533776228834266,0.70643084136158329,0.27212708113741568,0.1030359566243086,-0.4391045828796592,0.89250812709834471,7.9144490822604325,-4.4394036650586282,0.1409062375578527,,0.2911244948389136,0.2941176470588235,0,3
0.7986837400468616,-0.56056333129521696,-0.21879907447694147,0.59131041327585621,0.79854596036744208,0.11258927272336659,0.11160769926978052,-0.21930139258118952,0.96925260932104673,-1.777307945788632,-14.753691815165999,-0.51216546142101438,0.3316988038497873,0.2818717962748084,0.7142857142857143,1,5
0.8738851727488679,0.47533201464009128,-0.10190280029456394,-0.44446508905857335,0.86614127135683006,0.22858276982425765,0.19691492949453127,-0.15446285608704471,0.96817650076398631,11.307195296785368,6.9117872634963016,0.14728232742837091,,0.2761718139725901,0.4,0,4
0.25083712125644347,0.95331519111846352,-0.16813948073711188,-0.96209249254562057,0.26471650530504814,0.065598838453408442,0.10704566496189402,0.14531110832227487,0.98357811454455224,-9.8461529416541538,-23.341546832294533,-1.0274706291418592,,0.08417335522903649,0.2727272727272727,0,1
0.0089812373860068285,-0.97256269395969597,-0.23246751104804989,0.99818214254490578,-0.0051357360008300011,0.060050266612164359,-0.059596540834837342,-0.23258424394956065,0.97074858835175926,18.757771607943546,14.361938890755424,1.2913653712966273,,0.1224351152477469,0.35,0,3
0.98163939880147,-0.017887265610454655,-0.1899055987844174,0.049737464118119822,0.9851547571987006,0.16430547474709242,0.18414742839308348,-0.17073415035589604,0.9679563908144122,6.9089977414987036,-9.7726462584221263,0.41089467679797281,,0.09565078669651306,0.4230769230769231,0,1
-0.63831858056303503,-0.73834284362923208,-0.21771365361292916,0.75122375630349869,-0.65921678775446668,0.033107321062622819,-0.16796504896332665,-0.14241865047872534,0.97545100867371348,-2.5817396673784736,15.24626127139611,-2.6718727299146949,,0.1115852145944124,0.5,0,1
0.19330914400742491,0.98023043961334844,-0.042188388195536969,-0.97504146574009642,0.19671633608410555,0.10294087237365679,0.10920492173213119,0.021236015941459383,0.99379239114435391,-8.723718877794381,-26.425117127240107,-0.617785262753758,,0.3672208660624854,0.3888888888888889,0,2
