axis_00,axis_01,axis_02,axis_10,axis_11,axis_12,axis_20,axis_21,axis_22,location_x,location_y,location_z,dbh,dbh_approximation,score,reconstructed,number_clusters
0.49976312925806238,0.86353581882605768,-0.06739958633849448,-0.85022185039982512,0.50393820517752075,0.15221396277988755,0.16540743555501744,-0.018766325342749232,0.98604675614102788,1.4707271407675289,-7.5373562898182467,0.1439216309923454,,0.08394214104395947,0.1428571428571428,0,2
-0.98203805650147102,0.15921534734670859,-0.10125082099460392,-0.14082613420709669,-0.9756281533172757,-0.16827865693250491,-0.12557569632336987,-0.15099728349871011,0.98052565742509346,-9.2355309089514197,18.646446212276391,-5.4041890116162756,,0.5304658088115423,0.8,0,3
0.65819646061029058,-0.72942651048490992,-0.18631796757664859,0.75213995888393248,0.64784027236712494,0.12078271295746296,0.032602170022282516,-0.21963594264394923,0.97503699991781922,-8.4460215739287836,-4.8017203010739413,-1.6389266305690071,0.9544926401091054,0.7938982294166412,0.9970869746150645,1,5
0.28605133659903142,-0.91897140658040222,-0.27141515565189761,0.95098723799662987,0.2375443812609124,0.19797964566821133,-0.11746448823984157,-0.3147446914866181,0.94187996750304914,20.646609195045407,-7.8025262207204538,2.8946032110840796,0.384122609576085,0.4103870928341841,0.9615384615384616,1,4
-0.063769771037122072,0.99770129653581341,0.022924641603115508,-0.99483785963438687,-0.065370187121290599,0.077616825970925465,0.07893699601547105,-0.017856694164534795,0.99671966426551928,-8.0957541324826785,7.4997467810834895,-3.6022707392905944,,0.4398674874993639,0.1825396825396825,0,5
-0.98062034651484409,0.035174895279112543,-0.19273417637567852,-0.037800045725306326,-0.9992356931054126,0.0099592252364782106,-0.19223655361109776,0.017051579582244531,0.98120046427296304,-29.26977420237202,7.0629012842013612,-6.1572579209538665,,0.3207950350200907,0.6666666666666666,0,2
0.97403575419953403,-0.17839523118415807,-0.13938970920299396,0.20309520590224334,0.96058443820023032,0.18981536931205731,0.10003342881492068,-0.21319633809776878,0.97187480394402226,-1.0753564790922649,-16.479949913275274,1.1522826702365905,0.6941883242544908,0.614490918707956,0.7142857142857143,1,5
0.13740619017994266,-0.92173772282961342,-0.3626556344703788,0.98728387831620923,0.097900381887215865,0.12524399723436935,-0.079937991700685371,-0.37525336179602298,0.92346891227785521,-9.284311978420984,-6.5239918102103447,-1.4567564331090468,,0.2583938259701019,0.1379310344827586,0,2
0.83334480256293486,-0.52985428601179552,-0.15745118493131277,0.55159983647323318,0.81554819870716522,0.17498215905686323,0.035693983303164215,-0.2326705206519066,0.97190039015092722,-37.413387307025722,-0.59005484663519903,-5.9214181935360415,,0.1627268106239555,0.2727272727272727,1,2
0.84666958253938862,0.52040952765536674,-0.11101595168306153,-0.50408870102402492,0.85123975958254106,0.14589535018556662,0.17042652229770133,-0.067563268359191186,0.98305137468299963,-31.74583623199128,-0.10648248383922157,-5.2814959291329515,,0.1154324906270878,0.5454545454545454,0,1
-0.16536900971843704,-0.90927617523375304,-0.38192921828137161,0.9764751331343221,-0.20529482765177345,0.065957168751663575,-0.13838137517401075,-0.36203711258889576,0.92183497661633773,-6.6105146850056729,-14.907602498952244,0.16772903686924787,,0.4717321681984061,0.4509803921568628,0,3
0.81375283656256192,0.57124834150804848,-0.1071524769227874,-0.55274068859830061,0.81761984933471921,0.16116920655555414,0.17967763398447986,-0.071924365121804543,0.98109267327177818,14.982214092271382,-5.0246460644363395,1.647627081369857,0.4318571457375643,0.3516663395520497,0.7272727272727273,1,5
0.59653944437315376,-0.7820746189273905,-0.18027751311949258,0.80255995699236993,0.57954835941708027,0.14149634104590419,-0.0061811600349024765,-0.22909166184422908,0.97338522884522705,18.285033994670599,-7.7910218292312052,2.5538412278103757,0.5315499167606956,0.3554400004347306,0.8241758241758241,1,6
-0.67883075400702664,-0.66866107070181546,-0.30344880942615987,0.68795815897102053,-0.72362266255937568,0.055532096445965504,-0.2567145864953061,-0.17106318937276332,0.95122815681736539,0.84345532385507394,-9.9263509394154745,0.41626648348354539,,0.226845612845144,0.34375,0,2
-0.96176048892096522,-0.2222441595297682,-0.1600759054493025,0.22703883246234224,-0.9738108227757567,-0.012076837290478466,-0.15319964263875935,-0.047958471615671482,0.98703082753055182,-27.886571983736442,-2.745728749922975,-4.3392266831989748,0.84464825680335,0.7536531660889403,0.723404255319149,1,1
-0.83692554993202517,-0.52707952989775375,-0.1474543761091609,0.52009195816199882,-0.84980138391527582,0.085685255154555967,-0.17046987688796084,-0.0049776559188767231,0.98535031537791584,2.3615644330519485,6.2967407044489994,-1.8873220519857365,,0.06868872033212492,0.2558139534883721,0,5
-0.71519597183576011,-0.62454234468835845,-0.31375401441427148,0.67708947990253987,-0.73044761500730337,-0.089421015066093318,-0.17333366111408074,-0.276393092209828,0.94528424323241478,-10.100895650414207,-14.459159513398538,-0.37143969964676049,,0.1442858662012237,0.2142857142857143,0,1
-0.62711050049456685,0.77123731407973317,-0.10920359673807623,-0.77888442526899526,-0.61935873504637085,0.098660069912531442,0.0084541257880505136,0.14692774650432022,0.98911109844360845,4.7336211135794821,2.7272638559402611,-1.0529117229486498,,0.074174579685593,0.4339622641509434,0,1
-0.38115965623469805,0.92104408793105408,-0.079969397561182931,-0.92291507776816151,-0.37399876181517511,0.091393027025604354,0.054268551549068025,0.10864029753258009,0.99259871552646961,0.007557802187801544,10.862751653712767,-3.0791079056753672,0.3856869007025804,0.3716012580078057,0.7918781725888325,1,5
0.027739466482224247,0.9979834105540033,-0.05709320676123452,-0.99075096255094941,0.035037970363047344,0.13109107840431186,0.13282715160556888,0.052928752978298445,0.9897249592207491,17.619214066618596,3.1186417974443139,0.81366489198853875,0.5452610343786078,0.5430477957316355,0.7291666666666666,1,5
-0.28947070049654433,-0.9272001391870518,-0.23771120176708752,0.94530986633776104,-0.31592350287221632,0.081127041961569404,-0.15031956013282327,-0.20122684270360586,0.96794203732300721,17.414540995032517,10.076158499742535,-0.28760048299086222,0.3848017530004841,0.2322148895192148,0.7058823529411765,1,5
-0.12303661329463381,-0.97612682989198996,-0.17899274776929483,0.98545853834696873,-0.14147063630963755,0.094114442362496054,-0.11718985019208815,-0.16481040934104232,0.97933858699879472,-17.481417954312178,11.559294336424845,-5.3788813304085554,,0.09861067703491184,0.625,0,3
-0.97001110407794455,-0.18709633794124556,-0.15515610943324992,0.19118057050013265,-0.98148517542098912,-0.011697858439650143,-0.15009479480891785,-0.0410098860984223,0.98782070327234173,-16.647890978567546,15.087122078131033,-5.8769321640546277,,0.1927669386893388,0.6153846153846154,0,1
0.2795668298366043,0.95576601374667192,-0.091398657659231053,-0.94870302960430419,0.28962682248367039,0.12680246573954643,0.14766499001025099,0.051260420060809504,0.98770816543170481,-9.0012679743180346,-8.664792667266644,-1.0216674060136286,,0.09464890021475723,0.3134328358208955,0,5
-0.90545687085616455,0.41469145157352844,-0.090437022348177673,-0.41608019884914288,-0.90931994087091628,-0.0038096273010103732,-0.083816007689596767,0.034179601026853058,0.99589488989984509,-10.792314565185153,15.476695416768155,-5.2134325649605282,,0.1703552033342863,0.4,0,4
0.93404160928941615,0.35459340642563097,-0.042776024073126896,-0.32846014773527976,0.89983444426697701,0.28707473636748038,0.14028614851707791,-0.25408952955642916,0.95695261507769369,15.606654825543885,21.522895950659017,-2.29561264086959,0.5763913739370274,0.2930558238211463,0.3478260869565217,1,4
0.8272700499175063,0.56084937702076687,-0.032745088256181949,-0.53499298561814623,0.80424119999243415,0.25880223641636435,0.17148402213870914,-0.19658094650842339,0.96537514035787331,1.1593598061927379,11.572435586665975,-3.0374402453943294,,0.4700471332569212,0.3448275862068966,0,1
0.084913984223593808,0.98730896323000805,0.13420367509484521,-0.98698996052166688,0.064890686545094486,0.14710546090864801,0.13652997148141038,-0.14494899077052525,0.97997416137462134,3.4585686433872067,-9.007960471572833,0.61800486732398241,,0.645215722476134,0.208,0,3
0.86572814674568443,0.49457840467778674,-0.076856864095913593,-0.4717511966200173,0.85760461198105487,0.20485394308239604,0.16722913747270227,-0.14109050689255939,0.97577040560007566,-13.146697538111333,14.347975797134696,-5.2976139095620098,,0.09411928394295732,0.2580645161290323,0,5
0.77866875146019732,0.62614714096506974,-0.040183744980854363,-0.60298898894078368,0.76449679966899919,0.22792306270324855,0.17343371850821979,-0.15324621090626317,0.97284959995226616,-7.6644116911536937,-9.0274304573799284,-0.76008903351742374,,0.07940219806295103,0.275,0,5
-0.93313426103618113,0.34780158651935533,-0.091074185667946173,-0.35090892710526267,-0.93619259812476208,0.020157978426428171,-0.078252001624836934,0.05076884508265285,0.99564006980970754,-4.9065231675576984,-12.389742922235785,0.026456879265316903,,0.1300546189395486,0.3513513513513514,1,4
-0.37475275182747142,0.92700287101553336,0.015035029986563433,-0.92483506489426748,-0.37491709472624263,0.064165994296434617,0.065118950696045466,0.010141460003024134,0.99782597332864298,-2.1678339693580146,4.5505038542180003,-2.2873305500492065,,0.2517458759187394,0.2660550458715596,0,5
0.32247933981889731,-0.91383575045279919,-0.24680214055865904,0.9431134147089737,0.28790370556595785,0.16627851129165191,-0.08089599734193266,-0.2863837940871623,0.95469375199500206,7.5281558862825584,-9.7166657897516941,1.3073116769472293,,0.2024185735996116,0.25,0,5
-0.30500943345787995,-0.91777339820870973,-0.2542857350347047,0.94012073341677027,-0.33281281036570021,0.073543455564707608,-0.15212577724244083,-0.21662784400192289,0.96432884697154075,13.929656139183924,16.90262484792904,-2.0287269546084423,,0.1198692714419808,0.4666666666666667,0,4
-0.9907679523901235,0.062189253351729701,-0.12046311171572553,-0.070655659974773091,-0.99522569357088975,0.067331987716609545,-0.11570065786420686,0.075221776261231638,0.99043174532417622,9.0334083966241607,-9.3913031726644238,1.5187452817254845,0.2269073736575789,0.2685724880884396,0.6285714285714286,1,5
0.23900283177299822,-0.94436034532057667,-0.22596722016808315,0.96739730443876515,0.21149436776935845,0.13932906289232092,-0.083786047580136275,-0.25190012026166725,0.96411940528290296,-10.901739952350264,17.527389179243816,-5.4879631593254024,,0.1059263965596772,0.4285714285714285,0,5
-0.70447979584896558,-0.69428120670603743,-0.14724748981021632,0.68823790859597866,-0.7189513168163103,0.097147234749776032,-0.17331127606718036,-0.032903040329177242,0.98431732257695403,-6.4677161794095417,2.4226347323353106,-2.4684553161746994,0.2709710826290194,0.2490193067364284,0.8403630539241858,1,5
0.96934597658318644,-0.17839242639152803,-0.16895123523707054,0.22375179364730607,0.92501495175496307,0.30705451286274321,0.10150621912770687,-0.33544519855843297,0.93657514714116308,-27.398797486563371,3.1151926231541442,-5.2606491180967945,,0.7976404901201644,0.8085106382978723,0,1
0.98129550511533892,0.15015039970627586,-0.12047401839599528,-0.12771990799897914,0.97604157547041392,0.17615467082642339,0.14403734495319373,-0.15747285614123743,0.97696240605130602,0.22924605797968484,-4.6803825923770557,-0.5140431491851204,,0.06808553941074277,0.2028985507246377,0,5
0.98271588416020783,0.12995557077792014,-0.13183717473841361,-0.11073292693103842,0.98337250827176104,0.14393307079539211,0.14834995757501021,-0.12684659868948417,0.98076614464835732,4.2891658826868575,-5.3694777123911708,0.16991805775425312,,0.09235467199892547,0.4090909090909091,0,5
-0.53078648355493707,0.8462279266631566,0.046518867255772769,-0.83911889206480406,-0.53244449283663242,0.11127599484110383,0.1189335690851019,0.020028933654013002,0.99270018029683194,-9.9190478346498381,3.1002499583721796,-3.063803702779679,,0.6513177995284054,0.5785077951002228,0,4
-0.97291650055669032,0.16138938983226722,-0.16549002324639708,-0.16554736691597402,-0.98613414898237506,0.011554631884902997,-0.16133056824951825,0.038638129617984934,0.98614377384228935,11.904840358654225,4.2809623617117483,-0.35185366539070151,,0.150714592413324,0.2352941176470588,0,5
0.86262152481555499,-0.45017948190234891,-0.23070010619637679,0.5039291011907655,0.8044783004869972,0.31443620182577531,0.044040502925761095,-0.3874959330363163,0.92081883993669489,-3.712693151179038,-2.2066196063085033,-1.4335944983185587,,0.7084161818642187,0.3476132190942472,0,2
-0.89491819108762261,-0.42165024181703409,-0.14605651247408244,0.41203436632394208,-0.90648132215452204,0.092300019247098519,-0.1713158259720409,0.022420663697222648,0.98496101527466118,6.2250358768771354,-6.8689254399189679,0.65448009981059951,0.2533758380440627,0.2020375705793191,0.810126582278481,1,5
-0.29658621447524564,-0.90903514955473563,-0.29273147124496912,0.94326096430259676,-0.32676278930306835,0.059032471994782766,-0.14931634406916003,-0.25861395244819879,0.95437071046472399,-10.978142272523694,-13.795179793504275,-0.61392108135833212,,0.7100042318705774,0.3703703703703703,0,1
-0.5076262290424377,-0.83473279491684982,-0.21339346915606403,0.84683484288201127,-0.52901654068466919,0.054883955424387065,-0.15870211236513199,-0.15284848959780789,0.97542348688070613,-4.7125926265382621,17.727124188063758,-4.6740962939274207,,0.1142571453445733,0.25,0,3
-0.8300647138033479,-0.52630135337896689,-0.18438941490778385,0.5292392507788799,-0.84766503146420868,0.037010942541259369,-0.17577936833876961,-0.066864638369248969,0.98215616568963893,14.684749586720422,-1.4919462831450485,0.98179008036569226,0.555395611114133,0.4699168659986558,0.6,1,5
0.46315499784014985,-0.85647451382973372,-0.22790097660127179,0.88527528087888063,0.43485026029540308,0.16490278404514636,-0.042132232797596619,-0.2781306496615264,0.95961878716412574,6.822974601183545,7.805430206110147,-1.5809502323483093,0.5867543186658453,0.3472970935495089,0.2894736842105263,1,5
0.96565742271410993,-0.20946326425230294,-0.15372339732751794,0.23684831888789196,0.9529059060887155,0.18940223858556796,0.10681112206658758,-0.21930680579958048,0.96979168336961041,-25.427894801365721,0.47349812798895308,-4.6269920862792322,,0.1717576307611881,0.7258064516129032,0,2
-0.85355567417195333,0.51671715195557821,-0.066679051911214773,-0.51850958182041595,-0.85498998033245865,0.011829923563538377,-0.05089719687055283,0.044671225705344507,0.99770434345285985,-10.958790240917503,13.927383877335869,-4.9977550749353634,,0.08366711668275531,0.2903225806451613,0,2
-0.46255356964879096,0.88226994147851923,-0.087429660691622071,-0.88556749265874524,-0.45502961770581241,0.09337163893070477,0.042595905334488607,0.12061425029404017,0.99178515388905797,-21.575047637175953,-0.75619865928084851,-3.9617221732044974,,0.07670772196399753,0.2413793103448276,0,1
0.75565689068310293,-0.60899152940824886,-0.24106426668452441,0.65460823669728907,0.71441914593698785,0.24717067052288294,0.021696082854091366,-0.34457887490046091,0.93850662169274102,-15.678882402295113,16.319528760763976,-6.0238806551126132,,0.1638994085749478,0.2941176470588235,0,2
-0.76270833123395076,-0.61353441720092816,-0.20457644140086262,0.62309718908169509,-0.78184245052509271,0.021731900869668926,-0.17327981539929407,-0.11089590374236674,0.97860932149062996,-0.45473602700027788,-10.399814796534088,0.32859478852248702,,0.6071835810758728,0.3333333333333333,0,1
-0.88771814918298741,0.44690545942864962,-0.11059836320668442,-0.4559965569314739,-0.88660278928602343,0.077476668080675104,-0.063432071365920079,0.11920991721794631,0.99084073793880634,7.2217455717884471,3.9185230913479829,-0.96648912656960717,0.2321785277236563,0.1577178330647225,0.3958333333333333,1,5
-0.99131351618009944,-0.018707882059132871,-0.13018267084182347,0.01962769498161443,-0.99979061608877318,-0.0057859805168182267,-0.13004716924392359,-0.0082909064458518145,0.99147314368163764,-12.3545427446932,15.340512356527165,-5.4311114167209773,,0.1087663456313185,0.3157894736842105,0,4
0.75904649535287483,0.64636240909243114,-0.077872036089650779,-0.62358046768278919,0.75618579950275933,0.19831902822192152,0.18707169271975127,-0.10197388264944182,0.97703915430261334,-4.7606455765497637,4.7246614880088078,-2.7070428769272601,,0.1389886584534597,0.184,1,4
0.49149364498663767,0.86607202901703773,0.091396047464111216,-0.85574459930839741,0.46080269580285882,0.2352914284357368,0.16166377977846702,-0.19385591581153983,0.96761805802321088,6.0591772049476651,14.384843724720383,-2.8150111773448447,,0.292984373811187,0.25,0,2
0.24674849113104075,-0.9464129102291724,-0.20836934869626011,0.96573958018171302,0.22231015935456386,0.13388523562438617,-0.080388092370721476,-0.23426650720770439,0.96884310298711396,-13.013049223612288,-12.324025589930029,-1.0414716380567923,,0.1312415048161727,0.2142857142857143,0,1
0.37012210427143549,0.92880956884872323,-0.017955855444258598,-0.91830790084044145,0.36872234748196442,0.1440639778758481,0.14042872634795223,-0.036832258720310804,0.98940545659191381,-7.5906204164797479,-16.956103963467068,0.32935955528284366,0.4474069530979425,0.2100306443210205,0.3076923076923077,1,8
0.80730640349727745,0.5803923517379882,-0.10677588171652073,-0.56383862918835237,0.81201231620214498,0.15073817887658544,0.17419061716204109,-0.06148753028116468,0.98279037058399799,4.393449060767793,-8.1153424113353001,0.60112228565376236,,0.07036627754483871,0.1153846153846154,0,5
-0.45708238280611918,0.88075650757643975,0.12386956724730289,-0.88835300837674369,-0.45891632363018414,-0.014991344627681936,0.04364204207264203,-0.11689218223435542,0.9921852598664328,-16.910270432432217,17.69212116120482,-6.4626682112050107,,0.3500199812577075,0.2777777777777778,0,1
0.37098155743514705,0.92261972722494912,0.10557235896935316,-0.91500080094372316,0.34375000144395795,0.21120954234983014,0.15857559180194938,-0.17495363798058089,0.97172270028132102,-20.305475128768482,7.93145897448957,-5.2355282091192281,0.3116022545686159,0.2469814691804218,0.2962962962962963,1,3
-0.60355275174210699,-0.73875646301342091,-0.29993826734918583,0.77887372579056235,-0.62673560794132666,-0.023626193335879238,-0.17052798930867466,-0.24787368979848698,0.95366599958687059,-20.44448875711144,11.39833577423426,-5.7433381870066471,,0.2024695258389166,0.25,0,1
0.5534092064276056,0.82739578805844904,-0.095678943055963528,-0.81565540390809843,0.56161804353513056,0.13889361126880212,0.16865500975863382,0.0011760437536798391,0.98567444148887462,-0.7346002266395093,7.8952424244867316,-2.5964307922408705,0.3522105886045584,0.3391016391641517,0.8793103448275862,1,5
0.87096532717320663,-0.46816738094784582,-0.14912646404479646,0.48805500231389015,0.85938642487929717,0.15250340143606264,0.056760140754389309,-0.20560709168123251,0.97698721090499818,2.2322697886262839,9.8999690036970733,-2.6181502369237823,,0.08390832369508767,0.3333333333333333,0,5
-0.46201381787794671,-0.85268025642003875,-0.24388442426956994,0.87181151553521663,-0.48712217821927967,0.051542844965058308,-0.16275107824537216,-0.18880774295128996,0.96843364394862264,-12.50847714473448,-5.0818966867976698,-2.1071809840608915,,0.7889778941856818,0.5211267605633803,0,1
-0.16118293415416776,0.98597304022681964,-0.043326962544553933,-0.9824742147554788,-0.15613700597566854,0.10181184953412985,0.093618796606554811,0.058977956143274383,0.99385970922012123,5.0738828415801667,-5.5687628905419917,0.31502886714167716,,0.07689909667500862,0.25,0,3
0.70254884193605249,-0.66044255464715806,-0.26502972796546098,0.71068969338845511,0.67033787661998545,0.21346496405741147,0.036678118895798882,-0.33832345939905484,0.94031481558812047,-9.851973106075846,20.171650049156167,-5.6646078695536746,,0.4411702677742957,0.25,0,3
-0.97746130282995269,0.19713448482026397,-0.075547312093956334,-0.19260085033953275,-0.97923437636199218,-0.063284663224434975,-0.086454114525923026,-0.047307832814348902,0.99513197870229708,-3.7907290736739609,-12.892252024959319,0.23452224386196996,0.8615754191712622,0.376827049689469,0.1153846153846154,1,5
-0.55754295240551821,0.8301344668381242,-0.004756384164561935,-0.82862505710113232,-0.55616401033127683,0.063734671540504967,0.05026301788674109,0.039476076041244215,0.99795554432715217,1.5186526286976787,18.136445935391723,-3.8623840683421844,,0.1502335389450601,0.2307692307692308,0,4
-0.99098182028537107,-0.017256097607561433,-0.13288061920103031,0.033672775907544819,-0.99192075199660357,-0.12230848670951261,-0.12969647653876795,-0.12567994610855421,0.98355649310020732,0.63895130597052763,-6.7345944820689132,-0.14203138810067706,0.6782918009696541,0.3603519334353882,0.2162162162162162,1,3
0.7108450580840644,0.69921064109452069,0.076182562162574158,-0.680912429436352,0.65698177028633964,0.32362511792275084,0.1762315716225393,-0.28192096923006399,0.94311346097478288,-11.093804771421153,-10.826895586117734,-1.0309618598951018,,0.2478001523175695,0.40625,0,3
-0.24362860847593357,0.96903245682373096,-0.040264112485496661,-0.96648975647405921,-0.23910820975103447,0.093406716355780822,0.080886659980458242,0.0616714005988169,0.99481354362784302,-10.640886889059816,13.226612429416875,-4.7845315092753831,,0.4421430385019962,0.4871794871794872,0,1
0.15978276679561434,-0.93299245833212818,-0.3224818446525477,0.98640184059768665,0.13816662663020707,0.089002203068934721,-0.038482155613131667,-0.33231770338186994,0.94238212404436317,-2.5279912253285688,15.446681179388134,-4.0927121882172655,,0.3773211310482246,0.3529411764705883,0,2
0.42024271816236602,-0.87705714087159925,-0.23273768383663598,0.90466028063690729,0.38499473880304352,0.18267136538584411,-0.070610441646108663,-0.28731484949461272,0.95522999470830561,10.849162149713869,-14.298912190135617,2.5431409095479927,,0.3554938311699214,0.2307692307692308,0,5
-0.17482753551709473,-0.95676274181766319,-0.23246588716318051,0.97344374862764926,-0.20339999925948765,0.1050509807616699,-0.14779242566101705,-0.20792666055796227,0.9669146305369698,-9.7039588423634058,16.981190926854101,-5.2680445798154834,,0.1597361890783262,0.2380952380952381,0,5
0.69696560042668187,-0.67907707541547879,-0.23041978532026117,0.71702120712070061,0.66482840280392697,0.20948456593351505,0.010933451470080546,-0.31121940889080146,0.95027519128335225,8.3059938040637959,-7.5190540663738794,1.1280841184050228,,0.2758911488960137,0.1052631578947368,0,4
-0.49761499586878827,0.86057688322878456,-0.10856677179845678,-0.8664894493833849,-0.48745738547134831,0.10761659470879317,0.039690678928248201,0.14762359364840555,0.98824689455851378,0.23523097559909503,-8.1515449042772783,0.066889477323656757,,0.09090941940012873,0.3571428571428572,0,5
0.34426110527042642,-0.9249313531361939,-0.16120261593297308,0.93655980620758372,0.32626509591390801,0.12808909627560566,-0.065878834191243782,-0.19507198459527089,0.97857391137903582,2.2220291017974581,-11.022838864520125,0.75775839113243437,0.346299925514114,0.3312803783989186,0.6181818181818182,1,5
-0.93490281962269894,-0.30449000742515892,-0.1823254048117123,0.32104765355320231,-0.94456296883594804,-0.068769194061028424,-0.15127829325290224,-0.12282765682877407,0.98083038529015942,-6.0180391534899123,13.180389683232665,-4.2695092649632045,,0.1417725240343941,0.1428571428571428,0,4
0.73051976234100613,0.67439529466893899,-0.10738651385362305,-0.66011908089488203,0.73764415615920098,0.14185872522575382,0.17488189119441649,-0.032742715412356592,0.98404483572634505,-4.5465691592307218,-14.919602058200624,0.43984241176071504,,0.09336491587418091,0.3809523809523809,0,5
-0.45721291847219814,0.88497918262260322,-0.088137355909764722,-0.88826387583639543,-0.44949019756818831,0.094582499302016718,0.044086665401683808,0.12153356990864914,0.99160776384567506,-5.0238049643219975,-8.2212021421508226,-0.60406876025085088,,0.09028145118421951,0.2258064516129032,0,5
0.51581499073645354,-0.84258444830313639,-0.15487524918221582,0.8560154728593653,0.49968529562352404,0.13248439743226489,-0.034240408246855862,-0.20091304789717471,0.97901049107134586,4.2802312830073728,5.5062215388159625,-1.5498822594036454,0.1815856742134634,0.1564103648874511,0.7207207207207207,1,5
0.35611721180392925,0.93381599357347955,0.034179256916609731,-0.9219994798725939,0.34519152577097728,0.17538463345051575,0.15197858589835106,-0.093970743757197786,0.98390650406736191,-10.328682429831948,-5.4327522874683476,-1.774858687261291,,0.1608182820978624,0.1904761904761905,0,2
0.85840997353352244,0.49886078080755475,-0.11945810441429214,-0.48380639885369553,0.86475240240674378,0.1346649581739279,0.17048074896127702,-0.057803147871406849,0.98366412475486786,7.0243793980484242,-8.5338243417898365,1.0855172803802489,,0.07562095969789745,0.375,0,5
0.34965706162711441,-0.9147324070826115,-0.20249583375255992,0.9367421266164756,0.33766495578955136,0.092176818418099465,-0.015941376237178381,-0.22191665341855804,0.97493531655139698,-0.75925533002846279,5.2324988903547958,-2.2104803335438898,,0.1451917097934339,0.2163742690058479,0,3
0.79320321855644427,-0.58424058057079786,-0.17173117971409899,0.60891405982408409,0.76430466356611415,0.21227823487028066,0.0072333823520394124,-0.27294930896667868,0.96200122292768575,-13.407239689376482,16.164881251929987,-5.6613410449584123,,0.4244115465619298,0.4761904761904762,0,4
-0.32777064165149877,-0.91867553489827025,-0.22045786003393497,0.93226809370979713,-0.35232565317559122,0.082114770687705285,-0.15310979041872561,-0.17861101783980293,0.97193389506908534,2.8489331653181278,14.248658484609754,-3.1741708272843829,,0.6267335369382149,0.5555555555555556,0,3
-0.95759481997514762,-0.20599111855182684,-0.2014443343321734,0.24114234934267575,-0.95564594100880584,-0.16908933374666069,-0.15767855945010453,-0.21049583015148293,0.96479478511162087,8.7100835554123535,6.0757453968202784,-1.0829426042924648,,0.1383007960814043,0.2962962962962963,0,4
-0.73075782409224876,-0.65086838792560331,-0.20582357524610315,0.66832819894893858,-0.74355515455955834,-0.021520934403014499,-0.13903388442257447,-0.15328429054223836,0.9783524442936361,-10.213474663415331,-3.2956579511828021,-2.0779434101328773,,0.3979172863210236,0.2092050209205021,0,3
-0.43352079018727291,0.89682333889446231,-0.088134121029206647,-0.89828207568691076,-0.4222845436301762,0.12151163199738828,0.071756790445347648,0.13184711989741008,0.98866945942500939,-9.5120970291089648,-7.8380792132867478,-1.2335752863086973,,0.1135256486149105,0.3061224489795918,0,2
-0.99226660327924188,0.088987140519709476,-0.086534830206116756,-0.083449417360443229,-0.99434785262080994,-0.065639490633207231,-0.091886793168977979,-0.057910593249506918,0.99408409122700081,-17.792981537364987,14.963324404041886,-5.9982548865020604,,0.4235638727653157,0.36,0,2
0.39170141887167703,0.91902097861104104,-0.044389630846846613,-0.90881103003603225,0.39397992646016672,0.13726736404290429,0.14364021073070252,-0.013426035127538672,0.98953889839762899,-2.4396348742099749,-10.873760252163267,0.14276402100279018,,0.1770139583050229,0.5151515151515151,0,8
0.013832527863534389,-0.93385574027558471,-0.35738231283493249,0.99434162722646902,-0.024801602110178449,0.10329379892998215,-0.10532516098978315,-0.35678892483807489,0.92822856752815353,14.150993710721652,3.761606470069387,0.10286390045986812,,0.4018216103690078,0.3333333333333333,0,4
0.50811294322580802,-0.83797535131679524,-0.19904408434289203,0.86071700579997545,0.48559755479463573,0.15284387689467829,-0.031424080784193426,-0.24898258044080995,0.96799803810953255,-23.441813525594331,9.6261720769522299,-5.8081549381407251,,0.1323707220654093,0.6551724137931034,0,2
-0.048136384835566939,0.98691872956858662,0.1538645822848444,-0.99279763172714985,-0.064193391684914267,0.10115369939329961,0.10970756989344464,-0.14788721949754349,0.98290061522890559,-25.908091670554104,-0.42332995213455565,-4.5401021825354668,,0.3187467341589899,0.1923076923076923,0,1
0.9746889556494035,0.1846160132530878,-0.12608872822584766,-0.1674042231583312,0.97650363765847836,0.13570730160354472,0.14817984277165225,-0.11116462247628756,0.98269281105840678,-1.4583598214066262,2.1083971100247849,-1.7592995227760473,0.2859049981499145,0.2515921129812596,0.896917148362235,1,5
0.27304854438394965,0.95607615786246369,-0.10659677657769706,-0.95085604159938741,0.28504088164465324,0.12093173258157743,0.14600438542643035,0.068337955472694625,0.98692078875564371,-14.958608669189465,8.001835649626031,-4.5675058705969844,0.5482538388803311,0.498691752395345,0.9660194174757282,1,4
-0.91826814609525409,-0.36637256693901876,-0.15018240263525715,0.36080404819288286,-0.93045790399967132,0.063785011500864769,-0.16310748196944283,0.004385325421429275,0.98659855982387046,-22.035868257880018,10.372282196012735,-5.7669100410103269,,0.09702536055701461,0.3636363636363636,0,1
0.42726994493723369,-0.85107713392734163,-0.30513620935470109,0.90278145755610906,0.38321783912631324,0.19526834784016278,-0.049254787038430003,-0.35890360806403393,0.93207412048206661,1.082576381784794,13.923396135941468,-3.3448491709581152,,0.7704493408413575,0.6451612903225806,0,1
0.98446550005819067,-0.10520183499699412,-0.14057116741509335,0.13095899200946609,0.97324793483662919,0.18878082463031418,0.11695050922095888,-0.20425726731135435,0.97190614111829576,-5.8332775498331797,6.7439472371092801,-3.1810422479610581,0.1407667109275794,0.1234604903675375,0.4,1,5
-0.50875642672421584,0.85273614183581981,-0.11835527311349048,-0.86025303558598787,-0.49816912089740722,0.10859208879747413,0.033639456474530725,0.15706240604061042,0.98701559642025594,0.74093320165042331,-3.0542317421620213,-0.71138638705017365,0.4944082055166478,0.4055212363868483,0.9905325443786982,1,4
0.96527329824344765,0.23420415233022154,-0.11574054920164728,-0.21249675193146939,0.9616119853186802,0.17363041239956201,0.15196246285445666,-0.14300631008018069,0.97798599435802724,-7.8478546529683104,14.966327426280538,-4.7775325149914458,,0.1634607492170173,0.2727272727272727,0,1
0.96235837227894505,0.26888226941743354,-0.039606672386728325,-0.22773647189897908,0.87731797615800855,0.42243256038925409,0.14833227117395756,-0.39751162738081763,0.90552859889979676,22.997450106294522,-8.7631495752973567,3.4445492378062963,,0.4576829956855106,0.1818181818181818,0,4
-0.82207711465298672,0.56937611585793413,0.00023718000213550212,-0.56783296404401706,-0.81981828898554743,-0.07391683157303279,-0.041892033954046302,-0.060900014247474085,0.99726438107246729,-1.5015059233778216,13.915717940252245,-3.7181376242801178,,0.2688328896662866,0.3636363636363636,0,1
-0.21508516739383654,-0.96284126467550002,-0.1633250434111381,0.96604419118181273,-0.23428200735015536,0.10895210744111283,-0.14316770393857464,-0.13434522719496431,0.98053779553818887,20.024391691525793,-11.417423866364938,3.3502198745287419,0.35436730017746,0.2585761957576109,0.5172413793103449,1,4
0.68871728359759854,0.7203983331888747,-0.081821420255561578,-0.70518948016670291,0.69181118305006761,0.15525812078304413,0.16845266497197878,-0.049229346385645155,0.98447964484710482,24.855698149293513,-7.3492682219217098,3.4264796839372513,,0.313950919690624,0.3863636363636364,0,3
-0.9810773044276444,-0.14100624972459824,-0.13268217768634688,0.13098120176387601,-0.98802803911078918,0.0815139173109687,-0.14258768362477137,0.062592583182777203,0.98780105335488944,18.713642754404074,14.182980538554512,-0.6478642845922834,,0.4450344558387286,0.75,0,2
0.60948054992550782,0.79032549960469545,-0.062602427565457169,-0.7762479106582546,0.61094336220067602,0.15552295451677395,0.16116029430723247,-0.046193212245102221,0.98584661417549335,13.417655920320165,-11.007604854946916,2.2828404794460768,0.6108340937026835,0.287397347586093,0.5882352941176471,1,4
-0.84280692975154303,0.53438821030932315,-0.064075891294438414,-0.53604094500026855,-0.84412341468882257,0.010759463615880146,-0.048338229653112755,0.043415451817078579,0.99788702471648671,1.5880675922798893,-11.956464301481638,0.83762679893583369,,0.2168306219972044,0.5263157894736842,0,1
-0.58708958235055542,0.80563565033751927,0.079227654267267064,-0.80816807480335129,-0.58895189401929593,0.00017146349368539764,0.046799414142657259,-0.063928596389466588,0.9968565340105755,-18.336647708127572,8.9085227205075519,-5.1461179716154302,0.8480876463952701,0.6267495432103704,0.4470588235294118,1,2
-0.9379154613156705,-0.31687803212605259,-0.14107763884093766,0.30725399796922598,-0.94773092671003323,0.086029479187477234,-0.16096449346654226,0.037341710100932887,0.986253531567719,11.584534694057563,9.7070100638234518,-1.2248802629598274,,0.09427969876684206,0.4,1,4
0.15488154768424667,-0.94064307780140688,-0.30199719596583752,0.98339811361283114,0.11753493791603736,0.13825226403859808,-0.094550813479617621,-0.31839619745431835,0.94323062138427893,5.4394901278977974,15.677515463534071,-3.142446632519984,,0.173776521081043,0.1428571428571428,0,1
0.62775867568255572,-0.74724890199993621,-0.21803239109172473,0.77839622950903453,0.60107917410962708,0.18111636132003039,-0.0042842725640552465,-0.28341295826334312,0.95898839414093984,3.4102560673764519,15.780564371904511,-3.3698011912456978,,0.1620283737529271,0.3571428571428572,0,3
-0.96783321857432003,-0.18434708221135226,-0.17121627932014388,0.19810880881825155,-0.97789001877973247,-0.066962758601984529,-0.1550863014346725,-0.098728235328780584,0.98295522515330203,4.181517732701856,-11.203533556779957,1.0581909351944623,,0.2472281343571575,0.2285714285714286,0,5
0.089260796040438045,-0.92641076345531637,-0.36578081913130145,0.99029748756307034,0.043277023809249013,0.13205296413365619,-0.10650538210108595,-0.37401897888255919,0.9212851930966599,2.7054871075461997,-12.657033811823961,1.0739055805377362,,0.1280786436337553,0.2222222222222222,0,2
0.077291203133222228,-0.97815508699567089,-0.19297330308286625,0.99133462156368879,0.054778136622066487,0.11939440454808968,-0.1062155262068482,-0.20052925355844473,0.97391287108236546,-6.0429648120035244,-12.368321693574941,-0.10729073138324287,,0.07364780962510374,0.1875,0,3
-0.89845939747910675,0.43075941166940773,-0.08495316556612835,-0.43444984267840719,-0.90018729069569414,0.030268397160287307,-0.063435362994054542,0.064102815290527165,0.99592508944882052,-1.6204992986869109,-13.457642390957554,0.63352431190432912,,0.08403171196964887,0.1428571428571428,0,5
0.78823668026131222,0.61164216921530878,0.067651997222692065,-0.59087152669990772,0.72155368916711793,0.36087548071965719,0.17191211366843129,-0.32442892979343751,0.93015702689768387,4.9781634990764463,-17.162627939052012,2.1259919486309462,,0.3825240627487519,0.3333333333333333,0,2
-0.2164409587816287,-0.92089316151792577,-0.32420533066439378,0.96426770403581463,-0.2536090478268257,0.076617529416375785,-0.15277796410211708,-0.29603755830956713,0.94287891998650708,6.1372875473672641,17.706796726249483,-3.3367917066506152,,0.2461973858030371,0.5416666666666666,0,3
-0.80187765139862466,-0.52677151275012646,-0.28196454660536646,0.572053904122371,-0.81309932092627013,-0.10781384460073884,-0.17247191935436884,-0.24775243220639079,0.95334787426733092,-14.371569149635496,15.114987208548756,-5.6767705024344837,,0.3351159946855645,0.3333333333333333,0,1
0.36306782888940292,0.93142294422400773,-0.025160496787967026,-0.91852658296605927,0.36231509661303823,0.15822985543499871,0.15649494563796981,-0.034337584937889097,0.98708168975541399,8.0665325480830496,-15.491309662238926,2.3274362052405504,0.7223542402702468,0.5063799787246468,0.7083333333333334,1,4
0.1400801252921437,-0.92325585931788712,-0.35773758082332974,0.98319542004463423,0.086984595282471239,0.160500611172672,-0.11706547100402358,-0.37420889676587832,0.91992574541637406,-11.119017005018788,19.352662963735611,-5.7666244858704374,,0.4382932974826612,0.575,0,2
-0.41838984640548099,0.90332506355783149,-0.094624341334758402,-0.90684026079376745,-0.40962097477751436,0.099254211123809069,0.050898701636573243,0.12733611652063853,0.99055279293995857,-28.09501591036814,1.0507975854863347,-5.0297014305603032,,0.08341978709710239,0.1875,0,1
-0.70237614917718338,-0.68781166938162319,-0.18325624826863143,0.68628004051203606,-0.72268814677530346,0.082106933356898656,-0.18891122534626642,-0.068095153813914094,0.97963033791590515,12.898535570049471,-21.628046617580875,3.7833856096546654,,0.5015831558005078,0.4864864864864865,1,3
-0.73361061175753783,0.67930076306965137,0.019129652629346936,-0.67918175057872954,-0.73194939236987633,-0.054426433744827397,-0.022969980355723844,-0.052920320316086823,0.99833452294313607,3.121685719883871,17.311269831006804,-3.5585139571507978,0.6083264808992305,0.4914344609778722,0.25,1,3
0.89480169852971592,0.44646032310426126,-0.0017607390418505414,-0.41378847973028376,0.83078842512879925,0.37224949525084594,0.1676574315407327,-0.33236090709595734,0.92813103228128113,-10.981518946975097,-11.575683636218626,-0.89705228226947753,,0.1508828784187207,0.5217391304347826,0,2
0.79201524357444242,0.60934659896885546,0.037531004127349339,-0.5856091421292714,0.7409098226175076,0.32880779705401358,0.17255082323865331,-0.28239928660317731,0.94365081270864215,15.566723099677265,-10.519056221409903,2.5052282296493913,,0.1266140920016037,0.8,0,3
-0.21577764761393431,0.97276903943637738,-0.084619162748313409,-0.97302794736371379,-0.20697307942600282,0.10187618977011507,0.081588114571644346,0.10431941481309362,0.99119162589970411,-4.7580330852128405,20.868367099737689,-5.0514156295699095,,0.3102745409380128,0.4,0,2
0.92186592768331488,-0.31027784952853005,-0.23214406619280847,0.37977866883136635,0.84247334250973382,0.38210840066812329,0.077015414543165073,-0.44041607969331287,0.89448437810300363,2.8773409139590989,18.69934776606642,-3.7807292498861109,,0.4341843032558285,0.2580645161290323,0,1
-0.42802911167039043,0.89897398131346029,-0.092934710867811285,-0.90253213259784681,-0.41981009394590757,0.095891786142046145,0.047189291063122488,0.12492103883075706,0.99104384608674367,5.5912185804163927,-14.679483576842939,1.8289586427510229,,0.1073413805687857,0.2380952380952381,0,3
-0.88601303241171625,-0.43393871868464551,-0.16333430387681377,0.43297491552067868,-0.9003628780968691,0.04335216574732649,-0.1658723271870759,-0.032309072587288233,0.98561782395718323,15.432019635433852,13.067988482824408,-1.0752668883787939,,0.1498597118024514,0.4545454545454545,0,3
-0.87688424289055711,0.47642926231539673,-0.063946716724655003,-0.47622774278267599,-0.87910925234705173,-0.019340616379183707,-0.065430585924119683,0.013493718813448449,0.9977658833505042,-1.3137131775412629,17.84361998688621,-4.2315229009250519,,0.2183544541477206,0.1818181818181818,0,2
-0.26635557148615435,0.96381327602125599,0.010893966378608464,-0.96080026504223137,-0.26639100948791433,0.076802869469749041,0.076925679932396615,0.0099899464054633569,0.99698678062337132,20.068487333024681,-9.3961141160282686,3.0983816464829834,,0.1917111007031094,0.2173913043478261,0,3
-0.17671275669706055,0.98318180644960151,0.046110054077440718,-0.98097502018702631,-0.17975486001452462,0.073322575447282837,0.08037792849774919,-0.032275776794024658,0.99624176927227537,0.71729967742091705,19.963901720987192,-4.1968563943850281,,0.362348916283665,0.5517241379310345,0,3
-0.93253025743272999,0.34410659490920847,-0.10944391400364252,-0.35172808333829875,-0.93419653594735674,0.059700817541523406,-0.081698680305213711,0.094167316856484024,0.99219848925123733,17.794341949524082,12.54056656900311,-0.5857043601088282,,0.1324258299629579,0.4,0,1
0.85752033212519629,-0.46260781550539559,-0.22506196707844767,0.51170013386720303,0.81215766663750899,0.28029073748913802,0.05312111625503349,-0.35551924498575938,0.93315819315514581,-12.002276489887938,-8.1418156127271235,-1.5272144936362273,,0.28039742099909,0.25,0,1
0.075909910266304351,-0.9624811954724769,-0.26051417213893763,0.99177817387895761,0.045886619813722891,0.11945908060667999,-0.10302300393933399,-0.26744039800289199,0.95805109163101176,16.079704433286309,15.342598731217231,-1.3518346308496689,,0.2167798743446635,0.2307692307692308,0,3
