axis_00,axis_01,axis_02,axis_10,axis_11,axis_12,axis_20,axis_21,axis_22,location_x,location_y,location_z,dbh,dbh_approximation,score,reconstructed,number_clusters
0.83139865996077655,0.48464442853761774,-0.27183827196123744,-0.48449036673949453,0.87178878314418939,0.072480356791369244,0.27211275742246199,0.071442952566506956,0.95960958299535815,0.31028563986931856,-4.4644979784822514,-2.0735561209184818,,0.08035602935404859,0.34375,0,5
-0.46247331015635285,-0.7115309996097785,-0.52900101510992847,0.87302383119275118,-0.46957829883830965,-0.13162678841956746,-0.15475085641945938,-0.52270436946177157,0.83835094953307943,-11.812814047283782,6.0127413304043165,-6.8773138868807484,,0.3958527476546237,0.2967479674796748,0,2
-0.68019677791284983,-0.57648698610488369,-0.45276384370738504,0.69640920648887938,-0.70099761877022848,-0.15367678938603369,-0.22879370715670319,-0.4198393661034866,0.87828716615655722,11.825755990333118,10.955393980274897,1.5558023875238853,0.498283392364422,0.3064313102181309,0.2857142857142857,1,5
-0.7127336452807258,-0.6189012068631865,-0.33010914411470044,0.66447789264319645,-0.7464816698687029,-0.035131847923072182,-0.2246772820587464,-0.24438987845924454,0.94328877139154532,-5.2159316609692894,4.9708496256793078,-4.295040454942157,,0.09781389361077197,0.3228699551569507,0,4
0.89751129202547297,0.39582244909081216,-0.19441725613360147,-0.34741647912992207,0.90618178836212959,0.24111482009570054,0.27161603545397572,-0.14885951510254575,0.95082362930656117,-9.4594106758132668,-13.880805851591296,-5.4037807502436817,,0.4538868687614614,0.1,0,3
0.51875087456856639,-0.78418461473932,-0.34051728317442576,0.83977744503422347,0.54204198623512745,0.031053630545718924,0.1602228852135032,-0.30206783205833521,0.93972530661328824,-3.8398600446130904,4.7503787514797198,-3.781616406689031,,0.1019309872882629,0.592741935483871,1,5
0.35780499657663489,0.91202518838979307,-0.20046356319131023,-0.9260001714341709,0.37422769628181035,0.049772621384603095,0.12041290183647362,0.1678204012573298,0.97843602038822575,6.5296632443094138,12.342437820386955,-0.33299554505326784,0.5489523486585244,0.2050683769161069,0.2307692307692308,1,6
0.89163515961650885,0.35370710555587409,-0.28262700793613021,-0.34055718233342996,0.93529685253520078,0.096128056252388849,0.29834132750384829,0.010539502693832943,0.9544010536384635,12.660289626187977,-4.3012765204157217,2.2651530197314016,0.2122453853113344,0.3667317111776243,0.3823529411764706,1,5
-0.83034541877002888,0.48268226177489515,-0.27846780728748549,-0.49407309297232666,-0.86880525380271145,-0.032698773150801851,-0.25771741176798119,0.11043217435458078,0.95988878029641311,-22.052000294454093,7.288543884179294,-11.274390437429808,0.4610415314748964,0.4169846432809233,0.9251101321585903,1,5
-0.81910767464438017,-0.43761801117374649,-0.37088150888796245,0.50421413403941728,-0.85756965677752572,-0.10169754573911,-0.2735520505745801,-0.27030493904257907,0.92309507395264079,0.87088949934716409,-16.809681471198168,-1.6485916291534071,,0.1387041619694313,0.2307692307692308,0,6
-0.18215857308907146,-0.91048096592801087,-0.3712716861449995,0.98049075668295915,-0.19656277891612203,0.0009746815126422221,-0.073865623326637986,-0.36385090988970925,0.92852376655796998,-14.327708516108721,18.568679364943524,-8.869909309043889,,0.09925056492095244,0.4375,0,2
-0.89459774185380647,0.3212950636168781,-0.31058712524104598,-0.31794168771795672,-0.94602426226830705,-0.062858399683444491,-0.31401904955134197,0.042515612369252977,0.94846426354593905,4.4739921114004471,8.6879468871996224,-1.0255358703226209,0.5493551080736709,0.4837564054172532,0.9133574007220217,1,3
0.22144234092151846,-0.90857873172400483,-0.35418636041778478,0.97333056920896721,0.22824882588797085,0.02302339080393476,0.059924057694267882,-0.34983876534706904,0.93489140843730778,-11.171180831366941,18.465212239032851,-7.6161774476385169,,0.5078646072082038,0.3846153846153846,0,1
0.93472878083258149,-0.15777865580458333,-0.31841482700360446,0.19351224863861469,0.97752151365321627,0.083694085644999971,0.29805220333032845,-0.13984843981119144,0.94424959516661333,-13.620594185920018,14.113991459479692,-8.4544026068093316,,0.1340455886082873,0.3181818181818182,0,1
-0.16718078939326292,-0.92746640788003076,-0.3344497659020822,0.98348232570233141,-0.1807481857092485,0.0096233255139841073,-0.069376499543999298,-0.32731659844396382,0.94236444420091248,4.1338278616081388,-5.9879102880917099,-0.69167066647892606,,0.154945838423631,0.6519337016574586,0,5
-0.0064707041733871751,-0.9358918797121708,-0.35222793681978237,0.99996296830426046,-0.0080544633778660904,0.0030311119787505359,-0.0056738001051872171,-0.35219527979306403,0.93590934009862969,0.57666974337345178,19.015827235945054,-2.8003648913451347,0.2332701855471657,0.312862431199634,0.5135135135135135,1,5
-0.20860392349130866,0.97340237503717164,-0.094721799898568673,-0.97788502648044517,-0.20908515650865783,0.0049266939308232572,-0.015009266783229383,0.093654757485897716,0.99549159128085385,-8.7959700319315992,-18.406985737808846,-5.0538142292179904,,0.3106192444798972,0.1176470588235294,0,3
-0.89128708710644844,0.38772136832544057,-0.23511586271697774,-0.35268691748929548,-0.91866396709325548,-0.17795632553067542,-0.28498994120705307,-0.07568788613991552,0.95553758549963408,2.5892915792248137,20.544630163218258,-2.0873308019293457,0.7168408970498248,0.2884039240069933,0.2,1,6
-0.89372968252617402,0.35229555295953757,-0.27773206141278972,-0.34799552493492247,-0.93514390465181663,-0.066370115397078017,-0.28310134086035615,0.037332572339545768,0.95836314090514829,-25.495958575497266,8.6509392104556895,-12.887189757466052,,0.1557121922026052,0.2142857142857143,0,1
-0.56913379113644891,0.80282397612732959,-0.17765244479533179,-0.79990179061592093,-0.59061605969013009,-0.10644151166508499,-0.19037818455930411,0.081525047630837497,0.9783198932111592,-10.831556086139368,10.369550443803789,-6.8523031035726145,0.2820931756062394,0.2669224891458112,0.28,1,5
0.46149159043040122,0.86375175451103448,-0.20238186317239043,-0.8710380276748475,0.48443789975472346,0.081318359707654622,0.16828032061512671,0.13875455978216275,0.97592464147255165,-3.3677854755084793,20.871445768816997,-4.4742276117321547,0.2591190018231304,0.2552427776110601,0.3478260869565217,1,5
-0.83173298601026358,0.47542008177182044,-0.28669842313923821,-0.49109770456554575,-0.87088741432848504,-0.01944623703180379,-0.25892718001959941,0.12462286071311587,0.95782350046069398,-1.9856886109904341,-15.683070394765855,-2.7130716258114473,,0.1946173619689049,0.5428571428571428,1,5
-0.78554806729924143,0.56197745218379846,-0.25902813978298039,-0.57482475147107004,-0.81769714528100546,-0.030787719881709634,-0.22910857482566407,0.12471055222513797,0.96537896139549928,-20.889148899981091,5.9806581221788573,-10.692804112622616,0.2093148943495393,0.09344376219799541,0.392156862745098,1,5
0.40093812323401007,-0.75397344113473808,-0.52035821450326936,0.90590153258076866,0.41084527879010835,0.10270623235077671,0.13634894427681971,-0.51257214805266094,0.84774923086681542,-8.8365494221366792,7.3863406152235234,-5.8281568942776092,,0.5301794256006243,0.24,0,3
0.91187236824419249,0.28737712314294067,-0.2930924310295544,-0.28389882599184224,0.95725702034567739,0.055321366571769996,0.29646288238695351,0.032762571526080406,0.95448225403818665,-1.727412000575083,-5.5565537157925933,-2.7200745148736543,0.1721037040841867,0.09197185507752184,0.256198347107438,1,5
0.8892811467647862,0.40577848298467206,-0.2110044188053038,-0.35950288347021953,0.90537026065778303,0.22596983845870827,0.28273082390376797,-0.12509402009334916,0.95100723832764833,-35.294179562137877,10.685172045864578,-16.824474302764465,,0.5705065487490879,0.3225806451612903,0,2
0.20591874199826773,-0.76964019215282986,-0.60436036130507986,0.97702818073055575,0.19634423945588311,0.082854533314913895,0.054894496556505121,-0.60753840558062389,0.79239111554355668,-4.8860493203504385,-7.6887259314061458,-3.8194254681652149,,0.09501528409287943,0.4333333333333333,0,1
0.93976729942434223,0.23319694779063552,-0.2499131978784066,-0.16647253719467392,0.95081631018269008,0.26121875631459429,0.298536961350932,-0.20388116105149862,0.93236696363376492,-36.09516548808535,6.6032737072014438,-16.987124851066742,,0.2678727316686819,0.2666666666666667,0,2
0.81046228840240109,0.51385115333955733,-0.28126121540153642,-0.51425563967315835,0.85404129521734029,0.078451278688354373,0.28052097273090543,0.081058363387708846,0.95641911606942087,9.9435860530062623,-13.252139469044225,1.4450020486009862,,0.3141945379484268,0.6071428571428571,1,6
0.9567464825579316,0.038277891593002641,-0.28839377789442722,0.013768285516205868,0.98423801742251227,0.17631210784896964,0.29059697594257589,-0.17265667689202416,0.94113924022837003,-7.6464249795744665,-23.507737083327839,-4.5362082494724207,,0.2638155724637766,0.125,0,5
0.30841382937161982,-0.87626588973158503,-0.37018779064853996,0.94649350466731919,0.32155799939489282,0.027395230382860205,0.095031339435521112,-0.35882940726488388,0.92855290695093062,-8.2170213191290618,-9.128312686751995,-5.0481628493376416,0.4853823837005018,0.5031996920074998,0.8192419825072886,1,5
-0.369946186411098,0.88716570359567737,-0.27582029208067871,-0.92266225363735033,-0.38559936461372746,-0.0027378316848268832,-0.10878503974687842,0.25347612189923402,0.96120532185074492,6.0142531785957365,-6.2792971964040394,-0.054782879502136284,,0.06732120036017444,0.1923076923076923,0,5
-0.95227713463710684,0.0042087844258719889,-0.30520574205115819,0.014701005243602608,-0.99811212336422273,-0.059632789958131288,-0.30488053281928157,-0.06127377356601741,0.95041747952192668,-14.763785771238719,-19.043820536918719,-7.2255536742698512,,0.2472110116935939,0.725,0,2
0.93017081154575265,-0.18931125620643879,-0.31455287253791986,0.22593257967283539,0.97051334150178714,0.08401382867965751,0.28937299595970345,-0.14921495314001559,0.94551476295652304,-4.9134188611272958,12.141567824496061,-4.7196264954401776,,0.1128478685581496,0.3157894736842105,0,5
-0.55568828159491823,0.82957242784652752,-0.054955624415570802,-0.81400457090537448,-0.55632516147220057,-0.16702955803715661,-0.16913631260981438,-0.048082238609992715,0.98441912115064478,-13.825505562019545,12.800527413849204,-8.3093400667999742,,0.5112317969439993,0.2,0,1
-0.31843845652365904,-0.84442624145533285,-0.43074501987655056,0.94116725400125423,-0.33587162496208262,-0.037342355858584815,-0.11314216456550928,-0.41729434969449369,0.90170076872013449,-10.256341585265844,-7.3578198384899931,-5.8993464952889303,,0.6180610168046331,0.7454545454545455,0,1
0.55395150521482628,0.79792352111424003,-0.23760425990053746,-0.81434696096649606,0.57865639726633999,0.044674389390039627,0.17313797109490903,0.16874486171553019,0.97033417677094436,-12.142069943480401,-3.93893522408829,-6.7285821951538569,,0.1056142282737916,0.358695652173913,0,2
-0.91551812694494539,0.33838579044682765,-0.2175353214052714,-0.31041547966471861,-0.93820615881621205,-0.15300795255100735,-0.25586869527111306,-0.072555222989143436,0.96398493266090757,12.07780784547211,1.5563434654956241,1.9366744013276622,,0.5017103630734594,0.1929824561403509,0,2
-0.090616347617715587,-0.89779728959353555,-0.43098573566062054,0.99504317290898625,-0.099421617151623759,-0.0021038275056400497,-0.040960488176325166,-0.42904005505483606,0.90235628748676677,2.344743253854118,-7.3461912723335745,-1.3344205084031275,,0.08461855787586696,0.1777777777777778,0,5
0.05838229410690713,0.99355018457366051,-0.097208736585039979,-0.99665903078176243,0.06358087249727068,0.051266451151250926,0.057116408290196118,0.093890912159435777,0.99394276118793512,-1.6103094846178549,6.3747045550643771,-2.9435235264910897,0.4659338706395305,0.1947977362818582,0.2903225806451613,1,5
0.88480246605363,-0.33288286275228829,-0.32605765709649509,0.3724941847227427,0.92570362047450305,0.065733472357209013,0.27995120720074335,-0.17961571959669323,0.94306177679970071,-40.014372906626932,12.011170001966002,-18.830183634470718,,0.1800413551562017,0.3076923076923077,0,1
-0.86691526929757845,-0.31961187934464375,-0.38249988554311043,0.40544054659464679,-0.8985307313950609,-0.1681085599120152,-0.28995840914817717,-0.30081684015434118,0.90853362603913379,-17.665357602278551,12.178328263892688,-9.749557515201408,0.4115666506541829,0.2894710598097047,0.6585365853658537,1,5
0.19225485832173755,-0.91124175569636179,-0.36424789927616791,0.97960672116809444,0.20028735488664778,0.01598897478908709,0.058384426810449176,-0.35989364838507865,0.93116476552653871,9.4464376060871018,-17.034787519303762,1.2999247829522642,,0.2399275567324131,0.3,1,5
0.82291233534092401,-0.46125338755069267,-0.33175382562489991,0.50521454403297528,0.86118585912815548,0.05583171621268096,0.25994913510396361,-0.21355146571894806,0.9417123863728194,10.302985022696513,-4.2330543423903606,1.4448365675477868,,0.1649482240933144,0.6588235294117647,1,5
0.94112926530588892,0.12629579796731444,-0.31356829782456858,-0.04480002379488094,0.96600386731611654,0.25461635100339691,0.33506516359176469,-0.22557903215083233,0.91479256468399361,-10.426343113372923,8.5349829389593186,-6.5223366147796957,,0.480268063810632,0.5975609756097561,0,2
-0.83302295426680018,-0.43119924590706543,-0.34661212903444533,0.47833894374961733,-0.87614753726303629,-0.059643506271988327,-0.27796512831129228,-0.21548248949066476,0.93611040169725324,-38.942032792110922,8.4834528782323968,-18.240244512294048,,0.2500500855495941,0.8205128205128205,0,2
0.94929508715514499,0.075939746085764426,-0.3050770271055066,-0.051722767043452814,0.99489048579385808,0.086704536480095962,0.31010255218632599,-0.066528762511331954,0.94837246421763888,-2.0364108825987,-12.902912193558087,-2.8259736198576464,0.2879766399503932,0.2269440278307301,0.53125,1,5
0.92716902884129215,0.24691263363933527,-0.28176540473731604,-0.22610689964007016,0.96846474429407348,0.10465041325561507,0.29871936979822927,-0.03331951993506449,0.95375916650832093,6.7333570149085178,-5.3216051074040926,0.21577375773922403,,0.09120813972326053,0.5,0,5
-0.36723109391094388,-0.73213409903007021,-0.57369066987567519,0.9211985535258912,-0.37155163142939512,-0.1155102167081437,-0.12858673588974456,-0.57090195850039283,0.81088618506769428,-1.7060754482172054,15.293411910191226,-3.552111041961425,0.7372828202801975,0.35860919627458,0.2173913043478261,1,1
0.31609688040254802,-0.86503867067261664,-0.38960346564260662,0.94378506585919408,0.32857285053376223,0.036188829122737264,0.096708384646492784,-0.37914110847159577,0.92027143181020044,-2.9401472630600591,-9.5220628828993803,-3.1577826090406336,,0.08770571898450225,0.2452830188679245,0,5
-0.89898127227624913,-0.30335583124387133,-0.31592390182909036,0.33366879535027866,-0.94159965935649581,-0.045334495797627924,-0.28372135468813509,-0.14616881045582608,0.94770083451681053,-8.7522325592536596,-12.932975750710844,-5.1957001319578255,0.2282032551026938,0.1461377862174368,0.6875,1,5
0.28146666119347913,-0.89680771972293294,-0.34133917513515671,0.95628010014732379,0.29158986409153465,0.022443734566800103,0.079403329267858078,-0.33273302361568236,0.93967220151324393,-13.282534357829986,-7.2769734553596281,-7.0744285359785621,,0.08242431404072482,0.3235294117647059,0,1
0.60295555201742623,-0.71814112654787421,-0.34744485123816571,0.77690174557324965,0.62753998153848589,0.051159058786443924,0.18129611142161456,-0.30077714994864113,0.93630381076452684,14.606802084101732,13.847254605058229,2.5320921490057948,,0.230015811335562,0.25,1,5
0.94110939742065258,-0.094779634424651205,-0.32454571786554981,0.15486923000711425,0.97412574183215506,0.16460425479603177,0.30054720707991789,-0.20517275647191299,0.93143733891130753,-10.245725795984027,20.610174466302578,-7.3658984389237796,,0.3656650276622546,0.3,0,1
-0.090167586954903317,0.96393462467024194,-0.25039937225274861,-0.99565385966249575,-0.093131045025078837,1.3846027948250484e-05,-0.023306608545768707,0.24931234990344397,0.96814263111574528,8.0995561181806384,-9.5642784194474917,0.7069695954235099,,0.1129294026145762,0.4848484848484849,0,3
-0.90638386433082618,0.39030274729037034,-0.16165412440859589,-0.37799445395843628,-0.92014540653482624,-0.10223807318961571,-0.18864910086555939,-0.031562577373385484,0.98153722316179515,-13.392894219771671,-14.401639604000177,-6.8818612056101935,,0.2285725060248785,0.2040816326530612,0,4
0.94440333803033638,0.067871601447260427,-0.32170760145533361,-0.03053443182934058,0.99233806213794484,0.11971975152483867,0.32736826906409056,-0.10324057414260149,0.93923979912516942,-10.684716161725428,-15.082065780964912,-5.839151603695055,,0.1764227445309511,0.3529411764705883,0,3
-0.48622161409045106,-0.72966124794689446,-0.48081493865712804,0.84951172870509684,-0.52361866322608563,-0.064446243597327327,-0.20473974891006214,-0.43979308630981057,0.87445049971415623,8.3631254274524114,22.381341671414635,0.037231754230863105,,0.2895847183184487,0.2380952380952381,0,5
-0.92854200477194671,-0.14338905894159279,-0.34241688502458262,0.17907354540904427,-0.98098772569536541,-0.074804728257437919,-0.32518058169074099,-0.13077713795185517,0.93656549663138511,13.495633973706459,3.0402413928861534,2.4310923718340156,0.888625493584789,0.2932541463229131,0.6346153846153846,1,4
-0.84617889342442054,0.4474369220006012,-0.28945030860866627,-0.44935442335127962,-0.89107302009923828,-0.063792437372014635,-0.28646445248523089,0.076085962449399053,0.95506494217958127,-0.26489497252607519,7.1722627240543577,-2.545158500485019,0.3236606360606621,0.2974083231885931,0.8051643192488263,1,5
-0.94473717529473933,0.19011825575066094,-0.26707062445436258,-0.12747792776370823,-0.96359723944872999,-0.23501008076220395,-0.30202822310040434,-0.1879771500930715,0.9345820153917469,5.2690150270478693,7.9538906837375647,-0.63417984346424894,,0.2426626025989797,0.1785714285714286,0,1
0.75980276922881573,-0.53090144562695218,-0.37529109622190077,0.59870634164885317,0.79639026691937242,0.08551759599952366,0.25347676094993454,-0.289665665530631,0.92295359247961506,10.202546243003555,-5.5973940878333224,1.4668457960212329,,0.1694373493003465,0.1505376344086022,1,5
-0.2318961506436602,0.95989821132269459,-0.1575423727641119,-0.96452857771859368,-0.24790289393084367,-0.090712611829124934,-0.12613008396414183,0.1309182152345745,0.98333698335768605,-1.8183252193120054,-9.726573484529462,-2.685632974544383,,0.1907236062739323,0.131578947368421,1,5
-0.92864790326661295,0.19404596711457314,-0.31616330338148879,-0.18773593825708565,-0.98091464985665411,-0.050612915183094895,-0.31995044810916728,0.012353636839791392,0.94735373457414307,-7.2128237343335559,4.8386221714189857,-5.0237115032246669,0.301779878920741,0.221075693167867,0.3974121996303142,1,5
-0.13529131946047035,-0.90823467858091667,-0.39598740826150713,0.98947424435950249,-0.14456351095165562,-0.0064893027763806062,-0.051351520209609793,-0.39269728790042718,0.91823301043243544,2.8365125129325666,13.135756964846093,-1.746483110883001,,0.1044208180778892,0.3529411764705883,0,4
-0.32997693152546759,0.94381960573275281,0.017882295588306396,-0.93917792378440834,-0.32632618911365402,-0.10703291911635164,-0.095184306148884665,-0.052113051465352125,0.994094652299229,-21.877615669970481,11.846466523072234,-11.58027716396966,,0.4262909398299203,0.1578947368421053,0,1
-0.73954813239370343,-0.58988016129322984,-0.32420665506071433,0.62706601045192967,-0.77885236140649783,-0.013312312624825502,-0.24465644975942138,-0.21314406969041796,0.94589260867548852,4.1498635768269807,-12.680083279241346,-0.586984863295123,,0.3512241820261998,0.7831325301204819,1,5
-0.2181158666296712,-0.86127807386676269,-0.45893959101470622,0.97485238470406699,-0.21430211399481869,-0.061134539943835983,-0.045697885740811336,-0.4607327678966518,0.88636167551689027,-2.848623783385468,11.591566542579063,-3.8540630084022554,,0.2772814953196017,0.25,0,4
-0.92895479996114771,0.2310229273312524,-0.28926006754553091,-0.22327619698599782,-0.97290792943115478,-0.059982503361022746,-0.29528074689795825,0.0088638534105712017,0.95536941159642663,-2.8145616827258615,-2.0718406347793175,-3.2038098344447894,,0.07358299059684377,0.3013698630136986,0,5
-0.45559812025744478,0.84538362546888668,-0.27884920406370711,-0.88000564479869747,-0.47495846116671597,-0.0021272725665696744,-0.1342401502543491,0.24441969224108184,0.96033254454093342,-7.9111083672124982,15.003621186495231,-6.1390008953597839,0.5321816039114728,0.503703733700674,0.8554913294797688,1,5
-0.83438581484837282,0.47569228472431269,-0.27841904071665091,-0.47970019035668571,-0.87549806870495772,-0.058231083328821633,-0.27145540950877378,0.084970476917880886,0.95869284898802276,-0.92816337649228919,-10.627265064242462,-2.3271035912598395,,0.1437739113869413,0.3870967741935484,0,5
0.47603939602273965,-0.74735787787478491,-0.46351126826950401,0.86661321030787708,0.48829277670918098,0.10272150667466785,0.14955947697882979,-0.45058447220486508,0.88011680830085448,1.0237992664377278,17.880363207675707,-2.6078929673629312,,0.2565478600633165,0.2857142857142857,0,3
0.94397267326215939,-0.1120376525709965,-0.31042415585884259,0.13320906352834522,0.98993499340346003,0.047791779933319498,0.30194525584647874,-0.086465445362145857,0.94939601285771813,-1.4268998317928978,-7.5412543876476796,-2.6423244145148082,0.3312841837287857,0.2499446327020138,0.8620689655172413,1,5
0.53214346930771483,0.82526662235704706,-0.18909873108125683,-0.82719384408590857,0.55438977743885565,0.091664164086489155,0.1804817785249469,0.1076428199866962,0.9776703692583637,2.691556842856869,2.5358010950806467,-1.3925578332333681,,0.1631440800112775,0.3118279569892473,0,1
-0.93379652444509131,0.2534141457475082,-0.25259715293195267,-0.19916355552895948,-0.95461887329196915,-0.22144228345967309,-0.2972506166239704,-0.15647388756540756,0.94189064833813785,5.1013145409244434,-12.832050983565621,-0.23055161757003623,,0.1156762674458558,0.2857142857142857,0,4
-0.89824622506975582,0.331380579875241,-0.28868777325942335,-0.33278696759097692,-0.94189279061755926,-0.045725323227621961,-0.2870654164986392,0.054998929664289035,0.95633078188786114,1.4802572411139625,-5.6441885556252913,-1.6425198028805443,0.237198727758431,0.1567525050796351,0.5454545454545454,1,5
0.95172241656347667,0.0065309871527125026,-0.30689051470742268,0.011959054935842971,0.99822568849312776,0.0583305737796369,0.30672695156379259,-0.059184635161765427,0.94995566009427568,8.5927694325672928,-3.0206226233715157,0.78840763378867773,0.2542102377788972,0.2270942491007829,0.8035714285714286,1,5
-0.93921685305839064,0.23435421621400243,-0.25089799575487637,-0.20846705789695313,-0.96993151756044049,-0.12559592754022561,-0.2727878089337602,-0.065657844814019081,0.95983116156514581,6.5138933532737378,21.750678359459553,-0.66188913148041972,1.069680876868633,0.5668575999206855,0.45,1,5
-0.25467327985177318,0.94660951308851604,-0.19766625979125724,-0.96329222596293784,-0.26628109293947616,-0.034094969457790641,-0.084909410131681351,0.18172729369382665,0.97967626428214016,0.80607936809798475,-22.59207208354545,-1.531215247530431,,0.340091024594327,0.2,0,5
-0.94889159370972365,0.16113112607741015,-0.27136968068678413,-0.1456492989499493,-0.98638226437961463,-0.076395747478068099,-0.27998397293846944,-0.03296647882880796,0.9594384744063692,-12.31707025902401,12.347397709021028,-7.5670570777264965,,0.09836073047357374,0.3770491803278688,0,5
-0.49982574425725912,-0.79623292436478921,-0.34086266374475815,0.84992967137979458,-0.52665082147310183,-0.016076876249463988,-0.16671466367992505,-0.29774492841894395,0.93997562655362865,-2.9301838289433979,-5.3332024291803313,-3.1145384625989516,0.3053532144157359,0.2912957342418673,0.9080068143100511,1,5
-0.8747319987819252,-0.36045235065322023,-0.32391053273326187,0.39420344685244219,-0.91801776606886332,-0.042977013293003886,-0.28186445820044648,-0.16528001721472926,0.94511107448429965,-6.3700868001006903,-15.018323444211767,-4.1832689164733967,0.2768257158359373,0.2987918174880279,0.8045977011494253,1,5
0.93433443813711115,0.25272165279081427,-0.25129847576475367,-0.20402136775457391,0.95741559579942803,0.20428083223733989,0.29222326945430305,-0.13959635787049174,0.94610698002854443,1.4044130317246768,13.895379330642859,-2.3086882144681176,,0.273538404498291,0.3492063492063492,0,5
0.86234155981354943,-0.36175506234135785,-0.35426022792395789,0.42699465028407302,0.8955935485104658,0.12485096914006698,0.27210770449789984,-0.25893140160442502,0.92677501391440842,-15.037711124197681,-13.359419526340302,-7.5092734247641335,,0.8946903368525521,0.5555555555555556,0,1
-0.74172400037556463,-0.50760290074858716,-0.43838887123020082,0.60096448476973974,-0.79320081207250703,-0.09835730665770033,-0.29780395449407793,-0.33641011708796104,0.89338739514756649,-11.726974975614628,15.513315910267856,-7.8538244082575517,,0.2496879874200518,0.4736842105263158,0,2
-0.56379340878590145,-0.75047614786558092,-0.34485148063247706,0.80380920648939169,-0.59454144661825314,-0.020278752820844369,-0.1898097778631738,-0.28862782218267374,0.93843818575845439,-7.6168194978240873,-15.5560773389809,-4.727673301795762,,0.07677696332003173,0.2413793103448276,1,4
-0.96322684407092896,-0.037606590937741088,-0.26604471650307121,0.081517828972424988,-0.98438893326742261,-0.15599125494798652,-0.25602517536519825,-0.1719423519051273,0.95125545317782689,-9.4637287573607622,12.17662988566072,-6.499454990096921,,0.1648876207167471,0.375,0,3
0.44506970311055361,-0.81839633902585418,-0.3635111987850761,0.88608009544433775,0.46118501527306976,0.046588047232437917,0.12951843046623646,-0.34283496606480729,0.93042418402194682,-7.1049057065970214,-11.46175182412709,-4.5667202898397878,,0.08225975984499184,0.3333333333333333,0,2
0.27482086566832681,0.94068285104446692,-0.19897051425818188,-0.95530679038767996,0.29058274822243529,0.054319450242862437,0.10891477416999761,0.17514976501939861,0.97849891761879271,7.5928384136761036,26.120536597328723,-0.4231624196275105,,0.27920380138059,0.3636363636363636,0,3
0.18640151368465441,0.98247361997800287,0.00024848217181848127,-0.97989239220855384,0.18589345244747804,0.072488095774107822,0.071171450651708809,-0.013755376566176529,0.99736924668231863,9.0258695651690228,1.879297864669917,0.90973125924082709,,0.753054879205467,0.4504504504504505,0,1
0.83491374809531804,-0.38921615855414415,-0.38913984011121783,0.48365443232077709,0.85628834904976414,0.18124197465845834,0.26267360609299095,-0.3395306248366789,0.90317303517106839,-11.230084734155096,-5.5441365683372386,-6.326236379194607,,0.1292900460784701,0.1029411764705882,0,2
0.72159496368271203,0.67490895437094756,-0.15426798662606744,-0.65345419017164807,0.73757161065779686,0.17025199117419976,0.22868828071167477,-0.022045917118108705,0.97325004382407343,15.029926357262358,-7.4031477611652017,3.1366209394396511,,0.2500445048795865,0.5555555555555556,0,4
0.94066320428262951,0.1628503504795687,-0.29771210834868328,-0.14808364289792256,0.98637506573655942,0.071662154581614929,0.30532600743273886,-0.023323658415445026,0.9519622031064594,-24.446371356435158,12.47443075880202,-12.648150872596622,,0.1572220756749237,0.59375,1,5
0.36466395931564843,0.92733903639953819,-0.084038731224430938,-0.92137014295790665,0.37240480810813792,0.11131809629915786,0.13452604373117749,0.036837080062323224,0.99022511233078758,-5.8690828375212432,8.3856177814103035,-4.8456210256160643,0.9104489249113048,0.4663189681131049,0.2909090909090909,1,4
0.35727645320786672,-0.84352855811632743,-0.40101509650560185,0.92942357520414087,0.3635337291068666,0.063364387919467788,0.092332842683199023,-0.39535148848062474,0.91387736962800159,6.4537611020973324,10.425740071036328,-0.36168025611307381,,0.4590455894528859,0.5454545454545454,0,4
0.56173946996223656,-0.68811824838099711,-0.45928427376910558,0.80942092921757169,0.57195642042812811,0.13305492277855041,0.17113306878306497,-0.44649650544669606,0.87826780846890928,-16.519342886497878,9.5079568335216109,-9.1245690965987176,,0.2549851209384356,0.1666666666666667,0,1
-0.59185380197866111,-0.60925126684160502,-0.52775180808340527,0.78045971095004329,-0.59680919283149503,-0.18628319015841033,-0.20147386100231207,-0.52214143793010614,0.82871985744828291,8.7058048757792239,4.181839161137936,0.74802645383859989,,0.3612991486705506,0.2058823529411765,0,2
-0.4814664811455428,0.85473644771614865,-0.19394749928501032,-0.86443542764623105,-0.4996223526797432,-0.055936536653935075,-0.14471150252625811,0.14072352201511601,0.97941588275270253,-33.496719059162253,8.4599248385388268,-16.056528767387018,,0.6583272331270978,0.3076923076923077,0,1
0.88891504703912538,-0.32217890252538894,-0.32562369986683293,0.36143452538927817,0.93002378162478316,0.06648946885759123,0.28141628063077062,-0.1767951367540217,0.94315871231520221,-19.254874952165988,13.187387225560872,-10.627621147514965,,0.08206495722000495,0.2222222222222222,0,2
0.62893439441645616,0.74282137225728606,-0.22947317149899552,-0.74284056785898522,0.66125225326597459,0.1045626524797975,0.22941102471970512,0.10469893250875631,0.96768213544974657,1.6206155736253118,10.497054847752011,-2.253153498213476,0.3713682164619664,0.3491802775020043,0.4727272727272727,1,5
0.8074255229714673,-0.4275304161194301,-0.40654860490106204,0.53285114770755548,0.82426384035376321,0.19146481627705711,0.25324628179105352,-0.3712234701335751,0.89334173527323435,-11.886851205380424,-0.84213247363997334,-6.6253431920111803,,0.2621809722987238,0.1851851851851852,0,1
-0.011966756468569118,-0.81992544528400868,-0.57234522878717375,0.99992192943036928,-0.011870980706448341,-0.0039006231957472554,-0.0035960789577020448,-0.57234722327699594,0.8200034903725979,18.314252161330877,4.764039157216696,3.9863167538718955,,0.4671003572777774,0.391304347826087,0,3
0.67748220583888041,0.68256874021376301,-0.27407622234458989,-0.69045903051623192,0.71860453927514589,0.082908644372829535,0.25354326642659952,0.13306927149478082,0.95812753902263914,-19.043186641831959,22.383032986594618,-10.987733163979241,,0.1349387734779684,0.2142857142857143,0,3
-0.38871177397175172,0.88237234877806059,-0.26518332317026105,-0.914467370196546,-0.40461696107164702,-0.0058773853846289855,-0.11248371269454031,0.2402168872603144,0.9641800980384414,5.0886461467570712,16.881242063453218,-1.0552752669448338,0.5109830321040866,0.5441267301469744,0.9748427672955975,1,5
-0.032709242885052357,-0.94268485566268601,-0.33207735293769602,0.99930526763097316,-0.036784346238035642,0.0059911565519148464,-0.017863020877664993,-0.33165068185677032,0.94323313009513388,-8.0315221961408252,-1.03543449240539,-5.1174230358128803,0.2709241047908695,0.2199887034569536,0.7609022556390977,1,2
-0.25532864967534707,-0.89158188995479148,-0.37401739820442292,0.96394169593844825,-0.2647453587873555,-0.026949987604130213,-0.074991249397994494,-0.36741206907938723,0.92703003403801953,-4.748564358707676,5.9442201482798742,-4.2085745811579693,,0.09640616709204623,0.2957746478873239,0,5
-0.35523760704500279,-0.86972997417860232,-0.34260183092947266,0.92640851501947863,-0.37648908619701044,-0.0048198831877308583,-0.12479385337565078,-0.31910145720417332,0.93946833590591494,-7.6947913861563748,-2.1346175767389211,-5.0401649057269324,0.1891402198617626,0.1671919548282103,0.6951672862453532,1,1
-0.88871055093938345,-0.32979703788498843,-0.31847679735155926,0.35321819925300363,-0.93538609585219157,-0.017022203231693477,-0.29228489589009554,-0.12761961247662185,0.94777780842655013,7.1197988602516116,16.124274605151371,-0.23321219488946907,0.2766189463516162,0.1717206095589803,0.7555555555555555,1,5
0.055678777588159832,-0.94108023732194335,-0.33356837477249518,0.99841627778221564,0.055171632572156751,0.011001237149933361,0.0080504649427453057,-0.33365263056268329,0.94266171670053955,2.1954573698455921,1.7431145310020646,-1.4605812894344168,0.5682401649286735,0.368299839133289,0.9792122538293216,1,5
0.84259872552745452,0.46627231944398589,-0.26947636605059755,-0.45752617090501141,0.88372316496395398,0.098504673204328583,0.28407250954027297,0.040292577808061308,0.95795580143192116,-1.3248193158425114,-13.234095914485779,-2.5041359851854597,,0.1691380083378229,0.38,1,5
-0.37495729679021395,-0.80221305261939779,-0.46460869965040924,0.91615065228138037,-0.39725391761562506,-0.053453786240462438,-0.14168630106040009,-0.44569445043225164,0.88390126651437528,-29.532820408764753,15.101278845714836,-14.909321436667218,,0.1989350986745693,0.5151515151515151,0,3
0.55164777073639848,-0.76311122808098775,-0.33666896295662518,0.81691630556186456,0.57578538491733511,0.03345056386298393,0.16832256755621708,-0.29348329440076082,0.94102872918894465,5.7562482923617928,-11.621696219320729,-0.0053214561218881528,,0.1339605076047676,0.3636363636363636,1,5
0.2761927386689666,-0.83700807774909614,-0.4723717274449224,0.95795713500505408,0.27947364462810587,0.064904618103742928,0.077689758652253582,-0.47043805090686197,0.87900645143224543,-10.157176026183405,12.970682002224816,-6.8084780693616063,,0.1965249541023799,0.1333333333333333,0,1
-0.93851608947840903,0.18451501889683181,-0.29179060572892956,-0.12030117353067316,-0.9670072800114855,-0.22455410940780007,-0.32359724571957754,-0.17564489234329933,0.92974926424085613,5.2761858694660848,-13.773313665114941,-0.16660170931816484,,0.6826074686033977,0.6666666666666666,0,3
0.67259606963874075,0.6892205404485886,-0.26942452325330923,-0.70562965996465599,0.70701481303288594,0.047083299908109007,0.2229379063431827,0.15844589226555586,0.96186984001968268,1.2810106236484602,-3.6335858953933244,-1.803271590130765,0.2379833590715678,0.1585901221337184,0.6786786786786787,1,5
0.94169988972558727,0.14069721508736482,-0.30562331612211163,-0.10910935726769136,0.98698013068478974,0.11817516570780248,0.3182710571940961,-0.077939176927236647,0.94479046293474911,-23.0589557706259,8.6068188563888182,-11.820816621233982,0.2520566608166041,0.2109580645715134,0.4235294117647059,1,5
0.12908619374993272,0.9769703509772365,-0.16989905207083789,-0.9846080230836145,0.14663478464437762,0.095106681214691902,0.117829518638289,0.15500701030505484,0.9808613721080861,-12.412239010033673,-11.069407171170917,-6.5503079364536143,,0.1934828104281621,0.4081632653061225,0,2
-0.72725826271350569,0.66178486090949162,-0.18203356060336534,-0.64803132404379038,-0.74944421359266999,-0.13560521291793107,-0.22616547564335757,0.01934343773661467,0.97389681642540793,-17.258936549248581,-13.443115105067083,-8.3416376236338898,,0.4045098526316763,0.6190476190476191,0,1
0.90474378675711409,0.30343750037619627,-0.29893872898947216,-0.30425371213831665,0.951526758548223,0.0450167348523169,0.29810796529856343,0.050224606839230981,0.95320990862107235,4.8340364952045007,-4.4409852792941544,-0.4675718258782145,,0.1051277807843121,0.1818181818181818,0,5
0.89391637112921629,0.34941698255135756,-0.28075130227993145,-0.34102627025266036,0.93665174234571724,0.079903670493236156,0.29088589588485131,0.024316370317883872,0.95644869685196976,-6.7085306319284541,-19.397820434680746,-4.2941410988855182,,0.2217465304138089,0.5238095238095238,0,5
-0.53206362465669144,0.79907821967862847,-0.2799683877733648,-0.83154368676034918,-0.5554367425190686,-0.0050121920167297022,-0.1595098627865689,0.23013914029351817,0.95999613529366401,7.3041296641810805,-8.126793431080154,0.35909299148521617,,0.3580298509219209,0.9006622516556292,1,5
0.68041019207183029,0.69278505767501808,-0.2389368836889737,-0.6971483302681496,0.71240947228544482,0.080355145462541563,0.22588974330214162,0.11189998954511512,0.96770461206439307,14.215215891064473,-8.2358081767219389,2.8677223501749332,,0.1372827807770101,0.5,0,5
0.91392233329569017,-0.18238176030007694,-0.36260565662053129,0.27917742461125789,0.93093636917279243,0.23540909527629569,0.29462846822869426,-0.3163769429987337,0.90172040880085991,-34.09058529610239,9.3943531247041268,-16.357405941708834,,0.2279886866768184,0.3888888888888889,0,5
-0.56386965925089805,0.77975726746072238,-0.27208383123306873,-0.80658131419510315,-0.59073553015490377,-0.021403668001227592,-0.17741925196431771,0.20738885518463535,0.9620354836374958,13.479090033121341,10.569402510255243,2.1440913150494958,,0.1903175070755589,0.6382978723404256,1,5
0.28200542127715805,-0.901475554269904,-0.32835159117029311,0.95597789474669381,0.29296136187453747,0.016730367727466184,0.081112311802663428,-0.3186149172628096,0.94440739480991043,4.2837241684928342,-10.869770465152609,-0.58579976083903507,,0.2276597396035414,0.6629213483146067,1,5
0.83981260747185804,-0.38600000469880691,-0.38173129384927368,0.48583977705432213,0.84814078515489266,0.21122717530812543,0.24222818862206363,-0.36285149156282104,0.89981348050999499,-8.4440313790516068,-5.1749009769178498,-5.2162431457420926,,0.2578185816771134,0.2448979591836735,0,2
-0.7482081848908293,0.65033684538039616,-0.13132592890608308,-0.6244973555729475,-0.75716637593982861,-0.19157800507506664,-0.2240258131215386,-0.061327536122212131,0.97265171997401667,-3.5550099902976449,-11.076680667229047,-3.3116285955798648,,0.2676880587378727,0.2571428571428571,0,3
-0.83273347023681954,-0.45306258374386127,-0.31825974102716709,0.48027806344102647,-0.87707905934218067,-0.0080811781796864598,-0.27547767482081048,-0.15958263964094277,0.94796910909614995,8.5652644900863919,10.430003871057679,0.4201127281965682,,0.09242964615112755,0.4782608695652174,1,5
0.90346744398436207,0.30526493902850188,-0.30093171095829585,-0.30120235152371239,0.95160534835058852,0.061027898760646425,0.30499790343041422,0.03550461928367514,0.95169096922928298,11.699078011267829,-8.0307761724657176,1.9381076278823584,,0.1732449650072588,0.2432432432432433,1,5
-0.16475393407846242,0.96341316461422655,-0.21140296935869338,-0.98627491365248243,-0.1632753014768705,0.024555460236514341,-0.010859829900127195,0.21254705402719637,0.97709048399772203,-10.86554288619026,14.569556341010175,-7.3751107553135524,,0.1334131334136547,0.125,0,2
-0.66495235787073415,0.73846865803327855,-0.11181414429615323,-0.7138181669041479,-0.67240281813405467,-0.19580111021897759,-0.21977712883681552,-0.050383442398380794,0.97424818315064676,11.101080858076612,-6.1176972962505687,1.7884286969611198,,0.4055022114768747,0.5,0,2
-0.62968474727530477,0.7250901626011258,-0.27882140367609559,-0.75029852453097212,-0.66067554649206506,-0.023663185627831065,-0.20136842636193375,0.19429894072403961,0.96005139367537751,2.4590012881087722,-6.2440289200049248,-1.2390479997171919,,0.08463760637317722,0.3513513513513514,0,5
0.48833782965132683,-0.80765316865548153,-0.33048831037147491,0.86023166274416341,0.5092039769643103,0.026698244439330655,0.14672304026240626,-0.29733427149336616,0.94343239315367278,-12.60482016152546,-18.201579689654796,-6.4510759671038285,0.2194384126344778,0.228262553820661,0.775,1,3
-0.73657640227622756,-0.53954046188175353,-0.40786185602754338,0.63761463766499049,-0.75508276559886578,-0.15263548385257952,-0.22561643877419804,-0.37248638510419696,0.90019504301393305,21.734112786695103,-8.1007952165948467,5.4235158523354254,,0.2117687879477642,0.2962962962962963,0,2
0.25702554684642798,0.95949678690988338,-0.11534203127180236,-0.95124484288391498,0.27224245046220291,0.14497343568078844,0.1705025429577266,0.072456635830996846,0.98268963501657214,10.522175699579156,19.688022354767792,0.93282280018985009,,0.281077288191813,0.1764705882352941,0,2
-0.87376684841452934,-0.29487254402239177,-0.38675790540531085,0.39391844077502119,-0.89548510005400384,-0.20720689563488651,-0.28523631716371045,-0.33340158722332636,0.89860092644502099,-3.6526546292850508,-19.085123089803183,-3.2449702846492063,,0.4627071527574229,0.28,0,1
-0.31221121699734417,0.9175521034599351,-0.2462159487467977,-0.94423626680407824,-0.32824675915538265,-0.025921758348649099,-0.10460415112668722,0.22439296455155763,0.96886829292057486,4.0650632697193485,-24.387753604746223,-0.45631087056173486,,0.1134326622576483,0.2222222222222222,0,4
