axis_00,axis_01,axis_02,axis_10,axis_11,axis_12,axis_20,axis_21,axis_22,location_x,location_y,location_z,dbh,dbh_approximation,score,reconstructed,number_clusters
-0.11567236739557653,-0.95339245526186767,-0.2786803359960135,0.97936859388805009,-0.15627468894780541,0.12812251519546053,-0.16570172216017301,-0.25811053415933044,0.95179929156789078,1.1553003093202376,16.329456861038835,-2.772577759953359,,0.1535074465321587,0.6190476190476191,0,4
-0.95293999077902836,0.25905495926292738,-0.15746714595543154,-0.27498785380462842,-0.957295807705695,0.089254785916646331,-0.1276207437448573,0.12835600737941738,0.983482425433025,10.265281196583787,-4.5037371409356375,1.0713477948165686,,0.202454690024109,0.2962962962962963,0,4
0.34944272243322327,0.93496149277719143,-0.061129295450736948,-0.91569029418602332,0.35460509013066699,0.1891203722155187,0.1984970248441322,-0.010111235199905658,0.98004933245768855,-12.479370092727027,-18.596443462132509,-1.5439836128540072,0.2913782655849381,0.2906527521453449,0.1724137931034483,1,5
0.54987612505102967,-0.77219838159119036,-0.31834871849406249,0.83501120224988989,0.49918517770387921,0.23145291201006993,-0.019812602455483372,-0.39309517655231302,0.9192843101865974,-7.060882539774215,-15.472281999667393,-1.0085201391008707,,0.1436062830297334,0.3846153846153846,0,5
0.81920359688077715,0.55587582391787016,-0.14109406522326384,-0.53151236981828365,0.82829365550100131,0.17726878176075145,0.2154067491694488,-0.07022598265896858,0.97399601835522565,-18.852039396461834,6.75567020200854,-5.5250640378472928,,0.07224542221093236,0.3,0,4
0.98549134499558344,0.063180447160852263,-0.15752790240255829,-0.012782238099217549,0.95312439930534931,0.30230860695321216,0.16924368031914844,-0.29590895651428256,0.94010343373836169,17.565193616462189,-0.62127752918344725,2.1129789482373535,,0.1575575665047182,0.1904761904761905,0,5
0.31942833699786954,0.94760340836716805,-0.0036493799063935951,-0.92598296327409779,0.31295374354651323,0.21122382944721013,0.20129850781587108,-0.064091612954808766,0.97743090594678594,-7.3610043100968783,11.164209885345084,-3.770115040245591,,0.2192200234832512,0.25,0,5
-0.49072964041838346,0.86110808489371848,-0.13295595566019822,-0.87072218669729562,-0.47904137038934075,0.11118560630127672,0.032051421308953526,0.17032977304680205,0.98486571409806978,0.45396471567711449,34.928408297394341,-4.8483567200042277,,0.1630850583621259,0.25,0,1
-0.42335691021028665,-0.86416855145849092,-0.27199566402303721,0.88282079113430223,-0.46093609121715706,0.090362439954075016,-0.20346099704416179,-0.20186786391989789,0.95804644365407132,18.86168195140645,-1.1255690279940498,2.3964456833592278,0.1695149899758547,0.2071735136508882,0.525,1,5
0.17064780715643854,-0.88736609731351923,-0.42832316683933075,0.97969906164635812,0.10638729794067242,0.16991613062369501,-0.10520966933673417,-0.44862361972532944,0.88750649197772002,-4.5570874482015453,-10.005978259440283,-1.1870375696683744,,0.112338717984684,0.3090909090909091,0,5
-0.93567250731422802,-0.26996558530108672,-0.22723455241082824,0.27682251106558414,-0.96091945509990639,0.0017601641530671894,-0.21882928602829282,-0.061256702192844494,0.97383846710468724,-9.3984816050169862,-7.7020481289018381,-2.2463866643743957,,0.5365035420475602,0.3194444444444444,0,3
0.29658648377326413,-0.91011251007615179,-0.28936426290386508,0.9525002873513998,0.25996810273795368,0.15861837268844178,-0.069135086884388089,-0.32266360898265978,0.94398545285389512,-4.2375948727865955,12.201188036901964,-3.3136635107488446,0.2285503596976505,0.1248935062042885,0.3255813953488372,1,5
-0.14336743583048986,-0.95528028184917924,-0.25862204363422581,0.97294380192270902,-0.18388733670772917,0.13987782418497691,-0.1811798461296826,-0.23157078941155623,0.95579748526962227,1.9449157216042281,9.3898383674659023,-1.8602197650977295,0.1372978297538394,0.1939398376393952,0.2598425196850394,1,5
-0.97413710634807671,-0.1390160652854896,-0.1781331850844696,0.1242102790338525,-0.98800152964356469,0.091786622142393234,-0.18875567439981766,0.067286781870724344,0.97971617541375389,-3.8887382472075802,-13.189116818466896,-0.73069568222799941,0.6599363114453543,0.5614845442533352,0.8771929824561403,1,5
0.69569064689185156,-0.68257041881832781,-0.22385742601345709,0.71798952129484384,0.67047798612592469,0.1869500399340055,0.022484909116978681,-0.29078668035984379,0.95652367215208234,22.322565463603436,3.6217101806751923,2.4871126882852628,,0.2590984166601745,0.7857142857142857,0,4
0.67729479575992479,0.7204640718759312,-0.14900765340235669,-0.70290656265664475,0.69348830531176509,0.15810229147624211,0.21724208572637177,-0.0023434017519941789,0.9761149443879481,9.0153167768771425,7.6974074203067282,-0.37676969408195365,,0.09239101202586941,0.6078431372549019,0,5
-0.9339754747411555,0.3168487980707686,-0.16521698382171029,-0.32838009955896746,-0.94336679384032285,0.047176291641813528,-0.14091246501171067,0.098315468978895537,0.98512828898767513,-14.417519684588953,23.130864737308119,-6.1950887304705509,0.3560534300565398,0.3169028893723582,0.2777777777777778,1,4
0.92139222110779762,0.35935972302723046,-0.1479762289958485,-0.32525320847137817,0.92144314339768496,0.21249207953349181,0.21271277644070621,-0.14765880587078364,0.96589344742973637,-20.347967441976582,11.339420558853268,-6.1795838080291023,0.2134763650061896,0.1771595159045182,0.3636363636363636,1,5
-0.72752866895651225,0.67212550111014335,-0.13765662571705353,-0.68506613512695502,-0.72257280484414654,0.092590130153705888,-0.037234746522339324,0.16166586670383559,0.98614285029822912,-12.813863950852005,17.12752287950839,-5.3540502556385361,0.1992270380449503,0.1960177045379411,0.7,1,5
-0.56297872193181531,0.82342596644327182,0.070884669985720725,-0.82641043320852992,-0.56190452675600955,-0.036181468947461652,0.010037655907181399,-0.078949227976400735,0.99682810196433602,-4.5031880140043956,9.8079024619060231,-3.0837121819304576,,0.2955648251857087,0.2957746478873239,0,2
-0.55490029875750035,-0.77667816642237808,-0.29808838327182297,0.80542936818440092,-0.59125746842916149,0.041208480836061379,-0.20825271019824357,-0.21722253987446075,0.95364835073814014,10.087772469599132,-13.363715628602044,1.9294854390609888,,0.1743280912605362,0.1176470588235294,0,3
-0.93052681807073656,-0.31406334593099494,-0.18837212000128623,0.30963022038490795,-0.94936191927467151,0.053301715314859131,-0.19557343243790584,-0.0087270254807224959,0.98065022895562293,-6.706029853325262,-25.202457843384334,0.30068506048174126,,0.1430341882529785,0.5909090909090909,0,4
-0.98457757315872996,-0.0091179289262471163,-0.1747108062054617,-0.0089347125695087831,-0.99471713791409533,0.10226429705079014,-0.17472027170356272,0.10224812424728333,0.97929471955267211,8.3953450016152598,-4.140849880961972,0.71939315158443717,,0.08217360034182794,0.3076923076923077,0,5
0.41989043464918713,-0.87526597924187899,-0.24000310096303171,0.90647683050033567,0.3914489616101734,0.15832708618673849,-0.044629347476548661,-0.28403727930691008,0.95777400534141965,-8.6916051668031908,-3.3467938937206907,-2.6582161818900047,0.1254377898294818,0.1308303688302295,0.4655172413793103,1,3
0.75775146907499891,-0.61278303075471341,-0.22429816836913519,0.65094343505130603,0.73389075109871937,0.19410566662352707,0.045665692574262742,-0.29308927423368081,0.95499388576623212,29.533902782651509,-6.7137516222530422,4.9639725614149715,,0.6206527015033064,0.1428571428571428,0,1
0.50270812250250918,-0.77190001651413465,-0.38917208028773137,0.86408351808005024,0.43547210638044204,0.25243557266554995,-0.02538143716193611,-0.46317859306109915,0.88590144687630745,0.73479655268804123,-17.974734996427632,0.67222110743131702,0.2919279237344463,0.2603112503066505,0.2727272727272727,1,7
-0.8144737880941656,0.57554415927566316,-0.073357816428870043,-0.57468568105971229,-0.81764906541022464,-0.034443777648837361,-0.079804865092778371,0.01410413263755681,0.99671071878959316,8.0287153310320782,-8.2052405872886798,1.0062580462935118,,0.3156782510391891,0.2777777777777778,0,5
0.74273875999269467,0.65413815549841237,-0.14297694893111165,-0.63271645528390319,0.75553363078416913,0.16981996339377806,0.2191096109655794,-0.035668000718098863,0.975048087074318,-1.3322528271861962,-24.996183927539992,1.1808380339677138,,0.3326699564262292,0.6190476190476191,0,1
-0.32955715503422356,-0.88988418400644109,-0.31543338539371396,0.9262059269370988,-0.3695230623904191,0.074801652844015784,-0.18312471835429253,-0.26750485120236051,0.94599497467526994,-10.197606185181451,-21.40117761432753,-0.7848491819522182,0.2090858505957036,0.2321023601270969,0.3055555555555556,1,5
0.51811845488822206,0.85131059040861623,-0.082604753872734929,-0.8279554460954327,0.52343337618147689,0.20126420441840703,0.21457643389980011,-0.035885642775268664,0.97604773175160409,14.294227487338519,3.160260799888043,1.0880194530408329,,0.1475536216156599,0.15,1,7
0.49627908679948224,0.85303853690170439,-0.16134535185765989,-0.84379329924504254,0.51766976323628755,0.14153050688827845,0.20425458661836388,0.065903496049044441,0.97669687879806188,-3.6274708009782723,-5.0621178364076851,-1.5120014859171433,0.1930342847715516,0.1818152840622043,0.8462962962962963,1,7
0.93516577379337018,-0.27734503639443836,-0.22032863253062338,0.33832375892139444,0.88358711647929633,0.32374502581676884,0.10489046512788998,-0.37729767873546438,0.92013284472737145,-3.0676735862594349,-9.5021493499621634,-0.99182634445198581,,0.1877800659040409,0.1363636363636364,0,3
0.7309666447381189,0.66752234479544614,-0.14178040583623011,-0.64500427213187717,0.74366434406725213,0.17587732171787016,0.2228390746972447,-0.037111488272678426,0.97414859453076408,3.8781154920483276,-10.402679426610501,0.43586231426561334,0.2812958493933187,0.228768902743527,0.7111111111111111,1,5
0.32007489789508908,0.94378730681823397,-0.08256863342840752,-0.92931537217764559,0.32971695255708316,0.16631196658928743,0.18418740122976501,0.023500014579922519,0.98261017221631242,-1.1987643439978704,-3.450766845817332,-1.1915556036572323,,0.07702981720933444,0.2342342342342342,0,5
0.64340450377770031,0.76516104909279981,0.023647694808955205,-0.74080119587026161,0.61453900696816754,0.27121098265330174,0.19298764912750785,-0.19201660830715903,0.96222938503168443,-34.105721170041811,5.1356578286354146,-8.295813105726932,,0.3591041552000848,0.1176470588235294,0,4
-0.5170631391597712,-0.83211209935796793,-0.20058704899448859,0.83080980347404942,-0.544278670883523,0.11625746802969869,-0.20591449821140292,-0.10653723538434794,0.97275332788071489,-2.0863808369092003,-4.6816563877187916,-1.2277205755455252,,0.07710137649894624,0.3696969696969697,0,5
0.62235597267380893,0.77106996532586913,-0.13462597019001041,-0.75355733427201854,0.63675038128463834,0.16340225181654872,0.2117177064916585,-0.00024598014621034084,0.97733083050299885,-18.294762821637804,8.9873149834114852,-5.6639263710528756,,0.07827317301122771,0.1111111111111111,0,2
0.94268377887647536,0.28653380263240624,-0.17101366317397684,-0.24831336118961667,0.94472297736117461,0.21410037529288273,0.22290753172085545,-0.15936397332788702,0.9617251979163618,-0.0038745454991498431,19.868110480236894,-3.2658033541342917,,0.1086192997021428,0.6470588235294118,0,2
-0.98342872696070671,0.082594821655819925,-0.16138783852597879,-0.10104936735898699,-0.98881519643804661,0.10969745963118888,-0.15052230514044299,0.12418777205840811,0.9807754243079182,-10.900204059851497,-15.815878211177564,-1.6170616589270723,0.2285301345413686,0.1696610768364283,0.4418604651162791,1,5
0.79639396108143712,0.58676678028024276,-0.14649711366636362,-0.560071177813253,0.80696017643809181,0.1874447903407285,0.22820371280041446,-0.067231088066169994,0.97128937308175312,-19.247706197772576,5.6387517841802586,-5.4682770106080305,,0.1123496274676733,0.2666666666666667,0,5
-0.89458023264254249,-0.38323117345607122,-0.22991319026253559,0.3926845083338919,-0.9196595380860203,0.0050210478963830605,-0.21336608043403682,-0.085791617882464699,0.97319818845974315,-11.814438708012613,-22.697639857759714,-0.90848842790612216,0.2175071802314632,0.1524559472838067,0.4482758620689655,1,5
-0.45206610346342546,-0.86589212529394166,-0.21416597641394183,0.86630020027455201,-0.48340838188081986,0.12585825094780059,-0.21250929651115871,-0.12863577916469862,0.96865506513672062,1.7691694742706234,-3.7332665917108447,-0.54853495996350821,0.3267966477383307,0.2856250657401736,0.7696793002915452,1,6
-0.62372707536346494,0.77635447455240403,-0.09076489024396979,-0.78159005152678696,-0.61812490971401979,0.083896289223006335,0.0090292199493668228,0.12326932235352062,0.99233217591369605,0.66712141004685543,-10.238857607884668,-0.16847137924916775,,0.111508027336961,0.3571428571428572,0,5
0.68565426729262346,0.7145091008284693,-0.13912214265424497,-0.69388562046272562,0.69930417558939084,0.17174520580878233,0.22000220784908994,-0.021222978974096827,0.97526848288304235,2.9700879570120309,17.326708775639641,-2.5024505737555831,0.2716114707732081,0.2436746783127925,0.3928571428571428,1,5
0.079065051256450372,0.9950325571870543,-0.060489071803166219,-0.98186222507813681,0.088220522064833648,0.16782047089440827,0.17232320979609103,0.046123200500419959,0.98396004072379539,-6.5487872434580119,14.014088051287683,-3.9109743896192168,,0.2370025046052532,0.3333333333333333,0,4
-0.19302977133696594,-0.95533974979646652,-0.22375314486376241,0.9668404887511538,-0.22405616848754384,0.12254918471418662,-0.16720937978782494,-0.19267795883677677,0.96691066158640782,7.1382014101070412,-3.5395279432731095,0.39661708813767599,0.1712062006045785,0.1431156247120298,0.5166666666666667,1,5
0.90462141170516952,-0.38524384625782465,-0.18233836789064517,0.41323956943471685,0.8975258164001898,0.15388459035453705,0.10437030103413784,-0.21455672400475218,0.97111907222873206,4.2885500130357439,3.5141211014551552,-0.86705189941946048,,0.06715299387546374,0.2093023255813954,0,5
-0.57971232676472373,-0.76242079324403877,-0.28748591657011929,0.78939849499328052,-0.61295245826854727,0.033753518407559663,-0.20194958355831003,-0.20737361917967365,0.95718992251744373,-10.543597292009951,2.4262373889672437,-3.5181606995667667,0.4113465410145332,0.1765729195101179,0.3333333333333333,1,5
0.97414613875179046,-0.13828617368636975,-0.1786511531509411,0.16941243631953035,0.97029485114037561,0.17270590108840439,0.14946145581807685,-0.19850651379151227,0.96863638028265364,-5.4507506555019649,9.3522756318412146,-3.2415141757381698,,0.07855675718230652,0.3111111111111111,0,5
-0.15470265221947613,0.9757664226721956,-0.15474811075346567,-0.98252910431721785,-0.13555047750981819,0.12752500623982402,0.10345843883350796,0.17177297934299024,0.9796889276713131,-23.37396836734446,7.9265676463651431,-6.5201158244812945,,0.08987952842785385,0.2857142857142857,0,3
-0.87291514678332682,-0.44403768927194803,-0.2021130303129213,0.43599800033004155,-0.89590298017223002,0.085226720145279836,-0.21891754206652361,-0.013725182131600355,0.97564682603440389,-3.6668118326297416,21.261208403783733,-4.0690975722735798,0.172389078255376,0.1666166363843246,0.5576923076923077,1,5
-0.20654798845457517,-0.92881981157077409,-0.30762263586901745,0.96607302555965902,-0.24341909929221123,0.086313680177462077,-0.15505108110354238,-0.27935801354785256,0.94758549087416,-8.2246287216458001,-9.6708183604463152,-1.8781026015888667,,0.1196117683867364,0.2285714285714286,0,3
0.8874356020128189,-0.42099984095393694,-0.18766242617239035,0.45174019361246076,0.87529227394179465,0.17261005953530426,0.091590664126452989,-0.23795497283008069,0.96694807572605146,-16.613570087073551,6.1765000959018836,-5.075209969634777,,0.07220471090276744,0.3142857142857143,0,5
-0.68387260149341333,0.72878169955488892,0.034575993413321314,-0.72905662229569701,-0.68076306085913652,-0.070979549565271111,-0.028190537657520848,-0.073748826184466904,0.99687832969876178,-0.60556418748277907,12.621730207096544,-2.6862779276236397,,0.3681415888629893,0.2448979591836735,0,3
-0.65788817884852102,0.74748285350031496,-0.09193763024139455,-0.75309237623897363,-0.65390668497329762,0.072511517691805277,-0.0059175148595419893,0.11694199874407603,0.99312111645439716,7.7776071869954375,9.1534851675372266,-0.74276798915367093,,0.4565168763698283,0.264957264957265,1,5
0.44177283881194235,-0.87006214412805272,-0.21869756341425678,0.89610838011511007,0.41634572062884273,0.15377259834418791,-0.042737921984005174,-0.26390927658827179,0.96360020950347658,-4.0892433357625784,-8.1395437076973636,-1.271763189363794,,0.08610975711451085,0.4339622641509434,0,5
-0.97322728625307664,0.16303513276358025,-0.1620129463260124,-0.17784421895596372,-0.98068136970205266,0.08145848576576166,-0.1456024830709178,0.10809068694420118,0.98342072396279878,-4.3313148775865162,-19.67671480952194,-0.061948150724939872,0.4155816116728185,0.3500106942352811,0.640625,1,5
0.96901149788728769,0.146607948590295,-0.19880348682148544,-0.10298896190529357,0.97132070420029648,0.21431137001454362,0.22452169313432754,-0.18719561694117218,0.95631993093844336,-37.393248029866925,3.906865666082155,-8.6838867782649611,,0.1852737126922945,0.1818181818181818,0,2
-0.97939354431219927,0.13900809309597878,-0.14650950622197531,-0.13098644200475004,-0.98937443812898762,-0.063093368810719364,-0.15372324928430184,-0.042602479162237868,0.98719511313554775,5.0433769647959652,-7.2446403742403334,0.39036988678251078,,0.1394908777626718,0.375,0,6
0.87343471233803105,-0.43713180539646151,-0.2145404110973346,0.47801931744143178,0.85367805341628278,0.20671553707502538,0.092786504599596614,-0.28310698653727817,0.95458949226249767,-3.4019917443129732,-2.7395728571014395,-1.6174625127086899,,0.0858296865486656,0.5734463276836158,0,5
-0.41883785046394056,-0.86050718110924818,-0.29000387286752116,0.88429203046772309,-0.45910710823914735,0.085136760659301314,-0.20640363337406914,-0.22078961575151912,0.95323107676275409,3.8255207741506072,13.308609649740784,-1.9230877059417344,0.2075426177540516,0.2977180438695338,0.3035714285714285,1,5
0.98411403204198999,-0.042488260657815836,-0.17237841989162075,0.069935914341449038,0.9852100327154667,0.15642940683265474,0.16318253528881072,-0.1659998166958753,0.97253047306172036,-10.992831153367206,8.1565403878298426,-4.080605131933698,,0.07008827110571214,0.1403508771929824,0,5
-0.2164278833201129,0.97306121127904099,0.07944086118454019,-0.96920407561267841,-0.22393435698610467,0.10245420233935787,0.1174837483967459,-0.054820460280679453,0.99156053067740912,18.974776359159261,11.486692424057308,1.0738960602001542,,0.3611218591998251,0.3333333333333333,0,2
-0.21107478820261524,-0.94656251055477558,-0.24385825267450539,0.96287499516562691,-0.24429944557890013,0.11484565544519887,-0.16828302787273705,-0.21056399146597668,0.9629868265079754,-3.9277657440887865,27.831306119664621,-4.8294656202428161,,0.3152664303465542,0.2083333333333333,0,5
-0.98419276280052304,0.09646672165267417,-0.14852197569605682,-0.070958488057077662,-0.98316718166130768,-0.16836622546347052,-0.16226367006735737,-0.15516592576254645,0.97447115753034252,23.04546045365624,-2.8362563329418826,3.3629295492471512,,0.3208198200004508,0.1578947368421053,0,2
0.17153843160232629,-0.92960665572277323,-0.32619937479911959,0.97941717514815929,0.12516317028782087,0.15835459522319914,-0.10637933778800866,-0.34664916910245808,0.93194301867247331,29.003983002780718,-0.94385616200536016,4.2458827648078294,,0.6384123192879313,0.84,1,3
0.63009517004834426,0.77598232630183239,-0.028835844862674629,-0.74626840281038609,0.61539573881999798,0.25371550131796067,0.21462420098531132,-0.13834563205748499,0.96684897395716973,-15.713604750819806,20.153662958165473,-6.1600362587172066,,0.621703815777914,0.5555555555555556,0,1
-0.7171845721861676,-0.66793184961225782,-0.19877961085507129,0.66187378925805196,-0.74212924878412967,0.10567528184156159,-0.2181040497362064,-0.055778332465693969,0.97433023206509151,-1.1637504561863923,13.847289033790318,-2.8988702981214338,,0.07288208677165593,0.1020408163265306,0,5
-0.72444311856062471,-0.65573325852055708,-0.21259365380972561,0.65371855898658859,-0.75137466171912759,0.089934216864136121,-0.21871034179173029,-0.073824192487825221,0.9729932039828777,8.4616438762572272,-10.033410240405598,1.2197456453956144,0.6495094809993449,0.5482024606171469,0.7121212121212122,1,5
0.94893340077114396,-0.23860472256985776,-0.20638116984907615,0.29357764373299039,0.90737113758155397,0.30081520204960188,0.11548838903152718,-0.34604249023973732,0.93108379158246812,-0.098046622429817473,-24.993925554935444,1.4329425566394707,,0.1961284622875986,0.5555555555555556,0,5
0.28115974130987831,0.9514830909688079,-0.12501650877786386,-0.93455082598538641,0.30107514268169927,0.18965366357976568,0.21809161725429715,0.063511306549604407,0.97385951780724922,-2.1719448455918386,-24.719780084095699,1.0260980790527361,,0.1455219852159561,0.3125,0,3
-0.64907634529593128,0.76049504370401155,0.018632940694137734,-0.76055500624013739,-0.64925323112321587,0.0051307269591840425,0.015999389374054207,-0.010841142822523447,0.99981322713892939,8.3082907820607126,3.0173972937365323,-0.033257431624834743,,0.3328668986622991,0.2933333333333333,0,5
-0.96894702340424366,-0.11575342593096034,-0.2185012819671823,0.10977065285748128,-0.99317705260718148,0.039366812745701661,-0.22156730265835436,0.014159327659125675,0.97504227797205989,5.2914458455118831,7.2346956721453299,-1.0267730573641149,0.3607432163555556,0.1751625677667889,0.4487179487179487,1,2
0.62592869959401842,-0.75843186414980168,-0.18164352580479601,0.77986724922109596,0.61005090755638869,0.14016049294272348,0.0045096138262532906,-0.22938831189030301,0.97332454286905501,-8.7897964200005916,13.382046896379739,-4.2926038953016104,0.3081779727369794,0.2789690603262746,0.8592592592592593,1,5
-0.85387018122788372,0.50450316477149892,-0.1279932433584057,-0.51342691706310062,-0.85678809111305221,0.048030904238144739,-0.085431343457435943,0.10672733324877717,0.99061130716980195,0.96254478392274456,4.9091332813550457,-1.6271044532893912,0.5930066619067197,0.3721163972544259,0.3554006968641115,1,4
0.20897275340594443,0.97747475125877747,0.029555016249864789,-0.96117804228725956,0.19973242376448391,0.19037786090298453,0.18018645720133875,-0.068191418439243784,0.98126590233864475,10.852538762909536,2.8311221772002657,0.48975768570689465,,0.367700472720932,0.5698924731182796,0,4
0.87442282548048644,0.46770021912509591,-0.1290008810398591,-0.43474662826244281,0.87337455613515402,0.21957288974315597,0.2153603758660354,-0.13591684857316255,0.96702974038070832,-28.759403928823126,-0.94833979816664737,-6.5016216233481865,,0.441850078583633,0.4166666666666667,0,2
0.67618623001064182,-0.69910410460951256,-0.23243414822724984,0.73651961286818057,0.64902039363373343,0.1905554735713966,0.017636388646798437,-0.30004329615181458,0.9537625376527713,-9.0612332462863137,-22.232060705473636,-0.52279883101750846,,0.1250259443524967,0.8125,0,3
-0.94736885688288563,-0.25421468135224479,-0.19459482211351509,0.24204115888037875,-0.9665902587080466,0.084376235863864474,-0.20954313736378313,0.032835461861953671,0.97724792454527887,7.4869135991119533,12.575061695311012,-1.158783837226663,,0.1416298097106122,0.375,0,6
-0.92892212884236269,0.35002579300426412,-0.1207709517173344,-0.34653654784108684,-0.93673107876925177,-0.049470264585684938,-0.13044577247790295,-0.0041024748057217038,0.99144695780617209,-31.615902923514152,1.9747367485760781,-7.4134704032034016,,0.4849830333764293,0.2916666666666667,0,4
-0.98365398512152413,0.085063529678356245,-0.15871053359245815,-0.093506365747379541,-0.99453237269590244,0.046496443138965955,-0.15388761197465084,0.060576856789678384,0.98622971325255726,7.5165628381100262,14.443623550369317,-1.4034486270242872,0.1461561588262217,0.1525929514300054,0.2916666666666667,1,5
-0.11564084746872795,-0.95250240084916327,-0.28172037692239349,0.9801071804518966,-0.15547718263825663,0.12335623415743857,-0.16129819969035325,-0.26185114484273558,0.95153395563227328,3.0659723348495072,-14.783039262689661,0.70045749589220052,,0.115151202422201,0.25,0,5
-0.97023503393387756,0.19100515695399237,-0.14886574133866068,-0.19757767326226336,-0.97981109234413299,0.030549735639905901,-0.14002514758284906,0.059052970597409618,0.98838540292136245,-7.4511566110614931,2.1140427121952721,-2.9247589441491031,0.3236806096383359,0.2501242263634614,0.4723502304147466,1,5
-0.92473613821209266,0.35506014249896473,-0.1370962067060908,-0.35192678300289587,-0.93483251702424619,-0.047283237191884195,-0.14495038492469411,0.004523308824985168,0.98942858539030287,-16.948413872689994,16.599053083318271,-6.1047215140420423,,0.2830209915795723,0.1428571428571428,0,4
0.78361006145098411,-0.56500212289144391,-0.25831738756991746,0.61893759987021846,0.74586779341455933,0.24616555854503694,0.053586556706684017,-0.35278015232586191,0.93417056529590126,-5.464075328654876,4.8579049948695792,-2.7944803534878417,,0.1006926550916885,0.217741935483871,0,5
0.0055941677317061103,-0.97834625840146328,-0.20689926041251552,0.99093047686412172,-0.022355404644769039,0.1325029279110928,-0.13425906043628172,-0.2057640263870851,0.96934806449269884,2.2211925591123469,1.0050262951011613,-0.96584738860448871,,0.07638010016148247,0.3443708609271523,0,5
-0.9616465937732066,-0.17612310171315865,-0.21027715455399998,0.18340400444708563,-0.98291569043943006,-0.015482785303462835,-0.20395783838127882,-0.053454639938139134,0.97751920780715162,4.3376883951536662,-16.015690253223177,1.0902846731294233,0.6942921305226216,0.6984338407513726,0.9364161849710982,1,6
-0.65849890524406152,-0.68390961765938207,-0.31408092375273311,0.72456274547055577,-0.68894887158026752,-0.018928291641008954,-0.20344045730518584,-0.24003559573795336,0.94920750792973763,-7.2291693927441516,-8.5192307081345184,-1.8118247616597922,,0.2611935145535873,0.3623188405797101,0,4
-0.44432785418946247,0.88873946821516348,-0.11276043467465219,-0.89482598839145522,-0.43422516866552746,0.10360962019354353,0.0431185399873859,0.14693760762317815,0.98820551049634098,1.3578906972480009,6.3790354681189365,-1.6350712321435801,,0.07120058868705878,0.1904761904761905,0,4
-0.94337505705872315,0.285155393668864,-0.16949897693203375,-0.30667189793440097,-0.94448716056761306,0.11788278305266281,-0.12647469603348854,0.1631882501422329,0.97845477477436515,-12.832754585696154,2.6349767060555149,-3.9585106541061257,,0.07977188685139223,0.2989130434782609,0,5
0.24953866636387803,0.96713937010125117,0.048702081983141049,-0.952399079352787,0.23601888481068023,0.19295356866533345,0.17511838178015982,-0.094533194238205762,0.97999848344261253,-14.777011401767492,11.520396175436055,-5.1030765969187817,,0.7572215083141816,0.5662650602409639,0,1
-0.55435967376888928,0.82924531188854667,-0.070975804396404815,-0.8322035849900471,-0.55115705462013531,0.060523501816817024,0.011070014840256125,0.092618107588761989,0.99564016638447872,-10.104598359219036,13.640526793157052,-4.5385444765909728,,0.5439126092863017,0.5462184873949579,0,4
0.66155526151963173,0.7365162471838258,-0.14102642869315238,-0.71573404837767007,0.67626686174665251,0.17432126576021845,0.22376194481770675,-0.014385733821639723,0.97453765587267616,-6.5119584103742456,15.778878681852207,-4.0654572766200712,,0.09911153857838133,0.1724137931034483,0,5
0.98514558104564953,-0.037236801134213564,-0.16763533275393119,0.075082870843652227,0.97135147843195535,0.22547476101313643,0.15443686947133337,-0.23471200648741125,0.95971846254959003,-6.9781268707822619,-11.330422673757248,-1.4759776435387193,,0.1116357825860924,0.225,0,5
0.92335640768211524,-0.30651984873495713,-0.23121100043873005,0.3663882357906314,0.88346603519064171,0.29197161735133959,0.11477196986463317,-0.35430685428880326,0.92805929117560437,9.764144261856682,11.411451792564874,-0.69002866860983636,,0.5110258930221426,0.1891891891891892,0,5
0.92424219029870225,0.34760422173638139,-0.15794834188082393,-0.31592154465763211,0.92855477307216361,0.19488358326457028,0.21440604304215125,-0.13022034570660432,0.96802515993700289,-12.174674662204136,14.983119164159756,-5.0563252533377421,,0.0959679160158371,0.25,0,2
-0.71278040837930223,-0.64964294639046605,-0.26440145921637842,0.66794063486064525,-0.7437344540957167,0.026727702724067843,-0.21400793848031591,-0.15755349566436716,0.96404226996088982,21.670732467278729,-2.421598138928434,3.0318084985392701,,0.6763249870137124,0.5517241379310345,0,4
-0.97710388881302812,0.14217985771983357,-0.15828101125916857,-0.15747110061096789,-0.98353962931540984,0.088615179503719374,-0.14307635352785464,0.11151092154974704,0.9834096152856644,15.58720902184233,10.428409833532028,0.48772066817902271,,0.2862373284365468,0.5555555555555556,1,5
-0.42213175448848506,0.90481771215060947,-0.055764591193788626,-0.90647398642327637,-0.42059351770938963,0.037496730507278274,0.010473480336901835,0.066377711917317325,0.99773959807669987,-11.483378226233494,13.905151588959324,-4.8175107220266877,0.4228612677005292,0.2096266252560433,0.1428571428571428,1,4
-0.69393123681766622,0.71322543812594019,-0.098837811483082072,-0.71966856062763696,-0.69142280746329421,0.063337699387664925,-0.023164658703504076,0.11508247359888327,0.99308580840605787,-7.5835383658408801,8.5201039558620089,-3.5175008683414277,0.4719955662116122,0.5436752349934337,0.6907894736842105,1,5
0.17406530654224214,0.98415434676799507,0.033785955603096322,-0.96418696984992758,0.16336075384656604,0.2089419806412659,0.20011185929366787,-0.068945528066298833,0.97734423717014329,-1.6238149373695629,-12.703383839485648,-0.40315492787441315,,0.5142929411343663,0.3035714285714285,0,4
0.67064583025652791,0.73799472979552472,-0.074819443686542808,-0.7076097003497932,0.66675165389130742,0.23394602797244368,0.22253692352148974,-0.1039519640374236,0.96936644610918643,-6.1942536395874699,-13.717441072634994,-1.0775413003369694,,0.2489634339667224,0.25,0,4
-0.6889524830619268,0.7114684211757194,-0.13840939907584096,-0.72461115685743549,-0.68052522476650079,0.10873863073551056,-0.016826985485679766,0.17520874443427156,0.98438749912482726,16.899621841366216,0.7722353525341884,1.8246989462616017,,0.1095851879541849,0.4230769230769231,0,5
-0.95045017619577998,0.26865171846018443,-0.15643118850727963,-0.28178083155176892,-0.95703295621966655,0.06846520049951528,-0.13131650901316202,0.10915207225625656,0.98531304648967299,-20.698275981831159,8.0468674131367681,-6.059088357265364,0.1776041881536596,0.133882726800769,0.5862068965517241,1,5
0.027060433479287108,0.99373090441872891,-0.1084740639187427,-0.98986163187900922,0.041773661086104572,0.13575312509584436,0.13943343456193635,0.10370077551589327,0.98478650807353385,-7.5465341142137996,18.758642266448785,-4.5652262046980194,,0.08213620998062075,0.3333333333333333,0,4
-0.79832244482923786,0.58028556232413109,-0.16108985144954474,-0.59645334554628093,-0.7988144049255167,0.078351471397432648,-0.083214666186425701,0.15863231903260083,0.98382473372538382,3.995758561891301,11.754118402928947,-1.7003683346154959,,0.1022326681143518,0.1,0,5
-0.64050623255359374,0.76793586733593289,0.0051253994000486219,-0.76674154275572892,-0.63910687561774959,-0.060413642090864257,-0.043118124641112331,-0.042625170933693175,0.99816026875963526,13.044549165653258,17.483629846951473,-0.68970202659448676,,0.333793847001375,0.2727272727272727,0,3
0.19501402906776502,0.9806694762043966,0.016028315811457444,-0.96645843366759188,0.18935224571498663,0.17350453318422918,0.16711560208293783,-0.049326519071248909,0.98470263026802773,-2.978624530784336,-7.9839070074695409,-1.0811996520803564,,0.08041015118034486,0.1235955056179775,0,5
0.96642306214564966,-0.12787450976770096,-0.22287793678311293,0.20456817300853755,0.90777016970220892,0.36620374327793676,0.15549381834972145,-0.39950147527949648,0.90344908196562523,7.1847223553814503,-14.675460143058366,1.5196525001345695,,0.4090390805464285,0.3333333333333333,0,2
0.1403265120953798,0.98994827486806447,-0.017631877066485818,-0.97983260333776401,0.14140716418249277,0.141181030433288,0.14225519125671529,-0.0025351535669486777,0.98982676946873238,-4.0461244243392063,14.853736122301104,-3.5278845917830033,,0.2612874661213133,0.3421052631578947,0,5
-0.59728007108916303,-0.7769033683543064,-0.19919255236945388,0.77507097396099967,-0.62297124647677071,0.10569678985819221,-0.20620742470355485,-0.091257779410372705,0.97424356076610352,-0.7651814370721719,7.9493039770840257,-2.2127671675005427,0.5639846590367211,0.6759957546008069,0.6339165545087483,1,2
0.81012693958034343,-0.5404061354701758,-0.22727857468836915,0.58267119842993431,0.78500388718754843,0.21038814515238938,0.064719520134274275,-0.3028697836474098,0.95083188727921863,-10.47340368178158,6.7165589424650323,-3.8842443886192082,,0.08177542820803622,0.2156862745098039,0,3
-0.71509378401937018,-0.65595161073107833,-0.24159545615794031,0.66521962568445292,-0.74475679088201241,0.053105292009022857,-0.21476435845152636,-0.12273877469826401,0.96892283672358259,-0.080328664201947078,18.261660870455938,-3.1680512296730039,0.5436420147372596,0.3962436324723653,0.8425925925925926,1,5
-0.73759056324353234,0.67524821950114622,5.5449275050595226e-05,-0.67500343660988449,-0.73732096488222543,-0.026984353058613075,-0.018180252444236471,-0.019940832622481398,0.99963585450672388,-27.349843442185602,1.5351296178179865,-6.6177244471933605,,0.1980429014671149,0.4285714285714285,0,4
-0.74502848935230159,0.65040288268231861,-0.14801567569672755,-0.66570492589048824,-0.73900212650797292,0.10350269881425933,-0.042065445422202086,0.17564722376179442,0.98355404075536568,1.1566859278801158,7.1771757503547571,-1.7885756694157497,,0.07181320320873294,0.198019801980198,0,5
0.011383641223626645,0.99923587978218298,0.037390764480245225,-0.98997710761438484,0.0059982725771251157,0.14110048591534355,0.14076838818409229,-0.038622238179783545,0.98928892827426096,-5.5428334132114205,7.1569394069868624,-3.0124503590419813,,0.09504439457586951,0.2328767123287671,0,5
-0.12922190245048432,0.99121997782994209,0.028011702516754916,-0.98525230362814964,-0.13153653387768055,0.1094350878414727,0.11215880760110893,-0.013457184187468187,0.99359916770861012,-21.756974525541789,5.4392406905950228,-5.9762395220650388,,0.4538476122164024,0.103448275862069,0,1
-0.96291098229955374,0.2324244246481029,-0.13704498164436876,-0.24269251285532509,-0.96802450250396832,0.063473669784497894,-0.11791006899699005,0.094379284691832196,0.98852909226293495,-25.193974923482486,-2.1645030701626462,-5.7452214034500066,0.3400860063369361,0.2565245547630873,0.9550561797752809,1,4
0.25854114217811169,-0.93819711373715076,-0.23009270648266753,0.96177558625471637,0.22774955800931837,0.15204558694996398,-0.090245218630331761,-0.26060758738348677,0.96121770994531941,3.0902327669337271,-18.846358750036863,1.1972806117428756,0.6169728237086463,0.2473338991097121,0.5121951219512195,1,5
-0.82571472133060775,-0.52661322443633563,-0.20217247791596943,0.51604796287408938,-0.84994310380231819,0.10626015392603851,-0.22779310567139713,-0.016590121990156494,0.97356821479592925,10.41838324665582,12.638327502993011,-0.67734786586991758,,0.1484839171070299,0.64,1,5
-0.98389636905034983,-0.0047777662529882572,-0.17867598584915778,-0.0089036954770384744,-0.99709156037386981,0.075691112014903653,-0.17851795197231238,0.076063086847907607,0.98099222608682179,-6.9733166973370162,3.8500190789594408,-2.9953791860401315,,0.08208022474081547,0.2210526315789474,0,5
-0.8678249816934156,0.4780846866804474,-0.13533230771135193,-0.48642842615949089,-0.8730118394556815,0.035181165333274166,-0.10132713048745839,0.096360575609866633,0.99017546530668576,0.79359596744364025,-19.572884317932466,0.83577490074611527,0.3365415435300383,0.2595971311908994,0.6388888888888888,1,5
-0.88629375951239187,0.44088233370973234,-0.1417961200881408,-0.45445714009014276,-0.8868952762480431,0.082978773129008518,-0.089174433950984705,0.13798382800736977,0.98641187317365253,-8.7903623667383997,3.646901990126211,-3.3395740316337932,,0.09395734542503924,0.3392070484581498,0,6
-0.98433213844432665,0.053335109776114997,-0.16806429510990539,-0.069118428150639385,-0.9935852174543548,0.089504516903719994,-0.16221246596857014,0.099718512430506889,0.98170430077648307,-20.195260517640115,3.8749338249188807,-5.4729782099384137,0.9404833491923601,0.7929850544308731,0.923728813559322,1,3
-0.71022945212544242,-0.6318747011647492,-0.31033608775254073,0.66915849571022101,-0.74288070470091983,-0.018845853705764175,-0.21863447338520969,-0.2210489099973664,0.95044008040304595,-4.5171122790695257,-5.3999931586719487,-1.6596236896559322,,0.09359263421007218,0.2222222222222222,0,5
-0.97972682318571236,0.10723003841410919,-0.16922491185442762,-0.1234483644253606,-0.9884060911359781,0.08839626873346039,-0.15778419835691257,0.10749473413615868,0.98160533254555082,7.2269827386648959,-4.4143929193809504,0.54119718823780438,,0.08328056108393098,0.3559322033898305,0,5
0.75985466393222389,0.63179263110983497,-0.15316318413953475,-0.61144899964745181,0.77458674706899677,0.16169567741656832,0.2207963100474726,-0.029213738897722785,0.97488232465720626,-21.843801242090844,13.336732744772229,-6.652003010099178,0.1766309332181015,0.1034309447562713,0.3684210526315789,1,3
0.98166245762260818,0.10964014728817957,-0.1559418397896104,-0.062252795345606231,0.95757731774672572,0.28137212016943997,0.18017604936838946,-0.26650463155377613,0.9468431087537087,-4.5095429335015087,-27.587778396277194,0.99122747509952847,,0.2378408192577397,0.3888888888888889,0,3
0.98345900855196655,0.0039074387091511623,-0.18108868109497664,0.072999345928461704,0.90642787446181827,0.41600433157918942,0.16576933972240079,-0.42234256276317417,0.89114941827206218,-6.442548976638987,9.2616945892270692,-3.4104597311389466,,0.1745727365219814,0.3571428571428572,0,2
-0.52704746831190308,0.83837081613245279,-0.13912347322942653,-0.8495332854876656,-0.51538404556100892,0.11257212101449005,0.022675162503198648,0.17752087268423819,0.98385577030725446,-28.630049006644715,-0.10475175347303857,-6.6168579075699299,,0.1037204543392657,0.4615384615384616,0,1
0.525656838667513,-0.82399603850233127,-0.21146020073418312,0.85036984520477932,0.50207246000344075,0.15746228523838182,-0.023579956074517999,-0.26259050523306887,0.96461920581800875,5.1684398339968665,2.3260844051637468,-0.57296772645196925,,0.07090836589632929,0.2,0,5
0.93194191220895983,0.33268669002967077,-0.14423535816646604,-0.29781216411646422,0.92917572081626254,0.218952950995978,0.20686272543059855,-0.16109638767731785,0.96501594116612621,30.372673195337214,-4.5062809717936947,4.8361197741401929,,0.1700930340055429,0.1111111111111111,0,1
-0.98224284662740502,0.036088879817942475,-0.18411024687067112,-0.035185016212072442,-0.99934737923792605,-0.0081749767245332828,-0.18428511845357884,-0.0015518903880651605,0.98287160237376658,4.4895446596333244,-11.737340145184808,0.69281772624763294,0.7447998445999982,0.6522205096538662,0.9452054794520548,1,5
-0.98317845247169378,-0.032048854226918562,-0.17981379685137619,0.027674269222594524,-0.99925807131023536,0.026785103030324747,-0.18053881969914851,0.021358320722647619,0.98333593279079756,-5.5976819143730117,-3.753529084496849,-1.9731723249844513,,0.07259069852399956,0.2702702702702703,0,5
-0.43197372890819102,0.90019666670128062,-0.055178426880951988,-0.90097734763877024,-0.42798407272807404,0.071200088011872983,0.040478594033887823,0.080471080215160071,0.99593468092744208,-14.205866303605243,4.8566055650086932,-4.4778623382141918,,0.2424087901290533,0.2790697674418605,1,5
-0.95104931963366079,-0.23553098059662628,-0.20007585762290611,0.23218189116931198,-0.97183355215454359,0.040387081099316047,-0.20395284022879315,-0.0080438849987143398,0.97894766707763026,-26.418627791720287,9.1408439265497989,-7.2138509015801278,0.3072828440020964,0.2023170334507325,0.5652173913043478,1,6
0.87163607275799992,-0.4411520268687909,-0.21362454413425436,0.48198116993983009,0.85067171781942708,0.20988515985075754,0.089133094249236294,-0.28590648417219017,0.95410312535797437,-13.573118392582813,-5.9028401925723095,-3.2002188657415735,,0.1220516835526339,0.4,0,1
