axis_00,axis_01,axis_02,axis_10,axis_11,axis_12,axis_20,axis_21,axis_22,location_x,location_y,location_z,dbh,dbh_approximation,score,reconstructed,number_clusters
-0.64078179890926312,0.76642629970515141,-0.044602839672794214,-0.76292950121918268,-0.64218743905569464,-0.074389981103215763,-0.085657821336157292,-0.013638923687620692,0.99623125699035642,8.9328330886191978,14.507683596554141,-1.3080324092528435,,0.2596803441289041,0.1818181818181818,0,4
0.76283465029369435,-0.61071604477794572,-0.21238928636369325,0.63540137673706498,0.76888707631613984,0.071258363120835375,0.11978475175054427,-0.18931079347147695,0.97458351962428558,19.019923434031114,-3.644302215726746,1.6465455614357609,0.204088934205707,0.1898543128944274,0.4482758620689655,1,5
0.77850387681055211,0.6091134906202802,-0.15136865374085531,-0.60519219812151681,0.79242527400392893,0.076187849770456992,0.16635539403273961,0.032294591871962229,0.98553688018867991,6.124590580398686,3.6807429110438656,-0.77807999205349443,0.2949145090519085,0.2470113683653963,0.472972972972973,1,5
-0.98091567964262316,0.044519452255709975,-0.18926819014853194,-0.045522194150680199,-0.99896287410005857,0.00095184529038973168,-0.18902951957553363,0.0095495832684265904,0.98192496973467436,10.433403543047115,32.532551452315793,-1.6447446008115407,,0.5685717762565523,0.7027027027027027,0,1
0.8443348701341532,-0.49237268462110478,-0.21134750179395892,0.51483303679964909,0.85479532633460387,0.065359729927292068,0.14847751107555923,-0.16399417524876667,0.97522322531268868,0.24288091760347788,-4.6463128019307653,-1.1802013982541393,,0.08835554321910084,0.3,0,5
-0.8861873565590801,0.43298114620323491,-0.16492209102288927,-0.43504388407349986,-0.90005319999819144,-0.025319085750843361,-0.15940134254476263,0.049310893376088412,0.9859815656437898,-12.984872142225591,1.9037400431682292,-3.9707316005356983,,0.06945753944281148,0.2822580645161291,0,5
0.046113448009605144,-0.95318229502534457,-0.29885960309630977,0.99874567916883294,0.038149929519058629,0.032429172349582661,-0.019509440131729533,-0.29998015822368851,0.95374592340824127,-22.426907074651847,8.0264174355298881,-6.0048698436899581,,0.1363333137704031,0.3414634146341464,0,2
0.94387194266077146,-0.25358130229665443,-0.21166548840874483,0.27327927889724202,0.9594436600119578,0.069183083107508439,0.18553757458580528,-0.12314376309171998,0.97489046668250146,-14.542327672533126,13.721450086806909,-4.9895837194248944,,0.0675770433524691,0.4666666666666667,0,5
-0.96874113036010312,-0.14556241670361744,-0.20087858320894472,0.15876319874461023,-0.98599021851425261,-0.051161858044803027,-0.19061707445297182,-0.081454722623183026,0.97827923370036396,-8.2308400438570857,19.755320639805173,-4.4454862497277094,,0.1098910946851765,0.3939393939393939,0,5
0.4393549331877985,0.88502880546967211,-0.15391964193198637,-0.89140749636562855,0.45073516382005641,0.047228037427672745,0.11117516857062841,0.11645525142745992,0.98695402948073541,3.9657835880421466,-6.4741360207058287,-0.44506641566347771,0.1995850189492168,0.1570541592666712,0.6783216783216783,1,5
-0.46370904368215027,-0.83041847668542923,-0.30883503102277277,0.87784046915151959,-0.47779153701607807,-0.033337034595991188,-0.11987507467036619,-0.28656657295516069,0.9505312018747778,6.3509581968279436,-8.6721267822422856,0.044467411332697167,0.2851663439899734,0.1767127297135913,0.2272727272727273,1,4
0.29003984866624755,0.94178918161920755,-0.17002947853440936,-0.95369249122087074,0.29922544822239672,0.030573899408399014,0.079671314628223106,0.1532881878069173,0.9849645745428014,3.5019707582776443,15.401257095998202,-2.3471424673133487,0.2154506113759168,0.2057540172878494,0.7079646017699115,1,5
-0.96549470146704053,-0.14021741317178202,-0.21945172244136837,0.17542935410644162,-0.97297655569255914,-0.15013714993445343,-0.19246953825700905,-0.18345489668051276,0.96400195940001898,-20.505466859043008,-4.6552319486118696,-4.9727108436889598,,0.2808803399687881,0.1666666666666667,0,1
-0.016758061942970744,-0.97146112780124827,-0.23660609571826935,0.99943427413071506,-0.023176511757201233,0.024371725330378787,-0.029159887735151956,-0.23606381864634743,0.97129994052989532,10.422827153262119,2.6296899314830262,-0.051671405170547031,0.2120982582135663,0.1999390242502303,0.6585365853658537,1,5
-0.50373304776533501,-0.79220743037726582,-0.34447119450557168,0.85577644496594518,-0.5120504115503921,-0.07383124184600022,-0.11789695852945081,-0.33198157070253603,0.93588917286363649,10.391318199259903,-4.9891563085824275,0.39075518899217004,,0.2123641071676955,0.3255813953488372,0,3
0.28905390394917879,0.95418273851027946,-0.07735077336886971,-0.95584795278510493,0.29213613152598145,0.031798927868057256,0.052938943777358201,0.064743974129318468,0.99649670649013178,-10.455502640052201,38.44295953142754,-5.1616962844920398,,0.178883179089096,0.2857142857142857,0,2
0.27216492057980801,-0.93997251338698029,-0.20585900534771157,0.96201904572433683,0.27049298207641748,0.036781820387832086,0.021109516086888647,-0.20805100510300173,0.97789016131987316,-9.1581154764539363,4.3172652872985182,-3.4259788724085127,0.4543915871704355,0.404321409698211,0.8989976869699307,1,5
0.94318575851137143,-0.26656066856177735,-0.19835834975424166,0.28709201608214663,0.95433086122097022,0.082648542776803946,0.16726864393309437,-0.13490002704647222,0.97663871695711724,-0.56396570484319308,20.863729880207746,-3.3646642986928152,0.4853574144748788,0.4778597570426609,0.5681818181818182,1,5
0.59740049487360358,0.79256546814796214,-0.12228093647079398,-0.79040063593584853,0.6076942335321488,0.077295234290218617,0.13557095351504606,0.050474718732998927,0.98948108588888428,-12.288574600009408,9.601263282983771,-4.303415265168403,,0.08993685755190016,0.2962962962962963,0,5
0.13172452604067758,-0.95395388691063809,-0.26948215318911778,0.99060023990626356,0.11656315526601599,0.071583486448218242,-0.036875655072289362,-0.27637838642432755,0.96034117561441334,11.618505528275808,3.2287623012117135,0.086165665297641955,0.1149132595922182,0.1400281588216976,0.3,1,5
-0.67645096872444854,0.72152597270906538,-0.14769684362907892,-0.72790777132036033,-0.68551034491232277,-0.015028089353437021,-0.11209087100732863,0.097343914675884519,0.98891849963098233,-9.2258965095845333,-7.6939000011887257,-2.7283068103219148,,0.5784395779578831,0.8591549295774648,1,5
-0.95078293160266447,0.25267655488339102,-0.17934986920904597,-0.25529413983822552,-0.96682408508190798,-0.0087229966060974728,-0.17560386993828411,0.037493294304316208,0.98374668169448298,-11.86217121118881,3.2839327769016036,-3.8619585925769813,,0.09267732261099153,0.335,0,4
-0.454016218666144,-0.86544244209504617,-0.21184582273119454,0.88401030283298521,-0.4672496185117998,0.014268093275180121,-0.1113330933425809,-0.18079594415013325,0.97719894029088694,-16.099130045909536,10.23327984120445,-5.0069112762291406,,0.07768689673956104,0.3714285714285714,0,3
0.95113115099418055,-0.19223595879459549,-0.24165030468594362,0.23647930198006842,0.95670052493780544,0.16971047498239047,0.19856251746869669,-0.21856221478117285,0.95540749679204628,2.9738419978115043,-11.906591836826774,-0.34062055369445798,,0.1581246755759369,0.2258064516129032,0,3
0.49588319029944755,0.86722260664429751,-0.044997912212816453,-0.86047077829352336,0.49768307788317057,0.10909442557561203,0.11700385156643568,-0.015378703254974344,0.99301238371171163,-13.182350512689684,20.635097971664432,-5.1719527221641686,,0.408013519267032,0.1818181818181818,0,6
0.96615783449033465,-0.13466452309646434,-0.22001023856208948,0.1973295678616219,0.93516369831434853,0.29415964883473472,0.1661327195361928,-0.32761917461319423,0.93008902580628106,1.5960075200475559,-7.1442399328737913,-0.78009817860940911,0.4552572868416215,0.4751705747262218,0.1025641025641026,1,4
-0.97381593733757765,0.1408298394362518,-0.17846421633395743,-0.13191976560100671,-0.98938744829845304,-0.060906917449914513,-0.18514776701626576,-0.035769169319887953,0.98205950476285064,-13.389086919793966,2.6621615973581081,-4.0959094179864168,,0.07190959459135078,0.2295081967213115,0,3
0.54212443942351485,0.82590462041268631,-0.15486332735904379,-0.82647119914831224,0.55736587021623141,0.079300969076376016,0.15181056998143716,0.084999086460254739,0.98474804195937959,12.819665784662524,4.9440317010846559,0.19186535425227086,0.3311121867336501,0.3758096421169628,0.52,1,4
0.96643082136136249,-0.15209554100840403,-0.20707103594699819,0.18071714590797008,0.97529164946511671,0.12707285964551879,0.18262743686992808,-0.16022841473650404,0.97003818193581826,-23.286497696402972,3.6373076957233228,-5.8956885070983596,,0.08895477038941063,0.3529411764705883,0,2
-0.55770752472298724,0.81611326161029896,-0.15139835233963506,-0.82577722196950543,-0.56399383492173438,0.0017128475122289873,-0.083989859767016464,0.12597657875205745,0.98847134761825139,9.6569724649243014,11.091542037725878,-0.84535654707281882,,0.1022598791257649,0.4838709677419355,0,5
-0.26468877180765443,0.96423296171080908,-0.013951689121990593,-0.96431235790223346,-0.26455847476750333,0.010511414068856485,0.0064444143248379342,0.016236039513792988,0.99984741863192139,8.7052234111012474,2.1210176667441765,-0.22528861087295191,,0.2707372753468555,0.2195121951219512,0,3
-0.91950608591419891,0.35618362122174968,-0.16625819059556504,-0.3456489348387366,-0.93408608998085996,-0.089498549424645413,-0.18717738060886785,-0.024827494388881485,0.98201233378750064,12.626831358180306,7.4647418779226911,-0.030055585358978502,,0.1622154571432305,0.3125,0,4
0.70640300671058787,0.68909566054287197,-0.16168476344796423,-0.69052501885083517,0.72110509014308988,0.056414956445786951,0.15546700759741525,0.071795679471047549,0.98522859781778382,1.9444617673295268,-14.049768258292508,-0.358961374005627,,0.07405670005385485,0.4285714285714285,0,5
0.21043686227405359,-0.90964577792022194,-0.3581352896716064,0.9759561923707204,0.17419358130162343,0.13101949017821846,-0.056796457367484975,-0.37709568407133642,0.92443118050251571,-26.979701829818431,6.7475424375890549,-6.6956164803396607,,0.6718220668910986,0.2790697674418605,0,2
-0.91120168468485951,-0.35817383639089312,-0.20352639325773811,0.36897756377693292,-0.92929122065373193,-0.016534347436069439,-0.1832131197723379,-0.090162797987457466,0.97892983538267964,-2.9100339262119239,15.820935692329879,-3.2952484163279196,,0.08537765953781135,0.3,1,5
-0.80228474021862317,0.59586409350901881,-0.035849374876152196,-0.58058354420610592,-0.79285399514759092,-0.18521687443529522,-0.13878740508206189,-0.12778311486725652,0.98204354880290756,-8.2391428764440668,11.057508326406047,-3.744643113260067,,0.169830604787715,0.1612903225806452,0,1
0.87280783858160393,0.47279645301160361,-0.12111973798747623,-0.46159887766666596,0.88026644311860525,0.1098064900458688,0.1585337599610338,-0.039931230120867481,0.98654576366920332,-12.102810729991512,4.823769405269049,-3.9628026985092477,0.5137548729300674,0.148848376359591,0.3277310924369748,1,5
-0.5766508566782782,-0.74243082302465413,-0.34098425552383499,0.80281109038223764,-0.59235162846859646,-0.067925705074634066,-0.15155244191860504,-0.31291535800202902,0.93761177257699357,-13.38633780303487,26.153652160994547,-5.5808424858796206,,0.3533719680062638,0.5483870967741935,0,5
-0.53881712610956134,-0.75450959961825925,-0.37468836210232959,0.83251840175820269,-0.54491592105933695,-0.099898697238859663,-0.12879912788912759,-0.36576208532316196,0.92175315654195145,1.1451480462772514,8.541701912374446,-2.0204575991093856,0.6628707378664955,0.4128467494649274,0.1363636363636364,1,1
0.53314735533722613,0.84123418274038797,-0.089882964381652039,-0.83631254617847528,0.54009562142597989,0.094223377252996995,0.12780932126178171,0.024935306406711513,0.99148525349245942,-22.022898996887335,-2.7430191624892504,-5.3324064053964122,,0.1278191295582575,0.4047619047619048,0,1
-0.7412741011264421,0.65572959613698112,-0.14328783531485367,-0.65871734876690591,-0.75169896832745475,-0.032250820903336995,-0.12885713574608099,0.070479484713438345,0.9891554381399541,-12.437611613056031,12.55511736093592,-4.5415511367378336,,0.06844208323391029,0.3,0,4
0.84751944639544319,-0.47806582563297623,-0.23057288293167122,0.50171730913409229,0.86333553920274742,0.054143221780267453,0.17317774018853344,-0.16156983973304612,0.97154755786416902,24.350761869118244,9.7174582741374351,1.7717811578981923,,0.4188447681704474,0.71875,0,4
0.1423601167715304,0.98981285569635302,0.0020267834191484749,-0.98829794246001124,0.14202831550556569,0.055633933205923573,0.054779321665259062,-0.0099231191106113441,0.9984491762854093,-15.670725171726184,11.619417628137205,-5.0276304776277367,,0.1011895507923766,0.2058823529411765,0,5
0.68779240941629205,-0.64693436785589975,-0.32926816614458848,0.71481231633073572,0.68259998133586819,0.15198887427098756,0.12643161776716041,-0.33990173457509898,0.93192373983154819,-8.5821462673564781,22.410093601484046,-4.6880907711424378,,0.3152369052460068,0.3513513513513514,0,3
-0.6247516162898159,0.77211951326388673,-0.11626209692070903,-0.77475597575138144,-0.63151287504010711,-0.030735430631474929,-0.097152436823718921,0.07087274437832812,0.99274289628458035,3.147572174522355,-7.2860922492850255,-0.52841946794896355,,0.09219550876696286,0.3,0,5
-0.3170783019832239,-0.88995448634390339,-0.32778401829222037,0.94623571584463273,-0.32019213213781372,-0.045988787514315621,-0.064025935927804437,-0.32474299184647576,0.94363269802141181,-10.113232704373418,-9.2349860935875334,-2.782157792953039,,0.2254901649192028,0.1875,0,3
-0.38356950264670026,-0.82039646902788832,-0.42405668282192693,0.91795491165958087,-0.38898867603622694,-0.077759823016996119,-0.1011593633798384,-0.41909121145898143,0.90229116125474118,1.9324248883436506,24.30900946538339,-3.1653066517341859,,0.2519599766113289,0.2105263157894737,0,1
0.98377565471600004,0.037672436629259641,-0.17540310346889312,-0.010481218443797522,0.98810306005717774,0.15343561113892237,0.17909663661844183,-0.14910778056176552,0.97246658787225482,14.037678654038732,-19.786421470498649,1.7023514218266889,,0.2431871920226601,0.6363636363636364,0,5
-0.2554210245224024,-0.90988607071461902,-0.32690585579251724,0.96329016276931989,-0.26840420511617846,-0.005589721621906755,-0.082656896528869331,-0.31633292746008002,0.94504037821711739,-6.3530596473095375,15.56169336715668,-3.8055149060818212,,0.1831277923302457,0.3529411764705883,0,4
-0.9642045933930915,0.18911449476455175,-0.18586341745919616,-0.17251422369161085,-0.9797214384460583,-0.10190557233668589,-0.20136619553376867,-0.06619373776374142,0.97727685144851428,7.1760656746254146,20.345978715563266,-2.1457439942480447,0.408059788781042,0.3130676018209471,0.1818181818181818,1,5
-0.86651612176261494,-0.45542091996377498,-0.20430760236669182,0.46463068773989619,-0.88549858410985938,0.0032529294160474911,-0.18239554472581926,-0.092108866016164262,0.97890133418306713,10.341771860782957,-9.2774574209192373,0.61116860401596174,,0.1216472119201871,0.5,0,5
0.74081960288600246,0.66718373770876693,-0.07779573328136391,-0.65169290272836888,0.74197206186036224,0.15739701379681886,0.16273498859587235,-0.065903866014388038,0.98446635490049106,-2.7114835609084307,36.565396807118155,-3.8333042129698924,,0.3138397335020685,0.3235294117647059,0,1
0.83971795526670923,-0.48989861912867522,-0.23425007700855624,0.51886622344064415,0.85110057175448472,0.080035360507924244,0.16016116188121646,-0.18875158207285764,0.96887627821608502,-0.41030686605146449,-14.392549909191095,-0.76958063798299825,,0.1235806401813713,0.4666666666666667,0,3
0.96855443953797071,0.17083372820907861,-0.18088154952198399,-0.1540204549462815,0.98264871085972239,0.1033402656463891,0.19539702431057576,-0.072231214526079085,0.97806065994837976,-14.142633084218074,15.204459614946204,-5.0224339528045849,,0.09298233053818766,0.15625,0,5
0.1354233899610526,-0.93783194215065679,-0.31958059035771325,0.9906732774714414,0.12326590858549515,0.058068692809337998,-0.015065283118798907,-0.32446381009678132,0.94577813105507513,8.6977731853354907,-9.5296692629997164,0.3621007946433662,0.2960281727255125,0.2436395947319769,0.3461538461538461,1,2
-0.96867483038282798,-0.12786638133317457,-0.21288321095746124,0.15682931167139355,-0.97965895257478564,-0.12519146792314351,-0.19254516349022294,-0.15465615139668298,0.96902416628879307,-23.227669343166305,-3.8476071199198749,-5.4799773963582856,,0.2318353423011955,0.1578947368421053,0,1
-0.16563267236376006,-0.94015821327516491,-0.29777231546416399,0.98431160101237247,-0.17621644894299429,0.008856366883867782,-0.060798766090274528,-0.29163384085728344,0.95459583746668908,-24.02692362141012,14.530437622767518,-6.5867875028198934,,0.1656903766286538,0.375,0,1
0.87230818510688879,-0.39740593928112483,-0.28486303659761164,0.45694109033915431,0.86990501255912711,0.18566127513342445,0.17402088999654658,-0.29211947649650338,0.94041636592321087,-3.6167378107328161,-9.1376070460336027,-1.6460234249935854,0.4176921649706825,0.1991298211607695,0.34,1,6
-0.54459849246473058,0.82702582330464602,-0.1394301602681991,-0.83508309522515012,-0.55012230534410855,-0.0012935347181457005,-0.077773427816487772,0.11573131274705342,0.99023106251799553,-17.875632899026986,6.6060258592448395,-5.0805214445282534,,0.09229041355671526,0.3090909090909091,0,3
0.32439790495682402,-0.90168930984620999,-0.28587127832066184,0.94590569369725841,0.31092726193432024,0.092664213249429306,0.0053308433415874563,-0.30046734647061468,0.95377720449493653,4.451750600044611,-12.688583287404542,0.0029577182850926559,,0.1487556995744814,0.2333333333333333,0,4
-0.86053481524687603,-0.46043695363179832,-0.21789365176226153,0.47505354325046512,-0.87979202813234514,-0.017032858830893043,-0.18385854016934616,-0.11816851934861396,0.97582387665077808,-6.5529957775224927,-8.6549286968765031,-2.2061378503745637,0.1124885292344211,0.1538998499149736,0.2903225806451613,1,5
-0.83952510395151814,-0.49628405304673795,-0.22113285266258931,0.51338324740685348,-0.85782826522959521,-0.023839225137907146,-0.17786298411188647,-0.13353952997028656,0.97495228232879649,-29.166279845465745,4.6261281188195094,-6.9788029413799242,,0.1489723984709072,0.55,0,1
0.562338765481046,0.82688432398653777,-0.0061178086419761656,-0.82179797377064523,0.55967025049335106,0.10685177124957694,0.091778010131595741,-0.055059290388057743,0.99425613973374516,6.5486240435954084,16.351327261043291,-1.8968521673595207,0.4348817280294125,0.5148242817396785,0.3473684210526316,1,4
0.449311841695756,0.8893750557730199,-0.084444532568457548,-0.88464419746198919,0.45611127907703997,0.096784012086393451,0.12459338990813479,0.031217163026834197,0.99171668127734702,5.4376012869855135,14.034339481292863,-1.79235922931852,,0.6025516914421007,0.4166666666666667,0,5
0.85318603148517314,0.50115074189813158,-0.14464276536879506,-0.48935760118510435,0.86503804352332725,0.11062694707752359,0.18056227136625255,-0.023603329262739271,0.98328030032477176,4.0011686472215144,-14.046250443395794,-0.027040598799568921,,0.4843161173491161,0.8571428571428571,0,3
-0.43317487562797968,0.90120810830777542,0.013545207455233348,-0.89944981319565376,-0.43126708192898072,-0.070701750945543276,-0.057875389130339364,-0.042809456487822153,0.99740552924486514,-22.09307633961695,-3.9716636581459617,-5.309776725478411,,0.2755826903181168,0.1891891891891892,0,1
0.90105375193561521,0.39670733462430768,-0.17528669880520881,-0.39209690192774127,0.91785138088320783,0.061715979368845347,0.18537032022796318,0.013119956785984339,0.98258114734230284,8.5581189563435256,6.8076708756352087,-0.64760167047106876,,0.1058476188154378,0.2727272727272727,1,5
-0.34327132300121915,0.93042236438848036,-0.12837064559602088,-0.9385336064166615,-0.34508147218942703,0.0085701329108422535,-0.036324488042152749,0.12342204583186987,0.99168923064191239,5.7646015640419286,8.2633822949177436,-1.1941892596238894,0.1521926796987033,0.09913152382507033,0.2727272727272727,1,5
0.76499067140087285,0.6342453219403793,-0.11190238722381268,-0.61855828454359862,0.77193829457277829,0.14661827305814526,0.1793736917502782,-0.042943462468891948,0.98284329256451697,7.3796480708880567,40.430784930986995,-2.2627308284062284,,0.5290823456548287,0.7560975609756098,0,4
0.9648025568747588,0.18811519543793626,-0.18376261723558879,-0.17689488278581045,0.9813062332110406,0.075804202425406683,0.19458732407873025,-0.040629421685580945,0.98004337832637456,11.429942828782533,7.5675290914490745,-0.22478319836903277,0.4277265498619695,0.2993917132629769,0.7368421052631579,1,5
-0.91325141097714557,0.36183161773891515,-0.18721575989401293,-0.36068549559333002,-0.93176910761511955,-0.041379987466387838,-0.18941444933490992,0.029735677200358579,0.9814468685999207,10.08329364360312,21.69639107674881,-1.647973802772164,,0.2635265120978723,0.5806451612903226,0,2
-0.33573682757200285,0.93415758750374323,-0.12095612560375869,-0.94116722404800146,-0.33793192878454403,0.0025035745916673151,-0.038536203622896115,0.11468048315708725,0.99265469715968757,-0.73225266522332666,-19.987320854823949,-0.52523443852406648,0.2841713777333803,0.2983109785573553,0.4444444444444444,1,5
0.88549110535382092,-0.37122171362599909,-0.27946366789234844,0.43777019578838072,0.86811897369696545,0.23393739159597812,0.15576507316683971,-0.32949034407688482,0.9312214318525025,13.787314032773413,-3.5429454721777289,0.83835256542132219,,0.1005132530786058,0.3636363636363636,0,5
0.057607158455973459,0.99291700849032627,-0.10390971824257084,-0.99737671763903213,0.061808592957188269,0.037674672503474775,0.043830336597154074,0.1014668028828873,0.99387292422447371,11.175877610688424,4.1585681317361001,-0.037582667807658086,,0.07315127381946354,0.3125,0,5
-0.57197238457686073,-0.75726726645348652,-0.31526794705380856,0.81267826936364473,-0.575329746718649,-0.092464658355316018,-0.1113625690506905,-0.30909864072609339,0.944487378695825,-11.078617046955893,26.642192487283143,-5.2279609684879267,,0.4003527841992389,0.7333333333333333,0,5
0.97587786285575395,-0.0567075969218006,-0.21082373025691437,0.087068080763342215,0.98664833154046683,0.13763800049623176,0.20020376145385912,-0.15267389534483999,0.96778568680258892,-17.247680513025813,25.598361095670917,-6.1516411342367654,,0.1152926026352731,0.3333333333333333,0,4
-0.34610871824788197,-0.87777512913621369,-0.33123945692310192,0.93336055006942564,-0.35794461435692149,-0.026715849733331892,-0.09511487121847674,-0.31841243022655086,0.94316842904664411,0.64065378972875542,-16.557970868087612,-0.44205316021604252,,0.08766836844310247,0.2666666666666667,0,5
-0.94273361432437774,-0.24417806320002211,-0.22722325117554212,0.28351405418321118,-0.94548450475611079,-0.16024616172218686,-0.17570746570221948,-0.21549042836743379,0.96056793709686439,-2.4792279339051175,21.85732734329288,-3.7061227049239358,,0.4473393958773952,0.6285714285714286,0,4
-0.81638181636403118,-0.52726692826264954,-0.23560627383547647,0.54986526095974753,-0.83438819421234212,-0.038007053933942415,-0.17654723079061893,-0.16057997297153545,0.97110511664836119,-19.565707604945853,4.6288362756341419,-5.2602142039318878,,0.162348339469004,0.5070422535211268,1,5
-0.58629217565680392,0.80605625140683579,-0.080838136616147804,-0.80376769376052215,-0.5912581874278906,-0.06611543137858733,-0.10108896690788174,0.026212122528418962,0.99453202331652069,-24.414446574582922,6.2216996084768317,-6.2066156893990208,,0.2315596887789428,0.2222222222222222,0,4
0.90365143501297573,0.39576175039644157,-0.16366649297316366,-0.37307236250958098,0.91510492642518126,0.15297053952929571,0.21031190249367643,-0.077172602363201212,0.97458365116288614,-5.9642795297882873,30.405857983336062,-4.4290115097081575,,0.4097562497017733,0.6896551724137931,0,4
0.24766606694726712,-0.94065529227852729,-0.23201107816496902,0.96863998705485599,0.24534047405611051,0.039301746377132692,0.019952312177824508,-0.23446891669968212,0.97191884040820886,3.162221677429601,5.3838253925979691,-1.3905940132955417,0.5637697445838148,0.4921958266315531,0.9578947368421052,1,5
-0.13290532542829317,0.98094906165642803,-0.14168667159677653,-0.99112400359989128,-0.13109781747646504,0.022058371223419228,0.0030633251414402076,0.14336073621560677,0.98966575941112422,-21.137961132752565,-6.6330511971502268,-4.9810684123196465,,0.1321362728318248,0.3958333333333333,0,1
0.46971390824842957,0.86976549199617181,-0.15125089530525765,-0.87508097122823614,0.48134658335262531,0.05038611404941,0.11662820496017179,0.10868972181126568,0.98721041636540519,-20.795808366302548,16.020731338017278,-6.1507101158442996,0.7110173296025138,0.7135549568780042,0.803921568627451,1,1
0.98631952460559524,-0.053446040626598065,-0.15594010428088348,0.077941592093219991,0.98476126801480357,0.15546817436327953,0.14525461646284055,-0.16549551582812452,0.97545493521588,4.7212384999006867,23.541382563994539,-2.6380842201189907,0.1314255064425092,0.1753113685171188,0.85,1,5
-0.9415549352558561,-0.25380303061713344,-0.22149114100771261,0.27701702005627793,-0.9574938636183209,-0.08041810574988581,-0.19166604940489493,-0.13707488020355382,0.97184083198983851,-3.1700571048489681,-13.075799855162957,-1.323848017753064,,0.08853161139115494,0.303030303030303,0,5
0.3334884263243138,-0.91733472846530217,-0.2174453160204286,0.94185880094554297,0.33423850226368423,0.03444739011818608,0.041078809490516996,-0.21629059053971897,0.97546445955494598,-10.246536072224995,20.828567630365203,-4.8277221872534559,0.1025062443128498,0.0956010330818205,0.5757575757575758,1,5
0.61046272971645543,-0.75482134119976407,-0.23995832658301766,0.78501364867549284,0.61688725432883806,0.056601120481991361,0.10530349956351423,-0.22292343599544662,0.96913173235822836,-16.002425785519357,6.2693592739900339,-4.722930519522496,,0.080976472165162,0.2857142857142857,0,3
0.64816458068713112,-0.72010892676334015,-0.24764048525721055,0.75759905939058814,0.64266917554104463,0.11410519716424396,0.076982735422772661,-0.26157114597207598,0.96210924225977756,0.64006551832261871,30.458038059779042,-3.3213935049402581,0.2142106297656849,0.2175955462239082,0.1538461538461539,1,5
0.66705822295087758,0.73713547491034193,-0.10800286488015816,-0.72685131528921787,0.6757365437010957,0.12274888581665717,0.16346404086511143,-0.0033786292489128736,0.98654350750914566,15.132746045755958,8.5778715307372924,0.31955497659681703,0.6708284473208004,0.593240309233543,0.4307692307692308,1,5
-0.73604468735587592,-0.64102658097257215,-0.21753882573417777,0.65726988188178526,-0.75364898256482094,-0.0030843881264086929,-0.1619707399078448,-0.14525196578919194,0.97604679490692481,5.0879476491582123,5.3283590428266914,-1.0676724586516089,,0.07131830089942158,0.1333333333333333,0,1
0.27568592627969868,0.96090704944927419,0.025591255733034432,-0.95900367216938109,0.27312671809219413,0.075589368497351803,0.065644701362302493,-0.045381033294495714,0.99681058130428046,17.711649824439988,-2.7123147714493818,1.4265583070070103,,0.4881833705010736,0.4285714285714285,0,2
-0.19922804816588222,0.97415936737708209,-0.10640353272094372,-0.97916094308407131,-0.20225515907104433,-0.018349336986922305,-0.039395841947164646,0.10053048085347344,0.99415370544832982,14.262861153250256,-1.2675811072243373,0.81116490070721015,0.251025895838415,0.1302159276959917,0.3571428571428572,1,5
0.2629959354760989,0.95800246991056337,0.11429963065693571,-0.96157786937508083,0.25060289841741962,0.11209901173903812,0.078747311389863087,-0.13938957977570948,0.98710151757497533,-8.2118491069172084,13.00185167393667,-3.8635352494314912,,0.1079242381937156,0.3125,0,4
-0.85607802110852949,0.4837782031044458,-0.18190401858106028,-0.49291136369239685,-0.87006022068592581,0.0057965440446226023,-0.15546320888817061,0.094624851814906402,0.98329920578692698,-19.72955663939101,-6.8453038241166366,-4.7001781943087009,,0.3202589449610112,0.9637681159420289,1,2
-0.85379993279845878,-0.46680159633970075,-0.23048198282741164,0.49470520075063468,-0.86537867512717859,-0.079915661702850568,-0.16214943448443639,-0.18225262217547708,0.96978943209675228,-16.801154249115349,10.652458376947092,-5.1799894150862364,,0.07627947800447012,0.4545454545454545,0,3
-0.94771374104370376,-0.24445868308804811,-0.20513073221681005,0.25537416134309787,-0.96643324315178569,-0.028121597561850408,-0.19137059010009019,-0.07903631313503022,0.97833049551302698,0.46310048495821626,-10.188948532220399,-0.85298197430599576,,0.0862187708325052,0.3076923076923077,0,5
0.92791246798948268,0.32467334237071804,-0.18320936794687379,-0.32059918057857767,0.94577095901220487,0.052282487521902461,0.19024882959432626,0.010223201209009035,0.98168267224955552,-13.066342121455021,3.7028863170051958,-4.0841528341497613,,0.08586184565406692,0.4132231404958678,0,5
-0.58266486554913288,0.80385643058329381,-0.11965155019680464,-0.8118636912346574,-0.58244073797123586,0.040498563015998516,-0.037134906886236073,0.12073783897937647,0.99198960323641616,2.7761955715786257,7.4390387925182306,-1.6348794792467272,,0.2198689993943027,0.1296296296296296,0,5
0.076296519358596368,0.99079779382721378,0.11179701642212704,-0.99612241135559831,0.070816129005353501,0.052203615466802938,0.043806195096949566,-0.11534646773882233,0.99235891171052881,2.7891348604714969,22.953901387015929,-2.9607598627939362,,0.5903379802959471,0.425531914893617,0,1
0.8688761956976212,-0.41977807387098354,-0.26237478012796245,0.4716071675717684,0.86303747631918803,0.18097788252585414,0.1504687211514863,-0.28098520097288898,0.94784306759571868,-0.27701626258536094,7.0016363854565293,-2.109678420804876,,0.1010074704570985,0.3014705882352941,0,5
0.7005238041807319,-0.65103833170613934,-0.29225928629462172,0.70423006113881836,0.69691449424489893,0.13553674298798993,0.1154401176566066,-0.30076448985986171,0.94668595683825674,6.5849384102326205,4.6041098865927239,-0.80199075461167291,,0.4938425496469251,0.1224489795918367,0,1
0.87940499811977202,-0.42134801259290761,-0.22161385689069871,0.45192409784549686,0.88521217798463192,0.11029056956167585,0.14970457263723785,-0.19714272046340411,0.96887733418621735,17.454258112079032,15.500180716848918,0.11569528835855908,0.5223695311144525,0.506163826509183,0.6086956521739131,1,5
-0.10592342874243102,-0.93940954931346499,-0.32602135804594196,0.99329187810577035,-0.11525326398780036,0.0093771013256205658,-0.046383964174698027,-0.32284111231197238,0.94531589644341096,8.1887435768378616,-6.716600715539526,0.19987993720435995,,0.09746599436748148,0.3783783783783784,0,4
-0.10544218392559036,-0.9469964484053609,-0.30344632566013274,0.99313443879569763,-0.11582667500234294,0.016375830844800768,-0.050655032592604538,-0.29963629297122041,0.95270780389766307,-17.268201807268067,20.240019506413898,-5.7997920692315095,0.2271009199852206,0.1400539263926215,0.1,1,5
0.83549357854564787,0.52899255825888813,-0.14871904220947935,-0.5226879395639964,0.84857591029171242,0.081952683341892762,0.16955175623782887,0.0092627090696674741,0.98547775427827877,8.1184903604707657,-3.2067898808062583,0.00030923823621183875,,0.09888542200183437,0.2962962962962963,0,5
-0.95684407820367823,0.25376567121237076,-0.14160647626675524,-0.24721982354799646,-0.96695169378193935,-0.062344051337196851,-0.15274740211031329,-0.024645608257302203,0.98795790656392701,20.395329815511648,-3.5185554244357755,1.9003658897189935,0.1640677470494272,0.1929465879896155,0.1578947368421053,1,5
-0.85085849329365459,-0.47154723974837587,-0.23169597552771468,0.49304787901511032,-0.86898456579074612,-0.04206677330351756,-0.18150375585302006,-0.15003008066103335,0.97187826475752159,-13.892658165038645,9.0102805959264725,-4.5504502073867004,0.6881429963973292,0.3730498081626177,0.8555555555555555,1,5
-0.24965629291304517,-0.90289319604387741,-0.34993658274977085,0.96533140209721358,-0.26050130948941663,-0.016563570850701217,-0.076203802621278072,-0.34193997176693275,0.93662694610719266,18.418373092215145,-1.020091611705066,1.4151867805879257,0.2980016922173612,0.2533781508544638,0.24,1,5
-0.93071800466834986,-0.27279096553876686,-0.24361667616686727,0.29819875629700365,-0.95166060882935644,-0.073617846650512117,-0.21175811089326707,-0.14116364518871491,0.96707358962384504,-11.049387719776615,14.838897761151689,-4.4752591548043226,,0.3472549358103477,0.3939393939393939,0,5
-0.97196494155192503,0.18584562772433771,-0.14403317343483049,-0.17543545622075973,-0.98107016352573462,-0.081998383765782737,-0.15654569011817279,-0.054431028791798119,0.98616971663608188,-16.906676704305006,-6.4239473975258212,-4.2119981122904182,,0.2433545089671771,0.7692307692307693,1,3
0.89807189440274937,-0.34756047314805905,-0.26957112232016717,0.39316958787074835,0.90909044979367892,0.13773971565047141,0.19719165209867065,-0.22968733443319006,0.95307879041744137,-1.1029417467598503,22.720641678399769,-3.5793508581140228,0.3482814432236839,0.2043559727400598,0.3548387096774194,1,5
0.87813121876410161,-0.42293693967351814,-0.22362895092423282,0.45387211437217145,0.88426742721067408,0.10986910834966584,0.15128009263352749,-0.19797843881042923,0.96846211662562076,6.9989367495681183,10.107378096798202,-1.1775739184069387,0.6359148362403317,0.5220132910292419,0.6640625,1,4
0.97308434402854238,0.1839238132707704,-0.13884844370204411,-0.1329335892076548,0.94015832840402436,0.31373711669632082,0.18824324759977809,-0.286835054420636,0.9393030029168431,1.8524170422695356,-4.4754986958875769,-0.93276546338885302,0.6715873394516925,0.4685630672685324,0.3707865168539326,1,3
-0.98069478192407233,0.0013783054409165533,-0.19553988079419399,0.039719442167486657,-0.97772503480590245,-0.20609736104011778,-0.1914683018695254,-0.20988534152700739,0.95879509426743104,-13.97987877952464,19.340826677259823,-5.1928148639637381,,0.3094141068521401,0.2352941176470588,0,1
-0.72920955766425088,0.66732259067022826,-0.15143969424256223,-0.67486296874129026,-0.73793990161549128,-0.0021621807069903327,-0.11319626510092251,0.10062435880487429,0.9884641338876734,-16.658455438845706,-3.3042509174839605,-4.3435529668046113,,0.08993435951304891,0.3529411764705883,0,2
-0.39855168403553831,-0.88111384801116444,-0.2545485061739608,0.91080942009407162,-0.41281700787512871,0.0028841423209280941,-0.10762321041642296,-0.23069569751511332,0.96705570663104934,-16.406264724368615,20.314515179961976,-5.6898821173264542,0.2047333090001294,0.1659330534445456,0.4473684210526316,1,5
0.51311196872280185,0.84458324686451747,-0.15295504787093148,-0.84927607067765565,0.52538133516321139,0.052005850021341969,0.12428299693735703,0.10321623795658384,0.9868637924730842,6.3538000425916401,7.4379659337167388,-1.0390782976315724,0.6784081618905744,0.6225036136336646,0.9929577464788732,1,5
0.25190260096100087,-0.9163075471329839,-0.311328698799545,0.96731836721375752,0.24804060677610426,0.052640610188837617,0.028987170955336792,-0.31441427521230181,0.94884319434916631,13.976476790269594,18.864852203672694,-0.84648888881396256,,0.2440564853272547,0.3793103448275862,0,5
-0.17633103278319595,0.98065438464085763,-0.084996145573031132,-0.98428046122245871,-0.17653775892253712,0.0051374439473183299,-0.0099669721237323032,0.084565936163850594,0.99636803537017193,-6.2208728653527299,14.535346710178318,-3.666353697732688,0.4679131682446159,0.4029333823280574,0.6991150442477876,1,5
-0.97396429824684172,0.13038762774981796,-0.18545245285601419,-0.12952869725026109,-0.99143346060467163,-0.016793146878869923,-0.18605338569665292,0.0076654891050702634,0.98250973427625288,-11.36469298360899,19.042500726388973,-4.8249576250623267,0.32082327491235,0.256164396338441,0.7727272727272727,1,5
0.98195825275295079,0.096740904471327077,-0.16247826701574816,-0.075360641032012524,0.98825197226444084,0.13296169786328199,0.17343230273975882,-0.11831837016081684,0.9777126365394242,4.1272547333915233,6.9391634510311881,-1.375486272807859,,0.2708486778112147,0.4848484848484849,0,7
0.006599037657715405,-0.88844476898960612,-0.45893610138776075,0.99959114956180017,-0.0069077003083014375,0.027745583327246047,-0.027820611418703844,-0.45893155931081447,0.88803594378202599,-6.5020986984976288,24.817392572471309,-4.4954312879159302,,0.3850762697030995,0.1851851851851852,0,1
-0.5618903360938412,0.81917805233219454,-0.11500682058722218,-0.82283319486626028,-0.5677738570173424,-0.024049547060861452,-0.084998727228896606,0.081118221534262736,0.9930735373095918,-13.505357165420392,1.2355412098781664,-4.0331970399578285,,0.07359295949851376,0.3161764705882353,0,4
-0.024420820726449296,0.99050326004494815,-0.13530305005940099,-0.99938369947818584,-0.020774587835582878,0.028295542361954664,0.02521596185637473,0.13591066308642524,0.9904001448541222,12.328624470742213,-3.7447082662759583,0.67446197224784044,,0.1028474388067749,0.4523809523809524,0,5
-0.88984939798044349,-0.4070381390398165,-0.20612618048381331,0.43353908391376567,-0.89511178150826942,-0.10401327475041501,-0.1421686028385151,-0.18191990537622713,0.97298162181762193,-14.995022347745856,2.8998983002882013,-4.3760949725880636,,0.1635474581329738,0.1578947368421053,0,4
-0.74298209758678446,-0.63367434799090039,-0.21548648069855048,0.64940151813356484,-0.76044022115989829,-0.0028876094098647812,-0.16203478302932559,-0.14208268979925068,0.97650255419432841,-1.0207082319784615,-9.4056254852071657,-1.1633871381749474,0.4945713020213326,0.461157660001189,0.9491525423728814,1,5
-0.79393754990444398,-0.56917047357075967,-0.21379461842377143,0.58262104431826223,-0.8127439356311994,0.0001175253444097811,-0.17382717155044078,-0.12446793607168968,0.97687862466164554,-20.395227592893146,9.4770673209620124,-5.7155246437840956,,0.1218084830516997,0.3888888888888889,0,3
0.42288583506900518,0.90248351822126682,-0.081798959876962715,-0.89536778971943953,0.43003746208164939,0.11569054559166821,0.1395854277169144,0.024316260924263842,0.98991142423135403,8.240574643063411,30.99066037900333,-1.9977569694149404,0.8697532757295676,0.5784713440353801,0.9863013698630136,1,5
0.97977290564962416,0.11004474262476725,-0.16713828997432426,-0.057093343114857892,0.95422679323954152,0.29358402074321194,0.19179521247117109,-0.27810318531874151,0.94120838010969088,8.2666414557446597,3.5494207334603862,-0.42932115487157463,,0.2496487333952307,0.34375,0,1
-0.37644038106239786,0.92137364448552539,-0.096763871114469158,-0.92531124582422641,-0.37908116841759248,-0.0098268052983300856,-0.045735520734054326,0.085837491800574886,0.99525885434120687,-17.704327843896291,15.407744472773807,-5.6193242583207628,,0.08052512845863424,0.1875,0,5
-0.96866165506853097,0.13862407076615066,-0.20610183163697535,-0.13377354166282426,-0.9903076074503151,-0.037356153134633974,-0.20928267379522722,-0.0086145011611147276,0.97781723896588502,-4.1177207322775251,15.31987802403026,-3.4524875388901486,,0.1121267644034105,0.3,1,6
0.80774585113051067,0.57777334677412362,-0.11715203685329033,-0.56277508385984365,0.81489540476166344,0.13867113717306348,0.17558714351566979,-0.046080788358629998,0.98338482598434207,0.17265788463272758,-9.3192281525701119,-0.96684243773756273,,0.08371644561549645,0.28,0,5
-0.73373733725232504,-0.60034470312098887,-0.31814423986053836,0.64178607165889812,-0.76610760947508694,-0.034493027252006037,-0.22302501686247603,-0.22948936389065983,0.94741462608224114,-18.458914394856993,2.3193815830916003,-4.9625499453547226,,0.4037902007337368,0.1702127659574468,0,2
-0.023333834781262573,-0.94659486844020446,-0.32157998569107765,0.99820152956155417,-0.039827266962768483,0.044805079926842968,-0.05521991067880453,-0.31995615926084198,0.94582176841922849,2.1161387863510139,8.3335267129430566,-1.8418592902325577,,0.1461075355499471,0.3157894736842105,0,3
-0.15924109833598279,0.98456146306388315,-0.072670475781127938,-0.9872359249091226,-0.15860427542514505,0.014488353450052966,0.002738826314104474,0.074050045687834118,0.9972507656372348,-22.802018756069778,4.662752181421892,-5.8620207839936134,,0.1319303581976063,0.5645161290322581,1,3
0.62850110509097923,0.76306520867575323,-0.15072441145363893,-0.76403630172355907,0.641974778012111,0.064163182939179428,0.14572196316274144,0.074832290523069375,0.98649137743168691,-6.6716484844289878,19.811832907070446,-4.2238843032563835,,0.1002534667925639,0.3333333333333333,0,5
