axis_00,axis_01,axis_02,axis_10,axis_11,axis_12,axis_20,axis_21,axis_22,location_x,location_y,location_z,dbh,dbh_approximation,score,reconstructed,number_clusters
0.70075496932893044,0.70727853608467717,-0.093271353344565031,-0.67730456315919685,0.70064841385540999,0.2243887895720913,0.22405580038137829,-0.094068446122038893,0.97002583767631989,7.7240994036983617,-5.9489762978053573,1.2019651746284705,,0.5678742871279723,0.4560260586319218,0,4
0.96699462505084921,0.027549443731155095,-0.25330302657661269,0.016046202239654448,0.9855796731560591,0.16844947983083997,0.25429100360896056,-0.16695429318139854,0.95260818255558155,-0.93391508547595836,-11.49536792743972,-0.53783299262076345,0.298743911383925,0.2286287315039148,0.6234309623430963,1,5
0.097350433846562529,-0.90391423383018432,-0.41648763596183314,0.99383151304708495,0.065954550368918063,0.089156721340432024,-0.053120774697171538,-0.42259798291618028,0.90475915476481783,-0.3190740668162847,-19.521053717890211,0.41520461562108091,,0.2549864862374597,0.2857142857142857,0,2
0.81898635404427145,-0.44507205771235114,-0.36217704970492892,0.54734356058407696,0.79542500165183927,0.26021931794991343,0.17226833306332875,-0.4113513464070182,0.89504954680325788,5.2597341694534085,-7.4125061564939383,0.71430372494012517,0.5395474747183302,0.2395466595962761,0.1762295081967213,1,2
0.28370553858448166,-0.89237121509226836,-0.35097689646362379,0.95888435063283373,0.26125967910035774,0.11083402991783091,-0.0072089866096217382,-0.36799048160397602,0.92980161107675863,22.878350467300468,2.1072316744466524,4.3628574319637252,,0.09714606786274055,0.2790697674418605,0,2
-0.53042108951405931,0.83503362420691496,-0.14619272978703438,-0.8469504332819161,-0.52940563771720761,0.049037070842502486,-0.036447652356418316,0.14982829237865317,0.98804000497986133,-3.8420560612656827,19.767042572533072,-4.5026220659402769,,0.251361326394794,0.5263157894736842,0,5
0.72582705664291247,-0.58829750253008661,-0.35648440689874505,0.68088658797968016,0.68814066264052076,0.25071075511444463,0.097818904893055642,-0.4246981009346858,0.90003499093535011,-7.5759558103039701,18.415270973579513,-5.3414333692248084,,0.4211503983924204,0.2682926829268293,0,3
-0.72230709721135733,-0.63066576611249758,-0.28378363020413588,0.65204778490303372,-0.7577845004963315,0.024420012501441681,-0.23044770235597553,-0.16740173912256726,0.95857733867309336,-5.6612137886869549,-18.050510873611273,-1.15866745707553,,0.1515945116245302,0.5192307692307693,1,5
0.69443646400952885,0.69863246162443937,-0.17225179539998625,-0.68092798648464015,0.71542906919061966,0.1565194051196761,0.23258347894017747,0.0085982859698941518,0.97253842844509963,5.1620721079770489,1.1479372536642876,-0.14940202870825187,0.3835501791214252,0.2241930299034612,0.4414414414414414,1,5
0.74940290967652401,-0.58854822562668974,-0.3033253452648414,0.64454934132940989,0.75328762295714924,0.13082011959707229,0.15149727905208071,-0.29354512976924618,0.94386430763567553,-13.391722309814369,-13.840127556875023,-3.6609841680422339,0.2720364360530153,0.3735986475627033,0.5263157894736842,1,3
0.62592888425001214,-0.65945858370125598,-0.41632608403061877,0.77360729571625819,0.59259339060881322,0.22442108951996853,0.098715671887062872,-0.4625445381684723,0.88108329137170793,-2.4682864211158484,5.5641253139032703,-2.6342608693859906,,0.19941885544154,0.5428571428571428,0,2
-0.54947092442825118,-0.79303572331942518,-0.26301339271451507,0.80753996918782278,-0.58484803077203829,0.076367395308466188,-0.21438493737222677,-0.17043216375234368,0.96176503169256544,-13.422344831250653,-0.20469982849505022,-5.0805233417044793,0.3698498762912264,0.3608039573764632,0.9104477611940298,1,1
-0.95465236687696731,0.108550274167972,-0.27722859952440643,-0.1075829679333328,-0.99401937492830172,-0.018745326825779875,-0.27760540957780544,0.01192980491072392,0.96062110966183356,19.281306218834764,-15.18342798376038,5.2599407450347071,,0.1466058746150394,0.1666666666666667,0,3
-0.88603303827383872,0.40126153769498452,-0.23223831177023144,-0.42136349234864556,-0.90590184235633431,0.042363419729202399,-0.19338630355581965,0.13539213559899341,0.97173592462919711,15.63752455963944,-11.965303455689044,3.9079207285563564,,0.1100693001401178,0.3513513513513514,0,2
0.65179831518919396,-0.69410828799298852,-0.30556937159337666,0.75069112527899973,0.64776590726798722,0.12985439464504503,0.10780440966805423,-0.31402709106178178,0.94327365877321001,-11.710888747890797,7.750722650144934,-5.3643558485439256,,0.07626967625165787,0.3125,0,1
0.6467320996910394,0.74364594352793056,-0.16949425330574966,-0.72489548749565325,0.66840301211738273,0.16662516496870852,0.23720059746480213,0.015103776576204495,0.97134327222433448,-11.783378401211969,-14.128937891772869,-3.2018189126463663,0.1998415193424554,0.2487019816799856,0.75,1,2
0.68405440544280138,-0.64280850337248863,-0.34477064606244667,0.72097440302166727,0.66759539293241976,0.18577486784535277,0.11074963016573033,-0.37565092749443485,0.92012004656497126,8.5232559360583071,2.6346741155967548,0.55950210477199291,,0.3360764920438916,0.8771929824561403,0,4
0.91938725138186972,0.34095243307460377,-0.19615942591932806,-0.28192017451374179,0.91892130534899852,0.27587071206968583,0.27431386621648185,-0.19833071611881506,0.94096590259433199,-13.768701961541463,7.7837921957761163,-5.9583157878918218,,0.1958901987761113,0.2380952380952381,0,3
0.74638588984745458,0.6535226474016923,-0.12576268432928595,-0.62324507795037021,0.75265960612682548,0.21229481886200099,0.23339596450509018,-0.080072883288265131,0.96907928319340508,-6.4843895077401923,-12.165559824157382,-1.9402339635795955,,0.3113389723373844,0.1395348837209302,0,5
0.09906663867252978,0.99363290260651216,-0.05366056242609181,-0.99216337315018488,0.10275879772483835,0.071080732054426249,0.076142248990779107,0.046198315422792555,0.99602614100771625,-26.650091651664688,5.1823948887329214,-9.5168903423992948,0.4236091472076715,0.3583622785694012,0.1976744186046512,1,4
0.9650241686990858,-0.049918566211915615,-0.25736450915770537,0.086024596863114283,0.98764338620816838,0.13099736796517206,0.2476451545279631,-0.14855530426952321,0.957393962281052,-20.295401507358378,24.962762162454208,-9.4763146289461986,,0.08928784113039069,0.1818181818181818,0,2
-0.45236067635471167,0.89179734212017414,0.0082048202479970671,-0.89080589633151064,-0.45137767015632557,-0.052182889391660207,-0.042833089416041241,-0.030914389394610334,0.99860383885674953,4.4966714825446834,2.0625762635429163,-0.38889293746552822,0.7062900394738998,0.3953382560688135,0.5323383084577115,1,4
0.19682928249566678,-0.87698077707798272,-0.43836394718080929,0.97950122612334389,0.15635336871720806,0.12700776398963742,-0.042843687692677407,-0.4543768708093307,0.88977866781487525,11.269128727147402,-8.2161836122063328,2.3250136092556257,,0.1594182408164317,0.3939393939393939,0,6
0.63345787938348019,-0.68611360229044971,-0.35774186196055902,0.76648179162964281,0.61973292363457244,0.16863204459283121,0.10600367044210167,-0.38102392066032897,0.91846828673473235,1.3008505402561641,15.128356652788769,-2.5842030265261187,,0.08572824881401815,0.2,0,3
-0.57021181683117461,-0.7165353272913918,-0.40179050348348055,0.79358204898229301,-0.6068729503437863,-0.043963094455387812,-0.21233467799480157,-0.34392200697897496,0.91467570080132665,7.1475557728943269,3.1750281522917261,0.17558788019132998,,0.3622802278415368,0.3444444444444444,0,2
0.85751122419801007,0.45498593505932183,-0.24012975507551032,-0.44247919934844449,0.89037973993582475,0.10693959442494821,0.26246268023928604,0.014550519234973866,0.96483243305332711,7.1277472698964663,-14.780180518072415,1.972467689362507,0.4342548950839643,0.3967121134158116,0.7826086956521739,1,5
-0.15445266333954968,-0.93801878267887406,-0.3102662374944522,0.98003213019452051,-0.18525925044701647,0.072222115104727341,-0.12522539109026803,-0.29291598362918636,0.94790233039107807,-3.5260849680193607,8.1177277308511169,-3.1200434214151103,,0.07590869267399104,0.2666666666666667,0,5
0.28850189494468631,-0.91683362573470295,-0.2760122449013514,0.95746637715565341,0.27475192366935935,0.088144864038774404,-0.0049792800436172799,-0.28970240448112422,0.95710382070499656,-16.820092259912595,7.0070171790671498,-6.7820148770940687,,0.07677431564443517,0.391304347826087,0,5
-0.42889865232563945,0.87621278586923357,-0.21976601173186031,-0.90271562220827206,-0.42485410971102489,0.067849030079919478,-0.033918305594230494,0.22748656958363586,0.9731903252728562,-16.863148853971364,4.5751533632559749,-6.5921817856490676,0.2497218330901355,0.2235161670917046,0.8164556962025317,1,6
0.76136498338640246,0.61358113053059415,-0.20938375851489069,-0.59720640291847349,0.78944743894066383,0.14183530400857675,0.25232493809808387,0.017056887372132821,0.96749221609632274,22.473522858086749,-15.554637174058911,6.1079235237393581,,0.0925103991150973,0.1875,0,2
-0.93290688429015745,0.2907210925551395,-0.21252292014645865,-0.29224057547268156,-0.95601940590494694,-0.024946774952866593,-0.21042858952962648,0.038834802390369273,0.97683758467407178,-8.3162233297369816,-20.864443162577686,-1.5806320829688343,0.383510963761921,0.2743956704813501,0.288135593220339,1,5
0.80374103729962787,-0.50362721153335777,-0.31679642795279989,0.57135118835145693,0.8018781820623988,0.17478329640352178,0.16600651954033877,-0.32148252353034373,0.93225040763448663,5.9620043615694884,-10.285359012822536,1.1127200772076831,0.7237358027416609,0.6757660002434568,0.9089068825910931,1,5
0.93003848240239706,-0.24843769580047251,-0.27075289944153585,0.3046161006471107,0.93334447731883896,0.18993977436275034,0.20551752352827724,-0.25912699196296596,0.94372440339276464,16.203658205244803,17.332312123617861,1.1537723495184242,,0.3391345984501377,0.8205128205128205,0,5
-0.88535299369898424,-0.37195909365213764,-0.27892025598318848,0.38726517567257202,-0.92196834221851864,0.00024425013611599933,-0.25724649707923936,-0.10779985434274658,0.96031423562506046,-14.03622305984493,6.051390007939256,-5.9094171974428829,,0.09857490829278595,0.2894736842105263,0,5
0.70248801420982743,0.67980991585423911,-0.21063966435072592,-0.66895426785019596,0.73173898388716874,0.13060722409110084,0.24292133997766149,0.049158292952735529,0.96879961024838968,22.082626211980276,6.2688787297572368,3.7771218835405014,,0.09396144225572794,0.3076923076923077,0,1
0.92942521280621615,-0.25107423448513089,-0.27042651973840293,0.29613947432420534,0.94472834561676133,0.14067609866356054,0.22015945482105181,-0.21083188033578307,0.95240733548570233,14.829252762908895,4.4502411813283613,2.0275516232550177,,0.1139163656776764,0.2631578947368421,1,5
0.71280601240575292,-0.60609031819334092,-0.35293358422018239,0.68936244756416809,0.69812505138184922,0.19339293813743566,0.12917818920603161,-0.38115080850679739,0.91544363923076433,-20.127371115512194,20.569707393218337,-9.0552884781853233,,0.316304891834043,0.4482758620689655,0,1
0.27810281687702865,-0.83725115646782788,-0.47081771869625677,0.95986599618530732,0.2607435618895369,0.10329600331254586,0.03627799074163443,-0.48064882807143411,0.87616243440432195,6.5013970705771245,-17.128549573478011,1.9894939608826594,,0.2764345574150464,0.1818181818181818,0,4
-0.27712457121115086,0.93478721878456805,-0.22220447256535808,-0.96074318264910152,-0.26640710827510145,0.077458309133200648,0.013210186384448753,0.23494703287658603,0.97191840332312762,14.129267157498422,-0.73280719473089428,2.3381966066614877,0.4717789124611259,0.5286972131355686,0.7938931297709924,1,5
0.10092382005049225,0.98349645898981997,-0.15016356981938495,-0.98569431995297341,0.11932355470285348,0.11903191549126937,0.13498551833015812,0.13600222221552336,0.98146946228274379,10.549650542947028,-0.49430500753334672,1.3810698353037878,0.2305709627266474,0.125717787789525,0.2741935483870968,1,5
-0.88621490863989283,-0.33283218697767247,-0.32225125448327802,0.38075709984913958,-0.91953254466516721,-0.097385472305034096,-0.26390749632941302,-0.20900391052145864,0.94163166831191447,10.573653376134336,-12.477350560803561,2.6664518705159592,,0.2800649403650188,0.2222222222222222,0,5
0.95803039876601281,0.12013973443271495,-0.26027715852658267,-0.073520846874800427,0.98054815136029261,0.18198903246823842,0.27707840066495132,-0.15521522822954623,0.94822771147578444,-2.5687299080555799,-3.757759599354173,-1.7588308037372749,0.4892103244866399,0.2175126279741253,0.5954323001631321,1,5
-0.96549054663560285,0.12462235854244622,-0.22868596832469446,-0.078599227063460425,-0.97656809169440251,-0.20034201703432061,-0.24829451436210137,-0.17545378318996549,0.95266248173317791,-10.912428674124717,0.15844700095322997,-4.4047573195149559,,0.6263651462977718,0.3363636363636364,0,1
-0.86046188235206733,-0.40759884917074057,-0.30572622912309311,0.43298493179422703,-0.90123925502302871,-0.017083736262475641,-0.26856916773577466,-0.14707475432658476,0.95196618573428815,17.024666742789556,3.7399480014467565,2.6282816458665752,0.2605137291968486,0.1868014752146944,0.4736842105263158,1,7
-0.92573856006046873,-0.26103962532983671,-0.27361731017029578,0.28548471252082253,-0.95691893250459636,-0.052958809759723613,-0.2480052365053462,-0.12713957142417057,0.96037957706523791,0.0004509775763782712,17.182290729786725,-3.1738691630218976,0.2919299134969669,0.2201288102558228,0.5882352941176471,1,5
0.60925947877456776,-0.71063239243684861,-0.35185862266373963,0.78744926442723817,0.59446748473130617,0.16288666474035585,0.093415970135437107,-0.37631105805797976,0.92177190459838831,3.6051113932682339,33.088395550154644,-4.0945965555929309,,0.07912114101914523,0.1666666666666667,0,1
0.94588113400265117,0.25089414059144627,-0.20581790630248431,-0.18614793786022157,0.93900399147418734,0.28917200629717088,0.26581539753792616,-0.23520976640527413,0.93488958718093051,-11.450704196702102,12.967258832150645,-5.8274964849868569,,0.7845301722597096,0.7142857142857143,0,1
-0.47102993307028951,-0.83136194806428132,-0.29490356637816623,0.85914521734900273,-0.50816530308805419,0.060311858235015843,-0.20000074414394853,-0.2249562980851815,0.95362171026758702,11.748449464772897,9.5896488353496618,0.73427275624847721,,0.07460968629890073,0.2424242424242424,0,3
-0.82681757302422088,-0.46745842009948124,-0.31281836010124647,0.50540424518878546,-0.8615222727635522,-0.048434723881493322,-0.24685876505299589,-0.19814640801795894,0.94857722464019212,9.3887596852810749,25.391956128908909,-1.5789657807390738,,0.2670754170609439,0.3157894736842105,0,2
0.69618499614950813,0.68979112471675741,-0.19878293538002689,-0.67589516983772502,0.72314519511500019,0.14222076561501459,0.24185154646258133,0.035344462707455768,0.96966932426966002,21.214129874202239,4.4739504382505704,3.6345480807622463,,0.4044077307461093,0.6666666666666666,0,1
0.24098902299273042,-0.87496237050517489,-0.41995849913649186,0.96929056050054918,0.19513982084573769,0.14965379929966632,-0.048990816706201805,-0.4431267318953564,0.8951193212964409,-20.722024879597729,8.2837256695107815,-8.0320566774556461,0.6228799161664494,0.388915970721484,0.7210526315789474,1,5
0.82573360914878557,-0.47644195795522865,-0.3019388471560237,0.5356997955449031,0.83000002455473021,0.15532446134558309,0.17660616007169597,-0.29000520674452512,0.94058877533478746,-8.7257139569720685,6.2987378172163986,-4.3968289911689888,,0.1563693498930324,0.4695340501792115,0,5
0.85432587249069747,0.48683628029966913,-0.18198280077246581,-0.44766328850413867,0.86716191320106617,0.21823793533464206,0.26405469834613676,-0.10497929547034086,0.95877758828827564,-7.2219502721704645,4.9136786012179785,-3.8532943417164236,,0.07212021221779788,0.3214285714285715,0,1
-0.64426547532083223,-0.70544007837393985,-0.29542561353645674,0.73544967059034905,-0.67743941601893165,0.013770245185759108,-0.20984703795424212,-0.20839897659945147,0.95526650062384821,3.2062719589714419,36.654227914290466,-4.5674225839388978,,0.09441606262063448,0.3529411764705883,0,2
-0.82959379619945661,-0.49065984337122243,-0.26650900812224543,0.4935045122626221,-0.86759401273959103,0.061105854341847558,-0.26120380870846277,-0.080830360393499515,0.9618934572783262,-5.1167740062142526,-9.3307985312701121,-1.8501450077654393,,0.0701525105731057,0.1081081081081081,0,5
0.52057134440763309,-0.71547499081984578,-0.46594099722279264,0.8515653162864365,0.47468944003441266,0.22250044408449188,0.061983767871999988,-0.51260654797920469,0.85638340682735847,7.4523096634236561,-10.888537329469155,1.5927067669494419,,0.3097989690683363,0.282051282051282,0,2
0.69174047263750371,-0.6510293568295471,-0.31249943209764475,0.71100502441534297,0.68971684897056151,0.13697636110752287,0.12636049133879501,-0.31694075912104985,0.93999020284064261,-8.7005923193986661,-9.4212441600030701,-2.7942989814738359,0.2189918450157929,0.1759635055298693,0.4444444444444444,1,5
-0.011391806010974103,0.97519348713287146,-0.22106082739698724,-0.99753930846107008,0.004211148460854919,0.069982814345044025,0.06917770472356391,0.22131409553454326,0.97274586418391362,-0.92926178721922481,1.886748667355391,-1.8509620813881928,,0.1311866199101511,0.3108910891089109,0,8
-0.65339700507677845,0.72223136502891028,-0.22683520257044218,-0.74910772967437278,-0.66005966886966572,0.056203584171957824,-0.10913277738059926,0.20664725718030824,0.97231010896784009,10.324677543181393,2.1131613950962764,1.0699222717842882,,0.07872058643433158,0.26,1,5
0.96452753007866876,-0.022588808822954106,-0.26301404798280847,0.056085124212426229,0.99112117738692662,0.12055401518501717,0.25795562130416894,-0.13102884205819978,0.95723055738232055,-14.091635694618153,1.6524151056155627,-5.4318271069410784,,0.11720462597787,0.3444444444444444,1,5
0.90033338573646671,-0.29173483154627977,-0.32294052485090191,0.38939150720669119,0.87139634618164452,0.29840017087224074,0.19435546980626417,-0.39440993385555712,0.8981462884366016,8.9045256710081411,22.180479046313252,-1.3860783433419814,,0.4421570102771833,0.3928571428571428,0,5
0.90125979960065494,-0.32925090607560875,-0.28164625769248097,0.3814531738647145,0.91123493798459676,0.15538456791053992,0.20548540038728935,-0.24747672344000352,0.94685322071748645,-7.5165501908895536,2.383036995670309,-3.6511368522379684,0.4387421256267919,0.3465478806469525,0.9253507014028056,1,5
0.94557599910860202,-0.16765089992105378,-0.27888923547786848,0.22879703886499292,0.95197233324717234,0.20347135360670698,0.2313826806750672,-0.25620665972529971,0.93852021959893051,-6.2916267158802874,-13.875151858375606,-1.6831555984044742,,0.08491531923927581,0.3103448275862069,0,4
0.7462970221133467,0.65135710739035313,-0.1370207044093105,-0.61686874557530458,0.75415736848234549,0.22521015584589921,0.25002740953163849,-0.083549878610661182,0.96462724006065814,-26.871701544669637,26.503860091291166,-11.400230941106525,,0.1560033556303134,0.3125,0,1
-0.28409549212089963,0.95193820750670377,-0.11447008537390528,-0.95875969965729779,-0.28101407223438818,0.042555017557221013,0.0083420422938980231,0.12183899332796286,0.99251482106575972,2.8448871519962053,3.2342068290382522,-0.93405421914985431,0.7722636802251671,0.5203879696751229,0.5741839762611276,1,4
-0.87737590298691981,-0.39378193794020272,-0.27413009723477272,0.39899800208602249,-0.91612350305014711,0.038965645002873722,-0.26648099217251903,-0.075189843138457294,0.96090289223186587,-2.3725150314345052,18.175744279480448,-3.8980966646858324,,0.1117640944851886,0.2368421052631579,0,4
0.29607245648206254,-0.90995783795112495,-0.29037533239583302,0.95515890272486415,0.28092904253616113,0.093543271298092048,-0.0035455687992064396,-0.30505016999016593,0.9523296817441218,2.8333273159180887,1.8814638108893165,-0.78480275412472555,,0.08765323775263599,0.5040983606557377,0,5
0.90779810838432562,-0.32206670872344034,-0.26865522430410732,0.36271489668254214,0.92448175969167801,0.11735152202656254,0.21057183605224244,-0.20397674163842455,0.95606118566342735,10.779499746213046,1.0198654552739703,1.3235122338794334,0.2646020483428503,0.2378111805881825,0.766798418972332,1,5
0.84117215038069282,-0.44442998260388095,-0.3080769449125228,0.51067926364428451,0.84023576523900889,0.18223761548304637,0.17786540728216679,-0.31062171426983215,0.93374410173045708,3.6199631605928291,5.9925235337363905,-0.99822319253748248,,0.06941930426730269,0.1916666666666667,0,5
0.78825966031882289,-0.54914396185151149,-0.27764656863732323,0.59637063464974693,0.79294679429252557,0.1248096452549461,0.15162049347470233,-0.26396266891974157,0.95254130376338808,-13.688986267499885,9.5021028503991172,-6.0921994028958366,0.1851463508152313,0.1594422975819253,0.4306569343065693,1,5
0.42069282135857,0.8858176810140892,-0.195817736837573,-0.890800666413751,0.44420840135360812,0.095671672315738046,0.17173154274676666,0.13418618471994215,0.9759622662050631,11.129993571661608,-10.127504068720283,2.5183775502925481,,0.1000248101369009,0.32,1,4
0.24317130486806063,-0.92092385330665372,-0.30457671102628436,0.9698211950422394,0.22509218397184882,0.0937035664295916,-0.017736012393046417,-0.31817096838902098,0.94786743204879953,-0.48749749337769654,10.098998736942328,-2.5204732572387161,,0.07971752389738106,0.4468085106382979,0,3
0.95152168412833349,0.202080482959061,-0.23188351179119046,-0.15060039607761502,0.96343222145402863,0.22162552958859053,0.26819024093886784,-0.17595974844034765,0.94716005067462816,2.0813004479252868,28.9205001963666,-3.865070332552516,,0.1189772128268641,0.2682926829268293,0,3
-0.70237546535193562,0.70939946074760873,-0.058490262118202352,-0.69623003580882947,-0.70177825561729001,-0.15090068648084845,-0.14809605973586779,-0.065266262599888533,0.98681704082213484,-24.551359388710587,3.7800342658355679,-8.787766466531501,,0.3757492107752216,0.2321428571428572,0,2
-0.79770918746073582,0.56893792010495592,-0.19992422391341266,-0.57622005797136056,-0.81689533661478697,-0.025543175380060033,-0.17784964726480479,0.094824322215671164,0.97947835651642878,-2.7085056966126713,12.716908254107723,-3.3169652907533695,0.152708993466811,0.1280951782778987,0.1818181818181818,1,5
0.96597355451847355,-0.014628172009665846,-0.25822685482846719,0.058503139705369876,0.98488073862214243,0.16305616619961941,0.25193744186912875,-0.17261502621370933,0.95222454185432592,-10.245040181269339,10.746747585751226,-5.1928811827896926,0.02157662875550487,0.1345529304619815,0.2564102564102564,1,5
0.94974016134361072,0.19093321350321127,-0.24806880882599852,-0.16641233052657994,0.97914832815001884,0.11651389500714371,0.26514253181963282,-0.069376216835170118,0.96171013219052393,26.684292087719616,3.1783541620903759,5.293001066616374,,0.09419785426345981,0.4545454545454545,0,1
0.96250929929880402,0.10616096523210178,-0.24961109395280359,-0.074627492296502937,0.98835784612680466,0.13258772715873929,0.26078072428165067,-0.10898907037209456,0.95922614454703325,15.062200852264558,14.008143657185222,1.2118419480433333,,0.08172611734517629,0.46875,0,2
-0.46024969480442424,0.8852648354671232,-0.066905825738882402,-0.88676406484721426,-0.46203188271069384,-0.01326772981549929,-0.042658079282589703,0.05322321339583963,0.99767107697263702,14.357830586105534,-5.8016436091479955,2.9028999118441221,0.522479335412972,0.6187354433930443,0.5918367346938775,1,4
-0.32427440785612793,0.92571398729505028,-0.1946785096918954,-0.94594424390510889,-0.31862473526120294,0.060562079740713586,-0.0059662242959689889,0.20379374820152898,0.97899566513934189,-2.5670257674655392,13.765007174176976,-3.4368937256968284,,0.08747640931348555,0.6,0,5
0.42241453656867234,-0.8380709785459205,-0.34525786626021593,0.90617996475599205,0.39891862320172161,0.14036311316607397,0.020095541055246111,-0.3721571804787947,0.92795215515012996,33.031780007673945,-8.1702476383842093,7.9340918284783282,0.3673399812145311,0.2579511011658474,0.2916666666666667,1,5
0.97172482325259268,0.025521636868501445,-0.23473285651197259,0.011380555296844687,0.9879232691525659,0.15452539347318556,0.23584179196201313,-0.15282755091428937,0.95969911370475247,-4.6100188159243993,-2.1302783078704643,-2.4395375714525755,,0.1024986807517644,0.2277227722772277,0,6
-0.95678789118095586,-0.1290570371890912,-0.26057861086719025,0.12520953909478288,-0.99163376932017411,0.031385328794479944,-0.26244904764386762,-0.0025978252133482694,0.96494235511505533,9.3725847865720446,-0.59479657741924519,1.0992657348068933,,0.07985736392976497,0.2758620689655172,0,5
-0.65767674038680601,-0.68932422869067622,-0.30379830956440657,0.71402395636241622,-0.69896541403579071,0.040213675812325073,-0.24006477229020654,-0.19047167170417001,0.95188730813236033,12.359652518739921,0.77251204038848476,1.725077279583459,,0.07455893085258031,0.2380952380952381,0,5
0.89027118694528895,-0.33295002974661547,-0.31074344946716675,0.40765295360555948,0.88679516601833053,0.21774618927362355,0.20306718866347981,-0.32052864336631298,0.92521624805775082,9.6466367126731303,-5.822003888378454,1.7260615189850599,,0.5008810278586248,0.2192982456140351,0,2
-0.70366187135018587,0.69260711939868269,-0.15860437877377118,-0.70091815720351403,-0.7132249586647661,-0.0048882757770857431,-0.1165062560997676,0.10772899561353994,0.9873301149026672,-12.678894946117968,11.248560572581049,-6.0208769659077523,,0.1202599684638495,0.2058823529411765,0,5
-0.80960017635474613,-0.45138067016765537,-0.37523731830051626,0.52674066558461863,-0.84077013585418414,-0.12509936001119393,-0.25902089812568729,-0.29893321872072987,0.91844820489749301,-30.341688118966893,9.7836791779841725,-10.840041546821675,,0.1609735863065465,0.2777777777777778,0,1
-0.098988066666692021,0.96752568643701742,-0.23258419710326306,-0.99333645680546279,-0.082212405247022627,0.080770068742505377,0.05902580993735073,0.23902963520885509,0.9692165842850412,-13.275467800063057,12.61409379320318,-6.2672638367813329,,0.07698860416826377,0.4285714285714285,0,1
-0.29815172264519851,-0.89003526089238127,-0.34488082673864601,0.94110611348076345,-0.33446065586834994,0.04955151708319501,-0.15945166494218102,-0.30979558428800208,0.93733764594345759,2.0015062710392986,-8.8958463449932026,0.080033141380702749,,0.3662658123151382,0.1272727272727273,0,1
-0.79531808637945467,0.56411155367466659,-0.22191731903679149,-0.58474790411277755,-0.81043679258244683,0.035525960428831785,-0.15980935552537981,0.15802012605814109,0.97441808770523819,4.4247971166212281,16.190718214210357,-1.8990918847468969,,0.06995525076142162,0.2916666666666667,0,2
-0.43734320085112988,-0.82124651823539185,-0.36644928838181029,0.87880424578715655,-0.47677643918747026,0.019680564579908976,-0.19087698199561892,-0.31343002938768227,0.93022986106783401,-14.963770175891469,-0.94613260328389315,-5.4256540738372392,,0.1073544039521352,0.1333333333333333,0,1
-0.63694362231607993,-0.67357211412974893,-0.37497123764050583,0.73850075381168945,-0.67267437872180047,-0.046106581209275001,-0.22117743693794548,-0.30628383450326174,0.92588916945363464,-12.779479105030019,13.587560632871218,-6.2891954288846028,,0.1029526284582523,0.4375,0,4
0.40298891549423671,-0.76113939342471404,-0.50819952554664904,0.91477607024604923,0.35198863023720994,0.19821388823422401,0.028012056225413695,-0.5447667647358756,0.83811961959211601,15.67759853431725,-6.3707832047994186,3.3246574462857419,,0.7208786794016261,0.2474226804123711,0,1
-0.46450686533312691,-0.78597295142988322,-0.40801947463202398,0.86345220966815006,-0.50429828830102319,-0.011555000469457666,-0.19668160482765901,-0.35767269400564911,0.91290009874309908,19.950478945963315,-7.7076932345922113,4.5381300372342981,,0.2311638257409418,0.1724137931034483,0,4
-0.4504118387821604,-0.8035594077868633,-0.38912909637047383,0.87135929155976211,-0.49062426885183624,0.0045619980352259813,-0.19458201483525023,-0.33701647581509936,0.92117193538005071,13.517150425842573,-12.400754184355419,3.4325379765828177,,0.1028707041883813,0.3529411764705883,0,5
0.80602821544224246,-0.49122088813767506,-0.330182608518723,0.55121628659583177,0.82619538550155591,0.11645510022080575,0.21559016977240947,-0.27586812797633936,0.93670574603999013,19.832305657198816,8.9521616202221725,2.9507420656940675,0.7143033538285615,0.5549357495342523,0.25,1,5
-0.15359917322263772,0.96022001771020116,-0.23320551360108097,-0.98707792064439315,-0.13819632491205633,0.08111075364674443,0.045656024374266711,0.24265055814776781,0.96903881969140637,7.9143324609578025,-0.82667192168578885,0.71807904762908448,0.5387702120514961,0.3477544584027681,0.9441233140655106,1,5
0.59272465009743291,0.80207785575901713,-0.073134140234863962,-0.77350471426792833,0.59219913252722078,0.22581108130314928,0.22442804230346575,-0.077274191907933082,0.97142202625471163,10.878533710268984,-23.520006191954685,3.8229174027780179,,0.1966693412415898,0.25,0,2
0.66738729137668262,0.72697630640675048,-0.16155387099074792,-0.70600648111473796,0.68666059293646164,0.1733553539182851,0.23695791173303732,-0.0016370801285281421,0.9715185371549907,-12.466634193161592,7.6417754642966704,-5.6047522299994323,0.4038881892556908,0.1560490589469592,0.4615384615384616,1,5
-0.94334602281316293,0.21243937604972296,-0.25488780423196405,-0.22729597006649477,-0.97336458958283523,0.029965275533012044,-0.24173295851852478,0.086202594217590564,0.96650622838967715,9.9315813352040312,12.057898985893249,0.082203669174776006,0.1608365639902234,0.0982274065621605,0.3103448275862069,1,4
-0.79164059997754399,-0.4604380673234067,-0.40162413601112307,0.55453942350940388,-0.81741756025547097,-0.15593126678075947,-0.2564979302861003,-0.34615793844064952,0.90243198824812687,-6.4558739381989332,9.3674135753446865,-4.0919012651274409,,0.07322792178393785,0.4090909090909091,0,2
0.96632488945465567,0.12947360553353376,-0.22237984056697707,-0.040707327111603069,0.93023134075514435,0.36470887869136803,0.25408487074179797,-0.34337477797158172,0.9041762219352435,4.0518600993446148,-8.8086034824379311,0.58312196158161389,,0.6495332611548076,0.2867647058823529,0,3
0.95941675444445451,0.12889875178078239,-0.25080790075399495,-0.098332244641421609,0.98651330830663542,0.13085206225993215,0.2642919994155124,-0.10087915703084456,0.95915230006589536,6.3725297146607209,15.268696033187668,-1.2742158228525406,0.1541956650068664,0.1001849692452374,0.3478260869565217,1,5
-0.29743065200718122,-0.87744368544671159,-0.37633440729791956,0.94191535529384152,-0.33407525849818531,0.034484563518301273,-0.15598227690433319,-0.34421839074788568,0.92584190268245958,4.7634762044720294,23.710333460900795,-2.6735246984961032,,0.2074698977816429,0.6578947368421053,0,3
0.9665649289881697,-0.0029310010717942562,-0.25640524035754897,0.064435303700414101,0.97062586259794315,0.23180493198600205,0.24819413709258073,-0.2405760671569738,0.93836177790026887,28.063031230129379,-4.5210479253279878,6.3435415473354961,0.2996644189507953,0.288745005189741,0.6056338028169014,1,5
0.66618435474387339,0.71987222581136834,-0.19489069757141911,-0.70633330129346217,0.69288761735988558,0.14491382678412323,0.23935679012379674,0.041118465617359705,0.9700606160477323,2.6546295030076736,13.962452972385963,-2.0988936375132194,,0.1469047892614464,0.4444444444444444,1,5
0.49628014329589792,-0.81473287660294436,-0.29986056618451051,0.86684121687040394,0.48407691292550031,0.11939785218820152,0.047878221613184002,-0.31918628127601245,0.94648179789172382,-27.976082060005453,10.285734398769455,-10.336906207008214,,0.1679471111368807,0.3571428571428572,0,2
-0.80594593410876059,-0.52176384597598435,-0.27966701687168827,0.53318348789132308,-0.8450511981898271,0.040047979699147376,-0.25722853561298981,-0.11683732909601016,0.95926144454789275,0.16973572038268925,12.814614796072583,-2.5713656364490318,,0.08599867737741335,0.2790697674418605,1,5
-0.77622104114801582,-0.52941533947166108,-0.34234528419593596,0.58453220665568228,-0.80778891985004153,-0.076152218285103282,-0.23622657484146267,-0.25922279857221103,0.93648307301256772,19.0027866790373,-13.538987268878747,4.9769885861988161,,0.2209729880688463,0.28,0,2
-0.64147301677354107,0.7273659170036153,-0.24382615022376666,-0.75982843994382077,-0.64620248529170476,0.071295791287875859,-0.1057029356451024,0.23100036966272278,0.96719476767179302,-4.5511664427114615,-8.4690760597282821,-1.7450345163771508,,0.08596823615923341,0.4352331606217616,0,5
-0.08465255131808791,-0.91730377916871564,-0.38908575183130378,0.9906205086583062,-0.11951399531316631,0.066237547885192302,-0.1072611457187419,-0.37982914796929013,0.91881710093577729,12.927904324166409,11.846185045950405,0.8245897017055055,,0.1755147229329458,0.1428571428571428,0,2
0.89762839899666003,0.37955636609538446,-0.22405406104589809,-0.34780086942449318,0.92222990768289326,0.16889805387501813,0.27073568760372035,-0.07368149246363237,0.95982978966380927,2.1679699761802089,10.970395582902389,-1.8802330440280099,,0.0782595515222706,0.2631578947368421,0,2
0.83138409122864498,-0.49180346623829491,-0.25870802741298898,0.52727363085617918,0.84514410431086617,0.087829158895703557,0.17545087932428058,-0.20942968639756729,0.96195436243085608,-6.950424956334591,-10.773752372836139,-2.2179822558901519,0.3609812964088583,0.3159666236367782,0.8955223880597015,1,5
0.96263254659929076,0.10907811274776404,-0.24787203462099197,-0.073675735172325646,0.98625663791859497,0.14788417835700485,0.26059636657977697,-0.12409596883418557,0.95743914910793326,23.895395159841005,-9.7577720831359418,5.8043164742821505,,0.07978158155139695,0.2941176470588235,0,1
-0.48202611056074773,-0.81396464233675592,-0.32421040970837744,0.8521668768772358,-0.52154746933647567,0.04242465299816546,-0.20362328621985909,-0.25583158181568233,0.94503320526567236,14.984988009549738,3.0657134205771275,2.179340364196515,,0.07152645754825521,0.3170731707317073,0,5
0.875276459664587,-0.38666007234192096,-0.29049114894186839,0.44510206923893114,0.87896622229376242,0.17117981196932569,0.18914350931567295,-0.27912787127618138,0.9414416415055048,-14.19495418067239,10.384381860933097,-6.2973268284612764,,0.1117260015704758,0.3571428571428572,0,4
-0.10634206866175638,-0.95273349128478979,-0.28458787573794103,0.98778283658747945,-0.13401193686908547,0.079535328752632431,-0.11391414388007913,-0.27265306776358078,0.95534489712520954,-12.935780725876324,1.7313805382504697,-5.1301422884407826,,0.0857475525445176,0.4733333333333333,1,5
0.77373524011272521,-0.57224690169214165,-0.27178532284037948,0.61588470675199958,0.77995979116975789,0.11112493935850959,0.14839072139695333,-0.25336970549411303,0.9559204915374081,-15.642828021289318,7.7667683658603828,-6.490817193339419,0.2397134030657292,0.1706058718874664,0.1904761904761905,1,5
0.94162750001942319,0.23959624517565328,-0.2364979714604338,-0.1612391735742674,0.93764182383915873,0.30794437662127205,0.2955327056558365,-0.25183615603265691,0.92154162705893916,-19.93626299923487,14.600557157031785,-8.394428304859348,,0.4044643431771724,0.24,0,2
0.43739605777040591,0.88812526740307407,-0.14113184632507847,-0.85325960702178383,0.45943124663198387,0.24672043418252154,0.28395903167875891,0.012507558450757466,0.95875483274383666,1.8733674999691277,17.562597537295339,-2.6876663019938252,,0.2300327423482544,0.2978723404255319,0,2
0.88390562696804975,-0.36333508708787482,-0.2944460173020953,0.43347105403946373,0.872830431982489,0.22420946080658269,0.1755382805092261,-0.32581382950407228,0.92899497338777692,-4.2770533320459716,-12.205036522747656,-1.3291838267043867,,0.1783089078548951,0.3983050847457627,0,6
0.23386566104502571,-0.89628164696965518,-0.37681037922187782,0.97202960093215973,0.20693647362251705,0.11106642515334382,-0.021570987358932144,-0.39224546548053241,0.91960762682478947,32.178440843957475,-6.5908128800891213,7.6445815240104462,,0.1062188329026396,0.2941176470588235,0,1
0.94426543835972809,-0.11533868110434364,-0.30831764555474228,0.18608824553336678,0.95962368102737683,0.21093495605465518,0.27153995432278955,-0.25655287847259955,0.92760264863453246,-7.6029299965336481,14.958197283199645,-4.9598749530868078,,0.250746893239352,0.1904761904761905,0,3
0.71971968189229563,0.6661086264277748,-0.19571120891598387,-0.64889865767945187,0.74563857457089866,0.15150461436432791,0.24684835741535385,0.017955887902895738,0.96888775125447857,9.1332102227459426,-10.870905206728636,2.0978160609882059,0.2121854686857929,0.1721208968653903,0.4252873563218391,1,5
-0.95108111926586614,0.18367136102176407,-0.24841404090026709,-0.20339470111645538,-0.97749499857756283,0.055983241363799584,-0.23254096442075434,0.10377070345845445,0.96703481890260945,17.298671049295869,-4.8531506655790047,3.5017218018260285,0.5589398754003361,0.4938090024868176,0.9584905660377359,1,5
0.15637965985235225,0.97167549348832083,-0.17717826429529157,-0.98038421482842009,0.17449242894814804,0.091647059718460364,0.11996746767239086,0.15937103750056067,0.97990238243728678,-31.626788169103058,8.9091250604756063,-11.084215686044848,,0.2566629896483116,0.2,0,2
-0.71359148992049315,0.67577456288542748,-0.18470496926195454,-0.68960706331561261,-0.72402259734662844,0.015276673612350328,-0.12340698415514019,0.13827515571660323,0.9826752757514976,20.841296810998717,-6.7163744777723791,4.674442873923863,0.2265172861844426,0.2544536372719567,0.6511627906976745,1,5
-0.75440976964905548,-0.53455248753171247,-0.38094558342592177,0.60866057381038385,-0.78696619652048061,-0.10107676005344109,-0.24576046335176047,-0.3081198526673426,0.91905601083143007,-1.1355211219146322,15.460161258815566,-3.2792580552776118,,0.2761805444263183,0.2407407407407407,0,5
0.90701671073407786,-0.26776202405092214,-0.32499874603648565,0.34131211362547842,0.91950538036541574,0.19497665647856577,0.2466307514111799,-0.28777309456445993,0.92539716797878291,-17.531624813522814,9.8124047973960433,-7.2552724657466383,,0.1814122484376307,0.2727272727272727,0,3
0.96249897529239903,0.1347404494688868,-0.23545856076601734,-0.075099887563464779,0.96635521785170164,0.24600325164262576,0.26068319748122798,-0.21909496618524232,0.94023489955609008,-24.661639239930441,23.591340524361225,-10.517872773249689,,0.220233368383537,0.1818181818181818,0,1
0.25690731926044585,-0.90853533284649735,-0.32948775133518277,0.96630818657790263,0.23593808695463958,0.10286742767615917,-0.01571998291781317,-0.34481410657583134,0.9385393513558048,-7.7130082571191574,-18.326738778245971,-1.6737735967199725,,0.08790742424131197,0.3055555555555556,0,3
-0.80447352980219222,-0.46677035014188833,-0.36735239222852645,0.53485617489692505,-0.83824325482646522,-0.10619377530046058,-0.2583625592500432,-0.28191077660556679,0.92399951407531333,-3.9804786926946134,20.688171281460878,-4.650369036630325,,0.3507878176310584,0.1333333333333333,0,1
0.86297737572374544,0.48554018574730634,-0.13971677427363402,-0.44285266303174414,0.86003207806484128,0.2534291686944572,0.24321095336076198,-0.15682969337450914,0.9572109900337582,13.754710093384007,0.40103789567187903,2.0831332034394121,,0.2167759789731111,0.1904761904761905,0,2
0.33943511775793472,-0.8211013232007035,-0.4588860619704091,0.94060434535633142,0.29272864050407066,0.17196920807349489,-0.0068750512320591411,-0.4900026123059873,0.87169385314103498,6.1473256279835899,8.5281738638378464,-0.61117707937529087,0.2120740062188724,0.2107032910980511,0.3015873015873016,1,5
-0.1266805705001737,0.96502688892804944,-0.22951064616614261,-0.99074179141594054,-0.11170785713665067,0.07714957806670375,0.048813274830554969,0.23715914129501198,0.97024368377255066,-16.846561109347725,5.6897379520662454,-6.6367811561678502,,0.08715896401208365,0.2752293577981652,0,4
0.50285941715821858,0.83192517063423943,-0.23459095685999642,-0.83984822601180564,0.53444110966899516,0.095013986131498418,0.20441957792765394,0.14924212126931569,0.96743962364527714,-1.3753020703835113,9.7456152135130534,-2.703354011349032,,0.1337298165488612,0.2736318407960199,0,3
-0.9082180918849978,0.33769905292003705,-0.24718261919011383,-0.3633059412861267,-0.92938817866104839,0.065164456502769669,-0.20772262900073313,0.14898645247810291,0.96677523053655789,-2.1291527238039625,-1.7951424349370013,-1.781344982359933,0.1614400737714008,0.1278647589820064,0.6674157303370787,1,5
