axis_00,axis_01,axis_02,axis_10,axis_11,axis_12,axis_20,axis_21,axis_22,location_x,location_y,location_z,dbh,dbh_approximation,score,reconstructed,number_clusters
0.94753960478330812,-0.14382949848686097,-0.28545012301996087,0.18859617698027775,0.97259547096621368,0.13597621808402005,0.25807010558279797,-0.18267765386337589,0.94869842172497409,-1.7434818426284604,-8.980676454034926,-1.4809038765967313,,0.07138877359771355,0.3125,0,2
0.53159775993859115,0.83329925884611633,-0.15171079999389173,-0.81732885678434053,0.55167260635932958,0.16622537489898628,0.22221017415023225,0.035632577779591723,0.97434745235203768,16.258958439776478,-4.0772383426295384,1.8915020967897755,,0.1938583388303755,0.3,0,6
-0.017697253329723498,-0.83897796034215466,-0.54387754989951675,0.99608040001946163,-0.0619433974282768,0.063141525259623604,-0.086663971300954892,-0.5406283358973708,0.83678573034151749,3.8414881705825956,2.3134093661817259,-1.209058391653463,,0.5185390092458816,0.3870967741935484,0,1
0.95264095932717485,0.142089384703523,-0.26886020413362377,-0.1097266203224319,0.98517609783319582,0.13186404002143187,0.28361112708216618,-0.096117964047992194,0.95411009091323007,-12.311556892761942,-12.194646584336722,-4.0034368436658267,,0.08121772186252785,0.5217391304347826,0,2
0.42061821393726995,0.87848732217057934,-0.22658407466057068,-0.88616975356308303,0.45134108418528862,0.10485415393008583,0.19437974682092513,0.15668838665330087,0.96833117450272166,-8.6113227773430001,-10.270320278265624,-3.2390679669728373,,0.08533762044932063,0.2444444444444444,0,3
-0.36504457991704353,0.91268939967071883,-0.18368591236643969,-0.93012933543470588,-0.36602001395189532,0.02981222484897764,-0.040023418606869025,0.18173444669450189,0.9825328070083269,-3.0690984407246162,-12.873386341803679,-1.4672641084075615,,0.1887597070232047,0.2962962962962963,0,8
-0.68292633048587048,-0.61121512611847106,-0.40003461941822643,0.68412167973276694,-0.72714489278055816,-0.05690195271489612,-0.25610379624035529,-0.31253219755271977,0.91473191211641169,0.26769351338145558,2.7710688955853655,-2.2236333415334704,,0.1300136768041937,0.3350253807106599,0,5
0.75331875345624366,-0.5281919936236672,-0.39182148175283393,0.63272168790583194,0.74458156964744104,0.21274762465171468,0.17937146190162262,-0.40818072469582406,0.89510578963721721,14.988163760029334,1.3068168764193211,1.0740522217026123,,0.1381364941773742,0.5238095238095238,0,5
0.4001825736596305,-0.75519259166849617,-0.51917054734275336,0.91571621270443415,0.35195316655868969,0.19388859259780694,0.036300489382395149,-0.55300372334942849,0.83238762390623477,-13.870021668132756,8.9644507085689931,-6.6313435877945848,,0.6502033797725694,0.2903225806451613,0,3
0.41926700338406753,0.88242709760598936,-0.21339540127194778,-0.88706728578131255,0.44820682088439212,0.11055440384391224,0.19320147610699279,0.14294426579397171,0.97069054106172425,-13.677876832464566,-12.603330487224945,-4.2833273121609095,,0.09265034224298316,0.3157894736842105,0,2
-0.3502022777500915,-0.87150806650651758,-0.34326673982883826,0.91992236749905154,-0.38900980529145451,0.049134602491979928,-0.17635533004020057,-0.29857170227798929,0.93795188371538341,16.681383923041267,-13.976514014735649,3.1567328083454518,,0.4283487982300757,0.6938775510204082,0,4
0.52863759971742708,0.82495117947506391,-0.19999459904631739,-0.82235267581327387,0.5561254290620905,0.1202521672705039,0.21042424942896912,0.1008962766072443,0.97238962181784339,-10.584561125255245,-10.71563912542771,-3.7168233836142051,0.8294817214605862,0.2599350030228517,0.4038461538461539,1,4
0.81863127065040342,0.515693590041719,-0.25279035563721503,-0.50308335482715572,0.85621269370670761,0.11750302647743843,0.27703786890813409,0.030982968311426586,0.9603593467371746,-20.55664567383014,11.37869211553274,-8.6493283130250447,,0.08109756297472431,0.1785714285714286,0,1
0.44612041730980878,0.88756590304271366,-0.11490579191360684,-0.86570043115348327,0.46052542136439478,0.19616090277580459,0.22702276705210442,0.011962609795431152,0.97381597810206777,-7.440750560214739,-8.2479173498912743,-3.0753870569206412,,0.2110706968774429,0.2564102564102564,0,2
-0.78556106730430009,0.58601669866175599,-0.19869131441838375,-0.59613930716802521,-0.80280776018120159,-0.010845581684205347,-0.16586662106932609,0.10992783579429935,0.98000210965723222,-5.3021193413265211,-8.9853514492863322,-2.4223232798503309,,0.3154106231787714,0.6166666666666667,1,4
-0.20430481239521958,-0.90140363743804597,-0.38174733272887912,0.96657574275947555,-0.24746370217343477,0.067030214199160276,-0.15488988714929697,-0.35529311634209437,0.92183291562994252,7.1166684225126575,-9.4780444369440495,0.74079900796589582,,0.1725678156419573,0.2424242424242424,0,3
0.65486851263652091,0.74353231162450084,-0.13530311425668101,-0.7074509637482963,0.6660899303663792,0.23629925635963833,0.26582017426981958,-0.059024623970317422,0.96221397241794682,4.4798520521901919,14.54210667399329,-2.5688129505909361,,0.2949150384065714,0.25,0,5
0.44486492912435077,0.86917872088251613,-0.21592486193168825,-0.86699503047627813,0.47839784673233693,0.13948160226818643,0.22453242965020306,0.12515530914386269,0.9663960557806931,-10.952394687987441,-13.601092007208756,-3.4786838553328394,,0.1430830617772304,0.2222222222222222,0,6
-0.90845095666103126,0.32781507085965372,-0.2593340291186978,-0.34458119996757575,-0.9385279865745576,0.020712678368888696,-0.23660231607184873,0.10817808342537635,0.96556555774108366,-19.905230257114951,10.557468785136249,-8.4092098142218266,,0.07439015064575658,0.1764705882352941,0,2
-0.93644597518511086,0.2188207102442418,-0.27420144479526865,-0.23645691129908825,-0.9710956281944918,0.03257928790567529,-0.25914680136652724,0.095345569743703285,0.96112026181521482,12.092595844561105,0.5858959996906592,0.69841831444823921,0.1752595751837348,0.1479130498483218,0.225,1,4
0.65607881153678094,0.72987694890073374,-0.1919380955304095,-0.71406770856071189,0.68266823357651907,0.15514957446402788,0.24427013866483785,0.035266447636109907,0.96906572379162725,9.9843158805073209,11.55280604152178,-0.93850244725181087,0.1880643828031328,0.08837459836421699,0.7058823529411765,1,4
-0.80056879740360654,0.53900450925227905,-0.26184678655552335,-0.54470484393540775,-0.83669307582169794,-0.056932678360765085,-0.24977236359743049,0.097050687157470367,0.96342873659924466,-12.470500337500802,-14.026386449075382,-3.8241600472256025,,0.5285149577026595,0.4642857142857143,0,2
-0.88785605296258974,-0.31678763734768467,-0.33370229552905695,0.36251136226501862,-0.92824845179251358,-0.08330860683963616,-0.28336750245299969,-0.19493692458965403,0.93899012454076214,7.1089745288868729,5.5427380136983588,-0.87247493432320555,,0.09471198407274564,0.3,0,5
-0.080727725194855993,0.98678435648080198,-0.14049792948522119,-0.99503424451207434,-0.071551404636035057,0.069189946834036745,0.058222732958443678,0.14538579813510275,0.98766040877797157,0.64739750535761587,11.289105240982591,-3.1214137428357285,,0.1885183690105439,0.1842105263157895,0,1
-0.92589935845243554,-0.1951025374890655,-0.32348937831510804,0.24579366582435963,-0.96139954372416436,-0.12367858006781476,-0.28687253590748352,-0.19402555809041153,0.93811418865174057,-15.74292024662113,16.66778801984502,-7.864668871370073,,0.2649857257169823,0.2777777777777778,0,1
0.92702658075392164,-0.22695477730282954,-0.29851842093096448,0.28498341132862354,0.94379148718360395,0.16745770805568427,0.24373381760271595,-0.24031054446108963,0.93959814196156299,-16.886033369822535,-9.9360458879932931,-5.4985922127985027,,0.1882218739466468,0.1363636363636364,0,1
-0.92493471188935006,-0.25040473508326927,-0.28599518770434107,0.25110125821160778,-0.96733257258071514,0.034869071523658396,-0.28538384128522631,-0.039562136851440832,0.9575964183626815,-4.0571547944861468,-3.3170860498216617,-2.7047601253346683,,0.190937985153005,0.8139880952380952,0,7
0.55553449867276905,-0.74868208253117008,-0.36174101244009554,0.82430151422527476,0.55297653567982141,0.12142472826184163,0.10912577344657828,-0.3656392898531744,0.92433731683046993,0.90330166677976975,12.47763224094264,-3.2114122505821068,,0.1745761198791846,0.2592592592592592,0,4
-0.6459908947716313,0.73503318282173669,-0.20596597782909365,-0.75318745082027416,-0.65762519951594467,0.015419497023940545,-0.1241145752883371,0.16509184447622413,0.97843766029749402,-4.0704447214357193,-5.5300344835135862,-2.4920542662861354,,0.06999941295060687,0.1395348837209302,0,5
-0.76300030065993341,0.58934212713618805,-0.26553040951168666,-0.61938762392905977,-0.78408960029377262,0.039528091715451158,-0.18490406300664194,0.19462619529175662,0.96329182057665719,7.9757959200208202,4.945920297672723,-0.59237780589583766,0.2393509582716875,0.1826708521165213,0.2954545454545455,1,5
-0.50296893879770532,0.84113059354027675,-0.19880033001806618,-0.85831530020279467,-0.51312238012351963,0.00051812562246967447,-0.10157308719585505,0.17089396603436868,0.98003987690835703,13.371876360453717,-9.3597670739014216,1.9732160332188928,0.448170409500376,0.2690412861220153,0.25,1,6
-0.06438146383133686,0.9775815608801014,-0.20047273865081885,-0.99494095228368984,-0.047355510162213947,0.088599983781610298,0.0771202216267525,0.2051627341514578,0.97568474618174694,-4.9881588245049233,-10.6319391322545,-2.1941181510587691,,0.08645273061263065,0.3428571428571429,0,4
-0.47728366674161404,-0.80568605350155931,-0.35081374638796881,0.8539171857010488,-0.51946891186070732,0.031264829675734837,-0.20742647233677766,-0.28464369447316928,0.93592319437579108,-10.299228309740609,13.67186955721788,-6.1723778436866024,,0.3556539015634743,0.5128205128205128,0,1
0.89365061417506031,0.38386530667912083,-0.23245646068174239,-0.34344682999645942,0.91842825789841487,0.19630030580482083,0.28884745931013678,-0.095587454311889225,0.95259129947121179,-2.1976178558626631,20.437001421214283,-4.8054122478356271,,0.1080118457419491,0.5,0,5
0.42514055869658252,0.87724446990568017,-0.22292968705638985,-0.8845486696263547,0.45489672064141162,0.10316309714202813,0.19190924004175466,0.15333334135011767,0.96936047475487919,-13.36699967524906,11.999616961073238,-6.777719352680915,,0.1506240557563461,0.2558139534883721,0,3
-0.93083416854383938,0.25359857098488681,-0.26312642487162502,-0.26504681216581855,-0.96419945909114491,0.0083420890118531387,-0.25159081468137295,0.077505921598079966,0.96472529462287671,-11.123585320655605,-7.4293225356960804,-4.1408797395643129,,0.1188228153974104,0.4242424242424243,1,4
-0.5534040983497126,0.80044359505231277,-0.23029102255509218,-0.8280207579134955,-0.55863000508558813,0.048105528605716347,-0.090141712842065069,0.2173075437204243,0.97193204651770493,3.9981256356017854,-17.614637873976761,0.81576198209385553,0.1341102819139154,0.1703388519414237,0.4444444444444444,1,5
-0.78648908582244814,0.56826681879705088,-0.24188373350940845,-0.58751117714163181,-0.80916254246101127,0.0093057300459295188,-0.19043511917665007,0.14942825212225891,0.97026061594391388,5.8661387669546459,11.782802613455557,-1.8690492701598405,0.2253758098797139,0.2101079514027617,0.7111111111111111,1,5
-0.1089796153165233,0.97805122187531335,-0.17759293576510699,-0.99316637166966393,-0.09962597691349559,0.060788345170327475,0.041761245551082612,0.18300402212038544,0.98222478397655189,-14.397741419183532,7.4362489053828673,-6.6002612784128631,,0.4217684190170842,0.2608695652173913,1,4
-0.38215956226753273,-0.79151877757359979,-0.47691937863320516,0.86852562402950784,-0.48391776570849188,0.10717665993981917,-0.31562209899124999,-0.37325811549127219,0.87238814173982349,13.134947060398259,13.705321611096272,-0.62247341421962199,,0.248477604252983,0.3529411764705883,0,2
-0.88560333823693482,0.39577712414625404,-0.24303743601782501,-0.41051874632791957,-0.91178482179689713,0.011081410296267554,-0.21721207659094602,0.10958515749553725,0.96995361076689013,-11.320150948754964,-11.831698316869172,-3.8007579753306056,,0.08714824700867964,0.32,0,2
0.2663618581978911,-0.91078603329183605,-0.31546816330319144,0.96387252779650123,0.25133348833824076,0.088211267981560357,-0.001053876913919665,-0.32756721325592725,0.94482729117188213,-0.83817321358879393,-8.3309209667744586,-1.3512868354114362,0.2979768256629697,0.550122415882037,0.6742424242424242,1,2
-0.92921430038885844,-0.25744342649512442,-0.26511066766030633,0.26809668704675815,-0.9633830326014976,-0.0041591934427294246,-0.25433236197424153,-0.074940073725550074,0.96420902039060619,-8.9651526961543251,15.819223748989314,-5.9671487678925317,,0.2352222805282323,0.7777777777777778,0,3
0.56221188528932631,0.80663981140851426,-0.18234585460123967,-0.79389969251048631,0.58818147252726283,0.15416171252102326,0.23160542798297143,0.05809277086261054,0.97107371280574128,6.117767940351146,16.098631575319963,-2.3646092389545661,,0.1334857337706867,0.3333333333333333,0,5
-0.64480937680066575,-0.64926056096459139,-0.40333806114211607,0.72306935143626505,-0.68920656291339999,-0.046529846879575551,-0.24777324432528294,-0.3216442718486402,0.91386726704893095,-18.623523857884631,9.6373286468132129,-7.9122492514842797,,0.1586872722735048,0.2857142857142857,0,2
0.45371075852159537,0.86078863815335616,-0.23062841981822149,-0.87278327889559637,0.4814919634350488,0.080092678989494029,0.17998859875561868,0.16494971831910754,0.96974001399572929,-5.5020009414271804,16.018385556853513,-5.1997882186494433,,0.1022773456064168,0.4705882352941176,0,4
-0.04666746714793981,0.98638548436411355,-0.15768900959093773,-0.99552202635822595,-0.032934518130615702,0.088607068290952745,0.082207314428883863,0.1611179498109353,0.98350544670739548,0.34713865027785851,19.4893994887457,-4.1083033140493344,,0.1846988948714035,0.5,0,5
-0.92680805068232508,0.28642898127758426,-0.24286884500634137,-0.28733026409181545,-0.95728010339517156,-0.032498045797517798,-0.24180189521043174,0.039664118898763999,0.96951462141869149,-9.2936505415377848,-5.8059267044604326,-3.844818868581183,,0.08349333310106438,0.3013698630136986,0,5
0.57814021927667836,-0.75742669423607867,-0.30341174946484795,0.80970432569578399,0.57845782372569921,0.098820297105721752,0.10066176932802916,-0.30280579424630161,0.94772140377149683,4.313531779971238,9.3207556302839851,-1.9930710243893734,,0.06785831365178743,0.2075471698113208,0,5
-0.15008787129449927,-0.91157854719893139,-0.38275081081164541,0.9788677778815249,-0.19139889861935511,0.072002326577576867,-0.13889385989154457,-0.36385575973726747,0.92104152012297724,13.439452240524501,-8.176429672850178,1.8410305564148433,,0.4216087602448738,0.8,0,5
0.3954700326979198,-0.85759485142635017,-0.32883814262478833,0.91793272217371291,0.38138049813335645,0.1093088889629196,0.031669714249755121,-0.34507968130645922,0.93803893455909904,-8.4198117510052324,7.9104076123772282,-4.976694403409792,,0.1066697998292057,0.2590673575129533,0,4
-0.025442124064283048,-0.9169614179769402,-0.39816385605026555,0.99538081623918351,-0.060119754019031885,0.074850823908007999,-0.092572830712440532,-0.39442030008407303,0.91425537892619235,-3.8860233782112981,-11.364199495779403,-1.8824253188880702,,0.121583852987624,0.1428571428571428,0,2
-0.0724659996195334,-0.92435384773623219,-0.37459130138641,0.99212692067720776,-0.10527092019151954,0.067839565370012789,-0.10214133427121118,-0.3667260524386744,0.92470489903322328,5.5218740210342192,-5.0007823037037147,-0.088465773415507418,,0.06952471659610067,0.1785714285714286,0,2
-0.37850152880785959,0.92475804511638959,0.039486082138236352,-0.92500151041810885,-0.37637747472424005,-0.052078808016526021,-0.033298624811411069,-0.056236594071108079,0.997862038095924,5.2308175909897088,20.168946191018467,-2.9756691489653311,,0.7863504434370077,0.3870967741935484,0,1
0.12536412576237357,0.96931782130186006,-0.21143981951952798,-0.98550686495522455,0.14621796362183151,0.086003059482841482,0.11428059808191522,0.19759369529643281,0.97359985439663055,-5.8611459123098104,-7.5789692645237086,-2.7342360902816338,,0.1008612638981203,0.3333333333333333,0,3
0.94487120227861487,-0.14885175401405157,-0.29165316118894646,0.20486914902027764,0.96356958151966376,0.17193688769350271,0.25543500716282536,-0.22220894873285638,0.94094428114462092,-15.791508667368424,14.511724356641698,-7.6593452347013002,,0.1500539136980077,0.2307692307692308,0,1
-0.4966198350267727,-0.81966545640633992,-0.28551230977344305,0.84215005785215535,-0.53466557211579646,0.070114235742099823,-0.21012381949125053,-0.20562408800593787,0.95580683975065484,-5.8579128548902801,6.5347947545363931,-4.2640853373005703,0.4307765297751582,0.3587628685505297,0.9689629068887207,1,5
0.9342246568513215,0.23041501427494854,-0.27227414810757805,-0.21144080484030661,0.97251480860758655,0.097507605279968435,0.28725785729813486,-0.033524144069997437,0.9572664494198363,3.902838958661548,-14.855921140169649,0.49976731336017544,,0.08589241879610877,0.3,1,5
-0.41846811357620806,0.90822646735074863,0.0030202522325479854,-0.90705146457639363,-0.41775264562165915,-0.052348521334636113,-0.04628259424220027,-0.02464571118233173,0.99862430893230714,-15.897380663758264,12.150128132632938,-7.4081157826782622,,0.5412447843187316,0.4285714285714285,0,1
-0.65355722912068004,0.74206022381416814,-0.14902876399194298,-0.74793031719258352,-0.66337388463492919,-0.023137195347871717,-0.11603098244995112,0.096341649442133762,0.98856213648635616,6.8428204214332791,6.4058419099669779,-1.0224615949899127,0.3134375300387743,0.2184115977003985,0.2222222222222222,1,4
0.53655322669559513,0.81894238311289891,-0.20357801468702602,-0.81434279847570579,0.56574234024016179,0.12954308561378622,0.22126102569883663,0.096275529606180466,0.97045071018869811,-15.082019998630098,-10.288961936546871,-4.9068419302625141,,0.0721854071651625,0.25,0,1
0.80596402593609706,-0.51728054072524754,-0.28782430592963049,0.56192477986443112,0.82146259229546625,0.097158382209273281,0.18617875998939454,-0.24004177062796439,0.95274205201754547,-13.619081447842584,7.7419893247726908,-6.3995333236187326,,0.104593377078317,0.5060240963855421,0,1
-0.81277125226579439,-0.48783582918922913,-0.31846364823877776,0.51808263784861786,-0.85524451655079881,-0.01213248818712867,-0.26644562644208042,-0.17485142455539271,0.94785742993386912,18.015440198806701,-15.329450173189406,3.5763537528187275,,0.1541178098867337,0.1578947368421053,0,4
-0.57483465358744334,-0.70977241762133725,-0.40717101593675065,0.79233154257644145,-0.6071029174575534,-0.060305673472428177,-0.20439140802254913,-0.35728023006946341,0.91135886978076364,13.627943361705611,-10.782323603618908,2.1664034819040534,,0.1224303852520569,0.1111111111111111,0,4
0.66334123041705728,0.71332918195907313,-0.22614130581205952,-0.705713072663395,0.69683873458564871,0.12800326969675732,0.24889248904049649,0.074681029362687695,0.96564759242311338,-12.161285897660255,-3.0646342007973808,-4.9071434482435548,,0.08057359597809804,0.2537313432835821,0,1
-0.79637396764129353,-0.5128506350175901,-0.32058186134795241,0.54273742035570904,-0.83988967378405321,-0.0046290837696453969,-0.26687936639780419,-0.17767825424899586,0.94720950256959269,2.4694874407448233,12.667956109137556,-2.8199795826293284,0.8759443378943161,0.8447496987509719,0.9293478260869565,1,5
0.81895377982014927,-0.47972936465665089,-0.31491974089348163,0.54042163967460655,0.82931791037474079,0.14204314451280012,0.19302631398257852,-0.28651621283585493,0.93842916722174574,-19.633347443914481,8.7926348811056183,-8.1360992238495928,,0.2374399221598157,0.7183098591549296,0,4
0.71949122367027285,-0.62560900145024179,-0.30157214122972892,0.67752022955638769,0.72770825613092205,0.10680371014506534,0.15263917453691889,-0.28116555845857572,0.94744245795370829,7.1317598249803726,-4.4261890478404657,0.29510884568808876,0.1508081818963103,0.09877317971526614,0.5357142857142857,1,5
-0.37788310236013362,-0.87511987637327604,-0.30227398652067866,0.90796368034315444,-0.41414472442633105,0.063922628290402808,-0.18112513941580718,-0.2502985201839214,0.95107535698563039,-3.0730459628950557,12.092442141821818,-4.1839883302954064,0.3461686643412645,0.2969866051896496,0.8058252427184466,1,5
-0.54009851070251236,-0.78408851946832125,-0.3057757223438522,0.81214743880564133,-0.58085818520142662,0.054957313671092051,-0.220703729869628,-0.21865260648453691,0.95051612363975879,4.0389313947350747,-10.716551097809457,0.13076953309696177,,0.1035121670684838,0.4782608695652174,0,5
0.058015884995417849,0.99459850323711696,-0.086069590719855676,-0.98840426085876731,0.069344548305095371,0.13508645652542284,0.1403252443590644,0.077234389871658246,0.9870884837828473,10.457026329300556,-6.4857209958990749,1.1547787714829139,,0.1320263230813993,0.2857142857142857,0,3
-0.916188135242887,0.31101602129812306,-0.25272185369699862,-0.30731619019285417,-0.95001430441010315,-0.055041626625105304,-0.25720820376790321,0.027237031998247157,0.96597209276583951,8.7329450047162371,6.1827354335428018,-0.59195096532578639,,0.1647310895737659,0.3076923076923077,0,4
-0.89093307975208003,0.401876799686187,-0.21150244745028704,-0.39485500257302952,-0.91556314764066615,-0.076378332171947907,-0.22433852621992048,0.015464816723904228,0.97438855960913762,-11.661645816081048,-16.488061706671033,-3.3868790019447763,,0.1080901487366901,0.3529411764705883,0,1
-0.647201055001004,-0.68278357866767558,-0.3390241571147235,0.71932743088281959,-0.69422338180429599,0.024938791785653433,-0.25238629436859106,-0.22772896359042233,0.9404470626021022,8.1733968734895512,-4.7904076435148468,0.53061709431626658,0.3912696243152171,0.1597984350814516,0.1090909090909091,1,5
-0.93254102495911595,0.23480817354988565,-0.27428517714664857,-0.25564035789966016,-0.96584540191217694,0.042316273678563575,-0.25498087022585691,0.10958002208099912,0.96071690657528908,17.506060167869425,-6.2056351359995494,2.4042005501039569,,0.08161306744858823,0.3157894736842105,0,5
-0.78341194040772266,0.56258386659934123,-0.26413088548812425,-0.59643800369642008,-0.80001991078225454,0.065037297749690026,-0.17472103300185399,0.20848869368406431,0.96229154897706382,-0.39367371926453643,-12.443636452681632,-0.81239252500300907,,0.1019421827133883,0.3333333333333333,1,5
-0.73900400290251633,-0.60192081757429738,-0.30259612202529634,0.61824307551225022,-0.78437064871796802,0.050380403044330148,-0.26767252992268892,-0.14984663760139727,0.95178642663380308,7.8128472580272845,11.937602099827107,-1.4123210892443701,0.3082967442547079,0.2352762580790287,0.8316831683168316,1,5
0.9069822839005246,-0.25260310139005354,-0.33700861985817993,0.3406058249812306,0.91058606691197541,0.23413817872067616,0.24773132357343169,-0.3271462790769693,0.91192351839759589,5.2316743610583405,10.502610955943805,-1.9593952166224706,,0.3139349175177569,0.3529411764705883,0,2
-0.34656072898131751,0.91723558346961565,-0.19640403647861171,-0.93789603541852029,-0.34233733944011363,0.056179825304878882,-0.015706300460645334,0.20367628836518636,0.97891229519483614,5.5644993743154183,-12.480120107961945,0.66216520869828366,0.735405059726571,0.6388082378929766,0.7857142857142857,1,3
-0.37119177226003458,0.89317480999386933,-0.2538807338079625,-0.92804048637910808,-0.36596114702372085,0.069377910824058031,-0.03094388223353628,0.26136410935990728,0.96474415183032802,-16.843935496024326,10.315852074490383,-7.4882608072381096,,0.09412725053037353,0.3333333333333333,0,1
0.52532832346452929,-0.78441076293516232,-0.32974218346675371,0.8470205640267453,0.5190323404405357,0.11472398917677627,0.081156125349601427,-0.33956617111881926,0.93707443607748875,-1.9160884497857431,-10.523913837229461,-1.3887954096636623,,0.09481542690999153,0.4181818181818182,0,5
-0.84207639522472322,0.4876245809854976,-0.23049861740161073,-0.49352975081236727,-0.86900812817052864,-0.03540138749593328,-0.21756775879807838,0.083947252440283129,0.97242846993458043,6.2494031202968339,-13.738096360568536,0.93769196524839993,0.559537468319472,0.3197830521276408,0.5238095238095238,1,10
-0.60707916510198201,-0.71308598131525369,-0.3506611905397316,0.75721217547148634,-0.65295060709088582,0.016888635746642847,-0.24100748664060134,-0.25527218405322816,0.93635009661551016,-7.0924433259481443,-1.8327535517086899,-3.6791711574951003,,0.4960319494140575,0.5576424870466321,1,4
0.20680543043372446,0.97717884292534407,-0.048507967203411953,-0.96847441455639705,0.21149743054324638,0.13162881608237537,0.13888420461940623,0.019757171171248315,0.99011152497814325,-20.875490898664903,-15.029582471167451,-6.108158891629337,,0.308011451070759,0.16,0,1
-0.54505853459769604,-0.75551794974967901,-0.36346089400133963,0.80785779090213528,-0.58922689761366931,0.013321141365970117,-0.22422529638944361,-0.28636391311513315,0.93151421123053946,-12.603887387924084,13.763872138635907,-6.7534750164538409,,0.1231521645991991,0.4705882352941176,0,3
-0.92131409461041858,0.30087431216225513,-0.24628233260441887,-0.31704628002723656,-0.9479997015209356,0.027896634870660724,-0.22508219697051751,0.10378446028720192,0.96879656812450499,15.876039003922138,2.0540895993051431,1.1364549643155821,0.1382242809253136,0.1489007253504213,0.3076923076923077,1,5
-0.90452812818300632,0.36047333332106063,-0.22778902802846321,-0.33514973050307578,-0.93126879971630749,-0.14287435325720668,-0.26363520908532723,-0.052890439961801768,0.96317136475872478,-9.4275620071559469,-15.15476791795361,-2.9289361978346928,,0.2602733440647232,0.4375,0,5
-0.82515398831021913,0.50958934176789128,-0.24380237556739501,-0.52664768163332787,-0.85006476871258052,0.005666429551957803,-0.20436025789271919,0.13307363281354354,0.9698083796523036,5.7132953590507078,-10.625695062818423,0.49301175511047052,0.8483379288617934,0.3298331585439918,0.8706896551724138,1,3
-0.77752321612227204,-0.53017954979085258,-0.33818233746670923,0.56770983614260739,-0.82309491608898278,-0.014842542080263643,-0.27048695040207121,-0.20352986044322627,0.94096355166932388,-16.198321517606697,-14.368057876944855,-4.8898985286460208,,0.1499656553934735,0.1428571428571428,0,1
0.57051720478835843,0.78355590571756695,-0.24606962765770279,-0.78848177813624287,0.60639967476859313,0.10283929204176684,0.22979687680120003,0.1353498321227864,0.96378100124288968,-4.25843476887324,-14.088858365356531,-1.6118410490729826,,0.09252955546370786,0.3636363636363636,0,5
0.67559467101311066,-0.59243899012228696,-0.43884836046358017,0.72335092604524587,0.64775391355170198,0.23911985544479666,0.14260181726812948,-0.47898946800669834,0.86616038425368314,-4.097068296750761,18.494155263713406,-5.1148480745418698,,0.161647505297934,0.25,0,2
-0.30869934276074573,0.94151872412668702,-0.13508222643242285,-0.95109396673628455,-0.30721848906003796,0.032203515607898407,-0.011179544575892535,0.13841709467592569,0.99031092374291896,16.859463781916844,-4.7975187093918876,2.0928230267549073,,0.09836504855041514,0.5454545454545454,0,4
0.90866172655320565,0.33526363371155493,-0.24886173391639221,-0.30553082971239803,0.94013818198633436,0.15096725097412705,0.28457824722315389,-0.061143230875999967,0.95670095982257874,-2.0365673638218582,8.1942650500714116,-3.4395080191738585,,0.08506853486804125,0.4347826086956522,0,4
0.73178336652643861,0.64350142451420012,-0.22449726306444995,-0.62591765997586268,0.76489050237749634,0.15221564408116264,0.26966680812731458,0.029127925104582862,0.96251305267696485,1.3463436652930931,-17.578960560550211,0.19366074686976018,,0.1446991298095222,0.3571428571428572,0,6
-0.26553538397452459,0.95802240627788815,-0.1080926867416393,-0.96169940007885757,-0.25529492702633377,0.09979360762385367,0.068008997533168511,0.13045140591094959,0.98911940985423474,18.371749226497805,0.073265013043005645,1.6494039634993793,,0.3906292680455095,0.2631578947368421,0,5
-0.56505998826476211,0.81766142627911365,-0.11016806087715893,-0.82041461935443982,-0.57098798575440157,-0.029875951426549009,-0.087333052229594837,0.073501782967066859,0.99346385233128931,3.82348617353369,-6.8194860796247463,-0.36089847077729936,,0.5200158629027124,0.4202898550724637,0,4
0.90982925061893816,-0.27804950953788649,-0.30805714561412689,0.34206852230385248,0.92277996625403791,0.17738731614480416,0.23494650618181445,-0.26676882150269893,0.93468419003801551,-1.4967589284815155,11.081222878125434,-3.6305288529282689,,0.07005691599907338,0.4736842105263158,0,5
0.64328706188493567,0.73245144412788143,-0.22292742766745774,-0.72023486081921684,0.6776938451105019,0.14829968833435897,0.25969886652076857,0.065160834051796096,0.96348874639691762,2.3544687207443116,-13.117423104700343,-0.054413593145781106,0.6592695844814774,0.2138496102404307,0.3333333333333333,1,3
-0.4398259123614392,0.8720858311052696,-0.21452149076691376,-0.89679447333507256,-0.43927245045341456,0.052909232354313281,-0.048091989053248685,0.21565253872394841,0.97528515990494724,-8.172651124502357,-15.871502811093206,-2.6000413902662176,,0.1188692976185791,0.4642857142857143,0,5
-0.28541400195318756,0.95430640030087244,-0.088533280939184472,-0.95840419919679276,-0.28414653225629311,0.026872647221243176,0.00048831446811839518,0.092520498007275173,0.9957106602811211,16.045514829818643,-7.7771922692288493,2.2417076776074176,,0.2012333382993177,0.3333333333333333,0,6
-0.11998677331467646,-0.90274693389049199,-0.41309944030565793,0.98558528865592265,-0.15830488115875338,0.059675819109038075,-0.11926782053242255,-0.39998442213744834,0.90872858931191181,4.3987896954361565,6.84057332397939,-1.6363080246081194,,0.2465720158789768,0.28125,0,6
-0.95799056887896994,-0.051923734147051835,-0.28206026974952447,0.045720240127379061,-0.99854663828352308,0.028535430877601492,-0.28313200027839153,0.014440810396298432,0.95897222765492862,9.2047057466382007,11.823931581876636,-1.0927691929950956,0.2227773601598645,0.1638732769879039,0.4444444444444444,1,6
-0.74679341187815862,0.62897493420567174,-0.21607899508362316,-0.64472038843388813,-0.76441206620586832,0.0031326947713519555,-0.16320300460786266,0.14165000945938866,0.97637085889897379,10.582079276817188,10.48146708505344,-0.69059485016056743,,0.08254498163854748,0.25,0,3
-0.20718841851538344,-0.86856533533021985,-0.45018575887715151,0.96486798645737715,-0.25741817407870105,0.052589470083601979,-0.16156338676439316,-0.42347389756240011,0.89138495059122969,-17.533243240015789,11.839826302531234,-7.8242415193218431,,0.09915919958446856,0.2307692307692308,0,2
0.25790548864427626,0.94848488786774443,-0.18401406580386467,-0.95407073938214282,0.28006119230946414,0.10637082690762606,0.15242632050262159,0.14812881572710063,0.97715099691363894,-18.267463015338901,10.80069001935526,-7.9524829058147875,,0.08274487509420156,0.2272727272727273,0,1
-0.86720995493433017,0.42922711794949431,-0.2524103311664726,-0.45202385708553872,-0.89121732121927277,0.037498253082725419,-0.2088571920914144,0.14661434982809357,0.96689343039249975,1.8427479014279216,-14.264814186125546,-0.075755919666222887,,0.09586257234969121,0.4,0,2
0.70492279850295914,0.70415778853384692,-0.085121425022602656,-0.66100412436726885,0.69571168962872354,0.28117395413410395,0.25721080016246767,-0.1419403176023955,0.95587423363050972,14.936210312321403,4.8794050930956407,0.76389818752415961,,0.4150212041663058,0.5,0,1
0.9553165721968675,0.075553375394115829,-0.28576552337988792,-0.029860886338969522,0.98650325759028445,0.16099580811563466,0.29407239644869204,-0.1452687517338499,0.94467900125736404,-2.9178238019779021,17.626923088113209,-4.6642395021499654,0.2445891232289164,0.179636591226402,0.4705882352941176,1,5
0.65277731762111946,0.7548861973349259,-0.063471274389216542,-0.71625063497634844,0.64230616675873464,0.27281461844937505,0.24671198085085716,-0.13262585425517776,0.95997061480429235,0.11239594327132772,14.831500395119445,-3.6273383446842935,,0.2740682055665183,0.3611111111111111,0,1
-0.49278694795205158,-0.80227008881305584,-0.33693282494288601,0.84614910494304096,-0.53212907870679493,0.029501454180231822,-0.2029598879882247,-0.27055747668572966,0.9410663821841998,-12.934472490541907,-5.8958485617595162,-4.817787058928392,,0.1037249912299974,0.4431818181818182,0,3
0.49492453573457257,-0.74442003885504981,-0.44820587867515183,0.86576506505579309,0.46648167292810283,0.18123382948869593,0.074165733710770648,-0.47773806062867313,0.87536608877080568,-1.0277363602321887,18.973173868549416,-4.3920446965756623,,0.6642573693835048,0.40625,0,2
0.89836790391752164,0.37777277906304058,-0.22410452161843167,-0.35985353157343936,0.92555900137915281,0.11766890319939835,0.25187406580464511,-0.025065162377548363,0.96743536869913171,-7.9247737925934363,-10.570924124241055,-3.033448339787165,,0.07499971909017035,0.1923076923076923,0,2
-0.073551747578300589,0.9874028406534221,-0.14009200797236454,-0.99547772959682679,-0.064222089137869934,0.069997236684836928,0.060118468916993607,0.14460689311481192,0.9876611849003466,-5.0564949950019642,6.2130063506428712,-3.99011244337128,,0.07380688510517926,0.2066115702479339,0,2
-0.41461271580543096,-0.85566632803048737,-0.30972799513002819,0.89102910915880895,-0.45086378595404381,0.052810729467079744,-0.18483349946398789,-0.25408065961424131,0.94935746475491933,-12.655266907080525,-7.0680964260241552,-4.5973659161943896,,0.08290890392155241,0.2954545454545455,0,3
-0.88063342235238873,0.39475492297496945,-0.26201779753090326,-0.41792058774624447,-0.90772824146131992,0.037038115386358747,-0.22321997619781506,0.14211963425426338,0.96435203726942031,3.91524260130622,-12.293256466881148,0.27308473152498519,,0.09395737732858453,0.3333333333333333,0,5
-0.79629354477284031,0.57785513201377814,-0.17888554150194266,-0.57659848148646886,-0.81448815109052508,-0.064368026850570859,-0.18289554860794782,0.051889287319030551,0.98176204864565864,-0.22146655321744577,9.5486813055486675,-3.1402252560884625,,0.08432796441213236,0.3414634146341464,0,5
-0.87042780871807479,-0.36700809955272229,-0.32811657177434478,0.41356719976494349,-0.90668658164185378,-0.082955493785478396,-0.26705355472045877,-0.20790502046200879,0.94098772647567408,9.2160048526228291,8.2131361855952303,-0.66167811841963031,0.4238255658177757,0.2590081582694146,0.2391304347826087,1,4
0.0073751148230155987,-0.9231757587794992,-0.38430733285125279,0.99397714888637245,-0.035254208624101661,0.10376207527804533,-0.10933908346545515,-0.38275796422306446,0.91735560479606271,9.2389216510655476,10.09669321826053,-0.94099841858037037,,0.346123744884336,0.775,0,3
0.96116381044111143,0.11863224066610832,-0.249179696148907,-0.069550566776407002,0.977876890040286,0.19728027419440314,0.26707086729818302,-0.17228807097323048,0.94815081734970819,-0.087600085958284737,-15.029644526883406,-0.45573223261627638,,0.2066328977799431,0.36,0,9
-0.3670455465174246,0.91758937502635673,-0.15266730370471032,-0.92994720960633848,-0.3658172551259839,0.037093438738901564,-0.021811788718734928,0.15558751457244949,0.98758127320340494,7.8320178495846076,-11.452819693860432,1.0424726989844919,,0.09172015414733717,0.2666666666666667,0,4
-0.93672416612017795,0.28257406610967711,-0.2066391390049363,-0.25452128834169685,-0.95501787118965997,-0.1521833745494334,-0.24034714557768397,-0.089959784740817297,0.96650943437818848,3.4745416349134772,-7.586905383331036,-0.34715549080267238,,0.7762401700880791,0.6153846153846154,0,2
-0.38962225998200273,0.89673250713470765,-0.20991737701871893,-0.92023552586123669,-0.38819245042528649,0.049731261553529825,-0.036892702115876579,0.2125498343464747,0.97645353010262415,2.1980960048701776,19.600988862488663,-3.6662595687262742,,0.07972062701326432,0.3333333333333333,0,1
-0.0025163435098431624,0.97700061056119591,-0.21322165691690476,-0.99681192728832246,0.014553335986065912,0.078448594808423727,0.079747411438115312,0.21273929438335207,0.97384924038281862,-2.6215932764196741,-11.959421164097584,-1.4839237432070931,,0.08869670165486616,0.3333333333333333,0,4
0.95124200615822618,-0.14616141348354678,-0.27161643346558378,0.18959728994447392,0.97166643960961008,0.1411283025551377,0.24329306066097203,-0.18574490933771268,0.95200174122180092,12.854756918205721,-5.2738530427651797,1.4349789332463281,,0.2756313129748965,0.1052631578947368,0,5
0.67399244085248022,-0.65381542460715625,-0.34388890679909973,0.72635508605622268,0.67138957213919059,0.14712012568989796,0.13469401855306293,-0.34894330910409876,0.92741365549441213,-10.955185468490651,-1.4071038690626905,-4.7190626201881694,,0.08189687998046762,0.2473118279569892,0,1
0.86670434133995866,0.45319720097557564,-0.20841276767600586,-0.4020036519862914,0.88195671176310364,0.24605979428931318,0.29532464931352048,-0.12947839821343998,0.94658264082114285,-2.0050582075801486,-16.017611196061647,-0.90787548109902694,,0.243374370204082,0.375,0,5
-0.25428878735065247,-0.82978241426619592,-0.49678804092117385,0.95519221694381584,-0.29593743364687486,0.0053725279394261638,-0.15147620710096052,-0.47316189654394708,0.86785527499764759,6.3422055949685765,23.762512671785281,-3.1216656966245937,,0.2528384104040032,0.1666666666666667,0,1
-0.8444141084485316,-0.43923291350413862,-0.30665821552297812,0.46289117545146941,-0.88640097716782906,-0.0050067319754860517,-0.26962302042338365,-0.14617713696260229,0.95180653049198405,14.289070868449812,-5.0209200966867042,1.663806257010672,0.1167055138763982,0.1900616115453365,0.1857142857142857,1,4
0.84310196450241304,0.47163610359758062,-0.25833788579196776,-0.4374047813805238,0.88091309092549075,0.18074618519225907,0.31281965200036266,-0.039389237354768222,0.94899544430043603,1.0117083061619403,-13.69278490378659,-0.37120221766767758,0.4019991207719222,0.2387032950337647,0.6744186046511628,1,5
-0.85170811749335529,0.46706705095112888,-0.23757451991267919,-0.48244365384980148,-0.87589424418268336,0.0075758740550886496,-0.20455171340269268,0.12106875287811177,0.97133977248981274,-0.81152147187444912,17.692832771584893,-4.1686756764568651,,0.1301082915936775,0.2307692307692308,0,5
-0.099463945279853791,0.9890175469034227,-0.10932161500134366,-0.99389076911339636,-0.093466021810411609,0.058696182483334698,0.047833697960198346,0.11449189789706286,0.99227190963736411,11.271661264993512,-8.5501703163014984,1.4854388180779008,0.4726458027094206,0.2540321017896954,0.3333333333333333,1,5
-0.19136677429998716,0.97121399991754531,-0.14185247286593441,-0.97848360973012616,-0.17741561119835236,0.10532581066679531,0.077127058698748863,0.15895618033684017,0.98426843368524342,-12.709107549396512,-9.6219297669601769,-4.4107611609265804,,0.2011458214676486,0.3703703703703703,0,2
0.065741623935278881,0.98294141820240777,-0.17176788775726667,-0.99411916310051973,0.079364305513190278,0.073677653102773272,0.086053055951988075,0.16591406026208161,0.98237843836714756,-2.5352494315616148,13.359973484231306,-4.1552651350958945,,0.08230839244860493,0.35,0,5
-0.91324425737369985,0.30989652956167896,-0.26447885991055398,-0.32733777038585654,-0.94461598292304771,0.023465482844816241,-0.2425590865186775,0.1080036377718436,0.96410596086492117,-15.818522124236569,7.1952977112582737,-6.9241745438118922,,0.08171894126673102,0.1219512195121951,0,2
0.52516455056678879,0.83509163003852904,-0.16378084218727876,-0.82225675777416962,0.54753742955715523,0.15523075574335474,0.21930804618775976,0.053148214208332982,0.97420698427170604,-9.919830985347982,-10.39078403370122,-3.5496439128310708,,0.107718168767394,0.2352941176470588,0,2
0.17294172830435403,0.95582118033105412,-0.23769103862294527,-0.97631291604138926,0.19821805057034733,0.08673346758230889,0.13001633967260903,0.21706099524936007,0.96746073602988936,8.5775827881732987,-13.27623750853769,1.4688709667632012,,0.07909548380592799,0.5,0,5
0.4400533551637022,-0.78052302479050706,-0.4440009598875273,0.89638395119090519,0.41121069699950369,0.16553421012154318,0.053374681793424542,-0.47083921931489486,0.88060295985102788,-19.780209079329762,-13.580822598439321,-5.9220170912966017,,0.7526059361375239,0.2666666666666667,0,1
0.95514939079688277,0.12380208378397665,-0.26900313253025393,-0.098848464285806542,0.98960451802772575,0.10445993972547706,0.2791390735255132,-0.073184301252781567,0.95745779838145395,-12.638272096317598,-8.0136426445466533,-4.5623266898418873,,0.1084854697408212,0.4647887323943662,0,3
