axis_00,axis_01,axis_02,axis_10,axis_11,axis_12,axis_20,axis_21,axis_22,location_x,location_y,location_z,dbh,dbh_approximation,score,reconstructed,number_clusters
0.67248325180688107,0.71105452091096821,-0.20534786176466105,-0.68471212104853274,0.7030440165948213,0.19208961975973937,0.28095477808441666,0.011427117847285066,0.95965297563715291,9.1845082829928284,4.9810248984225494,1.3905160112838948,,0.7925162689235182,0.4558823529411765,1,2
0.54059197692391681,0.81427715359550634,-0.21145456159158652,-0.80112817648193291,0.5749894025219332,0.16607477783878294,0.25681502941265399,0.079623514867586231,0.96317502903050156,7.7363869873755027,-12.203486357856802,3.0656633296267164,,0.09638531107012634,0.2941176470588235,0,3
0.42337535715206159,-0.84020417609802511,-0.33883661169331142,0.9050223848602883,0.4092051375441686,0.11612768106379498,0.041082719702581413,-0.35582031683828486,0.93365095847802915,-7.2148117299173027,-11.431740292316542,-2.2650785841883443,0.3507152355552373,0.1971131723830267,0.6899999999999999,1,5
0.5662001744563131,-0.74594360995162068,-0.35069287591564519,0.81749916790770705,0.56260277713050377,0.12317964781266348,0.10541571474807762,-0.35643547233319767,0.92835407100241829,-18.377905278453561,8.9277390316355074,-9.6255847676038826,,0.0784367071978342,0.2558139534883721,0,5
0.93820767731085852,0.13111483324426471,-0.32027371846327446,-0.09186099483756506,0.98660513516670822,0.13480305964678219,0.33365837598120757,-0.097052603087242006,0.93768485130750268,8.5071009848824577,11.61922425096224,0.13193353716966677,,0.1201566939532731,0.3333333333333333,0,2
0.075832950277026148,-0.85715542593948224,-0.50944473638932419,0.99268664484113012,0.016770242103008169,0.11954908671281229,-0.093928636774644539,-0.51478474604664848,0.85215848081876522,-5.5351917160929371,-11.970791423292647,-1.5998132000606557,0.6149452795218713,0.3460303138761456,0.2380952380952381,1,4
-0.94240436725143073,-0.12360585947009112,-0.31079832703876153,0.12535577243725665,-0.99200703730968032,0.014421104143960176,-0.31009666057874841,-0.025369852832295269,0.95036647229643922,12.282884130818067,2.6253289935864337,2.895696285724958,0.2562866754933703,0.123532011373168,0.2222222222222222,1,5
0.95091507464838954,0.037187381950225501,-0.30720940648055561,0.0062587864735087111,0.99023882757532,0.13924041063618681,0.30938866882664934,-0.13432856355199721,0.94140028076038429,1.6935483703080121,13.541126377484561,-2.5838697293284403,,0.08071714455371463,0.2195121951219512,0,5
-0.91162257964236271,0.32831638534902652,-0.24729056471599137,-0.34240576788317828,-0.93943213859965502,0.015018225141779619,-0.22738197467375318,0.098364668847242764,0.96882497362322195,-0.64813030963536788,-7.7061750076320434,-0.47580690231414247,,0.1313448568549369,0.2985074626865671,1,5
-0.22728896284874253,-0.81030599440603102,-0.54013324540968144,0.95124532123858219,-0.30349021472698279,0.05500934817532873,-0.20849955920540378,-0.50129620484761472,0.83977976209035254,-20.902344713561824,8.0928167183113366,-10.673022114481578,,0.3701487675608855,0.5370370370370371,0,4
0.94610864675666839,-0.0381151351993246,-0.3215986085184504,0.11550510714719685,0.96745499201743768,0.22514308482263939,0.30255082011982842,-0.25015610104348218,0.91972002607072911,4.912831397669736,10.032244984607543,-0.85684558669636202,,0.1414582335563498,0.15625,0,5
0.3818552448832831,0.89280511409774987,-0.23892593035506129,-0.90004460154156141,0.41796877071269151,0.12337674799091317,0.21001496896892763,0.16793193546739454,0.96316799046643742,22.280563532060604,-7.0717066342541086,7.5824795649046326,0.3946324102475423,0.4536532224933394,0.6625,1,5
0.10768006784443064,0.96497624851222241,-0.23921923584088253,-0.98808863800587843,0.13048268138864547,0.081578877789022272,0.10993564677894893,0.22758538983183021,0.96753245108491692,13.088046440692375,4.6513140936544994,2.9041113702404364,0.5319637299441267,0.2181876902977464,0.2941176470588235,1,5
0.61961249443810607,-0.7179010479932193,-0.31733017824724341,0.77610400565492377,0.62074310411951605,0.11108812310256498,0.11723023988106197,-0.31511281151090392,0.94178606216015093,-4.2599641656137575,13.918774596501832,-4.7842385597518744,,0.07553300045454578,0.25,0,5
-0.47021896937336788,-0.80562327219805074,-0.36036823408057561,0.85077645396568313,-0.52235714381184262,0.057640607962709263,-0.23467753667324989,-0.27948910104266794,0.93102754856090919,-1.7109171228216065,10.935254348236574,-3.3955762618759335,,0.07152722331535211,0.1320754716981132,0,5
-0.41040396702895426,0.86843019852674097,-0.27820419503253624,-0.91102638561597604,-0.4038426019138438,0.083319131002105848,-0.039993856508051602,0.28764586415636306,0.95690143080431811,12.15831921592622,-8.2228475413602524,4.2377407427610168,,0.08397337259679435,0.2631578947368421,0,5
0.51427377523149576,-0.78351063966589418,-0.34876003446422377,0.85375131050441755,0.50632025704295869,0.1214433905980135,0.08143208164559225,-0.3602094874351503,0.92931046547457541,-17.869946605872325,11.461612658088471,-9.7770551906999934,,0.08005675803994421,0.3214285714285715,0,2
0.88191853366603767,-0.31020926795129244,-0.35495057409936692,0.40127936481769172,0.88915499736865611,0.21995058996478123,0.24737536528089576,-0.33641284269698851,0.90864284948525043,-13.038436163086866,8.7563392435722811,-7.5367903193062062,,0.153615596811356,0.44,0,5
-0.73936386881109739,0.61340832126497857,-0.27761718408551078,-0.65048190618107127,-0.75720145644411818,0.059323217124044599,-0.1738227810953655,0.22444639841571856,0.95885841238969471,-19.143807168212422,7.5245910959124904,-9.849699168163216,,0.08162971892565717,0.2368421052631579,0,3
0.20782175748860793,0.96465792649629312,-0.16200370971746056,-0.96769397296876847,0.22692783689912019,0.10987325206894891,0.142753254934053,0.13393596114621051,0.9806542033344755,23.636319130888911,-6.7792913947708495,7.9981533232191788,,0.4448521804111862,0.3333333333333333,0,4
-0.94989563155199508,-0.055820305987722356,-0.30754248909357523,0.052454107122270069,-0.99843859416364467,0.019207819515188643,-0.30813447681887224,0.0021135571815528824,0.95134046327884036,-7.10807846171992,10.369872795185476,-5.3370705038316588,0.6249410029939815,0.4889868954975853,0.5236220472440944,1,6
-0.37307452211197384,0.89596957754958384,-0.24094380476895833,-0.92769236655800191,-0.36421328091553912,0.082070451654362775,-0.014222305753112483,0.25414012298406941,0.96706283348534605,-6.1529596898075525,13.008567290656359,-5.2863196679555324,0.9189845066963671,0.5549395653092511,0.825,1,5
0.93218699625824608,-0.1230204310927485,-0.34043116417388203,0.19515150214891244,0.96289391411993719,0.18641674109320444,0.30486602830760473,-0.24021091499876132,0.92160480744156592,-7.008907052213984,-4.1999257432685102,-3.3915859644354831,0.3839534001797952,0.1749878803232149,0.6389684813753582,1,4
0.90296893977805559,-0.29269829567865263,-0.31460260886220703,0.34718417883597885,0.92835081715330037,0.13277012561862811,0.25319999953017686,-0.22911234798153382,0.93989217053889085,-3.7922957883543464,11.740475915069183,-4.3451001752802529,0.3622664216212039,0.3287640747101661,0.8590785907859079,1,5
0.64834205742386675,-0.64519122674318441,-0.40420398007566999,0.7492522228914551,0.63495970099222165,0.18827449271763166,0.13518018740777385,-0.42491700254225329,0.89508203974993616,4.987528044518756,-6.3644434923191131,1.3631599526603582,0.3438929122586496,0.177020544467072,0.6797385620915033,1,5
-0.31024038848880681,0.9126801297519731,-0.26601857473912732,-0.95064524484509083,-0.29930004359663548,0.081811382805022675,-0.0049517475432591706,0.27827048830045625,0.96048998721345047,-15.43541448506817,10.32044294749512,-8.6126178136965574,,0.09105391602823544,0.1739130434782609,0,3
0.15214386542581057,0.97580351893162154,-0.15703418944280353,-0.97457601882942946,0.17455768829758314,0.14046777914804481,0.16448047828199244,0.13167044427991109,0.97755259007751527,-2.1708471662878437,-16.922695876060665,0.18605279351180834,0.6200053142039238,0.4188336829721773,0.7704918032786885,1,5
-0.81402726555817762,-0.44611296677613538,-0.37194466228468825,0.50455755558582971,-0.86034029256107136,-0.072361965818944621,-0.28771736831329475,-0.2465721027815691,0.9254301238347209,-17.370330428448721,15.65932117549554,-10.119437522678288,,0.4589135760117397,0.3333333333333333,0,2
0.75945923260573378,-0.43472884975100662,-0.4839757237755612,0.62417013695387047,0.69664076774511607,0.35369942161457185,0.18339387706490598,-0.57070348510383473,0.80041502856045899,-17.075425441687656,12.779820694064446,-9.5405986246599905,,0.5464715395498618,0.3384615384615385,0,1
-0.42437794460070977,-0.83019531148774728,-0.36149564993266542,0.86769175550395983,-0.48698795399620076,0.099768482463405819,-0.25887135331460248,-0.27132725157336707,0.92702057419817263,11.795090483915788,-10.474796548300999,4.3036342236574008,,0.1137523049283954,0.5,0,4
-0.76868938823323096,-0.51559652536299405,-0.37851928279973884,0.57026502605800511,-0.82046187537868176,-0.040498285212569832,-0.28967986549410679,-0.24698691075379556,0.92470700302507314,12.913178101744716,12.849452029766587,1.5450124435949222,,0.1975404975839545,0.2666666666666667,0,9
-0.77205383506709602,-0.52365771631948566,-0.36016034192738472,0.56159682915495213,-0.82741059547897111,-0.00084141086138528093,-0.29755987169188763,-0.20291452049618214,0.93289003646223601,14.439923075007025,3.798775422254868,3.4772519549220773,0.3685742225671308,0.2710420205773493,0.6111111111111112,1,5
0.56620526696793716,0.79863888232782343,-0.20393021181750623,-0.78548516801381629,0.59778657377634403,0.16020069613783489,0.24984924752353063,0.069477678767394649,0.96578890326252009,-16.028062996053947,12.858325594663382,-9.088633605573408,0.3918624403175377,0.1728994185011452,0.25,1,5
-0.3685747513301541,-0.8151399649867449,-0.44687748898699692,0.9050574453123148,-0.42438963696942328,0.027648810421197635,-0.21218782567965927,-0.39425914512458593,0.89416779919597267,-5.6975122374230853,7.55468834941205,-4.6292832347237436,0.4645872318065842,0.5554405537196344,0.3359173126614987,1,5
0.93974947100162465,0.16998733996358809,-0.29660619684064438,-0.12104270880799671,0.97685853566554892,0.17634076086311479,0.31971799198135537,-0.12981411922230662,0.93857802022737957,-7.6356386451732927,13.540324070002113,-6.0083165320665115,,0.09288945723017589,0.2258064516129032,0,5
0.90687837360922297,0.30751508730098021,-0.28810776900695018,-0.26177268936752002,0.94689918773960169,0.18670026073730875,0.33022215943389893,-0.093895683289242804,0.93922144677304931,-11.47892888497854,-1.7394836872447463,-5.4038015409648121,,0.1394349387209907,0.7261146496815286,0,2
-0.6790129412246475,0.724259644556424,-0.11995579567680829,-0.72454904781667639,-0.68745530075902594,-0.049334437934012626,-0.11819519007726734,0.053415135732484416,0.99155268156426235,27.130326587314933,-6.1079299345780065,9.0481820919048932,,0.2435210763125292,0.2631578947368421,0,5
-0.46428894571495533,0.88522157985264471,-0.028609953688926267,-0.88350905330510665,-0.46516951579594534,-0.055037026646419698,-0.062028441982758024,-0.00027592997814609055,0.99807434404849726,-21.399550171274967,18.362959093778798,-12.221710752580922,,0.5099895962545204,0.2380952380952381,0,1
0.90430925904724335,-0.23303425762022173,-0.35765877422037112,0.33702735972232273,0.90396887135236548,0.26315934037105831,0.26198725694206237,-0.35851822045932707,0.89600634082502539,7.8358394604366266,-4.499684440486468,2.1616696443839589,,0.5571924666789834,0.8418079096045198,0,5
0.94710379407607215,0.11040355044135337,-0.30133944198636531,-0.067706824591490633,0.98656869556965265,0.14865394318931316,0.31370398331938271,-0.12038797685789879,0.94185802851470957,-1.6831983226526335,13.831292847322999,-3.7897472546400701,,0.07649364412458903,0.2777777777777778,0,5
-0.20005613273265815,0.95213418846687192,-0.23112341055934715,-0.97936810001621777,-0.1874517283502925,0.075498173548182348,0.028559909430465789,0.24145876809720432,0.96999071896709621,-29.613329108227838,2.8087520627967537,-13.365930091348982,0.2425729355562325,0.1936820736015058,0.5416666666666666,1,5
0.35194819531567018,-0.83266206369081586,-0.42755859891270376,0.93566565255086487,0.32552543406019346,0.13624602165379507,0.025734304937313383,-0.4480034368953813,0.89366138222445246,-18.263817611682317,16.495548330797437,-10.607824375984345,,0.1619757800035901,0.3,0,3
0.54462049612269992,-0.77408622371681568,-0.32276777016131236,0.83390802687982934,0.54081838517461422,0.1100585160835521,0.089363963142058633,-0.32909875798757421,0.94005749270062311,-5.1044558007428442,17.800682893636541,-5.6812886228835255,,0.07033511590152434,0.3333333333333333,0,3
0.6811726803804059,-0.5660196884590345,-0.46435492005588913,0.71683749923267803,0.64456210550523407,0.26586404766440186,0.14882129954147583,-0.51396634561359822,0.84480223507007224,-4.3364673309882837,26.694275793647378,-6.6130070873919999,,0.4145452234006594,0.2272727272727273,0,1
-0.35633903685093576,-0.84336833090974306,-0.40218447164785348,0.91058232248544901,-0.40993633929387857,0.052839679250925024,-0.20943334212382239,-0.34739322984889842,0.91403261378464928,-10.391540235741084,21.400919641206727,-8.2379749731581704,0.5522866728803235,0.2769115593374498,0.3043478260869565,1,6
-0.58112320525320471,0.80970654904793349,-0.081676953573983482,-0.8126015147626876,-0.58280656769152139,0.0039093299952791781,-0.044436454872385865,0.068642618572669623,0.99665118892913585,-6.590848310710208,24.230758392293133,-7.07204669422031,,0.4174939290049954,0.3333333333333333,0,2
-0.85676922206286144,0.4221250309360628,-0.2962380096865142,-0.46153283313203231,-0.88392321917197114,0.07528071831338129,-0.23007377961627601,0.20122177035770036,0.9521427703171379,6.8284534253139606,4.5772199647902729,0.63397914700314295,,0.08324708672167673,0.5918367346938775,0,5
0.75911487285834944,-0.54813726669871166,-0.35112696658234449,0.62866306577286268,0.75727610671045398,0.17696227829264408,0.16890044268242266,-0.35507525267402634,0.91945321001134106,-8.9513433623702454,20.939963597893588,-7.5149260653109291,0.2256934030422733,0.1782114012092166,0.6666666666666666,1,3
-0.78439390625712446,0.57853170324072856,-0.22366776292543927,-0.59151516100281942,-0.8062198991256061,-0.010921930127258167,-0.18664408410259653,0.12373577736159425,0.97460424956503433,-17.971740423267178,14.073921276271076,-10.149394235897999,,0.1311921925957948,0.4117647058823529,0,5
-0.77266457056261606,0.60932619661565812,-0.17807595995862116,-0.61303028841677554,-0.7890469794076288,-0.039984118989188813,-0.1648736694591742,0.07827164496542155,0.98320405954891876,-2.3024363168117703,9.7938660769676904,-3.5019762120279858,0.9452372045729228,0.4864684267255453,0.5375,1,3
-0.69780516062177211,0.65149259815932992,-0.29770010472492137,-0.69947605296512239,-0.70930240376225606,0.087311805303857307,-0.15427640499427045,0.26916072254452655,0.95065834888321066,8.2359200900673102,4.4419103366602615,1.1887316869062103,0.1573617758164696,0.1449318760066702,0.6619718309859155,1,5
0.87752343322890469,0.41008752812949223,-0.24855752534735115,-0.35470555393752312,0.90390296361006162,0.23904686231536756,0.32270202066307374,-0.1216044886079066,0.93865635576092421,-22.81771610701319,7.7524389214001532,-11.380294392583735,,0.2789805252253296,0.2,0,4
0.85205899383292338,0.47771770269947672,-0.21396557563300231,-0.40595974355803588,0.86113333259099567,0.3060164539873958,0.33044236659169662,-0.17388266166659838,0.92767055700448908,5.104874702970136,5.2418998811817197,-0.10258461378143724,0.6221598889599488,0.4117103122290035,0.2538860103626943,1,4
0.86858600994865565,0.40365702076697463,-0.28743582397990108,-0.38130128835898641,0.91489346806925209,0.13258683788368186,0.31649276582135549,-0.0055634224850333929,0.94857860903195679,12.570847959224665,-4.8295415708718448,3.9039772741466834,0.3843456008846461,0.2308671675508053,0.6296296296296297,1,5
0.93845480515237401,-0.1212708764975355,-0.32341297623926546,0.18173210524939107,0.96961701977348136,0.16375676134809292,0.29372780019610734,-0.21245284060024139,0.93198056305528387,-11.453992927479085,-10.904362490205427,-3.7960808861979305,,0.1256214564562706,0.3333333333333333,0,4
0.70616061848694955,-0.62594924540836017,-0.33094519647644716,0.68984301745512733,0.71354114089115883,0.12237504453175289,0.1595424462847875,-0.31471667008350274,0.9356813695938474,-10.077212080930511,3.0993920613655637,-5.5549829868304599,0.4404855110970389,0.3639093443144504,0.9540329575021682,1,5
-0.7927144407934007,0.55827033084706257,-0.24482249294849903,-0.57517817108125147,-0.81802278844942455,-0.0029646397849745622,-0.20192544879047078,0.13846644096437014,0.96956338516748253,5.5337072930653939,16.897984150942925,-1.744716175990612,,0.1278458563699263,0.25,0,4
-0.80104033490854065,-0.43028048753763926,-0.41616473167963691,0.49181290749732309,-0.86938943008139924,-0.047771151145522994,-0.34125422468980815,-0.24294180559778195,0.90803349785360166,-4.8217134359222067,13.056934303537096,-4.7861061733776662,,0.2062848292131669,0.375,0,2
0.062755992468913765,0.95490296953494769,-0.29021027580460002,-0.99097731699965308,0.094125462639044311,0.09541674106337987,0.11842990585748114,0.28160382819898971,0.95219411956925226,-2.7412202232735021,-3.60443218310381,-1.8371666611094282,0.1118388578782674,0.09906342062956396,0.4880952380952381,1,5
-0.46073766631470281,0.88687170381585501,-0.034342157906045834,-0.88545927764139798,-0.4619608520637824,-0.050537498941645581,-0.060685010320955073,0.0071240530083784837,0.99813154313000185,1.8651521616019906,15.328952737729487,-2.7805565647466137,,0.4673586807108264,0.2068965517241379,0,1
0.87613405613016759,-0.36358611188852769,-0.31653476101477795,0.41678681824709551,0.90126147219960107,0.11839132934496836,0.24223514159667658,-0.23565419149760386,0.94116376800493518,0.51951245025251303,-3.67652878447567,-0.60185971415860773,0.2416074524777531,0.2076008516629002,0.8303393213572854,1,5
0.83220492438695126,-0.37179300555023093,-0.41134526234057206,0.49088898262722336,0.83897897888064699,0.23482393347270888,0.25780413216493914,-0.39734649113879394,0.88071152792408158,3.3288145665885649,23.984917739430365,-3.413995162637105,0.6106584682203716,0.198825254967135,0.2,1,3
-0.53186316030550873,-0.77716575179654634,-0.33635542651241013,0.80801335367606342,-0.58461165914048596,0.073100125021562865,-0.2534482175731303,-0.23290041269073905,0.93889371005321265,20.728511041914992,1.8567284772401591,6.0851892279116635,,0.1036952068742934,0.2857142857142857,0,4
0.94750770810874563,-0.075939647561351714,-0.31058382604825052,0.12457443281577045,0.98230304876639984,0.13986397346302065,0.29446621837341752,-0.17121299691464181,0.94019984892807018,-9.8890874070480077,-7.1740330892922914,-3.9876892780487094,,0.07806713689584534,0.2857142857142857,0,3
0.015694427949328842,-0.88501198152346272,-0.46530364010101755,0.99522447505969114,-0.031012854232348373,0.092555103125245716,-0.09634276918121612,-0.46453417036024036,0.88029885572697286,4.016729709077052,9.5171988029941286,-1.1108381844694348,,0.3280618465104498,0.3611111111111111,0,4
0.94639387206191372,0.07236487281767004,-0.31480464435224442,-0.007439342104284455,0.97920688315665849,0.202727739018812,0.32292924165011128,-0.18951835045901635,0.9272537407455308,-6.3037058313631702,21.493910048493152,-6.5405333202953226,,0.1357850484884174,0.2857142857142857,0,3
-0.89140297642594069,-0.27814030023680392,-0.35782496699245819,0.29977429708968972,-0.9539957611611336,-0.0052400850156077167,-0.33990602292892014,-0.11193775534094319,0.93377397399256912,-16.568547871906834,10.855655346590678,-9.0792209040732939,,0.1711693712175117,0.3181818181818182,0,4
-0.30386376256060893,-0.88060737185708404,-0.36358970067023488,0.93176587008163558,-0.35428114347516859,0.079355117849705073,-0.19869367668228285,-0.31466732910947065,0.92817309529935754,-18.001986260141141,17.669081565787256,-10.645635861769017,,0.2388644401071526,0.3333333333333333,0,2
0.90164168448643989,-0.29994780871431309,-0.31156634099969316,0.37351920457774751,0.90321415765055268,0.21139439262007129,0.21800384539741918,-0.30697800811635351,0.92641180148185398,-0.35373775008582609,16.484322537813835,-3.7880887244349135,,0.427350163844546,0.303030303030303,0,4
0.32719011205056658,0.93458367647418816,-0.13964233686217198,-0.92397166477560011,0.34738243622241299,0.16000564270045836,0.19804795699058189,0.076673298299810316,0.9771889336559666,-23.300200617140764,10.794148117376833,-11.971841029281098,,0.2248265924179997,0.25,0,1
0.61512138230033342,-0.63390211905446781,-0.46882170224423492,0.77918835186116009,0.57954949218389717,0.23872138243834573,0.12037938926915716,-0.51214303623855073,0.85042243213096314,-10.38865470308863,-11.30440720925832,-3.3830381677325416,,0.08119154165750395,0.2380952380952381,0,4
0.90612143005620227,-0.25882430440005105,-0.33459517845410508,0.32948554505010696,0.92789146263243938,0.17451850668874039,0.26529837842689236,-0.26837923359616267,0.92606120606491216,-38.001966685737706,5.6349305463738508,-17.133417098897159,0.3657889222900793,0.2867955841955259,0.4,1,4
0.36019619314823959,-0.76861166786192214,-0.52867268367869302,0.932632863565797,0.30964689159450254,0.18524239342797391,0.021322388200621569,-0.55978112379069866,0.82836613234067302,16.148204196498327,6.3489852656332477,3.8720737658161357,,0.6471151134107548,0.3,0,5
-0.73063279171308115,0.63640073613839943,-0.2473253458828138,-0.66072246349706698,-0.75033194718987795,0.021161173327900788,-0.17210912208223333,0.17887445896144527,0.96870138743956269,4.1777570132541246,-12.580878902783024,1.8845408186989199,0.2820795934295462,0.230442239988463,0.6794871794871795,1,5
-0.077109581976006439,0.97035187910919884,-0.22906624167854303,-0.99421747289583851,-0.057613430301068622,0.090621792288371764,0.074737734485990595,0.2347294684486611,0.96918334059439493,2.5638468631188625,2.7029846200137264,-0.74214956033508228,0.1998056943206086,0.1634962579811062,0.5492537313432836,1,5
0.070976320024341927,-0.91919549569074754,-0.38735255607475289,0.99478910157746636,0.036735267538427326,0.095106064483703678,-0.073191566307194436,-0.39208437972038929,0.91701299543723924,13.961342413140553,11.396236122307208,2.0855932271230269,,0.1245271306669392,0.3333333333333333,1,5
-0.9050372653212766,-0.21307193312885156,-0.36811397649711564,0.27802746923691041,-0.95133498422678953,-0.13290024129373026,-0.32188239269879843,-0.22262546821724419,0.92023346286230479,-23.741685215693696,13.751727057957465,-12.475555612103891,,0.4759081661940631,0.4186046511627907,0,4
0.63175614568407001,-0.70467417459655879,-0.3229837148325998,0.76442597419792746,0.63546938687707122,0.10877310473470854,0.12859666543871517,-0.31561521826226485,0.94013293296177303,12.491121200937679,-5.8307436846703871,4.0148908178769389,,0.07113466914044529,0.1851851851851852,0,5
-0.86461968496248776,-0.33204485017654611,-0.37706633083133412,0.39207583833149079,-0.91520949927983819,-0.093102682155820599,-0.31418042168796673,-0.22833700948200272,0.92149491193863298,-3.0379692674399594,5.3000392491878365,-3.2267016513969269,,0.2117532643645793,0.1771428571428571,0,5
0.90962236803472607,-0.24813949994618412,-0.33318753898871434,0.32824808294114094,0.92087991155272197,0.21031734247112632,0.25463767124360054,-0.30067753003027847,0.91910428098150421,-20.938770217191653,11.596298787645235,-11.127569263372976,,0.3999694049818598,0.1388888888888889,0,4
-0.4567144805671487,-0.80353867063933093,-0.38175579632463508,0.85941697034552411,-0.50937853289047297,0.043999787641182973,-0.22981373832388585,-0.30799206973155313,0.92321532193745248,-5.704436975810629,-5.0343722774520767,-2.7487524891114021,0.2597117552546828,0.203546720945662,0.6792452830188679,1,5
-0.67330335891615412,-0.59067832088550887,-0.44470406801388723,0.68928546498656784,-0.71906210226733513,-0.088516895794702857,-0.26748483065488915,-0.36612677356177531,0.89129290979496134,7.5930332628861477,-10.407734267005319,2.8173742256036389,,0.475524727333264,0.1,0,2
0.88706928261626161,-0.31287571283567567,-0.33943611498519088,0.38902106167527051,0.90251069178678767,0.18476218439815958,0.24853712280405335,-0.2959446561911569,0.9223047538965532,-8.0591401897044932,9.8700399005799664,-5.6775018621657596,,0.07072654335517201,0.2653061224489796,0,4
-0.089412472054391928,0.9955699520166007,-0.029084024528695379,-0.99351629591927471,-0.087093223383604992,0.073076262790985419,0.070219509995201948,0.035429381624812961,0.99690219145797698,-8.7113965710528269,-13.384375390860217,-2.5272229942564222,,0.6088576333124268,0.4,0,1
0.077425616478056375,0.95582041773536808,-0.28357116029875062,-0.98972590064251209,0.10797704997608507,0.093720852940154767,0.12019948215512834,0.2734013272071823,0.95436041345551959,-1.8538875463083393,19.961518787320053,-4.7957424264075987,0.3275003445139832,0.3192579282737397,0.5238095238095238,1,4
0.94932698826695106,-0.046339721678716653,-0.31085511020849954,0.10430289288115301,0.979467779423985,0.1725218119742237,0.2964779517681238,-0.19620269943348323,0.93466856417148836,6.5809592321661121,-6.3624886618402474,1.9707961454974581,,0.3115820875823936,0.3916666666666667,1,5
-0.67299789606460647,0.71965488706077396,-0.17079424879707961,-0.72866234629237847,-0.68473111441145673,-0.013945825631015181,-0.12698431788334927,0.11506582675316709,0.98520801789536361,-3.9969706910886513,-9.3686139460033964,-1.2939812278834868,,0.4030058838867996,0.2142857142857143,0,3
-0.62044384507129602,-0.71327536284277793,-0.32601793182990557,0.7369432617697812,-0.67245036039542305,0.068739666395616669,-0.26826118624441542,-0.1976076151507542,0.94286115965669626,-4.7904718362660077,9.6045638502785273,-4.4793991484349718,,0.08596876242810191,0.4285714285714285,0,5
-0.92810098671830976,0.26415061738025536,-0.26239857048034865,-0.26349446483502331,-0.96389803277524877,-0.03835686918024258,-0.2630574565637801,0.033541522768586331,0.96419694087699737,-9.6883361926395324,13.412342180874825,-6.7403980746991401,,0.4265860127449952,0.22,0,3
0.35835901005309362,-0.80475219947882948,-0.47323642859331316,0.93349499808751635,0.31587086311284845,0.16974300098069628,0.01288054577085918,-0.5025927727995414,0.86442732272315093,-9.5850645010165092,-12.184388072433118,-2.9658015106230482,,0.2226987028514682,0.4814814814814815,0,4
-0.44097221568725115,-0.79092639176283974,-0.42423925773658872,0.86775000534290758,-0.49644214364195371,0.02356111719689134,-0.22924535593826195,-0.3577438201132157,0.90524357272037181,-12.758718563691378,-9.7022978311694796,-4.426523692247077,,0.7420799501637907,0.4117647058823529,0,1
-0.0089021815200121222,-0.93694936733708567,-0.3493517342318766,0.99515170144288068,-0.042522184010319271,0.088684581423896444,-0.097948161185006016,-0.34686848648101115,0.93278529727201887,-19.818653022609684,8.2485214174675061,-10.274931685280452,,0.08435482888411854,0.2105263157894737,0,5
0.85828898716720281,-0.38668337989789475,-0.33736623751975919,0.45831543183216256,0.87334257031004525,0.16498399870515479,0.23083972676295639,-0.29622410198190263,0.9268032703616339,0.98530520532912536,2.726740773876311,-1.2416596961561919,0.16617753580906,0.1362229934713824,0.4956268221574344,1,5
0.11168055210611619,-0.86587089137686724,-0.48764234203717682,0.99303565343027689,0.078713581430926299,0.08766049916934919,-0.037518599355194582,-0.49403620471028903,0.86863144263713943,5.8658233922991982,-18.07082450025969,3.0993572538268825,,0.1623972569935319,0.2222222222222222,0,4
-0.94141333919813019,-0.037200432712773283,-0.33519703546691548,0.073278703907319193,-0.99271569341243882,-0.095633590366168197,-0.32919774654983508,-0.11459354195871181,0.93728179530377509,-16.507818881166109,6.6434009116344441,-8.6496252969251195,,0.3145460916626749,0.2375,0,5
-0.94562177949890647,-0.0038575700334228286,-0.32524539856969231,0.029930323872811894,-0.99671932573621136,-0.075198147695401923,-0.32388829224007037,-0.080843706356080208,0.94263496078408948,8.5736012619863278,16.650911225442488,-0.5467078319165638,,0.4001531432310765,0.7,0,4
-0.36898370595817598,0.92925637600962829,-0.01826505906979848,-0.92905363158415355,-0.36932427536601709,-0.021422634423950707,-0.026652849334850296,0.0090646164187588047,0.99960365062934553,-4.6344018338548132,17.122835276173664,-5.3985945907394601,,0.4630912425246059,0.1428571428571428,0,1
-0.66644963646015265,-0.65754534536863452,-0.35139578945424821,0.68918811499468802,-0.72311899614672936,0.046028899202731573,-0.28436705894354153,-0.21150185861072204,0.9350948291975586,-14.689013274743674,-5.8286047552932194,-6.1033734199869825,,0.2525700050941998,0.6086956521739131,0,1
-0.28146133852354072,-0.80366741865838165,-0.52430734793965095,0.93744252333847222,-0.34696415645499812,0.028590025747960032,-0.20489272889327786,-0.48346101634200545,0.85104900876754486,15.860280794999433,0.90260423899442788,4.4297691375630297,,0.3886022942404597,0.1052631578947368,0,4
0.5176444363946644,-0.76878646265455264,-0.37551512926745262,0.85161180187496477,0.50526334385946237,0.13952165516231024,0.082471670147550538,-0.39201572441811028,0.91625438358133848,-21.802860009304663,6.5173117153283231,-10.863851426506239,,0.08916871547300592,0.2894736842105263,0,1
0.086964865141625533,-0.91810553950509344,-0.38667729511953469,0.99445068405986248,0.056938162081555672,0.088464019079200415,-0.059202611460724579,-0.39222476213114743,0.91796230138682433,-4.9347409558183246,-14.068195634273811,-1.1358194254835099,,0.1379247785440115,0.2173913043478261,0,5
-0.25164066702505805,-0.86903061152802685,-0.42598447263533823,0.94777426578886625,-0.31039420243611465,0.073344258142154686,-0.19596151613916088,-0.38528072274806519,0.90175265393076032,-29.034785149146586,6.916434398019498,-13.850866224441951,0.3325475697119583,0.293177894697404,0.6507936507936508,1,5
0.47646891615801978,-0.81115371947234194,-0.33912684252560554,0.87666121788927709,0.46757364440487487,0.1133137066150094,0.066651939087252851,-0.35128980976414376,0.93389131518168667,-7.6635639870558592,18.476285386401205,-6.7340799575537815,,0.07305137995841818,0.3684210526315789,0,1
-0.76537113988907257,-0.55086923462475768,-0.33279138295460159,0.56716404905886675,-0.82171327523202065,0.055787406846144298,-0.3041906633676546,-0.14604923707914275,0.94134885173805105,-12.978486069805843,-4.1841368161892829,-5.6815055126146046,,0.116269832257065,0.7647058823529411,0,1
-0.70253966000017953,-0.60228545668328637,-0.37906497437067149,0.65901318129328479,-0.75164234737411362,-0.027118416539992269,-0.26858825925296276,-0.26886057781262296,0.92497261402147812,0.52132607841227641,26.538542536448013,-4.7094075191752278,,0.3670718369399436,0.32,1,5
0.31396961878110308,-0.88860078926012287,-0.33438258897367001,0.9494184997977152,0.29579688738001059,0.10539788260753459,0.0052526873410799957,-0.35056074900448098,0.93652526422575122,-3.697290675657547,-15.191920849405657,-0.66993170285700909,0.3347388646133524,0.2956418784130307,0.89,1,5
-0.93166815873659881,-0.11407153492320689,-0.34493785950025785,0.17504208613033176,-0.97290619684286805,-0.15104237891362821,-0.31836254503238509,-0.20110001756591209,0.92639304447706894,5.3822723863507322,-11.085004885143725,2.1452865786925219,1.010524386549013,0.665674606583831,0.2976190476190476,1,2
-0.18163575500996265,0.96564756253624884,-0.18583120693188623,-0.98183937331048621,-0.16756068636252647,0.088965506815784232,0.054771320225380546,0.19861571275586332,0.97854580941683478,9.4022830845744352,20.224123132335535,-0.82124313523400405,,0.1346138412419036,0.3076923076923077,0,5
0.72895092134229833,0.62214761408349051,-0.28559219275819564,-0.61482376342812128,0.77844945083168593,0.12652348566146696,0.30103537034424277,0.083359455312917871,0.94996258190080196,-6.5066161463198542,-6.7801181045444769,-2.7629223783934465,0.458887672438656,0.2190342150336995,0.5037037037037037,1,5
-0.81468703353875194,0.55392907132223479,-0.17160309241943689,-0.53894215188133932,-0.83247364512469224,-0.12856510840161087,-0.21407100296242479,-0.012256186882272884,0.97674121013386495,-12.829423894826647,23.772438643562193,-9.4464758337267085,,0.386142234518839,0.3548387096774194,0,2
0.95646333120581695,-0.055296055779119446,-0.28656629647246584,0.11509287693534985,0.97377775287694246,0.19624096840536931,0.26820053269413352,-0.22067902985377941,0.93774689551359147,-0.054502256645413999,13.94363699959519,-3.3107710459022131,0.3179857963508836,0.2741010055972885,0.6153846153846154,1,5
-0.76488279774895729,-0.53666378775579238,-0.35629522115702811,0.5699412345084347,-0.82156718397893025,0.013940997666363461,-0.30020209012385468,-0.19240410889723236,0.93426942793004464,10.59978181922601,15.394254031031792,0.33753807733845015,0.17806658183787,0.1064991801703632,0.4615384615384616,1,5
-0.61126265092666554,0.75769036907281395,-0.22861162743046776,-0.78654192801644107,-0.61364029409360654,0.069263157139202808,-0.087805279193699376,0.22215061125059576,0.97105063661309743,-20.173549178195842,16.715523386733771,-11.430864625145572,,0.1581409430509748,0.4090909090909091,0,3
-0.64779310386583289,0.72198364664000836,-0.24311254300891827,-0.7470736459871965,-0.66451918292019396,0.017182054663863376,-0.14914778595495295,0.19275339041238829,0.96984589932074372,-11.527574758392731,10.294207440595994,-7.1275756404148076,0.9016400753496763,0.7126500639695124,0.1978021978021978,1,4
0.91720747096742472,-0.1568572639237889,-0.36623251351550407,0.28051606296980131,0.90701493139376654,0.31406154276619647,0.28291552381844187,-0.39079369619161453,0.8759218534774853,-2.7904166461331052,16.193323442983321,-4.6038595719104389,0.3284585868306096,0.21022369779306,0.3064516129032258,1,5
0.72511256988058925,0.63443187514793653,-0.26778341397002386,-0.59868877005382903,0.77293761290779572,0.21009332013139367,0.34026977181730594,0.0079776154753086921,0.94029401786820221,2.5352615563262364,11.936946607524233,-2.1004172555888108,,0.153537275024538,0.1818181818181818,0,2
-0.30584986993284941,0.93767236189437042,-0.16500423873795617,-0.95130122693809271,-0.3079825267279413,0.013143015496923351,-0.038494579983921744,0.16098852434166291,0.98620528407738506,14.308513615469984,-8.3844286083199204,4.9890827954452526,,0.194302475529388,0.16,0,4
-0.69611745957141025,0.68592480736912387,-0.21196141421371759,-0.69473102992141844,-0.71804088017952006,-0.042024879004556523,-0.18102286746202448,0.1180019195888484,0.97637404125118765,-5.3288088687154218,16.766824537099772,-5.6057990659419055,,0.396717757881722,0.3421052631578947,0,3
0.7663132603227526,-0.55085584860726988,-0.33063850518153259,0.61497018965103489,0.77787042406685913,0.12934167620150544,0.18594529543412402,-0.30244906582300712,0.93485234646371151,1.9162610269747524,11.006554238769683,-2.1908056621527763,,0.08007425118305836,0.1914893617021277,0,5
0.87047938958039472,-0.31697980889238037,-0.37654937666963967,0.44009774997954304,0.84381810585907169,0.30705858510608774,0.22040781015809693,-0.43300670315707473,0.87402837038757142,21.791242977543426,13.079333270857369,4.7433545250889377,,0.4840744097541922,0.2,0,2
0.51905598717982104,-0.78129248967230869,-0.34664524770206534,0.85073827786827538,0.51143127598245386,0.12117108779192817,0.082615160488263617,-0.35779895965276892,0.93013689300494584,1.5817395111083914,1.8054157958346457,-1.0289273034576243,0.1552377792902948,0.1355997055140393,0.5035714285714286,1,5
0.23313117781536319,-0.89438505927248724,-0.38173972766869674,0.97217924878577611,0.20517664701385971,0.11300465366732973,-0.022745596513274461,-0.39746434968472211,0.91733566842729697,-10.742102825124277,12.878729152953342,-7.0174271207022709,,0.07327263604705819,0.1578947368421053,0,4
-0.32194616861077702,-0.8604209688096236,-0.39500179866621932,0.92358007353299776,-0.37717681363240874,0.068829492449703475,-0.20820785837624356,-0.34265639887620691,0.91609829168030121,7.758182749284817,2.4872478704966441,1.2473227653639722,,0.2448292872220245,0.1063829787234043,0,5
0.61138127406837162,-0.71137072216637542,-0.3466477078577393,0.78296528681430777,0.60733384365863641,0.13457697422150558,0.11479676546977868,-0.35369096396616756,0.92829112063315578,12.559859481615401,15.172135765563507,1.1713029234806847,0.2025564664728138,0.1620696813494208,0.3846153846153846,1,5
0.59994001744422343,-0.69239597143953724,-0.40082389425198262,0.79138864538436793,0.58709784999393166,0.17035294681688823,0.11737115244266685,-0.41940902859476237,0.90017780427395444,15.901757498446992,14.008959873446759,2.4266050178292269,0.7184761055452239,0.7756632799084191,0.7934782608695652,1,5
0.5864023182978062,0.80223113147698977,-0.11206039792945463,-0.76586795304952804,0.59415824553133667,0.24580939314609168,0.26377755701856942,-0.058319730420098172,0.96281888715222197,8.1294597790985907,10.188246468462603,0.16274791283903706,0.2636335158867278,0.2089889002141868,0.303030303030303,1,3
-0.88076705288565438,0.42025227316543434,-0.21825999507560995,-0.41635112539326025,-0.90681299839747354,-0.065893294963522309,-0.22561280755951216,0.032836151368110973,0.97366351899845049,-24.229797750490651,7.5851715149304288,-11.938128819748256,,0.1682994693925318,0.2727272727272727,0,2
-0.85374412056648219,-0.40533512694314161,-0.32684003956698976,0.41178605818338149,-0.90976015479455175,0.052618466663193468,-0.31867415785400099,-0.089665465002866263,0.94361373744867816,10.716953929383124,7.2196762005415085,1.7758679598450646,0.1311971563008489,0.1193504827264611,0.5,1,6
0.13132102484743602,0.95468498399176627,-0.2670793323596205,-0.98126123447360247,0.16349885445019319,0.10195349093001539,0.14100063174454672,0.24868595845788311,0.95826620305295307,15.49567292203014,3.1693447553089324,3.9384161386075518,,0.07446221530879406,0.2272727272727273,0,5
-0.54136837253824566,-0.68863090318454179,-0.4823979315819395,0.80411556568966258,-0.59165471367394629,-0.057817443760462342,-0.24559813157042779,-0.41920422107445743,0.87404197771186731,-7.5140170843721483,23.60415393955644,-7.3894741753106032,,0.3489144946094986,0.3043478260869565,0,2
-0.92486354496810652,-0.17745543173181819,-0.33635842926542125,0.21877716064709107,-0.97171659954031253,-0.088901091989964431,-0.31106908745200668,-0.15580892120377851,0.9375284544508985,-3.7010337371309379,-21.255263599053229,0.061897939255191908,,0.3202006377402207,0.45,1,4
-0.16488490430998956,-0.86029778363055287,-0.48239060087344526,0.97790641066360917,-0.20631190897470697,0.033681570602153738,-0.12849910627588537,-0.46617927849226654,0.87530843706131845,-18.735724046970372,10.640291997712135,-10.00306193394419,,0.6336957120063653,0.5106382978723404,0,3
-0.84337676936560169,0.48458020538960123,-0.23215867297823128,-0.49524326681158165,-0.86864155611388449,-0.013998345253701775,-0.20844599197929847,0.1031691404278496,0.97257719328141001,7.4998277382413283,13.710020887963489,-0.52577140189021776,,0.5176477792117145,0.1470588235294118,0,2
-0.2149443390841651,-0.82414297293612404,-0.52401077398816842,0.96138757649811357,-0.27296821405865662,0.034961147989039064,-0.17185126956399094,-0.49626274721525798,0.85099378780083368,0.23961845011871999,12.563811089222435,-2.8940620917745461,,0.1940119289535164,0.1764705882352941,0,3
-0.86714656223995989,0.39087730271510429,-0.30866126063628929,-0.41672351883598036,-0.90881669895728512,0.019842291836901279,-0.27276060647457273,0.14583258181403511,0.95096504122763381,3.2350187735426035,15.902485537762363,-2.3710792735506208,0.4706588674752363,0.1697815213939139,0.2777777777777778,1,3
-0.68564886418934978,0.66906274539850485,-0.28677635494522674,-0.71215454954640556,-0.69811853636786536,0.073935152261597539,-0.1507366332256721,0.25492263904840901,0.95514025959771176,-27.545188577374194,7.9466670133238901,-13.271894851696597,,0.07816475788974014,0.3333333333333333,0,1
-0.265773369492245,0.95498065287869149,-0.13181983422887691,-0.96387726918006933,-0.26075620304811642,0.054284551484774166,0.017467856958202497,0.14148552999978281,0.98978619851661398,6.3748527483846189,-14.928496364221742,2.9954909313498761,,0.6532755156489588,0.5333333333333333,0,3
