axis_00,axis_01,axis_02,axis_10,axis_11,axis_12,axis_20,axis_21,axis_22,location_x,location_y,location_z,dbh,dbh_approximation,score,reconstructed,number_clusters
-0.90148829954129783,-0.37577759302634589,-0.21473249956507548,0.39240495625506139,-0.91895523479674013,-0.039238077757854838,-0.1825847641414875,-0.11963476509357122,0.97588438192462301,-14.236173199900028,-12.719823857802286,-6.341712095375942,,0.3400093090912413,0.7790697674418605,1,3
0.4432020575659652,0.89077993551908496,-0.10041435478012932,-0.88390787504994872,0.45291624604248393,0.11650640538385935,0.14926086089118895,0.037121160372474815,0.98810081209288658,0.00609015416445291,-4.3247043981143047,-4.9600361633326964,,0.07519751488300139,0.1882352941176471,0,1
0.39812173851015936,0.90468327532456305,-0.15181321639986081,-0.90484392166671002,0.41450166468702698,0.097189749431168676,0.15085277176259729,0.098673914079183217,0.98361928607151528,-2.1143728904521915,-7.2149885536387179,-4.9316216430531368,,0.1568538897918469,0.7411764705882353,1,3
-0.58443099217480732,0.80411603012062782,-0.1088017715325123,-0.8109558786052542,-0.58345288492984881,0.043969239504655012,-0.028124337168216319,0.11393042249583381,0.99309057013384761,-24.409454790213445,12.851345607482431,-10.852300101450023,,0.1361750988441847,0.4137931034482759,0,2
-0.9258067344528218,0.34679702447225441,-0.15037856981296566,-0.35595535056043065,-0.93372505128635896,0.038122395093792324,-0.12719150462669779,0.088822026645854521,0.98789319702755318,-7.735265057915087,-15.55780236884455,-4.9974209194659815,,0.1263607469317009,0.2727272727272727,0,3
0.55496137039533888,-0.80274528596926797,-0.21821522225327325,0.83127710405695188,0.54509495167508082,0.10885710784798959,0.031563485859693104,-0.24180880776443858,0.96981041799308676,-8.8443327251346275,-10.756252753729076,-5.7299051849064462,,0.3940837495915206,0.7293577981651376,1,5
-0.27852127020598344,0.94647747527749415,0.16311434895552893,-0.95984038557465123,-0.2802569814031925,-0.012745924630054332,0.033650204497892452,-0.16011375071214551,0.9865248352525845,-17.766675176554422,14.014711800781853,-9.8548362840032873,,0.6471503378278484,0.3333333333333333,0,1
-0.95985719796914892,-0.21195682740339086,-0.18370754699768049,0.20974744031150078,-0.97724466305387225,0.031605059966694729,-0.18622612810663602,-0.0081958434473896613,0.98247272601360203,-6.9284054498538241,-15.230151097418807,-4.8542411516706121,,0.2391704411891324,0.4545454545454545,1,5
0.46957964654900897,0.8826251216095532,-0.021629846292303866,-0.8724207430083305,0.4676337106424609,0.14212937711660878,0.13556180404413301,-0.047870736097160416,0.98961173695031313,-7.4240522975589069,-4.1674873083378872,-6.1782641439530046,,0.1568268390064706,0.1770833333333333,1,5
-0.92932501782202881,0.33365759865928662,-0.15820119502394306,-0.34499085506357841,-0.93728463278559748,0.04978782046312049,-0.13166746436605473,0.10084703268259947,0.98615087832771708,-1.5867454117928643,9.4322756657827362,-6.9324801403250476,,0.2302378220382296,0.8052434456928839,1,5
-0.41412430554547741,-0.86355312048246424,-0.28771004094656644,0.90410767393637159,-0.42682440155317364,-0.020254485136358736,-0.10531084220458899,-0.2685087304796141,0.95750336196296792,6.560837581262442,-7.089171656277057,-3.5371286258742631,,0.7232455692479611,0.3703703703703703,0,3
0.53865344136184767,0.83960572229013575,-0.070104929974277155,-0.83010044168328923,0.54310656582334693,0.12636658924248603,0.14417255919989419,-0.0098736648328006989,0.98950330161981925,-21.402207193663475,4.8554317262306341,-9.4440776330065876,,0.08760284565148208,0.5454545454545454,0,4
-0.56105842046828547,-0.78384471322292715,-0.26608441212160422,0.8114244548446482,-0.58436302648594418,0.010497969148986838,-0.1637186699851246,-0.21001742505957602,0.96389256573004412,-11.621948311009071,3.8962536708062703,-7.6981236804953559,,0.5000307094868051,0.8918111177525403,1,5
0.77910346110892847,-0.57898323890624204,-0.24036681541703336,0.62229801558989029,0.76063187816175393,0.18489003682461627,0.075782429896206899,-0.29362825986229701,0.95291104953676886,-4.5045114395912709,-14.936183574281637,-4.5306214051415319,,0.3872472067643422,0.3888888888888889,0,3
-0.3973538097876711,-0.89958789118434779,-0.18125003691509431,0.9063041155004562,-0.41568721589553098,0.076269186228510782,-0.14395415962784999,-0.13396180267345534,0.9804751069508697,-4.0567047887642218,-6.1408342601781163,-5.4283218818902172,,0.2644715867989647,0.9308035714285714,1,5
-0.37347063376749129,-0.90794376132352173,-0.19015207594713371,0.91711638929807315,-0.39218413461884194,0.071338159733310286,-0.1393456644254629,-0.14774887758276228,0.97915936138039372,-6.9708295681228076,-7.1251477210827003,-5.7887070624250363,,0.1873407027291185,0.6928327645051194,1,5
-0.11357745635014634,0.98250691377732269,0.14758159027734813,-0.99145334504957039,-0.12167990319498027,0.04705598525668727,0.064190544467608024,-0.14097576223670755,0.98792986009267458,2.845129736994771,5.3205129518194747,-5.6369625358530264,,0.6356747727456522,0.2222222222222222,0,1
0.12251057489309755,0.982959941705287,0.1370434677104371,-0.98715254912644101,0.10641622842653432,0.11918653900772942,0.10257194447085434,-0.14988441990484064,0.98336852546604192,3.6474406319440109,13.639695074882205,-6.5551726802747368,,0.09538077477459096,0.3076923076923077,0,2
-0.97715488997056199,0.16622494129910934,-0.13242956579528106,-0.17298390346146614,-0.9840624878286881,0.04120181053846244,-0.12347019944040423,0.063168733868273957,0.99033571121697228,-10.100684596350812,9.0833076084274698,-8.0748694678972619,,0.4015674862890067,0.8449367088607594,1,6
-0.32770360239475571,-0.88791341253559564,-0.32283141237632607,0.9352219183642857,-0.35334615522651674,0.022504621695639701,-0.13405339379711897,-0.29454416719064708,0.94618889297298514,-5.5537474861568858,19.347370419442861,-8.7178643542222556,,0.1332804912670843,0.3333333333333333,0,1
-0.82052277549577801,0.57097943680894647,0.026923180236405306,-0.56428557081503428,-0.80158664428839521,-0.19758705997210113,-0.091236886524334052,-0.1773170449782154,0.97991555559524479,3.6426396397847629,-9.4857861025025727,-3.7565768500056791,,0.2596859788533067,0.2222222222222222,0,1
0.8184164718822472,0.56347927561698141,-0.11263030010604722,-0.54432576154454893,0.82303103751250706,0.16226329409337842,0.184130236166587,-0.071491378789678983,0.98029844378535513,-0.49494606546860592,2.9217680114972735,-5.9166976853858708,,0.06596754504965111,0.2670454545454545,0,5
-0.53310282892488414,0.84411125179834845,-0.057250051351181018,-0.8459218379896889,-0.53297992463827903,0.018672009659451868,-0.014751874607459286,0.05838316983516157,0.99818524717387336,-3.7004336249627641,-17.303023912566495,-4.1044859255272872,,0.1683592904962929,0.2857142857142857,0,2
0.41709967521042352,0.90794214225074266,-0.040852506220435625,-0.89576549564730701,0.41827724507732195,0.15049359806403406,0.15372715357766931,-0.02617656539077351,0.98776654614197634,-7.0496007983692932,-1.6550569282898164,-6.4003642764446722,,0.2209443414617737,0.3627450980392157,0,3
-0.95756625347993618,-0.22625154841129017,-0.17854161150244749,0.22846237859396809,-0.97351688428831851,0.008355691039596172,-0.1757037613814332,-0.032788913477827378,0.98389688249803808,-4.7309732147250463,19.398027743739028,-8.5918522993022108,,0.2814149327175789,0.7761194029850746,1,5
-0.97296781979525193,-0.098808277943116224,-0.20873558837148218,0.10514913719849021,-0.99426575894936309,-0.019474586703156216,-0.2056143978161209,-0.040896513185864056,0.97777819295582125,4.7856826344453021,9.4552987984152868,-5.9021108299112175,,0.325900682840233,0.35,0,3
0.82037092360559438,0.55925030013222765,-0.11929228602267766,-0.54135052200582556,0.82675467556396598,0.15302391563785156,0.18420412597583993,-0.060957429695924083,0.98099593869615109,-19.596248713611875,-7.7967648199865076,-7.7797536856297755,,0.6912574697403849,0.3829787234042553,0,1
0.88397168011956151,-0.40459421963611447,-0.23430233926199501,0.45411593970279801,0.86222212995588743,0.22439187133712532,0.1112330079357927,-0.30475648647957587,0.94591262910174712,0.34783110128330219,13.597905222447279,-7.0987755210020813,,0.08409367640726217,0.3571428571428572,0,2
-0.30511997104697114,0.94965605983431101,-0.071099727765070758,-0.95226720006417831,-0.30351393002700366,0.032656912920444182,0.0094330774525545422,0.077670215008938531,0.99693447866459095,5.6665736638092428,-4.4109136416772747,-4.0057438557983609,,0.1255857212405125,0.2954545454545455,1,5
0.64538027447886193,0.75484623140038676,-0.11701054761953295,-0.7434114481572851,0.65589704129355708,0.13091405566647835,0.17556685354097215,0.0024976314763411589,0.98446434256133986,-1.503766582512988,-13.881031012210229,-4.1810972034345797,,0.09292487495946201,0.2903225806451613,0,5
0.96302987363798054,0.20294603801969341,-0.17716198275286393,-0.17329060093398907,0.97019152561240019,0.1694071169042847,0.2062615575155822,-0.13244360793180698,0.96949206320075332,1.6471088759908825,-11.51333834509656,-3.8890808531249048,,0.3640349619376839,0.1153846153846154,1,4
0.10473733487945373,-0.97816783651985761,-0.17949310371267921,0.99219922276145511,0.090509270522254687,0.085724992278179507,-0.067607640351618356,-0.18707152521853979,0.98001706690164114,-4.3817048122441538,-2.2042406377536792,-5.9039603532989702,,0.3828986109953029,0.9551503203548546,1,5
-0.3292029845356278,0.9348914580065788,-0.13267764212243471,-0.9439858402577227,-0.32246210470365932,0.070063716879761734,0.022718458701161421,0.14831100018683674,0.98867978580419247,0.6107547503991112,7.5319798049717308,-6.2914132796651261,,0.08663393863451765,0.1612903225806452,0,2
0.030478781134230658,-0.94127448285628712,-0.33626387231488525,0.99643576564587932,0.0021393703717676117,0.084327860379134423,-0.078656270203220621,-0.33763555946914453,0.93798476540915954,-20.030591189921388,3.6527320896574516,-9.1070075712376592,,0.2758910692323088,0.25,0,1
-0.870991522066345,-0.45190650974271235,-0.19275444207776707,0.45514214395643876,-0.88992134141868584,0.029759618315818623,-0.18498485690263369,-0.061810294771393721,0.98079564139375408,-8.4775970946327242,17.743096800663984,-9.0156163027385325,,0.07191489961930697,0.3888888888888889,0,2
-0.096298092549040856,-0.88241585189294558,-0.46050943714484727,0.99035927275855762,-0.13122790643759158,0.044359299286032737,-0.099575038200130625,-0.45179807536116656,0.8865457184304647,-6.1908237246103779,22.322602240058515,-9.0846516780033202,,0.1402648613783223,0.5,0,1
-0.16307578816721571,-0.95490490000002637,-0.2481187604144067,0.98077141321963168,-0.18422735649024155,0.064402764938970888,-0.10720877914055488,-0.23284525564537015,0.96658644962498552,-0.21873111727328831,-6.3696275613966638,-4.7463869226556863,,0.09021576191810914,0.1379310344827586,1,5
-0.38522206604935272,-0.86467499916201929,-0.3223989851919965,0.91186265000177313,-0.41034790173466251,0.011004865910238968,-0.14181137951663444,-0.28974427581251805,0.94653990263140375,-8.1375244675083582,-8.4618056734070457,-5.8125051222370265,,0.215530276789798,0.1153846153846154,0,1
0.50856921104386044,0.86097898099565306,-0.008517738074835482,-0.84590809366950315,0.501463488096351,0.18158707875470376,0.16061399267390039,-0.085144373800778952,0.98333797901200837,5.1891658161514007,-10.975606141583036,-3.346326215189861,,0.2699078642006238,0.4,0,4
0.94418910374879317,0.29470063622677956,-0.1471681737658776,-0.27412234848105876,0.95069329834500937,0.14504892466032726,0.1826578069103022,-0.096611528760389656,0.97841828380570484,2.588729248017025,-7.8928614380005255,-4.1382377974280233,,0.07750511969130246,0.1555555555555556,0,1
0.85293709531641426,0.50553237733787804,-0.13013580174690889,-0.48804686931689428,0.86071768974850316,0.14482856038771214,0.18522571307239122,-0.060017280987330224,0.98086154027962147,-16.83276652502661,-12.683082277348118,-6.7928476670200117,,0.163139157242472,0.1818181818181818,0,1
0.39341170758744887,-0.85046647045228108,-0.34919050813211855,0.91929873393320238,0.35943472579740576,0.16030132775418693,-0.010819709882392888,-0.38407481110765807,0.92323857878160509,4.2730032448831912,-3.3152691545047461,-4.3410484572312731,,0.3165119295036437,0.1842105263157895,0,1
-0.51505462812388914,-0.83591469556367626,-0.18964533157673116,0.84293090891355471,-0.53409611450733629,0.064875444247684558,-0.15551917195744908,-0.12644351390582317,0.97970700974567759,-2.6736774039881643,-3.0986151963115129,-5.5274085271645435,,0.2588803074862375,0.8814729574223246,1,5
-0.098324567871360083,-0.96122567780833013,-0.25763826516033256,0.99042421543547965,-0.11973314662163709,0.068730248647122363,-0.096913120019551602,-0.24841330463966108,0.96379389770120361,-13.386227946175099,-3.6974904056319677,-7.2337737618017668,,0.2300481670038986,0.8064516129032258,1,3
-0.29390813231767093,0.95427112818228699,0.054631709429994631,-0.95583315456837414,-0.29348701732774057,-0.015759165204311268,0.00099518109339577997,-0.056850545976019309,0.99838220388627696,-8.5458626416049128,15.309321870969358,-8.596968231326553,,0.2623553795643834,0.2083333333333333,0,3
-0.20464518094355275,-0.90575371126997561,-0.37112068715883506,0.97495803037282669,-0.22233257072406243,0.0050066961928794474,-0.087047050082806179,-0.36080249793466673,0.92857114350812464,-0.56355267176216128,17.309153347684386,-7.6739410351640434,,0.4935736842786035,0.5,0,2
0.45111448176324714,-0.79309925872287912,-0.4092545542284135,0.89190611765641603,0.41687792590118561,0.17526058365583957,0.031610150751569782,-0.4440792279644995,0.89542975026515503,-25.971088896227638,6.4358987049549325,-10.371149757433846,,0.3263489463603711,0.25,0,4
0.17715398399547852,0.97799223438008331,-0.11021640280276238,-0.9774095350814489,0.18794425350426194,0.096682771508632873,0.11526953928247723,0.090598824865318853,0.98919400839604155,0.5275369208502878,-5.6741777230459114,-4.7112123928721727,,0.09691092043390295,0.1395348837209302,0,5
-0.59469444713944297,0.79726251792941905,-0.10349392275082965,-0.80327634455270736,-0.59452667544204163,0.035848939592025807,-0.032948881977268085,0.10445338526192177,0.99398383361288745,3.96370706655778,3.4433515179590497,-5.2092484202781026,,0.06982874699687108,0.3255813953488372,0,2
0.65980114596901684,0.74729132715325075,-0.078855057792793004,-0.73124669665213804,0.66268932759486354,0.16162030728594443,0.17303385915278968,-0.048974763433837561,0.98369749218613534,-3.741804256212601,-3.8397950303290367,-5.5872506669502915,,0.1019751232402311,0.2966507177033493,0,1
-0.86344725231470443,0.49490546604434582,-0.097608514739316546,-0.49325137708906475,-0.86886690856428195,-0.04211144976948443,-0.10564999512507085,0.011784518716336168,0.9943335474822802,-3.7798107347758867,-15.768138591840735,-4.3240518194085791,,0.1555667830133875,0.391304347826087,1,5
0.98120062229828708,0.11670579625474717,-0.1537045735233645,-0.092110718332967495,0.98306548846807529,0.15842304425559073,0.16959054917547325,-0.1412869509316752,0.9753343237714911,-27.256625502482983,7.4967392686684287,-10.732500998572759,,0.1231405726961158,0.4,0,4
-0.8725526568133416,0.458771540944451,-0.16787058797607651,-0.46108410098032254,-0.88693670383497891,-0.027289837183669428,-0.16141038662721624,0.053590639199373111,0.98543124086820766,3.6696273329674627,-12.994286093691754,-3.4277874633660197,,0.3049551051325914,0.1578947368421053,0,3
0.42950386891031805,-0.85273809531074596,-0.29726110979553144,0.90297926370260073,0.40099333167290585,0.1543787461957567,-0.012444915193735062,-0.33472688681918805,0.94223300479560634,-34.361180790430012,9.0728347279381349,-12.043021653035366,,0.2858706136642263,0.3571428571428572,0,3
-0.77045922593170213,0.63457268938166067,-0.060910451218570964,-0.62798339291378058,-0.77193693227294224,-0.098743257073767479,-0.10967880105662965,-0.037826901590882478,0.99324704183542123,4.4653548992092054,-8.1159146421518162,-3.7876657865837413,,0.269187127866547,0.3636363636363636,0,3
0.56380087826673797,-0.7912754065759573,-0.23666812335781129,0.82583288667958354,0.53617169433324119,0.17469962070447365,-0.01134076470617168,-0.29394411908366935,0.95575532533803043,-12.260990316664374,-14.509263000646351,-5.8511873570239423,,0.3684340359123181,0.4722222222222222,0,2
-0.97604725409478799,0.15463916279480389,-0.15303100046770524,-0.15659222689211144,-0.98766307898492312,0.00071894853154118115,-0.15103189150306687,0.024665192886811932,0.98822112708080789,-2.0026142726488647,-15.910353071218649,-4.0119406331012746,,0.1294916902048317,0.1739130434782609,1,5
-0.74171968350604855,-0.62937086828820499,-0.23182799927929043,0.64653036321679502,-0.76288397159897914,0.0025564264369896286,-0.17846680514439336,-0.14798768877011204,0.97275343403867465,-4.9597405194666102,-4.3931904178728773,-5.736653087367289,,0.1998210065821356,0.2394366197183098,0,5
-0.55833460388165634,0.82441314653255215,-0.092765478129586978,-0.82909806997171931,-0.55843684115967662,0.027288913587243519,-0.029306321459439295,0.092148023635338638,0.99531396115126258,-12.155795670588098,8.1309879492115069,-8.3103956179882985,,0.724541405223596,0.5849056603773585,1,5
0.4597931960914296,0.88782371114509218,-0.01895454448369004,-0.87504865120834874,0.45660640521532869,0.16062518088638764,0.15126161061709614,-0.057268216707794597,0.98683345935807809,-0.0035634684118159986,5.7720870217624105,-6.0678931089209751,,0.3508641198958775,0.5421686746987951,1,2
-0.06486031014797089,0.99746212110541776,-0.029367620390309511,-0.99539033771209162,-0.062585988264790351,0.072670968497242097,0.070648536834931414,0.033945707133595279,0.99692350419191289,2.0994457171409668,15.173773058300794,-6.9816163633792705,,0.2725266812238119,0.48,1,4
-0.71860917980789552,0.69457353967022994,0.034182520179044315,-0.69246784447893728,-0.71017968588034441,-0.12701613332797235,-0.063946313877483396,-0.11494525546042519,0.99131148343425324,-13.235644967088312,-13.570691004407793,-6.1309499870748896,,0.08935910751942963,0.2352941176470588,0,2
0.57003550805022596,0.814951378388032,-0.10446899265029233,-0.80544553809698294,0.5793832961579497,0.12478974834821271,0.16222516673309867,0.013009496400531156,0.98666800306983826,2.783947259180573,-8.8955639102562714,-3.9518352769960261,,0.2184500694521117,0.3548387096774194,1,3
-0.98453484422654336,-0.0395405349952591,-0.17066835264953054,0.042377688134558021,-0.99901693335625219,-0.013011472470053265,-0.16998609370235546,-0.020042778244482477,0.98524261732227969,-19.812649260995848,-10.363893996777826,-7.4855898455235286,,0.1272540123277779,0.2222222222222222,0,1
0.96139974793903027,0.23772620941996861,-0.1385524233551389,-0.19361181340207964,0.94225529202463598,0.27325707742476768,0.19551212334258633,-0.23588389942168678,0.95191060274570549,-15.60559886629089,10.215469039120659,-9.1211251489115472,,0.2440289993690864,0.2222222222222222,0,3
-0.72548573394457538,-0.64481704106132864,-0.24058560513840516,0.66482749312459966,-0.74699204316508361,-0.002700339555199363,-0.17797430777660084,-0.16190698257013414,0.97062416761920423,-13.716505957201937,5.2077440871537899,-8.1923862371292397,,0.08190316858746645,0.3962264150943396,1,5
-0.70337075325467791,0.71049618149007721,-0.021558282723055759,-0.70834385388301968,-0.70312588708629553,-0.062152808265290849,-0.059317519605079819,-0.028445790499302098,0.99783378819860158,-5.1696521481557847,15.228726722501687,-8.147185415394727,,0.7008617869714178,0.2857142857142857,0,1
0.17659872443222788,0.97946622872224864,0.097256348489573458,-0.97745925045625948,0.16290150267474138,0.13430008981306732,0.11569919717265452,-0.11878134204885266,0.9861565233545212,-13.307080656016,10.522660659981581,-8.7347514985040959,,0.4723236637395461,0.5151515151515151,0,3
-0.14653109581578458,0.98021269663423827,-0.13308533847144965,-0.98764536769225342,-0.13741537225081402,0.075323589566643714,0.05554516752211059,0.14247836616906154,0.98823815426178319,-9.7401780427852156,13.507879713688288,-8.5994194224387179,,0.2553424746611756,0.7857142857142857,1,5
0.98576813224573845,0.038751395216506883,-0.16358336962393832,-0.012270030852043638,0.98705939068348847,0.15988497617484193,0.16766226704788953,-0.15560234134586137,0.97348717278454566,-11.291300832100909,-0.32264572604143188,-7.2813483587263708,,0.1170579844076507,0.3076923076923077,1,1
0.93918176187309044,-0.29441263648394483,-0.17680163359972001,0.3170186870119715,0.94121152685828269,0.11670481478630146,0.13204836329982569,-0.16565645531542625,0.97730300754789701,-5.8093462626161623,-7.5885434729717698,-5.5679588121599854,,0.1053285241197749,0.293103448275862,0,5
-0.42781164882490469,-0.8812931523543025,-0.20074753483699942,0.89069068492745407,-0.44883158698420073,0.072251714918790386,-0.15377677624784175,-0.14789383401163031,0.97697498276473871,2.5186911494107305,-4.7467123738673287,-4.5118318044736343,,0.4623303268068994,0.828080229226361,1,5
-0.97544572767178395,-0.16297134097975077,-0.1481417374885439,0.16253966741684117,-0.98658648671986571,0.015098368712330274,-0.14861523772105434,-0.009351269486685021,0.98885088101093443,-13.888286245435982,8.0377939456386756,-8.5805970015203812,,0.2492451606205772,0.7837837837837838,1,5
0.90402868105673317,-0.37174461828823074,-0.21104047621383448,0.41066037674747835,0.89234811961916349,0.1872775704182511,0.11870214318386788,-0.25597025644766136,0.95936907862286047,-5.4450175819561322,-13.651031277187403,-4.8383118915727028,,0.2170635344968299,0.4623655913978494,1,5
0.26286448035879983,0.96305566561904632,-0.058532468637110868,-0.95674783974502031,0.26801885616643739,0.11313471563791623,0.12464283416601123,0.026261714686797461,0.9918540649877754,0.13847137239322618,9.8206138442500137,-6.711386073636505,,0.07358314155140003,0.1923076923076923,0,4
0.65900735849043357,-0.70431130690869959,-0.2639221180879327,0.75058626078090296,0.63834944099160951,0.17067588087554075,0.048265583829507776,-0.31057297716681537,0.94932336918003746,-14.175163068388839,-7.1628867298687213,-6.9298203960627953,,0.1512615756465283,0.5,0,1
-0.79098064795750722,-0.57755253020825381,-0.20194724411778009,0.58390230247695285,-0.81115947186391224,0.032839189508449523,-0.18277777687354441,-0.091942297423454264,0.97884569684177591,-10.435939930256209,7.487911493890917,-7.9856168443544249,,0.07115102495409183,0.2571428571428571,0,2
0.94198732615833447,0.30627147734731414,-0.13732319367304616,-0.28364230784029026,0.94511296824808311,0.16219900878960775,0.1794628612279022,-0.11383874302183283,0.97715598653802638,-20.630903506747902,4.300060239834548,-9.240003122957793,,0.0799279257457612,0.2058823529411765,0,3
-0.91997748560702886,-0.33583163920588321,-0.20213494523327474,0.34602428924379763,-0.93808382069031215,-0.016307563042693023,-0.18414292609137639,-0.084946191600072649,0.97922189890910338,-15.362675457211539,8.2041886791283662,-8.840564388400427,,0.104245722114472,0.3432835820895522,1,4
0.86425575828682499,0.49502884571932271,-0.089489810447114265,-0.46567458675148998,0.85456938264645599,0.22990943759899127,0.19028705558154602,-0.15702742483098456,0.96908886296822938,-6.1741014099362506,-3.5442263473382991,-6.0604016559306197,,0.1296084569670382,0.3573333333333333,0,5
0.03092305711921595,0.99719964534069006,-0.068092818055967966,-0.99529903920387008,0.036976424540901186,0.089512940896962212,0.091780101864476688,0.065004702603523076,0.99365527299017187,-3.4571287413643841,13.366881456209713,-7.6408521508814324,,0.08141667512457809,0.1818181818181818,0,5
0.51995772181519206,0.85292042412186597,-0.046590960931632452,-0.84219109347841925,0.52100033335270624,0.13882656342355523,0.14268191753120321,-0.032945451311922218,0.98922013103629958,-1.6520885997976185,14.340563226015517,-7.4910413946443049,,0.1879107732172468,0.5161290322580645,0,5
-0.35653159448278376,0.92864187902409712,0.10251576785136784,-0.93344584326932667,-0.3587059036560466,0.0029887063275216156,0.039548449005959378,-0.094627349138030739,0.99472688964173972,7.6163910622132027,-6.3864736367492272,-3.4812188857741351,,0.3659712196754626,0.1276595744680851,0,5
0.83870833579534165,-0.44767032749013796,-0.31009612276241255,0.5357086844800063,0.78059036161254214,0.32201691373327218,0.097900627373421395,-0.43619945580258745,0.89450852534641445,2.0845162979381469,6.0955021010937056,-5.8299631252787911,,0.1990458427588908,0.2424242424242424,1,4
0.9855068346489263,-0.020840480601971093,-0.16835068526303382,0.044261125371638496,0.98963831238044431,0.1365904954585889,0.16375967648078169,-0.14206225760935087,0.97621774380608584,-6.7351693783017499,9.2877320504885343,-7.572175295266347,,0.2996351640506253,0.8023809523809524,1,5
0.50046032208726388,0.86571012021099469,0.0092441214064886684,-0.85360850803755439,0.4916255857242039,0.17221149342373995,0.14454058607261017,-0.094075880147884428,0.98501662308419335,-0.22668311402076541,1.0826335142087393,-5.5945300102310398,,0.5112369499540369,0.2830687830687831,0,5
0.98685964482537702,-0.055453659368946452,-0.15176604718356834,0.080963535857443453,0.9825499755851268,0.16745283317737097,0.13983185358348318,-0.17753995927751259,0.97412864426786461,-18.798282477334361,10.445644531876701,-9.6756764563953688,,0.1579459813245196,0.3508771929824561,1,4
-0.98739588471312101,0.028963217753797354,-0.155597232844738,-0.011707693960518385,-0.99378598200423562,-0.11069034227973337,-0.15783629732643986,-0.10747350366124579,0.98159928140614305,1.0584903488439092,12.944362552639976,-6.8990549548442219,,0.5125195567025125,0.3,0,4
0.35511694713861935,-0.88178692216228516,-0.31039294089671376,0.93464630602184628,0.32847230833823271,0.13616983988633588,-0.018117298216467095,-0.33846383345716102,0.94080497285400155,-7.6915821352886731,-5.1830123937506585,-6.1312568414550421,,0.1200150094913123,0.1538461538461539,0,3
0.98248805364885949,0.091598254753314109,-0.1622559218131118,-0.071694100458041546,0.98961984619668297,0.12454925119472073,0.17198017442946123,-0.11073535903134268,0.97885673102012827,-21.94042461170261,13.82485645697048,-10.506114319956097,,0.2888821441529961,0.868421052631579,0,2
-0.8986560645623235,-0.36695962174578894,-0.24032876156120558,0.4055214573221731,-0.90387872984716366,-0.1362189024371328,-0.16724121883272769,-0.21987241240788619,0.96108610279479034,8.6745875836147324,-4.8668109737501997,-3.4313839953621361,,0.2896636971596293,0.5,0,2
0.60951278795491659,0.78281354456281826,-0.1252881309958003,-0.77479159575193179,0.62167102350595627,0.11499183312405713,0.16790516511292677,0.026983198143522572,0.98543379409595433,-6.8415320780316007,13.944275225066352,-8.2063441586409898,,0.1072684434189453,0.6190476190476191,0,5
-0.17101711273893214,-0.89802225105993272,-0.40535069230444126,0.97896743119401153,-0.20132938743798112,0.033003733353134078,-0.11124709349837802,-0.39118092279033451,0.91356530682434778,-1.2814574229548534,-8.7355246355244347,-4.6736174930755805,,0.3549333603885093,0.1224489795918367,0,1
0.7382599636585242,-0.61456782114388186,-0.27799032226568254,0.67104410780378654,0.71094721577228592,0.21036601856634643,0.068352259953394515,-0.341848577004641,0.93726598090358937,0.51767476704939785,-9.653017808213173,-4.2800521033134222,,0.7429753560031951,0.42,0,1
0.48046505354393398,0.87135746532661762,-0.099445964938740417,-0.86341633829851361,0.48985488181622688,0.12064170721602387,0.15383614361459777,0.027899146588791099,0.98770242408197306,-14.833522589546869,-2.1332753776964766,-7.6384509113452124,,0.07663057718377321,0.2222222222222222,0,1
0.88898487969277573,-0.38385054404754615,-0.24972914029408855,0.44378994419889517,0.85664324087786825,0.26308333905096404,0.11294409725861426,-0.34470439175134643,0.93189189995501698,7.4549761729736899,6.5329560949872203,-5.2104456353039845,,0.7579754374586645,0.5,0,1
-0.65384880080816288,-0.72097905712934507,-0.22950151385689804,0.74056091569544336,-0.67198816897974212,0.0011962004764813565,-0.15508473756644697,-0.16917771700828135,0.9733075691896228,-8.8056590216871466,-6.645343815087112,-6.1540422447504186,,0.1569239474443144,0.1758241758241758,1,5
0.65337151810654071,0.75647523626470681,-0.029169783088134491,-0.73535215456152003,0.64334078827665198,0.21300196928973364,0.1798968262890786,-0.11771935719256425,0.97661624235586253,-7.9691167445605595,4.9046856760385538,-7.2936102351951346,0.3053001744745252,0.1621822835902254,0.1683673469387755,1,3
-0.97550007204906108,-0.069175564438689829,-0.2088404910855802,0.093588504634605538,-0.98958569947697905,-0.10936788921304623,-0.19909997798225901,-0.12623345307503633,0.97181495877158508,-12.852250953819205,-6.6468235908346482,-6.7750711399525603,,0.2381628266544136,0.2702702702702703,0,2
-0.21589891831801936,0.97323980361424178,-0.078688892037067013,-0.97548487418726348,-0.21147339978139679,0.06089549586591661,0.042625312913426715,0.089907095636604276,0.99503758564851363,-9.8897266841447546,4.6782345438815085,-7.5317421638204136,,0.08673020948765323,0.1818181818181818,0,4
0.93825719007826558,0.31366132189178203,-0.14591100169465526,-0.27841036586890489,0.93500218064672413,0.2196783793699626,0.20533171562907737,-0.16549168358250094,0.96459908211746148,-9.2817161520410139,-5.4636552920292658,-6.392621986785807,,0.6233982692839904,0.6629834254143646,0,3
-0.42985502542769183,0.89507800458599052,0.11857496709221985,-0.90289196571312391,-0.4266062898279247,-0.05285046574955482,0.0032795373531284808,-0.12977842342090365,0.99153759658882068,6.069859859189223,14.151349714413231,-6.2153827026433532,,0.612692251941312,0.3,0,1
-0.58143380204990625,0.80263899391100291,-0.13306156202045494,-0.81304412212820509,-0.57922794847771097,0.058772775798651068,-0.029899653953961561,0.14235739937156491,0.98936362452719984,4.312613113257644,-6.3394426955049443,-4.0570759693821525,,0.08651589046159597,0.2692307692307692,0,1
0.089357729828059534,-0.95954141988713815,-0.26701209643188589,0.99364340999573775,0.067454035848241181,0.090126171669644192,-0.068468751208251882,-0.27336828010718323,0.95946954799994733,-0.61636632925498469,9.1526929368332617,-6.7619066669862864,,0.9293540431661991,0.8491379310344828,1,1
0.96846149389137193,-0.1682999070593168,-0.18373207704023331,0.20134783162384201,0.96298583295079321,0.1792131028592622,0.14676983869334265,-0.21055504463178476,0.96650151972463971,-15.226270189744934,5.8001701542377706,-8.5346442255163701,,0.3386444365554862,0.4534883720930232,0,1
-0.93024256224892798,-0.26336107334255127,-0.25551853245588635,0.31750808275255105,-0.92677182922824719,-0.20070524142565141,-0.1839494299185235,-0.26783375738840148,0.94574187051005743,-8.7241601143912639,10.726080664676587,-8.0445915913451689,,0.4770049703024647,0.3023255813953488,0,1
-0.98606315634079889,0.018558927520571998,-0.16533305149457611,-0.0043449828354464237,-0.99629242108802163,-0.085921666689656936,-0.16631468014394177,-0.0840058205831892,0.98248788759799177,2.68607048828693,11.651783926869317,-6.4868395429424233,,0.394061819301797,0.2173913043478261,0,1
0.60124728473987021,0.79903662087301253,-0.0064946975890269468,-0.78139508376239797,0.58963353324542422,0.20433800318216286,0.16710303906539264,-0.11778274481585303,0.97887884815167769,6.7767110763740028,11.617810503335212,-5.8320557648940987,,0.2782655147855519,0.5454545454545454,0,4
0.67516196261800443,0.73508062692743148,0.061747843280384462,-0.71675446375883956,0.63392558749437156,0.29051917011050121,0.17441147587123623,-0.24040553536865683,0.95487476437935415,-35.690501120438796,13.050185486384146,-12.770035669730095,,0.2442763474382773,0.25,0,1
-0.52713111509091493,-0.75577721966876088,-0.38850171393800292,0.83481362671181991,-0.54599439678738426,-0.070543088485252245,-0.15880489967021352,-0.36151198169153026,0.91874375694977972,-7.9741279033384034,10.467903696994613,-7.9293340757590896,,0.409153557409661,0.2698412698412698,0,2
0.25152825165999604,-0.8470360871920477,-0.46825570536967509,0.96707107112597102,0.20054759192411689,0.15669781991050494,-0.038821154131901202,-0.49225047523372106,0.86958748129446017,-39.776935035745012,12.998107847087189,-13.413253271614398,,0.3456688605168133,0.125,0,1
-0.67294367137778133,0.73332481688147744,-0.096858288743619056,-0.73393104654462382,-0.67826515656706532,-0.036077642730224603,-0.092152233128166033,0.046809083870592363,0.99464409493883299,-9.6876871749042248,-4.4608631989162957,-6.5403017116149442,,0.3247241141776447,0.1641791044776119,0,3
0.98602860759300281,-0.01211504054704117,-0.16613491746393771,0.035524846575673175,0.9897010080071057,0.13867191505670901,0.16274387940558849,-0.14263639276939033,0.97630389181532873,-10.365829178344159,-2.1455628738535095,-6.8989232495192638,,0.1246972288743097,0.7114427860696517,1,2
0.90393938618454983,0.40375302937265872,-0.14098608930210488,-0.3854789789637208,0.91199704187920849,0.14024033792265789,0.18520135766615597,-0.072421591227857893,0.98002835175449809,-0.74246493896995491,-11.063263668188243,-4.358558630206181,,0.9593751541149791,0.7777777777777778,0,2
-0.6102505264359851,0.7896160084888425,-0.064037911605172165,-0.79220719324252376,-0.60839887695114359,0.047524409511225912,-0.0014345589588399097,0.079733090136631157,0.99681521676680807,-2.019577347451043,21.871342674836033,-8.4002505103840051,,0.1735479432117545,0.5,0,3
-0.17081060982174923,0.98010570874459213,-0.10107687796218985,-0.98416406180706772,-0.16477999406976127,0.065334929415925433,0.047379689949773859,0.11063612990624115,0.99273098659185255,-1.7625031159518356,-11.605260746596722,-4.4326469671231079,,0.06891698627023694,0.16,0,2
0.53541324219475961,0.84001664145267496,0.087776432856792846,-0.82924810800877435,0.50312166986912366,0.24334370892211696,0.16025053961332947,-0.20307788503594332,0.9659602151035851,7.6033284157553185,-1.6573269856730568,-3.9777963921081154,,0.522835958860457,0.2857142857142857,0,1
0.18131460469286295,-0.95305825431267432,-0.24249737732922033,0.97826204665671757,0.14955883019562888,0.14365070268372129,-0.10063986385167015,-0.26327195102592005,0.95945791862224183,-4.6919370763122714,-11.106748426108139,-5.0175631287112941,,0.1281648850552536,0.34375,0,2
0.94452194183311666,0.29755674155994016,-0.13906216936331026,-0.27299888600693478,0.94663618088608958,0.17132293855865208,0.18261957626380487,-0.1238544572860824,0.9753513027497317,-14.601355533714132,11.160924646262115,-9.0097635512193452,,0.949039331825569,0.5789473684210527,0,1
-0.96653765594293717,-0.19818932969756323,-0.16286788891111617,0.22016246214360344,-0.96674150813401838,-0.13015124553238322,-0.13165656044117011,-0.16165347520172543,0.9780259219713997,-10.744138424598225,11.513147623599467,-8.4818883726911043,,0.5404049290032488,0.2857142857142857,0,3
0.17102731869224919,-0.9610377751783522,-0.21715444029810302,0.98379439907163668,0.15452957573399217,0.090935089919948406,-0.053835272974292241,-0.22918770670285724,0.97189235951316566,-5.4508103839745692,-17.291376060388586,-4.4336830447284026,,0.1945823983597642,0.8181818181818182,0,1
-0.33562637611566115,0.94181626560065634,-0.018359125946037717,-0.94159582924161478,-0.33485291193431815,0.035648586562492084,0.027426811886628391,0.029251482340925301,0.9991957369657829,-1.2639859114702465,11.880028422721159,-7.1602634503101612,,0.5217647832075004,0.3311258278145696,1,2
0.16594522322354774,0.98577101138902323,-0.026789848718299109,-0.98486699925290266,0.16704787969035292,0.046173581987330521,0.049991766040721961,0.018722152547712156,0.99857413562144215,-8.7913545438903355,-16.072802011109442,-5.1147960421902905,,0.3085358394682449,0.1851851851851852,0,2
-0.95452771631070144,0.2793602206484736,-0.10408989342829376,-0.26364205880565456,-0.95400264574953098,-0.14272987329781617,-0.13917508262398556,-0.10879714620398369,0.98427307052183233,3.7650223020464888,20.577498070497779,-7.3540767063740446,,0.558207748327803,0.2666666666666667,0,1
-0.16478840245940374,0.97894823050229807,-0.1204373048988454,-0.9847957307890659,-0.15649530501327943,0.075409469753012853,0.054974094212706361,0.13103274974303367,0.98985264936770878,-9.7501444071569487,6.1385468165048653,-7.7034118891735037,,0.07505271972221944,0.1428571428571428,0,1
0.94525312088786573,0.30737259044700588,-0.10962950375536613,-0.27051398074314048,0.92592295076158693,0.26360742682150778,0.18253417125089333,-0.21951942942449068,0.95838014192224186,0.74252833476541746,-4.4027717670403845,-4.8520274120009432,,0.08536060105166147,0.2808988764044944,0,1
0.41322766910882675,-0.78940058579366779,-0.45397093368573704,0.91060281317749459,0.3545178805189772,0.21241372136838219,-0.0067387028513252204,-0.5011624362828343,0.86532699157193471,7.1228330811152718,12.928084476931129,-5.8606011897476833,,0.4505989073547689,0.125,0,1
0.90686179029468927,0.40413747444884474,-0.11947633677687074,-0.37851770198878304,0.90574173066242392,0.1906731932332599,0.18527288680387566,-0.12769032493790031,0.97435575552906339,-9.3179513367913493,-14.365875136893877,-5.3473453698115847,,0.08145287810503232,0.1666666666666667,0,2
0.82692655401373649,0.55944795867901065,-0.056660884187019561,-0.53119459289285653,0.81024717838032334,0.24765260832084252,0.18445806772369483,-0.17469256268259484,0.9671906377726307,33.606076640426664,-22.442738069682516,2.5164677311291315,,0.2269930316010099,0.3076923076923077,0,1
0.46626275459864674,-0.80734195279111742,-0.36166008203492506,0.88461935482917953,0.42231598343780263,0.19773165450824759,-0.0069022268645313641,-0.4121264143395667,0.91110053115335399,-11.570563749000154,6.2964384377938725,-7.9984963280026609,,0.2647192778619821,0.2023809523809524,1,2
-0.36700400119618865,0.93007922237665819,0.016146306364595284,-0.93007845893108354,-0.36719523088528411,0.011032798714911743,0.016190223542895371,-0.010968250468247096,0.99980876878696023,4.9268428885055666,13.779897286793906,-6.3775731109842138,,0.2170866989541704,0.4210526315789473,0,1
-0.54663076221709717,0.83545274634432365,-0.056687903680435039,-0.83708484892064772,-0.54696673036022303,0.010786639260833597,-0.021994669932773835,0.053348894128875508,0.99833367667818074,-9.2699943397867965,7.1610008383796071,-7.7399707253889929,,0.1726664777826368,0.2307692307692308,0,1
0.071628588152323272,0.99743117690261685,-0.00062665936888928392,-0.99327834473965704,0.071387605662300943,0.091114980266965948,0.09092565771304946,-0.0059039902154036823,0.9958401817907252,7.3367885851213694,-15.337938610857048,-2.5658072627797224,,0.2140907005214576,0.2666666666666667,0,2
-0.14301121942752101,-0.90303220804376172,-0.40506866375154416,0.97859782297939657,-0.19020652553872378,0.078535205497104354,-0.1479665231660155,-0.38516789699830245,0.91090702003226776,-19.018522133171821,9.3139243051949165,-9.5662186901649413,,0.7190745510066667,0.2894736842105263,0,2
0.80568178769231868,-0.56301070023494182,-0.18410814322530711,0.58593858432327117,0.80309203696061382,0.10825504871225483,0.086907032984393964,-0.19509518597703096,0.97692632067440843,12.852167360506304,-0.18375357370016976,-3.3484827271184345,,0.2126551296036713,0.1875,0,1
0.62312451655358236,-0.68346220350338371,-0.38025682538537492,0.78111787231639707,0.56845753380045561,0.25828453653559719,0.039632138697891159,-0.45796882934082184,0.88808436813989022,14.731415715827676,2.0515916927029378,-3.3737323099718379,,0.6982284909764949,0.2166666666666667,0,1
0.16838469631153136,-0.87118052184678207,-0.461184445100702,0.98422362350120507,0.12281062567082211,0.12736329598632279,-0.054318072409022672,-0.47535465557529816,0.87811587984312101,18.747903878938438,-16.136467505301169,-0.5072844828564379,,0.30449691065822,0.4444444444444444,0,1
0.96088258749503075,0.25330911387491606,-0.11197832771013683,-0.21038506544033889,0.93054579154474359,0.29970427771059632,0.18011878660627886,-0.26442205404669034,0.94743770246133374,-9.0172708764038241,-8.5280308990679146,-5.969530951722688,,0.4523826306921366,0.24,0,1
-0.88758971258266461,-0.38160585389484669,-0.2579951053617231,0.42163398752748033,-0.89859921491452954,-0.12142582722249137,-0.18549739264770884,-0.21655582012075927,0.95848541673450927,-10.917266998465353,12.905831423079018,-8.7065909713554692,,0.2794612008402593,0.25,0,1
