axis_00,axis_01,axis_02,axis_10,axis_11,axis_12,axis_20,axis_21,axis_22,location_x,location_y,location_z,dbh,dbh_approximation,score,reconstructed,number_clusters
0.43826373427394161,-0.81544762293951145,-0.37811383664521026,0.89512488724712824,0.43419379757183413,0.10112953268440068,0.081708845610961769,-0.38278051203326702,0.92021885666208469,17.197767436885705,-0.17336794648182269,4.5571333565541652,,0.5759445573514375,0.6419753086419753,1,5
-0.92560151832066295,0.24171804686769749,-0.29126313721607533,-0.26394576137026465,-0.96374962137491971,0.038978229235955383,-0.27128299677118733,0.11295597867383997,0.9558485667430171,-10.75133919247955,-3.7735813647379408,-5.1561259410706093,0.4668686610922091,0.302894157440316,0.9036402569593148,1,2
-0.6449626328765341,0.72276745363724615,-0.24825472836524495,-0.75073581615428386,-0.65996663453598214,0.028978882697780841,-0.14289484433012756,0.20506401259602311,0.96826123241710349,-12.994433478267597,3.6080862671193192,-6.7475900660943093,0.4651908695633017,0.4664542814912863,0.8687747035573122,1,5
0.90919893650503414,0.30727277448889634,-0.28096394059738544,-0.27775279967397387,0.95032251391740374,0.1405008961358441,0.31017845852248455,-0.049704744236357838,0.94937809236837456,0.72651639308316884,-11.380163634339546,-0.43023642294732217,,0.06800628211274418,0.1944444444444444,0,5
-0.74208229551170879,0.65109712562496869,-0.15933110082773239,-0.64462102215611994,-0.75836293909466579,-0.096692245821984574,-0.18378684523782476,0.030954573339071929,0.98247860531765474,-14.371972676431749,10.753271357783802,-7.8770186451337976,0.486435058595169,0.4029248398437723,0.6744186046511628,1,8
0.53589927576767071,-0.77584896986961494,-0.3329719840826601,0.83820546475761637,0.5361495517481345,0.09977603425042747,0.10111164661973568,-0.33256884116304619,0.93764300285626523,-8.8266434397509812,10.295955114569029,-5.8622765763104248,0.2218232420945013,0.2054366326278688,0.6,1,5
0.95921077669685484,0.06738657933751506,-0.27454277406955147,-0.03243889955941965,0.99099585644724453,0.12990354229105952,0.2808245068792784,-0.11569901222387337,0.95275985164490917,-2.0422514993347618,-19.655304076333067,-0.76887802900744862,0.141030478782656,0.24694494711693,0.3103448275862069,1,5
-0.27886763914738211,0.91962401133111649,-0.27663065198858999,-0.96024787305195436,-0.27078135684062382,0.067834202927051584,-0.012524461487952715,0.28455075921673029,0.9585791585954806,-9.7866851006031119,-18.318757496445723,-3.5029406800891159,0.2243967489776324,0.1825908333874871,0.4642857142857143,1,5
0.83416260082758809,-0.39993996596096326,-0.37976410968876223,0.5080472937866739,0.82517656762830838,0.24692423840765682,0.21461757303769807,-0.39891309312218359,0.89151984917841365,-13.802736953293563,20.207594886173695,-8.2364378825756503,,0.2930979050281064,0.6333333333333333,0,5
0.80129441999902762,0.57854980379286947,-0.15233967641312238,-0.52080610899590629,0.79986368924552498,0.29829360613174893,0.29442868289446034,-0.15968156799634434,0.94223858312598452,-11.733145550064416,12.429308689924394,-7.0549719410960172,,0.08101081874234402,0.4375,0,5
-0.59599429038287854,0.76302846275619252,-0.25015669260471718,-0.79281998798319153,-0.60858472869357128,0.032574447889469116,-0.1273863120014897,0.21774341097928507,0.96765724018877952,7.4590366828480548,-12.120030453655966,1.9708791528523637,,0.0779912117290343,0.2666666666666667,0,5
0.7640603575871594,-0.52579669412506291,-0.37383098642426354,0.6159807787489604,0.76681532111917039,0.18044928237243912,0.1917796917705494,-0.36814684535394193,0.90977384556841079,2.7748690158284028,-14.08059760273251,0.50770513746715196,,0.08198957683593197,0.2413793103448276,0,5
0.0084428262391685101,0.97199834107874972,-0.23483599303610303,-0.99633996840274952,0.028153785626320836,0.080709551591580761,0.085061072461508916,0.23329506916149048,0.9686784939579447,3.3627941406551587,-18.800767108731179,1.0881815466443943,,0.09956644783598997,0.1333333333333333,1,5
0.86866777555832964,0.44801119406113582,-0.21142910325321693,-0.39086685841316765,0.88203950835936551,0.2631148127479519,0.30436720372071102,-0.14591872974051154,0.94131202563770056,-25.308822011763496,9.0611641592880208,-11.154649737960487,,0.4571247100391894,0.24,0,1
-0.71948509034589203,0.67282873626678152,-0.1721705445876496,-0.6792143908613697,-0.7334150480521725,-0.027752090686040145,-0.14494487233696948,0.096973496091837891,0.98467615236632211,8.0378526778604478,-10.498184035640808,2.1331386440883797,,0.096132344839263,0.2105263157894737,0,5
-0.12798627344809699,0.98198131048532411,-0.13904035265488304,-0.99104849307214926,-0.12126081091427472,0.05584532313304183,0.037978917681922936,0.144943166772145,0.98871081728570742,-28.04947194524377,16.826069514901796,-12.678656735319521,,0.259736784961953,0.4375,0,1
0.35581713867235798,-0.83062075341264296,-0.42832619325372823,0.93286512641091279,0.34322785485242896,0.10934941965896434,0.056185583145219861,-0.43847896603327979,0.89698348735805522,-15.266185591171775,4.0878554636495741,-7.4546874007097115,,0.1222117710897292,0.4736842105263158,0,3
0.53806246154024406,-0.77248170645288916,-0.33728445068945456,0.83667949307017742,0.53800926374190661,0.1025351549651322,0.10225562750815,-0.3373693010982553,0.93580219134141307,6.1598605569199663,-8.3770274859601486,1.3350610931315274,,0.08723479779475547,0.3283582089552239,0,3
-0.23554679851359592,-0.86370962186219591,-0.44555964226201866,0.95550700240089759,-0.2895672615698402,0.05618869450160266,-0.17755020155676005,-0.41250029106608693,0.89348723314748446,16.53427185419422,4.3758643607576406,4.1127256133556891,,0.6378547219567795,0.5862068965517241,0,3
-0.13801259218623349,0.98526994696149595,-0.1009735411507687,-0.98962493175247546,-0.13307087570205911,0.054172285292327489,0.039937687113083868,0.10740239128798156,0.99341316051966966,-8.1533793858473107,5.5506281671462538,-5.254958236914768,,0.08121867856062501,0.4025974025974026,0,5
-0.94747389139196048,-0.053307384592066416,-0.31535939478399549,0.054909980980604317,-0.99848404857956097,0.003807718592131889,-0.31508430478093341,-0.01370866441783139,0.94896467447455268,10.60213377140693,2.5905876030167034,2.1358966337727745,,0.1248596774618984,0.1851851851851852,1,2
0.94919199638468943,0.19096279784569217,-0.25013549096078669,-0.07760749625688558,0.91233818189698934,0.40201507232644146,0.30497808203867049,-0.36217709989981656,0.88080424487179509,-9.0888771742841996,-39.277122231778868,-1.4080783913823545,,0.6852397256196909,0.3181818181818182,0,1
-0.94343935841991977,0.14894080349701969,-0.29620738349655001,-0.1739214352259183,-0.98294831588253662,0.059698766089774778,-0.28226496657071487,0.10783897884043198,0.95325612680406413,3.12486357400774,4.1962978709316801,-0.59156733473164258,0.1293104083350416,0.1110465533283411,0.4817518248175183,1,5
0.93475405971612613,-0.16002366192384648,-0.3172180251320923,0.22172587979757138,0.96037047244160689,0.16889698011000293,0.27761931141801915,-0.22821258354168025,0.93319158517477951,-17.423324084823246,-20.920934631144537,-5.6493079552758649,,0.2043582506267627,0.68,0,3
-0.42372939874697013,-0.78049316037873806,-0.45965620113247696,0.87754304955451956,-0.47946985125981678,0.0051824619093783332,-0.22443616646183437,-0.40117214301954968,0.88808181990682422,-11.105898334727041,-8.9438888491042778,-4.7394040549531633,,0.2125744748836648,0.3580246913580247,0,3
-0.76898755430368826,-0.49453010319373197,-0.40509025952401084,0.56938629570790655,-0.81793551975383083,-0.082345198919308471,-0.29061553225191183,-0.29397527542334057,0.91056089848714161,-12.543797538078064,-31.836444048109712,-3.2467660443278015,,0.2705121074778725,0.2857142857142857,0,3
0.70349027418110099,0.66654675083187187,-0.24661075217450182,-0.66134009223037238,0.7410178582902911,0.11628334405060747,0.26025125656050424,0.08128937599922946,0.96211294597273456,-16.715065850295442,-24.320275905616825,-5.1394662658409285,,0.263955425834365,0.5882352941176471,0,3
-0.089338714095980168,0.98206607910101851,-0.1660265353575435,-0.99421615981093792,-0.077955155226127087,0.073873008226702702,0.059605551205141785,0.1716659839712672,0.98335037916945378,-9.9351203106127297,23.92894118860098,-6.9791954095594271,0.3922600744932378,0.4693382044775223,0.9,1,4
0.82497412524223668,-0.3952705604658055,-0.40395405272116836,0.52882924734088022,0.79203571998393707,0.30499023824772831,0.19939237657866057,-0.46523177266667426,0.86243960824149279,-14.154192544786499,2.8120026675064582,-6.967671172724736,,0.345779153363556,0.2927927927927928,0,2
0.68697814378294231,-0.52329531360946047,-0.50420535966897417,0.70877752435936692,0.63557668328459271,0.30606649706879618,0.16029800662375698,-0.56763042062536861,0.8075272470035405,-0.89581837144535426,-7.9502144809692536,-1.4265041784168373,,0.1032795647069525,0.2888888888888889,0,2
0.2918999370735984,-0.8985834966488474,-0.32763108260169604,0.95635735084707085,0.27895212888854809,0.086984638122592703,0.01323042770286887,-0.3387232046064706,0.94079304123910346,1.7964041993449715,9.4883673175017282,-1.4583000762084461,0.3351264670904472,0.3016019769004644,0.9173913043478261,1,5
-0.84364498941617472,0.47915831039299989,-0.24221982869762901,-0.47145405785513528,-0.87699395526762025,-0.09280449211100858,-0.25689336925057049,0.035901476367707671,0.96577268589959064,-5.7062698630775586,-33.655085477701171,-0.864465340480288,,0.2773775378924575,0.1111111111111111,0,3
0.92586174187131387,0.23993675578295637,-0.29190818447478722,-0.21300326851907458,0.96949382428345587,0.12129028104687639,0.31210517864849258,-0.050120633481523541,0.94872455410419476,-4.7361612333257881,-5.0198394191888926,-2.9260102338767822,,0.07317168684176685,0.3423423423423423,0,5
-0.047493823571746453,-0.88120364451070354,-0.47034505804099846,0.99577171386925578,-0.078836888518907994,0.047153354775060781,-0.078632248984887215,-0.46611681144291678,0.88122192863651982,-24.232936361454559,25.232266337426143,-12.127740252426081,,0.3540527528177895,0.5333333333333333,0,5
-0.47144156717454216,0.84046251696856134,-0.26714341899227434,-0.87843947197118111,-0.47432823064271312,0.057938102301893286,-0.078018861969419304,0.26198375366847315,0.96191349402676152,15.652261515413132,8.3397128478823852,3.5724552078919394,0.4889583089380685,0.4478690647362822,0.8421052631578947,1,8
-0.83027543738548026,-0.40083121164022295,-0.38726868947719145,0.47063045005543996,-0.87642950152241306,-0.10187398265400956,-0.29857943257191127,-0.26684390312728951,0.91632126124456481,0.31293274714148761,-12.651800878479396,-0.51538861657198676,,0.348376222358009,0.3125,0,1
0.21021609176673572,0.94517746077042097,-0.2498975038168598,-0.96794094088409965,0.23715658893172686,0.082747128570543949,0.13747556045611004,0.22449124699605993,0.96473009194252424,-5.5791192994073437,-3.862088642611325,-3.3088340265570086,,0.08941621457114302,0.3682008368200837,0,5
-0.52958195331265345,-0.77575161291691375,-0.34315068087119194,0.81672674578241533,-0.57558339150755933,0.040757602288680847,-0.22912960840803903,-0.25867584826856876,0.93839566712198541,-9.2111333752379245,4.5368701926356323,-5.4911381279447022,0.4248455665867698,0.3581960297512801,0.8366445916114791,1,5
0.41439502850329796,0.88554856770528978,-0.20995355340375124,-0.88397349978963846,0.44651950793168538,0.13860440363171969,0.21648928846806695,0.12815640160193559,0.96783693084477551,12.841818400437141,3.7986966702154756,2.8682306095529251,,0.1135665174137054,0.1739130434782609,1,9
-0.10145089860105538,-0.92063349908249237,-0.37701681068642828,0.9887729037589833,-0.13510279712333831,0.063838695173688786,-0.10970806700087021,-0.36630751367748088,0.92400375835726745,-7.1207025273908791,15.912085263066825,-5.5726208046762125,0.4203854253561956,0.3608000323306886,0.9050632911392406,1,5
-0.92456892351501685,0.22930553995971822,-0.30428814471494986,-0.22998420078602289,-0.97259570935725459,-0.034129950610479763,-0.30377553071157409,0.038425974075377366,0.95196841935920373,-15.087875344025337,8.4970220233365392,-7.9595613552599707,,0.2446714117692413,0.4408602150537634,0,3
-0.5253436811747374,0.81722475163076624,-0.2369762054971129,-0.84449946323002334,-0.53483848472745421,0.027720964244492632,-0.10408973654486681,0.21468931174251438,0.97111988249110992,-4.4916164007622861,-18.585818923504963,-1.7333398698460492,,0.3110625046229534,0.7,0,8
-0.78181790632899228,-0.4932746916409228,-0.38136706718056229,0.55126526696662637,-0.83263512235473625,-0.053154101041474527,-0.29132004184327054,-0.25179124609061737,0.92289425267067804,0.9634556005135817,1.895369374856438,-1.2588099434971314,,0.1910086200266529,0.464968152866242,1,6
-0.1788338251582027,-0.91515782469249884,-0.36125423026364584,0.9748466475811125,-0.21445467129128851,0.060689436158295862,-0.13301306958021794,-0.34131415128212778,0.9304902865991721,-0.95338740628201957,-14.015042561150944,-0.78243468476364597,,0.07587694286287489,0.25,0,4
-0.67395587221932096,-0.6577057409454119,-0.33646194529031265,0.68751254436110021,-0.72505945106101044,0.040190717500838559,-0.27038857898813062,-0.20423503801883022,0.94083902214896808,8.7027849262296737,-8.3297432504763211,2.1755964479169649,,0.1119156033201454,0.3043478260869565,0,5
0.15236474888498808,0.98199288165759224,-0.11169137688754301,-0.97879123576241833,0.16558699794769491,0.12061783825516839,0.13694049836295483,0.090944634170965294,0.98639564750845132,-0.37131233850942308,4.7297117986085917,-1.9390308173398405,0.7231362205456897,0.2268261965833469,0.1785714285714286,1,5
-0.82029608282452593,0.54467309140155562,-0.17448656110374389,-0.55072378740775152,-0.83453419103006243,-0.015999812032028556,-0.15432966819765925,0.082969316647006172,0.98452955568084821,-0.45543839318817153,-23.09099582705424,0.11441950363167089,,0.2079768588116452,0.5,0,2
0.9340971650526001,0.22902855211051235,-0.27387663018019476,-0.18721762530932937,0.96741485652891579,0.1704642371310591,0.30399349830914535,-0.10795562831691895,0.9465376565675917,-7.0143337927691647,4.5145597203733789,-4.6398972323815872,0.5071034244361872,0.5867117762515452,0.6198630136986302,1,5
0.93872913223217891,0.18222497865178466,-0.29254345566766105,-0.15533859842535053,0.98139425380467904,0.11285051368250157,0.30766464882704331,-0.060492774399207236,0.94956994903357084,4.0282142567163657,-13.83579681597052,0.8803803353259152,,0.08655063308206389,0.4871794871794872,0,4
-0.90632843757753467,0.32966978725408408,-0.26436072819182516,-0.33391330614699349,-0.94212341124328081,-0.030089565721496563,-0.25898005177281358,0.06100253567820859,0.96395436791612688,-23.443459618845367,17.528433044956053,-11.262310077788445,,0.1638285355850081,0.1333333333333333,0,1
0.7235680460796271,-0.52043083569903847,-0.45343249546774944,0.66499041543531667,0.70167653259785845,0.25580811359417505,0.18503251085059366,-0.48662284045762366,0.85379223530861326,-17.217578265198409,5.915288066366033,-8.3290065954853709,0.3219871497400265,0.2257937474527284,0.3454545454545455,1,4
-0.7141954256229277,0.67155024576717781,-0.19734528479122176,-0.68091428839569335,-0.73188986257097755,-0.026324150972479188,-0.16211300342005852,0.11557463595390816,0.97998054962649639,-2.3922861347262496,4.3044043411709909,-2.676506508822122,,0.1000443791708737,0.247787610619469,0,5
-0.76498231499090685,-0.55538280745259194,-0.32611653582305861,0.58117844275382025,-0.81347662543728116,0.022077081904538751,-0.27754941078914125,-0.17264332322233755,0.94507174728554344,-12.821399073151632,25.264767814788332,-8.1305351972312607,0.4206854341298668,0.2215050871146221,0.8873239436619719,1,4
0.93419947005703108,0.27970208165832566,-0.22144546882056854,-0.17949724004624026,0.90495601809369308,0.38579184300836283,0.30830519126499395,-0.32065768481670015,0.89561518422090691,-26.210164211013698,12.679510521231483,-11.759875689669771,,0.1593130710617126,0.1111111111111111,0,1
-0.31213804463708894,0.91693333227552642,-0.24860230339285394,-0.94976124901748904,-0.30747595407797901,0.058413247885850748,-0.022878176388691555,0.25434583115501297,0.96684269000659684,5.4323641244196388,7.5165295127610232,-0.013560291342916638,0.5239073388118864,0.461118874247792,0.9577464788732394,1,5
0.046927321184205333,-0.94572583887127204,-0.32155942563965562,0.9966284905005609,0.022639207235459931,0.078861386104510642,-0.067301400052667881,-0.32417603857623517,0.94359971257094577,4.9148345260359632,-5.4426960308708168,0.61822378293601543,,0.07909829067792995,0.2830188679245283,0,5
0.5595169608985654,0.79058414550325384,-0.24883223132408797,-0.79423865901705804,0.59725411893892266,0.11168021280995759,0.23690868069705612,0.13514520446313344,0.96208630107750692,10.834001709864197,1.4259149358530072,2.2944503457244347,,0.4870892099691314,0.9340659340659341,1,5
0.27323091312341996,0.92163627585476438,-0.27555660605818072,-0.94830536585772196,0.30614180313925221,0.083630912084586145,0.16143667860555919,0.23846125764829926,0.95764003017918864,-5.8543248177732963,9.6993632468129878,-4.5779919239670672,,0.08643261427396881,0.4175824175824176,0,5
0.93702708397159451,0.18116872357813221,-0.29859359922938883,-0.15612245747988079,0.98204303425060824,0.10591155343163178,0.31241962514242505,-0.052624827571488807,0.94848542706197536,10.040261451181001,-9.818195087395388,2.7338384972051797,,0.08789985629251376,0.36,0,5
-0.69113397534067356,0.68397096040542404,-0.23348994293519296,-0.70199869868061759,-0.71213162844712852,-0.0081468285829952355,-0.17184776745863567,0.15827908607053257,0.97232508747443114,-8.4255636021421267,-24.278628913016767,-2.5746287066994502,,0.1466770846110187,0.5217391304347826,0,4
0.30212089886968657,0.95309567671658058,-0.018209708683483289,-0.93789123965816457,0.30061013533029601,0.17318651537915294,0.17053734206514731,-0.035244539447492312,0.98472069004387752,-12.147972356753018,4.6051490173177534,-6.5838290570418767,0.3847208309378621,0.1835623473793583,0.2323529411764706,1,4
-0.21455309057411834,0.94612565327406117,-0.24251436976357751,-0.97666526822105793,-0.20538677339455869,0.062779193728982885,0.0095877617712966674,0.25032483203090988,0.96811443192058333,3.8633027146886256,4.0121574397067885,-0.31667524195852115,,0.08020010118621636,0.2456140350877193,0,1
0.94219408861447085,-0.04522414906560359,-0.33200162005815381,0.11936671729350255,0.97114516729835698,0.20646706961551739,0.31308447132127087,-0.23416199600775947,0.92040549403137639,-24.952406997355201,19.619476488005432,-11.994212478718655,,0.2609121569016796,0.5416666666666666,0,3
0.94306167286680898,0.17873093519547648,-0.28051726145427403,-0.13043865501919724,0.97453296972098302,0.18240407945981671,0.30597457156835434,-0.13542800201934119,0.94235811548615123,12.314600068579272,11.144582802297291,2.3093753896500782,,0.1204083736041142,0.1052631578947368,0,5
0.29841371060902955,0.92368370434698854,-0.24032825810622971,-0.94037240843236591,0.32761053173758359,0.091493567827077418,0.16324518608418659,0.19869512781757359,0.96637014409691713,13.190144863514428,1.2032057617840197,3.1810552497524021,,0.1680885542132682,0.7333333333333333,1,5
0.93958611426867278,-0.10963711615682398,-0.32428018230275985,0.21849127713786023,0.92133251241731884,0.32157108604079598,0.2635137485752172,-0.3729961183760569,0.88962598882239907,-4.0662589122077994,7.2731848522806422,-3.5568079703529265,0.7098901416011666,0.6288639876998712,0.7894736842105263,1,5
0.15075255515975197,-0.89177124257822604,-0.42663534549225185,0.98596655482215323,0.10432319063541623,0.13033274595350403,-0.071719034327993703,-0.44029617623383227,0.8949836072850309,-10.033802459158377,-8.9177622517571269,-4.3776049345214965,,0.3345776527763426,0.4285714285714285,0,4
0.93686032472539094,0.16816939143826337,-0.30661341741469966,-0.10881336982019091,0.97344084136399156,0.20142636101796535,0.33234377157366896,-0.15534472681056649,0.9302771809242345,2.137868800578453,12.693410035439028,-1.6363278488697226,0.7859283076937766,0.3034661090114562,0.2105263157894737,1,4
-0.90798859833853596,0.29827662221790413,-0.29425798532155145,-0.32800565478980526,-0.94299988179979344,0.056245118468061073,-0.26070864142396938,0.14758820943372408,0.95406955968787477,-0.73723102661404205,6.3408036012259847,-2.2852959648961817,,0.07833974459195187,0.3548387096774194,0,5
0.70584297471261181,-0.63568380609834407,-0.31255686476731598,0.68933435105412244,0.71799502192409426,0.096443252480466465,0.16310685916184878,-0.28352997576366079,0.94499042605616645,-1.5442800516519817,8.1810689481243983,-2.5765497716502201,0.7134065334095577,0.6344072455608416,0.9881796690307328,1,5
-0.85210697816155312,0.43571821349450962,-0.28993677965642706,-0.46993664195882917,-0.88083201740210959,0.057397819329558619,-0.23037632324708568,0.18516099899407126,0.95532306270636635,-7.3947045465907468,2.2160564326565138,-4.5389285874728955,0.2428422123723831,0.2070574214506787,0.8195912614517266,1,5
0.73329880380790158,-0.55388397377132925,-0.39431638050324874,0.65588149228987602,0.72907932207146742,0.1956088193293323,0.17914332922413478,-0.40206452930728853,0.89791524202866846,-9.7657001223705766,-25.041008326794234,-3.0137310968800315,0.4026394862812214,0.2466681187835212,0.5517241379310345,1,5
-0.598878996650415,-0.69365237300216287,-0.40023784528635059,0.76551571152523545,-0.6426361127052691,-0.031694195920904916,-0.23522253884142219,-0.3253693471664611,0.91586306025817321,-1.90878768594691,15.059038898434791,-3.3339933487072133,,0.3994980267669165,0.2692307692307692,0,6
0.56757048044183234,0.78261588495521084,-0.25568755610470928,-0.78677733042091635,0.60705874819911998,0.11162933561861102,0.24258025902113867,0.13781165716545393,0.96029306208185616,10.252754531062561,-7.5862999182360049,2.6771767920950036,,0.2405053537241781,0.2432432432432433,1,5
-0.058904813616605121,-0.9266321361109161,-0.37132614674880365,0.99064237436938551,-0.10013650861691957,0.092738156903184502,-0.12311746032378625,-0.36238869183314021,0.92385958186019079,3.965831069136831,-17.143517391819561,1.1594244356890466,,0.3637637945797364,0.4788732394366197,1,2
0.44018289314825099,-0.8308318402905368,-0.34052529089492833,0.89512958023112221,0.43585150848748688,0.093682960800973269,0.070583674988556028,-0.34605189742092474,0.93555653443097042,-1.7845414473033085,10.430155182915435,-2.9548822302194151,0.1356251492812214,0.1042286780724222,0.5142857142857142,1,5
-0.17552672508369616,-0.87877380036091113,-0.44378708473843204,0.97591116415364298,-0.21464623378641923,0.039043488593982677,-0.12956762119324083,-0.42624359481468982,0.89528131300601677,5.8739942471250508,17.94013266188453,-0.51638130150633699,,0.2518457659667515,0.5238095238095238,0,8
0.84565460985300711,-0.40871954987114623,-0.34324424305075507,0.482424996396706,0.86045402251120895,0.1639664538737052,0.22832959441560846,-0.30424859029649998,0.92482343807701806,-3.2385549878249131,-6.348428167975908,-2.3577405329932466,0.4328816354930249,0.3929550499829301,0.9726829268292683,1,5
0.83089764240841035,-0.42688144018221147,-0.35690523093407689,0.51006017556472982,0.84067340840943883,0.18195284470470258,0.2223684445757147,-0.3332273344448467,0.91624877540750893,-0.27468406727490785,-14.493036778510053,-0.48216264447906881,0.3576530853830278,0.3343648907817087,0.9247311827956989,1,8
0.87259065772810396,-0.34857599010053619,-0.34217002085376458,0.42005858244064914,0.89301316509084738,0.16148769083858625,0.24927160159871212,-0.28464410427735443,0.9256572813609556,-13.746500332329653,11.611907838837952,-7.6414771549207998,,0.09422324637679323,0.2857142857142857,0,5
0.45467374673863115,0.87199225726177976,-0.18138712000074109,-0.86097472993592583,0.48244842319018422,0.16113979450485305,0.22802258317635224,0.082903692540278767,0.97011993038220401,-10.098775269479646,-13.251688827523173,-4.1769238012215331,0.2519494975341425,0.3073400429193377,0.2337662337662338,1,4
0.49346509576747127,0.86203795007341588,-0.11568393100350829,-0.84101219461955445,0.50682878078780924,0.18926984827580021,0.2217897377256263,0.0038935328901651125,0.97508674108575188,-19.771654777157533,-6.6430837442647421,-7.6911850280005751,,0.4939055774792487,0.1764705882352941,0,1
-0.92858878833535186,0.22623842671688985,-0.29417517987510716,-0.25499121378120027,-0.96489957569716844,0.062835417670420599,-0.2696337202062743,0.13336035053977802,0.9536837388944166,-5.3090731419331592,-13.015150650265298,-2.4009023789997914,0.311166489202384,0.2552478125226812,0.8540540540540541,1,5
-0.95586214465736297,0.085043721858726884,-0.28123855671554571,-0.046009769508739758,-0.98871044311330447,-0.14260000276453833,-0.29019073300293435,-0.1233662232992046,0.94898372664029984,-19.798095537941595,2.5917052115544172,-8.6531875665855438,,0.4698506513356661,0.4583333333333333,0,4
0.5863707813810396,0.77267263511129947,-0.24320013505907012,-0.76844871337459431,0.62556911507826252,0.13472140577179884,0.25623403687941088,0.10789013490750828,0.96057474312732183,0.33229913501392527,13.417492588290058,-2.391562119891975,0.1612722953022951,0.1387717216359098,0.2424242424242424,1,5
-0.09006421995385272,-0.92185894391351941,-0.37691447811241596,0.98958164499522294,-0.12551605149725184,0.07052580169758875,-0.1123236581164113,-0.36663579795648715,0.92355919544128695,7.3257408905368129,-7.8630742355040031,1.7442851429425656,,0.1044554465067362,0.3773584905660378,0,5
0.89964854065483801,0.34163228236499976,-0.27188211957335973,-0.31976280921302858,0.93954564525494555,0.12249786253915279,0.29729488583191921,-0.023267232937115682,0.95450216695911028,7.8574340571086978,-13.966334902437662,2.294262824627554,,0.0876039163849595,0.2424242424242424,1,4
-0.30757247565037132,-0.83890295290875694,-0.44904454993159548,0.93725504211536881,-0.34852465699349577,0.0091405413889634694,-0.16417112490209423,-0.4180578896140264,0.89346261403589067,-8.6567543145392456,-11.155559060092278,-3.860003940903356,,0.1733808673267741,0.28125,0,4
-0.92668334656596085,0.23965468672889853,-0.28952306700189667,-0.25923815321947019,-0.96532554168901985,0.030694925935050039,-0.2721278286259412,0.10349990189209514,0.95667874189597046,1.3759208117302928,6.0194599535950815,-1.4433272769704275,0.5164278072865544,0.462802881473105,0.9762237762237762,1,5
0.0041617429900589059,-0.9464706175836638,-0.32276314837056874,0.99700356726394124,-0.021004572133230388,0.074449276776030748,-0.077243554800765113,-0.3221058490625357,0.94354716641058434,6.7322055332912187,-4.9852251986218663,1.2690311703988439,,0.4344052498862354,0.8978622327790974,1,5
0.63675130729742935,-0.60764652843047084,-0.47467195950615426,0.76042071766993979,0.59682150375562992,0.25605551115569114,0.12770319022384918,-0.52399407357456429,0.8420938819783611,-10.626546353208846,20.746101101424276,-7.1616490228464054,,0.6908938221048126,0.5405405405405406,0,3
0.71284289799455591,-0.61061423319954189,-0.34497139155712619,0.68745085873904987,0.70571864445645727,0.17138410569677739,0.13880316854332589,-0.35932082194144749,0.9228338026544417,0.77982702514293589,7.7884465267955232,-1.7219795191636174,,0.1650340060786873,0.1956521739130435,0,3
-0.51923546574904766,0.81654981772725765,-0.25227153283308323,-0.84923398021983254,-0.52608774457860308,0.045092481016027065,-0.095896704575037003,0.23765117330613422,0.96660526683743409,4.3221684994410232,-11.231103033293175,0.79718901585927304,0.379576835662157,0.3234481619698708,0.8681318681318682,1,5
0.95210019978163707,-0.072819480796185179,-0.29698911224545177,0.10609594113300391,0.98956493709052007,0.097493007729463774,0.28679062197162192,-0.12433245150647164,0.949890825648675,-1.8071727810360403,-11.152255126139369,-1.4240160974699221,,0.06676353181117504,0.1639344262295082,0,5
0.51941211453784797,-0.76021379264117117,-0.39023844601659663,0.84202720052104962,0.53314406585104734,0.082143768056365266,0.14560648630471676,-0.37125785449730281,0.9170421782121333,-17.753699868686859,-23.282295711816548,-5.5159839717752623,,0.1723455186268372,0.2608695652173913,0,2
-0.92468504403560747,-0.17941037019392009,-0.33581168592493593,0.24256832067116571,-0.95744278236319114,-0.15640948918592426,-0.29345899056535601,-0.22608679211203794,0.9288522935800132,-15.330883668264645,3.3169525452850768,-7.4490394499172403,0.3299362554833766,0.2845117517841322,0.3,1,4
0.27141825506816386,-0.86887066994959516,-0.41399986680806256,0.96168871548509161,0.26206230336626468,0.080487040341912966,0.038560930024909665,-0.41998465216684794,0.90671161160531322,-5.835896227999692,-15.269727739890525,-2.4367957127038542,,0.7230797894931276,0.6496350364963503,0,4
-0.72888094383810476,-0.48982852682955286,-0.47833104019461758,0.62159997950608259,-0.76629973994250444,-0.16247514899851179,-0.28695998882720986,-0.41575560473436918,0.86301867995093107,-11.14328934366986,-17.579322819808734,-3.9779601055959386,,0.4664761707896686,0.2773109243697479,0,3
0.54980309860337839,-0.76802764222201558,-0.32840537990267032,0.82833076101078662,0.55197379672612801,0.095880540731868635,0.10763225877689436,-0.32474369664496405,0.93965782514697804,-5.6167682139669424,15.764347959530864,-4.8878195177423018,0.6142785771193999,0.5685561842668317,0.9895470383275261,1,5
0.762905115308388,-0.56027361843483914,-0.32259767129077038,0.61841739304700383,0.77790688169842326,0.11144869395009767,0.18850918548771806,-0.28452478959164107,0.93995208978680911,-7.6095171964260455,-9.0588864727978393,-3.5851344532153333,,0.09127949522844711,0.3626373626373626,0,5
-0.7529204185496039,0.60424580403509609,-0.26076397687769048,-0.63122267814749589,-0.77515310351779487,0.026374167267091953,-0.18619552605632428,0.18445778490676365,0.96504225382306341,-0.95826166119217837,3.907743104255843,-2.1013977006528335,0.1405495330645268,0.1009526450482643,0.2875,1,5
0.60792738886789899,0.74470555592824739,-0.27538686394571688,-0.75330815165159082,0.6505739188612828,0.096334857412751218,0.25090061482491549,0.14888657114418102,0.95649446961987528,-15.571540026402014,-4.7366155619145891,-6.5494195553188144,,0.09766327655038808,0.48,0,1
0.035793108317640127,0.97010815790877214,-0.24001878125640697,-0.99512614500258234,0.056680634664749596,0.080692386173051675,0.091884758960675272,0.2359607332012055,0.9674087675113805,3.227380533946608,5.1895706927945993,-0.62852195194696303,,0.09538268592267905,0.3302752293577982,0,5
0.33989759410695247,0.93414662997285614,-0.10881038199851006,-0.92698402840731997,0.35229417151265668,0.12879995262401223,0.15865130506252542,0.057086692219526995,0.98568294749041419,-15.137947866794541,-9.6161755213076496,-5.9551989087761541,,0.2964452180151064,0.1428571428571428,0,2
-0.2559452421397489,0.93919719512637845,-0.22891190814977169,-0.9662484419935411,-0.2413850849567466,0.089984382564300983,0.029257159313226817,0.24421684918770137,0.96927919053374534,6.7536154429268898,-10.026728918061632,1.5545132218882027,,0.1005670720611367,0.2982456140350877,1,7
0.90226701216661176,0.33054260788800205,-0.27686788027240306,-0.30437585721139704,0.94307995680509349,0.13399825603092677,0.30540068156892253,-0.036630307712345836,0.9515191244815504,-7.0570865055591128,-10.451919944629925,-3.2869617326971512,0.1233123976238647,0.09920208191577247,0.4489795918367347,1,5
-0.65644820514009428,-0.66507589652215282,-0.3560193896877013,0.70924312976571846,-0.70490542367449827,0.0090844127164904521,-0.25700182265594262,-0.24654085977689433,0.93443441054575505,-8.9947423617839508,-21.132191477107796,-3.0146464410449392,0.2182131100078128,0.2150115263418139,0.71875,1,5
0.64691973114899937,0.72736478525412152,-0.22898762111156049,-0.70899280082738314,0.68427754979244471,0.17056800176173087,0.28075624627966544,0.052006769004363969,0.95836904486355246,-24.744771627749412,23.187486059267101,-12.26603034963801,,0.2207866147732305,0.8367346938775511,0,4
0.93267816457690278,0.21590548427319819,-0.28895719956806076,-0.1849265846098265,0.97399999699666895,0.1308669712151751,0.30969920830703612,-0.068620898502166336,0.94835519330193518,8.5830332878627953,-7.1017306610181157,2.1039263291919021,,0.1183040359614824,0.3333333333333333,0,4
0.75821385204044667,0.60469314664789808,-0.24384001511452566,-0.58623625790414902,0.79594916611724764,0.15097011252495832,0.28537484908892802,0.028480227427502371,0.95799273074128788,0.050594531530005565,-17.483482535253444,-0.15706051506432034,,0.09282552597659503,0.375,1,5
0.26672553949915934,-0.90651346608846284,-0.32724734128662425,0.96374048266314127,0.25363958801793007,0.082892951849420915,0.0078593037285796998,-0.33749117794451566,0.94129588130115893,-12.267873785397345,-5.0713422609957801,-5.4969305739548879,,0.0774864466945582,0.4210526315789473,0,1
0.79578361390556929,-0.49932168906690316,-0.34264601364493547,0.56872204833966322,0.81059823365497474,0.13959131537373967,0.20804728205801679,-0.30595482415351477,0.92903604558997732,-4.0101601905181763,-7.1022623860080154,-2.5199688168704792,0.2742189071407801,0.1405561693548842,0.1895424836601307,1,5
0.92123528019289225,-0.2155285955934429,-0.32384098414104845,0.26944693499780054,0.95398272891301861,0.13158762159094559,0.28057781050577701,-0.2084811200497278,0.93691606605639766,6.9065150050069173,14.174079133830892,0.25561606304316148,0.1506022896523131,0.08561664847728709,0.3333333333333333,1,5
-0.95507638180542431,0.018953832045056317,-0.29575303408125492,-0.0051806650994069081,-0.99886804180802258,-0.04728420205242656,-0.29631447083561063,-0.043627827191079709,0.95409346872725098,17.060921090400285,2.7668115107704088,4.3372524059233415,,0.1707808998247052,0.2352941176470588,0,4
0.74852225221395718,0.60720296140982777,-0.26649390536310907,-0.59774256726569908,0.79184018255388122,0.12527149943881155,0.28708580811171686,0.06552624625424841,0.95566105384318722,1.1642124670518572,13.847013058791477,-1.9977274677248942,0.1934586927359165,0.1461959005868478,0.6,1,5
0.39166435441752923,0.8947665317345298,-0.21445719192058552,-0.90181269215184479,0.41955243830684408,0.10348729286547884,0.18257300389856035,0.15286793384665248,0.97123554972463477,4.2094498185132618,-14.889424543441116,1.0744690083495949,,0.5601952958540019,0.2352941176470588,1,6
0.22409975327385759,-0.83647087014701371,-0.50009577480528256,0.97454510088586799,0.18896328101875776,0.12064296401357483,-0.0064145866547256972,-0.51440194577987919,0.8575252131896326,-36.951548395740453,16.589778164537389,-15.180852391270559,,0.2179418153821372,0.4285714285714285,0,1
0.14691332313379279,-0.93395212141348505,-0.3258065536373323,0.98858173487219958,0.12747838006987658,0.080345604060401712,-0.033505655684623603,-0.33389024771923215,0.94201628091829293,-12.409949939351428,15.183086795933759,-7.4537710663781889,0.563117020815653,0.5939103115686193,0.8301886792452831,1,5
0.62963348380385509,0.74948765019925612,-0.20452368633441129,-0.72756867532090275,0.66116714012787381,0.18303506633132738,0.27240686255086477,0.033560021065612268,0.96159670664019459,-13.246543673070077,4.8214755473052611,-6.9310092071255323,0.3146004772144217,0.3253018344765237,0.6345609065155807,1,4
0.79697253484314801,0.552964971363053,-0.24303193031193634,-0.52452632116550335,0.83311249755333816,0.17548705030577691,0.29951113019430664,-0.012381714982070975,0.95401246114703986,-8.4832082622281728,7.6811774366524821,-5.5820297700701351,,0.1475069529889613,0.462962962962963,0,5
0.860528271539312,-0.39401725660222253,-0.32286451551885076,0.45181190913991953,0.8830998408653068,0.12649375408695082,0.2352808803130951,-0.25472548471506978,0.93795406859598796,-2.0612278280930107,7.2499423973723518,-2.726380747998383,0.0817158758215715,0.0980847338390535,0.4306569343065693,1,5
-0.00011764872523716544,0.96823298531200364,-0.25004973967709304,-0.99809478729204704,0.01531415542482179,0.059768488554308295,0.061699122677875529,0.24958037342192788,0.9663864938332648,0.4371775192859727,-13.810497439262155,-0.33818581385503604,,0.07672171493060134,0.1724137931034483,0,5
0.88569185921423721,0.41075439305504635,-0.21640415686305539,-0.33620498769013041,0.88889184614710381,0.31118722998457649,0.32018141228670444,-0.2028598393945312,0.92538194751514247,-1.5070020935252613,23.524095333000794,-3.8150453547435572,,0.4718454601391547,0.65,0,6
0.75302060417787697,-0.56583411763860292,-0.33584478706647974,0.63091309362410741,0.765824136810909,0.12434653099899656,0.18683853450839197,-0.30552437348592987,0.93367350783278991,3.260864288216347,-10.056713798431675,0.28052565706999039,,0.08811668053075505,0.1343283582089552,0,5
-0.4926835210087398,-0.80853529016244308,-0.32176642566987301,0.84153445245515723,-0.53681890779427399,0.060375703437411846,-0.22154618809049803,-0.24103141869162603,0.94489213233367153,-3.4249157213845844,12.801484995759109,-3.8599766844713876,0.3442151790454984,0.3140185221457745,0.9017857142857143,1,5
0.54318959236870101,-0.76368890881515206,-0.34889012209440295,0.83277323921695789,0.54296996533953423,0.10803864486043867,0.10692894269756782,-0.34923182456916452,0.93091532048928738,11.353328986371531,11.649262176235583,1.9971857606407759,0.1518679187515277,0.1913313058170782,0.6086956521739131,1,5
0.64073082458033248,0.74912159364316133,-0.16816910646768229,-0.71032128917085746,0.66152713670815255,0.24046936093682506,0.29138921837168114,-0.034622035414522176,0.9559778439276182,-8.9330334295818332,-4.8012263345414548,-4.398724609386945,0.1762053625041069,0.5214876665888372,0.4268292682926829,1,4
-0.80282939328935676,0.52216611696239812,-0.28776294335277747,-0.55572247142428777,-0.83020575301103416,0.043942489932436345,-0.21595717173718473,0.1951946565964145,0.95669302600755024,-7.2758290847746014,-12.714409511639577,-3.1568060001784359,0.1063701135717707,0.1018310722604584,0.293103448275862,1,5
-0.8647793572154262,-0.32835147954445665,-0.3799236360310333,0.391338553117975,-0.91478011967405581,-0.10015722386652914,-0.3146598165918309,-0.23529266569548321,0.91957955680425463,0.66210648327662691,-20.367390637847031,0.281993739748371,,0.4999806019179623,0.1555555555555556,0,5
0.46149598377516937,0.85603010487466014,-0.23288176508191349,-0.86103000447600087,0.49542521241904286,0.11480936499956974,0.21365577069540345,0.14753412638378011,0.96570435082416828,9.6302074084083085,-8.2528945155443232,2.524209763026517,,0.07033453155861973,0.2894736842105263,0,5
-0.91123320702019428,0.29778543813309777,-0.28456611755367334,-0.31805292046905481,-0.94769568075794142,0.026743904985006249,-0.26171813503232283,0.11487701906221676,0.95828330272763396,0.22011665695577032,14.742080778246139,-2.443699677584394,,0.07127319255512601,0.303030303030303,0,5
-0.043043773909877854,0.99784506535791018,-0.049522308795785723,-0.99683748551506468,-0.03958041943821617,0.068908764820588234,0.066800157182446612,0.05233178707023807,0.99639305651055043,-5.7673708309884599,-17.055031133030166,-2.3203963520138995,,0.6022424406225382,0.2857142857142857,0,2
-0.25064642317588504,-0.85208007367626859,-0.4594952868017031,0.95614236834239963,-0.29219872870032698,0.020289761124727267,-0.15155243980128133,-0.43425735571174484,0.88794842586747214,-8.6819149304777437,18.576400643857646,-6.2979005042507898,,0.1098575835599567,0.2903225806451613,0,5
-0.14497384383410986,-0.88801164095131113,-0.43636900684961916,0.98222896844533769,-0.18229761879789397,0.044652342910815886,-0.11920083116644178,-0.42214085767143827,0.89865914457799401,-0.049056121941551185,-25.341930850941178,0.42929010085227554,,0.1693783945497326,0.7368421052631579,0,3
0.83534477974273125,-0.44670288902777311,-0.32039916961629034,0.49820284522555935,0.86153163155671286,0.097760793963555151,0.23236399025176979,-0.24128774681170306,0.94222460128825236,-3.1176605500423271,16.426991723000668,-4.0008158824337068,0.3266958938695873,0.3056834526558756,0.8507462686567164,1,5
0.15594209519802218,0.97024875072329075,-0.18520103850989292,-0.98041097492060525,0.17487432434983738,0.090627208598822132,0.12031784240285209,0.16744053393094441,0.97851279214757381,-12.135700970329472,-15.804231010783713,-4.4565169195870213,,0.2810713087888586,0.3703703703703703,0,5
0.95607875122666219,0.041497204587893903,-0.29015754938353239,0.017195060402543271,0.98028193541780162,0.19685440556736847,0.29260511162763281,-0.19319759083622023,0.93651318172488163,-25.493318347713437,18.193553153126096,-11.978225238461372,,0.3012772004152814,0.6818181818181818,0,3
