axis_00,axis_01,axis_02,axis_10,axis_11,axis_12,axis_20,axis_21,axis_22,location_x,location_y,location_z,dbh,dbh_approximation,score,reconstructed,number_clusters
0.72838028530792187,-0.56571446079714272,-0.38656087336892847,0.67458828591994302,0.69088287231372358,0.26002211683457405,0.11997001489682418,-0.45016442061599826,0.88484981207949587,-31.193063483145817,24.295788477898885,-12.505417308051292,,0.4042985874217332,0.24,0,1
0.91689056329974605,0.32164790459576603,-0.23633518654873828,-0.25536445703827232,0.92779653937862883,0.27199738160244996,0.3067583560612851,-0.1890402258414689,0.93282533413302182,-10.976789892561928,-21.722490994010386,-2.6803883013123722,0.3167955184149815,0.2933083248731495,0.3037974683544304,1,5
-0.40585454663282705,-0.82985283061435644,-0.38291822429704653,0.89219652595604282,-0.45059091174634158,0.030873764324575389,-0.19816015252676566,-0.32910805182028247,0.92326618273260086,-13.454384780830891,14.489391389973299,-6.3083264490376498,,0.08463125081520438,0.1304347826086956,0,1
-0.50590373993618787,0.8548491073449388,-0.11530138589860627,-0.86153584729334287,-0.50735728742152264,0.018562508688648654,-0.042630854402885138,0.10872711976243767,0.99315709919480744,-20.144987199532029,15.295107249421465,-8.539717539507798,,0.2628937729411009,0.2352941176470588,0,1
-0.61820433828817878,-0.69641820063518989,-0.36445176079382696,0.75381954022682152,-0.65664633677801287,-0.023910022338782696,-0.22266453892324073,-0.28951213829486072,0.93091526192561669,0.15464679620846231,-23.393622589659127,0.60968917161410019,0.5424394285154442,0.4697082753350861,0.2608695652173913,1,3
0.9679716906008865,0.068804632746478037,-0.24144715510414455,0.034039088216814825,0.91686597440258077,0.3977412795476159,0.24874112379868049,-0.3932209397977543,0.88515826033311218,-14.256945461388987,-22.570483107525423,-3.5366407552285479,,0.3061208266831638,0.1764705882352941,1,1
-0.58569982930569098,0.81052804349221597,2.5767505992541583e-05,-0.80779908481409424,-0.58372523531833265,-0.082009074047132813,-0.066455613192531779,-0.048053515638682119,0.99663158243654271,7.5038901881584206,7.6825037904046161,0.11334396646756457,,0.1412180898764514,0.103448275862069,0,4
0.76170016973454868,0.60772670964165065,-0.22467998979547266,-0.59170602290265384,0.79373431713511111,0.14096033577848852,0.26400157932687618,0.02557499149937429,0.96418311845972671,-8.3296562280603244,18.548884301245494,-5.0947621219385262,0.2262750753169868,0.1808160686384568,0.5384615384615384,1,5
-0.94421695520362625,0.24635414720094834,-0.21854970982109509,-0.24423417151075466,-0.96900624402350155,-0.037102136190785305,-0.22091629856678011,0.018344841246457372,0.97512022634503581,-17.28496963453108,18.831569863357782,-7.8010034765586695,,0.300903074514124,0.2941176470588235,0,3
0.50489959272486273,0.85694595425346165,-0.10353759102322073,-0.83541642126349458,0.51530903504263392,0.19114392872054511,0.21715387251799795,-0.010011488003971015,0.97608604423912526,8.9887339598241542,-26.421363080386698,3.3290529463722325,,0.3787307166201718,0.2068965517241379,0,5
-0.96704685970819093,0.015407060415260443,-0.25413184298290686,-0.0097339829782111791,-0.9996748972084013,-0.023565853830368404,-0.25441230454502051,-0.02031556990918295,0.96688244213831842,-4.5055124117103036,12.096272573557544,-3.5624625826997516,0.1548925312966088,0.1129789769409989,0.3857142857142857,1,5
-0.96638648941553307,0.1346305792565522,-0.21902456529842759,-0.13358672900066398,-0.99084252976260689,-0.019638407484800134,-0.2196627845358044,0.01028048358206147,0.97552169260723987,-8.288400055887049,16.281353670716857,-4.9842222031392955,,0.3324418521715878,0.1111111111111111,0,4
-0.75851969202896063,-0.48589459631680926,-0.4342284169356222,0.59315408688429849,-0.79074322010649123,-0.15130561479360966,-0.26984459604881028,-0.37233264848216463,0.88800466938947586,-7.6034450880696989,-22.492268492577914,-1.6747957444998338,,0.5726482479863325,0.6458333333333334,0,4
0.92172677778382828,-0.31544547243767757,-0.22564108897719018,0.3704691645394419,0.88826507503837326,0.27154696572144188,0.11477083794104602,-0.33388517545054969,0.93560052606476596,-3.1834620625516195,18.006635101473062,-3.570598675063525,,0.3465726709204289,0.6226415094339622,0,2
-0.27601185768197328,0.95796111080028301,-0.078281317140384249,-0.96046193683207381,-0.27180610135534422,0.060285248301629749,0.036473583807010969,0.091825668852971151,0.99510689085342841,-23.527005699582055,14.769432902601356,-9.5113385305951077,,0.1673641217893397,0.2954545454545455,0,3
-0.26763313637273134,-0.89395660517985476,-0.35946361758960305,0.94887077539560416,-0.3093449895753615,0.062848460798692662,-0.16738206569235592,-0.32426419086900288,0.93104026690827446,-15.13020396539061,12.451876762206247,-6.7348997830066404,,0.3649037724762585,0.6067415730337079,0,5
-0.55941934581405306,0.79145835529555597,-0.24625934979576022,-0.8266968705468839,-0.55432230008953332,0.096431695263736433,-0.060185378265539734,0.25752758969924489,0.96439476397724788,-25.805583919095874,19.740196962240354,-10.475244836048011,,0.243516198961014,0.6944444444444444,0,1
-0.29305372556721854,0.94132398236211234,-0.16741766382645371,-0.95607980467859499,-0.28953948650288974,0.045588297197667334,-0.0055606669486091302,0.17342446766698461,0.98483147441453667,-19.11591536925609,18.007638877209658,-8.3622858443210308,,0.2200994143806825,0.1666666666666667,0,3
-0.88071485496554502,0.41533280897850494,-0.22768399598795594,-0.43608699332976381,-0.89864631613585066,0.047570292663292268,-0.18484988096189173,0.14118589264331369,0.97257239587954858,-8.7034946110973941,17.219548763752698,-5.0928003287023671,0.7865210961294188,0.7320618938548522,0.9769585253456221,1,4
-0.57651954104874825,-0.7251116462601862,-0.37661428444335915,0.78389963685926844,-0.62087050558321166,-0.0046015898072235524,-0.23049203483167793,-0.29788070725491766,0.92635873511532385,1.5639702564865763,13.20095967011769,-1.9084250042654125,,0.1810909777663513,0.2608695652173913,0,5
0.62485037577849623,0.76736074625044948,-0.1439426726284678,-0.74906092618887099,0.64120492112163407,0.16662526214974405,0.2201584355561782,0.0037059740087235387,0.9754570872212186,-32.610077903616535,20.621270143088065,-12.746820477330509,,0.2338792623089777,0.5333333333333333,0,2
-0.92256496671952837,0.35502124955779851,-0.15110855218754266,-0.32580892527288491,-0.92659294556524752,-0.18781389043743885,-0.20669404053896609,-0.12403800059311598,0.97051128175541523,4.1930144451574689,4.6792945904551004,-0.5065063727047151,,0.1313832767278211,0.2254901960784314,0,1
-0.96784117998880126,0.048324840203501092,-0.2468768116636143,0.0023414159533203991,-0.97960255604032709,-0.20093120706000858,-0.25155112420583448,-0.19504753784286699,0.94798654520632164,-13.082710021932956,9.2601284017798893,-5.8109089802277216,0.4236529588129767,0.2043830914097543,0.25,1,4
-0.86431965353058338,-0.36301821245891813,-0.34809382922411247,0.41452569769442149,-0.90612509607814673,-0.084295647623847697,-0.28481569913143268,-0.2171522223706282,0.93366210689294449,-30.822725816569388,14.598874317314754,-11.827179970251635,,0.5640541373433738,0.5675675675675675,0,4
-0.96067966558914963,-0.071202988690202362,-0.26837420614713225,0.083844217613844002,-0.99583108864821268,-0.035924783290072898,-0.26469742593429746,-0.057013834139612654,0.96264463610434092,-7.1834530831108125,14.716107969486375,-4.4778697270281107,,0.3765034019620431,0.4444444444444444,0,5
-0.94495083955556602,-0.1033271308150651,-0.31046966818154242,0.14814936990288138,-0.9811114081104132,-0.12438717406944026,-0.29175276351837653,-0.16353565028191422,0.94240989811560338,-6.8925273793669239,-20.365292939718117,-1.6638894705202469,,0.3776331785750844,0.3666666666666666,0,2
-0.084174495424636328,0.99359988164656254,-0.075325490452719662,-0.99337952438756028,-0.077744119860944885,0.084575246701323589,0.07817784115432333,0.081945878596680496,0.99356584992312713,3.0638587562161845,12.717917845164839,-1.4877180427829404,0.6808392250454169,0.4884913072474711,0.3125,1,5
-0.72690026026270271,-0.56207535630823058,-0.39457230701227641,0.636094333141211,-0.76762302896453605,-0.0783510354044437,-0.25884360331221706,-0.3079385965323056,0.91551832848395853,-13.470755565506556,-16.305528429014146,-3.7872482915484338,0.8146896117454014,0.4379920599604964,0.3636363636363636,1,5
-0.46749085540163565,0.86910820031860658,-0.16156495986073116,-0.88347486169447631,-0.46563091808003282,0.051575351495380346,-0.030405079670566371,0.16684958575584835,0.98551344326869972,6.432997443115144,12.209584558543495,-0.52311763781079856,,0.1004129586705953,0.3125,0,5
-0.45486323980050969,-0.81709443860643438,-0.35419784228114748,0.8662146423525765,-0.49829243965613079,0.037105767146632031,-0.20681302292694867,-0.28993330781401799,0.9344340803758393,-1.2063507991246476,14.971323265761974,-2.7881284994259037,,0.1011084328353158,0.2702702702702703,0,2
-0.6018007473788255,-0.71340988246848736,-0.359001671375756,0.76199301668051811,-0.64751691684096824,0.0094066431255029285,-0.23917044755657205,-0.26789584170170677,0.93328951296718421,-11.572085015052368,14.737401487016461,-5.7827492623127172,,0.4545272790942345,0.28,0,3
-0.71776555123397956,0.69562234342619678,-0.030367232143026491,-0.68634201354778857,-0.71418686189044367,-0.13737454910662472,-0.11724868400519414,-0.077760411710118049,0.99005356646482723,11.216827808801956,5.8262698982030248,1.2784409664301013,,0.1453322214141043,0.3333333333333333,0,2
0.94258222802797142,0.27926261364042271,-0.18316969189400645,-0.20129533420588486,0.91268865839273283,0.35563970710286913,0.26649377447281258,-0.29834846315004454,0.91649837026764014,-23.791203055347871,-16.990373880883769,-6.6716424019557037,,0.3925893541923917,0.28,0,1
0.83439808389117143,0.54151962335644921,-0.10264665176532219,-0.48197114291511256,0.80722705562708874,0.34071732867689819,0.26736427397062956,-0.23482116212878038,0.93454554026042402,-7.5480917537364354,7.1208930512945301,-4.0845055598217419,0.4578012554781047,0.7890754883979896,0.3439767779390421,1,1
-0.83228902058135457,0.53052188892060015,-0.16075295205951326,-0.53447646303329066,-0.8449173852992129,-0.021201945254275968,-0.1470710599783433,0.068272522988827924,0.98676692583486358,-5.2546945367704172,-28.191341177701617,-0.50278941757494677,,0.299113671592515,0.3157894736842105,0,3
-0.45043227881889097,-0.79862952444038582,-0.39912610148942135,0.87025569907474598,-0.49258770505231592,0.0035172516568279955,-0.19941359137718151,-0.34575748079168994,0.91688929759848248,-18.541096387163737,-18.9435629453071,-5.0106726051756425,0.5790680747721024,0.4668451059943586,0.8615384615384616,1,2
-0.34022299178348914,-0.7928388242832255,-0.50562329314528731,0.92213603765727725,-0.38660225759614669,-0.014276640896936359,-0.18415603143972545,-0.47111070156679319,0.86263622863499978,9.6668621053399928,5.9728566609518694,0.83419573963017513,,0.2551463113653474,0.2222222222222222,0,1
0.78459172108810049,0.60011563757470843,-0.15581095192031386,-0.55853015576936438,0.79321221769868244,0.24260759013227126,0.26918375934714633,-0.10332279144428927,0.9575304196065515,-12.676289865593073,-23.25830941153437,-2.9772442451446604,,0.2246435814700448,0.2307692307692308,0,3
0.43710827674338665,-0.79827049609812839,-0.41436767424797344,0.899343997006542,0.38239323657025848,0.21202779929438295,-0.010804140443548268,-0.46533818635973762,0.88506702732883791,-19.484851627878065,30.078210746514547,-9.2805326736268121,,0.6040551434862285,0.7,0,2
-0.33861306595383012,-0.86898429198756066,-0.3608427522401193,0.91762708010203309,-0.38979239777446389,0.077604307230012631,-0.20809068558867061,-0.3048412487117047,0.92939231740698458,6.875634402169478,5.0657685234496652,0.19065100768185139,0.7572922639148986,0.4043604123210578,0.28,1,7
-0.91941128053454813,0.36048762043532306,-0.15726275063949824,-0.33550114169162826,-0.92753168587134804,-0.16469352029836734,-0.20523615945889431,-0.098659248008147044,0.97372710326509371,-15.691697275508375,14.938124844011842,-7.0626968581725462,,0.3705997273551473,0.3684210526315789,0,2
0.90014934755311959,0.4054239838353601,-0.15925622572056322,-0.33236993696330736,0.8756170514046312,0.35046398430147835,0.28153397148958842,-0.26253794510608458,0.92293686147903675,4.5401313208013505,-25.225963583373037,1.9511262797268403,,0.2577016111220243,0.1290322580645161,0,4
0.85199880302932707,0.48944481300396997,-0.18585428340531546,-0.42671209605383126,0.85487152951518808,0.29514649770192064,0.30333945789814432,-0.17215819192786941,0.93720154195038952,5.4542725621583541,7.1017775291401364,-0.37884559361827796,,0.5939794306913261,0.303921568627451,0,2
-0.22327947943791682,0.97361776582454307,-0.047060813133208548,-0.97378188988358305,-0.2206403995164414,0.055377297116988217,0.043532803685164212,0.058191581625273943,0.99735582157586022,3.1296813172318902,-30.558329101396581,2.0392415609511754,,0.3725935205237948,0.3076923076923077,0,2
0.11824954929975318,0.97759788474046594,-0.1741247249570636,-0.98400602100760037,0.13889167194174878,0.11154036975918941,0.13322610371543664,0.15815017931129097,0.97838608231751323,-6.1843680441096085,17.413759332194022,-4.3953962136052374,,0.08699725837985606,0.1666666666666667,0,4
0.90803590310377014,-0.32834019071436388,-0.26012212100506832,0.36890432939139239,0.9209896113052185,0.12525067514448496,0.19844494055230394,-0.20969228652842073,0.95741775131844886,-2.9002652093360095,19.67299199768485,-3.6327147439541139,,0.1518673831760954,0.391304347826087,0,1
-0.71019667753507265,0.66254373278666123,-0.23802621990709655,-0.68991973617715074,-0.72229170241710905,0.04801514607543203,-0.14011222948549251,0.19831918405568152,0.9700711645977802,-2.0391276902045083,-25.997852784658043,0.21810996526630072,,0.5943580673879578,0.65625,0,5
-0.96672222238028971,-0.037783261195841716,-0.25302286444019656,0.037868518109737813,-0.99927244033314455,0.0045349009709372773,-0.25301011855711963,-0.0051976113793323455,0.96744967039307206,-7.3746839574796192,7.7810645129571228,-4.0334787324085282,0.2087091608598002,0.335486312557422,0.3982300884955752,1,4
-0.16167553560570219,-0.92339647386182055,-0.34813786528639079,0.97661608874241601,-0.20037214462951652,0.077923160010570786,-0.14171110188010733,-0.32739877170833143,0.93419912646491032,-10.260328624737214,13.152294996996146,-5.2594348409926761,0.84576490022281,0.6117941447663542,0.7315436241610739,1,5
-0.96690671020644947,0.05992562470888943,-0.24799260727084349,-0.076911618224641626,-0.99526848120723788,0.059373843546675041,-0.24326121092317313,0.076482480468976544,0.96694074970574306,11.682171505321712,-13.47975745696476,2.8523152695001643,0.3815315744503702,0.3219738211439264,0.9204545454545454,1,5
0.82085386028743601,-0.49814740433350591,-0.27937090687293586,0.54771113469014776,0.82524027810104916,0.13780782392932439,0.161899515093922,-0.26613464065298825,0.95024254801437913,-12.108579159474886,16.739768600697563,-6.0736200887875391,,0.07875689017516667,0.2272727272727273,0,3
-0.96785871229473186,0.012481175295105999,-0.25118465975938287,-0.0085781967885266066,-0.99982495936468874,-0.01662724184151879,-0.25134821975705623,-0.013938109436070484,0.96779636366867361,1.6761731483826221,6.605803736684889,-1.3341885611135587,,0.1809873194694972,0.4191176470588235,0,1
0.3501463598930139,0.93652637861386356,0.017772698559152564,-0.9162779064265093,0.33851264764577021,0.21411208648393448,0.19450533372718859,-0.091255298718777619,0.97664740086042423,18.896648321677027,7.8453260805127432,3.1333136324430533,,0.4674585955219591,0.1538461538461539,0,3
-0.28786875457633926,-0.87884216114297597,-0.38048394964335897,0.93879979104821087,-0.33744938049385803,0.069158281732170354,-0.1891732868734432,-0.33728974399150408,0.92219797014070848,13.078034023816073,3.3713332084540264,2.0330036182435149,0.4362033944992159,0.2953342006434264,0.5789473684210527,1,4
-0.87142868851676392,0.44405298538928439,-0.20839622596585994,-0.44365347008407513,-0.89472798290926003,-0.051317005772767439,-0.20924540451897317,0.047736597763009002,0.97669728059501681,-4.4925803584032895,-26.297213241685039,-0.41632118324688527,,0.2745799280538854,0.5454545454545454,0,4
-0.6449768001332189,-0.66588298452130679,-0.37497303665051901,0.72038473940240944,-0.69353392758201737,-0.0075178806045691606,-0.25505049407134478,-0.27497371186653274,0.92700523367255327,-27.201913859883046,19.95776391956197,-11.037570538029122,,0.2216148346463544,0.1428571428571428,0,2
0.66046200982512404,0.72248071346798814,-0.20447873298841007,-0.70955615923400805,0.68961839090136845,0.14476371031336235,0.24560128352848898,0.049478213360987226,0.96810738863607726,6.2288296876367832,-25.781088909858553,2.4561379967738222,,0.5689841414413304,0.1333333333333333,0,1
-0.87554419733039845,-0.39775035478373788,-0.27425720371665713,0.40126039506988859,-0.91482045828436342,0.045756141147882248,-0.2690956221669652,-0.069987030039849824,0.96056720834972098,-5.942013502868785,11.080565437578123,-3.8487399318827937,,0.06880707164397482,0.2444444444444444,0,5
-0.078147290626015539,0.99674412244924193,-0.019853345579633037,-0.9935211149841634,-0.076215434153424716,0.084303034805576382,0.082515423094342344,0.0263127717980494,0.99624236157265789,5.6523638154936569,9.8892422346605766,-0.52572380482559622,,0.5110522370297389,0.5476190476190477,0,1
-0.84611974547412305,-0.42335274310850629,-0.32381141304980177,0.46122240891161648,-0.88605234398148491,-0.046745408787205234,-0.26712406450294179,-0.18890129334501785,0.94496615576220988,3.5952299779130814,9.2129676126558007,-1.0305791808776898,,0.0943599096475419,0.3333333333333333,0,2
0.89344126075630692,0.43007085056672917,-0.12962166898705788,-0.35896400685674784,0.85709139912166665,0.36951207738450492,0.27001399104403612,-0.28360782260804079,0.920140775966372,3.2922807302901944,21.624540175186901,-2.1206020075580176,,0.5329793313699303,0.2,0,1
-0.35084042961551082,0.93540067855925546,-0.044006402921490488,-0.93628282988949574,-0.34954790340440361,0.034506893220099387,0.01689542545547627,0.053308852702626704,0.99843513100361636,-28.361228393101946,14.735880324514982,-11.06530736298987,,0.3507091716314875,0.375,0,4
-0.96615418748551884,-0.046051535302338145,-0.25382147683065448,0.035675112770657269,-0.99833459231088095,0.045335726797612746,-0.25548654041455465,0.03474619247866461,0.96618804058797891,12.329361238900042,5.2756987717558008,1.6151224288329094,,0.07611587928434432,0.3478260869565217,0,1
0.94438233713221753,-0.14312726229457723,-0.29606855304261814,0.24361671836425702,0.90924733754211717,0.33752062708225872,0.22089114026171516,-0.39087576793737178,0.89354531960793626,-18.75877926218698,-24.164898208628358,-4.5877731566639524,,0.5453089879453992,0.4444444444444444,0,1
0.90031481294215798,0.40145926827393141,-0.16811809395150673,-0.34106799507717994,0.89071725467287266,0.30049192162528227,0.27038095408323543,-0.21319762696845809,0.93885084626050097,17.437057317291302,-27.866509151840777,5.6689723092090434,,0.427378444325093,0.4166666666666667,0,2
-0.20667273256267776,-0.87068573855603304,-0.44631012344580656,0.96609201751441798,-0.25375803356213161,0.047676766853484973,-0.1547662602442704,-0.42132315991150476,0.89360740798864657,-9.9144492798527537,-23.311536861789531,-2.2264765764052528,,0.261967106125641,0.2962962962962963,0,3
0.3421149413862784,-0.86262558668535516,-0.3726049705465706,0.93962284739124269,0.31062144591758079,0.14360787581621512,-0.0081407334213467863,-0.39923854339457121,0.9168109477572487,-1.303781465173774,17.504068951621868,-3.0298851974855583,,0.403953521415368,0.5483870967741935,0,1
0.72654051508488271,0.67194900542280245,-0.14360854449335714,-0.63176292030240999,0.7354409133138945,0.24495361919146275,0.27021193991229286,-0.087242175209769665,0.95884008593378267,8.3215287719371887,19.413676369500262,-0.55220953637794123,,0.6577704429812045,0.2413793103448276,0,4
-0.96607497359743177,0.12041650200505585,-0.22847102974685318,-0.081894621622583499,-0.98182848657319566,-0.17119022724058128,-0.24493349370393386,-0.14667204572874237,0.95838139311222581,1.7685283358346162,-28.649587187164993,1.5286271784163343,,0.6391567278350179,0.25,0,4
-0.3520787209471723,-0.8939683745815965,-0.27723838028697045,0.91715284045065071,-0.38861486214131669,0.088369430099950255,-0.18673843072465737,-0.22315697204171153,0.95672865762433845,10.613484958891954,11.201542285302507,0.64318311021445684,,0.1990302458908345,0.4333333333333333,1,5
-0.19264586909175208,-0.88509364664826196,-0.42367063361149537,0.96964053716469312,-0.23797595959540818,0.056255411665111395,-0.15061473304046266,-0.39997084808461641,0.90406776453627846,-22.381411790826935,-19.446097697832297,-6.027303526554741,,0.09815843189568538,0.5,0,1
0.25458472425171208,-0.8768156131478676,-0.40789827005983625,0.96700950976961053,0.23470209888714338,0.099032988408436759,0.0089009096622693629,-0.41965379221221971,0.90764060535494218,5.3214348221498611,-26.869350497545945,2.2850378794626383,,0.3279205564525496,0.4,0,2
-0.45248839093272758,0.88023072116385803,-0.14299697056394234,-0.89140262378117396,-0.45105313270163067,0.044186353052533663,-0.025605046126676596,0.14746168654738398,0.98873628061958529,-0.42684482882760699,7.7567300815876896,-2.0398705488109838,,0.07842599317391241,0.2075471698113208,0,5
0.88958630688111628,-0.29591621818078723,-0.34795085059128272,0.41524187835463783,0.84127865524149048,0.34615662162608068,0.19029026530573964,-0.45241995540940722,0.87126677824718057,-0.14169452786246056,4.3307410095301986,-1.6839193152904481,,0.4125496850872479,0.3728222996515679,0,3
-0.17152705794790996,-0.89725514266761985,-0.40683126397591768,0.97120805060267457,-0.22330291836087127,0.083010415587865968,-0.16532813080745357,-0.38087926644545322,0.90972391062106683,9.3526715772428926,6.9277473455207454,0.6555204963283372,,0.1889133128917176,0.25,0,4
-0.86247003855925253,-0.42682822040480212,-0.27196158341514115,0.42860425098394106,-0.9017538468746118,0.056021385964056078,-0.26915391252236287,-0.068247123843491048,0.96067606479030965,-9.3417334511311232,-26.287657650465828,-1.7391556374215673,,0.0933013882973595,0.2857142857142857,0,1
-0.93401295462709555,-0.22478181143941944,-0.27765615036367697,0.24151510406395554,-0.97001742340229724,-0.027141348620616589,-0.26323042205972363,-0.092408525266786889,0.96029704225321766,-3.3172523217631462,13.539240578159053,-3.3249576327887644,0.1456272088978759,0.1463356382369744,0.3766233766233766,1,5
0.5131245342117533,-0.80814878910614252,-0.28913447918961044,0.85693175694142465,0.50146736304225659,0.11915723959847829,0.048694725949069456,-0.30891102031122408,0.94984356880226561,-1.5794785914821092,15.988982752034785,-3.0224554941593911,,0.07689698819812309,0.2142857142857143,0,2
-0.9098111130035772,0.36728825434070334,-0.19324356878962226,-0.37078779625219704,-0.9285214851445015,-0.019085643177194616,-0.18644073805268521,0.054288026749981351,0.98096516826336011,-6.565794438713513,-21.666871117821326,-1.3909867708554156,,0.1981356090696838,0.375,0,5
-0.70307110449070365,-0.65656668017509412,-0.27315053819108137,0.66528233603877507,-0.74296839576074558,0.073466837794304463,-0.2511780949545806,-0.13006981734653023,0.95916182536130379,1.4965551060715594,10.912081647297727,-1.7190077244191178,,0.09184073718628855,0.3968253968253968,1,5
0.26852913311289789,-0.87299874539844013,-0.4071428437322529,0.95493241683211527,0.18576167792185713,0.23150956416276286,-0.12647602125625179,-0.45096096233311184,0.88353722417269054,-3.3174367540004699,9.8695945698223575,-2.9659255030483198,0.6868709400257449,0.3558614684248498,0.2941176470588235,1,2
0.11766555282943032,-0.95483456216138896,-0.27284753357766217,0.99046439000572128,0.093015448764456318,0.10162882672619077,-0.071659680490076691,-0.28220397798970837,0.95667434636810722,13.102721767326472,-8.8722380419536613,2.9174500606593656,0.4197319231091306,0.4038417177189497,0.9285714285714286,1,5
0.84060329079487395,-0.46076899165762192,-0.28474206544107056,0.51687254078310918,0.83954906580993671,0.16733243165052059,0.16195333923461433,-0.28783554753449236,0.94388654693574137,11.735655091115971,17.84862222202262,0.38343765482084308,0.3839130228377335,0.3238590678048574,0.25,1,5
0.77244822563625315,-0.57025812524228126,-0.27951638468355372,0.61997721021450314,0.77252273718801878,0.1372475112421882,0.13766625412949896,-0.27931038491737331,0.95028085919440819,4.5783897355534862,-26.875987388241079,2.0994226527753028,0.3982152246719755,0.333496357040883,0.3846153846153846,1,5
-0.48233534365511221,-0.80184627568525113,-0.35269698954030881,0.84957715094146802,-0.52632020310827454,0.034723312028697766,-0.21347430960020056,-0.28289502287908275,0.9350931104285608,11.385401056748758,3.6197089324600151,1.4801304096992076,,0.07542171354114757,0.1904761904761905,0,4
0.65659584695201845,0.73857430530530366,-0.15293753400702684,-0.71295185495007463,0.67392778199804304,0.19370337419478986,0.24613318810881593,-0.018147732475091844,0.96906610379137903,-13.455625284044757,-20.207368719649711,-3.4882381211663205,,0.1120307927207409,0.2333333333333333,0,5
-0.29522820982622455,0.93355765733503915,-0.20324961144837689,-0.95532072991245598,-0.28526931748858775,0.077354505357655146,0.014234012868304106,0.21700579930202019,0.97606653254117681,11.286912842462081,-29.515377681738514,4.1628594627058719,0.3686828157165079,0.3600270078838258,0.8620689655172413,1,5
-0.96031235346849841,0.14864643769388394,-0.23601783902220616,-0.1535713461212076,-0.98813435911378922,0.0025159469989569404,-0.23284334954280761,0.038661672231028989,0.97174546547642138,-5.8602861410807741,7.8004210288969489,-3.6083325523453915,,0.06787644547519721,0.2372881355932203,0,5
0.78506157574145863,-0.53214405341653903,-0.3170189721574313,0.60024783712249918,0.77991840248916511,0.17728457205439827,0.15290799954253692,-0.32946925785597186,0.93170228710878222,13.747537540041666,6.4256045778960935,1.868125641922499,0.3792265955361473,0.1217643094032871,0.3076923076923077,1,6
0.71439418691411649,-0.63881191214603772,-0.285587616334534,0.69200255894007645,0.70551144431123924,0.15292501550189574,0.10379501010985272,-0.30687610341339977,0.94607275250379341,-6.4566922993065923,-28.832735291348882,-0.74507185295073297,0.2980982083700791,0.2753821215481013,0.4285714285714285,1,5
-0.74142098977566906,0.64609782129340354,-0.18125264478066502,-0.65825383834977269,-0.75273753619357575,0.0093854090490442937,-0.13037177692223226,0.12626878840451244,0.98339177994174731,-5.0718290099676437,15.967150679705162,-3.9749801861912593,,0.109418663714008,0.2083333333333333,0,5
-0.83162938853318014,0.51963210034594398,-0.19589548340375706,-0.53052810728117628,-0.84765911137498129,0.0037360791787290717,-0.16411120471369942,0.10703509327804432,0.98061766315643073,-0.38133036623321392,6.5959381838603894,-1.9610751301330851,,0.1012099134549781,0.2365591397849462,0,5
-0.9601216478570751,-0.088490446196043376,-0.26520909156407313,0.09007428925168634,-0.99591569304579775,0.0062092480150983398,-0.26467535535447817,-0.017926886989509824,0.96417093038052504,7.6007040952036098,9.3341525704534991,-0.0047266751928098675,,0.08153789700666947,0.275,0,5
0.58221513552909721,-0.72818172343189325,-0.3616309079995681,0.80912285266103223,0.56252294665943958,0.1699651251970648,0.079660186181729709,-0.39156010029283911,0.91669784694639356,-15.314629162040669,13.572590339999673,-6.8668363498975999,,0.1625921239026121,0.2666666666666667,0,4
0.019093495458009417,0.99305359983510189,-0.11610334312904302,-0.99393048084214142,0.031435921574719826,0.10542287269685739,0.10834037882573926,0.11338576052262211,0.98762646361192774,4.2290800762057792,12.458533263061785,-1.1347712540321067,,0.1686905438792211,0.1428571428571428,0,2
0.13481132399963153,0.99080009703606686,0.011877484362689844,-0.98138826928468714,0.13185711696190744,0.13960933212683063,0.13675880897357989,-0.030477342728878386,0.9901354249537353,18.34974704593461,11.075633414771696,2.699521692555797,,0.2427594334018862,0.2142857142857143,0,1
0.12193003578774458,-0.92315972308542782,-0.36456712968345972,0.9882176158168442,0.078676441437420169,0.13128580026802955,-0.09251491859193374,-0.37627934202608221,0.92187572188573652,5.9913842591366482,16.986538113249551,-1.0460806101166469,,0.1836367359850818,0.1764705882352941,0,3
0.90566213318807165,-0.24461069229214241,-0.34632601653007622,0.37537376399056838,0.84237379254191225,0.38665350243610708,0.19715637909229566,-0.48017913621367858,0.85472648217327452,-5.4057315919526676,-27.344334800697457,-0.66702035310950614,,0.2967863022659787,0.2631578947368421,0,1
0.46817823979445977,-0.77808234493846729,-0.41880425054912895,0.88358182365516491,0.40707613579156898,0.23145664945128977,-0.0096071165900367909,-0.47841079018356214,0.87808360601184521,-1.1077129924299582,9.426554829209481,-2.3300727556698453,0.7497522147229865,0.4175316108004881,0.323943661971831,1,3
-0.43239366323571543,-0.81518612015421821,-0.38536646130859858,0.87868302461065884,-0.47686008934103979,0.022816604802652414,-0.20236566471282497,-0.32874921247292532,0.92248148655881923,-6.0935920419904495,-23.289326324807654,-1.1107506243561844,,0.4508759421629464,0.3214285714285715,0,5
0.96422064282979503,0.015115189779205607,-0.26466976211655679,0.090130575309319477,0.92020941594986028,0.38090827004887612,0.24930910800712303,-0.39113445493225857,0.88592257383449546,-2.720928065030451,-23.921800790623863,-0.11524061174611964,,0.524519528735415,0.1538461538461539,0,2
0.70555097107356435,-0.58370308724920161,-0.4018563588558754,0.70439165603946285,0.63978209558541155,0.30742684507102297,0.077654504821897063,-0.49996957517842117,0.86255446307857897,3.9040439718816087,-32.363175763340585,2.4023592524904664,,0.4763942304360919,0.1904761904761905,0,2
0.81414876009226844,-0.43947194574307064,-0.37950784622326583,0.55980490835773533,0.76764045394200642,0.31200416351436489,0.15420849852978391,-0.46646815794490215,0.87099207608604579,3.2731817489830437,18.296022330696633,-1.878890467220883,,0.4179173502550399,0.1111111111111111,0,1
-0.84834724752405821,0.47307517995079856,-0.23771163566993098,-0.49628851598965679,-0.86694724957812352,0.045827670088182955,-0.18440351546307066,0.15685133267985463,0.97025409193747547,-8.7344255395003927,12.17299952280016,-4.7751361691248198,,0.09952644520626849,0.2777777777777778,0,4
0.40031921687605188,-0.86690969297783249,-0.29700523365897918,0.91632551745729385,0.38208291263937721,0.11983402657689865,0.0095953455574849991,-0.32012533809445665,0.94732660537617253,13.991923029572693,12.796590450557561,1.4251836156735678,0.2111350447751291,0.1555917349301698,0.5217391304347826,1,4
-0.065501181613054515,0.98120008418465554,-0.18153784730275552,-0.99051832142708052,-0.041917658429577453,0.13082952583060281,0.12076030028354834,0.18838605231759115,0.97464231652828481,15.018040162649797,10.182776471514352,1.907535024948422,,0.2987617041414106,0.3823529411764706,1,3
0.89945749165022459,0.40302526425243845,-0.16895815188542571,-0.34362713530007977,0.89112604486618763,0.29633555987529825,0.26999372696369633,-0.20848263365421607,0.94002041406814962,21.650839296444911,0.72253193954319583,4.4045831354058285,,0.348383301070097,0.4117647058823529,0,1
-0.82761067337774652,-0.47046033707888973,-0.30614970936920827,0.49400346537031281,-0.86945967891950937,0.00066553385051451488,-0.26649793528910332,-0.15068821443232305,0.95198314718163135,0.40908711837130002,-30.205901846135692,1.2743612076820203,,0.1453128619843207,0.375,0,3
0.24674707553322583,-0.87808420419172695,-0.40998050083483439,0.96841189954859597,0.20771794293983117,0.13795524271851453,-0.035976013237709784,-0.43107004828661666,0.90160098710110881,-16.488018141982245,-15.302815479264348,-4.7978892350640745,,0.6101122330513447,0.125,0,1
-0.92412916293691327,-0.2475995935684559,-0.29099782039434074,0.25827440866086043,-0.96606994641896127,0.0017856250866178016,-0.28156636880210728,-0.073507141767332376,0.95672204953622508,10.772910759936932,-32.772164776426052,4.2874038407860002,,0.3515877944749695,0.5652173913043478,0,4
0.58068300727103295,-0.73823633059541072,-0.34324097257712888,0.81269963375018328,0.55060521697815623,0.19066515239748483,0.048234327703289462,-0.38966782677745054,0.91969148870996476,18.892208503016398,6.7936510687249525,3.1937674232030209,,0.171507122234814,0.3076923076923077,0,3
-0.50834547932570406,0.8545250646453012,-0.10663858373995144,-0.85757276859025855,-0.51361595968466889,-0.027705460285548135,-0.078446288768545092,0.077366400007618075,0.9939117767328759,5.1083934285912296,-30.52638043168648,2.594640634677448,,0.2886798871255942,0.2857142857142857,0,3
-0.87856562564324003,0.45158002830942873,-0.1555568046411322,-0.44478950058834571,-0.89223038711729497,-0.078020743849911506,-0.17402511774015242,0.00064368981579956085,0.98474100354303762,12.072754541305438,29.796186629783769,-0.4868926779068567,,0.4233995573194423,0.3636363636363636,0,4
-0.88427546851168304,0.4041274668340904,-0.23396129239407507,-0.42745289859483299,-0.90222954331909688,0.057147796502496719,-0.18799179575534788,0.1505418271194961,0.97056490922359484,16.971085209340519,12.50078518756896,2.2170435983164323,,0.1077162196895893,0.2352941176470588,0,4
0.97007301514228383,-0.11041196024486605,-0.21625805031869727,0.17645391205173616,0.93237840929123317,0.31549091715798672,0.16680036634970655,-0.34420880424886807,0.9239577570772205,-25.906538389953916,13.056608180959779,-10.223939611833824,,0.7405665111815548,0.4831460674157304,0,2
-0.94344560343013173,-0.16720348676996052,-0.28627502053151921,0.19744385777492551,-0.97704139088847453,-0.080037763072626417,-0.26631995117773111,-0.13203452011759112,0.95479870606427197,34.683594309443755,-2.425241833282072,7.8588068850355031,,0.4855936379989619,0.48,0,1
-0.96788921230775748,0.13985664514440294,-0.20887937070764606,-0.14375141429461136,-0.98960762015199699,0.0035055706241439635,-0.20621833959803076,0.033419708946284411,0.97793513050067793,-2.0456110276828148,8.2982100046594898,-2.5341063261167114,0.3910974109593953,0.3613928597880263,0.4401408450704226,1,4
0.51030095247047402,-0.74729036465029608,-0.42561725623916558,0.85886684232723953,0.46819355978680699,0.20770781816049949,0.044053207131431536,-0.47154204634898239,0.88074253528852042,-10.354310731974099,-24.867706321425505,-2.203944299472671,,0.7841312133476507,0.5686274509803921,0,1
0.18100379484889939,0.96295450420614115,-0.19989059277365612,-0.97086723531017471,0.20740188728610054,0.12000528551419212,0.15701731640642883,0.17234581509067695,0.97244150588570377,-14.470991557113463,-20.101768407428704,-3.7648440756647514,0.1844375766405466,0.1373162493776095,0.3214285714285715,1,4
0.713108304722048,0.68158719444118143,-0.1640592640183606,-0.65353963456364672,0.73100424033120648,0.19626193383387178,0.25369763852046801,-0.032736783464402744,0.96672944054556609,1.1493818032741441,-23.768331540327019,0.93720718959904314,,0.08814560175732196,0.125,0,2
-0.77917125911350582,-0.51164445843767081,-0.36209404458164612,0.56939390422036928,-0.81928134624967663,-0.067591845099843229,-0.26207390333292946,-0.25883976479153797,0.92968771388811133,-12.795980005114194,10.676907935749316,-5.8685804865140279,,0.09802831903538382,0.16,0,4
-0.31804432755054596,-0.85998627385298199,-0.39908822896370494,0.93069370457753864,-0.36344060645428178,0.041474737369668661,-0.18071257281290645,-0.35823809731044748,0.91597403438237934,-13.933304789470212,11.255986308049341,-6.2337678611090439,,0.1196201718845974,0.1090909090909091,0,4
-0.81996030113531149,0.564115165771924,-0.097155464633781038,-0.54459052388753726,-0.82105547370619603,-0.17114049897377759,-0.17631297698691689,-0.087418469691538297,0.98044466712956446,10.943297259530077,12.949670097294856,0.60456390935612825,,0.3971354124162887,0.1428571428571428,0,4
-0.45513018600632754,0.86483378128382238,-0.21194113460150166,-0.89001596575385178,-0.44905954335756643,0.07884863488185985,-0.02698322606888855,0.22451738745544844,0.97409642656212225,10.955370360115852,10.114507233580808,0.83656971503948907,,0.08357900144038463,0.3125,0,4
-0.91129740351502475,0.36048191991947431,-0.19897192705993302,-0.34862315397714105,-0.93263962686791302,-0.092979690829288267,-0.2190866012740266,-0.015365930067816738,0.97558441425401332,-15.268929840668731,10.217785825263954,-6.6138013068971153,0.5251169319363712,0.3557574865670294,0.1428571428571428,1,4
0.59357459339048946,-0.7368090885054468,-0.32369981337203163,0.80093791839863637,0.58009967928261397,0.14826602094703953,0.07853440617063992,-0.34727039780548685,0.93447076886087999,-13.772076646860375,-31.388353941123075,-2.5794487665858021,0.3014867195868101,0.2646101298690864,0.3076923076923077,1,4
-0.088555007790974416,0.97503241615815006,-0.20364134657760594,-0.99275848136667832,-0.069735992931489063,0.097813541825178901,0.081170242513295562,0.21082855293024105,0.97414717214580759,5.9902715843503804,11.391385580063776,-0.60662684898434682,,0.0761290719429886,0.2592592592592592,0,4
-0.60648385350420375,0.76990388638367058,-0.19855815563711463,-0.78901095161184787,-0.61361015916621342,0.030729315068543272,-0.098178682387059901,0.17530139274784798,0.97960725192569231,-3.9491718642360083,-23.827521319384815,-0.47716710669995305,,0.5689637899652326,0.8376068376068376,0,3
0.86104696418743898,0.47804002417851776,-0.17342393360490035,-0.43150029035705945,0.86728151715565416,0.24825444491883741,0.26908293309938497,-0.13892625843802484,0.95304452667807871,1.7608058095828212,-26.081925000144505,1.2928000327301239,,0.08025221353052339,0.25,0,1
0.11932921298858061,-0.85900184326714402,-0.49787184313955268,0.99033682014636004,0.067289626099137315,0.12126454090885359,-0.070664853993500393,-0.50753122020530683,0.85873077208575121,-14.5828985560631,-21.501179612174994,-3.6557933579790558,,0.5597510457889134,0.2903225806451613,0,2
-0.95051196020925099,0.24370945970290178,-0.19269850220094131,-0.23323923764402263,-0.96947405044745416,-0.075627531575751486,-0.2052473423028949,-0.026940021535362003,0.97833928865055397,23.797332208766193,-0.037500526691350455,4.9885937421157296,,0.1842304507190416,0.1666666666666667,0,4
0.38514170517873958,0.91387798390700237,-0.12842467621950349,-0.90809238543638993,0.4000855581634985,0.12369222150744984,0.16442045628345334,0.068982437468339458,0.9839752724923867,5.3479545430404887,-23.322710465499529,1.9873552053601431,,0.4310936277588047,0.1153846153846154,0,3
-0.004914204791150679,0.99316290335172919,-0.11663317708626121,-0.99359619556287915,0.0083166898434708803,0.11268288615855108,0.11288246433456396,0.11644002780836173,0.98676201242738604,-8.7246886745228505,11.06188015045141,-4.6339180934422659,0.4450459194682991,0.3576960271804798,0.3366336633663367,1,4
-0.96467906876360365,0.082996972620345347,-0.25001159338167334,-0.089815152544043167,-0.99583045733050624,0.015966797625213438,-0.24764396350986603,0.037857664861582062,0.9681111839806168,13.223773201278478,10.771142758544322,1.4087654692691669,,0.0794100027630659,0.3157894736842105,0,4
-0.072849680354218321,-0.88607325217588473,-0.45778501051338505,0.9899152401440553,-0.12015488818777972,0.075037458479884717,-0.12149379162256156,-0.4477019037518537,0.88589066141039119,-4.142754305890433,-23.135645730572385,-0.63503053732298609,0.8679475136647781,0.7826412266077589,0.9042553191489362,1,1
0.12782085916304783,0.99070141791024358,-0.046610390616823864,-0.98255845437605516,0.13288993638029842,0.13007362739224804,0.13505817893395941,0.029171310554599362,0.99040815977230812,-16.757567209990203,10.931956270889017,-7.113323354946794,,0.1624391998422743,0.1538461538461539,0,1
-0.92617285684865369,-0.2709677827310637,-0.26225998543166068,0.26451782980946742,-0.9624934657955474,0.06030461021983427,-0.26876412883733825,-0.013519949063797016,0.96311113275032811,-16.831367486440591,-24.699990618936901,-3.9636649606214576,,0.0938055531432145,0.3846153846153846,0,1
0.50964609215357481,0.85190269897327975,-0.1205099673663165,-0.83154273734707373,0.52366787264166903,0.18522590296252694,0.22090164489637551,0.005809530530924349,0.97527878713580418,-1.3368740977658018,-23.745749416805296,0.23877840093727379,,0.1010652437943968,0.3076923076923077,0,3
