axis_00,axis_01,axis_02,axis_10,axis_11,axis_12,axis_20,axis_21,axis_22,location_x,location_y,location_z,dbh,dbh_approximation,score,reconstructed,number_clusters
0.24064799370759613,0.96988969080996701,-0.037450377635691867,-0.97045952883769193,0.24111581163097873,0.0084538908000922775,0.017229219733759172,0.034309663975061785,0.99926272868814892,-10.803796153103299,6.1710087601085606,-2.4807673967041359,0.4011180298828927,0.2393806340175225,0.4692307692307692,1,8
0.11137991261118349,-0.94411059844593714,-0.31024134632376155,0.9925304227991536,0.12131777219960434,-0.012859158862798306,0.049778257149672538,-0.30649172264610991,0.95057085431048327,-2.7706028522855015,14.785093573686076,-0.77884931454326689,,0.5845569651359087,0.8055555555555556,0,5
-0.073051473811260814,0.98748486038644701,-0.13977529353058984,-0.99698466214470938,-0.075983639104129849,-0.015750239258279477,-0.026173758274317421,0.13820324560607544,0.99005797672749685,0.37241678780074844,7.4186772927383666,-0.64775957052387634,,0.07386034399122106,0.3333333333333333,0,5
-0.97912004532762631,0.12311874242649019,-0.1617581902128796,-0.11306925538463225,-0.99112080452978146,-0.069963521316492,-0.1689357283832861,-0.050212808042948032,0.98434719158640893,-6.5039037110128772,20.983812511000092,-1.0451811503480346,,0.1054910162236849,0.4444444444444444,0,2
0.84819528478638517,-0.48234446542072251,-0.21888027673625796,0.5110980804466646,0.85379112083488062,0.099093259847749887,0.13908095135523879,-0.19591972504450963,0.97070693327523239,-8.9048568275243323,-5.1241103354953026,-2.6606855209319411,0.1692172079618669,0.1468512227901907,0.2783505154639175,1,5
-0.98397493389578938,-0.037096672288837861,-0.1744051787358096,0.074640212311453555,-0.9739909868814034,-0.21394016962667226,-0.16193260379205984,-0.22352940383511685,0.96115162042741187,-13.306155446449534,8.1564675517973999,-2.7674706117200989,,0.1494912976963206,0.6428571428571429,0,2
0.71489059743208538,-0.6593740859451428,-0.23271709968801885,0.68675807114112586,0.72470037044015023,0.056326945651515678,0.13150964004861479,-0.20008795033163762,0.97091195620734216,0.74567712320334911,9.1916128515105537,-0.50703113807070743,0.6303023507785424,0.2985255042579633,0.2,1,5
0.94216875603760453,-0.28110482883870613,-0.18247769822670259,0.29460744127680571,0.95425091623273328,0.051104250442829291,0.15976385915120919,-0.10190811583260456,0.98188097304946387,-9.6650359696113171,17.826579657788383,-1.6750507270866803,0.4882841407044121,0.4360642244091887,0.8734177215189873,1,5
0.58894054222596981,-0.72707619846049953,-0.35285866767702845,0.78584913427757075,0.61712148990398141,0.040027551185175203,0.18865358697298149,-0.30086752621530483,0.93482006599736067,-5.8012742065206497,8.7811519164326519,-1.5525188694832042,,0.2278228905793767,0.1764705882352941,0,2
0.018814723721582029,0.9989790528044401,-0.04107137968492789,-0.99981312190800653,0.018981142508534599,0.0036657181610464293,0.0044415573671919293,0.040994734869415454,0.99914949045732893,5.7495416185642112,-0.74886857076718372,-0.13974962954770362,0.4084811755674741,0.156780825663289,0.2210526315789474,1,2
-0.03788539713317509,0.99927925961730169,0.0023786514580668274,-0.99901403599464778,-0.037819996135877401,-0.023250887681264664,-0.023144169238626541,-0.0032571753068514767,0.99972683180920696,-11.836044618550675,-7.5615795343419183,-3.2652554676432777,,0.07723260397875811,0.4444444444444444,0,1
0.73267383891073667,-0.64247286712630514,-0.22453877344973042,0.66729949497482655,0.74301166176643851,0.051430093188885001,0.13379248776424604,-0.18751609393750934,0.97310702635027457,-9.5012430004588513,-3.6818883865168681,-2.7315429746072728,0.1566209363165636,0.09249974271822343,0.1372549019607843,1,3
-0.96925994337830257,-0.1802650269515377,-0.16745053663828796,0.18973860017380695,-0.98092389810072755,-0.042279661055376005,-0.15663468889863888,-0.072751812300689139,0.98497347580561356,-7.3454437267722819,3.2671053929823031,-2.1249769848095115,0.5396857996950061,0.5081475057603805,0.9760506100316313,1,5
-0.58197902466563023,0.81261069836923272,-0.031052660837814768,-0.80874550918721488,-0.58235929822806498,-0.082391438492278812,-0.08503597014648033,-0.022836389013638363,0.99611614941133431,-0.66641270597782665,-20.399921615024436,-1.7904356828073325,0.3907128644556346,0.2855797322537334,0.6136363636363636,1,5
-0.64111390748978803,0.75555872123591772,-0.13455101778700987,-0.76046859576281212,-0.64903271283086839,-0.021072554044067437,-0.10324956407516782,0.088811916090962714,0.99068257836632001,7.6962962630966851,-20.633546348674916,-0.38944254466479228,,0.1017056311572514,0.35,0,2
0.40844711792896549,0.90878866619328891,-0.085288405156536407,-0.91179756035275883,0.41056001837138595,0.0081043352377019161,0.042381137198988138,0.074455567377538015,0.99632334495193386,-4.8250994422080513,-8.0393440714778919,-2.133005876392482,,0.08344261997034375,0.2254901960784314,0,5
-0.72035505100596342,0.6895282697700742,-0.075095710117719539,-0.67619209801551916,-0.72224984960208161,-0.14532515725483292,-0.1544436695742733,-0.053906585290288876,0.98652989462599383,-11.693099726678549,16.857700772885696,-2.0627511173659308,,0.4015616335450696,0.1923076923076923,0,4
-0.98471216038268772,0.0743054921318064,-0.15754572362812311,-0.054646172272234596,-0.99056974629441641,-0.12563985666263575,-0.16539575886476698,-0.11510982393029902,0.9794865856071141,-16.418128916230636,10.417946008197418,-3.1506152011172448,,0.07953130547463935,0.125,0,1
-0.15137693112636003,-0.90248308666231969,-0.40324843832458596,0.98843704808945798,-0.1418291530160701,-0.053634814430022222,-0.0087878715832617506,-0.40670476963418617,0.91351738005898941,-2.7671994051502642,-12.485418129897711,-1.9304099967635209,,0.790743638212019,0.4380165289256198,0,2
-0.98637826137613871,0.041228100773027319,-0.15924248550947456,-0.0011816115716305822,-0.96983192324371625,-0.24377170560072925,-0.16448869042788292,-0.24026294837957007,0.95666984187716331,-10.713208123766529,15.07694542034981,-2.0015876956991763,,0.1024929068364942,0.2631578947368421,0,2
-0.083488719900764202,-0.97944119167057508,-0.18364254874144842,0.99650779674833656,-0.081807533596706589,-0.01672538389992095,0.0013581859621355661,-0.18439761252724302,0.982850790214438,4.9012539858391779,6.373779403631012,0.077577242662923401,0.4995072059399569,0.4640768646702895,0.9478908188585607,1,5
0.71521113463143859,-0.65455569486259402,-0.24500994923095912,0.68918727050140371,0.71877279362018509,0.091578257956022743,0.11616341540276588,-0.23435552793646974,0.96518575800080242,2.1114208086020607,-24.448564929270031,-1.3806927167596503,,0.3736264209952894,0.391304347826087,0,4
-0.94437724794324562,0.30314309727805028,-0.12749853387318671,-0.28554560634436554,-0.94817612138503526,-0.13937628755516235,-0.16314202482674478,-0.095217148707053847,0.98199713560047042,-8.5215657153006141,-5.9858273328472427,-2.636706084950748,0.2661622062904403,0.1909030827157231,0.375,1,5
-0.94758337353846034,-0.19690147495642102,-0.25162583204722327,0.24533197499648712,-0.9529190405762048,-0.17820640883999847,-0.20468994171134655,-0.23059729241105945,0.95127646690901313,-9.5288464649840297,14.847102178722924,-1.8152342519719544,,0.2371565540126932,0.2352941176470588,0,5
0.94739515032730426,-0.25507752496146285,-0.19333361165570503,0.27552189571530294,0.95734466253558703,0.087056775130192193,0.16288067447598112,-0.13574480975034478,0.97726313370969464,-10.230513745538801,-10.550776059561848,-3.1561310742598869,,0.1422886786132971,0.4375,0,1
-0.13072760610249445,0.99019910505073305,-0.049153080874339478,-0.99044431110011577,-0.13263569742088213,-0.037786748723512412,-0.043935857930951984,0.043743618122012148,0.99807621766149091,-10.709859729537051,11.214676673548871,-2.204589372069262,,0.2147835199001585,0.1923076923076923,0,5
-0.3278237747400628,-0.88640550010452979,-0.32682849034258632,0.9421414791933862,-0.3323718084636399,-0.043570794368556397,-0.070007184620394791,-0.32220221961222895,0.94407876990136697,5.5556625149189554,-26.268103343474905,-0.82397989302499208,,0.7031623841679,0.8571428571428571,0,5
0.98416017545705414,0.053569717399100145,-0.16899418458077922,-0.024755673842599329,0.98544057353620229,0.16820830134461495,0.17554459734477948,-0.16136034644987135,0.97115752220566054,18.177372429509109,4.5010514676446691,2.029837394104324,,0.4235498017299038,0.5,0,5
0.98099251753864591,0.13754000216795181,-0.1368810736984033,-0.095820799086789879,0.95676019224415099,0.27464214716482044,0.1687366439027306,-0.2563058375077979,0.95175378258448129,10.409485965682828,1.5540841351227801,0.7336001105484935,0.4889036446959197,0.2749610906405089,0.2538860103626943,1,4
-0.15361566611740587,0.98786734753545447,-0.022810760543478647,-0.98722589018769147,-0.15442176497891419,-0.039229583784654048,-0.042276102781901422,0.016493094738805697,0.99896982384830402,-20.164138514826401,5.2059063716635121,-4.0220587213249255,,0.1666239006423083,0.2608695652173913,0,1
0.94028692334737651,0.31372707727985993,-0.13204477560040143,-0.30105753148224063,0.94753432458562026,0.1074386637570051,0.15882337523092505,-0.061270096405244487,0.98540403427566092,21.999302793750015,-4.1942863481514054,2.2632104554512233,0.4158266209895025,0.3606668028216061,0.7647058823529411,1,5
0.87860404441673645,-0.41638152948653229,-0.23384044782075353,0.45223818368224622,0.88276318882197768,0.1273176251767095,0.15341303189213631,-0.21761335979969154,0.96390293457502951,-3.6156532231500997,15.575223717398941,-0.85361767655228105,,0.07179070266027489,0.1363636363636364,0,5
0.90778924948626116,0.39039079945302241,-0.15334178236737281,-0.38803502974798409,0.92048280169382535,0.04626259260319026,0.15920896396137293,0.017505298863993643,0.98708969719374073,4.4675041084954605,-19.02433394895225,-0.92055331210583091,0.3019730502437941,0.1898120886709206,0.5,1,5
-0.073407263924687716,0.98738795634483556,-0.14027258202607051,-0.99681025121928823,-0.077058275909867441,-0.020768851146339664,-0.031316076817368907,0.13830056319107359,0.98989507401229215,-13.36425043525333,4.2219264235179068,-3.0008329625672392,0.278928741951417,0.1857486993349453,0.8434343434343434,1,5
-0.96756585867205902,0.1987948619991762,-0.1558746675214728,-0.19143135408833531,-0.97960477729383288,-0.06106158346297811,-0.16483429802109653,-0.029241804763527456,0.98588770711986473,-10.036637613252667,-16.733851247235219,-3.2598310070445433,,0.1006471644789246,0.1764705882352941,0,1
0.97195607580255305,-0.14864750106888458,-0.18222323434863313,0.19011715801255205,0.95276294162163433,0.23685067722453201,0.13840828349391254,-0.26485221822455074,0.95430417035754544,12.608122606394515,3.7032237937106944,1.1787368494375414,,0.5158109201878837,0.1739130434782609,0,2
-0.45032095804434397,0.89145801146604431,-0.050136299614462927,-0.89249496922641458,-0.45104350587802644,-0.0035335125301343231,-0.025763630403462402,0.043155180433704587,0.99873613419670026,-10.411232800488154,-3.9496674070743056,-2.8679798383820936,,0.4787666637036226,0.75,0,2
0.24873095325931704,-0.92380902464746439,-0.29104947838917938,0.96559244929946819,0.26005991426328634,-0.0002506974814673872,0.075921898992100195,-0.28097282248159511,0.95670796917354095,-3.5280382591001995,9.2987923313921019,-1.1823533116970619,0.5457322477409211,0.2469088095118914,0.1927710843373494,1,5
-0.61390967303442334,-0.74840892113282864,-0.25099601615077949,0.78310848017629786,-0.61741699299133024,-0.07441347352134392,-0.099277498108762297,-0.24224025993698647,0.96512363707191728,-4.1903476005520801,-11.585192209035929,-2.1294869476548919,0.328557533140819,0.1252109099277933,0.45,1,5
-0.55584572635648788,-0.77571960039542742,-0.2988220708943477,0.8275206558469943,-0.55051495158854125,-0.11019461068503529,-0.07902589852566419,-0.30853263950484167,0.94792537560843215,6.8076841559667729,-1.7387583566997582,-0.023418934200742824,,0.07804350653691322,0.3333333333333333,0,3
-0.57489064847970917,-0.76357012372062971,-0.29404320847767168,0.81399935033962223,-0.57021007859251527,-0.11074982581562783,-0.083101142815571294,-0.30302001985476373,0.94935402649905387,10.754252252368612,-7.564963078689634,0.35849515627063233,0.3520599192944349,0.1431869164526315,0.125,1,5
-0.60134720470177006,0.79814468912669967,0.036695975477031996,-0.79084851235071385,-0.58805420610656689,-0.1695608480547246,-0.11375486763224561,-0.13098589961983928,0.98483629309177645,-7.3236923689555082,-7.8452317665818647,-2.5445939195051728,,0.1244954007328501,0.46875,0,1
0.75008513905002072,-0.58229680040277843,-0.31353264649314722,0.64523917034884293,0.74833172718160512,0.15383770389904922,0.14504722411631021,-0.31769492022076978,0.93703321202723155,-5.7023671859823581,12.794526222383455,-1.3369384557852473,,0.3249313760899313,0.1282051282051282,0,5
0.964154521026934,-0.17154966441087693,-0.20242720228230029,0.20350228031007361,0.9676331140015717,0.14924134345489556,0.17027296171713246,-0.18508611327740759,0.96785858945402725,8.2378513112394298,-6.6220061436865727,0.0068561467911305869,0.3478980044842532,0.3070511349490009,0.2352941176470588,1,5
0.97038856500363302,-0.16485183112306231,-0.17655001185375893,0.17467864381898776,0.98374898148532386,0.041536885055886312,0.16683346278174627,-0.071146434920943205,0.98341485675898288,5.1183922456176072,-6.017675128218321,-0.46885489427200772,,0.0797174389142323,0.3448275862068966,0,5
0.81196120280837158,0.58100392471851359,-0.05615553931417154,-0.57285201135518793,0.81163003020851687,0.1144432922893994,0.1120695240477857,-0.060754699615792308,0.99184136244376153,-4.7131951048845568,-0.40380678024452576,-1.8219333970045941,,0.4934517144782672,0.144578313253012,0,4
0.88178414551510176,0.45501615620138569,-0.12416528626761147,-0.45044912011836308,0.89048284203068551,0.064310949561841427,0.13982957806842655,-0.00077823175816291938,0.99017527915644143,16.078000528314902,0.30178182098978218,1.4834408656190552,,0.07925735830635991,0.4615384615384616,0,2
-0.78799566099151752,-0.56317450246787171,-0.24879171615752763,0.60251721052058582,-0.78849644158482002,-0.12347620270550097,-0.1266327338606984,-0.24720000278750662,0.96065410493935,6.739117008734353,-5.6093591439774428,-0.19486328202786321,0.4410719090552145,0.3348279568052281,0.3695652173913043,1,5
-0.3651941089488433,0.92799438399409695,-0.073889688485457822,-0.9286586310659517,-0.3686960491063096,-0.040698529704537842,-0.065010843216912334,0.053755433667818063,0.99643561940318659,7.3207577673269846,6.9102603860679901,0.48495543384059031,,0.1761966894429096,0.2352941176470588,0,5
0.98529213555994088,0.13660879835838391,-0.10265205217046658,-0.12274794470396472,0.98375461193775915,0.13099544099753851,0.11887955953267233,-0.1164684493855121,0.98605413169006662,-11.237737966250206,9.7651802458756354,-2.3832795060732646,,0.4687759048009528,0.514018691588785,0,3
0.84061990105553708,-0.48582247879409607,-0.2394466559543855,0.52556024468320406,0.83852153449778422,0.14376392242844108,0.13093743222588705,-0.24669445733911397,0.96020687019009099,-4.5562092927253524,14.289337016581538,-1.0886919845967504,0.8469888218942875,0.7325888167875466,0.58125,1,4
-0.98471262026475082,0.062930959423537131,-0.16242151900952476,-0.050026026619828266,-0.99534638341920956,-0.082358810548305739,-0.16684859050037107,-0.07297445690330695,0.98327833113910668,-4.9239624182990287,10.516810763936874,-1.3151130987400841,0.2327618926619784,0.3520883638847884,0.4365079365079365,1,5
0.96848917866045148,0.21863421561285148,-0.11928030256902213,-0.19208339731200236,0.96056367194598236,0.20105074139313861,0.15853289656939876,-0.1718037016510543,0.97229152459759327,7.7326443769436581,-0.16580372305101315,0.20992217327289922,0.9611847224325754,0.7157629994870265,0.5887096774193549,1,1
-0.14682399509586908,0.98784829953905773,0.050975009189606103,-0.98811097583940133,-0.14409730807291338,-0.053597250226538627,-0.045600590893041332,-0.058238328478177545,0.99726068969265702,9.1015866424828253,-8.0091027903441105,0.077349520529642557,,0.1173690820885895,0.2608695652173913,0,5
0.90811508033272148,-0.35783040790427556,-0.21744976443159475,0.37753998437628744,0.92431985171434206,0.055645053005013961,0.181081642000091,-0.13262809244589835,0.9744840830022391,-0.53356959629362932,9.99336522113882,-0.67808281509435553,0.6527794212776697,0.6155872841226888,0.2136752136752137,1,5
0.96765132441482504,0.22262884660145391,-0.11868997859609476,-0.19643261964438782,0.96004710234019808,0.19930827184999711,0.15831974070809479,-0.16954632980131246,0.97272241762644007,-19.396842156877508,13.617057902780589,-3.4144816563685096,,0.251716211729226,0.2142857142857143,0,1
-0.79588211614628668,0.58604185028084876,-0.15207434667920539,-0.58838600797758989,-0.80786829140174077,-0.033922402093997488,-0.14273598990690292,0.062480184595041753,0.987786750122852,-1.9974528899880302,-2.4301594475386565,-1.43168568540666,0.1699191165751795,0.1539914886261791,0.7033898305084746,1,5
-0.97944953481237851,-0.11292305807643051,-0.16711370892444291,0.12228962704963338,-0.99138905300262881,-0.046829399981348434,-0.16038658258058217,-0.066303307166525619,0.98482486543897974,-15.637943984211914,8.1627171477796754,-3.143019888027708,,0.09179297090791406,0.2692307692307692,0,2
0.98539046836308897,-0.023394922189511842,-0.16869588754596285,0.034369779894434148,0.99745717523009791,0.062433178775413524,0.16680630410503558,-0.067319099798952106,0.98368887139841055,-1.9096599424946239,-9.8190358391327042,-1.6893855976482888,0.1513872550782176,0.09448280691207883,0.360655737704918,1,5
0.19034546791813456,-0.95570690939692193,-0.22448364344426336,0.98075799295776922,0.19522691464238615,0.00045940033065764254,0.043386197027116269,-0.22025157236714388,0.9744777487338161,14.689298422587685,-12.782052924380404,0.84510045358716757,0.1771579902175381,0.1147757889244089,0.5833333333333334,1,5
-0.080187225790484887,-0.92884964517581392,-0.36167436386449997,0.99677972647329771,-0.074879358850645714,-0.0286924817667349,-0.0004309429706436293,-0.36281044399917867,0.93186286330837087,8.9699084363998267,-1.7207260864054212,0.34069753277932874,,0.1248073247922096,0.2941176470588235,0,5
-0.77932191376551796,0.61832744819826024,-0.10162933400096361,-0.60616196389749954,-0.78500031643247348,-0.12783652343850765,-0.15882389067384747,-0.038021967407609346,0.98657452924027877,-7.307125606676574,-28.527688745102871,-3.0820972887406275,,0.306351084224313,0.72,0,3
0.95282624790423276,0.27843692538336645,-0.12080985012737525,-0.26121757114657101,0.95496499599959805,0.14073818579111097,0.15455588577931087,-0.10254138188333888,0.98264833138434005,-1.7559052348315292,8.7255206692013783,-0.96447882155167208,,0.077576187654707,0.2957746478873239,0,5
0.96352339104953144,-0.19154716625886051,-0.18690200105566482,0.21110572884442758,0.97322907074342901,0.09088205053224041,0.16449026156424679,-0.12702306466969726,0.97816567865185489,8.7444120576302673,-20.474934799858985,-0.19299954502618338,,0.1669301065252101,0.4210526315789473,0,1
0.91341789002743012,0.39989334764700396,-0.07584898605459546,-0.37986983959445664,0.90447328207650324,0.19397676916641263,0.14617340094668174,-0.14836910904036116,0.97806949872606208,-14.485564234020563,-12.672986288872657,-3.8569527369512229,,0.3114824144443669,0.25,0,1
0.79363275137829303,-0.56651047965258716,-0.22183988005657856,0.59196482569051123,0.80320607292191215,0.066615685589531931,0.14044465488200078,-0.18418979576826791,0.97280492291616238,5.4577481059827484,10.551378715535362,0.33879214321160162,,0.09000975358744778,0.35,0,4
-0.74588669620615244,0.6533551155982813,-0.12953813857017754,-0.65134807373901804,-0.75613753662280858,-0.063259090623091541,-0.13927929946385029,0.037190302923559765,0.98955452508151998,-6.9718450925944682,14.981582650023979,-1.4069055158303743,0.4497344860221651,0.2821257505391145,0.6039603960396039,1,4
-0.61008581048339272,0.7901942858821519,-0.05820905776611008,-0.78317526689430061,-0.61254182319985806,-0.10690657676698415,-0.12013244845529139,-0.019634291181251637,0.99256369540596612,9.2248281247713901,7.5664950736301426,0.79933091464176187,,0.2004091546811042,0.2380952380952381,0,2
0.26420243634277973,-0.93617859578381091,-0.23187649606372684,0.96268670265938394,0.27058184218746228,0.0044473813916337118,0.058578026198762366,-0.22439942841881591,0.97273506741145432,1.3444789139771351,-1.9175703996650606,-0.88703556327465527,0.1562602072246678,0.1297631648388243,0.4952830188679245,1,3
0.72108210863901756,-0.61939793422451184,-0.31046222262799533,0.65603684548108188,0.75450409364461479,0.018418198737910035,0.22283682364443033,-0.21695569075718008,0.95040726968817735,-12.435145784788144,-8.8040977157425591,-3.3702032574789258,,0.2237748787653054,0.5714285714285714,0,2
-0.37759768846832775,0.92593718770081213,0.0077659575125389084,-0.92117117221157596,-0.37477495879907918,-0.10482080777927139,-0.094146997560868778,-0.046733870906006697,0.99446080272699244,5.7262972593488248,-4.3790535809982627,-0.27092922678851761,0.5497202386019615,0.6856723022562548,0.5765765765765766,1,5
0.77168900422797182,-0.57022564938203446,-0.28167142123488553,0.6234253242484864,0.76583447587523579,0.1576020959460068,0.12584492774566977,-0.29722090159970549,0.94647915445240927,9.5814462880121596,1.3960332957481494,0.64393287740988026,0.3787806569329737,0.294382061956584,0.2926829268292683,1,3
-0.1106694578035573,0.99356715834099851,-0.02401193402581582,-0.99329975450922348,-0.11138422917957079,-0.030808297291303355,-0.033284663155621196,0.02044151061605513,0.99923684671971091,-7.8475301539049989,-5.2016720632191875,-2.4641185356544106,,0.1203278766469417,0.2419354838709677,0,3
-0.47116650692068529,0.88203644898238587,-0.003718255330572857,-0.88107700924264276,-0.47084299656157336,-0.044834990498028422,-0.041296810290867951,-0.017848676574516571,0.99898748651038605,7.6595094302691731,-3.3535080493914178,0.056081955125161669,0.7150205972427381,0.5234610503285515,0.7790697674418605,1,4
-0.11948984862137386,-0.96991115846972975,-0.21211911925224286,0.99282765766514192,-0.11757492494327748,-0.021665160967080981,-0.0039266081531018886,-0.2131864951175115,0.97700363358992814,10.253327606914171,-1.1653149709162591,0.57603688568278288,,0.07400424223439776,0.48,0,5
-0.59347707833955576,0.79720074864148194,-0.11070647610237204,-0.79694356655101495,-0.60129439833830534,-0.057671468335068796,-0.11254292167210021,0.054000119374270218,0.99217845062724053,8.3272123734648194,6.2925668964631027,0.62309594573036364,,0.0651182847195578,0.2222222222222222,0,1
0.8002832733252514,0.58862862929021931,-0.11429356594199762,-0.58670391290305979,0.80803798341724398,0.053414753947124013,0.12379499594110754,0.024309548225146613,0.99201000239162407,-3.8350096656427111,-27.396434400319734,-2.4619172328293812,,0.07582908332896263,0.2,0,1
-0.88840638036341379,0.44909126863094434,-0.095137457234397912,-0.43266239863921346,-0.88840674938362574,-0.15341674111185663,-0.15341887802138396,-0.095134011210865316,0.9835711300041251,-4.4233489750305921,5.5216651197656903,-1.537399568549437,0.7360379865003481,0.254241692389361,0.1753246753246753,1,7
-0.36640690172473533,-0.86884052150221469,-0.33295965305760084,0.92622071913765192,-0.37468595158471296,-0.041540547964456068,-0.088663193088277317,-0.32361487277443851,0.94202561128165374,-13.212261694523741,6.5704809487417251,-2.841323635200093,,0.3946002042071412,0.125,0,2
0.98371579434318401,0.079123622244171549,-0.16137747167037012,-0.077402467636844621,0.99685609948541765,0.016934430089245688,0.16221003040344534,-0.0041676518187097888,0.98674745336120961,-6.7019399919818721,-5.0955997167908311,-2.3179637440959318,,0.07593256990496236,0.3828125,0,5
-0.95374522289877639,-0.20001366604113868,-0.22442054984904439,0.25759489454116397,-0.92859553503185088,-0.26712394618460789,-0.15496748079545625,-0.31257777546667426,0.93716605475241999,-12.85576675610575,-11.489081936981599,-3.538997609957772,,0.2252027510484996,0.25,0,1
-0.94229102518581431,-0.28303815745562355,-0.17882121037056278,0.29855944330570766,-0.9520864527107441,-0.066284578731847274,-0.15149218681916649,-0.11584812466673024,0.98164623431455644,1.2375903817426734,-8.5268626027079879,-1.1568860202891111,,0.09616631479681,0.3888888888888889,0,5
0.53803914428589639,-0.81953868152082088,-0.19715534156399209,0.83735513191386235,0.54649307058589358,0.01347986866106584,0.096696754204152954,-0.17234173404232531,0.98027958482958633,-5.2514873647822506,-9.7349867952891511,-2.2504245521917472,0.599005259984274,0.4356291691691502,0.8489795918367347,1,5
-0.91070476230664399,-0.36096951746356271,-0.20079303616938798,0.38685058231949837,-0.91576143888549077,-0.10829410883995255,-0.14478764750856099,-0.17630086361812677,0.97362957156016927,2.5341761518209105,2.5369763304641944,-0.41817516665153465,,0.1422156466335594,0.2666666666666667,0,5
-0.94482326405233563,-0.23962914482850706,-0.22335369406895708,0.27447782403199905,-0.95127454938215861,-0.14049432662008179,-0.17880414933706046,-0.19404794419557669,0.96455921100434316,-4.0141664436448004,12.769869773484194,-1.0605016240282918,0.8305534716479551,0.4041489304884178,0.2337662337662338,1,4
0.76877913622502747,-0.58941256744582682,-0.2481359809500025,0.6219013460540227,0.77947064251096077,0.075261100442030174,0.14905487406085063,-0.21217526434641076,0.96579723633806058,-1.4884745011507936,4.3522464734071677,-1.0912008760989849,0.5059376302956092,0.4437454737205602,0.6105919003115264,1,5
0.56366705773956249,0.82196264386318707,-0.081589583358803425,-0.81981227983013738,0.56877707097371755,0.066336033754436613,0.10093202593298058,0.02949670537529608,0.99445596710616935,-3.2659903947699656,-15.215157673163455,-2.077270863743145,0.2677075168136793,0.1469141586085095,0.5,1,5
0.8465060142380807,0.52127657668705374,-0.10815867258886268,-0.51539891723710107,0.85331711090443818,0.078828068278542912,0.13338487159187953,-0.010983571146454735,0.99100344963844056,3.8440116590807087,10.642465825166214,0.070173571997823078,0.7232448623473368,0.7978770236269626,0.6190476190476191,1,5
0.675329069838979,0.73292853369727606,-0.082136544380570872,-0.7282991106261445,0.68029265463559152,0.082354778307199783,0.1162370547269127,0.0042033963912780749,0.99321260491759356,-8.0623493506199235,11.295045639703563,-1.7679010484523452,,0.1188282692273801,0.2666666666666667,0,3
-0.95928122574592944,0.20339063370278504,-0.19598923453436454,-0.19193646643381646,-0.97846263072599093,-0.075968895777634896,-0.20721950387038154,-0.035258054324539968,0.97765891128806304,-17.334065840296208,4.0598957008718175,-3.6292400440938519,0.3271731725437004,0.1445887215940615,0.5,1,4
0.97257049188389177,-0.13071275399079146,-0.19240793710465215,0.14932810789724182,0.98507547934761919,0.085600328152921679,0.17834728623826793,-0.1119842664493588,0.97757443172335701,7.0876872333620318,11.30515471374612,0.63329446834147296,0.6664243715884813,0.4209378245794346,0.6857142857142857,1,4
0.82156475740842805,-0.51996170910477935,-0.23381867001859966,0.55430640803725328,0.82442474935436039,0.11431639716522417,0.13332574917572326,-0.22352551021491082,0.96553642649560123,3.6376213995788444,14.204000163548129,0.21525804057456546,0.7080261293501072,0.5241274126093247,0.8367346938775511,1,5
0.12915150273885007,0.99006640130180845,-0.055573468072303581,-0.9916134425986266,0.12921612668845342,-0.0024439847245961983,0.0047612811298299229,0.05542304229217411,0.99845160953602707,-7.9087186034181514,9.7648705656573771,-1.8295398234675599,,0.07652014943047787,0.1296296296296296,0,5
0.22264883515011266,-0.89844187596407055,-0.37845698793979182,0.97342554030433126,0.22621058262739413,0.035657955502181926,0.053574375306845307,-0.37633890022363692,0.92493179126298009,-3.9709571575735989,18.092166217957267,-0.76682114860679029,,0.7852773747385509,0.64,0,1
-0.49963019109989931,-0.8413890889209833,-0.20599532321437772,0.86349289980861232,-0.50267869744161531,-0.041159921264678913,-0.068917952099520355,-0.19844023831652371,0.97768695792430915,-6.5728142629878068,-7.4684210080194688,-2.411028822121279,,0.1162655507902505,0.1111111111111111,0,1
-0.075250354111226728,0.99282782741252962,-0.092899350489936833,-0.9968743915106909,-0.077149053085031449,-0.017013851952859756,-0.024058922592789255,0.091328685107145438,0.99553012989074086,-9.5264941697843959,-12.123197849959954,-3.0589351813951478,,0.1006052191342216,0.3720930232558139,0,5
-0.14888696227200834,-0.92949425391452711,-0.337450891842486,0.98879686955851087,-0.1436166398924619,-0.04068183252125139,-0.010650033647916071,-0.33972737994732577,0.94046365378861041,1.8017262965737519,10.601351905229608,-0.29297971726221939,0.5485428724233936,0.3325558660323213,0.2608695652173913,1,4
-0.41414477320051124,-0.88412314547551907,-0.21635704394627867,0.90861491813474171,-0.41564003133581523,-0.040771250828976834,-0.053879841997669237,-0.21347043820079051,0.97546262595789346,-10.928857059731763,-10.460023250226582,-3.2240541680086312,,0.1045084174286839,0.4285714285714285,0,1
-0.86341700261327103,0.48491229273332764,-0.13918027142674272,-0.4807785511396242,-0.8744875552670448,-0.064214487829074754,-0.15284980982126903,0.011471008638042894,0.98818285332140199,9.8420741447619751,0.6104826841993507,0.59373216523166517,,0.07233311146047011,0.2692307692307692,0,4
0.78112725149973616,0.61453783726451183,-0.11037872772742181,-0.61609176181806991,0.78732368943819075,0.023502107763817087,0.10134672162618091,0.049645287990823281,0.99361168843564529,-12.627831883045918,10.537474941916143,-2.5032981383365489,0.8261615201000883,0.3296537451253884,0.1515151515151515,1,3
-0.56215465937605757,0.82694579304419658,0.011949657245903489,-0.82193174155629078,-0.55702727322998347,-0.11894885077298176,-0.091707966742440639,-0.076689453280585254,0.99282847289523957,-12.001435241479363,20.434300890340015,-1.9276512931186998,,0.4774432221510113,0.5,0,2
0.67269325680591185,0.7379134649814727,0.054474768901701283,-0.73381898385737498,0.65589872641383906,0.17693659773838472,0.094833966374850281,-0.1589986757421033,0.98271355945355365,-8.1956156327176899,15.722501278549522,-1.5670176589720965,0.6356613868560933,0.4361697868259917,0.2105263157894737,1,3
0.97137727971931787,0.19052440947979946,-0.1418683538970946,-0.1762710010838355,0.97849251843754004,0.10714908090442136,0.15923163825697451,-0.079074905969805223,0.9840693291754733,2.7781523058112421,10.523609764165906,-0.11954049047608657,,0.06934400520232753,0.2884615384615384,0,5
-0.89632190255567934,0.44179339089912323,-0.037757737707944446,-0.41234239356149976,-0.86181533354950945,-0.29537786195130006,-0.163036184544845,-0.24918453125505699,0.9546341036817495,-3.9645622625286889,21.709221083850633,-0.61602394196536991,,0.5939903719875773,0.3181818181818182,0,2
0.46506252725477515,0.87997362603338225,-0.096763956249533364,-0.88304650068201329,0.46886654921943305,0.01982515211319082,0.062814993247246834,0.076227137613326987,0.9951098934864564,-18.379555492691022,13.441384271397,-3.260294173617956,,0.2782320185856403,0.3636363636363636,0,1
-0.93943152809991048,0.30263625734650157,-0.16087168722671594,-0.30162317689417678,-0.95291397697378788,-0.03127957237981812,-0.1627632119741203,0.019137612894564109,0.98647954292046347,6.2776123905891872,4.6508780379018813,0.24653936791106285,0.4110598696036409,0.3990248958325425,0.8894009216589862,1,5
-0.17545182255598041,-0.93954750079126426,-0.29405297434080491,0.98433304992751791,-0.1727157628511567,-0.035464236677717739,-0.017467248843904087,-0.29566832603380488,0.95513095238202439,-9.8726587149907967,9.0124805676144977,-2.1768894992003189,,0.2850903455847996,0.2222222222222222,0,7
0.98622285392062792,0.031016188293856002,-0.16248839487290248,-0.011294156726537793,0.99259803646147204,0.12091972558961094,0.16503613067594805,-0.11741862746834721,0.97927317000669512,-4.1245298157780255,16.630874521050966,-0.88895976128888932,,0.1084826853068813,0.1052631578947368,0,2
-0.23317250824788729,0.97119051252015209,-0.049189122661779286,-0.97062574144008529,-0.23552516448357408,-0.049128066813911457,-0.059297988593845191,0.036288914090007202,0.99758050465257919,-3.0288139357760744,-10.702941512822164,-1.9114940046911615,,0.08608633711288072,0.2258064516129032,0,3
-0.91171720487802832,0.3876577181901778,-0.13598982262280154,-0.38594741985693337,-0.92166126737452647,-0.039813280791193444,-0.14077047785374711,0.016186468088101279,0.98990993065816946,-5.7183845632161319,-5.5972493790115792,-2.1625728372580415,0.1736728129163971,0.1367016618909491,0.4036697247706422,1,5
0.92663131683962818,0.37026220019635359,-0.065271017747636689,-0.34354686905014131,0.90438877930182304,0.25309382576191791,0.15274145284729299,-0.21210101126282863,0.96523738510450596,3.893732274191184,12.286669140239241,0.14392308380674246,,0.2502702269483442,0.5454545454545454,0,5
-0.82808935487711344,-0.52328052930821478,-0.20111068590733525,0.54484669723555834,-0.83569000093087176,-0.069023900611757547,-0.13194732604607121,-0.16673245032408177,0.97713366186935657,-1.0765664201737331,18.805411124386527,-0.27603025187666796,,0.1198105404352817,0.2631578947368421,0,5
-0.53711713813242856,0.83700424581217303,-0.10454220399831923,-0.83808388494191444,-0.54358110032523943,-0.046205943014626216,-0.09550173676482944,0.06279713259057533,0.99344649499271187,7.3211075921502795,-15.973795200803668,-0.36751847588582509,0.175150529014727,0.1830198952502899,0.4411764705882353,1,6
-0.78779844337378957,-0.57286438676698248,-0.22627418542980826,0.6048494062055596,-0.78890625229216227,-0.10855469085726867,-0.11632200320926324,-0.22238102317514549,0.96799580169593702,-3.0724353731587648,-8.3923218448871388,-1.8648686854754803,,0.0750031417375483,0.26,0,5
0.18258394003446979,0.98028865688162259,-0.075480156536098256,-0.98306834917668917,0.18323148844108386,0.0016859687672720828,0.015483077488288772,0.073894322061236556,0.99714587873520411,12.196477131407349,-7.5924216291349023,0.55924560937020917,0.5869482567065994,0.5982182244280632,0.8539325842696629,1,5
0.59029690938236468,-0.78458234314463471,-0.18968422601603768,0.79902689578857267,0.601295042857239,-0.0005396682210068981,0.11447959896901387,-0.15124423381070026,0.981844999558947,-8.1669344998112194,13.905866219849516,-1.6605165121741199,,0.07685745856618192,0.2285714285714286,0,4
0.32077529610380257,-0.84777927894396998,-0.42234287445481977,0.94465298363661454,0.3187525865714807,0.077637162882424449,0.068803705684790675,-0.42387154038367858,0.90310518066103906,-4.404495727711276,-10.769378652309143,-2.1385159313889441,0.3552476878483828,0.2418739829963621,0.2380952380952381,1,5
-0.54797365851010593,0.83641964082432829,0.011271824268994816,-0.82763142610812401,-0.54016117957041077,-0.15248646695144685,-0.1214540740250494,-0.092887483163253126,0.98824127791461636,15.898460233779693,-11.243473895789185,0.99107580364114423,,0.2902057023557667,0.4,0,2
0.017599073312290599,-0.96843453214228081,-0.24864599247305527,0.99964971856073781,0.02195923184325476,-0.014772688255425468,0.019766456434738733,-0.24829891077331814,0.96848176963162202,-6.5309243070933753,-28.713107567405011,-2.9593457284979108,,0.356327416731508,0.2,0,1
-0.95968529372299349,-0.19788888932767565,-0.19960993084631146,0.23362180113175429,-0.95644858059322813,-0.1750056191016523,-0.15628496744013892,-0.2145835505388439,0.96412079574624709,-3.2729235575602433,4.6396584515511154,-1.3498989512809121,,0.07656554546192121,0.1862068965517241,0,5
0.95660029603163954,0.25028478772012747,-0.14924275080576277,-0.24616118669827428,0.96814645250228992,0.045794286439788438,0.1559504530146596,-0.0070690553203978952,0.98773958342338408,1.1274111020124344,12.410727826241541,-0.26922565438680796,,0.06538354176189978,0.282051282051282,0,5
0.17450595874027186,-0.91040787957990466,-0.37510686898930617,0.97746513225548715,0.20612504781759428,-0.045545360762186959,0.1187837766233333,-0.35870594846059689,0.92586200750980263,-8.291773990075594,-15.130737373850058,-2.9384886944064359,,0.2761186812181941,0.3125,0,2
-0.88208099626927461,-0.3862788404116137,-0.26966974889828549,0.4498889759648958,-0.86052740206831901,-0.23894036828214754,-0.13976060004830548,-0.33208620528382421,0.93283746008312129,-8.3467041180337045,-24.894485450559156,-3.1649787050539988,,0.2619195859684036,0.2727272727272727,0,1
-0.68722801863142924,-0.68664715277705912,-0.23713569531194487,0.72074875360890189,-0.68527858622072368,-0.10447245301294689,-0.090768301620862676,-0.242711653717917,0.9658427245521809,11.517317209395395,10.037486453929217,1.2801815767196927,0.7152836126393087,0.7063888390609023,0.25,1,5
-0.9622227934504628,0.23969321526158249,-0.12912961829864264,-0.21014320948247742,-0.95539322516510905,-0.20751775060706348,-0.1731101593575379,-0.172542597251161,0.96967103950826139,-7.1860881712828801,-19.705387670648037,-2.84092043054528,,0.6419487877397483,0.4230769230769231,0,2
-0.98341086287863222,0.074032401640737988,-0.16559673390381088,-0.057639118756557861,-0.99314350054366196,-0.10170407718892106,-0.17199071707877872,-0.090472044495451973,0.98093526922195129,15.542737731884186,-4.0965281999425196,1.2107201159432213,0.7190041156699993,0.6651143738956307,0.7218045112781954,1,5
-0.021198975288320016,0.99894104919120574,0.040833609777957185,-0.99955294921467053,-0.020315282370309742,-0.021936066613435088,-0.021083291085114787,-0.041280377214699245,0.99892513497961044,-0.79627308777156336,-14.483478788504501,-1.6774303248779838,,0.3286521516361428,0.1428571428571428,0,3
0.9193223726661337,0.37564167363806222,-0.11721650115024672,-0.35589489655302387,0.92079700184109969,0.1595985714470971,0.16788447731408243,-0.10500578282569632,0.98019823905684511,10.375798546385205,-3.8981148735031099,0.43211494126977784,0.6008012262995013,0.3212379634285782,0.7692307692307693,1,6
0.80765137624915417,0.58935209133923172,-0.01906218447399733,-0.57494692491053467,0.79426357365585909,0.19642150874927999,0.13090182572739961,-0.14768035752088915,0.98033424097281008,17.591042366863011,-1.830338614681378,1.6411710686279768,,0.4082923657573119,0.5,0,2
0.75634529408942697,0.65379551026904681,-0.022208711372212232,-0.64376499646313801,0.74991482582678481,0.15229702339178636,0.11622575204141981,-0.10089194594822191,0.98808521383794978,-1.3041511212906709,13.505719956121263,-0.60750683668199523,,0.4229967205178341,0.2,0,5
-0.7110655583587866,-0.66841948591845135,-0.21817690656992281,0.69749997560007504,-0.70973259159918867,-0.098860671957025151,-0.088766861799897886,-0.22247480591386787,0.97088897664964002,8.5462968250202866,9.8929383841796312,0.79596894055714484,0.576193903297437,0.34851292553561,0.2380952380952381,1,5
0.89748195251075247,0.42975113970849677,-0.099197292486922786,-0.41726590568988803,0.90018970803848652,0.12469023013204461,0.14288215027177223,-0.070515583106381799,0.98722451533219246,1.720914912938756,4.538953199437441,-0.53378311849785032,,0.7794436632502846,0.7087378640776699,0,1
0.42700667893111149,-0.8709761356983835,-0.24303470367857474,0.89983529853839794,0.43580881122495024,0.019160259993205038,0.08922853608870969,-0.22687276412695659,0.96982834421605746,2.6107957671734026,8.5337355483965744,-0.21303891803802921,0.8872582712266073,0.6759652854657404,0.2391304347826087,1,3
0.10453925466300239,-0.93287290212662366,-0.34470232478524815,0.99408204798414346,0.10830979146749191,0.008358884370506461,0.029536860194594689,-0.34353622450932181,0.9386748299276626,8.3367615128169277,-16.4410221987829,-0.21548515503678009,,0.2440765453579661,0.3157894736842105,0,3
0.62681463037838892,-0.68814869892201214,-0.36545148421581797,0.77556328159859322,0.59609760066063611,0.20777210284985898,0.074866650650496594,-0.41366534621427159,0.90734556039129965,-10.739466615727975,12.660945912169302,-2.1217776076564605,,0.5819400507390023,0.7238095238095238,0,3
0.14673281879889757,-0.93779703866970998,-0.31465249744702822,0.98830862413272269,0.15230871904116927,0.0069366828471985565,0.041419118196967912,-0.31199161585908097,0.94918158867596303,4.7044091382920401,5.4871783508732053,0.0041401862616975375,0.2846248563269529,0.1152892091114852,0.2666666666666667,1,2
