axis_00,axis_01,axis_02,axis_10,axis_11,axis_12,axis_20,axis_21,axis_22,location_x,location_y,location_z,dbh,dbh_approximation,score,reconstructed,number_clusters
0.89581908979646641,-0.29475866902834374,-0.33260409707168309,0.37013900789007048,0.90906991551435057,0.191282522842223,0.2459781965833244,-0.29446428601677749,0.92346386559856497,-1.6070511868909865,-25.850067553180292,1.6470963531604963,,0.3442324070318156,0.48,0,1
0.93196081771584405,-0.17959547770219522,-0.31495158140789714,0.25275777376558001,0.94462689217710627,0.20926906693749425,0.2599279554866748,-0.27463703130630779,0.92574940399212513,-0.81972475945609158,-9.8126285172629526,-0.075906367562179763,,0.1059287312749561,0.1904761904761905,0,5
0.76002959539382231,-0.54889900316557971,-0.3479438150755611,0.6253266302598276,0.76346256805815627,0.16152867442635271,0.17697915022225749,-0.34034510646971033,0.92349531070207924,-13.565650848218398,-11.597541795262016,-3.6251667122868318,,0.1180358737860724,0.5,0,4
-0.74162236700183315,0.61020448288742024,-0.2786516711356532,-0.64736047798225838,-0.75990903363674989,0.058844474199710783,-0.17584276018414327,0.2240284572578996,0.95858780194068027,3.7657660901102741,-11.487969120830792,1.4972865968757003,0.3398293003725758,0.2114984701633508,0.4871794871794872,1,5
0.95462491654789849,0.007631905561869985,-0.29771298715946648,0.029009003427800877,0.99253476192757084,0.11846190985083117,0.29639457894172727,-0.12172304787046417,0.94727702030139049,-20.901587379744587,-10.563512917724024,-5.9609653485672043,,0.07950326167331018,0.2727272727272727,0,1
-0.87873609454127,0.42432123934055738,-0.21857347047354822,-0.41025309555944545,-0.90549393652676613,-0.10850404829846018,-0.24395752444688024,-0.0056759807747620459,0.96976930736541433,-19.139429155303521,5.8060220620115803,-7.456129250573964,,0.38517130062024,0.1403508771929824,0,2
0.65541994403996062,-0.60932958311390739,-0.44625346620153683,0.74113535758106008,0.63263920310989386,0.2246909442582681,0.14540659784840751,-0.47800114835710356,0.86624004956561584,-15.182304470592692,8.3671934734733409,-6.779743812825286,,0.562234093414141,0.5375494071146245,0,4
-0.88166889008058535,-0.35783196393712546,-0.30759755176036169,0.35606060190376904,-0.93227243185947406,0.0639449807783843,-0.30964627566950376,-0.053145069194817665,0.94936546471013139,-4.1327371513991071,16.496940054088682,-4.4977028795216905,,0.07102901622934939,0.25,0,1
0.60158303352835829,0.7493050211029012,-0.27683901300358243,-0.75553702813085255,0.6462497832109787,0.10735463112023219,0.25934851627494632,0.14457940050277804,0.95490059380871661,-8.9360621961459206,-8.403477952931361,-2.6556846573614936,,0.7622802513703253,0.7407407407407407,0,1
-0.73320686866109441,0.62098086497048266,-0.27711090395128973,-0.65574466783956287,-0.7535568487132841,0.046378943037579175,-0.18001838336173104,0.21571935726265445,0.95971794843798419,-7.9175909892366709,13.624047790615654,-5.3495675819877739,0.3613342582288528,0.2442300515672479,0.6575342465753424,1,5
0.5864573321313955,0.78349029093853917,-0.20545257748290596,-0.76137072639468506,0.61978208601669882,0.19022298189761241,0.2763736864800197,0.044867915684067824,0.96000232060324275,2.4096403900148782,19.316727244754269,-2.8836543520270457,0.3211872951529018,0.2948679098681685,0.25,1,5
0.94702538342882858,-0.012129729276312307,-0.32092957608977474,0.15296926430302321,0.89568956242097131,0.41754115000646308,0.2823886104644997,-0.44451442882971892,0.85009622704851284,12.66442695030298,-10.014885388256795,3.9928698641651597,,0.4802504186159803,0.3809523809523809,0,1
0.92326775383853554,0.25316698905661938,-0.28893447418740009,-0.2225068478048583,0.96553775076285808,0.135009460897173,0.31315708103424617,-0.060359982635892005,0.94778125909637179,17.469718621790971,-2.2377229183314356,4.5717454327308502,0.2350596868007223,0.1171355348455209,0.3125,1,6
0.70395583029046405,-0.62762482558705013,-0.33246543776291498,0.69202233358733978,0.71145991287201726,0.12218789707852694,0.15984767379100179,-0.31608839061718935,0.93516675010430039,-11.524969889376576,-8.5772081718272926,-3.4014611822754048,,0.09267719396144082,0.3823529411764706,0,4
0.88455050593453888,-0.34801270814710561,-0.31057617007598676,0.40019445695069183,0.90826756913012618,0.12204269536679249,0.23961385410049152,-0.23224378965769635,0.94268129454685767,9.7769654655278178,0.053392052770448679,1.9460799349885567,,0.07780748095327027,0.2777777777777778,0,5
-0.031989476402792441,0.9792296697414361,-0.20021470300043653,-0.99477684314320391,-0.011766368419130034,0.10139321930122612,0.096931448691930822,0.20241246619786818,0.97449139954243835,8.4829994378398936,-15.877270997550291,3.5097708653440907,,0.2582716718777437,0.3157894736842105,1,5
0.80922265601293419,0.54146319164814283,-0.22798312456315142,-0.5036503539582492,0.83915677800247701,0.20531006524335421,0.30248142745150675,-0.051317774919677116,0.95177280483537174,-4.7011951724808423,18.68560772622881,-4.9078748660214719,0.9789116494265231,0.8728236535547161,0.9210526315789473,1,5
-0.78662569273732652,-0.52326977194713331,-0.32773276505701437,0.54146773541151183,-0.83971687619167978,0.041088433253369652,-0.29670306879749347,-0.14513550084415128,0.94387656786301632,-8.4564831595982035,11.982261345428723,-5.3667168272804693,0.08933190605363125,0.09469380091719685,0.5769230769230769,1,5
0.94024713564192575,-0.13869354282729623,-0.31096531172329761,0.19845125212374046,0.9653442275503159,0.16949225016443781,0.27668108798339347,-0.22107605820915496,0.93518605209820616,5.9811026297046928,-4.2918700780944112,1.1354406627112592,0.3328778530028891,0.2682700395691788,0.7048458149779736,1,5
-0.074553683632168771,0.99231468103879583,-0.09875890872091414,-0.99469851753517124,-0.066965822931649682,0.078041256860829245,0.070828013315392874,0.10405360327234374,0.99204649093469133,-5.5700556405689117,12.448386454040461,-4.5384330994393602,0.6281887822022353,0.2210640709083793,0.2923076923076923,1,5
0.95351195685475298,-0.036096620062580076,-0.29918553132642972,0.086736820296199738,0.98366172081431469,0.15775405861507003,0.28860296627014259,-0.17637078279771837,0.94106411834443859,4.3662755463813188,14.066312901065368,-1.7889297856946857,,0.08935555561379485,0.125,0,2
0.93862876006271012,0.26153883710725001,-0.2248854985714448,-0.15416444121406242,0.90132599773423006,0.40477743375038971,0.30856016568620098,-0.3452663935180813,0.88633049234398009,-33.449014408261704,13.96469908781085,-12.417940924629439,,0.1189611704348363,0.4,0,1
-0.77850548118603913,-0.50465449226163106,-0.3731662621452399,0.54688724850755899,-0.83716018193442476,-0.0087844865161968225,-0.30796680532668769,-0.21091864124272466,0.92772289698659349,1.933170204975633,-2.2867558793314506,-0.34705404206021417,0.6622114181019901,0.535494158790587,0.1944444444444444,1,5
0.81342536527776044,-0.3961483226174089,-0.42591745868202546,0.54480472838125893,0.77540674402863785,0.31926820895342611,0.20378170441961724,-0.49174270487961402,0.84655899330260254,-18.428028295376514,17.291367852701839,-8.7899657656635881,,0.7338449194566071,0.1851851851851852,0,1
-0.88233322665439007,-0.34709097912571429,-0.31783003217318184,0.35211739007823684,-0.93494439171038968,0.043500896700874314,-0.31225217492620205,-0.073531194868861102,0.94714927156970041,7.7649964585747826,-6.1545756207385329,1.9987311454221652,0.1790279486340792,0.1015880537754835,0.1428571428571428,1,5
0.92635093230029952,-0.19202462629157011,-0.32403779582627174,0.2841380419679071,0.9210006743275484,0.26650202812520024,0.24726407610692161,-0.33894586704337309,0.90773133463663491,5.9543376616227039,0.72192291674097586,0.62492824605337216,,0.26737530524512,0.1454545454545454,0,2
0.14597993419819694,-0.91866560182126089,-0.3670740672423905,0.98817383243523005,0.11780477452486518,0.098155549967466671,-0.046929049657544575,-0.37706172853993886,0.92499844171150536,-18.783975327116117,-3.6967980938212759,-6.0981011484512075,,0.4167637975256897,0.3333333333333333,0,1
0.72245429252312388,-0.61438601451420427,-0.31715866752189914,0.67047935408424186,0.7345557946430723,0.10433225916783645,0.16887045615409629,-0.28802362702673995,0.94261612510749604,6.3868247201767279,-8.8398414692760134,1.9972428260195656,,0.1116110292596467,0.4545454545454545,1,5
-0.60032107586613592,0.74917746965473697,-0.27990663592106718,-0.7914067728671389,-0.60692957577526974,0.072882164548470088,-0.11528194017687321,0.26527270687157944,0.95725673946861256,-6.3279744262516822,10.175610047639346,-4.5154445355767665,,0.09475980277418945,0.3048780487804878,0,5
-0.91929608051955258,0.25866243537165812,-0.29662848964485972,-0.27318929416890858,-0.96192830363669279,0.0078452669889260748,-0.28330606398889774,0.088247850910017814,0.95496072742122806,-14.846138282024461,12.737504853311213,-7.2827893807381052,0.2768428843941437,0.3042811153022617,0.7766990291262136,1,5
-0.016554114023421183,-0.95209645102833784,-0.30534948706055498,0.99518137360316006,-0.045207643668054208,0.087007485811913907,-0.096643649259678333,-0.30243779012092176,0.94825702642508591,8.5442509166991947,6.9047308989493299,0.38041137894072641,0.2430712414060577,0.2085085466473562,0.631578947368421,1,5
0.79822608152351748,-0.40787617718358693,-0.44325178720645314,0.55679919435998126,0.78036043497783791,0.28462650734124534,0.22980378572966853,-0.47399853966790173,0.85000917904279716,-5.8828632296541032,8.8124871344033426,-4.2369545374005222,,0.3179815906434494,0.28,0,2
0.83182841950222697,-0.43930475099089683,-0.33922384389257637,0.51360487726618098,0.84093624404893375,0.17040030367715125,0.21040796219920066,-0.31597083599867271,0.92514372950449231,8.1496343593937617,-3.8981298554121295,1.8120287121255017,,0.08700540001355152,0.2857142857142857,0,6
-0.13965778345911764,0.95508452395607146,-0.26136039412828077,-0.98898738517769058,-0.12148242635200572,0.084533851485802863,0.048986278473471256,0.27028794310370852,0.96153251236455128,-14.93407723708628,0.41974042033062947,-5.6124045944436105,,0.0660992611559906,0.1621621621621622,0,1
-0.11918194962208034,-0.88159313787301552,-0.45671566881320341,0.98102798191026541,-0.17540191144706063,0.082572805267784599,-0.15290441979666214,-0.43820966296503461,0.88577227868720232,-12.540150852247155,12.30787757487504,-6.6369347646987018,,0.1418506116668384,0.2926829268292683,0,5
-0.88941113362630309,-0.32213290234379965,-0.32431193103112299,0.33714731714006335,-0.94139382647456959,0.01045705603057976,-0.30867381153384782,-0.10004027540510457,0.94589239418130344,-4.8568288671508144,-6.2570987080055609,-1.7818928485884051,,0.08120317881508962,0.375,0,5
0.84835415174762985,-0.39733763704206942,-0.34988288812455964,0.48834508016580369,0.84253596688383803,0.22727126343858386,0.20448549065988297,-0.3636701069608832,0.9088067657168083,15.971478846284484,-8.8625692265573761,4.8820057726097668,0.6815694692137841,0.5098687320887336,0.282051282051282,1,5
-0.62180439280202615,0.75242447621415398,-0.21729405119781564,-0.75552644108518541,-0.64937167384655514,-0.086580748592726478,-0.20625007615333613,0.1103351113634225,0.97225874605845719,-6.8164500612883279,-12.997363390637327,-1.4118458156475728,,0.748679111341324,0.2413793103448276,0,2
-0.89698009616024976,0.34695602067150222,-0.27394931431223707,-0.36862216265467829,-0.92908606796477078,0.030278367088551604,-0.24401722949852653,0.12814288132220744,0.96126738927017907,-6.016975117505198,4.8904466797701032,-3.6460930110726104,0.8944420117530318,0.8851816501704157,0.9423984891406988,1,4
0.61527101378014726,0.76354100855064555,-0.19607832073794454,-0.74332980420076111,0.64474933736246109,0.17821081380635825,0.262492631875272,0.036102911684927214,0.96425836681828303,-17.243454274390761,19.264254854186305,-8.5703643876403302,,0.19459260196275,0.3809523809523809,0,1
-0.85793998082747513,0.48225679737957455,-0.17710835858012575,-0.46159951687293849,-0.87493428925531946,-0.1463416396927327,-0.22553242631697154,-0.043799210797499273,0.97325061202811225,-23.865506517797634,13.133577593121778,-9.7462991226087912,,0.6885217473548353,0.2352941176470588,0,1
0.6692347374362021,-0.66843290962575075,-0.32453399134443639,0.72944118135383085,0.67421260212167011,0.1155548791070895,0.14156422271826033,-0.31406179721446476,0.93878898501026053,4.1501220054998162,-4.2054398225831733,0.620719263849834,,0.06805015093038845,0.2112676056338028,0,4
0.73896883481932818,-0.52540210865564063,-0.42175548056423701,0.65398168561870018,0.70985783347236142,0.26155269284266325,0.16196609534432757,-0.46909964877212507,0.868166172734679,6.3592357627103944,-6.7627899791004706,1.7371446975018006,,0.4524405201759151,0.4918032786885246,0,5
-0.80558229084345134,0.52252395600190182,-0.27929534203695561,-0.55871093744548006,-0.82684274227752508,0.064600061314023974,-0.19717824691940639,0.20808602775560223,0.95802971978675322,-10.048290913972441,0.093112301883287854,-4.1621747063053354,,0.09312369755544503,0.3630573248407643,0,2
0.59825411852983357,0.75360811574988529,-0.2723358543012635,-0.75843894704476023,0.64221561053041831,0.11103816099286286,0.25857759622157278,0.14012108145082669,0.95577387977770334,7.364907803627033,3.7369014678436159,0.69374661617327715,,0.08305277663807503,0.4642857142857143,0,1
0.53808712451278218,-0.74210144050752047,-0.39968449861137978,0.83977292861244301,0.51273176682656685,0.17857089252336059,0.072413222571903663,-0.43173091999945007,0.89909106208057799,0.4484865437960413,11.74617886909048,-2.7139629766786411,,0.3404063024546802,0.1428571428571428,0,4
-0.94670667931716945,-0.071150793295618769,-0.31414014062144585,0.10040050089337027,-0.99189169452114168,-0.077914092180671399,-0.30604934693055286,-0.10530161894948224,0.9461740676482312,-18.511774924483682,-6.8240129023356229,-5.6724819617790816,,0.5316910792866379,0.3859649122807017,0,1
0.47778944410941082,0.84092802051388449,-0.25408130866362516,-0.81889204309994634,0.53105107375023886,0.21771673986240553,0.31801425887091284,0.10404240185289215,0.94235986213944067,-20.525838934062637,17.846320910064875,-9.4212061629849089,,0.1928975183868249,0.4285714285714285,0,2
0.9594395770712395,0.083543136128054335,-0.26925126249518389,-0.0058325629419835445,0.96075976541206443,0.27732049036247358,0.28185400326922594,-0.26450182905084879,0.92227821359385187,8.5731227647169295,-4.5428216610217724,2.059452083513885,,0.1663067229048714,0.1666666666666667,0,5
-0.5655542405022862,0.79061440532480642,-0.2346854557546901,-0.81945839884653582,-0.57078508208327072,0.051887596119566934,-0.092931876176885392,0.22166021782019871,0.97068553828011039,-15.110974596123324,-6.881374784581161,-4.6437097637446243,,0.07957738621870455,0.28,0,2
-0.76441782602492048,0.58177123613125103,-0.27786258486102522,-0.61494370877531335,-0.78738876087706611,0.043164502570293244,-0.19367401037051121,0.20386556368056472,0.95965056643145308,-9.027134879116689,5.0266671401623739,-4.5969909578374608,0.5047695757177143,0.519090538566194,0.7861163227016885,1,5
-0.81218173541085303,0.52689643445799772,-0.25048148837880907,-0.54687422444457523,-0.83712426971011589,0.012310146239951874,-0.20319796087352629,0.14697994563120961,0.96804312108453461,-19.379461676498135,20.380747703877333,-9.3154006299235856,,0.1380311683604313,0.1904761904761905,0,1
0.10041531421732205,-0.91745339697454942,-0.38496237355161717,0.99301273152997105,0.068308483121472793,0.096227159123753458,-0.061987738223145405,-0.39193521851640456,0.91790212157749995,-16.705672434737142,13.610504645476999,-7.9179070215427378,,0.0856662338608704,0.2285714285714286,0,2
-0.1539125401451153,0.9692329526807868,-0.19208959738559794,-0.98800386495099579,-0.14848053577947956,0.042448714191747082,0.012621126256091766,0.19631865406099733,0.98045891971041055,-37.279114913839486,13.834218242233236,-13.484169394924884,,0.2755657252102481,0.3636363636363636,0,2
-0.34591442389029042,-0.84330654825219931,-0.41131165436881351,0.91789253447500696,-0.39501157426145167,0.037936148388297786,-0.19446466645562568,-0.36441723597334347,0.91070498605522721,-7.6478919655444626,-8.1099367365930135,-2.2486372936953725,,0.3436855832939416,0.1818181818181818,1,1
0.88178942685169459,0.38504725168772352,-0.27237110834354589,-0.35337936096042105,0.92184338267952526,0.15914711765274139,0.31236266412579655,-0.044083917449586216,0.94893949980097969,-6.1086060294134086,-11.455474745098034,-1.4705883359361107,,0.0744238520748994,0.3043478260869565,0,2
0.71517236710064991,-0.56743870475508651,-0.40809533405997567,0.68252938212137337,0.69278094358831421,0.23282655935674831,0.15060586933008172,-0.44504817778163624,0.88275137585651797,2.779415271731779,-5.0668024909932292,0.43501434990917554,,0.223977292738397,0.2758620689655172,0,9
-0.79039902438790832,0.54259495653393019,-0.28435909584640356,-0.58114805623545795,-0.81095746915403288,0.067933202169735293,-0.19374291982003031,0.21894907254251511,0.9563079967522915,2.4040030376607397,-8.8514251943694777,0.73411490854826067,0.2547766519435341,0.2552664028157164,0.8292682926829268,1,5
0.93425610728852915,-0.11697929986155714,-0.33686995918007534,0.22210084423843582,0.92994734533296364,0.29303438347188732,0.27899236724803023,-0.34858826473660148,0.89479018809174848,-14.4867568515459,-10.548044201336895,-4.0367877764714652,,0.2826469662675481,0.5,0,3
-0.50040502409480125,0.83189050981948431,-0.23990204570399221,-0.86323265111961212,-0.50067767214780579,0.064430261940031999,-0.066514674333475146,0.23933250570061146,0.96865667282757051,-14.523022193045939,-4.8682902718601415,-4.7311163349566181,,0.1306573920946063,0.44,0,3
-0.079523193092365455,0.95681239926811534,-0.27961776475608202,-0.99440853919564243,-0.056592877229615902,0.089156622982607445,0.069481788514570833,0.28514431232915532,0.95596286654406737,0.47826401503117072,6.1426215565670024,-2.0146615162873105,,0.07994655472101456,0.3518518518518519,0,5
0.92416215481215447,0.31087623237532169,-0.22199162091637725,-0.24078534174781263,0.92521294970636081,0.29326339167213555,0.29655814069477943,-0.21757059966774078,0.92990123311450401,9.9811093543979279,12.71904987928429,0.043865243263643112,,0.2565615083500331,0.2105263157894737,0,6
-0.14187867236088861,-0.89550665314560807,-0.42182730649053823,0.98111438830777475,-0.18381254127233579,0.060228786526592311,-0.13147242822954033,-0.40531565950868054,0.90467354154549628,3.5088315032303292,12.132002719893421,-1.7856418802440244,,0.1399043181099194,0.2352941176470588,0,4
-0.083797384391050819,-0.91865822116065732,-0.38606355832059058,0.98893586397413269,-0.12425946008570159,0.081027424523713379,-0.12240855899386527,-0.37500221235767067,0.91890667938148007,-22.920846916970163,11.425444322068101,-9.2591828616903005,,0.1903914245386469,0.6538461538461539,0,5
-0.30424405216203404,-0.85252386382139655,-0.42501602127339011,0.93290965503550083,-0.35688958162369117,0.048056238616959464,-0.19265288024207927,-0.38188072502222992,0.90390927619475592,-13.056767723441496,-8.5824076409015895,-3.851153626480643,,0.1648841397763048,0.1904761904761905,0,3
-0.45417494375246065,-0.79204216087263324,-0.40791461835494464,0.86063879786002306,-0.50839503272734432,0.028902427514276501,-0.23027370689139631,-0.33794038837992335,0.91256249858084959,-16.610998393356908,-5.8351476150586743,-5.220476453399181,,0.1462838477402344,0.2702702702702703,0,3
-0.92698611328145486,-0.16210460668402568,-0.33825854353609375,0.18849534910965601,-0.9809749890656404,-0.046449695280977962,-0.32429346146256322,-0.10681838474478138,0.93990615676946454,10.163317972395477,-8.6582523753647482,3.057318705798822,0.1273569441942231,0.1400790269932425,0.2352941176470588,1,7
-0.93443176425130903,0.22839602827191283,-0.27326275309270048,-0.21913833121467646,-0.97356827397042733,-0.064367753655773519,-0.28074128615263094,-0.00026492991359556352,0.95978344435685492,-16.478145967529485,-8.2944356680392559,-4.8862615582840556,,0.2447126634523389,0.25,0,2
0.68597145128155612,0.70889732636017289,-0.16403581531505448,-0.68244354407697905,0.70501661001597316,0.19293104661831456,0.25241627755421897,-0.020400006886872227,0.9674036709381908,20.960141090784852,9.8955880591734875,3.9649403697736019,0.6835364497575723,0.6519324138706599,0.8055555555555556,1,4
-0.91894565627677716,0.29403956984727114,-0.26283000622850494,-0.30764748678387127,-0.95143411299841929,0.01123176292840794,-0.24676285110529086,0.091180370622979748,0.96477678005196876,-12.357836346267977,17.169734006589593,-7.0610567311332373,,0.3963356171072269,0.2786885245901639,0,2
-0.63600159276388391,-0.70390886673434938,-0.31625034598331886,0.72573761893963229,-0.68489991414400331,0.06493855604625022,-0.26231066020586719,-0.18821374800556667,0.94645058117371395,-3.4086672324761671,11.550008615225966,-3.7725200309600448,0.1945587380417264,0.1677296062158532,0.7017543859649122,1,5
0.7833012273686083,-0.52921820706526246,-0.3261399646063981,0.59192776921654366,0.79523244398609561,0.13125119451734085,0.18989655929784341,-0.29586052346085662,0.93616550215456562,-0.52892702245438294,5.4703434730152907,-2.1906613273892441,,0.07440232251865438,0.2314814814814815,0,5
0.95451284306736062,0.022422780006453626,-0.29732549731943009,0.012499524298647148,0.9932826869896646,0.11503593186000381,0.29790769428091607,-0.11351970165294699,0.94782080744455821,-16.304151745449417,22.756263517870853,-8.5532686029116345,,0.1619514298763686,0.5294117647058824,0,1
-0.75689117108145565,-0.57075883199299915,-0.31835532167835623,0.58864853605064027,-0.80700349141411698,0.047310314423633773,-0.28391663590635258,-0.15159063476155901,0.94679016857390685,-1.9148781563348065,-16.963804401924548,0.62666831782293697,,0.08954835951938574,0.2352941176470588,0,3
-0.80233278089624571,-0.49645825185600734,-0.33134772198307705,0.51502112004898659,-0.85641753846536506,0.036086641744735443,-0.30168751151279821,-0.1416975792771443,0.94281835017367643,3.5068495051695949,9.9119251145146237,-1.5319785819255851,0.08990124317701798,0.1037451239610717,0.28125,1,4
0.87924042897293242,-0.24812882131314934,-0.40665508246331,0.41339644131905129,0.8216174961539342,0.39248958243306853,0.23672695318496886,-0.51320247276049591,0.82497489148959824,-12.53044981379086,-6.6979839491730662,-3.9106960808354261,,0.1406322639601259,0.3571428571428572,0,1
-0.81210186200844658,-0.49407723433343165,-0.31044846953374028,0.4997701187488548,-0.86356232103413366,0.067007060045162936,-0.30119826381997944,-0.10073631025388892,0.94822560694608049,8.1172579803290361,-8.0130091777648431,2.4368447796441726,0.289159279736099,0.2493051355560935,0.7338709677419355,1,5
-0.95316858166341012,0.047116451687681395,-0.2987468743102179,-0.066828688754499085,-0.99618559955593022,0.056108623194177983,-0.29496369486619362,0.07344583866873837,0.95268154568729235,2.0258702782843843,-6.476833689591297,0.33007268346218332,,0.08290182840470464,0.3076923076923077,0,5
0.21844498377142851,0.94748319331792374,-0.23357522866342331,-0.96201050064844063,0.24925459157187915,0.11139095664582713,0.16376075753133656,0.20036902694879224,0.96593719637063202,-13.501948201626085,15.848239868409328,-7.2985030726703162,,0.1033606978869556,0.303030303030303,0,4
-0.2374633028747638,0.95491954824374381,-0.17815677413382974,-0.97135491119754191,-0.23172812061712961,0.052647075965039147,0.0089897875516464464,0.18555520606336348,0.98259271787580382,-3.4759764609474129,19.902378539212695,-4.6959839724118595,,0.3841978950459855,0.3636363636363636,0,3
0.43891735256991732,-0.82426259189837725,-0.35769084026570153,0.89684939327411017,0.42620595065166894,0.11836238174761041,0.05488828105228704,-0.37274611631253224,0.92630859295218071,-6.9142268478775666,-9.1897540628404322,-1.9429310124136963,,0.08148085809726177,0.2033898305084746,0,5
0.61312500214832089,0.75881708976914775,-0.21971425992616284,-0.74888998453830413,0.64683338768652232,0.14411925489744434,0.25147867265205393,0.076178690250339104,0.96486024083952315,4.2554208918659659,9.0217455090262302,-1.2466883133662425,,0.1562524284530091,0.2,0,2
-0.010476005911230844,-0.9400921503476205,-0.34075944910586925,0.99455467530747443,-0.045132483827528616,0.093936450473724883,-0.10368824004771496,-0.33791982445299873,0.93544585151544857,9.4419955881116131,18.023895208910268,-0.70602105216893674,0.3236006971266094,0.1744621654490207,0.391304347826087,1,4
0.73886217262946341,0.66633275014513504,-0.10041591478092105,-0.60892129221291402,0.72403199089494796,0.32402551759151949,0.2886131489503258,-0.1782648093279163,0.94070404910803795,-36.547391453546503,12.675988105149836,-13.147964049482246,,0.06955671033734195,0.7142857142857143,0,1
-0.5837402753253238,-0.62890095762349807,-0.51354734588289153,0.77079569377841695,-0.62802232656644175,-0.1070605239419391,-0.25518873293263578,-0.45833562248020893,0.85135607576965999,-16.96967005398832,-3.9574212004709781,-5.4702111910719182,,0.3083161404810117,0.2631578947368421,0,1
-0.43307920540506384,0.87088425670995118,-0.23238548418624427,-0.89985897131079684,-0.43259579155935163,0.05580961276172005,-0.051925269351190746,0.23328414549620508,0.97102125304388298,-12.292507266279364,10.659911945916603,-6.3412107933984769,,0.07827478634647247,0.2727272727272727,0,4
0.95079701082965951,0.1255345092541261,-0.28324217762139692,-0.073671394865291784,0.97961841944424632,0.18686968150066441,0.30092784812307993,-0.15680828827547111,0.94066656736174592,16.557358007698344,-6.8263956913403261,4.8356267895950662,0.4091022947937302,0.3971375811922216,0.8545454545454545,1,6
-0.95572636230803298,0.065642623734751396,-0.28684170955192645,-0.076971519561677457,-0.99662912163466688,0.028386248186020611,-0.28401145323000648,0.049208127976279624,0.95755733748702976,2.6171563610071078,-13.992159198469345,1.5432074930739763,,0.1012199940571158,0.3,0,4
-0.032935505044572974,0.99563208644922041,-0.087361324052654982,-0.99441772821979357,-0.023877143973063498,0.10277773979746886,0.10024287660300617,0.090258686166283561,0.99086060334534087,-1.8648648251611721,16.341584022297774,-3.8656527346423193,0.3864967339781097,0.3604173180673492,0.4929577464788732,1,5
-0.84903947467266905,-0.39776424456790527,-0.34772917075057386,0.42826401887117327,-0.90357277358076471,-0.012090201978259631,-0.3093895612134796,-0.15918495088068921,0.93751706695144621,4.148679540482858,3.8020748729264202,-0.35930224775288694,,0.0774746341211299,0.4,0,4
-0.94558784791064576,-0.11276092834914764,-0.30520254737067953,0.10166171540582473,-0.99345522552883003,0.052073126372506787,-0.30907687960191815,0.018212300988627056,0.95086265811011905,-27.22383483126805,12.048504648408253,-10.530377333466332,,0.2591199030278248,0.5609756097560976,0,2
0.63840820153788247,0.73328286183404778,-0.23394702979443055,-0.72164199663229001,0.67594692373331378,0.14942752421168162,0.26770841769680948,0.073430244694808577,0.96069776842581034,-1.1442141874400573,11.246666242043014,-3.1199331550450995,0.7806151636578842,0.7200211595612969,0.1904761904761905,1,1
-0.79024409421816588,0.57066461151282766,-0.22328495856242578,-0.58233834350933977,-0.8127833051946034,-0.016289643204641387,-0.19077820953166769,0.11715459856040561,0.97461709137693731,7.4547977419957423,10.02657251828113,-0.30374249326856495,,0.7907042475573942,0.6226415094339622,0,5
0.86405011619649641,0.45399351997672255,-0.21750236899851724,-0.40824631701680014,0.88473276927847844,0.2249063618643414,0.29453750413663826,-0.1055358270161417,0.94979463457790703,-11.281900337123615,-11.304565647068438,-3.0425531338080316,,0.2368648265529372,0.3829787234042553,1,4
-0.95019589862327858,0.094813269532007263,-0.29688078105554727,-0.12348029843218104,-0.98917316279356149,0.07930365633489006,-0.28614746222638476,0.11201293643876044,0.95161585313180164,-15.939393893954504,17.700942555667201,-8.1192279740873889,,0.1241013085331205,0.4666666666666667,0,1
-0.89263198896309437,0.34553341418304157,-0.28950784438906257,-0.37962910288596619,-0.92252874133024043,0.069443974984439577,-0.2430840935186577,0.17189351675573328,0.9546532052926654,-8.3892215010582714,9.6406815654721694,-5.1169965643087698,0.6417469624707401,0.4327285122966759,0.4516129032258064,1,4
0.71481632227875047,-0.59702610600838435,-0.36413933342657112,0.67217050792896671,0.73023806802285951,0.12222590674957937,0.19293634617250591,-0.33213279385617339,0.92328943109454886,-14.205221944039948,-14.8672735984987,-3.4207468228538649,,0.6141135535897181,0.9328859060402684,1,4
0.58822216829166163,-0.74017676949837918,-0.325780648021333,0.80026653059713426,0.59079147060914072,0.10265923368852543,0.11648244818977017,-0.32109778596314298,0.93985533520499076,6.2996948062183247,2.64349995436771,0.43660353345710168,,0.08784219049992963,0.4482758620689655,0,3
-0.03922049119130952,-0.88210641427062342,-0.46941455769217161,0.99269928700610766,-0.088021290952007419,0.082464403937146699,-0.11406085502169122,-0.46275320230309241,0.87911864677639229,1.0646558221681584,-9.9168167311070086,0.45166737713786548,,0.226696713938011,0.2142857142857143,0,5
0.62465264318774461,-0.65680112706157545,-0.42239952041782486,0.77191754260769563,0.60115619629714212,0.20677169793772157,0.11812020476218536,-0.45521808745281223,0.88251011896903653,-6.9128690595509461,0.35264036742097332,-3.3563267397603727,0.7190054276797727,0.5473387741200934,0.9681586061880445,1,4
-0.46372205291274249,-0.80521396723488314,-0.36958398857668462,0.85519292533020808,-0.51581559650774156,0.050787113173746262,-0.23153167841043229,-0.2925145079636598,0.9278083554933233,-18.90850870071133,11.131926920869091,-8.156921870090148,0.7634619850986194,0.570011587633914,0.651685393258427,1,3
0.88930403007819558,0.37607763121731036,-0.26019984124640777,-0.34536517751959123,0.9252546401227344,0.15692910847962535,0.2997686378584995,-0.049693724244874123,0.95271679817621224,12.249534683514534,-0.027779900532293157,2.7182770954767568,,0.1114865793507215,0.3333333333333333,0,4
0.76187861481511077,0.59474708144202271,-0.25654801773470037,-0.58313515574631114,0.80222491930670237,0.12801784631870763,0.28194745329605919,0.052068108853221162,0.95801594225791231,14.315794539700711,-1.4577363056345789,3.5581859046670128,0.2831647753845444,0.2466783152930944,0.3225806451612903,1,5
0.68129944396602171,-0.6510787607289944,-0.33455569787284678,0.71733952069235651,0.68486596119272913,0.1279946375924412,0.14579121957254804,-0.32719269937936712,0.93364332470617128,1.4602277438623432,-19.239362916155216,1.8926284295327243,0.20086582965985,0.1836699866504339,0.6774193548387096,1,5
0.93139972087974754,0.29671168037792989,-0.21084766698361249,-0.19535164640235464,0.89623045741489893,0.39825707959780077,0.30713562833545799,-0.32974709389043116,0.89271191314880372,-19.420899587223943,-18.374179586377466,-4.6133350406171445,,0.4355749431557094,0.4666666666666667,0,2
0.71101676539355974,-0.58358520570595673,-0.39227983253083026,0.67012970961903762,0.73137030435372086,0.12658455749202083,0.21302894548672138,-0.35288211288004162,0.91109433254418482,-10.200446445985031,13.444449997619234,-6.089259516648637,,0.1499616590056586,0.3863636363636364,0,4
0.41159019099487026,-0.80031796898608198,-0.43598699888276415,0.90774193648825774,0.40263686636822626,0.11784791292900931,0.081228636682850131,-0.44426872764034192,0.89220356770384934,-13.944407297230924,14.256149565009393,-7.1936045440371554,0.3216494714809366,0.3293744714911835,0.9238578680203046,1,4
-0.145599090970774,0.98341745574537553,-0.10812498528912946,-0.9888715776572794,-0.14128203019179777,0.046608913809328079,0.030559901997318478,0.11370794026880501,0.99304410612506955,7.2829158051052794,-4.6409387706889165,1.6731486072712827,,0.3428001310275711,0.3684210526315789,0,5
0.95037287730944919,0.13976817496160715,-0.27795008786194131,-0.10386024485768901,0.9846848967902494,0.14003108073309295,0.29326514217114213,-0.10421377692550392,0.95033417548053156,3.6281140817159585,-2.7211910318203532,0.19916677938248331,0.5160189978467766,0.2117778637120534,0.1477272727272727,1,4
-0.88289798490851312,-0.31803460342962792,-0.34546365838658982,0.35292221597272549,-0.93473447681578781,-0.041441130834190133,-0.30973707837033004,-0.15851009076167644,0.93751666300356351,-18.703263399497409,-5.3673687174878975,-5.8820788229220105,,0.7744221083265999,0.5384615384615384,0,1
-0.76488341802984583,0.59276481291409866,-0.25215716010832212,-0.61583575907717825,-0.78770523280481686,0.016333525453663917,-0.18894357534675851,0.16778063887952999,0.96754843938293911,-1.5403940494539941,12.949566620841944,-3.3889376890001692,0.2856791827436001,0.1252478744321069,0.275,1,5
0.7232598364276166,-0.61203745505138207,-0.31985209492033201,0.67936499603941225,0.71371677555936286,0.17050386048859961,0.12392905699256815,-0.34061491144601064,0.93199950157366462,-4.2169758073348618,-9.2856626865433682,-1.1202204155457298,,0.1804590823946762,0.6,0,5
0.9200538928998504,-0.21442434287301776,-0.32790705290265537,0.29098653789557682,0.93441120138022993,0.20543257165965967,0.26235027906098418,-0.28442557535958291,0.92210326057226022,4.6369799920461707,7.1398644073783313,-0.77868152647335176,,0.1529540422738676,0.2692307692307692,0,2
0.10390243660324454,0.9931099741555024,-0.054192830713727776,-0.98632031179862334,0.10989649778497602,0.12286172027146543,0.12797080214398834,0.040685857585342419,0.99094305325339949,-5.0079861362860116,7.4118162929781972,-3.7680530535572818,,0.129172245919774,0.4,0,4
0.95301525916015684,-0.036527862887640448,-0.30071187379410125,0.079481885013449202,0.98807523597697045,0.13187099000068839,0.2923089902185812,-0.14957621228629414,0.94455408048214862,17.409895285939275,-1.3530763149035498,4.5047771976362592,,0.08204791986903656,0.375,0,4
0.66240775462340873,-0.63744916881280744,-0.39354100649695234,0.74247357244571366,0.62857077127894601,0.23158536161314214,0.099744477714171123,-0.44559773638748584,0.88965931484578709,-0.98996141194091103,-2.1406793746085064,-1.1947295606140209,0.5550564817692768,0.6642855332405581,0.9010654490106544,1,4
0.67628135379228038,-0.62032529982289286,-0.39729089205834917,0.7238474286024067,0.65968969960620438,0.20212471481528382,0.13670563491884569,-0.42427116639375101,0.89515671630632454,1.6380960456287093,8.4236885898058826,-1.8913108358525659,,0.1485218022373054,0.1388888888888889,0,2
-0.95253132671201635,0.081561290883212983,-0.29331182632431907,-0.095153386894969036,-0.99493688088539289,0.032348663287055088,-0.28918835487387795,0.0587227288492869,0.95546938021154304,3.5533683391542725,-8.0336875899091638,1.0262366264128762,,0.0679816591965875,0.2727272727272727,0,4
0.44022366219343789,-0.83778665086811643,-0.32298088932967028,0.8961518453209959,0.43232177497357066,0.10004875317302701,0.055812161513184237,-0.33348374849591733,0.94110232818559103,27.765650451400401,-10.219159559241941,8.5564806859222404,0.2450472790370648,0.2186872909163422,0.3333333333333333,1,4
0.56514745137470679,-0.72385591997277243,-0.39577893491827548,0.81887175587181693,0.55050712680850278,0.16245291862091726,0.10028661745258323,-0.41590204430059979,0.90386286786575154,-12.138942065546122,-1.1224047700546693,-4.610515293337536,,0.1511027893765552,0.2098765432098765,0,1
0.8957139216622827,-0.31737806252002077,-0.31139642896380743,0.36690996201383658,0.92318597798821678,0.11447589187660523,0.25114468004594254,-0.21679210197093648,0.94335970563070137,16.265185599934398,-1.5794200907879892,4.1776393841664623,,0.08119649218908444,0.25,0,4
0.54614876773657628,-0.72439553194879125,-0.42068115811437012,0.83575162194592878,0.5053213633524366,0.21487099886765645,0.056927584829931439,-0.46893649147007432,0.88139538066248591,17.780284170495538,-8.6765228777618955,5.4361928750834521,,0.4639798973579967,0.4347826086956522,0,2
-0.94563559007223785,-0.11358431309350862,-0.30474896982238814,0.10877369150991655,-0.99352602640591903,0.032776804136025205,-0.30649896382212538,-0.0021537579115729539,0.9518685552652858,3.5954621248824954,8.0157969073740531,-1.2633005993213928,,0.08315026479024912,0.28,0,1
-0.8696921019850461,-0.35740107151999867,-0.34044106952773506,0.38520781646466101,-0.92270160002727575,-0.015384909542555957,-0.30862693641249045,-0.14452069534658801,0.94013998039503577,-15.487938128868263,-3.0606724481973782,-5.2060803029397391,,0.642924289265554,0.5,0,1
-0.23866526919556866,-0.90927931978248566,-0.34095455400347252,0.95085924880677053,-0.29012670248860223,0.10813503346147491,-0.19724497012200579,-0.29839171422643451,0.93383981851417042,3.0015215347187172,22.545862278100174,-2.9900212668548085,,0.241886168057837,0.4210526315789473,0,2
-0.9534224103866219,0.053835086743871496,-0.29679536857545658,-0.035044176189195496,-0.9970507038261528,-0.06827737337501931,-0.29959574944878953,-0.054696228709582906,0.95249709158462237,-6.2061640138393015,-17.297309062151808,-0.71883032953772985,,0.1625266299317637,0.3684210526315789,0,3
-0.85347919369115388,0.43568178579000411,-0.28592769622254116,-0.47102611800983324,-0.87967812668729939,0.065580405461611535,-0.22295215201671284,0.19065092435851369,0.95600447852107884,-5.6344264634997225,6.374261319043601,-3.8299225241793811,0.1766928788484882,0.1322427287922267,0.6852791878172588,1,4
0.22508774825571937,0.95392461335100787,-0.19840195973906455,-0.96299093537958624,0.24879225017872431,0.10368642451043528,0.14826990241421592,0.16772074497252409,0.97462084306869901,11.592322254622054,14.015509682141825,0.44742810059715593,,0.3068683565432277,0.48,0,3
0.52853080681297704,-0.73291524346608983,-0.42835783189369436,0.84590519746803505,0.49713992236822951,0.19312248570344198,0.071411365665339566,-0.46442129955758249,0.88273057801973642,9.8794321533900948,2.3487758652960031,1.6699968020154079,0.3546408525923191,0.2976479580413225,0.3666666666666666,1,4
-0.74702608333731402,0.64838400588485223,-0.14679990370031989,-0.63816524246544981,-0.76127320110864971,-0.11492709246649153,-0.18627172121050681,0.0078290603842308976,0.98246707410008094,4.818290401035604,-9.6861684477709726,1.6055258808611015,0.714470327530251,0.5775757769726614,0.1935483870967742,1,5
-0.60576665684597419,-0.65789169891375476,-0.44746538408465247,0.75146129473963619,-0.65787542597065041,-0.050058429981027781,-0.26144345461663782,-0.3665766446519868,0.89289914527555103,-8.2020089376904028,-5.6110105571255469,-2.8216471050244891,,0.5595631932721004,0.1666666666666667,0,3
0.052423934050961962,-0.93778182975711122,-0.34324476822818994,0.99566355572899545,0.022633105245329663,0.090232069354783687,-0.076849300138082291,-0.34648662647259165,0.93490170753075885,-6.713096961547091,-2.2891946668189722,-2.9363708947996825,,0.07649611010329037,0.1939393939393939,0,3
-0.85362995838550071,0.43044454026373907,-0.29331449317056629,-0.4446515644673662,-0.89547880204791241,-0.020067418856418218,-0.27129482185160014,0.11329259834593625,0.95580537077196559,2.713179676630368,-21.103049097934932,2.4598321715644533,,0.1441139192795743,0.25,0,3
-0.55156263284909235,-0.70454506415628715,-0.44653657702095395,0.7768781907903981,-0.62880981178600992,0.032534555104998621,-0.30370864116586271,-0.32895968320548907,0.89417369012207515,-8.5102920464971987,-2.1783713630481341,-3.3814389970116618,,0.2116754783491295,0.2241379310344828,0,2
-0.87245793100400038,-0.36279388440776922,-0.32741068410261326,0.38623145482402277,-0.92237423482960679,-0.0071438243970745868,-0.29940344342164427,-0.13268899109880855,0.94485512630690771,9.2184933631649351,-12.905115320668841,3.2889155399142678,,0.3571040564076467,0.625,1,3
-0.29121760987515999,-0.8496252615977985,-0.43969218614102301,0.93969064213226028,-0.34022530634248371,0.035046226804381748,-0.17937056834291448,-0.40296855433028023,0.89746450817472667,-13.179182499514255,-2.3830863511351081,-4.7928652586378151,,0.277377187133785,0.2058823529411765,0,1
0.94077051900225273,-0.16263874790508984,-0.29748860189273807,0.23761699123301677,0.94216708907096336,0.23634580967073476,0.24184498351960879,-0.29303551653581406,0.92500875130724469,11.230004196677926,0.26794683736105296,2.3632053144026952,0.5095671764024656,0.2067642780062968,0.3571428571428572,1,6
0.3601420888599105,0.9277075673418903,-0.098266705084737602,-0.91115705620477683,0.37240027350237714,0.17638269536323081,0.20022610908636243,0.026013569381097307,0.97940430846928039,14.377375383453279,4.1588563279924884,2.6316988843416889,,0.1043153756264328,0.6666666666666666,0,3
