axis_00,axis_01,axis_02,axis_10,axis_11,axis_12,axis_20,axis_21,axis_22,location_x,location_y,location_z,dbh,dbh_approximation,score,reconstructed,number_clusters
-0.69683820258779616,-0.66622680054886863,-0.26562825460523953,0.6939161646040849,-0.71990394123646362,-0.014787558735705374,-0.1813749594496574,-0.19462827549619563,0.96396211464040993,5.4119293291905528,6.1542461069446794,-0.34776449879576304,0.2989002497015918,0.1100218424755571,0.3666666666666666,1,5
0.95326435966407053,-0.18867903866384181,-0.23598152674126632,0.21899588478259191,0.96956995077301744,0.10942994565611022,0.20815346031843965,-0.15599465031499637,0.96557641128528138,-10.558087982367802,25.863575034845198,-4.1797415656837202,0.8408527982504024,0.4794033444350305,0.6578947368421053,1,2
-0.66417840352458568,0.72531628999017961,-0.18106166840724147,-0.73474848093187584,-0.67801926875214058,-0.020845646286767796,-0.13788298683968647,0.11918955774602809,0.98325079774413249,-3.8433717070534823,16.962760726083754,-2.5915847921441153,0.4299113658826032,0.388574832251852,0.8809523809523809,1,5
0.50424862798241576,-0.79199362814272722,-0.34420838769438961,0.86133264698073586,0.48986867858718142,0.13466532213011753,0.061962830979634037,-0.36438272560670165,0.92918557718919692,-5.2351046833511266,-8.9064471193497337,-1.3268859623608418,,0.1004697409155709,0.3888888888888889,0,9
-0.8133722943620022,0.56322153539974718,-0.14562627793857807,-0.55025958302489708,-0.82609274316156389,-0.12159428845578615,-0.18878533325859598,-0.018769170406648245,0.98183899708082856,-12.031943080941867,13.832513191867823,-4.0197525196412025,,0.1964167529232869,0.3023255813953488,0,5
-0.94576536525260779,0.25108682562645468,-0.20611472505726799,-0.24902639059898449,-0.96781559369339121,-0.036315745746885932,-0.20859945032009275,0.016981831489589077,0.97785371437931146,5.9322104385878474,-10.318478275011293,1.363379325137732,,0.1277251033228352,0.2,0,6
-0.64699691414365845,0.76244480258182512,-0.0085390927237739903,-0.75167077107904523,-0.63965435338250487,-0.16072759596361602,-0.12800798800862948,-0.097571672194193576,0.98696186541892872,1.9673557235417309,-5.8073639341255356,-0.10133070398213855,,0.08890130107232927,0.3,0,1
0.25411727962748815,-0.9068176197418617,-0.33631267106731044,0.96686886112298942,0.2469098786218622,0.064808311424312204,0.024269602086939839,-0.34163916105247832,0.93951778591461488,-0.58240495486308241,-12.869581117684236,0.19904868528522698,0.5425224759220602,0.5237687217370102,0.7352941176470589,1,5
0.82740434481594172,0.5250901701840831,-0.19920432564518467,-0.52512900932717033,0.84910831781175011,0.057048998115343239,0.19910191797862384,0.057405381271711416,0.97829599225300046,-14.935102066695769,12.131041153517542,-4.5554529379636532,,0.1203133218447751,0.4651162790697674,0,5
-0.34212316825994132,-0.90024023568561307,-0.26929399509177998,0.93521399775809799,-0.35405379367889189,-0.0045485798773853342,-0.091249745956337364,-0.25340368828076765,0.96304727538610879,17.954109764491651,-10.480485491895916,4.1146184851096343,0.5897762849743705,0.5073838344018542,0.7818181818181819,1,5
-0.96846098591866248,0.1276078106600449,-0.21400833023973612,-0.13324889248831465,-0.9910089468494655,0.012083042454138018,-0.21054227937420888,0.040218328195749935,0.97675710116335934,6.3006954506752662,5.7878536460745131,-0.10050919134226792,,0.09257394101877617,0.1724137931034483,0,5
-0.45191973197470431,-0.80121279566643766,-0.39220735830971187,0.88430160727598328,-0.46022248914170544,-0.078777711678656798,-0.11738493609072717,-0.3824307996861448,0.91649738691956562,-14.980003938921865,6.487129496272602,-4.3163193713564754,,0.1231527138012409,0.3090909090909091,0,4
0.89101203591585332,0.4262396425567343,-0.15626042034434967,-0.39958988474244284,0.89970437436979622,0.17567003942441192,0.21546571853686333,-0.094084036121759085,0.97196847597153713,2.5114495120371951,20.598649982531111,-1.6502354042792495,0.402175720901404,0.3242571391720306,0.2727272727272727,1,3
0.95214566452987337,0.23102429138608174,-0.20011599213087278,-0.21538252111441827,0.97170043642231396,0.096998100265319173,0.21686171426824499,-0.049254833734797179,0.97495895207869887,-9.3462605895999964,20.64508702497406,-3.7813735146174374,,0.09768072481685353,0.375,0,1
-0.67709618005533456,-0.68028317073605915,-0.28063422914492681,0.71693099409209027,-0.69581375899477138,-0.04304837399592501,-0.16598407352695202,-0.23034326646737416,0.95884892810522515,-18.699111408559205,6.5864659610041159,-5.108876135457618,,0.07762346818373736,0.1875,0,4
-0.29664341560840418,-0.87713253226684829,-0.37767870580074664,0.94768808202597943,-0.31918313483028116,-0.0030701182121195643,-0.11785577271437074,-0.35883233867512815,0.92593162250721206,-22.400343136563578,20.305647835092874,-6.2855935891411621,,0.3845966482398005,0.6666666666666666,0,2
0.006934951915426482,-0.96548072691865672,-0.26038216603783149,0.99958944212057554,-0.00054590086135123056,0.028646975291054692,-0.027800245376748824,-0.26047392948406894,0.96508055540256388,-10.369085830044364,-2.1205255434037404,-2.9137368367664349,0.506115355382865,0.3036456240483099,0.3033175355450237,1,3
0.68269975574508202,-0.67745830118205286,-0.27380886337942373,0.71882040732067221,0.68995901931790404,0.085169088765930545,0.13121838866922644,-0.2549643147999397,0.9580057059609034,-7.6377348270057901,10.718928812583687,-3.1167317597238577,,0.1027618643312547,0.4744525547445255,0,5
-0.37925177042425334,0.91226375246135827,-0.15473506575819188,-0.92291533272744231,-0.38493217706248756,-0.0073829315674233224,-0.066297686586070964,0.14000737483095785,0.98792841428226963,-9.8221445238081095,-0.73736109734318944,-2.8826507599230271,0.2656806856091502,0.2322208480917532,0.78580814717477,1,4
0.77492659254729745,-0.57296111233362357,-0.26684141342087581,0.61107131641003676,0.78703317687220165,0.084679541586820548,0.16149496098621446,-0.22867956239215151,0.96001303914071645,-19.445567418050231,7.6435438790819248,-5.3146735854228346,0.1986725211678048,0.1033485487630158,0.5396825396825397,1,5
-0.21490923099116988,-0.87957487806167811,-0.42445501094647015,0.97459059504945933,-0.22124600238667674,-0.03497682760136691,-0.06314423549244301,-0.42118670481236559,0.90477321203347782,3.9374886184292008,12.329095337788825,-1.0167355489071401,,0.1302396796814934,0.3157894736842105,0,5
0.54041536828708359,0.84135595515249129,-0.0084490501581340766,-0.83232410479914987,0.5360309644730582,0.14109354944991884,0.12323885056843766,-0.069216774379637608,0.98996021326871941,-11.510607486520037,9.4988778293956706,-3.7782825295503679,,0.1176257971133974,0.2253521126760563,0,4
0.93640498101957192,0.32199652204210316,-0.13951326572954958,-0.27758295492563606,0.9228839829686577,0.26689484280266357,0.21469376948688301,-0.21119515565631594,0.95357390461925773,-22.251450943376156,16.616226678185416,-6.0930017574465714,,0.7697691770338355,0.4871794871794872,0,1
0.63932445875817989,0.76454857304806256,-0.082034845545855412,-0.75558334359555934,0.64443256017133732,0.117475470937433,0.14268162921173932,-0.013120778985553992,0.98968166490255682,-10.583087558416411,9.8948029212009221,-3.6251242327229733,,0.1741332992675758,0.25,0,5
0.9612614421935235,0.18238592227748218,-0.20666836987555437,-0.16865131716134366,0.98222679583507244,0.082384796918550371,0.21802103791095626,-0.04433843590564631,0.97493637234932928,-19.554135866782605,3.1307026946613159,-5.0706246483421786,,0.08221267233761156,0.2285714285714286,0,2
-0.64278055366383724,0.75462598951137716,-0.13180582606844518,-0.75545187062265651,-0.65295603545587122,-0.054229944997939719,-0.12698673554485593,0.064715003791436285,0.98979105738531248,-11.760992077258367,5.6086697829310008,-3.6560854760628665,,0.4360440105134552,0.2912801484230056,0,1
0.50615525410835638,0.8491153707805742,-0.15102961909066689,-0.8540191669427093,0.51788181010736356,0.049494375987583071,0.12024192793275001,0.1039303510245565,0.9872894007852645,9.9517011274228153,9.5273365190635264,0.53924407123018192,0.5849580299771515,0.4959641716544728,0.7536231884057971,1,5
-0.76817347577299544,-0.5936288624528181,-0.23982136014502153,0.61310348321775754,-0.78995733075724284,-0.0084578040379810187,-0.18442784492881711,-0.15353237198019576,0.97078019178856689,-8.4550694336905217,19.356548630439022,-3.5582565291545607,,0.06722363663264479,0.2222222222222222,0,1
-0.093895531026503998,0.994578461540922,0.044691308910614555,-0.99558191600292378,-0.093824630776009263,-0.0036860802613745275,0.0005270495219607341,-0.044839965417456232,0.99899404388623025,-30.934433499022397,22.688514971472141,-8.1377008425487531,,0.3804264622204779,0.1666666666666667,0,1
0.97551655639621737,0.12146125120456001,-0.18334288274347826,-0.10190991942361467,0.98840449148201204,0.11256522349845971,0.1948892416731576,-0.091124780789906878,0.97658305218043473,3.6443741541647761,-8.8135623383103674,0.70561247015359474,0.6070275998984385,0.8136831651629294,0.6637931034482759,1,3
0.019737055193435275,0.9843119696377548,-0.17532939023488037,-0.99946869456443321,0.023974121846167526,0.022080988822361574,0.025937949763993259,0.17480042308172128,0.98426217790408488,-13.725584044436991,-19.640625486128396,-1.9842044956612439,,0.4556093069676559,0.4230769230769231,0,1
0.0090105669975093887,-0.9722496806291423,-0.23377204323638592,0.99982475775451163,0.0049233616581212461,0.018061403354018898,-0.016409249328248311,-0.23389381998358702,0.97212366369200676,8.4422604024980732,-3.2661913270361866,1.1502059276557497,0.1160546383568208,0.1093901018298239,0.3108108108108108,1,5
0.31001519821863815,0.94743258913056438,-0.079133216330514691,-0.94459359811320109,0.3163876625769898,0.087417283031584136,0.10785875614438403,0.047648043217139856,0.99302374226428358,11.003399869304365,6.5467033017190692,1.0393845882225385,0.6531384974213187,0.8257341014964099,0.9090909090909091,1,5
-0.61667136658328892,-0.75019881655257736,-0.23857527382235547,0.77201216290885366,-0.63560001185218784,0.0031377148201427296,-0.15399235681387863,-0.18224807427408263,0.97111893888766077,-6.5122594549498674,-4.2696651899726614,-2.0414341630617345,0.1617814583659093,0.1550333733218722,0.6422018348623854,1,5
-0.80919599346981674,-0.47721762188124112,-0.34273194411727959,0.55326215119243349,-0.81524030471098208,-0.17112637912568304,-0.19774437086885205,-0.32809539305019042,0.92371563635619169,-4.633842957807043,17.684192739770918,-2.7948036102478699,0.2377588417256146,0.1831930095344883,0.25,1,5
-0.96044742216978485,0.21799226821120704,-0.17326315317328778,-0.1821662831451287,-0.9624742244761052,-0.20114376078867149,-0.21060910363159963,-0.16162530191543231,0.9641167290573488,6.7411516824276907,0.87597584157600761,0.39862040240455121,,0.1322453219469266,0.2666666666666667,0,5
0.045866036828981251,0.9983119063048479,-0.035632069762829024,-0.99869067034723091,0.046634008515265085,0.021028889918326136,0.022655057426575212,0.034620903797832461,0.99914370407525477,-12.839404549169496,4.5765389942025996,-3.8095833686681404,,0.08674517675109039,0.2127659574468085,0,5
0.89525040968079339,-0.34997047403370019,-0.27576687848796771,0.40319839284647402,0.89972257626844809,0.16712373188415167,0.18962531469292501,-0.2608063516433074,0.94658453767749418,-3.6794690682069269,3.848463108789022,-2.1853132947283629,0.2967623573881696,0.2482386037244432,0.6640190627482129,1,4
-0.76905926907102928,0.63551290398304339,-0.068346101037087229,-0.62320646188621465,-0.76929766594212823,-0.14069401920216237,-0.14199136072028851,-0.065608307759239551,0.98769124904180894,9.1594866781550461,14.210578212511754,0.065810077336242528,,0.2358809554529458,0.2857142857142857,0,6
0.83613902937279372,-0.49619794131424677,-0.23379291391106619,0.52133069850187708,0.85141824855547887,0.057456669119148707,0.17054567235514628,-0.16992518666232401,0.97058724727801104,1.5669388106122537,-7.5997589495971072,0.051636785545733879,,0.07624143760705455,0.4285714285714285,0,2
0.9044219375139233,-0.35188923441868575,-0.24123624446544517,0.37880066183815125,0.9224692972095978,0.074568453763030243,0.19629319278706411,-0.15882179449263792,0.96759734397093022,-7.4759258222171887,16.649805678869747,-3.2642740482011199,,0.07257008077381899,0.2962962962962963,0,2
-0.19502603594830117,-0.85795578908189107,-0.47526488328421934,0.97874247969492167,-0.20159806835409783,-0.037701157495936548,-0.063466556097907467,-0.47251463767460916,0.87903464860055724,4.5921226146359837,11.131123233644907,-0.75454932390658824,,0.3162997756216819,0.4166666666666667,0,2
0.83589033863783591,0.5127752200099609,-0.19582879133483086,-0.51219308699204225,0.85693700410242268,0.057595248393660224,0.19734635393005584,0.052158841472000589,0.97894528542039194,-12.035566495958214,21.869014601489447,-4.3172897032364164,,0.5878369737114737,0.7333333333333333,0,1
0.85232137357115911,-0.45768125292978123,-0.25313266654147365,0.49330679765396818,0.8642794170690995,0.098333578288819556,0.17377191816331602,-0.20868387562847807,0.96242109313466251,9.2350001131315036,-4.482869442085506,1.5260874039356189,,0.08308916567597729,0.2826086956521739,0,5
-0.95493745204208946,-0.19251761645050913,-0.22590137238090402,0.20254484808270837,-0.97902905773247217,-0.021856089097082563,-0.21695632556464856,-0.066626357184538521,0.97390496524342862,-3.8508413338689285,-3.386887356654118,-1.6391762947694588,0.2676772529673229,0.1932883463634867,0.7690839694656488,1,5
0.4028019678998096,0.91041247656071667,-0.094338206356825272,-0.9081132889445962,0.41039567607624827,0.083100201565024415,0.11437145228713856,0.052196854124567919,0.99206585432683325,27.162609494618561,-8.3735946191533817,6.2041936974957572,,0.249243579177331,0.5,0,5
0.16684853706159167,-0.95595853015588561,-0.24146398137735767,0.98593112485521006,0.16426031917992434,0.030957464118518459,0.010068898755407613,-0.24323206237070732,0.96991586290396614,-5.8709840950877883,-2.5191878602301077,-2.086699765293099,,0.08362125661627927,0.35,0,5
0.80695306166227276,0.57921917645133059,-0.11546385540473814,-0.56581180696549072,0.81420715357659446,0.13009116097239692,0.16936279217210057,-0.039646647976118179,0.98475600426294829,-16.50394720346079,15.442816654956296,-4.9526075756330101,,0.2601013043936253,0.375,0,4
-0.97425704948961567,0.073028018238754211,-0.21328410646812884,-0.065422089077515816,-0.99695162676128646,-0.042513576169945014,-0.21573861912166192,-0.02746565947040637,0.97606479588669404,-17.041293433650587,3.0885188364674421,-4.5466898062515311,,0.1427426918206525,0.2222222222222222,0,1
-0.1646147545913349,-0.89490046445206117,-0.41479530047279961,0.98465649641619257,-0.17378348882628214,-0.015839289023011783,-0.057909987361625469,-0.41103826796887299,0.90977688233375431,-20.656537482451675,9.7502185666029231,-5.6100900566055278,,0.3617163122308835,0.265625,0,1
0.22765767311120708,0.9715293483682369,-0.065595038934202113,-0.97110015111379078,0.23148258453285547,0.058140429691929889,0.071669242917472356,0.050463237283968176,0.99615108357239568,-14.660878715486062,22.380444675172392,-4.8447852376989209,,0.2659838060996254,0.2,0,1
-0.095711049664063935,-0.96357836499910665,-0.24971209317502177,0.99439872032223919,-0.10385687325016504,0.019619757903499645,-0.04483949145224414,-0.24643555827913063,0.96812134343890854,2.7656449364425515,12.187051513523317,-1.2142849319498277,0.4257412662198262,0.4349853256184291,0.9,1,5
-0.97531343871119891,0.083570036120705363,-0.20440094259107655,-0.043786802038966108,-0.98043296759881804,-0.19192162987161082,-0.21644032026527998,-0.17823368118332519,0.95988871368263529,-7.1741679307964796,25.102788701231951,-3.4809627062613089,,0.5683351662690146,0.1428571428571428,0,1
0.97161614610235758,0.11068858578047971,-0.20906960948717013,-0.090631846234988891,0.99052090821705097,0.10321917860990953,0.21851300437556972,-0.081341055825360872,0.97243801836208377,-4.2962491105043483,19.517249900492057,-2.8291144324246122,,0.1289903454595135,0.7142857142857143,0,1
-0.51231069023188935,-0.82382061378331417,-0.24260534408748657,0.8480854024211244,-0.52979704656552562,0.0081387745173921583,-0.13523648499692553,-0.20158046967930462,0.97009092737204106,-20.605865068635751,3.3588809183520381,-5.2930878713957652,,0.07736013429449079,0.3793103448275862,0,2
-0.71840432894011741,-0.64443135357778736,-0.26192260438152432,0.665731299943504,-0.74612736006282765,0.0097876882463714607,-0.20173511453297369,-0.16733855829299074,0.96503924815148923,-16.82779076566727,7.5724641778672535,-4.756983774757229,0.3137995083595342,0.2460907166718344,0.6228070175438597,1,5
0.65955304198412823,-0.68025546499429645,-0.31975347872208887,0.74048177071935029,0.66110954728296101,0.12091697037080879,0.12913764765481589,-0.31652277775337595,0.93975358425571798,16.137841393028662,-3.0759442153513867,3.067342222090061,,0.2101490824256113,0.3,0,8
0.57787249045915667,-0.76515125570149523,-0.28391361480027022,0.80853394119400079,0.5840812957337671,0.071567492000623067,0.11106867563731605,-0.27091067877141378,0.95617527337815222,-2.8378101261352136,-3.7830144607189364,-1.3999489088713801,,0.07100761226765943,0.2096774193548387,0,5
-0.95513645885012566,-0.17083172132116678,-0.2419315356990254,0.21171542498094531,-0.96505788290464078,-0.15440162391875839,-0.20710124046074513,-0.19869525820728373,0.95792967934267537,13.09103855559909,-8.3603498969200025,2.8385297366388711,0.4959415293698252,0.2485319397498877,0.5,1,6
0.79814781451687711,0.59756292953807633,-0.076672103295817598,-0.57658978897199797,0.79455552422435261,0.19033059180749379,0.17465474924879384,-0.10770359402748031,0.97872143861182714,9.0921088449477114,4.748374880626173,0.63977854208075946,0.6324063769866688,0.4451778610970918,0.5,1,6
-0.90836877457381271,0.36112837498394246,-0.21083753499015209,-0.36609091326997595,-0.93043432060930931,-0.016413965195684981,-0.20209802720566461,0.062275772285433767,0.97738330023887177,-13.066277231717333,-7.4247392992613603,-3.0015055697964259,,0.09092262050239415,0.3421052631578947,0,2
-0.67117268697645993,-0.70369173488719927,-0.2331204978294304,0.72237757410978554,-0.69145884032023797,0.0074372418443707719,-0.16642675470025556,-0.16340934610490951,0.97241941616028282,-18.330775070799838,2.5719259154898602,-4.7696512992453357,0.5509574128662581,0.5377838523267522,0.9945750452079566,1,4
-0.61466841859951005,-0.73742983016691366,-0.27996424906829148,0.77492951739059246,-0.63078889709196773,-0.039869918262776999,-0.14719707284168035,-0.24145934002538386,0.95918215624632275,-20.226500895989123,12.283622265842927,-5.6212670231658688,0.6591975316551495,0.4587598508204321,0.8850574712643678,1,7
0.84467601884380195,-0.47337713718459123,-0.24987298609714809,0.50118406230212842,0.86335318783899384,0.058615772131597452,0.18798127269630141,-0.17474369527730516,0.966502810175072,-22.164358649398334,3.0363950975279663,-5.5800802919500869,0.1929155824532227,0.193228429091353,0.5172413793103449,1,2
-0.73798660942047611,0.65347768107285775,-0.16835285758106375,-0.65786220931933448,-0.75226725283755391,-0.036211791694473611,-0.15030993934385678,0.084029165459856683,0.98506143031110827,-21.833925541091659,1.5369886839952904,-5.4396429971101083,,0.1481658925206976,0.3333333333333333,0,1
-0.49351916297440879,-0.7226949879548713,-0.48389129994446745,0.86010471837719482,-0.48810743853120853,-0.14822618485203054,-0.12906862206719596,-0.48934965294297528,0.8624837435930397,-8.8805704688602276,9.4157183415361665,-3.2730483218780879,,0.2046402900800121,0.1645569620253164,0,2
-0.19153198756807754,-0.89237519409369437,-0.4086343239431357,0.98044463465672949,-0.19313485843963094,-0.037778893953327015,-0.045208584484086489,-0.40787919709363146,0.91191597445554196,-15.950122559150019,10.196766174782656,-4.6753306975724502,,0.2392488868034702,0.2894736842105263,0,2
0.29948218056786646,-0.91675984393653098,-0.2643138514489598,0.95293882591511336,0.30108467797030658,0.035434598276853441,0.047095834060359672,-0.26248696203237198,0.9637855452211217,-1.1880909869015528,-10.347438770912847,-0.23025555782006943,0.1571586932164139,0.1129544641419846,0.52,1,5
-0.74435436321408621,-0.56186396661525206,-0.36089536569970937,0.62914191844430956,-0.77122285566877513,-0.096931694250711173,-0.22386832831011536,-0.29920593228322651,0.92755527148852945,-9.9833606702231847,4.4391100845881688,-3.2660963579180837,0.4750390411181231,0.4586200710316059,0.6853503184713375,1,5
-0.7520805286292449,0.62864407762266805,-0.19794317903555145,-0.64121601570930931,-0.76736004904918831,-0.00075915815613857582,-0.15237092785250853,0.12635338853062886,0.98021320209033802,-13.426742046816404,6.4290891823718663,-4.0433197407128434,,0.07768483896312584,0.3939393939393939,1,5
0.2475655566865369,0.96820454302813019,-0.035934078563043058,-0.96509672154827697,0.24970202848517259,0.078976040842510517,0.085437773843031237,0.015128113896976381,0.99622865195228516,-15.137248740864489,10.158386460275212,-4.542552248536083,,0.1488156758329154,0.2244897959183673,0,4
-0.18013933008182087,0.96845902194728584,-0.1721538398252517,-0.98339955440976101,-0.18119380911585287,0.0097015423913214202,-0.021797663736178502,0.17104363872121497,0.98502230203617758,-14.438034559425859,4.2360546493004332,-4.095949049189259,0.6250189709075433,0.5849417099028601,0.9683666881859264,1,5
-0.6130890828943123,-0.75217145061181268,-0.24157790735150481,0.77357130582630296,-0.63363558354261285,0.0096634399051608103,-0.16034092190703894,-0.1809531877396299,0.97033331005838763,-4.6824149047755972,-12.665524022714147,-0.69015061810089817,0.1921371000375486,0.1293765416035689,0.6190476190476191,1,5
0.53342726703790388,-0.7653866960747302,-0.36005354636815201,0.83912537553114352,0.53240402218981064,0.11142065022172119,0.10641407294240815,-0.36156488024685424,0.92625422128694657,4.6053209303197651,1.5027864314308517,-0.17528540675127549,,0.08909231487714446,0.3636363636363636,0,5
-0.94118075761037889,0.30956815709538082,-0.13544865306278356,-0.26939702059899767,-0.92941048091192624,-0.2522328354188742,-0.2039706518015178,-0.20090722755448884,0.95813999974953157,1.3473756047790153,12.629171601471176,-1.6181367667571045,,0.4877834120375309,0.2236842105263158,0,1
-0.89149125604571822,-0.30383477257160452,-0.33604727549913105,0.39096971556106552,-0.8907226710073074,-0.2318529811490633,-0.22887992901984025,-0.33807921309948885,0.91286166737458296,-15.29815542586522,20.603368720204227,-4.9013693156210696,,0.3720089460834048,0.2380952380952381,0,3
-0.9247768700401845,-0.29900335675292172,-0.23533961266468406,0.31864240403495603,-0.94658335203968436,-0.049466918158887409,-0.20797778484612831,-0.12073504168964022,0.97065353794167852,-3.9238297564293561,-9.8759853762389707,-0.91887388857480934,,0.08798581154233685,0.3333333333333333,0,5
-0.30094290285974856,-0.92004558852092944,-0.2508973580202149,0.9501811647853905,-0.3116814235640743,0.0032317630096846323,-0.08117341501641126,-0.23742536774373565,0.96800830133130855,-3.3689055415279383,15.055466796158868,-2.5206051023853355,,0.07972842242787198,0.3333333333333333,0,4
0.97289894906691132,0.099101349277578826,-0.20891758536767946,-0.090439113261964743,0.99461370751087319,0.050639309077667193,0.21281071800284834,-0.030372609417653188,0.97662126891660195,4.9324085628754526,-6.4472885801747104,0.73716216787358502,,0.08191218008545151,0.2,0,5
0.20886447994694343,-0.84518453944216554,-0.49197431163062499,0.97780922585474694,0.18885534440052967,0.090679527594149212,0.016271043292721062,-0.49999675316875003,0.86587441350976235,-12.865001135123315,-4.5515526301520444,-3.2115302525961593,,0.4102667008130676,0.3186813186813187,0,3
-0.64481931312947138,0.74344864787515141,-0.17746030933097465,-0.75465618610070984,-0.65608838063372721,-0.0064867231591992664,-0.12125219253756662,0.12973875585198968,0.98410658011965868,9.2838621130688406,-7.235724944881345,1.8210307445290621,,0.08570203022872135,0.2105263157894737,0,5
-0.59582728918318217,-0.75176393091740079,-0.28256120334581936,0.78969127114837878,-0.61246408400421526,-0.035713331921493341,-0.14621059379086637,-0.2444150935938583,0.9585842291039568,-14.714046844974897,15.123145087542612,-4.594566060099301,0.6630760896160153,0.7485773671040986,0.6451612903225806,1,5
0.63617180623160807,-0.7212903435986896,-0.27390814735472568,0.76337965314429679,0.63995679947963979,0.087788381720305911,0.11196846931751545,-0.26494439988620427,0.95774084534785942,-15.318053516086342,-4.4900798802350881,-3.6554622009338242,,0.1214079658769156,0.2916666666666667,0,3
0.58442624764582141,0.79589355968552511,-0.15811199421209846,-0.79612090926664214,0.60008920877649385,0.078002816221306531,0.15696324057268329,0.080289371408073198,0.98433538895430184,-2.3679649012267032,13.348703307190075,-2.2721756653106024,0.3559733500828726,0.2960879881957671,0.6136363636363636,1,5
0.45431257625635968,0.87522816458179176,-0.16605945615380577,-0.88275332832580655,0.4673599358157236,0.048179370315871169,0.11977747862190298,0.12470104376913274,0.98493807180851156,0.32202685245460766,-8.2433958629917274,-0.16996569045851589,,0.08419333296304241,0.25,0,5
0.33677662667350589,0.91883353551098146,-0.20573390033439878,-0.93563453660629892,0.35108727385487543,0.036410713350174109,0.10568593868595205,0.18022946528673403,0.97793037697298657,2.0720540538902741,-4.5037650949644448,-0.21615945574434195,0.4655851075740242,0.4207544758709822,0.9250493096646942,1,6
0.76017949312598221,-0.51638339476941097,-0.39430359855971836,0.63074621520278462,0.73211181903596279,0.25723820951642523,0.15584078489948483,-0.44425271415521189,0.88224326335067027,-7.6112932412105661,18.873047961854684,-3.3887360798803585,,0.09177194160108476,0.1428571428571428,0,1
-0.71691105854396153,-0.62975763688581177,-0.29907165181838258,0.6750150843681002,-0.73429367421626501,-0.071884879366289026,-0.17433637031011162,-0.2534129412440837,0.95151915965844858,-17.313294384272531,17.71913147682103,-5.1488369589583201,,0.08376429391469647,0.3333333333333333,0,1
-0.65010833149494074,0.74023467300211854,-0.17149864782647603,-0.7496852514285649,-0.66164689730254467,-0.013978808261227044,-0.12381914678817849,0.11948226720045664,0.98508517738989709,-23.053045605397699,3.9049548648078942,-5.8477745619530772,0.254646438546471,0.1235889009854476,0.3636363636363636,1,2
0.90635592566997059,0.37808525337176196,-0.18860137111310174,-0.35929606074367804,0.92456846386179548,0.12680495402907432,0.22231796314514604,-0.04716669179676574,0.97383264807046965,-12.095682074030998,11.83124598887129,-3.9961117249466884,,0.2959600046121637,0.2093023255813954,0,5
-0.75945831332044444,0.61947929311415817,-0.19866674540861223,-0.63162271880347554,-0.77527054919042671,-0.0028838601355825359,-0.15580696845704015,0.12329225831640389,0.98006285901439494,12.324734994957078,-3.248782087524102,2.1756721671666339,0.1700144608781733,0.1390609750745669,0.6379310344827587,1,5
0.95917799424740802,-0.16715903971428353,-0.22811275894460195,0.18738291180339953,0.97979455168127494,0.069930543110781535,0.21181411594980851,-0.10982027106817781,0.97112012045210616,-16.21232176367073,13.65021405511102,-4.8444278378537851,0.7640978550265148,0.6984615238274847,0.9262295081967213,1,5
0.95529124823204381,-0.12314479556653549,-0.26880102376318948,0.20899511256198705,0.92432400212832122,0.31929012201238616,0.20914032125935189,-0.36119315942353925,0.90873529017485388,-6.3669330795710914,14.205230180817294,-3.0342349290766872,,0.208334696648756,0.4054054054054054,0,3
-0.96012450643031499,-0.1693049507745687,-0.22247868615929442,0.19556836736069003,-0.97540080334465717,-0.10171669736318152,-0.19978474876681435,-0.14117048727627082,0.96961690769208564,17.924660233201553,-5.0874871149763878,3.6786867836702939,,0.215334054165753,0.125,0,4
-0.87469522774517772,0.44578387505780204,-0.19022354033678951,-0.44864616084267822,-0.89319901660840562,-0.030201640533318853,-0.18337088351463535,0.058925830229433603,0.98127614136431285,11.337308924934481,-3.2437660806764272,1.9260776022690718,,0.1132576645212316,0.2432432432432433,0,5
0.28998743033080604,-0.92127921456972695,-0.25913683461044884,0.95564818567225529,0.29329906124870847,0.026687185912963839,0.051418240649234871,-0.25538259430198762,0.96547185099107058,-1.8493986181105559,-7.5984455127544672,-0.73674132766538636,0.2984484648650844,0.207162805790974,0.6992481203007519,1,5
0.54356679127266949,0.82910134611067732,-0.130866731077837,-0.82171802486220047,0.55743371135993169,0.11852065244529512,0.17121516008257057,0.043111661032220527,0.98428997436778998,-13.195545108264156,17.695351780783479,-4.4059353501846816,,0.3019053891342592,0.2105263157894737,0,3
0.97205847659386602,-0.038820794060829673,-0.23150650969356673,0.048107188113303917,0.99824268011524375,0.034601301249589649,0.22975642871058485,-0.044771615392124403,0.97221781814639474,-11.33476816822767,-12.462691100065182,-2.2450392446326322,0.3912138905399601,0.4229109124190494,0.8349514563106796,1,5
0.8640620726587418,-0.4465655638300588,-0.23232720846646762,0.46974018644966714,0.88119698348851672,0.053254422586033613,0.18094444403438265,-0.15514855298030183,0.97117868318925105,-7.4226296184606486,0.62101123253934409,-2.619042062206645,0.08852851239373842,0.09182775094727436,0.5429292929292929,1,4
0.88503068362768322,0.44433267300254831,-0.13888543746529591,-0.42539523252501366,0.89308209171174324,0.14643521983719571,0.18910204965178387,-0.070518459754795482,0.97942205491366507,-24.269538194236713,1.2796121645821747,-5.9053624939087674,,0.3725777864600209,0.24,0,2
-0.173461241529272,-0.93364576370149777,-0.31339557369141474,0.98304943043061166,-0.18332921297339225,0.0020535336878538995,-0.059371836902474891,-0.30772713171380262,0.94962044912165955,-3.3147097585295731,7.413751316821501,-2.2199385608308186,,0.0744957537250555,0.3152173913043478,0,5
-0.96213844510384217,-0.14959355008439482,-0.22784069484249381,0.17125480448057931,-0.98210543876530698,-0.078362612832422934,-0.21204104412938848,-0.11441449611283232,0.9705400139529371,-7.2445012222935699,15.435664646500168,-3.1762286429044368,,0.1456243326566601,0.1764705882352941,0,5
-0.87808864587077562,0.4542002535595181,-0.15054055818714848,-0.43335234282703983,-0.88826260443330252,-0.15230000831149992,-0.20289425068035954,-0.068495804483461667,0.97680205149713917,9.1423057614999603,-6.2321956704812491,1.6806882112464991,0.3624852736754808,0.2229563311879978,0.3548387096774194,1,5
-0.17202252018766923,-0.94247723614390611,-0.28660933672653954,0.98478419893980962,-0.17181373689385052,-0.026079135972043057,-0.024664429179702414,-0.28673454477114313,0.95769252203832356,-9.8311864898590606,14.873341345811268,-3.6551080754403071,,0.1495221949849,0.22,0,4
0.39977227679813371,0.89713803645093715,-0.18795071230669338,-0.9098157040629351,0.41330361916044622,0.037623171441847007,0.11143388777253578,0.15595980873877072,0.98145760311592889,-5.7145938984925415,0.36497442634914351,-2.2835716946721676,,0.08356828786107623,0.3436426116838488,0,5
0.93898560935909159,-0.24148844538140016,-0.2449272466750258,0.29214016743763815,0.9357965684833307,0.19732943263570873,0.18154929905136849,-0.25684258440160668,0.94924798596144488,-8.1574688017495394,13.240248808936737,-3.3218693339108514,,0.5495903003741371,0.3964757709251101,0,4
-0.2415009617676748,-0.88912360022560444,-0.38876279269902886,0.96700328431721683,-0.25399252668132982,-0.019810212259094968,-0.081129116752276437,-0.38071908267368743,0.92112488105745038,6.1295819944982508,-5.1084811693145591,0.79481586495342149,,0.1253751861783873,0.2857142857142857,0,5
-0.95427900718669112,0.21035079317049515,-0.21237730635669624,-0.21502094114505982,-0.97660878191128919,-0.0011322379786252636,-0.20764770962347548,0.044585097356527943,0.97718708433023882,-13.116388070624582,11.924535637826303,-4.1887357425414509,,0.1356172601723789,0.5575221238938053,0,5
0.2673010243987009,-0.86522705648573384,-0.42418427962436139,0.9629663153257324,0.25597374796061678,0.084695430236688546,0.035299262079939227,-0.43111434803312687,0.90160655555324387,19.934934278515382,-6.692089533395829,4.2936148131204748,,0.2007040401106259,0.5714285714285714,0,5
0.16062903624127639,-0.94707121609271805,-0.27794680132150951,0.98690455689171053,0.15832100224995982,0.030884556544409528,0.014754941632393607,-0.27926792135014034,0.96009984887104149,-11.057888635374136,-6.6861815602105503,-2.6591874365563801,,0.07126254413247693,0.3043478260869565,0,2
-0.66207954616833919,-0.65971473888763532,-0.35556594021355148,0.73091583192706389,-0.67323407256639511,-0.11188355631653843,-0.1655678748546833,-0.33396458918586996,0.92793045643842242,-13.01770807378953,8.1522163257279825,-4.0184724708266781,,0.1097547337956875,0.1066666666666667,0,5
0.23943135755771694,0.9633990873667253,-0.120560455701819,-0.96769711457269247,0.24688989576086104,0.051065387679694832,0.078961506227749959,0.10443935001785865,0.99139169993605125,-6.4450543363458861,21.861489148316032,-3.2754207862959701,0.2322280273205742,0.1835784700008159,0.3636363636363636,1,3
-0.43397290606072242,-0.81055850966526899,-0.39327143198359726,0.89302060639895198,-0.44471759859222926,-0.068850955325319291,-0.11908699908915177,-0.38107894183696195,0.91684084046052494,-7.8884972700840992,-4.2969528020746752,-2.2850109173766451,,0.08484474124075927,0.253968253968254,0,5
-0.74857989410496362,0.65250219950643218,-0.11776681103379098,-0.64794111542048816,-0.75759095575564128,-0.078919292349253878,-0.14071408276876313,0.01722856339110523,0.98990036039695606,24.08025867324378,-9.3716935040307572,5.5735189267929899,,0.2933973065250893,0.1666666666666667,0,4
0.42836214876078305,0.90360713750431898,0.00010276329763129308,-0.89361631794252827,0.42360905105350083,0.14834166027246304,0.1339990515484458,-0.063635783304703264,0.98893616642699123,-13.713391378251528,10.262860616095208,-4.2416525558372609,,0.4082398484747362,0.1304347826086956,0,3
-0.64060853483198144,0.75744292082876308,-0.12609887702439793,-0.76056654735256846,-0.64849518310561738,-0.031504357428862012,-0.10563726685510026,0.075724627270156109,0.99151729620626416,-9.3136883426801127,-7.8514451632854758,-2.2200721871678915,0.3202762900283465,0.1690091884697609,0.25,1,5
-0.9566196909879997,0.19462372984110582,-0.21679568860279194,-0.20129518573972077,-0.9794901328940111,0.008906613345288859,-0.2106157995308848,0.052160170110989508,0.97617636810258701,5.9803121521484526,0.30148306977159745,0.28467384707129706,,0.09275475908876404,0.3,0,5
-0.76683068268322652,-0.60081805885422912,-0.2258060323601091,0.61501546375954863,-0.78845977507513731,0.0093360818919498555,-0.18364826008488608,-0.13171500766086566,0.97412754469047524,-9.1948423901323952,17.188521173981208,-3.5748859676880853,,0.06641454726427912,0.3181818181818182,0,2
-0.86609673399653386,-0.40391214075299564,-0.29450200324084302,0.45685182170816951,-0.87871236723565571,-0.13838709719131032,-0.20288632374426893,-0.25440038958193906,0.94557790869821701,-15.105225762123474,-8.6684783925814681,-3.3322314886717828,,0.08087170302914233,0.3448275862068966,0,1
0.85728127587185843,0.47026971915623011,-0.20955955068724216,-0.46017460639147506,0.88243215409219811,0.097738554606941572,0.23088556834927856,0.012644550957765887,0.97289874584105973,-11.260682070980303,21.134273271103872,-4.1182077130983679,0.8134290250279004,0.6635143317877941,0.7295081967213115,1,4
0.85725921816222583,-0.45279965856883481,-0.24511038753148728,0.48214211242149085,0.87300074709643682,0.073543721681770771,0.18068097936869837,-0.18122407337053661,0.9667017217970385,-0.17854511004895082,11.655060730827271,-1.8359746535813859,,0.09834811592626316,0.25,0,1
0.12601131799259843,0.98448849280803463,-0.12208011822706707,-0.98907049030904315,0.13417727407734273,0.061123026111315738,0.076555293334942862,0.11304364931184822,0.99063637143639283,-18.240784270173407,10.350759728811646,-5.1219143440343871,,0.6108284523004992,0.7551020408163265,0,4
-0.97149135766525052,-0.08485024055580255,-0.22137068157131948,0.091958003375384179,-0.99552021391820078,-0.021982477009480091,-0.21851376981083109,-0.041712592317931507,0.97494194291002656,-17.621535579267235,-9.42272744757609,-3.7595824065998515,,0.5077894518560577,0.7333333333333333,0,1
0.92103771629062126,-0.27706015448068888,-0.27372832511323281,0.32673354148139155,0.93217517229296254,0.15586738283430293,0.2119781074573191,-0.23299596339791839,0.94909333734838264,-6.2225988105959953,-7.2323202074633848,-1.6860206514120915,0.4216911399596763,0.2795592414534214,0.1304347826086956,1,5
-0.28091908802937016,0.95801726309651514,0.057335761875202854,-0.95968254202415482,-0.2810061891854515,-0.0067037432474002833,0.0096894021902191058,-0.056907339144729036,0.9983324447480727,12.250090417403793,-4.3890178238861317,2.2551276729105041,,0.3147436382674015,0.1818181818181818,0,2
0.26586393556824184,-0.89683163609943861,-0.35356666168541939,0.96265090958965849,0.26646048395639849,0.047979545182578798,0.051181969778145958,-0.35311729918106227,0.93417802317797183,-12.329464956281734,8.9560279267285381,-3.8827206046071936,,0.3326633008620066,0.2924528301886792,0,5
0.49394893400802942,0.86280003075384781,-0.10765945162172071,-0.85969940905076636,0.50315795256225215,0.088028409341102579,0.13012062353867554,0.049073227981462859,0.99028301087385351,-1.503851859535924,-3.1754960562847145,-1.2436325341909671,,0.08723127514079815,0.163265306122449,0,4
-0.79520965625767948,-0.52227699869953004,-0.30800704411418167,0.56870246491912568,-0.81862909724860411,-0.080149282796839666,-0.2102834016023501,-0.23889984882236323,0.94800197955658205,-7.1820021078092608,-5.8405580384996156,-1.9945806341553844,,0.5168818100525906,0.4285714285714285,0,2
-0.086901204986509259,-0.96256446052817313,-0.25674469790046339,0.99518601799167195,-0.095600316587600737,0.021572414381119755,-0.045309713812524917,-0.25363406473984929,0.96623847524188855,6.5409287623014993,1.8287779099901806,0.32041970447875595,0.5813277315966643,0.3819162503673561,0.8409090909090909,1,5
0.53680722617303356,-0.80597876099393506,-0.24947191977273636,0.83729348827622729,0.54529036374793416,0.039975413617282761,0.10381529954029325,-0.23034030483249485,0.96755657589157673,-3.958135793082473,-8.1893599850885295,-1.1427724268827102,,0.08798462282225347,0.3870967741935484,0,5
-0.33253292991978844,-0.82355950536949341,-0.45953410279816664,0.93835082092386746,-0.33772209493114042,-0.073766682634002156,-0.094443567226491665,-0.45573405370992059,0.88509145566921954,-9.5696592871528523,23.682413891515278,-3.88833663824447,,0.6167248692627485,0.4655172413793103,0,2
0.92039762107338974,0.35009692506730128,-0.17406999218953817,-0.32067227388316066,0.93065477448878864,0.17621289250172945,0.22369066114849015,-0.10636650685080944,0.96883881752090673,-19.113644563462515,14.829797935542397,-5.4218488997354726,,0.1356990457447901,0.5,0,4
0.71525191908800478,-0.65230825533309023,-0.25081593303700905,0.68372506499630581,0.72743952708871573,0.057894472315949172,0.14468838148491026,-0.21289827254640825,0.96630202204591897,2.3521975193999465,2.1161948606984837,-0.73886303051571367,0.3340330075701897,0.2909556864900222,0.9246861924686193,1,5
-0.9737954837129581,0.12162648381613897,-0.19217011821500324,-0.072743398235708939,-0.96716601618108422,-0.24351241273810206,-0.21547796618997242,-0.22315218031409234,0.95066942230604012,5.3937422329926772,3.2452503217751705,-0.13760919245051034,,0.2233414470541838,0.1296296296296296,0,1
0.11856789232285399,0.97718544481818193,-0.1762108434393532,-0.99179471512278672,0.12509372710831898,0.026359106446540874,0.047800606320702002,0.17163963957559916,0.98399945943162581,-13.932203526927976,-0.23922730050323437,-3.7117149838579127,0.6284565426745545,0.4756070067186945,0.8613333333333333,1,1
-0.86900056087179411,0.47448220228093024,-0.1403733055931477,-0.46021808527249952,-0.87925092365349844,-0.12295172728589873,-0.18176176493592733,-0.042242786048151938,0.98243483643154106,2.6824722926342353,-5.1022956956821153,-0.042114531010660324,0.5369738949616075,0.2291654783873448,0.5217391304347826,1,3
