axis_00,axis_01,axis_02,axis_10,axis_11,axis_12,axis_20,axis_21,axis_22,location_x,location_y,location_z,dbh,dbh_approximation,score,reconstructed,number_clusters
-0.90475333353572873,-0.28033722711546194,-0.32067498273049139,0.31821190858674508,-0.94532786944116676,-0.071389078236140949,-0.2831299819686498,-0.16663210480288265,0.94449518524945042,18.515928348557754,4.6118906118754381,3.6424132914964016,,0.4279500591047277,0.7708333333333334,0,4
-0.42570723201728372,-0.8469356737846846,-0.31854876719125136,0.88469346765006107,-0.46348580809937234,0.049983737233054756,-0.18997584295244971,-0.26053957503871711,0.94658771856239077,-2.7330615501795772,6.1002797195715006,-4.016256459650978,,0.07488406971957005,0.3641618497109826,0,5
0.94648245410245291,-0.016643032475569901,-0.32232588097485332,0.1245370421975939,0.9401637015589418,0.31714781946540938,0.29776079190664601,-0.34031635832120433,0.89192112154725922,18.711756004134649,-5.5548231118356162,4.2752679930450821,,0.2565257689403321,0.3333333333333333,0,1
-0.90850250022863765,-0.25632115320817223,-0.33003435199437681,0.2822067925198497,-0.95881364600334995,-0.032182580589847021,-0.30819236417207679,-0.12237589082738573,0.9434201651492462,-6.1038547900045161,12.54775422329493,-5.7659372598288057,,0.08747102846884214,0.3095238095238095,0,5
0.079858901878358216,-0.91017508452236795,-0.40645279099236475,0.99637766193275035,0.060932230788933665,0.059319626200018391,-0.029225170524884023,-0.40971768178318141,0.91174410370564329,-0.033836088630254287,-9.9109035358612942,-2.0663485201634302,,0.1504898834854871,0.2391304347826087,1,5
-0.414206758715913,0.88175887662386943,-0.22568572070264004,-0.90579252161823376,-0.42366078821829423,0.0071724686640175783,-0.089289802410690206,0.2073953230457867,0.97417375819932384,10.415600881818172,1.9934100378396102,1.006248313404174,,0.1917276353312587,0.4418604651162791,0,3
-0.78745830855535426,-0.52210895532865542,-0.32758457084051201,0.55040131571721851,-0.83486609845183379,0.0075491266097469827,-0.27743071917849504,-0.17435835632809646,0.9447917017177222,-5.6692648176982923,4.5599373150744382,-5.0786118512928571,,0.0854972133375953,0.4505208333333333,0,4
-0.52436787035185461,-0.74804323227505565,-0.40677961992969741,0.82228011932227907,-0.56891621285532357,-0.013774908990477886,-0.22111929339159936,-0.34170991410529034,0.91342246123694393,-2.4106559399880143,-11.538960260991693,-2.7575152384656056,,0.1002751225917559,0.1555555555555556,0,5
0.95145411964032689,-0.061695548625491377,-0.30154388983902497,0.12171835906706603,0.97526305735628538,0.18451723502722261,0.28270072388565126,-0.21226311086919952,0.93542753459509531,-9.8867600069917234,-8.8819478045668667,-5.7621560613590468,0.6257208364854319,0.6708090832503395,0.3392857142857143,1,2
0.23695913229903445,-0.90782474160317828,-0.34598353740201693,0.9713274501482122,0.22846272102409107,0.065785786389172915,0.019322375854492403,-0.35165185003834754,0.93593141957941917,-18.971651171444098,23.715330391985038,-11.666781239813186,,0.1262990211169666,0.1538461538461539,0,2
-0.90330122134380963,-0.28834497189137037,-0.31765402673938603,0.32727611776849586,-0.94189360278746015,-0.075675516294503364,-0.27737564106670098,-0.17231836295944444,0.94518206475250777,-14.253303523581849,20.566510507755574,-9.5102974266324605,,0.4087297874733111,0.8051948051948052,1,3
0.92662437746326154,0.26352269665617495,-0.26818473378975177,-0.210599760404453,0.95466055776389669,0.21040665476051781,0.31147231660038316,-0.13848829480133845,0.94010956180362704,-2.204142655141812,8.7776366220752493,-4.0097068786008379,,0.07823726782385308,0.2325581395348837,0,3
-0.33492984934751452,-0.85888818377981513,-0.38747010694950701,0.92713747939608893,-0.37374423287765124,0.027043348346005688,-0.16804193022909059,-0.3501804337111189,0.92148552540491624,-12.451807992676278,6.8571857023070439,-8.0608533790281385,,0.07444044207356808,0.3478260869565217,0,3
0.93075509876458862,-0.074756822064655656,-0.3579194932921575,0.18552468760456414,0.94006702283158006,0.28610239928004583,0.31508020631729672,-0.33269416907929622,0.88884141074079503,-13.973176088265301,0.5418346760735242,-8.0978114923136353,0.5946735469408893,0.3861544591830842,0.2765957446808511,1,4
0.41563488408323701,0.87040785206663251,-0.26388977659974838,-0.89009965334971441,0.44891186646827475,0.078744798245266936,0.18700334285737216,0.20215911358314026,0.96133315898051019,11.664344265586305,4.6551828215554663,1.218389120884783,,0.07910779598881082,0.2352941176470588,0,1
-0.12193622926223552,0.96560331155652768,-0.22965583098274894,-0.99242146145106491,-0.11506863746715792,0.043114400410840935,0.015205224254909278,0.23317258282765835,0.97231648539600457,-9.1396301581368551,5.5714086460341852,-6.4766554749127403,,0.1034301681210003,0.3673469387755102,0,8
-0.22100855925391977,-0.88550146723102319,-0.40870817005317428,0.97014047243633128,-0.24254211802171341,0.00088584793014843846,-0.09991336485936532,-0.39630855720921432,0.91266469582494147,-2.7563504065206597,-5.5926195721221941,-3.3099575007915676,,0.1911351595460881,0.3888888888888889,1,5
0.024855741890768262,0.95340133955463757,-0.3006793604996551,-0.99741684445210432,0.043927137307619643,0.056833484946495316,0.0673931042337826,0.29849002050885987,0.95203039718191473,0.62703872170222041,8.6582679204809345,-2.910094613827285,,0.07004930130335521,0.2264150943396226,0,1
-0.10674523468015493,-0.9340732706363496,-0.34075296030378571,0.98958854469248148,-0.13308246340220931,0.054804836905314146,-0.096539976623661442,-0.33135507090961258,0.93855412731285259,-2.2537152656686867,14.283346591966643,-4.3835348705975736,,0.08487398083347374,0.2916666666666667,0,5
0.26755381636342568,0.952229933292284,-0.14721789800000024,-0.95641352588428596,0.28100802063419317,0.079420777160897571,0.11699625145684946,0.1195518568715061,0.98591035630204249,-1.8502065088548878,-1.197574900720809,-3.0964462927163048,,0.492008223091619,0.3232413178984862,0,5
-0.90346654182036545,-0.18598201960043415,-0.38621094779471499,0.29315356967084388,-0.9254161391431136,-0.24013736486164286,-0.31274461210449334,-0.33017519258538475,0.89060381191684368,-11.026684131385093,22.106748001765428,-8.2642331280965156,,0.479867879754171,0.4117647058823529,0,2
-0.93168908256988126,-0.15510889825533478,-0.32847630523693694,0.16069449906257582,-0.98695094758044233,0.010252074965328296,-0.32578018876402071,-0.043232589005090985,0.94445656959798641,7.3965269379634799,-18.500357323354336,1.0838245751617994,,0.3285654729110249,0.4722222222222222,1,5
-0.12674145817641122,0.97899732322480482,-0.15968983655194027,-0.99176922094887698,-0.12211715926828441,0.038486514400541065,0.01817732537464295,0.16325330174582328,0.98641671939972331,-24.299185043016081,13.872874933310177,-13.753452017808444,,0.315621737933108,0.46875,0,1
0.88285523955088974,-0.30623154615646431,-0.35607424244974928,0.38310162237882106,0.90814359924176502,0.16884415917326764,0.27166113621248222,-0.28547757056349232,0.91907713701131188,-6.5302393340477982,-18.726542923268564,-3.7954667892020861,,0.3205500373309789,0.4444444444444444,1,4
0.93364574045873661,-0.16698310283073342,-0.316894737558511,0.21245742919506111,0.97042749212315915,0.11459634946795226,0.28838771142869885,-0.1743190348199993,0.94151229519127411,7.5077763239722826,9.4543029068803914,-0.51369417331066869,,0.6877432533220816,0.4552845528455284,0,1
0.17350694415849402,-0.93102023855013294,-0.32108667947897845,0.98483214708713107,0.1636981133144316,0.057520168298158536,-0.00099115716929093489,-0.32619663258125531,0.94530141991859751,2.6948273582136482,4.809432405650945,-1.9035921005601184,0.1016631986514401,0.09463550270982453,0.4545454545454545,1,5
-0.030368118622662223,-0.90060467234883257,-0.43357698453074323,0.99737874317520603,-0.05580532014080939,0.046058754935717289,-0.065676632325101694,-0.43104175016746837,0.89993865878680834,-11.886823131089198,8.9989776388784186,-7.8788610719892054,,0.145647391610843,0.1944444444444444,0,2
-0.48031954537045207,-0.81292066717631295,-0.32932221791543465,0.85316075145617554,-0.5201420754940137,0.039610017363212853,-0.20349414367459431,-0.26193932537593251,0.94338641251172661,3.7271037620316276,7.3920647701425137,-1.7220927015199772,,0.08504584926394101,0.4270833333333333,0,5
0.11663138131455131,-0.93819612675698139,-0.32586062761686929,0.9929582683844731,0.10329263138266,0.05800439249709255,-0.020760494685112405,-0.3303311369523711,0.94363676370740524,-5.0802709816034639,9.8143763864695224,-5.2118230236539071,0.2600061565441467,0.200613630045107,0.7209302325581395,1,5
0.55167332204202779,-0.72184761321989299,-0.417842756352025,0.8240524216524816,0.54909754252220455,0.13938972402855671,0.12881829107620799,-0.42122192735518921,0.89776273914625448,-11.772911663154321,-24.208267083170099,-5.3461905536618266,,0.1406416953415633,0.2,0,1
-0.69108404066018247,-0.55218285017470614,-0.46636568132500267,0.66690333126513712,-0.73591433781761584,-0.11691892123143921,-0.27864456838822249,-0.39182162697763206,0.87683123640774974,2.5954314606822715,-9.0369083078475452,-1.1204978579440577,,0.2829994006750404,0.391304347826087,0,4
0.95171095343735845,0.068199140101215361,-0.29932447009359048,0.011333066026643105,0.96654294480063963,0.2562543608810266,0.30678628183442247,-0.24727234609952345,0.91909660217664146,2.8386515782236987,9.2302722135070034,-2.1923474002518364,,0.09140138292708808,0.2,0,2
0.33083633491021375,-0.80649751618145515,-0.49000926103117792,0.94233209169802201,0.31016056354392618,0.12574042221237083,0.050572210345288457,-0.50335095233371541,0.86260087544908859,-15.316727405909099,11.031997738842177,-9.4320998444466344,,0.7854928732202069,0.5757575757575758,0,1
-0.61864062311427315,0.73174906273461171,-0.28605434557056142,-0.77032283505787691,-0.63654297892602596,0.037626662998154148,-0.15455260988148961,0.24363157670342922,0.95747435767848221,9.6223100714731302,-7.3747816119829679,1.2347982607434262,,0.546495873969627,0.9272727272727272,1,5
-0.89461292960866612,-0.31515231316349573,-0.31677551307621377,0.32349236489730715,-0.94583383819029665,0.027405116080027467,-0.30825378510271051,-0.077957488683963294,0.94810454799454591,8.5735886294675314,-10.668805343964644,1.1381502471071745,,0.3149424466847667,0.8070175438596491,1,5
0.81237335459022275,0.52887136518909461,-0.24565140307934538,-0.49932733350498476,0.8484699943621079,0.17541631247397099,0.30120050924032199,-0.019843078142958801,0.95335434413610487,-2.7488341670229195,11.738060494469627,-4.4760457203779929,,0.2026885950583528,0.3859649122807017,0,4
0.22804960716229131,-0.90883677203250601,-0.34929800811722389,0.97352495519143478,0.21858010972038583,0.06687224576862863,0.015573640956450177,-0.35530051707837362,0.93462238592449776,-8.6857771572383431,-4.1628287763980856,-5.5427476641542963,0.5204354257012838,0.3599398576273866,0.5493562231759657,1,1
0.62720402789734919,-0.65747964334579734,-0.41753517932651424,0.76044299761782974,0.63282081938590107,0.14582269345258317,0.16834950182091596,-0.40897228407025316,0.89688355771471784,0.79958350256385613,-5.4409547887941025,-1.9322109077430174,,0.2475195775554337,0.2916666666666667,1,5
0.61181558298105732,0.77747746356046354,-0.14563820267065303,-0.75056960242391257,0.62872972696280327,0.20333273801945734,0.24965368881464484,-0.015090529774263539,0.96821759515739714,2.8046256507784908,-4.9330223848802923,-1.2770339556497674,0.3148421650001011,0.5178427067875906,0.4647887323943662,1,2
-0.87778180492008961,0.38585437500705855,-0.28392869569513685,-0.406656948968736,-0.91344345345262956,0.015848760202991238,-0.25323749486730479,0.12937333045278446,0.95871440615069814,16.168616415748293,3.5471077901049934,2.8607390644822832,,0.08040225851493542,0.4090909090909091,0,3
-0.61959005681280221,-0.70361773737402156,-0.34789400850168756,0.75636292186958387,-0.65367424212739034,-0.025002311894881921,-0.20981728222340404,-0.27862531261865936,0.93720042853625485,-5.3885765721226564,-10.650296507803725,-3.8895526474998556,,0.1536462623122692,0.4318181818181818,0,5
0.44276721738396191,-0.75346120627342628,-0.48605905181475378,0.89300420578770123,0.41930424048535259,0.16348529706514678,0.080626792417541074,-0.50643870759648257,0.85849819789703907,-11.531201764570046,16.440848667296478,-8.2223930171569322,,0.3077898313963497,0.2173913043478261,0,2
-0.94177230046202609,-0.12020236176942009,-0.31403236506372662,0.13673132719638165,-0.99012100944093073,-0.031063335731846185,-0.30719615597461541,-0.072192651209986997,0.94890396925384068,-20.781572417900239,10.148044387606792,-11.912385219759063,,0.1031064483752025,0.3636363636363636,0,3
0.88076556243280768,-0.35179014710563783,-0.31701059356402295,0.40343950861971634,0.90796213982317098,0.1133195284688864,0.24796892328899281,-0.22770253632123327,0.94162782883460672,8.9553603121873735,13.569366986626934,-0.28154178337536823,,0.1403549023738868,0.2222222222222222,1,7
0.86498548817333765,-0.35450476011833215,-0.35514290124255155,0.43333350587889108,0.88458432916638019,0.17243154373830349,0.25302604200406342,-0.3030461015203943,0.91877139834729782,8.1330489284988108,4.6396038138894307,0.032287099450479841,,0.07625364227118278,0.2647058823529412,0,4
0.6906185981981886,0.69345106763399922,-0.20535717328604619,-0.67378632436246977,0.72010634088723391,0.16570711184530115,0.26278877625363106,0.023926441675799624,0.96455667768351128,7.3980606962635518,-14.824489214687555,0.95670737136284756,,0.2364331049168138,0.1,0,1
-0.69403537547575322,-0.56794518136179384,-0.44244001690189705,0.66762597314088989,-0.73770935382354763,-0.10030189065478716,-0.26942616349551385,-0.36499750718212376,0.89117134277024712,1.4735914770291514,-9.0490721736291686,-1.5319632034276216,,0.1364931531319289,0.5897435897435898,0,4
0.7146593230019237,-0.53350267568807552,-0.45236815436112959,0.67206147280536743,0.70299908204660044,0.23264923686166616,0.19389540690050147,-0.4702841541826594,0.86095144201493035,-2.6298843016289322,-16.505914411909881,-2.5809219044070857,,0.4458976585352469,0.3636363636363636,0,5
-0.69280384803527972,0.69323604151536411,-0.19861172898803445,-0.70908266917041451,-0.70501157533039616,0.012666764871611428,-0.13124250999454615,0.14960771836459696,0.97999639498116009,4.7947443301687587,14.115389072430846,-1.8212582927503167,,0.7610622881234239,0.625,1,5
0.19872013369997699,0.94184361350815227,-0.27099984530654053,-0.97240367414829554,0.22396838687879661,0.065339545313725433,0.12223503166096811,0.25053696208906057,0.9603592180335575,-0.44420282992904603,5.6316687983718046,-3.1092977433317728,,0.06523033923216009,0.1397058823529412,0,5
0.77950389169316314,-0.41883857315748718,-0.46577669807603478,0.58785282748043854,0.74595151904228696,0.31302617216737361,0.21633940015278613,-0.51781326834478136,0.82768755159639062,-13.116200823131097,-8.3711438182914595,-7.0681474505990369,,0.4060375363502953,0.1764705882352941,0,1
0.18863153032176086,-0.8545323195492478,-0.48393456232661713,0.9798436634000115,0.13077166420336725,0.15101379783426563,-0.065761242866276229,-0.50266617818117187,0.86197573762224811,13.832535937139038,9.5551245887058158,1.6748330915256888,,0.3348394028659021,0.625,0,3
0.56193886027547035,0.79328385406086666,-0.2343617805842981,-0.80275834010053293,0.59133856742366242,0.07679678428402556,0.19950880860589032,0.14498077653147007,0.96911135052943731,-9.2764332433225327,-12.976296092564956,-5.2123764687281566,0.07117090035618651,0.1839734704856729,0.45,1,5
0.48122778022826262,-0.70444140449376724,-0.52171077348606487,0.8646410965037018,0.47940062823524615,0.15023585419109547,0.1442761164346196,-0.5233902418678632,0.83978988856978043,-5.6773589411734253,26.019388741723056,-6.3561218454176851,,0.2060791486212663,0.3125,0,3
-0.84984560058483616,-0.42182333509834685,-0.31595494794844936,0.43385398267208852,-0.90030294680449485,0.035004652472358032,-0.2992209499452983,-0.10732976260875253,0.94812823245180433,-12.49274694635784,12.168432861711016,-8.3544726870045061,,0.06871408651302299,0.2558139534883721,0,2
0.72804231993140633,0.64479627311677534,-0.2327920672265589,-0.62798185356305947,0.76348581469038646,0.15075875550714438,0.2749421247906581,0.036430439762317753,0.96077034252433302,4.3909091190017504,9.0000982729212993,-1.5667075611979946,,0.4501457504299265,0.2352941176470588,1,4
0.62115430081693668,-0.67841685578617728,-0.39232372393448423,0.76802916105188934,0.62654595458202489,0.1325570615653186,0.15587989719830794,-0.38365444944910781,0.91022564294099551,5.3476181112223795,-3.7649441480564292,-0.43611138304491393,,0.392022566330599,0.2435064935064935,1,6
-0.88420214892105775,-0.28446461006122348,-0.37049486564067241,0.35283158065322939,-0.92651764510282808,-0.13067107180571202,-0.30609873494859052,-0.24626193156033277,0.91959699082100443,-7.7842919697296846,20.763507332561751,-6.8947651603168474,,0.282982968669872,0.1111111111111111,0,1
0.94618382908495358,0.13269929167044786,-0.29517293163211705,-0.099462495567296944,0.98716318778995471,0.12496420546661142,0.30796651368884648,-0.088880474022911687,0.94723644766436299,7.9783655385337715,5.5923629604465566,-0.064733215449241849,,0.08569040809777062,0.3333333333333333,0,5
0.94618511930141103,-0.089075278159979274,-0.31112588261553775,0.12739996714879689,0.98626994481327146,0.10507542209533281,0.2974944846262878,-0.13905822801527851,0.94454213290789235,-2.4425443950963692,-8.8514459762367164,-2.9873832681773109,,0.1532348012581177,0.375,0,1
-0.26517014134206812,-0.86064629653413516,-0.43470995894125336,0.95056970591639123,-0.30888867707717471,0.031702040431798854,-0.16156122781983973,-0.4048156832875815,0.90001235115400247,2.5951116307604214,-14.007459773362653,-0.86685989904621097,,0.1747454196533538,0.2916666666666667,0,5
-0.69187857798556329,0.71022416917947928,-0.12994484536907722,-0.69573221525468931,-0.7039239214334303,-0.14299579535981002,-0.19303035507784144,-0.0085289124219039038,0.98115571632204357,10.418900779982906,14.472897296903525,0.16601841841976903,,0.3184054773048625,0.2,0,5
-0.71841171621547306,-0.59000609001038729,-0.36847987700143614,0.64457957855989145,-0.76379251336718579,-0.033736677782352294,-0.26153732603185237,-0.26175142841041449,0.92902336720731415,-22.689066690521834,12.583183816560481,-12.881928176933172,,0.779845857229915,0.6557377049180327,0,2
-0.78820893499782152,-0.49827290194706925,-0.36117971977236835,0.55093802381828572,-0.83283835582094656,-0.05336259911833828,-0.27421518685295704,-0.24104851847441194,0.93096812138788565,-4.7870869912191845,13.327844664181988,-5.3010927653352402,,0.2150034003589381,0.4754098360655737,1,5
0.80770785833341796,0.51311592238644554,-0.29037917587174128,-0.51306750893215036,0.85436632805692203,0.08258273887859921,0.29046470846662603,0.082281393255343865,0.9533415051592784,13.946764197425399,-2.7381524429130231,2.54389669577801,,0.2597730425203543,0.7521367521367521,1,5
-0.82702077471496183,0.51841653143275224,-0.21744180400074756,-0.51010209500012371,-0.85458734515123924,-0.097346403034946252,-0.23628899861472649,0.030410022107711411,0.97120684701512416,-30.563038738138605,14.978347897391952,-16.884321694530708,,0.2324861472186657,0.4615384615384616,0,1
0.95130385328069844,0.01050527599639348,-0.30807566912941503,0.045439542810520331,0.98372202535642872,0.17385690891597763,0.30488723601106715,-0.17938956492752642,0.93534119834028817,-1.3433532679842131,-8.5179413368065351,-2.4800410538759583,,0.09166491204213263,0.2580645161290323,0,3
-0.94463982164663163,0.13439280623959771,-0.29932287081088021,-0.10348341746661006,-0.9877378178401548,-0.11689818440763362,-0.31136279429124519,-0.079451726472215559,0.94696390295075805,-24.754855004446643,0.011912797232038724,-12.587877690997342,,0.1475345593404912,0.1666666666666667,0,2
-0.018866810386686295,-0.85602688895784185,-0.51658688412211207,0.99767566906632499,-0.049955556873020959,0.046343302542742833,-0.065477498569315021,-0.51451181494564924,0.85497970119906364,-10.867961368686775,-5.8587927048224895,-6.3321946338874406,,0.1694396395407965,0.2222222222222222,0,1
-0.89939375178155756,0.32386783122991547,-0.29359922879790518,-0.34132451660708241,-0.93990442850304523,0.0087886087240781913,-0.27310886770523451,0.10811703461894603,0.95588820120658968,-13.308280511682645,14.974144178083588,-8.9026545818628335,0.5225399582192007,0.2142321789168754,0.5813953488372093,1,6
-0.16177762816467889,-0.90128581020560505,-0.40188541569387481,0.98097809582702944,-0.1911532971388078,0.033799297337950514,-0.10728454936749936,-0.38877281967106503,0.91506596491838943,-5.9509067651406298,-14.254439153433193,-3.8769550810773241,,0.140744005351657,0.6666666666666666,0,5
-0.57954469230122063,-0.74175492319321568,-0.3375316037708333,0.78092810229333831,-0.62389073323164435,0.030193576075169166,-0.23297907346800356,-0.24608938804082645,0.94082982755633471,0.098422885678391997,11.199484466091121,-3.3318861194148544,,0.5115248733779647,0.806282722513089,1,2
-0.14500900741526823,-0.92953106871791424,-0.33903448210553927,0.98412698162997214,-0.1709302891056117,0.047717085977168977,-0.10230577596753358,-0.32673357426870692,0.93956303654905271,-8.6188381173079076,-6.9234696033795471,-5.3772242669287627,,0.07253587473363327,0.3380281690140845,0,2
0.39804027253305307,-0.81868193610768791,-0.41391282769779286,0.91434097679002191,0.39067191503104415,0.10656468912659399,0.074461531037737436,-0.42087449708546903,0.90405759667101526,-0.22016235079549493,9.3122444413296019,-3.340311171977389,,0.07641604991688263,0.1333333333333333,0,4
0.94619769991807856,-0.081009802920240875,-0.31328473390920675,0.12976697188898892,0.98189023964143229,0.13802930958189222,0.29642949528766732,-0.1712570265061121,0.93957468313901715,-7.9975109765708545,8.7636203934527899,-6.3095214479059871,0.2135862897163417,0.1587864038999424,0.7286821705426356,1,5
-0.43008631099541383,0.89493105314095589,-0.11884517330702185,-0.89876153462839459,-0.43686088358802838,-0.037152015599431827,-0.085167299867786692,0.090834897009392776,0.99221749254814273,-14.027527031665075,18.147161244087169,-9.240451799111181,,0.6967640463320289,0.1818181818181818,0,1
0.43732172151082677,-0.83935198374229092,-0.32285903933866894,0.8945973125618476,0.44271710183710222,0.06080473746409211,0.091898641186511587,-0.31542006139248357,0.94449183406699433,-4.5178775693372382,-5.0064538157558607,-3.9882821986313428,,0.06459714071329134,0.2619047619047619,0,5
0.84109645284693657,0.46697669583239115,-0.27292768741511675,-0.45134687481849972,0.88402268813091867,0.12161367300331953,0.29806501908119754,0.020896229785474004,0.95431681950014813,5.0208841630284073,6.8164709420635878,-1.2249121355802581,,0.8491227432345831,0.4618834080717489,0,1
-0.94609197896282338,-0.090452473525299282,-0.31101176404657777,0.082147021518102936,-0.99582799799894439,0.039729903814625385,-0.31330789041757862,0.012039453250464132,0.94957528262245583,5.6552645281509237,-13.323298042018045,0.21352817043446273,,0.0803543451484427,0.4117647058823529,0,5
-0.051187901788163362,-0.93987990709679814,-0.33764709231124773,0.99631658270594836,-0.071349420797652177,0.047566029653328533,-0.068797280001952857,-0.33396859191779471,0.94007016433709822,-2.1525024588971555,-7.9142830468195626,-2.8780776255691456,,0.266183728439885,0.2452830188679245,1,4
0.46855039708337776,-0.81708314138091742,-0.33591020446557135,0.87800464038353609,0.47279451218650326,0.074653872714717531,0.0978180804247758,-0.32990981997724667,0.93893084613542954,-1.9498531434949278,6.3163855652394156,-3.827271407345791,,0.06764724394483941,0.1923076923076923,0,4
-0.59106325591193332,0.78421727935228236,-0.18880541908560247,-0.79955563099860405,-0.60052900994262426,0.0087006411118201142,-0.10655993829394685,0.15610306525701825,0.9819759735187793,-5.3756946087419983,-7.5827425451004382,-4.1294684528948737,,0.2414122482468399,0.2676056338028169,0,5
-0.94997859200293455,-0.03086491883703681,-0.31078615078748983,0.042320018239588336,-0.99864814004461222,-0.030181259775510109,-0.3094344693021806,-0.041824026236352001,0.95000055791407712,0.79516173718392047,5.8153742047093635,-2.7213974052494136,,0.07165013116705563,0.2222222222222222,0,5
-0.88457857082981017,-0.34090057225056641,-0.31828847272235072,0.35089051079055406,-0.93601759626145986,0.027329634576081341,-0.3072402992216911,-0.087509195677680035,0.94759988349831004,1.2387684916108004,-7.4231204208300854,-1.6461712314844681,,0.07832111455037724,0.2203389830508475,0,5
-0.29867515718007903,-0.87999092490932118,-0.36933605640485972,0.94227807193161861,-0.33328896444568112,0.032101422640712994,-0.15134459237213335,-0.33842936967107962,0.92874128588307592,-5.5574633551376476,15.413381346222041,-5.7370360447671613,,0.08814858031008849,0.1538461538461539,0,4
-0.74220829113150355,-0.57080668032762583,-0.35115037557862405,0.60969885710556426,-0.79263311021422356,-0.00023714193063997617,-0.27819805214958243,-0.2142719913695727,0.93631904685032219,-10.698739618155352,-11.173176113534213,-5.9280115375624849,0.2284783150418245,0.170486385776095,0.2368421052631579,1,3
-0.23535672252501563,-0.82747023643906814,-0.50980410058154324,0.96455107090147696,-0.2632847660120482,-0.017954487149338876,-0.1193668496069885,-0.49595780041597753,0.86010314231576257,-6.9744616792997354,-12.111141824969966,-4.3578635781944666,,0.2812421635182604,0.2878787878787879,0,5
0.88362722122505033,-0.34762914766912856,-0.31361905171869209,0.39148301544646585,0.91599879793594008,0.08767696845155673,0.25679560457110362,-0.20025028806658018,0.9454923794522162,-3.4156136678213613,9.4903887996713649,-4.5226974906114608,,0.07932189631368694,0.2857142857142857,0,5
-0.22548936685169121,-0.8698236371622059,-0.43881816925776435,0.96545727055243502,-0.25986759169765505,0.019002460964438139,-0.13056341054930953,-0.41937533906892205,0.89837493331379226,13.037186255646564,1.3218795519765905,1.9068969900507939,,0.3523188842430282,0.7068062827225131,1,5
0.10182060433824264,0.99253781083593318,-0.067091419669043376,-0.99025904188201674,0.10756330213682994,0.088414738614841198,0.094971545755055897,0.057435442841800341,0.99382170201825504,-0.11381555799430843,-2.3917271252834911,-2.4840042794815638,,0.2309485255172123,0.2222222222222222,0,3
-0.66704587189556619,-0.67437687879203723,-0.31664748560156764,0.69939149940657519,-0.71327270522778052,0.045755639377751338,-0.25671255392930675,-0.19093944937533111,0.94743906998146254,4.2873419947494513,-4.6186401617345352,-0.79575485698899628,,0.08075542286471787,0.5714285714285714,0,1
-0.6853502006407507,-0.63714786309172544,-0.35261551729799429,0.67841934802499404,-0.73462201088839907,0.0088141558658805068,-0.26465504096280862,-0.23318040585764119,0.93572678043168178,-18.187501813903303,10.587218717785117,-10.707883061746257,0.1978685525823531,0.2325737582237983,0.4310344827586207,1,3
-0.30170727104147144,-0.88118794638332931,-0.36397874354066367,0.93956488940710536,-0.33961190044663753,0.043377133013122203,-0.16183491957585366,-0.32889445149432867,0.93039663508748938,-0.19088832441173098,-7.0188585755930086,-2.2132620897034005,0.8376273893120678,0.4177148137584476,0.5540540540540541,1,5
-0.13968947264137208,-0.91042240817067532,-0.38938141960535766,0.98761212196740444,-0.15648685432077875,0.011582787567251888,-0.071478302835308441,-0.38293981658414111,0.92100377257549182,-3.1960682543241354,-12.639965639645689,-3.0460319258147535,0.2117748869424094,0.1470286125134232,0.2439024390243902,1,3
0.72011320669549939,-0.60768791473220773,-0.33489157623199006,0.66631017768279255,0.74029133069645592,0.089439883787921892,0.19356579413484018,-0.28754850718460084,0.9380022064776059,14.885315816280464,4.4741204568713275,2.3631307248859064,,0.07327809274747871,0.2413793103448276,0,4
-0.9462440469513087,-0.12003104880645586,-0.30035770496464903,0.16271098144059509,-0.97919013098642926,-0.12129230765970832,-0.27954845756656799,-0.16364362102202845,0.94608320203402352,15.519413156579281,9.7865686694532634,2.2906707063940965,,0.2296030579968716,0.2272727272727273,0,2
0.87566558749800327,-0.35389547127737525,-0.32858450097523251,0.40610834084243197,0.90782985003953665,0.10450348738391982,0.26131550732779957,-0.22495101419322028,0.93867526165519977,6.5393702588999334,-10.058649427544385,0.36279426275346416,,0.1808444713903315,0.7826086956521739,1,5
-0.31521637683201209,-0.87776374623056974,-0.36079002422486167,0.93559421551223021,-0.35114517161135822,0.036885394861455499,-0.15906633734688999,-0.32592617915305161,0.93191739229705306,-11.981913254773495,10.26162008762492,-7.9792680051144016,0.2754978452076376,0.1675577670416158,0.6638655462184874,1,5
-0.63798134925363126,-0.66996014687398719,-0.37964878454316425,0.73206979670243255,-0.68060550397154984,-0.029154085814720777,-0.23885897672177941,-0.29652917152317154,0.92467120625398858,-8.0279854301722562,17.120567240708127,-6.782719429909128,0.5389267690621669,0.1907095926436087,0.4166666666666667,1,5
-0.94324878672800128,-0.12060047697049311,-0.30941436826793556,0.11936733272518589,-0.99258398290979932,0.022988622163935025,-0.3098921848227717,-0.015249977882311737,0.95064939486666722,-9.6441070348650282,14.138207765704774,-7.3055793321830276,,0.06871566074806496,0.3548387096774194,0,3
0.25053181756462367,-0.8885356444310577,-0.38436729434650141,0.96790086814644694,0.2381100738360111,0.080445647359957517,0.020042899718339797,-0.39218363213333274,0.91966857120246648,-8.6824818753583646,10.742829405451976,-6.7583741930945376,0.2371205592369424,0.2346578418248559,0.3103448275862069,1,5
-0.30721053158537698,-0.87105692103444776,-0.38325126170831753,0.93667212220136553,-0.34792312009753645,0.039935422777086851,-0.16812800115929358,-0.34671219018024518,0.92278038145953101,-14.638420480475203,-0.8564473616920012,-8.2195727122347044,,0.1203696667768853,0.3023255813953488,0,3
-0.38654848246537005,0.9003745035993822,-0.19976492177528377,-0.91746839553519144,-0.39747911969855626,-0.016189274157346962,-0.093978794936946386,0.17702006290764433,0.97971010172926787,-17.611462968970983,-0.41950274968604701,-9.541077048247768,,0.2165797577586661,0.4081632653061225,1,5
-0.46262314960112988,-0.78806899353098014,-0.40611215555336322,0.86278148572182267,-0.5055739347044681,-0.0017619429862898717,-0.20393118777856234,-0.35120116455175759,0.9138215431191774,16.420821274034342,-3.3951754136916086,3.3772976575433051,,0.1311529119612898,0.1428571428571428,0,5
-0.9434403992168926,-0.066130956397516802,-0.32487983891189665,0.11480962360685791,-0.98444182462806473,-0.13301520307926501,-0.31102887880825764,-0.16279124831794931,0.93635465824566799,5.6999703834155939,11.166417654208592,-1.3340698124342516,,0.1796422953736725,0.5454545454545454,0,1
-0.23043092392856981,-0.89338540602527738,-0.38569950168295014,0.96454250319598678,-0.26211513315078327,0.030877443251780316,-0.12868313341633142,-0.36490844505765779,0.92210762815397906,-17.384724154034739,11.811865160926315,-10.446915071668412,,0.07495785142189459,0.4666666666666667,0,2
0.059538304462188454,-0.93971720194796904,-0.33672952152261415,0.99739599041637639,0.042248602420113121,0.058449070949704147,-0.040699245731390402,-0.33933263320321572,0.93978557950219066,-0.74793657024763083,-4.7709183844766754,-2.6716293955075963,,0.0963883233575117,0.5668449197860963,0,5
0.90646189082050543,-0.26432283149700059,-0.32933308555249163,0.31633032230496744,0.94166613204081318,0.11489135284141883,0.27975340512771596,-0.20832267403406721,0.93719778905135387,11.134862056948966,9.4324707502373322,0.75750645390025806,,0.09381460947386415,0.2121212121212121,0,4
0.35710202976699945,-0.87593224446076445,-0.32437762476813387,0.93229649186680486,0.35560515031208073,0.066092573897305662,0.057457737417492147,-0.32601791390267137,0.94361587959583026,0.25385180025416176,-15.584579872507589,-1.5342262164141187,,0.08682143467572356,0.4,0,4
-0.45722025316697795,-0.80363217340354887,-0.38095271355460064,0.86715927245490032,-0.49793744121244826,0.0096488773589290967,-0.19744476769317706,-0.32593501577690093,0.92454417374244424,-4.0132695954423721,-2.1160314350074434,-3.9420001548641723,1.147289968581673,0.5417167580082995,0.951314088754847,1,5
-0.32815183954701604,-0.87289981574726061,-0.3610571725784007,0.93019470196553877,-0.36515708445690914,0.037391444291087525,-0.16448156929319804,-0.32358339781164525,0.93179375294295597,3.2649151892840251,-15.619263960552624,-0.48861541053352209,,0.2144398278760565,0.8260869565217391,1,5
-0.24769260151228364,-0.88669906772420615,-0.39040125313976881,0.96143243878722551,-0.27468964425741443,0.013901977750806115,-0.11956605205377424,-0.37190101187649366,0.92053983974704512,-7.9448560665977634,-8.2393725372050621,-5.1043753108035297,0.3762542406404475,0.1398027678397159,0.4457831325301205,1,4
0.11753693401184385,-0.85936317394074568,-0.49767459691808946,0.99284200506545306,0.090985680904173236,0.0773715635619074,-0.021209010366016526,-0.50320626103506638,0.86390603466719829,-0.70784454344664727,-18.577997207157463,-1.7343054370527984,,0.2320477991941905,0.3333333333333333,0,1
0.95332699573962687,0.14198096277055391,-0.26647522474857349,-0.069756744040368815,0.96223479062488593,0.26313153435490622,0.29377140067566593,-0.23226195108503531,0.9272285318211626,10.025312805466649,8.7024047135087201,0.41510704659043818,,0.3428488925590361,0.2666666666666667,0,4
-0.51381570919446196,-0.77363666717429957,-0.37078258344808257,0.82690863464941589,-0.56172809363560339,0.02614686908120227,-0.22850717040659946,-0.29316864775066453,0.92835155897365529,-3.6056300828691987,13.292320442768442,-4.9020198709817331,,0.09385456951705881,0.2272727272727273,0,5
0.86153409590102115,0.482131786428455,-0.15908470107247327,-0.40805421051286866,0.844007712256163,0.3480556606849522,0.30207741206970568,-0.23494663685063874,0.92387732678632406,4.0222125691851653,-14.91497585205413,-0.22857006258979312,,0.4558936233406411,0.2962962962962963,0,1
-0.93722503451647332,-0.15660805412417303,-0.31158169403711222,0.15849205484092813,-0.98716893820709162,0.019435945857723159,-0.31062759572822374,-0.031167367911394381,0.95002057448751065,14.066912710171412,2.7751334780464321,2.2589224401951578,,0.08144253591063533,0.2121212121212121,0,5
-0.27942826951945593,-0.88000724308468581,-0.38406652328972057,0.94830937652023184,-0.3156058982129738,0.033200051460677955,-0.15042994581256708,-0.35493685231555383,0.92270833001071129,-3.3092915788587094,-13.6329998586911,-2.9164697497615322,,0.1206034795292276,0.2307692307692308,0,3
0.18171995002226218,0.97992384150882483,-0.082019050265744922,-0.9795351313741012,0.18772430149152544,0.072598299108462327,0.086537773069506316,0.067147981891544445,0.99398307951396436,-3.3964219347258635,4.4844363010355615,-4.2309158156843196,0.7404647008988499,0.3551179108031034,0.2868686868686869,1,4
-0.58258693197778955,-0.70462453810683123,-0.40508854215645379,0.7742196683985878,-0.63278818143598858,-0.012768026461242414,-0.24733857716394944,-0.32106600214390346,0.91418830145317653,-9.2454992011383972,-15.081330274894651,-5.1081820520750032,,0.1225676722225005,0.25,0,2
-0.52020190182282544,0.81539070519010448,-0.25402358006590703,-0.845597079593296,-0.53347429502692845,0.019255013082601958,-0.11981469160000884,0.22481809187675758,0.96700634188286949,-10.843829265158762,5.8769466931958485,-7.2397880237802514,0.1987961182444236,0.1315759702604871,0.5472636815920398,1,5
0.86425589704745764,-0.31132325098869634,-0.39514500858864993,0.43094685781399217,0.86341284830685616,0.26230337229797274,0.2595121387506602,-0.3969837361561192,0.88037342251375761,-25.279864142382273,14.602159714752135,-14.312028559437211,,0.3562215198328528,0.1111111111111111,0,2
0.85059814972217673,0.45046366202780147,-0.27122919621919989,-0.43464841314255759,0.89264593990830854,0.11943191750060002,0.2959113797099851,0.016300771690824667,0.95507630072178928,-0.6923867348502255,-13.2471479763086,-2.088672262215673,,0.2973367817929986,0.7027027027027027,1,5
0.71471582988502547,-0.6063669668228725,-0.34856905206542704,0.6779348986211301,0.72316529627276371,0.13204630815848317,0.17200452245019321,-0.33068271169318253,0.927935013049904,-7.0538671536263324,-5.7264057468399807,-4.8735539022154883,,0.1581223138219962,0.2549019607843137,0,4
-0.61439066716072988,0.78713033355285889,-0.054313406326234652,-0.77422090992329262,-0.6147127804171002,-0.15069897222418824,-0.15200687728962176,-0.050537467218324347,0.98708655834420855,-11.839955212486535,-11.517436778319526,-6.2952776200422713,,0.5490532118043374,0.4390243902439024,0,1
0.95004362494801753,-0.053274625378402655,-0.30753686768649729,0.080628724402446478,0.99377119142731485,0.076927419626360571,0.30152299994671328,-0.097880709948010999,0.94842145015979495,-2.6711579718048384,13.33788024499918,-4.5093997060029718,,0.4774233785514128,0.1403508771929824,0,1
0.62133406583154449,-0.68205810364554698,-0.38566918711336473,0.76994252945732478,0.62278581541198819,0.1390191693777621,0.14537014813949997,-0.3833204551978231,0.91210358438986239,-14.211185031562618,22.183648183523662,-9.559152858630263,0.4683267995078526,0.5009594233058284,0.6721311475409836,1,4
-0.22776862369299564,-0.8849205261905978,-0.40624760477762151,0.96487922002250004,-0.26119852710953734,0.027989644595465536,-0.1308798870329993,-0.385604709206675,0.91333425612306096,4.9638740006649433,-10.232665423466047,-0.17870787632515864,,0.927148049163427,0.4961240310077519,0,2
-0.89595426167950709,-0.30078674477964418,-0.32679243434204042,0.32021248959858234,-0.94732690704112277,-0.0059743368652880801,-0.30778226473175696,-0.1099957515578098,0.94507725195130232,-1.7973254716652753,4.636741912899577,-3.5849453309628552,,0.06994640720546957,0.3588516746411483,0,5
0.095088812924691943,-0.88530632863050363,-0.45518218566124985,0.99462470984433904,0.065668154327002209,0.080058603999508191,-0.04098541476718278,-0.4603481269583537,0.88679185707938157,6.9778141931207678,-13.008699742754091,0.67288862464998955,,0.3207837162570101,0.303030303030303,1,6
-0.84897282874784019,0.43601934538403375,-0.29855027465867723,-0.46508549346380501,-0.88474320356130509,0.030412949899842084,-0.25087969191909881,0.16467116992042058,0.9539092126505645,-10.767305270401925,15.154939873451358,-7.8209428356836206,,0.1188573920206173,0.7045454545454546,1,5
0.90145190323568591,-0.2789507556940129,-0.33101501786248338,0.32544769663178813,0.94094110326764968,0.09334686357089414,0.28542645797091892,-0.19187578294093971,0.9389970292876213,11.889107345007544,-11.819507018520445,2.279332156882353,,0.1325524976008243,0.2352941176470588,1,5
-0.060923949705550942,-0.9183220565249085,-0.39111746682057014,0.99502071654997659,-0.08684288887792245,0.048908959176301434,-0.078879946682587146,-0.38619025512200744,0.91904028250134506,-7.5050856378776123,-14.55413196426294,-4.4486366785010372,,0.09918817484790513,0.1538461538461539,0,1
-0.78223090787421234,-0.5086921266261949,-0.35964861611690557,0.556750933604089,-0.82984707883784325,-0.037178268857949524,-0.27954106084305613,-0.22931669379445124,0.93234685029227227,-11.195021583755167,-15.79914648710179,-5.7426718524288862,,0.1302227270493911,0.32,0,2
0.43397706854240276,0.86273370093240842,-0.25952738825567745,-0.88094731913924895,0.46669208213486396,0.078296368842984382,0.18866829325754211,0.1946511282990569,0.96255660268432564,-7.418639295373973,9.9497661447457784,-6.1059490795273152,,0.08437240654175208,0.3076923076923077,0,5
-0.95140630724215169,0.015559581956409069,-0.30754501776031862,-0.023645241328848023,-0.999465335916086,0.022581958831031736,-0.30702921864596777,0.028756594226153755,0.95126553453079499,-11.899519891495773,5.6078351704847211,-7.6755055978741682,0.3248159010033622,0.2832736970904214,0.8655097613882863,1,5
0.76672859744951571,-0.53382889334442296,-0.35658655398621969,0.59937753484021605,0.79422305110936631,0.09978134001602823,0.22994309857433035,-0.29023517656755055,0.92891857215842033,8.5753127652048597,11.334584278105929,-0.3180186992935784,0.4411554236024257,0.1437037212251623,0.32,1,5
