axis_00,axis_01,axis_02,axis_10,axis_11,axis_12,axis_20,axis_21,axis_22,location_x,location_y,location_z,dbh,dbh_approximation,score,reconstructed,number_clusters
-0.77385318262985758,-0.52962733399059481,-0.34734153051953826,0.59122782326474532,-0.80074160045463461,-0.096242144089693213,-0.22715834286081452,-0.27983526652544211,0.93278685179271414,11.978449777407791,-9.5536544024287533,2.136134141534701,0.5842317376285545,0.3369042524766442,0.2083333333333333,1,5
-0.48735570838077302,0.87309941295533866,-0.013484383772314614,-0.87068766917157914,-0.48706499368064576,-0.068342334489217518,-0.06623742341938299,-0.021566340160456585,0.99757079784386493,6.3225795208392919,-8.057717149718556,0.65049234033873105,0.5878941470957929,0.454802386604124,0.6590909090909091,1,4
0.74337669918716109,0.66884261622800778,0.0063747802217633967,-0.6439165613576332,0.7130288516481782,0.2774190309381141,0.18100426822305324,-0.21033167007028458,0.96072787169441587,-11.731951970561376,18.286331715630229,-3.7968475466041007,,0.4149928695191188,0.2592592592592592,0,1
0.89880037386640788,0.4140695449222257,-0.14388988812805895,-0.38889514344816989,0.90467267148591546,0.17414914547296315,0.20228310690720502,-0.10056723837531215,0.97414977042831041,-15.218436794840478,-12.467458558122145,-3.9778090979477763,,0.1396410500875513,0.1666666666666667,0,1
-0.092220414783683785,-0.96495132950473761,-0.24569152770123204,0.99384931776352214,-0.10439205962709321,0.03695715719310403,-0.061310102577859953,-0.24077215282057299,0.96864329954221984,-10.231700293861486,16.10807172113913,-3.5049449172274674,,0.07488993296619001,0.3181818181818182,0,1
-0.36341318464785172,-0.87283822626700847,-0.32570583045314239,0.92442472460200364,-0.38123891457671777,-0.0097886953613630298,-0.11562778977658414,-0.30464786357273332,0.9454204849969946,-3.9651217304532138,-1.9883234578921551,-1.9712279770664365,,0.08258447426231597,0.3793103448275862,0,5
0.95903112220845665,-0.17675055456444894,-0.22140132812778995,0.21083070171948945,0.96729649217172453,0.14102450653962781,0.1892345683221151,-0.18192508813640182,0.96493188384388329,-18.880127073086697,2.1468828595058169,-5.410731763168851,,0.2368887515078919,0.2222222222222222,0,1
-0.54574330360043244,-0.78630036206751819,-0.28964804019322676,0.82676859777835843,-0.56155405632955324,-0.033327579381540205,-0.13644754414387281,-0.2576602073124909,0.95655281363069056,-2.346257103415657,13.446016273134259,-1.6302128216584237,0.5339051157501074,0.4807169837755683,0.4545454545454545,1,5
-0.95615253726603844,-0.15389999043028513,-0.24917286855770709,0.20409596067726943,-0.96032823550379498,-0.19003820386804135,-0.21004086344076167,-0.23256068678890437,0.94963064538026187,-6.391124496221793,12.60746121770342,-2.6441318602279149,0.5282325229512647,0.5544507456414274,0.2528735632183908,1,2
0.51396825921673495,0.84683854829358296,-0.13675197125356703,-0.84679700595423379,0.52634382353750564,0.076791992622047056,0.13700897497851935,0.076332513046122097,0.98762436595468761,-0.80320667839072157,12.238316642959754,-1.2702211984405005,,0.1019722784811812,0.4090909090909091,1,4
0.91606685225512197,-0.25319884546517502,-0.31098531613967778,0.33003450761290387,0.91652548144938983,0.22596076128096351,0.22781296272183688,-0.30963104900682498,0.92316296909420692,-3.9132719461578511,13.142670840799143,-2.0567119419594824,,0.2430833698509724,0.3,0,3
0.14096599800077061,0.97178047404808032,-0.18913301580246569,-0.98745504102441772,0.15174001201772497,0.043675058194887283,0.071141614847519727,0.18060365171211151,0.98097971009860219,-0.69940664611989245,1.536266344273588,-1.2727420113082137,0.5479999952044888,0.4987734671607075,0.9892735251097026,1,5
0.80536347193556779,0.57994879530640298,-0.12267466280589649,-0.5668007232570883,0.81399101362734183,0.12710456266072576,0.17357021111679921,-0.03283328427959243,0.98427402549101373,-6.5056821566076044,-13.340863200243996,-2.0507906281632513,,0.2901742738873458,0.1538461538461539,0,4
0.35114614448159381,0.91985851366135363,-0.17480474839213375,-0.92964042697575655,0.36477249261182265,0.052054828460874267,0.11164704092829766,0.14422670861696615,0.98322611579100738,-4.961604847228914,8.9047627160233258,-2.3597880222357741,0.1754139056368109,0.124167205007629,0.4431818181818182,1,5
0.06084573369995129,0.98698097065194623,-0.14888371388925201,-0.9966337864273479,0.068284565048205903,0.045368644763363643,0.054944448691397106,0.14562205103321194,0.98781340637332815,-6.5685982877417528,17.07874793405546,-2.5790056256906921,,0.1958870145230395,0.4666666666666667,0,1
-0.1021768597145835,-0.95765461627756643,-0.26917935519116759,0.99286618538446525,-0.11489382150425181,0.031877071701288139,-0.061454269656113204,-0.26400198048957046,0.96256237566124359,-17.214515106427054,-4.0867323411223113,-4.8443038100845159,0.3552400295307629,0.2640870002796353,0.7857142857142857,1,3
0.7454145644963649,-0.6250767404343448,-0.23159489546332909,0.65791801931620186,0.74576963901810711,0.10474504941928714,0.10724274752048078,-0.23044894030300431,0.96715680167048457,5.1362217637764811,-4.1870920936862879,0.19766765140124476,0.3137879381377757,0.176023035301294,0.273972602739726,1,5
-0.63450222173371584,0.75642713342601253,-0.15882355754700106,-0.76631584730128788,-0.64246204315543498,0.0015953931976514493,-0.10083130857967415,0.12272128960148358,0.98730569343474384,-11.502662306544607,-4.656930611239722,-3.5278064412489618,,0.09039529210330614,0.3823529411764706,0,4
0.048791259957368896,-0.87338604401003228,-0.48457840550346221,0.99852033085601322,0.030988770818037411,0.044686071100334644,-0.024011701709155554,-0.48604167950052646,0.87360570280266414,-6.1793720113642321,-7.4821587459758243,-2.259509253512539,,0.4002902180500572,0.1923076923076923,0,2
0.86137570057180102,0.46923018941280947,-0.19456343903225942,-0.46718861124433064,0.88217372609626032,0.059197284642416498,0.19941590705867585,0.039906720349592424,0.97910201188788593,-6.053100956317623,-0.64475309397365133,-2.4806209170034443,0.1532878422928269,0.1235226803089249,0.7288461538461538,1,5
-0.16626147508951533,-0.89460465421226876,-0.41477660802268773,0.98600528839873336,-0.14558957590977209,-0.081223436495534235,0.012275713860702676,-0.42247625737804539,0.90629085772783224,-10.030949088964149,-16.979744618388292,-2.6440157170433998,,0.3866970273390121,0.4545454545454545,0,2
-0.17864113960130895,-0.95405397854251994,-0.24055841134563308,0.98034278798323116,-0.19340370484931066,0.03902595290093832,-0.083757753618463077,-0.22885806295114422,0.96984979544826333,4.838186745961333,-6.3065060705802756,0.18978371938428368,0.272446575051474,0.1517508180792335,0.2307692307692308,1,9
0.28057432190789777,-0.93581454551182019,-0.21337569283878124,0.95970686925558102,0.27711164842668656,0.046603212441814458,0.0155169259061136,-0.2178537828791389,0.97585806052707968,-4.9927488702330001,11.298044663791339,-2.3311695012870639,,0.07613573819680422,0.3424657534246575,0,5
-0.013750361231830755,-0.91763383046685021,-0.39718897359913269,0.99933238909833855,-0.026058449348799965,0.025607290300712671,-0.033848244636954399,-0.39657169641853457,0.9173795212095831,6.2934206443083154,5.4427922649220992,0.34920311532812803,0.09721649020133856,0.184963026574885,0.24,1,5
-0.92910949844932356,0.33811553091566754,-0.14977792776261542,-0.3240331765297173,-0.93952642649815887,-0.11087197310258889,-0.17820785728835889,-0.054479185614474429,0.98248357642022477,-3.8319240017844876,-20.538677568939729,-1.1349314073458905,,0.4059838120766612,0.5428571428571428,0,5
-0.60628475184110497,-0.74692047037223186,-0.27299928685601604,0.77915100674438886,-0.62663453254587898,-0.015901927877222364,-0.15919330505449775,-0.22234876559120212,0.96188279850816172,-3.8470650421360904,11.744672860696074,-2.0028398052304635,,0.07600736875467032,0.2857142857142857,0,4
-0.78540338932737264,0.59041645537223064,-0.18587610190329984,-0.60358930472511796,-0.79707900845774182,0.018574323607367559,-0.13719135269587371,0.1267811638285179,0.98239761260080527,-6.3730859310746277,7.7451681901700482,-2.6853840371130659,,0.08319405095102023,0.3333333333333333,1,5
-0.19989168123130258,0.97272767226573242,-0.1176613419225478,-0.97979042098749569,-0.19934061030181846,0.016554516774762537,-0.0073516471399728296,0.11859256592632583,0.99291578524633195,1.1683376588698475,-7.9201537002753266,-0.66672866082948457,,0.1136468557787288,0.3333333333333333,0,5
0.9588686457180714,-0.16024288655397181,-0.23429284574575301,0.1996712829243904,0.96744589730239428,0.15549859989110409,0.20174810788237973,-0.19588428497869989,0.95964944008958963,-2.5453142211976867,-9.8575733341343437,-1.3448208034275242,0.5725621746124349,0.5449295307018724,0.3333333333333333,1,2
0.58353890630738603,0.80264317400280416,-0.12347582780562605,-0.79725471499106371,0.59514681850911488,0.10092167182026304,0.15449033707678289,0.039549963908750867,0.98720237849425707,-16.159082001433326,4.6200803776698907,-4.8831925296344423,,0.8374510420162147,0.9726027397260274,0,1
0.97491257700249179,0.1584566712181254,-0.15632322459836906,-0.09620738539664539,0.93328160158115181,0.34601963982592376,0.20072270972040651,-0.32229945004078364,0.9251126733030447,-1.9429007864351113,-7.9167164296963053,-1.3420507619614392,,0.1806168577740317,0.5833333333333334,0,2
-0.95748942064165332,0.22319683748113522,-0.18274895648876319,-0.21827564652301792,-0.97476059557477734,-0.046877750049085093,-0.18859944722684271,-0.0049953031064909866,0.98204139192429352,-18.394446270840241,17.438808861379819,-5.3294409653294252,,0.07075433767374059,0.2941176470588235,0,1
-0.96240100420618402,-0.10824953008632919,-0.24913118299204709,0.16391015119858013,-0.96279491001337469,-0.21484744258751523,-0.21660510021000545,-0.2476045243698628,0.94433798508509992,-14.343141603649128,-6.9444763437611208,-4.0959453602084626,,0.2015921370283543,0.1739130434782609,0,4
-0.70334397902301826,0.69502329605628366,-0.14916388675255504,-0.70176608999225321,-0.71233579329823493,-0.010103094731834829,-0.11327666180221799,0.097572206725252561,0.98876087218584419,-13.436927093035525,0.51566802232239672,-4.2035554148781484,,0.0777341850688136,0.3076923076923077,0,2
-0.31689747360288817,0.9469712458184264,0.053117330667165778,-0.94810974050884689,-0.31476190872142962,-0.04486491692057995,-0.025766473882837357,-0.064578637420904347,0.99757991580249084,-3.4240796699997333,9.9715721207513557,-1.9339342411096305,,0.3301633364275203,0.1590909090909091,0,3
-0.61314958553079546,0.78013135046336601,-0.12426850682139029,-0.7838655308743756,-0.62035231294317428,-0.026792486504372461,-0.097991914311571643,0.080981997075019671,0.99188683874688754,-16.380762717786819,2.4977657149283568,-4.9261623915370274,0.4136010095748258,0.4454146183267857,0.6290322580645161,1,2
0.93261612963938456,-0.2485425505793373,-0.261636685669216,0.31310200041306147,0.91778305745376676,0.2442158815232025,0.17942767922980521,-0.30967863988711458,0.93375845266528756,-12.435297331587957,20.819258039637514,-3.9668268640657272,,0.245559808890386,0.3846153846153846,0,1
0.9091400190658816,0.4037307529581779,-0.1023030050815391,-0.36507928819687174,0.89072166618456761,0.27079886764729161,0.2004533338773796,-0.20884537942030823,0.95718444849058881,-23.294574526616749,16.128436034893035,-6.3852495760456538,,0.6731623751428337,0.4285714285714285,0,4
-0.62680148179704365,0.76389177171067668,-0.15358796674790084,-0.77319786027518256,-0.63416339428197854,0.0013631649347537452,-0.096358555836573545,0.11960832105453023,0.98813403860589999,-0.06223742975756201,8.7042782986711416,-1.084841027337542,0.1619035542697407,0.1499147481006189,0.575,1,5
0.79602153388942409,0.58106818986391173,-0.16943870960499838,-0.5750181566648388,0.81339417261087821,0.088000224252199,0.18895459002125595,0.027380260972886296,0.98160403637055016,-4.4602037881735699,15.200747967007814,-2.1134930545019457,,0.09832176435444467,0.2727272727272727,0,2
0.91511957639756147,0.35277395683606322,-0.19520936522661042,-0.34866068546658696,0.93556112985355266,0.056223649091058397,0.20246453344701737,0.016610469149672815,0.97914871445082841,2.122424039800237,8.2511973773497598,-0.6003473980632299,,0.09125048467290085,0.4390243902439024,0,5
0.085073177058635818,0.99168343054368502,-0.096573951613557113,-0.99457471945769993,0.09034309562744304,0.051567940506556359,0.059863861893358121,0.091662962299711631,0.99398904389417375,8.2106686925104562,-5.3122887960603133,1.0028447572467734,,0.07724085013260575,0.5263157894736842,0,1
-0.9615019192285611,-0.14152047472541998,-0.23555469546006694,0.16284134288314189,-0.98390565273243602,-0.073568767620327394,-0.22135210947223447,-0.1090945541933717,0.96907255759181432,-7.2715746361463207,14.332649874720168,-2.8203726591802361,0.4962214027647415,0.2434878213051652,0.6875,1,3
0.95801177187969155,0.20764143576631364,-0.19773335351639088,-0.1974297115090661,0.97779660863273754,0.070251698625470996,0.2079301660495203,-0.028263515337284339,0.97773525033487341,-0.96674046612837972,-4.5245785293357628,-1.2298670721198157,,0.1146851952639787,0.1764705882352941,1,4
-0.85071454881196784,-0.4565522458372141,-0.26047035006051439,0.48522795083179221,-0.87264216495554592,-0.055222166502939443,-0.20208560604662254,-0.17336579467327032,0.96390129632969934,-13.695713872445932,-15.461239106472084,-3.5167662379350872,0.8157856800480503,0.7190432141335024,0.9390243902439024,1,4
-0.051630972605818309,0.98978870703003941,0.13286292975687561,-0.99816336000018624,-0.055367693863707733,0.024583027261779314,0.03168831678893478,-0.13134966277847063,0.99082950938446801,-9.8379353356338051,-4.0330555991622408,-3.2179341284951444,,0.09535823438661978,0.21875,0,3
0.34813076119329872,0.9347381945102391,-0.071200286760051107,-0.93100005603536828,0.35362978583311994,0.090470272652198161,0.10974456147397832,0.034791986079566878,0.99335071799013852,4.3574424436832091,8.2215493294727917,-0.073544990089304679,,0.08791925352592071,0.3333333333333333,0,5
-0.35767102725136074,0.93376662129083066,0.012301757112902023,-0.93361315299698899,-0.35725498874213618,-0.027117403450165948,-0.020926462098963448,-0.021184191793990045,0.99955655828074974,6.0296782460639076,3.7607139959161606,0.31012782769748171,,0.1245423930258961,0.2,0,5
0.11108775903282496,-0.95621584745518773,-0.27075960346518119,0.99362348979366577,0.10157875786790314,0.048929709587030641,-0.019283939517699612,-0.27446859387837252,0.96140268392131401,-10.591719668015649,-14.29475959653783,-2.8801038334811881,,0.09278956283851933,0.4,0,1
0.73416875348949551,-0.64293654671674738,-0.21824032234127858,0.66839842082997147,0.74087977953289952,0.065884014079923406,0.11933060140501178,-0.19424147130627617,0.97366855674458941,-11.822518844958033,13.504567113867651,-3.9543468353247841,0.4257438437692946,0.3014647575018531,0.9145299145299145,1,5
-0.14478056558506749,0.98762246418714283,-0.060336191972841444,-0.98868436419343919,-0.14681718695242033,-0.03078866049039115,-0.039265962719415216,0.055195849919116705,0.99770316343260279,-10.119146058474646,-13.410854123605718,-2.8587705988021903,,0.349204931237506,0.4,0,3
0.12017214720283215,0.98222378091139184,-0.14420505971980341,-0.99059524096096363,0.12821122050595102,0.047780241961144478,0.065419596621745985,0.13710699161058715,0.98839362059320413,0.14124837581685953,-6.7975250845113067,-0.92350137323926051,,0.07084728214451226,0.2608695652173913,0,5
-0.54033675669953429,-0.80368462253092365,-0.24925331866748815,0.82852825586767664,-0.55987274208394355,0.0091346538124223928,-0.14689151979707685,-0.20157762817022667,0.9683952401953303,-8.859864725104428,16.008942479444308,-3.1609488833770736,,0.1063305958977919,0.2380952380952381,0,1
0.85757125130195133,-0.4680915465248402,-0.21321785340910712,0.49018004912776159,0.8693413398276626,0.063001224621021201,0.15586875369203876,-0.1585431768907965,0.97497127787636007,7.8143022744013217,-4.4061764187459298,0.90700960354616789,0.4026940027593389,0.3256331634525275,0.6944444444444444,1,4
-0.91771281300479224,0.35656817438592697,-0.17510662426624093,-0.35687184079788886,-0.93364385231384306,-0.030848764676936816,-0.17448691094852228,0.034180316728403146,0.98406606681461584,-7.1919448298831412,-14.571128370635732,-2.1359345984971543,,0.1006473622782022,0.2692307692307692,0,1
0.44192223980638246,-0.75655029354681069,-0.48201284972368313,0.89547085403404392,0.40395035055200018,0.18696540820284721,0.053260525157486957,-0.51425263015676614,0.85598338116858175,-13.976969342931218,-10.03863152026322,-3.8290716997410943,,0.3904313411430894,0.1764705882352941,0,1
-0.79115886750859876,0.58330218005362,-0.18391903954514036,-0.59576533975926149,-0.80299787185070026,0.016064798311199287,-0.13831596547052816,0.12228239672145,0.98281010838717675,-7.4791724983614838,-8.4751133764841526,-2.5097435491763447,0.2103460646296172,0.1354240389504269,0.5733333333333334,1,5
0.1608818548110067,0.9832020039499213,-0.086202367841195268,-0.98105396510780796,0.16885734544231989,0.094975335937391644,0.1079358436239671,0.069289366565380442,0.991740307410236,0.61504946687673445,5.5227381807773241,-1.0099979624630038,0.5809161146839793,0.6436921366208119,0.1228070175438596,1,4
0.20753625061438849,0.9770460149118001,0.048060268683123269,-0.97425212053608135,0.20201862704918738,0.10010634323613946,0.088099434231283191,-0.067598513816011896,0.99381534030120255,-3.1527929611489842,-4.8484678098672234,-1.7329257810186263,0.2679301904341187,0.09858402327720187,0.1090909090909091,1,5
0.60891103704567084,-0.71687512295329825,-0.33958416785041534,0.78719453172628584,0.59884558797259868,0.14733883054370422,0.097734938400754326,-0.35703504009613135,0.92896386472206449,-8.7862336675175357,-5.4316514846331128,-2.9133451997833233,,0.1129873534318606,0.2222222222222222,0,5
0.27158641445533416,0.96189758870691677,0.03152535999977242,-0.95753008995342248,0.26676734329517404,0.10941348813115175,0.096834633871804451,-0.059901697730986796,0.99349627089982506,-15.590191020331249,16.269481177692324,-4.7676973303207646,,0.1511555185091175,0.2173913043478261,0,1
-0.81156159740144274,-0.48969323401509396,-0.31869783523434364,0.54281148407048063,-0.83373592379506511,-0.10119338977814418,-0.21615611576918359,-0.25511751396842108,0.94243916922109672,-5.5518965855929618,19.771596599852206,-2.377660274628878,,0.2657516018496368,0.4285714285714285,0,5
-0.96761773367038761,-0.12916902354234067,-0.21686697499550783,0.15192764906992626,-0.98412757284765529,-0.091711012474345655,-0.20157854780375145,-0.12168929171501681,0.9718836377608322,-11.302551235064771,3.602209198709446,-3.8626621684787192,0.2963792986804578,0.2127893066087712,0.4268077601410935,1,5
-0.84746295088410617,-0.47676226384215858,-0.23346153999086217,0.49336279081950307,-0.86969677716044447,-0.014855047341874834,-0.19595842292077215,-0.12777033917477895,0.97225255819337764,2.4153538116022553,-4.2858172732413369,-0.48691300481120497,,0.08220891007297244,0.25,0,5
0.34831931524948007,-0.89829809760368817,-0.26783237755306721,0.93682416296398363,0.34340414741955216,0.066588882119183526,0.032158083135743844,-0.27410603673878808,0.96116166086272314,-2.0912909128359938,-6.7025667861376172,-1.4188119479158896,0.3131811113236475,0.1813319218359517,0.3529411764705883,1,1
-0.97132179973424615,0.14309980431718572,-0.18988524788779496,-0.13857680460400365,-0.9896618554183878,-0.036957829421900908,-0.1932108448994776,-0.0095842544946222689,0.98111044815505477,22.463023983738243,-10.826788226260717,4.5708677460462299,0.4245808708731065,0.3600846155652364,0.95,1,5
-0.76706021419335624,-0.59655762209086116,-0.23608818548783891,0.61523135941201512,-0.78831586570460754,-0.0069620596406142063,-0.18195879258141603,-0.15058917425795551,0.97170669360595652,-5.7349252329079166,-11.644001082399846,-2.0016110412980188,0.767430704787285,0.7276991645029895,0.9676375404530745,1,5
-0.9510708322286181,0.24703076199761592,-0.18558037264442243,-0.247332136524615,-0.96868323618076169,-0.021899821564048107,-0.1851785255534093,0.025071708542601746,0.98238501775252107,-8.3162549298726685,10.447487475129911,-3.126318303382996,,0.06903729501957587,0.180327868852459,0,4
-0.92536256062037792,0.34895800784194431,-0.14809605047089683,-0.34166785933328808,-0.93698603121912383,-0.072940052089664698,-0.16421694583904975,-0.016896332833369932,0.98627952865101953,11.327189546551825,4.5521821935118378,1.6835287034230231,0.7866051499819836,0.528799796092452,0.3823529411764706,1,5
-0.28177694450640839,0.95158682832612618,-0.12281800234841254,-0.95947751826724492,-0.27974576127920137,0.033840818341862873,-0.0021553385718535182,0.12737667448376219,0.99185207431002331,-14.236657145075812,-8.41239729953395,-3.9239994466862256,,0.1363502710016314,0.2173913043478261,1,3
-0.94415067475571746,-0.21159576135558225,-0.25259995474004926,0.248673676054983,-0.96050184850096609,-0.12489035936984301,-0.21619645278224348,-0.18073027638605171,0.95947676418024619,1.9358188391044728,-15.513311310097805,-0.025837203552934552,,0.7806670638482749,0.5,0,2
-0.61356651668367468,0.76999769748618996,-0.17504192489409048,-0.7834465261140966,-0.62132274794135078,0.0130224272070738,-0.098730290815011432,0.14512611328281072,0.98447485540211133,-6.0532339455329511,-9.630171479092569,-2.1373184322722341,,0.1215810488628372,0.6,0,5
-0.95675917824209411,-0.19202899337679097,-0.21848739220424357,0.20158027864948402,-0.9792230550667913,-0.022081659476995568,-0.20970757284635891,-0.065169579777362485,0.97558990347508834,-7.7280833984599884,-12.150635500108098,-2.3965950612183184,0.5875725096979847,0.380847620637438,0.6470588235294118,1,4
0.70254408154579051,0.710102562841608,-0.04675642983335733,-0.68990888775335824,0.69573153532541954,0.19995838905296856,0.17452088724248924,-0.10822190628294404,0.9786881418085025,17.718611939417322,-4.6099573111675758,3.3218190588295995,,0.4456368605029484,0.2777777777777778,0,1
-0.38167664903682902,0.90922722003921186,-0.16621912621532067,-0.92320873481379773,-0.38373231119404511,0.020860136844816968,-0.044817045234209166,0.16141677634448046,0.98586817413436734,3.0980830674432815,13.526582843723588,-0.35337339434388604,0.5014435470546238,0.4273138451915637,0.5774647887323944,1,5
0.043692669027383474,-0.96563785692967952,-0.25619227142425582,0.99847982555371917,0.033583099458977451,0.043705988067346574,-0.033600426120484556,-0.2577124457510433,0.96563725418478807,-13.676941686378459,16.893004782579215,-4.2846415989136784,,0.07631020979219336,0.1818181818181818,0,2
0.85012765476232999,-0.43630120984271181,-0.29482914526567194,0.50349100547957959,0.83746727965898338,0.21247438175399799,0.1542069324299741,-0.32907417065210037,0.93162782923234366,-4.9114698900091032,-8.0687337757812188,-1.9985568973379946,,0.1529788756067468,0.16,0,4
-0.58624160313231843,-0.73492270521257708,-0.34089499867243228,0.79183227547899804,-0.60874038576766021,-0.049363855655661676,-0.17123793465994033,-0.29887080837456947,0.93880445761347409,-14.915096239345102,18.984380745945224,-4.6036304866330129,,0.5349710436236408,0.2837837837837838,0,2
0.53880964821264832,-0.80630909863288969,-0.24402827798183599,0.83905161690594499,0.53954895618196408,0.069852043996387864,0.075342864031589268,-0.24238927646406094,0.96724913620780595,-2.4710225027235508,-2.553005742917974,-1.6248774159010462,0.593870258125713,0.5006057896620997,0.9832949308755761,1,5
-0.14092376968902562,0.98972663749889223,0.024117922003535033,-0.98995082575589066,-0.14116094834289553,0.0084231376673002314,0.011741112462726336,-0.022688536490230039,0.99967363503798901,-3.7748840690410779,8.2305543463478177,-2.0543661805137385,,0.0837092511277588,0.2388059701492537,0,5
0.76378503618918003,0.62628495289553876,-0.15620363718596991,-0.59767739922314256,0.77759647247968622,0.19525740048717458,0.2437501691309224,-0.055775297074795976,0.96823291169266934,-25.052378823309358,-7.8101915244490119,-6.3251886312422432,,0.2541058019125534,0.3947368421052632,0,2
0.87304901943608804,0.47603472154433585,-0.10571827441786882,-0.45849958592363882,0.87517908449892212,0.15440110026641782,0.16602270739129951,-0.086327944142294735,0.9823359642661097,-16.305492855056364,-16.692593708101402,-4.0590813411064399,,0.4868979424772946,0.8,0,3
0.98414452892131177,-0.028901169863788091,-0.17499791020110866,0.057349968052613998,0.98548741107055149,0.15976715490308832,0.16784077978433906,-0.16727009595850575,0.9715195250942813,-17.911485860996383,11.509659640382466,-5.3250904571978097,0.1316236404669993,0.1644756590755036,0.2962962962962963,1,2
0.54707035722980202,-0.77335275661511682,-0.32037405961821597,0.83642942908745765,0.52018368622102928,0.17261153711710919,0.033163751248710419,-0.36240094705353754,0.93143207974484732,-9.7947351739727058,10.61136319559329,-3.5360695887414222,0.5580571471883513,0.2060973181158191,0.2288135593220339,1,3
-0.48619536767973198,0.86980808140617594,0.083952164756362704,-0.8715451997610717,-0.47569669971265388,-0.1188344001370174,-0.063427353879898105,-0.13094484107057597,0.98935858988376779,-11.580177388707391,14.810185720965604,-3.9206855306488544,0.5464749344464968,0.680324758789873,0.3448275862068966,1,1
-0.9725484457264636,0.16829050452267788,-0.16071038175097158,-0.155398720008777,-0.98376529017660153,-0.089761303819525656,-0.17320727044403825,-0.06232302889983761,0.9829115329133522,18.950231631917195,-14.219559282741777,3.9267826702876438,,0.4885884191613979,0.1612903225806452,0,3
-0.19663052522131236,-0.95389804171194825,-0.22674867710595986,0.9777677876825821,-0.20795351367154563,0.026934912696515687,-0.072846344599447652,-0.21641132634354024,0.97358078653429125,-14.665251928602219,-9.6266303202179522,-3.9754243125475539,,0.07511257350838432,0.3125,0,2
0.17401228325952284,0.98049054471962682,-0.091422190906900458,-0.98167360429075601,0.1800455589743129,0.062454233903106018,0.077695945284192616,0.078878947819030792,0.99385182581577936,-22.755715664167628,27.230898575153592,-6.2625343718887603,,0.1533256548158762,0.5,0,1
0.94036196630411573,0.29385514408901553,-0.17137247918228088,-0.27171057497276729,0.95193973363055284,0.1413651547707587,0.20467715010871509,-0.086370700053990127,0.97501146987897436,6.9976812370942305,7.6592388220532976,0.58541494186854059,0.7864772173155091,0.450142211320208,0.6904761904761905,1,5
0.67045385316778705,-0.6453436195776,-0.36609185110153714,0.71161567060463704,0.69896012325856427,0.071118798107715792,0.20998754277904438,-0.30819857034849307,0.92785714046547296,-13.354030551850284,-10.921237483575114,-3.6403636472877001,0.6636457490860346,0.1997104707448232,0.4545454545454545,1,2
-0.86200226047260475,0.48285656271120286,-0.15427781041628605,-0.48790564832491268,-0.87287694081150558,-0.0058244769890265996,-0.13747793012977694,0.070252302782694412,0.98801034037147695,-6.5782438571512136,-5.688009249814213,-2.476799201593769,,0.1479987388977594,0.2444444444444444,0,5
-0.40930719445560992,-0.88132714374294541,-0.2360722056252689,0.9048973578364452,-0.42522502364042014,0.018559392517656616,-0.11674070561504156,-0.2060246222467253,0.97155826520111277,-17.854616356288407,-7.9267091725406367,-4.754911365536219,0.4036517317513377,0.3526291177778276,0.8796992481203008,1,4
-0.75763940904082139,0.636959791192236,-0.14235431244826707,-0.63196003198156514,-0.77044520629542013,-0.083908891508991057,-0.16312278763598673,0.026389552871378178,0.98625278080881151,18.605726676342233,-3.6584168578997183,3.529166886985402,0.4159100701593429,0.2146736738107179,0.1818181818181818,1,5
-0.45118607390929844,-0.86217649523015238,-0.23039708718420251,0.88314498301732713,-0.46849968478833165,0.023727290712586845,-0.12839807506983364,-0.19276860850741748,0.97280737964536201,-18.19463429369106,16.000510091941909,-5.3823294975724396,,0.1005413011778939,0.1739130434782609,0,2
0.97458146470029061,0.10062540329868708,-0.20016367521009606,-0.089423704942982463,0.99391845629035325,0.064261211003773577,0.20541268134393906,-0.044728407711181473,0.97765280129845422,8.1292612402034319,-10.613354039178567,1.1645954714450053,,0.08195360921481568,0.2173913043478261,0,2
0.21543003178526457,0.97605959640096795,0.029959400504340112,-0.97292849240790136,0.21190824525604066,0.09222279682049217,0.083666301853780364,-0.049015914416496768,0.99528759163772662,-0.77334718090791776,-12.893895607094919,-0.79715000601036479,,0.3468340776512942,0.1578947368421053,0,4
-0.95552691766612519,0.2202717480322044,-0.19608331554294084,-0.22494908302199926,-0.97436916255983097,0.0016263763452797322,-0.19069929119699724,0.045662808403468085,0.98058589030521526,-3.8657107357497233,-14.110039740301604,-1.4081951489462341,,0.1097395032273898,0.4,0,5
-0.83575385788672063,-0.4308651484793094,-0.34039787433732066,0.51086194968520393,-0.83741561534059861,-0.194306859239603,-0.20133444164199923,-0.33628902897601276,0.91998594097903186,-8.2586859081159165,-7.7778818019239404,-2.6761970367087451,,0.3794059748925552,0.175,0,3
0.31999744466583807,0.92988516639936136,-0.18142550183963826,-0.94125470366923669,0.33384006116531356,0.050895936789447802,0.10789447728159966,0.1544810372556141,0.98208675324563766,-2.6866806194368924,4.9386252514278386,-1.8086746656837096,,0.0858883714437654,0.4977578475336323,0,5
-0.7421032645906086,-0.57179489679427109,-0.349761834230081,0.64303957087138885,-0.75458880612805357,-0.13075107632359773,-0.18916356672864354,-0.32194150037897867,0.92766956151219604,1.0196536970759105,-10.618830359619462,-0.5668275125722656,,0.4663112758673573,0.4909090909090909,0,4
-0.13261226793959896,-0.95150408839934453,-0.27758594372058598,0.98859855651681994,-0.14712794974056978,0.032035300185830951,-0.07132236987632945,-0.27017278945976159,0.96016653940384455,0.37696628098181695,-13.563675980525998,-0.52571371420526847,,0.1935532195461352,0.4,0,5
0.97247733535310488,0.12144725330289347,-0.19884264353932984,-0.10846217627278711,0.99126862487946943,0.074983129087398057,0.20621296890035071,-0.051352487717240942,0.97715870433750629,-4.4352152209985229,-3.9421157015681039,-2.0613765970040623,,0.07761423793226201,0.3375796178343949,0,5
0.13339421984384744,0.99106221132184735,-0.0012943732465145914,-0.98860868082842823,0.13315561398093295,0.070160235575684099,0.069705511280859389,-0.0080793412609424381,0.99753489459861122,-5.7185736744238991,-5.2096109340733605,-2.2839465608403406,,0.09235718432783693,0.1886792452830189,0,5
0.96713637773776817,0.16082908457477987,-0.19692951127525041,-0.15244155741408782,0.9866595376640318,0.057136050876549709,0.20349151930593568,-0.025238111883392748,0.97875136744687308,1.6521441104084069,-3.2199535651482374,-0.70664469832994603,0.6638120566827177,0.5609253348163831,0.9959612277867528,1,5
0.89265196144908943,-0.3977049073684612,-0.21213977084964061,0.41879816274706849,0.90581565525725749,0.064078838710968644,0.16667505692446719,-0.1460438473401395,0.97513620589808681,-2.4724716454275621,17.225963759629529,-1.6422318949445027,,0.1515228700479661,0.64,0,1
0.83830505629761476,-0.48211030019550027,-0.2545865099160961,0.52345879150944186,0.84228902365687741,0.12860829762740639,0.15243203789665929,-0.24107853299816934,0.95846002251013196,10.608139701794087,-8.1613799393967934,1.7158383616334594,,0.08397115769402977,0.36,0,5
-0.96155378998164265,-0.12500124178043415,-0.24451788999026058,0.18456634731215479,-0.95347621759515966,-0.23836603348689853,-0.20334594269812412,-0.27433153671019583,0.93988969329088479,-3.4886048719527083,14.249348945710524,-1.9202462719383064,0.1402445355500892,0.1205148763490442,0.2333333333333333,1,3
-0.16009481293366509,0.98708043614174878,-0.0064701976747677447,-0.9837446308664346,-0.15900679488806344,0.083446632172233678,0.081339732684571439,0.019724395190755379,0.99649124237052955,-18.827596206606636,-14.918690733594069,-4.6096917944656459,,0.4317022720352599,0.4,0,2
0.832959594886715,0.551785964544661,-0.041358948459532072,-0.51555908765043046,0.80106782923865616,0.30412030530683654,0.2009406390634203,-0.23199694457122899,0.95173540297836901,-12.456112701363292,-7.2432598252210854,-3.6720736748663914,,0.7337387728485578,0.3689839572192513,0,2
-0.92202356447183353,0.33624515692438722,-0.19186386059795046,-0.34484554364570885,-0.93857862802440273,0.012317063104731634,-0.17593776623099147,0.077520019741513874,0.9813442560859692,-6.6106253767063263,4.2218996423557087,-2.7329406301211678,0.1065827599393705,0.09866842710830719,0.6256880733944954,1,5
0.86281851546566612,0.47252134125110751,-0.17963237857323625,-0.46448856816968981,0.88128066618622347,0.087147905574588458,0.19948578748696691,0.0082443598065897062,0.97986603733473865,6.3365101063519287,-4.2941975544376856,0.47632159431184889,,0.08607905579030209,0.2153846153846154,1,5
-0.75769474277945825,0.62909467569963751,-0.17360462485411707,-0.64170987923238265,-0.76660990082048708,0.022752820914425598,-0.11877334574698005,0.12864349563958136,0.9845525599833137,4.907590916878358,-17.863429956178464,0.73543697549286091,0.2234792301737143,0.197956342231791,0.6842105263157895,1,5
0.31466448229837563,0.94796054443155464,-0.04854966303618586,-0.94432245806540815,0.31781690148189196,0.085132322450149622,0.096131986212716972,0.019058418965943725,0.99518612223710046,-17.422936948829154,-8.8998850665615397,-4.6769682705525986,0.2708241055095482,0.1128216899745336,0.4583333333333333,1,4
0.83020864200875022,0.52401604845282335,-0.19015991085892284,-0.52140057471808154,0.85062406640282706,0.067676719335173996,0.19721828367988481,0.042963689555319408,0.97941771985305259,-7.6261326834427381,9.5487616413836278,-2.972035598506698,0.2441728767209854,0.1602637003162937,0.6313993174061433,1,5
0.084210791730574372,0.98046673235148163,-0.17774568717164191,-0.99465860550630614,0.093396679985920369,0.043946770755760617,0.05968920378394757,0.17309548497756069,0.98309468111266995,-2.2511549467999608,-15.955187135286883,-1.0010891886959585,,0.07528925873869741,0.3888888888888889,0,1
0.031202942326970535,0.99944345442628402,-0.011796516205949835,-0.99778553529680281,0.031840446521797905,0.058397016343012191,0.058740122085447301,0.0099482345041729571,0.99822373779009932,0.9233253829984811,-15.764056190123638,-0.25837883318654825,,0.6452116144117477,0.40625,0,2
-0.97928885530487497,0.061807495559516222,-0.19280345268777965,-0.044361127700811499,-0.99462759801744371,-0.093530912596656773,-0.19754854650131143,-0.083040801746560255,0.97676957212052207,-4.2365605634428452,-8.4980291972455131,-1.8130704295273756,,0.1263945099905767,0.3333333333333333,0,4
-0.24153190106631903,0.95906726226848638,-0.14782532669377477,-0.96926774697807583,-0.24576978316663964,-0.010828127736066397,-0.046715901311389293,0.14066698307369199,0.98895420745230189,-20.967665819432288,-0.32059848515297762,-5.7759098203191961,0.3828699217534517,0.3028156743679614,0.8484848484848485,1,2
-0.073298924808781557,0.9826750012242722,-0.17022664183597622,-0.99730316714874034,-0.071590248350792279,0.016162584451883559,0.0036960001310832116,0.17095226909856742,0.98527237922976518,2.870897419568005,4.5586994014580968,-0.42720379282463605,,0.1563168783637083,0.2602739726027397,0,6
0.58069333373378851,0.80572116285465689,-0.11665616094008015,-0.78801515292472601,0.5922678351987769,0.16808013014623169,0.20451740981676536,-0.0056761886062156163,0.97884646904647232,-7.6215003213090791,-5.1956408910820491,-2.6938892755675865,0.1554055092329974,0.1407357952101319,0.1666666666666667,1,7
0.97553309845781599,-0.062549697644656774,-0.21076695456796327,0.11123364846920554,0.96734201263722486,0.22776414563137715,0.18963715158565597,-0.24563584003871261,0.95063178193607278,4.6110847743334169,2.7467949279674815,-0.015443839570168245,0.9852604953252884,0.5376309237167718,0.2857142857142857,1,4
-0.79969160318881627,0.58475475251585585,-0.13621754365507616,-0.57996525667695309,-0.81101849709803675,-0.076741764460295153,-0.15535005901813592,0.01763169801702839,0.98770212229603871,-13.238818022855556,2.2951198560261372,-4.2093488386846394,,0.1108849579855276,0.2,0,2
-0.96970976151038568,0.15086089450578205,-0.19210405758438823,-0.14973919289240342,-0.98851444302147806,-0.020429636557421044,-0.19297966873067807,0.0089546885402015056,0.98116189337425075,0.068033761549728206,-8.1735391317028832,-0.89079423439152128,0.163500295200784,0.1149305965511682,0.6027397260273972,1,5
0.91500907687437616,0.3578013123760721,-0.18637760085230795,-0.34911885233375695,0.93377228667875001,0.078646955286893375,0.20217422234959168,-0.0068947438457638332,0.97932530158504438,11.000380622498419,9.2335168813293826,1.6499695602918356,0.4165877745003084,0.4069415018202802,0.7962962962962963,1,5
-0.28716983062148338,-0.90896862269598966,-0.30217467024054867,0.95233365385734359,-0.30482617554376856,0.011900186304467372,-0.10292764503062327,-0.28435373332790159,0.95317829089364714,8.3787552974335178,5.8041826418286302,0.85603358399547325,0.2810290776478708,0.2219505285399005,0.4210526315789473,1,5
0.021085704899221097,-0.97019443152786067,-0.24140869512350824,0.99897423227435211,0.010766972249243207,0.043983582851478777,-0.040073386440028176,-0.24208849072377647,0.96942626659190123,-7.9128042930000788,5.3221350676542079,-2.9742567568989475,,0.08028828971147273,0.456140350877193,0,5
-0.96357713190105798,0.18073856244547826,-0.19711083918058531,-0.18279212642686549,-0.98311999888317414,-0.0078807558199643392,-0.19520796447296254,0.028436593345389286,0.98034953499516297,-5.2239074937267018,13.705875805740481,-2.3354641753367487,,0.08240922814299757,0.3,0,3
-0.23939096404032811,0.96157976605103335,0.13437380643965768,-0.97088864159150623,-0.23591017423317087,-0.041492593578555753,-0.0081982903365641624,-0.14039495437698316,0.99006163687976612,-11.476207459435164,-18.268023930179698,-2.9603670176476076,,0.2304408767513693,0.2307692307692308,0,1
-0.12103676441633685,0.97736330098698176,-0.17352544350456203,-0.99249934396118711,-0.11612970095385154,0.038196135838358292,0.017180043545855759,0.17684702553393361,0.98408839829741024,-10.569212155261692,11.904220403118607,-3.6633417182403809,0.9033458867534794,0.9281197577546649,0.7222222222222222,1,1
-0.94667061121096907,0.23990205729378319,-0.21508546388740615,-0.2200364148969863,-0.96900105007793547,-0.11234296180508799,-0.23536934802291395,-0.059025145947033078,0.97011200495468508,-17.305119499451813,-6.0676447880495328,-4.7756262124407716,,0.1775547152818408,0.3928571428571428,0,2
-0.39708553086505033,0.90533185277231365,-0.15065628939234965,-0.91670586609064664,-0.39918540927496715,0.017359841501995509,-0.044423375070097672,0.14500084612797004,0.98843377035062596,-2.0148802785567739,-12.380000375610482,-1.1153478365277099,0.6821562654087021,0.6880710723049857,0.9470198675496688,1,5
0.024429865488848342,-0.97104788959412724,-0.23763244262303274,0.99900090176256362,0.014815111788706807,0.042162907161068151,-0.037421650815824645,-0.238425058619014,0.97043964854736742,-15.231709326045241,-0.18024183755870021,-4.5691404484809999,,0.06290588993206736,0.1923076923076923,0,1
0.79778109453175039,0.59610836889811014,-0.090554611905509078,-0.57035469321437093,0.79480694308560162,0.20731002665395229,0.19555267611583188,-0.11373977207888335,0.97407515886166607,20.798279752585469,-10.595996169821467,4.2230713297833944,,0.336253468190745,0.3809523809523809,0,4
-0.94274707026399551,0.31421021742393407,-0.11180295512667163,-0.27885390124070381,-0.92652944558378048,-0.25255432728237204,-0.1829438801148929,-0.2069181619206388,0.961101665275787,6.0990054461429306,14.351950705206805,0.39292851416686109,,0.2634460345290569,0.2941176470588235,0,2
0.80428875970607538,-0.54332433373884648,-0.24066212701150733,0.57711433742773033,0.8107100787290592,0.098428704057686486,0.14162850188368123,-0.21805466428022718,0.96560526657626622,-3.8937992791758487,4.1201097060725838,-2.0725994166987247,0.2546041087731063,0.2344207551346935,0.8180995475113122,1,4
0.540285132470395,-0.75557872984569885,-0.37039540849774039,0.83880564472620123,0.51866523401837594,0.16550367185088324,0.067060167065922813,-0.40010893269886294,0.91401081829903241,8.7713007624880497,0.3030651990554219,1.0779885447910462,0.6393655114574167,0.6176141428042021,0.2375,1,2
