axis_00,axis_01,axis_02,axis_10,axis_11,axis_12,axis_20,axis_21,axis_22,location_x,location_y,location_z,dbh,dbh_approximation,score,reconstructed,number_clusters
-0.88825920864241403,0.28597096925408266,-0.3594665255706484,-0.32933177615300319,-0.94201686738028712,0.064380142799926918,-0.32021267850892665,0.17557000402947917,0.93093448437966242,-1.0832357488177105,-15.705820515540019,-1.6904871264026551,0.4686487484556477,0.2654494352714248,0.7288135593220338,1,5
0.49505001612589727,0.82663981996753066,-0.26756698147902724,-0.82499063059062261,0.54382932349088897,0.15375345963304263,0.27260950271668183,0.14462460010486175,0.95119282171023178,-21.569793380477741,13.980974110801295,-10.897507758927745,,0.07727730387092047,0.1666666666666667,0,1
0.8550454261168573,0.42685393456179194,-0.29443681465767874,-0.35843672060683984,0.89683127208951618,0.25926200400929322,0.37472714953317293,-0.1161438244222141,0.91983160168115852,-6.4747470030530385,10.804917801228243,-5.2343162234869611,0.7179145328434116,0.5075124462121885,0.8421052631578947,1,5
0.79010520613493351,-0.48054956919784214,-0.38053367102300295,0.55559926465839038,0.82367634397468725,0.1134316423558646,0.2589270560399789,-0.30104715896394263,0.91778395482281605,2.9061467197403177,10.384117146771418,-1.7835581471478128,0.2200543453476873,0.1779207179136889,0.7422680412371134,1,5
0.80879235025570095,0.5309884132627376,-0.25279683373922829,-0.46457467361627791,0.84044488691080876,0.27896731833640559,0.36059022005898544,-0.10818362651620132,0.92642916413054188,12.084648749415535,-9.6125523288659274,2.4690146144378273,,0.08967106813294126,0.3,0,5
0.89996421808683891,-0.15206605542272184,-0.40858330968300555,0.26837627788721446,0.93181196355597173,0.24433714011866769,0.34356743098080428,-0.32954875111603521,0.87940834713295291,-6.2517285212951714,8.3959927029356134,-4.8384568747341641,,0.1563776321815051,0.175,0,4
-0.92242544904446788,0.14644410931129098,-0.35733095836091966,-0.15142049299751703,-0.98836774353075973,-0.014178781622626459,-0.35525079205471105,0.041028360873131026,0.93387019887592682,17.534302150643573,-0.34432874435937438,3.8243345247863072,0.2211156120668109,0.1557149649991165,0.375,1,5
0.31686832260101311,0.89782759029975667,-0.30577783475679482,-0.92473382492013734,0.36411589067085209,0.11084661117754492,0.21085971445630411,0.24763932696061308,0.94562833320597028,12.450696601160343,-8.1019352807413512,2.5459488217979436,,0.1163164903176406,0.4444444444444444,0,5
0.094872524714125758,-0.90205474236789696,-0.42106584500046418,0.99377247421974024,0.060988248294257662,0.093256115366092004,-0.058442052817671265,-0.42729108970534979,0.9022232822981634,8.2464905746124675,-8.8344040107324524,1.228097160375387,,0.2649746296916734,0.1914893617021277,1,5
0.29994281834768588,0.93476322555083258,-0.19039962678390576,-0.93146574922345082,0.33006292416299421,0.15306869084358488,0.20592684075963122,0.13143887648172067,0.96969993193976267,19.025665560326637,17.314567570287881,3.4085523735209358,,0.2396107616442391,0.125,0,1
0.74865851644582904,0.62551921343448769,-0.21962727375585722,-0.5644286963707148,0.77517546167341422,0.28376618955165261,0.34775087701742152,-0.088480038673753633,0.93340270531529157,-8.4384117000079986,6.6087837195697565,-5.5123300252067429,,0.2257664503256887,0.1639344262295082,0,1
-0.16125052500993597,0.96461200939811786,-0.2086191254629938,-0.98686151831972546,-0.15542873502634172,0.04411634603857964,0.010129750426562193,0.21299197086518448,0.97700143730869626,8.6162101720811588,12.323163855185163,-0.0023688461145133484,,0.2909747732501633,0.3076923076923077,0,5
0.90092948818755803,0.24945075898732946,-0.35510614772874788,-0.16945797940854287,0.9555386782686115,0.24130857329869146,0.39951226580529403,-0.15722643916759463,0.90314439393587542,21.561249789085995,-6.7851970637110561,5.3215015088721156,,0.2610515228198643,0.2222222222222222,0,5
-0.73667927756802509,-0.52174727465145798,-0.43021323014945528,0.58180675254518499,-0.81326605010523711,-0.0099616484103320982,-0.34468035147753612,-0.25763950228953908,0.902672333776393,-5.6713094910509065,22.524539746068161,-5.8044488553878084,,0.06950229787726915,0.4375,0,1
-0.70348502995073436,0.68597980444296791,-0.18585080180511054,-0.67815152482368091,-0.72614229414883702,-0.11326022261844851,-0.21264835295513412,0.046358133532873394,0.9760284839290384,-4.9268022488561254,18.182618122073841,-5.2972053568359758,,0.3189267676626792,0.2222222222222222,0,1
-0.73959915165535139,0.58182801088832392,-0.3383330616661957,-0.63185108550889135,-0.77339471510154711,0.05123300102700503,-0.23185620675737967,0.25166799637366311,0.93963073544310249,-10.451487918427503,8.9115806478688615,-6.5171260415776073,,0.08899239591709747,0.1625,0,5
0.75167952541170646,-0.51061658443307512,-0.41743094612011317,0.60994911035888577,0.77897084811357653,0.14548711476147905,0.25087840450950788,-0.36397131959965789,0.89698656882901429,6.7990174679416606,5.4770870080329983,-0.17647489853745532,,0.1307061308320998,0.1875,0,3
-0.4492623893757835,-0.74780457299228453,-0.48882678537922708,0.87283642644503601,-0.48410900480341512,-0.0616039295735758,-0.19057774834177557,-0.45434215309618126,0.87020303938615662,-12.84634037143031,11.252429436208901,-7.5826284068215379,,0.3505071625075017,0.2058823529411765,0,5
0.61849464788731567,0.72313614498085721,-0.3074711146709056,-0.7304935780757279,0.67331506051080514,0.11413133522153296,0.28955742595358297,0.15401605472013122,0.94468807125081222,-7.5710440466128039,-9.7229316068995413,-4.0477648886355446,,0.1428994178796524,0.3725490196078431,0,5
-0.81104808192636924,-0.32949120545120686,-0.4833596531919776,0.44158893927158199,-0.88677787612763903,-0.13647053573410364,-0.38366680533577219,-0.32413044278633379,0.86471916744257404,-9.1733978151696647,-3.6088056063276799,-5.0209312744884302,0.6694645438180423,0.3800024207970732,0.6091703056768559,1,2
0.5417949061171925,0.79826348902817501,-0.26312294044804801,-0.77701102957533097,0.59505428983605935,0.20533935829739614,0.32048734705717502,0.093197608511524074,0.94265691857853895,0.75300389977869253,-12.636902276458006,-1.1361956158516369,0.1240193981498676,0.17241185604661,0.2195121951219512,1,4
-0.91907704057235151,0.18058783898644365,-0.35026479398160354,-0.18740567880503944,-0.98217347962879631,-0.014641293163026679,-0.34666483098865281,0.052185135087202905,0.93653628153507196,13.177553908523844,-6.8744849286539953,2.7743521534377598,,0.1060483216006314,0.1904761904761905,1,5
0.87746524902719791,-0.28309278846696062,-0.38718627282954976,0.37253404262928919,0.91071167476834081,0.17838899215737214,0.30211442175426961,-0.30077020889483846,0.90457954741937363,-14.97647323457408,-8.56321754519481,-6.7530932891954691,,0.4752944623130446,0.6558704453441295,1,4
0.92706560524163206,0.13498127214843747,-0.34975622903267262,-0.059137505652937926,0.97390653026251373,0.21910916397353042,0.37020550914743899,-0.18244485874153907,0.9108577026713145,-8.1591246422257839,-19.353051357435966,-3.6325302867961251,,0.2678096318636175,0.4736842105263158,0,1
-0.93522071632312365,-0.0024367228088427741,-0.3540568798117304,-0.00068857120134048478,-0.99996190980808564,0.0087008506864732355,-0.35406459527855344,0.0083810091826988543,0.93518341572940411,-2.3567593403762728,-9.4991775129193066,-2.3193603845091504,0.2268504578006484,0.1459532741268474,0.45,1,5
-0.65663480292831244,0.71078292326593173,-0.2522268256487275,-0.73039357267759608,-0.68266259516880223,-0.022293724423111977,-0.18803181798449381,0.16958601696759487,0.9674112973676261,15.262592385009064,-8.0019438315635885,3.492978764046311,,0.09955154965004165,0.375,0,5
0.53903390281535168,0.77736234844278818,-0.32426876328003773,-0.79127609500311336,0.5992982460629509,0.12134147577187357,0.28865999565626582,0.19117895148102967,0.93815031600396548,0.54476232323186946,9.0976436020040889,-2.5193732558946662,,0.2110679731926541,0.6174496644295302,1,5
-0.27067064987650202,0.93241736455016144,-0.23944781807476131,-0.96266176142427429,-0.26101353946158978,0.071793212139080909,0.0044421151432642086,0.2499395737034554,0.9682512468930724,-10.625751560773267,-16.117498264900856,-4.6668129367707989,,0.1484426800969967,0.2,0,4
0.21828622845112111,-0.88634444985010374,-0.40834377513132353,0.97587758849159456,0.19986381383686447,0.087848666457789243,0.0037489663126948633,-0.41766969262624154,0.90859120241893487,-0.06384286292345541,-21.824477789575074,-0.91992992002862906,0.6965441209082567,0.5669938706754424,0.9108910891089109,1,6
-0.45622746151542365,-0.76071336317674121,-0.46170518996815063,0.84882414808938933,-0.52777620599255903,0.030819506946472942,-0.26712182422916442,-0.37784580912381854,0.88649787114693723,4.5632960434234171,-11.973362346517208,0.12157647381615456,0.7139753866883147,0.3176810401620213,0.3333333333333333,1,5
-0.87904978479497242,0.35085931380588431,-0.32275256430828686,-0.3589905363575529,-0.93264227909338893,-0.036113350068972892,-0.31368339238414794,0.084119683565451422,0.94579416797695426,-2.8768344695849541,3.7331868783300277,-3.3849730050365427,,0.2060967723329973,0.3106995884773662,0,3
-0.40351731822244741,-0.83007022913373252,-0.38491192317261058,0.88238089437910727,-0.46431347859523919,0.076268937514008484,-0.24202836843909753,-0.30886308989690203,0.91979664087777968,-25.889077543944115,11.654438686866753,-12.371312578019934,,0.1017393072992722,0.4736842105263158,0,1
-0.17122268328729889,-0.88668261343321808,-0.42950755029817017,0.97229229488818014,-0.22249502669469462,0.071719288878253934,-0.15915554036530641,-0.40532691266601689,0.90021086854117793,13.45275693264349,-5.8819435880873501,2.7645581708293649,,0.2795964811331475,0.1612903225806452,0,1
-0.46443253764597375,0.86094241314760622,-0.20755861634559339,-0.87999357948974255,-0.47498421321045758,-0.0011389721997851403,-0.099567655554154033,0.18212127400284259,0.97822191936340808,-11.867021972988452,-11.593903706153856,-5.4566174205140436,,0.06774556501652947,0.4705882352941176,0,1
-0.58128468651105691,0.78596609733503198,-0.21063097366645922,-0.79743717564055094,-0.60174479672016179,-0.044689490113800689,-0.16187051656852983,0.14198765249186091,0.97654362032921349,-0.51266296999441519,-5.1339811590905278,-1.8559735435486531,,0.5224411010559091,0.3765690376569037,0,4
0.91145783027125848,0.28443107372291593,-0.29722649265844275,-0.21658977738823956,0.94601990186089435,0.24111245014311619,0.34976205049736736,-0.15538761078005234,0.92386211008350394,-5.8187106692860917,-24.215837233878876,-2.6962214686205765,,0.2328157764770191,0.32,0,3
0.87951830053758839,-0.16986704438672698,-0.44451405630282398,0.35931805875069917,0.84949785882058426,0.38632100708461597,0.311990531386934,-0.49949832341116074,0.80818520973495811,-12.901022069611129,15.786380142722445,-7.9552807115299835,,0.3221718571816668,0.25,0,1
-0.039476361654678549,0.97127234256583928,-0.23467350390953198,-0.9946475948675837,-0.015753341210937032,0.10211755120851458,0.095487061399127895,0.23744866562556174,0.96669558408942791,-8.077582333497352,-15.29526985965504,-3.8372042225661258,,0.493065312597063,0.2857142857142857,0,3
0.88692212467598897,0.30200279950382625,-0.34951888912057538,-0.25768085434488347,0.95147002270600978,0.16824200782181511,0.38336630272406602,-0.059153233078814121,0.92170015349461831,-6.4325290318176167,12.279249167723055,-5.2910117794009164,,0.158029673959967,0.253968253968254,1,6
-0.59564369889229152,-0.63960451928864714,-0.48591629204570386,0.72337353934107074,-0.69011680964576361,0.021668216943792444,-0.34919809070365704,-0.33859245111178937,0.87373671406152398,-10.838212966205905,-10.191287092052958,-5.2820087164468941,,0.1438510263393461,0.2258064516129032,0,4
-0.9261379437912739,0.08522563287167341,-0.36743040235083246,-0.093762137503659318,-0.99557992902808046,0.0054098509395037716,-0.36534527592514005,0.039461328133572879,0.93003528585807871,-1.4254673961651636,17.893414886590126,-3.8867407593017482,,0.150576891014634,0.32,0,5
-0.88186059027790376,0.32572595546212751,-0.34091714719707239,-0.34122762090166858,-0.93985596677250238,-0.015312493458320756,-0.32540069153044721,0.10282686254285969,0.93996863048247381,7.0702489616344391,-12.812765992180308,0.93479985741430005,,0.25503200969127,0.2,0,6
0.58875268458456242,-0.59971159413741615,-0.54195597630400694,0.79298276721679373,0.55849101341362328,0.24344633666050419,0.15667995178600949,-0.57309143406037966,0.80437404291470682,-23.879766636573024,10.602577289896681,-11.518559176345192,,0.2842920418246261,0.2580645161290323,0,1
-0.92701404840803103,0.10209064283022171,-0.36086348485357345,-0.13677508672410119,-0.98799308592240265,0.071848714819002873,-0.34919554651479695,0.11596190243368674,0.92984692690689275,6.6204756156328992,2.4784268944138037,-0.017732510023706377,0.4019845109551801,0.3423005149084317,0.8927038626609443,1,5
-0.88696110179813381,-0.25344819975832877,-0.38608809090193735,0.26979540694957266,-0.96283966757999606,0.012256138190988041,-0.37484722526111197,-0.093294075769602886,0.9223804926061373,1.7185004251855009,14.503916345273742,-2.552142339514031,,0.0851733936904525,0.2777777777777778,0,4
0.86147552405822325,-0.31253696867856195,-0.4002256421792928,0.40490444764722117,0.89842297345873745,0.16996631736041456,0.30645115389587024,-0.30847496490117005,0.90051701055844213,9.6583238405490608,-17.513151902631687,1.8784167495330122,,0.1341945976096695,0.2142857142857143,0,5
-0.5333787188018706,0.7696571944377868,-0.35090589248319876,-0.8355378685413688,-0.5440474563389045,0.076738748260018697,-0.13184692852934385,0.33412597669340655,0.93326106697753952,8.4645228441897302,-4.285967022078002,0.94349300339749587,,0.08577782076012451,0.2,0,5
0.23362249677703106,0.93515525647644926,-0.26628025703031877,-0.95801736244039026,0.26819563348958086,0.10135993014934568,0.16620247369526106,0.23142114955549956,0.95855150580236792,-8.3723020952788083,-7.4889648321880813,-4.6382042473462546,,0.2251998108504746,0.4330218068535825,0,4
0.93052754639755642,0.14969120645194645,-0.33423199743038579,-0.0024454178606755994,0.91516823332659869,0.40306466558278214,0.36621374267882323,-0.37424543740817212,0.85195530824822929,-5.3011908312161751,-21.736704606280291,-2.630114360254562,,0.2669794737747036,0.1666666666666667,0,1
0.14067228359253128,0.9509688129310423,-0.27544441446757978,-0.97971313043213715,0.173816440961366,0.099749821605791045,0.14273573724798433,0.25582447436484523,0.95612778833596612,-9.7985529920025556,-12.987439208457156,-4.5726958094155332,,0.1363456166896055,0.3333333333333333,0,4
-0.19070852572430122,0.97832923225384305,-0.080636043638498078,-0.98148759232903238,-0.18855428237655605,0.033606378882897969,0.017673831509395627,0.085552299297378009,0.99617691188097168,-16.599820108791938,-6.6534396090783288,-7.5633099916123872,,0.2729844379880575,0.2333333333333333,0,1
-0.92881109184227684,-0.038637978294661222,-0.36853366508917107,0.033915845801304093,-0.99923861357626409,0.01928493043196992,-0.36899819928332733,0.00541292633286656,0.92941434740064943,4.9561272042994542,0.87833097776586067,-0.40659765087523841,,0.1057596435513212,0.3131313131313131,0,5
-0.63945213074206453,-0.64679208974775027,-0.41564523951222165,0.71948207246372975,-0.69398725183327648,-0.026967419160770979,-0.27101018411257216,-0.31629367197690594,0.90912694007747641,0.12281782330879944,16.552155986762273,-3.2722574020980733,,0.4551531839924519,0.765625,0,4
0.37419198863477032,-0.84424588790197796,-0.38370462129372029,0.9257280253841752,0.36453283933670394,0.10071460700135075,0.054845042254260415,-0.39289272047942325,0.91794734682028811,-5.5518012541378887,-10.112747119438517,-3.3323050693694958,0.2571339257756862,0.1966409449371584,0.7658227848101266,1,5
-0.6588937555369031,0.67836299318660487,-0.32508870849259974,-0.717428212839894,-0.69663231016946137,0.00042877653240369228,-0.22617643187527695,0.2335103293279967,0.94568342893449198,-3.9885389257988253,18.407047222727567,-4.9472165893692468,,0.3306811423289807,0.1904761904761905,0,5
0.89348075061711185,-0.24012263510561291,-0.379517151636943,0.32033140671793858,0.93303567999472392,0.16380540200765231,0.31476965887262431,-0.26792823659838222,0.91056824120243296,11.565546376023415,12.501851069403054,1.0908970043718429,0.6046882519310118,0.2731215542581685,0.7692307692307693,1,7
0.92309229149275041,0.1317774729275519,-0.36129671879978592,-0.096219834644877225,0.98871953486029918,0.1147842533039525,0.37234710259054749,-0.071192548868977676,0.92535898773284875,-4.280902435577727,-3.8767905549251891,-3.2427823372304343,0.3802290199529761,0.2847323300077272,0.7310344827586207,1,4
0.90712932592117246,0.24591254010158914,-0.34153097762074519,-0.20878112521583247,0.9675766390563878,0.14214742103166669,0.36541322883471045,-0.057640872418166504,0.92905904119138882,-5.6448724405889248,-12.882588267071815,-3.2622638308399572,0.1735436569969366,0.1395743260376976,0.2741935483870968,1,5
0.40125005276015163,0.86911639653679573,-0.2891973105526231,-0.87858789754625177,0.4544646217324198,0.14678288006053306,0.25900135413783421,0.19518861868588375,0.94594910100399399,18.162145319429392,-5.1727699282304922,4.2261893424908763,0.8293524942062971,0.7511735771285327,0.3090909090909091,1,5
-0.83699469919177405,-0.39872471260164216,-0.37477790367844649,0.40640034856448487,-0.91157524837126735,0.062203884472983584,-0.36644048658893874,-0.10024554911616279,0.92502551298375646,5.1531196502961603,12.439207930588241,-1.187035521071095,,0.1206109215864353,0.3571428571428572,1,5
-0.58065325505024934,-0.61683750146703409,-0.53136926349145996,0.75692247406738811,-0.64938141053198606,-0.073294965087596017,-0.29985023870468047,-0.44476429762222874,0.84396359750249383,-22.264902024405551,15.619112082461207,-11.366212750296981,,0.694567535529928,0.2,0,1
-0.92836516096744204,0.081033226532428976,-0.36272819589830885,-0.064429309110037261,-0.99625493555130462,-0.057662531311688262,-0.36604233638952349,-0.03016155810650735,0.930109288408136,13.646380037330353,-9.2441003297845938,3.0489340471899005,0.7265819699480083,0.5051835020515025,0.4318181818181818,1,4
0.34098946963453897,-0.72668954536782637,-0.59636271366632065,0.93896788077798565,0.29395245555091759,0.17869323642176274,0.045447777345587442,-0.62089794534100995,0.78257283431362357,-19.316497864437835,8.5619444019157989,-9.6961318522211712,,0.2263136110538184,0.2272727272727273,0,1
-0.49652172569225145,0.85391700754702204,-0.15585865435556806,-0.86463131724529396,-0.50240326510710809,0.0019090438404804544,-0.076673731839898465,0.13570815536163131,0.9877775232379441,-2.3975456848609662,12.942039459773294,-3.8826856416535729,,0.2738385432591075,0.2325581395348837,0,4
-0.54445960736188903,0.81524475937193142,-0.19733149335050457,-0.82773932440516051,-0.56026546756173501,-0.030825585008551568,-0.13568841801947146,0.14655575107935151,0.97985206283445725,0.26446957742455368,-17.756430273127517,-1.1156769151729533,,0.1035184608019789,0.2857142857142857,0,2
-0.93093245628636523,0.055684628911336992,-0.36092102174248697,-0.056296928778296111,-0.99837505812108807,-0.008826048484153649,-0.36082602129387159,0.012102290060970926,0.9325546187395749,-27.404573815761307,-21.243487535135475,-10.126026715518154,,0.4337648615712918,0.7380952380952381,1,1
-0.78404815522897897,-0.48770759629840305,-0.3839398270495894,0.50707932625024732,-0.8600164376373779,0.056941056217013584,-0.35796514798459084,-0.15004341873720312,0.92160074073430631,13.720482657793431,0.78390551408080866,2.4968569784635228,0.5222285131622225,0.3800083413942228,0.3421052631578947,1,5
0.92960644053871411,0.11183815133765336,-0.35117530325226431,-0.031285695443380938,0.97335365161165932,0.22716486117987941,0.36722346189965549,-0.20018715443211144,0.90833475780177397,1.2364315960508789,18.493661392026876,-3.0142720458088044,,0.1125203914760451,0.3478260869565217,0,4
-0.91768064435194485,0.15646871069277038,-0.36521196250388782,-0.099096548745189347,-0.98027839951606821,-0.17097992124518002,-0.38476240591901817,-0.12071371925492881,0.91508802252846189,4.3747512845314454,-21.64767014597772,0.46677115314957834,,0.2746012755532939,0.1764705882352941,0,5
0.8785218623232609,0.35589411849714453,-0.31865139861486497,-0.29765060842159619,0.9295518955324239,0.21757157171453007,0.37363545432188672,-0.09629459969914074,0.92256376329360512,-8.9783574846107577,-8.4732625907542456,-4.6891935272381673,,0.4716653920382118,0.1666666666666667,1,1
0.19187342518943087,0.97349987859317322,-0.12442899615906305,-0.97259283599792978,0.2055792429605876,0.10862941696085295,0.13133074305576359,0.10017565194610904,0.98626420125927317,14.564571213121747,5.1307522826738836,2.4434847739792627,,0.3019954730657748,0.1538461538461539,0,3
0.25322412677768424,0.94396164488940704,-0.21169306695157517,-0.94872947449497735,0.28510892878269861,0.13647447729471421,0.18918225562182814,0.16628082182280307,0.96776069482686156,-17.13691419663423,11.436660366789656,-9.1058344764413981,,0.08544774371823255,0.2068965517241379,0,1
0.54208877593567262,0.78066781144200914,-0.31096226006206457,-0.78897686314324678,0.60020471337621406,0.13141465468363261,0.28923220503465014,0.17410361920224271,0.9412930794133535,-13.782295216251716,-12.460807374899161,-6.0030858598910219,,0.09153987632003514,0.3571428571428572,0,2
-0.91541004658763314,-0.13665395893972451,-0.37861608802654817,0.14864012788424205,-0.98888829691212521,-0.0024593927689537899,-0.37407293271363934,-0.058528896592502856,0.9255505438789825,-20.459372469378287,-8.4265341372365743,-8.740128769669246,,0.1271624330716631,0.2083333333333333,0,1
0.51764761422755912,-0.75655011262510796,-0.39959088399443504,0.84680027092840748,0.5198075875257453,0.11282452351435633,0.12235296743476672,-0.39677701425057688,0.90972399788194314,-8.0342719299110996,-12.517897847963972,-4.0274852764031479,,0.1573086009336914,0.2352941176470588,1,5
0.69035793437328841,0.67442523471465077,-0.26183301019530325,-0.61906522963316579,0.73797392538944095,0.26861259632514312,0.37438504765425806,-0.023347124563573313,0.92697936755222921,-3.3988825012133055,16.926083626675648,-4.6233212538914366,,0.1641821501386276,0.3636363636363636,0,3
-0.49676425798911222,0.81019124427876343,-0.31115176309729514,-0.8612327969118535,-0.50449184921109291,0.061368099228813276,-0.10725363167703149,0.29845958147394153,0.94837679047859813,-2.9997615992162161,20.607062109569952,-4.767608507881576,,0.1733995625429556,0.6086956521739131,0,2
0.85000072508158608,-0.30723565725017588,-0.42790772168170854,0.44179763060333255,0.85818006789967127,0.2614226934544826,0.2869035046040031,-0.41125809654494061,0.86518966537527076,9.3842811214158832,-10.699070371296063,1.4977098620488318,,0.1571986743765832,0.2222222222222222,0,5
-0.0067178974785939019,-0.92192384753659185,-0.38731290863692491,0.99508470637045565,-0.044431187829167933,0.088500263817197958,-0.098799276318663101,-0.38481461626530894,0.91769080528655844,-0.8606433914461753,15.199031040725519,-3.5489482563607222,,0.07604958311813115,0.3478260869565217,0,2
-0.50963607090114982,0.81393534448288674,-0.27889125163397011,-0.84756797261877126,-0.53068684858360549,2.3050105056283251e-05,-0.14798515813196952,0.23639103989349028,0.96032269015718363,-4.1748401530858734,-14.52166086040897,-2.6756616080064854,,0.1303744314837897,0.3636363636363636,0,4
0.73203137785051642,0.65133554397385163,-0.19972999523997767,-0.59890486657551045,0.75498876639141399,0.26702981746415755,0.32471991413284912,-0.075854939055132894,0.94276349398271531,7.7589118704751581,13.499731430264701,-0.36199654494170813,,0.1538295713645358,0.3181818181818182,1,6
0.23623096540407518,0.92967251512372429,-0.28267285969436162,-0.95905338296321208,0.26984914718437975,0.086011896797376225,0.15624192654687219,0.25077968894508285,0.95535229523015774,-2.3992833842687262,10.62341390378206,-3.8093845542963227,0.7178187690302187,0.4725821804357526,0.7,1,5
-0.092876802050744792,0.93991180287285658,-0.32854178191079914,-0.99402541372904396,-0.06852842213443669,0.084954883441551471,0.057335647738818753,0.33446921858380452,0.94066091941693286,-20.576522993139996,13.960425521916742,-10.571809183499463,,0.08510983705915225,0.3684210526315789,0,1
-0.91891220838609033,0.17709336840865861,-0.35247452694439407,-0.10794706988680923,-0.97234357725652387,-0.20711204182963197,-0.37940451154651755,-0.15226919134763278,0.91261509410292296,-10.538899344971936,12.991344498398627,-6.958834744677258,,0.5919153039420928,0.1944444444444444,0,2
-0.44525081859603766,0.83437725411239561,-0.32490968954375582,-0.88862815426130992,-0.45632524062123647,0.045905100218934076,-0.10996232079079694,0.30916318117109615,0.94463030621215638,4.9481968990387104,-10.447007086857205,0.15430435104791543,,0.08524186536904391,0.3684210526315789,0,4
-0.25271232936318194,-0.78346638620567188,-0.56772960137169237,0.94669632188338315,-0.32136923157021247,0.022088257795618592,-0.19975623324519631,-0.53188555036379503,0.82291871323593957,14.454336127942291,-12.252643190855204,3.2657294618971662,,0.5039744789281646,0.3939393939393939,0,4
0.77806187346678624,-0.38428601175167404,-0.49693458546306402,0.56368107566895442,0.77626367797366747,0.28227353257343285,0.27727849896817708,-0.49973889525509885,0.82059592405712589,9.0743273431934757,6.685184863568721,0.4825787820823092,,0.5447750561011218,0.6666666666666666,0,2
0.62246170451122351,0.72636112263291652,-0.29144630027576318,-0.71774134402945045,0.67826592878415048,0.15748870728204672,0.31207176977063938,0.11115237009628513,0.94353397455216104,-10.778026099077026,-8.1389507550898834,-5.3637736479005556,,0.1105334093057208,0.2625,0,5
-0.70382084505775011,0.67021235128676471,-0.23548168133606395,-0.66810888343564645,-0.73715480212716422,-0.10115986148287143,-0.24138504083013704,0.086128983992186978,0.96659974145449934,-4.0056226350213135,-5.2439021696070665,-2.9785484027688574,,0.5805775290847043,0.1705426356589147,0,3
-0.84220267454227693,0.45759193580512847,-0.2851390455198145,-0.45565979420176,-0.88679416753149021,-0.077267434150105493,-0.28821659726990967,0.064851559104206813,0.95536666696086292,-8.9053536821680055,16.554382136731906,-6.5552405794504285,,0.1863780135924605,0.16,0,1
-0.35272359739303744,0.89550984146297363,-0.27138199587495643,-0.93441475688498776,-0.35244733799230071,0.051477529638768497,-0.049549227619446794,0.27174068113755323,0.96109410374698234,-11.971829038541403,-11.578037047445541,-5.4804924224611336,,0.0700965601585497,0.1904761904761905,0,2
-0.22941423947071066,0.93924672192192582,-0.25531294931317505,-0.97329411123123066,-0.22359023407308959,0.052019037570387672,-0.0082267715833035937,0.26042849802979973,0.96545808694280377,10.904185868518297,0.042909642836228647,1.608089407759453,0.3323684551739817,0.4220911306589337,0.5581395348837209,1,4
0.74078554706030497,-0.42451681603504893,-0.52059796980974615,0.63047261605807148,0.70684417832136504,0.32074224538418056,0.23182116742751621,-0.56582398365274222,0.79126617889044437,-12.781595478971782,19.00439165310328,-8.1466795037045507,,0.723900020336902,0.54,0,1
-0.048448714339127022,0.95467596240567887,-0.29367759343143129,-0.9960061439247837,-0.024099856986299708,0.085970681963815701,0.074996555540700074,0.29666985640275489,0.95203073110010483,-17.565802327501522,-0.90343367432688104,-8.1862076404951001,,0.1450041190578269,0.3684210526315789,0,1
-0.75599956005590918,0.55445691388996388,-0.34791118957988199,-0.60905457187712231,-0.79057989943903362,0.063529135666575504,-0.23982742476799149,0.25992489923549861,0.93537257447851696,-8.0841013975061742,-12.472956351029056,-4.0365666736264751,,0.100139272980193,0.5,0,1
-0.67185179160874842,0.71223541066230234,-0.20331229650667024,-0.70753234979712454,-0.69833211335767043,-0.10830620224146448,-0.21911901812182819,0.071084310871746714,0.97310527521189338,-5.9129690520280018,-18.923001243105038,-2.9683171161902138,,0.3139436404707009,0.125,0,2
0.41964111128326903,-0.75274526018881061,-0.50722372872749411,0.90482868392819582,0.39124635814650471,0.16796231713651039,0.072016598515284649,-0.52943447233852881,0.84528855962796012,4.931248637013125,9.8475839897790856,-1.0655597765204139,,0.1125709863149446,0.2631578947368421,0,5
-0.47172891684573615,-0.78770871368990591,-0.3962156122473508,0.84308663295215525,-0.53453834160778246,0.05893802413213494,-0.25821843146635959,-0.30624131616781569,0.9162638800710512,22.308455433598162,-8.504448111969209,5.66255930672716,0.2751307657763217,0.2605696596488143,0.3636363636363636,1,5
-0.48580445738034961,0.83413564267619911,-0.26117380957237685,-0.86722193823241434,-0.49730281249802449,0.024819801166991607,-0.10917938925364248,0.23855322739111864,0.96497265176971847,-12.845339487812446,-10.667515245590138,-5.9146722723679703,,0.08253435200724867,0.2962962962962963,0,1
0.9304678168288486,0.059093113627620486,-0.36157661120093276,0.072643226054617704,0.93755613745310928,0.34016385879805755,0.35909971255089446,-0.34277761456343708,0.86807309795895959,-26.062139204383172,-17.473335364379331,-9.9426171570324655,,0.5537811983052974,0.4347826086956522,0,1
0.66530085994934951,-0.63209200202364046,-0.39728386165109125,0.71935504216325419,0.68512575984215163,0.11459064758966203,0.1997575757385931,-0.36202540543235601,0.91051332596320611,18.394042451404015,-15.394788503632988,4.6312480111543017,,0.1195312762275521,0.5789473684210527,1,5
-0.79160740026511656,0.52014219733128586,-0.32063970184754631,-0.55442295747259207,-0.83201625517905897,0.01908233070557688,-0.25685191856952477,0.19287572598228786,0.94700900009131783,-0.524412888817824,2.970487876565961,-2.4304567125677474,,0.1016828787801042,0.272,0,5
-0.91456971164874135,-0.16019057874975401,-0.37135053657502143,0.14617231583681706,-0.98706849516424244,0.065798479747627606,-0.37708871186716697,0.0058961287312977772,0.9261583768710101,24.443716314846121,-9.7576672906913142,6.3960739066498853,,0.111480652627695,0.3636363636363636,0,3
0.16024154849494962,-0.87357538827384551,-0.45955270333025,0.98661753443743594,0.12753303376786337,0.10159313972193135,-0.03014111604661553,-0.46968219712925569,0.88232088653918839,-13.78597513982729,-16.774089697068405,-5.8465544968096781,,0.09391310650970816,0.3,0,1
-0.57594616151914357,0.75736419225930063,-0.30771008971884806,-0.79885930136916272,-0.60132584115609933,0.015200308348270415,-0.17352185927812497,0.25457162654413512,0.95135873954641093,5.9585132260909681,4.7377602354041963,-0.4461596864216329,,0.322517998449876,0.2142857142857143,0,3
-0.91391400776088016,0.19062191903445405,-0.35836360083310376,-0.22436579942327392,-0.97297192760444107,0.054640791931061555,-0.3382619908703921,0.13034152092606716,0.93198171304756738,6.7127688464583271,0.74273092830164356,0.21048137559412408,,0.0687335858114498,0.35,0,1
-0.93454141882213737,-0.073676928836689706,-0.34814371553009626,0.14090481315870265,-0.9749844216071869,-0.17190465744711866,-0.32676929190886084,-0.20970714766190857,0.92154475859010176,11.496237624824696,1.1332281491751601,1.7673260743005919,,0.5032056841029228,0.3125,0,2
0.3036403463667785,-0.86195653668325556,-0.40599688290339081,0.95233004051452408,0.28775397912792405,0.1013170342521453,0.029496338617986621,-0.4174069673173329,0.90824082139214557,-19.320699013154421,-4.4383108426521378,-8.7090522156931147,,0.1820677378430087,0.4473684210526316,1,1
0.12198679338401322,0.92862552757771932,-0.35039099841589622,-0.98250055527784697,0.1630430947643296,0.090053362671206116,0.14075468417998752,0.33327402956226926,0.9322642008039993,-19.377585330482646,-15.985395850317692,-7.8159357459342393,0.4898890172046789,0.370940478633773,0.9692307692307692,1,1
0.62325337740980202,-0.63813946804131716,-0.45203235158030369,0.76083735371210059,0.62843225111047329,0.16186237042805968,0.18078094131750261,-0.44480436721346089,0.87719286714165079,-5.4713373593304668,13.724232140983645,-5.1078938990823488,,0.09396503597805675,0.3333333333333333,0,5
-0.88924958219145889,-0.17284052276417572,-0.42351072508606208,0.23814419410921753,-0.9654246966371135,-0.10603064620763411,-0.39054132096922461,-0.19514432816185964,0.89966447512495973,1.9162808705772201,-12.291977744675441,-0.75394188645967286,0.6999313728908272,0.5873197078509643,0.3125,1,4
-0.19718733997044299,0.94421472693329511,-0.26377206523372249,-0.98036505858944623,-0.18957922002702501,0.054259296262074534,0.0012267242117607431,0.26929216248570442,0.96305774820177859,-2.7884030310132055,-14.733202175876876,-2.2170122670450976,,0.1231967026370844,0.2857142857142857,0,4
-0.77304456844352287,-0.43861872082715364,-0.45827471339789028,0.52600412936724683,-0.84702553127546498,-0.076598989915796833,-0.35457263161244063,-0.30026882473454886,0.88550374465835036,-17.901642587887604,9.8461084727192567,-9.3005452810713258,,0.1114507828260562,0.2345679012345679,0,4
0.83937815683468675,0.41086316655883032,-0.35585919714692638,-0.40053644975168323,0.91012430520418031,0.10603915077425426,0.36744368582018316,0.053527632507505245,0.92850413585994329,-5.6598830500502286,5.0346917700329241,-4.4468291146612788,,0.1123365032075059,0.639751552795031,1,5
0.48902431544221509,0.8348218847428589,-0.25283915768854459,-0.82462305509164302,0.53695420557634732,0.17798033072561037,0.28434492419875679,0.12146028926465484,0.95099703585981199,-9.5705870219491942,-13.919075736781183,-4.4041167394008163,,0.322850216152681,0.7627118644067796,1,3
-0.89456218583959302,-0.200610412957659,-0.39939198524613295,0.24344278025282751,-0.96811977126165727,-0.058989162013460342,-0.37482543724867878,-0.14999856901062178,0.9148804954124351,-6.8846226084891846,21.828146532474566,-6.2053325017647047,,0.1058475370030713,0.3,0,1
-0.86008425098375574,0.41231952662433718,-0.30041253165271864,-0.42152196043329904,-0.90607230606345313,-0.036772449705249351,-0.28735747438022441,0.095003074419407196,0.95310025588532943,5.910773789535285,11.297488260212852,-0.78797418743423275,,0.2308871026653055,0.25,0,2
-0.93817105225428366,0.087066457636386263,-0.33504403989138604,-0.077348025359321226,-0.99610774285214265,-0.042268754453169681,-0.33742015305121165,-0.013740326948799767,0.94125386784344001,6.3249978277002459,-9.7387676672595855,0.52282816524901476,0.1935364685499682,0.1972551122460013,0.3103448275862069,1,5
-0.91261625921801459,-0.15989609761062809,-0.37625098189880102,0.16382476793581385,-0.98624937285473846,0.021762811270915325,-0.37455708352892758,-0.04177813438306277,0.92626215439570692,10.11567508108258,3.2290845181068253,1.112088413194251,0.316821750836227,0.2618972368263012,0.6231884057971014,1,4
0.85889081198593442,0.37999869876023551,-0.3433767057135203,-0.34974865465896227,0.92495508918272795,0.14877486870845219,0.37414228797395721,-0.0076858269235731873,0.92733946126222444,-15.259282632404609,9.1451102247570404,-8.2518958267517153,,0.1405934592693617,0.4392523364485981,1,4
0.74211349629747969,0.60591090527684799,-0.28659995373293407,-0.58470336764603204,0.79425805830065688,0.1651548021943586,0.32770341846938111,0.045012350428069413,0.94370777141677764,-3.8230710154942353,-7.298316892441493,-2.9422928390605128,0.5185727763619472,0.3672062896957334,0.5422222222222223,1,5
0.88569105307222484,-0.17182472671365256,-0.43130919512293386,0.32565313205318464,0.89205458854166875,0.31335067998283672,0.33090995163603881,-0.41798908401001766,0.84604002834186387,-10.940831994316401,-6.8780293051968133,-5.5340739747377299,,0.4718447664939121,0.3076923076923077,0,3
0.89906274085412541,0.27755185956649409,-0.33860176204362835,-0.22853334070707892,0.95716564790842529,0.17778198629025233,0.37344169584170833,-0.082455368019470995,0.92398182454615607,3.3742060465555714,13.522736026416103,-1.9120057547757041,,0.08646900183448882,0.4375,0,5
0.34827562516429483,0.90945998120325189,-0.22712690616965511,-0.89666710302741048,0.39385988681835543,0.20214473998564078,0.2732987289850608,0.13325513928255026,0.95265464497368479,-6.8093348264452027,15.134675307962796,-5.7050102865091787,,0.5983942990890363,0.6521739130434783,0,5
-0.75276284745524824,-0.43239604030563961,-0.49636857255377237,0.55915523378188392,-0.8179190089594589,-0.13547663753246209,-0.34740972931884395,-0.37952886466088348,0.85747555117555818,2.0703878523519372,7.7774726287981597,-1.8935460153783359,,0.1551549968703342,0.345679012345679,0,4
0.38643170728708914,-0.8021465374318989,-0.45522683146888643,0.92123614226172801,0.3595874172323682,0.14839427064036037,0.04465989021387428,-0.47671566143160332,0.87792236123242384,-12.124166772601491,-8.1462313803772766,-5.7889845836765499,1.094551612211713,0.8020910298838424,0.3561643835616438,1,3
-0.54120392683020879,0.78124971418150413,-0.31104210916671787,-0.8306394722404371,-0.55427150623635202,0.053114635747727373,-0.13090598435400183,0.28710970284162113,0.94891076598092505,21.355012471231902,-5.2624300855828032,5.254564775461307,0.4040179023776931,0.3500171515526739,0.8,1,5
-0.80116759929935155,0.50376152761484438,-0.32303993735770786,-0.53741319086015926,-0.84312638071619361,0.018026880759405971,-0.26328224422170121,0.18804847629154073,0.94621362833242584,-15.374540499636957,7.6056430663343022,-8.2062503116625827,,0.0948252989783549,0.234375,0,4
-0.92476890853107796,0.14773829182437476,-0.35067914529246841,-0.15048943608761861,-0.98841809970106265,-0.019559903102319812,-0.34950736106736124,0.034685116579845687,0.93629137945811136,-8.110794089764843,15.807807904576208,-6.2755127290643102,,0.1433534275012582,0.2941176470588235,0,1
-0.39306373774670111,-0.76238421520910327,-0.51407315283779664,0.87737678512594275,-0.47826086521692107,0.038425534791688545,-0.27515609204714658,-0.43593216582624639,0.85688521507106208,-10.50666276038652,15.321366353267569,-7.0609704062383702,,0.1922912025911529,0.3125,0,2
0.57139132199126319,-0.67064098577561981,-0.47302497328468873,0.81260429605829876,0.54298478531099748,0.21175878009746255,0.11483124653452206,-0.50537925473714651,0.85522254045403467,1.715451072423809,12.898339001808637,-2.4466107014796656,,0.2731672245694779,0.375,0,5
0.92183301695994679,-0.1183218423697066,-0.36908512630660201,0.17035828433192277,0.97903895025631327,0.11162790350310937,0.3481406954120787,-0.16577899595320889,0.92266753530117218,-3.1190739060650987,6.0379642399467421,-3.5894747757208916,,0.08504372408663102,0.5815217391304348,0,4
-0.14109486324755469,0.95908217303785326,-0.24546613804381162,-0.98637754812228107,-0.11500940915261706,0.11761023920834002,0.084566968288042929,0.25871648800831326,0.96224435914543749,-0.71291315852215842,13.630560592059457,-3.3233874547622828,,0.2350164834384289,0.2777777777777778,0,5
0.27515130884034228,-0.86273418176559569,-0.42424225255942283,0.96133442330563412,0.25208651143872518,0.11085358504926769,0.011308572459348656,-0.43834019022204651,0.89873800065704901,7.4933213950047755,16.344453897824241,-0.57273605934068372,,0.1193252105923838,0.5,0,5
-0.19507826119792951,-0.74104420398570414,-0.64249354840899953,0.96629699807492864,-0.25740608756848327,0.0034953675154966936,-0.16797197242211112,-0.62015771689295407,0.76628312173683233,-13.872100979243561,-10.355970504121512,-6.2949596541971999,,0.4391670729920376,0.4347826086956522,0,1
0.030253448693941219,0.9554569465818098,-0.29357580293799462,-0.99368133987337914,0.060509413717237441,0.094530448211368745,0.10808387312438952,0.28886092515285161,0.95125035731413521,16.080275327429664,-7.5196707935854006,3.7586420950400776,0.3550510679630848,0.3373956532267378,0.6296296296296297,1,5
-0.9015495330049953,-0.20081618647346378,-0.38325096058422237,0.21487161541197042,-0.97662215742756919,0.0062729986266323772,-0.37555109962390526,-0.076694334026539884,0.92362294833958103,11.804406689610976,-14.152678647318078,2.4395159603991154,,0.09903927839518414,0.2692307692307692,0,4
0.66195464957637762,0.67992636516940219,-0.31546185165838658,-0.68552068258658061,0.7193813727708076,0.11203496889995924,0.30311290907884758,0.14209355530041107,0.94230143048381554,6.908151442651989,-17.298081315595287,0.95984603341867247,,0.1363156889758386,0.2777777777777778,0,4
