axis_00,axis_01,axis_02,axis_10,axis_11,axis_12,axis_20,axis_21,axis_22,location_x,location_y,location_z,dbh,dbh_approximation,score,reconstructed,number_clusters
-0.49182787043635307,-0.86054325883487692,-0.13255431164580045,0.86631255625426795,-0.49890060960417637,0.024509928861130535,-0.087223280941720077,-0.10277879844808188,0.99087265470964048,-2.5273437059050421,-3.3667315567653318,-1.4183617908793735,0.2987930180863808,0.1948836707303917,0.7659235668789809,1,5
0.12028678268212105,-0.96502899354646965,-0.2329165763243842,0.9927156214997741,0.11854298301797325,0.021523382808432114,0.0068399373024893104,-0.23380890229392245,0.97225851113055806,4.4044095915187578,-4.821568891974982,-0.42498287097396054,,0.1775971111769785,0.3148148148148148,0,5
-0.5239504050156244,-0.81142543731450301,-0.25896859416332885,0.84725854006727574,-0.52769281986980998,-0.060772149385365237,-0.087343799820205126,-0.25125494529822889,0.96397199808716028,-23.487457039786939,-6.1778901009799343,-3.7380014614837167,,0.2193899425377055,0.1304347826086956,0,1
0.92150834011787119,0.38796450468735233,-0.017490631661088236,-0.37179588348326786,0.89432510897129158,0.2488984139933095,0.1122060609686613,-0.22285901948583056,0.96837165247425117,-27.815075507376967,3.3072783531284986,-4.9347144642487581,,0.1031421394425713,0.375,0,1
-0.96874324907522802,-0.18633099703927455,-0.16375981470898326,0.22150089526701428,-0.9469531167420796,-0.23284576029718151,-0.11168648426323542,-0.26184070393048337,0.95862692169483044,-4.7790226936012159,7.8631616095820442,-2.4924138936312392,,0.7025031982013172,0.4563492063492063,0,1
0.98259343247072817,0.16082491603994162,-0.092981142422203109,-0.151034685737889,0.98302131021943639,0.10419993934028836,0.10816039094534301,-0.088342798434328254,0.99020042405330355,1.9594970261289109,-7.9181607177897728,-0.5115952131057413,0.1464980005830667,0.1135152352539408,0.4032258064516129,1,5
0.91708436967400586,0.39869318793393371,-2.8190563308575193e-05,-0.38945996322600657,0.89586099214322235,0.21390189293262149,0.085306482424424554,-0.19615510355644047,0.9768551476064059,-7.2335941987390431,-10.67308427018277,-1.4289196151073047,,0.24359225612642,0.1923076923076923,0,4
-0.9948481121955296,0.018591219214384513,-0.099657414320831875,-0.00051363429188336135,-0.98395244663943404,-0.17843015140969357,-0.10137539070605575,-0.17745971182326045,0.97889278311712968,-25.738542278898141,16.707930582648064,-5.600157310521622,,0.1418497900475097,0.3571428571428572,0,4
0.56036572770924287,0.82536640993306176,0.06899667066678139,-0.82220978070046347,0.5443102227190707,0.16642553278872865,0.099806451341519817,-0.14998890224855088,0.98363712896214317,-23.662670861605967,-1.465071998037379,-4.057877581401149,,0.3689833650908225,0.2380952380952381,0,2
-0.7688246699838478,-0.62825104614530902,-0.11920255803275788,0.63139233976595532,-0.77533611624509857,0.014057742736305915,-0.10125383997212527,-0.064455642602431806,0.99277043168479151,-17.130082387758939,-0.32981285196197957,-3.3497183955130012,,0.07576039979922636,0.5972222222222222,0,4
0.99189732504144557,-0.047484943334405227,-0.11783410682885392,0.074069967813262208,0.96971816150766388,0.23272371411254927,0.10321500105976715,-0.23956599800206532,0.96537805866795368,-7.4426518539621886,10.47077703339472,-2.9735477855839125,,0.4459700190253567,0.3576642335766423,0,1
0.26215292236703797,-0.92385412281006574,-0.27887166414189207,0.96447229232523346,0.24103332820379292,0.10814865709714006,-0.032696217385714273,-0.29731547968756888,0.95421929497721814,-2.4240393542337686,-13.172294461661318,-0.68451949660459821,,0.2704055940791795,0.186046511627907,0,3
0.9915133454531786,-0.06370136064520257,-0.11332882440137078,0.079089995295990173,0.98741729062412331,0.13693745587163894,0.10317973847770272,-0.1447384911779401,0.98407556149881459,-0.30642922720854249,-3.8996452175878398,-1.0793466751851588,,0.08571282985603365,0.2380952380952381,0,5
0.81026364969933473,-0.56619446090923842,-0.1513163917479228,0.58348709993642833,0.80353955530393173,0.11775817283626845,0.054914680948633478,-0.18370632949807991,0.98144605675434482,28.820034028991351,2.6112345210408452,2.105386150333957,0.2119306940718832,0.1535203779027764,0.5625,1,5
0.85298379345515829,0.51752029205017636,-0.067759836327632994,-0.51191195230235709,0.85484254867468978,0.084796049821613609,0.10180766765247645,-0.037642586144685818,0.99409166303490459,17.423520592382786,-7.1215733528065881,1.3573670352908154,,0.1086705793792835,0.3571428571428572,0,2
0.036771092942516792,0.99822116152710549,-0.046929728353027625,-0.99848632782774493,0.038621844238331142,0.039158731959741518,0.040901587559379615,0.045418782756765447,0.99813034935724476,-19.85914906798947,-13.921313750882698,-2.6860799915220182,,0.1715207381943896,0.4,0,1
0.95646253786774638,0.28175756406064234,-0.076105773435427571,-0.26707959387640201,0.95012788374812962,0.16101395920577477,0.11767711838079603,-0.13367752099330549,0.98401342276956671,-15.409503965637622,1.2387211525787649,-3.2718121485943668,,0.09058109938354675,0.282051282051282,0,5
-0.052550956063897716,-0.96105969990756368,-0.27129808372038899,0.99736256422587932,-0.064130525534416158,0.033988103440175263,-0.050063085178110631,-0.26879644511835438,0.96189508710367455,-31.513235019897749,1.9356528023756094,-5.2899458933001959,,0.2520389693001625,0.6551724137931034,0,4
0.20938966099749029,0.97645444808032567,0.051891046351996366,-0.97488967232431201,0.20435151817836186,0.088490586016800349,0.075803012227445107,-0.069117058982190407,0.99472445204433402,42.914568961016698,1.5123138625258838,3.9253859226368393,,0.3712728872299218,0.3157894736842105,0,3
-0.51838496913563104,-0.82836667912894091,-0.21233386136728621,0.85169525041373728,-0.52241186615371094,-0.041243696784838781,-0.076760824623849408,-0.2022238537133744,0.97632642532729763,11.98604106426262,19.952529994427316,-0.7918453561636658,,0.3404573749181458,0.5357142857142857,0,5
0.93417709463712739,0.34685848401782088,-0.083680032983953517,-0.33866583225616526,0.93577880698179228,0.09809932958982763,0.11233258617861318,-0.063302578688341174,0.99165224429425436,-17.492955728552783,-8.0172511918715355,-2.8147685565106744,,0.07154888850135305,0.4117647058823529,0,1
-0.79791925976083344,0.5974964253579983,-0.079516517700019634,-0.59996757192971373,-0.79996916753712766,0.0093938076794613523,-0.057997995960957303,0.05520283212271835,0.99678928555143664,4.8813837825771964,15.445657400256986,-1.5140218920179944,0.2286169939477362,0.181362851356678,0.7659574468085106,1,5
-0.075922007746788561,0.99474586372429008,-0.068676890895801423,-0.99673516152118613,-0.073815127793763313,0.032716122877362044,0.027474834431399586,0.070936545674339435,0.99710237185594963,-3.8347381816954957,-12.981005972742237,-0.87423784354866763,,0.08552860620269803,0.5,0,5
0.24309182078948988,-0.95150264970885856,-0.18854462140902312,0.96995225772250815,0.2364491874045124,0.057309680811843983,-0.0099490906247835312,-0.1968107958745331,0.98039100680441416,-12.076904967128797,7.5108171312137024,-3.4623537056924882,,0.1079417951632033,0.2727272727272727,0,1
0.5440832702415932,0.83890501046826993,0.0145526098843499,-0.83429600300779283,0.53909114067648667,0.11545960942834685,0.089014461793775562,-0.074960826138436812,0.99320556791442116,-6.9055474150523075,6.8786144028223077,-2.7189375837609027,,0.2475155921659049,0.2162162162162162,0,1
-0.0037174723530548257,-0.97578533202881401,-0.2186988024583611,0.99916188860643651,-0.012539618171608674,0.038965091203916349,-0.040763963935362468,-0.21837065685097726,0.9750141309082393,-9.202390822919762,-11.79555194145941,-1.5442628062880901,,0.4093971769579201,0.3157894736842105,0,4
0.62214515930778402,0.77923588335199434,-0.075675880216410737,-0.77707540407208908,0.62639425284607297,0.061514684325037955,0.09533738582576759,0.020534802118509606,0.99523319114962283,-10.02983716300165,8.4629418878378324,-3.2116607372530597,,0.09220891572005863,0.4423076923076923,1,5
-0.5410263831323463,0.82562057803351041,0.16012842933827995,-0.84058270398324064,-0.52482445531196964,-0.13408955541248785,-0.026667780540490592,-0.20714717529840315,0.9779462547844523,-8.3464709281355223,26.61752829661544,-3.576135845390743,,0.2786998894175928,0.2666666666666667,0,1
-0.082710674684603636,-0.96082601112888788,-0.26452281684453771,0.99557138602594608,-0.091564662980503836,0.021296192609113654,-0.044682878371870814,-0.26158992494249067,0.96414425868175313,-2.556428527307304,7.2880913066042226,-2.1527073474762024,,0.07526136372410439,0.3278688524590164,0,5
-0.48882115797309694,0.86872615872387915,-0.079804364960160343,-0.87216100275146602,-0.48871544971307818,0.022189963751700618,-0.019724624138334364,0.080449178744084748,0.99656352975713702,2.5351660183023688,10.254387099690531,-1.6316022323819042,0.1875611981680624,0.1650386818219762,0.6666666666666666,1,5
0.1317363278495782,-0.97042676574181563,-0.20228057805085606,0.99089590947249495,0.12319852495815849,0.054290146793062717,-0.027763942720491135,-0.20759098193325751,0.97782163389066012,-25.571348312743247,8.6803057197083131,-5.1479120569599068,,0.3165218189376993,0.6666666666666666,0,5
-0.39158071878841211,0.91816521956418062,-0.060308956679833887,-0.91959947665733621,-0.39276163288985366,-0.0086661560826808651,-0.031644007405887097,0.052066585372536459,0.99814213791570805,14.748439865529299,-4.4362716325093494,0.87525896353960586,,0.2670561865352492,0.2777777777777778,0,5
-0.48100425494326238,0.87096602239770649,-0.10026512132937569,-0.87652083881945875,-0.48016760628488064,0.033915910571291417,-0.018604457576315431,0.10419816554702557,0.99438253024423406,-12.880085364691762,0.36564492097215096,-2.894340357391108,0.3358878281232633,0.2859708138814118,0.9415515409139213,1,5
0.98529090709758205,-0.038066525719342596,-0.16659162046898518,0.079763834603807843,0.96460625559368485,0.25134140597766064,0.15112762513888764,-0.26093238834837934,0.95345410462732294,-18.970339240104469,-3.5504297999857077,-3.2884120380063435,,0.5038131880957344,0.7045454545454546,0,2
-0.65924497810933524,0.75059426713830801,0.044769464780449006,-0.7515394997541639,-0.65582098450487858,-0.071324726373905731,-0.024175176253391547,-0.080666488842380049,0.99644793061702874,-19.339178583940814,11.844079406781407,-4.6523511949857967,,0.1243091338365827,0.7857142857142857,0,3
0.32630829208453876,-0.9297761871711494,-0.17040874474730516,0.94523862558585914,0.31964839594026384,0.065945763119201889,-0.0068439182803934021,-0.18259557700639245,0.98316428741094675,-11.819650652393138,20.530806729527047,-3.9272313317671519,0.1762563814253048,0.2896982844933537,0.8285714285714286,1,4
-0.9781694857812363,0.18433722241866232,-0.09593875920317764,-0.18219851222515565,-0.98278329484028415,-0.030670792715806475,-0.099940778611197836,-0.012521334347776861,0.99491459782070701,4.1145567740609428,9.3250435955258819,-1.3976218675753616,,0.07011667571699935,0.2222222222222222,0,5
0.27440500802216428,-0.9510799093007094,-0.14194681291564509,0.96158037806396623,0.27015115521865063,0.048800920651026002,-0.0080664796978017657,-0.14988448705113494,0.98867060866938994,0.67511080292306958,-8.8744304044622986,-0.58155632535924262,0.1883529294665265,0.1391339586474066,0.5448275862068965,1,4
0.94844264577649429,-0.26330632405453014,-0.17642654954788972,0.30388350155882993,0.91361530650278178,0.27011458532292043,0.090063117605531581,-0.30980130961104646,0.94652616625767549,-19.216433691575247,-11.083083609873659,-2.805221720738571,,0.07767847935020869,0.2727272727272727,0,1
0.10848611406281479,0.99269247231912539,0.052843338809099034,-0.99325182795294453,0.10604777315518173,0.046953978286852251,0.041006942384004139,-0.057580597511404777,0.9974983235407191,-4.9106885226987567,17.546228806545834,-2.9435595792495466,,0.1383592749604138,0.2307692307692308,0,6
-0.32342966367516368,-0.92614541465635192,-0.19403072840657115,0.94441913662043153,-0.32870110498678851,-0.0052988645560802143,-0.05887059571713267,-0.1849601429808006,0.98098114073025477,-17.991071889015018,6.4213872008901891,-4.0402029865783824,0.4011542563618063,0.1946945182242275,0.2,1,5
-0.36407592192241323,0.93136463198353225,-0.0029403004138743097,-0.93135740115559185,-0.36408540673202017,-0.0038997330012471494,-0.0047025938636403265,0.001318671664402392,0.999988073286874,0.42597014967774344,2.8146635014013928,-1.5258213794355187,0.1152576576753595,0.08242850531056689,0.2311827956989247,1,5
-0.39360704747206199,-0.83393302600412822,-0.38681933808940494,0.91613425374365687,-0.39061754481106703,-0.090088638591824866,-0.075970529140452575,-0.38983796868105774,0.91774442895435071,-28.108013548164031,12.033016384077341,-5.7122776118333967,,0.2576506997714917,0.2105263157894737,0,1
-0.81236547956435379,-0.5657238068188758,-0.14148816915395263,0.57316601838781922,-0.81930206100047576,-0.014994939340571466,-0.10743855442825111,-0.093277581651395006,0.98982637355428937,1.0173215120576211,-13.122287023654527,-0.26572278619189738,,0.07811722627677647,0.4545454545454545,0,5
0.75528776568520573,-0.63966129933919469,-0.14273686676518851,0.653302114543859,0.75218977247987073,0.086063309889889375,0.052313842706998376,-0.15825286191527071,0.98601181207775279,18.156900131659178,0.3625991863113609,1.0124566804535453,,0.1110788636335768,0.3181818181818182,0,5
0.87836753187630701,0.47473470419036079,-0.055654645653484804,-0.46153021403251965,0.87264787024601342,0.15961063902570255,0.12433961750231146,-0.11451050254184959,0.98560996561874881,-14.542200996906189,16.199444239784611,-4.2167915526998714,0.2629530438266912,0.1954446153294693,0.5535714285714286,1,5
-0.45901744751697432,-0.8639544834763363,-0.20708846746291351,0.88837618664737816,-0.44884679371821695,-0.096562450086661825,-0.0095254329489166418,-0.22829631238811743,0.97354509904632669,11.51120205268105,8.9809545039746688,-0.39464002419286076,,0.5035376624855782,0.6861313868613139,0,5
-0.77902653905690022,0.62664880246725718,-0.020710620738662998,-0.62362643402253892,-0.77784073469901394,-0.077806569332098049,-0.064866957947479112,-0.047697691865029458,0.99675333355719908,-20.618695280483951,5.2562461691205558,-4.2398808972149116,0.3989962430235055,0.1508323170700254,0.3333333333333333,1,4
-0.042554260640675065,0.9988907164310864,0.020161139082846162,-0.99856873257632572,-0.043177583440186011,0.031562360640132354,0.032397858297076927,-0.018789170180137413,0.9992984268283952,-0.4550503310051473,14.608450523509475,-2.1950341997596237,,0.08339714549079473,0.2307692307692308,0,5
-0.74568088134705557,0.66630208864809293,0.0012449323950394803,-0.66533363217804298,-0.74449368834993801,-0.055320031633032743,-0.035933008310639017,-0.042079385336474553,0.99846789845415318,-30.809975602894163,5.563921526166185,-5.49786804317612,,0.2436720130732025,0.3636363636363636,0,3
0.41374550759268036,0.90885151695343469,0.052948796759856857,-0.90496094928734816,0.40423708067069741,0.13280836899749424,0.099299220600253507,-0.10286545942284706,0.98972640767330711,7.6239383323182137,19.028105075848174,-1.3013069016008278,,0.5102865535182202,0.7619047619047619,0,3
-0.9478842831420472,0.30708562261580558,-0.084934128328672545,-0.30815022415338023,-0.95133751858019588,-0.00060423165925031417,-0.08098657374225629,0.025599728989572194,0.99638638526886303,13.923339500240932,3.8166645558507799,0.21709080843856268,0.3121534904441993,0.08780741131643047,0.1904761904761905,1,4
-0.65460125808087255,0.75588057175990653,0.01190605538609143,-0.7546921866732218,-0.65249312258098757,-0.068501301877441925,-0.044010183972925727,-0.053826445363132858,0.99757998049591967,-18.842271793928411,16.031883362448475,-4.7768966207636758,,0.2522147108288965,0.15,0,3
0.60522362762014648,-0.78019690823095855,-0.15810485431245824,0.79525575618504507,0.60147121607143772,0.076162054148366756,0.035674119819037141,-0.17182887017145684,0.98448067352830126,-4.9465802512524135,3.7401337736204918,-2.2171977638075706,0.4237514138003784,0.3643756073075776,0.8445141065830721,1,5
0.29878062934279526,-0.93334145455048223,-0.19900719772690209,0.9536165714830277,0.3000116464198051,0.024666710470484805,0.036682013609941638,-0.19714649687496119,0.97968754643888989,6.1472275781466603,7.2300130661390281,-1.0045937018553222,0.2000176272080549,0.1184987052188851,0.3877551020408163,1,9
-0.88276747115246423,0.46749679514928882,-0.046565420649093352,-0.46084355675324384,-0.88092749497203959,-0.10765669882226281,-0.091349921040485157,-0.073576457698312211,0.99309702285248314,-2.1912045095377759,20.181623875716564,-2.5986952352017685,0.4669971162881109,0.4133324863405161,0.8769230769230769,1,5
-0.54941701916331442,0.83535825443538891,-0.017819253642021363,-0.83516412067456669,-0.5496861423990187,-0.018602053444820816,-0.025334375689491706,0.0046617165450457227,0.9996681638460222,-0.73051833006799971,11.240108108787142,-2.1339289596944662,0.5443568691440329,0.5624272354590217,0.532258064516129,1,5
0.14914043351452497,-0.9593024863496693,-0.23978296598057539,0.98860155153392215,0.13960723362672131,0.05636304306738437,-0.020593770801416975,-0.24545582087707007,0.96918900974048505,8.6134915300470638,5.2043053076333363,-0.56296445313944521,,0.09712542360622185,0.2045454545454546,0,3
-0.54781387083194522,0.83123650292081896,0.094582446236540579,-0.83621698196480532,-0.54063056770147011,-0.09197689025216628,-0.025320386999287944,-0.12947766401489261,0.99125900375404052,5.7124745148589016,11.338950600179052,-1.287179802184599,0.7639704559096037,0.3488221154533621,0.1891891891891892,1,5
-0.20829127787336452,-0.96693596871238674,-0.1471379487831728,0.97724622744551415,-0.21190924599660829,0.009180544899955484,-0.040056890860275751,-0.14187777793364134,0.98907337524736794,7.4243732291228088,-12.955947647306543,0.48106138011291993,,0.3175915937245666,0.527027027027027,1,5
0.98777236606155983,-0.055911579043391495,-0.14553229254712732,0.084733751360571263,0.97610291799741633,0.20010818288439469,0.1308661309335343,-0.20999283036762001,0.96890508666674013,11.786609860890374,-2.518779540794692,0.37793246156630184,,0.7729213380722891,0.7792207792207793,0,3
-0.54504690137338541,-0.81304750757163513,-0.20464023488753083,0.83649795143776284,-0.54381493109761925,-0.067353529645587329,-0.056524795830666177,-0.20789196989504991,0.97651721762058963,-11.928968083605357,-10.029562868721422,-2.0094993221653152,,0.2059606999728161,0.2608695652173913,0,4
0.029074626985491299,0.99947729669509533,-0.014135043569823395,-0.99935275950292823,0.029364869777231982,0.020778991718809103,0.021183204184888466,0.013521753363838172,0.99968416714802,1.5486162495144269,14.763055825903345,-1.9480844675459743,,0.09884517408599583,0.2307692307692308,1,5
0.76774502087192342,0.63584300889402035,-0.07919123036654567,-0.63255986859244717,0.77181822231055186,0.064534055782076549,0.10215476284870284,0.00054749427097611182,0.99476836734857388,21.592407179934337,-1.5779655278841216,1.5542020988587673,0.4265317557666634,0.3183365204967432,0.5961538461538461,1,5
0.27137029617023739,0.95816448193143355,0.090988943952246965,-0.96021940614124079,0.26305341158008211,0.093710163407404359,0.065854798050258151,-0.11279950452527386,0.99143301203490897,4.5774088795555476,2.5069546917177945,-0.93627798490544822,,0.1295986882537663,0.1486486486486487,0,3
-0.80042031621092891,-0.57785937479492322,-0.1593921590242682,0.58974999514589621,-0.80674838121344128,-0.036769452469515747,-0.10734179345535777,-0.12343254178340857,0.98653035787383381,1.2836450301622577,-12.019792186145313,-0.29047560789799381,,0.07039277291136448,0.16,0,1
0.009494655907557879,-0.99097525305272705,-0.13370826207186745,0.99941446100957043,0.0050086161343007064,0.033847435491744612,-0.032872277592915049,-0.13395134042442927,0.99044255349028265,-9.9329984312381274,14.828404387147966,-3.4964845446205048,0.1551455393174471,0.1059966989227586,0.6,1,5
-0.95411699064857391,-0.2719463134163857,-0.12532346458244456,0.27824112933125683,-0.95985609937063066,-0.035470303769011724,-0.11064647352797652,-0.068712961806605341,0.99148166234963098,-30.144757563430581,6.88456202395313,-5.5917405470084729,0.3129732459849489,0.2779546967013216,0.7833333333333333,1,4
0.92234184472060943,0.37317053395004518,-0.10014626337923382,-0.36971961489876337,0.92770097937300622,0.051752287190783036,0.11221821526158274,-0.01070726210593716,0.99362589876759011,-28.396019489877254,-1.2972309332269381,-4.6703651558942605,,0.1310885863946923,0.3,0,1
-0.9432793266527153,-0.27819432981018782,-0.18119610031968311,0.30208702533497955,-0.94559138070750803,-0.12083199020099107,-0.13772269614650942,-0.1687153093027699,0.97599569843980705,5.13190198733112,8.7165494705391602,-1.2231944864955724,,0.1310922967945749,0.375,0,5
0.97020610037014954,0.23061469006241783,-0.074276426488910557,-0.21412851302517782,0.95961373445006992,0.18245673614426283,0.11335388266033908,-0.16111593770389612,0.98040427982726597,-12.481402870591378,13.633631670287965,-3.8768989747463207,0.2280428831091262,0.2054086273682154,0.3166666666666667,1,5
0.6335290499156554,-0.75606239447656931,-0.16434901451278225,0.77277209305481853,0.62881939245276841,0.086078242727215093,0.038265325147465376,-0.18153739926992127,0.98263927132883866,-10.760287630518246,9.0930215326933794,-3.3612261350791974,,0.07554950854285397,0.2205882352941176,0,4
-0.39292133099397392,-0.83323859729978511,-0.38900677066062839,0.91643371140809249,-0.38973713066605081,-0.090852746656238798,-0.075908367422262715,-0.39219690074002383,0.91674397233099192,-15.370489845067299,-8.9322388518468365,-2.5020181931187384,,0.4228139037093093,0.1320754716981132,0,1
0.3191497718566676,0.94651292056459657,0.047504887412948379,-0.94387146285761259,0.31295579584070282,0.1056661320042741,0.085147429361487337,-0.078561829497486232,0.99326630579071795,-24.136024292714097,9.4146969769885462,-5.0285568137775121,,0.1760779663262836,0.2,0,5
-0.95328734215305078,0.28325081342768482,-0.10493912513132089,-0.28486811066784812,-0.95856661954589173,0.00044205982903185685,-0.10046592862907662,0.030315220350786702,0.99447854908981337,-9.5360142573081124,-5.8672248756002769,-2.0623764370854416,0.8085472187076819,0.4421219132482007,0.7583892617449665,1,3
0.9223387492515267,-0.34232311280138689,-0.17918180172969117,0.376521163394261,0.90041063097234753,0.21792776130684063,0.086735489537798027,-0.26846895923727976,0.95937551187253589,-13.852260407570485,7.9968395613018082,-3.7303820974697444,,0.3347892154028234,0.2,0,3
-0.97322196483057977,0.22185016201567748,-0.060179006180914714,-0.21591214730623282,-0.97208436050367475,-0.091836488988705681,-0.078873010700216531,-0.076383909809453809,0.99395399617150493,18.312852700907623,-4.9988477709306229,1.3392067569507493,,0.3132455128611766,0.3333333333333333,0,4
0.63717328182169819,0.7700238346734708,-0.032764355133761046,-0.76486013457321511,0.63698917821280998,0.096092462661821226,0.094864026233399942,-0.036167400715748539,0.99483301897969612,0.055750267766432854,-6.8924098331353427,-0.81467820347498754,,0.0773183708572974,0.2197802197802198,0,5
0.93930856514624805,0.34088376192206615,-0.03869987468658477,-0.33351413023594861,0.93375058559171442,0.12991600686632007,0.080422287805408665,-0.10912426295279665,0.99076947412561778,-7.4095514975177217,-8.3645777365607739,-1.6262823386670791,,0.07837843450473642,0.3650793650793651,0,5
0.58815983122496485,0.80794809752552121,-0.035887109639974636,-0.80339688918481544,0.58878966413936951,0.088770320776763972,0.092851771020170087,-0.023379544639257462,0.99540541766200896,-7.0903005901245999,21.389148136399829,-3.2944488712630937,0.7676846952086369,0.7821171887190546,0.8232323232323232,1,5
-0.7180686420140352,0.69241520711682503,-0.070275218316869364,-0.69434950029241382,-0.71962426559108073,0.0044370954658678576,-0.047499439994533939,0.05198170183692094,0.99751777220977011,2.5243389508305563,20.402956634880244,-1.9969152854058518,0.2770359537220806,0.2017851939349475,0.7352941176470589,1,5
-0.26004382749559002,-0.93916567130877693,-0.22437702559882849,0.96481745975916311,-0.26205579545870622,-0.021307965890241885,-0.038787589836425988,-0.22202387687282249,0.97426942935362693,-10.695861956036463,17.220824849726128,-3.6965346239433363,,0.3004619435528186,0.25,0,5
0.62658460219003487,-0.74660153911193949,-0.22355732619182728,0.77842110966009803,0.61356122434776539,0.13267705156662732,0.038109215865692138,-0.2571551395025084,0.96561841422662797,6.5363397779355434,-6.7868393894435588,-0.023562209241962236,,0.1400009513994455,0.2,0,1
-0.63040247064349231,0.77626812005581503,-0.0007285544535063596,-0.77535601986543867,-0.62970669706760452,-0.047880247771229588,-0.037626685543730373,-0.029618937408679755,0.998852817527074,-20.942224631464988,1.4438762685114039,-3.9438070093296806,,0.09629531313435322,0.45,0,5
0.0025549015544301494,-0.96570693826051635,-0.25962199805399439,0.99932190131336074,-0.0070707630125949978,0.036135050378702745,-0.036731594486202737,-0.25953827021447301,0.96503402855059051,-21.980186348342702,-0.18854462941469433,-3.9550704317835121,,0.2439854431592322,0.4230769230769231,0,1
-0.93159516159480826,-0.35512685706780728,-0.077558818210976224,0.36323230283437219,-0.91762753998659397,-0.16131333495960704,-0.013883409911873886,-0.17845059049297798,0.98385092248873018,-14.048264612972192,2.7606877685117439,-3.2408807965658761,0.4280653001548986,0.2180904982041,0.2077294685990338,1,2
0.70673217256083642,-0.691986351792791,-0.14725666436513038,0.70548244960240747,0.70493552105625223,0.073214919628024386,0.053142728293039794,-0.15563033150917233,0.98638483886560124,-15.967545291829774,8.8417130553801613,-4.0811180649786909,0.557313445712952,0.4685820314920893,0.9653846153846154,1,5
-0.17269433995982564,0.96784604039765176,0.18289534447991593,-0.98481062480661241,-0.17305963465642177,-0.014085315779059337,0.018019384391541549,-0.18254973278307687,0.98303148314129651,-17.00039547636543,-9.5474419372392969,-2.6328013447647365,,0.4503169305459392,0.1739130434782609,0,1
0.98637622449166396,0.12813876416804584,-0.10316201275206431,-0.12305819699464574,0.99091729655210714,0.054218000205565872,0.10917245032515364,-0.040784415054646632,0.99318578704019544,26.831704663912213,-0.8422996398275896,2.0696222151043573,0.3952283834247708,0.3699406801379342,0.803921568627451,1,5
0.99373247899500694,-0.029610802762199216,-0.10779128234795664,0.035200155288444869,0.99811237492614613,0.05032530265143699,0.10609764020989404,-0.053804157637375165,0.99289898950639754,-3.4788853759891687,5.6281832957805884,-2.1772228685890074,0.4067962239044698,0.3532551658418719,0.9243027888446215,1,5
-0.9635428386440571,-0.22026416936686893,-0.15188447514764808,0.24183168769872965,-0.959843919165008,-0.14218679849670451,-0.11446673282022782,-0.17373355040141655,0.97811759034503687,-27.470754462214238,7.6244755584862185,-5.3371086652667543,,0.2167174741445342,0.4666666666666667,0,2
-0.93654594262906343,-0.3274826015281383,-0.12504736319251625,0.33486069429535659,-0.94129402047898314,-0.042823853476101591,-0.10368226830596575,-0.0819799530792341,0.99122614701795242,1.4114398094157556,1.5989450664700502,-1.2938123540658406,0.1870429496793951,0.1246019965197751,0.5849802371541502,1,5
0.94332128923396052,-0.29185671936441854,-0.15800190074748924,0.3163984877373841,0.93457297278532969,0.16268176141377816,0.10018454090066323,-0.20345273136783448,0.97394560621396742,34.334662724813406,2.6558327630417287,2.7700629171377966,,0.2047449726949488,0.5555555555555556,0,3
0.67620624214287095,-0.7257304133846656,-0.1267299695239435,0.73523908409321748,0.67566771616835064,0.053820317256703068,0.046568307987126606,-0.12957046120303786,0.99047609172298967,3.4622983943525245,2.6888470955962731,-1.0877211605209742,0.4123540940571648,0.2850913735868255,0.6897435897435897,1,5
0.4290574117474209,0.89984955765283925,0.078616226166069531,-0.89982719631368169,0.41819710816457867,0.12418613246672765,0.078871757929338995,-0.12402399894687303,0.98913967339621078,-5.8613664669696339,-15.889025475978347,-0.90581716178914784,,0.09087082992788692,0.2666666666666667,0,5
0.26457472700094903,0.95019913969837777,0.1646870023676309,-0.96224618620681024,0.24880085276025943,0.11036490744895702,0.063894373483292605,-0.18766920520487759,0.98015191600840479,6.0346204519450151,-9.2257488563552617,0.11455971855353696,,0.4522612519872309,0.1525423728813559,0,1
-0.98119478027924623,0.16489499522275997,-0.10033166849628307,-0.16605449393856656,-0.98611119178477136,0.0032592145717722141,-0.098400753023381957,0.019858448763795281,0.99494870913888178,-12.904355181602048,12.228127710509124,-3.8869108622733992,0.242732749141042,0.2666470300713272,0.8387096774193549,1,5
-0.88979620948030935,-0.43407332564309753,-0.14086537388448198,0.44210872365840348,-0.89645125464432307,-0.03024937208863409,-0.11314849561355665,-0.089193587279358166,0.98956653234061442,-13.177641658122361,5.5428205549428107,-3.3971337020124306,0.4554315373375336,0.415388367913213,0.9458874458874459,1,5
-0.044499515527269537,0.99720603957755971,-0.059999231227385111,-0.99853203468679874,-0.042541514567302659,0.033526038277173813,0.030879909683819411,0.061403046898007484,0.99763525248938578,1.3988715350480359,12.725330767063435,-1.9279295412139326,0.1677745841834552,0.2736536515567408,0.1935483870967742,1,4
0.52050481778007374,0.85384817081560427,-0.0042468650296010792,-0.8494181164496436,0.51829804720699346,0.099277377627322624,0.086968949142053317,-0.048066989257333465,0.99505073560540758,0.87135059068322307,12.049300158418797,-1.963433416300433,,0.07066835813520367,0.15,0,2
0.62412806830173828,0.77947855436937852,-0.05364082061421574,-0.77464336921580679,0.62629042003223345,0.087681014511889879,0.1019402025107192,-0.013171676205945707,0.99470332363876279,-5.2313921273785757,-10.9210948374658,-1.1652370812649251,,0.1203693735863816,0.3492063492063492,0,5
-0.72922081784783022,0.68040569020663288,-0.072698662654668497,-0.68188856440800572,-0.73143284890244975,-0.0058286598833182518,-0.057140043287791174,0.045322006584903658,0.99733691958745174,-13.035037531702198,19.090393469324681,-4.0301694984705696,0.6806170386392529,0.5325627183949324,0.6774193548387096,1,2
-0.96653605104557017,0.23636336488271803,-0.099701663830418688,-0.23686612854231073,-0.97151754125723122,-0.006935717618340098,-0.09850126485793062,0.016912326002740601,0.99499320301726912,3.6865634511288938,11.215163245684909,-1.5452143872633208,0.09556209708229561,0.09103560635763297,0.3103448275862069,1,5
0.181673688542627,0.98332270186990078,-0.0084341495478240623,-0.98303880147189981,0.18182669025209813,0.02395348644057535,0.025087560503322698,0.0039393780278126327,0.99967749579989351,-2.3549637744596863,-10.570884792223998,-0.83791755323056061,,0.1832211856897803,0.3333333333333333,0,5
0.756083757008573,-0.60955830653867615,-0.23827719848425019,0.65286370019082884,0.7279908151311455,0.20928058213276834,0.045894894715436424,-0.31379618228141681,0.94838052206098522,-3.5858478317313436,3.1514739741357483,-2.0409473407681649,,0.4344328321886819,0.3392070484581498,0,5
-0.29142377044390666,0.95658304665385319,0.0045892128616959018,-0.95657658806646495,-0.29144408690712464,0.004644929492909399,0.0057807597579190269,-0.0030362907148820113,0.99997868165042236,-6.8684167334717925,-4.6375559227250411,-1.8335979894719816,,0.08729666532124916,0.2436548223350254,0,2
-0.95132898805302357,0.29434301722724926,-0.091298108959439378,-0.29424267141910937,-0.95561514706159434,-0.014864084990130925,-0.091620995444037526,0.012723164543743028,0.99571266652475432,5.5774465792815331,21.071566590151914,-1.6329101330643254,0.2065544774233573,0.2207700915984695,0.6923076923076923,1,5
0.93465640716857079,-0.3349872024154375,-0.11916784279585012,0.34771422712276839,0.93117038986146694,0.10961989464353233,0.074244304799449878,-0.14389329123736783,0.98680418723357854,23.452861239939754,10.94376197330174,1.0466887869526782,0.4788226152423415,0.6221600881320437,0.9322033898305084,1,5
0.99367497590435228,-0.037097553699239873,-0.10598968709745717,0.044930266479793986,0.99635624851233118,0.07249480812091616,0.10291410698023649,-0.076798421598140751,0.99172107420609656,-12.669871884814853,20.692267857846961,-4.0545581225666618,,0.09717122668077956,0.391304347826087,0,5
0.49937881646521098,-0.85308805899172291,-0.15120040102969207,0.86612253874568779,0.49585213129912026,0.062947690687149754,0.021273117837542523,-0.16239281847376999,0.98649684589744902,-22.504107750899347,5.7676131680792331,-4.5169390472201387,,0.08347489459838933,0.3181818181818182,0,1
0.34676701379730307,0.93795001866052496,0.0015493988586026532,-0.93512003351494577,0.34559155035749772,0.078211273103748272,0.072822805913457453,-0.028569963532056663,0.99693560279622306,10.372927908915264,3.4948558741369373,-0.21994900490427666,,0.1870670033904942,0.2580645161290323,0,5
-0.75185123495550854,0.65394177749997884,-0.084141976064531415,-0.65695128996574248,-0.75384713803655978,0.011379590785030438,-0.055988598019802535,0.063832939100874037,0.99638879599156505,-16.767577307818595,-7.1015948911669371,-2.7820210351084835,,0.229915666056286,0.5625,0,1
-0.3807687499903542,-0.9058728912746139,-0.18549788107834062,0.92078508288825966,-0.38983147310026495,0.013647480021523554,-0.084675794423457365,-0.16560714789600256,0.98254988799780929,-20.007873319150438,13.464727101143732,-4.8404480356351174,0.4789469297815628,0.4131632467046,0.9689922480620154,1,5
0.32943823686817503,0.93956975034587964,0.093161860888301418,-0.94151757022893412,0.31950653850764471,0.10705249553872427,0.070817462813870607,-0.12298071428417492,0.98987909912007022,-18.30048076520875,12.275258578264417,-4.5755554211481808,,0.313627976272673,0.2307692307692308,0,2
0.6942694559987892,0.71960239465762743,0.012740332419326631,-0.71265622904047388,0.68487918206026333,0.15186047935614383,0.10055357615201189,-0.11451156964898468,0.98831982613907354,0.41284738994522507,10.229636688378447,-1.9620508898379405,,0.2374471349220766,0.25,0,1
0.22077815995884192,0.97532148011566289,0.0022393102021619517,-0.97395608825392233,0.22034636153704176,0.053451090826160189,0.051638573162968118,-0.013981823285277355,0.99856795781724994,27.951701969837554,1.773173771346219,2.0581461615666417,0.2945294313549933,0.3176876640235509,0.8717948717948718,1,5
0.14280364938314194,-0.98201118760417672,-0.12353600747592042,0.98952892521606106,0.13901100206554381,0.038838736661743853,-0.020967209723840776,-0.12778876603585868,0.9915797534194758,1.0670968510304828,-3.3782598561838801,-0.96913217217448855,0.1931164089848294,0.1553585764225784,0.6656534954407295,1,5
0.46913355456946115,-0.81297818074278627,-0.34493504549867388,0.88290727157984861,0.44047842490501443,0.16264534110949902,0.019709332014304935,-0.38084804690236684,0.92442755660040898,9.5901093961648414,6.9872677184084724,-0.56108875301448558,0.6977393697223715,0.1120910423120989,0.35,1,4
0.054872944405940469,-0.9892478443538929,-0.13556423722132838,0.99808081085050626,0.050440028770346347,0.035923509149921054,-0.028699389962512881,-0.13727529252864359,0.99011708351939698,8.2579604892394194,7.9363148557569128,-0.78348913991103841,0.2110268487464143,0.1837800042460242,0.7419354838709677,1,5
0.037792933074827867,-0.96508525853677651,-0.25919517349789528,0.99874234043780652,0.027928005684655942,0.041638490790253897,-0.032945889370508796,-0.26044283490524411,0.96492699108279978,-42.581813594402227,6.9757058601258972,-6.9732874517177619,,0.4668974089625098,0.2941176470588235,0,1
-0.56795904365065952,0.81847388376017272,0.086735381119632984,-0.82194376861230933,-0.55855405671593716,-0.11147110372452904,-0.042789788207274339,-0.13460262749556301,0.98997533640816926,6.7869883304069987,4.1572995626359672,-0.74618057743832855,0.5438144608107635,0.2227122466586943,0.2264150943396226,1,5
0.99381101059359667,-0.04146419913229453,-0.10305530269351547,0.056218998878284347,0.98788107988782259,0.14467341208665035,0.095807616545127094,-0.14957169581838581,0.98409817011411738,-23.414284070567081,12.259909290417973,-5.1409258843969861,,0.1625259922572638,0.3888888888888889,0,5
0.72472897870249753,-0.65940026955000619,-0.19989795383198425,0.68715575709700194,0.71307597725849992,0.13906694842873848,0.050841645501309728,-0.23814687731359124,0.96989751618843945,-14.872674988607459,17.322862643698301,-4.2671082292203941,0.2515233163817511,0.2328019368036003,0.1,1,5
0.69990427802014943,-0.68251649809153347,-0.21048807909704204,0.71417044830702991,0.6727712358614556,0.19323414543601178,0.0097248328535239539,-0.28556977086225249,0.9583085795273103,11.575676942103636,-11.144719700663492,0.84546202471291843,,0.5650569001322102,0.2777777777777778,0,2
0.96808157221938973,-0.22002403462796516,-0.12003121975246804,0.23180821432640009,0.96811304603809289,0.094984640135393872,0.095304886023954871,-0.11977710247320446,0.98821577827065843,-2.0858529244697026,29.755258117817899,-2.7844567711226307,,0.2032152839870759,0.6111111111111112,0,2
0.75547589072389143,-0.63744760865595917,-0.15138270956005517,0.65237073665781575,0.75324572355914321,0.083864783386139799,0.060568972976962489,-0.16211547168195931,0.98491114997945572,8.9794966287299776,-12.875165265580121,0.71044071569827316,,0.1808713661806008,0.1818181818181818,0,5
-0.32616306081123503,-0.91362619751916163,-0.24270317049623699,0.94186325030492934,-0.33599515284482689,-0.00093540890348084243,-0.080692474787194421,-0.22889829285396643,0.97010014742873774,-7.4147192486725233,-12.451465906280891,-1.3106794849651218,0.6552515019669916,0.4938911091740844,0.1842105263157895,1,5
0.46510094839192362,0.88352997560969582,-0.055280104957059886,-0.88145672702075462,0.46798059488085442,0.063468111716207115,0.081945995599494864,0.019207941432961298,0.99645165903375144,-8.8428487667039057,-7.6592074002780217,-1.8339923784749672,,0.1072838854082139,0.3536585365853658,0,5
-0.92657316773447385,-0.35825808493085143,-0.11451335911666213,0.3591884714382374,-0.93317283040248467,0.013119092364890724,-0.1115607763524685,-0.028976079450033842,0.99333507941647758,-11.831230982282474,1.4938638897874053,-2.8772423034653536,,0.08884367681607477,0.4967532467532468,0,5
0.52217224677782625,-0.811823382987789,-0.2613023909750154,0.84973313975877351,0.52137714244109878,0.078227019217480778,0.072730570537394207,-0.26288527949319834,0.9620819060428738,-4.5829069613567555,-11.991924355583548,-1.023455238025605,,0.1832749823776279,0.3,0,3
-0.97257724001101642,0.20805112576782922,-0.10396269176629225,-0.19337584670959787,-0.97171440595914615,-0.13556140734298502,-0.12922574867997572,-0.11174006585913372,0.98529937763092923,2.4987307042770461,14.556993264092533,-1.7900980669156477,,0.1547145036173808,0.4,0,6
-0.44836378134002841,-0.86297494380408191,-0.23290376971790758,0.89090662599769554,-0.45258220946620947,-0.038140889188452515,-0.072493470987897407,-0.22459650496173092,0.97175156630853998,12.401591576916422,-9.1721715804534441,0.89970591105368902,,0.1968469427919928,0.6829268292682927,0,2
0.95828032198565483,0.2848789321910033,-0.02329846537399255,-0.27249285231128867,0.93513429308509799,0.22643210756315454,0.086292930963826051,-0.21063676765927525,0.97374826427353611,5.0466512280072395,5.0571186980548717,-1.0554070080316389,,0.2637790174844853,0.4,0,3
-0.66519672445724487,-0.7309409697225433,-0.15244217445451019,0.74027351445393519,-0.67227142391003014,-0.0068012051872647977,-0.097511238169613518,-0.11737304364737033,0.98828898964603484,1.4806766021044118,-8.7385988202071516,-0.52829216323622974,,0.07071533733322004,0.2682926829268293,0,3
-0.83908193993375246,0.53747196871079383,-0.084055820305044798,-0.53941835998400167,-0.84203773807700077,0.00052968513148148218,-0.070493481891452547,0.045785701963734764,0.9964609066624277,-5.6332900034302051,10.562431254346221,-2.7455099487977801,,0.09213683251323672,0.4929577464788732,0,5
0.35320035552290813,-0.83940281980477283,-0.4131009742935603,0.93554261140997863,0.31835786141011191,0.15299769382111264,0.0030872471054622808,-0.44051240411840564,0.89774121589862033,12.628967184996911,14.829967206811379,-0.50521491216833547,,0.4210368640926185,0.2105263157894737,0,1
