axis_00,axis_01,axis_02,axis_10,axis_11,axis_12,axis_20,axis_21,axis_22,location_x,location_y,location_z,dbh,dbh_approximation,score,reconstructed,number_clusters
-0.65783877790382983,-0.69588379193784233,-0.28808660226432975,0.73305215015530467,-0.67937911052666211,-0.032841579326925337,-0.1728660968457402,-0.23278696762965928,0.95704103374051208,-8.2767285377770676,-13.110980609518876,-0.72778750533833736,,0.4321956989022289,0.3472222222222222,0,6
-0.67863608362713079,0.72150489313879662,-0.13741817629412784,-0.73349648782276577,-0.6754174643871963,0.076119321807527021,-0.037894173046755131,0.15245306811456583,0.98758396790934122,4.7107446012786038,-15.57740416156116,1.8646848183258409,,0.08564499775307621,0.25,0,1
-0.46731776112670259,-0.79666072139615363,-0.38333510812353938,0.8680185775551591,-0.49574674025458748,-0.027909112240778536,-0.16780303678611971,-0.34578441912774244,0.92318756292199111,6.45568005535422,20.127543483450616,-2.6510779509741842,,0.3573758684205559,0.2941176470588235,0,1
0.56164088722006666,0.8172253702312573,-0.12923702276453811,-0.80762670963225436,0.5754306786043577,0.12891327320918999,0.1797181451363084,0.031972306318340381,0.98319843365286741,-11.99126849635112,-12.316975841893118,-1.5220653578449828,,0.1229727364732798,0.4347826086956522,0,2
0.08178612057893106,0.98987550118377732,-0.11600656290406675,-0.98989834294970491,0.094205295562867927,0.10595580641636433,0.11581148952533991,0.10616899003041969,0.98758080401040804,-13.526741259966267,-5.7695362194100088,-2.7026190333456168,,0.08934133258730116,0.2553191489361702,0,2
0.88182433526592119,0.44611733426556394,-0.15285668385976198,-0.42591463313992778,0.8925843835254389,0.14795216647211512,0.20244151503606356,-0.065363922421309353,0.97711053143214266,-6.4491323805526886,9.2480527135824957,-3.752184997855426,0.2134439750286763,0.1445065044308195,0.693950177935943,1,5
-0.96848878812044203,-0.18950061289014788,-0.16161369063063763,0.17914204311846779,-0.98083999541622935,0.076557375733704219,-0.17302484120015288,0.045193153310528131,0.9838800654660671,14.125880945882921,-3.9185132253524086,2.0955586266465906,,0.0793864434677625,0.125,0,5
0.4052374067924539,0.90758700001383941,-0.10985664086438147,-0.89979587778523118,0.41721276897124665,0.12767491424727859,0.16170968572362027,0.047109901435087004,0.98571326192252473,14.083519825294667,-5.3052958318447869,2.2457204957729977,,0.09004856622159876,0.2,0,5
-0.81791631969051626,-0.49129940657515236,-0.29939570318030168,0.5456296061292728,-0.8274371929711356,-0.13280069504059602,-0.18248623756091528,-0.27197901534301122,0.9448418853511471,-2.0729369701430285,10.518468543582232,-3.2095926167007836,0.3396702098445322,0.1735790010356388,0.3333333333333333,1,5
-0.94635349573020078,-0.26269442309633462,-0.18816668459988781,0.2750047179432642,-0.96051909337475161,-0.042136401976101794,-0.16966869548674973,-0.091622657332288193,0.981232807459675,-1.3595800165211775,30.496588015609966,-5.4155818337165584,,0.4654487350676793,0.3793103448275862,0,4
-0.84671425646060894,-0.49363237321066283,-0.19849949124561089,0.49559546904005686,-0.86747566904868356,0.043256151880442816,-0.19354611588281365,-0.061749847991284967,0.97914598365092076,0.1604143931693563,-13.447011012161303,0.75821511024373045,,0.09714368487816032,0.4545454545454545,0,3
-0.36582753791912909,-0.89762115369038631,-0.2458586523748299,0.9184427926983757,-0.39089418714662433,0.060535700172602486,-0.15044284310141043,-0.20366148114584434,0.96741353725128565,-14.145163835728894,-14.99203434893845,-1.5539472020049581,,0.1747359584097793,0.3461538461538461,1,3
0.14665619236859456,-0.96004044822886991,-0.23835750251346535,0.98634348620674661,0.12366645623396758,0.10878021336646586,-0.074956577146154696,-0.25105566189003403,0.96506609420054223,-9.9374145096564153,-7.6527533572801705,-1.7574361456384782,,0.08263724343997396,0.3,0,2
-0.57558988119507737,-0.79958191157509695,-0.17136235102189482,0.79780428978492735,-0.59507814078982879,0.096903671524294688,-0.17945641216352404,-0.080936845972862687,0.98043083544804988,9.6546323374894829,-5.4188908789468808,1.4466226024850031,,0.06916724721798881,0.2857142857142857,0,5
0.03491148591151471,0.99853869864079192,-0.04125112687194786,-0.99045243656824722,0.040077776385053117,0.13190050316830951,0.13336101022215469,0.036252436563424466,0.99040426180209007,-11.14664621411735,21.247483099032504,-6.1219025772258666,,0.1526763130320292,0.3043478260869565,0,2
-0.39202448777817739,0.91757230015732982,0.066165511909486691,-0.91445709702869493,-0.39652376245112197,0.080852479896771606,0.10042419367915917,-0.028809369927039526,0.99452752678259126,-9.4141679997451924,20.598015699761103,-5.7588832632275642,,0.6569175862213301,0.1515151515151515,0,2
-0.86626924071209066,0.49386659462930477,-0.075321904552075228,-0.49349578707203762,-0.86939558775904557,-0.024763281835280777,-0.077714289151018093,0.015719373217702993,0.99685173951164607,-8.2055828218515785,-3.4451312594998145,-2.0985415253266932,,0.3560234743314383,0.3608247422680412,0,3
0.88189848798346071,-0.44083937847957066,-0.16707991882398981,0.46791256991346269,0.86175636502052055,0.19604538827424003,0.057557656393083058,-0.25107092569304867,0.9662559218251503,19.295959193533918,2.1473611929637468,2.1047038645247227,,0.1717616214259988,0.1818181818181818,0,4
0.92202628497427142,0.35683707657394376,-0.15011605709818149,-0.33573037383772014,0.93011885375082493,0.14887590127362962,0.19275021634054715,-0.086868974204904123,0.97739507642573042,-11.737538594145679,10.798370358489931,-4.8438180830725956,0.3182932646992449,0.319692920330202,0.8598901098901099,1,5
0.66943931213242214,0.74066412339366294,0.057163482129466252,-0.72407389984103754,0.63337046273166075,0.27305465480022889,0.16603612540847784,-0.22418410571799732,0.96029864719407021,8.8753985278261514,3.0515539896987374,-0.13562053191656639,,0.2996141034715449,0.1833333333333333,0,3
0.67542728719566114,0.72874757551709635,-0.11280492404795946,-0.71739348844952899,0.68475862845035074,0.12826614320627036,0.1707177859560248,-0.0057089351678114974,0.98530342819738748,-11.624554175824207,4.9959466429070973,-3.8881880062015863,0.3838374303970716,0.2689016606483787,0.9193548387096774,1,5
0.52645830893794099,-0.82457446011953661,-0.20716806865146675,0.85020039830834127,0.51086627800524675,0.12718069316293332,0.00096522875105611752,-0.2430897071363598,0.97000333124057758,-11.38926237325747,8.0918304734244764,-4.3282057534165297,,0.08270899284960094,0.3394495412844037,0,5
-0.89348103286367364,0.43731914910502584,-0.10219396136230137,-0.42774300749415417,-0.89800377424601074,-0.10307832449053327,-0.13684868816586943,-0.048385775450806322,0.98940954780177104,-12.870968957797105,-0.060733161750574978,-3.2895197611470142,,0.202683016273849,0.2235294117647059,0,3
-0.97902195838985384,-0.11862124374500099,-0.16566534194841467,0.11038066581029353,-0.99218821215244268,0.058126244339510073,-0.17126620684119909,0.038620618821158297,0.98446753841663037,-3.2765971822880982,8.1328187120060491,-3.0628084598220955,0.2289207695936995,0.1671765319857335,0.6627218934911243,1,4
-0.9293968318912107,-0.28627517874395086,-0.23295504052435015,0.31790687578235005,-0.9415744687665174,-0.11123281034550062,-0.1875013258643472,-0.17743743066831089,0.96610517594977341,-1.6936528280054295,-7.019360064193731,-0.43735354661902431,0.4430231091319072,0.2748835647847244,0.3230769230769231,1,2
0.89592703467076928,0.41665786541897282,-0.15398367358440854,-0.39197136169001928,0.90464946525691459,0.1672357516359845,0.20898133926481705,-0.089473840841252664,0.97381786369125523,-2.0306535741105685,-12.859818137415024,0.27681843865017025,,0.4538281084865263,0.2272727272727273,1,5
0.98595320020529664,0.068618951305239706,-0.15227516713733386,-0.02118076862491073,0.95571589811473123,0.29352767694241411,0.16567335949207956,-0.28617924734774419,0.94374455036417904,-4.6273968374851107,-12.230718730214706,-0.26056998480403371,,0.2228404987177002,0.2105263157894737,0,3
0.57401246441697307,0.81881823405914533,-0.0068110400245082392,-0.81005458647539286,0.56904525817968998,0.14141803659148169,0.11967145701516715,-0.075658401486365684,0.98992653700180955,0.53674436788846536,-10.685990789941128,0.46561868162265385,0.6919451247029188,0.3125363407152452,0.2903225806451613,1,5
0.97741471271889724,-0.1299469847237987,-0.16665611456477616,0.155575913790925,0.97617142306109617,0.15127950240198593,0.14302662132887597,-0.17379048869275499,0.97434093192843918,5.7393517364938305,0.55745501044251133,-0.30499358744911104,0.4436243640297819,0.3509723607673491,0.9387755102040817,1,5
0.53947795448887648,-0.79902643770400172,-0.26555656359907853,0.84199115371437239,0.51051625717123272,0.1744249071394802,-0.0037991692826541356,-0.31769466947673125,0.94818545828273115,-16.597533073733366,8.9046473942050266,-5.3086654796074546,,0.245183184192768,0.1363636363636364,0,4
0.37748073446609864,-0.90301801623170264,-0.20510182219545606,0.92544659431579268,0.36010251627591866,0.11779125112271077,-0.032509939652920761,-0.23427471082622947,0.97162671005435597,3.3458034157768854,-15.197053376869869,1.5271591727974245,,0.1011907355638264,0.5,0,5
0.015079775068478919,0.99434241076125374,-0.10514642431097251,-0.99073612609681627,0.029052848612228524,0.1326569275770727,0.1349612123187913,0.10217192446564728,0.98556905847354448,0.84995490491892967,-11.853505104731205,0.66081573701510554,,0.1472445201925409,0.1764705882352941,1,5
-0.96791818135063479,-0.17921793939566,-0.17611168163882207,0.18144424119055361,-0.9833949562055172,0.0035138936143980673,-0.17381709222531741,-0.028553288923040675,0.98436392058121147,4.0346386676492365,-10.826943437071577,1.1042787323468761,0.4380665484727215,0.1918465629969683,0.2068965517241379,1,6
0.96270898174571251,-0.21035385167801468,-0.17012546414442761,0.23318380468727254,0.9640304003004696,0.12755665614966621,0.13717408537220538,-0.16247044156011894,0.97713183651007862,4.1057394820381816,7.0552510733479972,-1.5955488123359098,,0.07858486927900817,0.3488372093023256,0,5
-0.92824003902181962,0.33583171821164243,-0.15996089209487138,-0.35191871883516457,-0.93215020314491681,0.085142316801379805,-0.12051408751754918,0.13532573967987804,0.98344460895868802,-2.6344764782422763,-2.634235568392914,-1.1902957903326825,0.2528619027477877,0.206709972909605,0.8499234303215927,1,5
0.96247224374812146,0.24134931417987512,-0.12408742305069664,-0.20256153126370255,0.94319284795758285,0.2633554207032196,0.18059902011517839,-0.22833694424374204,0.95668502331063465,9.9457012190783267,-4.5239641070409551,1.3635658752329942,,0.1219263388385202,0.1212121212121212,0,2
0.69272002195424986,0.71058052886223022,-0.12334619242431732,-0.69680328967161442,0.70353297363253664,0.13966578147340233,0.18602189840585798,-0.010801250558780402,0.98248622702806732,-0.93501961950501955,-5.2219155149387708,-0.57621100278062942,,0.2016005014089212,0.7461538461538462,0,5
0.94581006638798715,-0.25129607767458978,-0.20565407767539601,0.29859310828659036,0.92195100546901132,0.2466748856256579,0.12761455247307762,-0.29471448023476104,0.94702581862220159,5.0298282504047407,-7.1725617412774341,0.78189894751033384,,0.1308911661096546,0.1764705882352941,0,5
-0.40283116514286182,-0.87384536060357643,-0.272252342765403,0.89517693871899573,-0.43814402400275976,0.08178057603341117,-0.1907493139576967,-0.21077025402621483,0.95874428250832011,7.8607784622443679,-9.1394100844615114,1.5537164910345058,0.2809316509529131,0.182094741129832,0.2222222222222222,1,5
-0.87220006255088667,-0.45138173773933632,-0.18847168944338918,0.4571933470079953,-0.88925779251085879,0.013957861954460965,-0.17390024248935096,-0.073993954443117085,0.98197942970716745,6.2030866493901522,-16.106068585824634,2.201743617291481,,0.4963088776406178,0.8942307692307693,1,5
0.70666863793762746,0.70327665299086883,-0.077597587032968665,-0.68356475619980106,0.70691050756304596,0.18170514130993359,0.18264353324682653,-0.075362349053870792,0.98028661936609029,3.0600716414590488,-9.4565524595606121,0.65998869450251796,,0.1349607193368427,0.2272727272727273,0,5
-0.63113546797148357,0.77404606776095664,-0.050206633547944655,-0.77554971646655535,-0.63086441489163891,0.023080886293127757,-0.013807909221269746,0.053504906384658477,0.99847211610325259,1.2593746614671817,9.2476944722784769,-2.4570800696109103,,0.1550586815773442,0.2727272727272727,0,3
0.24438864012318565,0.96844015199046596,-0.04896799558307896,-0.95960664597000633,0.24880108649684873,0.13135107296167706,0.13938894356776016,0.014889303901526854,0.99012576526438967,-7.227957664829999,-4.0183399563360274,-1.8375089243462952,,0.088696498676751,0.1857142857142857,0,3
-0.074000713166501711,-0.98001297011656896,-0.18465771810067977,0.99040989141389413,-0.093884505402419993,0.10136047866333947,-0.11667108227991824,-0.17538608282484669,0.97756205967242238,9.2330001573046516,-1.7589124628934232,0.87187128666397828,0.4946204437796693,0.4239210766318379,0.9612903225806452,1,5
0.92330220753823955,-0.31275463752353694,-0.22292951859844332,0.35728036015987485,0.91239557549823802,0.19971243840899849,0.14093891513362394,-0.26404327395099253,0.95415793854172659,-2.6771452698900924,-15.162473971127831,0.48720227688479195,,0.142348275259248,0.3333333333333333,0,3
-0.060400088937590947,0.99789340257462544,0.023676704888333799,-0.99546359222069492,-0.061966020915043933,0.072197290911971732,0.073512351475127288,-0.019208574907953722,0.99710930435464518,11.340275017137708,-2.8668561504888497,1.4069452223802965,0.3799708893341193,0.2237616746320987,0.325,1,5
0.31011008875376223,0.95069321412978802,-0.0037610451615309147,-0.94147077800251311,0.30764690185966487,0.1377902679563863,0.13215334661096087,-0.039189238111030554,0.99045428798900181,-12.636299079485978,7.2979887775471619,-4.3908956916707407,,0.1978582448664138,0.2222222222222222,0,4
0.68523695053388234,0.71376925008728187,-0.14485778975555447,-0.70466087334262173,0.70001439031010104,0.11590041819937648,0.18412869196037465,0.022656367507088552,0.98264098927754118,-8.6676398564964199,0.23489542765619201,-2.6611138713954041,0.4536113986923521,0.4336022765466332,0.976464148877942,1,5
0.97147986180891821,0.11241612639843591,-0.20878096806293373,-0.02958873939789575,0.93106758564464853,0.36364496072775149,0.23526874973223352,-0.34709619054005109,0.90783966090495061,-9.2975658355711115,17.515546013999344,-5.3564750919971811,,0.6309037141821937,0.7154471544715447,0,3
0.9783164528291961,0.1461783431466589,-0.1467269917860918,-0.10512227504208675,0.96085174649833616,0.25634591578777299,0.17845510755838304,-0.23536315184411041,0.95538367232245047,3.7796656672697075,-17.707724588392555,1.9782553516236525,,0.3809504423424753,0.3703703703703703,0,5
-0.96184763985217259,-0.21190762356015991,-0.17304414693334624,0.20464004362171584,-0.9770563147553345,0.059020423102732422,-0.18158075409389127,0.021356892887517239,0.98314409567920591,-8.4722974913019247,9.7488003125412135,-4.1421312877418961,,0.07254374238746952,0.2933333333333333,0,5
-0.83796062208672029,-0.49680792010742442,-0.2258404001736006,0.50695273011517406,-0.86184506635359259,0.014900034588648426,-0.20204188986645388,-0.10200476518529285,0.97405035938532725,0.14449421771549184,14.586479225686654,-3.2526866799441208,0.3519535297324862,0.1509087470838872,0.3142857142857143,1,5
0.21121056813511174,0.97080543041413137,-0.11369657948449656,-0.96797343319590934,0.22389534811635142,0.11357070801390715,0.1357111953191987,0.086067934623115613,0.98700292912166365,-6.786722815791955,-12.265431389532743,-0.63332360931076914,0.2292719365341568,0.0907181674241478,0.4705882352941176,1,6
0.3297184660945916,-0.88644976773858564,-0.3247961551380153,0.94379704996473912,0.30108682973742878,0.13635926604569534,-0.023083795053799525,-0.35150182109751965,0.93590256339591349,16.074348373589491,-0.41219145943209645,1.9795122230442601,0.6502975710612284,0.271658958816711,0.1666666666666667,1,5
-0.85700043821005967,-0.48669980770213206,-0.16933264921589591,0.47820982376343962,-0.87356283910257349,0.090572239649859304,-0.19200420142253613,-0.0033560872693340002,0.98138836518186578,0.55199900004248148,-4.6794213303155772,-0.40249644109628657,0.3311895177512826,0.2646135108109188,0.8593350383631714,1,5
0.71457947572780245,-0.6547415544670161,-0.24635273435197261,0.69604153967099891,0.70069249510868259,0.15670418740669709,0.070016768855778788,-0.28344933260193667,0.95642779545897372,10.166381650516401,-0.91284923962805309,0.83650806314411164,,0.07340334431755254,0.4090909090909091,0,5
0.19906408758113214,0.97988232122133212,0.014287252828492593,-0.96818315878387184,0.1943896639839805,0.15758816447778973,0.15164056212892085,-0.045202821749190276,0.98740156209271601,2.9387279617021003,-8.1802475345821648,0.49866304854169752,,0.4826578624150324,0.2340425531914894,0,2
-0.66114301285679256,0.74341549948697894,-0.10111039349724657,-0.74610195576099736,-0.66564966673476067,-0.015568968672196076,-0.078878312356800567,0.065145347481050955,0.99475338428241378,-0.71014304896110947,-14.625708690562542,0.74814387357183909,0.5641884990643139,0.281320583562697,0.3666666666666666,1,5
0.98639363403772007,0.036374032862085084,-0.16032631868539055,0.024220361220439277,0.93242264988484236,0.36055703582662357,0.16260680438472713,-0.35953432619859493,0.91885477386402614,-14.014248954845321,-4.5448144200687901,-2.9317320625795245,,0.6303951761663851,0.3541666666666667,0,1
-0.80373063150089519,-0.49976762351380488,-0.32287674811688744,0.56210104646459924,-0.81570484716925185,-0.13663094769483858,-0.19508840444930228,-0.29130383586892766,0.93652687609991969,-6.5784247391374002,21.60469983709363,-5.3658272581280482,,0.2763988436718303,0.2,0,2
0.17306387123290759,0.97282396987356257,0.1538259409635509,-0.97632967608796406,0.14887914919593312,0.15689283770990464,0.12972763801076062,-0.17733731297766234,0.97556251330297261,-5.1213084508164082,4.0507177889541772,-2.7045201761115196,,0.592215621197175,0.289279112754159,0,1
-0.01626183983648018,0.99976390490978484,0.014411349855992921,-0.99434364159269673,-0.017683308582103256,0.10472832960457955,0.10495844410674161,-0.012626758773702571,0.99439644507287106,18.864046163356434,-6.3513529065587875,3.2963186606202566,,0.1738649016692257,0.1666666666666667,0,3
0.77409797596054564,-0.55915832380050445,-0.29684051700938124,0.62976340532548802,0.72799036347346591,0.2709761686986813,0.064578455591873682,-0.39670139855359904,0.91567331699628951,-6.2628386112771972,18.1887131824794,-4.9870773617748121,,0.542170239774211,0.42,0,1
0.077607123151445329,0.99691048996825826,0.012108237997449579,-0.98411787061944578,0.074655115340653971,0.16105474373926454,0.15965322158855086,-0.024414928726501132,0.98687119731587869,4.9794179497094708,6.7732627334087896,-1.4067112511317714,,0.3102906816034422,0.2553191489361702,0,5
-0.5132761213021696,-0.81251177529409557,-0.27635527552307926,0.8412109680351898,-0.54010219209086496,0.025568131647429476,-0.17003449814169624,-0.21934957740346542,0.96071537529833573,5.0053549594369322,3.9989044688131075,-1.0075844472371147,,0.4644143248111844,0.7508532423208191,0,5
-0.37695551901128599,-0.89831041697809921,-0.22570540852085486,0.91116961384013007,-0.40341388722730631,0.08382821963147602,-0.16635645915130812,-0.174056399884601,0.9705822469826304,-16.60343960902037,4.520436750117776,-4.5450556861631384,0.2513744278041984,0.2321575198652683,0.8412698412698413,1,5
0.93412174333573195,-0.31108322685837575,-0.17505369060603132,0.33492873380979826,0.93344821244027132,0.12844134054355774,0.12344760789896692,-0.17861035988833698,0.97614498279947148,-9.1787638847938791,13.28782589593658,-4.7217030109821287,,0.07518491775289619,0.4615384615384616,0,5
0.98108026507063173,0.10436626640543137,-0.16306193892362261,-0.085238049669525875,0.98908256026192809,0.12020883442678533,0.17382746726992299,-0.10403543349408119,0.97926535739820009,-4.7922043466317312,-1.4666853809166978,-1.7807961028772119,,0.09136761122493713,0.5484949832775919,1,6
0.87078804096461349,0.47322729197038282,-0.13335710647501869,-0.45400447509172909,0.8780569124291937,0.151314226469276,0.18870115079059482,-0.071217895712313961,0.97944876691974847,-2.0096366465672535,-10.454081395054109,-0.05343952574090205,,0.08392971862324819,0.2258064516129032,0,5
0.3839693567637717,-0.90213354997984352,-0.19678056577614778,0.92281194576691128,0.36768514507636335,0.11500324708485607,-0.031394996676258481,-0.22574917960191798,0.97367944524507599,5.4914929421695469,-13.061755917176868,1.6099516818026682,,0.08642747111156909,0.5789473684210527,0,5
-0.78377608378366392,0.6143958815470304,-0.090624230903169831,-0.6166023290953091,-0.78726163662722803,-0.0045478840419276587,-0.074139181564027185,0.052314589103481336,0.99587477401727109,-9.4586251558491909,-10.344657401324227,-1.3357391134037908,,0.1192242778833179,0.1428571428571428,0,2
-0.46374008402873546,0.88044654938723588,-0.098787692235077579,-0.88586707788961594,-0.45908389364381225,0.066943998298212334,0.013588773908479962,0.11855737964777935,0.99285421535828611,-11.76671636802673,13.796486565165822,-5.2495002347840822,0.3864787729814752,0.3983818177665014,0.8495297805642633,1,6
0.98151069148533787,-0.014161781878710101,-0.19088270333897284,0.072812981233617013,0.94990890982021436,0.30392652534460562,0.17701703947317457,-0.31220587274776257,0.93337691248389099,-15.862136445825683,-7.0483827222278386,-2.8850563131290539,,0.1792082215534166,0.2727272727272727,0,2
0.083706241828178096,0.99551752898312007,0.044024022605212446,-0.99636492075895822,0.082912690493503069,0.019555828699454537,0.015818020103553165,-0.045500936720800009,0.99883905360049519,-17.964585863820236,17.254177996099532,-6.6963322914235217,,0.2852692976289111,0.25,0,2
0.09586976634473357,0.98570268410782491,-0.13856120107604591,-0.98802660887791649,0.11113861436711292,0.10701228221920785,0.12088179370861185,0.12664291112884465,0.98455531333216673,7.0850305096332846,9.0431316995445918,-1.2109132858533602,0.6899906050447174,0.5989355641787322,0.923469387755102,1,5
-0.45447634233387135,-0.86449888076282577,-0.21469266270333445,0.87682260871358897,-0.47664510106406299,0.063178797711937199,-0.15695020582185432,-0.15953411168603165,0.97463608598339246,3.3285608782938345,18.43784431979833,-3.1088460380816305,,0.1759870698396103,0.3333333333333333,1,5
0.47185026786616707,-0.77511431679814402,-0.42018462681203744,0.88159699317432116,0.40829364337841489,0.23681858542516065,-0.012002763874239949,-0.48217641654411575,0.87599191605177118,-3.6259426978349447,-10.669953854073619,-0.27196041174525593,,0.7452256177742154,0.25,0,1
0.94662388080394055,-0.24361065044252395,-0.2110854786162675,0.29063987097894067,0.92825404153208158,0.23210536352420344,0.1393976100549543,-0.28106633624525057,0.94951041118075186,-4.2545109395035645,11.848569424612805,-3.726509326898904,0.316688420188773,0.2920832716836822,0.6867469879518072,1,5
0.93875939942050646,-0.28375957164765891,-0.19547709711878586,0.32796214862068357,0.90982571105610743,0.25427938291051666,0.10569588010776398,-0.30281624956330455,0.94716983689761769,-5.9398613626910093,-7.4240619105807903,-1.1071461651050583,,0.2907991445142195,0.36,0,5
-0.19614738375143043,0.97713146006852269,-0.082099412859205773,-0.97821238716588321,-0.18917999174606417,0.08550705420129491,0.068020066470808327,0.097082647611796857,0.99294925856762217,-3.9856701000898207,-1.5272665434305577,-1.6667600023466327,,0.07767360980463225,0.2509505703422053,0,4
0.85431930578369042,-0.4836739727110132,-0.19025775118827506,0.51477400607136037,0.83793820131929353,0.18129339051115576,0.071737343402977119,-0.25282218828997849,0.96484957100563129,11.800618642259293,-1.0288743050814213,1.1816341196768962,0.7106861547865119,0.6568975146148532,0.75,1,4
-0.82338733226887961,0.55662680398161857,-0.11045316721736385,-0.56183541222668043,-0.82699079594560065,0.020668647496594798,-0.07983902947314804,0.079074803259137086,0.99366639515599764,3.5996090334316473,9.1080016956035657,-1.9214206668604643,,0.2700883735170914,0.3846153846153846,0,1
-0.42018551485664468,0.90683211428244714,-0.03316096516513159,-0.90683070738410454,-0.41828676113754365,0.051906200037251389,0.033199416409030465,0.051881614885140398,0.99810124575967218,18.84743696753635,-7.39706762382413,3.39220914009567,,0.3186212944077753,0.1333333333333333,0,5
0.52967396141480017,0.8401863887401595,-0.11632852949694625,-0.83036117815622557,0.54161413200327457,0.13097498167720303,0.17304857240138372,0.02722065741507057,0.98453706248151673,-15.582874541901088,7.1849108871866072,-4.8374101298300092,0.6587323202505361,0.3158122673582873,0.7058823529411765,1,4
0.41801420149458901,0.90001778580327185,-0.12341844508264339,-0.89427937763560095,0.43157739810092,0.11834417680698359,0.15977647537896078,0.060901023687754262,0.98527282679938988,-8.9403088066569136,19.355080468902429,-5.5724780303590764,,0.1287029449440931,0.1333333333333333,0,5
-0.69586434392459717,-0.65780108605913945,-0.28821961424199827,0.69312732094840612,-0.72020112964713323,-0.029746425161317147,-0.18800886098605685,-0.22047236569332154,0.95710219107277972,11.76984810617836,0.20525067846853645,0.92518980860907896,,0.6276958617682524,0.5625,0,1
0.44163493600932674,0.88768631068266257,-0.13027508250867798,-0.8816633798480471,0.45629104795537573,0.12028368214643433,0.16621753196025194,0.061737293286877534,0.98415458068672024,-10.823697144346839,-8.1867650022944343,-1.8474429350003716,0.2597268940413859,0.2196668850304196,0.6015037593984962,1,5
0.97722823016084115,0.14171661689441611,-0.15792842262465512,-0.11697565572466079,0.98076400223649995,0.15626473653652179,0.17703582164210729,-0.13423253112805492,0.97500766429934294,-4.2283606464582197,-4.1552432961405659,-1.2583200916704649,,0.07013074813685434,0.35,0,5
0.96364119532844983,0.22047816127833372,-0.15094710022150573,-0.18981772281145229,0.96246005382670086,0.1940099917390295,0.18805552045242088,-0.15830358551602283,0.96931681922895574,3.5953205157267893,20.761711005908701,-3.2586377685639154,,0.1243664748395315,0.4285714285714285,0,2
-0.47883950540415682,0.86521565304550174,-0.14870979049594737,-0.8778351422308307,-0.46978579832376693,0.093310057110034567,0.010871574351472775,0.17522322168692961,0.98446870516678875,11.659552840775948,-4.9438837649460812,1.7461285490529392,0.3230067410542206,0.2865505688717966,0.7978723404255319,1,5
-0.97050275622039683,-0.17808353974355945,-0.16251354725381353,0.18316453606776112,-0.98294018198914135,-0.016713807412901089,-0.15676464172668284,-0.045987514648628366,0.98656474475867406,-23.126859669151806,17.77155247820458,-7.5412245281301296,,0.1648391427120846,0.1428571428571428,0,2
-0.83513492819518798,-0.51339354673365978,-0.19742522098418092,0.51608874466625532,-0.85552342918049484,0.041618142102410299,-0.19026838764552528,-0.067132170346870454,0.97943412865148416,5.7884527966952257,15.897894344711036,-2.3289416632000255,0.2699139883515418,0.3190240867213759,0.6571428571428571,1,5
0.94440942150874518,-0.28132168583408396,-0.17014392038796655,0.30377079635665422,0.94460380746696548,0.12428576024531837,0.1257543154184457,-0.16906139712655147,0.977550047903051,-1.5684296686995745,-4.1500904857079215,-0.81557121011197187,,0.07549857678033352,0.2869565217391304,0,5
-0.38342888104204675,-0.85206104730518162,-0.35633448450583632,0.9086895990317384,-0.41702176133549929,0.019392348598745134,-0.16512269920995512,-0.31636185332279571,0.93415719874536296,-4.0126321251216019,-7.4581251815408232,-0.75038374036367927,,0.2255361697840093,0.1346153846153846,0,5
0.94349972710007179,-0.21752026177933076,-0.24998640098521893,0.3063560899655664,0.86012953563600536,0.40782732628846807,0.1263099802197005,-0.4613698274075172,0.87817063903028425,-30.398890002882965,2.2014487854519329,-6.5183535990569288,,0.3737334119726434,0.3529411764705883,0,1
-0.69539529593072313,0.71785482726340388,0.033314101699599016,-0.71826959352824893,-0.69283900778458629,-0.063740884092038833,-0.02267539217272227,-0.068253617242598943,0.99741028184148717,-11.534221565357658,-10.150890096778824,-1.7285594031177725,,0.2806738996534643,0.2666666666666667,0,4
-0.98670055941155754,0.012514139721834761,-0.16206604321677051,-0.013251120355151616,-0.99990618862249769,0.0034672415205272682,-0.16200745003317296,0.0055686857920678534,0.98677382204449293,10.918328147344965,-8.6644973078526331,2.0601217323760368,,0.08421238439424154,0.2,0,4
-0.88163236556452496,0.46532204334174587,-0.078738605330312086,-0.46499386246896124,-0.8849999332677444,-0.023575961958845953,-0.080654075255359031,0.015827637105724296,0.9966164789167159,12.521045996953589,17.519690454587519,-1.1297597886478241,,0.4306236976524227,0.5,1,4
-0.23628602497507084,-0.860077437682079,-0.45214567961190255,0.9617486904743292,-0.27337850157066107,0.01742559180895864,-0.13859426673709305,-0.43073309144899619,0.89177386884702892,-5.512706996983467,-9.0183567827343314,-0.83112719356341025,,0.1203718700347517,0.1923076923076923,0,3
0.68679754450472352,0.71909661602504826,-0.10587346071423083,-0.70247922821335107,0.69409289304756416,0.15734671826777441,0.18663350929310121,-0.033691432771374534,0.9818517304393547,10.03842340198732,-12.604957059944923,2.4051048670914912,,0.1381028766351835,0.4444444444444444,1,4
0.8324705082408701,0.55367120786179513,-0.021001106971983596,-0.53113188810520096,0.80822728398165811,0.25429820067282527,0.15777125957217894,-0.20054139476051658,0.96689781189147139,13.781683398213733,-2.1183550843903447,1.8057681955016214,,0.3845114541926707,0.2666666666666667,0,2
0.98627409222554496,0.071848448422740435,-0.14866477546453974,-0.00028800940239108875,0.90111086363158333,0.43358866278504782,0.16511611688524339,-0.42759444793447288,0.88876299205150977,2.3514029212549552,-11.928709142408795,0.95490645967085797,,0.3039877624260861,0.2,0,1
-0.30797875660660506,0.9503887785990679,-0.043706463961558674,-0.9498908396925867,-0.30458704854815855,0.070243309466710063,0.053446030228295242,0.06314981686192904,0.99657193542821743,1.0769970957068777,-19.485313682671602,1.7094829474490618,,0.151142925843818,0.5,0,4
-0.16989165667474901,-0.9227033018758044,-0.34605699198224055,0.96935630823998709,-0.21970175646413112,0.10990671445329296,-0.17744061729956667,-0.31678029439039124,0.93175376168722035,-19.842301161833714,4.696267920471584,-5.1037934157228353,,0.183031519787011,0.3333333333333333,0,2
-0.34545654855401631,-0.91091308318933095,-0.22560391826307949,0.9288399409979724,-0.36618628271060549,0.056249180984898166,-0.13385117507153263,-0.19011828220635704,0.97259390379689037,19.518018322359382,9.5091384884955925,1.156640226386211,0.2961225429487613,0.2954482413063346,0.6363636363636364,1,4
-0.9840289609127717,-0.050750193692456334,-0.17062069606325317,0.052406964296808439,-0.9986121810093862,-0.0052174738015283483,-0.17011911761505202,-0.014075858050391132,0.98532297042239991,-18.013608953991017,15.407327782457701,-6.5416010717310762,,0.5735799196877938,0.5625,0,1
-0.9105436077934006,0.39955585114053943,-0.10613887188931777,-0.40410946917282747,-0.91437907516736916,0.024626080096558433,-0.087211669124226829,0.065314842994724454,0.99404632490299016,2.7301506881294939,-6.7606008502964485,0.31848576568021214,,0.1199801812691154,0.2083333333333333,0,4
0.67209197054530434,0.74045400579339637,0.0044998258902751494,-0.71486159519002501,0.64725410985821985,0.26464129873097336,0.1930421789425891,-0.18108004466576799,0.96433642188446933,-20.001810801975164,18.581771965556204,-7.1597899047730609,,0.1517209626948662,0.1428571428571428,0,2
-0.94923225808433853,-0.20970045173665261,-0.23448633383110062,0.25432982557574896,-0.95026850438466826,-0.17973900354996264,-0.1851336275092012,-0.23025092858872082,0.95535859751682506,-18.725750239849965,12.056411838080148,-6.1295704594915295,,0.3864981625153416,0.5625,0,1
0.26205645836660391,-0.85305537066888382,-0.45124599411111282,0.96345149473209601,0.20433669736497947,0.17322739797290668,-0.055566446051942366,-0.48014898592306426,0.87542522318597316,-10.953030616468341,17.565082869233166,-5.7114551805633642,,0.1137310023989994,0.1666666666666667,0,1
-0.98570127567047194,-0.024742553614559865,-0.16667573663324861,0.018543484122928822,-0.99908086147806374,0.038646751801849059,-0.16747875787152269,0.035003403675666567,0.98525409280699339,-12.695044352009232,-9.8896895718368043,-1.9156570205848289,,0.1096051423679004,0.1666666666666667,0,3
0.81102116101377786,0.57311935039534956,-0.11738350220655641,-0.55083000450175246,0.81568383669445543,0.17676590365795194,0.19705578532096846,-0.078702533363452801,0.97722818661442179,17.659251810012588,5.228436075380503,1.4124845717158325,,0.2818845556854644,0.3888888888888889,0,4
0.93040783421546813,0.35685673796444195,-0.083633310348564527,-0.31452189446793827,0.89449531039527341,0.31773277700162134,0.18819468624480559,-0.26931655769788926,0.94448470173898447,7.3432327151183978,-6.6522695657733415,1.0908628651584764,,0.3235374802633072,0.2564102564102564,0,1
0.61702430303712352,0.78656178544655153,0.024526865610689379,-0.76668224566801924,0.59381846807543159,0.24408597081764141,0.17742419124514733,-0.16941128843049597,0.96944338241762473,-21.105345693188251,7.5370202074556714,-5.758932755753559,,0.2229675996913818,0.1875,0,4
-0.98641836155889506,0.027383415653203388,-0.16195358756949121,-0.018998229304480918,-0.99840849593264069,-0.053099364711985508,-0.16314987975098033,-0.049301356945686471,0.9853687091340757,-14.716336676651332,14.48352488852229,-5.8256062279516723,,0.189654606083763,0.1875,0,1
0.75915847537558867,0.64044869519585323,-0.11620618781863651,-0.6221659038693711,0.76644511743200539,0.15959783841596065,0.19127989263856127,-0.048860523805704326,0.98031864813723313,-16.698357034966342,-7.8857332788509833,-2.8987379239233699,,0.7204705237502351,0.52,0,1
-0.89567798329125414,0.41947878560206792,-0.14764314639402126,-0.42585361344222417,-0.90469802427305979,0.013045489435934284,-0.12810015677395886,0.074558925060898271,0.98895465847947284,-5.8845034226319584,-11.390713688282128,-0.60596269397135305,,0.1501021151036969,0.4242424242424243,0,4
0.75277426641721323,-0.56482240211904478,-0.33809252858425964,0.6556890207901892,0.68887422903157003,0.30906990243529447,0.058333625253614178,-0.45434342808126094,0.88891464017876254,13.044022954482726,-2.3354320856162727,1.7038414882252921,,0.09705648080476303,0.2307692307692308,0,1
-0.9811406308156021,0.17348499151436739,-0.085240954253357704,-0.16097647343762569,-0.97747213522605891,-0.13650933981305133,-0.10700297922183548,-0.12021307156823512,0.98696462948870811,13.633567667126691,-7.4921494589084636,2.4128960713915149,,0.2776235329809527,0.2592592592592592,0,4
-0.98640913466596303,0.0096265048954565224,-0.16402545366815344,-0.02166439949719897,-0.99718658832866525,0.071760447684379919,-0.16287318024147371,0.074338674059567483,0.9838425121415999,-10.419699626946928,18.367289552243058,-5.7220175718153747,,0.1010154679940904,0.3666666666666666,0,1
0.40538986614460126,-0.89541109453659873,-0.18411417166539873,0.91391712999661534,0.39249825256350207,0.10344371045815354,-0.020360155353416551,-0.21020012729627682,0.97744635175472283,2.9829041381671035,-12.542263323032115,1.1326677855189951,,0.08507639889485594,0.34375,0,4
-0.98394618995592464,-0.064445899912648402,-0.1664230190077973,0.062335117900995302,-0.99789508237518665,0.017881209346395505,-0.16722508288976801,0.0072201492968994724,0.9858923070481086,11.268432271711227,-6.0109832087630721,1.7670118293925356,0.7150078759367249,0.3272645522287682,0.1891891891891892,1,3
0.74888616675358655,-0.58879735635867347,-0.30411705376409992,0.65929243331982568,0.70842221486399726,0.25193541405370384,0.067104371037528546,-0.38917301889034572,0.91871723873857514,-10.854399910880369,-5.5311723990906732,-2.260193488484012,0.4159253728717193,0.2339568642978783,0.25,1,4
0.66528887378366863,0.74654837707703448,0.007499006821141554,-0.73086840294895716,0.64919971288197964,0.21064451183165328,0.1523879653729199,-0.14562023718426229,0.97753396592236153,-9.0522917924142536,-1.4409360518329912,-2.5244204520263631,,0.2239003991896999,0.2727272727272727,0,3
0.96726500644103963,-0.17887902483721771,-0.18000194940028555,0.2195808366349376,0.94553383786845835,0.24031233349215778,0.12721109816882259,-0.27197068944838748,0.9538601997062528,22.254831258730668,-0.3666651030089601,3.1308656055503654,,0.413319254527544,0.1666666666666667,0,2
0.9614263945237046,0.24130221680295069,-0.13203229937834404,-0.19865055924544925,0.94113631097472195,0.27349661693769239,0.19025573112161734,-0.2367185762268656,0.95276811053083943,-13.077383527099849,14.755814801773154,-5.6076635699626118,,0.5191191318387677,0.25,0,2
0.86121212170876871,0.48817472805423112,-0.14141823189057923,-0.46850971431756622,0.87038508095824607,0.15142145962636525,0.19700844908772949,-0.06415018109471006,0.97830078465345349,0.69498484906665015,-13.944691098320035,0.95467121894454343,,0.07336551607920212,0.1304347826086956,0,2
0.74040780584635879,-0.57230713947286216,-0.35250648100449367,0.66858286951310875,0.6810832641160629,0.2985339745064659,0.069233139719347622,-0.45671667962687779,0.88691411473445503,17.147179054762066,8.4228477448563339,0.82973458386461907,,0.3048437814064339,0.1666666666666667,0,2
0.88449663732620709,-0.42302912808741833,-0.19675379373275054,0.45603004522765178,0.87295368022984166,0.17317179338113972,0.098500235574829731,-0.24289551038002524,0.96503858711915202,16.62167403753989,-8.224522043574499,3.0355271059707651,,0.08715912271914317,0.5,0,2
-0.18879492199975326,-0.94698306752498906,-0.25996066480925617,0.97310082053088931,-0.21599727873414723,0.080124706935839479,-0.13202753693536107,-0.23784079843543768,0.96228918942819719,-12.300849110616351,-2.8961037188253345,-2.868820002541002,,0.5990026651559115,0.5675675675675675,0,1
-0.34710278426719415,-0.91057323307740889,-0.22444608340739128,0.92516658529462381,-0.37165812569121787,0.077052106148875227,-0.1535787960893307,-0.18090501599084247,0.97143549892986014,-12.248828527307783,22.843918936959412,-6.4605068985424667,,0.4784499323109009,0.5428571428571428,0,1
0.1740349524422895,0.97834089235393618,0.11207557127454121,-0.98172023583973622,0.16346846232447967,0.097485590566214961,0.077053318365814291,-0.12699275638151536,0.98890627763981886,-15.853970780619727,10.037805025698409,-5.391388344656769,,0.353226166104554,0.3846153846153846,0,2
0.59897144449344419,-0.74841367527770453,-0.2847984890036378,0.80063369997249501,0.56628439069540082,0.19572344602293029,0.014794835240357204,-0.34525202318314785,0.93839338943651629,18.682096602894383,7.5293351979422871,1.3004467595983629,0.5373648930156245,0.4852475223813209,0.3055555555555556,1,3
0.10408418991244471,-0.94103396451600285,-0.32190302738179521,0.98847497238857873,0.062105247063855493,0.13805856456061047,-0.10992593129771036,-0.33256279995578597,0.93665269642162408,-0.28316219053488001,-2.8758555790243476,-0.75015638861902878,,0.6985328267402855,0.3161290322580645,0,2
0.13323883319836377,0.98916067978890454,-0.061713555135734698,-0.98352443172489601,0.13964218186712754,0.1148031064196835,0.12217653427790331,0.045400557297690304,0.99146945685124377,12.04473146573854,-10.210233204782904,2.5307450926448958,,0.1188139343569467,0.3076923076923077,0,3
0.82177037208922543,-0.48790279794310315,-0.29435406454749097,0.56427145386593758,0.7686898469046608,0.30118706084045344,0.079316971124458596,-0.41360219900888012,0.90699616265266614,-14.56883578389966,16.396441555091325,-6.0725264927312264,,0.4724713956652679,0.3333333333333333,0,1
0.28167256564436477,-0.88814446292115579,-0.36312529345366901,0.95811499119718857,0.23993905472011418,0.15634869255363004,-0.051732285920231214,-0.3919549247075616,0.91852877341483319,-12.794548193649014,4.6879173988752969,-4.0364278269953289,,0.6658507335658428,0.3195876288659794,0,1
-0.33415484407149459,-0.84655449614264922,-0.41435012398239096,0.93027217257767125,-0.36686949792674428,-0.00067558759623417603,-0.15144050023417358,-0.38568414091280218,0.91011731020631603,-1.2875412255781107,-13.998687286056265,0.53724763203230774,,0.385648293369371,0.3,0,2
