axis_00,axis_01,axis_02,axis_10,axis_11,axis_12,axis_20,axis_21,axis_22,location_x,location_y,location_z,dbh,dbh_approximation,score,reconstructed,number_clusters
-0.92015480411279515,-0.39116872163082334,-0.017382971145687653,0.37977018183298417,-0.88077135722694333,-0.28287174705005541,0.095340156590423705,-0.26688733110868312,0.95900021221843212,-4.285046981877195,-19.751667459459515,-5.1933164082887489,,0.634211911081407,0.945054945054945,1,5
0.88631830544062429,-0.45646955017672475,-0.077944924160071413,0.46278133981120328,0.87912473196705965,0.11389968027344548,0.016531574740723164,-0.13702282804446952,0.99042993272178903,17.306490747774816,-0.90710018207358312,-4.8564365211262137,,0.40555984208234,0.1333333333333333,0,2
-0.19967437973550425,0.97329458557011084,0.11325984185556551,-0.97312437084328562,-0.18344027677394839,-0.13920712527724993,-0.11471312456776891,-0.13801200874200473,0.98376500471143813,7.2791430006063074,-14.283062440890557,-5.5401605479772167,,0.09090756312460842,0.4210526315789473,0,4
-0.016377312790442314,0.99705725536115664,0.074890674702805651,-0.99248826539766577,-0.007128721206074615,-0.12213199573370606,-0.12123871771713833,-0.076328309726100316,0.98968437517253938,-11.574687468376977,2.7669988513532995,-1.8939032772142113,,0.6977798905377842,0.9971031286210892,1,5
0.67963764303038365,0.70325346277901835,0.20863183186039722,-0.72460000650529377,0.68790964063482662,0.041655214489808523,-0.11422567464731079,-0.1794850785190337,0.97710675048347873,-11.980752614048615,-13.133602106182739,-3.8067353424895383,,0.5079470747195051,0.3867403314917127,0,3
0.32121571795409887,-0.93060613214659049,-0.17547845836568163,0.94228080481179788,0.33256556891128264,-0.038820448966307528,0.094484641198787259,-0.1528802445899351,0.98371758314653435,5.7945620406421545,-3.732734181628933,-4.106255821239027,0.9130960541533508,0.363247697901079,0.1578947368421053,1,3
-0.63310157101475761,-0.77088334079216336,-0.070151804451195385,0.76851895807218851,-0.6151430233947881,-0.17600474951647144,0.092525736215837165,-0.16534187508865353,0.98188647637080972,1.4546572098669286,-25.102619030193569,-6.3675226413543928,,0.2544133559944357,0.3636363636363636,0,2
-0.94676206389504991,-0.31915142774860489,0.042236956983364569,0.31035554319340963,-0.9396912258240997,-0.14373530157315489,0.085563024597726231,-0.12297465704456863,0.98871441910516356,-15.029331401412316,15.865441233988332,0.0017729936139096855,,0.392711753692896,0.608,1,5
0.83585224601642294,-0.54880430367967981,0.012839746569200056,0.54788237873750278,0.8325305397552677,-0.081962183009824566,0.034291717633196293,0.075542945649891044,0.9965527288931082,23.72040487047212,-0.57530048329006211,-5.4343664218209087,,0.1946031195044213,0.1875,0,4
-0.259897843413397,0.94478633523386235,0.19957928686222409,-0.96138148928054912,-0.23378542593832727,-0.14522398798941047,-0.090546910813008877,-0.22961523332349568,0.96906042204189613,27.201170386409427,-4.4372056522037084,-6.2396656501798731,,0.3870823926349667,0.4090909090909091,0,3
-0.3137596152677411,0.94328056167656993,0.10852043950414708,-0.94601473281083526,-0.30077156612275524,-0.12079979435788633,-0.081308235326329151,-0.14056403158418282,0.98672727939026694,-19.012543156085815,-8.1268457007240116,-2.6623367098834225,,0.470881515000063,0.8494623655913979,1,5
0.81865154111288663,0.55113316084091313,0.16143696371959251,-0.56446467501483633,0.82397610145902289,0.049426863999102143,-0.10577941621077237,-0.13158884164660362,0.98564450582358232,-5.0381037898896048,6.0422490414215773,-2.0072884539004838,,0.09097066448648558,0.2987012987012987,0,1
-0.97140416106485483,-0.22776221672353508,0.06706957953549951,0.20605859641671886,-0.94904829219766618,-0.23842649584193934,0.11795681713516609,-0.21778822674762752,0.9688418227871185,-35.731333501034342,7.6106168115494182,0.31060960516135716,,0.2164453625683376,0.2857142857142857,0,2
0.43769616569714126,-0.89901971469425479,0.013624210989321905,0.89486970172541025,0.43410353786723699,-0.10374167602763813,0.087351493793156723,0.057599227444550809,0.99451095797376443,17.339265679240469,-12.634068030985089,-6.2879072540892125,0.500432505737863,0.4872582576617909,0.7605633802816901,1,5
0.99511901628761557,-0.096553015346459548,0.02038770831351441,0.096125388371001291,0.99514752645230586,0.021007386947999807,-0.02231710405260421,-0.018945073854835563,0.99957142368284091,2.8919349977010311,3.8853233359704533,-2.9292562845247687,,0.3646804393187718,0.3333333333333333,0,4
0.85197605341654936,-0.52305422351177022,0.02347517137875002,0.52327554019605682,0.84909244914009396,-0.07228223741558136,0.017874938805134025,0.073866718349855434,0.99710791516411934,1.6660809399714163,-6.780579318026561,-4.1327237503551313,0.2517438043636906,0.2230915118644402,0.734375,1,5
0.59673585514799876,0.79165025894302521,0.13113423159582716,-0.79309705546109832,0.60672283987502951,-0.053707133538427432,-0.12207939957143375,-0.071953200689202967,0.98990876201337719,-0.15956559353588709,2.6837148121644541,-2.8206197595537006,,0.1110151731751439,0.3664383561643836,0,1
0.8153269369282693,-0.57894002374594267,-0.0083925457529344626,0.57863544167697334,0.81524166616765148,-0.023707622813914437,0.020567244697858002,0.014473239072176175,0.99968370687747998,-6.6036016564537485,-7.7607804010767003,-3.5709294796958631,,0.3259717918375997,0.2794117647058824,0,4
-0.9878070489587466,0.14257255169677974,0.062532403840598785,-0.15233268371574007,-0.96803428083556242,-0.19925959098406643,0.032124562244098001,-0.20635575744293216,0.97794954566725001,-7.9059700469052743,1.7546298445017199,-2.2869831018412401,,0.5258932518201147,0.9578824217607488,1,5
-0.36928262397003725,0.92548608867299509,0.084296164245862171,-0.92509795374857517,-0.35745690100399519,-0.12813407000020924,-0.08845405363239571,-0.12529989464233859,0.98816790921311337,-5.5374144420132989,-6.9535399002251044,-3.5975263159871558,,0.1689199686284281,0.5404411764705882,1,5
-0.9422696689340333,-0.33485475489881467,0.00040512788256319567,0.32571243694059931,-0.91682294481495596,-0.23096990341394383,0.07771280093499737,-0.21750397923368037,0.9729608109211545,-30.661383070181579,3.2910765511253972,-0.48966857490055177,,0.1636496670015035,0.1538461538461539,0,2
0.038700338492282473,0.9768629732285985,0.21033548282580827,-0.99356790865503819,0.06003546086398294,-0.096013302878835305,-0.10641942816721277,-0.20526683846601299,0.97290309401025721,-26.265376377020843,-6.2193992965194669,-1.9201388657702019,,0.337192360419292,0.7368421052631579,0,5
-0.22345211492896258,0.96772436900814784,0.11652767036869613,-0.96773721344714236,-0.20598215122944658,-0.14510699185238585,-0.11642095190872068,-0.14519262723248455,0.98253003157867669,-2.2131463120595067,-13.440575598373327,-4.570368699270646,,0.4302635012163732,0.4893617021276596,1,5
0.94497782240318873,-0.32485713933501442,0.038532508213185448,0.32642129041457529,0.94412712034388102,-0.045531547253021692,-0.021588337828828068,0.055604133427666541,0.9982194768764765,1.8914600011064353,-20.621196601079063,-5.8124232253227559,,0.1103738243786581,0.3157894736842105,0,3
0.62432599431370395,-0.7633188173701102,-0.16601637230376767,0.7776608789242051,0.6274322087583305,0.039653257161004381,0.073895941803587523,-0.15386099720637703,0.9853254200129119,12.37245956097604,0.48506479278088876,-4.2088191264458716,,0.3870263042547792,0.2142857142857143,0,5
0.20804653906932719,0.96821305434949223,0.13885286806005062,-0.97037436657502685,0.22213765137270317,-0.095018169508437694,-0.12284228211568574,-0.11497106257596429,0.9857440988891405,9.6286868218366823,-15.142369567423133,-5.8652534755872097,0.6341036991378693,0.3334353951224838,0.5,1,5
0.99087622912180473,-0.12819769633718231,0.041589051626521614,0.13098090434299581,0.98868984948075167,-0.073050559417572103,-0.031753759759197649,0.077831434443731487,0.99646072002542441,-2.15784246902333,-12.274341501872799,-4.4256076625480318,0.2251047030533186,0.2525725680675605,0.7906976744186046,1,9
-0.21058600221486412,-0.97749083323435049,-0.012853272500758867,0.9696698144796192,-0.20719622512486102,-0.1296540596397604,0.124072505246827,-0.039766760451731498,0.99147597964093548,10.75935238977527,16.750931723556484,-2.1807096879986916,0.4302305600092649,0.3830671277099217,0.8051948051948052,1,5
-0.99537767646851083,0.046101220319911609,0.084249383814735249,-0.066934325333639896,-0.96210294800523966,-0.26434393038569226,0.068870002760839585,-0.26876122288127846,0.9607415509881313,7.6458963261441033,-17.301489214653635,-5.9544211668537219,,0.2526761654920912,0.2105263157894737,0,4
-0.9989481792564967,-0.042678897318341624,0.016764452983048954,0.03506450309621427,-0.94660813204335814,-0.32047390685046429,0.029546840486691404,-0.31954898853395686,0.94710898430126789,-8.9616106316586741,-22.232888307667817,-5.1175789124846949,,0.736284344213931,0.2794117647058824,0,2
-0.99642118315117556,0.067501853611270077,0.050875588710648144,-0.074718072542381705,-0.98480966348239574,-0.15673907090206377,0.039522593578404583,-0.1599794564021689,0.98632881846071152,2.9589769229638248,13.99929995715204,-1.7814934053831497,,0.1094483259882173,0.4912280701754386,0,4
0.41441396333221425,-0.88189251755731013,-0.22478134814018053,0.90597517902535574,0.42321580514344942,0.0098669786032527223,0.086429404633269841,-0.20773533583194889,0.97435927062943617,7.566028830171148,1.6310942710905405,-3.6406824910080355,,0.3644069738833156,0.3142857142857143,0,2
0.56342839712173454,-0.82320139068261278,-0.06991360164550435,0.82319518798838087,0.56655806498756878,-0.036900426424592597,0.069986597214094656,-0.036761792335998966,0.99687032598760683,-37.667304915552442,-4.377835095920279,-1.0138895043348919,,0.2030849568677017,0.3333333333333333,0,1
-0.56900560584569804,0.81084682408965403,0.13696732595729152,-0.81940085079274028,-0.54500202405768494,-0.17763738202630294,-0.069389237179135782,-0.21330780960093162,0.97451778440772907,1.9139973268598536,2.8854397658187954,-2.9590961185591271,,0.06968794177894636,0.2,0,2
-0.59042244263097554,-0.79208791407326129,-0.15491312280353639,0.79777024627093562,-0.54365914702753493,-0.26076304572945991,0.122327320752496,-0.27754543453705727,0.95289273182512668,10.894600936339733,10.352887996944704,-2.9000483376847694,,0.4149113114506967,0.1636363636363636,0,1
-0.016158112571500707,0.97954988480031402,0.20055158584718233,-0.9900269020416449,0.01240035209685217,-0.14033162331313101,-0.1399487357283056,-0.20081895940265981,0.96958037155899701,-27.44502108002553,4.0114012902476954,-0.63847246335383723,,0.4712638339518703,0.6880733944954128,1,4
-0.066059115826713047,0.98503168787232698,0.15921296148111558,-0.99146512230779416,-0.046824214358226764,-0.12167335039738406,-0.11239708387401645,-0.16589173227478546,0.97971772909317478,-42.285035449876744,11.571400023444435,1.2769622154493585,,0.6299759943360169,0.6888888888888889,1,3
0.98945961928335846,-0.14238177300631569,0.026402509789996073,0.14144270217893479,0.98934289010345089,0.034563098849392425,-0.031042290636388411,-0.030464348299770034,0.99905370209749833,3.1706885848763995,-18.617111005000123,-5.6827546928566717,,0.6010804159359591,0.3714285714285714,0,2
0.92698738030590855,0.36833910972670836,0.070856876866861651,-0.36852091380967483,0.92955475697038914,-0.010967674256800756,-0.069905170327178898,-0.015945345385315151,0.99742619432320478,3.5838289844547355,-12.955989483080717,-4.999659468649801,,0.1928212478172998,0.15,0,6
-0.19346054805921212,-0.9808441283111905,-0.022755489493556869,0.97324454116779779,-0.18892771058712265,-0.13077225722373848,0.1239680581105975,-0.047445928484650082,0.99115125204910959,-5.2185515245778449,-23.779152017099197,-5.6140976328124212,,0.2088083786144235,0.4444444444444444,0,1
-0.94994046538046628,-0.31195632409991753,0.017215228340355011,0.29926711921151616,-0.92435943206836524,-0.23664072283757265,0.089734628720374313,-0.21964264658830709,0.97144469951104273,3.0288489579645979,-3.428971572755628,-3.818491790265174,,0.3069778450472044,0.3854961832061068,0,2
0.70143839488986504,-0.71269057122997503,0.0075051884868301139,0.71106079570938052,0.69903647067845109,-0.075766466636355431,0.048751645915530696,0.058482154041275936,0.99709734463552746,-10.25144917116323,-9.6073334129473409,-3.4829630026530802,,0.1510748102296791,0.5696969696969697,0,5
0.95608944309207833,-0.29274319277269373,-0.013942736213911715,0.29283008018258255,0.95226399432477937,0.086277628924768646,-0.011980022877418155,-0.086571982753471263,0.99617356462314854,-17.404546878623766,-13.927424066054693,-3.4573974158165761,,0.6173529613049714,0.196078431372549,0,3
-0.27683072947450904,0.94862708549073294,0.15320378550143779,-0.95623440637801926,-0.25623400198257873,-0.14127949705059845,-0.09476553844879175,-0.1856092371121415,0.97804330365335068,15.005070867020772,-2.5576122840100384,-4.8087834886499854,0.1968308992129374,0.2177985987372554,0.1111111111111111,1,4
0.94600616143435445,0.30942197331017279,0.096593917826521422,-0.3146524394055551,0.94817344205464338,0.044282797544671675,-0.077885716947149047,-0.072285311198664187,0.99433829699983889,4.5715829861728192,16.43612947592818,-1.6532156543907894,,0.4329472266908128,0.6428571428571429,0,5
-0.23228999342331833,0.96132246336640148,0.14798810892281022,-0.96682862541198122,-0.21159559724023846,-0.14307240234414875,-0.10622508196925043,-0.17631342732673977,0.97858561572553526,-8.7305104834605842,2.9311958814654937,-2.0930700958766617,,0.118192904002106,0.1476510067114094,0,4
-0.32066176474729347,-0.94697819844994535,-0.020207035647256556,0.93734719062501848,-0.31418799155956589,-0.15055281527475023,0.13622142583506616,-0.067217539528490133,0.98839542973609451,-1.3043474365446281,13.549005697094648,-1.4091691659932228,0.2653013822029565,0.1771140221152954,0.6122448979591837,1,6
-0.83229532708062814,-0.5528450854981154,-0.040580783140976698,0.54818270391028823,-0.80997909544784841,-0.20839766810378019,0.082342040619348453,-0.19569408876629318,0.977201929986108,6.9187822278026418,4.2054514250432193,-3.2643703402724311,0.8248351026492096,0.8012520275898276,0.5357142857142857,1,4
0.160593844102394,0.9810766924642419,0.10815794348932281,-0.97912350748201071,0.17218354408456801,-0.10802770127426811,-0.12460647789156415,-0.088551401174127048,0.98824686947015317,-0.45620145452484168,6.6080294707351346,-2.3444088684373305,0.3428584480718843,0.2334560779992985,0.772,1,5
-0.94557271287912681,-0.32320323206415691,0.03784065857900433,0.31405227341507191,-0.93683147751689844,-0.15400633849400805,0.085225666446411066,-0.13374024643610036,0.98734499151106092,-15.482107187746655,-8.6767806209226901,-2.9670856158564121,,0.1017083707368829,0.15,1,5
0.4860733991297394,0.84843982826133635,0.20948152299984879,-0.8654331203331439,0.50064193336907414,-0.019574697517812243,-0.12148318768002263,-0.17177750834247876,0.97761665428671507,-19.908276015957625,0.98536286101848958,-1.4794067460881601,,0.3355845353801465,0.7878787878787878,0,4
0.64994625044517795,0.7511435448461532,0.11555624850352857,-0.74590734926077118,0.6596193470182139,-0.09232845367509783,-0.1455750591654488,-0.026185722736254795,0.98900061176611798,29.693546504220283,5.32026111060416,-5.4590961131615359,0.4066584800183762,0.3373882818643431,0.9787234042553191,1,5
-0.97829648254922486,0.19445004326808799,0.071590312926078939,-0.2040932194288741,-0.96394311541379063,-0.17076190450306244,0.035804329556251097,-0.1816668679737565,0.98270809453552044,1.88991601644606,-18.999185681365624,-5.6062314380008909,,0.2585775899251411,0.62,1,5
0.8927891448925378,-0.45007063979464906,-0.019077787001866863,0.4503802797128823,0.89266849879554944,0.01733651936946071,0.0092274811188721977,-0.024070115349477356,0.99966768635345293,11.336861282419997,-9.4506997946439437,-5.2877701254163565,,0.3396576994297915,0.2903225806451613,0,4
0.56826073699610014,0.8125635992528818,0.1296924514297278,-0.81385351910025006,0.57826492355658388,-0.05702742877105698,-0.12133500829022485,-0.073144209294388737,0.98991299638398056,7.8483677045581173,9.8321351433427076,-2.6954888360771956,,0.2703644690634349,0.2121212121212121,0,5
-0.28856523839271253,0.94793265773038393,0.13473596253253753,-0.95153214104264838,-0.26828975417676021,-0.15035688333617561,-0.10637992176229447,-0.17159336878791615,0.97940748824677848,8.7086236981030627,-11.712856493732545,-5.2996189910961826,0.1678308526758881,0.1837161825419882,0.5675675675675675,1,5
0.97352215780567708,-0.2270066128037779,0.026881331900312756,0.22300920979715727,0.96898573434327251,0.10645909536003306,-0.050214545771385267,-0.097645503647555795,0.99395364832088051,10.554711583875934,-1.4083317150237733,-4.2655489143367324,,0.245177341629834,0.3243243243243243,0,3
-0.80323384902917949,0.55128809827896019,0.22560322796834456,-0.59482640333413406,-0.72227354561143453,-0.35284908276267996,-0.031574256449632312,-0.41761508354686405,0.90807527679361366,-12.635095279233731,-25.609521982997482,-5.2113638652959331,,0.6805952611529449,0.2380952380952381,0,1
0.78093480745035082,0.61319885038092925,0.11886124853791252,-0.61712911368477152,0.78684796733614093,-0.0046833045632403546,-0.096397528781255057,-0.069695381414341784,0.9928998289124521,2.9075685270161968,-8.8044630638679742,-4.476681247841408,0.1350234646977651,0.2127780959165048,0.196078431372549,1,5
0.8843265278936715,0.44636036966285209,0.13685398225103376,-0.45173016126315113,0.89210587547851805,0.009325681845019921,-0.11792562685307877,-0.070068019318011446,0.99054733314474153,9.0616556163661368,-7.2472864834446122,-4.84905930686062,,0.3992325780444044,0.5945945945945946,0,4
0.75976469553764425,0.63326959280356854,0.14740159512364856,-0.63999814417533341,0.76837300699824862,-0.0023016447598172363,-0.11471696852132406,-0.092588038897440536,0.9890740478783201,20.83264019908567,21.285212688757316,-2.621586885803743,0.5682758898497279,0.6054920254224077,0.7,1,5
0.61058632483467057,-0.7801563022422946,-0.13616344588956283,0.78986728651730642,0.61237237068153771,0.033312900138841479,0.057393463170273412,-0.12789145279299466,0.99012613675623118,4.8030944440314114,-23.316561079049592,-6.4378474820767408,,0.2406320910591531,0.3529411764705883,0,3
-0.56781557931734272,0.81581335679609324,0.10969974821120673,-0.8150388093391151,-0.53853252659249418,-0.21376261851171038,-0.11531351679481944,-0.21078729723348147,0.9707067055343831,9.3159994408067579,-4.130443368078061,-4.4699505863688378,,0.1478207617333052,0.2564102564102564,0,4
0.38577703876628844,0.91870364859241482,0.084614906628197428,-0.91577549940672676,0.39244105915414346,-0.08570443265277472,-0.11194333855604577,-0.044425456136758829,0.99272104228729185,-3.2367521078839707,7.6078042085684841,-1.9544271143160166,0.2161723021291535,0.1057663859495561,0.4311926605504587,1,5
-0.83940523359294128,-0.53759996102933261,-0.079907044232904803,0.53625232493355501,-0.79526270857532155,-0.28282621581600098,0.08850027016984785,-0.28025614400170162,0.95583690864559134,14.926713495149274,0.53034769539777626,-4.4624049911905166,,0.4111022998691337,0.2,0,2
0.34933555546463219,0.91374469249070545,0.2074495279177177,-0.92205973465888158,0.37461086546454309,-0.09732700137525796,-0.16664487813614462,-0.15728107457978821,0.97339208347408346,7.8330148191984055,-5.7952316529301919,-4.5465804529208436,0.7189563020170586,0.298792116798176,0.2173913043478261,1,3
0.660351249139008,-0.75072910056264541,0.018494467522831296,0.74873743751217048,0.65630783556041772,-0.093017603977460797,0.057692958220739658,0.075271791199630581,0.99549268205313224,-9.6702337570555521,1.574584182887987,-2.1592164949580126,,0.09802980088024152,0.4681440443213297,0,5
0.79775130865041466,-0.59917205987160382,-0.067717739299022403,0.60229280183545564,0.79717836063405445,0.041833505638396135,0.028917648655230759,-0.074158640804836154,0.99682709914519863,-2.8034472766969012,-10.851098332050819,-4.2311556364231864,,0.4681197247139035,0.3076923076923077,1,2
0.078395331008267261,-0.9921679783290781,-0.097246464483257258,0.99050155508173054,0.088572224333342262,-0.10517428610319317,0.11296389448304474,-0.088077601324248536,0.98968757428199983,-16.868885461679426,16.744245952128594,0.26661083751806358,,0.4096079036789009,0.3170731707317073,0,1
0.14897665135709778,0.96652270890534298,0.20890143733518135,-0.98118971057567905,0.17071676150963988,-0.090125130790898816,-0.12277096240903893,-0.19154540064940132,0.97377494847588864,-34.542235093591493,-7.4666056155301632,-1.5890341847185849,,0.1602700576550732,0.2105263157894737,0,1
0.71207123671864059,0.69033556488419456,0.12802875338769279,-0.69197966715281733,0.72089358709361107,-0.038426245384926061,-0.11882211109495876,-0.061231070081507466,0.99102576251660135,1.4657605433808818,-12.855840365733711,-4.8248702060688009,,0.1419705456598208,0.2,0,4
-0.47601666464100384,-0.87761783506185653,-0.056524955244519941,0.86946635134406691,-0.45999637176579955,-0.18008776150181929,0.13204695704365921,-0.13487132216909989,0.98202511556063021,15.155604444391027,17.598789948498027,-2.4819606596939927,0.499229082627845,0.5739936260612982,0.8645833333333334,1,5
0.9402238682212124,-0.33886627183568729,0.033892881838555391,0.33990474444677982,0.93992077462354706,-0.031838689257567873,-0.021067565823072367,0.041455846912742698,0.99891820006797227,-1.8846221416543429,14.211185478503248,-1.3321572046215455,0.1508812628874587,0.1232475849062804,0.7419354838709677,1,5
0.80275979988551271,0.57240958259948826,0.16710467807949581,-0.58548358288621927,0.80975270122007437,0.038852761002387312,-0.11307377175316846,-0.12902648028630753,0.9851733296869335,-21.621776246622527,-11.493328127461934,-2.8901414158825167,,0.2453651149783839,0.2222222222222222,0,2
-0.96070742512407792,-0.27749126775000266,0.006311864539080672,0.27057058402870993,-0.9413349480842359,-0.20169302063683453,0.061909630671052929,-0.19206017764686176,0.97942844853129973,-34.431712092543854,6.4805424389719057,0.1081293308450148,,0.1615992559162755,0.6086956521739131,0,2
-0.22301427013396344,0.95826665000207156,0.17885654254296432,-0.96801995879927971,-0.19607398059349082,-0.15650033067205898,-0.11489993334574235,-0.2080385099639751,0.97134853872804705,3.1492195880332949,13.530881439005677,-1.8508986192796537,,0.1977884428906506,0.3870967741935484,0,4
0.76544937225578946,0.63901857701377873,0.075779395250308162,-0.63410071208314389,0.76907501056368155,-0.080249081378679074,-0.10956069299190664,0.013374840475963269,0.99389011877237932,3.2444215706158013,-7.5656104956015833,-4.3660509798017557,0.4784401120798272,0.3786760916621245,0.9155405405405406,1,5
-0.12514767281834971,-0.96785409229613306,-0.21816625773427964,0.98441810459696311,-0.093756195922865104,-0.14876414577375818,0.12352754887017695,-0.23338430056818768,0.96450646079662117,17.231074096349634,4.0862878731525729,-4.2401285959375778,,0.6378276168581676,0.1621621621621622,0,2
0.55871816537846464,0.80810089394655205,0.18656622652266561,-0.81707276315821298,0.57490913689356615,-0.043261807882904339,-0.14221853388755423,-0.12826702428558354,0.98148940855202094,1.4704310338715134,-31.05307773816768,-7.0104033770409675,,0.3466876205134539,0.375,0,4
0.56088516829298229,0.82169247225749364,0.10114004659046266,-0.81899457527257047,0.56856414700847102,-0.077347892089125583,-0.12106078499272288,-0.039449864028887331,0.9918608746013966,6.6325140034358423,-10.140842508110154,-4.9505965483699308,,0.09665871206490745,0.2058823529411765,1,5
0.85181315904525456,0.50307302160684342,0.14605436319639345,-0.51251446108620002,0.85801725352291369,0.033694507482927925,-0.10836636588381672,-0.10355639810439456,0.98870258579452397,-7.8875356779950465,-17.369135262765795,-4.6075928937219359,,0.1706044540889832,0.1395348837209302,0,5
-0.28398062282574449,0.94520870848151306,0.16104503491326172,-0.95369665394923986,-0.26109080114292393,-0.14931271146346081,-0.099084297976656882,-0.19599002772911031,0.97558711088514105,2.9513914841138198,-14.053714835402499,-5.0690765695801758,,0.0919668687642444,0.2083333333333333,0,4
0.81915756516207172,0.55934465316510684,0.12694267372854959,-0.56125384055420191,0.82730744329636197,-0.023590691587897405,-0.11821594605172808,-0.051922569678736034,0.99162948567348053,-9.482503732744707,3.3007074998284871,-1.9661804225239012,0.09540056182123455,0.1199532496711466,0.2410714285714286,1,4
-0.16213256093530506,0.97248996699960799,0.16726116336334637,-0.98048434145498475,-0.13966870301699369,-0.13835862661624795,-0.11119122648007404,-0.18642939007208936,0.97615602936784873,6.1186261533727873,-21.457248576123536,-6.3189354498256938,,0.5381587855285732,0.7666666666666667,1,5
0.18522694278509186,0.96566202125865586,0.18217530119403022,-0.97728302782086141,0.20044429839430059,-0.068847416614609802,-0.10299933591910866,-0.16528443344690355,0.98085278857755109,2.1530923591270512,-10.845339397335445,-4.6367448924066537,,0.2314679450119364,0.25,0,5
0.1107392290306099,0.9836219613504259,0.14221343221667654,-0.98202126226025221,0.13030617875423472,-0.1365816248521364,-0.15287597464116601,-0.12453167037990992,0.98036768584541922,-7.7930533629979806,-6.5519574832204599,-3.3583951168102439,,0.1740118835691261,0.4641148325358851,0,5
-0.96621010058566481,0.25039661259733609,0.061152088484527002,-0.2572241837885309,-0.95191739661971397,-0.16640008800199041,0.016545718496452304,-0.1765072418132631,0.98416026783594057,12.396525353813507,-3.4125850760561454,-4.6594197338939054,0.4950770522701881,0.4231564254686082,0.8041237113402062,1,5
-0.49296168337149798,0.83916085628528936,0.22977779702591189,-0.86711829611802616,-0.45219115763539203,-0.20887560291651303,-0.071376741764469814,-0.30221220067182292,0.95056464614469216,-18.225446446960749,0.50672134625647769,-1.6787963118912304,,0.3877055073730015,0.1666666666666667,1,5
-0.86188491970199732,-0.50632636093543748,-0.028071362848291308,0.49164497055287248,-0.82076528599875564,-0.29091161583795011,0.12425621964452455,-0.26453347901779695,0.95633803142946971,8.0047928317243073,-19.825256350913779,-6.257762155928936,,0.5295680704922805,0.7446808510638298,0,2
-0.66544600430385481,0.71065102044476358,0.22837850708166665,-0.74481994838850696,-0.61197147235859062,-0.26595894702340972,-0.049242865864776574,-0.34708218646319972,0.93654102739887946,-31.132495875146663,23.859838315476022,2.0601181984376029,,0.2431630395555858,0.4615384615384616,0,2
0.60417480934095213,0.78508140812663074,0.13645505623365706,-0.7874919016254478,0.61442806300779951,-0.048318322226864767,-0.12177563234144954,-0.078264538600759284,0.98946720883789274,-13.645755693751944,-30.597093495261827,-5.7178735457705629,,0.3612479966017594,0.2,0,1
-0.73497160502955805,0.67193018366081536,0.091250030607228028,-0.67618055836548907,-0.71611506675407766,-0.17308686737109694,-0.050956768822329572,-0.18891542936813666,0.98067036676848818,16.790735859674033,-18.61384459123283,-6.9816572149555522,,0.1663211792702881,0.1538461538461539,0,3
0.83133858532297278,0.52253966488781045,0.18928405947710672,-0.54591045806661687,0.83163167627393075,0.10183578345212388,-0.10420138351622021,-0.18799216376420139,0.9766273690802233,7.0804365656716435,-8.5714457628370209,-4.8117550776372955,,0.5348566532097279,0.3258426966292135,0,1
-0.35249443835055927,-0.93549501224294973,-0.024428528414266508,0.92517800633820391,-0.34444500300977493,-0.1593841161774332,0.14068876117156323,-0.078782751730051906,0.98691435824485352,12.409519019573709,-1.0331123915511287,-4.4204316817457379,,0.1170404207294813,0.1851851851851852,0,2
0.64007926955707595,0.76413154017907248,0.080009486855236678,-0.75915679578131279,0.64504161021486828,-0.08719105751428366,-0.11823488530179889,-0.0049305572674768674,0.99297341429803743,9.1632785361082512,-2.8973250101313668,-4.2976449053876777,,0.07900418579576578,0.2195121951219512,0,2
-0.77220851678061486,-0.63468121850095538,-0.029559389263409924,0.6256404400259703,-0.75145096617924345,-0.20951249421547996,0.11076121349819747,-0.1802808817108017,0.97735907284579016,-4.4875360694482689,12.323894032584057,-1.2711042029521871,,0.4399504344629194,0.2352941176470588,0,1
-0.12731948037513952,0.95746410928448367,0.25894445224618196,-0.98573698578305435,-0.09317712517717483,-0.14014498993205318,-0.11005609831509876,-0.27309431113772353,0.95567104824195093,6.3472844612274164,7.0423073840117825,-2.8855134295884324,,0.2685896058763325,0.21875,0,1
0.64398095581628167,0.74639115289972313,0.16789513220749316,-0.75538981292956553,0.65510537598637109,-0.014939105595451883,-0.12113941995975124,-0.11720577300960339,0.98569165954929183,11.668784936521261,-12.414298278480887,-5.6766940955318494,,0.408981890215073,0.3157894736842105,0,4
0.71529913022267488,0.69511779627690962,0.071822027274492495,-0.68919938218644217,0.71871137685978603,-0.091968300876644454,-0.11554811074401648,0.016285148800163036,0.993168378489793,-8.3754205064051312,-15.569210461963412,-4.3641653195764913,,0.07341175959235241,0.3333333333333333,0,4
-0.81874287947041302,-0.55992885097146439,-0.12704243057448253,0.5680715939400639,-0.75784342853008901,-0.32088627579277068,0.083395212541796923,-0.33489254945957647,0.93855858572684359,5.029719459597791,-36.958962960562666,-8.0553065556676842,,0.6202693093819189,0.5862068965517241,0,2
0.26831634552156536,0.91062161429251465,0.31428428899524502,-0.95820667780832469,0.28589144660327015,-0.010297735800758611,-0.09922853082397548,-0.29838625360827914,0.94927305994014721,6.4285021074705133,-18.859643089585695,-6.0202998739591527,,0.3455952175165782,0.3333333333333333,0,4
0.46422990713310713,-0.86738985760047882,-0.17923567796342557,0.88173410450933742,0.47174607842779259,0.00077873815627388452,0.083878258615114248,-0.15839972354717288,0.98380585753078109,11.007554047345421,-6.8026525950253811,-4.974235343208016,,0.3483680412619637,0.1,0,2
0.79867754261017831,-0.60129094913074355,0.023735572957426791,0.60132021614951026,0.79596735609607117,-0.069641694977483182,0.022982179619736171,0.069893937669016207,0.99728965546477311,12.770209021699694,-6.3035447238957198,-5.0638522131237558,,0.1252626913379108,0.2083333333333333,0,4
-0.95964380505685143,-0.28009212193814514,0.025143003881723112,0.27078597120448289,-0.94446954235155267,-0.18615112508146117,0.075886264994753858,-0.17183040126367671,0.98219936264829166,11.347283837341518,7.2820519944295778,-3.3446570958168671,,0.2541395968010206,0.6666666666666666,0,3
0.98142984626421081,0.1801875574345469,0.065786784444745519,-0.17623343877641018,0.98241379804833484,-0.061683907636320111,-0.075744517417756285,0.048944596739749456,0.99592529565782895,4.35362551797044,-15.898223004976209,-5.4949636990340407,,0.1049763842936555,0.2380952380952381,0,4
0.35873267441272821,0.88169407836671831,0.30647417588069931,-0.92643866011061682,0.37644306789342352,0.001423266465243299,-0.11411519338429622,-0.28444009704689938,0.95187790909906811,12.737392596421707,-19.124477905570146,-6.6365201281919708,,0.5427291150678073,0.2,0,2
-0.45821136321660999,0.88037238847814259,0.12242060375797324,-0.88502315773139573,-0.4391383150072764,-0.15456891851765894,-0.082318630323424957,-0.17917030417415908,0.98036811719058581,25.789625004618706,2.2084093778563298,-5.2861356870104554,,0.1214299695116447,0.25,0,1
0.56136577036278423,-0.81129045662794452,-0.16332870797694926,0.82458084918852081,0.56509109388814627,0.02717496568233654,0.07024880793676036,-0.1499328202653438,0.98619737091048087,20.522401056508645,-2.8445470880917307,-5.3608222673240755,,0.4429505795224714,0.3529411764705883,0,1
0.99050858073170112,-0.13140866699897422,0.04030525690807156,0.13418826060979158,0.98799940877796877,-0.076489731133690314,-0.029770156388430627,0.081172227343705855,0.99625539260606844,0.7154109131585753,-21.423926485607584,-5.8168230348946199,,0.08329113852070168,0.2608695652173913,0,3
-0.96595446917625072,0.24659743731034872,0.078241085053805753,-0.25841567519824366,-0.93414035786315519,-0.24617703106328256,0.012381530206888092,-0.2580145261865408,0.966061696780527,17.1067746211613,-5.9334037152425276,-5.4509757195410282,,0.2385370051477204,0.1,0,2
0.83555719464854983,-0.54851179616522383,-0.031288719031705998,0.54860877982096379,0.82993243526734228,0.10119565007731837,-0.029539485005638026,-0.10172001945938566,0.99437440457142845,16.556817219026428,-6.5621837723064544,-5.4986031192585223,,0.4396574520979479,0.24,0,2
0.62944736078142283,-0.77682699029761271,0.018326132992392937,0.77463735120468913,0.62546958696250332,-0.093406476775109562,0.061098233394140292,0.072990567405036122,0.99545938287104729,12.297742854255814,15.664634551799395,-2.4493985014777584,,0.4780125236730542,0.1568627450980392,0,1
0.052568799895533279,-0.99523291387545265,-0.082146018872005261,0.99024395649915586,0.062581516635174084,-0.12450084494708935,0.12904816114319936,-0.074799738733620419,0.98881321349936513,16.215343190548715,-5.277569867872784,-5.2593461271736626,,0.4596318431291097,0.4864864864864865,0,3
0.21172224622189165,0.93567821684622965,0.28227639818840183,-0.96899273062906344,0.23861506785621037,-0.064155571698857591,-0.12738437283586959,-0.25994061612498448,0.95718550848086692,11.480801989757969,-13.946691434209317,-5.8875214441393755,0.8495489339549829,0.3976493991613628,0.3823529411764706,1,2
0.84691938518286458,0.49661489255490376,0.19000316706350059,-0.52165403964615475,0.84523139762097188,0.11602132302532399,-0.1029787255811945,-0.19737662720894825,0.97490402046011337,21.545553868277747,31.92328664512566,-1.4543050036409233,,0.418409328657864,0.4347826086956522,0,2
0.27886654597009947,0.95340689041864668,0.11510321820415176,-0.95060536561814135,0.29106658001192165,-0.10784101658535528,-0.13631906835327773,-0.079344485015720126,0.98748243746452724,2.432853621313408,-13.507107391387029,-4.994579673674159,,0.3667542253177254,0.4210526315789473,0,3
0.073417088105128661,-0.99702882322475805,0.023312160629566904,0.99085103165192367,0.070268049402344601,-0.11522427829024774,0.11324382653585391,0.031558309400926715,0.99306591365290209,5.6674741752120772,-13.820517996118943,-5.2922802498201706,,0.6307367404206283,0.3157894736842105,0,1
0.79198877443246363,-0.60080077184295322,-0.10859195976625589,0.60771144243430419,0.79284351900071881,0.04567227948081938,0.058656490752359403,-0.1021645091578704,0.99303667060242518,0.53445124317941783,29.429995337736294,0.1444731305168469,,0.6711522509724963,0.1904761904761905,0,3
0.69039285442078124,-0.7233441761181435,0.01144156635650468,0.72264167283080949,0.68880951714595484,-0.057710153157354852,0.033863243391841338,0.048110830019035933,0.99826781415703469,7.0922126401426961,16.938316971042056,-1.8190696074727539,,0.1327216704415099,0.2,0,2
0.42317770093984991,0.85050199703720986,0.31235714568900297,-0.89723883507855029,0.44132665718287956,0.01390160014785807,-0.12602819626634734,-0.2861418087164177,0.94986302120376698,-3.3688093316758683,-20.942908473594844,-5.4051691930581738,,0.261225735756178,0.3157894736842105,0,1
-0.20666716825825177,0.96820563665942849,0.14094866691467819,-0.97356447489320497,-0.18917699229986967,-0.12800108909806654,-0.097267131087698855,-0.16367623750955565,0.98170728554120557,15.419960685991439,7.8691224259756671,-3.6275509055643909,,0.1923109494994437,0.3125,0,2
0.99417814327205012,0.089472749678942198,0.060037042773842426,-0.088782653693649641,0.99595163461304714,-0.014070604632054133,-0.06105292657401698,0.0086584396104297887,0.99809697503812678,14.15529256104719,-7.403126064429026,-5.3351143273650949,,0.1491754359046797,0.2857142857142857,0,2
-0.88200204059300102,0.4647130651198908,0.078193142261061208,-0.47114258602130343,-0.86611642346423612,-0.1669341326472156,-0.0098521077410374368,-0.1840763648934749,0.98286256814503958,17.076524573532627,-7.4622496785799406,-5.6246697198853344,,0.128599584294199,0.2,0,2
-0.67313017648349394,-0.71178379206254438,-0.20064794757077808,0.72999937843141893,-0.59613084928569693,-0.33425875907694036,0.11830753567310505,-0.37147253449882239,0.9208753895701518,9.194842316560278,15.724844484527239,-2.1547703123641533,,0.2391557159791397,0.25,0,1
-0.29854256086280295,0.94444136418996782,0.13748763202729353,-0.94939664242682742,-0.27915487059092431,-0.14393947885840944,-0.09756205564739745,-0.17350235684957449,0.97998907007450686,-6.2057410319905264,4.0167713869290269,-2.1674862323542916,0.8781103257664477,0.9068959306679254,0.7861842105263158,1,1
-0.13242342165575333,0.96662975474660229,0.21929649936901893,-0.98509999062592235,-0.10385354769487755,-0.13708555394349367,-0.10973625593116129,-0.23418231758549002,0.96597960447646014,15.474822512421134,-9.4261075080753987,-5.7011058608097045,,0.1422979947900807,0.2857142857142857,0,1
-0.23595691357596746,0.94560828990433321,0.22394038715672976,-0.96893933013482336,-0.21138230433124622,-0.12835145473850934,-0.074033164551994268,-0.24727006183485883,0.96611417910441721,17.232039330926447,-11.427805422217526,-6.1668130079005792,,0.2463843059502412,0.4375,0,2
-0.32524131400486078,-0.9456157224304943,-0.0053845293801786731,0.93719372385543953,-0.32157519735911266,-0.13511963739376201,0.12603972243053183,-0.048992835554826156,0.99081465998133667,13.420328423756237,-4.6184006244618985,-4.8891012750192004,,0.0962846193674608,0.3928571428571428,0,1
-0.99246468605989924,0.10940703547200439,0.055171981233721856,-0.11780129865437007,-0.97585227469243274,-0.18394344786631886,0.033714996060662542,-0.18905670727808849,0.98138721230398995,18.893424649545146,-7.1699507181283133,-5.7468553374325957,,0.0903821623787143,0.3,0,1
0.84672457851444571,0.5185540623678544,0.11899232135448981,-0.52113389870266669,0.85340705378589932,-0.01076383627846971,-0.10713051741914305,-0.052896927607060072,0.99283682812798602,22.001605055719864,0.089734264814533046,-5.1776528066623619,,0.146439993644287,0.3181818181818182,0,2
-0.2460828061970016,-0.95053365726638461,-0.18954951568917419,0.96114605737950243,-0.21407941432778294,-0.17426491541590203,0.12506601807864121,-0.22506836909007222,0.96628294011489613,19.555816359293189,-15.530754355960301,-6.8520190220328914,,0.2327316805851942,0.3333333333333333,0,1
-0.99819295183598067,-0.046103991451160176,0.03853897867410247,0.030932716391788267,-0.94409182567260808,-0.32822826166371843,0.05151696770576436,-0.32644302208874448,0.9438119279644489,-3.7607082138688495,-9.7500295214282104,-4.0188903180929838,,0.5575932537849282,0.1764705882352941,0,1
0.30137112524225579,-0.91977457569920362,-0.25137655970190514,0.94852701539411266,0.31610012857867248,-0.019421889199612206,0.097323922741286942,-0.23258426131167065,0.96769448456232843,-5.6211945660735978,12.706919729037871,-1.1297573737023139,,0.616158512202829,0.4383561643835616,0,1
-0.51752441087285306,0.8334375726495421,0.19377898917773828,-0.85232039595439479,-0.48209240737211462,-0.20282222115513493,-0.075620280288093464,-0.27012723529884686,0.95985043103545642,-1.5839789081627982,-16.468191002968275,-5.0383346250211209,,0.2623685265801332,0.1818181818181818,0,1
-0.69739320585222186,0.71338244923203509,0.06876189030898075,-0.71488617183595582,-0.68562959519293731,-0.13729464488209694,-0.050798403015185165,-0.14490527707185907,0.98814066960521107,12.103717691833698,14.16083134392948,-2.6010231106466848,,0.1810644582631614,0.1666666666666667,0,1
-0.87411866529182913,-0.48570819425029721,0.0020270733945927442,0.47572682044170633,-0.85698238542276295,-0.19815444326972687,0.09798240301633708,-0.17224616429176748,0.9801687138375299,13.232628070808053,-8.9591281059054264,-5.4392561475449517,,0.0902325932988912,0.1739130434782609,0,1
0.81710748551145451,-0.5650345686740319,-0.11432975695110803,0.57577231643011795,0.80974743161150642,0.11311647373952696,0.028663509098586403,-0.15825622642385925,0.98698195021197621,-17.703155325415413,-10.898944601185297,-3.0803904413219163,,0.3873387212610724,0.2666666666666667,0,1
-0.66601152014580167,-0.73146676893054274,-0.14623618219644133,0.73643275600877756,-0.61356059648821726,-0.28497401691090901,0.1187242642023723,-0.29748909288801689,0.94731451414103751,2.832101962036413,17.641421207638267,-1.3347678953873197,,0.3252177223813181,0.3076923076923077,0,1
