axis_00,axis_01,axis_02,axis_10,axis_11,axis_12,axis_20,axis_21,axis_22,location_x,location_y,location_z,dbh,dbh_approximation,score,reconstructed,number_clusters
0.57389056387455084,0.80647737006220366,-0.14228096244157384,-0.79658092696227689,0.59005162577630155,0.13152150287562339,0.19002222895142892,0.037859351503873866,0.98104955125010673,23.323038565983396,-21.333160434491028,7.7307927936197309,,0.4933983260287571,0.5555555555555556,0,2
-0.34208668392377972,-0.88394164711657075,-0.31878498266837374,0.92486128016942426,-0.37671705716531212,0.052114021952645632,-0.16615749494201551,-0.27700437421374807,0.9463932922105075,-10.868207554745231,-5.8562143761727237,-2.6877739959694096,0.3729086552612958,0.3632441483839446,0.1578947368421053,1,4
-0.18878812941746054,-0.82798425852752799,-0.5280162022340571,0.9716791220833132,-0.23531639857430167,0.021584167100521408,-0.14212222169125791,-0.508987485300612,0.84895996013292674,11.801341035356025,0.1592557391685771,1.6668834890921975,,0.3340058766696937,0.1351351351351351,0,1
-0.97361495245721508,-0.095548878662721479,-0.20723015257928082,0.086166961291775104,-0.99482392401227138,0.053857357849876122,-0.21130352371287425,0.03457993636669085,0.97680860400971026,-4.8023484579336388,-10.197356295858357,-0.56652973412361907,,0.08375903429101481,0.2641509433962264,0,5
0.96763760699612444,-0.096167013383321384,-0.23330102242327577,0.14841574264942656,0.9646078176097137,0.21795532923065764,0.20408387702274008,-0.24552731771262704,0.94766349903128011,12.267601555533957,-6.5481986111714514,2.8818466165024135,,0.07682390655206071,0.375,0,3
-0.96647716484910706,0.14381297288383177,-0.21269630616337978,-0.15605478853861326,-0.986861722059444,0.041843093910918165,-0.2038842632460891,0.073632671852809528,0.97622202230661426,4.1552595378925457,19.179511392058643,-2.8712115111480299,0.4582167066350278,0.4275896495347634,0.88,1,5
0.83679760999771491,-0.45448988599112117,-0.30530100463950466,0.52884203055254553,0.81531422471677617,0.23577281797430291,0.14175989074196421,-0.35875013380661047,0.92260634881327686,-23.297611906991001,15.393160869991229,-8.4646023153506356,,0.2612906208444528,0.2307692307692308,0,2
-0.93051359905740405,0.30646049748713677,-0.20056521495307572,-0.31003584400093631,-0.95061979640249983,-0.014134288885451046,-0.19499286500757862,0.049030257674287904,0.97957838707707767,-9.7489061727024691,-12.589520660927658,-1.3980860443673735,,0.5705018972929768,0.5454545454545454,0,5
-0.97380965874560454,0.095261740478049028,-0.20644599617057821,-0.082767799151140839,-0.994221976536799,-0.06835314765932636,-0.21176458617400115,-0.049475874649712814,0.97606756829135555,16.573183810486341,-6.9645092774437805,3.9870975054022226,,0.6118100795072556,0.2631578947368421,0,1
-0.47029396305441895,-0.74855439211484587,-0.46742904312862549,0.86081917585198242,-0.50581242945313132,-0.056072566342509102,-0.19445805408900621,-0.4287424731191144,0.88225050691037998,-4.8051662085513867,-20.030478227892015,1.0427686686899427,,0.756794086104762,0.1176470588235294,0,2
-0.19473472327348001,-0.90296499078699299,-0.38305693175381472,0.96686733917842738,-0.24243484709093602,0.07995557107558128,-0.16506343017649019,-0.35479511035108691,0.92025784087359486,-8.5788306662704024,-26.219275158460359,1.0524237839263946,,0.3577137401478294,0.375,0,5
-0.66157105920926296,-0.63537644111834823,-0.39827190672769797,0.71636789695891923,-0.69250260002852126,-0.085189114095603577,-0.22167717479115798,-0.34166786068566685,0.91330296350723061,-0.3477238965333278,-11.606794020798578,0.67901773735890325,,0.08833945351908595,0.1111111111111111,0,4
0.3254874432059125,0.94377078730530883,-0.057919127621164121,-0.91665712612359795,0.32997611589572778,0.22551158742999672,0.23194317718377852,-0.020309208933094073,0.97251729989260693,10.411117785593555,5.2331450533026453,0.50238726744703144,,0.263067690033787,0.375,0,2
-0.28556124176712711,0.9454059231663926,-0.15704272553135779,-0.95781299375975693,-0.27600221712778467,0.08010646119708037,0.03238898246917371,0.17329286362238999,0.98433761343969939,-2.0402702018478158,-9.6231789245198147,-0.063358963687177944,,0.08124158717936582,0.2542372881355932,0,5
0.97083928185462709,-0.051902705803670734,-0.23404529035690855,0.12052911377150528,0.94959597351538849,0.28937902449351388,0.20722891096912016,-0.30914979575218821,0.92816086011258447,-12.543880931727868,25.382825572342973,-7.7094843636348847,,0.4922482050400436,0.4230769230769231,0,1
-0.79310410406605392,0.58294902006855753,-0.17651152969335737,-0.60027671708964991,-0.79720144236571155,0.064325136689324158,-0.10321697066690511,0.15697229147571382,0.9821944597050063,-13.846840900416497,-12.584400999538389,-2.3132682288458986,,0.09147866627112361,0.3846153846153846,0,2
-0.94469190683700766,-0.21593012997249966,-0.24684282474221941,0.22681220131172575,-0.97380409802064394,-0.016180358906092998,-0.2368827272993704,-0.0712724185660914,0.96892043835340369,-1.1965996814644764,8.1200440663043896,-2.8073307493612858,,0.07707620832978519,0.34,0,5
0.97254413358442249,0.12370083423691774,-0.19711928327694167,-0.071681995951327834,0.96507803040757412,0.25196445519372523,0.22140370296577783,-0.23091664910466622,0.94744809962304166,-14.388073048056778,10.05465936512714,-6.3065278304373296,,0.3083811024709919,0.3783783783783784,0,3
-0.014283173918166549,-0.89588540191900412,-0.444055556852121,0.99342918280868953,-0.063149054220586032,0.09544975481951061,-0.11355373039615481,-0.43977442351672652,0.89090067164283104,-8.2997218942491511,7.4214928331984442,-4.3818061655838063,0.242006910861299,0.1957766508673949,0.2605042016806723,1,5
-0.73027701710395698,-0.60475617096091105,-0.3177506128624239,0.64079304287968197,-0.7676238606693726,-0.011742432799384014,-0.23681164347799144,-0.21218761089127389,0.94810161021775907,-2.5759734859254815,18.962518152427439,-4.5525618159108001,,0.1954908576690969,0.2777777777777778,0,6
0.90189421105093615,0.36898325824760747,-0.22458447676940427,-0.3354137600011855,0.92583552246947753,0.17414417858641038,0.27218457280800273,-0.081730902764179228,0.9587677601268596,-13.176534005145104,-8.1650575917245547,-2.8578953587575699,,0.07191681601545283,0.1944444444444444,0,2
-0.96359097033500496,-0.13001654315698413,-0.23364105031939983,0.13207392737295168,-0.99121593947640141,0.0068876001771386725,-0.23248423515827596,-0.024221061773255906,0.97229852440978626,-1.848362686581358,27.26435097758316,-5.0691341690049141,,0.5304074909629475,0.5714285714285714,0,3
-0.38257375032911956,-0.80748905904146329,-0.4489974889544977,0.90498144382276824,-0.42540823506948444,-0.0060348878634037531,-0.18613412340452251,-0.40864318550955675,0.8935126384338562,-18.140375211617837,10.748173291229291,-7.0670254932130341,0.4525612541621913,0.3318111140771294,0.2608695652173913,1,4
-0.049078523410942723,-0.96058901153326415,-0.27360564588719422,0.99242210075896653,-0.077795673082217145,0.095111551216692708,-0.11264844634952728,-0.26686435537784348,0.95712786155445606,-28.884637035057565,6.7262163375933621,-8.3539815292010626,,0.09656641770725215,0.5263157894736842,0,1
-0.6099186475994296,-0.68765421894619805,-0.39386662523749999,0.76298609703998233,-0.64386202824697902,-0.057392545730096257,-0.21412953797684617,-0.33551954301825809,0.91737406613585981,16.719136024749602,-5.9108004430822954,3.8620821882259841,,0.2647391061804289,0.1818181818181818,0,4
-0.18723663589228068,-0.89674544414281199,-0.40098634713522735,0.97202094568355468,-0.22807629893495038,0.056182586417715043,-0.14183696038829363,-0.37924768987199725,0.914359593592457,-14.735577470106815,-4.237793639379472,-3.8472951107422237,,0.09330289802915151,0.4827586206896552,0,2
0.21975548754215318,0.97270909773552006,-0.074461647024898436,-0.96420769647761262,0.22817354907585066,0.13505683824030004,0.14836119353943869,0.042117011820407516,0.9880359879917695,5.8100175826180696,-4.9961536497041292,1.0386089358929569,1.043448523919197,0.8693145659043193,0.6230769230769231,1,1
0.47220838698134315,0.85614918792899242,-0.20982804215119749,-0.8589082438183514,0.50041841610874493,0.10889461657993309,0.19823185406324989,0.12880208394176595,0.97165536853706735,-10.574845145535111,-9.6253813680756899,-2.0774461433691642,,0.07237823413182436,0.21875,0,3
0.93500519697190165,0.30789568705943732,-0.17597024613761081,-0.26261074837619564,0.93460072853132703,0.23991055221896029,0.23832934454831387,-0.17810593510298539,0.95471325507099813,-32.363133072016865,10.352823257164381,-9.6021982390702885,,0.1007414873595831,0.2307692307692308,0,1
0.89582975147563448,0.40274108950582838,-0.18785279128818053,-0.37330860565698676,0.91132429419433392,0.17357625342665692,0.24110110185052827,-0.085367708384710181,0.96673813054601454,-13.033049556965677,-6.6491219775600499,-3.0395675148648467,,0.1119298281625094,0.3013698630136986,1,3
0.91036776417150134,-0.28200766481491335,-0.30282372916107769,0.37939577032308219,0.86098837153477503,0.33875931506432727,0.16519498605689353,-0.42328560224455603,0.89080857400124203,-10.672711550323546,-7.1370931336248153,-2.4558245301211312,,0.3281749422846414,0.1111111111111111,0,4
-0.57712304788834312,-0.76903853692633273,-0.27478849378799503,0.7894054723995676,-0.61153388570468081,0.053528560419183732,-0.20920800114165097,-0.18602697481048316,0.96001352954069075,3.9536998160895425,-21.130415234968311,3.1907191554257635,,0.209068932584709,0.45,0,5
0.90803698970850955,0.37788410772456549,-0.18075515608224862,-0.3462386545034532,0.91994981001218701,0.18387806064395129,0.23577026837315077,-0.10438365862409281,0.96618654118317226,-18.369831851196405,-13.465362827714049,-3.1432822737509429,,0.2368110181254436,0.6904761904761905,0,2
-0.90196577273024681,-0.36141216227358974,-0.23630275873095119,0.35502123908380279,-0.93218734743692666,0.070616351349452683,-0.24580005008651049,-0.020198966291283416,0.96911007483063194,-5.9546421708215984,-4.1772125587747349,-1.8177720587086184,0.1600226682583973,0.1429594851556882,0.2168674698795181,1,5
0.9661792440058955,-0.019448199488519762,-0.25713699848301036,0.10782287871739119,0.9362695378892868,0.33432555876821218,0.23424750858289115,-0.3507436670237073,0.90670115515834182,-2.4797527617618358,3.2035654414474708,-2.2171365200299471,,0.5022584675781948,0.3515541264737406,0,5
-0.080527077844939413,0.99342578864636222,-0.081367021489712962,-0.99242532755115476,-0.072311738209514739,0.09931254579407979,0.092775853371109662,0.088748042059929255,0.99172396666703078,-8.1846977139321986,-13.215335918028469,-0.84015058547538191,0.3039313210651933,0.2407027596833073,0.5306122448979592,1,5
0.16300088898341092,-0.94950952458546312,-0.26807158169433776,0.9850849678047916,0.14144420209251407,0.09798542697484873,-0.055120925206758493,-0.28004499712706588,0.95840309013924341,2.9998230341372398,5.4274463507860604,-1.2937275631924323,0.3606519579249411,0.2760414115229245,0.4461538461538462,1,5
-0.16106825086078466,-0.88436506236465995,-0.43812721329928561,0.97607233754875133,-0.20844477050592969,0.061915826093547413,-0.14608151983315165,-0.41767117941926579,0.89677810825518867,-4.6313363084723065,-12.495353727634015,-0.080973893943616204,,0.312484349669382,0.24,0,2
0.5936683974875091,0.79031413948837614,-0.15153017768537214,-0.77582996789623193,0.61211770899669826,0.15296983770261827,0.21364853086025393,0.026748294476114862,0.97654433284099973,-17.727980334591262,-11.271401752345243,-3.3420708092029074,,0.09051342379789318,0.1111111111111111,0,1
-0.77579855796665631,-0.57742452040767989,-0.25439638497592187,0.58479954668125256,-0.8093941636473112,0.053764096338272949,-0.23695165679576521,-0.10706078220165599,0.96560442276126257,-13.040347533739704,5.7122348554646649,-5.1496343719526401,,0.1163792298874102,0.4009433962264151,0,4
0.57320394173781319,-0.78134191829043831,-0.24686443222637525,0.81825730776589145,0.56179487187497334,0.1218256960690034,0.043499649009481424,-0.27182959488841479,0.96136176951179575,-8.8830832734728844,-8.4578155001888202,-1.8800650422163054,,0.08779633580163251,0.3421052631578947,0,4
-0.22799232724683283,0.95886729346284127,-0.16909468425653687,-0.97246753990016954,-0.21564906620751093,0.088330991641327322,0.048232588123432361,0.18457787996147715,0.98163365043780004,0.10444641112395839,-5.4190627653359513,-0.25844749886806767,,0.07084950486298766,0.1882352941176471,0,5
0.30406774053608393,-0.84452947547408364,-0.44080922656036903,0.95174318071137565,0.24911161069991017,0.17924375410008314,-0.041565937192313704,-0.47403941868790445,0.87952197379903974,18.796214870553552,2.0416410994565846,3.1996456093882411,,0.3186694292291271,0.6,0,5
0.9416156093270347,0.28229144391765509,-0.18349818789994249,-0.24391426337956726,0.94762661384780622,0.20617864304370767,0.2320902332966219,-0.14938320326672211,0.96115492101434552,8.2881192922938904,9.6002060482363341,-0.65187294464698253,0.315190594751525,0.2472826351562133,0.5666666666666667,1,5
-0.85412493378821563,0.49240713828494387,-0.16734935807258708,-0.50289209974270521,-0.86400339393635905,0.02444731647490888,-0.13255238020363008,0.1050397326371484,0.98559450133909876,8.9133222880452081,-11.299462586306822,2.8330151012729106,,0.1245286743638317,0.3333333333333333,0,5
0.31373631078797432,-0.91775136379780331,-0.24351994074495176,0.94914600075372102,0.29602400403692247,0.10719915245545052,-0.026294420441803638,-0.26476824447282454,0.9639535155661858,-9.2925735061216805,4.8577442157305351,-4.1706683947276071,0.2541882732333442,0.1962317823796142,0.7752212389380531,1,5
-0.7925786107204601,-0.50267634861769483,-0.34516030242310092,0.5619342913792974,-0.82189445848569509,-0.093377466674527385,-0.23674669585967142,-0.26796639276388212,0.93388704581905402,-11.542791846929251,-8.19036423397975,-2.4604692888192758,,0.1321371985882994,0.2580645161290323,0,1
0.85534125682953066,0.49459343970380532,-0.15417089143945087,-0.46239615268815287,0.86304299178292687,0.20333861491012217,0.23362605236674952,-0.10263587938109495,0.96689438095336744,3.082849276224743,-12.456044772086736,1.6188648716882974,,0.08923009961826911,0.3043478260869565,0,5
-0.097494558563729558,-0.89889823616160802,-0.42717300017207671,0.98776253964166216,-0.13989787818787633,0.068947436204575538,-0.12173732513538088,-0.41522348765945261,0.90153728650832965,-2.6166095074200699,20.516380618200404,-4.7404082551340263,0.1571338304566845,0.1413877001285168,0.4285714285714285,1,5
0.83615442873295631,0.53368136710813707,-0.12660951667175305,-0.48455039520536458,0.82688988750383419,0.28541904009757935,0.25701495251558876,-0.17730570308224183,0.95000315885681297,14.962857247318018,1.2468178290191072,2.3200021726304665,,0.3715120451351745,0.2619047619047619,0,3
-0.26503325254339094,-0.87383605878481785,-0.40763699220469241,0.94892021002586491,-0.31142669893745523,0.050634436832943192,-0.17119523956798835,-0.37339517077265055,0.91173912737850782,-16.520216885979668,6.5452288571591763,-5.9948300480085646,,0.369918726560728,0.3898305084745763,0,4
-0.20346906893673702,-0.90147181705195234,-0.38203259160321507,0.96827071095906836,-0.24309640688489612,0.057930710840398976,-0.14509365349607223,-0.3581238612836411,0.92233135677719258,-0.15147513576154792,-8.1076793296979837,0.12533011590816284,,0.2008452967649495,0.2222222222222222,0,1
0.68900260997211538,0.69652362178675598,-0.20032535472244536,-0.68860527787165815,0.71533821585618051,0.11880239148684613,0.22604905383325663,0.056089938748021873,0.97249973986234717,9.1855535860435182,-4.3771903766099101,1.6975346365461017,0.5024616720723574,0.4534458389943176,0.9695817490494296,1,5
0.38255680375219697,-0.86278415305784151,-0.33053562158285699,0.92389717042318986,0.35411978543554379,0.14495929099960311,-0.0080193757192323547,-0.36083608854346455,0.93259477095774335,-26.407812760494526,9.1374993211644053,-8.2585468568226208,,0.08498895417540821,0.2666666666666667,0,1
-0.92759643314302276,-0.2925549536695492,-0.23232833728098959,0.28961537193108861,-0.95596572962436233,0.047460089812155548,-0.23598261283738395,-0.02326204778536213,0.97147881272381442,-0.99135800510500882,-7.2316337088880349,-0.21701040096267141,,0.08653360504974235,0.3717948717948718,0,5
0.86238841249282849,-0.45384884491105587,-0.224293227652996,0.48524548900191572,0.86734316680902224,0.11069167264518109,0.14430191059507835,-0.20429649278094969,0.96821480139275506,-1.4015629386246002,-5.065324643439336,-0.62829004303202829,0.1494558887814779,0.1292371850111715,0.5081967213114754,1,5
-0.84446589806143169,-0.46928482386610343,-0.25816487193314896,0.47622588885368278,-0.87845419495060961,0.039078512755679307,-0.24512496771405987,-0.089944324238031129,0.96531019301597765,-30.874076576529546,6.1639796582152204,-8.7322354117260144,,0.1545576444103091,0.3571428571428572,0,3
0.42609067081667945,-0.87378849363306599,-0.23439370434687523,0.90467251059405462,0.4126237535711228,0.10634512948099105,0.0037932596066390625,-0.25736220853757014,0.96630756221723813,-6.9712415415296896,7.733182551265255,-4.1197061611998116,0.3107982880305524,0.2225286941346011,0.7544378698224852,1,1
0.97478203608616054,0.01912830443183608,-0.22233778377343424,0.047661513647141003,0.95548564824413384,0.29116242222572508,0.21801000490936825,-0.29441685408456314,0.9304785617037965,-16.098445747709793,5.1445794592103695,-5.7052326538684737,,0.1990906872474658,0.34375,0,2
0.6132128008160006,-0.75171682865389777,-0.24267647276553991,0.7882132647771406,0.60246948295208957,0.12550048342857256,0.051864343674233898,-0.26823931783012378,0.96195517474842451,-7.3614023569005429,-11.911885821267783,-0.88697223041989581,,0.7283004014535472,0.4715447154471545,0,2
-0.079512408333796289,-0.96424010057172105,-0.2528216869067943,0.98974024070648781,-0.10656862638519921,0.095170288413117962,-0.11870986836495051,-0.24266057842140176,0.9628207573754145,-9.4653419577762836,4.0296147851482633,-4.0579282485536377,,0.06986060801859695,0.2049689440993789,0,5
0.91739385843867327,0.37643346959484614,-0.12917566128256977,-0.31750007469980784,0.88795667561903868,0.33275613411205746,0.23996293685613135,-0.26425515168558406,0.9341236554883986,23.107361851679222,-5.9713492667060466,5.5251448682394297,,0.7284402611263392,0.2903225806451613,0,1
-0.34022380030400645,-0.8642842872198756,-0.37048675627008532,0.92793781618922444,-0.37236816993095861,0.016533460262164033,-0.15224708533391143,-0.3381635948577239,0.92869058793563097,-10.237409802866011,15.471979005737284,-6.3100954952581505,,0.1231020815793002,0.1428571428571428,0,3
0.85606395004518798,-0.45113302627148111,-0.25225682555714091,0.49594539059531367,0.85439800960981449,0.1550555085188858,0.14557706886832286,-0.25784304098021266,0.95515667994197917,10.625320858068083,0.53630440598114359,1.2813373078667392,,0.1036503800349326,0.2222222222222222,0,2
-0.60226444615531782,-0.7427118967056664,-0.292671446145846,0.77122388514325391,-0.63599435831938123,0.026923877329700314,-0.20613407258814498,-0.20949991569876808,0.95583394449058723,4.7100350801457216,-11.394577089055806,1.8223032471265652,0.1134325433038145,0.1417980211422418,0.4285714285714285,1,5
0.68433707249330045,0.70306753979291092,-0.19333599173677843,-0.69274957669740356,0.70963473060563087,0.12851682031486503,0.22755393909328084,0.045984601855603623,0.97267909466345248,7.1325894928663915,-11.585063158063573,2.4750590430840278,0.1175004395632496,0.09872862438486034,0.2352941176470588,1,5
0.79096768512081916,-0.56298167672173094,-0.23962836386830541,0.60115237531216592,0.78799131094430663,0.13298689985413711,0.11395588072211821,-0.24924150046062074,0.96171343533143194,17.927855472602602,1.6063416272372335,3.0523046112151495,0.2664245890588003,0.1804511794199724,0.4285714285714285,1,5
-0.65113231578416353,0.74996996015152217,-0.11649792363762509,-0.7557359374202467,-0.65482160353289087,0.008477053624705494,-0.069927821595519149,0.093561351085473921,0.99315475800600517,-14.104522198329104,-6.4605247670021093,-3.3673248910974563,,0.07837457744067014,0.2727272727272727,0,1
-0.46104882372780115,0.88309081115325783,-0.087089617038379294,-0.88694670556244715,-0.46164975100773353,0.014319528149331545,-0.027559456292401537,0.083845850530472096,0.99609756034119867,-8.2187063771067326,18.55879088129327,-6.0491961464483586,,0.1449244386373614,0.1923076923076923,0,4
-0.3448306200119734,-0.90415030906322935,-0.25219845781254296,0.92264638155864476,-0.37590749022372244,0.086123245354793723,-0.17267164821967138,-0.20299206244227636,0.96383542396330957,8.7393528605303228,-5.8630530913121524,1.8592272260974743,0.2138958921338341,0.1087644848105291,0.325,1,5
0.92288468420828584,0.34646505270331607,-0.16806494848439141,-0.2957513283316176,0.91723859020585585,0.26684175165677931,0.24660699796205418,-0.19655873395110895,0.94897294622327366,1.3351839869449185,-18.572712091309036,2.2341240220197376,,0.3310950307784515,0.3333333333333333,0,5
0.93740057784615927,0.30928758542676177,-0.1600666928332404,-0.27573785788126137,0.93991205649018628,0.20133047408537927,0.21271763063916591,-0.14459085574570005,0.96635640115331467,1.3229404500534923,-16.263671397795864,1.856735986550075,,0.3634229808984852,0.3928571428571428,0,5
0.81008167163115807,0.57010086120757086,-0.13694047370172985,-0.53228763427837111,0.81302286404293445,0.23593155138251232,0.245840516761585,-0.11823210475082467,0.96207255949049175,-3.7847321745534241,-11.165452749015097,-0.12304658400915516,,0.09799061023397132,0.44,0,5
0.81896363497525082,-0.51066097270561606,-0.26177076907759839,0.56800642922600031,0.78628337435900664,0.24316075251681174,0.08165329721482166,-0.34782729358399617,0.93399620603725109,-4.2597837274476333,-17.099732431156941,0.66710789853012309,,0.2401533821009049,0.1818181818181818,0,5
-0.84956037525140327,-0.43611154140428665,-0.29673876096100582,0.47258859949047372,-0.87917587285246701,-0.060908129389569216,-0.23432282098491494,-0.1919804887171635,0.95301432702640476,-1.7184392373367379,14.515968061966635,-3.8224786540387985,,0.137186011919049,0.2093023255813954,0,5
-0.95924378453615766,-0.12178665029396121,-0.25498896768080975,0.1259090838410046,-0.99204177234333635,0.00015662761654838996,-0.25297878257883122,-0.031955183242593492,0.966943949683157,-13.338034800261454,4.5794047682754044,-5.0650219890571897,0.210246582742924,0.1671339778674635,0.1682242990654206,1,3
0.94491459593779015,0.29805831159194579,-0.13526880377486372,-0.22825523297962161,0.89623537806521081,0.38034418060715569,0.23459743178718451,-0.32851695541519382,0.91489925948357265,-14.287973992269814,8.2342522803275511,-5.9707773394985857,0.7959558854997062,0.4354735391163083,0.1851851851851852,1,3
0.17084702043709624,-0.93977193067156384,-0.29604056129119793,0.98307745423846693,0.14242738521003667,0.11520919629199276,-0.066106085769628328,-0.31071394925891721,0.9482018915611512,6.3232737113817716,-12.242006727508786,2.4214414282247785,0.2000511960143136,0.1272327708628987,0.1739130434782609,1,5
0.97327733658308435,0.10295394666393189,-0.205260105622249,-0.046513002412309032,0.96372006768314133,0.26283107074962314,0.22487277892250337,-0.24626026072251497,0.94275559785585394,-17.830396280636592,-5.8260191377612554,-4.1832770755382338,,0.5690679088703317,0.4772727272727273,0,1
-0.94117382969756691,-0.25218057969319319,-0.22493727463010874,0.24343463820188233,-0.9676501817008234,0.066277468101032397,-0.234374484993428,0.0076210944076090725,0.97211651549806311,-0.44275024150102305,6.3084521662313922,-2.2983033398875921,0.3864883597227761,0.3307131103377873,0.8819875776397516,1,5
0.50528210007781371,0.8420272766076925,-0.18889167474927704,-0.83755607535079146,0.53123242845293384,0.12763983548633065,0.20782160615280906,0.093713245641322884,0.97366729821198927,-7.2617480383302944,15.012768413066253,-5.5162214902407571,,0.1005575726189405,0.2857142857142857,0,5
0.41934276953502747,-0.86335413573612807,-0.28066221324933555,0.90780911680036835,0.40078415293116315,0.12350979804608639,0.00585227244989776,-0.30658065670647372,0.95182669212446369,-1.996084786961497,21.499658579712293,-4.6353891179646869,0.3505565433585112,0.3434734469473699,0.7272727272727273,1,5
-0.1437834564655911,-0.94158045696657011,-0.30455305072422489,0.98241755928364016,-0.17284541623723892,0.070570541282827401,-0.1190884413282124,-0.289051388414587,0.94987748578309616,-7.5557732013187584,-3.8035209675187138,-2.2764278098873403,,0.1085425901181464,0.3032786885245902,0,5
-0.84048111446581319,0.51435980414191629,-0.17036868288918147,-0.52403239344095798,-0.85157978481385166,0.014209881102096389,-0.13777353465323419,0.101221845366918,0.98527792585121377,16.021981984449795,-0.6329541313284397,2.9166544950569206,,0.09625442731168939,0.1538461538461539,0,5
-0.95430598948091261,0.20501192735889856,-0.21741708323277059,-0.22595988415714502,-0.97116341332876355,0.076051005011863793,-0.19555615355325792,0.12170346852992577,0.97311153346121582,-5.2817059721781945,-2.6392057656182493,-1.962463765106381,0.2343885708452071,0.2078252941498792,0.8189655172413793,1,5
-0.046204160497331961,0.99772320413603699,0.049128235071666262,-0.99474751864926492,-0.050451787894336873,0.089061727130097759,0.091337559053589368,-0.044755167598669168,0.99481376411836364,6.7855099477724856,-7.3651031651328278,1.6568113856758935,,0.7171538052987522,0.303030303030303,0,1
0.26137688334739884,0.9631238599490628,0.063832243015718243,-0.95256115551168696,0.24669761482231262,0.17823448558351901,0.15591462363049854,-0.10739048951280249,0.9819154306254485,-14.696245872083068,-10.5505233599871,-2.783505793918498,,0.4641849001105376,0.1904761904761905,0,2
0.25407318047558436,0.95796362514978617,-0.13323855242722651,-0.9553068498052143,0.2700839482376981,0.12018104517591671,0.15111466400803214,0.09674892141113553,0.98377030069397919,-11.334974705677681,-3.3748129671906351,-3.2233663810480317,,0.1171209836615279,0.2692307692307692,0,3
0.85298753158702778,0.49799541314438645,-0.1562460861724872,-0.46182837207598731,0.8596164090860311,0.21857306324357603,0.24316008246155876,-0.11428122206726911,0.96323048985177906,5.9672922276516731,4.4349719665360272,-0.52003098504520051,0.8914184000311203,0.3470308079906129,0.1272727272727273,1,3
-0.5515268981666217,0.81642863074458905,-0.17106247834992874,-0.83325023796423547,-0.54877822650318731,0.067353537758317303,-0.038886006882286731,0.17968513855222315,0.98295530389342645,-15.147366469391574,-13.835066780708878,-2.3331089744043854,,0.1033801882083799,0.5185185185185185,0,2
-0.44764887851778129,-0.81946318073361468,-0.3578974391969284,0.87365258216971708,-0.48612575893027576,0.020320240467288898,-0.19063485313540554,-0.30358168904993238,0.9335397746446753,1.6101661047763649,2.7969984008217819,-1.2082399162347017,,0.07891093997106874,0.3150684931506849,0,1
-0.95434676168791843,0.25620148664836867,-0.15356775929519872,-0.22787429895008246,-0.95686341856362978,-0.1802379041509635,-0.19312059013422345,-0.13701531466916095,0.97156123904379732,-5.3266437503413391,15.688655491359265,-5.0080885901325072,0.3841809058779909,0.3088665674150707,0.3859649122807017,1,5
-0.76937261812147206,-0.5589601872850769,-0.30923984787724895,0.58121044680675393,-0.81339305137289752,0.024210751764062583,-0.26506638981131903,-0.16110634068378246,0.95067584169572505,-10.323131038943369,3.1410591579215943,-4.1219317923519609,0.4155569033330474,0.4748458512302027,0.927007299270073,1,5
0.68171855492870914,0.71645332723581534,-0.14817031335136607,-0.69616547592149092,0.69752168712048856,0.16975607833474171,0.22497431409144578,-0.012574811701034689,0.9742835481058717,10.023572907011509,1.8945107006431139,0.88966341314789699,,0.07070771240020721,0.2083333333333333,0,5
-0.82635884920115699,-0.51429856271790964,-0.22940802238202404,0.51037004882261194,-0.85613967455351114,0.080915208213366049,-0.23801988490826523,-0.050217985241343237,0.96996117878323118,-2.4413002005983393,-3.2545708437845278,-1.1790849330159703,0.2731313034971212,0.2348084066598523,0.8471502590673575,1,5
0.068111474243106082,0.97929120314416163,-0.19065562284100129,-0.99078576496328818,0.088817657351893384,0.1022496537335595,0.11706577220751532,0.18193450246443377,0.9763172854100638,-8.7359091414521153,-4.3213015213686647,-2.4623999813691593,,0.06419418071436794,0.1320754716981132,0,4
-0.97382022627825982,-0.0377607922256957,-0.22416130232902798,0.032223618231884167,-0.9990796648803062,0.028310098034095389,-0.22502401053977289,0.020345657844909951,0.97414077467656224,0.58753573123531377,6.1080780584315724,-2.0762485392235912,0.1324979987035624,0.103164871881756,0.2608695652173913,1,4
0.97508765392695984,0.0314897224986374,-0.21957336936927149,-0.0044631959527068723,0.99245709833208939,0.12251117439701574,0.22177499191997152,-0.11847913464913165,0.96787320843780345,-8.3212617407539362,-5.9210229913709362,-2.1214315833244086,,0.08019238479143291,0.4827586206896552,0,4
0.87991260651711978,-0.40319877288524175,-0.25136538034519118,0.44969653544885135,0.87749913675794011,0.16663820388605141,0.1533845849410799,-0.25966519699972207,0.95343964390492331,-20.097546707510507,26.606034530845744,-9.4602762324193819,,0.1797410057831224,0.7647058823529411,0,2
-0.97716769073989573,-0.064091591510304941,-0.20257238723906923,0.094610196482822262,-0.98493344282930551,-0.1447585020573697,-0.190242516004023,-0.16061874452904901,0.96850885592769398,11.129764128154184,-4.4872934609447803,2.2289484310783219,,0.5766182065587134,0.1538461538461539,0,5
-0.12820340895697124,0.98630600005585944,0.10375143461958755,-0.98911508871624343,-0.13477923394374783,0.059041505497361035,0.072216530002971069,-0.095052787183477386,0.99284930399481175,-16.889678605275162,-16.764072970665374,-2.2153234556551391,,0.3404116667565278,0.2857142857142857,0,1
-0.57077757643982596,-0.74604495356743683,-0.34297213515100605,0.79502475126549332,-0.60656592020557121,-0.0036646037179818144,-0.20530124965211466,-0.27476301006818549,0.93933842952875635,-9.5253967297921136,17.210821973153859,-6.2374348979394636,,0.4085015149673091,0.425,0,5
0.95808954905488986,0.21764282448766822,-0.18626866870418263,-0.17444223076244031,0.95901617008586337,0.22328881217039695,0.22723187302493927,-0.18143755527143002,0.95678946974697876,3.4037608536756681,-5.123208062203898,0.45788009605592933,,0.1679120453391965,0.352112676056338,0,6
-0.95523434984133615,0.23064137152257203,-0.18528867916142894,-0.21575419238359897,-0.97160510968983271,-0.097126923628362352,-0.20242891431833784,-0.052802164413929875,0.97787241810018499,-9.6347369491060153,20.572657238224036,-6.5970744225505999,,0.472789357427931,0.8395061728395061,0,5
-0.20260208430220977,0.96911333043689196,-0.14061204858018245,-0.97782611035188605,-0.19243801513029313,0.082605739793399066,0.052995220072209637,0.15423022758923879,0.9866126613556454,-9.7637239816986039,-3.813377967391939,-2.7646456695663231,,0.08594650316044575,0.26875,0,4
0.71507144345317109,-0.60802790636321291,-0.34492737763385267,0.69200147380477539,0.68558885329667196,0.22605725931138304,0.099029243205314962,-0.40033734439710061,0.91100121826003055,5.8121811744412053,10.19905682823933,-1.3119158664565871,0.2413804182615288,0.1938571362495708,0.3658536585365854,1,5
-0.087861890548635274,-0.95876875050113775,-0.27026426188400632,0.98830285322706468,-0.11785224939545151,0.096790069819561869,-0.12465054549605076,-0.25859878262458885,0.95790861314251541,-10.678114553674863,-4.6847189932048368,-2.8851975729663466,,0.06928421922325852,0.3166666666666667,0,3
-0.79140812455318499,0.58074038032715758,-0.19082397922870953,-0.60208714631875482,-0.794500437090367,0.079120943503943136,-0.10566100808220932,0.17750962261433723,0.97843041921761931,0.41228097523281804,-13.987770168081804,1.262722605639617,,0.06850223453375093,0.3636363636363636,0,5
0.96555805209040524,-0.13287804560445909,-0.22369862100540594,0.16397259922701965,0.97830163880820464,0.12664474015100635,0.20201642197137379,-0.15896329293745767,0.96639538324247098,-9.7045786435068582,-7.8697140832460803,-2.1146832292964866,0.1487475424106316,0.1306644833575181,0.4726027397260274,1,5
0.97031357441556099,-0.083452259215183761,-0.22699622846377923,0.12607015391643275,0.97550545339601757,0.18026487923641218,0.20639254733731396,-0.20353090877435087,0.95706702251049369,6.9460964743029123,2.4769752289766318,0.027807772717137812,0.4067297192541931,0.3248397142666838,0.8564102564102564,1,5
0.75826362901129274,0.63296466079386715,-0.15617940678825465,-0.60859843913235578,0.77312922203993439,0.17854732121650085,0.23376100787831758,-0.04033539653991991,0.97145707418376537,-2.8373007836235424,15.601128832630657,-4.2570058084634699,,0.2137266566071948,0.2,0,1
0.91605895081893252,-0.31896256290736924,-0.24310261637440475,0.36027687023398786,0.92079284994576793,0.1494694091215823,0.1761720051509906,-0.22450703987250659,0.95841536592897214,5.6924253159288929,7.6316226445357094,-0.98647723710802904,,0.1073816646028165,0.3846153846153846,1,4
-0.9156756415900642,-0.25231222534979048,-0.31285245777788057,0.31113395184651993,-0.93774600788730988,-0.15436349536007857,-0.25442834631186717,-0.23868591418525334,0.9371740771930035,3.2878897008061494,-6.2939063735015379,0.62152630286129806,,0.3123584738646629,0.1666666666666667,0,2
0.97151836668047042,-0.092232457005204063,-0.21827788957495023,0.12148827880726754,0.9847379002935609,0.12462690655663733,0.20345186485986955,-0.14759553380848739,0.96789611895328342,4.3455053768064955,-6.6049728630563758,0.95238366017337495,,0.101809153504656,0.4262295081967213,1,5
0.68201171902881574,-0.66258796319919933,-0.30957584875260469,0.7277510502304938,0.65675424556672357,0.19761647152627979,0.072376957629984667,-0.3600708985097516,0.9301131780867351,11.966746408600946,3.7906491548080496,1.1157553439338268,0.5875539613709554,0.4372742788227183,0.1111111111111111,1,5
-0.97533511528331018,0.06261219311759729,-0.21166276519099159,-0.050240044080694123,-0.99672673929617428,-0.063338338648772696,-0.21493569007045349,-0.051142159174416946,0.97528822851960861,-0.061005097925473463,-8.9906860451416168,0.32754189189372857,,0.111952565295657,0.3478260869565217,0,4
-0.31183635240854579,0.95010127421963486,0.0081029650596563235,-0.94249941358849931,-0.31039789108046539,0.12388706388535344,0.12022040052281974,0.030995450295558981,0.99226323995152965,-13.85581033157184,-18.39180529946935,-1.3104352240134041,,0.3787933813048777,0.1666666666666667,0,2
-0.60857448348876397,-0.73014187048875756,-0.31069268901208985,0.76585059621889651,-0.64292806449496864,0.010787407284197931,-0.20762938693148833,-0.23137924030459736,0.95044920160865087,-5.2872102735082231,-11.740838943217222,-0.42623838210364123,,0.1147208199493345,0.325,0,5
-0.94777720329153736,0.24986361026729828,-0.19820834791971287,-0.25122865479737072,-0.96774811012836082,-0.018648280126815377,-0.19647528070872883,0.032121201832688531,0.97998249599839682,7.0167441660342833,-17.138576883382495,3.3727059830304249,,0.2784188842902081,0.4285714285714285,0,4
-0.53920443546484842,-0.72771689352333169,-0.42389467990974672,0.80654312742177658,-0.59106855128769809,-0.011231709013442172,-0.24237730996059631,-0.34794552814975832,0.90564184369807632,-15.525853931534469,-3.0398365968516554,-4.1697795014466292,,0.4349557124466874,0.7142857142857143,0,2
0.27369391301858426,-0.88263800059845854,-0.38215415983099138,0.95606954218927209,0.20629123808332586,0.20826654937373959,-0.10498891596054921,-0.4223672394843187,0.90032396532349634,13.854927854531537,3.8600919302753631,1.6894996615410489,,0.2528142996811518,0.4285714285714285,0,2
0.7292040119574339,-0.632964833941981,-0.26003274397272308,0.67798937974167983,0.71976066326320864,0.14924807729548614,0.092692555810461819,-0.28513173553939508,0.95399579846329374,-1.8697523165750953,-18.471106437806334,1.4801212951786025,0.5481879744342216,0.4602965989367584,0.905982905982906,1,5
-0.48109048158168444,-0.80327278110217359,-0.35114781456230221,0.85923581240476032,-0.51153132976075344,-0.0070368568498780553,-0.17397059295361758,-0.30510414257032514,0.93629359443167803,5.7229360013136237,6.0420637209554879,-0.72298856670118694,0.5411415465029604,0.2272108353217846,0.2,1,3
0.28234641372182223,0.9492553149048425,-0.13854547911546303,-0.9435349764113945,0.30087654984251583,0.13861836113304973,0.17326930180148523,0.091584108227200742,0.98060700597816097,-6.0032225344561656,-7.0460818074465132,-1.3412154874924052,0.4116337447710757,0.1862014953404401,0.3387096774193548,1,5
0.75029670903924683,-0.59849905547332671,-0.28080906146777479,0.65702893794408856,0.72213744312675632,0.21640353032798459,0.073265429152770803,-0.34686653605080975,0.93504854583020092,-13.522434261857523,-5.7196297638187605,-3.3741250555119788,0.7259553663153518,0.4780849021759181,0.4265402843601896,1,3
0.9522291920981687,-0.1947750146999026,-0.23520684378801854,0.24010144334736083,0.9534382010341097,0.18250176358423198,0.18870840632728225,-0.23025700957298467,0.9546574500436914,-0.96141620521220783,9.448237850381302,-2.8838412438893988,0.488267976906078,0.4586369844221838,0.7902097902097902,1,5
0.91967387589740301,-0.2609226632023417,-0.2934609442826186,0.35306293509761499,0.87656060542792957,0.32709030690633484,0.17189102900415168,-0.40442659264595865,0.8982720107565827,-1.7366895531377333,-2.6341977020411105,-1.2147918895462424,,0.0981610217821773,0.312,0,5
0.86283564066083285,0.47877120974465637,-0.16215050393090683,-0.45306933684163192,0.87474132156380768,0.17191799313244155,0.2241491316496515,-0.07487155046104256,0.97167454310188905,-14.348019973458062,4.6722698485981091,-5.2860041786781915,0.2730789392551342,0.1595123487316774,0.7377622377622378,1,5
-0.97244378960019651,0.087362416604367638,-0.21615014280137165,-0.1023959276116967,-0.99297237135172978,0.059337540736557767,-0.20944724891138716,0.079835317354961438,0.9745553714521733,-11.971699185522315,-15.44546830540026,-1.3589544465152994,,0.09576124930932292,0.2222222222222222,0,1
0.87556117710312087,0.44302310894629604,-0.19267368810856023,-0.41359142809182525,0.89349125053793588,0.17497290024777995,0.24966929278299535,-0.073511292681554832,0.96553681135911362,0.45247620772207481,4.1435103789489887,-1.7242576772603084,,0.07439395127636823,0.1935483870967742,0,5
-0.85579512459617479,-0.46658774126438451,-0.22340676896463688,0.45804779501664167,-0.88415896513588721,0.091951845279097444,-0.2404307014459916,-0.023639037028570786,0.97037841779923717,-8.0883864560073651,2.5729248259394444,-3.4659986907342311,0.3382112233051913,0.2886943358026161,0.9552313883299799,1,5
-0.96166595128282129,0.18998087565029262,-0.19775202914371026,-0.16758220073344543,-0.97795576607439483,-0.12457417709613529,-0.21705944840214153,-0.086659024279022112,0.97230417533319569,9.0054917105931978,-8.0061993542899366,2.2770787399451491,,0.2305563429048211,0.2105263157894737,0,4
-0.58283780897765558,-0.6787051907252365,-0.44683257771647061,0.78416627032784836,-0.61394357546201361,-0.09031360157269025,-0.21303368021568228,-0.40302921759041094,0.89004724642134747,-6.8837641070924676,12.998531060296544,-5.0392353498567495,,0.08706870423826429,0.1428571428571428,0,2
-0.68544108093430067,0.69775896427472206,-0.20809361437075641,-0.72361158175908369,-0.68456055060598442,0.088108633505176545,-0.08097409037300124,0.21097222643822011,0.97413239159775677,-14.62974258191322,-8.3458908076573231,-3.1283706885676437,,0.06925113064626065,0.2307692307692308,0,1
-0.88037399813028416,-0.38798747728166283,-0.27277709010968609,0.41388265201367491,-0.90934368311357394,-0.04236999343363182,-0.23160909692458995,-0.15019914598309045,0.96114382002264587,-3.8647346324529388,19.692527696888732,-4.9498231370238894,,0.1393930137013868,0.1111111111111111,0,5
0.32069361747286484,0.94677900786184177,0.027660693850935076,-0.93223817111541607,0.31033187339243151,0.18608095193256416,0.16759354411060487,-0.085461328265427516,0.98214498183494059,-14.354211492521403,6.829942492204732,-5.6738815512839,,0.07590321329226554,0.5,0,3
0.95271565583627971,0.24416909171375009,-0.18087104183956193,-0.19250461822654039,0.94554632468803934,0.26245784391096849,0.23510604221478476,-0.21522918603345295,0.94784046463182603,-9.3190840408714042,-2.7200465025781488,-2.8737706461623596,,0.08634272357080439,0.2342342342342342,0,2
