axis_00,axis_01,axis_02,axis_10,axis_11,axis_12,axis_20,axis_21,axis_22,location_x,location_y,location_z,dbh,dbh_approximation,score,reconstructed,number_clusters
-0.55196214228088014,0.8254093601365754,-0.11847861278572688,-0.83062348907274963,-0.55675958905419987,-0.0091312319437134668,-0.073501108082212219,0.093371024387264107,0.99291461813972692,3.9339095045264796,-15.984924929888715,-3.5659645017039479,0.2828289319963325,0.2484133218976907,0.6410256410256411,1,5
-0.57719431215261652,0.81627872263134449,-0.023146770790064539,-0.81157160917175286,-0.57654768241226961,-0.094574272883336516,-0.090544183717337953,-0.035802470367008898,0.9952486794317188,-18.137656363725295,7.341599296701899,-5.9634611212470539,,0.09837312955796595,0.3235294117647059,0,4
-0.95936669123157736,-0.23171959489487906,-0.16100180463934649,0.23913198205816377,-0.97058251930039618,-0.028026208902182371,-0.14977131538551433,-0.065388091960599956,0.98655610611735789,9.4759562778087751,9.0434534037651559,-2.906459210215754,,0.1889222002653898,0.6493506493506493,1,5
0.96337609689341053,0.24100487000558093,-0.11757188680977934,-0.23136798683798063,0.968704882023809,0.089887186015466275,0.13555571032220887,-0.05939279566439027,0.98898793987702927,15.129363702222935,11.939960980930218,-2.3488231799101875,,0.2939778418466354,0.4285714285714285,1,5
0.016811602114397257,0.99279080518057405,-0.11867513296076586,-0.99981490315115329,0.017802637370216159,0.0072955835623882224,0.0093557186361282584,0.11853051611957512,0.99290633358702574,-3.715060056613138,11.86678098910958,-4.2827252071704196,,0.08812093615378844,0.2333333333333333,0,5
-0.96755282248780572,-0.18752148619773898,-0.16934352042541259,0.21020353838820616,-0.96928479422918712,-0.12767717151143668,-0.14019988639424397,-0.15913101485968745,0.97725191837354186,-7.8051314558695264,-9.9096333231381486,-4.7854401574419709,,0.4541174446747033,0.5042016806722689,0,1
0.04861911275089028,0.99634080439287509,-0.070293551461531031,-0.99880043808455821,0.048907781173611234,0.0023903603847197008,0.0058195152212970379,0.07009301279323675,0.99752348483640052,11.974744178324148,15.62298180984388,-2.6062715613740171,,0.1004910185860943,0.24,0,5
-0.96292073711367998,-0.19764270189759831,-0.18363283046085938,0.23360548839217632,-0.95131431595221216,-0.20107100252754051,-0.13495232428343892,-0.23651307501065238,0.96221070224743699,12.952424997987121,1.569773127230724,-2.628334867367446,,0.09995255863488166,0.4117647058823529,0,6
0.40502588901317921,-0.8839564211381078,-0.23361308772796152,0.91078542508458771,0.41247260126251667,0.01833746605233039,0.080149477119761225,-0.22019854390172858,0.97215670680245181,2.8377691443019777,9.8839138864857219,-3.5827457336159245,,0.2988755961283551,0.2380952380952381,0,2
-0.9772643546606351,-0.15060305919722625,-0.14924174908573248,0.15963537481533518,-0.98588633941410753,-0.050444750611123287,-0.1395382679314153,-0.073122119205393202,0.98751315305954923,0.15001990177024704,-9.044128735698024,-3.9285975415987435,,0.1709077847212957,0.8307692307692308,1,3
-0.71307479136726759,-0.65660203581054755,-0.24576026628804784,0.69322915818535147,-0.71268132585307231,-0.10732502980170096,-0.10467891935894556,-0.24689895574860501,0.96337076429176105,-11.915467022531292,13.104818540519853,-5.2244954753593511,,0.1730885980603755,0.2,0,1
-0.83546731508713445,0.5493773073796322,0.013376829123520961,-0.54019943021023786,-0.81655431109084253,-0.20352796525169214,-0.1008907380368934,-0.17726711814452448,0.97897774632680312,-9.1253731691685029,-15.515478448114528,-4.9219289396061354,,0.31132698273573,0.2307692307692308,0,4
-0.94096227666084831,-0.25856329127816141,-0.21848345087131188,0.30972127760821405,-0.91807344957259818,-0.24741437182711354,-0.13661158112681332,-0.3004765641331687,0.94395503616896792,26.317397263630777,-3.6321494481394483,-1.3897911103342844,,0.3848628140764164,0.2142857142857143,0,1
0.069712466882044605,0.99741301543482996,0.017534212341072761,-0.99697221129894964,0.069053182363207635,0.035750075569133941,0.034446797513049583,-0.019973348410208459,0.99920692726500948,4.7361821729460702,-12.59359761768957,-3.4930821104820469,,0.3437166508225005,0.3333333333333333,0,6
0.25560335803831685,-0.92742066160545034,-0.27305281501358869,0.96615810340535468,0.25518160390255445,0.037694406135241117,0.034719484208505173,-0.2734470066704498,0.96126026234275763,5.3732540102621327,-7.5941056895630306,-3.394133864954727,0.7010924008787663,0.2878608265300023,0.5697674418604651,1,5
0.31802606513780235,0.94129507335786577,-0.11323871584037219,-0.94685140537998858,0.32142311430806114,0.012633199058357365,0.048289108740039027,0.10320255065024961,0.99348749137388537,0.25052239917195057,-8.0776366430962483,-3.9185704954973817,,0.06947570288546276,0.2195121951219512,0,1
-0.038951284903246765,-0.93058337176401251,-0.36400190329269894,0.99917096435199682,-0.040588666846554926,-0.0031534298026189424,-0.011839822645916978,-0.36382296288159266,0.93139286570156465,17.464008492468462,8.1019906658194696,-2.1710000330241419,0.5051586423937409,0.2537266969730909,0.1935483870967742,1,5
-0.17456577684914376,0.9797206384536068,0.098357816878535759,-0.98438939874526721,-0.17136926489773385,-0.040125885489811865,-0.022456651375174212,-0.10382699859124762,0.99434181908061547,14.958952104366642,21.949451022459822,-2.2567877187577983,,0.215259126101439,0.6296296296296297,0,6
-0.86050383462135449,-0.43079038991643026,-0.27194262364990801,0.48376579577240902,-0.8583081511955164,-0.17110748794843342,-0.15969910908528409,-0.27879518924648861,0.94697911117953504,18.423836032029726,-9.1678436162857988,-2.1695951149652037,,0.5272691513837416,0.2307692307692308,0,2
-0.89808022249683717,0.42383638092259523,-0.11753568039735676,-0.42237489256401395,-0.90561075762205845,-0.038322393071686445,-0.12268400096007101,0.015227537083840404,0.99232895655764863,-11.715561160624413,3.7461775506223551,-5.1733946278770659,,0.4679439042279986,0.7222222222222222,1,5
0.92433719654960778,-0.32804733341115655,-0.19489918962540978,0.34820897223256908,0.93406073221010233,0.079253140000037955,0.15604889852719234,-0.14112227175381323,0.97761610342889382,9.2733774812172136,4.0655609430523381,-2.962972476922511,0.732928724704254,0.2026550403272368,0.1875,1,5
-0.14973486192985075,0.98829626884307842,-0.029154006820639518,-0.9886835382411715,-0.14938942920615758,0.013698892377724762,0.0091832637861805066,0.030875288376107653,0.99948105746628635,7.1959146809922307,-10.026620800804906,-3.2582947285982184,1.498320397841177,0.7901218807852769,0.8769230769230769,1,2
0.92539333339513041,-0.33786132275956637,-0.1717466305084443,0.35551717335800648,0.93085186692768918,0.084393964741372923,0.131357215086881,-0.1391564889625744,0.98151961448777336,4.0306659572000179,20.33917957054917,-3.4221815723204334,,0.2784166297404297,0.2,0,4
-0.55006423123160353,0.83268105525608371,-0.063809103873986708,-0.83101668819971108,-0.55332700053851569,-0.056925340654538095,-0.082707952780676414,0.021713836433616143,0.99633724403645829,7.7073117962327125,25.407674006099292,-2.9845484016910317,,0.241995257305794,0.5,1,5
0.078512394566197713,-0.98108322710767593,-0.17695057328946395,0.99687282925631349,0.078858729112142062,0.0050855809236127758,0.0089647191810168139,-0.17679649976966769,0.9842065999977847,5.79108244972217,12.426209967271715,-3.2671521175374014,,0.09423447468645747,0.375,1,5
0.1743327644269001,0.9843964485832648,-0.023910651683520832,-0.98468290667673974,0.17421241811413105,-0.0070432005135998713,-0.0027677691237766588,0.024772270616213218,0.99968928876056029,-4.1698048072465941,-12.997106761546577,-4.3907452280353425,,0.528383889204687,0.125,0,4
-0.59227609173399687,0.79623020684154644,-0.12339565986439445,-0.80068849255400953,-0.5987371464916289,-0.020292050232758173,-0.090038708630727299,0.086782988679401415,0.99215006114195303,-3.2425802757292019,-14.591939136610067,-4.2756258648748728,,0.353752060065417,0.8571428571428571,1,5
0.33175147191517462,0.9394022364470006,-0.086396753645549718,-0.94232590413791051,0.33429384112482896,0.016417008761603243,0.044304077383306453,0.075967532172516741,0.99612553565443418,3.3045503596594519,-12.274278409495022,-3.6081995516334708,,0.07472253662424447,0.34375,0,5
-0.35221744433847468,0.93584110779422358,-0.012012196558255268,-0.93495651399255908,-0.35240823030506419,-0.040801423457215075,-0.042416846258952742,-0.0031400916759723252,0.99909506603611642,-0.092208137147611377,-11.948696318538907,-3.9581329247076789,,0.09675383672894661,0.1739130434782609,0,5
-0.81832517500805102,0.57209585555518161,-0.055228977942986215,-0.5627802024762848,-0.8170802068598324,-0.12513344580345023,-0.11671483045780515,-0.071318073547156788,0.99060152469937579,7.341817657616363,2.1925289185635983,-3.1601077836689093,,0.06918952685365022,0.2093023255813954,0,1
-0.93165728941433079,-0.32931174702150678,-0.153520253891091,0.33779117194937136,-0.94067288071603739,-0.032119396608006341,-0.13383504486573081,-0.081782056461275704,0.98762334723656331,2.8856347608774118,15.02338465209187,-3.576630685613857,,0.4711292892057122,0.3653846153846154,1,4
-0.89303336819443491,-0.36230010941644059,-0.26688955395095343,0.43186612859799722,-0.85667767570686737,-0.28212587069472828,-0.12642408892723661,-0.36720837498934522,0.92150689583779233,-1.7479189988366612,-10.733552226807003,-4.1190170843511273,,0.426088048380763,0.1951219512195122,0,3
-0.1172207481804074,0.98690553270536885,-0.11080056728897268,-0.99304842590643583,-0.11768229282425947,0.002387835918955355,-0.010682696325185308,0.11031023284880646,0.99383979218386442,-3.6465617687586858,14.18770354200695,-4.294208089501236,,0.1689466540399693,0.4909090909090909,1,5
0.71743030776764838,0.69263078681991119,-0.074540905854752565,-0.68862652197913099,0.72128940950524256,0.074398259136242095,0.10529609073152744,-0.0020447212055593111,0.99443881279435631,-14.786317735227122,-8.919726664923969,-5.5312310066190156,,0.06498830549521023,0.3181818181818182,0,1
-0.88686827318306105,0.449334015457453,-0.10753422047969562,-0.4442512636750614,-0.89326750841778557,-0.068658379883243248,-0.12690737072528749,-0.013118725470181112,0.99182781686018062,-17.838030802064988,-9.6926021708823615,-5.8871511036121857,,0.07460729070554141,0.1875,0,1
-0.38163027532443172,0.92069577862873886,-0.081716682329974505,-0.92229203817442174,-0.38514995016270137,-0.032201121249721625,-0.061120612528581905,0.063077722730677299,0.996135267731869,4.8579433403091858,23.484366271777052,-3.2820981382098449,,0.1514190801860667,0.5384615384615384,0,5
-0.9240144147455811,0.36118266724590664,-0.1254768593148341,-0.3564743780925107,-0.93244432310476455,-0.058937272360165494,-0.13828730638037526,-0.0097296038373222843,0.99034436218076716,0.23260048514557174,-6.389263334158561,-3.8767473806931489,,0.171768613537808,0.2289156626506024,1,4
0.98918130608594834,-0.027628547528945214,-0.14407292268687161,0.032429715385616467,0.9989905727961168,0.031082937835632637,0.1430687151340376,-0.035418904922748622,0.9890787854988945,12.076939960146809,12.095347761417301,-2.6419790825709231,,0.1192309966807426,0.4736842105263158,1,7
-0.97155557814547477,0.18768838392273263,-0.14440508687330156,-0.16942165600920753,-0.97694497615568388,-0.1299031025005514,-0.16545712752707467,-0.1017427348985859,0.98095481794313355,-16.43734124795311,-20.575135146217789,-5.6376976165710335,,0.2028710566235762,0.3095238095238095,0,4
0.66549080847777153,0.73506041860996352,-0.12964630663673493,-0.73996037532763648,0.67249309894749032,0.014549048525037047,0.097880676216424878,0.086250871653251057,0.9914535593574062,-3.849320588044455,9.1878194766822254,-4.3195944233200256,,0.2377668423269617,0.7948717948717948,1,5
0.962973773156799,0.24721139108070014,-0.10755482477369861,-0.2271619969271754,0.9588847263503385,0.17011028400450329,0.14518587866667304,-0.1393793732658456,0.9795378762170478,12.357699177288296,25.129585109622827,-2.5197630853132691,,0.4373970681201133,0.4736842105263158,0,5
0.89092519380898638,0.45321131591451541,-0.029185649957703227,-0.43653275722457968,0.87232001422609584,0.22022021853247473,0.1252655216183865,-0.18345924862927473,0.97501346307938552,6.8639901046406342,1.1206498225016455,-3.2044664775018399,0.9581462761679288,0.5921079384110469,0.2419354838709677,1,3
-0.78959020202108532,0.60677518431241784,-0.091494199679179614,-0.60105721383390753,-0.79479429625182407,-0.083858525766845521,-0.12360234047348277,-0.011220621560303021,0.99226839064906147,19.261396285848271,12.695178568526993,-1.883492532979365,,0.1895418013500191,0.2941176470588235,0,6
-0.89024534492698582,0.45100702822747707,-0.063685840853747941,-0.4344970897053767,-0.88283976119253038,-0.17834302648287373,-0.13665835090980372,-0.13109773662017549,0.98190522891961296,15.231490982192435,5.1659794012343987,-2.3744666341462399,,0.2315905646528492,0.2285714285714286,0,3
-0.31619246681663687,0.94779264840469857,-0.041369306960830174,-0.94761864781633509,-0.31760996200822106,-0.033805478015834778,-0.04517988755135053,0.028513289237578392,0.99857186526444042,2.4363556636981802,-14.498547103258282,-3.7183334677918944,,0.395503216190764,0.3529411764705883,0,5
0.33269340243253515,0.94285192807146445,-0.018583371862643985,-0.94165746424186147,0.33320764746996762,0.047475085098580616,0.050954097140964785,0.0017045232330199708,0.99869954169664954,-15.564476616595307,-13.092556188922533,-5.5922177375485749,,0.1561391901334531,0.4411764705882353,0,2
-0.86918274007758689,0.48655627189037293,-0.088229012435596277,-0.48030271714775125,-0.87313075138459251,-0.083378599694797301,-0.11760384454475309,-0.030094605342476537,0.99260447836868815,18.029192461747318,16.317553875508626,-2.0077658831379597,,0.2343137431981953,0.3571428571428572,1,5
-0.98959496101370692,-0.079795694188018296,-0.1197266065890645,0.098035179313045576,-0.98301570286596318,-0.15514261676275901,-0.10531342152517587,-0.16526577113240837,0.98061017134163564,1.1564796998015723,-17.314611048616186,-3.8669489474452949,,0.3714648341927911,0.2,1,6
-0.95606297915301686,0.28292336883322688,-0.076798094124235605,-0.26811911583384662,-0.94979943429252212,-0.16122398810995991,-0.11855682020674095,-0.13354924928902431,0.98392524024785732,4.8412759746595544,-14.963499523409308,-3.478801322381734,,0.253354616108166,0.3333333333333333,1,4
-0.25370750988101826,-0.9060044678854452,-0.33880437364589044,0.96521045077052758,-0.26003235147592452,-0.027421923879559839,-0.063255712416572879,-0.33397467023340616,0.94045714122928536,1.506664755264403,-12.788659170410233,-3.8232869024045097,,0.4015700122603958,0.7857142857142857,0,5
0.31516125044756393,-0.89923307563986099,-0.30340280468645009,0.94805841327817497,0.31283621387115129,0.05760857838233021,0.043111845574014644,-0.30579957319466555,0.9511193352072933,1.3970723255201443,11.458339513158775,-3.7246390319079339,,0.5914185423580587,0.4098360655737705,0,1
-0.7649900001571136,0.63062198415829762,-0.13079072121474117,-0.63483237284086846,-0.77255875399778251,-0.011867182253077868,-0.10852722263493582,0.073951908140676093,0.99133897191097131,-6.0150871042929905,10.15065541043719,-4.5715322547601787,,0.1013264352824909,0.3191489361702128,1,5
-0.41118576846493649,-0.88388745052068562,-0.22286596560251604,0.91046149019680611,-0.41018340146612109,-0.053004264265189255,-0.044566115833788791,-0.2247054782904174,0.97340706251072795,11.756455957893925,21.042568849915963,-2.5801675707009548,,0.2535298477630597,0.3214285714285715,1,5
0.71017943922966908,-0.68684818019370186,-0.15454689081321807,0.69728928126587963,0.71651578476031852,0.019818890509264248,0.097122717873553852,-0.12183885896504872,0.9877866521263331,6.6116443044275375,13.102898534323399,-3.1920829948592702,,0.2284685011632825,0.803921568627451,1,5
0.40793678972350017,0.9048608781784343,-0.12171428318909822,-0.91102710920271335,0.41219915511620075,0.011021017159789348,0.060143011961746914,0.10638913320279261,0.99250399014237045,-5.382178018762124,11.037301472118148,-4.5135385562569343,0.09911909923189831,0.1003223827227645,0.4285714285714285,1,5
-0.45152620830802215,0.88358571056943658,-0.12409824853108917,-0.88998676983001634,-0.45591668315246198,-0.0079704172281636135,-0.063621008625405914,0.10684694708208102,0.99223792366585384,6.9400177828764855,-8.3587661728644651,-3.2625970729699167,,0.3986528919510635,0.9899497487437185,1,5
0.064013782705223829,0.98731015957136048,0.14533025985988637,-0.99787984661545459,0.061612397507312594,0.020969601620358738,0.011749354981615927,-0.14636448093910831,0.98916095322093089,-9.7640817766020582,12.686389081632658,-4.991298326293558,,0.3445396565659978,0.2941176470588235,0,1
0.55078063953583978,0.82778356625305582,-0.10684125866848272,-0.83065198543076535,0.55614704606908494,0.026790711983086357,0.081596361514597357,0.073992098159232328,0.99391508852495825,-12.704580180664774,-4.3145164211910538,-5.2858111180627807,,0.06794572473564625,0.2,0,1
0.30775947600599302,0.94421262084587465,-0.11724603005593985,-0.95039595879358441,0.31090860805777493,0.0091301119597567339,0.04507356694713055,0.10862027467714575,0.99306092939543311,14.764349112201883,-6.7756889898794554,-2.4817504704035933,,0.3706348002784658,0.9838709677419355,1,5
0.96389968493551115,-0.22023592861129099,-0.14964468961491928,0.23041169065492223,0.97158035353491723,0.054240846550427289,0.13344605723199029,-0.086762620832296883,0.98725092931612313,7.1799989435851934,17.500093908723013,-3.0908004761162711,,0.222667280487413,0.6071428571428571,1,5
0.98951742380944474,0.032994860149569143,-0.14059376650915878,-0.0094340489843773492,0.98623928265161198,0.16505476689449416,0.14410505437798449,-0.16199819924476272,0.97621222935598095,5.1002801781035645,-5.8078173086735596,-3.4105716477391907,,0.1457150997787336,0.1568627450980392,0,3
0.46463845832844169,0.88004945005365764,-0.098102336885640767,-0.88187187019921742,0.4699051911142188,0.038614970092498965,0.080081880556740676,0.068571691128076123,0.99442687794645424,2.9325618110551996,15.6692685895254,-3.5500483839095658,,0.2105153377508518,0.746268656716418,1,4
-0.8546356864029222,-0.49021728445983725,-0.17112819038203272,0.50411313716692163,-0.8623398335076321,-0.047328178517180103,-0.12436956405138208,-0.12671631924441501,0.98411136868487459,-2.6705324492478981,-12.377947149031705,-4.2338773349332319,,0.06928071494405071,0.2758620689655172,0,5
-0.0025627195949633023,0.99304767883681344,-0.11768491842667719,-0.99997756839702701,-0.0018165869233630284,0.0064469151319222944,0.0061883092235224387,0.11769880020104689,0.9930300585884535,-0.53583468107733878,18.088220685367418,-3.9308058451289241,,0.08177662562286585,0.5,0,5
0.54259660755727335,0.83782883530273922,-0.060264120358582335,-0.83613404438769501,0.54558124456234347,0.05675354964828952,0.0804287341888128,0.019594599180893093,0.99656774501271439,14.195306691714617,-10.87092169854534,-2.6024367011826262,,0.3707527546143191,0.1304347826086956,0,1
-0.24653103701961335,0.96635531237667083,-0.073347515482255626,-0.96856766240771142,-0.24826913607384904,-0.01546348638583624,-0.033153146518760085,0.067229802279422934,0.99718655354019614,-14.176368812846725,-3.8490341649753934,-5.4923930957342684,,0.07722772453359093,0.2222222222222222,0,1
-0.75654803651945157,0.64941166064307143,-0.076808615788660869,-0.64397292552780871,-0.76028916121150947,-0.085201305925754214,-0.11372747964198056,-0.014996211691857071,0.99339879907778006,15.288591963218371,-7.7998798610144604,-2.4317865776237104,,0.101675804599663,0.2857142857142857,0,5
0.94566932363450396,0.31174151286968999,-0.092340454246099518,-0.29856110860609431,0.94507930220375913,0.13299013863424328,0.12872759907867071,-0.098195426063397886,0.98680639617691412,25.446607882685615,-3.9289095786706265,-1.48330399101319,,0.3446069765637117,0.4571428571428571,0,3
0.53608809273706004,-0.82799633216431767,-0.16441298837980217,0.84104108772807551,0.54061023510590833,0.01976012277059308,0.072522035125302198,-0.14887124511190977,0.98619364569039558,-1.8143504884985711,-4.4623942627013973,-4.1364352117099816,,0.3521851151792321,0.7986486486486486,1,5
0.39319301694409303,0.91846251241397581,-0.042730138270432171,-0.91754042628873245,0.39494819075017612,0.046211391983520672,0.059319621983743499,0.021036632652842273,0.99801735582821227,0.95063104178021796,10.129005820421092,-3.7768194591476494,,0.09390798836136219,0.3108108108108108,0,5
0.51047063033693663,0.85112619072391438,-0.12249058342261143,-0.85651669827355914,0.51589471221766336,0.015224699813700528,0.076150385041531765,0.09714346797214668,0.99235289362624102,-3.1308839384070573,16.142542457007899,-4.2538243222737639,,0.2235250379750136,0.75,1,5
-0.069539650664977748,0.99137410009411586,-0.11109289197772486,-0.99755076393885911,-0.06994579922878004,0.00024194058338067792,-0.0075306274898932195,0.11083762372420662,0.99380999734193654,-17.34640985041101,-12.425991739640047,-5.7951689848940262,,0.07602315625628213,0.1333333333333333,0,1
0.65438576970180895,-0.70687756351903064,-0.26852071541162376,0.7404673962199666,0.67101206135534808,0.038090007231165117,0.15325566725897818,-0.22375639367188113,0.96252053315446739,0.56769195753361612,-10.620479494963039,-3.871713150409744,,0.5698167905196401,0.8441558441558441,1,4
-0.82714347360006002,-0.53500049257558024,-0.17207018052153383,0.54882159775579842,-0.83486140206327719,-0.042441644427514573,-0.12094845148905108,-0.12954116059702997,0.9841699852127046,13.01608682517514,4.3432491564431368,-2.5810528332508254,,0.09629795293933793,0.5454545454545454,0,5
-0.97821733516383869,-0.073599794412362862,-0.19409769562623744,0.12472968412166066,-0.95581986904477834,-0.26617829332635878,-0.16593176634951001,-0.28458996504037221,0.94417964430210588,5.96349207584929,10.511763365738684,-3.2539129473051664,,0.4221841918631754,0.3283582089552239,0,2
0.84919793805347432,0.52673478676329577,-0.037594233855124726,-0.51218921924407523,0.83889278912990883,0.18417679559593891,0.12854985684890163,-0.13714719377103204,0.98217390595803322,10.798177277245314,2.3411647994033755,-2.8274103334777476,,0.5507832143327952,0.7142857142857143,1,4
0.70883493523070329,0.70334920277036517,-0.053412859488859141,-0.70157772170938615,0.71084145311450786,0.04993124207469829,0.073087173960634855,0.0020802635281700461,0.99732338662346709,3.1594455884550019,22.837143827283761,-3.499563453982764,,0.2261830666292572,0.2962962962962963,0,4
-0.79343431780098295,0.60275878231229352,-0.084521202553514765,-0.59847925527392887,-0.79789665616879124,-0.071996576872985107,-0.11083575389942837,-0.0065403684961384996,0.9938172162110509,14.352882240903728,3.68554514700529,-2.4793707876162534,,0.1195246015419986,0.3428571428571429,0,5
0.65011894227058364,0.75576774311053363,-0.078488721320886995,-0.75270416432965492,0.6546909237880727,0.069399101653522699,0.1038354558990975,0.013961116829624538,0.99449649839257692,-6.8107484157618945,4.3798481369712814,-4.6499816500491091,,0.531082415155009,0.3052109181141439,0,2
-0.99193035765124216,0.053589282838355901,-0.11490149840080364,-0.040067716450551114,-0.99233301199226764,-0.11691779765627147,-0.12028609091793385,-0.11137047218731405,0.98647243968417986,-4.3793738166396992,-14.636795865712113,-4.3805876657141249,,0.2142348507809386,0.425531914893617,0,5
-0.76677073481273728,-0.53946815488930477,-0.34790336315572573,0.63202583836729376,-0.72925270297492018,-0.26217138447949129,-0.11227635490545256,-0.4209092598935108,0.90012744379062393,9.0822484912742762,-11.481340722000573,-3.0706116843131963,,0.3644242475554788,0.1111111111111111,0,1
-0.41385395516981338,-0.8939677619388674,-0.17189108296917696,0.90807893811062623,-0.41870805393399574,-0.008729703928872309,-0.064168106954948109,-0.15970349459176092,0.98507728014861873,-5.4868200305583139,25.436129727416137,-4.4523408014494015,,0.4427447623003811,0.9574468085106383,1,5
-0.014493293953821469,0.99209009238467738,-0.12468838367117507,-0.999894877857613,-0.014327594930739089,0.0022255915190589558,0.00042150264194459257,0.12470753231325969,0.99219345579370777,2.9456074522837321,-6.7186077198709038,-3.6434920163132309,,0.6199527165766855,0.7266666666666667,1,1
0.44427247465602759,0.89529758670552195,-0.032622070784637525,-0.89245986599768956,0.44546125288565186,0.071271731850234762,0.078341278049287311,-0.0025501797610998941,0.99692333744214801,15.870751945845601,14.055773376465515,-2.2098086346365253,,0.5442615179208226,0.5952380952380952,0,3
-0.98006421400087451,0.16483733773684686,-0.11091793598277146,-0.15151782136521844,-0.98121627645305987,-0.11940254868440549,-0.12851648238100546,-0.10021612101564668,0.98663075304036219,-20.0155159683754,10.812233948547794,-6.1857422644086508,,0.2288571642483506,0.4489795918367347,0,3
-0.65220521426972866,-0.72338753766865216,-0.22658073356987532,0.75259766417373386,-0.65367913390199139,-0.07937471752002441,-0.090692416218878677,-0.22229273547920589,0.97075271073201508,-5.7589162578245405,-11.684609473631024,-4.5565223035193352,,0.3249623671918495,0.7724550898203593,0,2
0.27575988947588315,0.95701912386737087,-0.089838076050067855,-0.96007351983811717,0.27879994425338445,0.023009293556247947,0.047067184554597817,0.079906117640884081,0.99569056061693384,0.4415018005711307,17.284911668580168,-3.8084302361730211,,0.09440030402604049,0.4347826086956522,1,5
-0.24520899901867887,-0.91159029308319939,-0.32996315605949861,0.96851807861191275,-0.24542382311660005,-0.041711850219358117,-0.042956701481234302,-0.32980340295897403,0.94307180913996913,-1.4250619241854396,-15.842838375724996,-4.0877362757398066,,0.2507578987908504,0.2352941176470588,0,5
0.99426912669172707,0.012077926814777923,-0.1062215956928118,0.013286889394131925,0.97193276702211828,0.23488327943673792,0.10607715247827132,-0.23494854771329296,0.96620226539245713,13.023363386377074,-0.60505190892605698,-2.6261338531422291,,0.1975107933427149,0.2,0,4
-0.52163853201453037,0.85107188130303335,-0.059748596410648468,-0.8499163973860997,-0.52448252240709081,-0.050598430249665677,-0.074399995779303396,0.024387220932539193,0.9969302403293967,-9.9535115264109457,-13.752002617547994,-4.995256605446067,,0.08661268488301568,0.2631578947368421,0,2
-0.9598062796239164,-0.22695647613034448,-0.16511409248453815,0.24444465960761658,-0.9650525959237839,-0.094447315949595337,-0.13790835356791389,-0.13101238507584917,0.98174184028843603,-8.6159914855310191,-11.613756233868358,-4.8795873394217875,,0.1250415146956736,0.4285714285714285,0,5
-0.96387459660889108,-0.20127638085295724,-0.17445222991633916,0.22180977213464434,-0.96916288525295702,-0.10734862287771353,-0.14746588418215631,-0.14216581993889987,0.97879655324458326,0.9758097122150301,7.8834072014903311,-3.7999416304252973,,0.7181629713557773,0.96045197740113,1,5
-0.95641149789574031,0.27667410926268005,-0.093426355791757384,-0.26249298010843192,-0.95470585177845901,-0.14012198961533659,-0.12796281524966496,-0.10949051942368646,0.98571666520847201,-3.5031147154331435,5.9414671571778035,-4.2842812339303844,,0.1460412769615309,0.4078014184397163,0,6
-0.48907096017390317,-0.81966062952514207,-0.29827176923239657,0.8692018855092144,-0.48651941215474026,-0.088243661663784917,-0.072785150558358339,-0.30241579655013684,0.95039308070668505,-13.517133591861196,-14.523533442117488,-5.3724613219610742,,0.5667099935762575,0.16,0,1
-0.89056145898050598,0.44107521373752118,-0.11114379697002354,-0.4368617474957967,-0.8974510038776069,-0.061102448510644732,-0.12669688770223503,-0.0058610123252785173,0.99192416402721639,16.204794223549051,-7.774433272495135,-2.3410398968785673,,0.09404854326678658,0.4545454545454545,0,2
-0.49006659037945816,0.87074762791359828,0.040414174205248954,-0.86854562944113034,-0.48384519334398873,-0.10734206284876047,-0.073913642668734347,-0.087706313118031037,0.99340041074416674,-10.594160303831634,-8.6960374173678829,-5.09367948058481,,0.5001194662855382,0.3548387096774194,0,5
-0.39393305000791834,-0.89713503786178084,-0.19991367124886866,0.91720184786051273,-0.39780602864144726,-0.022161540058887114,-0.059644969550839269,-0.19209135175031147,0.97956285668149878,24.716006528358882,-4.2311679534524211,-1.5626699777482111,0.3641662780261188,0.1862805774984968,0.5217391304347826,1,6
-0.36238213338297676,-0.90112804609587849,-0.23800721405921221,0.92610603822143989,-0.37688544999524998,0.016880863475188742,-0.10491327549263008,-0.21430259476101352,0.97111667811036273,18.879201249260841,9.6600173471989272,-1.9694900078476545,,0.2048686310022778,0.2222222222222222,0,3
0.95502882273059142,-0.20442900318351578,-0.21477600054758303,0.26285996482712837,0.9188753419997745,0.2942324672021755,0.13720272098213684,-0.33745649871086003,0.9312886366926777,-15.427213784995541,-15.28262786654178,-5.5866934436442213,,0.7765121741439827,0.53125,0,1
-0.97904768060314462,-0.14143950065630889,-0.14649405025357984,0.14624360354421109,-0.98899258592347949,-0.022504964136702301,-0.14169843869290871,-0.043457250746965582,0.9889555196415607,-19.016028044863546,-8.6613794179472468,-6.0383739570432198,,0.488568031758553,0.8645833333333334,1,1
-0.74939139695958346,-0.60999857946109137,-0.25751556694385547,0.65295640271961464,-0.74533647883953991,-0.13461600743796306,-0.10982017260241976,-0.26902651610301864,0.95685122319148874,-13.528161559454746,10.709051442999639,-5.3912139968522297,,0.1383640006687167,0.5,0,1
0.56318416418368633,0.82179482510365931,-0.086468853615444999,-0.82211544478500731,0.56779157838592287,0.041700347240434296,0.083365416442749404,0.047602404843337789,0.99538144366592396,-7.2653779648101073,-14.675760677572587,-4.6964987066398285,,0.1620319756830381,0.25,0,1
0.6905369108205881,-0.70593913294377619,-0.1575078263863349,0.71684905124783105,0.69696945511067476,0.019000430727042914,0.096364996339143708,-0.12602983464766512,0.98733493215789681,-1.64379943936548,9.9397817305901928,-4.0835494162460977,,0.1724741601912281,0.6566265060240963,1,5
-0.034264430558295207,0.99579403515015985,-0.084971691508863773,-0.99940948664392704,-0.034359245642366719,0.00034676362163912292,-0.0025742580751651569,0.084933396248173532,0.99638330545885445,4.5052473787006448,11.097309590162562,-3.3794246659280893,,0.09038826175403236,0.3243243243243243,1,5
-0.98577128894683119,0.083854811300972207,-0.14568231364781878,-0.063802814778469941,-0.98848044802316948,-0.13724286758246754,-0.15551259342717996,-0.1259951368013576,0.97976581834026055,4.8807016052671433,-9.7757201368560427,-3.459893111701037,0.3117808280274299,0.3397826977417894,0.4655172413793103,1,5
-0.67154116613008696,0.7307732058729165,-0.12248666772699665,-0.73480520141124428,-0.67806909679956628,-0.016840900937963921,-0.09536130332385731,0.078694482294766332,0.99232726470894428,3.8719879799539045,-5.2251667399214767,-3.5245357211503774,,0.2491926277947178,0.8699186991869918,1,5
0.97128080039059461,0.19411187497633106,-0.13760155081167769,-0.183867909167514,0.97937819459697317,0.083731379579819298,0.15101721349227828,-0.056026171930144954,0.98694218132972777,25.564255245781457,11.44563484699057,-1.3016772614746461,,0.1631018872693079,0.2222222222222222,0,2
0.47777121764619745,0.87319198738727,-0.096283003440584852,-0.87580945241984676,0.48199335461513276,0.025302354809369321,0.06850158130231894,0.072236827654048402,0.99503234826289011,-1.8854859740384524,16.1278455306445,-4.1297193848475553,,0.09629054268806464,0.3478260869565217,1,5
-0.49330592822920349,-0.84525827431951006,-0.20539647238530731,0.86675435935804634,-0.49756934474989828,-0.034082659799088463,-0.073390337972701461,-0.19484146596543919,0.97808520152013956,-25.423211066648925,7.9259091442912331,-6.8772551561297854,,0.1224752425602307,0.1578947368421053,0,1
-0.30908158074222736,0.94868144135208954,0.066873756287562522,-0.9500975111568114,-0.30489012366362994,-0.066005543600592534,-0.042229086415871919,-0.083937687164341412,0.99557579768392468,-16.374503982045514,-5.3484976748854658,-5.7217720002117245,,0.1156365435752522,0.3846153846153846,0,1
0.91830666559636021,-0.36339556007750318,-0.15702399446342993,0.37230697622357994,0.92760518223522714,0.030596427007166437,0.13453766527091363,-0.086558031437341226,0.98712072403386564,-7.5804043388902205,10.465639050161748,-4.7524855713026257,,0.1104857463983353,0.3287671232876712,0,5
-0.17768010660727918,0.98375277353418256,-0.025695530347309384,-0.98398012337786356,-0.17798714685485181,-0.010182944159441121,-0.014590973693033769,0.02347458451757968,0.999617950703376,-1.2744666996318232,-12.241559824049812,-4.1028994223974875,,0.2602789707617769,0.16,0,5
-0.84719108651068975,0.51510623851743553,-0.13012619251040594,-0.51700442554071624,-0.8557155292502715,-0.021385905901820153,-0.12236701723973921,0.049157868549664696,0.99126677390675377,17.878989324558415,-1.5375747820733296,-2.1654045265627806,,0.1867068517001813,0.4583333333333333,1,5
-0.82258769442118651,0.56360332421836623,-0.075503496057098857,-0.55464071137567283,-0.82451428835750196,-0.11202620041316455,-0.12539205027243477,-0.050274061148171102,0.99083265615549132,-10.33665292653753,10.5335007436178,-5.0209426410520521,,0.1327948001188718,0.2982456140350877,1,3
-0.47885949666626004,-0.86113173286899347,-0.17072117940835727,0.87523986892506944,-0.48340217643236116,-0.016658561296939937,-0.0681817739323613,-0.1573990929659406,0.9851785478972509,-5.3806968923709251,-10.931584334393809,-4.5062135299506485,0.7734246342617486,0.5109184240704326,0.9285714285714286,1,5
-0.35463222590797694,-0.91263254922928061,-0.20331702937732204,0.93497203626040815,-0.34428390175286283,-0.085415961066371851,0.0079546061260460099,-0.22038698936436857,0.97538007933332849,5.7724141866658201,31.3897393564014,-3.1893665841288801,,0.3253647857373249,0.3333333333333333,0,2
-0.14894163146517339,0.98832643982557933,-0.032050565645384541,-0.98817971215905576,-0.1499527032233757,-0.031859743772495661,-0.036293896094789488,0.026926476518453143,0.99897833708672745,22.186671567726489,0.1923426922802875,-1.7023026390892741,,0.2662922221298699,0.25,0,4
-0.25569977600274751,0.96467718154990922,-0.063368446004829604,-0.96661220619422239,-0.2562432938033829,-0.00046606558611647376,-0.016687342163511615,0.061133540529855278,0.99799009155091423,21.392015202760501,14.829181436315373,-1.6748754920648052,,0.3336850615437685,0.6052631578947368,0,3
-0.91851006087161435,0.39099909725767595,-0.058813042952271043,-0.38153043214272003,-0.9154843663703518,-0.12776112194429326,-0.10379690470631872,-0.094910910200870252,0.99005965562597797,-3.1097117749030301,-15.849614160162957,-4.2896211588062458,,0.5132542411524439,0.7826086956521739,0,2
0.34626956854339752,0.93427220506675013,0.085046062463119992,-0.93627009598265809,0.33844490205741146,0.094092271946069839,0.059124388110095877,-0.11220737547532611,0.99192429732290832,-6.2476641177430974,-9.274730598599195,-4.5982603519268803,,0.3938826173986365,0.119047619047619,1,4
-0.96637273830365111,0.19753247067175564,-0.16463491031313701,-0.17955561535788161,-0.97666146313144531,-0.11786503903786312,-0.18407474475591473,-0.084340437894621575,0.97928707684661531,23.177991337912093,9.0531101802406138,-1.5641530325578374,,0.5274651592325701,0.35,0,4
-0.97715009923086849,-0.15349271223665018,-0.14702948977447131,0.15864416841779244,-0.9870463918801714,-0.023904980722906186,-0.14145568705475081,-0.046684125423663091,0.98884320346215493,3.3840975363184822,-7.34186829033849,-3.6133868829048574,,0.06589436162859735,0.2790697674418605,0,1
-0.77920596887632154,-0.53518859839247246,-0.3262073301111007,0.61630737176870343,-0.7489393442638832,-0.24342366794775075,-0.11403193224296859,-0.39072115730311369,0.91341868585257757,-7.2499433172354397,7.9692135300252973,-4.6890728440030829,,0.4915966893335114,0.2515723270440252,0,1
-0.82742281085054892,0.5506063988937272,-0.11047210318201474,-0.54902886312907651,-0.8344811365772169,-0.046995107702714117,-0.1180626932412176,0.021767549105895612,0.99276753284469987,14.214120913890396,8.4853683286326138,-2.4537511130172667,0.5915929225862728,0.5257695246916717,0.5614035087719298,1,1
0.18020613384537068,0.98334253720785259,0.023731916107356501,-0.9832163173374715,0.17937941212622643,0.033297144420945363,0.028485481316702185,-0.02933395682262642,0.99916369846551356,7.3010605537022419,3.7482642162554458,-3.1528405754256204,,0.2321149364357242,0.125,0,1
-0.95148222455935072,0.25586928528773389,-0.17091660303766404,-0.23902549835260356,-0.96440278218564912,-0.11311094045170855,-0.19377406298284544,-0.066769623025180108,0.97877138799425312,16.123832273525828,-8.7447557784545182,-2.3611219746864336,,0.1928577421670093,0.2857142857142857,0,3
-0.68442561608289076,0.72650981943176074,-0.061196881609977959,-0.72234837136491659,-0.68709286298620897,-0.078206317007433454,-0.098865597838721411,-0.0093209389358073057,0.99505714090264574,5.6434410925195868,-11.289778350059985,-3.3777378406785954,,0.07236284918397166,0.3846153846153846,0,2
-0.96062398527552717,0.24236195688410614,-0.13587582849304164,-0.24092350176353219,-0.97016330715442423,-0.027184991248622163,-0.13841035081005004,0.0066211257726329692,0.99035283383354955,2.0769996203063106,-9.2434485491031317,-3.7443368621491757,,0.06438835681471324,0.275,0,2
-0.61835760020283437,-0.7369548140335751,-0.27300454271702201,0.78485816976136014,-0.59693680182476505,-0.16632530771373719,-0.040392222397877202,-0.31711836386428355,0.94752541478833219,2.9776172848422373,-13.739281538293735,-3.6642695242964072,,0.4959623025841294,0.7380952380952381,0,2
0.10561799497980411,0.99251219159707493,0.061354614069503266,-0.99424841866162084,0.10429889673963548,0.024327394594608268,0.017746017167606175,-0.063571138656362644,0.99781951735001717,12.331139204736399,14.642810604814112,-2.5550885004429484,,0.5191309398383233,0.2758620689655172,0,1
-0.15543261140243908,0.98772076926820984,0.015760243298698202,-0.987594877434542,-0.15501317079283677,-0.025045457588213412,-0.022294873349506712,-0.019457616425621421,0.99956207400309249,10.638270708917643,9.0375720505462507,-2.7634933320461528,,0.6077361472571997,0.3103448275862069,0,2
0.46217191287650183,0.88590497056382922,-0.039616992293414199,-0.8852343786162683,0.46354565669258291,0.038542432166542767,0.05250921694279511,0.017257093954182116,0.99847131898933994,-5.6410411062956207,-7.2801808945540829,-4.5573230002204843,,0.1669962562022942,0.1627906976744186,0,3
-0.22500249183772658,-0.95908300506223565,-0.17185362395831338,0.97373194320441547,-0.22765537471641695,-0.0043741451828614754,-0.034928232852046791,-0.16832355676945326,0.9851127848050264,-22.647120517930606,9.7760772726331222,-6.535667207716525,,0.278685101708803,0.391304347826087,1,1
0.94689378042368466,0.30498996814827739,-0.10184933933931446,-0.28851668744572456,0.94571300243980716,0.14961630286045197,0.14195171594696623,-0.11228551262383392,0.98348445539038098,19.942497810070392,20.906982500905539,-1.7942996660916886,,0.3459293501547477,0.7407407407407407,0,4
-0.80016773375043604,0.59889900635794635,-0.032428044161726913,-0.5890998440127877,-0.79493064459989948,-0.14507461549181186,-0.112663089114403,-0.096980670545486022,0.98888916360315515,18.531920655574417,5.7118473215395653,-2.1549217480965357,,0.5462530465599744,0.1428571428571428,1,4
-0.40079792847932794,0.91224022243510205,-0.084727782328088946,-0.9149616173700994,-0.40329684710631597,-0.014031815762696971,-0.046970834207759549,0.071898746064597466,0.99630533023173529,16.324269695549535,18.407035711657127,-2.1600327886561597,,0.1186270564209613,0.3636363636363636,0,4
0.74196409936777319,0.66885350154782797,-0.046089789721572537,-0.6662020929644491,0.74324728454214373,0.061304529608479513,0.075259860345051305,-0.014780645721317457,0.99705440470061812,-0.65196907903625068,10.243784752646162,-3.9715688089966594,,0.1437480794588109,0.2222222222222222,0,2
-0.8791091193392333,0.46346178971196322,-0.11122196622781555,-0.45973307751460757,-0.88611679203374738,-0.058673062940059591,-0.12574837467556044,-0.00044760786903176548,0.99206206757120319,12.551034825260343,6.0031167823943496,-2.6062360688887711,,0.2752793200395886,0.303030303030303,0,1
