axis_00,axis_01,axis_02,axis_10,axis_11,axis_12,axis_20,axis_21,axis_22,location_x,location_y,location_z,dbh,dbh_approximation,score,reconstructed,number_clusters
-0.24288132861727155,0.96995171847526496,-0.01422406538196809,-0.97005268258893029,-0.24281598498644882,0.0061798411858393241,0.0025403171318748316,0.015299060818958802,0.99987973553169329,9.1735490433715032,-6.90538272947932,0.95537771066263122,,0.2912674967459008,0.3265306122448979,0,4
0.7567138269999939,-0.57930186355040147,-0.30297447898140734,0.62729074887633907,0.77391368375433744,0.086970836904978907,0.18409372721845976,-0.25586512264242467,0.94902188521339814,-1.8231605497994237,16.656569349937698,-2.7212913553192561,0.1847465544341492,0.1744016415330454,0.6666666666666666,1,5
-0.89516616697674689,-0.31908443530736624,-0.31122766047499378,0.36088174826094527,-0.92864787912306124,-0.085892260258789405,-0.26161402346258605,-0.1892042276082094,0.94644591128225497,1.9503259823841079,19.289365878743123,-2.0433444106259882,,0.273855516551305,0.2692307692307692,0,6
-0.62591235278510204,0.75830102575717284,-0.18224511232578497,-0.76673680127015564,-0.64105807561298134,-0.034047338653585543,-0.14264783282275501,0.11842338462905561,0.98266347126774334,-6.0530288632482101,-13.814920421936739,-2.0195086083766367,,0.4160833072558149,0.1794871794871795,0,2
-0.92219303629192717,-0.23831853894290561,-0.30457228667558583,0.2757781591368379,-0.95737611677828882,-0.085891664121854241,-0.27112065719486095,-0.16320307907218959,0.94860863596300016,2.1020856109438708,-8.3807085641573327,-0.39706519041417332,,0.1565301324299265,0.2291666666666667,0,1
0.95380998470588774,-0.12023515782464071,-0.2752998726811145,0.14658613085178859,0.98618421724872585,0.07715695620888878,0.2622194106416541,-0.11394821838186764,0.95825715974906334,-11.611878029942064,9.803964120076369,-4.4655925120961575,0.2834233033796176,0.2443512214880786,0.8346153846153846,1,5
-0.29617634213469612,0.95040602464265922,-0.094910287549067884,-0.95388359212129348,-0.29940635862840759,-0.021492442733518413,-0.048843290649664813,0.084167812944216838,0.99525379287029014,-1.2428477865787213,-3.8194096856837692,-1.4271837014802451,,0.1839430504242442,0.1102362204724409,0,5
0.67770478548238311,0.72453532539804,-0.12555789893364502,-0.70334984291764724,0.6885186567109679,0.17675140120701599,0.2145115899013299,-0.031474141946662391,0.97621419585392388,11.253396579627388,0.83516238118534636,1.0176583457156287,,0.4792437546411802,0.1904761904761905,0,4
-0.2180387816889216,-0.81779168130666069,-0.53261229394864373,0.97042812190399863,-0.23959466168931834,-0.029388064037284962,-0.10357774808079795,-0.52326968579844835,0.84584897353304422,-11.166005823718471,-16.006358107107207,-3.1972328103205205,,0.7789017212371221,0.28125,0,1
0.91447970070199924,-0.27287224345276684,-0.29877686616777221,0.32500283110619937,0.93519753627415492,0.1406368654361464,0.24103949215208745,-0.22571288598527861,0.94390341472168626,7.4583165625691343,19.867807122707195,-0.83325637858789903,0.8692727685879487,0.4771901132107629,0.5151515151515151,1,5
-0.76161606877564658,0.62906450183387652,-0.15562395803739698,-0.62048480609775236,-0.77717399607251136,-0.10487700048398566,-0.1869212914158343,0.016686292613404239,0.9822331690867786,-34.118370007386645,15.790773317043186,-10.523168957399227,,0.2908669576702766,0.44,0,1
0.3754397128447084,-0.77684280780011528,-0.5055296964455338,0.92507277827193857,0.34780551937341142,0.15255056733301864,0.057318207572439148,-0.52492530198364629,0.84921613881158575,-11.571940406920719,-10.788548544132757,-3.5137739335684519,,0.3419326656159322,0.1428571428571428,0,3
0.11849413351745235,0.99144407241395538,0.0547520921717113,-0.99000626230777289,0.11371635113322033,0.083403789340408638,0.07646398441973358,-0.064087773874410642,0.99501056091203444,-20.407142185348238,24.333645245274962,-7.5421935503878661,,0.7389812864226022,0.2571428571428571,0,1
-0.37677207698446596,0.92606818085866272,-0.020988720921927991,-0.92398287633560816,-0.37733440127518036,-0.062244629108681754,-0.06556253688950664,-0.0040588194623575151,0.99784020751881131,10.728698298113915,-11.26744060916225,1.5980489757810257,,0.1338692350282675,0.3333333333333333,0,1
0.91020902210877352,0.32558846332847802,-0.25595251242992362,-0.31331463022377121,0.94551149367006693,0.088554829487387035,0.27083847318933718,-0.00040973796389698547,0.9626247210389256,-4.5995117234762688,30.201384076464315,-4.2248269446399656,0.8143453283314518,0.3374896169291524,0.8125,1,5
-0.22902778865489812,-0.91530747753524833,-0.33129819436862223,0.96948837485985984,-0.24504318724688309,0.0067917152088485862,-0.087398873193173451,-0.31963425653698485,0.94350165819282694,-17.959123706508286,14.835513105298864,-6.2099854747894669,0.1671195312873266,0.1842854611230721,0.5694444444444444,1,5
-0.90763839867813112,0.33694826644370357,-0.25031660549308488,-0.34437289009910266,-0.93871455141063631,-0.014909846904609282,-0.23999968710352357,0.072669503304414851,0.96804922058731102,-14.832206524145164,7.8439707231930456,-5.1411977363789525,,0.07775656146074002,0.32,0,3
0.16787926045231868,-0.85650742630377519,-0.48806923955158771,0.98579871317485435,0.14795664107337023,0.079433805555861756,0.0041774409371213789,-0.49447331682181639,0.869182770157375,-9.3392431332253008,-14.991823749445153,-2.825579868933505,,0.2485680256705649,0.125,0,1
0.65437424279878709,-0.68381536319090452,-0.32278615122957782,0.74092455888230913,0.66511479953111508,0.093022048406485966,0.15107994045063788,-0.30003141920267978,0.94188958964660841,-9.9635271317626533,-9.3486085800763288,-3.2277238197533822,,0.07768688120916419,0.35,0,3
-0.42523608948329289,-0.85263806433189837,-0.30361587483745017,0.89054531316760177,-0.45404377668381851,0.027808165166233113,-0.16156519859231616,-0.258558658928778,0.95238863207032087,-9.2232788603145934,-6.2190388830542407,-3.1423431204779275,,0.1170616489719186,0.4545454545454545,0,3
0.53350274797071418,0.81673920724134452,-0.21979964800352972,-0.82399580562074215,0.56051769640149585,0.082769706657590161,0.19080285696791699,0.13695612208126981,0.97202741236929124,-3.6999813740884941,-11.078064867681565,-1.6401634350453971,0.3086884095439691,0.1787787771116607,0.3863636363636364,1,5
0.071311148032749461,0.99361538946465944,-0.087425270861719223,-0.99611750993231751,0.07547747538089021,0.045310673316193699,0.051620021043108796,0.083854686983619475,0.9951400730039911,-4.9805580792703132,17.236160396381123,-3.558691211239172,0.561920742431005,0.4828386759388508,0.3103448275862069,1,5
-0.5682719066441636,-0.69381098562518362,-0.44237241815558342,0.79951695651358223,-0.59267445136906893,-0.097517336620886588,-0.19452423079468864,-0.40910061222171779,0.89151388812152021,-11.16995513595624,-12.023780127761954,-3.3931700804663198,,0.3570196111562725,0.3225806451612903,0,1
0.94278564632878226,-0.13134104732549648,-0.3064388264627389,0.21158647419749679,0.94602544380248998,0.24549342886312064,0.2576555627443175,-0.29628599184865589,0.9196891985998128,14.255533050009415,21.385292709607306,0.61570441644016338,,0.2503241370622301,0.3333333333333333,0,4
0.7562019718450973,-0.52966858873635858,-0.3842001612227931,0.64364087633137979,0.70785386368155079,0.29097994773948493,0.11783463027887635,-0.46732653870407803,0.87619684211363469,12.129499448748337,-10.122008550098736,1.8172595949229082,,0.2929979206161105,0.3529411764705883,0,3
-0.25647486036863926,0.94573396603545279,-0.19951920079465979,-0.96624243173633551,-0.25608574668862949,0.028207329813009861,-0.024417393618891167,0.20001838872908612,0.97948784324211002,6.6310441821652635,11.229068988509027,-0.42471006791386634,,0.09494234729108582,0.3783783783783784,0,5
-0.89772106911004756,0.41339830104254927,-0.15231128248113202,-0.37202553446639625,-0.89650870155480866,-0.24056007511950814,-0.23599551644238004,-0.15929216155117285,0.95860947391909801,14.978753167908049,21.062259401329417,0.76485696656625979,,0.4816804258313958,0.2857142857142857,0,1
0.41260284478567244,0.89665464601114875,-0.16052830984406985,-0.90302753772280364,0.42576537613404086,0.057141146293460787,0.11958327052335646,0.12138488485829736,0.98537584257930633,16.652203313868291,9.6487489172674881,1.7784288779766046,,0.3400720797477664,0.3658536585365854,0,6
0.60035462759195002,0.77523585625521063,-0.19642731048706624,-0.77827017577060575,0.62286701658002885,0.079575204446393447,0.18403764461360111,0.10510017522794848,0.97728404188963069,9.4314437213902256,6.480338033689705,0.43977783563079348,,0.2315259266092256,0.6190476190476191,0,5
-0.78558560369725261,0.57742190104478119,-0.22234929156049352,-0.58224828934138195,-0.81146288803953859,-0.050148887261479348,-0.20938526410102742,0.090066250773310805,0.97367647689003012,-6.6123817356321304,19.532145955136482,-4.0487836297725179,0.5639386846017177,0.3633287442534489,0.5087719298245614,1,5
0.52532012542321382,-0.79413411503600817,-0.30559740372149002,0.84367332968808451,0.5328280674353657,0.065647264422173279,0.11069814180174925,-0.29231020832169013,0.9498950802654843,1.3111224100633625,2.2198337476614061,-1.1091137671898528,0.1587631515864175,0.1298166256969941,0.5960099750623441,1,5
-0.23263841590565776,-0.91424184288533861,-0.33172461494819189,0.96660249076293248,-0.25505277675523907,0.025054059957169132,-0.10751275410760089,-0.31481730223585569,0.94304351644934004,-3.1226762000615271,-5.1176736078920868,-1.7431763166957197,0.8715370388813608,0.3409063671446361,0.5163043478260869,1,1
0.95676516387699828,-0.030459068386619124,-0.28926227950502287,0.057957276430242122,0.99452295011252601,0.086977329277627108,0.28502872714905636,-0.099981732594007014,0.95329023799013668,9.616375003856664,8.9852732268628817,0.28493695098585914,,0.1137983786889597,0.1891891891891892,0,5
-0.84150826718857263,0.48647627830934503,-0.2349567340928399,-0.48123411067267297,-0.87263302003041643,-0.083218646213904207,-0.24551490174400073,0.043040016204482036,0.96843687973287695,-3.1651875173264359,22.330149264747615,-3.4433728430816424,,0.352681045441737,0.2173913043478261,0,2
0.91137534434411782,-0.25617666006613687,-0.32213118532517093,0.32758926474200784,0.92532371358794463,0.19094841894502876,0.24915909645732665,-0.27955239921913472,0.92723794181611985,-14.516393270648839,19.521443744673469,-5.8686984640464193,,0.1121179635350487,0.3,0,3
-0.81051926355769111,-0.48556137904856622,-0.32754949332635652,0.52929895116124337,-0.84667469449079069,-0.054631328086861879,-0.25080100418759477,-0.21765134707917896,0.94325327850642182,11.011029252366866,23.681010267766997,-0.24440304539348945,,0.4807602379060604,0.4375,0,1
0.83808000777681702,-0.42426584681160884,-0.34295829454037041,0.50201986373142449,0.84582744864888482,0.18042168254176269,0.213536781337298,-0.32337968139842521,0.92186095734376394,-9.2399179882592861,21.355099105754455,-4.7443214540851582,,0.09256501409936373,0.24,0,2
0.8350924617994756,-0.46694631166167011,-0.29082936968479067,0.50719174863618544,0.85826363560017116,0.078358547215629029,0.21301903755546991,-0.21294288866251879,0.95356080865721538,-4.9254394954259997,8.9932602474048622,-2.8818155446853395,,0.08102357811773193,0.2773109243697479,0,5
0.62070340982264272,0.74964584390488154,-0.22969193662530299,-0.75678027605433973,0.64941750662672482,0.074434641544409028,0.20496558445178387,0.12762449139121193,0.97041284945505168,-9.4269056454030391,9.8027162003675414,-3.9752776778928949,0.3665424262120155,0.2767627140416795,0.895774647887324,1,5
0.058632356102135533,0.97273845834339079,-0.22437053834591456,-0.996301353197935,0.071161714293495118,0.048162475380462914,0.062816084197242661,0.22071679156451632,0.97331302132848829,6.357952027030179,7.4187623573166022,-0.2375153525998438,,0.2622386341791333,0.7403100775193798,1,5
-0.44158579432053652,-0.82147107852408208,-0.36081470785263553,0.88249604540731674,-0.47022417368997288,-0.0094845304591149454,-0.16187253038965077,-0.32260578672129264,0.93258929346159014,-1.9454513529299351,19.958437363403313,-2.9628175976130602,,0.2046720045762099,0.5357142857142857,0,5
0.7931611845507851,0.58844036119641685,-0.15694991760758112,-0.56459597623442992,0.80709144193762816,0.17272749627934722,0.22831276561306635,-0.048387453601852676,0.97238466431348158,-13.880402454950104,29.761335154726456,-6.4396037809317583,,0.2204066420613468,0.3043478260869565,0,4
-0.47629226998138197,0.85796641702260634,-0.19245597111384388,-0.87414577369147106,-0.48566057878327473,-0.0017229489932187334,-0.094946510695871275,0.16741394648381214,0.9813040969186837,11.581549915995478,12.373166414319579,0.5047569559927596,,0.1183698790436798,0.3571428571428572,0,5
0.91121061026936834,-0.28654345763962813,-0.29595281822691361,0.32552385761205083,0.94114093652882302,0.091038210192312174,0.25244690898859357,-0.1792946861275507,0.95085433882826054,-12.121784980960548,18.491535188485489,-5.219632074218107,,0.3211840015076847,0.2758620689655172,0,3
-0.37077972207096471,-0.8458355929414898,-0.38351603279953844,0.91643724841485164,-0.4001635358278306,-0.0034517113993356636,-0.15054955137360557,-0.3527482024151038,0.92352776800382086,5.0384880556559342,2.0346987839723112,-0.29543311664896493,0.3538632031628384,0.1731979148973114,0.2037037037037037,1,5
-0.30692052896742311,0.94938909383735681,-0.066784260129465409,-0.95110538676473688,-0.30851366699734228,-0.014760099693212613,-0.034616934662933939,0.058988691954779134,0.99765825915290596,-8.540815193996,-5.4288617649926092,-3.0173298928737826,,0.1936238567908708,0.2758620689655172,0,2
-0.27221393403799216,0.94423355168517664,-0.1852635257884189,-0.961616449641578,-0.27386086123072412,0.017147374862987671,-0.034545302058100913,0.18282020828661844,0.98253925801860531,-25.455403467270624,12.25528192514119,-8.010463815776788,,0.1131373357847824,0.1052631578947368,0,1
-0.3621644505609764,-0.85082354300573737,-0.38070488493980625,0.92077371423717225,-0.39007486228518273,-0.0041676111957208457,-0.14495750384077763,-0.35205241155311057,0.92468720203098487,-15.921617780865938,8.2450102887058314,-5.4373159634999508,0.3082276003770343,0.1789483528087862,0.1944444444444444,1,5
0.90467744449165866,0.36951073688281538,-0.21218043443343176,-0.34057020603272814,0.92631790420152382,0.16108095827415669,0.25606767892661919,-0.073463975416624097,0.96386326215138973,-10.283191518436032,14.666525156322708,-4.4069694008594089,0.1407809740297906,0.106105191512718,0.2608695652173913,1,5
0.092582733607229281,0.99179889711227232,-0.088110073911521702,-0.99568557994027485,0.091665134456784314,-0.01441280763830193,-0.0062179849478623686,0.089064307171283108,0.996006468779841,-10.634252040677485,25.570863433380698,-5.3105906524256579,,0.3638138954190845,0.1333333333333333,0,2
0.82439243391083394,0.51719105183646796,-0.22997941388493964,-0.50597734473086364,0.85548770413783848,0.11012590380140393,0.25370069280488239,0.025577411308792253,0.96694454572176214,11.581710949021078,-8.0291464405066399,1.5386562938084321,,0.1112839483762225,0.1304347826086956,0,5
-0.93168195631181028,-0.22604268055842874,-0.28438255721643663,0.25889361361663943,-0.9623088863112168,-0.083280875085372935,-0.25483882967773536,-0.15121611651020364,0.95508683217603663,16.925129418642637,11.133510926619278,1.7874547168012982,0.4154553723738116,0.4142004376803911,0.4473684210526316,1,5
0.79597276512411752,-0.50428420324232415,-0.33485041367888407,0.57179254905766685,0.8079348011069426,0.14245925032239748,0.19869735283289774,-0.30485865498709108,0.93144004769854061,-13.655025799577665,-12.61319158791903,-3.9192462440972826,,0.2858327993725459,0.4285714285714285,0,1
0.92674760674383772,0.29990203799868381,-0.2262689572142077,-0.24836197834421597,0.94097641930190923,0.22995587844346319,0.28187798975357425,-0.15691445415255295,0.94653190805724574,9.4591107678703139,19.980863668077813,-0.39713540691018118,0.3539459101256773,0.2252213961676281,0.6491228070175439,1,6
-0.85797594731288174,0.46986970937608896,-0.2076047447516412,-0.45651745086866535,-0.88273554119022468,-0.11121951884439206,-0.23551876970836119,-0.00064848317794099076,0.97186958414420466,5.7800186626737862,12.002215666017001,-0.64196298247510031,0.5368087605947671,0.5374187918923351,0.3381294964028777,1,5
0.93599319013590554,0.26529048044576137,-0.23138217088632415,-0.22153555869958422,0.95473754664980703,0.19848983160044045,0.27356670895939456,-0.13452575218881044,0.95239911683451339,6.8477392127219732,6.3456978649481437,-0.093494932284842291,,0.08150749440994023,0.25,0,5
-0.45332257638194057,0.85845240719683091,-0.23991270562520575,-0.88717242229614679,-0.46056653495878769,0.028347133774756533,-0.086161098296318295,0.22569433190495222,0.97038050974159107,9.7924695042497429,-8.5544618421798138,1.1833382900233156,0.8782219569849148,0.3210795952495022,0.3225806451612903,1,3
0.95083691303538198,-0.11696307300491923,-0.28675565271253323,0.16857619785687669,0.97221466336504858,0.16242140823827458,0.25979074334060515,-0.20277644806838643,0.94413477945858171,-10.147773197186732,11.134483980933872,-4.2261687878909298,,0.1113003282747926,0.3076923076923077,0,1
0.33710877004012735,-0.83254490292160044,-0.4395755472968163,0.93993913904458348,0.32420242217185913,0.10680451465189478,0.053591902878698083,-0.44917900004025402,0.89183301905047097,14.395642211432262,-10.772186599575555,2.3156963689550327,0.3260486254631236,0.1199261773946538,0.2307692307692308,1,5
0.86935118653918542,0.45395624241418114,-0.1953259952901972,-0.41331159340995638,0.88454719655132374,0.21621698320463933,0.27092811078924939,-0.10723799255109938,0.95660753276240584,-3.5785859624189675,11.539838198246287,-2.7684130502388999,0.8561476335157032,0.6665612982043587,0.2549019607843137,1,4
0.65655881847244524,-0.66286660863022262,-0.35991440239191935,0.73822850125735595,0.66261827558683384,0.12631587702916386,0.15475528364932553,-0.34863287283530237,0.92439489514017736,14.093918035779872,0.42024519757426482,1.6288872120376703,,0.07741934574974307,0.1333333333333333,0,5
-0.6139448971961825,0.75596669435355246,-0.22712556050548666,-0.77824593212863991,-0.62780120584427357,0.014103725241958794,-0.13192775421416666,0.18541845368958976,0.97376335148708915,16.194563683550616,-5.3538790822222539,2.3675644079709239,0.6148540410749959,0.7444087333935956,0.9316770186335404,1,5
0.94825864199134979,-0.12968749548194233,-0.28980459175855489,0.16791835385943887,0.97951990957667778,0.11110433465906598,0.26946052461512376,-0.15401915549216158,0.95061513001615128,1.3345294705471547,14.736899071029008,-1.8788305389814433,0.1216145475634052,0.1582595476202913,0.28,1,5
0.29470992139505425,-0.82983524643647477,-0.4738349142929798,0.95469959500814061,0.2770514934906233,0.10858707679050525,0.041167287044606225,-0.48437168964167343,0.87389319756538741,-5.2398817389592969,23.106107752987313,-3.9832963884737982,,0.7034700052376834,0.2857142857142857,0,1
-0.93657069599785858,0.25064054451160933,-0.24497887428309142,-0.24369702076511682,-0.96806902292354191,-0.05877183786529451,-0.25188706490864704,0.0046566407186092356,0.96774543255389467,-4.5999339810770516,6.8970111023250169,-2.7679663029961659,,0.07315312506880127,0.3108108108108108,0,5
0.87923213910409703,0.43435382261835609,-0.19567218081080162,-0.39634678804387724,0.89482903033280203,0.20540260485436601,0.26431055441229595,-0.1030425312697559,0.95891718494132017,11.821102002216691,10.840018346272361,0.64467131451370407,,0.08292176610111948,0.3571428571428572,0,5
0.88517629927396535,-0.36433858151475257,-0.28934463399804933,0.40375863384927441,0.9105622985986761,0.088629938298877414,0.2311750090209034,-0.19527851492295087,0.95311301366295076,-7.1279889881028469,12.20422685396341,-3.5614868193087661,,0.0783145748113413,0.3835616438356164,0,5
-0.67915713798286503,-0.61138385603687839,-0.40614697155635798,0.69928752996204946,-0.7070967647700962,-0.1049338634151936,-0.22303033956504487,-0.35528009489576007,0.9077629215849039,29.809619264176234,-3.3692699802965809,4.8439978636141774,,0.2246346657186798,0.25,1,5
0.30557469124967057,0.92067639503629217,-0.24285609667176647,-0.94385746958194128,0.32651423068992291,0.050214880975096424,0.12552762716646754,0.21387714412705669,0.96876177775447525,2.371649235826176,3.6419599110466363,-0.96783431386351515,,0.2632682436283778,0.5975609756097561,0,5
0.84231694091221798,0.51911683863213742,-0.14498233996200238,-0.47939168705590846,0.84452000803741489,0.23868298306786362,0.24634484251547084,-0.13154339159782807,0.96021380676022772,-11.487700563118825,-2.2837877211707229,-3.7693023992887613,,0.2401133192312263,0.2467532467532468,0,4
-0.61056592564684076,-0.68530324930902431,-0.39694924981099339,0.76499970354445601,-0.64002388513101971,-0.07172781914076666,-0.20490169354085827,-0.34746062071591532,0.91503355842056411,-1.8884880254704139,13.75718785910237,-2.4825586424128305,,0.3881569071153984,0.2307692307692308,0,1
0.84452405963964583,-0.44483711355942429,-0.29815944574990805,0.49070458953248458,0.86577288876226854,0.09821563468202428,0.21444840522029615,-0.22925367496368923,0.94944964796144682,-10.102929149833706,-11.729789026353163,-3.1137292759599706,,0.07407374384824567,0.2307692307692308,0,2
-0.94046107921324251,0.24636136752351365,-0.23417735816472141,-0.22949548747570819,-0.9684465838127696,-0.097175282503649998,-0.25072849800800662,-0.037646924088448101,0.96732514150792592,-17.347274360625349,18.644546780960074,-6.3647967832234382,0.324274979855243,0.1392650992375244,0.3636363636363636,1,5
0.94827568596620271,-0.14563671169280476,-0.28206944466324835,0.17847915930908012,0.97941102017592685,0.094335800469772468,0.26252316678276316,-0.13979986325192001,0.95474477486765685,10.720204713190679,15.067431768978468,0.18684467778655051,,0.07343352875521168,0.3125,0,5
0.4655876530566232,0.85363798907223309,-0.23351728187425336,-0.86883299208379572,0.49108979194124175,0.062928913210276896,0.16839646429763325,0.17358859370310595,0.97031419187201118,-1.5460905503654578,10.788234868972983,-2.2606166876269667,,0.07758057719938957,0.4948453608247423,0,5
-0.66221367049107349,0.72041446107706164,-0.20609720737017662,-0.73535746928980794,-0.67765324712321817,-0.0059555875483494787,-0.14395293319146896,0.14761124934910649,0.97851339903507062,-24.710887341844877,10.766236177514768,-7.7417059194546898,,0.2528778870475268,0.4642857142857143,0,4
-0.23782854495277711,0.95665526619831331,-0.16807226083050836,-0.97120986627792527,-0.23666651300772196,0.027209506889677746,-0.013746957847411218,0.16970463539868122,0.98539908558621148,-13.536405369834348,22.228291794375707,-5.7780087380047913,,0.2794345569354096,0.5972222222222222,0,5
-0.91243559232531146,0.37418473024896759,-0.16567159535196632,-0.35154091456668501,-0.92395780816814888,-0.1507347143518343,-0.20947619254601957,-0.079295374225850646,0.97459323226811168,8.2619330564210038,-4.8750256251335324,0.72150319596602974,0.9650658108458052,0.7094465160840822,0.2777777777777778,1,2
0.5742017480715762,-0.71446664667191917,-0.39978714749842703,0.80907224675134171,0.56990744715334452,0.1435534785921046,0.12527750016775605,-0.40588534399820447,0.90529698744620668,16.23570339641622,18.818224347649075,1.1860276398065539,,0.4203247748283372,0.52,0,2
0.60797982942460282,0.76603229901105396,-0.20869845204185927,-0.76702335709907954,0.6345830285962919,0.094760484813101203,0.20502608779686318,0.10246412391366629,0.97337834711550686,5.963329250076713,13.169456465049386,-0.68320801969748512,,0.08326274476210445,0.2580645161290323,0,5
-0.23510683259633572,-0.92336935437625867,-0.30350257439647821,0.96568351512698325,-0.25736204675709989,0.034930294888392305,-0.11036360758199373,-0.28487508190041383,0.95219013953817044,2.2554185689251933,26.657372706863843,-2.3989336720475465,,0.09825466546943418,0.4285714285714285,0,2
-0.96655276544623348,-0.06951428274759891,-0.24686740591322756,0.10513300038899082,-0.98536713726618685,-0.13415907358449142,-0.23392905727473845,-0.15562573466469937,0.95971757661961443,-28.052190880361945,12.901102267271167,-8.691356990546053,0.9086704182477553,0.3802270899739447,0.5,1,5
-0.95933817759800732,0.21576804656335485,-0.18197365492062156,-0.1667298381346472,-0.95339472572590445,-0.25147496502360445,-0.22775298478511735,-0.21090909662758175,0.95060293018757769,12.294558776056819,25.674239558556327,-0.073688919132972069,,0.6926775892394264,0.3,0,2
0.76231196429732562,-0.56517468553884476,-0.3153696940341924,0.61977315063213123,0.77783953018998986,0.10414848548748325,0.18644492710898186,-0.27485130543601771,0.9432364756811743,4.5290118278676301,5.0326324659198312,-0.48519978479503573,,0.07442774513637121,0.189873417721519,0,5
0.6920314011384624,-0.61386347268666952,-0.37982124313866455,0.70122365186291136,0.69659433273352567,0.15179501201152129,0.17139991221228895,-0.37138655401696774,0.91252073816928836,-0.7820559983720472,-9.7757368398042637,-0.97427186567497126,,0.3912912011466071,0.5882352941176471,0,2
0.92904233938223191,0.32375509976192052,-0.17906134985903382,-0.25083762045999847,0.90695679427075726,0.33839305768304084,0.27195738599485791,-0.26946615502556337,0.92381122070398314,12.919455305854202,12.42324946229972,0.76370095957121364,,0.5832549982271205,0.2068965517241379,0,1
-0.50619025151766273,-0.78658378634774484,-0.35363452365872283,0.84822437931281669,-0.52817454045929813,-0.039332647380991098,-0.15584232931996789,-0.3198712270046431,0.93455634743265859,12.982347317607536,0.011427564050721886,1.43648042208863,0.1411932068440877,0.1596149426260849,0.3225806451612903,1,5
0.95427356359008508,-0.090584126346687471,-0.28487976742318477,0.14438175853010513,0.9741220595274438,0.17389686870604137,0.26175536983381054,-0.20707662638747795,0.94265762457381463,-4.5472695564347125,10.550500298018733,-2.9200078952699449,,0.1491092111526258,0.2967741935483871,1,5
0.95853329993857117,-0.059409655033048493,-0.27871922394719528,0.092444380949794666,0.98996181713070774,0.10690948065571965,0.26956993404250751,-0.12824232340425146,0.95440345616945321,0.24006373905958214,17.339732709356735,-2.2827115418244817,,0.08771794798375157,0.4,0,2
0.4813877144443815,0.85118614976282714,-0.20916024200107675,-0.85932129631711218,0.50533793342291333,0.078743144080847025,0.17272167807745628,0.14182986813712262,0.97470585841386737,-12.78366867862929,18.618311256472364,-5.4042915422684299,,0.2075688294593818,0.2,0,1
-0.22537261036228159,0.97093128192381273,-0.080620296949794529,-0.97421818159291651,-0.22546206985149644,0.0081110857516239979,-0.010301512135724713,0.080369775662625542,0.99671188314761106,24.053820346213371,-9.2395548984786018,3.9898674409176471,,0.3111532301491119,0.2,0,5
0.93196695048541878,-0.22053725452051087,-0.28775149447303411,0.26264699617479015,0.95782502515794177,0.11656661864164959,0.2499083003889005,-0.1842133017720041,0.95058471523951382,7.9810040352750899,13.001672542980927,-0.30629189125215683,,0.11195782933181,0.24,0,4
0.13263913922889725,-0.93655009748950047,-0.32446998880794037,0.99085204954655237,0.11707329185880376,0.067127194509678592,-0.02488121086310131,-0.33040544672530908,0.94351108425934016,-7.8000276383846359,18.951403671816742,-4.2688858110041625,,0.1613375266656984,0.7457627118644068,1,5
0.9608124707292075,0.077439506886130369,-0.26616257975994423,-0.050450508730616031,0.99300062523192911,0.10679187449342821,0.27256951821518438,-0.089178927231891858,0.95799424668299116,1.3273873573360695,-6.1405999775843139,-0.75413629193789344,0.4838752335342949,0.4254290739670985,0.9318518518518518,1,5
0.3578907853530236,-0.86217644205628474,-0.35856096904510054,0.93085575089610173,0.35970429508986818,0.064190272764302739,0.073632579630558956,-0.35674164721415202,0.93129675203980122,12.77124050084258,15.267598068211328,0.63551678482553198,,0.1536126761857971,0.3125,0,5
0.58715684374468202,-0.75304865261826248,-0.29692518861423894,0.79892835540074558,0.59812788074923007,0.062900883992942275,0.13023180786751742,-0.27415463713067661,0.95282680018946986,10.529847859249626,-9.0893762489684349,1.3919595191018703,0.3091126969562902,0.3552769914364361,0.9072164948453608,1,4
0.72872395943995216,0.65149929163333442,-0.21097408357289446,-0.65457195896624043,0.75320220325846066,0.064976853891975342,0.20123851886072328,0.090747528935305272,0.97532965940695082,6.7139448531254429,-8.455202853323291,0.55346150825991347,,0.1303517245266531,0.3636363636363636,0,5
-0.74994846513169366,0.65333518856044925,-0.10358779385283791,-0.63568505179333279,-0.75511158696635328,-0.16034651900076355,-0.18298036663293546,-0.054402413713334333,0.98161018882703077,-7.7023179737887002,14.613783309565777,-3.8319892908825288,,0.2549498286822876,0.2272727272727273,0,1
0.72741607782692841,0.63890525897556749,-0.25033161960138173,-0.64559913148803683,0.76083323237321421,0.065837329368824873,0.23252443127718994,0.11372274429457539,0.96591900607107328,-8.1251215832052548,-3.9457674330837516,-2.9292649687373924,,0.06949258473093742,0.2769230769230769,0,1
0.92954398477606492,0.22052152562150448,-0.29549659406530809,-0.19300126745644539,0.97387547466400082,0.11965396194097103,0.31416316004082806,-0.054192403393186685,0.94782102334123708,-9.230386541122634,-1.7732206901499306,-3.2897460576258908,0.3922951244517932,0.1681675537520029,0.4198473282442748,1,4
-0.81427323167301602,-0.49370234294590781,-0.30531475685021264,0.52670042393552174,-0.84948294664757662,-0.031070673972292635,-0.24402001476707769,-0.18610942997245514,0.95174445754540826,-4.9877317304808475,-11.060383282476423,-1.9234641068325267,0.2941995407161892,0.3396543514557669,0.609375,1,6
0.67727627232754539,0.72689015939231827,-0.11369937168126422,-0.70178734552074284,0.68466781474380201,0.1967854291376667,0.2208876922987188,-0.053485321655164578,0.97383158079741372,-6.6906273511892991,-2.509001869496827,-2.6491086251750615,0.4127485798834224,0.1974265672074616,0.2549019607843137,1,1
-0.12751808848967025,0.99151142609595821,-0.025381667185192171,-0.99129191068121603,-0.12655865406118505,0.036376570759290683,0.032855515913237973,0.029799312129317673,0.99901577368462746,8.4438768481323052,10.10615421471017,-0.0060014566950031848,,0.3546155121537401,0.36,0,4
0.60531044504801024,0.78377288484142349,-0.13892202886199084,-0.76916281736893088,0.62086118346124075,0.15139336593191854,0.20490931041040547,0.015213673404530908,0.97866271955596218,6.0249889903290637,3.8869674076787737,-0.17187767414239097,,0.1335356229013846,0.576,0,5
0.96209698597693749,0.05664498668856692,-0.26675969533860466,-0.030884767907397095,0.9945287118223709,0.099793649458480418,0.27095298611640972,-0.087772358086062235,0.95858254337882309,2.8279569272945131,1.1761162378157717,-0.67516383684611225,0.3333829734465546,0.2784567289103986,0.8822055137844611,1,5
0.4649213904097228,0.88497163894041131,-0.025948005908218087,-0.86916485409595745,0.46180378181209253,0.17688901466287482,0.16852464847565637,-0.059686391875972133,0.98388870177524901,-16.504476010496735,27.715959913282987,-6.8529340284020019,,0.67396126373169,0.2173913043478261,0,1
0.95157395167970638,-0.016149587191938684,-0.30699544836723236,0.099954113815573314,0.96061383750009199,0.25928792940414763,0.29071668272737894,-0.27741709759291483,0.91570932306442754,-2.5794046049020731,21.24194183304671,-3.2428548414863059,,0.3938100585880128,0.6363636363636364,0,3
-0.89632484716251293,-0.33814594877367876,-0.28680844772608599,0.35062622254383247,-0.93647836709822008,0.0083378667352469547,-0.27140932265443873,-0.093089125492726105,0.95795166594732684,13.570761891357055,10.013808593365628,1.0716082407008329,0.1283868754573848,0.1132307521850161,0.3666666666666666,1,5
0.72961219285658452,0.64803796938304892,-0.21843268590781056,-0.64067739858211203,0.7594385119125836,0.11307350516393191,0.23916211861635461,0.057445076916082902,0.96927887842304794,-16.094377365034802,21.879240683401356,-6.35689657970517,0.7571179240618445,0.2966596738587174,0.6428571428571429,1,4
-0.96394765615328271,-0.011233369223812198,-0.26585471147315476,0.051226617856558063,-0.98825348097465293,-0.14398225920042934,-0.26111443816758007,-0.15241019899390917,0.95320007418330932,-11.886339300260891,-7.0779484883225257,-3.7372954587073073,,0.6541594323794822,0.8043478260869565,0,2
0.89358256998551111,0.41551829928703077,-0.1698668112837288,-0.36101018961202602,0.89009586142386865,0.27821035292093199,0.26679923840666669,-0.18728027240933345,0.9453804873974857,9.5790820044590905,17.869841122762562,-0.23136337460069362,,0.2819076823962103,0.1724137931034483,0,1
0.65633547504806822,-0.69101215428784968,-0.30286291753843253,0.73877847814493092,0.67007287513367142,0.072171339463493411,0.15306895316584129,-0.2711172156772042,0.95029750654211109,-15.262761144878588,22.92260409609375,-6.2392955853219751,,0.0913852960415673,0.4444444444444444,0,3
-0.26704365621962911,-0.86124988447713002,-0.43236133286983747,0.95648445382147274,-0.2916162112381766,-0.0098729398321755878,-0.11758050548747927,-0.41618339927395104,0.90164638461987268,15.495585743416489,-11.339739699735338,2.617721858731052,,0.3332664728168597,0.125,0,3
-0.52234468306753123,0.84096591228530015,-0.14118203301140031,-0.84446300458765,-0.5331433472156144,-0.051384873285121542,-0.11848318848629025,0.092382388440017837,0.98864919377514238,-21.755608218969396,25.674134952209499,-8.0337077867977325,,0.2535775541154789,0.2631578947368421,0,4
-0.32962687321939188,-0.85105587097486168,-0.40871754174591673,0.93550366976836763,-0.352753211695012,-0.019951327995128356,-0.12719673070296328,-0.38893325406562013,0.91244282866402338,-0.54586854869027746,12.088361427021825,-2.0742261522792935,0.5632555662851229,0.3242190644888329,0.2777777777777778,1,5
0.93594158734628619,-0.17562356832381759,-0.30523713293916782,0.23453181208493903,0.95743547790402272,0.16826210140982537,0.26269406958640823,-0.22907131618756824,0.93729299469494942,-15.31512769414166,10.459236501687844,-5.3752780413022272,0.3718907738896866,0.1820420851324396,0.6742424242424242,1,8
0.93830532499145936,0.2286904142948851,-0.2593912325085479,-0.21185090935874662,0.97300830014889572,0.091509781145111324,0.27331723197877922,-0.030911846450639081,0.96142714152059805,-13.850912224949413,24.754681847995862,-6.0691641962748504,,0.1058143746621119,0.2307692307692308,1,3
-0.77690013865989904,-0.55816066031955691,-0.29134661800313705,0.58075347386699039,-0.81400725399921847,0.010844031910458176,-0.24321097249436049,-0.16077583060985354,0.95655609095863225,-1.8157269974027299,-4.5574406784882209,-1.4906363249762333,,0.06524196163194795,0.1619718309859155,0,4
0.72168280354664172,0.68813447264601357,-0.07513240726379182,-0.65238078410934364,0.71241778474134876,0.25857341802495387,0.23145894579803419,-0.13759305048011139,0.96306537102610046,5.94247837598021,6.2322320891014513,-0.26225780781061925,,0.09265340851901997,0.625,0,3
0.88557077357821934,0.39487604141439564,-0.24461667339118728,-0.37899085977851354,0.91871731289711822,0.11101543670788194,0.26857090905088238,-0.0056045427998369923,0.96324361192358177,4.4922261929485972,22.640496266362582,-1.6956636544531736,,0.2114861361922853,0.4285714285714285,1,2
0.82440085715615308,0.53584517496319661,-0.18229968510356948,-0.50545521565084373,0.84191745896311465,0.18891801731028782,0.25471209569150466,-0.063599848755736682,0.96492321329040909,-4.334587352153453,-9.2309403294822268,-1.8669621348231589,,0.0836545824905119,0.2941176470588235,0,5
-0.82716903370428951,-0.48196147702246628,-0.2889714940042255,0.49984918653589366,-0.866006120646171,0.013571651438729898,-0.25679209567297201,-0.13321611640372835,0.95724149822821147,13.375935858477972,11.56391164732414,0.96825870847603224,,0.07405990072429142,0.25,0,3
-0.71647580184029325,-0.61834100889926358,-0.32298114819715074,0.66252768670082141,-0.74809924546658935,-0.037477770573743019,-0.21844791079835768,-0.24083586868604245,0.94566304497007436,-14.244332035682195,18.191732693266896,-5.658822855045325,,0.1439367475422724,0.3870967741935484,0,4
0.8006189886351498,0.58430025203383518,-0.13267422699991938,-0.54511734918792909,0.80221956335882483,0.24349712067846108,0.24870928943478299,-0.122625395565407,0.9607844199981973,10.841125926949241,-15.270158292692928,1.8600701135801747,,0.2839591131787479,0.2,0,1
-0.57994294865882945,0.80787690666407797,-0.10488603329225264,-0.80647395434701219,-0.58754200152380998,-0.066288440962878295,-0.11517785056509755,0.046144340110967054,0.9922725243676398,-22.465290272453451,3.800170209266454,-6.7142444508918846,,0.2447075294341247,0.2222222222222222,0,4
0.89525996224531723,-0.30943247865256834,-0.3205637864067627,0.37851648674376825,0.90774858120903013,0.18088057545283071,0.23502099749526115,-0.28327381535877999,0.9297962552454232,-9.4067268563986985,-13.342209327273867,-2.9256528118391252,,0.7025574002192435,0.2,0,1
-0.43547648920750032,-0.82202331602147649,-0.36693036841417942,0.88559351370696748,-0.46433569009885078,-0.010793302579404453,-0.16150651945867836,-0.3296513837639386,0.93018579292250214,1.1803787161083636,-9.468638730905159,-0.55943440732563676,,0.1064842120900343,0.1666666666666667,0,3
0.97507618088463022,-0.0097182730581768292,-0.22165738571094562,0.053284067635421622,0.98005914834335928,0.19142850854748178,0.21537699414670083,-0.19846818615903206,0.95615016052661739,1.6008574838637739,-10.704846082484313,-0.43431910756389508,,0.3547837574005163,0.3636363636363636,0,3
0.78662726050780141,0.566791373753329,-0.24487770757013799,-0.5181121230745861,0.82167727601673424,0.23750006737023185,0.33582343716473528,-0.059949918403061929,0.94001522665025483,-11.288030499794088,-5.4788763145705035,-3.6334979985825613,,0.1247413161345342,0.2380952380952381,0,2
0.83164293862383765,-0.38848839545147962,-0.39679565173605674,0.51355603900131852,0.80989734835737692,0.28341926527490252,0.21125865057408544,-0.43948043383434493,0.87305597233762278,-3.3843177126766535,-7.7632232457312869,-1.6820995048546801,,0.3413069191264559,0.391304347826087,0,1
-0.10254131285111748,0.99102090892205108,-0.085806976628252304,-0.99462211886192164,-0.10088513923168882,0.023431375393358735,0.014564334155428672,0.087748200901869897,0.99603621089250305,4.7117342180138113,18.758336313600562,-1.3743204754995251,,0.366382942853449,0.1363636363636364,0,1
0.37448208806325761,0.92666312068104695,0.032536540834052434,-0.91580287268414817,0.36414459451426801,0.16942199582551534,0.14514910989477037,-0.093242560323613818,0.98500637604081176,-13.933857659852036,-5.1626057164029948,-4.3136983566832043,,0.3024173041498687,0.2222222222222222,0,1
0.28449845800993623,-0.81823160612374124,-0.49955747029759329,0.95772218085160965,0.26582313199631513,0.11002857265504232,0.042765075643624424,-0.50974022917151807,0.85926482941486848,5.2185842003313017,-6.9525933058735498,0.13728065871623624,,0.29263560398238,0.2692307692307692,0,3
0.14970122201951522,-0.9037222822925931,-0.40109298250372133,0.9887307143801024,0.13639622341195456,0.061706115421149205,-0.0010576234092663837,-0.40581043200837363,0.91395665909598867,-9.41898326512705,0.73831210320890661,-3.5391852883072366,1.16477851926139,0.6445385817157714,0.50625,1,1
0.24155714738109371,0.96879441572121117,-0.055565498436586216,-0.96217915971867429,0.24655276510512414,0.11585766535747165,0.12594208650080008,0.025477717449079468,0.99171037947649343,17.835807899558393,-8.1752179270228424,2.7912800940238629,,0.359007956193678,0.25,0,3
-0.93040401853764543,-0.20350091898088474,-0.30485363416390043,0.26158716438067903,-0.95125501629796605,-0.16335865266104835,-0.2567499127950727,-0.23173534461081438,0.93828471816279235,28.587940832040953,0.47093839337684335,4.6923118306001328,,0.2720990332234041,0.3333333333333333,0,3
0.22574044704572238,0.967196590730387,-0.11649895041207459,-0.96844116427049698,0.23576811553724772,0.080840008921452627,0.10565491902416506,0.094573519420251398,0.98989539220589651,-27.01318418923389,11.959972728821402,-8.345502140215741,,0.9670152764198312,0.8260869565217391,0,1
0.2859709057542425,-0.85759593011876101,-0.42749252824562489,0.95746087600724339,0.27369510474470354,0.091431179333030063,0.038591605013799261,-0.43545402774865222,0.89938338751610036,-7.8293361282592553,-8.7029902266823385,-2.7296299919237113,,0.2320923212794505,0.125,0,1
