axis_00,axis_01,axis_02,axis_10,axis_11,axis_12,axis_20,axis_21,axis_22,location_x,location_y,location_z,dbh,dbh_approximation,score,reconstructed,number_clusters
-0.61733558828408885,0.73755651337507189,-0.27369172624678723,-0.7628268344489213,-0.64626315989408301,-0.020955877656493687,-0.19233302390015297,0.19584258408661639,0.96158914832463716,-21.610319251780862,19.301500737139083,-13.685713429031612,,0.1644940642264872,0.25,0,1
0.36605428370465681,-0.80678862202625812,-0.46378484316592505,0.92735885537020335,0.35776893917763553,0.10957618138160664,0.077522994962373346,-0.4702058118831372,0.8791454258104191,4.192403113469866,-2.5760022311020272,1.2941648879137031,0.7116577748599138,0.6879291977855111,1,1,5
0.12550173466505865,-0.90326119524103055,-0.41032734221327055,0.991837595246437,0.10484315190485009,0.072567886523047548,-0.02252774404654407,-0.41608548000429146,0.90904640919909718,-6.5404464705420189,-13.693209323891859,-2.160760854023319,0.4457602790432802,0.3866099741303527,0.9466666666666667,1,5
-0.82404052380449255,-0.35159238985473007,-0.44422967767165056,0.43171313280589041,-0.89745790098936284,-0.090515672204830408,-0.36685281257057667,-0.26636836776916312,0.89132873091864995,6.765691334055532,14.539869675785743,0.293520123291654,,0.09322025079029089,0.4761904761904762,0,5
-0.4475493576437321,-0.71231244757747125,-0.54065751589973754,0.86048259279349815,-0.50761829230660549,-0.043512949970146,-0.24345282904920537,-0.48470057390302079,0.84011670242057501,1.9373411818468258,-22.677955419302901,2.4860821057867653,,0.1897807779495875,0.3333333333333333,0,4
0.71275677844256746,-0.53258110302660466,-0.45643744750309201,0.66071078778585957,0.72823775564739746,0.18201930159472141,0.23545494194762953,-0.43130863653375456,0.87093847679605485,19.33007875807106,-10.936860926947357,8.9007299764456267,,0.2183201389905277,0.4782608695652174,1,5
-0.39728629498147178,-0.77138968750875725,-0.49711321630493388,0.8888089446252927,-0.45827722685620026,0.00080205926403056449,-0.22843436644683565,-0.44152002598991114,0.86768531558157658,-18.10822367155621,7.6530990067275262,-10.774464983962588,,0.1195455931640196,0.4117647058823529,0,3
-0.50386198198436472,-0.76204653917366749,-0.40670403888359152,0.82221064570290081,-0.56743479025240673,0.044580409419696418,-0.26475036771194194,-0.31193401697257245,0.91247159509310138,-4.0822042808166472,14.848935685809449,-4.9855449404971353,,0.07786336893474767,0.25,0,3
-0.3588235557064049,-0.77705451456717389,-0.51713821872008969,0.9084158621166013,-0.41806227450148709,-0.0021345007837719242,-0.21453735647939096,-0.4705424699529448,0.85589923860546679,-15.109686875818147,7.0765568954582365,-9.4115140083936595,0.7883076036857826,0.7696344813348783,0.3701657458563536,1,1
0.90227665239602517,0.29470563926646659,-0.31471483715510717,-0.21874383095257993,0.94190408739713716,0.25488787057205187,0.37154808431912484,-0.16113744545917691,0.9143231073912983,1.8336077857219995,-16.423990891718148,1.8979181329259034,,0.7796574760484928,0.391304347826087,0,2
0.14722641878881954,-0.83047491715312372,-0.53724835373421975,0.98833323938949114,0.1020962544811774,0.11302107210068169,-0.039010120846928328,-0.54762009349586938,0.83581723102068284,-11.772872207350293,24.74207251509122,-9.892614343252605,,0.2209673022363418,0.3076923076923077,0,2
-0.076314135670013078,-0.8849847071660818,-0.45932365580176987,0.99231937327788478,-0.11239110715205569,0.051676885069831618,-0.097357147217470894,-0.45185208543869637,0.88676450017486408,2.0100438928197972,-14.080205489427442,1.7086240402551989,0.8608321910774921,0.3961634075790523,0.5849056603773585,1,4
-0.12750684751100957,0.93851566138971576,-0.3208276128453269,-0.99155652703035568,-0.11291628785076246,0.063761788255234195,0.023614773793236194,0.32624877818044085,0.94498892966767944,-12.272179731736582,9.6754084369576674,-8.3107500140715178,,0.08410201382673879,0.4285714285714285,0,4
-0.68536168694813759,0.63463095138093706,-0.35710350546155323,-0.69287432010392536,-0.71920736123440776,0.051632819860655169,-0.22406368425991241,0.28281500507499002,0.93263665931610673,8.9282609216024138,-6.0105986297357976,3.9055297871585819,,0.07321604193650724,0.3142857142857143,0,5
0.83686129761485883,-0.32816966810479248,-0.43814134419199274,0.43929367994337964,0.88016310236497619,0.17981650646440914,0.32662552153219654,-0.34295419835781527,0.88073729710542548,0.086543310311489971,6.0370579625358429,-1.915878672064917,,0.205392807081611,0.1206896551724138,0,5
0.61450697286775169,-0.60229092912101345,-0.50953588391344817,0.76589290294429857,0.61033394602803803,0.20223880820801668,0.18918044697184622,-0.51452707511305007,0.83634481373363123,5.5800310692293298,-13.874679431861241,3.3197648145229413,,0.1331846506811678,0.28,0,4
-0.71465056818849071,-0.57759781724719172,-0.39453178186192689,0.61366227990286959,-0.78841505550483704,0.042665049838438267,-0.335698036354518,-0.21161867064270157,0.91789126078372507,1.0878468943850264,-10.818391028360542,0.91622877577822159,,0.06977060918302813,0.2,0,4
0.75388829250540845,-0.47917206190678763,-0.44949591489943092,0.59831938173824895,0.78335792442249574,0.16841698156907384,0.27141547461343851,-0.39590970856052016,0.877262299889768,27.270329910897424,0.29470295027666599,11.15599516454971,,0.2431822178209875,0.3333333333333333,0,7
-0.8598321289226919,-0.24801297548910728,-0.44629393235995363,0.31315342877026114,-0.94655071421633963,-0.077308961097442438,-0.4032662149519845,-0.20623120376309798,0.89154082939185897,16.107632248586931,-4.9450013766731304,7.0393131542698537,,0.6456122738013583,0.16,0,2
0.72777930474762398,-0.55020800512604173,-0.40940009120209886,0.63949575346416776,0.76010164235591415,0.11528518807348086,0.24775484835288603,-0.34571179381540212,0.90504192761140934,3.1454655805109004,-18.730221150795366,2.6407932037964388,,0.1358458972329798,0.3333333333333333,0,3
0.57583990168250077,-0.6797327385979901,-0.45428164359609025,0.79908582705354114,0.58540483312331015,0.1369781820511132,0.17283011494657491,-0.44188752577318435,0.88026425914813111,6.4626540172617917,-4.9684198476634984,2.5957835678379682,,0.08052284970927263,0.2075471698113208,0,5
0.76069332467449302,0.60393672484394345,-0.23792036100434455,-0.56627672412971652,0.79660146131131981,0.21155799097549305,0.31729534743608145,-0.026201988883304477,0.94796472417172561,8.1134215267870502,4.1410031053247183,2.3904448691220277,0.6694215993897878,0.1966446637513119,0.2105263157894737,1,5
-0.90018708329207109,-0.20554826380341856,-0.38394417083934856,0.21090135755074643,-0.97708831013932229,0.028619077069949678,-0.38102996267664668,-0.055211823339605372,0.9229126839014351,-18.951685721724417,10.717813783325189,-11.500132928905462,,0.69160562343485,0.7272727272727273,0,1
0.60185343884138276,0.72285432312221698,-0.33949089192248388,-0.74026619308742403,0.66446327083671974,0.10244278930613265,0.2996304415887252,0.18965808512291202,0.93501412247134341,-17.15554537616898,6.1150353252123102,-10.176877293178752,,0.1003375144497278,0.3974358974358974,0,5
0.50934469372343294,0.84688394475301942,-0.15282528290616051,-0.81656739045622118,0.53167818513767917,0.22480214476784227,0.27163519620862925,0.010290362883269786,0.9623452751546252,14.664060850316597,21.200690654340129,3.2607674001092297,,0.3596381193570762,0.4166666666666667,0,4
-0.47841833118349764,-0.76490373792586153,-0.4313214254991759,0.84127913842751245,-0.54004238891539791,0.024568870979581294,-0.2517246742658697,-0.35110751897615944,0.90186373609550741,-14.533708392066712,5.5387534967443903,-8.8802091719974356,,0.1048862052533105,0.3507462686567164,1,5
-0.33834819100432201,0.91063899469272513,-0.2371858406168619,-0.93856158415801727,-0.34477955967908913,0.015139615922732505,-0.067990105066085063,0.22773597996916933,0.97134631776755442,11.126512304459292,-8.6824031870950122,5.1994875132078917,,0.09072136649707958,0.1142857142857143,0,3
0.91578166489711321,0.20239644442592819,-0.34695766531670053,-0.12080587329406441,0.96256383361100295,0.2426454351553923,0.38307947375959972,-0.18029571683163581,0.90594898933451928,-9.6234303790111042,6.2947117944913833,-6.7106500497990922,,0.5042167716807385,0.6056338028169014,0,5
0.92448321537392408,0.13868996180813406,-0.35509981552452086,-0.061288156035211316,0.97343043120657857,0.2206285510326742,0.37626393186391643,-0.18220397936003502,0.90842014700449802,7.3999467473366067,18.863417603988101,0.12994051242013208,,0.1732023080428966,0.24,0,3
0.11107743838364008,0.96448421395836459,-0.23964975215351964,-0.98621088732959106,0.13674207439685082,0.093218511049176209,0.12267798659379731,0.2259907213023597,0.96637379180653005,8.045474577764363,-13.849824185008865,4.3775157919827885,,0.1252508481675572,0.5882352941176471,0,5
-0.12448299826500223,-0.84565769719326023,-0.51900582108561044,0.98589122172314414,-0.16441126799668837,0.031423460741435892,-0.11190389659079297,-0.5077715964225592,0.8541929078342223,-21.044911612529841,5.9106382239008859,-11.829108107716092,,0.4230754619138962,0.6619718309859155,0,5
-0.69313806103349285,0.63560928793199234,-0.33994185008809502,-0.6825457345210264,-0.73037762105219772,0.026073951623898736,-0.23171307393818602,0.2500987080348856,0.9400849363783037,-9.7354810030583234,3.4690057392902593,-6.2931830275410245,,0.0794245571489834,0.3738317757009346,0,5
-0.80179502905457445,0.50247694925141984,-0.32348361141541798,-0.5251583391565029,-0.85077276774886368,-0.019859921231512707,-0.28519020003807699,0.15395652999442613,0.94602533616934281,-10.879584830562678,17.058582910533222,-8.7438623955647774,,0.1806765225963864,0.1578947368421053,0,1
0.81909091240904763,-0.35425453552396852,-0.45121369800750771,0.49055127878013194,0.84030087234075534,0.23076803684770006,0.29740464034054703,-0.41036345841712268,0.86206282363865305,-15.085921115914072,21.726182696772064,-11.063860015616802,0.3502834411168862,0.1961882974258938,0.6,1,4
0.64919408118274335,0.71537832573983395,-0.25841999926275966,-0.69210567582061255,0.69649888776061419,0.18941761492828299,0.3154944982946386,0.055885153752121018,0.94728035508814157,-4.3333019496854863,-14.200971896582583,-1.106058562577745,,0.08328522667684823,0.24,0,5
0.86497032505946003,-0.28145135741400062,-0.41546536579641619,0.3903503434858796,0.89764827010107495,0.20458297222644059,0.31536161165714055,-0.33913524823345231,0.88630375001951045,-2.6598009335301231,10.707366011313152,-3.7948982016141604,0.1856309172963366,0.4546406814238501,0.2857142857142857,1,4
0.33759951915403141,-0.83036331251368234,-0.44330952380731825,0.93902871593154036,0.32972370785992883,0.097505626150813166,0.065204565200058406,-0.44919822540433602,0.89104956033358029,-8.8969348242619635,-17.464244618452085,-2.8227101394278664,0.296222422102651,0.3370478363102073,0.6966292134831461,1,5
0.52130110376905725,-0.74369738612506087,-0.41852043806714456,0.84129584791927547,0.53009095755774915,0.10594750109981695,0.14306102013808539,-0.40733005608015299,0.90200652432828321,-1.0779088953300044,9.3989477178280705,-2.733766329671353,,0.07629305300369195,0.3181818181818182,0,5
0.23449231791786104,-0.81068799000227343,-0.53646839208250052,0.97171484356595561,0.21136265048902164,0.10533799301224113,0.027993135428173645,-0.54599524983678227,0.83732047122029152,6.7966529871838972,-4.0354456550095481,2.7137366927418105,,0.1187133205468224,0.3484848484848485,0,2
0.4193113871402806,0.87235695303345862,-0.25133902822417731,-0.87645993247154963,0.4611565909447663,0.1383928661462272,0.23663462846012209,0.1622588830307336,0.95795412598472518,-12.243877886123148,-5.6630092958442599,-6.1293652885708951,,0.09785956582612718,0.1666666666666667,0,1
-0.93104485301124618,0.20131958652707246,-0.30434504392520401,-0.17500472138370216,-0.97821069986239062,-0.11170127200772277,-0.32020123231286673,-0.050737074760958616,0.94598991541666111,0.69658836545117675,-25.112395930647036,2.2935512387435835,,0.316680445212738,0.3703703703703703,0,3
-0.91311732134602153,0.16497279299763876,-0.37282802339473631,-0.17222582191778243,-0.98495764966828003,-0.014024786083334406,-0.36953352178471166,0.05140433766227525,0.92779446557246315,-17.491386724500618,15.460884498351144,-11.456306948119476,0.8092575899893218,0.7240844864518348,0.7572815533980582,1,4
-0.61115375457763588,0.76858931992932356,-0.18910723295590967,-0.76284931170015102,-0.63567682847856455,-0.11821969960222958,-0.21107348460729602,0.072009909220992666,0.97481411411084951,-24.453127005578054,8.26854693017264,-13.593621036641622,,0.3904161950370141,0.5294117647058824,0,4
0.87013896453990713,0.33929389282928041,-0.35740430422446229,-0.31582143930707463,0.94066770699112534,0.12410110192124293,0.37830543329884508,0.0048907374507014129,0.9256679101188301,1.4646534955494688,2.8679860173023246,-0.65924868945269499,0.4575363732976038,0.3756990853004971,0.8506588579795022,1,5
-0.17114886526067008,0.94671335998439865,-0.27284039280691946,-0.98461200144202898,-0.1742763424846461,0.012921418904070378,-0.035316745834025783,0.2708534114188399,0.96197253442417496,11.980791454399348,7.3106385906655547,3.8461338286171824,,0.4018075614563914,0.3870967741935484,0,6
0.063330876701228847,0.95995771465437674,-0.27289262747791615,-0.99432562596895202,0.084112485169631587,0.06512786945725034,0.085473677806128592,0.26721952756888001,0.95983747295474953,10.576974174327393,-9.9481081479309221,5.0128085195132357,,0.1261788553709829,0.3076923076923077,0,3
0.44504783788864988,0.82791229723835891,-0.34131166120151962,-0.86033825569104716,0.50105903086395176,0.093583830783760175,0.24849649451274755,0.2519941976934793,0.93527986001180186,-5.9694545914203259,5.6988089173990568,-4.8578583988336401,0.4338618663848127,0.3671756377731828,0.8299894403379092,1,5
-0.65681771677529688,0.6892608203658932,-0.30579406213761223,-0.71827724532675596,-0.69532641087013636,-0.024474092266332455,-0.22949572060474827,0.20356989918696244,0.95178306896535891,11.221128382179181,8.3070928648267071,3.215469085416145,0.4444419784599261,0.2920231973284748,0.5384615384615384,1,5
0.031510644696845669,0.93225854346146075,-0.36041793436773278,-0.99553088336344353,0.06139172151163956,0.071758740230285833,0.089024376102219888,0.35654602041384703,0.9300266640191871,-4.2176633105690149,2.2538590665448601,-3.541362115813508,,0.07189043495404748,0.4457547169811321,0,5
-0.32295928239283983,0.89167115084243864,-0.3172063376914514,-0.94559816157855203,-0.31792101654130434,0.069067677394030538,-0.039260905944260981,0.32225577728981802,0.94583814432902391,5.6593787494183463,-12.757929084145349,3.1664325214732032,0.3625711529160053,0.3263601068015352,0.6666666666666666,1,5
-0.52316345372585948,-0.59586791041600695,-0.60929585098053307,0.80716201077076033,-0.57586384416730463,-0.12988580118456766,-0.27347667003628168,-0.55975196856939746,0.78223285831557299,-3.1012903112258838,26.434873995988614,-5.9520358937449283,,0.3305022000556924,0.1,0,1
0.6883861466308423,-0.50594275530870469,-0.51975613654614572,0.69659172400661862,0.66088152936967359,0.27927687728039108,0.20219911763463783,-0.55430815661384258,0.80737722555143754,-3.1670818449023446,4.4079934134614689,-3.3339247812092063,,0.3000975391433948,0.2307692307692308,0,5
0.60358878357495571,-0.68558668600508188,-0.40700304214474192,0.77610447354646994,0.62213645837991294,0.10299550133697651,0.18259908675473044,-0.37804381112123503,0.90760148214360603,-11.982765135863145,10.802301967381323,-8.2579507516351498,0.3398713052311201,0.2839875508349491,0.8520710059171598,1,5
0.70242070865679651,-0.58270904951956193,-0.40872400425970967,0.66370210501733073,0.74366432637795987,0.080392073417582352,0.25710827261223324,-0.3277400391786493,0.9091104459159679,-8.6876918437160189,-11.29210749001019,-3.4768686646055742,0.1911467914208403,0.1995266822157769,0.4186046511627907,1,5
-0.80766055362679656,-0.44497155837844382,-0.38689112467141845,0.4654226020049399,-0.88394186180594525,0.04503983225978573,-0.36203070540799032,-0.14369097807899261,0.92102479399878001,-10.180013995223407,4.5759228892669217,-6.6078545411326983,,0.09995305050407555,0.6185185185185185,0,5
-0.53107908014882088,-0.73932547702926898,-0.41394788276270489,0.80024277672326061,-0.59822022747271852,0.04176191739772192,-0.27850764608988327,-0.30907992244390853,0.90934212077278131,5.7652292430078074,11.910619039722057,0.11020551469318841,0.1895480871890017,0.1396241409961649,0.2,1,5
-0.1776395436816274,0.92001694313167004,-0.3493036170314317,-0.98408160544657575,-0.16796472408523067,0.058062425755928106,-0.0052522702018789925,0.35405744705291847,0.93520892737617567,2.6599063493978132,-13.348180536953828,1.9430737038467423,0.2142997148912381,0.1831425177411447,0.6125,1,5
0.57869141350261799,-0.65320790082718583,-0.4882987673907071,0.79118212170040902,0.59491013936585413,0.14181952045236687,0.19785625650957162,-0.46840299356071763,0.86107580234458891,12.841176392481513,3.013859385021417,4.6626391987653912,0.4486926184821897,0.4006732909437363,0.3103448275862069,1,6
0.7055888839162846,0.66442023050615362,-0.24635357555335519,-0.65687278539832639,0.74367788984528893,0.12434363658146422,0.26582413490279089,0.074087471608961925,0.96117041977673001,-28.801742285475758,12.470494479867275,-15.915128968808023,,0.2527914379283001,0.3636363636363636,0,2
-0.28960155260816189,-0.75008494133770809,-0.59456162128525247,0.94085653006976644,-0.33720766349627973,-0.032863072048381008,-0.17584063964857333,-0.56891438060378263,0.80337817806447431,-25.2189406398412,6.2524766485091101,-13.726471791673356,,0.6312611012854773,0.4210526315789473,0,3
0.9078528030946903,-0.14613533721765043,-0.39299841110289124,0.22962157327282789,0.9575297641703403,0.17438659299270501,0.35082363232944386,-0.24855827072172762,0.90285190649131364,-0.63178917405666368,8.2845115710735975,-2.5119984154800505,,0.07238106332911069,0.1944444444444444,0,5
0.022007140163280318,0.9646608908821771,-0.26257389699708716,-0.9943463598622686,0.048408959754052121,0.094508672851674136,0.10387974976138488,0.25900953306381175,0.96027238811265281,3.0326620075818531,-12.480216987686804,1.9626498937666352,,0.161273416981265,0.24,0,5
0.057899194201620686,0.96844416938710054,-0.24241199246517017,-0.99435427782354502,0.077571552038134636,0.072403207721844151,0.088922738851322805,0.23685131431876327,0.96746793301930978,-7.1816958059449716,12.714672101430034,-6.1128985729212841,,0.3201910215444773,0.2857142857142857,0,5
-0.80874362676579103,-0.44548334580448196,-0.38402908063915825,0.47295578186801929,-0.88071327377237851,0.025631188008895689,-0.34963777622465675,-0.16089971414511978,0.92296517129558775,-21.830168860238928,7.8118269383761536,-12.382622898705293,,0.09767052914499326,0.3333333333333333,0,3
0.51337416346863074,-0.72593042567313737,-0.45768109570409554,0.84233871869637178,0.5282122746400425,0.10703866546508871,0.16405014863705084,-0.44047339306887778,0.88264983925141682,18.747965718431118,-12.896753370125953,8.7914198800777239,0.3049186846414254,0.2517469793878909,0.4838709677419355,1,5
-0.7876668633934697,-0.43663153995553711,-0.43466517070953625,0.51420574951143871,-0.8545185571112528,-0.073419906850136982,-0.33937200750986179,-0.28133775763050251,0.8975943998545044,-11.991628323975723,-10.710739294538781,-5.1120363108362561,,0.2442108446983813,0.2,0,2
0.45570443890942641,-0.78816670303687719,-0.41367464580540242,0.88382257535969444,0.4558754136432176,0.10504885777667095,0.10578808837862075,-0.41348622160793391,0.90434397487769724,-9.5761711044537901,-3.2606940455896885,-5.1801725392080051,,0.09105765799558606,0.3381642512077295,1,3
0.92087540841388427,0.1373458192292619,-0.36486245095762532,-0.086267249992552808,0.98447565962080397,0.15285822579405395,0.38019264032498706,-0.10928770083786417,0.91842787124971859,-5.3332214049664097,16.85309486732142,-5.8443213572151134,0.1575836956150891,0.08416085374206431,0.3043478260869565,1,5
0.36998990098812723,-0.74607793859841998,-0.55360200749593447,0.92311210392132514,0.36241618133100967,0.12852453113469722,0.10474500828555414,-0.55858949242371325,0.82280390263602798,8.6397196350071628,9.3857111584980011,1.7549548319244062,,0.3113660084661001,0.2,0,3
0.84636709842066582,-0.31753200520357772,-0.42759345222112394,0.42568289421102296,0.88580388911177355,0.18478512821811233,0.32008875064130332,-0.33841527108842512,0.88488321037696172,-28.835181694495077,6.1114226099276756,-15.167952055568346,0.4027499273669329,0.4127480409324616,0.9545454545454546,1,5
-0.1271959622246554,-0.89053495045035669,-0.43677075133314991,0.98373930632881312,-0.16955618003010214,0.05922566164513933,-0.1267997018034703,-0.42213529091984203,0.89762109588766414,4.9680500901709808,23.632844245947513,-1.7152151866626322,0.2406283129993878,0.1849287554903437,0.6764705882352942,1,5
-0.88632988582195404,0.35988998368691749,-0.29137352855171123,-0.3377130715808041,-0.93291250889857225,-0.12499652804791177,-0.31681100798789052,-0.012387509128310844,0.94840778931601755,-5.6775752979949603,7.0843280257230594,-4.8211396722825937,,0.4579714787257558,0.2972972972972973,0,3
0.64880474767769125,-0.57465106982300429,-0.49882717181621578,0.72320215022511214,0.66956430726459137,0.16929940444981603,0.2367087858543955,-0.4705951406342449,0.85000539075394921,6.5304363169954547,7.9373140859320221,1.1272586898485082,0.3143519095901072,0.2073663153734693,0.1428571428571428,1,4
0.89201328355972442,-0.22670062771053523,-0.39104875316084287,0.3025672696245803,0.94219229009814742,0.14396782915476897,0.33580552304112998,-0.24673976954528334,0.9090402283836595,7.0384347524905024,-12.800323943916382,3.8173736861466199,,0.08083791467896503,0.3448275862068966,0,5
0.90581367689435843,0.22123847192787435,-0.36132412220905197,-0.18517731477337426,0.97379564509783345,0.13202804127084694,0.38106553877836474,-0.052683774803187249,0.92304575998595084,-17.781261051764613,10.98636725771234,-11.038317236541578,0.5906760154968218,0.32033731714349,0.7068965517241379,1,3
0.71296413104859957,0.64722054162491394,-0.26979199086864863,-0.61520670319093085,0.7619908517987829,0.20221437664990949,0.3364563273101896,0.021806243915882064,0.94144656117021353,12.203886450586765,-12.874949537156947,6.0360296135387479,,0.3140272021009857,0.1904761904761905,0,4
0.85890456857274833,-0.3084315341503851,-0.40884340624070575,0.39709782704045454,0.90521301510179031,0.15133642340849934,0.32341344722291926,-0.29233437367502169,0.89996908620431115,-21.08570188684163,3.6389477714391485,-11.532714964645399,0.5834511801719324,0.4581017867446824,0.9213973799126638,1,5
-0.8255446617297183,0.42899217966701697,-0.36666295323376685,-0.47015646497348346,-0.88218786273821914,0.026409719442108411,-0.31213604395071576,0.19419136083233754,0.92997892741980059,16.08263000970474,-16.324768597038652,7.9253802326557006,,0.230803364671914,0.2727272727272727,1,5
-0.85742978803746173,-0.26713572705730743,-0.43983253849118337,0.34704456945815204,-0.93126459894795921,-0.11093382512066832,-0.37996608453339664,-0.2477594601137583,0.89120201106623387,3.7337857322456358,1.3219310063593848,0.45800122480658512,,0.235378224271399,0.1685393258426966,0,5
0.7606724512211378,-0.42558531264978006,-0.49015769259495995,0.58421091198767028,0.77799547263720858,0.23112908702831322,0.2829753209517763,-0.46216900178700432,0.84043130684157896,-5.9380216522254576,18.692607679679149,-6.456243746742671,,0.5383942361740283,0.2307692307692308,0,2
0.50113566503489171,-0.77019113621867186,-0.39454867750409256,0.85456650815765023,0.51226498011657917,0.085443977443711322,0.13630527636624196,-0.37998711009237168,0.91489380137717125,-2.8404785781029531,-11.035064370693899,-0.84646365439191074,0.3424108268388822,0.3163685009707328,0.850187265917603,1,5
-0.73131818601716791,0.6312000744308095,-0.25837990796325305,-0.63525400513601382,-0.76827247924642761,-0.078801945351621189,-0.24824596624962819,0.10650757565115951,0.96282401121373185,-9.7296256757188289,-16.764973782032957,-3.2907213779196947,,0.241009394333763,0.1875,0,1
-0.72043488798644428,0.62907645939043255,-0.29195270235563092,-0.64936557557759655,-0.75969239475525407,-0.034522667999482858,-0.24351164536164338,0.16471270015339842,0.95580950245404062,-7.286890747657119,10.133014954426734,-5.8831475327984366,,0.08233399805880545,0.2333333333333333,0,5
-0.36046481578075823,-0.78582105015907222,-0.50254392217102595,0.90147348185840681,-0.43188066398859132,0.028716782181422373,-0.23960525472164815,-0.44267862970745209,0.86407462218844733,13.741348902902672,18.556314214371874,3.2166715139108488,,0.3293886851585376,0.3809523809523809,0,5
-0.92330873425035531,-0.10049667676317402,-0.37067694724188877,0.10535437119787677,-0.99440884646253602,0.0071765274714980839,-0.36932565267864592,-0.032426286198195972,0.92873413754254031,-1.1962246948756274,16.19267458333632,-3.8744489283311934,0.2271860939274388,0.1217659686053185,0.525,1,6
-0.91994879898675785,-0.0013497384837548574,-0.39203620425778174,0.095369052203155696,-0.97072472782018815,-0.22045010020477382,-0.38026168768980045,-0.24019092614927934,0.8931457707848468,-10.600287415667145,-8.279689438886658,-4.6313452608382599,,0.4877986139933725,0.2622950819672131,0,1
-0.92853238975470476,0.018593587598870719,-0.37078549011068346,-0.021274041496803602,-0.99976875034389523,0.0031402219981356769,-0.37064135810080456,0.010803903739316533,0.92871322771304532,-11.241694412590363,-6.957214031470337,-5.3992738329216321,0.2579406963831817,0.102605055861389,0.5268817204301075,1,3
-0.088435347235816503,-0.91086438974877049,-0.40311940271696139,0.98920346923897184,-0.12778988407210223,0.07173731228879407,-0.11685754492056503,-0.39242299756313687,0.91233135711686453,13.698723063188927,-8.2523888667428213,6.2360913805185723,0.3483288442444455,0.1130417292464296,0.3846153846153846,1,5
-0.097860965194791524,-0.81746221406367148,-0.56760792812403871,0.99135204430207691,-0.13017962538193259,0.01656470324249654,-0.087432006434921175,-0.56107824206035617,0.8231323408402953,7.3400082639956521,-14.894141289480212,4.1996533971470011,0.6447488521315531,0.4626377660420616,0.3255813953488372,1,3
-0.50697638886715823,0.81893798811760032,-0.2689154379151818,-0.85013834520415454,-0.52655876344773944,-0.00081403312571610379,-0.14226642311086046,0.22820262981456912,0.9631634464622072,-11.253648847328989,-10.01739764305505,-4.7621984007810791,,0.4500320789480969,0.4,0,2
-0.26295527867959195,0.9335480019598611,-0.24360346765038018,-0.96438355137405019,-0.26181234733654263,0.037665111460137075,-0.028616206137661103,0.24483141714020534,0.96914327626383823,13.635535529419945,-15.127554418789401,6.9191554631466516,,0.2123234266518652,0.1481481481481481,0,6
-0.92506922297354965,0.018663877353108035,-0.37933967942895364,-0.023565813503173702,-0.99968797601610171,0.0082826953803223514,-0.37906672914019607,0.016601514719377798,0.92522040864216537,-8.0700887624268809,-17.94241252833357,-2.4106583432240374,0.2880994734525547,0.1640515953227716,0.5142857142857142,1,5
0.80218517208101769,-0.43584059403479086,-0.4080954867243079,0.52460385378874796,0.84086674095725478,0.13316876714124704,0.2851135673435114,-0.32091447543438478,0.90317448656022814,0.86828128082119482,1.2493212997124974,-0.8977596467038077,0.468600637241536,0.3946163788124385,0.95,1,5
-0.90887834510130638,0.25463429495642192,-0.33030520679813374,-0.24965689470849733,-0.96658484318562232,-0.058182264035848134,-0.33408320629810501,0.029582372384121095,0.9420792400396617,-17.261614556963334,9.4924413822181801,-10.59642085759088,,0.1261309775308118,0.3571428571428572,0,2
0.6913913871076578,0.638953934839251,-0.33721776196811892,-0.640402101057581,0.75806713315233243,0.12336681318425631,0.33445941277587687,0.13066021118780427,0.93330852906098216,4.6677586470954138,20.152429404200941,-1.3243522689961895,,0.2025647331372091,0.4444444444444444,0,3
0.66311097316775736,-0.61869140149458302,-0.42131316972197547,0.72131400073297691,0.67854731245538646,0.13885120491431824,0.19997487244925558,-0.39597284562989932,0.89622293873380832,2.6656871769827357,6.5116420034002722,-0.59748803924029403,,0.1763359633776257,0.5888324873096447,0,5
-0.87768952525831501,-0.20231418859481598,-0.43443073825991657,0.25921660407577324,-0.96288031148566278,-0.075287833842512156,-0.40307300755974551,-0.178691003820828,0.89755316039232325,7.2589308169598885,6.8804018318233533,1.7130148574859327,,0.5727035139189784,0.1333333333333333,0,4
0.62629775517240749,0.6976957221675516,-0.3478100072382922,-0.7154988267388489,0.69157891466968069,0.098894053004393093,0.30953602504608818,0.18692052871047624,0.93233479241378892,-10.211894786001071,7.8619614213847813,-7.0498371379063585,,0.07907323049339945,0.3962264150943396,0,5
0.53957351160907985,-0.70635690404844009,-0.45817065562184267,0.82864289579384665,0.54186304586721001,0.1404827063161084,0.14903481747643565,-0.45546060600957861,0.87769257690443814,-13.583513066473694,9.7208001144453,-8.8791032239509846,0.1156842761793514,0.1259593778974665,0.2631578947368421,1,4
0.9250336698744176,0.060430806440672204,-0.37504776659993228,-0.0046881972163216922,0.98900707655061748,0.1477938542012541,0.37985619700819423,-0.13495599344130921,0.9151481570919221,-6.3569570897205301,-3.8105253418218159,-3.7375116198395659,0.2500075758419509,0.3032986450147769,0.5934065934065934,1,5
0.40056611059614561,0.89928628538747879,-0.17558749373422572,-0.90047532580196954,0.4217921006907695,0.10599816704407858,0.16938411573613721,0.11565293212391091,0.97874073207741263,4.1513819124412032,-9.3882858754320999,2.0791029471291114,,0.387637507757487,0.2682926829268293,0,2
-0.8146536010112414,-0.38521482121353945,-0.4335309122506007,0.44350816530820875,-0.89547604351554289,-0.037724829949195647,-0.37368438241966145,-0.22300716806230686,0.90034870207518281,5.8371755274240442,-23.48715946908645,4.2206937286559398,0.4066254453953029,0.2103424346356687,0.6111111111111112,1,5
-0.40735248409690339,-0.79977827989348227,-0.4409293103329644,0.87439737536001916,-0.48090703655643185,0.064479858514257846,-0.26361559829340558,-0.35928140113444795,0.89522270476975552,-5.5921589558723888,-14.827832373389656,-1.5366997231690747,0.530882635550644,0.4546111363659028,0.5333333333333333,1,5
0.24706955643289502,0.90109864971829567,-0.35633952595792101,-0.95354506537780037,0.29150522331125267,0.076003375424395558,0.17236137205794527,0.32100767632273214,0.93126023707886385,-9.9854945847341039,-4.1856542750886332,-5.3436259881331267,0.1131407238045641,0.08541193485386228,0.3815789473684211,1,3
0.68305618094857334,0.68857602833516385,-0.24351038349548756,-0.65403565952459108,0.72506578058300719,0.21567793094747822,0.32507169938058372,0.011944330442682727,0.94561393984653874,1.3533164381838352,7.187428910855715,-1.4026150575230207,,0.3605714516562498,0.1956521739130435,0,4
0.47823488799881436,0.84445963737506891,-0.24120388211040161,-0.83717621902730965,0.5213395768536786,0.16535121378800161,0.26538155586984463,0.12285343483352192,0.95628430048480173,-15.16693601817372,14.361682596988963,-10.188635406727961,,0.6910905744737521,0.375,0,2
-0.92492924308919156,0.076508793140190101,-0.37236044345591734,-0.075305272940620324,-0.99700167498768744,-0.017798200445122304,-0.37260570466083098,0.011578628760681548,0.92791752015479734,2.9887888794485655,-15.99441451021201,2.3322371181787105,,0.1022918980584368,0.125,0,5
0.40035833683286404,-0.6749300499074774,-0.61982467671133679,0.91166816733432443,0.36171849372318193,0.19498944578593624,0.092597812056749607,-0.64314007730083389,0.76012925622671601,-21.229515593338196,9.3750599229713636,-12.33917097835061,,0.1166188606293974,0.6,0,2
-0.48017248687551434,-0.75150779901549603,-0.45240514018595013,0.83771445955201962,-0.54582603846281885,0.017561890372430215,-0.26013240302824975,-0.3705535909350639,0.89163959599149578,-2.6174598807110678,-14.889033252156894,-0.26633059244943186,,0.09486470584817039,0.3076923076923077,0,5
-0.13658062982247071,0.95832981586992971,-0.25089777912927863,-0.98570760995102713,-0.10625674600203772,0.13072877117793272,0.098621697622435306,0.26516686811094142,0.95914560563780116,0.037150454356384033,13.803871817871467,-2.7875672981706261,,0.2101120919914189,0.2962962962962963,0,5
-0.7772095329729255,0.52465485953630253,-0.34739404171768767,-0.56692891269489543,-0.82339242774886046,0.024829778017967478,-0.27301455969708138,0.21624566652485969,0.93739045328114401,2.6188813610542097,-9.2026423718709811,1.3263293006951207,,0.06550710275650216,0.1428571428571428,0,5
-0.66466231066445869,-0.58796989219424156,-0.46099394644102865,0.67477326892495393,-0.73730930651659921,-0.032496493169917602,-0.32078816737297783,-0.33266558643343747,0.88680807352909408,14.87763921254283,1.3767888228705478,5.8663916264396132,,0.2400902454585583,0.5,0,1
-0.22429169120808989,-0.83203530845023665,-0.50735636661732475,0.95825739161750234,-0.28302188599140266,0.040513990920282739,-0.1773020266816884,-0.47709103695415173,0.86078344186710343,0.32304880731305913,-14.538641501652677,0.97834787024293557,0.3227630525070661,0.3956300414962305,0.6666666666666666,1,5
-0.78524078082003079,-0.48200585732860979,-0.38867373160281998,0.51617039784202112,-0.85627365205614236,0.019067070725373867,-0.34200151538956453,-0.1856496331678272,0.9211781462756774,-3.5186783593372915,-20.78193612239928,-0.11529519988789898,0.2250223956154005,0.1925353262192342,0.6086956521739131,1,5
0.42177903872483408,-0.7409535589354268,-0.52258039189514138,0.90112793292041338,0.40635112851263516,0.15115293204926541,0.10035382903973787,-0.53466492671338783,0.83908433732231613,-20.428726368643645,16.646509766402584,-12.904943982977116,0.3980204995094204,0.2720970710832598,0.6363636363636364,1,4
0.81430060878335742,0.47783229827070645,-0.32953120226222782,-0.45723526197514391,0.87778232630504005,0.14294790251358935,0.35756179010288003,0.034270721554233982,0.93326045876945707,4.9487186003319668,13.532075792435927,-0.46857194398764784,0.7215640426141914,0.7965142846168499,0.9656652360515021,1,4
0.7512817574156111,0.59769184001762321,-0.27989316774594414,-0.56061641933184936,0.801724998710866,0.20723478669759529,0.34825989052724254,0.0012209907493612227,0.93739722521007252,-2.2833227457837815,5.9988378516428034,-3.1583865792531776,,0.07582274711789147,0.2676056338028169,0,5
-0.4854125822631809,-0.71544336033922784,-0.50250912740675968,0.81957628252512538,-0.57249249746357778,0.02338925971914867,-0.30441639591665393,-0.40049112161748091,0.86425547114420187,-2.611908655542051,22.204373894915442,-5.4163591814115746,,0.3356140562224476,0.1666666666666667,0,2
-0.91499461740379495,-0.080962151686044176,-0.3952593833376386,0.10473391901109742,-0.99373918747543355,-0.038900301852853203,-0.38963528630074207,-0.076990631053604014,0.9177454910808921,-19.963535871382369,14.089991081300093,-12.299134771538217,,0.1455913446270353,0.3333333333333333,0,2
-0.24597943917700915,-0.75039085910938741,-0.6135207201612991,0.94949113056844137,-0.31377856754424566,0.0030989549438038312,-0.1948350801935487,-0.58177020301400473,0.78967254125429542,-7.2802917550567594,17.425894426267757,-6.9433059676323063,,0.3545378343674502,0.3571428571428572,0,4
-0.43921621579423836,0.87057010541039848,-0.22180353322054144,-0.89147692356807517,-0.45289898677614365,-0.012304573244993698,-0.11116658908587609,0.19232836333434847,0.97501373843046024,-4.5384971235431628,-21.392460573371498,-0.46745138147987997,,0.3092781229542412,0.5,0,3
-0.91604199912253215,-0.13279932911556647,-0.37845923694639938,0.14054637402932343,-0.99004779336429305,0.0072168969580926829,-0.37565113149144758,-0.046580092753768475,0.92558982404099821,-6.2154730610528457,15.330420530246734,-5.9871858488131933,0.5936685093460361,0.6571876208341957,0.9546925566343042,1,5
-0.68069096706353094,0.65945915090065921,-0.31901949102131716,-0.69998474438826164,-0.71393731907825364,0.017744352652572112,-0.21605824441992078,0.23538719744442529,0.94758202932381763,-15.029247912939343,-9.4968275231228745,-6.5142558666050858,0.3697299595998968,0.3422517549401065,0.9159663865546218,1,3
0.75693585723409496,0.55629736345307057,-0.34290137277131011,-0.53111828182810716,0.82941392727796459,0.17316439572066583,0.38073807104260804,0.051046847625551221,0.92327284190874404,9.0246592012999916,12.230959576043531,1.6877534045410165,0.434262499118749,0.3622349584598618,0.6363636363636364,1,6
-0.65155523554810557,-0.63107847874984002,-0.42096998549616244,0.68938398096104025,-0.72415738081811021,0.018596091012934621,-0.31658411492707533,-0.27809358400624928,0.90688392681224572,15.355894448834151,18.797733820751123,3.8484808729152991,,0.564983798504848,0.5806451612903226,0,1
-0.51152254112219664,0.79266269027678515,-0.33170853074206713,-0.84698784530193838,-0.53016275465245077,0.03923064478319848,-0.14476283996478839,0.30102045283085899,0.94256586355693728,-9.4757418502253259,-6.8573866655814992,-4.6474625248093027,0.2109828786163928,0.1269170119440102,0.5428571428571428,1,3
0.745824648704002,-0.44999648512952561,-0.49117080201964974,0.61512994939642207,0.74822253825344653,0.24855216475646705,0.25565746369137821,-0.4875102015554581,0.83484912687158608,-10.399317695233961,-12.454236870202486,-4.1188758378906947,,0.3048569870417651,0.2777777777777778,0,1
-0.55376394934623918,-0.63083286934524285,-0.54350287888667481,0.77849363723994158,-0.62383517153694479,-0.06911827204434845,-0.29545413380317059,-0.46138874033413318,0.83655680327847448,-2.4253575418150852,-13.231005108316779,-0.37248600874603016,,0.4234047454693131,0.4285714285714285,0,3
-0.56986974147018588,-0.71736387431126503,-0.40079614467935604,0.77116084808829544,-0.63533879020454131,0.040688672098884722,-0.28382992113666289,-0.28589105179169477,0.91526328582162342,2.4052457668880547,-8.162271015022375,1.1393999861827115,,0.2278927142287745,0.8325358851674641,0,5
-0.86774658426681905,0.34223920519339851,-0.36040004428670697,-0.37765389332392474,-0.9254450966067248,0.03047802526170007,-0.32309967866055062,0.16255368219502772,0.93229978979633388,-1.5791179725475495,-15.547102249992879,0.24435740761763852,0.3009081296746741,0.2690055884461759,0.8348623853211009,1,5
-0.084325072110913141,-0.86824729951959934,-0.48891298723843851,0.98946638655215602,-0.1309036011782978,0.061810331514827621,-0.11766712411251098,-0.47855080615905066,0.87013997369826346,1.3914553402540684,17.79355627580436,-2.6939947694227864,,0.302506510661282,0.723404255319149,0,5
0.40670906247078498,-0.76060412897158503,-0.50603270397822275,0.90862750646298795,0.39425721677681996,0.13768551673378157,0.094782872941201982,-0.51579318143105768,0.85145381612054583,-29.334238966514476,13.2998653931618,-16.22156474600466,,0.2171856065008806,0.24,0,2
-0.86098301062871496,0.36715613755465787,-0.35200088929526985,-0.39682241282308334,-0.9177990346073398,0.0133005546915457,-0.31818269608824112,0.15113339382737878,0.93590516035559823,10.081770422502812,-7.845771636798454,4.6202121282182915,,0.136837598984817,0.5238095238095238,0,5
0.0070212009848751667,0.94081248556337682,-0.33885479153287934,-0.9971745785877788,0.031931535655306376,0.06799438836388938,0.074790123378795842,0.33741998168270215,0.93837849155137276,7.7531331296741106,-7.6505798398736991,3.5338403147973594,,0.08294999465441041,0.3953488372093023,0,5
0.70070049800980516,-0.52254214477757166,-0.48576590969320332,0.67438592257043828,0.70731659013993398,0.21191240820592439,0.23285712256151569,-0.47608082112606775,0.84801215334940794,-15.410984483863253,-11.743779567366843,-6.3954925043643085,,0.2799746890104583,0.25,0,1
-0.75854806250044049,-0.50799591210813433,-0.40809924057544222,0.56344216411688375,-0.82593283287362551,-0.019180283538845998,-0.32731905623124147,-0.24448948620088465,0.91273606621252634,-4.509574129735209,11.897454619256644,-4.7452219118197707,,0.1150422434910787,0.2666666666666667,0,5
-0.3003481039433244,0.8906978193618641,-0.34124538244739805,-0.95196268792381356,-0.30229314616096598,0.048845619915949608,-0.059649453128411224,0.33952356084390639,0.93870426353210767,-28.201769973216152,9.9562277541777835,-15.295263694107639,0.2448986060414608,0.274105531051526,0.7428571428571429,1,4
