axis_00,axis_01,axis_02,axis_10,axis_11,axis_12,axis_20,axis_21,axis_22,location_x,location_y,location_z,dbh,dbh_approximation,score,reconstructed,number_clusters
-0.034400133233723026,-0.96401414214183234,-0.26361594144522038,0.99456108131316046,-0.058967752747347557,0.085854875651443313,-0.098310153955220761,-0.25922873661397089,0.96079944616076152,-22.671053123433381,3.7997337362714405,-4.8193318794434221,,0.1134887640094655,0.3461538461538461,0,1
-0.47482074055648882,-0.84921939096280552,-0.23102313812721795,0.86365683205424437,-0.50009739242519402,0.063241398905669877,-0.16923989122961608,-0.16949638374396489,0.97089074313967216,5.4720741853378456,5.9718290368534959,-0.31076552482426117,0.2824573939571837,0.1735385701941026,0.5494505494505495,1,5
0.67971363544851537,-0.64851783696144383,-0.34265724700962158,0.72988118750769371,0.64424041279943955,0.22853389822598758,0.072545336912313921,-0.40543668514190689,0.91123996204809921,6.2701752123468895,12.835180416403897,-0.47964297767285347,,0.1914385204389341,0.3448275862068966,0,5
0.2552884903032005,0.96634266810281222,-0.031774746618220953,-0.95511962965728803,0.25715797296772752,0.14702472575201361,0.1502473951921898,-0.007185036052024185,0.98862232196875588,-7.0129971251134684,-12.147112369429882,-1.1272143573811384,,0.1770253575853624,0.3181818181818182,0,6
-0.16763972091499102,-0.95710607050031937,-0.23631524238394427,0.97821926668330694,-0.19125632744268956,0.080672693662156444,-0.12240911020474471,-0.21764417525992549,0.9683217557786824,9.8697597849540468,1.2698833538305385,0.71941727416638335,,0.08853925262204183,0.2727272727272727,0,3
-0.4649920855619632,-0.8517958555422146,-0.24130101708414414,0.86818455575348774,-0.49208822475385794,0.064068371367743765,-0.17331456233062051,-0.17970253069921699,0.96833313634536033,6.7783840710582917,-16.322839497078885,1.9364671393746189,0.468162750588902,0.4584586820637423,0.2857142857142857,1,5
-0.5677325272520104,-0.79208284102858229,-0.22424216920136764,0.80506120948563631,-0.59110584874141958,0.049702359754941083,-0.17191924406990991,-0.15231102564087454,0.97326518739070056,-8.0615513446983602,10.368412808264104,-2.8512425500437986,,0.1025135735912818,0.3538461538461539,0,5
-0.73642833222615978,-0.64537183680000343,-0.2029002310496115,0.64783971572927046,-0.75914285039506479,0.063291669419228785,-0.19487692069204571,-0.084837049450371613,0.97715181053004274,-10.597957411467585,14.871907104020996,-3.6150574414365995,,0.09862015526178304,0.2962962962962963,0,3
-0.89003057878480152,-0.39276433996514354,-0.23147730359526802,0.40689477382753081,-0.91335588261778666,-0.014753803554508881,-0.20562638901617949,-0.10731824140950018,0.97272842212044897,-14.437647852095653,-2.0563349367580486,-3.0983040162921212,,0.6203287630164712,0.2982456140350877,0,3
-0.62878789924788958,-0.74727669486918114,-0.21494957330690043,0.75526980102361174,-0.65268855924256608,0.059709063764362524,-0.18491431913505127,-0.1248005846911612,0.97479818867269385,3.7379591710168762,-6.6667184492995295,0.26282256414133298,,0.07676557662276973,0.1923076923076923,0,1
0.97794277536653262,0.13954988498349677,-0.155414792441053,-0.098047176785318851,0.96369307533691395,0.24835943242024974,0.18443068950917904,-0.22764333099999448,0.95611915293983907,8.1359829660403697,18.471058743314511,-0.45226995374324119,,0.2853387179960347,0.4285714285714285,0,5
-0.77766481175267743,-0.55219986105442875,-0.30052080462613751,0.59661229039984676,-0.79893832378164709,-0.075837521958586548,-0.19822011882127463,-0.23827057779851876,0.95075544502781495,2.2825811351646403,0.89233074520868694,-0.60183217179615123,,0.1041178615128887,0.2956521739130435,0,3
-0.97242836915900899,-0.12534468089577924,-0.19665141196006425,0.14740530683409031,-0.98382058094383384,-0.10182701030908035,-0.18070623224421264,-0.12800693529052692,0.97517151421974435,12.507045629339341,0.40677802901953508,1.2884417349541006,0.3507910101542108,0.1588878187578932,0.2142857142857143,1,4
-0.98222233677041593,0.067204185430890503,-0.17527943008189498,-0.07437887867244225,-0.99662676850097609,0.034682368931941716,-0.17235737163432707,0.047102884920901519,0.98390764539942199,-12.383777411807101,-6.4544625207539408,-2.5376724244826514,,0.06278892694744712,0.1153846153846154,0,2
-0.13624209153564235,0.98390268423484706,-0.11564428411926087,-0.98761036750818099,-0.12571637014142989,0.093921010795340987,0.077870755000508357,0.12700748888914262,0.98884035277780069,7.0748260295638499,-14.062741866096159,1.732332134798493,0.2399195918166875,0.1596360849347941,0.12,1,5
-0.44212277044012532,-0.8666558237407852,-0.2311604183992787,0.88147837573281895,-0.46748488179553049,0.066736484834384657,-0.16590156410890022,-0.17425719057990149,0.97062407890873015,-14.478961298808388,11.823489461667224,-4.0396006385922218,0.2687366835052121,0.1794935211328488,0.5,1,5
0.50337013341241499,-0.81486953303995724,-0.28741286142344113,0.86398549645018674,0.47933699997010781,0.15415934088916361,0.012147868623436368,-0.32591975175324872,0.94531938767011925,-7.2715315227833335,10.02410926521776,-2.6665774247019924,,0.0736362118922347,0.2608695652173913,0,2
0.92192484436392841,0.35180182400390086,-0.16214209191963116,-0.33014097653960156,0.93254142921069494,0.14619650616602042,0.2026364156661484,-0.081252442629137611,0.97587730971304687,3.8468746078213791,11.160955873719665,-0.84919238180113299,,0.07069942430424017,0.2,0,5
0.10238956507127976,-0.96086464160026819,-0.25740147141557412,0.99177740323104657,0.078636692130903213,0.10096461306315099,-0.076772126483486317,-0.26562268572751463,0.96101541580877159,8.545756119004956,5.472307557164493,0.25177380665174592,,0.1046623432310986,0.3157894736842105,0,5
0.59689394447899069,-0.71188624682350266,-0.37004809231755159,0.80146117514938253,0.55038433206796566,0.23395955150895204,0.03711608509100283,-0.43622821847932597,0.89907026289933056,8.7684496619501058,0.95090769741505243,0.52742493201423879,,0.1574186530916413,0.3333333333333333,0,4
-0.21236086773227883,-0.9183191120926486,-0.33405519038231246,0.96489998563286616,-0.25110640023132658,0.076899892643351606,-0.15450203746775559,-0.3059993204702165,0.93941127111083667,-18.83842090715412,6.1916747013176074,-4.3741144966695371,1.256796653183413,0.8325974461916339,0.4137931034482759,1,5
-0.46853959353058289,0.87512725716439299,-0.120925320186147,-0.88342941700359268,-0.46486758480942003,0.058741754878010859,-0.0048077507098232639,0.13435182306683705,0.99092203183284266,19.735566130707326,-8.3935444942367905,3.4955397050911774,1.034013543320895,0.9249328018443244,0.9078947368421053,1,5
0.33854470497986788,-0.9187413106381036,-0.2032286565843362,0.94080484834567923,0.32670546323887423,0.090276118764243601,-0.016544487279982548,-0.22176100743109095,0.97496068409130765,-16.350076179215634,11.599709284219704,-4.356523903613847,,0.09460407031972959,0.1111111111111111,0,2
-0.97259836103954356,-0.12696969233885255,-0.19475914697536123,0.12622448841705797,-0.99186804126539663,0.016283956527718326,-0.19524294257935479,-0.0087456242614095837,0.98071591576217054,3.7392256564762922,-8.7039341119075431,0.491378106693313,,0.2140561506858133,0.1875,0,3
-0.42356428336390989,0.90510391103910592,0.037151151800863799,-0.90561337430941491,-0.42405847108287348,0.0062313220724244519,0.021394254610337653,-0.0310052144738454,0.99929022938538647,-6.1954075406472615,-8.489320083756791,-1.3419870682775883,,0.3265525389975303,0.125,0,4
0.58689606869459632,0.80846382133007222,-0.044036963464849387,-0.79402458023544331,0.58534679936409906,0.16399417811657968,0.15836025553387792,-0.061281106995401395,0.98547788173690776,-4.6536591994205763,9.2799965907637318,-2.203537474675529,,0.150814047299593,0.3157894736842105,0,5
0.076601824699468038,0.98620534305756924,-0.14673507343990363,-0.99133747186542065,0.091079926372891529,0.094628029079044149,0.10668728756598764,0.13821529704273189,0.98463920008051753,12.395448352443516,8.3537122952827545,0.90965874869054375,0.3064721389753765,0.2868802357354796,0.7619047619047619,1,5
-0.82667807003142901,0.55999217052144978,-0.054882943468700957,-0.55192662765852807,-0.82599370872692601,-0.11450498166029124,-0.10945485923702773,-0.064367399343259954,0.99190547517956029,-10.176345138118492,3.6109159982882622,-2.7638035145702018,1.034992748513937,0.438742641330231,0.271523178807947,1,5
-0.95764060360713199,0.24665251793524037,-0.14861699000845627,-0.24420408572083632,-0.96909942812437633,-0.034794581852015338,-0.15260681125106457,0.0029721718005759133,0.98828251393747213,-18.771862321305981,8.3410797126379705,-4.5145388790502343,,0.1138570456113479,0.25,0,1
-0.96196346203090966,0.21655118191855863,-0.1665289263977327,-0.22511068638878279,-0.97373499844244138,0.03413695478318237,-0.15476264598111927,0.070325944131403417,0.98544547540234273,-0.24715974073618932,8.4948495666101032,-1.4121903658608543,,0.06392736529203662,0.1515151515151515,0,5
0.9796397953247612,-0.056195676390588985,-0.19273795000223842,0.10711614249106642,0.95826708019139106,0.26504779765034875,0.16979989232592205,-0.28029671595734201,0.94477603038478686,-20.492930174265268,7.6766674693252055,-4.796762107335188,,0.2077718723927013,0.2413793103448276,0,3
-0.023524979864022091,-0.97465411929349399,-0.22247679219779218,0.99479370734546668,-0.044894259523859954,0.091487623685745117,-0.099156720136648099,-0.21916626840375453,0.97063592126281562,8.8871484330528858,-4.8658161751180824,1.0585710221319768,0.2596011631490245,0.2567840338303749,0.7456647398843931,1,3
0.84575175267255609,0.52670619481534686,-0.085349617424083535,-0.49555044412561061,0.83466803239862586,0.24033109041219786,0.19782247136816716,-0.16096540011736718,0.96693144006534737,-11.642253974414912,13.609445162726491,-3.6965822271609277,,0.1115197888916365,0.25,0,3
-0.017784505777540902,-0.96874666632172246,-0.24741383923458793,0.99584702509853573,-0.039260727850346962,0.082141937224888661,-0.089288375260417677,-0.24492548201281733,0.96542171837189605,-9.7047114698003085,-9.2550639875728162,-1.8631103736083126,,0.09991804161244539,0.1071428571428571,0,4
0.92375468384417891,-0.33540954893823727,-0.18487216815137403,0.3576682585939357,0.92811706645343073,0.10330599088271639,0.13693319856894909,-0.1615522993922604,0.97731783657659255,4.6620510569043576,-6.8491875249447043,0.44607651892363148,,0.06893397981039244,0.2272727272727273,0,5
0.85513061184319872,0.49233716593191174,-0.16234454635376494,-0.47821351749551699,0.87005448234700011,0.1196537898792093,0.20015860804182597,-0.024684261990717798,0.97945250974038156,7.8078555817322979,-0.61406121368163535,0.48097944226260364,,0.0700060728332674,0.2682926829268293,0,4
0.92894257494229604,0.33234459270653327,-0.16313419064777873,-0.30845680708030249,0.93845741368670388,0.15540939759965686,0.2047439635872137,-0.094046554403613106,0.97428699826047482,-15.950484453001971,8.8190955365304546,-4.0893731004864993,,0.08914890134573172,0.4,0,3
-0.9653629424918424,0.22386804645606986,-0.13400554853974037,-0.22819753876506968,-0.97345446549649461,0.017671641307477226,-0.12649218381014013,0.04763928400887834,0.99082300440293836,0.50011276437487717,-3.0649909130317838,-0.65680621184159615,,0.2990236382892597,0.2,0,5
-0.96026313566808874,-0.20472718601785861,-0.18968787410400814,0.20106912590991491,-0.97881842471920288,0.038544753677243415,-0.19356114507491345,-0.0011272690121391041,0.98108756611316916,5.7480833507445999,1.5386163854840895,-0.047053296785931044,,0.1017053388838498,0.3090909090909091,0,6
-0.63845591001520685,-0.72702296622749696,-0.25260969408244405,0.74270436771609016,-0.6680660041373564,0.04558548334051158,-0.20190164224715137,-0.15851000187280731,0.96649382106880843,-9.3439818123798588,-11.693306244937249,-1.6040981763088202,0.1434885141834688,0.1468563261346614,0.4705882352941176,1,5
-0.14350121786040587,-0.95842861182781225,-0.2466211598837241,0.98314497606612195,-0.16658628201959447,0.075332374705916069,-0.11328440540747328,-0.23165406681666778,0.96617960898518995,-5.2234772092413868,8.1818517838440012,-2.2323160731115581,,0.07276684102022689,0.2857142857142857,0,4
0.49809536938137622,-0.81621703633404119,-0.29272982867980235,0.86695585318177704,0.475377542830277,0.1496787907704572,0.01698680766620686,-0.32833815095222185,0.94440748990813739,-0.6222304197775862,-14.401458061715593,0.22544029073471467,0.174909495921834,0.1224271653142186,0.3571428571428572,1,5
0.94674215806423778,-0.21260373657318843,-0.24182418683620013,0.28481630144095732,0.9032586419571228,0.32094158372399922,0.15019640667261261,-0.37272439808106655,0.91570604589996196,-15.981297309904027,-10.219075274657087,-2.7096620581165833,,0.4419863601614524,0.5555555555555556,0,3
0.42858356111289314,0.90296749557743916,-0.031077855048207047,-0.89051024484326335,0.42798299317862587,0.15434397098381872,0.15266838236183891,-0.038474140412367741,0.98752828088442501,23.744109850306128,-7.5749921460599055,4.1789943282732125,0.2140695247729804,0.2210290103447387,0.7647058823529411,1,5
0.96404986903978096,-0.18910999761637437,-0.18666884797929281,0.21185290410085064,0.97105003203404816,0.11036386324657908,0.16039388089455675,-0.14594260545916221,0.97620415840303332,2.2736268769310568,7.5174390382825811,-0.97452218793419698,,0.0995065060367577,0.360655737704918,0,5
0.78265072544877456,0.60368299915343171,-0.15173884963193937,-0.59020032510055254,0.79716108348400172,0.12727051201992484,0.19779135017919403,-0.010052040177476646,0.98019260264631736,-27.790270161318823,6.9685310092992205,-5.9512506412295947,0.8790439621928819,0.8157651923030511,0.8805970149253731,1,1
-0.1005390181075176,-0.9562277083485976,-0.27480988996825667,0.98927409575812053,-0.12549589432617653,0.074749876048225958,-0.10596541558418136,-0.26434702626218859,0.95858853550749779,2.8485397403297177,-4.2846395299455624,-0.1501815035805554,,0.07211361214915819,0.2857142857142857,0,5
0.77285393642454381,-0.58975670592410034,-0.23427296209900281,0.62887061139349809,0.76122008106206007,0.15832164196166626,0.084962033159844755,-0.26968688511943678,0.95919259636212839,-1.2759328602476943,-11.435949256581749,-0.17653022423379885,,0.4073937206298471,0.3846153846153846,0,2
0.98283197883018103,-0.021423606331134177,-0.18325482389426814,0.061868230127883006,0.97399803671371488,0.21794528345131017,0.17382066473694649,-0.22554124582789109,0.95860185840671563,1.4143026001445624,11.022001728319683,-1.2700909758906886,,0.07856465963219547,0.4615384615384616,0,5
-0.91274010863723476,0.38111980790135519,-0.14715021614025764,-0.38690407495562351,-0.92204472768470669,0.011779513214439983,-0.13118967515633079,0.06768465242630807,0.98904401163866706,-25.466538179317908,7.7496407960351688,-5.6046362190820016,,0.1374071627084781,0.4615384615384616,0,1
-0.85508871696096944,0.51467851477307625,-0.062684228933777633,-0.5128933304878891,-0.85737040394413844,-0.043086215680937991,-0.075919152175737442,-0.0046922139384063836,0.99710293624142554,-8.1274129527473384,8.9001407928175098,-2.7330676830526834,,0.2108323147289398,0.25,0,5
-0.98270255439937548,0.014589962854074014,-0.18461533674334366,0.0095263668035418282,-0.99158934798342058,-0.12907289917460565,-0.18494577019349706,-0.12859898113799467,0.97429839584072131,17.003769506760239,6.4637553603125264,1.8468132518304279,,0.2783451292046796,0.6470588235294118,0,4
0.15753951486090104,-0.96431112998785684,-0.21280353812597846,0.98557627673808634,0.14004792556833306,0.0950051644653961,-0.061811843432163283,-0.22470118630205199,0.97246525536183981,-0.61463217448506946,4.9777247056722231,-1.3257868407986511,,0.07099999771566377,0.3,0,3
-0.95618828981324122,0.26609697754100525,-0.12205061641619008,-0.24596836878206244,-0.95631743993725549,-0.15797631351106345,-0.15875615258225911,-0.12103451001840872,0.97987097691577918,12.205891153380025,-1.5406190585295869,1.333317296089507,,0.3041461636234731,0.2962962962962963,0,4
-0.92670901135910599,0.35262673629815977,-0.12986451830094406,-0.35020597524306629,-0.9357397439287447,-0.041796011008466631,-0.13625778205255279,0.0067465902406426415,0.990650443067707,7.5323276254482661,2.2152007370279572,0.23380837821587197,,0.09834050724686531,0.4,0,5
0.73220250469956294,-0.62260550643853152,-0.27611931381941796,0.67734586432886645,0.70808923835903603,0.19952997418107507,0.071288653993936038,-0.33312462213492955,0.94018397877181104,8.2741319516254173,-8.4557002832085022,1.2808012172864782,0.7155236404397802,0.7368460099853054,0.8504672897196262,1,1
0.37862811425834536,0.91932546259395853,-0.10715150451380398,-0.91228411474074467,0.39022228354543448,0.1243553915850867,0.15613598267171833,0.050668168024795172,0.98643514316154945,-1.2653601279659918,7.4432963853396314,-1.5008774256793256,,0.1161738531294955,0.1532258064516129,0,5
-0.95798029508365545,-0.21477043945917942,-0.19012472897006832,0.21058875485642412,-0.97666448913080273,0.042176438907130749,-0.19474632360959201,0.0003660674486090454,0.98085357492093084,-18.514295251552618,10.785140617543538,-4.6488113097251871,,0.07767595618469821,0.2631578947368421,0,1
-0.9693509550623769,0.20934135180916374,-0.12858819674593905,-0.21179736529561058,-0.97729768809003925,0.0055771773957820547,-0.12450141354016073,0.032640883514057015,0.99168239409093384,9.9293961719277775,-6.0196265962005988,1.3550260389874311,,0.1588196971956474,0.2142857142857143,0,6
0.94991190050988705,0.27890364936783074,-0.14099693485675457,-0.23181560085933756,0.93140281741431008,0.28062487222430721,0.20959224333910378,-0.23388361653179254,0.94940483749035676,2.3154446852091066,11.258730785886561,-1.1226312877082334,0.4079967350498271,0.319778673651708,0.3333333333333333,1,5
0.76330998176285714,-0.60796413110183667,-0.21848910049422549,0.64101732747514317,0.75481353636488757,0.13911617877499863,0.080340883850079897,-0.24624406716491895,0.96587224919668713,10.45096946470901,-1.2892447104249385,1.0103342100031838,,0.6038670853310582,0.1785714285714286,0,1
-0.60232779741632148,-0.76077241980790455,-0.24171584498999643,0.77074049475681006,-0.63307537301995942,0.071935122281581623,-0.20775060577921314,-0.14297166619741156,0.96767700626970865,10.248550040402822,6.9423886256287419,0.54065538851278805,0.5576760360202818,0.5752203551680363,0.7674418604651163,1,4
0.96992385090040711,-0.11971180941321216,-0.21193585383681629,0.18297958836698955,0.93278915010430519,0.31052032411540414,0.16051851511764198,-0.33996100384412231,0.92663926215638248,-23.105536976766963,9.3749485519810971,-5.3466115182843339,,0.2720679903329793,0.1428571428571428,0,1
-0.71573756495239871,-0.64913586406992674,-0.25757012267381074,0.67436388318835461,-0.73827952188801782,-0.013292878240780013,-0.18152986301745394,-0.18321020042287645,0.96616816926137428,12.580161027565502,-10.291738860096864,2.3767766756180801,0.528592887929167,0.4989396594972555,0.375,1,5
-0.54509881555322481,0.83723380803288916,-0.043667287174930625,-0.83820200226306119,-0.54529690228889871,0.008288049005958021,-0.016872601597428049,0.041119813239817671,0.99901174981801721,-13.527247824493548,9.8851933481178627,-3.7274386558316213,,0.3098253078313905,0.1481481481481481,0,4
0.77331881498902111,0.62351273472669044,-0.11493424214575511,-0.60764213933437505,0.78061140597575429,0.14634501483036116,0.18096696076665236,-0.043332464667943896,0.98253409946763759,2.4704292269070254,-11.83362513641652,0.60522822060727022,,0.09003717288537331,0.3214285714285715,0,7
0.31599167534665368,-0.8848383297258301,-0.34236003177885416,0.94823442233669064,0.28250584010402291,0.14505836964105787,-0.031634497110220462,-0.37047480421092505,0.92830365615861921,5.3260644962484491,-8.5937369766108365,0.75950351533420313,,0.09490800014163711,0.5454545454545454,0,5
-0.80931685796662811,-0.51227778771362753,-0.28736334426342003,0.54821782391959262,-0.83442800197519507,-0.056454646013863803,-0.21086356002849752,-0.20322740399590741,0.95615646278064415,0.91934146192997046,6.9091425545264213,-1.1424182489564327,,0.2302820594545795,0.1666666666666667,0,4
0.072044301579929193,0.98908175273788812,-0.12855701074156489,-0.99163533930330039,0.084869757020021419,0.097244424972283222,0.10709328856043084,0.12047576828685982,0.98692280184470504,4.3595731622892337,-0.65311855589478496,-0.17157940811607852,,0.2048171314454885,0.17,0,3
-0.30992098275493662,-0.84942183931133619,-0.42712003388879122,0.93763731748375834,-0.34745253440430945,0.010630014011487507,-0.15743330432305791,-0.39718921842991911,0.90413244574727791,7.8165934728879121,0.46785736162755875,0.38727716834438436,,0.1083597103345054,0.3333333333333333,0,4
-0.89266811777003996,0.42658272222725252,-0.14550193336887712,-0.43354921707519384,-0.90094021539120217,0.018487959983197095,-0.12320189889113187,0.079585861734612073,0.98918521153602912,-15.406591803041561,7.3072702977588939,-3.8300414337909405,,0.06812329600939947,0.1785714285714286,0,1
-0.00093902860489971751,-0.93271383701943755,-0.3606161622248214,0.99573110799529763,-0.034155813967478424,0.085749291208014569,-0.092296688974941324,-0.35899620973583912,0.92876425566424858,-18.874158944862376,2.8082446110752586,-4.1011348934600793,,0.7780868049871309,0.5306122448979592,0,1
0.87234096014446705,0.48856359836285124,-0.018079259082511338,-0.46574954716348399,0.84171290850139735,0.27312403588686296,0.14865600751816122,-0.22983687697334687,0.96180892146616093,5.5163736730888902,-11.708023617326868,1.1507018059760024,,0.3975590827969158,0.6666666666666666,0,3
0.7140156292493568,-0.67186607798688813,-0.19692042666560067,0.69697610949700339,0.70877085542061458,0.10894116438129266,0.066377586413386216,-0.21503452689474656,0.97434807346506658,-5.0624890487643786,-5.6251646577655183,-1.3355753652885161,,0.07480370245086022,0.3409090909090909,0,3
-0.91230718455402648,-0.35230737088634684,-0.2087465387264093,0.37083112544113733,-0.92700087662712061,-0.056157378291811853,-0.17372356609040038,-0.12864249356919455,0.97635609868179496,13.652428029363955,-13.509483191826005,2.9535938864747804,0.898127891867822,0.6488948955354393,0.2,1,5
-0.056168775961459999,-0.93440387409031822,-0.35175910605412125,0.99060027413208751,-0.09616731359860381,0.09727766796474363,-0.12472435807179939,-0.34298869934770598,0.9310223341162901,-8.1964180954376076,-19.720394553117885,-0.49642828683621176,,0.5716331270146834,0.2195121951219512,0,3
0.40871593901969233,-0.86681767709114821,-0.28561931985346711,0.9124375168059139,0.38115513843484938,0.14892460632738908,-0.020225209920005257,-0.32147764327712847,0.94670114912609826,-11.137851003048244,-9.5319548768264735,-2.0725510338623971,0.645243453507284,0.5146881285681528,0.5903614457831325,1,6
-0.70153957587984006,-0.67561270123528372,-0.22669296725725291,0.68632111821950714,-0.72618123880832386,0.040300509782548365,-0.19184771606735321,-0.1273117682399057,0.97313214288059013,-0.50761733474884585,-4.295026937723291,-0.75474579067990488,,0.07365601439677753,0.2333333333333333,0,5
0.81439085242552856,-0.50416852529313805,-0.28737020998942098,0.5687569812691301,0.7917807926207634,0.22270759460436479,0.11525205309775438,-0.34481484095174675,0.93156840313321854,-4.1380545902658836,11.39637286064014,-2.2116186450677611,0.6154835885669576,0.5150994140714302,0.6260162601626016,1,4
0.97730685177545296,0.15869673959503408,-0.1403091668946122,-0.11778638100970303,0.95765369904440401,0.26272754167617801,0.17606159695229187,-0.2402389176392466,0.95461383633914143,-1.7393808288910904,10.949293314426455,-1.7845898694837208,0.610981537260245,0.2144123959308866,0.4230769230769231,1,5
-0.44550407789533014,0.87888933490175125,-0.17052757423534237,-0.8952798486977106,-0.43741813524458523,0.084494777796941214,-0.00033029446918117651,0.19031266892960202,0.98172347376970504,-3.1061580368621815,-5.6181195194398299,-1.0370435396600157,,0.08330635860411359,0.2461538461538462,0,5
-0.96044485761914511,-0.18635159028657813,-0.20692694428373323,0.20801368209002474,-0.97414026423939504,-0.088210280868793123,-0.18513774206328118,-0.12776474625366965,0.97437168784732531,4.6925800650151803,-9.8259876844322296,0.80447215510885595,,0.2704907726029114,0.1666666666666667,0,5
-0.96495071412694444,-0.17524012487276563,-0.19534845261858969,0.1776477646872418,-0.98408004072617827,0.0052673661339486897,-0.19316156710776147,-0.029620467230282201,0.98071975452395854,5.2562557411902633,4.2319192460724935,-0.22682934318003303,0.337758693018838,0.1759089674096675,0.4782608695652174,1,5
-0.93797700658205818,0.33071787438886391,-0.10404240809916054,-0.31743833821365675,-0.9398952198227789,-0.12581683983648867,-0.13939883986429957,-0.08498625367669943,0.98658263725371032,-18.097699832307033,12.336057784479273,-4.7104863064354214,,0.4796523490090224,0.5652173913043478,0,2
-0.7913954743203655,-0.57187460774171528,-0.21599221339090297,0.57936968286007395,-0.81438048297672516,0.033394603294709349,-0.19499736872034779,-0.098711002258376063,0.97582383872566147,2.1419676628047308,-9.045812082476262,0.23314826655542603,0.5921955895890447,0.509867854820985,0.9250936329588015,1,2
-0.18751828891717784,0.98219825623753054,-0.011112009967996399,-0.97847580591942196,-0.1857915038597219,0.089814332508130632,0.086150963731765326,0.027714662860983001,0.99589653524379285,3.3391879819322021,-10.157535178499177,0.55511013434757761,,0.2063537221999042,0.2142857142857143,0,5
0.88094329135066884,-0.4361737130024263,-0.18355219832496958,0.46027278627030149,0.87987307734500653,0.11820461066473829,0.10994489366598682,-0.18861564052089155,0.97587717490864079,-3.7604773731215686,-2.8971035597815913,-1.3977479877137942,,0.106611882380175,0.4921259842519685,1,6
0.72655188454099173,0.67681313391461173,-0.11851725963173369,-0.65013201963862566,0.73296914676764002,0.20021135564028239,0.22237516972570301,-0.068412072380539396,0.97255800456428576,-9.6168979026387635,12.305863610567009,-3.2308854062745005,0.8755828372075318,0.8237083645004768,0.6532258064516129,1,2
0.59489946864417154,-0.77238999915162032,-0.22250463235052675,0.80305774105489347,0.58301900344931545,0.12323597749350274,0.034538192464204781,-0.2519970849583934,0.96711146329354336,-21.563121597042944,9.2569696094572631,-5.0484350086935557,,0.09740570919705652,0.4705882352941176,0,1
-0.3293589562089122,0.94072587665784857,0.080978410402390136,-0.94381679181828604,-0.33046899795091295,0.00032384434033770024,0.027065502892300457,-0.076322122478620594,0.99671580311217356,-8.270983769770833,-9.1023451372126143,-1.649922254016273,,0.4056157193653344,0.36,0,1
0.81739356838394417,-0.51552953571003191,-0.25709346972484853,0.56780530561512221,0.79634069926482798,0.20841935037256601,0.097287662526551383,-0.31633967267006508,0.94364417139889978,-2.6618165087363783,-10.643960428332987,-0.49939632059441891,,0.277663943754864,0.2857142857142857,0,5
0.036081301445623659,-0.92259330578295018,-0.38408297516354217,0.99620694284999334,0.0027530402787793811,0.086972109245970902,-0.07918248987913748,-0.38576419337946805,0.9191931899240926,14.042591809917949,1.6618476174734642,1.5027270882906878,,0.2986337397151442,0.4444444444444444,0,3
0.71880783497850298,-0.62677497824992712,-0.30077969182330128,0.69001136975554822,0.69601077745063444,0.1986285661243975,0.084850491934864783,-0.35031717673041057,0.93277986133173196,-0.46436994694649136,14.420140661415578,-1.772246670215166,,0.3478107032324854,0.25,0,4
-0.94109630247166753,-0.25120251059932996,-0.22635160291623846,0.27486811925344362,-0.95819652154554347,-0.079416264808267259,-0.19693975345833975,-0.13695519255075994,0.97080276510790497,11.319891246114745,10.157306940513875,0.60413440168389587,,0.0958487108966283,0.3125,0,4
-0.64775637834553224,0.75176713625573444,-0.12352265848228612,-0.76032367061302997,-0.64815687431596491,0.042433267402905671,-0.048162124311620855,0.12140362071540522,0.99143409799087601,-12.911556275760567,17.693964948159799,-4.2242069467124281,,0.192186596192051,0.3636363636363636,0,1
-0.98195998462713596,0.068537294028250914,-0.1762306100493293,-0.077925183119178218,-0.99585517816047331,0.046905543028651797,-0.17228538657389444,0.059792168870640837,0.98323071662495753,6.0737715388592344,9.3659987796033199,-0.33802851614081414,,0.1185493209015594,0.5217391304347826,1,4
0.69056947540444547,-0.63418401082584364,-0.3477419158693339,0.72192617913620727,0.63364492441968001,0.27805880966977853,0.044004448836738853,-0.44306291897429639,0.89540988285396461,8.2732944153415229,-10.951159356377881,1.5826446064441333,,0.4380349529111022,0.2307692307692308,0,4
0.68647524443891073,-0.68694310831643768,-0.23845524676360214,0.72455455576748229,0.67389611238757974,0.14451548507164796,0.061420147257436948,-0.27198013832899431,0.96034075716144507,5.8729001401541057,11.24189428126973,-0.47504612987040123,,0.1046280995508436,0.3684210526315789,0,4
-0.66692638380048663,-0.71321656222182206,-0.21571122818085664,0.72108181721025921,-0.69071580362131557,0.054338674224823198,-0.18775039674940119,-0.11930554890803496,0.97494408789437581,-6.1516587029230019,-10.833978768818708,-1.111153030358855,,0.08629120528271976,0.25,0,4
-0.35717191685062794,0.93183741501657447,-0.064087859914942646,-0.93388354823058262,-0.35502059151895771,0.042683696440057872,0.017021755417868597,0.075096015691637028,0.99703101670396221,-1.6793909327385781,-13.238307518752338,-0.10422985414927639,0.5638825031784493,0.2805998579794167,0.4375,1,3
-0.95776107770682073,-0.14370063866562022,-0.24908601822856891,0.16522617584685789,-0.98393144948914146,-0.067669886369201931,-0.23535936107343022,-0.10596711354609221,0.96611435244582577,8.6564285902244436,-16.700622777016704,2.3337841468831848,,0.3382148747240644,0.4,0,4
0.98147738212036473,0.077926871421923893,-0.17501300264993855,-0.019363953021592387,0.9492076857544961,0.31405382759643558,0.1905969194649641,-0.30484778499274862,0.93313484678018643,-3.4863769964408813,-12.982794152338982,-0.45588190515666865,,0.2688245925973663,0.3,0,4
-0.17001302692542705,0.98325038612007054,0.065682942004652342,-0.98391841989666751,-0.1730774674881726,0.044144458722761043,0.054773293343554012,-0.057121523461940799,0.99686359041429962,15.254668853909516,-10.647327233292174,2.9109135895800682,,0.2679419086757187,0.3157894736842105,0,3
0.51874620279038541,-0.77131831310144883,-0.36874169409614216,0.8547746309173373,0.47610702364730101,0.20659727097384156,0.016208251931871445,-0.42236259529940001,0.90628203703994348,16.509137556190353,-4.2520850147017519,2.4267200190624312,,0.3494358844996238,0.1515151515151515,0,3
-0.13609232652832248,-0.87053107889326409,-0.47292126124867578,0.98389008413379908,-0.17462279707781259,0.038303799862503589,-0.11592748165682758,-0.46008968628045877,0.88027171917258329,-12.905696073659293,14.60344793379217,-3.9647679044530699,,0.5944595351335596,0.2291666666666667,0,1
0.034458682718179118,0.99803138011777826,-0.052401941619862343,-0.99292121186345739,0.04015142066481342,0.11178251406280319,0.11366646918476647,0.048179121191661387,0.99235009248967609,-5.3936972198167847,10.553160412955739,-2.3943423611991408,0.7096576761795164,0.588688933401346,0.6716417910447762,1,2
0.93737508995793284,-0.2780466509858831,-0.209804672497759,0.31873233318889332,0.92763539678189488,0.19468505442704259,0.14049071323871062,-0.24936445318615649,0.95816477131068012,3.5538698101914719,10.113276443279979,-0.84378504879228722,,0.08736357493214347,0.2580645161290323,0,4
0.974399280443071,-0.10516350297986744,-0.19871255600245494,0.15374036206604022,0.95657877483306342,0.24763066976987677,0.16404250468652395,-0.27184128674628938,0.94825754490870962,-3.2079787622993519,14.560628929287946,-2.2204694160764373,,0.3214179216362165,0.2777777777777778,0,1
0.76052153716392834,-0.60497422899581432,-0.23582445539158067,0.64491429014646517,0.74599132234554366,0.16607981620301654,0.075448988559796537,-0.27839383835865883,0.95749899263092531,0.39309277014641264,12.684193223093333,-1.5340088166845742,0.8779151938191621,0.9008084367048663,0.8594249201277955,1,4
-0.7624613013599747,-0.57810728261898769,-0.29059376062012421,0.6100365185676766,-0.79197699790114828,-0.025057549946370591,-0.21565762203614491,-0.19637821818719159,0.95651836651438171,-3.0891553096618343,-18.593297323589049,0.30168919430270857,,0.2487163972501871,0.45,0,4
0.61960341789526729,-0.73451266285354921,-0.27673588968598173,0.7847184672302433,0.58756100919719556,0.19745629303466269,0.01756507103089848,-0.33950435723118777,0.94044046047621654,18.521943284423109,-2.9636946929870724,2.6497598894739394,0.5536796796431719,0.4555862582689013,0.5689655172413793,1,3
0.54649781314041779,0.83710003594336202,-0.024569697929864853,-0.82586811906346025,0.54356561491726962,0.14992755648710557,0.13885960588783497,-0.06164375153439465,0.98839165200311307,-1.8671893840224376,-2.3640563107677064,-1.1066245107238299,,0.2884091848865179,0.2896174863387978,0,4
-0.15077291485596661,-0.95363087736357577,-0.26049122419884452,0.97900982038897799,-0.18059271260654608,0.094477742010224935,-0.13713970879280962,-0.24077878206392417,0.96084248364653257,-0.17780184853662734,-20.043726526273499,1.0602825994577176,,0.179621850704391,0.3888888888888889,0,4
0.97878975468748231,-0.072926363821235421,-0.19144806496444564,0.1159525939866568,0.9676131418901921,0.22423158472694188,0.16889526952103581,-0.24167447755442237,0.95554583083817224,8.3550216911031256,14.066232289352145,-0.16949627090202135,,0.5767819945626136,0.5652173913043478,0,2
0.92755507691448491,-0.30928710621233874,-0.20972139905351378,0.34720244395807398,0.92081283992750562,0.17763495358229409,0.1381739563004048,-0.23758198533441205,0.96148986372444656,7.6724475671570245,-9.5132261491926151,1.2969124952405504,,0.06856908290791937,0.4,0,4
0.95561568297530197,0.24684321401609866,-0.16083250338737223,-0.2268411003860811,0.96481302904450272,0.1329621531173516,0.18799409997996866,-0.09057729671486496,0.97798464798408191,8.0190241058756015,9.621181370767129,-0.024298038300601784,,0.08960608936683735,0.2631578947368421,0,4
0.38356558964113996,-0.85304646983629029,-0.35382080032565738,0.92351067352917882,0.35526776832200163,0.14461275417191724,0.0023397266779436733,-0.38222576194096164,0.92406601094712104,-9.4590749159706977,8.8882623050770064,-2.9549563099144485,0.6181271225330834,0.420522637690189,0.1833333333333333,1,4
-0.79470588220915006,0.60086829286944321,-0.08602241223272622,-0.60036418310682127,-0.7989813137550752,-0.034521122703243159,-0.089472948004718597,0.024210635976247733,0.99569495161970667,2.0637351481638562,10.149489016697274,-1.107985144741011,,0.07783967278328063,0.2608695652173913,0,4
-0.69015971831952871,0.70760876103151915,-0.15155660500468526,-0.71961145689747219,-0.6931958849864015,0.040482294152079296,-0.076412788923091071,0.13700111805878379,0.98761924816177882,9.6846703420272924,12.464946940917725,0.12765920610853368,0.3820911410544627,0.2991778296783987,0.2,1,4
0.38330394928421302,0.91680164064039893,-0.11203943137216998,-0.90821531815541967,0.39619068869816298,0.1348253464921392,0.16799707834059399,0.050076840035578343,0.98451474938726868,0.94604156866349387,9.1961908736049178,-1.2455545648856414,,0.08831739439451666,0.2941176470588235,0,4
0.98353224224117486,-0.0076050295625948467,-0.18057267788178999,0.041050916336432208,0.98240072193513794,0.18221867030921973,0.17600895073827322,-0.18663061127980302,0.96653497825652468,-6.6180243752723671,-6.6255944933977124,-1.544342701190198,,0.07224705316642577,0.1355932203389831,0,2
-0.68338711075261527,-0.70325688572783096,-0.19598930974312329,0.70483468856102605,-0.70551275407081571,0.073890565328020477,-0.19023700654256154,-0.087644204142691515,0.97781817063394794,-16.476524824117433,7.0310166350004062,-4.0066208757556883,,0.0684350475771327,0.2,0,1
0.75439927408866059,-0.55129548656909888,-0.35630748201945261,0.65179936088888624,0.69339469174611468,0.3071829985581061,0.077713116005866847,-0.46397962018482114,0.8824304979168659,5.6729844375105021,-12.897808991195703,1.3038780089003359,,0.3920585395203153,0.3076923076923077,0,1
0.59199922945318262,-0.73802974457163162,-0.3238039660880786,0.8058928765720641,0.54636268254709908,0.22808877791408488,0.008578101027684925,-0.39597969044822118,0.91821920091843501,4.4215112000624739,16.161931775823994,-1.0084413910594678,,0.15405434179127,0.1666666666666667,0,3
0.97030859783623069,-0.1804663694649562,-0.16103761814316497,0.20636816180055045,0.96496031847532437,0.16206099334219731,0.12614835218958559,-0.19048221245075828,0.97355180652069795,-3.904983013142751,-15.18804734468239,-0.26744362632061081,,0.1185117144753804,0.25,0,4
0.80056810646735499,-0.53681770263525763,-0.26630332526027184,0.58986913903599802,0.7842458397971791,0.19238726978089721,0.10557038277947253,-0.31110322547061703,0.94449440304407029,11.137465447148292,4.4238701133141332,0.82869660928529909,,0.1046041725185759,0.2857142857142857,0,6
0.079316489673319626,0.99286569215184117,-0.08903152146148946,-0.9945678548309822,0.084858017258593224,0.060281830130132712,0.067406799381071789,0.083766546155286753,0.99420294162832479,33.457820360564966,-3.1135306366995281,5.7683747346688996,0.4580360234404312,0.4902407797944042,0.2,1,3
0.57143176417739505,-0.76340949149361925,-0.30111739768164231,0.8198891645041958,0.54687409559716293,0.16944167578667546,0.035319920975586803,-0.34370724732283359,0.93841239938528065,-8.7379899502387115,12.889261051681123,-3.1140600550836171,,0.2379047821918911,0.1333333333333333,0,2
-0.90428049365864704,0.39942404070345472,-0.15078867496134851,-0.40735406424069154,-0.91293832810711728,0.024622660692384404,-0.12782587819007876,0.083690171353072579,0.98825932835659536,-8.4120845238778745,3.4264590576528917,-2.5069064651095436,,0.06564096984372393,0.1595744680851064,0,2
-0.90748092134375791,0.41277273509890433,-0.078083586982502076,-0.39978513232124269,-0.90565452643824906,-0.14128597494725514,-0.12903575230133166,-0.096997669564169359,0.98688460659144417,-11.319890345688695,11.904380087782995,-3.5275292313592534,,0.5293045625335148,0.2647058823529412,0,1
0.9406739032358431,-0.28252420191239147,-0.18791669192706298,0.30740142425333711,0.94405297317467896,0.11945019132286536,0.14365574175111906,-0.1701295364533027,0.97489433719153418,5.9177083768776164,-9.7591400735066234,0.99798559870810899,,0.07219749850561567,0.4,0,1
0.27527968230627453,-0.86297784764708918,-0.42366299222348203,0.96062962556808684,0.22969465032685901,0.15630447879743922,-0.037574179835010664,-0.45001066885310581,0.89223235702820547,3.2298952228590112,22.562363979510859,-1.64347686311644,,0.1416065236164641,0.1666666666666667,0,2
-0.067783064044655048,-0.97678811552476663,-0.20320047637319336,0.99210874657200687,-0.087522599880318352,0.089777666964063377,-0.10547839211913866,-0.19551156456783883,0.97501258295275184,6.6056413512406786,-11.585198189821105,1.3311784628947578,,0.0730533891520624,0.2272727272727273,0,3
-0.61023298387753688,-0.75454083169941455,-0.24142046037209347,0.78489383999942475,-0.61718491840570777,-0.054994876338590688,-0.10750518740449228,-0.22304911968195584,0.96886104519184257,13.812449140632959,-6.9210563887555336,2.1575884749464329,,0.6170650720704063,0.2083333333333333,0,3
-0.87753324284635936,0.4634179273721733,-0.1232040270836654,-0.45815160984183811,-0.88612665598577889,-0.06983302908218858,-0.14153625012301832,-0.0048346811208983854,0.98992126745492981,-16.506682423233325,-11.334686587460517,-2.6611674933968361,,0.3183915665906445,0.2692307692307692,0,2
0.4888369205685989,0.86877903115252186,0.079129388464047948,-0.85596750614576567,0.46015630049552708,0.23574521742098606,0.16839861493375519,-0.18297315142926035,0.96858800960183133,14.989433004161187,7.0125116473263462,1.4219096570541925,,0.258327736733736,0.25,0,2
0.51312524603116949,0.85689705748866796,-0.049294165503771033,-0.84096822770245605,0.51341337573648216,0.17081904346371374,0.17168261962248921,-0.046196736704349296,0.98406856450017133,-2.2869911886385843,-15.921964607163412,0.089695330948165397,,0.7347888591217695,0.3703703703703703,0,1
0.97774616040294049,-0.056331881455049006,-0.20208702320792618,0.12678191856072754,0.92613747893367571,0.35524036262851044,0.1671490082033622,-0.37295588109870165,0.91266922803966777,-12.530206557514578,-1.7044498884110093,-2.828155245740565,,0.435724191172911,0.375,0,1
