axis_00,axis_01,axis_02,axis_10,axis_11,axis_12,axis_20,axis_21,axis_22,location_x,location_y,location_z,dbh,dbh_approximation,score,reconstructed,number_clusters
0.3034672699751273,-0.78417476302921796,-0.54127401293791411,0.94800627003678406,0.30563923506141588,0.088706087513860207,0.095873500117536606,-0.54005055228111987,0.83615409641768201,4.3878616263742707,-10.75909993958323,1.7465748986421721,,0.4493068354799479,0.282051282051282,0,4
0.3851779468306078,0.87300326261444394,-0.29917094233881208,-0.90034020206493026,0.42664391924447315,0.085804934108681924,0.20254745078878991,0.23630545832936409,0.95033376270798209,-18.978446167143822,13.822457064662796,-11.982851312953652,,0.1247531520314738,0.3125,0,1
0.18643948966502968,0.93101287673712241,-0.31377593923548447,-0.97638572154006298,0.21106011392557114,0.046092852834408997,0.10913862499652842,0.29777281887269702,0.94837761934499198,22.061073299938403,-9.2056925976904971,10.297252976571681,,0.1995844190428983,0.4545454545454545,0,4
0.80401640174757227,0.55135035482298922,-0.22264413748726991,-0.46768733168084548,0.8176187075856105,0.33580978066650569,0.36718685366736281,-0.16586872894732085,0.91523842754293416,6.2886853362292383,3.7422556180438691,2.0323579217510233,0.9916907445214684,0.3710478632627296,0.2028985507246377,1,1
-0.43593033257652614,0.8321200069818947,-0.34284258650315064,-0.88802937704705454,-0.45958311452587414,0.0136816060503422,-0.14617992557509024,0.31041851559330058,0.93929323139034293,-10.568082860154966,6.0919757374354573,-6.8207030996483118,0.3567287837769547,0.2406024001166918,0.348993288590604,1,5
0.032844975874092533,-0.76503998937030759,-0.64314463554017975,0.99940079280431926,0.018108573322626019,0.029498049330722212,-0.010920755556687594,-0.64372812136530078,0.76517634755758912,3.3039791703834536,21.57471410763571,-0.88625468074568514,,0.4919772297149288,0.1142857142857143,0,3
0.79197314299482302,-0.32138823115943199,-0.51912247653816102,0.51803815528741437,0.80370064586957368,0.29274859776819318,0.32313311566800901,-0.50077427719586598,0.80300069293721255,0.33431452362977121,22.167862431235864,-2.4691233744734986,,0.3527543971020596,0.25,0,1
0.5929566796484983,0.76622393242558151,-0.24759495438822238,-0.75164409400736787,0.63697736448693454,0.17114611615552791,0.28884863164652663,0.084621052401613023,0.95362767655221292,-19.723959442910701,9.168612933668987,-12.111532920870088,,0.07773773670993539,0.2857142857142857,0,2
0.68062153259513347,-0.46180753755974391,-0.56876016704834165,0.68233287014146848,0.68226184773572651,0.26256546888107357,0.26678864985669409,-0.56679146904063216,0.77946856699318179,9.4977575092470854,16.259213416356829,2.4776563543669687,,0.4805857453814152,0.2857142857142857,0,2
-0.91387516415877457,0.051326899810341227,-0.40273779769178975,0.073381531566095046,-0.9547564593235468,-0.28819308493608858,-0.39930857135652364,-0.29292601921957118,0.86876176947733408,11.343182825397825,-5.3017957920863061,4.8933938092002274,,0.1644378589248236,0.2666666666666667,0,1
0.60568328980268049,-0.5711577749684299,-0.55400952026739825,0.73295787459036377,0.67147432930632178,0.10906410572961091,0.30971035909342254,-0.47212394683571796,0.82533536958892373,5.4670893082923193,8.5889336724805112,1.2389772497673905,,0.3807655471808857,0.1884057971014493,0,4
0.92049143396294308,0.041368717197214799,-0.38856678864553434,-0.0015974477090740958,0.99477040878225342,0.10212385603769078,0.39075947609963757,-0.093383419559614961,0.91574372440639284,-4.8959163303996309,22.42964824885906,-5.265610577277525,0.2681356453345662,0.3092815936246108,0.3103448275862069,1,4
0.3052091366255551,0.94183167189842165,-0.14071419519474951,-0.93711385765896449,0.32332079003301512,0.13145829953243737,0.16930741479278533,0.091742948183769477,0.98128397049719174,18.498866322150743,-7.2823489792441682,8.5302576982283504,,0.582036550299368,0.5769230769230769,0,1
-0.3472549991736032,0.90162869822562985,-0.25783649098779032,-0.93022037981167682,-0.36600301000380486,-0.027052571988153265,-0.11876030705568394,0.23045061771258246,0.96580976504896054,-20.08104712252478,13.389694824435878,-12.503375768118159,,0.2980539959872765,0.2307692307692308,0,3
0.21839987796337049,-0.86512358314759352,-0.45151154934005183,0.97553254696330105,0.20552547339194757,0.078073872725201915,0.025253576397809962,-0.45751553598635863,0.88884295081315423,-13.715924826959048,12.563489760688308,-8.9341960856325517,,0.159471577665475,0.2916666666666667,0,4
-0.56907343883201045,0.75301357182160833,-0.33034221932470709,-0.79507644950019429,-0.60637881565607998,-0.012576620122045997,-0.20978288935486233,0.25549029839896603,0.94377743496967137,-7.3442672225228049,9.0872200276496375,-5.3272057635177772,,0.1976494709668441,0.1785714285714286,0,6
0.86800714898509945,-0.17276578225936073,-0.4655271998402144,0.33861772780949673,0.89166110619543848,0.30046381830673169,0.36318263136319362,-0.418440504945014,0.83246977128149746,-13.183337397011824,10.878443046621641,-8.46675832444161,,0.6609615891451126,0.1041666666666667,0,1
0.91445278507048233,-0.030635707222750035,-0.40353135853338534,0.097232541497184757,0.9845547259034152,0.14559472715469074,0.39283830865998276,-0.17237588330219672,0.90330759883051537,-12.813024032447327,17.200896413136963,-9.1068399458121601,,0.1056014233558693,0.3,0,1
0.74869178773259204,-0.51703923604107505,-0.41488677416355169,0.59059967585317574,0.8044848950274176,0.063214528036279069,0.30108575167865381,-0.2923601923429171,0.90767443947117599,-1.8122634910870388,1.7900631274407439,-1.9368758127518302,0.4844541804670142,0.410903721116043,0.9624924379915305,1,5
-0.76021631227508324,0.57049757828207837,-0.31081131209329527,-0.56875070060439847,-0.81564855775006584,-0.10601920015847316,-0.31399649538311392,0.096176626134005558,0.94454023602629078,-9.2566812335051551,14.568950777605842,-6.8432281562552149,,0.09301661031229784,0.1891891891891892,0,3
-0.76315867950943417,-0.49243132021749764,-0.41844978761886104,0.5522420047327502,-0.83325982462723014,-0.026586328647473775,-0.33558545573098197,-0.25137513705824316,0.90785072692088498,-11.261771176810646,16.081795680994411,-8.1261259861653379,,0.1200884249026005,0.391304347826087,0,4
0.83237950338657962,0.42303917414190018,-0.3580254453013767,-0.40309524583055845,0.90547978738857915,0.13274252302685061,0.38034009140598318,0.033826199491982054,0.92422789564977759,-6.5361410326525338,-10.779840865367492,-3.4841392805111946,0.5429489259215488,0.2090918112849329,0.2058823529411765,1,5
0.90738081682785376,-0.054582352977923403,-0.41675030893354936,0.18298806154358821,0.94393173041925993,0.27478765918472386,0.37838528325680887,-0.32559738182469061,0.86649346354347634,-21.186076624388974,14.642648678076768,-13.206805723346802,,0.3578449972749107,0.1428571428571428,0,3
0.89037557408933876,-0.1888838379075109,-0.41419105838056086,0.25229471164534212,0.96208751194735109,0.10360983462369182,0.37891782161950854,-0.19674987962457377,0.9042736141936476,5.9737500427193844,19.717209709242812,0.54159894018970589,,0.1576697765484031,0.1923076923076923,0,2
0.71368193141393244,0.6333846884009886,-0.29913531599004117,-0.62128584069889592,0.76961505007776965,0.14729758599806847,0.32351507680530939,0.080724910609891357,0.94277329400374954,16.625274122620365,3.7978410208055737,7.0225393468812065,,0.5128423263742921,0.5869565217391305,0,3
-0.20537527018831622,-0.84493579410910324,-0.49386688715512655,0.96989733460396155,-0.24318193640473107,0.012716372697268555,-0.13084402440771442,-0.47638854902239602,0.86944453051194071,-20.092552358387749,5.4045015060697725,-11.9521006065136,0.3921514426585384,0.2789550477279062,0.6035502958579881,1,5
-0.83854957800426,-0.30679525409323205,-0.4502346913496863,0.38907010268040698,-0.91569105446352217,-0.1006694987359175,-0.38139095483392854,-0.25958922327660772,0.88721720831457751,-3.0012646178598121,17.271185342125751,-3.9090123523117692,,0.4483185626153139,0.5641025641025641,0,2
-0.32156142548414268,-0.76647757416898576,-0.55597695809865355,0.92510348543314258,-0.37953083615557659,-0.011827326261622004,-0.20194501944850296,-0.5181394336499342,0.83111355205944515,21.580170880028462,2.8385799614449865,9.5865772212068752,,0.3149122606732671,0.52,0,4
0.29380271074083014,-0.79907467477834293,-0.52455660446630903,0.94871445063514048,0.31077638882007691,0.057956253398699906,0.11670843293182365,-0.51468213518620998,0.84940063656837472,1.3882319781175627,-5.5991603635904621,0.044090288434291802,,0.2944549159008614,0.6104972375690608,0,5
-0.76277201876311473,-0.44710701634283356,-0.46719820561411735,0.5423179519676492,-0.83580616229675087,-0.085552896154316022,-0.35223583912721934,-0.31862732934226762,0.88000371512315634,-14.748066685774077,15.68752236246943,-9.9535838490740591,,0.3363123835555517,0.5185185185185185,0,1
0.84673696327147241,-0.33717748440636547,-0.41151896558870871,0.40152605194725088,0.91247357709055366,0.07854171324349489,0.34901768527892574,-0.2317397573161864,0.90801064985030666,-3.3490002214853751,20.379547698446231,-4.2162073186361013,,0.09630582654340071,0.25,0,2
0.92205592365359457,0.030675460781218414,-0.38583920194969185,0.080561977500346368,0.95981245091558165,0.26883047976123586,0.37857976892135808,-0.27896070542870816,0.88252948018191835,14.345930993870486,-7.6048505549013337,6.4108798747641718,,0.2725089292576641,0.32,1,5
0.80218075258758037,-0.39933303772743983,-0.44389093835918608,0.5004991764928175,0.85511446339248842,0.13520291722809968,0.32558656991349488,-0.33062422699546995,0.88582222032167002,-0.047132177791373839,8.5833930361847539,-1.4853152639474063,,0.06979669543419348,0.2777777777777778,0,5
0.88719899172976813,0.36337770432051208,-0.28431425056869258,-0.30255257159282939,0.92342627790968768,0.23610559224301719,0.34833875824583266,-0.12345263572971862,0.92920372159991738,-22.537704685644858,9.7068261703234882,-13.780639811209612,,0.2640000985824841,0.2142857142857143,0,3
-0.72323730185736235,0.63358681827163943,-0.2747645335819458,-0.60871364702398323,-0.77277239510069773,-0.17969563516427878,-0.32618323244588288,0.037290334977751943,0.9445707648389311,-15.456611130765159,16.949638833530276,-10.419093402563602,,0.4108246331185647,0.3,0,2
-0.92572262672817451,0.10641500978974755,-0.36292349614614133,-0.06793725717960622,-0.99077922021461007,-0.11722229258056235,-0.3720512699217709,-0.08385930170457441,0.92441628613261695,20.917811941798085,-14.835385969259008,9.8721311652766026,,0.2723002419372382,0.1333333333333333,0,3
0.87105455949948296,0.29826880190902066,-0.39025591114411173,-0.30035204436577317,0.95210593295138157,0.057296962258757682,0.38865486465560173,0.067305380517000746,0.91892185844771346,-6.0055437446817628,-7.3031448862510668,-3.4753557695584512,0.2379745679664416,0.2288268134392692,0.8312883435582822,1,5
-0.090763581672764354,0.94783315625032394,-0.30557205394878595,-0.99538443021484224,-0.095947936691636745,-0.0019569186213528808,-0.031173840440413467,0.30398404786627531,0.95216694456120921,-10.843797068965177,23.767369611106652,-8.3940587595465956,,0.2230477701259526,0.5384615384615384,0,5
0.22147712008375287,-0.85665025363988445,-0.46593800898631216,0.9735087919007217,0.22206991262891662,0.054457194171043583,0.056820043746940732,-0.46565577076173675,0.88313995820871383,-9.9115793244578825,15.169004506623947,-7.1245165186993704,,0.09929687102578848,0.1818181818181818,0,5
0.31606280174355444,0.88118718972902821,-0.35158703333807551,-0.93223304252318817,0.35727608217630336,0.057405187332747312,0.17619835351662927,0.30961740545745453,0.93439349444215403,-20.485218267462024,1.2493014403106106,-11.835641491827973,0.2488113511580719,0.2078504386380837,0.66,1,5
-0.61207334539494029,-0.59620333245401258,-0.51952652119769271,0.73943568193172582,-0.66439287110404521,-0.10870595711499574,-0.28035886314366826,-0.45069246631916748,0.84751118497630251,0.9849472444991173,9.2830454317782305,-1.0671356876897393,0.1935453968651136,0.3563736744217666,0.6529411764705882,1,5
-0.15032457408675393,0.92669945911625862,-0.34442798216647663,-0.98823445364703266,-0.15078663719853044,0.025613564127447606,-0.028199061165013119,0.34422594689534003,0.93846327068959901,15.681353907284105,-5.5341664252561875,7.0978599691332578,,0.5180416900266588,0.2608695652173913,0,5
-0.91524724120178047,0.23560490945140691,-0.32682229745677732,-0.19672628184995858,-0.96925282280032077,-0.14780979508511161,-0.3515981477511258,-0.070987971769915933,0.93345564991700247,-9.6272051263776994,12.73543467836164,-6.7265659952326988,,0.203308745883934,0.2222222222222222,0,5
-0.71826684800549045,-0.39853108533708248,-0.57032070721332173,0.57591842377562008,-0.80048660360041024,-0.16594928927863395,-0.39039813551304464,-0.44765407568380927,0.80448438413160739,-4.8775379193315791,-6.5093408445115299,-3.0883568178674472,,0.3188937779796708,0.2436974789915966,0,2
-0.74282974874628105,-0.40475955437644173,-0.53326697583717086,0.54656126975210462,-0.82664297988963131,-0.13391102346766673,-0.38661963579790487,-0.39093616734727321,0.83528089303857578,-16.512088836756323,6.2733618077813968,-10.169549743049039,,0.2640063328706884,0.1515151515151515,0,3
0.91395487288270039,0.17104484975901513,-0.36800835548243177,-0.043034125179891941,0.94257245697050329,0.3312177945560752,0.40352763772010625,-0.28688119968290882,0.86882945556911595,-5.0575223575610018,-13.195183301409685,-2.5727323192624052,,0.3024268385918548,0.1363636363636364,0,3
-0.2588587419502078,0.9003337450381782,-0.34984467876685549,-0.96304940064909328,-0.26844676397438455,0.021729860126169391,-0.074350545562070575,0.342542672461709,0.93655566514618482,-10.685965132018607,-7.9376593133106894,-5.7147465110877826,,0.08772821930901314,0.3478260869565217,0,1
-0.7763558383031306,0.57885935442696268,-0.2493861666673636,-0.54578302429878645,-0.81530685769206412,-0.19337946681993207,-0.31526576522025396,-0.014020541811605843,0.94889984808060523,-36.655353599094539,10.048196714699966,-21.569789958131551,,0.413595024332908,0.2,0,1
0.56661643259103467,-0.62662745360974681,-0.53505499969664172,0.78843352181780946,0.60098769508607541,0.13109680403843305,0.23941261452098639,-0.49613690120539333,0.83458359393803971,19.729819862339543,1.4835608021715156,8.698363013964622,0.65484737803323,0.2950605919256667,0.2272727272727273,1,5
0.64905208389532398,-0.60584311072724983,-0.46009294449650728,0.71831904974273875,0.68721407309488614,0.10841845099900843,0.25049777477619511,-0.40086274823767948,0.88122637381521263,-14.383017847686396,-16.103867849917435,-6.9950725013185586,0.3507882934744087,0.1532133382012091,0.7407407407407407,1,3
0.74829137682750702,-0.43513565661185027,-0.50071646239220846,0.55789343717938744,0.82117398900564365,0.12011741144699951,0.35890796608289838,-0.36922925144892405,0.85723674195446409,4.89297889054113,-16.5316083002899,2.4185263026479613,0.1947043315227411,0.2710077974764139,0.4,1,5
0.59507842818718126,-0.67392367909533679,-0.43784533691804978,0.77084061548373983,0.63274521780072335,0.073744388742235351,0.2273464532974383,-0.38139266393694859,0.8960207732347254,-9.9337082181433818,7.5470961114085124,-6.5998996043550218,,0.07083047360426589,0.3406593406593407,0,5
-0.59081217982248568,-0.6114691184874208,-0.52635205453158362,0.75351170077760954,-0.65137064240537934,-0.089086491701253712,-0.28837663734192631,-0.44924581617263815,0.84558684455633726,2.1530640752404953,6.3612159735765115,-0.28746188684244217,0.4690520345938451,0.5463565384592062,0.5277777777777778,1,5
-0.83443969908904325,-0.28680626487812028,-0.47058745734544422,0.4110843873241245,-0.89265052335491846,-0.18489096693062362,-0.36704225244859462,-0.34773151939514108,0.86276461177809716,4.8152819807452021,4.0617690142783953,1.2292071172526717,,0.2318639199116397,0.2962962962962963,0,5
-0.64721419901039912,-0.63077739925552645,-0.42805800213027478,0.69950602686840091,-0.71461189148974724,-0.0046003169706063029,-0.30299356259516769,-0.30240654280269891,0.90373955534545913,3.1007263256796787,8.3921688586057925,0.014135656904355193,0.2989530561580435,0.09521619346852325,0.3552631578947368,1,5
0.16781612361760859,0.94327050632992093,-0.28649345636864754,-0.98379629857461637,0.1788477390179381,0.012582891522065799,0.063107777372080356,0.27973958986218977,0.9579995669617446,2.2332587272197277,-11.861380486369068,0.86872653995731597,,0.1846721032187652,0.2,0,4
0.70860477498249075,-0.48586012325253053,-0.51168272738587484,0.64061933236916335,0.7469682855702573,0.17789112217060235,0.29578056708800071,-0.45384834579985467,0.84055668169840536,19.45212839000882,-5.9852664077270443,8.9291701590961949,,0.2590595696572734,0.2173913043478261,0,5
0.85035040373027104,-0.30517700019695437,-0.42868542012360561,0.38965490790644686,0.91268357823023782,0.12319796578380092,0.35365695754527809,-0.27180081784210336,0.89501456513298161,0.15694409637109477,17.251636895936368,-2.1784889119636848,,0.1482342007470994,0.375,0,4
-0.89073083578619794,0.24062974579984353,-0.38561107818101353,-0.26366885138213525,-0.96458690120684232,0.0071306963900143495,-0.37023953731394826,0.10802516121942969,0.92263386538380954,14.325101587727099,3.4452997604802964,6.0266597509992046,,0.09509176962608948,0.2222222222222222,0,5
0.39776045613268979,-0.73735302491303667,-0.54598272517425772,0.9108752317074934,0.38868643371128475,0.13866927745763663,0.10996786712005721,-0.55247929635453075,0.82624070058347288,-15.081604904789282,12.171284050382102,-9.5289961822785028,,0.529325399961883,0.1944444444444444,0,4
-0.67423174319686696,-0.51223775537279781,-0.53200003612438995,0.66743604539043444,-0.73099594027442627,-0.14203542028622773,-0.31613396176192798,-0.45084078927371407,0.83474660882675222,7.6707843470814776,11.339634425380883,1.9354171501957274,,0.1206243555053253,0.1666666666666667,0,5
0.74245081057259676,0.58788281501556949,-0.3211862227578608,-0.58188705080334269,0.80350947557132024,0.12561840141670469,0.33192507285151041,0.093628619964570989,0.93864765888806645,7.7293181444038463,25.467693529906075,1.0236905897821436,0.5798319200384292,0.5188762633652461,0.4146341463414634,1,5
-0.34053057881922494,-0.8142714423464178,-0.47010737397761387,0.92241149979819725,-0.38620772940837705,0.00078408243586117589,-0.1821975574179962,-0.43336544385115705,0.88260888401749371,-6.7397072952383912,19.539212045809318,-5.9279096053732125,,0.08105862738059358,0.4117647058823529,0,4
0.86841609376597328,-0.29463557322597272,-0.39880241608853367,0.34597283822464214,0.93621352361753396,0.061701162115698385,0.3551848579247644,-0.19155708597033042,0.91495879662175039,1.3629547100743249,-12.884404514333848,0.52313382437367384,0.4059892897452479,0.3039552906419854,0.6,1,5
0.53139660305548442,0.78974034733600085,-0.30647648205156847,-0.80546204983671454,0.58309725454672146,0.10596451298861669,0.26239004656032733,0.19054599321342161,0.94596177932112091,-16.2420871999309,7.0530157146234327,-10.149097787847714,,0.09657883670268094,0.15625,0,4
-0.80099363253206468,0.49197678353182384,-0.34112760824766208,-0.49923049747236042,-0.86339206804588797,-0.072959216202930693,-0.330421111669017,0.11186143795395911,0.93718136327089063,-12.66106357388702,14.052150090376951,-8.5313484371810162,,0.07451666761169552,0.2105263157894737,0,3
0.86773147940336903,-0.29321684879127591,-0.4013302371331543,0.35811611367509688,0.92875586967660151,0.095736010296565782,0.34466640216111133,-0.2267959746692455,0.91091638315223056,-8.3289014543722377,-10.870028334271744,-4.3505293253469199,0.1744943535881064,0.158988450801545,0.5365853658536586,1,5
-0.51271011487528528,-0.738544592719243,-0.43781299965823117,0.81991241903495971,-0.57246247217248181,0.0055084540853557974,-0.25469975111258275,-0.35614407550784438,0.89904918345096696,-9.7293281802056146,-2.3969679862091353,-5.728446740986044,,0.1189810455121727,0.5948717948717949,0,1
-0.86452379822374315,-0.30083238088077868,-0.40261455626739973,0.31992921074367325,-0.94721355370184146,0.020779407991068876,-0.38761308339338002,-0.1108438644992638,0.91513372535665283,-12.027842139784896,-5.2596621433156976,-6.8546234865680402,,0.06730065241135544,0.32,0,1
0.91678892256086275,-0.042750864612859062,-0.3970773665729988,0.080877609101218786,0.99352709315829435,0.079766706754776637,0.39109702608913449,-0.10524390117857221,0.9143122209885155,9.4760270714973522,9.8880789543365371,3.000302466111008,0.3192238798176066,0.09331585379244735,0.125,1,5
0.86689138943075295,0.31657521429865321,-0.3850707111980618,-0.29125677435736069,0.94855654081683671,0.12413694157881733,0.40456002066660601,0.0045412074780971949,0.91450017338045209,-4.765919351242129,7.3615606917129197,-4.0241049574153314,,0.1845170514931876,0.171875,0,4
0.27338915171946948,-0.86240776228327287,-0.42604133986699916,0.95890181997003354,0.27930929893119422,0.049936111069277075,0.075932018149573885,-0.42218380722633586,0.90332450511187279,-3.3882199414240821,8.7138468122063504,-3.2846744032014046,0.6851117770061261,0.254263182122987,0.4621848739495799,1,5
-0.8036777410157856,-0.40312133313657089,-0.43771598024970143,0.46858920960611128,-0.88211295533383993,-0.047967558546563448,-0.36677819078631579,-0.24365944431191644,0.89783285413328695,-18.644292668944214,6.2785786986139414,-11.20755852910861,,0.07312034301579329,0.3809523809523809,0,5
0.79367537236822316,-0.41670771666458173,-0.44320884712328767,0.51270584714512613,0.8503271686270939,0.11864409213201206,0.3274326153567505,-0.32140066142872414,0.88853221507935087,-17.389592630597313,11.330596800656577,-10.897628178395555,,0.3816038349472278,0.1818181818181818,0,2
-0.92530289946790878,0.1036416423329395,-0.36479165863655827,-0.063485422781423356,-0.99068924948305281,-0.12043426444732555,-0.37387717947281046,-0.088279221412716699,0.92326736849962354,-8.0807785985668907,5.2145978506488238,-5.3789896694292647,,0.2883346452074385,0.3728070175438596,0,5
0.70436638882125946,-0.54955814873763709,-0.44928146128563995,0.65234746520523734,0.75068188585326512,0.10449636784160245,0.2798406241759766,-0.36669135169491968,0.88725795440387745,-25.178583856820921,10.39876657350475,-15.284202859350025,,0.09167693413610159,0.2777777777777778,0,1
0.14645950407464095,-0.84834918731872244,-0.50877624752131989,0.98891181828906904,0.13833223064317335,0.054014901772502268,0.024556655196084534,-0.51104583976483864,0.85920260727294906,-2.3378041245353565,20.05422277908735,-3.6445342608261342,0.4293403248273108,0.1990500834673573,0.5588235294117647,1,5
-0.26608497163295269,0.93060928244373309,-0.25132678190087698,-0.96066058271938182,-0.27752490935380941,-0.010543694675855197,-0.079561502501828932,0.2386342140551522,0.96784486318930851,10.350268130161055,1.4889216811002177,4.0175733291109017,0.1667894719841762,0.1605830830414815,0.3695652173913043,1,5
0.28629827234854771,-0.79852432930379458,-0.52952072174765863,0.95312430339161802,0.29383210354585088,0.072227122399159543,0.097915073070899819,-0.5253775694067504,0.84521656871465511,-35.645869174914608,8.5459603463128406,-20.89236904835651,0.4880588450706964,0.5127410700292385,0.7380952380952381,1,5
-0.20298389775317349,-0.86178843129394767,-0.46488518683740332,0.97162617708340127,-0.23613634086448287,0.013498167632272507,-0.12140885165104463,-0.4489547061910043,0.88526807382268402,5.9882406015472771,9.7266866796737084,1.281062387587836,,0.0883854985864248,0.25,0,3
0.65165064791684812,0.6699109092149067,-0.35576791140350222,-0.69009007058462113,0.71828962443535682,0.088519545350323109,0.31484460857709784,0.18782808401134307,0.93037276578077199,5.6443344542963443,18.763057636831622,0.45134720342448298,0.3328430684631902,0.2757984464238999,0.6190476190476191,1,5
0.91355442911466656,-0.065804193493213745,-0.40135783680362297,0.11061529804601349,0.98982594492224851,0.08949220411281511,0.39138543775052181,-0.12615231617963199,0.91153882651225937,-17.356418895356398,7.7529327943215245,-10.647136124342131,,0.09217203130642862,0.3181818181818182,0,4
0.7685155142459662,-0.47636619337368741,-0.42715237816723128,0.55972461163385823,0.82398008033376957,0.088120294736691987,0.30998752151431058,-0.30680951260320732,0.89987535774772598,-1.3274326694719076,-8.5888056705329792,-1.0783352001687472,,0.08412552487307046,0.2105263157894737,0,5
0.85898217434337087,0.34805884004463983,-0.37550588281292685,-0.33688739729798578,0.93649344679231983,0.0974007477221326,0.38555998975791667,0.042837693469901794,0.92168781391317911,0.30931502475153771,12.292314272700681,-1.7353593805989782,,0.08545136475879889,0.3829787234042553,0,5
0.91466634381038825,0.12259835740481136,-0.38516895287935443,0.020056201327003524,0.93795496915570165,0.34617658012126845,0.40371181341257151,-0.32436109291616411,0.85545698495796052,-12.709853917515888,9.1753135464285389,-8.2181367724458383,0.7619998233133473,0.3835738783974752,0.3256880733944954,1,3
-0.91663172204333443,0.052640241262685017,-0.39625155033599391,-0.053266789254176404,-0.99853577865410859,-0.0094312199733511751,-0.39616781205244778,0.012462092418245672,0.91809354694722523,15.684629807098416,3.315413641432758,6.563298237198083,0.1777954063757177,0.1177493779975013,0.1081081081081081,1,5
-0.91000389583701446,-0.10299781858457289,-0.40160223969529352,0.14743082921032488,-0.98572853442749275,-0.081261350061290025,-0.38750104536609004,-0.13315669634775001,0.91220186036750717,-7.7049768119640136,17.923690902997937,-6.3116623305795665,,0.1270406805773463,0.1153846153846154,0,3
0.81699764809407038,-0.35882786598770944,-0.45139495522154854,0.45427897007094803,0.88266402632192986,0.12056049928744468,0.35516962195553275,-0.30355687972415596,0.8841423869559123,-2.3050704987397825,-12.552347438863599,-1.2941855538450413,,0.1073609645805323,0.4,1,7
0.77436952538350723,-0.48000045370029748,-0.4122516253513494,0.55148691531046068,0.83141925500996805,0.067854289768748341,0.31018384935175691,-0.27989567136020022,0.90853970345557733,4.0391823047597857,10.524025123263415,0.24198672760254486,0.3706717248170368,0.3367889723446553,0.8333333333333334,1,5
-0.16525503210086526,0.97385663844339621,-0.15586539745906064,-0.98525989799170433,-0.17009710632722141,-0.018163365009902021,-0.044200766675692005,0.15056633813317935,0.98761129501765377,16.692650498195711,0.33693767460673796,7.1659805095294136,0.804343484790296,0.5024992794820766,0.3125,1,5
-0.91892236351048695,0.1446853952028834,-0.36694390069230826,-0.14377475528158631,-0.98915640829510054,-0.02997364963525238,-0.36730166019774685,0.025213812558245983,0.92976005188019184,-3.431363728456033,-2.7511312288482452,-2.4803355803602756,0.309962984144976,0.2087756573205604,0.6904376012965965,1,6
0.75332706288763551,-0.51032930980239299,-0.41480396801103758,0.5833025601840206,0.80980472583772645,0.063043074906379962,0.30373748468678596,-0.28944827096995729,0.90772420857254155,7.3898327798353192,-8.9759377916363956,3.26376995264435,,0.07047497860824123,0.3043478260869565,0,5
-0.89725839293344778,-0.13160566777529492,-0.42143484018280541,0.16541137732501437,-0.98521993791228935,-0.044505619774893694,-0.40934881526875078,-0.10964315824311326,0.90576593294766128,-15.234735832746257,7.4940443540464372,-9.4896999482664217,0.5383456137148889,0.4899351523785797,0.625,1,4
-0.91224021452128623,-0.050128930632888882,-0.40657703000017142,0.091971260616461034,-0.99221045306051958,-0.084022045071855428,-0.39919804387143021,-0.11404169040767916,0.90974469749385312,-15.062741108971702,14.736969431218373,-9.8676711978609735,,0.1128858254642195,0.1176470588235294,0,2
-0.15487152052268188,-0.88102642334485048,-0.44699804641538698,0.98229203459865155,-0.18561224507099389,0.025503984860147471,-0.10543799549988524,-0.43513277956031454,0.89417128854435979,2.6066412895645259,-6.3823274208293528,0.73638012285570598,0.2688480400128662,0.219650529602263,0.6503496503496503,1,5
0.54850000813992816,-0.71279030468526194,-0.43712437888682276,0.81081511691084585,0.58112539018248055,0.069800623737262646,0.20427086737797465,-0.39271269705976075,0.89668843547170762,-7.9706815689842427,-5.1306990387003024,-4.820624269125533,,0.08514478390333211,0.4820143884892086,0,4
0.2472964238964952,-0.74113636812766415,-0.62414851002509086,0.96646560642402735,0.23467738941079899,0.10426291046565572,0.069200508144392339,-0.6290019131432496,0.77431768863605988,-29.272687984679823,3.0068157336746393,-16.661689815553583,,0.5203972498899805,0.1904761904761905,0,1
0.7065759544351764,0.63300098445671282,-0.31632289561593868,-0.62538185154016146,0.76775723289175901,0.13945024598970276,0.33113133403261436,0.099290407488446752,0.93834612729128863,5.9382628771049815,4.5987642568289022,1.7077433823856714,,0.2144057408869815,0.2222222222222222,0,1
-0.033414351480688984,0.98056810692217333,-0.19331236070719834,-0.999350438679107,-0.030168219129871849,0.019712414017769013,0.013497474837942242,0.19384547000535507,0.98093921928496763,1.670078058835585,11.860580537841294,-1.0375060990523863,0.6537821152524336,0.5021699270992943,0.7142857142857143,1,5
0.77366029481877607,-0.47114519467954075,-0.42364130316967707,0.54656872480006424,0.83447454136533739,0.070106125863163143,0.3204877178479017,-0.28578741284998482,0.90311304794314451,-6.7958259412717723,-16.793073961478747,-3.2292342704997257,,0.1005080924365441,0.4285714285714285,0,2
0.44245970366993009,0.85476457072052092,-0.2713059882665349,-0.8687509243902003,0.48359727878549547,0.10679655107931191,0.2224887457816461,0.18844415775562623,0.95654981961646024,8.3850433451793993,-9.5083533270024141,3.7074637765144161,0.8108921478449241,0.3229126228190213,0.2916666666666667,1,4
-0.83707116494155476,0.38549671542578468,-0.38820632042680392,-0.42302879874393351,-0.90603069548636839,0.012450472671754894,-0.3469272261680415,0.1746443850583724,0.92148838218988405,1.8506567861744161,-7.797090990171136,0.49445229538885371,0.1209921544973652,0.0931017897029434,0.453125,1,5
0.50941994560218162,-0.71646463581293895,-0.47662327330094151,0.83918608667715344,0.5361895561842468,0.090925638663834157,0.19041541678697199,-0.44629495344264641,0.87439280851426882,7.5859352283032306,12.786387442128806,1.875518631209824,,0.2043268448173198,0.45,0,5
-0.28645935843526393,0.93499570144586852,-0.2091030230355537,-0.95405034212601936,-0.29840087143918381,-0.027292207927592665,-0.087914621389642886,0.19167670229343467,0.97751269103977978,-14.662276929621417,9.4775952772113641,-9.2350369612934262,,0.1925536771680765,0.1774193548387097,0,5
0.84212947257085669,-0.24765706839994131,-0.47904480781976749,0.40723460699190189,0.87438045374345719,0.2638537416439975,0.35352217228298755,-0.41728263633050089,0.83719607925586059,0.015761556145500042,18.543764239722719,-2.2694760769076234,,0.4414674717005205,0.1904761904761905,0,3
0.46753499651913405,0.83988353054680986,-0.2756930941211258,-0.8515154397609811,0.51164245745536674,0.11464489337819123,0.23734464998924426,0.18115642645310692,0.95438454842700793,-14.454250545311353,11.484371547388649,-9.3140437734221706,,0.2291917738727719,0.2608695652173913,0,4
0.45894072999968627,-0.69042289825302283,-0.55918657701634045,0.8731621905794682,0.46681409825497927,0.14025828536259771,0.16419864582212712,-0.55263081640303691,0.81709117329212,-10.602338501988434,16.585124910897704,-7.7079564030187253,,0.3109477713054026,0.2972972972972973,0,3
0.7755366068927062,-0.405524359458516,-0.4838315463620671,0.53166625460496597,0.83279862621534495,0.15419935761267733,0.34040265140517978,-0.3768241527020198,0.86146943814434251,10.601276915752829,14.790343567941616,3.2480135139997719,,0.170519640672391,0.1739130434782609,0,3
0.63391160279567904,0.73760350364105265,-0.23258794306123348,-0.72651333421008335,0.67103488599788075,0.14795457745118196,0.26520643856429993,0.075188118677445639,0.96125558087003327,22.589708321587572,12.922303223337746,9.1820165607984645,0.5825942855889077,0.3803094262398659,0.7619047619047619,1,5
-0.046506540607955428,-0.83115807498971706,-0.55408789560869121,0.99710962994455021,-0.071987497511723716,0.024293745570428533,-0.060079343809014238,-0.55135655848224652,0.83210361005471589,-9.750574077951768,20.179304802308966,-7.4891784516344773,,0.07734183589949825,0.3888888888888889,0,4
0.91621520493535191,0.10631334619120791,-0.38632521360493632,-0.057411692379184316,0.98904157299049089,0.13601714772282664,0.39655213506351122,-0.10244139455378234,0.91227855661439683,-28.470367948448764,3.9508797365601391,-16.32955376460643,0.4066307223904218,0.2677962474668598,0.2333333333333333,1,6
0.90635714149242919,0.15683214532281936,-0.39232691758164523,-0.13907424189657949,0.98755190080796729,0.07348196004096981,0.39896752663163537,-0.012038330615705221,0.91688602960750942,3.5175011581346154,12.704044720199184,-0.068537571011207221,,0.07767781019457481,0.2903225806451613,0,5
0.48725316624349962,-0.7509073480465922,-0.44578302641006584,0.85511200110516183,0.51380878196281143,0.069166474131740402,0.17710962015545334,-0.4148959992908165,0.8924648408877881,9.4056747971186265,0.59017625053983191,3.6444680963152072,,0.1301613628456518,0.4444444444444444,0,5
0.91437345165835082,0.059389917755860978,-0.40049223284771157,0.0024119868035629576,0.9883661725466294,0.15207396649389401,0.40486463567722603,-0.14001837963095642,0.9035925409959229,-11.329024917571571,11.494297638238033,-7.5240981649809724,,0.09006377880795972,0.28125,0,5
-0.84540939191624098,0.41244460935344079,-0.3393706001926195,-0.40537247364519763,-0.90918839401730578,-0.095129500130114647,-0.34778746048497022,0.057148126824241356,0.93583009885870594,-15.411737701268413,6.1234184917872243,-9.6451886701127165,,0.0887976133752458,0.2542372881355932,0,4
0.83325676400812909,-0.26720953200504444,-0.48402709763023161,0.43641735288048877,0.85536545843493073,0.27908748918786658,0.33944522288505935,-0.44378936278604708,0.8293539305618961,4.8975310721079479,14.960818040245176,0.33963933905684862,0.3460799063364172,0.2741582227868213,0.6,1,4
-0.52467777814314598,0.83006701806210048,-0.18894966167808866,-0.82958763211071884,-0.54835166153720272,-0.10533193218734672,-0.19104342378554248,0.10148497827206542,0.97632126342378522,-1.77732441987726,10.522579176124223,-2.6004043270081132,0.6425358864671291,0.5655233278813473,0.1714285714285714,1,2
0.54626166354124628,-0.68376355668379185,-0.48380325907984661,0.81230683289701933,0.57336141108262673,0.10683773448624451,0.20434236999204128,-0.45135805169784016,0.86863116740856461,-8.2985401718202159,-6.6243769992963291,-4.8983809787962986,,0.0781123810639148,0.2549019607843137,0,4
-0.92708486509583343,0.18821831126348668,-0.32417205341509792,-0.17819155451044263,-0.98212598737297085,-0.060632621812177101,-0.32978996772399216,0.0015531361137296757,0.94405305198215428,-28.184686023487373,3.1596175669099886,-16.059004577633459,,0.1580812449793901,0.2608695652173913,0,2
-0.31413940124862078,0.93096763291848561,-0.18605295762579907,-0.94315807560850629,-0.32842426551924653,-0.050895444124207954,-0.10848631709858553,0.15948908513215845,0.98122064324294045,-18.732413299129668,10.489984689121194,-11.629208327460974,,0.2091188959764603,0.1851851851851852,0,3
-0.56895754650220354,-0.64655345883529425,-0.50818887743270125,0.76041675622198046,-0.64892517670029903,-0.025738529509771887,-0.31313522180526521,-0.40107946832591895,0.86086096029054793,15.327838689104823,1.3617061604811556,6.5689887823005897,0.366632395599127,0.1778036175219876,0.293103448275862,1,5
0.88674166880260308,-0.19580903954566573,-0.41874578546103519,0.25949192885064781,0.96051664361531819,0.10035794039006099,0.38256130446053449,-0.19765271910643836,0.9025409968302196,9.2325955877581674,12.415674341896905,2.7292602883562429,,0.1043288617311272,0.1875,1,5
0.90500094339229642,-0.14799526279417893,-0.39883667666042849,0.19635828932785149,0.9770113174925027,0.08301992353527797,0.37738139152758055,-0.15344799667003006,0.91325626066655641,-4.1523602324950213,15.619193843129546,-4.302312668018458,,0.06910112124324247,0.2142857142857143,0,3
0.83664291279484337,0.4631213224297227,-0.29248466144587054,-0.39821167483689401,0.88091369102555217,0.25577046543206322,0.37610649887200348,-0.097517740307512132,0.92143051383789154,12.572234772315342,3.9786847478122813,5.0991151781762127,,0.6033428786774201,0.462962962962963,0,4
0.39495439137956417,-0.81989186970594896,-0.414473582656461,0.90873825033021383,0.41491402005881589,0.045179069771465644,0.13492894840166958,-0.39449167031601168,0.90893921740372918,-13.012646095327527,15.599172916085223,-8.9624171349700408,,0.08305928130163651,0.3448275862068966,0,4
0.38566916976737858,0.87350911311402868,-0.29705407049506138,-0.9021243411562061,0.42452862943638942,0.077117545878632135,0.19347083652174332,0.23823784773961654,0.95174143721915005,-7.7635451742016484,11.487381917274632,-5.6709616467039377,0.3802906473224437,0.1492952401466488,0.2807017543859649,1,5
0.32554345565359971,0.86999782230816047,-0.37030426362678054,-0.92897276655824379,0.36725859041141024,0.046159795950023785,0.17615634383761627,0.32897555676384765,0.92776291453025928,-4.367698579076424,-5.6209778074649002,-2.8215503876254298,,0.1083605107899391,0.6,1,5
0.47224066974614926,-0.70670409744684748,-0.52683780093074684,0.86432728413386084,0.48854735891794748,0.11941450496519235,0.17299449626936741,-0.5117526714596955,0.841535565210629,-0.68433755219650649,8.1437411261496386,-1.8787876987207617,,0.08587821064205883,0.1590909090909091,0,2
0.88138579508478865,-0.2371949394281295,-0.40853107707057051,0.29121228283822304,0.95375131705983973,0.074524033242780424,0.37196032926497052,-0.1846536918566922,0.90969694268849099,8.5470800164667278,-4.9427289905019922,3.5194053789796698,0.2643241868883161,0.2315777653047898,0.6666666666666666,1,5
-0.17978160796976286,-0.79537827880423173,-0.57883673608559572,0.9767881108847295,-0.2140050522586853,-0.0093179419401662328,-0.11646269733287744,-0.56707603653670346,0.81539021880065221,7.6865719447985361,-10.022156437660488,3.3618988076439069,,0.7421889839966399,0.1818181818181818,0,1
0.66130597592940132,-0.49839537949893481,-0.56060364955481212,0.70459380541077432,0.66911172826268295,0.23629867642051935,0.25733630831428711,-0.55126358558809074,0.7936538815048636,6.4812797577472887,-4.4035618833417063,2.5692762656398567,,0.2791218547546966,0.2909090909090909,0,2
0.89029504837941376,-0.20303169033485741,-0.4076185220900399,0.26109710082486975,0.96095399534005177,0.091628176784436105,0.37309922376218579,-0.18800412644344455,0.9085435694936661,5.9837234382538478,12.624020587508742,1.1186870271562845,,0.0783934449590296,0.2,0,5
0.72058843552403429,0.61632948193108017,-0.31763229730553166,-0.60671905906150259,0.78223528291894706,0.14142116365041915,0.33562522247374121,0.090807113483911711,0.93760854207935329,29.532066071342825,-8.0601853035289608,13.573350470456232,0.5029217965898595,0.5382857234925436,0.3478260869565217,1,5
0.57379371750424557,0.7857270130018581,-0.23107105139293407,-0.78235549317411823,0.60930232429969378,0.12911452243366384,0.2422408967390528,0.10669460455978352,0.96433169050119427,-13.993618916386458,16.926428029674746,-9.6345162809046485,,0.1640737320107736,0.2,0,2
-0.76266658815108279,0.61091983090046964,-0.21240676903179895,-0.56851493787020513,-0.78978930835672612,-0.23026856890127409,-0.30843223037877093,-0.054861722703043111,0.94966296687068485,-3.4732458248398075,-8.9082775076550238,-1.997675649444298,,0.3548762102706245,0.2142857142857143,0,1
0.67280357397389023,0.70220498925435537,-0.23290234845155861,-0.66470838579580938,0.71197049383406019,0.22640843129710156,0.32480473010824512,0.002483742332776687,0.94577783772053736,-10.947202805292076,14.084425404147218,-7.5561636913945458,,0.5602363383724135,0.4583333333333333,0,2
-0.031214859235471366,-0.89668462258207149,-0.44156802441725407,0.99806888409416228,-0.051700240703842985,0.034432364342254732,-0.053704144774335577,-0.43964050397570476,0.89656683638089407,-4.8886521879999068,18.180952387321398,-4.8951981020852688,,0.07698765293454801,0.2592592592592592,0,2
-0.87168203391300536,-0.15960674279951392,-0.46335312603479478,0.30266771112630075,-0.91894364631707059,-0.25285337952072778,-0.38543830685967473,-0.36064977824257261,0.84933447419655039,-8.0282929595604955,20.091198458621964,-6.5568444844730553,,0.3859835083346762,0.2608695652173913,0,2
