axis_00,axis_01,axis_02,axis_10,axis_11,axis_12,axis_20,axis_21,axis_22,location_x,location_y,location_z,dbh,dbh_approximation,score,reconstructed,number_clusters
0.47848505796149476,0.8762040720579688,-0.057606192519730481,-0.85951379286348062,0.48077536083913341,0.17346784222857065,0.17968886772702475,-0.033488453518135744,0.98315331169454168,-3.3286190143907088,12.705862796078058,-4.2386622946775327,,0.1893852660942963,0.2083333333333333,0,3
0.91135713714610589,0.35515725913210056,-0.20806607089727028,-0.32547827525645728,0.93123201647044362,0.16392322543335133,0.25197631021374983,-0.081671615547663598,0.96428091669642546,14.219743714831294,5.0734184867503691,0.96886261387374439,,0.09296909705874046,0.25,0,3
-0.557144705876228,0.82756446272015038,-0.068751994565972807,-0.82787607646494532,-0.56000380109609649,-0.031889571570199664,-0.064892054452751022,0.039151025537419108,0.99712397346983328,-0.05942010750209261,-13.831722914145729,-1.5110964423259323,,0.1426763874543802,0.375,0,4
-0.96509954980171997,0.15181334398916074,-0.2133906454354251,-0.1376816040220413,-0.98726608235692603,-0.079683489767492469,-0.22277036357297705,-0.047522533754388779,0.97371195632955398,-2.6063122120947675,16.119030339531239,-4.2977220539472123,,0.2929310321280492,0.1724137931034483,0,5
0.18864030597617706,0.96772846721645711,-0.16708216152570959,-0.97759059117572011,0.20123523575485325,0.061814366739430845,0.093442340541761967,0.15167726800538564,0.98400332080969222,6.470472699829636,-7.1396692711363112,-0.23456604049246518,,0.2726386362944879,0.7166666666666667,1,5
0.94835066139542601,-0.16467357484127743,-0.27113398307820658,0.22320597703644338,0.9537245421615651,0.20146610011096236,0.2254109909611012,-0.25157923488974182,0.94122142651250107,-1.6307293073587903,18.42603222335191,-4.2477290002466637,0.3231731826277038,0.1679321034651296,0.4,1,5
0.88433575809779563,0.43758536767808148,-0.16269392411407171,-0.42693236723311684,0.89902214171316586,0.097406070232811753,0.18888891115765397,-0.016680368806194994,0.9818567841279936,-4.4365599604197037,-5.6158565688956417,-3.1191176738284394,0.02562435535203136,0.1708756583391146,0.2708333333333333,1,3
-0.15068792973420206,0.97225109889227457,-0.17894398155620056,-0.98853411762968735,-0.1464216463155775,0.036891730405777666,0.0096667530493317194,0.18245136939196066,0.98316735690953583,2.701243234845744,-4.9306273283344106,-1.3662849710469211,,0.06974299078165538,0.3050847457627119,0,5
0.95475540290191474,-0.049027280838438818,-0.29332310915301479,0.12843852676620116,0.95756673539816073,0.25801064338712165,0.26822689177584408,-0.28401104378614839,0.92053900598278415,5.6759317207909676,22.235861700354167,-2.5197850145653318,,0.196649431950387,0.3333333333333333,0,2
-0.26302882906596459,-0.89131904534389206,-0.36927793663775954,0.959244168077524,-0.28257597828217257,-0.0012010441843406452,-0.10327856064763465,-0.35454361636493575,0.92931822483228343,-35.09029047367423,13.544671360805919,-12.509426232916999,,0.2488064625657847,0.2083333333333333,0,1
-0.97724336380895727,0.01665984292855012,-0.2114659724990057,-0.015740844031688444,-0.99985793090082298,-0.0060285855633788899,-0.21153636500735343,-0.0025627423438503009,0.97736676771371489,9.464962832848915,-9.9654469243982167,0.70896164203808798,,0.09794636194127654,0.1666666666666667,0,5
0.73209367977991457,-0.62355962288127442,-0.27424850179803739,0.66691781073618361,0.73810736595390425,0.10206933940927861,0.13877852048916325,-0.25762552869766908,0.95622675616931296,-16.645769239880909,-10.114374538506517,-5.946336762977583,,0.0695821542876211,0.5,0,1
0.59761048027513208,-0.71847184883410908,-0.35589312482573165,0.79285217292604371,0.59562407508706428,0.12890846777124582,0.11936140813419244,-0.35920768868382658,0.92559315611052695,5.0661513082241125,5.7518449378635825,-1.4225108737732248,0.5669830918272215,0.4719876830900464,0.2745098039215687,1,5
0.13186965399255218,-0.91566670505195125,-0.37969050503691421,0.99123736127733464,0.12477403373390389,0.043358206993791996,0.007673849348952903,-0.3820810460688584,0.92409695718095286,-5.4004659546118932,10.646933743443288,-4.6053494633680829,,0.1696950898770178,0.4571428571428571,0,2
0.96231205924959029,0.18191857192148159,-0.20214137085926065,-0.15060176651456361,0.9754162419277882,0.16087965348720301,0.22643897311528624,-0.12437358310155075,0.96605207068820864,-0.30249309638357658,-2.0738838493119487,-2.3341826485943193,,0.2116888393985404,0.3005008347245409,0,4
-0.59933740190751106,-0.71053908505127628,-0.36868534997915281,0.78163039958463654,-0.61885065998969124,-0.077960112079738186,-0.17276746545549679,-0.33490008845149538,0.9262792956961009,-25.428311729532982,12.136228717035905,-10.205960953027194,,0.09119978603460499,0.2380952380952381,0,1
-0.50145370176962667,-0.75611792580043391,-0.42051143535555313,0.8475931586000276,-0.5268416075720761,-0.063433098815198555,-0.17358001750191893,-0.38823137793604456,0.90506705536656973,12.262575038739268,9.8617480902149701,0.11023856354662412,0.4519079823340083,0.4946632340072761,0.2777777777777778,1,4
-0.91537287966236769,0.34277750343560737,-0.2111778262912038,-0.35222323212583873,-0.93588475982165142,0.0076492538458525806,-0.19501611710177505,0.081383656049743222,0.97741772779018332,-9.9855469747928378,-0.16118263054694773,-5.0143869631225071,,0.1424348971021593,0.6417445482866043,0,2
0.96367506494299304,0.12322023041164629,-0.23695388586055804,-0.053345115048710312,0.95813680897321662,0.2812972697895601,0.26169575446987564,-0.25843883243027055,0.92990574897917488,-17.663865602839579,11.090201353484806,-8.0846505856172648,0.2447989990055059,0.3028559254004631,0.2363636363636364,1,3
0.95887420342939178,-0.15586326294170422,-0.23720646125857575,0.18875134470688906,0.97431692832564076,0.12279842445825837,0.211974507592286,-0.16252127997051555,0.96366676900666992,5.2328684447898208,3.2544156716999568,-1.1880284037931297,,0.06898461551582361,0.2545454545454545,0,5
-0.91872761422513771,-0.29130338313325599,-0.26661190865245521,0.32473740617234209,-0.941478544499045,-0.090353568166497977,-0.22468909161916387,-0.16958917778879082,0.9595594420796848,1.6586138133301955,-7.9672355233055674,-1.4199764458446942,,0.2322367511798188,0.2333333333333333,1,4
0.95494087642538894,-0.18458872302351736,-0.23241111390047201,0.20941151338999706,0.97395962877380149,0.086887626153040062,0.21032056625927498,-0.13164210895965844,0.96872886534728186,3.3218751050539521,-4.0444588792339822,-1.2754996251485773,,0.4310595087326461,0.9636608344549125,1,5
0.57868410958480143,-0.74161809142079049,-0.33930415233449468,0.80947484445489071,0.57299679051026453,0.12816065800262899,0.099373927711328941,-0.34882271219391725,0.9319053267091586,-17.386269812874161,15.078287877749398,-8.3933822958117865,,0.2776309688890346,0.2916666666666667,0,2
-0.89941024721603835,0.41256111347264895,-0.14441099283986106,-0.39406165719328257,-0.90827492254848563,-0.14054207697208576,-0.18914707910213702,-0.069498149038316234,0.9794862886979987,-0.36296361253173359,-9.6991531305311298,-1.8087625349461267,,0.2775312563309728,0.2083333333333333,0,4
-0.89581628612431474,0.41809783203521605,-0.15068969560621256,-0.40781909829307872,-0.90809038944146281,-0.09516001088415911,-0.17662605861497546,-0.023791751753612523,0.98399044099352628,6.3840637199746313,10.884197958899696,-1.5068470180413818,,0.1812093418777176,0.3076923076923077,0,4
0.54988669940539769,-0.79997072589426532,-0.24014881954579778,0.83085596783480031,0.55332114404238109,0.05927961090398675,0.085457466205916252,-0.2321261494701381,0.96892438931107105,0.63722713823625587,7.5996794585120995,-2.753638063569626,,0.067685906288976,0.2173913043478261,0,5
0.90905199670240522,-0.34130918292208762,-0.23902407607692552,0.37754693899380448,0.91738992412141507,0.12591281101187993,0.17630308036951403,-0.20470410052942753,0.96281537953995067,-3.1078510272738731,19.921660421377823,-4.8214186221419997,0.4352226473166391,0.2688120559478107,0.7403846153846154,1,5
0.4685457665796659,0.86329912040530166,-0.18756197196581786,-0.87118142400699727,0.48675557691340465,0.064124369851399327,0.14665534796049484,0.13335530379827984,0.98015742198049727,-14.561805743152098,-2.4746533487276023,-6.1079515328090039,,0.4503995035432994,0.7252747252747253,1,1
-0.70121827377961943,0.68659101754130503,-0.19205652071493884,-0.69653161150505727,-0.71722120657915645,-0.020915425104648076,-0.15210735252347238,0.11910715958638252,0.9811609642885134,1.7219297044522193,-6.3307984349196733,-1.5070076051161976,,0.1067255085985733,0.1333333333333333,0,4
0.53276079343986182,-0.77156421402944508,-0.34764148285619589,0.8427752845308899,0.52100180790900985,0.13522919780661949,0.076783831352750409,-0.36502846434856151,0.92782458657772393,-8.8240716139067992,25.798798560228345,-6.7881049071263808,,0.5993253260596004,0.7384615384615385,0,4
-0.52463143485520414,0.84629038980633697,-0.092490181550307554,-0.84509481008378018,-0.53083097254645539,-0.063507799165492484,-0.10284269313485515,0.044844784611183075,0.99368623104174458,-9.1256272179320614,20.658502120979986,-6.4999903778658572,0.3241985647260481,0.3105395088883299,0.4722222222222222,1,5
0.91955443668914372,0.34106377151296463,-0.19517976771854212,-0.32258415286814074,0.93881175974113795,0.12071430772734527,0.22440833826677606,-0.048041477216052571,0.97331028669342845,-5.3266922444669031,17.218055736706756,-5.2277374926760007,0.2825827087120847,0.09353034236885772,0.375,1,5
0.6933583526382755,0.71472017047667802,-0.091811070903926012,-0.68634649857083363,0.69383548682601881,0.21799266299685088,0.2195055323364179,-0.088132826657779023,0.97162231661228138,11.609242116955155,17.181163843592859,-0.49483847177336066,,0.3291717130591029,0.4444444444444444,0,3
0.55213182343870737,-0.78825733321380564,-0.27166307474684226,0.82922179699181131,0.55309969210638088,0.080448380875553005,0.086842736828819267,-0.26968705424340805,0.95902410388560844,-22.007340211916492,16.745278650052054,-9.69099594941998,0.4120814802681839,0.4249428894419413,0.9135802469135802,1,5
0.067776641253053563,-0.90635988297188441,-0.41703487796543848,0.99728368312237103,0.049464282973958162,0.054576002856121748,-0.028837168348055206,-0.41960105725446584,0.90725044528652699,-22.533383682180201,26.437001693705287,-10.324991093300239,,0.2368276949326557,0.3333333333333333,0,1
-0.93944668149158084,0.26021824281600281,-0.22299416750266721,-0.27372994135013351,-0.96129291434262709,0.031430113635019637,-0.20618402421843493,0.090567096345249537,0.97431296266481104,-9.5862770335852368,11.088328371811246,-5.9006109915312921,,0.08821138682735992,0.3522727272727273,0,5
-0.82586472426811974,-0.48595451459848926,-0.28599941774571924,0.52208380881377359,-0.85061804454782219,-0.062269084336799799,-0.21301632281129745,-0.20074150550144593,0.95620442070980161,10.668481930696085,13.105961636112378,-0.45736876331967746,0.2282466045740802,0.1557506847730422,0.3939393939393939,1,5
-0.19461021087188674,-0.9402074394760086,-0.27952967030061115,0.97663861537558383,-0.21220877193790771,0.033829751253414989,-0.091125631858784528,-0.26641585513361171,0.95954088571137219,-23.381783041920279,8.9975119581555436,-9.4589954974949144,0.2595194127453982,0.2036546098014394,0.7980769230769231,1,4
0.9728302537337028,-0.072575856250344808,-0.21985004550818255,0.099199373988714173,0.9886789331523933,0.11257642444532412,0.20919077804881331,-0.13132673844337966,0.96901625690653781,-0.22316862685201699,2.644630933740836,-2.6328657878068222,1.122327555553748,0.6955471444392796,0.8175235336712527,1,6
0.96661728043712625,-0.059033516740439579,-0.24933125969599193,0.094546797374372604,0.98660322661482236,0.13294726901847526,0.23814268048080595,-0.15208259970975563,0.95924915772646835,-16.243681116900355,14.218066256754794,-7.9468261647028573,,0.1791612930838672,0.6610169491525424,0,5
0.67947342069160732,-0.61594744306390581,-0.39865350613870515,0.72120259625558203,0.66056636958193504,0.20861180822654912,0.13484318940107329,-0.42925612256597961,0.89306018582835012,-29.080329292970944,14.118437620644778,-11.179307837626189,,0.4485517264542342,0.3863636363636364,0,2
-0.084593578610754172,-0.95365190760436158,-0.28877667076893493,0.99395875667039846,-0.10110251757715312,0.042711485314822925,-0.069927937879384561,-0.28341898324234588,0.95644328814719226,-14.964822897438861,6.8583464391078088,-7.0525878938215767,0.2459645322585601,0.171056270497457,0.7065637065637066,1,5
0.78853173542255606,-0.53072359786272783,-0.31072522411792136,0.59393531617219097,0.78826533481436989,0.16086827572093784,0.15955733275199416,-0.31140042485781805,0.93678772033125957,10.911055428877873,24.317965669927727,-1.1710765409975969,,0.1877222196150626,0.3809523809523809,0,5
0.92769919163791503,-0.2316635979829495,-0.2927561907184108,0.31465433893513278,0.9072179767132279,0.27919203018290639,0.20091504877349209,-0.35112322637209969,0.91451933991490508,-17.98732545739864,18.693946831927146,-8.666827545332163,,0.1693931496600305,0.2857142857142857,0,4
0.72291424031904672,-0.59568809921784982,-0.35007240621643115,0.67382901742129764,0.71987526921554834,0.16653543782898403,0.15280528925722819,-0.35627978503146696,0.92180000995495093,9.0133632931618877,13.854635094900054,-0.93781377390816989,,0.1221283613913969,0.3333333333333333,0,5
0.17136162072615646,0.96357741794674112,-0.20531379536016783,-0.98182274400786507,0.1842847719617407,0.045422705466276379,0.081604499207897988,0.19379804551672128,0.97764156175099648,10.124341457971138,-7.0373114438059226,0.6934039294558979,,0.3409559655811616,0.8910256410256411,1,5
0.3007318555160462,-0.90586602224389901,-0.298273533559201,0.95305504028166788,0.29702749591366934,0.058828197872816339,0.035304975167586107,-0.30196260764417704,0.95266580830485614,-31.811257435417556,9.5578865406137172,-11.577650195259903,,0.1181587851184491,0.4,0,4
-0.67570427720355375,0.73070952601102868,-0.09740286631081016,-0.72681662544013081,-0.68244050798799705,-0.077540608979460954,-0.12313132319862469,0.018399501455829224,0.99221980205674865,-7.2437754995026369,10.142889048479711,-5.1057144565935424,,0.1116581068487669,0.1282051282051282,0,1
-0.62710857517620444,0.7788605771861481,-0.01053737375877598,-0.76932801902318271,-0.62143773083595688,-0.14815379117431743,-0.12193946894396898,-0.084801816010732958,0.98890819488714188,-15.941013943516657,18.407013924956953,-8.1249413182417491,,0.4472349958079602,0.2,0,2
-0.65395948343205412,0.7382543867781769,-0.16527992749290335,-0.7473403220329542,-0.66435849718896267,-0.010499060743884819,-0.11755610189590944,0.11665439389753704,0.98619081079243354,-2.2717688257291697,-4.6151169511849961,-2.6157450662424497,0.2603626664795631,0.2188744373859609,0.6800947867298578,1,5
-0.5333564670874329,0.82834325290508182,-0.17140109212790988,-0.84209724067937508,-0.53911840307493308,0.014952749115690998,-0.080019474230933182,0.15231153217193402,0.98508785441261182,-0.45934728429670035,16.213976332970873,-3.6448624990350043,,0.09263449785226867,0.3103448275862069,0,5
0.8259375056401379,-0.43779307067569767,-0.35519637391911996,0.538741045402503,0.79853818019128586,0.26850486173514226,0.16608829812953602,-0.41312710156213855,0.89539972927140277,-2.2822237402972867,7.1005924371687383,-3.447769478248448,,0.3510256927547625,0.1551724137931035,0,1
-0.64821785203433291,0.74010533586881222,-0.17904666465060981,-0.75223968737841207,-0.65888953539441697,-0.00018132996881787869,-0.11810617696303535,0.13456846572002565,0.9838405658423186,6.6626036913343887,13.436769987812552,-1.5947926789966962,0.2029548886698054,0.113844163803881,0.2666666666666667,1,5
0.2267361152288255,-0.94148857170134981,-0.24937923611779259,0.97393217528101483,0.22097173554400054,0.051260218913532232,0.0068448523235857322,-0.254501004804353,0.96704828553192901,-3.1901935171225384,3.3733878930028363,-3.52512674794293,0.3944819938388724,0.3021251368660035,0.9373673036093418,1,5
0.3942732763408292,-0.87912666644031556,-0.26774033673879899,0.91768918354384643,0.39214933565559335,0.063760967303709504,0.048940228545604772,-0.27084165650507708,0.96137903614104725,-8.112518372578208,13.267770185205123,-5.6096748403035832,,0.09154273521768277,0.6666666666666666,1,5
-0.4864662568365376,0.86629803917195369,-0.11348254617462741,-0.87065740903844779,-0.49149516910271301,-0.019702153058811313,-0.072844059784618886,0.089219986973346696,0.99334462140717861,-23.673210024792773,8.0393028412243712,-9.4888572811538481,,0.07579215205062756,0.3823529411764706,0,2
-0.83216409171140282,-0.4947402076935295,-0.25046966155105466,0.51141824255351642,-0.85933015374667532,-0.0017515836230592064,-0.21436955392408064,-0.12955235911815399,0.96812286441200857,-5.8387473069240476,18.970047702566347,-5.5574601516398454,,0.1059437622608317,0.2647058823529412,0,5
-0.3383998891131248,-0.89386170318181479,-0.29410333325743171,0.933180762783129,-0.35898907656550427,0.017335134211940547,-0.12107509661249266,-0.2685853653711488,0.9556164097004215,2.6546203122907372,33.057778376244528,-3.9605549740280135,0.4450491619827364,0.5483604236969518,0.7906976744186046,1,4
0.96559766234320143,0.15791829356302584,-0.20659856494053166,-0.14005236902955512,0.98523158678216538,0.098509158639723302,0.21910383019599272,-0.066185594843884588,0.97345414819014831,-15.303590810081946,-12.170412614952001,-5.4669900746999458,,0.2424981150959806,0.5263157894736842,0,2
0.75116750796732612,0.64881667004903942,-0.12159072185258861,-0.6287970775888303,0.75934972787215926,0.16733865661055325,0.20090199150308136,-0.049243471109925462,0.97837286877914931,-24.338049289017661,16.860841669877111,-10.207562155624654,,0.2303492759608409,0.25,0,1
-0.3388943892601109,0.92710151889867187,-0.16010423662037634,-0.93943275335698162,-0.3427098470641935,0.0040078230199171198,-0.05115363963725636,0.15176539256699523,0.98709197685466399,-7.1965542204297677,16.260841457023503,-5.6477742633470811,0.621050404222535,0.2264828103969229,0.1052631578947368,1,5
-0.0093675259194641348,-0.95097226372140164,-0.30913428003173682,0.99905751354023564,-0.022003886652090451,0.037415419428400987,-0.042383181770006204,-0.30849243524727488,0.95028210721777551,-16.600638420783419,11.376397783532724,-7.8635116542010124,0.3365651658746889,0.2903234525643619,0.8439306358381503,1,5
0.29780762611735206,-0.91519451691567832,-0.27153197607984569,0.9542711741012263,0.29315386622220885,0.058543462473945748,0.026021992733349181,-0.27654982720379656,0.96064720317488872,-12.871705024977759,0.36000054201354564,-5.8623043161611443,,0.1434765104612323,0.5205479452054794,0,1
0.18804830932302696,0.97606505386395648,-0.1092467115582995,-0.97825200735082507,0.19605031429814543,0.067729494148996802,0.087526244491762606,0.094134398012360398,0.99170452839342116,2.8955188559371932,12.906813535635914,-2.60337095947009,,0.09718187743808274,0.2826086956521739,0,5
-0.95640373739295814,-0.13912580286231602,-0.25677987085964582,0.16589535451630577,-0.98242030738980202,-0.085609993447230054,-0.2403552005900636,-0.12447630540002977,0.96267077806655565,-27.286956713370181,8.4857611107086068,-10.435043101473729,0.5504040116557883,0.2763762276425046,0.7435897435897436,1,5
-0.26122185288037952,0.94832070820938363,-0.18014154978514366,-0.96514424587948477,-0.25971270759891241,0.0323402869090832,-0.016116085860447465,0.182310569888018,0.98310890947221308,-3.9107303121221291,-6.7818920061312973,-2.920940387390079,,0.114501304295512,0.5308641975308642,1,5
0.93085501415880656,-0.25372141623955147,-0.26293418483872344,0.30663577911318307,0.93377086804420606,0.1845168419402971,0.1987044075582089,-0.25238345614038526,0.94700535874068592,2.6245248702022272,19.331066433468948,-3.1139282883859587,0.2681010649564683,0.1748838828829198,0.32,1,5
-0.46935577007067775,-0.81942585462421058,-0.32900825198578937,0.87101063991977679,-0.49085508871311928,-0.020043628188982074,-0.14507110755730634,-0.29597728064467949,0.94411430615909986,22.437447668887753,-4.9168994163310966,3.5801550740970982,,0.1285573275818158,0.1379310344827586,0,2
0.31023155547179126,-0.88243573176464252,-0.35364326841402327,0.95021192694011769,0.29926439909434793,0.086822308973254783,0.029217732463373846,-0.36297107149151564,0.93134221710926413,-29.230649736846711,15.663469123334986,-11.235789004848158,,0.3055254397526474,0.1666666666666667,0,2
-0.4291769825804676,-0.82556094533781754,-0.36640993866986654,0.89238344300126482,-0.45022206920355151,-0.03085253732324339,-0.13949519088604651,-0.34021936149343845,0.92994186795985467,9.2547600096952767,19.34744136019826,-1.26706946562734,,0.1389984699045618,0.4761904761904762,1,5
-0.54479987212765635,0.82557468214452467,-0.14703585797912352,-0.83638486285581626,-0.54760311044284049,0.02431449401045134,-0.060443862511816465,0.13622509913849906,0.9888322718486483,7.7613306286930381,15.022158147170268,-1.4120514679371974,0.05966344503039546,0.1429700593127942,0.1333333333333333,1,5
0.97317885504297896,0.071196966971679543,-0.21875536105721147,-0.059924756071254588,0.99653113128216464,0.057747103782703181,0.22210794606910858,-0.04308939869066656,0.97406948623465228,-4.2714511272187385,-3.7152800665029431,-3.1734182503795241,,0.06535943019438728,0.1956521739130435,0,5
0.30425558643122463,-0.8657215115827831,-0.39743528090522157,0.95211571451731636,0.28954206334321414,0.098188898171502448,0.030069989933006698,-0.4082788972476718,0.91236184585264923,6.7940529784505657,16.59838652285557,-1.8132758439636674,,0.5120553834887145,0.3125,0,5
0.96819249210409997,-0.097227978011676028,-0.23054287784491015,0.11591293006008536,0.99086627061788635,0.068907375488311454,0.22173743679888128,-0.093438504073869194,0.97061926370657781,8.0410059917557462,-4.7617450050883399,0.013596526447379145,,0.08601439382485732,0.2857142857142857,0,5
0.93186271892915307,0.33663272009376866,-0.13531550107891219,-0.28296014257330332,0.90776489433526586,0.30967152650410018,0.22708022984148712,-0.25028245718538511,0.94116590505626752,-13.644894607167942,-13.921395667279798,-4.9380079438581683,,0.3746538141163849,0.15,0,1
0.97487953610973666,-0.038641029377095071,-0.21935533028204005,0.095565583068725521,0.96214525939117101,0.25523267652052467,0.20118923780162526,-0.26978393332401163,0.94166847664824482,-3.8398677484356671,17.022392095806293,-4.7725136159858597,,0.1312904836400018,0.1538461538461539,0,2
-0.14678600501291014,-0.95523096831921084,-0.2568806452348944,0.9865646842476159,-0.16020643924801498,0.032000322168324567,-0.071721632216190365,-0.24873217320527274,0.96591320183794482,-2.7031836134038612,-5.535951335119158,-2.6334765539685505,,0.07002007453217064,0.2073170731707317,0,5
0.9582194319197691,-0.13212381276587601,-0.25369039869802651,0.19203986340120718,0.95447224129505326,0.228261760840584,0.21198162928943043,-0.26744352431383733,0.93996688779254001,-19.414145695324329,31.030994738966545,-9.7385927031725412,,0.5503290716292802,0.4736842105263158,0,1
-0.5970588172352238,0.77501700225423165,-0.20704930567026947,-0.79474669993114055,-0.6065673193662926,0.021301878446571065,-0.10908002434102183,0.17727022675467888,0.97809857120645449,-18.930533649211593,16.534739507174045,-8.8691650833008708,0.2793137252115648,0.2083184494625263,0.8153846153846154,1,3
-0.96315860507240536,-0.13580240001258445,-0.23212757187762373,0.13772784353633014,-0.99043804291735826,0.0079702105910861229,-0.23099035172450719,-0.024293852984985743,0.97265269552771694,2.4116549589676368,4.6542160532517043,-2.0844434540360766,0.4864100402250555,0.3664062411052879,0.9553571428571429,1,5
-0.11189106612609691,0.99185284195378876,-0.060896052658274788,-0.99366349734238568,-0.11101812325651932,0.017545094981221837,0.010641586839622207,0.062473324041499849,0.99798989995527598,4.3302505819788797,9.2538725163970454,-1.8861738900254181,,0.1332684463593809,0.2444444444444444,0,5
0.84401078949218422,-0.46020973938849341,-0.27541383950839304,0.50975456473998981,0.84797799811548835,0.14520192298586232,0.16672153714359578,-0.2629454515370514,0.95029659505254072,1.1121604604537854,17.909201761685612,-3.415423202248705,,0.1736515819410187,0.3636363636363636,1,5
0.65332996921097397,-0.63288965451588675,-0.41546436253612573,0.74797178153918054,0.62443528063438059,0.22498620917773296,0.11703916161649527,-0.45774585252716804,0.8813458850770699,-6.7137098242775206,-11.321622376337722,-3.3819585882354342,,0.2852456604241251,0.2,0,1
-0.016578442365006003,-0.96293254079002177,-0.2692323850067519,0.99867541335203458,-0.029064824855823547,0.042457681545789182,-0.048709075282677324,-0.26817188115791335,0.96213890272732083,-4.4414986513218118,13.860964440324386,-4.6331921484138183,0.1709494189795625,0.1998691224669243,0.40625,1,5
-0.92319204020351442,0.35397838065242049,-0.14971894648160719,-0.32553206019491776,-0.927254289306079,-0.18500908288170623,-0.20431675087991347,-0.12206059558337332,0.97126509065018252,-7.0279103663362825,9.4340161306935464,-4.9626161073087287,1.018369981295484,0.7430749595815233,0.3076923076923077,1,3
-0.79311051392800902,-0.55928800373988896,-0.2411900527996533,0.57244494529159895,-0.81973500584903247,0.018474436277859597,-0.20804445992851625,-0.12341575692891191,0.97030204247683405,-11.942683356909971,-1.582830939450538,-5.4153277006170946,,0.167102154119832,0.4333333333333333,0,1
0.97042993088472806,-0.082292788965695154,-0.22692211467221712,0.1040179799960764,0.99089474714912806,0.085486021721696961,0.2178210482956115,-0.10656217413563877,0.9701538506664229,10.33133236938378,-5.3119872831834583,0.62219736500811829,,0.07711913632410289,0.2894736842105263,0,4
-0.071158936019572017,0.98490813317057502,-0.15777317591725035,-0.99745995515154495,-0.069760221816677778,0.01439268290368767,0.0031691787012780056,0.15839659297643086,0.98737048550167772,8.0436430045003959,10.303133252135273,-1.0351302687459452,,0.07747087116013761,0.2758620689655172,0,5
-0.05760436389011854,-0.96719895935853739,-0.24740232471942517,0.99653010315300661,-0.070619583846815076,0.044052558236263424,-0.060079037697615835,-0.24400624457801023,0.96791087494472516,-15.832167687609058,13.135143286040645,-7.7477243937198459,,0.09543915683957847,0.34375,0,3
-0.14509829711996303,0.97872615873981228,-0.14505719689591753,-0.98940678537018401,-0.14285481036659167,0.025820848525284965,0.0045494215376790702,0.14726713602681085,0.98908629219605271,-11.911959445654992,12.170440950224071,-6.5866606481245658,,0.08563458385118532,0.3018867924528302,0,3
-0.13094161886244818,0.97620121731900011,-0.17287416161643249,-0.99118038215076398,-0.12532186547867838,0.043079926559941389,0.020389764322994084,0.17699043289920263,0.98400134358292712,-9.1503405843787551,-5.0852409481963896,-4.3663109052261699,0.1838993629849379,0.177778994462542,0.648936170212766,1,5
-0.26540493456772635,-0.88408337267392312,-0.38465154473705421,0.95866510662579196,-0.28443184671228999,-0.0077290305986922334,-0.10257404177110363,-0.37080333700944151,0.92302949639618903,-17.003578903817516,9.1146141644235623,-7.857813205410463,,0.2679779131439534,0.4,0,2
0.14578870743912176,0.98512846031304624,-0.090926175903734391,-0.98631807178419562,0.15188109853867174,0.064099868787637126,0.076956572527212982,0.080337093474514995,0.99379255247608433,1.0997397945111382,-4.9625780480139987,-1.7485307416787603,,0.09599560249628684,0.2845528455284553,0,5
-0.88398970768732221,0.42536164690847111,-0.19398367467958502,-0.43080951627118313,-0.90231230904230886,-0.015351144612868255,-0.18156364557110827,0.069999759214223439,0.98088463965793604,-15.749293344415586,10.570353225597385,-7.5615950644858057,,0.07107360291277408,0.1111111111111111,0,3
-0.88124834555154252,-0.35282201744728109,-0.31451228508136336,0.38740715005305343,-0.92038379621473199,-0.053003469255612355,-0.27077121994488501,-0.16855352761004475,0.94777246994190001,-5.3645828078701046,-14.511340210416313,-2.7855947170100102,,0.2371326847362136,0.2658227848101266,0,5
0.59078501540313655,-0.75850758221403769,-0.27502602294861295,0.80109109061147987,0.59203351128271797,0.08803059730097218,0.096052746540770617,-0.27232805445284441,0.95739819335525356,21.23131347634952,3.0413670331930978,2.850294240265955,,0.231671318164338,0.3548387096774194,1,5
0.71588533002010979,-0.63250769203191359,-0.29570629648768781,0.68383163761213039,0.72067947091308471,0.11399733157031339,0.1410052682090786,-0.28382233831201892,0.94845263171778249,25.14457948052176,5.7276940847917022,3.6593601030563874,,0.1676920542604917,0.36,1,5
-0.73320099074357503,0.64759448847230572,-0.20745526185887289,-0.66570051090963056,-0.74581268183819194,0.024622619356638679,-0.13877729262129956,0.15615640271733222,0.97793457907115933,-5.0271005344140614,-7.0547450156728972,-3.1670818099671463,,0.1281541212845385,0.6758620689655173,0,5
-0.75920231849634012,-0.58496378841215102,-0.28535803096511181,0.61861740713440339,-0.78481961347618845,-0.037022667291721129,-0.20229765984827755,-0.20463514006540956,0.95770565220756643,-16.394553352368956,-4.7359005699532011,-6.3181301259318952,,0.1749814215729086,0.3783783783783784,0,1
0.97161952031522725,0.091287218424583275,-0.21822500199268888,-0.075470857018822959,0.99395274316662918,0.079762736239274712,0.22418665768339346,-0.061029403600511581,0.9726334121409328,-3.5820713208813397,6.733193420596745,-3.7392150231115395,0.3245602192897468,0.2601525917267403,0.9172510518934082,1,5
0.73167916132883704,-0.62819858854282851,-0.26459806921050444,0.6666404467901943,0.74046659955574001,0.085438455309822484,0.1422537155244066,-0.23890531240463586,0.96056656829412079,6.1675067997406101,4.4818356741739835,-1.0931149370484761,,0.1137558892264959,0.3255813953488372,0,5
-0.83174378717923436,-0.48394433536336162,-0.27202969095019625,0.51215172771411388,-0.85798322003119087,-0.039565160739692747,-0.21424957476782389,-0.17222855284366656,0.961475140238781,5.2170920060138011,9.1291100075515352,-1.6455945373412231,0.4330300767039591,0.2438137198836436,0.3658536585365854,1,1
0.17055950462310709,-0.93778269443203632,-0.30244515768401792,0.9853322874363607,0.16062502279223442,0.057618446598494549,-0.0054533217537283372,-0.30783635275383636,0.95142369174047059,11.602000592508126,8.3218350254278999,0.053889086696380144,,0.1915582938718556,0.2727272727272727,0,4
0.42386040687437743,-0.85304052285737397,-0.30440798584712725,0.90385670177366439,0.41997019680758424,0.081658413236062891,0.058184346203423755,-0.30975296634030253,0.94903513196312339,-4.4085036112138303,-16.713142424620809,-2.3941569420368882,,0.119606989292201,0.4736842105263158,0,5
-0.96874834153617417,0.11610603778968097,-0.21919406643359027,-0.12431985369819763,-0.9919516337896449,0.024011043261643824,-0.2146420852194898,0.050510832608807787,0.97538578574930757,9.8593510373085387,-6.2194861750520083,0.56882655708783036,,0.07639376425700442,0.2380952380952381,0,5
-0.64834896414694365,0.7612050321405075,-0.01450929817580662,-0.7612210595909854,-0.64846862995415855,-0.005561870238917738,-0.013642548323638402,0.0074387505231871169,0.99987926564455343,-20.752632710112699,14.446505175561693,-9.1278610872297641,,0.3326742678918336,0.6086956521739131,0,2
-0.86204028377381492,-0.43039754724928503,-0.26766490332682868,0.45732188937344953,-0.88817793670438305,-0.044683803010081256,-0.21850226234769171,-0.16092825753529064,0.96247538008802902,-3.8869709071841836,15.100050065339632,-4.588191342145481,,0.1027636572057415,0.3333333333333333,0,5
-0.61514534977676505,-0.75013260083624311,-0.24268761775310024,0.76855863072034558,-0.63918389105411455,0.027596821595768345,-0.17582329138452785,-0.1695436067198495,0.96971188279155163,-33.501212723789614,12.033818259574398,-12.073302089450213,,0.07244961781299378,0.2,0,1
-0.26402428443875037,0.96224432973960483,-0.066159104517715256,-0.96291583069686748,-0.26691498040000955,-0.039363640982838392,-0.055536296419269812,0.05331269194143886,0.9970323348106569,-11.729441757972237,10.239270690233059,-6.3503450390536313,0.0987476236481869,0.1894349731381282,0.2857142857142857,1,5
0.40883213327077639,-0.87500557740107676,-0.25927114440730897,0.91104002451855914,0.40796712342043273,0.059740270616070276,0.053501032985262299,-0.26063013203593111,0.96395517206167003,-19.672577148808728,25.052207797942238,-9.5305639186185438,,0.1243197991863956,0.4736842105263158,0,1
-0.97510198847700547,0.055424912197778418,-0.21471886544050658,-0.056468957568555411,-0.99840354322812785,-0.0012734601055514046,-0.214446657468263,0.010883197020559036,0.97667506731937259,-14.203622177306334,10.257635777961369,-7.1154804117319355,,0.08197268984475628,0.3484848484848485,0,5
-0.77701889101439769,-0.56583432923391219,-0.27581362342561339,0.59212142489803332,-0.80570529233004506,-0.015205265143407478,-0.21362083508749888,-0.1751299339683739,0.9610908620129287,13.389075274877493,12.54814746780748,0.27450247801464395,,0.1351151252343954,0.4230769230769231,1,5
0.44065066917019763,-0.83604188421994496,-0.32689594000204547,0.89440905149890904,0.43995218514779733,0.080464423073180608,0.0765469552410704,-0.32783538950766478,0.94162865346678926,-3.295855765290022,11.502552075929154,-4.1434741136263655,0.3501992568566875,0.1745343280535514,0.1388888888888889,1,4
0.32912682112465325,-0.90743773600833122,-0.26121311392128777,0.94389652078220332,0.32409470612049079,0.063419078516842808,0.027108922362079579,-0.26743106912389197,0.96319558221350865,3.0792973404808794,9.6105490908711069,-2.3443818986824199,,0.08733012322310671,0.2608695652173913,0,5
0.33782249238786399,0.93374924404004711,-0.11827219830328417,-0.93679079853397029,0.34573364842426907,0.053770290396547286,0.091098646636143019,0.092631493574720905,0.99152430276780323,3.2392881837035121,-15.934154464849394,-0.59225555332807212,,0.2173660491966675,0.5,1,6
-0.71223283989028197,0.68570885351902455,-0.15009247145493254,-0.68923646353034829,-0.72366645944389174,-0.035495814064780702,-0.13295668137405961,0.078167919772551345,0.98803456275397039,5.3544914273061783,-4.6212023701053315,-0.68327269189313544,,0.4120256284927198,0.7514792899408284,1,5
0.17782433205592055,0.98402109085610434,-0.0089999821792998338,-0.97893289036070585,0.17782261967870297,0.10034695860182666,0.10034392407564663,-0.0090337523192360724,0.99491179921646056,22.111406456618017,5.8998646169189399,2.878503215449701,,0.47531510493698,0.1470588235294118,0,4
-0.15680332130985722,0.97016932208031059,-0.18488971015291239,-0.98682384463437989,-0.14634380763715515,0.069008619949108785,0.039892581857017557,0.19327435541346308,0.98033341545225905,-3.9458419456939771,18.73757783170381,-4.9900085191040979,0.5146588124778335,0.2807561433337406,0.6794871794871795,1,3
-0.77427885242058214,0.60306017043262372,-0.19186112042840045,-0.6152764088313476,-0.78829398295289821,0.005247587622537824,-0.14807835571030165,0.12211071729390001,0.98140805646382512,-6.5564409397013979,-8.8416319289450129,-3.4589117171960742,,0.2142335604643329,0.656934306569343,1,5
-0.61075719659782857,0.77668375346306051,-0.15407139225207597,-0.78645286872281839,-0.61763705387972023,0.004044125669232821,-0.092019194093462903,0.1236398672811938,0.98805144154395019,22.138045795416094,-2.8348045789207732,3.4063090403664682,,0.3178080588895665,0.589041095890411,1,5
-0.60348111993750453,0.79533827173726945,-0.056987466946239129,-0.79087146695829591,-0.6061376143491255,-0.084377219807147116,-0.10165067943800515,-0.0058502975244204159,0.99480295204058755,-7.091769351868801,-7.9809596561869478,-3.6056364890813555,,0.1821536714640584,0.4472361809045226,1,4
0.63391729926809104,-0.70265305150080259,-0.32315251338224138,0.765277454707053,0.6302802122317972,0.13075653477411603,0.11180015655509441,-0.33019016230901049,0.93727006871477825,-11.332073261353177,20.990360424145166,-7.1679385674170435,,0.1070294249646906,0.1904761904761905,0,1
-0.7929302781180978,-0.52842191873745137,-0.3033675161275291,0.5906234123666565,-0.78893708802889984,-0.16953541192578847,-0.14975165711244384,-0.3136057189056195,0.93767046144248711,0.27660400673115493,-3.2604868645625702,-2.101357484257711,1.069110853775583,0.503754639000909,0.4583333333333333,1,2
0.97398598619063248,-0.037009741314070109,-0.22356560055635999,0.05309480389303213,0.99638151773741646,0.066368764572215272,0.22030034158807096,-0.076512418332890991,0.97242666013279955,-0.12858125662189243,10.870698688898619,-3.1793175000894931,0.1725819456003507,0.1295754388011733,0.5,1,5
0.84551008249663873,0.50660985096203193,-0.1686984270962735,-0.48740734207476322,0.86128381294357159,0.14361154707403967,0.2180522489866675,-0.039200159050853361,0.97514950866123384,-9.8523909863508674,-2.6462225567828517,-4.7988182193834614,,0.1623751921942856,0.4060913705583756,0,3
0.37897393713045979,-0.88773965915948505,-0.26133704775871236,0.92392821914985646,0.37892760934211855,0.052635660315428864,0.052301059591682693,-0.26140421655678781,0.96381141035573903,-9.9810259697863195,16.059169382839617,-6.3267316318117608,0.229775634618017,0.1854747071422669,0.7384615384615385,1,5
0.49369415431145736,-0.79937565141741806,-0.34243926457063112,0.86716001838690671,0.48220638550957751,0.12454117505873287,0.065571217084296585,-0.35843488905904347,0.93124907827890846,-36.234701335766978,11.858638302365549,-12.677504670908363,,0.2179260586831009,0.3125,0,4
0.49223271651434858,-0.78659489058727006,-0.37279408645377665,0.86918169259382672,0.46738577160328365,0.16147360701530647,0.047224337503402783,-0.40350838727937777,0.91375644640273856,-7.6220521418757805,22.730690277101441,-6.297899588391032,,0.4572877702133275,0.4565217391304348,0,4
0.28574833863351229,0.95562945531208865,-0.07155579017876984,-0.94956484857182188,0.29241337549097346,0.11322992621541157,0.12912972285635974,0.035591599765891505,0.99098877526495932,-2.3978055164773782,-6.7677789926112979,-2.4852503255676077,,0.2877748641489449,0.3717948717948718,1,5
-0.81053243470257896,0.5615364815094922,-0.16647507990401775,-0.566166738093282,-0.82397534150843332,-0.022800466286312684,-0.14997465443174865,0.075772135511677163,0.9857820177443275,-8.7493277958834046,14.561885949459477,-5.8820655526003449,0.3408079591409027,0.2281190778641143,0.35,1,5
-0.97981277969847369,-0.034825278166989201,-0.19686065310300274,0.063254163558436938,-0.98812539275104938,-0.14002542266711956,-0.18964658586980015,-0.14965095456152216,0.97038073160319527,2.4950739641805875,-13.115161772014428,-0.86557630518113815,,0.2215338371792693,0.2424242424242424,0,5
0.27677613098830672,0.96087521354184058,-0.010667582484562173,-0.95669636595171614,0.27657993508145101,0.090750222507272535,0.090150078701701414,-0.014911858075419983,0.99581654926939978,-25.710908161169691,7.4084732306591299,-9.9720391035250042,,0.290325214561318,0.3214285714285715,0,3
0.93481189421095079,-0.25318161667158878,-0.24904977699507391,0.29441874361266551,0.94464493123618121,0.14478797360047127,0.19860595623312718,-0.20867444230032584,0.95760673101194005,2.402817359739374,14.592412007671692,-2.8315687663493194,0.2946657240929083,0.2019047135494337,0.3809523809523809,1,5
0.93416943560278931,0.32215983907118867,-0.15342914871429195,-0.27838086234689063,0.92697365910958007,0.25144369309250475,0.22322983909990182,-0.19217927413387223,0.95563359376322154,-8.6590665535409546,-15.004385443102924,-3.5728620853533717,0.785623829134277,0.4332692432385529,0.2941176470588235,1,4
0.21567048858210497,-0.94668438520228393,-0.23932178164331486,0.9764532247558555,0.21035334282442764,0.047859910431177093,0.0050339068969937383,-0.24400849570611918,0.96976002897860769,-2.2355925921988504,5.1200243477555709,-3.2636187839293256,,0.06536696784134953,0.3837209302325582,0,4
0.66217715460774373,-0.6757503822464983,-0.32385619773180668,0.74034844535336619,0.65674786929543216,0.1434099565537999,0.11578253485930025,-0.334729229482011,0.9351741803278858,-5.5935525330191416,5.3871544137261429,-4.3190646858416475,,0.143825823698212,0.3133802816901409,0,6
0.77470730564535373,0.60263450620432302,-0.19146864628859736,-0.59818205371306388,0.79662401901706115,0.086996568557188847,0.20495565665611062,0.047136230831242278,0.97763559394474087,-10.463658636759849,0.98279057832085703,-5.236322993630222,0.211020347482001,0.1899817796720381,0.787746170678337,1,1
