axis_00,axis_01,axis_02,axis_10,axis_11,axis_12,axis_20,axis_21,axis_22,location_x,location_y,location_z,dbh,dbh_approximation,score,reconstructed,number_clusters
-0.37735518231701282,0.92417252545426509,0.059230140756044582,-0.92595002662410109,-0.37551084647784627,-0.04010177517665784,-0.014819398547906737,-0.069976763093032288,0.99743853848430242,-24.160025454052473,7.9728554020607891,-4.3920317079447324,,0.4925148861182757,0.6885245901639344,0,5
-0.45382473169040349,0.89080290410647045,0.022656101641964597,-0.89076592474850569,-0.45419920518652973,0.01546445326752699,0.024066163239537381,-0.013163131975426488,0.99962370507282627,15.254985045559462,4.5343135459618011,0.83942433468610989,,0.2923681725559631,0.3571428571428572,0,3
0.14902749103321911,-0.97724940911821978,-0.15091189248841674,0.98847843139640645,0.14314196061809031,0.049201318828972058,-0.026480135582071618,-0.15650549986662043,0.98732205026073228,19.035096062603561,-2.6434760908865074,1.8651537807043019,0.3994136288154055,0.3456141304672922,0.9069767441860465,1,5
-0.53176682679489662,0.84688947558506833,0.0015026855082140625,-0.84676556966520711,-0.5317178653775787,0.016253666290112052,0.01456406365152906,0.0073707381964854659,0.99986677125924894,4.6648473155167238,-10.208559559865105,0.19028156966546941,0.3655109698794512,0.2268106886438455,0.2413793103448276,1,5
0.97066760505610317,-0.20656762699460623,-0.12302120131289365,0.21830460436788457,0.97162924253147298,0.090992938019930136,0.10073480136691439,-0.11517999190629707,0.98822369393677012,-4.8521177233869581,-12.723333219004159,-0.99701369702331899,,0.1657434782152137,0.4285714285714285,0,5
-0.98461659443613281,0.14046855385362067,-0.10391702141258945,-0.14095159456963971,-0.99001275944177736,-0.0027173757107283704,-0.10326088295801095,0.011971696652931031,0.99458225830244051,13.904036385106288,27.192322647592004,-0.30036057382453829,,0.1524400622994357,0.6153846153846154,0,1
0.95133002640507558,-0.25549462543795365,-0.17231853421045079,0.29356435345294102,0.92144214224233745,0.2544884061830891,0.093761139294887136,-0.2926890412573932,0.95159969203754646,-20.330326810887144,2.6039998304264005,-4.1383271112225177,0.5021086124206198,0.3842590971184758,0.3271604938271605,1,5
0.61481058668231425,0.78816935623908302,0.028231337003761729,-0.78459262823973897,0.60759902473932792,0.12344161716243962,0.08013956710145835,-0.098043311967156335,0.99195017957723253,9.1452005849582019,-9.9358354443657344,0.87252381569752935,0.3715450802577747,0.2872200393448463,0.6,1,5
0.22014097242129477,0.97525044253048576,0.02060404342596877,-0.97290503165945441,0.21798339871122077,0.0770651494387814,0.070666481680663279,-0.037010974458900676,0.99681314003000576,-21.788245150503286,7.9656114664213389,-4.1423153877210526,,0.5105162850268441,0.2682926829268293,0,5
0.70165443457343035,-0.70095387393042352,-0.12784647459109244,0.71097555715779892,0.70057117237032618,0.060940869437702293,0.046848816074649247,-0.13365514979078666,0.98991994088754731,3.0055588713325552,-4.8592006859373837,-0.42979771612831802,0.2341477544010437,0.2014397016646226,0.8015267175572519,1,5
0.52928070259901794,0.84301065532622577,0.095890421120868083,-0.8411068609917397,0.50650607100360912,0.18971254157042228,0.11136061354407321,-0.18106527840238779,0.97714593521548954,-16.515178037566034,9.1081419998945883,-3.5576362758868298,,0.4988982870381765,0.2580645161290323,0,3
0.5665439143306954,0.81409636824041254,0.12757388585687882,-0.81844067432003775,0.53791192727618675,0.20200401261504702,0.095827218228514241,-0.21885580118376732,0.97104030942839659,-34.790316839789966,3.1401021233715869,-5.0968302760471111,,0.1846767908838701,0.5,0,1
0.88604496414110556,0.46356392453589967,0.0057279480673795855,-0.4508622909293703,0.85875953940196326,0.24342400888993806,0.10792365884322008,-0.21826713301595244,0.96990305830371004,-26.100521318145447,-7.151406016866626,-4.0424638621081836,,0.4094292741651265,0.59375,0,2
0.48914909358101322,-0.85980187659929463,-0.14653974629841834,0.87199674628831203,0.4857119725251951,0.060873263492943974,0.018837163041989898,-0.15755828363502725,0.98733000994931497,-11.807729477694725,-7.3229211666945471,-2.3485792138233474,0.2210662544406412,0.1793284896323173,0.7058823529411765,1,1
0.72483158788031132,0.68141932697747531,-0.10142420831571745,-0.68047470536769739,0.73112790583428966,0.049052631581908063,0.10757948022578918,0.033461711431567502,0.99363321668632754,0.12271265615424344,-3.4209189923222332,-0.89274550173600642,0.2167916668520766,0.1635972670134126,0.4714285714285714,1,5
0.56857198337528891,-0.76036993561076727,-0.31394818161596078,0.8221962398060243,0.53770028342318898,0.18673978808881908,0.026818705590033257,-0.36430202610732282,0.93089461852809907,0.72600370992882357,-12.475329462111826,-0.24939434686258027,,0.6171482783176941,0.5806451612903226,0,2
0.18060664823778919,0.98351348546870587,0.0090808872644497895,-0.98146785690543681,0.17961441825462252,0.066779537408573494,0.064047517311453986,-0.020973427384471843,0.99772643087671464,14.327262136070471,-17.397524155847552,2.1253685599209944,,0.5275459308997169,0.8275862068965517,0,4
-0.011049664672348041,0.99948256490793175,0.030207736686024975,-0.9994306952026476,-0.012002079629608888,0.031531501253796217,0.031877741409677793,-0.029842126761142337,0.99904617364413706,4.8769435574815141,-16.827801615396549,0.67935254983474325,0.3201274143130783,0.2557666050344259,0.3809523809523809,1,5
-0.77260083209053632,-0.60673292356617481,-0.18698426060461787,0.62725425908842192,-0.774997120019424,-0.077016611305845514,-0.098183749716784896,-0.17678977182643538,0.97933923023082814,-7.8243641402718813,13.840380636260546,-2.4862271070237951,0.4196135844595893,0.4143046947228065,0.7617021276595745,1,5
0.073113655778564268,-0.97188158004824277,-0.22383160568075314,0.99563480391341597,0.058072494730700738,0.073067931351901552,-0.05801491683168282,-0.22819680041289647,0.97188501876833611,-10.548087887343977,0.3228796036845884,-2.7370054947094014,,0.1435032921497253,0.2741935483870968,1,5
0.03145543828918354,-0.97091094490945484,-0.23736573564241645,0.99928106818351148,0.025520186560635681,0.02803688370578062,-0.021163699394398945,-0.2380769983281471,0.97101567479366868,11.105574289420526,-4.2670706095813573,0.81965327312253999,0.2374818800213839,0.2386098407492059,0.8032786885245902,1,5
-0.98013740126336502,0.16816856739110045,-0.10511901629259512,-0.16837057176794998,-0.98569881803839365,-0.007013606793085176,-0.10479515831960728,0.0108246505412111,0.99443491578555809,-13.534779973844861,11.239401285510091,-3.1870529348012555,0.160032511360764,0.186220073554805,0.3962264150943396,1,5
-0.98875368664055563,0.11118820840270272,-0.10001664594910736,-0.10626259940575994,-0.99290788329452029,-0.053312243050992303,-0.10523500901431486,-0.042084648077348234,0.99355647815006709,-4.2117365661577395,-10.507859097763566,-1.030581987111413,0.2763237338101416,0.1710089878299294,0.4792626728110599,1,5
0.74240388074748809,0.66990923789103396,-0.0076217346661732839,-0.65853426858515796,0.73179494821178359,0.17552427430621145,0.12316287975716728,-0.12529072894657953,0.98444559945684895,-13.956934076967721,20.544650317782832,-3.3143943817796933,,0.3018545735919756,0.2666666666666667,0,5
0.39227720872196103,0.91650844062108106,-0.078299870929797316,-0.91578103257269106,0.39712051570023732,0.060335697477319435,0.086392661131626372,0.048037217657702684,0.99510237353867481,12.877579933854653,-5.4619989909200166,1.188116518062742,0.1546324110940914,0.1231886954257073,0.4242424242424243,1,5
-0.74371594087715587,-0.64868242389487918,-0.16154786354227099,0.65918305232567331,-0.75181617767411546,-0.015815767894489026,-0.11119488662621377,-0.11825205248683014,0.98673813611861427,8.4940968122128488,-7.7271370189122139,0.63078544121696123,,0.07370515688445638,0.4285714285714285,0,5
0.11106181685786452,-0.98408307015454433,-0.13872917455040093,0.99345843015623092,0.10620396124817583,0.041965058878936881,-0.026563516102858238,-0.14248238364935312,0.98944082691278268,4.0312859604536131,-4.3672873483534884,-0.28902141934520015,,0.08222504912906425,0.2631578947368421,0,5
0.30882950396446179,0.95092913703146764,-0.018923895625701258,-0.94834525781597434,0.30938640542335444,0.070152149768690955,0.072564519284686033,-0.0037186669390672218,0.99735678774307179,-8.3757892607402677,-23.72293754027957,-0.62660539498542556,,0.6739190447360441,0.6190476190476191,0,1
-0.99400916158256347,0.0022264546288867492,-0.10927410301491869,-0.00467998669201044,-0.9997425585216132,0.022201675730032181,-0.10919654030459099,0.022580070426028418,0.9937636821725091,-2.0620517367039901,-11.754026503134391,-0.68422277175073465,,0.07419827250944658,0.2307692307692308,0,5
-0.99556937748658614,-0.0069571529009599372,-0.093772131438319056,0.013694261450111465,-0.99735412481857721,-0.071394796103827374,-0.093027317570210072,-0.072362612797519779,0.99303049825008349,9.4305871906974073,-5.0334968215205622,0.61911059347894493,0.5678649460147581,0.5337046385913577,0.2083333333333333,1,5
-0.96075384050821777,0.26739849329782123,-0.073824817851215807,-0.26263707753527665,-0.96248017832119659,-0.068217826427750955,-0.089296267852800981,-0.046151404321567342,0.99493528655219987,11.792944505229276,-6.0208081185750011,1.028509678690128,0.1959386113536277,0.1764508059377295,0.4375,1,5
-0.48845750433112206,0.87211682475184815,-0.028662003547677492,-0.87206837326778608,-0.48903645396077394,-0.01844177441434583,-0.030100146323396488,0.015987203702549795,0.99941902648943204,8.4698268713945648,-5.4042104233464734,0.46701886618305899,,0.2590574536838979,0.3243243243243243,0,5
-0.83749755735119713,-0.49841382647726096,-0.22401227423307632,0.52952454670746629,-0.84145471328692756,-0.10750683662664698,-0.13491329017199288,-0.20865671104354933,0.96863862253755828,-30.960282443949581,9.4369495205681364,-5.0011322389970498,0.4723680252399117,0.3405858317642898,0.25,1,3
0.83876001567936109,0.54287703166805701,-0.042025760966803265,-0.52197006809938451,0.82362680281107037,0.22177947988833244,0.15501252886745384,-0.16408357071472734,0.97419079122912233,12.228541061937095,19.407986133080254,-0.22535335050844216,,0.7733460260403049,0.5600000000000001,0,4
0.98489650996855393,0.13196105516355769,-0.11209435566468898,-0.11337330307626588,0.98082444852033612,0.15852411593935753,0.13086389418528882,-0.14342134117661215,0.98097143694083311,-0.95002520177038141,-5.3771755045136747,-0.93570023776162692,0.6154819609836227,0.4238194867877542,0.7377521613832853,1,4
-0.12205230191515992,-0.97396983207114218,-0.19101309330127841,0.99198014623047481,-0.12607331606294339,0.0089949130879765898,-0.032842428073723617,-0.18838334637702309,0.98154627487756185,4.443385028387647,-3.4320890368847699,-0.26444212868988909,0.3038510340465891,0.2263047646778127,0.391304347826087,1,5
0.63973752784474769,-0.75483169772815106,-0.14479296796436125,0.76773594102221121,0.63647842524187437,0.074004993509654782,0.036296285344800311,-0.15850653710955087,0.98669055805946992,-0.89359008284347052,-16.109799988886166,-0.19783575520582194,0.433595104759073,0.4036016294823111,0.859375,1,5
0.95522372261931343,-0.26888581759160179,-0.12348302249053533,0.28058427505129735,0.95563899873189639,0.089591119518830323,0.09391541055247582,-0.12022695704705878,0.9882941740493898,-21.719561482682746,2.5850680561120809,-4.2463770433205728,0.3114758590035311,0.2318408535908659,0.3888888888888889,1,2
0.94215816942609287,0.32494314778453176,-0.08215798495309784,-0.29473744553754078,0.91994289924824058,0.25852446754755415,0.1595864091383685,-0.21935590448087119,0.96250463125519559,7.0140812426956352,-30.256009100180002,1.9665436885280632,,0.3576467169876735,0.7037037037037037,0,3
0.89962554706955689,0.42408781788671535,-0.10403556017000642,-0.42076714090603035,0.90561218278712763,0.05311861746413387,0.11674282930256469,-0.0040121200904590457,0.99315407399799471,4.1724556868449856,2.2585917433881608,-0.68408256434973136,0.5541131914861437,0.4651768609291976,0.9804511278195489,1,5
0.1148074415120461,0.99338709005369963,-0.0011578808675955861,-0.99055591335354509,0.11456803009764166,0.075320309345303565,0.07495487905256365,-0.0075003862694745065,0.99715871871634698,10.102649099822008,6.9482148694807355,-0.10013271738206331,,0.1122860090669891,0.1666666666666667,0,3
-0.54619732811206412,0.83701201486606158,-0.032853701969467304,-0.83746868058644175,-0.54648526356013505,0.00025641453674213197,-0.017739441931671002,0.027653999375607606,0.99946013853404259,17.687901296413319,-8.9062235664833906,2.0937838492595731,0.3804228608702249,0.3049583525543623,0.4,1,5
0.95643014664677806,0.28170830972984151,-0.076692912412938088,-0.26653397372312632,0.94968836879381713,0.16447383691365125,0.11916801347921661,-0.13686646925706161,0.98339542105733002,-12.931401386499694,27.586151140825933,-3.3610251711017041,,0.3773757987838042,0.3,0,5
-0.57946782529984675,-0.75298990570306779,-0.31180641646950125,0.80921598542285844,-0.57706599125480917,-0.1102920245222531,-0.096884097654770782,-0.31622941616236488,0.94372264356389768,-10.770127340241352,-3.6032614805921304,-2.5408876775793678,,0.1061752468682162,0.3478260869565217,0,1
-0.56462416186197861,0.82096476147212216,0.084949492421563882,-0.82483502024468425,-0.55764750978579447,-0.09314743264124288,-0.029098886913606178,-0.12266260738597314,0.99202174347625338,-21.05140138425411,-11.073631978987793,-3.482799539532778,,0.5740631252409012,0.3928571428571428,0,1
-0.77780354058842016,0.62849799745192947,-0.0034524552178110159,-0.62422618772862948,-0.77313367751766349,-0.11227636991724452,-0.073234683053171573,-0.085173845087129996,0.99367102066588109,12.010461791976144,10.082574219133017,0.010725667579160819,,0.2412701912227067,0.4444444444444444,0,4
0.93903776175977882,0.32915485161789443,-0.099323540238895017,-0.32313875645977114,0.94360709573507107,0.072020781390218086,0.11742838695485124,-0.035534948076882129,0.99244538459421316,-1.7248796341874584,9.9658850616678567,-1.6598765169193983,0.4869471989785933,0.4225648092411077,0.9654377880184332,1,5
0.99294040993437471,0.05232384253644104,-0.10644979014342891,-0.04123368188630324,0.99373900848225794,0.10383913760620529,0.11121657159550229,-0.098716759078299424,0.98888112312836784,-4.6884820388062716,18.651358652555949,-2.2452102106806255,1.047124961560022,0.9463770188237642,0.9256198347107438,1,3
-0.81977642556554198,0.57205267231990231,0.02687661025206619,-0.56866739145172007,-0.80758188517068252,-0.15629746205124961,-0.067705317268874618,-0.14341282660844637,0.98734429211784902,3.7408028457684335,30.411824443055476,-1.7070913292937582,,0.4969936813868913,0.1363636363636364,0,1
0.65931171429434077,0.74892865015157584,0.066437492249443911,-0.74459687023531729,0.63811947435926097,0.1959056846526642,0.10432432233197754,-0.17863206158357367,0.97836957349683307,-6.9384477318085906,21.878808895719217,-2.5791441772568668,,0.1634719511406671,0.2564102564102564,0,3
-0.96887295150752106,-0.19940857241070065,-0.14670182373178134,0.21361804107924565,-0.97291380342834133,-0.088351930505585929,-0.12511009696491324,-0.11693995188867044,0.98522713690280828,-28.362813619951044,-7.608148923301524,-4.2371865772736692,,0.1627321780219859,0.5,0,2
-0.14980597022792511,-0.92774366510450734,-0.34183309252107824,0.98725030618020504,-0.15917413935438648,-0.00065292256815019216,-0.053805243528485945,-0.33757263695276662,0.93976045381235018,-11.81434202756471,-3.0979210909489701,-2.6889683553509474,,0.09644552700774457,0.2711864406779661,0,3
-0.90540988768970976,0.42325189914395195,-0.03302673378863008,-0.41627586362394992,-0.90037129983507003,-0.12667252187211228,-0.083350708682301072,-0.10094232167106119,0.99139462730933459,-22.237442622329485,-11.166035417184434,-3.6694135997600275,,0.3658633092280156,0.4545454545454545,0,1
0.79704743163505398,-0.58567825080858371,-0.1472969051058568,0.59981979878877179,0.79609435544368379,0.080311806178822165,0.070225356567005945,-0.15236391882760622,0.98582637190051559,-14.597807848083386,6.3036825162037093,-3.3540966914046066,0.7365713055627303,0.5526260984859994,0.9494949494949495,1,5
-0.45679010137231674,0.88759591439615781,0.059298364526496158,-0.88902107896029081,-0.4531395886264874,-0.065620380856086055,-0.031373945441221858,-0.082692236435267782,0.99608115612172143,1.6685861985668533,-26.623340271644501,0.91106871861634986,,0.3769589097677883,0.4473684210526316,0,5
-0.64834716107456059,-0.75013308343955398,-0.13017801602431056,0.75461024618658068,-0.65584088601190682,0.020883213003401194,-0.10104125433102236,-0.084694092855315151,0.99127068732946488,-4.527990281844934,-2.8315846749933522,-1.5729872669877183,0.3187178288843782,0.1338769170035467,0.6962025316455697,1,5
0.30318624529039273,-0.91578830905222508,-0.26345753674924527,0.95284325194492037,0.28758317947571577,0.096879575276044613,-0.012955226348558434,-0.28040629073882123,0.95979397488437757,-2.7450805853201081,-7.2308156028414023,-1.06764911149409,,0.1504399765862791,0.5909090909090909,0,2
0.40580597991228046,0.9139588646992457,0.00083684233937762959,-0.89070430692447367,0.39527518263829986,0.22450694335911414,0.20485932806105675,-0.09185163922285651,0.97447212996496091,4.684981467969318,19.106854785920323,-1.1818229375640605,,0.2517345723730834,0.1515151515151515,0,2
-0.86308307553742891,0.50378696820000701,-0.035864960514392995,-0.49941700929962662,-0.861869332951818,-0.088113016855660031,-0.075301099215552267,-0.058137282263916984,0.99546461557802068,-27.2868171106185,3.3200173227715961,-4.5580802446848354,,0.7899113119128436,0.6578947368421053,0,1
-0.98847555313429869,-0.10434345272593,-0.1096746312010019,0.10238664048228495,-0.99447081953186167,0.023340200307207692,-0.11150361745968382,0.011842000374128263,0.99369346899360556,3.8986179125185982,6.2733957473942743,-0.91518518243322466,0.4999395165904926,0.5038280224002263,0.9359430604982206,1,3
-0.24460013794473001,0.95568085248416546,0.16384407438951948,-0.96933766002456301,-0.24511813985780714,-0.017366587769437562,0.023564239336846034,-0.16306810144166092,0.98633337209925565,-20.054234177956193,-0.13419182125330953,-4.1372976954397398,0.7699274445702415,0.2448793378146856,0.2608695652173913,1,3
0.72186341883070204,-0.67288415592771211,-0.16167905632920004,0.69022838447806856,0.71692664709751353,0.097984488273974588,0.049979814073741254,-0.18232689155187057,0.98196686441151704,-9.5869455340861371,20.907088689402702,-2.8347033753456645,0.412456813785265,0.3888839236267611,0.8225806451612904,1,5
0.87228396248785078,-0.46730619319710476,-0.14403336622506602,0.48290118714972474,0.86956419729469459,0.1032693092482944,0.076987870706237319,-0.15963404581374094,0.98416961911108403,-30.965934373066151,3.697462263295308,-4.8515681907379395,,0.1276197455093825,0.3684210526315789,0,1
0.35121025178376397,-0.89396770537410375,-0.27833990154152283,0.93629660442112062,0.33538516676522873,0.10423750986731675,0.00016610678592535218,-0.29721798677404981,0.95480963586806999,-6.3162259964785026,3.788819738119618,-2.1096173380323271,,0.7492653274548741,0.3087674714104193,0,2
0.96501194146900005,-0.19697175854146146,-0.17307246794136974,0.2453704979385532,0.9110865272186689,0.3312320314553121,0.092440638052853491,-0.36210974338963969,0.92754043695068722,1.7731191315715227,-20.83892180043182,0.57110994943196447,,0.257905549000939,0.1666666666666667,0,4
0.98476544946014677,-0.11364231046662468,-0.13161472114228828,0.13298901012157507,0.97985409212085739,0.14899624606309333,0.11203094544115308,-0.16422966670433678,0.98003963380964543,-5.6003812575305565,-11.241567446680332,-1.2500675367858209,0.8424579861534202,0.2505589580242888,0.2993630573248408,1,6
-0.39078007139101251,-0.9009571926383183,-0.18859234564773997,0.91696923945704212,-0.39891725805267858,0.005695183693921608,-0.080363858127954518,-0.17070781546553204,0.98203894629784272,1.3540700740358862,-3.614700906245206,-0.73953142485208978,,0.1192729086424279,0.2830188679245283,0,1
0.61423662151212921,0.78884508219427718,-0.020899978260039538,-0.7829144908390766,0.61250658729914009,0.10899807589747275,0.098783970499043014,-0.05058771405257962,0.99382222271358955,-8.4647237715179262,17.57078033946399,-2.615283544906168,0.1804782927500396,0.2185878479841911,0.6923076923076923,1,5
0.96361813525200868,-0.21084372804460821,-0.16427115315140958,0.23554115929959987,0.96036707988613368,0.14904842886384839,0.12633468126070169,-0.18231838693678826,0.97508951081196926,4.6230792713295328,-15.492007101195453,0.55335800751052233,,0.2237921062421251,0.3076923076923077,0,5
0.22586524365048008,-0.93314610836966649,-0.27968416498839488,0.97414826891855855,0.21767334977747738,0.060443882731232884,0.0044768151273381594,-0.28610601746764847,0.95818751030010663,-21.165340652970933,22.144917756184427,-4.254260323228273,0.4245901237290201,0.4787402183053024,0.4444444444444444,1,5
0.06604120902431955,-0.92482774060122019,-0.37460940848442131,0.99693749330631054,0.045397895226529962,0.063676255771917364,-0.041883089078239635,-0.37766742158073807,0.92499358134303888,-16.733262702750554,-14.430646062758713,-2.5730877475235432,,0.4166830811703519,0.2571428571428571,0,3
0.79447657156544005,-0.58166016070727611,-0.17458073971549906,0.60453705911827993,0.7848502998796788,0.13617984774334496,0.057809353795439181,-0.21373222551773802,0.97518029840075704,-11.825901905325024,-9.4436142081606924,-2.2041500514809198,0.6484256230318113,0.5660838281740375,0.8672699849170438,1,4
-0.34783131612761897,-0.88625148417990496,-0.30589488768177198,0.93317787300233879,-0.35875927941196495,-0.021698773574514774,-0.090512059195219069,-0.29300185361994413,0.95181798728302991,-12.402056172277238,-19.796043179257293,-1.4515913762052466,0.3409105842256611,0.3837777993997264,0.9439252336448598,1,5
0.52225536050379551,0.85072029036263819,-0.059366033978705976,-0.84960423408487851,0.52505345362064637,0.049915090564679861,0.073634121506941985,0.024369210211698883,0.99698754141842749,-9.0968972686089202,2.8361000219379533,-2.5421278484181848,0.4064262324641847,0.3631256429623744,0.9580973952434881,1,4
-0.66866867385271933,-0.6896698125747851,-0.27791681171009891,0.73535743607886017,-0.66872956411690088,-0.10977345434823806,-0.11014375066961724,-0.27777026424561807,0.95431233592013709,-19.396858871187675,6.0477980462437149,-3.8395004228758376,,0.229354710935918,0.2631578947368421,0,4
0.29090846781730989,-0.93682050301110087,-0.19426684866496077,0.95672859334378735,0.28345563527816869,0.065751817522173975,-0.0065316177632028039,-0.2049884093481372,0.97874260661438328,-29.314438580105875,9.9657458808696955,-4.9088048658796302,,0.4924975737899044,0.2727272727272727,0,1
0.87045263969915132,-0.47568275383772352,-0.12664169827565014,0.48701301513097794,0.86963562783170656,0.080945647806347998,0.07162768412991638,-0.13213550812372526,0.98864032001485336,-10.323601091412387,-2.4547954455192378,-2.4962903117679867,0.2979690445123706,0.2569819140069028,0.7920585161964472,1,5
0.9904579027804038,0.11187297719272168,-0.080483413159983558,-0.077464603127012949,0.93493387314310716,0.34626274433152943,0.11398411328873082,-0.33672405590284843,0.93467883901055404,-27.275338751011777,16.264306391695101,-4.8599016493324223,,0.4388062284967214,0.48,0,2
0.40409411641197807,0.91457974911030837,-0.015869076801994571,-0.91105696032156436,0.40396695761319801,0.08237664842883477,0.081750597128423738,-0.018830286085495567,0.99647491699243707,-9.3476672681696229,-8.4274089002645063,-1.9311461682769204,0.4487466150640462,0.4340514283971494,0.9309331373989713,1,5
0.96486979289103136,0.24573004894386813,-0.092967875163748229,-0.23609311370628233,0.96619938812125772,0.10353156066909819,0.11526631956859959,-0.077945400378411744,0.99027177589435444,3.0687811298721712,17.574345197231334,-1.3287766617154517,0.1983462443220257,0.1788234898778324,0.3846153846153846,1,5
0.93452355033022338,-0.31857968062278269,-0.15865913453841693,0.3393967195082912,0.93191345476836596,0.12785608944707477,0.10712423005652813,-0.17333291642378237,0.97901996885600939,-18.560903387833299,11.46202890347303,-3.7617039385156592,0.5092446119498848,0.2321971387979057,0.4285714285714285,1,5
0.11207709038823421,0.99242787503891938,0.050255732566965909,-0.99255620600782368,0.10937952668629411,0.053556484735617943,0.047654000099275944,-0.055884094227401392,0.9972993854840787,-19.904096523510606,-3.2902718037970105,-3.9062371355544605,0.6683981333669151,0.7173234200133096,0.5494880546075085,1,4
0.81019321499455355,-0.5063976921911576,-0.29520896280475351,0.58254249764557187,0.75150746553472192,0.30964619759079376,0.065047619584789218,-0.42284501485656395,0.90386442600497574,13.643437731814242,2.627281779688114,0.70258158280356775,,0.6735421765455073,0.1304347826086956,0,2
-0.64147132749654623,0.7667697659113728,-0.024055396152155614,-0.75858868281407044,-0.63867389902690463,-0.12899170906761578,-0.11427049621941771,-0.064496331570017371,0.99135386059054531,6.0883550136095534,-7.4148655438495048,0.25543576785528965,,0.40650499047122,0.4675324675324675,0,2
0.82227038881402592,-0.53543359337556984,-0.19282705921253629,0.56560626860713481,0.80635686654424188,0.17285297998375512,0.06293613105318438,-0.25119608050659514,0.96588797101225976,5.9000313257162578,-3.4788508649147438,-0.11481265625154388,,0.1123207429742957,0.1212121212121212,0,4
-0.51818758458107717,-0.82299004352844785,-0.23274237998068356,0.85438565666753941,-0.51046869782078441,-0.09719494959065729,-0.038817223842089417,-0.24921696731602455,0.96766943029889974,-13.992303065837987,25.643273277782288,-3.4406674510755635,,0.2239819570389244,0.3333333333333333,0,4
0.34881399798765828,0.93468901492849399,-0.068448814305792194,-0.93398981813730486,0.35272616180693872,0.056984861084245789,0.077406811222988689,0.044053378405613922,0.99602584576271991,11.974193961573151,0.5983665743810006,0.60522167231901325,0.1398126993516254,0.1545547456665564,0.7111111111111111,1,5
0.99477807390311235,-0.013053631437225998,-0.10122344781677456,0.02529887389467363,0.99237257591586503,0.12065089121002127,0.09887644138658927,-0.12258170041409955,0.98752072183945216,-38.50493929949134,6.6140965400699763,-5.5218576116319253,,0.1609069571702116,0.3076923076923077,0,2
-0.12510159674798668,-0.91021615548201062,-0.39478619630206446,0.99100060436954684,-0.13373635868756811,-0.0056910898940591209,-0.047617146389680516,-0.39194532356508371,0.9187553922046745,-17.515004497159619,-16.025586880646305,-2.4723289067958336,,0.5065049170961315,0.8301886792452831,0,2
-0.94920672352542435,-0.28655671560629986,-0.12996862988836191,0.28955255029733723,-0.95715218174467387,-0.0043613756680764525,-0.12314997616904244,-0.041772595350784328,0.9915085141577068,-14.087792698232203,-11.10061778098822,-2.4934767487004184,,0.07583697050580293,0.4,0,2
0.51753506823872664,-0.8447548993712547,-0.13618595056538327,0.85541976386728358,0.51458028707774184,0.058857078896495559,0.02035879977739502,-0.1469567560177118,0.98893338053297286,-9.2765580149226121,-1.9478423654058705,-2.3655025082280106,,0.06672907444666745,0.1502347417840376,0,4
0.22430059103656316,-0.96652710596396785,-0.12455761035587237,0.97439702683660789,0.2204023263088247,0.044421263485372564,-0.015481568157877565,-0.13133228085499474,0.99121751046518436,-3.8870432366489753,-4.2163731968568516,-1.4209812691486212,,0.08648921831682098,0.5355450236966824,0,5
-0.573506976384766,0.81906237448454244,-0.015052399866719801,-0.81910547138249068,-0.57362363928601079,-0.0047060815485324946,-0.012488986719195022,0.0096305324887482682,0.99987563129356849,5.2626713863593002,-4.9733969156611595,-0.0323447252037459,0.305258202012308,0.2760313053061618,0.594059405940594,1,6
-0.90664666757369217,-0.39824647359758364,-0.13925360478138249,0.41249942880674989,-0.90603947906701043,-0.094534034115163118,-0.088521417813009692,-0.14315099943441151,0.98573411726961402,-7.4894751368501415,1.4264640749571822,-2.2470086429118301,,0.22153256095155,0.4679802955665024,0,5
0.61122255476042542,0.78822516022839195,-0.07147087053523328,-0.78538510050218946,0.61521981862319275,0.068372645717499667,0.097863335633443224,0.014341253647113588,0.9950965259624438,-3.3641387852669671,-1.094560760629931,-1.5184649627042042,,0.128320725461061,0.5526717557251909,0,5
0.74928990924144201,0.65690882791993299,-0.083877432661059861,-0.65257974525182694,0.75396811954106158,0.075311027099457056,0.11271338871674205,-0.001693079021900214,0.99362609943952929,-23.531682428478391,6.6762776359650085,-4.2896302230694774,0.3141952800038991,0.2744704547197083,0.6764705882352942,1,5
-0.51301393167566822,-0.8382586847856478,-0.18476764675697144,0.85390967783013638,-0.52031902921456019,-0.010313580622182987,-0.087492674063064338,-0.16306589226031806,0.98272811436665486,-9.8506206945340011,18.150204010587711,-2.7854891827090151,0.374697180373264,0.2301790337303176,0.1351351351351351,1,5
0.96473194205849866,-0.2365941654064932,-0.11539272450047773,0.2440123854490111,0.9682185490977584,0.054870729269030936,0.098743281895637913,-0.081092799178700423,0.99180326789229833,-8.1909213810869801,2.5420156902313114,-2.3873164961809898,0.2610072604534298,0.2340454944608745,0.773841961852861,1,5
-0.38023160616629159,-0.90261385106223602,-0.20177254903183114,0.92163919483891743,-0.38804690453052537,-0.00089130295074765081,-0.077492710682198263,-0.18630039118283637,0.9794320007209526,6.7356334658721968,6.7469514131155854,-0.55480547124100332,0.2402574376277502,0.1825446818190136,0.3846153846153846,1,5
0.51675206515297256,0.85546608453351025,0.033839051006840877,-0.85124035039941759,0.50917566883968646,0.127003953141368,0.091417553084815015,-0.094434720704640249,0.99132482795167731,-21.4413369811341,8.9110567503781972,-4.1134643429658064,,0.1251719197604582,0.4358974358974359,0,4
-0.47282563275982503,-0.8672924916777679,-0.15569089531710145,0.87683759514252935,-0.48057715350636027,0.014192648533301277,-0.087130664808303018,-0.1298049822121386,0.98770385938446625,-31.280556914529221,-5.5674663261492796,-4.5198454234506302,0.6526518755241969,0.6039969135488097,0.9493670886075949,1,2
-0.018601960982951842,0.9903487890369056,0.13734352223793644,-0.99908997587331394,-0.023685396195370984,0.035471426761950711,0.038382120278182448,-0.13655869822242059,0.98988814256094027,-13.563086554930159,-16.251955632824394,-1.9000364176845885,,0.3844614075010638,0.125,0,1
-0.97741501147154675,-0.1681355813364839,-0.12802469151971915,0.17678781549691228,-0.98245249393318057,-0.059440436205529031,-0.11578412517226341,-0.080731180179138037,0.98998813775972982,-9.7983661940377065,2.0761306850888488,-2.6383147797468016,0.2361475271898494,0.2333697437412631,0.6181818181818182,1,5
0.37948787530660028,-0.90962823455229136,-0.16901309831064723,0.92517060498339321,0.37446391291144132,0.061936496524382545,0.0069501201388628966,-0.17987009988415179,0.98366581876047776,-5.4417322733982116,-19.316387112275535,-0.49056461437225862,0.3396246425764329,0.29836335197524,0.9333333333333333,1,5
0.45822953512475956,0.87314450299896784,0.16626596170603566,-0.88461302685693,0.42979499306406777,0.18093108260351271,0.086518702338673148,-0.22998900151908161,0.96933976155210366,-20.298426971000957,-12.430538967012982,-3.2532835215741907,,0.5294206279551328,0.396551724137931,0,1
0.41600118456620061,0.90684306420484662,-0.067665880198833406,-0.90520005905071244,0.4200610405983341,0.064510272562063029,0.086924493292195232,0.034414808949195776,0.99562028574697392,-19.556047646491468,-20.786969702625942,-2.3768199601954025,0.6786091678177436,0.4611920202813032,0.8857142857142857,1,2
0.83894228902169643,-0.52636580433099267,-0.13825655760947614,0.53868143463679818,0.83931315598050416,0.073319425636631533,0.077447709253897934,-0.13598700757436952,0.98767878690508037,5.4323606812953082,8.6012008371045319,-0.81225705891387756,0.193396483152192,0.1451766694988343,0.2941176470588235,1,5
-0.88327994536047583,-0.41869051023484921,-0.21098529513517925,0.45423403090321757,-0.87567849554921084,-0.1638859896455078,-0.11613777720195899,-0.24059390904998892,0.96365273186695022,4.6042545866320825,33.811495982725354,-1.6634719141129071,,0.3662575251000261,0.2307692307692308,0,1
-0.99279586717880952,0.019161492714558956,-0.11827596251828752,-0.0046399723917116093,-0.99253764831088576,-0.1218502660715283,-0.11972817867520416,-0.12042364336976359,0.9854761840596008,-23.911739151604937,-15.669304076068066,-3.3143524555992196,,0.368837647270383,0.8979591836734694,0,2
0.93183575114765571,0.35468583032554857,-0.076681775210020758,-0.34540727150151862,0.93171961738566267,0.11221573585103839,0.11124724570505198,-0.078080191758153214,0.9907207144185739,9.4308224983254512,21.499576315268836,-0.68571995903554195,0.5298011105904779,0.6225412196261463,0.9557522123893806,1,5
-0.89866540482130985,-0.41203444428375635,-0.15042641689918623,0.42265550921194611,-0.90513606824228521,-0.045727655742317352,-0.11731500632971964,-0.10467241609265318,0.9875630990469344,9.9815810404206484,-0.033769194138033524,0.28101259068679818,0.1557539951875481,0.1278685911340074,0.4347826086956522,1,5
0.83960128044540971,0.53538578074884724,-0.091824591729970498,-0.53143292216012428,0.84458666621326439,0.065210524450544413,0.1124666133516064,-0.0059522287179751632,0.99363767634611633,-14.94649623505207,7.2469454051310951,-3.3561258403746304,,0.07659350447428535,0.3333333333333333,0,5
-0.16557686272324737,0.98617566657276789,-0.0064697133231951922,-0.9854056822352687,-0.16517773197753044,0.041133420441342702,0.039496125748888833,0.013186034980863681,0.99913271617554011,8.3544164065030255,6.528280743601778,-0.32452857136614299,,0.1820422424657197,0.2203389830508475,0,5
0.77157144800063926,0.63103387158487645,-0.080459639216181267,-0.62659656558666854,0.77571889222847723,0.07507958600588846,0.10979182403616462,-0.0075135312886502673,0.99392620562212064,9.0223624605927579,-14.643885930404531,1.1412087864981317,0.1448591858541201,0.1300060242082836,0.5625,1,5
0.47092894546458208,-0.81962301537223858,-0.32625762978930617,0.88188817324282276,0.446765181109465,0.15057929088245789,0.022342296615470634,-0.3586348918055049,0.9332104993845709,-23.093009000337915,5.9211001031074657,-4.2462776940133757,,0.6505155886375813,0.4028776978417266,0,4
-0.23527773911408986,-0.96157939773161638,-0.14145475366866736,0.96984593722232659,-0.24179558128198253,0.030557403781317577,-0.06358650431269626,-0.12999984127147737,0.9894729898985023,6.3598257932003515,-11.34735418429057,0.48082086746819475,0.1832094880343665,0.2168948459382661,0.6511627906976745,1,5
-0.99391792798558987,-0.0071081296066648585,-0.10989370738275953,0.0037276747443709289,-0.99951441528593588,0.030936032011476856,-0.11006024200333607,0.030338228839366925,0.99346179342793983,-2.3662032131880353,-2.7670980498637019,-1.2578649308724874,0.3045589269654985,0.2934165390277522,0.9408565601631543,1,5
0.96859049602423475,-0.21992168605320403,-0.11604698623852319,0.22747645301913136,0.97215460389754993,0.056301771221104635,0.10043363148548884,-0.080931317327191873,0.99164671508674074,6.9381413665163114,-3.6002386684503964,0.030291354713880544,0.1415344631326736,0.1191320992652016,0.2769230769230769,1,5
-0.87836072232146889,0.46364868600391929,-0.11624258019223406,-0.465116957493799,-0.88510791743371553,-0.015817406483492572,-0.1102209478031311,0.040173006646147986,0.99309489586966948,7.3725622614521287,-0.52790805283513076,-0.21054700145318422,0.4413993586048859,0.3426270665631602,0.825136612021858,1,5
-0.40236232303178732,-0.86208929060511497,-0.30806917409639301,0.91185104876447776,-0.40732925875706755,-0.051093442118730632,-0.081438479059875765,-0.30147127555438508,0.94999097055920834,-21.952407012615492,-12.471166449626031,-3.4662920777508459,,0.374295860960621,0.5217391304347826,0,1
0.38918270655644743,-0.86303707157995191,-0.32203079665786666,0.92087994785398664,0.3558861703479278,0.1591387928681299,-0.022736370815018943,-0.35848576936021853,0.93325827647461845,2.2939864421670162,-17.287647421260942,0.33260275513134824,,0.3809790379694004,0.2307692307692308,0,2
0.087708476092574067,-0.98218776006356301,-0.16617589236359964,0.9956486390136926,0.081164447399281012,0.045783404291839171,-0.031480324834712067,-0.16946839368947142,0.98503271655748115,3.6119134169167775,-16.805306410957183,0.50934058903405133,0.2343013795850658,0.1270413872223832,0.3333333333333333,1,4
0.16830804205132666,0.98455501105913734,-0.04820615291839328,-0.98416372826721543,0.17059844000840507,0.048144867118662976,0.055625164665140427,0.039339578862022002,0.99767641978295529,3.721352914211757,-17.876185710461083,0.6023732264424132,0.519499024874034,0.3568851116916731,0.8620689655172413,1,5
0.85817554645523475,0.50344103417037334,-0.10040844874672719,-0.50036364301414393,0.86402598181679602,0.055635667472725164,0.11476478648032019,0.0024955678685037613,0.99338955899744597,-5.3448320383694208,-7.1327407193698651,-1.4925106273016229,0.1714698298804903,0.1359807384792887,0.6936416184971098,1,5
-0.67959077319018091,0.73153170777049392,-0.054933974197746475,-0.73124937960098557,-0.68149807765711889,-0.028891434419686779,-0.05857239817480267,0.020536082295270302,0.9980719129882456,-12.826900384884279,25.341619713922203,-3.3140663397991115,0.2838575702378721,0.2043697235491417,0.3478260869565217,1,4
0.59802127886081413,-0.75258786512221665,-0.2756484269870984,0.80087959169021139,0.57443195859619056,0.16917388852144277,0.031023050201381467,-0.3219307848189264,0.94625479662830447,-15.130800853084786,20.987569046373839,-3.5060364502343626,,0.3076977752140895,0.4117647058823529,0,5
-0.99422140208436183,0.030500113665921577,-0.10292495666149809,-0.022643250774727171,-0.996800227547879,-0.0766589169950192,-0.10493372590239143,-0.073885380332392489,0.99173074155305851,17.81172387852353,2.5014779418959603,1.329975818784723,0.2565736750881598,0.1801332288877566,0.3846153846153846,1,4
0.55650998746967406,-0.80410748556419276,-0.20906407033762461,0.82961020257539764,0.5514967151976955,0.087168141594046539,0.045205592898567667,-0.22195162713029151,0.97400920405553948,10.025795359050985,10.890195773850188,-0.33350895833368188,0.4985707822900101,0.445191836934411,0.7045454545454546,1,5
-0.27664182347026117,-0.94534475921658168,-0.172605294614017,0.95814461616626245,-0.28511258170861492,0.025878760848494515,-0.073676292107122038,-0.15822168616593368,0.98465105596254476,-0.71031665487116435,18.279921324806661,-1.78508921395176,0.5215643543466359,0.5477489441170931,0.8363636363636363,1,5
0.70856240242274737,-0.65567954742227641,-0.26081344475510354,0.70444695834336868,0.67882352556994918,0.20725130642184159,0.041155859287353998,-0.33057972143630204,0.94288029092850201,-11.380871462367447,-14.191986543590776,-1.8358558004041476,,0.2486074477090721,0.1290322580645161,0,4
-0.5335706813428891,-0.83186641779256021,-0.15264531096715786,0.84123188141561811,-0.54064332468151333,0.0058066485394347783,-0.087357024338207676,-0.12531184471666931,0.98826397883990535,-12.657852175079229,-17.136790168465815,-1.6899330538546933,0.5416750331638882,0.5218971072125761,0.9056603773584906,1,5
0.11592471806802598,0.99030751809719608,0.076501498946229526,-0.99304872161385183,0.11397500217559715,0.029392777687162207,0.020388630212523302,-0.079377065196717181,0.99663613484501601,10.171202974707642,-6.7323970761886045,0.8833037643472843,,0.2835212446890197,0.1818181818181818,0,4
-0.42205605643296651,0.90427942074470102,0.064400422715089251,-0.90656769265891712,-0.42113964959376782,-0.027864209429435273,0.0019245402935644037,-0.07014360097448695,0.99753504769857204,-5.1527151979526984,28.872365788586905,-2.598075805852309,,0.3814797931622068,0.2307692307692308,0,5
-0.83596293896586615,-0.4890007474022065,-0.24908679956118787,0.53463994259364089,-0.8280822581884919,-0.16864135156276563,-0.12379861250846202,-0.27414967210181268,0.95368540978010619,1.7923409102443906,22.41740678896068,-1.6287630554043591,,0.1786144091284252,0.4090909090909091,0,6
-0.98184247377696177,-0.1501564556383172,-0.11592409377551284,0.15143397793738533,-0.98846483116095818,-0.002242294360088333,-0.11425019480769077,-0.019756426500657686,0.99325554445889142,-0.12645281922310417,3.9895265945539413,-1.3093663251470855,0.3704634879100708,0.3178100727925828,0.9428969359331476,1,5
-0.99386320625165991,-0.012978797581031643,-0.10985207359227313,0.014312430196168884,-0.99983303350423136,-0.011360433777237281,-0.10968628720606502,-0.012862967273448529,0.99388302252924721,-14.998625340105178,14.672165246086555,-3.4236308603716501,0.5456131944120675,0.4302837196139094,0.9,1,5
-0.98222006232479375,0.15919744737633412,-0.09949835132069397,-0.15808693912032998,-0.98724241234809518,-0.018998393107760435,-0.10125348806950793,-0.0029312130545676245,0.99485634095772102,-1.9986126582089541,-16.917286146819819,-0.26163361163093013,0.1976557359080865,0.1598648705686886,0.7446808510638298,1,5
-0.75159758909426932,-0.64475065707374102,-0.13927546183969869,0.65064043986317177,-0.75937424180521673,0.0042165029836236751,-0.10848079130583735,-0.087449134276627594,0.99024470048161739,10.802388186597533,0.25436618308381576,0.42961506618824186,,0.1287573572917307,0.15625,0,5
0.92598741581504485,0.37030731931347249,-0.073619257093821028,-0.35842300259076049,0.92347517525764888,0.13684499222360766,0.1186602585788514,-0.10032990554029983,0.98785305237584586,-10.137088890666977,-17.066648485628175,-1.3614556673709965,0.5546291924188003,0.3075473433640671,0.654320987654321,1,5
-0.79663499693535811,0.59670325428116466,-0.096529311548711097,-0.600900689537466,-0.79908606454997766,0.019489041931933831,-0.065506052935571379,0.073530182729916668,0.99513932153066154,-3.2564449111750191,-6.4901058088113572,-1.2244883924528087,,0.08698996395414624,0.462406015037594,0,5
0.27409654751346774,-0.93014209840800843,-0.24434966627836188,0.96151803734337371,0.26007889294787018,0.088555255667630756,-0.018818780633889819,-0.25921930138814858,0.96563513154985015,-15.100062764193169,18.092850798179569,-3.3989562274676399,0.5733129627674428,0.4919353081169798,0.5333333333333333,1,5
0.066602950821054274,0.99695265337958805,0.040613468964476769,-0.99719618695628953,0.065117156380671115,0.036871678355246899,0.03411468396110072,-0.042955358970628077,0.99849437929010898,-10.409597469449224,-20.329406431056551,-1.1585649040455626,0.2709775930662889,0.2535850372982484,0.7833333333333333,1,4
-0.8410519156041556,-0.51481796694801207,-0.16611482825472362,0.52881908379727549,-0.84713857342257104,-0.052025128845413854,-0.11393880756963756,-0.13160052555779306,0.98473308556304873,2.4211898900281543,0.58593032758314156,-0.82996029253634607,0.1682944758081515,0.139743733904014,0.4013157894736842,1,5
0.5519666607677336,-0.80778438904059402,-0.20692314085967514,0.83251143805326888,0.54797287044205845,0.081550222378421258,0.04751327089768502,-0.21727888549467048,0.97495249884637858,11.167667248629124,-18.146773695785619,1.7138773365413222,0.6582767368023985,0.4791671794668614,0.6551724137931034,1,5
-0.11784429621363489,-0.97014970759819463,-0.2119487360119231,0.99177054187022684,-0.12573764664207771,0.024108846827457779,-0.050039125975089992,-0.20736342267635038,0.97698336567599742,9.1768969506577083,3.8389559772274042,-0.072382958269866363,0.1096198911150274,0.09283467490344964,0.25,1,4
0.80894755752207081,-0.54918285046468973,-0.20976664638248671,0.58471574765997059,0.78860534558843154,0.19028689746746405,0.060920797906123175,-0.27658598240841809,0.95905622917410482,9.6691977021981952,-3.6336888115368975,0.50816000864446798,,0.2499615416530117,0.4285714285714285,0,5
-0.98319870482790395,-0.12256650049201931,-0.13526921224681104,0.14211234758140398,-0.97904975039652309,-0.1458275245398091,-0.11456171912831621,-0.1626008585636812,0.98001865967170199,-38.276665968397616,9.9079721086889947,-5.5447279654236477,,0.7931564348333553,0.6363636363636364,0,1
0.59777718501403765,-0.76859484287077195,-0.22786927083120675,0.80119505209662689,0.58248902995258867,0.13708763066292604,0.027366504573575277,-0.26451559027275712,0.96399303780166334,2.40896020532321,2.4128191302977195,-0.92386909487155133,0.1445223855336853,0.1338349461870872,0.2545454545454545,1,5
0.78912729522055969,0.60819407400883263,-0.085895752388710694,-0.60406232278266658,0.79377801457049524,0.070888460125274749,0.11129610115495317,-0.0040536310959191817,0.99377902269198937,-8.930135339495564,18.484064059128837,-2.6868194199583142,,0.09378739858751013,0.3636363636363636,0,3
-0.77720674721510419,-0.59365347808194424,-0.20862698781444355,0.61492560857189293,-0.78688887523362483,-0.051695202447111538,-0.1334772190518087,-0.16846793758686343,0.9766280694304379,-16.376753453936939,4.3802163333492716,-3.6261040044445769,,0.2327104921788207,0.4426229508196721,0,5
-0.28914116181757077,-0.94422655649200538,-0.15758679690264193,0.95497244671750769,-0.29594625349215631,0.021058040135117508,-0.066520782866418687,-0.14440230281822214,0.98728058847909717,-14.876593867663283,10.26971736174435,-3.3304715849791782,,0.08024461520850648,0.5172413793103449,0,5
0.6911817144952539,0.72201001308206469,0.031134844734450454,-0.71508993181481462,0.67705848446697214,0.1738913397164179,0.1044711776734871,-0.14245472831929337,0.98427253513190716,-8.198270537418324,21.434062781948931,-2.711462691280401,0.2218883565737491,0.1554965930836667,0.3684210526315789,1,5
0.97792444061780315,-0.16728277024021365,-0.12522085777982991,0.18307695326546239,0.97479154703207693,0.12753144325163676,0.10073042055601775,-0.14764116843065705,0.98389809825969177,-8.7033443558206098,-0.81645690953355821,-2.3828951997012733,0.8043361203968187,0.7986609183957084,0.6242816091954023,1,3
0.9240914738574747,0.36815367459745718,-0.10255642263802427,-0.3635622483232514,0.92956846390419756,0.061032470939101323,0.11780254470113063,-0.019113942429007921,0.99285306952577734,-11.015736986950401,-6.6659095608026675,-2.2600866609420285,0.2930423217578041,0.2633109197847159,0.9198717948717948,1,3
-0.96126803004669747,-0.22734446270100783,-0.15581485708792803,0.24955639666779694,-0.95790031607286286,-0.1419457267750393,-0.11698452586699891,-0.17533248343275987,0.97753421472650981,8.4794079252828656,1.5925052197218188,-0.062215567864995998,0.3372748651522874,0.2389149551744222,0.1081081081081081,1,6
-0.0023356520352789418,-0.97258169551001128,-0.2325497587365811,0.99930190538286623,-0.010940939199984777,0.035721110671360454,-0.037286011153560575,-0.2323039849169494,0.97192829569056327,-18.744671890021454,16.073809808915207,-3.8957210539548472,,0.2608625024840079,0.7241379310344828,0,5
0.63853683731045774,-0.69405067353659833,-0.33251221024340089,0.7688645939313119,0.59408781520589915,0.2364464083523353,0.033435663540538778,-0.40663660728871276,0.91297794388272513,-11.458279198333486,-11.74829986242138,-2.0123562888917639,0.458269328064722,0.3466580439995621,0.5870646766169154,1,4
0.79667111788244094,-0.58298577728213119,-0.15950772212871955,0.6026338413649065,0.78640036459944818,0.13567210398469107,0.046342023841435299,-0.20421079806074283,0.97782941599323747,-10.929873126575725,13.331227872651793,-2.8626912312721724,,0.123093274951823,0.3235294117647059,0,5
0.49233246006447495,-0.84487724365688299,-0.20926345098370866,0.87040332164456935,0.47861029176426023,0.11545668576323713,0.0026089149015060954,-0.23898667696773104,0.97101934161733316,-10.43726181340636,9.8647987774425907,-2.7323185283284492,0.5410771692356845,0.1987436055805945,0.2613636363636364,1,5
-0.88871775163386624,-0.42979196185138058,-0.15956073282229355,0.43643376138735362,-0.89970599586295519,-0.0073954668233123027,-0.14037923582970638,-0.076210173442853135,0.98716041229968199,17.465849842256745,-5.1735801363499636,1.8323461554735865,0.6662464432522993,0.3522305974627077,0.59375,1,5
-0.8928595062259842,0.4476320793856714,-0.049268891267731825,-0.43578884032968346,-0.88641446135499558,-0.156068860907108,-0.11353408644984632,-0.11787673309687824,0.98651664304683973,-1.2488152836923621,-13.860173038488815,-0.44068223810195944,,0.4508311478506428,0.2631578947368421,0,3
-0.68134289444859109,-0.66898286192674583,-0.29704173213997614,0.7244336953932905,-0.67437275573412625,-0.14288879348074304,-0.10472669747126667,-0.3125433038346232,0.94411281214953402,-30.307793109725957,7.3313838031567036,-4.9187944736365106,,0.3626125784803321,0.2307692307692308,0,1
0.14993632584480684,-0.95731875532214139,-0.24710301273077787,0.98841833763832876,0.13921815805263002,0.060394488893575009,-0.023415550654279613,-0.25329647683475581,0.96710527183479766,-22.485180185640363,23.441697472244222,-4.3742981800859839,,0.1852856981284882,0.2222222222222222,0,1
-0.99757165944153325,-0.0028711834743865502,-0.069588365295653043,0.013698761383479915,-0.98772149557619138,-0.1556232344905131,-0.068287101385425084,-0.15619860268961175,0.98536230306531858,-40.901149223475329,-11.764358749958401,-5.0353714083674026,,0.4132004166008982,0.4285714285714285,0,3
0.9609337919051778,-0.25179558270986629,-0.11491402047851651,0.25957090091686696,0.96395696609205561,0.058394476791965647,0.096068699231040292,-0.085941561833610208,0.99165762891113662,2.3248332439896435,-8.7947303036216482,-0.28982199979672268,0.3039421193953681,0.2619822225139498,0.8385416666666666,1,5
0.47695649912245058,-0.85505593173887728,-0.20344987476775617,0.87888840746257291,0.46614879001217285,0.10129399191506419,0.0082258843146321304,-0.22712256419903998,0.9738314410917811,4.5836492735575822,7.8449845538010106,-0.85954950079993619,,0.1481562649411993,0.2857142857142857,0,3
-0.46338627475577315,0.87636129484463088,0.13139269867922077,-0.88602225492479147,-0.4556150724495131,-0.085903838882856284,-0.015418305547434223,-0.1562235150515639,0.98760138173201184,9.2912043987484463,4.76170201842735,-0.10359915842361989,,0.1886679790528836,0.2903225806451613,0,1
-0.51866454604580281,0.84424079443413125,0.13507246088055008,-0.85436619810883507,-0.50580993241516681,-0.11922546623611306,-0.032334010022814511,-0.17723936719417266,0.98363647681064237,-22.529955484006507,-8.5713449265078907,-3.7804903767893996,,0.2852907145301297,0.2592592592592592,0,3
0.83012025286753899,0.55530690226097812,0.050344911167369784,-0.54574193528981962,0.79066070589574866,0.27752727472909716,0.11430706822089497,-0.25785634072823144,0.95939772863030637,2.3843538673946423,35.666685242502368,-2.0130349724770404,,0.3392450466216235,0.3125,0,2
-0.15866086263708234,-0.94878381030940051,-0.27319592230124923,0.98464818790240172,-0.1724438224351732,0.027038383170233129,-0.072764529324189448,-0.26471193663814968,0.96157834515628904,-4.8606060452881463,35.762925213083001,-2.8163218708375943,,0.3178074739766874,0.3461538461538461,0,3
-0.98970548804042091,0.10392603885585081,-0.098399316005780557,-0.096578595339505094,-0.99236494370096273,-0.07670980012771457,-0.10562017735698707,-0.0664168424506765,0.9921860617716628,0.82962670549382966,-15.265750268604233,-0.028158977404473484,,0.8102717435386757,0.4,0,1
-0.95650147305076949,-0.26015949550823786,-0.13199230639930298,0.26737849436904904,-0.96276209008726232,-0.039973724366721003,-0.11667764481959977,-0.073526830393437936,0.99044441157070817,2.7977264575390244,-10.856209777028953,-0.098776051432132417,,0.1541569293641988,0.5833333333333334,0,1
0.98806781176979996,0.063511822401840431,-0.14031481660764228,-0.021267694796149518,0.95855418781727542,0.28411538884055748,0.15254404118973983,-0.27774109784682643,0.94846728887418297,14.157481484564821,-12.805117667319575,1.8003435074950558,,0.5283471456414826,0.4210526315789473,0,2
0.9632765691907379,-0.24963393465945796,-0.098899696230875869,0.25925760488629263,0.96055395929652787,0.10060609120916982,0.06988380038853835,-0.12255198874845831,0.9899986184318913,24.455726122402876,-1.2890604440140352,2.5223189159663906,,0.1754764025250562,0.25,0,3
-0.98560647163487003,0.10504097666645368,-0.1324623580207579,-0.097713828657767829,-0.99336355593435488,-0.060670037337171495,-0.13795611896723647,-0.046853377278601262,0.98932950541115805,7.8352202210054216,-21.293451969877871,1.4692995005686089,0.410311322197197,0.3657912893003916,0.2962962962962963,1,4
-0.72109385898188605,0.68988740417284078,0.063867175468089329,-0.69254713527802292,-0.71505474248990297,-0.095263742635395957,-0.020052729410630875,-0.11292512920673896,0.99340112906963518,9.3699992648314119,19.1099901545129,-0.62932029336545992,,0.4174035068310105,0.1666666666666667,0,3
0.25023937888252312,-0.95513406282449298,-0.1584271923909093,0.96810055323628863,0.24469687124412051,0.053895825691140001,-0.012711100663613372,-0.16686031054662287,0.9858986077098415,14.779472527204085,-10.268535577469168,1.7738763833719653,0.1404823530753632,0.1121909289154034,0.5217391304347826,1,4
-0.34800562644037425,0.93605965467502394,0.051811261859930541,-0.93719196903184643,-0.34876152088026935,0.0060510111132410288,0.023733881858090368,-0.046451312607471797,0.99863856244839155,15.841676724057521,1.7827130697192906,1.0990385407336924,,0.535710066456048,0.64,0,4
-0.61894222697003942,0.78437288934676641,-0.04086184199437734,-0.78457677126672432,-0.61986098788324129,-0.014548047604194248,-0.036739755879019849,0.023054851077753527,0.99905888924513964,-11.294571593436475,6.2449073887068645,-2.8767735611984642,,0.1518065874614576,0.4545454545454545,0,1
0.58914985300645306,0.80751912111971191,0.028553804098986429,-0.80209943487661439,0.58019363048436889,0.141463238037251,0.09766753438625915,-0.10624603602683778,0.98953162281732743,-16.409574588525899,-13.060883133183379,-2.6589696308383277,,0.452219489085206,0.4166666666666667,0,1
0.97731887803628548,0.19651831519445098,-0.078919974829133793,-0.17760278087698711,0.96356556250540182,0.19999664741792478,0.11534757413425568,-0.1814440920691088,0.97661301373397624,-16.665604888658432,-11.843363489618749,-2.8209554485787907,,0.3222236940017876,0.1333333333333333,0,1
0.91778903824577107,0.39702543630835163,-0.0058381675262650064,-0.3782284033935045,0.87862289117568149,0.29148771838361581,0.12085758620087601,-0.26531607193355011,0.95655675515436545,-8.9308653370095676,23.292457319184823,-2.859792039133028,,0.1747543273296358,0.2142857142857143,0,2
-0.47201511689682663,0.88092052591602044,-0.034362136730956193,-0.88144488029385393,-0.47228684825294431,0.00023658202262257929,-0.016020375296109089,0.030399999788522626,0.99940941940139305,6.6398469146983778,-12.390086203268881,0.61889754630072147,,0.08021228352587183,0.4090909090909091,0,2
-0.067848721330227721,-0.98227129679086878,-0.17475597418869035,0.99677623386337044,-0.074256168187155663,0.030383566138891812,-0.042821613923446002,-0.17213111568495096,0.98414286990967204,1.730145790687097,1.8336198133963921,-1.0011336079324251,,0.0907579920836134,0.2484848484848485,0,4
0.3836879000533861,0.92145407358351972,0.060876806987231198,-0.92039208242868786,0.3762086686334854,0.10651503296532537,0.075246328516458058,-0.096899060477169896,0.99244574769779503,3.9955444693827102,25.756770905533216,-1.4960592999534312,,0.4582797746247694,0.7142857142857143,0,5
0.98265440634184675,0.088306187286488841,-0.16307156399531308,-0.050427242331596844,0.97345108492576005,0.22327131138525574,0.17845842913066434,-0.21117528866745983,0.96101903546622414,8.04595058920561,-17.579755581870636,1.2207277624109003,,0.3501772795700724,0.1904761904761905,0,2
-0.81865106623531436,0.57343238736910784,-0.031396319337600703,-0.5632928921194601,-0.81242013337737762,-0.15058102327577158,-0.11185503761332122,-0.10558799173793186,0.98809899633653786,-20.52544939631937,-9.5883816079555704,-3.5417501851761259,,0.5766623269162471,0.375,0,2
0.3517494914743895,0.93588052443129932,-0.01999848088492396,-0.93294735267495876,0.35223728633442269,0.074418621678638885,0.076691149321775481,-0.0075191825325755983,0.99702654403468483,-25.704116633758531,21.276785100389581,-4.7216052616234991,,0.8469068951987775,0.5454545454545454,0,1
-0.42013318030254054,-0.89123528424915199,-0.17084431192816285,0.90365200218603647,-0.42812252197520162,0.011142940489907761,-0.083073279422697405,-0.1497022855100332,0.9852350257471727,-1.9194455959936951,31.219632236686525,-2.3865112578437682,,0.3077752912251263,0.5769230769230769,0,1
-0.6500133802780157,0.75623398207472836,-0.074784823426598895,-0.75880391830554872,-0.65124399262860133,0.0098932112736340831,-0.041221584439396344,0.063177736747671326,0.9971506177883801,-10.252154262346455,-8.7630648066630723,-1.9913174745059272,,0.07963522552685517,0.293103448275862,0,1
-0.64037947286653418,0.76627099399345067,-0.052372650262029717,-0.76688438906611689,-0.64168136780574903,-0.011547987600935852,-0.042455441793344512,0.032768673687413506,0.99856083915147587,10.061216321031322,-8.7843445248576835,0.98940148639922143,,0.09198868026003519,0.3333333333333333,0,4
0.81788875116612281,-0.55635984499388036,-0.14670280704303296,0.57141686754785626,0.81527523030913018,0.093856605128197143,0.067385118518229023,-0.16059272001800057,0.98471783983002181,12.212148814361624,31.972762889685715,-0.66136629826593807,,0.1865708028733557,0.3333333333333333,0,1
0.98910481006001394,0.12292333694089735,-0.081003258894060917,-0.10185614700415883,0.96871635455522964,0.2263049927303718,0.10628734653575102,-0.21558867700447784,0.9706825033520734,16.769039006675747,-11.268753019152012,2.0936226113377905,,0.2174820903565153,0.1,0,2
-0.45247222736556358,-0.84080360993516223,-0.29718373606717768,0.88762171570164283,-0.45675853202506189,-0.059155162388273959,-0.086003332945405978,-0.29055280577256631,0.95298609317238825,-23.377032375429714,-8.5216584817391148,-3.8677444296087717,,0.487820611155639,0.2121212121212121,0,1
-0.77540499042147593,0.62764826851233801,0.069316317436340938,-0.62857184489821805,-0.75669446725299749,-0.17975238254318956,-0.060369997769768688,-0.18295117999665059,0.98126669621826645,-26.818490109396503,1.8794450450887528,-4.4674341168068192,,0.363321538571046,0.25,0,1
-0.97143638596648241,-0.19453798466040265,-0.13589084054728759,0.20714940240117774,-0.97454847436397707,-0.085699452738509263,-0.11576041251314857,-0.1114012730587671,0.987010275152023,-9.8247263542193082,4.1599902549682453,-2.6663892168194732,,0.4127304198212199,0.1136363636363636,0,2
-0.38534526402933972,-0.87507497627045616,-0.29283581303423184,0.9193105355057708,-0.3915191189540847,-0.039760769629254164,-0.079857164977550812,-0.28452867236656215,0.95533568330878871,-0.75014528546815773,-19.291395433987827,0.12340141831921321,,0.2467707317286215,0.1666666666666667,0,1
-0.90736745518677198,0.41125360929183663,-0.086918180562632494,-0.41265815619198937,-0.91088382615148045,-0.0019751921088535128,-0.079984669756826707,0.034075271093222954,0.99621349544352922,18.285169241111003,-11.448406221799885,2.3138608335948043,,0.1350050759987454,0.3703703703703703,0,3
-0.98209248201106059,0.13538493509972344,-0.13101632007272931,-0.13276221375208389,-0.99073545961837017,-0.028590971554393621,-0.13367330091309254,-0.010684961526454925,0.99096785024549483,19.965025657016309,-16.046707790898665,2.8463619047041191,,0.2026209595222199,0.375,0,2
-0.22570191769397741,-0.95122220100592403,-0.21032110845729879,0.97295614601378633,-0.23098915696766181,0.00058931941134320357,-0.049142469242609024,-0.20450020458868656,0.97763218238759142,-17.063091366628761,10.352830649895592,-3.5947963490399086,,0.4315046235273761,0.2,0,2
-0.98387111341703504,0.15043071590167453,-0.096789627010507154,-0.14627463833078336,-0.98804303804647042,-0.048730741314892884,-0.10296291742526494,-0.033786901029987847,0.99411120250908924,9.1872279874166107,0.33546787303673764,0.10695842127723036,0.8189353980639517,0.6875542974890032,0.7,1,1
-0.70379320729765438,-0.68253625831324127,-0.197026336943669,0.7069032433190614,-0.70035403689075049,-0.098954674451588204,-0.070448037209503975,-0.20892218431413251,0.97539150855168855,20.857114621415434,-3.6896799414315726,2.1782540569543087,,0.1882255889597417,0.35,0,2
-0.94555370393916371,0.31916481680232889,-0.063733920971990335,-0.31219064346675801,-0.94478304391967871,-0.099609246828183215,-0.092006494872588385,-0.074288758486073941,0.99298337612663889,10.663505330351519,9.2005290330087881,-0.13052305173664122,,0.2304410852065581,0.2142857142857143,0,1
-0.94245490648830876,-0.30357279870725479,-0.14007963849595187,0.31629170352729019,-0.94534008622291854,-0.079320108798769828,-0.10834347011203195,-0.1190616532099588,0.98695796020853588,0.78325548147672708,-4.8403682127385439,-0.73556152223247739,,0.148876448827176,0.2405063291139241,0,3
-0.31133735583932703,-0.91609927892992593,-0.25264829705154673,0.94639667807538563,-0.32297034948590386,0.0048457281009087966,-0.086037076814889549,-0.23759685287693377,0.96754604898998242,26.462054354819614,-4.5766932844416424,2.9382878626401978,,0.3553921012682797,0.1481481481481481,1,3
0.96492175640660516,-0.21867281829192561,-0.14528662207326695,0.24417834148675704,0.9508067160147784,0.19063978160386835,0.096451757692488052,-0.21942831932423962,0.97084925251893295,-9.455540530244166,29.597987582966958,-3.0660591280739387,,0.1230372219639344,0.2727272727272727,0,3
0.45307702980261938,0.88909779528636279,0.065010118306027057,-0.88793423659176174,0.44358801460649427,0.12166538039093952,0.07933471215955723,-0.11284849894613505,0.99043991222696737,19.845433003380901,-5.6592824405690045,2.1606184329100024,,0.2154709035479392,0.4,0,3
0.04380533908591968,0.99724279245363479,0.059899124925535813,-0.99753298208209884,0.040368500903616204,0.057431122165510613,0.054854734763397313,-0.062267142491622962,0.99655093248662707,-1.275761692226469,-20.960196343317119,0.16895395378672254,,0.5702677544801654,0.5294117647058824,0,2
0.026530622646811802,-0.97899951481565328,-0.20212886001926544,0.99892840637091684,0.018293147485469594,0.04251352373462592,-0.037923146061900267,-0.20304017027620469,0.97843575376566105,11.812972275191566,-8.5263836161207021,1.2172452037012027,,0.0954015145905812,0.2916666666666667,0,3
0.43745642079480346,-0.89043636781490298,-0.1255187427359015,0.89908270542808244,0.43570571721429036,0.042553692987795204,0.016797878006419121,-0.1314671170269677,0.99117820215897512,22.418141616965983,-3.4212767563095769,2.3824855951789825,,0.07766453556771648,0.4375,0,2
-0.78429257674943942,-0.57176950138475791,-0.24075878248144914,0.61023846120325753,-0.78091711072747305,-0.13333224156720538,-0.11177734351828431,-0.25149175624517173,0.96138323368816592,-13.385189577008671,-27.919632008641777,-0.97891868368486346,,0.2373744009130326,0.25,0,2
0.15506929882535325,0.98643016253704441,0.053935581937653146,-0.98594078473161306,0.15109050970829935,0.071361242133926583,0.062243727110640849,-0.064243227761580243,0.9959912279343377,14.447860373195237,7.2723316300740199,0.53058446915635571,,0.1154952090235843,0.3181818181818182,0,2
-0.80925333401655497,-0.55433051306743719,-0.19449093466144543,0.56866381817144451,-0.82226042019397572,-0.022566862544480773,-0.14741269716603481,-0.12886226625672489,0.98064469256169251,29.091728002787281,-6.660641952514994,3.372256226645622,,0.3191184799387399,0.8837209302325582,0,2
0.027273995086690497,-0.9867033958944369,-0.16022652003459939,0.99895418452214768,0.021019009497426817,0.040604660636907416,-0.036696953793230812,-0.16116640397469253,0.98624475857272076,18.96111825144396,4.0318211704636795,1.4365823258556083,,0.1131611290216367,0.3157894736842105,0,2
0.31939700591051484,0.94155251180628208,0.10707203242061099,-0.94475935134378719,0.30761884236315629,0.11313892288518106,0.07358886236290077,-0.1372935371182247,0.9877930775226671,3.2740983329161089,-19.84638973290631,0.72877591660799979,,0.2971730426835845,0.3333333333333333,0,1
-0.97878184418771286,0.1984193835336816,-0.051145378350487249,-0.18070089404051781,-0.9535272868242034,-0.24110765266708523,-0.096608945659593506,-0.22674977733128643,0.96914975628060418,7.034486942112065,10.62584161701314,-0.65106889716366334,,0.4873337206439234,0.1538461538461539,0,2
0.59693140451819204,0.79887102947804411,-0.074013353934472309,-0.78905454332754521,0.60126772966676889,0.12597636649597879,0.14514071087774907,-0.016798676199638068,0.98926840570385266,-17.450472228400194,19.161440316931355,-3.7500030762751639,,0.1227843710444917,0.1481481481481481,0,2
0.99437705304559687,0.016063743995832148,-0.10467202350767436,-0.0087574796667366853,0.99751620888850767,0.069890768736550771,0.10553474748271997,-0.068581113533798019,0.99204790607118543,20.181688430654525,11.907131846817004,1.1624431968823787,0.4369521784058528,0.2761130447700414,0.8787878787878788,1,2
-0.42217273098653962,0.88874263853534163,0.17862448785260859,-0.90645991889738353,-0.41169027700566563,-0.09402941694782628,-0.010029987234115393,-0.20161259451789795,0.97941398861147899,-4.551075937313227,-17.741529816239638,-0.54437213112520899,,0.7828675345570421,0.425531914893617,0,1
-0.29043927534004776,-0.85908576445893869,-0.42144593561209009,0.95427288712113245,-0.29261140457375678,-0.061170440728122076,-0.07076923233614571,-0.41994072821932305,0.90478809703553176,1.256847437911639,-10.525539667389435,-0.30604073956976502,,0.377155168165288,0.2884615384615384,0,1
0.77962735620717749,0.62470129701676613,-0.043925789224295311,-0.61628720365151912,0.77780033294497242,0.12335608897043197,0.11122620225827205,-0.069100879706848209,0.99138983268689096,11.049076045907468,-21.737394555115625,1.9598124917135007,,0.1656145319613346,0.2727272727272727,0,1
0.35785347835715758,0.93342941853108208,-0.02550311056342263,-0.93069780843046257,0.35875653306475797,0.071381645862852519,0.075779135719654736,-0.0018084811533433253,0.99712298739197702,7.7467489766495463,8.0622375820897325,-0.45501325480787164,,0.06819783666050784,0.3,0,2
-0.50488906230994468,-0.81210105077864214,-0.29253874629527221,0.85657955781447592,-0.51321955275823661,-0.053639088368386323,-0.10657624451133992,-0.27766449897468043,0.95474809772787617,-16.074281945096278,14.503403279613874,-3.564295172572097,,0.2606639985526705,0.25,0,2
0.96872464885456644,-0.18942802783563187,-0.16027968359059175,0.22810507969653784,0.93407856002083611,0.27470951262385773,0.097676134844870199,-0.30267848615272352,0.94807442044496837,14.873352893425702,3.5778578841229454,0.81459084083122957,,0.7426214781520941,0.3225806451612903,0,2
0.94777380257893529,0.3040979156546354,-0.096173160702834798,-0.29628190985546604,0.95108453690358485,0.087494191551738626,0.11807560729238076,-0.054430334900688472,0.99151171934835747,18.897611673939561,6.3803161416365199,1.2649531961678042,0.2656289314710617,0.2191603085889256,0.4615384615384616,1,2
-0.96960179774523125,0.23206067199781644,-0.077589936983731733,-0.22379838896759807,-0.96925957678555019,-0.10222599427252102,-0.098927422410195448,-0.081754004925873355,0.99173063266890016,13.094297235888668,10.258351430850951,0.16957472037351656,,0.3227967938416441,0.3157894736842105,0,2
-0.57551920675131696,-0.80738026498223481,-0.13005671984773656,0.81217528632761149,-0.58289571893796965,0.024574074193163702,-0.095650127752130082,-0.091486001994867769,0.9912019796691276,16.929209855620183,-13.271437116215198,2.2187156585523438,0.1986894699403708,0.2015548184520188,0.5,1,2
0.94041028391395787,0.34003264950894452,0.0025090190905536235,-0.31928048941326959,0.88043033012465233,0.35057438993260559,0.1169977221525806,-0.33048484241266329,0.93653152747069057,-0.18277030328373062,-16.942700147466446,-0.012648856161262611,,0.7556972163341475,0.3939393939393939,0,1
0.81758222431726491,-0.4982197938975495,-0.2886803482212062,0.57186147518675823,0.76118308410475766,0.30589992754166184,0.067333198926371088,-0.41518351296920813,0.90724246532053887,17.415964281948565,4.3168487282158949,1.1851385994233112,,0.5376300188039373,0.3529411764705883,0,1
0.16160047812341441,0.98612354673479818,0.03802152081999912,-0.98516441609199346,0.15894859480039453,0.064702530685443863,0.057761221735734225,-0.047913409252126546,0.99717999703034221,-17.377036661080922,22.415808917662815,-3.7470540748990859,,0.1183912134721987,0.2,0,1
-0.97440959441484309,0.21633049199276516,-0.061049656399262277,-0.20146835568846286,-0.96097083657771476,-0.18959312462036323,-0.099681713310350029,-0.17244178577506611,0.97996295162124281,19.493783312490109,-10.907795323031271,2.4764220805016079,,0.5600467377906827,0.3928571428571428,0,1
0.69390614411561868,0.70769350935672959,0.13290658363283372,-0.71227637306239122,0.64753147235996811,0.27086040810797307,0.10562495697362527,-0.28261792072989445,0.95339943326322141,15.259934114861242,11.241179856569088,0.46358748348077738,,0.5301650948007397,0.1707317073170732,0,1
-0.63345623525970807,-0.75675927444492874,-0.1613957823246375,0.76713800602789195,-0.64147441543732397,-0.0031391156227016368,-0.10115571025971208,-0.12580133099823565,0.98688476905914646,-16.364046370011856,17.122647963407186,-3.5363580538441481,,0.07531639095629963,0.1818181818181818,0,1
0.62065119762396215,-0.77192178162758573,-0.13758217158060726,0.78321406482114997,0.61861830946809915,0.062346738945696076,0.036984044590513548,-0.14645187004516314,0.98852619095601202,24.067983262210802,5.2329240228176337,2.0389571608280175,,0.07950831501951328,0.4444444444444444,0,1
0.96216888271955603,-0.23996056905358359,-0.12903474890773153,0.25491885422374677,0.96003987107267907,0.1154981545826822,0.096163500806975,-0.14402212069759773,0.98489096343824445,25.182634717692434,-10.252954797687053,3.0929425694393289,,0.173382705826546,0.6470588235294118,0,1
0.92430494825642795,-0.36178593441913715,-0.12153723826529331,0.37154730205817355,0.92578390177216485,0.069833871099914319,0.087252306341868424,-0.10970462559062347,0.99012722928018038,-13.221354575056312,-26.758941890580758,-1.0536218415812464,,0.4464326024945291,0.9375,0,1
0.77730835340651905,0.62785807804783367,0.039824082594915558,-0.61923419759920573,0.75238215670857134,0.22465551137291689,0.11108884844174997,-0.19928703945976853,0.97362412852971503,22.278261852251585,4.5190528584559067,1.8611691234995831,,0.2998513708105207,0.2222222222222222,0,1
-0.93627961880288357,0.34193632842590033,-0.080374266509510225,-0.33956364957369811,-0.93964653794481268,-0.041963217423335891,-0.089872149760188258,-0.011997125945085124,0.99588104995854798,-30.384925149653881,24.050231130513442,-5.0967692202884614,,0.2726606179965879,0.3333333333333333,0,1
-0.85502180606004574,-0.48395700335198627,-0.18634197076446377,0.50565949784117692,-0.85776457974484088,-0.092457546896758488,-0.11509206490817465,-0.17327880609504176,0.9781248754394557,17.622736117519576,6.7011193289505666,1.0714251922331297,,0.1492388896145083,0.1176470588235294,0,1
0.24241427204104821,0.96961293467859277,-0.032955691690143084,-0.96792479128303655,0.24402410288126111,0.05978156599392008,0.0660069627425654,0.017406726198879861,0.99766732268454039,-12.710529793954899,-1.5595378722926487,-2.99983411138947,,0.3895284848639186,0.2916666666666667,0,1
0.04717360826997654,-0.97940443792168086,-0.19632014074492204,0.99826676746376275,0.039301542406484959,0.043804677169452348,-0.035186810884754526,-0.19804629697064893,0.97956089784962985,27.838674266297456,-5.1494243386133975,3.1405910909692736,,0.1966289694343213,0.2068965517241379,0,1
-0.82170087420586047,-0.49420574824529773,-0.28384564772183657,0.55849408085537189,-0.79747864066332785,-0.22828092196958416,-0.11354309745130729,-0.34610474727613216,0.93129988131325714,4.5027800166118306,4.2481181507773238,-0.76887451511578098,,0.3309101867369271,0.2352941176470588,0,1
0.95970370938959071,-0.21149994085757404,-0.1850312546601342,0.26428455859735983,0.90309586767135608,0.33848415898224793,0.09551158186764247,-0.37374540640944848,0.92260062265152287,-7.4610393401691493,-22.1174935118988,-0.59970866671581213,,0.760486084263264,0.2857142857142857,0,1
0.95117549941905299,-0.24037246184581529,-0.19361365884435522,0.29419315487555087,0.89579940135531466,0.33315735044544831,0.093357147178384073,-0.37385092231749706,0.92277837585905298,21.213063971780862,-20.833933324481912,3.2368098360212496,,0.3710119345275296,0.1538461538461539,0,1
0.090136522000661565,0.99204363903212656,0.08789098735092174,-0.99466158535938332,0.085219011760835739,0.058189781275272467,0.050236819286075145,-0.092666813317401592,0.99442904407384225,14.517488445921991,0.71179168714532437,0.94105395510208212,,0.1733039833452041,0.4266666666666667,0,1
0.68316375477125346,-0.71873362938004182,-0.12926428031376616,0.72880838676686832,0.68220992580719308,0.058548719101440633,0.046104441707043649,-0.13420725438044373,0.98988019140022465,-1.0412652068586792,-6.3494289773207395,-0.89196728275370463,,0.8151294803213843,0.2891566265060241,0,1
