axis_00,axis_01,axis_02,axis_10,axis_11,axis_12,axis_20,axis_21,axis_22,location_x,location_y,location_z,dbh,dbh_approximation,score,reconstructed,number_clusters
0.18573217003879236,0.97735733757029286,0.10137157249539945,-0.98237100848991266,0.18692712405642364,-0.0023349455039807271,-0.0212311726287846,-0.099150819409137184,0.99484589375405463,10.003661048927492,-8.3574697366781479,-3.7102233990686715,,0.1738708714512213,0.103448275862069,1,5
-0.13241850983862014,0.95085679205367701,0.27988694013388732,-0.990741043261117,-0.11843693858378887,-0.066369245714970548,-0.029958695732517332,-0.28608399568009879,0.9577360930682921,-0.03827500813576231,10.473310436998155,-2.8612772320814619,,0.5947941152717615,0.3636363636363636,0,1
0.8329377274267431,0.54806836261658221,0.076392487379010832,-0.55141470799603287,0.83363768306788388,0.031464792623843989,-0.04643879880901064,-0.068332153983246199,0.99658123336594462,-30.701457518054063,3.2977626889698066,-2.4091714309801926,,0.1841846818885791,0.4782608695652174,0,5
0.97729082351546781,-0.21061051839293179,-0.023363557407199774,0.21190093272876492,0.97090897255265884,0.11150677883169335,-0.00080061297666951677,-0.11392531131843034,0.99348899463449536,13.197018506162671,-28.437278670770553,-4.3420838063747649,,0.4300742636430114,0.5,0,5
0.36950610735536121,-0.9279235371749468,-0.049225458695922021,0.929110947096359,0.3697825635920593,0.0037018439988747375,0.014767688133067379,-0.047103766516281814,0.99878083209840607,19.759998818440391,-2.0238277452031643,-3.9911379122222534,,0.2719327574726618,0.4444444444444444,0,2
0.22643536033795925,0.96815822989176081,0.10675518479900604,-0.9738428945201506,0.22715508085118796,0.0055304643660828582,-0.018895618043155482,-0.10521507086126786,0.99426995553643516,16.694460112881028,-8.1180596093456376,-4.0307834029802239,0.5593595383163356,0.2635525252249261,0.1176470588235294,1,3
0.7916603303721429,0.59972513347550582,0.11663483867548129,-0.61085969350204306,0.78045570915297569,0.13318904198587492,-0.011151509747962019,-0.17668800278545177,0.9842037357691894,15.588663220681777,0.77900563721490246,-3.7442794363238279,,0.212219346755772,0.15625,0,4
-0.99859212709007306,0.050416287943976984,0.016491259008162246,-0.052253957771736893,-0.98844270410629675,-0.14230440821078627,0.0091262046280929654,-0.14296579524131825,0.98968555298140248,5.2576957968949838,-18.414133054697768,-3.7837243376205216,,0.601345369598965,0.9082125603864735,1,5
0.39646302769047659,0.90756032034014045,0.13838833989394356,-0.91767886537725374,0.39606381096170196,0.031606291880084521,-0.026125996907605104,-0.13952678090816317,0.98987358268366221,27.47348094192558,5.9041277479787952,-4.22473261211299,,0.1783490872034337,0.25,0,1
0.55798516172851764,0.82159940514723218,0.11673464246963633,-0.82953234652131635,0.55612228573640188,0.051030279071922251,-0.022992289264847254,-0.12530930040916227,0.99185126599976037,5.3054979431655873,6.3922378811956095,-3.2084892260755167,,0.2373341895754111,0.2972972972972973,0,1
0.99533442671415451,0.096390470561221436,0.0042727254290463867,-0.09648431042889194,0.99416785470644564,0.048177323601931644,0.00039602861882571272,-0.048364799734624472,0.99882965980589677,-3.9886112314109798,3.6048155174551821,-2.9472143770933412,,0.07056220934662991,0.3083333333333333,0,5
0.035765398390738834,0.99816545995704831,0.048852336962377722,-0.99898094225987444,0.037055721347456681,-0.025767237279019733,-0.027530224836085051,-0.047880978103560137,0.99847358435580125,-21.841287982778422,1.1852171079777789,-2.5929171026741766,,0.468925970755397,0.8224852071005917,1,5
0.35187892826840389,0.93438469413321934,0.055735654748544312,-0.93566173887977477,0.35281548148259112,-0.0076384830093060357,-0.026801683476147357,-0.049461898424714726,0.9984163411959297,-31.288507284393965,-8.7407221134956341,-2.7620855024975071,,0.1208772444319291,0.4482758620689655,0,1
0.67553573561347724,-0.73657845231815677,-0.033221280675902624,0.73690130210176741,0.67599112217218771,-0.0035318132886588667,0.02505874837013768,-0.022094938899557302,0.99944178059812305,-3.9182172899033874,1.8901305895608469,-2.9801868502161466,,0.09952343362135989,0.3050847457627119,0,5
0.86092437045388848,0.48918963890993927,0.13965215910160261,-0.50866364773297257,0.83226994707700219,0.22042692364461852,-0.0083977278809402294,-0.26080688713223704,0.96535446639606459,-12.151051706513648,-0.75041830895192829,-2.8261539767329511,,0.3279913064569858,0.2299168975069252,1,5
0.92857781350148227,0.36617286800442722,0.060503512379207522,-0.37100517046618542,0.92018580034837993,0.12495301646847279,-0.0099200685564840504,-0.13847571474675985,0.99031614581668348,-0.18719520095929176,7.011410307219399,-2.9686607311317106,,0.1269626582175581,0.3064516129032258,1,5
0.73668658432531375,0.67092891290792733,0.0845415300268927,-0.67601253538221284,0.73386887764980291,0.066659751148127402,-0.017318443383106761,-0.10625847844386069,0.99418771229460534,11.444193868473238,-22.04266118718585,-4.1240878180700395,,0.0988886764598962,0.5555555555555556,0,2
0.97598120569529589,-0.21496514094351407,-0.035364873938576957,0.21778642507320403,0.96679884034960306,0.13367526080953213,0.0054551978323440099,-0.1381665316847675,0.99039398743066487,0.78752314041151239,-6.8223598927030498,-3.3888709611504324,1.40105440261097,0.3384479833939912,0.3272727272727273,1,5
-0.25670027855948191,0.93628659634467759,0.23973397025199181,-0.96625544044809453,-0.24314055167318585,-0.085047609822484299,-0.021339887346071621,-0.25347599814845861,0.96710626488028673,-5.6083033595975129,30.46092719211082,-2.5678431614286445,,0.5939160746069252,0.2666666666666667,0,3
0.71923228603399647,-0.69396360227600806,-0.033457995194269896,0.69442784489458476,0.7195548247621657,0.0032897411073323593,0.021791901279506417,-0.025600251514336876,0.99943471030429443,6.5120020289984559,-10.423326198135339,-3.6255969040702611,,0.1917506116444397,0.5094339622641509,1,5
0.44740835929538575,0.89184504600811088,0.066619621309349383,-0.89389907910557409,0.44826201670170102,0.0023665917963107846,-0.027752412630569354,-0.060610051091498827,0.99777563875846786,5.3441782851677635,-10.380322013351989,-3.58605694591858,,0.6403010868607582,0.8620689655172413,1,4
-0.70234432103161792,0.67151531689573329,0.23617712397490787,-0.71145225729090267,-0.65128908513609851,-0.26392842434695041,-0.023412396509441311,-0.35339737797132503,0.93518027830610162,-36.493385814488292,-1.8378497290205666,-2.5035894303464188,,0.3087635236928334,0.2777777777777778,0,1
0.73948030585724289,-0.67155388974805619,-0.046735964882877651,0.67278436177234779,0.73963889361019886,0.017190393062846445,0.023023462030124217,-0.044155183425461625,0.99875935038066643,-2.4401252148678552,-9.2656171710432176,-3.3297854994473739,,0.1445400899632579,0.6933962264150944,1,5
-0.43059855164509891,0.90188992332575768,0.034343172896551775,-0.902190160344993,-0.42905346885568885,-0.044339998190993428,-0.02525474010596309,-0.050076811663283927,0.99842601680636356,4.3017407840862125,8.4936713654419425,-3.1007364212444823,0.3253930569702536,0.2321813149946308,0.6976744186046512,1,5
-0.16086243241085621,-0.98589324599084527,-0.046236190895225633,0.98658447454062692,-0.15930114293181788,-0.035696224674524407,0.027827188759562187,-0.051358089628154649,0.99829253938687146,-0.52999678657530735,-5.8847578714597288,-3.3148098675891502,,0.1192646685481406,0.4980237154150198,0,5
0.74663866264893564,0.66476200780640704,0.024943544555715687,-0.66518204757100174,0.74561068910877393,0.039969286658488035,0.0079718898046837704,-0.046434612778974933,0.99888952127300268,5.4057756132811363,4.6654306399565506,-3.2427969793211973,,0.1604319538006033,0.3333333333333333,0,5
-0.18661494254104233,-0.9689405405282161,-0.16226241752572826,0.98200063165965312,-0.17907064768124251,-0.060070479930369194,0.029148287092864857,-0.17055184566550607,0.98491748146717528,5.1303672005233061,-22.474825644729464,-3.9099800327435181,,0.3797505860232855,0.2777777777777778,0,4
0.9999812269342695,-0.0027086466725831154,-0.0054962725766181464,0.0027673082703327649,0.99993899269110809,0.010693591577667381,0.0054669721025745006,-0.010708600706727057,0.99992771643100997,0.53011902027205249,-14.848440064491152,-3.5464271335983022,,0.07282908266498599,0.186046511627907,0,4
0.43561413502433605,0.8967055371332957,0.078482514240349063,-0.89977309631384539,0.43624850655911784,0.0097783267860432482,-0.025469599855413187,-0.074876032209421878,0.99686753346860402,-0.93689641596300166,4.9113553399949144,-3.0150797689057489,0.904466931022172,0.8715171515769418,0.9169811320754717,1,1
-0.43885607166026197,0.89235736583742709,0.10537400060077017,-0.89810878381620785,-0.43190531600166293,-0.082815520536165282,-0.028389448728272749,-0.13098140954040732,0.99097825887136026,7.3674244366917225,5.2013577254708512,-3.3088751507507519,,0.08258634568853189,0.131578947368421,0,5
0.48764382742432549,-0.87277222057481307,-0.021728979908487416,0.87268331635515073,0.48800614096440781,-0.016547982849940125,0.025046495370210274,-0.010892996554456344,0.99962693826033611,-7.7748528005708248,-9.3065545702146242,-3.1915369565916478,,0.108759756131286,0.5816993464052288,1,5
0.99026288159273002,-0.1392015820034728,-0.0015313090457356436,0.13869409867957563,0.98558718470436479,0.096859941864453042,-0.011973818568997345,-0.096129188669495741,0.99529684353695291,11.579932209818022,-18.035331306070916,-4.0061459709576788,,0.1696937454887263,0.2,0,5
0.92925032013296005,0.3665536788084951,0.046176217739771964,-0.36904687950565895,0.92679817400472464,0.069638677390116921,-0.017269720898959874,-0.081752952322638739,0.99650299122812747,22.680916597286448,26.615442786940477,-3.7220689819584267,0.5291028322725942,0.5758486421733255,0.92,1,5
-0.41270339141442602,-0.90191042038857316,-0.12741076999037099,0.90932741852977672,-0.39983057387486437,-0.11514841772629884,0.052910836555516774,-0.1633802490798836,0.98514330814637918,-26.745158484889132,-11.394048240604999,-2.8798653010855073,,0.264808429212438,0.2954545454545455,0,4
0.54359311428413581,-0.83387337144306306,-0.095716908125238975,0.83892464427510016,0.54339924254655902,0.030376050232444978,0.026682715955700695,-0.096811484845584592,0.99494500806387376,10.562186935024572,-19.126605917984882,-4.0024403910828887,,0.1098358095688848,0.3571428571428572,0,2
0.70622485587216777,0.70741727079817796,0.028412284751385988,-0.70773881420887375,0.70647177479409629,0.0018445274455944668,-0.018767626662792112,-0.021411127848327976,0.99959458771729504,1.3305202950745094,9.0034529849950609,-2.9553123671941552,,0.08843856226410407,0.2758620689655172,0,5
0.35364137458706452,-0.93073780460175248,-0.093085537358293627,0.93525162036883436,0.35349286266275665,0.018633374465196462,0.015562287031224888,-0.093647931806315352,0.99548374175109366,1.4805312570120819,15.8148013147222,-2.8342903217951396,,0.1259877293702539,0.3478260869565217,0,4
0.1058880715361651,-0.98948482595886089,-0.098526623323414858,0.99392629129609256,0.1083055351567123,-0.019504833370536545,0.029970715319228215,-0.095862872122528475,0.99494324761348707,-31.086604742826861,-10.758798921523226,-2.8223862477252881,,0.1775697457110995,0.2272727272727273,0,1
0.2811237188069407,0.95661952697046215,0.076475717341952132,-0.95947089340532599,0.28180053741576494,0.002015395785601632,-0.019622931283137735,-0.07394280040001211,0.99706940723144366,6.4190120153439727,16.137041258547494,-3.0522079541765872,,0.2182863620389179,0.5,0,6
-0.47719485000015111,-0.86330907215697494,-0.16426357193485139,0.87837984688278403,-0.46279949179661584,-0.11943816384627927,0.027090952798118025,-0.20128108784547263,0.97915882468179438,13.509850208160966,20.416731281085639,-3.3245318933512054,0.3894161038588753,0.2716461931910035,0.4285714285714285,1,5
0.45124173228387665,0.89230124851000747,0.013393317472806612,-0.89208682722359023,0.45143036984403606,-0.019791762847830179,-0.023706364959520533,-0.0030171327379077571,0.99971441180491505,-6.0000940370433318,2.7487118586885937,-2.9038582781425482,,0.7214764675201857,0.9932038834951457,1,5
-0.6921372239409177,0.71862086619369725,0.067306120868605407,-0.7212548012670994,-0.68512439721433505,-0.10196112980371499,-0.027158329928695206,-0.11911595616336833,0.99250884837505071,6.2751293002968964,-11.733210586388841,-3.6435094855243628,,0.4981002208860831,0.8224299065420561,1,5
-0.60685054506780889,-0.78490574136365998,-0.12512151343900002,0.79431555178884306,-0.59332142916444808,-0.13050856631134253,0.028199647822066541,-0.17858515859001095,0.9835202697423634,9.5378448627150334,-0.95914454027117357,-3.5259093877495427,,0.2928113729846331,0.1408450704225352,0,5
-0.9691036647783996,0.24659075453043514,0.005575544205513221,-0.24651753470280194,-0.96756964453064043,-0.055118854005730009,-0.0081970724731325623,-0.05479035282750809,0.99846423333032286,-11.791448454112558,15.136467659002767,-2.3984417666076632,0.419708395644223,0.4083096935082102,0.9339622641509434,1,5
-0.97661335886686473,0.21449050940962533,0.014838081276899064,-0.21480361310037213,-0.97040825898560701,-0.11030511634348114,-0.0092604039763987279,-0.11091272364216238,0.99378700567700695,-2.201255562472666,2.3943596840754617,-3.0172993146161091,0.7588605255785957,0.5710459926195176,0.9681553398058252,1,5
-0.94523942381248816,0.32555855461650668,0.023109720609415782,-0.32629626341631013,-0.94104946042366655,-0.089200120610226599,-0.0072924722274510332,-0.091856086093062339,0.99574558964450077,-29.171484246802077,20.237552478637312,-1.910723571621497,,0.345521665594875,0.3863636363636364,1,4
-0.039015755072958153,0.98698382911592597,0.15601503747956996,-0.99921329173559548,-0.039647423864089662,0.00093776322029331071,0.007111151454093521,-0.15585571162009393,0.98775423495948178,-29.28155841263548,2.3488717498416256,-2.4527236612507708,,0.2363790758631949,0.2631578947368421,0,3
-0.59388858770313913,0.80182898734135399,0.066080409011369398,-0.80452294995912643,-0.5912252158894773,-0.056529347117284884,-0.0062584650703085935,-0.086735339715597395,0.9962117307376902,18.829164447261096,0.77139405428161423,-3.885880619140524,0.4499647508304416,0.4224480695648575,0.8285714285714286,1,5
0.96383884472423853,0.26647591635054052,0.0022950829583231426,-0.26531405637335698,0.95875848444431722,0.10193439064786525,0.024962629896727977,-0.098857243089093702,0.99478847630914158,-9.8445491366296256,-14.418828167926424,-3.2653892091739434,,0.4706628302424573,0.1333333333333333,0,2
0.91677677155530923,0.39750443069482649,0.038866164135463198,-0.39933011201387658,0.91044588864224074,0.10781347547233903,0.0074707948444358106,-0.11436131965145287,0.99341113130061587,1.4870368127558917,-5.9117541678641672,-3.3780880545087868,,0.4231971343908111,0.7946058091286307,1,3
-0.63490184762018786,-0.77136930431145068,-0.043463090715477347,0.77230611955987361,-0.6321287745953188,-0.062900477096698701,0.021045226984838912,-0.073502440059434349,0.99707296108482835,-35.534739322693412,-0.49947313452518532,-2.4743910694441191,,0.07377800753959896,0.3,0,1
0.33128814631986431,0.94238596146389131,0.046442047152607947,-0.94314068124218942,0.33216335676908987,-0.012375774961957811,-0.027089102863823981,-0.039701436443373747,0.99884432042754578,6.8814264610458507,-24.433440072513804,-3.9941325128504332,,0.6287046603294186,0.2121212121212121,0,1
0.48948909138599722,0.85460168583781559,0.17336778240859793,-0.87178520235402479,0.4841024393323119,0.075069229309074337,-0.019773476443555198,-0.18788503611429377,0.98199196678672851,17.963392015271019,4.4855969244854865,-3.7911350848145906,,0.478942921166705,0.52,0,5
0.10444364848235194,-0.95673643625223814,-0.27156383382008092,0.99370341767674908,0.11152683490887673,-0.010736982479044418,0.040559117214777493,-0.2687325001606129,0.9623605360612949,8.1788823488754794,6.2761055223876712,-3.3247440430664397,0.6202074809861671,0.4588408305850603,0.3055555555555556,1,4
0.59146924379364807,0.79089161680400433,0.15701778279965187,-0.80632582608671843,0.57974138266609654,0.11721173750940758,0.0016720740837869643,-0.19593463117466306,0.98061553346594899,16.539530114154513,2.5302600265627957,-3.7733951338139708,,0.2184397289582468,0.125,0,5
0.78793077114916299,-0.61424043906262882,-0.043287214006391919,0.61510471589466242,0.78839187813114697,0.0091888509069497446,0.028483124133998367,-0.033866347854360733,0.99902041126424224,25.386721049443327,-7.505899514824411,-4.3341432821846491,0.4910157635107226,0.4086592405598171,0.2608695652173913,1,5
0.89394809410242859,0.44633744417447729,0.04049309791099126,-0.44806344865765979,0.88810429403661473,0.1025178466937786,0.0097954595419756114,-0.10978911076021944,0.99390663552007752,16.04131231219144,-18.181980225970999,-4.2012066866620223,,0.4547500278780972,0.2941176470588235,1,5
0.99824579444521011,0.056819369460888738,0.016640105964790965,-0.058814800247289668,0.98393024773252302,0.16858851345476902,-0.0067936105513836638,-0.16927145905640573,0.98554605169144338,1.3703417712089441,-16.573282087909799,-3.6272893336295913,,0.1782757510197198,0.3103448275862069,0,5
0.92364522150438244,0.3798026103735887,0.051278474485186763,-0.38316091217800047,0.91799307112165751,0.10235446620225939,-0.0081987908280767782,-0.11418712066618922,0.99342542815398183,14.917131696565695,-2.3530886241467894,-3.7718027610874501,,0.07590052627163735,0.3076923076923077,0,5
0.11113126278027155,-0.97451257708444972,-0.19487195677441191,0.99341762682274737,0.11441084593170214,-0.0056193461411704494,0.027771588912488113,-0.19296475180047348,0.98081259342030225,7.6561576545881556,-5.5508847015476066,-3.5822174258943367,0.7007197670389114,0.690921208440708,0.5984251968503937,1,3
0.80438547858714005,-0.59104432188295231,-0.060254555081414071,0.592312499371489,0.80569812475657554,0.0040539921111985575,0.046150893018854923,-0.038950498503344359,0.99817481121289753,10.718434729041583,-11.66697074706016,-3.8077172144931013,0.232671780883567,0.1764319600282126,0.25,1,3
-0.97509237323972275,0.21462935407974834,0.05593839483786104,-0.22158881013617934,-0.93169599884917542,-0.287821064119482,-0.0096572704300297661,-0.29304744683369732,0.95604912584662405,-10.695065484138309,-40.275442386204013,-3.7806157817966262,,0.3463298819057912,0.28,0,1
0.84553752420794392,0.52547391276558419,0.094569879766913001,-0.53307670078955827,0.84078768953538974,0.094367855761700689,-0.029925344302463224,-0.13020456262577193,0.99103544116232856,7.3929284393024579,19.09368956464553,-2.9951778835598684,,0.4106732780384227,0.3333333333333333,0,4
0.97822987892486635,0.20697291743121782,0.015116726783586524,-0.20750385405265545,0.97655597147896867,0.05727639236247533,-0.0029076677825308444,-0.059166257434252648,0.99824390779472749,2.6848829410425088,16.009543549749939,-2.8797447031850814,0.4782232323485898,0.1201298821245136,0.35,1,4
0.97976279601552674,0.20009015919396275,0.0053657932846390656,-0.20008707271802073,0.97830972803956462,0.053621258417610868,0.0054796783639486082,-0.05360973994424291,0.99854692874603557,-30.496201987300878,-8.8939511562296829,-2.7766299809714758,,0.1654910290031341,0.3823529411764706,1,5
0.76412503301745982,0.64411085812575086,0.035130276978351464,-0.64487311949679849,0.7640994686149265,0.017048806786862637,-0.015861704401947327,-0.035681991352735747,0.99923731006531646,14.38094394936876,-6.8695443106908076,-3.8418686761825951,,0.09565660257550064,0.4761904761904762,0,5
0.45592013929327879,0.88763869937940632,0.065072005892184745,-0.88909857551676241,0.45755612549585628,-0.012087805230220754,-0.040503698607176335,-0.052344353900447567,0.99780735566234591,-13.961596238349571,-0.49879000756936714,-2.7759859183475104,,0.4212871219462974,0.9004854368932039,1,4
-0.99263065865935085,-0.11907260787556016,-0.02249643401115841,0.12116329542848364,-0.97824687414921307,-0.16838203306233698,-0.0019573784547984871,-0.16986691046524946,0.98546506858364991,17.667099100930145,22.007150945837605,-3.5193437195506454,0.3897833467258837,0.5034902579404217,0.8857142857142857,1,5
0.30919023253968247,-0.95016686663585415,-0.039803588399286507,0.9505313383030638,0.3100811231784486,-0.018435616403524382,0.029859253270020758,-0.032134445627620044,0.99903743793631772,-18.88101356451201,-8.7483817847516203,-2.9108792338915848,,0.3635288920212427,0.8962264150943396,1,5
0.99236710712202558,-0.12260433093623065,-0.013255290941423397,0.12298157563638004,0.97597617214225085,0.17985005828343056,-0.0091135479510398368,-0.18010743861995052,0.98360472436721513,16.299565334782461,-3.5660134033594293,-3.8814498237318702,,0.5225598991860299,0.25,0,5
0.52619116238209873,-0.84411015796051048,-0.10296068113050751,0.85013983026468209,0.52497509355279848,0.040785048078537146,0.019624719832747058,-0.10899170783648091,0.99384892111144041,-43.158824235216208,10.433352175383218,-1.9245272161765998,,0.2802223430323791,0.375,0,3
0.99739475972422664,-0.069722754261884165,-0.018504886186897034,0.071918914259860384,0.9810250594771478,0.18004861135132999,0.0056002719876762502,-0.18091039278050428,0.98348363826637619,6.9109974997588619,-17.737849904038239,-3.8286667091684565,,0.5002197871065007,0.2962962962962963,0,2
0.91231895732567414,0.40897298406251431,0.020376908774351828,-0.4093470475380635,0.91216156732654718,0.019906525669965158,-0.010445801839320132,-0.026502328187932734,0.99959417356472924,10.521603850911943,-4.9520661011168281,-3.6722050425139119,0.4547418812477391,0.4266467124516931,0.7549019607843137,1,5
-0.99817168056351557,-0.057986872057509325,-0.017053409922766029,0.06042809804751377,-0.96354957170566469,-0.26061593932872046,-0.0013195026972002196,-0.26116995526824544,0.96529193168585836,-46.531496581917729,-11.734040307822328,-2.372953303281621,,0.5352082593082702,0.1578947368421053,0,1
-0.91245299939928981,0.39525684805177758,0.10583736559180809,-0.40890476076669569,-0.87129367940392799,-0.27137468720036662,-0.015047275818948842,-0.29089404995451412,0.95663693802376748,12.152751165705885,-24.715219774812656,-4.1979384515298364,,0.3601070008629907,0.1176470588235294,0,1
-0.96711981569310657,-0.25144482882328012,-0.03814131817021716,0.25387083204715555,-0.94556749230037362,-0.20359695022388474,0.015128209722743665,-0.20658561315545049,0.97831156678625164,-24.990434395225293,-0.15999421399992014,-2.5867377721698372,,0.4207164965985944,0.4363636363636363,0,2
0.99977071048862987,-0.020549322533623685,-0.0060209461439807285,0.020982591504734756,0.9962474699542766,0.083968502805800843,0.0042728565158498821,-0.084075584762233216,0.99645021889910945,11.30934264274569,-16.501094072985445,-3.9618666087572407,,0.1926443998794107,0.1428571428571428,1,4
-0.79407678956712924,-0.58507095147509958,-0.16472411484292415,0.60759127496988741,-0.75668288941584383,-0.24137905345277741,0.016579953293964261,-0.29175843879023206,0.95634832490231225,14.865024795829044,14.224572018183197,-3.4991229821941685,,0.5403308453572722,0.3518518518518519,0,2
-0.86544965770391635,0.49394180609179683,0.083775785134771519,-0.50040076056811877,-0.84410220112193513,-0.19258907778986861,-0.024412472284102336,-0.20859761804938576,0.9776968164728268,14.428832274504453,-5.112710405574961,-3.8230371672799945,,0.4879479838270149,0.1666666666666667,0,2
0.88697160996044566,0.46093030583720324,0.028716132835008883,-0.46160602469503609,0.88674753908486381,0.024467936001717445,-0.014185946899001442,-0.034957904510435504,0.99928809850954337,9.7545069693177027,-10.450098121381385,-3.7497545627004492,,0.1491614402193099,0.15625,0,3
-0.88182172308057827,0.46306730779911315,0.089213884294325793,-0.47128316015481425,-0.85860368022929223,-0.20172234197333422,-0.016811652437865528,-0.21992814450269108,0.97537120092706842,12.168355214791683,-1.4663302718601519,-3.6396856270257829,,0.2829550252386722,0.1428571428571428,0,1
0.78913722143448084,-0.60648755797919063,-0.097135409419558019,0.61386553786745623,0.78410953208552636,0.091330953741413479,0.020773713326365358,-0.13170073541577262,0.99107182843907904,7.9742191575229349,0.54663616063364073,-3.4537678561302316,,0.3480647216765226,0.5,1,1
-0.30791627596062499,0.94907319934012802,0.066690548751935114,-0.95096148196895902,-0.30485256963406504,-0.052317975867854881,-0.029322803582571343,-0.079529699369491016,0.9964011241002575,-3.1859362521138488,3.4174063833843795,-2.9733671844074738,,0.1219105848815489,0.1403508771929824,0,3
0.92103911982898123,-0.38840454082189863,-0.028789797039645307,0.3891381731812007,0.92078762567452588,0.026863182571421656,0.016075506768118659,-0.035945251057652561,0.99922445777140012,11.908105036820496,13.149906103350148,-3.3840922450833588,,0.1302920141727687,0.3888888888888889,0,4
0.73175704031133437,0.67592255098819565,0.08752336271194984,-0.68132707199257114,0.72884144161404762,0.067702097131389902,-0.018029279653587024,-0.10917352266721278,0.99385918873027779,22.924114205401249,-4.7720589577306507,-4.1506924452117513,,0.3350742288538914,0.2941176470588235,0,1
-0.625021203918109,-0.77354642741233903,-0.10475886258625604,0.78060680260980886,-0.61957808245107371,-0.082316580744967879,-0.0012305982488787723,-0.13322508916813958,0.99108504238742923,0.88367139777044112,-22.194352292412916,-3.7541333984844178,,0.6708356481597686,0.4666666666666667,0,2
0.38529455598624823,-0.91029528425845196,-0.1513624807678027,0.92260478153703485,0.38331668877863151,0.043228846720516842,0.018668749619615448,-0.15630358780466133,0.98753261527254399,17.515266288911302,-20.815339255195774,-4.3544068798854791,,0.3826983476319923,0.4117647058823529,0,2
-0.86624872916690565,0.47717579055473913,0.14804189989722694,-0.49930294536291858,-0.81639537705476983,-0.29016401754096688,-0.017598521774149015,-0.32527196810063391,0.94545673555129162,19.21579515648838,4.3659649457250653,-3.8565352421784995,,0.562426837508222,0.4761904761904762,0,1
0.27517247070819245,0.95365534667528284,0.12174395722990257,-0.96133423568218046,0.27436232631783636,0.023702345935040749,-0.010798086391036455,-0.12355886716505782,0.99227849300243365,17.791930794525737,-2.8113474121310156,-3.9187431007151474,,0.2579832011934933,0.1052631578947368,0,3
-0.99882220777319952,0.048106663549955728,0.006320299135574056,-0.048304936263428438,-0.97366791029518729,-0.22279459956199454,-0.0045640323901011172,-0.22283749546136705,0.97484492111558319,8.5479611321626532,-7.1433954329839064,-3.6362721103498723,0.6677298189053437,0.3899628514098016,0.472972972972973,1,1
-0.71923790469377358,0.69115284317616776,0.070743083204003784,-0.694656629788302,-0.71360024416736534,-0.090702029830833905,-0.012206684351901127,-0.11437848964632788,0.99336224911326121,11.730283900420737,7.0423302675170518,-3.4984887934378732,0.8251045674165209,0.7221852857269969,0.8837209302325582,1,3
-0.98611165906970233,0.16606807860249584,0.0022779631418171748,-0.16588655751978432,-0.98418039286754977,-0.062214181094919205,-0.0080898628564095264,-0.061728012800926643,0.99806022190778354,8.8564201770667541,-4.3836044921095958,-3.5990966891692451,,0.2360158526464939,0.5555555555555556,1,3
0.033044497122280227,0.99767609634319343,0.059585803639307384,-0.99891276086447833,0.034929421414695801,-0.030874450630573987,-0.032883999027502393,-0.058500788926655223,0.99774560901209564,-37.92325203428188,6.187110348032391,-2.2336319006942396,,0.6090992080000525,0.98,1,4
-0.39143386375067452,0.92002259477234938,0.018383563788672282,-0.91976007391557402,-0.39054395789954899,-0.038946416766808073,-0.028651993648557191,-0.032153414383376606,0.99907218017691524,21.963829842881918,-3.7372055596233937,-4.1059959300776248,,0.07646721522427505,0.1818181818181818,0,1
0.37964236086773667,0.91421720093371694,0.1416989320767546,-0.92475686704919702,0.37937919809724507,0.029935946560060413,-0.026389669951075393,-0.14240201391838814,0.98945704896769626,3.6212756464283338,-8.4696350156302422,-3.4993422374683423,,0.7689603294954226,0.3008849557522124,1,1
0.97074027406173746,0.23806802336911559,0.031415546528226382,-0.24011305001655706,0.96395997406369449,0.11457264776057986,-0.0030072456320187203,-0.11876356618191349,0.99291800860970636,18.827405549349479,-5.3909483033780869,-3.9918528118231968,,0.242260019495751,0.2380952380952381,0,2
0.94228713116973517,-0.33293541975394259,-0.035340751338594857,0.3344272588339951,0.94098176294357028,0.052074277300708106,0.015917631126846868,-0.060887831960721624,0.99801768568419302,12.033467834579096,-10.319381102436804,-3.8172276422721008,,0.145944380740453,0.2666666666666667,0,4
0.50906010254752865,-0.85462371703115436,-0.10235289093207278,0.86029961649300701,0.50895904767292433,0.029073315150752184,0.027246685234804467,-0.10285421760785136,0.99432320100860172,-21.471900951579592,-8.2073978209007663,-2.8638607560114626,,0.4580865471393174,0.2407407407407407,0,1
0.24302613789323141,0.95226083802935346,0.18476361291209864,-0.96994270855528653,0.24095833990975224,0.033914901568038273,-0.012224500854164192,-0.18745232669553108,0.98219763123075032,11.928775972710129,-7.5047261263431002,-3.7618581259798534,,0.6061578884776176,0.4819277108433735,0,3
-0.60733714274541717,0.792864103377943,0.050081020521982343,-0.794078132676455,-0.60393639551487288,-0.068562011183872118,-0.024114606505336863,-0.081408499231919174,0.99638905152851787,11.548274566496094,-11.406455214432444,-3.8233006923794153,,0.08661895624666345,0.4,0,3
0.39316214112498882,0.91928801055375386,0.018250601034852754,-0.91912690912202744,0.39347989052292603,-0.019475643297531688,-0.025084969878413948,-0.009117532900139393,0.99964374398083045,-11.314556476533946,-9.3243539974334571,-3.0816588188563063,0.5895112205695515,0.4378433923913261,0.8888888888888888,1,3
-0.82024124710978596,-0.56863532991123178,-0.062114073417615601,0.57183425159703061,-0.8123793156801653,-0.1142166194364537,0.014487416617483305,-0.12920413705362579,0.99151218133111241,-1.1115141820354058,11.772754678851234,-2.7986872877637197,,0.606003950605682,0.3493975903614458,0,1
0.97206394819750108,0.22230677624901463,0.075308550965057175,-0.23468278714496196,0.92595138400476995,0.29586825425774155,-0.003958539195026126,-0.30527648401641033,0.95225553202594726,3.2301328960106144,12.220532172917178,-2.9575767730801781,,0.4329704504322139,0.2181818181818182,0,1
0.99661922640169964,-0.077830276293793216,-0.026316642234719901,0.081970677469715342,0.96362480824638852,0.25437774463829899,0.0055610791789300045,-0.25567494406793867,0.9667468114114588,-2.8001695948428447,-24.703994449988297,-3.7163232293542436,,0.746214977709883,0.3636363636363636,0,1
-0.35896787781530204,0.87948609072694128,0.31248404585613643,-0.93290106856162269,-0.32770730420552213,-0.14934362740649859,-0.028942338767973107,-0.34512626528299878,0.93810990935947791,-6.1456606694310461,-15.212191867754225,-3.389660426304947,,0.3143311117981975,0.2542372881355932,0,1
0.75048153194567835,-0.64690855770868061,-0.13522865144539647,0.66056320387704481,0.74068618800645158,0.12263859335528789,0.02082603880145319,-0.18136507067168295,0.98319529456161148,5.1556244006008116,-9.2345304518218523,-3.5565028578030162,,0.455974664705031,0.5046728971962616,0,2
0.81645039834093225,-0.56654786943883784,-0.11150003893831442,0.57739145656821711,0.80281524071156152,0.14868354032396991,0.005277587608442688,-0.18577190561425175,0.982578722624037,14.918437459087258,-20.273007842989646,-4.2368716576456285,,0.2221216535414655,0.2727272727272727,0,2
-0.0006877609174118077,0.94248958690119322,0.33423480603871647,-0.99955535873270551,0.009315488538983582,-0.028325015481238527,-0.029809592644865445,-0.33410567228961868,0.94206411030791803,-0.70784430158863998,-13.105513818502201,-3.46514337981831,,0.465893694468469,0.1511627906976744,0,1
0.91673569503683394,-0.39110322422311428,-0.081448962225543264,0.39859432571389408,0.90913585518728202,0.12080794808942237,0.026799793917484202,-0.14321405243611721,0.98932881603176137,12.533210584134826,-15.889065104596721,-3.9973014156583586,,0.5593796510068041,0.1333333333333333,0,3
0.30179034661273751,0.91795045614761361,0.25746756446152896,-0.95297834535328163,0.2982389213491291,0.053719820180538995,-0.027474715268500191,-0.26157313671494603,0.96479253426320566,6.3561318252846224,-19.313864994992738,-3.8498676299009098,,0.1121991115223159,0.4,0,1
0.84383974285100516,-0.52182859978183394,-0.12501760210018395,0.53627173963217101,0.82821245992615022,0.1627167554216841,0.018630879126721386,-0.20435027201549197,0.97872052020490508,-7.4004751445738091,-19.536362597346976,-3.4574906032671398,,0.5451879496677315,0.3888888888888889,0,1
0.78304162360719021,0.61802414625363933,0.069942621812979111,-0.62176148583596025,0.78072156547208793,0.062341735120779264,-0.016077015571061129,-0.092303801949165043,0.99560109366957561,18.3624429152479,-11.174188467141553,-4.1380431068505175,,0.2160127241339803,0.3333333333333333,0,3
-0.48451282902389475,-0.86672620278088164,-0.11846099748143038,0.87139332406880576,-0.46627742065152844,-0.15250915303310283,0.076947990744261008,-0.17711876355595685,0.98117681908860321,3.521411218181064,-20.848080502242638,-3.7931685334914169,,0.5119732429077958,0.2244897959183673,0,2
0.50089078746210036,0.81998482925440253,0.27700775950905365,-0.86517116868797705,0.4833191758555917,0.13372143852558679,-0.024233611094463411,-0.30663896367373206,0.95151735562228323,-2.3816828436052915,13.66875854776792,-2.7214270002122349,,0.3541199126679422,0.2,0,1
0.072923992864980636,-0.98232796813185941,-0.17237707008346909,0.99688752285104698,0.076985432404072893,-0.016985581575610701,0.029955935113630663,-0.17060189396220338,0.98488457990161349,-33.781769268428796,7.0987432887243642,-2.2556454708470679,,0.1917549345292019,0.2105263157894737,0,1
0.99933048687574488,-0.036509313146833366,-0.0023765635346712885,0.035886897027603164,0.96550612281726822,0.25789543893620542,-0.0071209986952725799,-0.25780806204600021,0.96616990975794159,15.815240173749796,-15.713549922323249,-4.1384050442253653,,0.2211151237581834,0.1428571428571428,0,2
-0.99234228667590907,-0.11807432284231542,-0.03626624270802644,0.12344828345991744,-0.93817778318976686,-0.32339290103515816,0.0041602146132999809,-0.32539345631783129,0.94556955915464413,-1.6204543381952454,-25.765081912226474,-3.7623872871473094,,0.4327684573996773,0.4,0,2
0.73199017822234513,0.67738382774838723,0.073085763941850027,-0.68128060793629375,0.72881017880390531,0.068501507441624351,-0.0068638353691375933,-0.099934344330485883,0.99497035864756422,21.245024237540509,2.0636992591803227,-3.9746301346306199,,0.2278817500195511,0.3529411764705883,0,3
0.41364905178304284,0.90563591548993128,0.093370501410799556,-0.90993689404869604,0.41463900487606831,0.0094522211356142232,-0.030154780848188182,-0.088871166359502735,0.99558656327910522,10.396709382487719,-6.2292584465471226,-3.6866026404760373,0.1963584285053877,0.1414606245318721,0.2765957446808511,1,3
-0.54667594860187496,0.82330039622107898,0.15271497897211739,-0.83691951381041407,-0.53142619176004557,-0.13096537754214146,-0.026667107521820513,-0.19940576795476497,0.97955408481757156,1.076786503237779,31.059385400032006,-2.794603640944374,,0.2738025988893219,0.4666666666666667,0,1
0.94822649072040166,-0.31626007210526746,-0.02908761055919052,0.3172583264598085,0.94745588815367687,0.040920585221238946,0.014617680663967359,-0.048030269569283947,0.99873891313851781,13.164269060448282,-13.00258744569201,-3.9457090098337666,,0.09752020521057675,0.3571428571428572,0,2
0.66138465836542004,-0.7041328381441655,-0.25839365302944128,0.74964913990762327,0.63178667087021834,0.19715924920349839,0.024423364113432891,-0.32410268242914803,0.94570658796881268,-4.8493963489320899,-16.795161354144483,-3.4603974992289364,,0.3258639994969433,0.3461538461538461,0,1
0.8814906709461845,-0.47016281055932208,-0.043830681055678652,0.4719014515141543,0.88043557820912965,0.046284043496542498,0.016829055044172057,-0.061482714566898335,0.997966261311376,-40.143580713637,-4.0903322086797793,-2.5094451847772246,,0.8823955350296746,0.5416666666666666,0,1
-0.37323038898307409,-0.92642005471028366,-0.0494465263708024,0.9273604996431174,-0.3710262908289429,-0.04839416509647336,0.026487363802599022,-0.06391692846431174,0.9976036516645661,18.409151307371154,3.1585648628963159,-3.854689955747991,,0.0714376131744171,0.1904761904761905,0,1
-0.63915540344246835,0.74226750663471563,0.20129411030772273,-0.76867373136864425,-0.60806921045827234,-0.1984755148537431,-0.024921174813812095,-0.28158619264256457,0.95921225553000733,-3.094719467569317,-14.507378210874784,-3.4429367357408731,,0.2594745310732503,0.3076923076923077,0,1
0.4116762257717102,-0.8880157921548284,-0.20481854900860663,0.91088596698466495,0.40796519809513582,0.06205765298178105,0.028450664047968748,-0.21211400242989098,0.97683069653261823,27.981218829953146,9.4230041787797383,-4.2696387986205018,,0.2306028372445901,0.5,0,1
-0.96068939304687229,-0.26461940999927785,-0.083978913656140658,0.27757536541051553,-0.90977290059120197,-0.30865058863881839,0.0052731967960887704,-0.31982782430786771,0.94746100510471931,5.4872780388201434,20.314414098547026,-2.8884974471279281,,0.4403932081111865,0.4,0,1
-0.88259978537643968,0.46970499045819308,0.019870601202047294,-0.46985597054049938,-0.87987625473754005,-0.071085464734252216,-0.015905527369677538,-0.072076336530846635,0.99727228774862908,2.051675391503355,15.108749304211797,-2.8576298807889153,0.2017278284389216,0.1519274449432576,0.6190476190476191,1,2
0.1442905083891573,-0.9485421869971592,-0.28186516044989762,0.98907405668699255,0.14694529790689242,0.011814813235605598,0.030211911186419933,-0.28049028309319868,0.9593812805724129,12.389479641026725,-0.68280133939015963,-3.6334387900665495,,0.2552503374437614,0.2903225806451613,0,2
0.50778842927000023,0.86084482534175155,0.033122466421379795,-0.86114699724065624,0.50828759671844703,-0.0083407532985378986,-0.024015833171209078,-0.024287974483582525,0.99941649678828992,15.95272931756201,-0.48461088313512724,-3.7653070899867624,,0.07873155563039483,0.2432432432432433,0,2
0.9187790065802891,0.39448388537741103,0.015086458990758098,-0.39467200981265282,0.91873589231895514,0.012584309092515965,-0.0088961642172014788,-0.01751640209735977,0.99980699833507147,10.776158233494064,-10.849755240809834,-3.7899632787229574,,0.06642432852485572,0.1153846153846154,0,1
0.94141646271798363,0.33455188536089181,0.042545031731474683,-0.33723963434296705,0.9346679077144513,0.11254035417090327,-0.0021148881250441609,-0.1202952130808333,0.99273591098441472,-3.6211221400094482,-12.928050203661208,-3.3804763026587086,,0.6251032015418272,0.6859903381642513,0,2
-0.70216116394678751,0.71007631284921602,0.05254835654285793,-0.71163286471367715,-0.6974402579226604,-0.08459168096319318,-0.023417209575398661,-0.096792130667920695,0.99502910396453559,19.914199085857668,-9.5509889486653581,-4.1981503420477333,,0.09594437556697326,0.1,0,1
0.4893566081645519,-0.83585875107265672,-0.24873732792032452,0.87164933639857345,0.47779761650435476,0.10925599305614213,0.02752352451288332,-0.27027686900290881,0.9623891466971003,23.529526828846141,4.2557480431233961,-4.0604009516058808,,0.2928742152100446,0.1333333333333333,0,1
0.89877701714676816,0.43723069948398247,0.032080973761808983,-0.43828600240869847,0.89783436801508043,0.042412588975023341,-0.010259314858266051,-0.052180101951884966,0.99858499058364103,15.785675996515463,-10.905829431309673,-4.0195300992414866,,0.138349045584412,0.4210526315789473,0,1
0.34203014930105352,-0.92566651615288797,-0.1617308809178806,0.93923896070625235,0.34209078829134698,0.028356079729808928,0.029078371009005958,-0.16160257869099601,0.98642741998582073,12.63553332460917,-23.117462193293136,-4.1793996559041586,,0.3672109899381082,0.3636363636363636,0,1
0.068504476118537036,0.99737289645005245,0.02354659590166349,-0.99721387190362676,0.069153851790093132,-0.027968526338898413,-0.02952338792721157,-0.021565022824594195,0.99933143618915188,29.479488078804636,5.5571481751252794,-4.3252035661178585,,0.1751149343893492,0.1875,0,1
-0.71136710846602158,0.69574296124925472,0.099491551725807162,-0.70243854098924652,-0.69915332451098311,-0.1332843762717095,-0.023171817485684559,-0.16470082178713535,0.98607134943524866,33.722787961826896,2.3722823216875732,-4.506114966786436,,0.4826924767331306,0.4090909090909091,0,1
