axis_00,axis_01,axis_02,axis_10,axis_11,axis_12,axis_20,axis_21,axis_22,location_x,location_y,location_z,dbh,dbh_approximation,score,reconstructed,number_clusters
-0.85489124809734696,0.47720591838867032,-0.20355703225726005,-0.49556026528382763,-0.86723860555870003,0.048137558106126965,-0.15356098918143141,0.14202715403550209,0.97787898541598339,8.7729025623791728,-8.7277128725716953,0.96382760156531433,,0.3662366211068567,0.797752808988764,1,5
-0.14644751072966361,-0.92803449405218952,-0.34249832766070892,0.98303376403722542,-0.17518636939940493,0.054353976298521817,-0.11044340344217071,-0.32872741568958386,0.9379448495568159,3.7091228504974505,-7.8371090412233269,-0.43944612262860772,,0.09281491420183156,0.25,0,5
-0.89675181863276776,0.39502666813476695,-0.19947457793204437,-0.40537871746833121,-0.91406676941011633,0.012248938071641121,-0.17749442583516084,0.091847006061693146,0.97982644191456114,-14.272548336815349,-19.137408681785281,-4.179276189612291,,0.2539547785241466,0.3684210526315789,0,3
-0.97173805128215662,0.10486438744424095,-0.21149141811501823,-0.11310907165339135,-0.99320922050867866,0.027235678920329149,-0.20719917374368388,0.050387543525036049,0.9770003059658926,-24.427898093180431,8.659538791502726,-10.404850133416357,0.2330640993926323,0.1931002281837462,0.76,1,2
-0.97154232158511089,0.11067137124417463,-0.20942150070121307,-0.1177660089766165,-0.99280475490653508,0.021676848587713876,-0.20551565511837186,0.045722710133031967,0.97758516216202762,-20.905927496413444,7.2620465189023049,-9.1178968679537604,0.5497627900018911,0.4280995610519583,0.8320610687022901,1,5
0.97565670466642918,0.18174070910446941,-0.12273674793495358,-0.14937810791423867,0.96049569255786826,0.2348067406480116,0.1605620612579626,-0.21075658763603367,0.96426214550432743,-12.710381553070109,-14.523925340115106,-4.2308024801582826,,0.2306407236533214,0.3333333333333333,0,5
0.6705883668552951,-0.69709678650818674,-0.25370713919460014,0.73669540495910024,0.66595780767346768,0.11738857998500411,0.087127048328837664,-0.26562429978958679,0.96013155807461947,-23.219550693348356,12.441336597849906,-10.503591190115722,,0.1690681416373506,0.8676470588235294,1,5
-0.96762048268431999,-0.10729193144177381,-0.22847109869140012,0.10620708259091118,-0.99419740989734851,0.017075296803531065,-0.22897741612938408,-0.0077428419133430447,0.97340094067234895,-5.5041307812393052,-15.289939778941323,-2.168288589178792,,0.3003296791064825,0.8032786885245902,1,5
0.88197922561208053,0.45128650940491488,-0.13584230569981259,-0.41054414731283495,0.87724317728418422,0.24879290788831857,0.23144361882733092,-0.16366091267457797,0.95898329337201293,5.2349559826351415,-3.2819934402636139,-0.40705027184172765,,0.07063878845514239,0.2608695652173913,0,1
-0.95325177569391306,-0.19575679643346772,-0.23019628317266083,0.1972594183977566,-0.98020904496269534,0.016701797109871231,-0.22890996917954617,-0.029487367183700153,0.97300088447379773,-3.6288625572241577,4.6136266511112352,-3.4705802740488156,,0.09674746380106786,0.366120218579235,0,4
-0.27772516845741763,-0.92695772094258888,-0.25222631581621607,0.95088829451901669,-0.30261004189459129,0.065104638016583491,-0.13667546287470791,-0.22175785471878157,0.965475671220414,-1.6273265578978287,-5.7182929182841367,-1.9038892754187953,0.2560305983650262,0.2895332016225217,0.8539944903581267,1,5
-0.96265257564654627,0.17440420292803988,-0.20708257435647584,-0.17854584421640401,-0.98393069143816458,0.0013326511419788306,-0.20352248061116443,0.038256613115247425,0.97832256001731244,-1.4079629596933954,-2.46308171472322,-2.1328438689318343,,0.07453412260845012,0.3647058823529412,0,5
-0.35616027619211255,0.91689136467898957,-0.18016682003036955,-0.93440973519804638,-0.35056940741646953,0.063083574334206777,-0.0053201907740370548,0.19081749385410865,0.98161111424502645,7.3608442444395195,16.226790335913503,-1.7297715512635579,0.5358904019307483,0.5322595080756333,0.959349593495935,1,5
0.88734033384441147,-0.35355659185188176,-0.29601497984218766,0.42974211486467717,0.86681491382924936,0.25289052942889351,0.16717908554757518,-0.3516100702785307,0.92109799252533608,-13.37364385917458,-8.2452398129055364,-5.058163922267144,0.7583668767609413,0.2391128024057036,0.1176470588235294,1,1
-0.86549335732063037,0.48954829088027635,-0.10613067101486036,-0.47032515843651157,-0.8670933337356912,-0.16414443619201852,-0.17238182553719039,-0.092149994505294638,0.98071039799583037,10.682084322433839,3.4871105094049009,0.39554415520788405,,0.4209919138719667,0.34375,0,3
0.37488485530383736,0.92014465505360887,-0.11311568874429281,-0.91246839685383119,0.38779397109470676,0.13045022317189076,0.16389865773342782,0.054310678129374249,0.98498100501192787,-1.1984274904146923,20.387021034676994,-4.7175800337281792,0.2093923827469761,0.2763795332080243,0.1785714285714286,1,5
0.42735726929922763,-0.78095676148757887,-0.45549127441032405,0.9036213942331317,0.38506223820108548,0.18760450046771907,0.028881486479739333,-0.49176580747181287,0.8702483842790617,-10.357168250105628,5.7780799686095481,-5.5275095386415893,0.561436192792312,0.3915544761542149,0.286624203821656,1,3
0.97466851617029449,0.06149558091534453,-0.21503389759356675,-0.024421179609691385,0.98496998253994372,0.17099046605508056,0.22231709239927419,-0.16140764239386801,0.9615210259812238,-13.696194553870237,-1.7128308290857206,-5.7628352069281474,,0.09170194019540534,0.2135922330097087,0,1
0.78783579467009435,-0.54187607260233228,-0.29272014378517236,0.59775644525675731,0.78722801305704015,0.15152322466298376,0.1483306872853539,-0.29435077271740867,0.94411632218181563,11.830507151037326,-6.27857962960036,1.5348987088976693,,0.1667229087756668,0.3617021276595745,1,5
0.96274613565498801,0.16155291965335219,-0.21684218324132659,-0.14016276604481637,0.9839160532263298,0.11074113607051582,0.23124505896570752,-0.076222400611631033,0.96990508213378623,-0.16883696075310001,-7.9692168221822959,-1.4254459948442422,,0.2654466705568685,0.9069767441860465,1,5
0.055783914953353261,0.9831253651106352,-0.1742201805433477,-0.99717531893710498,0.063648051137685555,0.039878677122702058,0.050294513966825369,0.17150347536552771,0.98389888698096706,1.5386057107370523,6.6932199014206528,-2.2305207261998143,0.3281705449676178,0.2984984468589821,0.7961956521739131,1,5
0.96294315323764046,-0.12069183726317388,-0.2411927943591782,0.18600193507415033,0.94476984628744032,0.26983924417081578,0.19530428510767703,-0.30470217912585584,0.93220857014647396,-7.2925710671449187,-5.4236815579115953,-3.5080001867909876,,0.2555020634576572,0.2098765432098765,0,3
0.89690988071196487,0.40051845157862825,-0.18745035563131715,-0.38438469257820856,0.91568805075864534,0.11731923034775246,0.21863456724133373,-0.033171729573402503,0.97524282225725933,-11.069626138266932,-4.1318703628375939,-4.7931280423078881,,0.09660675572733501,0.2972972972972973,0,3
-0.84305588883248384,-0.48516229207188682,-0.23210842004637175,0.48681881820184914,-0.87182494729299964,0.054117460418173863,-0.22861366221078031,-0.067370703047472738,0.97118328950896993,9.4365872139295135,15.438516659348707,-1.0931618565241177,0.3039890113684909,0.1882805084830855,0.8260869565217391,1,5
0.39349287083019124,0.91607192708785068,-0.077301908174157691,-0.9029733481641562,0.40091388688066171,0.15461949363341163,0.17263398596750057,0.008959894407375716,0.98494529146606968,10.231635656821943,25.350107207358324,-1.8652703300122111,,0.2963149678897241,0.3809523809523809,0,4
-0.2184832095187853,0.97071313984104224,-0.099905391737964463,-0.9757093462894878,-0.21562613979456421,0.038686423983556803,0.016011206129179164,0.10593095854017648,0.9942445741873821,-9.2426370462677205,10.072777651077338,-5.9395290134877641,0.2760283171194839,0.2408815260538381,0.2121212121212121,1,5
-0.76046466599127804,0.64787769332251366,-0.044135997483626233,-0.63474099168195885,-0.75595316120766076,-0.16012086540719586,-0.13710348375361922,-0.093751333618488253,0.98611019779098608,4.702442741884405,20.307457412424,-2.9541973641505508,,0.4241834421645612,0.3448275862068966,0,5
0.95105480148065391,0.22646942105816975,-0.21025309963510649,-0.20443758356002534,0.97131262358647552,0.12147864705244962,0.231732688692662,-0.072549214931199521,0.97007039559205976,-1.0280857950495663,-16.046719235324005,-0.96799305942651392,,0.1738137001065892,0.3333333333333333,1,5
-0.17830127164538478,-0.93809313624286961,-0.29696788422935039,0.97917665241866192,-0.19892984636672137,0.04049690831033953,-0.097065647310581246,-0.28356336850610786,0.9540283413786238,-3.1089217792649206,5.568880093430459,-3.4308253624281044,0.1202340767353576,0.09851298010895682,0.282051282051282,1,5
-0.88180600344681159,0.41769057876277499,-0.2189811697337942,-0.42983241618819723,-0.90286655769623902,0.0087219830062388107,-0.19406768478801151,0.10181630226325689,0.97569010157655034,-5.6780120741409732,4.5074456762577704,-4.0660379298322216,0.2721962616665792,0.2201249026127102,0.2327586206896552,1,5
0.7507812433394041,-0.60042406083159006,-0.27535154225869041,0.64881980044536314,0.74853372582545774,0.1368580573144875,0.12393704530839648,-0.28140399513219305,0.95155210068806173,-39.329290766463977,12.347817654803228,-15.370980133889914,,0.2262686543179605,0.631578947368421,0,2
0.96963319888411836,-0.036879424061470115,-0.24176717664448832,0.092162973934717868,0.97078517213420434,0.22154488439111517,0.22653354245511076,-0.23709925694792541,0.94470444928426212,3.5277295225032868,13.361764527688923,-2.6326470135760576,,0.2066010956545642,0.1875,0,5
0.9694063913919807,-0.09235567226644234,-0.22742400517225686,0.12836938331224912,0.98046657270440241,0.14901879491297368,0.2092189039174282,-0.17365405152053187,0.96232620282006964,-12.017294968677639,13.852573154775561,-7.3930235716099055,,0.1355808229246085,0.2857142857142857,0,2
-0.12418230114326073,-0.9288222075452951,-0.34909606536517868,0.98669167655072787,-0.15280868667325198,0.055579139096510667,-0.10496804994034069,-0.33754823662386446,0.93543727552617939,-16.899191307768845,-18.793525229617753,-4.9530962721848288,,0.1173935416835655,0.2666666666666667,0,1
0.35327135598924653,-0.88076649113076033,-0.31535652385629914,0.93552079104193198,0.33243439851234285,0.11953334352395337,-0.00044560722360808641,-0.33725029101091414,0.94141491524580012,8.5441844603185952,9.7997060894071062,-0.90905115759408817,,0.4528397883655887,0.6949152542372882,0,4
0.13332327152705767,-0.95918423350095949,-0.24938025477671183,0.99003269206992828,0.11737412618682448,0.077836900854596339,-0.045389138591642002,-0.25727207525313478,0.96527245137984352,3.8725543580075783,1.2250730945581674,-1.0891246234118819,0.5161978948882265,0.3618156365122364,0.9783950617283951,1,5
0.48197480189394182,-0.7843670670173073,-0.39047227112557303,0.87497625786380429,0.4542734037008257,0.16748797826924783,0.046009113379297258,-0.4223789517349722,0.90525089484480326,3.2216777585023513,17.312044121200124,-3.119695585602225,,0.2484448234386947,0.2666666666666667,0,4
0.24872203754923894,-0.92005326553247035,-0.30271989795913623,0.96853955407966452,0.23358317584440522,0.085848891347549236,-0.0082752776700655353,-0.31454870615768943,0.9492052629616019,-1.7794102022883029,-9.8788691827449817,-1.6377438234902391,,0.0689479412542148,0.2,0,5
0.76283414832655894,0.64604043079924545,-0.026754885901788903,-0.60547798314871371,0.72823438239720173,0.3210468754196667,0.22689308951367004,-0.22870602542847543,0.94668531195094086,-8.6480982890338982,-14.077811865059392,-3.1145760606973734,,0.3563209034210635,0.125,0,3
0.97039275751986287,0.12583349774723038,-0.20616456290471866,-0.093036455861281953,0.98244041486768874,0.16172522720767657,0.222894849724635,-0.13775616893373827,0.96506016594144606,-3.1025388732715014,11.718209341728517,-4.3351494398632804,,0.1049088070283783,0.4130434782608696,1,5
-0.73073782540368337,-0.62930420368741657,-0.26457220138488513,0.64750218725761555,-0.76170442352995404,0.023394201664210457,-0.21624788558712341,-0.15421605103311489,0.96408208238865833,-38.298297303016966,8.7644600430076558,-14.688108650985347,0.2092022232462867,0.2642930401854637,0.76,1,3
-0.37951794679245382,0.92228169328341014,-0.07322981835784978,-0.92216623598500236,-0.38348122184795952,-0.05051322301384608,-0.074669681073984889,0.048359391272839496,0.99603504356223704,-0.64887435802147519,-10.118539548132912,-1.3614805658673819,,0.1914481829586726,0.1515151515151515,1,5
0.96045329623005271,-0.15904490341708336,-0.22854799158574371,0.19027265293435836,0.97415960363118981,0.12169381331211578,0.20328744010919056,-0.16036765680826512,0.96589669807059519,10.276832578059778,-3.685982336799551,0.87489641818251307,0.2797576904303458,0.2287613451294703,0.671875,1,5
0.16609553050507039,0.97983063090552769,-0.1111044980435846,-0.97684114167176239,0.17889808473812471,0.11737486619562079,0.13488387110269487,0.08903600404503996,0.98685304442963784,3.5491473127654922,9.9637004978834032,-2.2692466791952675,,0.3309853958404398,0.2244897959183673,0,5
0.77170637738553594,0.63264916109173519,-0.064994661876321996,-0.59858787908303868,0.75705754310454343,0.26183282346448111,0.21485301514608313,-0.16315304287213442,0.96292225360316674,-34.468193835303211,10.821224468012954,-13.708573883536271,,0.543712344352221,0.2758620689655172,0,3
0.81678759824516711,0.5476599580496091,-0.18145685355475424,-0.53109108163802266,0.83659412306283509,0.13435972708099725,0.22538917977011677,-0.013373242158337162,0.97417702397291628,1.7155634352824856,-4.9200460838083986,-1.1740930143696304,,0.07873881171840413,0.2403846153846154,0,5
0.27986057309159051,-0.92423771185770576,-0.25973584967978358,0.9599725876850661,0.26618296469119368,0.087173735731840479,-0.011431995542533562,-0.27373578737212895,0.96173698493386239,-12.345696931471997,-7.4251464623063299,-4.8428174334980856,,0.08467409562147205,0.3220338983050847,0,2
-0.80774165013503685,-0.4451918786384414,-0.3864681330090517,0.54559309427879921,-0.81285291023027495,-0.20395666648937183,-0.22334189511243127,-0.37559863887472583,0.89946876564060863,0.33933351561448521,14.786016474418519,-3.6598459526304166,,0.538138232963145,0.4878048780487805,0,2
-0.96981969471385499,0.13680553043706473,-0.20182667461700432,-0.10517761601380414,-0.98151314163704595,-0.1599050402064556,-0.21997142731449815,-0.13385140879202129,0.96627965492895118,6.4092785865406476,-13.709913764848775,0.71910369413672759,0.707714585362052,0.3599186224401073,0.35,1,7
0.51193153537727376,0.85219868547343902,-0.10809025656186183,-0.83969324867505246,0.52297796109081818,0.14631917284766943,0.18122182875085074,0.015857259871509512,0.98331439331150039,4.4232236045912634,2.0126442941982576,-1.0880015780247754,,0.1553948441707833,0.3163265306122449,0,2
0.37875161533952556,-0.89294663469712054,-0.24329718753160018,0.92536841750818,0.36978384309429208,0.083385857702742205,0.015508248002471192,-0.25672206171169321,0.96636084216735052,5.5638582820003286,-11.390586735142229,0.30893801756324007,,0.2206127365750092,0.4210526315789473,1,5
0.96079210031607565,-0.15653046823022035,-0.22885967859335007,0.19041322305841762,0.97248111876564125,0.1342508030844928,0.2015473752117074,-0.17256502009374311,0.96415764757912725,-7.1737411127038735,-9.3650244832187095,-3.197152770611754,0.5186784883192199,0.4441693123551811,0.8961748633879781,1,5
0.93547905499362338,0.31800913519330792,-0.15410751961485006,-0.2754053944558611,0.92933582107601542,0.24594064399683738,0.22142900978157434,-0.18763027900254259,0.95695562699039438,-7.1609240211022964,-23.764019346421644,-1.9248408981481158,,0.2922319862624939,0.4,0,5
0.87945725347664727,-0.36895344629917837,-0.30071297572813749,0.43391775924653858,0.88113279783971898,0.18793714582703369,0.19562800800952596,-0.29576738669959529,0.93501408302074074,-9.9288236775943641,-15.232145169131559,-3.4109404480945322,,0.2106412289224278,0.1428571428571428,0,4
-0.16953226205406513,-0.89572487281138924,-0.41101796110371264,0.97883757216386336,-0.20154060249254385,0.035473833557936693,-0.11461160256791436,-0.39630586391569272,0.91093679406578543,-12.185047800169594,-12.558234528641027,-4.2489966835385324,,0.4265333377076276,0.1428571428571428,0,1
0.92728437975919953,-0.25784283059530366,-0.27140514690255918,0.3327226301962668,0.89992832840666903,0.28182380149032454,0.1715789334675922,-0.3516334432925588,0.92027962660723062,-33.331473955901409,9.5894906838510909,-13.309436358305646,0.3031453368890306,0.2192650475443305,0.2777777777777778,1,5
-0.89293389098374965,0.4049001113938982,-0.19678660047327687,-0.41669644379735832,-0.90880612458413013,0.020868676168086363,-0.17039113844110299,0.10063462481463523,0.98022422548576171,2.8817314907558198,-6.1210782337096141,-0.7483888445477207,0.2337966266672264,0.159655149534329,0.6230769230769231,1,5
0.49391106617472735,-0.82590712233624741,-0.27189940048555206,0.86849911031812554,0.48368741592691789,0.1084240704390142,0.041966106404666068,-0.28969623564727093,0.95619816825019732,-6.1271882092304839,-11.721828141540785,-2.6709051600535627,,0.0830929623345542,0.2,0,3
-0.83811019313077306,0.50533874992626981,-0.20543624800227633,-0.52404778052952306,-0.85044677060821183,0.045980583773415039,-0.15147682295446593,0.14619520575250813,0.97758975747631627,3.8719770774320237,-6.7396545745898573,-0.3967073341326523,,0.08422187637678251,0.3111111111111111,0,5
0.91330129639619329,0.37479208766032296,-0.15941026638283765,-0.34159529192475874,0.91803275495961956,0.20131695744791919,0.22179584877961345,-0.12940924174287299,0.96646771783420848,-3.857841727704487,13.485633897403623,-4.8048512222458113,,0.4897089389394233,0.1764705882352941,0,3
0.062351162673371825,-0.95872513218599098,-0.27741386668339435,0.9960307976461642,0.042082210193960461,0.078433014257622641,-0.063521513313395062,-0.28120314454170792,0.95754363286809585,-12.60642630240107,18.288622062201252,-8.1197332989407212,,0.09338314631040616,0.4666666666666667,0,3
0.32967255597467032,-0.88224665548983772,-0.33609053053325139,0.94388996576928341,0.31543329971544565,0.097844601029825298,0.019691073032917342,-0.34948915907023553,0.93673346760708331,-1.0155228382783299,11.169409405484688,-3.7157898817396751,0.1395762538954122,0.1989913305901527,0.196078431372549,1,4
-0.71472291242207397,0.67066736382304393,-0.19843499076916746,-0.69133668668524084,-0.72042231547200331,0.055183992362207938,-0.10594689283779615,0.17662665278096712,0.97855928866135156,-6.1032486237989287,14.630282571311698,-5.5332388696857606,0.5386718724101863,0.4936606317762718,0.8238993710691824,1,5
-0.38676192258865233,-0.88330600581478591,-0.26492586760650577,0.90862180121525871,-0.41409235383740683,0.054165901171641204,-0.15754884192487592,-0.21976811093724738,0.96274624892710203,-6.8054365108510888,-15.80588347493576,-2.4929452603462945,,0.07642012856644689,0.4545454545454545,1,5
-0.53010230984264528,0.84756675255893743,0.024942755585353926,-0.84520114779540734,-0.52580568802925765,-0.095725640250700086,-0.068018827282008296,-0.07182602865798364,0.99509520184875,-0.17214144530353989,21.161992898164538,-4.4969150887464266,,0.2258226395685966,0.1818181818181818,0,2
-0.20172667781197218,-0.94907900138977574,-0.24198222368581446,0.97210961344958013,-0.22418389344131143,0.068880195705320224,-0.11962126440500978,-0.22133827288221408,0.96783269321699705,-6.7374326500941892,-1.3195039370600996,-3.7385968782830075,0.2301198910795508,0.2159324679964401,0.8091503267973856,1,3
0.25563138284454889,-0.91622839321975336,-0.30850952588685787,0.96677257308563402,0.24287331396007131,0.079770579134389286,0.0018406613938808886,-0.31865041161750085,0.94787052235082803,4.921304313453926,12.560318803158436,-2.1169933186530279,,0.1040646555648072,0.3333333333333333,0,4
-0.21503817147908016,-0.89747394068027175,-0.38509623551361483,0.96793155119215102,-0.24829761420974675,0.038168140962109541,-0.12987338839688986,-0.36453918935770341,0.92208680849947,-28.372944073394102,15.152308464330481,-12.552851423491733,,0.1884372529734465,0.3548387096774194,1,4
-0.20065681778852978,0.96841450993163025,-0.14802087159877386,-0.979030177502348,-0.19280140926380906,0.065783950364889071,0.03516749940927983,0.15811689833717701,0.98679394680223331,15.742134828521493,9.7613169712122545,1.0112862072574087,,0.1969468157982279,0.4545454545454545,1,5
0.76501894654285851,0.64391843868263587,-0.010726404568698899,-0.62796823363006016,0.74955613707548518,0.20933584242555814,0.14283525118820242,-0.15341004431585514,0.97778497090158334,-4.2321673166002141,-1.5285636448467654,-2.9932382649248876,,0.4580892723361788,0.2263374485596708,0,2
0.91189788827416851,-0.33428907085477183,-0.23810304170288427,0.37208893809625221,0.91818928967162228,0.13593472874407445,0.17318216856107183,-0.21255410002955724,0.96168013967904609,0.34464560950613399,3.9037675997711716,-2.3652892834707973,0.5344736709671069,0.5430899158194848,0.7922848664688428,1,3
-0.90974441721624932,0.36581472419689409,-0.1963279982697787,-0.37878573710580293,-0.92493807653207927,0.031794967311693116,-0.16996017389106613,0.10329153954651078,0.98002265134487121,-19.756270916506335,5.9237905249712002,-8.5365728173403674,0.3401715058216682,0.07632582856002532,0.2063492063492063,1,5
0.78765152341508515,-0.56215007433934705,-0.25217527948266744,0.60199539719792783,0.78931867618611229,0.12073760464872185,0.1311740043392883,-0.24690751577072095,0.9601198150447301,11.984740587629567,-4.9173021771950447,1.4318253352986374,,0.1533258863565866,0.5,0,5
-0.73572331189852447,0.64737916268131457,-0.19902619941883731,-0.66755732693015168,-0.74276144025950608,0.05169775745130948,-0.11436093559838086,0.17089664300291035,0.97862961012806005,-13.931560542393495,-9.6556581702371886,-5.0494169323853013,,0.07379568956721051,0.4782608695652174,0,1
0.74228188015200869,0.6407545890323717,-0.19608969129445328,-0.63340092905701562,0.76642727308936942,0.10673564603496231,0.21867984238998123,0.044975456626338992,0.97475962925920534,6.3644940733461981,-4.9999723005967605,0.015804822798442284,,0.1017933771023331,0.2765957446808511,0,5
-0.92307882421228871,0.31870477166978478,-0.21529689455672252,-0.33211359563980375,-0.94281555180741028,0.028273571781588912,-0.19397433820497764,0.097601761177747617,0.97613925867825968,6.4557021922178341,8.1158006181100664,-1.1884009705054495,0.5337785191495458,0.4506264002468611,0.8607142857142858,1,3
-0.6490008053806875,0.76070766380696031,-0.011036523029238379,-0.7565338223814182,-0.6468359718597253,-0.09622786031729251,-0.080340090914679751,-0.054102455892873019,0.99529814330088051,-2.4687387828465917,-11.451680912783617,-1.7192701814269402,,0.2784694196815913,0.4651162790697674,0,4
0.95018677060740564,-0.19827741544920413,-0.24048111669204683,0.23770773598000114,0.9600465633682882,0.14766728960741995,0.20159398110541943,-0.19747572683123168,0.95935561920204804,9.0661784385433588,21.088813710386368,-1.7580586602872688,,0.4919589229392664,0.8918918918918919,0,5
0.33112347010846954,0.93075879673471296,-0.1550655017864184,-0.93009917097140393,0.34963979661616978,0.11255018782973879,0.15897414790346129,0.10695828590226937,0.98147192796086424,-9.1524631197983961,14.207378448847603,-6.5315992356301651,,0.1284408362132872,0.3548387096774194,0,3
-0.78485063444770731,-0.56934830905994882,-0.24464665249622414,0.58509752988252661,-0.81090006372155798,0.010097880061631313,-0.20413319703663388,-0.13521682449662142,0.96955971875932057,-10.718991859654999,12.099193154512312,-6.5880054970861206,,0.1145540832307687,0.7,0,5
0.7131312132050005,-0.65413893563669689,-0.25208356875618293,0.69254494355541674,0.71315539523882177,0.10858583423994243,0.10874453507458957,-0.25201514860390589,0.96159398446826949,7.0561261589938917,-12.182921427388553,0.79359364059210247,,0.1226411637133309,0.2777777777777778,0,5
-0.47373579476527972,-0.81036272511478258,-0.34479943518320005,0.85924075301673608,-0.51114940462650038,0.020775334057675208,-0.19307958233159372,-0.28642370693523084,0.9384464475888542,-10.083481907578964,15.204534217824749,-6.9598362553366453,0.3437441583159103,0.2110285834336735,0.5416666666666666,1,3
-0.94965315222291968,-0.13714646456721521,-0.28169085489199935,0.16321749075093961,-0.98402049241146849,-0.071159828746684639,-0.26743025480681643,-0.11355403018389137,0.95686286428252443,12.140524846766391,6.2464371104495466,0.53452413449456182,,0.2919786202309924,0.4929577464788732,0,2
-0.33436829120943373,-0.90146907873634086,-0.27486605086102589,0.93177967267360506,-0.35996076215788803,0.047062631662300049,-0.141366500366785,-0.24037834717163092,0.9603300280555026,2.7963570808716702,18.456871382788435,-3.3446879825344156,0.2325560701220381,0.3150903145094946,0.8205128205128205,1,5
-0.907915937147455,-0.30290719652429871,-0.2897168986570306,0.3459711598567326,-0.93177340455669699,-0.11001035909499104,-0.23662757155717376,-0.20011384973212518,0.95076907791763132,-16.207254202430683,12.183455161089688,-8.3070865828288767,0.4076975393358672,0.3036582326460067,0.8282828282828283,1,5
0.16878921567215269,0.9813248557772174,0.092259027236377397,-0.97896003778881635,0.15601835390932764,0.13151242396040924,0.11466230891316538,-0.11251577968110477,0.98701203348158562,-16.002274824088438,10.896354107322958,-8.0624244229530753,,0.5831801706843887,0.2,0,2
0.088951497458165191,0.9787137303160871,-0.18495152119060898,-0.99185295838150911,0.1040374180258984,0.073511390956459949,0.091188486388354348,0.17690576514425607,0.97999439294769786,9.5376193961921238,-10.182360122404226,1.2330492962143509,,0.1042048750853435,0.2758620689655172,0,3
0.12136420032555917,0.98222632653719533,-0.14318580354415666,-0.98710641753514627,0.13459591608920096,0.086630594093767888,0.10436307460145051,0.13082577280244537,0.98589703612008894,-42.63622764939101,9.3155858341956321,-16.266628452312521,,0.3946170437047247,0.2105263157894737,0,1
0.63880115100242674,0.74661457068327053,-0.18574114331889408,-0.74241739376756077,0.66153067740053406,0.10579969890965087,0.20186506114074598,0.070312486099025129,0.97688620186243635,11.293588085882771,-14.1243511763799,1.9981950371898194,,0.2672849200379663,0.8095238095238095,1,5
0.86263519491578766,-0.41306196481573632,-0.29195947272723377,0.48085471289715065,0.84877337110322559,0.2199147780179046,0.15696899559212232,-0.33009631583619486,0.9308045749211652,-10.178723470313317,-5.7287200150139874,-4.3652738415201604,,0.1117151900034024,0.3207547169811321,0,3
0.77146620248576003,0.61215572904905746,-0.17350867936393716,-0.5951109261940204,0.79070106019130937,0.14364824724595249,0.22512859424492435,-0.007562856917596541,0.97429970709661418,-21.927923883935108,8.53452581100162,-9.6244202628674529,0.3023118474105513,0.2243704419781102,0.4173913043478261,1,5
-0.58215553657674812,-0.77034059535125976,-0.26013515407746107,0.78746035779116952,-0.61385586639244294,0.055562219205011788,-0.2024873234067775,-0.17250026796921006,0.96397227211684322,5.3802187061314637,-13.185918473749933,0.43662659642328516,,0.3344511664798371,0.3076923076923077,1,5
0.32115522123547813,-0.86742320841297693,-0.38004776197173951,0.94694787466326547,0.29930910664229848,0.11706315112670176,0.012208461979909421,-0.39748086266828753,0.91752924600176022,-10.047304721158657,-13.423306475888205,-3.6139488820929926,,0.2310255160988244,0.3529411764705883,0,2
0.73926573356825664,-0.5562928693831426,-0.37950549224649854,0.66588308081475556,0.68790729930638472,0.28876161491037083,0.10042857091702864,-0.46617785343628859,0.87897230394882053,8.730119892554475,-4.5293069740007192,0.62477986724675527,,0.7189153017284444,0.4032258064516129,0,2
-0.62524978366888984,-0.6776909039083302,-0.38703713876308615,0.75409354606984014,-0.65235981369380436,-0.075957864985780665,-0.20101152155490942,-0.33935484708089053,0.91893016925383675,14.103502492370223,10.202764203023619,0.5789148505561631,,0.3109007514654073,0.1333333333333333,0,5
0.77200404671365763,0.62206655769418551,-0.13054864861898868,-0.59683001705745786,0.7800891404563054,0.18776278566674978,0.2186405328317052,-0.067038278174860924,0.97349996746914114,16.165655661218704,-8.714345815420927,2.7372222335782728,0.4701860748168387,0.1671230223398011,0.391304347826087,1,8
-0.12277958346120348,0.97446876635998592,-0.18797818297329671,-0.99112752913676605,-0.11068267626718203,0.07359053037982885,0.050905744983682319,0.19534576668866671,0.97941239351178055,7.4998141308091375,-6.8651516217814397,0.4983237224367898,,0.07182844473951837,0.28,0,5
-0.94188477596914433,-0.24546040301528627,-0.22935182438587065,0.24301920752937117,-0.96922558884637511,0.039286418737176254,-0.23193691721964055,-0.018733618896774568,0.97255041923474539,-41.182890842814018,13.922053402617975,-16.122468655363743,,0.1712700709437564,0.1875,0,1
0.92661954959355686,-0.28705712250087217,-0.2428464921149876,0.32455870410360488,0.93673017881616505,0.1311419829254743,0.18983639772610547,-0.20033666792815541,0.9611593840679189,13.276853897024965,-8.733200292514514,2.0315238497998096,,0.1593787642514705,0.2666666666666667,1,5
-0.92156166179025112,-0.30224973448141179,-0.24365796010864485,0.31271164752194336,-0.9498374764249069,-0.0044937604381110339,-0.23007722404119374,-0.080335959474443233,0.9698508156375486,0.22422583849902375,-11.042222838338892,-1.0483442371939504,,0.1534363087762958,0.5333333333333333,0,5
0.97434831083311557,0.057122277714014687,-0.21767502053615181,-0.018327451893746398,0.98417813237056151,0.17623140546075411,0.22429773445965415,-0.16772134375908537,0.95997920663101344,-0.98698515889249239,-13.292071225856322,-1.1793961630425873,,0.2299209322532967,0.5576923076923077,1,5
0.28188677493243458,0.95338049606415964,-0.10772871410467404,-0.9498931508819457,0.29312133258074941,0.10854900411175337,0.13506608762290659,0.071732238990159389,0.98823663050086263,8.6750008478673593,11.669061627542685,-1.0182688888027769,0.6192220595756769,0.2046058422291478,0.1904761904761905,1,6
-0.88418333826538875,0.44189406834823541,-0.15149078088292572,-0.43865676087689082,-0.89690749240194123,-0.056010679430411089,-0.16062400340816999,0.016928745727521594,0.98687048141953526,-16.635782140032443,-13.461617697685842,-5.4527042788582358,,0.376261811592385,0.6470588235294118,0,2
-0.69421352812368897,-0.65070935043611366,-0.30764414284213459,0.68222447458047053,-0.73110997904279218,0.0069256644048998027,-0.22942829741220161,-0.2050744737871083,0.95147628270360973,15.508258407375118,2.2668863679122691,1.6982124520652195,,0.2658516247919845,0.2727272727272727,1,4
-0.97004727611011587,0.10659543465017242,-0.21827893948589019,-0.1167008056597455,-0.99258834994018819,0.033901172861427881,-0.21304742211467939,0.058359068487724527,0.97529739826144013,-2.2240923006840942,4.36333641772777,-3.0848532323809414,,0.1064230930505422,0.4377510040160643,0,5
0.72321514034791623,-0.64364107444260321,-0.25037177968356389,0.68173723347446991,0.72331123223843563,0.10979620126530414,0.11042737552853209,-0.25009403952930731,0.96190371977958034,-14.816558477741074,-2.8265863640233699,-6.0671451139274888,,0.09019025940636291,0.2926829268292683,0,1
0.93423875241215359,-0.25001301975904439,-0.25434512663376535,0.30627923607486612,0.92780739149200042,0.2129940699695787,0.1827319978569128,-0.27688794528432087,0.94336741660683188,-34.845250815741494,13.222253322686397,-14.073207249068803,,0.4191682238561156,0.5882352941176471,0,3
0.86939782433866619,0.48026966300156954,-0.11613988908016194,-0.44349903089917453,0.86210766495153235,0.24511014590038668,0.21784405575247259,-0.16159029931333979,0.96251365836601965,-8.4161782641163772,20.103764815371086,-7.0570629918912546,,0.4344375777670599,0.1666666666666667,0,2
-0.16482285678360062,-0.92785299241804209,-0.33454782967847491,0.97992948177861361,-0.19260499672104928,0.051395777834198811,-0.11212330989937098,-0.31936208243773989,0.94097620781730729,-9.2456255596187997,-7.5769344762534221,-3.9285587266407127,,0.6169128652199528,0.7352941176470589,0,2
-0.5904731552366852,-0.76934310706508258,-0.24382911343044641,0.78178145642910146,-0.62027018104956622,0.063895671874786952,-0.20039762306081785,-0.15289240043959759,0.96771106563859821,5.5916544927817116,-6.5207635836066986,-0.076930921842150723,0.1854084177873758,0.1513421337436301,0.3333333333333333,1,5
-0.79572413717434309,-0.55072166397943245,-0.25204909510226653,0.56303767841447472,-0.82598244567664669,0.027231821820490002,-0.22318528222932749,-0.12024411943105449,0.96733121604673999,-7.8687160423714664,-13.146284964274336,-3.0722480181439229,0.2055344730456924,0.1440755060040831,0.5,1,5
0.85723629016254288,-0.42000455895145872,-0.29789614513845281,0.49084777194086354,0.84135526645868808,0.2262515864760262,0.15560979278004777,-0.34017272974508039,0.9273985692940927,-2.6017526926760217,-8.7537993094105744,-1.9970406057839629,,0.151419954486165,0.2142857142857143,0,1
0.69435729442699479,0.71920443518952692,0.024757384347623687,-0.68811154539839203,0.65348224623910456,0.31537827277688224,0.21064294140905632,-0.23602104620988007,0.94864303981030362,-15.497624489640181,-6.3870065112247261,-5.8925789267776398,,0.4291380347074785,0.3076923076923077,0,1
-0.6258707513759133,0.77936309065762999,-0.029647520853149825,-0.77439150489261033,-0.62550053949982498,-0.095220125160533992,-0.092755591326397629,-0.03663670299052614,0.99501464927491179,12.51270728538573,-6.9314925000515508,1.7219906332296004,,0.3117531742712101,0.5,0,3
-0.15652609025276731,-0.95242812981986014,-0.26149615790298975,0.98130320698437612,-0.17998945455685891,0.068174864946708033,-0.11199820995158809,-0.24593587330067812,0.96279382382287415,-6.4215478700447237,-2.413349891540487,-3.5628962498256067,0.2021088469958403,0.1630059921456135,0.6470588235294118,1,2
0.67440056101686086,0.72747792398291,-0.12633191765210544,-0.70044360604512745,0.68445737329062251,0.20222971813904839,0.23358646803837133,-0.047895451408419137,0.97115569693213577,-11.578267152936405,-11.210443646460639,-4.1601738200402307,0.2541212039473237,0.1830711060360157,0.5789473684210527,1,3
0.32228977253404356,0.94646376246486386,0.018320722169404023,-0.934684002601605,0.31509300713077776,0.16456674067966093,0.14998372511908639,-0.070162263348167428,0.98619579141327973,-4.1821075507212937,8.0093738089569282,-4.1988085828196757,,0.4624925455303369,0.2320441988950276,0,4
0.41129155125747457,0.89303471495376463,-0.1825602852530307,-0.896803433762007,0.43228441858801375,0.09420075710256097,0.16304251303538267,0.12497671516514856,0.97867152794471124,2.7394147511219331,-4.1080095072585383,-0.96370178863493283,0.2403069522954499,0.1673401513821343,0.752851711026616,1,5
0.13172484557179526,0.99118748868203732,-0.013997404733843562,-0.98142971776172094,0.1323883727238544,0.13881292397208064,0.1394427271435679,-0.0045476419962590725,0.99021969521871189,0.23588523692461108,5.934414089638592,-2.5392161919144169,,0.1473410814780483,0.1780821917808219,1,5
0.71415616917484581,-0.65709844018666297,-0.24125216254733253,0.69122028202675379,0.71637846272828598,0.094954830598098394,0.11043318226133333,-0.23457096590011567,0.96580586776656252,-12.024664727799053,-18.322201411512392,-3.6690318257403898,,0.2298893185642801,0.7,1,4
-0.48783221910768926,-0.79638812886270283,-0.35747122150885363,0.85047650950908416,-0.525898173707811,0.010991708876907424,-0.19674712901009014,-0.29865876698559085,0.93385946915418405,12.321238920923877,4.0561594735091342,0.73110405074283702,,0.4224540823754814,0.6941176470588235,0,6
0.93905219111155069,0.29687885770126465,-0.17333183844460781,-0.27322198726122665,0.95052610229414058,0.14781703059706847,0.20864018799268122,-0.091449837110302634,0.97370745054501739,17.003031535155589,12.993900786272491,1.0688406723587829,,0.2390711473355978,0.125,1,5
0.9539759264508566,-0.1831334817734028,-0.23747012360669859,0.22159564575972429,0.96403205319680596,0.14675684034988373,0.20205271968612726,-0.19262483812504866,0.96024495323054848,-5.9979478291077841,-19.616333624674805,-1.9825363774327123,,0.1920199519599994,0.5833333333333334,0,5
0.95574376025859764,-0.16376805081900722,-0.24440517641346793,0.20619859608427582,0.9654346211235536,0.15943064733260384,0.20984757253689867,-0.20277085063431211,0.95647685723879772,14.378172135464654,-5.0561388758209107,2.0181982202620072,,0.3148040320928241,0.4210526315789473,1,5
0.96790967832667651,0.1331603981543994,-0.21311772090774558,-0.10728596004123418,0.98585937920889988,0.12872842422663786,0.2272456322563331,-0.10173294839531768,0.96850907576089107,-7.5089520969284935,13.261098326363703,-5.9232448731262028,,0.07900412247803529,0.4137931034482759,0,1
-0.71333775305722325,-0.62372941073563748,-0.31954791854531922,0.66792857439467346,-0.74312075333869354,-0.040533510388700754,-0.21218074740741788,-0.24234926890895772,0.94670278455749912,2.0192999068609554,-17.280892910441825,-0.068525958636582646,,0.1641178120749907,0.2307692307692308,0,4
0.26183313973451749,-0.92682885982049013,-0.26913132768337261,0.96498082427347198,0.24679445136853145,0.088907297553100062,-0.015981730859158341,-0.28298544728935399,0.95899104318089934,-9.3334005549723766,18.130421120073542,-7.0930931482446136,,0.5078646072082038,0.3846153846153846,0,1
-0.24525579733522526,0.96943870871636362,-0.0061793135388039776,-0.96761149338890817,-0.24439033172371341,0.063256332660521067,0.059812972966975207,0.021493157104558704,0.99797818235797564,-8.1212023147594614,-18.619083695088172,-2.6066517379115179,,0.3106192444798972,0.1176470588235294,0,3
-0.58220829210209779,-0.68843237376311839,-0.43254406869408857,0.79010518668599117,-0.60454173598085736,-0.10130687750170714,-0.19174800801951786,-0.40073701627392644,0.89590320080264108,-7.3085364056554543,7.0363186387161649,-4.8897847923886086,,0.4666105006694694,0.24,0,2
0.93640608265683034,0.284140173255374,-0.20593205264284378,-0.26314060706585074,0.95680312081509322,0.12363174718296699,0.23216517670896383,-0.061580434724867114,0.97072507991850676,-0.40542581633918057,-5.9715449798040874,-1.6184930446996506,,0.09100635676668621,0.256198347107438,0,4
0.24607392308930415,-0.81247381749150516,-0.52852050127333738,0.96904752593562582,0.19505358080874097,0.15133074073607936,-0.019862448325464493,-0.54940003322212172,0.83532334256983976,-3.7283020858280471,-8.0174606998093125,-2.3044453222513837,,0.09501528409287943,0.4333333333333333,0,1
0.95563517837812617,0.24939840385480602,-0.15672218094731477,-0.18927739089113396,0.92762064892918639,0.32201552909392461,0.22568889016443106,-0.27806540208172326,0.933672403480727,-35.399747000229617,6.8258146836558904,-13.675509864216581,,0.2678727316686819,0.2666666666666667,0,2
-0.59827561363752313,0.80086698611572571,0.026045358061647799,-0.79794740870846326,-0.59249877752985358,-0.1105673168756391,-0.073117871017241751,-0.086932555326203462,0.99352730599735539,-12.267136063483164,12.576976683439932,-7.1759373627710756,,0.5112317969439993,0.2,0,1
-0.94542452509320152,0.29560783027621035,-0.13707106927315207,-0.28516633593985119,-0.95416164763528599,-0.090860943361576935,-0.15764716362476661,-0.046814109639156956,0.98638522441273346,14.014338648164832,0.81583875799455319,1.4205987378605041,,0.5017103630734594,0.1929824561403509,0,2
0.03449626515966861,-0.95964500452241097,-0.27909043872052186,0.99775772408955088,0.017043145435231416,0.064722911038598591,-0.057354439319643166,-0.28069733965403565,0.95808114051027737,10.64361865877882,-17.644541236047701,2.1632503333709008,,0.2211845984872175,0.3,1,4
0.96473194612392976,0.14163608749840773,-0.22188170462225712,-0.065956705645240227,0.94608078743279123,0.31714485118156421,0.25483717371757647,-0.29132518320374018,0.92205620898237273,-8.8611454906666687,8.2624722517693012,-5.4657367726051183,0.6867523767447556,0.480268063810632,0.5975609756097561,1,2
0.95894268273365335,0.20104461876928775,-0.20002497967877708,-0.16844415400404547,0.97118585868249085,0.1685959515439604,0.22815674045148177,-0.12798081558993044,0.96517636348363334,8.2809667060924479,-5.9483849922598315,0.57738713294782418,,0.09275564359982615,0.5,0,4
0.29100971255550695,-0.84948935685477023,-0.44009224009158504,0.95665823065889444,0.25314488871771273,0.1439537947700204,-0.010880115392474977,-0.46290981617002336,0.88633860639288475,10.95061534914109,21.613188878458178,-1.3437506051795443,,0.3275275944624083,0.2380952380952381,0,4
