axis_00,axis_01,axis_02,axis_10,axis_11,axis_12,axis_20,axis_21,axis_22,location_x,location_y,location_z,dbh,dbh_approximation,score,reconstructed,number_clusters
-0.85016999487505007,0.49341615081494372,-0.18371576396467454,-0.47178227935631734,-0.86882483760789797,-0.15021611911166255,-0.23373587807505469,-0.041035395338370577,0.97143380403911628,4.9488031527959357,3.5040369335606609,-0.42507172432313767,,0.09617969052743243,0.1785714285714286,0,4
-0.90574364424174347,-0.28340910140124065,-0.31513129352482178,0.33056081072452198,-0.93772712927008639,-0.10675851930421948,-0.26525082719726428,-0.20086590620068864,0.94302432969533878,9.6240490394013616,-2.0405282870582946,1.1325505294371532,,0.1688452323608285,0.375,0,4
0.91241413238313629,0.35528476134192499,-0.20315804041617649,-0.30554929387078383,0.92158673011456083,0.23941079318154723,0.27228676068181273,-0.15636699535056489,0.94942576472436335,6.5810607481423204,-13.045225161110681,1.0520830938841585,,0.5218317026160855,0.4375,0,1
-0.86981596190951238,0.43117286526532994,-0.23981274500392097,-0.42340088556406213,-0.90186853745799478,-0.085818594995172567,-0.25328221909758669,0.026890544848759898,0.96701862240948522,-16.940154285939265,11.939079134954586,-6.9104739064404512,,0.3725250864647439,0.4891304347826087,0,3
0.5063979007766084,-0.78340846735705261,-0.36032254906169631,0.85391516042968052,0.51372497097032011,0.083159803931326076,0.11995859651311852,-0.34979683742826773,0.92911361396106162,-7.7554652186388324,-4.7727696925906438,-3.3717881544768864,,0.1028957909062381,0.3333333333333333,0,1
0.027750176111852286,0.99401857582456332,-0.10562669473891917,-0.99896506653793649,0.031386366988692918,0.032919474541794967,0.036037807405806373,0.10460385692200232,0.99386080994997672,-15.776757116357658,10.019875575252062,-6.5047652017910149,,0.2170578374240561,0.2424242424242424,0,4
0.10246558686399511,0.98604618115368892,-0.13120111333690695,-0.99271564219691744,0.10976722690599997,0.049666987375204953,0.063375525608701466,0.12515624047403121,0.99011083128315858,-22.743015291163118,8.5675189565710621,-8.3087511210318894,,0.1907913231079718,0.4117647058823529,0,2
-0.31207407730972103,0.94916070352085458,0.041276254227870714,-0.94809219914077847,-0.30834111736255709,-0.077762055477032882,-0.061081520934645542,-0.063401216355897988,0.99611712843666322,-16.916406592714321,21.257675784526999,-7.539681243112847,,0.3527805547188968,0.2941176470588235,0,1
0.83545360005127123,0.49262488437285429,-0.24359393559365128,-0.48652378685726239,0.86912114420021158,0.08901146850931782,0.25556190440564736,0.044149292188527332,0.9657841130479482,-3.135477852243763,-4.9705402202807587,-2.1119405258145219,,0.1253099766696779,0.5056179775280899,0,5
0.94265651086455238,-0.16002661866023302,-0.29289961393767661,0.2324489453825781,0.94451768296376271,0.2320642892805595,0.23951240117203695,-0.28684111959225167,0.92755376221320329,6.2033588772092108,-1.7349697495921976,0.2042278695041502,0.2772608572194359,0.2118255177913558,0.2222222222222222,1,6
-0.89993087654798043,0.36090109833629386,-0.24469330733643152,-0.35830729702609537,-0.93188246636683392,-0.056665243102988219,-0.24847595121749302,0.036680595656615828,0.96794330183582467,0.27312092957832129,15.431121066659999,-2.5510559588710264,,0.238819823397783,0.5294117647058824,0,1
-0.61788179214598593,-0.72651279714697459,-0.30066800048582426,0.75930634240248085,-0.6506275580742108,0.011732819855262923,-0.20414693071861612,-0.2210496239672626,0.95365669631272465,5.0219575782000598,-6.2983511948954494,0.21085929154231317,,0.1134814322638978,0.2093023255813954,0,5
-0.91652067915472879,0.29276693465736803,-0.27253874339822121,-0.3068596267047618,-0.95170641718099269,0.0095950505538527735,-0.25656775748399729,0.092425199311904224,0.96209696411109502,-9.1751370540935806,0.84323062485395217,-4.2117891314210079,,0.3301873909276971,0.8229007633587786,1,3
0.29618089669563474,-0.85290878115062474,-0.42991102273461812,0.9534689426826225,0.29057045420342986,0.080410114312157333,0.056336948552894534,-0.43372274805475441,0.89928345144764021,-9.4891204954817905,15.479337348733187,-5.2884014230272136,,0.8370058271004424,0.5543478260869565,0,1
0.94351681554707301,0.23366241885840069,-0.23489975051743175,-0.18386470282994624,0.9590450342858301,0.21546784740407529,0.27562617769937248,-0.16010776441175981,0.94783738792152605,-9.993591744521968,-8.7199122739948915,-3.8209560703086085,,0.1071874648591765,0.1428571428571428,0,5
-0.65988586379326852,0.7154826239776767,-0.22942375978052051,-0.7337684164037318,-0.67935126370568832,-0.008109968547639174,-0.16166186270784819,0.16299225529914765,0.97329284742996314,-11.792347832998617,6.55289253689714,-5.2507302094233959,,0.06414139913912915,0.1620553359683795,0,5
0.93271792456135039,-0.089880535199125866,-0.34922594776775367,0.1833250755616995,0.95214263920066178,0.24457373384379485,0.31053049749141259,-0.29214017869563402,0.90455786222851342,4.2125303116437127,6.0159798375469444,-0.8469041501091612,,0.1951188102523529,0.2272727272727273,0,2
0.7087131639778308,0.65982408278460092,-0.24971550008358501,-0.66626717484220688,0.74236141135474787,0.070622847996757943,0.23197780698230369,0.11632589870209119,0.96574043218601646,6.9384183317083012,-4.0093202411847484,0.56007761471543682,0.7455126718158174,0.3442297093361372,0.460431654676259,1,5
-0.96513536177020998,0.069554309111359791,-0.25234090343170096,-0.038630298902887529,-0.99134133293314775,-0.12549924949975969,-0.25888498115448721,-0.11137575904284908,0.95946547974915142,11.16252158506594,6.8955890076604698,0.90181319631416923,0.7311691221150918,0.3387835156137619,0.3,1,5
-0.96279467540164176,0.0059897347713073184,-0.27016760741364909,0.0507955909141194,-0.97792236336401051,-0.20270091064480319,-0.26541706983902091,-0.20888268073231067,0.94123419228593175,-13.664114062055353,7.8144423981739903,-5.8469182937372848,,0.3630871868897613,0.5982905982905983,0,5
-0.80684521142117893,0.55461414467325953,-0.20347961896726774,-0.5543962049943737,-0.82982659030687034,-0.063503369261105086,-0.20407266523116668,0.061570939151720898,0.97701758774211711,-15.751009226785966,14.381481976759876,-6.7812267911563495,,0.1522104611582788,0.3333333333333333,0,3
-0.73502372430388452,0.64121260191600826,-0.22042351021284301,-0.65300623099868094,-0.75695690416398609,-0.024476672882003989,-0.18254584900058909,0.12594699036728929,0.97509710728218102,-17.255027779118972,15.326096438532725,-7.2610906389912158,,0.6491487300616507,0.5263157894736842,0,2
-0.29039415502538307,-0.91188123229589368,-0.29007559861804544,0.95008611071014415,-0.31088770449726483,0.026176658077265831,-0.11405094020991947,-0.2679952487991995,0.95664566567684262,-14.753580062864041,-3.9721674808280749,-5.3913668055170731,,0.1022885722628907,0.4791666666666667,0,3
0.76619332019006647,-0.47656722075112418,-0.4310817558209481,0.60994735733802119,0.75048583978609751,0.25443118039446311,0.20226719302073257,-0.45788064862593292,0.86569815423241381,-26.101093938135762,10.542237395937256,-9.2668955604762733,,0.2772654636133283,0.2727272727272727,0,1
0.78761204362704507,-0.51464973561733596,-0.3388257935320666,0.5795106225244222,0.80554855473445464,0.12352718059838658,0.20936739744999658,-0.29364464169168186,0.93270473210484861,-17.072472529483122,0.065278754118945251,-6.2739889049370818,,0.1820705276465075,0.1351351351351351,0,1
-0.46865891642946522,0.87250798482821545,-0.13816163165715228,-0.87670463635827478,-0.47858377344389119,-0.048441226079778736,-0.10838727157312056,0.09842453051558582,0.98922434824145,4.0216273252208543,3.0004741831594033,-0.65414967974697169,,0.5769580412799509,0.2413793103448276,0,1
-0.87417556440730648,0.40466735951864108,-0.2684425650551322,-0.42102301295027805,-0.90704234302595799,0.0037162513707668502,-0.24198492754598946,0.11626915368313234,0.96328852310321367,1.81386233233816,4.4420678491648182,-1.2544129021298818,0.1369290600083454,0.09955872986499707,0.3220338983050847,1,2
0.43999211201449767,-0.83916925433707368,-0.31969032506533973,0.8922162945988692,0.4488624822481565,0.049724799469560724,0.10176946996661654,-0.30711143678701469,0.94621643421435564,-0.97923884639389547,-8.7360559890330869,-1.313732234170784,,0.2661430471168842,0.5,1,5
0.8945398534093687,0.35138566434372459,-0.27627262903889788,-0.33023944829218294,0.93607159992930089,0.1212924836808663,0.30123140183921698,-0.017264839979503808,0.95339475971208376,-5.5332937501912758,-3.6256867986139971,-2.8712034010891045,,0.07044186802873702,0.2173913043478261,0,5
0.59332327898020809,-0.71774794586447976,-0.36442471489663764,0.80126454259212043,0.56996174439143099,0.18198555633598723,0.077088386964677985,-0.3999768695032232,0.91327755061513838,-1.1899174221015034,11.582389516652022,-2.7321669324685298,,0.2396671223011212,0.15,0,3
-0.53889659173480808,-0.71319588544136636,-0.44826564937112218,0.82364152259802093,-0.55770676162103328,-0.10284848221823481,-0.17664966931478351,-0.42463489850892611,0.8879640180206021,0.0076820994977791169,-1.8521171748104237,-1.4377791844959746,,0.3116881634824598,0.3079584775086505,0,5
0.40828150973767874,0.88347476846612771,-0.22973580976862362,-0.9008595220250103,0.43061416608031,0.05498692160714673,0.14750705197783956,0.18450954841059758,0.97169845948325206,-4.4660706188939914,-11.516266878273463,-2.142708918732116,,0.1038539048037916,0.5,0,5
0.9455022242287402,-0.13748492496592163,-0.29516679926038875,0.18791420567946754,0.97069390323446425,0.14980519859904062,0.26592065599039588,-0.19710718310238759,0.94362861502133444,-5.3642502974290514,-11.17665795762696,-2.4132389958725242,0.1277791839347952,0.1152518140368162,0.28,1,5
-0.8933783257787562,-0.32157354269043892,-0.31379232570326776,0.35606262741426664,-0.93266466998042019,-0.05793115508223004,-0.27403388912248511,-0.16348415829013108,0.94772272189737583,-20.835680369682425,-8.8323052198077594,-6.8177899661470498,,0.2134231356991642,0.4137931034482759,0,2
-0.78500699957300923,-0.4400428721084354,-0.43603472491069095,0.56957997233210877,-0.7894784893818213,-0.22869711393358766,-0.24360350108226428,-0.42788548177048197,0.87038574709751915,-10.8835259746799,20.575762255808012,-6.0452721194915258,,0.5518856722083343,0.3888888888888889,0,1
0.83530491444373101,-0.39024461729641019,-0.38726585000143071,0.50072980506626807,0.83085608175368442,0.2427917497181751,0.22701401327770362,-0.39672069530602277,0.88942527943130623,-20.62187335880251,12.048213120472598,-7.9293791190901777,,0.3191404455739104,0.1818181818181818,0,2
-0.88095606223184475,-0.26692099360276839,-0.39072957347898962,0.39146877557164977,-0.87497850979283709,-0.28489437543261392,-0.26583569017232378,-0.40393785484256922,0.87530885706462924,-0.75648838030392107,3.3236259398760852,-1.869081755494483,,0.5888525280547662,0.3551020408163265,0,1
0.87019096057231182,-0.41225912749729193,-0.26983347444935302,0.46085879786146877,0.87474395148767203,0.14977378865948296,0.17428958824875257,-0.25468692767966206,0.9511875253056965,4.5567383218992985,7.3876951657454475,-0.85075305482901664,0.4724411023672336,0.3088666652114216,0.4523809523809524,1,2
-0.91076967461785607,0.31811645757185658,-0.26324991779375551,-0.33163755095428904,-0.94337805325123991,0.0073745129292034847,-0.24599824103746587,0.094020040767034782,0.96469948550864204,7.8601762642835737,-3.5180910651425079,0.77772951471818597,,0.074022224920845,0.3902439024390244,0,5
0.19460313241597932,-0.90435688941270942,-0.37982658862388374,0.98054944351109241,0.1894435135519367,0.051321964139964961,0.025542311641185238,-0.3824261650892436,0.92363294580215061,6.7630367487345833,-8.5231094925096169,0.85480288129254456,,0.1055150237158045,0.4,1,5
0.81145659811356952,-0.46678311117349575,-0.35164146015671388,0.54234755659956857,0.82562620573759282,0.15556508686021031,0.2177092492946304,-0.31694620288392644,0.92311851202813056,3.9178513353542237,-4.2917433843629054,-0.18388105740394814,,0.1111861205230581,0.3611111111111111,0,5
0.33216059702790168,-0.89197559180504526,-0.30667390075796636,0.94088103597814587,0.33623063778395007,0.04113191403385983,0.066424497881116457,-0.30220605857500177,0.95092548827013967,-26.756227631513127,9.7251201233762963,-9.4068874305128549,,0.2482833605079292,0.6571428571428571,1,2
0.91917858126655805,0.31111834065542388,-0.24148729541864958,-0.28332966395179926,0.94826429018348912,0.14324502604895026,0.27355993358998859,-0.063247245557570331,0.95977327982374139,-15.023937825966058,-16.512461877723663,-4.8651473557611871,,0.149440632786994,0.3888888888888889,0,1
-0.57460195178897899,0.81843001195413012,0.0022164234835884821,-0.80618346761298532,-0.56553297733414964,-0.17389844189950435,-0.14107024331090887,-0.1017092280982158,0.98476109761295205,-1.5893287298697876,18.860096183753473,-3.1913955013381039,,0.7621251965525726,0.38,0,1
0.81830851461719334,-0.41677408843609987,-0.3958162883374825,0.53113882388419609,0.81151385909801621,0.24359147410112325,0.21968778907330205,-0.40956637520688088,0.88543359978712166,-12.925955360010114,2.9252839243157127,-5.3061751169421498,,0.07413418215834146,0.4235294117647059,0,1
-0.6145274377250195,0.78178597610540823,-0.10567268260074265,-0.77099885685076452,-0.6235438700403968,-0.12943648971545765,-0.16708318592227422,0.0019312431125653355,0.9859409106442959,-8.027934856713804,14.561351956929428,-4.8582673042234443,,0.539173267225771,0.4137931034482759,0,2
-0.73820504166169609,0.62528220784613131,-0.25313134340954618,-0.64632429484123155,-0.76306284433799765,-3.8584841539583036e-05,-0.19317924930809396,0.16357645350683236,0.96743192085794272,1.9890612973213773,0.99554128817368115,-1.0369549797958211,,0.07434073363028613,0.375,0,4
0.082002553442538914,0.97723609624529906,-0.19566602521683013,-0.99505848779352124,0.091307985818844223,0.039005866171353543,0.055983811043688027,0.19150055853953893,0.97989456013393095,9.5017684848570454,-0.86563375059437342,0.98208588724323864,0.1193056852656283,0.1512244207841343,0.2916666666666667,1,5
0.8013777518488916,0.53203113955252734,-0.27337989206972801,-0.53305862899290812,0.84255572896336672,0.077125492849063379,0.27137095809577372,0.08392085639129819,0.95880920571547135,-7.8749421820611296,10.706778682280733,-4.4453741607528059,0.2794299861451066,0.2285265502411803,0.6264591439688716,1,6
-0.29783842713353348,-0.81242488815622393,-0.50125649365067604,0.94851216296242857,-0.31113966284767725,-0.059302503449425163,-0.10778194670239699,-0.49311044534402332,0.86326423571097877,9.1751698336729355,-9.5402948619309278,1.5370342407155113,0.9274976747908332,0.3719407893695197,0.3076923076923077,1,4
-0.94185579622632165,-0.11403790442176964,-0.31607438281197897,0.18007175296274869,-0.96547180991285952,-0.18825075842745037,-0.28369318444369618,-0.2342211361484671,0.92987022561297028,-3.6011945930904301,-1.7003047980259611,-2.4230389527832692,,0.2010860513970614,0.3230769230769231,0,4
0.67835562126552551,-0.64354056870565046,-0.354526709187716,0.71411276346314578,0.69099969785922621,0.11208201736892232,0.1728485237324647,-0.32920351454452362,0.92830406325462189,-9.9822592954500173,9.4859921829196665,-4.8586220802767501,0.4454742298256734,0.2436147761496802,0.2352941176470588,1,5
-0.90013109911527955,-0.25324851206333715,-0.3544420905355693,0.34441355096910331,-0.91192594708852037,-0.2230927451432653,-0.26672703334002695,-0.32288737690472008,0.90807512438190752,-8.3558348107778055,9.3670265583953789,-4.4497827832769783,0.6181821695149089,0.4822020349858969,0.3806818181818182,1,2
0.9602495528189775,0.051212085849653109,-0.27440502650987036,-0.035743700352887257,0.99749263455058756,0.061080536199445395,0.27684505449084312,-0.04884430652856589,0.95967236571848114,-2.8156099455117545,-9.0102803142384893,-1.8512507374774119,,0.1175248930866303,0.4117647058823529,1,5
0.54250124903332408,-0.77337026254330365,-0.32801041418068588,0.83093673378548616,0.55138970966898149,0.074253165030621196,0.12343637730908795,-0.31283833698071312,0.94175136616410071,11.157261051786268,-8.6310037592205973,2.0683135225869327,0.2051707242293881,0.1382840056449678,0.1875,1,4
0.73981196174291342,-0.59723161122020574,-0.30982682876313478,0.64516228859707037,0.76037389009081346,0.074814227526290356,0.19090280939340354,-0.255237046346102,0.94784501240351782,1.4901099527046267,-6.3391786755455266,-0.75882169608598482,0.1532259803738342,0.1658361898000264,0.6865671641791045,1,5
0.3819662710875486,-0.8436672211288565,-0.37726302196768241,0.92015975932664784,0.3851931734495655,0.070229882840426333,0.086068490560716984,-0.37396769796409934,0.92343942725661932,9.815668142497735,-5.1586010265317173,1.5342537446501159,,0.09098865535925732,0.4210526315789473,0,5
0.057841743655749289,0.99761062466917649,0.03778060663938012,-0.99721717649468433,0.055953171464204317,0.049266068516458005,0.047034408626383251,-0.040525105185234292,0.99807087937425221,-18.738919494629084,12.659929160976619,-7.4653854659948538,,0.685398359051248,0.4042553191489361,0,1
-0.82536259787678812,0.52370963570941154,-0.2109616066757031,-0.52118796871137818,-0.85039803206415387,-0.072015889440601957,-0.21711675038233699,0.050511429662295652,0.97483789020374234,1.5248536104335479,-0.64722868060583749,-1.1106116784342128,,0.3153649407804505,0.3371212121212121,0,4
0.91004637903699537,-0.25233941146802752,-0.32884709124701494,0.32471068352060761,0.92710465714538359,0.18718954753650138,0.25764036952549335,-0.27713133370174847,0.92564553900046254,-9.7779949734958258,-12.468803653172866,-3.5644890729169756,0.6349000793202331,0.3451075623961128,0.6046511627906976,1,5
0.87745809350778803,0.41804113010861443,-0.23517845920744995,-0.3997500331248775,0.90832013063006833,0.12310341712899098,0.26507962040552485,-0.01400549283986263,0.96412480572588455,-15.588929011553615,0.46182269923963715,-5.9297130408082532,0.5324248728310519,0.83479835798002,0.7338028169014085,1,1
-0.93289825850990138,0.24366632834842666,-0.26519343826420266,-0.24894797334670171,-0.96841488934288333,-0.014053777626683701,-0.26024170656480594,0.052908624327298315,0.9640928023982076,-12.638485811096931,7.330842881962611,-5.5188718035109483,0.2061910284015603,0.09743677829113929,0.2131147540983606,1,5
0.84255683256520941,-0.37420956720735504,-0.38738247728590874,0.48450873075165835,0.84074827999615509,0.24164771778133057,0.23526426359118047,-0.39129212807567793,0.88968601022097027,22.590994171438531,-8.3481067995020073,5.1693189281736069,0.4899974822923432,0.2804664820628381,0.4375,1,5
0.95941809272804479,0.060526911673590533,-0.27541498926045871,-0.048899873113054694,0.99760614345578047,0.048895653680177634,0.27771518819756402,-0.033443616768257314,0.96008114174888859,6.2431448401108973,3.397751501038448,-0.090041874732424532,0.1948205997432173,0.1467185101196181,0.6666666666666666,1,4
-0.81241066150377172,0.55815137165922568,-0.16868895455817157,-0.52734756282793904,-0.82676774967191224,-0.19585616171536374,-0.24878397266390834,-0.070157924836523514,0.96601469995450695,-16.96331179385507,13.337341253718785,-7.0279120014904857,,0.4464194660663976,0.3469387755102041,0,2
-0.70948810084956415,0.65241612614176658,-0.266420406694097,-0.68027812128699694,-0.73275153997741049,0.017229578026339894,-0.18397910873550574,0.19346415433072542,0.96370291508222827,-2.2365164927398977,-1.0462251137418712,-2.0747354858805007,0.588531418579632,0.4628891708521755,0.977728285077951,1,5
0.41586391004357692,-0.85719012577246045,-0.30378001349901512,0.90496548882404904,0.42310044382483858,0.044983090963991681,0.089970397135490709,-0.29361727250524394,0.95167968609499243,-26.183294295727965,12.576581713156683,-9.3632977811450058,,0.08712171582007358,0.1304347826086956,0,2
0.92870865793167046,-0.1635455677043276,-0.33279584728031986,0.26476087164814627,0.92082442934959652,0.28632857202365414,0.25961877730023791,-0.35402714245840011,0.89847808703154797,-28.830502775160618,12.541196728024866,-10.076012333147,,0.2264461195764836,0.25,0,1
0.8283181857916434,0.51940548962859423,-0.2100164765691537,-0.49868235964285956,0.85437162787563359,0.14616779967616156,0.25535247652582355,-0.016341934549529608,0.96670991197323941,-13.061492383258697,-14.302139077577126,-4.3891632833543248,,0.3811935026223074,0.9,1,4
-0.41411608487762142,-0.83956161988224476,-0.35163070779773009,0.89832263660442258,-0.43923966318632518,-0.0092173124088672249,-0.14671165192209479,-0.31969486186779006,0.93609341760618392,-3.2624371931499385,6.3829474717452479,-2.8444966697394989,,0.2134354850601096,0.186046511627907,0,1
0.96929855824983802,0.063339216272609661,-0.23758882266798267,-0.023714707938881498,0.98582971260756502,0.16606441631927218,0.24474051074997796,-0.15533164977575745,0.95706539012534675,-8.7107111874433336,-13.500501298016976,-3.2179080342632225,,0.1972555204308929,0.4375,0,4
-0.84034922398973555,0.51474611679741311,-0.16985175001109964,-0.49240161998415305,-0.85594253728870584,-0.15780689939528453,-0.22661382653499049,-0.048977628584444668,0.97275246878196753,-13.949706934070143,9.8157636520469076,-5.9852899270558346,,0.07044416444114139,0.2857142857142857,0,3
-0.33176371904047591,0.93437703494169899,-0.12989376929626378,-0.94098216592241235,-0.33754986747480914,-0.02475177536468828,-0.066973115086557691,0.11401597932438111,0.99121892552266389,-13.115961329290299,-3.0981025536125548,-4.9479629642723193,,0.08219883268372591,0.1904761904761905,0,1
-0.56446298067488099,-0.76034642803905705,-0.32133293142141101,0.80355177910891395,-0.59522677843351801,-0.003101697366937977,-0.18890760106075555,-0.2599584420708505,0.94696120652198179,-20.099256214636284,11.071923031743285,-7.7262795730282319,,0.09305548200665703,0.3421052631578947,0,3
0.70541094648899705,0.67106326447866538,-0.22818740464963161,-0.66723092095069247,0.7373163935248912,0.10567608039068602,0.23916164972835496,0.077708628264080898,0.96786521499252487,8.6245950005233656,-2.1904952967283009,0.91589343356744002,,0.1224728547680741,0.4468085106382979,0,5
0.48344193690444631,0.84315027183165114,-0.23533277024734278,-0.85958655235591652,0.50807609849542956,0.054494377201050437,0.16551390470575358,0.17594401736880319,0.97038592843320803,-17.755948710773268,-6.9316200051354659,-6.0924061576073765,,0.09301516172697254,0.1612903225806452,0,1
0.91284718628305139,0.36027122301896802,-0.19213188272520809,-0.30718148149374674,0.91597947699174465,0.25811070329848118,0.26897872020370517,-0.17659627287784579,0.9468179362914656,-9.4872717523749941,13.382124159762389,-5.0939603797098147,0.5280118613537041,0.4629345970016878,0.4411764705882353,1,3
-0.48704969921377467,-0.72928303715169485,-0.48055056156305931,0.85593596185813159,-0.50797723040414933,-0.096606224379823788,-0.17365546260848563,-0.45837253965931396,0.87162973514704223,-2.1961560463132677,-3.3450109871277007,-1.9103525554901852,0.7836249208625673,0.5017159244500127,0.3487179487179487,1,3
0.094195657983249165,-0.85100316167858825,-0.51664378137179801,0.99530161362826619,0.068820652221478165,0.0681059155784597,-0.02240258748610632,-0.52063167080082418,0.8534874266402932,-2.6113856858923934,-6.9372294904334337,-1.8566928793672124,,0.3642729380336681,0.6363636363636364,0,3
-0.61855905583610826,0.77966834222933912,-0.097478051727024215,-0.77033233132277401,-0.62619231378974116,-0.12029665610261213,-0.15483150119391784,0.00067990882060782638,0.9879406581176996,-15.938971587470455,9.1028955553914006,-6.4610920594110306,,0.2093665259360335,0.1818181818181818,0,1
-0.033451582364467311,-0.91297123225953503,-0.40665036665890075,0.99883232028697388,-0.044729201872502351,0.018256353688178604,-0.034856672065075464,-0.40556482535638377,0.91340143685358421,-24.448863418740313,12.496772573310512,-8.9612988560300142,0.5564215133256378,0.510461198925553,0.8545454545454545,1,5
-0.38994585470912002,0.9027098328807428,-0.18181635794282727,-0.91710165912955544,-0.39848643867856953,-0.011537114504333175,-0.082866019676277908,0.16224523354999093,0.98326482036800156,-19.628325603685987,15.735043590665436,-7.8958666373236222,0.659094748668373,0.588521694531884,0.7933884297520661,1,4
0.76147717149995486,0.64085325835907736,-0.097260570299495724,-0.6029804021902514,0.75540141425750484,0.25648262692089885,0.23783849953048403,-0.13665944749016096,0.96164288774615936,10.932849245539934,-2.8301487938177377,1.5769624505391417,,0.5325119026600832,0.1590909090909091,0,1
0.50453059363778274,0.8466000341081007,-0.16946168396327707,-0.84625299896336437,0.52381098545134408,0.097354574961857357,0.17118627815633644,0.094289096764445191,0.98071648523022514,-17.002995725864132,-6.1549229623853723,-5.8707949223730189,,0.0971372577206638,0.4615384615384616,0,1
0.57816019418379094,-0.68102623973892118,-0.44937072740492134,0.80319537954559972,0.57194482188730544,0.16660222985572512,0.14355477051621263,-0.45725526951951628,0.87767285839239262,9.5442346875989514,-7.0340069334763813,1.5415389122487764,,0.1266220089664493,0.1428571428571428,0,3
0.46164470349325759,0.86303749187036682,-0.20506207685169275,-0.86798446893685532,0.48716802832652623,0.096282261402868594,0.18299488905712047,0.13354250185821762,0.97400167904188961,-5.4267587599377585,-9.6418415854407353,-2.4916220616926723,,0.165545313002284,0.3684210526315789,0,3
-0.50838806055327901,-0.80173611032185566,-0.31426229378157633,0.84383044097792237,-0.53659597300442585,0.0038663463940739103,-0.17173167082946938,-0.26321848559973049,0.94932832153723501,-17.567515902959226,10.675770309765813,-7.0075480777403891,,0.1293054147669996,0.4666666666666667,0,3
0.89745542066505157,-0.31325147338862058,-0.31055962767039641,0.3645966078002435,0.92306680345030334,0.12254382868425374,0.24828024790440384,-0.22320661009006595,0.94262173097835489,-6.2806390842116082,-11.380522752464783,-2.6312465246586831,,0.5024564868548357,0.3846153846153846,1,2
-0.44144416567442929,0.87015588955533962,-0.21898807379435467,-0.89158116486816463,-0.45285580913812518,-0.0021546652128132137,-0.10104491597469145,0.19429447753862841,0.97572515646244229,8.2198805752969069,3.7685776453531892,0.4007000727373598,0.6595025611037886,0.5167238839819097,0.2857142857142857,1,4
0.81683327707190956,0.56939618487731924,-0.092581759084169185,-0.51928713189308784,0.79565898312827221,0.31187763180057421,0.25124544198495702,-0.20667551188865435,0.94560084637617925,16.94741865327417,-1.0134997067734355,3.0709357912968636,,0.559972920945647,0.28,0,1
-0.88632994449208158,-0.28534353255159056,-0.36468931699138618,0.37833632615762064,-0.9003435181350179,-0.21504226017649131,-0.2669847445196431,-0.32857361090513415,0.90595724425082158,-6.6756088426666969,4.2403555262252475,-3.6511568166352548,,0.4191597588110016,0.2152872003618272,0,1
-0.76328333326857645,0.59157318035007422,-0.25969159679302439,-0.61390032105866643,-0.78935901883553661,0.0062237598817794539,-0.20130809461737595,0.16417524683550322,0.96567154838900771,-13.991190329923951,0.69950262450936129,-5.5157803277756505,,0.07055238299528675,0.3928571428571428,0,1
0.81822201606153477,-0.43940446995410931,-0.37072421584858095,0.53392467676418398,0.8198949511957988,0.20663181881283366,0.21315996803916634,-0.36700951048710784,0.90546498951508569,-15.683015412069262,11.442741545737965,-6.5660576749707023,,0.159543306896126,0.24,0,2
-0.064612427335867056,-0.9107631374108206,-0.40784279050556577,0.99552853572175293,-0.087050106141750169,0.03667715343934054,-0.068906957540368921,-0.40364933612519366,0.91231521123360659,13.372572734251229,10.196438789206459,1.2430175764608702,0.303669698588663,0.2467468636774269,0.6923076923076923,1,5
0.55117178944493173,0.79845498225737421,-0.24223810564906775,-0.80904201775895845,0.58242662601666151,0.078931861800934811,0.204109460879661,0.15247579025938823,0.96700075561717602,32.319526757619542,-15.011258510303918,8.3615349029398143,,0.1724503964372034,0.5,0,3
-0.015596084487880642,0.99725485628001831,-0.072384485731172565,-0.99945321356004257,-0.01343763819258152,0.030210987807555156,0.029155377774089268,0.072816079994220531,0.99691914538799198,1.0949857586531344,-8.1919822934748083,-0.75611517405866546,0.8009290618022582,0.4691794867395743,0.3157894736842105,1,5
0.40811337308634654,0.90606549373847522,-0.11175328077751341,-0.89264044150838429,0.42170661443407037,0.15923747525714918,0.19140667932912236,0.034768554744301225,0.9808948112357363,13.712970397630935,-9.423056960808518,2.8405029470824785,,0.3261087063790995,0.1,0,3
0.34847560662121563,0.93699953889922238,0.024425717852711262,-0.92745888893059003,0.34092348661632788,0.15359422390507205,0.13559041608318351,-0.07617768948984241,0.98783207008599272,-18.933820022982648,9.5070814767829166,-7.3226298658085796,,0.4646150128012787,0.3482142857142857,0,2
0.91058393957044748,-0.26185731957920466,-0.31979310996198657,0.33923588935682364,0.91549427601385724,0.21630821056573313,0.2361268734571515,-0.30545208260651802,0.92246578519893752,18.112390541435783,-0.16164746104360159,3.3250409283819726,,0.3475681886511249,0.3076923076923077,0,3
-0.039067489530627664,-0.87129904421623994,-0.48919495787430306,0.99836783197723611,-0.054445975283831306,0.017242617216231854,-0.041658172485688587,-0.48772288373958766,0.87200400534739131,15.738674282097525,-1.2699827976818074,2.7608972028540202,,0.4118587862000362,0.1904761904761905,0,1
0.21831754249316881,0.95563046043775823,-0.19775710789568182,-0.97137648526895415,0.23224295232138439,0.049909267311622964,0.093622510681348969,0.18120053581755241,0.97897966848814333,-0.5343658334253939,-10.301189197472599,-1.0738523143663097,0.3872759542598905,0.1761208475498864,0.3548387096774194,1,4
-0.89117230450594342,-0.32949200350813995,-0.31184442163642856,0.36849351730374968,-0.92668570433817854,-0.073933301565435983,-0.26462133584931857,-0.18079995851616348,0.9472523019839415,16.091721660376368,-6.9460296811114937,3.2865078124810454,,0.08057923002160697,0.125,0,4
-0.22499334951450348,-0.92668318926514537,-0.30105856474716447,0.96968030020601159,-0.2432035967872245,0.023919153457758885,-0.095384003200868414,-0.28654890898960894,0.95330562501762284,9.4149622443037266,-15.980793802406877,1.9600499893963303,,0.2701520446505991,0.40625,1,4
0.9563181738413955,-0.03059122985749348,-0.29072276662907659,0.083061360344511295,0.9819545258332546,0.16990032258152743,0.28027907663323309,-0.18662659470556137,0.94160190810672639,22.570697663003369,-15.33936062099739,5.6392327757395586,,0.441090258830507,0.1363636363636364,1,4
-0.88707476090321802,-0.36495025367601897,-0.28268300428272719,0.40042511321423341,-0.91301833737935867,-0.077828300228130559,-0.22969130866418816,-0.18223289481002342,0.95605076997683103,5.7232536785471488,-12.387457197747,0.7602334122040163,,0.1475245284552983,0.2058823529411765,0,4
-0.26696602966667832,-0.91057887828977957,-0.31555545537438762,0.9578463099328266,-0.28676854148031167,0.017153721617237931,-0.10611119428258842,-0.29767416755536857,0.94875207742494061,-11.067118897716146,-4.7704607083322896,-4.3245488850321792,,0.7317192134146799,0.7241379310344828,0,1
-0.76481665063774695,0.59665590806457058,-0.24301690945055962,-0.61271315057582032,-0.79021686858771578,-0.011827751725356599,-0.1990931591459407,0.13985359477348916,0.96994993995062528,0.13369427454369845,-9.4268295900777073,-0.91686127914670157,,0.4377712784565568,0.25,0,2
-0.71574203686568172,0.68320425426558595,-0.14472485486871473,-0.6822565327666934,-0.72830632566926612,-0.063999370991466936,-0.14912866981414311,0.052932437536337251,0.98740001868337357,9.0971557026276955,9.4010606273872739,0.13274071150000852,,0.2213345541389205,0.5,0,3
-0.077821383965253968,0.96861056595492367,-0.23608770344559757,-0.99693567251076665,-0.077492267361806297,0.010687065763469962,-0.0079433666186889511,0.23619593565430005,0.9716729814640066,13.704637556365189,3.8242886502070044,1.877130731596037,0.6768537735999912,0.4306455467312329,0.2432432432432433,1,4
-0.33727900305913061,0.91137091225462419,-0.2358939049479967,-0.9392703062150568,-0.34264245467873811,0.019168727511337413,-0.063357445956366568,0.2280333496397062,0.97158974134867371,14.1105671910084,-5.6835621299787427,2.700785602438458,,0.08472318811766714,0.4166666666666667,0,4
-0.83658998512938687,0.51214550088940602,-0.1944844022022118,-0.50035380220929082,-0.85887930653465738,-0.10941850584454074,-0.22307682397756579,0.0057725839349135645,0.97478377493616308,-17.38598421298957,8.6569359526126668,-6.8433869354271719,,0.1439087867574292,0.1714285714285714,0,3
0.91560671222666024,-0.23819558241553118,-0.32392470273693758,0.30053511351966017,0.94062414280811479,0.15781276091693536,0.26710109334709276,-0.24184517047943466,0.93282791523869057,11.804394101475937,-4.8702465015116179,2.0047866307385811,0.4709460219214258,0.2196154215023662,0.7735849056603774,1,4
-0.38692122358719533,0.88990921969004744,-0.24156478933909095,-0.91815614014443481,-0.39604832012219576,0.011620260042715184,-0.08533035247121093,0.226290319808512,0.9703151148508925,-5.89607071278399,-14.202189598618517,-2.4005105298664935,,0.07967384177074675,0.25,0,2
0.39596921896426984,0.90893151055417021,-0.13058287312867903,-0.90725652398277856,0.40919925685138964,0.097167730666906704,0.14175322685396705,0.079996733145703922,0.98666435293999677,2.3216878111498027,-2.2212753480496441,-0.79511054169158524,,0.2241400212124506,0.2971014492753623,0,1
0.64602381069602199,0.75585831795030667,-0.10644923296635246,-0.73131712287934492,0.65284819972739294,0.19739426003858385,0.21869728347025438,-0.049673245293981386,0.97452761218176676,-12.031084905335719,13.247632448617265,-5.7699600614195443,,0.359276936440012,0.3823529411764706,0,3
-0.91971840779411917,0.34585777951917873,-0.18574295871099405,-0.29760366795856308,-0.92280294884163905,-0.24467687758916931,-0.25602755160775209,-0.16975604247047962,0.95164740259326153,2.5645365262089745,2.2544599426882579,-0.98714083039699996,,0.3870294973426881,0.1071428571428571,0,1
0.23407521784914218,0.95951181393460516,-0.15667122042290074,-0.96742142478119686,0.24586462017263264,0.06038522519364093,0.096460247061659302,0.13743241054166053,0.98580310065931154,3.7089061564649919,-14.504472876844382,0.29090570524257059,,0.1456253666772524,0.375,0,6
0.38323542010136691,-0.84247792850300285,-0.37863115662213848,0.9199150902347708,0.38497274685346672,0.074513159498507731,0.082986984148613177,-0.37686459659324095,0.92254335198760784,9.7218818810142604,-12.80346345378859,1.8791655801950149,,0.09779766290364593,0.4444444444444444,0,3
0.63123090393994885,0.77376206759282651,-0.05328985518492791,-0.74809015149022118,0.62554219779015829,0.22149059579855146,0.20471607448975318,-0.099946093161932606,0.97370534932656738,10.200597691966726,3.7128335458522184,0.89470106088075796,,0.4114011883027813,0.4390243902439024,0,1
0.93489437116256768,-0.20344270685131957,-0.29083256316574152,0.26751462369379619,0.94242055120595025,0.20069736115514597,0.23325617007597765,-0.26543279694431249,0.93548756775694542,-23.882086090396729,11.130857426585589,-8.7340653829547961,,0.5476761946718209,0.5517241379310345,0,2
0.17493447258329248,0.96497872247125749,-0.19548400313004208,-0.98177783745379066,0.1859328558227315,0.039258769850351809,0.074230776545614094,0.18505414965178249,0.97992078940600702,-5.6724848460555766,7.6078408311233137,-3.6355522175258104,0.5832806404221192,0.4603888573259367,0.9418103448275862,1,3
-0.23703562448577406,-0.92872407199664597,-0.28510649031302299,0.9660407781089454,-0.25639556939029334,0.032039460477542567,-0.10285585911995455,-0.26783000222342151,0.9579602090659608,10.344264848486398,9.4029746855518326,0.45757804126511986,,0.09599571423468856,0.3333333333333333,0,3
0.74831394010855301,-0.54893676354644727,-0.37241734205910293,0.63330518891222887,0.75824417420487378,0.15488805628975025,0.19735953165748291,-0.35175872684486847,0.91504918630225429,5.9445025566421288,-10.441134790606657,0.68572006753153403,,0.08320373921515278,0.2571428571428571,0,3
-0.47645903262920697,-0.69087630061562089,-0.54376164582812758,0.86383552563073285,-0.48296874719544985,-0.14328075198969431,-0.16363060497448242,-0.53798803562916819,0.82691831436699537,-6.9515912289692432,13.277687269751585,-4.377519430056152,,0.4507655580439202,0.2222222222222222,0,1
-0.88751643416207426,-0.267865367952699,-0.37491695579661649,0.37536562573331467,-0.89220875312874426,-0.25112584068209504,-0.26723627394138344,-0.36360924835875236,0.89239738255886258,-11.557840637093193,-0.470750052848114,-4.7151972205276467,,0.1593648260487121,0.2,0,1
0.94503789602720123,-0.10093023905112514,-0.31099270396194895,0.18924784318560117,0.94449109062072045,0.26855508482931501,0.26662450922988995,-0.3126494308057593,0.9116807031492743,-7.2296039727108568,-9.4358740549928424,-2.9956155772265127,,0.05972382958618214,0.125,0,1
0.1262184799205209,-0.9082892576924485,-0.3988477399798756,0.99199022447099627,0.11756324977210382,0.046198234349426714,0.0049284764923506631,-0.40148413002698302,0.91585271930367784,8.0806161439696993,-7.1657719267942923,1.1349253479918053,,0.09271714622531228,0.1818181818181818,0,3
0.95008946569590902,0.17442399927035346,-0.25866247437964313,-0.14129915246437647,0.9797749693157729,0.14168824586085829,0.27814484839110853,-0.098067721401151331,0.95551984036579529,-11.752701719079869,10.954345182877629,-5.5151130648060738,,0.7077682828272774,0.9029126213592233,0,1
0.31804582074383242,-0.88853127883871286,-0.33069475718950098,0.94598870094190779,0.32054417940588203,0.048546953964701468,0.062866792487155682,-0.32827365958031229,0.94248828683868824,-10.358563298933154,0.40506398326312804,-4.4659302246090631,,0.7154433091971296,0.7355769230769231,0,1
-0.66501427399751445,-0.67255272654270071,-0.324698083455288,0.71567319328324719,-0.69815847112575713,-0.019662899356500972,-0.21346638094865802,-0.24545382297964613,0.94561330626707951,-12.214764867630389,10.194095331009494,-5.5950959246997289,,0.08780498387287336,0.1842105263157895,0,1
0.35843452699279466,0.90839874753192429,-0.21525892627690035,-0.92340600469994305,0.37889149492213292,0.061339918159067051,0.13728088120179513,0.17678504053823013,0.97462865189689352,-2.5450097681521551,-12.894388899941246,-1.5114263518165283,,0.08979284203767685,0.2916666666666667,0,3
0.94320944048450017,-0.1429372564106372,-0.29987479405698031,0.21301120328894393,0.95292559999481596,0.21577541136078535,0.2549160227492826,-0.26739809573802076,0.92925565897731688,8.620936682575751,-14.021989053324896,1.64834060096494,,0.1627048317182103,0.2173913043478261,0,3
0.44770435003846876,0.89310373301137169,-0.043892334613070495,-0.8820964055067595,0.44916407761999977,0.14197733188023426,0.14651534509629982,-0.024846598498146865,0.98889630406548923,14.612065728333643,-3.3280403367723213,2.6809000049584712,,0.1663159216597532,0.1764705882352941,0,3
-0.59282636187903226,-0.72816418729464194,-0.34399683283833415,0.77779748757057676,-0.62843277099444683,-0.010164677522681076,-0.20877732872649271,-0.27358576110933647,0.93891578873083992,11.856706971553157,15.068347553745447,0.57719973013895332,0.4532140012638456,0.4160626806251337,0.2941176470588235,1,3
0.74139933771317212,0.63867779993018081,-0.205955553250732,-0.63318748063392183,0.7674426491326326,0.1005255920686591,0.22226253936940876,0.055878870502468217,0.97338425887438251,12.573146885804901,-19.695219911766582,3.0306653276933,,0.3387359625464901,0.1428571428571428,0,3
-0.82901141472280393,-0.42910710333680696,-0.35861841576415293,0.49911022206757449,-0.85697876188891953,-0.12836038290294716,-0.25224801384144246,-0.28540233975430102,0.92461691741813712,2.6613594883689999,-11.716325877904012,-0.13388319662925255,,0.2469563590335386,0.125,0,2
-0.93559887266031116,-0.15278764855903129,-0.31829339283836555,0.22294294962819586,-0.9547097509432857,-0.19704246411596205,-0.27377215104505409,-0.25531397513965498,0.92728829573685045,19.471146653256522,-3.0260673745302995,3.9420754807836209,0.8790015741277377,0.6901058555192442,0.7704918032786885,1,3
0.95455337485762481,0.18274531022221022,-0.23544002663036706,-0.10647684328941352,0.94692779403344529,0.30329924947166498,0.27837122047913193,-0.26444641135538532,0.92335126529951617,-26.550540992752023,11.652190974855079,-9.4752205510331873,,0.2066641845553145,0.2,0,1
