axis_00,axis_01,axis_02,axis_10,axis_11,axis_12,axis_20,axis_21,axis_22,location_x,location_y,location_z,dbh,dbh_approximation,score,reconstructed,number_clusters
0.20625254685143313,0.97819709189025394,-0.024296837957833009,-0.96899158220193105,0.20763857123669827,0.13394602404171119,0.13607057190699778,-0.0040832771439616731,0.99069073191822565,-23.225415889375022,-17.01503306527626,-4.3087610925976261,,0.1253800329157597,0.5833333333333334,0,1
-0.4960491467839182,-0.79812156225602571,-0.34196083962487311,0.84569855448550635,-0.53335536349005053,0.01805577961545032,-0.19679735495192066,-0.28023923368864251,0.93954072449550063,-2.1905387184974354,15.018581694874683,-2.5740214701417274,,0.5573541874311433,0.5185185185185185,0,1
-0.739966156070342,0.6564287719132772,-0.14680379857111989,-0.66428319119075718,-0.74745611381575872,0.006099165587883499,-0.10572572899681058,0.10203247190905129,0.98914682676750387,-15.452157314559555,11.59871364134564,-5.6326677145308555,,0.3501649396386318,0.2545454545454545,0,3
-0.3241272415297477,0.93388083804159538,-0.15102354663112377,-0.94600834391682509,-0.32049533794512902,0.048486612535655831,-0.0031216242666175648,0.15858536721325861,0.98734033482268557,4.3852429337406047,16.187137758923079,-0.86172687755135147,0.429645116883932,0.3795483513788652,0.4328358208955224,1,5
0.1561288634824041,-0.94469003761229142,-0.28841725125897588,0.9866049477234794,0.135179372525362,0.091308347762966188,-0.047270023431834625,-0.29880975566359907,0.95314126697201429,-4.8361354785264892,10.430247034622836,-2.9144813507200915,,0.07741184132615439,0.1864406779661017,0,4
0.9674520970258359,-0.024943804146275152,-0.25182185487964603,0.12016219926238654,0.92106486631233553,0.37040593666066823,0.22270492996056401,-0.38860946807785396,0.8940834387748765,-21.35020808466874,-30.847409561685602,-2.4373659498124338,,0.2958967707854493,0.2432432432432433,0,3
-0.71165072991927469,-0.61187182239814941,-0.34520444892922925,0.66045828349158686,-0.7501865847170005,-0.031858183846404334,-0.23947462156293778,-0.25066503758165365,0.93798664412745081,-2.6584661806762298,-4.0942068594869028,-1.3165849171938526,,0.2064289281071734,0.1553398058252427,0,5
0.68529054523932453,-0.65781635203886302,-0.31249722494107407,0.71988510521941707,0.67679341779165514,0.1540003406396224,0.11019212262597841,-0.33049707506144932,0.93735232409537905,30.864979806765323,-4.07873783098076,7.4689340956417185,0.4571128956812948,0.5267866154622096,0.7419354838709677,1,5
0.9278840852365684,0.33758084582285297,-0.1583360252697569,-0.27509774928676056,0.90644090422939838,0.32044674358955616,0.25169893265974835,-0.25377954935991054,0.93393982013009025,10.439350288249885,-3.109031058114927,2.088251278159619,,0.2903182579792932,0.1111111111111111,0,2
-0.86725703209421867,-0.38768696116970819,-0.3123524618473929,0.42999141517126099,-0.89950630979407975,-0.077432431962687412,-0.25094346606784956,-0.20146269823378526,0.94680523765884361,2.143640182660119,14.326731419659703,-1.3195124042097681,,0.0899827712471616,0.4583333333333333,0,5
-0.49310143996639033,-0.77800571837304577,-0.38930460064313882,0.84668811060294669,-0.53200928630331423,-0.0092391910171417246,-0.19992551929827582,-0.3341754351622509,0.9210627368792178,9.7640970833565515,11.247167488163102,0.82476556237120036,,0.1862362551849466,0.4444444444444444,0,5
-0.61978200165156017,-0.70560260018757925,-0.3435043537385104,0.74661732634232125,-0.66498655144420471,0.018853498449548891,-0.24172885312727646,-0.2447812431679976,0.93896182273769802,18.414655256613017,-6.0840502889101966,4.2942625003616586,,0.1643001276525256,0.4,0,4
0.19657785040673814,-0.93044519558544536,-0.30923920634587654,0.97872031467963783,0.1672771179103639,0.11884827073622906,-0.058853159327736049,-0.32602163093200387,0.94352859087659813,-9.5006581495425948,14.729949524368305,-4.3715705728524918,,0.1234642553767144,0.2608695652173913,0,5
0.47718027701020943,0.86208047318136471,-0.17063481764239907,-0.85672917950096272,0.4995873905020784,0.12817001304100697,0.19573986876481703,0.08502762498575904,0.97696274584306109,-17.093871910366218,20.910691188308409,-6.5013858570242631,,0.1109991202344594,0.2,0,2
0.9654461516571855,-0.027404723224013657,-0.25915769214002726,0.076166643528990177,0.98070594352535323,0.18004025868558901,0.24922353553358001,-0.19355834644639136,0.94890610486869575,15.325203854364675,-4.4540193290922652,3.4199439556382325,,0.1357198545981864,0.391304347826087,0,6
-0.85003366225667232,0.49763584587092707,-0.17263064019702962,-0.49526285125593361,-0.86668959288300307,-0.059698054860583251,-0.17932507129889105,0.034752186875376831,0.98317587659127692,9.2959077595158774,-9.4259232196704641,2.5082509932111035,,0.6230409429979784,0.65625,0,3
-0.41149040563422601,-0.83173980990488949,-0.37267215443384127,0.89275232491210987,-0.45015053899372531,0.018915036549889568,-0.18349096009069546,-0.32492057623831599,0.92777027690153857,-7.6085631294863481,11.710437751393588,-3.6853283985042298,,0.1103944766031252,0.225,0,4
0.91475746940839708,-0.26478676116472755,-0.30513397594079655,0.33926539856496102,0.91355211791873836,0.22432457997897853,0.21935761098740852,-0.30872398507093762,0.92551160962130308,-2.5302103804231786,20.566597787331489,-2.9624372139636868,,0.4202295399369649,0.375,0,2
-0.62122568319558624,-0.68100873010193419,-0.38769286821288224,0.75571276295991396,-0.65151916060370629,-0.066490625397405717,-0.20730863570452931,-0.3342901328056157,0.91938742468620571,2.7481129170049798,16.82416038266302,-1.3524103855596603,,0.5193283608040262,0.5686274509803921,0,5
0.96249026447896247,-0.10821331979345561,-0.24880186535172175,0.15272312686513653,0.97402797187353751,0.16716804876667865,0.22425016678645388,-0.19889541831626623,0.95401911682578189,-36.840135530421215,16.476365016156681,-10.795358949352508,,0.3383774828181957,0.2258064516129032,0,1
-0.9599598878657043,-0.14287673256062003,-0.2409631776468473,0.14545462242211604,-0.98933908624348732,0.0071501920912624556,-0.23941588607463923,-0.028185310424108878,0.97050791947896664,-2.1342751035440499,9.0013031416306042,-2.15464333502561,0.4507999714579151,0.1856428326794325,0.2888888888888889,1,5
0.70089154919799512,0.69428126503983134,-0.16347648539630058,-0.67437067546582541,0.71968258700306798,0.16517011241849658,0.23232569452086368,-0.0055225880947246926,0.97262236900357935,-20.519925455857244,-22.305978506844298,-3.1028497926164329,,0.1176945680925587,0.25,0,1
-0.95887267191539971,-0.12145594050586724,-0.25653782093417971,0.14010989135600849,-0.98857006488741006,-0.055663678936173265,-0.24684492580976722,-0.089317866769964518,0.96492999812298985,1.3895565567710646,6.1875988341408847,-1.0999543924985526,,0.08813286660436677,0.2131147540983606,0,5
0.20639207039892793,0.9770398420465205,-0.052872112972278423,-0.96895745610727757,0.21160325611272776,0.127849561034068,0.13610202618093689,0.024843692483220048,0.99038327399711346,-20.833289438780533,-19.491958858890911,-3.487763147008391,,0.3610008471632054,0.5,0,1
-0.76519460312684973,0.63165440233143011,-0.12445856885271157,-0.62941533865658927,-0.77462246699415394,-0.061614649976287565,-0.13532756854888145,0.031188934627738703,0.99030990076209602,-20.992257518902331,-25.497860970969604,-2.9074900816141058,,0.2856134735941565,0.1219512195121951,0,3
0.2153583206402605,0.97628445581134082,-0.022123631531935577,-0.96671808144223603,0.21634293946064881,0.13657189885979076,0.1381193134346155,-0.008024580156008378,0.99038308818843945,-20.898448517787912,-15.770585848285588,-3.9194371938273349,,0.4845033764694031,0.3783783783783784,0,1
-0.43318660893375271,-0.74079765424067856,-0.51338893376463079,0.88222169584657439,-0.46509550545325978,-0.073287449026227414,-0.18448371531945837,-0.4846699972957737,0.85502090764100269,8.3843260947303904,6.623343601685078,0.69360728844887776,,0.687482634764505,0.4285714285714285,0,1
-0.86656164074956776,-0.40867060998278171,-0.28645986685348962,0.43107005300897222,-0.90215875407110968,-0.016976214292519214,-0.25149459672179786,-0.13819520610051855,0.95794183165293267,6.8660267402459203,4.2573479230828015,0.48638879845677585,0.3187464064590309,0.4108356834176769,0.1267605633802817,1,2
-0.95570508223458817,0.19390103579458923,-0.22142760466745073,-0.1620530269557626,-0.97467930902366828,-0.15407485523478559,-0.24569617873596306,-0.11136710860451869,0.96292821896318692,5.4511897720494931,1.8883983009090812,0.30374297776858816,0.6065780147855431,0.4950994802011591,0.2083333333333333,1,2
-0.94852284219862926,-0.1330707440329435,-0.28739623329117042,0.19291858226934172,-0.96242906969368358,-0.19108298308258043,-0.25117093470905666,-0.23669064808536341,0.93855777588079736,-37.047387652384899,15.661787340333637,-10.78857277137076,,0.181282488928175,0.1111111111111111,0,1
-0.84049980244268363,-0.47314148018945085,-0.26400231403899682,0.48035663119707034,-0.87612058818546745,0.040868347440924768,-0.25063437305926628,-0.092465424249747283,0.96365582878925327,7.4412867732160946,-4.7925939607785306,1.4194616300624274,,0.07962938098480786,0.4117647058823529,0,2
-0.88498442343580508,0.44391319411952401,-0.14051208617979571,-0.4341986729677908,-0.89576720769582308,-0.095250312387094249,-0.16814898949742768,-0.0232848814347698,0.98548654563497906,-11.331429773315074,16.021485517170156,-4.8786110611429043,,0.4097990168154313,0.2040816326530612,0,5
-0.065107978459801763,-0.8995745734620092,-0.43188718193704584,0.9925186221037039,-0.1031760216746077,0.065280114344008877,-0.10328473226108482,-0.42440581444184516,0.8995620983287983,8.6921466966535181,-3.0943757160682499,1.5921631780951861,0.6788110739981399,0.5526796731427709,0.75,1,1
0.32982900575798257,0.94256066288442841,-0.052841496416797279,-0.93244822268224936,0.33401298139661689,0.13775209717189879,0.14748945378369829,0.0038373221664286055,0.98905618444109422,-16.876757130035475,15.315359963378185,-6.2335120627496501,,0.3351858143764195,0.2054794520547945,0,2
-0.92755236868739588,-0.24945732912273866,-0.27824026360207049,0.26537122832186744,-0.96392968710811455,-0.020436963830141208,-0.26310589982237814,-0.092793314730107782,0.96029406236842607,23.015504636239228,-3.8956774995180101,5.2862048377923694,0.884617958328385,0.7496021321035556,0.3076923076923077,1,5
-0.12624333320382328,-0.85128929466079972,-0.50928298382874226,0.98498972158248832,-0.16849432074757817,0.037482159124908411,-0.11771945123233087,-0.49690663174456695,0.85978249001118212,6.0829161013631028,16.444712760405846,-0.50828518622032226,,0.09087799131352955,0.3333333333333333,0,1
-0.77388861598378489,0.59801610806394823,-0.20850214518500493,-0.61360699168732702,-0.7895031946308404,0.013083020298279353,-0.15678925283044604,0.13806317453884834,0.97793439965732087,0.2733134982010213,17.286494180022316,-2.040030031928608,0.5146903678889857,0.4970370653718512,0.8681318681318682,1,5
-0.32108743765914416,-0.89426079558596594,-0.31176992615619731,0.93306495011044677,-0.35507744737194447,0.057530906852004418,-0.16215010407913769,-0.27242913912755279,0.94841431236635454,5.6838662742300219,7.4820084100053235,-0.078740148888649455,,0.1172700468604304,0.4868421052631579,0,5
-0.52054791318824711,-0.7574117596371901,-0.39415389943352891,0.83169032082645666,-0.55423665050317894,-0.03336083755847348,-0.19318664632667193,-0.34517989744814592,0.9184387612022592,8.371971227798122,-9.8438266875745075,2.3876292423740724,,0.201818279279084,0.3333333333333333,0,2
0.80171151693441334,0.59482699445119291,-0.05864716776522632,-0.54469628484436816,0.76747637906470956,0.3380620724873844,0.24609876247446852,-0.23908336255348939,0.93929470607400534,7.7435035747944436,-6.4877762560728645,1.6489873956659864,,0.388694379538201,0.2631578947368421,0,2
0.88836583137433367,0.41292333028642481,-0.20074977696564744,-0.39503899021006805,0.91023901117701855,0.1241335520529947,0.23398791819322365,-0.030972016993602022,0.97174605134415093,9.8880969186014411,-8.7512400816013205,2.523545094663977,,0.5549883381570087,0.5714285714285714,0,2
-0.33918375058142491,-0.77882765620317174,-0.52761905317624058,0.92611398548422452,-0.37490320585936288,-0.04195798049118811,-0.1651280389032837,-0.50286684934428416,0.84844426016003494,-26.687353187833352,12.824830636638843,-8.2809407959347592,,0.4491150386431467,0.3953488372093023,0,1
0.67571226837901421,-0.67264345701212125,-0.30160190665987102,0.73156336114974574,0.66222779288100286,0.16207837289176524,0.090708207927251927,-0.33015924956714149,0.9395567523784224,12.090155490925145,14.734550253825777,1.2040675769360976,,0.193325629093629,0.2727272727272727,0,3
0.1158277364380032,-0.84209943557136169,-0.52673757800449483,0.99263560680078722,0.079196561647820157,0.091664915504215169,-0.035475168539139672,-0.53347581504090302,0.84507104268431921,-13.270868912886248,17.598959828805153,-5.4414436588313135,,0.3869679918592303,0.2105263157894737,0,3
0.71172935277884364,0.68056977770638094,-0.17397156683118137,-0.66235235604225806,0.73267303252948157,0.15645952783171732,0.23394590152058406,0.0038736386952444562,0.97224189895569724,-22.168740172774136,-15.246910470093678,-4.3123679651270352,,0.678778244763372,0.1333333333333333,0,1
0.21719211497457025,0.9683433269762598,-0.12303977524940159,-0.96624881582902389,0.2311676505736161,0.11368704076228492,0.13853090305734636,0.094195108306242586,0.98586838394853338,-23.689638205116481,-11.361102914674793,-5.1596316855854178,,0.470929635775482,0.16,0,1
-0.75720475957681999,0.60976018154788836,-0.23416548224044018,-0.63329298521650146,-0.77313800286747469,0.034606695850175256,-0.15994044813549743,0.17449971209368997,0.97158062121958599,-20.00973692798734,-28.083471658155513,-2.3502831031395419,,0.2359940187706689,0.3103448275862069,0,3
-0.95110608179344969,0.19643887577820293,-0.23834636405556228,-0.21065584910282711,-0.97691696323566413,0.035459274966837546,-0.22587902606102631,0.083934587777641456,0.9705326633144904,3.6037345251673538,13.674004118014937,-0.9809143163361872,,0.07973738824562035,0.3461538461538461,0,5
-0.91932912914162546,-0.21612394654455605,-0.32882273650358512,0.29926039140096078,-0.92661838765036941,-0.22764354110488924,-0.25549397341276769,-0.30768295922627154,0.91654461219927541,-20.362667780881708,-17.93418213075763,-3.5427915341187433,,0.5548753351127322,0.2105263157894737,0,2
-0.0059881240207829544,-0.94582078644019929,-0.32463392045249251,0.99601422261340988,-0.034532606062991758,0.082238479255782218,-0.088993318415020436,-0.32284754770036839,0.94225774086570468,-9.1554780539967258,16.695300854557697,-4.3549579880694909,,0.6267971012665927,0.4084507042253521,0,1
-0.79253818129639453,0.5775475760260036,-0.19576013029698264,-0.59132680879969157,-0.80628841345587754,0.015218394185244132,-0.14904977820237394,0.12781937158855153,0.98053371786213017,9.231532093520352,8.1313357562618531,0.89551275211027559,,0.09430366059255378,0.2,0,5
-0.96651437286501485,-0.088811471054029562,-0.24075400236458769,0.087829932147430081,-0.99602513755027988,0.014826610770011838,-0.24111381143419885,-0.0068152752818122992,0.97047291665378699,7.0260421988311768,8.607725897604638,0.22304981421394665,0.2826208916450072,0.2306617326122383,0.639344262295082,1,5
-0.33245951648924077,-0.90114764737649744,-0.27821500233370711,0.92883825284132338,-0.36399377029992752,0.069050961191878521,-0.16349363888059626,-0.23546008751091579,0.95803359922026388,8.0865891385163824,1.9463712524359287,0.97627963210100777,0.4462810740902132,0.2665601465039024,0.3142857142857143,1,2
0.94118948893182364,0.28950271769017599,-0.17421401313974286,-0.22488493302887305,0.921558625119272,0.31647506594497482,0.2521688180978201,-0.25868489889879376,0.9324660906761536,-33.657082454404048,11.771653483760643,-9.7820209942122425,,0.1093164752926973,0.1428571428571428,0,1
0.67223238312379652,-0.68635293684545762,-0.27753066346498817,0.73315965345783629,0.66925092278449705,0.12074818795197254,0.10286177920533335,-0.28464512719474866,0.95309842405860601,5.5494495463822719,5.9583939092594527,-0.039560343199395186,,0.09215834074736366,0.3653846153846154,0,5
0.9389382727038269,-0.07863601734497655,-0.33497954688021753,0.17354678094769138,0.94886388566289337,0.26370218297809239,0.29711350503578476,-0.30573469423805638,0.90457164551212543,-32.091852860061991,10.590756016505768,-9.3117255788693747,,0.2578763910197208,0.2105263157894737,0,2
-0.96496266948767984,-0.10964037369420647,-0.2383821196134609,0.099466066951765436,-0.99355626487565873,0.054336452326938539,-0.24280351731463559,0.028721716218316411,0.96965020239110766,11.523836579084499,-6.4578360639384238,2.651014681837693,,0.1133492783021306,0.1538461538461539,0,3
-0.97155664858182944,0.0034253758439940977,-0.23678248540964791,-0.0073084765720751767,-0.99985279046205144,0.015523645687923563,-0.23669445444842635,0.016812620425624945,0.97143866045560723,1.7321793625661035,13.016995930346695,-1.3962529416479519,,0.07571128179850296,0.2368421052631579,0,5
0.40137026170143508,-0.81451475665815121,-0.41888855822024457,0.9156958147947083,0.36687382437415955,0.16402674098004602,0.020077046326047097,-0.44940995558086161,0.89309999666086137,10.753352350906829,-16.039328766122257,3.9116084130011521,,0.170350294178823,0.1818181818181818,0,5
-0.75378561382435161,-0.55636744786107417,-0.34966056590928385,0.6103249843464601,-0.78996993398642201,-0.058744505104577731,-0.24353780378811607,-0.2576873422542198,0.9350329254994274,-20.544745161799383,13.243402626510459,-6.8914169344246048,,0.3820182822538143,0.12,0,3
0.36522424064110709,-0.87665263276884331,-0.31319549088002824,0.9309092561540776,0.3455141136498005,0.11843966428293562,0.0043830189126336967,-0.33481361789546105,0.94227418006489128,5.4318417452677261,-3.0611465883193816,0.74451877094689556,,0.08985217112107208,0.1621621621621622,0,2
-0.67637326598189718,-0.68835798853763108,-0.26207343375742786,0.72876693832830342,-0.67704180454967622,-0.10253362615117761,-0.10685482986076486,-0.26034145752942489,0.95958552032994016,6.1513575447731412,-6.586075834263224,1.2663589126451922,0.8497476647195219,0.3510972431517005,0.4941176470588236,1,2
0.73740684641169707,-0.59111512997651638,-0.32682418205818825,0.65840529617706145,0.73706343783970085,0.15244656298493497,0.15077668530364319,-0.32759791164287,0.93270895752966709,11.919947853490971,5.8715368945309825,1.6676339599714225,0.4674857838896014,0.4009591300153278,0.5714285714285714,1,5
-0.86798610115157504,-0.33435390821412564,-0.36716153430013326,0.42793638132312878,-0.87872509337272431,-0.21145369189768934,-0.25193368521845916,-0.3406606439538285,0.90580336934304295,-20.094530484322796,-6.0594538020054296,-4.7806139648897306,,0.2700621259084716,0.4230769230769231,0,1
-0.15160868230848051,-0.82666846630054736,-0.54188011060841446,0.98068177832683112,-0.19435503640041224,0.022121697121136961,-0.12360443805305328,-0.52805810916043661,0.84016461258701758,-6.188949566636019,7.7908766966676763,-3.0418045574066364,,0.1911323803847532,0.2307692307692308,0,1
-0.7648227490445545,-0.58658802023261525,-0.26638441595467277,0.59874092669098122,-0.79983049273264972,0.042195800742166709,-0.23781392988880234,-0.12722294374297632,0.96294281104134927,-5.8933369072068293,10.006435538279369,-3.1137687085654537,,0.06825973997170039,0.2112676056338028,0,4
-0.8435392855959456,-0.40376609852468315,-0.35413897178711956,0.47890643972903385,-0.86394539840241147,-0.15571438779175328,-0.24308454422760739,-0.30095063758273566,0.92213806889001271,-9.7293073724980115,12.612006336771325,-4.2617911723208168,,0.1552460625511229,0.4090909090909091,0,5
-0.94254343938374785,-0.17977312334302489,-0.28159099594651338,0.22473635550275481,-0.96484497241673095,-0.13626353040156516,-0.24719513625877668,-0.19171803077867344,0.94980985533124096,-38.351725785581152,18.136430469242459,-11.174894007012762,,0.329565316557329,0.2830188679245283,0,3
0.87764360793337048,-0.40395427684777269,-0.2579973636882556,0.44367013480974421,0.88834052052143997,0.11835510583663512,0.18137946116250464,-0.21833932723192723,0.95886882796986839,6.6450071909866821,13.580560858149363,-0.20508131271016553,,0.1176779033983576,0.4736842105263158,0,5
-0.44582874749351603,-0.8350114984469269,-0.32247872080151618,0.88244379076579427,-0.47041395226981103,-0.0019156327395892087,-0.15009891421079569,-0.28542338897034242,0.94657477516645572,12.706520919859621,18.250304299263824,1.0752531828341092,0.6119213636926643,0.2586140362831355,0.5555555555555556,1,6
-0.28740498483081239,-0.87688969685868956,-0.38530875183088686,0.94534258081168143,-0.32439271887412929,0.033117500596507449,-0.15403174867120739,-0.35473063510856456,0.92219325356281168,-13.610992622944291,12.634344831264174,-5.2580554027327766,,0.1029372777207845,0.2272727272727273,0,1
0.60093042329731572,0.78526439897930589,-0.14913902926926836,-0.76317867393618088,0.61915478406129187,0.18494773592295899,0.23757301615445012,0.0026790053537855537,0.97136598917482819,-27.951121235862161,8.3243685827187033,-8.2090606071401382,,0.17162321521185,0.1363636363636364,0,5
-0.89482801056052386,-0.2848683844223644,-0.34370457528652021,0.36761573223081201,-0.90702988734797341,-0.20531794094507971,-0.25326173207316405,-0.31007545374330303,0.91635784934335873,13.055556969215329,-3.1213812066891613,2.6987016938159698,,0.341558199896515,0.2413793103448276,0,1
-0.6925847318592161,0.71002030422727536,-0.12726962237904627,-0.71315109706172097,-0.70048809413919089,-0.027054440096002486,-0.10836005700977486,0.07202497868275666,0.99149911774574284,8.6921666061487084,-17.328887982032551,3.6022912655630295,,0.09390131669162832,0.1818181818181818,0,1
0.92455179894404327,0.3278658217210586,-0.19418541144099502,-0.2846687869792246,0.93303993141472108,0.22000038205737249,0.25331334901483255,-0.14812322347555085,0.95597691283738739,-22.669978281957302,-19.904906103449793,-3.8946422242092482,,0.115787102585826,0.2222222222222222,0,1
-0.22026609196007477,0.97449247043579257,-0.042979923180263467,-0.97493840735455328,-0.21852643969307758,0.04172885117079634,0.0312722016750119,0.051094228822962016,0.99820410196681886,-4.6643072052419488,16.572945096995763,-3.2508174110550114,,0.5279520657597866,0.2159090909090909,0,1
-0.69688828551124271,-0.65876995021189177,-0.28349403911726756,0.68019956780198343,-0.73241761591307863,0.029882835578261949,-0.2273219423619198,-0.17200752482965453,0.95850829204695975,10.945651129800586,2.0192781263419741,1.71517893549832,,0.10695629032876,0.4347826086956522,0,3
0.082434374536784205,0.99100833578112191,0.10539000098235654,-0.99079128306078557,0.070097116184671474,0.11584052707647709,0.10741139281050459,-0.11396873569064707,0.98766083246202652,-4.7573344494485479,19.484644379632886,-3.4367606426821475,,0.4195047407009856,0.3225806451612903,0,1
0.97104602756362968,0.021218455591852224,-0.23794829164167502,0.024733176963559814,0.98176544653567033,0.18848044446548229,0.23760867473681227,-0.18890840407698403,0.95281463704064873,11.999318373721497,9.7603000960402326,1.4297042812036722,,0.3293330340812505,0.1578947368421053,0,1
-0.33211110469036087,-0.88633209953552894,-0.32267262585210016,0.92756766821721648,-0.36899021643681501,0.05885950264815757,-0.17123210861116034,-0.27975280071315389,0.94467874723300616,-28.431064405175352,9.821877747477231,-8.4478922360500164,,0.1178765233251985,0.4375,0,4
0.089446603212881337,-0.86169960469997109,-0.4994728185132713,0.99428576512403921,0.047915910267832547,0.095393305922951602,-0.058267679251727482,-0.50515132069818336,0.86106156617950314,12.466634405703619,-16.793615613774783,4.4213618568484447,,0.331956498030917,0.25,0,3
-0.25185213083915692,-0.9245370128717032,-0.28601016768996879,0.95700586462144044,-0.28187465843663667,0.068457665833699111,-0.14391066420507256,-0.25647219880816963,0.95577807673463455,11.083305215591293,2.856357454043073,1.7449287690213622,,0.1074095590744596,0.3888888888888889,0,4
-0.90603724740089253,-0.26526288968403855,-0.32974551654069084,0.31107358023677695,-0.94573159025687392,-0.093941401250343087,-0.28693158418146802,-0.18768952700318162,0.93938432361437385,7.5817539950653092,-13.79151791489155,2.737093584243806,,0.5548661979286604,0.3152173913043478,0,4
0.32064019558233048,0.9392875610394571,-0.12218323392951028,-0.93370455519701634,0.33512888055559109,0.12603347579868865,0.15932880650173431,0.073671643758673952,0.98447286418906854,-1.1834222804915373,7.5581408167294857,-1.859410472406414,,0.2355250865065409,0.2068965517241379,0,4
-0.45696505531016141,0.88586433551050658,-0.080170551301025947,-0.88942367420091939,-0.45612927567334127,0.029523069702360346,-0.010414700971157593,0.084796597480336508,0.99634385181996254,-0.95941808736338563,17.881227373103144,-2.3675145122935315,,0.2633425853438803,0.25,0,3
-0.95091999553634876,0.21274702625162356,-0.22469949913215417,-0.22227174041901523,-0.97482452699005318,0.017675264912322599,-0.21528222290809773,0.066752111574914494,0.97426778664802305,13.971927212613069,-3.2233064981358184,2.9313588205742525,,0.09955693310172262,0.3478260869565217,0,1
0.16122011678345258,-0.88653338121651049,-0.43366650543147928,0.98580785485404088,0.12381797287794645,0.11336658634919911,-0.046807555505540256,-0.44578882173201395,0.8939135188408206,-17.99553044671994,-17.146603199083554,-3.0992659649768957,,0.3604268332901218,0.3928571428571428,0,1
-0.96931753950487221,-0.057662327071992377,-0.23895305740848491,0.09332057968822495,-0.98564308958446445,-0.14070881053098516,-0.22740883231500425,-0.15869075584618525,0.96078221621452375,0.14001290297724847,9.5172413671749556,-1.6473851543282119,,0.5880016914146038,0.4098360655737705,0,2
-0.85266772482427322,-0.397226239042413,-0.33936568191144195,0.45830905059845173,-0.8805385300636398,-0.12084995330123754,-0.25081978626604379,-0.25857921820901486,0.93285916553779524,-16.331412532664917,12.340923796752595,-5.9010176181264908,,0.6117553377115392,0.6590909090909091,0,1
0.14251838613532239,-0.92012988573499277,-0.36475951391388611,0.98611819752126117,0.10027343019661665,0.13234855387961617,-0.085202172101446802,-0.37855809669575891,0.92164763185030851,7.622768293769373,-9.1030381959720454,2.0771124138123156,,0.2546146542317106,0.4444444444444444,0,3
-0.87674633679343406,0.44110806507612493,-0.19167560054448676,-0.44945807374000735,-0.89330142218438202,9.5253773716102259e-05,-0.17118206935662045,0.086233659600855453,0.9814583307928193,9.4718217571618535,-4.5430983553704651,1.9504718484435934,,0.08991173560616605,0.4,0,3
0.64737898940833738,0.73637939578736378,-0.19658542553423605,-0.72854770916693767,0.67364507853988609,0.1241794815039827,0.22387201598289824,0.062830674187275601,0.97259119204366895,12.750416564052667,13.256215995244752,1.4241356916464056,,0.3058647326053501,0.3461538461538461,0,1
0.52711012678115154,-0.73563519312683434,-0.42543598446535286,0.84803069554412558,0.48761097666056424,0.20755595596146587,0.054761790143361598,-0.47018762007668413,0.88086590822151745,21.976462635103076,-4.722025422906305,5.1183976521031189,,0.3260420347301717,0.1428571428571428,0,2
0.84521279538596972,-0.47085092378922644,-0.25281364299156872,0.51140408862694842,0.84993687120151118,0.12678001856691656,0.15518114786106169,-0.23644602457859037,0.95917260636941937,9.2689037998946251,5.4203795582195484,0.98489363476962177,,0.09984888724879376,0.1666666666666667,0,3
-0.55563817159604456,0.82806623173208393,-0.074649434896922842,-0.82951272862611336,-0.55820651934754395,-0.017723284265590469,-0.056345854440796407,0.052074923167734266,0.99705232915048625,13.397506391365317,-8.6373980435131337,3.3896216209207641,,0.292275249937453,0.3235294117647059,0,3
-0.65698751747202455,0.7478969678044407,-0.094960662565456766,-0.74695054344837053,-0.66281070372316775,-0.052410463384556176,-0.10213857022756377,0.036497898280907215,0.99410040533788446,-13.375619474816038,8.2819797543238796,-4.7979685306030344,,0.327224605678947,0.4,0,2
-0.73061846525715723,-0.56170460736504035,-0.38818113335163867,0.6391759553750036,-0.76259031023285462,-0.099549569609368657,-0.24010571899837799,-0.32084880053359266,0.9161906411333981,-22.098670374130151,11.979915179949186,-7.217603383306451,,0.4570664865488867,0.3823529411764706,0,3
0.45418011261824703,-0.81386992052181717,-0.36240333576263828,0.89026360343861277,0.43009599608571486,0.14982706879443897,0.033928479107870772,-0.39068297457253987,0.91989981611291716,-2.5742775329683787,18.808485283013326,-2.8791605899268062,,0.7327888187961701,0.4791666666666667,0,1
0.019140300453906987,-0.93353303345897709,-0.35798006137132299,0.99619567244102047,-0.012638769880569964,0.086223220223387506,-0.085016651947244712,-0.35826852629946154,0.9297396581596884,19.924067796728245,2.4069743751073105,3.9867849957700026,0.3200348161978923,0.2445746443107693,0.4,1,2
0.91892249750716137,0.36175836297407865,-0.15720155976807659,-0.32377372105436575,0.91942914696928724,0.22320533429543968,0.22528209234160423,-0.1542106692860257,0.96201197931654936,10.125432635989979,-5.4796539022235216,2.2083665028161548,0.6790972503629317,0.4822015617103527,0.15,1,2
-0.80421261125362131,-0.43955547802126355,-0.40004131991849462,0.5409874364103775,-0.82010270935587826,-0.18645144073800274,-0.24611921815811283,-0.36636392814883884,0.89733093260212105,6.1041552377577579,11.08930875694492,-0.13362443117291214,,0.3044258086033433,0.1818181818181818,0,1
0.23231079291917101,-0.9288730927444433,-0.28848998781351115,0.97223674994853404,0.21320753509957127,0.096427428806735813,-0.028060604818483256,-0.30288170058974972,0.9526149683398234,13.702878718193316,3.1081594845180671,2.326624323908586,,0.1973558816416942,0.3888888888888889,0,1
-0.37126716779396784,0.91735720005746568,-0.1435843223369925,-0.92847117857752048,-0.36846129545311279,0.046664165093621097,-0.010097557581742,0.15063877739726078,0.98853730231850256,-21.549772485409058,13.412181293770992,-7.1313446553861297,,0.1029410804161612,0.25,0,1
-0.26342321712846939,0.96449122940537713,-0.019101755882437288,-0.96447926996310085,-0.26291237849043014,0.025628481186945412,0.019696357255394384,0.025174384532888144,0.99948902138755813,-7.4797261398543675,17.110672808473804,-3.9493394387585044,,0.3774194593497755,0.5333333333333333,0,1
0.88172259700331712,0.43955517015326334,-0.17133742826732926,-0.3929416614377565,0.88523824379143934,0.24889777507158348,0.26107874796747066,-0.15213317889462732,0.95325410213602213,24.354604975640964,-3.7196621707789874,5.5664049754873606,,0.07936032872687496,0.5,0,2
0.95532856280223111,-0.13700505267832092,-0.26187201575356595,0.19911386333910244,0.9531521383245144,0.22771620634813219,0.21840560093642875,-0.26968614489442788,0.93785306777318844,-7.1865818348926576,12.332806870303772,-3.65383247649507,,0.06921973582258051,0.3142857142857143,0,1
-0.93924207937947746,0.28837476141215573,-0.18618354734884202,-0.27357380779526336,-0.95649272515185735,-0.10138559276334588,-0.20732025470589344,-0.044290672969113452,0.97726999763454692,13.197365735277025,4.6093526532863516,2.0210941134624427,,0.7781612430807279,0.3272727272727273,0,2
0.47025600683834734,-0.77781026811483411,-0.41697778699540078,0.88172200095269737,0.43429063978639565,0.18427683856061414,0.037757132682762727,-0.45431577895672154,0.89004020803698702,-4.2204218747657611,12.555390417370655,-2.9072832657912668,,0.4186007216989776,0.4700854700854701,0,2
0.64002157767830226,-0.69994434482006207,-0.31693894405798528,0.76294852337994123,0.62778741510665115,0.15424821589268495,0.091005114024125214,-0.34053028586033729,0.9358189961917488,12.095734568967538,1.6248328689294034,2.0950376783830009,,0.183998598621163,0.2,0,1
0.92911847553290616,-0.27174880949454761,-0.25078166392642387,0.30593140501568383,0.94584928858961859,0.10851312685405275,0.2077133453790089,-0.17754353779512808,0.96194254419827574,15.524546876025083,-5.3397393902005561,3.5640254020335269,,0.1654270176600434,0.3461538461538461,0,2
0.16576332934697716,-0.95170677599233955,-0.25841194085040109,0.98491575534651732,0.14658021645387656,0.091952134366380778,-0.049633391119324556,-0.2697562838463643,0.9616486228406893,13.128192046706388,-5.9470539073107842,2.9998800164961703,,0.07452029344462913,0.3103448275862069,0,2
0.94692728595051512,-0.15679137859451897,-0.28061571360282522,0.21624298520496296,0.95662797149715195,0.19519706836654063,0.23783962342729767,-0.24551860977872106,0.93976216447582439,-5.2369556720233605,12.677877382491433,-3.2040379380882285,,0.1813440835223764,0.1578947368421053,0,2
-0.59442966115354789,-0.75095519007196976,-0.28761029266152871,0.77490900452320721,-0.63049339308215957,0.044655525846168768,-0.2148706882050935,-0.19632723647960179,0.95670591278958439,18.827855851205666,9.2538718792989059,3.2524408746261146,,0.1136366554841205,0.4117647058823529,0,1
-0.10270157686990443,0.99414493651395586,0.033589154679709098,-0.99278617698864646,-0.10454460262429804,0.058702920220339017,0.061870775724109026,-0.027317965989251673,0.99771024643706385,14.207089591525278,10.092618173285009,2.0111993097555794,,0.3717662793077451,0.16,0,1
0.88381954803237228,0.43142372480481944,-0.18093251833595081,-0.39362501914402664,0.89478089533884553,0.21077593230840938,0.25282869856825646,-0.11506832323515458,0.96064401844186376,13.971802743461625,12.118726427995338,1.7958343996513584,,0.2546144755021446,0.25,0,1
-0.40655367280047855,-0.80996048864932513,-0.42270334510077767,0.89589849197270466,-0.44413111887224754,-0.010650884015840289,-0.17910891438863291,-0.38302944544281636,0.90620551792090365,5.0852722669209642,0.57772392039689835,0.3026530655469829,,0.2793241150472595,0.2885057471264368,0,1
0.57799585327700143,-0.76310781725315024,-0.28911460157128827,0.81291902292764806,0.56939227185387187,0.12229105819905807,0.071298357322941597,-0.30571048395535977,0.94945123320938951,29.091252756381106,-3.0721398300761198,6.8838695303202604,,0.1167637087243417,0.2380952380952381,0,1
-0.34409797548697107,-0.90065253949674962,-0.26537065844554747,0.92411337647663272,-0.37487667492499499,0.074040164871081671,-0.16616573257662112,-0.21975550435708133,0.96129936420557305,23.22107279743906,-0.00089328141928385113,4.9376146401080225,0.3465685121043927,0.4133691491928405,0.8157894736842105,1,1
-0.72727261856518166,0.68623517907891995,-0.012482679194254309,-0.67573916939644407,-0.71909749378643995,-0.16209679013930314,-0.12021278313369116,-0.10945352175505411,0.98669590723113276,12.161174083241947,-8.4364204758945576,3.0028278536912985,,0.3807600771030325,0.103448275862069,0,1
-0.12722348804100489,-0.88082704737426076,-0.45602400891249328,0.98483625735758096,-0.16685033955083081,0.04752378757722265,-0.11794799822206714,-0.44306283618208586,0.88869769489387829,29.087490647100669,-1.7238564740751603,6.8105399806122886,,0.2295833105267946,0.3333333333333333,0,1
0.69742664726469794,-0.58117188423263,-0.41932721431194714,0.70816483718864931,0.64868123413422785,0.27877449641541763,0.10999379552819079,-0.49137755082989892,0.86397307104198173,17.862311069571263,-1.0163196182780536,3.6480472974819929,,0.7725780029339311,0.2602739726027397,0,1
-0.13894870347122659,0.98756562387963176,-0.073535000747254095,-0.98890277890739697,-0.13442714478783865,0.063250585874103579,0.052579004107086394,0.081507553486919349,0.99528486728759391,-8.094165125528141,15.672557172889364,-4.0851218557138251,,0.5781470123350021,0.1304347826086956,0,1
-0.46588263809131164,-0.79984654207226802,-0.37841627430663805,0.86399604935562679,-0.50349830747244351,0.00053016059409853415,-0.19095600075135269,-0.32670317339661942,0.92563537220097014,-9.9914043036686842,17.428372871472963,-4.57208700324093,,0.5060594255653356,0.5333333333333333,0,1
0.59208479076256293,0.79297533117825114,-0.14361658918939027,-0.77681583915099361,0.60902365474989917,0.16014786916850415,0.21445920962222315,0.016742523639455598,0.97658944050731589,17.713129996772238,3.923414074732221,3.2359139633543106,,0.253617187328861,0.2307692307692308,0,1
0.37474309023745134,-0.84578532295571951,-0.37975624259777008,0.92706248858883034,0.34673486974940287,0.14258356269693614,0.011079646689855248,-0.40548997222194716,0.91403234289420732,12.214008566490376,-4.7150120427080298,2.6747934252140135,,0.8378464882989429,0.8315789473684211,0,1
0.30479517451805233,0.95187634353874384,-0.032114299024287932,-0.93925601307943851,0.30599846574031964,0.15544478395458675,0.15779113880261991,-0.01721527158896561,0.9873224351444112,-26.148031626382942,5.298799398543931,-7.5535083462004096,,0.2985681223365568,0.1764705882352941,0,1
-0.95637765552222731,-0.13370984927386642,-0.25973728308613692,0.15194229328895287,-0.9870550216919286,-0.05134124718820704,-0.24951015916772193,-0.088566700062194137,0.96431354865115904,8.1492815252923645,9.2287669324527126,0.53527309645238297,,0.1104728467253123,0.3636363636363636,0,1
-0.014342137096074275,0.98345019635384001,-0.18061011708957531,-0.99636222289619158,0.001118683141996506,0.08521190840127589,0.084003713542182334,0.18117521861341984,0.97985657943981863,11.929578646789642,-7.4143513755503756,2.8254857082473332,,0.1477559135090094,0.3,0,1
-0.7330904012248628,-0.55889253650835369,-0.3875791483906581,0.63748913095988835,-0.76324666234564875,-0.10517670999909147,-0.23703601317094306,-0.32418153101847913,0.91581671933118713,-7.7615657368575057,9.6972624679799022,-3.5935647427145043,,0.3538537623290269,0.2291666666666667,0,1
0.94486036310780164,0.28639937113750225,-0.15879009553444043,-0.20946531771908178,0.90129220130945409,0.37920528547424415,0.25172043004221473,-0.32503502591382688,0.91158601186534249,-2.1711275501618816,4.1786741155067837,-1.8593094854013608,,0.5275665335205816,0.3345794392523365,0,1
-0.5157523750013091,-0.79902204273973954,-0.30913308282441071,0.83293616787813607,-0.5521051370658373,0.0373799126002144,-0.20054133718761216,-0.23820934667121696,0.95028389402192714,9.9858331193113585,7.2293295387507053,1.1157331278392812,,0.09488559465643148,0.125,0,1
-0.73470835789130318,-0.54163895076767743,-0.40844935531342852,0.63553862875695122,-0.7601436565412828,-0.135174970973859,-0.23726415701154679,-0.35889952414476545,0.90271637371117952,19.53411596311976,-6.1425638229127308,4.6017664682664021,,0.3606473669762882,0.1904761904761905,0,1
0.82060603540512433,0.55813528686019198,-0.12284435769776103,-0.51493881002138742,0.81534753678168659,0.26466283493870874,0.24787851175614559,-0.1539265923274078,0.95648463008248641,12.826849683124133,8.6166593843522268,1.73577896713602,,0.3706283766174225,0.4375,0,1
