axis_00,axis_01,axis_02,axis_10,axis_11,axis_12,axis_20,axis_21,axis_22,location_x,location_y,location_z,dbh,dbh_approximation,score,reconstructed,number_clusters
0.66777949491905464,-0.70363168079555449,-0.24284357917489585,0.73878202439813367,0.66637437809228861,0.1007288868612657,0.090948703079519175,-0.24667315622689279,0.96482158319826949,12.984128586259219,-10.204994330434825,-1.3311461461036873,,0.2317038280086629,0.4,1,5
-0.46613631580484832,0.87767988935830721,-0.11133259587322904,-0.88376005500240939,-0.46777161096842323,0.012565235936680883,-0.041049972838249682,0.10424841383922905,0.99370376266872595,5.558174489456345,-10.0851349796881,-2.666650535121212,,0.2263728762057645,0.1914893617021277,1,5
-0.8493225429520046,-0.4735446253412553,-0.23325245088519531,0.50404911004966191,-0.85877311663599931,-0.091887043708219679,-0.15679831852314016,-0.19561242791219235,0.96806511421216568,-3.7403242301865456,-16.528303327380044,-3.9223004034160551,,0.1537566305961124,0.2222222222222222,0,3
-0.29909036031338021,-0.92792917578576062,-0.22246887668429391,0.95057952307283955,-0.31009630189148574,0.01545489785917808,-0.083327826578072736,-0.20685194772779844,0.97481728802837264,8.1999479448543067,-5.1010307495946305,-2.5019701374254097,,0.1717126009952988,0.6372549019607843,1,5
0.60115141943476702,0.7991296993087974,0.0029486597287530923,-0.79329367174974241,0.59630777531536794,0.12289095760164338,0.096447505272956716,-0.076215226700888844,0.99241579891976506,-4.2345616602980378,-7.0338250447218158,-4.7112651293652421,,0.311224707269137,0.2424242424242424,0,5
-0.93178625891471445,-0.3221861835121127,-0.16724362723768807,0.32486176577772813,-0.9456869902755437,0.01187221796292684,-0.16198518708047366,-0.043268690498811851,0.98584411525809745,-3.4124804690051138,-2.8853048949625992,-4.8250360506975971,,0.1906155818349188,0.8428805237315876,1,5
0.98071092387322278,-0.085281607520983516,-0.17587817151189497,0.1102598385165775,0.98434301032886196,0.13751947508266976,0.16139656689666262,-0.15425915024837811,0.97475907934146511,1.3770722314904251,-10.114119352197086,-3.4622176033712644,,0.3159800582288724,0.5757575757575758,1,4
0.84756868014932818,0.51493434932314119,-0.12833529645845446,-0.50905659629795907,0.85722951091194655,0.077581875378223086,0.1499623759329749,-0.00042603851779982244,0.98869161233203506,12.286829904129311,4.5553581174585736,-2.4439645210183754,,0.1514076847575833,0.5818181818181818,1,5
-0.2757023198529045,-0.84762241704843178,-0.45334806599863292,0.95796632104259272,-0.28119386731946883,-0.056837810742857729,-0.079301693398355036,-0.44996249521365117,0.88951953004150408,8.0325587908194649,0.1416847166336031,-2.9210801966673583,,0.1161073626819965,0.1666666666666667,0,1
0.9196835089326767,0.37051148619584628,-0.13001339159572708,-0.35796489258747211,0.92720943260358935,0.11019892815163546,0.16137961169899417,-0.054807907165618619,0.98536932885086626,12.959011225148858,5.3709281998558964,-2.4427580202592369,,0.07816897699574761,0.1428571428571428,0,5
0.58271712365883577,0.80915222109164364,0.075587279996264078,-0.80322466512933755,0.55930104490447452,0.20496945747263814,0.12357544708653677,-0.18015278035940432,0.97584531797111151,0.2626237008922559,-2.5891985674716027,-4.1210747690040561,,0.3142044633613584,0.2846153846153846,0,2
0.61052016812473797,-0.74837344080474799,-0.25923409770129485,0.78968231439480774,0.60022719959051918,0.12700059528909163,0.060555484020874496,-0.28224900703064626,0.95742808157334314,32.128190311361472,-6.7517254082392988,1.9933687627690133,,0.2036498348087736,0.3,0,5
0.96965151314676856,-0.14844058350194342,-0.19427129541387519,0.17616944115549829,0.97517135667281718,0.13418328184933165,0.16952955805741385,-0.16433568782982086,0.97172707621551757,14.10194997822933,6.3363984282702637,-2.2437990322080954,,0.123788086067336,0.2857142857142857,0,4
0.98964538514819334,-0.020442710077945483,-0.14207078256824332,0.039989807661877118,0.98988381393113833,0.13612806543953157,0.13785074152158233,-0.14039989502066014,0.98045144833394859,-9.5710031905198516,-17.216511975172896,-5.0100759263422985,,0.3005018805855149,0.7358490566037735,1,5
0.10861072073206438,0.98898274191531022,-0.10058254090912951,-0.99256547684913754,0.1134793551233672,0.044002387753729631,0.054931643970541934,0.095055626632303686,0.99395520137289606,2.3372051140013714,10.433093128414596,-4.8218485284023265,,0.3808680386581981,0.6216216216216216,1,4
-0.67769633553387332,-0.62626361616979853,-0.38538495023273561,0.72265347731963303,-0.66414872175839534,-0.19151612753116531,-0.13601333949949027,-0.40828955221584856,0.90266273492904303,-3.1294578968472302,11.273291094532935,-5.9071076551851229,0.6000564995892687,0.5627081646572383,0.1428571428571428,1,2
-0.014602238398474519,0.9934149509274699,-0.1136376254043043,-0.99944837244433349,-0.011110835782221554,0.031296967051073002,0.029828265992671472,0.11403194553279972,0.99302919893922414,5.0111378235407598,-6.1130045298569948,-3.0132032127823316,,0.08455963465962242,0.3835616438356164,0,5
0.93543344149878294,0.3486066306952379,-0.058631847668794465,-0.31345491282644006,0.89465155120119677,0.31834669710593994,0.16343284293773847,-0.279413705763705,0.9461594405176551,-1.132931519805574,15.510391041434472,-5.8835058181979116,,0.1098132794506408,0.375,0,1
-0.62830978204801535,0.76709746274373813,-0.1295696740556794,-0.77286311196710711,-0.63451228125739201,-0.0087621398105460768,-0.088934964683721668,0.094634283352597728,0.99153160538181839,0.25834766655552915,6.2825843495595475,-4.7511540668984784,,0.1398055721001064,0.6518218623481782,1,5
-0.48141961170255471,-0.79776992537058533,-0.36304036089995867,0.86586241296864142,-0.49717461928714413,-0.055674767577471203,-0.13607879804100048,-0.34114592788262077,0.93010860474077039,-0.18007462271335009,-4.6670911040654239,-4.0727727130220108,,0.5222091946796388,0.2794117647058824,0,4
0.44866838322391994,-0.82873683548426247,-0.33450252526216462,0.89260794755160455,0.43403121138433987,0.12193424257342791,0.044133137923184969,-0.3532876520001425,0.93447316766255017,9.5130091159321051,0.78314963485262479,-2.6825063593909344,,0.2220002523256346,0.3076923076923077,1,4
0.82044363778601781,-0.5138818267899381,-0.25059470327898536,0.56018353539779209,0.81017868211779742,0.17264098502702335,0.11430942168376765,-0.28202122462131496,0.95257408372127028,3.5896600678282633,0.70481323913975935,-3.7012877422731618,,0.2536841363510464,0.4317343173431734,1,4
0.83741187021608854,0.53650210298284629,-0.10443588040600535,-0.52467775422613216,0.84259480915586293,0.12143822217003393,0.15314899229644385,-0.04689862555107311,0.98708961350021562,2.1966432911437108,10.282223420322254,-4.8342846523777112,,0.2014136874798433,0.3448275862068966,1,2
0.31199335611222401,0.94156478518003994,0.12694841885858879,-0.94629363836273284,0.29603805080319723,0.12996084976201347,0.084784997116541222,-0.16067740284653728,0.9833586713292557,-16.397784279022691,8.210491252282079,-8.0301415563451162,,0.2741153018775274,0.1153846153846154,0,1
-0.98102717051419575,-0.055167004848050642,-0.18585556835620073,0.1044437236962906,-0.95804037521369645,-0.26692723360656356,-0.16333156245307937,-0.28127431634704092,0.9456254859457528,-15.827019909358198,-10.130981437580607,-6.5179679359212175,,0.4560576474346361,0.3529411764705883,0,1
0.79428892715064425,0.59872253343966531,-0.10313306044846761,-0.57531826473529002,0.79579518336790533,0.18899449830727028,0.19522805758356895,-0.090781903923803767,0.97654731142536877,-10.354994514852489,-6.0157347857813628,-5.8765944648177708,,0.2591623148686515,0.5434782608695652,1,5
-0.24002012791176161,-0.94818124974536899,-0.20818899065160087,0.96807280687919839,-0.24975407137160358,0.021399635845938594,-0.072286781490479887,-0.1964057572084352,0.97785448802832087,15.561322511032616,-7.8896607373575467,-0.99804614468996855,,0.1076963055438798,0.25,0,5
0.97173504994349924,0.20187059594861531,-0.12238976755700599,-0.17903530541789048,0.96809819517141937,0.17530614341706599,0.15387446872444349,-0.14843903461419161,0.97687691183566161,-9.4923377121229091,-11.745537433476052,-5.2961273514788285,0.3781535217839711,0.2455052065119627,0.148936170212766,1,5
-0.6223643371422839,0.77495998315366521,-0.10999843800670932,-0.77933908160531307,-0.62658291741380245,-0.0049440355778022351,-0.072754571925290015,0.082649090228981106,0.99391946361276629,17.463992772314381,3.8368121314369921,-1.4270533865436972,0.525047170022049,0.4192915135240555,0.4347826086956522,1,2
0.97056841474421396,0.16541446206439958,-0.17502859206669452,-0.13969149916014439,0.97871575956488432,0.15033877424578021,0.19617144889941418,-0.12146405937262926,0.97301759743461347,9.2466204665804579,4.3166481696900201,-3.0784918496788585,,0.2733258772123791,0.2826086956521739,1,5
-0.98632702181350462,-0.053665551330206854,-0.15581724757204657,0.054577923729610373,-0.99850826435197626,-0.0015799563823042089,-0.15550002019893233,-0.01006253552689833,0.98778463700186336,-15.239935954464277,4.3077402024511358,-7.4410770069509313,,0.1069373548025283,0.1978021978021978,0,3
-0.26870197718244182,0.96271297565296299,-0.03135241565915118,-0.9632183804839477,-0.26866290531846393,0.0055312569749973416,-0.0030982182182387511,0.031685482720953166,0.99949308713397955,-19.550278956673075,5.3305265477633288,-8.2468584897888633,,0.4330697100275455,0.5614035087719298,1,2
-0.96619839448275802,0.19863774928812455,-0.16432804707867049,-0.19383206562830524,-0.9800046419622539,-0.044944766844430772,-0.16996997626994606,-0.011573516759566832,0.98538127690585398,-5.1533418953876629,-18.81612123971642,-4.1119186245775818,,0.2964624178654839,0.6444444444444445,1,5
0.38549761440979896,0.9222170516454169,-0.030121403333639548,-0.91572260483198886,0.38638444690361551,0.11026862740917855,0.11333005022530873,-0.014925442888605934,0.99344528327961168,7.495778730012014,8.1802700265740977,-3.6743188557093776,,0.2326020914409992,0.25,0,2
0.67388807782654991,-0.66821403787840716,-0.31522191888488926,0.72233600496067973,0.68552380071158669,0.09103743513184745,0.15525963577402346,-0.28904518373461036,0.9446413749456154,-2.4157131462937702,13.763586100203332,-5.959257762437324,,0.2260877120206151,0.2142857142857143,0,2
-0.59371720299393049,0.80372704327031763,0.039022080736644732,-0.80189589010900209,-0.58694542455686616,-0.11161563518634741,-0.066804672705999185,-0.097559768899446259,0.9929850085459152,-14.233322725208271,-11.339019236578608,-6.1486289572907209,,0.4845516378539686,0.2222222222222222,0,2
-0.15315663601878365,-0.97114675033667386,-0.18280326625618082,0.98635738957415797,-0.16152960434045105,0.031737784328317975,-0.060350185383835235,-0.1754485002276614,0.98263710437373664,-4.3325949450680286,14.236720953395769,-6.3690660450157193,,0.06678607463793639,0.1153846153846154,0,3
0.80210499323163009,-0.4967860912715224,-0.33140784443348681,0.58708516715586412,0.75759631719269294,0.28526974371923991,0.10935532149126839,-0.42338091560110785,0.89932753430900259,6.350056505577931,-0.2362910667106527,-3.1560619419979354,,0.3072380506482834,0.5,1,1
0.78411127041412587,0.60278101714615373,-0.14773138115442364,-0.60240484648004244,0.79646789040386878,0.052414697299205955,0.14925788604593687,0.047895145096962986,0.98763765548364879,-7.3495415227420118,-3.0219157363751363,-5.5286131501917364,,0.06954519231709595,0.2215568862275449,0,4
0.91431333453809016,0.38571145862387474,-0.12352245533538758,-0.37270606044513083,0.92065993894398546,0.11608388919711993,0.15849706241224237,-0.060099480113406892,0.98552865696375869,5.4176633712819022,5.4327464344962708,-3.7926051593466461,,0.2183051420391813,0.2564102564102564,1,5
0.88130221621334615,0.46983030816157773,-0.050654567713500888,-0.44564793771784794,0.86198952935161244,0.24160291160500375,0.15717607739498335,-0.19035107780357613,0.96905219047982327,-2.9164719048366781,-11.085038996275815,-4.2083323692982324,,0.3685476802436037,0.2962962962962963,1,5
0.31088314543534196,-0.90982277619401053,-0.27490759502576601,0.95031401687619177,0.30241196805633747,0.073825950078067082,0.015966815990189058,-0.28419978447373123,0.95863212093702543,-11.876560513193466,-10.81456028993405,-5.8137234711337484,,0.3155724651509016,0.1428571428571428,0,2
0.95737789570978216,0.25962163716201303,-0.12658661194465595,-0.24842274348206139,0.96371298695274032,0.097690425833212913,0.14735571019528476,-0.06207966088780336,0.98713343088809413,-16.802383368114523,2.1639937547663286,-7.6154339773127457,,0.168032911076149,0.2580645161290323,0,3
0.95746962538308655,-0.2372262244613354,-0.16424260986903377,0.24809459662037808,0.96750248946753148,0.048867207838183935,0.14731255070951513,-0.087536571225679496,0.98520879061319155,-7.8913214314126465,-0.67607998046897633,-5.7833496073993196,,0.259275971834077,0.9363103953147877,1,4
0.27596821366929769,0.9566749081845658,-0.092815220164742904,-0.95775660369620752,0.28183112127848181,0.057214571179200313,0.080893962200419431,0.073104987032121191,0.99403814199986862,3.759270445860559,-11.793888907947988,-2.9634213757058729,,0.07209194230546787,0.2580645161290323,0,5
-0.94671083202503992,0.275305562789188,-0.16716891943117149,-0.27382095751784613,-0.96123712945456785,-0.032330545648860773,-0.16958975131318235,0.01516667581481055,0.9853980354122196,-4.4065762594147637,-10.441229112287628,-4.5328447595662658,,0.1434017193278386,0.3181818181818182,1,5
-0.79180623751257329,-0.57182260149077258,-0.21462011709182247,0.58949133692440814,-0.80743116917840629,-0.023555694221698367,-0.15982129372288395,-0.1451682453690111,0.97641350595392062,24.557187870638042,-5.533346857239601,0.46003619864569517,,0.1303440045843389,0.3,0,4
0.72499816238656789,-0.64267982391719836,-0.24766975686558498,0.68318632023172987,0.71665420042542283,0.14022556422002919,0.087373430654446596,-0.27086786620482711,0.95864304236421394,22.82011099858973,-3.5029340994524474,-0.044883870687780769,,0.2679146334654544,0.6857142857142857,0,5
-0.12842750471035957,-0.93891949149905429,-0.31927506090678048,0.99010527825884365,-0.13974997195927613,0.012707608010935996,-0.056550101660816074,-0.31448391663253528,0.94757688457539568,8.1612283767059708,3.8733006211831893,-3.1690819972451703,,0.09297735724764404,0.2285714285714286,0,4
0.88314093395084448,-0.42597654075878805,-0.19648429327457259,0.45038840503279637,0.88708078866164364,0.10118279991901657,0.13119594274384222,-0.17785291988217258,0.97527225096223347,-0.34838901811841755,-9.7972422681665492,-3.8027040829675678,,0.07853693373674152,0.1555555555555556,0,5
0.96368924908257214,0.22627017595668827,-0.14179153245239454,-0.21047635937054307,0.97043765245587499,0.11811208592711145,0.16432508435656173,-0.083979581854524005,0.98282485544615183,24.70089959189939,-7.7793990881946922,0.68738118975580453,,0.07587367903346838,0.2666666666666667,0,1
-0.19450741997540358,-0.947095089759183,-0.25529934298496726,0.97847393099521363,-0.20563717044080435,0.017381613730392605,-0.068961075522970747,-0.24642289886928873,0.96670581097641628,14.534300463706387,3.5180776581295286,-1.943614917775323,,0.1304988095003691,0.5,0,5
0.98331422982723915,0.080208355021131009,-0.16327812224565136,-0.043461687416516091,0.97514014325725484,0.21728502648624481,0.17664712606258479,-0.20656311576131717,0.96235516939475352,-7.8977252038438586,-2.0455584333398451,-5.7039181321201129,,0.1346913994481193,0.411214953271028,0,4
-0.57408754814572771,-0.75793041829896735,-0.3097821300223404,0.80957839698084855,-0.58203636782880708,-0.076265887961583595,-0.1225002294118091,-0.29457621686382152,0.94774392440798716,-20.946681146662243,7.2999309644984187,-8.6667668308389683,,0.07135193004099226,1,0,1
-0.85294961100484612,-0.48046074803177785,-0.20404516825307659,0.49889500122180636,-0.86533842816915796,-0.047887185025064151,-0.15356021243335027,-0.14264247030416796,0.9777895411707721,11.317720408635374,1.3493531336780118,-2.4080831731569723,,0.1529129347987327,0.5098039215686274,1,5
0.53494761500574672,-0.76666495978030968,-0.35504350246796135,0.8358457013760654,0.54153479868623611,0.090011250980136445,0.12325993952138208,-0.34491288937485598,0.93050636002784604,9.4206530338132772,5.5014718015199557,-3.1312656916955381,,0.4600245894611363,0.4615384615384616,0,3
0.94985518469889174,-0.24129056118014816,-0.19888185735758646,0.27728292229629509,0.9439561889068897,0.17905556240230913,0.14453134297951084,-0.22522339689683579,0.96352743208836011,-14.864158648557728,11.451270327943611,-7.9581496808654455,,0.1241483706259736,0.3333333333333333,0,1
-0.63925814001305792,0.76471171359609502,-0.081024845053651193,-0.76153776534446471,-0.64417279253539905,-0.071425802839756081,-0.10681414878752532,0.016043953567257224,0.9941495507079039,8.9142861989660087,-12.605719143878586,-1.9482369009282698,,0.1858005731770268,0.3478260869565217,0,5
-0.93822333428716276,0.30338871561051783,-0.16640992229816021,-0.30231736997959052,-0.95265799343697011,-0.032356689405280824,-0.16834839710464405,0.019950809027371133,0.98552563762260947,-4.0291329126375386,12.985490260457576,-6.1981429851520042,0.1345462887672097,0.1207846729958111,0.2,1,3
0.76670598315691763,-0.61517457727931268,-0.18363598465606293,0.63346101522409504,0.77139468276656109,0.060641451093571129,0.10435074308619714,-0.16282040065266479,0.98112203091596251,-5.7339690578378457,8.8026725875700844,-6.1117661478097913,,0.06890176801066385,0.2127659574468085,0,5
-0.86072594866439023,-0.44374034425734826,-0.24949017650832658,0.48297913654672059,-0.86670052849788637,-0.12474513041425463,-0.1608788207203484,-0.2278699207439529,0.96030896291963019,6.5975899429126788,-13.944165476032081,-2.3058160545465984,,0.2330766498774473,0.3225806451612903,0,5
0.87098088718684674,-0.45295370381321254,-0.19032928402404634,0.47495000476484672,0.87537859664652984,0.090193156652953285,0.12575685718514801,-0.16895340995388219,0.97756839051591182,10.22893556676418,-5.0377345831247524,-2.1310373873108568,,0.1294387035920343,0.5584415584415584,0,5
0.11519028393659225,0.99284916993785166,0.031332479000672694,-0.99181379794211055,0.11320587199983351,0.059074704877849313,0.055105251095108609,-0.037880817024948422,0.99776172255868234,2.0402914820790858,-14.730426444129481,-3.1042896290972153,,0.3595377069320124,0.2142857142857143,0,3
0.27627183300734459,-0.92059030993626079,-0.27602057086061677,0.96100917933456975,0.26808848687744058,0.067748951567245058,0.011628908867923265,-0.28397542931602948,0.95876103593299944,-6.4950103478977139,-10.930859929357714,-4.8585932802052696,0.9892955431437549,0.275599272057888,0.3333333333333333,1,6
0.97944135412496791,-0.037349753688354061,-0.1982413421294055,0.072207368194016006,0.98250973925823681,0.17164121952842529,0.1883632920936098,-0.18242699406099572,0.96500759687658755,-12.362009585651396,9.1349207088595286,-7.3297578690741139,,0.1571282171552598,0.5151515151515151,0,3
-0.97617562051975548,0.17184570958399792,-0.13247720558814416,-0.1561153081499764,-0.98027167489303424,-0.12122480754220319,-0.15069561527831241,-0.097654981951657144,0.98374505642260457,6.8669719614417355,7.0778908695562439,-3.6922814842768958,,0.4500538896290799,0.1282051282051282,0,2
-0.96683194471444034,-0.17017877080559551,-0.19046043328416026,0.19416265502406724,-0.97418398763994019,-0.1151799532034565,-0.16594232152678381,-0.14833996155130286,0.97491456124793829,-7.5380035453256005,18.933636520555467,-7.6159621983131842,,0.1727925040677276,0.1428571428571428,0,2
-0.67110344015453249,-0.71242431039893817,-0.20511405257892676,0.72937380583141342,-0.68403411762863275,-0.010544064065570555,-0.13279316239834277,-0.15668097482661059,0.97868128016613865,-5.0481137981710162,10.005694775197329,-6.1702271543866951,0.8115347126581921,0.8575887746103353,0.8888888888888888,1,5
-0.33168536970294277,-0.90189533783862663,-0.27671215208221694,0.94062669809799926,-0.33860148540203083,-0.023884072282464152,-0.072154212283676147,-0.26820483528170808,0.96065599252866496,9.6042751989553494,-8.4371331105391185,-2.0548658315173127,,0.2599644773150623,0.1875,0,2
-0.65117038768445501,-0.7268838056049004,-0.21821333449680286,0.74722311858445722,-0.66436208409056308,-0.016752082729072186,-0.13279584803673106,-0.17396250852462639,0.97575729993273674,-3.0343767470529319,-19.141977733591698,-3.7152462282486352,,0.09712227324679078,0.2142857142857143,0,1
-0.72526854666506724,-0.65359925250731077,-0.21631817385561058,0.67910282646416298,-0.73081718214133873,-0.068742980553500241,-0.11315867755822513,-0.19675940488037344,0.97389981532208714,19.553782226942733,-13.101308732702645,0.0073273254683576036,,0.1705989778607284,0.3333333333333333,0,6
-0.93073844574100728,0.33326265905275598,-0.15053885113385274,-0.33664550310019115,-0.94162606322083386,-0.003187837143486257,-0.14281369283802234,0.047711184687876822,0.98859895407270493,15.645351390214389,-4.6061020763109326,-1.1669924970992382,,0.1807930380656258,0.6578947368421053,1,5
0.59708865427626279,-0.77515038838017281,-0.20646310645882734,0.79930559167622184,0.59666006439380859,0.071465646801114766,0.067791666520945329,-0.20769844234284407,0.9758409947315545,1.4931891395035215,9.8423333998653266,-4.9359682886201171,,0.07363521914139091,0.3333333333333333,0,5
-0.98495885812990069,0.051522431077919373,-0.16492873275225264,-0.040278017420887172,-0.99667612396656935,-0.070812323981205613,-0.16802895317202232,-0.063104223399052764,0.98376019836397,-14.807924795088432,18.121552339528076,-8.7259314703030757,0.3689481200783062,0.2514676599924761,0.4375,1,5
-0.7911039688283279,0.60279425232099593,-0.10389225126465895,-0.60399285518307733,-0.79665538751743803,-0.023082989997708612,-0.096680615388307814,0.044489132473127219,0.99432066040082168,12.455024372565743,2.1165052067677288,-2.2107217630064535,,0.1636492100657508,0.4358974358974359,0,6
0.049926155528662385,-0.971521900991971,-0.23163025468853499,0.99840434789426902,0.042421269955995884,0.037271892374025596,-0.026384410168663063,-0.23312149568040333,0.97208962094643536,3.5471319047324132,-7.005764202968332,-3.2329984738261262,,0.09656588087137244,0.296875,0,5
0.70777078764211687,-0.68173673554485781,-0.185190538551782,0.70118627271614165,0.70985504477764316,0.066660530737279358,0.086013505421550576,-0.17703343981398467,0.98043910472437135,-5.988321024841853,-9.5365512666952643,-4.8761225407350341,,0.3024555576549659,0.6280487804878049,1,5
-0.92828528827776757,-0.26399214783842789,-0.26190564989460752,0.33423305240689194,-0.90104545215956622,-0.2764151946281822,-0.16301745380736066,-0.34412968343666256,0.92466213869280311,-10.126975868016375,-2.8974778158978975,-6.040421626734636,,0.4145715108860129,0.218503937007874,0,1
0.1112186936998857,-0.87412377928531404,-0.47279807598979562,0.99363924994921882,0.089362069630607166,0.068523437389626157,-0.01764775147282335,-0.47741181279823414,0.87850242906246945,-12.163030098170092,-6.8099083989154297,-6.0885876161698524,,0.6888580069402761,0.28125,0,1
-0.29676685798947727,0.95400637062289684,0.042441451553671662,-0.95488514432574068,-0.29593567886300037,-0.024828111525163232,-0.011126236788074518,-0.047894872239356755,0.99879041248307587,-15.802842101700062,2.3613242389533071,-7.4111442961610683,,0.2868244111979771,0.1900826446280992,1,3
-0.92709742684177687,0.34649345490328121,-0.1429428097266337,-0.3244769654571884,-0.93282660529764905,-0.15668191770769074,-0.18763011493641285,-0.098877753605412802,0.97725029025879384,-8.9494293029768865,14.262166688131387,-7.1843696608316794,,0.2074281191658963,0.3666666666666666,0,2
0.74581925844833208,-0.62840732532380494,-0.22103815780756614,0.65940030357043833,0.74354727429927603,0.11103463663799827,0.094577340725963965,-0.22856439871839135,0.96892385782356827,-10.490233476730305,-10.016163799449824,-5.6371448811406779,,0.1588501524362535,0.5538461538461539,1,3
-0.23053631053408394,0.97167969953788991,-0.051880353037438369,-0.97306301598007139,-0.23027252689700511,0.011087393211960178,-0.0011732250853837419,0.053038899521246533,0.99859175776714459,-8.2855599756130136,-11.912942535198312,-5.1033069562848716,,0.09220618305709309,0.2,0,5
0.37346564205334437,0.92043913745679973,-0.1153915440726342,-0.9228750429252558,0.3812570273363971,0.054265405668086977,0.093941840259766665,0.08622571162012653,0.99183670899206622,1.1514271373862153,8.0521912914109599,-4.8466284251571379,,0.06574241877875947,0.1666666666666667,0,1
-0.98253411284413716,-0.089333461933658084,-0.16323679020531109,0.09239841452886273,-0.99565838317816591,-0.01126574452017726,-0.1615216706517659,-0.026151798905412388,0.98652259645883145,10.843380169739243,2.4760873283821456,-2.5410664278908399,,0.2968645574098957,0.7218045112781954,1,5
0.48890146578738353,-0.81225304005229171,-0.31815146656389814,0.87100652852395311,0.47468152224024202,0.12659020385614411,0.048197344528524227,-0.33900214065621792,0.93955019270441409,-1.2201536255510022,7.2077863114160978,-5.1647445370278211,,0.6664933065310654,0.4022988505747127,0,1
0.22806115570560148,0.96822893707617952,-0.10257112004145073,-0.9709801266860868,0.23396254283235318,0.049589536518208917,0.072011824299186164,0.088285072122933836,0.99348882389353133,-14.051674667444058,-9.9157634301562378,-6.2344469916367187,,0.09943934631360421,0.4074074074074074,0,2
0.84249747201564051,-0.50331688481501602,-0.19201594493000568,0.5255117679615765,0.8462774283859491,0.087475116109457546,0.11847105714541928,-0.17460420288347267,0.9774855400231115,3.7636662845065496,-10.444800328528844,-3.0608614581977349,,0.06610482189230624,0.1428571428571428,0,5
0.58942720905730528,0.79928402339579607,-0.1171350296330877,-0.79824253381249,0.59854607789443592,0.067464433961931844,0.12403395678414603,0.053736789831704684,0.99082184825681574,-6.6350252222539225,-7.5055058848437621,-5.1114496402085958,,0.0821555639887047,0.4042553191489361,0,5
0.19612963153007745,-0.95179840198230059,-0.23582402256728521,0.98056888414779853,0.18933589058346778,0.051347677436346113,-0.0042226859956641313,-0.24131249971956395,0.9704382754209967,-13.651131643853137,-8.6830579291716994,-6.2470071947645724,,0.09068815598462338,0.3571428571428572,0,2
-0.0033429153289600182,0.99787253965587419,0.065109289028841735,-0.99764885670431791,-0.0077848644337499898,0.068089313422277309,0.068451323096579975,-0.064728590950877143,0.99555242246696563,-12.876544447086838,10.917542659935794,-7.5691898774527067,,0.6430344029450091,0.1707317073170732,0,2
-0.020381209779617136,0.99220762676766938,-0.12291717403190472,-0.9994318404278042,-0.016918336146158706,0.029150750267167989,0.026844042672676104,0.12344146501931962,0.99198871066503236,6.2103741739243166,-13.07162124348962,-2.4215107615828235,,0.1916609872392284,0.2857142857142857,1,4
-0.27545845606633151,0.96051604586636163,0.039135209400271549,-0.96111044622435193,-0.27600773236245096,0.0092974100998928343,0.019731931988045671,-0.035052208338246425,0.99919066926719857,-7.8206037579632737,-6.4419519671242478,-5.3988476972873505,,0.2510042638147534,0.3492063492063492,0,4
0.9754294231177062,0.14523373151846689,-0.1656641293264195,-0.13226560276454943,0.98740189315089955,0.086852240773337197,0.17619094994235426,-0.062806565192193298,0.98235028606254782,5.2863064673647981,-13.454433666453534,-2.5941971211130395,,0.1021800550248769,0.28,0,2
0.63572497272517081,-0.71722738464628621,-0.28537455697211245,0.76726127952923184,0.62766071084749575,0.13172760148724766,0.084639754186478372,-0.30269937359014332,0.94932038914129946,-5.1774373008276235,-8.1412134990372866,-4.7731851514818802,,0.2082909282443179,0.2903225806451613,0,4
-0.70905301993977976,-0.64848428021566928,-0.27696922794318324,0.69178169200431228,-0.71583515158078082,-0.094963816103666818,-0.13668176733540097,-0.25893662173297433,0.95617462861319724,21.464290155910991,-4.2001496547891994,-0.19927863111147009,,0.6038435647942533,0.6666666666666666,1,5
0.96433742366163133,0.24929758822929843,-0.088904700824549002,-0.20635846799604363,0.91851477889001709,0.33726367080809178,0.16573930134996115,-0.30688974154193938,0.93720284385203867,-3.3378322196844112,11.76607289610784,-5.9887129098829064,,0.3851740409091634,0.2765957446808511,0,2
0.35934553250992973,-0.90816433405791885,-0.21472850441963307,0.93292556274298688,0.35522511848667399,0.058864331957564762,0.022818471592924404,-0.2214783455357785,0.97489828177759041,-0.056393076739118822,9.610625292992351,-5.2550278622559059,,0.07341399683221668,0.1666666666666667,0,5
-0.51276218358149694,0.85597091395350466,-0.066247547534522819,-0.85672935730328736,-0.51515666812390071,-0.025068219365947209,-0.055585532501121276,0.043902183921587686,0.99748826901547261,-1.6714506012505592,-11.461596652148128,-3.9896158848978907,,0.08684552463951342,0.2105263157894737,0,5
-0.60781770594096285,0.79321862982541214,0.036903138654598433,-0.79129831850547183,-0.60115256703212094,-0.11163584675678123,-0.066367216870059587,-0.097055635841441543,0.99306374220204796,-1.5416382305981917,9.6403243433982411,-5.5162900796170069,,0.1990585301997142,0.4545454545454545,0,2
0.98418581899469137,0.097852694153297143,-0.14765880920788169,-0.065082816084572573,0.97502422444710202,0.21234874332528739,0.16474981256514387,-0.199380570739148,0.96597354377409406,8.5535340043105066,9.1783337794342028,-3.5056737525640806,,0.1364733180070889,0.1111111111111111,0,5
0.72773434089255007,-0.64115821204277246,-0.24355466781772342,0.67824597481922599,0.72551610287135526,0.11665668483151405,0.10190744196183144,-0.25008504874237641,0.96284595947031959,10.72876503610231,-8.3765623943588547,-1.8641609086778241,,0.2285372198860388,0.3866666666666667,1,5
-0.91899177188914494,0.36763667140190437,-0.14246894763624388,-0.37188471573946758,-0.9282724994363043,0.003453257831815321,-0.13098046189957488,0.056155539627055676,0.98979324809263558,-16.960952090406501,4.084462081009514,-7.700751184917916,,0.09030086709478116,0.3294117647058823,0,4
0.73354245370307547,-0.64121260490671261,-0.22530393676990865,0.67282502605521199,0.73196054773117647,0.10742551316554022,0.09603099983377629,-0.23039130164531807,0.96834802379986362,4.5585814723554652,-8.275502945716191,-2.9663852089995553,,0.09119103469969347,0.2432432432432433,1,5
0.75180377593007686,0.64919705398436733,-0.11547409924003493,-0.64560702498742006,0.7603321815889339,0.071320003695353976,0.1340994100813708,0.020932241595946928,0.9907467837331585,7.7494412045273258,-12.233901026984078,-2.1985004337647642,,0.1519367762947639,0.391304347826087,1,5
-0.53801007665649436,-0.73483509187212681,-0.41299218536112475,0.83470387393595713,-0.53274634080321526,-0.13946605033875481,-0.11753552761774082,-0.41976031745993941,0.89999259754375327,-22.517353298216797,1.8578909206058682,-8.6166104701515991,,0.4981445913178185,0.4,0,1
0.50261250177169425,-0.8292654502012321,-0.24433478296253047,0.86442901813470285,0.47816328970364047,0.15531368576679508,-0.011964349939425448,-0.28927267669508755,0.95717196618381317,7.2928657432973596,-16.947504431464036,-1.9798410913836106,,0.2544046085928998,0.275,0,4
0.82460092508557514,0.54912395744397757,-0.1360007121638602,-0.54598967161657608,0.83543790054651701,0.062759802568603987,0.14808306059788121,0.022503192917707665,0.98871887484384136,-20.427898652954596,6.1724883662074532,-8.4548850645347304,,0.1065999909310211,0.4047619047619048,0,2
0.72718569569332137,0.68642210463515485,0.0050653970490428741,-0.67150030391366244,0.70980782427992961,0.21274443455670367,0.14243702405933348,-0.15810612530587462,0.97709474838312571,-12.889908330923634,-8.0137970157634868,-6.1554590033472891,,0.1679847389747794,0.2142857142857143,0,1
-0.98678608418987046,0.017191253595371804,-0.16111388782175159,-0.018063440003387474,-0.99982903930148825,0.0039502284371446756,-0.16101843430012724,0.0068083014975261775,0.98692791572953953,1.0821351404930208,-13.094707371040926,-3.4063708286756151,,0.1517333753587822,0.5614035087719298,1,5
0.86256550330620596,-0.45091766317639737,-0.22946462372585832,0.49067562407210219,0.85613291507001543,0.16209214563072388,0.12336200568880902,-0.25240779062710378,0.95972502456858944,16.825765907372269,-3.8729601831144249,-1.0236704914774584,,0.1177422450117147,0.2,0,5
0.0078108693462098852,0.99895318272455991,-0.045072486558104585,-0.99942404789120731,0.0092872243735727337,0.03263923957739661,0.03302367055328969,0.044791586128524179,0.99845037482855448,5.2615370207670562,10.85165064503504,-4.281403733663959,,0.1884125479259811,0.2307692307692308,1,5
0.057966137550865278,0.99813129538701673,0.019335047620064893,-0.99824977545853866,0.05772393939533417,0.01285817318523684,0.011718049940664561,-0.020046545580718014,0.99973037530919739,4.6406323142488421,3.0661614016198855,-3.8433096775017335,,0.3408034278321374,0.5036496350364964,1,2
0.84761882902689589,-0.48254835164863463,-0.22065676740190582,0.51827612656516731,0.84206456014675624,0.1493892003374275,0.11371973140875771,-0.24098623376872558,0.96384306700950262,-13.668780148163204,3.5798101430247256,-7.0712016740040271,,0.08227850307171403,0.2619047619047619,0,4
0.65038584812703537,0.75916350400184995,0.025865474047650341,-0.74966055128280984,0.63600828226383443,0.18303694365389758,0.1225043117870962,-0.13843496337067332,0.98276571699979964,-0.9495781436277102,13.120141150370062,-5.6459408644189351,,0.2432408526234406,0.2068965517241379,0,4
0.73736312030631723,0.67548634854996004,-0.0037177593754232356,-0.66003909761529711,0.72164968907183558,0.2087345584269831,0.14368026458534924,-0.15145929877417638,0.97796526645046,-8.4959658137221261,20.171113076685511,-7.9226686963045738,,0.1341179892361411,0.5,0,1
0.8081302803349919,0.58582937947982061,-0.061068716573836147,-0.56069918684935327,0.79690389016183749,0.22485686938896102,0.1803936580707908,-0.14747246516966628,0.97247622086332797,-14.106810313694087,6.8620257223609071,-7.5146231826090499,,0.3563235567060199,0.2658227848101266,0,2
-0.70657727543601923,0.69435228770401103,-0.13646777787308967,-0.70181273922942533,-0.7122978537992033,0.0095208470390056744,-0.090594883369334633,0.10250203916632954,0.99059875786013485,-2.1942235528710845,-13.410056461121576,-3.9483784600865914,,0.4021916922053875,0.8848920863309353,1,5
0.011767295135774243,-0.96822196743444644,-0.24981543695808575,0.99967892293195626,0.0057844810430060191,0.024669633654947624,-0.022440628573946107,-0.25002552181014415,0.96797916125956629,-4.7533258291631553,-21.508764809336416,-3.8969760846126693,,0.1740657325015064,0.16,1,5
0.17356780282149112,0.98431169859481937,0.031696968831439187,-0.98280589979986943,0.17106439377280305,0.069494866729220728,0.062982387556274319,-0.043214039298874095,0.99707861558915534,5.3605455100288566,-11.352657679887439,-2.687133725485733,,0.1002970531237752,0.1428571428571428,0,3
-0.94014680351975799,-0.26722959628444426,-0.21145290421565979,0.2900599191863858,-0.95322853405387231,-0.084974143991541462,-0.17885533571345127,-0.1412221821639961,0.97368735441704812,-6.6581424674352645,11.112279080620548,-6.5201636842131272,,0.3032243221023637,0.4166666666666667,0,5
0.89396272707947677,0.43322055274051302,-0.11467604490837757,-0.41838594675711949,0.89850684620543653,0.132810567644702,0.16057347897075858,-0.070748851617277675,0.98448502164637486,11.256742601762417,16.615717213973738,-3.5319122709478172,0.6068706413699856,0.7419823822125823,0.8611111111111112,1,5
-0.42187054572176746,-0.87270419617060613,-0.24578980580698079,0.90104578459827667,-0.4336715431168604,-0.0067443864299599563,-0.10070619002868475,-0.22431312640337484,0.9692996877194634,6.6244120177262298,4.7350639803127441,-3.4662466030757342,,0.08545167936628568,0.3333333333333333,0,5
0.95881462840808751,0.24457503223794064,-0.1444214733219096,-0.23169283647488487,0.96759470267002834,0.10039382894940069,0.16429527648987063,-0.062797650996749582,0.98441023824034213,-12.844884445645654,-2.7110276360094807,-6.5734380384801385,,0.08652039096393116,0.3793103448275862,0,1
0.43465996184303868,-0.84416728166126875,-0.31377112381994604,0.90056612831619665,0.4101857812045015,0.14397316912268179,0.0071670147330465551,-0.34515101835323703,0.93851979650380291,25.960698305893093,-4.6572481529521834,0.63787731095469891,,0.4742049717279327,0.35,0,4
0.16566300435378009,0.97962501088132925,-0.11353680920403822,-0.98377509376553096,0.17219905931201221,0.050339337090176725,0.068864605386946123,0.10335531930100562,0.99225770044736206,-1.0305249094891369,-8.6166010447332635,-3.9885169499537754,,0.06542616979237494,0.1142857142857143,0,3
-0.82392734529868505,0.5531437212307142,-0.12318990759027301,-0.55252058716996089,-0.83242418442134136,-0.042319947351419307,-0.12595527151502539,0.033196398200755838,0.99148034207647007,-8.5877983614417381,5.2637472471140612,-6.3754150736629729,,0.2048498124848726,0.2429906542056075,0,5
0.59112649107438187,-0.77452391197470238,-0.22512703375981308,0.80377096208227639,0.58892734970646354,0.084361230912386315,0.067243676754181622,-0.23081873092780869,0.97067038761335211,-23.852515409084589,6.2640554935343244,-9.1421987868221617,,0.1082821803583425,0.1538461538461539,0,1
-0.57668818065840266,-0.79103830279138232,-0.20417920022821273,0.80784641084503384,-0.58939049354161355,0.0017385648023563567,-0.12171655094398695,-0.16394282430074342,0.97893198516883562,-7.6929398531110609,-8.3163387946800551,-5.217132613018971,,0.1928835915897218,0.4166666666666667,0,5
0.19201535967846878,0.98118929935227261,-0.019941426331789143,-0.98045733899115006,0.19267946601014174,0.03972442317317313,0.042819482317548584,0.011924018393337503,0.99901166645811212,-0.26314230319886661,4.1274838447623052,-4.7709096576971284,,0.1376164646212368,0.2475247524752475,0,5
0.73864149821047376,-0.64728626372739018,-0.18822653880689391,0.6672695700482183,0.7417215241608659,0.067826996720692478,0.09570819196418677,-0.1756976760982295,0.97978072475663103,3.6185491504463325,-8.6314210340061202,-3.115293258941346,,0.256887040124007,0.8333333333333334,1,5
0.2572344116170821,0.96430168189439269,-0.062870690911264127,-0.96361743443293413,0.26085219835464035,0.058288683896977903,0.072607833853544745,0.04558943857076516,0.99631807448921617,3.418439423244076,-3.8582532838345887,-3.4570127312635455,,0.2275097095154055,0.556420233463035,1,5
0.979187647051174,-0.14426510879740023,-0.14275549112401648,0.15478539755340467,0.98577412814456711,0.065504572245398129,0.13127464555891738,-0.086237733414627482,0.98758798128009218,-10.621355622892501,10.60986722412046,-7.1152978472641939,0.4065733574376337,0.1820480011552039,0.3076923076923077,1,5
-0.54602738918152216,0.82629442982522572,-0.13817237605040586,-0.83580814557600436,-0.54856318089078304,0.022431682054325087,-0.057261104184348814,0.12773391018359326,0.99015413655490958,15.879599872615284,-1.680225422362694,-1.3959414860413568,,0.4066921202709258,0.9652173913043478,1,5
-0.27252870267184798,0.96067854119248908,-0.053149287034443472,-0.96162450175064174,-0.27378601593929974,-0.017875544996302114,-0.031724184037242802,0.046238057575504157,0.99842657125039247,7.519424861091486,-7.9102928677682174,-2.4486137342394843,,0.1533307471860765,0.36,0,4
0.81502995285031676,-0.54688028152042067,-0.19143702264963072,0.56864766901675556,0.81836957645039798,0.083132814593313564,0.11120253809432733,-0.17661595065152288,0.97797791462631634,4.9209349131929851,0.8251743546804714,-3.5226002853298017,,0.1486391387348937,0.6875,1,4
0.65816308137916391,-0.72958283667377877,-0.1858231490975415,0.74859880330638218,0.66044789785493807,0.058381554512073872,0.080132328043912321,-0.17753157085441518,0.98084726198946348,-21.75118262864212,6.5691628157548454,-8.7495507818825136,,0.2027942286501414,0.58,0,1
0.98071685988383706,-0.084141468290582541,-0.17639346374934342,0.11151799536663673,0.98214190092372466,0.15152895155493898,0.16049354332493526,-0.16827804302355412,0.97258640890522929,-10.45055337173598,9.024645225342697,-6.9951092855131431,0.336471227334969,0.1478508502163748,0.2173913043478261,1,5
0.79847160145716767,-0.55129101471701181,-0.24191179954420217,0.592092647344446,0.79181780567991911,0.14983610902878022,0.10894676969544551,-0.26287407574830646,0.95865938772454662,-4.1436480844069088,-12.76958895415596,-4.3703254256145749,,0.2404485780117827,0.1851851851851852,0,6
