axis_00,axis_01,axis_02,axis_10,axis_11,axis_12,axis_20,axis_21,axis_22,location_x,location_y,location_z,dbh,dbh_approximation,score,reconstructed,number_clusters
0.60129528505323604,0.77363879579625161,-0.19981740117335142,-0.76259123334633327,0.63029738725034956,0.14553286380986125,0.23853425539335946,0.064870773575680926,0.96896501058584505,-9.4459630295467338,14.297521433088605,-5.3039477843465868,0.4143781283272258,0.2030510224169436,0.2608695652173913,1,4
0.90016700804821981,0.3545432170846568,-0.25297917867045766,-0.28940177905634545,0.92095772350596838,0.26092811614260242,0.32549342220779143,-0.16166625725230122,0.93162119628392648,16.24136713374364,-4.2335162342193469,5.1282216653300781,,0.3345904426535527,0.4516129032258064,0,5
-0.79879402231752328,0.54378651079971696,-0.2573409034375676,-0.55171769233157142,-0.83270357445853715,-0.047035572201288622,-0.23986599983765849,0.10440779547642276,0.96517527649937029,7.6019571122511609,1.8171855189912764,1.5768950994058559,,0.08384349867560609,0.2222222222222222,0,2
0.80255635918344526,-0.45977216083031636,-0.38014845844700612,0.5416901590602764,0.82859045123496966,0.14145541947724144,0.24995011884667281,-0.31944862536509944,0.91404459072896604,-17.640574672158053,-4.6116692209769496,-6.7062381106743416,,0.4515389193716119,0.7647058823529411,0,2
-0.51058581106536516,0.82542550556501704,-0.24077970076702812,-0.84814596045592627,-0.52950051757989625,-0.016662282104103084,-0.14124644880852014,0.19570880574301805,0.97043675943032182,7.8949387528388186,12.169140773851144,1.1472481163296824,,0.103824941723308,0.2,0,7
-0.4981652469493717,0.81611678728753911,-0.29289038263373818,-0.85943465811644992,-0.50951261889040689,0.0420590016488709,-0.11490628860133158,0.2726724788072768,0.95522053167892218,2.0887209882984066,8.6865671154852109,-0.78127031987725415,,0.07750883782182205,0.2972972972972973,0,4
-0.94082606060825458,-0.03798914302577007,-0.33675383990760999,0.058771385752665696,-0.99693012236543677,-0.05173253654274363,-0.33375477209631621,-0.068462808389683744,0.94017051430595988,-12.778845574945214,-10.412083386997814,-4.5878289526812939,,0.1599852777921991,0.3846153846153846,0,5
-0.88406434564788428,0.41122030669632853,-0.22209928436345203,-0.41177664718049833,-0.91012151044269729,-0.046030740449099487,-0.22106611135804477,0.050761162221549534,0.97393689673353689,4.2895895524621572,-3.1969205623070756,0.72583825409722913,0.7005420187911768,0.616340672184078,0.1764705882352941,1,3
0.26065221023417923,0.94570814071812836,-0.19415596277090746,-0.95111558910710459,0.28604646373335701,0.11643262748511166,0.16564891022123474,0.15431634121214158,0.97403639838427758,-6.5680091116552726,-5.2630444302052144,-2.9200047685251311,,0.271413059474842,0.2891566265060241,0,4
0.25113056657991817,0.96687154833637046,-0.045747650725236837,-0.9563225045489232,0.25514038199595385,0.14265571410999583,0.14960182426201676,0.0079242976084818624,0.98871456937019386,0.70657403579686873,-16.439849238497203,0.31028763045949059,0.7629535059653323,0.3787797361820109,0.2777777777777778,1,5
0.75159093136917321,0.5849000611596985,-0.3049639164540624,-0.58676322295032446,0.80404618607059419,0.096013805560866236,0.30136355465876608,0.10677850495634901,0.94751166684253574,-16.208754886323401,-3.1617108297399481,-6.3034495739053344,,0.08390599261423839,0.5151515151515151,0,2
0.86584158750746576,-0.32112124738537212,-0.38366585699044653,0.41332028949743749,0.89121174894696698,0.18683671167263222,0.28193028150999611,-0.32034787812088028,0.90437412244664739,6.8021400323329182,-13.407895211417912,2.2224490949181117,0.2269092966926873,0.1586029128176366,0.4242424242424243,1,5
-0.72543162629152935,-0.56587530147300746,-0.3918342746096366,0.63735336681653199,-0.76719933802154605,-0.072012926248923873,-0.25986465974360257,-0.30197734835933421,0.91721319206289609,11.565751975025021,9.2079650646579001,2.734990178872136,,0.7404446570193817,0.25,0,2
0.76318379173809681,0.63147401518466495,-0.13708051712340061,-0.57026023531389425,0.75795472976323108,0.31671421131564242,0.3038976209976042,-0.16353958473747207,0.9385632851203437,-21.13243068023467,22.630179515565551,-9.9080567772006685,,0.6389029952392778,0.3,0,1
0.63950235295470836,0.73777272296321861,-0.21616694894647545,-0.71342896183943294,0.67427776293758368,0.19070557101614916,0.28645393516951229,0.032263100584483027,0.95755064376072307,-13.055092809175742,17.804855185371913,-6.8593260763439883,,0.2019166952641857,0.5,0,2
-0.9397594160012972,0.15579969803898064,-0.30426747136009336,-0.1583086534981871,-0.98725065185103811,-0.016568664620097661,-0.30296965238203932,0.032597615107010168,0.95244253644240573,-20.085263288817789,-12.73972147684241,-6.9687958885623402,,0.4477306001561113,0.3571428571428572,0,4
0.85196752165704326,0.41900266655035684,-0.31398743201798035,-0.41122620719916603,0.90666417412945788,0.094090817101013552,0.32410545900083809,0.04895754052072341,0.94475330678014413,-0.99626852988309167,10.73500703191632,-2.0572559611989023,,0.0871603528737725,0.2957746478873239,0,5
-0.27520068247039786,0.91170737339507624,-0.30504794650165834,-0.96093594638823121,-0.27057373318597622,0.058240551583571123,-0.029439621376331628,0.30915937670860877,0.95055446371386987,2.8059281227774893,-3.6108856925014035,0.20889475479763134,0.1923558358526776,0.1508416501600617,0.2051282051282051,1,5
-0.91539631293133417,0.32594609252969886,-0.23623872467556856,-0.26959332633620037,-0.93219160738176887,-0.2415331147523587,-0.29894653145119632,-0.15741013910042168,0.9411976516341739,-0.90725317231918545,22.464318766735989,-2.6546238277013061,,0.3553932121417434,0.3214285714285715,0,1
0.54974442785275013,0.79740626459901287,-0.24884596284267974,-0.80393954543626633,0.58596337054272596,0.10162743559657486,0.22685297293308823,0.14418799381521288,0.96319652777144205,-6.7952820566359202,-15.925961084291327,-2.2309455454153113,,0.1843361543529369,0.1111111111111111,0,3
-0.60160602393572071,-0.68089287179377378,-0.41767821238925129,0.76136456339419245,-0.64696437119719608,-0.041965509754885923,-0.2416489055878869,-0.3432520932810818,0.90762536703550334,-5.7411855127261413,15.474773022422527,-4.0923141797384517,0.2616131336213166,0.228706232616756,0.2898550724637681,1,5
0.83541459895782388,0.4655868194180498,-0.29208108708425984,-0.44475097272139519,0.88488772831799456,0.13845678219427368,0.32292262248333042,0.01423453042442715,0.94631831749791517,2.4977744669097977,7.7590033885616849,-0.60915771711791322,,0.06743289435998137,0.2647058823529412,0,2
0.51301154722472875,0.80562692589183804,-0.29628433757483469,-0.82759810945495327,0.55582361639607036,0.07836757418079783,0.22781685986923522,0.2050008871553064,0.95187925422548225,5.4323114644143287,9.5202071089981981,0.38756199859914775,0.2107384872550691,0.1731135055562512,0.5660377358490566,1,5
-0.94110099110223955,0.12433887972310882,-0.31443404321985591,-0.12056539469960441,-0.99220540741121721,-0.031502620603218907,-0.31590015851105951,0.0082627170557872578,0.94875645840202072,-0.36475122499700935,18.372531067598178,-2.2310215778862137,0.2827346604267666,0.2093377098292429,0.3333333333333333,1,5
-0.94257099974157255,-0.037808961089223721,-0.33185899551997328,0.054070764674417619,-0.99773951212840817,-0.039902610757815336,-0.32960015602802106,-0.055554913366141968,0.94248468886618231,-11.821955391858674,0.5143080450435773,-5.1389677940996679,0.3367607726266704,0.2824324805026269,0.3846153846153846,1,4
-0.91928171292669525,-0.21416062677163847,-0.33023682141660249,0.21270417247479662,-0.97625597561384003,0.041002501022286995,-0.33117679159381619,-0.032549900446079083,0.94300712441135759,-13.660965514626234,-4.1907150869195755,-5.3289318958457832,0.31657484600141,0.1794864407440722,0.6347826086956522,1,4
-0.77825322306849243,0.56057490658328535,-0.2829800256071866,-0.57843569438873632,-0.81536319160883219,-0.024392892950178723,-0.2444055405274673,0.14470190005179409,0.95881556718739014,4.1152316984495929,-7.4627339468601139,0.99032508656856166,,0.1128663129211588,0.35,0,5
0.9068794579592091,0.27632025698805684,-0.31814582239857692,-0.25943284917920334,0.96105813438142684,0.095193797623867552,0.33206060515871699,-0.0037918224308879861,0.94325043153145749,17.605800100984382,-9.1272410651457161,5.884379383530371,0.1588306824618686,0.1015133231348826,0.25,1,5
-0.10181281436013818,0.98187806897200136,-0.1598424490048917,-0.99457137429615317,-0.096995087063139154,0.037679364594890449,0.021492609490908136,0.16281096633036563,0.9864231632417414,-18.330483843451958,-8.661340067946286,-6.6392263856155616,,0.1985154539971166,0.2727272727272727,0,3
0.25465000778508318,0.94901248023047757,-0.18581896001715034,-0.95844981413923691,0.27323154603037392,0.081966310337325626,0.12855865319580859,0.15722542612646942,0.97915925061648201,-15.136798987339258,-21.424807172377452,-4.6565424216753613,0.3604356425022904,0.2565301001221246,0.3,1,5
0.94053614873587887,0.0056640926842869907,-0.33964639108217387,0.1194850364974174,0.93045000778474518,0.346390111098136,0.31798597292064945,-0.3663750824871036,0.87444509259202574,-22.261482582926902,-6.2627056933855965,-8.1335918955684345,,0.4544875173672736,0.1666666666666667,0,1
0.075767548043941202,0.99388814397849734,-0.080284717863283894,-0.99059967458354592,0.084223936364994131,0.10778967138904667,0.11389277140531041,0.071363056283790569,0.99092671314252834,-5.5385862130858419,-25.058607478543358,-1.1332178490456768,,0.4853319643843413,0.2380952380952381,0,4
-0.75255251840517867,-0.5567928398610863,-0.35163395814603821,0.58677374679539074,-0.80934115691903952,0.025757752010781485,-0.29893356638845636,-0.18694551397767487,0.93578314672251994,-12.388567749794221,-8.0106823184155509,-4.6997255963702562,,0.1191981185115932,0.6521739130434783,1,3
0.92242945810922505,0.23200740955762642,-0.30870124185477771,-0.19252763962674735,0.96926393507918907,0.15316831308909623,0.33474916399010696,-0.081853442598133111,0.93874544533795701,-2.1827549731083589,-11.52206004509088,-0.90806085129128689,,0.07994490563050789,0.3636363636363636,0,5
0.43277641403774425,-0.80561764663997504,-0.40457976083202846,0.89765494132112167,0.42650861866903511,0.11093243224056284,0.083187629936226318,-0.41118196169494337,0.90774953186564267,-9.6668475956964457,-22.214545694343613,-2.7211385913548516,,0.2055062045417735,0.32,0,4
-0.22094153575840875,0.9241321286494002,-0.31171244212357813,-0.97525453191817679,-0.21195601214928581,0.062874850988535125,-0.0079646562872799209,0.31789063797428985,0.94809393339400982,1.004985877921003,4.2105882435689903,-0.93684158045746491,0.4252644142433831,0.3986663485090383,0.9462759462759462,1,5
-0.64756839699064261,-0.64326316778276382,-0.40849439187466768,0.71123650833275565,-0.7026379638037481,-0.021036183977945738,-0.27349186538835224,-0.30415849288784946,0.9125183892780423,-16.529516754945664,0.51059821026185703,-6.7719187382164989,,0.4920650300192529,0.5294117647058824,0,1
0.95104325809627344,-0.0037726113581182767,-0.30903476929492629,0.082881916644906767,0.96641144157802172,0.24326839803056904,0.29773697977055935,-0.25697216384393307,0.91941176731999419,-4.0412908270690719,9.6992240673292969,-3.0614427096445649,,0.1069470135323398,0.296875,0,5
0.92737092607922555,0.15437408907409531,-0.3408105134609295,-0.12251202667379368,0.9859845423554976,0.11324877728390399,0.35351657497667449,-0.063270236751279255,0.9332860806624077,10.04548850723261,14.779749505022391,1.8230192008520381,0.5201587209975971,0.3779845220916704,0.8658536585365854,1,6
-0.86514766076822236,0.44175321616664753,-0.23743129758668238,-0.45510826135869398,-0.89043464771657799,0.0016151126648022581,-0.21070357260933967,0.10945425598064444,0.97140299069818803,-7.2813483194227624,-9.6039679319793123,-2.8389313121464168,,0.1337753497006853,0.2571428571428571,0,4
-0.27627388571853145,-0.81561244241777731,-0.50837887824268546,0.94750409670148938,-0.31973771338310947,-0.0019445756438420795,-0.16096187997124625,-0.48222830528065019,0.86113131099866158,-7.0630286638884128,18.72192578098127,-4.7524401765636712,,0.4469385397165943,0.2333333333333333,0,1
-0.88640931461024475,0.32809292964703873,-0.32654793903471385,-0.35940641517511324,-0.93237340126830393,0.038818414938633986,-0.29172856511348022,0.15177242873129856,0.94438317126780291,8.0111971148827017,4.6936165324076091,1.5979953815092232,,0.1712387043423379,0.24,0,3
-0.44819603541809527,-0.79218974000733666,-0.41419286529660432,0.86903547344957555,-0.49471555569031272,0.0058193508485005685,-0.20951768355385744,-0.35734008281346585,0.91017053648922963,2.5333721206787159,3.1446450909730306,-0.28750575772906839,,0.1128796901109355,0.2808988764044944,1,5
0.33886862072029983,0.9008692322283518,-0.2712981465388617,-0.92305097894189392,0.37414078725414296,0.089417904176185628,0.18205754080930819,0.22012109789193374,0.95833279923903103,-3.1057330618096906,-7.8642547880953186,-1.4594276495383787,,0.06991621030715098,0.4,0,5
0.93882239393199673,-0.011027147188991646,-0.3442250930374891,0.083840022024999669,0.97673706358833545,0.19737162744347081,0.33404096060010863,-0.21415674315255401,0.91790714454330757,11.819746696804197,-15.144908657196256,4.2082494857394996,0.5076966591704828,0.2484718707206749,0.2592592592592592,1,5
-0.72624320102388717,0.61888962950829229,-0.29924311095439921,-0.65300935655482095,-0.75711239503762917,0.018963162506396784,-0.21482456381530668,0.20918041917797678,0.95398844805065108,-17.392744472903814,-11.798720000805242,-6.0937757197470619,0.2378215533333294,0.1353511792876432,0.4838709677419355,1,4
-0.2933115770831709,0.92916676060829984,-0.22498322099583828,-0.95578739213379194,-0.29016170764181975,0.047714195544608214,-0.020947071085694789,0.22903125201391664,0.9731936630567779,7.3861897593053198,-4.2173544220590591,1.9058135458945382,,0.1175057925112324,0.24,0,4
-0.78116895401779241,0.5929788503750556,-0.19532318932125384,-0.57999119215348982,-0.80505793521111957,-0.1244666139090445,-0.23105255311968026,0.016056274832191134,0.97280877552342782,-21.79291478517413,-4.7540370189387451,-8.0590205685038701,,0.3725285590790208,0.2666666666666667,0,1
0.72604677028126829,0.62106701750210092,-0.29518104128684369,-0.62137513656418353,0.77641593966800804,0.10521990443489126,0.29453187777213957,0.10702358805651384,0.94962988820673089,0.74831835121168022,-12.86836430680694,0.13864467494673838,,0.098634545365684,0.3333333333333333,0,1
-0.92751634003928607,-0.1088753316295033,-0.35757460916946221,0.14313004367460516,-0.98717625910133111,-0.070688217295440142,-0.34529296192919068,-0.11674414601712352,0.93120544178655817,-11.275939361905438,-20.348184383644952,-3.419922034230269,0.5806274279866211,0.3796119165937597,0.7058823529411765,1,6
0.2841034855137653,-0.88439102116088875,-0.37032111904255655,0.95827970248532324,0.27456083613919541,0.07947552493181366,0.031388235432582519,-0.37745048542629722,0.92549765517146632,-19.956881128612768,14.177286492780665,-8.9595951707871428,0.6722214281375176,0.5591016481215585,0.8921568627450981,1,5
0.64285151381996286,-0.60408981295515529,-0.47097497710938818,0.74443982312507839,0.63753578798869648,0.19838716888734276,0.18041973540853432,-0.47814602049733534,0.8595493599309334,-1.1674737446371777,15.453741918535925,-2.3869464883628591,,0.2923928395601149,0.1923076923076923,0,4
0.64947525188471933,-0.66432216321809989,-0.36994318570086426,0.74016898757934513,0.66377601755682702,0.10747682700082518,0.17416017631779987,-0.34362401251021785,0.92281675917341777,-3.4606218134926752,7.0981380547190298,-2.7539384396067947,,0.07370855006242708,0.2486187845303867,0,5
-0.85774975332377801,-0.29826016133611088,-0.41869587630254457,0.39839532641286068,-0.90041352444350087,-0.17474738593645403,-0.3248792461290636,-0.31669600748823951,0.89115493281225844,-0.38481622498256024,21.273790059006842,-2.3850211371404879,,0.2536840350208335,0.4736842105263158,0,1
-0.92121382665747042,-0.20026655294954498,-0.33355418352166832,0.20258504436771463,-0.97885835790741815,0.02820664732512225,-0.33215114838523557,-0.04158873554822045,0.94230886215819343,-1.4974506858675296,-12.896603078585366,-0.63351403699598707,0.9542085443602746,0.9084590017282732,0.9732360097323601,1,5
-0.12199111314846317,0.95031293529254846,-0.28639743945863222,-0.99221784926664447,-0.10951513325080542,0.05924673143502545,0.024938081511506692,0.2913962261332847,0.95627732979811164,-6.5283573715442138,-11.175093733615153,-2.4991029954819739,,0.06644208007325064,0.2222222222222222,0,4
-0.88103957080871187,-0.31196865269941676,-0.35559082440652356,0.33990539302036465,-0.94030186097459556,-0.017225970027356634,-0.32898875127406979,-0.13604400016400095,0.93448297552951987,20.608512988156519,1.1926548670582631,6.3754957930100087,0.5408414945494801,0.343666674250276,0.4074074074074074,1,5
-0.83950375440519776,-0.42750499657917551,-0.33536983203534959,0.43982155483916008,-0.8970762511301742,0.042558190246979793,-0.31904615064037822,-0.1117751204789052,0.94112479310848307,2.7940852993208378,1.5605885780765194,-0.18191918256036135,,0.07112012011501351,0.28125,0,5
0.89309043178449654,-0.22451857575049583,-0.38984726470497566,0.35175017540590653,0.8887334871186322,0.2939806166669347,0.28046620965260061,-0.39968011961683308,0.87269382215424129,0.93505774168355438,-14.376617194404833,0.35106373650989076,,0.2114703108519722,0.2142857142857143,0,4
0.23497477357850297,0.96766683242233853,-0.091693823191362128,-0.96082921515689168,0.2454999058249539,0.1285963278672084,0.14694922620661544,0.05788521114806703,0.98744884791447318,-17.034195208356483,-9.4556977967810685,-6.1542395459751251,,0.3111866399063013,0.2758620689655172,0,3
-0.90607614771983469,-0.26600878847315962,-0.3290369872646956,0.26381662106682252,-0.96316011997575846,0.052185953446963355,-0.33079722638206954,-0.039520978521867978,0.94287395089407622,9.8633749882922306,10.150520797919709,2.027108910374479,0.4508801396723898,0.4641145056242733,0.8367346938775511,1,5
0.90989280009902729,0.27747596576011541,-0.30838641467069111,-0.24973966332135158,0.9599633427364529,0.12688767145153962,0.33124793266085462,-0.038437859302349574,0.94276048818359115,-4.268548104637504,4.9586166374624527,-2.8448432893747437,,0.09027985691847132,0.2262773722627737,0,5
0.5806322800205248,-0.72136256000855503,-0.37749465216883704,0.80053758253333274,0.59031687424980861,0.10327423167288072,0.14834329897186074,-0.36216300887009462,0.92023487254956027,0.30807987774242385,15.78594665270426,-1.9110296566015277,,0.08019397550856433,0.1914893617021277,0,2
0.82308733554939695,-0.44825115424663126,-0.34870924962604394,0.50866146457840988,0.85494632502295365,0.10163806266696665,0.25256831256343876,-0.26103195981777788,0.93170358131894515,12.390967830989025,-10.128030620650957,4.1025512879057171,0.1769777285051782,0.1569044908625996,0.3928571428571428,1,5
0.87162707948228535,-0.32887402933270449,-0.36346678960209378,0.40751777281143958,0.89825934939849172,0.16449743481587287,0.27238850775314516,-0.29149959528045621,0.91696918530305294,-16.05499925004078,-8.3656815814699232,-5.8457728951552834,,0.08541773262850587,0.4,0,2
-0.8596537622240682,0.44526219149644031,-0.25047353137166528,-0.43550195293149546,-0.89501551053639805,-0.09636018312625183,-0.26708324186825866,0.026245318116925865,0.96331600484476687,-2.3319865269888806,-14.439303279504811,-0.73578955354793196,,0.08442254762069744,0.2666666666666667,0,4
-0.73421248604919875,-0.55151430268006141,-0.39593433706712033,0.61410401671192649,-0.78816389004054344,-0.040913800782075821,-0.28949660099512775,-0.2731842901330222,0.91736691767077816,-12.905412681701151,-18.878845156144152,-4.0483818005143508,0.1759316377043128,0.1460554310531159,0.3529411764705883,1,4
0.54769155112470258,0.79598707264496915,-0.25775675550547539,-0.79239199453637299,0.59237473701762688,0.14562657016480815,0.26860545754188564,0.12448594750167379,0.95517242268258795,-27.934792799992746,18.933465231146201,-11.906977111964981,,0.1731554543175369,0.2307692307692308,0,3
-0.76174153295597768,0.57235389393506975,-0.30358006697943829,-0.60393075832264553,-0.79693262844558943,0.012885063858556128,-0.23455804424856511,0.19315642835838381,0.95271880324790537,11.042262264700499,3.4151677952426658,2.7555730956822311,0.2574969115890496,0.118026003696112,0.32,1,5
0.85232804685374453,0.46353737073551748,-0.24221892262597156,-0.41601494536210443,0.88155269868686337,0.22315108037667086,0.31696760998854151,-0.089431232628839341,0.94421056383025093,-4.8192243492180928,-8.1456078177217695,-2.1056195162444462,0.52398455637439,0.2670297186958891,0.2857142857142857,1,4
0.085741242916353086,0.99623909178346515,-0.012494449392258198,-0.99138998681046131,0.086556173864306085,0.098254378110724835,0.098966324146712734,0.0039624195170079651,0.99508289399248506,8.3635026157680343,-1.02448418157789,2.0470883372147148,,0.3752339114202918,0.1666666666666667,0,4
0.88215003240547041,-0.3184594643612485,-0.34697966782763362,0.37333630317014299,0.92196303011157121,0.10297657909807367,0.28710855971614524,-0.22038089905034303,0.93220219602374033,-19.340447600331061,-15.183587543572887,-6.4831243008595179,0.2731890889421995,0.1775371504189251,0.7037037037037037,1,3
-0.87092976004819689,0.38940398791373454,-0.29974303538076141,-0.40981199790799788,-0.91215192115381138,0.0057444848392520257,-0.27117426027012137,0.12784133499104763,0.95400268009825917,4.6751409035205445,-20.581608539468188,1.9757148462242706,0.3335986534058521,0.1128850869087045,0.1875,1,5
0.92907341440411162,-0.07157780603723593,-0.36290385549120685,0.204599299200379,0.91679309534905817,0.34297164181169265,0.30815859133602086,-0.39289570881238944,0.86641286035158216,-15.352289889397429,-2.8338739600317551,-6.0199223553615067,,0.3154908021221365,0.1111111111111111,0,1
-0.38878494729176916,0.91025932060528392,-0.14238761888080062,-0.91837375392543974,-0.39524947164191632,-0.01917037474028634,-0.073728643417828726,0.12331189893109989,0.98962531430929634,-3.9415294444037023,-11.867768930039974,-1.5651906128678243,,0.2955163570547948,0.4,0,3
0.92101342132417219,-0.19514073549607747,-0.33712663954483468,0.24476085015442123,0.9631920141566408,0.11114526574064541,0.30302871806551263,-0.18488168436847296,0.93487558467030696,-20.333272003340795,-10.067323778071957,-7.2378422294739986,0.1189359120091193,0.1199158718491022,0.4482758620689655,1,3
-0.56637058632411896,0.7952470344016781,-0.21634812969427475,-0.80833790138253203,-0.58719811961869062,-0.042287178964298296,-0.16066796860406996,0.15093217878110327,0.97540006216579234,5.5744965208416151,8.4698076833128191,0.47227566982958935,,0.2514443273305368,0.3,0,3
-0.25763437448906212,0.95602932388938899,-0.14011588398617555,-0.96620924198588909,-0.25369964576856202,0.045565232776315974,0.0080143485501622241,0.14712043230124017,0.98908611789712864,-14.809277659030908,-1.1591107169836399,-6.0267571177135544,,0.3284973659815221,0.88,0,3
-0.49178494570413123,0.8510889529834238,-0.18383460307669555,-0.86163827546350569,-0.50609580127964471,-0.038033172144752707,-0.12540753340634148,0.13969478886735878,0.98222111386807587,0.75788798396471724,0.86090335877824176,-0.81633073059858741,0.5481899917419741,0.5830227072879396,0.1726190476190476,1,3
0.67437033196148166,-0.61772092756447927,-0.40453122378753414,0.71880541218883065,0.67454660172931102,0.16824286464359506,0.16894802389553401,-0.40423722953770247,0.89891536168733732,6.675361740947455,-2.1288747250671611,1.4956433718953295,,0.2769960160017456,0.15625,0,3
0.88481375953745045,0.35002486968911634,-0.30755032357700574,-0.32988954495200074,0.93673808252579438,0.11702415510167335,0.32905546502765398,-0.0020869463375462545,0.9443082894851762,13.422496109700568,-4.5598240005259454,4.0978180981853045,0.2034594575916951,0.1480323256111745,0.4375,1,5
-0.86954243027094835,-0.36090889616207195,-0.33710640846707091,0.37017667775738372,-0.92814909633675813,0.038839183999736057,-0.32690241541322224,-0.091016611892192872,0.94066507703680957,-6.872277124536903,6.4505401710033068,-3.8591145057164757,0.467044525203746,0.4467781440335026,0.9617507886435331,1,5
-0.26826612489119622,0.9197864888721079,-0.28640199217914164,-0.96300031824937737,-0.26399508172344138,0.05419394687077244,-0.025761857220699607,0.29034360973535051,0.9565756190695992,-1.9828051489736369,1.8377106878382048,-1.8267082064120748,0.1867908568547854,0.1530869400950131,0.5490716180371353,1,5
0.36010775038020842,-0.83703989706990234,-0.41193035677079354,0.93092142899144981,0.35123235057495056,0.1001055890253513,0.060890895547881879,-0.41952359483442969,0.90569986872946739,-18.204324900549135,0.30765999947350425,-7.2553933613942618,,0.1035856449319151,0.2777777777777778,0,1
-0.91058054651390496,-0.20383182136829583,-0.35957705281082747,0.25871136612759055,-0.95952949405138988,-0.11122760036015782,-0.32235306318822737,-0.19430835968420471,0.9264625000559924,-22.74824575743305,-17.440610603324476,-7.5076793150904022,0.5480056777210186,0.3631317570334728,0.36,1,4
0.94984191888769276,0.095938587505189285,-0.29765099790065769,-0.045347619805994964,0.98397494766874605,0.17244389156540696,0.30942514846353242,-0.15029667257727311,0.93897123902200719,-16.761424176666775,-7.8440948194129492,-6.1399704211612285,,0.2729826500457009,0.6415094339622641,0,4
0.5694200579899541,0.79622117128901926,-0.20443249240240569,-0.77974365656314626,0.60189803446644452,0.17239079486725839,0.26030871596673782,0.061242162735921001,0.96358122122381329,-19.870678728847906,-1.6404244881292207,-7.7098485577402469,,0.3218087395436723,0.55,0,2
-0.9236898523470759,-0.16491125580998517,-0.34583425853754191,0.18537875426709649,-0.98230389510879101,-0.026716570148083468,-0.33530847608943193,-0.088788148765878039,0.93791518299967402,-20.963070710084388,-3.3275822065215519,-7.9431289077941774,,0.302845556916294,0.4444444444444444,0,2
0.73244224355900989,-0.58695621661788866,-0.34497936115637196,0.64796332435022419,0.75650186910889106,0.088591491305659867,0.20897820495747987,-0.2884221243392554,0.93442002763445775,-3.0757898714109198,2.7169792371583368,-2.2912471560176804,,0.09932862635142219,0.5337519623233909,1,5
0.95097495138987254,-0.038630240677149569,-0.30684580221058072,0.11532244351337459,0.96490282769575531,0.23593064050021104,0.28696232479392464,-0.25975033707381551,0.9220533534123202,3.2541119233954827,17.247612695784351,-0.81926715874976819,0.6018645338336073,0.6835946688952262,0.5180722891566265,1,5
0.47952698718856013,-0.78557312583584116,-0.39106103426750244,0.87126025276090513,0.47937677623468306,0.10537304382927636,0.10468734649835457,-0.39124515379918606,0.91431274141389118,-3.4718069376507468,-24.01142915231673,-0.58478894612219767,,0.1727358994062678,0.15,0,4
0.86780014198160715,0.39509343658234325,-0.30137035346274094,-0.37437999188040877,0.91863524923198703,0.12628895655642813,0.32674536761265416,0.0032334560519995253,0.94510687729252751,-1.8881879118339309,7.5096252243583308,-2.1073397285064606,0.1130949506225229,0.09222084355740781,0.3026315789473684,1,5
-0.85467810736018091,0.42583452110763997,-0.29696850579185424,-0.43084909506080354,-0.90093081088235993,-0.051891533877313614,-0.28964528320776467,0.083598054019700288,0.95347625837228556,3.0361158980792391,9.8846876791317833,-0.51588112757079874,0.2212684130588524,0.2159208605667733,0.1707317073170732,1,4
0.78344339867529111,0.57815652138786844,-0.22792866833460487,-0.5419044120009241,0.81508694164582629,0.20487285279505452,0.3042302570850568,-0.036990733098042398,0.95188005354604843,11.879810489342358,-6.718652316320302,3.6350832355366425,,0.1853088271877679,0.2857142857142857,0,3
0.52193201718453053,-0.76345791316036005,-0.3804194846094463,0.84476008846034223,0.52443701460608017,0.10651859300393791,0.11818359607899745,-0.37695866158491659,0.91865924317667769,-12.502110297883421,10.658532982978892,-6.1473936696930069,0.766130049796734,0.6972572897422336,0.9936507936507937,1,5
-0.5118865565343923,-0.76134991162462728,-0.39789252984761486,0.826467882847569,-0.56281762906753807,0.013680461697347004,-0.23435654857677835,-0.32184255231396569,0.91733002766682226,-2.4362110996999973,24.735643248022317,-3.2958727532195069,,0.1946029894004421,0.2666666666666667,0,1
0.046266348711148507,0.99794957557663122,-0.044227475435093679,-0.99535741344781059,0.049796437216981022,0.082364642505027549,0.084398130734182328,0.040211434280794787,0.99562040762614867,2.5978018364072657,-1.9865939228407659,0.059091222801038484,,0.08905887481845233,0.3793103448275862,0,2
-0.94056072378126721,-0.033571370115991338,-0.33796225823099535,0.035304523355955117,-0.99937608151957036,0.0010189785070539926,-0.3377856058369979,-0.010973185277035296,0.94115911178408507,-3.0938362757739895,17.017966483433025,-3.171135267587752,,0.09167647328020806,0.2666666666666667,0,5
0.60730293056158613,-0.6314041500329256,-0.48219492931024194,0.77878610381454427,0.59312957394056776,0.20418009947701402,0.15708391081416376,-0.4995258830513995,0.85193810639332734,-12.189905094919821,22.774549784026501,-6.8325976104013106,,0.4158833607071967,0.125,0,1
-0.89832001170740861,-0.24445685989658789,-0.36505068170803673,0.29771882595082944,-0.9497509012203752,-0.096626737011791766,-0.32308614523136397,-0.19548419189434812,0.92595965002744718,-7.8896736443770257,-8.1782778906947353,-3.1224553337040035,,0.2120868849631348,0.1428571428571428,0,5
0.59625843276331836,-0.60463031555104363,-0.52810800304036087,0.78815370567496013,0.56594233868676291,0.24191528581837538,0.15260936271887274,-0.56047430877641802,0.81398951566475153,-8.3824363380990849,22.129960351711706,-5.4429217040766442,,0.4596118156797891,0.45,0,1
0.9332022061145413,0.1897185698809116,-0.30518929657721638,-0.14199523214238574,0.97484239751275026,0.17181284602853208,0.3301075530062656,-0.11700070193779084,0.93666420834484798,7.293077395000906,3.1452272514457831,1.3670801258898377,,0.07913257077890616,0.3142857142857143,0,2
-0.89510630497112043,-0.26729680591902205,-0.3568432714041771,0.34157459952013558,-0.925517016930406,-0.16353912172596657,-0.2865510351815283,-0.26827349648768917,0.91973791664727145,12.513377324103081,-4.3123183224288235,3.7549890112477033,0.8317851761071317,0.4195836048113389,0.2413793103448276,1,3
-0.54657320269525722,0.78555434829746773,-0.29010704914977675,-0.82685894860494036,-0.56108913456437604,0.038513143025898942,-0.13252174616787582,0.26092786157239206,0.95621892778164408,-1.4182329885258729,6.7061684287929753,-1.935799784818514,,0.08424244181236186,0.3535911602209945,0,4
0.92879946417866388,0.18712286667456629,-0.31986964236845133,-0.15945010693963629,0.98096082676799334,0.11086712652357796,0.33452536337080185,-0.051970079027734511,0.94095265138448136,-6.16779663081011,-8.3549201873141712,-2.5794570437286839,,0.07084538670053717,0.2352941176470588,0,4
0.81306849934684589,0.5074792600211373,-0.28527954013259804,-0.49220135481828836,0.86091989695550686,0.1286652919056282,0.3108977994211426,0.035801280347470134,0.94976882800004125,-10.604412432288855,-16.3663318513291,-3.4533961990334774,,0.5568063763161646,0.9130434782608695,0,4
0.42185106755869456,-0.71079487170196565,-0.56286084173779249,0.90274299086724319,0.38696798131967042,0.18791187794666925,0.084242324514785888,-0.58738950603119022,0.80490794440406677,-10.643382771931675,18.835772166043107,-6.0701971851790395,,0.5038382053282628,0.25,0,1
-0.47214533510068762,0.83160272077652453,-0.29243067099697334,-0.8750371599289688,-0.4822933264063084,0.041268826581106144,-0.10671809259025665,0.27537258778066281,0.95539582719042559,-9.5688485788243369,-14.632162224970447,-3.2289388781088606,0.2021839646087458,0.1296126559256983,0.4262295081967213,1,5
0.067524621196574083,0.95690709657969775,-0.28243447744153383,-0.99343247210198538,0.090692624052578552,0.069762248500142759,0.092370714545234461,0.27586891172778205,0.95674656761157584,4.7956191242564374,-16.248826532116208,1.729671547286062,0.4657508857322764,0.3619801000482677,0.1818181818181818,1,5
0.89195360431013093,0.39290238306754016,-0.22371071753050839,-0.30876917826089328,0.89078914797839281,0.33340109237976739,0.33027316317596811,-0.22830333160901842,0.91585873717618882,8.6534782177927632,2.7960291268689343,1.9583602830337468,,0.6282814303458095,0.3518518518518519,0,2
0.58922618352500822,-0.69269080155562757,-0.41592301942640197,0.79377734453182303,0.59234162514291278,0.13801784823369689,0.15076482333939994,-0.41147399986302224,0.89886546016640567,-11.267508204998734,10.504970409211863,-5.7338545271181287,,0.07464796554339882,0.3372093023255814,0,5
-0.77159533146704073,0.60353782939776712,-0.20095455442487689,-0.60513952849703512,-0.79381168269890101,-0.060573620175181198,-0.19607854423331286,0.074867221776774087,0.97772598594635607,-1.7359974238787796,-19.311695132748731,-0.26519747814052114,,0.2717215410020936,0.2222222222222222,0,4
-0.51804113528890194,0.82214083958773898,-0.2360462285878597,-0.84599264310045064,-0.53319439369654353,-0.00043168331875081099,-0.1262134302223735,0.19946974310040572,0.9717417309238906,-14.338662719095531,20.289249069551289,-7.3827191204279181,0.7772987792746342,0.3368323965605323,0.7373737373737373,1,5
0.23159202210985808,-0.84085396956080283,-0.48921338613012988,0.97272009039533291,0.20710828779835927,0.10450733403224571,0.013444740100218282,-0.50007075399294498,0.8658801764473909,5.0208645794153508,11.893569742476014,0.080543044832361188,,0.4082869481874108,0.2,0,1
0.54278866313903984,0.81720154453361549,-0.19380944966540603,-0.80003990111574941,0.57331328680201521,0.17677112829580677,0.25557117167324672,0.059105928536348565,0.96498179538342599,16.749243252422655,-3.1421979489996961,5.2155046874173623,,0.3085195008701353,0.5,0,5
-0.93669529763445658,-0.11218908609875443,-0.33168588807759442,0.161638256512006,-0.97885189132183659,-0.12538759463129351,-0.31060423921971053,-0.1710630989313269,0.93502001195843676,-1.4669237710374166,5.7341460014632206,-1.8674827429394767,,0.3054015962695309,0.1408450704225352,0,5
0.091263366316560832,0.98180820806549296,-0.1665041757548284,-0.9899250465883247,0.10762186329385057,0.092010524823320089,0.10825617814089088,0.15642946370931954,0.98173846964349021,0.44209273989049497,-1.8066664993984416,-0.76325871046930194,,0.124279931194557,0.2659574468085106,0,5
0.72369608948136288,-0.56261189687248947,-0.39966463887479947,0.66123313846254594,0.73108670779127316,0.16817539145157431,0.19757202906372148,-0.38597937663618526,0.90110222180570998,14.979129560937045,0.7326777951458715,4.3882758374233832,0.5882570190249411,0.4633079645607083,0.3,1,5
-0.86396565740196807,0.45494672949616355,-0.21583979278791451,-0.42289157882076539,-0.88823239965325718,-0.17946007012340254,-0.27336066906646528,-0.063770506717140726,0.95979542980813026,-18.713761270375961,-3.2409682062370191,-7.2194130318387808,,0.4897425122017909,0.1904761904761905,0,2
-0.55593030599967486,0.81447560482130954,-0.16604512646286695,-0.8225252006513597,-0.56785369191594959,-0.031535359057184957,-0.11997411872794776,0.11904483915057967,0.9856137869911642,-23.120035663649791,17.61022601818102,-10.195786132336142,,0.3378889304495846,0.3333333333333333,0,3
-0.21149938137685517,-0.87413949590390272,-0.43720493292971735,0.96731975349177013,-0.25122272386010736,0.03434585158253959,-0.13985887952443052,-0.41565284158439159,0.89870585237940448,-17.277409373706767,22.160772973306816,-8.5889386613589149,,0.2154583766042357,0.2857142857142857,0,1
0.72563443617629153,0.62028209417569358,-0.29783349153534033,-0.6271904880443584,0.77427246775610403,0.084464414883146627,0.2829960366185274,0.125508044841313,0.9508737949582563,-12.978065659076007,17.232458049256486,-6.7681021455841801,,0.06901570353964097,0.24,0,3
-0.48999964386748607,0.83632287251506698,-0.24589510348497165,-0.86469151366269248,-0.50206414738540894,0.015497680790526358,-0.11049405056137461,0.22021726730279426,0.96917254396326724,-15.256139101917192,18.869723192521388,-7.6512693457922998,,0.08012975810253739,0.2777777777777778,0,1
-0.60041728914551273,-0.69432210803711625,-0.39675671284308517,0.75382663799907879,-0.65701184086001185,0.0089911519142915255,-0.26691661382941512,-0.29368733588739415,0.91787976881572308,-16.066393322416335,19.327933908856924,-7.9579919716532501,,0.3112660846470774,0.3636363636363636,0,6
-0.0048125679995506092,0.97040564094404902,-0.24143266393182936,-0.99564945630384183,0.017816800583970893,0.091458852927510936,0.093053744422858964,0.24082245252658849,0.96609810423577835,-14.64591679053582,15.566720722670322,-7.2731084696240966,0.2930778576603122,0.2206505222789098,0.391304347826087,1,6
0.1781291344070095,-0.83509019065207868,-0.52047515305928216,0.98390506605236194,0.15877352391570074,0.081986517793393165,0.014171537386801233,-0.52670232729698852,0.84993165957506789,-7.2913332349934539,1.4701954708253762,-3.6834910491585839,,0.4697711594400608,0.3206262763784888,0,5
-0.59761766871685063,-0.66019138641150288,-0.4549730270526956,0.75516552973049667,-0.65413976023355791,-0.042734023780122532,-0.26940331242264537,-0.36911855465370408,0.88947925656873272,3.7561629576214153,-12.299470923592873,1.1666828918413057,,0.2130895475224563,0.1379310344827586,0,4
-0.21569346320289642,0.96475448613773485,-0.15074850383554678,-0.97643095766719823,-0.21431450781996439,0.025531875117289497,-0.0076756003451978125,0.15270256453315226,0.98824238521950636,-11.747058465596121,21.187207815791655,-6.5682514525709399,,0.5192728292951324,0.4666666666666667,0,1
0.8056737156790108,0.49832304502962543,-0.3202561578742556,-0.50151533607603072,0.86154321567828229,0.078902821237726226,0.31523361423636942,0.097043445482569934,0.94403937319602782,-8.1127552082791308,-11.077148991309745,-3.0287231453199364,,0.07174186486970041,0.4594594594594595,0,4
0.31529955660027453,0.92859877049895234,-0.19567961834464515,-0.93287707051699076,0.34112309264166291,0.11565209453454293,0.17414522936707061,0.14607997499460085,0.97382446056477179,-11.541565973173549,-9.1949358309780678,-4.2115640777400145,,0.2053280276457209,0.4285714285714285,0,4
0.22418578449651821,-0.82943417522503982,-0.51164409798065569,0.97412075471469162,0.20623624399849458,0.092495226338839595,0.028800855260919384,-0.51913924974918968,0.85420427890879136,-18.26323898231702,14.893382200553155,-8.3851237904482403,,0.3658215748780509,0.4193548387096774,0,4
0.94622916181028738,0.022324986495906644,-0.32272584079642536,0.0057913458174898205,0.99628696282564977,0.085899639214990567,0.32344525603790258,-0.083149760562498828,0.94258648603986239,6.051911586676038,2.3960070165490395,1.0148953982379445,,0.0777628653972825,0.2307692307692308,0,5
-0.59005146631453864,-0.69989930657178301,-0.40246767293833835,0.77310460946377058,-0.63348084944189109,-0.03180056943282452,-0.23269836683125794,-0.32991358573226182,0.91488168416650895,0.42077745193496868,-6.199418979203978,-0.44494086939997507,0.502217783779686,0.2996718361321827,0.7033898305084746,1,5
-0.9444003878938716,0.053717214530526657,-0.32437997504313759,-0.058789434689830118,-0.99825326878015264,0.005849251113672153,-0.32349916493672032,0.024594150378127854,0.94590877892766312,-15.726381732336773,-14.663646413283644,-5.3421465033796416,,0.1176436861599396,0.2307692307692308,0,1
-0.21310540060176167,-0.84831944122855096,-0.48470631713238782,0.970502738727128,-0.24104179942784842,-0.004825458706691238,-0.1127409524419042,-0.47143713956609862,0.8746636502566163,-13.657076115292147,2.3565804976782911,-5.8512006822404077,,0.2075906197946622,0.2708333333333333,0,3
0.60881732844989422,0.73664914670172676,-0.29443079873334066,-0.74885365958941885,0.65615082904740962,0.093189516899344946,0.26183899079142087,0.16375018840910227,0.95111840414183701,-0.039985982557244476,4.8836640185165523,-1.4377190036351828,,0.06740709528892952,0.2014388489208633,0,5
-0.24136172081033333,0.96039886537829389,-0.13920682133991139,-0.96893175205396342,-0.24647733315783119,-0.020498392645323923,-0.053997959119887889,0.12993438197602206,0.99005114857334386,-1.2024664617100478,-16.818622499505889,-0.32456481795690156,,0.4283301199154191,0.2727272727272727,0,4
