axis_00,axis_01,axis_02,axis_10,axis_11,axis_12,axis_20,axis_21,axis_22,location_x,location_y,location_z,dbh,dbh_approximation,score,reconstructed,number_clusters
0.97707438163629323,0.19506334545369752,-0.0852991442540144,-0.17126459108256295,0.95815826726116426,0.22934945982148414,0.12646775316806361,-0.20948275857333817,0.96959934058822794,1.1837850482388947,5.821501896389691,-2.4988251921962523,,0.08985692287200905,0.4117647058823529,0,5
0.96385228009596458,-0.24089270859980266,-0.11383973426384299,0.25703075267753889,0.95320601220633117,0.15916497878529501,0.070171036274446277,-0.18267184029607886,0.9806666224721915,-22.442324092232635,-3.4883909838872693,-2.9772140790279082,0.2315243344981405,0.1974104953437585,0.5964912280701754,1,3
0.7695411111341468,0.63102383803454354,-0.09805811596486462,-0.61982701467802703,0.77501933092596631,0.12312395610275996,0.15369108676091031,-0.033969876703095966,0.98753485879083203,14.627345278234541,-8.2330212945345416,1.0845029922080931,0.3113288530830396,0.1862660817102229,0.8421052631578947,1,5
-0.91746617510705408,-0.34712285953156907,-0.19432328199435731,0.37304248838371123,-0.92038778089410189,-0.1171564536904347,-0.13818509107324384,-0.17997792412253441,0.9739162322467072,4.4366351597185352,12.742407658141628,-3.0956087766570382,0.4612138454026409,0.2643116125957959,0.4090909090909091,1,6
-0.55921609984200216,-0.80707816808605815,-0.18947871721212389,0.81899670133213687,-0.57326741198339559,0.024675444574271461,-0.12853698644584002,-0.14138353849268265,0.98157472367553844,1.9526383925899282,-16.111805075980662,0.97350193606286362,,0.2291358916654224,0.2307692307692308,0,5
-0.55623274609514028,-0.81234490391505121,-0.17521669228331524,0.81855493064649909,-0.57195952274518524,0.05319896479637283,-0.1434327636412446,-0.11383348112197286,0.98309154247704145,-4.218027715784741,-5.4928296342971112,-0.99805925575671051,,0.080210671645822,0.2900763358778626,0,5
-0.65998518034856335,-0.73834413924720388,-0.1388073980722152,0.73650707738399612,-0.67232740442589778,0.074385389837108268,-0.14824603429285235,-0.053139376146502063,0.98752180736386841,-4.2296532828977114,3.4839442271308658,-2.4096528676041378,,0.1047957442808357,0.3735498839907193,0,5
-0.9277709835774528,-0.35485571082952788,-0.11540548740591328,0.34658988677975078,-0.93407989568791583,0.085849862280913514,-0.1382622595422392,0.039650636354574567,0.98960162420185616,-0.32867070400059728,-5.7771578102776759,-0.55880384181323428,0.1574142993635019,0.1458706872194446,0.5783783783783784,1,5
-0.9365899646547573,-0.30155411062396353,-0.17850590038929035,0.32319789540593197,-0.94021241818282653,-0.10744174747265683,-0.13543396366191593,-0.15832159379122052,0.97805516941848969,-5.1654145435442143,-20.653872589393313,0.86665711834267523,,0.1269696765460645,0.5,0,1
0.4059858221780881,0.91363841793134604,-0.020984600789398573,-0.904119564423847,0.40489106248651158,0.13649557042108929,0.1332040743236354,-0.036442678255753667,0.9904183993571265,13.918338641736369,2.7655003911536586,-0.48127952472233643,0.1971420263991099,0.1603686256105739,0.4,1,5
-0.40705849571579156,-0.89012723812459216,-0.20488260300543515,0.90337201719124194,-0.42548003048004263,0.053719104781525445,-0.13499029454528788,-0.16321839238084562,0.9773112998257969,-25.992464916563023,14.065832794817311,-5.6422640640390771,0.4954074273260687,0.385768040412252,0.8780487804878049,1,5
0.18557976501957185,-0.97051565346379187,-0.1538165049564863,0.97970859099641894,0.17068720328986098,0.10505691486473685,-0.075704871329996384,-0.170191788917192,0.98249861447336084,-21.227311528186434,-2.8470387416358145,-2.9502965040042377,,0.07649079175937078,0.4411764705882353,0,3
-0.94273730500519082,-0.29093113992995523,-0.16311175791648796,0.30416777003779977,-0.95056299741287842,-0.062545628301875281,-0.1368515305788808,-0.10857743673756985,0.98462307448572262,2.2597285201952189,-9.5796461350558992,0.20154097776944477,,0.1809031372944105,0.2692307692307692,0,5
-0.32583687642933479,0.94453359060681408,-0.041068554566398276,-0.94447284338525728,-0.32325101780942112,0.058990063510223491,0.042442644433885436,0.058009272539588111,0.9974134279389294,19.368159998967155,-12.510015925537092,2.0159152152580679,,0.2100582793094315,0.3846153846153846,0,5
0.88794715143509173,0.45578399822633281,-0.061731703517107273,-0.42946814005822265,0.86965118113692341,0.24344186127715292,0.16464195374580776,-0.18965170736898704,0.96794899501925757,0.83750882739557564,1.6607664992248408,-1.7143752190254284,0.2265982442057477,0.145903815804784,0.7290836653386454,1,8
-0.44107478570489994,-0.86462110537583081,-0.2405896455669965,0.88679949312889661,-0.46109423294849117,0.031285257358290942,-0.13798439187715658,-0.19955563755584255,0.97012259798335376,-1.4166018589958664,-10.053544426356311,-0.04258053317795122,,0.2361570304205509,0.3571428571428572,0,5
0.93415591615904003,0.3531014137294346,-0.051692513261966361,-0.32948465467079902,0.90902979452369337,0.25515621686464079,0.13708605560569748,-0.22132379964767859,0.96551705788555853,-6.1464508731848593,-4.313674416088582,-1.3572695128386227,,0.08331274588942629,0.16,0,5
-0.96254660150535332,-0.23096229081775374,-0.14198753519485147,0.23427572498260799,-0.9721460798217415,-0.0068472016980179783,-0.13645118033336096,-0.03985498347051622,0.98984476342414263,9.3237057611228238,13.110066978328129,-2.2926960247935901,0.6443677374037321,0.5343643161465634,0.9493670886075949,1,5
-0.09939280463304348,-0.97898046176914166,-0.17809639485811513,0.98877076993945556,-0.11724387298333734,0.092661959623165313,-0.11159495911785497,-0.16688657741755938,0.97964046230101132,-13.925729954375248,-3.6626327114909758,-2.1671611076478596,,0.09289001606137087,0.1923076923076923,0,2
0.97827595324501881,-0.15439144203397567,-0.1383453719111,0.18656790520234856,0.94662755994953207,0.26284725505967049,0.090380175099180338,-0.28294795523322924,0.95486746649908272,-10.524626259908729,8.6701037017056244,-3.6374195334879307,0.4664351963176209,0.2219471697060586,0.4630541871921182,1,6
0.12212640590315155,-0.97621664165481437,-0.17912623910911291,0.98999272465034649,0.10695845144021876,0.092055933023866013,-0.070707468633537954,-0.18857613375426607,0.97950982417622068,-12.068894308331545,-7.7161520357705689,-1.4222349173030175,0.2757867974044624,0.1467537780417718,0.5833333333333334,1,3
-0.62508165381619041,0.77903297864515475,0.048790821326105058,-0.78049749300064453,-0.62459687957105559,-0.026502857389551503,0.0098279948172040853,-0.054647563654382898,0.99845733724807428,-12.101767779880875,-4.3822807618610069,-1.9000777215737958,0.773282640087485,0.5868671526407394,0.854524627720504,1,1
-0.27991269346346076,-0.93868461536890668,-0.20129599327299177,0.95180353812343221,-0.29872941396697117,0.069503683691357343,-0.125375072696884,-0.1721392752996237,0.97706149297041345,0.10047623722394801,-7.0532294767339296,-0.35516033008684605,,0.07477832119324809,0.25,0,5
0.96593944272647592,-0.22146078025911831,-0.13385109559614158,0.24563303704245226,0.94742139080882237,0.20507832491801226,0.081396585300405125,-0.23097149400932376,0.96954977430585521,-6.9191609537634919,7.4506090445124133,-3.2150847274410674,,0.07797512743633189,0.1475409836065574,0,2
0.62728932754041244,-0.76854259379976875,-0.1258982965310535,0.77872087092866193,0.61689085369312024,0.11419054168309928,-0.010094787466978538,-0.16967013922696367,0.98544920676851699,-8.4726964753722491,3.8224238553722345,-2.8045588328695099,0.4553904163888556,0.4140404802924524,0.938953488372093,1,5
-0.33425379755805507,0.94114189936403247,0.050262551462107896,-0.94100626314959135,-0.33623943915523241,0.038082177850243905,0.052740985308027601,-0.034568263161996834,0.99800973124048342,-21.996396005091672,17.46139498877049,-5.6109724077831489,0.3069702727785424,0.3077694142205007,0.4347826086956522,1,5
0.99342584785495791,0.06993951918579154,-0.090628629415425072,-0.025102066093043173,0.90549006450327763,0.4236243965634075,0.11169141010623265,-0.41856445948254001,0.90129286148652632,7.391412503305002,-20.511897856315858,1.9981137736180019,,0.5046301409861073,0.3529411764705883,0,1
-0.75831851235930892,0.65176798394368907,-0.012309708328992679,-0.65136880542274866,-0.75833459821284865,-0.025442414891278589,-0.025917429180131513,-0.011275294201824227,0.99960049750155489,28.581866548488296,-14.855616791045085,3.1282282607592693,0.4358606765435965,0.3471301831981684,0.2352941176470588,1,4
0.2522450695720953,0.96016409978479322,0.12023862258453755,-0.95965208841499305,0.23226207474737076,0.15849983544089169,0.12425897986589089,-0.15536804728934689,0.98001044678318794,-25.418413188012849,16.445041828561376,-5.7677171762442203,,0.1650265751348019,0.2631578947368421,0,1
0.22159195288805522,0.97512110424590948,-0.0059865239912833086,-0.96740826914499911,0.22060248626068968,0.12432129280811478,0.12254895840086417,-0.021757185246315414,0.99222395540776098,-21.727170499896758,-1.9370190931362277,-3.1146094668379352,,0.07100856833960351,0.36,0,2
-0.43642140761759091,0.89574307638298822,-0.084738987986766198,-0.89872129319747074,-0.4295027648179624,0.088472663389278297,0.042853146051916514,0.11476809715973757,0.99246757717710188,-20.153240034251706,-0.68626529132732716,-3.1636824521874574,0.07364250694767721,0.07548691667907236,0.2203389830508475,1,4
-0.19052471350778838,0.98036043491797698,-0.050928883653671361,-0.9786382649186014,-0.1855957179592235,0.08843854313764217,0.077249465887366295,0.066690682427415771,0.99477880601542823,-3.696556612145983,-4.6995122434078711,-1.0390534895588952,,0.07451233340196338,0.1655172413793103,0,3
0.97704530486043406,0.20502647054157333,-0.057849966529349608,-0.17319182689398074,0.92259823729934809,0.34469854021922008,0.12404460224978349,-0.32676694892446068,0.93692918502056055,-9.7290270530274086,11.320566841546496,-3.9792267113728856,,0.186118891694791,0.3571428571428572,0,5
-0.21923805211691733,0.97566222001273673,0.0042318960051056179,-0.9728778727873012,-0.21893626663592575,0.074669644383636102,0.073778866519049288,0.012253309403627151,0.9971993457999373,-10.781620597016584,24.470554810254725,-5.3884170148795407,,0.07502370834799213,0.375,0,1
0.83032786509884338,-0.53090707121003133,-0.16939102154359376,0.5563115546235563,0.80753980835678041,0.19595130035653011,0.032758062102590392,-0.256938007422569,0.9658725432007067,-10.919659464216339,-20.385411416883681,0.44198006107687732,0.2233918343837299,0.2125979136850836,0.6521739130434783,1,5
0.54810930950719716,-0.82248112224410563,-0.15199009304431987,0.83600458676091682,0.5330903521501299,0.13004232910541141,-0.025932908557528611,-0.19834182613994458,0.97978977554229441,-0.2177020004686411,-11.417116634385017,0.22435692218984293,,0.0857465908052247,0.4,0,5
-0.56161964869283509,-0.81681532475908758,-0.13189425855905554,0.81397877182580336,-0.57403829635669579,0.088986478370927782,-0.14839787471218666,-0.057382571871681928,0.98726152119197752,-7.3581349396057201,20.993838922192442,-4.9359448089246234,0.3621054379335112,0.2998455419603632,0.6206896551724138,1,5
0.038398020027795937,-0.99075495423172388,-0.13011615089311471,0.9946556754700282,0.025406588377217609,0.10007293601315402,-0.095841949652577321,-0.13326337055742452,0.98643560091597848,-11.923591369761281,-2.9543367330514489,-2.0900152436113753,,0.07175439860565122,0.3557692307692308,0,1
-0.85156154498317815,-0.46954988853111534,-0.23316482857901338,0.50363387986602004,-0.85621379316671375,-0.11511236007557274,-0.14558794646866477,-0.21545496645815851,0.96559997269653641,-18.923698958405296,12.910848968496612,-4.8544318396388793,,0.2924118605560577,0.3090909090909091,0,5
0.062194910259054069,-0.982718520531497,-0.17434478065675771,0.99398537891175709,0.045212276024839702,0.099744256006567278,-0.090138003347745244,-0.17949974791357912,0.9796198144440742,2.7866371518667599,3.7972530674899092,-2.0424831353919743,0.3656610418568863,0.3583989054706426,0.8782287822878229,1,5
-0.31969911188446637,0.9432264983552503,-0.090090236212242561,-0.94590650175516344,-0.3121642428725942,0.088398955927602302,0.055257287280444517,0.11347800787938717,0.99200270863044182,-18.32299498012237,-0.12674103428296232,-3.0528901616669386,0.3863893367958425,0.3471244172318914,0.9495412844036697,1,5
-0.19261389376280666,0.97809321479370415,-0.078952841013143635,-0.97786711377035251,-0.18462329210580714,0.098438548437355042,0.081705542871765388,0.096166018876369927,0.99200620012049268,-15.014058841859255,13.319637444146034,-4.589087088170519,,0.07745977126232576,0.3793103448275862,0,2
-0.20326464840057434,-0.96869169808600109,-0.14254780520881866,0.97212926584303572,-0.21703327091108862,0.088663689349786037,-0.11682539622048051,-0.12055269958360285,0.98580874079155645,-2.8587525544024204,18.555998979797842,-4.396710339705681,0.4220005576192978,0.3885744932763756,0.8571428571428571,1,5
0.5121786718151633,0.85840316780980908,-0.028583380341359224,-0.84784585375912691,0.51063636997553175,0.14285624215156992,0.13722396438345455,-0.048933619856854862,0.98933062443583142,28.15518769198977,8.1650474390211265,0.83406218493680562,,0.1681819011482305,0.4166666666666667,0,3
0.49686682064153209,-0.84768123838417608,-0.18590287958244733,0.86671637296982063,0.47387839760410067,0.15569840432775689,-0.0438872575084749,-0.23848644065363628,0.97015366115515178,3.0727358227743462,14.235768890968602,-3.3509459772321257,,0.08503177976339321,0.3125,0,5
0.35317687460250213,-0.90368932718922079,-0.24209852368467891,0.93260622551385353,0.31953596530180933,0.16775695220003192,-0.074240981801234396,-0.28503046644689328,0.95563900601547969,7.6418598220638154,-7.2085092262110759,0.30975451023942646,,0.2122943045157102,0.1111111111111111,0,5
-0.55252685172561899,-0.80417515795559302,-0.21912643256639133,0.82108128733549446,-0.57035568740403741,0.022801522610466699,-0.14331642512169865,-0.16732215983833532,0.9754300062625566,-30.030687658942014,-5.2502069385952224,-3.4954814989355985,,0.506687419377321,0.8064516129032258,1,1
-0.98858676346421825,-0.096839623231368729,-0.11540493263179483,0.091600880097608126,-0.99454591591984898,0.049876847258958509,-0.11960555952248288,0.038736397606855398,0.99206552285207339,-2.8844484932114605,-13.352913644229044,0.2440309911653992,,0.08129624392671772,0.3703703703703703,0,5
0.96630914392908962,0.25481965096106357,-0.036243397234692797,-0.23141217929942551,0.92178717910087993,0.3110575504904724,0.11267227534278565,-0.29219059178783291,0.94969975067900025,-5.2110935894158024,-13.824677520111187,0.077398919343042161,,0.1815261740780373,0.2857142857142857,0,5
0.28687983972724429,-0.92970534363924384,-0.2309717116157442,0.95501810739487281,0.2586574160188595,0.14504053118477736,-0.075102410786780302,-0.26219137122926567,0.96208903576900384,-21.730089360055803,1.6275778990004226,-3.5934411115926714,0.637719935441394,0.4095792375156934,0.1848739495798319,1,6
0.19507656687004407,-0.96208787254454187,-0.19060970216889295,0.97649573128984979,0.17235760896631996,0.1294177012781256,-0.091658168380664165,-0.21137592136790329,0.97309763129655757,8.9274792408978456,-11.81169433528733,1.0291129444964915,0.4199556931049079,0.4191696621359334,0.5217391304347826,1,5
0.70082093178303595,0.71077802819362257,-0.060370656878528363,-0.70022427337222315,0.7016226113464229,0.13195331836589114,0.13614693736952529,-0.05020264818327605,0.98941584056466703,-24.415667501737275,0.67756602829897383,-3.6694587263883216,,0.121059004317764,0.3653846153846154,1,3
0.9248487820192286,0.37987618194571326,-0.018676637489042199,-0.36276603736186835,0.8958150383852086,0.25674154151534395,0.11426080926685871,-0.23067185219106101,0.96629962437767103,10.127158890735267,-9.9689543700863386,0.91028504903248642,,0.6431464504000912,0.1176470588235294,0,2
-0.97541669311145418,0.16610396900751201,-0.14481625005318713,-0.16319238169758976,-0.98608027960062505,-0.031842247700531782,-0.14808957206833939,-0.0074265511985951412,0.98894606778221805,23.148855192676567,-8.9687628474486711,2.0677637127124906,,0.3712032097963067,0.6410256410256411,1,4
-0.17012081938153162,-0.97544030033575535,-0.13991114070669608,0.97821034054258715,-0.18431191444068529,0.095570120072992051,-0.11901023682235476,-0.12060405746119017,0.98554108227683024,2.8689862583831003,-8.5587647853283553,0.11493537254808092,0.1947599087995852,0.188823341626171,0.5932203389830508,1,5
-0.83824403504477318,-0.52419566179048827,-0.15021932589347037,0.52764473110394827,-0.84924912199467484,0.01915637046822103,-0.13761531691675458,-0.063204722539582453,0.98846708979034548,-1.3126030704451705,17.226008272621318,-4.0378698263492563,0.4848701275289887,0.327658607701854,0.6666666666666666,1,5
-0.9267111737808168,0.36619139826803476,-0.084322358981963066,-0.36944388027494485,-0.92888005186340739,0.026326195654261378,-0.06868493078669885,0.055549159172177301,0.99609069426337438,-6.1549585865367344,-7.9761021570075501,-0.83554214139495953,,0.07314978322988346,0.3559322033898305,0,5
0.89783832985192857,-0.42336274439883254,-0.12103850669843998,0.43692360109371281,0.89068453321682373,0.12561380933492514,0.05462691878553582,-0.1656654729972957,0.98466788857999255,14.774440406826946,10.143578078695798,-1.2948338766026699,,0.1106909198501194,0.5,1,5
-0.96340834694576116,-0.24201813461088606,-0.11520234179348808,0.23559028560542516,-0.96956210692685096,0.066682367533858602,-0.12783416743418347,0.037101796870682734,0.99110134815031714,1.3634599744271956,-12.8462181639851,0.55464902438407337,0.1619676468877083,0.1207480636243792,0.5333333333333333,1,5
-0.89061229906063033,0.45421272918642436,-0.022372514542586153,-0.45395814686940067,-0.89088514028919918,-0.015673790313555591,-0.027050575831909857,-0.0038030851835888333,0.99962683181787815,18.439998192543001,-16.060780612691385,2.356833291476935,0.3161203005363376,0.2638020520536004,0.375,1,6
0.65036818836749699,-0.72007069982261118,-0.24190784777794327,0.75961861459758251,0.61687756858367437,0.20601365424443407,0.00088312877376409496,-0.31774243127928437,0.94817665413587338,24.128333062286409,5.2742535784966416,0.49354992452171054,0.4916159388069775,0.3362088640591153,0.1333333333333333,1,5
-0.9350099071311313,0.3511478417490983,-0.049514309058922901,-0.35005359116336182,-0.93626337784671154,-0.029552844477296576,-0.056735851807002642,-0.010299540670129245,0.99833609700426906,-6.2591752242023952,19.979331407572584,-4.8760534686706745,0.264212036476566,0.1735432157982582,0.3076923076923077,1,5
0.98172088245520706,0.15052427138376548,-0.11647554539798154,-0.13184214451756737,0.9792023951305443,0.15420868425486142,0.13726528286635203,-0.13603349989981572,0.98114888219098961,2.785371778087844,17.170379276226761,-3.474132382577229,,0.1613310675114395,0.3142857142857143,0,5
-0.20071416930579633,0.97813986577754708,0.054371180018150563,-0.97772851584212128,-0.20348604193889519,0.051384628491454129,0.061325129833100706,-0.042846630120981943,0.99719777112578267,8.7277118010210017,0.35310152726555449,-0.74666871653956002,,0.2527896685245211,0.21875,0,5
0.08374195540933782,0.99467050597861795,-0.060148727671182546,-0.99077185234604093,0.089565490353762545,0.10173081901020019,0.10657589550651934,0.051074528621727469,0.99299192898182864,-17.935219495671745,2.5457539306664603,-3.3922830858773603,0.7387611738117857,0.7725138516115126,0.9988876529477196,1,5
0.061427954456366549,0.9974997008404406,0.034942141241463352,-0.99248260980719194,0.057331343143501565,0.10812671419990431,0.10585308517758134,-0.041321470406967334,0.99352285350755465,-8.1918188619814263,25.73276311412738,-5.2327483771187921,,0.2755753901968734,0.4090909090909091,0,5
0.31125133652564774,0.9466131899931175,-0.083940896123716108,-0.94152617725721366,0.31915695096627389,0.10801526831577762,0.12903899817658274,0.045412654414445072,0.99059912566517949,5.8365743522854689,-5.2353533426625711,-0.10184219867432791,,0.07364271024806339,0.2115384615384615,0,5
-0.99142744779523828,0.12792868114010383,-0.026568182097650186,-0.12732409503619346,-0.99158679367020586,-0.023328211291381788,-0.029329005803719287,-0.019745459239902601,0.99937476767125299,28.60264637943779,-0.18357996924423831,1.7699773972582284,0.4300656337584706,0.2848824233874484,0.5185185185185185,1,5
-0.98528771448100028,-0.13016539558991352,-0.11074786446576858,0.12329513285100814,-0.99011915078879575,0.066801028858291644,-0.11834876386367221,0.052163560386493162,0.99160099488642384,-4.7446997452170088,-10.796293066705248,-0.31447145958785944,,0.0815111991432845,0.2380952380952381,0,3
-0.54601900093771516,-0.82693444440004504,-0.13432302587332959,0.82547076845047052,-0.55841660839271479,0.082273336537214192,-0.14304286437557084,-0.065956926368387764,0.9875162898986859,-13.690806546532645,-9.5268611600282309,-1.3311458982199413,,0.2151795879751047,0.6271186440677966,0,1
-0.41147851228358356,0.90965977895988304,-0.056608484095115798,-0.91044688249562788,-0.40737725596603108,0.071625731937487142,0.042094038567029382,0.081011467486061445,0.99582389710875785,-25.035843311745818,24.742263682610176,-6.4327734692203267,0.6496251087307943,0.484964879898898,0.8571428571428571,1,5
-0.40132498248582887,-0.8771751290812978,-0.26363241711511709,0.90008325863759386,-0.43100818553726306,0.063891091086380705,-0.16967140582043028,-0.21165003406823754,0.96250500109133685,-14.796985938101201,1.8180344852254766,-3.0679039285229415,,0.1188644337333804,0.2051282051282051,0,9
-0.14348745672775642,0.98782523321239135,-0.060105394023205604,-0.98755113878935785,-0.13896315557024741,0.073702033009963072,0.06445229272603642,0.069932467587264499,0.99546740375539822,-21.500881479646864,7.6853379410843896,-4.4012757930496758,,0.0870454341451061,0.4782608695652174,0,5
-0.98587951466047019,0.13766019652433578,-0.09534806167783294,-0.13673170098829537,-0.99047506548797748,-0.016235350055867615,-0.096674839113835315,-0.0029689963742746167,0.99531158967573863,-7.0738935175240645,2.7288833661163014,-2.5256230156104071,,0.07892227472177378,0.3079584775086505,0,5
0.99386457428290376,-0.043914839702603736,-0.1015120428291936,0.068308146115543741,0.96555516434574928,0.25107214457105664,0.086989684214387922,-0.25646580953247289,0.96263081364619385,-3.5473435348107936,-11.000311779251183,-0.16154951236711373,0.4504769449360155,0.3109034325166395,0.2941176470588235,1,3
0.35793344188244569,0.93140769371035914,0.066055728588342216,-0.92338037538371187,0.34256055216973258,0.17326554895132595,0.13875277848901726,-0.12301209775594744,0.98265746334481174,13.893600552310989,3.9928688483124417,-0.74915073325845349,0.6658554482036646,0.504524723054677,0.15625,1,5
-0.59311331580112825,0.80488529438704537,-0.019397358038429902,-0.80498547053372294,-0.5924040577705828,0.032493454210800042,0.014662429846117066,0.03488689175647635,0.99928370242618281,18.382870898829086,-4.0036447032337037,0.98390990743664308,,0.4805439585788241,0.9578947368421052,1,4
0.67651763280940291,0.73127495966731981,-0.086953009502385797,-0.72161885563350026,0.68183623207351463,0.11985649680342804,0.14693576723235233,-0.018338102283282386,0.98897603323462191,-15.185121784690812,-12.903084791862963,-1.0508826568264571,,0.1383809560298398,0.2777777777777778,0,1
0.22435699768098202,0.94771119016611671,0.22695250081349402,-0.96685045647465118,0.18733729692582171,0.17350772892089084,0.12191854824568205,-0.25835680214472712,0.95832543031019257,-0.21978607176813744,-9.0633994422005717,-0.10756586690843006,,0.180222230210085,0.3888888888888889,0,1
0.25619412184639501,0.9645855707964065,0.062763433165533442,-0.95729935405018796,0.24418924369141323,0.15475645382506065,0.13394968707110574,-0.099731087815110933,0.98595699270138892,4.1430844062149852,-17.697973328745608,1.3575263879145079,,0.2705814212333814,0.7916666666666666,0,5
-0.77988738950413827,0.6234781262748903,-0.055233013218321469,-0.62552804939820583,-0.77948052855822381,0.033537516525091217,-0.022143150374303502,0.060705285234047168,0.99791009075775783,4.6453072011548624,-7.153970043008246,0.090267611157874184,0.1273441814261909,0.09642986178667588,0.6363636363636364,1,4
-0.54830947331598268,0.83418521253661237,0.05909105395232804,-0.83623533346283019,-0.54622010460789261,-0.048518701450595739,-0.0081968616103343973,-0.076017290844846694,0.99707280724747027,-25.841490149666786,10.848072108126214,-5.2250781877907526,,0.3278471833587255,0.3125,0,3
0.34863803807315846,-0.91826524937975618,-0.18772439955965575,0.93148710631499765,0.31727935802420271,0.1779482501758933,-0.1038426173466914,-0.23690238655041909,0.96596789287703777,-26.598139136356302,1.2246874619176529,-3.9533107662523053,0.527610756106856,0.4950181514358858,0.8435374149659864,1,5
0.92043445031614624,0.38894235394142868,-0.039041874720791701,-0.36665815983648081,0.89366631431929422,0.25869347204035503,0.13550725625050244,-0.22379536179614767,0.96517015056516942,-13.898895302506189,4.5291463163184433,-3.3650293640741324,,0.1077882560036525,0.2444444444444444,0,5
-0.97080332764156019,-0.18533566394501758,-0.15228785476896831,0.1989830184968045,-0.9767518399556252,-0.079759648276571463,-0.13396513497912532,-0.10773362898074826,0.98511258635582577,10.112560992636906,11.734549492690789,-2.0438332361615035,,0.1589189849378826,0.1875,0,3
0.63935324837747776,0.75482618617279607,0.14650888183656713,-0.75342733310396293,0.57695128207753688,0.31539573846350477,0.15354047518820604,-0.31203308602922325,0.93758235675702728,17.425671448913555,12.124505584034175,-0.99686526860513525,,0.5519259729149675,0.4444444444444444,0,3
0.97629749559425216,-0.17998023989777562,-0.12020945612858336,0.19789635659375929,0.96722682043060293,0.15908899989195169,0.087636933671291106,-0.17910720556707072,0.97991855619262991,-3.6804349926553694,-20.63723372075194,0.98359531933828692,0.3329382362388498,0.3602209235729997,0.462962962962963,1,5
0.68712267330531274,0.72335658205535924,-0.06795356522617485,-0.71032779882053299,0.68849288912706164,0.14632826057958631,0.15263305688000894,-0.052276159180445481,0.98689936322241267,0.94541468902957604,20.99693977812122,-3.9534920343275233,0.1343632976287015,0.1328036063657018,0.4545454545454545,1,4
0.44028410041941207,-0.84718069217449776,-0.29737986771906555,0.8968494680170197,0.39926813282170404,0.19038379613470241,-0.042555171665249053,-0.35052793457841552,0.93558496377653055,-15.985677470234148,-3.9165713150609935,-2.3228060419406882,,0.07210318670282381,0.1428571428571428,0,2
0.97723558762946339,0.20810275802849282,-0.041277698233199822,-0.17633864424756232,0.90490732129668672,0.38735955184890597,0.11796308242593624,-0.37126268593084893,0.92100419609249451,17.708161276024292,-1.6493406157249266,0.61708317099268961,,0.5896745821044143,0.1666666666666667,0,2
-0.98812866480864048,0.11317766662986858,-0.10388723482562384,-0.11106397500957234,-0.99347495513892359,-0.025928882868131813,-0.10614393641922767,-0.014082943155980021,0.99425104248046869,5.759861711860859,3.6263548778103178,-1.7212924128434566,,0.1750192292481298,0.3773584905660378,0,5
-0.09202743136019613,-0.95928884994347619,-0.26701283536820342,0.98996752915989661,-0.11701422629047108,0.079195719926595728,-0.10721587142906491,-0.25704585820387249,0.96043333120729468,30.026124513412686,-6.7337651052632133,2.6473783024677564,0.2546228736783316,0.2550718451610969,0.4210526315789473,1,5
-0.49146644215284369,-0.79959107604187629,-0.34513018898934295,0.85949327646757956,-0.50923883186370877,-0.044126180767313256,-0.14047079392047968,-0.31832361400983022,0.93751695068359708,-11.493049480489107,-6.3877317862259764,-1.5509551262659773,,0.4690671260106896,0.2777777777777778,0,1
-0.64340898782821387,0.76516661861138324,-0.023343524684526419,-0.76544525956033616,-0.64261130241966835,0.033827039762725546,0.010882508832288302,0.039632811726160441,0.99915504864670313,9.7833834271887312,1.0434286486926474,-0.74705167816512585,0.3246520273901869,0.3188551059567007,0.7763975155279503,1,5
0.27101129883770386,0.9592422589620746,0.080044765747913374,-0.95923764675451639,0.26221611788566962,0.10538427097924792,0.080100018421719474,-0.10534228088619532,0.99120481783864189,13.125338154935733,-1.261408867863312,-0.020512696755961179,,0.2705023914693894,0.1290322580645161,0,3
-0.43595445356332951,-0.86392929115595563,-0.25213070876247562,0.88593413631203,-0.46125360132225107,0.048639709953006774,-0.15831746756235585,-0.20216650353118176,0.96647001211347483,-24.342208710576752,6.2502812906746668,-4.4563543257236553,,0.1606214672712203,0.3076923076923077,0,2
-0.99315813787071028,-0.067351447987141211,-0.095397566191274541,0.077345469990603974,-0.9914319008116883,-0.10526378448856721,-0.087490522075912805,-0.11192215378091303,0.98985798983486806,-0.23302478155589582,-13.376925513282748,0.45662201172583788,0.0985551256261592,0.210961548898306,0.2666666666666667,1,5
0.92258261570987288,0.37830411312254814,-0.075679027375430488,-0.36052826385224418,0.91522799670667099,0.17993633598575967,0.1373342206211382,-0.13872170716530227,0.98076276428478282,-17.044798173861384,3.935743570573377,-3.5239346849961777,0.446253636073396,0.4022347661097429,0.7808988764044944,1,5
0.24972369272907222,-0.95873104722872993,-0.13591488648952135,0.96595317585352591,0.23684596987939377,0.1041078700693535,-0.067620554184685433,-0.15728561800620194,0.98523535006624885,-5.2591692996860191,-9.3122782169571678,-0.54542005995423426,0.1520235048697764,0.1349837213668292,0.4672131147540984,1,5
-0.88770097740064757,0.45815000512753651,-0.045667795256346191,-0.45417336483367748,-0.88762214879655732,-0.076508010308985963,-0.075587891871598673,-0.047175139294155427,0.99602257847650566,-12.506323124863899,24.174463671287828,-5.4955393603065437,,0.4110070484525876,0.5957446808510638,0,3
0.8688589421597358,-0.43848069308917426,-0.22982345488896974,0.49337571857052537,0.80519997910668617,0.32898844048326331,0.040798761673397028,-0.3992338605812753,0.91594092910585023,11.327394320012502,-1.400194865777582,-0.16682257288027394,,0.3212571901450135,0.2857142857142857,0,2
-0.98931354563984375,0.086173603441344004,-0.11761300303731499,-0.087147553682402346,-0.99619042203131769,0.0031538770170389759,-0.11689316618474435,0.013369858750181863,0.9930544972841655,-20.25475900272632,1.344520800142208,-3.434333694237357,0.4224522487206031,0.1651034286333143,0.1607142857142857,1,5
-0.070430452048004549,-0.97720468536989835,-0.20027619507927458,0.99170679957433727,-0.090232334037684506,0.091519121347056018,-0.107504302715469,-0.19216953136548368,0.97545563513284972,-29.835271749796675,-0.86704617504126691,-4.0148294748831086,0.521698342092217,0.4992476554464405,0.9555555555555556,1,1
-0.95672238140488397,-0.23809372244850904,-0.16731307256033673,0.26551820323589492,-0.94952038228697655,-0.16706623648115429,-0.11908975047983859,-0.2042606740226989,0.97164561872034549,4.7481938998695981,-9.6810366151205507,0.43610080077620256,0.5695811701443275,0.2743588876921373,0.5416666666666666,1,3
-0.92466434449175894,-0.361812025885204,-0.11869249323555206,0.35594630237693003,-0.93202034165406267,0.068119839747584843,-0.1352703953192208,0.020739832879990646,0.99059163103788272,-23.344850749211357,4.972397373849561,-4.1748088358899214,,0.09594979367111517,0.25,0,4
-0.92251462554090968,0.37512069738930159,-0.090836270582183076,-0.37927328681450068,-0.92468913985552947,0.033192898972020199,-0.071543969501566149,0.065072705671466349,0.99531251544655752,-12.77788052202974,3.3046905580039501,-3.1109547748819768,0.8374072573348165,0.4448449355466765,0.5575539568345323,1,5
-0.30424729640533743,-0.93576605684586378,-0.17825675158373189,0.94372862739133978,-0.3215608197235324,0.077297587677660026,-0.12965284598534038,-0.1447084174257719,0.98094322641732334,-8.0958487599326627,-19.33305841517948,0.49578505192449335,,0.09145040644323454,0.1875,0,4
-0.24158656168953913,-0.96014687985485225,-0.1405485763571413,0.96288173456979997,-0.25516218124053003,0.088039914223202911,-0.12039393025763645,-0.11406239682545463,0.98615164715552373,-3.2741234599478002,-3.2099191964659779,-1.2268981487930699,0.2791722108401788,0.2576907798158882,0.7646432374866879,1,5
-0.72175313396826157,-0.66497424740269762,-0.19204599422588703,0.6737197252852356,-0.73855356870644329,0.025305294160796167,-0.15866362333118511,-0.11112099910545108,0.98105962009922043,-2.7180502561489011,-6.8333971209790132,-0.65836776731664415,0.2701445526137315,0.1752103244221139,0.3207547169811321,1,5
-0.92867134448195676,0.35593415215769303,-0.10430921946721301,-0.35973423818085087,-0.93284944020376448,0.019575489571556869,-0.090337211704357406,0.055702793819587301,0.99435224490226548,-15.577467271148398,9.422652436755369,-4.1419484853421853,0.5547771105823303,0.5789499285694188,0.6726618705035972,1,5
0.79815814401894958,0.59565820191373409,-0.090193589734096247,-0.58523663769616152,0.80214698630826131,0.11856766108288322,0.14297431599527632,-0.041851151112852411,0.98884115312633059,5.193569807176309,-4.4952800111659315,-0.27239517884879799,0.1945821937123702,0.1523680145632023,0.4625850340136055,1,5
0.88183744937008568,-0.45173514211258331,-0.13527037469078354,0.47032681718340347,0.86325605626558966,0.18325301186859083,0.03399114482611764,-0.2252206533631069,0.97371467041023074,2.6237371882881444,-12.124206180204904,0.5684647640168633,0.5651524014437708,0.4078401732737114,0.1612903225806452,1,5
0.39855805665431759,-0.90798489537231852,-0.12928613712093837,0.91632832278683518,0.38828700839908181,0.097855015033251336,-0.038650748176460747,-0.15746945381314989,0.98676719178395289,-5.8168455814509397,6.1865870560526632,-2.9543407938474324,0.6500102142462121,0.4082562123903314,0.9603072983354674,1,4
0.76103570641165363,-0.6302976135020546,-0.15345869796180095,0.64834045927845829,0.73103043293220271,0.21271848765341397,-0.021892976707485579,-0.26137984723496255,0.96498770615501328,8.1430046340520335,2.2718901210029241,-1.1222081912104189,,0.1603980498442593,0.3529411764705883,0,3
0.89502627868498785,-0.41195004040123079,-0.17095357462400995,0.44275522092747732,0.86687652312736518,0.22911330819503217,0.053812403818853168,-0.28075301933200186,0.95827029972299627,20.006685568629862,-2.7480420191682069,1.0236065909604806,,0.8463243071054997,0.2727272727272727,0,1
0.98048141542396305,0.17736089658946452,-0.084848726385272133,-0.1548229017230697,0.96248588411582758,0.22282457669615705,0.12118606813602897,-0.20533883032381894,0.97115905064565744,-2.9587760376668517,-21.608483944310166,1.1737749205587542,0.357998641380526,0.3380731397908055,0.5901639344262295,1,5
-0.71697553181969864,0.69594154937426678,0.040142827832704488,-0.69696275099708793,-0.71451084757521943,-0.060968618320522715,-0.013748108758381051,-0.071691063263753102,0.99733213171625079,-18.421919095970747,9.856992980222115,-4.4521880041507407,,0.09706923462438526,0.3,0,3
-0.47963286106248559,-0.84051540788875356,-0.25196461594957648,0.86233426537169233,-0.50461177096498466,0.041792049117588208,-0.16227117228540439,-0.19723288190660573,0.96683362422907937,20.583359352249079,8.7032702244647897,-0.30564797333433202,0.6616127241533332,0.3744013504807954,0.1818181818181818,1,8
0.065392013405615526,0.97154011172129306,0.22767014714129183,-0.99210726593314857,0.038836963309073637,0.11922610101644177,0.10699092235051028,-0.23366964201091098,0.96641163120953788,-17.599054338841086,-3.924141723842105,-2.4882866735681985,,0.4425118580490943,0.1444444444444444,0,1
-0.69267351005357825,0.71212459547090279,0.11437643549027,-0.72124391820109013,-0.68318498800553096,-0.11430434209522897,-0.0032586696665970775,-0.16166889833634365,0.98683967714250231,-11.879784299310042,23.579470504015923,-5.4150845590557477,,0.4551655533507212,0.3,0,4
0.57857193976887966,-0.77581486317996684,-0.25172566134807872,0.81546851817071553,0.54405126438277196,0.19753307975113191,-0.016297434906630204,-0.31956144916519391,0.94742539221983446,-33.194585253002231,0.51343693012829406,-4.5247316506438793,,0.156647032567671,0.3636363636363636,0,2
0.91759414675623152,-0.37708456646132471,-0.1258102204726578,0.39276025552920635,0.90882942264858479,0.14060036345925009,0.061321802936120717,-0.17842732488303345,0.98204038930165616,-13.411042555802247,-5.4278897484482744,-1.8526553700368382,,0.0732593002150795,0.3958333333333333,0,1
-0.13716381122251284,-0.98057667998295617,-0.14019794422358214,0.98438767181542475,-0.1506994399201283,0.090942786330571748,-0.1103041271608786,-0.12553506873126491,0.98593810457346354,6.0161132583627248,1.2511016691853876,-1.1644472279019464,0.4949287653552543,0.4855971231170361,0.9440993788819876,1,5
-0.21394390146029027,-0.96021400854425121,-0.17949112742230611,0.97114210900908693,-0.22890078503490838,0.066988317785910315,-0.10540878112061174,-0.15997964997393763,0.98147618435542472,-5.9860513611133079,-26.422604229602282,1.5090685573023004,,0.4432833909959119,0.3684210526315789,0,5
-0.14738731867665891,-0.97109773255046539,-0.1877396392045339,0.98208252048762179,-0.16622097104718145,0.088794773139025965,-0.11743466799026633,-0.17128859453996223,0.97819697205345046,-7.9438059185696677,-7.3095965758058927,-1.0745237217276291,,0.08005193249812201,0.2608695652173913,0,4
0.84364705602517676,0.53679267719934864,0.01064267659982468,-0.51702601700673056,0.80691850072030913,0.28559872362012567,0.14471953081118247,-0.2464470630793652,0.95829019743569688,-12.474867903586295,-14.990946537400427,-0.41980919838689179,,0.64551478137625,0.2307692307692308,0,1
0.87338126494251445,0.48669139738818812,-0.018348017760670961,-0.46552477439766549,0.84528429872632371,0.26226158458445564,0.14314974840849604,-0.22051289766151941,0.96482237302806384,2.6780843964585177,-5.499440000397736,-0.35968390387463439,0.1257553011432845,0.1769205878015373,0.2926829268292683,1,5
0.98861752918015722,-0.10960311474757659,-0.10306569863611653,0.13236929940980921,0.9592605401608173,0.24959484102066973,0.071510485744941565,-0.26039656934761385,0.96284987256607946,-11.069760472172028,5.4328700938292442,-3.2781035188124354,0.4124578205455797,0.4679154166817149,0.2342342342342342,1,4
0.21606650597702884,0.97637813471611878,-0.001001520419272628,-0.96744749355099424,0.21422840669321366,0.13472764002826337,0.13175967598919208,-0.028141212020072276,0.99088216250433292,2.7975703515336319,2.2093988880075601,-1.6281402755735366,,0.2439814649662893,0.4019607843137255,0,2
-0.79719077452403853,-0.58050830891614336,-0.16582211038664904,0.58826753500357865,-0.80866134117800881,0.0028535144990808749,-0.13575041905856458,-0.09527296869260761,0.98615155283654066,0.45538185440863471,8.4488675118907324,-2.9726365399634243,,0.1293075510768276,0.390625,0,5
0.91574588793977096,0.40156392605814778,-0.012485271729828239,-0.38111486706064118,0.87810687425658951,0.28927456764927156,0.12712563402693836,-0.26014367313484588,0.95716474156811704,10.40671776992029,-12.807637684697792,1.2761483006943175,,0.158267905191106,0.1875,0,4
-0.017215719133080669,0.99880231052909618,0.045799164801028358,-0.99639587940989893,-0.020943387018450176,0.08219869850047451,0.083059439618308153,-0.044218989381670439,0.99556306202488165,-24.145247210060596,8.2977637577800376,-4.7062219025899426,0.1432158437066403,0.2020529042682411,0.59375,1,5
-0.7917750852369998,0.60514132793305409,-0.083043287659884293,-0.61030855854661414,-0.7892987987836948,0.06731173451465744,-0.024812854787318466,0.10397778352146898,0.99427005525222723,-22.488238898970284,-2.5114947695259131,-3.0959539817449233,0.1731729209686776,0.1315856053388983,0.3636363636363636,1,3
0.30971044925408514,0.95080727173557722,-0.0067059404697926723,-0.94339161707161123,0.30816014264171993,0.12267674321585564,0.11870844309419169,-0.031667941230626988,0.99242402582584133,14.187379424438411,-5.0421144925427201,0.64345767484496907,0.832576838970972,0.7562991379064034,0.9798387096774194,1,5
-0.94876501572204519,0.30901586262537989,-0.065985919618049949,-0.30476319517087469,-0.95005530639422719,-0.067188612587331054,-0.08345262015770788,-0.043636125378676179,0.99555589936012612,21.484716575682896,-8.545204767052093,1.7991689604921841,,0.19252430782505,0.2105263157894737,0,2
