axis_00,axis_01,axis_02,axis_10,axis_11,axis_12,axis_20,axis_21,axis_22,location_x,location_y,location_z,dbh,dbh_approximation,score,reconstructed,number_clusters
0.12142672372310621,-0.99051477193187198,-0.064312031149882126,0.99233863660247557,0.12262751764519378,-0.015050655205588934,0.022794321043019612,-0.061991761556909185,0.99781633601943909,-23.906284358067612,15.335408775980962,-1.2094654437090926,,0.3023778433274846,0.6153846153846154,0,5
0.57242782005045234,-0.78051014167539468,-0.25125745675331407,0.81994223679554534,0.54659932275135426,0.17007030512843832,0.0045955577470140844,-0.30336957512185936,0.95286189017054157,14.923691471000581,11.722886995814864,-1.5721142245712012,,0.4210368640926185,0.2105263157894737,0,1
-0.13384273156723103,-0.99100032235513213,-0.0021176162654015507,0.99063597167822204,-0.13373479366191249,-0.02748411507310573,0.026953567922784721,-0.0057763358828102299,0.99961999735899731,-4.2742198061717565,-2.1658352389696667,-1.3314852418546026,0.2935467564207072,0.1883849422277759,0.7928902627511591,1,5
0.3039025292588956,-0.95269569950951838,-0.0037625584534483189,0.95253510016219622,0.30392073119946073,-0.017580446700258281,0.017892335483145096,0.0017587732243881922,0.99983837246212137,-7.117261524497966,17.366131279293342,-1.3928570695266034,0.1474982461167129,0.0923975840368146,0.4,1,5
-0.36602417376260987,-0.92423690008017889,-0.10868512663460679,0.92634844358989321,-0.35069849172644163,-0.13743772756918557,0.088909309298754263,-0.15098582857666024,0.98452953957158518,12.411727761240297,6.4085528845759221,-1.5959151506877391,0.4187190581573821,0.4470846446154862,0.5752212389380531,1,5
0.19962080407011346,0.96779201748917698,0.15339538932650568,-0.97904077974470161,0.20344356827100138,-0.009479774578010778,-0.040381755525099441,-0.14828798135179819,0.98811942011445153,26.709446884083896,-4.80118860146478,-1.8231840722750399,0.2508629906642552,0.3163453903487091,0.6956521739130435,1,5
-0.65029758915528746,0.73637500738478845,0.1867214343289865,-0.75967956533438863,-0.63032923593037249,-0.15991251465969622,-5.9600131040585201e-05,-0.24583918082861794,0.96931062803279855,7.5360378538749897,9.8498104182547905,-1.5548894596075993,,0.1460006306094548,0.4324324324324325,0,4
-0.47133697545677761,0.87975737539541909,0.062196591583628696,-0.88190669350105166,-0.4694144289399706,-0.04348192568187096,-0.0090575672947798263,-0.07534622976848275,0.9971162951904734,-7.8596482259145803,-11.197463330955975,-1.1490072037339503,,0.08466462078071402,0.5,0,4
0.75133079556146409,-0.65977564772809894,-0.01407587673803129,0.65992475277477802,0.75112105721239042,0.01778983100787174,-0.0011646098595306221,-0.022655067360481805,0.99974266269213796,-4.9547416439191485,5.3606094020877375,-1.4696004530182623,0.4303135510709575,0.3592113903046336,0.7356223175965665,1,5
0.61000841816756457,-0.79233294134025567,-0.0099116008699577218,0.79235902627361599,0.61005213270539704,-0.0018891438072163019,0.0075434241186288038,-0.0067011527886013328,0.99994909435624291,3.1294717689172069,-14.005578369302192,-1.3486351578317253,,0.3141908337945516,0.5324675324675324,1,5
0.95481645037436347,-0.29713098351193118,0.0062229198720443026,0.29606644565283236,0.95280243190950542,0.06717280331973198,-0.025888334303307264,-0.062295299859343144,0.99772195012560239,27.76602421381919,-4.1966584759821517,-1.8438943069844766,0.2611730211263713,0.1641279182451122,0.2,1,5
0.17774705280058262,-0.98391233397605071,-0.017958403896400597,0.98384439161767934,0.17807167232331406,-0.018457860071415585,0.02135879919715945,-0.014387444727179134,0.99966834656853898,-2.1899817661242267,-8.3602738552439622,-1.272833995441724,,0.1170880574123283,0.5797101449275363,0,6
0.71158517263658094,-0.70256858855980997,0.0066272507756155374,0.70259276793717684,0.71158868533045372,-0.0022238147522315212,-0.0031534942750817076,0.0062386920706319722,0.99997556679906119,-4.0588933575997457,30.093060569098078,-1.0119272786649671,,0.180418812590325,0.5833333333333334,0,2
0.17965274118169158,-0.98337971202354924,-0.026253277250396705,0.98353929486616032,0.1800795138298994,-0.014893762216577776,0.019373901003178467,-0.023145424586064452,0.99954436683953662,15.056604704807048,9.4574900219203819,-1.6047896380520421,,0.09555130369438621,0.2,0,5
0.54259077621108831,-0.83452084367780055,-0.09576121886202725,0.83897604492285338,0.54401756304166071,0.012809650573681799,0.041405864515252376,-0.087291766905622084,0.99532190863772263,2.1364309190193027,-5.3216071958803255,-1.4145118878865519,,0.1789492766704025,0.4482758620689655,0,5
-0.83985067770442723,-0.53171984442662601,-0.10920094414582464,0.54167476654131375,-0.80790159793519567,-0.2321281011557447,0.035203500562136891,-0.25410433899617446,0.96653592713953962,-25.946134768281354,14.759844533014157,-1.215834720951241,,0.296380167942828,0.2,0,1
-0.46359865527862976,0.88275731306162597,0.076261478218467016,-0.88602809889178191,-0.4613329112731348,-0.046110226094324809,-0.0055222095271720995,-0.088946451376507876,0.99602110117681009,7.4857493653852911,14.250593777641868,-1.478677506221842,0.2314619049775535,0.1651868446833905,0.8714285714285714,1,5
0.13296301734829089,-0.97668135252466526,-0.16856563009174683,0.99106058983000522,0.12914012705570133,0.033492310607638007,-0.01094272833617152,-0.17151199146015092,0.98512125826313002,-17.746019007745574,23.096050453139846,-1.2710310430072038,,0.3855773448915029,0.3157894736842105,0,2
0.86216961599113806,-0.50231133308297304,-0.065930857101200863,0.50632601917091613,0.84991118220034179,0.14589360740399002,-0.01724863972101872,-0.15916754388763751,0.9871008952485808,-3.7426196944689005,4.4850742274683615,-1.4961049525531058,,0.4118531443369829,0.3815064298836497,0,5
0.85377444480044729,-0.52061238147485056,-0.0056520492542993543,0.52045922073358786,0.85313421665676714,0.03583584689708625,-0.013834628982188039,-0.033537391438954116,0.99934170653305365,-14.485815921401459,13.059711139392252,-1.4672307175817361,0.555869503735218,0.4933144388328895,0.983402489626556,1,5
0.92636336928516538,-0.37663087357684499,0.0003051481268349284,0.37639379913286974,0.92580840202946968,0.034734862976055277,-0.013364730485931049,-0.032062248835399425,0.99939651599285428,4.6789213220074179,-14.303848593216207,-1.370397463142575,,0.1795439778856365,0.3888888888888889,0,5
0.61281306640079281,0.78852311397691977,0.051879132342392754,-0.78933476660069413,0.613920335017754,-0.0072421327740827945,-0.037560243394926224,-0.036511929226361713,0.99862711115825564,14.965492008320657,2.6056896617213998,-1.6467192804674511,0.1235723738265477,0.1133023732617913,0.3888888888888889,1,5
-0.35378614382140544,0.91251278533246649,0.20531873037977874,-0.93523401292626251,-0.34203857969123413,-0.091361649879165632,-0.013141746680700065,-0.22434354594591713,0.97442150422011553,-24.431664901578806,4.9157404058849252,-0.9462765921009636,,0.2495698406852667,0.5882352941176471,0,1
0.85203103306716554,0.51552488358424309,0.090979190455575454,-0.52187310046440383,0.8501256464307777,0.070248503844021218,-0.041128891331638613,-0.10733349750243676,0.99337200212796672,-17.071745087296641,-17.592238430859297,-0.90155731390778526,,0.1153389101340712,0.2352941176470588,0,3
-0.59485302204219748,-0.79188212845355366,-0.13810350032904958,0.80376296633152189,-0.5836641145821746,-0.11533124166053485,0.010722691883081704,-0.17960761672289119,0.9836798909675365,-31.297510869000355,10.286501675035032,-0.90098165477862102,,0.2352093241789672,0.3,0,4
0.99555044362962775,-0.09165399533909252,0.021882854640848437,0.0910955324036654,0.99552112591084674,0.025284221192130984,-0.024102243981497004,-0.023178287330635514,0.99944076804554771,8.7537023953141162,26.79589223956026,-1.1648967579868352,,0.1219589166664037,0.5333333333333333,0,1
-0.9254376818795147,-0.37842384163218645,-0.018986654307882551,0.37339346257983952,-0.90233106840880817,-0.21535079541728283,0.064361627233214883,-0.20638323349670656,0.97635216078592035,1.7570734791046767,20.606966767811603,-1.3052826346834452,0.4684860501420063,0.3902865340347274,0.8235294117647058,1,5
0.26541922871167761,-0.92297830571780071,-0.27868204140991404,0.96399754123073877,0.25890079055909382,0.060655759404751347,0.016167050788224922,-0.28474800758245,0.95846606546431068,7.01379426525342,7.3468620870011385,-1.5887093202782747,,0.3208583541542183,0.3157894736842105,0,1
0.75739640051866786,0.64784914771579938,0.081499535491173836,-0.65189630992842651,0.75736062448308705,0.037895719867669389,-0.037173829276330651,-0.081831328270413645,0.99595267966426648,-2.7441470445294773,23.000655293073258,-1.264895519133326,0.7180838286601136,0.7548287078032782,0.8013698630136986,1,5
-0.98290884482973861,-0.18321564993616635,0.017950720708030419,0.18177096465547596,-0.98132474883709364,-0.062936902752151511,0.029146512032957494,-0.058598318561919105,0.99785606071117738,-10.667482296714169,15.608899970213621,-1.5091960764897414,0.5789334205598073,0.275411582012801,0.5974025974025974,1,5
0.63668788436008195,0.76621737530703737,0.086830131214217052,-0.7698727923637414,0.6380199046129873,0.015049415127865538,-0.043868228675648775,-0.076429935857816628,0.99610945353290936,-14.694198928540867,-10.296063670629115,-0.97468019749832857,0.4487707879520648,0.3761354084183956,0.7714285714285715,1,5
-0.99080623951831137,0.13176595885794301,0.030671286536894722,-0.13362299896132795,-0.98859212084496484,-0.069501890275260381,0.021163408991993152,-0.072961295832107143,0.99711020425544539,9.5524692811033205,19.519582995622017,-1.3597548590940121,0.3006100203765786,0.1865070753317202,0.4333333333333333,1,5
0.35981648222402179,0.92777068474532987,0.098861800747878134,-0.93176434955803311,0.3628103030028243,-0.01356027019257601,-0.048448901046640416,-0.087236692751282499,0.99500877555185008,15.529543956850434,16.847810716988306,-1.4984569585801617,0.488472917864612,0.337975739187417,0.6,1,5
-0.28061036660182925,0.95603845439618584,0.085136924253466889,-0.9595973076822768,-0.2775207468094692,-0.04642458593506342,-0.020756426583457603,-0.094724383376552965,0.99528712538112252,-1.5022007494688232,-11.008925942682803,-1.2663204120451037,,0.1695770417040488,0.1463414634146341,0,4
-0.083684948113102633,0.99311569713628489,0.081963660001354743,-0.99631107412174202,-0.081817769968726181,-0.025886214472666893,-0.019001922052456245,-0.083827588649888804,0.99629908277557733,12.329043946141857,-7.5418105873560322,-1.5320975106970192,0.4907864415075678,0.2804083097558283,0.5301204819277109,1,5
-0.76459892229363691,0.60765664887187709,0.21480662259159933,-0.64440936636728818,-0.726557261001476,-0.23843471857962312,0.01118286928832727,-0.32073032841911603,0.94710453481474066,-11.330501939168007,-11.608037163054213,-1.0493142271308875,,0.6477851860544616,0.2164948453608248,0,4
0.67838272527747701,0.7286718538456336,0.093990464719949623,-0.73396150814005379,0.67789254056062631,0.041978661496513622,-0.033126765822857632,-0.097462982026144243,0.99468768189853951,-8.706800396768184,-8.8339287164246496,-1.1438356210726845,,0.1194191991926346,0.4148936170212766,0,5
-0.53354431298038041,-0.84554275209915408,-0.019695696455930421,0.84509221402554591,-0.53203727799061984,-0.052492710177077941,0.033905985897727003,-0.044651866712624562,0.99842706039018325,-3.1655806648762606,-12.57649789922465,-1.2241888801132899,,0.0735098494395586,0.125,0,5
0.85834026445912848,0.50829182733424938,0.06993860645911229,-0.51221612990321708,0.85680615200677535,0.059311500995280063,-0.029776277054120153,-0.086733131781067188,0.99578649176228717,-14.000722136063004,28.28038711182511,-1.0205068960171555,0.3069308610429233,0.3143351368479553,1,1,4
0.71357649554279556,-0.70049225610296695,-0.010917149290884075,0.70057729274958691,0.7134852674814911,0.011411834669598621,-0.00020467663203940314,-0.01579152388599657,0.99987528516352242,16.835880328517252,-3.7072066916922015,-1.6117299787478525,,0.1116561105573817,0.34375,0,5
0.9990268256370981,-0.02966048937137301,0.032644402701125307,0.026691814856577147,0.99577215023999366,0.087894094375454423,-0.03511336892302945,-0.086937219743155825,0.99559478260294465,-10.937836975745624,-19.984336754347403,-1.0453060540468495,,0.2978965895546852,0.5714285714285714,0,3
0.84769214229989154,0.52677732882568606,0.062639266584906692,-0.52699899826950269,0.84974604504754436,-0.014272867581442677,-0.060746092104438376,-0.020911833045706343,0.99793416993943385,-1.0992528564898041,-14.793963464639113,-1.2754020584733197,,0.1138463557488351,0.1785714285714286,0,4
-0.95722090004695248,0.27884157208581267,0.077301527734025141,-0.28913546905706244,-0.93220029180519826,-0.21772298108251084,0.011350288386388888,-0.23075960139291149,0.972944591083444,1.7666275833682066,8.7765660806482995,-1.593014004584578,0.5372786223744427,0.3460722395509882,0.2448979591836735,1,5
0.79511697394312542,-0.58124540792197565,-0.17303980327411178,0.60642212368622539,0.7590007351266721,0.23700230374631381,-0.0064191628282485496,-0.2933797195560518,0.95597444238943774,-20.183671502826662,1.7395242873647969,-0.98070715041063283,,0.3612827524688442,0.125,0,1
0.86575877347470365,0.49417496173928455,0.079074985561514682,-0.49954156670226268,0.86288803109055401,0.076697255083323979,-0.030330995503379584,-0.10590256366417289,0.99391381805523249,-11.27426114737384,19.869561072933834,-1.369015749094217,0.2075080358449729,0.1745565031160161,0.3478260869565217,1,5
0.51129695947214759,-0.85612094478995848,-0.075048964859520548,0.85934723564892401,0.51031458075503677,0.03318670292999313,0.0098867495714962967,-0.08146138079335305,0.99662746080074971,-11.657004069544564,-19.465393072350576,-1.0223670356901706,,0.1503465233456598,0.6086956521739131,0,4
-0.94136417479993995,-0.33497691149344139,-0.040298376760658075,0.3350689376705116,-0.91419688149798295,-0.22797558831532519,0.03952590810574351,-0.22811078586002662,0.97283255083428299,-22.09280314582702,23.143963152862039,-1.2223030137114115,,0.1501024728679968,0.2380952380952381,0,3
-0.78250739662185198,-0.62253424465409202,0.011545062366751718,0.62160631782940845,-0.78214104380928551,-0.043138998869789974,0.035885371206912889,-0.026580101991564936,0.99900237152444316,-12.187004553270256,4.8732438238324303,-1.312288281726661,,0.08778747166473881,0.5189873417721519,0,5
0.116142439188665,-0.98185828440987188,-0.14988409907328462,0.99299987819319613,0.11805181222400553,-0.0038744727287539447,0.021498272665610815,-0.14838490140958102,0.98869598224432154,-1.7894791879801633,8.2206468870294387,-1.5172579017230294,,0.07597457779896662,0.2166666666666667,0,5
-0.46695955785527954,0.85205954857624422,0.23652335404278862,-0.8839935916260766,-0.44300927468825158,-0.14932552529363707,-0.022452200151278627,-0.2788141105113548,0.96008259565942056,4.923137928019016,16.627416493380196,-1.4027159578370521,,0.1684723594093635,0.125,0,3
-0.72862693894588604,-0.66358944111100049,-0.16956366794905844,0.68398040152072881,-0.69208602879038128,-0.23062467146578913,0.035687451266396372,-0.28401757410264289,0.95815469702076739,-23.365133166452829,11.367880600374352,-1.1536755788488322,,0.2184278693531232,0.3888888888888889,0,1
0.57489586415406846,0.81218920456509003,0.099214118785952404,-0.81814263252765318,0.5723323179740023,0.055482886039095715,-0.011720845501443462,-0.11306818204265794,0.99351809645838829,-6.1672267159437402,-17.333770833253585,-1.1531134239600562,,0.1460165918181793,0.3181818181818182,0,4
0.64986090146324704,0.75889533978529844,0.041936523479328434,-0.75924571727922119,0.65072423606161012,-0.010193595793192067,-0.035024984547274256,-0.025215706497943857,0.99906827524612773,19.729484512426872,-6.4690769170131173,-1.6570622714272027,0.3111798179508187,0.3419726463307057,0.896551724137931,1,5
0.961320180109556,0.27094134779392931,0.049540865653932745,-0.27301836500854904,0.96111692738667598,0.041415266012128159,-0.036393456584813806,-0.053338897124009056,0.99791306152961268,-0.97833185925793609,-7.7282639651882894,-1.3146351945998593,,0.1110877609187352,0.2966101694915254,1,5
-0.98416393090476484,0.17684180955261858,0.012179142015630936,-0.17634743235673481,-0.96981412734925587,-0.16841063355675623,-0.01797053720032793,-0.16789143155014358,0.98564168286694065,4.9399087317454002,14.02023030698215,-1.4851329194563438,0.1106520104038793,0.1544411697392856,0.3888888888888889,1,6
-0.6901881301459275,0.71873234991443014,0.084048522843346948,-0.72361972916945283,-0.68612529811282197,-0.074876984757122053,0.003851306582840457,-0.11249837543747851,0.99364444494071025,0.97877309280576352,11.654925232087647,-1.5383638178102113,0.5316232290740963,0.490348448321231,0.7678571428571429,1,5
0.77855916261601377,-0.625200863834803,-0.054493212117350046,0.62752936314621544,0.77456399987386049,0.079104415102511497,-0.0072476683116476596,-0.09578355787723325,0.99537579905502116,-12.773830230077325,-8.7370697034645222,-1.040707074579033,,0.4589481228427695,0.4166666666666667,0,4
0.97877525690798195,0.20228773189943464,0.032843111723710808,-0.20249881028705338,0.97927728572546124,0.0031983580945867561,-0.031515524698817451,-0.00978116481588907,0.99945540196539129,6.4705779052607717,5.5819218527093479,-1.5739803794949385,,0.08663238031748521,0.3424657534246575,0,5
-0.99792552989548122,-0.061818260699677434,0.017976079296970909,0.060143398426698719,-0.99479763563758072,-0.082221869083400553,0.022965374120872729,-0.080970159774741673,0.99645191796570987,5.3059929773033918,10.449032614337442,-1.5553534473559769,0.1066255644075958,0.0940524538957586,0.4166666666666667,1,5
0.79813900155310868,0.60130216369105405,0.037547864656499577,-0.60139387920236043,0.79888928196125453,-0.010065645799830401,-0.036049081232995127,-0.014547271492873593,0.99924413465097128,24.982380719380657,-7.0638150146240495,-1.7886128260632197,0.3932171905004395,0.372939647006214,0.8653846153846154,1,5
-0.086730211136339483,-0.99344928510392216,-0.074406910987833141,0.99588636375748141,-0.084491192189871778,-0.032735132873339318,0.026233965734273171,-0.076939953007780573,0.99669053505740313,22.286255073812153,-9.4016350918008271,-1.7069674854663506,,0.9175569160632358,0.4047619047619048,0,1
0.92458591378508093,0.37041201941069729,0.089083241444714564,-0.37989287693921681,0.91400410645907282,0.14240047551464941,-0.028675600796729331,-0.16550356265664554,0.98579220968057235,-9.9106520349340101,16.843716814275119,-1.4521832875500083,0.2478303665036412,0.2162297025605417,0.2948717948717949,1,5
-0.021325369831453903,-0.98956819622364911,-0.14247811629940707,0.99976573930558754,-0.021635070639859966,0.0006246832500363213,-0.0037006907877214093,-0.14243141767560932,0.98979775517355639,-11.186622197056369,-9.7774802746308094,-1.056828427869535,0.6907815295868963,0.5720698180584356,0.21875,1,5
-0.1903710908580645,-0.98075411250209998,-0.04336148724072765,0.98129499039934487,-0.1888168926953803,-0.037527627822848922,0.028617994036262761,-0.049694585651542347,0.998354375246716,9.9960381851859097,1.2771016031441524,-1.5787629593202324,0.2028976806604242,0.1954134796365914,0.3181818181818182,1,5
-0.29398966067536353,0.94379764563196777,0.151049937158346,-0.95569591631104467,-0.28783449146070539,-0.061616727209025848,-0.014676340224281766,-0.16247248882537904,0.98660392022964771,2.0561225083616979,14.792212909825629,-1.490600633047624,,0.08076523865797516,0.2068965517241379,0,5
-0.12131788073833238,0.94958255494842803,0.28909331218617879,-0.99195062695538816,-0.10533734394261406,-0.070270887669986307,-0.036275687394894597,-0.29529140744141391,0.95471831405671514,-6.4941791039076584,7.5572940727153322,-1.456761257199461,,0.6734060377269513,0.1169354838709677,0,2
0.92614776097623153,-0.36429899588549314,-0.097655345145744157,0.37684637345185934,0.88324686707139788,0.27903724236155697,-0.015399209554217622,-0.29523077990850127,0.95530186377904802,-16.774613443437055,20.286663266067283,-1.37472681303071,,0.3305719326806742,0.2121212121212121,0,1
-0.43554769110897124,-0.89831063151868518,-0.05776000406981311,0.89910965223112049,-0.431033072230323,-0.07623859854773378,0.043589471601266756,-0.08513812274292698,0.99541521890180684,-17.106282657840037,11.196188150055901,-1.2954041007818931,0.2392922972030652,0.2485471148063448,0.3488372093023256,1,5
-0.98498763478137052,0.16978381858718142,0.031189970723873306,-0.17147241441983246,-0.98315208105453678,-0.063318217056126017,0.019914075947285042,-0.067715880442393447,0.99750588425085329,-3.9568583933548624,12.154946584743797,-1.4911243831041729,,0.09404672724267682,0.5142857142857142,1,5
-0.63474096642405542,0.73686350260094502,0.23267162284585882,-0.77272487824414959,-0.60512335680045826,-0.19162981395678394,-0.0004099824662669372,-0.30142644474102548,0.95348934463116286,6.4326060013068425,-4.9304227071184279,-1.4684396419441894,,0.2793822144452009,0.3138686131386861,0,2
0.73802064176702376,0.66414137621001024,0.11933886513481042,-0.67218541756032479,0.73908467081009932,0.043824807960556544,-0.059095657581948728,-0.11256145778818433,0.99188589135825311,-10.240745341109699,-5.8156376706296786,-1.152322951483669,,0.07516340404308203,0.3,0,5
-0.41935595964639794,0.88406156211177267,0.20633888025658459,-0.90781419654028728,-0.40931231828504433,-0.091306137033800389,0.0037367992936696575,-0.22560713751256872,0.97421119673016676,-16.754779700140578,16.906127557444329,-1.4334191550539139,,0.1436249802686918,0.5714285714285714,0,4
0.2392682988779507,0.95228969059756829,0.18945982775680933,-0.97078875870599601,0.23822346065788427,0.028614135706916531,-0.017884829384817433,-0.19077192658714143,0.98147144884816018,-22.313092155712166,15.622327291162962,-1.2620666738674617,,0.167157139168159,0.3235294117647059,0,5
-0.76827925848002987,0.62410050700872688,0.14228681646880043,-0.6392721454775836,-0.75947441193334209,-0.12053937794344366,0.032834509374489791,-0.18356790234121809,0.98245850814382074,-29.716535460849634,13.593325280099823,-1.0132397986051414,,0.2824912193309882,0.4782608695652174,0,2
0.17577226668043899,0.9722721800848918,0.15424304878661915,-0.98418315108658294,0.17707228227158037,0.0053788445243743745,-0.022082467781122238,-0.1527488614821873,0.9880182943309247,-15.533876394308779,20.756342622669489,-1.3838694584996181,,0.2119504928730729,0.1111111111111111,0,2
-0.983355117779661,-0.18108567276550369,0.014855687651984206,0.17888493528996161,-0.97923215751748338,-0.095417826478917653,0.031825968372615226,-0.091172149271142255,0.99532645244383255,5.2663987418487865,8.4924701833475567,-1.5720095363656295,,0.06697497792383209,0.2619047619047619,0,5
-0.61368816697044781,-0.78880428548701254,-0.034272918139190714,0.78878848346025687,-0.61061537216699391,-0.07043859477468295,0.034634694757142148,-0.070261415234019076,0.99692716456539199,-12.519953892996812,9.1769769244631743,-1.4098559380824316,0.4595534111838133,0.4141160072306896,0.863406408094435,1,5
-0.60138125530053033,-0.7759634895415376,-0.19031880798197298,0.79825889179940279,-0.57356323293024358,-0.18386940880363267,0.033516077281635637,-0.26249929662596794,0.96434993225204491,-8.1201139304321828,-1.0662828121637298,-1.246617373319501,,0.2903952356047437,0.2229580573951435,0,2
-0.93692261909128782,-0.3447962394264672,-0.057372110929335571,0.3491072385893022,-0.91494426054238087,-0.20248737260656052,0.017324600996091552,-0.20974401869403164,0.97760283593205877,-19.685615575124082,16.782033931311833,-1.35651623253242,,0.1472491597711067,0.4285714285714285,0,4
-0.99176263834531531,0.12098040380895859,0.042078629689662826,-0.12625189224168723,-0.97872630338403332,-0.16172594958638578,0.021617791000281102,-0.1657062610719526,0.98593818576715098,-2.1971660654875205,-12.295966881375968,-1.2514296148429171,,0.1201480469379245,0.3888888888888889,0,4
0.0018878957968378328,-0.9983117564994971,-0.058052327122614697,0.99958778500132628,0.0035470152368352829,-0.028489976466363851,0.028647790937602675,-0.057974610975843908,0.9979069338152714,-11.377507536591322,-1.1149302985315532,-1.1816393650065169,,0.1348360388292063,0.1707317073170732,0,3
-0.14204529320305995,-0.98809750303218891,-0.059046246116162562,0.98796511550636446,-0.13783156051371354,-0.070195380680289965,0.061221444129920977,-0.06830655479460393,0.99578418814055214,2.2442899853250537,-7.1046470891219595,-1.376960305082803,,0.1436314655593011,0.1839080459770115,0,3
0.9007842397516036,-0.43417356131139423,0.0090040031823486431,0.43339853142232221,0.9001002816793281,0.044555537049510756,-0.02744934199760142,-0.036232603811716071,0.99896633178747474,24.541006355459519,5.2463251768274528,-1.7429342651887194,0.5307761873366832,0.6121096688368725,0.9767441860465116,1,5
0.9717084673102383,0.23365190770311434,0.034488267342425175,-0.23390795893182506,0.97225233786000098,0.0035296280413029462,-0.032706594227080769,-0.011496849675351506,0.99939886989209992,-8.3556741087580999,23.748388640766468,-1.2190595476214134,0.2912123233657901,0.09009133547934996,0.3333333333333333,1,5
0.95782045555045014,-0.28727098598350731,-0.0074401304552760093,0.28700499492193016,0.95499240824018228,0.074950871198935481,-0.014425942568535896,-0.073924832199202498,0.99715947138124716,21.019762609204381,-10.625047427134737,-1.6925281835976485,,0.1167469495416034,0.2727272727272727,0,3
0.29180368685347835,0.94499395218096904,0.14777360616873012,-0.95647661352337043,0.28858377990240286,0.043265341326609953,-0.0017595799452894798,-0.15396698450848209,0.98807442612375207,26.464395005473101,6.7226421182628613,-1.7513560990478243,0.3209137349438025,0.3444347062625591,0.4705882352941176,1,5
0.98660571269816122,0.15791773385602698,0.040879787244201597,-0.1604310727614075,0.98470078695721441,0.068016402863337669,-0.029513362464791925,-0.073663759743993834,0.99684633316093496,-2.2379926289495766,-3.2609653507148773,-1.3969202403872847,,0.087392642936077,0.3623853211009174,0,5
-0.54121242275238191,-0.83486462679899831,-0.10044983015549311,0.83915735507337419,-0.52857686703647255,-0.12814612385931767,0.05388920935361112,-0.15364748795108132,0.98665515888863919,7.1724980255216044,6.4609311540286329,-1.5883054143773838,0.1765663750325736,0.143775128699701,0.25,1,5
-0.68290348330943873,0.72383985057208644,0.098481994332034764,-0.73042904664681652,-0.67460591822931415,-0.10667831506265585,-0.010781479418818345,-0.14478510218169474,0.98940438339830383,-9.8161403083042931,15.608125322680678,-1.4921827413052757,0.1850654820520296,0.1452863242895073,0.4074074074074074,1,3
0.43643028206833068,0.89680837432301452,0.072548939605419138,-0.89940667310581712,0.43703728274292986,0.0081271068286189428,-0.024418133968110069,-0.068797915933478448,0.9973317409451713,-1.190984308804006,-16.899970539845299,-1.2586010211986496,,0.1152407472209954,0.5185185185185185,0,4
-0.69493792274532051,0.67708651807976994,0.24210561861516541,-0.71906894591742965,-0.65486167504183856,-0.23258554894617578,0.0010651514517297477,-0.33572315022352966,0.94196010098961891,-16.939059999962467,-0.51422229099907735,-1.0411967779345326,,0.2482402706077453,0.5263157894736842,0,1
-0.783346191537588,-0.62145704325801143,-0.012644666407895244,0.61989877020211781,-0.77956095159901295,-0.089499929854406315,0.045763073601527864,-0.077947842350200719,0.99590655935559003,0.74983770025346541,1.6690559458615022,-1.5032552966765484,0.1957258287124699,0.1234272565244597,0.3661971830985916,1,5
-0.22716538834862729,0.95225306507800134,0.203985260217422,-0.97367141289192605,-0.21800383176970298,-0.066620635322462166,-0.018970135831320414,-0.21374851902008374,0.97670451241061762,-19.890923777536411,10.714130950662227,-1.1911919488645035,0.3555385204307689,0.200310050459641,0.4615384615384616,1,4
-0.1021530491476129,0.98815327289289079,0.11453324330042414,-0.99410858416425762,-0.097212653804869487,-0.04793561130464935,-0.036233650668697659,-0.11875524919464975,0.99226222005472697,-8.7559909281093926,11.225033865978476,-1.4850969626525576,0.2479137340597176,0.1318011376672243,0.3289473684210527,1,5
0.98924526963835058,-0.14583671997044187,0.011200339566750078,0.14321030984901104,0.98130453694018105,0.12857765332112675,-0.029742287253972158,-0.12559083122935585,0.99163619309705586,-8.2777711637120142,-10.082795146128991,-1.1452279693502976,,0.1313904876952406,0.2571428571428571,0,3
0.13294659343705953,0.97234522324558104,0.19201554657105518,-0.98870992317291928,0.14362155325513989,-0.042726306416307341,-0.069122290998493069,-0.18416735941007803,0.98046136722210386,-7.2709638867235071,19.906817646242953,-1.3477601825506731,,0.3960978218644696,0.4285714285714285,0,5
-0.92310042285227389,-0.38264484974578267,-0.038321381668475887,0.3834821065813675,-0.90848135146874009,-0.16614183087184575,0.028759055302120293,-0.16806115850058745,0.98535697274722223,5.8858325412921246,7.7366959193391835,-1.5749973585381711,,0.08261347033653613,0.35,0,4
0.81800856956990575,-0.57498987143161384,-0.0157679377615869,0.57513679686676877,0.81717742754953782,0.037930420421523871,-0.0089244047437442523,-0.040096130169589503,0.99915597148062585,-9.3352534953316795,12.02672042814271,-1.4943759476760692,,0.07659238773022119,0.2280701754385965,0,3
-0.72401587569004211,0.67882805565526316,0.12244787709093614,-0.68313031894703569,-0.68104916643637969,-0.26363800983855556,-0.095571852990843462,-0.27452596188996015,0.95681843479538409,-10.426930535977888,3.291918611265539,-1.3253277953092117,,0.2948119069381775,0.2731326644370123,0,2
-0.82966444548968421,-0.55248046267768225,-0.080138918446342397,0.55630701726061527,-0.80619140141397938,-0.2014396357045016,0.046684156165589387,-0.21170914634379562,0.97621710029966624,13.19934461009662,24.018947149603985,-1.2974941287335877,0.2770014668989566,0.2953806948182605,0.1176470588235294,1,5
0.34581702544436099,-0.93411747049546356,-0.08851630487075747,0.93818921952824885,0.34569584090542183,0.017186446452684127,0.014545558558950141,-0.088988408772446376,0.99592644800223962,8.7570863824799261,3.3440071664318158,-1.5981296052796643,,0.08830134164880413,0.44,0,2
0.10104579055884307,0.99026537690061323,0.09572999280385007,-0.99450875684482742,0.1031739098855093,-0.017535018616846903,-0.02724115947045605,-0.09343247631751786,0.99525287821733111,-7.0156080633312046,-13.752780169640053,-1.1500568946254666,,0.1213486989617963,0.6923076923076923,0,8
0.98448698682230795,-0.17474908340011464,-0.015752162656405482,0.17409544563642154,0.96173406147489104,0.21156174230627736,-0.021820829181995266,-0.21102216198738866,0.97723768785489395,9.9243927270903498,-5.0086489653971809,-1.5205174359606388,,0.7905484318975486,0.6551724137931034,0,2
-0.46941326539914774,0.8751593543945384,0.1172488408601349,-0.8822905158380272,-0.4596526128973234,-0.10140473913448364,-0.034851569972937819,-0.15104827000796575,0.98791183219861434,4.0561025926892338,14.43618277293287,-1.4779798001792559,,0.1268338380997155,0.3125,0,5
-0.92142848645120889,0.38361297309769304,0.061730310442965702,-0.3884391123838794,-0.90570938768156728,-0.16972201105309448,-0.009197843587505557,-0.18036516275775497,0.98355671302508541,-5.8430084902151975,-9.2342930095362306,-1.1955308169487486,,0.2178840090280266,0.2463768115942029,0,5
0.47641457915657404,0.84180436681854276,0.2537608259213755,-0.87834613230346414,0.46855691327096649,0.094670433048187813,-0.039207405354243746,-0.26799221449739546,0.9626229543981234,11.138766002533441,17.057436016505317,-1.4245379293555385,,0.4831372713709835,0.3333333333333333,0,2
-0.55201683570939575,0.8248970233591354,0.12174692582001451,-0.83381111845039746,-0.54502981076908463,-0.087758327932528496,-0.0060358795451173567,-0.14995801487834576,0.98867394116152485,0.12297874969532449,3.0665808246385007,-1.5249030769002758,,0.08366132693872755,0.3497536945812808,0,5
0.56827958090783059,0.78724610774136128,0.23937811881894031,-0.82204483084638247,0.55592844096448346,0.12323094013087332,-0.036064026424685688,-0.26680917220529193,0.96307437491876158,-10.620456450320361,-8.1043817265434459,-1.115782898778962,,0.3104416045444274,0.2413793103448276,1,4
0.36863741921489374,0.91426329325328748,0.16801512956943754,-0.92909556568096285,0.36817342203104908,0.035067950352396203,-0.029797365429745395,-0.16902947056534018,0.98516047174754517,-1.5446408020255706,18.768109951975969,-1.4008477501382546,,0.152915912239911,0.25,0,7
-0.67549346564520851,0.73485835726584237,0.060759959078095581,-0.7373550845003547,-0.67363412641450637,-0.050244831487813127,0.0040071476263206429,-0.078741720112729688,0.99688699674616466,6.4105320279360187,19.667129318922129,-1.3514716871956991,0.2373775926937216,0.2214952052420958,0.5666666666666667,1,5
0.81268948877905367,-0.5819498757179502,-0.029498084342937388,0.58269623331273956,0.81156423393327903,0.042762061262709365,-0.00094578601500185393,-0.051940700343300929,0.99864972294426702,10.129185236802666,-6.7536229684874503,-1.5087159964678258,,0.102787478363707,0.45,0,6
0.41450484046434155,-0.90649357882145787,-0.080343816109864422,0.90913312711129834,0.41642739111713073,-0.008073730006141918,0.040776150142731137,-0.069696624615868147,0.99673451134025226,-7.5787997230666786,23.407765246488982,-1.2452432527318618,0.182015813265168,0.2944205380500308,0.8688524590163934,1,4
0.94205799725258443,0.33414855466761129,0.029520725363658903,-0.33390473061362735,0.94251743587835946,-0.012981291889630939,-0.032161478297663609,0.0023720199892255352,0.99947987115042969,-3.0512344899577473,6.8259494055318894,-1.4933305339955059,0.4112867010471777,0.3559768453201399,0.9345088161209067,1,5
0.93598399435993118,-0.35151249093614184,0.019311421954324233,0.35168125093133651,0.93610016270351837,-0.0060649097122525567,-0.015945533713222507,0.012468123448066122,0.99979512193863251,3.0087656084604673,2.2279533072197646,-1.5409200663423825,0.367068752519674,0.2703489632621978,0.5360824742268041,1,5
0.98758230189855167,0.14741804833160985,0.05430576399292724,-0.1516947197007113,0.98471833661637354,0.085548287805215326,-0.040864519961440998,-0.092723872641194499,0.99485294111780087,-20.94584179324735,18.217898340287107,-1.3179853012133955,,0.1490126211980505,0.2941176470588235,0,5
0.83040217648260639,0.55541466732996658,0.044122246176869148,-0.55597114452484764,0.83120149016561373,0.00041134194255352196,-0.03644601142348549,-0.024872274950336049,0.99902605481044038,-14.439172191535793,-11.926477287913244,-0.97222839046395637,,0.0934307903470981,0.375,0,5
0.90230546383315013,-0.43100683891218389,-0.0088291985916475711,0.43015563726006645,0.89879282320729326,0.084484251103091351,-0.028477669676961782,-0.080028530924856997,0.99638569668968002,-11.337881249565509,21.040279588846502,-1.3338863658001057,0.2660595999995227,0.2475075475158425,0.3,1,5
-0.65375456841437107,-0.75027642038196274,-0.098439104507145617,0.75476999692585955,-0.63723901002216532,-0.15571992758317688,0.054103752345642415,-0.17610149665689953,0.98288404547907993,-15.051773686067332,-6.3253570168060653,-1.0039826230329782,,0.2261172334654223,0.4,0,3
0.74507272900224097,-0.64769165985525823,-0.15925495989479985,0.66694595321928485,0.7209577623258121,0.18815685059699064,-0.0070515233512608438,-0.24640498918670278,0.96914129894578727,-5.1647984616131035,-18.561379385809683,-1.1728454657710781,,0.2284291459889829,0.4545454545454545,0,2
-0.31138248125464868,0.94556838091265039,0.094558909606270614,-0.95013907511327023,-0.30804784349577241,-0.048396942677232699,-0.016633950540909947,-0.10491407501299703,0.99434216874955539,-28.748461769423486,14.704762130677409,-1.1045935356321075,0.3067044091848378,0.233474418848513,0.5714285714285714,1,4
-0.60386463519069156,0.79640646011160765,0.032927992020637967,-0.79708151046864162,-0.60319338099432263,-0.028614870149394213,-0.0029271206059496555,-0.043525801740302447,0.99904801513632047,-13.480821022788133,4.0463724432930439,-1.200652029491122,0.3289933618117162,0.2862922969470537,0.9176788124156545,1,5
-0.93573823026685354,0.34282102024566985,0.082871662797217555,-0.35232109982353854,-0.9193963548330859,-0.17487191123438883,0.016242137673035065,-0.19283176812277036,0.98109739688088915,11.038905819366988,11.733999785246134,-1.5391941820440509,,0.3853578144850248,0.3333333333333333,0,1
0.94939383559517077,0.30919553497721702,0.055221971026419119,-0.31247627970639613,0.94759786060327766,0.066459530550117593,-0.031779231500152626,-0.080351824685220383,0.9962598379514328,-9.706833600899337,-17.92729720286151,-1.0734758953877408,,0.1814735306805233,0.1935483870967742,0,3
0.5150973143468941,-0.83337097811695182,-0.20041848613591376,0.857128759680159,0.50020367380081088,0.12299013800026393,-0.0022463485412378926,-0.2351363382137408,0.97195980182807129,10.045204462103285,4.9253779438942962,-1.6116918320665545,,0.1445335987880067,0.2,0,4
0.33271795346259164,0.9347976834126519,0.1243062932035386,-0.94246150704794651,0.33417893156586581,0.0095262495458479143,-0.032635428242602321,-0.12032345068121938,0.99219816369492708,-2.6214003176669709,-6.2560995676726208,-1.3058329755761648,,0.07903028514709147,0.2525252525252525,0,5
-0.050998001099388554,-0.99502791820550796,-0.085549084597564939,0.99855939045185538,-0.049372459828193584,-0.02101199540581709,0.016683753303361866,-0.086497411534264712,0.99611236824646721,-17.247977880707012,18.591689328429293,-1.4119376456481403,0.5063759848017464,0.390296222161396,0.9363636363636364,1,5
-0.97331030657072515,-0.22946310671802517,-0.0037053715756631164,0.22738975590799732,-0.96208343214882286,-0.15062990570548537,0.030999129524923168,-0.1474522032390638,0.98858328011788832,17.894243455638058,-14.529267801891608,-1.6543889508616125,,0.2210385347475336,0.2222222222222222,0,5
-0.49016820042565956,0.8435622227064008,0.21940353623883871,-0.8712280484795496,-0.46654432632174309,-0.15263708304179116,-0.026397402030997687,-0.26596835901969229,0.96362026191149897,6.6382268356797045,2.7847287623822687,-1.5695275545878196,,0.2270162735328405,0.25,0,4
0.17854247299466053,0.96007641315555625,0.21535056591361157,-0.98353699872238221,0.18034638761925029,0.011408444979775013,-0.02788471769841621,-0.21384214125155257,0.9764701639803598,-10.502057444501073,-13.524653889086229,-1.0515496731372149,,0.09717758270371336,0.2592592592592592,0,5
0.43849474242225939,-0.89866907673589169,0.010781993632704056,0.89867418562248713,0.43829600067814867,-0.016772712520629125,0.010347413386718867,0.017044245603713041,0.99980119260181122,-0.77415476474732225,-3.0782936249748283,-1.4194536584043795,0.200424703641311,0.1548438831260703,0.6741803278688525,1,5
0.39764201190065079,-0.91754064004344371,-6.5117372915947478e-05,0.91742597697283212,0.3975934393930764,-0.015780802483735753,0.014505417851587949,0.0062153696795741601,0.99987547326289528,8.9695319740533286,6.1245787477354012,-1.6044186059608212,0.197915158046737,0.1796259342502068,0.6746987951807228,1,4
-0.27290345106608188,-0.94656825046378146,-0.17184950861191894,0.96156334461948745,-0.26274992318575691,-0.079739652307140238,0.030325577989668215,-0.18700541457352007,0.98189069363131143,-21.780842359318481,-0.60668488355006178,-0.93137399016620193,,0.3553564618921337,0.1428571428571428,0,1
-0.8748118528772858,0.48282713686843798,0.039776600770266055,-0.48435584072696952,-0.87339106095999208,-0.050867221163050591,0.010180452793515361,-0.0637652769037102,0.99791299612857653,3.9582403551794485,9.8161257775732498,-1.5647807829451812,0.1820093459184036,0.1618514328060903,0.7931034482758621,1,5
0.32303488207417802,0.94291507689637477,0.080991497855188235,-0.94585341113092036,0.32454182972807033,-0.0058245522368428901,-0.03177718702662951,-0.074724550973968934,0.99669777358355449,-11.45675269628501,-4.7773599852072675,-1.132457301989741,,0.1124753019574504,0.4436619718309859,0,4
0.6501625233240923,0.75121702013735092,0.11384938261057106,-0.75940153751104744,0.64731178129410827,0.065549695832292212,-0.024453999482838967,-0.12907535184460098,0.99133322120036171,-15.723992989666405,5.5615050568074222,-1.1759418085868494,,0.07887299018954563,0.3829787234042553,0,5
-0.91063893215814984,-0.41280742054784264,0.018076746900419056,0.41180588612584856,-0.91028548631262185,-0.042382137283281412,0.033950661112414085,-0.031150713462627724,0.99893792883281762,13.42066755716889,25.367848018940268,-1.2509766001708817,,0.3190966148344708,0.7083333333333334,0,1
