axis_00,axis_01,axis_02,axis_10,axis_11,axis_12,axis_20,axis_21,axis_22,location_x,location_y,location_z,dbh,dbh_approximation,score,reconstructed,number_clusters
0.88853055790529811,-0.29768797436402428,-0.34913509933483233,0.35193281391790376,0.93041393603971789,0.10233866381239337,0.29437517245230699,-0.21380312799892304,0.93146738015968666,-3.7340040722330006,19.20167319235566,-3.9447160462524238,0.467728499756394,0.295388022158248,0.7641509433962265,1,5
0.61127700258646023,-0.64411814793877631,-0.45983936065199271,0.76854080766977828,0.62181440773048224,0.1506382065914042,0.18890593705650843,-0.44548698503403056,0.87513192897419279,-30.979163088022766,2.5126313623829701,-12.292678575722219,,0.5970396631825898,0.4285714285714285,0,1
0.81033248657430057,0.55477009928737409,-0.18865682637792142,-0.49951720522056836,0.82231202761434929,0.27255364780059632,0.30633939167358948,-0.12662174448907196,0.94346335961265604,-25.566275787844738,9.1482689651638331,-10.756536958128514,,0.3643716717834731,0.2758620689655172,0,2
0.17366216780014826,0.93511048914501627,-0.30888480792347517,-0.98043644146378062,0.19367858850934713,0.03511393744465325,0.092659784830276662,0.2967439594060779,0.9504510438898004,17.747942669486065,-7.4701081725752854,4.9922854760892115,0.2380658931363584,0.2466712559150701,0.5833333333333334,1,5
-0.33902804368386508,-0.79643795273095719,-0.50074601650498873,0.93130183651332221,-0.35947231741096597,-0.058792366189030922,-0.13317985922355752,-0.48627794569043842,0.86359532457759491,14.012374929018376,-9.38487274755839,3.6492526316056071,0.6652703088162447,0.6252485817015228,0.6704545454545454,1,5
-0.83392982806289007,-0.39288343499303574,-0.38756115436801841,0.45514624240071699,-0.88677963372405999,-0.080397632059218085,-0.31209444066741343,-0.24344298659089514,0.91833140661974466,1.58342880481139,-13.441220267390413,-0.57607110893625935,,0.08476818025429596,0.1666666666666667,0,5
-0.80209156789284186,-0.46629429509590775,-0.37312028499695993,0.51396886819919552,-0.85714734569962236,-0.033681304638183113,-0.30411366170765874,-0.21878770102796544,0.92717140952558308,10.730591804400277,-0.1502084572647033,2.3344781984081697,0.2350704836472994,0.244728734304536,0.6576576576576577,1,5
0.62425357463369013,0.72216001025149335,-0.29798052646208728,-0.74201571971977687,0.66741510797472314,0.063005915086049899,0.24437705752750538,0.18177456708971026,0.95249034667735422,-13.068432229463832,14.271841029939569,-6.7747719149223249,0.5895328261527856,0.534162328031723,0.945859872611465,1,5
-0.6531990352927991,-0.6541798984275522,-0.38128687465722427,0.71188104467808433,-0.70214246688473836,-0.014877312427093272,-0.2579852680301648,-0.28114874477815355,0.924337051507226,26.705672138215618,-8.5964205385341117,8.2473724206406764,0.7245706540207275,0.5753840913083703,0.6119402985074627,1,5
-0.8894012640403578,-0.2243364655633622,-0.39829454144132065,0.31938355635771959,-0.92831619786667274,-0.1903238837000239,-0.32704668696030093,-0.29648302986326719,0.89729497800410507,-6.3634414388713472,16.496612129505046,-4.5951419635093425,0.7850772156432312,0.79955365762023,0.5326086956521739,1,1
0.93922525614989028,0.1702653696302876,-0.29810337487998195,-0.10418037543588839,0.9687549895562203,0.22507825213459842,0.32711216361396722,-0.18034265750118575,0.92761746334423834,3.2198050010727091,20.26475092056236,-1.5975698408946815,,0.6177554071743327,0.25,0,2
-0.92070871215807304,-0.19270821184650133,-0.33935086922409063,0.19989194992048706,-0.97971765044754899,0.014019049843670051,-0.33516962230072034,-0.054926045629170341,0.94055539645378361,-4.3348542097307146,-11.715798474727089,-2.5959287926748971,0.1840841571813515,0.1381179102773525,0.5822784810126582,1,5
-0.90489953859569483,-0.1985590830284199,-0.37647193201646789,0.25580319406968388,-0.96065624094619306,-0.10818647158900387,-0.34017870443789783,-0.19420061091058305,0.92008943683150191,16.708187998191203,24.691530421294509,2.9167087290594762,0.4418167621615688,0.4094316440967941,0.3793103448275862,1,4
-0.88648969431874081,0.33137536782203886,-0.32299595580668372,-0.35499703843910263,-0.93474176161357825,0.015327811161764186,-0.2968385496631647,0.12825055437054778,0.94627621270827444,-13.076113512598978,-4.5718460746983407,-5.7753044282114416,0.08856706281748306,0.1258596324465255,0.4457831325301205,1,2
-0.62346488359179175,-0.56000781110477582,-0.54560314371300289,0.74146062054998652,-0.64488550580929904,-0.18536135673520132,-0.24804775165581183,-0.52010954221079508,0.81728720594401449,-44.121716197436619,8.411172679913804,-17.169675051098316,,0.3883271491582588,0.2083333333333333,0,1
-0.6977274774147334,-0.62823022282146157,-0.34424287123217007,0.66292512380984947,-0.7483600071583022,0.022081211645216987,-0.27148968209154395,-0.21280057993276635,0.93862093823764103,11.430258369510407,1.3060198365160236,2.4365928203582619,0.2760662986548082,0.2460809132739916,0.8865979381443299,1,5
0.68311226458195329,0.6999986712072066,-0.20822942704109101,-0.66308974961320766,0.71397564061039176,0.22483498075894576,0.30605492633775766,-0.015512734224704547,0.95188746033407956,-17.247667547582029,-35.413596434484539,-6.9838763393088392,,0.371963046227351,0.2380952380952381,0,3
0.80319636434671038,0.5178188518901421,-0.29451525754602548,-0.51021659921494555,0.85316364250152632,0.10858554691607886,0.30749735313618931,0.063051056618453255,0.94945770947079788,-5.0728718068859013,-15.92866051267589,-2.8687267323317363,0.170219417668576,0.1439721492338439,0.2682926829268293,1,5
-0.72691420112739569,0.61858081989406088,-0.29825075600660306,-0.63844997446507823,-0.76871163946121046,-0.038262847024206757,-0.25293749090409628,0.16260438067914518,0.95372031596222717,-9.6466855655186592,-14.483685183890007,-4.4781856610332547,0.3141045356525233,0.2254888061417009,0.8191489361702128,1,6
0.93732812715517788,0.1211950008332834,-0.3266921392026243,-0.092940102521580178,0.99055480050313072,0.10081331530845176,0.33582453660661044,-0.064132355119889267,0.93973875180271849,-24.87408759012807,20.032655114155002,-11.1884848831013,,0.7360591223503967,0.7130434782608696,0,1
0.51133580832703829,0.85475702742574577,-0.089028732378016256,-0.83292364771318961,0.51843467044514191,0.19355539145317338,0.21159841257128684,-0.024817666021185996,0.97704155246876323,-13.868785641140599,7.7579360405197066,-6.514637331656612,,0.6687481817575864,0.3379120879120879,0,1
-0.696427225159445,-0.58821164795260961,-0.41109144635906752,0.65358778065268319,-0.75644162124728487,-0.024881451450402742,-0.29633112060365019,-0.28601246626266802,0.91125448481976212,-1.1324592221758059,-29.263185221063761,-1.6318783833495507,0.3394608538168081,0.3033685180825693,0.3684210526315789,1,5
-0.28425891065121395,-0.81802136488942678,-0.50003791686213639,0.9488138456879387,-0.31490614393194488,-0.02421583665245371,-0.13765594046843824,-0.48132646623508352,0.86566487450710206,9.356604312016918,0.32677455314695697,1.756697504256475,0.1927578573110489,0.1545929116822135,0.3770491803278688,1,5
-0.82603165936940592,-0.41605320379415306,-0.38022549800355021,0.4674909175072281,-0.88259069539870116,-0.049858865248709826,-0.31483954606700387,-0.21893696811698954,0.92354895063773645,20.864525377672265,2.9939285233124706,5.7825857919407895,0.151003068757369,0.1287674483281771,0.2608695652173913,1,5
-0.44102201473282199,0.89500689408892364,-0.066800015376496685,-0.88886777703092501,-0.4458664288088392,-0.1054381459309392,-0.12415175180843865,0.01287583762518203,0.99217969911117676,-22.280682926386284,13.826378097097642,-9.8630089849104792,,0.5007517439460417,0.1666666666666667,0,1
0.88199258893686472,-0.32882318243925063,-0.3375861190140515,0.369313003068862,0.92725466922334387,0.06169833196907093,0.29274046325150355,-0.17909241495392869,0.93927042329739319,12.537119431589323,13.09628667055269,2.221299273082884,0.210292266872185,0.2692978425187929,0.8372093023255814,1,5
-0.84453013419462752,-0.39561895665884367,-0.3609078740750496,0.43287977201993394,-0.90109991141888912,-0.025180401443187686,-0.31525220921220209,-0.17749532605969634,0.93226147287860572,22.116239272646954,13.22185023152011,5.6167601970004588,,0.1598721118942851,0.2,0,1
-0.38797015710087046,-0.81695186125802721,-0.42669522329898812,0.90531356967175114,-0.42462211875756112,-0.01016842318326657,-0.17287711753531787,-0.39023802050657141,0.90433831588835967,17.931571197250975,25.407441774378729,3.3210004533606114,,0.3632734820212472,0.625,0,3
0.54487274586622914,0.78944227170957326,-0.28265631153438547,-0.80881297197003754,0.58373863003940452,0.071209466875652591,0.22121317136461618,0.18981599363000795,0.9565744201979588,-21.031831892628329,20.616239587674304,-9.9689476500667507,,0.1714927646386464,0.5600000000000001,0,4
0.43420186819626944,-0.80225509503790937,-0.40970172093925061,0.89257076875758223,0.4445491624984293,0.075455052060438108,0.12159835695587183,-0.39845050458954046,0.90909352377957908,-2.9850699917972388,23.919445824307228,-4.1096153531170474,,0.1182552807586121,0.25,0,1
0.82870094538286998,0.46177331628087609,-0.31625962039517269,-0.46544476100326004,0.88239994358177143,0.06878600163917474,0.31083101128451646,0.09019835884232115,0.94617563828604023,-2.9774087349066174,-2.5693099087607152,-2.3648955360116366,,0.077648602358962,0.4311111111111111,0,2
0.9162825038307334,0.25842248369068282,-0.30601338712027076,-0.18785130522538332,0.95204311258022101,0.24150734753560754,0.35374886614489937,-0.16380394290646216,0.92088544781068948,3.5262458276410804,14.396893054461197,-1.0550677789733605,,0.2742767182562981,0.1785714285714286,0,4
-0.26795106635612614,-0.87236723351838619,-0.40887361852055504,0.95837422864856292,-0.28478138464834157,-0.02045484832615254,-0.098595455782137603,-0.39733483718552898,0.91236175021636101,9.4473464427993168,19.243537527364197,0.73123267969709715,,0.2617681754380841,0.3225806451612903,0,4
-0.94394884139259383,0.031597207788129848,-0.32857602056993568,-0.038234817041275342,-0.99917406484698879,0.013758157687976391,-0.32786991871686139,0.025550041039903736,0.94437731432063687,-22.492015635331924,8.6661410322392562,-9.6356653888249433,0.4629714914717653,0.395201092553865,0.9399999999999999,1,5
-0.86774796061052684,0.39108271350274815,-0.30670472454071884,-0.40668140433070765,-0.91346037307746109,-0.014155641588733203,-0.2856986388274792,0.11244757897132569,0.95169944297325926,-3.4389367450552135,17.588927172535911,-3.7626521909355546,0.6158021189672436,0.6634252205057677,0.6772908366533864,1,5
-0.92362399280726049,-0.14004785661007491,-0.35679870763456883,0.18725070169525765,-0.97708456794576348,-0.1012073208660106,-0.33444864273219643,-0.16028831816812417,0.92868280937757564,-27.661984857431779,11.693424582584326,-11.581382148112477,,0.194405411782196,0.4545454545454545,0,5
0.29800702669006018,0.92200326530648324,-0.24718776427552744,-0.95027068382529034,0.31107900684624212,0.014679201673524832,0.090429196090456382,0.23052078054643915,0.96885640330788714,-49.227488575338334,8.4609391801934777,-18.793350645698286,,0.2919799563333288,0.5666666666666667,1,2
-0.81322006588452622,0.49142046194780525,-0.31173555142423498,-0.51568335278573452,-0.85676256780707138,-0.0053462196267194126,-0.26971059323361773,0.15640918126388537,0.95015386328422125,-7.6029848221092369,11.889552361678856,-4.715627083371527,,0.6806005459629526,0.5065502183406113,0,1
0.52605096304651722,0.82219040028815382,-0.21742430855779799,-0.82311994460354543,0.5565184192690058,0.11296373670423455,0.21387833240814255,0.11954160233296307,0.96951836714833783,-17.532509317086607,-18.357026129837944,-7.1026087065257943,,0.2874600112022399,0.5813953488372093,0,2
0.92683938502193608,-0.13868893203666949,-0.34890419100762698,0.18127322371718349,0.97908670172108414,0.092353932651016782,0.32879898530156471,-0.14884424961501422,0.93259670631050595,-7.1469541198102666,4.0513393939878544,-3.9772180644073192,0.2744509846782289,0.1630661164846152,0.2770083102493075,1,5
-0.89591297066841902,0.2965701420816137,-0.33073569479839954,-0.32102456996160805,-0.9468474430486914,0.020570490347102979,-0.30705565369986815,0.12460365330858893,0.94349920779675245,0.71528963812125212,7.418320144589222,-1.4979151402419204,0.2328431988476802,0.2271989185129645,0.8258575197889182,1,5
-0.498462333476275,0.80628689049084878,-0.3184913693147513,-0.85458379118412875,-0.51874778156276857,0.0242339218672647,-0.14567719777216051,0.28425725909166305,0.94761593734115002,-2.503009692770747,-12.786069377299743,-1.9989832153105924,0.6305080016717232,0.5983758802167231,0.9651162790697675,1,5
-0.86834205898843542,0.40052990458958299,-0.29250275916849766,-0.39971901539911847,-0.91430553594789787,-0.065345968991108255,-0.29360990671311443,0.060176261636024068,0.9540293707299734,12.573491228853454,1.0809771845180407,2.9073161769129334,0.2538403254237282,0.2198342559278677,0.5,1,5
0.46294370035036281,-0.7091559664819499,-0.53177151626329511,0.86808966117854103,0.4840030947830356,0.11027848564143899,0.1791744135216817,-0.51267808558928518,0.8396771463459427,-11.039397578694622,23.415457629061134,-6.8476153085067066,,0.2088398407374867,0.1428571428571428,0,3
0.73509445637315451,-0.55522590619310341,-0.3890505536578801,0.63815116937939143,0.76041524153256768,0.12054768958666177,0.22890877053789688,-0.33688700410822281,0.91329508989910502,25.089298604741597,-8.6751040437373206,7.7119725406362409,,0.1420387594825347,0.32,0,5
0.94114696875893233,0.11721355467742818,-0.31702265817407105,-0.040035569261797591,0.96999977682365612,0.23978654290001514,0.33561814073401358,-0.21298219541064581,0.91760506104113448,14.984115197891727,-8.1129348018666665,4.0060287827690022,,0.4888587898851319,0.1111111111111111,0,2
0.93913331612319495,0.16229619827899047,-0.30280118654265054,-0.072868816287337407,0.95542764561418803,0.28609115611813613,0.33573613174684186,-0.24661297212497962,0.90910026499795404,18.492198732677949,27.692930628308858,3.331278415181143,,0.2371098568411292,0.2727272727272727,0,1
0.61511292090879088,-0.69130966311106234,-0.37911349780814402,0.76412704857119007,0.64119152301158466,0.070592382450002142,0.19428316492413458,-0.33311316471636865,0.92265360310341138,12.996786941869583,15.503468051211593,2.2091739333941525,0.2162548518044304,0.1382259964881763,0.4444444444444444,1,5
-0.79860630169665736,0.52182881390765878,-0.29987107874236935,-0.52874025162971161,-0.8463199708656266,-0.064623936900761222,-0.2875095149676537,0.10694482638131847,0.9517883603581907,-15.661509266349791,-15.376763656551145,-6.5112489815301791,,0.6426428875918614,0.6363636363636364,0,3
-0.9160858164070943,-0.21371253730036324,-0.33928414106525639,0.22551508206859797,-0.9742280686026249,0.0047558497025785157,-0.33155651816446235,-0.072156924459408953,0.94067191598092159,-13.137560145802102,20.621184616054183,-7.2747741303039977,0.1715844001755521,0.1671816854598411,0.5142857142857142,1,4
0.91037426233684837,-0.21028167704653608,-0.35637104087332233,0.27020082863993689,0.95437747865472944,0.12710287344876489,0.31338509006800308,-0.21200293520406169,0.92565897650697004,-31.889365236526306,16.479578747210333,-13.344812787233737,0.610637964179594,0.5377702410466589,0.9636363636363636,1,5
0.83364201271617211,-0.39313038026906105,-0.3879297600649288,0.4791062973619426,0.86417461344332813,0.15381610223967151,0.27476926768228582,-0.31408715604045107,0.90876350496031821,-12.420836214255058,22.950028503984576,-7.2434478402913021,0.301273808563096,0.2415213111981681,0.6428571428571429,1,5
-0.13785808869497676,0.95285565953894047,-0.27029842668054677,-0.99036744478298411,-0.13617956620474894,0.02504895331765683,-0.012941085556926978,0.27114796298865568,0.96245067950088281,-21.874364963143982,31.017633962478765,-10.90398747807561,,0.1525603211625952,0.2307692307692308,0,1
0.92753740999600409,0.11677574967213113,-0.35501799580643395,-0.048367094230303019,0.97944969507713886,0.1958032660836331,0.37058734092467649,-0.16444366543534839,0.91412433708143104,-8.3006963362755215,14.294298560889295,-5.0771709814334178,,0.5450491732432047,0.1521739130434783,1,4
-0.8435903579773405,-0.41010241379478019,-0.34665734973797641,0.43489685350926993,-0.90045358540735254,0.0069330609964909605,-0.31499211852901871,-0.14491152723899989,0.93796621183167439,-15.909834979799802,-4.7589759319062379,-6.7634957800346349,,0.08052764808500587,0.5294117647058824,0,1
-0.48313055609630595,-0.80745367583969063,-0.33853127941011063,0.85252358272441287,-0.5219267095119311,0.028214372167044536,-0.19947031524717232,-0.27497467387201424,0.94053204201886353,0.11292704184144334,2.4367680867347961,-1.5040262400166027,0.2564645551249823,0.2201802390642381,0.7813504823151125,1,5
0.065844046730981265,-0.90562586351487906,-0.41893478829409619,0.99782980428095447,0.059967245511390301,0.027195792954251626,0.00049315182472834318,-0.41981629887214655,0.90760896425860138,10.365592479458542,3.4770474212705338,2.0292409757665926,0.2135220997871822,0.1505709473553334,0.4745762711864407,1,4
0.7672111060780753,0.59912198226217661,-0.22899774907342843,-0.58438260586236657,0.80009837911689485,0.13542360835551573,0.26435598853812076,0.029923804984627086,0.96396082763734503,-5.633185923186713,-5.1567025295785998,-3.1434722615556581,0.5398168118171757,0.6808766645686354,0.4741379310344828,1,4
-0.37097512343332284,0.88742302039295973,-0.27360160940730677,-0.92345181268464982,-0.38363537085135285,0.0077879317652726722,-0.098052064960746491,0.25554703110852717,0.96181157585493404,-5.4056706289585916,22.982927841782786,-4.8684110745576259,,0.1089992484513694,0.3076923076923077,0,1
0.31257996066580462,0.91595073256657566,-0.25165059845133864,-0.93644983139452631,0.34155647094935571,0.080005565017599728,0.159234046206606,0.2106500241238409,0.96450561733216311,-13.512694533022071,41.947158619646167,-8.9509945976027048,,0.4056772516897554,0.4285714285714285,0,2
0.68826769846582092,-0.61620046712167742,-0.38286363051038064,0.6943508177521881,0.71242777817994296,0.1016051315852653,0.21015355608561695,-0.33577320500096164,0.91820032545624397,-16.626185465763086,32.29501329154153,-9.2958028151337579,,0.6236648031831868,0.9302325581395349,0,3
-0.71513824429565809,0.65841975487778304,-0.23465020335044265,-0.66101683467165706,-0.74618081513029022,-0.079189237981935834,-0.22723123866754619,0.0984764820562576,0.96884898031397881,-1.9755083437305294,5.6705911258389836,-2.2933867061996636,0.5360844573346633,0.2980187528427578,0.2098765432098765,1,5
0.84571128390176165,-0.3641924784327713,-0.39004648817061571,0.45019792531070374,0.87936256628919252,0.1550590373219973,0.2865209457041018,-0.30673329728329457,0.90764554315577717,-14.661106197988602,21.782425255125123,-7.8262429698138547,,0.1559454517912147,0.2592592592592592,0,3
-0.91705676628652633,0.26491640818622836,-0.29803721928948435,-0.25540316555936987,-0.96421046791802389,-0.07118564869101203,-0.30622885303372971,0.010838368466458265,0.95189622298790155,-5.6326925373071051,6.7881746864818782,-3.6726431795378303,0.6616238683159911,0.4274584785309289,0.9973544973544973,1,5
0.069258742900039985,-0.86212621455753158,-0.50193786139781027,0.99747944936190125,0.052065917238897523,0.048206725285494786,-0.015426426435990905,-0.50401143879357879,0.8635592017532101,17.418252027988306,24.888332191960256,3.1095172640620525,,0.5067988285834738,0.3714285714285714,0,3
-0.91964601318539818,0.24690955173108631,-0.3054290158058921,-0.21985704354949395,-0.96805063413459613,-0.12058544751868935,-0.32544445122613136,-0.043745205629424501,0.94454871031120513,-5.0110805533801894,-12.348178677658542,-2.8546183236729772,0.777135684041132,0.6427754178960294,0.4956521739130435,1,5
-0.75834711842751334,0.58852726928275656,-0.28025934646906991,-0.60913941800010452,-0.79288612723637275,-0.016755854934990079,-0.2320750253930452,0.1580102608905197,0.95977806811894195,10.478754845946618,-7.9862891490909496,2.4651189785271415,0.6269362004489434,0.778926585376335,0.7096774193548387,1,5
0.7511735935726418,0.60434629260075567,-0.26552549960198873,-0.5948524953176515,0.79411877213258397,0.12460290751423693,0.28616208891732603,0.064350092201640091,0.95601795197585759,11.703447153038224,6.4903557900695414,2.3013338270483219,0.4099719279239756,0.3697102570617748,0.6666666666666666,1,5
-0.63139612125309075,0.76532836919687997,-0.12494568967754424,-0.75496928567741461,-0.64347528583383451,-0.12633659091807242,-0.17708844047618497,0.014561724606318329,0.98408721179893544,19.47406429480376,0.37532788931430833,5.3257942346083915,,0.4453487733387915,0.24,0,2
0.95068325388671193,-0.035207024990219028,-0.30815875157248263,0.11109435430981887,0.96627042535325003,0.23233490811355428,0.28958486704221514,-0.25511160396772886,0.92252841381778306,-16.920119477809738,19.466297421942603,-8.5052692748717895,,0.3737302654254065,0.2777777777777778,0,3
-0.87890326025984433,-0.25558797244415088,-0.40274538786496866,0.34954736194555308,-0.91962049927750733,-0.17920596827531399,-0.32457002458871753,-0.29828329763913392,0.89759755652965245,-4.550176275389747,-6.8920464298455073,-2.7756101242831632,0.5055371019886052,0.3710499959615028,0.4076433121019108,1,2
-0.92120091023707329,-0.11901796868104149,-0.37043704743104022,0.20028656538170911,-0.9612918598389264,-0.18921747259441257,-0.33357783905107757,-0.24850087190683545,0.90938063645294109,9.2753306734911902,-7.9028433292465854,1.9984020829801048,,0.3521740171097082,0.2903225806451613,0,2
-0.88176353128658924,0.41218709945342002,-0.22933571448245926,-0.3689728057986808,-0.9056269503221811,-0.20904280765239158,-0.29385735225454657,-0.099707682223197786,0.95063464834373912,-6.116092588062183,26.118476277578299,-5.3860982991053206,,0.2233263380280263,0.3333333333333333,0,2
-0.1350704980879375,-0.89289817510524683,-0.42952160532387396,0.98434793224714334,-0.17044968084237758,0.044789000675464791,-0.11320383751027009,-0.41674903142593261,0.90194519566240638,15.202510970971559,13.273256177535934,3.1581687559266469,0.2511063486305303,0.1984286820830773,0.3478260869565217,1,5
-0.14289826732184233,-0.92045526673400735,-0.36378865724214454,0.98615203807514074,-0.16367152237972421,0.026754262504316412,-0.084167945184979762,-0.35492778801261915,0.93109721420472913,9.0456920409018817,-5.8293841851289008,1.8992766563722026,0.2736501081291517,0.2483233421219234,0.8073394495412844,1,5
-0.92999573127527213,0.16429177774383583,-0.32881020600878963,-0.13841027643143672,-0.98523179054436461,-0.10080136050133297,-0.34051510273106239,-0.048234123465825118,0.93900102989588785,22.490768154730059,2.1444463958789441,6.44706131590506,0.5668973470970721,0.5488513452631814,0.4444444444444444,1,5
0.92971891634344317,0.11625688599241019,-0.34943822494472687,-0.031425384746307475,0.9704483119521774,0.23925408883176083,0.36692667085770747,-0.21145782153544787,0.90589757032722085,-13.608390598944856,11.655116129270633,-6.7584982186988443,,0.7153594666672551,0.4316546762589928,0,2
0.17420742345516105,0.95089486104841325,-0.25583341620052691,-0.97969807882487359,0.1935459422305626,0.052265118319344515,0.099214152014546725,0.24153453475186837,0.96530700844976358,25.823582767974138,8.6329144617659708,7.2559768123382593,0.470500206930147,0.5009669476897507,0.9130434782608695,1,5
0.28117097752550491,-0.84119831366044506,-0.46187474329321832,0.9585128073991297,0.26967200395793517,0.092359126961831059,0.046862345749995718,-0.46868156287199492,0.88212329817020063,-33.360663082610223,16.570855870126316,-13.883250507016141,0.3257882004188167,0.2318177009980652,0.3488372093023256,1,3
0.90921915198848813,0.2580194533810089,-0.32672082170302263,-0.24468392134523537,0.96612495784929686,0.082050865052183425,0.33682385944652393,0.0053411138967648861,0.9415525265272715,4.7224790057140433,14.809071346233043,-0.66406304972842201,0.6456412200634566,0.6472408198758156,0.9924812030075187,1,5
-0.12922434607306404,-0.87737697342019594,-0.46207219662516441,0.98824313743701786,-0.15234554657014732,0.012897121728585348,-0.081710278977787376,-0.45497305519366604,0.88674852656044045,-14.955706030516852,-2.8653251141455667,-6.4424559345801509,,0.07311326678039051,0.3157894736842105,0,1
0.70399342551676036,0.64462701011252255,-0.29807595451925706,-0.64895113482295674,0.75439072132215568,0.098777852755733836,0.28854060622583622,0.12389777002200877,0.94941753783169558,16.320589984658085,16.844561403015891,3.3554675552988678,,0.1388701843211219,0.5,0,4
-0.85263529903411783,0.4242284117606353,-0.30503000097703564,-0.43780000431223864,-0.89869289118712126,-0.026119792379314204,-0.28520905151345632,0.11127147875706271,0.9519844825153464,-29.150732103827998,14.402263378660219,-12.328511038232067,,0.08220998652310593,0.3684210526315789,0,2
-0.30729170851025106,-0.85153137085694841,-0.42481305338623548,0.94261268946587062,-0.33363162969132398,-0.013086379462226258,-0.13058760867237346,-0.40445551067576885,0.90518650914893406,-11.170235148621609,-14.847298062585411,-4.93971477474539,,0.1264815206468993,0.3777777777777778,0,5
-0.44672978148680192,0.87862319713775083,-0.16868248214971662,-0.88471740858783576,-0.46188088878944428,-0.062778591197127573,-0.1330699412879448,0.12119126215411923,0.98366918661870906,4.0313649081319198,-12.997494091268193,0.3030275857731784,0.7486223351602407,0.3514509972019119,0.4909090909090909,1,5
-0.49579494869767432,-0.76056010426094744,-0.41920841672424453,0.84491367150512597,-0.5340393598541634,-0.030378443513199755,-0.20076916234720843,-0.36925640134347415,0.9073816471128715,3.2498360583477175,-12.981046373126983,-0.0026505181302400272,,0.1262371099312414,0.2777777777777778,0,3
-0.63013875174760881,0.72078113996544779,-0.28879006530016865,-0.75128018196448554,-0.65993702576039659,-0.0078236959253422719,-0.1962224292311551,0.21203223882379835,0.95736047963449622,11.865824583511023,16.846122612502864,1.6772629634700453,,0.2545534935432587,0.3846153846153846,0,1
0.24696396299165579,0.94765307524755849,-0.2023918228518635,-0.96154054700126967,0.26556003060954031,0.070125933969955756,0.12020223565289748,0.17728936549185345,0.97679061391249045,18.65706227412106,24.537299849139135,3.6979084346121804,0.2452010217540928,0.192339752201752,0.1904761904761905,1,5
-0.87901295494305409,0.40828019420426098,-0.24625902635804317,-0.40060765579585994,-0.91249230741016785,-0.082893274968566188,-0.25855314958442543,0.025788988692840197,0.96565273100746429,-8.8181444902730757,-9.1076354804388675,-4.1952859628069552,0.265362447151779,0.3144114756899295,0.2325581395348837,1,3
0.46854430130732549,-0.78778685577072882,-0.39982259514352037,0.87439375607447178,0.47813560794645865,0.082594792521370294,0.12610232769623181,-0.38830170008453446,0.91286362215889227,26.380800023730522,-12.269243081138178,8.1808197888105632,,0.1386706044046741,0.1,0,3
0.91104879179031029,-0.14644059205903937,-0.38541568724536046,0.26364556460832211,0.92561936315569782,0.27151392379323636,0.3169875632257117,-0.34897556869878193,0.88189281503569728,17.348457678755317,-10.177092826917754,4.9022623207163356,,0.3329569185648917,0.12,0,3
-0.90815409513582035,-0.19534387108170476,-0.37026600103014301,0.24394473713718193,-0.96571156669671365,-0.088837690037793182,-0.34021626167940716,-0.17100275430236223,0.92466802329803488,17.404033975392601,-13.992936744136045,4.927734502599491,0.2270089554923007,0.2520434608965774,0.5,1,4
0.047154416894912128,0.9784595423149538,-0.20098105637127167,-0.99726005149689501,0.034633623837843748,-0.065367436757682293,-0.056998689947328318,0.20351274199093822,0.97741174189367008,-9.4869643558067107,17.495773824203003,-5.7979733793458212,,0.4796475462598949,0.5882352941176471,0,2
-0.40187668696271045,0.88550099337751209,-0.23320188507667169,-0.91088323604654986,-0.41265457755718477,0.0028160096706735887,-0.093738246011111012,0.21355137636769977,0.97242426485882161,26.631064201413796,-9.7104273916766282,8.3049825968802242,0.1722765294938808,0.163903009469368,0.2142857142857143,1,4
0.49147311998448617,-0.70148237725201401,-0.51611689251329296,0.85276315645191914,0.50792076931858132,0.12170246954347679,0.17677435145086831,-0.4999389627741409,0.84782773142274659,-19.394700547561417,13.25423750328563,-8.8779474813053305,,0.4596589462703582,0.2857142857142857,0,3
-0.60648339214408364,-0.68234370265264455,-0.40814821634264686,0.76394317061336092,-0.64236931418348331,-0.061257622126932913,-0.22038313711945021,-0.3489537729352124,0.91085813232778934,-33.19035203992901,14.629772574062128,-13.650916708166207,,0.1540018872963374,0.1875,0,3
-0.87369472945973914,0.42574041392612622,-0.23537761079653355,-0.4236341652834596,-0.9037025562403902,-0.062094958323294182,-0.2391476818178678,0.045461959863120328,0.96991834526755094,-24.29858612039186,8.2220858482917709,-10.220384064156637,,0.3105692952130363,0.5238095238095238,0,2
0.49829419958026627,0.85075397890985915,-0.16709445841710144,-0.84255025323716159,0.52061286787298722,0.13809892314952385,0.20447973355483515,0.0719715858801665,0.97622135266098153,16.410853466261827,-9.2058640684385118,4.5250082618685807,,0.4090495298117376,0.2083333333333333,0,4
0.37437253823371341,-0.84348616240536822,-0.38519643877781495,0.92194488786815876,0.38307418665192566,0.057199573903426733,0.099311763403006084,-0.37654383722433948,0.92106021100585733,-37.684255689473353,11.748021195585835,-15.095231340381343,,0.08620919074116107,0.25,0,1
-0.44757626116553312,0.87108752261257993,-0.20219302260404232,-0.88015420203373584,-0.46909649757086036,-0.072643352132925568,-0.1581267563805655,0.14544759852066402,0.97664779987523198,20.473265105967293,8.2106616742646299,5.3258289467871016,0.7615452284537125,0.4030282312733349,0.5370370370370371,1,3
-0.87392170048262618,-0.29528995896491178,-0.38608898140202802,0.36340500310002022,-0.9244384638265869,-0.11554362950770915,-0.32279663125167413,-0.24128275266259924,0.91519668275192589,-1.9529930772722266,0.083473109352354802,-2.0809716426516136,,0.531222644028185,0.2,0,3
0.92595581465102461,0.24630565922275438,-0.28625050488829301,-0.17475886000740304,0.95145157116883661,0.25337570635178575,0.33476136300784665,-0.18458989667692491,0.92404621090177708,17.428139625288107,-16.680408519903558,4.9148686092860725,,0.4047333741667888,0.4,0,1
0.92848156557792694,0.26567316413924214,-0.25949904091962295,-0.16004540786473018,0.91677140218515363,0.36594489142066056,0.33512303681390371,-0.29824145585701206,0.89372511669132115,7.2981423739543834,6.8742677446551603,0.75140392400836753,,0.5499720421825437,0.25,0,1
-0.67762203276393118,0.71353197170841332,-0.17804635930785323,-0.70270878409892801,-0.69962033542887214,-0.12935126982213474,-0.2168611202200246,0.037463470264991722,0.97548333811122556,21.59202008984477,-16.763437582766599,6.427288101556865,,0.314156087051159,0.1,0,3
0.87498256883718784,0.40118724459568061,-0.27102453579851765,-0.36028674906746455,0.91348637911070762,0.18903992600931538,0.32341762889099673,-0.067760091152056029,0.94382710671477899,-21.874461895740293,11.570293690130656,-9.6229920315571071,,0.1281477181740495,0.3333333333333333,0,1
0.71049213093327268,0.65732004220452045,-0.25125941574027555,-0.64753239176497401,0.75047141431192299,0.13226661678516746,0.27550450721726749,0.068724220016742429,0.9588400534427316,-21.073626666027128,14.505073738917099,-9.4975632256065374,,0.2346795159469203,0.2857142857142857,0,1
-0.15914733256782501,-0.84533627256038169,-0.50997912979872473,0.98294658930623047,-0.18388098982424861,-0.0019452898246556044,-0.092131043127674589,-0.50159183393968154,0.86018457497053014,-14.597622097489191,-13.931888572304743,-6.1302625628092304,,0.5064491524940906,0.2884615384615384,0,1
-0.85112430497293101,0.45086329286829491,-0.26890464597753189,-0.44028788639215272,-0.89203622075166467,-0.10206839845621785,-0.28589157836612555,0.031522563522729127,0.95774335466672889,-10.365981362180456,-6.116009154506223,-4.7288001133025697,,0.5738734775754675,0.25,1,1
-0.88621221857823762,-0.27738338910518079,-0.3710611258150901,0.32890938856614871,-0.94077058377203027,-0.082275894539507011,-0.32626142547914011,-0.19495939104787349,0.92495638712674555,14.031306399223991,15.808911240830385,2.5316416312722594,,0.2149372998452219,0.4444444444444444,0,1
0.66265394684108025,-0.66220532043715352,-0.34981975404580429,0.72247944294570499,0.68826413430414324,0.065695783361142415,0.19726429290878844,-0.2962711511694936,0.93451067609091554,5.4230425044134218,22.613961427757712,-1.010637335511444,,0.134113955800641,0.4444444444444444,0,3
0.84370968985365291,-0.40756164004203599,-0.34935292873153212,0.45994586338987631,0.88442457328853563,0.079012511122819179,0.2767738463034296,-0.22734705568719848,0.93365387284194745,-13.096428019312953,15.340768940094932,-6.8637610841517045,,0.3739928727262805,0.6931818181818182,0,3
0.22244926932496711,0.93174640109848761,-0.28699297311398486,-0.96825051654762284,0.24556872032276322,0.046764738899110543,0.11404937431678316,0.26747831246487386,0.95679051655986502,8.7981359451102552,26.126925025040215,-0.11986131156897974,,0.1482218674881505,0.3571428571428572,0,1
0.91970199416523324,-0.13857525551941735,-0.36734879948928645,0.23050364775943652,0.94799599323696926,0.219480443721632,0.31783063146601431,-0.28653184005338572,0.9038159073271137,5.8749996392422519,5.3950356287397909,0.32568607723122939,,0.1879260668065733,0.3435114503816794,0,1
0.37596014760915258,-0.8381672436953217,-0.39513243223746086,0.92123494932147654,0.38405600757972641,0.061863973284767858,0.09990062841825105,-0.38726819471537893,0.91653871156843647,-10.06627190394623,-11.379532624630704,-4.608637608262673,,0.3739425157601572,0.5116279069767442,0,1
0.50136599377685864,-0.63770441609750561,-0.58477792192753164,0.85267921933243829,0.47888238335805755,0.20882962392326018,0.14686827159998403,-0.60332805388034616,0.78385264571741231,-1.8160391969251082,14.941712090039662,-3.0187036833845848,0.6823916334293783,0.4866268849386731,0.34375,1,1
0.88999780083704672,0.35185174450720386,-0.29000735230758851,-0.31756745868812786,0.93472779764562153,0.15948308214644799,0.32719233439612339,-0.049842694507859255,0.94364234862399621,-26.923003543758398,13.616423028732452,-11.494221579985982,,0.5977909418201095,0.5789473684210527,0,1
0.93233553677448744,0.1756922205085637,-0.31604222901409762,-0.13212233774921406,0.97911289087837627,0.15453683956737552,0.33659194098360662,-0.10232394914466682,0.93607460957785216,8.3139452254370756,-17.643158377922944,1.6657948558619942,,0.1672185912009071,0.375,0,3
-0.9284412156948082,0.15356490703963976,-0.33825246240796558,-0.13708450851734488,-0.98792170177308514,-0.072239523048871004,-0.34526040393260182,-0.020700978036729222,0.93827859561252802,-6.1279928437949795,-2.8078870678960848,-3.401372159559624,0.5594418380591242,0.3846362329205268,0.5142450142450142,1,3
0.088203677313831955,-0.83152944140183971,-0.54843313119309467,0.99609051592030684,0.070933788553720442,0.052650562532928415,-0.0048780530885928243,-0.55093301382596505,0.83453521128512254,11.663945435338805,11.958263978258389,1.9076192790315065,,0.2341304115553397,0.1111111111111111,0,1
0.71074644123366459,-0.51693103384062211,-0.47709726736394786,0.66549907837696498,0.71387196093360927,0.21793990013812012,0.22792646391564764,-0.47240780015286488,0.85139908233544592,12.751843793981539,-11.804821364783022,3.2801008296349168,,0.3386779772188446,0.2173913043478261,1,1
-0.40436893614505409,0.91084676954713462,-0.082728023586119595,-0.90790098426750288,-0.41068791782319769,-0.083971643547960842,-0.11046070001143543,0.041153329872502538,0.99302811500651278,2.7457293308262289,24.814075811027013,-2.1020056586666995,,0.4336536576682797,0.1,0,1
-0.90814995004127841,0.32521208342042318,-0.26362998508775715,-0.27917864178569524,-0.93970791793922159,-0.19750522760936656,-0.31196627095043133,-0.10576450141555437,0.94418796647150771,10.265831373904327,-9.8001279080409347,2.3066910830546066,,0.2963345260533319,0.1666666666666667,0,1
0.9365741578097132,-0.022577128547989558,-0.34974150481399047,0.12434641773853804,0.95440681828987883,0.27137721643016449,0.32766875853309541,-0.29765399118493086,0.89668014710545563,26.477727028423626,9.3752038569877314,7.4429519968314208,,0.5174728935634518,0.3571428571428572,0,1
0.87594833671758632,-0.29072510791588091,-0.3849589887624299,0.38023543572447732,0.90718886948296584,0.18008156070412862,0.29687627864332655,-0.30411719240042528,0.90519456939675214,19.895301557155808,2.1002081598797155,5.4613328884868473,,0.8593788560556899,0.5490196078431373,0,1
-0.9429669560583317,0.096404237603881129,-0.31862131559909829,-0.034604162386773704,-0.98034955131368884,-0.19420944669237969,-0.33108287743040349,-0.17210746704040727,0.92777322016823749,24.737171946344962,-16.296656301694647,7.5892249119901205,,0.3094191051947457,0.2,0,2
-0.6018067861015588,-0.62824193598512035,-0.49309295479836296,0.76059151999222496,-0.63915308431729978,-0.11394680567528064,-0.24357572111774597,-0.44361628089752375,0.86248215251367333,30.60569962616113,17.09026427715979,8.3892120346424512,,0.3124432337277493,0.25,0,2
-0.60338289258625799,-0.70672987778346241,-0.369407586254549,0.76172035685566408,-0.64788907645187743,-0.0046736031082531566,-0.23603216493927284,-0.28420525058926238,0.9292557197303517,23.088300231340643,-12.053792698511343,6.914427832745889,,0.1062187078806547,0.1578947368421053,0,2
-0.48815959560090738,-0.78738905852897745,-0.37645541533043414,0.84859047981081581,-0.52901520815133429,0.0060915612983000345,-0.20394706861636661,-0.31648282742267658,0.92641470905277601,-10.067556159130502,-13.392215262262608,-4.5606206478121951,,0.4921098685830811,0.2,0,1
-0.16596922955922,-0.7946922058688759,-0.58388227646570845,0.98159242465302887,-0.18987457012230397,-0.020590276458986954,-0.094501464027316379,-0.57655177178821448,0.81157718532778089,-18.890863847410362,10.292299130325549,-8.4200110214309074,,0.571324500674924,0.1363636363636364,0,1
0.10786356314877461,0.95303627382161493,-0.28299701857981413,-0.99138924998341404,0.12437177203264893,0.040975814071038681,0.074248277839797927,0.27614040468876011,0.95824509919756595,17.126889543020411,11.447404899203043,3.8995424932089691,,0.8249174052014028,0.5789473684210527,0,1
-0.39231534236403359,-0.79938759236201073,-0.45504741436850066,0.90361584838618381,-0.42741447611985894,-0.028200428161704306,-0.17195077985024651,-0.42225151601960353,0.89002055399189373,5.3034861109330498,29.203936913834347,-1.5977309345417843,,0.1712865755741036,0.2307692307692308,0,1
-0.17347180227938283,0.94357203087732178,-0.28209813250000371,-0.98450121517036882,-0.17364571546477581,0.024587045955017713,-0.025785483164190132,0.28199111341808825,0.95907044621926307,23.142832262169346,10.63019272310005,6.063063455980882,,0.08947576133770781,0.2941176470588235,0,1
0.68997335838223961,-0.58651156980440167,-0.42419446390577786,0.68969363929662919,0.71056395648194626,0.13936121290550932,0.21968033283957183,-0.38871974767729506,0.89478349846719629,16.145195194266105,28.821954318988908,2.2779675040391565,,0.09941581523936971,0.2666666666666667,0,1
0.38330463325493841,0.90470862782466122,-0.18595659941210749,-0.90804463533348123,0.40594409734080689,0.10326824330955896,0.16891565459536836,0.12927369637236921,0.97711606938932383,-15.742213411637055,33.075865616619467,-9.1026365335791724,,0.1305336401659752,0.4444444444444444,0,1
-0.55968096184072247,-0.68707522441568347,-0.46334097266179786,0.79688742018399272,-0.59965641209183596,-0.073366388691595022,-0.22743715726666938,-0.41029236335969421,0.88313788055046749,-22.886178031987498,6.3233348732914756,-9.6733064280509566,1.059857091434488,0.760092061537694,0.3333333333333333,1,1
-0.39201885722351065,-0.73574782772532432,-0.5522647459132618,0.90376349517965393,-0.42014432227043119,-0.081794212781689912,-0.17185098301094806,-0.53118159085324745,0.82964652544127737,43.249063763816039,-7.6113725287712111,14.404665091043185,,0.2567409681622044,0.6,0,1
0.82250553954969197,0.52610702062039605,-0.21609266591904416,-0.47745910591288981,0.84515393449803267,0.24030736398071265,0.30905895811468298,-0.094478727004680588,0.94633838057675801,-8.3368450954501121,18.627126635192216,-5.4436302848547502,,0.2673359303307647,0.1,0,1
