axis_00,axis_01,axis_02,axis_10,axis_11,axis_12,axis_20,axis_21,axis_22,location_x,location_y,location_z,dbh,dbh_approximation,score,reconstructed,number_clusters
0.054824246895235768,-0.97820681233514484,-0.20026416118089185,0.9984549997379214,0.051890026083176881,0.019875580279224536,-0.0090507154810494719,-0.20104441671979664,0.97954031415510368,2.3657397112016363,-3.4551694224262093,-6.011245065187441,,0.07831677108827756,0.2735849056603774,0,5
-0.69032547028445657,0.7106801804412527,-0.13558918173856599,-0.71530895931160043,-0.69853695743400945,-0.019473361995138761,-0.10855338688912783,0.083545198706011445,0.99057375392651803,-16.154694162243594,-3.5025984160513128,-9.2414804195344118,,0.08659820306596899,0.4871794871794872,0,3
0.8243680153906513,0.54948232556033993,-0.13596524959591519,-0.54562763664860425,0.83530055431193617,0.06755343138161897,0.15069126492978155,0.018497509642463033,0.98840780288850894,-13.700604501984074,1.6767476683360949,-9.0039220870117589,,0.08156458496656779,0.3043478260869565,0,1
-0.93355185996653622,-0.29933751757853311,-0.19717498655494115,0.31840845706974397,-0.94516449996076057,-0.072664451283899228,-0.16461160110844197,-0.13061821689123829,0.97767167402797761,-4.1469160923038535,16.881024841686227,-8.188238292388073,,0.0820157363064689,0.2666666666666667,0,3
-0.51250256297343311,0.8557221063248881,-0.071279728482640942,-0.8554244619671395,-0.51602185375497123,-0.04438959692893571,-0.074767057009705012,0.038224641190989686,0.9964681449960795,-4.8335731909615953,-8.7505584912850516,-7.0436362147707277,,0.1510567458608397,0.32,0,4
0.075331230571725374,0.99484539195779353,-0.067881159395626056,-0.99675272359112688,0.077067905466611436,0.023335508579436164,0.028446681954509688,0.065902837930807701,0.99742047414239765,-11.492989546951167,9.9359828424257621,-9.0333584452964626,,0.0672771980122422,0.2307692307692308,0,2
-0.60337557473881642,-0.77398923148602983,-0.19203797893194585,0.78897621356707826,-0.61441831712833828,-0.0025818602858979308,-0.11599331978160708,-0.1530712289127,0.98138409842690877,0.85811250735403277,13.581474171657991,-7.0910842233708635,,0.2114529631919389,0.8163265306122449,1,5
0.10942088917442258,0.98734951281545869,-0.11475194357985365,-0.9932973747671654,0.11293899394638304,0.024598961909713356,0.037247742118622286,0.11129116402236995,0.99308956419731342,0.14838077778214567,6.1928611847685282,-6.8488750167340733,,0.09023068367674936,0.2605042016806723,0,6
0.88299736598524858,-0.40386535855078254,-0.2391828251061516,0.44742060373796921,0.87824570938813273,0.1688172896716624,0.14188183468599261,-0.25608054612559417,0.95618633062921032,-8.6125681201988726,-8.6909154123260102,-7.6961553022932279,,0.2590845696811058,0.2857142857142857,0,4
-0.86526491592654864,0.49326325629116535,-0.089487346924914779,-0.47820569261399759,-0.86569442592513202,-0.14796106404633738,-0.1504524536795292,-0.085232158926038817,0.98493631178194296,9.7580372615306672,1.3438016855156512,-4.9713388994711307,,0.6267265564894853,0.7428571428571429,1,5
0.96651579339012272,0.20564914566753056,-0.15347850016753736,-0.186701189379786,0.97388447425391922,0.12919634937311794,0.17603944731688767,-0.096215693591961651,0.97966966539491407,11.888452014254053,-10.222952320369798,-4.1059211089967675,,0.09920582698158598,0.2666666666666667,0,4
-0.93308339515562422,0.34470935706774136,-0.10261986569274902,-0.32137095673337063,-0.92719556550415438,-0.19242944545393809,-0.16148091482627774,-0.14657367587454578,0.97593036210966022,-11.696702213634412,12.483702583389999,-9.222249433354138,,0.2948267421977213,0.175,0,3
-0.44468715031275546,-0.84574216445264361,-0.29491274915418464,0.88853962534853104,-0.45805067333286204,-0.026209060357153428,-0.11291887588979074,-0.27369649600656198,0.95516467456743648,-12.618509439777368,4.1034794598488968,-8.9653451780288478,,0.2079191063205641,0.288135593220339,0,3
-0.36872433570394519,-0.8531899576291665,-0.36892988556150702,0.92729173706108681,-0.36520103555315969,-0.082208503265377791,-0.064594106835826184,-0.37241791019181958,0.92581450708575574,-18.001375970916744,-3.317565608437445,-9.5841334724861031,,0.4475474146378683,0.24,0,2
0.49707988127508451,0.86315997380317899,-0.088693016949726117,-0.8620295698988345,0.50291367932630049,0.063109838904205712,0.099078818380013714,0.045085372024410153,0.9940576929825764,-13.685470958237042,-1.1182298368030184,-8.919505934230644,,0.06616230508193928,0.3823529411764706,0,2
0.98354342047424492,0.076310518392114446,-0.1637652124981076,-0.064723795263035747,0.99508344798742598,0.074965070987796478,0.16868067574139076,-0.063131896250496838,0.9836468844596854,3.7444939679991278,-9.6934662371985389,-5.4951943214853172,,0.3287570125732107,0.7348066298342542,0,5
0.92907417507419399,0.35498085469631646,-0.10397004380723811,-0.33957589011356176,0.92998514780327535,0.1407687455328886,0.1466608061609804,-0.095478885961208668,0.98456812373335467,6.4231253729174158,6.9109877727229909,-5.8204026778983975,,0.09926286833406969,0.2631578947368421,0,5
0.9418501571394633,-0.27784116218520727,-0.18900415363674386,0.30316857284888205,0.94518372721674015,0.12131173991598396,0.14493825558885637,-0.17155760082329363,0.97445415062311436,-8.4563090497753262,9.2830818802348549,-8.4905029288517557,,0.2568470518171901,0.2636363636363636,0,5
-0.95912271897022583,-0.19072064329774938,-0.20906756366125809,0.21327878582828053,-0.97273777994994948,-0.091067947015724016,-0.18599938029675264,-0.13193501308650762,0.97365157158558902,-8.5759796198023199,10.912250307366614,-8.5910241039104651,,0.5187468745046639,0.2045454545454546,0,4
-0.91439035355944531,0.38189187546451875,-0.1343461081372482,-0.37481169380740798,-0.92401716188724592,-0.075554475202080348,-0.152991749786237,-0.018731790945673395,0.98804992004721781,-10.124892706221381,-10.008692043490438,-7.9152928138385166,,0.1201496265797005,0.125,0,2
-0.91687931222100572,0.3629339667471152,-0.16616637025084041,-0.36878768102259785,-0.92950162277682369,0.0047307062079962638,-0.15273497682950737,0.065617597003057096,0.9860863845609239,-1.5469625556864395,3.9240030463997528,-7.0534561794616906,,0.1942050447300593,0.7424400417101147,1,5
0.82816847865626408,-0.53244365207680133,-0.17504493229821866,0.54864810568430511,0.83396695462122827,0.059028592468554006,0.11455228975971442,-0.14492369013695799,0.9827893451538301,-0.18684235105317545,-5.1584802696469749,-6.3817016461231502,,0.1709948024473524,0.1232876712328767,1,4
-0.029355623269366578,0.99952920931352052,0.0089222817459924299,-0.99916910348020083,-0.029595184341064448,0.028021914895129337,0.028272779011594952,-0.0080922674761932933,0.99956748905416815,-3.2526378355725432,-9.9886609805227096,-6.7027413566707263,,0.2424601025775207,0.3846153846153846,0,4
-0.29055042910520662,0.95184771712519267,-0.097807829698547386,-0.95681216639716216,-0.29003283755649784,0.019784624669084268,-0.0095355325572657832,0.099332152611759691,0.99500864170938941,7.6736297049090254,-9.981355812445063,-4.8089846248053369,,0.1730695896683579,0.1578947368421053,1,5
-0.72058861223196247,-0.66808179409023327,-0.18552295902876734,0.68240341030426588,-0.73072561086543231,-0.019122427420423395,-0.12279103194746181,-0.14038090336835871,0.9824538485052422,2.322909935108322,-10.186546546654467,-5.7497967014712508,,0.1759606710695957,0.7272727272727273,1,5
0.35369710750589151,0.92659474023522836,-0.12775188260990791,-0.93230072119267671,0.36027406807213164,0.03190550326154877,0.075589161958453915,0.10781828807380969,0.99129284036113774,3.5583227348583479,4.6048670723970311,-6.1685629346576558,,0.07145367225448776,0.2432432432432433,0,5
0.35208586382099838,0.93595120391881914,-0.0055577315816207574,-0.93462000684265578,0.35189123578040976,0.051555804623428125,0.050209434440693312,-0.012957702876982311,0.99865465033178336,-2.6893248217777463,12.483725016424685,-7.6371025277476763,,0.3638394611768025,0.2647058823529412,0,3
0.31632831143411588,0.93985727963208587,-0.12885919954669969,-0.94599934381433981,0.32266758279264052,0.03115882728206008,0.070863537084171091,0.11204429899521764,0.99117326143040752,2.1422148761612387,2.8176069357372464,-6.3456277909042758,,0.1251424926655683,0.4476744186046512,1,5
0.58683485758975873,0.79625615380461567,-0.1469727438877276,-0.8011016016432565,0.59734616647317895,0.037600282504342386,0.11773306146625308,0.095674944097592279,0.98842563266525307,11.782514708829893,2.9939646196096028,-4.7242530506539406,,0.08289006026100706,0.3103448275862069,0,5
-0.97640004483961773,0.15100694500462541,-0.15440160296306121,-0.14947960457661821,-0.98853054398648799,-0.021522347023410302,-0.15588072444279524,0.0020654699582027341,0.98777372590135304,-5.2731943782696726,9.0593074214132194,-7.9149450315579184,,0.1758883014066767,0.6459627329192547,1,5
0.037062216825672699,0.9992482732358221,0.011370159154323543,-0.99889649949145987,0.037372824442866125,-0.028443897357274761,-0.02884745028031574,-0.010303418286692083,0.99953072198103776,-3.6827625271696234,8.2810359144892569,-7.5926987205039236,,0.234034668681634,0.2295081967213115,0,2
-0.93287081783096804,0.32328400911267324,-0.15886940136923217,-0.32325545748015017,-0.94593360792629755,-0.02674917951708633,-0.15892748802104709,0.026401872046797038,0.98693717870173736,-11.09789306863188,22.729453553548623,-9.7449459942361258,,0.136163123798991,0.4,0,3
0.44499852240290899,0.8953243856208738,0.019249923943592023,-0.88980132592867922,0.4396213300241702,0.12242012319608882,0.10114304442122386,-0.071605381783675912,0.99229166773929034,-11.138358403861606,14.939470738531988,-9.2485328853214597,,0.4240220111154943,0.3818181818181818,1,2
-0.069287353653732134,0.99655493470669354,-0.04557987204239148,-0.99678605828296674,-0.067317156747515899,0.043427576724209369,0.040209658496054984,0.048442362856992306,0.99801629287525295,7.5837379718622824,8.1784869274235632,-5.6651078017267524,,0.3517559350067093,0.2195121951219512,0,5
0.57651746929297598,0.8164593225051896,0.031965329567960568,-0.8105631658267628,0.56654519105071666,0.14837082159980822,0.10302893673583848,-0.11144828931694295,0.98841505300324561,-2.463490024516322,14.716818593650402,-7.7222205386747822,,0.1406817945999275,0.2222222222222222,0,4
-0.91853390328299656,0.37484394032313595,-0.1256482746508166,-0.3664305084905114,-0.92652345857527318,-0.08534027863265338,-0.14840536030442855,-0.032346578068455457,0.9883974645456014,-4.9314278844851893,13.185217140943418,-8.0713197174685902,1.001169241545434,0.5391342564963105,0.75,1,7
0.1279789916836776,0.99120687165905652,-0.033620161562599012,-0.99069105603618235,0.12935122567382715,0.042420418510336393,0.046396219431572773,0.027878270974805826,0.99853402186901585,-11.601843960390291,6.7787127460276624,-8.9289144851799751,,0.1976575074696862,0.2773722627737226,1,4
-0.89173613210422908,0.4307511522764389,-0.13878081824339877,-0.42886767260036002,-0.90225777657097816,-0.044759624836943894,-0.14449633247296481,0.019604831795087301,0.98931110398708622,1.9741126321860418,0.38282053223363832,-6.3290956094835504,,0.07783975861105588,0.2857142857142857,0,5
0.72862258464980445,-0.63511441259579782,-0.25639581129834083,0.67819709864648781,0.721320003503784,0.14052098751712672,0.095696523059753291,-0.27627366044991886,0.95630279724357103,-2.1737776933056985,16.405115535916053,-7.7684854784476167,,0.3250766694937182,0.6153846153846154,0,4
0.4931816314456654,0.86928110449824292,-0.033499847266941753,-0.86414996137202993,0.49397384687632456,0.09609725731219923,0.10008357839982079,-0.018444510416987619,0.99480806056754811,9.5642425237488045,-7.4511091097951647,-4.5936284961236566,,0.08166786438672224,0.3214285714285715,0,2
0.76332221827957547,-0.57640679495674785,-0.29170944072559429,0.62935212548112074,0.76540529239836042,0.13442708254283331,0.14579126597003481,-0.28619913538700859,0.9470137072242325,7.7816710476787652,-5.0868049876903578,-5.0063088165506073,,0.3106540945160514,0.5959595959595959,1,3
0.53753378700205068,0.84124303874060813,-0.058030833198418702,-0.83659054368840224,0.54065612200778679,0.088358474107726001,0.10570567649080449,0.0010523810953074267,0.99439690388277668,-21.992696614437403,-6.6617480739336674,-10.121806881089432,,0.4252203171538653,0.4222222222222222,0,1
-0.58850267974793347,-0.77090663205096221,-0.24365459279345067,0.7985337697508853,-0.60139028401784,-0.025952742752570184,-0.12652436325443561,-0.20983967915716745,0.96951477273648368,-10.920974880970633,-7.6954191760080288,-8.1878653074405872,,0.5961588901280355,0.8071216617210683,1,5
-0.12254906736972171,0.98735693950492021,-0.10053855030926712,-0.99237425458633433,-0.12325833350090244,-0.00084973925312236396,-0.013231210112057004,0.099667734167372041,0.99493280066792111,-10.606492704175,10.352755431604427,-8.9117603109651888,,0.5704109931699766,0.7560137457044673,1,5
-0.0011038498869103976,0.99852166153297017,-0.054344024187248999,-0.99987529215411641,-0.0002459569440410139,0.015790492231173448,0.015753782248978769,0.054354677394119609,0.99839740954703682,9.0254597625969151,-8.7218997874775344,-4.6376480142882999,,0.0976684183632231,0.3421052631578947,0,5
0.98410860327049166,-0.051079658099613498,-0.17006212246538044,0.066947458099109264,0.99378666633640378,0.088916250854649576,0.16446365806180863,-0.098888474254614403,0.98141366142749631,-12.324482398506557,9.1530681101129918,-9.1523189268912777,,0.07890758598516665,0.25,0,5
0.66184497150903365,0.74958358477882647,-0.0092565176135010474,-0.74222873728284011,0.65698319069126532,0.13217257166539537,0.10515576655479131,-0.080607298548254033,0.99118349874330813,0.59849312949701017,10.439869865265695,-6.9839327330944183,,0.4027696979553813,0.25,1,5
-0.69873827756141782,0.70776034295123147,-0.10411587974971781,-0.70733993848619292,-0.70528677379099136,-0.047336858132358786,-0.10693470387508139,0.040569245261027745,0.99343802295165784,17.404094834517046,-4.4872939364750728,-3.3410594580045578,,0.3238480171629825,0.8695652173913043,1,5
0.062869887495084709,0.99028005707309585,-0.12406766625378764,-0.99774051869605318,0.065315502184511542,0.015739838833859848,0.023690390424942583,0.12279777578478739,0.992148916072493,-14.487102829182932,9.9811294579135108,-9.5821790651697292,,0.3866339807071373,0.9037656903765691,1,5
-0.59572507906811278,-0.72788612075214376,-0.33954885566835002,0.78439498259883011,-0.61815676688156629,-0.051056075371201277,-0.17273141417551016,-0.29675580327084455,0.93920170984831786,-14.990336829234234,8.9978344623971367,-9.614134885211536,,0.2852527960054136,0.2121212121212121,0,2
0.30173851855996831,-0.85400448507803983,-0.42382803810487574,0.95266042865491751,0.2874733060370262,0.098980836484503468,0.037309169010653349,-0.4336305314236239,0.90031804831681583,-16.603183134539218,9.7064315628050721,-9.9249003293623748,0.9180687370044192,0.3305163708593862,0.25,1,1
-0.94237092162634006,-0.27549702305677359,-0.18983792129071525,0.2906373753743412,-0.95515767478893121,-0.056601522305667729,-0.16573159659111047,-0.10851362393110006,0.98018254999398124,-2.687942489883111,6.5854330351517882,-7.3445661859900966,,0.5115618777929239,0.6956521739130435,1,3
-0.97815740424135789,-0.022521969726540563,-0.20664184815144596,0.069108956479271941,-0.9727976701779798,-0.22110776791112596,-0.19604092598780129,-0.23055900280824226,0.95310571373899233,1.2343024176822288,9.2568506330513571,-6.7893391277028767,,0.2890403185828125,0.1428571428571428,0,5
0.50011633275546308,0.86323301419920129,0.068647045878097571,-0.86027833406633547,0.48620786660318605,0.15337241730256054,0.09901940035810608,-0.13575961715378218,0.98578115456879223,-1.1017030348014503,-12.37009097377868,-6.233438765715352,,0.1056620020032185,0.6,0,3
-0.9807968502979898,-0.087609736964409893,-0.17424715904303678,0.093886215858841354,-0.99518647098571877,-0.028093886144460008,-0.1709471173119029,-0.043913801429821132,0.98430110287794181,-6.0604399445182189,15.932318077379355,-8.4229611737042394,0.1194061789949133,0.1514782044079006,0.4,1,4
-0.43872555817249304,0.89003250530535649,-0.12394363277758798,-0.89649245576283276,-0.44299097867922016,-0.0077633478057479678,-0.061815543082308265,0.10770855262558256,0.99225889077636498,-11.375384437648187,-6.5775707250230573,-8.2853668968376404,,0.06295020691060287,0.125,0,1
0.14835637035654714,0.98719117160271241,-0.058685416282873139,-0.98783587457470468,0.15072619524652919,0.038234787428893517,0.046590474110686252,0.05229918523426786,0.99754404561702037,16.704611589871934,7.6399851666047063,-4.1085713294979476,,0.133089635702798,0.2666666666666667,0,5
0.62379935969417999,-0.70544946519666585,-0.33647497811704968,0.77743068877024613,0.60436719131752359,0.17418904161051188,0.080472871225971132,-0.37024498661387162,0.92544193058448698,0.81794073282730206,-11.327642930080831,-5.9245058851930548,,0.3610923903304952,0.4,0,3
-0.85039065535707203,0.51194197463924185,-0.12145430368597235,-0.50755895297968712,-0.85900738471003157,-0.067009120750811252,-0.13863492536707472,0.0046612891035454932,0.99033258547437497,-18.098119995233731,14.921271324068341,-10.393712051221758,,0.3522271917339965,0.8159999999999999,1,3
-0.95298681961024179,0.2589372068305611,-0.1573773953525249,-0.2549301998942588,-0.96588874639741995,-0.045492007701298562,-0.16378862851562997,-0.0032330328808881708,0.98649015842397592,-4.5014177517958691,-14.737123131375448,-6.7581169055601915,,0.1225221717563474,0.2758620689655172,0,4
0.76843157903693193,0.62727241491436425,-0.12665790866073029,-0.62551209788750639,0.77803695779488136,0.058250387995769114,0.13508339548286133,0.034464616533314778,0.99023465222745721,10.954204794179416,17.456345669394373,-5.5450358697609996,,0.3440669146740315,0.7352941176470589,1,5
-0.74468665620067898,0.66574150794183717,-0.047223179477650916,-0.65339841938940624,-0.74164515636305883,-0.15176616086149794,-0.13605987511414031,-0.082162684027123969,0.98728770059055315,-10.663042246176616,6.7875280161229599,-8.7623911776953296,,0.1746982198321051,0.3140495867768595,1,6
0.79741740151669616,0.59014365428068738,-0.1259204315057611,-0.58162484843418172,0.80727122577719634,0.10012843610133375,0.16074210227030059,-0.0066057054445510608,0.98697433665384882,9.2914031318301866,9.9818860275798311,-5.4353404104548133,,0.1578694067361575,0.2631578947368421,1,5
0.75126440050820498,-0.60789931840091582,-0.2570218263431141,0.64907915115107651,0.75106032929222533,0.12084964751480523,0.11957447917530739,-0.25761754686192578,0.95881966160420284,-19.141362037653575,10.140082141287666,-10.3355633396716,,0.8522106679905042,0.6984126984126984,0,1
0.98117522336177065,0.097250466051355636,-0.166845820786063,-0.079571278039892265,0.99078897454349213,0.10957015850200763,0.17596474866313164,-0.094231389546430025,0.9798759372757716,-5.8981768110012345,9.6920849258945143,-8.0700925765889693,,0.08250941323558116,0.2096774193548387,0,3
0.79682180941411651,-0.57717648758530837,-0.1787241064341899,0.59100906269543596,0.80603295694543897,0.031924287457274776,0.12563157188332791,-0.13106553512071201,0.98338117413831228,-3.6249750973593402,-3.9244643756562647,-7.0437555665100886,,0.07343363297144012,0.25,0,2
-0.37729100999566728,0.91940509571513218,-0.11111149242764144,-0.92497794447249526,-0.38000440485366921,-0.0035290977949094665,-0.045467527048285668,0.10144418300157618,0.99380168128216417,-4.5911535618970607,11.338465084977345,-7.9329185423839936,,0.08004264901899952,0.3762376237623762,0,2
0.93702729468562163,0.31217313618642895,-0.15661347980833518,-0.3083263097856882,0.95002206673940592,0.048917884276912786,0.16405711111709337,0.0024506635262595135,0.98644779818305439,1.8778647252470797,6.5080629339905931,-6.574362692730328,,0.1673893711865614,0.6685714285714286,1,5
0.083061413362765929,-0.87527131868645647,-0.47644613577512662,0.99654441958568873,0.072883180610374895,0.039840454022734645,-0.00014629696473235178,-0.47810894226001055,0.87830052825226679,-6.8277448817584778,14.499111932900773,-8.4776727717492122,,0.5390040759530143,0.2222222222222222,1,5
-0.70856518648507427,0.70411337097013327,-0.046472974108051998,-0.69728213936996641,-0.70875681323715656,-0.10705791799560489,-0.10831894855940527,-0.04345273882031192,0.99316608121300598,-0.32646217128503791,-18.373684475783847,-5.9102094118870987,,0.2106887441450057,0.4117647058823529,0,4
0.82910423159899627,-0.49844124286195185,-0.2532636976727437,0.54226182886403806,0.82722211211444641,0.14715871087347679,0.13615536016502322,-0.2593451457867435,0.95613901356193287,-12.399674141758084,11.321970128381349,-9.266469848297751,,0.6350446707266763,0.6891891891891891,1,5
0.9807111300460879,-0.12722153792999844,-0.14839258637293584,0.14036870151066974,0.98671966742612371,0.081736928928647215,0.13602318567042823,-0.10098999059908938,0.98554488216359903,-10.378995872701649,-10.573871321948729,-7.9421029664000571,,0.7520104561255789,0.1481481481481481,0,3
-0.8071728253221595,0.58061746626219068,-0.10656166258423733,-0.57652720370689059,-0.8141564432898788,-0.069033826748114577,-0.12684010977351212,0.0057134683729714543,0.99190672083205234,4.5862951493868289,1.1356354941304425,-5.8628751724122159,,0.5467519969330017,0.8540772532188842,1,5
-0.80613203834446001,-0.54863084601408774,-0.22171001681582395,0.57173475825300035,-0.81873685531582285,-0.052814088583836349,-0.15254672385859275,-0.16933445174985659,0.97368133415948077,7.3497551844062317,-7.6030802370358073,-4.9742594516283196,,0.08415008984449945,0.1111111111111111,0,3
0.82971359875501527,0.54734944042648792,-0.10947115650166567,-0.53768774882896164,0.83638192303606074,0.10656999379630594,0.14989072286250699,-0.029561273370949097,0.98826054374160033,-1.8865661654607779,24.120405414780123,-8.2198153729720698,,0.348931577734075,0.6538461538461539,1,5
0.6622637750497381,0.73538185895725439,-0.14359740169460775,-0.73833003919125528,0.6731280338755149,0.042040495224522058,0.12757525420201649,0.07818037814858976,0.98874282955065429,9.1015651378657569,3.3350528153807324,-5.1648876247316711,,0.1080201236319959,0.5,0,5
-0.43131647073858553,0.89319676826921734,-0.12714415135206572,-0.90071007689344607,-0.4344041231241757,0.0037967348233538872,-0.051840712304266713,0.11615761260521035,0.99187698308895356,-3.5865043196963207,10.264243606237114,-7.6967707515236352,,0.185467582602106,0.4673913043478261,1,5
0.11050621227762532,-0.94491398258058323,-0.30810053971350559,0.99387179179915563,0.10590111780226855,0.03168303511607351,0.0026904486593729796,-0.30971360766348499,0.95082608436773575,7.7016477162895471,10.471541700916806,-5.7505327476270942,,0.1114204827261929,0.3333333333333333,0,3
0.11901624029196221,-0.92555562582700635,-0.35941886156230712,0.9928886074481843,0.10995603265697862,0.045627667943289825,-0.0027106726787992984,-0.36229332643911133,0.93206019004746277,-10.38279744119715,12.611880993670628,-8.9800043939048813,,0.2351016597857845,0.3076923076923077,0,4
0.82290102303293866,-0.50979124427601108,-0.25089199578874205,0.54653328161836989,0.83092990943201761,0.10419624606843329,0.15535532940584162,-0.22286402327610905,0.96239095421475529,12.14556908807436,9.1126733219619975,-4.9364500274939571,,0.1666721698028301,0.1176470588235294,1,5
0.50922896987105659,-0.84242442985119759,-0.17608786509566171,0.85741278226590933,0.51426996705089201,0.019228151146384924,0.074358436314221885,-0.16077151793573388,0.98418663980443499,1.1668655697203274,1.3451502063030654,-6.4576526754157717,,0.1679297654069388,0.7316666666666667,1,5
-0.65445023418825976,-0.70206457505386255,-0.28071377491204708,0.74586674494448491,-0.66033662239876689,-0.087397619560874384,-0.12400681334850447,-0.26657246214383801,0.95580407650821475,4.8791456325796672,6.0043147634755165,-6.0363281968249556,,0.07005116257709829,0.4333333333333333,0,5
0.79650433941467425,-0.54555187575250541,-0.26067985759647117,0.59119562895718203,0.79309167718677609,0.14660600219291459,0.12676184597707485,-0.27088510929910803,0.95422884674720188,-5.1589002165882949,-16.881755097192791,-6.7961845235548175,,0.2349790661391628,0.3157894736842105,0,2
-0.89673052921947416,0.41020380302267773,-0.16615413913440438,-0.40490919711709344,-0.91195932668447055,-0.066171962062485795,-0.17866980734235322,0.0079389205148096692,0.98387706218069082,11.03064882918178,11.069061668609343,-5.2114099841128159,,0.1848112677714118,0.6470588235294118,1,5
0.63806118830313463,0.75866708511866399,-0.13153772819515061,-0.75949826298935819,0.64821809471594116,0.054549887249952335,0.12665033950739699,0.0650965102012767,0.98980914112887208,-13.608182685710567,13.748086719043197,-9.6244002282523233,,0.1717327612667448,0.6666666666666666,1,3
0.96101151504541349,-0.21236948291650576,-0.17707645432381636,0.22948686312323796,0.96982351386647869,0.08232940911686569,0.15424865511237038,-0.1197562302239507,0.98074757084510444,-1.9393962001119425,-9.395248162800522,-6.4928688287301544,,0.221145870457864,0.28125,0,2
0.51079794381352739,-0.83832445713743409,-0.1905191989304465,0.85646589405611817,0.51542954827279319,0.028258681603332045,0.074509280727481544,-0.17760767250468348,0.98127665912980055,8.3646584637003194,5.426560361983797,-5.4004161243646456,,0.1382981694357997,0.5,1,5
0.96851617088709419,-0.14341602429423966,-0.203490222629579,0.1721611980825935,0.97627281302835722,0.13134655083581456,0.17982477194471191,-0.16224437900073213,0.97022668118213484,-3.6287016631398759,-13.659442777493327,-6.6149527476483225,,0.3358728654145462,0.26,0,4
0.75559163557315312,-0.60172991306770995,-0.25884820256554592,0.64249107411599826,0.75778223613400519,0.11389162515750575,0.12761857205422122,-0.25236321903017728,0.95918001738337333,19.60411119985303,15.139818943642725,-3.9502204142790158,,0.2315090440313341,0.2777777777777778,0,3
-0.98869905054034291,0.038286773337884251,-0.14494243839537682,-0.03420550539432346,-0.99894788204157536,-0.030546887981749888,-0.14595948362933825,-0.025243849786118867,0.98896844094573233,-19.564164111460055,-5.312951795597292,-9.7545715111117044,,0.1336299253555593,0.3076923076923077,0,2
-0.98004074111821571,-0.07738925358296507,-0.18311485242418227,0.10192395879932316,-0.98644427959674152,-0.12860478169002826,-0.17067997062084467,-0.14470171623286807,0.97464340194151533,-14.979514213543535,20.587250169438772,-10.214008919693477,,0.1061994842989752,0.2307692307692308,0,1
-0.97020469583510061,-0.16034476326000799,-0.18163811569880289,0.17923860416867973,-0.97942053250112149,-0.092784391418402459,-0.1630226087240142,-0.12257641457601866,0.97897837138238386,10.85702874937817,0.52732243545470647,-4.7239209748824527,,0.2609295447236292,0.2,1,5
-0.6649146484134405,-0.65183383109510451,-0.36469325050665607,0.73845704392473721,-0.64698409320701578,-0.18998099224668724,-0.11211469396636041,-0.39563144437339143,0.91154048490445816,-7.1771961442463166,17.54342150008188,-8.7421413620663646,,0.4011063097147926,0.1428571428571428,0,2
-0.020504879275321599,-0.9794841983588003,-0.20047507349125132,0.99964314068774685,-0.023519333981323529,0.012666183521986589,-0.017121366821669592,-0.20014381353040397,0.97961692140533418,-7.631175126566565,5.8106579646924335,-8.1729831828355355,,0.1098903672681141,0.5888594164456233,1,5
-0.93656018411233322,-0.27346971071797604,-0.21924720945840667,0.29960385492824548,-0.94923948353527299,-0.095822403485942287,-0.18191358291124601,-0.15543075698687953,0.97095248500370945,-1.2315851953707941,12.132699181881485,-7.4059602333598287,,0.2877815139104575,0.1666666666666667,0,4
-0.93580537047699375,-0.29709788421198174,-0.18973970534176571,0.31656376912600054,-0.94506255739960432,-0.081511610694796968,-0.15509896409440149,-0.13634371932026706,0.9784450426767769,-0.71245536179558278,11.116694555607184,-7.2476869603727101,,0.1520101972301407,0.1914893617021277,0,4
0.93404813826867084,-0.28077684308359951,-0.22072254027361848,0.31899871153191273,0.93379538910122895,0.16206786644571333,0.1606047864722934,-0.22178939488012892,0.9617772958855374,0.062852076901068851,-13.175560797111906,-6.0050517517922977,,0.1075590857234093,0.2105263157894737,0,4
0.98340301194002733,0.064963139885722693,-0.16940574536735933,-0.038367904303919557,0.98704591842879741,0.15578272957031136,0.17733138477609611,-0.14669746204089396,0.97315642864040741,4.8873469394820708,10.074140155597544,-6.1974352307084759,,0.163896367762219,0.1857142857142857,0,4
0.3444920782753696,0.93865359706102247,-0.015957215606773368,-0.93604159233256912,0.34473371636282657,0.070603131844019396,0.071772873908088286,-0.0093856021159378911,0.9973768420431145,-7.5256805224025296,8.8700222368659496,-8.324051476644545,,0.08163897297997308,0.1735537190082645,0,4
0.96167018058955944,0.22908568924327238,-0.15069907348348149,-0.21963730324199612,0.97255122226122581,0.076834725891230499,0.16416430424860454,-0.04079052662238964,0.9855892725412756,-4.6598818804628772,11.232376449842395,-7.9352310624171416,,0.08307203989504441,0.2840909090909091,0,4
0.93490871445948998,-0.26043989217411889,-0.24107417570539705,0.30991953469786587,0.93011578358213243,0.19706473845935427,0.172903376601967,-0.25895113766061878,0.95028876172661814,-8.665026357921283,12.074680551572595,-8.6714868436466475,0.3745447109468945,0.1274898918473314,0.4166666666666667,1,4
-0.5106481628473829,0.85571998071684163,-0.083556976863463542,-0.8550557695986355,-0.51561685659466749,-0.054944408919566402,-0.090100414298042011,0.043388613683812277,0.99498710722597761,-6.0683023267060019,-0.18352085247186151,-7.688144660458029,,0.2288244319115486,0.1621621621621622,1,5
0.93848310450817207,-0.29052496104325376,-0.18666737680569673,0.3056657502277661,0.95039622677270208,0.057580042322911487,0.16067953102495955,-0.1110957206512803,0.98073433159167644,7.1183528800623357,-12.71787538185094,-4.818705567693784,,0.08425013877300305,0.2307692307692308,0,5
0.88098141225763194,0.45106992642824634,-0.1428554259682345,-0.44069408619202105,0.89215251806425355,0.099260298745231332,0.17222216364895909,-0.024490936765045317,0.98475363434944629,13.080855226604506,-8.008331232975598,-3.9481693122781922,,0.4505628607292594,0.8583333333333333,1,5
0.70187590474520478,0.69525607980941173,-0.15488446605824857,-0.69968451171187207,0.71369089507451278,0.032968020235668326,0.13346084972237759,0.085230802975151801,0.98738235340499747,4.2655081849639336,14.237161398958865,-6.5567875339609616,,0.3475732188606339,0.896,1,5
0.048054688021585155,-0.97941231413014129,-0.19606699337060973,0.99884043909957909,0.046545823106804593,0.01229892559013023,-0.0029196195830324275,-0.19643066278346835,0.98051337091338986,-7.0806562341099042,12.303689727513023,-8.3930750482406982,,0.138729219095372,0.5977011494252874,1,5
-0.50770928693909523,-0.7467130402202502,-0.42971026927550365,0.85490849714759287,-0.49837904179901621,-0.14404788162391746,-0.10659616062804073,-0.4404974077795748,0.89140299095237252,16.42779523645223,-9.4249877422756754,-3.3330765919994958,,0.3480132799444287,0.36,0,4
0.96753034693659345,-0.17322497124790912,-0.18406014531374398,0.19246099140583095,0.97695968145032974,0.092241788835405764,0.16384075971454778,-0.12467112799935655,0.97857718923932047,4.1118602965815549,2.5642025810858295,-6.0338748530503059,,0.06928909694321628,0.196078431372549,0,5
-0.27238266946118012,-0.93773782938082328,-0.21553525169991025,0.95977126504840782,-0.2806637486639828,0.0081840682585182008,-0.068167442115579222,-0.20463534282724213,0.97646176387065797,-4.3611087641703161,20.749500674879179,-8.4121196376670486,,0.4252803976482696,0.8623853211009175,1,5
-0.42069804634959845,0.8986092984210392,-0.12455714587641706,-0.90559507326997857,-0.42414149346359342,-0.0012477145568542051,-0.053951061776150694,0.11227342656978279,0.99221165112061949,11.905816060640927,-3.4527533436093827,-4.3788179123336235,,0.2692170895215648,0.7702702702702703,1,5
-0.98550898451713975,0.021213715402141897,-0.16829147249588214,-0.015873413971533582,-0.9993288084034101,-0.033014654684071235,-0.16887888016233307,-0.029864878601076998,0.98518425325482073,-6.2106454947950942,18.734574211065606,-8.6009798971135254,,0.185305062902759,0.5333333333333333,1,4
0.85349462424261591,0.51296794300371928,-0.09171050015940807,-0.4955974399949688,0.85343689464443184,0.16133395281248961,0.16102827037321477,-0.09224617233361089,0.98262940106146257,-15.412982446211243,13.142307569935804,-9.8667523192271513,,0.1527524670703513,0.3,0,2
0.98276649576721864,0.088087746904124145,-0.16251327220499565,-0.081249717063901591,0.99552438282349909,0.048266827955919994,0.16603764113735164,-0.034230863986254009,0.98552511367103057,11.065252347470636,4.8433195002762623,-4.9064048034640608,,0.205546688136186,0.6825396825396826,1,5
-0.31206769232192161,0.94486527534202491,-0.099213743310647168,-0.94954291522449885,-0.31363704817164861,-0.00023272545370013625,-0.031336999789900476,0.094135080958246173,0.99506611789225019,-4.0441825591245335,9.3485371906987513,-7.7338683317441612,,0.1635589780275892,0.1944444444444444,1,5
-0.17630632957368297,0.9791193478265976,-0.10119970782504679,-0.9842183274946692,-0.17693648485288044,0.0027864227072534982,-0.015177680186807058,0.1000938711386733,0.99486222914764566,-20.505573187676436,10.352212647296094,-10.585259016125159,,0.1475809267119898,0.1176470588235294,0,1
-0.37623039566518585,0.92158687067439427,-0.095542289998700319,-0.92514422490581272,-0.3792965000186152,-0.015566894264838704,-0.050585101571922433,0.082533659038035584,0.99530364342985922,4.2254310931539107,3.654054833018054,-6.028979493462022,,0.06709412075187399,0.28,0,5
0.95575708079565591,-0.19387042226386095,-0.22122988469056279,0.24891104870348491,0.93379816918323666,0.25702970463230218,0.1567536039212461,-0.30072452278001749,0.9407407023491825,5.1259905544761892,16.789563014327012,-6.512985523734665,,0.2277564855580282,0.3243243243243243,0,3
-0.2477211523713736,-0.94841826074034508,-0.19783082005101552,0.96680784427652744,-0.25518581292287212,0.012759041040246452,-0.062584526148022054,-0.18810370431533646,0.98015313778494617,-10.379699431042674,8.2490728672148101,-8.7833621511721862,,0.1841210840724538,0.2906403940886699,1,4
-0.9677629044877839,-0.15860503025778699,-0.19565123325524125,0.18718408889057062,-0.97267038592427002,-0.13738426843034468,-0.168514324505596,-0.16957819648427838,0.97100265587358936,-9.7739168681502395,5.6804648869849172,-8.5398026161039002,,0.07541902820284374,0.2533783783783784,0,5
-0.8141462162526284,0.56071150351099841,-0.15089250608285806,-0.56536748095542866,-0.82471756939938556,-0.014161292387510044,-0.13238410040349621,0.073780353444578645,0.98844873888631768,-12.474095337156847,7.9021036995682277,-9.1115392283262349,,0.07919335220883383,0.3508771929824561,1,5
0.68509239717254156,0.71470295408014728,-0.1408832664495395,-0.71782859314084635,0.69526685932807542,0.036415727227503775,0.12397789402072552,0.076181899091487995,0.98935625537265415,-10.145670124976725,1.2203424506263145,-8.4095334792471288,,0.0709090379379973,0.2663316582914573,0,3
0.9844128545417925,-0.034807409322474413,-0.17239424604416853,0.048311044191693533,0.99603036102887399,0.074763379523661577,0.16910758357326219,-0.081926577891112601,0.98218667320070241,-20.525305075110783,18.890818823352408,-11.037948282419523,,0.07502889880015751,0.2,0,1
0.91941119777836589,0.38100683738241781,-0.097554288822174512,-0.35653145047525847,0.9121316874122577,0.20224022755247764,0.1660372675689426,-0.15116075775914034,0.97446500762824928,9.0691106196996341,-4.5299966368184101,-4.8110439623369423,,0.100766259884654,0.2758620689655172,0,5
-0.72765522235244628,-0.66048082749002912,-0.18515656591462995,0.67248748299808248,-0.74010326885687105,-0.0027814813101606408,-0.13519786460634733,-0.12653943237371212,0.98270509791107874,-6.6459622858364487,5.1355174291999255,-7.9709303970411787,,0.07319267721585318,0.2886836027713626,1,5
0.7985659316275131,-0.55107207305517369,-0.24209920103659141,0.58810834363922648,0.79999181311890344,0.11891877515622132,0.12814456284137962,-0.23734504258864039,0.96293629164799321,10.41536633221545,2.6469322610647565,-4.9419028624761063,,0.1240775693839289,0.1538461538461539,0,5
0.90081371470158222,0.40710100535227678,-0.15100802245808634,-0.40267874421616434,0.91335946829345704,0.060202247758587839,0.16243300268735217,0.0065767104131900372,0.9866976570956838,-1.0401433314550486,6.5422960164284785,-7.0606088173105812,,0.1472048197231894,0.2125984251968504,1,5
-0.97724279457628993,-0.1080829029332101,-0.18252289320042875,0.12593111268129356,-0.98802264465845169,-0.089177399048032346,-0.170698199485455,-0.11013328168928292,0.97914901059888459,3.745554080914868,0.8046978817163033,-5.9831207524798362,,0.07339594714287434,0.2307692307692308,0,2
-0.8897187372833244,0.44819386586192073,-0.086734232749897625,-0.43225433087122239,-0.8882079899434514,-0.15570086718989712,-0.14682221211396759,-0.10103873120917797,0.98398903084617817,-1.019458626397127,20.932542887743594,-7.8764771177144342,,0.4210952496349352,0.1,0,1
0.91014707306816534,-0.35328465434646283,-0.21638451513163254,0.37983867701835389,0.92011941446948664,0.09540881802682534,0.16539312206496995,-0.16902726442686564,0.97163516767044422,-16.094041994474296,16.76346776993979,-10.188305267804546,,0.2888108088010776,0.7608695652173914,0,3
0.46258933001397057,0.87275071039218211,-0.15594008229819356,-0.88163150382943445,0.47138372696764497,0.02287517006588299,0.093471938102705099,0.12689987966910973,0.98750160370871787,-15.657233600427913,-5.7875933162616633,-9.0815973874758029,,0.2997307659209568,0.1739130434782609,0,1
0.98175974244174735,0.11810934955983687,-0.14898989786984193,-0.087683470984649944,0.97659621292739696,0.19639614510460873,0.16869919097849195,-0.17974987744757653,0.96913908419833295,7.5820805621024583,3.9845627112689632,-5.4736955276881831,,0.08791723789317568,0.28125,0,5
-0.21574228377219246,0.97553272645580913,0.042322176296300668,-0.9763770455461741,-0.2149923116143449,-0.021590990649944478,-0.011963775461130718,-0.045980491084989444,0.99887069359166802,2.4294664447250511,14.783063592203561,-6.9234108334978774,,0.310301342174003,0.2352941176470588,0,5
-0.80098422390314306,0.58840149051414414,-0.11048963308389369,-0.56015723288801145,-0.80170032801377134,-0.20856763532690814,-0.21130108258484198,-0.10516781838255165,0.97174666579059032,9.8504233821184979,11.270011784599163,-5.4038408709893355,,0.3731892928520658,0.4090909090909091,0,2
-0.18814774187837491,-0.94717830344328224,-0.25971847972829126,0.97911816087911652,-0.2016221848064472,0.026002338944269687,-0.076993858604217563,-0.24940279886196406,0.96533423727590517,-13.843298223727595,9.0890363985129365,-9.4145231028003575,,0.1396440590757259,0.4339622641509434,0,5
0.97128350519690276,0.16934948615025405,-0.16712002894046807,-0.16412546203211331,0.98542648537177857,0.044693116254844643,0.17225325902624691,-0.015981034649503699,0.98492305348507703,4.2168845971441833,-6.0510230321535392,-5.5544632228060538,,0.2909927993220436,0.8827586206896552,1,5
0.40908306311165332,0.90860477698029174,-0.08419267618849792,-0.90856165416830292,0.41414124930956359,0.054797319234350189,0.084656766121464666,0.054077581943982871,0.99494162998687896,-22.681567290204114,10.848818633678526,-10.972463055995599,,0.135166852095853,0.25,0,1
0.98482338652888834,-4.3401943269377903e-06,-0.17355949218332681,0.018785859552324435,0.99412759543980411,0.10657117558680616,0.17253981809035246,-0.10821425029189197,0.97904018671712956,-10.599582568312885,15.955368394964751,-9.2154982164751047,,0.08653834215497007,0.25,0,2
-0.5130585651633699,0.85376498928280675,-0.088635499589230005,-0.85546208146100711,-0.51706552133236483,-0.028772796730433488,-0.070395567295854791,0.061062179163685448,0.99564846928063744,-3.7677012321819139,-11.734156228567832,-6.7172424608147443,,0.151093303958039,0.3823529411764706,1,5
0.40902624868610071,-0.83472647081194484,-0.36868583755226086,0.91079593794977654,0.39829030458067805,0.10869955239658716,0.056109600782431109,-0.38025853337284454,0.92317666808535093,-11.270057169752672,-2.194117646535275,-8.4801690423777742,,0.2299642532195112,0.2,0,2
