axis_00,axis_01,axis_02,axis_10,axis_11,axis_12,axis_20,axis_21,axis_22,location_x,location_y,location_z,dbh,dbh_approximation,score,reconstructed,number_clusters
0.91668829271363572,0.37690060824271676,-0.13277238232414848,-0.37046983461905192,0.92611478225675636,0.071158356662118602,0.14978209385334426,-0.016041869959300674,0.9885888846073061,-13.062081770634521,6.1756373460714507,-4.7896375781920382,,0.08812838803967746,0.4779411764705883,0,5
-0.88583426941951571,0.46215718698290925,-0.041332573619812948,-0.44550415816803574,-0.87203981199841107,-0.20266378893321282,-0.12970617632550382,-0.16111269599203037,0.97837569829447302,7.9134810975445129,-20.619633584355249,0.10493940832339967,,0.4145780761301798,0.2857142857142857,0,2
-0.091739356664517172,0.99466222559787543,-0.047232905981549327,-0.99547350531963585,-0.090424996645083633,0.029254404597837697,0.024827215820906828,0.049702886741294798,0.99845542334355875,-13.379599019984118,-9.018729630559049,-3.7166608359179572,,0.1110427155456557,0.2580645161290323,0,2
0.83529154270500527,0.54359381397283779,-0.082424535764272458,-0.52837951310280451,0.83511055997324835,0.15298837457274667,0.15199713424514114,-0.084238459337949864,0.9847846227219601,-11.557337465218495,-11.582542605448817,-3.3193488698791129,,0.07579390922825262,0.293103448275862,0,3
0.90744441077458782,-0.38346550339405872,-0.17175228982665985,0.40370689741023225,0.9090246588930555,0.10341620041254293,0.11647052132348415,-0.16318203709693069,0.97969701460784842,8.4434435608500209,-24.039682465501752,0.38045055933154409,,0.5090276074133678,0.9069767441860465,0,4
0.040796145464467984,0.99489263109288628,-0.092327282600087629,-0.99743489576761935,0.045990522627195281,0.054849799758215967,0.058815841575896248,0.089852793087092819,0.99421686384519159,-16.652703902394187,15.271529636965587,-5.9964566359133009,,0.12345727452075,0.35,0,3
-0.63047276056191659,0.77551856553864507,0.032787996192497747,-0.77299567081016218,-0.62345939760674507,-0.1173715146216629,-0.070581804299583148,-0.099344521946194003,0.99254666130167357,-1.31687848261223,-8.7146129095456999,-2.0247901119525724,,0.1766796602563193,0.3548387096774194,0,5
0.55731902598622085,0.82998292564471898,-0.022887691277257503,-0.82118574700051217,0.55506568683512936,0.13249925366377249,0.12267629028048101,-0.055049309137163015,0.99091881673855631,-8.1081356736107892,-21.963839048453298,-2.1545815134502933,,0.2322429040553488,0.3333333333333333,0,2
-0.97552975806664188,0.176309941637455,-0.1313639813884952,-0.17182856300772267,-0.98410800153448474,-0.044792703094414361,-0.13717374406620528,-0.021124530659886606,0.99032172456392176,-14.986139866532218,6.3186453403252649,-5.048942387878296,,0.0771036482366531,0.2222222222222222,0,5
-0.97643570807822944,-0.14905161305539785,-0.15606705172890309,0.15379116863627254,-0.98792681351948974,-0.018678532563309369,-0.15139875970184744,-0.042240120440322812,0.98756983944728249,2.4319610233913544,7.9149491608453149,-2.6515609513031899,,0.08588356129542925,0.34375,0,5
0.6770090200097415,0.73594142300526311,0.0070006235748353851,-0.72245666111247364,0.66272922633892362,0.19709476241246851,0.14041068207107574,-0.13849257908349916,0.9803594472942746,4.0080423275812835,2.6595842386293174,-2.0346825203767813,0.4363086187401937,0.2232069644426377,0.2075471698113208,1,3
0.4869019508145917,-0.85790803502042401,-0.16407404956402682,0.87263707592289219,0.48592120871367622,0.048837615082882611,0.037828878091859898,-0.16695622890336781,0.98523834355585105,-12.463226547331315,1.5023684926269523,-4.3095111655032383,,0.3860836603753016,0.9854570637119113,1,5
-0.60579324072080776,0.78642758398863799,-0.12060764751364816,-0.79342330369076319,-0.60839980473284139,0.018142181827914983,-0.059110156973381102,0.10668332926392853,0.99253446116482436,-6.7252615933416449,-1.5952030492795484,-3.2663722380330991,0.4710985889336423,0.3854070906924737,0.9317687961755758,1,4
-0.053263967267355501,-0.96806544970819852,-0.2449739473336002,0.99738168504072144,-0.063591428412852646,0.034436965280710809,-0.048915479515935487,-0.24249827899116427,0.96891788122113331,-1.6906661273670949,15.241139300484585,-3.8293666955282935,0.5614468039894466,0.5129714887993874,0.8839779005524862,1,5
0.57034819917666979,-0.80530338400263146,-0.16183136720005792,0.81971305667460781,0.57065045468408193,0.049280455416136376,0.05266342576305421,-0.16076230367458996,0.98558715763961668,-9.678414937468748,9.8947165734158169,-4.5753425471383578,0.2589929276473303,0.1769607042162366,0.803030303030303,1,6
0.72795976060317003,0.67908162034603636,-0.094460255402872464,-0.67347692460617214,0.73406273408715761,0.087067413235369026,0.12846563340281622,0.00023522901108357567,0.9917139334010211,11.281726528027438,-5.4828466653264787,-0.46025999149836383,0.7004648988629267,0.6409515856984159,0.6216216216216216,1,5
0.93431580901086952,0.34703781885812096,-0.081355524179752753,-0.32156902479475646,0.91911397941372641,0.22764633785504576,0.1537768881363962,-0.18653215574924953,0.97033933422624097,1.3239404898514993,-17.37193917304004,-1.0236652235910197,,0.09755546903297482,0.2857142857142857,0,1
-0.89235333520111748,0.43687625877581343,-0.11333428286926682,-0.43582252472639865,-0.89934252871876819,-0.035238373669057028,-0.11732114940005633,0.017948553027493392,0.99293181908309802,-12.582826108496574,10.926416587815584,-5.0957784071003722,,0.06919754321144937,0.1794871794871795,0,2
-0.9392190061609228,0.31398376250994664,-0.13885912050054905,-0.29657721479264243,-0.9457668496417363,-0.13254064201060939,-0.17294396240380158,-0.083302238858526459,0.98140263035577313,-11.124940586203161,-15.067114015879516,-3.0452384257914411,,0.2497035749903455,0.44,0,2
0.27909336619630715,0.95829932983696253,0.061394522387922153,-0.95910974358244527,0.27505375998371384,0.066737762054451921,0.04706795842639766,-0.077510151289032048,0.99587990427396489,-11.799114530977615,23.46593286361195,-5.9767669359369284,0.6547979871347311,0.4781887700513499,0.3478260869565217,1,3
-0.65705546201360865,0.74925600135937542,-0.083027491019792121,-0.75064799443785934,-0.66041923865176544,-0.019339536319191688,-0.069323216057119399,0.049617271645878896,0.99635958271595726,-4.8044076664108797,-5.4831235839492676,-2.7384828103018357,0.3091796843755816,0.1808295459804473,0.515527950310559,1,5
0.92128105669646387,-0.28180034850273605,-0.26801077992495564,0.35571279621439911,0.88916640455484663,0.28783938510971735,0.15719294253108149,-0.36051583681544885,0.91941215470738535,11.356689997263963,18.367225811781765,-2.1245050676736321,,0.3695080188915731,0.8524590163934426,0,5
0.96525018767512705,-0.20047835506504069,-0.16763205046633015,0.22292919664393379,0.96640931932510366,0.12788901753191842,0.13636219592255447,-0.16081497651650631,0.97751925548869567,-16.258553619824006,-8.8492002396646132,-4.1274438500393336,,0.4079846090413964,0.6290322580645161,1,1
0.65403407650064027,0.75238584945140852,-0.078453555185461488,-0.74438010489276629,0.65857895794971233,0.1103268579526618,0.13467622735950979,-0.013758259016122215,0.99079413809986605,-1.2787285839254923,-6.1547468814504862,-2.1711633810343347,,0.2105341788365983,0.3728813559322034,0,5
-0.092302237214337557,0.99491689476516243,0.040257539866181649,-0.99384110156696126,-0.094541529245434158,0.057807993254447319,0.061320158523927977,-0.034673790660724992,0.99751569732000667,-2.3411139473255527,-18.294284826479871,-1.5197855409918144,,0.3306278122157952,0.1538461538461539,0,4
0.9069292569584434,0.41154662608413817,-0.090048306100482908,-0.39260839203263886,0.90317604527823547,0.17358479697574578,0.1527677105227066,-0.12207541027712204,0.98069343876020776,-0.016333793536294907,17.664921438494314,-3.8046731440959447,0.5054471706652306,0.7321055358858197,0.8941176470588236,1,5
-0.85264603191239363,0.52155588612618087,-0.031212207726839327,-0.51118203188627409,-0.84506496580515011,-0.15671035015390924,-0.10810954879505091,-0.11766333845287026,0.98715128741417146,-2.4555008975504728,-9.4963834827239886,-2.1606406859012672,,0.07695549635908536,0.3333333333333333,0,5
0.9858008619049663,-0.062096701703056964,-0.15601493616005432,0.084570806388569342,0.98627359086203648,0.14181742726086444,0.14506701683777537,-0.15299805098662211,0.97752092408300051,-16.791025751882835,-7.7873243922978244,-4.274872795262902,,0.06400114144997443,0.3,0,1
-0.81347298078170915,0.58099760755628482,0.026523377462050943,-0.5715662046449016,-0.79016788999029908,-0.22123919032599496,-0.10758151907248757,-0.19513196981056757,0.97485882624711606,-7.9922893567167792,14.375220320964448,-4.7029337596916649,,0.5182172936348415,0.3684210526315789,0,2
-0.75554006027949805,0.65383556012655808,-0.040721955096007678,-0.64922450224359662,-0.75562129727162763,-0.086856207585271406,-0.087560053674066884,-0.039185653287032989,0.99538822656140669,2.3992863339648554,-11.791641695350002,-1.2606097984296443,,0.1211461632809497,0.4375,0,5
0.6565380937569123,-0.70070985726948243,-0.27921931769027031,0.75052434128484347,0.64380890463558405,0.14907483842312183,0.075305674321331298,-0.30743420472892996,0.94858487505214795,21.256816904563127,0.9226956496557408,0.47020980002022145,,0.2533495084153468,0.2307692307692308,0,5
-0.63193329765908246,-0.75528774001242749,-0.17378359271414526,0.76539767954711846,-0.64342279408122816,0.013171947486649549,-0.12176493523836349,-0.12468976639493767,0.98469577164867139,2.8672377117020864,12.00388843145814,-2.8990952592021952,0.1362133619764753,0.1070206868375491,0.3137254901960784,1,5
0.46622167077793292,-0.84423803782288354,-0.26438511529585196,0.88416946141385022,0.45469527579359703,0.10722205777790185,0.02969372324542164,-0.28375049191843355,0.95843828238226825,-7.3899525470084493,17.759215748553036,-4.9635824213586215,,0.2405188444546794,0.3684210526315789,0,5
0.86575422423326942,0.48278258918126388,-0.13187340446687984,-0.47201708497504979,0.87525785078530471,0.10546831813557428,0.1663415002755082,-0.029063141986459425,0.9856398120327573,-18.397229591447505,4.6214879747135811,-5.3882183140412483,,0.2758937495567338,0.7403846153846154,1,5
-0.54534298706433504,0.83128183808928802,-0.10757105615658387,-0.83683397185181518,-0.54730223094126995,0.013006596842528603,-0.048061731288663499,0.097112170553454835,0.99411231574502357,3.2587738039506853,9.7134683559689226,-2.669703967077409,,0.08737540452699366,0.4782608695652174,0,5
-0.87832393167926437,-0.41023477257868141,-0.24546792541348036,0.45415335650508282,-0.87636008061421955,-0.16042985345940888,-0.14930438645481106,-0.25238946189006756,0.95603753049354534,0.038448662909853298,-7.2496925134038825,-1.9155232205719066,,0.312276081486901,0.1132075471698113,0,5
-0.98959621377270901,-0.00097169229366975943,-0.14386934871890955,0.015182002655454219,-0.99509936235137875,-0.097707552641785711,-0.14306935549615984,-0.09887524898559788,0.98476131354554552,-4.9055812315789318,3.2028286655954705,-3.3495048698356369,,0.1367090725425003,0.2200772200772201,0,4
0.78992785516272279,-0.57848325726292271,-0.20339888078477536,0.60508076525092447,0.78913745653464651,0.10554308228105112,0.099454769424980285,-0.2064441710499669,0.97339075045847667,2.7078539127224732,-19.809772365956547,-0.69581732043668065,,0.1080415761551882,0.2307692307692308,0,5
0.75590642930693419,0.64331689847681173,-0.12144479514007936,-0.63936733857231476,0.76529934058451288,0.074339260608810714,0.14076532420804358,0.021454310408048766,0.98981050512990598,-12.686531804404721,16.181262037453472,-5.5444398990915227,0.4008696054072584,0.3685865226940784,0.6607142857142857,1,5
0.015103496615251111,0.99959932218056013,-0.023939078640515726,-0.99677340812007298,0.016939787635275788,0.078459011334361284,0.078833097457138984,0.022676831591636852,0.99662987314964491,-23.341936016756698,20.408097752272614,-7.4305410990594085,,0.1736545246533227,0.3636363636363636,0,5
0.98683262554298856,-0.055527357209135798,-0.15191471872501564,0.072373793793215638,0.99154437014281704,0.10771163358737573,0.14464924173983318,-0.11728799870171303,0.98250705963094154,-5.4730237230753547,13.456400325929916,-4.2805368505176382,,0.07539585788786873,0.3636363636363636,0,5
-0.21017567816215307,-0.9066390712683875,-0.36583025949021114,0.97506829627408353,-0.22163661332501683,-0.010910052015157216,-0.071189900338710602,-0.35900251542769612,0.93061764006833236,-31.372500521241161,0.84541663535950029,-6.9208937959333063,,0.4629800835577346,0.3076923076923077,0,1
-0.33686484482111445,0.94084443191036315,-0.036521654766885896,-0.94148339618045618,-0.33705812313319428,0.00091451978764199853,-0.011449499559370224,0.034692601130407764,0.9993324433774009,6.6159143794436526,-0.51559352450427354,-1.4301139384716806,,0.1194315367877582,0.3398058252427185,1,5
0.914738438169588,0.38956656510609922,-0.10719832595006495,-0.37231489897203029,0.91575569267134072,0.15090767821247,0.15695606308297849,-0.0981295199798045,0.9827183683894507,-3.3376147833739092,-13.684608943345157,-1.9390648681783547,,0.196234444319504,0.5056179775280899,0,5
-0.57332046867832687,0.81921585105670913,0.013748802562221071,-0.81762385300634643,-0.57096245148563485,-0.074115544851064127,-0.052866579135778455,-0.053733307835508483,0.99715488086833082,-10.046250933491537,-6.6181751942494449,-3.4107121313798539,,0.2350567455149803,0.1594202898550725,0,4
-0.90527121467453608,0.41672923106081933,-0.082587988600927004,-0.40176893959702054,-0.90297284752257534,-0.15238686233418053,-0.13807877120243514,-0.10477015136205972,0.98486418775727458,1.4657891073376417,-9.2660851871281231,-1.5586521506614681,,0.2230943363878755,0.303030303030303,0,4
-0.56866118464266335,0.82035169626423909,-0.060394962680583787,-0.81972389913454802,-0.57126723769890819,-0.041309470094804061,-0.068389957365515064,0.026016102095541692,0.9973193952607653,6.1205065183277672,19.064203844273177,-2.9140369124579095,,0.09034382761858843,0.5,0,4
-0.80897672837282697,0.57302694591430969,-0.13113646406440865,-0.57995651181629715,-0.81442746257002752,0.018930203739532726,-0.095953620843981832,0.091367540559355892,0.99118357289609293,-8.5995073574346481,-16.414270891263634,-2.601145083757479,,0.1331304664911582,0.5454545454545454,1,5
0.07501633355119823,0.99717761962713602,0.0030568963498088719,-0.99597020956872184,0.074773695575639412,0.049520057568599583,0.049151717692988033,-0.0067593908541897178,0.99876845128543623,-17.453698498198598,9.6639057626618623,-5.6635947232068107,0.7895729309957771,0.7504472498887133,0.6858638743455497,1,5
0.53679654105763386,0.83856311299882103,-0.093066530107698206,-0.83667771992161521,0.54328672584321769,0.069353633713919657,0.10871920941272505,0.040637901524115096,0.99324150862939142,-23.36519520354782,7.460190147899918,-6.3139822960437879,,0.09104977254295882,0.2666666666666667,0,3
-0.73344318795435659,0.67262664107525039,-0.098155446915473218,-0.67410844811826764,-0.73829867530912574,-0.022200590360864653,-0.087400744956385085,0.049884544225803309,0.99492343525944416,2.9449661729064629,-14.723850233770666,-0.98373692713574978,,0.08700410693229615,0.4583333333333333,0,5
0.046871841501995276,0.99451539042001591,-0.093499565196507248,-0.99773705153952708,0.05112883785786989,0.043664836247439547,0.048205875776961948,0.091241329215590333,0.99466135613260331,-9.9608471434977943,15.692931678806035,-5.1296506805281945,,0.100829787554248,0.4666666666666667,0,5
-0.98265038480993816,0.15179245130509811,-0.10657050698795473,-0.13212820381451829,-0.97617831387382947,-0.1720989171354565,-0.13015513431912468,-0.15503209748060898,0.97929805971478046,-8.3725032828741703,23.264954559976296,-5.5591461315397321,0.6813381620850593,0.351212832233015,0.3428571428571429,1,4
-0.98717507769519486,0.090969391039587608,-0.13118664517157244,-0.0626031276076464,-0.9765316602796249,-0.20607465852273005,-0.14685439861041344,-0.19521907275009179,0.969702686003998,9.0734604563168233,-4.162943063526173,-0.85191839051659402,,0.2274261782525815,0.1379310344827586,0,2
-0.68041864830762122,-0.69284162604194266,-0.2387487052504921,0.72147952862440445,-0.69044001700918423,-0.052534490463551749,-0.12844357831801834,-0.20799775031455142,0.96965931287898721,6.5806813106854527,-4.0963343371519239,-1.1875775909371722,,0.4051581106815398,0.4819277108433735,0,4
0.97104816642641778,0.20546414518959488,-0.12186034433482522,-0.17560497345640672,0.95979983797092594,0.21896840943012869,0.16195169581473304,-0.19122958995013001,0.96809239856030205,-13.16797248237512,8.6180842413572627,-4.9825939070065655,,0.5423858400786774,0.2183908045977012,0,5
0.026661307748996613,0.99942874095623524,-0.02076936252626602,-0.99869628780491426,0.027535010536906206,0.042983112025725828,0.043530442150257545,0.01959629927732881,0.99885989290832822,2.9736262587334519,6.1896968220800357,-2.4373604118934367,,0.1042631427756131,0.4166666666666667,0,5
-0.95495835080350577,0.26694863151169773,-0.1295877168742455,-0.26521887602850924,-0.96369776721328915,-0.030749979939755288,-0.13309205847390812,0.005004158485978444,0.99109104645790502,-3.573896745276143,10.638754980089539,-3.8048401360929618,,0.2617397038733696,0.3243243243243243,0,3
-0.88313218869987642,0.45207916806371706,-0.12530747417844715,-0.45628438612422467,-0.88981688210891852,0.0055204432070060311,-0.10900502860604346,0.062051125024286537,0.99210259631845299,13.520208555210008,8.031191033422683,-1.0304175185746092,,0.09625800079542636,0.2173913043478261,0,5
0.43378566395639628,0.89878226851289955,0.063406873071577594,-0.89620132356275883,0.42313253794706707,0.13334932686306916,0.093022499376593279,-0.11467034986115868,0.98903868755092295,-1.0346392655815104,-14.548312203691374,-1.5798783284164977,,0.09647138624137627,0.3333333333333333,0,5
0.9886060811135311,0.048223325232074003,-0.14259217120483136,-0.0167088756285802,0.97659615558412838,0.21443125325737766,0.14959555428078394,-0.20960548609676863,0.96627465574626481,-1.4404413685814663,18.165660332275454,-4.0582030446351025,,0.08023208215436077,0.6666666666666666,0,1
-0.90241376208486579,-0.35537864621647414,-0.24362967761170673,0.39384108699575493,-0.90966782263101564,-0.13188499028982853,-0.17475296905586563,-0.21496620730499016,0.96085947438898001,-13.277637165322089,-27.117549569055608,-2.621461558753591,,0.3592731438105617,0.8103448275862069,0,5
-0.30879080846963147,0.94994335162065713,-0.04749595052615304,-0.9496640907397218,-0.3107016168456605,-0.040032737215795214,-0.052785901187418806,0.032743457380120203,0.99806889272966925,11.112298611345604,4.3670130221894965,-1.1341712565280844,,0.09173154891425145,0.3783783783783784,0,8
0.69495683633848848,0.71221098172279096,-0.098947021884728176,-0.7085182605715723,0.70172939944978874,0.074684164214854215,0.12262491615912295,0.018203501347165713,0.99228612933753702,-9.6634326539117446,17.310519674879764,-5.2135739399775858,,0.1091848466804498,0.3823529411764706,1,5
-0.73945916279432788,0.67208841229099359,0.038695124029817431,-0.66998313222431427,-0.72909376482148314,-0.13980302083049842,-0.065747616644320592,-0.12930370513874387,0.98942296453184497,-10.048194758817905,-8.537468903617297,-3.2976145369233452,,0.3689516618937683,0.2461538461538462,0,3
0.25466568346689944,0.96421219979510298,-0.073757870296158198,-0.96395351451994105,0.25919459434960568,0.060098120641138793,0.0770649823784475,0.055794229327335874,0.99546370725646149,7.1600218314855271,1.6667566370912652,-1.4979685913237444,,0.09673968958768006,0.2238805970149254,0,2
0.91863505698022929,0.37787274450108838,-0.11542019342448842,-0.36272331231255917,0.92238060265888655,0.13283757956103937,0.15665704833149649,-0.08016366260248442,0.98439441099907665,-9.4967533934704296,-15.844286653326813,-2.7611575968206519,,0.1238409407053206,0.5,0,5
-0.13037170823395614,0.99074112500315148,0.037884573636909974,-0.99141867527810335,-0.13064050366045146,0.0046977774697302896,0.0096035411162624373,-0.03694701653494932,0.99927107932091952,-19.412132876357276,16.889861137473126,-6.5447597307556657,,0.2788053531818759,0.2941176470588235,0,3
0.98350042278217198,-0.099081239828574114,-0.15135992303552265,0.11806908610053392,0.98547154916288682,0.12208815134108106,0.13706425243173909,-0.13794467624569851,0.98091011667777006,-13.143264743074802,-10.198196978114078,-3.6271214007853239,,0.2639703322716651,0.8881578947368421,1,3
0.94729536130492031,0.296631526368271,-0.12100097526305069,-0.2738038876370994,0.94574620298304035,0.1749158387853183,0.16632176515715047,-0.13256642526518755,0.97711985617293573,4.9724486153453977,19.224590134763442,-3.1130369179872939,,0.7177980645609277,0.6129032258064516,0,2
-0.49048883384353298,-0.84658936337560964,-0.20665709204885813,0.86461176052296551,-0.50240427129657472,0.0060375283300021163,-0.1089367130043345,-0.17571681195103978,0.97839480505446985,-5.0066701720712103,-21.250541236909772,-1.7351069649032653,,0.1305711900280776,0.28,0,1
0.21423555608526951,-0.95954687162416452,-0.18268258719734679,0.97673930085168881,0.20869694494234398,0.049253663249427482,-0.0091359006447685881,-0.18898514843239175,0.98193744657763093,-11.120132382471292,-12.447475957827358,-3.1795852015922041,,0.07334868650996604,0.1388888888888889,0,3
0.54505344902922725,-0.79980880181447356,-0.25144108304220641,0.83718790139361543,0.53534091132118522,0.11192196578846859,0.045090525185405107,-0.27150688611137896,0.96137966242926409,20.650961732517739,6.0639481138706071,0.046843400687614049,0.3152757431544374,0.1765525649827227,0.4230769230769231,1,5
-0.5736255837769012,-0.782845938788021,-0.24105170764736564,0.81120268703509191,-0.58373833495309424,-0.03463750645234407,-0.1135952912037119,-0.21541075281724248,0.96989397223977691,7.4750780670367813,9.3150921186170326,-2.0188497284792937,,0.07869234761608117,0.2857142857142857,0,5
0.27308132992192286,-0.93441129837154246,-0.22869655162175179,0.96198515459679235,0.26442549220580386,0.068291444611330479,-0.0033390991985898393,-0.23865180608435588,0.97109946239775879,15.149342019183891,7.3796925088222523,-0.77389452052074204,,0.2356492608228629,0.5,0,5
0.97663063816858853,0.18195197085538423,-0.11439439187415261,-0.15060776171595061,0.9590931018177743,0.23970340872935536,0.15332937977219893,-0.21687300972551293,0.96408308716171931,-5.1719521320834358,-4.1939364847548619,-2.840008578826601,,0.1365313389271861,0.278125,0,5
-0.41404225815557871,0.90518719460822039,-0.095943479083933927,-0.90989574651357463,-0.41454415151081658,0.01558450912549382,-0.025665910035193189,0.093751208874751232,0.99526477476930197,1.954898289361755,-7.555869947718671,-1.6486385355885911,0.1975019389815068,0.0943907047330339,0.5161290322580645,1,5
0.75660805861188862,0.65254314703448701,-0.041613542289455407,-0.64046053459443786,0.75241293926743202,0.15389955311809819,0.13173666638622372,-0.089789810564848721,0.98720982604924146,21.524450252089714,-7.4656094830696107,1.0739666912489105,0.4870622089892366,0.4808582137215048,0.5151515151515151,1,5
0.84479636350770704,0.53282131546225397,-0.049199085288514952,-0.51465817519430135,0.83426400133100842,0.19781440490734425,0.14644475719473618,-0.14179217845934974,0.97900404045025602,4.8091956650831369,20.587406040596985,-3.2414030616743128,,0.2205733565148985,0.5,0,3
-0.98539294838502101,0.098698705795179295,-0.13877788998047,-0.080067222227698784,-0.98774603714852827,-0.13396643617756784,-0.15029962474276215,-0.12089802137228987,0.98122051101189811,12.869352946408551,-8.3213188729480247,-0.022081656813613324,,0.1174928847394816,0.3333333333333333,0,4
-0.62451186665918357,-0.75868903048597447,-0.18540734457435337,0.77115433235818343,-0.63660413716190489,0.0074945469209445042,-0.1237171131536193,-0.13829724353217532,0.98263317079382995,-18.594132999252928,8.3852318228824156,-5.7270783988815053,,0.1569763942101685,0.4578313253012048,0,5
-0.97152709032225859,0.2127054301416699,-0.10436241065734878,-0.19658125122891346,-0.96954655335750561,-0.14606605539226591,-0.13225325869422205,-0.12139143652181071,0.9837546415158257,-11.568281246535992,9.5275818292449053,-4.8200790550943458,,0.2025562461010842,0.2,0,4
0.96966812785058842,-0.16946407532182076,-0.17614099183908158,0.20182141724136762,0.96162417484888851,0.18586839938214506,0.13788341950147948,-0.21577968746273374,0.96665779317453648,-26.08201444323187,4.9941143651782047,-6.5018016012319499,,0.1749435819244146,0.35,0,1
-0.68237263962177797,-0.6679437758660639,-0.29701631769549758,0.72037165045088936,-0.68348656689419518,-0.11794404648751529,-0.12422667154145768,-0.29444392531851071,0.94756029302665445,0.66410990072602005,-18.639120153014723,-1.0805692367100339,,0.3606158346775987,0.1851851851851852,0,4
0.94005601378499004,0.33557532453039129,-0.060695078161225206,-0.30951382185897375,0.91430181900554963,0.2612534743144958,0.14316383979527136,-0.22680693404185431,0.9633601245876896,-1.400743389264302,6.9848106444273794,-3.1617728029037973,,0.4910925216408353,0.1875,0,5
0.77533884331819258,0.62852003528069322,-0.06174336638670061,-0.61539756273052659,0.77386157632707686,0.14974678784501042,0.14189967521926894,-0.078107784089211679,0.98679463731687278,-2.9941667580723927,-11.950865717080958,-2.0362573042574179,,0.08836407292531689,0.2777777777777778,0,5
-0.18793818716597116,0.96593074258189615,0.17792424888124342,-0.98211346256906118,-0.18693820372310133,-0.022522314032741679,0.011505843966332833,-0.17897460301385365,0.98378641331879346,-22.641834182869918,30.837455062978641,-8.0044866398321144,,0.5286521002559051,0.2307692307692308,0,1
0.94687541628969685,0.29562150925597036,-0.12662886436920542,-0.28137487595610999,0.95219662978795228,0.11895275281030214,0.15574057020216706,-0.077003256331712067,0.98479204571697088,-6.0391634910985461,-13.736737714968591,-2.3838208640500542,,0.08390728059517034,0.2444444444444444,0,5
0.30652658556225942,0.94653779621043399,-0.100536822550927,-0.94784571054405631,0.31321840846947513,0.059014723578793879,0.087349649952218916,0.077203814290116843,0.99318155928927809,0.058798241482326111,6.1859999261442971,-2.8408703083251101,0.2758220915358745,0.2275230198182496,0.6818181818181818,1,5
0.30889746873488266,-0.92356197498736659,-0.22719073961457451,0.95107632228511207,0.30145991863097643,0.067644265445277241,0.0060152304867110654,-0.23697087546034065,0.97149813236349158,-13.067973330167789,4.2427087574009432,-4.6224723879919889,0.2179990025574272,0.1301658778420846,0.6109589041095891,1,5
0.36880590242894085,0.92759022710481076,-0.059653808874362779,-0.92475466909620296,0.37264516167899175,0.077229433909678596,0.093866971392209397,0.026682467218804216,0.99522712866198104,1.5566071527810212,28.510457456833887,-4.3182076888227314,0.3233405843383164,0.2410496811223968,0.6666666666666666,1,4
0.91684515163924862,0.39202795923873524,-0.075558236418775265,-0.36594005923775469,0.90085069655388961,0.23357203506293417,0.15963345814919758,-0.18649960239497682,0.96939932811295293,4.2940618863237185,19.820601043553101,-3.2581028656300988,,0.2458820761660973,0.6410256410256411,0,5
0.86739460263870238,0.49534411707023074,-0.047547965226283732,-0.46636423503456748,0.84252262135189282,0.26955524997847308,0.17358284360462942,-0.21163609851404788,0.96181035459797504,-16.365470099190151,26.710152274791771,-6.8713830278332839,,0.3950592689032933,0.3684210526315789,0,2
0.51263745629694468,-0.81233088514809726,-0.27806720668914892,0.85755491358064162,0.50042935071109296,0.11903795672209434,0.042454782947218356,-0.29948121473872408,0.95315717141692968,-11.793687978068368,-13.217686108099024,-3.232780063809495,,0.8087980168947406,0.25,0,1
-0.42620574047421722,0.89747035944557074,-0.11355888650150284,-0.90437050737161939,-0.4256995325254751,0.029898050170384976,-0.021509351064666143,0.11544202841352455,0.99308130880232937,13.194379277058131,17.96836879476179,-1.8584667840061602,0.3251903205784436,0.2847393083942061,0.7380952380952381,1,5
0.45394674591164241,0.89011526593673485,0.040338136082457871,-0.88490860131893723,0.44506950086080405,0.13729496245411679,0.10425506792474548,-0.098020165016648245,0.9897085066129907,-33.907832188182091,9.6998924245828952,-7.9200589419511678,,0.4663938359610636,0.2121212121212121,0,1
0.98731656545589841,-0.022089086791130925,-0.157219820064461,0.061861843131465852,0.96553162254537128,0.25282760575000474,0.14621597703652472,-0.25934679120751786,0.95465183703254786,-14.507145207407355,22.475196605799066,-6.2764465328512973,,0.5066486176720353,0.4482758620689655,0,1
0.14009811253828941,0.9898742733217355,-0.022835101904226114,-0.98836382402304068,0.14118978724913225,0.056589710540860039,0.059240781778791086,0.014641277004154084,0.99813634478558444,11.695378358641552,9.2663845627002548,-1.407600264257824,,0.2691486755976695,0.2941176470588235,0,3
-0.98398226519160215,0.1158216002943292,-0.1355147914202128,-0.10413584917807085,-0.99044821120407711,-0.090377352465127792,-0.14468803234671915,-0.074817764119923275,0.98664465511537158,-10.424539343417001,10.091197799931576,-4.6882404384623158,,0.07730006384655047,0.3333333333333333,0,4
-0.026421106878806382,-0.96465773637665297,-0.26217813936323936,0.99831158401347819,-0.039033796245015802,0.043015624779871128,-0.051729163300780014,-0.26059895318165438,0.96406030893550831,-2.6024010220071943,9.8853706093513285,-3.5410903586536415,0.3956178401340825,0.3944672435765622,0.2765957446808511,1,4
-0.33350474217689469,0.94244174366485223,0.024044682228642169,-0.94266005554007082,-0.33301580274421078,-0.022192224129640389,-0.012907619250438771,-0.030067173471782758,0.99946453586143036,-4.3779234285469153,-7.8746557340616876,-2.5064165348600378,0.2391226260443974,0.1334292949416622,0.293103448275862,1,5
-0.42380947319947238,0.89735688561303595,-0.12302906270170147,-0.90519053229053259,-0.42440086072499611,0.022671781303326342,-0.031868961043138806,0.1209732584448148,0.99214406215190176,-0.24553781828374699,-2.2502930186879255,-2.2770970927076521,0.3603046309474738,0.2739846718240429,0.8444846292947559,1,5
-0.63811299049702774,-0.71454337218556685,-0.28677444207010161,0.76665962811153288,-0.62403341798058087,-0.15104736961416956,-0.071026938430611197,-0.31624367584056418,0.946015386507018,14.564246033744363,-8.0938015892550492,0.20414685136037905,0.3577645616419047,0.3080113459055311,0.2222222222222222,1,7
-0.96526918065275191,-0.19705572351377065,-0.17153556690211208,0.21107286395192457,-0.97513376696367815,-0.067545411615887341,-0.15395991356550248,-0.1014060075029662,0.98285968818403158,2.8344782416218921,5.1054891712788439,-2.3689799819312336,,0.07005985230748336,0.2456140350877193,0,1
-0.76647069687762537,0.63825167312429198,-0.071815545545307821,-0.63598849359028586,-0.76981533160531312,-0.053879413936694986,-0.08967333410042945,0.0043768686803082081,0.9959616138044024,-21.732102641447018,1.2456549867072026,-5.6118448763204949,,0.3373057920033297,0.2857142857142857,0,1
-0.81419444452216627,0.56769973768777426,-0.12167339207268424,-0.56301189233258819,-0.82318871214759837,-0.073334529962743603,-0.1417921563462485,0.0087949998300567191,0.98985737981623956,9.2463017656154705,-6.8962399235240674,-0.67086105702101329,,0.1033642168372812,0.2,0,8
-0.82470228736818374,-0.52610423662253225,-0.20755835183752055,0.54535074084425628,-0.83698014161055767,-0.045352089369640081,-0.14986229235637061,-0.15059407278307307,0.97717077247137329,7.4357265469393834,16.589211080943521,-2.5786572182278769,0.2051090985191519,0.1556306491644642,0.4444444444444444,1,5
0.99095332802551517,2.6351403439169867e-05,-0.13420693343027967,0.028606161570835512,0.97697807095485756,0.21141318878799747,0.13112280196571166,-0.21333974823958554,0.96813891700815957,-15.554713067176158,16.610011281469696,-5.9658670445793351,,0.2245001165476047,0.24,0,4
-0.0065438042621656176,0.99376142509239684,0.11133466946151928,-0.99919921876434914,-0.010892927423189648,0.038500199387359643,0.039472773483653127,-0.11099357697849188,0.99303692077536942,5.0737662792681633,-9.2931416970957645,-1.0504697668023222,,0.365719219855612,0.103448275862069,0,5
-0.96632423805170287,0.21731727980963864,-0.1378066284687918,-0.21820329112277448,-0.97586338842086073,-0.0088301122839314992,-0.13639937938636743,0.021537108345742698,0.99041979093065313,5.6989591615424127,-12.953047620106631,-0.74862289068569188,,0.07875377886890894,0.1,0,4
-0.98560000235115841,-0.0088436510327039378,-0.16886214851709183,0.032673355726814041,-0.98977166077854184,-0.13886868381761375,-0.16590686300134092,-0.14238626814443545,0.97580790294655639,-2.0964866982123249,-28.993029671564642,-0.87188981544179955,,0.4836927137437053,0.6176470588235294,0,3
0.50424815146229629,0.86136893716803464,-0.061460197110546171,-0.85551336891187013,0.50797589592375259,0.10028641370356767,0.11760390027511609,0.0020107815572238332,0.99305854781961866,7.3961474093638548,-11.087582022052679,-0.5982590737509581,,0.1487463091141236,0.1428571428571428,0,5
0.015984774071474268,-0.97745517406203997,-0.21053709814954011,0.99910234266892584,0.0073528751866540698,0.041718630130341425,-0.039230037870828897,-0.2110149708571282,0.97669528830788233,-12.040899724817031,4.0802510757008799,-4.4571228007922619,0.3167569012838691,0.1746212393300728,0.7433070866141732,1,5
0.24867691232037481,-0.95039101907975743,-0.1868601191569372,0.96858536296628162,0.24371046821563411,0.049473248625827831,-0.0014791640481203669,-0.19329283104827383,0.98113999691127807,-7.9214094882948762,-5.9955164105278218,-3.1265749943607259,,0.1095040261927183,0.6021505376344086,0,5
0.88620397131981565,-0.40960151506734255,-0.21649277140709594,0.44871829370556093,0.87514064200580211,0.18105454869636053,0.1153014055029581,-0.25759552706561184,0.95934880534914557,0.97583457923820027,6.4490556429567061,-2.7481674182832005,,0.08760008043400221,0.1818181818181818,0,1
0.60144761818121417,-0.78115324541294762,-0.16751229735444872,0.79716327921848151,0.60065709415302082,0.061169939588719524,0.052834352932377697,-0.17032516673841777,0.98397046130752785,16.294210912988387,-0.65621354698798284,-0.081618682268817799,0.2937669233379858,0.2864559401659971,0.6666666666666666,1,5
0.13905023958764565,-0.96478089662240307,-0.2232999157704485,0.99025791521288054,0.13378751567806862,0.038602616581386924,-0.007368326055311054,-0.22649221214240814,0.9739851054353863,-13.524532272638393,-11.901552152546252,-3.5411681026681596,,0.3149881166457958,0.8188976377952756,1,4
0.1133160452756591,0.99094082522107463,-0.072081584286561418,-0.99212448170837864,0.11675138848569126,0.045366574496482653,0.053371215818702335,0.066373143641378585,0.99636645824977221,-2.8776707202941347,-7.6848108714682324,-2.3186497899379748,,0.09398772273835218,0.3333333333333333,0,5
-0.56696237706000652,-0.80665090744822554,-0.16693704355660999,0.81547389503921885,-0.5782680845285636,0.02466473039040638,-0.11643019156572942,-0.12214882696375151,0.98565900521597616,2.1811424638913302,9.7204706108489773,-2.8269681015477812,,0.08989250953999636,0.4406779661016949,0,5
-0.0099064070004947213,0.99019400298240989,-0.13934740599670581,-0.99918948494905802,-0.0043649856286615361,0.040016497444142242,0.039015846364983738,0.13963088253725175,0.98943467716382971,-17.163451681741954,9.4744011774684225,-5.6021539678010299,,0.08868976601839873,0.5081967213114754,0,1
0.98782298896211074,-0.028532852375784259,-0.15294318818850211,0.05181700877492755,0.98725214015647078,0.15049322030605758,0.14669948902290345,-0.15658572122569223,0.97670884701053551,-23.439574773352192,16.122035835716851,-7.04054203097221,,0.1621487252998527,0.1052631578947368,0,1
0.44264740083961868,0.89489059909720214,-0.056869096857420268,-0.88919601103458246,0.44624689975714105,0.10096612509809964,0.11573129434217395,0.0058753812292357925,0.99326318133981739,11.461021344221313,17.163869148391722,-2.0690108584104099,,0.1279455499951935,0.2666666666666667,0,4
0.56922126177243504,0.81910952875086873,-0.071040376235815481,-0.81104658548834618,0.57358421479797428,0.11491120355424855,0.13487250021368863,-0.007792845701072912,0.99083231691441509,23.602780578704468,4.5380964241846096,0.53977239744950456,,0.2419882026933756,0.825,1,5
0.95012488519468741,-0.24545529202399388,-0.19239127358380168,0.283249773741658,0.93731849171797788,0.20298672557296482,0.13050773237276353,-0.24735752404354017,0.96009478026389061,-12.787899139241402,31.00342179538999,-6.4642216281270333,,0.7028152967566166,0.4666666666666667,0,4
-0.99010378090814455,0.05271242524339765,-0.13006115198765414,-0.038095464260000989,-0.99293039572241204,-0.11241870330754011,-0.13506753360527268,-0.10635144322242612,0.98511224329529867,-6.1229969785430987,26.500976769419577,-5.3626917465404969,0.4979103144246466,0.301456204956303,0.6296296296296297,1,6
0.72632810279698679,0.67717757066774453,-0.11780502906015047,-0.67431326766622068,0.7352303603019934,0.068832654601623827,0.13322576378702075,0.029442402665786405,0.99064829318413117,1.7636988084481626,17.013212255130682,-3.4538070975554551,0.339574827112719,0.3192961284879569,0.7,1,5
0.79637846347675711,-0.57665563879080961,-0.18234477552472966,0.59753786806746167,0.79678232626772671,0.089924528204403206,0.093433608170688159,-0.18057186602058167,0.97911386573066828,-2.4770427562409538,29.427624156110447,-4.9187170091988692,0.4014631823055069,0.4296561654325289,0.7037037037037037,1,5
-0.85134007393423183,-0.490001978805501,-0.18739834385700357,0.50720516714834263,-0.86004308743467384,-0.055396806531189759,-0.13402610541113363,-0.14221092968729773,0.98072068120632427,7.3826839206801393,8.1223700932978868,-1.958400238816147,0.3662916330513293,0.2461036502331499,0.4067796610169492,1,5
0.9871797322717023,-0.053471064739723843,-0.15038956555416785,0.064358934991084013,0.9955740711592701,0.068485008010298568,0.14606198574161763,-0.077285924145069976,0.98625188580314471,-12.372808248491845,-3.5966425707610901,-3.9113334385443363,0.1512041258246442,0.1338075660762059,0.8167701863354038,1,2
-0.92846857173341757,-0.33505086274167029,-0.16027174011462045,0.33806065895399012,-0.9410819319117889,0.0089324294997333315,-0.15382165702819608,-0.045888090015124422,0.98703251264781688,-6.3305390719679675,17.482222554260787,-4.7556639695738054,0.1396764181492135,0.1190911776028167,0.5357142857142857,1,5
-0.83595474213129517,0.54878741379627949,0.0034703842713284228,-0.53883886397459591,-0.81956827235445051,-0.19483461094094162,-0.10407856541462494,-0.16474289486570412,0.98082997038859976,-2.8962933572897755,4.3141662184606719,-3.1602173642973699,0.4188988099970508,0.7888190538314617,0.5903448275862069,1,1
0.10842714559866412,-0.96834814291275007,-0.2248231042725726,0.99362207268725666,0.098522565661229952,0.054849619180178166,-0.030963377819740987,-0.22933638650017713,0.97285460941552593,-11.097069561795896,-22.578291529382629,-2.5685496630640658,,0.1371337675023465,0.3076923076923077,0,2
-0.84595662609917865,0.51683915921272916,-0.13128088308346053,-0.52173870459047933,-0.85309834214710045,0.0034558295844863726,-0.11020939565727911,0.071417799813124738,0.99133918866284609,-13.230510566808883,-5.2282205242957307,-3.9418991182711269,,0.7756822958645866,0.9728260869565217,1,2
-0.92844791414563799,-0.30756134624604692,-0.20830383821219892,0.33592113049654376,-0.93454456088930382,-0.11740297184544829,-0.15856060293950314,-0.1789762051434165,0.97099230336183617,-24.490775490893345,9.8196591384864682,-6.6751435993707773,,0.1501704264239198,0.1136363636363636,0,3
0.97878930456416424,0.1250979412171728,-0.16224056944557128,-0.093266999330732347,0.97718814320215874,0.19079989418486976,0.18240823475556045,-0.17162120465822725,0.9681288127129668,-31.744547648147638,7.2666188344830447,-7.446477424679089,,0.4895785371280264,0.8823529411764706,1,3
-0.91225789822629255,0.39803720374901563,-0.096705281941642907,-0.38793426489728289,-0.9153391492186661,-0.10798725862922007,-0.13150107696271113,-0.060996937130595646,0.98943763846860744,-19.272828035735252,13.224986120983258,-6.2142189745109047,0.2099627397975892,0.2051583597099633,0.5166666666666667,1,5
0.12506264737337544,0.98911204146402576,-0.077567413665981175,-0.98705394185727402,0.13195254988436494,0.091175876431383557,0.10041837529047916,0.065160524935583955,0.99280927468176861,-10.16632825025323,23.998792951194368,-5.7788791948975895,0.2058091039809737,0.2498093797235778,0.2,1,4
