axis_00,axis_01,axis_02,axis_10,axis_11,axis_12,axis_20,axis_21,axis_22,location_x,location_y,location_z,dbh,dbh_approximation,score,reconstructed,number_clusters
0.32503266837958511,-0.81936951489709819,-0.47221537728385959,0.94532928404640781,0.29553369750415143,0.13788538125496977,0.026576478516730929,-0.49121627792329525,0.87063210318298689,-20.710236303411445,10.07050431793027,-5.4861019825221762,,0.2647539721154512,0.4545454545454545,0,2
-0.97193387208849213,0.052635868750667933,-0.22929023879776037,-0.03019388868842705,-0.9944981101534851,-0.10030871341523079,-0.2333085454348863,-0.09057027228627762,0.96817568054824021,7.218303190622211,-22.237974683899118,1.2905802451301118,0.7049604482634347,0.3631289887166713,0.3333333333333333,1,5
-0.55245185201326286,-0.79289021502909129,-0.25714209713354613,0.8177789313671795,-0.57528343714408503,0.016928861735004744,-0.16135231829469018,-0.2009330083854069,0.96622531302078818,-15.706615880010256,-7.635015135223731,-4.3639795854456809,0.2266316445945057,0.2138224605237039,0.7948717948717948,1,2
-0.25319325342545351,-0.92017520805734654,-0.29861473991826554,0.96291257737637537,-0.26945643538579328,0.013877959488652041,-0.093233817631913365,-0.28402608314343447,0.95427283276009622,5.5666621073026512,-14.824371698055927,0.57181704724291371,0.253277000501538,0.2021195329708152,0.3157894736842105,1,5
-0.3607873738348949,0.91819995541140065,-0.16352771252549242,-0.93096425556223883,-0.36508828714348551,0.004012163516216638,-0.056018084104730997,0.15368599309350292,0.98653058228323454,18.297421820162931,-3.7256709462933943,3.4281905678422957,0.4275127741210605,0.5382212226262473,0.8214285714285714,1,5
-0.97331215609426458,0.098841557017291526,-0.20710816836988741,-0.051150570481394056,-0.97322645000640484,-0.2240845736487854,-0.22371201563295626,-0.20751053856208709,0.95230893645240522,-5.3389245525419522,4.1912776657154556,-2.2406500933607965,,0.7193072240607017,0.284985835694051,0,2
-0.06655500118914226,-0.94264592645222489,-0.32709186654476591,0.99684891639372575,-0.07699802247025983,0.019066788411365554,-0.043158657316553342,-0.32479218260095954,0.94480017380393022,-11.461701473113971,-16.926916592997888,-2.9516268358451678,,0.3161593471701504,0.2,0,3
-0.43494561164195666,0.88599165844990779,-0.1607516596200034,-0.89893312286038785,-0.43761520170697221,0.02030211465429993,-0.052359865716734975,0.15333530706313939,0.98678605992888757,-11.168669648756456,11.655084942018435,-3.4525268049766114,,0.08445675356061738,0.358974358974359,0,4
0.93168479419919881,-0.23623729331796395,-0.27596265237129081,0.30071317684987997,0.92774302664311437,0.22105307458600457,0.20380144633159133,-0.28893739418925174,0.9354037378117942,4.4056352633338554,-7.6614165208590022,0.091846568801397993,,0.3827009231299486,0.2592592592592592,0,4
-0.15312719665379756,0.9709025311198235,-0.18412044077198195,-0.98808986133569443,-0.14756571252143885,0.043620940082125678,0.015181817103283085,0.1886070930616337,0.98193527122528945,2.1043310657224863,5.4009772936882445,-0.44100950554104368,,0.08265352562719833,0.2857142857142857,0,5
-0.88143569908674779,0.43348148480720178,-0.18752309379060478,-0.43784069661870284,-0.89883599401217396,-0.019732720354706187,-0.17710627532615963,0.064712117856638954,0.98206196802574697,-9.9182227188078382,13.328949690544873,-3.2098710571976792,,0.07099001652654197,0.32,0,2
0.97418487555482325,0.020489134743421233,-0.22481998042367235,0.0094198062621482972,0.9913161910075482,0.13116202459657023,0.22555508305116528,-0.12989382126857929,0.96553223649240716,-10.787059090714033,-6.3467285426273996,-3.466511587455638,,0.1041212683056334,0.2413793103448276,0,5
-0.5385039353514115,0.83995673000067905,0.066979126133505082,-0.8389400409636173,-0.5270298983528634,-0.13571696249966067,-0.078696373988934878,-0.1292755892221574,0.98848100778530734,-3.1620882569687478,1.5177390121897145,-1.7248541858388013,,0.4405454524912186,0.2623951182303585,0,1
-0.60357156612826279,0.77857560890203137,-0.17181788551925306,-0.79155465953713677,-0.61098009787611363,0.012022519051451771,-0.09561686842039975,0.14325969852727463,0.98505536557665141,1.0169123264184958,6.1487257420550039,-0.66872305944082222,,0.07840996191375742,0.2318840579710145,0,4
-0.97122521732710831,-0.061460365112324992,-0.23009606851959144,0.070731105459480845,-0.99697382472815932,-0.032253736642246442,-0.22741743105662018,-0.047600591668248239,0.97263327915738229,9.5577476906473713,11.852019540807399,1.2714998400034641,0.32969210074133,0.209058918215967,0.3,1,5
-0.30692830094458878,0.94590077854150378,-0.10519855148168832,-0.95139656944058981,-0.30787701335929885,0.0075041522929558914,-0.02529003234370563,0.10238877770310383,0.99442292434583346,-18.321852143586778,-13.580474396879461,-4.5699831326949116,,0.2578278877253233,0.2903225806451613,0,2
0.68832205458943863,0.71494861343686822,-0.1227242001826548,-0.69482633544888639,0.69840513997662113,0.17160018654100329,0.20839652764008415,-0.032844186684024744,0.97749278599313438,9.7210870948778592,1.1390003663466826,1.1803004436633839,0.3310207891200656,0.2535881272027238,0.6904761904761905,1,5
-0.63835259440592329,-0.71797711060418457,-0.27751546599008187,0.74754211336725374,-0.66421350335609941,-0.0011003189702917687,-0.18353951606573968,-0.20815688940768384,0.96072053971718041,-10.540402419736555,14.343442970763164,-3.3715348716608622,,0.07654533462971945,0.1363636363636364,0,1
0.76010463795439287,-0.56063051087103188,-0.32853366591676386,0.63286661465904381,0.75337939946124488,0.17860383119467604,0.14737973880497796,-0.34367558939776416,0.9274515091593073,15.112090730488221,-13.494836030031491,3.0577022560671376,,0.2602711882336933,0.1111111111111111,0,4
-0.9227916087354352,0.33440704934997018,-0.19138331221011137,-0.33441593888039106,-0.94183922535187581,-0.033239335302084907,-0.19136777855797207,0.033328650342075931,0.98095238130918549,-4.3041548069144868,-14.267655723786183,-1.6806374942169995,,0.2270572386770581,0.4761904761904762,0,5
-0.6023986860056999,0.77241458889044301,-0.20122506297132264,-0.79248823388392808,-0.60886677284523738,0.035265451656797647,-0.095279705363407741,0.18071235650677817,0.97891001729047011,0.064532506866220335,1.140032097324357,-0.99423403583740555,0.3783469134347253,0.3460099329816884,0.9064869418702611,1,5
0.74842379700145012,-0.58562128872440289,-0.31130294935111213,0.65339709603512519,0.7315551308361159,0.19467749084118255,0.11372798677017507,-0.34910570997925922,0.93015651816513112,-1.2160308108440878,13.414570315095689,-1.2606771521411144,,0.3847312356254587,0.5909090909090909,1,5
-0.092755439217845528,0.99547775075948575,0.020505517265830223,-0.99525999546118626,-0.093300246288022678,0.027433655921035884,0.029222763902547702,-0.01786370021661262,0.9994132870261766,-1.2500583437952697,10.712287876763574,-1.2236172452405611,,0.4440747376640055,0.1111111111111111,0,3
0.40700520173924948,0.90151202662509533,-0.14704703875802766,-0.89359812923877668,0.42633716037666897,0.14042438927378656,0.18928589270769819,0.074247501858786966,0.97911090244648902,-5.4420056558231726,-13.068177665730854,-1.9801646696687734,0.1709078114704257,0.1723214490360682,0.3333333333333333,1,5
0.14307951125642648,-0.94713264652980322,-0.28717242788274694,0.98949718542363341,0.13086066328632676,0.061406895728161832,-0.0205809012759125,-0.29294237774980936,0.95590856770977728,-12.173820590010701,-12.129706049841376,-3.4263308270223209,,0.1396109356146868,0.15625,0,4
0.63441603111267153,0.77193372639322033,-0.040430452927488723,-0.7491221009775656,0.62688145577646448,0.21409277949183286,0.19061053825589855,-0.10553654561457411,0.97597626008296912,-5.6819705889889462,-6.8611019101437565,-2.3642730435135575,0.163394123228482,0.1306862122397655,0.3802816901408451,1,6
-0.19140024037656733,-0.93209779840616647,-0.30750551570690604,0.97384392564833011,-0.2194300038783264,0.058978656103783424,-0.12244981201146403,-0.28817384961917647,0.94971673457616923,14.019421837076235,-5.9303326415283264,2.4369159360555397,0.5162658900806959,0.3647243922377109,0.1428571428571428,1,5
-0.88637841905870429,0.43496618059444281,-0.15854879364433541,-0.43302062914967965,-0.9000800867651062,-0.048466195845502075,-0.16378776803475661,0.025695508323467189,0.98616089351291514,-6.9828133202508678,-25.634674063371151,-1.5362819613485306,0.7368646552158368,0.4385211185987494,0.7692307692307693,1,3
0.54815762867442275,-0.77783676098958221,-0.30739744205062658,0.83049849826361144,0.54970202699448778,0.089999588332598052,0.098972008709126202,-0.30462707491519214,0.94731562149090209,-12.111970586677828,-15.329838839250515,-3.2282154494245017,0.1496527556808556,0.1583988916087974,0.2666666666666667,1,5
-0.94635165073643479,-0.24027639245243906,-0.21606898985848624,0.24195299830440958,-0.9701006230519259,0.019066404112272322,-0.21418986848105481,-0.034235016931608929,0.97619191958126827,-6.009067556955852,9.5001762434007766,-2.3092932078413924,0.2386095946374932,0.1563106337824126,0.6310160427807486,1,6
-0.38027100170896266,-0.85727734707815839,-0.34708718709554154,0.91681479076887729,-0.39884322489257146,-0.019357721578537448,-0.12183843681975091,-0.32557584699103098,0.93763306424709181,1.3724642092171899,10.126637620878469,-0.6158148724809217,0.5110196683068479,0.1670255017993605,0.3703703703703703,1,4
0.81768152693371521,-0.45225776972987214,-0.35617387640071202,0.55458019206242382,0.78478909301150668,0.27667108642245619,0.15439472492074643,-0.42375581318624883,0.89252074469309028,8.2579145983311193,2.815236108578917,0.90521573302020775,0.8014885448494856,0.5328522954804029,0.2236842105263158,1,2
-0.56781407168087239,-0.7879071326656728,-0.23830553979239741,0.80515660036112757,-0.59182511150419426,0.038286894467410959,-0.17120171989819383,-0.1701334408269137,0.97043525462356039,-8.3304939279439427,4.9802602000791216,-2.8589155114780289,,0.08818031320236006,0.5285087719298246,0,5
0.89150040998383784,0.43742219227412593,-0.11785094274016511,-0.40578657883381464,0.88671184110264967,0.22153862707595065,0.20140573834177716,-0.14967944599859528,0.96800402478944092,-23.69568448425796,9.2581333001158299,-6.1133228238988568,,0.2236853745534972,0.25,0,2
0.97481164024887268,0.096132129279397543,-0.20124830373325142,-0.019703053493945983,0.93592947721205322,0.35163589601829237,0.22215772711818182,-0.33881355847395156,0.91424904532403062,-20.191428884310408,-6.1070399354476512,-5.3507349748620863,,0.2722397293814967,0.3181818181818182,0,1
-0.019997219130966134,0.99538439736783757,-0.093861667914520136,-0.99938516984633352,-0.017196418132421783,0.030554304027930329,0.028799193013770496,0.094414960043853413,0.99511628556750786,-18.250143181889463,17.059988660793312,-5.0974366209259836,,0.2108139139526173,0.2941176470588235,0,2
-0.20554500413537699,0.974364924057736,-0.091456252060477639,-0.97827319181592443,-0.2071521767682028,-0.0083389348527843112,-0.027070527317945011,0.08775517321592495,0.99577417928191492,13.021184990357446,-7.7297181318581432,2.2233938252403984,0.4472437669092512,0.1709504743334935,0.3076923076923077,1,3
0.97131234017401791,0.10114532494279899,-0.21522537273260481,-0.078667466621209867,0.99074928968797882,0.11057700790927123,0.22441873255384429,-0.090473577496315474,0.97028385756640556,-15.382885554782369,-0.34149105793857398,-4.3878425932689913,,0.07816075874041428,0.288135593220339,0,1
0.40003808864826873,0.91326115198730395,-0.076964900451197638,-0.90609626354105499,0.40671710796325899,0.11649358474586718,0.13769200713033244,0.023135737741117584,0.99020485194306895,-17.467158547953819,0.46809725189486073,-4.8286753339793824,,0.1102175364271305,0.2575757575757576,0,1
-0.87247915041203028,0.44414938474586096,-0.20374360389022492,-0.45697097340404286,-0.88929438772722946,0.018248874568474158,-0.17308281706300435,0.10902667557404171,0.97885418855456174,-12.272405564585272,8.3740957879169056,-3.7013700540441254,0.4318077680801334,0.4239335702707779,0.9327902240325866,1,5
0.97003709777967329,0.11360198760062618,-0.21476176881460196,-0.092106199145832041,0.98991760909129511,0.10760843503129136,0.2248209888113156,-0.084603283767017479,0.97072025185721822,-2.7729324226344731,-9.4058970280769358,-1.5982791367446765,0.1782354013296835,0.1463543189478581,0.5208333333333334,1,5
-0.36574807958691846,-0.85663767616153941,-0.36386842959926941,0.92148957339230564,-0.38820794949139864,-0.012310730317521392,-0.13071078152833474,-0.33980358993430476,0.93136899876472745,-6.2761058356962529,-7.5491283528192401,-2.3926223113788403,,0.7887596154725642,0.6,0,1
0.88411532424379935,-0.40276961226107943,-0.2368897061426295,0.437691768663789,0.89134189339026937,0.11804890821779881,0.1636032062071093,-0.20805352322541842,0.96433797104140029,-9.6842852160231505,0.45187958881615775,-3.2491009205336017,,0.5733503129531878,0.2867867867867868,0,2
-0.19651308963489986,-0.92047445572781073,-0.33780080218190189,0.97603973063619354,-0.2164712975976886,0.022059499903670447,-0.093429384145315153,-0.32537202348844257,0.94095908333426681,-19.118546432465674,10.420589022337277,-5.1746757313264204,,0.07763512264399518,0.2758620689655172,0,2
-0.83903633239429387,0.52513741518150658,-0.14229802563218283,-0.51894302323430119,-0.85099507584007417,-0.080656800905999068,-0.16345082305933797,0.0061705812070108118,0.98653218516619734,-13.622663709459065,12.430473437270972,-4.0396541983626637,,0.1575508933802491,0.1612903225806452,0,1
0.96966250752188543,0.1224772073880553,-0.21155130625168178,-0.095718754346871535,0.98655951656612295,0.13243202157749356,0.22492785859615702,-0.10816493860416028,0.96835314038015374,-15.605286790897193,0.81925284456552261,-4.3835090692342531,,0.0773849543039104,0.2142857142857143,0,1
-0.54974091871826125,-0.79721443144682347,-0.249467578213521,0.81842771322059116,-0.57381592291436923,0.030188819825290873,-0.16721543146287404,-0.18757515001419556,0.96791247671359015,-3.4692787529930817,-1.673317268081262,-1.9171476457685499,0.5117350372493936,0.4659460914003438,0.9866434378629501,1,5
0.71730714735655099,-0.61349328468203712,-0.33029751134583446,0.683654273571211,0.71121199663881085,0.16368973720076527,0.13448899798506428,-0.34322512362453977,0.9295747543548567,13.988074796879758,-2.2050884704875937,2.2753876999196576,0.4703372951441211,0.526806004696566,0.8631578947368421,1,3
0.85663891002557147,-0.4174574974640865,-0.30314850427013723,0.47433342181005395,0.86840143765624944,0.14452248278563271,0.20292260294054215,-0.26759704947472784,0.94192050425089158,15.393252189058884,-3.2241847103047458,2.6717834148530835,0.3722515690355717,0.1753946449407802,0.1111111111111111,1,4
0.53957508686439071,-0.80193725623793966,-0.25642808483637458,0.83817807135529054,0.54039501663779621,0.073693600076006699,0.079474815724302025,-0.25469562825184411,0.96374991082489214,-0.92238781611855047,9.2263683076405769,-1.1315549334134927,,0.07425757425861823,0.3076923076923077,0,5
0.79481409254837576,0.58064488061479669,-0.17641451443214395,-0.56967552715578518,0.81408524253936942,0.11284950881325884,0.2091419423412702,0.010804651565123188,0.97782560176049604,-7.9736199060911535,-7.2747139448130591,-2.8591694537755772,0.2121169582799914,0.117902539320098,0.5929203539823009,1,5
0.8613145659703173,-0.4372388061311962,-0.25876523116587807,0.47857518833748924,0.8692113946522293,0.12424709459164042,0.17059603616468066,-0.23085445159167567,0.95791607911403487,-20.932110312827991,-7.5109009931195718,-5.4429065821269393,,0.1058650735159029,0.5,0,1
0.26937400916823406,0.94775958343303635,-0.17084910065747883,-0.95587995645323665,0.28471776138251109,0.072313935062959037,0.11717999844508635,0.14383173628990495,0.98263995420512029,-3.3750463401045163,7.8271674556365163,-1.740998668592453,,0.07194922297299491,0.24,0,5
-0.93706504507008859,0.27755527419426435,-0.21183052441689842,-0.28781674070173591,-0.95750463443014278,0.018611792407698148,-0.19766290769798248,0.07840883121016605,0.97712917780027087,-18.660620704578065,-2.9543234980335673,-5.0987456033203138,,0.09962459664492182,0.4230769230769231,0,1
0.93398937013059247,-0.19469865673067321,-0.29959354056843629,0.25913977324158016,0.94639375363378064,0.19283526909584436,0.24598868755973782,-0.25774269368933744,0.93437587160756819,-19.018897409344763,-7.2497997774046175,-5.0463845748044394,,0.4772582206805783,0.7419354838709677,0,2
0.022223113158712247,0.99754449895271424,-0.06641615654879246,-0.99876282488441859,0.025108068776558214,0.042923239756671658,0.044485423122997983,0.065380100118386589,0.99686834117554268,-6.5953799912078637,-11.762072943953012,-2.2850737474295792,,0.08943639591029184,0.2972972972972973,0,3
0.97296064609008259,0.11695537640622407,-0.19917083393320278,-0.057510323095072424,0.9578334596368665,0.28150954928309657,0.22369654422335036,-0.2624433339403961,0.93866040321981237,-20.997959327375234,12.857544837645584,-5.5870051572675319,,0.4274453504865212,0.2962962962962963,0,1
0.61231822900035449,-0.746304608847566,-0.26095175271829357,0.785000888066681,0.61315328088188681,0.088411876341920978,0.094021232540263872,-0.25898356117070093,0.96129471176895076,-24.323309438018004,12.306019820973527,-6.3266761809116536,,0.09362469849655423,0.3888888888888889,0,2
0.84556141710555344,-0.44551790723428236,-0.29417628088619208,0.50718091564210854,0.84239607859154531,0.18203396820928291,0.1667135528710216,-0.30312149562043783,0.93825580210406823,0.049867312443292768,8.9737269607359043,-0.87969257621441677,,0.2482821570242382,0.25,0,5
-0.92666029074997691,0.34799430046005803,-0.14212906949137163,-0.32829848035142617,-0.93339379986531534,-0.14490038706619315,-0.18308690107736422,-0.087612677280763204,0.9791849699794134,8.5425752551173559,8.7347124889259486,1.0097679028503834,,0.4315263543420287,0.75,0,2
-0.86495223724363046,0.45764539769444801,-0.20595707624728102,-0.47161445013856967,-0.88153490165359916,0.021818056445838448,-0.17157341783543403,0.11600391000164469,0.97831776798573877,-0.22701521116368498,-12.268785302317029,-0.86967622638542597,,0.1027077623370879,0.4,0,2
0.67511609432198216,0.71820791653636173,-0.1685100822263462,-0.71280292539566958,0.69393065877897619,0.10184414737210576,0.19007958526577015,0.051357856566195993,0.98042446003459038,-3.8981550533233249,-10.205963947955716,-1.8108470571440825,,0.08049512580627796,0.2745098039215687,0,1
-0.060340217100043302,-0.91365900827689439,-0.4019779531203197,0.9960220809278616,-0.081564665092342975,0.035877844312437193,-0.065567312774378578,-0.39821404043912889,0.91494617628180253,-5.4875370135158885,6.5318474639259021,-2.2161955191939242,,0.07992794569601927,0.3333333333333333,0,5
-0.87976634930966602,0.44786888512858697,-0.15945103435229865,-0.44760266961926043,-0.89335381155698423,-0.039633540421194713,-0.16019681885746892,0.036502453483069686,0.98640993005832145,-1.7277547678109684,-10.971681518922498,-1.2810478549168434,,0.1549141171798921,0.3333333333333333,0,5
-0.61375347056476459,-0.73917894039625998,-0.27734666294074301,0.76932462261002221,-0.63885803280655096,0.00019739424724269527,-0.17733105316230191,-0.21324846539472159,0.96076989419482883,16.446841225648836,6.5688902788064132,2.9404337112511727,0.469883983727669,0.3695221195319648,0.6111111111111112,1,5
-0.54804463975399087,-0.79790138203716121,-0.25099891908154826,0.82066006291175186,-0.57094888249836384,0.023117844093876423,-0.16175331211013086,-0.19331517818592772,0.96771127300675019,9.1636770875556728,6.2297586414324613,1.1204266250792752,0.3018146215623063,0.2424592873469257,0.7088607594936709,1,5
0.024920617969955459,0.99967830551305958,0.004716808935400287,-0.99849147424595963,0.024659560468804759,0.049057944673780468,0.048925848568275969,-0.0059322478052508719,0.99878479652918783,16.452946187332913,-9.2049202152476255,3.2128021615114797,,0.2484229398022398,0.55,0,5
0.22340183333477229,0.97328590109385704,-0.052973347964629165,-0.96948933261631043,0.22749925950912242,0.09129359707002041,0.10090616832406649,0.030961938807511309,0.99441405035298824,2.7114535942171352,-5.594100117799611,-0.40679175483095481,,0.2911902947083629,0.219047619047619,0,1
0.51849906065773221,0.85422493970640689,0.038190004983431856,-0.83975973746930799,0.50028610793654782,0.21099145369227559,0.16112823285361272,-0.14146929910509254,0.97674158813280076,-0.051805517503206097,-10.944542125946469,-0.85727167868746135,,0.4164016844497126,0.1875,0,1
-0.34552463972832564,0.93718069695140893,0.04801108832637719,-0.93787282427097429,-0.34314436567872808,-0.051444239686589288,-0.031737813954313,-0.062803547388788947,0.99752114042800477,-17.826983843774535,8.2560449478798557,-4.8917171848889573,0.5499497392362078,0.4267091633714349,0.4126984126984127,1,5
-0.51452907240224477,0.85746472882536562,-0.003751329541387381,-0.85388188777540242,-0.51276931893224731,-0.089181541200380618,-0.078393592735640158,-0.042683303318766921,0.99600832337676637,-12.447795816496425,15.169034472428171,-3.814913370388076,,0.3876496788263873,0.1612903225806452,0,2
0.57285619411445698,0.81049091101127035,-0.12223037279179244,-0.79663446963393103,0.58563579398158094,0.14968045496533106,0.19289712972401857,0.011627552437387334,0.98115008911407176,14.2895301572233,-7.8713577991758976,2.5737267953763054,,0.2288726370483509,0.1666666666666667,0,5
0.2232610838928023,0.96470420029133641,-0.13964345440894776,-0.96946149699551598,0.23467236087479632,0.07122702355610995,0.10148346792568898,0.11947672987532829,0.98763678382089093,-17.825341176390037,11.086239612570406,-4.8817247333129261,,0.09189643729494466,0.3125,0,2
-0.96760167557719845,-0.11579434422102472,-0.22436280276957568,0.11160191548508833,-0.99325923809765415,0.031322490222292304,-0.22647739375102294,0.0052683754696527217,0.97400217368322828,-22.225952920179118,9.7416411899906379,-5.8362802518108081,0.3033689289359576,0.3551875505866638,0.9072847682119205,1,5
-0.36247834872508411,-0.8888896947345587,-0.2801509544874658,0.92271788042079039,-0.38457492084992961,0.026340907445144023,-0.13115319232599473,-0.24895228628789978,0.95959449732411817,-15.031910702889592,-11.061536922892849,-4.0038584087105829,,0.1437078079327054,0.5333333333333333,0,2
-0.35141959906116232,-0.89327023435986053,-0.28030796243127237,0.92712893511154959,-0.37366225723594132,0.0284333465540949,-0.13013916810328816,-0.24988958746618667,0.95948892177104528,12.992390778910909,6.4806171999980435,2.0934142332647236,,0.1270521369932308,0.6363636363636364,1,5
0.50100559373990528,0.84435761474229265,-0.18987789094055274,-0.85195097959421007,0.5197689099172651,0.063401960946688429,0.1522265529064902,0.13000191810171643,0.97975842832816884,-12.483565751012044,10.41975016554634,-3.7787839613863934,0.1637299226216028,0.1066946588236002,0.3908045977011494,1,4
-0.96894492931841925,0.12184781863254736,-0.21517163624096106,-0.12500256774437574,-0.99215584943232338,0.0010623062353265341,-0.21335435783089929,0.027926323275981851,0.97657566960417852,-7.03657516732342,12.778056468305916,-2.5592675266827083,,0.07025899622549847,0.1944444444444444,0,3
0.33208512375312238,-0.89746157215363787,-0.29031396295974604,0.94303219987312081,0.3224970069642053,0.081767661710427111,0.02024204990446855,-0.30092923920192372,0.95343161915735486,-23.60858084111528,7.9896008383092472,-6.125094808508381,0.2648352349734273,0.5087862775925385,0.8367346938775511,1,5
0.45412916439376472,0.87656510900469364,-0.15937475246289942,-0.87988818298238458,0.46934708567177497,0.074230038524642925,0.1398695374088986,0.10652193598973478,0.98442348085466758,-14.812961974583162,-5.0502096824486458,-4.236308027007019,,0.07646042822135882,0.1764705882352941,0,2
0.94020464641945212,-0.25646123438210294,-0.22414918717336341,0.28139422555707228,0.95564818058812984,0.086912857286663162,0.19191798423911979,-0.14479015918840735,0.97067157016561856,-9.8286010701900874,-10.237065179899066,-3.0404943659647006,,0.1213013829069407,0.3111111111111111,0,5
-0.42155259594459848,0.8991612806052891,-0.11748361720948895,-0.90549433120759526,-0.42435647374970492,0.0012646492104978198,-0.048717809918751173,0.10691386555059988,0.99307401554453545,-0.18400064540886588,10.635780246854569,-0.93296752639443903,,0.1545148638090689,0.125,0,1
-0.97472557176944252,-0.018847814149794348,-0.222609118502609,0.024171866544565251,-0.99948266749744152,-0.021215990194930961,-0.22209408053004367,-0.026060646077457325,0.97467690139837648,-14.779014361349386,8.8624668711098273,-4.2032408852905032,0.20072974382852,0.09267394099973855,0.3025210084033613,1,4
-0.61552482522648833,-0.71990086762072281,-0.32073654348831432,0.76725895560636403,-0.64037587540688168,-0.035106028523630657,-0.18011908441842694,-0.26769661745304296,0.94651763661987143,-20.671773546167422,12.053505065372141,-5.5162444537828685,,0.1286556128071945,0.1463414634146341,0,2
0.95882458668398474,-0.13093555166795712,-0.2520144703775829,0.19394529706192062,0.95011889364243929,0.24425255309050767,0.20746236699182169,-0.28307237458479695,0.93639168996156485,-15.981953498018147,9.7502696156380679,-4.4847388411275375,,0.2462238764900458,0.1666666666666667,0,1
-0.51125528362134309,-0.75725670888235552,-0.40642380813864998,0.84428760980506146,-0.53091591384444248,-0.072847267322640671,-0.16061278560225364,-0.38038213585732816,0.91077602286275672,10.245760798308186,3.6931498522233843,1.4269893316006037,,0.09467138318867117,0.375,0,4
0.95475604847974327,-0.19193967666421594,-0.22715644039600044,0.21501652625154699,0.97321226601614408,0.081398886444718044,0.20544775815292629,-0.12655846790222497,0.97045049995977528,-12.500922904183867,0.086905982707006876,-3.8014529248901998,,0.07865668514734982,0.2903225806451613,0,1
-0.91525396599579456,0.38057317931871731,-0.13219013923969922,-0.36369261843041706,-0.92164437684860134,-0.1352749863152086,-0.17331433012937739,-0.075734389854253931,0.98195032723921838,-2.472667274703416,-14.705463453678524,-1.2654739524409386,,0.1631698946597699,0.2258064516129032,0,2
0.35342428412526145,0.93545214338563631,0.0045346252066734306,-0.92451823178221015,0.34854577539110732,0.15421375282155481,0.14267906115769807,-0.058695228871096829,0.98802710267225324,14.770714939873658,-10.388382806359244,2.8340715329207917,,0.4960889631619618,0.3428571428571429,0,2
-0.74699423108350338,-0.57161876724139404,-0.33948726583687044,0.63407557095123146,-0.76606583963980546,-0.1053152394472413,-0.1998694300057797,-0.29393045822845315,0.9346962590461011,30.905895426406346,-1.1523204419162829,6.7817164394968819,,0.3062560264631652,0.1538461538461539,0,4
0.9650306050941112,0.13485886893111651,-0.22478660258635105,-0.10720166768266796,0.98556225468798009,0.13105283125671377,0.23921482746215589,-0.10237249437698491,0.96555483465067171,6.6794762684898261,-7.6279998676385112,0.63834893433634554,,0.132895238876531,0.2727272727272727,1,4
-0.95934936560981521,0.20191693344363115,-0.19717592827920463,-0.20651371976485181,-0.97843965219785001,0.0028161242578483878,-0.19235612351295212,0.043421181417271429,0.98036407663245151,1.7896725265859743,-17.39779246780699,-0.23622086459013328,,0.1516382381758092,0.6666666666666666,0,4
0.43531039021389445,0.89995721805036855,0.024121978585254486,-0.89073114577311885,0.42664624561270892,0.1567514180295875,0.13077801849520895,-0.089721718572599474,0.98734346764175507,-9.6157140249649888,5.2914923517137025,-3.1335215110630106,,0.4329592908681887,0.3771760154738878,0,4
0.97528442976240459,0.057661581894627292,-0.21329656123911148,0.012950421081669824,0.94877033626313334,0.31570102252122767,0.22057327049492709,-0.31066057200834224,0.92457419461210444,-3.472283661323698,11.196094767069916,-1.7900030400238476,,0.2320543915608035,0.1666666666666667,0,1
0.50786659708474946,-0.74058204651381099,-0.44001108161837421,0.85885801805707984,0.47479518958654193,0.192178127695491,0.066591473813256169,-0.47550789722873621,0.87718744592503362,-8.724735365449849,-13.742360835231565,-2.5830674408010994,,0.4894649624692358,0.1111111111111111,0,4
0.61992416259210947,-0.67002394134353693,-0.40836497237268549,0.77822328868278456,0.59154376689324917,0.21081860639302397,0.10031224046059035,-0.44849067980975665,0.88814050945644807,-14.522414058329824,10.422607268924805,-4.1965590704738034,,0.7171849158600591,0.1836734693877551,0,1
0.01030569953250703,-0.93828349805793454,-0.3457135661632485,0.99691898550837288,-0.017244001129429878,0.076519152883476285,-0.077758143561316315,-0.34543700105404651,0.93521492150878571,20.577531338862659,-4.9564880437806922,4.116774468123749,,0.344712150791813,0.3529411764705883,0,4
-0.97501401618979933,0.06537466548091006,-0.21230596163719984,-0.071211738516536796,-0.99726157145097905,0.01995611196039785,-0.21041995278701464,0.034576165495650978,0.97699945355600237,10.814430752230688,11.676998803764056,1.5497787188382748,0.3279742247487689,0.2573601227977595,0.6,1,4
-0.85346386768753113,0.4935216634758981,-0.16743892687133016,-0.49331339524839229,-0.86864471423150924,-0.045806708091326045,-0.16805154155896326,0.043505495257986297,0.98481772489228347,15.288891000603481,2.1225842517223823,2.6339060473748908,,0.1366188423645594,0.4666666666666667,0,1
-0.76576752343861332,0.61745323249935835,-0.17986552121734176,-0.62737219335152472,-0.7787163751695978,-0.0022221728149903796,-0.1414363144881467,0.11114095878125106,0.98368869883982835,12.058620932632692,2.5305344992306908,1.8625680027617313,,0.09706348225745931,0.4090909090909091,0,4
-0.62399677425412081,0.78068702917344979,0.033996885162971044,-0.77481838325066443,-0.61248762954969804,-0.15657386954858882,-0.10141251745853763,-0.12404300112833665,0.98708096687850133,-7.6935756450921913,-17.544796980237255,-2.1682309291518322,,0.3641849090469742,0.1052631578947368,0,1
-0.97997095500672649,0.053942136167167469,-0.19169552234970741,-0.048629332887216076,-0.99829398628743893,-0.032315707098548273,-0.19311166543259042,-0.022346428977749314,0.9809222812158942,-11.491453821189069,-3.7335182904266935,-3.5841876526037066,,0.1844679937456145,0.2448979591836735,0,3
0.96905686402475022,-0.11464322915887196,-0.21859946087431936,0.15635580016532891,0.97036792303001373,0.18422529063371823,0.19100172261311277,-0.21270407603627284,0.95826683027034765,7.0628981987347697,-11.96813601071787,0.87269083673994363,,0.4633094157128538,0.7931034482758621,0,3
-0.17890954892864924,-0.90877956810272686,-0.37697621927804503,0.98045477014338156,-0.19655950848244555,0.0085324866380863864,-0.081852409892665554,-0.36808158908611671,0.92618363555539185,19.716927306759867,-7.3946520217719849,3.9521418083233235,,0.5573408032420039,0.5357142857142857,0,3
0.92442756801700909,-0.22686305876739646,-0.30654008556281576,0.32911571904160164,0.88066657981601604,0.34074802813059785,0.19265646879844753,-0.41588403162644016,0.88877666332338567,-11.699719763693892,1.2425350400373976,-3.6228419766381541,,0.2265050993942471,0.2734375,0,1
-0.56680478775031018,-0.68373912436702355,-0.45960106874673545,0.80605000867030963,-0.57558830740072131,-0.13777330621773917,-0.17034000148502923,-0.44855201503659375,0.87737413553209542,-8.4675634641842379,8.9407840212520107,-2.8496140138952732,0.7120670698141681,0.6009753224608212,0.3070175438596491,1,1
0.97579459050033424,0.031839686090976982,-0.21635884899840019,0.035590566618955474,0.9530336586322905,0.30076595066877543,0.2157735588945647,-0.3011861216981595,0.92883189618918394,-0.71721614131220512,-6.9464409636307902,-1.1523395268830656,,0.2438248312614961,0.3846153846153846,0,4
0.79772180360042833,0.56880419625662904,-0.20025411451785294,-0.5654582432434021,0.82095409360044935,0.079318039239191424,0.20951586863186455,0.049961610477590838,0.97652800178485433,-5.2183114578042042,-9.7107133589331447,-2.0621098821466086,,0.07188679346586917,0.2727272727272727,0,3
-0.85176461175243168,0.4812236386716236,-0.20717349190925161,-0.49642642299748352,-0.86770483106548879,0.025478082650318385,-0.16750478415900188,0.1245477247052526,0.9779723981557924,-15.036991817891501,11.083720967173928,-4.2671784500583891,0.1888485107410237,0.2153594280889996,0.7454545454545455,1,1
-0.80729462869099089,0.58835042326021503,-0.046034356041990493,-0.58348525296945997,-0.80743628074716245,-0.087129857685839862,-0.088432697877201663,-0.043479098227941868,0.9951327680080907,-10.664136068932526,9.8342773674040078,-3.3270388376565885,,0.2006186554952464,0.3157894736842105,0,2
-0.1381102020373593,0.98721590785164459,-0.07956332935374337,-0.99021550548946269,-0.13601602623687983,0.031191237471064122,0.019970597924140528,0.083092670503365565,0.99634170008444944,-7.5280822673465568,9.720946779165617,-2.6563187555394032,,0.236433173893243,0.1904761904761905,0,1
-0.47098414198555433,0.87313074007746205,-0.12576425855510237,-0.88042390045366425,-0.47415810333997116,0.0052771722539794183,-0.055024480988811741,0.11321132350089674,0.99204611925206765,2.8074004753668813,11.307318069692075,-0.29857770656259353,0.7183884867017245,0.3737192060114516,0.1764705882352941,1,3
-0.40626986731771714,0.91370260362625344,-0.009609736533861787,-0.91338314797340947,-0.40638215489759533,-0.024182001136635385,-0.026000382840065651,-0.0010470469867641305,0.99966138456218168,14.311618150867185,-11.655539786269262,2.7644616463150378,,0.4112671555467926,0.2,0,2
-0.0053968361403644895,-0.96800741299074644,-0.25086355365942709,0.99858211656040141,-0.018502732665715331,0.049913979701582893,-0.052958763631933595,-0.25023848081153155,0.96673474752680411,10.604161927098968,-8.8639629038511707,1.6633852617122067,0.1765652468897049,0.125554016593754,0.3725490196078431,1,1
-0.41883091487055008,-0.87019918761279957,-0.25948803176008572,0.89656143686252987,-0.44162176904509592,0.033879241970241301,-0.14407725247136038,-0.2184572886939351,0.96515188355864523,17.835065805456587,9.4228387543220933,3.2621979516961814,0.259175381660836,0.2107809575414292,0.7857142857142857,1,3
0.037568697001985042,-0.94821643728389304,-0.31539527750144303,0.9982541875581058,0.021216560582929578,0.055121997240083195,-0.045575980826285049,-0.3169155181143235,0.94735810776603924,15.002076246425286,11.616290395419616,2.5494110324979742,0.370420590886116,0.2312477741705643,0.5641025641025641,1,3
-0.32138942206592558,0.94374609492343975,-0.077795550649691833,-0.94664966665986539,-0.31814341444597388,0.051372915601745228,0.023732846371580848,0.090155843745237843,0.99564485427369542,12.711966623236661,16.33137401136285,1.9464275996207749,,0.4607363887465926,0.4333333333333333,0,2
-0.49688118820054733,-0.79262061242152315,-0.35335767938017387,0.85352673448431071,-0.51994437212126254,-0.033911110568298035,-0.15684769151301242,-0.31845001909868992,0.93487346042289765,17.133447132969678,3.0951831223123256,3.1196178070985967,,0.09651956993005423,0.3125,0,3
-0.92699816549866676,0.30190884583165595,-0.22254314181907309,-0.30505157384475984,-0.95210493686201503,-0.020969656597430518,-0.21821534881153939,0.048448302463310694,0.97469729841191333,17.746270986806625,1.0010891182221606,3.2479700737983772,0.4424258292601265,0.2012926322716101,0.5454545454545454,1,3
0.012834204050777464,0.99020258729517596,-0.13904718379140962,-0.99818936297201033,0.020859940524566922,0.056416828436592244,0.058764605468899028,0.13807135472374626,0.98867741055858749,10.951026488796659,8.7785166127550767,1.5885393117295314,,0.07413240035864278,0.3333333333333333,0,3
0.80144133615587321,-0.50300833808590961,-0.3235342277360152,0.57847818997807821,0.78930429244019862,0.20581962407691898,0.1518379676509638,-0.35210984898399084,0.92356043972665702,10.890574211638096,16.034897831026637,1.5357195633110989,,0.36315366060098,0.3125,0,1
0.84963834547320838,-0.43412189994053513,-0.29942087083830826,0.50709181719349539,0.82843867750111677,0.23779664958868083,0.14481909693458883,-0.35387502541465515,0.9240129304023994,15.598524483622738,-16.964674955860119,3.323899638976044,,0.3008340225067397,0.3636363636363636,0,3
-0.84000436522402111,-0.48031589782079809,-0.25236740024256038,0.49881573200007068,-0.86663973055363153,-0.01088314913809323,-0.2134842661973522,-0.13502672226832993,0.96757028290437297,4.4385701015822798,14.99880336309322,0.084987455143091237,,0.177070608527175,0.4285714285714285,0,3
-0.69480196728561394,0.71601806096638965,-0.067589663603032243,-0.70684348838767741,-0.69718793408883561,-0.11958790693410369,-0.13274979917114346,-0.035314599401267244,0.99052025213478001,-19.241302921707693,9.1366218994395769,-5.2155239930446236,,0.3751300621230316,0.1666666666666667,0,2
0.9629677383518247,0.20520689979555465,-0.17488071125732491,-0.16461369897065697,0.96118245306166017,0.22142859354104866,0.21353094624613206,-0.18444083116996143,0.95936755979789323,-28.375920019207769,10.530919694610631,-7.1272635154619737,,0.3496839457348953,0.1818181818181818,0,2
0.48915076995457235,0.87204577702356789,-0.016361143853935205,-0.85823871461528101,0.48457947614781954,0.16914207055553657,0.15542790286289709,-0.068694206973114388,0.98545587062028062,-3.603860120251424,9.8661950768593893,-1.7855501651495744,,0.7352156669157981,0.3979591836734694,0,1
0.001406914350954628,-0.89011346273198533,-0.45573681446124437,0.99999824360549516,0.000687975317726662,0.001743409271119383,-0.0012382963835464098,-0.45573846683513092,0.89011286726393868,5.5083613724824962,-17.738685190613943,0.64977555368797946,,0.4378215428239964,0.3214285714285715,0,3
-0.36501033110675696,-0.82004324680296481,-0.44079080248819585,0.92180346437593697,-0.38472561714101688,-0.047587525466084198,-0.13055968462682865,-0.42369242722559475,0.89634753073895823,-3.8722323065075752,8.6122622714725061,-1.8154396273556501,,0.5565017540825702,0.3809523809523809,0,1
0.15474267652768259,0.98354422338535741,-0.093249475635759957,-0.98309754864699228,0.162642420060023,0.084063387043915735,0.097846379111978882,0.078665137400974902,0.99208763839308156,11.484661120109541,0.71901599239349956,1.7138534818385214,0.7597948315277797,0.4042805781161323,0.34,1,2
0.59540471631113134,-0.67580274291086861,-0.43449266560968203,0.79793996771430831,0.56049596957231362,0.22166658750763674,0.093728500033604792,-0.47868039521933442,0.87297196261627552,8.4991765756242508,-24.782629725780676,1.7247438452637602,,0.1784672623159636,0.3,0,1
-0.36411582249435837,0.91256405898204118,-0.18613571947232013,-0.93078218622724629,-0.36355123382540333,0.038406017576087643,-0.03262191918457099,0.18723605058387749,0.98177312641488956,1.9423999181070426,15.080997100015642,-0.52351333787311638,,0.08170086581184023,0.25,0,2
-0.63046037177079695,0.77568352845297539,0.028892616935304875,-0.76933694923720397,-0.61948919273494341,-0.15605703644180963,-0.10315220872584548,-0.12061593498103869,0.98732538611322529,13.793761361579305,-13.286857345688883,2.7247208862626713,,0.19139165087346,0.3333333333333333,0,2
0.46696469377465355,-0.78880367921507866,-0.39966577339659515,0.88419392650230078,0.42266572518401824,0.19888384824090516,0.0120447127150241,-0.44625378475865329,0.89482539329423905,-13.844165872650251,2.9764615321692078,-4.0053483129095442,,0.7287105091029138,0.4081632653061225,0,2
-0.62576014678822689,-0.73670328786548134,-0.25630549026457777,0.76919281509534965,-0.6373604516399517,-0.045978994019089399,-0.12948610696622007,-0.22592016362756479,0.96550164565847663,8.4874987178872399,-15.561614875716565,1.3715309985633883,,0.1805920820707795,0.2272727272727273,0,2
-0.90476448066608928,-0.33849983931896233,-0.2584938941368991,0.35465957675992121,-0.93483764521426338,-0.017180270740739873,-0.23583430441200703,-0.10722143382406484,0.9658601063255573,9.6443488796650527,-17.18496374435561,1.7560544434754823,,0.1142651837187985,0.5714285714285714,0,2
-0.67644994299177785,-0.62459915006096556,-0.39024527719056462,0.70135078778830706,-0.70802562799128743,-0.082503227671803514,-0.22477221157238864,-0.32950813624349773,0.91700700163858884,12.521741528526411,-15.212953522702783,2.3765925395556864,,0.2964364606235871,0.2692307692307692,0,2
0.028330830966454175,0.99259663427779776,-0.11810709393232097,-0.99876317370784851,0.032938523844470116,0.037244818323819956,0.040859354642202556,0.11690583932094731,0.99230214041434395,15.885248724085555,1.0781640912607418,2.695111512754826,,0.4904188523766196,0.2857142857142857,0,2
