axis_00,axis_01,axis_02,axis_10,axis_11,axis_12,axis_20,axis_21,axis_22,location_x,location_y,location_z,dbh,dbh_approximation,score,reconstructed,number_clusters
0.18694066069130269,0.97865055436478576,-0.085418275689681883,-0.97550474216840488,0.19519356216527747,0.10143949574098204,0.11594691624728105,0.064362766649121023,0.99116787018245189,-6.7951574971887041,-17.441152212863248,-0.54866035371840938,,0.09483744575580778,0.3,0,4
0.060826810137058096,-0.9744219473591762,-0.21633762426656469,0.99706902723521795,0.04924022355458018,0.0585555745639222,-0.046405324013160096,-0.21926529339830775,0.97456106889932148,-10.883308682448719,-14.58355833466306,-1.4988800913386422,0.3395249722651456,0.2321019182530518,0.6923076923076923,1,5
-0.12649767167509127,0.98091506243922366,-0.14766170573522164,-0.99136847513664705,-0.11984300529600397,0.053162022035107254,0.034451205581519442,0.15311203205978391,0.98760813082543197,-6.0533837630754324,-8.2799944290667593,-1.1658952838600443,0.1665322170975665,0.1461374994666794,0.6043956043956044,1,5
0.88218008501822098,-0.41440025732610447,-0.22367548887909661,0.45298542779643147,0.87656898242354686,0.1625762013857846,0.12869537599046935,-0.24474322417792443,0.96100897728255674,14.598951484293794,6.0475955845070146,1.5030017127736792,,0.3190380326366061,0.6,0,5
0.35853455325223454,0.93328331128397324,0.020862286620697515,-0.92567780180224368,0.35254515709186435,0.1372316270458076,0.12072108918820926,-0.068514035714561425,0.99031926444723739,-22.322304433919882,6.4791731837722173,-5.1341461071428283,,0.5315080782391557,0.2,0,1
0.75520098273945058,0.64271261847437466,-0.12880980445285214,-0.63031416225346992,0.7659738918792548,0.12644387617458869,0.17993202197517635,-0.014299895564701999,0.98357510158338401,-19.367290150712478,-8.7926781988146594,-3.4279324749074873,,0.2294763566035889,0.2,0,3
-0.59266199118715812,-0.73919764932359333,-0.31990404723377203,0.79212829634231108,-0.60685527226066371,-0.065264390468797617,-0.14589217366226662,-0.29208477153715173,0.94519942863936868,-7.7178055217347143,-2.8212170259790139,-2.1027307564395898,,0.5703948971506116,0.302013422818792,0,4
-0.18393838854104164,0.97724988314256056,-0.10559041205894253,-0.98131586567534668,-0.17640368278170379,0.076817396954710362,0.056443254643671288,0.11774721482440464,0.99143822420074468,-9.071457223508034,-9.5168715719767309,-1.5948191585677349,,0.1393226728365525,0.1612903225806452,0,4
0.7800190620091253,0.62410820696639424,-0.045378507022598158,-0.58765311381110563,0.75551306822363229,0.28959250952230797,0.21502111694091661,-0.19922085669053019,0.95607372599029983,22.762852746520572,-3.872915314163103,3.5462810522484611,,0.5561530018087067,0.7166666666666667,0,3
0.68527667921258273,-0.66319480032877054,-0.30094605786462503,0.72419588016445124,0.66424651888655184,0.18524818298686307,0.077046739581967727,-0.34489015492469632,0.93547559078567533,6.141958180872976,8.4701561689482681,-0.31301892959371075,,0.09258301544478219,0.2413793103448276,0,6
0.8778160902222979,0.4570735735528349,-0.14325732130150134,-0.44491889594501893,0.88883486836806014,0.10963463323329893,0.17744319591887905,-0.032501155868305216,0.98359421871487218,14.752815812114697,14.644534471635003,1.2424763873664855,0.4851840911556431,0.4633229587117187,0.8225806451612904,1,6
0.47417191613703574,-0.77613746717435961,-0.41565806379174508,0.87946855658968648,0.43962790624872577,0.18237971931499278,0.041183150887054966,-0.45203753836991462,0.8910477046642804,-11.861951254934235,-14.563775370748949,-1.6696185588000592,,0.7299295502553609,0.3707865168539326,0,2
0.9473561588141024,0.27194156136280673,-0.16900915821501866,-0.22092174819836671,0.9372520222802484,0.26972620915395445,0.23175394177870595,-0.21818898674118309,0.94798928081222977,-11.814526454094963,-19.629244106846233,-1.1442600064694619,,0.1793810776274246,0.1666666666666667,0,4
-0.38764122740889478,-0.88590443424724774,-0.25476972385664209,0.91430196064803504,-0.40471117240599086,0.016149045944805162,-0.11741466504693754,-0.22667642204435937,0.96686689679659787,22.163116267355093,12.588437353020225,2.7681909855927151,,0.1691828832291093,0.25,0,5
0.94942858331298652,0.26425248917833349,-0.1695759038052026,-0.2480400056317032,0.96237568954188613,0.11094677906548245,0.19251368988859263,-0.063274435136436269,0.97925217644059637,-14.651804170987802,-13.292198234466145,-2.1989510118795548,0.8764799197057217,0.6650794813699787,0.5416666666666666,1,4
-0.9809231563633295,0.051634373713607538,-0.18741305387140622,-0.055943147879113038,-0.9982757850839471,0.017771356740688395,-0.18617230061311152,0.027916811534139066,0.98212042342993189,-16.730424585791908,-19.958719685058902,-1.9897965442001317,,0.1243371770823849,0.5217391304347826,0,4
-0.83041003995538798,0.54104628295230506,-0.13299656102616728,-0.54363136458331518,-0.83910385272415844,-0.019226642576332012,-0.12200043025569746,0.056335104925523578,0.99092999297147955,-9.887406998717001,11.654817404220699,-3.3064647882783462,,0.4751965387667099,0.28125,0,5
-0.44583563610101812,0.8943077298333445,-0.038003551712070975,-0.89481031898858643,-0.4441747117619585,0.044981312372212132,0.023346918724877725,0.05406024224430131,0.99826470016451196,27.806547891333945,-6.6614524388062701,4.9364639887978203,,0.30451223600698,0.2083333333333333,0,5
0.33673436301904774,-0.87550518765877994,-0.34655538539275388,0.93906945831092226,0.33921982811927903,0.055483877643484343,0.068982035558444968,-0.3441229062316119,0.93638715506830938,-3.2059779290576826,8.5461600351157916,-1.9992972546848617,,0.1807201360093371,0.4259259259259259,0,2
-0.033485918516460121,-0.94843552496826644,-0.31519636457179823,0.99753762841592364,-0.051161691554603435,0.047970420173333396,-0.061622829823398478,-0.31281390041914786,0.94781332051681766,8.4134343548799286,9.095514249210785,0.16336486384466001,,0.08952693289391465,0.4,0,4
0.60659564644195296,-0.73612950994008342,-0.30025833262882889,0.79167751031579137,0.59386172385050884,0.14343978738653626,0.072721670620674944,-0.32471771978239378,0.94301111397557957,-6.8623407802078846,5.9800356422062064,-2.5109514748190542,,0.0899538138385841,0.2549019607843137,0,4
0.7275070889849462,-0.64446799280967615,-0.23536023818928434,0.68024778969157462,0.72224335672936002,0.1250099127270827,0.089422480933914653,-0.25104887951188537,0.96383508962864084,-24.484006738283021,-20.777151319156822,-3.2708116955650901,0.272901634219132,0.1502873579848439,0.8461538461538461,1,3
-0.91127667590980699,-0.35013908716758368,-0.21674279591309464,0.36278146036844044,-0.93165454445228379,-0.020234174417324328,-0.19484463542965677,-0.097069199228489791,0.97601902573947064,10.634681424170971,6.1978050774569562,0.71622078402815603,,0.07067574824228198,0.1290322580645161,0,5
-0.39533378669363106,-0.87712481153659971,-0.27269628175932242,0.9097954186348638,-0.41477919761276072,0.015182669683816385,-0.12642584122515493,-0.24209560552517173,0.96198036594096492,-3.9021565684233601,6.990515061122264,-2.0527653143236035,,0.08022928327937019,0.3285714285714286,0,4
-0.45723201608238667,0.88845001599718021,0.039943116351219318,-0.88855252686345287,-0.45446383635652959,-0.062745744466687431,-0.037593755782173027,-0.064180920207770525,0.99722992284000123,-21.149924289246641,5.2473237672694637,-4.8241192502670351,,0.1075740460538279,0.5714285714285714,0,1
0.90025023633070145,-0.37966208126165935,-0.21308734368465107,0.4135274735698205,0.89875092590351457,0.1457456750320085,0.13617834111736282,-0.21932504927536114,0.96610143472147003,-5.3709358199043775,-16.231647261045996,-0.35269716706488885,,0.1492710835547122,0.1578947368421053,0,2
-0.25943024088580885,-0.90315081374792483,-0.34207390683943423,0.96230489321019019,-0.27168524672375616,-0.012506766823504663,-0.081640937143427045,-0.33242402792083847,0.93958981637905692,8.6563502044200931,7.72047041584847,0.2186729973632143,,0.07600943724431178,0.3461538461538461,0,5
0.94357768968367584,0.29124262253193722,-0.15760354803093032,-0.26634339106622568,0.95026415259130392,0.1614287407349628,0.19677993181867348,-0.11034389480461446,0.9742186013994949,-5.6051501621575017,-13.708571468327216,-0.58881368507427412,,0.07728358245272114,0.2592592592592592,0,4
0.9207070381622835,0.37519873316243701,-0.10735204009118124,-0.33848074406388301,0.90466809343969767,0.25885599589374664,0.19424040716698562,-0.20199393888304085,0.9599318272034314,-10.17335035542874,-12.084771046888775,-1.5413816365705564,0.2921997729326021,0.1049654059271083,0.1224489795918367,1,5
0.031960486117484199,0.99652886222987125,-0.076868420498749188,-0.99626875802256287,0.037931929186831151,0.077522451821038688,0.080169128193551834,0.074103950576225291,0.99402289480357664,-4.1903024707134859,-13.815252219391997,-0.35155022537589919,0.5047448704136477,0.1138838906272323,0.2777777777777778,1,4
-0.89612563808945189,-0.3721750942683365,-0.24175305575137129,0.41894649863933692,-0.88914961033413331,-0.18411084085543877,-0.14643316576722237,-0.2662680409831632,0.95271121454214835,17.765176250070887,3.5772099392143866,2.205089011240172,,0.2677847266271818,0.1666666666666667,0,4
0.97261171762069543,0.16071498397433401,-0.16792004249955497,-0.1146314073022591,0.96012905663078718,0.25497418511131664,0.20220308406853338,-0.22874196934407545,0.95225575569474485,-13.326091409449608,-16.137026749516387,-1.7679891740959865,,0.1588596498645654,0.1904761904761905,0,5
0.92221602029481553,-0.26094624524338456,-0.28535008148758856,0.35348572412237372,0.86805756423201474,0.34860279405257805,0.15673370650014984,-0.42235426157784001,0.89277736472973146,26.416261331735516,-9.4452765567521553,4.9143642606666535,,0.7092655629147623,0.3015873015873016,0,1
0.9591838883309185,-0.17593116126741992,-0.22139217434560884,0.21239785810598777,0.96508280077202158,0.15330472114719221,0.1866907020672644,-0.1940706421618858,0.96305927523310031,-6.8968392743587579,-23.420526614964238,0.042517618704933452,,0.2390590939758329,0.7666666666666667,0,5
0.86016491345703006,0.49106992304710534,-0.13771946970552401,-0.45955365758067301,0.86337792591578644,0.2083002468687461,0.22119393631310549,-0.11588307779768865,0.96832037819021921,-13.297219944263311,-14.311349875376159,-1.9059988870861311,,0.3309541940349355,0.4736842105263158,0,2
-0.71388348045059846,0.68281642667157572,-0.15534511195142842,-0.69427392285341849,-0.71909611395920414,0.02974052680262796,-0.091400746088128954,0.12908333105491596,0.98741247574572477,-8.8788603703122924,-16.595346152347751,-0.99631719840066058,0.5389799328310633,0.559407945512624,0.8099173553719008,1,5
-0.71315759215750674,-0.65369395516965423,-0.25316094035763803,0.67730577642775114,-0.73565335334781545,-0.0084278660239559613,-0.18072944963594273,-0.17747776391077993,0.96738746598843284,-15.581110909622149,-18.036169010091331,-2.0467024688051945,,0.1415756262923763,0.1666666666666667,0,5
0.25376965485692954,0.95392231491460944,-0.16010365199379017,-0.96161243637353944,0.26667461355248478,0.064700639087874129,0.10441496293894496,0.1375386040156972,0.98497748599644308,-7.7590989823857175,-12.432465432631751,-1.0491455635228597,0.1681220794657946,0.1106472490589451,0.3770491803278688,1,3
-0.4717337011030629,0.88174068747210466,-0.00082176628499530658,-0.88152509592574257,-0.47163857592589475,-0.021692370817983586,-0.019514622638347759,-0.0095086147684585072,0.99976435510997719,-12.504187334455821,-8.4088968103312354,-2.3661822502725265,,0.5501211787543142,0.5945945945945946,0,3
0.37479247832397128,-0.81177631177927101,-0.44782788861997019,0.92690048412304282,0.338332056965574,0.16244048683106546,0.0196491914399929,-0.47597335940521762,0.87924016651439851,11.664806642311813,8.9046173224522125,0.75893181776417939,,0.2054488527253456,0.2045454545454546,0,1
-0.90195076947466091,0.42591802892217673,-0.071264592071493146,-0.41320309235962471,-0.89915082662571888,-0.14419082995368082,-0.12549109095275207,-0.10060628020822412,0.98698042659120333,-13.268776825392429,11.485215016791471,-3.8729196317421399,,0.3949165879825923,0.3541666666666667,0,5
0.14775857582840846,0.9870139275862585,0.063015157064864116,-0.98550854282428402,0.1415674242725293,0.093442904520348535,0.083308554719895261,-0.075908966108034256,0.99362845851701143,-3.1626867857046528,14.053486039771441,-2.2190012788129825,,0.0966090403332069,0.1428571428571428,0,3
-0.33774810789359516,-0.8756640012807253,-0.34516484826141697,0.93395850541372771,-0.35730423852323495,-0.0074290846466960655,-0.11682348128545439,-0.32487880508639194,0.93851267238433489,2.4285955899464406,6.8700698309458001,-0.98585371703835234,,0.09053329784194211,0.2580645161290323,0,5
-0.53129644871377657,-0.81739536361799847,-0.22268565988839356,0.83737569401831657,-0.54656370891356232,0.008370135362876896,-0.12855361002893512,-0.18202453580342029,0.97485436743858189,-10.276023258625393,-4.4945640334027672,-2.3777654706842184,0.3033414263328643,0.2930064266133411,0.25,1,4
-0.97429314932583611,-0.13730421578613597,-0.17860686298151879,0.15198615200378632,-0.98581231906164046,-0.071233988975720683,-0.16629211880250605,-0.096548557284225289,0.98133852839400348,17.073195515870339,-6.721848899119931,2.6091719651039686,,0.1988699298213139,0.1666666666666667,0,4
0.27585576948188745,-0.90835669904237115,-0.31431147250522395,0.96119284948410022,0.25951520642227827,0.093595746357604773,-0.0034497165377174737,-0.32793286651454845,0.94469473086037681,1.4418658083322362,11.784287786475973,-1.2649854812972972,0.1292320865007122,0.426952954904732,0.4594594594594595,1,5
0.38035364354632223,0.92401468450457713,-0.039089239707944763,-0.91683594203653462,0.38227346665961537,0.11523390160027132,0.12142059640365085,-0.0079912144225961611,0.99256897959841295,-4.5818020698064341,-16.117207235121686,-0.22798042526759424,,0.1467115404012168,0.2058823529411765,0,4
-0.96602088978158474,0.18993862276879342,-0.17529107246603035,-0.18933234412671757,-0.98170251374795825,-0.020333174086292538,-0.17594574155994586,0.013545998731555655,0.98430666052063631,-4.6941010802612162,-17.530038532477537,-0.097721020822668592,,0.1277066113821732,0.3939393939393939,1,5
0.97761005807309109,-0.081012201264120204,-0.19420504010109896,0.099925604535299264,0.99094842666252281,0.089644237145092343,0.18518490195634943,-0.10704316391723603,0.97685634212303951,-9.1522677962637182,-11.19792742296433,-1.4068117368340172,,0.1005019300700796,0.4696969696969697,0,5
0.084673118450002277,-0.96544963163492392,-0.24644973481004381,0.99571875447403968,0.07278210886248053,0.056981809537747605,-0.037075935600035789,-0.25021945049399952,0.96747899284370087,-14.678212535454604,-4.0597106786174946,-3.1240691961474485,0.2178751871384664,0.1799757047012135,0.6875,1,3
0.41909747033932249,-0.82862282062644022,-0.371135462455777,0.90747072124076478,0.39544479561139356,0.14184605639435174,0.029226707750739885,-0.39624188920525039,0.91768086217001787,2.6474660201795537,-24.791434910686078,1.9292399166979215,,0.4165102521336014,0.1923076923076923,0,1
0.48159107330422202,0.87572817481915233,-0.034208214534014091,-0.86606559654494586,0.48152712716613694,0.13439497120195906,0.1341656461056108,-0.035096860700703024,0.99033721013300358,-2.9095855375300599,-16.358131523854244,0.085158671425784802,0.7335037064342639,0.6507147738868582,0.3076923076923077,1,5
0.96755305240112233,0.20129297212160677,-0.15271617518691571,-0.17630764606012198,0.97081330072668115,0.16259504627418589,0.18098813422434484,-0.13039430396538002,0.9748028625129157,-0.98082662821417865,-20.174477182118459,0.81763520144805946,,0.2318711952435328,0.25,0,5
0.4454314476073854,-0.85135124550362162,-0.2771134826417192,0.89361656385852217,0.44181603501380801,0.079044468512136951,0.055138573431652439,-0.28284209019187878,0.9575803306959747,-4.4603881042553475,-18.531988930038089,0.053221191882331778,,0.3602475874485944,0.2727272727272727,0,2
0.9495075967278539,0.27685964591626594,-0.14759424182269484,-0.24573160415317391,0.94873296369565951,0.19880076035457944,0.19506743058851234,-0.15249426238508434,0.96886232121144322,-8.2879829779806133,-18.067486554155604,-0.73376358092415939,,0.1934071645545516,0.1176470588235294,0,5
0.41693547831161365,0.90416505796052427,-0.093007284060479339,-0.89955158632115928,0.42513089750523247,0.1003526956961297,0.13027567106774171,0.041824250736101215,0.99059526628094285,-15.437095824317177,-7.7097537931478826,-2.9147624894341537,0.4154152887608686,0.4630897832907429,0.5076923076923077,1,4
0.79857866891743989,0.5777831335922452,-0.16863795565167322,-0.57111408187780321,0.81584152249427067,0.090726598388256779,0.19000214480611458,0.023859185035453801,0.98149372094706755,-17.866189924791005,-18.469325951103968,-2.3735402744136254,0.2334700102101946,0.2051590280552093,0.3947368421052632,1,5
-0.40605326427313493,-0.86694848972636085,-0.28900010853685454,0.90750147269157666,-0.41974800040284249,-0.015896327262457644,-0.10752592076216555,-0.26872277968009589,0.95719707691010592,-11.609442539303071,-16.352441001709,-1.4767260524824846,,0.1045236956553571,0.3333333333333333,0,3
-0.0999509462971096,0.99479960677584356,-0.019584450284325039,-0.99491857633271596,-0.099684461710281433,0.014143357508490453,0.012117541103451795,0.020898575361931408,0.99970816478882851,-11.530614381116578,11.20376020073317,-3.5347415811522511,,0.1735873128905258,0.2666666666666667,0,6
-0.92244569610427252,0.36014705226344107,-0.13924093681334623,-0.34996561218522865,-0.9321734181386403,-0.092610954014856098,-0.16315026210987887,-0.036699036249987188,0.98591844120687788,3.8537743888870462,10.681826705872343,-0.80616598978661069,,0.2575779477389028,0.2321428571428572,0,3
0.82501003882086221,-0.52159228623938736,-0.21748545418112458,0.56236164096393604,0.7957177293957014,0.22490593566577902,0.055747830604875051,-0.30785513161375067,0.94979860882290812,-13.449600821073863,-17.73975590916535,-1.6841263735542022,,0.3692030598647783,0.36,0,4
0.96138613497332903,0.21366383062338398,-0.17344874448778225,-0.14965875271653953,0.93482161154168608,0.32204163136143799,0.23095228341883911,-0.28364823651478704,0.93070119840133292,-8.8091054772204505,-7.6813815973717556,-1.8372804905318345,0.6910546413573846,0.3893561468060733,0.1416666666666667,1,4
0.94042859364777054,0.32121349183336001,-0.1114268949307035,-0.28280610049116034,0.92096381003892414,0.26804173205598619,0.18871875840695265,-0.22056190347113297,0.95694183572593905,-20.298511248216542,-25.599436686412208,-2.0757999291286429,,0.4645748539050946,0.3333333333333333,0,3
-0.83184125973265455,0.55237917843635154,-0.054012608124137204,-0.54276564563049268,-0.82995485954868686,-0.12876484393977095,-0.11595504529646224,-0.077795721871453671,0.99020313730506559,-14.961482538563281,4.6949925759670839,-3.8309656691258125,,0.3374833230200027,0.463768115942029,0,5
0.78562964170562533,0.59706522012879248,-0.16217024691985676,-0.59080227706426425,0.80179640046684963,0.089862125581823396,0.18368107003491393,0.025212201628571528,0.98266251042759789,9.8313430144707841,9.2976143130718523,0.39711914142070687,,0.1334084382299637,0.3076923076923077,0,1
0.72751634777210739,0.66927095849573726,-0.15098459470598757,-0.66402304785042587,0.74221961985645502,0.090462300565320855,0.17260751909394079,0.03444444823678626,0.98438824878088527,-9.602751445734782,-13.623342632708782,-1.279347829932836,0.4388361298354719,0.3656849034717993,0.7714285714285715,1,5
-0.80018505778030913,-0.51331316020168571,-0.31018296676136536,0.55516448428863852,-0.82962824281063197,-0.05923997058974402,-0.22692789315034367,-0.21960550606645141,0.94882935927154177,-0.19048058975455689,-12.503661270800448,0.25508123700709057,,0.66353707732754,0.2244897959183673,0,2
0.09690618414733268,0.99057877299864494,0.096762006792459151,-0.99251070511549389,0.088912540702117654,0.083767895622611832,0.074375343395172197,-0.10415495470881311,0.99177621150361184,25.042356054621056,-6.2781129474707056,4.2340841503896218,,0.5630152169805122,0.2,0,1
-0.71942548613788826,0.68681835191315221,-0.10347715385805872,-0.6889111674134657,-0.72457919560018302,-0.01965687453302788,-0.088478095076006361,0.057144910348102852,0.99443757265754429,19.281773720759759,14.553620520419853,2.0593785754238261,0.3273706994723928,0.2745424495172507,0.1818181818181818,1,5
0.6393996792714981,-0.6972209598506155,-0.3241156943014199,0.7649392722817705,0.61943998636153663,0.1765276551066535,0.077691440123992303,-0.36080054939177308,0.92940142225523537,-6.3375517133126555,8.6165490389354353,-2.5171219159432718,,0.2233214117173096,0.3009708737864077,0,5
-0.60999882916625736,0.78018613240204127,-0.13860384995858743,-0.78847426137652976,-0.61501234312387631,0.0082557223801521598,-0.078802078415065036,0.11432154920585488,0.99031349371027066,-7.4453633556313594,-14.934231328472041,-0.83176511608790649,,0.1439169671469342,0.45,0,4
0.24595634976502867,-0.91340817455133838,-0.32433159061838823,0.96928032945756903,0.23214327191014517,0.081272038447903816,0.0010568523492083801,-0.33435760492269845,0.94244568813988827,-19.813137041239738,10.146511271803593,-4.8899447566155825,,0.3827273079330665,0.1428571428571428,0,3
-0.25161446039511115,-0.93771540839350953,-0.23954117846723585,0.96166954350360601,-0.27011054232774051,0.047243878132313254,-0.10900391010254643,-0.21847221284366808,0.9697360670809082,-17.587771541958858,5.3932200344870589,-4.3235025093055404,,0.08762272700765077,0.3,0,3
0.6063711441983205,0.78054443423047604,-0.15186975233878969,-0.77879866175379819,0.62151508008746958,0.084803594701867005,0.1605823151349865,0.066853507130828521,0.98475577106722023,-11.075764941623934,-7.1523586457028365,-2.2641341546564595,,0.1154044280406836,0.5897435897435898,0,5
-0.42904038725243182,0.90141646273283327,-0.058075010292815532,-0.90104933341424343,-0.43161385398846225,-0.042656532899125306,-0.063517280011278002,0.034027073918479908,0.99740047793276865,-2.1012433910204087,-18.111350446557839,0.4332623735632799,0.6074207608699034,0.5613052186382206,0.2291666666666667,1,5
0.98175454672083484,0.042185295263494106,-0.18541416034516026,-0.020516003871855371,0.99288808118632943,0.11727042177488547,0.18904259725812855,-0.11132681214182569,0.97563786177056511,-9.3794983757883124,-5.2706009972372696,-2.1954007586701412,,0.09610252073797951,0.4,0,4
0.93805401538419975,-0.24553485662197705,-0.24447351268635395,0.30605519759465233,0.91794033133584385,0.25241981723378881,0.16243423360510537,-0.31160581235058221,0.9362248327525049,-16.253453649324648,-23.255415210437128,-1.6833145103091633,,0.4779795768133454,0.5151515151515151,0,1
-0.7091404352861338,0.7002693932616727,-0.082113457503143139,-0.70394062452412987,-0.70977056741494793,0.02633132689477519,-0.039842693016030176,0.076475607172420565,0.99627508315767832,-0.017459657509406364,-24.018605451983316,1.3638640388225307,,0.1002167630922273,0.3157894736842105,0,4
-0.34614146076018143,0.93817969755373565,0.0022235648832173659,-0.93809559711482671,-0.34607626052933355,-0.014417786647423514,-0.012756951696445834,-0.0070765101579132331,0.99989358593172317,-14.544620986957904,11.357479859222254,-4.0982110223974484,,0.09277528762429703,0.125,0,2
-0.77851017201810324,0.6064650890106521,-0.1616230425268807,-0.61667181219913736,-0.78703276629215646,0.017184319059775056,-0.11678094066831179,0.11304654171542919,0.9867029397457,17.363182447910216,10.911630672709224,1.8620713196759975,,0.0863877976406689,0.2758620689655172,0,4
-0.80256892495901644,0.59620470069626108,-0.020568800592454979,-0.58979009611452005,-0.79816960827182692,-0.12277181662101935,-0.08961452569397213,-0.086401570002412553,0.99222175217325503,29.770691751595642,-13.818477804124111,6.1064771578201347,,0.5202472071723275,0.4,0,3
0.97451365066168871,-0.079973846852956831,-0.20958847414294923,0.13784430493786429,0.95057750456355916,0.27821099082156242,0.17698048556331558,-0.30001098586094854,0.93737469354176428,-5.1742453037468534,-14.736569459585542,-0.44551379133485491,,0.4566721166904569,0.3013698630136986,0,2
-0.82543117762407747,0.56426924293158742,-0.016235531637206362,-0.54978136869404803,-0.81009799437174912,-0.20367053334188889,-0.12807738927316015,-0.15919001537874039,0.97890485817605821,-16.708110436056504,6.4479301672611768,-4.2069325251316796,0.6181336809126387,0.3565953554768083,0.1111111111111111,1,2
0.61165624995114898,-0.73827685405473331,-0.28429547773882385,0.78903913490598754,0.59536345735525775,0.15152424635287587,0.057392294626635226,-0.31700101011359971,0.94668710992832739,28.320255276390572,-9.589756370770715,5.3338376669353735,,0.4354289484715949,0.7333333333333333,0,2
0.23185081755064815,0.9678570772340277,0.097457049253004524,-0.96938711440046987,0.22156130077740394,0.1058263314688565,0.080832053267423654,-0.11900952922279481,0.9895973479747926,-13.744574586775325,5.9008515058116755,-3.6854436758556353,,0.1344163709318344,0.2272727272727273,0,4
-0.28277390727672819,0.95911878177625243,-0.01140525350404192,-0.95918620569446644,-0.28274313774097215,0.0042592095327171706,0.00086033069588548267,0.012144155155002162,0.99992588691695861,-13.407057258326699,14.211150346024109,-4.0077613088091679,,0.083137013450072,0.4444444444444444,0,4
0.97673928230715423,-0.035264955460415019,-0.21151065532138297,0.11568242569121359,0.9171888228350048,0.38129023020887326,0.18054902598547229,-0.39688921147206013,0.8999338881455593,24.974725380701052,-3.7917426963582703,4.0499681241702286,0.6956442000312488,0.4236544154729108,0.2058823529411765,1,1
0.50075370522640361,-0.79428693687429452,-0.34402614524608172,0.86470484714976859,0.47700200625188816,0.15733598872276022,0.039131240942794694,-0.37626765465891904,0.9256842863740059,19.290510099546339,0.46576808505438683,2.5847129779583367,,0.3387885755793205,0.2647058823529412,0,3
0.25684609905255307,-0.88520458987104023,-0.38786971455983582,0.96591995854150936,0.24844299985605189,0.072627195413931894,0.032073588708682724,-0.3933051104343398,0.91884839609893043,-0.35969848630329188,-22.928828764095698,1.1411647262428311,,0.3336273423120673,0.2352941176470588,0,3
0.94665787172398563,-0.25353951622675858,-0.19888837978754773,0.28071716634363841,0.95192189589240084,0.12264818237795251,0.15823004273213293,-0.17193724969336549,0.97231725056427409,-4.4569207237383397,-19.789568235290144,0.16637584546828715,,0.1181952281142516,0.1063829787234043,0,3
0.9822003797370249,0.045640513905465155,-0.18220690858166935,0.0070698570398133181,0.96036121868515034,0.27866888374378773,0.18770303984187461,-0.27499686022938002,0.94294448176873169,1.8764575286652867,-24.026955525572859,1.7122369636581749,,0.6820364972366593,0.5769230769230769,0,1
-0.97873882658049538,0.065544014763944294,-0.19435609450814617,-0.039582545127748663,-0.99011284617057072,-0.1345725602387855,-0.20125489177916978,-0.12401828081632016,0.97165628416550631,32.77050340591331,-2.1827825804831575,5.5448219057498704,,0.5703505226795906,0.25,0,4
-0.92204044704552934,0.35223093518162535,-0.16054526562050994,-0.35510589348698801,-0.93475671986731601,-0.011387672005539983,-0.15408185624170764,0.046510675806481022,0.9869627848167003,36.505040454774608,-14.112377167413607,7.4434984185157251,,0.1255113004699093,0.6,0,2
0.98036235398563831,0.09511250714270017,-0.17275203579920098,-0.05721115439609667,0.97550357780860575,0.21241387312338214,0.18872344502049707,-0.19835922128209749,0.96178848019299756,15.023323971945885,31.553469625211321,0.41749060456270809,,0.3523250457890348,0.5,0,2
0.27786511303517264,0.95976084708397202,-0.040621365838777623,-0.95448486798066468,0.28061509190073197,0.1010633810708759,0.10839564453373596,0.010690491204844367,0.99405034965232797,-5.8098479158737861,13.189891293036098,-2.6674227071593424,0.5691809899737529,0.4939979580500547,0.2,1,3
0.8281176907375728,0.55807441304794836,-0.052669154053002584,-0.52402989628220142,0.80409607257191129,0.28075286975718333,0.19903205292097143,-0.20489620683559889,0.95833385953666916,1.0662305810577046,-27.167830026832984,1.8235883916487901,,0.3243887506482666,0.6190476190476191,0,5
-0.42016356374830016,-0.82590765539513966,-0.37595096017702934,0.90306045819690173,-0.42125253591995604,-0.083833822662493701,-0.089131299438124062,-0.3747303640495499,0.92283951243960161,27.540342250578146,14.694436601347737,3.751095784877303,,0.4934182960615378,0.1818181818181818,0,3
-0.28887008189648145,0.95612205089027147,0.048833385982362747,-0.95735279349460423,-0.28877975214515339,-0.009048952373747688,0.0054501901983992993,-0.049364750099297035,0.99876594699380716,26.280243225185504,-7.071498207457366,4.6175979741629209,,0.4803878267720838,0.6777777777777778,0,4
0.031317179725149698,-0.94834608266006226,-0.31568804500230541,0.99825096839214955,0.01383185789061573,0.057477680985141805,-0.050142181426405787,-0.31693593549897231,0.94712057016580142,12.872627150821469,4.3724591128233952,1.2155859321616418,,0.1128604799376943,0.3055555555555556,0,1
0.31175934210267386,-0.90093381305621023,-0.30186814522851746,0.95014749767641404,0.29730290417958166,0.09397188848605055,0.0050838244419114708,-0.31611587694765325,0.94870696585966929,23.656108408074946,7.8891730453222282,3.2316856940565359,,0.2152545764228209,0.1428571428571428,0,3
0.90256012649257222,0.39821824080331153,-0.16372981022778355,-0.38463515017621108,0.91660592077364167,0.10903846684370684,0.19349681990832249,-0.035437532281726157,0.98046068865158786,-3.8553938623114168,-17.637548171382228,0.02812409154622925,,0.08480389523442645,0.2258064516129032,0,3
-0.94370863656807502,0.283325992463902,-0.17070556892254041,-0.28687107845105231,-0.95796061040823222,-0.004056261162142606,-0.16467845522457839,0.045142561963520011,0.98531373454560878,19.075466920220073,11.917896766834549,2.186769166938852,,0.07399197113274114,0.35,0,3
-0.9794935266558269,-0.069174581410113081,-0.18922819167889868,0.071431514047251898,-0.99743234160449523,-0.00512471680093852,-0.18838781818431796,-0.018536483164510932,0.98191976696247607,-8.2538779372647166,-14.861980796256148,-0.9873416073786373,,0.06979688090132359,0.2692307692307692,0,3
0.62253425897071968,-0.74640028526063773,-0.23523968749047372,0.77895041475099103,0.61994727567356678,0.094348432653551556,0.075414506343515403,-0.24197518374362556,0.96734722963639208,-12.592222463405749,-7.495094204140039,-2.4867974276597526,,0.2748125484702582,0.2857142857142857,0,1
-0.43559940985675194,0.89091563979151867,-0.12853978725406481,-0.89954163590352187,-0.43605698240737034,0.026060571171702566,-0.032832901310523036,0.12697885992813562,0.99136187627066108,-15.127419699245246,-21.104837749703343,-1.6404125381741872,,0.611377610535363,0.5862068965517241,0,1
0.13485525444366808,0.99000646360292055,-0.041246361941046743,-0.98751923860733914,0.13770142346339626,0.076446526124702319,0.08136223773541347,0.030422360207463903,0.99622018965191261,-10.054383966659486,19.964579074208615,-3.6723624567986159,,0.2725201712045956,0.5384615384615384,0,1
-0.95491503936033728,-0.19605561229279181,-0.22293376705188933,0.22628439643388015,-0.96675649481016168,-0.11906826475986912,-0.19217866565777306,-0.1641465096518053,0.96753464218865548,0.4855789650531383,-21.940073806228643,1.1971353377253844,,0.6682534070530874,0.382716049382716,0,2
-0.08621292533098332,0.99614399082716532,-0.016262873202603167,-0.99576860832930725,-0.08563619155686375,0.033336486940758525,0.031815250616481779,0.019068094675813087,0.99931186202988975,-10.373157187710452,-16.708164160803847,-1.2011582254534234,,0.4093538893477344,0.1379310344827586,0,2
0.30766042782100889,-0.83851715551894379,-0.44970439296655063,0.9514808398082677,0.27381243248323273,0.14039573816668832,0.0054104187220528708,-0.47107932635389044,0.88207425744730672,2.199660323673569,14.623348959616655,-1.1922975392330157,,0.7600186458312788,0.3064516129032258,0,1
0.59866996793063965,-0.68539819309069339,-0.41451608702913117,0.79670469036134439,0.56302216196078658,0.21969907031491714,0.082800397669117468,-0.46177414614616219,0.88312441484584814,-13.49448926025793,16.122735705769106,-4.0990532261424688,,0.4638035240364196,0.2758620689655172,0,3
-0.14069488903386104,0.98968997422147609,0.026808639003942043,-0.98977207341511864,-0.14124840682648268,0.02000325614786827,0.023583699609822449,-0.023720086308328812,0.99944042674800726,-1.2087924405630752,-16.460870664945233,0.42943828220432978,0.6467020571731269,0.3132549771166889,0.2857142857142857,1,3
-0.41785172061879167,0.90843523317230246,0.012056811647357814,-0.90805370288916365,-0.41717971128030612,-0.037410709233574702,-0.028955349163737883,-0.026580361684239016,0.9992272374828165,-6.8746593416384041,-11.543324620134907,-0.95856212501738813,0.8071824561888904,0.2290455655764191,0.2352941176470588,1,1
-0.63540410968948624,-0.69242671366973441,-0.34177019119028273,0.7521446660366522,-0.65516277824812774,-0.070993910660049425,-0.17475702773371873,-0.3021704489104215,0.93709818112242105,-11.652321355642826,10.139840667415779,-3.5106088246336777,,0.5737683874365747,0.3676470588235294,0,2
-0.92463515417307995,-0.28133660271607591,-0.25670907198519882,0.32926458021651983,-0.92924898538892031,-0.16757433982713796,-0.19140184921302109,-0.23947033036649656,0.95185045726311301,17.54595887396006,12.24482074581767,1.8442506888945811,,0.09391814560797493,0.4545454545454545,0,2
0.78885947129555001,-0.52215598873377234,-0.32412012892870662,0.58531025340387866,0.79912108199473209,0.13717654162375895,0.18738367540314679,-0.29792384889602974,0.9360174883256096,-0.80845464918515531,-22.38258604208189,1.003949996169224,,0.5363306386668196,0.8679245283018868,0,2
0.4712049128172589,-0.81918120161761443,-0.32696802451187934,0.88188178371572556,0.43091070656967168,0.19131252576346583,-0.015825602271313143,-0.37849454669776683,0.92546822119011873,0.75819804468024654,-32.122488114178942,2.2550912179712048,,0.3773858697742515,0.25,0,2
-0.34951255869429909,-0.90045858743451312,-0.25887314196417704,0.93154737162617407,-0.36355505910843317,0.0068712017165674637,-0.10030187302005017,-0.23875102368807646,0.96588688931808409,-11.571502521861362,0.67201591249699077,-3.0188244944239129,,0.1415965287251323,0.2,0,3
0.48898900681380375,0.87081850209016476,-0.050644719692109194,-0.86064648347413453,0.49110268810000102,0.13455772079133888,0.14204711084304619,-0.022210046339338891,0.98961069726572193,-1.2546710158293353,8.6417547558668115,-1.6696952828503315,,0.1002182782252279,0.2857142857142857,0,1
-0.24513003767484379,-0.91538002925133533,-0.31935977623576112,0.96419709403604303,-0.26455990649192079,0.018221408547014126,-0.10116930602697995,-0.30345915363490333,0.94745834398838269,3.820058125484822,17.238172632364371,-0.94514781420865412,,0.3825388199790034,0.559322033898305,0,1
-0.18633017692489601,-0.94036836176326,-0.28458462601099788,0.97829154819636166,-0.20432126014175514,0.034618916529130746,-0.090701223226054936,-0.27195618553136053,0.95802563705598687,7.7066975933412758,12.680058077359565,-0.082454451398745507,,0.7005535454222984,0.6262626262626263,0,1
0.061735798159535671,0.99800530902762785,-0.013194482872593796,-0.99772476685014022,0.062066491726684977,0.026325657039769478,0.027092080751380237,0.01153922689834248,0.99956633867050071,-0.152281045871132,-18.67876359438997,0.86129657631710799,,0.5084797946298302,0.2926829268292683,0,2
0.49413750633435177,-0.75049079800818252,-0.43885269389478504,0.8681761363926519,0.45256593338791673,0.20360322231008901,0.045807434243759028,-0.48160942478502755,0.87518800318916534,-9.9908627213368817,5.1395707158755313,-2.9955073777149193,,0.7102254354292479,0.4487179487179487,0,1
0.24073409681346361,-0.91796392269983518,-0.31526073534922849,0.97055406702104485,0.22483475371925024,0.086453088486832419,-0.0084792464472951117,-0.32678979503885114,0.94505900992379888,-4.3597897752373642,12.500283177470633,-2.3751281801397748,,0.08576899287300201,0.2727272727272727,0,1
-0.75214291382268583,-0.53927077042647142,-0.37877179587445647,0.63190756811933646,-0.75329664952279063,-0.18231012909667133,-0.1870130009914468,-0.37647203612138169,0.9073560180429705,-8.3474173303083514,15.208694744823472,-3.1470148578974682,,0.5650651308307368,0.5283018867924528,0,2
-0.5519373062144256,-0.80124017103676348,-0.23103981978382576,0.82125275550293508,-0.57033986341121856,0.016010989441932917,-0.14459986717698187,-0.1809050262459603,0.97281254612147583,27.227153790053276,-5.1100665885702723,4.6939645333288311,,0.1145550554615182,0.35,0,2
0.40221823773933746,-0.82995040583916146,-0.38652660073696665,0.91496112894008541,0.37944318565792218,0.1373644837155992,0.032659175717513922,-0.40890731554373055,0.91199132974841035,33.322033369569986,-15.212303701957762,6.9682480725871931,,0.1775385027687928,0.3076923076923077,0,2
0.97679397730994222,-0.07555312731547173,-0.20041270130377675,0.11478464741324951,0.97465580182692668,0.192017063521259,0.1808259124385681,-0.21056541244459726,0.96071025625460904,-17.25138269463179,1.3423421314976451,-4.0338385169435664,,0.1060355609659292,0.3333333333333333,0,2
0.72407796350859921,0.68084353739623216,-0.11028680948792059,-0.65531481294191885,0.72897965046730873,0.19786653366210813,0.21511299054249935,-0.070998216811027207,0.97400495610110571,-6.4624220843146407,-14.247508097713316,-0.69106391387585431,0.4846458210926152,0.1866516121837311,0.2941176470588235,1,2
0.033542164415419261,-0.89495233310554001,-0.44489913989046947,0.99820013986389855,0.0078560799914234938,0.059453871050263604,-0.049713217377494269,-0.44609259518189587,0.89360505400420565,37.595586400922528,-25.625389081660778,8.3341259737634754,,0.2984502138019294,0.3333333333333333,0,1
-0.90171802619800145,0.41611477800157037,-0.11727358081974226,-0.40551189721526304,-0.90812465291555156,-0.10425793007674529,-0.14988229530688044,-0.046455422672850806,0.98761186265548073,-9.7189798729090722,10.460109091452765,-3.2276674631409068,,0.08180816515750655,0.1428571428571428,0,1
-0.33465995383371161,-0.84536419151490694,-0.41636774491351725,0.93495132959242888,-0.3530849918657985,-0.034597685074004333,-0.11776555775509698,-0.40086203639591333,0.90853778192387469,5.0773105284067128,-23.279882724240768,2.2515538014003997,1.033367838186172,0.7809461319622031,0.417910447761194,1,2
0.97811983592201801,0.1329639400530821,-0.16000680367236655,-0.080774009808187219,0.95148514159021769,0.29690332546563419,0.19172153221637298,-0.27748264085993896,0.94140652117244361,27.411624438905978,-11.453148704643089,5.4332422118738632,,0.4340701087708244,0.1481481481481481,0,2
0.42198318392619938,0.90483344023293499,-0.056627183575910144,-0.89705096403585904,0.4257649166942909,0.11842214165704079,0.13126218193312184,0.00082531723360822272,0.9913473450035668,-9.7243848209845805,-2.5717130198315585,-2.5262132336054344,,0.2570642732345485,0.4545454545454545,0,1
-0.77068185547924217,-0.55312504696290599,-0.31638925401687623,0.61069497236593961,-0.78289009182039682,-0.11888967514639295,-0.18193715497950586,-0.28484344217786295,0.94114987387037874,-2.9963011929868406,-14.597819543105977,-0.068624975574536215,1.192641689474517,0.5217178215904092,0.2461538461538462,1,1
-0.90378705228568257,-0.3693718414250422,-0.21617910834081733,0.3812214620921151,-0.92437209264018094,-0.014367713400643611,-0.19452290600622665,-0.095397469097909304,0.9762480022661284,27.004814528592792,18.351049875769384,3.455003631702847,,0.1196412107722117,0.3529411764705883,0,1
0.57407032057271179,0.80828635732035703,-0.13082978104136914,-0.80397176203344412,0.58670473930666855,0.096989456787494585,0.15515370730466913,0.049504681040109036,0.98664918469774976,5.641290144005926,-34.121024783884316,3.2459453239943241,,0.08929007669505641,0.3636363636363636,0,1
0.57071629317756845,-0.75606220883939446,-0.32039483308342004,0.81870734371224985,0.55397572128723294,0.15109330089690429,0.063255023937141497,-0.34854101134470056,0.93515665284353588,5.8625718908032844,11.47719397730433,-0.42475004657113569,,0.08220548907659303,0.2352941176470588,0,1
-0.12658634301227997,0.98469357072740638,-0.11981013951618716,-0.99145484022306307,-0.12175887014832582,0.046819625569457152,0.031515037062304727,0.12471306791316601,0.99169221693560139,15.758026664796864,4.9730647090334497,1.7491028452013551,,0.07579366809881985,0.2666666666666667,0,1
