axis_00,axis_01,axis_02,axis_10,axis_11,axis_12,axis_20,axis_21,axis_22,location_x,location_y,location_z,dbh,dbh_approximation,score,reconstructed,number_clusters
-0.93786417646168785,-0.26077057232994727,-0.2289312017103648,0.25498668033042293,-0.96537713632059052,0.055034330408635014,-0.23535628176003864,-0.0067596801823654479,0.97188565549653072,2.2858437516803471,-6.1703030564847428,0.30772581208361727,,0.06782522023610146,0.2328767123287671,0,5
-0.11201225896924262,-0.90973982623794492,-0.39978331930829847,0.98759164155001988,-0.14648066888603561,0.056622991648590859,-0.11007271860522082,-0.38848019537584305,0.91485907899501218,6.0258673351114425,7.1284978495569113,-0.19086945888982695,,0.3935808411191875,0.28,0,6
-0.24206264961069415,0.97004877104488341,-0.020274502651404791,-0.96959334819471854,-0.24106852430391446,0.042127256337058258,0.035977948802086206,0.029855458198535537,0.99890652156032567,2.7181907456781862,2.431094390724911,-0.65235904351859764,,0.3863434270514366,0.6260869565217392,0,5
0.87397071337542098,-0.38653961034524092,-0.29455444623398158,0.46207934292384767,0.8486900405143849,0.25730895043654672,0.15052532346792435,-0.36098801194200564,0.9203422093053405,3.9032118220320267,-8.114589032582499,0.98660935142932504,,0.3122466325717945,0.28,0,3
0.95360791781489185,-0.14892040598346576,-0.26163839886849027,0.2276887250018457,0.92533008802624395,0.30318653119882888,0.19695122134117732,-0.3486931901759257,0.91630959589930894,-0.91898756152756045,-2.1916489304431117,-1.0042657874446259,,0.1099841727174771,0.3484848484848485,0,5
0.81597068355589009,0.57300169151790659,-0.076556548347950171,-0.55452879426325796,0.81324064396234919,0.17645812914298337,0.16336970315903646,-0.10153184980744802,0.98132646125762168,-19.085525539934011,17.871492057657271,-6.227545492100977,,0.2348458018130687,0.3888888888888889,0,2
0.36265493279422573,0.92443143529454486,-0.11793184963903594,-0.91803706866147139,0.37614342808643841,0.12539562221559347,0.16027894522821495,0.062790468597159907,0.98507259466999708,5.6572636433234944,-3.7810202820617089,0.77553537755974966,0.1742459456787637,0.1647428178574849,0.4466019417475728,1,5
-0.93666213380929397,0.31793760516624059,-0.14690039587752932,-0.3044322012150194,-0.94646732613345286,-0.10733422299140638,-0.173162010704418,-0.055814691461539202,0.98331055026672765,2.7146274878759313,19.422007762035371,-1.5030953131794647,,0.5688465445493005,0.3235294117647059,0,4
0.033581069140247589,0.99338341713825462,-0.10982576359908977,-0.99599710560092547,0.04237083518521597,0.078705005941721543,0.082837657076821503,0.10674314441889242,0.99082986616754243,-13.324440414146043,-2.6686279651083749,-3.5838810842155326,,0.2074967710919521,0.3541666666666667,0,4
-0.51253376983675225,-0.80454605687987524,-0.30002462754909537,0.83706624642430749,-0.54602762439933561,0.034262698229126712,-0.19138765340023686,-0.23357969892921862,0.9533159446763112,9.5078387413546821,14.396259272692296,0.38361307995989946,,0.09724582900611892,0.3333333333333333,0,4
-0.14743580514867677,-0.95470492435804089,-0.25845926326341839,0.98298965187841736,-0.17037254107248681,0.068589660652696879,-0.10951724823108816,-0.24395020937685497,0.96358407400956914,-8.6424794211598126,15.988518326315871,-3.8568378488496391,0.1519399258621141,0.1251630352059256,0.5694444444444444,1,5
-0.046042171028880169,-0.88983356188056717,-0.45395633120146095,0.99425487078852803,-0.084780047502529862,0.065342141522580499,-0.096630069855275974,-0.44833979936696661,0.88862481053780662,-27.357155942627642,-10.34575879223879,-5.6655202554756761,,0.449041061656947,0.3333333333333333,0,1
0.91104001909482912,-0.33801828652793453,-0.23611378947535894,0.37250270121598228,0.92025819428215883,0.11986072519110894,0.17677053259661726,-0.19715094174074077,0.96430476768304341,-6.6926510769836955,15.956838283780376,-3.4393459912187696,,0.07978416408244156,0.5370370370370371,0,6
0.85282715441250789,-0.40658781210738681,-0.32767696858704271,0.49322447581827639,0.83328426634711406,0.24973375405046741,0.17150936169915634,-0.37459802789667895,0.91118651018628871,-10.770539569517494,-15.126391662742185,-1.4912557938221003,,0.2170761841553352,0.1923076923076923,0,4
-0.69500277667653132,-0.64589874726573548,-0.31588913987737166,0.69290134385705793,-0.7189780301501737,-0.054390438888280539,-0.19198663519369141,-0.25668151558289104,0.94723583729981142,-18.605488646511173,13.086556035949361,-5.8931973321717823,,0.6509609871928966,0.7777777777777778,0,2
-0.93753389195419579,0.28809073685175624,-0.19502289295728603,-0.28579909635819506,-0.95743683822193959,-0.040417537485763974,-0.19836602016992705,0.017844555354120641,0.97996555749993397,-0.87829195097581725,-18.821422222094188,1.2355288948900676,0.444701399793774,0.3656097658865788,0.3666666666666666,1,5
-0.91237014528123883,0.34806832315398667,-0.21547426857113144,-0.3679605961958638,-0.92796532640741547,0.059036875194781471,-0.1794037838137103,0.13314952272671438,0.97472328737492075,-8.297363266243627,1.4859444487843716,-3.0543436262084174,0.2568784845666948,0.2221532672068241,0.8697972251867663,1,5
0.080040675935645331,-0.937526721254198,-0.33858106434075541,0.99454541330073198,0.052321917130177656,0.090232133246973142,-0.0668798256445223,-0.3439564855067811,0.93660078208358444,5.1462768036949349,-5.2111317029050346,0.86062619079469616,0.4462192628189442,0.2631569725413005,0.5567010309278351,1,5
-0.025110034380414672,0.98882009407508675,-0.14698403902040416,-0.99656446812721344,-0.01315196236425379,0.081769717819579882,0.078922411517507923,0.14853231109528522,0.98575321735257571,0.78362349192100123,16.693384291855313,-1.799790390762847,,0.3266329847714554,0.1724137931034483,0,4
0.95565470838299693,0.206229563184602,-0.21022237182112349,-0.14351464694946581,0.94949148391667648,0.27905101340199312,0.25715292037303528,-0.2365064253638734,0.93698297012551024,-0.15211131367083303,12.109039042051547,-1.9055791015785015,,0.3278688638580445,0.3684210526315789,0,4
0.16512379826072104,0.97968359988508424,0.11381641078577062,-0.97864803147134949,0.14843076721629109,0.14218416874193898,0.12240164110503457,-0.13486419635984098,0.98327487855380957,-3.8620574024702661,-11.284085555119445,-0.42050444947021265,,0.5401179872948559,0.2702702702702703,0,1
0.19414992241702739,-0.94065288809004777,-0.27834861550457862,0.98059992039134336,0.17828653653024099,0.081472124193147116,-0.027011178314815837,-0.28876643679608022,0.95701846441233396,-14.243151223969754,-9.1091382766882258,-2.957678034390403,,0.1050087608524688,0.4210526315789473,0,5
-0.62944441672750673,-0.72949661035471081,-0.26764607550187963,0.74907661899184608,-0.66123764514209826,0.04060782592898627,-0.20660093206545666,-0.17492704801694131,0.96266119831525587,-12.376554444580547,-9.4478818766866262,-2.4695669502766475,0.4749101993785473,0.4508269464739419,0.9444444444444444,1,5
0.91619671764059496,0.33844478422619401,-0.21456631286081737,-0.32223665117485834,0.94052600537613784,0.10758426395537068,0.23821653012378052,-0.02942721939448327,0.97076615285788348,-5.6396064494016462,-4.53837752479145,-1.643599268984806,0.6269246436146233,0.5600689733047505,0.9856902356902357,1,5
0.96207787242121301,-0.14937847580129604,-0.22823724140629251,0.18179327143413257,0.97494180902158478,0.12821729790865327,0.2033651244897916,-0.16484701995790577,0.9651259431557363,0.32928088723054882,4.0256708415024764,-1.3776198152652976,0.1446188733398371,0.1291205779565086,0.5645161290322581,1,5
0.46311326043246226,-0.81456205374986834,-0.34930612448454657,0.88583313018822951,0.43818348106445648,0.1526266765122043,0.028736274506975024,-0.38011037543460241,0.92449463438920387,-19.483875400256601,-3.3398859180995339,-4.7118188774164675,,0.1187426515856725,0.4210526315789473,0,1
-0.10807894936989998,-0.96350913423986217,-0.24488586921145397,0.98798876981446593,-0.13146526659422508,0.081210063414622127,-0.11044062397322926,-0.2331673903350554,0.96614483213478031,-5.1339528038199953,-7.9499195653881705,-1.1119747209346023,0.8272566293613111,0.7429665477271232,0.9946808510638298,1,5
-0.88499682160124882,0.44616557777380311,-0.13310485703181246,-0.44521730237736501,-0.89459538571224517,-0.03847920901194489,-0.13624308943764071,0.025206607707727056,0.99035470792456926,4.1452107083881486,-9.676246651542936,1.1863458626193328,0.1113795135550322,0.1632206523523551,0.3947368421052632,1,5
0.81013801445698652,0.56180993824415637,-0.16746937278735249,-0.51996918839007766,0.82055057260537334,0.23733689330139687,0.27075531510324247,-0.1051967256481483,0.95688306927035371,-16.303325063695802,15.446675898624926,-5.4950805650264556,,0.4523929678892943,0.7246376811594203,0,4
0.84426544748581411,-0.48330847810250421,-0.23157886167743966,0.51596789682279809,0.84984596181570049,0.10741960078963622,0.14488955666243117,-0.2101779155377361,0.96686724020952086,6.7285132986799718,-15.275422000787222,2.5730260282962694,,0.1025024360067414,0.65,0,5
0.48425443003073176,-0.81095815043794783,-0.32839690198580651,0.8742444660020634,0.46332392814755985,0.14500879721824866,0.034558076630210682,-0.35732032665967817,0.93334233992434013,-1.7430322559353242,-18.042852333706499,0.92218506848676896,,0.1084661002125693,0.4444444444444444,0,5
-0.8280153085619576,-0.50743725949210305,-0.23853317686684369,0.51868450148937195,-0.85477849593150546,0.017891640723922617,-0.21297191528876921,-0.10890890951715658,0.9709695220376463,-1.0574077064070302,10.787101317753063,-2.0806908435486999,,0.1080138949722716,0.1851851851851852,0,5
0.63353650087303492,0.7690142417524497,-0.085138698859308651,-0.74814758633108647,0.63693586042760586,0.18597822122043037,0.19724779118793923,-0.054127679455621629,0.97885826511718654,5.6770549758011155,13.148078193846869,-0.53753310801904097,,0.1951654829006492,0.3043478260869565,0,4
0.13761518916409635,-0.90385576027782655,-0.40510100508875974,0.98789687553052519,0.095699363453491379,0.12207127078729051,-0.071566912944163022,-0.41699687822235548,0.9060859675132672,9.1912420429854151,12.916551032410272,0.3924617945351021,,0.1624797095859221,0.4583333333333333,0,3
-0.79277341577612248,-0.55723919741640771,-0.24697122929883622,0.56411798643047983,-0.82424344862665433,0.048924786986376242,-0.23082722678289389,-0.10053464208301102,0.96778694820552325,10.895622298953947,8.8638189455290544,0.98054343523937959,0.09623572348657886,0.09723119289866604,0.1739130434782609,1,5
-0.93328151420726724,-0.2738446688061883,-0.23236762383219334,0.27167793988489791,-0.96147447086747673,0.041927781362762359,-0.23489723757185493,-0.023998734061089076,0.97172390551255672,-1.4982037806371375,13.582413415421257,-2.1973953263417849,,0.07184251882974702,0.325,0,3
-0.9559389851748189,0.23311061040616149,-0.17843794422432568,-0.2099500414020343,-0.96771464252061068,-0.13946092917548639,-0.20518683373506422,-0.095853085329960577,0.97401773561599236,-4.4050442301494508,4.1307406130758002,-2.4746657019324787,0.4216839117081796,0.4873826092595553,0.5075757575757576,1,5
-0.90402777700915526,0.37800979456157457,-0.19960554504171626,-0.38998537529966387,-0.92053429967910727,0.022978471808963979,-0.17505766320919744,0.098616420183513034,0.9796068681986273,-10.316915581373157,11.050826422265521,-3.9285399835525778,0.1913526827296549,0.1196033144760503,0.3707865168539326,1,3
-0.46922237550303797,-0.7931285604533358,-0.38830071970124547,0.86147618272652415,-0.50778355232356764,-0.003827608208143153,-0.19413693343159247,-0.33630782117411073,0.92152476933335847,10.212874100154869,28.10318420297115,-0.21613067760621926,,0.4755596104395012,0.5454545454545454,0,5
-0.94158670248340504,0.27731826764764195,-0.19107344173207094,-0.28220328541869127,-0.95935310072161073,-0.0017128440466415873,-0.18378190173497747,0.052308761835301774,0.98157424886247546,-1.7338810111981011,-13.881318913055797,0.39930298628370908,0.4806478635713877,0.5457726794429391,0.7297297297297297,1,5
0.3012124737006337,-0.89701017976596098,-0.32348691331085294,0.95347976774101495,0.27900834622899745,0.1141519830887746,-0.012139942161518539,-0.34282222817489272,0.93932185201533369,-17.378599704593718,12.749208294005529,-5.5691166521095221,,0.08810316722136544,0.3235294117647059,0,2
-0.78683431251082725,0.58486936725520344,-0.19702687101538266,-0.60477724115368214,-0.79433523523194316,0.057236549962020163,-0.12302948117486015,0.16419304892568329,0.97872590108075341,-11.663188325313554,-7.2842549353963228,-2.572247979089564,0.2107869533842439,0.1702758304441354,0.4814814814814815,1,5
0.90886420604720386,0.35788738213831778,-0.21420195300782788,-0.34211688496632997,0.93343418696481006,0.10796599291573016,0.23858309241671108,-0.024844321514710839,0.9708042375790048,6.5675892956915218,10.385562481029041,-0.23537329705886556,0.1244191570862293,0.09652832354249288,0.3076923076923077,1,5
0.9551136753620294,0.2245371752158164,-0.1932379985472292,-0.1963350550256831,0.96826104220211118,0.1546709420729846,0.22183420228742728,-0.10978893887721264,0.9688838813788353,-15.773996771030371,-4.5451569848011131,-3.85762490798645,,0.4806299580354373,0.3225806451612903,0,3
-0.67926928127707475,0.73130762590784371,-0.061501217893319818,-0.72814600073434854,-0.68204639280515267,-0.0679420317333497,-0.091633209743533714,-0.001369069214703993,0.99579188614970371,-13.525171336057344,24.273813241408234,-5.3818963786889675,,0.2334681835516689,0.3333333333333333,0,1
-0.8538905516285239,-0.4346449008601373,-0.2862773759761989,0.4676018050841399,-0.88220710632065813,-0.055309795148657033,-0.22851581503605092,-0.1810923292511688,0.95654905287956693,4.4388670280307672,17.564165416308168,-1.0141833531831719,,0.1623755737465661,0.4642857142857143,0,4
-0.86353776285634409,0.4570233008620937,-0.21314838631849467,-0.48034405451165224,-0.87414078696317798,0.071745897880678366,-0.15353215108363794,0.16433985224684233,0.97438200493806248,-3.0040170541482465,16.906870546826838,-2.6216212703780295,,0.07577272476566044,0.2903225806451613,0,3
-0.40725446300550494,-0.87462693423854654,-0.26300480654653557,0.89535314867956872,-0.43916289750424292,0.0740181640224995,-0.18024023277748397,-0.20533795401766491,0.96195102948547173,-10.096313195579562,8.2637571636387861,-3.7928928601820773,,0.07488008279644966,0.4378109452736318,0,5
0.79610083718484914,0.56942065979394707,-0.20489892443204388,-0.55955912542356878,0.82157649304234281,0.10911302046711195,0.23047134786951998,0.027788096013788958,0.97268226031481364,-10.497438196612228,18.217157167690711,-4.4172807379468964,,0.06659289138427255,0.3333333333333333,0,3
-0.32630905928536036,-0.90005679414034201,-0.2888254925558229,0.93244967302141057,-0.35663116333931155,0.057894910117503688,-0.15511287860963649,-0.25042360243607187,0.95562964281795482,-13.625436632804711,0.63001046290544604,-3.9995237924664457,,0.08522524444532847,0.15,0,1
-0.88736275059599401,-0.36410697348542859,-0.28286650687911874,0.38789031329856349,-0.92118146183657867,-0.031077632113272666,-0.24925579973965581,-0.1372983110890556,0.95865568379279886,-6.4920449017318793,-15.32622760199639,-0.54974474127897799,,0.2083693202809083,0.3846153846153846,0,5
0.86075438157867323,0.48504267226158415,-0.15438750169122684,-0.45159767217384111,0.86762538946293188,0.20805221951823746,0.2348647208081393,-0.10936082317099773,0.96585649724743128,14.320223408551268,15.707641732429956,1.5645851733964395,0.364014042649938,0.2739099345665172,0.32,1,5
-0.97500176608380296,0.0365935068853794,-0.21916311593718496,-0.050107624131519334,-0.99714876788437079,0.056423051234198614,-0.21647351370863066,0.065994317638053607,0.97405542342421547,-7.2914190579163236,-13.616244030277425,-0.86183433899834649,,0.0882238626337529,0.2222222222222222,0,4
0.58047415399200197,0.80526594497965898,-0.12081603537315305,-0.78918461213736213,0.59290898599158559,0.16014550351487042,0.20059263324676513,0.0023858303475180974,0.97967183449391959,0.77919180986354064,-9.5227964698591361,0.39591358526694986,,0.1885230566645719,0.2,0,1
0.11403716900037955,-0.83739513294465329,-0.5345698414678719,0.99166640727344335,0.063479726490187904,0.11210736376399486,-0.05994381345694149,-0.5428993605129202,0.83765567125335083,9.5084551437521618,-4.748866280770117,1.856566520008933,,0.6095292604978643,0.3875,0,1
0.14783451042182963,0.97536338125399502,-0.16374135713714122,-0.98185811843433668,0.1646170886767101,0.094105522580713044,0.11874170620688808,0.14685873696984805,0.98200454101938794,-8.6139292720256595,17.84632327713167,-3.944190804409947,,0.08271588789845238,0.4117647058823529,0,1
-0.93352881194135928,-0.26956259694649032,-0.23634712522647799,0.27036682945945278,-0.96230104156583163,0.029639212698061367,-0.23542670792286841,-0.036231363882440581,0.97121653274016106,-14.957586477270661,16.260130926621098,-5.2264366805831042,,0.06513899807385851,0.3,0,2
-0.71874187269709799,-0.64154199662941591,-0.26801863180124452,0.65923526408387112,-0.75131689204828023,0.030525306078425012,-0.22095019126522028,-0.15474751785943192,0.96293001754863106,-15.656513535398265,-1.4953628031947783,-4.1626043509390227,0.4748837855357058,0.4448858822139479,0.8447368421052631,1,3
-0.97033370204621316,-0.0048749688511084497,-0.2417203784375489,0.038771239772682119,-0.98999480818781882,-0.13567266020703425,-0.2386405196939119,-0.1410195533954951,0.96081433582162723,7.5043475740778414,23.592600566168819,-0.6162515492790801,,0.15634149967467,0.4166666666666667,0,4
-0.077846218621629826,-0.90963260968174153,-0.40805450818475197,0.99192767232392964,-0.11176226222003624,0.059905672698770798,-0.10009724833553525,-0.40009712839140238,0.9109900266899793,-0.34675483470834523,7.9978168479981457,-1.7782391034227958,,0.3751622215809192,0.3211382113821138,0,4
-0.58176655077014039,-0.73318495713654763,-0.35211858660640483,0.78148913247241081,-0.62386935176172509,0.0078592467784039215,-0.22543827588174231,-0.27060460188452734,0.93592239700008428,-14.175739483261832,-13.277132049214904,-2.4059654498060929,,0.3718268471396312,0.125,0,5
-0.68381592965507043,-0.66190469708216171,-0.30704714024159885,0.6977364443230496,-0.71628751480692254,-0.0098005303505226595,-0.21344701593932022,-0.22093973864448924,0.95164384266084778,-11.960797808392259,6.4772759877047781,-4.1119950608761853,,0.178982018710385,0.2436548223350254,0,3
0.44276869927126344,0.88501755229054857,-0.14387428916689707,-0.87956609295850396,0.45987240212565922,0.1219871381781253,0.17412457340463608,0.072534859900757226,0.98204853598782527,-2.3932419789603836,7.0169556066513374,-2.1699872950349492,,0.07929956630922194,0.2376237623762376,0,5
0.15258330948400617,-0.95749634744346901,-0.2447837378163123,0.98694410411753764,0.13470264192302164,0.088297981894214159,-0.051571978966690107,-0.25506066511984049,0.96554874972426175,9.4161727010011322,-3.3207053802466815,1.6614942010426881,0.148469970709862,0.1280805407567626,0.4594594594594595,1,5
-0.31735933756200274,0.93516679771351763,-0.15730896769240899,-0.94829377798230674,-0.31377833568815366,0.047770981702453467,-0.0046863100890311305,0.16433568239130839,0.98639334040266724,3.5461380312137627,-11.958665159780951,1.4355183288365616,,0.3298411874579205,0.2777777777777778,0,2
0.7326906040566481,0.6717762504390008,-0.10900067923284364,-0.65142434542476602,0.73863046895307338,0.17341093541665326,0.19700457079727787,-0.056050866900345928,0.97879900868600178,10.952879661146113,-9.3340244153626699,2.8052756160239389,,0.3865951503177432,0.1333333333333333,0,2
-0.92147922099810331,0.32671298086363104,-0.21008253950276123,-0.34678607606493295,-0.93561483360103648,0.066062853353389558,-0.17497274849591632,0.13372924616891224,0.97544914065412891,-2.9750496683614229,-10.656332929220897,-0.25380250475987071,,0.1087226699251137,0.6585365853658537,0,5
0.53128372260045775,-0.76824019805546284,-0.35713387432656823,0.84596228092700787,0.50379346444127204,0.17475687235424323,0.045666457587338602,-0.39496726861597797,0.91755949745695486,-12.431350103416634,-1.5838564634253982,-3.5232879944742654,,0.08313201414232638,0.2692307692307692,0,4
-0.4752780398466076,0.87719984099729997,-0.068053095402621541,-0.87914116332059766,-0.47040754154107772,0.076338455686406931,0.034951391887487956,0.096110269043381061,0.99475686295171428,-17.082499286901069,-9.4115608319308244,-3.5658543524216824,,0.4220478724006251,0.3793103448275862,0,2
0.62065673908318841,-0.74564247243327253,-0.24249229994830723,0.78058012220116613,0.61679090600342645,0.10130967918163356,0.074026245717556144,-0.25216320424492816,0.96484912466659511,-6.3413133219614881,7.3314936163987667,-3.0828327793647832,,0.06798032261485903,0.3121693121693122,0,5
0.044716378440022013,0.99525409545064747,-0.086427605473727562,-0.99431283099012602,0.052710225320888156,0.092539863167301339,0.09665629636816421,0.081798029532102925,0.99195092758515768,3.0144398375972776,-9.7622872006947397,1.0002456296015421,0.5787769645781765,0.66504085062838,0.8080808080808081,1,5
-0.23672546268321631,-0.93842109238258509,-0.2516483830444643,0.9612285483076346,-0.26391371437782729,0.079932654664388578,-0.14142394859363427,-0.22296951525886882,0.9645122404767138,-15.947219473475977,12.874177535666835,-5.2622629620814969,,0.07909665450355234,0.3783783783783784,0,4
0.3034998163256144,0.93166969463294425,-0.19969837654040881,-0.94124565086242362,0.32573490900748614,0.089181801879404402,0.1481367146351332,0.16089856791295989,0.97579053316819353,16.070500114859502,-1.095957165462337,3.1133254740446765,0.6247033913187969,0.6782571644912776,0.967741935483871,1,5
-0.78601716689002521,-0.54521535873752713,-0.29140560384263287,0.57481937907828928,-0.81803726668057986,-0.019942711897264188,-0.22750757084156512,-0.18318090216634766,0.95639168874018032,-0.29000075837436023,19.707763180283489,-2.1898737566593702,,0.07414158699573919,0.4285714285714285,0,2
-0.97248672972849981,-0.037998756306725667,-0.22983832365623807,0.042700568117516428,-0.99896742147900919,-0.015516194959494835,-0.22901140142885665,-0.024903520689287882,0.97310512930148962,-14.833333722827016,-2.7312311809563914,-3.8671635737504686,,0.1185850520879564,0.1904761904761905,0,2
0.053309493146734867,-0.92562786550179499,-0.37466138384817882,0.99445397031320426,0.015146992740735483,0.10407626789628753,-0.090660900440851233,-0.37813175378101516,0.92130178438650068,-10.536386945981096,-9.8847967819706621,-2.0626988643182096,0.6068094304381939,0.5298979659556681,0.7368421052631579,1,5
0.2313890538336463,-0.92664641744566267,-0.29628621770357388,0.97236161881930339,0.2105241491919366,0.10095773796057417,-0.031176722295242248,-0.31145786174397799,0.94974839423122737,-3.9774976440375007,16.666876556354595,-2.8730943989558591,,0.07736647118227084,0.3333333333333333,0,5
-0.97462349650386537,-0.029987001511908085,-0.22183286456904075,0.017755869937444661,-0.99822042152356993,0.056927314499039851,-0.22314517504384029,0.051543862812490758,0.9734215228055223,-7.6042814981995104,0.41850161968600719,-2.8009334780123871,,0.08015926422605037,0.2538860103626943,0,4
-0.35826651069368548,-0.89123394378728094,-0.27811358247439388,0.91892310146253886,-0.38926461028362924,0.063666292331208851,-0.16500133609713613,-0.23275549536392134,0.95843593341655098,7.9236086068978704,-14.804852525282943,2.7896954704338852,0.6590640594306665,0.6631472561773799,0.7674418604651163,1,5
0.68908015579776505,-0.65842694584853223,-0.30272511601500962,0.72311832069905257,0.6521781799890829,0.22751596826488676,0.047628071083232026,-0.37568281638464729,0.92552362925977671,-14.253147238174606,2.5036331693089529,-4.3042508117593288,0.3060815517645136,0.1788594516158601,0.3717948717948718,1,2
-0.011600471261970637,0.97909942236098224,-0.20305110243210475,-0.99642363117659327,0.0056783666410770506,0.084307196520486669,0.083698126020566657,0.20330292001022129,0.97553192998279881,-12.794871517254906,0.2811149534193339,-3.7808348841937773,,0.06712326761437551,0.3565217391304348,0,2
0.97230835165629792,0.1186644386130879,-0.2013336045176119,-0.051550246024800774,0.94917938891226705,0.3104852006117495,0.22794525973179613,-0.29150855677454218,0.92901222806431749,-5.075643426170136,24.637026992003285,-3.5975569133344627,0.3880851139952768,0.2886297274436389,0.1951219512195122,1,4
0.959857723966276,0.18525669671995224,-0.21060177127150084,-0.15808713323663282,0.97753813567876024,0.13938311088047378,0.2316929175596549,-0.10049452529420193,0.96758423010019601,-7.3590827593654762,23.434031766209205,-3.9968440789094752,0.2215278098346958,0.1557515898880646,0.6923076923076923,1,4
-0.3621227206306547,-0.87508573893095676,-0.3210795613593535,0.91870750417696556,-0.39331205997997154,0.03580705577457003,-0.15761870755714455,-0.28201165400382544,0.9463750683709089,-19.286770487957188,-6.2479853173450994,-4.3757855638426939,,0.08651259334619452,0.3333333333333333,0,2
-0.66145878830313121,0.73471288970461046,-0.15056308006432245,-0.74512952978856317,-0.66659909485389912,0.020679230571723051,-0.085171915639073892,0.12586745584885936,0.98838409960121598,2.2870316338617607,7.6413307891342823,-1.0754019833708068,,0.08783199119721997,0.2340425531914894,1,5
-0.31079545536095671,-0.85586477767907554,-0.41340254868024578,0.92973628383261997,-0.36411721620907384,0.054855222041894594,-0.19747563761660961,-0.36730659562346829,0.90889451387903752,-10.543578656154105,-6.0125547669152768,-2.5567883626284273,,0.2376073039412931,0.2068965517241379,0,2
-0.67494192714391488,-0.65981294110322763,-0.33030331172418925,0.70670883037028565,-0.70676914415178405,-0.032249123268971558,-0.21216980006570454,-0.255194552503895,0.9433237600699006,-3.3119559499582953,15.931335461211308,-2.6883374561646365,,0.1262303457446219,0.3870967741935484,0,5
0.39451827792617644,0.90346833426571704,-0.16763143309444167,-0.90337564811453575,0.41472871494899333,0.10914454356678017,0.16813020780278667,0.10837463714305492,0.9797893504464642,-2.8688523428114827,-0.76089536780740008,-1.6522926954698967,,0.06416335004387835,0.171875,0,1
-0.87192196819134415,-0.40556964945164892,-0.27434529489130932,0.4291372643134867,-0.90276365450730178,-0.029308573458254831,-0.23578229314956953,-0.1432865783815353,0.96118451230387736,-22.558226088292049,-6.3937800911827027,-5.0898407815622582,,0.1204360880538038,0.25,0,1
-0.4323747151527958,-0.85991712987312174,-0.271283312143069,0.88449956637514593,-0.46295319248128991,0.057748235068815108,-0.17525017197914577,-0.21498109526690198,0.96076558321951,-9.8478011945757444,12.793244069974794,-3.9455768155364157,0.2581587853937767,0.1684180864081201,0.7575757575757576,1,5
-0.95234763169236758,-0.17694317516656938,-0.24844536858615721,0.19513788662384945,-0.9794788778286605,-0.050421553838469572,-0.23442524099148629,-0.09649995155170174,0.96733270684734041,-4.2455446275104229,-9.5331193890319756,-0.7633222742109681,0.2921694969781121,0.2386374198478934,0.5352112676056338,1,5
0.46915373400370214,-0.7580880910807789,-0.45298699764108463,0.88273707182454886,0.41759445620342184,0.21538368595320653,0.025885051612941079,-0.50091647638071235,0.8651084601327893,-12.790957159228267,-5.6156945084992635,-3.0650956016689821,,0.4245330895570097,0.3333333333333333,0,2
-0.32761839203910209,0.94463220346023413,-0.018335467912681414,-0.94451114993886143,-0.32696485891175997,0.031506644981391739,0.02376713779326043,0.027640210250224218,0.99933535008946839,-4.9525031598193534,12.834027579938647,-2.9371877435400759,,0.585108149366887,0.773109243697479,0,4
-0.97607819288127484,0.056483667753572726,-0.20995465381535844,-0.050277812473860505,-0.99812937951327962,-0.034783377140193153,-0.21152660105638327,-0.023395235188764674,0.97709219627218091,-11.876110563201463,8.901827478455516,-4.2058830292546148,0.3745545573881567,0.133085402042124,0.2801556420233463,1,5
0.81871529302237622,-0.47682378848620782,-0.31991302521926873,0.55713663863833185,0.79448234554600849,0.24165381954873591,0.13893896090753338,-0.37608094520910312,0.91611084907480589,0.86198896859921503,-16.523865315728059,1.3383213709988602,,0.2578496473484842,0.1333333333333333,0,3
-0.82516335287362119,0.53926170887942915,-0.16823272693148267,-0.54713056688011896,-0.83704712515100177,0.00050305256560365639,-0.14054744344812745,0.092460367795515599,0.98574717677876922,-20.167696985774008,1.5252352783155048,-5.3704692532279106,,0.1280164349472721,0.3636363636363636,0,1
-0.50144922190099517,0.8499292882834385,-0.16176799056950333,-0.86424317961665453,-0.50080007074457378,0.047780912803397024,-0.040403023908890515,0.16376658407696729,0.98567139635822831,1.6768805616369189,-3.8832711533515885,-0.19467687714553025,1.102158150151991,0.9077848952243924,0.9788774894387448,1,5
0.39090916843183365,-0.80414773246974203,-0.44781295916901065,0.92039971418203881,0.34541131474664993,0.18318130302684638,0.0073748335272645991,-0.48377417046465437,0.87516179293984364,-10.9727417653556,22.868229794010681,-4.7933724689859378,,0.5376697608103796,0.5555555555555556,0,2
-0.78624265912496005,-0.50560126124060012,-0.35523210103258829,0.57399067825615513,-0.81047852161865652,-0.11687286798002638,-0.2288169186208738,-0.29579034911023061,0.92744319886777782,-9.2149886663450449,23.138627979893094,-4.382372599053272,,0.2438193091594585,0.15,0,1
-0.93177557228954888,-0.19631584229820573,-0.30537578972019191,0.27575135370612253,-0.92984479702254297,-0.2436182349072982,-0.23612597022294216,-0.31120530765533638,0.92054102715382657,-3.6687171120914681,15.050752968106352,-2.7024267893297225,,0.6978418746796667,0.4050632911392405,0,1
-0.53419737701390579,0.82440774938283212,-0.18704284308413394,-0.8435509932092875,-0.53430897893987239,0.054181517880684808,-0.055271007292133377,0.18672380079080406,0.98085643086597962,-7.9691660197415501,-11.680288332217669,-1.2147684657064719,0.2277683688615267,0.1940761876197225,0.5365853658536586,1,5
0.97049017839983609,0.10587434666155249,-0.21665510921380299,-0.078850696108995894,0.98839967426873643,0.12980235602092824,0.22788457901442633,-0.10888850547439076,0.96758044214575345,-10.316996201395281,-2.9660982329895322,-2.9387826643185866,,0.07045918080963057,0.1914893617021277,0,1
-0.11954301735125317,-0.89602023741025627,-0.42761805522431579,0.98641265578440684,-0.15607724284703098,0.051283201670940283,-0.11269223358737465,-0.41567731284800341,0.90250364657022364,-14.137307299740931,-12.247146614187047,-2.5130272201544885,,0.2183999463797288,0.1764705882352941,0,1
-0.49891918919009631,-0.8040254473639632,-0.32345435945288487,0.84623395306878169,-0.53249521322928783,0.01835604972424381,-0.18699662919817694,-0.26455987579199253,0.94606571272266549,0.8469403971406092,-8.2347941256856227,0.25962601189559792,,0.07362469546419834,0.2307692307692308,0,3
0.90661584472883583,-0.34630663375410747,-0.24107970778254811,0.38366468401964898,0.91436796522362995,0.12935468452631566,0.17563917650320285,-0.2097687764913983,0.96184611039738532,-9.1591946032281637,-12.697445761617494,-1.4060750081590065,,0.07986387697165118,0.3125,0,3
0.073976660590264975,-0.86028759357230089,-0.50441323340441113,0.994846145724821,0.028491057971968711,0.097310872733251383,-0.069344069857356,-0.50901229450890295,0.85796147000573419,-9.563625475915666,21.137854934922917,-4.3255562422510128,,0.2521601646641256,0.1111111111111111,0,1
-0.32399246249755115,0.94024338275078412,-0.10474380859094719,-0.94581741259505148,-0.31941278290459674,0.058351487977126797,0.021408089050094555,0.11797396030694653,0.99278589756942026,-1.0784001142423643,17.429585053257949,-2.234849597425792,0.5905593227185988,0.2972183879213522,0.1794871794871795,1,5
-0.8802615968340376,0.42780854903747589,-0.20523003315704041,-0.43734256614227712,-0.89929416453772459,0.0012187979668267452,-0.18404075901625222,0.090828690394861758,0.9787130059531628,6.7307425871538911,29.547492618559836,-1.1638276528443969,,0.332265787829599,0.7741935483870968,0,3
-0.6626585007604846,-0.6884795050196153,-0.29475359631022885,0.71724447389660417,-0.6966652040263952,0.014763406234526941,-0.21550887692772991,-0.20162729147317243,0.9554592399985159,-18.604238548109254,11.224397077279916,-5.7802531604629817,0.1725659681434694,0.1615209402906201,0.3902439024390244,1,5
-0.93464567282252553,0.30184338974519376,-0.18795753334532994,-0.30100097580499424,-0.95302785984740856,-0.033709211190875624,-0.18930366831778814,0.02506923257303147,0.98159852013928228,-4.8835942515345723,11.201215388039943,-2.8838508000960434,,0.1158489857192394,0.1764705882352941,0,4
-0.95457567992330206,0.21037890250485677,-0.21101182118501768,-0.22191797868758439,-0.97453000555668068,0.032306021186661885,-0.19884084599041205,0.077665858976439531,0.97694950346231768,-5.2584717728803563,14.092952031272782,-3.0340025658402681,,0.08939474556829002,0.4,0,3
0.091869652996279819,-0.93735331566919144,-0.33604869953969058,0.99246007379617407,0.058694937357651265,0.10760067959392933,-0.081135496417025652,-0.34340015424072762,0.93567802436981928,3.5123506946597858,-3.5247776730792366,0.2243280256982535,,0.1413760809032361,0.1911764705882353,1,3
-0.53048944254010666,0.82588621025795017,-0.19103119917764566,-0.84630315514500531,-0.52888963481423468,0.063613864665462497,-0.04849660756276937,0.19541679019937838,0.97952047306989765,10.817122418847793,2.6793014648590252,1.3502892331678937,,0.07298449001587513,0.1818181818181818,0,5
-0.17527833057760775,-0.95025999767233704,-0.25745571202383311,0.97667074087777783,-0.20078371746529441,0.076158799321362519,-0.12406357540866533,-0.23810047380168917,0.9632841707576385,1.8875105319324152,-8.6920605098784627,0.52199824564695019,,0.09318339848188736,0.3461538461538461,0,5
-0.45539445655703437,-0.81815342747470743,-0.3510567732554245,0.87253157345415333,-0.48851255831815715,0.0066433192808186617,-0.1769308968573354,-0.30328278796667046,0.9363306084179992,4.5218534486779145,21.684940326794777,-1.1604441682142239,,0.1584315154293626,0.625,0,5
-0.13986051842933656,-0.92570050266976311,-0.35145072875386857,0.98328345061937739,-0.17163689238034416,0.060781846895835885,-0.11658769713279317,-0.33707470467385453,0.9342312092551317,6.8740337242920555,9.4463329654028598,-0.11014699928386708,,0.09238119178083651,0.4864864864864865,0,5
-0.14270539608762753,-0.93817136588951977,-0.31538810718298405,0.98367276848297758,-0.16973502511950567,0.059815598239209684,-0.10964968979667535,-0.30170268390034727,0.94707572878562296,1.5814954225850477,17.928609368008775,-1.6898127876113069,,0.4177683514313676,0.5490196078431373,0,5
0.96881833561197384,-0.10259070628525405,-0.22553531777958544,0.13992459537453811,0.97774624679461841,0.15631181813385056,0.20448017065553725,-0.18299569356389495,0.96161345453656799,-11.91962207439285,-2.9154690589486738,-3.2614708898335265,,0.32965182944789,0.2045454545454546,0,3
0.5920267908490281,-0.76599172370540392,-0.25052137260486324,0.80303436379760396,0.5869571947797998,0.10303912876381094,0.068118202245640913,-0.26217919580136773,0.96261206091123186,-15.899489511264626,10.037448277845609,-5.1310473419836349,,0.08464763227078745,0.2333333333333333,0,5
0.77262133544730793,0.61476153387873411,-0.15850718745434081,-0.59577081462848502,0.78834188703741903,0.15353893831596396,0.21934768849598327,-0.024193503370699195,0.9753467413930913,-3.0155068381121723,-5.3243367700585615,-1.0248148626135636,,0.1435932289388313,0.1904761904761905,0,5
-0.9190801439610331,-0.30535837763106777,-0.24909425964299028,0.31497107475034763,-0.9491003344259572,0.0013331403332188922,-0.23682253070005452,-0.077232223864519625,0.96847832838415271,-4.8907236109315404,-10.387728770982431,-0.70459370465715254,,0.08770966287935111,0.3125,0,5
-0.6881345959282662,-0.63047203114594541,-0.35913200334883733,0.68988483975833248,-0.72185368385450388,-0.054645832204327234,-0.22478809078388351,-0.28536341224548989,0.93168558923777933,5.066414360265477,-15.392245697362972,2.2184069802323414,0.5388591953201277,0.3948384054591955,0.3888888888888889,1,5
-0.15436051352102603,-0.88118397561647199,-0.44686422208795656,0.97947947131118718,-0.19580202141720551,0.047765402635110844,-0.12958702537477745,-0.43032123991930221,0.89332571513912629,-2.6981777446246697,11.466518180200525,-2.4267856499685543,,0.2424838999504464,0.1794871794871795,0,5
-0.69113794270089024,-0.68204319945138059,-0.23905107872859871,0.68798640716257597,-0.7221989324736352,0.071438123529902156,-0.2213663201996022,-0.11509029505595798,0.96837553473082993,-12.681231173865855,14.873471801245197,-4.7066950456904966,,0.1035863859287861,0.4166666666666667,0,5
-0.97291513470371949,0.089511502124624304,-0.21312867393158469,-0.087307821972469724,-0.9959856040393118,-0.019748943487432277,-0.21404084864078143,-0.00060624569248387921,0.97682452240885775,-18.993082423777714,-19.259979228504548,-2.8167971253331845,,0.152751976242126,0.4705882352941176,0,1
0.28233274040749495,-0.90964811551532443,-0.30467774719104967,0.95908686131982179,0.26070152631769761,0.11039522915106435,-0.020990858431403855,-0.32338061184159134,0.94603613236877515,-3.6528843348002908,-1.6206138131799204,-1.7257612589540166,0.2042795107303209,0.1523239810170235,0.5709624796084829,1,5
0.56236771756028259,-0.77889025770922204,-0.27761937376865792,0.82473870111350778,0.5525357203982646,0.12045892482326438,0.059570337682812224,-0.29670565233853297,0.95310919140396644,18.34125740382181,7.4432140919836991,3.0659800633313381,0.4269122944970615,0.3668368788598959,0.574468085106383,1,5
-0.90959371761910801,0.36260475334295272,-0.20287203287034719,-0.37718193097874175,-0.92539519058451825,0.037115120721768674,-0.17427868432771274,0.11027934573681593,0.97850161271857961,16.454559754818735,6.0333691118943582,2.6758690786983279,,0.1119494716747554,0.4,1,5
-0.3413421087940352,0.93315645480763276,-0.11271466459557034,-0.93975434527133606,-0.34119002851556229,0.021239938446062055,-0.018636933966825073,0.11317418120932284,0.99340035705646668,5.5980127799282675,4.3547918870666953,-0.081009853015718405,0.6038012567976212,0.4311975832105591,0.4197530864197531,1,5
-0.21041422053067263,0.97540456441047108,-0.065664233230045804,-0.97692268128454152,-0.20726845068529112,0.051593256752625063,0.036714174242282648,0.075004833695832412,0.99650707189260257,0.053020774570880419,20.511243456403317,-2.1456409587990075,,0.1699462886358726,0.2307692307692308,0,1
0.97177064049381356,0.1288253315685533,-0.19765084421903215,-0.064423566664549084,0.95081671779823329,0.30298048322229204,0.22696128818030237,-0.28169416589920254,0.93227515818340367,17.187693688986972,-0.33758211522252152,3.400820853176572,,0.3396581367468174,0.2258064516129032,0,3
0.96758906536205447,0.052270978416113327,-0.24706101555528415,0.0019719769187271359,0.97674943511344592,0.21437502725969759,0.2525222998050235,-0.20791413088336799,0.94498899585137763,-7.8641498216126333,19.346653971840677,-3.8469838222460364,0.4533760640031995,0.2911278103666977,0.4473684210526316,1,4
-0.84820531931157994,-0.46937014813402073,-0.24543716167725402,0.47484560907133089,-0.87914812798567032,0.04025191430188723,-0.23466866820522919,-0.08240287070203986,0.96857647249086365,8.2770439689703466,6.3478494759297162,0.40570903356067461,,0.08605003845001757,0.4651162790697674,0,5
0.17712459296100408,0.96864491376097628,-0.17422373435726146,-0.97615329966255537,0.19547822536744297,0.094408680560111327,0.12550543464848291,0.15334697405617811,0.9801699298700759,8.3155234109773453,4.547623278570712,0.54308694011942227,0.2238207710521438,0.1273522884851652,0.65625,1,5
-0.39182958293439824,0.90677132051634857,-0.15567707032987477,-0.91998787828261896,-0.38792153416365754,0.056028449426691843,-0.0095854968833438015,0.16517462160135729,0.98621775619198193,4.1436222175099751,2.0838756328100527,-0.24229449368492417,,0.07205271271976965,0.3,0,2
-0.96323045664681783,0.16625130056841464,-0.21106300587093915,-0.17582570034374592,-0.98404266239058624,0.027301313043158547,-0.20315612342874814,0.063407757053533298,0.97709111440993357,0.52944824819879177,-12.152461322905861,0.70665336595985428,0.3099731866000515,0.3249108737702542,0.6,1,5
0.39046920451192257,0.92037836106788429,-0.020915850588088598,-0.90527359924538031,0.38799328617584067,0.17303444856960784,0.16737237178561601,-0.048630056142976288,0.98469366140053394,-13.821988737118149,-4.6507631537628953,-3.4256744547228251,,0.263295111656656,0.2105263157894737,0,1
