axis_00,axis_01,axis_02,axis_10,axis_11,axis_12,axis_20,axis_21,axis_22,location_x,location_y,location_z,dbh,dbh_approximation,score,reconstructed,number_clusters
-0.67643064579794698,0.71182852684646558,-0.18905483276807344,-0.71865273282579945,-0.69409415438968358,-0.042089837776845954,-0.16118260150333785,0.10739391607377763,0.98106407321996847,0.50865502080741443,-1.9019508802794072,-0.93785763490191765,,0.5617773785708026,0.4824707846410685,0,5
-0.82953318454755531,0.506957279335146,-0.23424135557902279,-0.4880761633521945,-0.86197095453184425,-0.13706834904843418,-0.27139704217583765,0.00062487804260299279,0.96246727478166161,-11.822916595157785,-6.2918687702247187,-4.0407508903691518,,0.4432032099496247,0.3333333333333333,0,5
0.39924554724662986,-0.82465853296205904,-0.40067604996630712,0.91445225810370634,0.3897118589715084,0.10909507150189157,0.066182026659589638,-0.40995484018344608,0.90970158203522655,-22.144515851554424,12.693201862885514,-8.2536946739093171,,0.7271947672296309,0.6875,0,2
0.88369237941945777,0.40956518043213658,-0.22659245692116295,-0.3681723576886024,0.9071429568771352,0.20381553135672709,0.28902749625250812,-0.096685152768149651,0.95242589614321527,-0.87112557508416233,-9.5497612715684816,-0.70249432668213863,0.49507990131248,0.2404514840470512,0.4534883720930232,1,5
0.1459332115315638,0.97668054333506493,-0.15747575700026636,-0.98089144012436824,0.16355177023567238,0.10536983032880701,0.12866810196325892,0.1390896643302475,0.98188521977554599,20.133266226840785,4.3829563736867154,4.2532996265133169,,0.2368451707152023,0.3076923076923077,0,3
0.15588899605434103,0.96687440198432884,-0.20212004278798368,-0.98265449506959557,0.17260677103789951,0.067801518503562766,0.10044284060443756,0.18804465793879074,0.97701097352690736,7.4996312590110605,-12.417349647631136,2.0062157114234593,0.3216711622713182,0.283014662555869,0.5405405405405406,1,6
-0.93950253562610719,0.24999080096753656,-0.23417853228621291,-0.21632416373672439,-0.96308216381894229,-0.16023920218670318,-0.26559149409520277,-0.099886661599203522,0.95889718588535044,10.778717079395555,-17.021378781522014,3.3465345912942408,,0.17502340708024,0.25,0,4
0.84756876591223629,-0.41468762099337586,-0.33115157261420841,0.4829980177933228,0.86131810778977824,0.15761989722480382,0.21986382571430488,-0.29353925493584471,0.93031962462047391,16.672972855656599,3.8530839324568333,3.2422834971311993,0.1814821947240699,0.1427387700616793,0.64,1,5
0.88397108257667356,0.37658243880850945,-0.27709347150241553,-0.37160877889659905,0.92556272817994034,0.07239165456795027,0.28372881527120791,0.038978237327284573,0.95811202706137422,-5.2640798069448467,7.1299187749259598,-3.2484495182182336,0.4667296146065971,0.4181110678841293,0.9906191369606003,1,5
0.25370346241044972,-0.92213288936916837,-0.29207103160809678,0.96708732686768195,0.24787118317334289,0.057462846815729419,0.019407611209791273,-0.29703671641047236,0.95466880839965329,-0.33979396897414538,-6.4692584468742567,-0.79396809595709084,,0.07169587639555247,0.2777777777777778,0,5
-0.45124794935727319,-0.82320056291651178,-0.34455205907786152,0.87157459775073487,-0.48946527626901132,0.027954675504203632,-0.19165857339681105,-0.28768833229875457,0.9383509016901197,14.816873448884659,11.252935311825899,2.2448530454647946,0.1947643612573189,0.174788652962471,0.5625,1,5
0.1684501782244722,-0.81654039414253665,-0.5521651222140842,0.98565913093720303,0.13383280221147789,0.10278549825895264,-0.010030705671148247,-0.56156082999598045,0.8273746546504579,6.4488054697002406,-1.5258953103454909,0.78703965960891809,0.8857798940687288,0.4664078867993289,0.1666666666666667,1,3
-0.48175972933421662,-0.80436339672446744,-0.34771696708918126,0.85116461531599108,-0.52388521791846365,0.032604847500096464,-0.20838992496232386,-0.28025667602467613,0.9370324619338416,15.932318694135535,6.313375034916878,2.9102082202936783,0.2011630041702182,0.1238945526756788,0.375,1,5
0.95279062616291399,-0.037097854912909747,-0.30135323435620021,0.097690486174941374,0.9771882665861602,0.18857269303172999,0.28748320230404029,-0.2091096382455773,0.9346799278821698,4.3964097082621603,-9.3847271620439443,0.85553521144012179,0.4161662907575336,0.1672432707632266,0.3157894736842105,1,5
0.77830862316704652,0.5922250214081124,-0.20857902848075424,-0.57009483189471211,0.80575025476563056,0.16049426653952431,0.26311132577438456,-0.0060042454380842183,0.96474679542663577,1.0732506202126588,-11.205060688751026,-0.027492252114789856,,0.1210165798184994,0.3333333333333333,0,2
-0.27965662846301392,-0.89465121361863031,-0.3484126520771198,0.9492128720059495,-0.3121328798969511,0.039597839656389459,-0.14417729979063051,-0.31964397578860743,0.93650447674698023,-9.8591249452804206,2.8639989770675185,-4.2385099434338755,0.3067030651101265,0.2532041804004205,0.8025210084033614,1,5
0.87350371884157796,-0.37515621464146381,-0.31024033874694878,0.42305372988780099,0.90029246360895687,0.10246473343026281,0.24086675735342369,-0.22075165816999701,0.94512005090212947,-8.0959219170794618,12.148159797230583,-4.4059170237421306,0.2982225142386741,0.2275250527054705,0.6899999999999999,1,5
-0.91146778611987356,-0.27638735300273171,-0.30469083669496899,0.28643182961227165,-0.95802316118796205,0.012183169226071254,-0.29526815244909727,-0.076168587538222851,0.95237338498181967,14.841710689935814,2.0551430873528438,2.9328038256151987,,0.09057311251266112,0.34375,1,5
0.93294416727860274,0.25195187313756839,-0.25716810526055922,-0.20697624750345914,0.95981972974520779,0.189491211831115,0.29457768705423404,-0.1235570314239877,0.94760627175819734,5.5848798827199371,28.755560655573976,-1.8224884863424773,,0.09264275186819339,0.25,0,2
0.43017684164070763,-0.78940802412809086,-0.43793019575979192,0.89955514615933585,0.41558317526455985,0.13450339570168121,0.075818361458701605,-0.45180260720718546,0.88889030829822213,14.753868598314124,10.276323807815841,2.2673739930785968,,0.1487844480839706,0.2631578947368421,0,2
0.89064142634253951,0.36139030310339237,-0.27596177000694244,-0.35558698133325989,0.93181538678371767,0.072649732686435611,0.28340033237246975,0.033423551216900702,0.9584190721366227,-0.090001709090333143,25.26879593396789,-3.1123003327803818,0.7825480882370682,0.7014774308647891,0.9230769230769231,1,5
0.80893428950977941,0.5757133731268389,-0.11907740028328306,-0.52013098281747017,0.79526142132202549,0.31148520425568255,0.27402386021775677,-0.19003521715668581,0.94276059541729373,0.62221467464418767,-4.8946140727563741,-0.67433867778636991,,0.3786375486832075,0.1095890410958904,0,1
-0.02710092658096501,-0.86530697979915194,-0.50050911129501119,0.99671484259221976,-0.061618742895275691,0.052560946342044848,-0.076322095980250415,-0.49744040973253739,0.86413423519167754,11.159427701284251,23.163516143066808,0.21931227279952248,,0.3093350182266488,0.2121212121212121,0,3
-0.6240361170928147,-0.6778895854202146,-0.38864461213624441,0.74330916036473738,-0.66837402997332096,-0.027706464500023835,-0.24097804190753896,-0.30617293485223562,0.92097107298892755,-8.6841561002968941,-18.451521616969721,-2.0658744977529424,,0.156237043460055,0.2222222222222222,0,3
-0.78775859556473071,-0.53667594475503877,-0.30234967411123453,0.55462262682306795,-0.83152694379980507,0.030930301499277817,-0.26801144925126485,-0.14332435960520654,0.9526951196547585,13.791829089204443,-8.8083659160883077,3.6146211881266646,0.1601852709935966,0.1015312632806525,0.35,1,5
0.17775604768655209,0.9757790232573077,-0.12750719698068674,-0.97948201583823191,0.18793842534457253,0.072760765034994832,0.094961930057952157,0.11195734031325477,0.98916519641041345,-8.4477387405900703,-8.2886144811130382,-2.9648300294718406,,0.1031980311638607,0.2083333333333333,0,3
-0.89601691220434421,-0.30064454825015546,-0.32675150902673983,0.32886663755792833,-0.9437841454815199,-0.033439818167252333,-0.29832939470513792,-0.13742031270949917,0.94451851750491833,20.639647012494184,2.7705974465606653,4.5358970076223519,0.3214314069178102,0.4695615032963076,0.5428571428571428,1,5
0.36891895715672141,-0.86627465385994018,-0.33684867096403664,0.92806958166658315,0.36315107509419103,0.08251150370188734,0.050849332695823674,-0.34305906304567119,0.93793647153025006,18.437760582843612,14.209641236060568,2.9978836545865843,,0.1233653127169443,0.2857142857142857,0,2
0.78458291556372894,0.57694692164605255,-0.22707245145253141,-0.54934853950135332,0.81666127504837172,0.17686306563015941,0.28748187899978794,-0.01402182012120963,0.95768343298150449,2.76978464427975,-8.6283537574509008,0.30121200894858496,,0.2509523591928801,0.1794871794871795,0,3
0.13010379197456182,0.99087727792495328,-0.035145745203035525,-0.98151542401560965,0.13373057412564837,0.13690728966524846,0.14035838319566005,0.01668393347089334,0.98996018638662464,-7.5133704159468371,-15.297704949921764,-2.0423658252464216,,0.7148907003893874,0.7708333333333334,0,3
0.91617424809887738,0.29173130425187749,-0.27480464559383999,-0.28109729030600789,0.95648415066031656,0.078245657504003877,0.28567299575402189,0.0055601848091981635,0.95831102667234869,-7.7749592734960089,-4.8811589855200239,-3.0431636147126997,,0.07887347551899256,0.4181818181818182,0,3
0.24740625906761252,-0.89646375704028713,-0.36761783864141268,0.96879506935420634,0.23476963985699001,0.079494212345298229,0.01504182732082502,-0.37581371517632706,0.92657314601504537,15.382578952051858,-13.807945017861908,4.418426680545485,0.4078998136785918,0.3342783173977146,0.6,1,5
-0.88422649700918032,0.44555057574672025,-0.14010062968680825,-0.42344048894335151,-0.891309046189945,-0.16206892516267982,-0.19708286153364371,-0.083981358834785871,0.97678322930831163,-14.880274165752002,0.36211429472988232,-5.3825374748552788,,0.5891887500024293,0.4883720930232558,0,2
-0.67621692384069843,0.68360372322835183,-0.27462086865305474,-0.71894122900630109,-0.69371033596188425,0.04346813792377216,-0.16079235412896078,0.22683015533210141,0.96056957035171697,3.2683540051264099,0.95512161194539857,-0.30439163657070684,0.2659177794138507,0.2240563144372222,0.7982233502538071,1,5
-0.9041591846310687,0.36362091187518031,-0.22422310606702472,-0.35641657810715049,-0.93144716232002744,-0.073303524174210516,-0.23550667017660321,0.013638777549027526,0.97177702794895193,-0.44504778121644312,-16.980983872991899,0.18054095177127105,,0.2257868948558695,0.5555555555555556,0,4
-0.18222713142396665,-0.88457351963700981,-0.42932850002065187,0.97689493905594305,-0.21246610474977048,0.023117793565620482,-0.11166714207803251,-0.41519614965634005,0.9028524833496735,-6.1346502876619784,8.1224508532794033,-3.5722711858406386,0.3769020074982711,0.1402951999209407,0.4516129032258064,1,3
-0.91991738330260686,0.32016553616432525,-0.226375876255169,-0.30506377795454259,-0.9470885140781159,-0.09979698332820057,-0.24634954694049477,-0.022745899716600324,0.96891409565982489,22.049352982939833,8.9413618869070692,4.5696580145805203,,0.2015515162113427,0.4285714285714285,0,3
0.93575101191314169,-0.1290485620546219,-0.32820193834766737,0.22926763469901387,0.92975029576896195,0.28809848871010763,0.26796715355254108,-0.34483453444973133,0.89960143867592068,10.128731499952709,12.25234613661857,0.62672543640045775,,0.3786412862434091,0.3088235294117647,0,1
-0.29031753486225648,-0.89770386277922409,-0.33142646801781495,0.94618175696088358,-0.32105485924179716,0.040790441915315841,-0.14302381531031599,-0.30174749726963934,0.94259887340564497,2.3240324012172731,18.670230868153901,-1.963183637739796,0.6027378717208702,0.6257196252877718,0.9070796460176991,1,5
-0.95704845493136181,-0.0028045414944148144,-0.28991445196902177,0.001051897626843914,-0.9999802201562481,0.0062010327884497018,-0.28992610856022388,0.0056297285251505538,0.95703247475300324,-9.630877657840168,1.0504416808628394,-4.0469084740855665,,0.0786303796917102,0.3695652173913043,0,5
0.31108949187222651,0.93878833095487713,-0.14798580239211243,-0.9384975848700261,0.32799928142253204,0.1078830597426334,0.1498185944394417,0.10532303190309336,0.98308771109750503,18.610312426199219,-0.10418875488492316,4.213084629057481,,0.3932178598330616,0.3043478260869565,0,6
-0.5401414516421823,0.79777439258401539,-0.26796124860711107,-0.83310045389694531,-0.55194447986132777,0.036068336076298363,-0.11912533708065871,0.24272064124794612,0.96275430114728977,6.8883598462778659,11.300374154137087,-0.22012178740613439,,0.07376869128356497,0.2941176470588235,0,3
-0.94235490976495373,0.2183502768947457,-0.25355547839057563,-0.21644376833507195,-0.97564033643068737,-0.035749532560985786,-0.255184872574374,0.021191755694211018,0.9666600179482947,-5.7194147694804744,12.798448319186896,-3.8298966095280651,0.2916311667779833,0.2841176044129998,0.7758620689655172,1,4
-0.71006905895448214,0.69793093741758006,-0.093243434679951859,-0.68246134610573705,-0.71475496866497246,-0.15287853296091108,-0.17334486605331637,-0.044919276086693674,0.9838362750218177,-6.8482978236684788,11.394607245771002,-4.0404403019620654,0.5256468876080236,0.3254125378316823,0.4848484848484849,1,1
-0.84732860585807335,-0.41757429043132366,-0.32812489339486456,0.45265010229349362,-0.89100107356863267,-0.034999597043893778,-0.27774470037843102,-0.17818192632902383,0.94398574276382752,0.59871467736798856,22.009677648130225,-2.7055394640098767,0.3533338618717425,0.2803341053415194,0.5142857142857142,1,5
-0.63327500004151116,0.75022055129461207,-0.19008392551090392,-0.75895982238169479,-0.65007458492473469,-0.037189004359929861,-0.15146868433036911,0.12071519560579232,0.98106323915285132,4.9587097948270991,20.736132473027865,-1.4725556852160744,0.3368001704967908,0.3451162560628312,0.6590909090909091,1,4
-0.71974175285937381,0.67838068364365112,-0.14755154099529852,-0.67698722080147866,-0.73290839474793745,-0.067331922440180589,-0.15381843862945974,0.051428911782895485,0.98675982638655335,-9.1629589477153477,-4.4073421116748186,-3.4030220808704477,,0.2914833618714718,0.4642857142857143,0,7
-0.87951650081943689,-0.32434526806706149,-0.34821095885804654,0.37327108063511805,-0.92408568615028952,-0.0820630551078885,-0.29515999923401787,-0.20215289197697625,0.93381731785050992,13.083508237664002,6.867787068980701,1.9930840264551022,,0.1342328230909525,0.4,0,5
0.94794924022130489,0.18810477204420117,-0.25692184161345588,-0.12566979027345446,0.96237363144664234,0.24092342623503524,0.29257365188354967,-0.19609586489878253,0.93592043999109353,-8.5184067947907867,-1.2169147729414704,-3.5630113054737382,,0.2434766610108452,0.1578947368421053,0,1
-0.72433038679273498,-0.56688656810341187,-0.39240936491452594,0.64068075900781118,-0.76369679331505347,-0.079343386097886312,-0.25470307380528551,-0.30887995529693907,0.9163621104180919,-18.78924151035314,-4.4361015071330607,-6.123642532179292,,0.4031037927669068,0.25,0,4
-0.13461673987809461,-0.86729667376439912,-0.47924400155015434,0.98602745380391399,-0.16513894328217699,0.021885834610953774,-0.098123359550952277,-0.46960154289445938,0.877408797096074,4.8404086576869982,-17.48232051268231,1.6914784528937747,,0.2068398970642081,0.2222222222222222,0,4
-0.73754374219598762,0.62500043187729404,-0.25574144853882069,-0.65074556476359813,-0.75898121379411121,0.021856967953572906,-0.18044234061894701,0.18254308330039143,0.96649810369764422,-13.595692480227795,0.36295457777597862,-5.0778958012282063,,0.09574487550189634,0.2777777777777778,0,5
-0.95534389151869636,-0.063295078051834278,-0.28863780423278718,0.059591694965235642,-0.99798891451761151,0.021609173772483111,-0.28942508327559113,0.0034437761790321228,0.95719447427184057,-3.364278114817119,6.6175331482903132,-2.6775398487165289,0.1114957701013024,0.09369882216762054,0.5288461538461539,1,5
-0.61996781578434856,0.7644244941685564,-0.17690421167041651,-0.77342346005275031,-0.63334519863065375,-0.026268056866288022,-0.13212137916180211,0.12053651764774588,0.98387747666146874,7.0369202640112993,28.358227619787471,-1.3928125368991984,,0.2320786904421469,0.3333333333333333,0,3
-0.60073201222754491,-0.69540212590972106,-0.39438170947102213,0.7683638243048736,-0.63845606800795052,-0.044619308863057448,-0.22076703328313005,-0.32983288572255487,0.91786283534703472,4.1891688609269204,11.699017253921417,-0.96361009114534202,,0.2199041488099243,0.6120689655172413,0,7
0.73358480817272154,-0.51347369817414856,-0.44519444122939672,0.65466959067903452,0.70973072124697567,0.26017307769712356,0.18237613949839179,-0.48231427990638148,0.85680329080836992,5.0661988952329802,0.87381087502853849,0.095214401615271463,,0.09808795151929436,0.3396226415094339,0,5
-0.28098440257213653,0.93191364646649855,-0.22931358669013199,-0.95930560590597358,-0.27968555583595839,0.038842558284739141,-0.027937787824948004,0.23089596225625983,0.97257726409021272,-11.562039125743317,-16.717535982239625,-3.0145675340729392,,0.1111563796733505,0.1904761904761905,0,1
-0.92273579661027028,0.31978426483635025,-0.21516661826845801,-0.29292535191837105,-0.94465008074383738,-0.14775304786758112,-0.25050626311034163,-0.073309268948314035,0.96533536308826673,-1.1696864964353038,8.0959241401383721,-2.1889901247137442,,0.2501772899071125,0.590347923681257,0,5
-0.94225983807747349,0.10280812537947366,-0.31871129082944522,-0.087737800236562552,-0.99425403440315396,-0.061326939290172279,-0.3231848943806962,-0.029822884317413974,0.94586580423183064,20.179341110910805,1.9890839803976172,4.4608378790327237,1.024407328419911,0.2839430705190574,0.15,1,3
0.33599788483654702,0.91636604130653865,-0.217666487373572,-0.92778473719786236,0.3618237186107674,0.091099275921214418,0.16223718072026483,0.17133848076500224,0.97176243094754433,-6.1817976661487268,-8.8271842102238161,-2.2226933575805221,,0.08715945374911294,0.3,0,5
0.25412608247899959,0.94019539611939884,-0.22683154833436037,-0.95798889675868815,0.27693345598417557,0.074599830051631122,0.13295566137230908,0.19834434217427874,0.97107276454264979,-14.909483540417535,1.4214884078600658,-5.4550374237877772,,0.1227770288825822,0.1578947368421053,0,1
-0.7808469730701314,-0.53876507703449406,-0.31624388755393973,0.56681168091707745,-0.82383772573472047,0.0039899915038858228,-0.26268331317990229,-0.17613515669581489,0.94866953337427795,-5.1637244773521944,13.318336066253426,-3.6696025377237782,0.3555642228065922,0.2913302738370917,0.8383233532934131,1,5
-0.93352971548309549,0.22106461538735428,-0.28222811010544552,-0.2373039847796779,-0.97113242852452408,0.024261596727051842,-0.26871748941543927,0.089622776634630225,0.95904049382211287,-5.0428793610630933,5.8908328958849934,-3.1052868844732404,0.2051672827993574,0.1835578639749976,0.8664772727272727,1,5
-0.83372438981394315,-0.41953879142225464,-0.35901371049212322,0.48781038109244146,-0.86426058043047704,-0.12286041352861367,-0.2587366884069886,-0.27756233823400628,0.92521050278639627,-2.9837412172643005,1.8784163589440541,-2.2667730952649161,0.6877401679579989,0.4561368193841345,0.1815384615384615,1,5
-0.93386797592018245,-0.16950672005473782,-0.31489375256906155,0.2055422521563873,-0.97497233173096598,-0.084742757434264432,-0.29264822932869544,-0.14386251845205258,0.94533623100747155,-23.987409028907077,0.3892733553678896,-7.9524269014840483,,0.2812116820985174,0.2758620689655172,0,3
0.41598914854410207,0.8955952552597124,-0.15767741452042061,-0.8906552701779894,0.436252674226635,0.12812803726852079,0.18353805599310186,0.087136347102692996,0.9791430125450894,6.7020776550456524,10.189823196059585,-0.17997980836207927,,0.08374057805917258,0.3170731707317073,0,4
-0.5415955844031034,0.79701388923576533,-0.26728838979712466,-0.8329000354344388,-0.55180720432972596,0.042265118278820964,-0.11380577282533255,0.24551511076732346,0.96268924189300964,-6.9816740135015545,-9.6809453025524661,-2.3997852189128897,0.8089369206804533,0.74673950053613,0.9545454545454546,1,5
-0.75710565881342029,0.61354018893592621,-0.22440913072592558,-0.62462217783559837,-0.78047701336312525,-0.026509744768500387,-0.19141096193429427,0.12010024218228983,0.97413437239384204,9.2323530093587447,1.1636923481475503,1.408590197409739,0.1990336992714734,0.1715984005974266,0.3454545454545455,1,4
0.9571495436029247,0.0070017151242387585,-0.2895094595449883,0.043802882283310023,0.98470532865193494,0.16863191639828656,0.286262220148567,-0.17408731059386043,0.94220356059919952,-3.1385042645721533,-7.4265848079156482,-1.4961307148403029,,0.06866406311325675,0.2972972972972973,0,5
-0.40581469135508486,0.87680588478978727,-0.25792610701201324,-0.91139112926014576,-0.40935233641542301,0.042389552688698567,-0.068415245276844436,0.25227386917639655,0.96523429753841461,7.6813070258141645,2.7024080355113345,0.79248657653042276,0.1897211090138326,0.1483668995469782,0.5303030303030303,1,5
0.81528372479011957,-0.44354791620004669,-0.37226025053307099,0.53826543839961871,0.81751859104843594,0.20477712546729104,0.2135012082326814,-0.36732628455472199,0.9052561155597949,8.4168056632937933,-2.4902288990425614,1.4488241948446658,,0.4552558268920444,0.225,0,1
0.048802523691791284,-0.90640999000287126,-0.41957030841601278,0.99839118003403104,0.032128264240451988,0.046720726312339943,-0.028868067333457356,-0.42117538467946047,0.9065196798903713,-1.4076606522136446,-4.0077230878391363,-1.3066151720939603,0.2294565586374352,0.1262421998819344,0.1346153846153846,1,4
0.93076568805291615,0.26974430412512096,-0.24680608650403349,-0.22269405455178887,0.95363867839547989,0.20243672872136723,0.28996998467197782,-0.1334589130038821,0.94768461342851606,3.5867434194057091,30.049383483434983,-2.4060094144798905,0.345944374325605,0.2687568592011969,0.696969696969697,1,5
0.83494224814924289,0.52312943324024985,-0.17090066803036116,-0.46925964981957613,0.83897529907523438,0.27552827185759066,0.28751838777145639,-0.14985340709959369,0.94597945700419239,-17.1495044685545,-3.5881302833084181,-5.8077209069074911,,0.2494226159868927,0.24,0,5
0.91774454713935238,-0.23959885682748125,-0.31676068885350706,0.30174372927210058,0.93921004934085583,0.16381454472088747,0.25825504456050691,-0.24592045670116686,0.93425235398950923,4.3933689609977629,-5.0908516853139121,0.47189191464161423,,0.08593681091987877,0.3292682926829268,1,5
-0.086851593209825384,-0.90149060584552076,-0.42399467960009879,0.99305964751245468,-0.11222406574754999,0.035189423830587818,-0.079305341808444368,-0.41799574954700786,0.90498078218340094,12.841949634649604,14.129783439440885,1.3536849609185089,,0.1338687529666091,0.3076923076923077,0,5
0.94324066663555783,0.16149312805948335,-0.2902016788277979,-0.11465392390518515,0.97843274029416794,0.17182505769994708,0.31169138990041578,-0.12879962076811191,0.94141337102886857,17.533366800864428,-11.327129670302586,4.8872749794420836,0.4095348780571001,0.3260765937490462,0.7659574468085106,1,6
0.77681072924598105,-0.54305489552989494,-0.31883611992580529,0.59736295748697588,0.79569232643127508,0.10015597176803363,0.1993052632289003,-0.26826312102001709,0.94250321482202859,-6.7920455597354641,7.2921679524397041,-3.7073068473684803,,0.08355916327121186,0.2444444444444444,0,5
-0.45355876228824793,0.86530751390272054,-0.21337140280517219,-0.887781251995865,-0.45969655558812805,0.022880677111198844,-0.078287277103042271,0.19980486271336198,0.97670318883470797,-7.0191815396521369,1.8410978029756493,-3.3223899580121619,0.1774853026817677,0.1101606569108489,0.1967213114754098,1,5
0.95620503426309256,0.01647346115967643,-0.2922337378321333,0.041401476708120437,0.98076432477504871,0.19075444156016752,0.28975481044549767,-0.19449926561806097,0.93712975915703933,-11.021006302979552,6.1569294544340787,-4.7629191229686221,,0.1639097357728582,0.3235294117647059,0,3
-0.88534536641550343,-0.31894757858653361,-0.33828394032289721,0.34100471714684638,-0.94004141771727301,-0.0061575855413799219,-0.3160369678537589,-0.12080800921249796,0.94102394223522057,27.847490642838764,5.4057348321681955,6.5704446861155557,,0.2920632679642732,0.1333333333333333,0,5
0.8302879583138677,-0.47899322902490532,-0.28493401486534409,0.54174319542786953,0.81369635727122136,0.21074284892054376,0.13090537226023524,-0.32933831345872955,0.93509360964641908,-12.265433124712315,-4.3419934768926689,-4.3750036791065776,0.8490890236004274,0.5992087367379703,0.2777777777777778,1,6
0.074980385336452252,-0.92731198455311514,-0.36670209314777746,0.99601738297921449,0.051854291778499699,0.07252934045879901,-0.048242249305306011,-0.37067993704584856,0.9275069108387558,19.322472916159469,7.924080362697608,3.7868559059306111,0.2677704372661789,0.3536589001744923,0.3287671232876712,1,5
-0.20128185127469589,0.94819992388731356,-0.24576924276142553,-0.97949967325954046,-0.19691756717725345,0.042471894488547081,-0.0081244342501853306,0.2492797145318591,0.96839744810229134,-11.183746334308863,-13.379037587037297,-3.1329175607316033,,0.09953611181807635,0.2727272727272727,0,2
0.80357319103222402,-0.44932856962997719,-0.39035107681235698,0.55620136271699205,0.80037798424969964,0.22368532906775065,0.21192019905155077,-0.39686133452714384,0.89307945357134066,19.659523648557006,-10.222258833249573,5.4040199607339012,,0.3158988230153583,0.4166666666666667,0,4
-0.96103630128365747,0.0012050133012619611,-0.27641956435456744,0.025482301732154756,-0.99534611701696873,-0.092934168300321904,-0.27524512695678455,-0.096356916109768223,0.95653304428250507,18.350403535074349,-4.4879689597589865,4.5183433562358326,,0.3053760745640055,0.25,0,4
0.47520603226636593,0.84725537992742539,-0.23735532031469617,-0.85787482908954094,0.50609365428010955,0.088994329662042806,0.19552494601009107,0.16133051255555875,0.96733782165607074,11.979738951524629,-4.1170131552357461,2.6719606006469552,,0.1332743071673367,0.131578947368421,0,5
0.93671891239917571,0.25875272049910125,-0.23580650709431245,-0.19147698622134413,0.94257192409126456,0.27366901845565822,0.29307719614684663,-0.21119942601533309,0.9324701386905091,10.680223286051449,-14.283805163306795,3.1405614694704358,,0.4530050703136789,0.1428571428571428,0,1
0.15606107165948932,-0.8438862054663554,-0.5133234985231897,0.98773312662657642,0.13612411551741552,0.076508141652299286,0.0053115418645332622,-0.51896656674413688,0.85477803558866905,-24.331325592226204,1.858467922114011,-8.1217462897933501,,0.208409044152417,0.3333333333333333,0,5
0.75483285492795937,0.60849219744755012,-0.24487671748608258,-0.5981303977879443,0.79178473664320359,0.1237616986829511,0.26919767525620031,0.053048812091370669,0.96162281335893474,13.860893881028689,21.014132481918441,1.2269749493395303,0.1731042768054353,0.1374884154202867,0.3947368421052632,1,4
0.93825214355086273,-0.12546580496724671,-0.32239920425790813,0.21690402738801101,0.93934368321943185,0.26568042400337577,0.26950984773301412,-0.31920491315089955,0.90855526270846887,-13.954304575983057,3.5852980748918339,-5.3268674174639612,,0.1427483163286666,0.2222222222222222,0,2
-0.33153972431983991,0.93831010190917108,-0.098262728707919869,-0.94127701163068545,-0.33603090196191804,-0.032875831582898571,-0.063867038239859772,0.081592803493087743,0.99461732130734959,10.550561980823696,-2.7185575272610576,2.0917910866536582,,0.1583275334513209,0.375,0,4
-0.89875730317354952,0.39961021940125091,-0.18040782284117485,-0.370885635026309,-0.91237316897162835,-0.17326005388375085,-0.2338357451788329,-0.088808068838100759,0.96821173881848122,-13.086933657902749,11.022457318614311,-5.7127590814515594,,0.4884383972203631,0.1891891891891892,0,2
-0.90461451515048763,-0.25161943541263604,-0.34403522886715326,0.31651623904576137,-0.93715225534847457,-0.14684386509348815,-0.28546462022354835,-0.24172982856464845,0.92740317046187171,-9.2547381548780443,9.2556783021100522,-4.4813663402946267,,0.317534363397879,0.2258064516129032,0,2
-0.7306872791081287,0.63972791662988704,-0.23842041194902225,-0.6580590393139063,-0.75295783900630253,-0.0035767941254915303,-0.18180869321024293,0.154281189272514,0.97115545290640304,-10.894624147173991,-5.4543184855318536,-3.8412802991514772,0.2875001970789099,0.2303579858729369,0.2592592592592592,1,5
0.59025632850491361,-0.72541462760130526,-0.35407779473155221,0.79786938149312248,0.59085625240966588,0.11955475341527783,0.12248231192985411,-0.35307578088912434,0.9275427624718191,23.949278447735352,-6.7043514230420636,6.3937533204818493,0.7640045113722967,0.6807932468998843,0.8674698795180723,1,5
0.42053655400960288,0.88495924916179214,-0.19999033492827831,-0.84860521427929125,0.46164760751594075,0.25836152339852342,0.32096447940500555,0.061062376286912322,0.94512072729491492,17.741576338725892,7.6415146674812844,3.3029563996432509,,0.3652626054397882,0.25,0,2
0.20774235371646926,0.96617364978190623,-0.15281228006757488,-0.97164771527502525,0.22184955118745611,0.081752639338110722,0.11288858167752962,0.13149621707499365,0.9848679673041465,8.1512161657618325,7.7806628751954188,0.50096909677210011,,0.07500137742712071,0.4186046511627907,0,5
0.93055961603286674,0.30579049044336876,-0.20137273142897741,-0.21691781926918249,0.9035110977055153,0.36961379304143543,0.2949668806701275,-0.30026633557123733,0.90710234650250776,13.048495248229008,29.257460134442969,0.38942906221405571,,0.575977526635673,0.375,0,2
-0.94007902732096693,-0.20088256207359706,-0.27549522436153223,0.23573961346014649,-0.96670629167025179,-0.099527786526224876,-0.24632956996049887,-0.15850912245008639,0.95613628791254335,5.1131929297967931,0.067946368466577714,0.2345443304788172,0.6559834145162722,0.4670261414333051,0.6022099447513812,1,5
-0.77936154180327533,0.56745995661875859,-0.2656779719740745,-0.59425484904000903,-0.80384651509856275,0.026305029107213725,-0.19863726123377873,0.17838155117088761,0.96370289023713662,-2.6986805068720416,-4.6709824030935065,-1.6168384637052104,,0.08236544726114539,0.3369565217391304,0,5
-0.6906542425967096,-0.57646868183614508,-0.4366698707779858,0.69229750941794943,-0.70160546505326016,-0.1687421994081589,-0.20909537449898236,-0.41884797990380213,0.88365462376068304,7.2384201139026025,23.984378443578017,-0.97921850978780178,,0.3716355384821853,0.3333333333333333,0,2
-0.93881104332342558,0.2181013362174386,-0.26658137983390395,-0.19217752048552725,-0.97398670315813529,-0.12007373855752403,-0.28583496209179005,-0.061495603186843231,0.95630364698388071,27.94673130878272,13.629131161959821,6.0388324565678966,,0.3582378266553286,0.4666666666666667,0,4
-0.44794662971628418,0.85622033780002471,-0.25735296785433565,-0.89066226105861568,-0.45242976154980807,0.045033849379544168,-0.077875244152283668,0.24938733729200516,0.96526752889891976,28.408062441522233,5.8286461413074617,6.7677917564568197,,0.2148146400798361,0.8095238095238095,0,2
-0.95852217929103534,0.11797841584606693,-0.25945389802741164,-0.068838299380588566,-0.97918529590787262,-0.19093832725831195,-0.27658004328865521,-0.16515825644595025,0.94669225727380979,-15.571658429197335,-1.0290371737841444,-5.509208238539328,,0.1784000912844577,0.4761904761904762,0,4
-0.91508925567991517,-0.22000036867981157,-0.33795190770274619,0.27812775164772752,-0.95116399686724773,-0.13391043584016396,-0.29198734202454474,-0.21653380531517374,0.93158816182537008,-11.238284872277129,-0.66192210805639917,-4.302738943168638,,0.06595458629266168,0.5,0,4
-0.30777748026179247,-0.8470261563037127,-0.43338171763591893,0.93987297867142994,-0.34152420647063786,1.8918079670056438e-05,-0.14802637132279692,-0.40731794329731957,0.9012104562537242,9.0442748296926538,19.619581088692765,-0.36333092112413612,,0.220027121217265,0.3012048192771085,0,1
0.73172770886630056,0.66444567537131916,-0.15194243830354029,-0.62977193354076078,0.74434022520030185,0.22213721181534327,0.26069497847408768,-0.066854869898271024,0.96310360531423578,-16.90099086092377,-20.916226872034166,-4.0725867527930344,,0.4535024125368234,0.6206896551724138,0,5
-0.023938435763991715,-0.91325971982105103,-0.40667386865343208,0.99711688231892626,-0.051111255168434545,0.056085315276750203,-0.072006071186800177,-0.4041587853152307,0.9118502080740889,-1.0260203811187332,-7.3701311373773626,-0.93847474510461892,,0.1272727327510849,0.2745098039215687,0,6
0.8810135449953258,0.39310725240988326,-0.2632144024127881,-0.37645401775632192,0.91949239570609709,0.11320824507863859,0.28652662363189141,-0.00064987799980767891,0.95807205971612275,21.333435596867336,15.823476107593521,3.8907742588711658,,0.1749576402485578,0.5555555555555556,0,2
-0.95244847506554386,-0.07387251717104501,-0.29560912291763652,0.076077974708888899,-0.99709364275999013,0.0040508433452663634,-0.29504922319761206,-0.018631123810116404,0.95530039103732123,16.193946739745893,0.35406087601502056,3.4430125514407566,0.203511574547219,0.1957591445941633,0.3714285714285714,1,5
-0.71719134892036807,-0.61765884159531148,-0.32269819403417721,0.650821435490746,-0.7592012221610096,0.0067054735099830844,-0.24913455830042222,-0.20520979427981992,0.94647816255425909,-1.6822852523488507,11.16598586896554,-2.5677770787504905,0.2119220778747844,0.1599491707226713,0.5150375939849624,1,5
-0.83797134964146436,-0.36525306518010359,-0.40545556545274025,0.46857455980334756,-0.86241414955312379,-0.19151949393119502,-0.27971753446139469,-0.35047401191400884,0.89382664308451754,11.564859816671753,0.027061491821308004,2.1087950809542018,,0.3009286522327061,0.1304347826086956,0,1
-0.31193932622008869,-0.87983389309216098,-0.35858914836292577,0.93810466033171847,-0.34501050273257067,0.030453230832371982,-0.15051080699161745,-0.3268945909165677,0.93299861918880755,-18.801539276397126,0.55536639350521244,-6.4931977895490549,,0.1206492750685526,0.25,0,2
-0.43171607122746725,-0.7488620032180916,-0.50281898729076113,0.88340868044023735,-0.46364881895530885,-0.067962313116796888,-0.18223703566168609,-0.47353508087314217,0.86171584064336859,15.372821425460458,23.633986155014753,1.4362934412086346,,0.3342128848306752,0.5098039215686274,0,4
-0.4370601660816556,0.86370781199093483,-0.25097256170846327,-0.89600741075831913,-0.44242990773178165,0.03776899006620503,-0.078416395548694867,0.24138059625885444,0.96725708922647424,-8.2130026312084077,-2.2129565633573542,-3.3324068261687598,0.3958401384036485,0.3629091596311529,0.7816593886462883,1,5
-0.95611302890425953,-0.012047462940718377,-0.29275029393019109,0.017269543316275435,-0.99973441223283188,-0.015260008883361841,-0.29248869864179111,-0.01964595719645679,0.95606715116285901,5.1913675198551283,10.967158680128923,-0.59969428600761199,,0.4464391185229953,0.615,0,5
-0.58425275084537398,-0.64548964062269976,-0.4919266682935497,0.78084203457009504,-0.61231120168484177,-0.12393832877564682,-0.22121130210287368,-0.45652833005197341,0.86176994823555342,-6.2448926429436566,5.8612768422906258,-3.4209859348836877,,0.2765950370402956,0.1313131313131313,0,3
-0.26932825879718036,0.94713013335838969,-0.17437545554864323,-0.96274361269958975,-0.26934797798203441,0.02400839359747383,-0.024228603332027001,0.17434499488516239,0.98438650820654339,-0.1227130636986592,-14.055158824150912,-0.025086940222537938,,0.1177500526894653,0.5384615384615384,0,1
0.28470208485203335,0.94926747746311557,-0.13355140999525089,-0.94999326276460616,0.29803379301877275,0.093212976139065332,0.1282868800102499,0.10033501108614711,0.98664855038031607,18.793189187502133,-3.3959723557367787,4.6104953039446626,,0.2145611419149559,0.4736842105263158,0,5
0.92603230262667069,-0.12826884106527264,-0.35498067398622968,0.24613735351008034,0.91821969566806683,0.31030467881470419,0.28614782490698715,-0.3747261598808051,0.88187285217427203,-4.1829157971631226,-13.523960284189775,-1.1935917522186841,,0.3741805826287242,0.4166666666666667,0,2
-0.60493432602216335,0.77507108961425897,-0.18253566019897513,-0.78619188320346034,-0.61773470987699219,-0.01749717114807222,-0.12632016460212256,0.13292341500786556,0.98304352994032718,20.934732897634362,-17.245424522926381,6.4343598391393222,0.2662769245348699,0.2563501222048377,0.5625,1,7
-0.16977978373446001,0.95633502518069635,-0.23790364572178893,-0.98543243077897857,-0.1623280934904629,0.050719960891027024,0.0098868298314357655,0.24304919188590185,0.96996357710972636,18.718523277185053,11.528758547453634,3.3900915429068323,0.2056870600625557,0.2063622967745689,0.4,1,5
-0.69366481852490214,0.67278102238620996,-0.2572835312603215,-0.70058987686932594,-0.71316060136102655,0.023995439037496593,-0.16734080186564629,0.19689502935154432,0.96603799275578051,-10.564249140605595,9.4608925362179939,-4.9364958379874944,,0.07759974163724503,0.2083333333333333,0,1
-0.43170227149293122,0.89538724273770687,-0.10915509301177992,-0.89873651603956428,-0.43728152798913861,-0.032519840352478839,-0.076849356047464054,0.084062779052628989,0.99349263995916914,-9.6280147871619306,-12.423816368725534,-2.9027113065832797,0.546904659928366,0.5335709151278877,0.2173913043478261,1,1
-0.27741947881920431,-0.84191133646701766,-0.46284309900872395,0.95056366336547127,-0.31048998628816188,-0.0049689338887320697,-0.13952474569371051,-0.44134031080685954,0.88642629439565268,26.404919234894098,15.256066665106211,5.5240302395214504,,0.2093461475681893,0.2,0,1
-0.2925082721215837,0.95380422088291938,-0.06853042365527684,-0.95614600660543603,-0.2928414226134658,0.0053586616051473695,-0.014957432698241912,0.067092543755977563,0.99763463541490438,-15.749444723361403,-2.3340328618458877,-5.457541946291661,,0.4774830094532195,0.3448275862068966,0,3
-0.22387430988066456,-0.92110944520721838,-0.31849283088557251,0.96662505171605195,-0.25161411231602809,0.048232228627305383,-0.1245644522742972,-0.29706519222801386,0.94669740086055842,-12.378738379284748,0.89207735491363482,-4.747264152700402,,0.06978262407956258,0.1333333333333333,0,3
0.8088924236639522,0.55424308659499166,-0.19623365639133669,-0.51963885956758082,0.83005963509050185,0.2024264256976521,0.27507908420372618,-0.061770568680234138,0.95943519545540945,-14.916765625536295,-3.6753305567197394,-5.0976494300646475,,0.2710216441892396,0.36,0,5
0.94289993771874869,0.23301679130288688,-0.23799765213313673,-0.16967240885186388,0.95091157192329789,0.25880196300794883,0.28661992450697604,-0.20364271986316776,0.93615098222580828,0.38513270384156478,-18.49396065228369,0.54670184784793929,,0.3360565684740047,0.5714285714285714,0,5
-0.95563911950283509,0.048557320351203394,-0.29050999968358293,-0.055090139549694613,-0.99837831650016162,0.014346207397695028,-0.28934227102212334,0.029714033428888675,0.95676440486524483,12.495540246505962,-3.0528667708326136,2.6595811325050431,,0.07763421533102455,0.3333333333333333,0,5
0.89793911665543258,0.34300017795934218,-0.27578292314775404,-0.32984036841439862,0.93931433275343101,0.094307558807496486,0.29139436189520584,0.0062818949239212881,0.95658238727871714,13.130350698948124,12.731827435141286,1.5099532205671848,0.3760241308219517,0.3155956702488669,0.832258064516129,1,5
0.44522950967624059,0.86312423191151477,-0.23830074276134885,-0.88009472299682978,0.4708510918772344,0.061094417348463249,0.164936236972311,0.18252618871047624,0.96926788256304042,11.964885595054982,3.9487743711389007,1.9631587299674054,0.2991233328211675,0.2164586123039066,0.5384615384615384,1,5
-0.89098955294074622,-0.33547504638871939,-0.30593154430515596,0.37090301331762671,-0.92644270486857849,-0.064302949447894622,-0.26185601246172574,-0.17076418783304823,0.94987947703451636,-12.858895399731704,5.0135541238910664,-5.1820343493061873,0.6372403360450465,0.7276047338644228,0.8247422680412371,1,5
-0.82425261508922776,-0.48324439479292519,-0.29509741005266082,0.49492801606286407,-0.86805409463204242,0.03909408789858311,-0.2750525139580553,-0.11382857151771765,0.95466704712773509,3.0172772665870764,-7.3017199031442948,0.22989216050995562,0.1198194497903514,0.1101571582633175,0.4285714285714285,1,5
0.24420597301028368,0.94698623054977671,-0.20875948336596692,-0.96077708038981247,0.26545469345946332,0.08025713375127666,0.13141858522951938,0.18097205549329221,0.97466828746338319,3.5369336496646682,22.779887683314797,-1.961282120892375,,0.2694298216674712,0.5163934426229508,1,5
0.38821357376828503,-0.85047453179719645,-0.3549412513450606,0.91975682959531502,0.3817044424450266,0.091373371561457487,0.057771927047944448,-0.3619320231508571,0.93041260474216292,-5.3774227683755367,0.90405240469714909,-2.8524229558261207,0.3404910333435665,0.2697692973175679,0.7980769230769231,1,5
