axis_00,axis_01,axis_02,axis_10,axis_11,axis_12,axis_20,axis_21,axis_22,location_x,location_y,location_z,dbh,dbh_approximation,score,reconstructed,number_clusters
0.55138718141446819,0.81816042284434443,-0.16305121484666235,-0.80607441121012724,0.57285555163240531,0.1485952911642206,0.21497957987691574,0.049497873238117669,0.97536338909190556,7.8045234238431576,-9.0874093662396493,2.4597029072063759,,0.5125480869290311,0.25,0,4
0.21612221640581397,0.93995656337938438,-0.26414550258495129,-0.96578163729011124,0.24553528942508612,0.08353592472805875,0.14337718315363585,0.23705290676757629,0.96085841971852015,-8.9667659553964754,15.083632860303178,-4.5594091440598872,,0.09126881923334651,0.42,0,4
0.94820260367325981,0.057952987211775227,-0.31233519439935697,-0.027097473202502782,0.99439034363355194,0.10224270846562672,0.3165083716638345,-0.088483307813278109,0.94445389241885658,7.2166052678578465,11.07323676607812,0.93095416152655908,0.1638844433240345,0.09307801722140871,0.4418604651162791,1,5
-0.94809153582806782,-0.055691980765887744,-0.31308280529206134,0.044240135921562181,-0.998070398720455,0.043569365058869998,-0.31490514455120694,0.027456920372892969,0.94872591798623229,4.0958016440387546,8.3814621743875311,-0.045261796583036383,0.1864382081828656,0.1623751855939833,0.5590551181102362,1,5
-0.18713051313380055,-0.88298070583428556,-0.43049650890415736,0.97828447545076691,-0.2072666618546814,-0.00012639475685600804,-0.089115970209036333,-0.42117170371239804,0.90259223342863815,10.26463466292137,14.596041241709555,1.775219920506462,,0.2181999129994937,0.2857142857142857,0,6
-0.94467359690688402,0.17441283349177022,-0.27779841399903998,-0.17607656405923455,-0.98419013849343662,-0.019152411894166291,-0.2767468859736355,0.030821012404551474,0.9604484506199451,7.6562577598963442,13.746340539065466,0.9951051325373319,0.3882640800223675,0.3163737711285664,0.9365079365079365,1,6
-0.18338482000114392,-0.88557587205601507,-0.42676150555711512,0.97121178117511331,-0.23035988841619495,0.060679468649132227,-0.1520450061653153,-0.40334810851311292,0.90232622673791429,8.8704007831076623,-7.9064963317412156,2.8299476453802339,,0.1503763412626575,0.21875,0,5
-0.64427051815730552,-0.68200120345651549,-0.3461067146375259,0.71771132521889558,-0.69548805710119499,0.03445019712776113,-0.26420816241337802,-0.22620946247553297,0.93756243845446163,-3.0230806030589039,13.760210868456207,-2.611231805182757,0.4387117012375957,0.4184995577040331,0.8851174934725848,1,5
-0.93032666447655965,0.23512659090123755,-0.28143877418558005,-0.22264300285087138,-0.97193127836459747,-0.07602422915168297,-0.2914144654018857,-0.0080669937227410785,0.95656287454971356,9.0662445060309853,-0.13103068028664963,2.2403532843186049,,0.4862138071119338,0.1538461538461539,0,4
0.93154773936924862,0.21404799404626404,-0.29394262283788258,-0.16771078346617277,0.97018245183249852,0.174983151375911,0.32263276706683974,-0.11370781152169382,0.93966942656113994,3.7508353937038983,4.6671444673103126,0.057057209249993877,,0.07344720448534575,0.25,0,5
0.67309695717532725,-0.56254719285775623,-0.48008451552739484,0.71729892204025603,0.65464145401371154,0.23859342641133122,0.18006316303231418,-0.50496061479552135,0.84415166577110179,-12.665255602591738,18.148986998176486,-5.762449143560592,,0.2928269866512384,0.1428571428571428,0,2
0.86240419557733938,0.45435757101788066,-0.22319991287931384,-0.37228015089656002,0.86801816288739719,0.32856043301959181,0.34302549861349407,-0.20025899868999331,0.91773081061095685,-20.702848721351604,-12.422656682403186,-7.1748487797733995,,0.6437677571385809,0.119047619047619,0,2
-0.85704628176676989,0.47992600199082164,-0.18746387258044955,-0.44764595078611513,-0.87372956346421538,-0.19028860363517655,-0.25511717632207415,-0.079168696728796117,0.96366360510486948,-11.643505944236663,-9.8344571659768878,-4.3020257996920677,,0.2111992862539193,0.2222222222222222,0,2
-0.94715368873715922,0.1233669807615132,-0.2961088954580417,-0.10529512431954047,-0.99151064505681352,-0.076286155582481793,-0.30300631463077732,-0.041075890700148172,0.95210290646393048,8.4607466920598799,-6.3248136814628584,2.4669830105369366,,0.7128116208505688,0.3240740740740741,0,2
-0.15566906101927655,-0.91279212338955074,-0.37759460128472638,0.9763284293619876,-0.2002854185249652,0.081661185062630412,-0.15016637926290433,-0.35594422400746206,0.92236314320054769,-1.1509111712064481,7.9179596506738319,-1.7885129863541764,,0.1592922398886498,0.1675977653631285,0,4
-0.22992196829527201,-0.82094778401882174,-0.52266683882738729,0.96595747374096486,-0.25794391055677873,-0.019776196061155129,-0.11858350399275884,-0.5094209211656533,0.85230761914905817,-0.0083120740320771561,3.25169753002415,-1.2458971536295675,,0.6661494646500115,0.3175675675675675,0,4
0.50937278420430043,-0.79124978627191245,-0.3383240198930802,0.85421362663664036,0.51251546514187263,0.087447001427660043,0.10420387123441452,-0.33354411059867944,0.93695777893387389,-4.9549538219379441,19.529397793278402,-3.3406723986199269,,0.0811009339164159,0.2068965517241379,0,2
-0.62425329866182289,0.72010084968936128,-0.30292339854572647,-0.7664161309302161,-0.63964154578332744,0.058864311410849218,-0.1513741502363958,0.26891161965332699,0.95119525201487065,15.61674441621463,3.1566457453567183,4.2798025577955441,,0.1144953988464376,0.6086956521739131,0,5
0.72575295652045813,-0.55652670338385657,-0.40442635240858482,0.66288354716161002,0.72296534362485965,0.19469595481116647,0.18403273894679029,-0.4093887398770113,0.89360663082681768,5.5429226207632478,13.985102784295941,0.2380405161864225,,0.3318053656683964,0.2972972972972973,0,4
-0.44443489535072578,0.89203825295723382,-0.082130256639051588,-0.89278768520498109,-0.4485956239090727,-0.041135329778217947,-0.073537561428988846,0.055042905724870111,0.99577231613880557,-0.94252924413851302,17.499091954984962,-1.9862681440078345,,0.2211660769603168,0.2456140350877193,0,4
-0.86579918032793923,-0.31317274644153453,-0.39027504433378218,0.40562315956229472,-0.89596221500506512,-0.18089102163987908,-0.29302155512891953,-0.31491989484547406,0.90275347025660635,8.7419941352793895,11.022543721524377,1.4069979249801297,0.5491206173501605,0.3995116721076823,0.2962962962962963,1,4
-0.65571021541048591,0.70656561909911098,-0.26609986718039669,-0.73566370007571213,-0.67718803162789876,0.014672771069061457,-0.16983236969802723,0.20538109875794924,0.96383378778487017,-14.431629400140714,17.709093742940972,-6.3534028182039766,,0.4708688832699201,0.7884615384615384,0,2
-0.75152095246982609,-0.50911036971892654,-0.41955081866622868,0.59319609769811632,-0.79977685194088344,-0.092061809537160325,-0.28867741109163975,-0.31806228720831942,0.90305134614884419,-1.4770337438258943,15.988645181765474,-2.0737071661750845,0.6466602425972268,0.5334883931500912,0.1428571428571428,1,2
0.58918516190255488,-0.71586915525135608,-0.37468946816473253,0.79598096177517386,0.5939220427762355,0.11692269068051991,0.13883498653195994,-0.36713479767547674,0.91974827363276779,0.5662864408268975,20.477940687471936,-1.5607591564172119,0.8792728433955772,0.5671330736272171,0.5909090909090909,1,4
0.84582413794313505,0.48495786716015271,-0.22225524684971429,-0.43094262301598596,0.86672174869768404,0.25116103599589146,0.31443597653712191,-0.11665880769964826,0.94208319125501949,-9.4021349038209738,-14.642437832536038,-3.0234569534889606,,0.1596228443404171,0.1,0,1
0.63011577049061152,-0.62236751978193949,-0.46434123885295864,0.7542284296586127,0.63274961453261791,0.17540638871924374,0.1846445007947054,-0.46074569518260378,0.86811278800451563,11.488819326234946,6.4354896008836286,2.6648868109551507,0.5862547691638551,0.3088342962780998,0.1428571428571428,1,5
0.4424679643558907,-0.78151736896106261,-0.43983258466254355,0.89247311628005566,0.43177600515401332,0.13061859779759027,0.087828453454001448,-0.45033330254981196,0.88853029176188369,11.596057532252086,-9.5317940361844684,3.9625971928096853,,0.2467112816561263,0.36,0,5
-0.95277932222320871,0.12305553648918111,-0.27761285648046452,-0.093067295003744957,-0.9885497391340754,-0.11877664694138051,-0.28905024086578651,-0.087331255557854162,0.95332219635237658,10.302154047489642,-7.1394434203201804,3.3028237308344526,,0.2505858154851777,0.28125,0,5
0.011107249512573355,-0.91528917701930201,-0.4026441995603518,0.99918841765239408,-0.0054324217358555811,0.039912339237268904,-0.038718665234902784,-0.40276073694616116,0.91448600521659928,1.5424707418682038,15.721697323958814,-1.1979726415048921,0.6276552348408481,0.6714583493409789,0.3288590604026846,1,5
0.85835431553367159,0.44819711657307659,-0.24969424042276775,-0.40682392764355085,0.89111307533695172,0.20102681129689134,0.31260543965420345,-0.070970639415896111,0.94722806516672697,3.4372870677953626,2.6447967716562606,0.06969092269885066,0.5612786303675225,0.2743311229539518,0.1703703703703704,1,5
-0.59927202916185007,-0.65260938360271281,-0.46365291705965267,0.75086083127497338,-0.65907084191157084,-0.042820992504014062,-0.27763473687796003,-0.37380023779508204,0.88498154506353699,-7.5144560141136605,-15.806297900341098,-2.2225469093919363,,0.4662433245243192,0.1612903225806452,0,3
-0.74162837621996047,-0.49204980763804762,-0.45593238357096982,0.5982995697149035,-0.79255616960093833,-0.11786578344222995,-0.30335618745017662,-0.36019675849575611,0.88217533331239972,-9.4776860957456375,11.514747297941049,-4.5836220881466936,,0.2359567284630072,0.5,0,5
-0.87681130933211726,-0.33986980815762496,-0.34013297595234526,0.3605814280093752,-0.93272444539374999,0.002478455091852729,-0.31809269341187218,-0.12047249672776686,0.94037408297451464,-5.140092534125813,14.097187833436452,-3.2777042646554313,,0.1045252263288389,0.2432432432432433,0,4
0.93873307099182746,0.21501643496205797,-0.2693476454741357,-0.16193898408393587,0.96505908952874853,0.20600174550669778,0.30423015442279283,-0.14976276711569744,0.94075242584100383,5.9924607559722114,18.144955491847437,0.29083166959581436,,0.2118909733904815,0.1176470588235294,0,5
-0.74450181153141104,0.60519335057483326,-0.28188306271653629,-0.63819421320286407,-0.76910966965647221,0.034328738329423174,-0.19602346507707955,0.20545394729943681,0.95883443653127909,11.581687120729413,9.8601241376848776,2.5454118230312979,,0.670897517230474,0.2173913043478261,0,3
-0.94059908223833211,-0.073562980670540859,-0.33145415122950944,0.088060936352075056,-0.99569535650442609,-0.028914157852534032,-0.3279003476381272,-0.056384793254840623,0.94302816347572849,1.3857894552712648,5.9718245383541531,-0.85831255382922622,0.2695388278797001,0.2296458404204461,0.2436548223350254,1,2
0.9481080993205877,0.081329893608425533,-0.30737026597955858,-0.025910987140759109,0.98327942929828616,0.18025033887409977,0.31689060059915614,-0.16293253918256648,0.93436252864047731,-11.473826161497859,-15.421369519627506,-3.6307570882395437,,0.1251366878543559,0.2666666666666667,0,2
-0.74497653707749267,0.6180552333513083,-0.25103324029117746,-0.625907195020865,-0.77777814796672717,-0.057457251644694327,-0.2307599237847448,0.11431920692739525,0.96627168876168079,13.826329720812556,-1.8909720844247082,4.1175840393439689,,0.583876558384362,0.5217391304347826,0,5
-0.21134610778429899,-0.91585646946732335,-0.34137918808749163,0.96683492549323524,-0.24713517752794137,0.064454874716508043,-0.14339822025016655,-0.316435034980453,0.93771307928705006,4.4947519640930054,10.935070352095117,-0.018366501595768119,0.4106847507643524,0.3951535781657347,0.946078431372549,1,5
0.15150066863696823,-0.82038681159070481,-0.55137376322290543,0.98672429584817223,0.092504797076857465,0.13348418071328699,-0.05850394333273274,-0.56427683089579928,0.82351013759923608,4.9995744050462276,11.970243483535889,0.19192019754122897,,0.1910435494781921,0.6111111111111112,0,4
0.88228910935428895,0.41858094393326384,-0.21530425191053082,-0.37390753782648212,0.90108931269923731,0.21961603697306234,0.28593544843435076,-0.11326095494544243,0.95153185727724987,7.8429676301093849,4.9164998673686195,1.4252500743536209,0.9002079801024117,0.6212053113421449,0.6013986013986014,1,5
-0.90154579048103178,0.32363535394004467,-0.28718521087624432,-0.32991914829704949,-0.9436036007583507,-0.027669481795361325,-0.27994382160154996,0.069802595338399595,0.95747535447714893,-13.334442934966454,15.925416272330486,-5.9525810249239406,,0.152564264090478,0.4166666666666667,0,5
-0.76811607999665032,-0.5215979450355257,-0.37139368786410071,0.55902149088529018,-0.8291119686381585,0.0082653608115539727,-0.31223814689907398,-0.2012682965488469,0.92843869610511054,7.4041672479218716,8.6941116251534378,1.1434294471085364,,0.06891828902549144,0.3529411764705883,0,5
-0.60030843789886346,-0.72650203033755911,-0.33440182311529182,0.7582381713924855,-0.64998382042499325,0.050950060148246198,-0.25437109668908187,-0.22297047585080551,0.94105234289494166,-2.2842586822443702,15.161338772225974,-2.3513590648064073,0.214228188124872,0.1954628030298196,0.5056179775280899,1,5
0.017040893290128926,0.99479710212150074,-0.10044069676449813,-0.99639840079386244,0.025241637129532323,0.080951137425319883,0.083065244544914429,0.09869946993618807,0.9916443817130246,4.9778886284587571,-13.816585624871601,1.942002218777636,,0.5411454599982819,0.4242424242424243,0,1
-0.70255130161737234,0.6844329514353642,-0.19486714342138911,-0.68852377166576129,-0.72297218067632163,-0.056975800295199663,-0.17987963877796281,0.094142237904143819,0.97917340374190542,2.8485254937371205,-5.1389897867775849,0.40270924867946672,,0.1810285454354481,0.1052631578947368,0,1
-0.1439633645282489,0.95941006833295073,-0.24250127928542994,-0.98928638840901517,-0.1335323587253841,0.059004668305850133,0.024227905034372169,0.24839772534103241,0.96835508913984991,9.8212201501199825,8.3588140284185481,2.0096164157511045,0.1139761432287958,0.2523687591715438,0.3214285714285715,1,5
0.042298494630971836,0.99486731630932113,-0.091923121636743016,-0.99394887283269606,0.051236939479569032,0.097161794072465973,0.10137295273674794,0.08725708551319393,0.99101449307322242,-2.2604718037781679,-13.943998429778352,-0.58054626233320106,,0.5294413870916639,0.4791666666666667,0,4
0.3541432266098834,-0.8466003603928175,-0.39730391997700315,0.9341044950103774,0.34069727765555208,0.1066496947932989,0.045070693890253484,-0.40889264456682006,0.91146883532647616,-23.29407559769399,-20.194517390875568,-7.2161484146649721,,0.1246181229786222,0.3333333333333333,0,1
-0.86071611996882347,-0.37637133215449414,-0.34280078931948876,0.39371284558994318,-0.91900583906157129,0.020456367913336666,-0.32273511746211087,-0.1173579486144328,0.93918536820679233,6.1853994308191993,14.814497689262218,0.41834302210597546,0.7372181517172084,0.2982093201656915,0.4615384615384616,1,3
-0.57667308488961766,-0.68174640575479195,-0.45018883971541918,0.7719034072118387,-0.63517039915732343,-0.02690156071832385,-0.26760658268930337,-0.36301570527285743,0.89252804696917154,11.565262937826857,-3.556163159344564,3.4882878226865839,,0.2998191300000919,0.2307692307692308,0,3
-0.66849169811390097,-0.63637919947940913,-0.38489006745139581,0.69072537715441473,-0.72310560236386612,-0.0040915993061460413,-0.27571235537727484,-0.26858853717152081,0.92295335461353489,1.1232489175909401,21.101999619740351,-1.3614951049483373,,0.1288104649850079,0.35,0,1
0.80527188370755576,-0.39625272290686925,-0.44104531841861544,0.5486080492500236,0.78009877997469312,0.30079079404143966,0.22486974364767229,-0.4841793810881333,0.84557904735213418,-8.3772572792275533,18.896733365597711,-4.4230083828874287,,0.4994352084096845,0.4,0,1
0.46775522208643455,-0.75448898390971564,-0.46038182562928665,0.88082508365248591,0.44103457054551115,0.17215016582137713,0.073158897062911052,-0.48603999911799545,0.87086904586046487,8.4272789729321431,7.2381087320771709,1.5278718073523507,,0.3252893326603749,0.3928571428571428,0,4
0.20434917564793526,0.96253895490786967,-0.1782138454129617,-0.96926355184910595,0.22443617810965735,0.10077980458596418,0.13700212213270371,0.15214191480455316,0.97881727420940978,-0.69950527816005803,-9.6615322650715179,-0.48488168618409117,,0.1747151340543497,0.1212121212121212,0,3
0.60458033204247008,0.74085163070210469,-0.29261148882682231,-0.75106183229253931,0.65255725564951905,0.100375057521988,0.26530877516733337,0.15908453534269557,0.95094866550934731,-4.6722949508567959,14.18179778493151,-3.0846509521872663,,0.06533520951375872,0.2745098039215687,0,2
0.91441451031883692,0.26976969178152282,-0.30177875457769432,-0.24691198431831857,0.96251368041606766,0.11225812670763176,0.32075001998184277,-0.028137668844779629,0.94674584565955655,6.0172266806980597,6.7318622077424006,0.77570229618384257,,0.07698480970204435,0.1475409836065574,0,5
-0.94720154269936252,0.096781584969823795,-0.30568376194799224,-0.048338943390814598,-0.98556463611021428,-0.16225194791065087,-0.31697410629230854,-0.13890886530264981,0.93820666331065994,-3.966140182453366,14.91960717524416,-2.9127195904617875,,0.1807104226109063,0.2222222222222222,0,4
-0.87072860601958524,-0.29521611864273611,-0.39329268738778633,0.37481473297630563,-0.91613854357410374,-0.14214107401388174,-0.31834825365170399,-0.27117819283902089,0.90835938764647106,-25.675846278066064,-16.396216105202509,-8.3349548690409527,,0.2789344595474771,0.2352941176470588,0,1
0.66731293890541854,-0.59461255874267782,-0.44847446588953133,0.72062163267190193,0.66760270040042302,0.18711252481687762,0.18814330733432205,-0.44804301066253671,0.87399059291376457,-13.005386386494747,-22.410338154927267,-3.5150135515418364,,0.2766440142168564,0.6944444444444444,0,5
-0.63423849590950476,-0.65051675502494533,-0.4178151286613066,0.72573168686710532,-0.68724993544093738,-0.031639293820389616,-0.26656152945140932,-0.32328853624624965,0.90798098732753318,9.9145517309371627,4.0137403528775435,2.244020867992091,0.3693533836616193,0.2902417638948025,0.6710526315789473,1,5
0.66375736517651163,-0.58851576490819446,-0.46160086073193018,0.73265409593155628,0.63575762711969042,0.24296134522564533,0.15047968596674419,-0.49946114364749539,0.85316729314811779,-3.4562596765193807,20.160431130636038,-2.8803781681084222,,0.3073317588211087,0.2272727272727273,0,4
-0.40382723300764556,0.87936146198881815,-0.25228354098172723,-0.91271199299320094,-0.40604506309097105,0.045653308596750035,-0.062292726122474239,0.24869826277708376,0.96657580683766975,-6.9484898579845211,15.659149653325015,-3.8968276615428845,0.7829343159067007,0.2867696000349557,0.2857142857142857,1,4
-0.71811570962630011,0.6907103040046958,-0.085024134983285829,-0.67048172976069642,-0.7194123011107203,-0.18138409816652137,-0.1864512741844899,-0.073247641274777356,0.97972991451861913,9.7615075283856942,11.459219182704578,1.8780962141774133,,0.7027099472148381,0.3513513513513514,0,1
-0.2273653858296654,0.97209033661394928,-0.057839076655032483,-0.9737044267773094,-0.22606692483460661,0.028167974192259543,0.014306313319610287,0.062722587299980453,0.99792845757679305,-16.006909298205745,-14.587312027043597,-5.2961788627882447,,0.3364899335931781,0.5,0,3
-0.68833439013369746,0.70298796699849642,-0.17889573950933518,-0.70651296919791784,-0.7056116083384032,-0.054329389221983437,-0.16442381735750228,0.08899537310114751,0.9823668519713874,-2.5495170484315404,17.027104669548269,-2.5168073117294498,,0.2771643442850504,0.125,0,4
0.48425303912019324,0.87388174644148775,-0.042774844701427533,-0.84509998170719292,0.47984136471044214,0.23570805168963169,0.22650610371766614,-0.077993319901099159,0.97088208708856383,-30.082711461439935,-7.1437401500728992,-10.595072112910133,,0.4328349895142696,0.2727272727272727,0,1
-0.11164766269435066,-0.93204919498243399,-0.34470146148150538,0.98735934115649882,-0.14331115364241431,0.067701142329247177,-0.11250035931450671,-0.33278553360126345,0.93626783442550721,-10.149957761950576,16.972898091920598,-4.9551262647761698,,0.07405535581418037,0.2258064516129032,0,2
-0.93238212958376232,-0.17181689633076766,-0.31802911591254091,0.1644692724699604,-0.98511264511888863,0.050029339792467917,-0.32189038949004384,-0.0056595549410294434,0.94676002587340935,-2.3846130794179543,11.362036470284881,-2.3307772431499938,0.3472008989924701,0.09621324578040071,0.4098360655737705,1,5
-0.78445023312420525,0.55375281628901363,-0.2792770133816373,-0.58310475925420535,-0.81191469333084465,0.027988756467140205,-0.21125025795599994,0.18480354218863779,0.95980257308889128,21.187697718068261,-0.55441745471628257,6.6864007721892849,,0.1947426664756758,0.5357142857142857,0,2
-0.85964118499864584,-0.38005808806787739,-0.34142771233207453,0.4132783147980304,-0.91019335510414889,-0.027369523962847721,-0.30036322606441729,-0.16463263959021779,0.93950946052167716,5.1619970012327281,14.028537780032954,0.12673292892736546,0.1925328509900061,0.3924372957289948,0.5428571428571428,1,3
-0.86465680217859131,0.39620333137789088,-0.30885520013649548,-0.43198062377425339,-0.90023332718610094,0.054522447735317135,-0.25643976900999682,0.1805626673166538,0.94954503212938524,15.436706046740417,13.802898670486663,3.6498419097407337,0.4684779653296041,0.4628752990665035,0.9,1,5
-0.92251442501919811,0.24216227509397262,-0.30054046009282853,-0.24018768322795425,-0.96972419474469851,-0.044100600362505286,-0.30212085736851385,0.031502676839541909,0.95274895376214219,-9.4852753503670897,21.149411889639897,-4.8718252864489111,,0.1446780203173862,0.2962962962962963,0,2
-0.78959707821194525,-0.51702835689669013,-0.33048166703142157,0.53187257850326763,-0.84525072057383688,0.051602127918275786,-0.30601963060471099,-0.13502924695827107,0.94240070466359327,9.7282610610267604,6.5572720112912277,2.0279861696743491,,0.07206088167886311,0.275,0,5
0.33428475314653383,0.89826619692183907,-0.28525697762077046,-0.92348687031015986,0.37263210356968629,0.091199318824080014,0.18821717291072734,0.23294453171690122,0.95410226965702494,-15.828752759609987,20.162246503639796,-6.9136027708501393,,0.09474335590099996,0.3636363636363636,0,2
-0.92730428359400907,0.23356142708577649,-0.29249927419714616,-0.23714530042211615,-0.9711856072808045,-0.023677472380279979,-0.28960122947927242,0.047408606689820693,0.95597256858961344,0.32673200326095536,6.1698853989575468,-1.2271119195899867,,0.09117919535328681,0.445054945054945,0,1
0.93485372803740274,-0.090887010921279279,-0.34320264920359489,0.20911045639250653,0.92216833474757376,0.32538958098901227,0.28691692909601602,-0.37595892546218734,0.88109792995071168,-4.8532152733435439,-13.884505112527828,-1.466077377290288,,0.4587489898223073,0.4246575342465753,0,5
-0.94149805813133203,-0.11276972460886829,-0.31759155490436336,0.17051079406545019,-0.97223621457133746,-0.16025857912500591,-0.29070169528590795,-0.20503592926030342,0.93458696335347125,17.087825304703948,1.949414716330873,4.9892375724387517,,0.3826376923295426,0.2884615384615384,0,5
0.94726763605490105,0.10643928636525342,-0.30224940694898805,-0.024932130312355874,0.96484402008902503,0.26163792878047393,0.31947208729566207,-0.24030542069729555,0.91661927222945072,-10.207514745768616,-13.105957533126711,-3.4479020073965829,,0.1281928615230669,0.1428571428571428,0,2
-0.57565088244466189,-0.67043253941893721,-0.46813061385574717,0.79423364167434274,-0.59459314384345185,-0.12510761658297603,-0.19447103633547835,-0.44382339210843391,0.87475814522870787,-26.947607751902268,-9.2046997779998829,-9.5348153316593702,,0.2711149873443355,0.3333333333333333,0,2
-0.59016345929790281,-0.72003074660527588,-0.36505179804047178,0.76452371680307529,-0.64371436168851792,0.033694317051316952,-0.25925002942168279,-0.25920560275386167,0.93037727710099571,-7.9147243907707132,12.007505346301253,-4.062912408782096,,0.1498241766676685,0.2542372881355932,0,8
0.16893733263025651,-0.86449601619565286,-0.47339921379911376,0.9846225419074679,0.12634816061462747,0.12064241491687806,-0.044481767179935211,-0.48650054500601059,0.87254718617241767,-3.8169877669557311,16.772349920856236,-2.9099573430354924,,0.3790364298190153,0.3666666666666666,0,5
0.65986782471235583,-0.55386361354713365,-0.50774949679728454,0.73365210514402079,0.62085946016835969,0.27620304005785318,0.16226226464317212,-0.55476898643306027,0.81602838747491158,2.6144550698898015,-14.151360915029114,1.1623383056247518,,0.24778381454242,0.4705882352941176,0,3
-0.026380561940500976,0.96755656057620032,-0.25127349250897485,-0.99665593494596882,-0.0060107717843877525,0.081491214002081147,0.077337011118095128,0.25258300162225983,0.96447955603154667,6.9846401091850474,26.693795118518636,0.27935512443035443,0.2387161541688748,0.1909640063049201,0.6551724137931034,1,5
-0.13869984347645059,-0.89776120444458007,-0.41807555921606593,0.98316342176126759,-0.17553498792613953,0.050765678607171724,-0.11896234501002702,-0.40399540567683229,0.90699265303624577,14.032431101407267,10.915095389201442,3.2863117100404926,0.3045708468697345,0.2305646933874742,0.3157894736842105,1,5
-0.38971519133017901,-0.83641797062522294,-0.38539207057445646,0.89689536551142768,-0.43970260120373017,0.047332080228916933,-0.20904729840542088,-0.32721033130061539,0.92153818484072425,14.923375526635276,2.2525863483159569,4.2174795081868988,,0.1513272736130744,0.5555555555555556,0,6
-0.30242799079473043,-0.88474724385227499,-0.35462603525356884,0.93747100246747161,-0.34334468133718976,0.057118730116285772,-0.17229460211073339,-0.31517732198441345,0.93326192775138794,-3.814287440630848,7.3619106056636623,-2.6537299333562934,0.1675248622657209,0.1439793436401572,0.657190635451505,1,5
-0.93361656351955324,-0.096848671056707109,-0.34493542473409589,0.10843699228109295,-0.99399885400309207,-0.014411694750149867,-0.3414696634065339,-0.050858756916494371,0.93851577281255028,12.134258165208209,12.30885617677712,2.5722814212525646,,0.1240997166563727,0.35,1,5
0.83211200643740724,0.46560046036016073,-0.30134004057728164,-0.45956286366848531,0.88301507313915384,0.09532237379479698,0.31046993909158493,0.05916580026890824,0.94874012511277583,5.4345928059973403,7.3936116362149651,0.52687008593299456,0.2382395162092067,0.1979718119274121,0.75177304964539,1,5
0.47327511829294389,-0.70340102769944235,-0.53031844832719999,0.87486875273106968,0.44572174239270268,0.1895700236144843,0.10303071337995834,-0.55367781478923483,0.82633259012980653,-1.3184529906119387,-16.743593964646308,-0.024860621377734548,,0.6243898850925954,0.3333333333333333,0,4
-0.94767652824704618,0.023722427990518068,-0.31834956293336342,0.034702901275620528,-0.98366983348617487,-0.17660511694834394,-0.31734036373062197,-0.17841217755388331,0.93137757566295343,-11.51711088060825,12.811355746945571,-5.2616637735580998,,0.2762043671929362,0.3260869565217391,0,5
-0.47909285974078536,0.85742031025469412,-0.18788412202243274,-0.87411944576372869,-0.48553167968409766,0.013197824095306404,-0.07990761092103936,0.17055614789823001,0.98210252730099856,2.1343819102241826,7.9046578250412587,-0.68224876539836776,0.5550277760190673,0.5680072634627082,0.6594594594594595,1,4
-0.55263513951012666,-0.7428025665612874,-0.3779401403510716,0.79564753863329574,-0.60519992782657828,0.02603923242883479,-0.24807135434265981,-0.28631694757500675,0.92546378032094234,-1.0545082143141542,12.659551676656877,-1.9386238915073837,,0.09394031829444602,0.1891891891891892,0,4
-0.83784961015933312,-0.4298079371140745,-0.33656079383908977,0.44991272083057121,-0.89284446251319471,0.020181907599579944,-0.30917078515067853,-0.13451357906646211,0.94144544327116697,1.0143296606863088,8.547654319582529,-1.1370211408449882,,0.1029803227929153,0.3805309734513274,0,5
-0.85245639462472933,-0.39982508104860842,-0.33683527105676064,0.4252221159236117,-0.90508723752422549,-0.001801277383609172,-0.30414510910559467,-0.14476531710060969,0.94156187028357585,2.1502344199837879,21.742938986719505,-1.0893952650511578,0.3087676864905385,0.2130244415305041,0.3421052631578947,1,5
-0.22355373936612563,0.96219719759664224,-0.15556438716039611,-0.9746898650862873,-0.22098925113746226,0.033814461104348541,-0.0018418777093894688,0.15918638075812513,0.98724683016337456,3.3081204446836172,-7.5913232829786432,0.73905269907898186,,0.1029805338538096,0.2564102564102564,0,5
-0.631122276568437,0.7167803185127013,-0.29649729680370468,-0.75267031381891125,-0.65831119643025049,0.010666177868098439,-0.18754218382757332,0.22989637589010153,0.95497412825572481,7.1266989617830276,16.848973779936379,0.67704608956046652,,0.1755138614819898,0.5,0,4
-0.86803576323978637,0.45423467555622343,-0.20046140092060766,-0.4181700590009037,-0.88651698099502607,-0.1980440460166473,-0.26767090893838447,-0.088082358788781484,0.95947578530065136,-11.438670664634181,14.58781621465833,-5.2949582789094123,,0.5398338608008306,0.4575471698113208,0,4
-0.93945647940892696,-0.092980109409506198,-0.32981240508928911,0.11236773013385697,-0.99285436305830688,-0.040170971865876315,-0.32372058402447906,-0.074799151133422809,0.94319142832649272,10.051628118716289,12.917977757447186,1.9046534987802888,1.071154205082659,0.6203523408107472,0.2666666666666667,1,4
0.7182070753910863,0.64831255336710303,-0.25272401944573791,-0.63350185634637401,0.75946735395943643,0.14793490553466515,0.28784369866974768,0.053853239609883731,0.95616203319293092,0.49717961518405179,-7.2367405691644509,-0.220346895370581,,0.086508140901849,0.2564102564102564,0,5
0.0096335084632509643,0.99750244675945843,-0.069971881663862492,-0.99855183107197643,0.013300279876011841,0.052128142284394427,0.052928595083289141,0.069368373659131399,0.99618602306918314,0.66140746340964507,-13.289142807773171,0.35192381064527128,,0.5257995052165811,0.3636363636363636,0,2
0.37377671112507876,0.90733592466132129,-0.19243827592115001,-0.90400569162673261,0.40279427707430854,0.14328461139514553,0.20752031160103834,0.12040884591744286,0.97079196025607706,5.3939275171118535,13.081889905696491,0.2574623020091214,,0.1439115896133895,0.2608695652173913,0,3
-0.063153142085367084,0.99669377858035169,-0.051119393423302087,-0.99635746641116951,-0.060025240864751861,0.060570368876564896,0.057301655922495448,0.054758398427542029,0.99685407057913433,-6.2704373562674931,-15.667768889763835,-1.9211922870455287,0.4442060563132609,0.2215635672955191,0.391304347826087,1,4
-0.25816339889534068,-0.83485936487602974,-0.48617023803354908,0.95445781620045245,-0.29829685935584332,0.005409324570005921,-0.1495390803926139,-0.46263249407843471,0.87384737732518147,-2.7086383965652061,22.945060490203925,-2.7780991776222814,,0.6244728603695959,0.59375,0,2
-0.49988414183770319,-0.79522158199217108,-0.34313041292350027,0.83488442599553192,-0.54783424238960865,0.053344522638358711,-0.23039930548787219,-0.25980815691442866,0.93777176414703023,17.951653167263423,7.2662284222927234,4.8556765118767773,0.2137948508284888,0.1905946538762254,0.32,1,5
0.87379570234021597,-0.34639506785925323,-0.34130855180401226,0.42682711783650856,0.88262505094581734,0.19695591111279806,0.23302292172906092,-0.31777897414032374,0.91908478474141597,-4.9198031521697825,16.031924308987875,-3.1954488601158619,0.5298839417245569,0.5245831430054109,0.8726114649681529,1,5
-0.7177294811480317,-0.48588779960686362,-0.49877593976070866,0.59413027605656499,-0.80088812523328712,-0.074749086504521431,-0.36314405814211997,-0.34998750985358201,0.86350167109424947,11.460802661601532,-1.2486631251379703,3.2693911800069553,,0.2651656547350435,0.3384615384615385,0,2
0.41979981285191525,-0.81692937310806557,-0.39546746577027064,0.90497924378801775,0.40994951914493177,0.11381546496723043,0.069142500984304717,-0.40566955900844048,0.9114008577193311,11.845897560994535,0.23581501346064113,3.2664861386348121,,0.1265859749680299,0.358974358974359,0,1
-0.94739909393178201,0.12968873750139628,-0.29260175697102564,-0.088614245483833759,-0.98477399016865863,-0.14955836246973248,-0.30754263495419321,-0.1157627731725141,0.94446625563481035,-1.8944056797598468,12.619856863559868,-2.2287508564638583,0.2191819128616712,0.0935270211531721,0.3043478260869565,1,5
-0.65498921736794946,0.73198695210908515,-0.18757459069333837,-0.74309201790424995,-0.66900035213411335,-0.015899112284109816,-0.13712540996734129,0.12897143399406238,0.98212167838552655,14.439466280569947,8.3868522376895207,3.5361582618682985,,0.4783365750783832,0.3571428571428572,0,4
-0.88081928135495224,0.37106654999984062,-0.29405273177537422,-0.38966138813369505,-0.9209442648033247,0.0050659375819806897,-0.26892637689722143,0.11904317114844677,0.9557757724549486,8.4699597383497736,19.935069902815098,1.1108669555197395,0.540720885560202,0.4866579727118405,0.9411764705882353,1,5
-0.73053849049875619,0.67478233918586683,-0.10479651054615524,-0.6587927998472527,-0.73682341743620627,-0.15193188732800422,-0.17973747736412177,-0.041952905030303467,0.98281961365771553,15.730117411195124,-0.77383654296107351,4.7328129155608103,,0.4033429344682407,0.1111111111111111,0,2
0.48602219462255353,0.8698147796285105,-0.0848803597664535,-0.84509327595692441,0.49250451415730551,0.20798235133556417,0.22271008344183771,-0.029352217539435101,0.97444274642425599,2.0254005928686025,-9.310236473420634,0.47532978747655441,,0.286487414931884,0.1733333333333333,0,3
0.62678378118906808,-0.66101285339441695,-0.412557995057308,0.76295528155539472,0.62816708265647292,0.15266091383711969,0.15824452592447916,-0.41044868609148605,0.89804818695920174,-7.3652225242685478,16.138488103813685,-4.0725553006215609,,0.1271597811879753,0.2631578947368421,0,2
-0.15127589998096244,-0.8661362843942243,-0.47636492203007208,0.97942859328661713,-0.196443534006152,0.046147249102968274,-0.13354861563321205,-0.45958445883530563,0.87803581502095396,-5.7924816621180808,12.79127313048561,-3.4372908253239718,,0.1764017040940094,0.2264150943396226,0,2
0.70983727137862362,-0.58402086254281749,-0.39376475245569487,0.67542850524923759,0.72296810142214818,0.14530470956867217,0.19981837367602634,-0.36910263672967547,0.90765404262894667,-10.126909026519538,13.106687918253005,-4.8940085359558143,0.678399377486837,0.7848412487680202,0.4308510638297872,1,3
0.80965638889659586,0.55404731986317457,-0.1936184373228908,-0.49705561331804521,0.8227368481112256,0.27575314328041406,0.31207731283761547,-0.12702616310209433,0.94152647583571092,12.538655025106994,-11.272287205707142,4.4408007858468643,,0.339899002023921,0.1666666666666667,0,4
-0.94903760931524228,0.11861501415728785,-0.29198988770448314,-0.047631469362488701,-0.96981286748879658,-0.23915318350280987,-0.31154270851936278,-0.21305745814128343,0.92603869265749084,-16.601935668184119,16.660819202280564,-6.9852520786049928,,0.4452352454210359,0.2564102564102564,0,1
0.43769209889566252,-0.79285676801390059,-0.42403274871035829,0.89592501209295439,0.42434007379723676,0.13135400441553,0.075789176473617992,-0.43739415540711984,0.89607050701668722,-6.2552547385736128,17.017268222762645,-3.7101111433294269,,0.6966581320171177,0.4935064935064935,0,1
0.92512999645809613,-0.14976920861811005,-0.3488605363226816,0.24725837282074098,0.93498463834798606,0.25429711583760761,0.2880933645946806,-0.32151657842666703,0.90201402598481006,-8.7181654000782025,-15.361334914051849,-2.6896904119121863,,0.298511340077388,0.3529411764705883,0,1
0.05533061649346125,-0.89640976012560813,-0.43975909863242646,0.99788058149133374,0.034539024087230925,0.055148897519532537,-0.034247159896431484,-0.44187848755812087,0.8964209581844772,7.6733610594703974,-5.032301851551229,2.1843496763716175,,0.2329370206976407,0.1176470588235294,0,3
-0.65392288428376255,-0.6636379201748781,-0.3632761653562846,0.70595353255645665,-0.70790258320379018,0.022439754108731138,-0.27205600761803528,-0.24178222349743286,0.9314112330864236,-10.131307602150782,18.184426178116652,-5.0120814496311317,,0.09508351055280492,0.25,0,1
-0.45945071735483783,0.88694267997792664,-0.047304553223751725,-0.8842293688893601,-0.46177829306306217,-0.06999450870810385,-0.08392533297907892,0.0096690480057934989,0.99642513416463596,-9.5400168182843164,-11.662634776894055,-3.3660846870186609,,0.3839378763112384,0.1363636363636364,0,1
-0.5626740508947593,-0.70300938244339906,-0.43494335337631301,0.78855143012828544,-0.61437123787227965,-0.027103950227193991,-0.24816235510712956,-0.35822589279926925,0.90004980708616833,-14.598056092824645,-11.073945166441289,-5.1493058575694342,,0.6100964604639774,0.4473684210526316,0,1
-0.8957169316952206,0.37953897999620251,-0.23160600367421919,-0.35318588255514477,-0.92378601349901202,-0.14791596812835001,-0.27009426250522928,-0.050690866307904453,0.96149858316833248,-11.951548761812056,16.188688454472388,-5.4697054530763971,,0.4052522621039932,0.125,0,1
0.9104542886311936,0.33359330536464027,-0.24451686021410104,-0.25165358539416288,0.91594552936237128,0.31259280253926131,0.32824299119909806,-0.22306791310491225,0.91787648671904043,13.872103746851858,-3.708801490667093,4.2582366545838335,,0.3637932595651551,0.1428571428571428,0,4
-0.78834234512908097,0.53448733624007139,-0.304695970231597,-0.57668761230686516,-0.81451011177648336,0.06328250647428188,-0.21435425045514828,0.22560267111196494,0.95034503739376563,10.657927730370872,5.0754174822507254,2.4186570266520886,,0.06881951555112525,0.3636363636363636,0,4
0.72961876642630452,0.62510506615127626,-0.27730869432920069,-0.61910686060534559,0.77602412098731954,0.12038795121294733,0.29045335396574545,0.083846406708138241,0.95320859692523874,-23.035244225866691,-18.621627399381733,-7.2810017191884446,,0.4989133014132112,0.6129032258064516,0,1
-0.79718465386768989,-0.49479670167915291,-0.34593764126686471,0.52100569762070614,-0.85332128088386883,0.019896096035995375,-0.3050404738466877,-0.16437461968973133,0.9380465306781125,5.9566049144615469,16.080208580220958,0.22594001734401251,,0.07678908469782601,0.3636363636363636,0,4
-0.92051728117460696,-0.15160783587624663,-0.36008748820228587,0.217250096323829,-0.96464154154828918,-0.14922832159689842,-0.32473116682295428,-0.21559629036757902,0.92090602608167405,-17.831194729986638,18.048050956635937,-7.4699458648042913,,0.1480803734165034,0.4444444444444444,0,2
-0.011915988087043462,-0.89261922562893559,-0.45065388855030342,0.99691008270790193,-0.045599764905349373,0.063960522479894338,-0.077642103418400707,-0.44849925248340905,0.89040447230378916,11.497800522112685,-6.4401406329924891,3.6294292473707714,,0.1129051862312045,0.391304347826087,0,4
0.3969232885334335,0.90967748150196492,-0.12222431291707039,-0.89534618265682153,0.41305010822110116,0.16656776789162123,0.20200771327269923,0.04331844580293593,0.97842546779586403,-7.8337749840961202,-12.770967996941796,-2.6611150420473453,,0.2635079719568474,0.25,0,3
0.93387811781453833,-0.068511712894668786,-0.350966958934048,0.20291465387474947,0.90968504931963534,0.36235169971620546,0.29444405972963006,-0.40960866231144449,0.8634369921710342,-8.9931485716971604,-9.5630050057447047,-3.3714978255122241,,0.1870242310860154,0.225,0,1
-0.49783306322086657,-0.76523672393588738,-0.40813600368504543,0.83126809015334591,-0.55521352855502693,0.027042559092754097,-0.24729659006330337,-0.32580775627560965,0.91252052168360309,6.7197448586244386,32.032882958570561,-0.12129341978568273,,0.2578961118753889,0.1538461538461539,0,4
0.86496442953431818,0.42698090595813842,-0.26367374080013928,-0.35982539891381121,0.89393620755770153,0.26721478086713391,0.34980311310348328,-0.13625477152937118,0.92686159662518663,-7.1388205228657666,-14.398359472068273,-2.2253363217398578,,0.2952076727993855,0.2777777777777778,0,4
-0.051225504442701728,0.99809109292610942,-0.034498085688275337,-0.99685745924172242,-0.049011117380379332,0.062234366127284842,0.060424776778478871,0.03757766084645961,0.99746517019722525,-10.089407921815829,-13.949062913059381,-3.3019258116036205,,0.2946535629642473,0.4285714285714285,0,1
-0.94911903894180893,0.20755446816346101,-0.23684212603242524,-0.19549714704022392,-0.97794042381346336,-0.073575763473279446,-0.246888467566449,-0.023530197978888473,0.9687581815735874,-9.7360261062369329,15.986433493541423,-4.8205962676285932,,0.2843155799552079,0.4285714285714285,0,2
