axis_00,axis_01,axis_02,axis_10,axis_11,axis_12,axis_20,axis_21,axis_22,location_x,location_y,location_z,dbh,dbh_approximation,score,reconstructed,number_clusters
-0.51006419866966235,0.83011898793783989,-0.22524870499190769,-0.85963517420051294,-0.5009152013064937,0.10055510119992936,-0.029357801564976142,0.2449212668698473,0.96909839155894828,-2.4437141112508223,-30.680362140306968,0.82186554543275525,,0.1725178236338444,0.1538461538461539,0,3
0.088844996123981695,0.96576488952112716,-0.2437308860854033,-0.9801768665711007,0.12827664975513817,0.15099142812245056,0.17708720140820228,0.22548454336349483,0.95801714170549601,-20.786921719223145,-16.682621956140999,-5.8203920957695567,,0.1708863298479734,0.2,0,4
-0.49589795252200619,-0.74132210604978221,-0.4522463441161213,0.80913957005933657,-0.58351977604149485,0.069266349208504524,-0.31524336130785219,-0.33158137168785379,0.88919931235968019,5.0535373627206726,30.519338009943887,-4.1624568908038375,,0.2465765839188404,0.2307692307692308,0,3
-0.8628741894352211,-0.33039846925042149,-0.38247220124276832,0.37338126917247572,-0.92673556872149399,-0.041804467435908634,-0.34063846089022537,-0.17887995187674618,0.92302080246271356,3.928603986075029,-23.806034255017188,1.7082342072864749,,0.1967812703317172,0.24,0,1
-0.87673505227106707,-0.31502486009485542,-0.36344873867089644,0.33911237480895917,-0.94074220689140131,-0.0026262948279853009,-0.34108422034840141,-0.12555252962530153,0.93161049636315862,16.773326625270094,-1.3258404977629845,2.9230393406973936,,0.1069672561535911,0.3461538461538461,0,4
-0.9165909132983876,0.26176735018156827,-0.30222334793617078,-0.31517575447956614,-0.93815149011916055,0.14330396147851088,-0.24601898594836893,0.2266045806379883,0.94240385323215747,-23.300492702580922,-12.10846424375756,-7.1615795069959498,,0.1106922873218646,0.3157894736842105,0,1
-0.14571335278571038,-0.92466624033136791,-0.35179534222527753,0.9671401945871213,-0.208020228793388,0.14617601864441168,-0.20834457716468652,-0.31893561796105419,0.92459321258695637,0.51363922951401519,10.434330408749192,-2.6528729035434453,1.005292605738354,0.5975888296866815,0.6027397260273972,1,2
-0.95046514975230179,0.017014883651972807,-0.31036509604117163,-0.033423065804229483,-0.99830590372441008,0.047625846567130883,-0.30902895944972864,0.055640060417828152,0.94942365985797939,-9.1111669003470492,-21.397560633430036,-1.8891239482773139,0.6094654026029703,0.2195845473852274,0.2,1,5
-0.88779440245481989,-0.24954160247215912,-0.38671706402163719,0.31164122266394834,-0.94425419311610237,-0.10613089615741747,-0.3386751353530511,-0.21473939419278479,0.9160710372429135,-23.947976521122118,-14.234335976968104,-7.1100017193899712,,0.4152462923953463,0.25,0,1
0.94090482524279628,-0.063647511586107444,-0.33263659465506651,0.202379863814485,0.89319615845024158,0.4015507604925696,0.27155202182501459,-0.44513999685337957,0.85329355010108932,-2.5027546467797035,22.506410606893954,-5.312898178006539,,0.5221562621922085,0.38,0,3
-0.70530911719014189,0.6675814463808063,-0.2384828330437517,-0.70107048477669898,-0.70672474560767695,0.095080541230731522,-0.10506771427716191,0.23425444797031161,0.96648105466309997,14.120016923431608,4.1094223914589456,1.7401279487689676,0.2383360118025316,0.233167062692502,0.6417910447761194,1,5
-0.88110863370072889,-0.33865276943314737,-0.33009374028190103,0.33950621461105962,-0.93887592574481471,0.056987071316983204,-0.32921589551311875,-0.061857075683201437,0.94222640396532031,10.938156505742169,8.8173322568558774,0.42499525978912284,0.4175710820462314,0.4295846018458304,0.8037974683544303,1,5
-0.77950021064061847,0.6004450545644755,-0.17845211699583494,-0.60977905235650376,-0.79256504186194587,-0.0031877461592327945,-0.1433489759936751,0.10633151399014128,0.98394343344225288,16.04474402416389,13.455976058293182,1.3900968973534256,,0.1879608407598767,0.1428571428571428,0,3
-0.8711563813047335,0.43599621741967975,-0.22581819613967008,-0.45332262216679614,-0.89088255853344778,0.028755297472278354,-0.18864029141162614,0.12741885769630212,0.97374497439499419,-16.739486604491745,-29.038914684353639,-3.3896413168493713,,0.1928761909944162,0.2941176470588235,0,4
0.080268322455853275,0.95753620156678487,-0.27691410057845695,-0.97898672703978085,0.12798018364778629,0.15876416747306493,0.18746195531376406,0.25835149560730541,0.94768798664297094,4.4920744143462628,13.58189648722448,-1.9432654892186809,,0.0725682962087244,0.4878048780487805,0,5
-0.04465702637399252,-0.87601423250215726,-0.48021330099143361,0.98863451351838594,-0.10782680624034914,0.10476248630244815,-0.14355329559329855,-0.47007706209691075,0.87087312911505133,7.8520386987595918,9.4292421054527686,-0.56243217798853185,0.4659289663370678,0.594340732806442,0.1833333333333333,1,3
-0.94695012500929276,0.16187725540301601,-0.27763503908561743,-0.14663863582312267,-0.98634689525895758,-0.074946065253281249,-0.28597652216365455,-0.030258162472335121,0.95775877567108703,-8.3613204356808062,20.465633982382617,-6.7956315018767413,,0.4511182025252543,0.13,0,3
0.10800401805953418,-0.84480559922220899,-0.52405975957499318,0.98620132841287622,0.024516939456341633,0.16372495080583133,-0.12546741377614193,-0.53451138360422024,0.83579633217538607,-27.225498650709447,-13.27686850115051,-8.1250932556257194,,0.3513504383688125,0.1923076923076923,0,2
0.4713281073892015,-0.80742437413811585,-0.354846016227581,0.8819204188430031,0.42776675909618644,0.19807063043300133,-0.0081357244726429842,-0.40630220262757188,0.91370253919275524,14.196038833415454,17.614553973938442,0.44310483169017806,,0.1943584941841039,0.4516129032258064,0,5
0.51404612265902738,0.83265579208264251,-0.20601193094199027,-0.79710564031735309,0.55242457665975642,0.24382306141247417,0.31682673806590644,0.038876972792593195,0.94768634000549035,-0.7820356837103104,25.748049430260252,-5.2736771119144557,,0.3054018041595787,0.2352941176470588,0,3
0.56792123394783411,0.81004647812248054,-0.14591153248642338,-0.76607653620815708,0.5850410031841442,0.26618370585857271,0.30098540280631991,-0.039391977287984659,0.95281480856610412,-3.8884258027947607,18.779908497336613,-5.1607851487456395,,0.344113504580675,0.2307692307692308,0,3
-0.32257471697941653,0.9271627455259579,-0.19056441240278149,-0.9452652574691629,-0.30508144157936379,0.11575364800132235,0.049184804435986225,0.2174731185977366,0.97482629103854634,10.058354579061767,-2.8518485944404577,1.2670094197385549,,0.2785894385045646,0.2857142857142857,0,1
-0.94293939520137915,-0.11695675015713361,-0.31174735856128527,0.10230468977784656,-0.99275567600854775,0.063007286898180193,-0.31685808720421726,0.027518836194374386,0.94807366076048738,8.2957070700192741,13.560091661255319,-0.81747316897855726,,0.1703692434653206,0.4545454545454545,1,4
0.30362741601570581,0.95201297321140144,-0.038492740624854527,-0.91990266183530334,0.30343049335457301,0.24841301989010761,0.24817228892837362,-0.040015428771751814,0.96788908479652991,9.7924728670967411,12.745810808785709,-0.37736046984604704,,0.1474983904487675,0.1111111111111111,0,1
-0.60098982858243399,0.75553366408480305,-0.26072995296867518,-0.79645985580699796,-0.59339136789877467,0.11635455552369163,-0.066805119776492075,0.27758884512496529,0.95837440963009635,7.9368425608084436,16.603462041883915,-1.3069660000093417,,0.09884873649476171,0.1538461538461539,0,5
0.33122065550948054,-0.88119204787214911,-0.33733285065459867,0.94243527039519592,0.29156399922794607,0.16372597677015116,-0.045919913752139087,-0.37214380166958844,0.92703848485373164,-8.8814483897645751,31.03234397244584,-8.5753540444617258,,0.6709237119130393,0.7777777777777778,1,1
-0.098391953964901233,0.97346071400581813,-0.20662347805186959,-0.986795832222507,-0.068596209428304591,0.14672609025104472,0.12865849720581332,0.2183318536983343,0.9673562904935239,-24.641360540062056,-10.385211033949291,-7.6371707142144407,,0.1547210158553392,0.2058823529411765,0,1
0.084015009125551626,0.97413149993559067,-0.20978393426301528,-0.97845643834935492,0.12049119576041362,0.16764507149606392,0.18858546204394483,0.19117973893030962,0.96326830682225306,-22.452063693276475,-15.631381823176024,-6.481832937060136,,0.4315551400428591,0.4210526315789473,0,4
-0.23693971826766641,0.95023959589053142,-0.20224806626773564,-0.9679707547191736,-0.21311185141905142,0.13272511741617249,0.083019202089826799,0.22721806527330443,0.97029880083293152,16.73047195004488,14.895145692448562,1.3903939904521221,,0.192786481015346,0.1666666666666667,0,5
-0.81191777233034057,-0.40364170130468657,-0.42173796122947632,0.47459058698127021,-0.87707098100066172,-0.074231186406456567,-0.3399313250097884,-0.26042248607675,0.9036740690219538,8.1317540529169126,5.8809142974490509,-0.015393352988382241,,0.1176582584298783,0.3061224489795918,0,5
0.20879339635444941,0.93496326890080672,-0.28679087057486863,-0.95227065540041089,0.26114347032180474,0.15806545091055124,0.22267895388214179,0.2400995079432732,0.94486311695575931,-5.1217922032208216,22.978702759237528,-6.1986738482271138,,0.09455014362273342,0.2727272727272727,0,1
-0.73315368664970004,0.65396658179511957,-0.18658344419364042,-0.66070127904098697,-0.74994918150675027,-0.032404398327382067,-0.16111949486501664,0.099518516129225132,0.98190456426369677,8.2543193904628556,19.493063932126582,-1.5963290583794014,,0.2968574215001192,0.3333333333333333,0,5
-0.76574924843014291,-0.55349510242305222,-0.3275229154156481,0.54618588465286344,-0.82855146484991604,0.12322114064163933,-0.33957188919967995,-0.084531897463340583,0.93677387366247955,6.8726058795660467,11.921757332034293,-1.1564330927273374,,0.07713486484157608,0.25,0,5
0.12615300157877671,0.96540810640930819,-0.22819423365163843,-0.97086422078453771,0.16739597340355122,0.17146793545356809,0.20373533074333602,0.19991442210973925,0.95839769346520864,-13.98520429214107,-20.569243538538029,-3.3752809195940263,,0.1124917902564366,0.2272727272727273,1,4
0.39199003772605873,0.90740464457920356,-0.15152762559880237,-0.87838798488653669,0.4181198587583082,0.23153905009501094,0.27345631887102306,0.042339044722574548,0.96095215643729526,1.7596137177654001,-27.359882041539972,1.5356941580182002,,0.168279598766459,0.4090909090909091,0,5
-0.41224493375981652,0.86980334886068256,-0.27110191607605288,-0.9110078912507964,-0.38998402501460389,0.1340786422670914,0.010896635634099027,0.30224922587849845,0.95316665320798288,2.9864864877408421,20.362563656850156,-3.2864317034214121,0.3146463498788017,0.3760447791926104,0.7142857142857143,1,5
0.87356868216349359,-0.36312485757919072,-0.32406495545064529,0.44075214979561722,0.87264941951502539,0.21028678767490391,0.20643473543393331,-0.32653227777385313,0.92236726501873478,20.988431147378044,8.5921039827191716,3.1726663949430436,,0.1599925426448034,0.1052631578947368,0,4
-0.79582831281894351,-0.49481365854855464,-0.34902254917060593,0.50087685413404648,-0.86183612788437536,0.079755035364843629,-0.34026412315807669,-0.11134600121720009,0.93371430025699231,7.4439477887695933,8.680252266949827,-0.49273131195213538,0.225478631652603,0.1759194271646486,0.3783783783783784,1,5
-0.066879674136074249,-0.87013504518098295,-0.48825414727920319,0.98120787427603839,-0.1461245986196896,0.12601075008479648,-0.18099231101389615,-0.47065125605497327,0.86355612355406652,4.2944646408231026,9.6476937856362461,-1.5644189935225448,,0.0806077113115725,0.2575757575757576,0,5
-0.61127614081149229,-0.69664176050102822,-0.37554192469101999,0.72498415275035255,-0.68320983343542641,0.087305794526990985,-0.31739479821739541,-0.21889399494541578,0.92268410685422253,-0.92505286029039768,19.525385853722707,-4.3496157211158524,,0.08796064527661701,0.2571428571428571,0,5
0.93849801712768588,0.18029022556411264,-0.29447734448246526,-0.1015991563139297,0.9592894240020402,0.26351738544948533,0.32999861103298722,-0.21739189397002898,0.91860855708643618,4.883295880775723,15.669042968700444,-2.14828154682918,,0.2189683696693133,0.2972972972972973,0,4
-0.74018665000954031,-0.58961145434805828,-0.32323684203571595,0.58308097267878733,-0.80224311557513184,0.12815054745206916,-0.33487356188211387,-0.093617927844369203,0.93760086451459346,-0.47963496926405874,14.729793803496261,-3.5609964410836397,0.2907296756019206,0.2506567340785592,0.5324675324675324,1,5
-0.24813130487080956,0.96034648712322868,-0.12714354176750334,-0.96588842584176948,-0.23522513255528887,0.10829905742552166,0.07409726289154657,0.14967886184903434,0.98595427578948125,27.34510929563157,2.1148855777335265,5.3319244384467792,,0.2427133896766068,0.25,0,3
0.69242588727584131,0.71821852341370984,-0.068618825811100487,-0.64207716090550082,0.65679715378707915,0.39541676522464597,0.32906429474161297,-0.22973822364295809,0.91593506239448153,-0.74270698899238208,-26.196294299281785,0.71897919682492317,,0.1422097609223388,0.2352941176470588,0,2
0.66580970802490413,-0.61746650795848901,-0.41884668346465614,0.74298912039562892,0.60007543781112804,0.29643993642812894,0.06829787459007941,-0.50857111644816488,0.85830694966378185,14.804756242111079,6.0841784365599869,1.7003320634491439,,0.2247670087154259,0.1,0,4
0.95169778834018981,0.060496926255111536,-0.30101734432101362,0.011499044473512644,0.97268576455966493,0.23184084066267699,0.30682094394709808,-0.22410382713524588,0.92500723403590135,1.6021976245363905,27.30257886561369,-4.7839968655140916,,0.1231108203494572,0.3636363636363636,0,1
0.25771866614891092,0.92473059838901828,-0.28009714300848398,-0.93227381734357373,0.31415184198603829,0.17937154086537946,0.25386338572954453,0.21489983848264788,0.94306491865940234,-13.650927994115175,23.07397090513324,-8.8672867471400085,,0.1189178201678971,0.5294117647058824,0,2
0.95746265495684957,-0.028092825440772615,-0.2871864507976214,0.14617235083390229,0.90532645925091848,0.39877016692812522,0.24879491195494927,-0.42378626138532216,0.87092266961331299,-10.7918054053556,-19.887484274946782,-2.470155800814116,0.4627452420310122,0.4362075152972806,0.4222222222222222,1,2
-0.44061630030849736,0.86846831073196118,-0.22720050430583189,-0.89769534011579066,-0.42610326701586754,0.11215650749197575,0.00059349544678503517,0.25337481937393974,0.96736800064421047,14.804556001759797,2.8388928437769838,2.0610833147343475,,0.1048852045210279,0.3095238095238095,0,2
-0.87942908200889303,-0.31679297964896558,-0.35531211316548905,0.35608562361180035,-0.93314894243738289,-0.049356659986151796,-0.31592327925303404,-0.16992721757600635,0.93344374353941983,20.676058803346848,-2.1739302676937555,3.935282939543947,,0.2018645206453026,0.3181818181818182,0,5
0.49343396275019413,0.85808240639370104,-0.14218828447602605,-0.81922319512761821,0.51342265786634189,0.25548097963323518,0.29222642072464328,-0.0095790514695640976,0.95630118728536961,-1.3704942755158021,-36.989872084944324,1.7426350210705193,,0.4761427619428359,0.4210526315789473,0,5
-0.73098457487460922,-0.59985215859487206,-0.3253289706196768,0.62684433555704,-0.77866715648314933,0.027269734037918245,-0.26968079330096711,-0.18399686748289593,0.94520760813751503,-21.752842471492528,-11.980066928714866,-6.7516083037199319,,0.2803053725386203,0.6486486486486487,0,2
-0.52102269868523376,-0.73435231909771503,-0.43504254836804418,0.80027487268052611,-0.59752902697417132,0.050191533942150646,-0.29680881996821157,-0.3220026915401577,0.8990098948454186,6.8829519217168089,5.3652795751125959,-0.28978244256474811,,0.1015964939282143,0.2142857142857143,0,5
-0.50712426921581955,0.83208081467482398,-0.22464748701555326,-0.85859388270783144,-0.51044695963031594,0.047544147703564486,-0.075110053581477945,0.21699174927690001,0.97327953877431328,25.614472439941558,-7.1020361953206921,5.6401848114543869,,0.3070125836699844,0.45,0,4
0.15648732628847795,0.98564072403317737,-0.063435635398708737,-0.97140660803475021,0.16520212280847976,0.17052114380918643,0.17855228527662345,0.034937397540836218,0.98330995096946394,-14.090965376970583,21.116992384107,-8.6534156301242771,,0.5334448609430644,0.3392857142857143,0,2
-0.68229627795871028,0.69199378500859621,-0.23583127568914067,-0.72391562481952287,-0.68453361517883315,0.085789846907178891,-0.10206839484311685,0.22925603852390508,0.96799985101986263,11.669536579125745,5.4281142972178076,0.89881836382738789,,0.1597796658894504,0.25,0,5
-0.67721800700724255,-0.65664399731399925,-0.33195546655632796,0.66102200574419978,-0.74111538446919367,0.117464440683097,-0.32314962309594569,-0.13988083390718836,0.93595281579702327,1.7598565616055319,13.409153880505682,-2.6752793626205293,0.5173190226123406,0.4796608101592697,0.9385964912280702,1,5
0.48773257213086063,0.84106168883262655,-0.2339490834789146,-0.82261957626574889,0.53249384268794586,0.19936734999438493,0.29225668653937309,0.095213145507510311,0.9515884016188888,-8.6183724965652946,-23.296001798442031,-1.6017863170569886,,0.08506113279515419,0.1904761904761905,0,2
0.024839473260973133,0.96369512365075038,-0.26584715386831304,-0.98517090075804814,0.068757564370072854,0.15719635377918764,0.16976836238738247,0.25800020541398871,0.95111229470480863,2.557291473432298,8.6696038511752036,-1.9281362871279468,,0.09261018967781753,0.3457943925233645,1,5
-0.93578854858459848,-0.15761788806845994,-0.31536707770274441,0.13969356620025042,-0.98705364367525228,0.07880870554490485,-0.32370588487110746,0.02969353243124959,0.94569170147123927,-5.399501893426188,16.468368076897004,-5.3348291997602431,,0.2847793753503622,0.6204819277108434,1,2
-0.95938944066049292,0.17177079058879507,-0.22375588629050144,-0.19061963967484266,-0.97948357016995202,0.06539180940575344,-0.20793281155070406,0.10538847786938371,0.97244908073019176,2.3449228813225642,16.507603800803448,-2.9884300275832762,,0.1777638908754564,0.24,0,5
-0.61213104117272976,-0.67473459544632897,-0.41234550335934306,0.71471179098908366,-0.69521171339887211,0.076601105567621786,-0.33835283987867998,-0.24781827870616083,0.90780144111206917,-4.2104508393296642,-27.616755044281501,-0.013343448464046479,0.1741650330243779,0.2303145975193041,0.6071428571428571,1,4
0.32642852723453475,0.91847037136992782,-0.22328590086048747,-0.90922422426676786,0.36968126856231071,0.19143424375135856,0.25837129603341491,0.14052735174957032,0.95577002296382274,-6.6889015549821274,-22.355420926571576,-1.1535143223667172,0.2653244052231608,0.2527886787389259,0.6071428571428571,1,5
-0.91528824104398598,-0.23719370497793071,-0.32555580493280989,0.23584013596304035,-0.97078439737216948,0.04423894311225441,-0.32653769472381278,-0.036287740872050729,0.94448733913529115,14.352599607311175,11.288833433447623,1.0956247897713352,0.364539136214742,0.2406409688198778,0.6842105263157895,1,5
0.088626282933748787,0.97197988169980842,-0.21771653943642685,-0.97993302449497222,0.12426154504705805,0.15585357206895831,0.17854033011474776,0.1995349041980978,0.96348802407148426,4.2406455114044173,17.966468259869437,-2.5744020666019063,,0.1370407275741019,0.5652173913043478,0,5
-0.37615642834308094,0.92611735674352291,-0.028512855952487356,-0.92575154767781898,-0.37436959527621427,0.053211635051430353,0.038605872458729915,0.046411719113971406,0.99817610617595265,-10.288826113669206,-23.7256693024393,-2.0533211318767579,,0.443475465823309,0.1333333333333333,0,3
-0.6711043586555413,-0.63960299050918945,-0.37486924963943979,0.66080908985577425,-0.74530232857980405,0.088632870750671819,-0.33608077385878249,-0.18823510178822625,0.92283111125343975,10.790135278258262,21.50118910512775,-1.1547816824735362,,0.3424249522849539,0.3076923076923077,0,3
0.82177790918368576,-0.45606184890989021,-0.34159721595262194,0.54935257251486858,0.793308168531491,0.26243837526647495,0.15130373111389467,-0.40332336866353735,0.90246187799868338,-21.909707707983777,-18.926334380617458,-5.8808802514712983,,0.1519045240392173,0.2352941176470588,0,4
-0.49075545940582638,0.86706577598423706,-0.085767238385227262,-0.87120526907055607,-0.48975152069079242,0.033835294069292872,-0.012667209916768556,0.09132572527994752,0.99574050519953017,12.467522717283515,8.9078848508365294,0.87987090573751547,,0.151731354754929,0.1923076923076923,0,4
0.58530038312168142,0.79234870491836684,-0.17206682228657824,-0.73788020979209157,0.60848251538782405,0.29203051974834104,0.3360896569589622,-0.043960872164848799,0.94080347799299413,33.106159665957762,-14.236156120608381,8.2550701850554251,,0.3441121634229712,0.1578947368421053,0,4
-0.12936112364023894,0.98133246766663251,-0.14231053226607002,-0.98518485820856494,-0.1108986200414403,0.13081395655462,0.11258994114531083,0.15712442195986462,0.98113985811232529,23.547955750785619,0.44392875522031755,4.5164954170172376,,0.3029333614894304,0.1794871794871795,0,5
-0.78738709479744096,0.58191162669069929,-0.20347093568524918,-0.5947994113820011,-0.80386950641533772,0.0027343875341678224,-0.16197290874115786,0.12317741423550983,0.97907716828459601,19.615663667395271,6.7867228835378066,2.9468184037155822,,0.5379589455314259,0.2647058823529412,0,5
-0.20183720917719705,-0.89796178293523954,-0.39105802303408432,0.95366564047055435,-0.27114409045329013,0.13039451061354354,-0.22312235920554407,-0.3466201358836849,0.91108226534299774,-5.9256341862343591,15.032925717089579,-5.2641251750100766,,0.1904362304013035,0.4907407407407408,0,4
-0.14629550473463859,0.98868574698131217,-0.033137878786105149,-0.98478675733795062,-0.14237978493561548,0.099614453838247963,0.093769226648415402,0.047206890997958301,0.99447415329714106,-19.799473205062334,-22.910290234690631,-4.9137445213199831,,0.5365906261622362,0.25,0,3
0.66938177249040953,0.70032619340585023,-0.24793399421472787,-0.66500177525140203,0.71361059334914601,0.22030106666188098,0.33121093214155944,0.017411027814307204,0.94339608571393174,-19.606886023247068,-13.420462568231338,-5.8965821194145072,,0.1088723560154456,0.25,0,3
0.51971618101047934,-0.78691873272967272,-0.33264695891441604,0.8538236127490898,0.49193610644645297,0.17024718936416169,0.029670347284376453,-0.37250204731441466,0.92755694986269976,-24.341627928506878,-9.3324402381326124,-7.7286546316013691,,0.1116686102720537,0.5,0,2
-0.42288320416373787,-0.80143439273161943,-0.4229334578667342,0.86025709837263586,-0.50174290989414205,0.090618856042511686,-0.28482893170411089,-0.3255103170682323,0.90161827462981015,22.099155175692545,3.358755925979112,3.9615612802238998,,0.5971687575563868,0.4444444444444444,0,7
-0.49270938973805417,-0.77053631047040549,-0.40436524518139472,0.80696715358107518,-0.57847508115219726,0.11904030211326114,-0.32564009320906995,-0.2676571963026852,0.90681759740433732,15.808699900823738,-0.059428951227009835,2.4653822867451329,,0.1642613237451064,0.1818181818181818,0,4
0.19193127305424101,0.960153084370164,-0.20314635364248579,-0.95653180978414754,0.22932477282345712,0.18015838986994659,0.21956612510776854,0.15973792018155636,0.96243156305330591,-7.782897677397842,-26.203131098075005,-1.1690961753719529,,0.1841259379978269,0.5172413793103449,0,7
-0.83380170607997839,-0.33125593743571891,-0.44163810846857393,0.42015861742689642,-0.8996899909643723,-0.11842574196704796,-0.35810815564579884,-0.28430164275309783,0.8893430860966165,-13.956419052322824,-25.520049202999445,-2.9320818980313206,,0.5180577110676955,0.4545454545454545,0,2
-0.5151563496898085,-0.70616386502592776,-0.48574327695390118,0.80536970002690256,-0.59272470732672056,0.0075543102285941166,-0.29324662257705231,-0.38731126636866131,0.87406887674316336,-0.24166809992147403,-24.591982901125068,0.70099682317501122,,0.2526271449537895,0.1,0,3
0.70355012454957144,0.66324265939027516,-0.25519874022259043,-0.62679334929149932,0.74836871616847189,0.21696626913946032,0.33488403893023327,0.0073102274429656467,0.94223099134156363,-18.051588781727023,-18.469625560215107,-4.7848291881602067,,0.1367311780358556,0.1666666666666667,0,5
-0.086665461523150356,0.99041029177781437,-0.10759438516745977,-0.9881811648342036,-0.071754606490892811,0.13545944748984032,0.12644003814415358,0.11806240039877831,0.98492344188072967,28.170268814665892,-8.8611853944406214,6.4316331331245999,,0.4699465289924696,0.4,0,3
0.26233049315891371,0.94757376103600144,-0.18244637501218886,-0.9352909374561611,0.29621050655251202,0.19362385731174667,0.23751541986021985,0.11984699914470684,0.96396219953099449,-20.16344361771468,-15.397134012660993,-5.8304897983806434,0.6053469606827504,0.4413650040993439,0.7283950617283951,1,4
-0.16032597463856246,-0.86553694264810721,-0.47449065614357666,0.95527989250591183,-0.25706537342482699,0.14614280947021352,-0.24846711820699316,-0.42984089463116609,0.86804429407294137,-5.1866013869718302,-22.93846764726926,-0.69988495125923345,,0.3314060807317945,0.2083333333333333,0,5
-0.80416288957151649,-0.49847542831635561,-0.32379668682803819,0.48744329103155615,-0.8647714275457119,0.12070383642982023,-0.34017801966663641,-0.060766976766801276,0.93839559327093436,-10.847525281838889,21.900184279350952,-7.7098959198020216,,0.103244740925706,0.5925925925925926,0,2
-0.35142703080905296,0.90818015601385971,-0.22739359322411717,-0.93551926590904977,-0.33128615899050468,0.12269141768807992,0.036093560779254935,0.25584816802932242,0.96604294406942115,-8.7126231173230888,-22.169790084674037,-1.7157990189846595,,0.1525696618128972,0.25,0,3
-0.82940891282710372,0.51516448598256026,-0.21607037674167259,-0.52615077978194436,-0.85035579457331034,-0.0077704292318752418,-0.18773974607902233,0.10724073394899972,0.97634687110896512,-3.0071581145276158,15.428480832855476,-4.4157702952626305,,0.07989216043234161,0.2857142857142857,0,5
0.89977380684497832,0.33134494450303398,-0.28393242905307126,-0.27589793641813937,0.93611200281000073,0.21811613162547488,0.33806423235223837,-0.11791881082902164,0.93370644683260162,22.780384043961035,4.5224337104130941,3.9874994599711338,0.3240969213918511,0.3185841508744964,0.65,1,5
-0.79055423634082655,-0.49182098732256935,-0.3648782205512196,0.50959704225759261,-0.85875373298789848,0.053412363752797377,-0.33960985546047479,-0.14371549153936414,0.92952192204687334,13.371544187391965,0.65845184196891116,1.8360439790106444,0.3991357731470758,0.251011525851035,0.3076923076923077,1,4
-0.68214989654256553,0.68398353254128219,-0.25853055111401441,-0.72356791079336846,-0.68241046556608187,0.10375661403497799,-0.10545613835660378,0.25784197427539268,0.9604147641434303,-0.76505461752425419,22.934612595370762,-4.7987421705804998,,0.5302953618633982,0.9291338582677166,1,5
-0.82643464914468567,-0.43909772427170152,-0.35241872713082623,0.44636308013771786,-0.89247056694471383,0.065240231662286,-0.34317017845825165,-0.10338992057639033,0.93356561255229309,0.032929019028756668,16.145912852404599,-3.6075863476239824,,0.09934737787249932,0.48,0,4
0.69825855016581873,0.68769585013389023,-0.19876975330506477,-0.63345200722771255,0.72292526480471664,0.27589421169392664,0.33342698100110635,-0.066734393049292004,0.94041106391026252,-1.1525583522587994,-27.929303713356344,0.94298038537474671,,0.1619849804357952,0.4642857142857143,0,3
0.38507274729952323,-0.80298736035735796,-0.45489589841360417,0.92288621588353004,0.3351032082756682,0.18970206202235174,0.00010871695216534388,-0.49286624849920146,0.87010507944210269,2.9018442591558218,18.109776488789592,-3.01481238589614,0.8318431015961907,0.2076569701181401,0.1724137931034483,1,8
0.194801791702124,0.9807335237296384,-0.014629332947482745,-0.95321997732197561,0.19280943780774168,0.23280076358670776,0.2311361866604488,-0.03140503343587818,0.9724144111904951,9.6932793846503493,5.0762679184853576,0.40499367626308153,,0.2849206067445081,0.32,0,4
0.10550889775382974,0.98962727108538862,-0.09749736826630967,-0.97062565566558945,0.12380708364491,0.20629503775681157,0.21622606008183642,0.072867484953350464,0.97362036779129535,-26.717302824801173,-11.792042378574411,-8.1708930195287426,,0.3625790521072044,0.3333333333333333,0,2
-0.084021771431570497,0.99584960616371065,-0.034984336910747274,-0.98476589668420733,-0.077620384901016956,0.1555995005633635,0.15223820365877636,0.04752512757901594,0.98720053261500451,-3.5077344529046872,17.153461327740384,-4.8830999456979631,,0.4591820380709985,0.1551724137931035,0,3
0.032020581716815148,0.96097506740344529,-0.27477554872197107,-0.98481362469177802,0.077269638282738279,0.15547195123589347,0.17063647607694546,0.26562440179433511,0.94885555813487421,5.4941516526243461,27.659869645543669,-3.6294632631376764,,0.2592579426255534,0.4210526315789473,0,1
-0.29438918676232512,-0.78207285319082342,-0.54926956862671883,0.92287832137084036,-0.38193736316538607,0.049187951390681578,-0.24825513219499978,-0.49242857646590443,0.83419631167885566,11.281985314141902,2.2740967502962977,1.1138429692146787,,0.2602331710957904,0.2121212121212121,0,4
0.23071618657970991,-0.90809848692553929,-0.3494669931390682,0.97033068922248966,0.18803698020798326,0.15198831411417613,-0.072307640005212531,-0.37416471255024519,0.92453900570990943,-13.143051470738273,-18.518802310169729,-3.3358270135447272,,0.1204348381615498,0.4705882352941176,1,5
-0.76373906204518238,-0.54168905111807419,-0.35110627594098154,0.54987063255746993,-0.83083900410142897,0.085725356310677403,-0.33814927555325641,-0.12759122682435939,0.93240310289073047,5.0668081982761075,11.905225437032431,-1.5622101046394876,,0.07652531326739945,0.2325581395348837,1,5
-0.12258077504104957,0.99023070224383203,-0.066461341575556485,-0.98066097718835943,-0.11055695424804425,0.16149677299366508,0.15257129943179723,0.084972443774926451,0.98463276524225518,5.316931678645104,22.326029705203233,-2.9399174361525113,,0.4307475364514705,0.1111111111111111,0,2
-0.89852493214465046,0.34273224776965339,-0.27420348767514197,-0.3821283494799263,-0.91817828595526663,0.10453018570726404,-0.21594182280928825,0.19870390418662853,0.95597379023841067,-29.727625346841251,-16.467464960296351,-8.4677870840997862,,0.3271557516868869,0.7777777777777778,0,3
-0.67048426559614371,-0.61260231909527307,-0.41853225470337641,0.66370861005759729,-0.7473628075698312,0.030654767928508544,-0.33157462285797895,-0.25722992147188417,0.90768443689211542,0.16960930780199374,13.309057827153479,-3.1969428492846736,,0.2657631658037821,0.1648351648351648,0,5
-0.91998612594142126,-0.17789882498910595,-0.34925282553300757,0.17599040142856592,-0.98367849122894513,0.037470048019144934,-0.35021836999264638,-0.026993220649642855,0.93627904994112332,21.983156946337459,-3.8541339654812106,4.4647257772853282,0.1560918050144701,0.2015588143268015,0.4615384615384616,1,5
0.17667344698836521,0.96674453164131102,-0.18490944721909497,-0.9605790016309943,0.21032065190527663,0.18180540423139624,0.21464965584610474,0.14549994475518338,0.96579257158117937,-2.3863703086666899,-32.433268834692591,1.0628451638051852,0.4982001183273491,0.3342668260171262,0.5483870967741935,1,6
-0.093556677160853682,-0.85805775375565685,-0.50495944330056519,0.97743364444408676,-0.17563981902972989,0.11736321689505028,-0.18939540350116915,-0.48258423636811915,0.85512679524245383,-28.294823563385592,-10.886618532014717,-8.7412839004213492,,0.30985383991954,0.2916666666666667,0,1
-0.75749286242457226,-0.53804288328537042,-0.36974912998111781,0.5594747584709302,-0.82688073947798268,0.05706344989779797,-0.33644101713334895,-0.16364014918811851,0.92737767040400987,8.7544289234984625,4.7595586762466269,0.23846251112861142,,0.07353072602176489,0.2380952380952381,0,5
0.44196461700677042,0.86248912455937088,-0.24653557011285079,-0.84845908783206869,0.49114648517781712,0.19721132414912079,0.29117770105080559,0.12201491758914432,0.94885610410455901,-19.316728670232482,-18.300923278130622,-5.1712571612367979,0.37714220080407,0.4174649158020267,0.7708333333333334,1,3
0.59005258245720926,0.80196361539018679,-0.093232556147942749,-0.74442421297030714,0.58511377861788794,0.3216744584436822,0.31252286489010289,-0.12040027268157659,0.94224902932244259,-17.269189678208303,-19.699320439817406,-4.4867426185457999,,0.1022199209092637,0.4,0,1
-0.40669443033286296,0.91020796411401117,-0.078237474394659265,-0.91341129843624147,-0.40356541725185535,0.053054254187152566,0.016716465692463295,0.093039862756576733,0.99552204581967452,11.600398820458306,9.7261358863499812,0.53684407695426761,,0.3723898398634087,0.1578947368421053,0,1
-0.12619229861202425,-0.91388861526011533,-0.38585373222111213,0.97994395424009428,-0.17531278669760539,0.094737919380821281,-0.15422499900891795,-0.36615983629866883,0.91768274690245255,16.876016776636753,9.8135186792026587,1.9651229895078941,0.6146132867571308,0.317129964419176,0.2142857142857143,1,5
-0.81807887302855875,-0.432212082051604,-0.37939382392566795,0.47621321199687899,-0.87895937036684813,-0.02552257753302754,-0.32244059022390265,-0.20155183296842402,0.92488319500525584,18.994124956526264,-1.2946632133643445,3.4646565609399023,,0.2196508264243009,0.4375,0,5
-0.15370899304677002,0.96676817156841466,-0.20428619116036972,-0.98480625252046317,-0.13297663905467266,0.11168642917706272,0.080809593818727765,0.21834952692411866,0.97251904538618894,-13.715151343869634,-21.67620109177372,-3.1715754859533254,,0.3154181476014455,0.7796610169491526,0,5
-0.51758561225214506,-0.75827879151784494,-0.39638164478669896,0.80201570418421841,-0.59136319938869031,0.084026047453538089,-0.29812068735910363,-0.2744136307529359,0.91423258256612527,-2.1186705653140607,18.037338457134016,-4.5192826377536184,,0.09257409060951401,0.4166666666666667,1,5
-0.94685593121669476,-0.0801961100820935,-0.31150028803753443,0.07068722361482517,-0.99662580642706977,0.041717123357447983,-0.31379477678475437,0.017481015167706348,0.94932989638550491,12.682090863318589,2.1690598068465072,1.5130364834055072,0.1884995699101602,0.1959435260813698,0.2682926829268293,1,4
-0.85793548119536012,-0.39725124523318878,-0.32578851770245998,0.38595814976221682,-0.91690020394035399,0.10163819481997106,-0.33909145777829824,-0.038541719925517103,0.93996357327663027,9.5154582863467958,8.5980195897225311,0.10512188785102017,,0.08332988393114955,0.24,0,5
-0.88497339743221393,-0.31972488470265598,-0.33852338758076961,0.31727928601862099,-0.94615789265265871,0.064180190359607869,-0.34081657896998013,-0.050608697601843181,0.93876664790897124,16.481564192359251,7.1787095077363592,2.020818203283524,,0.09326611844313802,0.25,0,5
-0.8974710030739943,0.36945531136466608,-0.24093271165575966,-0.37849362768529876,-0.92555617214794084,-0.0093992553149094809,-0.22646936314429431,0.082755936967024116,0.97049630728495262,3.0902635410773112,14.796213382108617,-2.5449856930897519,0.5536146204510276,0.2481503987036439,0.3404255319148936,1,4
-0.34658420299021886,-0.80236505721214502,-0.48589063090636608,0.90152040825062896,-0.42801602673756239,0.063743504480140253,-0.25911453788866051,-0.4159478282438101,0.87169206743781047,-14.792057307451085,-21.426749743499744,-3.5320852566653276,,0.3019462499208441,0.1904761904761905,0,1
0.0081222527122137688,0.97995092378410198,-0.19907339346473832,-0.98679692525819751,0.040058804295630607,0.15693030459211388,0.16175863906403323,0.19517038497961706,0.96733792622591952,-9.026114541735085,-25.181219823217774,-1.6162634395959115,0.8803558975259682,0.6968623895090071,0.8584905660377359,1,4
0.021587017009673852,0.99718180899376307,-0.07185012532034496,-0.98817867830072603,0.032192062843695524,0.14988852805233716,0.1517791173002819,0.067765115670179177,0.98608873264516805,-2.0207942718908471,19.151648241468745,-4.7129495607180658,,0.3008345630838876,0.2368421052631579,0,3
-0.9518157292644257,0.14466396478860075,-0.27040553769564851,-0.13547492392540361,-0.9893916224951127,-0.052447710378000459,-0.2751242673997269,-0.013287386053360202,0.96131684831778197,-20.835674967260886,-13.484665888731326,-6.2202200583545162,,0.1591005484457029,0.36,0,2
-0.78683904268674598,-0.39675220157151186,-0.4727282638598676,0.47324282428800002,-0.87953941324392937,-0.04951413748054552,-0.39613829676480827,-0.26267491524445885,0.8798160823362996,9.8328739379386043,22.662673495043055,-1.5681544316813316,,0.3283478756841263,0.3333333333333333,0,2
-0.68338002626025496,0.69358694704868584,-0.22787910521198965,-0.72401829353497982,-0.68394417309175504,0.089542608408124974,-0.09375100178253605,0.22618027097321897,0.96956342478831803,-17.192227265128558,-22.970039324407505,-4.0757592100098359,,0.6713290799424037,0.574468085106383,0,2
0.34610620799749359,0.91427274986431273,-0.2105132576374788,-0.90173837747145114,0.38611660250393876,0.1943755845418095,0.25899496400654304,0.1225532868851878,0.9580721791665211,2.2583138255788877,-26.160113317370435,1.626817298408181,,0.1050719864916122,0.4,0,1
-0.39951599971258722,0.90553632337220058,-0.1427968242896486,-0.91651773042358708,-0.39122765341589011,0.083283690011264316,0.019550339967589828,0.16414898798424801,0.98624180298286823,0.39001351695450426,21.852681387777125,-4.3091107752076665,,0.4770206970465061,0.2564102564102564,0,1
0.80779285844549853,0.56748781712054464,-0.15946245722492086,-0.50636720038155947,0.80652993253645466,0.30512575489539262,0.30176639346055739,-0.16573184770134247,0.93886633683145071,-19.57785481807451,-19.674812459883469,-5.0734175735358464,,0.5277616336986041,0.1304347826086956,0,2
0.40672947588291108,-0.74567824425790208,-0.52776423665161731,0.91339594732426288,0.32137248845618227,0.24985509215361759,-0.01670260038509809,-0.58368114557858786,0.8118111501060099,10.684153453673167,16.827792406328477,-0.51491012332921493,,0.3895200399681505,0.1176470588235294,0,1
-0.90821212968517129,0.35575313309794665,-0.22043238370012702,-0.34217335060752646,-0.93447679250031945,-0.098338814373232511,-0.24097328820170941,-0.013886416719551957,0.97043239939933323,26.468059493995217,-4.0896496300069423,5.6624711542242308,,0.4880501440738419,0.2307692307692308,0,3
0.91677814785917922,0.33987635785407716,-0.20976627226448655,-0.25845612625641773,0.90526435331518884,0.33718968165908908,0.30449672971711539,-0.25491275367991778,0.91776970401234215,-19.224555086796624,-21.287671596591998,-4.8810013867616648,,0.4659481815152677,0.2424242424242424,0,3
-0.86947575335194205,0.45780997105311599,-0.18553151952543598,-0.46524364410338803,-0.88517407709505458,-0.0038993410106807742,-0.166012848763197,0.082926977777214889,0.98263057676945154,3.7122340418305866,-29.985459492172737,2.4044455130565372,,0.6246080227863031,0.3529411764705883,0,2
0.82945817830009194,0.52723764688088304,-0.18444401362636298,-0.44810613404746497,0.82523439475140092,0.34378639639800151,0.33346667461701168,-0.20250594418633217,0.92075584140915123,-11.877526283791283,21.325060121107366,-7.9930184799698356,,0.4064796363426233,0.2307692307692308,0,4
0.51050941981717524,-0.74673169053017618,-0.42634717617907869,0.8596398668182571,0.45474208005687472,0.23287108021872124,0.01998578631473516,-0.48538790980358187,0.87407044645262433,15.051231002077946,9.4208499922599955,1.5027823764531396,,0.1988525499962451,0.1666666666666667,0,4
-0.95181273425470114,0.01933018202553544,-0.30607002952502532,-0.014787620506016994,-0.99974350861501771,-0.01715352039391228,-0.30632310587084394,-0.011800891703342059,0.95185444988435419,5.0223460626403096,8.3083855558082398,-1.1948015827646878,0.6014820861440787,0.5337377557620184,0.2817460317460317,1,1
0.63150712987182811,0.76602340298315963,-0.12002870907890241,-0.70806094936425501,0.63282165084065922,0.31334717201962198,0.3159880328532042,-0.1128933315541918,0.94202264239462952,23.66424563436583,1.7441536520703755,4.4194033573610572,,0.5093386843931856,0.125,0,4
-0.31210884092789354,0.9450399989500432,-0.097403653931196779,-0.94789911990715325,-0.30287329283165038,0.098767540055206798,0.063838310550094826,0.12315506028505238,0.99033201565550444,-11.381590815047886,-18.297120235844563,-2.7889005011590138,0.7200106136875669,0.3277838241974912,0.3684210526315789,1,2
0.94706958891377024,0.061420164000090663,-0.31509801206752319,0.058840821270626259,0.93168797663390701,0.35846237173239703,0.31558984696422238,-0.35802943684845107,0.87875933613423451,18.128695706763835,5.0644222396970253,2.7151698336128649,,0.2614116323774028,0.4444444444444444,0,4
