axis_00,axis_01,axis_02,axis_10,axis_11,axis_12,axis_20,axis_21,axis_22,location_x,location_y,location_z,dbh,dbh_approximation,score,reconstructed,number_clusters
-0.91080811317403498,-0.39121324353424647,-0.13183618266534294,0.40516898794591177,-0.90833561991423151,-0.10375207372344473,-0.079162315423697019,-0.14791416321111342,0.98582692605665645,-10.812062562766627,9.9825192455042568,-2.2847185133120678,,0.1294509955127983,0.28,0,4
0.97814785215378841,0.20691612241768351,-0.020310037187617303,-0.19846597386494697,0.95835681981261833,0.20533743725020989,0.061951888952398761,-0.19681952190338228,0.97848047464063126,13.592129072212243,0.49003901484963935,-0.93146308743008821,,0.08719980236302784,0.3636363636363636,0,4
-0.98359081808964643,0.18014505222624999,-0.0098418864118527526,-0.18040953728080802,-0.98247404668596539,0.046873728746816147,-0.0012253276569423311,0.047880139378525664,0.99885233684725794,-6.7569013613189135,13.978743518143414,-2.5105008847915378,0.2125842686960766,0.2875591427936157,0.6382978723404256,1,5
-0.060819689108767609,0.99325893724422798,0.09867952675798794,-0.99128592966985551,-0.071678813204967065,0.11051856575299226,0.11684678453121375,-0.091097921611829405,0.98896309214384837,20.394639006511397,-4.859337513202048,-0.0089646178286506666,,0.21111695193554,0.4210526315789473,0,1
0.44579137781003941,-0.89145248025420809,-0.081132748744560862,0.89094818525473463,0.43312097553174883,0.13644614961852847,-0.08649496321475747,-0.13311159229401343,0.98731956596404524,2.7356365105854654,7.5598135093309304,-1.8193341332518058,,0.06658376290135051,0.1176470588235294,0,4
0.41722580423873606,0.90852262755499891,0.022566867259321298,-0.90159020232590792,0.41066465373678573,0.13597664961740233,0.11427044826755468,-0.077079033412502912,0.99045499002272985,-7.0734561831538869,19.918146592551658,-2.9159009924306214,,0.4219919867060773,0.6428571428571429,0,2
0.33513910933062785,0.94207946874088144,0.012963486181264737,-0.93414713492754542,0.33046269663624367,0.13477216492495633,0.12268214093229395,-0.057277226790411626,0.99079181041602671,14.675014538278132,3.319404372321122,-1.0943370066228035,0.2044057591008094,0.1893835412155292,0.4615384615384616,1,5
-0.84962410176444791,-0.48939416539731811,-0.19655084984812238,0.51816092643625611,-0.844031814915714,-0.13827345994372134,-0.098224945994779558,-0.21932543465168314,0.97069470674315217,-13.402323883904669,-26.322950171010724,1.3504156754693337,,0.3576183177803514,0.2439024390243902,0,2
0.76133763341117378,0.63737508452514524,0.1188192306760063,-0.63635364195259125,0.69949035702196916,0.32521882295917659,0.12417346868613804,-0.32321237918718859,0.93814428933645944,2.5213984752958116,-22.991752533841833,1.3322950033785101,,0.2934916300782637,0.2777777777777778,0,5
-0.99644747770948516,-0.066842680600887647,-0.051229681011058757,0.073700750656747333,-0.98647548989990508,-0.14640460095016025,-0.04075074869298808,-0.14966016128827148,0.98789736946918283,2.6595010877981942,16.303331318411367,-2.5043101348583505,0.628865548112165,0.3044601176825205,0.1428571428571428,1,4
-0.61934550593418225,-0.77791449891755737,-0.10611397953605138,0.7762536070862055,-0.62698673281330897,0.065711295541534404,-0.11764982687954346,-0.041673363794369513,0.99218035103769087,0.1628926912628231,4.209593061582888,-1.6291900890930329,,0.06777888897543269,0.1651376146788991,0,5
-0.17348097492315903,-0.98159374920632569,-0.079862775175797679,0.97711482400913674,-0.1816890758637395,0.11061510029545932,-0.1230892848354579,-0.05884548607030151,0.99064940151793657,-24.236342951888432,15.420702486435539,-2.6964113486949914,,0.1263073701797355,0.4090909090909091,0,2
-0.72182491631887913,-0.65118749902875639,-0.23435791279561694,0.68309437920485805,-0.72474285664865901,-0.090165740918998233,-0.11113441987059537,-0.22517245134655373,0.96795997224813557,9.4381774472113573,-19.454391073584642,1.1720425339363869,,0.3550661941563402,0.4705882352941176,0,2
-0.9992254823472142,0.0076436845964925806,-0.038600641364733776,-0.01144802293350604,-0.99498981208815707,0.09931876263672329,-0.037648083601869754,0.099683739529399712,0.99430667999090883,5.7300656027918428,5.3273675371475164,-1.5348687730768524,,0.0878050354209952,0.4603174603174603,0,5
0.97743418780570956,0.21003703718447994,0.022513363128612688,-0.20283883224535426,0.9034565938561594,0.37765406280241393,0.05898149406327724,-0.37369857643372684,0.92567302938428109,23.375448311293059,-5.9912757395612903,0.37844432482307327,,0.4058794201667892,0.3571428571428572,0,3
0.42740898081966205,-0.89211485004687419,-0.14646725723021373,0.90205760661997547,0.41005648219560653,0.13470618303703133,-0.060113538023807526,-0.18969653590724328,0.98000080959714142,2.1239145748561539,9.5070949854620768,-2.0081814154847342,0.5545099746310943,0.2794128352549581,0.4177215189873418,1,6
0.5941086481201987,0.79223515180510762,0.13927806170796483,-0.79487966899613571,0.55168113120823503,0.25261480812770198,0.12329325222972774,-0.26078994174074283,0.95749014628949392,15.42149614382526,-7.731843298801647,0.047054651617302518,0.5161657980397688,0.3534976048265718,0.34375,1,4
-0.22958136414008157,0.96408631562885083,0.13352892292222093,-0.96780536121052074,-0.24067259744591293,0.073685030031967164,0.10317548183436639,-0.11231329776934983,0.98830184816806899,-8.127584283984044,13.684055967816368,-2.4975309568160893,,0.1545688944034012,0.5,0,4
0.59419530992009129,-0.79069582203239608,-0.14741794561545654,0.80140284589378263,0.5664127973721802,0.1921718542512639,-0.068450071309782187,-0.23232877564678994,0.97022570969035393,-2.6776116307173448,9.2264562150040561,-2.0863318302619143,,0.1980824498740753,0.1428571428571428,0,3
-0.68063529224571762,-0.72117845789097634,-0.12898538996174044,0.72363160509068292,-0.6892788685100234,0.035382785919512584,-0.1144242066324731,-0.069255131936466721,0.99101504914758687,-24.076572071558118,-19.736225283054054,0.54935798009545411,,0.5752789670562699,0.3333333333333333,0,2
-0.063846193491705672,0.99794186365714932,0.0059749759092614834,-0.99095130175105706,-0.064104998361626309,0.11792398713977427,0.11806430931702194,0.0016080875450255904,0.99300464899210961,13.058485325250125,3.9439184424361997,-1.1994746634431399,0.1850970480956131,0.1400489138489255,0.660377358490566,1,5
-0.98871592711527434,-0.12861537875651438,-0.076804295556321206,0.12419906193630922,-0.99045578652438271,0.059765608459275976,-0.083758035332290592,0.049552187516647341,0.99525332063228533,-12.177607030899058,-14.6626124471266,-0.035730800906192947,,0.1205847333913301,0.2777777777777778,0,4
-0.86101013296017348,0.50810023093667966,-0.022264461861854812,-0.50808366281424466,-0.85738334565555319,0.082126671512678648,0.022639401961315284,0.082024105692067167,0.99637317485179766,4.5261701595760888,7.4936159023255469,-1.7606597200670979,0.4109586443636795,0.4171167295542008,0.8258928571428571,1,5
-0.66551422004366212,-0.72278177496467888,-0.18621849719774644,0.73068952461938197,-0.68181227619987506,0.034997694704788057,-0.15226175334331402,-0.11277644169797373,0.98188483676384652,14.980632622391362,16.185086718314498,-2.18936799363679,,0.5025102811513165,0.3846153846153846,0,4
0.34461194004751872,-0.9144533406853832,-0.21217374598670258,0.93062733274247977,0.30313182757611717,0.20504600133380518,-0.12318838552925755,-0.2681159876242139,0.95547812055064318,0.28070141769913981,14.1005990752003,-2.3982251412200779,,0.2569796723573074,0.3157894736842105,0,3
-0.10920267970853996,-0.95966974962219809,-0.25905355894977167,0.98477526858702558,-0.13990829856671405,0.10316655645857314,-0.13524956607629771,-0.24384347367160761,0.96033739655599082,21.832955491000746,-4.7182915899156299,0.089869645992299185,,0.3595757380410129,0.2857142857142857,0,2
-0.99607586822553518,0.08585693699629246,-0.021481413090424891,-0.083669248624058334,-0.99262974070409227,-0.087667865859801908,-0.028849983941630374,-0.085526511909123165,0.99591811620595938,6.2299804473616147,2.9061784330589044,-1.3363548024153706,,0.1568887885803958,0.1176470588235294,0,1
-0.25227209804990786,-0.96015932020183115,-0.12022008307706182,0.95952651670280054,-0.26428530624547686,0.097273535182622398,-0.12517049288745358,-0.090814958747402766,0.98797013668330058,2.6884848387089799,-16.398190542481363,0.43300369856163679,,0.5800341057467967,0.25,0,2
0.15636197570690905,-0.94380249024122553,-0.29118343353888498,0.97978402980403123,0.11096576537050365,0.16646277018214198,-0.1247965844645048,-0.31132532555222775,0.94207343353678863,-1.3015695124629103,13.258342022147222,-2.3614874024786139,,0.7402505860643152,0.375,0,2
-0.61331657964810138,-0.78295867675630304,-0.10401193979910184,0.77888951241226501,-0.62139795920802787,0.084827494046921956,-0.13104922961596147,-0.028987700566198489,0.9909519729194477,15.262495077538338,9.7360530116763133,-1.6084207904513212,0.5466994527201369,0.4036626383947441,0.18,1,5
-0.97659161395036487,0.21438340758205746,-0.017566277788070534,-0.21474855942149412,-0.97640968247950377,0.022520838942369465,-0.012323789523324856,0.025765995299630765,0.99959203563153953,1.3104460636588993,4.9951004133873509,-1.6613233350424397,,0.0646542837607728,0.1492537313432836,0,1
-0.66768305090311886,-0.73390357045974464,-0.12483946813064067,0.73565068047212434,-0.67615250174022401,0.040445898572490563,-0.11409390806525521,-0.064833198724685306,0.99135222624732211,8.8037017977918079,10.414281237186628,-1.8892886250769418,0.6132384574718559,0.3239172174163847,0.6363636363636364,1,5
0.42413787518458523,-0.8814457517842077,-0.20775093139497125,0.90489353943340056,0.40346085499286205,0.1355987491834689,-0.035703573008842471,-0.24550504098694506,0.96873759590737518,27.636709344087024,0.67410843302500756,-0.13468355119011713,,0.2081842913312348,0.625,0,5
-0.20929935779121939,0.96712824752688709,0.14441859874599566,-0.97034852963276297,-0.22367633207074719,0.091611295760473777,0.12090289437279557,-0.12096218957571213,0.98526678560952796,17.847706476326458,9.6378508358986998,-1.4837575669197647,,0.417043020260617,0.3684210526315789,0,2
-0.46303171446896546,-0.87356291746652104,-0.14996486462939276,0.87981380810550347,-0.47349182866315731,0.041631133255205656,-0.10737455221244892,-0.11266462362516852,0.98781445024892034,-8.5375897114530943,18.102836626659972,-2.7913347875191645,,0.185941604441515,0.25,1,4
-0.2286459774324853,-0.96899596011959888,-0.093636778435822077,0.96439798710140467,-0.23858473129076768,0.11407825590212134,-0.1328816747286892,-0.064219586317633373,0.9890491925351792,-9.1966770572890137,12.001424143574551,-2.4116988541328142,,0.09205722424427791,0.4242424242424243,0,5
0.96979068728421269,0.24393810358910875,0.00047378704660214183,-0.2404547574817269,0.95561175228731954,0.17025771199791251,0.041079586916376885,-0.16522826788328168,0.98539945556666109,10.060542189865917,3.3178232825587339,-1.2525279922267882,,0.1820082497732372,0.5102040816326531,0,6
0.99823233171595038,0.052120797220195379,-0.028559313963545697,-0.040563855046117682,0.9487025037943323,0.31355722437565131,0.043437145172474878,-0.31184448334305392,0.94913973293070464,-3.56514952488308,-20.970830124258651,0.77206381173322292,,0.2366824536521134,0.5555555555555556,0,5
-0.81269689710125026,-0.57523771473501328,-0.092872627767492791,0.57569312665166661,-0.81729825820173807,0.024514915183063032,-0.090006540695818121,-0.033542937957848691,0.99537615701056859,14.202221836989107,12.919826007511201,-1.9144735026259345,0.5952945705848373,0.3144916092039494,0.4347826086956522,1,5
-0.58784188471566734,-0.80583268110292061,-0.071243305934033621,0.80012790937659095,-0.59214284461976152,0.09571927811189565,-0.11931993635003961,-0.00073595658515534037,0.99285558424039055,5.1748702156696744,1.1121726245145134,-1.2472815508459343,0.158533162397726,0.1266932441878117,0.5824742268041238,1,5
0.81417450906888922,-0.54086180197199962,-0.21115960776160667,0.57954083647243715,0.73484774145719201,0.3523226017957013,-0.03538767643208305,-0.40922769706224194,0.91174580027213348,0.81093028340148743,-17.546976033404615,0.48881521368730474,,0.2147940840747547,0.1538461538461539,0,2
-0.79256979949550066,-0.59983985418106556,-0.10965975681033664,0.60617301424440584,-0.79456960425630563,-0.034834190012561425,-0.066237374113981423,-0.094081312320874175,0.99335860440349988,12.912886168315865,9.7351506306505105,-1.700962688854083,0.5402982891236738,0.3128989164143459,0.5306122448979592,1,5
-0.88879790338579945,-0.44410059797629908,-0.11319428348685114,0.4412359093177739,-0.89596315900064594,0.050605237299127581,-0.12389172395896886,-0.0049675537920891855,0.99228330840733103,15.279671225661867,-2.2535339150051503,-0.58952033619741906,0.3116605533125789,0.1976205136903124,0.1842105263157895,1,5
0.096984114777649594,0.98980991540103747,0.104261272074472,-0.98879261579187439,0.083874784471079836,0.12350782762801882,0.11350438069192828,-0.11507107327091941,0.98685125711021948,5.8886065882752225,-19.25942977520204,0.94229323684274247,,0.2888781597440473,0.8444444444444444,0,2
-0.7759246897866936,-0.61994776888145231,-0.11664321514059051,0.62200165406311758,-0.78269736192824269,0.022333427263111945,-0.10514189518061103,-0.055223215131683531,0.99292274542803727,13.277638227688495,8.7976127048532806,-1.6069116226667648,,0.1301483947634558,0.391304347826087,0,2
0.7523176861400821,0.65869238439615618,-0.011934900893633256,-0.64687858399503395,0.74201307088807611,0.17596789536682045,0.12476456503917388,-0.12466332808711182,0.9843235534827115,1.0924100218257549,-20.489851956353135,0.94833303451927242,,0.0941269754298449,0.2272727272727273,0,2
0.67541385422637601,-0.69827325335454138,-0.23712989935631443,0.73663990258305134,0.62388481986341204,0.26101606361760549,-0.034318791375918034,-0.3509732115043282,0.9357563921047154,17.880746810230608,1.7607719927463499,-0.78631248274536059,,0.3134422767142928,0.1428571428571428,0,5
-0.8873789512757434,-0.44449288028493256,-0.12241191203786672,0.45329046885261509,-0.88962618096398538,-0.055614827077052481,-0.084180447136719169,-0.10483957992780636,0.99091993359727248,-12.030460589942143,18.132017683827975,-2.8137754468653786,,0.4824721472493454,0.813953488372093,0,3
-0.99668047234500146,-0.065360892459047901,-0.048538539152950359,0.068220361507259492,-0.99587657346400715,-0.059798266709057267,-0.04442992597298058,-0.062911081397044155,0.99702967734942116,-12.400980201542914,24.60317428242989,-3.3782387511393379,,0.2934145008610753,0.5384615384615384,0,3
-0.95268804287313147,0.30394896757697076,0.00071977458837256785,-0.30120898021952514,-0.94377731939239939,-0.13622599471324187,-0.040726443518654683,-0.1299976788615555,0.99067752588263136,-18.125349951938883,12.971405799257816,-2.4353021269163673,,0.3131113157011371,0.2439024390243902,0,2
-0.97318907915123509,-0.22164132933325961,-0.061466554744491253,0.22587942215184004,-0.97136501263430652,-0.073678347418391132,-0.043376293861080092,-0.085586992944838874,0.99538603756007049,-21.978889877947893,16.374327571305844,-2.7818242148644803,,0.4182249811094385,0.3866666666666667,0,3
-0.99298277243063404,-0.093101992650582638,-0.072919356966866689,0.096326698140005482,-0.99446225886138606,-0.042023599628687125,-0.068603067580208996,-0.048752791353919495,0.99645209842409654,9.8015878467877915,0.72809108054094807,-1.0999586895709546,0.7396072993831858,0.3943873067297901,0.4426229508196721,1,4
-0.32553573697525112,-0.91938330045349093,-0.22081854722651059,0.93815444731694608,-0.34317723313485188,0.045777938325609127,-0.11786737008780639,-0.19225954724058311,0.97423998561105607,-0.60030481753656695,-32.472172845631988,2.5108123742337702,0.4104876363018762,0.3142799945363927,0.2,1,5
-0.69301145176262291,-0.70961051201710579,-0.12723226383541042,0.71628347243310453,-0.69773797493548895,-0.0099852617440732826,-0.081689135416140438,-0.098054268483042661,0.99182268858260136,-5.0228685740235823,11.723635298874676,-2.3473378231013111,,0.3973651864137553,0.5360824742268041,0,4
-0.99950491681984677,0.0070455768012061487,-0.030664003334375828,-0.007585034183451249,-0.99981788354438483,0.017511910268831466,-0.0305350374060387,0.017735827930097696,0.9993763314679045,6.8938078719136033,15.202702132953089,-2.346118816606753,0.8292737461129099,0.6186620800349319,0.1333333333333333,1,6
-0.24589841914672952,0.96288632048932232,0.11128297837348668,-0.96172729890588016,-0.25668405928651028,0.095884807177150172,0.12089073579203376,-0.083445955700284513,0.98915226455633576,10.895567666501567,0.94603551138006026,-1.070750404493428,0.394104004209741,0.2426278500672842,0.5625,1,5
0.60687539299217574,0.79261797306476189,0.05881331613929696,-0.78697568127460726,0.58890031857796865,0.1840263346946166,0.11122739978512568,-0.15796570372544713,0.98116018161336149,2.8945934813545602,-29.787502031175816,2.2961867391129505,0.5137823094605752,0.4183053061883114,0.868421052631579,1,5
-0.93347984955538532,0.35187242937096203,0.069290431681684042,-0.3572576284624947,-0.92927199350431133,-0.093917777837202635,0.031342580930913994,-0.11242488842378888,0.99316579033084362,11.889436765348522,-18.972097700874574,1.2716590326242019,,0.4360515846707896,0.3478260869565217,0,5
-0.75595057950992273,0.6524189410595449,0.053742410490732605,-0.65027018220828003,-0.75784036907730568,0.053166390958793788,0.075414928690694841,0.0052440769936303719,0.99713844985892641,0.68647716875547093,10.042251780069639,-2.1099972485619705,0.3363781756058066,0.1334483361025374,0.3,1,5
-0.70511718513300581,-0.70626652860299644,-0.06322456646890541,0.70021723765604738,-0.7075816351640295,0.09499499812060852,-0.11182832968189521,0.022711674391660514,0.99346796854598518,12.911395018265461,6.5230291397647235,-1.4287708805891013,0.3125928585256542,0.3648626687617141,0.7373737373737373,1,5
0.61327807782745414,-0.78069922567462535,-0.11999465941159548,0.78605993345308567,0.58834040593627535,0.18964532096118322,-0.077458248598808288,-0.2106283118998494,0.97449265464149393,13.781909989969266,-1.7547447128889064,-0.7132486347871424,0.343981926831948,0.1962967188284696,0.3414634146341464,1,5
-0.91153941072734168,-0.38920877130711073,-0.13271184961585186,0.3957943504326335,-0.91795947806122902,-0.026405090478277323,-0.11154700738460427,-0.076595880928190446,0.99080287452569205,4.9384242052623897,8.9835790616788387,-1.8821958554568967,,0.223075735755606,0.2368421052631579,0,4
-0.47949934348470469,0.87754218374264925,-0.00030878782451024169,-0.87328854359026031,-0.47714044128163624,0.098509486485150774,0.086298894730696948,0.047504894966190134,0.9951360639241813,-0.4120982643226051,16.067297444611775,-2.5798177984797106,,0.07052018584033096,0.2777777777777778,0,1
0.88515083033997621,-0.461338876001954,-0.060617233834167249,0.46481532480164817,0.87071518883757471,0.16062930541182766,-0.021324197006938782,-0.17035698229541865,0.9851516518816833,-2.2501667232625162,10.944268632066825,-2.2171679277196321,,0.7486443293059555,0.6160714285714286,0,1
0.59434072536450167,0.80077053566097167,0.074334725333714699,-0.79701514783903571,0.57416021977319875,0.18736834349780748,0.10735900655426221,-0.17060653928625669,0.97947304836041782,-4.0626866051185333,-21.967286384848283,0.89145804336411461,,0.4302330723409538,0.2083333333333333,0,5
-0.58418532712830884,-0.80736721511568932,-0.082980018825778851,0.80383313390661715,-0.58967719023791376,0.078314137593317776,-0.11215969151997839,-0.02095211849563218,0.99346928101914045,-9.7079604921527025,9.3911227810406057,-2.2162026430594444,,0.08444947358321034,0.3516483516483517,0,5
0.9973982027982673,-0.059934320178450635,-0.040058735870394761,0.065352168601817515,0.98629277611793309,0.15151123336776356,0.030428919038091178,-0.15373495712533392,0.98764348013027747,0.27130348302514468,12.407096904130581,-2.2690715902673504,,0.07577165780428556,0.5263157894736842,0,5
-0.95606931411876039,0.28805559612931492,0.054363959928145945,-0.2930453037301422,-0.94390944779123021,-0.15218214196207169,0.0074777377724002591,-0.16142777923591839,0.98685619799886126,13.498487615981537,-21.382577888444374,1.6829566624784154,,0.5734626397693816,0.24,0,3
-0.9024295236033536,0.43082616928510525,-0.0031251860978950869,-0.43027477744246012,-0.90085651025871261,0.05762953948571365,0.022012969492235912,0.053351286616311284,0.99833314549328589,-15.629375625703915,10.506878284534674,-2.2779322753343587,0.1648671949908624,0.0997814673816619,0.3461538461538461,1,3
-0.76417485917401295,0.63600001463427858,0.10742795721587094,-0.64452357659957638,-0.75939540917328996,-0.088926777372293361,0.025022865816439158,-0.13719545878683051,0.99022788401185902,18.177621628797546,-1.2855319991035947,-0.49705523061332824,,0.2966465401803631,0.1578947368421053,0,4
0.075766800838748635,-0.96127336378121198,-0.26497719142487614,0.99033774242153605,0.041590849388017485,0.13229269512183472,-0.11614881758363647,-0.2724403078326284,0.95513649853933758,-8.8324249860713682,-21.626461775637651,0.80136791493416337,,0.5986154446914232,0.3636363636363636,0,1
-0.50249515695047609,-0.84352436320852919,-0.18964510517005945,0.85045537674969407,-0.52173545960532952,0.067214301662311099,-0.15564147711600895,-0.12750983830301854,0.97954937177106383,10.338489018885731,5.1580497089987762,-1.4241685856039512,0.5280980329272956,0.3185029798905837,0.3,1,5
-0.20853060668529513,0.95856062430405475,0.1941043935857302,-0.97517994412804943,-0.21889271554104806,0.033317497707367749,0.0744248792130522,-0.18233899368178791,0.98041492682294262,-7.1015314907906895,16.920660951751572,-2.6995099244152727,,0.563491503170664,0.631578947368421,0,2
0.9982419761652106,-0.034063339813002635,-0.04850408129798163,0.049178036263630466,0.93279777075096593,0.35702918596563415,0.033082892422373777,-0.35878685561599699,0.93283305819753048,-8.007999292379095,-23.07662887479027,1.0176302509749648,,0.6971605355907009,0.5714285714285714,0,1
0.85537607360845891,0.51743531302849977,0.024340696975929759,-0.50919452422886702,0.83126381390071868,0.2229829773650181,0.095145726091682023,-0.20312845327607079,0.97451840530395184,13.185730330127905,-11.953015324726442,0.42398801437901945,,0.1041568129521805,0.2307692307692308,0,3
-0.51544004711764613,-0.83506390315676771,-0.19232741736929676,0.84942628296209644,-0.52752238198158852,0.013968762352754337,-0.11312182654357893,-0.15616790372242254,0.98123138871847593,3.7122667341675255,13.580396596714058,-2.2859044062280325,,0.1695642784747424,0.1333333333333333,0,5
-0.98482669135019718,0.1678274778423974,-0.044162491837346822,-0.16308040689874423,-0.98201241341343659,-0.095165123798889584,-0.059339437897271308,-0.086519116864295378,0.99448140934210461,-15.468342189767217,15.240535016747849,-2.6207112538712285,,0.3296160497549457,1,0,4
0.27863751774483664,0.96031588629490272,-0.012431099494010417,-0.95212234266824614,0.27790924868842987,0.12739503163531107,0.12579419023518254,-0.023661107815708769,0.99177415457351337,-7.8622891936423809,10.274096555731465,-2.284028554404629,,0.08014995505887623,0.4153846153846154,0,5
0.18712956225038335,0.98228902169768939,0.0095291544314296851,-0.9744947788781414,0.18440410472887039,0.12788687226759238,0.12386465545595965,-0.033217525665556941,0.99174298238880221,-3.75424868657917,13.432602606800499,-2.4321548972543878,,0.1179136768117638,0.38,0,6
-0.56744957621974623,-0.81319368120767233,-0.12929429721355506,0.81338989003755879,-0.57801172601595052,0.06556928680984199,-0.12805414961148323,-0.067959410179741123,0.98943602791454055,19.441820246998386,3.5515619630284543,-0.90510989910055828,,0.172613415854009,0.3157894736842105,0,3
-0.15131167452461919,-0.97510476298984006,-0.16209712627645517,0.97997542477900212,-0.16945056632102862,0.10456898394217272,-0.12943316414957723,-0.14302869211459646,0.98121855325417584,13.866274976741433,10.395573096227601,-1.715247563132783,,0.3830712631119819,0.7288135593220338,0,8
-0.81781227861943484,-0.55545521675879062,-0.15050773772379158,0.56671115091380997,-0.82280807406866896,-0.042724052679408486,-0.10010768386709046,-0.12023466814048762,0.9876852110910207,18.823565902648376,-5.3431525203053463,-0.048318250807312065,,0.1508602556532262,0.2,0,1
-0.55566447285950804,-0.82947671558343072,-0.056616003980233441,0.82329613135669688,-0.55845508180155023,0.10154507227394356,-0.11584676816753094,0.0098132520067799409,0.99321861963526958,-1.8704259778193271,7.4203633461932537,-1.9638565547589746,,0.1235921800573153,0.3879310344827586,1,3
-0.53419096061010352,-0.8429796415648183,-0.063445579118695264,0.83570345574293381,-0.53791080520786849,0.1106873963012126,-0.12743528421035602,0.0061065168364705978,0.99182808933320332,-11.154475980493823,12.745489436061479,-2.492429155894786,0.1786936298042216,0.1583947155684191,0.6585365853658537,1,4
0.41463549977721587,0.89931732461871039,0.13894514012783579,-0.90235656342595605,0.38660471127039858,0.19049784687925059,0.11760116821952535,-0.20436522909775343,0.97180492814619224,14.821883443146399,-9.3550534049342868,0.19855353416196508,,0.1639593762502804,0.24,0,2
0.94307230508861351,-0.31065602541647408,-0.11877483423390195,0.33200262499310246,0.90050866083159253,0.28081739398581373,0.019720151433020396,-0.30426466380395434,0.95238339443090247,-7.4218439224815613,-20.896667655448542,0.67549033405917458,,0.6943535680448998,0.2340425531914894,0,2
-0.99913235221728547,0.023172289338602003,-0.034606180944487239,-0.019774223706800129,-0.99523334114689499,-0.095496475046892446,-0.036654097036319229,-0.09472930737842665,0.9948280431783455,-26.601455935644186,14.822581036136544,-2.6501430111132041,,0.2991645540177797,0.28,0,1
0.99885705511998402,0.030707901391106317,-0.036627970585187783,-0.02380384183530064,0.98411692877003787,0.17591829814464977,0.041448287671691418,-0.17484534680792621,0.98372310339277003,15.455623745986792,2.8146849216241647,-1.012185884964699,,0.07371901070586512,0.125,0,5
0.99783726781134152,0.051606579677797269,-0.040712994249469954,-0.038906295559935175,0.96291077567534289,0.26700025890270851,0.052981951007878003,-0.26483881706099949,0.96283607838776497,7.7878823080705422,2.8748485432603168,-1.3015991730394942,,0.7886262508353981,0.4838709677419355,0,2
-0.95221357172817778,-0.29940495125004341,-0.060382025335587307,0.2958580196820641,-0.95327088751641276,0.061177178779996087,-0.075877177111933716,0.040389233474174231,0.99629883258633523,6.8275396116440783,6.9058677626811438,-1.6271369781877314,,0.07240474502342938,0.1428571428571428,0,3
-0.10570024359646303,-0.99122410454321253,-0.079386605143159303,0.98693987649719828,-0.11433200018721336,0.11348072044575001,-0.12156125486084704,-0.066354866480903593,0.99036351558958302,-3.4699398437501037,8.9620131867723991,-2.1003353333742005,,0.08885347720845041,0.3275862068965517,0,5
0.28801429373145476,-0.94078345422059595,-0.17881347508265466,0.95360453971878711,0.26466572447504844,0.14349367970686958,-0.087670681724800775,-0.21184557241741334,0.97336288454668696,-14.129443349914837,-26.852491309834129,1.3990412501917358,,0.5018303675540732,0.75,0,4
-0.96022068547710004,0.27883434580310695,0.015087835578494599,-0.27903912140048104,-0.95606002734556772,-0.089924372892125126,-0.01064912719136937,-0.090557339363232695,0.99583430568419185,-12.366917367139004,10.66407159929952,-2.3481286776033232,,0.3911999708621205,0.3111111111111111,0,5
0.51643376322121426,-0.85140407003996055,-0.09169120854566537,0.85319457649317343,0.50243613252618002,0.14006051326040753,-0.073179114833461303,-0.15056241978503326,0.98588831766111629,13.206533032196917,11.855201992471908,-1.8617249886880791,,0.09475912203915575,0.5714285714285714,0,5
0.97810018692083212,-0.19688786628779345,-0.067492165871862964,0.20771063854838678,0.94405029505194327,0.2561744152841221,0.013278365082213011,-0.2645830843439928,0.96427147448203854,-12.803450926304667,12.745880339388616,-2.4669763005068748,,0.4030877974482832,0.5909090909090909,0,3
-0.62129792930635364,-0.77392814127049603,-0.12257289744977168,0.77315576989124968,-0.63091424147052833,0.064632618649846887,-0.12735398903648837,-0.054611830762782324,0.99035271970002225,4.1579546679354786,10.913929273328113,-2.0657442361112905,,0.5583574015520089,0.6206896551724138,0,4
-0.63858984349689907,-0.75713892462547994,-0.13763597131411393,0.75896759539573233,-0.64921045192984306,0.049939746137424232,-0.12716603682519756,-0.072570227518056363,0.98922310989793993,-9.9707809050597245,10.491991590878142,-2.3179915129726831,0.6300328155229326,0.57178956591073,0.8056872037914692,1,5
-0.9592293442385954,-0.27344064273022656,-0.071479228135705147,0.27160444660322758,-0.96179234228178989,0.034445825777072454,-0.07816706299299031,0.013627370670474081,0.99684713222823729,16.435426858778531,-2.0009409680655406,-0.53818579810771727,,0.1549191180028971,0.2380952380952381,0,2
-0.96905304354917754,-0.23332163349144938,-0.080605298417399107,0.23802116328573569,-0.9697270026499839,-0.054547833683690886,-0.065437944773513265,-0.072045511146498181,0.99525238995315091,20.144805442407286,1.1195277973202682,-0.65039275555316112,0.314773999806423,0.3520117025046369,0.75,1,5
-0.99882452569316915,0.04065684551289097,-0.026392949565304347,-0.038899996524794658,-0.99719313394763143,-0.063973774924352522,-0.028919839975123516,-0.062871889749248552,0.99760251018888857,14.367937898963813,-3.9336905141507428,-0.48984669101555972,0.8056105626460138,0.5130233019614824,0.2972972972972973,1,2
0.67534475395278815,-0.70363813938878539,-0.22091363042133802,0.73699554632582553,0.63279112268161375,0.23751412537202918,-0.027331813045339753,-0.32321628030288024,0.94593034000544873,12.767821250332537,-16.257943408039782,0.95413419263917043,,0.3695286523986565,0.1,0,3
0.63918335240918589,-0.73090634337620131,-0.23920819219956874,0.76611534493739575,0.57798880266957808,0.28106266603738644,-0.06717082889476951,-0.36291164379366336,0.92939938591790106,-37.631193566031349,19.095012424617238,-3.273658484251194,,0.4390700513819359,0.2352941176470588,0,1
-0.93716346243758553,0.34653977657284168,0.040433005389683301,-0.34884849555662079,-0.93253677882101571,-0.093165891258586764,0.0054195774631877226,-0.10141666233400448,0.994829276198259,5.9034183025953739,6.741431358404073,-1.6505976977692991,,0.07850706157964174,0.3548387096774194,0,5
-0.58265495948327151,0.79407299306588153,0.17309326928838475,-0.80847093902770595,-0.5880599270684127,-0.02366987376294714,0.082993607809325576,-0.15373224729927995,0.98462097134029525,22.980815704414681,-2.0883183161263159,-0.11900495556535157,,0.2611809733673122,0.1666666666666667,0,5
-0.97921559142989845,-0.19885329760129927,-0.039927328156096821,0.19645808718066302,-0.97885666426383122,0.056954813735112061,-0.050408783777339067,0.047926995100626014,0.99757804589852284,-8.2965451664955054,-28.240192298312543,1.7090394623363054,,0.1666698315959495,0.2142857142857143,0,5
-0.18421292823525909,0.97829520650083679,0.094889862516905565,-0.97717253784946045,-0.19268124809681689,0.089486132471453095,0.10582735158661412,-0.076239265272816256,0.99145758663032346,-5.0012069362766489,19.556046915088899,-2.8714048443503146,,0.1662682779093277,0.4761904761904762,0,4
-0.93916817685951282,-0.32688710807519594,-0.10539427948714541,0.33235300582103039,-0.94235582099915138,-0.038819919509727623,-0.086629181550476164,-0.071486538615678427,0.99367251129365775,12.237478742992803,-14.839391294698235,0.69722242479401841,,0.194966320637373,0.2162162162162162,0,3
0.0090107510760809098,0.98780895886751885,0.15540999693106752,-0.98792940428206311,-0.015240764283731488,0.15415320709909555,0.15464248614120832,-0.15492314186433617,0.9757481855453024,-13.725342975283938,11.90847315377801,-2.414104938420444,,0.245443402787318,0.131578947368421,0,2
-0.66330235321325126,-0.72577488626736952,-0.1824302680076694,0.74262686872500128,-0.66846564378466389,-0.040731031502463093,-0.092386806793302717,-0.16249460773558516,0.98237476575255911,12.099052589659825,-13.630785263463082,0.58300509751828189,,0.3315097365652458,0.1724137931034483,0,3
-0.10737194813695664,-0.96085978250462256,-0.25538156377946403,0.98467608712723176,-0.13827713396135322,0.10626588193412967,-0.13742004290888254,-0.24005814418303698,0.96098273617079999,-2.4522681287503758,15.94263180671534,-2.5970920501306183,,0.6563488943321628,0.4054054054054054,0,3
-0.85177308058816603,-0.52027678583629755,-0.061601017079252085,0.51518204665539558,-0.85314551510016301,0.082037728323233555,-0.095236957056095764,0.038141790523392602,0.99472364294127746,-7.5678150285044561,12.229523760790046,-2.4013620754941321,,0.06214709224007817,0.1851851851851852,0,1
-0.42719867396230027,0.89995335011811839,0.087093401449406485,-0.89855508287089825,-0.43328406283738841,0.069740117134967777,0.10049903487957082,-0.048465332994846115,0.99375603418845893,-2.6905112038637418,5.2226990140414449,-1.7951943048005639,0.6240978775899638,0.7258177645912773,0.7733118971061094,1,2
0.99901793101581626,0.020498476260015792,-0.039280860223482567,-0.0079334645977256896,0.95497544929253697,0.29657874399220607,0.043591669483467141,-0.29597584989241171,0.95420022145884542,-9.0488309639506976,15.485134318195128,-2.6255573272531505,,0.6084530404093292,0.3571428571428572,0,3
0.43934540273694811,0.88584930999063516,0.14915299890724754,-0.88767839260258108,0.4026369109146104,0.22340677983364504,0.13785023902919977,-0.23055263598201742,0.96324596736313239,-18.055939770282887,-21.207869915840767,0.64676367149805492,,0.2355099815896858,0.2,0,4
-0.93144403833349587,0.3620875116133494,0.036119764487640253,-0.36381000595465124,-0.92866376685639318,-0.072290301530510331,0.0073677011520965549,-0.080475102123253678,0.99672938901087205,3.2977353916471235,8.3926905485136611,-1.8644297653802402,,0.09736793874605917,0.1052631578947368,0,1
-0.36849541035702643,-0.90342374291290639,-0.21917270196592475,0.92426641351656735,-0.38133001370813979,0.017861060734842525,-0.099713235786582172,-0.19599224828188297,0.97552258263065572,20.755785374931413,-6.976490602183441,0.27323569579967072,,0.172357969483451,0.3571428571428572,0,4
-0.76821200844228721,0.63682106595959775,0.065644802042126513,-0.63971362253315811,-0.76756537043522277,-0.040123350485027444,0.024835281970865954,-0.072817113776377534,0.99703604584323158,8.093958420073621,-21.605472770446564,1.3960939273842077,,0.2804255648690852,0.2173913043478261,0,3
0.94609183880140446,-0.31943107820991995,-0.0536098762079125,0.32384529631198289,0.92988990600051824,0.17443906321392991,-0.0058699752966787999,-0.18239668032066131,0.98320750322504213,6.1599335340381067,16.872573131665565,-2.497965739739517,,0.1380611646821539,0.375,0,4
-0.93511344069114377,0.35372995067395474,0.020927853090375967,-0.35402522392122054,-0.93515170906485157,-0.01254678686422636,0.015132543285923816,-0.019141656910735921,0.99970225722682593,-31.226584217236006,16.322947118479554,-2.848741051868497,,0.2357680945723591,0.1428571428571428,0,2
0.48643789698779782,0.83705440056327418,0.25043582585514346,-0.86500848339953829,0.42101877314722491,0.27295332257446053,0.12303859565567433,-0.34940395412082093,0.92885864415626573,0.097939625391580951,5.513097701084388,-1.7363162752857493,,0.5356316909274177,0.2994350282485876,0,1
-0.91683641396728188,0.39846375502562853,-0.025251256493354343,-0.39906118171351129,-0.91654924307913133,0.026223238939714719,-0.012695009768927916,0.034119216608084153,0.99933713819962677,5.8346473089250228,11.67108876525965,-2.0630358501242245,,0.2004015403605714,0.1666666666666667,0,3
0.11919018427870202,-0.98995260471876523,-0.07607588568095737,0.98630878845409564,0.10925913319149047,0.12352091172128964,-0.11396786296945094,-0.089756794866891115,0.98942157040636636,-0.5238580727487967,8.8673350439269907,-2.0379794179059609,,0.108369632837938,0.4722222222222222,0,1
0.99723865366750464,-0.056032746999075733,-0.048738064130218806,0.067560371163283769,0.95699146843281147,0.28213990429411318,0.030832837684895132,-0.28465358000655738,0.95813447673578067,11.906208551678649,1.5525389976228994,-1.0843784223618815,,0.9443410633511938,0.5428571428571428,0,1
0.10225514242573817,-0.97162254067890641,-0.21329211024358097,0.98898161389245365,0.076223212937668691,0.12690701001968702,-0.10704790156827049,-0.22391886980361148,0.96871104386999929,-20.541651667296531,13.665729427521178,-2.5335788276147633,,0.227887919574403,0.2222222222222222,0,3
0.041523446952078824,-0.99586646970027703,-0.08078228691939833,0.99351202038381448,0.032586821896604182,0.10895854437148346,-0.1058757229306673,-0.08478250742570137,0.990758425514778,2.09004324829522,7.1756912298862865,-1.830175410572368,,0.105632919014473,0.4925373134328358,0,2
0.93120791815815307,0.36406609884422403,0.017541061310689155,-0.3557864492132306,0.89746944729110156,0.26070019895513091,0.07916953780210409,-0.24900696145158563,0.96526044020919488,-0.74137948977601653,-20.154607980700785,0.76521025061430747,,0.9777970051401974,0.7804878048780488,0,1
-0.30281766247898517,-0.94957312009723627,-0.081316375223958751,0.94475507283341142,-0.31031947504215007,0.10554466241880955,-0.12545642927446787,-0.044863270036462649,0.99108424029208353,6.7393223751419216,3.915168265167841,-1.3827512157496857,,0.08532034362951507,0.3055555555555556,0,1
-0.26114390419822348,0.96507689315838574,0.020747327342782271,-0.95663209425144868,-0.26161304018295456,0.12811578144132285,0.12906935169976674,0.013609096148947206,0.99154218011833084,1.2431357814251209,12.673000852808036,-2.2729246868757738,0.07679499405158764,0.08851520199370758,0.2380952380952381,1,4
-0.11125095278088876,-0.96344299541639089,-0.24372283456507843,0.98615719132192892,-0.13736661481234033,0.092867686194078494,-0.12295210250088529,-0.23001740742406918,0.9653884051367726,20.14162853703089,-8.1538527727904153,0.39557165175549536,,0.2755381493338125,0.2941176470588235,0,1
0.92742914071356641,-0.34310225651153847,-0.14884901925100191,0.37359926285657263,0.86829773528203802,0.32631676894868306,0.017285246550749988,-0.3582455644956028,0.93346737263329427,29.730214546502843,4.5874628682477789,-0.42369777081306936,,0.5201101127697239,0.5517241379310345,0,4
0.065831464714955393,0.99521405798864915,0.072216321114062357,-0.99038312692435237,0.056342799114368375,0.12635960941495442,0.12168598997840918,-0.079840264088514273,0.98935233970171144,11.475669512325386,-1.0356738239379273,-0.89013278403471752,,0.07373800759962615,0.3571428571428572,0,1
-0.66491261270065072,0.74667379664376099,-0.019221313097366969,-0.74423690832211187,-0.6601239181250651,0.10172431867728578,0.063266434724426265,0.081942993140383363,0.99462691704601291,0.21833360272612382,8.397553906166749,-1.9853167373321108,,0.08396262110925749,0.3186813186813187,0,2
-0.87127900001120395,0.47863730144675509,0.1085321970810795,-0.49015528957773807,-0.8598383279221099,-0.14291900480718273,0.024913776077542457,-0.17771995807978316,0.98376568361662209,27.418946266878528,-1.9744063528022049,0.17711667203820997,,0.416579986211875,0.5555555555555556,0,1
-0.49522838722713769,0.86360828740187479,0.094496404244866106,-0.86481032348243647,-0.50041421247807627,0.041094042733103422,0.082776499579359522,-0.061370529415571903,0.99467668578118418,23.075194451199952,-3.6440088609738117,0.057698877545202427,,0.2347986899426492,0.2083333333333333,0,4
-0.90621810426278326,0.42274055570386948,0.0076922083662704921,-0.42261271533477451,-0.9062006556418063,0.014101934325771398,0.012932143818223779,0.0095286031265483413,0.99987097436555328,21.19329241366118,3.7897766376253004,-0.84252851997337275,,0.2772094312484481,0.125,0,3
0.93499934362642378,0.35285851185386974,-0.035596320461963628,-0.34593565682934363,0.92953330390056987,0.12765719045060878,0.078132891615560307,-0.1070453527807953,0.99117937009192625,0.66383044107000877,-31.517657232822273,2.4605045208675058,,0.09640472897601157,0.1538461538461539,0,1
0.2196794549650429,0.95470588305396464,0.20069283477098052,-0.96756870951306506,0.18692036306992824,0.16991636248763334,0.12470657335314876,-0.23151124104880227,0.96480610271212519,11.146203599007672,3.0018542264744901,-1.1987099599782938,,0.6189739312681722,0.4205607476635514,0,3
