axis_00,axis_01,axis_02,axis_10,axis_11,axis_12,axis_20,axis_21,axis_22,location_x,location_y,location_z,dbh,dbh_approximation,score,reconstructed,number_clusters
0.15809507988568788,0.98240391352669754,-0.099440919159908978,-0.97920609587883667,0.16894801498538325,0.11230311672534139,0.1271273672726094,0.07961858401107276,0.98868575066621023,-11.745881163746416,-0.18848434695869865,-9.6691265956718357,,0.1572115185576594,0.2311111111111111,1,5
0.7639314113835054,-0.59320793207376588,-0.25399438581664235,0.63691480088035368,0.75638038975314992,0.149091389477777,0.10367417769698725,-0.27566837925602028,0.95564565062433804,-3.9769740422439899,7.1432978517778132,-8.7023195922849581,,0.1068831672703704,0.2222222222222222,0,5
0.761457819232083,-0.58303113953642682,-0.28329609926925686,0.64034303515784807,0.74447207205069621,0.18900299273127494,0.10071140379895313,-0.32532449072794872,0.94022400994520761,-19.815829596508916,3.2727228716853123,-12.234045047500958,,0.1843728705050824,0.4347826086956522,0,1
-0.84819734760620158,0.52915723333633513,-0.023534696123811327,-0.52742879369912821,-0.84785018710484528,-0.054487868405376415,-0.048786546207812358,-0.033803589071498844,0.99823704112550282,-29.28797520062917,6.5981287907444486,-15.111546612588524,,0.2259318560874224,0.4166666666666667,0,2
0.88038003618597649,-0.42262177764312076,-0.21522505650353099,0.45155655832034186,0.88569056126852153,0.10793008995521182,0.14500919461560799,-0.1922057822793605,0.97058192376291086,-23.413560278794392,-4.6948328968552726,-12.029506572492819,,0.09643191441922432,0.3636363636363636,0,1
-0.69428377821035192,-0.67082166835433465,-0.26070735428880309,0.68645688072960043,-0.7260622941538154,0.040130984377250795,-0.21621051365034882,-0.15110206575162019,0.96458342278552933,10.978568058370914,0.96548336709682347,-4.2313119807759456,,0.07227447897524919,0.2941176470588235,0,5
-0.66126742155340845,-0.71413198668468458,-0.22965387605240414,0.71909853705048521,-0.6906287630374649,0.077001335554612485,-0.2135946890818205,-0.11422529167888984,0.97022156827031725,0.61603824299190091,1.1646899263123791,-6.8646285014308814,,0.1100683265514431,0.5553097345132744,1,3
-0.092110876877648129,0.99352216129432003,0.066552996761189295,-0.99300300487990412,-0.096611565745720496,0.06790609445139921,0.073895998946578625,-0.05983243586236868,0.99546946761739719,-7.2749650529309831,10.092050282731703,-9.8754506772567101,,0.478413812795235,0.1964285714285714,0,2
0.9728635329326748,-0.10658268472252425,-0.20536961218031707,0.13134494915964601,0.98510874024331119,0.11094716862762694,0.19048635284451429,-0.13491071571071023,0.97237546666214292,10.337478388260413,-3.3092493272743106,-3.9062984651472967,,0.2130423916298475,0.6421052631578947,1,5
0.89739105321697099,-0.35068485447565284,-0.26778616552675888,0.40193830267476288,0.90007857842060013,0.1682383829905684,0.18202993833176209,-0.25860913655503504,0.94867613864858724,-14.17056162325199,2.3858912972282034,-10.606867967488421,,0.1057848129063001,0.2815533980582524,0,5
0.46987836480216266,-0.76328347727265078,-0.44341025654964039,0.8798002716063571,0.44584674982043604,0.16483979421224498,0.071873530400472355,-0.46756711710419235,0.88103075237510786,-22.979124865113768,9.6251416674291619,-13.963031778203382,,0.3383939916337023,0.2,0,2
-0.66677775870134581,-0.64491465537351844,-0.37348695798604009,0.71254251371704724,-0.69852599945258231,-0.065913536049606883,-0.21838174522382098,-0.31007501571914348,0.92529070998242047,8.6051268816403041,12.563902232202897,-6.1672701306495057,,0.3523417816727588,0.3513513513513514,0,5
0.93832942405032571,-0.23612004773839768,-0.25255734995719731,0.28560337500549821,0.94104028722457667,0.18131158265746966,0.19485534159179252,-0.24226122445885656,0.95044247326013553,-19.567305305091377,-2.2500746822482074,-11.434586141421638,,0.1644050780764842,0.358974358974359,0,2
-0.71209666151079376,-0.62310161494100913,-0.32351618525676368,0.66571678904892961,-0.74563258063552462,-0.02920978386073779,-0.22302354459465751,-0.23617034562517469,0.9457716777339662,-0.52410024827386614,-13.956910925178004,-5.3286419463947814,,0.2059835328579875,0.1052631578947368,0,6
0.4389836359752356,-0.81092802644035145,-0.38689676049240612,0.89835315379444158,0.38848514984198151,0.20503877540561277,-0.015968043510150395,-0.43757859212467132,0.89903837365300954,7.6028266398965254,7.4463316061769893,-5.7885761209110163,,0.1956291964639679,0.5806451612903226,0,6
0.48939245190932823,-0.80792498741134244,-0.32825636738768244,0.87206174771134293,0.45260915332870089,0.18615386781292981,-0.0018265247912400871,-0.37736211924285384,0.92606397984573863,0.28873146529601301,6.4486806344182401,-7.5497002631689689,,0.162607164918542,0.2432432432432433,0,3
-0.7812179856810183,-0.54547028892584171,-0.30357968105202876,0.58377733155548284,-0.81062435493016394,-0.045740379928635805,-0.22113906486745477,-0.21295614359115134,0.95170751541444354,9.0213048827639319,1.2730715200151754,-4.7592618235594797,,0.08176237847878733,0.25,0,5
-0.43905471064658425,-0.8364834448745766,-0.32791219481716088,0.87994860873539416,-0.47405133567286339,0.031076954989521472,-0.18144257230234206,-0.27490139613602865,0.94419691556304852,5.5267040765877029,5.8747760445154071,-6.1549075919699687,,0.08597825201099003,0.3829787234042553,0,5
0.56974934071612349,0.82138793604047089,-0.026599760914662658,-0.79629873332106549,0.55977106818757316,0.22926988143105351,0.20320929128563128,-0.10944500786841757,0.97299937008606174,-13.012040374937696,13.046373943605181,-11.819337699370353,,0.2701265973604386,0.1428571428571428,0,3
0.80600835111698987,-0.5419688110362384,-0.23795030110012072,0.58067127226933757,0.80195174472599617,0.14033628430324196,0.11476676997624628,-0.2512831211898201,0.96108552247670598,4.0657970844826465,-3.7307420599321928,-5.3757895696035449,,0.1085742417368864,0.5217391304347826,0,4
0.85890173441665396,-0.45075727896860879,-0.24311661003082402,0.49402045340489376,0.85436594218866446,0.16125330522410811,0.13502445050318548,-0.25860532145509285,0.95649970490399094,-7.9445175053768136,-5.7507291326655201,-8.1274627948167186,,0.129273243580931,0.4883720930232558,0,5
-0.95189085172584176,0.2673140612516588,-0.14982322602919976,-0.25507975495679913,-0.9621408015329137,-0.096017689186849553,-0.16981791722851725,-0.053181488158451987,0.98403943229192914,-6.6726013066226919,12.14382242541584,-10.024954179043704,,0.1489371184017152,0.2777777777777778,0,2
-0.022199802078667449,-0.91329856818608102,-0.40668525192945426,0.98787143324993343,-0.082568769325929076,0.13150068327094552,-0.1536788865016662,-0.39883345356333538,0.90405457587601035,-22.301880354482392,7.1743223528334177,-13.37234209296588,,0.5134646975871625,0.4130434782608696,0,5
-0.21368911504583321,0.97014360199207539,-0.11470986716394481,-0.97502625000542975,-0.2045309000659416,0.086550116802720012,0.060504329690339392,0.13033994948616881,0.98962150525171266,-6.9141685232304448,-3.8162700368819,-8.0858484018051549,,0.1086367325229147,0.2676056338028169,0,3
0.74601933233748008,-0.58407698923139661,-0.31985813484907188,0.65699593063024475,0.72394478142671703,0.21038132184279373,0.10868073846840828,-0.3670940262322579,0.92381300758895568,-8.3861870395798821,12.810143296985157,-10.506368499192481,,0.1325348778870686,0.4117647058823529,0,5
0.62299475994605857,-0.69915644035290103,-0.35079595350119436,0.7795184073200736,0.59218853128420612,0.20411711360057383,0.065027545924229158,-0.40061579515604961,0.91393566674167925,6.1019752693482054,12.844613765824045,-6.8474740358160844,,0.1259023273684008,0.2857142857142857,0,5
-0.55703706961121791,0.81124166090533978,-0.17775452368503614,-0.82950119704366954,-0.55391077502291652,0.07148858242147875,-0.040465629638838999,0.18726938063938514,0.98147476375751763,-9.3122065533432323,3.2621187386883248,-9.5721725315968484,,0.1015774788199668,0.4767441860465116,0,5
-0.91669538249168259,-0.31334997407755921,-0.24795436972157081,0.3268690997160098,-0.94496204947493856,-0.014258916612763831,-0.22983943823737848,-0.094119704619795061,0.96866677130631973,-15.133930196140046,-7.542452813243143,-9.6386798352363741,,0.08447167107758577,0.1911764705882353,0,1
0.48780472720530099,-0.83503055772400681,-0.25450052216704266,0.87264963421892683,0.47413430734631035,0.1169584306273341,0.023003565239677708,-0.27914266292412232,0.95997406721322176,-27.882228223518375,2.4971989704879007,-14.138021697397646,,0.4009575887705575,0.7966101694915254,1,4
0.74120929609777897,-0.59473187587796361,-0.31129210589559425,0.66466803243356998,0.71512818189713256,0.21635177401026487,0.093942461321395915,-0.3672678576613812,0.9253589220889904,-19.677520821390207,-14.192318062598913,-9.9062230900352333,,0.1073993043027156,0.2105263157894737,0,1
0.90380028626675146,-0.35011201531387015,-0.24610286320357494,0.41143516382117251,0.86909656354106113,0.27457652706042213,0.11775461144083503,-0.34941771559836249,0.92953811729828462,-22.19855503733956,9.7791442189491526,-13.771015351433279,,0.4827942137236685,0.2222222222222222,0,2
0.97357512753771636,-0.078445772541045497,-0.21447081808572066,0.10966142952845978,0.98437760989933365,0.13775010708761998,0.20031435773227624,-0.15762925457958202,0.9669680326603316,0.748026361425292,-7.6158232328342779,-5.7481005191038124,,0.2167435152952544,0.7123287671232876,1,4
0.47152139053919256,-0.81447445436030697,-0.33808126457771476,0.88165407578281041,0.44357036631740898,0.16103235942070263,0.018806087300260226,-0.37400092689660558,0.92723763823570904,-3.6407908385046808,5.5600366263146723,-8.4054384902787138,,0.1297144017071509,0.2248062015503876,0,5
0.4757145595392388,0.8795274691499767,0.011273369195804531,-0.86033054312432833,0.46258701239722183,0.21411355054926104,0.18310383504936903,-0.11155575723399186,0.97674372207768223,-8.086914470391747,-12.760067715372479,-7.3156988431301331,,0.2679174151354483,0.2127659574468085,0,3
0.66394181642743832,0.74777731937111835,0.0032163695649054941,-0.71672998578750313,0.63513686711386708,0.28792236367782759,0.21325897840906763,-0.19346896564288052,0.95764835271669269,-9.8686005858116328,12.794264963016076,-10.86081923175488,,0.6465788196513914,0.2542372881355932,1,2
-0.30494392220793137,-0.86253170132577461,-0.40379235817002351,0.94228620264274132,-0.3347899373028751,0.0035228099381319636,-0.13822415352450645,-0.3794137083564621,0.91484387809813339,-1.7480525920696772,-11.459286369662779,-5.8835765460230069,,0.1819682593408389,0.3270440251572327,0,2
0.20928219523208783,-0.90783012356269144,-0.36338055742016356,0.97699484126274316,0.17853845820884268,0.11664089800065397,-0.041012716379531078,-0.3794317932020983,0.92431026793096638,-7.272869674629284,-7.1488701779696928,-7.7872164147657532,,0.09995096922384983,0.208955223880597,0,3
0.53030674741375305,0.84392835033817315,0.080991932579337345,-0.82487272239938358,0.49153296757649456,0.27924959020001217,0.19585644101963004,-0.21489597781469721,0.95679672513559011,-11.875859653039841,24.841987280316062,-13.121737873494782,,0.3876770865398886,0.3157894736842105,0,1
0.77909160586016579,0.61833388012987744,-0.10334158099119217,-0.58528089100229652,0.77647420478321927,0.23352534751890583,0.22463870616121953,-0.12145378540744672,0.96684353941287537,-2.115456192931076,7.4418312423997897,-8.2724399750299149,,0.08668223452089684,0.3414634146341464,0,5
0.73201162232636485,-0.63652670727456762,-0.24288420225555726,0.67539878654021412,0.72478768469932209,0.13608560264848271,0.089417358041533432,-0.26365993824316841,0.96046237461260253,4.1577332203860022,14.93443368092327,-7.5377852210124647,,0.3734533794867869,0.8690476190476191,1,5
0.97626640816447663,-0.0296350287783794,-0.21453593022833331,0.075645437341525373,0.97486346403843238,0.20956859090139784,0.20293266888069303,-0.22082343977099153,0.9539682072001493,-7.7586755729474826,8.1359857773075781,-9.7227693463055722,,0.08697953392891315,0.3285714285714286,0,5
0.97196734834829068,0.1306356653064209,-0.1954834946862341,-0.085910604801094109,0.97127396048076819,0.22191498749456856,0.21885804012533866,-0.19890001669671381,0.95526956490330228,-1.066686146742589,4.8402114938270442,-7.7099125534552355,,0.07377599763961143,0.2555555555555555,0,5
0.82630706111354713,-0.50081174867154987,-0.25769018830067542,0.55011850830722353,0.81576607866950213,0.17859264181376372,0.12077362117502484,-0.28933250298701046,0.94957908314344408,-16.449632534689488,-0.17865283335247675,-10.857247021156773,,0.07302278868526378,0.2926829268292683,0,2
-0.12329212955214561,-0.95132980481180129,-0.28243698990613159,0.98458255800696115,-0.15285186294654204,0.085049952746842628,-0.12408157501807261,-0.26759654420509776,0.95550816441855879,2.1852946910388416,0.8237811220229535,-6.3751925918067096,,0.07857802733705682,0.2415458937198068,0,2
0.83169445288490207,0.54280792152316137,-0.11680709469971956,-0.50571091678672364,0.82741028355820045,0.24423081563322516,0.22921781275288183,-0.14405479163791979,0.96265643472785301,3.0305026278212321,7.9282590740324475,-7.0402414233059281,,0.08267583843480204,0.28,0,1
-0.65092856211840999,0.74903398345000305,-0.12345079447083245,-0.75805352600274056,-0.65003880598245267,0.052956608952233038,-0.040581507281909839,0.12805327935639793,0.99093667754947956,-14.283532039286543,12.039579411068715,-11.960716791449107,,0.1770558436362719,0.3333333333333333,0,2
0.97689126668484305,0.073268892429191781,-0.20078626067807398,-0.021762956218869946,0.96862389702274165,0.2475764929331821,0.21262602571533779,-0.23748561118239972,0.94783477340189626,-26.307006108510908,-5.0852472409043852,-12.632609722071884,,0.08025833746106409,0.125,0,1
0.40465979992508117,0.91093619477442056,-0.080285088120347306,-0.8951092287628255,0.41253297225616997,0.16910356408162946,0.18716280321744727,0.0034345089006691367,0.98232290477235573,-2.0530240247763918,9.131349123286526,-8.5145760004052651,,0.1423549215994467,0.4285714285714285,0,4
0.95730239570965403,0.20666858266943694,-0.20213911077761978,-0.18260159252469621,0.97436389427193681,0.13142168750504793,0.2241177850506415,-0.088899372757268363,0.97049890259977245,-17.888550464835781,-4.8873335194391796,-10.669251857452695,,0.1331973622056349,0.4158415841584158,1,2
0.81992332136934398,-0.50418751860353372,-0.27114699548229271,0.55966665535868498,0.80559044787361989,0.19441518761249893,0.12041171850898029,-0.31115747842401553,0.94269933789439075,-11.897257743371503,2.929483517408376,-10.129157059933336,,0.08336856217522304,0.2807017543859649,0,4
-0.025483775780853757,-0.93047897212442587,-0.36545787665095403,0.99345381192364757,-0.064294479971057819,0.094423214410578368,-0.11135573962003922,-0.36065926063186554,0.92602634788333715,0.019121404424461631,-9.1430589650324823,-5.7518827188697461,,0.2160963206037008,0.2,1,5
0.35941364350588667,-0.90199191933503564,-0.23923296243645403,0.93309359826093141,0.34391559574752445,0.10515892680173666,-0.012576555422332745,-0.26102229877143412,0.96525084294072783,2.0813541843530028,7.2634466229038503,-7.1876546329223583,,0.1179872137198141,0.6590909090909091,0,5
0.46615257112402347,0.87094007461483269,-0.15545149360611435,-0.86432747774793295,0.48582495180683882,0.13004663552656504,0.18878504083840603,0.073739423863984604,0.97924598836239785,-15.502482387387634,12.115845060753637,-12.269298523342155,,0.5685810308402209,0.9205298013245033,1,5
0.34404182174019532,0.92468635735698346,-0.16306552490198967,-0.92249086565376504,0.36525186086396499,0.12490668885523555,0.17505949754028075,0.10745333244383098,0.97867663386210502,-10.051804631275051,-1.5917738667094425,-9.0845175337444193,,0.1248342614038862,0.5350194552529183,1,5
0.85613098069636984,-0.46212774275006968,-0.23125244490080404,0.49845460922432944,0.85655233034882294,0.13364545602834377,0.13631854765546411,-0.22968686239036026,0.96367069002350547,6.9459427679933334,4.0809542240847385,-5.5882498602386477,,0.08652396787910691,0.1071428571428571,1,5
0.96285871981359539,-0.13701316763338789,-0.23265957443008672,0.19766894464471699,0.94468304781475698,0.26172681844714607,0.18392953542584647,-0.29799552188998868,0.93667955829704408,-12.692929960902573,-4.1463166846386734,-9.514475731948842,,0.443593203203852,0.3054187192118227,0,3
0.78304245818373808,-0.57772290381535041,-0.23039261075114534,0.61292812899787086,0.77969366333731516,0.12805038084600737,0.10565802082539168,-0.24148299683165553,0.96463586128469458,-13.379711418401406,-5.5518972965408819,-9.456459583430453,,0.1536382804100778,0.5277777777777778,1,3
-0.92453218726901254,-0.30727900994932433,-0.22543257250925047,0.30345458643111362,-0.95140846980874472,0.052318615712810691,-0.23055487129422653,-0.020038303839044834,0.97285297846167751,6.8205146800899152,10.611933210856483,-6.4605919457635661,,0.1273144064313298,0.5714285714285714,1,5
-0.90500067134350626,0.398335596990255,-0.14934033962135038,-0.40212948985645602,-0.91556806436327465,-0.0051954697452137556,-0.13880078622107825,0.055352250979560126,0.98877220331879634,-11.092060228773544,-2.6510982719487592,-9.2973293641957522,,0.2059068993353644,0.3932203389830509,1,4
0.97609610259010515,0.076904414484119124,-0.20327840402084951,-0.053082196809921649,0.99133510401258296,0.12015403419858857,0.21075739344146777,-0.10649142024227885,0.97172058665263594,-0.71160647502009211,6.8845913296913421,-7.8644152855786427,,0.09374024359223818,0.2857142857142857,0,5
0.38443904535038065,-0.87785214016702484,-0.2856260499573931,0.92311544337322204,0.36286939083014907,0.12721510682468998,-0.0080311030343697756,-0.31257227196719128,0.94986002978403128,6.391902802972516,7.2434256713715639,-6.1344323208150238,,0.08566723012151344,0.3125,0,4
-0.081338602526315418,-0.96288584610999739,-0.25736137841584328,0.99045087678547483,-0.10692758821340663,0.087026154423543181,-0.11131528382909649,-0.24782521711863975,0.96238847112075765,15.858561469599133,-3.8059201868762282,-2.5339937983400329,,0.6677553453354378,0.8571428571428571,1,5
0.2099034039738428,-0.93965800736783922,-0.27015438214046311,0.97607393436982226,0.18535442792954168,0.11368118001994904,-0.05674712013846557,-0.2875527173170408,0.95608221357766965,5.8908671239712112,-8.0608548795336681,-4.4265837059856326,,0.08813823907028992,0.4905660377358491,0,5
0.22728190231079559,0.97374998746929853,-0.012405594928424806,-0.96308730660038744,0.22664353741550042,0.14524306115268037,0.14424207689574695,-0.021063448229832339,0.98931822706421024,-10.623027027574492,16.121931262627317,-11.567859380890628,,0.7139746982610681,0.3095238095238095,0,1
-0.90797253365257291,-0.28424784349383986,-0.30787829024085023,0.35009601146983987,-0.91833919356366722,-0.1846236938145901,-0.23025781395087877,-0.27542020447660565,0.93334080060856017,-11.655246148632433,20.121833889493463,-12.369428278933386,,0.5611673851753662,0.6666666666666666,0,1
0.33745280338247857,-0.90663271176996729,-0.25326415348000153,0.94038967578769828,0.31257923023332218,0.13402045552322273,-0.042342214883192904,-0.28339257360661269,0.95806877940125312,1.3010313000921729,-2.5985371488544167,-6.1978166389102576,,0.1292803965614591,0.1020408163265306,1,5
0.75282236148255111,-0.59347287347380906,-0.2846900779840717,0.65425179823539348,0.72211274615404808,0.22473932977477401,0.072201638191875001,-0.35544778841990421,0.93190331749050581,3.1517155904827865,-8.066626924920552,-5.0846475058822271,,0.6837981881069763,0.6869565217391305,1,5
0.90759392310760312,-0.30876807938338541,-0.28449172903978553,0.38812279922986082,0.87542969009156568,0.28806865574748614,0.16010610062120809,-0.37186708762685894,0.91437459811818433,-2.3572555416761261,5.6936617060293289,-8.1062089355833837,,0.09831331840228968,0.2644628099173554,0,3
-0.72141995969309392,-0.61700411372098074,-0.31441877394297096,0.64055177119088491,-0.76708973496015165,0.035591669572861424,-0.26314762051106283,-0.17572496171617302,0.9486169235519758,-4.6417227361316113,-11.316473135649913,-6.6045149541982644,,0.3324273565442064,0.3197278911564626,0,5
-0.48766647039361294,0.8672581012795727,-0.10022374678081958,-0.87299017172586002,-0.485517038651753,0.046490485573782755,-0.008341086493322462,0.11016619691984846,0.99387817932195732,-1.8807381433725723,13.16795630397807,-8.980565766646329,,0.5677143533353237,0.2330097087378641,0,4
-0.56157003602189826,-0.77128465759986409,-0.29959818356162382,0.80269833580732075,-0.59568279639870547,0.028937653097241774,-0.20078465164081041,-0.22423644446360438,0.95362652052037633,0.19811582081851375,3.235196446900054,-7.2291296137385022,,0.1034683161653467,0.3443223443223443,0,5
0.70325332693562381,-0.67336924018600486,-0.22805399475847526,0.70590111927951893,0.699490681939411,0.1114288817132255,0.084488862898601844,-0.23934630193771508,0.96725124957005948,-8.8782136846775579,-11.242255448131418,-7.741867785405093,,0.1373092813148888,0.6666666666666666,1,5
-0.21914257178983451,-0.94270051663672694,-0.25157954837821356,0.96520194183387187,-0.24716582978494733,0.085406463846959005,-0.14269458542446756,-0.22410887648544209,0.96406092482320482,-14.54188704907453,4.8716679825736211,-11.061279377535728,,0.4069691554135016,0.943089430894309,1,5
0.93658583037075482,0.28850937847148656,-0.1989203883032592,-0.26710488730943133,0.95516532422717293,0.12772698449981207,0.22685229010115568,-0.066494675937218667,0.97165657335699918,-8.8058363419724426,-0.28293808161014383,-8.9783012189844449,,0.07680324199428372,0.3710843373493976,0,5
0.77137806939481313,0.60541374258268166,-0.19608690509251642,-0.5952561753668667,0.79539315079047257,0.11410443182986012,0.22504657238967493,0.028704284830587512,0.97392510199092019,-3.1213439580142914,-1.4755731628093587,-7.401109838361025,,0.2595705767097455,0.9020576131687242,1,5
-0.89376933310461526,0.4032662652901835,-0.19634841094503297,-0.42251515657315836,-0.90388806284717271,0.066837955596696197,-0.15052349207911556,0.14269789459306637,0.9782535403518946,0.65060531416918832,2.3099120240352291,-7.0080475723044922,,0.08108811302672055,0.3246753246753247,0,3
0.97420218965783656,-0.038632340284979624,-0.22234575766130998,0.08280227288918747,0.97771467934685163,0.19291912656361418,0.20993779381107386,-0.20635296962677521,0.9556906270629375,3.7703532212009301,3.5061803071617694,-6.2888907383143779,,0.0690594679773502,0.2285714285714286,0,3
-0.54716912732136491,-0.79142684939746,-0.27248759267017275,0.81140888175670911,-0.58144877560235919,0.059438606619301476,-0.20547888629419506,-0.18857588234800149,0.96032159399024775,18.27550405422847,0.24559242731840114,-2.4270978707234061,,0.1181789996175961,0.2222222222222222,0,5
-0.15945083114430858,-0.91302534557869286,-0.37544660176687977,0.97860227328635285,-0.19628482974922454,0.061724033642501869,-0.13005007945469296,-0.3575709495208283,0.92478645799589987,-19.883561540321775,10.894323438221795,-13.32036576699511,,0.2210855638508242,0.3846153846153846,0,2
-0.70837725584958544,-0.66207531414430387,-0.24465882734071245,0.67198075656850287,-0.73865190546198833,0.05324683426267033,-0.21597112352495992,-0.12668717755990661,0.96814608032324934,6.1720499780880278,-6.3366758601815434,-4.5639950206520119,,0.07378238683729466,0.1875,0,3
-0.27515780181063149,-0.91490297292877731,-0.29536542490417872,0.94879831242490298,-0.30799645677084819,0.070142319296263758,-0.15514492077537431,-0.26094201030628977,0.95280602475788068,-3.5802818906884948,-5.107826104267688,-7.1649382057276458,,0.1898712091650026,0.2123287671232877,0,5
0.97722280547950802,-0.0024030050912798805,-0.21220229503304441,0.051291330559694849,0.97296474520430765,0.22518615410129689,0.20592422844380417,-0.23094118332607591,0.95092659126968171,3.347037193627826,-4.1576203519277843,-5.5030711351538395,,0.07791231432301118,0.2025316455696203,0,7
0.78145004330221346,-0.5373907665967721,-0.31709145967607039,0.61294437202637131,0.75623356925098606,0.22893227282126483,0.11676911673967902,-0.37325856013552611,0.92034940140220012,13.368880428695014,10.672061131063524,-4.7238661593084883,,0.3219337843865791,0.5,1,3
-0.87811422622177027,-0.3961194288419948,-0.26833710850501596,0.42637751570690557,-0.90232980129879437,-0.063270402145753371,-0.2170659342378449,-0.16997154991930172,0.9612450532572232,3.8946314725144231,7.6176523057269092,-6.756635117193067,,0.6486676014307126,0.7131147540983607,0,4
0.67243165545491634,0.72603279565853096,-0.14391681059007255,-0.70826244071968869,0.68763819378634283,0.15974363684368126,0.21494181493592762,-0.0054858066420676857,0.97661144889742924,-21.560793810663125,-4.4936482574733123,-11.64368883599399,,0.07063803481908923,0.3809523809523809,0,1
0.97267603835061134,0.15730013423576245,-0.1707571146042548,-0.081145881733910075,0.91944402410922044,0.38475710832610921,0.2175239533848761,-0.3603877832269764,0.90708542894512423,-15.97832942567463,-2.9917290981555555,-10.446419586779545,,0.3018634666453348,0.3670886075949367,1,3
0.87661379218557545,0.43496026172404662,-0.20581017970687285,-0.40898992960467073,0.89883168957813298,0.15757167033476299,0.25352612652741108,-0.053955208562933323,0.96582262276100139,-3.2629880947703267,15.334539012213549,-9.5647628416498023,,0.1240186169985405,0.4482758620689655,1,5
0.04495218107511325,0.99865111321770661,0.025985678471543001,-0.99314148303507277,0.04186356611631023,0.10916701199044677,0.10793190488213969,-0.030714750545324448,0.99368370622016955,-8.6035406839741562,17.445859397240273,-11.170921893057747,,0.2161226697795265,0.2727272727272727,0,1
-0.80484150672555799,0.55885495322924716,-0.19977810266109797,-0.581675289396831,-0.80961686477041805,0.078577286695523371,-0.11783041524515302,0.1794482474989752,0.97668537396272115,-1.5302552045990123,-1.7267947032943354,-7.0344740021133934,,0.1698913184698925,0.7938775510204081,1,5
0.67150246803917168,-0.70525346654233023,-0.22738070135199934,0.73730762529357396,0.66652450550014941,0.1101024488907128,0.073904675773943565,-0.24158359111870034,0.96756160909832556,11.349509782433081,13.628236889075454,-5.5529748551138081,,0.2805722046286403,0.873015873015873,1,5
-0.3565178110841381,-0.90273192767989208,-0.24076984264463075,0.91904500905297304,-0.38521740096864981,0.083449537600748955,-0.1680812949575152,-0.19152707573161509,0.96698813723183852,-17.702982539689817,-1.9628511077634363,-10.981913623940461,,0.1008361387369329,0.3857142857142857,0,3
0.48188140166153048,0.85672407138030371,-0.1838863242611459,-0.85572622721952751,0.50526233766096573,0.1115463768573863,0.18847530018905057,0.10360422606695441,0.97659778084926818,-18.645100249437373,-6.8606843460911744,-10.549980782000745,,0.1038942564162575,0.6470588235294118,0,1
0.29004699081981566,0.95464292501132209,0.067302517354083644,-0.94422885640051946,0.27400787440759355,0.18262407153275131,0.15589935810302996,-0.11651854139345985,0.98087655678714436,-20.266556089168493,-11.874057052681438,-10.339321054383174,,0.4859694713384402,0.4130434782608696,0,1
-0.68340360704157932,-0.67408697056638034,-0.28029674631575446,0.69529383481155427,-0.71803181125777205,0.031572160124489143,-0.2225443622193149,-0.17331207151991213,0.95939404454576194,7.0053055251848662,17.470118357977224,-7.0885961365427121,,0.1469966508649252,0.2727272727272727,1,5
-0.84230589470671635,-0.45657809377533054,-0.28645632132456894,0.48001849308193034,-0.87715636749078318,-0.013377341654011233,-0.24515918510566143,-0.14877214542669212,0.95799990746527153,23.613174656479313,-0.36912201827333979,-1.0590075396814038,,0.1591881210494723,0.2307692307692308,0,5
0.92314003006422907,-0.30466206461141754,-0.23450695358501486,0.34020701795590202,0.93144098916581797,0.12913895088375446,0.17908564941549154,-0.19899424637037294,0.96349863522732671,5.4013517999688334,7.5674076341758401,-6.4063318138071148,,0.2106308864637377,0.5425531914893617,1,5
0.65207134311225967,-0.71047271433643255,-0.26463462675015936,0.75557951756825736,0.63774181926664908,0.14961605725918981,0.06247044199534553,-0.29751284701990172,0.9526717953917917,8.997644237706,4.4450569588931552,-5.1078151221313197,,0.1142108345003874,0.46875,0,5
-0.93833049133458923,-0.21784079548027602,-0.26847956506279935,0.25385044256594402,-0.96128114648128649,-0.1072311066281561,-0.23472503454225691,-0.1687718733798533,0.95729839283004781,-15.305765224948802,-1.366796728858642,-10.461448480856308,,0.2870311257315395,0.1538461538461539,0,2
-0.95490050675185212,0.21567037564686667,-0.2040865288876145,-0.1913684733050306,-0.97255274690842841,-0.13236034869163824,-0.22703112039973167,-0.087335236584151488,0.9699636213904278,19.285309687392072,1.0888242989423305,-2.3075188922137828,,0.2889101585560491,0.52,0,4
0.97668536326599908,-0.026430943679472102,-0.21304249904226702,0.067656689273346962,0.97971647722498234,0.18862183503093879,0.20373579356247523,-0.19863793562681192,0.95866297359989117,-24.64190034039316,-12.08167224568879,-11.319981804868251,,0.1717085156627309,0.3,0,1
-0.23337980714282427,-0.92784543811989084,-0.29092388794680701,0.96229562961957804,-0.26336765402834106,0.068004411817676053,-0.13971752514641156,-0.2640839294082778,0.95432630237002603,4.7482265754220601,-6.2646140213965369,-4.9356175086452545,,0.1159361553588304,0.2564102564102564,1,5
0.72485445534631165,-0.63168531277661144,-0.27488121832332735,0.68490336091483706,0.70372280044055457,0.18889575523993329,0.074117506516091822,-0.32518900006368384,0.9427400009893605,3.5425484485957437,9.8843106954226805,-7.1330239535624411,,0.1142556201050591,0.3,0,5
0.049370355000358489,-0.87632915131870537,-0.47917615403542063,0.99488973208152609,0.0008427908220388523,0.10096390791951602,-0.088073770476168378,-0.48171205948436563,0.87189248345277282,-4.7299934574279394,-13.866816501679569,-6.3599971639209478,,0.314902346397212,0.25,0,4
-0.35862316005187933,0.91746249804526081,-0.17219754282496003,-0.93335198300394806,-0.34933573710522053,0.082574927210081722,0.015604643443601992,0.1903341994012171,0.98159532784202685,-20.521449167308027,0.50835650694814971,-11.995773675464445,,0.09761387526709261,0.4285714285714285,0,2
0.89367081601604026,-0.35128972941874193,-0.27919168792450083,0.42605401061769604,0.85953864582311335,0.28226104296049198,0.14082063995665164,-0.37119919496339926,0.91781300111772424,-0.32026364387512413,-8.152581994770788,-5.9372375757043736,,0.1840129491445015,0.2365591397849462,0,2
-0.74031575713192066,-0.62888568151986257,-0.23756131697203797,0.63445286090136221,-0.77043910464506371,0.062395138655100185,-0.22226593764287808,-0.10452935287760322,0.96936652889952934,-18.034819859587014,-6.1518407082300479,-10.510178255456118,,0.08456151966713435,0.4848484848484849,0,1
0.53726366159667438,-0.78290344830659986,-0.31370359984764123,0.84257825850992263,0.51478056831150354,0.15831249090097566,0.037545122374552167,-0.3493753813858676,0.9362303171054438,6.7129600301323853,5.2283751506781551,-5.7839021939260915,,0.07860933940402111,0.3636363636363636,0,5
-0.78349291109604136,-0.54459585194672477,-0.29925610487452137,0.57832359757176399,-0.81523573048054476,-0.030537194362018828,-0.22733383987849667,-0.19699254247375023,0.95368404802420037,-3.4090566236872939,19.193748064751198,-10.089574414972244,,0.1346929580373536,0.25,0,3
0.97291335230055875,0.08536783202857294,-0.21483003088495081,-0.024846791782148207,0.96254902903691064,0.26996667134710139,0.22983090708915135,-0.25731634218378097,0.93859791934125669,0.9863995932431936,7.2279207965153729,-7.468831103572712,,0.2560549049594802,0.514018691588785,0,4
-0.89726765468262448,-0.36892852843790175,-0.24249226124762815,0.37845435974306341,-0.92558677209556106,0.0078374047483091742,-0.22733907154691146,-0.084740003695804894,0.97012168222436135,-11.594992155640742,-1.5277316377410299,-9.5189572927687784,,0.1226530857266142,0.3398533007334963,0,3
0.30118186695527172,0.95350078808441019,-0.011212945186114752,-0.95147987336784023,0.30127949107007385,0.062583694653456701,0.063051832592374291,-0.0081801823309217599,0.99797672869850895,-21.095928173877468,-1.4637232097762312,-11.869416393765814,,0.5231100842691244,0.7173913043478261,0,2
0.32824886324728453,0.92692941511764004,-0.18180908438946555,-0.93021882072493889,0.35065834074609409,0.10831285073480895,0.16415123924591724,0.1335686619490756,0.97735038916407257,-14.377538723433615,-5.0511972917554537,-9.7416065353461132,,0.1633855852330867,0.5683453237410072,1,3
-0.82185335638064394,0.55517571942851807,-0.12781620070592303,-0.55516587082383784,-0.83082358628710495,-0.039025944465735075,-0.1278589710512292,0.038885588925209089,0.99102976468704507,-14.341138762930662,-6.7097293021934155,-9.5575246214694403,,0.1278635033916355,0.3478260869565217,1,3
-0.53675827031695622,-0.71967125431975487,-0.44041326609467524,0.8204610770684585,-0.56695967045699902,-0.073487094723872007,-0.19681001057368411,-0.40078674850987878,0.89478254450836558,-25.431398309146005,-3.8726076533960474,-12.606203992210681,,0.3189649216480344,0.2307692307692308,0,1
0.91823963592189095,-0.32208267492905646,-0.23043159838133817,0.36103229330415182,0.91994589103569524,0.15282421522156411,0.16276257006320427,-0.22352250015845332,0.96101302681562872,2.4354531750018396,-9.1764970606632552,-5.1829712240545618,,0.07979505362714505,0.2727272727272727,0,5
0.69962031569755923,-0.67992233344650321,-0.2196293112130307,0.70989972838175008,0.69632877907164858,0.10568163076006019,0.08107890913650484,-0.22985180425058743,0.96984244007776088,-10.799567983761293,5.5799436379768297,-10.177759254538319,,0.1123165734708247,0.5612244897959183,1,5
0.89405623091436137,-0.37007834080317747,-0.25239944063245129,0.42357313298368954,0.8817778099302056,0.20749384311124139,0.14577124880300882,-0.29242078514199027,0.94511418751352716,-15.341658041937858,4.1048751726907753,-11.180216329245992,,0.3752486595307707,0.3148148148148148,0,4
-0.97783034575815497,-0.0035976949484800543,-0.2093677900383572,-0.014187906731009517,-0.99641638754939699,0.083385166100470434,-0.20891749141007823,0.084507036476665937,0.97427513699614254,-2.8141549875760341,2.3664771815134102,-7.8330018572941063,,0.0823200050670488,0.3271028037383177,0,5
-0.60433852211023786,-0.73593967400331317,-0.30523392164291324,0.76847855839578993,-0.6395480863297357,0.020468281752574827,-0.21027519107004325,-0.22219595293315225,0.9520574050552767,9.0990266273150766,0.17087834555256082,-4.5921000907998035,,0.08886328756218435,0.3095238095238095,0,6
-0.15760905238129977,-0.91902478200269055,-0.3613209607431816,0.98021621524660896,-0.18996115083976098,0.05559615579558793,-0.11973119048553064,-0.34541020719796428,0.93078259050563339,-18.274282453346153,6.0964886193617991,-12.181784317455167,,0.5829721529134443,0.1304347826086956,0,3
0.96811693383991748,-0.098760883823830747,-0.23020836266029027,0.15536829834341961,0.95761378766581839,0.24256241576590959,0.19649502355598225,-0.27059586378704975,0.94242643438046358,-6.8638357836615675,3.5164745762355798,-8.9919627590913986,,0.3092078913665516,0.5765124555160143,1,5
-0.88614488919770307,-0.37351608925987234,-0.27428628549893241,0.39679462783402319,-0.91732301875254829,-0.032749085311984658,-0.23937681314373346,-0.13785575914964024,0.96109028243887018,-19.206488925738022,-7.7928902546950942,-10.610485637024565,,0.1465022051310569,0.3333333333333333,0,2
-0.68608946256779502,-0.66969695545694863,-0.28423095750661431,0.70064434640280882,-0.71343681254178004,-0.010267149750777499,-0.19590494941990078,-0.20618899670428048,0.95870086493695617,-22.27106276076125,-6.7207631656228894,-11.502125332269429,,0.3341942174461248,0.6222222222222222,0,2
0.88041377736788429,0.43710565020948738,-0.18387558613300137,-0.41054770963951281,0.89664748628400737,0.16575241612212346,0.23732289971800832,-0.070441010040405469,0.96887352393071635,20.788387821014066,2.0559660618148237,-1.993582358779131,,0.4011183046651457,0.5151515151515151,1,5
0.63000117767310704,-0.67732110605429574,-0.37991398424364919,0.77311262627345201,0.5932748911527479,0.22432514487738847,0.073453272405414813,-0.43504140357106358,0.89740937924219144,3.9071514815471962,0.70177434296965802,-5.9570071882243534,,0.4323822220941504,0.38,0,2
0.95898218679854419,-0.18198577413107894,-0.2173346346466522,0.21359319485159867,0.96797213361739065,0.13193898458485925,0.18636285176013184,-0.17294833492725112,0.9671389563706565,7.6630210199072506,-3.2912903351335911,-4.5728349805366735,,0.2414991500470544,0.6162790697674418,1,5
0.97314561433261548,0.1290127217415756,-0.19063926912896767,-0.072219228422761628,0.95748125627641245,0.27930991197120741,0.21856805885402641,-0.25804139495083611,0.94108588457197129,5.3070323921527391,9.7558964727096296,-6.6820765707336651,,0.1411683612874818,0.2380952380952381,0,5
0.96972933801740047,0.14105082856451803,-0.19932304119092117,-0.10272924982567549,0.97619660614384396,0.19101541137692354,0.22152135838015413,-0.1647569419311499,0.96113653445642566,-15.602685660414902,0.5456642645847869,-10.801589326847237,,0.09077855330239466,0.2380952380952381,0,4
0.42981317972937105,-0.81632975635634974,-0.38583203524086845,0.90291049970461412,0.39031511526032875,0.18001872214433959,0.0036414357184966881,-0.42574621511705757,0.90483528902193555,-16.501198233032614,20.454998369765672,-13.737483095650983,,0.3965731856766372,0.303030303030303,0,5
0.27025731629084393,0.96211824423712156,-0.035909150607477028,-0.94889267069840755,0.27248525356576603,0.15923092062801533,0.16298368779149608,-0.0089593914570075903,0.98658808365933848,6.8157654423572334,-8.2986635832486737,-4.2083359063614454,,0.2650107008451148,0.2105263157894737,0,3
-0.51947799554224117,0.8476120339772002,-0.10815013640514055,-0.85438725872539933,-0.51714489641574324,0.050828813077326215,-0.012846177451465501,0.11880654850716654,0.99283431636738961,-21.533886066714746,-7.4051968913671393,-11.199252938718887,,0.1302209389140481,0.5106382978723404,1,3
-0.92574511741827703,-0.30801601808602952,-0.21936752307177618,0.30076593661376194,-0.9513712523339285,0.066577711025675099,-0.2292069565895985,-0.0043442876284201185,0.97336801787193261,0.35100873140044081,-2.1893022684827885,-6.503062630616129,,0.07205093182230464,0.1639344262295082,0,1
0.83134374133480859,-0.48282656946502955,-0.2752200711468451,0.54138979646047602,0.81545301800686942,0.20477661905592101,0.12555744514734252,-0.31924109892387026,0.93931914104097392,-5.5347621835497707,11.106194546949354,-9.6368656751489308,,0.08959368386761848,0.2857142857142857,0,1
-0.22982740414508623,-0.94082292545624746,-0.24906141258709716,0.96241074872871124,-0.25775914534160438,0.08559073386884912,-0.14472358147646053,-0.22002828438342797,0.96469821137800027,-23.245796330141875,4.1501200604906181,-13.217773119809317,,0.0893361679105575,0.4210526315789473,0,1
0.92890016460950042,-0.28697829893841736,-0.2340682381846296,0.33016643721567801,0.92803580332030089,0.17245193965841904,0.16773374116363643,-0.23747211140270283,0.9568032129864501,9.4060168567899645,15.355197540083743,-6.2865680115512017,,0.2039260459222914,0.65625,1,5
0.85969728261023137,-0.44373145190690433,-0.25302762865184408,0.49156797855429402,0.8533463755589118,0.17366889698652044,0.13885785801541803,-0.27368295874800119,0.95174373302812521,11.186860480185372,9.5763368109137872,-5.1256141967922471,,0.1103748628913877,0.1578947368421053,1,5
-0.8894973855053846,0.4252701274910442,-0.16715178683709789,-0.43453763148714625,-0.90039483161189204,0.021591526767042648,-0.14132037362186922,0.091839348159390849,0.9856947225835353,-6.5741419887549508,1.3945060163777618,-8.6293647867393553,,0.104207012826645,0.2706552706552707,0,5
0.94245845024187869,-0.22309315522675402,-0.24900103144093583,0.27411447402511246,0.94202966329536153,0.19349772247126243,0.19139834037319761,-0.25061835041074143,0.94897687945480891,-8.2928934071467104,-17.504459045799294,-6.7509754761486711,,0.3256342969026808,0.4411764705882353,1,5
0.95606913199924948,-0.19482584414180337,-0.21903128838738203,0.226534151422214,0.9652571957607331,0.13023372939275135,0.18604863094798668,-0.17413051566730262,0.96698731658477333,10.378386536744728,3.9164088011260731,-4.7177577515993221,,0.09453637751273762,0.3157894736842105,1,5
