axis_00,axis_01,axis_02,axis_10,axis_11,axis_12,axis_20,axis_21,axis_22,location_x,location_y,location_z,dbh,dbh_approximation,score,reconstructed,number_clusters
-0.85918659407192022,0.41968706735499112,-0.29267928191462428,-0.44690924706374757,-0.89408023142879167,0.029877494157844388,-0.24913956220561831,0.15647141995650513,0.95574378014234951,-1.3748675108647228,1.7682858761420579,-1.6192179188644813,,0.08158966814870579,0.5615615615615616,0,5
0.17826386408464681,0.96365523471597603,-0.19897382583171194,-0.97544178009642157,0.19965095162229626,0.093020595346604659,0.12936509731738244,0.17750517209594022,0.97558012765495383,-4.6140644983639332,14.956587669479671,-2.7860566378901201,,0.150287466145723,0.2,0,5
0.75472630182964595,-0.52131170984645669,-0.39827416499631096,0.62214054015842735,0.76136684820300504,0.18237782416950091,0.20815705036804602,-0.38542784491313659,0.898952734434736,-7.662996647061747,-23.660610341096799,-2.6967439413922025,,0.1150854682291772,0.3333333333333333,0,1
-0.93288881314340988,-0.18539548126893671,-0.30878305950446677,0.19152992973059532,-0.98142941465044853,0.010610847104284704,-0.30501598044901357,-0.049242457127326375,0.95107330531709799,-2.4254070677197732,-14.146236706180419,-1.4577719407857397,0.1567394100427796,0.1758303764602065,0.3428571428571429,1,5
0.39598824307141112,-0.85750517703885698,-0.32844814309229309,0.91444910353917208,0.40079210682963462,0.056111711250571683,0.08352334036436676,-0.32256868796369731,0.94285380264373819,-9.7972018025303989,20.075302624289957,-4.6295387895716589,,0.07730368764913537,0.6153846153846154,0,1
-0.07268152088365995,-0.93064562312861454,-0.35863089754452437,0.99530609339876275,-0.09071889357414234,0.033702563581681957,-0.063899741512247019,-0.3544979640283375,0.93287084665265008,-8.7178837645038474,7.9501662887968498,-4.0248055492815284,0.7431526669751115,0.7594600149947592,0.8528428093645485,1,2
-0.94885275673187863,0.12345116158486324,-0.29058261604174118,-0.12378846124610383,-0.99215787706014191,-0.01729635365716994,-0.29043908639271648,0.01955908205565933,0.95669356609339873,-13.113092246315553,-11.098617138163295,-4.8461910625937445,0.3731504296664315,0.3162417535064516,0.9166666666666666,1,2
0.79424524101415783,-0.45860130997864507,-0.39857161917556749,0.56634767242209849,0.79635995275651306,0.21227609283128462,0.22005638156716614,-0.39432938532591705,0.89223288708725079,6.9811528990080864,-10.526814968227677,1.2688162270280825,,0.5104064286028188,0.3125,0,2
-0.93474891468791532,-0.14070257848053516,-0.32626254902868218,0.19311563864086795,-0.97196696724368026,-0.13411399889441994,-0.29824623484982021,-0.18836931543128677,0.9357169360452201,-3.5670715296921336,-2.163283544479949,-2.234669246351539,,0.1027471472647217,0.2435897435897436,0,4
-0.36771717057689979,-0.86252812294790737,-0.34760512019658141,0.9172742275977287,-0.3978946014408607,0.016966954034531568,-0.15294467577496912,-0.31261017780644845,0.93748749478801663,-0.79773972499123114,13.098130886731278,-1.5872785380340551,,0.07485719928528942,0.3225806451612903,0,5
-0.91926324795779435,-0.21835173661774104,-0.32753259390494671,0.28205069517315984,-0.9457762817698353,-0.16110440774218887,-0.27459513161457055,-0.24047815692415994,0.93100363572648592,-7.5180745123178871,8.4711629979086407,-3.6518091426883799,,0.2204845438341513,0.2375,0,3
0.14533242912786917,-0.86442834977800942,-0.48129212869509985,0.98938025779118832,0.12809744723222163,0.068685875590473608,0.0022782749690734108,-0.48616321550756586,0.87386505671671622,-0.1492505638905065,2.9057680879482457,-1.2484045198819547,,0.08309190597520436,0.2185430463576159,0,5
0.94204729971707946,0.20527548833205755,-0.26534667698276448,-0.1589847208006514,0.96965858897090884,0.18570427939842019,0.29541622103009024,-0.13275614759770238,0.94609992158720702,-8.0322852014782278,-6.740982127332579,-3.4511720106068871,,0.1519658144144925,0.2972972972972973,0,3
0.79139385880635449,0.56130055524072997,-0.24215170230670727,-0.55233599626510788,0.82630332806728524,0.11021686465672627,0.26195554484190364,0.046524151914642667,0.96395788072674882,13.888183335671544,-0.83532354774255635,3.0731559935274375,0.4184028068597352,0.1543134914348684,0.4,1,5
0.95029823009942282,0.16933973720729209,-0.26126103282439522,-0.10310495928161199,0.96296605171105931,0.24912998740326464,0.29377311184218619,-0.20981047794278271,0.93256470129636571,0.16643628634937183,-13.616861730805306,-0.70147812755459416,0.5684525945914803,0.2811346591557425,0.1851851851851852,1,5
-0.66441869500113215,-0.62746009024559302,-0.406006936987516,0.70523963970850623,-0.70618821273871268,-0.062731640921620035,-0.24735571211679921,-0.32801226095665248,0.91171437870930627,-3.1261846819786316,-13.169203565587448,-1.7735966997541055,,0.2518590488388431,0.2045454545454546,0,5
0.27979935703190012,-0.89669750966849882,-0.34299547512882689,0.95902490199526125,0.27762562875867158,0.056526521291632575,0.044537143571589506,-0.34475728623288976,0.93763471375147955,-7.6671793290236376,-0.6311420561811304,-3.4951457497517811,,0.06666416915314446,0.2268518518518519,0,4
0.9475670975461179,0.15632299350066181,-0.27871081312180651,-0.12470021666593625,0.98391646037846825,0.12789939389917124,0.29422177283725121,-0.086437958671516824,0.9518203757480751,7.9154063901841347,15.130739321684127,1.0466920803926334,0.1972117243494051,0.1819619629195211,0.2727272727272727,1,5
0.72408242012925328,-0.60427232714642554,-0.3325050428261293,0.66323252819387069,0.74232948336201643,0.09523419384364068,0.18928090871857517,-0.28948556574814682,0.93828079209698489,-12.019816069426666,-2.3070102763254798,-4.8344091159254781,0.2634900518368324,0.1575062270949957,0.5806451612903226,1,4
0.7792006491780018,-0.54206589553415685,-0.31465999621707946,0.58823735770992702,0.80577758519886322,0.068551398129663807,0.21638659689320702,-0.23851005867644426,0.94672582757371504,-16.098689473311087,0.48888069970960218,-6.2937427367821073,0.1710702233113201,0.118882629410846,0.7058823529411765,1,2
0.01571249079640237,0.96564491503600391,-0.25938969851958615,-0.99869075226630299,0.027787189859372934,0.042949428604875245,0.048681608136328935,0.25837525064299011,0.96481725258436035,9.168551185632019,0.67505269741602758,1.6242874291003049,0.2676094575985422,0.2705794918032097,0.89,1,5
0.15656193425388301,0.96789572313275907,-0.19663730542294167,-0.98151471749256747,0.17466116880601307,0.078245354218650587,0.11007824529927573,0.18075216527784627,0.97734918768022816,23.352711677030719,-16.576934723266266,6.7742343767240953,0.8064472786439703,0.6074987290134893,0.5,1,5
-0.36391964824183654,0.92506072700586495,-0.10874346405608772,-0.92868504309933586,-0.36932278852292943,-0.033834429228699274,-0.071460341078966302,0.088675415020327386,0.99349388041590381,10.981168914357605,5.8725612706947956,2.1027762308172742,,0.08471770890770876,0.1428571428571428,0,2
0.95230252490459866,-0.043346367645430074,-0.30206124126122669,0.070374512658049046,0.99437363955301339,0.079173814675280021,0.29692983856202099,-0.096654836268242145,0.94999500714345408,-3.481404773268908,2.7787938211547227,-2.2391174853100546,,0.3513718639545525,0.7358428805237316,0,5
0.18772740820076833,0.96851329474473091,-0.16352497703081539,-0.97240585387152423,0.20673508622601802,0.10810855414588499,0.13851092219249345,0.13871770624483196,0.98059783928354549,4.6350797133070154,7.3667379622830804,0.15655945344400302,,0.3225129243710231,0.5432692307692307,0,5
0.76438679749897331,0.58608899936685621,-0.26872385199386389,-0.5804956217121533,0.80696527669376106,0.1087744243082063,0.28060231107794426,0.072847285685318425,0.95705570161093423,10.920339218387079,-1.2201296474770875,2.1555626041494182,0.2167045013136768,0.2114204583861702,0.2558139534883721,1,5
0.89854923079569005,0.33296617845656967,-0.28590698459551656,-0.32555302956592547,0.9425783337905248,0.074574188625322238,0.29432041175718832,0.026069305182632799,0.95535118493168425,5.8660303481865332,9.2885653798745071,0.53884568727017601,,0.087876213911767,0.2894736842105263,0,5
-0.31448545004371298,-0.89718299889312147,-0.31009928766114098,0.93889725605215024,-0.34212936750337919,0.037675435889705976,-0.13989583370688663,-0.27930299387740465,0.94995736394986285,-8.3142988181321975,4.921289888646637,-3.9172610691354368,,0.07152645064990877,0.2429378531073446,0,5
-0.9650531216554793,-0.013082873139114468,-0.26172755073442505,0.054141163874924944,-0.98715884159368483,-0.15028691173113901,-0.25640048119549963,-0.15920508752499238,0.95336904362837183,-8.661832434279173,10.044177858992354,-4.0829975109669636,,0.3509243774378874,0.15,0,5
0.73613796446644497,-0.59236532216416049,-0.32742055886664906,0.64597158237774355,0.75930275705378147,0.078613217024363122,0.20204358943453871,-0.26937455007456806,0.94160275049541542,-5.3493545486692806,-0.33791817802370244,-2.7885607295385153,,0.07199175697010814,0.3089430894308943,0,5
-0.88357191513744082,-0.3382560321828762,-0.3238572640412028,0.37721569291762358,-0.92389948340219619,-0.064172155845303239,-0.27750494013086224,-0.17886475690044082,0.94392711950759944,9.9152094811823979,-19.600579199562997,2.6582310742845014,0.3104219727473471,0.2626273705438699,0.6216216216216216,1,5
-0.94385755900875412,0.14447091699446904,-0.29708763428458923,-0.093437203850849915,-0.97933140076972336,-0.1793864443121243,-0.31686337314143986,-0.14155621360148557,0.93784830391286611,7.9070813772366009,-7.2211894507700682,1.4902350027479732,,0.2977787402518884,0.4464285714285715,0,7
-0.93812354632492756,0.18245215607558907,-0.29433895864140902,-0.18929282810060588,-0.98190617849205253,-0.0053368407140278809,-0.28998696015582276,0.050709637964604488,0.95568619094192364,-2.2236065979755741,4.9173824317570229,-1.9151966005789223,0.3781065147364297,0.3469955005621619,0.5227606461086637,1,5
-0.51675699051117152,0.81639122356484162,-0.257813077333438,-0.84721557123996094,-0.53098586879956633,0.016726714671922625,-0.12323955779855449,0.22706690032118279,0.96605001639260191,2.4221107497263001,-3.7467751708504946,-0.31752762079701902,0.346514996892655,0.2800813537744991,0.8231939163498099,1,5
-0.94105778987681143,0.17226579676279613,-0.29109230731479441,-0.18423006190843982,-0.98278364081337766,0.013985694076977835,-0.28367150086214887,0.066789300155649142,0.95659273935323963,7.4363589495502289,-6.0103461724195144,1.2571091642699299,0.245259401557254,0.2511666981259351,0.8715596330275229,1,4
-0.80298899537742496,-0.48628941338358511,-0.34457405551463305,0.51887859714498541,-0.85484347140139094,-0.0027642046360887218,-0.29321267832002895,-0.18101172844174171,0.93875506892848648,3.9898041152678276,-11.261446802941618,0.3618310802695493,0.1651033958767212,0.2178772636005586,0.4615384615384616,1,6
-0.01835461749480112,-0.92081599620685095,-0.38956515391678082,0.99862162855950765,-0.036046029680780432,0.038151365865591202,-0.049172665066858509,-0.38832793470704358,0.92020838082272738,-5.9371630850013402,6.9280502935542652,-3.1496299368295051,,0.08046049693148315,0.2644628099173554,0,5
0.60617666394919678,0.75987751207902055,-0.23481060180498872,-0.76475016844802923,0.63796777825934259,0.09030112824073569,0.21841939461076657,0.12483301061593038,0.96783763489462937,11.255154170328071,-19.993183805236935,3.0272274651178321,0.3244485886732541,0.2681890318555141,0.4615384615384616,1,5
0.45174812754648802,0.84644862157428846,-0.28186585513897816,-0.873678736457835,0.48368705862872102,0.052271357133093575,0.18057988459316607,0.22264671645924092,0.95802888522749463,-3.5815878588991565,6.9842242070883627,-2.3326818833882643,,0.07169157744904012,0.3275862068965517,0,5
0.94655565563468924,-0.10347375966829729,-0.30549234335100911,0.14185065458903434,0.98417842594863347,0.10616599121155686,0.28967357935898452,-0.14382630829364057,0.94625747577706165,2.4186139420017474,6.1817098863041684,-0.50446762791670008,0.4743384551997853,0.1850573929041796,0.6396103896103896,1,4
-0.21350387223243186,-0.92089360228393657,-0.32614578000377875,0.97081052623578912,-0.23733656178202653,0.034616160839664345,-0.10928411911869269,-0.30923507193396116,0.94468547760323385,-5.6934880253310425,4.8559022573689372,-3.0030513193405568,,0.06679814113017184,0.2127659574468085,0,5
-0.73953673051445412,0.64464266088045541,-0.19370406292320538,-0.63853383373866379,-0.76291907983591822,-0.10113862167006002,-0.21297879563701988,0.048890872310495249,0.97583283159244161,-13.275645251119434,9.5734156486945476,-5.6071998010257778,0.4686107557012844,0.2078950529399902,0.32,1,3
-0.47315359903966397,0.83953204500970602,-0.26704235079409155,-0.87493142029269266,-0.48325603751794677,0.030961459705013301,-0.10305669071159473,0.24829326934952245,0.96318729793083391,15.838348886134179,-6.5378276140088873,3.831715312307161,0.1384283522777949,0.1046613488034153,0.4,1,5
-0.26873592392661677,-0.89390854504889161,-0.3587596915483699,0.95601798510497804,-0.29297934634115125,0.013882174661401764,-0.11751857447708275,-0.33925007841721355,0.93332672143616946,-8.2121140740144405,5.940405398706794,-3.7979516721199578,,0.114448431375835,0.2840909090909091,0,2
-0.94371632798632876,-0.031563069852857867,-0.32924651085996726,0.11818362372503903,-0.96190040028580026,-0.24653651050753997,-0.30892090148647655,-0.27157207616299506,0.91149135161739303,-7.1525698358490768,-21.001264414236555,-2.5884503748354932,,0.5669616878601592,0.3947368421052632,0,2
0.48642988842874096,-0.81522252834631692,-0.31432179835296198,0.86723826268379789,0.49423356719735506,0.060257587012464399,0.10622504121152269,-0.30190298165472812,0.9474021481333017,-5.1517260211414477,-2.2808805845948998,-2.6639619510323862,,0.0775899696721392,0.247148288973384,0,3
0.92989726657217764,-0.12145269243440984,-0.34718916619333579,0.18575786049617776,0.96976250090894645,0.15828679381018104,0.31746667681108459,-0.2116835735980874,0.92434029111754512,5.1907559325652999,11.208391383160492,0.33296100207506613,,0.1865236483856675,0.2972972972972973,0,4
-0.28606398452915838,-0.8918797700634673,-0.35031110816934646,0.95018543682297951,-0.31124785251420012,0.016504846404006557,-0.12375391874531713,-0.32813907121346103,0.93648796977769133,2.9765987497650599,-4.5415491488007573,-0.021494288199510717,,0.07260263911214945,0.3,0,5
0.80385405554487621,0.56836272308554514,-0.1754493442302861,-0.52873970849828156,0.8178761760370622,0.22696449354060419,0.2724939963397463,-0.089679293472767416,0.95796902156646913,15.35268550135698,10.985191091249256,3.4286717842358425,0.6248042357828226,0.2654762620199863,0.125,1,2
0.95422976796417125,0.015190802393026174,-0.29868844881196643,0.010855953383244599,0.99629174849114677,0.085351626607776315,0.29887739661470458,-0.084687610729719379,0.95052633334469327,0.097893296959174064,-3.5221368349172879,-1.008670725710916,,0.08937576653969034,0.3983050847457627,1,5
0.96175418572782778,0.15804042058087286,-0.22372329270244187,-0.088986084913332847,0.95273365996530845,0.29048244329202377,0.25905667898511864,-0.25946444579504052,0.93035898364097736,-3.8259826110786928,12.534890183752289,-2.5237405918264257,,0.4774846846539807,0.7640449438202247,0,4
-0.93125275757269022,0.24912788570553093,-0.26590148190100649,-0.24636170169985874,-0.9681662230509378,-0.044272750974281301,-0.26846641028033508,0.024278820135517708,0.96298303486822512,8.8422374764038185,5.7355699078712075,1.45779734648254,0.5061739876908271,0.2444798020205074,0.4347826086956522,1,5
0.18285074890331057,-0.8858372208885843,-0.42644814657105401,0.98289075461360642,0.17449173944947668,0.058977939596011247,0.022166824774723173,-0.42993610101070201,0.90258715973977921,6.0373356117438082,5.3864944985129029,0.62300953186166752,0.6349455172343418,0.2107559250380724,0.3333333333333333,1,8
-0.20043024936032364,0.94485595102711384,-0.25898831431168018,-0.97951876427963536,-0.19845802389899714,0.034020628656747778,-0.019253715627216696,0.26050267668250976,0.96528112478997186,1.0437547286887543,3.5129163838465858,-0.87956963798601329,,0.07758457782485104,0.3115577889447236,0,2
0.32701545088226158,-0.85879690974627421,-0.39437135125985029,0.94306330363408009,0.32339800665642937,0.077751750008746387,0.060765946244961816,-0.39734317296374583,0.91565599581723744,-20.051545953544526,4.364286380372203,-7.6246445630336366,,0.09500495470336195,0.2352941176470588,0,1
0.94188344126355883,-0.10388269231868595,-0.31947452059614495,0.16520772486726798,0.97127889641786114,0.17124168014091165,0.29250981302803586,-0.21406936167962584,0.93199373263578356,-9.8429665441554519,-6.9529430795103631,-4.0252835228268156,,0.5248047069836097,0.7105263157894737,0,4
0.55871364644244714,0.80452862597314567,-0.2014267888557702,-0.80267305540994638,0.58566009549276621,0.11277507998784811,0.20869841254270663,0.098670879884425924,0.97298973790322574,-5.771314919066854,-14.034529185077739,-2.5888424448766951,,0.198039963994537,0.1052631578947368,0,4
0.79570602614666408,0.56842014684736497,-0.20916609814189269,-0.54437168770500965,0.82256268280278588,0.16446914143839372,0.26553980036725799,-0.017004985101524157,0.96394991825437337,20.81892355520241,5.5878443774299651,5.2039080644701148,,0.2168249379342379,0.3666666666666666,0,5
-0.83231856454117414,-0.38618088828986014,-0.3976306434868585,0.4781292672802257,-0.86311525858135651,-0.16255600319309038,-0.2804250539630741,-0.32541722745376001,0.90303123821167697,-9.0470247835001025,13.88441942285905,-4.1977137866324723,,0.3133339849706928,0.1,0,1
-0.73030015716335572,0.63237765203170904,-0.25837992502909468,-0.6534025233438141,-0.75698773864359947,-0.0058911824946941286,-0.19931588731236216,0.16452376349364287,0.96602541804590925,4.5006974984991457,2.8187219497339311,0.23039977584115465,,0.07048152039895843,0.1791044776119403,0,5
0.65919122635156735,-0.66647127383843574,-0.34825704335919716,0.73217544324774075,0.67442951714314658,0.095204762018694877,0.17142359057635853,-0.31774339891528047,0.93255192082782934,-6.7818805658077803,12.85663058604878,-3.4669079170706714,0.8668379569090601,0.3209315446829813,0.2711864406779661,1,4
0.67959537304370421,-0.62913492747127819,-0.37727890475521836,0.71096531167015664,0.69159088857867479,0.12739846324314605,0.18077183004922179,-0.35481162025878987,0.9172950777094504,5.462030142245121,6.6566322399648605,0.45853250950037794,,0.06724513913388971,0.2045454545454546,0,5
-0.17195121943007177,-0.90763273420622304,-0.38293027816280917,0.98033344937241895,-0.19587591554524011,0.024061457788093814,-0.09684578554632893,-0.37126196345255874,0.92346383162269274,-4.675114113587127,-8.8617669195158264,-2.3278028197294596,,0.07037951539110951,0.3260869565217391,0,5
-0.46049909962913355,-0.71728045763974968,-0.52292382268249149,0.86890898044879927,-0.48469509332491717,-0.1003386774986554,-0.18148763852170982,-0.50057907626554088,0.84645308521438589,-13.242454779656597,2.4594901749650213,-5.3298352572034924,,0.08164355437472443,0.2068965517241379,0,2
-0.82047878120951412,-0.42618090177141527,-0.38103071864385457,0.50096461611128507,-0.85709772857195576,-0.12007471457915581,-0.27540701332649803,-0.28940166316401189,0.9167320515660401,16.809275706457957,-15.324953751877107,4.6208251306849597,,0.1956267108240333,0.2105263157894737,0,5
-0.52849545487756799,0.80823907941796802,-0.2596962546425115,-0.83914433414330614,-0.54368441136714962,0.015622013684025915,-0.12856648338093521,0.22617880390954365,0.96556398442211389,-8.3326119371266056,-4.4402837455115929,-3.6427285367541793,0.3180143825622817,0.2381181819415629,0.9259259259259259,1,5
-0.34415282787582008,0.91282026731558008,-0.2198135360777162,-0.93628851118798606,-0.35114753400784438,0.00769630934894507,-0.070161633977986901,0.20845759505981809,0.97551154589754407,1.9797616620967733,7.6916401983371561,-0.68398277043978539,,0.2096513311728233,0.2758620689655172,0,5
0.90030622657013992,-0.30047907810010299,-0.31489843128086031,0.33944936954536337,0.93755952403449438,0.075870049475838613,0.27243866082898344,-0.17519835192239422,0.94608811089104461,13.021902971003239,9.1769988345455307,2.6609209435643741,0.4022499490325969,0.3863559878464905,0.9054054054054054,1,5
0.38048980944789529,0.92314318791389005,-0.055083205375909272,-0.91110928592840013,0.38440311800789861,0.14870814355927692,0.15845306561043629,-0.0063951132895275374,0.98734579987189341,8.908268423703591,1.6425073747615424,1.5312135912818605,,0.3097109084990516,0.36,0,1
0.087041279276905636,-0.89797191592213221,-0.43135861405212944,0.99062713517651246,0.032263508442927913,0.13272884040376401,-0.1052696288290904,-0.43886843613785592,0.89236360358774014,-19.075181253553346,15.513146704255984,-7.4524520087827408,,0.2240954062371516,0.5,0,2
0.3238253626060057,-0.84040874344427574,-0.4345690721571222,0.94397375864112509,0.31789150056246013,0.088648388970661476,0.063644933262870629,-0.43892839713620779,0.8962651307829641,7.9848015431305539,18.449177241447902,1.0226628826909081,0.3774891674141652,0.3977886577712906,0.5,1,5
-0.41610415543180912,0.90770722847334151,-0.054082522219530235,-0.90441059452390171,-0.41929646093027062,-0.07894272838123248,-0.094333495351884136,0.016064408753362087,0.99541103390815455,-1.3462389541416659,-5.098409831092594,-1.4335184464019257,,0.6624654799606577,0.421259842519685,0,4
-0.29250592797332692,-0.89463965501171905,-0.33772795232401942,0.94743237654140244,-0.31901648104878827,0.024502585585168817,-0.12966176761703216,-0.31280724496047146,0.94092478632389454,8.4583669153527641,2.3380491609404248,1.4115975787350614,0.2333710831934818,0.2073606862749325,0.7228915662650602,1,5
0.56599694940020839,0.81506459877665249,-0.12376248660523737,-0.79753294517934259,0.57935941771041977,0.16817807961742884,0.20877896116041164,0.0035163804255437833,0.97795653300414198,2.3504080616479182,14.492483824926406,-0.64673351333118345,,0.3144927900236479,0.2,0,5
0.95291997324279643,-0.012702994128113366,-0.30295570391581683,0.079327451135940308,0.97476887994917705,0.20864512018952394,0.2926613744436084,-0.2228548061469777,0.92988443114505903,-14.18833097894019,0.47545736903270192,-5.6515415288572726,0.7361338709417156,0.7553970566713764,0.8461538461538461,1,2
0.95258513347443785,0.063613117301886624,-0.29754820582659031,0.010386264887691909,0.97053347939614654,0.24074237448544789,0.30409486839663902,-0.23241802141474613,0.92385506132536011,-26.756519111916948,7.0814556132501574,-9.7956644762203577,,0.5588709359178002,0.2272727272727273,0,4
-0.88511894314639861,0.39542144390908951,-0.24536979883484497,-0.38785975856329569,-0.91819002129190441,-0.080572281134353302,-0.25715610856175181,0.023853018610274206,0.96607544701878922,20.107052848754261,-0.7619868254312554,5.0280590829320984,0.4984145136349822,0.6793541598403297,0.8688524590163934,1,5
-0.42413855387919253,-0.83414400671346545,-0.35257660611173874,0.88936511749512204,-0.45705438012231231,0.011444710301927504,-0.17069321865895423,-0.30871519184357232,0.9357129663678021,-8.6631714986300317,-12.448907344891287,-3.471949734489773,,0.09567208892544138,0.3793103448275862,0,6
0.93200915561851516,-0.17001837897607028,-0.32008230918563868,0.22638014232537004,0.9627637068111049,0.14777711598243182,0.28303880476713195,-0.21018990379580382,0.93579337427570175,-12.364125862061773,10.573932158220185,-5.2451409661673916,,0.1460496199035878,0.36,0,5
-0.3271289433024171,0.90661420247992963,-0.26652831428485374,-0.94306507573827014,-0.33115701821414534,0.031036949113722585,-0.060124182960066962,0.26150662926434198,0.96332723696269851,-3.9929114533075185,-0.44034998749074672,-2.3257445292239565,0.4011545170628109,0.3631928773049812,0.9553045186640472,1,5
0.41632329487273689,-0.81423431617845077,-0.40459534414488513,0.90511694830484535,0.41336102640304007,0.099478498894725542,0.086245139211615376,-0.4076213196196134,0.90906910394861262,5.0565239405489537,14.182055279021533,0.18828520995383877,,0.2018372220226558,0.4333333333333333,0,3
-0.20781854585768039,-0.91127342959088797,-0.35551679076980358,0.97226076187397692,-0.23231861176174692,0.027149098499374108,-0.10733341938945772,-0.34001293968135354,0.93427551500154982,7.945801278744355,1.1782488646401157,1.2446319447646614,,0.2319515309535423,0.21875,0,4
-0.25497517106907613,-0.88736527908014595,-0.38414909035595879,0.95983112782497637,-0.2803787058453231,0.010582408361817964,-0.11709768655498647,-0.36602000326692119,0.92321042509925866,6.2940989492588528,-22.116365498735647,1.6598005701781067,0.317978579416971,0.3320114741585328,0.5555555555555556,1,5
0.86325373637374081,0.47759737135534414,-0.16338218235548413,-0.41502245231835755,0.85579534376999367,0.30882145918516435,0.28731402803975964,-0.19878400452768583,0.9369821603613937,-4.9772636207405396,12.803727695723117,-2.8673962119686092,,0.273374123240033,0.1875,0,1
-0.94165222551640637,-0.14409590637348557,-0.30418326046382543,0.15265503204627504,-0.98826968352374611,-0.0044129150033256053,-0.29997921156465251,-0.050590536607941945,0.95260331210571103,-9.9957440121721639,6.204876124170112,-4.4266169092248138,,0.0697742014916639,0.3297872340425532,0,3
-0.42118826726333874,0.86457686388387245,-0.27405709251255189,-0.90147826773948814,-0.43227881008482816,0.021724712772706187,-0.099686389808829393,0.25620670714946575,0.96146801657595948,-11.079633159485278,-6.5144110130531967,-4.4220056391997682,0.3960432139443623,0.3919813184913475,0.9583333333333334,1,4
0.65191204811885684,0.72895268644714262,-0.20889868941420181,-0.71079084221290489,0.68340007955673654,0.16655542587413932,0.26417240609826526,0.039903786578973928,0.96364963948154592,2.7756923507826214,10.11587613846409,-0.45604119198789395,,0.1957887236463845,0.3,0,5
0.16521831524352057,0.97696415084113597,-0.13507019019513569,-0.97611938908593443,0.18156499018001121,0.11926899258161712,0.14104554781556949,0.11213920952187015,0.98363151186265652,8.7634954461265533,8.4531624218273596,1.4000618136458782,,0.09453492892140312,0.1428571428571428,0,5
-0.17638457967904039,-0.90566722933913502,-0.38555849070228332,0.98164990193015234,-0.19068854897166529,-0.0011607461405865227,-0.072470339394612671,-0.37868819230635548,0.92268266642208807,-11.856238753652763,9.6240606752114424,-5.0493294198526009,0.2855418545720326,0.2483958641475258,0.6376811594202898,1,3
-0.85059064005000651,-0.40530512072531377,-0.33499749577147248,0.42969633760117937,-0.9029722993377739,0.001443634574838145,-0.30307857151480089,-0.14271925498155849,0.94221791202781513,-0.18749978927877969,0.95891655211924298,-1.172549135078691,,0.1031199809066091,0.2134831460674157,0,5
-0.92864394410639639,-0.17114504574791164,-0.32913492429467506,0.22363526311450763,-0.96615237494152661,-0.12859571332883857,-0.2959859695428505,-0.1930258058156813,0.93548561941003983,9.1493081712185891,-28.518807384356457,2.844393206496568,0.6317201397059931,0.465452733223626,0.76,1,5
0.92498663550228555,0.24265509469457089,-0.2924349998904559,-0.23232946730486648,0.97010767507614815,0.070100765903004403,0.30070374584297921,0.0030989961470949279,0.95371256333283227,-0.19713536708484297,6.4512694925519236,-1.3222705559541097,0.2905944280330901,0.3092502478154349,0.6889952153110048,1,5
-0.85210654549964826,-0.39812915020805467,-0.33971696288420417,0.43927328317978548,-0.89692286506223617,-0.050678958286467415,-0.28452314106432108,-0.19241245771301221,0.93916134306929955,-10.773242153947388,-1.8171533265698057,-4.5055309149775633,,0.1349961949490737,0.25,0,3
0.88265958140570544,-0.31065907342264659,-0.35270809949998083,0.38230276658126183,0.91106864685909339,0.15426767443199058,0.27341663814958128,-0.27100712317303399,0.92292929370155841,-4.7049206378171329,11.21048124852139,-2.8246138050195841,,0.5377062939476167,0.2058823529411765,0,4
0.2444698585092841,-0.88191458631669495,-0.40306469793607974,0.96865277133508709,0.24103026751972625,0.060135004150864098,0.044116854662428914,-0.40513093263934047,0.91319364351350585,7.9155275686737614,10.823541594877868,1.1203192418634282,,0.08370785095774538,0.1612903225806452,1,8
0.63497918180338719,-0.68123381740012767,-0.36431020395639263,0.7469485278418887,0.66174752208378151,0.064483437957419829,0.19715307613916275,-0.3130666111970779,0.92904249715631482,9.0185934997807511,-13.369747525829821,2.0958951893122357,,0.1848712688732924,0.3333333333333333,0,2
-0.8676705610433183,-0.2778474467088945,-0.41224821874220713,0.40503925046945416,-0.87591124314978963,-0.26215014724950009,-0.2882551006971385,-0.39443667486827322,0.87254152132774987,-7.5424616503272857,0.17477514995138896,-3.4978323371007694,,0.703758806401146,0.3109756097560976,0,1
0.86805150638281603,0.43265602700115191,-0.24350635426227363,-0.3891365925907399,0.89751035171715976,0.20747983243537249,0.30831687364364935,-0.085345948117764595,0.9474475049133263,-15.168611077062954,1.109994859867339,-5.9515443803200947,,0.4710923805921082,0.2622950819672131,0,4
-0.73343802355119303,-0.54907648855769364,-0.40072892997944887,0.63330416312084892,-0.76613822678012466,-0.10935288949089957,-0.24697065125865089,-0.33398686677676537,0.9096473328919944,-10.865334248024828,3.9159508889683945,-4.6465239296587271,0.8218644956619955,0.3556721950588894,0.4021739130434783,1,5
0.632501413557776,0.74393046986946387,-0.21566042253323361,-0.72927459129671857,0.66578047737225687,0.15778126136830403,0.26096078697079811,0.057478795653420317,0.96363668242435296,19.427969953747951,-6.4905886013515008,5.0508420877662878,0.4176199735930701,0.3879445661817714,0.25,1,6
0.86160516491805228,0.41994951396416397,-0.28509462553299392,-0.41378350611660175,0.90643005886742689,0.084662615406359373,0.29397236239549424,0.045021707018451963,0.95475300263720397,-5.7007536816734374,-7.2977523047482746,-2.7129594346797621,0.2722520742922847,0.2501701065061011,0.25,1,5
-0.17345131960438018,-0.88611926100656513,-0.42977586600538176,0.97829074789123405,-0.20527868449678049,0.028423129343524759,-0.11341010677142767,-0.4155157240880879,0.90248813328355926,14.482131426257583,-14.606431753691357,3.8481392959444078,,0.1259442283270317,0.25,0,5
-0.90314964989744262,0.3529897285385839,-0.24437463337340001,-0.33625793817049987,-0.93549262263962607,-0.10855483408931492,-0.26692940809781734,-0.015868350043128341,0.96358543293236731,-10.541751901712807,8.8236616222425592,-4.6507109011355867,,0.1990521357974878,0.1428571428571428,0,1
0.74334966126359059,0.61752684150608905,-0.25708341276484192,-0.62181930029314691,0.7795947611146945,0.074650962655970113,0.24651985494528764,0.10436766003909197,0.96350161009503166,3.35200481730429,11.592072287670938,-0.2774483373007352,,0.09373290080765244,0.375,0,3
0.45498883865780215,-0.80433358977585778,-0.38214216340925616,0.88449350760928647,0.45794070928357034,0.089227472102945071,0.10322980041560577,-0.37859976642774457,0.91978574959987924,-18.003133208585808,3.8059338349213423,-6.9442955694912456,,0.0961232608609309,0.6190476190476191,0,1
0.29791257944272137,-0.84631125056407619,-0.44159411474617005,0.9531975902809966,0.28873850020751485,0.089690759727054772,0.051598923363628597,-0.44764645164078348,0.89272067604661764,-4.2034123277492075,-7.0168662259333994,-2.2648505966724755,,0.07609359209775581,0.1639344262295082,0,5
0.95288075070955702,-0.048063151713936582,-0.29951328580634728,0.074171145175399425,0.99431375852967452,0.076411980879717137,0.29413758030989745,-0.095026749107372674,0.95102733967195896,-15.379810873082013,6.2981839388360381,-6.1342929254414065,0.3906270297690376,0.3555960445628553,0.8353413654618473,1,5
-0.89212644794451335,-0.26149380242252196,-0.36841741567482394,0.34538455604378071,-0.92043612239715644,-0.18304877227921179,-0.29123857801525105,-0.29054833656570339,0.91146132929189971,6.9600550677024691,-3.9784405315253166,1.1075192412748034,,0.3281824566561263,0.4375,0,3
0.77794992992627221,-0.52295785855680799,-0.34829439372661097,0.59078589663507453,0.79753744739326904,0.12209031223860976,0.213929733475272,-0.30074756554144849,0.92940032868301314,-23.588423065000605,5.0624380935822675,-8.7373123287477554,,0.1148861867717624,0.2592592592592592,0,2
-0.46401096440681411,-0.80412121967932648,-0.37159506047805391,0.86621993477581649,-0.49966275623373008,-0.00039323007293267395,-0.18535600747544304,-0.32206551211569096,0.92839482786065719,9.4371429993668858,13.123152843033706,1.6197679036212462,0.361511419723678,0.2462358154573002,0.3076923076923077,1,5
-0.80709045942578994,-0.46732707125798317,-0.36084678018973976,0.52203702016532394,-0.8503374955834726,-0.066358821431185683,-0.27583027368433577,-0.24193294954235312,0.93026131169954651,12.29266785574532,-8.1071107352542651,2.7879603262412322,,0.1482984931335214,0.35,0,5
0.95402142703432424,0.038304125619275577,-0.29728086167786477,-0.016810732080067014,0.99707755950814192,0.074523416536143999,0.29926663035882101,-0.066099427273087444,0.95187727657920596,-1.2969129628342044,6.30119773631057,-1.6399542839594812,0.1196561657417149,0.09886124179759302,0.4444444444444444,1,5
0.94752090855557802,-0.10850999819013361,-0.30071532741579332,0.19347157333385162,0.94345972675113943,0.2691700100501328,0.25450516333020567,-0.31322407999935398,0.91494141754913616,-8.641216287417322,16.984509233774279,-4.1559146662851969,,0.2942403962977761,0.5333333333333333,0,3
-0.15255319801350128,0.98224694913107258,-0.10917166618932204,-0.98828171872897741,-0.15103923456707807,0.022054343052755786,0.0051736062810116964,0.11125682246087418,0.99377822136227045,12.431974538908147,-6.3717932187685493,2.8150015855299224,,0.2882470767058388,0.1875,0,5
0.20886211625902129,-0.84157125456710136,-0.4981309465172376,0.97646701779709888,0.20745920524396663,0.058930818032528913,0.053747367807589971,-0.49871685518528219,0.86509694185556962,-2.8265247799416531,-23.097400965617211,-1.1339858268838616,,0.4757217162984921,0.3846153846153846,0,5
-0.79716653827094819,-0.43481894850328379,-0.41887706106160816,0.53895763418031095,-0.82518417123407239,-0.1691027856172039,-0.2721216250500384,-0.36056007206460688,0.89215820100074783,-5.1021609354955881,17.449848066037795,-3.0721562140671157,,0.6546700701653555,0.4054054054054054,0,1
-0.11746928216601035,0.98342681546388033,-0.1381038246174725,-0.99304115764716494,-0.11515016931738047,0.024692057932818114,0.0083801531120412127,0.14004334019420558,0.9901099110205237,-18.461785033937453,4.5500695730958203,-7.0776446760976146,,0.1217710611305991,0.1818181818181818,0,2
0.9431926998642447,-0.13093966181427774,-0.30535608048106505,0.16776856604456775,0.98098800901875671,0.097551188658901528,0.28677733378031395,-0.14323872076145361,0.9472282880617936,-13.588538840483134,11.474961916338465,-5.6088947604630093,,0.07200508918024764,0.3,0,1
-0.77915605100170382,-0.54285241244649085,-0.31341203947591983,0.56714929166421746,-0.8234532442862853,0.016322850215801491,-0.26694105932247814,-0.16503336867256951,0.94947693919988241,-3.4578077666088736,-7.5479966432652636,-2.0175704991651298,0.3965125074359894,0.3641146827412955,0.955456570155902,1,5
0.4502889193636595,0.87637006646146043,-0.17092511725502457,-0.87610955310946903,0.47058972284360223,0.10477291493658487,0.17225544998238804,0.10257104544810769,0.97969752504895513,5.0609879804620679,10.073122214829935,0.25343568675459133,,0.1997864469111225,0.3409090909090909,0,4
-0.39164243877280969,-0.86762169076064966,-0.30634751814519035,0.90579924267990786,-0.4220588822295997,0.0373367364884317,-0.161690853521749,-0.26286669939863555,0.95118724036578417,2.0768329376479899,-6.4432797598324258,-0.34304643384263656,0.1859666820618311,0.1589529490276858,0.6966292134831461,1,5
-0.53039998218736251,-0.77057351092386439,-0.3534010797353565,0.82426062526905997,-0.56620504004877603,-0.0025048461876346116,-0.19816730438370828,-0.29262316532672922,0.93546854708614424,14.378079433108907,-5.4690698514145648,3.3255757713121161,0.4988327878659752,0.2816409477515885,0.3225806451612903,1,5
0.80557470339048309,0.53818202342599963,-0.24780941652494007,-0.52494637772023112,0.84224856517405278,0.12267295945177842,0.27473750704216376,0.031264422645332059,0.96101084182277086,4.5820923453670321,1.9336201521332026,0.29797588827683236,,0.07165264001713059,0.1839080459770115,0,4
0.44941523249235371,-0.82853301947428004,-0.33400446770166792,0.88748176667271372,0.45678198363633199,0.061043699500727411,0.10199050263294687,-0.32385684347576865,0.94059272924395332,-12.087510802906097,-19.822416422459568,-4.149557346006886,,0.08614201035340241,0.4615384615384616,0,3
-0.12752602917751249,-0.94128063841097254,-0.3126145736123771,0.98827273137628158,-0.14728141420620522,0.040313688090826763,-0.083988810565935018,-0.30380741396821159,0.9490242014393877,-4.7810674991766913,6.6018973045135239,-2.8155265574626256,0.6046316731242389,0.5015938103297215,0.9850034083162917,1,5
-0.25266362003467163,0.92560181150780108,-0.28181976801575004,-0.96686253457265081,-0.252546837487511,0.037375581798891437,-0.036577784934629765,0.28192442499459452,0.95873911166737236,0.92037482152845795,12.966829842582152,-1.0859353745738258,0.4945213120269729,0.4892327724144115,0.9145907473309609,1,5
-0.5659063596431414,0.80673544304403499,-0.17008208915694811,-0.81232853921209391,-0.58085201680290011,-0.052280770437600314,-0.14096927501052495,0.10857651455332365,0.98404207429888846,0.28116623277894459,-6.1256732638786389,-0.95189178495200966,,0.1932930779150967,0.1967213114754098,0,1
-0.816702747580073,-0.47044205615228069,-0.33418691461272731,0.50596309038339116,-0.86225688977820281,-0.022680546724206028,-0.27748508656295068,-0.18760950890942321,0.94223388757883109,6.3503146139771935,2.2531310024700839,0.82352772595032164,0.3496226208355782,0.2919205492455003,0.5600000000000001,1,5
0.44889059016575722,-0.83521742370947305,-0.31766191649732051,0.88799157453896427,0.45666100343845678,0.054145096605277596,0.099840881448689009,-0.30638632977124525,0.94665686250132719,-10.943862556421413,5.3621818881287044,-4.6992365695838867,0.4684355100574167,0.4465953208923724,0.9630911188004614,1,5
-0.57646583732358458,-0.74281163329502653,-0.3404673491546476,0.78854442728332752,-0.6149432840715443,0.0065148734225723591,-0.21420743357602354,-0.26471802888522411,0.94023376911483791,-10.215566898083539,14.466615139859332,-4.5899439352433076,,0.08454620441422697,0.2222222222222222,0,1
-0.82562150310293037,-0.46407595604408158,-0.32090908468884272,0.4903671484488285,-0.87151502533290681,-0.0012729262148027543,-0.27908635462204845,-0.15841422802499588,0.94710914842114269,-4.5198390671760729,2.6026900856490882,-2.528949483076008,,0.1472223255814541,0.383419689119171,1,5
0.6879163075904422,-0.60740839279782577,-0.39727345507835687,0.70263509558078152,0.69450218031053723,0.15482455878218193,0.18186554431590138,-0.38564461088244639,0.90454582962280494,-1.8735322187141132,-21.690877188405793,-0.94097076120605094,0.3791254706354922,0.2956803501072655,0.5897435897435898,1,5
0.65243200316431249,-0.68968188564118971,-0.31412000551606917,0.73737018252656483,0.67340662795674033,0.052997427717510169,0.17497912780598371,-0.26619994373092054,0.94790289312245046,-5.9577218903192204,14.858896374164702,-3.2835948119980709,,0.07691393961852548,0.3333333333333333,0,4
-0.6367619247888221,-0.65346761392666008,-0.4092851434980645,0.73573834966882068,-0.67374752711078978,-0.068944546837986412,-0.23070182479953188,-0.34502803836948187,0.90979795601719882,-5.839372870011597,-19.688927070168372,-2.2887452008552991,,0.6554606248953661,0.2758620689655172,0,1
-0.83398444333854904,0.47936347749716851,-0.27327752324534926,-0.50246932496426944,-0.86442559219788162,0.017116454752473233,-0.22802308159316287,0.15158842962166899,0.96178293926727254,2.1552866388649528,0.37486001342007735,-0.43478693390518203,0.4466321712712151,0.4218059899324046,0.995059985885674,1,5
0.96355421209335301,-0.076417991590397652,-0.25636608769189312,0.12832118933924083,0.97291241441224341,0.19228912150483649,0.23472740087965915,-0.21817819424458762,0.94725990247262692,19.023781907717829,3.8030392033343907,4.6742558912565153,,0.2479175712584211,0.2857142857142857,0,2
0.8245604166056365,0.48892219428824668,-0.28470196223332372,-0.49365284378801455,0.86757512658632474,0.060168675809996304,0.27641814192839242,0.090931224896008161,0.95672593941617712,6.7463105557823484,13.485144649828831,0.78505478989896571,0.1531226892340892,0.1392399750958987,0.6046511627906976,1,5
