axis_00,axis_01,axis_02,axis_10,axis_11,axis_12,axis_20,axis_21,axis_22,location_x,location_y,location_z,dbh,dbh_approximation,score,reconstructed,number_clusters
-0.022128339136505464,-0.94866240740308028,-0.31551540911222098,0.98827683331251281,-0.068441616812516357,0.13647214303981875,-0.15106037648851492,-0.30879666751485696,0.93905557917881921,6.2696314158129391,-22.10165020492407,3.27131502620679,,0.2610984449945723,0.2222222222222222,0,5
0.023101503799752274,0.98092870119868081,-0.19299016474125966,-0.99158692129324499,0.047075485504562697,0.12057892097996856,0.12736443005161927,0.18858096889447307,0.97376358533704066,-5.0803406181878801,16.971029263603981,-3.4515294112753536,,0.07610076892285343,0.3243243243243243,0,1
-0.054702887878783954,0.99848838884421143,-0.0053414792906829071,-0.99366823309685326,-0.05391147978541215,0.098574818698926731,0.098137844850497688,0.010699985543855128,0.99511530674463167,-8.6900993093860492,6.8301300520757495,-2.9347213290108449,0.31229569206936,0.1702471921441814,0.2808219178082192,1,4
-0.70934652847959556,-0.64967014156624669,-0.27341581829008721,0.66504055429432707,-0.74540181950086171,0.045795072100588377,-0.23355633940837389,-0.14934803193245155,0.96080518404100179,-5.1396502357244227,15.223972930942653,-3.3231817636206924,0.265443505836636,0.3859662944574149,0.3113207547169811,1,4
-0.50138496136276434,0.86522402103572027,-0.0007168975089153121,-0.86522026430930288,-0.50137990385190379,0.0034765272896278309,0.0026485369166805895,0.0023633527529329183,0.99999369988813747,-6.0307545672485023,-2.2296168426925806,-1.4777228656873924,,0.09681175956167869,0.2093023255813954,0,5
0.82847206948706154,0.5518544512414485,-0.095345134772701581,-0.50899872371717847,0.81299155434142023,0.28278089013192675,0.2335686822630737,-0.18574551734704328,0.95443400686028079,-5.366514699672968,1.389307304583824,-1.8865316156907521,,0.113354390085703,0.1261467889908257,0,5
0.96407423867048525,-0.16808284425100395,-0.20569156472839734,0.1987085479842633,0.97022011325608115,0.13852019633014778,0.17628322464122756,-0.17441642497726434,0.96876371495233082,0.58319927358247725,22.991593971952195,-2.8103128878675094,0.5331846315010188,0.4408435778719326,0.9,1,2
0.77322175996924902,0.60307991328327937,-0.19601716277992393,-0.58923137761411803,0.79753155745950199,0.12942101255666252,0.23438108615037151,0.015428319754760533,0.97202236260516117,-15.154995206726278,-1.0292601750838157,-2.9291300640470301,0.3764179008259537,0.3446557565994037,0.8728323699421965,1,5
0.94319464442608636,0.2997740446731193,-0.14324588952660477,-0.24431691711944012,0.91799153355801322,0.31241124871723253,0.22515129743175427,-0.25966722252938762,0.93908456850736943,-13.073464484503173,-0.93956363392857001,-2.5970313385079926,,0.1862388895400582,0.25,0,4
-0.65559369356675679,0.75176955356969022,-0.070989064517905792,-0.75327685146231393,-0.65765589941561176,-0.0079185235282285792,-0.052639281971943647,0.048283084920836501,0.99744566253205347,6.028472135435079,-29.285293620608972,4.3195435740811368,0.5674699342799315,0.444641317819595,0.7352941176470589,1,3
0.97917926758764018,0.060457846695441159,-0.19378547597661586,0.026752422364481672,0.90786179436227754,0.41841518881959694,0.20122691128217768,-0.41488770903734556,0.88734205302441205,5.670344864890497,7.6444500360667691,-0.57714109823537318,,0.6210532718843862,0.1372549019607843,0,2
-0.51803259999792617,-0.75387644579878466,-0.40411944992685223,0.82849846768351565,-0.55970458785488131,-0.017918241550582515,-0.21267936991033279,-0.34409457828334128,0.91453070304421968,8.4339424622846142,14.598830744424589,-0.49714919916769668,0.8902575256976639,0.5839554786670114,0.1666666666666667,1,5
0.95354574269286718,-0.17681374859682963,-0.24390042004770526,0.24755964429336266,0.92125960087060021,0.29999161708469119,0.17165296126095164,-0.34643563054466747,0.92223511903389732,-6.4102767850052089,5.5962965559633693,-2.4318769287219966,0.3924242162080891,0.4538115076761804,0.3537214443625645,1,3
0.074461283300015349,-0.93775418223022744,-0.33922354133967891,0.99199457697978566,0.03486275082841838,0.12137276402625402,-0.10199155127760325,-0.3455454851599043,0.93284298847855174,9.4463634950799147,-12.628074521132804,2.5616701652363174,0.7327892051330038,0.1950308932360966,0.1818181818181818,1,5
-0.64497699337946979,-0.68953981803602371,-0.32945336142468856,0.7303232978932872,-0.6831016602352602,-4.8353950298912779e-05,-0.22501679618520154,-0.2406386526031894,0.94417184892786832,-12.131619298512241,0.058449949870658359,-2.5847795051740627,,0.07087541731102626,0.3125,0,2
0.39322736919958673,0.91878616652759526,-0.034701819979612331,-0.90495191913924866,0.39342882347739316,0.16209807186819078,0.16258616226039288,-0.032337919764879278,0.98616428590104488,4.5802288286757822,-20.741407709597368,2.8130320370264776,,0.4249171186563904,0.1111111111111111,0,3
0.035208763496306299,0.98908379888597708,-0.14308592437533738,-0.99338087507569139,0.050300983216413811,0.10326784650275107,0.1093379166022239,0.13850288758269866,0.98430796508223983,-4.3968639814789929,-10.536809213537284,0.010463008417794638,,0.1131708997072731,0.2121212121212121,0,5
-0.82015496098467566,0.56221703497256459,-0.10610299505142418,-0.56343860253293854,-0.82589208283975635,-0.020957306084936879,-0.099412178066642848,0.042594284701898417,0.9941342694841474,-15.973093994561397,-2.2040150869715123,-2.8891380863795604,,0.1011938432084317,0.4230769230769231,0,2
-0.64374506755262317,0.74746334595714892,-0.16398425062246311,-0.7642039237571957,-0.63908679442843175,0.086950745260156989,-0.039807674081433896,0.18129152114132047,0.98262339349645644,4.25809671119202,-12.950522387355051,1.6796076064143495,0.5288626748221257,0.4977180284987653,0.9194915254237288,1,5
-0.97501287605583109,-0.10606687869481063,-0.19519146694791284,0.1123839069880171,-0.99343123820398993,-0.021546053248740517,-0.19162397808063206,-0.042944059012035372,0.98052845895472396,18.616216380447799,5.3881011400867065,2.1976868612712748,,0.3105339260712853,0.25,0,3
0.036846572241597444,0.98708008645339207,-0.15593342502879015,-0.99081235423629543,0.056404188809172133,0.12292048721636968,0.13012766349541197,0.14997156534471412,0.98008944529633735,6.9432535018688499,3.1510879744202982,0.12563640623514322,,0.08183446506679753,0.2857142857142857,0,1
0.90886990427308689,0.37840826298291158,-0.17539294060162924,-0.34869901338897819,0.92012954912209144,0.17824312299197251,0.2288328979150166,-0.10084046478787029,0.96822864318981172,11.764543607777147,-7.5772634611809755,2.2118225529943056,,0.1199995253474592,0.1764705882352941,0,4
-0.73016332578302057,-0.62931305052057374,-0.2661326776740659,0.64355699183710058,-0.76426862425763686,0.041567634439804421,-0.2295559102681968,-0.1409203832659742,0.96303973419641986,-2.8153470196302375,12.952102841460608,-2.6898928486045928,0.7164005539237533,0.7750091930461811,0.6097560975609756,1,3
-0.6681391019088162,-0.70680127756809141,-0.23242653576688327,0.70866837564682061,-0.69969956782099041,0.09060710871237608,-0.22666996682087651,-0.10417518331749342,0.96838435412918045,-11.007231477387137,2.3413224803189867,-2.7333178961999534,0.3952083388732733,0.3751700348291075,0.9090909090909091,1,5
-0.36817146638556436,0.91379993977025431,-0.17152096494417815,-0.9289700688694762,-0.35395285967647566,0.10831428470652146,0.038267250804617126,0.1992160716476557,0.97920813635974879,-9.6412980061781202,-0.85318829081015291,-2.0940663392996592,0.1719309761598579,0.1601334538272245,0.6615384615384615,1,5
0.97681495762083159,-0.015678936063290575,-0.21351044361374097,0.097045259896952299,0.92139214862456864,0.37632263549318234,0.19082650785398295,-0.38831775573224159,0.90155119903604475,-8.6629096533022132,-0.098389794614271595,-2.0714566784253585,0.5950483555993624,0.4195420442576059,0.2647058823529412,1,2
0.84047407124805651,-0.49782745823894703,-0.21394194862874844,0.530729885838642,0.8359241285775717,0.1398450554704363,0.10922052846154232,-0.23108152908698021,0.96678446567857346,-11.115915501246036,8.9291006081470847,-3.5665319592480769,,0.1064630586972196,0.4444444444444444,0,1
-0.36264719870687312,-0.83440275994093371,-0.41504101420583767,0.91389955198313921,-0.40558967949598418,0.016870707494425173,-0.18241331682493853,-0.37318768212428655,0.90964626957715145,-2.0928353798655368,20.404159140027328,-3.1483923993180047,,0.3036097574855605,0.1176470588235294,0,2
-0.296746252083464,-0.9225317658638984,-0.24673224930368143,0.93840461696049049,-0.32959762904061835,0.10374091670135631,-0.17702665545519397,-0.20074995368079118,0.96351492949279638,2.8893812682023481,6.2948134746929805,-0.99166605449733924,,0.07674452305668111,0.2295081967213115,0,5
-0.93892638910618598,0.28596121634471716,-0.19142470735688458,-0.30103074339114816,-0.95206818741894195,0.054283128485593003,-0.16672650471173378,0.10859258377744091,0.98000506293342593,12.064243238902108,4.1835746830405256,1.0355925790342673,,0.1412230641869457,0.5,0,5
0.96863198209112022,-0.13612863958060972,-0.20789679352063001,0.17471915583078931,0.96798347720199496,0.18022542675691205,0.1767068189289914,-0.21089566460661824,0.96140403514554151,5.7228801518024248,-1.181215658769974,0.18289605195959144,,0.1190332095929766,0.3181818181818182,0,5
-0.54906242450610143,-0.80031335750774091,-0.24089205837920358,0.80750143883620229,-0.58231363143327719,0.09408645452164581,-0.21557337561244863,-0.1428613469125834,0.96598072200503993,10.983872756012989,-9.1158199291757303,2.3621524676145467,,0.1092233040787905,0.1666666666666667,0,5
-0.66353501996469499,0.74773721496514789,0.024704951661881792,-0.74691918348349862,-0.66019665426330876,-0.079070291790768327,-0.042813673339199533,-0.07091850996529378,0.99656287022922307,-18.29062712511525,3.720720819692457,-4.0140374028945596,,0.2329188964318764,0.2777777777777778,0,2
-0.70936350164145956,-0.65693748933419616,-0.25541448206052952,0.66629499098984424,-0.74318823444308024,0.061010107090707429,-0.22990086454993866,-0.12690304682181169,0.96490476690009719,-22.040108355246339,-0.67745152438958234,-4.1253113082193282,,0.08124290103569341,0.3,0,1
0.97240013047594243,0.03103522990775481,-0.23124619079012487,0.0091540776240613027,0.98527605165310139,0.17072581791201988,0.23313984883160302,-0.16813065319402143,0.95779846227864107,-10.921529730646279,-3.5887747643088241,-1.8551289745914457,0.251140950445441,0.1208046493511097,0.2592592592592592,1,4
0.93516979823048019,-0.23055339663893892,-0.26889139029692505,0.31840660237649066,0.8797548219569995,0.35305621196414277,0.15516018832363088,-0.41578430049925935,0.8961298630319825,6.8694375332987132,-6.7141861297234593,1.2025487854475423,,0.3516788998649197,0.2903225806451613,1,1
0.72881457914997394,0.67381501866032389,-0.12166605872729606,-0.64444588641664546,0.7350753630296798,0.21060320545387926,0.23134132510018712,-0.07508349548717258,0.96997095833139135,-5.5714387017056586,-0.040324456395048718,-1.7623603162040911,,0.08700818777272769,0.3008474576271186,0,5
-0.96978796780127907,-0.064883531670219804,-0.23516254979453274,0.10445188826053611,-0.98158814286505536,-0.15992035775829491,-0.22045657292690324,-0.17965201113467169,0.95870957768690013,-17.30067246523668,-5.2231455335224091,-2.7543588958798728,,0.1723308401378935,0.3333333333333333,0,3
0.34686667302664465,0.93661534523442458,-0.049347808612205883,-0.91800379091885043,0.349816513918007,0.18680858237477535,0.19223046325191845,-0.01949619608161942,0.98115612791048756,-21.700269545838388,-4.6229736116079803,-3.615140860612299,,0.3118118280775835,0.7049180327868853,1,2
-0.57803405499420768,-0.74183541751051796,-0.339936530243444,0.79142835928494759,-0.61114262346575021,-0.012076667708418183,-0.19879080307321226,-0.27601613559790106,0.94037083616151784,20.613641810807174,7.5926322465028369,2.4169917657392497,,0.4613653190555823,0.5,0,5
0.46417184160077268,0.88573813347408015,-0.0035299256083835984,-0.86459299182132421,0.45394925352649707,0.21542756025213861,0.19241481221153389,-0.096943458431137441,0.97651344379328031,2.7341227182782815,7.1396464416971073,-1.1144067551916081,,0.1520081356696709,0.2040816326530612,0,3
-0.95158482580573245,-0.21217526531162961,-0.22241397457491893,0.22769944808836276,-0.97262794215026249,-0.046344875539813188,-0.20649281013276988,-0.094744619575389794,0.97385018171430593,-27.273884153862074,-1.5963722463986139,-4.9883331226805332,,0.393124958697346,0.4210526315789473,1,3
-0.30914184357501806,0.94951135921113494,-0.053474286157573381,-0.94797473286845013,-0.30317255000791932,0.097109787172490511,0.075994910316610792,0.080712970771238082,0.99383609813452234,-3.3727106749249121,-1.8597349357483537,-1.2083906013138483,0.4547216221292381,0.3177881986628087,0.2982456140350877,1,5
0.94648334604766915,0.28833848169391041,-0.14501791485488374,-0.24278337038004241,0.93211122153310444,0.26874691767343362,0.21266290396144569,-0.21915654374559429,0.95223153624114476,8.1618494830792923,8.0083652315493339,-0.10012395062768742,,0.3120413696754329,0.2592592592592592,0,2
0.058790793708227249,-0.95395845357879527,-0.29412057293006549,0.99310090508745408,0.025945098478803028,0.11435665341118234,-0.10146050901526527,-0.29881452560154864,0.94890233659733658,-14.450098154471995,-4.7833372831193879,-2.2873608657662805,0.1590754814222409,0.1046405981061239,0.5111111111111111,1,4
-0.81793780160799257,-0.5261115418710276,-0.23277542441326007,0.53501396269728729,-0.8443641800536611,0.028446285544053939,-0.21151314951943112,-0.1012708099720645,0.97211440202682564,-13.593157298806915,0.94269503131655141,-2.9246590905862835,0.1245966148904338,0.1565885270116021,0.5094339622641509,1,5
-0.83397321429724658,-0.46974353369429001,-0.28953357385132328,0.51392998063533513,-0.85226139520300248,-0.097603735844462705,-0.20090956383129843,-0.230198885312316,0.95217846035398468,-18.563911342766861,-5.2092332419095246,-3.001117568137146,,0.4198014917244732,0.2413793103448276,0,3
0.8180004619069573,0.54752756359329957,-0.17632019573942706,-0.52472309984509957,0.83586011270029958,0.16125613317202178,0.23567119639225007,-0.039388311746356763,0.97103431869775758,1.9918712770533031,10.432294428438523,-1.4432230707896851,0.2203281635321908,0.2087396697609277,0.6384615384615384,1,4
0.91181636115097253,-0.25979863696094158,-0.31795532983524144,0.33925997272843189,0.9128944252521719,0.2269943595066003,0.23128682288817068,-0.31484668741586735,0.92053135143869635,-18.237723273359386,-1.3066425081980011,-3.4123322965499545,,0.1718315351669138,0.32,0,3
0.94547931849733391,0.26866338108778021,-0.18408923367839347,-0.23481171532637041,0.95401669809374501,0.18632122290226402,0.2256818925818011,-0.13293655411808192,0.96508836690735544,-13.132300745645688,10.259030066273125,-4.1167310900805072,,0.3561068273876392,0.2162162162162162,0,1
-0.35177342045806087,-0.90715065205280232,-0.2309397218743732,0.91397823937734923,-0.38614902221895542,0.12463029561076548,-0.20223560172214605,-0.16723225502133607,0.96495291816573192,-14.029382091074718,-12.238961643247578,-1.2975367378505622,,0.157316074979141,0.5925925925925926,0,3
-0.57775332628217968,0.80000127489000605,-0.16186121877782167,-0.81582109625990529,-0.57214043001435544,0.084209662392592338,-0.02523951004205973,0.18070220949770649,0.98321395363139741,3.4129809111349183,18.434473805415617,-1.8281252327031212,,0.1484102448255022,0.3043478260869565,0,3
-0.56919868948240793,0.80279364023611632,-0.17758159557778982,-0.82201383455072352,-0.56023406471411741,0.10213250482149977,-0.017495933776879254,0.20410821622448816,0.9787919740021026,-14.254530662620349,2.4941166049873482,-3.2426937209037083,0.1911018337443951,0.26521652072294,0.8109756097560976,1,4
-0.19333753563360043,0.96631014013668182,-0.16989794108273634,-0.97850608747070289,-0.17724552466234722,0.10540332428318717,0.071738651352696511,0.18662458856269695,0.97980856744871403,9.5743501702806153,1.3084756189318552,0.78358620147039304,0.3835907267986612,0.2090939445427902,0.7884615384615384,1,5
-0.11226505391951461,-0.96186933815872511,-0.24940716505053567,0.98257061776417987,-0.14488050077799042,0.11646725548770114,-0.14816051692325877,-0.23198494952133294,0.9613695670347685,7.5521708914704426,-5.20302396172952,1.0622722112102274,0.5591399093255105,0.4209179023510224,0.8464730290456431,1,5
-0.87888223279230904,0.4400022253884403,-0.18429341424811274,-0.46011498937243483,-0.88387781075301475,0.083989357738127754,-0.12593735520809829,0.15861291659785776,0.9792761230886371,-17.64119641832276,4.4230271280363258,-4.0021983217392716,,0.07163843063808562,0.2608695652173913,0,1
-0.71715882906974548,-0.65717435921594247,-0.23195921080316428,0.66638618529926175,-0.74407455725057314,0.047775572154203229,-0.20399182809517039,-0.12031174024790246,0.97155155253280934,-14.000480652890596,5.5423216502898223,-3.6865484174111307,0.5471011852118927,0.2865564217197669,0.6547619047619048,1,4
-0.83639414956807789,0.54366700689868019,-0.069792636990747767,-0.54242969873019697,-0.83927434451658534,-0.037263877572313454,-0.078834310447672265,0.0066903098647731968,0.99686528239785432,-22.71610455235551,-1.2966043159401537,-4.1979680463804803,,0.3080505137940945,0.6666666666666666,0,3
-0.86807643774741061,-0.38411719881757272,-0.31447937261497416,0.43288533045260097,-0.89580069935433659,-0.10075414490344653,-0.24300944201143515,-0.22359580633102993,0.94390218056982389,-14.592684971576487,-2.6695739596260033,-2.6109032288647573,,0.101097551354793,0.28,0,2
0.36951122367561751,0.92762569946665718,-0.054516211045363187,-0.90962731857166435,0.37308051574358081,0.18272676344922067,0.18984097788905174,-0.017930155088525957,0.98165111554596118,2.1237380638086063,8.6548861889266107,-1.3102656372668853,0.7455718254817986,0.8284636812674997,0.520618556701031,1,2
-0.75899898404144783,0.63355473972756093,-0.15009641565604301,-0.64645488727436762,-0.76075953372576977,0.05780147545204805,-0.077566880452509313,0.1409018226074151,0.98698027105042707,7.8853853813015249,3.0545063311556184,0.25641038509442654,,0.06952360782510876,0.2916666666666667,0,4
0.42580799393888724,-0.83267636493361119,-0.35403054046040761,0.90430255666890258,0.37849066251829017,0.19743784943255599,-0.030404576955242381,-0.40422133747170474,0.91415571541874652,6.6495345321244965,-3.1527706444259405,0.58253503631166581,,0.1910469757371952,0.2083333333333333,0,4
0.92249686475918491,0.34787476138451512,-0.1672802585517533,-0.30906532974722456,0.92528701747616326,0.21982392326202091,0.23125344636937664,-0.1510863517387793,0.96109040046217975,-13.831391548076104,3.3031031872803274,-3.3242172973448127,,0.09018365191548587,0.391304347826087,0,3
0.012370867373733016,0.99816042568389751,-0.059352558824040391,-0.99203598867191545,0.019692374863682229,0.12440581799884928,0.12534575708876669,0.057340866498230322,0.99045467650421837,-24.519329951870095,5.2867301825623638,-5.2973976993762948,,0.1817354616115202,0.5,0,2
-0.97363032578014375,0.10491791191495045,-0.20257398767032755,-0.1144478350525267,-0.99278091982401728,0.035885070505273738,-0.19734660314543281,0.058122947213519321,0.97860923827346646,-4.1256801828967946,18.960701744771473,-3.472642430245521,0.7715211249539773,0.5560127502837321,0.6615384615384615,1,2
-0.22342787539177575,0.97360312517572101,0.046657680460858296,-0.97209790844652155,-0.22608033444061051,0.062556684479930277,0.071453767513105573,-0.031378926484062063,0.99695021043224274,-1.1691228008173591,-15.309507116516917,1.1511368064005072,,0.4154178780383789,0.1363636363636364,0,2
0.63860812662313426,0.76402257000755724,-0.091919383863993176,-0.73448869136571038,0.64079841751819921,0.22339147334232848,0.22957792330007543,-0.075145862329319649,0.9703850145730849,-0.43611862340020807,-16.60494329051598,1.4537909112321292,,0.5048366833440406,0.3023255813953488,0,3
-0.75227955196385377,0.65490610710770991,-0.071926813985383795,-0.65853118671423738,-0.75079204029237345,0.05145860820458778,-0.020301522647368873,0.086077308895199725,0.99608159558921627,-3.8801126893586835,0.21162097367310298,-1.5401997820844051,,0.368794205285074,0.3342776203966006,0,4
-0.95530120664516494,-0.20857011646764967,-0.20951876073269118,0.1943990930134307,-0.9771163047951833,0.086329134936949464,-0.2227298750007444,0.041740069718167898,0.97398622647452027,-6.9218462479108211,25.11078706766148,-4.4316815744341973,,0.1441832831209192,0.5833333333333334,0,1
0.97192505636358206,0.13541974896351147,-0.19241407537731139,-0.062043663206427138,0.93633271865169421,0.34558880745512155,0.22696314385506208,-0.32394834707555642,0.9184471676468059,-20.116878838454848,-11.33293967723184,-2.5110425897628637,,0.3536699658392399,0.1935483870967742,0,4
0.729356764442326,-0.6318218201609419,-0.26237358428533847,0.68144904171299625,0.70488533544006715,0.19688541700690529,0.060546789433134636,-0.32239393829608254,0.94466726144144619,16.623282056027637,-1.8246796171127642,2.3531384632732166,0.2325787969329571,0.222501791254626,0.3333333333333333,1,6
0.46985970737042171,-0.85037331647102754,-0.23684821726972666,0.88273394637972979,0.45154709321276726,0.12994615238616852,-0.0035546165265045808,-0.2701304226575868,0.96281717862540439,-2.1940984268587207,3.6068802751548028,-1.6250807293474523,0.4539898482342332,0.4394438880976498,0.7110831234256927,1,4
0.89587093220183744,0.39957591360961986,-0.19430481748749207,-0.3765561228364675,0.91492497124960559,0.14531959034581432,0.23584053763120802,-0.057020928148756374,0.97011744369580177,0.33513951226462757,-10.769122224491742,0.73066616535755113,0.4103623602653158,0.3554808918898562,0.9575289575289575,1,5
-0.69794686249090787,0.71216654614367203,-0.075425378307909713,-0.71388256003723261,-0.70024152926349748,-0.0057871555539633244,-0.056937400834470825,0.049805735096591822,0.99713465546921176,-3.9003729569321273,16.76850675887809,-3.214481210679883,,0.147648970524922,0.2631578947368421,0,1
0.97906210309321484,-0.028075981587675495,-0.20161631269463376,0.081436412363520339,0.96175311762736626,0.26153212321892877,0.18656234622251763,-0.27247509976497075,0.94390243721478961,5.5723384260815054,-13.769454911845266,1.9955242495288881,,0.2012001480602292,0.3015873015873016,0,2
-0.73593560506872568,-0.6257324539253758,-0.25856852340657521,0.63916577233424066,-0.76805430515858286,0.039493034876305753,-0.22330674120702904,-0.13620381944679344,0.96518527698033363,11.326393752746212,-17.770611187619565,3.6293256760118608,,0.1141099829760036,0.1875,0,5
-0.54574684054132461,0.82240505745289783,-0.16065586673090548,-0.83795008133899929,-0.53557279610777064,0.10488775549734111,0.00021730882970790865,0.19186375776889444,0.98142154614195876,1.058332254530405,19.672649502731002,-2.4436533371752729,0.6006000016436598,0.5313381501614916,0.8641975308641975,1,2
-0.92107533388603002,0.35863932122903475,-0.15165113443398684,-0.36716977335032863,-0.92961661923475081,0.031611687402295446,-0.12964022078277387,0.084798458187217166,0.98792845623783143,-14.330409277210958,2.6342803387864624,-3.2869502372013706,0.2900663177115294,0.2729752079317365,0.7857142857142857,1,3
0.6446553047695478,-0.6580883985412519,-0.38902338970541545,0.7634404144875776,0.58063940045774098,0.28287209152390963,0.039727466059606371,-0.47935117225421014,0.87672354941509234,-21.067969475168589,-2.3688736303761631,-3.7477022385887824,,0.797920122280396,0.1111111111111111,0,1
-0.73209638389390397,0.65713853093773156,-0.17945427229929653,-0.67770036442405257,-0.72927984571107185,0.094197254201715055,-0.068971738770140539,0.19057769490849683,0.979246159785367,-11.832182667064419,-2.7115509605906087,-2.0946947304768426,,0.07211602898518482,0.2456140350877193,0,4
0.12989083078715649,0.97862995168896461,-0.15941075790133438,-0.98061958273284644,0.15057353558140529,0.1253508848926683,0.14667517185359624,0.14003938031771934,0.979221816506326,-13.209498841803407,-6.1807391008097285,-1.898010867436299,0.2684851844921816,0.2639346026402682,0.860655737704918,1,5
0.86335802059022348,-0.42074805476755772,-0.27853905056894201,0.49308276193248962,0.8207061162148106,0.288636208214822,0.10715557926472702,-0.38653918975560358,0.91602682090401866,5.7614902008819788,-10.592795151155361,1.5312084730812485,,0.2370514880355877,0.1621621621621622,0,2
0.69406182649842529,-0.63888145917212846,-0.33182625291522982,0.71724040318319693,0.65334665528860869,0.24228981007213979,0.062003105077690843,-0.40616330354831476,0.91169456826913531,-3.0297909853489733,17.122281504785263,-3.0753580118698101,0.4823201289879503,0.3707193460631732,0.1538461538461539,1,2
-0.12171314962284412,-0.95533026921756059,-0.26931391706629565,0.98167186488265723,-0.15595031049129884,0.10954382846822221,-0.14665012412778558,-0.25104497082071164,0.95680205043620958,-17.020729190714643,-2.6274341381901638,-3.0273449683426628,,0.1015906416640289,0.36,0,1
0.85661803647143298,-0.40516155758411998,-0.3194521119789881,0.50273305467703566,0.79469331690990697,0.34017937590898523,0.11603885266117882,-0.45200292511745976,0.8844367362103055,-14.117638264298414,35.432959164681087,-6.9307640011218146,,0.2584348505693883,0.2,0,1
-0.45503713848516714,-0.81036690737924999,-0.36911607662606627,0.87033680917968759,-0.49239069034471622,0.0080775397723087446,-0.18829509071176073,-0.31757972776366422,0.9293481991844641,-9.2049583409107942,18.474784888572913,-4.365933000741097,,0.3419674276991894,0.1857142857142857,0,5
-0.61784963566912454,0.77766095682692904,-0.11621215052891473,-0.78592978877417341,-0.61529138113363646,0.061080957916896085,-0.02400405842588723,0.12907343851345773,0.99134446720067992,-10.435722300586464,-16.893488337635251,-0.11165833568700712,0.4268679640339924,0.4306007215310063,0.3636363636363636,1,5
0.15606375451351023,0.97595328163442963,-0.15218178798442114,-0.97520861890822019,0.1767136798738175,0.13319318658466248,0.15688293130315237,0.12762236250924999,0.97933665225666366,-13.587584787815784,-4.9685348181167077,-2.0847175843619743,0.320838324552028,0.2926789182377396,0.8695652173913043,1,5
-0.080620461650797212,0.99645658420863148,-0.02397116915128342,-0.99112104896307851,-0.077591281178297625,0.10797527211097015,0.105732717100905,0.03246334659854818,0.99386453989569612,-24.082251575565316,-2.0080372961937898,-4.3510643194953014,,0.2280053639311545,0.1666666666666667,0,1
0.18417491004502692,0.96812765646438192,-0.16973050196912212,-0.96998471084631344,0.20692061630892292,0.12772438792466315,0.15877425242872534,0.1411123642177376,0.97717861081307988,5.6104209858325049,-15.08463439389052,2.1662211513651899,0.1724178326312192,0.1340663798390484,0.5,1,3
-0.94387415292969012,-0.25167265604925454,-0.2139216156174337,0.24513459431514986,-0.96781144748139947,0.057009058875806935,-0.2213834097244107,0.0013697886961000201,0.97518588462801381,7.6732376219792178,-24.42688585666567,3.9242650521468052,,0.1336547209949161,0.4,0,3
0.54047706864553213,0.82520471689766639,-0.16407837602248046,-0.81340854099370652,0.56233810455032773,0.14880323117874203,0.21506065122848947,0.053038018256592677,0.97515941512790183,-2.6814651045370552,23.728659654092997,-3.5366108838343377,,0.09214730256010537,0.5454545454545454,0,2
0.43121856555539195,0.88789256185511611,-0.16030392173215885,-0.87843341827141264,0.45370832659555604,0.15001161302333685,0.20592541947111151,0.076128529344919357,0.97560195194322386,-9.9836919262722521,19.529705489961732,-4.5203284783885049,0.8929988361688971,0.8210515209903326,0.9685863874345549,1,5
0.76459257708043615,0.62909941406214642,-0.14011466126056218,-0.59815183437010844,0.77358319022833,0.20924490635577009,0.24002619463961097,-0.076177260536361105,0.96777293352521709,-4.7117975795742177,-11.89874372429399,0.1369521567712518,0.1115192051823273,0.1188467344926716,0.15,1,5
-0.34173109340071023,-0.8240083314959602,-0.45191827737811152,0.92093148609473796,-0.38948103492801683,0.01377393737242236,-0.18736343752849297,-0.41147878810048716,0.89195299720381127,1.5605001502123959,17.080726832526281,-2.0870751681912085,,0.3922401024659525,0.1111111111111111,0,2
-0.96703872465053575,-0.14914860444805864,-0.20637538326424049,0.13033348011459675,-0.98620765656016784,0.10201785188544753,-0.21874480333823623,0.071757591468078238,0.97314005111248914,-12.547062161497214,-1.9018576467030683,-2.388503403745506,,0.07573729191432245,0.391304347826087,0,3
0.12505469223099672,0.98274384743570309,-0.13629326571141642,-0.98276239204454574,0.14154955188684784,0.1189193219940153,0.13615948271748987,0.11907247661783402,0.98350512991961658,-18.9764020404596,7.1245915003063249,-4.5607593005117293,0.353469355189129,0.3167353163540921,0.9065420560747663,1,5
-0.9594327561090934,0.17089175595651879,-0.22424271281583882,-0.17063578428843693,-0.98511736410211315,-0.020669012186728387,-0.22443755395472301,0.018433303843932141,0.97431411653748434,-8.9069570849986501,-4.2675097963336679,-1.5105086208643681,0.2946941763742987,0.2362075739649756,0.3448275862068966,1,2
-0.31385148544410985,0.93745179838501824,-0.15060335583652279,-0.94799135988090732,-0.30053974917582599,0.10482480983279459,0.053005911704974554,0.17567010237951222,0.98302105188764821,-7.9013278168054129,-4.3417868592031903,-1.3457616665770795,0.3133267532253315,0.2762302482423328,0.7797202797202797,1,5
0.96398361724591908,0.18564297102488145,-0.1904528104033327,-0.15790895299338417,0.97571418689813671,0.15181102743292663,0.21401015921214114,-0.11626913947717431,0.96988717846934713,-9.1722780833578064,7.8536645628215203,-3.1737423347974749,,0.0864156545877713,0.2875816993464052,0,2
0.74680949354329018,-0.56225095523894564,-0.35517522955086406,0.66094796910845832,0.68664125454182112,0.30277313238238285,0.073643482298302115,-0.46086619630227671,0.88440883454477837,-13.469634276942793,6.9185728370183979,-3.7849237086150267,,0.3181234816717083,0.25,0,1
-0.56424564799986965,-0.78888058582942333,-0.24350414783866056,0.79706996430453936,-0.59738425587084243,0.088382819830553044,-0.215189034843245,-0.14422022097842235,0.96586448694636651,-17.880046629136096,-4.2842266772294035,-2.9649777872378209,,0.1124596217420221,0.5,0,3
-0.20152505775904592,-0.94259010365578566,-0.26629222216465176,0.9661062193861838,-0.23606449203523883,0.10446209103535949,-0.1613270713753531,-0.23621484307790599,0.95821507186598376,-18.462619120195487,1.1923795496594898,-3.7324208002154888,,0.06360863641109012,0.3333333333333333,0,1
0.91496799334162926,-0.34458751970602008,-0.20998336225340969,0.39264850518410988,0.88027594301843637,0.26634829738462396,0.093063003052113069,-0.32614982049030344,0.94072608768815746,-2.2999255478791456,10.781748328218415,-2.400976525206528,0.5814556441054766,0.3499222023182649,0.2461538461538462,1,3
-0.97469402046383358,0.15183625443022675,-0.16406498198167574,-0.15131330200470872,-0.98836029949682602,-0.015754460161376847,-0.16454741294982411,0.0094694360520607163,0.98632371900526483,10.216507588866056,4.2590581594283128,0.5966051645934991,,0.1968453128412077,0.2962962962962963,0,2
0.30122394567506866,0.94623332225647605,-0.11792639400666435,-0.93948433181969282,0.31566704631815495,0.13312965910749364,0.1631971961071905,0.070688158274520782,0.984057853717203,-7.2173562771654991,-13.725289215671607,-0.0014504760557554311,0.3783707528981924,0.1509639168530386,0.5909090909090909,1,4
-0.60244890048707456,-0.7170030744911835,-0.35065925550611804,0.76410154002889408,-0.6450659739497312,0.0062230039174918659,-0.23066026711895413,-0.26419023528979069,0.93648244017180471,-10.39282603740657,7.3851936105149294,-3.3398416639692723,,0.1479914044814173,0.2115384615384615,0,3
0.68643249436737108,0.72520756441917145,-0.053706789010335397,-0.69941808975762498,0.67862769817781121,0.22422930893547183,0.19905970560709291,-0.11635478406622334,0.97305539299082,10.463923067265288,11.249685706494249,0.13093040875133763,0.5007801677963623,0.4231338140172416,0.4594594594594595,1,4
-0.91085722157314664,0.37320523502150715,-0.17622989093962077,-0.3876079923209248,-0.92020291391607778,0.0546501739183246,-0.14177152816059693,0.11808661978777624,0.98283080132345679,11.289408687172571,10.352347505135159,0.34533410243728624,,0.09554971947851923,0.3125,0,4
0.64121334928638452,-0.67492198107795742,-0.36513800152099068,0.76625505604287714,0.58871200343137076,0.25743225536934966,0.04121443661710119,-0.44485783849857929,0.89465237592078639,-12.717391543617552,15.679655019688168,-4.6130806171394818,,0.1938719788615975,0.3125,0,3
0.6671755713247054,0.73797893090569666,-0.1013106833795844,-0.70963538294992823,0.67103596813630051,0.2147751213080499,0.22648262691222554,-0.071399068668040841,0.97139476666300573,-15.481541125520023,6.619748243818548,-4.0134748541408367,,0.1872889220186519,0.125,0,1
0.060602975450313172,-0.95051146265829189,-0.30472157574048347,0.99271517910925799,0.025546191516261828,0.11774534073621899,-0.10413382031137899,-0.30963745163369527,0.94513533211553813,-9.8024555149009593,-12.194720071298578,-0.56945959719586148,0.8738864034414058,0.6947033847530488,0.5428571428571428,1,2
-0.83455801993640655,0.53929780346748102,-0.11256460604903516,-0.54195875900690249,-0.84036606688054538,-0.008097973290953563,-0.098962694463735332,0.054247145647239821,0.99361140909995838,12.656247599936519,0.88202257838484388,1.4673611099119226,0.2456636617698987,0.1625591439645394,0.1904761904761905,1,4
-0.55149911738075053,0.83161286987364802,-0.065335734393727002,-0.83416594552406309,-0.55017300430812421,0.038429684600819081,-0.0039873369808481147,0.075694781795624555,0.99712306219077818,15.806348885342411,-6.4414898245830932,2.8201562278950232,,0.2174533975723646,0.3333333333333333,0,4
-0.30234211006049194,0.93853194220499236,-0.16657443364782723,-0.95161975670592625,-0.28713964564616823,0.10941052300920036,0.054855146806140502,0.19159493041079645,0.97993994484853975,12.653122695594718,-5.4933176388874347,2.1061398901390995,0.169564292737789,0.2184269630597998,0.7090909090909091,1,4
-0.30060717192174113,-0.92914167981330198,-0.2152465261576296,0.9367852918102918,-0.3300180864326438,0.1162814674625408,-0.179077204683116,-0.1666847367369024,0.96961206330255112,-2.4054581787030078,8.2389721140121104,-2.068383049785913,0.6775086102788703,0.5518304737579185,0.9840783833435395,1,2
-0.076499229772458627,0.99225621872291736,-0.097854301131420601,-0.99135278656569159,-0.065198920464035595,0.11388043439837833,0.10661857442612686,0.10571989962170104,0.98866363461559492,-1.8876876292303806,12.705491202285874,-2.476794513349295,,0.06722207643739814,0.3529411764705883,0,1
0.52720684214864932,0.84970281676819148,0.0076202865990031565,-0.82584553833121976,0.51025156569356933,0.24004684235723636,0.20008021493907857,-0.13284751741550521,0.97073139678619158,-9.3392690744092786,14.027537005949553,-3.9417822933339544,,0.3880110634640719,0.1875,0,3
-0.77999358081201919,-0.57500325708223954,-0.24694385644688466,0.58040114188961556,-0.81225719999260859,0.058075429859776741,-0.23397548671874602,-0.098028033770872658,0.96728794896335957,8.0644166898071852,-5.9841881655760938,1.2753404127484789,,0.1261834019918148,0.25,0,1
-0.82940313238447794,0.5299683393709308,-0.17670315009991744,-0.54875352685427647,-0.83215537054538635,0.079918746470798788,-0.10469006999619818,0.16325133548271181,0.98101426631181188,3.2639335571768968,5.0389979487507066,-0.82321801113937021,,0.08791393236839987,0.3090909090909091,0,1
0.6659847140244437,0.73501087128328557,-0.12737103195454583,-0.71127897392379591,0.67715317123582675,0.18853594866543635,0.22482567010840362,-0.034965722939033432,0.97377143944544764,15.858378533677367,-8.8442640207956504,3.2410877894831764,0.3173297590606641,0.2788769579559618,0.2941176470588235,1,5
0.93913422156724147,-0.25694094214168928,-0.22805320899437512,0.31250917128514377,0.91465242256550738,0.25641560747684827,0.14270575231560825,-0.31207739127721112,0.93927779176857318,-13.559953141691429,-19.200398452128045,-0.37124430856002377,,0.2346631451366258,0.2857142857142857,0,4
-0.912237883535022,-0.34444086800980384,-0.22177135136937043,0.34572170597110469,-0.93771022544603744,0.034293368373073535,-0.21976930145944604,-0.0453874601469966,0.9744954759245591,-10.498141895896543,12.152464686427232,-3.9188959385909121,0.2102753229533612,0.1501228433504922,0.3157894736842105,1,4
0.20494208304960601,-0.94389824102740039,-0.2589495185951638,0.97532449257649489,0.17475037510526045,0.13492383251661977,-0.082102842677281504,-0.28021137911574812,0.9564207788616681,-4.4562717859913077,-16.613053251592628,0.85047363150044764,,0.07288541599449101,0.1923076923076923,0,4
-0.81832601146519457,0.55968708201410144,-0.13073985309004826,-0.56608705369654821,-0.82421145524049644,0.014863535498175916,-0.099438355761890307,0.08617335595695845,0.99130528402025997,16.84503334861974,5.4537087927410548,1.8873980805974579,0.2884020197329023,0.1765559382301447,0.25,1,4
-0.45293579226784475,-0.85456067107953948,-0.25411656287378803,0.86845729961242846,-0.48734871159225612,0.090956869225241307,-0.20157154271520913,-0.17949176235542441,0.96288712755647332,-9.5026019075035766,-3.7547246445602802,-1.6850688846028636,,0.0778811017687895,0.2884615384615384,0,2
-0.85814388109146278,-0.4232742706560505,-0.29056491726612593,0.45651132817564893,-0.88804003082442184,-0.054610538366380967,-0.23491804228834184,-0.17950987564462709,0.95529561809602404,7.870971849336728,3.8911819679718853,0.2148858965968008,,0.5905230899405725,0.1923076923076923,0,1
0.029220035114619916,-0.91094243435175848,-0.41149735217276134,0.98939876295435802,-0.032229184538614668,0.14160285141325057,-0.142254270277864,-0.41127261148934918,0.90034357976632706,6.5554692180131884,-8.0938007011070763,1.3384027966454486,,0.2560354079214472,0.2894736842105263,0,2
0.37419235083064017,0.92733183306584832,0.005979628966303622,-0.90936365592762314,0.36566282587330023,0.19836440974202618,0.18176310367560558,-0.079664102060389652,0.98011009839972851,10.289835965345807,7.4886097106881477,0.4074241478287241,,0.1537927302570847,0.3333333333333333,0,3
0.27024041303642965,-0.89047846614444492,-0.36608499080806123,0.96210582626555463,0.23540260641882246,0.13761537689190634,-0.036366168725566105,-0.38940173885624008,0.92034981803005889,4.3846111813732085,-4.90951798933283,0.43313297090003772,,0.6883832180931421,0.4035714285714286,0,3
-0.37989668176238323,-0.8901105112980503,-0.25175740081009212,0.90594946485059813,-0.41300786965340708,0.093166875772826799,-0.18690660320824787,-0.19268569557981541,0.96329546059144155,11.031548589659183,-14.810534280381921,3.1867959848633962,0.2396358142836044,0.104214964398324,0.375,1,4
-0.68831617783126686,-0.60803439372336765,-0.3956197863924561,0.6857446851974619,-0.72326608833158212,-0.081488601613762993,-0.23659050289305839,-0.32738408867718211,0.91479210338842631,8.0374281194313166,-8.0894456075004495,1.5913227840027846,,0.3742524051882191,0.25,0,2
-0.63771034590080178,-0.73719106216554009,-0.2233267843191275,0.73706451383834037,-0.66822116277198707,0.10107611025313902,-0.22374408857292896,-0.1001489664794207,0.96948892069057369,-6.6228011997181326,-14.920580570392566,0.23960537397613688,,0.06124968828645454,0.2666666666666667,0,1
0.050861717210791586,0.99396291185865038,0.097215305234531188,-0.99009709358184317,0.037430560604454384,0.13530224836869628,0.13084659339530993,-0.10313429585889387,0.98602357274790053,27.077720284753227,-6.0046405584303244,5.2076193026376849,0.6306409257284722,0.5335256998993365,0.5740740740740741,1,3
0.13080042517496665,0.97884083630941132,-0.15735903516208077,-0.98021132067711381,0.15147162245319415,0.12744455424939249,0.14858336242822504,0.13757530579464491,0.97928342151035819,13.086619660905752,5.782370708819605,1.0287375938393692,,0.1234647116728845,0.5142857142857142,0,3
0.81521215220755527,-0.48084049937808376,-0.32283364299738349,0.56514714194634674,0.78232380432594961,0.26187434608004412,0.12664065241068087,-0.39593165993995716,0.90950550620333759,23.662328797196608,-4.1877757994183371,4.1048004681504633,,0.2377021292211011,0.4285714285714285,0,5
-0.18998399669066926,0.97865380951640635,-0.078376030267332558,-0.9785893211198442,-0.18232286098960293,0.095505575495722819,0.079177153217598079,0.094842477190297134,0.99233859288489135,18.871966657617747,-3.1951832300659699,2.9239036191526147,,0.1785362537691856,0.5217391304347826,0,2
