axis_00,axis_01,axis_02,axis_10,axis_11,axis_12,axis_20,axis_21,axis_22,location_x,location_y,location_z,dbh,dbh_approximation,score,reconstructed,number_clusters
0.25729720190414707,-0.93303581118486656,-0.25148026749407865,0.96593383922755538,0.25580204366710002,0.039206283818404811,0.027748299540884869,-0.25300096739406364,0.96706801331150249,-7.7537905109819105,17.716919492144431,-1.8465168979093622,,0.1054335538420444,0.3055555555555556,0,5
-0.73213580680902368,-0.66246345521529337,-0.15849079119089315,0.67505197988598686,-0.73674456566940949,-0.03888790825698181,-0.091005411048520141,-0.13546075247394954,0.98659434404373192,-22.79073174732725,17.615434182199724,-3.9428790636167443,,0.08064474577455778,0.3076923076923077,0,3
-0.73921430552211342,0.6638684442710886,-0.11331769152495916,-0.66794486296750011,-0.74420603832297327,-0.0026518972368243209,-0.086092221174671898,0.07372964956319715,0.99355526682137885,8.9938452423933288,-2.0586476066361796,0.19114056741694968,0.4517781326136581,0.4229758652281966,0.9841897233201581,1,5
-0.30632387431646013,0.95192579018912094,0.0017245279268037945,-0.9517916800110876,-0.30624912820644418,-0.017437583962927668,-0.016071150718747748,-0.0069829396109211701,0.99984646654822218,-3.5846046400512095,20.527923036897452,-1.156727588001474,0.5915184060231662,0.5637250004157253,0.7205882352941176,1,4
0.48693593019744935,-0.85717248609672214,-0.16777582949134887,0.87173272727857998,0.48893153010611395,0.032062611552161911,0.054547704573107515,-0.16186811899463088,0.98530363846833846,1.0463205969348863,-11.501932271447306,-1.0133630589099805,,0.08358060419073961,0.2916666666666667,0,5
-0.4584531340877388,-0.86738903405652579,-0.19353807750315197,0.88753392881094129,-0.45809417486039261,-0.049328005923523481,-0.045872094507933475,-0.19438618921482681,0.97985190737579952,-16.844997091781366,-19.018255340393246,-3.299086088680244,,0.2647102856187832,0.5454545454545454,0,4
0.74257766812153991,-0.64411317600711315,-0.1835664002512595,0.66419967315657202,0.74345692153651588,0.078170326839217957,0.086123173338418541,-0.17997228206998009,0.97989426812317071,-5.5046387832966284,20.619114575206456,-1.4515079671067617,,0.07191508882139971,0.3043478260869565,0,2
0.15070403321810549,0.9780425029848131,0.14394845163112296,-0.98835515059627566,0.1459660150209621,0.042988588587139567,0.021033084928517631,-0.14875074727241502,0.9886510125035467,4.5630312883979283,-22.265418790471347,-0.50896019900825995,,0.4783159007312193,0.15,0,1
-0.015974620611675792,0.99956923849630608,-0.024620092368384978,-0.99984960713072724,-0.015803162991825666,0.0071430497677643003,0.0067508974843339831,0.024730497192102262,0.99967135994375067,13.809720500888755,2.3481976323780769,0.935657108729822,0.1737293396397478,0.1350391462757786,0.4571428571428571,1,5
0.43080895393427998,0.90205487546236141,-0.026469734880329061,-0.90079971301150052,0.43160873922998333,0.047684098593794057,0.054438242518010591,0.0033011929491994574,0.99851168239368249,12.575227740929625,4.0821372545709362,0.80322873190029476,,0.3277204060786318,0.9,0,4
-0.61633249226120956,-0.74616668838821754,-0.25173305727069123,0.78662583325628455,-0.59829297292219819,-0.15252972499082584,-0.036797519440105633,-0.29202875148122159,0.95570139210496952,-2.1268760044929893,8.966302767492488,-1.1589174797085493,,0.2574585474897887,0.1788617886178862,0,5
0.54620914761258132,0.83718282114226417,0.027937269884810843,-0.83150403075757806,0.53786825107583924,0.13892008968655073,0.10127494210434601,-0.09910937629153671,0.98990944920879698,1.3082965122123578,21.152018246706632,-0.49574673757186727,,0.2568284306279147,0.4,0,2
-0.52181374813914128,-0.82614606088577225,-0.21258668428644084,0.85279423808747545,-0.51140734515690978,-0.10585138073905473,-0.021269690589748674,-0.23652740518274745,0.97139198414426553,-11.777403022975635,7.4987251084027031,-2.6147694531069319,,0.7248285786389099,0.4612676056338028,0,2
0.95918769065462595,-0.25692302936578154,-0.11810813298904289,0.26437652339952372,0.96300421451513218,0.05222965346694234,0.1003196290455101,-0.081323058277499471,0.99162620589643957,-13.837470592123166,-17.646328939861064,-2.9613597118717712,,0.08370069573380887,0.5294117647058824,0,2
0.98876525198538878,-0.05922038462881473,-0.13724511834920428,0.078698846114966456,0.98685453408963308,0.14115459669067795,0.12708173781643323,-0.15036979281474841,0.98042804800883088,6.0998809095197553,15.416399003157418,0.095013679943837706,,0.2585677791227681,0.2307692307692308,0,4
-0.9671739872252475,-0.23463032399303929,-0.097586318189267884,0.24056839106038819,-0.96911913774591774,-0.054175142613793456,-0.081861637275538607,-0.075872972246578324,0.99375146008699644,3.8980065698621207,2.8414138535750371,-0.49415472279014905,,0.122772616640534,0.3057851239669421,1,5
0.92475839189394915,0.36775030069792231,-0.097885815919906957,-0.36339346525900967,0.92971556971964486,0.059784185433326226,0.1129916192855346,-0.019714861335171877,0.9934003312933658,-2.2515537955127494,15.794893107003343,-1.0471661379799253,,0.06873461204772693,0.2758620689655172,0,5
0.91149817979802239,-0.37311949190609339,-0.17306909887276406,0.39768244210885018,0.90688569418108067,0.1393090554416361,0.10497496588821965,-0.19580649235773193,0.97500773027054966,13.203433036833498,-8.1703295274261123,0.72091655166939961,0.4504466091866883,0.4249482766745494,0.3809523809523809,1,5
0.69567751103720987,0.71695673117806291,-0.044786674977487735,-0.71310837980835018,0.69677465294584484,0.077340297771002875,0.086655866992273636,-0.021866152626008502,0.99599830927826027,-13.696017978134007,13.518391764142196,-2.6985189245363999,,0.6381127584792265,0.6666666666666666,0,2
-0.5965826759968178,0.79766304622471773,-0.088446454920368553,-0.79925601778135413,-0.60049099355961988,-0.024502748704450704,-0.07265623676442913,0.056073445955153033,0.99577951370669759,4.8423603049963289,-6.4577561977600038,-0.44847791015917587,0.3290524001085169,0.2780995537396292,0.6932515337423313,1,5
-0.40965467647536358,-0.90008638645865202,-0.14841678797788044,0.91071307120755829,-0.41293123150836014,-0.0094604427320266783,-0.052770711323252437,-0.13904062340479864,0.98887964741400292,7.4922296345344392,4.8784904885702582,0.075719851280125761,0.5629752223983484,0.5814007649341576,0.9824561403508771,1,5
-0.27039502330755844,-0.94619652190764736,-0.17776015667290238,0.96228339751427583,-0.27136184909848177,-0.019323812311093633,-0.029953200812041652,-0.17628071018611963,0.98388409732924831,2.4166981678973229,-7.010656957310605,-0.78537143357080752,0.6027916010332187,0.3180866723315415,0.7443609022556391,1,5
-0.99290153205463372,-0.0049321245523951751,-0.11883695465199685,0.010423323632592239,-0.99890399552241316,-0.045630713930527235,-0.11848165245307539,-0.046545481808216646,0.99186471666010467,-2.6185871041928412,-13.142569573884952,-1.5154459344289237,0.4945924767408572,0.4480895616441722,0.9347826086956522,1,5
0.9836363479122332,-0.106661129624168,-0.14519965045819191,0.13162948703806424,0.97573954099574212,0.17494578097089364,0.12301712566948055,-0.1911955845847812,0.97381262839793981,-13.648558128910986,-4.1481326059817318,-2.8764587316862045,0.3934296283449863,0.4559653207978551,0.2533333333333334,1,4
0.70821369166042691,-0.68251654563661179,-0.18056725028912651,0.70129146354771643,0.70957760993457808,0.068482834598414338,0.08138581018710396,-0.17513075233036182,0.9811756058363813,-2.2910088110549602,22.801295292594208,-0.95166598603434571,,0.1226840665375865,0.4761904761904762,0,4
-0.12335653177932888,-0.94744997671262099,-0.29516386583494492,0.99223698057753618,-0.12248777320415243,-0.02150627326765258,-0.015777846549838898,-0.29552544229345479,0.95520457102942513,12.606890069363139,1.6190465712692579,0.75847865971701989,,0.103927329268129,0.1363636363636364,0,2
0.83240705718522157,-0.50589429666745356,-0.22620665716901783,0.54523304402062167,0.82064411571036633,0.1710677148323381,0.099092980862652433,-0.26573331734897998,0.95894024067950157,-7.3222654754998802,19.639118810489538,-1.728426661584024,,0.2126207521218609,0.2941176470588235,0,2
-0.9077266105472237,0.41459902896616135,-0.064343186778142311,-0.4055271803645133,-0.90631707445786158,-0.11889939668372279,-0.10761090321179546,-0.081835235238018098,0.99081930127722206,-0.49415229048078541,-13.788820283363235,-1.2597201097411832,0.2623606776090824,0.3691829329072993,0.5396825396825397,1,5
-0.92169643596419848,-0.35197495872189222,-0.16306228369435394,0.37398435584539497,-0.91790969429146296,-0.13258014447367331,-0.10301156009788844,-0.18318138977111498,0.97766722197674394,4.6257015778076571,10.255097477293825,-0.24223047548651508,0.9569291338114549,0.922271275002805,0.7727272727272727,1,5
0.98930275558855651,0.10440765379794038,-0.10187786615991799,-0.083004986662538499,0.97719874354549352,0.1954297515790803,0.11995928465125391,-0.18488282083935925,0.97541176565819665,-20.371086169653523,-6.3500396286978011,-3.6982617177418464,,0.502595015363933,0.3888888888888889,0,1
0.59985205205654413,-0.78573556114997356,-0.15098722988348723,0.79736891956417366,0.60266552018031505,0.031576524489770538,0.066183999249180905,-0.13933376737218631,0.9880312644411906,0.78007499525753932,-4.7531454206118529,-0.99073330760261369,0.226075240346139,0.1133696070508712,0.4272727272727272,1,5
-0.71668285565237411,0.69430079374262443,-0.065666522843227229,-0.69248537858093739,-0.71962933284260011,-0.050966888899859661,-0.082641907441529661,0.0089460114507172398,0.99653915327675413,-5.1812341131568722,-7.5335145403976203,-1.7877628353571771,,0.07566987120558996,0.2307692307692308,0,5
0.0053998147643043466,-0.989575316140341,-0.14391502939670817,0.99997486725380225,0.0046823482664123455,0.0053235773173095201,-0.0045942204183677506,-0.14394015874819718,0.98957572920837722,0.99431976895835972,12.131705777930208,-0.65862419015876528,,0.07572614082144201,0.4722222222222222,0,6
0.54419471610455417,0.83826695868955003,0.03406782842002623,-0.83532652041926103,0.53761696546586146,0.1148808196677323,0.077985352779446432,-0.090975295617280946,0.99279493367926419,-0.47602739157168861,-7.6524339124695198,-1.1767930839648373,,0.5087570131839042,0.2666666666666667,0,4
0.091500236121600798,0.99351500665217674,0.067495469082122214,-0.99544974124158414,0.089446754395281519,0.032849517351303564,0.026599237804018263,-0.070194085826902688,0.99717865543901929,9.0910082967873613,8.3684943421263682,0.40266449428080475,,0.4210162065368518,0.3181818181818182,0,3
0.64555943019697071,-0.74511973853755165,-0.16748014009276632,0.75970301259652007,0.64897550550720218,0.041013728231449074,0.078130370122852538,-0.1537119660059095,0.98502196765912997,7.5573502190356399,-2.1217296035269184,-0.0088186443034770148,,0.07595200135536008,0.1132075471698113,0,5
0.80438431773624619,-0.54874180505548398,-0.22770221949827635,0.58456399886458588,0.79944972790119895,0.13843794201786788,0.10606979122934489,-0.24446382951910689,0.963839527849639,17.268592485279868,-0.33309710872569337,1.4035772806429285,,0.6467225002928331,0.6808510638297872,0,2
0.96473443496106726,0.25324307098057308,-0.07180123258468761,-0.23810340881548012,0.95586429924068905,0.17213427359929559,0.11222404693647578,-0.14896774294268275,0.98245324308679671,-11.457830179932911,-10.062950592920812,-2.6390039223862902,,0.369512255912726,0.2666666666666667,0,4
0.99236343331628651,0.036886080091169407,-0.11770400720545157,-0.03193369785640697,0.9985347453996587,0.043687540224376063,0.1191430029751176,-0.039595193207617931,0.99208727716714729,-0.18592262615536001,7.0998397142918552,-0.95702717948388838,0.3060683100467174,0.292630911707725,0.6829268292682927,1,5
0.11848562152426724,-0.96295370723366203,-0.24224226554619555,0.9926372710707011,0.12104730320530896,0.0043357200132156,0.025147675306458155,-0.24097242189028084,0.97020610506995486,13.106494264636307,7.1790965418451274,0.90672742158782238,,0.3677881847128587,0.6666666666666666,0,5
-0.66271364329652294,-0.69349065303638113,-0.2826328734238519,0.74765894706446112,-0.63418921881341284,-0.19700287717517206,-0.042623067265406753,-0.34186949102253578,0.93878033918743853,11.14948437978658,-14.594234211777975,0.405307118031969,,0.2177364985625324,0.2777777777777778,0,4
0.78098279244231938,0.62245507021541191,-0.05114257983446454,-0.61722683690745239,0.78173540597899049,0.088998802464334739,0.095377721246733049,-0.037939960490105076,0.99471787441856663,2.4836316100438833,8.4056410156526251,-0.53023369618278915,0.6267991412846793,0.6029046667102651,0.8508771929824561,1,5
-0.97799290310923959,-0.16601158031638588,-0.12637261043761497,0.17834736674604323,-0.97951883136100204,-0.093461627334051237,-0.10826863923922485,-0.11394303054611481,0.98757019373169286,8.2625618389740936,-31.991321781273747,0.11985128646827191,,0.3709740717077846,0.4074074074074074,0,2
-0.7269843687485793,-0.65010602269522444,-0.22103367809142965,0.67758143181924746,-0.73135014976111634,-0.077526522546621596,-0.11125255434824161,-0.20612888613629379,0.97217989665041038,-4.3366040544392339,-16.717073370960804,-1.68798191326027,,0.3883256307338013,0.6666666666666666,0,5
-0.016105299313953138,-0.98755424392559799,-0.15645202024438659,0.99986171556768011,-0.016555219476836823,0.0015730385028294778,-0.0041435583820679514,-0.15640505110966121,0.98768430731247336,-1.9426094745532352,-2.199242487728994,-1.3659738374957471,0.2274745174232591,0.1716713294133977,0.4325068870523416,1,5
0.066468618677902797,-0.97280486555136991,-0.22188424074420496,0.99777799764495267,0.065824700139389458,0.010304186876622828,0.0045815004835141381,-0.22207611850701156,0.9750185677422657,6.2916294812968463,5.0366988942785742,-0.077588049410464072,,0.08342765477627875,0.3103448275862069,0,5
-0.49575421520553425,-0.85655623333186282,-0.14331495820840393,0.86616919316475782,-0.49965161939131719,-0.009959319853671187,-0.063076833451420108,-0.12907237651785183,0.98962701797282004,11.447763965905521,0.37958350258467743,0.56997366251782,,0.08410688463896254,0.2807017543859649,0,5
-0.19130458726234956,-0.97250378570733398,-0.13281167748841058,0.98121201914258682,-0.19293153235919039,-0.00063032663153309444,-0.02501056541763555,-0.1304369986102033,0.99114109036557041,-8.8577958583196761,-8.714341134572253,-2.2789386176950095,0.3682728484439513,0.3447096664906554,0.9429429429429429,1,5
0.81725475781325141,0.57321165308602651,-0.059355383900611867,-0.56906600716707301,0.81897927299360052,0.073734862133180867,0.090876511368609983,-0.026483035574856213,0.9955099740877601,0.3037272083899209,8.2445134211942666,-0.86891504813314691,0.1515907322918138,0.1341151244969823,0.2763157894736842,1,5
0.12381413648059328,0.99172522989755618,-0.033928277177064571,-0.99212517256586774,0.1230675893344689,-0.023281117167134102,-0.018912999992395006,0.036543629267509981,0.99915307215223337,-10.981925150792172,-6.967616970503471,-2.5374347130568018,,0.1450658251345662,0.293103448275862,0,4
-0.90003818983469763,0.43218409081678316,-0.056108541987391049,-0.4255948103666769,-0.89933771103759752,-0.10030323471657063,-0.093809990022560699,-0.066397237521792565,0.9933735916670231,7.8816883228509331,-3.8985107144326228,0.025264158798935316,,0.2003488527328004,0.4090909090909091,0,3
-0.031057439309358913,-0.97510391882481362,-0.21956270848219281,0.99914561487001963,-0.036280112752854636,0.019793779443331286,-0.027266751723602479,-0.21876037326520328,0.97539757193634247,5.515857970017108,-20.614773981765289,-0.37375381734637803,0.2129467386966934,0.1566699562741183,0.2777777777777778,1,5
0.99628707003254735,0.062574687258027312,-0.059131062907102974,-0.044292154960190934,0.96149703890926008,0.27122250861185837,0.073826005546461279,-0.26759643623054324,0.96069863548449397,7.8173103461053159,10.883876236487749,0.26014296945328541,,0.712680257072952,0.282051282051282,0,3
0.99578544316591999,0.048820323443409863,-0.077639726929793804,-0.03939962494005346,0.99216594502733635,0.11855128460964084,0.082819205100237631,-0.11499266736141824,0.98990790769630221,5.3818663076649234,-8.7241448413942138,-0.38807743433392833,,0.1867399486817781,0.1333333333333333,0,5
-0.69117380674630102,-0.70399006269325326,-0.16333021917874116,0.71757178782153674,-0.69536988215863027,-0.039388530174357027,-0.08584578143642381,-0.14442547772412465,0.98578485644370084,5.4911283635964487,-14.633259358574563,-0.40308662764677544,,0.08841833796272915,0.3684210526315789,0,2
0.81231309453092515,-0.56364526676834426,-0.14983807828197082,0.5751526958173635,0.81677388636445758,0.045604770004026823,0.096678916768918419,-0.12322512650731079,0.98765821783127283,-29.266297469721064,19.19034695130027,-4.8709640494883217,,0.2673390147015223,0.7368421052631579,0,1
-0.27236059554064823,-0.90483431100160361,-0.32725307581594626,0.95821909924511894,-0.28595326987060177,-0.0068472835624707679,-0.087383430000300868,-0.31544507776246072,0.94491192133278679,-20.941561380170697,-14.310191331246514,-3.8064562359690259,,0.531746007847536,0.375,0,2
0.12644891806158515,0.98871213479257847,0.080367814670776902,-0.99167819839426286,0.12402030175042111,0.034544400172016529,0.024187227012711893,-0.084067111688437973,0.99616650153566166,-5.5436244503052698,-3.7190859279645245,-1.8403351203476266,,0.1499280155625055,0.3018867924528302,0,5
0.98683156603156685,0.11166611500927374,-0.11702195965894435,-0.10880693807429452,0.99359295109890688,0.030563012833508593,0.1196850471470043,-0.017427744699190829,0.99265893599167188,-3.4527702134876717,3.5114012161789558,-1.5083579223878429,0.3576456265918806,0.3148896032244443,0.9326370757180157,1,5
-0.17313869589252007,-0.96671022962429076,-0.18839937347132635,0.98445391883667221,-0.17560510544516769,-0.0036508394528764203,-0.029554587998424194,-0.18610260310200494,0.98208571288197721,21.09240514086655,-6.6452276498351708,1.8268896613593928,,0.4600745166158217,0.525,1,2
0.59495032139991944,0.80321304308054375,0.02971401170196385,-0.80355724370123072,0.59355645123720513,0.044570116557805912,0.018162355613011359,-0.050393914513434647,0.99856426043525048,-17.185362847127859,-11.731905719125374,-3.3496219461559349,,0.1980722368510919,0.2173913043478261,0,2
-0.85452299268528698,-0.47929359801659654,-0.20017018227619773,0.51047095576198975,-0.84614630047891648,-0.15315300032739912,-0.095968006625239008,-0.23305382444008216,0.96771693000496262,-23.425471765997436,-13.014114882960509,-4.0937944880364521,,0.08763381260502504,0.3333333333333333,0,2
0.38087637739224439,-0.90227602369599125,-0.20206722200275726,0.92255321719188266,0.38546156953113525,0.017746545114513148,0.061876866383714681,-0.19317700556211384,0.97921085468278357,-8.306668346837295,12.365741104252731,-2.0123872972606272,0.3335210729245611,0.2447249301598558,0.5163934426229508,1,5
0.53393462161921423,-0.83295569278035286,-0.14525368739260339,0.84378448900201053,0.53593310764800839,0.028345021544602524,0.054236113024091884,-0.13769719674543149,0.98898833463923497,2.027981716757425,13.58272286073132,-0.51256241142714454,,0.08088385448662053,0.12,0,5
0.66647654920527422,-0.72753150369477493,-0.16280946069270247,0.74132210891716976,0.6698812421877075,0.041238964531784481,0.079060357892113631,-0.14817905552632368,0.98579532729329622,-5.6684684429482219,19.414850457632831,-1.4531357816316011,,0.07872501886945393,0.25,0,4
0.4321587101085147,-0.86142036989191628,-0.26682165506686167,0.89771678762581286,0.43905706200508438,0.036516647138746562,0.08569374826751866,-0.25531126618059408,0.96305386083496169,8.0671363119598229,2.6740260009419758,0.13033471491263529,0.5667873454693809,0.4289708486334168,0.7563025210084033,1,5
-0.80836142801359712,-0.57317592301132603,-0.13424292525095166,0.58025979538741823,-0.81424240213077514,-0.017546521856414001,-0.099249038064708417,-0.092079703802848273,0.99079309474320143,-7.8794186908569701,10.746611557177385,-2.018225700713645,,0.08012943812317778,0.2222222222222222,0,5
0.56174275013260178,-0.78060137139137942,-0.27405580025855891,0.8271389071311307,0.53669066395036302,0.16674639287984017,0.016920726443645069,-0.32035079242982445,0.94714785477569619,1.4577524849546346,-19.640687218550756,-0.95355083580244326,,0.2518244762813371,0.1,0,3
0.94522327307461806,-0.29723066383405949,-0.13493293339607615,0.30392878002763818,0.95216990425069692,0.031619141514761202,0.11908089984971197,-0.070897150267012113,0.9903501064648802,3.0305823014429398,14.561259537257623,-0.35432296638042915,,0.08189264744924066,0.1428571428571428,0,4
-0.65267984065902307,-0.73336107992161481,-0.19023814563203251,0.74774091024571887,-0.6639650049009973,-0.0058312444403159878,-0.12203506357689205,-0.14605477987050286,0.98172065504132233,-3.3341007704057382,11.671093264766068,-1.3371810111109912,0.4576329866420383,0.5023304780400956,0.2222222222222222,1,3
-0.80137781750828696,-0.55408386318274927,-0.22535453438112563,0.58904058463596154,-0.79654411413442627,-0.13619347961457676,-0.10404221862964418,-0.24188540013461213,0.96471066644063752,-1.3422390333121155,16.961762631285247,-0.91426577839352596,,0.3585723671523451,0.6623376623376623,0,4
-0.9851557344577706,-0.090136553990203441,-0.14609442323285371,0.1154657541729112,-0.97770261030478278,-0.17540030050286154,-0.12702692028955875,-0.18966551462504833,0.97359701832111456,-5.6001135157451412,12.867729965625497,-1.6436432059880202,,0.1443777235771903,0.6,0,4
0.39919525717420873,-0.88633459842145745,-0.23463615725350337,0.91572526989471847,0.39818340421416448,0.05382570654124974,0.045720637854940203,-0.23634922519334162,0.97059191580429116,-15.422043955384142,-21.279443237384459,-3.099893239743007,,0.2453599704303229,0.2666666666666667,0,1
0.93889703273524672,0.3297250793192289,-0.098760994268374119,-0.32592090370538102,0.94391485491162685,0.052917966750727512,0.1106703503600563,-0.017496249457850045,0.99370315225729844,-1.6083954376986103,-9.3202013756772377,-1.3459982604862364,,0.0719020246660694,0.28,0,5
-0.9755730924012278,0.20439512307094143,-0.080497049930548625,-0.19226279393022855,-0.9717037193121254,-0.13721115095037387,-0.10626457289637506,-0.11838291912179941,0.98726557977443619,-0.4742399268570342,12.291710040860909,-0.88027231289327934,,0.257141224088535,0.1764705882352941,0,5
-0.74541037664999188,-0.60175935945336989,-0.28679094074392714,0.65516607081668421,-0.74071244781766588,-0.14866905965462029,-0.12296662162206624,-0.2987151535463699,0.94638705982733295,-17.223882099981132,5.7886204956020233,-3.3226314962242141,,0.6422121008035615,0.5769230769230769,0,2
0.50942765843515647,-0.83519159002797527,-0.20721599544392458,0.85784585458940188,0.5118506609256771,0.045928103310799571,0.067704878591229034,-0.20115642882217558,0.97721652695728434,-5.7515505537095155,10.785613454292152,-1.6852996399924305,0.09924689779683628,0.1097335445672953,0.3142857142857143,1,5
0.89590017322470894,0.43148013066983704,-0.10577228584594818,-0.41388961590109169,0.89717393342073171,0.15418923126995621,0.16142572739555366,-0.094360108242378449,0.98236342791621856,10.977184798584574,8.9625491038209919,0.66907249035224692,,0.5415128150417604,0.3333333333333333,0,5
0.89459168430058666,-0.40316802432284543,-0.19277256688609559,0.437108130723737,0.87915821423175822,0.1897822868553028,0.092963436013527953,-0.2540401120147,0.96271564911562479,-18.823405361270133,-8.7962392238457277,-3.5003401841862845,0.5616982608457326,0.457117912694998,0.5223880597014925,1,3
0.94793280011193715,-0.27379354769268627,-0.16266683655187289,0.30114068183561543,0.93679970803032808,0.17810277027006652,0.10362285566187465,-0.21781505980107099,0.97047354601160218,4.5660995515805736,6.4012676809525795,-0.28490568483173873,0.3976657158915634,0.4665917586021349,0.2405063291139241,1,3
0.92987873411789423,0.36335931253731307,-0.057406879620073528,-0.35066914659535642,0.92270469790928888,0.16014740110976858,0.11116064708963767,-0.12878684113114869,0.98542237649145836,-16.624358168935494,9.0487450975864334,-3.1971030655835921,,0.3829053280938752,0.15,0,2
0.46315828288540317,-0.85081488329229982,-0.24819032890697981,0.88465639322947776,0.46073444293443178,0.071462150905989549,0.053548771347774526,-0.25266144831020221,0.96607179941499943,-10.458710286138338,-1.8190644235178746,-2.4754520730684852,,0.07113936079743055,0.2777777777777778,0,2
0.10047170789700817,0.98751154919942208,0.12135228102518711,-0.99453525876872562,0.096202713470610476,0.040554370747383106,0.028373490763084937,-0.12476368910323768,0.99178070504687077,3.2878905955067617,-9.0487894376711431,-0.69552635685903519,0.4683770399448041,0.3557942120434866,0.6190476190476191,1,5
0.40296342321764805,0.91383559538481651,-0.05024922045557291,-0.91310466613815111,0.40515467119612625,0.045711717148837254,0.062131700648309293,0.027462647644335904,0.99769005946682277,17.016120258198185,6.5678876325032398,1.4560559624796223,,0.4803928708809703,0.96875,0,4
-0.33325933630441595,-0.87028939202291178,-0.36267697596942911,0.94207781821108705,-0.32278510058626764,-0.091099743546021975,-0.037783583744504863,-0.37202977430832446,0.92745148003953215,-6.3047674915589491,-11.532137024947334,-1.9424652910117095,,0.237900554983749,0.4565217391304348,0,3
-0.59748442106923316,0.80173382465030141,-0.015337567967683449,-0.79752706282700803,-0.59612230433803548,-0.092675683591959823,-0.083444296618099795,-0.043140151625961319,0.9955782122362864,1.2685310483280097,6.4408342330704418,-0.77097261316541732,,0.1649295712539651,0.1785714285714286,0,5
0.53510215399641003,0.84343744514567431,-0.047738463680151805,-0.84181604317628411,0.53710339950550812,0.053532118309041393,0.07079148422959354,0.011541852787381407,0.9974243587334366,-3.4943537815767853,7.9161774329373795,-1.4230528263989168,,0.08047657292215675,0.3088235294117647,0,5
-0.59670305267194335,-0.77110166984921202,-0.22214338092263755,0.7990611633632555,-0.59641325051305316,-0.076108421459224085,-0.073801925019234355,-0.22292027581225141,0.97203900461619586,5.1870807506459711,4.6996078309429006,-0.24653860526611912,0.3751141602598012,0.2614069622358415,0.1929824561403509,1,4
-0.54778780029705543,0.83427166079498327,-0.06260448737984034,-0.83461997697420698,-0.55011551928841285,-0.027971583323321208,-0.057775599358958228,0.036928463715936458,0.99764636454321498,15.858503668464262,-4.7188218115130516,1.1380537735344058,0.2472985251176665,0.2237980698914682,0.3846153846153846,1,5
0.73647856462416095,-0.65041023645070517,-0.18591892902357826,0.66901357061189637,0.74099095366254375,0.057907244170282278,0.10010078014809796,-0.167029730618274,0.98085722860329183,-11.833866319561709,1.4716981989938023,-2.6329075402777282,,0.1275327771870099,0.3207547169811321,1,3
-0.9130143557768905,0.40330449210636615,-0.061239470867533244,-0.39428275277035713,-0.91097698794067472,-0.12108690395895703,-0.10462264101588563,-0.086408414459254332,0.99075107312457611,-11.91767377641608,-5.4646239978272044,-2.6769698526564634,,0.1092899271115619,0.3333333333333333,0,4
0.86729267269721633,0.49696408999391128,-0.028811684127131511,-0.4844430555890385,0.85592589119203333,0.18084743481365417,0.11453534728315924,-0.14289003479475601,0.98308905607736208,0.8735579667006621,17.47140798889188,-0.61754378571172552,,0.2906841800907344,0.25,0,5
-0.61000285438579671,-0.74878682710605837,-0.25925818250080451,0.78700145777308128,-0.61062657728652492,-0.088112930801258274,-0.092332134732301716,-0.25778570686479874,0.96178027960235835,-4.9859865736279021,12.014296600401822,-1.5575325014530688,0.2294608737196699,0.1633072597000568,0.2545454545454545,1,5
-0.98022192841047384,0.17666045482457379,-0.089196719471221805,-0.17409523738726695,-0.98407692261773549,-0.035825391697515342,-0.094105363196388916,-0.01958811048529124,0.99536952261222722,6.4808801064220001,-6.400981797241144,-0.20081022342536956,,0.1585095855413447,0.26,0,4
0.95251395365849378,-0.21100322038519523,-0.21953316167026252,0.25303352907856069,0.94956677141419987,0.18519443778921257,0.16938477277463321,-0.23194953678136543,0.95786648920347772,-15.288135687202827,3.160183660569162,-3.0919948777238524,,0.4213502257876949,0.4390243902439024,0,4
-0.48690325062435502,0.87011836976420365,-0.076283990000001384,-0.87121274276660376,-0.49005225768679772,-0.028933398990853045,-0.062558623486516071,0.052371818136823595,0.99666624869738396,0.6731613794552781,-13.638844441052992,-1.0703194949596022,0.3591187950550571,0.3597294646573532,0.8861788617886179,1,5
-0.98729785298442208,-0.10440702324902186,-0.1197586029837879,0.11562335971696235,-0.98912755769201721,-0.090873061475816877,-0.10896874863974665,-0.1035656705211908,0.98863540484315249,3.8518618743834958,-25.686395704245001,-0.58798691471123854,,0.1544165784815733,0.1538461538461539,0,3
0.82131652319050685,-0.54372872090814717,-0.17262168691635618,0.55856415700531392,0.82797655372810952,0.049607549682152891,0.11595365989567288,-0.13716378726221581,0.98373819902486515,8.5839655130563806,-3.8742076874530786,0.11370641097235638,0.6316522585407193,0.3991159023241677,0.2777777777777778,1,5
0.96080242735972654,-0.23888965544731317,-0.14067845641718418,0.25150855286960755,0.96455931745254275,0.07980457974904584,0.1166282273426692,-0.11205826893072227,0.98683372507791678,-0.80457947459231316,7.9701536655713792,-1.0306517446363788,0.2175441252746294,0.1498234718694434,0.4354838709677419,1,5
-0.73585884376280619,-0.65143974646144553,-0.18476476608464684,0.67401181876956551,-0.73084680052212947,-0.107568686547296,-0.06496022025062255,-0.20368900534102305,0.97687816993122356,-1.2431695429960743,-12.766547484159647,-1.3266982620093617,,0.09497955615649403,0.2424242424242424,0,5
-0.10595622904149389,-0.98101377851006888,-0.16243535298912837,0.99423326691540403,-0.1072352735443832,-0.0008983688460651282,-0.016537487294893547,-0.16159381944015544,0.98671877910208672,-1.6578232006060851,12.429739667864117,-1.0445946527639316,,0.1001042537066157,0.2954545454545455,0,4
-0.33248843717971982,-0.91533740704283484,-0.22717585789402495,0.94268595754418727,-0.32975389842361591,-0.051044607192393586,-0.028189086377278533,-0.23112723280160286,0.97251507837497697,-7.7276963711904756,-8.8894763004940422,-2.1374801464501547,,0.07271634615972086,0.3617021276595745,0,4
-0.43912034748461248,-0.87320851568696956,-0.21137693477943975,0.8967013466078424,-0.44055397576075012,-0.042882274112717091,-0.055677782073955503,-0.20837246116786848,0.97646346680772944,-4.7163516852929943,25.412116692882055,-1.2597195069618932,,0.3417893249029696,0.3333333333333333,0,1
0.64916929831475323,-0.70843111842766004,-0.2769559036541131,0.75680020423623351,0.63811108638803671,0.14166048248074237,0.076371938521472213,-0.30156192046081609,0.95038294131074263,-7.7429031384906812,15.074330420614777,-1.8934652339914242,0.8588116133100289,0.4113300863346745,0.3488372093023256,1,6
-0.83515978358341558,-0.51901848749772439,-0.18201083901920959,0.54035331538518871,-0.83600193711565496,-0.095493746869140278,-0.10259839393059313,-0.1781026972688704,0.97864855734242806,3.9593559688619973,3.8509347250235026,-0.43771351879162279,,0.1574591776498277,0.375,0,1
0.98664095369232552,-0.067325138225031597,-0.14834741069556232,0.08882813302131945,0.98566186250280474,0.14345820154821667,0.13656204187490831,-0.15471916032115207,0.97847472637185329,-15.167176226172572,-11.348275818225398,-3.1012543758101323,,0.3652347762098939,0.7889908256880734,0,4
-0.066858421807652516,-0.97730646046394842,-0.20100257154777967,0.99764260543513805,-0.068602404166200948,0.001715215207768208,-0.015465550555404375,-0.2004140525962376,0.97958921200060822,3.223673656084165,5.7688065152476256,-0.52756438537371531,0.7031247125451076,0.7610752043755199,0.825065274151436,1,5
-0.51268100973243647,-0.83931859431236577,-0.18083826890689519,0.85624053654911447,-0.51535016071067652,-0.035585888011456401,-0.063327133440676101,-0.1730852653953919,0.98286884428859222,-4.8748397237221957,-13.805594770457073,-1.7875664628342063,,0.118828631484974,0.1724137931034483,0,4
0.17050132242553734,-0.96683758008025111,-0.19014308505887728,0.98530964288826728,0.16918940933350821,0.023234702511003603,0.0097060127003391963,-0.19131136274132579,0.98148140879158707,-10.663845777406685,3.8986027174456264,-2.4758276592503243,,0.1135191294465702,0.34375,0,5
-0.52570271420632397,0.85066629244181735,0.0018748811687943864,-0.84977076891471026,-0.52504551772976304,-0.0470833793390876,-0.039067845784061889,-0.026345079524994413,0.99888920317050933,-7.066235010857941,-14.246435923367676,-2.0677641706327399,,0.4164400319325762,0.1304347826086956,0,2
-0.045562877895044908,0.99663684497670069,-0.06811037654285465,-0.99895816092451417,-0.045632267163707357,0.00053750889584552538,-0.0025723297289218629,0.068063906943315156,0.99767764718438889,-12.948123997290779,11.630709533213935,-2.6556814604014103,,0.1063674005615653,0.4117647058823529,0,4
0.0038908728011694772,-0.92235588932148216,-0.38632172414041471,0.99999159322656417,0.0030888634759026518,0.0026967385163043237,-0.0012940575888282888,-0.38632896908775155,0.92236015365937829,-6.4549729538588902,14.601798617528315,-1.7360567621673353,,0.2490526715822792,0.6086956521739131,0,4
0.056479125520039669,0.99211701705260125,-0.11186569114406793,-0.99837075777983508,0.057032914454512411,0.0017540464483436107,0.0081202457235169008,0.11158436782754406,0.9937217872553249,3.1012557039541426,-2.160113894043536,-0.67012144052719413,0.700177741776373,0.5988479013646389,1,1,5
-0.32551818460542425,-0.91375863344223862,-0.24307009544771485,0.9446888609235532,-0.32517465148225821,-0.042713020033144915,-0.040010842757292442,-0.24352947633328553,0.96906786481581719,-3.7638298412966318,-10.197763975664136,-1.6273771139555357,,0.1329455103508663,0.2173913043478261,0,5
0.63878610671775193,0.76715143531647134,-0.058574611874539058,-0.76731595584180312,0.64079860820717494,0.024563542707159984,0.056378486809735361,0.029254384485472632,0.99798078499208542,-0.73683064501091411,18.038304700169373,-0.79719809878803771,,0.6026345035859026,0.8205128205128205,0,4
-0.18770750654985044,0.9822243942566784,-0.001063631486441042,-0.98202256829732382,-0.18769069900794466,-0.020096687802665183,-0.019939090740715384,-0.0027277890333122904,0.99979747540560615,-13.958212226346983,-2.5090093166348511,-2.9070730456947191,,0.314605248691407,0.25,0,1
0.95335382515767086,-0.28591696702842478,-0.096788284531266172,0.29290986527920165,0.95373689502085401,0.067747663414337092,0.072940351516554869,-0.092937737444210786,0.99299661735546396,-1.1900915173793196,-7.0616016598611866,-1.2840282649087074,0.1682687695963708,0.1519814701774111,0.2033898305084746,1,4
0.9767894637823582,0.19198503870686251,-0.094995201755117969,-0.17646057047396341,0.97262364887184449,0.15121145698398852,0.12142491717837212,-0.13093885049114207,0.98392632189624951,3.3067227590210009,-12.092981780113861,-0.72126157042435723,,0.1965486383259504,0.5,0,5
-0.54345714965740244,-0.75870596734477891,-0.35919295873064794,0.8366667938146688,-0.52430418129631995,-0.15841023200248375,-0.068139581845919867,-0.38661399430261301,0.91972094506716795,-0.6754785965981035,0.063745821503434288,-1.1835966247081731,,0.09993897699420942,0.2102803738317757,0,5
-0.94560715781781834,0.318027533743373,-0.068451375916153204,-0.2971136457306412,-0.92999868503672622,-0.21639299284081823,-0.13247861942348996,-0.18428492507817082,0.97390373332510549,28.786201088598972,-3.7912151080236809,2.7327038123991136,,0.4496648051935113,0.3793103448275862,0,4
-0.65680341461566516,0.74981563885293456,0.079911089848448275,-0.75064019458006981,-0.64005724023382848,-0.16390859497003113,-0.07175355621846552,-0.16764020089411719,0.98323353798280433,-10.427266673091932,-13.697179934146655,-2.5043959225820558,,0.3412848035783078,0.2058823529411765,0,4
-0.91001551875794062,0.41074550578482577,-0.05621285526713439,-0.39280654359207556,-0.89762998329177712,-0.19990856011399596,-0.13256988696896038,-0.15983911465336637,0.97820073732126456,-9.8893306063646538,-12.610118875599287,-2.4393878950952108,,0.3084567388424477,0.1739130434782609,0,2
-0.92233235957016391,-0.30347879141436684,-0.23917282799558826,0.35489590797208581,-0.91014308189094939,-0.21374860231288553,-0.15281332728005412,-0.28202871067981439,0.94715779749621398,-9.289082616004233,-6.9384866222389379,-2.3207632147233905,0.3148235763393873,0.2642356720370602,0.1956521739130435,1,4
-0.64119186031479802,-0.68627586602776991,-0.34336341385459429,0.76327855329362215,-0.61656203275292676,-0.19302100882953854,-0.079239184423127787,-0.38584542951214507,0.91915420696232719,-2.9535455049667236,-5.5677212072338014,-1.4978877572682963,,0.3864162718480653,0.2951807228915663,0,4
0.32337007359395392,-0.91049303203383147,-0.25774839305354141,0.94591344486315931,0.31852870813032352,0.061540368246710352,0.026068186184585524,-0.26370798379015642,0.96425025224491312,14.931822514876865,5.1634076852464519,1.1617768685673031,,0.2411753435785465,0.3125,0,5
0.97791069572564848,0.19020088432996665,-0.086685032072876908,-0.18067209409995066,0.97770167526603857,0.10703751022664823,0.1051107301797284,-0.089011559822754799,0.99046891754310185,6.9322216002630075,9.3001034035786478,0.091817331932596891,1.030289460753854,0.7403898469670912,0.3181818181818182,1,3
-0.17564196995846504,-0.93996388372716322,-0.29260518737311619,0.9828119951723755,-0.18458477088404773,0.0030074080164913248,-0.056837316389883943,-0.28704766093147382,0.95622861273827453,-12.75762860029991,-13.386230493481483,-2.7970227736580502,,0.3359157720933154,0.2786885245901639,0,4
-0.80503654913642442,-0.54091134081587577,-0.2435797116577843,0.58506753019136859,-0.79180954435152828,-0.17531009836743267,-0.098041520134535751,-0.28364161692283046,0.9539052853816844,-18.405305314018797,-20.262336667680124,-3.5229855171197033,0.3297090994127986,0.2085625345035101,0.6451612903225806,1,4
0.32695824625019171,-0.91785119529562664,-0.22504996890332285,0.94502415875627288,0.31887205444153438,0.072456554315207325,0.0052578109509904512,-0.23636792546922011,0.97164940139608957,-7.3626295804333797,25.032798903615241,-1.6350243112491294,,0.3618972367746418,0.1111111111111111,0,3
0.92112619010652463,-0.36373876276950612,-0.13863857456981199,0.37219412100273702,0.92729260065321584,0.039999613308106856,0.11400911450774616,-0.088445153811314209,0.98953492943728594,-12.132049786609949,-4.2899068109924086,-2.6635946779267203,0.3089450781140939,0.2830178678769271,0.9194915254237288,1,4
-0.97058308639043633,0.2100404808891041,-0.11769226313011985,-0.20983825740103726,-0.97763229125622286,-0.0142481165072863,-0.1180524381099837,0.010867358509916221,0.99294789509586356,-3.3319925407095092,-11.29415532381705,-1.5885799176359658,,0.08089103312016371,0.3939393939393939,0,5
0.50547749563339794,-0.84314662376396332,-0.18329285922702584,0.86064993432253323,0.50781210827332535,0.037530697323935332,0.061434452539338519,-0.17672191014820696,0.98234167910903669,-5.5400428549295064,-6.240227437911968,-1.8530065469802199,,0.09888290128274888,0.1975308641975309,0,5
0.48449546151663508,0.87121901170589944,-0.079003679736952395,-0.87310443886937517,0.4871936780782215,0.018192274932195704,0.054339549099869239,0.060164388826035954,0.99670831225630563,-11.789105081639837,-0.75639087200450317,-2.6362165524265468,,0.09863291920750769,0.4339622641509434,0,4
-0.69667409345592901,-0.66682431613121307,-0.26455725074829717,0.70841092680367668,-0.69762447594521926,-0.10711698906948754,-0.11313340042849319,-0.26204087844894791,0.95840253115754448,-16.736543785593771,-14.812899777333234,-3.2960049092888348,,0.191494463069279,0.2222222222222222,0,4
0.14079921856643368,0.98726029925033432,0.074112627636735012,-0.98986005500713736,0.13895898967779774,0.029452855362307035,0.018779018940000534,-0.077508068688784973,0.99681485128171388,-16.490836156025928,7.8399578213632317,-3.2086254945556303,,0.5077119480588894,0.2307692307692308,0,4
0.59525073576746257,-0.78294464426779431,-0.1807601880411473,0.80065687996908363,0.59695216672381901,0.050957543130635975,0.068008250429391251,-0.17505940322106311,0.98220623252829065,-5.6821772732009537,15.708350416912809,-1.5684907675322119,0.1146745054403692,0.1944530614795445,0.3220338983050847,1,5
