axis_00,axis_01,axis_02,axis_10,axis_11,axis_12,axis_20,axis_21,axis_22,location_x,location_y,location_z,dbh,dbh_approximation,score,reconstructed,number_clusters
-0.91527073397372949,0.31871890139676684,-0.246369124331006,-0.29016859257906097,-0.94583385923026675,-0.1456039100239602,-0.2794309779030873,-0.061778415535011302,0.95817626560153646,1.3734111298697986,23.250812580762759,-6.505315813759462,,0.5379995121237192,0.1538461538461539,0,2
-0.66298317510298976,0.69948171234257139,-0.26679326008852244,-0.73009375126598364,-0.68293363456702849,0.023764787805319904,-0.16557905632271822,0.21053974654533045,0.9634607367360154,-7.636073862187378,-8.7062700895338061,-6.1061923566381893,,0.07140486497810246,0.2903225806451613,0,4
0.93881892290832791,-0.13612638778302319,-0.31636788164792223,0.21281992778559675,0.95150773564537594,0.22212768252593809,0.27078904764886846,-0.27586706138311712,0.92226387553523059,-3.879600743152114,18.884153724585435,-7.4629695686637376,,0.6750143572473655,0.900990099009901,0,4
-0.77369223680596699,-0.54163361163843315,-0.32868427624345919,0.57993633483538676,-0.81433161278955146,-0.023192066515659516,-0.25509639402366702,-0.20855947630130681,0.94415505855820481,-2.6023909424058829,18.390803258977357,-7.0218680963746252,,0.4908073203412062,0.2727272727272727,0,1
0.95482655381979264,-0.10318345235742284,-0.2786744108816267,0.1378918108404063,0.98455065171454081,0.10791599840443676,0.26323392756970349,-0.14146798000988156,0.95430325893195578,7.3464799339395999,-11.088220048450564,-1.4384102484855128,,0.1524368686223346,0.3103448275862069,1,6
-0.37144675599047844,-0.80265189331939479,-0.46666609649185015,0.91619363151592348,-0.39829035994094247,-0.044204284269502132,-0.15038795508222902,-0.44397604364301602,0.88332821512577098,3.4110920669505722,16.049252764448049,-4.5922835787117773,,0.3807510998598349,0.3684210526315789,0,1
0.89745738715522061,0.37659387498050118,-0.22966778521964071,-0.34048355222063598,0.92245050629932468,0.18208792957068021,0.28043036374070124,-0.085218054162777251,0.95608404146129755,2.8483334932738167,3.8200335175488407,-3.8581792100643701,,0.08119449566207561,0.4912280701754386,0,2
0.82150383282189576,-0.46399462404025882,-0.33142184828504029,0.52700991039010647,0.83975787920451483,0.1306417186986851,0.21769705328631636,-0.28198527120343247,0.93439408164584414,-9.2964657443393328,17.350395347565733,-8.9827954584780141,,0.07918640074000918,0.3333333333333333,0,4
-0.045738069099091894,0.98858915770037403,-0.14352528109135604,-0.99829876947410112,-0.050434718052134168,-0.029255872598484056,-0.036160695535120635,0.14194300437946156,0.98921412626698257,3.2518482623150264,-6.9362343846313541,-2.9165661332078181,,0.1980058831091586,0.2117647058823529,0,3
0.61292548142174996,-0.73158896829445164,-0.29849612341498755,0.77718029417794832,0.62633983632410217,0.060738783120626444,0.14252418940444278,-0.26921365289181842,0.9524761753089942,0.93424045839962899,-7.0808693255201653,-3.6853129625925134,,0.06851539668735264,0.1904761904761905,0,3
-0.70821074284610941,-0.58714773046711377,-0.39203964891918441,0.67352542520224001,-0.72837286190079009,-0.12584305961233205,-0.21166257421542897,-0.35317207796450772,0.91130041041509924,-10.956489793984245,12.591528217487564,-8.967863889956682,,0.2829283377224785,0.1176470588235294,1,3
0.062969202000534075,-0.89065699168907242,-0.45029435123571004,0.99761733159533927,0.043429829924279788,0.053605126371879148,-0.028187573503459597,-0.45259692114299815,0.89126959314893472,-14.492643254934986,8.1490395507061493,-9.6225414202898918,,0.5964613465620463,0.1578947368421053,0,5
0.96057955966011288,0.017977653220773052,-0.27742334715711409,0.062698652391014159,0.95818759409369114,0.27918705828403761,0.27084273767545219,-0.2855754515178387,0.91928824257620556,5.5754531005342498,16.98296264330429,-4.0235688608208573,0.6019664996619311,0.3847500192278193,0.6956521739130435,1,5
0.94862022629643039,0.1482442808212473,-0.27954123034912259,-0.13178307780401941,0.98829133458500473,0.076899014224444381,0.28766801467283404,-0.036109156567035131,0.95704923705429512,-7.7806534774307314,18.745352505598451,-8.6963796498954782,,0.09548184055738573,0.2857142857142857,0,5
-0.17206860013117264,-0.91947230745651576,-0.35350116360415335,0.98031048060617776,-0.19511774474089172,0.030338544805489105,-0.09686980160289925,-0.34132058465293297,0.93494197682508429,-4.2882710395754779,-3.7611167594703288,-5.4456650423517878,,0.1111603924867067,0.4725738396624473,1,4
0.94789612186595384,-0.014508335192385053,-0.31824903827259288,0.067394277914012701,0.98548596916746467,0.15580569912077286,0.31136948061095149,-0.1691357820924046,0.93511610710117565,-6.8538841208418155,18.379099277679281,-8.4047015848202431,,0.1976700389702396,0.2916666666666667,0,5
0.69643222619274636,-0.63055747532993178,-0.34260680761735784,0.69456377625282184,0.71232676244849125,0.10085506540115224,0.18045308264929988,-0.30820099578877563,0.93404969415827754,-8.1360339461079878,14.110009494835674,-8.2839488925843696,,0.09728186406048507,0.3888888888888889,0,5
0.70449418814779585,-0.58963385785080624,-0.39499348417657892,0.68676296786175428,0.70675650281427738,0.16985838720371788,0.17900995737582129,-0.39093114407233936,0.90284454683771509,-10.203834468287463,12.037504960892511,-8.6773408933190161,,0.0779900154312564,0.25,0,3
0.94115857448480833,-0.10186697679110047,-0.32224781878728803,0.19976951130920489,0.93677013368513407,0.28732187349176552,0.27260352166654933,-0.33479073415340815,0.90199915981114831,-2.3588180598210773,19.501401208467385,-7.0837291875775756,,0.1075306165406534,0.3,0,2
-0.84259444581386067,0.48113982492182739,-0.24194848368573244,-0.4951158291574258,-0.8688200061552489,-0.003480319259366788,-0.21188420328421506,0.11686002643584188,0.97028285495520694,17.288869046772813,-5.2856933351059805,1.2478794535172981,,0.2182114926438846,0.25,1,5
0.40177106247226746,-0.76595172151024815,-0.50189438498093641,0.91328236640013849,0.37527918741152433,0.15836934904933292,0.067047241423258644,-0.52199951322892368,0.85030651861919659,5.117034121216391,6.8490727715579514,-3.2578326136734157,,0.506519194500005,0.2962962962962963,0,4
0.94832468185381336,0.16034468583786335,-0.27380628099154364,-0.13437856089407074,0.98466905887188083,0.11121711591478785,0.28744164652830279,-0.06867624206318873,0.95533286011587426,4.3211945609234244,-6.2398544015504447,-2.6604529271250734,,0.08088844058888699,0.2272727272727273,0,1
-0.68011258235334993,-0.63602701533767969,-0.36457716753151415,0.69530891219483337,-0.71725018162380194,-0.045800584964191308,-0.23236263027237525,-0.28464330788070052,0.93004612537854126,-10.014325874189167,25.145873117020894,-10.102195678126316,,0.1123567659332476,0.1428571428571428,0,1
-0.018084584302740757,-0.93649811779082326,-0.35020597251452179,0.99863098747998513,-0.034113159182874983,0.039654044123060575,-0.049082569771221912,-0.34900940924967733,0.93583296244567293,-15.021779160191974,-2.4952802016641136,-8.8505797061948499,,0.07241400518191068,0.2580645161290323,0,1
-0.54626701325978333,0.82314981120828545,-0.15497334781181257,-0.82809177087609176,-0.55854937809609806,-0.047818523981424527,-0.12592207602932656,0.10221047175425622,0.98676068539045392,0.92411091080962471,2.6398445201376091,-4.370691239667206,,0.07009453335491037,0.1917808219178082,0,2
0.92061209632461549,0.34051311099828108,-0.19111302765397128,-0.26690793321253681,0.90599756319865898,0.32852484025763157,0.28501495274635558,-0.25143435866317598,0.92495796660963381,5.1036276360591586,-7.4064797872847308,-2.3596958492695248,,0.7239951020540318,0.5131578947368421,0,1
0.23380608321448246,0.9528573224288831,-0.19338469056665764,-0.96707532934580476,0.24846617066256932,0.055044249536011385,0.10049886975785437,0.17414788293269157,0.97957771108139013,11.702985535637863,-1.4530696530479554,-0.6308641046787461,,0.2445997627651295,0.2727272727272727,0,6
0.94845387213140575,-0.1015207897007903,-0.30021455943619785,0.15807270113340224,0.97259627790950354,0.17049780454002916,0.27467849132273259,-0.20916502923554828,0.93851037125306169,-18.359942362992903,18.982832854093967,-11.831863206807782,,0.142240789808378,0.2105263157894737,0,1
0.79378513125024053,-0.51424670315074772,-0.32473911637593861,0.57053025912967925,0.81458262430750306,0.10464402321070747,0.21071399769227503,-0.26833836191437183,0.93999688015527583,-1.7558268900446989,-11.809804148246487,-4.1457319042351681,,0.06809353196393514,0.15625,0,2
0.89159096977009533,0.39438840086777793,-0.22253838294860015,-0.35567722819211345,0.91405848731815564,0.19491226515337853,0.28028423425158311,-0.094630180294673488,0.95524126638635198,-11.473364895924625,20.741001176241145,-10.042560039964149,,0.1637310031752808,0.4,0,1
0.95770804429682166,0.024649507308640663,-0.28668397876162849,0.054932299620157193,0.96233685303355976,0.26625218074582296,0.28244954301184111,-0.2707400655294786,0.92028369135256094,-1.3932853912156147,11.410899514692936,-5.8185777786203428,,0.1100703711646819,0.2028985507246377,0,5
-0.12945218945599105,0.9914489325906809,-0.016466472295262307,-0.99131276752940067,-0.12978829092006894,-0.02130719299320067,-0.023262149046297188,0.01356516143833133,0.99963736365589162,-1.8565934315256052,3.5493734190053972,-5.2996085010810221,,0.4209800729937653,0.1853658536585366,0,5
0.72286781768376052,-0.52735854282198946,-0.44649197693775711,0.65489070071852706,0.72898398400540265,0.19924989630112555,0.22040936520374019,-0.43643478135487801,0.87232126728299231,10.279298696530695,15.714157121318159,-2.4220790105922401,,0.2221117150401638,0.3076923076923077,0,3
0.057144780106025313,-0.86873660703044131,-0.49196664695065573,0.99800722690812338,0.03649944143204302,0.051471990580388365,-0.02675909463701533,-0.49392762463784717,0.86909116465064939,1.9802333485445454,3.1660090977338422,-4.0157150298419211,,0.08740910976153141,0.4761904761904762,0,5
-0.046700667153128261,0.99880908488646813,0.014123017939106888,-0.99846311952887734,-0.047097516023400905,0.029209979888532363,0.029840352345702963,-0.012737187000319091,0.99947352012907431,-16.538337804558861,-4.2362474553041087,-9.2496114604975386,,0.345756553292404,0.25,0,1
0.79193333724231263,-0.49350200738883515,-0.35957941830344525,0.57615901923774615,0.79894421781161895,0.17242076840212628,0.2021939017756281,-0.34372067951837199,0.91704619325101455,-9.1411767381146483,11.140175101291442,-8.2391904340534996,,0.1978571189157113,0.3412698412698413,1,4
-0.60921693813592015,-0.71401245055855955,-0.34502310464033314,0.76254005179865891,-0.64689502770639551,-0.0077131401932298751,-0.21768645270478507,-0.26779291173610636,0.93856249910845302,12.564045853591841,9.2536687694802335,-1.1855307007909957,,0.28744217426477,0.4285714285714285,0,4
0.043637132097509523,0.99836920030544474,-0.036806800781518753,-0.99744187917919769,0.045625296405827659,0.055027538445318477,0.056617120747836765,0.034311400573953259,0.99780620835354517,-11.531820817563533,21.545817898418633,-10.102392736943365,,0.260114528480586,0.25,0,1
0.94619829374771047,-0.060036097954768372,-0.31796926872150361,0.12618180447068805,0.97330541238980994,0.1917152222261562,0.29797137635927945,-0.22152255224935644,0.92851538367196118,2.8580809731114902,12.223965589975172,-4.2785879245897602,,0.1927446211806798,0.1891891891891892,0,3
0.81608638094429464,-0.45037884237943993,-0.36216283240305019,0.52888428280210398,0.83463548845394331,0.15383438113163286,0.23299020203036092,-0.31708437323558519,0.91933294622114381,-2.4638324294743628,9.6488853926543072,-5.9884526715920368,1.481378198103206,0.5225997684179953,0.1443298969072165,1,2
0.75997016296453357,-0.55746657077848571,-0.33418015181655458,0.61889004268148506,0.77772849098778873,0.11006138912246526,0.1985458800211419,-0.29046414024855549,0.93606095782074894,-18.58800342225112,19.960483207745906,-12.020033703580435,,0.06910854669013645,0.2352941176470588,0,1
0.27202394534436641,0.95363829941211153,-0.12875157107259116,-0.95578498413500468,0.28328714507853814,0.078888893611838609,0.1117051353400276,0.10159915023082908,0.98853405374374403,-1.2711784543092033,5.1193895968752665,-5.2093086216036459,,0.3779055721345336,0.3609958506224066,1,4
-0.35147231604866785,0.90780890837757455,-0.22880165410613137,-0.93404452877628319,-0.35659817314086828,0.019963996986748382,-0.063466757554462044,0.22072772545131661,0.97326832985698852,-24.337350740813296,22.851784996102307,-13.844858673909149,,0.1137653295236914,0.2,0,1
0.82168601887217074,-0.48044972372956574,-0.30659443791136265,0.52523491421056445,0.84718152556018933,0.080073389111048568,0.22126990596152388,-0.22682928761007071,0.94846618442519315,-4.9621114583860777,23.791251977689527,-8.4863307889796964,,0.2846196509037996,0.7352941176470589,1,5
0.82518343592167487,-0.46262757064162985,-0.32411113520322488,0.524078042551678,0.84110644742482865,0.13372415419656317,0.21074748490955003,-0.28020648633214812,0.93652005991419685,-1.1997084722972957,15.787656986509226,-6.2186060414010509,0.1779454826566249,0.1075312582868637,0.484375,1,5
0.90452222985276565,0.32729624595321755,-0.27334356236632146,-0.3198247339263342,0.94467554783627816,0.072802808250623616,0.28204906536120561,0.021570273645887726,0.95915746779332944,-10.329984448242069,-0.7169394824291585,-7.5890402993487536,,0.1147106876414591,0.5865921787709497,1,5
0.49900531158997524,-0.71686173219576266,-0.4869321882133924,0.86063506400631717,0.47574976550827613,0.18157490801777351,0.10149377127604581,-0.50967775852209907,0.85435800274829443,4.8147945001743615,9.4323821773798215,-3.5469795924114744,,0.3180514840015636,0.2,0,3
0.68733827073930631,0.68784561704064562,-0.23331204147037335,-0.68844755764282739,0.71935011363787571,0.092603317353111989,0.23152982950955989,0.096973301104729334,0.96798249825093718,-4.9523492935049696,26.341728054384092,-8.8395825866550926,,0.1167567749721311,0.4545454545454545,0,2
-0.88798627985381773,0.37444269361239241,-0.26697010317950137,-0.38866755209955278,-0.92137793727016315,0.00048026734370226146,-0.24580053038250155,0.10418908729841123,0.96370469198380748,-7.9520344999505923,21.251998524420337,-9.0338511768081453,,0.2189023809478308,0.4814814814814815,0,2
-0.58701842292572137,0.80168713867991293,-0.1127257859631709,-0.79372199780765795,-0.5973371861013046,-0.11486372924817298,-0.15942007822737037,0.022045810844496843,0.98696465026980051,3.5656419852650219,5.0047194400089943,-3.6991278203423237,,0.4745086047790757,0.2653061224489796,0,3
-0.53188849270813177,-0.77647262555157259,-0.33791255243586105,0.82451681884221073,-0.56583246343223959,0.0023746099731243924,-0.1930457116099519,-0.27735155506189302,0.94117451523814488,6.7181978285041666,11.552813581632027,-3.1132969413074605,0.1564692337976444,0.1337515985238039,0.4821428571428572,1,5
0.31389234870454508,-0.85775557022095383,-0.40709578133367041,0.94812975861465965,0.30585496537682733,0.086618133111078383,0.050215079946694635,-0.41316839413157824,0.90926911518905185,-5.8965261317391491,14.29860991730698,-7.4877406263147579,,0.07834831661440016,0.2727272727272727,0,5
0.94917281474601467,0.17608842103706648,-0.26089046690862289,-0.11668179612337093,0.96665945659889574,0.22793607310241781,0.29232914018371592,-0.18590955581841251,0.93807319056396055,6.5369507395022008,13.250673296451845,-3.3445897758931293,0.125089372361269,0.3156983327376368,0.7619047619047619,1,5
0.92832687581935691,-0.12924196903713217,-0.34857671332272827,0.22631137764614623,0.94033831900894338,0.25406102839935302,0.29494469308562565,-0.31473855696885689,0.90219026196129282,10.907354860296158,0.61161116592902065,-1.1022538284224785,,0.2235928769207373,0.1052631578947368,0,3
0.93347122858922271,-0.19526105244045491,-0.30083980254609444,0.23819477497459915,0.96462125548874234,0.11300036563712017,0.26813189771253865,-0.17714105921318371,0.94695635093171238,-7.6295976201522233,15.12996745530473,-8.247686248470588,,0.0771521354919075,0.1794871794871795,0,5
0.56724934545344652,-0.74687721499066151,-0.34699078634803926,0.8151191742462216,0.56929706284750614,0.10715216287766499,0.11751132651278902,-0.34362083749533723,0.93172732501532274,-12.814156511669411,-7.0970123716665663,-7.8483245493353113,,0.1497796546059608,0.3142857142857143,1,2
0.39074371923357659,-0.86003657498680064,-0.32811040148780019,0.91798167982801437,0.39042521344234077,0.069841164141501016,0.068036617932179036,-0.32848933375906775,0.94205401980293846,-17.855471319768093,12.805438701119987,-11.025174559772399,,0.3249542634984746,0.6458333333333334,1,5
0.94803288536979458,0.21197435743372744,-0.23727730622202495,-0.1756797219125513,0.97050593827394205,0.16509045727644242,0.2652739783057339,-0.11482637138555986,0.95731114109691362,-7.3606582343236813,12.176768083005623,-7.7705500831504661,,0.2216558185715338,0.3050847457627119,0,5
0.94962236576515702,0.16955886353396091,-0.26356622362446086,-0.14300378266264188,0.98278114243682813,0.11700916295205387,0.2788678550546182,-0.073423551178324414,0.95751851237957908,-4.6378269907162792,16.706654308800783,-7.4715073477662797,,0.1794324534398092,0.4666666666666667,1,5
0.39156083724799451,-0.85773337102009972,-0.33312696524320268,0.91699867857696338,0.3936958591457882,0.064163805837586158,0.076115269307499844,-0.33060102046115369,0.94069624802498875,-13.715117562931178,17.903119435312895,-10.356514986209566,,0.08997774373414109,0.3076923076923077,0,1
-0.69982253051733767,-0.64041816595148826,-0.31640638188829345,0.67381279627002866,-0.7388838055731628,0.0051997542715406884,-0.23711756865123629,-0.20955976374545568,0.94860948975638748,-13.107291973731682,-3.8602595821134305,-8.24422991388432,,0.06901069041325486,0.3207547169811321,0,2
0.94190864859054912,0.20732376411133416,-0.26424411922507007,-0.14455060687046847,0.96038539178529636,0.23825411076995576,0.30317193102875534,-0.18621695970053581,0.93456408242355682,6.8098658082048624,15.565163246496706,-3.4727575124646344,,0.2500528628360253,0.3043478260869565,0,4
0.045627254732375062,0.99477621358007429,-0.09131505090004105,-0.99877627878285014,0.047173989326079517,0.014851251521175331,0.019081366991629024,0.090525684898558265,0.99571130444892375,7.2268873344713711,-3.0548131470346114,-1.9761025443090798,,0.344281412643785,0.131578947368421,0,4
-0.9145238516389016,0.30500883876576518,-0.26573620953552324,-0.31167872400988272,-0.9500210128383626,-0.017788989997830549,-0.25788078211281928,0.066555867061672838,0.96388164147707955,-19.485723150844134,22.661051837918439,-12.51917819662177,,0.110243439299167,0.5,0,1
0.70387834254409576,0.66076243698417469,-0.26066891024460681,-0.66916413569841304,0.73993182806873781,0.068704070518796345,0.23827429234471006,0.12607097874447645,0.96298051378313843,-18.914100763431936,20.739772892706959,-12.158245643502076,,0.1963810054432354,0.5454545454545454,0,1
0.096678374716075779,0.98513126291404518,-0.14202002215052922,-0.98757410767255094,0.11270684774021363,0.10951962530628774,0.12389783580443768,0.12966711727281913,0.98378644277156724,10.675515694005842,7.4675573681671237,-1.6587495984319365,,0.5950673800057368,0.2,0,2
-0.93053337628246913,0.27410048571789242,-0.242850899429186,-0.2525152772146082,-0.96054411071139956,-0.116580642264816,-0.26522381189776079,-0.047158616464680142,0.96303291454423268,12.368603386338958,1.0345935664151547,-0.68302050698924011,,0.4977797032598524,0.4117647058823529,0,1
0.88878240899060912,-0.27788246045060322,-0.36448205393787142,0.3633307798442682,0.91193112733471449,0.19071539900016951,0.27938606602084948,-0.30193204065146317,0.91147159524663068,-6.0216830095675737,16.407508196746544,-7.904615946348291,,0.2899739829446518,0.1052631578947368,0,3
0.29538406742794837,0.92493956110724929,-0.23923850235372005,-0.94667262699461063,0.31709567367607266,0.057107539213671121,0.12868251632931549,0.20961188428771721,0.96927997397888543,3.8473361049288273,1.7922859232698252,-3.4365536982741598,,0.3209156044379144,0.6291079812206573,1,5
0.66175800644748017,-0.67893915619003908,-0.31799050786873123,0.7314571428490072,0.67772877428709821,0.075194126622192894,0.16445908025348852,-0.28235674366882862,0.9451073379394066,-8.0358815868744173,27.351998046639558,-9.9119530035909875,,0.9023854852889723,0.7631578947368421,0,1
0.72111930760127363,-0.60728803432079814,-0.333448927986642,0.66684137227798768,0.73894873806269523,0.096318984286385079,0.18790829790903288,-0.2918150199806922,0.93783498851908842,-10.148711612097138,2.074790935767902,-7.7834366600656111,,0.07880282293027516,0.1341463414634146,0,3
0.48987072012421234,0.843518284182596,-0.2202352873965365,-0.8524239589774949,0.51640792512748557,0.081830611794487751,0.18275686505879918,0.14764741486113139,0.97200831743288352,3.6961238140449053,-7.5558452668841323,-2.7804145714430493,,0.114782268512715,0.4516129032258064,0,1
0.87164391968283916,0.40562557091324769,-0.27514500449987589,-0.39474112939870803,0.9137109321562471,0.096497529601504553,0.29054486407604491,0.024499564883127378,0.95654767433702381,2.5083486939296975,8.6713626794240106,-4.2926213335897652,,0.1552676637174319,0.5,1,6
0.20717964704577438,-0.90022232580991213,-0.38298349568014334,0.97815017096382428,0.19753192149370422,0.064833502407693769,0.017286899474217882,-0.38804755392142226,0.92147721567175533,8.6490098837333544,8.8657459507500231,-2.3941764745760343,,0.4763349446048671,0.6470588235294118,1,5
-0.1168836101073851,0.97702564266314595,-0.17821087303229161,-0.99309783678068397,-0.11674110612326974,0.011322575795368217,-0.0097420875479115061,0.17830425603384309,0.98392717413964481,-0.42785940735272976,10.736431386756342,-5.2627218411201566,,0.4723286551651231,0.4957264957264957,1,5
-0.14578148181629413,-0.90628263739097492,-0.39673610967884354,0.9856772532977528,-0.16742136659087822,0.020259277880522938,-0.084782733447577516,-0.3881003313223278,0.91770911564430702,-7.1531736451993959,4.8062139561611223,-7.0296125820004818,,0.1487071578032013,0.3895216400911162,1,5
0.5067430974560222,-0.76381142534717839,-0.39975434918183,0.85449695703106365,0.50644883666940421,0.11551851046849805,0.11422076696174605,-0.40012708274411946,0.90931399090157627,-8.4047052671100495,9.5739293051212186,-7.8285440740003436,,0.08452773406412953,0.2745098039215687,0,4
-0.39163107485539878,-0.83355305162314419,-0.38963368865814058,0.9068067679276739,-0.42143079084556395,-0.0098779637501186703,-0.15596982672354021,-0.35719098344866762,0.92091694223464182,-15.382475968477003,17.004937803559585,-10.721428341220156,,0.09416784660113039,0.4,0,1
0.47115879505223346,-0.82072085645006077,-0.3231511498243585,0.8761484158628603,0.4777712493346099,0.064020205328052457,0.10184961082855155,-0.31329205080423533,0.94417940439142611,-4.3752345898847826,4.0369594109158795,-6.0443419627008446,,0.09772825725296239,0.5470588235294118,0,5
-0.81502701172707503,-0.47818096346766026,-0.32722154014119176,0.51550472002467229,-0.85626236700133551,-0.032705389304431162,-0.26454839592694152,-0.19534002414868831,0.94438150192497505,-14.32119076999542,15.286076029822302,-10.293063448262942,,0.10376552122172,0.3461538461538461,0,1
-0.79509347854985923,0.54469200975845644,-0.26671515681111435,-0.57116729227023411,-0.82038011982219439,0.027283387641759242,-0.2039467690554885,0.17403181750994567,0.96338914353754868,-10.432763226620223,-8.8656830664141779,-6.9895761849912112,,0.1862510038607131,0.7477477477477478,1,3
0.59451527158818784,0.79481429640655932,-0.12174492217817627,-0.77609646293345158,0.60680565741890546,0.17164257731284788,0.21029948186006123,-0.0075583299846534099,0.97760779435171963,-17.531087659359475,-5.1169219850606122,-9.4480711880689281,,0.2676756282932956,0.2641509433962264,0,2
0.51156689161948887,0.82047804479530373,-0.25517659259354081,-0.83829404305154165,0.54175569350443986,0.061350354031773906,0.18857999041010307,0.18252820758556562,0.9649461335497056,-12.586671518955765,17.807382898589225,-10.021752738897534,,0.07913394579740601,0.3333333333333333,0,1
0.29318625577190827,-0.86598227369755798,-0.40511297321618467,0.95498414479798832,0.28531970646067051,0.081227755660564102,0.045244918067166254,-0.41069132782030449,0.91065115749242387,-16.331853744364384,16.229928869740156,-11.02575516377216,,0.0837688784697937,0.3333333333333333,0,1
0.76280980421112021,0.61974415786894521,-0.18449493593783345,-0.58050869423681695,0.78203227120093943,0.22679325985524185,0.28483479161587522,-0.06589920779200191,0.95630875552696293,9.3806542294237207,25.174179866707274,-3.8578443693713713,,0.4620343605193795,0.4473684210526316,0,3
0.44689042800246942,0.89356828626539886,-0.042716075902279042,-0.87789392636925911,0.44723210158725452,0.17113065579788794,0.17202092722612938,-0.038976468420922457,0.98432191660335233,12.911272031252619,-6.1486256873888472,-0.002803659190065221,,0.2396548823988192,0.1923076923076923,0,3
-0.012517709557673173,0.99065206644661752,-0.13583736670178023,-0.99949069063498153,-0.0084083057674187792,0.030784082382419635,0.029354152711937413,0.13615352966106237,0.99025277080117091,-7.4707788085474451,24.962869272252213,-9.4655169616431838,,0.4643332340756303,0.2093023255813954,0,4
0.84147613480828021,-0.44108019915164504,-0.31203553077247614,0.51303247368343818,0.83342906752308499,0.20541097914632625,0.16945676585597971,-0.3329327970085631,0.9275991360397472,-8.8947195357573907,-9.1439214414715995,-6.4841809144607163,,0.1980314432142534,0.1666666666666667,1,4
0.95303987944206525,0.17241599579648134,-0.24897331701722794,-0.10334525441931096,0.95792267414116028,0.26777585543744642,0.28466602639243982,-0.22947085819283475,0.93075688482985841,-11.501298927136352,16.722221914259716,-9.6513950320808863,,0.1602580722554342,0.186046511627907,0,2
0.67657422675589474,-0.57303648359553305,-0.46246784121507389,0.71597649278686282,0.65871207368004137,0.23124892597537569,0.17211907932094031,-0.48757316625980085,0.85594826366849164,1.8424315428802327,5.7670658890284221,-4.26786519713714,,0.539133313985905,0.2,0,3
-0.81238797342030811,0.52289425624395514,-0.25808405109406718,-0.54098362980748593,-0.84103241006733975,-0.0010943018956800208,-0.21762925566743374,0.13873024905694764,0.96612184794374456,2.4780044222111224,0.52329831023728446,-3.7028409730333527,,0.09481080526128272,0.3463203463203463,0,5
0.9399429431354952,0.22228679525469994,-0.25902865537461045,-0.1969059784488395,0.97299372616368818,0.12046262697288133,0.27881050787387618,-0.06222370530189842,0.95832818553855248,-1.2053830466312763,10.098503989566582,-5.5717647251518727,,0.0916529873299638,0.2151898734177215,0,4
0.47135811326756877,0.86558414049117205,-0.16907283870272238,-0.86529956392332563,0.49095217609975034,0.10110700003967443,0.17052329380744605,0.098641048823899499,0.98040387073694313,2.7434119593889212,27.976101515141803,-6.8656549829958573,,0.2726994632920339,0.3,0,5
-0.047596667045780146,0.99565695834239454,-0.080011115418453627,-0.9984287682827887,-0.045051398826684109,0.033322156729025457,0.029572824542945405,0.081471423015257269,0.99623684697988479,-10.09177190039169,19.796529112348388,-9.5118051861376962,,0.2008518845584125,0.2173913043478261,0,1
0.88318419433791273,-0.36232595525911887,-0.297834821700314,0.39991218220606745,0.91351604432322087,0.074556577759679082,0.24506310492375627,-0.18495496454440177,0.95170149505793367,9.5725507012000346,-0.19911149863473629,-1.4473655071116769,,0.2280232813955356,0.7826086956521739,1,5
0.3742376280925323,0.89628389111293727,-0.23795248317916118,-0.91476316334915952,0.39890992586997992,0.06386881885433035,0.15216620090912325,0.19376805096264083,0.96917459197351286,-7.2301645804290686,8.6116994954776871,-7.396520726080138,,0.4767778160750943,0.9957386363636364,1,5
-0.55585943789735615,0.81310668612003223,-0.17285196639707706,-0.81886348166731959,-0.57139061607528929,-0.05454688123787161,-0.1431184254109597,0.11122176427301572,0.98343623863465945,-0.22103247896563424,-11.73882935337474,-3.6905622639069837,,0.204540505778852,0.3,1,4
0.16465469744897721,-0.86821663224601497,-0.4680691296158862,0.98035044917411773,0.19631861296521724,-0.019287275793097056,0.10863621593231004,-0.45569604090314508,0.88348134722421123,-15.61135157682191,15.995502570539397,-10.746459619277868,,0.2565137057126588,0.25,0,2
-0.017998779334037002,0.99848738058259212,-0.051951850398222345,-0.99839300791137864,-0.015155953256775509,0.054604934159369414,0.053734957859435176,0.052851186346127212,0.99715560791967295,-5.5563676328335028,18.358501415676056,-7.9842922626284247,,0.131331495177693,0.3571428571428572,0,3
-0.059297975397836898,-0.81695475224689484,-0.57364508443368711,0.99684833960488017,-0.078798427821736086,0.0091758160300158056,-0.052698557292506221,-0.5712930426270193,0.81905257554399491,-3.791581474451827,-7.3450311589915191,-5.1157051393120367,,0.4988426883442021,0.4473684210526316,0,3
0.9092012229054075,0.30680191496902126,-0.28147064010062045,-0.30341910793103516,0.95117032580462268,0.056673241049576148,0.28511397933045368,0.033876190459820169,0.95789478676433149,-5.4045887753256174,-0.22775546531515969,-6.1115002351172061,,0.1077734896939134,0.5526315789473685,1,5
0.65792196780838808,0.75216513044291444,-0.037233060859022636,-0.71813132451892703,0.6415048378620668,0.26973865823099014,0.22677320172328516,-0.15072876150674355,0.9622134666667338,-16.395400432271707,19.833843826720816,-11.391629092766307,,0.4801504180078245,0.24,0,1
0.9576808624222094,0.061473742657362419,-0.281190939957085,-0.031470362515945753,0.99343305767895773,0.11000170995830535,0.28610659208303391,-0.096497351644138654,0.95332642840335624,10.440738649834227,18.494497187559659,-2.606892125215563,0.570395886409966,0.6009851980802889,0.9069767441860465,1,5
0.86030900027131507,0.44550954913642116,-0.24776938002996285,-0.43279085748288065,0.89514557846195197,0.10680106291254696,0.26937055839753971,0.015350406778962277,0.96291425749145343,-2.0992697869717158,17.050431143482491,-6.621029037777757,0.2103871383595195,0.1799306914491138,0.3243243243243243,1,5
0.93907779888466703,-0.15957383574143391,-0.30441596309769214,0.20419167702013646,0.97146619275711343,0.12066149081502399,0.27647539976937158,-0.17546973322133286,0.94486598311379655,-2.7509197185011915,21.874704461105974,-7.6529285487576111,,0.2063772683314773,0.4285714285714285,0,6
-0.71415484230266191,-0.62751458618677125,-0.31017463683948382,0.65944729927480628,-0.75174654208092861,0.002529021259532051,-0.23475970841442256,-0.2027377137885602,0.95067623232779075,1.8168399837912685,1.2955229230336158,-4.0140334944077436,,0.549901008213334,0.7827943868212325,1,5
-0.18838798603744825,-0.90046462401063976,-0.39201202484379349,0.97712199557848367,-0.21197200008737122,0.017334270555202369,-0.098704470382428161,-0.37977800368680692,0.91979676855389514,11.538072194161737,8.5021863016589521,-1.5114344891621454,,0.5801505930974455,0.34375,0,1
0.95416750531860794,0.003865473003306902,-0.29924810761728293,0.10955794852214706,0.92599401966925354,0.36129230749131236,0.27849852371185524,-0.377518388499473,0.88312991039545163,10.333925492242823,-1.4912588374809372,-1.1040012118234608,,0.2088509561146437,0.1578947368421053,0,1
0.79242771104894827,-0.49728391991808646,-0.35322376159118474,0.57519237527107603,0.80193955155875185,0.16138986051101703,0.20300752250037846,-0.33106141218307206,0.9215130423231177,-13.101750633716994,23.915935389484442,-10.836597931762698,,0.255869561623303,0.4583333333333333,0,4
0.88816029750438452,-0.23591052670945384,-0.39435708352277504,0.35896818059258845,0.89195550173800875,0.27487675100186687,0.28690265118846092,-0.38569626172282706,0.87688383633983524,2.6067714004463998,17.244931723371881,-4.9967847713705282,,0.1618667879356731,0.2608695652173913,0,6
-0.91707560747814965,0.30113971737963585,-0.26131819834274339,-0.30511007318014005,-0.95195494185229002,-0.026260843989005314,-0.25667133344531096,0.055647635165550727,0.96489541779816212,-10.922084387632246,11.096661170936455,-8.7867277951305152,,0.09349558630752275,0.2222222222222222,0,3
-0.71128372274206875,-0.62249282435014364,-0.32646309040191068,0.66079508435431289,-0.7505165930581178,-0.0086429183505129983,-0.23963581171302756,-0.22187277250040868,0.94517043466647943,2.1475972260738785,-9.6360415729435935,-3.0912819457098148,,0.08416527150092119,0.2686567164179104,0,4
0.9446033144893492,-0.17078934419305292,-0.28027768046321783,0.22229114087369647,0.96117794113073718,0.16347358860912944,0.24147717686109629,-0.21672093898325409,0.94589682717588752,-3.6111496483940289,-9.6480813888269328,-4.8204525267863136,,0.1853167764867147,0.1764705882352941,0,3
0.41479473073477796,-0.78431224996138038,-0.46130209832080765,0.90606764666482098,0.40259719619922979,0.13021872860611186,0.083586787364608645,-0.47198494909587529,0.87763515016493487,-8.7049989016150064,1.5954486030284389,-7.2925147973877902,,0.07883270982665287,0.3103448275862069,0,2
0.58907324812182049,-0.71236199886682638,-0.38148799577138542,0.80217701393666418,0.57246030253451918,0.16970928181376765,0.097492290253465577,-0.40599209917503004,0.90866147092775307,5.8585156722352796,3.4536176930130273,-2.8774913705482903,,0.1814068509262917,0.4782608695652174,0,3
0.13213727139215981,0.98527969140510252,-0.10846045921763685,-0.9877946777274218,0.13999224320658607,0.068292360446591344,0.082470698811236934,0.098112698192711317,0.99175222827626275,8.528216116467334,1.3330663889201293,-1.8793957533935779,,0.18937371861111,0.3043478260869565,0,1
0.18665382036562489,-0.86534232682036627,-0.46512687382695017,0.9820839456545617,0.17683943996620052,0.065107112975534037,0.025912835245982434,-0.46894612684780246,0.88284656372665327,-5.9382563667466579,-5.1900468673812901,-5.8873930994871548,,0.3415777443431455,0.2743362831858407,0,4
0.85227968718132241,-0.40302198411115342,-0.3334555669668986,0.46784859758714892,0.87243543462587769,0.14132976383230106,0.23395945066152987,-0.27645920627149484,0.93211226937203762,-2.8360146674800726,7.1585523809271718,-5.868452086319456,,0.09763735397287307,0.303030303030303,0,5
0.25783988891178794,0.95617916830263061,-0.13870829027151613,-0.95782915829777648,0.27180443553679123,0.093196847248716089,0.12681441243222741,0.10882898017815205,0.98593831342171356,-9.0330058465763781,-0.25176368565863222,-7.2012775745374284,,0.1698945111159812,0.4342507645259939,1,3
-0.64600470779282715,0.74832506891976569,-0.15062373231244566,-0.75166674162964076,-0.65799116104716737,-0.04521881811457866,-0.13294745968758626,0.084007280696545769,0.98755645395723535,-8.6078856102920245,30.138322425687512,-10.458318302277828,,0.267301369680372,0.4827586206896552,0,4
0.89047522559070003,0.39160560018126811,-0.23173028830056572,-0.34839308155137311,0.91434418312244803,0.20639034744213353,0.2927048570426069,-0.10305226196845453,0.95063352453343175,0.056040328434442198,14.119889061846445,-5.5739263293258361,,0.08872104496515672,0.3823529411764706,0,5
0.54043631968472305,0.82597216106312932,-0.16030774627052397,-0.81961226720062574,0.55987074638120493,0.12157499249764324,0.19016917683967921,0.065686653859482677,0.97955140124694973,14.159603697870764,10.031911341120331,-0.7392276023079335,,0.3834545044623497,0.5,1,5
0.032553445327062294,-0.91687002112067828,-0.39785630266153399,0.9986741582272699,0.013957061713261054,0.049549229231016942,-0.039877297882298934,-0.39894180628069109,0.91610874699192091,20.354343568920203,19.276586935171149,0.50749332316528539,,0.554264733424972,0.48,1,5
0.6496514681413208,0.74877549294104317,-0.13148471817182728,-0.72613374483229587,0.66237860259696502,0.18434850538455358,0.2251283068777743,-0.024286786378405464,0.97402638437044264,3.5113177439443453,7.0076599487570332,-3.8424064023122146,0.5300589461492616,0.2192029803815163,0.275,1,6
0.74588192207011583,0.62630160727703954,-0.22672991653327745,-0.61654803956307547,0.77799555971808876,0.12079496665783236,0.25204895008691941,0.049691103641752367,0.96643785158640538,4.3989977477157618,19.157763162579794,-4.7535485421815,,0.1193234717636662,0.35,0,4
0.55006410138905182,0.80613184758692447,-0.2181305312631549,-0.81152013221519759,0.57762129311241173,0.088253706735602108,0.19714096320268637,0.12847212168107491,0.97192096107568338,-19.438027825753579,14.843173868495573,-11.774281735864905,,0.1417272799064366,0.34375,1,5
0.062261655430277445,0.97162484268714711,-0.22818556338264737,-0.99778418098846688,0.065969124382629515,0.0086488610442297179,0.023456650064632965,0.22714145306694658,0.97357924477999214,-1.4190509420310971,-12.995653446952641,-3.9866075466516415,,0.1308316186949828,0.3103448275862069,0,3
0.58571629287224047,0.77762751893621029,-0.22854291950772473,-0.78320050005479913,0.61559736915032359,0.087389105780489834,0.20864659349702575,0.12780970576726505,0.96960367064784403,-10.439401114114832,-4.9196403710564995,-7.2937391352780256,,0.07107498143851315,0.32,0,4
0.90919855300736663,-0.29744673202687555,-0.29134761508521445,0.32847131158546755,0.94241696892570348,0.06290353047494382,0.25586048673961542,-0.15289113214121205,0.9545468626725172,-9.8334938265183531,0.65466068316556714,-7.5818871479596046,,0.3449158043779177,0.9410339256865913,1,5
0.88651275891297066,0.3941014737375923,-0.24244413105367185,-0.34065680028974954,0.91049683202665155,0.23441088559574388,0.31312628874123943,-0.12521799897494318,0.94142040557438988,-12.439930463109649,14.137901023959527,-9.5913538163000691,,0.4783831325727785,0.5859872611464968,1,5
-0.67104298234076876,0.70313174147192692,-0.23517455216468941,-0.72345423934552255,-0.69037230895336421,0.00019647746192075625,-0.16221984904504963,0.1702698715717392,0.97195313231181346,-25.133221569697557,24.301978126698678,-14.250577054070348,,0.1856022604952603,0.5789473684210527,0,2
-0.89537710590402941,0.35800634327708286,-0.26482314173103494,-0.33907267114995443,-0.93361701311515988,-0.11571083139085311,-0.28866860221049184,-0.013810539283426279,0.9573294663294043,-2.9617514446105151,13.866013061836846,-6.599490945370162,,0.3580372920704414,0.1956521739130435,0,3
0.57917055237045789,-0.71853294822968727,-0.38506086996117089,0.80373975197829994,0.58225328249643049,0.12240721429717553,0.1362493389222901,-0.38038338203776373,0.91473744884133479,-5.3936366068302446,5.4034702841679909,-6.518771898004915,,0.07866925193481336,0.273972602739726,0,5
0.79111103877314792,0.56543864676554945,-0.23328622135740298,-0.55406857296223766,0.82401948769582634,0.11832117457622762,0.2591357574455147,0.03565137643139054,0.96518269699144887,-14.711552922851682,18.23348691462197,-10.69279504872582,,0.5222951025392649,0.696969696969697,0,1
0.76411213276599588,-0.56267694900818033,-0.31547947574231611,0.61401109963600886,0.78434943008573255,0.088240246191667121,0.19779539449537334,-0.26113334252644232,0.94482080805694968,-4.1874310858069084,12.725148446662102,-6.8244081110796504,0.4282738282125374,0.2823330873159331,0.8353413654618473,1,4
-0.44915195527541774,0.85419352987004415,-0.26194643460147121,-0.88849250237248723,-0.45788817774001916,0.030323092088376618,-0.094040386537617926,0.24635711926810308,0.96460591719405131,-0.99753004026622927,2.4733694365556329,-4.9557108108797205,,0.08521100817014429,0.3753581661891118,0,5
0.81916376078882602,-0.47330776695881582,-0.32396063147667342,0.52891273254430848,0.84184473208517974,0.10746519628672214,0.22186043893136656,-0.2593784971752478,0.93994720109179031,11.539726171252926,-7.2903548684447106,-0.33978170495984678,,0.2501456230329324,0.3181818181818182,1,5
-0.20279378181394211,-0.92481600350142557,-0.32185406898973701,0.97388856771644883,-0.22473994938942846,0.032140516791762413,-0.10205753146536324,-0.30693210131247001,0.94624359731260976,-12.032105805961928,-3.4355579069546573,-7.8914702147498614,,0.3911527733893032,0.9232558139534883,1,5
-0.010476744443393997,-0.92003481105824603,-0.39169654615133509,0.99888122428555326,-0.027694075480320005,0.038331944290424712,-0.046114396837231814,-0.39085673158371925,0.91929564220659188,-5.9544254430359969,3.867085280058101,-6.6021148636635747,,0.08219163084300822,0.3260869565217391,0,5
