axis_00,axis_01,axis_02,axis_10,axis_11,axis_12,axis_20,axis_21,axis_22,location_x,location_y,location_z,dbh,dbh_approximation,score,reconstructed,number_clusters
0.72936711009842048,0.68067084002438327,0.068635459109541733,-0.65644236638009901,0.66807588560447406,0.35036842137254864,0.19263187256519329,-0.30060242616169369,0.93409375496131475,-15.937570244367679,-4.0761481904525088,-2.958311096847809,0.6539112661322157,0.4800659952976014,0.2666666666666667,1,3
-0.17273593018910696,0.98078285579181324,-0.090704400149933972,-0.9801404974818243,-0.16205251175241997,0.11429605693467149,0.097400737254837416,0.10864609159830436,0.98929728755446766,10.722411571790699,1.9189332592355193,0.0074125105000792009,,0.1145792461762561,0.2142857142857143,0,2
-0.69630018433634799,-0.67606694324247485,-0.24103846487219344,0.68821169689738715,-0.72422089537081713,0.043229098555369362,-0.20379085736800356,-0.13578506163443571,0.96955232117206835,-16.899661093000429,-0.74725984423691916,-3.6344366821627552,,0.1112046459799806,0.3777777777777778,0,2
0.53113156441117182,-0.79137986254297932,-0.30268329066467459,0.84659596593278197,0.51012782238349497,0.15180538625691822,0.034271442229357164,-0.33687908512065262,0.94092398750153616,23.459246527628569,-12.290867888745547,4.2388120358003256,,0.2551141540569922,0.2857142857142857,0,4
-0.97490344815549168,0.18344251624031505,-0.12614321230234166,-0.18547745212083191,-0.98263831374118005,0.0044787411907484236,-0.12313156187304869,0.027763061850432244,0.99200193087886257,-20.833169278260861,-5.8436410560104886,-3.4624761379702003,,0.09990067484658068,0.3076923076923077,0,1
0.73289737972607794,0.67116679553514047,-0.11133985522597145,-0.65336559888838908,0.73997533242266822,0.15984336581534409,0.18967030600456569,-0.044403152782799223,0.98084327751332501,3.2743155337810448,-4.8562052582500925,0.024530941655220666,,0.09093650307492011,0.4285714285714285,0,5
0.25054674346662065,0.96733549633263538,0.038579358122757888,-0.95570999527435907,0.24078622141070177,0.16923474971600738,0.15441740274643431,-0.079271893591923104,0.98482040627486755,-24.748962256995146,12.715385056553473,-7.0144371659757212,,0.09227051288061472,0.4666666666666667,0,2
0.54583330410137398,-0.80950177381278798,-0.2162703917038232,0.83758139337518722,0.52009353523517787,0.16721281074801705,-0.022878234316803709,-0.272414377007754,0.96190799642898306,2.1132565341888014,-5.3362248238842778,-0.072703259615515603,,0.08987565687893224,0.25,0,5
0.59520796748609828,-0.76336508778868495,-0.2510004346339666,0.80356734864635193,0.56439593508148556,0.18904164793231723,-0.0026441691584741024,-0.31421484880391587,0.94934821702081063,-13.790134029502328,-3.6266294655677163,-2.7085660825837858,0.2981484785847466,0.2515187479391202,0.8225806451612904,1,6
0.91534186584166388,-0.3295803749450234,-0.23135696464252159,0.38986862957975565,0.86911036986572199,0.30438399540953642,0.10075574577713332,-0.36881423703941713,0.92402615669142607,-13.880735752015896,13.835783524896886,-5.4495875921967993,0.9149105553975774,0.5726918835530641,0.9115646258503401,1,4
0.7072176336832513,-0.68134113231377302,-0.18872593892957265,0.70680722759900283,0.68753970940717646,0.16647129182566703,0.016332838738998445,-0.25112429075197218,0.96781704313007666,-12.284431652797521,-1.2112346257675668,-2.843402336974485,0.1891546414314577,0.1886205366493388,0.7055016181229773,1,3
0.42479655091670093,0.9010341061863314,0.087666583247399024,-0.8901085411444466,0.39805078119881809,0.22195125719111064,0.16508990069346666,-0.17231690304786995,0.97110875272186237,3.9582585147817553,1.6599459704821979,-0.88983394922062287,0.1830873572002339,0.1696009469350708,0.1904761904761905,1,5
-0.76799050312623529,0.63754438673249325,0.061055237726190689,-0.63870121807796998,-0.76945449033640867,0.00073574917930497154,0.047448299586283202,-0.038431006323368849,0.99813411755101522,4.4517169752945724,0.10687326492326693,-0.56242152248840827,,0.4727393062526481,0.4,0,2
-0.74536884881738308,-0.62763804714398574,-0.22471261867089967,0.63546159275629965,-0.77081320472057047,0.045117264545078688,-0.20152876555041943,-0.10916723503729425,0.9733800241683801,2.1242372722682439,6.0588557141301989,-1.927731403721793,,0.1822600564002524,0.1739130434782609,0,2
-0.87559838656146127,-0.459276870626946,-0.14964030726407701,0.45141017811703077,-0.888267132977822,0.084913789008101995,-0.17191950600009978,0.0068012188967502335,0.98508752244569697,2.8500044780912743,10.488616191874206,-2.5152087829871106,,0.1892864854574783,0.6190476190476191,0,8
0.9840918934252062,-0.088510854210046161,-0.15404211755815544,0.1223728658019823,0.96627888213624336,0.22656125805826074,0.12879451467435488,-0.24180767279914797,0.96173854158251204,-7.0014189533481659,0.79208461556137266,-2.2941324835772523,,0.07532807258717318,0.25,0,5
-0.98730621696979626,0.025143440223462772,-0.15682551242230494,-0.030298165468973966,-0.99907346170209699,0.030565328262630378,-0.15591169007487551,0.034928863942545227,0.98715324006036609,-5.7572798618093106,11.146192305530729,-3.9214976443870748,,0.08381204754147012,0.1090909090909091,0,5
0.013822669772660326,-0.97279477348673338,-0.23125583771496752,0.99269491685192812,-0.014372018879705233,0.11979251700195957,-0.11985714770800851,-0.23122234699573654,0.96548976710946233,-20.428337967995301,-0.71516278285788837,-4.154019159563668,,0.08738029275709569,0.5384615384615384,0,1
-0.87805237830774019,-0.38221854189858862,-0.28798091460553005,0.44111033498507801,-0.87976831841551084,-0.17728332770369451,-0.18559550996043231,-0.28269540523549408,0.94108321339893541,-2.4775971673822155,-15.501705761387989,0.78133226973504366,,0.4503598702175766,0.1,0,1
-0.33649287027939806,-0.90968402648313373,-0.24340813505831344,0.93098354912999792,-0.36022257483185344,0.059239579934557356,-0.14157040474776278,-0.20667527317737741,0.96811319170674026,-0.38516202126861743,17.546126046377296,-3.7692422153596574,,0.1753184247919682,0.3636363636363636,0,5
0.2043825482495481,0.97826156916173757,-0.035100944036284353,-0.97185316491348839,0.20707473440346297,0.11234536136117429,0.11717166815684911,0.011151532314101091,0.99304906399854698,-25.5798208332684,14.669707593406455,-7.4598956405832162,,0.2762135119261093,0.2631578947368421,0,3
-0.6987472659841889,0.70428959282717107,-0.12541302848970357,-0.71505164233924723,-0.69283912004819093,0.09314023039907994,-0.021293357357788013,0.1547582733367959,0.98772287093407285,-7.1782455367526072,-15.335561326280645,0.023488848455333881,,0.08473460209838371,0.2777777777777778,0,4
-0.04998663512354877,-0.95243355847079836,-0.30061878352437671,0.99038235894411597,-0.086149779910146121,0.10826356041494119,-0.12901209013620171,-0.29231580887814507,0.9475797319901913,-5.8018797905500898,-9.9970198077321175,-0.54657533295801519,0.2103363697749407,0.1621573913407396,0.4,1,5
-0.91963899993049181,-0.34385041739915817,-0.18981833489225552,0.34776664243540995,-0.93748599141737043,0.01335583413309447,-0.18254443901703918,-0.053729939052763381,0.98172838475483604,-8.1494940955048527,-19.121998009754943,0.45676646124452219,,0.1528055620732998,0.2857142857142857,0,3
0.97077818529554849,0.21733702735784122,-0.10175623564941605,-0.17280342344699473,0.92730954633428586,0.33201804487452158,0.1665193436189355,-0.30473204921136576,0.93776846096686439,-0.11512365697864552,9.9602065019712747,-2.938637096037144,,0.6068180718686502,0.5106382978723404,0,1
-0.98265825174703725,0.10899337421024358,-0.150010681792069,-0.1240818168630265,-0.98769680664593296,0.095177312766200867,-0.1377913749021539,0.11214036971443718,0.98409251317286339,-10.319156659066861,-5.0011556063851419,-2.0032983852061204,,0.07560492779313353,0.4024390243902439,0,5
0.80792966909872677,-0.56011731999234238,-0.18307986681942298,0.58720800156518593,0.79127289711116067,0.17051089465230923,0.04936003127878219,-0.24526677341602188,0.96819822204456196,-9.3142552675925305,-2.2796438136002188,-2.2707278408923228,,0.07720182561303279,0.2280701754385965,0,5
0.9783409762624582,-0.094525922753768268,-0.18415695505022045,0.15856096393155863,0.91412011246479352,0.37315257027715598,0.13306898542829296,-0.39427055420726187,0.90930928467831174,-10.676748513471395,12.155847105704764,-4.768384142223951,,0.3554931547766673,0.25,0,2
-0.46607435426339872,-0.82260616474785153,-0.32572042308824584,0.8688591686806787,-0.49501129459526655,0.0068966095030266496,-0.16690848180207896,-0.27979084320604236,0.94544097793599791,-12.89333342210023,10.488238374834756,-4.8732866774337653,,0.4532180162785073,0.2612612612612613,0,4
0.93326863603593135,-0.32361684033335464,-0.15582616482570699,0.34577373188724281,0.92690165719479423,0.1459241043361689,0.097212032837511189,-0.19006698435604263,0.97694644793325214,-20.429062562539446,-10.72539577165688,-2.6129954232861596,,0.4711073182803957,0.6341463414634146,0,1
0.32639004044961051,-0.92938725694493207,-0.17236260651218921,0.94280902392794463,0.30703748814683995,0.12976565521167252,-0.067680764588893452,-0.20485923826094157,0.97644867074711539,2.3724165838038691,-3.2159861098424507,-0.39163265434735778,,0.1033955673705717,0.4204545454545455,0,4
-0.69495521348231903,0.71342254162510566,-0.089808286671771459,-0.71888121714556164,-0.69207881414066208,0.065090019611076314,-0.0157177253144422,0.10979613890674449,0.99382984509024996,-17.616691279345215,3.3401520949151919,-4.3607979371722889,,0.07816611483026824,0.1891891891891892,0,1
0.97327910584415678,0.18737371617523829,-0.13273610139627345,-0.15981786631424297,0.96782506943378022,0.19435247511226303,0.16488187205985774,-0.16794560268783854,0.97190958571456487,-11.916774249801394,2.8579603812155323,-3.4540690011970185,,0.1177559323758381,0.2420382165605096,0,2
-0.44468272128569397,-0.85650200048802516,-0.26203358668300547,0.88326175954435826,-0.4678906566961627,0.030446633689729503,-0.14868066961294174,-0.21790515491021303,0.96457835448811646,-8.8696576340633779,-9.1440640111376474,-1.1540934829602025,,0.1573047347793898,0.2933333333333333,0,5
-0.43750860108995021,-0.88190890596141869,-0.17556453388497559,0.88237175292953374,-0.45866301634647677,0.10511102258095312,-0.17322330560400045,-0.10892620906781542,0.97884052193078808,-9.0247956627779615,-6.6659784015442369,-1.5660611928001862,0.6360421380320018,0.5080010847534708,0.9671848013816926,1,5
-0.15358393016277946,0.97928106635366297,-0.13198700495498,-0.98335208136845009,-0.13834374531924648,0.11781210548741947,0.097111587692148588,0.14788374221757755,0.98422545096315883,-8.0989397320466807,-2.1198907074876909,-2.0986710431771347,,0.08631723349630857,0.3786407766990291,1,5
0.96042630967258324,0.23240078369981945,-0.15352908331783235,-0.20609476106491179,0.96372917745980835,0.16956126318896755,0.18736662763230036,-0.13120955852509808,0.97348744141942989,7.1437545755291083,-6.3849355891226054,0.74887430689017176,0.2173187881223641,0.2743676420360393,0.5,1,5
0.9071699167505306,-0.38795524183993735,-0.16289098339610772,0.41105843128385811,0.89980997367289439,0.14619499768883407,0.089853815797042894,-0.1995814159878127,0.9757528120272112,-15.815178214701605,-2.4034854743034311,-3.2148804016481769,,0.07433340215357997,0.2340425531914894,0,2
-0.0050654523194166414,0.9957301972705711,0.09217220533495589,-0.99262023019531087,-0.016174477068014701,0.12018096728926606,0.12115865548860756,-0.090883224717688157,0.98846386866951619,-15.609071410123605,14.204974955238672,-5.7529136502838494,0.9738567749315866,0.7447987641250744,0.4601769911504425,1,1
-0.98848130215064312,-0.020965056450842953,-0.14988389408666655,0.018464079450291594,-0.99966643004085176,0.018058416858431278,-0.15021249305108889,0.015082939282265999,0.98853867495105363,-31.803720774897968,24.29551582023845,-9.3205555565030291,,0.3992457964986638,0.2941176470588235,0,1
-0.61301079431587413,-0.75372468031109141,-0.23689000051113249,0.76785407976626352,-0.63896902457096683,0.046029314845341333,-0.18605880317395762,-0.15368048649314719,0.9704454800928819,9.1595345204185694,-2.0282506611845132,0.41302556489081704,,0.1277807331442251,0.24,0,1
-0.71859530690283957,0.69534010175357897,-0.011087280574447076,-0.69415891605569668,-0.71815519741488087,-0.048954179457664629,-0.042002192295091688,-0.02748190894599354,0.99873948581353789,-2.0423818154580036,18.428100323171485,-4.160014574736544,,0.2551766371101851,0.5555555555555556,0,2
0.1954620932637558,0.97816113034516305,-0.070677953980173097,-0.9697843544578536,0.2035097936537425,0.13454393236327916,0.14598930079192207,0.042244135319400314,0.98838381061478409,11.025710291807155,8.6852336374199801,-1.0833180003887484,,0.2663128393463028,0.5454545454545454,0,5
0.54173721139048925,-0.82315430887349994,-0.17011107423635863,0.84011403434247667,0.52375132461765894,0.14104240235495316,-0.027003760768923857,-0.21932061860262739,0.97527906937455411,15.541429588397868,-9.2399992399950239,2.5107754513605851,0.1390927248364348,0.1039769388806119,0.2083333333333333,1,5
-0.49330648343523947,0.86974558978888716,0.013831935639641215,-0.86923205866291908,-0.4934925206632762,0.03001266802584765,0.032929342437737708,0.0027822818310017879,0.99945380949518181,1.2998615635598505,5.3114287872808106,-1.8894938623914281,,0.2022951595288514,0.1111111111111111,0,1
0.90343523542917381,0.42871414242953493,-0.0029932367001047019,-0.38777926813055102,0.82011037106138773,0.42076860444392439,0.18284423587624657,-0.37897646808009339,0.90716306254629342,-12.493682904465047,-14.913355480465006,-0.82723077008301182,,0.3873638309246709,0.2222222222222222,0,1
0.88544940455514376,-0.43148312854161064,-0.17263157809880963,0.45844344403271159,0.87188274061230331,0.17219203014601123,0.076216537551684768,-0.23160914577434741,0.96981866500769587,-19.725898689053199,-5.2987231314884236,-3.3301211414016025,,0.07742485788957737,0.2,0,1
0.3476607115112948,-0.87886626118604605,-0.32668964571948395,0.93276683656638559,0.28878227562506159,0.21575640404574165,-0.095278844836609144,-0.37973529232041714,0.92017555362709424,-16.232134337021201,-8.7290718502600306,-2.2949412359910748,,0.5818508298756734,0.4545454545454545,0,4
0.96196261321962895,-0.2057311511424203,-0.17972930817559271,0.23946949567233577,0.95165401435544428,0.1923772273519006,0.13146212918593597,-0.22809938713372804,0.9647219175384778,0.065808683915380098,-7.6829368854921594,-0.01760587230943211,,0.1665243920930398,0.6785714285714286,0,2
-0.81038449688053737,-0.561256339492749,-0.16813175962583027,0.55450160740325427,-0.82737880150373455,0.08928765989458079,-0.18922191892823947,-0.020871995626750042,0.98171249620022205,-8.9461547739663647,6.2303993111298679,-3.5870473816409718,0.4826880529199428,0.4242546070441423,0.9089790897908979,1,5
-0.98089715538033773,0.17441825373236899,-0.086133868667980965,-0.16798686288604098,-0.98277412050774815,-0.077041819539316325,-0.098087636654516738,-0.061100743245668228,0.99330031446202538,0.81705971380618458,1.8988293877072846,-1.3558470433555907,0.5637349340536394,0.3506685398843826,0.1290322580645161,1,3
-0.41666611656398239,-0.8315105611390059,-0.36739560969313168,0.88933902305237811,-0.4565782056935857,0.024747609215221341,-0.18832272667878844,-0.31642776237227294,0.92973545797519452,-5.3555495193436871,-10.892718307992459,-0.33811248065038074,,0.1975429334281852,0.1111111111111111,0,5
0.89667953191442573,-0.41317243202603982,-0.15891619948707603,0.43514813412996084,0.88860990136759099,0.14497773813484457,0.081313703697114881,-0.1991506580585902,0.97658952328288384,-0.52162421761113231,4.3425644385789113,-2.0030000949426228,0.4831708017133598,0.4279696083987409,0.9581958195819582,1,5
-0.17685797370428166,-0.96774445037390233,-0.17942111332763913,0.97298777684583648,-0.19938887767612534,0.11635661376841314,-0.1483780416564803,-0.15399595523769125,0.97686703420916932,-7.0605526920935713,-7.2104983991383884,-1.1685335841581121,,0.09383417965932343,0.4411764705882353,0,5
-0.85178446289039966,0.50852923190931987,-0.12594145096921094,-0.52026889845415203,-0.84931213854257881,0.089382126991552277,-0.061510178668380509,0.14165772699696982,0.98800282707198539,-3.6651119901168396,-5.7145865411510925,-0.89617585332346972,,0.06981611021472775,0.1764705882352941,0,5
0.61899876489566674,0.78500809357408163,-0.02455243533391047,-0.76522131033177521,0.60984606455180523,0.20621378170431856,0.17685269370795687,-0.10885802944138664,0.97819888271985778,0.15598641516100184,-9.5753612110989952,0.26190538792130141,0.5542700227540596,0.5690611597800773,0.7704918032786885,1,5
0.53388754207796785,0.83885353228097048,-0.10624897078883012,-0.82612261064523806,0.54426775463161825,0.14592478695873801,0.18023741175084246,0.0098672512887862645,0.98357364378950363,-3.8053376333836204,-9.2642956292271208,-0.36262935543905228,,0.06888269550756934,0.3333333333333333,0,4
0.70011891185217723,-0.69079687303378667,-0.18064658721842877,0.71386361133212906,0.68258752975322878,0.15643851393194466,0.015239871481538655,-0.23848258727237684,0.97102718905553753,-5.7630613044526644,-5.3888093622116369,-1.2353350349741627,,0.07332570552136604,0.2318840579710145,0,5
0.40340564762635084,-0.83118903845457803,-0.38260771792544668,0.91206446028776211,0.33167464359873161,0.24110236637919361,-0.073500365598798773,-0.4462249580050493,0.89189740615736413,1.1360351616858715,-5.1352102204964485,-0.25291136595847785,,0.2182786931037062,0.3076923076923077,0,2
-0.98854348330077224,0.031947270520250204,-0.14751662119870346,-0.043571628841283495,-0.99613601163003174,0.076253258906948396,-0.14451053519966375,0.081807201639700511,0.98611575739169066,2.5032537425678911,9.3762603383451388,-2.4620116892371584,,0.0858823485778242,0.4146341463414634,0,5
-0.34542203977403058,0.93818897808990276,-0.022023983040590337,-0.93683690733626634,-0.34335991619756401,0.066637654531216159,0.054956560035796007,0.043650994712902853,0.99753414336031931,-17.970163891645733,-0.97688694847649948,-3.7433536280629616,,0.5721816156903052,0.2909090909090909,0,2
-0.96943667490703722,0.21434064697279406,-0.1193759624064742,-0.21224620936865268,-0.97675124974761762,-0.030142042483964179,-0.12306128535744261,-0.0038837059300519034,0.99239147360022339,-14.574016901529138,-7.6842108320555171,-2.2176273818749577,,0.176762019531303,0.36,0,3
0.046695448082548982,0.99592300858660376,-0.077180930910283871,-0.98949560365620648,0.056699602805970577,0.13297971795234323,0.13681368891090381,0.070160644306143646,0.98810905193563403,4.6198775843849322,-5.3633389735098707,0.3192149780201548,,0.08044375625442123,0.28,0,3
-0.97792080392099401,0.16589230491293144,-0.1270851857188367,-0.15599887332042014,-0.98415601165439381,-0.084269189193176081,-0.13905125954580821,-0.062583447453706309,0.98830565075968912,-11.102120438791825,7.6713373775922937,-4.1582339387943446,,0.5592037514437381,0.651252408477842,0,4
-0.53241779035599346,-0.77263553067886181,-0.34578263872704024,0.82924977783682818,-0.558081684804275,-0.029826817523709522,-0.16992969861096169,-0.30262050462355516,0.9378404596259281,-15.675433448624682,-12.6323660789022,-1.6283812320829631,,0.3035858676620916,0.2777777777777778,0,3
0.066528357110262587,-0.96798523393143399,-0.24203009025928307,0.99150250780505877,0.036958547376084665,0.12472707321238879,-0.11178888458379153,-0.24827132872435564,0.96221857839939584,-10.479121802196126,-2.0670534092085302,-2.4612569802231175,,0.08376927545448713,0.3559322033898305,0,3
0.52602272985208731,0.84567733139436685,-0.090166173505696376,-0.83167468453683668,0.53366427622782053,0.15336120558599003,0.17781256080353258,-0.0056825561095059226,0.98404796721326093,-1.2509639750643089,-7.585148140915746,-0.25952049694548901,0.6852378671459235,0.224192911420386,0.4285714285714285,1,6
0.077955188911173881,0.99125270075064853,-0.10649446828999119,-0.98843021505345774,0.090787000448804181,0.12150485800527855,0.13011033199249511,0.09579041603445286,0.98686143794595005,4.2062100609318378,-8.2071010797280319,0.67872562392783575,0.210109294650365,0.1640524944822032,0.3846153846153846,1,5
0.58535009512925495,0.80676536981807467,-0.080590968442364158,-0.79105173672452922,0.59007244647889068,0.16140525930564567,0.17777068362719034,-0.030726958338277838,0.98359210960336585,-2.4853267041376239,-10.52604360722075,0.046780549488373319,,0.1525998592459,0.1568627450980392,1,5
-0.11268443504791427,-0.96819860636728128,-0.22336892515832729,0.98411538521997266,-0.13978522886330566,0.10943947352293358,-0.13718282207068069,-0.20748867058248571,0.96857076401708297,3.3802149037141938,16.126693259740637,-3.0488144441434479,,0.124813190276509,0.2142857142857143,0,4
0.95871721681158506,-0.20983501905936547,-0.19191290463490088,0.26261035147967093,0.91221195751400597,0.31449188839171882,0.1090738350145095,-0.35190710328838409,0.92965815715799893,8.1809986299664121,1.8012020969853957,-0.29364292911123402,,0.5473687967623363,0.1363636363636364,0,2
0.92194234952413678,0.3693844796087038,-0.11652214544078791,-0.34746984245378759,0.92167780300655366,0.17255357437663982,0.17113448728721217,-0.11859651626089913,0.97808376614261583,-4.3084566645651439,-14.369260048026481,0.33628316419106202,,0.1091498494131457,0.2413793103448276,1,6
0.47668562460936986,-0.86145947046827331,-0.17509539123373941,0.87834925946438425,0.45866356744622078,0.13464884067778962,-0.035684642202796935,-0.21798007394720145,0.97530061707805227,-4.5949824337407588,-6.2532977394294234,-0.95481180992468373,,0.07365506556848281,0.2359550561797753,0,5
-0.50362291279861415,-0.80748401653086443,-0.30713763161068774,0.8451383253824839,-0.53422047975378573,0.018699999500689117,-0.1791791636154447,-0.25015603542352921,0.95148136359429125,-16.774490148125359,-4.3238747299193596,-3.052525096356594,,0.07264679140162991,0.4285714285714285,0,1
0.57717275410883773,-0.77341531175556066,-0.26210754940762082,0.81658285388389207,0.54346312683607423,0.19452576310708886,-0.0080034153495510286,-0.32630750115743012,0.94522979218343317,-10.799245998848237,-6.9938881883369381,-1.779345836681822,0.415566206363675,0.169314776806106,0.1730769230769231,1,6
0.70606126760792598,0.69421455833694079,-0.13979854568962929,-0.68233009327182215,0.71975067526612579,0.12800237993733893,0.18948121331561002,0.005011232084280913,0.98187155848076291,-18.310429964934368,-2.3181358893323698,-3.5738094434961387,,0.07088455387477174,0.3809523809523809,0,1
0.56558808690270246,-0.78693755854142799,-0.2466564309127163,0.82449287953010564,0.53306656810899711,0.18987239285544377,-0.017933420139426125,-0.31075603440859262,0.95032051410076901,-11.566970864568953,-5.3013418707667359,-2.1586874940132899,,0.07134772368298378,0.2682926829268293,0,4
-0.092945651275750843,-0.9519635623806284,-0.29176442862095042,0.98645468854078022,-0.12782151901440814,0.10280470190006055,-0.13516010271096093,-0.27825713859024792,0.95094937376220479,-10.522453221837079,-3.8414080524849368,-2.1996840475652895,,0.07265893569051478,0.3289473684210527,0,3
0.70303747785876347,-0.69303370025500444,-0.15950735104328517,0.71099213652098614,0.68973780038247656,0.13693775421287654,0.015115770946670909,-0.20968084565453227,0.9776530347900978,-14.703752786163497,-6.1663068281020603,-2.4519364365480576,,0.09317215428582837,0.3414634146341464,0,3
0.89726407750658532,0.43173232343535073,-0.092327547987424249,-0.40106074483165166,0.88449521644418627,0.23836629594477615,0.18457370931781444,-0.17684855947523484,0.96677667164666159,5.0233662987521921,-12.753157418324111,1.4806029209370852,,0.1025845832294938,0.4,0,5
0.93246458960222789,0.33811349930724832,-0.12723620052546264,-0.31399311353043502,0.93270364255120985,0.17740417082799162,0.1786564126848284,-0.12547181658807399,0.97587842964617078,-10.55354179209113,0.3270655776993,-2.8595939529355197,,0.07330444063736068,0.3172043010752688,0,3
0.79305888021015247,-0.57970049159268056,-0.18709610516262162,0.60820264862487639,0.77063478755853898,0.19029335881814033,0.033869613601328681,-0.26470618476304814,0.9637341360679752,10.083047258037141,-2.4306430750148156,0.60197926590649231,0.601403693847929,0.5408128050065356,0.9017341040462428,1,3
-0.50824711707866388,-0.78582135500842265,-0.35237716440478117,0.83556015898095604,-0.54906068890127557,0.019276426717012553,-0.20862427640365053,-0.28463513120481765,0.93565952855676604,-12.095512401714688,-12.421846118697516,-1.1101224921567687,,0.4304845438191171,0.2682926829268293,0,3
0.17844132278710662,0.9737897305000256,0.14103990603610486,-0.97302580596531496,0.15333716768083896,0.17236152103403141,0.1462172193947561,-0.16799188605496371,0.97488422439393252,-2.8827865405116544,20.459261194474308,-4.4994024132378483,,0.5371884702460943,0.4,0,1
0.334701803846219,-0.87717940822355078,-0.34428329656064877,0.94090110010827521,0.29102176147875974,0.17323814291557171,-0.051767000271633883,-0.38191965141162909,0.92274457871531024,-10.969640777697425,-9.949745939268011,-1.3350860238490025,,0.3438227641534959,0.2608695652173913,0,3
-0.17521551918294745,0.98430645010698603,0.020984139611458966,-0.98001851507675697,-0.1764110949146159,0.09188490462406429,0.094144739333630365,-0.0044651840734042684,0.99554850719941934,-21.186447482101865,-7.9486814598890909,-3.1190778524391543,,0.1688586441978428,0.125,0,1
-0.73324483638779014,0.67987838212055396,0.01083491743307064,-0.6799514455382375,-0.73323697562107826,-0.0054377653972673724,0.0042475429490835687,-0.011354431169938371,0.9999265149358243,-0.54755565922337401,11.666318068652497,-3.2162084788939156,0.7190393886472958,0.3977519249896838,0.3150684931506849,1,5
0.75457507140284619,-0.62482512810556179,-0.20052436486686084,0.65555218673629767,0.73147503816331372,0.18760490134651756,0.029458310926592159,-0.27301616771145032,0.96155830820887045,-2.0708905582849133,12.388013076490921,-3.5112055814156791,0.3499401510226189,0.3467102167790802,0.7962085308056872,1,5
-0.69888073961134067,-0.68476296828581518,-0.20655601919263109,0.68331753365216363,-0.7245532363987397,0.089998643476650153,-0.21128857045242871,-0.078245031078738994,0.9742868443675391,-12.729255974357045,0.68469365943505167,-3.2514800936278192,0.4312097454298691,0.4908621702274465,0.6222222222222222,1,3
0.98760782419101478,-0.019698041998252949,-0.15570090795536851,0.07042085062504147,0.94223216404324428,0.32747435447624162,0.14025579985846104,-0.33438082508394618,0.9319430102867039,-15.139487825950328,5.3155204752390599,-4.4312862785586358,,0.1825393444396038,0.208955223880597,0,3
-0.96582554158011202,0.25056491353142557,-0.066319283307895729,-0.23174121590829963,-0.94938838141988491,-0.2120323326152741,-0.11609062012422248,-0.18941733112870277,0.97500976538045647,-18.661081484745509,-5.782163391768135,-3.1170474633750107,,0.4450530513553651,0.28,0,1
0.41605134623096279,-0.89565140276467259,-0.15719364498947405,0.90792811575668653,0.39951808593677685,0.12669583903161766,-0.05067360178549566,-0.19543250429518474,0.97940712798457619,-4.0425040092155387,-4.617698349256437,-1.0749016685886144,,0.06959265849854368,0.2577319587628866,0,5
-0.89170234047962205,-0.3528779658070062,-0.28345030822187017,0.38138591679925354,-0.92302520823523793,-0.050687744371672082,-0.24374519164561304,-0.15330233595808176,0.95764642501261288,-14.715907337262978,6.5472189244146506,-4.5386622137230521,,0.555087182744856,0.4390243902439024,0,2
0.75058349239399058,-0.63447263969501089,-0.18457760000630016,0.66010186016992911,0.73258189094005688,0.1661002927959192,0.029832116013451752,-0.24651215496428525,0.96868044385598306,-3.5455768773287151,-7.289171398573516,-0.61491884079608772,,0.07030733728048855,0.3235294117647059,0,5
-0.68141677784560328,0.73048292793781489,-0.045451808125898843,-0.73185241771007048,-0.68073602240950015,0.031472313007103958,-0.0079506957205394899,0.054709777786882324,0.99847064386093476,13.144208330909578,-1.5398859095258683,0.8691661856130567,,0.09490353106646517,0.2352941176470588,1,5
-0.95719418567710024,0.27044440869800312,-0.10314607462206078,-0.2669788377400979,-0.96258924255746425,-0.046306050485790881,-0.11181051428599484,-0.016786063166618129,0.9935877600788301,-5.1125992232494246,-8.178191551704618,-0.74153935537467242,,0.08792754855318038,0.1923076923076923,0,5
-0.17021793613962338,-0.89289823723693307,-0.4168436063508057,0.97465215567957963,-0.21488066335370215,0.062285439276140227,-0.14518618958260418,-0.39567542058592836,0.90684173475785357,4.5714796479680784,9.9132911620889086,-2.1641687830913776,,0.5874503678997154,0.4090909090909091,0,1
-0.98913606525293207,0.0084537426789051823,-0.14675959474824055,-0.0066620320859116493,-0.99989721283087818,-0.012695711934715926,-0.1468518360267764,-0.011580069419561429,0.98909071386188041,11.69534543106249,-3.4947504813826225,1.0097496961053019,,0.07095466947679871,0.25,0,5
0.40739543845102993,0.91285145911983201,-0.027040161095810769,-0.89847744283603992,0.40593326940015501,0.1672018705305407,0.16360697248009862,-0.043822304559383338,0.9855518069482706,-6.4676900678043499,-16.335110236411204,0.30267865092274443,,0.5330106132173732,0.9076923076923077,1,6
-0.32003163968937776,-0.9236804626349937,-0.21069919920145183,0.93336031093771787,-0.3455450439816703,0.097145007828260119,-0.16253700982845573,-0.16556879393807963,0.97271203082408453,-0.13262455622364117,-5.6306568100821552,-0.39679655319807006,,0.2715972538661796,0.2333333333333333,0,1
0.94626225857510204,0.30824059129847453,-0.097854360517619726,-0.27761545698556278,0.92942376579388886,0.24310722247642472,0.165883682256702,-0.20287730640333254,0.96505098440832859,6.3090227765367581,3.8446240811874799,-0.90449127693084674,0.4511765323082931,0.3022267350736562,0.2391304347826087,1,3
-0.8795231947440858,-0.39086693777508386,-0.27140741858225903,0.43822708315386133,-0.88760268721522295,-0.14183967441718623,-0.18546151486929957,-0.24368936497648705,0.95195562916542542,-19.20775705239889,-11.814486808416696,-2.2515319572145818,,0.7185344895809116,0.4705882352941176,0,1
-0.96256568831349032,0.25178188258599071,-0.10036522945239955,-0.24765074873265736,-0.96745855123175861,-0.051894684705684445,-0.11016534089146504,-0.025096518682926991,0.99359637802090772,-7.6682162099186169,-4.9785921216131923,-1.5881748221319991,,0.2840593942329088,0.1153846153846154,0,3
0.95701543505155617,-0.24328537351421287,-0.15790403448655338,0.27307802760100763,0.93925000680102444,0.20793704712200364,0.097723323288885319,-0.24211908590262976,0.96531264382429516,-0.53678352398541951,-6.3588559068097243,-0.35697948168596277,,0.1382968897325727,0.1785714285714286,0,4
0.7496185846852701,-0.59416092979779211,-0.29162435940139997,0.66115975824698148,0.69261789543235441,0.28835433931475668,0.030655367706922357,-0.40896606268574431,0.91203454320660138,-14.101504876213692,2.377062320935226,-3.7257398714135501,,0.09202285830693255,0.2240437158469945,0,2
0.56395950237486903,-0.79472742179670497,-0.22440589280465237,0.82563177115259667,0.53710092734687132,0.17278533591296896,-0.016788631406910049,-0.28272056679253726,0.9590553805531723,-9.9466869570424485,1.9295665510618984,-2.9335944689905555,,0.113664515061971,0.212962962962963,0,2
0.93372927037007725,-0.31818916577886125,-0.16402836472730695,0.34443062182039119,0.92339840805473816,0.16941938128322948,0.097556119267735678,-0.2146882269313482,0.9717982140395669,-8.6623745123381681,-0.67036905066019015,-2.4291505916640102,,0.07063915688682368,0.247191011235955,0,4
-0.44961906984977207,-0.83800230621934191,-0.30918413089692937,0.87589020565392839,-0.48149439988900111,0.03129681317719963,-0.17509722918122866,-0.25673970796624818,0.95048707654889286,-9.8220942405127758,-7.1758393212873992,-1.5912262168524418,,0.08166165565600567,0.2826086956521739,0,4
0.36679682254011542,-0.90819034557226996,-0.20161941172366057,0.92765251612176702,0.34071752087627394,0.1528802809419155,-0.070149129056805593,-0.24310875586297911,0.96745916322877656,-13.340271248576926,-13.544505792718567,-1.1884222704359289,0.1317607261634171,0.1564180686627246,0.5185185185185185,1,2
0.3220473900430057,-0.89891013409399056,-0.29706236616174103,0.94429304848946694,0.28252797332604956,0.16878561213191176,-0.067794668971515593,-0.33487089319825786,0.93982198726548394,-19.83235136876695,-6.3977000090488554,-3.1607276038644718,,0.1790912046066439,0.328125,0,2
0.73730265023785435,0.6704908505749918,-0.082624580165106001,-0.64791816809351643,0.73645211413128686,0.19452591355883492,0.19127689198274295,-0.089890504986797376,0.97741129915028091,-13.299075760921912,-7.1500067043748006,-2.1333395603865357,0.2343148131440224,0.1398371074988231,0.3035714285714285,1,4
0.061120971260114475,0.99573386115833196,-0.069125282024305637,-0.98971265094058913,0.069435327238403968,0.12509038292149749,0.12935646655800165,0.060768520419829837,0.98973435399889642,-14.631456772779247,-0.3447424762905496,-3.3649017520193807,,0.3561133313598527,0.1973684210526316,0,2
0.64041746461727189,-0.6636559343625722,-0.38655694509156874,0.76802549659672059,0.5543823180401688,0.32061984034330937,0.0015190755561723043,-0.5022161349755202,0.86474079710610618,-26.648774322773335,24.326939228395752,-8.5862049519189991,,0.5379695758408913,0.1764705882352941,0,1
-0.97413349011400596,-0.12312749055007334,-0.18948235936135954,0.15462415852740224,-0.97467160363668359,-0.16157547667881997,-0.16478869208170371,-0.18669463338601019,0.9684987355835134,-21.27158325879028,19.661631785466536,-7.3956137279648431,,0.5442798300391606,0.21875,0,1
-0.90464219377432242,0.42473113274964308,-0.035013798942518749,-0.41779513768414112,-0.90007195633653003,-0.12376468132718987,-0.084081651807462715,-0.097334157877574518,0.99169367122090302,-6.7109214136285846,16.472831115806624,-4.6424380686506543,,0.7574655214666994,0.5306122448979592,0,1
-0.45424221191256409,-0.81095788444936856,-0.3687971292813772,0.87346733384224251,-0.48685411539598877,-0.0052808174094666049,-0.17526787962232074,-0.32453101542286006,0.92949491144454444,-16.511098674972786,14.901292489400152,-5.976807573142759,,0.2753183956830551,0.1666666666666667,0,1
-0.78797841398292068,-0.5844890490281075,-0.19355250105121596,0.58569481728121986,-0.80851694430754606,0.057113323992809779,-0.18987258914040375,-0.06835863028036808,0.9794261062271683,-1.5092872240515369,-21.851337171914416,1.8379163231508837,,0.1230516715413378,0.2727272727272727,0,1
-0.17695715374715709,0.9718233724883637,0.15570966066063185,-0.98004029688318106,-0.18854908376668736,0.063009995206079056,0.090593499892831303,-0.14145167265213518,0.98579117569649688,6.2474693701031381,2.0433322537513914,-0.62159461440191144,,0.1808589303800348,0.375,0,2
0.61052975695066802,-0.74301722283013671,-0.27418756801786137,0.79197137666994488,0.57018235133447281,0.21834244837457467,-0.0058952873781040038,-0.35045326764703272,0.93656166523205853,2.1156627598859803,3.7344725421535609,-1.4785914266416043,0.9773910572891907,0.6368725285645747,0.1707317073170732,1,1
0.97236038589968643,-0.16441447635701839,-0.16578045692198132,0.20246063559911506,0.9473887243039798,0.24791993888043917,0.11629690866835529,-0.27463154412034657,0.95449072494616671,-11.204654725064922,9.128785728213936,-4.4014764306973584,,0.1615363320989271,0.2413793103448276,0,2
-0.5578846842681956,-0.80043919181397982,-0.21922996890744592,0.81600427468778336,-0.57721559405049305,0.030970658310759569,-0.15133308544479371,-0.16161453583486934,0.97518154158938009,6.1076015595161959,-7.4687567744923857,0.83025910586500162,,0.1749407014005649,0.125,0,2
-0.98747159623573399,0.084339349038200701,-0.1333668655681155,-0.075820275340974533,-0.99481901147696017,-0.067723114600718809,-0.13838761676851738,-0.056762739608090147,0.9887501498949639,-7.5382471142356087,-3.8435107236593953,-1.7785597854844051,,0.08290793881946343,0.3846153846153846,0,4
-0.94265667964594024,-0.28098367216562686,-0.18012928772193343,0.29595756160611159,-0.95319147392786607,-0.061928472929555292,-0.15429681152589036,-0.11168791343534717,0.98169155234493188,21.943579239868594,-11.479950122630092,3.8337936224395328,,0.2330412854524069,0.5,0,4
-0.74008446725662913,-0.65078210448655405,-0.16958075894842475,0.6451154874446261,-0.75823376579012247,0.094379893382076321,-0.19000260309941536,-0.039550080856831274,0.98098664716685302,-17.857839461206918,-8.1045716446388507,-2.6482563520217202,,0.1225317884040085,0.36,0,1
0.75166296255827658,-0.60975993088274094,-0.25138738514092146,0.65856893767906621,0.71464504026500941,0.23573167107728463,0.035913020513191118,-0.34274668942893993,0.93874115806388336,8.2581876620173222,-10.865523951517281,1.6448335524197217,,0.3662372130958969,0.7567567567567568,0,3
0.80761387995590184,0.58242336163488484,-0.092427532286090242,-0.56651638604096555,0.80978453102271275,0.1526702252025916,0.16376509166992645,-0.070936881368205737,0.98394560500674788,-13.168410512307565,-9.0957036146898567,-1.7988095898039838,,0.1946454518830244,0.3103448275862069,1,3
0.02507418514520187,0.99731552013215385,-0.06879708237152693,-0.99104871530462069,0.033825304672497745,0.12914446429046911,0.13112486084783345,0.064943067892910836,0.98923640693228232,8.341686235188515,8.7482738628903505,-1.4727549498325125,,0.1550284721932436,0.4565217391304348,0,4
-0.053151840249948915,-0.93279275415819352,-0.35647238275638632,0.99014495462195962,-0.095548368972984493,0.10238885692925463,-0.12956793860643484,-0.34751717508142543,0.92867861088145265,-6.7716603045780168,13.91676711177543,-4.3865225578442795,,0.4005908357518567,0.2307692307692308,0,1
-0.68428065102585345,-0.63376432480036893,-0.36069761746089452,0.70432118720842318,-0.70255133087200317,-0.10175113139072825,-0.18892235410599373,-0.32367330458397181,0.92711592372191498,3.9973041097860871,4.2961013707044184,-1.3179501942060139,,0.3043750432343364,0.2079207920792079,0,1
0.96016906497126964,-0.23315388733425074,-0.15399555673176021,0.25586795665311307,0.95511762807221068,0.14927124741179704,0.11228069927800521,-0.18272816248909435,0.97673100862161666,-10.579031727956338,-10.794726676639943,-1.1196137403610673,,0.06356859125450953,0.1428571428571428,0,1
-0.65126141889850608,-0.74106722822120097,-0.16333379169924056,0.73971172006008135,-0.66799264649630641,0.081316636874723597,-0.16936686647647345,-0.067861531690693228,0.98321395283861435,3.8287210237138227,-9.137362233495292,0.76844936401782304,,0.1097418620222131,0.2857142857142857,0,3
-0.85054072563105787,-0.46360161672571021,-0.24830226541919184,0.4641830113910585,-0.88370907665961795,0.059936631247798584,-0.24721368485365747,-0.064279147464118586,0.96682655384632643,-9.9847455186575598,-14.429673862008235,-0.51789473538923969,,0.3364654215254007,0.7272727272727273,0,3
0.19206457135017441,-0.95569238059924044,-0.2230768345136524,0.97712913060001261,0.16508664672872789,0.13403380620100383,-0.091268080756296319,-0.24371801889975614,0.96554216101558243,-4.861779442667518,2.160336088721408,-2.2457536116277357,,0.5792392584217727,0.4728312678741659,0,1
-0.4630034001234728,-0.81545412308984633,-0.34736497320523374,0.87589601394728511,-0.48097072466850077,-0.038384043079299594,-0.13577195669710257,-0.32202753787157135,0.93694409685264202,-7.7030594740270368,-12.053048100438291,-0.49798570693478711,,0.6902283177761552,0.2083333333333333,0,2
-0.84428132385718313,-0.49541956420898298,-0.20432450069667024,0.50188135580957927,-0.86463955600318487,0.02266148462376991,-0.18789398839957808,-0.083413989196034516,0.97864087158145141,-4.858276677363099,9.0744087339449333,-3.4553726338672335,,0.07929958573715816,0.3402061855670103,0,2
0.59216759739632141,0.80536742684747309,0.026848544968931756,-0.78430071368155518,0.56838993865625165,0.24860665347682442,0.18495925797989071,-0.16827413766655544,0.96823235201066582,11.334397332317828,3.0568172085094374,-0.12447268361660702,,0.6745775548937895,0.4090909090909091,0,1
0.59943299069320766,0.79760164910703768,-0.067169181998367675,-0.77792283956865227,0.60028435014920811,0.1857276356479729,0.18845727724351835,-0.059078831299169049,0.98030278299425555,13.310755131103766,4.6907917914894659,-0.14894122561103607,,0.1404547663149069,0.2857142857142857,0,3
-0.006395388037143521,0.99776317653002522,0.066541284722857516,-0.9936628704406868,-0.013808434297495219,0.11155011003950858,0.11221942309346045,-0.06540619774123696,0.9915285323063604,23.167378575615075,-11.075616814646889,4.0051980402318206,,0.3071285883737719,0.1818181818181818,0,2
