axis_00,axis_01,axis_02,axis_10,axis_11,axis_12,axis_20,axis_21,axis_22,location_x,location_y,location_z,dbh,dbh_approximation,score,reconstructed,number_clusters
0.70003512325752648,-0.70012711211554379,-0.14061597735168327,0.71379147924944364,0.69189072281727715,0.10857693968001268,0.02127323098900312,-0.17637815783178687,0.98409257444772669,1.0723741629886239,3.9787637098167394,-1.7938086718525577,0.1971216920312957,0.08973295424033834,0.3478260869565217,1,1
0.90547142018920823,0.41284144123597161,-0.098404530478748808,-0.38182534028851706,0.89364928065387794,0.23579731275051388,0.18528604031090787,-0.17593438431702679,0.96680720708985857,-22.812439648964119,13.218313689842912,-6.0231342359654345,,0.4541045262583617,0.3,0,6
-0.48147095028420756,0.87645908956309848,-0.0022777960062142825,-0.87641135909839618,-0.48141352821489786,0.012006019114799408,0.0094262227707288294,0.0077768357258879645,0.99992533078743873,0.36569728635733884,-17.928397701509077,0.01323750267966586,,0.2369507541684121,0.1142857142857143,0,5
-0.97137954007232186,0.22943397964710094,-0.061496651227347023,-0.20995028535567914,-0.95039909451226645,-0.22948298156798611,-0.11109755536443261,-0.21000383361633526,0.97136796480967469,-4.3104980949803782,-14.628821498588836,-0.89807104516096259,,0.5904912942013693,0.3661971830985916,0,1
0.18931540122192089,-0.96833705177740181,-0.16273608393725347,0.9772513581396014,0.16967433743878141,0.1272415114222373,-0.095600532814874462,-0.18312283683298555,0.97843066425564995,-8.800928447129948,15.61665359431519,-4.4606022463480679,0.1321651287841211,0.1965182986327687,0.7128712871287128,1,5
-0.66470183135349503,0.74710418911520493,0.0026088315050386847,-0.74709339354559678,-0.66470650596303815,0.0040892848926621138,0.0047892291481539647,0.00076911437479063678,0.9999882358044242,28.425411346153989,-5.4600070431450396,2.9692689507847669,,0.2621644620623257,0.6842105263157895,0,3
0.90212653078146898,-0.397812526781886,-0.16707158943280309,0.42416561504191869,0.8886227649238756,0.17445088900649935,0.079064868786982129,-0.22824279877897216,0.97038856718803113,19.583611610979126,-2.5437370469925651,1.4346138827720323,0.1448924025630143,0.1316931193483013,0.3333333333333333,1,5
-0.8299113611961586,-0.50023821047343431,-0.24699972740850737,0.52927441363598027,-0.84595140083589315,-0.065075513782689956,-0.17639650684701824,-0.18473754411631618,0.96682796410015137,-11.39671621530583,3.939530031104852,-3.4133870575600276,0.5671107248328899,0.6567016807884991,0.28,1,4
-0.68664674101325807,0.71899645891050745,-0.10751904542927861,-0.72683595275096224,-0.68200720989139385,0.081090464573570789,-0.015025007303602971,0.1338292110501571,0.99089050425625724,-16.17600031040682,13.325142551236995,-5.1604792236980321,0.6065445261696746,0.5254702098064395,0.9655172413793104,1,5
-0.7474094570088019,-0.59827408481692412,-0.28887232994920248,0.6423758774003836,-0.76172087733927563,-0.084466189446266646,-0.16950615241900902,-0.24869544519744857,0.95363422748459892,-3.5742059418279504,-6.3246447877134129,-1.4697685541078944,,0.2840225231843511,0.3333333333333333,0,1
-0.71265517396846334,0.70143539719434367,-0.010535016791270399,-0.70150581523455791,-0.71264073451077881,0.0057249199152333927,-0.003492020629566718,0.011470269340815967,0.99992811677298676,10.467018341054086,-13.824916820009623,1.1763108164734331,,0.4780984779230956,0.4347826086956522,0,2
-0.83909058825520766,0.54397350912181452,-0.0044504016929910045,-0.54277371430403343,-0.83773099355487446,-0.060028972156506974,-0.036382410064938475,-0.047954184502109226,0.99818671421062544,-8.9875008186303713,-13.146117712918661,-1.6840734140104394,,0.4067291991374012,0.5045871559633027,1,4
0.49783303273169727,-0.84929474527402637,-0.17567215821264309,0.8668866095848563,0.48125115570399335,0.13001896498605214,-0.025881994583772473,-0.21701557728305523,0.97582496461858814,-0.53820147241630523,19.615571987846138,-3.9975022057506733,0.4624235373692741,0.3965349489438582,0.8760330578512396,1,5
-0.84285250587691107,0.52643500510159946,-0.11165052055719496,-0.53528553822124747,-0.84149029605676529,0.07323574409732439,-0.05539897028107145,0.12149183942133047,0.99104524974686248,-7.0746205735562535,15.862974235002685,-4.2533141891425705,0.3339208859587041,0.1440032012401324,0.4603174603174603,1,5
-0.97400465371413636,-0.17830089184846887,-0.13972732914232014,0.16893092297480072,-0.98266497224642302,0.076366848716039659,-0.15092142924743177,0.05077739936209013,0.98724079023708067,-0.67762201238894659,1.0113962215628447,-1.7616756490947689,,0.09191005646600148,0.5311720698254364,0,5
0.47791469444833101,-0.86499238946076351,-0.15292387323540277,0.87813889972962555,0.46617843774506457,0.1074697025361737,-0.02167066247259801,-0.18564975183535773,0.9823769907889075,9.4575591071293186,-13.082704566334757,0.95647340564520644,0.3476468103725567,0.3193430509472381,0.8260869565217391,1,5
0.31767128384058385,0.94820078194568247,-0.00048222471080674404,-0.9371588992521348,0.31404927951887829,0.15200739319585871,0.14428497141283311,-0.04783646257061705,0.98837923889220181,17.156924713948225,-12.470654032352586,1.9892381548142068,,0.1607503076433534,0.3529411764705883,0,4
0.96835367410788842,0.22138322550476452,-0.11524161273976578,-0.20416586568301137,0.96822398565468204,0.14442511171147102,0.14355299067474062,-0.11632618393152447,0.98278215175097139,-1.4165700557541001,6.2693593833684629,-2.3755037038788718,0.1549367229012454,0.1844292473119515,0.3509615384615384,1,5
-0.33397771941594062,0.94110804089858557,-0.052673886222251429,-0.94121733855412493,-0.32996856250750378,0.07232336663777976,0.050683375369230933,0.073731968051578792,0.99598935353166496,-12.757409366889075,-22.18601431967965,-1.6220517159057277,,0.5024061726241287,0.3478260869565217,0,2
0.41132240462277914,-0.89146857197805118,-0.18999385419204742,0.91030492236558103,0.39113910373229915,0.13548117894559175,-0.04646318728120697,-0.22867878499525904,0.97239250589500326,8.4427723847602749,-13.545747016102915,0.87831683056577758,,0.1368122504855778,0.4285714285714285,0,6
0.28671912682741801,-0.91643085742006447,-0.27918922951942055,0.95470191958545159,0.24911081635542276,0.16275148513788776,-0.079601426188079083,-0.31320645705837491,0.94634313449496943,-17.974902715641818,29.639116690173353,-7.4013131409402497,,0.4146575447227699,0.7962962962962963,0,5
0.46713105352887002,-0.8634751425038194,-0.19026102361497263,0.88382203439726836,0.44980797701952935,0.1285744738409321,-0.025439935984236731,-0.22821801438012651,0.97327763129001943,13.205832122842535,1.4148219696365487,0.12992424088685664,0.4659847645741812,0.350340508506298,0.8208955223880597,1,5
0.056445477063352775,0.99734118462668131,0.046091968568691064,-0.99273188935426526,0.051150147904857411,0.10893602814689214,0.1062887763510324,-0.051905913119392279,0.99297959304561789,-2.8996559628818042,4.1063519254250718,-2.3289401580462044,,0.08133996175133959,0.3065326633165829,0,5
0.98550782435086248,0.10680273592671341,-0.13178582526887483,-0.083742700179218449,0.98195451411703305,0.1695655990225465,0.14751775591407021,-0.15607212372409832,0.97666780631201655,14.879395418434177,13.922182242777607,-1.1907041971139278,0.1903608603377938,0.2059878960977294,0.5454545454545454,1,4
-0.78136587938751734,0.62354293089039037,0.025721117114012631,-0.62282614702931627,-0.77653769855123422,-0.095272206363494358,-0.039432893700405265,-0.090462235575811165,0.9951189028598737,10.756852793307411,30.697276266394347,-4.2698727835570294,,0.5557198464326065,0.25,0,3
-0.25316018737386592,-0.95221000030550096,-0.17089773212955914,0.9581907318883871,-0.2711490882129246,0.091371184103610434,-0.13334331948779951,-0.1406210769390458,0.98104295108240658,5.7376828431654525,-7.0124804417364999,-0.082458077082982431,0.4292681592419748,0.4212219035592343,0.940809968847352,1,5
0.7027942839204534,0.71048428699153143,0.035948190870639329,-0.69115130166679062,0.66995626923723961,0.27105068808992183,0.16849353902461042,-0.21533851315511157,0.96189357626460315,3.3505729656074297,4.3004564971488781,-1.5098077515377517,,0.1034417043544522,0.3692307692307693,0,1
0.028937711968343844,0.99935595635335495,-0.021219833343083569,-0.99521795777307431,0.030786252094897149,0.092700718486646169,0.093294294316577306,0.018435812513163532,0.99546787766605083,-10.458745241540502,9.6293941585922234,-3.9196662019213937,0.237800948938359,0.2571272415393552,0.5096525096525096,1,5
0.062686180413664097,0.9947616225308259,-0.080745013003813162,-0.99130640968162576,0.071437056114715472,0.11049139847874774,0.11568078885135588,0.073116765201309275,0.99059168870792902,-14.209171114375104,12.371283817496634,-4.7432648414706362,0.1858518570453475,0.1135033407743137,0.4444444444444444,1,5
0.05994808517142073,0.99817312574600703,0.0075258303679213278,-0.99279837620715139,0.058838514078408545,0.10435235244827212,0.10371890514618611,-0.013727355881290057,0.9945119146675846,17.527387912351255,-14.382886406960665,2.2180391837108613,,0.1766968975607524,0.3333333333333333,0,5
0.90101422842147894,-0.38116909017183753,-0.20708328005809776,0.42395499913157147,0.87484309923857007,0.23433247838488469,0.091845080942836749,-0.29893088902324355,0.94984462134307901,6.6454156413790031,23.168330071980023,-3.7156967627230335,0.4449721786254255,0.3851218949032056,0.88,1,5
-0.45938144038537604,0.88591684012509442,-0.064187573658961064,-0.88693719322930498,-0.45359772902358475,0.087129303286370696,0.048073979406523776,0.096955931264745429,0.99412697372951653,14.013610595292551,18.107945982779697,-2.0440989610992344,0.4428045117941605,0.3245308262097274,0.6851851851851852,1,5
0.98237172173520992,0.13537543529285684,-0.12891583244221422,-0.1159487045389322,0.98219013526244026,0.14784598780113453,0.14663457385876938,-0.13029209382161064,0.98057242059770267,-0.42971540928420437,4.603006550917863,-2.1016557520947199,,0.08504426906264803,0.3024691358024691,0,2
0.99083060257982458,0.1044223008159348,-0.085736223870714293,-0.077567605069856327,0.95921089508231738,0.27184136072185061,0.11062542038351582,-0.26269838569676623,0.95851529696572113,15.689037157118838,3.2319979144345274,0.25083412285754292,0.596280640509975,0.3858312616504353,0.7592592592592593,1,5
0.72307596946028563,-0.67479664726194288,-0.14768421456983633,0.6904705683427026,0.71233117161024129,0.12583598930705989,0.020286365903576034,-0.19296058353047693,0.98099677703956012,7.8009320432187588,13.837215752045726,-2.1220177525081745,0.3894363241251386,0.3726160045222514,0.8432835820895522,1,5
0.33173461876944549,0.93914735820669437,-0.089187343739335026,-0.93261954521409995,0.34071817685752814,0.11887770120391852,0.14203142819297673,0.043742011067962244,0.9888951966074031,-11.711202650883035,-6.1182509271557981,-2.5982835795458916,,0.3866340276028235,0.8707317073170732,0,3
-0.0029112554526903875,0.99809374188939892,-0.061647441089693035,-0.99576090427085406,0.0027740927754245815,0.091937619802583123,0.091933378690115433,0.061653765582414539,0.99385465087814973,-10.304962877286894,-25.196828587588389,-1.1074426336917462,,0.1668060759400232,0.5882352941176471,0,5
-0.9119924023739937,-0.38095556283602572,-0.15212730575540337,0.37557962213908108,-0.92459277107911675,0.063782090763040575,-0.16495394947068104,0.0010328661707706306,0.98630072885580755,-13.550409075823778,16.565005296158095,-5.2472178175344846,0.0869098470475357,0.1332637614453137,0.4090909090909091,1,5
-0.65421797318474095,-0.72568494482988544,-0.21302629980661086,0.74002933222784162,-0.67234197435294762,0.01768776315975901,-0.15606226643383342,-0.14607405782830485,0.9768863488784707,0.1563582011884459,-31.742377238372089,0.88489672313982259,,0.2671410349093682,0.4761904761904762,0,5
-0.90075652905299863,-0.38225033546583159,-0.20620949639784755,0.40172775956751128,-0.91372215159423287,-0.06104618644005215,-0.1650832594821848,-0.13782782999911561,0.97660176464947723,-10.558293698747754,-3.2063600450986889,-2.6902113344883736,,0.3067309753082014,0.3285714285714286,0,2
0.55132332673479301,-0.7283776229941451,-0.40682751593209687,0.83420989957839575,0.47445811560809215,0.28103974804113036,-0.011680447058408207,-0.49432331004618674,0.8691996504264704,-28.784361329236098,8.259338113318865,-6.207846987360413,,0.4933348354541031,0.3181818181818182,0,1
0.1862118786643463,0.98204123362209272,0.030334002543242707,-0.97419361056215126,0.18053931090675343,0.13547090594365396,0.12756153567660766,-0.054777483360531995,0.99031685935992875,-17.072610201681766,3.8351278590624762,-4.1303065059982682,,0.1478354116257438,0.2619047619047619,0,5
-0.99050833685522088,-0.035601667314015262,-0.13276202734504078,0.031518388376495371,-0.99896704570822503,0.032732747870108034,-0.13379023063905518,0.028237614514010113,0.99060729419488203,-3.3571037348451922,-19.401589780094159,-0.39372172428887148,0.1835147786545069,0.1915643538033983,0.4,1,5
-0.5969958562048141,0.7954213275247014,-0.10440718075460169,-0.80224159253434479,-0.59157715347556161,0.08028012639322267,0.0020916219163323235,0.1316866857529454,0.99128918177954806,0.2583214118952657,0.81262603637396014,-1.5861990546614848,,0.08246328458612204,0.3907563025210084,0,5
-0.18397304170968218,-0.9387522635095813,-0.2913727984553931,0.97620111879161375,-0.20913071068183084,0.057408374996297959,-0.11482724238651161,-0.27387685846991888,0.95488542286525657,-1.3246997623866203,36.491022932703089,-6.3664745937480802,,0.4202274773949126,0.3953488372093023,0,4
-0.9852289094268768,0.11005463997638487,-0.13119440631824703,-0.11426608654159991,-0.99313572458305777,0.024993879717927742,-0.1275431593461466,0.039615764242975096,0.99104153985968246,3.8139246683139882,-28.315270503605625,1.2232658662390328,,0.1601591608173418,0.3529411764705883,0,5
0.65031413749004363,-0.74132031320244784,-0.16593889180661039,0.75961196970006861,0.63715586045234396,0.13046863599967592,0.0090098872891732889,-0.2108947669446975,0.97746724712717559,17.348380729688333,0.91514761295072855,0.74270547507372886,,0.1149490263638926,0.48,1,5
-0.86429646340548572,-0.48173053269076066,-0.14466277067112665,0.47457822790499132,-0.87631470448382998,0.082752911151070058,-0.16663471710099648,0.0028692470954488096,0.98601452244770582,-3.8845746184164218,-13.10422123400528,-0.93116997051688044,0.55972352686324,0.5194189861076772,0.8711864406779661,1,5
0.63369130203192048,-0.73025388500662358,-0.25527357317557092,0.77358520016826171,0.59867574111763544,0.20773371194363574,0.0011277454149449838,-0.32911490460017773,0.9442892076902587,-13.644872074748573,-16.876700130212495,-2.1285363285365793,0.5954721687235903,0.5472440805048975,0.8322147651006712,1,4
-0.8503584224813131,0.51804973167072665,-0.092276913857047949,-0.52187803487055073,-0.85273850910636484,0.021916929682481601,-0.067334018406339693,0.066794540218064163,0.99549214932229013,-5.2346413147858932,-22.451441163669834,-0.53528914641551584,,0.1231383449676943,0.303030303030303,0,3
0.13589079067494256,0.98590037837675382,0.097642905150924275,-0.98361162638705713,0.12247020132107785,0.13232240258014699,0.11849836052007945,-0.11402409265128223,0.98638564712241472,-1.1400188911447526,2.1964931222709256,-1.9288898974008093,0.7601414194410339,0.4055720776767892,0.2876712328767123,1,4
-0.87140289487769151,-0.44867724630440242,-0.19835756463386167,0.46676389812486618,-0.88274381158786774,-0.053803591986053723,-0.15095846516859371,-0.13947075590252181,0.97865185333800964,21.876813551882151,-9.3636321851055264,2.4187240651479263,,0.2675072556970018,0.4736842105263158,0,5
-0.24532120789982945,0.96680607409882524,-0.071438925245168802,-0.96650824907387789,-0.23818539497853056,0.095548532647380946,0.075361193108355609,0.092486391996539533,0.99285797467147696,-13.29632144745278,-18.47492262253899,-1.9729597201979727,0.3757879777542506,0.345604595472693,0.7105263157894737,1,5
0.92754002306748629,0.3535347893784595,-0.12117201948921473,-0.33638746494177874,0.93103786410157385,0.1414636668520303,0.16282806587934984,-0.090452464357290679,0.98249955351322327,-1.6672099416933492,-20.544379592404741,-0.066575853287612258,0.1717568808490096,0.1256969825200153,0.3809523809523809,1,5
0.46255425345999024,-0.86931567923790554,-0.17416604846298828,0.88605541557363432,0.4464403251208387,0.12488729574554788,-0.030811737028397922,-0.21208792029990955,0.97676473673252251,4.8941343549264769,-19.023800597850016,0.72100463651958202,0.2153135841208196,0.1828363648118392,0.5609756097560976,1,5
-0.52919042949579898,0.84400175036785874,0.087284217966609942,-0.84834862396240074,-0.52824997677279339,-0.035448191218235919,0.016189550677927489,-0.092806289741235351,0.995552555635971,9.8625145215424599,23.037360899545337,-3.2546981241222244,,0.4224793658128851,0.2083333333333333,0,1
-0.25330799804806614,0.9646975053483321,0.072067893680794248,-0.96384822764257538,-0.25804550527195658,0.066401139140885704,0.082653809320246116,-0.052642571970278287,0.99518697108694465,-10.252096740634048,8.3426029351232973,-3.7588675352599386,0.3796793802683338,0.1880990094098708,0.2682926829268293,1,4
0.77760734983490565,0.62414039155989898,-0.075997244069707523,-0.58513899190714846,0.76259676278263611,0.27578712359957974,0.23008513561858079,-0.16998514351819055,0.95820972722597608,-46.507357384622317,7.7642168719926268,-8.5857225712276986,,0.2293129260806333,0.5263157894736842,0,2
0.59570301982228946,-0.78600643739697373,-0.1653232970428587,0.80317874458995642,0.58127172276881023,0.1304878865959587,-0.0064665611808276333,-0.21051618626579688,0.97756898421881122,2.3747962120342101,3.5690070902666351,-1.5875361759863353,0.2136657858782431,0.1830284757655473,0.7013422818791947,1,5
0.95256581378322869,0.28145037660377931,-0.1157758866132535,-0.26133596822651944,0.95143083672581552,0.16273559732990545,0.15595474382846383,-0.12475996327670297,0.97985359592165255,5.8206422174211383,5.5112196049218083,-1.2860642493617305,0.1672185860152024,0.1196018376804776,0.4923076923076923,1,3
-0.96232998777014722,0.25160099790166962,-0.10304335249394422,-0.24816574974665598,-0.96766658965963714,-0.045112436302715775,-0.11106194348644968,-0.017841219447405427,0.99365332767401404,-3.961042175345868,-21.666407566909811,-0.35162693977906417,0.2732215119979406,0.2244353604687817,0.3396226415094339,1,5
-0.064425375185791167,-0.94555203756404427,-0.31903090021289998,0.99080848964307977,-0.098714471208203952,0.092487783113677044,-0.11894497838651245,-0.31013996426221491,0.94322070306162364,33.863253047002821,-5.5088860484813011,3.6573119205157374,0.3518029736729613,0.3967951005345047,0.2608695652173913,1,5
-0.97619191414276418,-0.11808704964725679,-0.18194723264697271,0.12637028277770812,-0.99138009120321813,-0.034584192871600125,-0.17629491879509007,-0.056753532678629273,0.98269992273100726,9.0772570036228863,-18.165181066619894,1.2970847328256578,,0.4605487287854779,0.7368421052631579,0,6
0.32528949800971479,0.94393550292138861,0.056325028265715629,-0.93565562117451728,0.31267027827264832,0.16366384954972066,0.13687695587320992,-0.10593896077199652,0.98490691719645962,-2.0798001841491289,16.787301396991406,-3.7263782819155442,,0.6961431864836284,0.4673913043478261,0,3
-0.96490584749016439,-0.22143821799388747,-0.14114468141229841,0.21827484183439047,-0.97515844358813786,0.037710785207045988,-0.14598903692215903,0.0055790241486894324,0.98927047645630706,6.3606803754246926,-29.26844083863309,1.6938869529440834,,0.1237462415840392,0.3,0,5
-0.61793975290840253,0.78439169218359395,-0.053666889316052895,-0.78620579313487371,-0.61696578344335384,0.035123680064784807,-0.0055599115701145943,0.063897537460275683,0.99794097625553302,15.963664010496236,-14.338617617905179,1.9815960309370095,0.660631624890231,0.5934424526905444,0.8735632183908046,1,5
-0.43599670580807753,0.89638104774597382,-0.080049295851588417,-0.89960653394086398,-0.43165259536218548,0.066212695217721274,0.024798318802092295,0.1008813865830549,0.99458935708445551,1.0156589254644162,-30.759835726850053,0.95808598159711267,0.4988896395076236,0.3751918933666807,0.8,1,5
0.21493352594284459,0.97564809910980743,-0.043753469910339925,-0.96753042997167316,0.21881838025309697,0.12650448032476747,0.13299791917396664,0.01514275955133431,0.99100063084165857,-28.005600725331181,5.8430532453239028,-5.8112995855331615,,0.1754988220641361,0.3111111111111111,0,2
0.98906685125554239,-0.052705959347085607,-0.13772743225933776,0.072230442231601355,0.98739215659951296,0.14085273267065374,0.12856720795939536,-0.14926088213281705,0.98040382603418041,-4.7959695698941802,5.6883988426980414,-2.7685923691198875,,0.09240369983573227,0.3684210526315789,0,5
0.40363891920765788,-0.87022524088509401,-0.28246000252664827,0.91413381754670386,0.37080970999061402,0.16388875066387676,-0.037881215903974738,-0.32435811860219721,0.94517555214810767,8.2552456435690633,24.233001795675094,-3.6500060690565963,,0.5467117947923061,0.2307692307692308,0,2
0.77979878938558767,-0.60311554885175478,-0.16782575131969124,0.62497119966889736,0.76557141083350411,0.15268076008069112,0.036398456796839694,-0.22394653301099571,0.97392150746102957,-37.189963667803831,7.0482984841288978,-7.1488023662725979,,0.1539168261147421,0.6206896551724138,0,4
-0.60614852186886858,0.79339758642592606,0.055715700567274228,-0.79521808493763335,-0.60584094243354758,-0.024185736692416523,0.014565947422326524,-0.058966281252484369,0.99815370101550205,-23.73804991127497,8.6686269500048283,-5.5670999269934036,,0.1822907805924661,0.1538461538461539,0,2
-0.98392625700134417,0.13383605276288618,-0.11822449730987895,-0.12023367034347382,-0.98599785001012186,-0.11555130588250635,-0.13203403083697965,-0.099479398652513124,0.98624077381979736,8.9351610018842322,-6.9813498068363273,0.3856953806551856,,0.5133556556202546,0.2,0,5
0.75610907206603084,-0.63298539225271999,-0.16621842357006086,0.65411158302634376,0.73905571656754243,0.1610424936456426,0.020907130128655353,-0.23049108660316231,0.97284980901795803,11.308303583634943,-9.8105849144167454,0.9856789261115585,,0.1370636198130241,0.2105263157894737,0,5
-0.49737419402047134,-0.83817712962540214,-0.22378116653420455,0.85884666099801921,-0.51214668480352699,0.009390747430936236,-0.12247989228865801,-0.18752299223743132,0.97459417367809076,17.208014603915039,14.546704047197126,-0.99031823167886712,,0.6116383060526538,0.5909090909090909,0,4
0.57152133731295141,-0.71680871894148246,-0.39943537830979253,0.82054866613657151,0.49450083321072497,0.28665102904994533,-0.0079528295285154604,-0.49158334634461531,0.87079421570146009,-7.5610564064072436,-39.695207905642604,0.3112467846946102,,0.5376655488695429,0.1612903225806452,0,3
-0.98868118398138871,0.073004843765801491,-0.13107177128539327,-0.077805808714905902,-0.9964586258118554,0.03188201962498842,-0.12828005523610825,0.041719298075106631,0.99086009486543636,-13.696641145450844,-23.25087935860827,-1.6809033250742635,,0.239998277870705,0.2962962962962963,0,5
0.97646625421140798,0.18335051699743896,-0.11356162337301418,-0.15502100502476512,0.96276588987722422,0.22147308931341736,0.14994046280925713,-0.19865656094297277,0.96853158358767921,-20.413405024992855,13.872807449568793,-5.7166881252652368,,0.09576384286035189,0.2142857142857143,0,1
0.91817988490213553,-0.3262927205418128,-0.22467478604089966,0.38370668680465725,0.87356090150950549,0.29943368189850184,0.09856407795182956,-0.36114320134168787,0.92728674673058042,5.7697966243392766,19.28477479824868,-3.1915441071897805,,0.4872462961513616,0.1379310344827586,0,2
0.72407673257871819,-0.67321377183811637,-0.14998700858949565,0.68921124142020007,0.71457437373652677,0.11988047839026535,0.026471683704585511,-0.19017539747966536,0.98139317714935093,3.4763190139690416,6.2451643345295951,-1.7034793990414463,0.7007988981867288,0.4618148834453976,0.6511627906976745,1,4
0.77440659553262114,0.63174615284097402,0.034514100976332104,-0.60948656411522528,0.73025948914633254,0.30862146178572092,0.16976617141996564,-0.26003437634737164,0.95055855693325975,28.453742569205879,9.9088165813872155,1.241776188878005,,0.6043921912742058,0.4193548387096774,0,1
-0.39445727842973344,0.91755489378921185,-0.049964711319841891,-0.91795769038784247,-0.39098335258135991,0.066975343687486297,0.041918184021075888,0.072284402796919223,0.99650280027738369,-8.3857243690576126,-26.796468941353599,-0.72753425534732474,,0.1419140815518922,0.4,0,1
-0.95531409805556378,0.26508885287861234,-0.13077795737732872,-0.27191318510881712,-0.96160652703918592,0.03709591513379927,-0.11592322381759049,0.070998501640085768,0.99071742638584892,0.67226081769024804,2.295670729315948,-1.651475006481637,,0.1202825166286641,0.3073593073593073,0,2
0.99084930276617722,0.0032796567830959012,-0.13493295764625629,0.014264297619552467,0.99156184592301999,0.1288473341717021,0.13421694759307456,-0.12959301509386428,0.98244158168192397,-10.894625623215795,-14.992255305148486,-1.8588821785660747,,0.2380582343406201,0.1111111111111111,0,1
0.76743124723647105,0.64110925526130302,-0.0053107046021754539,-0.61825711096681435,0.74221847248618067,0.25859211867195175,0.1697275036758695,-0.19516829127339844,0.96597200403395733,10.223463482581911,-41.105976418768556,3.0232005107537843,,0.3389936949310228,0.4666666666666667,0,1
-0.78581818266472792,-0.5744317447933327,-0.22916796103991718,0.59471035081620516,-0.80354834052866397,-0.025093088006417356,-0.16973326847018383,-0.15600716332053244,0.97306340110349998,-12.031607669428173,-22.979292049831383,-1.4786235462845339,,0.1312234405255118,0.2105263157894737,0,2
-0.70588105727817163,-0.60987247216697082,-0.36026032347289966,0.6879761747150156,-0.711348503430837,-0.14377791795405526,-0.1685844476822968,-0.34934062798314236,0.92170516416042669,-23.847462965500082,6.9565485864913157,-5.3748094699311606,,0.581239785904123,0.2272727272727273,0,1
0.77838334531095321,-0.59774541055966657,-0.19188484019689131,0.62658441780308649,0.75863768548812449,0.17849602103013396,0.038875893673303907,-0.25917038085413713,0.96504889957920026,-11.284029176386692,-22.17048755635648,-1.3990774004302053,,0.1315062334089213,0.44,0,4
-0.28232136515658163,-0.92940644967366681,-0.23769370643985155,0.94875727178532299,-0.30717339051201414,0.074189941338601781,-0.141965791691504,-0.20456822692281409,0.96850273852119872,17.413411038978992,-6.8848872922634277,1.5875580855123428,,0.6524518920192852,0.25,0,2
0.66434346370947395,0.73610048787409843,-0.12962960301572252,-0.72850185990815375,0.67649013725976648,0.1079172567322923,0.16713109326770978,0.022741282764553818,0.98567237544803066,4.3382430343332361,2.3111620173144076,-1.1561372952592675,,0.07086042499893416,0.28,0,1
0.96985957879648033,0.23005315637067741,-0.080299082563901086,-0.20178340654859864,0.94302288065041018,0.26455869558842054,0.13658643511842031,-0.24038176264786043,0.96102068340278246,12.34356398598513,9.0988921867372614,-0.90314469759964566,,0.1886298716330654,0.2692307692307692,0,3
-0.12640305607916275,0.98875800474189635,-0.079874122672318665,-0.98824598034497735,-0.11853959995353526,0.096531060156048856,0.085977611887298563,0.091137101674786572,0.99211989142062751,4.1388215171841933,3.6992821990072087,-1.333000587245434,,0.08627393792219731,0.345679012345679,0,1
-0.99076422159158717,0.031513024049145563,-0.1318832306599102,-0.027065032654037615,-0.99900720438125479,-0.035384878151353751,-0.13286738208248469,-0.031488647313408696,0.99063349623809893,-7.4260247529020109,11.115830193929281,-3.6675312475729727,,0.7212760324533096,0.2121212121212121,0,1
-0.76818001471865527,-0.55480770710620919,-0.31951192954629748,0.61732511233377407,-0.77416726561745663,-0.13990979425502809,-0.16973264467668089,-0.30471864560926037,0.93719655160970294,-44.930604046699557,7.946865752045821,-8.38632222753108,,0.2781280561335779,0.1,0,1
0.71576841530805158,-0.67633201941022403,-0.17392692479282584,0.69784658221578844,0.70206511926315884,0.14182635863530393,0.026186319656335912,-0.22288913799127885,0.97449202604657648,13.011381571252926,-12.398429963124212,1.4428741552359217,,0.106915030572433,0.2352941176470588,0,2
0.96863443232680047,-0.19814971892795732,-0.14994674187759854,0.22313995791072863,0.95913314358814927,0.17398899980835417,0.10934301849928013,-0.20199084573189133,0.97326450800693454,3.9366618887908618,22.356546237466922,-3.8532681374727891,,0.739744167793885,0.2758620689655172,0,1
0.38410075981187591,-0.88087385537372354,-0.2766366881506746,0.9210235497266327,0.34456827769490078,0.18162687811919218,-0.064670141185046812,-0.32455192639299424,0.9436545024073717,-1.7006165704151803,-40.653827665544334,1.2604127884746958,,0.3261782792185679,0.4210526315789473,0,3
-0.78621513748630034,-0.58512814024530546,-0.19872296565940292,0.5908367151843249,-0.80600197810527308,0.035676144418703995,-0.1810462194512642,-0.089363699472756519,0.97940614437471651,5.8780343804532871,4.7213956890233559,-1.2298646260572459,,0.102740090155724,0.2330097087378641,0,2
-0.028377558677738852,0.99942973542119296,-0.018300768273923816,-0.98919127942179352,-0.025442589513746845,0.14440667351168412,0.14385870456585739,0.022200869234319329,0.98934917725031468,21.697600277753235,0.7661210901185429,1.3091945424278133,,0.2775744408128514,0.6296296296296297,0,5
-0.99131790675489118,0.013562840382112407,-0.1307855386037384,0.013982409678162519,-0.97815205652754478,-0.2074199762089613,-0.13074134757869307,-0.20744783361535349,0.96947000797425575,19.548386023331517,-8.5529336541129783,2.0143475628259337,,0.6177778971690017,0.2962962962962963,0,2
0.48936860504103702,-0.78501405019919412,-0.37983063250618226,0.87174428289002093,0.42831400191571328,0.23792650338184126,-0.024088869810611913,-0.44754894341602824,0.89393493588652428,-9.8154965108676677,-10.543306722719008,-2.0269388496612128,,0.4899783576884363,0.2206896551724138,0,1
0.54937420008912463,0.83171794669262011,-0.080207514771663532,-0.81993052259458821,0.55508675525697648,0.13997368415544031,0.16094075429859286,-0.011133341263679585,0.98690127283234708,3.6910949676695224,-12.984856931914189,0.15792547812229193,,0.1723959272759636,0.3125,0,1
0.51814265261244152,-0.82645320907076369,-0.22023461299346112,0.85509610026074567,0.49501271678577685,0.15418517937606294,-0.018407902178341182,-0.26821167654858152,0.9631841182766625,5.0802312357996353,-35.061697850009047,1.8779903965940277,,0.4118570691400451,0.4,0,1
0.12872002083480627,0.97609302379649576,0.17513870255343544,-0.98433144649675974,0.10429610320616134,0.14217568812425857,0.12051041313464882,-0.19069538995954632,0.97422405460668704,-20.218703936470671,11.641689133227263,-5.4372298846772704,,0.2016268453203205,0.2272727272727273,0,1
0.52283525042314449,0.84606572194254981,-0.1040004570605373,-0.83673288647110433,0.53267973918810685,0.12700540207497138,0.16285385353961532,0.020617701431617688,0.9864347584989972,-15.286220809573098,3.2210617259607428,-3.8655922361085779,,0.09413246314781726,0.2280701754385965,0,2
-0.36569452376052602,-0.88568965497765118,-0.28604431537286568,0.91918734207913699,-0.39194006313583812,0.038439784996365238,-0.14615794693773437,-0.248871095096728,0.95744505459702589,-3.4220947826554888,-10.308028615701669,-1.0974387357803155,,0.4631488879460697,0.2375,0,1
-0.52991965805703511,-0.78726385055230741,-0.31527890132114744,0.83196716497069467,-0.55466426123157742,-0.013348922168254734,-0.1643648150162943,-0.2693755499780619,0.94890516947621129,4.6467295308476304,-12.90530034294054,0.28670831490009296,,0.1935456083074214,0.2307692307692308,0,3
0.090458996504824474,-0.96827391349994829,-0.23294376657647403,0.99155572932179681,0.065741930894029757,0.11178208340983972,-0.092921502357957611,-0.24108842145117471,0.96604449558067518,3.2106974341024901,-11.416049899029247,-0.077178123662554582,0.7364441381900373,0.9320388583566487,0.6940298507462687,1,2
-0.97717481608115986,-0.12190774214863535,-0.1739766686109778,0.15082906346620706,-0.9748492084060415,-0.16407197958219863,-0.14959937309580898,-0.18656774446387106,0.97098532650859637,-10.723256515454768,-16.17423451139307,-1.7488020349562479,,0.3961217211981104,0.1333333333333333,0,1
-0.79288616630862307,-0.58913392113729057,-0.15573294526789785,0.58524515220669693,-0.80740577868421515,0.074726303039125169,-0.16976347986234663,-0.031892499317799708,0.9849686438624784,-11.593293083941679,-13.417117558378679,-2.0254750981602028,,0.2853110251335111,0.3,0,1
0.98990572503762231,-0.010393237248753734,-0.14134580346522985,0.058689541230580566,0.93784051916756783,0.34206826563955317,0.12900462506392643,-0.34691085487052592,0.92898367342226085,15.751547377514759,-0.057849918397194187,0.63555802029646413,,0.7406429959497558,0.4941176470588236,0,2
-0.92527438821078811,0.37748700377794825,-0.037025241388789314,-0.37256212584313692,-0.92281654106670685,-0.098015784039717321,-0.071167189830661753,-0.076897291970687662,0.99449587107196191,22.63849435805415,-2.6679632912557789,1.8380206517424611,,0.2416038339094772,0.25,0,2
-0.18585570002676358,0.98067364510982225,0.061129866305882651,-0.97866175029401914,-0.19030492169069183,0.077493324175349085,0.087628975111020219,-0.045422885942144046,0.9951170404297569,34.760477049299709,7.5319518443281472,2.3926608505470384,,0.4120181471178944,0.2222222222222222,0,3
0.29618737953747748,0.95493222714482118,0.019428786965587197,-0.94385146773693962,0.28951260343668339,0.15914414630183105,0.14634699536904491,-0.065474376755686126,0.98706416353492832,16.483385357755562,2.3332137213929496,0.45381549668318716,,0.2391434971294859,0.4666666666666667,0,3
-0.96878765842013526,-0.18069979238386272,-0.16969990549573416,0.19499019807823459,-0.97819051432500692,-0.071569129783657898,-0.15306631094477646,-0.10242510784474758,0.98289358617133615,11.120899785667607,-14.418565607188668,1.3348722558402482,,0.2072272438717104,0.2173913043478261,0,1
-0.88542830222604685,0.45769059096888765,-0.080845807285542345,-0.45654499073026539,-0.88907993464797708,-0.033219591289649804,-0.087082679427097603,0.0074961820215209115,0.99617288368982337,13.759206110332771,-10.309891873661167,1.3485246683891154,,0.2237535705747624,0.2941176470588235,0,2
0.14951209957022762,-0.93860046968464572,-0.31092650319627929,0.98531158171063327,0.11519260774996821,0.12606248477105803,-0.082505872693970292,-0.32520735143524265,0.94203660201898864,-29.858670511663725,8.1110526733432149,-6.3499636378431559,,0.2141983052101744,0.1875,0,1
0.3386523394844887,-0.92237394552795438,-0.18585181616781979,0.93948400402805043,0.32060000956866436,0.12077019516418183,-0.051811187374010817,-0.21550391754157691,0.97512751083493121,0.22404002368253101,-18.99192064189468,0.11534622313862308,,0.5606644755933687,0.5128205128205128,0,1
0.4031936051638213,0.9137487399158899,-0.049981567173548409,-0.90280684646659104,0.40610476291708303,0.14148752421718538,0.14958179945451025,-0.011923163933421192,0.98867746178102356,14.051813197526618,32.639861224679798,-4.1134040799980207,,0.4205485832171658,0.8387096774193549,0,1
-0.25784356424910626,0.96251117803876673,-0.084195774987484831,-0.9639878534933195,-0.25040240277830272,0.089588252579206828,0.065146870167799437,0.10426345876326382,0.99241373250981457,-3.5891622420070282,-14.044328255189898,-0.84602805589647312,,0.08979824185265736,0.2592592592592592,0,2
0.46509456520527431,0.88524563382818244,0.0052166277092503162,-0.87162141453198683,0.45689027474079091,0.17755952966975241,0.15480037191743412,-0.087128896672830081,0.98409623524267187,2.9063176724967388,15.340135745707412,-2.9484283997780367,,0.3898604557425097,0.345679012345679,0,1
-0.062482411649792874,0.99623009564442677,-0.060179271902562025,-0.991041223886442,-0.054799633800951209,0.12179611115690453,0.11803914940429394,0.067250254033559623,0.9907291065373689,29.943582776476887,7.8087539764344527,1.6689745786470451,,0.1739340704490421,0.375,0,2
-0.34841729116340486,-0.90633368199234154,-0.23909129658889608,0.92613179124911638,-0.37219088557853869,0.061268670052201213,-0.14451746073072774,-0.20008298672917574,0.96906217652195803,-23.683007179382077,10.70111410499355,-5.8302478199193821,,0.07879131472808822,0.6666666666666666,0,1
-0.74208567414356152,-0.59599024976584003,-0.30676452600479598,0.6488355363366225,-0.75357845323872208,-0.10550811154173191,-0.16828933126512491,-0.27733578384043189,0.94591942784993588,-9.5499529574708415,-11.172877948768468,-1.9226722604701678,,0.6858859442572789,0.2429378531073446,0,2
0.65377991103707478,0.75659359134303439,0.011745870040337971,-0.73122156317889142,0.6277104417630619,0.26701053695283428,0.19464545580766476,-0.18315495854677766,0.96362202532588215,13.071712176704581,-8.5293315423109366,1.0815084339575951,,0.190419665773696,0.16,0,2
0.98988705719545123,-0.03933880921580403,-0.13629406475122993,0.057839411376244827,0.98921577218260381,0.13456135610502978,0.12953075499115799,-0.14108371328632399,0.98148722322644821,18.369458773596879,2.7395062513195403,0.65871531279255147,,0.116174054203938,0.6206896551724138,0,1
0.98280849445199336,0.13824742861437248,-0.12237283895750807,-0.11253339495148018,0.97400937635838625,0.19657560832067089,0.14636836493484637,-0.17942514664188414,0.97282214124619859,1.1767896986434416,-9.2116024990057852,-0.53468635744042114,,0.7229034836795618,0.2618025751072962,0,1
-0.98380728508069604,-0.10838772248397965,-0.1427421711929793,0.10711401655466778,-0.99410815114204043,0.016600340071229812,-0.14370042894743337,0.0010418482086789066,0.9896206855521128,21.578193546325597,-11.861907940842826,2.5794080717412151,,0.1022111862909528,0.25,0,2
-0.1827284518472535,0.98301182664890485,-0.017264459270119388,-0.98011098636953864,-0.18075038633710813,0.081925284477482888,0.077412965859966321,0.031891166604089631,0.9964889292959529,-7.2503504298018493,-16.316473254932962,-1.2314738615277905,,0.3260542106194702,0.1666666666666667,0,1
-0.97282732267901884,0.21495101770711858,-0.086041038091407493,-0.20260492686839079,-0.97018723593742873,-0.13299613089389703,-0.1120635706098419,-0.11194993171398812,0.98737478645720311,-13.9803597814087,3.1839403581044365,-3.6945888801814024,,0.2672163295578612,0.2456140350877193,0,1
-0.78668378469170308,-0.55542659683714413,-0.26949938483982983,0.5935508926909272,-0.80053112024174589,-0.082748192187495281,-0.16978209766916388,-0.22505826145779184,0.95943880381223645,12.551670297762493,-19.201489306925879,1.892625630114203,,0.2502572892346779,0.1666666666666667,0,1
-0.068808522000846542,-0.97724547421503472,-0.20064064998471973,0.99120688102516119,-0.08975359498497823,0.097227625681408136,-0.1130234768020809,-0.19218630365742584,0.97482825070781831,14.18335383252076,-32.131270407030534,3.113365814485773,,0.2479992818571903,0.1666666666666667,0,1
0.77957643503557006,-0.60399830293517931,-0.16567025076535355,0.62493367654049925,0.76766785130544779,0.14192945429913995,0.041454575897077024,-0.21417777691324622,0.97591464688962082,3.4306546017437083,-34.842299759347206,1.6014742032462415,,0.1289621839440616,0.2105263157894737,0,1
-0.61242591652618439,0.78527448801515387,-0.090986126632587608,-0.79052699163257101,-0.60853779974565991,0.068911695531806927,-0.0012539008813789731,0.11413029726259981,0.99346499836649049,32.612789654828269,21.42725303410576,0.36151914779754801,,0.5793844079564098,0.9347826086956522,0,1
-0.74012538128408922,-0.60629066958713707,-0.29090555847329908,0.65078590040872941,-0.75473854289530073,-0.082749282156867124,-0.16938751963553955,-0.25056207981228623,0.95316657114685943,34.070301686710167,6.3070971200352686,2.4432816738244201,,0.5121087708650077,0.1538461538461539,0,1
