axis_00,axis_01,axis_02,axis_10,axis_11,axis_12,axis_20,axis_21,axis_22,location_x,location_y,location_z,dbh,dbh_approximation,score,reconstructed,number_clusters
0.54314557991526935,-0.71836761477004629,-0.43467326702719988,0.83176493970411658,0.53107047982533373,0.16165157140311498,0.11471688671469497,-0.44934632023383009,0.88596157952520904,-30.226163682319246,16.025602122128205,-10.726151185998363,,0.2344814206185994,0.3333333333333333,0,2
0.61766725620258334,-0.6892531882799956,-0.37870463828824891,0.77337487625920764,0.61975334931094006,0.13340572247444174,0.1427531484284251,-0.37528099933747405,0.91585244998855508,7.6680667653917576,2.6282480974824023,0.7987724304701308,,0.3507760074769921,0.3697478991596639,0,5
-0.51891228065578776,0.85217714460101168,-0.067261870359616199,-0.84897940333812483,-0.52295258996673155,-0.075858825160476234,-0.099819926328609906,0.017739866593421923,0.99484736489624215,3.8803408528048511,2.6503244831739683,-0.2233863507654372,,0.09757618289818795,0.2692307692307692,0,5
0.96828899115150302,-0.11168726007966208,-0.22347793079116895,0.16393266078669733,0.95904652085447895,0.23098886026021551,0.18852721910164116,-0.26029930229030124,0.94694337786637695,7.503908576115891,-14.680279987688156,1.7963139602310225,,0.6240603556076377,0.625,0,3
0.46200230624454092,-0.8231241832996653,-0.3301824463716761,0.8819758584525329,0.46551293849655984,0.073595442788370269,0.093126012110707188,-0.32521421088193153,0.9410437093508458,20.085593758084212,10.08715726041912,3.747717957705623,,0.1845668056416946,0.125,0,4
-0.95738948244514921,0.1879744427276509,-0.2192509698602014,-0.1865845469037494,-0.98206169745883198,-0.027221852269830631,-0.22043499214084042,0.014846927813761852,0.97528866648513912,-4.5272378628427044,7.5663129526417183,-2.8863130814342322,0.1012591085498685,0.09654591579634993,0.3291139240506329,1,5
0.012259904058357732,-0.91459956830285105,-0.40417486860605245,0.99972429369017834,0.0031163680081467155,0.023272835154170789,-0.020025767354967215,-0.40434875777066226,0.91438561380369943,-11.889434035562557,11.062108540794661,-4.9992436591496983,,0.076972046925987,0.4814814814814815,0,5
0.96245948538522041,-0.11259740412254259,-0.24696875020310158,0.15618179217956962,0.97391163022767357,0.1646310550863764,0.22198870868491238,-0.19702274257592853,0.95493615081023342,-25.325013901643445,33.765327844093463,-10.649741304459615,,0.1987029653322197,0.3,0,1
0.97284453586096276,0.053337332487883853,-0.22523018893688601,-0.035587757240512372,0.99598469264081768,0.082146232778909645,0.22870728143209343,-0.07190007641340429,0.97083642207721488,10.057964401381147,-13.439882002152807,2.2490529445029996,,0.6227669231696084,1,0,1
0.87274015118756076,-0.35105600196966569,-0.33924078762169496,0.44880862003500333,0.85038754333097188,0.27461217877179234,0.19208188641147264,-0.39191926417131989,0.89972431293370159,-24.529154048975983,6.4655792793244116,-8.6763076619834987,,0.2590759878136089,0.2272727272727273,0,2
0.96463533909694754,-0.084541527041686479,-0.24966255780708671,0.13487998245396923,0.9720875056310202,0.19197205976203524,0.22646424198653095,-0.21885751438212322,0.94911292031029926,4.9574541887821582,5.8679076191539252,-0.041538449579533489,,0.1220274040014565,0.2173913043478261,0,4
-0.25889327241556426,-0.82203909962956245,-0.50717451846300321,0.96197866983655433,-0.26673790223773036,-0.058719079431723512,-0.087013287936121703,-0.50309304327334303,0.85984072800287381,-14.986681575882152,-14.638887042777855,-4.3676712462843623,,0.5747165686664628,0.4827586206896552,0,2
0.95946218506125824,-0.14426701791063581,-0.24211431800009037,0.17578439008464136,0.97780959208731089,0.11396600293341126,0.22030016713576772,-0.15190598791759327,0.96353121755069937,-7.6682779830757806,27.934973054512032,-5.0389502222852656,,0.1710247472852919,0.4,0,2
-0.41400657535607754,-0.7923194700184385,-0.44813883227369833,0.90270210125675387,-0.42072864987797576,-0.090090618593157604,-0.11716429468304182,-0.44183397402367891,0.88941287794244861,-3.7067173997298841,-18.473389793044007,-1.0246444590847383,,0.5558611770348042,0.4102564102564102,0,1
0.017349850389926452,-0.95403093520834292,-0.29920554366010882,0.99969597508545582,0.011308672707527391,0.021910529877962773,-0.017519705744853196,-0.29949472213561323,0.95393708981437797,-6.4272321385418749,-3.4725634193902666,-2.6797868210718208,,0.0751307822961169,0.2989130434782609,0,4
-0.59725311287812355,-0.75566663886827468,-0.26880597102541498,0.78688544555758633,-0.61693978905296731,-0.014021135935419194,-0.15524179439516411,-0.21989367336238971,0.96309228928912327,-12.132115427757125,-10.503179680825113,-3.6874355324114076,0.4845381985399234,0.4559231300410168,0.9554794520547946,1,5
0.95312299267096112,-0.19747165548838475,-0.22926296281917921,0.21023596374018375,0.97711359339185444,0.032401622784891546,0.21761755534006857,-0.079082051614351473,0.97282507611609059,2.1422875892869548,2.5939365522090467,-0.65667946470148808,0.3198386406442694,0.2371869071641267,0.7590618336886994,1,5
-0.036400115901717711,-0.89302146459043497,-0.44853951369204514,0.99895581930759236,-0.04491575362489543,0.0083574007804565233,-0.027609828573154836,-0.44776694703502012,0.89372392745696272,-9.8560858078238631,22.923186875239111,-5.3796057518976008,,0.4107277796225125,0.1612903225806452,0,2
0.089497964295332189,0.98234661207498353,-0.16427187261303039,-0.99509462604094179,0.095173484513402878,0.02699431551297328,0.042152100913576442,0.16105012136095179,0.98604566770418545,-14.262974791845158,4.1998270945828162,-5.4080058860482314,0.1205710272508442,0.09400885050818339,0.4354066985645933,1,5
-0.24094824461803782,-0.90490285236714918,-0.35084864428024432,0.96746156714972809,-0.25270166512750147,-0.012648499119734707,-0.077214373685732821,-0.34248021288767527,0.93634675429390679,-6.6322439617924367,-10.931220890375785,-2.1512428713526823,0.2628332479901366,0.2601822372053086,0.47,1,6
0.1849298845486764,0.9610644069769877,-0.20531961290335712,-0.98058397171294265,0.19431891844392105,0.026367259138112414,0.065238119381883494,0.19645702730306167,0.97833972841889605,-16.762501816671005,24.976800204274337,-7.4514898250449439,,0.122738855808828,0.1875,0,1
0.23491905532127536,0.9547045620540493,-0.18262594733538229,-0.9694071172838632,0.24386996657942506,0.027879748204395871,0.071153906472870454,0.17048940903685589,0.98278709952863819,14.33380143637954,2.033563198910874,2.5086801888997003,0.06627869854507912,0.103377414375549,0.3684210526315789,1,5
-0.67858098673977163,-0.64697207257393197,-0.34778582740627989,0.70785969865095688,-0.70241770186047003,-0.074458170396766513,-0.19611856480470205,-0.29670946972155859,0.93461275355972806,-11.03883672026752,-13.918118252381513,-3.2167166171411163,,0.5811182289697189,0.2804878048780488,0,3
0.95168448089775004,-0.13626729900002504,-0.27518697651163965,0.20873393967575282,0.94434563695218554,0.25424684933507113,0.225226089176674,-0.29940364258406893,0.92716269746014457,5.7062817425016066,-10.803894683959717,0.96354447306405322,,0.3630643226748008,0.1714285714285714,0,3
-0.91538610613663152,-0.32767382719018778,-0.23387633413099118,0.33588906941929264,-0.94188840264344265,0.0049769479027083627,-0.22191622233774991,-0.0740006752693491,0.97225361419900247,12.195886703432272,-10.279135668537812,2.5876547218447925,0.2443742080611764,0.1965012927518807,0.3181818181818182,1,5
0.95820191255629439,-0.15849362639619402,-0.23817822143353645,0.18126626547238026,0.98042873394964836,0.076824726797990447,0.22134054254735083,-0.11678727686556006,0.9681782357537122,-20.65363272793741,15.691677270866675,-7.9450058765380831,0.3682371092605619,0.3305139052103171,0.8674698795180723,1,5
0.1985206842797638,-0.90587056832241486,-0.37414977129529198,0.9799960055830047,0.1779951874670041,0.089025514769311725,-0.014048734976829706,-0.38433868746954303,0.92308526494562737,-3.8498003928593461,14.16182077410498,-2.9992242557202093,0.6304742324927834,0.6327731601468543,0.4939759036144578,1,2
-0.38361416374867641,0.92297464056301226,0.030951352942670766,-0.92094010086207856,-0.37984801742437496,-0.087090839259453184,-0.068625826009949278,-0.061913621573526416,0.99571943812908559,29.892641596127572,-3.6840388789191674,6.5198861231743699,,0.2529181039156509,0.5,0,2
0.93917612438699782,0.29276693987396324,-0.1795431042904507,-0.25754313111070282,0.94623008393237995,0.19575536743347494,0.22719978652963513,-0.13760867406582564,0.96407681738683637,-14.092764344420321,21.927120027813206,-6.4995972637836301,,0.291164255228458,0.3157894736842105,0,4
0.018522286849609493,-0.89259682874331037,-0.45047511164019438,0.99899245817091176,-0.0018987998689618006,0.044838187705305857,-0.040877786235306239,-0.45085174489674812,0.89166232998599715,-28.057925697399547,23.852343686257321,-10.83138147252607,,0.3192988918091045,0.2857142857142857,0,2
0.52082845854686521,-0.79726617684704704,-0.3051300706639537,0.84860131962169272,0.52239798926678105,0.0835232970275116,0.092809035680895657,-0.30243509066528235,0.94864086925994529,-0.55969210176357131,18.965160060561853,-2.2697093708778566,,0.6859347901591033,0.6615384615384615,0,5
0.0021009293784674237,0.99424836423582563,-0.10707836527576517,-0.99961511932017122,0.0050500909850610242,0.027278376189966553,0.027662236393057957,0.10697984293980857,0.993876307133995,-7.0918813109724539,-6.7229860637383387,-2.7022546603632565,0.3896843419796504,0.3793384835160318,0.8793456032719836,1,5
-0.16826471738327831,0.9816888607176405,-0.089297063931718532,-0.98559261589462788,-0.16597128740243142,0.032568807960430504,0.017151687319602097,0.093490708099144434,0.99547240399782555,-16.612258789506381,8.453631151753763,-6.3185079027832112,,0.07564307426801531,0.2083333333333333,0,5
0.59671809696698397,-0.71833112391930742,-0.35767011219967221,0.79695714796100037,0.58257480119745186,0.15958040394615561,0.093738023586855318,-0.38027226748551418,0.92011205052181333,2.2209533072034673,-8.2181376624003253,-0.044697982994458312,,0.4395198758280499,0.196078431372549,0,2
0.93726472000246863,0.30608140422990815,-0.16688025234683304,-0.26434643222893811,0.93606011331309447,0.23219049944411865,0.22727914204019375,-0.17350976413137487,0.95824764718967548,-18.18249526475714,12.911397506654984,-6.9873495672225205,,0.1098084951958039,0.2,0,3
-0.9026769772918849,0.41571626392651451,-0.11114973042777318,-0.37943071204702455,-0.89076607281779063,-0.25013623942215746,-0.20299411179311089,-0.18361860315270748,0.96180954411649222,-9.452641938548167,17.928543528661173,-4.7712062106655813,,0.5049774109122026,0.2409638554216867,0,1
0.16178731182236158,-0.93542855508621892,-0.31432194333613267,0.98672041120114551,0.15799620393172797,0.037683280937398644,0.01441165682137382,-0.31624455390168044,0.94856822963621878,7.2348984007273245,-10.235032404449253,1.3047808779411352,,0.07153703079384506,0.1538461538461539,0,2
0.97429901580302014,0.046697082530934131,-0.22036517485384685,-0.0093952672235192818,0.98584940749170735,0.16736987393808125,0.22506256187794996,-0.16099791374843853,0.96095083901809719,-24.540219308979637,15.513375203746003,-9.0560605602587518,,0.1243247133116636,0.2173913043478261,0,3
-0.95905430766043043,0.18146854970807003,-0.21744884553573349,-0.17957852808913194,-0.98332801442288853,-0.028593151286307149,-0.21901229921471166,0.011626758705268796,0.97565282312649304,26.003789452833804,11.285525743468083,5.1633874504192168,,0.1608777438190395,0.3333333333333333,0,2
-0.27387785008410026,-0.89482292469645697,-0.35253773793877852,0.95572254134440537,-0.29423693415232888,0.0043646932115244622,-0.1076352507290424,-0.33573287002960811,0.93578741858510739,-5.3718532169650199,23.409354358840336,-4.0665596353999813,0.7739136697408578,0.38512949331972,0.6447368421052632,1,3
-0.57475893509313114,-0.77366806388236264,-0.26662688060120115,0.80758976672363181,-0.58886542630636951,-0.032191278077891065,-0.13210198792554309,-0.23382736501430917,0.96326207656929219,4.4376428524288158,1.6116359530502555,-0.039523785637673184,0.2616280666959535,0.1490907186933643,0.2058823529411765,1,5
-0.46647279426244781,-0.80965472269343364,-0.35617743083076214,0.87266450504751503,-0.48700215380268108,-0.035854760098551992,-0.14442920010565402,-0.32754867151580391,0.93373019333481544,-0.41296786818123743,16.498155732005884,-2.1642736614498244,0.1612667906088954,0.2143598653299801,0.25,1,5
-0.37594381846183555,0.90776642760139681,-0.18608159038479158,-0.92406310075583975,-0.38223338378869659,0.0022419052046618597,-0.069091469674904177,0.1727939618078185,0.98253173769650859,-4.4896619981709254,-17.574408340293342,-1.3514890549314438,0.1964823457313073,0.2309182642257703,0.7384615384615385,1,5
0.76483505174942701,0.62182155559743457,-0.16842000062296231,-0.61367760206597932,0.78277879571784692,0.10323351053348749,0.19602842737215873,0.024398974751095329,0.98029462188318373,-18.216995451825632,-13.099474675135596,-5.3437239760815025,,0.2090764083482258,0.2,0,2
-0.094205756508384184,-0.95516527911876481,-0.28068588316239818,0.99396503370155198,-0.10615655281819558,0.027645941337390977,-0.056203089055281055,-0.27638754649898767,0.95940144721639531,-23.353693408474705,14.33999412753883,-8.6622608407431052,0.2678197451876573,0.1555081747163161,0.4594594594594595,1,5
0.85282610040517948,0.50180934803537225,-0.14448190437563407,-0.48595813543190564,0.86393429203876371,0.13214472992528417,0.19113433253929299,-0.04248431785724166,0.98064404839929764,9.2105904073058049,15.634153751307094,0.60223680452219785,,0.08937343206993162,0.4166666666666667,0,5
-0.027035676676430958,0.9809125480663744,-0.19256075724970778,-0.99943220236866215,-0.022649055711120636,0.024945804134591097,0.020108332978502223,0.19312584840286903,0.98096792079226436,0.27487544233087441,-24.627332414693246,0.29070341375542325,,0.1676845617790853,0.6206896551724138,0,5
0.95442213449248114,-0.18540595309355443,-0.2338867712126686,0.20241695521552203,0.97798412367993726,0.050738841839983721,0.21933026565454633,-0.095768921824651423,0.97093900332639338,-2.9881421088228666,3.0671278112716127,-2.1065283371729193,0.3560383534679641,0.3102028163632737,0.9038238702201622,1,5
-0.10738814051771377,-0.90842933980216511,-0.40400980416662041,0.99179380807308704,-0.12623778968773935,0.02022529907416986,-0.069374559775420105,-0.39852246491428478,0.91453103578534167,2.4859499271926344,25.693875016708851,-1.9403251158533659,,0.3572709827169566,0.3333333333333333,0,3
0.67542689087684027,0.73184902375090888,-0.090529119708998129,-0.70352395212484653,0.6762956824269315,0.21835338036615665,0.22102616104678885,-0.083792340733103599,0.97166160764300347,-10.735037078173002,20.014874156086488,-5.3572587639866738,,0.2660332536198586,0.2352941176470588,0,2
0.86525861777651381,0.4597118223616698,-0.19998141099709507,-0.45138782483688578,0.88795848860932891,0.088197245397242427,0.21812050786778725,0.013955747473676035,0.97582205404466504,16.22938996264617,10.490187668726595,2.7297794863124039,0.3079772077595944,0.2753355475779036,0.3953488372093023,1,5
-0.34661006717714543,0.93443986123391742,-0.081753330626912771,-0.93695882279408249,-0.34902806423243793,-0.016958029557876207,-0.044380465520128323,0.070721680659440067,0.99650831314391042,0.8899684214388589,9.5673676385782453,-1.3513535837333992,0.248261466481939,0.1776942764145661,0.4471544715447154,1,5
-0.64538762077641676,0.74862067207451621,-0.15179561354418647,-0.75163174039188019,-0.65780283477878765,-0.048426825133027263,-0.13610490727387309,0.082840327737710065,0.98722486512257135,11.112883083180861,11.014066243107015,1.3262737296145668,,0.08475252239661032,0.2105263157894737,0,5
0.68264898177086464,-0.60822860366683429,-0.40502880560362087,0.71643460667928405,0.66622651005556477,0.20703548403953134,0.14391602426242275,-0.43150921540643433,0.89055486915732596,-17.188322799498476,31.900353358084402,-7.9788898708676683,,0.3887599017904098,0.3,0,1
-0.7824930352095264,0.58469288046242995,-0.21410017605113807,-0.59907538711242436,-0.80068745513617601,0.0028774543701098275,-0.16974489802253434,0.13051373385241802,0.97680747072860685,4.5196876098535563,14.74712268977153,-0.63990823580883416,0.221942414400976,0.2338045264376151,0.6190476190476191,1,5
0.81638147451748777,0.56063395058670351,-0.13860325217757122,-0.53922694948198113,0.82591128549770421,0.16463549264933164,0.20677423683092319,-0.059666757386980879,0.97656760802614873,5.8006221750045466,-4.9407760166875416,0.57001954841748892,,0.1122028908830667,0.131578947368421,0,5
-0.91160876932978185,-0.28646315736242689,-0.29480215595376907,0.34855328901452237,-0.91885939018133189,-0.18495411807459278,-0.21789918861299118,-0.27136005702671295,0.93748795355047587,-14.376782554133248,18.747921339675457,-6.2498054283735476,,0.2298832710266756,0.1578947368421053,0,3
-0.19224339414624303,-0.91019841933200074,-0.36685326065425528,0.97831505669584795,-0.20711876139258908,0.0012118256470163686,-0.077085194747962299,-0.35866510302052873,0.93027803189473479,3.6323397964693593,-14.268740551182834,0.66106517979491053,,0.4166560574450449,0.2727272727272727,0,4
-0.15678917824517541,-0.90374508508385754,-0.39832395706506962,0.98588232467244896,-0.16721469134917574,-0.0086769173932463046,-0.058763896089792947,-0.39406099551182766,0.91720375944093069,-8.6708080316436593,-22.026955800682781,-2.2118061901447623,,0.2987003309807801,0.2857142857142857,0,1
0.33311842793573937,-0.90172533461043214,-0.27554225427568657,0.9410289910160099,0.33627671879153093,0.037180727079944083,0.059131641589027797,-0.27167883487770478,0.96056965371725156,1.2057579876253957,19.687870979382971,-1.8796763086182033,,0.1101081336453431,0.45,0,4
-0.2761252603895209,-0.92281263024984717,-0.26864789227942687,0.95718489545709773,-0.28930625796755516,0.0099481158817101862,-0.086901763409063068,-0.2543987785980304,0.96318707682579818,13.407612675670556,10.902599013246892,1.9257981355487299,,0.107106161956344,0.391304347826087,0,5
0.74112701859651453,-0.61706403772686702,-0.26450466092388203,0.65259687104673392,0.75464573108783073,0.068023117033304131,0.15763269396370383,-0.2230286840187371,0.96198240103372779,-10.316928168496199,11.618945392687149,-4.6210053994857283,0.5643046357681543,0.4085197382956253,0.9590643274853801,1,5
-0.3050303024213934,-0.91987844623179316,-0.24653632341481577,0.94760332808329284,-0.31896021354576315,0.017672429949160198,-0.094891765765950681,-0.2282280139093853,0.96897240747959201,2.9310102874983981,-6.4990953634120245,-0.043251678952213851,,0.07383777641838425,0.3291139240506329,0,5
0.91627337610509563,0.35681148666107099,-0.18201281061421945,-0.33761121230647462,0.93248259796016808,0.12843237063298932,0.21554992360454184,-0.056229596194294608,0.97487253676873253,17.492856790389784,5.2493537243357844,3.2418435015750329,,0.2657750497572635,0.2222222222222222,0,7
0.49548693625754164,-0.75901273157887983,-0.42236520843848463,0.86320600986487972,0.48445204261651231,0.14206196865397963,0.096788845076642469,-0.43497803588900735,0.89522400982261019,5.6090952119507911,-22.351997684492844,1.5174130576898719,,0.2634739490767442,0.2,0,1
-0.76406662769163813,-0.52616295580398176,-0.37330246769549058,0.59488172076964563,-0.79852065786928517,-0.092089615321966953,-0.24963558789177306,-0.29243341617472424,0.92312771075420952,-24.464137561818148,9.9711330028587568,-8.8385367505700732,,0.2246829740007755,0.4571428571428571,0,5
-0.52727318973988713,-0.81663678364057046,-0.23470693851420105,0.83790964976182503,-0.54557738788071297,0.015897568030160517,-0.14103333725591441,-0.18828084724273489,0.97193617092071261,-17.251608917706328,6.0214668066973136,-6.4233945153751195,0.3340448757328816,0.2969060174221124,0.9616613418530351,1,5
-0.72492636875675498,-0.57563873428279255,-0.37831442937647658,0.65297174446699502,-0.749157276928895,-0.11131610553829002,-0.21933914563723897,-0.32772461307901013,0.9189596928991709,0.77670833924868266,-13.139030871479433,-0.10875862134188499,,0.2304466759515598,0.3076923076923077,0,4
0.46807512584111921,-0.79607625528475534,-0.3836251716723259,0.8790098806888903,0.46404904046070661,0.10954504871878314,0.090814680642081702,-0.38848562884526228,0.91696870718720691,-3.7570955736070779,6.1414988661179191,-2.611865614536673,,0.1480204894900613,0.2067988668555241,0,3
0.1171588121945099,0.98094484492429534,-0.15498717347452168,-0.99181641525579844,0.12354485310896356,0.032200430112375791,0.050734713503763323,0.14994625866201042,0.98739156789946103,-17.182541877590221,4.6775184768581806,-6.3355552341167076,,0.07442439330466884,0.25,0,5
-0.21868432538020091,-0.92921804379082218,-0.29787747972373518,0.97292350866508892,-0.23103735423632926,0.0064488165030391351,-0.074813181457677583,-0.28840174763866239,0.95458232742867499,-7.2287441502670209,25.675104303403092,-4.6942968655548247,,0.07807418602658131,0.2105263157894737,0,2
0.77258198941998302,-0.57214326343413335,-0.27526197654380524,0.61440191220181917,0.78301828275755447,0.096915732211853137,0.16008547687598237,-0.24399683394329391,0.95647173775237015,4.7095645694510608,-22.965698209651475,1.2942474103927428,0.2060466775509977,0.1326774017228232,0.2777777777777778,1,5
-0.20118800553677815,0.95701231151012289,-0.208927791464385,-0.97923685119909876,-0.20191061298409552,0.018091258056354628,-0.02487118175334917,0.20822953676757547,0.97776371600492162,-9.1767359750917841,-5.0151893222099657,-3.4236771834223272,0.1794862147425094,0.1419282054424894,0.7950310559006211,1,4
-0.95827727014406927,-0.11952354153440135,-0.25965129798309289,0.17194385848025306,-0.9666904643485642,-0.18959128584531551,-0.22834181188769034,-0.22632646587757183,0.94690883816089433,-26.457978698888109,18.969427162677317,-9.9331147752897238,,0.7628126418681953,0.2826086956521739,0,1
-0.1107171874882195,-0.90388849604012367,-0.41319159129999578,0.99345118855398851,-0.11245997436423381,-0.020186384685336869,-0.028221274871397969,-0.41272065721541012,0.91042035277794275,5.7452517398249885,-18.342044842909321,1.3994590490987586,,0.4634226870064124,0.3333333333333333,0,5
-0.96725765372042294,0.12634744128859579,-0.22011123415012077,-0.11583215065694417,-0.99144920710931661,-0.06009478011022959,-0.2258219302757184,-0.032631178374902661,0.97362192970599004,-19.718035863653117,23.796101156836208,-8.2603842385560693,,0.2237401766462013,0.5365853658536586,0,5
-0.89514444462855425,0.39964706894397906,-0.19748074218799966,-0.400447319555571,-0.91554560014532227,-0.037658973901311767,-0.19585292316275293,0.045370412594858307,0.97958315530105788,-22.290232922824138,20.045209032619169,-8.8241425928701194,,0.1223751910521123,0.4782608695652174,0,5
0.80934229555717618,-0.5306698202406489,-0.25170337802262044,0.55964364658249288,0.82681732937588837,0.056321334177857695,0.17822468252767545,-0.18644743422606117,0.96616422869428764,13.194271623127735,-3.6950489923375986,2.4955471038429247,0.1973377101575975,0.2161836595545733,0.7934782608695652,1,5
0.076419728383717411,0.99222259764489562,-0.098256510403005509,-0.99637471868562821,0.079688940294665944,0.029784102451641144,0.037382416694156366,0.095624209892318776,0.99471531877445984,6.7289994742549677,-22.488409954478705,1.8010789998914132,,0.7459627928944741,0.7631578947368421,0,3
-0.3670694233066385,-0.89046584178758958,-0.26894353140176147,0.92337680478745099,-0.3837558773936337,0.010329711823597529,-0.11240691639684829,-0.24454449733200048,0.96310055236760705,-12.331226748849859,-9.7056606645581436,-3.8356458011878694,0.3236070301385338,0.352803844847387,0.8744939271255061,1,3
0.96172324587244096,-0.12265862030627618,-0.24503726494788305,0.1774868731065552,0.96012889360497211,0.21598823472530057,0.20877453921260569,-0.25121180412045674,0.94514857099141347,-3.7358735392982134,-6.7399478100686485,-1.7986389790213955,,0.3643053767237658,0.2079207920792079,0,3
0.28905532339210743,-0.87041366106391405,-0.3985311514198091,0.95618970812939952,0.28266423152920261,0.076172004577929386,0.046349348281275911,-0.40308930877327898,0.91398618538060061,-12.844511115743968,11.24166600181119,-5.2980179614462557,,0.06676983411167187,0.125,0,1
-0.35228100153845471,0.92690420184778854,-0.12940902809300803,-0.93439135318198041,-0.35616984854919237,-0.0074724884203732338,-0.053017874851887747,0.11828626116907717,0.99156314239932786,0.086969483225012828,6.3538648922241041,-1.4648673474940868,0.4576413365258885,0.4027003868120719,0.6297142857142857,1,5
0.40791423648592501,0.9078801219326883,-0.096745335141247418,-0.90564655479782741,0.41578158796099929,0.083246554856380675,0.11580282144633404,0.053659624599107704,0.99182173359578674,-20.023883492736598,24.653237833749092,-8.3545960296847888,,0.100434016708228,0.4166666666666667,0,1
-0.68335859657396936,-0.66034347592966469,-0.31139608585462869,0.71169851871233081,-0.69763200947056314,-0.082430563656557362,-0.16280739218822013,-0.27794976733070337,0.94669830457737603,23.195705997939655,8.0523842938060657,4.5712487567894584,,0.2439742705431031,0.32,0,4
-0.58957025243816052,-0.6826263513035864,-0.43177329925084146,0.79254222024131782,-0.59203511665568131,-0.14618908913272738,-0.15583243107571179,-0.42838730741286751,0.89005649723631985,-33.40358737814698,8.613531893408183,-11.350167798963472,,0.6346642317662536,0.4,0,1
0.91798570916209343,-0.29429686154240631,-0.26587891052217599,0.33118569495804767,0.93763633814144998,0.10561312821732413,0.21821611587901693,-0.1850066341593827,0.95820366941882074,5.4648126992302002,-9.7270459130168643,0.89129426807124512,,0.1111455819492264,0.3181818181818182,0,4
-0.31518138482610575,0.94210852048079274,-0.11442128428133901,-0.94739123736166941,-0.3194268494337148,-0.02040419641094568,-0.055772197638463035,0.10197069921474335,0.99322275370242763,-1.2115283246643753,9.9685399351812691,-1.9739176246068222,,0.08799399389239394,0.3488372093023256,0,5
0.96577947368600647,0.13699736271302138,-0.22023108503673802,-0.1184616086499081,0.98837111716448178,0.095338250619108264,0.23073113245259752,-0.065986796896900179,0.97077746530934184,-15.983137276693583,20.945951316293229,-6.9913707542730643,0.2086093014331285,0.1289048313677244,0.3103448275862069,1,5
-0.5293582582302272,0.83832996292686768,-0.13031771829838357,-0.84239513883589967,-0.53761552199255702,-0.036605745154499443,-0.10074852112614632,0.090401458902539061,0.99079630182958744,3.3519082897419037,5.7499364859008537,-0.50434953126742066,,0.1080349309017564,0.1746031746031746,0,5
0.051989822436337436,-0.91636812017037239,-0.39694650357252964,0.99858806303474168,0.043362695250276528,0.03068480120767764,-0.010905903335402731,-0.39798133749718695,0.91732868497414211,-2.7934817851077827,20.98800952726695,-3.1806775285618492,,0.3899898280575368,0.2105263157894737,0,2
0.20417159955503453,0.96210233360555397,-0.1807569019591965,-0.97624438530211144,0.2137902505950782,0.035222562606901556,0.07253177304631428,0.16927146369439131,0.98289689870174934,-1.8025540452907087,11.719518243119655,-2.2669958171774041,0.2198178943132566,0.1761961202023042,0.6335403726708074,1,5
0.81967505462024337,0.53582465023864245,-0.20254567146680744,-0.53514223344469392,0.8424154706365361,0.062920305276201072,0.2043418577216326,0.056816538339310017,0.97724934697036847,8.5811015095802858,7.1289000312713648,0.88403819838506559,,0.0781534100065194,0.2222222222222222,0,5
0.79840337429485619,0.56335413301880288,-0.21256569037645806,-0.56802844696513111,0.82180671478345191,0.044468044427556287,0.19973916829948099,0.085239922263355916,0.97613442737133704,-12.677719139584656,-2.4372008007086605,-4.5892016910036348,0.2529728769132623,0.2883670660719043,0.9090909090909091,1,1
-0.46485655280255195,-0.83521324768914762,-0.29381493529273556,0.87641302455344938,-0.48119549004856577,-0.018737949460792765,-0.12573223814759171,-0.26621369469181499,0.95567864528246604,-2.907229249549105,-14.690037639930809,-1.0527416184499703,0.143348619283757,0.1343154612793005,0.3142857142857143,1,5
0.65136167373638876,-0.71269431877588152,-0.26037430359371755,0.75166110552403098,0.6529350431058959,0.093174094718942529,0.10360285917735534,-0.2564032711743065,0.96100146207037207,7.0321609989243852,-12.766937188781609,1.433731379448274,,0.1741198372520343,0.4285714285714285,0,5
-0.10260546388021982,-0.9556496023061718,-0.27605426349538664,0.99345797357411969,-0.11243669548732338,0.019981097314575914,-0.05013355686492349,-0.27219813944982513,0.96093433665163841,6.9779766500430354,-26.459734098785393,2.1087587677607602,,0.2006470577626467,0.5,0,4
-0.91988638391212418,-0.31234550647037068,-0.23716940207548839,0.34511732571343762,-0.93194555004246804,-0.11122734937257089,-0.18628760609735168,-0.1841677939918123,0.96507986792322431,6.0794684824567033,-8.538302906900098,0.90128704436840434,,0.2531645865678548,0.34375,0,4
-0.52640170911149753,-0.77274208910008313,-0.35464193826694362,0.83754258959388894,-0.54308637115683556,-0.059829792579143039,-0.14636820440538922,-0.32852223242413919,0.93308600436519396,3.5811857772951483,-12.357054678965886,0.51821569427698233,0.7152376834852752,0.6491785790951746,0.5423728813559322,1,5
-0.52311341449277937,0.85212114384701909,0.015553513640131396,-0.8459371550989625,-0.51692472214035134,-0.13106929946862217,-0.10364692566969871,-0.081721403860733247,0.99125119266019113,3.4292672456386244,-23.69076701973648,1.0691203504481575,,0.3290365586104168,0.3636363636363636,0,1
-0.18820052571919524,0.96607377581797871,-0.17686724342232682,-0.98185123894655391,-0.18936613152892037,0.010421746921193888,-0.023424489282292713,0.1756187003327544,0.98417953920781032,-32.766633414266686,7.6429756955290795,-11.060519174118625,,0.1854702260974132,0.4347826086956522,0,3
0.01891873088073228,0.98955498984286705,-0.14290907493559182,-0.99968420604898978,0.021086468075962112,0.013669273582882063,0.016539945527862848,0.14260533980593296,0.98964142357763629,11.755263209772874,-4.2384472651871175,2.1097174356807082,0.1076171583047698,0.166310821017901,0.3125,1,6
-0.22638643291521432,-0.89355284140423918,-0.38770156384819604,0.9711658669344867,-0.23760988319617088,-0.0194525656120265,-0.074739828025713897,-0.38092632230644519,0.92157967375630312,14.263879535583113,-14.162876200393164,3.4607601371047241,,0.2664771078199506,0.3333333333333333,0,1
0.95375272785519349,0.23718955587883281,-0.1846533202809541,-0.19652196196364527,0.95685327939301001,0.21403485739664752,0.22745296783013871,-0.1678478963134353,0.95921438225686406,-5.7716797098343582,10.155892708873081,-3.2832163819437552,,0.08962598036898285,0.2857142857142857,0,5
-0.30488228150668883,-0.84254259217890415,-0.44403690701081278,0.94811163760349293,-0.31264916917177427,-0.057747897425121111,-0.090172706869092026,-0.43860286978159679,0.89414562882969362,-12.793221126831217,-13.883695920404485,-3.6905068564660932,,0.6915345882935237,0.3382352941176471,0,3
-0.77547170611429306,0.59270973266337046,-0.21757482809898795,-0.60718017561115911,-0.79456405939456842,-0.00043573297767852059,-0.17313540181311968,0.13176922373810057,0.97604354632079227,11.347059997487888,4.4943118438869343,1.6210921916480361,,0.08401428596372122,0.3448275862068966,0,5
-0.75366666502544033,-0.53333706788032731,-0.38410692528805868,0.61455811362052659,-0.77904456829179414,-0.12412850437442827,-0.2330340812254961,-0.32960754336008097,0.91490654405109673,-13.944439334338229,-9.36856791747811,-4.2925864559505698,0.5823423427006953,0.3555754776440953,0.2142857142857143,1,3
-0.97293257937808464,-0.0085755019789301515,-0.23092998235508128,0.03401626636642556,-0.99374010031650439,-0.10641196664583413,-0.22857184780107365,-0.11138704497721041,0.9671338255919133,-22.80662823591749,7.9430341281692511,-8.1546521079437184,,0.2081107640723606,0.5454545454545454,0,2
0.49064908917395011,-0.79644665190724562,-0.3534631550225748,0.86609806829571323,0.49026199488298139,0.097556714109252526,0.095590833175613482,-0.35399986869926842,0.93034750796339172,-26.921505521047688,15.693511161620467,-9.8174249706900927,,0.7805281113199306,0.375,0,1
0.53512278612763675,0.82331475275341359,-0.18919942300541179,-0.83272459732829018,0.5517829654556633,0.045883592245931748,0.14217365709382435,0.13299765761673898,0.98086608377343132,1.9844596877160143,19.434233138350685,-1.6302375526221935,0.1886912152160584,0.1155323454590942,0.4230769230769231,1,5
-0.13215944082406514,0.99039789989257887,-0.040569472383082367,-0.99053784676011813,-0.13348426120007814,-0.031886143506232825,-0.036995355612579113,0.035971542922712825,0.99866780851435277,-6.2439472908916551,16.53223835140459,-3.7892223566891858,,0.5415537703046195,0.2,0,4
0.14520979024768166,0.98659831571292045,-0.074416935227491252,-0.98768286601483923,0.14897755126152037,0.047835608084708776,0.058280983150055865,0.066554133249178388,0.99607925103904893,-12.976520287878397,16.158394695204109,-5.6631392324019441,0.1766680790804028,0.1474797471306097,0.5189873417721519,1,5
-0.42662888466873294,0.90245096466849961,-0.059749904897064193,-0.90089809676775401,-0.42986606246533204,-0.059981560339746269,-0.079814873341704867,0.028238709415383256,0.99640963528259885,5.7725701011192898,-14.127190510774069,1.2721537598558357,,0.5663048721313562,0.3076923076923077,0,1
-0.90168686230342576,0.41137908155818703,-0.13314673712016178,-0.38193057406144171,-0.90212033426128868,-0.20076837178549453,-0.20270628738768964,-0.13017739346231891,0.97054830239656587,4.7344888283199937,-11.053583430916753,0.72377254960900073,,0.3688520528798548,0.2352941176470588,0,1
0.69606472411339304,0.71173937653187958,-0.094450832388908196,-0.69540791559740855,0.70104921042023616,0.15791717922262635,0.1786105561533633,-0.044238721310351871,0.98292482152370697,-32.980182673913383,21.438467357675666,-12.187939225074903,,0.1336747065286926,0.4,0,1
0.17011689943291583,-0.94732832531177158,-0.27134716617154242,0.98526373778460474,0.16847800140777494,0.029504746200442449,0.01776534643743085,-0.27236777912160837,0.96202920192805053,12.561706003960762,11.268572008049675,1.6806623031429135,0.1792718422220993,0.1542927049519782,0.2962962962962963,1,5
0.053754844144566931,-0.95319825025390459,-0.29752901109620894,0.99853152448241844,0.049305686313051288,0.022444240063237104,-0.0067239382664141525,-0.29829858365418649,0.95444892144320403,-2.5440201492650809,17.217776627703955,-2.826136445083351,0.3030690394527577,0.1722278950699288,0.5166666666666667,1,5
0.66446411082303536,0.73691012749269846,-0.12430168714401779,-0.72721870017857349,0.67590264458454785,0.11961846493832859,0.17216389731514717,0.010912334411613423,0.98500787480047591,12.278995664413623,4.4481720696429319,1.9015353879746801,,0.08181967434398354,0.3,0,5
-0.94128020599683226,-0.22625073347346122,-0.25060363006405523,0.25599799809843327,-0.96220906087731262,-0.092837213094722301,-0.22012859598006715,-0.15153985867857053,0.96362807787212335,-5.2114867661761064,-18.557725529613709,-1.4763356680564972,,0.2040766556315116,0.1333333333333333,0,4
-0.2530086681277558,0.94724798107440555,-0.19674317320477147,-0.96701299573141264,-0.25381514186758192,0.02153461969247351,-0.029537771391546605,0.19570165075748058,0.9802185388738669,-24.410766620313368,8.0328971084794301,-8.6417452419130623,,0.09015543921943747,0.3243243243243243,0,3
-0.57454950230994151,-0.74426345009977513,-0.34053602781641013,0.80413157933902857,-0.59084298577947003,-0.065398541764490781,-0.15252957911539419,-0.31141047349243312,0.93795428699596017,21.456585573196016,-6.372185447828528,4.5988905799206634,,0.8511333193393213,0.6304347826086957,0,2
-0.76091727607987703,0.64120274362662377,-0.099317372744509372,-0.62997999473889321,-0.76672856794921385,-0.12350104987138111,-0.15533867899517384,-0.031406124502069629,0.98736191447300425,0.57200935165460121,-16.355601106510615,-0.12874691747935157,,0.1939740699408909,0.4666666666666667,0,5
0.95888329157572416,-0.15734790935219292,-0.23618735901694485,0.17679305736357312,0.98220343912816732,0.063408351443962549,0.22200686476986575,-0.10255749405721067,0.96963648467235386,5.040533135517264,-20.370943773407262,1.316360871283911,,0.08754191444684553,0.2142857142857143,0,4
0.93140974969619983,0.30019659320340419,-0.20581030975131584,-0.27644910531622091,0.95128981543617908,0.13646823519508783,0.23675255086423833,-0.070211768788933399,0.96902968849401394,-7.8854731741378963,-21.808379655038326,-2.0475764550832483,0.2138892880059879,0.2126583172414991,0.4468085106382979,1,5
-0.70164997483237779,0.71225439030581639,-0.019519126717474286,-0.70148277371960777,-0.69532360563782025,-0.15635536964705093,-0.1249369080470967,-0.096014410027402075,0.98750797570182691,19.746405696916341,2.0407027503359552,3.8703178653810655,,0.3354214012756787,0.2972972972972973,0,5
-0.97297482240650335,0.016672019467731412,-0.23030857285368467,0.018629477255396341,-0.98847120449131487,-0.1502585121338556,-0.2301585052528454,-0.15048827747820415,0.96144700363640367,-14.714147582015855,6.1259081170760199,-5.7619597216570568,0.1300805051909484,0.1385801044985417,0.3561643835616438,1,5
0.31463444784429656,0.93776687863630492,-0.14696409616786196,-0.94510582871717652,0.323882730269344,0.043300687732352496,0.08820508349598713,0.12527273592445096,0.98819360698168279,-9.5195789525363761,18.999407089421791,-4.8733041770804242,0.144247375108044,0.1574594839619506,0.2903225806451613,1,5
-0.63753413666050729,-0.70727989197917551,-0.30545929187776921,0.74911900257845687,-0.66169137626972763,-0.031388573496296132,-0.17991927236513675,-0.24883664716476217,0.95168764752906188,-22.49310011747075,5.322516114225774,-8.0190575542821687,,0.1465431792285171,0.2093023255813954,0,5
-0.31501043590402605,-0.91702447517400032,-0.24461099158338276,0.94447323016243878,-0.32827380079445034,0.014374603246530662,-0.093481242921160529,-0.22650038331935757,0.96951474128973392,-17.817023725331847,7.9808505255440592,-6.6980641863064303,,0.07834490865941697,0.3098591549295774,0,5
-0.50113986764638574,0.8574321556321014,-0.11691420590951525,-0.85967967727158456,-0.50874521641621018,-0.046142792068201093,-0.09904385665748712,0.077384774094862704,0.9920695092566344,8.8444328785417667,3.2455272190476245,1.0931226212192833,0.2570763344373406,0.1288458799723788,0.3888888888888889,1,5
-0.89231952924553215,0.43237280462410871,-0.12969046051469735,-0.40270635012610889,-0.89229725114987912,-0.20404217985131787,-0.20394473098155752,-0.12984364987111213,0.97033353713710613,-6.4596943899866517,-15.501102459820817,-1.9743318058395776,0.7418448336913098,0.5791139837157097,0.3837209302325582,1,4
0.39784470273018585,0.91091749014594159,-0.10931110948000367,-0.91097131026348099,0.40635761036408607,0.070744359323038436,0.10886167547106608,0.071434016024642111,0.99148692223761792,-34.060861415724567,6.2272628525688472,-11.41855921249857,0.5986897352375214,0.6105077661190419,0.8113207547169812,1,5
0.72003696352678481,0.67120280549567068,-0.17616346116567141,-0.66966581269423398,0.73864227360533263,0.077170531627794067,0.18191885681176398,0.062405012121513954,0.98133131204421209,-22.195137483013326,9.6572941631606994,-8.0574864493199971,,0.0852069167286806,0.15,0,2
0.59405479659366311,0.80381452207318438,0.031322719363435766,-0.78880085368333575,0.57443821491348879,0.21866401275803518,0.15777234191233652,-0.15460579339489036,0.97529735813044915,-22.031479557271631,12.329695262063073,-8.1164116227290339,,0.3625384189899301,0.2978723404255319,0,5
-0.83549083359864829,-0.4653220914518828,-0.29228482372419323,0.5118618198828474,-0.85251093526202504,-0.10593669149491353,-0.19988132558810187,-0.23811857648137075,0.95044568451628519,-6.3462607535080187,23.487868684844393,-4.3450292547475913,,0.2873275158921467,0.1764705882352941,0,2
-0.85486069107562268,0.49457810955649956,-0.15686201707624883,-0.4958934121008477,-0.86773938374418358,-0.033437789015497973,-0.15265294850964772,0.049202189451132958,0.98705431555944612,8.9148432714270065,17.49338026123473,0.34524388662877636,,0.2125008241438207,0.2857142857142857,0,5
-0.48348066789528316,0.85855861933842637,-0.17065620683474889,-0.87040147538438206,-0.49223125675237195,-0.010471939871396723,-0.092993093400642643,0.1434764337292857,0.98527498574971628,10.448348466763951,8.7190488506652386,1.3042524412016869,,0.08155771981389637,0.2758620689655172,0,5
