axis_00,axis_01,axis_02,axis_10,axis_11,axis_12,axis_20,axis_21,axis_22,location_x,location_y,location_z,dbh,dbh_approximation,score,reconstructed,number_clusters
0.90155946188395464,-0.38553118745556136,-0.19635742967002745,0.41822327652361246,0.89280676261348302,0.16728830086257165,0.11081438381983139,-0.23294159811149476,0.96615650088787064,-13.789467396352686,-8.3816900768370921,-4.5937950392877429,,0.07981151208995739,0.25,0,3
0.4076792598344734,-0.86773586772994582,-0.28430983970973389,0.91287886073667868,0.38007819698578488,0.1489723121796093,-0.021208647314716455,-0.32027336453566263,0.94708772838005184,14.454475044488333,-9.1267143678518217,0.5278550593353929,,0.3614014634003719,0.2638888888888889,1,5
-0.98490298176676305,-0.025504594671241103,-0.1712180836173457,0.019759203679669719,-0.99918574675436889,0.035176943483777548,-0.17197584242237629,0.031262743538775555,0.98460497179810313,-13.656692878347666,4.3023147259173724,-6.47415090108505,0.1717959523438193,0.1288387712445972,0.3870967741935484,1,4
-0.98389401601437276,-0.023673635957415076,-0.17717822725059698,0.02241699490827901,-0.99970737147065691,0.0090911916992038842,-0.17734160140923105,0.0049729656931517081,0.9841367923321549,-4.6678242817846325,-16.997973049904772,-1.8227702733240385,,0.6780819551895373,0.8305084745762712,0,5
0.98410515344212102,-0.015621535694816743,-0.17689831709543063,0.058321379001445926,0.96930322904739219,0.23885113964490332,0.1677368883699398,-0.24537159122611349,0.95480737245746872,-15.650187805182835,8.8594011762443134,-7.4439558943463906,,0.3320325750700025,0.2105263157894737,0,2
0.36304118472222668,-0.89693197509168965,-0.25241658078185536,0.93142155439567798,0.34189370408290792,0.12475008262766236,-0.025592698228629609,-0.28039566181841996,0.95954326980641613,-3.7612393836723683,-15.881933937625936,-1.7803443948769995,,0.3765995561572806,0.3333333333333333,0,5
-0.083546166011172457,-0.9678447442867395,-0.23726902263331542,0.98714552121475696,-0.11293623806718414,0.11308901837436561,-0.13624888289626053,-0.2247708991123348,0.96483899424813502,-14.921397423840576,7.8158158241436393,-7.1574076973792096,0.2507655460178896,0.1848706547646846,0.8148148148148148,1,5
0.41355085171051015,-0.8647404687884197,-0.28495546088660118,0.90995981252984315,0.38196173304076964,0.1614879997806149,-0.030803126954315748,-0.32608151761802656,0.94483967488551202,7.9964624260648218,6.4205879480968253,-2.8003440686603684,,0.2261754898954397,0.2352941176470588,0,1
0.61152946811364706,0.78676074225730008,0.083900203047333241,-0.76536852357050089,0.56132759540761146,0.31483702730368596,0.20060591406075956,-0.25674669438310727,0.94543027356182929,-19.606768286234871,9.822732126629532,-8.4206523562332016,,0.3945588967225538,0.7142857142857143,0,2
0.47490960536023763,0.87806518475364526,-0.058842145271321138,-0.86168699704329088,0.47754985614622986,0.17158570459461897,0.17876349141561337,-0.03078418779605889,0.9834103659808745,8.2196318400179322,10.833175303080688,-3.4972449961023453,,0.4666365991134403,0.5178571428571429,0,5
-0.15413085491594564,-0.96322937644211226,-0.22007464170553667,0.97934049208676666,-0.17844403089075056,0.095131111623442094,-0.13090408749206664,-0.20086536834009353,0.97083326255308577,-11.680752747761328,-14.224125016309396,-3.4130562639503794,,0.1186082632930969,0.5609756097560976,0,5
0.90617024736298446,0.38576772754733207,-0.17331688658949554,-0.35449773045297006,0.9163432986531943,0.18613521460776053,0.23062272632549055,-0.10722975051892548,0.96711681750750633,-6.2193301431859522,6.5161045080685174,-5.3935524759452731,,0.3112437238230228,0.2264150943396226,0,5
0.94531243182111779,-0.25439825154985896,-0.20412235510305557,0.29594666637535938,0.93208030399429942,0.20890638469708137,0.13711300779194868,-0.25789113306639266,0.95639541329931921,9.746489734883351,-13.002204459409157,0.21331421529554559,,0.1491551099001468,0.45,0,3
-0.95837982848613423,-0.16416743075350007,-0.23357473971019116,0.17967756650335459,-0.98262111572310218,-0.046601663387903766,-0.22186499599152942,-0.08663023499264931,0.97122146081045668,-9.2454003062526038,-10.85557676271058,-3.4756685478069236,,0.2312724621428666,0.2307692307692308,0,4
-0.38345363446642933,-0.85433338821032634,-0.35082441762732181,0.90458633765234764,-0.42402641076734904,0.043876653296166558,-0.18624410848990253,-0.30052631292587828,0.93541277909379539,-1.1308961943969125,-15.045873196983004,-1.4356700295524787,,0.5633452742915811,0.6590909090909091,0,5
0.95164168663061599,0.28250003822593805,-0.12071382965170048,-0.24613069508753518,0.93625240115926922,0.25070126098452161,0.18384172867595375,-0.20886639204488106,0.96050874492197647,-2.7152523248338527,-13.212605509239951,-2.0410712705408147,0.6846682175551575,0.2854552485588295,0.175,1,5
0.050915833590965548,-0.96576459724744101,-0.25437437094413523,0.99662466630591007,0.032710828522283721,0.075294596140883102,-0.064396058888491328,-0.25734945968638273,0.9641703185634557,-5.088819235325504,14.818060264302021,-6.7056458384547684,,0.1418952266511419,0.3333333333333333,0,5
0.97822592763377547,-0.071026854471906237,-0.19501082136349979,0.14025828627157561,0.91881708924939165,0.36892108862931211,0.15297597078365247,-0.38824005775692777,0.90877280434424135,-2.7951101741253219,22.778166081664779,-7.4933421577829176,,0.1526373538233312,0.3333333333333333,0,1
-0.10015393957935455,0.99486042366463168,0.014897174650403288,-0.99340695241630605,-0.10082463650311657,0.054562070753975359,0.055783647045369894,-0.0093343505314524601,0.99839924610472008,-0.92887616840099752,-16.85172353549935,-1.143468225350091,,0.3306887255696258,0.1,0,5
-0.76497506952779659,-0.55894543621267645,-0.31998928472366639,0.61201451489392589,-0.78561490762557717,-0.090815474868595231,-0.20062745714406932,-0.26530966106321247,0.94305853857882405,-15.424208414230272,5.488723348735129,-6.9605214829915383,,0.2060121723971537,0.1923076923076923,0,1
0.96231059416824571,0.2237787306755534,-0.15453608008745914,-0.20432329175720898,0.96993650595911396,0.13219367175975172,0.17947231763438581,-0.095636050237683276,0.97910338223186533,-9.4274133619930289,14.889034320250634,-7.5697026879441882,,0.1867037690275699,0.6233766233766234,0,5
0.29794033782809243,-0.93640802086639996,-0.18539572150390896,0.95285965771579817,0.28006909076924119,0.11670380068113928,-0.05735876386930517,-0.21142687353494904,0.97570930576407955,2.2297447483576875,4.2795348253819894,-3.5388558173183395,,0.1733975423498018,0.6357615894039735,1,5
0.20241467071586039,0.97044638620655477,-0.1313853590687688,-0.96821197236064982,0.21844534681987388,0.12184911583694849,0.14694855445526131,0.10254482898413013,0.98381435260526928,-6.9269678119193649,-4.2333793834911866,-3.9896004405720835,,0.1802317428437424,0.8484107579462102,1,8
-0.55214375093183898,-0.74299327393521009,-0.3782833239702183,0.80881060272512872,-0.58746295759766554,-0.026696111514918342,-0.20239240901361177,-0.32069965440835912,0.9253048386537408,-6.9686470295410885,-0.89030322931045069,-4.4143546480976337,,0.4979105131807431,0.2766666666666667,0,2
-0.98551641373463472,0.014718471484180193,-0.16894012210483203,-0.003926790478861567,-0.99793986973924276,-0.064035901659616132,-0.16953459403956844,-0.062445039690869536,0.98354391790191331,1.2045921881516561,14.071159847303994,-5.2284794249804341,,0.6838393132134555,0.5142857142857142,0,1
-0.40044060157486883,-0.87949986613441833,-0.25715230910862485,0.9003922052249278,-0.42976839491841734,0.067771701317282038,-0.1701211373714297,-0.20439939383175215,0.9639915385627944,-34.215175958011635,5.8789773140077841,-10.591190286729358,,0.1541031460682888,0.2142857142857143,0,1
-0.40716051650578039,-0.86522471962627223,-0.29258588200113977,0.89773241341121301,-0.43810462398575001,0.046269345718126152,-0.16821660949390504,-0.24382477927795476,0.95511918067874191,-14.822854199842835,4.6390218832500683,-6.7189138859024506,,0.1965910569781626,0.1923076923076923,0,3
0.97056654111280871,0.18945755240532033,-0.14868229588253951,-0.16117237836688261,0.96970835685095136,0.1835460898657055,0.17895265777260791,-0.15418021432730111,0.97170181011774714,-5.3247651874817734,-5.9758664923438554,-3.4736964043362244,,0.3401557404614442,0.2439024390243902,0,5
0.91482745659077369,-0.35413836839839841,-0.19410497339268898,0.39477886611382157,0.88548963466292463,0.24506683532131793,0.085090372766498265,-0.30082241095477041,0.94987657383989488,-1.5097867056652827,-12.282400611825494,-1.9670855026235585,,0.3202808044702166,0.2424242424242424,0,4
0.62898747003574562,0.76304448468086228,-0.14878802685750672,-0.75449153291685878,0.645290095104324,0.11976318264400813,0.18739607598560229,0.036929765208711343,0.98158998728941216,-3.9138628353642004,-12.880349843565574,-2.2931555179513787,,0.0869790231606761,0.3,0,5
-0.72426876588535283,-0.66139006632097497,-0.19493059004385455,0.65944172677465185,-0.7470049081931418,0.084381728613616605,-0.20142334460378278,-0.067430314453464299,0.9771805303736526,-20.571586751442968,8.743979859303689,-8.4142091502728071,0.1998736013863659,0.1311073175752498,0.4666666666666667,1,4
0.91033145751984801,0.40071216326358211,-0.10356833329937136,-0.36354846634345661,0.89378565278867206,0.26263990460028697,0.19781089471793517,-0.2014372584249185,0.95931948841308434,-9.3249633682481861,-0.69975538743418708,-4.9364306954935628,,0.1881192044022109,0.2441860465116279,0,1
0.76598792111423997,0.63410479307858669,-0.10570532674301673,-0.60822650900857622,0.76810118315096187,0.20020261282344223,0.2081418229148714,-0.089060001329751615,0.97403557312698741,-9.0610490283389318,6.7064452284281106,-5.9408167704628081,,0.1719583691150285,0.1319796954314721,0,2
0.4219723446101476,-0.87393597737838413,-0.24119545565350958,0.9063305760470699,0.40005100146704459,0.13610320770430767,-0.022455006265910692,-0.27603460592632928,0.9608853568582959,13.473663665689406,10.536521955491869,-2.3988267185756622,,0.1478692487708883,0.3548387096774194,0,6
0.44956736599649105,0.89021629907306177,-0.07351274920473283,-0.87917770403046958,0.45553453780858139,0.13976712631815166,0.1579105701550382,0.001796031231034416,0.98745178419258905,12.999591448836904,-12.024943501596953,0.65601436219094411,,0.1703490456909724,0.3333333333333333,0,3
-0.21075408628676739,-0.86748948451355001,-0.4506048261746039,0.9602284019113364,-0.27008040246964843,0.070837789100404461,-0.18315056995879245,-0.41775419861474472,0.88990858983578802,-7.1021506716320282,5.3469670637896654,-5.4337727164035874,,0.08038096871374809,0.2621951219512195,0,4
0.45720151026354655,0.8885198343615871,-0.038720575393336926,-0.8797916517219001,0.45822241768253608,0.12648662179702275,0.13012850791884104,-0.023763835532806529,0.99121231406171828,-11.604041946717443,12.170230822608005,-7.3354842440298738,,0.1280105871756187,0.1428571428571428,0,2
-0.96025339349037309,0.26542433283025318,-0.086390646668711768,-0.24239493317239078,-0.94640808751252548,-0.21343951898192795,-0.13841284861809416,-0.18401536738136709,0.97312909107935164,-8.3069541772969142,-15.906865931120082,-2.6053935165231432,,0.7480094805215438,0.6885245901639344,0,1
0.060096685031366608,0.99730965359467605,-0.041974317089253151,-0.99083775870859947,0.064696320585997988,0.11855345638130534,0.12095009039087574,0.034465068540512428,0.99206009630714265,-11.937098333680471,-5.085389973854725,-4.8341364990057034,,0.08536221238818072,0.38,0,3
-0.9609012436826978,0.25057651979656886,-0.11781429291764574,-0.23036339099914488,-0.95953356581411287,-0.16195074610334217,-0.1536278229241701,-0.12847857332136686,0.97974065355117634,8.9061388769191634,2.7450458978389274,-2.0910084528737296,,0.4281911346250095,0.1,1,3
-0.95273778208028848,0.2580444542274809,-0.16032397898996473,-0.27254136558161046,-0.95915151032051482,0.07582601332515751,-0.13420850436408305,0.11593722392880332,0.98414767055764485,-3.9902764526936982,3.0562701658065103,-4.5285839088565467,,0.357596816823872,0.9072661581694099,1,4
0.87398743667691214,0.48486732460722859,-0.03239811814209366,-0.44269144662359217,0.82191473601064824,0.358441696534957,0.20042515714658138,-0.29893116976450518,0.93298977064381172,5.0910018306609262,7.0915490105241759,-3.5173917854207839,,0.7197150752314422,0.2553191489361702,0,1
0.91828139261078423,0.36495515055938815,-0.15351554339861576,-0.33743765349188021,0.92422473354518309,0.17873016507917319,0.2071113564986036,-0.11232266015149875,0.97184798503973768,14.409876854040213,-4.9707653382067818,0.0058631493887086874,,0.116971423867167,0.3157894736842105,0,4
-0.970664570188428,0.19150944508769749,-0.14537683661132889,-0.20125013318386212,-0.977971311903027,0.055412065366220307,-0.13156244173164519,0.083043636341833815,0.98782340445483097,-16.981670733135182,15.090384981379596,-9.0426850428941634,,0.100626607778797,0.1666666666666667,0,2
-0.92878085756227535,-0.30694522936950874,-0.20772757350237878,0.31968741306274068,-0.9470486867515201,-0.029979040202714927,-0.18752620231620737,-0.094251849263147086,0.97772721776339,-4.4820659609823448,6.4557469629981661,-5.0612162258907931,,0.07344194329455245,0.2155172413793103,0,2
0.67880617489946005,-0.6990941978084344,-0.22469864153782274,0.73357512535390001,0.65934817534447976,0.16470433853396971,0.033010791877372443,-0.27663565616254931,0.96040772662403229,-10.407482172649649,15.376175493184641,-7.8833900186969661,,0.09529154106038872,0.5454545454545454,0,3
0.98632403784291289,0.016485087881041978,-0.16399126272703579,0.030728661571444525,0.95914690011050574,0.28123473001469107,0.16192789052933707,-0.28242780650276428,0.94552307871503416,12.829652200426203,1.1053144876896277,-1.1738814223338132,,0.1452147081934143,0.3157894736842105,0,3
0.05834835442423067,-0.93278006867577612,-0.35569201989529947,0.99184075159644303,0.013712400630532978,0.12674341616648147,-0.1133463409580852,-0.36018511011723037,0.92596938040156107,1.8817961410270228,-14.469358775865391,-1.0198635027789065,,0.3973853387120059,0.2727272727272727,0,2
-0.38550882711490958,0.91417657019859389,-0.12515647293058513,-0.92206164149696468,-0.37661900151618993,0.089221393044904812,0.034427801213726711,0.14979761746064518,0.98811709847907403,-12.163310027166952,6.4861994406145609,-6.4804312574402845,0.203637387019162,0.1483333040838105,0.4821428571428572,1,5
-0.25641217128116478,-0.89363863665629817,-0.36832429392310095,0.93699352833627281,-0.32335355340912858,0.13223315527367424,-0.23726762584646979,-0.31121128927589053,0.92024540593931614,-13.179572011445373,-4.6988854877120856,-5.0787426626602272,,0.5746811609567974,0.4523809523809524,0,2
0.046921256561247078,-0.96137015201737119,-0.27123020940302711,0.99288649756713432,0.015140582978588347,0.11809811893479653,-0.10942942306154453,-0.27484212478651215,0.95524185828053632,-15.705693253643547,-10.530756328560257,-4.6732738543767782,,0.1380096846977754,0.5,0,3
0.96981379584590066,0.204235101071195,-0.13322621692972467,-0.17939177186511787,0.96763210222723572,0.17750128711193966,0.16516595767306527,-0.14824350990765325,0.97506105870155624,-4.2773663600631338,13.19842197322683,-6.2503678729218297,,0.2852488366672688,0.2666666666666667,0,3
0.70552827229697357,-0.65601257778936362,-0.26809952400517512,0.7073090435699888,0.67536350749199436,0.20880145984216247,0.044088250971829918,-0.33694455112119637,0.9404916775793285,-18.119568612990793,16.96499210478331,-9.7482008105611477,,0.2867655546672734,0.6190476190476191,0,3
-0.17318957629322942,-0.96003170911808799,-0.21987380051105218,0.97504325059510866,-0.19861817026567738,0.099204243403384518,-0.13891015129318376,-0.19720532428947421,0.97047103508532773,6.8976331784536038,7.9293599171751028,-3.35921795722762,,0.1139458756195295,0.3720930232558139,1,5
0.37196872188435426,-0.86060695078905658,-0.34784327820626737,0.92504693398553206,0.31259551188201457,0.21580596811763153,-0.076989868578188972,-0.40204442814791502,0.91237757421559251,8.7259843547016569,-9.0904783033937751,-0.48794149262758574,,0.3911524292999767,0.5,0,3
-0.45207416519267091,-0.77147263311733949,-0.44772639582266011,0.87442186418804058,-0.48240545191804568,-0.05168542724655116,-0.17611176166077647,-0.41486739605655387,0.89267557998076352,-16.701452777717453,4.845489786629356,-7.0990136280732647,,0.3304448899417782,0.4117647058823529,0,1
-0.98592136062073865,0.05071380470255283,-0.15933355165923252,-0.060093686858618323,-0.9966977586689556,0.054610682691399536,-0.15603787832283642,0.063416779143013371,0.98571318985374035,7.8154114279007763,-11.80357766514137,-0.30211237615037412,,0.3108656624574594,0.6914893617021277,1,5
-0.31082484503097901,-0.89879634549471132,-0.30911655574688818,0.93710990593773502,-0.34412909869146519,0.058311127815959617,-0.1587858303024462,-0.27155163921278569,0.94923483255515384,-8.3542500616017907,-7.8213517484461512,-3.7771054958728345,,0.07893675743542999,0.2727272727272727,0,1
-0.049675649048680756,0.99871633259609849,-0.0099003483469614142,-0.99334543629473948,-0.048372363878987738,0.10452252678333197,0.10390945136995886,0.01502669020635241,0.9944732397090611,-7.6174309576469295,11.397428777720652,-6.5470334112647608,,0.2290185360159673,0.2105263157894737,0,3
-0.66084929997930009,-0.71708178681342216,-0.22152181323142794,0.72229213612578158,-0.68784600995909106,0.071846619086873523,-0.20389279734145918,-0.11252367574794461,0.97250508974937844,2.1091570557764494,-13.392562940529308,-1.1291587007399457,,0.2078246648029255,0.1875,0,4
-0.93901818946621851,0.33247314985233473,-0.087786357020067721,-0.32343339571761642,-0.9406444137513682,-0.10285390324591173,-0.11677190752128526,-0.068188646456830065,0.99081513417399325,-9.7599355632574092,-4.773933261225114,-4.4680198541312892,,0.07688305863679581,0.5,0,4
-0.97726450335410397,-0.092304165855003006,-0.19087700607949079,0.08090037879439578,-0.99448697013354126,0.066714278423240694,-0.19598270126462977,0.049755474074944711,0.9793442569416525,11.283793620889943,6.8834027116665952,-2.3220116955318622,,0.3123236030462252,0.1875,1,5
-0.71589202287468212,0.69574358189912278,0.058647078619262355,-0.69674166099020929,-0.70641441440538022,-0.12461834921434342,-0.045273274953330493,-0.13007514507576803,0.99046998299217404,2.2001529422302215,12.623318887511999,-4.8875344933805067,,0.4634035941228022,0.38,0,1
-0.062284164670577742,-0.93146377879762243,-0.35846326397462752,0.99387309762676201,-0.090742172856712128,0.063104071810211687,-0.091306892648223101,-0.35233661015185119,0.93140859159749489,0.078536011094977626,-5.2099958927404666,-2.579428267374595,,0.7461997819057529,0.3297491039426523,0,2
0.63875703668336836,-0.74069649564383522,-0.20822619774760251,0.76930523003106277,0.61927203708720169,0.15707198072450923,0.012605995967600267,-0.26052033591028761,0.96538605927517662,4.8741857805992712,8.3802489970196916,-3.8149297004991873,,0.1635493625521845,0.1818181818181818,0,3
-0.43523668286424239,0.89250011311615485,0.11837473538294661,-0.89993056517586756,-0.43512075116404958,-0.028194144226724192,0.026344026867108766,-0.11880016832515422,0.99256864359818464,15.394123152836505,-5.38975160122079,0.2647254138803124,,0.355407428931217,0.1956521739130435,0,2
0.15759350607303702,0.9873918107805878,0.014889554964489867,-0.98059773932368866,0.15469342238309045,0.1204077186258387,0.11658627911070826,-0.033576138474216262,0.99261285627795515,-10.144843802291611,8.1076708091568594,-6.3747581194180594,0.6662656098238154,0.3604875668713223,0.3473053892215569,1,3
0.31709201167995948,0.94031446920285833,-0.12353685740095645,-0.93463576769252343,0.33193686194310995,0.12756920252619494,0.16096160374003779,0.075010790497825358,0.98410606310007387,-8.7148870376882996,11.535468430268105,-6.7439898968498415,0.3587880660585302,0.3481969438654246,0.7887323943661971,1,3
-0.041041910544410698,-0.97884435421550864,-0.20044772834653982,0.98934496124116922,-0.06785958762541397,0.12880847811389665,-0.13968575176292683,-0.19302540399577553,0.97119981680738243,12.554945622230296,-5.7235803737745803,-0.23840103043056091,,0.1512714100460057,0.1428571428571428,0,5
-0.97239321616269159,-0.098496172367721749,-0.21154180955472188,0.14371384043606633,-0.96700273282814742,-0.21036170461852763,-0.18384168522915312,-0.23495578037538006,0.95446216061209166,-19.615811316590968,5.7303962263908659,-7.7734566366149007,,0.5541311006988747,0.2105263157894737,0,1
-0.39599511312042518,-0.89420744150989151,-0.20876044149473069,0.90170987339470876,-0.42163790555945563,0.095607430767346402,-0.17351419137130844,-0.15038127590816858,0.97328222898036665,12.019220805977232,-14.21452893131274,0.781556256499366,,0.2706662168110067,0.25,1,5
0.347080623912777,0.93449105216940553,-0.079129728418815326,-0.92347175118436642,0.35525662132619779,0.14488843214133762,0.16350830336346198,0.022786101448307172,0.98627877819204324,-26.481400110147394,9.1316735031223839,-9.5144765346433591,,0.2855796020436419,0.4615384615384616,0,1
0.96316329595794592,-0.19952892769092653,-0.18029052203023443,0.23235807171580172,0.95498341317648561,0.18443537368493973,0.13537426575217229,-0.21953334045720255,0.96616712871001831,-2.0691761862415943,-23.557850517791358,-0.50354554450877465,,0.283333706115012,0.1666666666666667,0,5
0.98465186207548383,-0.019411322173919186,-0.17344714204258993,0.06302677633356632,0.96628048622191265,0.24965906234651802,0.16275237625386804,-0.25675907485073285,0.9526733131066043,-10.603753299618059,-0.43800713127788526,-5.1572135103861632,,0.1036987826518572,0.1343283582089552,0,1
0.70569587293388958,-0.65541318438869156,-0.26912244918168765,0.70724892843523002,0.67433538785495228,0.21229869974573473,0.04233542430747729,-0.3401548800414092,0.93941597252373743,-11.163050236468209,-1.5080350644708218,-5.1510242953578604,,0.4049443581147805,0.8792184724689165,1,1
-0.96004898491017032,-0.22665785144187686,-0.16411022196287425,0.23546312659207411,-0.97121288300645447,-0.036092269224532562,-0.15120536560729791,-0.073292252401214675,0.98578150882917237,10.650715190865057,-10.847057676912572,0.1290288848371029,,0.2864594557038632,0.2,0,2
-0.45248183044745827,-0.85856145031889131,-0.24110667585373655,0.87974634812485597,-0.47400923797803868,0.036899935941104967,-0.14596765421111696,-0.19541616703282308,0.9697968682081326,-2.6164536920375761,-15.696359893386271,-1.6002668888688907,,0.1281200417405083,0.1111111111111111,0,5
0.98532626075562935,0.010209392706938433,-0.17037584384496929,0.04339993183442422,0.95041404262663665,0.30794414021841909,0.16507151717391208,-0.3108197482121261,0.93602482784339303,-31.410886692317565,5.7600049972807819,-10.018315196787611,,0.2566693668312911,0.1666666666666667,0,1
0.83542495190934851,0.54332102213528344,-0.082869877718835611,-0.51093384797178043,0.82332292364903836,0.24715575330295306,0.20251358651708629,-0.16413905781340263,0.96542561441890251,-8.3986789392560794,-14.329053017653679,-2.82782901252514,,0.124339472876041,0.3888888888888889,0,4
-0.84899633233108374,0.52207785330565659,-0.081485844022918877,-0.52299194122343007,-0.85226144365187573,-0.011395660567547025,-0.075396665070269209,0.032941565721438512,0.99660934981772231,8.7559823911542285,-10.781722651228272,-0.23504131236505679,,0.1640150510135166,0.125,0,3
-0.86071019232860113,-0.47121901271120081,-0.1926930379674997,0.46335963118403267,-0.88189745260446706,0.086917980181029142,-0.21089290412591,-0.014474983565924292,0.97740199398205974,-3.7200087580323027,-8.3034062150087546,-2.8482768313730382,,0.2598699196901772,0.75,1,5
-0.98411251569653568,0.077232572846867034,-0.15986771450449011,-0.089068813117674825,-0.99368530524440402,0.068236798511831093,-0.15358809517421743,0.081391915033305923,0.98477715915224506,-9.1436566569890463,12.932670217918519,-7.0312666891537452,0.238841193085262,0.1903866422860248,0.7692307692307693,1,5
0.42331088456881755,-0.86655154747222651,-0.26437910390016695,0.90552979776958831,0.39543898430429358,0.15376538961599084,-0.028699832001845338,-0.30449371958363697,0.95208187377829412,4.758686514257259,-8.4330734253148485,-1.2782190489584622,,0.07721164626747569,0.3214285714285715,0,2
-0.95798611511477083,-0.22710983193827536,-0.17516771244803483,0.21538333470369622,-0.97295026420323361,0.083533241998461738,-0.18940069265772141,0.042295479945572478,0.98098851675080723,5.6276786035415425,0.82749656683114681,-2.3909705368754501,,0.07533489973230004,0.16,0,1
-0.83902953033893268,0.52432726576102429,-0.14529406594489186,-0.53714939112596327,-0.84075700851334079,0.067809912613907314,-0.086602418166223299,0.13493913818928491,0.98706202953638911,6.0228031446224684,-4.3360786110772231,-1.6320793109904794,,0.1011920483907276,0.4166666666666667,1,5
0.42442741943731593,-0.87290541586803527,-0.24061899463266456,0.90491311163308497,0.39966754088114193,0.1462809528289655,-0.031521834088610853,-0.27982493047309837,0.95953341904355616,-22.538105869283363,16.589088485708647,-10.486751024342571,,0.4128372234636266,0.8181818181818182,0,3
-0.76526908388128256,0.64162939945690423,-0.051719851199274212,-0.6409028281270206,-0.76696398897275009,-0.031777421509523965,-0.060056591264317206,0.0088291206572207511,0.99815592593248204,-10.852430355235734,9.1400578982969325,-6.7085699103192074,,0.2046258253293822,0.1527777777777778,0,1
-0.97921139764400422,0.12322168511197798,-0.16112558779486827,-0.1318316665455877,-0.99030203381992754,0.043843967748477784,-0.1541604697057265,0.064173967699380427,0.98595955872937791,16.774062101327772,-6.8940431193508074,0.72112706653870928,0.4514910877719542,0.2567319366381372,0.8214285714285714,1,4
0.9168516242933723,0.39736002736570103,-0.038575998788540157,-0.34718188876765682,0.84129775612106972,0.41434625816745918,0.19709854170522545,-0.36650115170021191,0.90930141903556416,-4.2223194740366576,9.5956074448934228,-5.6492198636929984,,0.2042143930852465,0.1794871794871795,0,1
-0.96514341743027976,0.20194196020427127,-0.16648612104274027,-0.21851150933773444,-0.97186743449642776,0.087900000297369205,-0.14405174097506288,0.12121524027195939,0.98211809954193641,5.2170647696819241,4.4191068117264489,-2.9841417699136086,0.3094359580587589,0.1844437365749295,0.5689655172413793,1,5
-0.58848583517553255,-0.77535740769496531,-0.22914037647324167,0.78513477163369305,-0.61569474069616947,0.066958021556679084,-0.19299692269428545,-0.14050222991689346,0.97108769491684721,9.9247373101592196,-8.8255299206721158,-0.27590137756040567,,0.157341853347465,0.1333333333333333,1,5
0.7731026143782086,-0.56316422399928401,-0.29181912968286144,0.63198719849659157,0.72303063603748063,0.27896035612191483,0.053893678460541286,-0.40009093486171365,0.91488945521492993,11.668025068552517,-7.8710619884038993,-0.14195910417293164,,0.1337286266523491,0.2,1,6
-0.63904718306526109,-0.70348006833778942,-0.31102168938486285,0.75263149323823397,-0.6553023605232503,-0.064223451157987929,-0.1586333294183197,-0.27512653406044896,0.94823038184480424,-12.531878489451103,9.374266697028883,-7.0234393803315296,0.5159505114205292,0.3401563252676542,0.3524590163934426,1,5
-0.96544888585577182,-0.19228416345878108,-0.17588419281676945,0.18325850900951343,-0.98082308105225902,0.066350603243411854,-0.18526944614657825,0.03182584104326739,0.98217225992512602,-6.1493674307604103,-12.60130260813261,-2.6666317912550315,,0.6315801886456524,0.9376693766937669,1,5
0.64726477878493904,-0.71774342653602563,-0.25669569495573785,0.76015773298103118,0.6327989261376632,0.1473965402177396,0.056643862276716583,-0.2905338065412445,0.95518667291950365,1.5559293002450159,-6.8727341257301742,-2.0824582619007939,,0.1738836878140405,0.2521739130434782,0,5
-0.89449718643537679,-0.36160594030893661,-0.26289908214462099,0.40723117412954285,-0.901685137021771,-0.14535021324753281,-0.18449269437099192,-0.23707605869703324,0.95381202976079704,-2.6576588800084791,-12.066552380970913,-2.1746498120907201,,0.1986327527224699,0.2413793103448276,0,2
-0.98406468745500419,-0.051768054751635539,-0.17010808155791851,0.040368053461454848,-0.99674341648477127,0.069806747195366933,-0.17316786989455318,0.061827422730503713,0.98294977421772933,8.4627054932562871,8.5301219485034032,-3.1131402921397555,0.1282601446945759,0.1089418217433838,0.6923076923076923,1,5
-0.50578661103109168,0.85901844382177228,-0.079165758227307564,-0.86260542899241544,-0.50260214498046774,0.057471364468269677,0.0095800821757970438,0.097357059502915233,0.9952034088519045,-15.316455980277707,-3.2922214958048137,-5.6411802470455861,,0.1434488259043878,0.2083333333333333,0,1
-0.98544509789279955,0.0033709550330025873,-0.16996057101933096,-0.0059525249601290542,-0.99987449584938415,0.0146819616039387,-0.16988974802986373,0.015479961631282069,0.98534148613678285,11.486891693609085,2.0126616511533593,-1.5001895289394263,,0.8293957257131938,0.8289473684210527,1,4
0.18160938337424223,0.98318446482501365,-0.019140010375654073,-0.97350486162057526,0.18250344414148423,0.13777074173278628,0.13894717079355517,-0.006387566300935784,0.99027919433118394,-9.3429865599752695,4.2970802019158647,-5.7040601816530527,,0.3205920078020589,0.1627906976744186,0,5
0.18124025666063442,-0.90847586295810356,-0.37659471024978186,0.97956993721074637,0.1328324932533706,0.15099094955999276,-0.087147618891868645,-0.39626649512496392,0.91399023920546052,7.8328127466134045,-7.5537526181632311,-0.89535944596259986,,0.3376325075353749,0.2452830188679245,1,5
-0.6256317417813162,0.77961916262144104,0.02790851033498859,-0.77996155051080684,-0.62438779859056848,-0.042424717983746002,-0.01564938977893324,-0.04830981520007676,0.99870979686537542,6.2108764603954318,-7.7379869564074948,-1.1145044588665214,,0.4757647819151492,0.2051282051282051,1,3
-0.93896541058324434,-0.28680247449192497,-0.18996920369772649,0.28437019012933584,-0.95785690203195517,0.040543189262203634,-0.1935911999395761,-0.01595292622230178,0.98095257349726162,-5.4939801705037947,3.6754495688772262,-4.8728517754104583,,0.06735842744066196,0.1939163498098859,0,5
-0.34656935768218217,0.92788441911091135,-0.13755066370965771,-0.93710610797858374,-0.33600061898662953,0.094528971378268753,0.041494851548010143,0.16166041201175227,0.98597367535000613,6.0086985792561558,-8.9733998350323869,-0.98515855752552917,,0.1122030217929449,0.303030303030303,1,5
0.72860302008373523,0.67788629845070547,-0.098019413881445902,-0.65373109668538976,0.73095401748996536,0.19581082079853984,0.20438515687637102,-0.078590016465714355,0.97573065799970649,-4.6715028837044956,10.934978886356008,-5.9694946255210812,0.2921285700715929,0.1557298055385626,0.3142857142857143,1,3
0.98370835258259937,0.061080280714428919,-0.16907713141366953,-0.028987967979494173,0.98209661932173542,0.18613416674334207,0.17741920632121122,-0.17820053205494363,0.96786724069145269,-6.4457845733651764,-6.4738662808470044,-3.6178947533879597,,0.1377019209931553,0.1492537313432836,0,5
-0.057103234041821056,0.99192519456431816,0.11324146347740231,-0.99372618698873194,-0.067396273794480946,0.089252493362676072,0.096163849521533729,-0.10743440169311783,0.98955058656848893,-11.058845588548031,-17.19057921798592,-2.9390153743793004,,0.6235085860658631,0.373134328358209,0,3
0.68965647545819819,-0.69903062754303058,-0.18902414558826597,0.72315012160389669,0.67846009112224992,0.12940558866856849,0.037786869185555655,-0.22593823605398536,0.97340847849500867,-0.79774468912689811,-7.3186894890045151,-2.4462440142078909,,0.07007154662289533,0.2205882352941176,0,2
0.96718706638746743,-0.13310462966378026,-0.21640780063314136,0.1948300539112115,0.93526434283809068,0.29550272267542543,0.16306571897784011,-0.32796915491811551,0.93050835821960098,1.8239331278976354,-17.565923042352182,-0.55938050661892691,,0.6006398781878326,0.4888888888888889,1,4
-0.82908506948677718,0.54462970288932033,-0.12647701089446284,-0.54870375568854346,-0.83601104452416952,-0.0031180004643393266,-0.10743433365267645,0.066813323254415913,0.99196463837593896,0.37013311624772216,6.343027171646896,-4.1799377126484236,,0.1128697664806595,0.351063829787234,0,4
-0.34624076575166884,-0.89101911105610809,-0.29360224090507675,0.92825997606742594,-0.3706958695387923,0.030298335567848795,-0.1358335340149896,-0.26204869020787591,0.95544740043465304,1.1043087878436666,12.367021826801381,-5.0319121331547487,,0.403653418202945,0.3370786516853932,1,5
0.8666249128910527,-0.39744391098560572,-0.30166139623266575,0.48661432891036083,0.806882304907939,0.33488422018000652,0.11030754849825379,-0.43701176602800723,0.89266620922794404,5.2087491407732056,11.721369004223973,-4.1867855364926863,,0.3819154047003673,0.21875,0,2
-0.97523268329281121,-0.13329132269421437,-0.17650676115076233,0.12530236702809147,-0.99055323699500941,0.055709976627780433,-0.182265000081373,0.032213475024237583,0.98272160949691212,-3.3259968860616822,7.1747031716614993,-5.0119848483740581,,0.07329269231409005,0.2166666666666667,0,1
0.045863448293109399,0.99894635945118726,-0.001647740842614934,-0.98923116864984406,0.045646784963947938,0.13906137491812212,0.13899006828665389,-0.0047478375787539306,0.99028239354034575,-14.304686926999146,9.1563384925684002,-7.2976739491921538,,0.4846780817121903,0.3015873015873016,0,5
0.24039865624337617,-0.89882359355771657,-0.36650325201882294,0.97057230629859614,0.21710875889095188,0.10417862093085832,-0.014067136261656819,-0.38076230705891079,0.92456594205095621,-8.1379840657288494,-3.8760969802850735,-4.2503089729896164,,0.284067317207118,0.313953488372093,0,5
0.33540243522029128,0.94112444029787612,-0.042308324503671717,-0.90638437856210807,0.33461448321677534,0.25787692009978624,0.25685125023421512,-0.04814494257531228,0.96525100349988746,9.3425681828008162,-7.4464895600360261,-0.59960625042018112,,0.4865255976076787,0.2222222222222222,0,2
-0.48903259699645485,0.87035219194622127,0.057742367887975293,-0.87209789019564699,-0.48916384331425089,-0.012806416763940181,0.017099385696675205,-0.056619752458292753,0.99824937497619148,-4.8809282466506803,-8.5886566566218292,-3.0440159760739856,,0.3541242768067812,0.3,0,5
0.71489237162798391,0.68802250333881965,-0.12471540356948933,-0.67057047353761257,0.72513763199585124,0.1565587898618003,0.19815180293819848,-0.02829221735448266,0.97976293736266007,-6.074277158240375,-4.5721027867140096,-3.8026446704505705,0.156216660635378,0.1309053142377101,0.5871886120996441,1,5
-0.23319767749065645,0.97021123448290747,0.065643001882290233,-0.97063630686349478,-0.2363341745444397,0.044847717230599139,0.059025443762510107,-0.053257097419526223,0.99683483013139518,-11.4482934314084,-2.8645589759055503,-4.9924556281870309,,0.2148438802680089,0.134020618556701,0,3
0.125115432889357,-0.90423376573694603,-0.40829820640567421,0.98811319560543898,0.076516520460739298,0.13333242203975898,-0.089322120011316064,-0.4201267891931707,0.90305871341730637,-11.889290901510005,-6.8820759657090456,-4.5306806275733429,,0.3444711899254056,0.2456140350877193,0,1
0.90451955589515487,-0.37074644964702669,-0.21069276939979983,0.40213162961846965,0.90599614473359014,0.13214060007532111,0.14189617846730901,-0.20424998360341859,0.96858010444896958,15.222132618676245,4.2515963583838206,-1.1678699791149492,,0.150591290274919,0.4,0,4
0.086805301262350282,-0.97851851473053264,-0.18699293035380787,0.99159323464197557,0.066786533336774825,0.11082606181363075,-0.095956743822492377,-0.19504121434816615,0.97608976432527761,1.5790125666027781,-12.465465515630298,-1.3418298953733441,,0.08427754309911444,0.3421052631578947,0,5
0.43237172602948065,-0.8664938018343763,-0.24948583509469618,0.90151794900272231,0.42090017013408793,0.10054071019752221,0.017890728219223339,-0.26838691876413417,0.96314504810027479,-12.788446095746401,12.332697604123195,-7.571566911072515,,0.1652315364590142,0.3055555555555556,0,4
-0.93831992907452189,0.30551574251866714,-0.16191306857339105,-0.31593253900765295,-0.94783301051535263,0.042417154237182599,-0.14050744285539432,0.090954468008287909,0.98589296744198696,7.7539513736139423,2.2991672800187639,-2.2557142788072939,,0.1197569581889086,0.3,1,5
-0.8657775474502567,-0.4401027135294564,-0.23819916010563241,0.45963472610647926,-0.88757673071490073,-0.030715885962662268,-0.19790188702496331,-0.13607773013046118,0.97073049528409294,11.056137687744862,-5.3230486764080887,-0.54633499851742706,,0.3408751923710257,0.625,1,5
-0.97869701760182926,0.13968023827331055,-0.15047118917983843,-0.1456925857114596,-0.98888557668409449,0.029647709774515411,-0.14465758952088373,0.050938661761731729,0.98816973973702005,-8.4689524787663331,20.401029399233266,-8.3941904528379467,0.250094981195587,0.1731656231105558,0.2857142857142857,1,4
0.42755309228694532,0.90165406154348049,0.064948491730123931,-0.88335352013206048,0.4014490911208341,0.24191979189093843,0.19205444995149068,-0.16080603390545789,0.96812008951029838,-6.5058091209686371,-17.799428175721946,-2.0886862105476705,,0.533240453210994,0.1875,0,4
-0.95097131055663287,-0.25191876953385478,-0.1794171119340334,0.24603187593327155,-0.96771622679297176,0.054713987483364181,-0.18740833098599477,0.0078891037591740463,0.98225041589144724,10.969568255845232,4.2888033761368982,-1.8755444223501343,,0.1045672013019511,0.4117647058823529,0,5
0.98226686095468074,-0.094819378770948079,-0.16174393119907268,0.13828645064694198,0.94894693162320043,0.28350763398960677,0.12660438948831809,-0.30084714785486227,0.94523135908087907,2.9404393863825367,2.9225682684459016,-3.2369215378548239,0.7126687418759529,0.2306466239687142,0.3066666666666666,1,4
-0.8370704853759936,-0.43579380485101493,-0.33075181354888022,0.48920143057113613,-0.86688439433135134,-0.095882256919197106,-0.24493869200179777,-0.24206446769040799,0.9388342934949736,-9.2894188697079958,-17.993904735206648,-2.5281245642484924,,0.6230751678231206,0.2380952380952381,0,4
0.93150876723045273,0.33527355592841784,-0.14100730217941643,-0.30695727476751339,0.93262366642557482,0.18971117070489046,0.19511188595291787,-0.13343440155384548,0.97166177883143223,-10.966398068229639,-8.7835620382670037,-4.0522485530484689,,0.1161479184607774,0.2222222222222222,0,1
-0.16272655641176823,0.98633209077468065,-0.025866475338063941,-0.9832338601303342,-0.15991753458401722,0.087621677830155689,0.082287569726961468,0.039691168294933327,0.99581793869552926,-15.323697102648049,11.728772375017,-7.9504803948662959,,0.1691469567511557,0.391304347826087,0,1
-0.35104195905989394,-0.85185546104313692,-0.38873103358283229,0.92202881061898778,-0.38682852619270786,0.015052033487637857,-0.16319440973246346,-0.35313731722173297,0.92122832121983211,4.6466862905742721,-5.7666960071049012,-1.6673581119326719,,0.3067142203976922,0.28125,0,2
-0.60211240633037999,0.7923618821190187,-0.098098409303346124,-0.79792649411021488,-0.6014686492369915,0.039354465845829904,-0.027820139108590693,0.10197113194348716,0.99439827439016759,0.89873859492114516,-21.120978313935804,-0.29077237361915431,,0.6145185836220353,0.2941176470588235,0,4
0.87993185788094141,-0.40953628903114642,-0.24083179493744447,0.46103392309574148,0.85847794960636647,0.22464045004094418,0.1147503692418634,-0.30869991578593803,0.94421221912905229,4.4563194522493683,-8.9719759914596633,-1.2997920442523887,,0.4056135433433185,0.3809523809523809,0,4
-0.80734940108331288,0.58927094365949473,-0.030768482722831853,-0.58547372742281201,-0.806464071880866,-0.082681408206276258,-0.07353542729905925,-0.04873864712918121,0.99610094127450866,-3.8998024940884579,23.054917809397814,-7.7836169208164883,,0.2965436939735409,0.2222222222222222,0,1
-0.91514188860844814,0.37665057818606934,-0.14369991533143844,-0.38654321105844824,-0.92104597588235937,0.047525322676826562,-0.11445378848595084,0.099038640252238325,0.98847947780325762,-10.122111628698377,3.7106023429836563,-5.7312916682155866,,0.06897048618166361,0.2126696832579185,0,1
0.96803060281723852,-0.12226204497571162,-0.21901768049098613,0.20544901639612118,0.88740149034130311,0.41268546933700101,0.14390084666589337,-0.44448913068644486,0.88415041651884529,-15.399770473529589,10.849440096272794,-7.814680360051387,,0.7901872005522481,0.4,0,1
-0.3279738804506146,-0.92158945960055649,-0.20761984899166089,0.93203199591256247,-0.35152154439593736,0.088028191056841953,-0.15410870299048948,-0.16463739483680195,0.97424074842101505,-10.651182349673778,-13.849041251600678,-3.2914933281932028,,0.07678900741449156,0.32,0,4
