axis_00,axis_01,axis_02,axis_10,axis_11,axis_12,axis_20,axis_21,axis_22,location_x,location_y,location_z,dbh,dbh_approximation,score,reconstructed,number_clusters
-0.30673682991821388,-0.8351196087212156,-0.45660459513790447,0.93479363742040478,-0.35459500561807911,0.020572735089052541,-0.17909040345606064,-0.4205206548078696,0.88943184464573055,-11.138315915987439,9.5804082075066894,-3.3471724824817435,,0.3562070682489838,0.1111111111111111,0,4
0.46128009554710386,-0.77144413246064303,-0.43828600701380049,0.88693610431515901,0.41416081596606391,0.20448756778976607,0.023770155958780625,-0.48305772844492478,0.87526579430212226,4.7846788259926454,4.999181457588973,-0.30237550603595104,,0.09414220613676906,0.2957746478873239,0,2
0.059037787428198145,-0.92166350533026475,-0.38347219273098704,0.99481603879467351,0.022458261314003802,0.099180015404441491,-0.082798481945360713,-0.38733965642712126,0.91821152353173086,2.5564973522113239,-11.052551339589801,1.2837999243737235,0.2145446605063452,0.143411370618541,0.550561797752809,1,5
-0.4735898058663186,0.88009424929587865,0.033864555745296961,-0.88016196004020308,-0.47152657542282206,-0.054567506523693091,-0.032056510691122489,-0.05564890858183618,0.99793565879567614,-0.34387211732014539,-13.583886452388851,1.1706603439377674,,0.6307702809869713,0.1730769230769231,0,1
0.54481420955776538,-0.7627175015171368,-0.34848169240779936,0.83672109876778533,0.52193886076779339,0.16576377317510704,0.05545520661558833,-0.38189244362761993,0.92254153378552428,3.5741594909760575,-6.3708077306165967,0.53926696783231542,0.2949145214219425,0.1305282432584718,0.4324324324324325,1,5
0.51668529024015286,0.82904043059272614,-0.21384170615685916,-0.82971605586472408,0.54646107219632001,0.11380493492961931,0.21120506028439648,0.11862656117698037,0.97021655391648975,18.240616346604966,22.085611537410074,1.9566250640403222,,0.2115023798417478,0.7857142857142857,0,1
0.017157400409373219,0.98835936752685216,-0.15116674314515427,-0.99822768046927457,0.025549157200124916,0.053746986067078978,0.056983520039779176,0.14997666881313215,0.98704603603661356,-11.184020756204372,-6.8914055986755152,-1.4457439211778622,,0.1055153214938691,0.2121212121212121,0,2
-0.074567594464140879,0.98049140017780001,-0.18186887593321002,-0.99362073882770074,-0.057580169761856953,0.096965722921506764,0.084602016685928455,0.18793918757825279,0.97853020420685055,-4.0132699713626394,5.6574653632374012,-1.753468638213193,,0.07222917075064066,0.2441860465116279,0,5
-0.65240378201435856,0.72703839322556008,-0.21397308239439458,-0.7531901211703047,-0.65332822153180414,0.076595537216944037,-0.084106757069952437,0.21113363002157343,0.97383193811308644,-10.541830432548316,-0.54899395602662371,-2.1300323337205018,,0.08806190188996921,0.5192307692307693,0,5
-0.11854984707581034,0.99260668555935194,0.026036542419832311,-0.98921575974283615,-0.12033501180250716,0.083496500590703862,0.086012292346530017,-0.015857260714517596,0.99616787382846606,22.524048817065161,-20.561391886467526,7.626161010395581,,0.2443742381001264,0.35,0,2
0.19489893571885045,-0.9394854833835895,-0.28174710533945552,0.97966768632886747,0.17252444684899471,0.10240380658203811,-0.047598626227050703,-0.29597692773415846,0.95400840092231132,-18.817846564483581,2.0076153980181708,-3.9843066279374191,,0.07527921526356365,0.2105263157894737,0,1
-0.6561046252835937,-0.69526496572868102,-0.29348483455158403,0.72127894994694675,-0.69211251669701845,0.027146649788671626,-0.22199864198887423,-0.19387339080341864,0.95557820783726533,-4.1143338912565213,-1.5740174143194947,-1.3501723976337168,0.3307676365853446,0.2537504374061024,0.2968980797636632,1,4
0.7391801001346191,0.64608263717272252,-0.19023670915182267,-0.62241570540566848,0.76320355591720213,0.17354832727428607,0.25731589385294301,-0.0098771544120177211,0.96627686125218926,-7.542699374629108,-10.839019230827226,-0.34361073191129887,0.6570323342146849,0.3174871229759854,0.3703703703703703,1,5
0.88031246837850619,-0.40008523129657103,-0.25491521279772716,0.43885723563288687,0.89086302870744494,0.11733452524665922,0.18015072786420305,-0.2151624311550864,0.95981813041296027,-1.6696763066670697,2.5604655526129219,-1.3224482678566154,0.4373805028822534,0.4096091246099897,0.9390402075226978,1,5
0.78455902008700695,-0.55147454182324018,-0.28344836164804926,0.60447150587453613,0.78208883884957681,0.15149668885058787,0.13813523296352184,-0.29019455175410991,0.94694549977617248,2.9813692834883629,7.6567702171337748,-0.8951983388021002,0.1844651427838135,0.1509069883829517,0.59375,1,5
0.21205745996347883,-0.92510200847043944,-0.31498874201754806,0.97637994863427768,0.1869059407448142,0.10838987599966442,-0.041398424834336083,-0.33053357354171442,0.9428858505582639,3.8015114320940793,-9.3128148319235784,1.2411872143767686,0.2409801955166951,0.1966485794320167,0.774390243902439,1,5
0.76562741577072801,-0.58323677279220409,-0.2713844635994701,0.63707955708871766,0.74591734361059803,0.19426001760669354,0.089130792433819037,-0.32162428913849855,0.94266299305545842,-14.577491993450174,9.1124273729215179,-3.9452341070649033,,0.199366108760585,0.3478260869565217,0,2
-0.085109979724027202,-0.90906323124150468,-0.4078729372686194,0.98912302949680653,-0.12637524901650285,0.07526572231153561,-0.11996634474066457,-0.39703065126104858,0.90993117217116604,-5.1092035060020997,-7.9855040563037925,-0.42168775398475405,,0.1036348115943914,0.3292682926829268,0,3
0.41711028926322741,-0.85699803669662411,-0.30261092460266331,0.90873783999553248,0.39862560704607292,0.12366553103999565,0.014647346210188384,-0.32657616340645845,0.94505738701081909,5.1079744321224663,18.028486472187662,-1.1277626632884872,0.1990023165747251,0.1137638491131579,0.3076923076923077,1,4
-0.12303491409247649,-0.93744315254544552,-0.32567275854746297,0.98414745568867912,-0.15749367326977767,0.081544640176364327,-0.12773486358765632,-0.31047717891279819,0.94195951399122968,-7.3127060319286503,-22.211242965245223,0.98335416191211145,,0.1924251498356079,0.1428571428571428,0,1
-0.95457222215348636,0.19673382490769689,-0.22380275876347833,-0.19944386368585013,-0.97985124128529755,-0.010662560186106278,-0.22139109722618946,0.034457903140643641,0.97457613093084439,-6.1219732434028131,-4.2478717291731654,-1.0840093066589707,0.6759493560868516,0.8276608728579302,0.7821782178217822,1,4
-0.36006543785846046,-0.85195650158368885,-0.38016180748344097,0.91532397718348324,-0.40139615061068185,0.0326059360843544,-0.18037432537034032,-0.33623094694600686,0.92434509414124433,-13.260646669317998,-14.764565775960762,-1.0768558163563435,,0.2826936043232136,0.2666666666666667,0,1
-0.82226456425501604,0.52428816773257625,-0.22136599455681089,-0.54869710901136814,-0.8335776758126493,0.063872849860856729,-0.15103797182521556,0.17398326230531194,0.97309678629852925,-13.470273307036756,-11.159700906025694,-1.506264697394736,,0.08451421378537211,0.3333333333333333,0,4
-0.43724642858297214,-0.81633363831153172,-0.37737905566220026,0.88044207596197155,-0.47412194495560539,0.0054892793050325857,-0.1834047752028575,-0.32986023142017601,0.92604261033724478,-2.7480558963583932,21.511756267849865,-3.217122688747613,,0.2627922070026524,0.3,0,2
-0.29086196902843503,0.9395715201730791,-0.18056764231875469,-0.95645814138363006,-0.28076373822583411,0.079746768451331634,0.024230946202669339,0.19590069366162896,0.98032432361388377,17.397460946141706,-15.076715887777761,5.5770085263803049,1.076147411969478,0.9020930714303204,0.9705882352941176,1,5
0.5164842829310331,0.84995464394315878,-0.10402446214557168,-0.82656785071200622,0.52659279543105231,0.19870987889243191,0.22367291667645334,-0.016647253213932456,0.97452208559164033,3.2034483640322962,-16.72304316142829,2.324802270023858,0.3171613274762545,0.2149198070126651,0.2758620689655172,1,5
-0.62190507490933977,0.78049911198071853,-0.063680562178102335,-0.7790786973304441,-0.62489121398306458,-0.050471319109674236,-0.079186243552194627,0.018223799935311348,0.99669324867183218,-0.32653806078575304,-11.771773920440937,0.87224619683202198,,0.1887030085110951,0.2631578947368421,0,1
0.30197651744328657,-0.90401225705253818,-0.30260869454065326,0.953220534190376,0.28185339411232319,0.10922123156774996,-0.01344604442343726,-0.32143506860039001,0.9468361529658782,5.8356049784581545,-6.4378521276929712,1.1545185812124146,,0.08892660837264363,0.3428571428571429,0,5
0.26150521630165552,-0.91834385867910073,-0.29708513775247053,0.96480751093502048,0.23990820056026169,0.10765928732491162,-0.027595084533208702,-0.31478343750953192,0.94876229835469728,0.83754437833346473,12.409437175135425,-1.6468350380121761,,0.08956041078822249,0.4193548387096774,0,5
0.44923636638584924,-0.84772395475009632,-0.28204748475974134,0.89291697064015407,0.43654371766200362,0.11013113144178405,0.029765259267302949,-0.30131989498321265,0.95305841910559519,31.438762401355742,0.74973057489275685,7.5364855495775833,0.5925939094570738,0.2843597230096498,0.4545454545454545,1,3
0.96723982358230487,0.13439564284400052,-0.21537162037051416,-0.059556345644418043,0.94482443279162032,0.3221177314173756,0.24677958864127242,-0.29873835104408974,0.92187593104793863,-8.0595158214975431,-22.788182100174858,0.93287012817110393,,0.6529597910366287,0.2916666666666667,0,4
-0.59356848471108448,0.78418922131883628,-0.18089698484260669,-0.77676974802003329,-0.61703597370179819,-0.12607682466960124,-0.21048803414608303,0.065680075557455267,0.97538757176626245,16.558629089359417,30.448617640928632,0.76272203367131219,,0.3081597980751788,0.4666666666666667,0,2
0.95537037198603658,0.19647864576448162,-0.22059826402267385,-0.12760492468461157,0.94796498696602505,0.29168367572207105,0.26642904407646056,-0.25051651691068011,0.93072930502238094,-1.7527963847150538,-18.184850861783275,1.3693576437188351,,0.2062008892201218,0.2352941176470588,0,5
0.73829237965625716,0.65937530718037851,-0.14194564601382631,-0.63098217977710758,0.74956391599072725,0.20003855790415959,0.2382978198499324,-0.058121769806394184,0.96945139585713214,0.043252920650468693,-14.726645305142426,1.4140522495371193,0.6805029087756497,0.4929323979815268,0.7402597402597403,1,2
0.9253993175066384,0.34766747105415452,-0.1508755537821056,-0.27650824769756782,0.89160542344063209,0.3585846592458633,0.25918968365555911,-0.29011566393778215,0.92122397353980723,-9.2582974177522335,13.424236839606811,-3.4479029269096788,,0.2619995028908309,0.3333333333333333,0,1
-0.9656669115353993,-0.074296782234339762,-0.24893252924297807,0.073175917154010187,-0.99722402882061612,0.013766680480348488,-0.24926431977792671,-0.0049218383152695071,0.96842298320168207,-14.732960358946741,-4.4333011200930859,-2.4929575392130414,,0.0777329086592059,0.2272727272727273,0,1
-0.36024559871629175,0.90425967625112058,-0.22921070330977109,-0.93285622025073678,-0.3487949539309716,0.090118546658280008,0.0015430311240205582,0.24628544012692027,0.96919611072085909,-15.247502777086172,-8.4905542210046416,-2.1928913762683324,,0.07532275011565033,0.3846153846153846,0,1
0.92145980032988162,0.34738932335055245,-0.17387493895918613,-0.28843429591112579,0.91163226831050748,0.29280072458464479,0.26022585059572506,-0.21965260161692859,0.94023148281933577,6.3069923824406056,7.4568683054480847,-0.10398269721367304,,0.0934236835035136,0.3043478260869565,0,5
0.13912443753045892,0.97905181066002134,-0.14866722209406574,-0.97756528028341516,0.15975770016880889,0.13727199285061703,0.1581471266455397,0.12623402584131493,0.97931325787699464,13.263970828039106,-5.6257441676858608,2.9689149419949938,0.5825481342908049,0.4627038943219196,0.7757009345794392,1,5
0.39247527339246346,0.91525643079159436,-0.090933083474284387,-0.89628686396299739,0.40277853104916467,0.18557831881243753,0.20647764349411968,0.0086672268060267142,0.97841293016630071,-9.3912371106399259,-11.260954925766402,-0.70310616034607065,,0.3188749640213926,0.3559322033898305,0,5
0.038473901735096745,0.98990360229282914,-0.13642073542155003,-0.99515800782788111,0.05031409509804436,0.084433591007998104,0.090445001748681891,0.13251169760494128,0.98704627635006825,-11.402262819899148,0.18544063569609079,-2.3627116887655921,0.2189311974235857,0.2534374146905413,0.3055555555555556,1,5
-0.72986927745566876,-0.58937009846901811,-0.34631448837286738,0.64446038021385521,-0.76219304206740834,-0.0610948848811751,-0.22795099508656233,-0.26777724633480532,0.93612696264149753,5.4950268217158271,17.093648557913159,-1.0076053533741274,,0.4168421320363616,0.4487179487179487,0,2
0.94938472102593074,0.22081866432026226,-0.22340046770392261,-0.18297701682774148,0.96685365009930802,0.17808265104289445,0.25531953077533348,-0.12819179684153054,0.95832082332964219,7.1826563234777314,14.590919084793775,-0.3955252582869998,,0.1243601389749082,0.2692307692307692,0,5
-0.95558095676620847,-0.12269894887542755,-0.26797388494150354,0.14471104523102393,-0.9874070832234757,-0.063921556522445508,-0.25675620431436808,-0.099861003124206885,0.96130329844493134,22.753317685467064,-4.251026191231337,5.4662606049554521,,0.2290718839062475,0.4166666666666667,0,5
0.89269077785882789,-0.35402397109640676,-0.27887309482080053,0.41209921867857913,0.89171248438151862,0.18714454083046098,0.18242096669600547,-0.28198559021210667,0.94191651319128289,-1.9319286701521856,-10.675589378487214,0.47303183698186618,0.1476100709298652,0.1112115077653236,0.2741935483870968,1,5
-0.97206498435283806,0.0013167185626842307,-0.23470818572718058,-0.00058851608051734212,-0.99999479410678516,-0.0031726027410653671,-0.23471114128635009,-0.0029458464923219738,0.97206069879637858,-6.872307672064017,-9.6675082666729448,-0.39179610671426429,,0.09851370763316729,0.3255813953488372,0,5
-0.95863171259154145,-0.10739130668211035,-0.26361401112785776,0.10302626812839287,-0.99421491119384586,0.030369366726208706,-0.26535038663877225,0.001953870242206245,0.96415006855869267,15.058538771042043,9.0519520354161678,1.9612499441298621,0.3769713887050147,0.3661612653531905,0.4615384615384616,1,5
0.81114497427619892,-0.51703435518316665,-0.2733483240606962,0.56512038752640426,0.81327059326994378,0.13867187791459429,0.15060802869857623,-0.2669577076667396,0.95186700962311332,-5.8975923851241152,-22.150455390234381,1.2861963636943063,0.456210721960795,0.4140617230526552,0.9135802469135802,1,5
0.62695824020808655,-0.73364491124601516,-0.2620849275292424,0.77589419429872541,0.61828487797112275,0.12534755253202032,0.070082553383228843,-0.28193785463300725,0.9568696263526324,-11.276791081047511,-13.824661521449514,-0.77765855076374379,0.4953981616665697,0.4242699914845648,0.75,1,5
0.59421638033855606,-0.73751447634242662,-0.32090386492328399,0.80147500914578673,0.57639593614292939,0.15939113686989398,0.06741441279211656,-0.35190925248318311,0.93360332848840133,9.0603968729702871,-13.289290340795374,3.182164560862208,,0.3387197232895578,0.3157894736842105,0,2
-0.96326066138429334,0.15848444793846528,-0.21682153488787456,-0.12560446062059019,-0.97943466632727161,-0.15789633899681438,-0.23738664179288715,-0.12486157999171001,0.96335723806917528,-10.504531536511687,11.140675298549999,-3.4414478403228932,,0.6199470844098364,0.2828282828282828,0,3
-0.33230388636795882,0.94018173661930837,-0.075049511872178468,-0.94314302275448991,-0.33061215014443041,0.034305171715069138,0.0074408154307464445,0.082182165366813151,0.99658954738716155,6.6145746667186387,-6.7097358842605592,1.5271222362807417,,0.118736772024835,0.3243243243243243,0,4
-0.94825454432967105,-0.19988772463312635,-0.24669458181954448,0.18752567030482384,-0.97955245775088917,0.072877331804336823,-0.25621756796686485,0.022844694245805382,0.96634914901911173,-2.4085395718040834,-3.092302178046717,-1.0696123337511276,,0.0665420071433428,0.2934362934362935,0,5
0.42422374282234737,0.88060959059546062,-0.21109468249364746,-0.88465601267629213,0.45280961318373614,0.11111792584493038,0.19343721271121303,0.1396073177154056,0.9711291580314263,-12.112143007104432,-3.2599766345777379,-2.0433386073572506,,0.07732895154663386,0.3333333333333333,0,1
0.20265078968841704,-0.90583026480079198,-0.37202713450713271,0.97630937347150548,0.15746831093423019,0.14840397003853065,-0.075846322984951128,-0.39328776032626273,0.91628165586091193,1.9263971358878071,12.80282522620279,-1.4259890740558716,,0.1697117236918289,0.2285714285714286,0,2
-0.96873507314705931,-0.018915843856583313,-0.24737531992087691,0.03533180864366469,-0.99744495445422565,-0.062090467318074563,-0.24556877112680742,-0.06888943086571965,0.96692824188885296,-15.545070807042041,-10.785829277323943,-2.0151756892307242,,0.638489272021362,0.5277777777777778,0,2
0.64996505920329595,-0.67534805831393885,-0.34849737724472069,0.75388254633714613,0.63087208772133152,0.18347074770205116,0.095950654729798593,-0.38197566554130374,0.91917792771106166,16.848151948102313,21.275547143037855,1.6243691778173932,,0.2507916667323208,0.68,0,5
-0.66770832306378813,-0.60540801036098968,-0.43318210524223316,0.69363830248042102,-0.71721911796178117,-0.066803010128330884,-0.27024340999074398,-0.34507662601351857,0.89882735913839551,-16.63505678821555,6.5886527509734778,-3.961708757663315,,0.2770894525664329,0.2692307692307692,0,3
-0.31490743147417721,0.94770684561179297,-0.051817413896119505,-0.94902807467675299,-0.313636888580754,0.031266845007438919,0.013379950585552731,0.059022342396156668,0.99816699004745657,-4.4873500417690337,-15.580189435366632,0.62294591120979337,,0.215127537067457,0.5,0,5
-0.75392076928549656,0.64898858739187171,-0.10206511193874515,-0.65102830273289614,-0.75887544548732888,-0.016437982757416196,-0.088122770500536796,0.054054339987751276,0.99464189819643078,14.64893269963944,29.939377758446103,0.34161912626355267,,0.2476712215712178,0.7058823529411765,0,4
-0.90916009832270228,-0.3274885427894087,-0.25725312429497699,0.32476690031699973,-0.9442357550681918,0.054270611838198222,-0.26068060164949991,-0.034206624979293963,0.96481891084865412,-4.2118338624912459,-3.5882055684176821,-1.13545290597029,0.1682212680595307,0.1256088605919185,0.6014150943396226,1,5
-0.84479805691949073,-0.45236998341057633,-0.28579300399794266,0.46882147481936842,-0.88320911433542648,0.012169022270675104,-0.25791988634699214,-0.12370553125849679,0.95821410643071203,0.40486453320301691,1.9154132970273374,-0.87472973481052252,,0.6344730962232158,0.5545171339563862,0,1
-0.54038724873170707,0.82780991871808907,-0.15070620385414535,-0.83605876631030074,-0.54844361000415398,-0.014674669376489716,-0.094801691355556189,0.11806923865919684,0.98846967287750576,6.0109552756718179,-0.21821766086235408,0.40316788442225715,0.4871487289032429,0.6706592023755217,0.6536585365853659,1,5
0.60895845410230676,-0.74019126996341988,-0.28510784809834705,0.78949295306019729,0.60032345702462131,0.12772088323488293,0.076619046232772534,-0.30286734854709746,0.94994783590386311,6.5463726949304011,8.5227507472501713,-0.1391517928962461,,0.1152709744287277,0.5303030303030303,1,5
-0.66239754418085139,0.7232860123871846,-0.19515849391769563,-0.74103283678746734,-0.67084544099431964,0.02892627006470451,-0.10999921938766884,0.16377954262417205,0.98034505820752793,-12.213143111102553,-8.1306165415544562,-1.6188737293586566,,0.1202147013103906,0.303030303030303,0,2
-0.25684464161249387,-0.9195165488660284,-0.29752335443870515,0.9519427305373922,-0.29384696212808575,0.086365505991169531,-0.16684084587403972,-0.26104267698904149,0.95080011197855407,20.226625719919614,-12.046710886200563,5.8545129545827086,0.6297258472092701,0.5423051652856331,0.4594594594594595,1,4
-0.92038086480562675,0.33619299693523252,-0.19968308018295999,-0.34207273376553637,-0.93965821881445566,-0.0053550563599353632,-0.189434179898508,0.063377445721267744,0.97984590158862661,13.600467031085273,6.1174089865611565,1.8252078787447377,0.2160629169421875,0.2119085269573836,0.3636363636363636,1,5
-0.024734852893387716,-0.95635294574083385,-0.29116529708255212,0.99345177034201193,-0.056011972692053914,0.099580313915277871,-0.11154266921973474,-0.28679557543304784,0.95147597492283642,17.207073578323435,2.5540093564014676,3.2308037178575186,0.2326105784275762,0.2161430875154732,0.3846153846153846,1,5
0.11741541615393276,-0.91866367119854053,-0.37718785673642635,0.98875666281868757,0.072729379575232025,0.13065488539757655,-0.092595257875610487,-0.38828790422394316,0.91687437615647605,-8.3988496849993393,5.9077190554331258,-2.5205803524979409,0.6534629139877393,0.7295459978866896,0.8396624472573839,1,3
-0.46706105564714717,0.88163217729198606,-0.067665901761255337,-0.88155762476635469,-0.47022624380966965,-0.041754447055987069,-0.068630346888782098,0.040149515514393594,0.99683393395785036,24.748474520504658,-2.8605513306423704,5.9646044592859511,,0.4907170047222398,0.5,0,4
0.94858185807336393,-0.11450874903867722,-0.29509355283991251,0.20438584176310085,0.93345037485133042,0.29478267482452131,0.24169999218219615,-0.33993844160893011,0.90885805805726272,-3.8861862409353747,15.294462833005122,-2.8810662108646832,,0.4278733809174451,0.6363636363636364,0,2
0.4504475760801615,0.89207343576073417,0.036082771699889486,-0.87043149398132336,0.4298110605064519,0.24002388746072856,0.1986101595813983,-0.13952575918574447,0.97009616380784269,0.59627162449496551,-12.237014842079237,1.0769673115909937,,0.4995033852533479,0.2615384615384616,0,1
0.23282013702436438,-0.90296973788109469,-0.36116538630785638,0.9715907364221853,0.19973429076190727,0.1269553228204065,-0.042499702287802379,-0.38046269930807264,0.92381919753849173,3.0922445401024281,-7.5166200251544248,0.67951570015904161,,0.1656317806734164,0.2222222222222222,1,2
-0.68036087755115215,0.72049296951592101,-0.13416019221794956,-0.72608124988385092,-0.68753354621753215,-0.010180441672656419,-0.099574569368548443,0.090484825819999698,0.99090736268906254,-8.708312261475637,-7.7425766701991403,-0.91984363476275433,0.6199559475758964,0.7332246352860068,0.6988416988416989,1,5
0.858093917417457,0.48812417784613066,-0.15940393939047529,-0.44629191812959873,0.86248385743325617,0.23863176544470113,0.25396525885121946,-0.13362777656269784,0.95793802755060498,6.2125148041353784,-27.368370116591535,4.2634398172818804,,0.2924720994182822,0.2307692307692308,0,4
0.95331602094395018,0.19216078684729496,-0.23294376190365165,-0.16252708426096829,0.97664668944589739,0.14052114031703428,0.25450640678227493,-0.096101383926559758,0.96228426824622759,3.334199754571451,9.2697125197031358,-0.92025224971393271,,0.06752963190720704,0.3508771929824561,0,5
-0.96798585106098234,0.13260530030758627,-0.21311786991259069,-0.091842405822712747,-0.97729593515782631,-0.19093880594757295,-0.23359872567811932,-0.16525280467914485,0.95818742733727957,-11.241208466989994,-10.112172349634648,-1.2155746509824366,,0.1195625800390914,0.3333333333333333,0,1
-0.8652479594398268,-0.34733699478322055,-0.36152867208587519,0.42464543317010633,-0.89107130824399527,-0.16021291992878306,-0.26649995266976712,-0.29214540160559577,0.91849269977921777,10.781194981123742,3.8597808170467625,1.2038881591635491,0.3029162079937662,0.230751125763617,0.3703703703703703,1,4
0.5768013338125727,0.7871360084211344,-0.21844249943378893,-0.78279939883303817,0.60904401285185683,0.12763421013169243,0.23350657913358905,0.097377074592281926,0.96746699315541396,-2.2754251777670351,8.3083158649813331,-1.7993736163462373,0.2050160448632303,0.1886328317147062,0.726643598615917,1,5
0.81786070593731874,-0.49781078194732703,-0.28859710854529219,0.55718239642129697,0.81039385476091441,0.18113414168501843,0.14370679455729635,-0.30894372552738236,0.94016069459179674,8.6323648798795549,9.7388296552641336,0.28586957095532473,0.2927849742910491,0.2152174313968378,0.5128205128205128,1,5
-0.86227087141532621,-0.42017369938774046,-0.28274194356599558,0.44552636118562899,-0.89479974305495169,-0.028977255175162159,-0.24082193794865994,-0.15095523234262159,0.95875821354032675,-7.807476698656111,-1.828227235571078,-1.5258955651114687,0.6450315378294048,0.2884861831562622,0.5897435897435898,1,3
-0.92988906242822655,-0.25472540642198849,-0.26537011681707179,0.25428810335434504,-0.96643524336405928,0.036612578116009438,-0.26578918726841311,-0.033434827754957916,0.96345120282461227,-5.2835078321354398,15.345313081723853,-3.0825011777169209,0.4885874802163052,0.4496976948126766,0.9186046511627907,1,4
-0.19035872171348364,-0.93139623142578287,-0.3102653979312841,0.96887393181249082,-0.22918897937647364,0.093571982914628371,-0.15826200214142913,-0.28279581294322564,0.94603364996175821,16.097358168285162,-14.22818626525936,5.0627664170846538,0.2827574239996365,0.2533803785609619,0.7368421052631579,1,3
-0.19767008272768258,0.97922201872861181,-0.045285499130444801,-0.97819943854936875,-0.19404221445703121,0.073982953646848051,0.063658438687508409,0.058922466391639852,0.99623076951989131,-11.113069698657313,-15.285692823066425,-0.61026452635239981,,0.1908362619648029,0.3684210526315789,0,2
-0.97128092489174678,0.026373629436993135,-0.23646944117951421,-0.032482143054548211,-0.99923075283351792,0.021973005582840939,-0.23570802982506867,0.02902299540157538,0.97139044179665635,-6.3615285653952869,-5.8017678264067474,-0.82496221009096393,,0.06929890131876731,0.3265306122448979,0,5
0.63936344085205032,-0.66848272206022175,-0.37992794160048932,0.76407286031236932,0.6076739107861211,0.21662198014970108,0.086064247140742761,-0.42879280364397371,0.89929398803018779,-19.349862317262446,7.3977053761336631,-4.6936764063924601,,0.5246110775502603,0.44,0,5
0.34786927501874498,-0.895193964472773,-0.27859420932505674,0.93754274797010062,0.33191794997708057,0.10413486549511497,-0.00075048424775246833,-0.29741930074313122,0.95474666604228664,5.9593287916040527,17.300716378095288,-0.88357371452459488,,0.1322947104630704,0.7916666666666666,0,4
0.49841645905010451,0.83836906799264521,-0.22072231237711176,-0.84180072636601255,0.52888106981102589,0.10796458255001545,0.20725001914984176,0.13199287794683717,0.96934272047284809,-2.4399474552723706,10.401716437233906,-2.0743439895719433,,0.07868884310243385,0.288135593220339,0,5
0.52291910353960547,-0.80200362621405319,-0.28869671749579112,0.85131845945322637,0.50831524852695431,0.12989414424509674,0.042573368994250106,-0.31369697425141052,0.94856824561967545,-8.9480218937082281,7.5830366495773571,-2.7763156052411087,,0.09015948339554307,0.2826086956521739,0,4
0.90459014378146696,-0.3379842144437703,-0.25977556189960144,0.38402785262050426,0.91064897108670129,0.15245018816130704,0.18503859106983728,-0.23766598882793713,0.95355943578223246,3.4906653461961072,11.401447100838778,-0.97334625396921715,0.3628495230789762,0.333371585961998,0.6607142857142857,1,5
-0.28948676423749753,-0.90182062627562087,-0.32080675079422949,0.94278563530582804,-0.32655138116108778,0.067226790216197263,-0.16538639361292734,-0.28299073038817613,0.94475583476476965,-13.452466477782712,12.626516362631586,-4.1308735788688553,,0.3524653507111949,0.6086956521739131,0,1
-0.44262841220626803,-0.82937376713470656,-0.34090943532930101,0.87478615891492095,-0.48293016904741332,0.039084881920183868,-0.19705142698959571,-0.28092277624397349,0.9392833059885296,2.2476088390940352,0.61233505833523028,-0.5354231194053487,,0.07896684534268045,0.2953367875647668,0,4
-0.85235407574769118,0.47546898694054052,-0.21776540591663118,-0.48377881340102558,-0.87502564880082401,-0.01697567804220566,-0.19862172403993134,0.090881001306286013,0.97585350045023245,-8.0481722094764407,9.0105159087104809,-2.7817409603829102,0.8322460404487967,0.5325623208739442,0.3706293706293706,1,3
0.92518527440086062,0.34043515391917034,-0.16773823060898968,-0.26103659639508076,0.89165437451021412,0.36988156450311227,0.27548521443858948,-0.29842315994712781,0.91381153102425605,-4.1626795905827025,-13.324620727679648,0.39233895407752345,0.7107170047690252,0.4104968356769927,0.4556962025316456,1,4
-0.97018359186176761,0.04569911885532224,-0.23802392446568721,-0.036660660564513656,-0.99843362662440804,-0.042264514579098793,-0.23958254120276284,-0.03227822426157409,0.97033928199849095,-16.297147095623764,-18.301784663963254,-1.3633482718421548,,0.2095266456525326,0.5714285714285714,0,1
-0.57651707658772244,-0.72785661201001561,-0.37128535219699765,0.78841041756527019,-0.61486045306733439,-0.018858333128604007,-0.21456251740996879,-0.30359739064612346,0.92832728631424088,10.623546194102376,6.2531086530323163,0.96186954401976887,0.349160588865657,0.2855019219251168,0.7894736842105263,1,5
-0.45203386336117202,-0.85206656586154816,-0.26390898756139664,0.86936448029266955,-0.48706838882672354,0.083485238283159846,-0.19967670565248641,-0.19169494502111351,0.96092781272742978,7.198973422683733,-4.1629583275870274,1.0708368384809692,0.2179187001865688,0.1699794951037837,0.7450980392156863,1,5
0.31368494540227132,-0.90483663560895167,-0.28787569867539664,0.94952264797505814,0.29798895284467997,0.098027164423772087,-0.0029147916577793773,-0.30409414141414298,0.95263752663181767,9.8617970768675676,21.769523834875688,-0.25643616214095138,,0.1318235372366149,0.1875,1,4
0.16086473313149016,0.98671215938383283,-0.022839705747395179,-0.97748326083463088,0.16247667545187652,0.13463953625217898,0.13656138701196133,0.00066667698231291596,0.99063138609634693,4.2962042621949523,3.8120082835413309,-0.36911087811374876,,0.7590788589492492,0.2362637362637363,0,1
-0.95685638212419122,-0.10525191625106078,-0.27082817082733984,0.12667075076788542,-0.98995415380995544,-0.06281157739075735,-0.2614964337961484,-0.094407666425425946,0.96057628933468964,-12.350176235671936,11.445630749819108,-3.8022443024764838,0.7215552178786527,0.455221334475674,0.2727272727272727,1,4
0.66894024225228432,0.73972480100702009,-0.072980621198923373,-0.70918400324355213,0.66455006309309883,0.23543844882773179,0.22265893613081345,-0.10573756389327103,0.96914527587096644,6.602833113030087,6.395305678906551,0.058668756762215786,0.6554018659743114,0.5807911254172156,0.325,1,5
-0.50759187216578361,0.85952891315825852,-0.059670250177260145,-0.86056156712617171,-0.50915953024533001,-0.013797171655861576,-0.042240744507895757,0.044346591811962356,0.9981227876860046,-5.2071103661998714,11.499314921782736,-2.6025690691302357,,0.186231132728885,0.3181818181818182,0,3
0.59519431405287682,-0.75177456585543045,-0.2838639298185035,0.80183694040028863,0.5788790539744213,0.1481774675150806,0.052926831840089943,-0.31580697111140205,0.94734613920615751,4.5996675750328091,1.5926358259285063,-0.087327016575757269,,0.2956582072694626,0.2439024390243902,0,5
-0.67697158214686415,-0.66691277492511181,-0.31134679636582085,0.696211904982042,-0.71746662365824321,0.02303534887337632,-0.23874350321390744,-0.20116906963578943,0.95001712884296086,-3.5917439318878146,-27.323886807763916,2.3203481670163617,,0.2821841384151656,0.7142857142857143,0,3
0.0058140353453083231,0.98395386253113415,-0.17832833034340653,-0.99636336674014681,0.020859850522767492,0.082613001727385366,0.085007284459890198,0.1771995006940805,0.9804968630967289,-8.4336567783881478,-3.0632009900143959,-1.4746126958186463,,0.07425062243575208,0.3717948717948718,0,3
-0.16333746499512036,0.97996209074185114,-0.11399637379245578,-0.98233991200598159,-0.15085875240085045,0.11067942041834618,0.09126428550670794,0.1300612837585437,0.98729676017802848,-2.2700918872806848,-13.821051015367427,0.76763508629941979,0.4830341312178333,0.300624555592907,0.2,1,5
0.8593458504197693,0.46095739338251307,-0.22145652135875896,-0.43573764395506087,0.88667212818150387,0.15474250465394093,0.26768902668360567,-0.036480386402576781,0.96281450259180368,2.764037355524585,-17.952414304421431,2.3512575950479393,0.4826716276534225,0.4905470901121519,0.8591549295774648,1,6
0.41895739967489698,-0.79056195486318959,-0.44663910798377382,0.90787382198455258,0.3731045032030243,0.19120186464777478,0.015486142605896034,-0.48559739003882335,0.87404539594615627,6.2027469831003943,12.562670256875125,-0.48742545193059161,,0.11180255362082,0.1290322580645161,0,5
-0.31121210161625379,0.94542476620135563,-0.096535171107249906,-0.95019421893503109,-0.30777259405196877,0.049060948349658622,0.016672555594163831,0.1069955223531967,0.994119703097331,11.597671322084466,5.4864826652811791,1.2836838676104112,0.125426116477578,0.1209322205018573,0.3636363636363636,1,5
-0.96505680235322555,0.17632694123668827,-0.19384059952930471,-0.12657099855918905,-0.96138471696516359,-0.24437513848495673,-0.22944531059818285,-0.21130129147718288,0.95010873781087679,1.4697309227967639,16.646765372970837,-1.8517978202080179,,0.2020281602670233,0.4615384615384616,0,1
0.11666056628305857,0.98853489801158323,-0.095859624909264016,-0.98602573752745148,0.12683797958184967,0.10800635105881269,0.11892668837549168,0.081919975273573906,0.98951784240771301,16.086927261035424,1.337040381495056,2.9205369133513952,,0.4380853774823125,0.1111111111111111,0,4
-0.59107557220283891,-0.74442396126375288,-0.31058434255684819,0.76903384476931247,-0.63624864807502668,0.061437801246711547,-0.24334463944047777,-0.20253548755485778,0.94855825479329436,4.7562515484372208,6.7881898501440281,-0.40400164819354539,,0.192022883522397,0.6188679245283019,0,6
0.1025503071549542,0.98969655376953536,-0.099920798431223382,-0.98663596463442815,0.11398816772245693,0.11643097057558066,0.1266211190612343,0.086645421552357035,0.98815973563574144,7.1472248634234905,7.9951776098550367,0.067493673770492507,,0.08960567446253172,0.2666666666666667,0,3
0.75654757242682436,0.6502066419974073,-0.069764556599571717,-0.60058896957061325,0.73306675470406812,0.31922722750065508,0.25870574072715957,-0.19961076085747867,0.94510681082336434,18.883530495898128,-3.629911209924821,4.268127364350077,,0.3583132028610039,0.2142857142857143,0,5
-0.3749195896364817,0.91026689952104756,-0.17564018032088335,-0.92704700309346411,-0.36901956601420821,0.066395888081364346,-0.0043766839318996435,0.18771982190228542,0.98221286547404552,13.838131799186273,-10.533608691628137,3.952062519810088,0.2666691374900022,0.2587750142578827,0.5063291139240507,1,5
-0.27786298070150417,-0.91725758531974166,-0.28536062469982365,0.9464921298017912,-0.31217848817639343,0.081836665029630634,-0.16414875015956162,-0.24735220575790182,0.95491993074171178,6.7399812396121197,-9.9856130414219226,2.1495287703042378,0.969398816250391,0.8039969332569177,0.9272030651340997,1,5
0.77061121568787772,0.61684479554441318,-0.1601900510825276,-0.58612749610768933,0.78466420406271331,0.2018827510441632,0.2502257232232174,-0.061681318666191032,0.96622073169903477,4.7744503171062078,-12.219524149328944,1.9859681170983985,0.2860913807682446,0.2578663388791095,0.7522123893805309,1,5
0.42531295474816389,0.90504197945729059,0.0028117509513878418,-0.8842198721857194,0.41486121545973809,0.2145818947142005,0.19303913633057343,-0.093750665743210407,0.97670195275603322,1.028665408241523,5.4311775221836429,-1.1569800276375923,,0.0880356625379682,0.4038461538461539,0,5
-0.97394835571941174,0.14484081859218187,-0.17448707018286905,-0.13432670814162043,-0.98841222087931713,-0.07069382643663169,-0.18270450424467019,-0.045413862266530075,0.98211844766440792,-11.929541204134543,-9.1450796125928804,-1.443322245113966,,0.4908179099961666,0.7272727272727273,0,5
0.15821431295203575,0.96804390066734369,-0.1945745038741431,-0.98102130611838334,0.17648021594860069,0.080323908772648028,0.11209562042692275,0.17817334188786185,0.97759338792854678,-7.0314460650232906,-15.264605225206683,0.24018625570770133,,0.1139249635153969,0.2692307692307692,0,8
-0.71668465226552303,0.68254648214429525,-0.14315519173084335,-0.68852294904131406,-0.72514006329169545,-0.010394097015562417,-0.11090201914527716,0.091116344975882488,0.98964567084777233,-6.6782574984233722,6.6325409195350886,-2.2962039253713837,,0.1105494132431435,0.4117647058823529,0,2
0.37555857400626985,-0.87516777126975298,-0.30501988397662294,0.92653310325048144,0.36241297173783094,0.10096160902634642,0.022184816235700532,-0.32052801756927518,0.94697920984660511,3.2921513541037548,4.8123691652780822,-0.62174135668957564,0.1118657877313624,0.1214393269680114,0.3902439024390244,1,5
-0.12760363844795924,-0.86517339044595531,-0.48496630390068618,0.98356617930515677,-0.17335224337268298,0.050463557590740331,-0.12772972395608792,-0.47055712106173486,0.87307566306488749,-2.7054084421176152,-12.482950432370348,0.55785282583172724,,0.1995515805028193,0.391304347826087,0,5
0.96514183811767063,-0.077004250874720195,-0.25014311436069631,0.13217457435267879,0.96831419361992466,0.21189031202224456,0.22590067332687047,-0.23756676489235423,0.94473854478847652,-0.67534976800207014,-4.8025544916151528,-0.54664973564772201,,0.0794491714997615,0.3157894736842105,0,5
-0.63598512826474407,-0.7108964044451932,-0.30024859495587153,0.73483231820835082,-0.67670646048405614,0.045714663464616286,-0.23567855384531641,-0.19155852496309947,0.95276489795297536,21.189395167820198,-13.3924985579684,6.349980612873682,,0.1338238202838839,0.25,0,3
0.10038886335316365,-0.93578424907385227,-0.3379791640026763,0.99231310372599024,0.069462161117659377,0.10241929674899185,-0.07236560155456162,-0.34566291001227262,0.93556420001702489,3.8332799813082175,2.7219483865410563,-0.38242608630601654,,0.0801768144674339,0.3142857142857143,0,2
-0.80618132490677497,-0.5000896892620893,-0.31619926322701103,0.53683462991461917,-0.84293811332238355,-0.035551613647412716,-0.24875741495680395,-0.19840776144659264,0.94802642827178651,-1.617900369312683,15.15673316229976,-2.367775818914164,,0.190790017687767,0.3888888888888889,0,4
-0.95117254355691472,-0.15442549961966381,-0.26725186145410684,0.16225709226889545,-0.98672127456812231,-0.0073322795297237828,-0.26257080643497116,-0.050337772913350703,0.96359881705314043,-1.3667914084113388,-15.79726465809949,1.1916873752757331,,0.3602679974872495,0.6216216216216216,0,5
-0.42821730824765941,-0.85888192068780056,-0.28098359957969815,0.8827249103473902,-0.46412054865251623,0.073408779929101955,-0.19345973630014363,-0.2165963126050913,0.95690091848454006,-5.5718463972497432,12.850481080684686,-2.7954054132227948,,0.07718275246355477,0.4318181818181818,0,4
0.89290583295677362,0.38856793057731159,-0.2274513943651171,-0.36757786847190071,0.92084368472238642,0.13012847081462214,0.26001093069604697,-0.032586371902429939,0.96505566900817275,-13.748466734329206,-7.5882584922816925,-1.9925683946872317,,0.1346475631084268,0.3684210526315789,0,1
-0.92713568055218487,0.33252093859956383,-0.17276937008596974,-0.32061372374309371,-0.94257311647200959,-0.093609616235895893,-0.19397492104554345,-0.031396584163084662,0.9805039441574247,-10.663148761453822,-12.223960113151271,-0.85811982219394511,,0.2923674549018246,0.25,0,5
0.017199683897922365,-0.88826903743718799,-0.4590014030525652,0.9954522888534999,-0.027806283545477407,0.091112848774017527,-0.093695845639708231,-0.45848110945359616,0.88375118714718548,-7.4699529635233546,17.363814230084163,-3.6400041725295158,,0.689284072373281,0.1914893617021277,0,1
-0.95600759079821074,0.20478696488191131,-0.21002805848423328,-0.20418199339211437,-0.97861874227848455,-0.024800621679716438,-0.21061623847800598,0.019174365067262774,0.97738075682593817,-8.245273401694762,-9.3685159444671822,-0.64268988539593463,,0.1316491534524384,0.2333333333333333,0,6
0.93937077622516962,0.26271787962071169,-0.22036755773415892,-0.23040055718367694,0.95954756332302693,0.16181488488483062,0.25396481650727121,-0.10123136593189361,0.96190128523044882,10.733052177793438,7.9522426047612695,0.87323258174015195,0.348280426212444,0.3024514642829332,0.5277777777777778,1,5
0.90124634215034805,0.3725842652841676,-0.2212148187244109,-0.3294646882100567,0.92082511449713633,0.20864833508557942,0.28143924741099463,-0.11516107751315624,0.95264362499454125,-2.0348225606949479,12.338565806251284,-2.2082862272443586,0.3262559481574021,0.2097945024109261,0.1428571428571428,1,4
-0.94918478621327174,-0.19246243849419342,-0.24901094632592646,0.18312273719267161,-0.9812345261024461,0.060372741428317632,-0.25595762294631574,0.011705321583605705,0.96661713242746472,-16.406472875420405,-0.59814100378047874,-3.214845727596142,,0.2697518065551591,0.8,0,1
