axis_00,axis_01,axis_02,axis_10,axis_11,axis_12,axis_20,axis_21,axis_22,location_x,location_y,location_z,dbh,dbh_approximation,score,reconstructed,number_clusters
-0.21869395887384221,0.97468243581068403,-0.046552139308925877,-0.9741247034420456,-0.22086026924167096,-0.047977115528580333,-0.057043969848112434,0.034855283568607315,0.99776304537265725,-12.501961582705393,1.183251207127016,-1.7041487348252906,,0.07048390823176558,0.1142857142857143,0,5
-0.96511349773611055,-0.24491347982480716,-0.092592245289087424,0.25005935815941865,-0.96700882398067367,-0.04862357185988838,-0.077628950041013708,-0.070080822937648682,0.99451617602325182,-2.1150507313371656,-6.4011448398167055,-1.2070972273178258,0.3199304093455438,0.2777787274504928,0.9287833827893175,1,5
-0.50584957319683244,0.86075346946132947,0.05674217220787147,-0.85882887568713706,-0.49637307525187396,-0.12659673159669793,-0.080803289429029826,-0.1127707186076357,0.99033004268383529,14.826518538601913,-11.360808050708977,0.02134427243754974,,0.2295846178893953,0.1363636363636364,0,5
-0.24145696072793005,0.94442344347580753,0.22307598599877937,-0.96849016290851153,-0.22006683555158355,-0.11660785668107934,-0.061035567216777768,-0.24420267669214632,0.96780148389580156,-2.3343441841155643,22.22141178480166,-0.55574575444013807,,0.5225804417007264,0.24,0,1
-0.75256404868540394,0.65636551964326018,-0.053213318348567934,-0.65140869418566205,-0.75384648081017824,-0.085919709668037664,-0.09650940765315924,-0.029996466350926284,0.9948799657450611,-6.8474401641969607,-8.8977338135768758,-1.4707143195922729,,0.07347577320184788,0.4,0,5
0.94471099321843921,-0.3125287495125485,-0.099231648279930432,0.31254298422543814,0.94977213149541817,-0.015804469181425338,0.099186805088613703,-0.016083499705343996,0.99493884170512736,-0.05290622636123897,-2.8750599698649895,-1.113429052550166,0.4921231063935597,0.4297907477010304,0.9915110356536503,1,5
0.39705546969725036,0.91576523950679678,-0.060999836840402506,-0.91779411587902648,0.39610804382360121,-0.027429518334751459,-0.00095647338296906575,0.066876331607676198,0.99776081373712411,-12.300999531514604,4.389270513697098,-1.6124819157471701,,0.08780005229654765,0.4117647058823529,0,5
0.17394825603622671,0.98170775335604477,-0.07740730729447716,-0.98436820544584291,0.17113959544497276,-0.041598978091539014,-0.027590584069290588,0.083433361861771888,0.99613133360975903,-4.8242275513856967,14.839237016937524,-1.0091082277849948,0.4514531141455796,0.4239160351714883,0.9883040935672515,1,5
0.9743789880058602,-0.19678125619750514,-0.10891613719741519,0.20277758706904986,0.97810002423342457,0.046921133586334207,0.097297676822873047,-0.067804718153713583,0.99294294009321915,1.0943346167138503,-3.4253724864740609,-1.145587105592577,,0.07277668668817315,0.2650602409638554,0,5
0.98324938802370154,0.16359217405610221,-0.080363185219446645,-0.16363600491032729,0.9865020177154662,0.0060849766064703026,0.080273898921158882,0.0071672610467284634,0.99674707500001414,-11.970014820509027,-3.7400979591776298,-1.7261818929357808,,0.09690077827998742,0.28125,1,5
-0.96681001584742687,-0.22769241245004582,-0.11590754319618544,0.23736688284440832,-0.96830240166243131,-0.077765171275421346,-0.094527012995366713,-0.10269675869980019,0.99021109848694788,-14.429372511590174,3.5560046847847779,-1.8033321930307336,0.668600212226492,0.646317456950774,0.8072289156626506,1,4
0.36528275853491632,0.92865692913140829,0.064535372419659343,-0.92991280140357435,0.36083237725424377,0.0711489796891462,0.042786541141781848,-0.086001764524184579,0.99537581264357067,-14.7545966336143,6.9726440504878928,-1.7220126544959533,,0.206596960846416,0.4230769230769231,0,6
-0.7671594740881148,0.63562991139370262,0.08626098224853275,-0.63337179728895743,-0.72932692022345691,-0.25869366021671969,-0.1015209718028935,-0.25309456568445204,0.96210011594698153,11.200007697160231,-12.123255830008501,-0.22011129336468879,,0.4683238366745288,0.6111111111111112,0,2
0.59994022245255996,0.79672651713049103,-0.072791389495531517,-0.79975249914969793,0.59969292423173692,-0.027646640486690206,0.021625669640147123,0.074801427309281299,0.99696392958075941,6.2471362763143565,5.4801603783621946,-0.72507297319784425,,0.08106400352472468,0.391304347826087,0,5
-0.84814558320680433,0.52177592735393119,0.091645792706133392,-0.52048451202384949,-0.78849105257663432,-0.32768541735922119,-0.098716474967888421,-0.32562515511019224,0.9403314925755587,-3.7185441729250663,28.321148118204007,-0.42259653159647159,,0.6556079673378249,0.1777777777777778,0,1
0.52138651706251316,-0.80958367207661586,-0.26968570175736711,0.84299736411648529,0.53768976831048143,0.015657494910679012,0.13233119026925996,-0.2355079424587681,0.96282109715188413,-6.3159471060548285,-10.466078530460029,-1.5001118782075731,,0.176698641699697,0.125,0,5
-0.21247613550821148,-0.92136237327292225,-0.3254923485373869,0.97694724912462894,-0.19324525071386903,-0.090721251668796438,0.020687297245298969,-0.33726495547776897,0.94118244009291974,7.1414524237829076,12.707494704177437,-0.44893653234917974,,0.1326709402855396,0.5714285714285714,0,5
-0.99435117588813582,0.036649115885196995,-0.09961215445273193,-0.028942151515810546,-0.99655325998640421,-0.077742857396068163,-0.10211802424409412,-0.074420711601696748,0.99198461016750628,12.823913289592838,22.630209959800858,0.20578123265963566,,0.09809029277542355,0.2857142857142857,0,2
0.79528941739722592,-0.56656197661816754,-0.21569021588031606,0.60384895309788611,0.77183364213914885,0.19909613432913328,0.053676665494133677,-0.28858335972944205,0.95594898403037165,-4.8845478346699531,27.155652459071291,-0.50404197980205578,,0.336735002562487,0.2727272727272727,0,3
-0.44019246852094879,-0.89005864728383743,-0.11843223823224747,0.89790299505512616,-0.43647794464773648,-0.057072018600378562,-0.0008956162504315105,-0.13146333417099137,0.9913206290803086,-14.697404983737115,-2.499565705075971,-1.9353318993442146,,0.08320191434863558,0.1785714285714286,0,4
-0.5382882782839975,0.83846441768236801,0.084989115436144319,-0.83455342582579972,-0.51628874827210691,-0.19226676220824879,-0.11732991478933311,-0.1744229018454555,0.97765553361464663,-17.155775737207094,9.318415801955183,-1.8252326767895077,,0.3995309948150165,0.2131147540983606,0,5
-0.8572561875572996,0.51478530729258298,-0.010388276584898163,-0.50249739539330385,-0.84085276041713175,-0.20115417699325669,-0.11228622585904866,-0.16722058095392889,0.97950450779348652,-0.36021864249811553,-5.3385004736811119,-1.017492160179448,,0.2018624896279809,0.1111111111111111,0,5
-0.94985422081474091,0.30292791049821238,-0.077534767953528858,-0.29658732309518293,-0.9513474382193664,-0.08351054767322004,-0.099060178576732688,-0.056327016915815417,0.99348595771943871,0.21461304480544441,-16.548401616968512,-1.065277015049884,,0.1291138917486402,0.5,0,1
0.62405562755184174,-0.76742505446434017,-0.14701482748784453,0.77659815672231081,0.6299428132359004,0.008207010902109289,0.08631266822654278,-0.1192930753767493,0.98910024035522848,11.662155805251528,12.149322286377334,0.062824862585681679,,0.09951815787990712,0.36,1,5
-0.59195376316760817,0.80200108133358883,-0.079906243882830671,-0.80131845040244609,-0.59627479968123587,-0.04842627705827475,-0.086484006130211136,0.035364230584826885,0.9956253752686367,7.1021163417437023,20.459011095759447,-0.10595518008599851,,0.07904941345398687,0.3809523809523809,0,1
0.93965608869256534,0.33986123504290372,-0.039252718353039923,-0.33701194148846053,0.93926577236306696,0.064828698593994483,0.058901496391597079,-0.047688046535004289,0.99712409655995549,12.055018619744336,-8.1467236381195658,-0.24241661424992259,0.5024585039264337,0.4941685736740614,0.651685393258427,1,5
0.9684523603707198,-0.22969332027317987,-0.096648871251886009,0.22909505875890879,0.9732486426111866,-0.017393496133170098,0.098058552633787974,-0.005297006453165473,0.99516654986891606,-12.408236194585465,-1.1505028490031037,-1.7284498156251265,,0.07978370505067876,0.4857142857142857,0,5
0.24046915773805969,0.97058224382205616,-0.012028805181411773,-0.97038186901392398,0.24008767160430916,-0.026775702281476844,-0.023100053372080136,0.018111265029414531,0.99956909196575428,3.8125576538400465,21.872611781439314,-0.22890432232213456,0.3382948626912463,0.2823499264999214,0.7383720930232558,1,5
0.025629609013517778,-0.97547956285402226,-0.21859264762553282,0.99890272503473887,0.033564129313278707,-0.032661830040807166,0.039197819582054282,-0.21751568145209127,0.97526942906175695,13.764834947940839,-1.2316772574988908,-0.1217750559232227,0.4222413068332203,0.1917010611907319,0.2702702702702703,1,5
0.96898078970855206,0.24629824479257631,-0.020332333557291915,-0.24125245540409043,0.96055054406229545,0.13834704573326898,0.053604868596855329,-0.12915040423367666,0.99017508105839025,1.4697387672618563,20.473447402612379,-0.40939728580010132,,0.2087863676441985,0.1666666666666667,0,2
-0.9311734276215351,-0.3331435668401837,-0.14809257768221337,0.35206007460341859,-0.9272001854564268,-0.12788088191674024,-0.094708772359257357,-0.17121676308868836,0.98067072377818776,2.9243534806914249,-9.9875748628288665,-0.76965420330271106,0.2170649905775452,0.211851393068918,0.1739130434782609,1,5
-0.8944499344792235,0.44424396928606424,-0.051054974910141965,-0.4370825238976655,-0.89267118575598092,-0.10998646018605085,-0.094436126632553213,-0.076062144815758098,0.99262095893279778,-19.550082260940449,-2.0898724073150592,-2.2474503200129403,,0.1465458266034479,0.6451612903225806,0,2
0.81732631149766888,-0.51906149690460401,-0.25010570358304185,0.56781603166293482,0.79929857701941942,0.19674028301618651,0.097788827174548842,-0.30281503794541614,0.94801919710201188,-12.290925335743317,8.2897629468066949,-1.6147616359625099,,0.1409149829373673,0.375,0,1
-0.45045248863869081,0.89131049786412531,0.05155726793009479,-0.89026709320736519,-0.44407756204829391,-0.10109214429099853,-0.067209063609894731,-0.091436947031540677,0.99354024905196092,-11.695084554742532,1.9037826038772254,-1.6295928502737023,0.7561424836220195,0.4717731654046613,0.3,1,5
-0.82767458901996971,-0.55023437056125135,-0.11043963121853446,0.55874667308725945,-0.82634218150797623,-0.070432622942468756,-0.052506475834332988,-0.12000306876784643,0.99138404943884184,-3.4759369099534614,-6.5749090854089234,-1.2934537640093065,0.7640248213442951,0.179310771354314,0.1818181818181818,1,5
0.98447282569749928,-0.10422961344224074,-0.14124249765867938,0.13020017491964683,0.97324894579820687,0.18929977272456391,0.11773346981243017,-0.20475028005929383,0.97170785367906032,-15.36846098606169,2.3230923661364904,-1.859797692456244,,0.4845394883121897,0.3333333333333333,0,3
0.21549482518794799,-0.9706975815481409,-0.10633995248169278,0.97478300040708865,0.22029981812660393,-0.035582190077922474,0.057966218046134166,-0.095990600112605379,0.99369297182552951,-0.26824653165517975,-8.3631759055174726,-1.0407955351521334,,0.07511069246053628,0.2407407407407407,0,5
0.8431661016968568,-0.52447769461893834,-0.11829654600422691,0.5285379245495051,0.84890244634812917,0.0035069783381079141,0.098582895383672847,-0.065481176160526899,0.99297211859467949,-13.42789980012394,13.545016351298987,-1.5547550226351738,,0.2087840865764193,0.4193548387096774,0,1
-0.023694127255710584,-0.97980363436241791,-0.19855333395283584,0.99903681155674284,-0.015868993958314068,-0.040909952154533628,0.036932878145704069,-0.19933141528857704,0.97923590078740763,17.317762094876304,5.1504387086454333,0.52058678510870715,0.5708386785482481,0.2544277557828105,0.4285714285714285,1,5
0.40174841285735141,-0.87726185580345672,-0.26269725753968864,0.91311140126585577,0.4055156250650519,0.042245079079162494,0.069467846122531929,-0.25684375441184937,0.96395306118852109,-10.229075148271788,7.5228955243704458,-1.5880439661519559,0.5846821327937213,0.191750486873082,0.1304347826086956,1,4
0.97462847817568343,-0.18595911239582635,-0.12457342431637303,0.19333679460102354,0.97986226627112305,0.049908145541777547,0.11278392342152492,-0.072726526487753934,0.99095440811506208,4.5693762033756098,27.862330704469667,0.057679390012212291,,0.5698266051321276,0.3,0,3
0.34021490780399799,-0.92852130555547874,-0.1486674195560887,0.937896958045909,0.34646744949295499,-0.017595525853932415,0.067846242314125643,-0.13344846035603206,0.98873069934763169,-1.7124165948789407,-14.27219047597343,-1.1921742163091236,0.2710509740281665,0.3363729803954526,0.8161764705882353,1,5
0.41523731483362564,0.90692947420175551,-0.071111892070799723,-0.90970422422940678,0.41430848776649459,-0.028048197514533822,0.0040245234419040788,0.076337446831610367,0.99707391773243059,-4.9603665392364249,10.522697981707124,-1.2402599999066202,0.2459521522259437,0.08750383974130531,0.5362903225806451,1,5
-0.98028369674660798,0.18195594455120556,-0.077044844962420686,-0.17231997105463753,-0.9780332906617093,-0.11728900175701854,-0.096693854347283809,-0.10170013077625616,0.99010473280939304,-4.7149404940549537,9.7132349658896153,-1.2548283591979676,,0.07740396872323049,0.2782258064516129,0,5
0.91845068994065671,0.39129003162151504,-0.057796550945232714,-0.38834095573563443,0.91980899358609525,0.056059944848954706,0.075097484950329932,-0.029043527192262619,0.99675314962249628,-3.8374089235026845,23.986869294229919,-0.54670739142429481,0.2595667621092191,0.222542892532877,0.4833333333333333,1,5
-0.9672837335770943,0.24205405287598664,-0.075973773392305044,-0.23236305268048901,-0.96548643828063829,-0.11765776321675589,-0.10183118631421595,-0.096154942579541686,0.99014374537809602,6.7350497967404186,22.773954133941242,-0.051380472404577715,0.3030885282714572,0.2757737050771401,0.7787610619469026,1,4
0.32421254540480887,0.94294488706900603,0.075770478106935615,-0.94596676646339217,0.32267775062838733,0.032030391758412984,0.0057534466998292637,-0.082061009010511471,0.9966107006505841,9.5287668238629379,14.966547845036715,-0.091887819946415761,0.5065533560103961,0.5785012830764227,0.5555555555555556,1,3
0.79489477183106372,-0.5739054456533641,-0.1969132833636541,0.60221991890238191,0.78583089751484736,0.14071591874488679,0.073982910140448985,-0.23043944966177685,0.97027016291686896,-7.3511094372025081,-4.5149952607989023,-1.3944187699224315,,0.3510715429417941,0.1372549019607843,0,4
0.31359934560499186,0.94860660644161521,-0.042437679618984606,-0.94954249365967613,0.3130487603119948,-0.019223069517820383,-0.0049500677454501181,0.046324722151848824,0.99891416895890983,26.77851291096097,-6.5278840210902143,1.2405750193722012,0.605012197249738,0.6066671226223992,0.7647058823529411,1,5
-0.69491951914079286,-0.70554751214579414,-0.13888689650938715,0.71890681841866166,-0.6859929395691754,-0.11219034402477911,-0.016119812290650678,-0.17780999681154513,0.98393280089932578,-10.487550520968423,-1.7913332999472509,-1.5992852124929859,0.308023692074301,0.3265877231015171,0.4,1,3
-0.48620550316387789,0.87219920392288453,0.053598109756300874,-0.87048191809332254,-0.47804699708109494,-0.11718489174940383,-0.076586153877396826,-0.10363212464306454,0.99166271674205519,-10.936125502375972,15.018863733088958,-1.3338945228921353,,0.4417577212838997,0.1666666666666667,0,4
-0.88474028084938672,-0.40270359698465147,-0.23465815225167808,0.45107572198049151,-0.86654850962718033,-0.21359862710862748,-0.11732573665793208,-0.2948279047826643,0.94832018753116154,7.2384145247124243,-9.6250183636933375,-0.55895590839329623,,0.3951103209170679,0.4731182795698925,0,4
-0.41766027731358851,-0.89673346138868837,-0.14638644739250997,0.90859829997686992,-0.4127344023645349,-0.064026887976333755,-0.0030036700018514699,-0.15974796502820957,0.98715326349856536,-7.1126084101408402,1.3489031512518994,-1.4706230072086679,,0.07068706134386096,0.2153846153846154,0,5
-0.47058216248969614,0.86297167598058777,0.18393562678768172,-0.87886083157302186,-0.4398841481348531,-0.18467694752310351,-0.078460608417842151,-0.24855949524194501,0.96543363845050056,-2.7137552937125422,29.506525890969112,-0.32802387876698508,,0.186266770384846,0.3333333333333333,0,1
0.50752379671569381,-0.81671437218924259,-0.27458556048492355,0.857840890562376,0.50882708121031206,0.072138809985646216,0.08079976637613516,-0.27216288447642295,0.95885283650153341,-9.592032719597233,-3.3152979503588416,-1.5663986524151037,,0.2585910198102429,0.2941176470588235,0,5
0.50186783209621211,0.86355260199155492,-0.04904673995958643,-0.86487250433420515,0.5017494238388247,-0.015590603711459023,0.011145867114245513,0.050243599304017166,0.99867479710626972,0.82871140647676045,1.3955701735565575,-1.1561010634943245,0.4040975173569282,0.3403285934730051,0.8939828080229226,1,5
-0.42741171275841244,0.90169215463922681,-0.065348956066556232,-0.90075384328381913,-0.43090957376897088,-0.054400855174087451,-0.077212315121026429,0.035611760646056929,0.99637847271874502,-7.0417439393508623,5.3862151650201042,-1.4380742072577317,,0.1164239400553192,0.375,0,5
-0.11980331301936348,-0.96839177028146428,-0.21877967328048681,0.99204301059545108,-0.10817890097100696,-0.064404895104479526,0.03870182577473992,-0.22475476554644447,0.97364647796100234,24.022139638400983,14.744905356168095,1.4666676278614852,,0.303531365592588,0.15,0,4
0.50838877809772287,-0.85005767718537051,-0.13763282952303496,0.85748116475588732,0.5144213002105118,-0.0098375799165088419,0.079163769447844326,-0.11301624373486785,0.99043446338405938,16.484111959126569,10.554699068117777,0.5453461707201902,,0.1648678035974529,0.3461538461538461,1,4
0.96884317678813425,-0.22665991191035997,-0.099840788878409137,0.22714264638221995,0.97383874828305461,-0.0066566160302289294,0.098737616871975561,-0.016228883981344554,0.99498115878601534,-10.868100916855868,9.2769681078031425,-1.5692650688714171,,0.3140387361167615,0.6627906976744186,1,5
-0.96137967333971386,-0.24720601595433805,-0.12098888116355666,0.26333910864839366,-0.95400728039680782,-0.14325719111498889,-0.080010234004751657,-0.16958565571967044,0.98226221948552772,19.032387489458639,1.4660879221487975,0.61454623112324902,0.5461791713255261,0.4688766428834663,0.6181818181818182,1,5
-0.67006127599046539,-0.70413277066357505,-0.23497856858800278,0.74161968634131703,-0.64862298236285065,-0.17113873781738476,-0.031908106321681784,-0.28893817336648087,0.95681586772095595,-6.8210823270087619,18.79413003510566,-0.94664801796457732,0.5472897562360679,0.4886439546416999,0.2631578947368421,1,5
-0.98781286647603128,-0.098517884063221733,-0.12049882714828539,0.11769860901815883,-0.97939326692354212,-0.16412149810436782,-0.1018468372586861,-0.17630387183648896,0.97905268832472225,-1.4727560385024523,19.593310910371471,-0.63898302411884433,0.4650958303865798,0.371666163567302,0.8125,1,5
0.55890039497634392,-0.82081459956035829,-0.11787171689533306,0.82546305426574595,0.56425096425524512,-0.015218258089882888,0.079000598336666478,-0.088793256982681548,0.99291221312704903,14.197782721501234,-8.2430773512253381,-0.10874411375983814,0.4042537856016616,0.3570113533429498,0.7888888888888889,1,5
0.53190227755445962,-0.8409782898422391,-0.099174004388265818,0.8427271858603721,0.53717832674545518,-0.03536008324103828,0.083011188066662578,-0.064768520818203848,0.9944416430172186,-3.3007475846075605,-4.6912222588327088,-1.2977940492802604,,0.07978899508375067,0.2988505747126437,0,5
0.43104755740616452,0.89908788698645303,-0.076413184257794933,-0.90231892308960693,0.42989863194051875,-0.031744720664755179,0.0043086295491949044,0.082632546432424916,0.99657076917873832,-6.2648123637405178,6.4284568620142606,-1.3733292452031611,,0.07414703043205775,0.3349753694581281,0,5
0.91282278418713569,-0.3882600670357359,-0.12652543228241825,0.39501304392816211,0.91809948577917466,0.032527362921446534,0.10353385820809943,-0.079670914124424771,0.99142991968526173,-14.353634656475434,0.87406828997848096,-1.8311660898929216,,0.07209918207425896,0.3181818181818182,0,5
0.74331294658326952,0.66704434791625489,0.050375602772332703,-0.66772789028792501,0.73531649099296148,0.11597035226916672,0.040315356544797724,-0.11983945922264624,0.99197438275385386,-13.889355314390746,-6.4785678829844349,-1.9651795644273686,,0.4522904929031613,0.25,0,2
0.74048046151991254,0.67156234798851222,-0.026319173076186714,-0.67191706579975552,0.74059204892835595,-0.0071325837637584823,0.014701795614978757,0.022965840464844636,0.9996281445504821,7.5521455349765594,-11.602309355695409,-0.55798632607135157,0.1555970775397799,0.1660486178176111,0.3846153846153846,1,6
0.15569930040954383,-0.9813353982073445,-0.11286524742901459,0.98633377841351444,0.16068197201945433,-0.036427756291876057,0.053883257255845973,-0.10565102977810169,0.99294232183663522,4.0741598493577555,18.403996112077028,-0.34912336950466705,,0.07243804243629547,0.2558139534883721,0,1
-0.99551541993556136,-0.020746914588937029,-0.092296339069118272,0.028519163484665547,-0.99608242318846207,-0.083704620715562186,-0.09019814845470614,-0.08596145502514814,0.99220709645985783,-15.427319066161289,8.4606737124193785,-1.7219411849933255,,0.07134550455036337,0.3888888888888889,0,1
-0.093791111115849868,-0.99004059418322699,-0.10498975828611805,0.99510798875169149,-0.089935284351792044,-0.040886860372568216,0.031037367772056138,-0.10831097127200698,0.99363243470807483,-3.8825222250913103,-9.4390546397491075,-1.2730968467602988,0.1224753099530689,0.09199011345345301,0.2666666666666667,1,5
0.66784377871802325,0.73824079065973991,0.094790412140225433,-0.74403443788315415,0.65875684260857215,0.11158932547642407,0.019935959257842258,-0.14505156780423564,0.98922323072499807,6.5633634195495407,3.7417070045902046,-0.7000403920321091,,0.5858966210515767,0.1762114537444934,0,2
0.44099731521291863,0.89631351454800889,-0.046297425561185608,-0.89750391160910981,0.44057151812267181,-0.01958228958602121,0.0028454562629193917,0.050187857671752947,0.99873574198632509,19.918080022147489,-11.287950881010277,0.46107156003980354,,0.1844062593573891,0.3846153846153846,0,5
0.52541767057672228,0.85045172524178647,0.025848297410096491,-0.85078685228526374,0.5247861367263984,0.027590626638684366,0.0098996678865715931,-0.036487994368718892,0.9992850558487727,-6.3250160256891368,-0.86927203030657274,-1.4227569956098758,0.1893518957753926,0.1692851894083183,0.358695652173913,1,5
-0.97752779700488235,0.19202054398857044,-0.086991475266913851,-0.18745762751030229,-0.98056070681881213,-0.057968423570071911,-0.096431550703021396,-0.040358529821141506,0.99452106317547939,-5.2663231430771509,8.0235078681081191,-1.3508814280179531,0.266980584066999,0.1953728617502454,0.8245810055865922,1,5
0.26614528874173687,-0.94449179446588349,-0.19261862699955087,0.95979752499108528,0.27814869591189689,-0.03770960068069177,0.08919302832376369,-0.17483864889985171,0.98054885168935346,-14.472264347685485,-5.5875206529693466,-1.9942822102471944,,0.4673252678344443,0.6,1,5
0.74455484333371624,0.66742038523185976,0.013715489246157982,-0.66695891600406532,0.7428533401554126,0.057747029210417231,0.028352947483238005,-0.052143498126832631,0.9982370289525978,2.0747930154661196,-6.9500189473101326,-0.88811537388757111,,0.2872621455184764,0.25,0,5
0.71665185355684857,0.6956133251419091,-0.050321195122436428,-0.69574889494686254,0.71806824166171779,0.017648668421970833,0.048410701025218272,0.022362964961424977,0.99857713864497288,-9.412014635142036,-0.044564955297568293,-1.4810359544730847,,0.07599282058695694,0.2413793103448276,0,4
-0.48833660983484406,-0.83114935973070281,-0.26592874480629841,0.87224266528376559,-0.45551925596905013,-0.17803072852761939,0.026834462053172914,-0.31889331956101735,0.94741066195482038,12.916859798148797,-6.5984108872123448,-0.24054352873260218,,0.6009913712222431,0.2380952380952381,0,5
0.85127159813852638,-0.50840889008685675,-0.12983476685128925,0.51922167390324681,0.85189315922708464,0.068460927624496654,0.075799205482569867,-0.12569186824431555,0.98916936603670846,9.5730690874136126,-8.171986893551928,-0.41642596317201713,0.272330930668057,0.2559763128722398,0.1923076923076923,1,5
0.60603680483694233,0.79309515555320043,-0.060987420187072303,-0.79503382514575971,0.60638654065631825,-0.014716663513320984,0.025310236212470683,0.05740590169057333,0.99803003681951419,3.8528107207630748,-8.3630940474122433,-0.82341473570607093,,0.0902507954715379,0.3888888888888889,1,5
-0.73973598928475326,0.66576203988682059,0.097732146209147303,-0.66624719036982927,-0.70429022173104738,-0.2451325455714512,-0.094368148658406939,-0.24644713392484516,0.96455091244527547,4.1502665545868584,-0.4484901797101663,-1.0310597746071357,,0.1400393449233276,0.2105263157894737,0,3
-0.58666577886046212,0.80980950748513614,-0.0056414094630432236,-0.80634748023962022,-0.5847746355499297,-0.088557138214053838,-0.075013365644155047,-0.047404506158476599,0.99605512285746944,-16.911547555155902,-3.9040964475319866,-2.1445071261109359,,0.348069198529134,0.625,0,2
0.9888333440667989,-0.11946258403832129,-0.089091574666512449,0.11807494000042158,0.99278879661390385,-0.020705406584112386,0.090922638575706816,0.0099547140995390228,0.99580820315039975,-6.004175816531319,4.2114975170426758,-1.4078315656029261,0.3074547105537143,0.2959302489608903,0.9205882352941176,1,2
0.28529640198858841,0.95693624937592203,-0.053656105362838089,-0.95835703613844236,0.28409088567593421,-0.029054430983966092,-0.012560027719098182,0.059710830727812858,0.99813669524644211,-7.2558819626505988,8.947789781299484,-1.367735619185743,,0.06974070034395603,0.3025210084033613,0,3
0.98741329568639802,0.13192585110905802,-0.08723848526239876,-0.13361679870621382,0.99093683846057734,-0.013810622189439629,0.08462585069132364,0.025293319096295213,0.99609171937320307,4.4875230243328144,12.861483008645482,-0.61195375746530722,0.2009475544655302,0.1417262782866392,0.6,1,5
0.76460193332491644,0.64322288703572972,-0.040598043662497099,-0.64299851585839163,0.76560369026080033,0.020097215303403568,0.044009000894210747,0.010738112146310371,0.99897342346422202,-3.3756155371061691,-12.380990051444419,-1.2965757981537174,,0.0717883311202111,0.625,0,5
0.89615236585406177,-0.42438284386651542,-0.12965392013331881,0.43242748107048351,0.90075731402702064,0.04053066545054422,0.099586197784657868,-0.092387569827309377,0.99073060220839015,25.883816262950031,19.622187017251129,1.7820164454152372,,0.3912419444174607,0.7692307692307693,0,1
-0.22507563857080598,0.97434112186022104,0.0005789422336073747,-0.97415334183225777,-0.22502051097683617,-0.01977463619810645,-0.019136967340408383,-0.0050147673813906229,0.99980429514436608,-1.5771498497332759,-8.8731589158645274,-1.1866587607567503,,0.1359001434306573,0.3513513513513514,0,5
-0.75241488324398731,0.65862333799362227,-0.0093349945407136762,-0.65302428470874063,-0.74772338507684644,-0.12028725198398595,-0.08620398513742919,-0.084409940524561342,0.99269523766716306,-8.2423989748771405,11.811798890256618,-1.3462274957314018,,0.1103639275632482,0.1428571428571428,0,3
0.99576250765538366,-0.018846661311298658,-0.090010175565207684,0.033899173190163612,0.98507396124064839,0.16876059060894671,0.085486106502083853,-0.1710967394285304,0.98153860410685856,7.5818226527903771,15.136420633241816,-0.28456602461749841,0.3728017734166446,0.466378534396242,0.3698630136986301,1,5
-0.94777942025705497,0.31261428001957797,-0.063138597268566785,-0.30300756595654149,-0.94441433824424459,-0.12754596305559324,-0.099501685967091316,-0.10175396624469914,0.98982096605556891,-15.876987182775961,1.432769184811084,-1.9267283157766215,,0.1365583936011683,0.2,0,4
-0.55425754963199192,0.8302715804843015,-0.05871687420188694,-0.82807453297459011,-0.55717692340288538,-0.062019705466966231,-0.084208886198870556,0.014247058201436737,0.9963462675283884,-9.8043248417977864,-7.9203510136524065,-1.6309766391216074,0.3313812212116753,0.2129610799119826,0.6037735849056604,1,5
-0.40036296746814959,-0.90049897415209768,-0.16973830395970532,0.91635615415266358,-0.39362544843564123,-0.073146463280053836,-0.00094500086630162894,-0.18482587452751376,0.98277082937910931,-5.96683625701721,-7.2031026954774573,-1.3739802756191402,,0.082554435128829,0.2857142857142857,0,5
-0.78302248580641465,0.61692008284911415,-0.07928050264085805,-0.61430573785020737,-0.78701481406364526,-0.056887106524059344,-0.097489728514636276,0.0041585841111243735,0.99522784276382392,9.2281895647969954,3.4125708330354696,-0.43010030074515232,0.7284591568669561,0.6587573852102768,0.9891107078039928,1,5
-0.98771822674121368,-0.045175618228897395,-0.14957228379893367,0.05748475225934551,-0.99521415536935665,-0.079020808716050356,-0.14528664020092655,-0.086648418739720179,0.98558806999122706,3.9112499064830955,3.3710543949953675,-0.96791269397237445,0.5386106653365413,0.225626416969768,0.2195121951219512,1,5
0.50449950448321412,0.86338112231742437,0.0072998357581541586,-0.85830767382477358,0.5005811200847875,0.11281169827710726,0.09374533070877171,-0.063178950929594663,0.9935895697569187,-0.86360126054521147,23.595295811304418,-0.42874915224303106,,0.1992037930594924,0.25,0,2
0.63633967174740913,0.7692184383768691,-0.058093168457657808,-0.77102207152297275,0.63659929082362054,-0.016318950557141648,0.024429232178328267,0.055175510726350095,0.99817777756833626,4.382753621969373,16.301484644256064,-0.43014796136947198,,0.1219323514254654,0.3333333333333333,1,5
-0.53792932620802203,-0.83110267219421863,-0.14106873600132866,0.84273042469692583,-0.53433257970644055,-0.065529577706554556,-0.020915814483840584,-0.15413319738424131,0.98782867247746364,-5.0526741092808658,-14.603877921394316,-1.4577645285343155,,0.08401422151701529,0.2,0,5
0.31042659277740692,0.94950649275714516,0.04552747202114487,-0.95043002776160335,0.30911720096619882,0.033605332849126909,0.017835157013267728,-0.053702665472477366,0.998397681735822,-8.1020328731787661,-9.1190815775038967,-1.565071139209613,1.123428076306792,0.6388190091333605,0.7121212121212122,1,4
-0.79567569800641336,-0.57287372969248385,-0.19676349618318384,0.60306156226311902,-0.77963599207520051,-0.16877343387418337,-0.056718037014450259,-0.25294942120736424,0.96581553859320712,12.717999323014373,3.1255430163104956,-0.062843604058178182,,0.4096411061782315,0.1428571428571428,0,6
0.90686441115958849,0.42020587445618551,0.031999419442938749,-0.41760654066082453,0.88586309756131643,0.20211716794069781,0.056583716469243095,-0.19665603334650508,0.97883843793495695,12.768972421128796,6.2798309498517728,0.0092381713178553062,,0.4437517652941318,0.1666666666666667,0,4
0.91128592568297695,-0.39169699364299759,-0.12700955406250522,0.39816359683414493,0.9168481688959299,0.029243552251323343,0.10499386557421134,-0.077219818461433595,0.99147031616108761,17.872329836916315,-9.4117567943111293,0.23948670855447748,,0.09627347397301404,0.2352941176470588,0,3
0.66947599221115139,-0.7280522444452886,-0.14745109430272771,0.73525854300001781,0.67773860331600499,-0.0080783984032334003,0.10581479479914456,-0.10300638297430018,0.98903635639351828,15.017304977475167,7.2772696053731272,0.31725243643228407,0.2731846099282589,0.3136884930214095,0.8367346938775511,1,5
0.2125747110030459,0.97184460516000348,0.10163688141303892,-0.9769458987511489,0.21347728992551551,0.0020390192168946437,-0.019715556174779911,-0.099727178379086318,0.99481947444612528,1.4336772228575223,25.284555850925376,-0.20704242638063092,,0.3326951924254085,0.2777777777777778,0,1
-0.19985800459533096,-0.9699961074270278,-0.13843529021021653,0.97957470975492311,-0.19461025516153083,-0.050598780563591947,0.022139693036067741,-0.14572028054590788,0.98907807266660741,-0.62765975762047999,20.560028264998262,-0.52851028212553963,,0.0807037543975288,0.2631578947368421,0,4
0.99409175698155705,-0.032584854531068713,-0.10353649577086207,0.036428227509902843,0.9987073401320149,0.035449019830201191,0.10224755714347127,-0.03901122942979781,0.99399374295644716,3.9177872749746769,-11.108440710889571,-0.68580848866310651,,0.1753161770520416,0.1538461538461539,1,5
-0.9872576233669571,0.13386829997944,-0.086032920236628313,-0.12714504628745094,-0.98870122197425725,-0.079397927373274696,-0.095689718927319603,-0.067447549453070785,0.99312350982361997,-16.331648538653184,7.6899187236642206,-1.8084706467224363,,0.06994559328690159,0.1875,0,1
0.23809799550532526,0.97109914000229547,-0.016607372554039344,-0.97123367815803208,0.23812836669071702,-0.00015293407653055693,0.0038061723511217593,0.016166052827266783,0.99986207638254787,-12.661374195110204,-5.9776499958034073,-1.8485597299128831,,0.1865173068305996,0.25,0,3
-0.99172948143734196,-0.039633087266449291,-0.1220731503720283,0.059408364135281312,-0.98485444188000337,-0.16288761334121613,-0.11376854538400159,-0.16879261447989288,0.9790637218170487,-13.573804102262445,-9.7069538619085627,-1.9894332768796548,,0.5473786408635097,0.6666666666666666,0,2
-0.74538495065082344,0.66552123444338174,0.038506646805815586,-0.65968325588308696,-0.72806149260063158,-0.18639867193633783,-0.096017067497191105,-0.16434095502064669,0.98171929452982754,-3.9815387448929065,-13.453520117803803,-1.3764547422605764,,0.07590299088178368,0.25,0,4
-0.063151009593410301,-0.924050926659021,-0.37701702206656007,0.9974161859500067,-0.045473371637012004,-0.055615865334480957,0.034247656741358268,-0.37955507823314166,0.92453504022030419,-9.5661554466375929,-11.09136979588942,-1.6754730689406334,,0.3167795979785641,0.1,0,1
0.73342909636342002,0.67951048793194657,-0.01863484365445936,-0.67858492961069394,0.73349493371274177,0.038828797599089693,0.040053138613443201,-0.015832845866410886,0.99907210304311056,0.25734995081888284,25.787063422618402,-0.26644279053697856,,0.1774825163960161,0.28125,0,1
-0.99528106738539901,-0.022237482513034125,-0.094451528710035274,0.029417891945521513,-0.99672512159146209,-0.075323433418598651,-0.092467207904541646,-0.077746552077677111,0.99267582276510125,7.2620658888193406,9.108446939500098,-0.48001949338843503,,0.09310503973728078,0.45,0,3
-0.83530048848561966,0.5389472406170478,-0.10866906536340729,-0.50515512729471124,-0.83035502586257803,-0.23522080773737383,-0.21700550984606487,-0.141585320058361,0.96584792065853853,23.740275204817127,-19.650497500999407,0.73819783733202693,,0.5863602860735175,0.2222222222222222,0,2
0.031244371209334303,-0.98813091236034489,-0.15040308941523164,0.99872999578504151,0.036814862990387165,-0.03439565935128884,0.039524483386177374,-0.14913740610897006,0.98802623918200883,-10.295907244137542,-0.98440114961930814,-1.5676326623959367,,0.07143003035381248,0.1481481481481481,0,4
0.50862879039710973,0.85315456431228009,0.11586217230958706,-0.86072399583976922,0.50053000663155234,0.09286503888460218,0.021235737914972078,-0.14695918431503935,0.98891457749426692,-7.5047167054034283,-13.051907514763801,-1.598849014187161,,0.4244385977272375,0.4210526315789473,0,3
-0.16629807393446569,-0.91914902722372716,-0.35708544686021904,0.985775672553863,-0.14603413209565833,-0.083188675094906878,0.024316126473291955,-0.36584026297927236,0.93035994538489841,14.657914128471649,10.540859680876668,0.34299040829186916,,0.2914396771592861,0.25,0,1
0.84290639595516592,0.53568212112558289,-0.050531898482714804,-0.53470645169792619,0.84441969213519885,0.032317085990342595,0.059981815331685825,-0.00022054634464060201,0.99819944559633134,1.7490672903368683,-5.1122585506747793,-1.0423081128628888,0.827213316108289,0.8596045157409427,0.6612149532710281,1,4
0.057719385849385525,-0.92929226042948254,-0.36480730146617535,0.9971295135207956,0.071599068860226531,-0.024623293933392357,0.04900209957697186,-0.36233888563637745,0.93075739384269041,-8.9266150575636178,5.3950281892597625,-1.543150787125436,,0.3534150109590724,0.2,0,2
0.63716656636296998,-0.69813128301085736,-0.32654475710205083,0.76542309945088516,0.62279654089345948,0.16202452739675488,0.090256553979327858,-0.35318151187846147,0.93119094396961422,2.0400212919888996,16.2176949305539,-0.59695577508959541,,0.1390308975028522,0.3181818181818182,0,3
0.89471192686867596,-0.40837830177486839,-0.18088043166251094,0.43540290498483614,0.88775533453317745,0.14938131187887058,0.099573481659062796,-0.21240910679008329,0.97209438487367672,-9.5184614387793864,34.933843844957856,-0.5136297735001325,,0.6921273016875292,0.25,0,1
0.99420563360957248,0.058976500397671626,-0.089871744724546565,-0.035675558949904082,0.96969886014465045,0.24168445363278815,0.10140223169438892,-0.237077820630718,0.96618408927718769,-5.6476750739040282,-8.6907915834151019,-1.4028599873880598,,0.3116820442622945,0.3333333333333333,0,3
0.31211414778216284,0.9499226949467926,-0.015219473684683866,-0.95000974005262007,0.31219989230486533,0.0035666580975836949,0.0081395675173055494,0.013345443786366542,0.99987781582090207,9.5105595955081412,-17.266619561007893,-0.44010729383656916,,0.1979478224689256,0.3571428571428572,0,2
0.23489898199566114,0.96140807943030282,0.14323747087804542,-0.97150615215316016,0.22742184750978961,0.066746532522634225,0.03159532538150326,-0.15483477671818732,0.98743502435991526,-8.3009546604283457,-6.4512887562665542,-1.5320196942515401,,0.2080806555192054,0.3333333333333333,0,3
-0.97660459027219171,-0.19150852642411498,-0.097815942290353633,0.19895101694350628,-0.97728934370137788,-0.072965961549720904,-0.08162087426896586,-0.090719474175034828,0.99252607516829294,-10.730151839715143,11.040308758919522,-1.5027702473562448,,0.2061850163786498,0.5441176470588235,0,1
-0.95144910357699264,-0.28400280118899895,-0.1186887198487669,0.29849696759568012,-0.94543566414425351,-0.13057934484556641,-0.075127648963085089,-0.15966782356165532,0.98430789008336395,-9.3379021179387234,-12.086034454460469,-1.6670978367565954,,0.104753780629475,0.3529411764705883,0,2
0.57125553299703524,-0.78347206237420042,-0.24461938496241678,0.81638606126485969,0.57315118553173849,0.070792072268102982,0.084740279635619795,-0.24014421917397968,0.96703145709154537,14.083103330871733,3.3969626238561523,0.08324755082513198,,0.09552936050195315,0.125,0,3
-0.52968679014590669,-0.80953783380206001,-0.25314106736757663,0.84818423080841909,-0.50692295528922149,-0.15366401012850489,-0.0039261880822722191,-0.29610405779710591,0.9551476179121382,-9.5975934419482929,16.694559222432201,-1.2354142433700555,0.8630080057146817,0.5372542375399187,0.4615384615384616,1,2
-0.28845760331189374,-0.87703718410736087,-0.38418483674474851,0.95741785780521138,-0.25918301347200118,-0.12718180327095535,0.011968986892702309,-0.40451198155382656,0.9144543729088721,5.9184591544049399,23.70851832860053,-0.041136398722432896,,0.537678977262415,0.4761904761904762,0,1
-0.88298181520798857,0.46509975848178498,-0.063445477949114773,-0.43840381275715201,-0.86540156475818497,-0.24265660649172013,-0.16776534496730333,-0.18644663143717785,0.96803535196486057,2.4665972896531221,14.782535076170737,-0.63593074070960132,,0.2946518562329253,0.2613636363636364,0,2
-0.45691147749140137,0.88498750207138532,0.089604815239329852,-0.88612975895681279,-0.44408228096049601,-0.13253293186247689,-0.077498077574645094,-0.13995731104294859,0.98712005301172034,-10.691270715505187,-9.0546406681839695,-1.7155632479757572,,0.5876278147649314,0.1612903225806452,0,1
-0.94964028443074355,-0.29064995682565803,-0.11707233995927011,0.30248867523162187,-0.94783976721022289,-0.10050063209496644,-0.081755315074397372,-0.13085250586867922,0.98802514652460771,-9.4043162247890191,12.571222744288967,-1.3616507793208388,,0.1346927113937259,0.3888888888888889,0,3
-0.045811889965743473,0.99872185421227766,-0.021352485957301822,-0.99768836039548336,-0.046817545288390827,-0.049254979286785461,-0.050191695220811426,0.019046663013756876,0.99855796945340214,-6.4819789866360393,14.456892613929089,-1.1263243933138427,,0.1117084034821257,0.52,1,2
-0.16070398631638827,0.96583569620332754,0.20331167384450871,-0.98544920683927695,-0.14545755965077961,-0.087931559068858425,-0.055354218645577428,-0.21448427979661733,0.97515763043636394,15.944067668127207,4.3833885686662839,0.34508206828915028,,0.1774902475505856,0.1818181818181818,0,3
-0.9164315933693693,0.39529697832773364,-0.062397384556103365,-0.38755821097037674,-0.91551459975488991,-0.10785013094607029,-0.09975854742286494,-0.074654648620208319,0.99220709312898647,15.468530558657429,-9.5051699279194306,0.049635142730426234,,0.156557506899531,0.2777777777777778,0,2
