axis_00,axis_01,axis_02,axis_10,axis_11,axis_12,axis_20,axis_21,axis_22,location_x,location_y,location_z,dbh,dbh_approximation,score,reconstructed,number_clusters
0.96767155214299971,0.15777930869136295,-0.19676751998750419,-0.12564485049462693,0.97803103600082764,0.16633900373433444,0.21868959444230562,-0.1362386962944952,0.96623696830261885,-10.225294255902536,16.037794187767119,-3.7444820008048683,,0.07729436991705069,0.2727272727272727,0,1
0.8414302424638862,0.51559491260234436,-0.16173136110769074,-0.49388702931506412,0.85524096791145043,0.1569665221638871,0.21925042609196113,-0.052199357318513197,0.97427125470991272,-9.3983519668668407,-2.8500756851441316,-3.0993991542375592,,0.08896324825841628,0.358974358974359,0,5
-0.86391379939067858,0.46633833002367814,-0.19021437688326587,-0.4806843306538065,-0.87619283503415435,0.035052676056382015,-0.15031806773060963,0.12171556098354323,0.98111660913889198,-6.7673228152313518,18.090209559732266,-3.0942978366135208,,0.08644057682631098,0.2142857142857143,0,1
0.77837692552200266,-0.58831197166795912,-0.21913097865676701,0.61644226200044949,0.78231400385424144,0.08935175987810931,0.11886252325558114,-0.20463094430145265,0.97159553168981405,-8.4681275829154128,2.0686524713308709,-2.9349109901809496,,0.09750237851884078,0.5474613686534217,1,5
-0.52978459685633872,-0.81357017398530085,-0.23964943758601573,0.82973044205480573,-0.55570986713886128,0.052287064289801628,-0.17571475311226223,-0.17114355251085644,0.96945046803467994,2.7820985345228761,-5.406574164779542,-0.54762914278136687,,0.07580346887829856,0.2222222222222222,0,2
0.32149843831901653,0.93908756194077525,-0.12146318440813143,-0.9331783272274824,0.33598480408632903,0.12764176830484952,0.16067658121627817,0.072310182071416498,0.98435474998470296,-5.5822102962173021,15.114952283630515,-2.7826983869753175,,0.1216417014964597,0.1538461538461539,0,2
-0.97590567652772919,-0.033923392092353552,-0.21553958798769182,0.041929954480693185,-0.99858588374575941,-0.032681978228812747,-0.21412610639107632,-0.040932093186765238,0.97594803873420855,0.92450610348851392,8.6976709432041464,-1.159377710871299,,0.06837004941487934,0.4545454545454545,0,1
0.36007278184370617,0.91231906101911675,-0.19499108358212733,-0.92145107287061212,0.38046809352260891,0.078561759889081859,0.14586127683841613,0.15138679173715544,0.97765358241383149,2.5971943373005528,4.0050016745490016,-0.74795889448193575,0.280653878386537,0.2180802367614064,0.1617647058823529,1,5
-0.20263146672125171,-0.92636241784711548,-0.31747938436194628,0.96860924613654653,-0.23727804353074164,0.074130009827427387,-0.14400214232151307,-0.2924923945313273,0.94536320118150619,-10.204680753118751,14.07495149316154,-3.7080764675002187,,0.2187646189195245,0.7184466019417476,1,4
-0.95838082469458452,0.22458855387563639,-0.17625599656687085,-0.23025911098352927,-0.97305366631792756,0.012136897227752162,-0.16878073547299546,0.05221631864937018,0.98426953595034361,-3.8946449491663029,15.723006666392804,-2.4310728108301207,,0.1163905454927817,0.4583333333333333,1,5
0.96504593899078339,-0.12371560556941343,-0.23104281978886629,0.17171119717174521,0.96446972867696534,0.20078198931086308,0.19799394031950396,-0.23343648259082131,0.95200094968039928,4.6053811248683889,12.179693568824495,-0.51760462576112021,0.2868638558541736,0.1517853311150699,0.12,1,5
-0.97807828600760738,0.020440268561379447,-0.20723190358040569,0.0036447934159164266,-0.99333794061805802,-0.11518008165316575,-0.20820562413483257,-0.11341045432328235,0.97148776982976504,-7.0779717038461616,13.774657963457177,-3.0222801143338573,,0.1403359217442664,0.1290322580645161,0,4
0.98178846282218102,0.0092347810280705728,-0.1897528210294207,0.029554955882067181,0.97923239869579615,0.20057520765859413,0.18766437821832052,-0.20253056106139308,0.96112613791535695,8.2432913339950158,-4.6990335333563822,0.72066625101439163,0.8952979779729885,0.5408380509709452,0.8444444444444444,1,4
0.52429540767827254,0.83514790918207549,-0.166259722351148,-0.83290972381269723,0.5435712015491142,0.10388330387847822,0.17713192108067297,0.084013800266737826,0.9805946990979556,1.3704397576263945,6.7398287037068769,-1.054386929569763,,0.09278119942348254,0.3584905660377358,0,5
0.46907094546192601,0.88053292830668306,-0.068075034271859597,-0.86845361600803217,0.47389577140003303,0.14564036079241041,0.16050160424752935,-0.0091956520610448067,0.98699274314310137,-2.3284817517640821,14.302633691308831,-2.0517442111124273,,0.1122603062706752,0.4761904761904762,0,3
0.86867023559982293,0.4736362183858524,-0.14519212931869288,-0.44150859294261752,0.87311788197194928,0.20672524407688272,0.22468240727920166,-0.11547249375485796,0.96756597658519194,7.8018913895359594,12.500846869301988,0.16359922231591578,,0.1401271796981804,0.2380952380952381,0,3
-0.90959748096432358,-0.31660061380711063,-0.26906592865005796,0.33938883562721756,-0.93972648259985125,-0.041585528157206696,-0.23968237497771694,-0.12914406388786531,0.96222355504714641,6.0250601652249687,-5.9279991612381826,0.19403599974886121,0.9497227238302294,0.777082168216063,0.9859437751004017,1,4
0.60364728508524523,0.78437141630313401,-0.14272854127969067,-0.77379899608639158,0.61952779753553067,0.1319864452755202,0.1919506938380417,0.030769942596479655,0.98092208751139043,-1.4981652621678314,4.7940558945257852,-1.599399430170604,,0.07175818385145107,0.2977099236641221,0,5
0.91749718466020491,-0.32788488886964579,-0.22514532149600261,0.3590513605936681,0.92630762214519269,0.11417665966192642,0.17111702602731899,-0.1855954978081624,0.96761215091425279,-8.3149777233739393,17.507359394018692,-3.4181980830523808,,0.0759100961564603,0.3125,0,1
-0.77585960700881607,-0.56029879950484818,-0.29001228505970572,0.59948732643518488,-0.79796969403774454,-0.062123367913398168,-0.19661336591320544,-0.22205770121915477,0.95500448254107451,-19.14531767944862,11.603156852186377,-5.346458651556631,,0.3839440754416031,0.2586206896551724,0,4
0.8366085460452799,0.51469713057727429,-0.18754467323686477,-0.50216867467306692,0.85737203211993729,0.11287081427731895,0.21888984184081689,-0.00024962782214489989,0.97574954513176815,-16.701603848154438,-9.1240810924168123,-4.3980004251979627,,0.06999710300788677,0.5,0,1
0.92494515652740561,-0.31194205610545178,-0.21718335813131395,0.33907866485139343,0.93536299974426396,0.10060674804409163,0.17176180151328163,-0.16669796742046367,0.9709323721036377,6.0606970558031676,12.506082934783034,-0.17486499237226139,,0.1145858892784349,0.5,1,4
0.96723856842237987,0.15920667740807701,-0.19774424296273624,-0.13027095737323607,0.97981097413383167,0.15165728677506007,0.2178968320588569,-0.12092844510533,0.96845097023190674,2.3427702855478314,10.486934187118942,-0.86423800756936053,,0.0749241031022358,0.2068965517241379,0,5
-0.279903480222019,-0.91763650431408372,-0.2821299128235622,0.95095498703022596,-0.30532311890666319,0.049622632975801502,-0.13167632437893026,-0.25440329992226257,0.95809201363267738,-6.3285803525613451,7.9583605598057279,-2.6393195805985967,,0.07752232526197737,0.3247422680412371,0,5
0.083634185221358334,0.99649045747239995,-0.0034772444271430982,-0.99212343381447332,0.083593205615247107,0.09329130747902252,0.093254571676342185,-0.0043524868079737539,0.99563278407254563,-20.427690769742156,11.604410646628351,-5.6392745897067664,,0.1567328138972152,0.3636363636363636,0,1
0.27504077684052386,-0.86299571466672775,-0.42378174517294098,0.95960569491507475,0.27357122062136369,0.065693968781710382,0.059240875765947408,-0.42473189627646224,0.90337884352240772,-1.1399814264658108,-8.4989850674451599,-1.2621689761522101,,0.5729632539762605,0.6885245901639344,0,2
0.099713618478468588,-0.92464975746554379,-0.36753233913336397,0.99378167164626852,0.074152974277135422,0.083062178551997601,-0.049549807162892527,-0.37352933275014194,0.92629404304753826,-14.337215177518351,11.529384971576064,-4.4159166542008927,,0.4238361564662996,0.2717391304347826,0,4
0.90207921296733884,0.41276398383905338,-0.12601185332158385,-0.36949835283561444,0.88954447929889613,0.26866631087768356,0.22298892524965144,-0.19579712202729085,0.95495519592378564,1.9499420780636307,-12.2728377507618,-0.65338238985442143,,0.3684797502261669,0.3636363636363636,0,1
-0.59633959845729867,0.78918587606349822,-0.14684936613304081,-0.79982152739674417,-0.59971491258096565,0.025050906984448926,-0.068297932798339248,0.13239213212986989,0.98884160295043211,-12.451043636097204,16.753490756161646,-4.1909807385494755,,0.07122240833579017,0.3461538461538461,0,1
0.31447088622778585,0.94626343776768906,-0.075455735760680209,-0.93241276256787087,0.32282232158539625,0.16245672927511184,0.17808565892755915,0.01926797940339527,0.98382632768901235,3.8921804590034625,1.298449010629575,-0.37763778659017172,0.6226035997453021,0.4780957108409791,0.55,1,3
0.45107297381646455,-0.85824031544645973,-0.24486064043600689,0.89197206357812231,0.44283310422206201,0.091020215343835073,0.030315179177381395,-0.25946560995132451,0.96527643044053957,-12.99495790793774,7.9006158041090186,-3.9587787486942347,,0.07248770576355515,0.3532934131736527,0,5
-0.96823834146047516,0.16689585698472656,-0.18617273443552815,-0.16916565627649266,-0.98558052903369864,-0.003741861328016122,-0.18411272324967543,0.027871019195361897,0.9825099039839752,4.5677601770536933,-6.2123199163859848,-0.139699461693956,,0.4055908444385912,0.456140350877193,0,2
-0.65088417539871568,-0.67991510214057449,-0.33773546467124987,0.73819139679796064,-0.67069108612167705,-0.072435686580581915,-0.17726604838211107,-0.29646065654332021,0.9384496934907558,6.863127103780843,4.9227746737166376,0.13355891194138217,,0.1220676930090746,0.2,0,4
-0.9220815547797071,-0.27351207374434805,-0.27378230741065934,0.29886381681688806,-0.95272263604183216,-0.05477223540393944,-0.24585773392895358,-0.1323280933497088,0.96023083182001134,-8.2949018592951038,-3.7519714395656623,-2.8183690609317016,0.5433769682018745,0.3044775346336737,0.1797752808988764,1,5
-0.82962995584298971,0.53853126930560247,-0.14730311723808573,-0.54140480802392721,-0.84043829181162122,-0.023330484464338979,-0.13636337564219875,0.060394947113666726,0.98881620139771365,-0.017271919808425965,17.734208527661341,-1.706422484555957,,0.1350160557382884,0.3846153846153846,0,5
-0.70782874495676074,0.68108212051800632,-0.18736491913811501,-0.69946869672962753,-0.71281782212153866,0.051325381257843292,-0.098600254098522314,0.16738547600255588,0.9809485676196813,2.3011401326395067,12.158499215327797,-0.97938129120443385,0.6055333163969886,0.5540193562549239,0.8739495798319328,1,5
0.96594968710517415,0.1929065891125479,-0.17241882106771139,-0.13852168072964705,0.94843820482965213,0.28509071466349356,0.21852447448569831,-0.25149954174206829,0.94286533214148871,3.6733248295940193,-12.587560288686261,-0.33531687790723669,0.2276612509047526,0.1402796153046489,0.3571428571428572,1,7
-0.153440234217736,0.98523832467601302,0.075904796375526468,-0.98728011058618936,-0.15608803667994287,0.030240834087763634,0.041642259354280266,-0.070299135094285731,0.99665638704664261,0.33783662268603681,-4.1034247239996127,-1.0589866010177824,,0.3510907239242603,0.1978021978021978,0,1
-0.93638358604323102,-0.24175690864897759,-0.25443933836831822,0.26004578085997099,-0.96475280166163802,-0.040351252061707137,-0.23571587058521462,-0.10395012653435942,0.96624655215309529,7.2430744255956769,2.4727978809842179,0.27397841418580676,,0.3450504679385134,0.2,0,7
0.024437500429101054,0.99306284021244406,-0.11501740721287033,-0.99588249662529049,0.034229228887118893,0.083942913966408239,0.087297545716682523,0.11249246765444688,0.98981037741218747,-11.342708199324305,3.5205325596563095,-3.6100809739379187,0.3363505790247927,0.2276307233510792,0.8202676864244742,1,5
-0.82590896156191385,0.53713061144566898,-0.17136246222473561,-0.54668149795733068,-0.83727601863093626,0.010402327463540985,-0.13789027160337092,0.102272063015915,0.98515313435202467,-19.087621205724538,15.439769604052778,-5.4725558764290776,,0.2310934052890477,0.4324324324324325,0,3
-0.19991896865153438,0.97312144167181336,-0.11431126686322785,-0.97960085836274513,-0.19608650627134855,0.043957255979729333,0.020360851364269066,0.12076730441996995,0.99247201165315202,13.228030525049782,-13.178472208608381,1.8573977699286386,,0.3221244447891032,0.7090909090909091,0,5
-0.014968607051681437,-0.94455517485908902,-0.32801137548848547,0.99678083208693768,-0.039937900692886261,0.069519327329295874,-0.07876492612200546,-0.32591484430010398,0.94211230789000644,-17.218815992502027,19.999516266825758,-5.3167785696338807,,0.4969217090411537,0.5853658536585366,0,1
0.55794855418888512,-0.7599597547430782,-0.33339853336415887,0.82976003896604544,0.51757358923421237,0.20884409846170121,0.013845165712216313,-0.39316504282305453,0.91936367150782405,-13.185549220921668,-5.1360380896458731,-3.8326834145432045,0.5196554531804025,0.2364471542361442,0.2014925373134328,1,4
0.37166140228625361,0.91259501306807611,-0.17040582200703558,-0.91606878777701217,0.39028612259754902,0.092166797538628539,0.15061798734338142,0.12184861357869048,0.98105409497008877,-4.1659989230633538,3.790666833641855,-2.1367560531709029,,0.9011512755820487,0.8057498057498057,0,5
0.92628961807258947,-0.29689728990755249,-0.23203349477281954,0.33374425520287493,0.93229860008949816,0.13940621359982994,0.1749351753365106,-0.20657037424740704,0.9626662790984587,-22.95046514630349,-12.365025337754533,-5.4416810600465464,,0.1833921578512485,0.4,0,1
-0.47146762321217578,-0.85199412012617892,-0.22764951028517383,0.86588815247505901,-0.49616895904479946,0.063671590868525862,-0.16720044158431688,-0.1670999202597592,0.97165921442818171,-16.776346978746137,-2.4370385790589091,-4.6124875563329581,0.5411038814081801,0.5230403854349396,0.9549295774647887,1,3
0.97697885309388866,0.050713134390337242,-0.20722089327009871,-0.0019305216485048381,0.97339686516312585,0.22911747200238666,0.21332743305424817,-0.22344288060018244,0.95108605573606109,6.2730195401868283,-14.086274129117875,0.32343831787675958,,0.1768325421942767,0.5217391304347826,0,4
0.38855478949795852,-0.88996922530859468,-0.23870474138947792,0.92132609672425392,0.37905693875038138,0.086452649930704464,0.013542490651592789,-0.25351649884930572,0.96723626160217036,6.5835815379269382,3.8550665381734683,0.095597909909649698,,0.1046835686487552,0.5303030303030303,0,5
0.41933818970058001,0.89089830255184965,-0.17451560723577894,-0.89394882399103681,0.43871293306202774,0.091577630724728146,0.15814860967988989,0.11760602397133062,0.98038657701029963,-4.1582776099183576,7.1013765079972133,-2.1869870540905954,,0.07088130067665499,0.2486187845303867,0,5
-0.57861445091278385,0.81336080905172525,-0.060411186825126084,-0.81311817986158774,-0.58104365058074581,-0.035030011395645932,-0.063593574938640415,0.028852563465364574,0.99755871346402492,0.74827888685464317,-16.47710447464307,-0.63095699365428581,0.3618521586383356,0.2394338597723478,0.3666666666666666,1,5
-0.66448032834694748,0.73570795408097212,-0.1311476249953539,-0.74217789497765996,-0.67020258819691236,0.00068042684327917536,-0.087394882266993573,0.097786998502609537,0.9913626165421956,-18.682713533455111,-10.642888196128972,-4.7347565271765086,,0.1719680979326656,0.5,0,1
0.14543560502061634,0.9728261739912698,-0.18016026196083018,-0.98340801345344908,0.16209958099328245,0.081439578322483247,0.10843045636641431,0.16532683097219877,0.98026010583562029,-1.5142593363262689,2.6694340187866157,-1.5768366992184268,0.1299159936469111,0.1208159758744866,0.4081632653061225,1,5
0.73199780907679013,0.66526185124235615,-0.14698937644732296,-0.64373408102495189,0.74599769370332603,0.1705692642778302,0.22312696034710883,-0.030234256579463548,0.97432040381762908,-4.1336405001072896,20.320994187289244,-2.6378984085832391,,0.3439002046161469,0.7682926829268293,1,5
0.90029605763317744,-0.32430283765466794,-0.29033545787465914,0.40197085719478665,0.87533260225362375,0.26872339942399476,0.16699233089051255,-0.35863700997112585,0.91841878056947623,-8.428615443899357,6.9470421416117523,-3.0431863056676964,0.607686622986911,0.2406955921568111,0.75,1,3
-0.14993838398157391,0.97125892722812646,-0.184863672171315,-0.98776793435336518,-0.13905926823123327,0.070548053001344244,0.042813419301436943,0.19318026865770552,0.98022874622664302,-3.1683850206078703,10.064854297349077,-2.0088384569374163,0.122694477335764,0.1078794897109717,0.5347222222222222,1,5
-0.35243963199289419,0.92879404879144889,-0.11457713877690014,-0.93581969937753418,-0.35047234506406749,0.037558296050743373,-0.0052721966631934626,0.12046057560414089,0.99270411184172291,-8.3243421463224792,15.411163371980976,-3.3755771295606749,,0.4500810852023276,0.3380281690140845,0,1
0.9621621380847144,0.18492417032622652,-0.20011764356350076,-0.15443113789392335,0.97518379180780157,0.15864298233501228,0.22448840434427708,-0.12173587566742897,0.96684297219892212,-4.6452403878739634,18.017942570081761,-2.6795728417272238,,0.1234647548165107,0.3636363636363636,0,2
-0.95536002577503942,-0.16861626620330586,-0.24260209381366399,0.20937809818074027,-0.96574279048189771,-0.1533025591255924,-0.20844191793718991,-0.19725470185497573,0.95793661034682898,-17.147921389658375,9.8488611424596506,-4.9393527118295122,,0.4740948917301945,0.1515151515151515,0,4
0.94092971072395415,0.27312723213161966,-0.20013194284035674,-0.24995947899581689,0.95899745326691044,0.13358197291446133,0.22841089802606887,-0.075666370969543012,0.97061993693063198,15.435644345327255,-3.3732953180736529,2.2787933986540443,0.3220223231148419,0.2394216484889596,0.3684210526315789,1,5
-0.81105279155057031,-0.53683726947173938,-0.23237709746046961,0.54343740632303561,-0.83848046776091933,0.04032729339195517,-0.21649285144530242,-0.093574843251568784,0.9717893773773848,-14.578233895830136,21.788938736019311,-4.8681822556350181,,0.4909396125720584,0.7241379310344828,0,1
0.6984277383188946,0.71473805346149355,-0.036717969454040746,-0.68731834222702226,0.68416597174389515,0.24394757540510398,0.19947980044368158,-0.14514281946347107,0.96909306631156034,-19.058471240890157,12.845272713049869,-5.4223649722649627,,0.5058179086073022,0.6052631578947368,0,2
-0.33929521897754517,-0.87242813282256348,-0.3517782077370849,0.93962193177141851,-0.33205488722315196,-0.082765797316092779,-0.044602463083650734,-0.35862055843322171,0.93241724316741192,-20.683075766830008,19.103214871556919,-5.9221348067708348,,0.2538835750743971,0.4375,0,2
-0.39042334234227433,0.90800463305487544,-0.1519776302788298,-0.92052130794770826,-0.38761841362905658,0.048913055822908912,-0.0144960466517102,0.15899544574161598,0.98717288904471889,-3.0154941494542054,5.608205564224507,-1.9617836285062193,,0.07019774667740677,0.2039473684210526,0,5
-0.89523628556735035,-0.37532441162028018,-0.24017405989295243,0.39963569296855944,-0.91469442745636897,-0.060211438164229469,-0.19708705160185555,-0.14988559110920532,0.96886067299108147,-13.6837491778137,14.833712058130489,-4.4325048288255804,,0.1818296850029479,0.1612903225806452,0,2
0.20727007079194937,0.967606001483859,-0.14414487034340978,-0.97115222624859854,0.22127216470695607,0.088893096347740563,0.11790874100884648,0.12156173336340628,0.9855558197156532,-3.3998751654601311,-5.3847083436439354,-1.8203033128848516,,0.0951335988629541,0.4198473282442748,0,5
-0.74554497245777729,0.64182960924416521,-0.17949219130762858,-0.65708481194291668,-0.75290594150938861,0.037043125594410059,-0.11136536246461066,0.14555890882162961,0.98306172751551191,-15.361912195040015,18.666568312562053,-4.884597796400918,,0.07970582800881096,0.3461538461538461,0,1
-0.44384919882453161,0.88917348187922218,-0.1112133437389756,-0.89565269681095838,-0.44412451740717568,0.023657128589555286,-0.028357281218071489,0.11010872881214059,0.99351493820742087,-0.17069335947883013,5.3697155609818807,-1.3420491139768533,,0.07014202674919642,0.2173913043478261,0,5
-0.95474120918341787,0.20353215939733174,-0.21689602019872622,-0.19004599971256986,-0.97838251711543711,-0.081548563421521225,-0.22880502940328271,-0.036637553055889074,0.97278258014103136,5.3786906239214698,1.5134769347318888,-0.043570006872557701,0.5728202670191567,0.2204788179564121,0.148936170212766,1,2
0.82935412331396285,0.55339328927648834,-0.07699094444074181,-0.51531797603103147,0.8108783260233714,0.27735126458124704,0.21591461673867698,-0.1903475972248784,0.95767879297252168,-14.348518318675998,7.6282441578048852,-4.2219168960419697,,0.673902857384138,0.3639455782312925,0,2
-0.467705442625311,0.88338837443443374,0.029607412125191218,-0.88306627519043734,-0.46556942851201205,-0.058643506514242889,-0.038020685947907251,-0.053573194314765052,0.9978398369933742,-0.51719040663614146,8.9021585988188381,-1.4572801654504814,,0.3449868940191284,0.3763440860215054,0,5
0.94663388725099085,0.29971987000386446,-0.11854232591333537,-0.23337656185944106,0.89106215606017203,0.38928603161693692,0.22230533930327306,-0.34084634890557786,0.91345722535595075,-20.493236451420145,21.088237791692222,-5.9939703928295858,,0.3843844702007528,0.12,0,1
0.55966065874822235,-0.70731260292715736,-0.43184352350118205,0.82666615176383107,0.51316543642017076,0.23083394116047054,0.058335414436561532,-0.48617909930817294,0.87190989374958316,-23.701311557110799,-9.5645812098022454,-5.7833926501322033,,0.2238107606818397,0.2,0,1
-0.96061236716264631,0.21592440735988219,-0.17493007277326583,-0.20319674456471995,-0.97518607108245958,-0.087881794275354017,-0.18956519472855882,-0.048875117115351363,0.98065093681415705,6.6199402532217428,5.9955075980981736,0.07981764448771643,0.5092709791134012,0.5351362802165688,0.5555555555555556,1,3
0.86194758565387031,-0.45198311018992721,-0.22969028644786949,0.48394632133119642,0.86853295625134463,0.10698813941415586,0.15113675150494255,-0.20337593763358647,0.96736544818191295,7.513335412360556,3.7176288169690417,0.33746116161704948,,0.1031242868996379,0.4411764705882353,0,5
-0.80681585719549964,0.58217543876391986,-0.10059786815796895,-0.57287568152961987,-0.81253659473191975,-0.10769278403602285,-0.14443554302824638,-0.029258173584370224,0.9890815604330323,13.26939935467686,15.407349519922613,1.2563256197326593,,0.3554717425154622,0.1,0,5
0.15198447109895546,0.96824571270574911,-0.19849675153942992,-0.98242166607501935,0.17001377170506862,0.077090774136727061,0.10838999294747563,0.18329090882406646,0.97706501941851021,-3.4101496684738897,2.4910549966547504,-1.9445699727741332,0.4264058020952297,0.3751166784170575,0.9360488798370672,1,5
0.94689386156483701,-0.22677542593587424,-0.22795815651657284,0.26284162112203391,0.95426026599626457,0.14248377783691832,0.1852195916656032,-0.1948339060131522,0.96318920879071634,2.1005894635392064,6.1451446779134766,-0.94231439112422721,,0.07523914922664532,0.3617021276595745,0,5
0.33770917267788853,0.93280395291511542,-0.1258145465164896,-0.93092014288595892,0.35075476935712246,0.10177808871469679,0.13906905571837685,0.082751901483685747,0.9868190921047445,2.7962636078979362,4.7277514852218054,-0.73264976303012641,0.2835225087770377,0.1808598751151749,0.6927710843373494,1,4
-0.70024209976722385,-0.64945576672177563,-0.29642572220612207,0.68532832288850087,-0.72782868125677769,-0.024300217835568596,-0.19996522587796425,-0.22016497862251364,0.95474671543175471,-7.2382556972183449,-7.6929598473912018,-2.5386462591942465,0.4825004866768128,0.2733325148870757,0.7663043478260869,1,5
0.42456883931698591,0.88350820304978539,-0.19787510157866686,-0.8912989462084363,0.44627036567633988,0.080180728400523441,0.1591461252081238,0.1423236307253522,0.97694242152155275,1.6464854867048906,1.1902802464799227,-0.9024283951843689,,0.08022919696869556,0.2434782608695652,0,4
0.58231132499152061,-0.77242033272911992,-0.25353569841988199,0.80967077950478383,0.5790772749030112,0.095408272738901886,0.073121471557523618,-0.26083776428565775,0.96260942812738137,0.059145746472717829,9.9266778686295911,-1.3655478698920558,,0.07258830321159479,0.3513513513513514,0,5
0.070895979353654853,0.99116244694223765,-0.11211941795674633,-0.99255023200795012,0.081263722167900218,0.090775791929240415,0.099084797282169207,0.104848515635138,0.98953978783910324,-5.5595272097335346,-8.0745352930674645,-2.1709339710665692,,0.1292837358118232,0.275,0,6
-0.8875788793305629,-0.38824327484789484,-0.24793324202632555,0.40394969992982932,-0.91467719430204308,-0.013793844654209473,-0.22142351476955538,-0.11239568389900699,0.96867891344241208,-16.166784286503663,16.82683649646593,-4.9501206804399427,0.3415295391987731,0.2568115502100096,0.8238636363636364,1,4
-0.88013705140942222,0.43912200901456477,-0.18036250146674176,-0.44828286049193855,-0.89381916491836588,0.011391989018635716,-0.15620898733905547,0.09087992970754305,0.98353423461049849,-15.091593656207339,-3.5142089922758486,-4.271375654605162,,0.08866889714954762,0.4285714285714285,0,3
0.36714004071060524,0.91547131101193779,-0.16468293542774126,-0.91824826433277063,0.38496058621510482,0.09287341982922763,0.14841939077111277,0.11712226848471348,0.98196438767815064,3.4573039916814423,10.302173985122529,-0.69590184548674583,0.1478121564944082,0.1152470360732366,0.5384615384615384,1,5
-0.11069070863544489,0.97735644217825435,-0.18033843726296017,-0.99295748775603432,-0.10104555772958271,0.061848385365680346,0.04222551990215382,0.18591444321456355,0.98165820185704689,6.7171593685733937,-9.2473895488590347,0.3131110829459704,0.5602646357568049,0.5635951580829099,0.9033816425120773,1,5
0.97379137691781925,-0.081086157675076626,-0.21249797475268001,0.10586267058242674,0.98850653644272024,0.10792554093992053,0.20130436959404197,-0.12759256421716147,0.97118313841357207,-5.9381475309302436,5.7201180060505656,-2.5537369263583796,,0.07074172520564466,0.3076923076923077,0,5
-0.51900738176773453,0.83976481472042142,-0.15945655718150098,-0.85337803578271698,-0.51970734320637824,0.040622720994535691,-0.04875721192021816,0.15716021562387894,0.98636879558855817,-13.957707880137201,16.944136648697789,-4.5394674988889596,0.4912987125711132,0.3087489947894912,0.8427672955974843,1,5
-0.12850118230955612,0.97416906189391594,-0.18569352437221057,-0.99057297790833354,-0.11712242709451191,0.071045847938538881,0.047461790767537052,0.19307246287396165,0.98003591898303422,-4.0321841657369806,12.327814295592882,-2.3165653249221738,0.4734483461254543,0.3989574000647204,0.9368686868686869,1,5
0.16410614731902898,0.98605732060806228,-0.027570507564291413,-0.98580854199713297,0.16493860062818799,0.031253424585180628,0.035365109042552474,0.022050362764875289,0.99913116784751788,-1.0339551418846591,-15.261322905261791,-0.95089423177821153,,0.4395174421291876,0.4,0,2
-0.8918715712598716,0.43372207978481064,-0.12825855872254721,-0.41622193336114616,-0.89802657160933541,-0.14250466263491737,-0.17698701242621306,-0.073711832094448995,0.98144901204378521,-12.142711024768076,-1.1661786801592,-3.6655015331461831,,0.3969823441952313,0.1666666666666667,0,2
0.32388936351842346,0.94309138043130147,-0.075328137875640244,-0.94185799545322191,0.32894202353524998,0.068561370708097411,0.089438227847317295,0.048742110220178068,0.99479897973953224,-20.109295384392968,14.508084558000141,-5.6535798001165416,,0.2935904626474616,0.5,0,2
0.91669318343891482,0.36526179667663566,-0.16204143706220531,-0.33354735271906094,0.92275147668812674,0.19306961377697138,0.22004492934565675,-0.12293710651564276,0.96771209401909786,-11.872336119959101,-8.5511305171072713,-3.4677886826498008,0.2644894541790245,0.2085679237719845,0.7142857142857143,1,5
-0.90000750420760278,0.41507631988461535,-0.133034360377488,-0.41582073644645112,-0.90914371763836554,-0.023469465691070668,-0.1306889724159393,0.034195750463143222,0.99083350929362979,9.4886798816617777,3.9590220630409125,0.76192933419610032,0.2842239444406684,0.1962093457597059,0.25,1,7
-0.82858768973878738,-0.48910761945583864,-0.27242646164347151,0.51542609260124339,-0.85640505273565792,-0.030105293797774463,-0.21858266966791781,-0.16536058248288235,0.96170551328448162,-9.8764519366300316,15.164717923833834,-3.6454360489316486,,0.06743265985460124,0.3571428571428572,0,2
0.9564484717968883,-0.18677019865656841,-0.22432836131703357,0.21763828023363035,0.96841968148717061,0.12164250690132002,0.19452480503613781,-0.16516722859597738,0.96689186925094139,-4.2632640574082297,-12.461423654249904,-1.7902601074403341,,0.1284425782455046,0.48,0,4
0.87790063335579116,0.45936528688675787,-0.1351814009283403,-0.4243887272402696,0.87716797196597651,0.22465653150639048,0.2217762073462487,-0.13985664861044036,0.96501576758857732,-10.549985392957241,-4.133145019812023,-3.2709969905421676,0.519250345030818,0.2380367144602852,0.1538461538461539,1,5
0.024154213023519687,-0.96068929549266469,-0.27657304915523112,0.99782690780092287,0.0062031784741841053,0.065597123757570264,-0.061302822623946152,-0.27755647732060756,0.95875146197318095,-20.34397807970354,12.62605427317998,-5.6649277691705313,,0.2366197359454774,0.3043478260869565,0,3
0.47017978644254677,-0.81979952709344583,-0.32689402533267892,0.88188617209522346,0.45098509515710394,0.13743807119343288,0.034752667351935343,-0.35290392364423923,0.93501394256365289,-12.195966920426027,10.412896515905445,-3.9716398286017167,,0.1078174745358473,0.2295081967213115,0,2
-0.89615441685724084,-0.38208164538887918,-0.2256565474436443,0.38437354415942288,-0.92249492106946018,0.035497875307897497,-0.22173010552828237,-0.054924829157472564,0.97355997424115559,-17.674963983515784,13.234234411554187,-5.1080020859608668,0.7132319389552119,0.5531240582627956,0.9612903225806452,1,5
0.66891060742121733,0.73384921813409532,-0.11842265122583272,-0.71569764298685001,0.67885101286453509,0.16412856593494826,0.20083695651559225,-0.025032526376137242,0.9793047990900392,-1.7006534330021241,11.657582748451819,-1.8029595856186473,0.2427847508407465,0.08961804232212031,0.3548387096774194,1,5
0.81966605409602666,0.5548924706202718,-0.14227405178591521,-0.52951716706178076,0.82868459192407506,0.18136542364656122,0.21853862255792833,-0.073322528301752093,0.973069718619341,-7.518207852212706,11.778165939882458,-3.0538294435963227,0.9747499747752117,0.7773119883533663,0.9376443418013857,1,5
-0.93234263418815555,-0.2925699707651957,-0.21246181935007352,0.28454615679845557,-0.95623924163663476,0.068117526418848592,-0.22309347172501404,0.003053679853259455,0.97479227423745718,-16.39971104883465,15.011579115659883,-4.9667131371926274,,0.53002280754806,0.425,0,1
-0.39564048560588605,-0.87060449618296443,-0.29243190211661829,0.90435802920588015,-0.4247895801912196,0.041114079970517546,-0.16001612781339683,-0.24819674411033724,0.95540212217297948,-4.718788625759883,14.587505771061478,-2.5430971603891104,,0.1918665589692371,0.1666666666666667,0,2
-0.33080517900028289,0.94354806353025511,0.016881509260053877,-0.94367669424261824,-0.33062121856597543,-0.012802600410658458,-0.0064984836628365645,-0.020165853372870746,0.99977552884026366,-16.178021129151578,8.2993232950749309,-4.6454885316907903,0.6803668321983051,0.6844540803172769,0.5851851851851851,1,3
0.71220049900253846,0.68918819466772419,-0.13337946450326021,-0.67383948221444168,0.72445492894030949,0.14527700486678144,0.19675060718967738,-0.013590006060799598,0.98035937813934293,11.78728642907906,-1.3042758022507692,1.4077136840899365,0.5543681619060167,0.2336679220542509,0.15,1,6
-0.21927272857896851,0.97513170684162165,-0.032212184242591355,-0.97530353070560638,-0.21817541481023081,0.034387662984875521,0.026504593841665171,0.038956933715686572,0.99888931509990608,-11.005049493614427,9.5811521220778015,-3.6500173381994085,,0.2775595219210613,0.2592592592592592,0,1
-0.95724397633493152,0.20103997332814297,-0.20800696838016711,-0.21646807681313265,-0.97479300506892408,0.054038587967485834,-0.191899821498906,0.096754981230506062,0.9766334686645608,7.6554969998229305,7.8953743889523,0.20287210774253206,,0.08530089124485678,0.5,1,4
0.54907353521565561,0.81918777819199051,-0.16567931973137542,-0.81592628605864514,0.56834138919051846,0.10607714669775631,0.18105951685655086,0.076937958082217178,0.98045805721703916,10.379169012459656,3.1089489285314205,1.0412479264765475,0.1344048563721572,0.1102287426487226,0.5294117647058824,1,4
0.94696361589646871,0.2333929490054665,-0.22087924647376206,-0.21489119341419696,0.97100672859056125,0.10472682571757196,0.2389177372262416,-0.051707488687695952,0.96966213211216246,6.3076526185425585,-11.949507917160624,0.24243731282640421,,0.1032055751519628,0.36,0,4
-0.97695575580195004,-0.025622833080780862,-0.21189837571429057,0.018872359939709774,-0.9992497798463994,0.033818804047880062,-0.21260593885342494,0.029040452851794796,0.9767063872333468,-5.7118947910108506,4.6127226727854183,-2.4755788989502112,,0.06611850559752257,0.2835820895522388,0,1
0.5832906640682034,-0.67980921853873599,-0.44455756387742079,0.80671354678933327,0.54870934925893033,0.21938847613859627,0.09479058306313165,-0.48659785904337277,0.868468346537142,-5.233201803999405,10.09706820006901,-2.422594988245117,,0.4738935614251138,0.6625,0,3
-0.2234740126911284,0.96385304552797157,-0.14507471274546649,-0.97434923173267529,-0.216854515255508,0.060147267895095578,0.026513020832624426,0.15479478621630915,0.98759082310771606,-15.932009380865152,-10.819409092516274,-4.1635201641694914,,0.08761110874466338,0.3333333333333333,0,2
0.92125648526245363,-0.29866587632939462,-0.24916898418194836,0.34483532412861645,0.92350532691585341,0.16800747123611551,0.17993078556762138,-0.24070023987199701,0.95377581586585691,10.303453152765915,11.01472982283682,0.69094087443083352,,0.1616719128970192,0.25,1,4
0.89570141486001098,0.43956682599568048,-0.067081896975675709,-0.41209647074320233,0.87727977502497001,0.24608269978430683,0.16701938276370479,-0.1927724093749402,0.96692467336655008,-12.771904538685307,2.1734445895128833,-3.7972156105578598,,0.2525601462257382,0.3230769230769231,0,2
0.86346046307356528,-0.40621014205774975,-0.29904740292837617,0.47665570723539252,0.85104883540630616,0.22026170006040025,0.16503140752205833,-0.33272992087125658,0.9284694040668735,6.4556111570456851,9.1091420111303432,-0.09429159546352997,,0.5197011263291897,0.325,0,4
0.97438106572025529,-0.042484246228860878,-0.22085431303966835,0.096101004515319929,0.96648195420916327,0.23806979883887475,0.20333749210857499,-0.25319502564308272,0.94580449528038979,10.181769595627495,-0.95765395226999928,1.0287685171417156,,0.1822972568294659,0.2083333333333333,0,1
0.85359159057858514,-0.4221149048664592,-0.30528741143895943,0.49988034969278311,0.82864468312358852,0.25192781728508667,0.14663230368694816,-0.36765064425428001,0.91833107934713343,9.0319499915548693,-1.3723950525702238,0.76553823528037479,,0.67915424285139,0.1782178217821782,0,1
-0.95244049515571838,-0.17757905907653818,-0.24763436951485865,0.20904268272839843,-0.97203951429379143,-0.10695952248025727,-0.22171662090435257,-0.15363873349185697,0.96293139921064685,4.2414757726862673,7.6064953669067528,-0.49083543082247999,,0.1839855471652872,0.3333333333333333,0,1
0.41307995435112077,-0.85441654538356104,-0.31517823257340338,0.9105595643356319,0.39345854761854593,0.12677401588183046,0.015691752935157271,-0.33935635883348775,0.9405269962149394,10.134162548616974,6.2482940330682712,0.79267713414855967,0.27546802073045,0.3596832383499354,0.72,1,4
0.81711191679282535,0.56964225733047769,-0.088520133859995589,-0.53162120888641773,0.80397897318226197,0.26645206124730791,0.22295067996599094,-0.17066197392574881,0.95977470531290232,-2.2749454094622066,-13.237273320506164,-1.3357905323690433,,0.2986270129488613,0.2777777777777778,0,4
0.94663090217257329,0.28786044293841356,-0.14500448421769499,-0.23338842792481981,0.92244828299125703,0.307602026841929,0.22230559318811716,-0.25734321556587025,0.94040134657469354,-14.194752634259649,12.640338354368032,-4.4190273240815596,,0.7303237645565537,0.4905660377358491,0,1
0.8859223225932884,-0.3894323455640859,-0.25196048610718214,0.42551243162386126,0.89856655906477234,0.10731872839371427,0.18460988290029887,-0.20228837623291487,0.96176847732528048,9.1176569146136082,-10.87089908117108,0.95097296214011062,,0.6600488829824653,0.2258064516129032,0,2
0.6554054074775133,-0.70897390145614747,-0.26038386836223731,0.75050134880636798,0.65004337093006337,0.11912741644853368,0.084802578316090449,-0.27349519733247363,0.95812780971382638,-4.8036706507489493,21.155698007883053,-2.8486934621425979,,0.118853119713901,0.8,0,1
-0.90967433653670182,0.38616811982617988,-0.15286197917214447,-0.38433829568745087,-0.92221080260288002,-0.042559488138588078,-0.15740608601505116,0.020035438414620917,0.98733069702757514,14.476667290665208,5.5757089354630249,1.7651870071626607,,0.2157123643295615,0.1052631578947368,0,3
0.4270823639373173,0.89911902214385153,-0.095841736382419621,-0.89403729941759835,0.43575421705395234,0.10399793060337884,0.1352699584675067,0.041270405120151774,0.9899488835275374,-6.0230788195798883,-15.227666207821384,-1.9187555784054549,,0.2189720776064053,0.3703703703703703,0,5
0.87769901585917409,0.45052972987933199,-0.16330156170316648,-0.42598170127289348,0.88960059982533957,0.16477367195959297,0.21950860516273274,-0.075058212643601921,0.97271899178244658,9.7504645807925741,10.100638167962069,0.61480136300963284,,0.08433826690381691,0.5882352941176471,0,4
-0.14617625549339949,0.98143566549268701,-0.12416334736488586,-0.9883067072102879,-0.13937619602083115,0.06183953804743459,0.043386113136413475,0.13175094110361321,0.99033294134105498,16.384372827911424,-4.8463273232587474,2.4797413378854598,,0.07335976290307199,0.3684210526315789,0,3
-0.97712867754880151,0.0095859442367223317,-0.2124327121345011,0.013382764466442577,-0.99423108345827182,-0.10642111773809769,-0.21222735244771138,-0.10683006299015646,0.97136341732358511,-2.5435554932282756,-9.7665478997298258,-1.4828032819954133,,0.3201386874382705,0.1176470588235294,0,1
-0.95578469435594438,0.20524531213223027,-0.21059434912327701,-0.19011867728685192,-0.97763223329375537,-0.089945010821956536,-0.22434461567332351,-0.045930145577902926,0.97342689255309822,-9.6688755766784702,11.203215252022106,-3.4511752537334064,,0.1822935243482993,0.5517241379310345,0,2
-0.73549978989963616,0.65472309835191933,-0.17429206391013324,-0.66881238166834023,-0.74272930382602864,0.032298287341989418,-0.10830538853036706,0.1403240739237781,0.98416416165836906,-1.0435318296171823,10.933362987372711,-1.6037411822571968,,0.07140537185456855,0.2941176470588235,0,1
0.94161477009896999,0.29646870940194192,-0.15958674467828352,-0.25254395618456726,0.93537495758164202,0.24757875297325083,0.22267279790336356,-0.19282114270662698,0.95563425639687027,12.040662990154408,7.377776645600167,1.2105086700727048,,0.07821893772069763,0.3333333333333333,0,1
-0.47832205005877843,0.87658384316443527,0.052997946475650426,-0.87740855549457675,-0.47449197022407857,-0.070792633358230897,-0.036908578575827133,-0.0803625291783477,0.99608213553480174,-10.124696423604314,-12.003375158760413,-2.9701263499104225,,0.3395053408564589,0.1666666666666667,0,1
0.04229119318741139,-0.9551242432967757,-0.29317082877657891,0.9968966585044885,0.020839718836501261,0.075912834102017573,-0.066396590585435289,-0.29547146391077556,0.95304150317446978,4.2717303435927816,9.507412562567394,-0.54863453056038136,,0.5906288362347419,0.2666666666666667,0,1
-0.59622393249424144,0.7861848589633873,-0.16257425951797674,-0.79990070609410902,-0.59899757987662205,0.03688847641329316,-0.068380426375142883,0.15203705745201138,0.98600651643388515,10.904738396775587,5.1840591161591396,1.0481931408960095,,0.0769615179612889,0.2592592592592592,0,3
-0.42452729863006522,0.90505457364126174,-0.025549783734770719,-0.90536884580201127,-0.42462189346994617,0.001870998966437805,-0.0091556413753533811,0.02392626834740191,0.99967180009940004,-14.534801254338394,9.2858960510172146,-4.390710898870525,,0.7540043582872465,0.4680851063829787,0,3
0.50322509694989037,0.85401177835716602,-0.1320166058759415,-0.84565086551615809,0.51811428578889596,0.12818814497930228,0.17787387512376784,0.047132465336459477,0.98292391122597134,22.909787401313029,1.0850492356961867,3.8184115247837465,,0.1829313551579698,0.3636363636363636,0,5
