axis_00,axis_01,axis_02,axis_10,axis_11,axis_12,axis_20,axis_21,axis_22,location_x,location_y,location_z,dbh,dbh_approximation,score,reconstructed,number_clusters
0.37647841905296087,0.89509580635269581,-0.23888804373011321,-0.92223931810170334,0.38658850917726045,-0.0048953773510102792,0.087969540948493297,0.22215495047808531,0.97103477684550077,-10.06890852221545,-9.3617341157446319,-4.7498000035575823,,0.08018519780867078,0.1842105263157895,0,2
0.067162881574555106,0.98683687801578512,-0.14711262191484512,-0.99759595690435221,0.068941968981016247,0.0070222276458584733,0.017072027023524346,0.1462873237880796,0.98909482093084955,5.4290685695475043,8.6451061324888485,-0.13562009399696406,0.1176715260257933,0.2273363347593838,0.1333333333333333,1,5
-0.92495083278512291,-0.22731801733736667,-0.30461857448933838,0.24677383661302818,-0.96871290969249946,-0.0264191627115355,-0.28908239395264862,-0.09960832088184593,0.95210795181938579,-8.7388231187137215,7.3359602702377948,-4.7923993617380196,,0.1197228759452053,0.6097560975609756,1,5
0.2601899809690314,0.93919622458621432,-0.22407950715390337,-0.96272312788539427,0.27011214998474026,0.014269038691655408,0.073928024712539162,0.21201386311659523,0.97446640219582736,22.030248905756249,1.9782918709922077,5.1926168505980277,,0.2096241387870665,0.6818181818181818,1,3
0.77754854011331609,0.59297170514494824,-0.20929124364182883,-0.58171959392867323,0.80468398607408786,0.11868444125232659,0.23878982768767743,0.029465903234240372,0.97062411815258332,-17.845106143783433,9.4526461317828954,-7.9046147187012581,0.6090196751037128,0.6171610495095192,0.5,1,1
0.94470868931552576,-0.11911807318282594,-0.30551002761440255,0.1391177697451082,0.98927699168541872,0.044466615151096747,0.29693726353034428,-0.084509871394172542,0.95115001086266726,-18.291335956080346,17.76269595653601,-8.2514390811140608,,0.07832755295935719,0.3529411764705883,0,1
-0.74828393879149124,0.64627346723789014,-0.14967215001798889,-0.62726536790647325,-0.76273135008489235,-0.15741361384211564,-0.21589188306151955,-0.023905922738794591,0.97612458307644234,-12.084259142270909,-8.3445181692521722,-5.3439841963462165,,0.4327079268039946,0.4077669902912621,0,3
-0.82947014796631979,0.49210025700607696,-0.26422833059171313,-0.49501162037024476,-0.86678725460582884,-0.060360176866158133,-0.2587330078114411,0.080729129237483224,0.96256949793840951,-4.0358113186134208,14.981696183222793,-3.4155226534837486,,0.1469312922517043,0.21875,0,5
0.57003009777990932,0.80980048875127852,-0.13888432612508425,-0.8161540405827884,0.57755941144348677,0.017824373577849498,0.094648136090556723,0.10319057452715792,0.99014818873911004,-18.165140998060519,23.915872518969056,-8.447001720031329,,0.2267746564034766,0.3928571428571428,0,2
-0.43137970271889575,-0.83637374986225288,-0.33821665042323446,0.89306020150290177,-0.44902273338258614,-0.028671613090815787,-0.12788678029317793,-0.31441618191019727,0.94063140282432645,-8.896923911872511,-17.300237864919012,-4.2432181509083771,,0.08918849000427465,0.1538461538461539,0,1
-0.1960480449236939,-0.90286153539333114,-0.38263064695446936,0.98010288629058739,-0.19276833084377706,-0.047314933251207225,-0.031040237860869624,-0.38429340162290387,0.92268905114488076,2.8329426891172629,-11.247990458815261,-0.58669469036380029,,0.2339094503273127,0.7244094488188977,1,5
-0.53478763799827389,0.8083334833889414,-0.24616897017399889,-0.82567052104558392,-0.56183037823441528,-0.051135279106388508,-0.17963956390656707,0.17590794673713231,0.96787706933999895,-4.7111159399078009,5.1524536701308108,-3.3636063459027374,,0.1040397251760515,0.4313725490196079,0,5
0.059860579080460989,-0.91514961843031473,-0.39864506388390164,0.99817767078773867,0.057926385764185837,0.016907731162477992,0.0076189640316633176,-0.39893070791698504,0.91694942154294223,10.747655400005007,3.4448802310370135,1.6483601079804719,,0.1219599723310567,0.1818181818181818,0,4
0.45199161863725107,0.86093880694608882,-0.23342653528663546,-0.88536930629748101,0.46488829139661803,0.00026074633287387827,0.10874174979277633,0.20655083446110351,0.9723744055843031,-7.6796634513189046,4.3540932740090179,-4.2611299622945138,0.7656388335388051,0.7405476112322911,0.6337209302325582,1,5
0.8799372422998617,-0.34349013594877487,-0.32821483226631659,0.38214890898857623,0.92218801465324329,0.059426231487031134,0.28226346021501797,-0.1777182943194128,0.94273195919712172,-16.102203287274094,6.2997207701523443,-7.2165781125171948,,0.123759028997465,0.4084507042253521,1,7
-0.3434310767880005,0.91810604174476351,-0.19782919806741384,-0.93210120272170338,-0.35900545937699385,-0.047983622437940347,-0.11507581579544687,0.16791776633005587,0.97906137722296893,-14.646216625487716,6.1879854944910946,-6.8235944773591495,0.1701876385730131,0.164193287133951,0.6463878326996197,1,5
-0.51671105784894322,-0.72265838970716867,-0.45910187810819081,0.82991843133678356,-0.55451658382938485,-0.061210747305370905,-0.21034514499773665,-0.41264538049520344,0.88627236780340313,-16.557954675812407,8.4970838767017511,-7.5052628774799732,0.8567343974261397,0.5527404836928731,0.4578313253012048,1,3
0.54135557863584138,0.80935526391982548,-0.22776785164970861,-0.82583096754651242,0.56271877090142064,0.036753202804468699,0.15791564368689062,0.16820119393293567,0.97302158652236026,4.8441937884990551,-5.5407088191138039,-0.11058653686163306,0.6174636020299876,0.5793207049627022,0.7358490566037735,1,5
-0.95302498335527241,0.040549605386368773,-0.30016513888806584,0.05430491191314845,-0.95206599372990497,-0.30103375246837893,-0.29798382110911192,-0.30319312836226642,0.90514063507894438,13.028679183274564,-7.5587017013170943,2.4793778396092607,,0.566313873618826,0.3684210526315789,0,1
0.85463055346313987,0.47259836703700592,-0.21507533694322842,-0.4471074462363081,0.880421666334393,0.15796398630389896,0.26401050851686664,-0.038839064393044728,0.9637375049616671,-14.518555541042753,20.739505262307596,-7.065607238255657,,0.7311108044463532,0.6486486486486487,0,1
-0.30054294439822599,-0.87495190085765917,-0.37964866621392568,0.95025406396476808,-0.30882983912624123,-0.04051350865701412,-0.081799465101470972,-0.37293873712826869,0.92424322873272091,-2.5213607396987232,6.0915086498350375,-2.7250423089482236,0.3571179708763584,0.3584084659689829,0.4304291287386216,1,5
-0.70704143875700964,-0.61255275301374768,-0.35337165796891107,0.67878746640076448,-0.72800905530565674,-0.096178952220311198,-0.19834308492521119,-0.3078667571665451,0.93052570114645794,-3.9427411694753935,17.813831248928558,-3.5072584785530236,0.1944338268278284,0.1596474481738873,0.3181818181818182,1,5
0.61784618118441947,0.75056820780703926,-0.23433621535127622,-0.76465468916125234,0.64297976557228076,0.043361589089019041,0.18321927502186922,0.15239549367991581,0.97118809237269632,5.6369259171219799,-11.17414247975306,0.28852117349446521,,0.1408566151465,0.21875,0,5
0.94844170496257763,-0.030598508817861671,-0.31547117704443284,0.053034628212751504,0.99661728450489007,0.062779904718245363,0.31248305633747864,-0.076273976454751494,0.94685617705001335,-27.174495882338206,7.6804175715066076,-11.261677670545849,0.4138813733543409,0.3857414562976805,0.8353658536585366,1,5
-0.47123368492256962,0.87955328125986798,-0.065763512826608153,-0.86836230771845657,-0.47571650992666542,-0.14014529859067412,-0.15455004603096292,-0.0089346297176716091,0.98794456102740658,-16.54666186863227,16.665902219691766,-7.664032676925836,,0.4594240175157842,0.4523809523809524,0,1
-0.95640647228608178,-0.020942148364071416,-0.29128694819917567,0.051885111033331904,-0.99374246864895011,-0.098913301716953658,-0.28739275394893105,-0.10971477760715517,0.9515083144945512,2.0839999034824266,7.444020034576754,-1.127834087161496,,0.2294793697423894,0.25,0,5
-0.47649014982802806,-0.74957376197406622,-0.45945218736763971,0.86564838231624919,-0.49132898212100468,-0.096170211194518726,-0.15365550855769564,-0.44354820108752868,0.88298073478524608,9.8916274844073602,-4.8890503186872767,1.5168481760433306,,0.267300271295962,0.2133333333333333,0,5
-0.036509234012530284,-0.92614838479433403,-0.37538812604378546,0.99838268273335229,-0.050184063525932174,0.026712891759977771,-0.043578603120951208,-0.37380573712942372,0.92648269073909606,-18.518294745114233,14.810721820056639,-8.1657729514019035,,0.1064066895964905,0.4074074074074074,0,2
0.62578283359336573,-0.68488903303426651,-0.37325977228901186,0.75340583495449875,0.65463250193572597,0.061934927673212743,0.20192942588036122,-0.31997390493407218,0.92565717580801432,-12.549112876286864,-3.1698416346670064,-5.813265928316012,0.2703781085578488,0.1420508254451644,0.4923076923076923,1,2
0.92553220034593553,0.24265813974017958,-0.29070117533413581,-0.24520410526887582,0.9690604160106413,0.02822865353810651,0.28855691445900666,0.045154593776490497,0.95639739113967659,0.77832371463246408,6.5893382867138168,-1.5962339015154166,,0.06330913877617704,0.1914893617021277,0,3
0.91607905827286917,0.30107386118729573,-0.26486541696429133,-0.28289684927918551,0.95335881862568028,0.10524417141371234,0.28419805006685872,-0.021482389495166263,0.95852489549295228,22.582624315904802,-7.3094755028597866,5.3440545187170621,0.5163332757481174,0.4317584082798856,0.4137931034482759,1,5
-0.026067512999500171,-0.94135847713213727,-0.33639961696988252,0.99964660370963254,-0.026300986121101797,-0.0038633949906952477,-0.0052108020320680059,-0.33638144369230649,0.94171140583602475,-2.6617495799253428,11.956580574670673,-2.8112222916263452,,0.07473035079232022,0.1785714285714286,0,4
-0.84186197410859476,-0.37951478084171342,-0.38371466960835099,0.47125355673938185,-0.86345185033822636,-0.17991939141730959,-0.2630370730723372,-0.33229419686500528,0.9057549695802829,13.503261012232883,10.190657192103691,2.4091137038994326,0.1895641295044179,0.3555868456712704,0.5238095238095238,1,4
0.88221859690470916,0.37102481591186365,-0.28988089494317137,-0.3856765763471825,0.92260670398380473,0.0071026911277569408,0.27008133169954968,0.10553414490916235,0.95703637262420183,-5.406797765796898,-5.7736235116886832,-3.3470217272484106,,0.0733513869044328,0.1875,0,5
0.33316574853726694,-0.87332985361544313,-0.35538085315001133,0.93620896658655217,0.3511322020788531,0.014796876230968857,0.11186310779046715,-0.33764055361772344,0.9346044626836395,-24.267860956736115,18.135583998112576,-10.310697859203579,,0.1081612061402717,0.2380952380952381,0,1
-0.1159470123376317,-0.92703192224235842,-0.35660637329360084,0.99306774853784641,-0.11517461770111201,-0.02347880430038677,-0.019306401631330832,-0.35685658545281262,0.93395965666350356,-5.8906730780594225,18.158673664040936,-4.1388939427817784,,0.1033926852166491,0.4705882352941176,0,5
0.49249855362415984,0.85981786668434634,-0.13475314767563148,-0.85875252255682089,0.50524897364298837,0.085250100498500486,0.1413834491035216,0.073734054297094523,0.98720515069386972,-8.4117951952238936,13.326694798071212,-4.7078523562846621,,0.4009567514973537,0.328125,0,3
-0.95102188666714782,-0.1545256261003623,-0.26772971810830248,0.1746458573879979,-0.98320963508013814,-0.05289270254764869,-0.25506116046405647,-0.097060003935060493,0.9620411426019454,-10.153366094008648,7.6047730453696012,-5.2721307490040132,0.1029369372474051,0.119725968803737,0.4642857142857143,1,5
0.89197423659699326,-0.27401898106834188,-0.35957691703094463,0.33804138657005944,0.93238327768925289,0.12802126562113619,0.30018324772212535,-0.23574355028232155,0.9242916186395308,-2.2502008945918499,8.8056728777490036,-2.6597852283906271,,0.1400884203081806,0.3111111111111111,0,5
0.0038180439581188344,-0.89724473952070505,-0.44151704377380252,0.99999057359459931,0.0043386626827883572,-0.00016949357233933757,0.0020676707378004529,-0.44151223472124634,0.89725284693288843,9.9075643222640117,-7.9078031175709205,1.5415755601357806,0.6397449412072211,0.412827670305044,0.7865168539325843,1,6
0.8197454151510617,0.49663011446191835,-0.2852647607896116,-0.51390943006525847,0.85768765064933172,0.016400963801874127,0.2528132750248962,0.13315563575444678,0.95830841832784419,-4.8397616577343063,-2.3740515161980773,-3.2383626038786888,0.3603892817777634,0.2394551757914686,0.8650793650793651,1,5
0.92681355957761757,0.16612620324221594,-0.33677694454845303,-0.10330081859332305,0.97501239354917213,0.1966717399716186,0.36103402424288927,-0.1474887013362062,0.92081567988232293,-13.115510505292347,19.22067346080118,-6.5700061009720061,,0.6155316357210655,0.7272727272727273,0,2
-0.17926030198132867,0.98262571176824443,-0.048087989202225213,-0.98083252188319259,-0.18230037109112576,-0.068805077692668776,-0.07637609671761976,0.034832244716473608,0.99647047451401793,7.4055062333433126,14.562664798574312,0.2976821999349451,,0.5849952504896825,0.4615384615384616,0,4
-0.91501347235998076,0.32391221144319793,-0.24048123560416923,-0.26928182627947939,-0.93425541031415771,-0.23378221988490469,-0.30039581128124798,-0.14915665448347476,0.94207995891430518,17.034954834525095,-7.2985221306461359,3.7176562623594318,,0.3231406942098777,0.3548387096774194,0,4
-0.45121737590762806,-0.8294152663639095,-0.32935269180852311,0.88289491531287267,-0.46865168752615416,-0.029362634309008415,-0.12999787765079326,-0.3040327477449985,0.94375030601580034,-0.458019566762293,11.558541704335333,-2.0945895753468089,,0.0747224835959554,0.1363636363636364,0,5
0.74487807458074429,0.60416763183269251,-0.28308678290333378,-0.62679283899574123,0.77907002690728222,0.013439871961658476,0.22866436318880592,0.16742570238873963,0.95900012679201219,-2.3598927520921484,-10.00658445980698,-2.2644406900469241,0.1882471072052729,0.179484446732934,0.6153846153846154,1,5
-0.56451024531671035,-0.70494070968256939,-0.4294028164377855,0.80761004261851765,-0.57920505218514307,-0.11084911630194311,-0.17057022598971738,-0.40936548872058198,0.89628438268798138,15.767619975235641,-0.024124482146931161,3.2874236575803923,,0.07493076856335969,0.1785714285714286,0,5
-0.7428149226423072,0.6087211138822991,-0.27871956553818777,-0.62491028596345832,-0.77979021163539752,-0.037607982326768798,-0.24023556189076606,0.14623895292128769,0.95963589108135872,-2.7637268540621012,13.847476342626962,-2.8546420337913303,,0.09441809600262671,0.40625,0,5
0.91846035346533128,-0.20531492923374295,-0.33804786487431393,0.27310007207317682,0.94745704140573406,0.16655781375942602,0.28608902416199916,-0.24529764475925381,0.9262732511141617,-8.1739849470086003,14.474639998480379,-4.6321922710763506,0.4748102040107099,0.1737036728738861,0.2558139534883721,1,4
0.9334875364158628,0.25264455361028698,-0.25450294475173291,-0.21010951561008093,0.96044192083337998,0.18277119071666201,0.2906114430065373,-0.11714113810676482,0.94964358732985277,11.985535233601768,-16.750012562594417,2.3642915343934292,,0.4883781433631004,0.3333333333333333,0,1
0.86253770500150617,0.47914577765673105,-0.1626285067399352,-0.43004700506281246,0.86353997924544201,0.26335959766313277,0.26662385656058629,-0.15721968069713202,0.95089099854518133,9.3899182438704081,3.410019396414691,1.3000441180612488,,0.5424262771511185,0.3333333333333333,0,1
0.93500715950678848,-0.1550409756680298,-0.31894185604111464,0.21093195350541755,0.96612037146915608,0.14872504436942363,0.2850777484501974,-0.20633401003277202,0.93603256014006297,-11.72563575004939,8.3599535933175577,-5.8601660306853747,0.4350854848637971,0.3588352867803941,0.3961538461538461,1,4
-0.27549128962867742,0.92819852830480121,-0.25010406112562306,-0.95650278142707479,-0.2906447596378573,-0.025060981970427564,-0.095953001313132641,0.23232114787047137,0.96789457369651,4.2099323836341442,10.566760406204546,-0.59642516572836168,,0.08161618464361151,0.24,1,5
-0.36915707682877907,0.90060378164040045,-0.22942511005171412,-0.92069186006179693,-0.38804368481521995,-0.041816234777596037,-0.12668682426827024,0.19579307232391172,0.97242764326544329,-0.49505386213567215,16.196282035345945,-2.3548955807901151,0.6137188662546501,0.6131186720606258,0.5434782608695652,1,5
0.55492658845092013,0.79770846826858954,-0.23604593002804283,-0.81610604910148166,0.57704348123510407,0.031491862187592055,0.16133009034334911,0.17516283971394372,0.97123147680311217,19.908625073275051,1.8189512324578523,4.5570981644389112,0.2586002231001604,0.2344114662553584,0.5510204081632653,1,5
0.44039136865006473,0.89025395015910513,-0.11620390115926496,-0.88823450881178934,0.45088055504042107,0.08801239936691499,0.13074746565192835,0.06445641405284154,0.98931818486927992,-16.654440254572833,17.747446945349829,-7.7318045299116882,,0.3406177891568828,0.2727272727272727,0,1
0.94262325730038399,0.17258004990127937,-0.28579279412274311,-0.11747840858766756,0.97274228275967689,0.19992817422064549,0.31250634923489423,-0.15488246417062079,0.93720392870512115,-6.0292485961507456,-1.848738207705914,-3.6204378964995292,,0.2777442993912726,0.2115384615384615,0,3
-0.68025743405115646,-0.6051794535973033,-0.41353071513710477,0.70304184426179928,-0.6982977230503451,-0.13458252189519573,-0.20732097972733954,-0.38228015764145035,0.90048869645238949,-33.624983476095707,11.889676585878117,-13.524904727199541,,0.1552093946292904,0.2857142857142857,0,2
0.60944905113721737,0.75900292225735522,-0.22909914463554629,-0.77233068488214407,0.6336454238993674,0.044707828854334636,0.17910099736579491,0.14969315540860545,0.97237584912748198,-20.493022004665221,15.820892657714721,-8.9585107144373612,0.4175467127077869,0.2887360042764784,0.6111111111111112,1,5
0.94687224489928934,-0.022674204534346702,-0.32080965117669796,0.12222667747812162,0.94803637239879635,0.29374763985705471,0.29747872386447943,-0.31735298495156028,0.90044072086411986,-10.037139410726564,29.11047571343547,-5.9475464622750893,,0.5809970852466486,0.5652173913043478,0,1
-0.91095030415683564,0.29232114589126162,-0.29106337973264446,-0.29390542739504444,-0.95502591818027616,-0.039307700920538917,-0.28946354365326576,0.04973774491009806,0.95589592196376361,-6.1088850905852272,9.7595419555724021,-3.9427212711971058,0.1585441385441196,0.1387355032505861,0.5833333333333334,1,5
0.9171635062418495,-0.22840158186276582,-0.32656365416368982,0.28548385854198638,0.9483192157053657,0.13852664594199438,0.27804688333109379,-0.22028023635030394,0.93496874180013023,16.613637692810254,1.464377200613985,3.5298558105287987,,0.09478402313061181,0.28,0,5
0.73963168064970286,-0.54957601030353198,-0.38847288950214798,0.63837335409338736,0.75568496469643864,0.14635468873698926,0.21313009586366433,-0.35623930584733954,0.90976322150686606,-0.98059622224273046,-23.439288767638484,-1.6291043385322908,,0.5112919802798982,0.2941176470588235,0,5
-0.79432676148078385,-0.45817437101966213,-0.39890003977962507,0.55698811636519274,-0.81140799606863723,-0.17714768455679314,-0.24250615295988684,-0.36289572835267075,0.89972076563786219,3.6778480845589576,3.4695870660236556,-0.56552282478472049,0.6072083869633217,0.2619558326953138,0.1848739495798319,1,3
-0.18563039172908785,0.97152464409741024,-0.14724545350504289,-0.98103015121581116,-0.19175735553354833,-0.02844220463085724,-0.05586770150980435,0.13917249193062789,0.98869096153339608,14.515431090786871,13.563534510293735,2.6028592179194288,0.4446726379992313,0.3062138344160067,0.6176470588235294,1,5
-0.18606053528249644,-0.86850856133833987,-0.45942829265555407,0.98045350696513633,-0.13367365456196706,-0.14436853797075364,0.063971852327065939,-0.47730936818593284,0.8764036565143879,-11.956841199929462,-10.757451667638048,-5.2993031463323339,,0.611641821203593,0.7142857142857143,0,2
0.75205266694722683,-0.57252995180303234,-0.32653673671729616,0.61278641674084766,0.78980326118792843,0.026525762473965413,0.24271298604622632,-0.2200460472385958,0.94481222658218933,-15.603534644173433,5.3276333698073968,-7.0833108747414659,0.1612818708956816,0.1271961817093254,0.7129186602870813,1,5
-0.54392380097677673,0.80169630581723739,-0.24785062430821211,-0.81797056767575305,-0.57246759764935851,-0.056612719929174445,-0.18727265990310085,0.17194151005666766,0.96714273402236295,-13.61453951542563,-9.4949116645266631,-5.8562717608751607,0.2168043937664336,0.1880979724875582,0.46875,1,2
0.5070155214326002,0.85509947494191607,-0.10835196805082843,-0.85037580827094428,0.51676691014738896,0.099060311347476282,0.14069913195882483,0.041914776997854182,0.98916475156328409,-18.991879465536751,13.646295721061239,-8.4148168391756748,,0.4302331558188809,0.2833333333333333,0,5
0.89456181233402188,-0.30098464328922797,-0.3304049158498199,0.34691800984401278,0.93368987458727282,0.088719290681745278,0.28179258038411836,-0.193988305310549,0.93966029981222554,-7.3935622874074172,10.323851832695759,-4.3170452647164934,,0.06971229367717888,0.2857142857142857,0,5
0.53873011358113099,0.83234618923695447,-0.13026774728835502,-0.83406748305419365,0.54873182671671938,0.056787463931540154,0.11874888813165942,0.078058975210114984,0.98985125041929545,-7.9599131910517942,11.991751679063386,-4.5834403476048315,,0.260556685565575,0.3888888888888889,0,5
0.81426703657802857,-0.44590207858402248,-0.37167261058205936,0.51943060747376435,0.8455290129006523,0.12358208754784919,0.25915446583431861,-0.29368695009771267,0.92010159122807322,-12.927737143199055,27.461153012562701,-6.8478701994648086,,0.3590510430365889,0.5172413793103449,0,1
0.58006623294440052,0.78369292456617867,-0.22214536993284886,-0.79245124265089495,0.60604494904534267,0.068778977585309556,0.18853167749411504,0.13614301201875095,0.97258464251689558,-18.718340225795167,9.6666541296713806,-8.2459850254717537,0.9125359702799402,0.5065877779525052,0.3684210526315789,1,2
0.55934643936419415,0.79034509459683755,-0.24997238290921728,-0.80084821350746693,0.59307043111797419,0.083124019726176737,0.21394789013331139,0.15369481181957509,0.96467829100029456,5.7935567793101139,12.537712279802612,-0.15867133625365171,,0.1527818795985938,0.3333333333333333,0,4
-0.63921214560121831,-0.69610623341925071,-0.32686992016817917,0.74377681842181953,-0.66762725105360265,-0.032709295757119547,-0.19545812158670714,-0.26402644838249539,0.94450312718398288,16.944548552442495,-0.45109624676611099,3.6383747740792649,,0.0850816728218035,0.3333333333333333,0,5
-0.16990672767754317,-0.88232457931776331,-0.43890208546057363,0.98284041140250833,-0.18417403466634275,-0.010229890950968542,-0.071808283672965947,-0.4331088335354662,0.89847666008054461,10.692029665769869,-16.24902330658044,1.9491844199898758,,0.3018474946422628,0.6086956521739131,0,5
-0.89478698202410967,0.34873233456383068,-0.27882255222604851,-0.34054029641577682,-0.93690760276112428,-0.078971199848170276,-0.28877077988820443,0.024287913003494865,0.95709013889220207,-1.4901391865458773,5.4007800558675605,-2.3813967106158511,,0.07739880044020084,0.3181818181818182,0,5
0.0095567736274032016,0.99899785357140058,-0.043725926377464634,-0.99994153323379276,0.009326260113252785,-0.005472749432453892,-0.0050594655730663738,0.04377567169139529,0.99902857435414771,2.9311649825053583,6.4345567013554312,-0.8464736523242451,,0.3748584051885053,0.1538461538461539,0,1
0.93387196998842215,-0.11945832421761156,-0.33706505669538589,0.20227783384837031,0.9537364661368144,0.22241949351276044,0.29490137606249789,-0.27589212010490943,0.91483152353887776,-19.33848614660123,20.487794260009768,-8.770224679405084,,0.2206860023290764,0.2962962962962963,0,2
-0.44568111905578928,-0.79331959401527907,-0.41474373035479628,0.88678816161531449,-0.45458855089810507,-0.083402672686744728,-0.12237277694042367,-0.40496082667807942,0.90610795842443415,-7.9425880097991008,-11.126962129515025,-3.9694671041565104,0.7744875677578349,0.3871158499911584,0.2083333333333333,1,2
0.67346061483268937,-0.64879081044219455,-0.35428983128920905,0.70678653777950307,0.70555154139116449,0.051476329067010107,0.21657236731134244,-0.28507456345018278,0.9337177855170421,6.3600684147249336,-16.358403782242917,0.61827441684419437,,0.311416813210672,0.125,0,1
0.44237785608504471,-0.76176410951897233,-0.47330463117781424,0.88492291297715808,0.45647513243645255,0.092422354196074641,0.1456477618558592,-0.45972371585104282,0.87603700524035455,-22.62272596246585,17.44577442747844,-9.7903173575948799,,0.2717387066384768,0.125,0,1
0.085293314822951521,-0.87287880334045997,-0.48042444268109163,0.99575054299875021,0.09148318563922192,0.010568011307347861,0.034726165411767831,-0.47928428038505944,0.87697244655209605,-10.996285215248466,20.053474198899075,-5.9166408884147028,,0.4820261725137031,0.325,0,1
0.94294027834320171,0.15130145306506312,-0.29659990185171048,-0.12177160372963779,0.98578726664975191,0.11573738132652585,0.30989564050363116,-0.073015992848211739,0.94796274018825921,-14.87639734229157,14.496752225329569,-6.9453305180568412,,0.1352891249753795,0.4705882352941176,0,2
-0.029984790260811633,-0.94711684952037667,-0.31948487555377636,0.99954967889950541,-0.028783640836519114,-0.0084818295249697705,-0.0011626542527815944,-0.31959533065235962,0.94755341425182904,-4.9625084885375559,-3.3827139078831197,-3.2908128726065389,,0.07350818990814316,0.3679245283018868,1,5
0.93600793480344435,0.1763628688051421,-0.30460677026587929,-0.16669172279573849,0.9843199442330437,0.057689833908980741,0.31000486373019787,-0.0032227149854336481,0.95072950862574124,16.913159018748978,0.57030591294808231,3.6463085110455054,0.5754044240341188,0.4059410365100138,0.9553571428571429,1,6
0.33756560402145563,0.9037659343199933,-0.26316648522245267,-0.93704505413230599,0.34919773352866146,-0.0027403329414275633,0.089420520619227284,0.24752389553567472,0.96474654268933802,-11.949354457486377,13.399705879688446,-5.9000199115176724,,0.08249136908741964,0.2888888888888889,0,2
0.93282047835959836,0.21948661647377524,-0.28578240033610219,-0.20761082050881757,0.97558693558217013,0.071609205616642052,0.29452283843638632,-0.0074670148175093251,0.95561526846795919,-3.0113287140687661,-5.8362600011336907,-2.6208132663149173,0.1824036313647072,0.1894474077348432,0.3875968992248062,1,5
-0.73174976242910572,0.65337758115263533,-0.19401036475425024,-0.63807113830861795,-0.75677094213181606,-0.14199635066601909,-0.23959863864907621,0.019886618416755049,0.97066833406960107,-3.8460458106822641,7.3540985415086286,-3.1037090722494063,0.5594892802738037,0.6024204251754646,0.6236559139784946,1,5
-0.43407208737568165,-0.7336218663967875,-0.52285789666582794,0.89163169950646526,-0.43279562317728087,-0.13296939871189356,-0.12874135076397131,-0.52391497946048859,0.84198501109009349,-8.698298365141385,-12.509608252773811,-4.2232364934835154,,0.1651070720306942,0.2,0,1
0.41308604348529787,-0.80031650312334912,-0.43457268149997302,0.90149246674738959,0.42700862537034984,0.070533440700358344,0.12911720673624139,-0.42090037857875429,0.89787060216764647,-0.37247224317425598,8.4606012229267922,-2.0066335191449336,,0.7598024867575447,0.7424242424242424,0,2
0.71586626986753144,0.6368390567716159,-0.28630665279763395,-0.66300717457509861,0.74857715307947537,0.0073302352876545192,0.21899079918547046,0.18457589674078842,0.95810999797228014,-2.5887660331219489,-8.5052446791267275,-2.3051232655802556,,0.07512226689417,0.1666666666666667,0,5
0.50474348547990078,0.82054689434721606,-0.26821038019200721,-0.84992133409896176,0.5267704547445291,0.012108420693233184,0.1512208309362286,0.22184607768762091,0.96328426650993104,-4.6590715489637944,-11.463343016487709,-2.9709553398640955,0.5370453142884913,0.4546469478036834,0.7945205479452054,1,5
-0.67781722576811232,0.68703240739195559,-0.26182108327106685,-0.70377005087521072,-0.70933582681436569,-0.039375122713266132,-0.21277105992856382,0.15757270065209625,0.96431287457239834,-8.9049665053872644,-15.461314983154162,-4.2408283566791978,,0.1344574199373749,0.2,1,5
-0.76145144966849254,-0.52284963235816873,-0.38317091713839441,0.59077307307018034,-0.80303558020134902,-0.078237031295273096,-0.26679367671098547,-0.28594076112651362,0.92035809074154606,5.8880362028452549,-13.358650455851526,0.34951298378417339,,0.2314731832558422,0.4761904761904762,1,5
-0.93711095937767586,-0.12568944895365711,-0.32561512900352085,0.18328187711797461,-0.97114210611763796,-0.15261311623026352,-0.29703670368216301,-0.20269477582593567,0.9331045088941059,-23.861282828339434,14.858079716004152,-10.186966632353707,,0.2603097178713454,0.55,0,2
0.55062483065336154,0.81821694913037302,-0.16532791664973262,-0.82913789897093437,0.5590201658853815,0.0051767386977382163,0.096657334734726513,0.13422920058342214,0.98622506627681805,6.5357886378702235,5.1677489473058733,0.31062837614032274,0.3939439415033015,0.1521831398239373,0.3181818181818182,1,5
-0.95642733997176987,0.057891307146078382,-0.28617361847564277,0.014215594606766111,-0.9697501828094246,-0.24368524742188252,-0.29162417633745735,-0.23713536112947478,0.92667262842791098,-3.9274093417946383,16.398279639783496,-3.4742828960361485,,0.3568031722056117,0.2352941176470588,0,3
-0.57581438830259857,-0.69166573121127428,-0.43593153876689916,0.80228911834978311,-0.58066365675126907,-0.13842647256132548,-0.15738475403046856,-0.42945108452094599,0.8892703780080341,8.6452304643246052,-11.419542555871216,1.1911202380015249,,0.2545414870511045,0.4090909090909091,0,2
0.95113724168183933,0.1136788600112961,-0.28708024012877437,-0.083869259673273994,0.98992038858634179,0.11412086374946244,0.29715971255827989,-0.084467396358586716,0.95108430971427682,-10.870118996337718,-3.3924873380066769,-5.1989082817305592,0.3530043568724633,0.3065127644745456,0.808300395256917,1,2
0.69045141618273487,0.69802090189335708,-0.18985168529997568,-0.6920349466509379,0.71379832942591304,0.10760844540560267,0.21062875991917748,0.057085597384638261,0.97589792502400052,-16.544336600167156,20.064201707985781,-7.7724345072920134,,0.6740674494479,0.15,0,1
0.43772250943887625,-0.81796068072166384,-0.37328183658448277,0.88573409808549608,0.46363833697137879,0.022684796209947369,0.15451249858573077,-0.34055809678198201,0.92744060213958102,15.95166878735624,2.6592710403833548,3.2865359269532712,,0.2075909138506441,0.3207547169811321,1,5
0.27905746195165049,0.92249653995074132,-0.26669658173290089,-0.95684407328056875,0.29057563073926018,0.0039015699828475214,0.081094712262594806,0.25409828137827273,0.96377264489279613,-6.0258913764780786,-8.3839323593950486,-3.4448424753640126,,0.07435330356685126,0.3230769230769231,0,5
0.93864397096653363,-0.14501662060564624,-0.31291800126597996,0.20719372644263498,0.96243218066883152,0.17548520546146629,0.27571408286663984,-0.22955277685350822,0.93342769786837365,13.274541361725321,-5.6737042542363438,2.4848816495671309,,0.3732160532179002,0.2272727272727273,0,5
0.29438228614659256,-0.81098776367898984,-0.50560648410207099,0.95181788610128726,0.29636064289957764,0.078823099646151418,0.085917293374406276,-0.50444941917213171,0.85915598245959757,-20.142226334717318,9.1638401905416877,-8.8095876678378833,,0.2778337457022234,0.34375,0,3
-0.80267200413156004,0.51965594609116184,-0.29270352146075074,-0.5388370834581272,-0.84222565262463633,-0.017622359414810482,-0.25567997824187183,0.14357453727282163,0.95604084691666347,-15.448769324252609,30.379625700251378,-7.7076276615927846,0.5258572479430729,0.5283553154588372,0.7916666666666666,1,1
0.74205907585874076,0.6485469909867847,-0.16951439000173482,-0.63218898403719193,0.76117458036978414,0.14474234577658004,0.22290225749797993,-0.00024224134971422026,0.97484076900867966,-19.112524304944809,11.15652151112528,-8.4372265871672862,0.7385746266996452,0.4789616236462653,0.3478260869565217,1,4
-0.93227156382370158,-0.19749745654327316,-0.30309154713493136,0.23150302368373807,-0.96951190372920726,-0.080330682510818152,-0.27798575738874631,-0.14505662062210467,0.94956963699493813,-21.612535541886864,13.780447194018318,-9.3534707217520374,,0.09753417629648886,0.4545454545454545,0,3
0.25109713856376631,-0.85499672193504694,-0.45379602519790097,0.96142018340488555,0.27470666255326082,0.014404183092640233,0.11234526223569118,-0.43990550693208436,0.89098916212489421,-22.710701329608554,11.824258355889523,-9.7557868209969509,,0.3641104172034782,0.1176470588235294,0,3
-0.93656359319808691,0.21921843619935508,-0.2734811019544105,-0.19330911026134032,-0.97393311200084243,-0.11868395526913099,-0.29237001177593147,-0.058288683109720262,0.95452721576468302,3.8502031309383948,12.464339607644126,-0.71983935753603934,0.702911988390426,0.8559837243130123,0.7816091954022989,1,3
-0.57652996374215904,-0.74360440749950318,-0.3386232213755847,0.79831206197963311,-0.60094539715542139,-0.039528234662587966,-0.17410069673982365,-0.29311621378734198,0.9400913958811038,-8.55203375585881,-6.0552824908910008,-4.2903306884119532,,0.08403678442648591,0.2571428571428571,0,1
0.33902541947157155,-0.85989065015634436,-0.38164097621432602,0.93388371800181591,0.35662471950097618,0.026077014628872339,0.11367922502915517,-0.36524906463199713,0.92394272256575616,10.369014155209118,-6.3798909502349845,1.6116909171883058,,0.0833031890004971,0.2807017543859649,0,1
0.65809672989160528,-0.6838585945360941,-0.31503351692334669,0.72250408705054237,0.69131284048163155,0.0086255887033738262,0.21188803246346133,-0.23328947525410454,0.94904134917000693,5.901230694327575,4.2559491134793079,0.11284420897775468,,0.06644218498755933,0.2291666666666667,0,1
0.9164123820551674,-0.23801697266491578,-0.32177051875428453,0.27669581271305138,0.95765058025878291,0.07965421116977639,0.28918466979256807,-0.16202866059263707,0.94346114912248424,2.2305221789384637,-17.996466220128958,-0.64394531560475843,,0.3544837262439814,0.3333333333333333,0,1
0.45190691518224224,-0.76042318470125914,-0.4664083191574373,0.88068859081431905,0.46354059162415995,0.097558833153201074,0.1420131895985724,-0.45484799668188025,0.8791732217797138,7.5884161535589287,8.6014572652251875,0.61801863670610857,,0.2280923222350739,0.4,0,3
-0.53538120689957702,-0.70405314308464606,-0.4665577509927184,0.82912990041139101,-0.54338131059755368,-0.13145478133975264,-0.16096761022811271,-0.45721540110315184,0.87466765428449167,-12.548594320304822,-21.471955322239939,-5.4068811715147875,,0.6228476001240878,0.4074074074074074,0,1
0.64844273951813891,0.75339482465483065,-0.10917074585037931,-0.73529808807897579,0.65698641699966775,0.16644990100730589,0.19712619114063512,-0.027660189103760759,0.97998784620276314,-7.117306538317405,0.49776156068062333,-3.9969636504589521,,0.3484418783752535,0.3125,1,1
-0.22432465903520929,-0.88017508383164333,-0.41829447659596891,0.97251386654067651,-0.22968244482164943,-0.038245966151378721,-0.062411751576442444,-0.4153766921033345,0.9075059101308659,-3.5487614395685703,-14.789609126270216,-2.6046756053662472,,0.5939326265239129,0.4166666666666667,0,1
-0.66318256271631104,-0.67114386049162489,-0.33129263051481417,0.7207231198821088,-0.69201965090740103,-0.040828754884264053,-0.20185904234496485,-0.26584717655524981,0.94264426256206357,-9.2373222535006398,-1.6108719537989591,-4.6816734309551364,,0.09109323352863277,0.2574257425742574,0,1
0.39613965447865152,-0.83669338339770594,-0.37817662054658441,0.90815907789331951,0.41775055591910853,0.027047407809862017,0.13535310631637426,-0.35415908178073952,0.92533825242596202,-0.55323426791277641,-19.762133487465327,-1.5450339823473327,,0.0732822631557376,0.25,0,4
-0.94815972000879989,-0.048367317752625538,-0.31409194183590616,0.11574762260804203,-0.97302235025671391,-0.19957453184584192,-0.29596559464474914,-0.22558392778369038,0.92817900122350472,3.2630326461954628,-22.115236968156516,-0.37717445807796618,,0.1935044144514399,0.2631578947368421,0,1
-0.15685968698871428,-0.89814729815208516,-0.41076327662038048,0.98702892898163164,-0.15696158439891708,-0.033718754074763858,-0.034189646841921773,-0.41072435019741682,0.91111831076086613,-9.393257447897648,-5.151038220789955,-4.5950782904077334,,0.2127273797315881,0.2571428571428571,0,3
0.075749253086639726,0.99676520537440161,0.026854720474111134,-0.99700343074539599,0.075288588944697893,0.017770409579590234,0.015691071943187383,-0.028120343697095269,0.99948138378442586,11.40837246598424,-5.3860048616614025,1.992770791263516,,0.4234531903693286,0.3888888888888889,0,1
-0.83623089730633748,0.50612640455118874,-0.21107806377339003,-0.48903233558262643,-0.86243873697644968,-0.13056339348020657,-0.24812347963229606,-0.0059571451679542144,0.9687100966112665,17.084278960300281,14.067898187972364,3.3423029382600573,,0.1460570368686021,0.3636363636363636,0,4
-0.33160509321982462,-0.8014372807141622,-0.49773119977771207,0.93972326334756096,-0.32724477688540754,-0.099151622904676703,-0.083416128381043356,-0.50060877048121044,0.86164529154589409,4.1348427595464008,8.0278813050167486,-0.48741362671627902,,0.563945208007225,0.475,0,2
0.93568460270851994,0.19882478495547953,-0.29148418334723991,-0.20030381289629165,0.97941277826602824,0.025079719065973574,0.29046980358276048,0.034918686353127087,0.95624681884436402,6.1828183912032717,3.2265490891775124,0.23353462881827253,,0.1012240380596437,0.24,0,4
0.94285399370956724,0.16574475197234462,-0.28905885860762842,-0.14653542951376528,0.98536910521451071,0.087035018159190639,0.29925526635823013,-0.039703950463150041,0.95334667454944455,-4.6087001889770809,19.335801033017834,-3.7583897330394369,,0.1592614442994734,0.3809523809523809,0,2
-0.46647776316546946,-0.6827517921958639,-0.56235974849332493,0.87353761931017704,-0.45552104412654393,-0.17155933669658222,-0.13903425521089491,-0.57127101152710247,0.80889981287348134,8.5168429690227452,-22.201270559720225,1.2558879055087797,,0.6980431084412874,0.2727272727272727,0,1
-0.32031342568545951,0.9247197943925336,-0.20565167440182908,-0.94321011179595815,-0.33150015773111469,-0.021501870386136764,-0.088056767664397448,0.18708540104154692,0.97838901178704063,1.0839439161200006,9.9995303111035909,-1.5042280085506343,,0.1082251936106491,0.1621621621621622,0,4
0.85821951678451369,-0.3625680674493475,-0.36332307589279533,0.44206253654531186,0.88182290970337829,0.16422262239226756,0.26084473311393752,-0.30155058014919134,0.9170753910221372,8.8246147744666104,16.837333713986744,0.67699669271351093,0.2204637004611415,0.2321194006283501,0.2857142857142857,1,4
0.89889929444473349,-0.2732661816587641,-0.34249912760239315,0.32715123480816533,0.938575103839558,0.10976722651163444,0.29146548339426692,-0.21071869498030571,0.93308386738574811,-18.573760848416942,8.7374397623167912,-8.2310328117149734,,0.1109176020979174,0.1935483870967742,0,2
0.6471720670617821,-0.66805098072652869,-0.36725495607997327,0.73248170374946953,0.67842192559082459,0.056694307914568996,0.21127912648260957,-0.30569850838360413,0.92839084047872056,13.275046973536105,6.3438785229833385,2.5451499393143089,,0.1399142884764248,0.3333333333333333,0,4
0.8253127982300964,0.53007887773843709,-0.19461543734546649,-0.5041370644743115,0.84694185473423711,0.1689239915540546,0.25437099933135454,-0.041302276872946256,0.96622436143179424,-6.5717210137509712,-15.158741615581665,-3.5567968090160389,,0.4852864720813568,0.2222222222222222,0,1
-0.84908381724966009,0.48765295659669394,-0.20310407481695147,-0.43215878604062635,-0.8623419027705187,-0.26382802423930402,-0.30380167039145628,-0.13623889550574583,0.94294406431067634,24.035846132745572,-9.3084141278238892,5.8429572978994537,,0.4953267014108951,0.3846153846153846,0,3
0.92416082375245734,-0.21466082844796172,-0.31598655125054653,0.24704057334076052,0.966771656128118,0.065753479229350278,0.29137214514199505,-0.13882828831809105,0.94648242424147611,12.531487671513183,11.314625740087214,2.1496023235065742,,0.1183787754197844,0.1176470588235294,0,1
-0.78020606761660705,0.57660159411443968,-0.24250586326709095,-0.5739030743356992,-0.81405477140925109,-0.089163279514971036,-0.24882474419209841,0.069609128787240196,0.96604389955489001,-4.2633020872606657,9.9843946629139335,-3.314325922372392,0.4780039482924562,0.3992312868276913,0.2134831460674157,1,3
-0.8566054481894132,0.48422510277713882,-0.178194152464899,-0.43860350632067518,-0.86525568905989625,-0.24281589073348087,-0.27176105382380261,-0.12984083483231942,0.95356556525213443,1.594110451695756,12.120480889738415,-1.4482599980435931,,0.1053289198808518,0.1111111111111111,0,1
