axis_00,axis_01,axis_02,axis_10,axis_11,axis_12,axis_20,axis_21,axis_22,location_x,location_y,location_z,dbh,dbh_approximation,score,reconstructed,number_clusters
0.82776937015107355,-0.50410158131317573,-0.24633202300401771,0.55974123264708275,0.7721452844055321,0.30080128364923259,0.038569707212015983,-0.38687627930367791,0.92132465624106874,-5.7325520565360675,-2.9031249729196524,-1.3685604418237902,,0.309029133496607,0.4210526315789473,0,5
-0.6750156010658267,0.72859986954407341,-0.11617301071290441,-0.73771596646639559,-0.66894098424465376,0.091066527431030553,-0.011361828122874347,0.14717401162621579,0.98904535748546607,-29.03100795912788,18.350838624832402,-7.6594231880640455,0.6199502807132419,0.5650619079406697,0.8765432098765432,1,5
0.975904196007364,0.17435852889857126,-0.13118728450404357,-0.14636430348493959,0.96899446300527381,0.19906587183766133,0.16182858486864204,-0.17506808408572302,0.97116562699364783,12.365410196777209,-4.1341942795399076,1.6564072912902514,0.2582533119545568,0.1781969151923845,0.5633802816901409,1,5
-0.16876389245851672,0.98561350403303682,-0.0092070228613468363,-0.98135313521946543,-0.16714782139343687,0.094908533854199575,0.092004198801881987,0.025052474351785647,0.99544341925178115,0.85970542805368189,18.916158896140509,-3.7012275002952628,0.7418760627332361,0.6411409271646165,0.4,1,5
-0.49024542268882154,0.87143487829287736,0.016145538929892251,-0.86580626519719861,-0.48904127614003023,0.1059157277112741,0.1001944942496187,0.03794579194072166,0.99424402447088145,-18.679581853603946,-9.6211140736572851,-2.1143867526673898,,0.6041923850820584,0.3908045977011494,0,2
-0.18286014077715937,0.97684178199614757,0.11109591289308623,-0.97806229766835495,-0.19221949357450202,0.080285790583763658,0.099781314857319239,-0.09397765285722276,0.99056140141275006,7.1041131986911994,18.458787980928413,-2.69197396918584,,0.4845917646913557,0.4193548387096774,0,2
0.94194769782603494,-0.28591874756023516,-0.17602557869190535,0.31980754154322782,0.92368846728446019,0.21100415109130546,0.10226275437474942,-0.25504918192237414,0.96150519700541315,8.9203659741779511,-4.9358410573793376,1.2437272207587815,,0.1287509004471786,0.3043478260869565,0,5
-0.81628708871146072,-0.55396480520493185,-0.16370211787643235,0.54684887952496752,-0.83238459254080233,0.089956617671909045,-0.18609592087215418,-0.016089894186858626,0.98239982875599086,-0.11967382580010029,12.798955469884902,-2.8804477473121017,,0.07230329317211966,0.3809523809523809,0,5
-0.016906122712459861,0.99095934359237936,0.13309305902935656,-0.99391057816706896,-0.03115200544512112,0.10569444244779311,0.1088850110090179,-0.13049571603584414,0.98545163375675537,-7.8769329267688155,0.0080144299265140651,-2.2552598983959524,,0.388330835133169,0.2594936708860759,0,3
0.14769406017037678,-0.96662490047875238,-0.20933887924805547,0.98230165121871749,0.1187127700955416,0.14488182849903927,-0.11519518480983069,-0.22703211224557185,0.96705040685888932,-18.83941752903678,8.1167320032314674,-4.9718617553108615,,0.1819661861263226,0.2121212121212121,0,5
0.20247070804911638,0.97758231778908522,-0.057779099406370237,-0.9656921940430937,0.20910933581526725,0.15398659694640884,0.16261672345219419,0.02461904996175833,0.98638212860567143,-2.0553391420130991,-17.595113221227724,1.6155474781124555,0.2757779550870909,0.3276983226358264,0.7450980392156863,1,5
-0.98445770121088882,0.11340577484509559,-0.1340975941557363,-0.10213700910423017,-0.99085784724982962,-0.088140557717072437,-0.14286730170971762,-0.073074323638455008,0.98704056518816274,-15.066315521000604,-2.9335360836508868,-2.719325767714099,,0.2204673335512057,0.3095238095238095,0,3
-0.92197734713266655,0.37669933764496111,-0.089751770968919356,-0.3752283332276159,-0.92633104756738605,-0.033383952071825332,-0.095715564656094931,0.0028981598569087371,0.99540450639526845,16.69026550087392,-6.5856780800927748,2.732054626020648,0.6231416425501105,0.324681534263606,0.3636363636363636,1,5
0.4715064707173775,-0.84977577286009254,-0.23571759359809613,0.88074485309405215,0.4403210408945924,0.17437283244198673,-0.044386392283910427,-0.2898249761589522,0.95604985820535715,14.117437048729995,-4.9137041577216962,2.0634292470556712,,0.08840055438066154,0.2580645161290323,0,5
-0.36857600628641796,0.92502247930164494,-0.092114821698763186,-0.92676175950220274,-0.35790900538198273,0.11407797767695488,0.072555969529311357,0.12741489965118047,0.98919213231431624,-4.0655451434220433,-4.1601931207064471,-0.93340075372517528,0.1872376178906893,0.1174012961838835,0.526595744680851,1,5
-0.86913978090177724,0.48634651631266501,-0.089794806779379566,-0.49170144820398259,-0.86925774108489429,0.051192434969377906,-0.053157568493278448,0.088645618247731275,0.99464376903359764,-26.386102997267507,13.641418641058493,-6.6117254784913229,,0.135943627268074,0.5142857142857142,0,4
-0.87299040175643472,0.4809427771355273,-0.081128315416425303,-0.48090931284940897,-0.87651297133908768,-0.021242501948563402,-0.081326448685834551,0.020470862109154973,0.99647727146616849,9.1764039517440281,4.7266482540626384,-0.28153136446070692,,0.4246097487661957,0.2857142857142857,0,3
-0.57928109871808631,-0.79203712248615743,-0.19264113078938877,0.79549664346136761,-0.60087010428171406,0.078359479465985801,-0.17781591298211985,-0.10785320757552752,0.97813556662970058,0.15751338199475345,11.725372838508457,-2.7131443642662365,,0.1293214766988038,0.2285714285714286,0,4
-0.82885485987195651,0.55039897431348206,-0.10030249419284616,-0.55777850370598614,-0.82687397756484859,0.071850998807234626,-0.043390806286012711,0.11550062467689462,0.99235923114016344,2.1801858332933484,8.4610983317942221,-1.9634408697463437,,0.07056733707419285,0.28125,0,5
-0.50260075371353186,0.86425686295176418,0.02127339200422396,-0.86450661662969641,-0.50257136457624974,-0.0070945973417784088,0.0045598432062169464,-0.021956738117080793,0.99974852312028584,-3.1414535089370093,11.846642589282723,-3.2147658578308382,0.9185575725854402,0.7684762952828426,0.6134020618556701,1,4
-0.93533448799443475,0.33452490559341164,-0.11507598839856881,-0.34350616267518591,-0.93658545166348672,0.069362871454916639,-0.084574888544751814,0.10440679704895482,0.99093204053437534,-5.8615088140882516,8.2890023985761623,-3.1223684344951685,0.211376266224856,0.09889877888046719,0.585,1,5
-0.12395426867336475,0.98414595279833594,0.1268545736988112,-0.9857707653122707,-0.13675758595139825,0.097741295982849141,0.11354002612872835,-0.11293407933569793,0.98709399562112965,-6.716579077248042,-19.524183390637653,1.261465455688412,,0.2635050193787757,0.125,0,3
-0.67240564943561854,-0.68797811023083311,-0.27305084224421422,0.70176624223204542,-0.70984426141191981,0.060376036670846026,-0.23536096505278309,-0.15102067535200836,0.96010310474742488,0.73944053922509057,-8.9650450303181035,0.65908683669741108,0.819981301590161,0.5817897309575133,0.85,1,4
-0.29912944003570585,0.93870894095735768,0.17130995963644927,-0.95099687437405733,-0.30800413988398834,0.0271734198270852,0.078272108919458058,-0.15478686630667798,0.98484237468960489,-9.0064696341204851,-14.678737774646109,0.18256213035242247,,0.5386413156130024,0.1538461538461539,0,2
-0.87842332672312684,0.46901586701503867,-0.091632830125484566,-0.47432634312149874,-0.87905809884640451,0.047658987332202148,-0.058197760177352467,0.085328631423902943,0.99465172063876861,-14.638466218820675,17.440041114217021,-5.6223348062927005,0.1456012554963822,0.1376890767685643,0.3870967741935484,1,3
-0.038905206062786989,-0.98136065145961748,-0.18819579354482877,0.990564531636282,-0.062645210909418214,0.12189128850868806,-0.13140887947701937,-0.18167787239196256,0.97453827891864997,13.230851288613641,-7.4697810175212593,2.316572844421505,,0.08785014855256344,0.1666666666666667,0,5
0.20846876197281847,-0.96361875559943377,-0.16727124420688541,0.97348295601446921,0.1879714024754349,0.13037517478703373,-0.094189753321960862,-0.19001485654657965,0.97725260023226934,-4.3518458332216579,6.7691237752114199,-2.7045620125095295,,0.1166092069725793,0.549407114624506,0,5
-0.99117802210883921,0.015383415343666018,-0.13164147910431717,-0.023763829184610841,-0.99777273087012752,0.062328628690610628,-0.13038945091874862,0.064907072529360219,0.98933597075249136,-11.97183846684516,13.1466350332994,-4.6836770779804091,,0.07740470315761762,0.2439024390243902,0,3
-0.88116885452826477,0.46012153198497058,-0.10876408236706279,-0.46765137727748313,-0.8820573333245223,0.057245524356978647,-0.069596258087764179,0.1013066460417873,0.99241791818162217,-5.4414329172866074,10.986407269511458,-3.4433737496172778,0.1937073875811201,0.1861625238396415,0.6588235294117647,1,6
0.89911787087007899,-0.40612780904953077,-0.16323987563914114,0.4318729620240348,0.88381684219240275,0.17987088182814601,0.071223584258594291,-0.23222401291355729,0.97005113724570291,-19.219597083489319,13.588679596495718,-5.7081746584370565,,0.07612597500972629,0.325,0,2
0.6505019089133961,0.75305352939395342,-0.098780809711899911,-0.73711394419206944,0.6573097037784088,0.15686614228810489,0.1830581868631917,-0.029229012745067773,0.98266747429448886,5.3325061087606889,3.3685578934895801,-0.7128749053268032,,0.08933594349140236,0.5,0,2
-0.94667711953622846,0.30671148834935374,-0.09864326769280693,-0.30864226295194741,-0.95116722088028316,0.0045685274192859672,-0.092425022945582913,0.034770401743494515,0.9951123726977299,-19.219534696697281,-3.0276914695971708,-3.2642972709044198,,0.1866762830144727,0.1578947368421053,0,1
0.055689610754665581,0.99831632979918628,-0.01622260491647665,-0.98961028753419578,0.057346418933884015,0.13184410127853965,0.13255242759180305,0.00871171003544754,0.9911377099312576,-23.775822318677822,-6.2383068140655356,-3.410130209359151,,0.2838878066069335,0.2307692307692308,0,1
0.5791125460523957,-0.78031788506540978,-0.23607765089427404,0.81186880445551524,0.52566584654129445,0.25405602164089292,-0.074146499288134701,-0.33879110972260051,0.93793543520662692,0.01357589637758206,-10.051910141441626,0.72011269732314809,0.5919347124862236,0.1996393499072097,0.25,1,5
-0.49700934515891565,0.86634023525421933,-0.049358966808161049,-0.86680548419618841,-0.49302080063376902,0.074690981449225285,0.040372805105875174,0.079906738902927821,0.99598441237088742,-27.530130076343134,18.06429949257301,-7.4842966948999967,,0.0900914842217472,0.2307692307692308,0,1
-0.60492196319732849,0.79488829829198104,0.047138218888390683,-0.79610464566381411,-0.60498353574297581,-0.014571020294471743,0.01693551280547442,-0.046341285247685479,0.99878209519775107,-5.9934814761673882,22.258433345719638,-5.2544511822471884,,0.2479868096635999,0.25,0,2
-0.6664746404534041,0.73935899636361258,-0.095706991012657158,-0.74552682886354005,-0.66076285711225979,0.087075795175909257,0.0011406477016830151,0.12938593879179597,0.99159365556955126,-13.489819983680984,-0.62166095656584996,-2.920509067899308,0.1206679894581374,0.1340910787089619,0.5131578947368421,1,3
-0.13169667012838973,-0.93284638392472263,-0.33534103696932527,0.98271993287686887,-0.1672475283727439,0.079308245344920522,-0.13006736948049641,-0.31910168951570361,0.93875267836882736,1.0097516681106127,-3.8525190498147479,-0.37707355298133388,,0.19238597589928,0.2173913043478261,0,2
0.98873391565923496,-0.073926233050589207,-0.13015435487184374,0.10465193619407512,0.9630978863776728,0.2479726466884796,0.10701970041065839,-0.25879987117811376,0.9599840677856083,-20.356952189221023,15.140494889401754,-6.0576506270663781,0.5221452002543373,0.3453545233431038,0.8916666666666667,1,4
-0.53256494093899698,-0.7590555282464504,-0.37444530805064724,0.82737468259462998,-0.56013065604112633,-0.041289015056937162,-0.17839764091511159,-0.33179564976268,0.92632927650727048,-15.186150910758768,-2.0126931927040514,-2.8904984980340767,,0.1227393258669138,0.2295081967213115,0,2
0.64490519739987051,-0.66099000636097915,-0.38365283507038833,0.76423130835716513,0.55319735700379424,0.33154666569083757,-0.0069132982959966933,-0.5070156759853971,0.86190910809188059,-11.504465793325435,-10.465678475732114,-0.99017709891098182,,0.5817716475633656,0.2777777777777778,0,1
-0.96956379582324193,0.21525950961738011,-0.11665928744901327,-0.21303716978872528,-0.97654117942889362,-0.0313446832498692,-0.12066983930227272,-0.0055379056429132262,0.99267724940377944,5.6807885087486349,11.501044666198583,-1.8586903466358298,,0.3638089272503886,0.2631578947368421,0,2
-0.44427152408806869,-0.87325500192743855,-0.20012124947934842,0.87921128694390505,-0.46788730701857056,0.089827506039931351,-0.17207651145612093,-0.13604105828616964,0.97564466106542713,-1.4955076887405419,9.1290314171768738,-2.5878247211190701,,0.07448873439550699,0.3055555555555556,0,4
0.45714053355135514,-0.8397419939419114,-0.29301180214258332,0.88912964127436211,0.42345189187647203,0.1736000468708466,-0.021702847548322614,-0.33988509657926863,0.94021652162233071,24.570280667879111,-6.99533455940918,4.0688527102863228,,0.3970964741976314,0.4230769230769231,1,5
0.94213937152344029,-0.29981826529601635,-0.14994136327346128,0.32420780105549002,0.92866634918495405,0.18018910518189596,0.085221513482102815,-0.21837540998559388,0.97213655108397357,0.0053746319040883601,-13.473874258911174,1.288392440352307,0.2264861129412566,0.1876481563105569,0.4210526315789473,1,5
-0.43273120011356964,-0.86535185190450292,-0.25280403646642774,0.88497079707326387,-0.46123108242695271,0.06397325168205506,-0.17196045119673231,-0.19604096767948975,0.96540019795704779,8.4873170287682367,5.8414610231127577,-0.54791907652032945,,0.1575240222429559,0.5416666666666666,0,3
-0.79549368693394462,-0.5849324704096317,-0.15825232734062503,0.57762444324770512,-0.81090655635060815,0.093704639321521288,-0.18313873596543642,-0.016868963456089677,0.98294233882812221,-10.888944617351189,-2.9045366265720323,-2.1232823979735187,0.166424217217298,0.1201238716967753,0.5714285714285714,1,5
-0.3121655624800671,-0.92002630580605538,-0.23686337459887483,0.9336557026117609,-0.343185006591889,0.10252355939521908,-0.17561233038156293,-0.18914451584803807,0.96611834758613757,12.023879005445156,-6.1482843737398616,1.9029591628286222,0.1712560518444887,0.1798078306350198,0.3469387755102041,1,5
0.97528585644085908,-0.16209221348022315,-0.15014530480671584,0.18911321139562404,0.963808331602519,0.18790873638339181,0.11425275271105671,-0.21165919366436869,0.97064241316526834,5.8008601641613611,-9.1261861185372233,1.3987049956252129,,0.07384825495775772,0.2592592592592592,0,5
0.12142673035067388,-0.98223959189699273,-0.14304171862213363,0.98681252462011537,0.10391896139344482,0.12410435413707979,-0.1070354633250996,-0.15622494542465559,0.98190487116514724,-0.14304818507559414,3.4327348069819372,-1.5934265105236736,0.1859520875285436,0.1413303590724225,0.6303191489361702,1,4
0.90178113800835147,0.42381198935444814,-0.084700512464739683,-0.39653030494611002,0.88928060684154664,0.22791164857215465,0.17191421230285028,-0.17194010577802185,0.96999077502486319,-2.0339694496994092,-1.1513802238328579,-1.2330386629269612,,0.1235974233109783,0.288135593220339,0,5
0.39628923308558917,-0.84751126621086437,-0.35309984053535587,0.91599236266416917,0.33875774833653527,0.21494459631001347,-0.062552660066135718,-0.40861698641590866,0.9105598954110774,10.588615552147068,-0.35611814810951098,0.73843359485596982,0.6206118265657649,0.2856661184505476,0.1578947368421053,1,4
-0.94602632051383118,-0.24786056445905513,-0.20880455330547881,0.24757318618667593,-0.9684662693856757,0.02793926526538584,-0.20914520882974927,-0.025263128235250201,0.97755821104184382,-30.67156819617162,22.270405759869167,-8.4707351582407906,0.582336418536734,0.6693671025742236,0.9351851851851852,1,4
-0.08788557232149169,0.99092381592334799,-0.10171586510291512,-0.98949257120265544,-0.075075044359503434,0.1235645145224822,0.11480669715866734,0.1115066309702215,0.98710976772453696,-6.73799275579315,-6.3525455324914821,-0.97193212507900129,0.1556895713509183,0.1537886690576498,0.6666666666666666,1,5
0.50103188259749432,-0.80710109345389192,-0.31233776199227486,0.8634165060611404,0.4415797439321823,0.24396570826647199,-0.058982960946223031,-0.39191217727230743,0.91810993656734596,-12.936892642016803,-10.988235091551823,-1.0629311273229938,,0.3852871190221542,0.3571428571428572,0,4
0.90031469169143619,0.42040440356192949,-0.11266584837604003,-0.39905067072890699,0.90066369414818181,0.17194031590688683,0.17375850515978758,-0.10984101014233676,0.97864341533346411,5.1806724847264904,-5.0633150053051486,0.55069128834996239,,0.09867721176606137,0.391304347826087,0,4
0.95626609452071598,-0.19968099523370991,-0.21373501494273803,0.27555797854272618,0.86007655220024015,0.42934383053305225,0.098096671358123791,-0.46946333669182622,0.877485736961367,-12.217386196904622,15.474259244772389,-5.0358197116247254,,0.3203214784834397,0.1875,0,2
-0.25586583203256469,0.96354151584168002,-0.078233133951039521,-0.96288369922356198,-0.24682127125122436,0.1092439555649632,0.085951484965842845,0.10328120500578714,0.99093154906114467,-10.496356131082749,19.13945217905097,-5.309652427815311,,0.07441611025262697,0.2307692307692308,0,1
-0.96070910107672569,-0.22887926939535722,-0.15701051923167006,0.22058493622740055,-0.97295247713923461,0.068598565132097042,-0.16846456309237484,0.031269110471461137,0.9852116187461557,-6.311051627222632,-7.6594489185743644,-0.69731230167155289,,0.08832612021748823,0.3728813559322034,0,5
0.97504423351618752,0.21914070038431741,-0.035582244475311983,-0.19627470423061533,0.92577326101437485,0.32314100586275696,0.1037544368497777,-0.30809287986884837,0.9456816558483645,-3.8177191045948686,-13.970349196756604,0.73150377947272693,,0.3611105456925022,0.4166666666666667,0,2
0.070787068098145528,0.98743315339440718,0.14129741175140645,-0.98838300653541722,0.050334277214708872,0.1434067394834822,0.1344924658933688,-0.14980730327607819,0.9795251648135801,-12.209071876795637,-6.9629360320333067,-1.674218356088444,,0.3858228381603062,0.4,0,1
-0.057709935365173881,-0.96019144970692893,-0.27331656237750224,0.99227792137950621,-0.085276425470830378,0.090069184528816612,-0.10979112032817381,-0.26600810357698795,0.95769807284366004,-0.52818175359290154,-19.882632566389614,2.2567607951157158,,0.1824792914974803,0.25,0,3
0.61412097126827891,0.78160506887916525,-0.1093112480529889,-0.76734679657825622,0.62372849549509779,0.14880073147841325,0.18448394626523748,-0.007502013717521289,0.98280689525490605,14.833663460503995,-4.2916202807526069,2.0955748281309456,,0.07314184375884417,0.1052631578947368,0,5
-0.84339855170457423,-0.51073830585479729,-0.16680907024259625,0.50615749806912458,-0.85941387344709286,0.072196823164664303,-0.18023171233451676,-0.023540965554480261,0.98334243923962328,0.63787415351888355,-5.8093943972137279,-0.013966370189503511,1.051674069937124,0.8422797599446238,0.9528301886792453,1,5
0.58317994968556242,-0.78998772012119189,-0.18926317217690719,0.81212696317679578,0.56160745058924533,0.15826202047201124,-0.018733445117751289,-0.24600096239724165,0.96908853286665741,5.2488761863043871,9.6775809476721566,-1.629344153249539,,0.09531253161136106,0.2666666666666667,0,5
-0.8103829292298973,0.5751468277302304,-0.11173913622641184,-0.58461237794930798,-0.80639967214209529,0.089151199193155992,-0.038831373414129865,0.137570692085832,0.98973048306991063,-6.4238075801973471,6.7415479776731226,-3.0537114329935009,,0.08128453798238812,0.4430379746835443,0,5
0.18833364674134173,0.98174347615440372,-0.026649287671055746,-0.96980292904269294,0.19018748191635912,0.15267940444777567,0.1549603701767662,-0.0029101117816545939,0.98791640077695697,-5.2920604693609796,-7.8517460951022855,-0.50027614675348309,,0.1014614903105393,0.3088235294117647,1,5
0.75049438250602363,0.65827308826774422,-0.058606510639603343,-0.63464390561553929,0.7426019096764751,0.21393811443945168,0.18435101001067994,-0.12336508828392269,0.97508756535028329,15.953440892954575,5.0359005423418877,0.79238775950755413,0.2465942589146141,0.2103190775303538,0.2857142857142857,1,5
-0.89715809747822384,0.42750150519742075,-0.11112970432423856,-0.43370363668126244,-0.90024580403659926,0.038192248479814901,-0.0837168063097289,0.082461841893301968,0.99307177030306482,-24.597538421489126,18.809051237428932,-7.1527570958755478,,0.5630852314860135,0.9473684210526315,0,2
-0.98825577818251886,-0.11362237373117376,-0.10217863317034008,0.11996284786655573,-0.99107137681150448,-0.058193137024018148,-0.094654276293314105,-0.06976734374077917,0.99306247825942273,-37.830977693420728,17.389816532903968,-8.7203117771230474,,0.5185323385882474,0.5238095238095238,0,2
0.85963216376090534,-0.4741678139359653,-0.19025621476033483,0.50793738361681362,0.83329369379836371,0.21822290026572397,0.055065028395969641,-0.2842296678798078,0.95717361985414351,11.640482006613645,-5.4069005184764318,1.7600350575536063,,0.09059077499246264,0.1333333333333333,0,3
-0.76952356847284231,0.63162953846371406,-0.094221036424653945,-0.63788462332426155,-0.76729826426546077,0.066004401229569659,-0.030605308220722879,0.11089409269805371,0.99336086862397999,2.9787774784934427,-15.272238241302695,2.0178618599833666,0.2298866554916046,0.163345072925356,0.25,1,5
-0.73717392798897863,0.67067687053308223,-0.08226259918853239,-0.67535232868759809,-0.73523269599618768,0.057724473790739084,-0.021767683145896652,0.098109215011285791,0.99493756080486317,-11.253188596154107,-7.6899360083506467,-1.452984709405307,0.1678464835401005,0.1235033435056147,0.5,1,4
0.7988989812645062,0.60127802792612461,0.015005028084137477,-0.58118257420253161,0.76529418907016178,0.27667963354530334,0.15487812362581771,-0.22975973822389992,0.96084506009732484,0.10036622585704906,14.653327763102094,-3.1268464619234546,,0.2359996905891051,0.1,0,6
0.32061856485843671,0.93154013202503794,0.17157132130659714,-0.93321759805570115,0.27964044827518736,0.22562387809715617,0.16219941598928286,-0.23245258035829067,0.95898756370325688,-23.569276628212954,-8.4420168828305808,-3.0184688368213726,,0.5341409236906529,0.1666666666666667,0,1
0.3218898581380078,0.94654023579587554,0.021177848034685615,-0.9323757227788575,0.31302768919348717,0.18080148608567106,0.16450662843938738,-0.077943876075498492,0.98329157495721031,-13.948353313085857,-7.8109438690653166,-1.8014390473037016,0.5048906061322738,0.2346634347479124,0.3918918918918919,1,4
-0.68741664104589528,0.71977030099651473,-0.096897241532285336,-0.72625347194736256,-0.68195537101144699,0.086560767285428428,-0.0037757247756133629,0.12987526997864893,0.99152315058721274,-8.757253125825855,15.667714001528022,-4.5545730057845901,,0.0761476025882474,0.3,0,1
0.81687717255176695,-0.5124445791318879,-0.26478715656574814,0.57516495622755681,0.75831142931262752,0.30683717066482336,0.043554082375644232,-0.40294457372222242,0.9141874602160287,-5.241234661417506,16.253312635312835,-4.149162405804435,,0.2803676026960829,0.6111111111111112,0,3
-0.88768537051832219,0.4457827225592485,-0.11529287590919653,-0.45531876766857549,-0.88710855429269497,0.075652050266300411,-0.0685529195331539,0.11965022845105293,0.99044652559090329,-12.980381195571175,1.0307783856237356,-3.1107334884865128,0.363551571937392,0.2555566838772696,0.8841059602649006,1,3
0.9880450428144516,0.099026611614423554,-0.11815550584697326,-0.06097288188923726,0.95493984514887587,0.29046893090511694,0.14159555446379363,-0.27979210556984369,0.94956151807920475,-0.26905083478160552,9.8781808803214428,-2.5419116731960187,,0.1053550761138795,0.4375,0,5
-0.94414462275919753,0.3036752776460433,-0.12795412092422098,-0.31530811002049597,-0.94535619362551593,0.082960610708804963,-0.095769134224938948,0.11867178653948743,0.98830424465815747,-3.1128655954931599,15.314667505877845,-3.7113159731983512,,0.09413862253454844,0.2857142857142857,0,4
-0.85093755809700455,-0.46015031018158475,-0.25331198996435123,0.47327119499804826,-0.88085687652553823,0.010273220663119991,-0.22785883394116524,-0.11114339889289505,0.96733008672195675,-0.69858309651624473,-7.5629323530257748,0.21265416929426922,,0.2600443609377575,0.3819742489270386,0,3
0.48744150079582438,0.86840634400588945,-0.090946165352027014,-0.85536546253312418,0.49583119844090306,0.15000449379319114,0.17535880019949934,0.0046737932112795588,0.98449349761672356,-9.1476712787025463,-7.1689453007847987,-1.1804299792565665,,0.08716207387436548,0.375,0,5
-0.65784999127637622,0.75045921383887915,-0.063595261946174875,-0.75314798378443359,-0.6553622296086794,0.057170468983406636,0.0012261725464941728,0.085506235835004912,0.99633688084613947,6.3728155072341295,4.0991571510611813,-0.66864671889487615,,0.08906320457074846,0.1724137931034483,0,5
-0.13830289118450878,-0.96146647864906831,-0.23760160084512685,0.98129543869498936,-0.16546835864638432,0.098384370116804565,-0.13390882079390712,-0.21955052430142957,0.96636742235681394,-18.584668343003639,-6.9107773612940155,-2.5528350372637236,,0.1406329562417347,0.5,0,2
-0.65004097450924903,-0.73104907342060554,-0.20739812851118136,0.73801473103856541,-0.67238038989992877,0.056911053830467961,-0.18105520768301742,-0.11606835713877561,0.97659978918795887,4.2221420178123052,-13.118175529337194,1.844290601489224,0.1209380716615155,0.1248764644948003,0.3333333333333333,1,5
0.12514749453703669,0.99087068277605161,-0.050133767323267332,-0.9835780397208268,0.13053273812760147,0.12464126144999781,0.13004746975638584,0.033711931001236393,0.9909344889134345,17.805609158623263,-5.3419508535304123,2.7414337703976859,0.2051791274323073,0.1557280722848042,0.3142857142857143,1,5
-0.69183214413463878,0.72205836614978369,1.466878384066085e-05,-0.72192876222548508,-0.69170758040586711,-0.018960102337271075,-0.013680154006704767,-0.013127798069967899,0.99982024099544353,-11.228813806299765,12.176054752389872,-4.466002830202922,,0.2727247257798649,0.2083333333333333,1,2
0.68453882554516998,0.72846059377003081,-0.027418235637135621,-0.70346487047648587,0.66997826401618388,0.23720518913245123,0.19116425483531257,-0.14308839600077669,0.97107257123408897,15.10723874311957,-5.1478498047801979,2.2450232625065611,,0.3036949478388832,0.1578947368421053,0,4
-0.24986475001602043,0.96753232642218234,-0.038063158401696391,-0.96438571634480763,-0.24514490460707339,0.099318507113743612,0.086762876909110526,0.061523760233505663,0.99432742601076129,5.8840556015799148,12.62675961505958,-1.9935996638647182,,0.1362906340530433,0.3571428571428572,0,2
0.85817225221852356,-0.47045493368733571,-0.20545690762646324,0.50840100965264345,0.8343504640464604,0.21304393098520041,0.071195497795558643,-0.28728288935246121,0.95519618015303109,-24.016957797268308,7.9894479658416335,-5.638284764302357,0.1767632663611388,0.2310493420033722,0.2727272727272727,1,4
0.5805857490699724,0.8119937116269168,0.059886561557682697,-0.7930488894924631,0.54731641614997573,0.26742886808928729,0.18437366094870977,-0.20275836084139606,0.96171482272931608,-11.332039543159389,0.62635061798769665,-2.7926632600876351,,0.2362017085348687,0.3176470588235294,0,2
0.48649910003105906,0.87308472236492807,0.032275272917925597,-0.85536795452229086,0.46845253589087898,0.22112865936770257,0.17794462072600684,-0.13518612795091658,0.97471043021213044,-13.542948136872656,12.789957810327378,-4.8284124254300327,0.2959423096908842,0.191260249067967,0.2209302325581395,1,5
-0.93503139889146869,-0.30064899038061549,-0.18795336567930571,0.31000023557469053,-0.95048654478663208,-0.021798672510168704,-0.17209339624372177,-0.078648030888800791,0.98193602144264724,1.309242582334627,23.13875190225459,-4.2884677172012271,,0.3924972590742892,0.9285714285714286,0,2
-0.67869779943776665,-0.71465112107375495,-0.16924264293126146,0.71334239083635553,-0.69628866138815049,0.079528192851152132,-0.17467664547444636,-0.066752342058710404,0.98236052157823994,-12.776642171061848,-1.9439376678543332,-2.5722321256188625,,0.07670089665938244,0.1379310344827586,0,3
-0.94968104240470541,-0.27726084221616032,-0.14571322201742126,0.27612136020902395,-0.96070311834464905,0.028399169691844542,-0.14786112448318323,-0.01326437998751084,0.98891917975642274,-0.10085833543813752,-17.028292540151355,1.8068963045232893,0.4146200049816173,0.3654096626169707,0.5581395348837209,1,5
0.50168852483995918,0.8629106209354841,-0.060777333938260424,-0.84690111770391607,0.50426585884989605,0.16874371226873805,0.17625867602975925,-0.03318439204074481,0.98378436420240101,-4.4312257244958024,14.697441620200911,-3.7961262443040957,,0.1167204747629671,0.26,0,4
-0.4880253842114291,0.87244259435906857,0.025983531578779161,-0.87180625679829393,-0.48867826451891094,0.033873358176200373,0.042250147604888343,-0.0061215467656242813,0.99908831025718736,-18.145965674737671,7.4796185076656885,-4.8034273851952234,,0.1054750441103999,0.196969696969697,0,1
0.0060235957387881787,0.9992119853875806,-0.039231677917035912,-0.99454993807199932,0.010069925286414434,0.10377387573811403,0.10408716047313016,0.038392770967155057,0.99382687534706227,8.3691471066724841,10.616809027526116,-1.2928085310214827,,0.1508597140747903,0.2222222222222222,0,4
0.63777715591969841,0.77020955891564824,-0.0041874505302461852,-0.75198313821258589,0.62384233503751085,0.21293684711410785,0.16661830400928862,-0.13265736455209884,0.977056991377248,-5.8707920113100487,-4.6043293046622811,-1.0739160060996789,,0.4887164980567938,0.264,0,4
0.97809149823441,0.1618382454139283,-0.13094045747174363,-0.10989268653546133,0.93560547127209748,0.33550856855188738,0.17680672647721074,-0.31376867983764528,0.93289259672555847,3.9138182158206218,-4.3466812555563159,0.23661978810848794,,0.3312114704097929,0.1735537190082645,0,5
0.80997737248184121,0.58410502525927099,0.052516431088549351,-0.55728283537756851,0.73869224197235805,0.37916963623606326,0.182681409730027,-0.33638533130431969,0.92383570586026409,0.60977396415676255,-16.162880103066367,1.7875498415510678,,0.6940788439911258,0.3928571428571428,0,1
0.64235480850220583,0.76278838451689823,-0.074392072428423162,-0.74407702589079949,0.64395422858066453,0.17796721898873571,0.18365641708254482,-0.058964666870785401,0.98122040771949914,-4.3502154476460513,-5.5098227122620305,-0.66115686242838501,0.2342607916535889,0.09682489989986985,0.1566265060240964,1,5
-0.99013638127850412,-0.06774268831361685,-0.12264124366930219,0.073477428140020978,-0.99637579230872497,-0.042852631833871425,-0.11929381384898817,-0.051441312980963438,0.99152547990263873,-7.4996057737142579,-14.433527577375338,0.35350057457981837,,0.1778007306054736,0.2307692307692308,0,3
-0.060071830139198916,0.99687024567519555,-0.051391521783297582,-0.99212190439107784,-0.05395708077588017,0.11306086971877946,0.10993408048075408,0.057778427822337337,0.99225810716125196,-17.196696474947615,9.5580878551798509,-4.9488415267125827,,0.08874856477113877,0.3846153846153846,0,5
-0.94617810184826057,0.30270530348287156,-0.11452728419973494,-0.30992894077280253,-0.94937914049285466,0.05121815370060466,-0.093225807876751304,0.08395681533022005,0.99209888716061756,-9.8620695953835416,13.549433613483115,-4.4586116199362946,,0.1078554408141846,0.4545454545454545,0,3
0.3554740509022597,-0.90822988470603383,-0.22080913853824299,0.93348132407481232,0.33297612295063783,0.13318978620110541,-0.047442773302916859,-0.25346671985021063,0.9661800066186953,-17.002888525608608,8.0710521130551953,-4.7325776346885187,0.1229142461848006,0.1623684456568327,0.2834645669291339,1,5
-0.23862889688888814,0.96233475973397176,-0.13026150535500367,-0.96672815323679162,-0.22267578004777824,0.12590541973837469,0.092157079538010334,0.15597213593418791,0.98345298082986798,-17.824156781922259,-11.720165456878407,-1.6702681526528849,,0.09988290266538412,0.4615384615384616,0,2
-0.16188711171531542,-0.9064735806315336,-0.38999770599007294,0.97601288440388967,-0.20538192210576622,0.07222960300140327,-0.14557270533335681,-0.36894974412403025,0.91797858023634749,-0.12801902408287374,-2.1909693095114613,-0.83290413588872847,,0.4972804046557633,0.2556390977443609,0,1
-0.90479041886373424,-0.39954183738676563,-0.14737916443648158,0.38955593017424273,-0.91633547129124315,0.09260389473200302,-0.1720478863528081,0.026374689212625896,0.98473544699602866,0.41932464355541027,2.069158395936499,-1.3094330524764433,0.1246631503443029,0.09734860882595306,0.3828996282527881,1,5
-0.69658919810634978,0.71659624550720491,-0.035402118672901044,-0.71725741318819403,-0.69673598901572098,0.0100381689996407,-0.017472615949906321,0.032384912154622116,0.99932273323316556,-0.48349491516611159,8.9863189955215859,-2.3954044722908323,0.1665824242444716,0.1627927892982673,0.2842105263157895,1,5
0.34475353463506098,0.93385697661807499,-0.095163793421556717,-0.92418330284086092,0.35543188307963403,0.13983346967240609,0.16440870751511352,0.039740705985353078,0.98559142304557223,-20.119249519946251,-0.98780194747490957,-3.6922302588652256,,0.1706843789596551,0.4411764705882353,0,1
-0.41069190504517283,0.90975726614960151,0.060612505461906017,-0.90835987339194335,-0.41399656738929214,0.059069303375403011,0.078832097154261871,-0.030798683054409959,0.99641203404032319,3.3229481969324404,9.768503276901642,-1.961817079851836,,0.3269839047219621,0.1538461538461539,0,2
-0.86414909267226736,0.50257534423113737,-0.025775356537800095,-0.50232601271454669,-0.86453309176195536,-0.015846456980011667,-0.030247687250464332,-0.0007460693454183051,0.99954215558751192,-19.077360181881257,9.8193089096813519,-5.2097075642201096,,0.6988792121099802,0.5897435897435898,0,3
0.4572780866019247,-0.84771498050912153,-0.26884207880111155,0.88713951871573826,0.41363871311107175,0.20466189031821747,-0.062291458856670534,-0.33208783000320391,0.94118937909289646,-15.776692905790659,10.326238367014929,-4.8677893645118164,,0.449504506365057,0.1923076923076923,0,2
0.92929209372119859,-0.31225957456980324,-0.19725659085758965,0.36122067388786094,0.87978291071877912,0.30903342013962493,0.077044333362502965,-0.35843547270977516,0.93036991707602479,-10.62284797510751,-14.660116310798173,-0.13268584218289289,,0.2316538886068361,0.3333333333333333,0,2
0.84119326248001924,0.53569668986684105,-0.073640692717630851,-0.50817819758305471,0.82972277985111242,0.23090047227622118,0.18479397895889607,-0.15680932708819831,0.97018659044468714,6.5683246279257181,0.21915880157933595,-0.067372559618663994,,0.09831681920677904,0.36,1,4
-0.24160770704548379,-0.85969179400100659,-0.45006192376555804,0.95801739930878516,-0.28510435079050295,0.030301349507207778,-0.15436443410920714,-0.42384611415896822,0.89248310515913265,-19.209142080097621,-12.591809166739264,-1.7323976261254783,,0.3597235819116733,0.3809523809523809,0,1
-0.1299413052675969,0.99075389842810291,-0.03901243308061729,-0.98598161840578913,-0.12496170174487412,0.1105659136575374,0.1046685499625082,0.052832621045539416,0.99310281884717477,-12.698124480663722,3.1037554589057255,-3.4734447081393269,,0.08709184957753996,0.3518518518518519,0,3
-0.70615382448181363,-0.64139919469529139,-0.29992307216007713,0.68180414859910954,-0.7302319631157409,-0.043639236899535506,-0.19102324236267804,-0.23530480889340571,0.95296472536442112,-8.5104077906076636,-12.645528655067324,-0.15211160741338417,,0.5477136135230687,0.3636363636363636,0,2
-0.89684590002820674,-0.39577539864290939,-0.19755825832306365,0.39857232859524494,-0.91673502834855702,0.027147498539180241,-0.19185288760078711,-0.05439413229215892,0.97991517382446081,8.9549026715413795,-10.743232383168701,2.2129692466344451,0.3267989312964138,0.2594885382633659,0.3809523809523809,1,4
0.094913286731102331,0.99176095294655242,-0.086033018152604904,-0.98605681950873059,0.10552908480251125,0.12866841477640142,0.13668729532120827,0.072621102107385427,0.98794876325975656,10.606849883206502,-9.4127336481942372,2.2118701745731335,,0.1129042166273071,0.6,0,3
0.852829761422356,0.50948389661838422,-0.11448824008969193,-0.49246570264356337,0.85763181237451669,0.14813914446554385,0.17366326540771029,-0.069955939631666533,0.98231727906933508,8.2297364234093653,-8.2720398976892007,1.6504775619729615,,0.08736805709333173,0.3043478260869565,0,4
0.46984097291405769,0.88179559548177755,-0.041060783724989634,-0.86536292723581498,0.46927442064381492,0.17586506843394081,0.1743458182378757,-0.047096134855746354,0.98355756808872985,-17.756089433767393,-7.0786896793986633,-2.3797846430511256,,0.09508217458537968,0.12,0,1
-0.24902585758956061,0.96794167118167151,0.032787855096306703,-0.9645710846296911,-0.25091937535692976,0.081499016968240745,0.08711340280396114,-0.011330854359703341,0.99613396026407708,-12.626784610941614,16.942826798854004,-5.2601207722910184,,0.3716097725783128,0.2352941176470588,0,1
0.13209050882438228,0.98166597705612779,0.13741909244698922,-0.97722302745810619,0.10573566083622754,0.18399762127033262,0.16609410610894726,-0.15859344096766648,0.97327327529214835,-2.9286985564200716,-15.399796143187219,1.1305527607526371,,0.5494380552511633,0.5,0,2
0.40714027734455704,0.91071506919528289,-0.069533138174750389,-0.89746334958276741,0.41303471760443905,0.15479618279887095,0.16969481641899783,-0.00062031770329818239,0.98549646599390195,-14.515269138974711,1.5236538548748508,-3.4487642382829122,,0.08094446432535285,0.2592592592592592,0,1
0.061284601307047416,0.9943001197631981,-0.087243736058961852,-0.9891825035944749,0.072174584095621844,0.12770592779190229,0.13327479966296255,0.078473570388466141,0.98796747240244864,-4.6314204432847683,-9.5586093718462823,-0.079961283105204256,,0.08854708537219634,0.2916666666666667,0,1
-0.9556864144171805,0.27485061462118671,-0.10545433580839052,-0.27603124555304182,-0.96114221624994756,-0.0035201733729300876,-0.10232413584716565,0.025744509793256327,0.99441791588779993,6.1932991165553748,9.8451570657267453,-1.5271181633627036,,0.1645232871957786,0.4166666666666667,0,4
0.94684341165523378,-0.24385456376140782,-0.20981540824689246,0.30165931088730941,0.89961253566391564,0.31575139877969399,0.11175515182786999,-0.36225990312077488,0.92535320209682947,9.6429636710227307,16.531764027467965,-2.0523282051132767,,0.2469088309309147,0.2941176470588235,0,3
0.69577110947307885,0.71528363979630816,0.065359604208916122,-0.69049898648198349,0.64104525167645621,0.33507034331677665,0.1977718708258443,-0.27826300498415935,0.93992339430787186,-14.442526553398165,11.905816507696745,-4.843801173084664,,0.244796054669199,0.25,0,2
-0.83119608738086737,0.54414883638616862,-0.11408377703386881,-0.55415060001580085,-0.82746270401558775,0.090678475755478175,-0.04505748356114174,0.13859118775300172,0.98932416621264574,-18.190057400438668,12.071481914678211,-5.4019853466515935,0.2461059823498278,0.1507436099294549,0.4193548387096774,1,4
-0.78909651710611817,0.61386889677751988,-0.02217350356048373,-0.61291494370782151,-0.78923931867070074,-0.03790210606085382,-0.040767124875739406,-0.016317948197027456,0.9990354178386307,-7.4153129185133686,10.998759314333949,-3.7379356438418294,,0.2753392723159895,0.4695652173913044,0,3
-0.79929270140372466,-0.53455847550373681,-0.27455129529808653,0.57280706444898322,-0.81586643028455563,-0.079082456032138204,-0.18172298808921961,-0.22047495141593196,0.95831495417637513,12.470770713202652,1.2808422354315698,0.81420634573905926,,0.3011661401830333,0.3,0,4
-0.91607387562442866,0.39824130929676738,-0.047037367783872804,-0.3934531088501057,-0.91527076082010328,-0.086452793615801896,-0.077481001120440457,-0.060690147119495851,0.99514491432554097,-6.0437255989566161,-9.0706615584871297,-0.39432220800202522,,0.5089272912375978,0.180327868852459,0,1
-0.63710793418326461,0.7650086030860338,-0.094102696056425475,-0.77076931533379478,-0.63188554309841827,0.081457491755454914,0.0028535487740928736,0.12442868490654344,0.99222445022878847,1.1396780150133798,12.407652887689355,-2.6617496270848822,,0.08634030327882872,0.3809523809523809,0,2
0.5270757389777605,-0.74465376728738719,-0.4094898438859621,0.84914736724135931,0.44234201888019725,0.28858670627743721,-0.033762613763098942,-0.49982427431817789,0.86546853248063893,10.682677551614537,16.886936312421103,-1.9043805139121481,,0.4499181819066109,0.24,0,2
