axis_00,axis_01,axis_02,axis_10,axis_11,axis_12,axis_20,axis_21,axis_22,location_x,location_y,location_z,dbh,dbh_approximation,score,reconstructed,number_clusters
-0.22291288567941397,-0.94137878508417494,-0.25321103528779954,0.97412961898685413,-0.22500828274158619,-0.021041818129848913,-0.037166259034287635,-0.25135086172743704,0.96718220284405143,-17.110008097590839,-8.5960422705221529,-2.0111048766751187,,0.3684749345007727,0.3809523809523809,0,2
0.92883000279869365,0.3671234368877947,-0.049952056901320138,-0.35834864214301576,0.92440358342400109,0.13063026305999384,0.094133291535121622,-0.10343305584076938,0.99017196808645547,-15.901302349626249,-22.459526992811139,-1.4553043134748065,,0.2029347371982904,0.3076923076923077,0,1
-0.54489422764571371,-0.75300437472249271,-0.3688830333956406,0.83573299547589919,-0.52345604342921737,-0.1659642457588687,-0.068122250045502944,-0.39872068198955696,0.91453877818412976,10.648619980309419,14.705002468298304,-1.0381337835945479,,0.3136861067054864,0.2857142857142857,0,1
0.47688646492704551,0.87827714044416461,-0.034764409136437441,-0.87715249222201241,0.47806936921418641,0.045312069119185026,0.056416353640566741,0.0088849756538737119,0.99836779407667775,-15.97886150804554,-14.346515781369915,-1.6843736901969029,,0.1848605013848861,0.2307692307692308,0,5
0.17029335586051603,-0.93600535754740677,-0.30804893051642834,0.98438820397318483,0.14747639387245787,0.096075892547626884,-0.044497604746897533,-0.31960081960615699,0.94650688284811846,6.8889878222226635,4.3540852903055445,-0.91074299647210921,,0.5042962937809038,0.58,0,4
-0.01345402960866742,-0.99317916102641646,-0.11581944219409201,0.99958500624923219,-0.016309779797548402,0.023744607065098459,-0.025471638522276963,-0.1154519172028642,0.99298643014150567,3.2962490785937102,-7.0174000243298327,-0.67012253720067738,,0.0812259167811219,0.2340425531914894,0,5
0.6781757542630974,0.73388830704927099,-0.038543470342371516,-0.73215986593334126,0.67924210033848831,0.050715873690893511,0.063400134433221192,-0.0061742938149572319,0.99796908822354602,-17.533724319914342,7.9592794284269432,-2.6937232410309009,0.2686926836194601,0.1984015883847053,0.5833333333333334,1,5
0.10706061334226941,-0.98662361630305395,-0.12293032507831958,0.99419700709671444,0.10492696551439248,0.023720096708841416,-0.010504101613769379,-0.12475644937647805,0.99213179174354749,-23.999513817306923,14.590979923237485,-3.4339638437359081,,0.08157218474265268,0.2727272727272727,0,1
-0.45612466288096404,-0.85355847578692801,-0.25177017361876625,0.88905315780930005,-0.44952018169381786,-0.086695379572786627,-0.039176198144274872,-0.26338096867893429,0.96389609960654354,-8.3682878580477063,21.203833922162374,-2.7786366810955623,0.6169558391777332,0.2097541248786344,0.2413793103448276,1,4
-0.9913944692331943,0.10725765662487279,-0.07505199177352688,-0.094454678982590301,-0.98304203575101334,-0.15718355373511128,-0.090638402413814045,-0.1487418940374354,0.98471342479222224,8.2062380239960451,24.695396445231808,-1.2957063363130601,,0.6728506958295433,0.282051282051282,0,1
-0.020069338813590167,0.99911771877846334,-0.036891810236208827,-0.99955927233678588,-0.01924356498954358,0.022604121129742253,0.021874247990277755,0.037329200760427936,0.99906358558674691,-12.948899259705216,20.836156442904823,-3.0090085122984083,0.3136754036862397,0.3286966428461689,0.7109375,1,5
-0.34923537648562303,-0.90786711492099037,-0.23197403616780632,0.93548636108037164,-0.35203243392058514,-0.030633865256508994,-0.053850905689229532,-0.22770697642581442,0.97223948327737852,-12.90981183004866,-11.187185825896329,-1.6533677751627078,,0.2616898500664024,0.3,0,4
-0.89116961621334245,0.45349022070374584,-0.012780252901735496,-0.44187858762889781,-0.87404310712152156,-0.20197019752539536,-0.1027620014074024,-0.17434238331348056,0.97930827855549185,11.244467057233109,12.459500895546778,-1.0633118535916863,,0.355604859797108,0.5652173913043478,0,4
-0.069207631361472136,0.99669013438840059,-0.042650671438674834,-0.99740348687626568,-0.068277118643107856,0.022902389326556281,0.019914520541674204,0.044124948528357404,0.99882751303163864,14.303983965429289,-0.93438275227517198,-0.12157913078983042,0.2318547471790375,0.245831377936514,0.65,1,5
-0.37007480355855638,0.9289868319220782,-0.0053014985123624233,-0.92879157416150271,-0.37010641327349997,-0.019169105884823737,-0.019769965546106529,-0.0021700159460073761,0.99980220018416666,-10.801048474135769,-0.028744721820393823,-1.9351752065861192,,0.07947278794670021,0.2804878048780488,0,5
-0.88758925727860749,0.45885313355908386,-0.040485950484326003,-0.45435312437583664,-0.88656195070429511,-0.087012332076037341,-0.075819184468874881,-0.058836293105570606,0.99538421821931156,3.9990020671517748,8.185325840471668,-1.3023441911263831,0.4426104672047418,0.4058674785676816,0.630901287553648,1,5
-0.17896614087731111,-0.93415567560224932,-0.3087463265523781,0.98220444497522208,-0.18781172564572982,-0.0010881088591309209,-0.0569697173101519,-0.30344674895289031,0.95114379662568549,11.760347812109488,-2.0610402707705613,-0.26918581743348247,,0.271214973751567,0.1111111111111111,0,3
0.55493538315058799,0.83127453172691235,0.032083849982711528,-0.82920339620727823,0.54963032271433732,0.10162792958261815,0.066846452754250385,-0.083000971410800331,0.99430497861523248,7.8286850414560725,1.9925591806027083,-0.71438050180909141,0.6013283368657817,0.5307262174120249,0.9064327485380117,1,5
-0.43874925746378651,-0.87338304125712352,-0.21142647024305142,0.89396201919998486,-0.44812510754994311,-0.0039744447713182711,-0.091274297054889778,-0.1907510189430503,0.97738582528565776,3.0163883775523526,-4.073469984083383,-0.82448939704867075,0.195763212327727,0.140739822218829,0.4021739130434783,1,5
0.9947673433882549,0.045470389670526259,-0.091489760036218601,-0.039222243479295503,0.99684741935688459,0.068969834985817144,0.094337416462002138,-0.06502050587876472,0.99341470981184132,-15.560350677392133,-4.6111698004328163,-2.0955653187714383,0.2295642407218029,0.1933959817758173,0.6352941176470588,1,5
0.46524435553305771,0.87960660495208076,0.09919632134965807,-0.88314752938099284,0.45365713849107575,0.1193551089997343,0.059984422918614715,-0.14313427688979283,0.98788382302088418,-19.967947896718993,11.466560541782311,-3.0439605056514774,0.3414317331390546,0.2535663910840597,0.4347826086956522,1,3
-0.99423554577794759,0.065361605803999911,-0.08499141132108394,-0.053111109676370609,-0.98884445916900188,-0.13916122160900063,-0.093139087071817978,-0.13384504494932697,0.98661573796587165,-14.352594124805071,27.546863308950748,-3.2871574683564426,0.3709306537580952,0.2690206481477475,0.5892857142857143,1,5
-0.82639205215074796,0.56270603446774226,0.020930717036498299,-0.56215188174741704,-0.82228690370623714,-0.088484517521687706,-0.032579717462126824,-0.084889143986706578,0.99585761795715089,-13.341486069143357,6.169026296941345,-2.3714529085474929,0.6622727563437205,0.3127231229203269,0.2317073170731707,1,3
0.29711085889351369,0.95472218900694983,-0.015188131726350225,-0.95380060483631701,0.29749200846652463,0.041987035051664165,0.044604301826562408,0.0020116451803345293,0.99900270747492681,-14.794878770689808,3.1825502226391866,-2.3348327978544567,0.202017213555219,0.1483373848804914,0.3880597014925373,1,4
-0.64041901265434209,0.76758677012674481,0.025962252545357379,-0.76654827705579209,-0.63672600588222505,-0.083568728457865407,-0.047615408993660908,-0.073420322524896026,0.99616375614991437,8.5199242710572083,11.429957060536173,-1.1676534351002967,,0.09878452056898035,0.1428571428571428,0,3
0.26491524980907216,-0.95641319997931684,-0.12285642565173578,0.96425090833936389,0.26358727460181686,0.027238473428185989,0.0063321548708588507,-0.12568030702265945,0.99205058552544667,-12.089966841918464,-7.4654839642216233,-1.7310594201680241,0.4830990608882342,0.3871346447725261,0.9081632653061225,1,5
-0.95690146185293079,-0.25820009734718025,-0.1329372108690077,0.27349751816112466,-0.95515133144263398,-0.11351229714471046,-0.097666267786936628,-0.14497808031999337,0.98460279116164406,-24.198273570641295,26.482437322991718,-3.9674479297639356,,0.2875952775298454,0.7297297297297297,0,2
0.99518037133582338,-0.029120119124555845,-0.093637851161079991,0.037071820910329359,0.99574768468731734,0.084334029515017644,0.090783856507009902,-0.087398896457673181,0.99202808644498353,8.6934766235386522,-7.0568803324090412,-0.24750656419425771,0.1814705133383789,0.1073628977630242,0.4473684210526316,1,5
0.91510541397536604,-0.38876679731557484,-0.10696942842683722,0.39757543315071414,0.91418948218686968,0.078685231231310993,0.067200121041523522,-0.11453369794036043,0.99114387238589674,-20.318597540879356,-5.0069637767652964,-2.3991943160856222,0.4577031088730243,0.4749892538734792,0.8181818181818182,1,4
0.83256909706797777,0.55391816823365303,0.0018334415964098613,-0.54726652597155157,0.82205078249993802,0.15726366567732578,0.085604019522697167,-0.13193624934761033,0.98755494933175436,-18.618427398591024,4.4757217114195988,-2.6317267884172768,,0.4449573277230007,0.2222222222222222,0,2
0.27759265674702055,0.95974875493001266,0.042715855726201728,-0.95994249863179237,0.27533576062002396,0.051967472945528635,0.038114514829421242,-0.055430554156383399,0.99773480315424234,9.7917818776383534,-6.636765141295534,-0.20457220567735104,,0.2373395222405805,0.21875,0,3
-0.88154537583032888,-0.45971544037503187,-0.10742189829338891,0.46307274108121049,-0.88629067824309604,-0.0072436266419399452,-0.091877020084996763,-0.056129738465310115,0.99418713813854886,-17.847021544429701,1.0387344527305729,-2.4579011232241563,,0.894609595758054,0.5238095238095238,0,1
-0.18974650996087042,0.97843749435159411,0.081586344474072536,-0.98180577234328303,-0.18970513939197364,-0.0083297948161934008,0.0073271652825163403,-0.081682493444094825,0.99663146795276158,-21.513870076942965,12.67313595394419,-3.1898385448775626,0.559135846903104,0.4566793542684919,0.96,1,4
-0.87374753951019224,0.48163964454418307,-0.067738393863728097,-0.4816878566156097,-0.87618372264064071,-0.016700088881436752,-0.067394702973930715,0.018037100181046289,0.9975633398577326,-3.1684513514395367,3.1147490609048978,-1.5460347557162484,0.2606196735743829,0.2594550630526949,0.8483695652173913,1,5
0.77778980832685929,0.62834275092368186,-0.01511295551931474,-0.62344790452575516,0.77433447920663745,0.10825352028563241,0.07972279727476847,-0.074776344343962006,0.99400843755032631,-20.844125223232439,0.79006287769321892,-2.6285007807385479,0.2905834711107938,0.2787176542747183,0.8918918918918919,1,3
0.55683428499741805,-0.81433276428983237,-0.16370011623543299,0.82989057459099635,0.55370940724155027,0.06846551348844894,0.034888583468523054,-0.17397712877355795,0.98413146754245617,-17.19994627972012,18.567258311439716,-3.1877061853274449,,0.2810558312039518,0.34375,0,1
-0.66524299979582535,-0.72769487633961993,-0.16706860318957861,0.74259992012190656,-0.668086643421682,-0.046963768124892044,-0.077441008887988563,-0.15530744937257834,0.98482611983628621,-15.232142551331487,38.591864816723927,-3.4561473540051559,,0.3483034304908383,0.5789473684210527,0,1
0.019709645313305522,-0.99247704169442108,-0.12083398359367004,0.99967327068773393,0.017595218581216512,0.01854077009104137,-0.016275188297323384,-0.12115993559164205,0.99249956587059374,-1.7853690769824713,-5.9561513536142989,-1.085030482457636,0.2432017578900342,0.1996640044338755,0.6767676767676768,1,5
-0.80164195096855506,0.59759768732552709,-0.015722167487646196,-0.59430608672520813,-0.79951613257466003,-0.087030046732307229,-0.064579081200473329,-0.060423156620949998,0.99608161533845307,-10.889995173038677,-2.1071670437011094,-1.8629199828848815,,0.1250400624156766,0.1555555555555556,0,4
0.61964841055723763,-0.71422890523158833,-0.32544264967206826,0.78387056012924272,0.584163636227646,0.21047515547437573,0.039784321743083613,-0.38552550763987337,0.92183908069817788,-15.889997201916668,9.7712509798593654,-2.6588481047024839,,0.2804197361877845,0.2307692307692308,0,2
0.4599586178863973,-0.8678387728399779,-0.18786679905623993,0.88759809731046324,0.45524644442113832,0.070144796619267494,0.024651318075958745,-0.19901391709504629,0.97968656891865424,12.168391146181342,31.18708528836434,-0.87984290440731494,,0.2584675513074655,0.3125,0,1
0.96682443740221136,-0.22355535695778553,-0.12358604135328127,0.2401148587412183,0.96043431728508621,0.14110555195602828,0.087151373216849903,-0.16609914074614501,0.98225033142769169,-10.057721329188308,7.8297902962665722,-2.1985471194620656,0.694004096582937,0.5640391210681536,0.9381088825214899,1,3
-0.70238280989392998,0.70954573986665292,-0.05659709712159762,-0.71012779752609967,-0.70396077867425866,-0.012559190621297794,-0.048753456761937597,0.031369812326750249,0.99831810327587778,18.639648413231289,-4.1453571125905277,0.38750212277790119,0.2517392638923635,0.2139664015150422,0.375,1,5
-0.32898545106871374,-0.91667567178475651,-0.22687945200718751,0.9430454978818037,-0.33146459037953363,-0.028220812344627987,-0.049333172510772016,-0.22324188245599177,0.97351389307370917,23.733342480539459,1.5297283337605974,0.54946318925969573,,0.4642245023475571,0.4782608695652174,0,6
0.99379917649388483,0.086461017572803459,-0.069912010701683805,-0.059335622781619586,0.94413649484114459,0.32416903457640045,0.094034465326253189,-0.31801064691194464,0.94341228939496691,-8.9305240930676284,5.2312601036594204,-2.0025606684950268,0.496542270254861,0.2563238194315598,0.3610108303249098,1,1
0.99434519656709575,-0.041928084323784628,-0.097568774763657801,0.058432244807375251,0.98318840921657069,0.17299197885728745,0.088675266172223918,-0.17771490575392607,0.98007862411245283,-15.247407265239685,16.012312482376807,-2.9371432068131695,0.5179864966638976,0.2986889084697761,0.2,1,4
0.91512786968264881,-0.36992656520706713,-0.16029759350719266,0.39568306826978739,0.90034069120461191,0.18116718589691602,0.077303891329625438,-0.22921818452143436,0.97030053708631636,-16.31047701504394,12.620414010037219,-2.8291470109602637,,0.2393273852500792,0.28125,0,1
-0.1239898495048167,-0.98081922767023266,-0.1503999995084469,0.99190677698051666,-0.12668691889494232,0.0084480980717378824,-0.027339769565530303,-0.14813530036177816,0.98858913092691325,-17.548648221645305,-5.0055172144151667,-2.2028206608740915,,0.124085928911697,0.4411764705882353,0,4
-0.65220817314445279,0.75467190454630495,-0.071377975398774343,-0.75636044719556805,-0.65413630206723139,-0.0049570390282871407,-0.050431862960787902,0.050754456023686313,0.9974370217673113,-1.1271426608586348,-7.1707248757829092,-1.0098578470356139,0.4187734977419287,0.3410486533591396,0.5947712418300654,1,5
0.99466984810539927,-0.042450824958228203,-0.093967125795913903,0.047440519847217533,0.99754459610007618,0.051518694356115072,0.091549387472582219,-0.055701941186092591,0.99424142108518765,-16.848964765659868,-11.865026335940913,-1.877947085831178,0.4417606043243377,0.4337716669811197,0.9583333333333334,1,5
0.97641128250463505,-0.18339468399903064,-0.11396226251943925,0.19730266421653278,0.97222489329306194,0.12589843348649193,0.087707845092169584,-0.14541370892109937,0.98547561469936817,-1.486873203141071,-10.797969935333228,-0.87644378095658881,,0.1163286417348493,0.1935483870967742,1,3
0.68246843500846621,0.72823889680966047,0.062489554251434383,-0.72740307515743763,0.668331460618522,0.15562077303180089,0.07156536500708377,-0.15166135935353187,0.98583833898385231,-6.1659784176441725,-8.443040042053287,-1.289586467726755,0.3308266378473301,0.1943727496890512,0.3478260869565217,1,6
-0.91643707659305562,-0.37380341951010232,-0.14287787865211143,0.38244617284215604,-0.92320740207367036,-0.037722905969336674,-0.11780496391901688,-0.089213767541439684,0.98902117983241411,-9.5551210642934095,7.1362554734763588,-2.1385400728361672,,0.3399562285650645,0.5601851851851852,0,5
0.94806490058754367,-0.28965448057114884,-0.13142764609848642,0.30546490441879748,0.94431468846371336,0.1223150085643427,0.08867996640925109,-0.15610909978837983,0.98375088946384981,-16.856697707448284,24.285699950493907,-3.3795035521244232,0.8363709630323972,0.8264674325912622,0.7880434782608695,1,4
0.49486899087049846,-0.81002989621555643,-0.31457312204291904,0.8685007769171933,0.47292113128391638,0.14849917198211079,0.028479507879285482,-0.34669463627543395,0.93754559718917052,-17.750727335982372,-9.2165015156424044,-2.0523098603121452,,0.2044529392523629,0.2903225806451613,0,4
0.58173459584609666,-0.773584960515318,-0.25129896311026145,0.81314773620486602,0.56047846308078886,0.15701799746366205,0.019380895249713922,-0.29568598425882608,0.95508857160590566,-8.80469705802828,-3.4971105477192954,-1.660358189138176,,0.09142236656812297,0.2755102040816326,0,5
-0.99534259859085228,-7.1247564677896311e-05,-0.096400759095521177,0.0059803765976213855,-0.99811923905321709,-0.061009996947845771,-0.096215105498870648,-0.061302361745776648,0.99347102319002212,-11.840673530231248,-2.2177140567327371,-1.9285802151699318,,0.08298486313941539,0.2,0,4
-0.33593302572341049,0.94119238289202323,0.036137246911584514,-0.94179555938408355,-0.33512219051718184,-0.026725301633214515,-0.013043256983402774,-0.043011810110713027,0.99898941818132614,8.2312110515089341,-15.915464819549968,0.0026792948097101106,,0.2838431798739019,0.2727272727272727,0,5
0.98861242532242188,-0.11134965812448132,-0.10122611389201738,0.12072621815387295,0.98843480997796351,0.091770401950140523,0.089836811766569533,-0.10294600555333844,0.99062175788351703,-26.051398864708393,-9.400498068884108,-2.5783990707568356,,0.3091630195036956,0.7142857142857143,0,1
-0.6712591144147686,-0.70378941300862752,-0.23257614549233482,0.73801981482679668,-0.66374314928790512,-0.12153923110006198,-0.068832799144891793,-0.25323012046426263,0.96495417085555624,-1.2985382549150299,-8.9667273000757657,-0.92249347858585673,,0.3275261580329468,0.1538461538461539,0,2
0.76842436329769148,-0.62969452983212149,-0.11405611333918467,0.63710977995854501,0.76952195127126188,0.043898687825995722,0.060125919300348149,-0.10639908651474969,0.99250395879165887,-25.825866141373421,-2.1011362323582974,-2.893809490932616,,0.3203650900053697,0.7954545454545454,0,3
-0.98885876699550324,0.12385929380306057,-0.082566423410130554,-0.11932355246805748,-0.99117199027475533,-0.057792521325724253,-0.088995667099789746,-0.04729652242383843,0.99490844312633908,-15.646346737253234,5.9025976592895768,-2.5165329139608561,0.1906109410838688,0.1731119347600663,0.6436781609195402,1,5
0.80443095716609747,0.59378189818867189,0.017717012623308791,-0.58760481545702514,0.79097432607007401,0.17052916568642498,0.087243429578119286,-0.14758954191083601,0.98519333692123501,-19.613972192761906,16.105974680734299,-3.2514572252876413,,0.1187309584722256,0.3333333333333333,0,1
0.28877270066597388,-0.94859879986562767,-0.12950152216700717,0.95736742856065704,0.28718508478810012,0.031182267499466131,0.0076114440966374214,-0.13298512687042818,0.99108880628832707,-3.2024925455018436,6.4515675693528545,-1.6900073130963931,,0.1083832402738105,0.5093555093555093,0,5
-0.65965581686515073,-0.73679300589979124,-0.1482911653913393,0.74787120283459352,-0.66305256268727797,-0.032403133869618732,-0.074450434832240744,-0.1322776079727187,0.98841275142640028,4.6763176470551704,15.525083604063827,-1.5556984050745233,0.4707651613483718,0.5132064675699077,0.8983050847457628,1,5
0.92762300891927696,0.36671597099897746,-0.070957381137023462,-0.36146571961807511,0.92921272130498,0.076852144446211176,0.094117409996954227,-0.045641156638185083,0.99451435281558132,-3.3426332167881592,-2.0402998797689906,-1.3370592660030469,0.388816765672891,0.3354273287459505,0.8496835443037974,1,5
-0.89855222144737068,-0.41007976102172461,-0.15632816423268348,0.43412756912581918,-0.88275280784202959,-0.17966840003718129,-0.064320751370788368,-0.22930780590154073,0.97122642627541755,-1.8424978861345489,20.422844801339018,-2.328867093831537,,0.301024036501422,0.5,0,5
0.82625118787377916,0.55826945147036311,-0.075127851640713214,-0.55696502430223405,0.82960657618438838,0.039279644291016998,0.08425518524803785,0.0093887329601321581,0.99639997764563526,24.336449955197033,-12.167568395768052,1.3062312140097279,0.3694030593880695,0.4122419096872825,0.7741935483870968,1,5
0.8428600204397394,0.53490824855198471,-0.058823053094603658,-0.53061154297773017,0.84431137362212594,0.074764261723844247,0.089656993051935779,-0.031803616199532786,0.99546479274433319,5.3260889355086896,-3.5067960292758897,-0.66601243571110658,,0.0878839957889873,0.4583333333333333,0,1
-0.92985584417779865,0.36595503561890558,-0.038013431225822875,-0.3574505432612804,-0.92302788105475608,-0.1422977157855464,-0.087162022524780447,-0.11872844099344596,0.98909369582899331,15.579023339522662,8.7701691270182263,-0.56489911503083012,0.7918346800770011,0.7710920243518213,0.6071428571428571,1,5
0.088409776719792763,-0.98644604667125069,-0.1382313581898742,0.99597959790422397,0.085534122034368915,0.026618687539969776,-0.014434401230991208,-0.14002896476968829,0.9900421895488255,5.0277814534051926,-5.1861731140098764,-0.60871522671256406,0.2588426404016728,0.2221489922533461,0.7698412698412699,1,5
-0.80816583735424607,-0.55822248793485585,-0.18776483509254424,0.58242106454571974,-0.80485370540782331,-0.11400094940274727,-0.087485329666985953,-0.20148986787210138,0.97557580445495984,0.89609871278703213,-7.2864237869084807,-0.84919757173237453,,0.1912342160740442,0.2173913043478261,0,1
-0.95606762846470239,0.29047010706983806,-0.039519700159757719,-0.27927565566788792,-0.94349332231016236,-0.1783969139514586,-0.089105543896840139,-0.15952262427307795,0.98316465273721032,18.803320776018637,8.3187363267077536,-0.19476656553128222,,0.2236592901154528,0.16,0,5
0.30556010771005343,-0.88644048749327986,-0.34764390215980667,0.95213118239746974,0.287866775458619,0.10285393086048673,0.0089012405100252125,-0.36243065780881956,0.93196823239724724,0.75747067223779885,19.457218688836157,-2.063828390511397,,0.2971927244441182,0.2857142857142857,0,1
-0.97964846767060831,0.19539457654091644,-0.04593298650235237,-0.18003858336025552,-0.95656097816803332,-0.2292971948102461,-0.088741130780837327,-0.21636093571763723,0.97227205925251559,-13.127665195864196,3.5108908328793924,-2.2349455266687053,,0.09666008499315717,0.1063829787234043,0,2
-0.64405817859199543,-0.72570863984436906,-0.24194220930626728,0.75961861900351824,-0.64408500539290026,-0.09018902090174899,-0.09038039749829363,-0.24187078344286275,0.96609001022926777,9.1737189161835921,-9.6195426513665971,-0.14090678577345844,,0.4051358498354161,0.2272727272727273,0,6
-0.49757987897543632,-0.85133693583591341,-0.16625187433622313,0.86567096312761893,-0.49953029000773819,-0.032913112318426758,-0.055027698811510886,-0.16029632262251792,0.98553388643780626,-17.148949830925986,-0.52037348057458577,-2.3587125312978423,,0.1494365089422146,0.1290322580645161,0,3
-0.7717533436523254,0.63564153919881972,0.018884125778295187,-0.63276407125353862,-0.76462649530776627,-0.12229453300948817,-0.063296182286943059,-0.10633041107001012,0.99231418260023885,21.436185181222747,7.7980638650533782,0.17476310553769547,0.6924665171604535,0.2597508112231672,0.2941176470588235,1,5
-0.85803725566309852,-0.50158754518509974,-0.11037210883789253,0.50482323474540702,-0.86322126700549973,-0.0015955721867734398,-0.094475232496785216,-0.057087465389568506,0.99388905403977201,-10.967433559339074,1.6979463556401053,-2.0126597678511233,0.2128355173403255,0.1544119859981218,0.7061611374407583,1,5
-0.24042917950471751,-0.93194406338805391,-0.27142968216179231,0.96862479619999187,-0.24848038713026196,-0.0048478240603425865,-0.062927051648820106,-0.26407907892780597,0.96244606406978939,-9.4691106088395056,-17.742973064693729,-1.1159310622265843,,0.2525126092033361,0.2666666666666667,0,4
0.96307731174921962,-0.24889182421742437,-0.10263991149460251,0.25497612324205393,0.96560336075736253,0.050963970317673114,0.086424927945298075,-0.075252970252412898,0.99341216133981392,-14.169420162505508,-5.1033889799288534,-1.9864683397630372,,0.07394995453265353,0.2162162162162162,0,3
-0.98703026728491061,0.13850822003153071,-0.081158637538918582,-0.13621126434248637,-0.99012291558082266,-0.033213002091818405,-0.084957300626242627,-0.021727517700532151,0.99614766578297731,-17.78242989501209,-15.162268621596395,-1.8056263304815041,0.1736517704158301,0.1136903850362745,0.2222222222222222,1,4
-0.64209055580296093,0.76289516225338094,-0.075569104527139913,-0.76536152049385708,-0.64357270316522952,0.0059932201638375837,-0.04406201420699609,0.061685874809298984,0.99712255603463085,8.5700035300012694,-4.8125849215261285,-0.35003294126776563,0.1433179490502644,0.1221190873363326,0.5098039215686274,1,5
0.57969870685779512,0.8083932239489211,0.10222428645321706,-0.81148403152420989,0.56139741462222092,0.16225476706926406,0.073777204125766244,-0.17701225474230736,0.98143954771673503,-24.146412797175341,-15.165793483273166,-2.2466750713186729,,0.4320519360481722,0.7647058823529411,0,5
0.80159100504625058,0.58973889712333438,0.098284758984770917,-0.59150035591975691,0.75832051159284652,0.27400242817238629,0.087058541084387653,-0.27777335170479578,0.95669366858307425,-16.700923898870602,-5.538894915414696,-2.1172170541013982,,0.3225158324971426,0.2173913043478261,0,1
-0.17420924366091617,0.98081330646429798,0.087500841628316187,-0.98470038082520195,-0.17388296110485535,-0.011396308179001951,0.0040372547349655976,-0.088147454302319198,0.99609925553341661,-12.862350735504442,-4.848785658047766,-1.9179611242248851,,0.3207066915392252,0.3243243243243243,0,1
-0.88919553345395175,0.45748355007274083,0.0063328270451871839,-0.4515475462318414,-0.87525924582308934,-0.17328031074879865,-0.073730026295569545,-0.15693965086630957,0.98485218647694328,15.057315316305786,1.6537727549662478,-0.23295777851503083,,0.6397609004977374,0.2,0,1
0.13125594858845088,0.99056971289894757,-0.039287655153266765,-0.99072248569202992,0.13247819804980537,0.03030649081767087,0.035225449668541763,0.0349452561697952,0.99876823976680196,-9.480950192952875,-6.9526831886593703,-1.5942412564234989,,0.1517783958441567,0.4716981132075472,0,6
0.87511709848920227,-0.44715459124066442,-0.18499414981083415,0.47945024629713767,0.85297974940192889,0.20628380555883702,0.065555512792237758,-0.26921797607629433,0.96084554226989571,-14.803192883042149,1.6487595125113215,-2.2807589022436909,0.412247453144835,0.20448956889478,0.16,1,2
0.78100169810723574,-0.60045597793026473,-0.17172351650668827,0.62191376167831913,0.77288982315773791,0.12595473113115951,0.057093087048575276,-0.20516807701737946,0.97706010029283952,-14.010736151445924,13.214459230262685,-2.7090271838835802,,0.2184602034404198,0.2857142857142857,0,2
-0.14975816222069827,0.98859740152939746,-0.015737551829986693,-0.98870646685057795,-0.14964564906931718,0.0081056845774514219,0.0056582025525250138,0.016773711692563774,0.99984330139273758,4.5521780534191087,-3.6848380884846663,-0.71265579407590895,0.2542169546612217,0.2062727507216393,0.4382022471910113,1,6
0.98727866569791589,0.15156450561714016,-0.04805243900962821,-0.13201285031501803,0.94982295969513675,0.28356472380688547,0.088619657014946632,-0.27361386272081056,0.95774840669016537,-16.634395202349364,1.8880723814013178,-2.4127841781673713,,0.6285192597193217,0.3235294117647059,0,2
0.49953805098423482,0.86527109991324458,-0.04204354021484507,-0.86393847702010373,0.50116889459990321,0.049396831980366727,0.063812565714422106,0.011647434929478614,0.99789392909091668,9.8867469313601628,1.5973188525216488,-0.53825460895022048,0.1599498063659641,0.1261519218670591,0.3684210526315789,1,5
0.96860655636307014,0.23677275206162854,-0.075762806519009629,-0.22692619621789398,0.96655570736426244,0.11947621533865155,0.10151768535852343,-0.098532880008312798,0.98994213523655772,12.583066224457838,-6.6528823590316515,0.013570597088954823,0.197394950598899,0.258388762797413,0.4736842105263158,1,5
-0.93649466190699182,0.34162355365247288,-0.079190250722956851,-0.34157202013476473,-0.9397419169122968,-0.014617956733348637,-0.079412236341541542,0.013359535465650507,0.99675233610530212,-5.0082018019487426,16.313772377106577,-2.3140402280373729,0.3828468155284951,0.2788990124419979,0.5428571428571428,1,5
0.91044069681084105,0.41013150748244331,-0.053757642812609981,-0.4029715909860575,0.90876298184368065,0.10846077488542555,0.093336136885748516,-0.077084300611472978,0.99264614850936905,-21.85981935869399,30.269191537747407,-3.8982737675625208,,0.2815373606757351,0.5,0,1
0.9678290245067519,0.25148653414138705,0.0078423509142262274,-0.24798638975533849,0.94816190830523805,0.19872530320792714,0.042540919341525783,-0.19427691263895008,0.98002385246332424,-12.081046924923058,19.380953517095445,-2.9204892159303832,,0.3576028848476445,0.4090909090909091,0,2
0.78305062273607606,0.61642138380789846,-0.082803380468418022,-0.61541092602927649,0.78717689161872439,0.040273234601526244,0.090006190656144916,0.019422123618102465,0.99575180981895861,-8.7007685510154236,7.2085603741729933,-2.0665173902185097,0.4680884457572626,0.4204701663869129,0.9885685884691849,1,5
-0.57861784592315602,-0.78066476449183086,-0.2361438414614315,0.81241574209538225,-0.57722772316358484,-0.0823942813974015,-0.071986459663308563,-0.23952177582069389,0.96821860575638841,-22.041163209671613,11.662525573883809,-3.1754313649642092,,0.317047988594926,0.75,0,5
-0.22066918928673099,-0.96321427096426393,-0.15337332594137548,0.97503822523633221,-0.22182189344993444,-0.0097727639013063215,-0.024608295908527193,-0.15170140341166408,0.98811999067694756,-12.793594930265561,-13.715741737158909,-1.5176220613137816,0.299282521284774,0.2403232337807125,0.4722222222222222,1,5
0.7623267576836863,0.64601059461092325,0.039092533429268016,-0.64136828571131044,0.74600196173086886,0.17924228066343417,0.086629305683539659,-0.16171389780762693,0.98302796432891548,12.026131442178645,-18.708896809307365,0.34802009364480008,0.4346817461451907,0.2828327896893045,0.25,1,5
0.58636958614483847,-0.80345420352083408,-0.1031118387433473,0.80911134712146682,0.5870356735395027,0.026980473518993259,0.038852752844779778,-0.099249487841124959,0.99430377790676139,-8.3704040366027055,-14.645271370201849,-1.1488041112324792,0.3567688336571366,0.3948366064576435,0.9767441860465116,1,5
-0.97218197888904767,0.21795341439840238,-0.08578175257857952,-0.19589228264375527,-0.95735655487248172,-0.21235498685764667,-0.12840721756970455,-0.18964370802842492,0.97342018187483415,-14.303843174272894,-0.87449079737072122,-2.1609808161013762,0.1033729331921739,0.2510032973633932,0.3863636363636364,1,4
-0.73753164237640334,0.67506031354917095,-0.018456694299392361,-0.67324490218085398,-0.7371358799072697,-0.058068892195640903,-0.052805096165604387,-0.030401770083853027,0.99814195092417135,-15.748133475505872,2.7288608486164199,-2.3914121516338027,,0.1079545240745637,0.1929824561403509,0,4
-0.97708736391668094,-0.19002724890669528,-0.095864111883981223,0.1964722435414068,-0.97848903105466867,-0.062911633451230187,-0.081847057321309438,-0.080304799225505236,0.99340434790129328,13.984648722188865,-8.1170367005804192,0.16407368283506327,0.1497790250329476,0.1145788213327857,0.1111111111111111,1,5
0.1246487141354063,-0.97431340008808853,-0.18755291646140171,0.99216173736974078,0.12071644996359981,0.03228971365068907,-0.0088195784393336231,-0.19010769873146502,0.98172362603697116,-15.920051711806959,17.147526122565708,-3.0305411679110223,,0.1973455712833191,0.2173913043478261,0,1
-0.84324253946438543,0.53308591108283176,-0.069003123426712235,-0.53312886164924944,-0.84581310508577001,-0.019334118592376926,-0.068670492310964878,0.020484205382584258,0.99742907558162464,-6.6722429635065739,18.075629064284183,-2.5447220377388349,0.3397496426051791,0.3001251041829507,0.8742138364779874,1,5
-0.91810938860061997,-0.37117737496423309,-0.13893346205308982,0.38509546905974062,-0.91834502138083274,-0.091344958343067079,-0.093683671325661036,-0.13736731059353066,0.98607991142059404,-16.256371989916904,18.086778861705234,-3.1013423076074167,,0.2268429716481815,0.3157894736842105,0,1
0.90156562988445543,0.43249297977381046,0.011368265365285624,-0.42777910006238951,0.88719471694919982,0.17288891163762271,0.064687375591048507,-0.16073380684784361,0.9848757214874081,-14.132140667318241,28.538692238120515,-3.2786978256745276,0.5747695732620914,0.4800080026604467,0.9647058823529412,1,5
0.53793224318332256,0.84124094179370068,-0.054245549069082875,-0.8408329401585688,0.54004335222656219,0.036785111936680631,0.060240090372237889,0.025823546734424659,0.99784982634963659,3.2186358907118784,-14.146316776535777,-0.38744879090525036,0.5037503079864667,0.5303575399106155,0.4024390243902439,1,5
0.6591335029845119,0.75078281908333233,-0.043222491976405167,-0.7484472319829486,0.66051288889526782,0.059577382791537424,0.073278688446425211,-0.0069196945388895629,0.99728749698723262,-1.8395781486710046,-12.838025502276501,-0.81459630897665136,0.1860191366861337,0.1845321605594163,0.5116279069767442,1,5
0.28882124460826342,-0.90683924503390967,-0.30696070160406924,0.95737042235481873,0.27521591322699807,0.087738677370847964,0.0049155938695104396,-0.31921589053955046,0.94766927362026054,-10.805948934107123,-5.1632583345570593,-1.7298150039391718,,0.4209549968590384,0.2307692307692308,0,4
0.82606897985645822,0.55854660893743457,-0.075071473699431401,-0.55618304392749518,0.8294728812984361,0.051333817684041799,0.090942081384021115,-0.0006517936521211686,0.99585597000699799,-8.5717468532110122,-12.7587554592691,-1.2685309675007428,0.1587530830045679,0.1237264015060715,0.4857142857142857,1,5
0.99569941513657023,-0.0081847231228441009,-0.092280469245102067,0.03251047206941178,0.96361243500078997,0.26531894828239094,0.086751045541352698,-0.26717800324737145,0.95973442716109314,-11.284557402338599,4.7968854317028748,-2.1567053753101133,,0.1232165897588764,0.1975308641975309,0,5
-0.63174550028062948,-0.75491560793375556,-0.17606830428326981,0.77164528836244639,-0.63408514897374146,-0.049995727807339248,-0.073899741699243127,-0.16744685350569236,0.98310751163228782,-2.2110939241817085,4.8111701035996939,-1.5501758832462962,0.4783161866549031,0.3474680775689082,0.3161397670549085,1,5
-0.3020777929813091,0.94698112996961104,0.1094337537920563,-0.95324490670157946,-0.2990387005678628,-0.04358902855285645,-0.008553059981021691,-0.11748444596695855,0.9930378895695765,-19.386311002113963,18.532875328621188,-3.3405207415769431,,0.1934303757798501,0.4210526315789473,0,1
0.8795398931340197,-0.46546626707247751,-0.098745787775533736,0.47027835432594661,0.88195691762163053,0.03146847488887692,0.072442017077639906,-0.074115785612550569,0.99461500314682449,-14.779220498972522,21.904021923911788,-3.1530134806049372,,0.07994587337820347,0.3103448275862069,0,1
0.21309856379272532,-0.92474141614608785,-0.31534475637563175,0.977030435882562,0.20145340149108634,0.06948420242618622,-0.00072764593712395251,-0.32290840851826691,0.94642993942477915,-16.704579265670937,0.79232821084697236,-2.3782021383129752,,0.08074120247846586,0.2173913043478261,0,2
0.48951610716576449,0.86643479531609913,0.098309339794463019,-0.86951076354622148,0.47650709524571994,0.12996930505989354,0.065764830285960557,-0.14910309737236743,0.98663227873986759,9.6479172259925203,-16.668461955330763,0.1233530165038713,,0.3585010829802329,0.1818181818181818,0,3
-0.67816488092896576,-0.6997337742727352,-0.22464425079808639,0.72990621963404401,-0.67691761225570957,-0.094970820558561292,-0.085611359141992707,-0.22837511107837646,0.96980178584378718,12.851430659049745,0.021959063538268209,-0.30827065534835707,,0.3825599837440194,0.2727272727272727,0,3
0.82395590691140685,-0.55113194218940564,-0.13172033162854233,0.56289723859155716,0.8227951639169393,0.078452641898759265,0.065141094953947029,-0.13878652864535876,0.98817758384552035,-1.5108593427830732,5.8629624281066981,-1.5515279367047188,,0.08030991133822013,0.35,0,5
0.98811717464325954,-0.090415397046473098,-0.12429603835983478,0.11915493197825064,0.96143520911609248,0.24787989199842927,0.097090428777914864,-0.25974486452829654,0.96078408291920425,-6.1255793368244209,-18.660692244080739,-0.89384193722509364,,0.4880950903572992,0.723404255319149,0,5
0.87004802617123234,0.48749778943019717,-0.073227982740299818,-0.48547585730698251,0.87311858873791515,0.044464839731657324,0.085613224022885931,-0.0031361283428406697,0.99632351200371871,5.1582409289105779,-11.982397942620921,-0.33431371522508929,0.3020710485819185,0.2974750408946591,0.8425925925925926,1,5
-0.73569174293865758,0.67429242241314058,-0.063932686851875392,-0.67497622627499765,-0.73771626236775434,-0.013483701335868691,-0.056256140424351758,0.033233195969850457,0.99786311754177304,-2.9799419790208233,-11.49635228142211,-0.93629465470951279,0.19878649804887,0.2471916409976986,0.2678571428571428,1,5
-0.38235101757840206,-0.91670439741820497,-0.11602045988051128,0.92264875101027755,-0.38559416677312441,0.0060349655934101151,-0.050269092054007099,-0.10473865716470082,0.99322848936153674,-4.0187727264784341,-11.387512443346884,-1.0101258254166221,0.5791572560461902,0.4915503179521818,0.9366515837104072,1,5
-0.13506577514670726,0.98722586087624242,0.084512342300877202,-0.99058226917367009,-0.13260646466277567,-0.034092426261298346,-0.022450041932280417,-0.088321147789199139,0.99583902839286076,7.9517773896699255,21.228222845571331,-1.3332736555619358,,0.1992897191734037,0.1111111111111111,0,2
0.87277451665629358,-0.46416568854902807,-0.15104587597541222,0.4840081961817651,0.86303760770636417,0.14457577152949846,0.063251158916235339,-0.19928949108842267,0.97789722856620798,7.5566635443865717,-21.617928438953228,0.23290550844567617,,0.2251198716558755,0.2692307692307692,0,5
-0.6507889657972652,-0.75088320747207549,-0.11246390857948511,0.75555934983530904,-0.65507829681191987,0.0015792157675060005,-0.074858472285855973,-0.083945421450147412,0.99365455533831559,-14.805406973801436,-9.5822123985507002,-1.8465906599368016,,0.08280835009037858,0.4444444444444444,1,2
0.98569666059703709,-0.11451370060072254,-0.12364750568684404,0.14520939476476166,0.94946790849716534,0.27825334212920227,0.085535518703645272,-0.29222816960167852,0.95251581190621282,-7.6407408267848655,16.769421113443617,-2.5398368799233184,,0.5768653987322663,0.3333333333333333,0,4
0.41377514246375119,-0.89242674827543567,-0.17990172439872579,0.91018645000409248,0.40959511349644867,0.061583027116076272,0.018728526585145018,-0.18922563769839434,0.98175501034096402,-3.9051286293160592,4.3541712125231298,-1.6524409602657884,,0.07359244414794083,0.2245614035087719,0,5
0.91154085027995768,-0.37603167054597564,-0.16641352414180702,0.39909993136494504,0.9065020145734547,0.1377437561516513,0.099058180153833303,-0.19197468666642506,0.97638783105072546,3.3092301405945888,2.6853061172911223,-1.1003428508791304,0.3976736890046316,0.3344660100708706,0.2280701754385965,1,5
-0.99509777739623129,-0.020761338884059094,-0.096692193215492425,0.028577702528509098,-0.99637163801056505,-0.080167785839050945,-0.09467696836756502,-0.082538026241758086,0.99208051381167761,-7.6637267365660495,1.4781554820337801,-1.7920230999280271,0.8777476753922193,0.9400219110699413,0.8456057007125891,1,4
-0.23315497501951349,0.97049426803992112,-0.061478722541283226,-0.9724388270450115,-0.23276760853597156,0.013489554172293996,-0.0012187202191557102,0.062929453502336738,0.99801723362020411,0.014090321336733783,2.0898738222982378,-1.2993163984376586,0.4066504104680059,0.3375052593792541,0.7986725663716814,1,5
0.84583375620671097,0.52962527968954431,-0.063736331672124266,-0.52678642777273732,0.84811121815115198,0.056598773490318013,0.084031639134825989,-0.014297718697111744,0.99636050647562968,-3.3564056884543017,-12.646515414873338,-0.90309122277590603,,0.2804473281904482,0.2,0,5
0.96465461711924927,-0.24320051212980764,-0.10146418368229515,0.248792587293413,0.96744048217787337,0.046488299079381866,0.086854580641234594,-0.070088689124878562,0.99375241256481595,-13.16907293779582,-2.1205676525677801,-2.0450795427436881,,0.07755899341664421,0.288135593220339,0,4
