axis_00,axis_01,axis_02,axis_10,axis_11,axis_12,axis_20,axis_21,axis_22,location_x,location_y,location_z,dbh,dbh_approximation,score,reconstructed,number_clusters
-0.4422535779845097,-0.84434028964274055,-0.30249173219430747,0.88243664198408123,-0.46993638512524422,0.021572362394433459,-0.16036628587006044,-0.25738933393097596,0.95290785763095198,-0.43861877014288192,11.236389819891011,-3.4959540796010349,,0.6461070578965425,0.3636363636363636,1,3
-0.88949567991574974,-0.39272751548836637,-0.23358624529186831,0.39328361978014115,-0.91825402050222471,0.046233626768066784,-0.23264872624591629,-0.050741032802205377,0.97123628318052335,-7.0691660376755729,-4.7089794110335399,-3.6407546566014815,,0.08771019237021449,0.4951456310679612,0,5
0.88159950667283771,-0.38389924408846476,-0.27459730556310102,0.43601083043684935,0.88518744494965751,0.16228907247644905,0.18076743505393492,-0.26280136546791882,0.94776504299969777,-1.5704541656430213,-16.007652086245741,-1.4140443553677073,,0.1416722468099313,0.1666666666666667,0,2
-0.90491654284246148,0.38257382706248916,-0.18644923528083404,-0.37961135843439642,-0.92363848962132877,-0.052793532157095265,-0.19240911370732788,0.023004506879970844,0.98104511905700298,-23.465697513149472,15.655933075023533,-11.216542407682553,,0.1202569143089804,0.25,0,1
0.0938005312006749,-0.92719967420039096,-0.36263235447097142,0.99113471381865392,0.052542021398086981,0.1220299760346529,-0.094092717093759215,-0.370863991444427,0.92390825325885129,-37.113547805067917,5.412730259037783,-13.872136280559554,,0.2093178910954213,0.1904761904761905,0,3
-0.91636611510114685,-0.3087305787751381,-0.25486971735300362,0.32880638048203292,-0.94358292168566749,-0.039212677254222693,-0.22838456000512855,-0.11973595797548708,0.96618000037206109,-14.019578818859337,12.739795062124221,-7.7293835482824047,,0.09552015788819623,0.3333333333333333,0,4
-0.036737078010282434,0.98220930289013242,-0.18416099591212565,-0.99827091438074944,-0.027607869298193411,0.051893998248691356,0.045886475139061786,0.18574899964439487,0.98152521135751658,-14.27324778657138,-12.480437391614904,-5.1794189096547756,,0.07635682912744238,0.3333333333333333,0,2
0.95778199111453588,-0.12600298250332753,-0.25841227892060664,0.19153975026144904,0.94997064496172212,0.24671501328616227,0.2143972517698326,-0.28579542003201458,0.9339993556326831,-1.2632311886976366,9.3063654477045841,-3.4772714771285451,0.2425238470211935,0.3001229188280284,0.125,1,5
0.90447135410435897,0.37042211009908649,-0.2114687446275878,-0.34251700022226672,0.92622350013063903,0.15745517573102569,0.25419219925750564,-0.069982055953570585,0.96461849333357896,-12.160167311318075,-3.8748614894405002,-5.4003981568178023,,0.1675864982099861,0.4347826086956522,0,2
0.96907820208167705,0.092975373104028175,-0.22856731666253488,-0.070968426627742137,0.99217738982545001,0.10270106884127375,0.23632799383934089,-0.083304304302503074,0.96809579702245807,-14.720828980659585,22.120426108004985,-9.0514157648957791,0.5925762925601016,0.6548125437622524,0.9791666666666666,1,5
0.3685540970920464,0.92947942430063613,-0.01535829803152421,-0.91839300112574662,0.36661711293514149,0.14881595339998455,0.14395198157688271,-0.040741775916868145,0.98874563700439588,-26.966309183020428,12.34237019175826,-11.813972422549032,,0.2825291291555806,0.15,0,1
0.76648322182331263,-0.58650158913211925,-0.26176202285444944,0.62920663200718108,0.76746998755163887,0.12283660873561666,0.12885063019455656,-0.25885460040915997,0.9572835582759579,-6.2023339560150577,20.874183067602029,-6.1424079004303795,,0.1311350117366979,0.2307692307692308,0,5
0.8416852319702528,-0.45965623622873175,-0.2833409867619216,0.51250323875365467,0.84527546342211335,0.15116157317105119,0.17001882410544267,-0.27244363716660563,0.94703118428974375,5.622987802760302,-3.9322661971514599,-0.3680465930928048,,0.09899535982912008,0.1111111111111111,0,5
-0.39057787687405282,0.90001589508101654,-0.19344330099043167,-0.91983256259390689,-0.38996007295050306,0.042885875254746311,-0.036837194362281514,0.19468572137153742,0.98017370450627805,-31.746934566089866,14.340130783762087,-13.629658988546389,,0.1765626702425972,0.1333333333333333,0,1
0.86192905596625236,-0.41227308290049725,-0.29514269023109058,0.47538646423503633,0.85952771120405402,0.18766945221434159,0.17631225738228221,-0.30206459373458583,0.93684095187428895,-38.648872340864386,17.053126771674474,-15.79409602784615,,0.1139098189250927,0.5714285714285714,0,1
-0.20011107408822271,0.97625396504943507,0.082968390080281437,-0.97969720503167657,-0.20043163363510327,-0.0045328458482714216,0.012204281231532409,-0.082190972519003605,0.99654187044800158,-12.073953124152979,-1.3274831978169626,-5.4506799166287792,,0.5060177491495524,0.322289156626506,0,1
-0.25482284281595663,-0.92740890900326511,-0.27382117208238216,0.95921825885994993,-0.27825320110995938,0.049754275612735037,-0.12233417612785814,-0.24997574196996739,0.96049283067479674,0.85790266499864676,-6.1464778427001781,-1.3717621148162829,,0.07923280952407778,0.282051282051282,0,3
-0.66505910100332577,-0.67765808628871149,-0.31380871603601201,0.71955697098186278,-0.69392941220414384,-0.026452530869826907,-0.19983532641666679,-0.2433957455781299,0.94911767097152466,-3.6320958536301933,15.68395752148607,-4.7426530740418533,,0.3023537392109271,0.4137931034482759,0,6
0.81276650940615358,0.55500336001190875,-0.17714929173786984,-0.53677119454008804,0.83158741367888012,0.14261506976080227,0.22646696425691856,-0.020824115500135403,0.97379621600922883,-17.598382044212915,11.326929524052108,-8.6069436385037665,,0.06225080147767563,0.25,0,1
-0.64249441666979412,-0.65800892242860021,-0.39271514174079675,0.74317520022756034,-0.65998933971684481,-0.11002133078112233,-0.18679278978286859,-0.36254424483706288,0.91305537850705287,-5.6909685795931768,16.994883932330481,-5.560122244960767,0.5181825461526312,0.2225176270673306,0.3333333333333333,1,3
-0.82222445381725873,-0.48924905594184814,-0.29083037806412476,0.51957784238898752,-0.85379996260666224,-0.032626516076143947,-0.23234847372710624,-0.17793533969639894,0.95621817680057297,-8.1141906478315473,-12.478420290163168,-3.4782270749722839,,0.1340349271036687,0.375,0,3
0.84824029142864454,0.51643271381861011,-0.11741235069188814,-0.49613109917579529,0.85241740046912218,0.16504092767578105,0.18531686493049271,-0.081742445983777903,0.979273114149941,-17.820472642444052,9.8900125691264797,-8.5398372969260148,,0.08416449611565731,0.2,0,3
0.316051710567677,-0.79935249839310918,-0.51102534140680322,0.94858381084377819,0.27607625220577692,0.15482460002566625,0.017322530194537764,-0.53368294546547634,0.84550721088997971,-15.209312893025157,-18.738983972918358,-4.9818410562381512,,0.08062589436827255,0.1666666666666667,0,1
-0.97207125039299147,0.091368339983783367,-0.21616963387121538,-0.054429868922310401,-0.98375864837050742,-0.17104476351333761,-0.22828682294102665,-0.15450161230498946,0.96125666617540395,-16.781379202290154,-14.068669775341359,-5.7603623827508379,,0.1503322898160991,0.2352941176470588,0,1
0.97106980656498521,-0.038731767508644911,-0.23563378570039364,0.084173012404797951,0.97894263279145965,0.18597372310632301,0.22346886754209069,-0.200427472889776,0.95388180260998479,-3.0124051389756721,12.666073751796327,-4.325097072472138,0.1556480179766478,0.1235390542919548,0.5,1,3
-0.97119766614462466,-0.024571337862302114,-0.23700494220773563,0.037794201667725812,-0.99796223993907351,-0.051409784828251238,-0.23525877580981927,-0.058886475624241708,0.97014725242770306,2.4643320103876207,11.847650690168457,-2.6803692226288431,0.4181565445947318,0.4446862347338419,0.5376344086021505,1,5
-0.75777247778147194,0.62809514813681722,-0.17685405509605542,-0.63382256009834381,-0.77292440953704222,-0.029271478476425354,-0.15508008971918424,0.089912969191347517,0.98380171973009145,-4.0529556824817945,9.6229391869752927,-4.311665515404929,0.6635837478474561,0.3913919703013021,0.1678321678321678,1,5
0.36591983197245215,-0.8383229790025899,-0.40412530166456612,0.93049072206030925,0.33750590280262449,0.14239656503255477,0.017020362185855016,-0.42814057089886892,0.90355185729511589,-2.8394382315271627,-8.7212078420167938,-2.2161586675741058,0.644304066735736,0.229769762923328,0.1884057971014493,1,3
0.40420750337138711,-0.86957565144944382,-0.28364499048026082,0.91371823722686596,0.3980051751580288,0.081919860268783271,0.041656658258919017,-0.29228422289563261,0.95542380955730688,8.9443463538671839,4.4936139243667732,-0.13480873799615042,0.2627021078450871,0.2242595223724876,0.4649122807017544,1,5
-0.3646339100588632,0.90929100069105395,-0.20057913076251738,-0.93084346499062742,-0.36149154285857227,0.053425725320031821,-0.023928128205676635,0.20618860420496388,0.97821966049378772,-12.390771313310999,-10.086535892760116,-4.8191563606290604,0.215022523620301,0.175483701928143,0.625,1,3
0.90567724059538757,-0.34364057122559311,-0.24831410285216229,0.3812964917718436,0.91627741178433941,0.12267310225260376,0.1853691485388291,-0.20578353301841606,0.96088054216351448,8.0099749352402991,12.707095711128694,-1.2274853420704008,,0.1098511109166719,0.4814814814814815,0,5
-0.6125088501374254,0.77386722938277497,-0.16112858154516826,-0.78443014417510704,-0.62020907286221405,0.0031709381600007708,-0.097479523043308508,0.12833634413844575,0.98692832838075362,-34.791053215379385,4.7637576251778322,-13.017929884614572,0.3798216277810981,0.2074955643364517,0.2941176470588235,1,5
-0.71729316072993343,0.68508255378897798,-0.12709215579269414,-0.68471555477430601,-0.72684120440546651,-0.053539449273649967,-0.12905475822369647,0.048618495167820755,0.99044490574056676,-14.427647024186331,-9.9507512817113302,-5.415673509480853,,0.1312404141075551,0.391304347826087,0,1
0.8564197262812856,-0.44613589589320096,-0.25982304522859206,0.48594850868234551,0.86654020179513769,0.11385133105171187,0.17435394846602245,-0.22376514712620701,0.95892119571208478,-26.810994882120539,16.556483299469601,-12.309714299573828,,0.1141788999280516,0.25,0,1
0.49720600624191846,0.85266330452186578,-0.16047266583070374,-0.84838946317120545,0.51652772625361398,0.11590697473122537,0.18171820529884844,0.078513674816067539,0.98021125107287022,-27.260822596215629,14.551345559827469,-12.335554481340035,,0.1272759053881394,0.2,0,2
-0.52072934966802431,0.84400295490255794,-0.12845215650220188,-0.85276176010028515,-0.52135598366924962,0.031389788195075506,-0.040476226417232725,0.12588467106053366,0.99121880767416881,-20.822269103180165,7.6385041520193493,-9.330235033144552,0.3971540846154057,0.3606989992515809,0.6333333333333333,1,5
-0.32052066715558597,0.94454741120994301,-0.071391105207397873,-0.94698801925626164,-0.3212670539946752,0.0010823135798756326,-0.021913313561415754,0.067953425183562371,0.99744781251681625,-11.21594243193581,-9.4361368036881785,-4.5948478743021832,,0.3538248935113545,0.2317073170731707,0,2
-0.3020248051607976,-0.91679234285439237,-0.26129067559164371,0.94423122380341307,-0.32541207687857093,0.050342588494084725,-0.1311808410641282,-0.23151410390110205,0.96394647498322161,-4.703233617854762,-3.2926739865420043,-3.0666195434209653,0.1663203837484554,0.1271732402168158,0.5748502994011976,1,5
-0.3165950884356819,-0.89640239228561447,-0.31021009184588094,0.94027576993215956,-0.33970232042859771,0.021995680801249775,-0.12509606891060526,-0.28471930844263699,0.95041353575328424,-28.425474769571711,4.909959712428285,-11.268034917085807,0.3732524226908329,0.2222908529889159,0.3636363636363636,1,5
0.62190003689641782,-0.73445249138659507,-0.27169814501438766,0.77687127778131815,0.62229348853243904,0.096030369615817956,0.098546242275682677,-0.27079577549539485,0.95757938893190009,-29.517113379863591,9.7935471092154085,-12.259192488958133,,0.1402908139599287,0.3157894736842105,0,2
-0.93922387216357583,0.2760438007313899,-0.20410374331654946,-0.23382180388294527,-0.94967607459962355,-0.20842916629391212,-0.25136802101099631,-0.14803774319685678,0.95650349952428115,-22.244365410337736,9.3403699879613065,-10.048356065001823,,0.3576090327119731,0.2075471698113208,0,2
-0.15654082797325888,0.97529665250746822,-0.15585701391074744,-0.98767148629707291,-0.15456896275459994,0.024768344892202195,6.5826883301734479e-05,0.157812785796004,0.98746904777118316,-21.06436969818472,11.335625653195603,-9.7380398028731712,,0.6420968318212418,0.8695652173913043,0,3
-0.95623768804670883,-0.15178952264167242,-0.25013881101360541,0.1608731829180288,-0.9868428887336248,-0.01615338892302241,-0.24439579165138961,-0.055687105976960229,0.96807522602895013,-10.196004365322503,-8.3700430444038751,-4.4111401484126116,0.2865698245103694,0.1927939641198783,0.3846153846153846,1,4
-0.75825241754915307,0.61492748130531172,-0.21660439519172064,-0.63642695690309725,-0.77023324997294096,0.041248868629146174,-0.14147084437412771,0.16912993044292013,0.9753876495119489,9.9518894096134769,3.3191015234583849,0.17367734103074037,,0.4318297905199184,0.9922178988326849,1,5
-0.089396681326925617,-0.94393376219370295,-0.31780070163323215,0.99130901778580716,-0.11524390701365665,0.063445040411101258,-0.096512510195677317,-0.30936692532827453,0.94603247348527075,-32.903609768635398,9.8190129091886043,-13.270691739458455,,0.1782311376933224,0.3157894736842105,0,3
-0.96963739104710944,-0.0776962348041359,-0.23187631397064928,0.071554733864066342,-0.99682964421718867,0.034793396952220071,-0.23384449949698882,0.017145130710866621,0.97212282894082314,-7.6266381629101838,5.2152640684220666,-4.6871738673543009,0.350372904419974,0.2743445293245556,0.8442280945757997,1,5
0.89462485983619311,-0.33477440193047014,-0.29592644352130426,0.40515868039535852,0.88704434902209184,0.22135665015595268,0.18839533928248683,-0.31792832947076161,0.92920868132867063,-17.407999940174935,14.60065124547303,-9.2128974782260737,,0.212914758163827,0.1538461538461539,0,1
0.70668555371009867,-0.63298638898417936,-0.31610719627718192,0.69660745992674478,0.70066797640382605,0.15428037340043071,0.12382881309235065,-0.32923034216629676,0.93609497747034343,-25.469767423382528,4.8639895904475328,-10.391771229043799,,0.07790047317692858,0.3461538461538461,0,4
0.77610329544119339,0.60652191222608243,-0.17261183271994124,-0.5910691961134189,0.79505866615671827,0.13608424881277476,0.21977461229895709,-0.0035898967557941195,0.9755440699579524,-7.9477683995397221,-14.084289659422147,-3.2870963344686124,0.8622294060118426,0.4265351927786321,0.35,1,2
0.93420994711930139,-0.22635746340774532,-0.27570649876810066,0.28507650708530557,0.93834013277882211,0.19557397660390644,0.21443684340941763,-0.26130459999057598,0.94113588084419064,-1.9719227355113946,12.596798615894011,-3.9967367309119508,,0.2854012982470737,0.1764705882352941,0,5
0.14524327709376364,-0.90583623856398043,-0.39795112685268896,0.98939555172229143,0.13334761968626493,0.057574773609204696,0.00091251915493823703,-0.40209342350785593,0.91559819029993994,-19.072359808180163,9.0345960946521924,-8.8667918051788224,,0.1867856298697061,0.34375,0,5
0.59530370770398255,0.77916975646683651,-0.19623451837356035,-0.7818423061046319,0.61803860913897446,0.082163775464337674,0.18530003771959547,0.1045120482096384,0.97710855476765912,7.5793246678310018,8.5813307750619447,-0.9062185515749388,,0.2192165513150771,0.3802816901408451,1,5
-0.19298572119647422,0.97842443732523221,-0.073770806279187251,-0.98119947514637107,-0.19228391814391263,0.016567582675594716,0.0020251880812103122,0.075581183293395027,0.9971375949913871,-14.144336348508304,13.545718508619261,-7.8565369746788374,,0.1271583747455609,0.1578947368421053,0,2
0.72108670097976968,-0.61645080071173686,-0.31626314987992349,0.68133804601225034,0.71377016857079245,0.1622054669689999,0.12574751180966154,-0.3324463216224256,0.93470156013210859,-26.224256566486122,6.9381940618644569,-10.935976657704366,0.5003282154144005,0.4028520173672329,0.3625,1,5
-0.67975250143060961,0.73339998545970286,-0.0078101297388822842,-0.72393386506960578,-0.67261176852654514,-0.1533400399275299,-0.11771276822933206,-0.098579258301643713,0.98814261826341976,-4.796015872568649,-18.7257298477045,-2.0999681502546159,,0.3850941988070858,0.2727272727272727,0,1
0.47953034268809042,-0.75742160703168304,-0.44312882962292793,0.86383966217275709,0.49627954363947668,0.086531223395084081,0.15437515505643995,-0.42428660568834348,0.89227192477112294,-11.680248704731135,5.7822001972394608,-5.975999576580004,,0.5831796690064013,0.3514211886304909,0,2
-0.31893873655509225,-0.89374299253314449,-0.31543865587866898,0.93834741870963323,-0.34459146586954731,0.027583390851108228,-0.13334993110463103,-0.28719363667702752,0.94854499678539972,-20.693118767275195,16.255288529483845,-10.421406918321191,,0.0947459884072713,0.1904761904761905,0,1
0.26038607608546943,0.96509291364255279,-0.028191477750200377,-0.96054542014677646,0.2618938024084741,0.093616943418825552,0.097732221993898236,0.0027026462881814118,0.99520907777570844,-25.158025238659413,12.255881719448896,-11.229158361697618,,0.2044179336442003,0.4166666666666667,0,2
0.79448350579538507,-0.53691896248884208,-0.28374986650037498,0.59008857210538168,0.79294064827186705,0.15179132184951671,0.14349716404761062,-0.28803325509061856,0.9468080100380416,-6.6732509974843754,-16.53966491206344,-2.7329434415350495,,0.1118710014867614,0.5128205128205128,0,5
-0.57795092154611916,-0.76749986548996418,-0.27733858144311274,0.79452814715750086,-0.60677468809079116,0.02344144335981058,-0.18627333587623249,-0.2068053054571124,0.9604862362243044,-19.238000482042466,14.421132771641243,-9.778246692383469,,0.7602935871104894,0.3409090909090909,0,1
-0.9486015975775911,-0.2074808963720727,-0.23897005401071345,0.21357538573498902,-0.97692650411993864,0.00040019513480588981,-0.23353921229933247,-0.050658495720229665,0.97102685499937158,5.792642162850357,-5.4788164554156848,-0.17327133728219096,,0.1196568011814693,0.5671641791044776,1,5
0.44576452083975254,-0.84697242759720359,-0.2897096802846032,0.89372746062140096,0.43934303180158979,0.090713430861206784,0.050450154526319402,-0.29935832591977196,0.95280605298811127,-3.1514622325410002,18.333299775321915,-4.8889218996821002,,0.08182011280671227,0.125,0,5
-0.81302649995333942,-0.5049821293647544,-0.28979468489925825,0.53708964143499416,-0.84264785842099876,-0.038461718132877916,-0.22477239029038051,-0.18691611947807546,0.9563157098167977,-1.6689159826589084,10.622508871616594,-3.7861189071214012,,0.1108909596048054,0.2686567164179104,0,5
0.54247389559391734,-0.77815715508611127,-0.31653359156249272,0.83564601747305833,0.53847429470280972,0.10835666765700153,0.086126686227776916,-0.32329069880310957,0.94237217594049338,-10.207932828667174,10.478359764028236,-6.2090335596816324,0.3751198679211146,0.2301220027522601,0.5269461077844312,1,6
0.26077826788247332,-0.91940296330744053,-0.29443655693835785,0.96538458404219851,0.24669936442938084,0.084687829608576529,-0.0052249300367327601,-0.30632925856280424,0.95191128024331884,13.543779541823664,18.295336909591498,-0.13897233519699734,,0.1669161695809626,0.5,0,4
-0.82103779454252523,-0.49309727060231545,-0.28766651118490266,0.52619101191743956,-0.84910242587343654,-0.046347484863220503,-0.22140451420431273,-0.18942056936983495,0.95660853487179387,-3.4630972008888836,-6.4834859932281415,-2.5154024973319147,,0.08368062856132517,0.2446808510638298,0,5
0.86118444291155127,-0.44523100639604618,-0.24521563210914088,0.48052760235964803,0.87039952218019245,0.10722823862668372,0.16569423242107628,-0.21017617070461841,0.96352031561889429,-35.759684405398346,11.103869791721168,-14.203720420425674,,0.1471545984937882,0.5277777777777778,0,2
0.9584624075908672,0.18935162756201304,-0.21329738482863653,-0.1609933870976438,0.97647886305799059,0.14342300830690427,0.2354377678834621,-0.10312609340312862,0.96640264192181435,-10.446446264463008,-13.914743836338035,-4.005889830619326,,0.0851414653932359,0.3,0,3
0.92753163839677366,0.34623231213799027,-0.1407417699355008,-0.28582166229503259,0.89975021956371959,0.3297810178860241,0.24081328272315147,-0.2656552811946698,0.93350749029532687,-11.935570527261735,-7.405058139024411,-5.033464452683214,,0.1958514347292971,0.2289156626506024,0,3
0.95870127534654104,0.22469812987500754,-0.17436345683539975,-0.15579199455875864,0.92778716136003447,0.33902778300147174,0.23795108547833899,-0.29786193722287413,0.92447690467286237,-8.2359594908990843,-12.856554865923716,-3.4650565157859639,,0.4496123733034629,0.3571428571428572,0,1
0.18475322851738993,0.97597978623041171,-0.11545432612960871,-0.97776961644796401,0.19439074016105209,0.078605453314896503,0.09916058543394736,0.098365120898005559,0.99019769808211444,-16.527580170027925,10.84494332643469,-8.1568823263878496,,0.5005155552035823,0.4583333333333333,0,2
0.26724594361206888,-0.9058408457347823,-0.32868216839584025,0.96362824554780668,0.25105732399380282,0.091601443501337129,-0.00045826340983798997,-0.34120753547887439,0.93998787637239323,4.1582886822828531,-7.3602159411276045,-0.50447825683999736,,0.1225408656655931,0.2592592592592592,0,3
-0.52195695396852682,-0.80615445393867591,-0.27870402687929069,0.83565139917733289,-0.54880281368419537,0.022410059019915909,-0.17101952302840412,-0.221202323873746,0.9601155423468527,-2.7715114733154551,-10.02530951439171,-2.105626519930119,0.3039283651890337,0.2034873968085953,0.5392156862745098,1,2
-0.90461367898208556,-0.33996552876247288,-0.25709440105095133,0.3550291265394504,-0.93476295507905283,-0.013135338614229164,-0.23585675972320602,-0.10315840763179575,0.96629702050029154,-7.6302896493777883,14.296855771152634,-5.8673475609325738,0.2003463466410868,0.1962375507864192,0.4489795918367347,1,5
0.48485456947208966,-0.80374599588135809,-0.34483100290826363,0.87232373284874187,0.47281571735775568,0.12448535065744785,0.062986915870454532,-0.36116155875751077,0.93037356846858754,-27.674479956601477,5.5459737396624513,-11.094799844364911,,0.1078884823061563,0.2173913043478261,0,3
-0.84902000677615463,-0.43864357797774961,-0.29454514016139538,0.47202552535568959,-0.88017577137274772,-0.049824842208213788,-0.23739614888726263,-0.18133511239488639,0.95433780471394392,-27.561837149917803,8.9789177102043336,-11.606172341427795,0.6275154990443264,0.2640805685901752,0.2142857142857143,1,3
0.90643186584771462,0.37103216626241409,-0.20178306215946465,-0.3493653203753323,0.92714856671904178,0.13542307096601736,0.23732919225175711,-0.05225578273689762,0.97002277688499761,-20.1195056355524,11.711470931316375,-9.4252603930562611,,0.07403968064005742,0.4285714285714285,0,1
0.40694514968696938,-0.82196917751735854,-0.39844989190321944,0.91227612440603989,0.38784893906167733,0.1316262637448424,0.046345636093872641,-0.41706099275785591,0.90769610020914249,2.4223937838509082,-12.8486818821569,-0.56322467324069692,,0.454172630884647,0.2608695652173913,0,3
0.71789398859211029,-0.64659295766283853,-0.2579646647200623,0.68577706641144243,0.72058669683108556,0.10229676209040729,0.11974153969040002,-0.25034448156667627,0.96072347958280091,-11.133450160955734,-5.7207127920943677,-4.9622412402500098,,0.08751778832524411,0.2058823529411765,0,3
0.29022901854578775,0.93949596784261724,-0.18197374316481488,-0.94846819241240288,0.30767823580173914,0.075777247217614793,0.12718177847435128,0.15060355115798094,0.98037919480306557,-24.010688182478358,10.315364814318217,-10.607162830311188,,0.1477404003188132,0.2857142857142857,0,2
-0.26363846203435959,-0.90787511963186363,-0.32597166823143786,0.95596603301037597,-0.29107065875916377,0.037507537108032112,-0.12893294794799945,-0.30172941315512392,0.94463519740188706,-10.662194789011222,-12.363369911974386,-4.148420269659141,,0.1398161156688397,0.1904761904761905,0,2
-0.89695507669305963,0.38270368817785649,-0.22138084255330948,-0.3976150467111349,-0.91720021216179304,0.025417423930505296,-0.19332321387626755,0.11082264148371096,0.97485613149383388,5.6040094157066074,19.891628509120743,-2.5784018827383539,,0.3802051966005972,0.851063829787234,1,5
-0.94073453578564725,0.25656263270009128,-0.22179753984695832,-0.26721687132735877,-0.96345081629951057,0.018912119125738616,-0.20883887774593782,0.077059328272483893,0.97490932043345058,11.073041534993148,2.0020936921001113,0.57538958650696603,,0.07538277555154697,0.2631578947368421,0,5
-0.83001177351849642,0.55653377489768818,-0.036750690045334586,-0.55352172588884641,-0.83002962664554525,-0.068297275638842761,-0.068513902163808371,-0.03634523749797787,0.99698789808176813,-20.895519383234678,13.250167636793249,-10.039206082632825,,0.5510294199265304,0.2592592592592592,0,2
0.95032018338086843,0.24873101653467763,-0.18714815113320948,-0.19975541866865609,0.94841947026985929,0.24616718125198769,0.2387243635900253,-0.19655378354706116,0.95098753325260366,8.6657344274140229,-5.6215434062325391,0.56918291041609437,,0.1300728924504041,0.2068965517241379,0,5
0.48901854628079644,-0.75401557971026878,-0.43854460086472941,0.8658779633694258,0.48039056505923911,0.13957169323785068,0.10543345742520403,-0.4479792523725325,0.88780537028062356,-31.733473098449913,12.152322715109179,-13.229953617439575,,0.2602731485919323,0.1111111111111111,0,2
-0.58892870724124025,0.78737038321521324,-0.18223846307157793,-0.80301840556227799,-0.59554934813767946,0.021963930909619123,-0.091238249190671528,0.15927602948439648,0.98300901741352675,-30.765698810483396,12.799575665202381,-12.980160090569475,,0.1068604678581921,0.4545454545454545,0,1
-0.61775326257215968,-0.73689440387698779,-0.27453149931516624,0.76103151923149559,-0.6481420757046783,0.027255759711196547,-0.19802003261704579,-0.19208978951524666,0.96119174957254694,-24.944105208112202,6.1667477034373821,-10.378987721046023,0.1951708491122827,0.09429287055375861,0.325,1,5
-0.4969725244042173,-0.81670755511066795,-0.29326963602196449,0.85086690527902364,-0.52499471150895549,0.020150989765426841,-0.17042247354206941,-0.23951893936134674,0.95581737701248082,-17.502123972977522,12.946383779605075,-8.8014512450796989,,0.0669903223058258,0.24,0,1
0.9504801664413427,-0.16503958660303691,-0.26334271976938572,0.22571791153825424,0.94904916969144915,0.21990247365316434,0.21363257619671996,-0.26845410848387197,0.93930480357852042,-4.4715736695042203,12.64892574101207,-4.7898893277711743,,0.08894298454842536,0.5833333333333334,0,3
-0.96014995358730637,-0.084255088624139565,-0.26648292002909574,0.14691887599610357,-0.96326631433517185,-0.22479513238319102,-0.23775388640848039,-0.25498840700720737,0.9372587699187408,-18.028275321831508,-11.995618253268839,-6.3202113197478491,,0.5373006261090068,0.2894736842105263,0,1
-0.42107417905450989,0.90254935515818324,-0.090006651071567786,-0.90591195526568247,-0.42339834017393141,-0.0075746184503825836,-0.044945133666278086,0.078348625013514014,0.99591235955691038,-4.5362984080318185,-12.469942528934212,-2.4587482170099295,0.5256146244683064,0.6466685922902231,0.5945945945945946,1,2
-0.39814300139088887,0.9139800460581462,-0.078247209860816652,-0.91709476487796326,-0.39849723883910032,0.011710801468942288,-0.020477858210437436,0.076422680175199917,0.99686520216022734,-6.881082811084295,-9.275778004864188,-3.3025604177222125,,0.6411747748429674,0.2413793103448276,0,5
0.9276785870193246,-0.25547108141464753,-0.27229940460210222,0.31427891466934421,0.92801755660785024,0.20003044373758164,0.20159663434712358,-0.27114192075078564,0.94119118983949601,-5.7011797287400947,-10.33454149495218,-2.8822411265772412,,0.115621402982697,0.2660550458715596,0,3
-0.071481468419945959,0.99548236005998847,-0.062492163364103792,-0.9972979619096437,-0.070266293655092557,0.021434158412418764,0.016946233900210127,0.063855452276010555,0.99781526665572062,10.70605582415158,14.178259971511716,-0.57645323654919345,,0.2767506268003206,0.1578947368421053,1,5
0.8116624726865046,-0.47985262756718566,-0.33308480338991259,0.56012634798760341,0.80114907691557535,0.21075727946476877,0.16571814844035357,-0.35763334908001554,0.91904074061127017,-10.742305379182092,15.545885720623415,-7.091273301905952,,0.2344761432461032,0.2631578947368421,0,4
0.91472282712757025,-0.29319001309560866,-0.27806791571978251,0.35316283656627678,0.91446587380255628,0.19755550237588879,0.19636231919645003,-0.27891178152155094,0.94002662607410614,-33.059247894174653,18.578614022613692,-14.538047996191874,,0.1781674465840887,0.3333333333333333,0,1
0.93089437363891669,-0.27779440564634061,-0.23720441252009938,0.30640018145904985,0.94734984351410001,0.092990337109139454,0.19888336765368395,-0.15924365665672988,0.9669988954933314,-7.2960359034373656,11.577809669958389,-5.4610412395347536,0.2631547138036632,0.2663913911639984,0.8691588785046729,1,5
-0.15887588532291427,-0.94723969313856948,-0.27837998635967115,0.98391508285282958,-0.1752305254624173,0.034718477513794171,-0.081667391274430373,-0.26838633849157745,0.95984332602436473,2.7318570494032124,-8.0642070040519691,-0.77519289866097107,,0.1458908145738184,0.4067796610169492,0,4
-0.92631928316365131,-0.27586885959289914,-0.25657154547239586,0.29083918750639354,-0.95652884983533037,-0.021566790287882345,-0.2394684794493866,-0.0945987935420632,0.96628459348712858,-9.3434128249857871,15.711866538526674,-6.5724036954027971,,0.0834889091501949,0.32,0,3
0.13009594183924278,-0.9600910570422474,-0.24758878832544381,0.99102527179881461,0.11817621095784404,0.062476346081801352,-0.030723876269869253,-0.25349466533074855,0.96684874622445782,6.3767923836523579,4.8000482962752828,-0.77405022949858859,0.2818372682850562,0.241707833278191,0.8744186046511628,1,5
-0.74748580295117428,0.66191949240936632,-0.055924591683504374,-0.65420513791251,-0.74814335852139013,-0.11089252738218991,-0.1152415372828452,-0.046304434656553546,0.99225767188559699,-3.950858746236662,-16.561486861601882,-1.9595113419061112,,0.2971982506936146,0.2,0,4
-0.80533277160939665,-0.50809460557460195,-0.30541610756133364,0.55485789123477947,-0.82743154803781971,-0.086543363964140682,-0.20873870629670038,-0.23915874455625841,0.94827804329524212,-3.1821002292466281,-14.165647931073867,-1.9671270793279017,,0.2483573058035559,0.375,0,4
-0.20339723966144885,-0.86175407404275717,-0.46476819896461752,0.9742779886348758,-0.22517509405403563,-0.0088644164691001007,-0.097015275908923754,-0.45461642390972573,0.88538801852738469,4.4256766288328375,10.19250478443057,-1.9887277496309885,,0.2819031032201904,0.5189873417721519,0,4
-0.051753924278567176,0.9976039737825515,-0.045911249329891171,-0.99747466393138395,-0.049398738498540699,0.051029985789982933,0.048639758806365466,0.048436310016514349,0.99764126705707346,-0.93215186714758802,12.985255812976659,-3.7623124832519763,,0.4113056365408827,0.2368421052631579,0,1
-0.03470134714390119,0.98302026401195741,-0.18018595130659082,-0.99876571901479061,-0.027700170593284723,0.041227891893376341,0.035536671583977372,0.18139421460169453,0.9827681740277141,-5.231448877752837,14.702327914155333,-5.1854188160760586,0.2271961295835167,0.1493191338013384,0.3636363636363636,1,8
0.82957922279286855,-0.49914249398342847,-0.25030997545120631,0.53343682211596821,0.84092736843357074,0.091029214157908114,0.1650559599687248,-0.20904050258118051,0.96387685850393257,-31.241581587872009,11.289947034493496,-12.91534021533019,,0.08174657450452938,0.6363636363636364,0,1
0.5412382186493313,0.83570964681106508,-0.093008477571799822,-0.82473478622278384,0.54915962963406761,0.13504159942118885,0.16393206845324115,0.0036176521528041507,0.98646499660431108,-0.65902479163686423,-13.308405633751685,-1.3740129109406756,,0.2238157566789598,0.5308641975308642,0,4
-0.23161535952887621,-0.92176418692580087,-0.31097445060861051,0.96831361695231422,-0.24913930202011153,0.017272736137005928,-0.093397347152028035,-0.29712016405816238,0.95026130282939247,-10.285326722301374,-2.1189149437115207,-4.8946824941458784,,0.1010363142142908,0.314176245210728,0,2
0.96420027910115114,-0.12269735005218634,-0.23508122441282536,0.15265561048498238,0.98171308975943716,0.11373510444201522,0.21682731923980259,-0.14554988727288667,0.9652984740204088,-15.999845014236614,-16.81835117481322,-5.359761182782572,,0.1348150422382298,0.35,0,2
-0.044810277514888752,0.99631038713298636,-0.073195980217214546,-0.99717911141939475,-0.040192207328427321,0.063390900126880298,0.060215104233622779,0.075830066339077698,0.99530093050350643,-3.2490969679218309,-11.823686343430069,-2.1185151444720365,,0.0871968804521305,0.358974358974359,0,5
-0.74011477918994573,0.66459100719827713,-0.10270787105084668,-0.66006089691741265,-0.74714059685279344,-0.078105959407923656,-0.12864573830950918,0.0099860745856855428,0.99164033415809083,15.901240955983141,7.9176995090144642,1.3084011345560251,,0.3389216953083689,0.2727272727272727,0,2
-0.67480972671532879,-0.67541099065338284,-0.29740851775798333,0.71040372472649316,-0.70365742148666544,-0.013884562703355559,-0.19989592448349119,-0.22064955674406983,0.95464935577600285,-5.208673763360105,11.570268775516716,-4.9081176723556474,,0.07980990355812349,0.2448979591836735,0,5
0.93753156441635643,0.24054608785784859,-0.25134069574842816,-0.18286478430314887,0.95532650728965829,0.23218900734424339,0.29596458636935358,-0.17172316118108963,0.93963616337877864,-6.4688746148739424,-14.322387614377101,-2.8542044705321334,,0.2020632687076836,0.15,0,2
-0.5275568524928651,0.84076827817978084,-0.12162429771402174,-0.84486895828183306,-0.53422411669583758,-0.028302587731919154,-0.088770550970422732,0.087825369610150583,0.99217261287199854,-8.642928335128893,8.5472979420077237,-5.5306310458082697,0.5158407921136553,0.5378488329006172,0.6273764258555133,1,5
-0.90841339948330446,-0.28555785178543441,-0.30535521761200202,0.34501662555538382,-0.924545422673548,-0.16180015297818745,-0.23611146462965599,-0.25233405378005691,0.93839165681146186,-24.791970655331699,7.5955349474972165,-10.593752669496213,,0.0950504174897209,0.2307692307692308,0,5
0.64033924846236068,-0.72479145012170887,-0.25424987848400377,0.76046118737476442,0.64478155728434194,0.077172053766521795,0.10800198782996283,-0.24276345939298641,0.96405470457247766,-20.359633158100891,3.2145693658885124,-8.5621597287966615,,0.09683939862883298,0.4347826086956522,0,5
0.80619218533866666,0.58896678667637925,-0.056323036947291863,-0.54698510642377851,0.77822798081880551,0.30849392736527703,0.22552484042657747,-0.2178975311075956,0.94955737703826038,-39.952676273399838,20.724409219665578,-16.892216323068553,,0.2779499934891034,0.3571428571428572,0,1
-0.5348018670836252,-0.75289507222385954,-0.3835830720781313,0.82395802150282971,-0.56529096015851077,-0.03923403069033457,-0.1872969347453656,-0.33703878201788173,0.92267259504706844,-7.7937567206332981,-1.5470655239693452,-4.1038800811458334,,0.3434067230833578,0.2208333333333333,0,3
-0.83199007223395827,-0.41444187234889118,-0.36882306618225186,0.50526802045797881,-0.84059092466938146,-0.19522070808689426,-0.229121686460727,-0.3487761915719283,0.90876752857151133,-10.476200212384862,13.55959936188429,-6.7212430202773827,,0.2521975446977223,0.2962962962962963,0,1
0.85951232892226348,-0.44632719790378689,-0.24905940825831077,0.48000877356168398,0.87228273107077092,0.093351027736840037,0.17558511820320699,-0.19978706035944874,0.96397873253433053,-12.568376202918357,16.14694978714218,-7.6891846755072466,0.2009341639563685,0.2270777025059126,0.6938775510204082,1,5
0.83708068800523938,0.5161110926909579,-0.18145319443322142,-0.47621856546739799,0.85066593413694802,0.2226731829455158,0.26928015090765328,-0.099984041227883305,0.95785770959307515,4.9246279283073537,-13.379986350027464,0.11861081794212874,,0.3858001198328092,0.1111111111111111,0,3
-0.96815440627660088,-0.085465445207009674,-0.23531405245494624,0.080523699917717378,-0.99628445513959885,0.030548620243036027,-0.23705058396629813,0.0106274231476618,0.97143917901146881,9.9403887538674809,15.730007523261058,-0.92745298596475911,,0.1014257068530042,0.4482758620689655,0,4
0.90162228078764584,0.40685544889362468,-0.14678523935618001,-0.3625439955274129,0.89596998636861747,0.25651439498328116,0.2358794482236703,-0.1780629866990518,0.9553295026709423,1.3197457605383223,13.260267513239919,-3.1416242594241734,,0.371384896829945,0.4,0,5
-0.94248370835878059,-0.22127531127759528,-0.25052284545982184,0.23904142691131522,-0.97008048367028377,-0.042462352999238152,-0.23363145271663405,-0.099905414372960216,0.96717901780408944,0.56038480127453927,15.399410400318638,-3.5858045042275526,,0.1257407591128978,0.3260869565217391,0,3
0.089416973123472465,-0.92610293148787548,-0.36652143894593769,0.99569321921875831,0.074069849530350992,0.05575545347620945,-0.024487101078380067,-0.36992839534174132,0.92873751092580625,0.69468950419163855,18.386870159480576,-3.7340077579175723,,0.30495501072142,0.25,0,3
0.47808571220304669,0.87252042447820088,-0.1007082948703122,-0.8736807076583103,0.48418851850437444,0.047365595258718939,0.090089249375158331,0.065342079986170351,0.99378787461414553,-6.7510973727648684,-11.584201489827068,-3.0787089989638914,,0.1832007533255893,0.2222222222222222,0,2
0.24806137850761265,-0.93458329602428314,-0.25498944151727237,0.96874392954491373,0.23954938168587339,0.064430526179717701,0.00086686953026936004,-0.26300219871001695,0.96479484451924513,-2.6236289269899258,-12.517953215779343,-1.9422877123137341,,0.06530996827351915,0.1304347826086956,0,2
0.6008505675917809,-0.74385836762359647,-0.29266589200142806,0.79379585851425793,0.59836690174283458,0.10883559116525818,0.094163317859159573,-0.2977108997249473,0.95000078408110555,-1.1346089224087634,14.138263472915733,-3.882992773470666,,0.09159108647167064,0.1111111111111111,0,3
-0.23411191361276554,-0.92348526519747853,-0.30391870108256341,0.96461264698639149,-0.25964469644229765,0.045902863563124355,-0.1213014970166351,-0.28241741549084859,0.95159148285858097,-2.9396543340175607,-4.0214081450384684,-2.4748058157860084,0.2074473956424605,0.1468746395481944,0.3368421052631579,1,2
-0.94675516674883597,-0.15345663228444162,-0.28302953245606949,0.21595750532557001,-0.95468967661860749,-0.20476810604050355,-0.23878234886176158,-0.25498761414189547,0.93699749546425337,-8.1620936936467778,16.26343749068851,-6.2795907301596872,,0.1261150743374352,0.3125,0,1
-0.50314932093093068,-0.78677676135490093,-0.35752354976789485,0.84849255239884847,-0.52826387112581752,-0.031585930204011646,-0.16401569854873782,-0.31924850861837811,0.93336983043941946,2.0534684047668414,15.551446498180946,-3.0951244317816404,,0.242403728551094,0.2857142857142857,0,3
-0.36165093377966456,-0.81525393391421608,-0.4522937378890976,0.92136073645228245,-0.38667156112270962,-0.039742887955381674,-0.14248857996486619,-0.43109874397441894,0.89098309609289095,-17.643752763503869,7.6696291443778577,-8.2090945214164357,,0.6600391614779679,0.3782383419689119,0,1
-0.94176868305488892,0.30577601835433371,-0.1399027312686599,-0.28027769918094081,-0.94367968193719842,-0.17582112853905324,-0.18578524957299147,-0.12637121704833901,0.97443017017271338,-2.7286699642280405,6.0756824027448122,-3.3066909191794474,0.8467946747160212,0.4788738124679685,0.4317073170731707,1,3
0.94578330572929947,-0.21118724724747059,-0.24676686407172865,0.24955805714912974,0.95876915698881582,0.13595028399715678,0.20788149199895356,-0.19016216818019188,0.95949134184592721,-0.63202482776435154,14.757058103589506,-3.8319712451903576,,0.06672492300079894,0.4117647058823529,0,4
-0.97342586937523301,0.018496292265056953,-0.22825416535852491,0.0059938602119852169,-0.99433352085428239,-0.10613634130346182,-0.22892389667929045,-0.10468398386559129,0.96779910779623957,14.74506431652787,8.5971507555496132,0.94476038046068112,,0.375890829599585,0.2727272727272727,1,4
0.59456526055849812,-0.75718096308726235,-0.27049794837530849,0.79866861630792163,0.59501167736996308,0.089941898568867001,0.092847144607654433,-0.26951455050076373,0.95850994507442444,0.68478809629305526,6.7494544959036675,-2.4912691396882654,,0.07217978008031661,0.1403508771929824,0,1
-0.48492662742138337,-0.815019220479554,-0.31715900785981721,0.86170338130020752,-0.50721640943765545,-0.014099526692845119,-0.14937686793313229,-0.28013422541002264,0.94826756091327646,-8.4984841605741366,-15.51820699779511,-3.3328977650917255,,0.4145940961534957,0.103448275862069,0,4
