axis_00,axis_01,axis_02,axis_10,axis_11,axis_12,axis_20,axis_21,axis_22,location_x,location_y,location_z,dbh,dbh_approximation,score,reconstructed,number_clusters
0.89574109693363702,-0.3360035887976412,-0.29111763185906492,0.4065179251044696,0.88412050856755642,0.23037817366018373,0.17997517560175119,-0.32470373364861493,0.92853455591150091,-2.0502380620676401,-5.8101529376452943,-1.4976079548791548,1.134309482739781,0.8618278803505061,0.6371951219512195,1,4
0.074129240440629324,0.98644565353063163,-0.14638930405675385,-0.9872141528712749,0.093360069964408321,0.12919796324591379,0.14111368495772153,0.13494024591190773,0.98075382127773914,10.922071685437528,10.267606416122886,1.1793331095589785,0.3628342333087409,0.4122066047162923,0.7452830188679245,1,7
-0.83298299790257602,0.51143115035768971,-0.21113385244684962,-0.53362525024015628,-0.84342573814762767,0.062266496097504911,-0.14623069962004687,0.16453328743430698,0.97547187546063696,9.80915905227649,1.706641089984593,1.3136679552755175,,0.07211655911450197,0.2352941176470588,0,4
0.96620864613668267,0.13123017745892196,-0.22185466561426592,-0.079592441370907763,0.97053224224269108,0.22744715879516283,0.2451650370818329,-0.20210345690134365,0.94818157401480307,-22.203924125986216,3.0620745838097556,-6.3643050178780651,,0.1653406854508973,0.3478260869565217,0,3
0.85074249990138562,-0.38872788097427952,-0.353734128145402,0.50130294560181898,0.80235153378820667,0.3239249495772934,0.15790046102681576,-0.45290468178299814,0.87746498142464968,-9.2026112154256445,-2.3906583311404557,-3.2170891784593789,,0.5296685522257699,0.285234899328859,0,1
-0.78863544495297999,0.59497679077101728,-0.15510239652448043,-0.59467677897136184,-0.80218316485726704,-0.053494846217416757,-0.15624872324618219,0.050047861726553192,0.98644895864942683,1.7262538664651021,14.764806091920711,-1.3139527321063591,,0.4213878405682708,0.6346153846153846,0,4
-0.72719569604972667,-0.53457694777207176,-0.43059715112556002,0.64108025327484053,-0.75313513760571416,-0.14766033104624654,-0.24536203558786113,-0.38342528791710739,0.89038335568330551,10.813119188324473,-1.5946938313066141,1.5174795077569516,,0.09018022876159114,0.2727272727272727,0,1
0.90401391334839287,0.39109977184274236,-0.17262622320226534,-0.3703702842230201,0.91817537478821654,0.14064079670236607,0.21350573068909126,-0.063205613651572234,0.9748950473593786,2.9991144861596553,10.089949818314475,-0.73763756965801075,,0.2327777022699416,0.5,0,4
-0.6930099362009462,-0.66331815248668857,-0.28239379757424926,0.67799793204175018,-0.73281371237874571,0.057470575921863762,-0.2450633233959543,-0.15163473062371521,0.95757551973450272,9.2718442149190707,12.371666130356729,0.70591395603898377,0.1678660113445203,0.1572083952089069,0.8378378378378378,1,5
0.21438534788149263,-0.93774800083568344,-0.27325374570609395,0.97557206191622048,0.1918466273046695,0.10702347219352175,-0.047938237579886467,-0.28952298444251806,0.95596985666768397,-11.298121262046635,0.6031315204133727,-3.6620517356466626,0.237559559802969,0.2138480203258464,0.8273381294964028,1,5
-0.64207473846237861,-0.7244786167607058,-0.25074043169174443,0.73029292029490667,-0.67750830148705266,0.087491439485618869,-0.23326440104654825,-0.12693791897074388,0.96409257020878036,-14.230537930861722,6.2998809472253985,-4.6968836931746711,,0.07312197397116171,0.3255813953488372,0,3
-0.84772418540942562,0.48207648841452344,-0.22128254515403573,-0.50592299720057321,-0.86018567264631296,0.06420692702192847,-0.15939142503759346,0.16638169337980765,0.97309378054355766,13.600761859542537,-1.7132603334077283,2.2664890322588707,,0.114453270750744,0.4193548387096774,0,4
0.82851066183519206,-0.43501708238937431,-0.35260490815479251,0.53871881019787593,0.79103850942840614,0.28989674047886677,0.15281402672660074,-0.43013743690909162,0.88973572402420742,-19.728683086595453,-4.9440902748203115,-5.4111459012772292,0.6755798973842971,0.451197101126859,0.1851851851851852,1,2
0.11123542250949642,0.99371421354046896,-0.012599308980314486,-0.98405241671267152,0.11190697410552768,0.13826666376424609,0.13880749958515981,-0.0029817703118062019,0.99031489290261809,-2.1341618062138297,-8.6788290978680678,-1.4663440287908267,,0.3114980406291969,0.7142857142857143,0,3
0.83088895641932847,0.51911749906421789,-0.200351102481897,-0.49271504839436392,0.85370091610078036,0.16860197784850728,0.25856415680859446,-0.041373518269548895,0.96510766694698946,5.5910449868616761,-9.2704482957325958,0.60198031197414403,,0.07811832164003614,0.4,0,5
-0.24431738447562426,0.95221569907089731,-0.18328741933343801,-0.96896436128596575,-0.23239480477349825,0.084265777584779211,0.037644152277210678,0.19818657158649575,0.97944116752468624,-8.4595703684112991,2.5478023070381015,-3.0818330852329385,0.7008399336272115,0.6323190966224305,0.9939827002632569,1,3
0.29586903858298463,0.95519320061789414,-0.0082134950736777682,-0.9419267482811654,0.29316815828077686,0.16378776463072256,0.15885689434346842,-0.040723217746175419,0.98646140657196912,-2.2824015191795355,-10.174311065735818,-1.4708599589548277,,0.481539999353801,0.4329896907216495,0,3
0.35171315957672833,-0.84357784955197512,-0.40580077023808148,0.93606670711127227,0.32099685509712111,0.14401437030941547,0.0087734382322150889,-0.43050833994595622,0.90254395794252751,8.8399659397702841,8.5611883500939747,0.73729134171283139,,0.190666777495941,0.2258064516129032,0,4
-0.24697726546909354,0.95592633906135238,-0.15876732859808229,-0.96854162445735992,-0.23836464610167746,0.071480187341125878,0.030485275706631412,0.17142674755587159,0.98472509777475903,-16.969974078881691,8.9197572884104748,-5.4855643107161498,0.8450481284760463,0.7401345434994041,0.863013698630137,1,5
0.15227293120430507,0.96961352189852978,-0.19147473090196371,-0.97845756070418333,0.17522062549432094,0.10917203992872798,0.13940500824313964,0.17072595160932433,0.97540703971409937,0.19058046929586783,-7.5914724182843321,-0.96280492409389751,0.2464190310662169,0.2006465113929054,0.6854838709677419,1,5
-0.71544637871395611,0.69602663116295638,-0.060691085811942505,-0.69073108250798043,-0.71770159409723899,-0.088289260318770185,-0.10500976546226641,-0.021245012172930112,0.99424423489167502,-11.923645540283442,9.1029666910120302,-4.3276191875502157,0.916658365501449,0.7044694326714975,0.6235294117647059,1,1
-0.91578088524628798,0.37484993810348111,-0.14433604581441775,-0.35402093892456088,-0.92298789342614651,-0.15087254021768359,-0.18977498523382291,-0.087068205980027819,0.97795939715661095,6.09026735658402,12.434249489256784,-0.059681376303824425,,0.5142957139389088,0.5208333333333334,0,4
0.91925001848416388,-0.25504034587377089,-0.29988968887484746,0.3435178203946968,0.89174234757847437,0.29460328003352076,0.19228861273653816,-0.37383152289744037,0.9073450732218914,4.6863900870952087,-5.0856292832080356,0.11885311150799185,0.2061527206800833,0.3092829290206697,0.3361344537815126,1,5
0.90042166779423705,0.38616299283013483,-0.20029718703745944,-0.35023064526965575,0.9166159310132167,0.19275302883943329,0.25802967906937796,-0.10340879063816681,0.96058695948784711,-24.992118871020967,-2.9548560733724987,-6.6208308391348467,,0.0717809800211659,0.2,0,1
-0.51710676932807853,0.85073374550592196,-0.094088699494380104,-0.85502377991291889,-0.51846591147522592,0.011288685556273789,-0.039178117597744998,0.086285531206740831,0.99549981527163978,9.1357689472300621,3.7333020935023824,0.95091555137674855,,0.08672409571440585,0.3428571428571429,0,1
0.40859076013915702,-0.8304915690051512,-0.37859918718912866,0.91269522133724024,0.37468281604222353,0.1630957397078045,0.0064049728393293561,-0.41218508121235087,0.91107762300964035,7.4974344173880381,-7.3764515811246341,1.0006066679722121,,0.07566251116754935,0.25,0,5
0.51593701196066066,0.85141926506553423,-0.094309250682901871,-0.8232879023716666,0.52325835828179801,0.21999481879512148,0.23665593061988954,-0.035859804287012027,0.97093153462998172,-16.02012931479511,13.660271002514866,-5.5939214606038288,,0.4597280946583499,0.8181818181818182,0,2
-0.51047292695767166,-0.75799249789520451,-0.40603542207282278,0.83401625869976714,-0.55140702686711784,-0.01916170519572663,-0.20936635610267018,-0.34842167535351914,0.91365642616693521,-21.445035596151786,5.3947533407840069,-6.3432699514024256,,0.4788430830809524,0.1481481481481481,0,3
0.55117027744979541,-0.75870763089285564,-0.34723775152028813,0.83176392489219719,0.53260498093334208,0.15652701853967957,0.06618231262083725,-0.37509287531216096,0.92462167202927581,1.4811073923680744,12.417190645418385,-1.2856379244498233,0.5404988472359655,0.2681167308364437,0.25,1,4
0.23308323344900139,-0.92303787064732334,-0.30606093451437905,0.9716575066327604,0.20829855077758125,0.11177389475261212,-0.039419488697431733,-0.32343902531206109,0.94542757565876967,7.1211685043074535,7.1052182121823639,0.34097368399712119,0.201743670490694,0.1858371215478315,0.4189189189189189,1,5
-0.30414604283333019,-0.87589604876216542,-0.37456814652564019,0.93863420077540316,-0.34268266165495537,0.039171807920961685,-0.1626684412034104,-0.33966852248023049,0.92637156318215597,7.4432073197212656,10.875725159702222,0.32673105492822713,,0.1990997343933429,0.1785714285714286,0,8
0.56475024132377072,0.80583734824675013,-0.17799812666257964,-0.79513989496949011,0.58907042734625259,0.14404367064890597,0.22092920212740091,0.060184713979118239,0.97343109044790677,-16.283645734441503,3.3685066038994194,-5.0500503350977795,,0.07510194915403766,0.1914893617021277,0,4
-0.7836479134028923,-0.55533124171855386,-0.27839389323514557,0.57128220563343102,-0.82027069168021494,0.028153754582002293,-0.24399301085460356,-0.13697884632960877,0.96005427258687548,1.5173631338143589,-9.5988523427055927,-0.56514672940277111,,0.1198774064795035,0.1875,0,2
-0.048024886508773859,0.9821835907029457,-0.18168380343246873,-0.99366743822633341,-0.028480678342842139,0.1086916425943024,0.10158066983700888,0.18575318332400151,0.97733163378684551,-3.0419819580883476,-11.292907483925186,-1.5655461480909847,0.2498358921302936,0.1529789235619851,0.4166666666666667,1,5
-0.87054043811202986,0.4572503976944739,-0.18188298276629117,-0.46093654290474739,-0.88710828061868319,-0.024008370889879095,-0.17232773725299561,0.06293625557666653,0.98302704881770853,-11.305050145565071,13.017501846038224,-4.3698547015451377,,0.1191211106671458,0.3181818181818182,1,3
0.95802607035413256,0.11227404218143186,-0.26378132605258692,-0.044347363297877467,0.96708520072279103,0.25055842813899748,0.28323022418228105,-0.22834350000646211,0.93147189228363425,10.025136920661556,-18.295917009811085,2.4445579463371332,,0.2686196507323362,0.1904761904761905,0,5
0.94152457345298846,-0.20678122854575037,-0.26603195504540211,0.28485975809320591,0.91018750476601384,0.30068858373223578,0.17996220659696543,-0.35888748889997235,0.91586755292881961,-11.082047984132318,14.169274067475564,-4.4445500016968325,,0.4051920515008937,0.296875,0,5
-0.37837978676372286,0.90619975356336968,-0.18876107546400586,-0.92559397050578063,-0.37265875653686936,0.066341939523490337,-0.010224418417875695,0.19981856224606051,0.97977956880613404,-16.294166123824191,4.7088606754715281,-5.121027053846257,,0.1630184426076517,0.2727272727272727,0,3
0.89774620117048354,-0.32617255148295515,-0.29607976111694306,0.40187899819028816,0.88168115449371876,0.24724807911123339,0.18040240879084019,-0.34095426155090569,0.9226078053174821,-1.0979770104421607,-9.0703742573462627,-1.224112271767017,,0.1009471195850594,0.2285714285714286,0,5
-0.76763107988765755,-0.54017090781430088,-0.34490276244411777,0.56668520780738108,-0.82344473826252085,0.028401378136891548,-0.29934996315819884,-0.1736495130394648,0.938208636806517,10.366841282328508,-10.264878526648602,2.0550973158315995,,0.3302875727234721,0.6410256410256411,0,8
-0.93850413630354723,0.28533480238049175,-0.19440688437300571,-0.27972463757826099,-0.95842670024399068,-0.056323950421879765,-0.20239593195725056,0.0015201348300677886,0.97930259670709285,5.3203141618774747,9.9006910766604932,-0.20205590453811581,,0.1797643233065337,0.1111111111111111,0,1
-0.95263861920449278,-0.16132706619622064,-0.25778525736100238,0.1687366110552925,-0.98563820100971333,-0.0067299925639737329,-0.25299726735625599,-0.049909061530512458,0.96617879726653666,-2.2625053155617496,-13.809510478835739,-1.1998308096848189,0.1780381093939513,0.162367163111732,0.4117647058823529,1,5
-0.26097209316139242,0.96302982765585476,0.066836499280681888,-0.9647022311810568,-0.26270092371212528,0.018380147852702786,0.035258640717597385,-0.059680614322669266,0.99759463337009635,-8.4175233002715224,-18.940553651018703,-2.1444079511708423,,0.3302234964920449,0.2631578947368421,0,1
0.92661774986430911,0.30753264386837231,-0.21634051537272517,-0.26646822698729877,0.94303098064399105,0.19921659958919208,0.26528141593909826,-0.12694976369006747,0.95577692368898837,10.495861703096029,4.0172489639125049,1.3154382859717475,,0.1530854564996042,0.1904761904761905,0,3
0.78583523416522505,0.5894932077397862,-0.18697792054984549,-0.56479208247199908,0.80725128777624267,0.17133377355483961,0.25193826291659122,-0.029036466938247758,0.96730760116227554,-2.3784088140145387,5.0479252074704792,-1.8755974502708606,0.6233280580525954,0.1987466941540066,0.2208588957055215,1,1
-0.95466757872427843,-0.18712139075875853,-0.23150680174291238,0.18039421383498275,-0.98231812445263267,0.050090218473480226,-0.23678627863029281,0.0060570200899835646,0.97154288158580404,12.200441630923786,-2.5236294961297645,1.9779698217965311,0.2332101097224224,0.1516322818017574,0.282051282051282,1,4
-0.93559120165089493,0.29181223483634866,-0.19878310540197033,-0.28108414166498114,-0.95627130926209758,-0.080851025884740538,-0.21368389901416529,-0.019768729902799854,0.97670281489311528,3.9853804005983342,-7.9986970512397724,0.095843459073789411,,0.4430369343148262,0.4102564102564102,0,3
0.29142146511053252,-0.89065519938150461,-0.34900837452348499,0.95617100772526076,0.26035474914500711,0.13398659852127762,-0.028469872821849526,-0.37275826001892282,0.92749164197267864,7.3103864087700803,-10.52287547750362,1.2008185735833921,0.5908645447334042,0.5962053183172665,0.6428571428571429,1,5
-0.88663496985321621,-0.35518177571302217,-0.29618294419957947,0.37924593775893406,-0.9249272520361016,-0.026116989380341776,-0.26467139801409106,-0.13548241451306769,0.95477409183061557,19.053854837211176,5.0249825552266358,3.3511640936838738,0.7688641803298896,0.2866653027091867,0.3666666666666666,1,4
0.79755450857504018,0.59930473707805199,-0.068852290938162572,-0.54760511580621984,0.76713743121341627,0.33410896242713684,0.2530522534862768,-0.22876624258637562,0.9400162569117777,-11.817072189503719,-3.5627561209494027,-3.6751761832024612,,0.6941274447181427,0.3989071038251366,0,1
0.95152322345511686,-0.17341690432632886,-0.25402781839684213,0.22121716960759089,0.95966943999950194,0.17348639659019641,0.21369726038579084,-0.22127165029645676,0.95151055573687282,-18.506037537288581,5.9138260845214861,-5.6433655646208409,,0.1109185071011491,0.5135135135135135,0,3
-0.97106804410824188,0.1471031861338058,-0.18811567276831595,-0.12434098223768388,-0.9839992045356617,-0.12761224709780927,-0.20387784050249602,-0.10052968766721225,0.97382113760668154,-28.509836334554553,13.951671659555881,-8.6554670944808869,,0.4878793775144399,0.4736842105263158,0,3
-0.6772364704542807,0.72000035501623161,-0.15149340534534694,-0.7300492590449088,-0.68319250991501879,0.016615467612962492,-0.0915360172533672,0.12185024896371068,0.98831860974731933,-1.8042492469436961,11.067536290317426,-1.9680605857297071,,0.2075957190495806,0.2857142857142857,0,1
-0.15733024747722438,0.97684236655483825,-0.14500408315732882,-0.98449986899565367,-0.14362100160427968,0.10066288216479501,0.077506136378323348,0.15859381703498301,0.98429710962797123,-2.0075584427659021,-2.3808614887936064,-1.5261069497144566,0.4608828203402887,0.3955155193799719,0.4418052256532066,1,5
0.70354226211974769,0.70675578999824418,-0.074327240735740471,-0.66818010325157995,0.69348203746172843,0.26947729651427066,0.24199924592886379,-0.13992468339035169,0.96013407810991369,3.2329327268985897,14.297160025437943,-0.90981777980659606,,0.8424309556538593,0.2380952380952381,0,3
-0.97099088113151832,-0.011248324202142274,-0.23885180334692799,0.011484499594799719,-0.99993396978408589,0.00040291549240527725,-0.23884056403486636,-0.0023518661697629036,0.97105594776872917,-14.035333185561887,0.40448385424000427,-4.261741494913788,,0.0797503026877992,0.2807017543859649,0,3
0.90843958254242052,-0.29120682363900618,-0.29989349898961631,0.37231272211853161,0.88984419305509022,0.26374333931840965,0.19005462851202382,-0.35124905402323492,0.91678969247529229,6.5071106184763696,-12.862690063406307,1.1135738081106246,0.6552580024063546,0.3267489850636874,0.1666666666666667,1,6
0.63979635649426736,0.74225054365315646,-0.19931069380054364,-0.73517073979765324,0.6666672004594546,0.12279587605829592,0.22401920802027578,0.067963036116309841,0.972212127140894,-16.906789475882913,12.53589501316103,-5.7179380216928362,0.1964164484401628,0.1956304248724443,0.5609756097560976,1,5
0.49207273153774733,-0.80104995479485863,-0.34085685675974986,0.86986805243472443,0.46797045796230435,0.15599109534832978,0.034554279480271705,-0.37325945453224307,0.92708326560880894,-0.32957600734033349,16.625938882364469,-1.9033568495769724,0.5142487981841071,0.2637819028613953,0.3333333333333333,1,7
-0.76023012991787176,-0.50809640073610207,-0.40483107233026677,0.59993476707694748,-0.78816080906385011,-0.13740747544491461,-0.24925574179421373,-0.34733353799314381,0.90400829009903505,-24.109336707642264,-0.74975733485868246,-6.5797249304148586,,0.2632513253594748,0.2608695652173913,0,1
0.17904215161906539,0.98307026381778861,-0.038945658818926844,-0.97228624360492633,0.18284979118561606,0.14568944491623109,0.1503441666318934,0.011781776631784095,0.98856351404407072,-19.321521719976065,2.9279951305436835,-5.7107689586121628,0.5359662905059831,0.3516609840419573,0.2673267326732673,1,5
0.95272160195892253,-0.19333617296940425,-0.23439853536737287,0.23545857385858426,0.95736261029169789,0.16738008367768462,0.19204376885831673,-0.21465776630956468,0.9576226992953345,-7.031234120760165,8.5700196528298349,-3.1115345637159235,0.7963932956734034,0.7004705668638762,0.6043956043956044,1,4
0.95632570248600668,-0.14034856917785812,-0.25640481644145297,0.19732477901643256,0.95712571677276426,0.21206907808150541,0.21564805204490778,-0.25340213381491394,0.94301817385842945,-2.0086730320861204,-22.681944423592306,-0.073988142931128292,,0.1787865018088011,0.1538461538461539,0,4
0.64038337149068569,0.76705698521201504,-0.03914995473404622,-0.73013485853872095,0.62379344322551611,0.27889931612590513,0.23835315367090312,-0.1500177377056135,0.95952199167545194,4.6534516571363085,-7.3620787986765235,0.23403935379081925,,0.1375713192472101,0.2,0,5
0.51534978719290203,0.85536550366762198,-0.052578056027829216,-0.82879382301354343,0.51306659687637035,0.22330128997454335,0.21798026464527848,-0.071501904206356548,0.97333040737461785,-1.6323538774620361,8.4974144867230113,-1.8314543368558296,,0.2620968433388875,0.3555555555555556,0,3
0.39973731205554275,-0.84956402703680689,-0.34416717640648636,0.91662145079538448,0.3720838155635241,0.14614633124869628,0.0038983704767524313,-0.37389115817399748,0.92746439529878089,-19.450298183741943,9.3135069279124334,-6.0550567871731795,,0.8465636806983852,0.6285714285714286,0,1
-0.53054032715326571,0.840930978951274,-0.10659291676353506,-0.84615944798554066,-0.5328756242189725,0.0075998485541102449,-0.05040981897320039,0.094226629746014451,0.99427370094848488,-15.164522697372146,2.1927068739408075,-4.6691822645246761,,0.08483638928757657,0.2297297297297297,0,5
-0.91383129230960647,0.33837849172072831,-0.22452698175622571,-0.35229261439314924,-0.93558609371534518,0.023844812653953801,-0.20199575005379547,0.10088933336714662,0.97417609258949622,-4.5677692776524026,-14.630625940793932,-1.7025171818809925,0.2120216558201998,0.1974125610031668,0.4090909090909091,1,5
-0.092141225516362182,0.9956416270374131,0.014413364306656023,-0.99313184734901938,-0.092937876281089654,0.071075206179690611,0.072104981391493003,-0.007765414519159017,0.99736681817467698,-25.228526040742963,-8.1429145052892675,-6.448710194822282,0.4809799400563738,0.3241979174335106,0.5849056603773585,1,3
0.82554190866725119,-0.50983805047843145,-0.2419622270487371,0.54570666573811066,0.83045399663710362,0.11202854296319022,0.14382208454554596,-0.22452465734037716,0.96379660003714507,9.9432756042562058,-0.8948907680409075,1.3320053182197755,,0.08563137375633563,0.3137254901960784,0,3
0.39752179570287638,0.91751928428715723,0.011609690019292206,-0.89757960817610005,0.38619246452744166,0.21261756119535344,0.19059713777389131,-0.094940735742905319,0.97706652167035024,-13.350763012793491,8.6828557291335731,-4.6546200086050646,,0.3899373259823152,0.169811320754717,0,1
0.47749399827320543,0.87863385957263884,0.0014221200922337391,-0.84844620688139227,0.46066666741006801,0.26062474089364518,0.22833859866795611,-0.12565334197621036,0.96543913428478978,8.0900340138065161,-6.0710960064663491,1.0983142949351083,,0.4374341531775316,0.2903225806451613,0,2
0.64938601906243232,-0.67898844861143914,-0.34245070433345415,0.75086702071156941,0.64379990255773856,0.14737843354568331,0.12040147612873903,-0.35284043435932744,0.92790468930119296,-12.412449475307143,11.485810358079686,-4.5826623066715708,1.0235285059338,0.655140970926658,0.8256880733944955,1,4
-0.58229971963393445,0.8003164188695634,-0.14290089643539591,-0.81060977306086723,-0.5849624952232032,0.027031000729785436,-0.061958311245959317,0.13157700737606953,0.9893678076415805,-5.5968600416037466,13.776375876888579,-3.0190484140540965,,0.6676735771402982,0.1176470588235294,0,2
-0.078187623768410736,-0.9180909543012028,-0.38858164537167139,0.98821742585756422,-0.12281753543785832,0.091335492665331253,-0.13157892962362108,-0.37686184818747093,0.9168762908156286,-0.70927812866196527,13.619120740245819,-1.8985836464188841,0.2834918466581781,0.1932185333566659,0.2727272727272727,1,5
0.75729452425129817,0.62304860321831146,-0.19574330529218747,-0.60006061342311412,0.78212247940792901,0.16796335142842578,0.25774457076197604,-0.0097398784645453661,0.96616399798906816,-11.966447541052462,7.2028670315418672,-4.2199881484226847,,0.09928227725040203,0.1932773109243698,0,5
0.92119461447116113,0.35464867454077897,-0.16007748097655605,-0.30707859242931862,0.91528953680044245,0.26066799169683691,0.23896280116570331,-0.19096958257822746,0.95206480776727631,-10.484292313400132,10.360207015316339,-4.0379066865105022,,0.2470555892625773,0.1515151515151515,0,7
0.049036944656597671,0.98736242525766249,-0.15070109239170226,-0.99255446754473453,0.065015413772088859,0.10299817925105362,0.11149442594019607,0.14452832650159167,0.9831991435222649,0.11650167733790188,-21.145323584613863,0.25292821477874594,,0.1551584055804495,0.2857142857142857,0,5
0.96308322961089698,-0.12066717249915807,-0.24064522917211981,0.15260147134830374,0.98112677300565276,0.11875624713608379,0.22177349657832524,-0.15109496607290468,0.96332072927081303,-22.387894627025602,-0.38045035245618214,-6.1942929941349147,,0.09980498192033919,0.4318181818181818,0,3
0.13859017994496223,0.969185109539487,-0.20364917252411682,-0.98081050554521509,0.16279442330872529,0.10727873951403701,0.13712590650553261,0.18487346804372454,0.97314864567471082,-4.1398905379112581,5.8952727165556027,-2.3397588821836828,,0.07789435075966478,0.3760683760683761,0,5
-0.96651418813552703,0.12638058178621167,-0.22333444132086358,-0.14132285312889872,-0.98858774326513776,0.05217398824557927,-0.21419191235018958,0.081989160340381645,0.97334454448075503,3.6792986620910826,-6.5509233543731682,-0.053294775193159838,0.3047780133749667,0.2476153932711804,0.8137254901960784,1,5
-0.11455885034088931,0.99326160418125931,-0.017540110257502933,-0.98574352018518285,-0.11146606462347261,0.12603582367834909,0.1232314173475977,0.031728569092025843,0.99187061438570467,13.307697560615779,5.694813657091041,1.9185556322869992,,0.368439487474031,0.25,0,5
-0.7366051886964442,0.64765021320702321,-0.19483838769188477,-0.66686921019611967,-0.74351649330250835,0.049685819702854031,-0.11268652305346566,0.16653055431373084,0.97957609301272897,-29.9979522992647,3.1411050650579972,-8.0907060805462976,,0.5348676961468957,0.1363636363636364,0,1
0.84667359873479475,0.5079842652921408,-0.15841655033826174,-0.4668681389043019,0.85201305163490493,0.23687106349195405,0.25529974164010527,-0.12659283573480692,0.95853862512635102,-4.2567669469986926,-0.6091669546332199,-2.1727454120513006,0.6941530971849743,0.4148272514037277,0.4406779661016949,1,2
0.95664417377052324,0.17898978063312521,-0.22977071880424443,-0.1426057670437596,0.97570363312388741,0.16633104194559717,0.25395968183310991,-0.12635299259516075,0.95892617091487997,-6.6159435590470963,-14.413313100566905,-2.1999226587823664,,0.1214753027447379,0.5961538461538461,0,5
-0.51564323839338533,-0.79974077083974604,-0.30745202903189972,0.82997541673907049,-0.55532317336336523,0.052506958914500211,-0.21272719221573322,-0.2281027675901624,0.95011381902892034,-24.207579592495136,2.6370346435310896,-6.773513794717454,,0.07953870249657491,0.3846153846153846,0,1
-0.67739505949809631,0.73201367992623145,-0.072745486240924681,-0.73383165683719753,-0.67932672864902222,-0.002509017057014582,-0.051254588000932744,0.051683344936987063,0.99734738133961154,13.465667702670148,3.0247302273291385,2.1367167006157923,,0.3168874428974698,0.125,0,4
-0.63209160599065128,-0.7201480298335543,-0.2860891762423205,0.73932759000282944,-0.67104083626061173,0.055667860846872461,-0.23206662038467993,-0.17632643363236589,0.95658458721940731,2.2205016621482936,16.658637776236944,-1.3051750320214228,,0.6511476805603691,0.7954545454545454,0,1
-0.78129645884688126,0.59387196736017367,-0.19207272002312459,-0.61059086753586178,-0.79103963148781797,0.037882633190182681,-0.12943969976451761,0.14687541591217726,0.98064926264465124,-10.62996595598967,-11.444954746373428,-3.0953659659791892,0.5364679044399984,0.2573662074083508,0.5714285714285714,1,3
0.77588149013161456,0.59946127746143407,-0.1966064345219925,-0.57690457111959059,0.8002917370372844,0.16344494929843228,0.25532142309737005,-0.013390760028891911,0.96676349664919736,-8.829161536229801,-10.95971994875871,-2.7674883706688873,,0.07258473281661286,0.4,0,4
-0.9701701229406422,0.027620152200562877,-0.24084654812921497,-0.037799485242499875,-0.99857216501008772,0.037746922821195357,-0.239460083247172,0.045724812295787252,0.96982890762844043,-14.110461658501313,3.6548312795233784,-4.5116420856404016,,0.07630073449135812,0.3157894736842105,0,3
-0.49143061686376371,0.87086751576810228,-0.0092584441887297603,-0.87060143576108662,-0.49151097389687537,-0.021681849314119782,-0.023432645169418242,-0.0025947097795630792,0.99972205068285103,-2.0395720586313906,-18.233339403208422,-0.705258683829869,,0.4259791780265529,0.2380952380952381,0,2
-0.94710457294773187,-0.20736751854121879,-0.24493190922285224,0.19657610364706593,-0.97812814253014846,0.067993913444215043,-0.2536745225213447,0.016249585981763171,0.96715313553696802,-15.863983244560226,9.2572149336197374,-5.2629831124593602,,0.08664163269117389,0.4,0,1
-0.78560220817289594,-0.5440293081776405,-0.29472238184031418,0.56512638405287907,-0.82484521421862789,0.016203167219514796,-0.25191534403681753,-0.15382615000182315,0.95544553744021898,13.5675991468565,-3.0751615082708432,2.3821636623806595,,0.09309475116523805,0.1666666666666667,0,1
-0.91488014755333147,0.36029269247147205,-0.18216336449586731,-0.36181807755134149,-0.93188676527311598,-0.025975670652783431,-0.17911447280956472,0.042145372942563708,0.98292511066188903,15.321986765083439,-2.3708950702401732,2.8588277950304581,,0.1603428044374344,0.3529411764705883,0,4
0.92670893258260201,0.30338329996937613,-0.22174112737899188,-0.27498948124555012,0.94966298842590224,0.15006996241183079,0.25610806210644349,-0.078094697090626455,0.96348839059451363,-5.5340890163519223,7.7689254791174918,-2.7111839670212152,,0.07584842421284929,0.3103448275862069,0,4
-0.79938728624367539,-0.50138157440716447,-0.3310535960187786,0.5427705363735853,-0.83892506922449839,-0.040060867082482313,-0.25764338034714201,-0.21171028570115097,0.94276118051796887,4.4505871697405208,4.9838699967375302,-0.24441763476952788,0.2784240908386093,0.2061357479370114,0.6336633663366337,1,2
-0.90869562660491809,-0.32946301856076904,-0.25637156158576319,0.33047886031685336,-0.94294762249119513,0.040416631748295802,-0.25506073996750284,-0.047998964978737124,0.96573294356576733,14.618961365308925,15.241036275140445,1.7614691879321029,0.4139866198159469,0.230712202620253,0.4375,1,5
-0.00056003600324062975,-0.9321325639474769,-0.3621167899840867,0.99470170947223013,-0.037745505972809498,0.095623145482047464,-0.10280172923010242,-0.3601446376215543,0.92721499365559301,-20.516137335514816,12.158707329487813,-6.5224451060671118,,0.6685767429989473,0.4666666666666667,0,1
-0.74698714877062011,0.66427611859782332,-0.027339309284473149,-0.65445630153697254,-0.74193901919031946,-0.14564834767842658,-0.11703481939187423,-0.09090506071456822,0.98895860428351312,3.9688058607176218,0.56999206195357166,-0.28113055845574031,0.1833599488346052,0.1092092710412581,0.2426470588235294,1,5
0.86551518970382235,-0.41914788978809442,-0.2742234542816217,0.47366929774957056,0.86293101135159311,0.17603257089853031,0.16285224211347504,-0.28225009501133014,0.94541738460042635,-6.4163820690841185,-18.671986957096543,-1.6770970266412668,0.1781288212268962,0.1049852281160685,0.4210526315789473,1,5
-0.77669442364953101,0.60127700183038457,-0.18764791323536328,-0.61367639811987429,-0.78949018483329492,0.010321164784428313,-0.14194030668679064,0.1231714866426218,0.98218212884164535,4.9059855589907286,-15.704814675309128,0.90072149667242352,0.2506377541663408,0.2086954313848536,0.4782608695652174,1,6
0.9538790665834167,0.18354075544426529,-0.23754476930654311,-0.11787546895849903,0.95676326532540046,0.26591244412718235,0.27607988001983108,-0.22564761291630436,0.93427140309088463,15.223314823516972,-3.7820884307369131,2.8473341004889292,,0.601268604663457,0.2105263157894737,0,2
0.88849564635953426,-0.31670788117056908,-0.33207168564122014,0.42413636365205953,0.84301162570638777,0.33081678305654388,0.17516800914596381,-0.43477294870808292,0.88333948833023324,-23.872401963618856,-4.7624998204496398,-6.3250008622979168,,0.2429638640617418,0.1666666666666667,0,1
0.15089302999371246,-0.91340752918015178,-0.37804494327569932,0.98611884552066364,0.11227578763628818,0.12232648944380085,-0.069288642707949016,-0.3912554576586264,0.91767001195638365,2.4186403403439778,-7.7013875919158368,-0.30558177039729395,,0.438331804702792,0.2173913043478261,0,6
-0.94140484940885572,-0.23659329223037714,-0.24037579657919206,0.22587624770243003,-0.97152016117265128,0.071613526368531133,-0.25047321260637878,0.01312213803681363,0.96803459610696918,-23.184178424890739,0.83618243478851717,-6.4287312022515817,,0.1239546616225631,0.4347826086956522,0,2
0.72306291822296398,-0.54493817748831164,-0.42452608754540516,0.68232621883024624,0.65928523030847419,0.31587009385809417,0.10775410612923611,-0.51805923195404946,0.84853030870998947,-5.6209604931514807,8.9174514099562341,-2.8112215139542638,,0.7528631759344329,0.5669291338582677,0,1
0.3977542308940496,-0.87500277073274824,-0.2759741346863836,0.91749191942673913,0.37946092245939411,0.11923919704906052,0.00038677192515211144,-0.30063193366021645,0.95374015899048648,-13.694570452297807,13.273862983713446,-4.9695231208397566,,0.07632940743451062,0.25,0,2
-0.87664929751925358,-0.37744636582103164,-0.29836261509695872,0.41006868284485604,-0.910512733701764,-0.053011669628733563,-0.25165389825886836,-0.16882180752330861,0.9529792824587946,-30.136203163659676,7.880522492560206,-8.4741961457084134,0.5259157058405264,0.6225430398493379,0.6964285714285714,1,4
-0.78210512179964664,-0.55533303147963387,-0.28269560060672855,0.56946497610846547,-0.82115464889712175,0.03761227964944671,-0.25302414793956624,-0.13156848688908626,0.95847196819582159,4.540043003832948,9.8170261177370062,-0.41229525813791068,,0.1233260868257011,0.3611111111111111,1,5
0.9559603633396101,0.22381738046502675,-0.18985669312767064,-0.19240382866079009,0.96639508796464357,0.17047375362347714,0.2216315646298386,-0.12643699679912579,0.96689872034259527,-17.203631499527912,5.5915384860670541,-5.366602978663721,,0.1659965196350897,0.2352941176470588,0,4
-0.70198093205319101,-0.610874633156267,-0.36613515755787607,0.66300749788314861,-0.74826771847938844,-0.022726179449670217,-0.26008427246656229,-0.25870369933158727,0.93028413249269837,2.7736486872348891,7.2471974500269116,-0.73440171040400792,0.5338313398055011,0.1840238089077033,0.3055555555555556,1,5
-0.31571218884968477,0.94172464650854404,-0.11610557251957844,-0.94760158052074506,-0.30663836024680158,0.089577679249570885,0.048755085953438283,0.13830258921477537,0.98918923134563208,11.546908507052061,0.59901051621978862,1.7823588134656161,0.665286233600523,0.4567121619487537,0.6746987951807228,1,6
-0.62906864286786046,0.74918172218616519,-0.20736294197025634,-0.77409274361040337,-0.62812709053254467,0.078973302000348675,-0.071084927024696751,0.21019777658503366,0.97507119117970131,5.9667706719373683,-5.2450579500953083,0.47188177460955794,0.1788868225517557,0.1318924165424799,0.4743589743589743,1,5
0.32109241804911987,-0.80599529406260828,-0.49726375800001704,0.94698689931925806,0.27920929777277814,0.15892759532230274,0.01074577075257486,-0.52193271020904819,0.85291897295392094,9.0212764748644663,-7.4573668343035777,1.4136335867266365,,0.4088833083258457,0.2666666666666667,0,2
0.57470140427714211,-0.70269526160340434,-0.41944924036408049,0.81507159950438668,0.53741203534012116,0.21644073542877543,0.073325190782171604,-0.46626995784814562,0.88159840222464514,1.1325864904937559,15.855829237069596,-1.5083825943190763,0.6290854573966154,0.3159824802648995,0.2727272727272727,1,5
0.77913378323847837,0.59783855724129087,-0.18851951435368217,-0.57416965490112837,0.80129426022615569,0.16809734060756998,0.25155467637715528,-0.022728132441321068,0.9675761865551028,-1.4398639715899382,-15.777418833154966,-0.84988460237526442,0.1792537407284371,0.1517436523650477,0.5428571428571428,1,5
-0.35658255285712309,-0.85457693441885085,-0.37755416320996377,0.91155651434556573,-0.4067966962510508,0.059842869862600477,-0.20472812252365066,-0.32282303368642884,0.92405177602201061,-1.6283281889267285,15.394404905842828,-2.171922035219179,0.7684921438897071,0.3616957926510049,0.3333333333333333,1,5
-0.86698860005725831,-0.41072009845205903,-0.28220518793651855,0.42654231769455264,-0.90444829915322467,0.0059097694199948302,-0.25766726331940965,-0.11524875221176697,0.95933586742449917,-11.967406708700846,15.244955272162855,-4.7510382034102143,,0.127123921100076,0.125,0,1
0.32521904139580332,-0.84739768371630553,-0.41970196657370518,0.94547782966148308,0.2831963016089129,0.16084628803191434,-0.017442727200948985,-0.44912918006657543,0.89329655259634788,3.3117733392240782,5.1436048427151464,-0.53579304366089342,,0.1181352247797886,0.1090909090909091,0,1
-0.59833476937159435,-0.76026995255715824,-0.25295276831807534,0.76817927503332661,-0.63406377401074876,0.088677685448591281,-0.22780716663510445,-0.14125413171296244,0.96340602297458355,-23.136974278138982,-5.8569346920505803,-6.099986271476439,,0.0899667136004285,0.3666666666666666,0,2
-0.96242975521905993,0.16705404094458057,-0.21406053740254694,-0.16574955421826598,-0.98587190185061147,-0.02415943745009037,-0.21507220077319827,0.012228677178873902,0.97652158599235728,-20.840574461965545,-5.8487349924335463,-5.613596266267793,,0.4022704440402041,0.625,0,2
0.66953470662358383,-0.67559565720267167,-0.30869691380926034,0.73754945942273953,0.65392328406742828,0.16853822551484945,0.088000406429154562,-0.34052143328043205,0.93610954591059714,4.8060233598941853,8.3916815856528935,-0.25396534518014385,0.2033001970790655,0.1058097811558704,0.24,1,5
0.52094449697308942,-0.75511410966138726,-0.3980194875426914,0.85315279364981267,0.47553980248998873,0.21445793744999062,0.027333893995850789,-0.45129212007088521,0.89195755538083277,-13.674039177534778,2.7066723411867111,-4.3488791087798635,0.7110037491368144,0.5213549858018325,0.1486486486486487,1,5
0.94114358065261094,0.26294841306514649,-0.21238383333696426,-0.21664362042312693,0.95157497259179391,0.21810688495984329,0.25944999966533522,-0.15925829210263209,0.95253477315540058,-10.3589200814347,-13.305267950728004,-3.0899339776924788,0.3325638269620692,0.3404329610756267,0.3,1,5
-0.76127510534258558,0.62826868763766552,-0.1604327588732482,-0.63135791284728537,-0.77458593262925213,-0.037467570751149024,-0.14780865966091461,0.072767362924033921,0.98633539479343801,-21.856020221702842,-3.4711903289788579,-5.886216891489755,,0.3487079743723335,0.2333333333333333,0,3
0.51547727620298378,-0.80856763584032343,-0.28372796124094685,0.85603013917758175,0.50084817144886917,0.12791993580335836,0.038672710507076484,-0.30881950622963472,0.95033411705258808,-20.077417895786439,10.035151963485124,-6.2374517954162112,,0.08501839458202509,0.2083333333333333,0,1
0.95040266983217669,0.11144272232876191,-0.29037094347717635,-0.054892337036341478,0.97904883262711895,0.19608726288610659,0.30613983163018782,-0.17042271847212995,0.93660797589920741,5.0221850465436795,13.054293686970411,-0.38635681686101336,,0.4978192510627362,0.2352941176470588,0,2
-0.11764159698693372,0.98393595908678588,-0.13427763430419543,-0.99299323753501401,-0.11503216704558823,0.027056066870989045,0.011175189846056191,0.13651970173115405,0.99057432137681722,-20.485761697713357,2.0156304673936067,-5.8878284961207195,0.7556772891767539,0.496824673553531,0.2058823529411765,1,3
0.80173015459102814,-0.44925651665937721,-0.39420469487124132,0.55778039910756805,0.79935069450782736,0.22342670735893602,0.2147318923468233,-0.3990075806660025,0.89145003504414977,-14.409500900161307,14.395346771553371,-5.2745672071714793,,0.2510448287203504,0.2173913043478261,0,2
-0.82145045394375094,0.56155090599239765,-0.099396839460434414,-0.5514032804097404,-0.82657532216637652,-0.11281692753717423,-0.14551142246910706,-0.037865772997107215,0.98863168529354217,-30.657152587150794,-7.2215304281922519,-7.7144384733671245,,0.3647848193794282,0.1923076923076923,0,1
0.26587097206924054,-0.9176392816626997,-0.29538242154962685,0.96347476110980235,0.24274620756969603,0.11309581519640129,-0.032078200001957921,-0.31466240236179222,0.94866145785761724,-9.6640474020391203,-14.760689293959937,-2.8539892889784619,,0.1215474666702818,0.5769230769230769,0,5
-0.95622852923240564,-0.082037610327600957,-0.28088579596299712,0.1085158634999483,-0.99086857923045257,-0.080023534430091789,-0.27175597003725666,-0.10700135132586051,0.95639918630431142,11.785891615269428,4.5166500649028363,1.5974209735751619,,0.300629677801689,0.3333333333333333,0,8
0.96397042404612976,-0.074337898463431445,-0.25541123392749615,0.12721441884784163,0.97207282502057046,0.19720779521543705,0.23361830664896854,-0.22259447367032364,0.94650630589019391,-6.0761573610812523,6.116312652365365,-2.8105259116232237,0.2285167204184745,0.1031968515102766,0.2553191489361702,1,5
0.94824663763086003,0.2171614593707043,-0.23166617099989883,-0.19146370870072857,0.97305900395136324,0.12844385185653473,0.25331790791874736,-0.077440786367177564,0.96427846711129173,-20.067069188017474,7.157529466399752,-6.1066849626435946,,0.06441940880878666,0.1304347826086956,0,2
-0.31158485779589223,0.94999115727445793,0.020776849921261158,-0.94987147472516398,-0.3119873933037095,0.02020019611290106,0.02567212293046256,-0.01344126184156442,0.99958004911280163,-20.458269233410803,4.3065749696565341,-6.074998003591813,0.7123859732778068,0.3578337663951813,0.2131147540983606,1,4
