axis_00,axis_01,axis_02,axis_10,axis_11,axis_12,axis_20,axis_21,axis_22,location_x,location_y,location_z,dbh,dbh_approximation,score,reconstructed,number_clusters
0.92032182452776845,0.38974957101715846,-0.033211612273730609,-0.37220247496368919,0.89866480824873907,0.23209239549403926,0.12030401875575,-0.20123825259427761,0.97212659091499931,2.2276836164429872,6.4441171725168074,-0.76236650806577722,0.515944286920862,0.4255010947126853,0.1973684210526316,1,2
0.43827096487739864,-0.88450708420489377,-0.1598930246658371,0.89875094496591945,0.43378125326081912,0.063879286488961406,0.012856915193769549,-0.1717004435370772,0.98506530617054533,-10.296117799066133,-14.17146532335401,-1.8282836813637413,,0.1006487139725681,0.4,0,4
0.53817610956869322,0.84282713851865565,-0.0029815542859264674,-0.8345109944691802,0.53335514988967181,0.13828840947897467,0.11814345178453488,-0.071935378379624812,0.99038751311686823,-5.7756417943238025,14.65137222704929,-2.0423405201924165,0.7574232755577687,0.6671554689355814,0.88,1,5
-0.40433571894859721,0.91028057372375759,0.088892651459325817,-0.91445622766566115,-0.40056764085875857,-0.057579273878182471,-0.016805774775687322,-0.10456979582076655,0.99437554461893018,13.889210523678829,6.5842646343404096,0.87579801277915381,,0.3122699055447778,0.1612903225806452,0,3
0.95081796302134569,0.28253085877006839,-0.12697052822835267,-0.26840744489445229,0.95610825467675775,0.11753488360565903,0.15460480174034313,-0.077674443555212594,0.98491828904595835,-0.46293559584411936,12.654836049872943,-1.2603085815750856,0.9834240831982664,0.8944742635214835,0.75,1,2
-0.99002899382837328,0.085504132922485807,-0.111944783855049,-0.081221100986079348,-0.99579870216370037,-0.042285665700086988,-0.11509006965758971,-0.032771756472064331,0.99281432697355254,1.0340433953247141,-20.188235065393183,-0.21005062664015217,0.6694903653863754,0.4000415896968217,0.65,1,5
0.95327245228123647,-0.27020204370441064,-0.1351387705274755,0.29011254939481934,0.94353694200926752,0.15991481403371938,0.084299112719864538,-0.191647840169829,0.97783677827789039,-4.6690705264490093,18.251086771060631,-1.966925067156704,,0.6348873651844978,0.4857142857142857,0,3
-0.052344398274212958,0.99799448830417103,0.035595860486950924,-0.99816475113736447,-0.053373677820479588,0.028607343511747711,0.030449853139121571,-0.034033099042131622,0.99895673310378907,8.8876026617989403,-2.9616418482063405,0.31428531168074531,,0.2771011362353681,0.3974358974358974,0,1
-0.91323179447635161,0.40230442228534063,-0.064489079441098926,-0.40326245099953373,-0.91508212765056163,0.0020236769429421231,-0.058198669841764382,0.027854110364164651,0.99791636090629854,16.298496641504659,7.7798120734335106,1.2139994581961508,0.7458440024616831,0.5407581203005263,0.1428571428571428,1,5
-0.94901939758761811,0.30664896616320131,-0.072997222916178287,-0.28911944810799811,-0.93904784993381463,-0.18600828008561004,-0.12558713201662408,-0.15542054911021261,0.9798328047101299,3.4694516424315589,15.983500274132982,-0.80032020945251747,,0.5972252587227852,0.3125,0,2
-0.33260594380612074,-0.9070113385639833,-0.25827062911064946,0.93973274707158094,-0.34176429913510792,-0.0099763679757874108,-0.079219001673458675,-0.24602356706840003,0.9660210940868742,10.483032060201417,9.5255735140081619,0.31499917998983878,0.2091043102986304,0.147877421909963,0.4482758620689655,1,5
-0.78956320651496847,0.61201131474874426,0.045078748178228031,-0.6122300645119092,-0.78055546391483754,-0.12612500093335097,-0.04200346444694978,-0.12718222506391264,0.99098960166201944,-2.0403245351016248,8.2245548604806533,-1.4181926069375441,0.4562752693212209,0.1937882845937856,0.2631578947368421,1,3
-0.63695093420731619,-0.733662344741696,-0.23671305692872965,0.76405587228045713,-0.64163324544931444,-0.067271110946151125,-0.10252868596727709,-0.22371039815416904,0.96924791787835529,-8.6130988966453792,-16.043970184245339,-1.5530461889761986,0.7119780472681873,0.4791506755001794,0.4574468085106383,1,5
0.86206991901858776,-0.46412065224447646,-0.20353740413852164,0.49982024103886707,0.84500763945455704,0.19011001002389843,0.083756679561304628,-0.26562023534286611,0.96043256359062823,3.292481274643126,17.156304872463515,-0.79654140994508726,,0.1823754626858722,0.4117647058823529,0,5
-0.31387700923762202,0.9454352925566869,-0.087368934183140179,-0.94945566065392528,-0.31216517242114733,0.032967462436373073,0.0038950640898521428,0.093300657637165052,0.99563036100764268,0.63324645878709551,16.198265025129317,-1.1903707801755399,,0.1086892233333253,0.5,0,6
-0.48272039999234295,0.87490440321365481,-0.039029484605756747,-0.87571936278976037,-0.4827106023501021,0.01029912685123241,-0.0098291945920596577,0.039150474022164816,0.9991849815312035,7.0471976424090208,10.918632508192751,-0.20987419814308977,0.6344382129204788,0.6480242620704012,0.3548387096774194,1,5
-0.041343018425207323,0.98935019126675539,0.13955985765228943,-0.99864084559983146,-0.045353816239017429,0.025680592910033984,0.03173667164569114,-0.13830846103182465,0.98988057526141093,9.8716914347778015,5.2016074947823396,0.29096853004129869,,0.5663590846830225,0.5217391304347826,0,1
0.65116618723905495,0.75725931351100229,0.050407625389408545,-0.75516343322786583,0.63988574210443117,0.14238829364440433,0.075569740717140746,-0.13078443772983162,0.98852650198952019,10.683527062804377,5.5478023697011896,0.37941221077419252,0.6624869239093553,0.4815736561056913,0.68,1,5
-0.90035658107444416,-0.40726374143870109,-0.1532784127830415,0.41773564644444761,-0.90758286922896281,-0.042311525282864137,-0.1218809115718167,-0.10212531709362721,0.98727679148400382,-13.662289688456914,-11.423033236353159,-2.3236993462124995,,0.1962348096667158,0.375,0,3
0.54043170433094256,0.84051364666183803,0.038345569876743035,-0.83570144144052005,0.53093192949604739,0.14040793074410621,0.097655894487686787,-0.10792634533247072,0.98935091360699057,7.274752690657408,-8.447671007853554,0.1744687200965031,,0.2282162573432446,0.3950617283950617,0,4
0.33595955078203926,-0.92175614866581146,-0.19364085993172947,0.94163098358196451,0.32400406988488051,0.091391758143141752,-0.021500488291931241,-0.21304216741012258,0.97680641066098928,-18.282970790805628,10.565595856772598,-3.6468983958342309,,0.8422763109212941,0.6739130434782609,0,2
0.96783854458073226,0.22294969824004646,-0.11654176795690822,-0.21643089573767035,0.97406169349763849,0.066041537161867239,0.1282428126408619,-0.038694305978850548,0.99098765466113459,-0.53834577598974198,-13.104958320463366,-0.75408398192823267,,0.08760790169422578,0.4482758620689655,0,2
-0.35034290366379378,0.931586976527354,0.096982240730167313,-0.93641999625466521,-0.34623699661846319,-0.056899321498929685,-0.019427827125903907,-0.11075038301174711,0.99365834782178386,-10.7090881356281,13.912075337678075,-2.748676014243308,,0.3004096447377965,0.2727272727272727,0,2
-0.80934333187370944,0.58731674075051843,-0.0047346790547055607,-0.58293953242268959,-0.80424365614211502,-0.11564446849711199,-0.071727767917165744,-0.090836047851895321,0.9932793865374786,9.4183197465871089,10.375743521076902,0.16843078679669457,,0.1131137450300785,0.2222222222222222,0,5
-0.44644923147183829,-0.87118560437409054,-0.20425162532904262,0.89161665199374518,-0.45237623052489268,-0.019377614495960292,-0.075517081548943668,-0.19076527143964075,0.97872661229113955,0.36840070513095791,9.7071331835956407,-1.1014406084607868,0.4251897300533,0.2662267448064776,0.6454545454545455,1,4
-0.22848164921923234,0.97112252995062132,-0.068681640868317476,-0.97349170222236725,-0.22713897526311774,0.026866179866489318,0.01049007503583445,0.072999436564439663,0.99727681241820576,-13.851150927222614,-5.720891648711822,-2.5579401806337798,,0.1032208299277968,0.375,0,4
0.70731353232091099,-0.67832581315151774,-0.19895139659737937,0.70468997477954454,0.69883799986362471,0.12262744143059244,0.055853437145090619,-0.22693510340831036,0.97230697436567792,7.9258650441835075,5.0461398411550258,0.025108826616778587,,0.2909134402905101,0.3975903614457831,0,1
-0.50953030149047962,0.85443191502946714,-0.10161188140221628,-0.86001573492858785,-0.50947112352770041,0.02849754316889775,-0.027419108998314349,0.10190817862418997,0.99441586652227076,-5.5307171548258935,-1.2584978845073149,-1.6756493662176373,0.1923155793117587,0.1711938630084158,0.7257683215130024,1,3
-0.95618811759059286,-0.23865841208901165,-0.16954776942711769,0.26698929304748004,-0.94847235686098674,-0.17063676528981991,-0.12008747302098756,-0.20842828649134382,0.97063723821709891,4.8017626952241246,9.0233338493801583,-0.45664889409818499,,0.3123117773217656,0.4864864864864865,0,4
0.48575385518370784,0.87404489885029835,0.0094184376589525592,-0.870583610218857,0.48280912200448678,0.09476037846883073,0.078277517797032292,-0.054229756619653978,0.99545555586600998,13.539172869364696,3.8606424435336497,0.83960972141039436,0.3218875748064893,0.2115329527009654,0.5555555555555556,1,5
-0.066452298906705648,-0.9716371276840895,-0.22694797658456123,0.9972890426868164,-0.071881809982232869,0.015734380524574071,-0.031601539627489267,-0.22528714454999615,0.97377977242992786,6.098322250703494,-3.9677498727577549,-0.057306489838354908,0.4031146538353308,0.5009963541413144,0.6631016042780749,1,5
0.83920765727480817,-0.52782467548751943,-0.13088781424495299,0.53904276433761777,0.83919853349080131,0.071963321227876284,0.071856845092073074,-0.1309462994260687,0.98878190743966943,0.94210579864712729,-8.0809524002454438,-0.67453459375513558,0.2074489201930983,0.1868824367358875,0.4157303370786517,1,5
0.95229918582252349,0.29742663744579739,-0.068290965869912651,-0.28541486538111793,0.94727610182474542,0.14562397306485395,0.10800284857927445,-0.1191863341553939,0.98698024420418962,-13.594845088356152,-16.269632018986012,-2.1038345194695638,,0.1253306526060459,0.3333333333333333,0,4
0.87683922508060907,-0.46136949728049831,-0.13524481631167218,0.47364758473859009,0.87722942114741409,0.078272013802343346,0.08252841226715707,-0.13269035252238323,0.98771571391577495,14.166658088709749,8.1441737722101131,0.90113104852838188,,0.1352934251773704,0.2962962962962963,0,5
0.98726704493786144,0.11867644499967682,-0.10592300685829249,-0.10741607115483419,0.98851011776158304,0.1063462963184027,0.11732676436910185,-0.093614360464731233,0.98867122031414356,1.7065330923923367,-11.72707749403328,-0.46196119366610283,0.1608833240710529,0.1156117485770961,0.4871794871794872,1,5
-0.47894656624397014,-0.82541400663264419,-0.29883424224434968,0.87396507630637921,-0.48031778800936376,-0.074026129971623014,-0.082433197680874259,-0.29662525208828094,0.95142957056403765,0.53658735557460324,24.58298373703418,-1.313449092114646,,0.4246719479497827,0.4210526315789473,0,5
0.98244437534227747,-0.13130365449072559,-0.13252320429155778,0.14837411486695942,0.98055785491003122,0.12841890519578672,0.11308479736802889,-0.14582744423330696,0.98282561276790803,14.211799260466982,-9.2860900686306689,1.1194361345907833,0.1612954027578664,0.1335865151691011,0.35,1,5
0.93233196120183759,-0.31276378678547329,-0.18148258262750017,0.35269336724823158,0.89726329104796121,0.26556727064321539,0.079777834143579598,-0.31160455743360638,0.94685695697183714,-2.4927323068795224,-13.164083476584233,-1.0087408598943139,,0.3885396876558928,0.1333333333333333,0,5
0.82874889213326597,0.55163878112615583,-0.094180300198780389,-0.54754174056152105,0.83407277885096698,0.067235719098444446,0.11564305483142157,-0.0041538822171725449,0.99328214981030538,-10.806983620916682,1.6840669101557237,-2.4702760394553871,,0.06667818482519663,0.2564102564102564,0,1
0.90587281501805594,-0.37633958337644002,-0.19432694356499022,0.41400930904133609,0.88360248967637012,0.21873027285868729,0.089390911385771391,-0.27859497163762276,0.9562395655586805,9.4385235568923331,0.48017770641397856,0.31628536464545104,0.5718836968189416,0.2710262919954919,0.2,1,1
0.5617170411104907,0.82456453414770736,-0.06758176345621196,-0.82073967708407591,0.56567015586312763,0.080022854396188711,0.10421299432414348,0.010516833723181027,0.99449939568731616,17.166316377237301,-13.636172269621346,1.6265650693185794,0.2568803000908045,0.2096104350894445,0.5384615384615384,1,5
0.76808368506924907,0.63357883554400718,-0.092872557201486239,-0.63053602512864582,0.77360991891882813,0.062865048837749155,0.11167709588546421,0.010273874688001252,0.9936914378988505,-20.779682326945252,13.314433544143595,-4.0568086830557242,,0.0675847363352573,0.45,0,1
0.888061633451249,-0.42159192931603057,-0.18332152172477481,0.44879087555287012,0.88148135708114295,0.1468923658291168,0.099665867840441222,-0.21272250058227005,0.97201638491006848,12.475991548116074,1.5587084100347421,0.70279602518676854,0.4763941239961356,0.3014714022268487,0.2666666666666667,1,6
-0.70601790252625773,0.70331745857359262,-0.082965497515572945,-0.70600364051495412,-0.70819448918361938,0.004407388068212126,-0.055655915157823477,0.061685638162667249,0.99654267402475549,-22.90786001762071,14.160215882348519,-4.3185179072020894,,0.1798699940161302,0.7,0,1
0.94544701857129709,-0.28624932144882642,-0.15553540125878901,0.31077085498637635,0.9356992921723265,0.16699793507479074,0.097731319267073596,-0.20622356945386688,0.97361205242952087,1.4164016051350352,7.1109125334613443,-0.92365625984774202,,0.3479151450186475,0.3061224489795918,0,1
-0.29794707518980523,0.95441389772529861,-0.017934665166818152,-0.95452807790745031,-0.29807795152509287,-0.0050678694650778287,-0.010182773303541523,0.015609184585032909,0.9998263171593561,4.2201542964792296,6.153015483624122,-0.50932370403777982,0.2434516535088981,0.2973771138404436,0.3846153846153846,1,5
0.22412056370945704,0.97093977601845483,-0.083940003977769628,-0.9724817536556255,0.22843508076213373,0.045789220173275455,0.063633416766935416,0.071367816433110631,0.99541821514785223,9.2616272004643392,-8.3091900515075778,0.48961626952567122,,0.08281964905607286,0.2,0,5
0.99392171729807299,-0.0093421167661123482,-0.10969204500590285,0.02650325348514479,0.98739298559145783,0.15605341892918759,0.10685128655262345,-0.15801207820642915,0.98163892837587396,-9.3521278378424064,13.115704603650238,-2.5736403223782904,,0.1000220878048392,0.4054054054054054,0,4
-0.78317530656189593,0.61817796974335648,-0.067025643716885477,-0.61800814323917519,-0.78575039043528472,-0.025734389848320993,-0.068573858588738143,0.021267854964240728,0.99741932218273788,-18.284528705821526,11.768993978359898,-3.7020049967796611,,0.08393297034174874,0.2,0,2
0.55217971356332962,0.83221885133688944,-0.050093386875203053,-0.80587923671634876,0.54817170564275552,0.22375530599784377,0.2136731610628621,-0.083183920394639108,0.97335718810166694,7.2949683411252142,-6.7593077516836484,0.15355767125172873,,0.423373614282745,0.5405405405405406,0,2
0.5239558337467759,0.84598378741767333,-0.098902556636169009,-0.84656403938574498,0.53003422441376491,0.048918791573279961,0.093806244470249378,0.05809606162682996,0.99389397629819676,3.8527934303963502,9.3846718038279224,-0.60856854133652449,0.1954542530389292,0.1991989123145084,0.7014925373134329,1,5
-0.95953343238221123,0.27944072641785206,-0.034763091920535276,-0.26223256862483546,-0.93170775668989947,-0.25130606056419746,-0.10261419050615474,-0.23202055198395305,0.96728320122073264,4.1980213635350614,8.1305234431146296,-0.55864958664516973,,0.08685398254456468,0.2857142857142857,0,5
0.3010566492495696,-0.90161251877771897,-0.31057971589580791,0.95127678290817685,0.3066976000987845,0.031765773932283477,0.066613634058596854,-0.30501057043477198,0.95001640811123078,-5.9752299297524853,8.7668554740162925,-2.0001419510779144,,0.5382439328922457,0.3125,0,3
-0.97849690575664083,-0.16224718483394218,-0.12735641498621766,0.16833042185462938,-0.98497926533652103,-0.038480071925236226,-0.11920014472694043,-0.059090590372659881,0.99111030043405812,-0.80051841031406723,10.640211179484888,-1.25886635741731,,0.06679401205876402,0.2972972972972973,0,5
0.92482323633009567,0.37339638747854942,-0.072643784055463845,-0.36599562009781889,0.92548325344742433,0.097611237352998884,0.10367828901530381,-0.063685833639354011,0.99256986000005054,-4.5211101097113193,12.531597875026389,-1.8040586233715847,0.1452633539678043,0.5011974829966387,0.797752808988764,1,4
0.55361298988915575,-0.81522422278854678,-0.17006505815364192,0.83181700133186265,0.55111117286296285,0.066007207491909872,0.039914079236026932,-0.17800545419852112,0.98321967258305054,-19.599612454849389,-11.805788770254836,-2.9111808861612367,0.3596747298786668,0.2561571459494122,0.7169811320754716,1,3
-0.71017478766234365,-0.64239402904186371,-0.28806541343956732,0.70025030828021984,-0.68684638738437032,-0.19465750920655139,-0.072809866928901484,-0.339958749833569,0.9376176041912796,-21.814100918153493,9.6898459582890144,-4.0567738919792262,,0.3936612792911141,0.2647058823529412,0,5
0.88302391200294728,-0.44664224791916751,-0.14415086959406759,0.46188233789815153,0.88150276241654535,0.098069290757806238,0.083267501276012679,-0.15317826943047191,0.98468418338345265,-8.5390316150436014,12.968652941347832,-2.4288184408398008,0.4855960151564457,0.4434767796226611,0.8560606060606061,1,5
-0.9788640409406677,-0.14702919288282876,-0.14215345860559112,0.16084253774894156,-0.98276861960743822,-0.091079736304905387,-0.12631257816934871,-0.11201900175914256,0.98564541080507151,6.3831679406699076,0.65706121119770489,-0.10948421136207938,0.2564448470834989,0.3208394914854,0.1607142857142857,1,5
-0.64994423379209221,0.75884683444761747,0.041520775633899505,-0.75996580501582001,-0.64860416667202858,-0.042007263447408662,-0.0049465308112715224,-0.058856748334526289,0.99825418356670048,5.5543315548237953,15.877973675397463,-0.44831372569756561,,0.3671638732942066,0.15625,0,3
0.65788806122642463,0.75298838596777584,0.013848808374011619,-0.7460137199826542,0.64905446439660863,0.14896923120051783,0.10318347005881297,-0.10833647974932306,0.98874485013179558,-13.008985407991268,-1.1462808086742022,-2.648154225241647,,0.4742075827739118,0.53125,0,1
-0.9889013641893396,-0.077562545655134485,-0.12672073001667714,0.083250997828631657,-0.99571663776184949,-0.040220003042963054,-0.12305837340466329,-0.050323243096346573,0.99112270074863373,0.18420105134664658,10.719601775783469,-1.1193460485129856,,0.1472085741271053,0.5138888888888888,0,5
0.11700170288962376,-0.97739931416312142,-0.17607152579105431,0.99275391243212474,0.1102147258520285,0.047878842467974962,-0.027391072845713411,-0.18039760219809986,0.98321230375211399,24.021787715652778,-7.5723043359672957,2.5776039951620655,0.5382359322472695,0.4582780459835925,0.5833333333333334,1,3
0.78495672294409857,0.61954351743877167,0.0029619426825956362,-0.60872586459118394,0.77034344080698047,0.18979938088249024,0.11530726292205541,-0.15078731115467098,0.98181842614210879,-13.484394346210907,8.5397180652343039,-3.0024853665622984,,0.4712176245437527,0.5752212389380531,0,4
0.30295214892369876,0.9526263512737867,-0.026889223144329177,-0.95045336417556947,0.30408411052448547,0.064585263442020008,0.069702209361365508,0.0059907082490320562,0.99754985510741279,5.3620736931081758,6.0387398063780946,-0.35582644717181255,,0.06838134069791957,0.1707317073170732,0,1
-0.21209255244362105,-0.96407951067195885,-0.15989823732757844,0.975640343973459,-0.21827573439947179,0.021945910409961793,-0.056059507751144808,-0.15134860711248055,0.98688952305504385,12.771581810374393,11.752286583762977,0.62139710807886861,,0.08008167139384757,0.1818181818181818,0,5
-0.93115204886175107,0.35386296320291294,-0.087959451873103681,-0.34885637486483517,-0.93474534566720646,-0.067456419039702356,-0.10609001657426881,-0.032126967282146833,0.99383739432390206,5.6072251991856072,-18.579304865635795,0.27844944678573641,0.5428816611401128,0.5804491278526547,0.8260869565217391,1,5
-0.69555377515901817,0.7184128795382535,-0.009374453348988598,-0.71607450654405713,-0.69423725751769072,-0.072608066714382899,-0.058670665069714835,-0.043790007854189662,0.99731649353272367,-8.2133514667360021,-4.8367365360919452,-1.9679310004974684,,0.1222489153452453,0.18,0,4
0.73432171599922025,0.67036706643324484,0.10667527198768369,-0.66995676096818146,0.69046133860431902,0.27280226964920062,0.10922250612846968,-0.27179245047355144,0.95613770348240068,-0.08022741838374256,20.166531672695509,-1.3532698065823765,,0.3137117614115008,0.1111111111111111,0,1
-0.17097908498630693,0.97374729068709742,0.15027430378072495,-0.98435178606360252,-0.17542024476438195,0.016712241028628862,0.04263465457394898,-0.14506533564687571,0.98850307770032708,17.591517160529168,-5.3818569204970457,1.5644688264210476,,0.3332607286267443,0.2380952380952381,0,2
-0.56297123408272065,0.81870233154150884,0.11309236014814233,-0.82589332349722067,-0.55214269001690941,-0.11418698727791873,-0.031042032763576168,-0.15768621432893162,0.98700124114031218,-15.001105299395872,10.511696919685583,-3.2503097106314569,0.9033533182433765,0.5430929364770586,0.4358974358974359,1,5
0.3642568617747059,-0.89459272662340583,-0.25888374248403895,0.93124053374023608,0.35298049143479865,0.090530884153682128,0.010392640147825762,-0.27405953028301611,0.96165657429864726,-7.768685535611068,1.9866471867360596,-2.0485169299180357,,0.07722606875986907,0.2372881355932203,0,5
-0.86098641132750864,-0.481336574089819,-0.16437001537036638,0.49522531768528999,-0.86701587310827066,-0.055094105871743439,-0.11599260421631126,-0.12883546957953587,0.98485894296865628,14.628601124544566,-10.58164707183664,1.222980580302045,,0.2983219902814537,0.2857142857142857,0,6
0.82974220214502625,0.55765466420739318,-0.02343402371048571,-0.54813738778516052,0.82205930504706604,0.15415545107973566,0.10522966355350741,-0.11506421890959845,0.98776866898841342,8.422499914326794,7.5085149419266859,0.019227769980246945,0.663432328652419,0.4395014535888679,0.2352941176470588,1,7
-0.77924635894236649,-0.61480088897040552,-0.12163461265718405,0.616915750443078,-0.78666477697757642,0.02394755766405994,-0.11040864517925167,-0.056377261231978754,0.99228601496023483,-10.329691835180936,11.59994610419097,-2.6657360055692285,0.4170459590565344,0.3670336182985639,0.8454545454545455,1,5
-0.98057498820303146,0.16867333527477374,-0.10010993196436588,-0.16607604350291111,-0.98553367789737167,-0.033795229019787418,-0.10436206343803944,-0.016512894881409293,0.99440227474477938,6.1746709789786376,3.2379072135312454,-0.17962910033300203,0.4768985957434556,0.3033043229990922,0.6031746031746031,1,5
0.51385222841608769,0.85393043214889341,-0.082211339861517643,-0.85335944291651111,0.51861636216254636,0.053054029842314748,0.087940596637977056,0.042893891724717574,0.99520177125830434,-6.9630871506159329,-10.123930282865391,-1.6921616055629742,,0.09874929221796985,0.3692307692307693,0,4
-0.60915501422490426,-0.77038840605718184,-0.18823355826560503,0.78684096545438231,-0.61675922820631823,-0.022121245560810472,-0.099052833010831301,-0.16158514237089056,0.98187513362825674,-11.537173338858752,-15.770129161672603,-1.9179050615420612,,0.2484502820038812,0.2608695652173913,0,1
-0.74417020670884859,0.66727216813689982,-0.030960572940293089,-0.66512373147962855,-0.74446977264682168,-0.058096294527316933,-0.061815251107837997,-0.022640919704616687,0.99783077898279171,-17.208436210902761,-6.6812600415031964,-2.8753767320536485,,0.09854185860190563,0.2692307692307692,0,2
-0.40553766878483299,-0.89855946702245704,-0.16772025346058572,0.91036134550812142,-0.41356176981900256,0.014452790347167652,-0.082349376446989711,-0.14682488470451552,0.98572868144855152,0.18497719693586448,-9.8929830502043306,-0.76408379309904328,0.3707984170812235,0.3252148947754415,0.6049382716049383,1,5
0.50458666672892905,0.86286356720720825,-0.029304609634673351,-0.85869764700523588,0.50509510105085953,0.086702306325112014,0.089613876085459551,-0.018585028406597877,0.99580316826773874,10.128134006850393,3.6204095194563015,0.32911420333223523,,0.08282127094655731,0.1481481481481481,0,1
-0.68087001927136392,0.73029996622309268,0.055479511461105933,-0.73110913206123207,-0.67321037924645177,-0.11075749316195736,-0.043536810563992862,-0.11597303397514026,0.99229773834092605,11.216944772554758,-14.942164943794113,0.82095118181992388,,0.3468342063507804,0.25,0,2
0.98421384693276615,-0.11087781654879597,-0.13794641460790838,0.13404900051217311,0.97593877567679321,0.17197200816461197,0.11555937420864147,-0.18774881072287378,0.97539551726704887,-9.348177502655334,-6.6466259025613441,-2.0976499756903682,,0.1216870180687741,0.1142857142857143,0,4
0.69472499491647011,0.71884374603619805,-0.024916866234692314,-0.71115417406520065,0.69165961329719694,0.12596316939175148,0.10778182661262398,-0.069790028787921274,0.99172195182612988,11.080548695232928,7.4895529968705548,0.44105268363388728,0.280638839069354,0.2004985794540894,0.5135135135135135,1,5
-0.2151114429426588,0.9754383648091316,0.047403202145157322,-0.97652184744218951,-0.21541436358968977,0.001316596879160351,0.011495589729133436,-0.046007047479014705,0.99887496865175462,7.1416430685979631,-3.9184831766105908,0.10555145675495574,,0.1207479022120742,0.5882352941176471,0,5
-0.0081612344822568853,0.99806699912095043,-0.061608924008028226,-0.99929265227485431,-0.0058784542261231748,0.037143490484860896,0.036709526845400769,0.061868481811118842,0.99740899414291184,-12.478501006719846,17.22416849709948,-3.0951308221831653,,0.1660749784913217,0.4,0,2
0.98137060647000796,-0.13797960484394478,-0.13369129142840738,0.15693064432991941,0.97713054227969143,0.14348754724501586,0.1108354890226179,-0.16179472176589429,0.9805804211699376,-3.4330784051147387,7.7982291953166243,-1.5995023810930726,,0.07976944100174432,0.2333333333333333,0,5
-0.99139099459722357,0.13075266068708752,-0.0069019964341656605,-0.12884398347657997,-0.98358690911765789,-0.12631714109439371,-0.023305015627900258,-0.12434039542972959,0.99196589775604893,13.389237960485977,9.6345187879596352,0.78773851230621827,,0.3353869589889272,0.7560975609756098,0,2
0.44566805392904374,-0.85734750752924016,-0.25755627936530218,0.89413458196012452,0.44033853723325478,0.08139608080411459,0.043627228310900393,-0.26656560911092048,0.96282887419791907,14.471835024399107,-3.8308854923011069,1.0837962332533122,0.5321424357029285,0.4041545148427449,0.2613636363636364,1,5
0.93912997186244207,0.33883019783712492,-0.056824228840368106,-0.33250476546458391,0.93801029039830108,0.097863558336268794,0.08646084022833618,-0.073012273903426197,0.99357623309259002,-18.959434040273152,7.9097114572588509,-3.6506093671095265,,0.2362229667437875,0.1666666666666667,0,5
0.75497531393201756,0.65484108869067836,-0.034574902973976314,-0.64576455603284222,0.75160879613103759,0.1344334621668262,0.11401935592239928,-0.079166698433499175,0.99031925172349455,-13.588307274574129,-2.9849174553902516,-2.6449253026457713,,0.07614918495261476,0.1891891891891892,0,3
-0.79968098914813124,-0.58752849485018388,-0.12377634400055856,0.58957239721797605,-0.80737846241659239,0.02333252803425313,-0.11364287937973257,-0.054316536753528065,0.99203579058488978,-16.225523599294245,7.9962861575134951,-3.3320773672159802,0.1327533525143233,0.2431292421791762,0.2727272727272727,1,5
-0.9577587322422465,-0.23641467750139752,-0.16372632981788246,0.2699513371363419,-0.93536385400933419,-0.22851856859149294,-0.099118547164619181,-0.2630637962067644,0.95967335731136172,1.5988041711721208,10.394562810629164,-0.93722624618547168,,0.365156353133873,0.125,0,4
0.64459320468338399,-0.70788701960332112,-0.28878290800033873,0.76293856314041841,0.61992724746311201,0.18334382107407662,0.049237682208230459,-0.33850579807432618,0.93967519671470801,-16.532084882034315,9.0514590725864146,-3.3957171642938637,,0.1357256493608427,0.4090909090909091,0,5
-0.68635087446598664,0.72647958586494288,-0.03391000503208659,-0.72537251352916154,-0.68718151563834184,-0.040202999656463102,-0.052508987194208816,-0.0029959783864580859,0.99861595740171616,-4.22845665884293,13.77905401814078,-1.7943637022927905,,0.8536332504594718,0.6592592592592592,0,5
0.3076383380852612,0.94714558192499809,-0.090960978337394943,-0.94901281122470005,0.31234006443800943,0.042642329653206322,0.068799251969269976,0.0732047183371239,0.99494106968284934,-3.4388783987355369,15.338716414538261,-1.7233584229271908,0.3179810955016823,0.3067516933007723,0.845360824742268,1,5
0.264333520406695,0.96381620263140155,0.034440057122305641,-0.9608491728279035,0.26010877775652702,0.095458319752334528,0.083046114089321318,-0.058324534110355694,0.99483746996957922,8.68850217185914,-16.968134396120693,0.56077110945522302,,0.3725086884971184,0.375,0,5
0.47174138375346686,0.86817976279103504,0.15402586255063341,-0.87748274506721358,0.4451080355436966,0.17861374192300905,0.086510686991101329,-0.21941453045442003,0.97178864207285043,7.9441518221862859,3.1563887937995077,0.031235682804840681,0.7725211787407803,0.4302052178010171,0.2666666666666667,1,1
0.14405140594863852,-0.93096927318698708,-0.33547787531507101,0.98893995048773231,0.12333700579532197,0.082375708377938339,-0.035312416704935255,-0.34363381001167287,0.93843957602145045,10.966492948363928,10.628927051383572,0.38654522371158667,,0.340987192163052,0.5925925925925926,0,3
0.49517854895306024,0.868782171036379,0.0039678641683314102,-0.86447251918626367,0.49225708965276194,0.10183428331533961,0.086518600476994126,-0.053856262179151057,0.99479346338604069,7.5978861916276212,6.6846808495608299,-0.07204658002006474,,0.2078656437610367,0.3809523809523809,0,5
-0.36891194743567668,0.92935576368751316,0.014207024319492079,-0.92942464649581547,-0.36871181644679019,-0.01488028556970305,-0.0085907814163760296,-0.01869387368381956,0.99978834638204728,-19.850933740153724,-3.8455975304063523,-3.2344426698779132,,0.4319446012706736,0.75,0,1
0.1257532988435219,-0.92507833648524707,-0.35835203249829639,0.99206146264091832,0.11711589670838843,0.045803068466560917,-0.0004027067596545171,-0.36126712845743136,0.93246227790907887,-15.453004000390319,-4.3428019302191068,-2.7950262367224772,,0.4655085356748527,0.4333333333333333,0,2
-0.15804278461251403,-0.97698099829394092,-0.14328505576123382,0.98616992149779747,-0.16350518967039612,0.027109756248971616,-0.049913566942799421,-0.1370189108241093,0.98931008986648095,7.7327128214595788,13.447308372086546,-0.11497338314985929,,0.120359035998985,0.4583333333333333,1,5
0.93264543237434161,-0.33337754907609929,-0.13795617870646262,0.3511106393069589,0.92663778855293311,0.13440136826382054,0.08302900960950306,-0.17378670431808529,0.98127690534605094,9.1072329812496911,4.1898643262016515,0.203047294815868,,0.5864239145660735,0.875,0,4
-0.83343810900733761,0.54696952202698801,-0.078773475407919458,-0.54630114627926485,-0.83698797963703975,-0.031720332865032834,-0.083282507336386466,0.016597105671631578,0.9963877558737313,-4.4734749326115359,-6.7512926819996393,-1.4470627608411861,,0.1008540751464146,0.1730769230769231,0,5
-0.16575862788666826,0.9838916464528833,0.066942552396551336,-0.98474623685614426,-0.16877978346509703,0.04228751223633799,0.052904879536697855,-0.058911906553013156,0.99686030164085593,-20.499106139238613,11.690987774129063,-3.953793225968687,,0.2124210829723957,0.2105263157894737,0,3
-0.89487637170302992,0.43278874574018805,-0.109042106217077,-0.43722064914848408,-0.89914432028740887,0.019431810339567739,-0.089634721652938315,0.065064528397042104,0.99384718333286637,6.3574668329824622,9.8636714668418772,-0.28647260373088318,,0.07824761457810103,0.1666666666666667,0,4
0.44882910214282956,0.89333858508467434,-0.022329564898925604,-0.88899754579856571,0.44890684228760214,0.090365980941406895,0.090751312022417763,-0.020707953696293017,0.99565826467715524,6.7546766380037813,5.9960184198408255,-0.16734589341273171,0.2008128199126885,0.1486389080271563,0.3636363636363636,1,6
-0.99083228025223169,-0.01237790899094436,-0.13452947550323091,0.03950187914818451,-0.97881953016146872,-0.20087789554414293,-0.12919362969560344,-0.20435047037747012,0.97033493769037404,-13.944557955034124,-25.767890789431618,-1.564302508341483,,0.3596859170393044,0.3888888888888889,0,3
0.69398970789169667,0.71972542251853711,-0.019328774428552353,-0.70899708509479364,0.68782453932005272,0.15562948446950073,0.12530530183309382,-0.094301215738025898,0.98762637775772633,-3.2624265659488025,-11.600406623569247,-1.1313536151406876,0.5490615847133913,0.6337455813461889,0.5428571428571428,1,3
0.60998185824425055,0.79226572797921502,0.015399639036520026,-0.78653940841577707,0.6029820682364696,0.13329810349074178,0.096321812804005313,-0.093421847845318207,0.99095633946371042,-17.173175819573096,-13.735589313396654,-2.5761546840579488,0.3768309757402773,0.2683959584761452,0.5581395348837209,1,4
-0.70443830887729053,-0.69719631085246836,-0.13298110061137638,0.70188799082804543,-0.71212035259884454,0.015422442928032928,-0.10545101857011296,-0.082473677911241008,0.9909985747387936,-1.3248964454640473,-12.250878102170295,-0.86427527711493779,0.3179277927635579,0.09653915637235505,0.4333333333333333,1,5
-0.69045519530204091,0.71962241566620189,-0.073588057123149017,-0.71807014128554558,-0.69413357508395457,-0.050535652121288008,-0.087446529231161849,0.017948783020228488,0.99600750283997141,-2.3175412383026752,16.499653350733265,-1.6224981498764286,,0.08314717890861992,0.5,0,5
0.76780410323092052,0.63977181023989893,-0.034189031634773236,-0.63337939891304473,0.76600333558826417,0.10986094347038046,0.096474846951477539,-0.062697054875126682,0.99335878876449957,12.128896103273744,6.8572459342184517,0.59501155483443724,0.3689570136833415,0.3769379869180413,0.6875,1,5
-0.96847878050878489,0.24220583127728046,-0.058182359865326293,-0.23400780581611719,-0.9647062912466251,-0.12075644266997997,-0.085376803180625113,-0.10333492596631247,0.99097562762874947,-14.599653979599124,8.2675195292093875,-3.1309699512562683,0.2514386249291131,0.2215885015242137,0.5217391304347826,1,4
-0.9923475074761039,-0.010803571532971229,-0.12300287495866796,0.025854216238475933,-0.99226308650911421,-0.12143116014475848,-0.12073932213102677,-0.12368205202671831,0.98494911853242573,-11.610217466338336,5.7069615403532072,-2.6647208506694962,,0.3185775061507962,0.2619047619047619,0,3
0.098130156026823206,-0.98461271451517185,-0.14459693943239682,0.99483923629920556,0.09329007033158454,0.039898078865293694,-0.025794697086117032,-0.1477659135003499,0.98868593011615336,5.5292023169337963,-5.8152304770709824,-0.12643500371328598,0.215037618060968,0.169305542717707,0.3837209302325582,1,5
-0.19672523526956484,0.98043036380542881,-0.0074487271723653959,-0.98028423984217405,-0.196541267552997,0.020355325242101638,0.018492996652378392,0.011306276001194909,0.99976506100073326,4.3664742649261301,0.77166051223846333,-0.41602919110908487,,0.0675577948322662,0.2807017543859649,1,5
0.95727421979330407,-0.2419579257501106,-0.15837433594438127,0.26183449730652147,0.957684070623399,0.11951534166974738,0.12275489456376498,-0.15587682008848888,0.9801192033725995,-2.4713616670379324,18.507929347882619,-1.676564850362144,,0.4498955578758924,0.4166666666666667,0,5
-0.91740085666327686,-0.36432759180259272,-0.16012830494578226,0.37719172380846411,-0.92431987428957296,-0.057958377165923301,-0.12689393872004059,-0.11357013623585838,0.98539319688715321,3.9900242126542316,2.0150057499855181,-0.48483432162702333,0.3285867714367121,0.1251948277461324,0.1764705882352941,1,5
-0.80474652683805747,-0.57105999027146515,-0.16209107024521013,0.58413135933709859,-0.81041479980148357,-0.04492668807862326,-0.10570516818527244,-0.1308370733923486,0.98575254381870525,-9.4811268120761536,-17.72247814638402,-1.5276624918731199,,0.2108474947871185,0.4,0,3
0.98972815143918391,0.091121880784999304,-0.11015892651519811,-0.081875488235311239,0.99294783889723048,0.085737935918409294,0.11719466999401396,-0.075837932932828811,0.99020907754548004,1.8750647105097107,7.9833687606613628,-0.8425157816136325,,0.0699361706575484,0.1621621621621622,0,1
-0.87923428698773742,0.47560417021882934,-0.027344868908525801,-0.47108688231394441,-0.87655449048493583,-0.098637591832034618,-0.070881717649148537,-0.07384374368322541,0.99474764821132056,19.93965156237044,-8.058893615917329,1.9985222042970998,,0.3246680695336072,0.3043478260869565,0,4
-0.7939739007446911,-0.56633765537081082,-0.22105905329877937,0.59572483868163317,-0.79730925331570246,-0.097004490385238173,-0.12131513307910963,-0.20870940248644826,0.97042414634001573,-1.1488594098443095,16.408298723898927,-1.4316259572310301,,0.3938427178368888,0.5952380952380952,0,5
-0.58011525447014956,-0.80141402781087256,-0.14560854219099978,0.80879734033410744,-0.58793024876977262,0.013597236851212164,-0.096504682785386736,-0.1098798371379754,0.98924884007565295,3.7929906114401777,4.8461326137361009,-0.5577798293044951,,0.1678349574774205,0.2972972972972973,0,1
-0.49078842465103706,0.86660683840219488,0.090107213158022614,-0.86810461277795914,-0.477558529511733,-0.13539657367976732,-0.074304128432967409,-0.1446735584864873,0.98668559225959829,9.4654421575690488,-4.5155565840557657,0.41205036013545393,0.7892135588567512,0.6034132436071661,0.1911764705882353,1,2
0.9880177033557197,0.12446609218699699,-0.091264504334310173,-0.099890501158508588,0.96644946898842854,0.23663751112257447,0.11765587802567005,-0.22468559319120249,0.96730216508510236,11.044291400357087,4.4844516772344223,0.45551255397190171,,0.1116206532306436,0.4117647058823529,0,1
-0.25458164651910581,-0.93317262966723546,-0.25372628656794266,0.96397868767428951,-0.2657807925268586,0.010279106651351093,-0.077027754513395885,-0.24196986085818956,0.96722143869482802,-9.8230307243710939,-8.0681800452820589,-2.1019100873395624,,0.3042275805645641,0.4866666666666667,0,5
-0.077119613484935137,-0.96343748391590278,-0.25659458256504475,0.99623354673829689,-0.084695064291245639,0.018586727467095786,-0.039639444612261147,-0.25419472982439495,0.96634039228438318,2.7516747664759849,11.95908399620369,-0.82613278052950412,0.2623175053854393,0.09570543536404059,0.1428571428571428,1,6
-0.54794543807951945,-0.74466191746289057,-0.38109634683152749,0.83025990106139758,-0.53973696737338128,-0.13911327305510801,-0.10209942985816749,-0.39263549856206093,0.9140093389520485,8.0280256199443123,11.043648850798977,-0.074016696519247221,,0.4202187162331013,0.1428571428571428,0,3
0.65379980900812318,-0.74265874935341381,-0.14492684965100056,0.75496032170504435,0.65310668846336717,0.059047151797770224,0.050800810937980098,-0.14801903760407389,0.98767891650819728,-8.9152008761832651,-3.6180145118403013,-2.075664238963681,0.2136810928175065,0.1772141754567534,0.5763888888888888,1,4
0.54667775907106886,0.83464286841168889,-0.067191591338084097,-0.8295204648479656,0.55076711383160648,0.092473697449701353,0.11418943092708268,0.0051834863858232893,0.99344547174640585,4.2256621908248118,-8.7302762689683266,-0.22012476208644155,0.1567799751683895,0.1310177434658044,0.3823529411764706,1,6
0.7240056021299851,0.6859168773311124,-0.07303372835022752,-0.68121643738542037,0.72762882537500473,0.080625417327960469,0.10844378045934555,-0.0086214775837947823,0.99406519736079635,-21.184650038135807,-3.1643476787880953,-3.4158446421768693,,0.3062989650387604,0.6333333333333333,0,1
0.13066163330388933,-0.96728157182491759,-0.21747160364120574,0.99138874311876579,0.12554704400350769,0.037233046603462994,-0.0087119228505722398,-0.22046383047996562,0.97535624355942252,8.6335653736928624,-13.597655226401679,0.44238095580655068,,0.5708519995516267,0.6842105263157895,0,5
0.23278023173501275,0.97005230000929632,0.069367852497162083,-0.96918576907530452,0.22547954113862417,0.09918629718779795,0.080574864165597115,-0.090318944715877841,0.99264806426553132,6.1090716934580032,13.671728818068015,-0.37502346673025699,,0.3943506705828023,0.3023255813953488,0,2
-0.96390049868892591,-0.24160098846762926,-0.11191421267519075,0.24891085997440371,-0.96687478265031512,-0.056537938251336399,-0.094547408288361362,-0.082353609795646793,0.99210819497652758,6.5743304911432574,2.318868101110787,-0.098221171731441459,,0.4252617583240187,0.2909090909090909,0,5
