axis_00,axis_01,axis_02,axis_10,axis_11,axis_12,axis_20,axis_21,axis_22,location_x,location_y,location_z,dbh,dbh_approximation,score,reconstructed,number_clusters
-0.4317975705362152,0.87951038143494054,0.20003086518631921,-0.8986147071425753,-0.43859134818991458,-0.011368262840744863,0.077733301654346693,-0.18465946561473101,0.9797236424486222,-19.326916100256355,6.4645347135397433,0.12658236575809773,,0.06880106472353714,0.2592592592592592,0,2
0.66858736746020575,-0.74360179082217881,-0.0068781362796553848,0.73678099054291812,0.66114520169832758,0.14156551220503805,-0.10072092159640396,-0.099716593189535643,0.98990499392388376,-12.989217151763947,-16.292632103388552,0.96971816751413464,,0.07794026815012663,0.1176470588235294,0,1
-0.62779249281070704,0.74886768449661922,0.21230585740198171,-0.77738408457147612,-0.61701400378220916,-0.12234256900856787,0.039377290733197463,-0.24184894098035659,0.96951457891111337,-17.234775825644629,1.0765943957951354,0.33215503778095085,0.7732526430640925,0.5149095992139341,0.6952380952380952,1,2
0.1212867216451804,0.9584874895279375,0.25805283096876797,-0.99206269835871386,0.10836005352214099,0.06379421075540323,0.033183334338046912,-0.26374197849244585,0.96402232085315243,-16.398364312727921,2.8219518781870061,0.072865032108504244,0.4735933041308274,0.3541677419284897,0.4727272727272727,1,5
0.66795845840961066,-0.74132987935107209,0.06528022533955305,0.73753491289320472,0.67113810980829713,0.074939240899278142,-0.0993667454567701,-0.0019098545160122211,0.99504904519981241,1.1717917691327486,-8.6494695339339138,-0.98962356393647921,0.1485791355173989,0.2847109407731876,0.25,1,4
-0.91516887148736203,-0.38137402489018252,0.13045991644795951,0.36877071766597774,-0.92287598867146525,-0.11094172941586392,0.16270861824951321,-0.053420620295214966,0.98522694993316451,-12.624326343236342,5.4574576737215157,-0.53325476941706129,0.2735946121777392,0.1743972569719889,0.1891891891891892,1,6
0.42240604521918751,-0.90323041101374413,0.075815285940430119,0.9036606794113532,0.42615653960986855,0.042284515292888021,-0.070501840033418597,0.050650057923816029,0.99622490542257425,6.8980226621528553,-6.3610554195268962,-1.8087234224668056,,0.1051374250308468,0.2745098039215687,0,5
-0.16919487503162292,-0.98473699474705134,0.040818444845201654,0.98550898789972963,-0.16853084860200887,0.019219465089827907,-0.012046951144826869,0.043478779261083664,0.99898171490877741,-1.2304377047702868,-7.1115905101342847,-0.78824737679774581,,0.08139705690626459,0.1774193548387097,0,4
-0.17514418441769194,-0.98449334239446595,-0.0098677984188524567,0.98453307742037877,-0.17517818886267256,0.0026873057052142846,-0.0043742576308386507,-0.0092445079786559591,0.99994770110361897,4.23531151886404,-13.544278122505826,-1.1035474500269036,,0.1049910048145697,0.3793103448275862,0,5
-0.77237762495046525,-0.62983952237796714,0.082066927117883146,0.63131778290890161,-0.77546276829751082,-0.0097648331961870064,0.06979012436489071,0.044268171806100029,0.99657898207120443,1.2592652648461873,-7.8063376685794212,-1.0506259673368754,,0.07894886787199791,0.3823529411764706,0,3
0.46852254809722493,-0.88174902315961734,0.054820453131514568,0.88001893271792653,0.47126752421922052,0.05893724352468889,-0.077802956129479614,0.020629609141894663,0.99675529556866038,-14.173064902403137,10.087869773056735,-0.7622800722124089,,0.1028113826036619,0.2051282051282051,0,3
-0.87268342271528576,0.44623280486037786,0.1982420933716488,-0.47642010711703514,-0.86710377834796604,-0.14544730698529129,0.10699310843473199,-0.22137597304387122,0.9693013738287759,-2.4680375958795913,-18.632915019073472,-0.10422074837271768,,0.3136555347116048,0.3076923076923077,0,2
0.21703760502711861,-0.97418893184014654,0.062053227831016834,0.97451127751465294,0.21992877561703217,0.044261762869923386,-0.056766609911572785,0.050865103319945613,0.99709091524464288,-8.06988510894627,16.732827000309094,-2.0342521648497716,0.1456142936810823,0.09844334368905645,0.3684210526315789,1,5
0.93188327205897104,0.32533611422588854,0.16046800315659143,-0.34676006764364542,0.92881083972879597,0.13064409473857405,-0.10654117863267037,-0.17738894210938516,0.9783568574262016,-9.5002053135412243,-6.2203802589018951,0.066089787706719458,,0.07920780677912735,0.3695652173913043,0,3
0.11652906529420655,-0.98990317355361734,0.080701201540844647,0.9922421834716082,0.11957714222218302,0.034011121673237631,-0.043317736334606782,0.076111852207480124,0.99615789896601858,-2.3382470088073481,-7.3168529341020738,-0.67172195902892251,,0.06930788048766488,0.2586206896551724,0,5
-0.93755487013639471,0.32482025824201738,0.12442935875073552,-0.32694835596377514,-0.94503574844013438,0.0034938092079103769,0.11872505218408905,-0.037406336438975965,0.99222231781899628,-11.709292963449697,-9.6056580920714154,0.46957979036612035,0.264849136893847,0.1901660296934911,0.770949720670391,1,5
-0.49938774430136612,0.85067116111436669,0.16422684460808434,-0.86214245208195217,-0.50665834012348732,0.0027782551053618198,0.085570281989200012,-0.14019950795793526,0.98641868636428454,8.8333162495946844,-16.741602388932222,-1.4675035340655171,0.2110149518831322,0.2167050848496686,0.1818181818181818,1,5
-0.57384998883479044,-0.81271744933796253,0.10092837983396043,0.81772321808264536,-0.57538679890652766,0.016086337453326074,0.044999210247227722,0.091762624121677516,0.99476363619275432,1.9950219556887578,16.293507878338271,-3.1104617880440664,,0.1132204518923677,0.5,0,3
0.39107271291582563,0.91010435208419715,0.13701168391805038,-0.9201806657200291,0.38957666290444021,0.038698399905984213,-0.018156972426581139,-0.14120939075586866,0.98981323102626595,-7.0004669743005952,-23.216053401678348,0.66137855665681533,,0.4624145186884092,0.1333333333333333,0,1
-0.67961994835089912,-0.7305168449801317,0.066797193083200007,0.72866044305604682,-0.68278348473833272,-0.053485247442104228,0.084679894478474266,0.012322831202766945,0.99633200455584126,-5.864685692488564,-13.404324471923164,0.039518448968217795,,0.3349458729475153,0.328125,1,5
-0.89954550682316048,0.40532833703476423,0.1628705631810046,-0.42050431235132496,-0.90446238257998079,-0.071581574386749613,0.11829625711832312,-0.13287865778362962,0.98404738598170083,-29.401966265843136,6.413023988681033,1.3148578927646277,,0.07340071782614521,0.3636363636363636,0,1
-0.47220919856382615,0.86364111330137283,0.17647237802918475,-0.87786932214274738,-0.47886889730026516,-0.0054801860426811006,0.079774219095791452,-0.15750748113659413,0.98429033691978463,1.3200956333141611,-5.6123603598889567,-1.1863159319973415,0.4942082895127456,0.2048678922857818,0.2340425531914894,1,3
0.92844362622648902,0.30494432184700004,0.21213531882428441,-0.34584186597989813,0.91802393232661139,0.1939728419421827,-0.13559438282963485,-0.25345812326468881,0.95779598197956106,-5.4993211529623265,15.028728025896521,-2.1502006998817422,,0.3685613330155541,0.3333333333333333,0,4
0.63052939157444965,-0.77610660120301,-0.0095514360106979876,0.77030591910340629,0.62421274927143566,0.13033508599472476,-0.09519179247713988,-0.089537630168035454,0.99142399377303814,8.6780694605662632,-8.8318113078279659,-1.8744676016873758,,0.4068456508302216,0.2,0,5
-0.86164917671830232,0.47525646775321984,0.17802243150626668,-0.49698717070083659,-0.86121903567407443,-0.10632744119649332,0.1027835026618974,-0.18009181672510527,0.97826504032864314,-6.3217471202724163,-15.970267640856274,0.23852239558833391,,0.5421178694559305,0.54,0,4
-0.71607563356854187,-0.69568629440476282,-0.057063708140823323,0.69516096731054533,-0.70335786442338832,-0.14845519216799799,0.063142034630492394,-0.14597360833774012,0.98727138575549822,-23.347325557095829,2.5874929739077532,0.91105691866068883,,0.212987649240366,0.24,0,2
0.97116212633679988,0.16553382299095185,0.17158868789925047,-0.21197598164635167,0.9289177787923264,0.30360820714960318,-0.10913435560835888,-0.33122547258556534,0.93721895986819304,9.8362710677461713,-13.502818691146452,-1.764950878450257,,0.6173046677064528,0.2916666666666667,0,3
-0.53899754716454484,-0.84048916587356126,0.055313707159872008,0.8398904414621553,-0.5412620168984118,-0.040242706215754341,0.063762767279254645,0.024766733983858327,0.99765771605128328,4.1833737529623578,-16.248472334312211,-0.9680698033048063,,0.2227273803648666,0.3333333333333333,0,4
0.22510132675681552,-0.96985946148497804,0.093284605698848222,0.97276340140885253,0.22914210637880142,0.035003713571067352,-0.055324113836559843,0.082864467972432437,0.99502398080440491,8.2190880224177079,4.6561748813419213,-2.7468304346411165,0.3206111947504964,0.2985033733411063,0.7411764705882353,1,5
0.31610897122172915,0.93938043800538595,0.13281382083935581,-0.94868484583780455,0.31423722449364389,0.035384036234311959,-0.0084959749787688471,-0.13718367043981491,0.99050919176644658,-13.211726801006979,20.6575792490239,-1.8639193106297594,,0.1904535479912033,0.4615384615384616,0,1
0.19753285303287652,-0.96559856207548955,-0.16911590371824606,0.97887764855274895,0.18501197349546625,0.08700068291199739,-0.052719267223028346,-0.18272927127600527,0.98174879286017314,-23.187236189668408,8.3849769542703818,0.41247119215836681,,0.4152387361605232,0.1621621621621622,0,1
0.054371452508404076,-0.99605891730556195,0.070074092275222474,0.9978639560924778,0.05674673144770092,0.032362533916090459,-0.036211466189509094,0.068164812961472601,0.99701669393763492,0.011724623161338696,1.839862940989514,-1.5650370981647868,0.1532649916859091,0.1182675675824335,0.523121387283237,1,5
-0.9753896183587476,0.1766133194388804,0.13199555975394525,-0.18459432253599262,-0.98150110372600097,-0.050798813688116728,0.12058204047641306,-0.073914266426867936,0.98994780303464647,-19.113014052561759,4.2929662187417144,0.26600266693815877,,0.07982040996766968,0.32,0,4
0.96957495711728303,0.20622360664406197,0.13189475574765117,-0.22835035373359081,0.95608052224646423,0.18375568271667364,-0.088207247325609847,-0.20828312232065779,0.97408296488317403,-10.769013177418053,19.922043508452592,-2.062072193610772,,0.2402955135876774,0.2,0,4
-0.1002638750435188,-0.99229815395113452,0.0727428967420716,0.99489097019767547,-0.099121834712354265,0.019152527310622253,-0.011794608106463685,0.074291557719748783,0.99716681235949056,-13.842840623520495,-13.144854341281778,0.86990469318326191,,0.1580578852102863,0.7558139534883721,0,5
0.72127384874992762,-0.69245509484479817,-0.016430968716027373,0.68857070084306382,0.71425343627909688,0.12534918708947812,-0.075062807367946058,-0.10172497425402816,0.99197661492751865,1.619658150886748,-16.853211209617221,-0.63647134505344904,,0.4878777654595919,0.1785714285714286,0,3
-0.23673887027165216,0.94352329368651033,0.23177252117854966,-0.96844016863364113,-0.24830536494726937,0.02163528403437907,0.077963754907949018,-0.21933590679449358,0.97252938922753918,-9.9519063607929041,-21.212858813050747,0.88011164777184425,,0.1683956881953493,0.4705882352941176,0,3
0.13722691596274142,0.94067072279070429,0.31033427915679812,-0.98930565742372911,0.11452237089979539,0.090326866174432377,0.049427621071207045,-0.3194107353360317,0.9463264195970319,7.0988721154437222,6.3771336557483957,-2.7469300469044158,,0.2517426984804843,0.1176470588235294,0,5
-0.94494939068650063,-0.31001478446802266,0.10469709858661916,0.31105679547633353,-0.9503681254425701,-0.006640491756561076,0.10155943594371322,0.026291815342802428,0.99448198647173813,-14.754597424713287,-4.0298580373770259,0.51289961494805336,,0.1637068858241283,0.54,0,1
0.40785526190215554,-0.91290326084366591,0.016177814429783027,0.90875425409076627,0.40759021572434545,0.08964330269303368,-0.088429582214650027,-0.021859835012685073,0.99584253604802353,0.36425608688862499,17.751455404947833,-3.0601084201582798,0.555531336540392,0.3903503487905189,0.6756756756756757,1,5
-0.1370664475274902,0.94139090006476012,0.30821414996306756,-0.98875694154844562,-0.14879999648379053,0.014774017266444764,0.059770389842789623,-0.30272385819701497,0.95120227405970603,0.26426687053804426,-10.222131080315291,-0.83856818201773353,,0.1820123058940111,0.1052631578947368,0,4
0.3767851629814829,-0.91042969137291618,-0.17073581353551354,0.9234908927412373,0.35486050427914956,0.14573466823902836,-0.072093772137469744,-0.21258362958930749,0.97447970140461426,-11.048151974170437,10.10185279156418,-1.126418211940609,,0.5060348886662613,0.4390243902439024,0,1
0.94697426792360806,-0.30912063459846717,0.087659392856596546,0.27877083259960783,0.92609455442748723,0.25423551905954239,-0.15977033135807031,-0.21631761260977919,0.96316152938774391,-11.33236275983038,-11.456191580098979,0.51800870271614274,,0.2577090107356709,0.1944444444444444,0,3
0.99175725069212917,-0.030299832834895235,0.12449689084377544,0.0056113959795430508,0.98097614849954873,0.19404718062922724,-0.12800807761524391,-0.19174909701265505,0.9730602323906169,-12.219620757696738,-12.33507594206219,0.66130687780881403,0.6263677017612668,0.7474473711339766,0.7019230769230769,1,5
-0.96614471578677585,-0.25475020118293196,0.040825520872936741,0.23460360672433042,-0.93330463025450572,-0.2718521930340761,0.10735704853071591,-0.25307074533172869,0.96147265275098559,11.509706872269456,-7.1495747335312299,-2.2911672860839229,,0.09968284123143131,0.1666666666666667,0,5
-0.87892545845064107,-0.47585521005203851,0.032432353501714931,0.46841744252717515,-0.87399839925626921,-0.12927450496435391,0.089861771758798281,-0.098430773459363866,0.99107832425725084,-13.271256067175608,-23.551323093553716,1.3711864605291275,,0.2823441106123444,0.3636363636363636,0,5
0.94937218387612743,-0.29573936911816723,0.10597491229466527,0.29060824562058096,0.9548750082967552,0.061323454791791666,-0.11932855508888729,-0.027421598856764616,0.99247607117579295,8.616962996102755,-2.7440087430243869,-2.224257372326357,0.4335279409265039,0.3176814648551852,0.9451219512195121,1,5
-0.63125786168363318,-0.77512437471662587,0.026376424753288569,0.7733557952572,-0.63165883844245063,-0.054110311028831508,0.058603122823872159,-0.013759198293975228,0.99818653490096554,-5.6188872937392862,-7.4197996012667531,-0.29854662084296807,,0.331529363566286,0.4906832298136646,0,4
0.92549097583667439,0.32715632420201934,0.19088004919190571,-0.35385314815797864,0.92655333654986727,0.12761999869533219,-0.13510885679173165,-0.18565466345592377,0.97328204686693953,2.875265792088721,13.929209989732406,-3.013444058298409,0.440022558484295,0.3806392876461712,0.7586206896551724,1,4
0.43004257613393004,0.81631115122222309,0.38561572465648053,-0.90250878513103605,0.39971845608108125,0.16032170355088812,-0.023265327708742387,-0.41696673759234842,0.90862393995987101,10.193506931778447,8.5148389141709213,-3.3038220428668228,,0.4170790880175294,0.1481481481481481,0,1
-0.75357167620351651,0.62643880667443308,0.19925900309932271,-0.64842772519974989,-0.7581696838978419,-0.068703825297613888,0.10803339306020658,-0.18097831889638008,0.97753548993033501,-12.582296787799383,12.756268605974894,-1.175603517280938,,0.1140877659766633,0.125,0,1
-0.66149074441194833,-0.74766151106699474,0.058585492456279274,0.74777928769476742,-0.66350144261013921,-0.024330485999467331,0.057062526688122853,0.027714626522511568,0.9979858553730534,-5.5417464745235474,3.0906374763852127,-0.99151647231730755,0.1707254308305717,0.1423893489881347,0.5184615384615384,1,5
-0.58817561913673821,-0.80274255504171843,-0.098253912788285047,0.80749712882482405,-0.57621181247565334,-0.12620750414768425,0.044697069174387843,-0.1535719293641114,0.98712604793846059,-22.899194152958156,-1.3245529821985342,1.1575094134203276,,0.4119684671235805,0.3194444444444444,0,1
-0.97492648698490902,-0.20834467968150597,0.078171858259057495,0.20391660535362532,-0.97708702145463899,-0.060983363025952003,0.089086267383459733,-0.043513755909045,0.99507295712946098,4.1720035092900121,-6.0345510799890727,-1.5103629937962919,,0.1307913276145007,0.2909090909090909,0,2
0.98877073711799368,-0.097015378252035211,0.11366813890336032,0.076005318939676519,0.98137148602516977,0.17644601981803706,-0.12866864774301914,-0.16582527792638732,0.97772509238978755,-8.8792865197923909,-10.957570431035318,0.22383316459756189,0.2852715599775068,0.2907811814854147,0.1025641025641026,1,4
-0.95974350173089051,-0.262876240977788,0.098936812232436541,0.26062326583635481,-0.96479578045376702,-0.035279106045920564,0.10472785775580978,-0.0080736576589913629,0.99446814522230154,-8.4523628071372006,11.306216902955789,-1.524444162682441,0.2145555216774615,0.1575414916923039,0.5,1,5
0.63114910859133466,-0.77514150272259841,0.028398124609137234,0.76953291140618996,0.63033573933431175,0.10244976320411704,-0.097313416274822095,-0.042807785212726567,0.9943327373360008,9.2786922296348511,0.7980900484370812,-2.5717807436860634,,0.06765398454487381,0.25,0,1
-0.99091117870356726,-0.086941719747480897,0.10264586347076601,0.072112947231003449,-0.98748632701765693,-0.14025147697916426,0.11355509130799535,-0.13157466063239168,0.98478086390704467,-14.101302221205284,-10.918140728661569,0.79633254680248933,0.3731485309121919,0.2493126414688574,0.1492537313432836,1,2
-0.066551674908417194,0.98213417039474227,0.17602086782514162,-0.99696732851348979,-0.072585980751456378,0.028061027690104018,0.040336341474654598,-0.17361954596582965,0.98398639869413806,0.23910179528312092,-7.1736686088517416,-0.96766345315721658,0.1455280472580763,0.1204550947566415,0.6752136752136753,1,5
0.0094166784152435474,-0.99848541852600192,-0.054205121147163506,0.99734736286718506,0.0054655797603591081,0.072583505149272157,-0.07217730910400548,-0.054744830156261748,0.9958882666352018,-4.6131805783612716,-17.625235089502407,0.11661532289451754,,0.3885516373240296,0.1904761904761905,0,4
0.62254333553603769,0.74825732484483198,0.22923954980700853,-0.78018915161131597,0.61631819679773592,0.10703629292908928,-0.061193815763352075,-0.2454849407031777,0.96746703344366103,9.6272132993553523,3.6860710558926324,-2.8265382665626606,0.4045969077154993,0.4057314026254314,0.5932203389830508,1,5
-0.84460336651339174,0.49023692586578932,0.21520434426820129,-0.52622345523226866,-0.83419574144007858,-0.16494344523699789,0.098661179993240103,-0.25255736275329327,0.9625387005629662,-15.392837848951624,-15.248358489521967,1.1764857861728266,,0.2915604695230825,0.2105263157894737,0,2
-0.76698218051046374,-0.63688190093074748,0.078229016651443453,0.63856278667555266,-0.76955668992942061,-0.004479783256528062,0.06305475598689371,0.046518224941527818,0.99692534951004363,-4.2079936570967336,9.2586936184750854,-1.8067478460655699,0.3465632186955869,0.2969774618116522,0.8802816901408451,1,5
0.65219303332499445,-0.75508877338130798,0.066971573043003108,0.75154485353966405,0.65561722911508657,0.073118957907647525,-0.099119021385337402,0.0026444661025734856,0.99507207095699601,26.111279079682458,-3.1401629100946629,-4.2864738861570526,0.5517815463225353,0.4527483070045203,0.864406779661017,1,5
0.92165668127633005,0.35460145511415447,0.15750165043460687,-0.37571844043310582,0.91698042903249966,0.13409901673721067,-0.096874224524460373,-0.18276952919536738,0.97837144470823945,-11.738951701710256,9.6737349989149664,-1.0244327325304619,,0.7169659381565673,0.2835820895522388,0,1
0.87464084285802679,-0.48427849328666328,0.021857194344207413,0.46077587718165774,0.84451138032239337,0.27292145301064236,-0.1506286394152021,-0.22863698179858336,0.96178799303274742,-11.650499594882406,15.301496318286382,-1.5169156457286046,,0.3012299716509162,0.2,0,2
-0.62988076423946449,-0.77663886816625183,0.0090714549302015925,0.77502860765099146,-0.62925298908027161,-0.058063181587889007,0.050802363760685983,-0.029542244108831488,0.99827169430438134,-13.18427153033571,-14.002227657364449,0.84827257701321901,,0.08651163810059695,0.3,0,2
0.054862603067247238,-0.99106751490653733,-0.1215535918089828,0.99701886694958497,0.047759460298922363,0.060600436454867915,-0.054253790017384999,-0.12451592206996979,0.99073321909574308,-1.275340818604433,-8.5380445200267623,-0.73141369460138905,,0.3022602419937094,0.25,0,3
-0.18548260940257516,0.93654672627452762,0.29744988000279682,-0.98118057359605559,-0.19305091822225423,-0.00400312019072526,0.05367386335013203,-0.29259455305594961,0.95472904214497523,-18.936916274262071,13.639340371135914,-0.55565352179573135,,0.347105712542489,0.2631578947368421,0,3
-0.88419610081658739,0.41992306326968065,0.20460175032230776,-0.44812427350064682,-0.8861742112009573,-0.11781299971513919,0.13184039896883501,-0.19585680569377664,0.97172949984199275,-13.426241623082159,-4.1699839512612389,0.37560825295393685,,0.2520418360425946,0.1216216216216216,0,2
-0.17644925182158874,0.97145039820032553,0.15858683857126829,-0.98305727230070228,-0.18204758636656115,0.021379328212344735,0.049639308096540651,-0.1521275784811465,0.98711353904054933,-5.3910579988226797,7.7166810758370481,-1.5399660438654241,,0.07033942703919457,0.3043478260869565,0,5
0.8998366467542821,0.39111572961085805,0.19319030826875166,-0.42612870803861874,0.88284477389062299,0.19748273190168306,-0.093318451248113568,-0.26002613573443106,0.96108172149493731,-1.4961194443536701,-15.397173534901791,-0.36262011502727509,,0.2817773698504422,0.2307692307692308,0,5
0.5359119718134534,0.80397658716243892,0.25772079031706496,-0.84369819308187288,0.52125561506840046,0.12831968964287993,-0.031172382927810095,-0.28620662300914629,0.95766071835922206,-2.0743519293921491,-13.264601458602616,-0.40258830105494142,,0.2467690460277878,0.3953488372093023,0,5
-0.57994346560045118,0.7866430974206795,0.21179757786088654,-0.80938780769774255,-0.58590005586981109,-0.04015596197322506,0.092503802395259294,-0.19471456497178685,0.97648824095852138,-22.718930567296724,7.652761836476861,0.41686176360058547,,0.06440248512942681,0.3043478260869565,0,1
-0.85307838002028924,0.50145001017117785,0.14423995577261495,-0.50852772253615919,-0.86092197342793186,-0.014591472891496508,0.11686245314106389,-0.085797686264151976,0.98943515405385285,3.1772080385405772,-9.4072666891256844,-1.2009805957610169,0.2179150566135117,0.1558288676933478,0.7341772151898734,1,5
-0.45035542403735884,-0.89069131262848589,0.062040129337995395,0.8928493250327264,-0.44924558626589967,0.031598829238006873,-0.00027354841506373276,0.069623191744938931,0.99757332379254804,-18.615006961413872,-0.14412214874846527,0.58498863479755658,0.7352068755574113,0.4007373301517108,0.9876543209876543,1,6
0.99300521817399368,0.0023984206167696324,0.11804611072696919,-0.011621192886028385,0.99692443062891956,0.077502435388248303,-0.11749716828555715,-0.078332159383926972,0.98997903424826428,6.8905821780025729,0.95302516847005525,-2.3049560423351334,,0.1085984786506191,0.2474226804123711,0,4
0.076316115848617486,0.97457856241323837,0.21064775371773337,-0.99686017403780369,0.070103985865449747,0.03681337505713559,0.021110278991545852,-0.21279581022737096,0.97686861924753055,-33.101717284036653,9.3656605408654841,1.4835760826204223,,0.3354844669735527,0.5,0,1
-0.53626067676725198,0.82941836717801898,0.15649172099787853,-0.83957669593367834,-0.54323686206827415,0.0021641015001396735,0.086807016987204721,-0.13022627952131594,0.98767689955967852,-18.26661044081937,10.190085583476332,-0.30488821472496441,,0.07425995385747966,0.1304347826086956,0,2
-0.97741853843535909,0.12613841724224853,0.16953495338279373,-0.17393307741669795,-0.9358522193266805,-0.3064766029596433,0.12000118875762246,-0.32904364950101445,0.93665895149718736,-32.357324170235792,3.6428002413685205,1.8725045758277401,,0.3015306460160392,0.2352941176470588,0,1
0.52819092778972787,0.80449002764314326,0.2716802150016861,-0.84879345112482396,0.50917871972396889,0.14243141755902064,-0.023749128999582536,-0.3058313698805204,0.95178944734051685,-7.5297781151017409,-11.577589065881252,0.14109893814505747,,0.2371844031405589,0.1875,0,5
-0.85972949627633899,-0.50777109357000949,0.055079122788490004,0.50538363438832723,-0.86132696155437127,-0.051992762880621046,0.073841555542109388,-0.016863624587603401,0.99712739549211571,-19.554666598579278,10.009325909374107,-0.16788673823796499,,0.1009162918488666,0.35,0,2
0.81715839970989967,0.52295879240411014,0.24241751428226133,-0.5627883442939503,0.81475367356831085,0.13944795062608895,-0.12458502843612342,-0.25038081566720888,0.96009792096191582,-6.5565589356207576,-12.635261295044396,0.066074200562089971,,0.3533247035943066,0.1839080459770115,0,2
-0.92993250360146007,-0.36740518634400965,0.015458583151232816,0.36652292159968736,-0.92946367528635787,-0.041931184877178986,0.029773926303889715,-0.033327246671429181,0.99900090487534166,-11.740000456132204,-18.718304342690796,0.93478463412621438,,0.1762607229266514,0.1111111111111111,0,3
-0.59531931401485005,-0.80344199916155157,0.0087102436348591144,0.80218875490415131,-0.59493737818385051,-0.050425366087456562,0.045695906449224853,-0.023031934851772819,0.99868984880731027,-23.815708679662716,-0.24099022962947719,1.1745357311226201,,0.1672586988781978,0.25,0,1
0.067216825016738688,0.96045533390077309,0.27019890824395187,-0.99749143538997431,0.058664083311823705,0.039615169478770779,0.022197629565281509,-0.2721839027399266,0.96198918306337755,-20.474947097699282,4.5388993549390788,0.42823538245661485,,0.1169715712636696,0.4074074074074074,0,1
-0.30324914596336289,0.91400437904044884,0.26951057598427336,-0.95194298128437427,-0.27782493269276315,-0.12891030663868247,-0.042947827138384138,-0.29565064158419374,0.95433022705714732,-5.8547756887899736,16.595896875220912,-2.2523511480640681,,0.2409934344291846,0.3846153846153846,0,2
-0.94856255735960626,0.28676999982816592,0.13413441755924291,-0.29198759567239574,-0.9562009402083218,-0.020567107676442729,0.1223614267196044,-0.058674774335097449,0.99074969195446538,-27.801138908858309,3.4958421573676666,1.3337572793278385,,0.09833874298671277,0.3928571428571428,0,2
-0.63219769427004202,0.76201941911495419,0.14018730417320696,-0.76873298397262757,-0.63950047930813037,0.0094199956057390219,0.096828067791231195,-0.10181130515016561,0.99008019040451323,-10.92800306602394,-7.0663851003355092,0.26075735143629886,0.3446036153139396,0.2817078263965353,0.8541666666666666,1,5
-0.30988491335593543,0.88642717041355168,0.34382875392702406,-0.94832143637644195,-0.31412548616708563,-0.044851223497415708,0.068248031351149679,-0.33995889529900181,0.93796063655346229,-5.5971792918462091,6.4255333377841497,-1.3933484326056573,,0.142288259305405,0.28,0,5
-0.71296694816582873,0.67524198755617248,0.18901425624617565,-0.69368317021684589,-0.71857572210425813,-0.049523640417995646,0.10238061428323041,-0.16642472725990662,0.98072474220621897,-14.790745312203068,-17.702301764465496,1.2324669154529229,,0.1482906405040159,0.3809523809523809,0,5
0.078298869183677414,0.93905642387926391,0.3347272320198138,-0.9963760934919631,0.062522258274172321,0.057668427566503151,0.033226004909599212,-0.33802958449133796,0.94054879331503105,-12.522216254589061,-6.6429834033934112,0.41982841243315872,,0.3683334281037112,0.2391304347826087,0,4
-0.99070637661850769,0.028355922776022273,0.13302938386291879,-0.06706058587203953,-0.95272524798549429,-0.29634014185303476,0.11833745455233678,-0.30250709660187841,0.94577254313898074,-25.455503831236705,5.6464180834296611,0.92122745019034191,,0.4899001034061632,0.1304347826086956,0,1
0.86787806719359661,0.44737613188308328,0.21596818540154988,-0.48895342550575516,0.8461163899671531,0.21215937951252919,-0.087819178830685837,-0.28972685628067629,0.95307194931926364,13.045097837912929,1.6938482481595574,-3.1093353093173848,,0.2701172750889376,0.3333333333333333,0,2
0.07068140801186705,0.98018092460274031,0.18506618709634129,-0.99749299577314621,0.06881327307479658,0.01650626645393715,0.0034441174449873998,-0.18576891153702632,0.98258742591251114,12.120348418544738,-9.0853357055823611,-2.2474022325488954,,0.1357314312187003,0.4347826086956522,0,5
-0.40293606245164654,-0.91213686678911365,0.075158937060754355,0.91508600083340463,-0.40295994025147019,0.015520877270905741,0.016128876423663251,0.075030812315149298,0.99705076929343961,13.093401449835005,-6.7688851194920545,-2.5188669285085439,,0.1601609624457985,0.5454545454545454,0,5
-0.84692321340603216,0.51158052092738537,0.14493599001513477,-0.51929373917800836,-0.85439091761997277,-0.01871289232120401,0.11425884230345054,-0.091112735093220917,0.98926406305865044,9.1155357296014774,-14.525544057412505,-1.6093160058860365,,0.6312406951515011,0.9098360655737705,1,5
-0.98299323785524495,-0.15347622074672199,0.10084316534185774,0.14630181582123034,-0.98638543587564886,-0.07509694121478061,0.11099582432809178,-0.059066247195067895,0.99206406316528684,-24.430047275309732,-2.1114258867886564,1.3760250850591973,,0.7592638128889632,0.7407407407407407,0,1
-0.52982432388690603,0.79579467396656556,0.29325248968121614,-0.84606574898861064,-0.51992495413123152,-0.11768938125412619,0.058812704461921515,-0.31046558417654846,0.94876350416517929,-16.554537688408779,8.5281950544401059,-0.3547487605784112,,0.2920934254589941,0.2727272727272727,0,4
0.19847332925195155,0.93275404646120696,0.30096216769868583,-0.98008628224442618,0.18691854208732098,0.067024905671322355,0.0062623423689284509,-0.30827154820741398,0.95127779099160048,-5.2145915225843762,11.963617430437587,-1.9335824912880037,,0.08122433249121398,0.5,0,1
0.54045031072304628,-0.84027953248041432,0.042939130567100983,0.83619248578166916,0.54207701603635294,0.083274458313433497,-0.093250138668181159,-0.0091003285445805833,0.99560112276892543,-22.526134885486137,11.026859107948564,0.10376149276874069,0.4997502356539381,0.4772399895249917,0.7045454545454546,1,5
0.21470923531794359,0.96258988062993001,0.16528964268229379,-0.97667107213341908,0.21097254564077897,0.040052488606909055,0.0036825435423179492,-0.17003325173243578,0.98543144468722554,-21.887560340175394,3.6185437282958852,0.65710135102176315,,0.07612484086668753,0.3023255813953488,0,3
0.018910691193516196,0.95767649706571578,0.28722484698668355,-0.99951728690278341,0.011025686654309369,0.02904526495489184,0.024649116436139304,-0.28763546582739291,0.95742271743320162,-4.5480993383970212,-13.917336047811007,-0.090687985339268973,,0.2739308901019999,0.7922077922077922,0,3
-0.17818686885994336,0.95124832774382262,0.25174602028725407,-0.98196897298575703,-0.18831756902950755,0.016535697388203784,0.063137753041955541,-0.24426033685270679,0.96765206142570448,-4.4335123834509185,-25.97666390337104,0.47220907712794452,,0.372077793670865,0.75,0,5
-0.88404115344332435,-0.46610184477079014,0.034932926013511133,0.45820832979820092,-0.87897139571160909,-0.13211514683915584,0.092284156398280512,-0.10078866911540627,0.99061863431686226,-4.2119522396618203,15.073686829597861,-2.3174913354302298,,0.1127375127804905,0.125,0,4
0.13909071830587078,0.95022778971762611,0.27878471932570276,-0.99017887734117072,0.12943561884273272,0.052841380017713831,0.014126675070041488,-0.28339648590473521,0.95889877924018208,-6.6072557571981836,-21.478384321159876,0.51570430478602636,,0.6161813442859483,0.7222222222222222,0,4
-0.80042064218883591,-0.59223285936666537,0.092666260550406471,0.59384335917368347,-0.80448976256261673,-0.012094903772268245,0.08171205739257717,0.045348232802706029,0.99562376300404987,-3.3484056320490398,-15.151821926327438,-0.15268080561771283,,0.1722193611913111,0.5238095238095238,1,5
0.38644556040611699,-0.92025568242288869,0.061557353831905713,0.91939380657779968,0.38966907107050464,0.053600778701752186,-0.073313418067816244,0.035881666898769426,0.99666325743040207,-8.7160229842001673,13.342990875660526,-1.6493994649782862,0.4246989020764708,0.4072074754694569,0.8285714285714286,1,5
-0.4556641527575378,-0.88930623058686709,-0.038789278559076192,0.889845820102656,-0.45621726363701781,0.0063423028454487503,-0.023336587959402123,-0.031626517337988304,0.99922728498749636,0.76826613500493734,-12.897867573026362,-0.75037568605069438,,0.4277803942161209,0.275,0,4
-0.97085092783994498,-0.21257578872077007,0.11072492927096744,0.21443266335873762,-0.97672596557780034,0.0050021046562046126,0.10708458711316284,0.02859933943041015,0.99383850246755279,11.181252465546182,2.1290792288305735,-2.9286042907818657,,0.08366254726166153,0.3076923076923077,0,2
0.82163074098910505,-0.56341393899270331,0.086531259151941708,0.55859547820460165,0.82607222067776342,0.074671131998118478,-0.11355182601379163,-0.013016127428484157,0.99344680946475361,8.5469029428162617,-12.294341407704211,-1.6438850257209436,,0.1744954536559711,0.6875,1,5
0.59776289614329225,-0.79934663987327481,0.061028430404921688,0.79515658455431748,0.60087006783010855,0.08173840973344583,-0.1020074802859853,-0.0003330302469232484,0.99478357598854561,8.3350941500138074,-6.852786170362557,-1.9282275279113594,0.4275512711512748,0.3511700240590733,0.8269230769230769,1,5
0.55689629250934813,-0.82851781254338519,0.058521395127472293,0.82603110170256322,0.55983412290207202,0.065256216979812098,-0.086828212059164564,0.011999547191074036,0.99615102893979734,2.1185975352174826,-14.044185959111791,-0.84146386815416885,0.3132496277920164,0.2215982847793441,0.3125,1,5
-0.93218695654078809,0.3189645232439719,0.17114061752538334,-0.34098890182286073,-0.93244254263797066,-0.11948838233266187,0.12146623765006993,-0.1697425626959328,0.97797413847225756,-24.457210413834101,6.9291606949981155,0.68944672684316488,,0.3996859539693456,0.7931034482758621,0,3
-0.87228722950402304,0.46367834696251498,0.1552977134484165,-0.47837015824518425,-0.87499869798320851,-0.074426273775917359,0.10137544547213698,-0.13921087991173703,0.98506007429472364,-8.3570602736311912,9.9323049243124473,-1.3962323474715983,,0.2989402863205995,0.2631578947368421,0,5
0.95135609594351311,0.28026315325440676,0.12796149279769861,-0.29100572461895202,0.95381815928896796,0.074475413725639608,-0.10117928122949506,-0.10809016578071945,0.98897890225797069,-3.9700171870559164,-4.4929500692391473,-0.63588657878045585,0.5188848528625184,0.3774066988421566,0.5975715524718127,1,5
0.90852063714607312,0.3780875732575209,0.1778764706978786,-0.40700450485871459,0.89708572919389162,0.17200153342740152,-0.094538801052303639,-0.22866346762197007,0.9689042438087937,-10.66449926874272,-5.404002110800211,0.13440469525432586,0.5937283854894725,0.3229080822954382,0.1354166666666667,1,3
0.98107020534232525,0.1543842986393103,0.11690483532863835,-0.16504029980939228,0.982380384271202,0.087695382079053044,-0.10130622699712842,-0.10532933557567636,0.98926375625451524,-13.744938890952779,-20.663670606910436,1.2759435556642642,,0.2029048031895286,0.6590909090909091,0,3
0.57053328529242153,0.7645431181223693,0.29994264602613679,-0.82049676954056538,0.5465095820811342,0.16766731305474988,-0.035732639797975724,-0.34176175506517403,0.93910706590241289,-1.7438624982967381,6.7762767468126617,-1.768352186463368,,0.2440188544021725,0.16,0,3
0.82675854536363902,0.52602677176892965,0.19941450060253324,-0.55398677268691598,0.82293406969023364,0.12600862125666012,-0.097821078281393609,-0.21465170002920456,0.97177964802646344,-25.035335031440422,1.012909318494883,1.2426664668369378,0.437568980715965,0.2804302635014162,0.45,1,2
-0.31903498181911044,0.91277686171040573,0.25505897573263847,-0.94544374611825721,-0.32525365688129393,-0.01860595633718734,0.065975778142859223,-0.24707986443951316,0.96674647001527525,-11.822379018365739,-20.382412639389397,1.0383548168551793,,0.3311413638597387,0.5454545454545454,0,1
0.60962897547731276,-0.78805112426847546,0.08560337491988039,0.78662525373560643,0.61475880230932167,0.057378786747376211,-0.097842845644812465,0.032358005538041017,0.99467569440181103,2.4325731550590994,4.0858650130666803,-2.0023463053521353,,0.1274019485808087,0.391304347826087,0,2
0.9660236063518971,-0.23671352301264859,0.10375499984971631,0.21925271202231408,0.96312333307445375,0.15595413927951499,-0.13684531501565753,-0.12790681494937797,0.9822999574711232,-3.6387290305288893,-11.672889131899394,-0.28877122203779476,,0.2472054874906816,0.5666666666666667,0,2
0.5863562401677227,-0.80668066204479505,0.073842190510180372,0.80498572243544719,0.59044256787053973,0.058099575915174076,-0.090467376945791031,0.025374860185092857,0.99557609964237992,-8.0431340808261602,-14.351682360874721,0.30783105201588279,,0.07217987667099784,0.2962962962962963,0,5
0.25881839797352024,0.93201967148371001,0.25367768691356901,-0.96592563067514259,0.24996271635524916,0.067129102758294174,-0.00084431939985065211,-0.26240802655350204,0.96495663877971649,-17.381266436140344,10.413850101766078,-0.43672873000468926,,0.1005792614890023,0.2222222222222222,0,3
0.57948817665604246,-0.81491244200797841,0.010543480281599979,0.80950700203214176,0.57704487366990853,0.10824799043036781,-0.094296695471204381,-0.054193409487431565,0.99406800954026187,-11.476199314766221,18.548371797031233,-1.8333591550420991,,0.2321518218382738,0.6,0,4
0.91757805909028523,-0.39710583203656025,0.018906708826663201,0.37937308244011486,0.88883901472411375,0.25698496108557051,-0.11885524723793554,-0.22863106540192121,0.96623044152893023,-0.6406102791959164,-12.029210799839342,-0.61317613338524779,,0.1134139342794871,0.3548387096774194,0,5
0.76240130875826295,0.63251951671056195,0.13661370862371289,-0.64478525973170431,0.76040472794968539,0.077695679059283707,-0.054737676571134958,-0.147321792997512,0.98757282064240304,15.964326918404575,-10.647243607114463,-2.6000460422680147,,0.1587199372758581,0.3333333333333333,0,3
0.4378455133573782,0.87879078264794341,0.18978426374657612,-0.89862353776794579,0.43427869551734749,0.062271598575700519,-0.027695555640504878,-0.1978099465465952,0.97984906043992193,-32.226218188070987,-0.11711842283621092,2.1602799385526099,0.3425221427715796,0.3105357351493003,0.8125,1,2
0.31744785204170684,0.92120930294524672,0.22494506307372208,-0.94805327592203548,0.3134525530944241,0.054244658465931114,-0.020538920312541058,-0.23047975426427675,0.97286033716390929,-5.3282447392878094,-21.382938427810974,0.36434371326302439,,0.2729469986399063,0.3928571428571428,0,4
-0.84304235154127249,0.52250352097740804,0.12755259336435587,-0.5267723301680407,-0.85000636124541873,0.00031306813238307049,0.10858409495452868,-0.066927247131001469,0.99183175887565311,-6.9711957748377991,15.657334305055246,-2.0360181161552853,,0.08472635108038953,0.2631578947368421,1,5
0.49521387324049776,0.83627712835826606,0.23538008483089065,-0.86818331844300145,0.48633387012131291,0.09867670621845899,-0.031952235093064899,-0.25321913702893567,0.96688113194687975,-14.019239454521021,-7.4591065805795882,0.62079457281544048,,0.3895943937857082,0.7368421052631579,0,1
0.91442916357216875,0.3457202669346332,0.21046805420146342,-0.38658081881597012,0.9000541351611997,0.20114130431813079,-0.11989401708291422,-0.26529238739524913,0.95668457385799377,0.91560020876080506,-16.22624202851258,-0.61495981377024522,,0.2470846082119694,0.2,0,5
0.54980710807982647,-0.83190677944957137,0.075121596167417579,0.83058489951733805,0.5540274796321194,0.056411669947403591,-0.088548679259892932,0.031379326288560987,0.99557745519020502,4.2749727522210144,-3.2588957973099086,-1.6748662440444386,,0.06635900459435866,0.25,0,5
0.35275001048232535,-0.93262484398166923,-0.076015330643805737,0.93355042115601017,0.3452440044054102,0.096385624351111615,-0.063647790724862471,-0.10496417393703832,0.9924371420526138,1.8697801424472349,6.9577980328437485,-2.2093037979257932,,0.1055489136011911,0.1351351351351351,0,5
-0.97413382096711676,-0.19944105597877942,0.10623824188151387,0.19644530682122696,-0.97977580265301956,-0.038060714175453529,0.11168052773836486,-0.016206224905910106,0.99361200576401021,-20.321065389748377,10.484488159247627,-0.10152117955670868,,0.08898050108443659,0.3448275862068966,0,2
0.18829617910270682,0.95153436292428017,0.24316024574260886,-0.98136813336026507,0.17265895602298209,0.084293960222800973,0.038224805562756925,-0.25450194710323637,0.96631652327813933,-4.3141505806046068,-10.052158337728127,-0.30935324047467444,,0.2612689448785223,0.1818181818181818,0,4
