axis_00,axis_01,axis_02,axis_10,axis_11,axis_12,axis_20,axis_21,axis_22,location_x,location_y,location_z,dbh,dbh_approximation,score,reconstructed,number_clusters
0.12672596394884222,0.98285133175040207,-0.13395443157170731,-0.98319726604854418,0.14234640601739362,0.11428314280155664,0.13139127100346673,0.11722098946175892,0.98437572782637295,-32.819830018516413,24.037039342359893,-10.453304763505567,,0.2510287282277224,0.4516129032258064,0,3
-0.5003953673312681,-0.77750396232916408,-0.38090952326747579,0.84494584977142539,-0.53451600995524284,-0.018951149188668897,-0.18886764494600369,-0.33133098808287947,0.9244180812968632,-15.85374975349894,15.605106351315092,-6.0389996972540994,0.214740729712236,0.3153449533885499,0.267175572519084,1,5
-0.95385560429893967,0.20948197418172687,-0.21512040498388721,-0.19668437351618642,-0.97723731113967627,-0.079514117809617535,-0.22688046051180916,-0.033534164808785558,0.97334511681547342,10.888069901340884,-4.0319982716743068,2.20007246069438,0.8377284034265176,0.7219165834976241,0.8247422680412371,1,3
-0.080677371099212955,0.97584886131146276,-0.20300286123510833,-0.99429995734912791,-0.06455003811875186,0.084858042602862366,0.069704781816180977,0.20869186006164328,0.97549420856095781,9.432067361499092,11.072121690279436,0.55306479799007602,0.1435701116774837,0.1103881486198428,0.2380952380952381,1,5
-0.047617322121785627,0.97570269757101646,-0.21386172305157977,-0.99624027305799112,-0.030877784049834388,0.08094368900359146,0.072373399611241521,0.21691198308256809,0.97350463924107655,-14.214329002000657,-9.5601308229877038,-3.2166558599247921,,0.08116283273860264,0.2692307692307692,0,5
-0.96600349694888454,0.079282209989731456,-0.24607229641239667,-0.086233761920516766,-0.99611969872116268,0.017586475618957792,-0.24372316711293965,0.038208336770981011,0.96909191556509955,-8.0441610029845645,-20.310914701502917,-0.27627326907671734,,0.1553047127151143,0.3333333333333333,0,4
-0.86979097661291938,-0.4146486305388431,-0.26745124825845412,0.42190914628406129,-0.90605163916683218,0.032605205795252473,-0.25584434581322635,-0.084480414034013046,0.96301958981115432,-23.024279689465594,13.366104790260755,-7.4157011717516079,,0.07327049438200244,0.3225806451612903,0,3
0.39416718865045614,0.89406055801931394,-0.21280964730384888,-0.90176506609799822,0.42093066125720807,0.098168956288851889,0.17734709740130691,0.15320932415412072,0.97214963356243123,-9.9357720651819559,0.78792069780241858,-3.4281816783311574,,0.07389981025581477,0.2628571428571428,0,3
-0.37762275936403034,-0.88921641101575766,-0.25825418871830724,0.9099051113191492,-0.40806155580922937,0.074555047219073273,-0.17167917755389747,-0.20683312367898588,0.96319588814716772,-9.9926219839620565,-11.798637792036168,-1.9042125835764183,,0.09281724491194135,0.375,0,1
-0.75670223015956339,-0.60059838554896894,-0.25823112544291649,0.60935571931896149,-0.79104192060032519,0.054205970023788588,-0.23682766351255141,-0.11633683478985006,0.96456124671596943,1.9633559623152275,6.8338715055032067,-1.0951911495219282,0.1572251074198553,0.1340748553086706,0.5983606557377049,1,5
0.41636577238844963,0.88391476222369314,-0.21291838038647773,-0.8912568867483861,0.44309211036575447,0.096594738755254303,0.17972397004001342,0.14954622982426885,0.97228350790209483,-15.20998154419661,-3.4695516132858368,-4.1677249735258144,,0.07276304976140695,0.303030303030303,0,3
0.13862908034763577,-0.93615374286314301,-0.32310702221600685,0.98916094306351376,0.11494187934072506,0.09137282468721572,-0.048400483465221696,-0.33227177746078379,0.94194100616937937,11.202642169586762,-6.1855182905526753,2.6416459284612377,,0.4844695853612693,0.5918367346938775,0,1
0.7975064198495484,-0.54425230496658628,-0.26033236225508793,0.58394733686866773,0.80479245159196255,0.1063701914287563,0.15162129818316139,-0.23685130018464637,0.95964183086091903,1.8573522587735625,1.4647182598772186,-0.68594597729851492,0.7651770178177124,0.6378547471621143,0.9986111111111111,1,5
0.9646284120903984,0.1342238693726647,-0.22688318465366034,-0.083949239505185236,0.97227060936658216,0.21827136172305545,0.24988907894195408,-0.19150408625553064,0.94914784579272871,-22.133037964703124,21.968888166824442,-7.967881085358191,,0.2762782577413517,0.3333333333333333,0,1
-0.10965691604171955,0.98274758371996163,-0.14893806584213362,-0.99236561594241024,-0.099735073085068279,0.072549290085819007,0.056443290650523385,0.15575654685852722,0.98618155176987965,-16.028640937516268,-6.591448790100733,-3.9712241741002265,,0.0721211886855159,0.32,0,2
-0.42328760994552456,-0.85380420161428405,-0.30306102450232736,0.88969129276113379,-0.45489939618887543,0.0389351118146435,-0.17110523911215539,-0.25315000425200712,0.95217544207755167,-9.9825074058782768,-0.14440149440314809,-3.3240846358224792,0.2599964271353307,0.2458861476679072,0.2150943396226415,1,4
-0.8983611366670452,0.37280745518912395,-0.23229694247170338,-0.39466379441766286,-0.91722237311680777,0.054255024005361654,-0.19284127541101082,0.14041979778285871,0.97113053854179354,-2.2659699009739773,7.8667326460325011,-2.2272835937656565,,0.07012540489804857,0.2079207920792079,0,5
-0.91857560275269479,0.3267742958279915,-0.22234527567197199,-0.33933934470608434,-0.94045662455037826,0.019752125803452925,-0.20265160044265679,0.093594321010574452,0.97476788617219068,-7.4563160431730999,-9.7241134642288127,-1.587795698735204,,0.08655205495195439,0.3,0,1
0.96486673584705684,-0.067050209303068542,-0.25404025564516719,0.12201042737572702,0.97065712597329812,0.20721534549557505,0.23269215213977387,-0.23093075418764131,0.94473559745724045,13.835832384826524,5.4744615357155553,2.0897675260878983,0.9032897042615535,0.7995567069772649,0.9044943820224719,1,5
0.72480953566929174,-0.61445644867551508,-0.31159975879955454,0.67363105112147847,0.72690985168451927,0.13350383698217455,0.14447264089729425,-0.30666812714246183,0.94078813546254791,-26.607233910784672,22.67936202936157,-8.9928876523458001,,0.2365437211043157,0.4090909090909091,0,4
-0.29063746712844957,0.94330263565741768,-0.16034338234841095,-0.95677004724006143,-0.28458260009301978,0.060031828462469801,0.010997245355561795,0.1708592440755422,0.98523407335948565,-13.77504270892419,-11.204788200039484,-2.9167840319087808,,0.08650377022112665,0.3636363636363636,0,3
0.84184122403226647,0.48633542848578065,-0.23405384961458864,-0.47703260372837858,0.87330930677006113,0.098847102582320809,0.25247425314273142,0.028437751464353598,0.96718563150600667,-1.6127298585321801,-9.0840685839170838,-0.19053898499328814,0.5266482628072603,0.4608319607601536,0.81640625,1,5
-0.65857608002562074,-0.69200339713990666,-0.29564986921173297,0.71695167872588261,-0.6963490030838676,0.032838335466980367,-0.22859973138703654,-0.1903401278000294,0.95473179404419262,20.754935958158807,-2.974948706030796,4.7842270370582041,0.5288929009306164,0.5120281949667381,1,1,5
-0.71286951212422767,-0.57662000073358721,-0.3991571538100806,0.64606686041793049,-0.7613708777812821,-0.053962934837528877,-0.27279052504345674,-0.29635074020585633,0.91529315971767067,-12.821636372226775,-12.559617074898551,-2.4675044202349343,,0.2239208984985999,0.2962962962962963,0,3
0.67444302586026572,0.73089459359803122,-0.10449735842412043,-0.70425680265234269,0.67934259009230513,0.20619408625025834,0.22169564900184588,-0.065473187915729897,0.97291536162083669,-4.3076846244921709,-5.9964436025361278,-1.3610251226409233,0.4740819947308224,0.3293424598108671,0.7213114754098361,1,5
-0.96077090429501932,0.18274311199675097,-0.20862460180399278,-0.15699845904505383,-0.97845846561813499,-0.13405414919980829,-0.22862798017217884,-0.096041585149084424,0.96876481181163998,-25.199177599676215,6.2866594608588438,-7.2689707032620383,,0.5225642743201824,0.45,0,1
-0.28660435500212722,0.9524205544512051,-0.10369682325256829,-0.95788924801095954,-0.28289633746472731,0.049171646240923968,0.017496635071180589,0.11342288000180084,0.99339273102498782,-13.699002867642655,-20.171968141642459,-1.7151047607114902,,0.3672012828976961,0.2222222222222222,0,5
0.97238399186657842,0.046814248178571626,-0.22864338724112018,0.034483547491115325,0.94010460159679987,0.33913746919051907,0.2308251661193938,-0.33765628118546431,0.91252834392250914,-0.95603020556516261,24.588583287433966,-3.1730602639865011,,0.1734237635738997,0.2777777777777778,0,2
-0.65186244193999987,-0.66790919162371964,-0.35912764935683894,0.72292838222101341,-0.69034314796364726,-0.028300039557386848,-0.22901945543409166,-0.27807130345325182,0.93285928157921072,1.9732331931358165,-3.3548379266497519,-0.14828968244912399,,0.5047948200739221,0.40625,0,2
-0.88216121599545638,-0.34729890104155703,-0.31808027654783089,0.39569146586892279,-0.91284495871095217,-0.10070921107080084,-0.25538177858242161,-0.21470341099136431,0.94269963003957546,-22.15370740148941,12.384305697607108,-7.1141906183031702,,0.5522195540449825,0.4838709677419355,0,1
0.83956684463407683,0.53856972892135679,-0.071205059376116542,-0.51946527677154386,0.8342370113690839,0.18494441081212071,0.1590073571248935,-0.11828463954189211,0.9801660086070122,-37.957302920895515,23.350040255020616,-11.512728749550808,,0.4237159445052773,0.3478260869565217,0,2
-0.089788166334953748,0.97241615565372841,-0.21527866919374694,-0.99430142614549843,-0.075046947883919066,0.075714130638452698,0.057469636776605826,0.2208501207537194,0.97361309821295705,-21.344225607476623,10.811929277594954,-6.8522347166731628,,0.07631523632670455,0.3,0,2
-0.94776298585683627,-0.15275824729730475,-0.28001828605002127,0.18616200317455064,-0.97774867079431527,-0.096701837283425518,-0.2590155038096652,-0.14377918709815751,0.95511178096787208,-14.448456319195254,-4.2409143188222505,-3.9415057049802149,0.545428472114574,0.2289737898729296,0.28125,1,3
-0.94649784628976086,-0.13832986986244872,-0.29155904045781544,0.15683789093370809,-0.98677403174899003,-0.040974214248828925,-0.28203493212066899,-0.084509510527991327,0.95567486086744413,-13.812282240386178,-0.52562079973281983,-4.1953008527275344,,0.1723944480607351,0.2363636363636364,0,2
0.63650219111864215,0.75788210729224803,-0.14310720508565847,-0.73613544085173799,0.65232172289460011,0.18050202924576131,0.23015119687541219,-0.0095436516114971257,0.97310808510192426,-18.434829421562295,9.5990203801450118,-6.1498784264979642,,0.1877088710829911,0.2535211267605634,0,5
0.33764791794788851,-0.89931627806949443,-0.27789227320076304,0.94126294269234267,0.32392344448362947,0.095381732150410722,0.0042374779772481165,-0.29377514209526401,0.95586516291122359,-20.048293244274898,6.6243524628940778,-6.1616218663130624,0.681764563209309,0.6268760175269001,0.9151376146788991,1,5
-0.86593958016611783,0.46305390046547634,-0.18902309056154076,-0.46711345359767048,-0.88383689474157179,-0.025246088046125818,-0.17875588093762051,0.066433641758407519,0.98164805621614271,-12.842894938689231,0.18169133742241761,-4.0605449397859283,0.6116552553062246,0.5390989855606475,0.9697885196374623,1,3
0.015522916834684276,0.98541404893313822,-0.16946442463874764,-0.99609330067045487,0.029975848591121363,0.083063739746539231,0.086932016037718315,0.16751298656056632,0.98202964513357616,-0.98391583125031212,-2.2994020528918235,-1.0455046962471253,0.7907740992712091,0.8923503507359397,0.6959619952494062,1,2
-0.84534969666585835,0.50022610505687382,-0.1875039577357536,-0.50934835788251298,-0.86056025348530385,0.00054812744630513362,-0.16108426574103782,0.095968192339646541,0.98226369442717976,-16.882425552180614,-2.3858902948202996,-4.6690188054771138,,0.1495674706399974,0.1818181818181818,0,2
0.96897969213202684,-0.021075070387428053,-0.24624012192144362,0.064989132344017569,0.98301997879194059,0.17160458610732057,0.23844238069792512,-0.18228429088667517,0.95389604694801433,-6.7149528158320981,21.963928101712135,-4.3981101276578016,,0.080902361526555,0.25,0,1
-0.63146332820180684,-0.6941783168911636,-0.34550040447798014,0.74442895399141129,-0.66741362863515374,-0.019610731024377152,-0.21697833439205466,-0.26958396219027592,0.93821366955200658,-20.083921263051355,14.155743335865354,-6.8708012056052068,,0.2266041286724618,0.2857142857142857,0,2
-0.77014097315273033,-0.58777217989642494,-0.2478038458361152,0.59472293260713593,-0.80210124717243547,0.054205375338531633,-0.23062418542410673,-0.10562884939365529,0.96729262959728957,-1.9690820571557204,-5.3191354619263107,-0.84049039266799863,,0.1622531685314488,0.2131147540983606,0,3
-0.10578352444504184,-0.95018135908683621,-0.29319827898519452,0.9890488651497874,-0.13105480450510776,0.067874741708884259,-0.10291835745825426,-0.28280739569541447,0.95363923400732353,-10.906516263316837,1.5030870353487749,-3.7327194693986101,,0.07833558903134918,0.3105022831050228,0,3
0.51667186087623829,0.85390630085637975,-0.062403666049831399,-0.83287102672357305,0.51815939284102763,0.19451657115793253,0.19843397144417188,-0.048527033377196237,0.97891219524965689,-9.8035589003543713,-15.970539870233408,-1.2452710206734714,,0.3372715917521475,0.1818181818181818,0,2
-0.31037916151654155,0.94459733571032944,-0.10677382387662758,-0.95054354284122777,-0.30974881376530944,0.022861442076826752,-0.011478208010704842,0.10858888405325917,0.99402047514170078,-10.710406714482964,-1.958791732568373,-3.3413676677818196,,0.4608738492168662,0.2857142857142857,0,4
-0.63461946256702895,-0.71655620241870632,-0.2894915309752879,0.74826528726291075,-0.66339739442498513,0.0017195777078618832,-0.19328010142921534,-0.2155251861045982,0.95717903056120579,-5.4775952228494811,-12.46584020430363,-0.70374992796965308,,0.3159125838814604,0.6,0,9
-0.67007445261416554,-0.6938918753526484,-0.26365563387383001,0.70636050261815531,-0.70523271900667484,0.060841206295399047,-0.22815579829330143,-0.14546778805645189,0.96269624199074832,0.083249686204070306,13.439595244504659,-2.0473256901612111,,0.3213724673329471,0.3424657534246575,0,1
0.051846188009541848,-0.93624182549803148,-0.3475100242827428,0.99674271957449434,0.026988210857521587,0.075997285806471651,-0.061773163785901593,-0.35031825625111696,0.9345914591804575,9.4347266963463898,7.3948005474544773,0.79005250417075945,,0.2319070568001189,0.2391304347826087,0,4
0.92983629679180757,0.28354141465376503,-0.234539394014394,-0.26429224844354959,0.95809432500706049,0.11047566158171862,0.25603528776547702,-0.040737336258118498,0.96580867714752006,-18.172701730584119,8.3827252802262926,-5.9816593063225021,0.3062634653488685,0.2238785338263409,0.6693877551020408,1,6
0.91401767057645955,-0.31604988612922447,-0.25433082265366103,0.36159629560776024,0.91891895826869652,0.1575946291506162,0.18390165001089306,-0.23600935916204524,0.9541906337368824,11.190966840829031,-8.9520601514637264,3.0103049399984845,,0.1138709176653925,0.3333333333333333,0,3
-0.65945195204343354,0.72192775819535038,-0.20962689448909025,-0.74493680695677655,-0.66500604968679389,0.053255117322251702,-0.10095680555141676,0.19127798050742911,0.97633009663015735,3.5275351666411399,19.167970825478012,-1.6141819660957579,,0.1449671369244543,0.2916666666666667,0,5
-0.54699729700018951,-0.74505080731720807,-0.38169785379336985,0.80860557573348812,-0.58825664699657354,-0.010542303214435554,-0.21668174811737789,-0.31440962418527696,0.92422703285095087,-17.693667581157946,16.47885103935544,-6.5249864008013612,0.3736039161122985,0.4111123793339413,0.3571428571428572,1,5
-0.96873500399561496,-0.08050608814860577,-0.23467266948800491,0.083052161392686535,-0.9965447294061679,-0.00096993855093490354,-0.23378372595546643,-0.020429685846785742,0.97207396704910431,21.544155825665538,5.0372760168059285,4.248141761489225,0.3225127910016325,0.3505140479496974,0.2352941176470588,1,5
0.95069877414133597,-0.18208128892646294,-0.25103435037667499,0.22560131122209401,0.96148739407787731,0.15699057106783382,0.21278131783836937,-0.20588442207270236,0.95516266443300468,-11.404382878741421,7.5782192811030269,-4.4906566165718909,,0.1141231266436931,0.3228346456692913,0,5
0.95208276256073232,0.18918069667814222,-0.24031037688600904,-0.17024561128211907,0.98057161358502298,0.097446100334702801,0.25407645517422628,-0.051864965397039199,0.96579251409941169,-6.450115979599822,10.780872267163478,-3.5388633180002071,0.1912005190714752,0.1739760779710409,0.8385650224215246,1,5
0.87772660475258724,0.43999277601300252,-0.18974289015893583,-0.40668763067981095,0.89346948385869507,0.19057138417222583,0.25337951448673962,-0.090103487555411643,0.96316155611030041,-2.9481160065000567,23.04576572729875,-3.5421519868065765,0.3858574309798091,0.3649406402072244,0.3488372093023256,1,5
0.81325372161978071,0.56426063899519874,-0.14222628291672149,-0.52762532935666651,0.81810472437311921,0.22872728691534241,0.24541779905468689,-0.11097112795278782,0.96304491726400843,-6.6896896036183495,-8.7539421457709867,-1.5569077163833867,0.7239845901085008,0.2899412209696426,0.2790697674418605,1,3
-0.96319079085443693,0.174805884964503,-0.20422145576550493,-0.13772045617685633,-0.97331098234020674,-0.18357234978716552,-0.23086051278562936,-0.14868972472138023,0.96155852104728268,-18.049794863052085,19.381925498377012,-6.8451437248896498,,0.4996809703197937,0.3125,0,1
-0.48837809444105634,-0.73856045473695664,-0.46477445236250181,0.85053017472294934,-0.52198705263305256,-0.064249037107252965,-0.19515444846549904,-0.42668251848675448,0.88309499469871777,-4.41344297901336,19.54713606245668,-3.7083398955267346,,0.1277715556597167,0.1428571428571428,0,2
0.39765465469053096,0.89372534823849004,-0.2076674686101421,-0.90052664194142884,0.42353261212626886,0.098345785975778144,0.17584806725309376,0.14790242858550137,0.97324320129239161,-8.9297677653008378,2.4170488761330122,-3.351131624790149,0.3529595306338067,0.3158678054239982,0.9376218323586745,1,5
0.6084925695243536,-0.74120699177300031,-0.28345897089432481,0.7883038131828094,0.60562746565851566,0.1085931441734997,0.091180540440889427,-0.28952990896773262,0.95281611072548766,-3.7818425898799237,15.337794843760006,-3.189321524261608,0.3100469713594138,0.1412766261819305,0.3404255319148936,1,5
-0.87697455710066485,0.44086478511723209,-0.19119065730738222,-0.44369562715743216,-0.89567100306049952,-0.03012714254573386,-0.18452592403092052,0.058409721109887097,0.9810904585411071,-9.8948095245242396,-3.032507197419724,-3.0166454980443533,0.3292354158955222,0.1396999904555772,0.1587301587301587,1,5
0.13804115573175471,-0.93189977812611846,-0.33542129159123668,0.9889628149369325,0.11128707243933547,0.097814815748442918,-0.053825551518411716,-0.34522165493545465,0.93697642391223801,-31.894203085226827,16.510873896551871,-9.5871598984725352,0.4969631492540351,0.2438047213338756,0.5925925925925926,1,5
0.0078432061042514496,-0.87088689658376839,-0.49142089645913439,0.99660563803489377,-0.033466292855018821,0.075214423348216833,-0.08194929136404358,-0.49034275828366752,0.86766830819368801,-29.234411056177322,-17.946139536861846,-5.6791174469473642,,0.7071975211145574,0.2121212121212121,0,1
0.60979799888224673,0.78157422387515607,-0.13148434558210789,-0.75270374742288526,0.62305473336948936,0.21269665686470154,0.24816016838879154,-0.030733236077940641,0.96823137680278948,-0.80535301431705597,-11.095242426575458,0.27981274867908995,0.5870640454524869,0.4993456496033269,0.2666666666666667,1,5
-0.62221544411342267,0.75932754947122838,-0.19044582883527872,-0.77752126053822501,-0.62774347597035818,0.037400772554895406,-0.09115168960467418,0.17134701920568224,0.98098499911647075,-15.618902936649123,18.698626143407981,-6.2418553834156576,,0.2676521266907781,0.1739130434782609,0,1
-0.96936259801436164,0.037993029908536667,-0.24267814744887245,-0.051622322190113576,-0.99741171417963392,0.050050057631786417,-0.2401484737043893,0.061044263412822597,0.96881489897804474,0.7966008416852296,4.4783782578208227,-1.166599016709934,0.1622355036322123,0.1248723352519915,0.6009389671361502,1,5
0.70456249310299934,-0.63456333561801104,-0.31768076177482013,0.70092568206006689,0.69223083856330381,0.1718128469311179,0.11088228686817599,-0.34372349240528993,0.9325016242493066,-14.104489836684239,10.337782861660878,-5.2431422075649063,,0.1127827684213932,0.2307692307692308,0,4
-0.96254698972605579,0.16714856759564817,-0.21345877569224356,-0.15357875359374895,-0.98499213717767642,-0.078765831061089003,-0.22342081150577514,-0.043033080866659919,0.97377168522052682,-0.60600634766090844,8.464636355321959,-1.8305403662590052,0.6220600551774729,0.6898423677138024,0.31438127090301,1,4
0.50781998215059665,-0.7424265910300194,-0.43694578915480176,0.85967759679988487,0.46938294248679857,0.20157897425775861,0.055437309539181329,-0.47799833706193962,0.87660954505245836,-17.784692354111211,21.909288222793553,-7.0156993857387464,,0.291940046219865,0.2857142857142857,0,1
0.86029099091508776,0.45950547080336535,-0.22080338143269637,-0.4416444373610614,0.88809218630133568,0.12744590844175557,0.25465584991978274,-0.012123981701168466,0.96695574209440516,-6.2839840639717206,6.2199168128741196,-3.1411622272931932,,0.08871861964599839,0.4545454545454545,0,5
-0.09992191598737489,-0.8992767104058258,-0.42581334975207991,0.98804304974683399,-0.14017998891109898,0.064191140789502416,-0.11741610857282556,-0.4143078189348583,0.90253115659075933,12.473509329578215,19.399292630275767,0.71511985873610984,0.285555594263959,0.3334218729700105,0.5454545454545454,1,5
0.1048611836055546,0.99089805812136478,-0.084410725527921199,-0.98833033298531681,0.11326589558198651,0.10185278493562602,0.11048658323061014,0.07274527688667079,0.99121180361046302,-6.2324958851701036,7.2942100669098719,-3.1734158764685838,0.1891417493542638,0.1243269045847738,0.4147909967845659,1,5
-0.93324460415096755,0.30838697502370055,-0.18426063730172071,-0.28525245368991081,-0.94791594262052503,-0.14172650912841811,-0.21837020512650093,-0.079704701000466407,0.97260557995080255,-26.922757687724239,13.557160902711876,-8.2199324891837744,,0.3808581633174037,0.4444444444444444,0,5
-0.9676383784124577,-0.053617707420698796,-0.24657881108127994,0.04388119445571384,-0.99803098505885313,0.044817336328651647,-0.24849629654473532,0.032546801892105903,0.96808589303333381,-8.6214840627238303,0.4604367406639675,-3.0936906485907616,,0.0706051639911475,0.3624454148471616,0,4
0.92386353820299172,0.30600950104079494,-0.22985723406456721,-0.2811219130825886,0.9501294218226769,0.13499833988494644,0.25970489553305504,-0.060102138561533243,0.96381590574989784,-6.4563008915751743,8.0649204555545762,-3.3201730219198988,0.2721456134377023,0.2205845648021445,0.5358361774744027,1,5
-0.47320336988476147,-0.81114286737322083,-0.34369436922832414,0.86133904357150148,-0.507871581792676,0.012708596568339706,-0.1848610904139576,-0.2900236285493909,0.93899556555609387,-7.2180464038250118,15.763548792852591,-4.1111190073307027,0.6269633987176796,0.5056893689906147,0.4189189189189189,1,5
-0.72327099053912103,-0.62779546832020861,-0.28766634179404299,0.65233105104448608,-0.75781053584864932,0.013689105156205689,-0.22659054280298935,-0.17775275444670746,0.95763285459452252,6.7776224016835869,5.3991255393098552,0.24982772903552344,0.3095177831174857,0.1305023693052245,0.3478260869565217,1,6
0.96460206490144262,-0.087750067242840624,-0.24868209040208164,0.13116434528238435,0.97774133288451692,0.16376141333003616,0.22877668350274605,-0.19058282102037535,0.95464098875828673,7.6844180557139561,10.94815903454038,0.073707092642847416,,0.08304635082490955,0.2692307692307692,0,5
-0.96319361725830888,0.05897330776941466,-0.26225980371301277,-0.063237406422478978,-0.99796770856394379,0.0078411155194512347,-0.26126439884112096,0.024137142216199892,0.96496544615018343,-8.6752882445262234,-3.4819892263302008,-2.67657428476583,,0.1406307115878861,0.4851485148514851,0,5
-0.75857831907867512,0.62764665197731628,-0.17498175357858459,-0.63742661732918282,-0.77051096336429659,-0.00040355383573378292,-0.13507864873490011,0.11123190008755712,0.98457159366846703,-4.8772161850122098,18.137386409273802,-3.6761297126581676,,0.07806825393663139,0.2068965517241379,0,5
0.86449300724524891,0.45431610068937173,-0.21505515822335303,-0.43362897127358602,0.89045933362427809,0.13801481961593506,0.25420022756928917,-0.026058699426719491,0.96680049052941142,-4.5468493714878075,-4.3105303270076529,-1.5903151678436349,,0.07390832931046676,0.163265306122449,0,2
-0.84703680185335029,0.47805469991243332,-0.23236256195368774,-0.50333100874193193,-0.86189761412594612,0.061566211535472939,-0.1708407209797399,0.16910412962324317,0.97067875293502137,8.8370335566282723,-4.7448878987357714,1.7330467061687682,,0.08131794381823874,0.3170731707317073,0,3
0.956680252231631,0.11882288612791092,-0.26578942176515447,-0.039873995748820945,0.95779678667906731,0.28466713876082578,0.2883972251132883,-0.26173734383821834,0.92104321472310358,-2.7631819884886188,-4.319758259021989,-1.1971893427133125,0.5167330776548379,0.5045875268328975,0.6708860759493671,1,4
-0.03181218384313883,0.99246434495542379,-0.11833219744149155,-0.99651733211507532,-0.022364192287883757,0.080330876364967746,0.077079126573823542,0.12047558630491231,0.98971937505088026,10.494466824277609,9.3254238503137046,0.94761493665583096,0.210351744835542,0.1209314725562081,0.4090909090909091,1,5
-0.27816315533428659,0.94048785264928392,-0.19521234088451445,-0.9604542102708199,-0.2697185346098509,0.069134810775541553,0.01236806320847377,0.20672327180811806,0.97832127642478361,5.9431477389214029,2.5702493760464256,0.26702121186455668,,0.1095111461385177,0.2758620689655172,0,5
0.30117494254816141,-0.8021474185781684,-0.51560951586398374,0.95355835259299504,0.25080358665418484,0.16680536298791412,-0.0044857754340348341,-0.5419013561431425,0.84043012679756923,-28.114580339579124,20.012455252062164,-9.0466085918873045,,0.3460532716655969,0.2,0,1
0.96822139384658734,-0.080538191339457041,-0.23677189916360641,0.10691342881155501,0.98915209495193712,0.10073555376306223,0.22609036077977443,-0.12284841386018489,0.96632883428701888,-12.442531834125422,8.7740308631591155,-4.7848722470436478,0.2172668687552645,0.1661761331196771,0.7717647058823529,1,5
0.13771597158762283,-0.94005928608410305,-0.3119661036342315,0.98928541857922592,0.11513890066955441,0.089762988693184928,-0.048463096849081157,-0.32098531461681157,0.94584340989623872,-10.154345889501254,12.146266602438253,-4.5495344712379282,0.3285819432612068,0.27845323753142,0.8020565552699229,1,5
0.88726196195980223,0.40469370413437183,-0.22133507786440781,-0.38412844743839963,0.91391433721435766,0.13117133872384415,0.25536551593315554,-0.031362239525299526,0.96633579215723497,-2.1562806304454067,13.320169629442816,-2.6301120843578905,0.90786790064897,0.8321567638444389,0.9940209267563528,1,5
-0.14071966825998092,-0.91471475372583377,-0.3788071993522425,0.98365015870637906,-0.17260390507511583,0.05138343341717555,-0.11238478652254448,-0.36538310205742824,0.92404807693602986,2.9408137729864525,-7.5589514305214847,0.70587025249930546,,0.1143813966752494,0.3333333333333333,0,3
-0.96705605350257473,0.079116549404035508,-0.24195694037250648,-0.096195252716094859,-0.99357722872051601,0.059588286793183454,-0.23568848664903536,0.080900322486741949,0.96845551012043374,2.1900673759090581,-6.1490349648162832,0.24475381621797657,,0.08365064272421333,0.4307692307692308,0,5
0.83036911245828593,0.52680148886631795,-0.18156907336732728,-0.49752042195976126,0.84768209643040648,0.18414258911053932,0.25091944286607298,-0.062571996288933895,0.9659835290894967,-1.8638996104521472,19.677895048302659,-2.9919312627445716,,0.06117125623357302,0.3,0,1
-0.96235177979827047,-0.10980013853628887,-0.24864227616500351,0.098730708260097971,-0.99350324689344549,0.05659987330941621,-0.2532415826154179,0.029920360786499678,0.9669402633280122,5.263197801460838,4.4402866265071621,-0.065805499070653667,0.2277837571749584,0.1985189647373947,0.425531914893617,1,5
-0.57472633853706467,-0.76947867175586404,-0.27855378206840198,0.79210177653726632,-0.60858754345718213,0.046861258575278841,-0.20558310095502969,-0.19371054607734711,0.95927671343576904,-15.847187989749415,-1.4189558074755897,-4.5095658832486585,,0.07998691981101741,0.2083333333333333,0,2
-0.427846033673003,-0.84145853374237645,-0.32999289001796761,0.88913354253128141,-0.45744391738493956,0.01366038042280103,-0.16244788399992985,-0.28756320772945121,0.94388457268052373,-22.652791258056915,10.170711283424511,-7.0827196583001744,,0.1679019728594029,0.2439024390243902,0,5
0.20911925092111128,0.97442138697862002,-0.082292766953459676,-0.96859695583912853,0.21797135686276201,0.11961782779577822,0.13449563574096862,0.054694133013236224,0.98940359600143157,3.0092829174178903,-3.0112512629520807,0.025166839463162831,,0.07747042617239297,0.4117647058823529,0,3
0.14586970835118337,-0.83346165336565403,-0.53297626640830065,0.98821049472606171,0.097434456531819716,0.11809549014938019,-0.046497809613078638,-0.54391929461027588,0.83784828856532678,3.4115356630144276,-15.857936617819757,1.9288943541997572,,0.4427371292541883,0.25,0,1
-0.84766598374503599,-0.43928831447431932,-0.29746958965224013,0.45783054245042465,-0.88900161838134217,0.0082046885927819346,-0.2680551704427851,-0.12923582816566812,0.95469603870406006,-4.0616444143567492,13.620859762566816,-3.1619830639223006,,0.1885828932345235,0.525,0,4
0.28484908579210655,-0.91634646814359233,-0.28137190450392296,0.95841009451066628,0.26685415979430216,0.10118768769238745,-0.017637717070419175,-0.29849289392084494,0.95424886859524383,-13.354739672687975,-6.7471459679272741,-3.3634559196098297,,0.09236838908647843,0.1956521739130435,0,4
-0.11785297098111666,0.99286496740287955,-0.018161325254587399,-0.99157080331832359,-0.11666853196467471,0.05635419820973276,0.053833254012536073,0.024649749558292404,0.99824564642633695,-11.821865071134713,1.3640695824012121,-3.9195297534152651,,0.4152272819562422,0.2146892655367232,0,1
0.68678735462422313,0.71542636440516494,-0.12840656775363815,-0.687032321273091,0.69662080811674576,0.20665439560986926,0.23729668993555258,-0.053708163371877386,0.96995139781993711,11.280108216842814,-2.3731373609031072,2.0388792972449084,,0.3943751219762842,0.225,0,2
0.72155390022077481,0.68526448236359738,-0.098856250622505831,-0.65050615415531121,0.71988060046631064,0.24210259081292657,0.23706900363028358,-0.11038346924796162,0.96520141796131342,-1.8635190129298604,-19.263194647230581,1.1483569029202447,,0.2386687543961392,0.1111111111111111,0,4
-0.48463200874653656,-0.80927556286447433,-0.33197120274006375,0.85472494725990222,-0.51880420234496427,0.0169547680834197,-0.18594913452300341,-0.27552724543970791,0.94313713551665046,-13.142135034125788,19.090623372766974,-5.7264103716996564,,0.2479333414590773,0.6818181818181818,0,3
-0.98008918978810777,0.013505623979852359,-0.19809790049721898,-0.0092044245366153452,-0.99970182366704952,-0.022617301468703093,-0.19834429316075872,-0.020343595495665924,0.97992126188427453,-3.9375501844917795,22.096521940097368,-3.7204659546903973,,0.1182827251006891,0.625,0,4
-0.9538390119783573,-0.15555622538690367,-0.25689180596416522,0.15269566541185561,-0.987781445988826,0.031174488362367029,-0.25860234529598175,-0.0094908220720604716,0.96593723983694457,4.7030627238176113,8.9120458072178028,-0.54604182939795975,0.1060058052778177,0.09657592142551501,0.3382352941176471,1,5
-0.96183600354595344,-0.088516771325026888,-0.25891366027489293,0.077698220906070134,-0.99563322535194143,0.051744246475553271,-0.26236327629983081,0.029652348464905168,0.96451347812238264,10.692389092691631,7.4259311871111695,1.1041326523077486,,0.1865720377181463,0.5689655172413793,0,4
0.81995887641363863,-0.43482472958375312,-0.37228335382192312,0.54957051309653404,0.77992028995166218,0.29949389385516301,0.16012398984941495,-0.45016863047543793,0.87846941438536907,-26.312459668888902,-11.873834675909228,-5.6705216043071607,,0.4911191565976588,0.4736842105263158,0,1
-0.93572796964783012,-0.17500865305304023,-0.30624359287225678,0.21663295097694246,-0.97032622057324325,-0.10741131327316555,-0.27835827878791336,-0.16685022332800462,0.94587402523043418,-4.3906568880016774,-11.013613603095772,-0.70250654404454949,0.4937725876141633,0.2583968683467804,0.2727272727272727,1,5
-0.041614641659623627,-0.88624101514273046,-0.46135136791638848,0.99329781691163732,-0.0865315625220619,0.076627251066873459,-0.10783166751059867,-0.45507049098603652,0.88390224556543084,17.628500247624014,4.2437934532675632,3.2678898444363584,,0.2865636100457971,0.5555555555555556,0,2
-0.81589644499752556,0.53464157510051857,-0.22016216117770049,-0.55531664580569062,-0.83063633977373752,0.040825163054235496,-0.16104786223826886,0.15556881828092758,0.97460860290024098,1.7003544601209111,-16.732280038708897,1.629562684325407,0.4896526066459237,0.4434121185313512,0.9310344827586207,1,5
0.64638454638690113,0.72749377068782539,-0.23008657458141402,-0.72941429871684282,0.6776553328069862,0.093477434419587252,0.2239236455125172,0.10740606839774648,0.96867029347024058,-6.7914005656766632,-2.325799304685864,-2.3737910807366314,,0.0741296779183751,0.3312101910828025,1,5
0.26060823544257194,-0.88815601971652114,-0.37849997656646672,0.96530985192315222,0.24626261117085743,0.086784884164315346,0.016131875266428772,-0.38798661185744271,0.92152382042992853,0.82178866365574477,-6.619403612697468,0.014888055986556653,,0.1711188018163378,0.2083333333333333,0,4
-0.90531916602349083,-0.29448890896990265,-0.30606125224250075,0.31814747843003355,-0.94758802727351665,-0.029310621564491393,-0.28138832527157676,-0.12390808311648559,0.95156050639949108,-17.659853506411363,-6.5225864869748706,-4.3686629589127497,0.5366136798774803,0.5111508545706435,0.9785407725321889,1,4
0.703203850824622,-0.64979911401311041,-0.288557542984408,0.7011391527777634,0.7011015894247099,0.12984779454509301,0.11793317017489971,-0.29362846036091489,0.94861693777761313,-16.189542061130314,17.567255593440173,-6.2777951652724537,0.326171595651525,0.2846063931502332,0.5753424657534246,1,3
0.21262504159116899,0.9740191893662028,-0.077956464996549138,-0.96925708654592613,0.22034834254470345,0.10948656592616607,0.12381959404252746,0.0522802705062494,0.99092657722302357,-20.168262541495885,11.69015918596109,-6.6420981512291126,,0.203062212831116,0.2954545454545455,0,5
0.87930950032300048,0.41951467755189387,-0.22543788049093383,-0.40573455027931393,0.90774557880081375,0.10666507805846198,0.24938780513761483,-0.0023236794325893258,0.96840091034784603,-6.0938721805053007,-3.8554295527173048,-2.0336637065773271,0.06589747948495783,0.0977033506857536,0.310126582278481,1,5
0.46578165595408649,0.87267845076902228,-0.14655978486627944,-0.86525025610984441,0.48385762497962798,0.13123944929374093,0.18544390871236457,0.065681963372410834,0.98045725883846058,-29.098681260218552,12.092140064848234,-8.6092891305174994,,0.2157802227560194,0.25,0,4
0.87380796321252208,-0.39174030608747745,-0.28809577576367545,0.46987640924481383,0.83275051226649133,0.29281862023289595,0.12520304893086551,-0.39123665077084269,0.91173355736861517,9.0569835011251563,14.294860920163183,0.22154350024598152,,0.305461903967628,0.2608695652173913,0,4
0.74259206056188387,0.63903367416657497,-0.20048190659414211,-0.61016535323298771,0.76893337046179222,0.1908918895719012,0.27614357371577219,-0.019427688267912122,0.9609200235316393,-6.551746355677559,-13.344038366473553,-0.84399459207448047,,0.263086458772622,0.2105263157894737,0,4
0.65994725241671859,-0.70328587273810317,-0.26430778504355429,0.74432784494335491,0.6598750197111245,0.10266945798642035,0.10220412550189134,-0.26448807074847197,0.95895796423104296,0.22516617888866033,-5.262037011830544,-0.28189312411609957,,0.07418186170695884,0.3125,0,5
0.12651166289170171,-0.87715853115063669,-0.46323612810534759,0.99062350744006111,0.08743885712823242,0.10497386708728963,-0.051573885441450168,-0.47217301648205839,0.87999589592605854,-26.313799590631017,5.9098692604398808,-7.4551973009650734,,0.3526187840880818,0.2631578947368421,0,1
-0.85194893943539995,0.48045144686169478,-0.2082052156008623,-0.49300486463360266,-0.86997160402383644,0.0097781204633792165,-0.1764347132581924,0.1109766434917607,0.97803628591008962,-9.5486148083255014,-13.630080605834211,-1.4976992817227048,0.2076846650421992,0.1891187790685511,0.6060606060606061,1,5
-0.96291894460170946,0.13367437956212852,-0.23434646653152366,-0.13491923615336709,-0.99079787567972877,-0.010787458659435867,-0.23363198805583651,0.021230397952395272,0.97209328994693756,-16.340810731841248,-8.0535272414673624,-3.8706205011074784,,0.07435994065671113,0.4230769230769231,0,3
0.78551324539441547,0.60977765000903084,-0.1055469509715853,-0.58157649665220779,0.78568499998647956,0.21087403666168092,0.21151293069616081,-0.10426072292916108,0.97179832362615837,6.6665036518385703,-10.169216641767854,2.0073404113128022,0.5405774546893773,0.1989361460438848,0.2666666666666667,1,5
0.29387888374851473,-0.86286661562463862,-0.41121333310972413,0.95583422786113992,0.26709823176359176,0.1226354901236225,0.0040162838327811928,-0.42909175968462121,0.90325197549461822,-0.87637498638962519,-3.7991100677173608,-0.75833314354314041,,0.1934077040465379,0.3076923076923077,0,5
-0.95631815998253888,0.17276568847793441,-0.23581262428537902,-0.18986459818422355,-0.98045007512005478,0.0516631837329391,-0.22227687968827375,0.094178909963034949,0.97042429981643619,-12.083432422840751,-1.8250604398187849,-3.6676505900353491,0.2360619498541724,0.1975495832451376,0.8167701863354038,1,4
-0.13145001442834622,-0.93893992122470304,-0.31798226057020124,0.98462941049526254,-0.16087544605305637,0.06800010915418879,-0.11500355513869565,-0.30415607044374104,0.94565494083078883,-2.3329334616924986,14.312688896940129,-2.7649662893537519,,0.09121474023153146,0.3,0,3
-0.32675642520780407,0.93992188857811809,-0.098879128015777848,-0.94509761691799066,-0.32445538542676161,0.038976882424159379,0.0045533593479818871,0.10618637501730387,0.99433581886570555,-5.5129951029846032,-7.389498837714279,-1.4992836913467378,0.4114411036785314,0.3903108150072152,0.5865384615384616,1,5
-0.93966983823431705,-0.21026689667039622,-0.26983036759655699,0.22910502891791065,-0.97258129551521455,-0.039956342906607149,-0.25403047226113551,-0.099365264446626078,0.9620785120686548,-5.2581728534341474,-8.1850012597914361,-1.3086144125219159,,0.105071847376515,0.4285714285714285,0,5
-0.90686771259597398,0.37201371057159827,-0.19798169359234941,-0.38253420739907379,-0.92379610774693766,0.016380826632644594,-0.17680082584791923,0.090590013016653412,0.98006883305262527,-19.833001154442716,9.0041319566906797,-6.3379709658232004,,0.1296864598775109,0.391304347826087,0,4
0.830265757717352,0.50904051275843754,-0.2270165807439174,-0.4977018607430172,0.86045212857064979,0.10915581638729778,0.2509016328662903,0.02235823805370914,0.96775434890067258,-2.5229702057604073,-9.397159761929478,-0.39907550625541155,0.2474998252050857,0.2028683869586999,0.8144329896907216,1,5
-0.47750918928979624,-0.8314466303083512,-0.28404484697436383,0.8610640874251434,-0.50715038349894681,0.036974665158409713,-0.17479591382668766,-0.22692507456374114,0.95809780244176235,-11.086862217338314,-5.1507756139637157,-3.0827551241984308,,0.08504745330570404,0.4615384615384616,0,5
-0.89508368700959329,-0.27499086457244265,-0.35100600799845777,0.36504980721836033,-0.90395946931210458,-0.22270140567768493,-0.2560543526268414,-0.32747107084852456,0.90950473679809407,-19.426140930914922,33.389322670814714,-8.267192086172285,,0.4777401909464283,0.2105263157894737,0,1
-0.68271787342254331,0.71814257206514631,-0.13478705982792646,-0.72205464875765824,-0.69134220707096716,-0.026134975219035711,-0.11195262175070227,0.079480808437639994,0.99052986404915855,7.6671960661590832,2.4768261605688409,0.668329049874964,,0.1211696178795683,0.1142857142857143,0,5
-0.32886632926560644,0.9438799547433816,-0.030619740511590336,-0.94423105317833389,-0.32807381310709582,0.02820091074955533,0.016572739336025242,0.038186439831459425,0.99913319438596293,7.3374885430465691,-15.324409448724493,2.8451624766508417,,0.2353319551051602,0.3076923076923077,0,3
