axis_00,axis_01,axis_02,axis_10,axis_11,axis_12,axis_20,axis_21,axis_22,location_x,location_y,location_z,dbh,dbh_approximation,score,reconstructed,number_clusters
-0.98003908145017138,-0.014110180882771739,-0.19830355928666449,0.021665336600596802,-0.99911760362408675,-0.035980929927465134,-0.19762087951501234,-0.039559030876877919,0.97948000033476701,-20.78112519852559,8.5142557490379627,-6.3738965984149587,,0.1026026026557348,0.1666666666666667,0,1
-0.7668497170074049,-0.58646158525856296,-0.26077638033701422,0.60193256163691522,-0.79815814692715048,0.024915130644601158,-0.22275255950691816,-0.13786363374664659,0.96507767341457373,-16.077469326976519,-8.5040659288844065,-3.1962030846308584,,0.1298478819885842,0.4090909090909091,0,3
0.68802611003091052,-0.68569606927033577,-0.23757308875995065,0.72331581913560916,0.67442565986604386,0.14820342473247167,0.058602881361886024,-0.27380819911292187,0.95999727728500517,6.8269997546448051,9.2527521005274096,-0.82688514693180026,,0.09359159149358565,0.3611111111111111,0,5
-0.82478909968401715,-0.50697991245140173,-0.25038831724582783,0.52121798769962169,-0.85335351377354351,0.010935713451968459,-0.21921393737804445,-0.12148723760591343,0.96808372610952365,6.7806114027365005,-13.557047655906704,2.4212667552213358,,0.1155885234924301,0.3157894736842105,0,5
-0.38942658259683843,-0.8733248413102872,-0.29266133724376514,0.90082355380524493,-0.42736911103126984,0.076632681318291179,-0.19199963978256904,-0.23379342267630907,0.95314047959189108,14.262458095468453,-6.2306132637777178,3.0164382213380514,0.6590853276072968,0.2880170355936597,0.8125,1,5
0.85218059717934858,0.50294599569792431,-0.14433833587259903,-0.47245686553027211,0.85816237762542968,0.2008527914707163,0.22488383668987449,-0.10296921403843051,0.96892961610013195,0.10227964071471968,-1.9330918929827177,-0.86683703725680217,,0.1079866774623039,0.2521008403361344,1,5
-0.74910301419307712,0.65987846352572543,-0.05835312760918486,-0.65637639625603061,-0.75124993115212491,-0.069235593316396102,-0.089524860037826781,-0.013562976032373435,0.99589223569438101,-21.86855976572722,12.33778528259719,-7.0829451886022312,,0.144224568144208,0.1818181818181818,0,2
-0.82962626781892346,0.53272256351631864,-0.16711351251603127,-0.54795132869820928,-0.83430618902734244,0.060683806147433905,-0.10709620498743481,0.14191495083772682,0.98406836632726635,-10.838974882304727,-0.27674437359102488,-3.2953495884496413,0.3404131245100046,0.2559627713564156,0.8711048158640227,1,4
0.76183302987700907,-0.60994185499591025,-0.21813153855544079,0.64437034382540659,0.74804338479490973,0.15880161983714589,0.066312099851709175,-0.26153781368804413,0.96291260113498089,-15.244550681208956,7.0941511320119126,-5.1855025727315658,,0.1181806603825987,0.2373417721518987,0,8
-0.85341606572831041,0.50839701499371914,-0.11494996260237338,-0.50622071465939067,-0.86097666135421447,-0.049596135465225656,-0.12418376224992807,0.015863913414582424,0.99213241527763185,18.748103574963853,-6.4599000023720521,4.0091219126654094,,0.2722235990335976,0.1538461538461539,0,5
0.81215088324439411,-0.48817527856823634,-0.3195243969404743,0.56849170820911699,0.785317024707334,0.24514148649769441,0.1312559352670549,-0.38073884501012473,0.91531951326164007,26.657983143293798,-6.5445762917882293,5.7876407654328075,,0.362877122070098,0.2307692307692308,0,5
-0.54038519934566942,0.82726214517672714,-0.1536918328530863,-0.84125425882383242,-0.53479141976506384,0.079305796486966729,-0.016586390171039817,0.17214958757797597,0.98493117077175885,-11.279190764758141,-1.9440902800831183,-3.1690353788254404,0.1475234621516311,0.131496687164645,0.5617283950617284,1,4
-0.42258310014978345,-0.86724049064312392,-0.26328208229363387,0.887983949019859,-0.45432138496997926,0.071250160996704462,-0.18140570484660731,-0.20368114922111394,0.9620841749561585,0.19240950688102276,8.389255413918189,-2.1416209779777615,,0.08020851752421257,0.5436893203883495,0,4
-0.58891447017222709,-0.71449757982375539,-0.37772073711640464,0.78718637551553727,-0.6129749672819671,-0.067818136868993059,-0.183077461814597,-0.33727570014999053,0.92343258826178387,-1.5159711125630695,11.077950038450007,-2.8395969179311802,0.7327182172148865,0.7567079692777444,0.1732283464566929,1,4
-0.95991417615743524,0.22230273176421042,-0.17072278659324547,-0.21105977420778477,-0.97405844442707523,-0.08163282765938383,-0.1844411725275901,-0.042327795719565089,0.98193167358333633,-12.743440765476462,-4.3266280705387024,-3.1191148778941908,0.2272222801738031,0.1988519608452267,0.2173913043478261,1,4
0.78128450509502934,0.62414291466252458,0.0063359431013970714,-0.58421664112202176,0.72765696228390853,0.35945272495261127,0.21973947832494325,-0.28453640771669908,0.93314178684118443,-16.305829532865399,-8.6673242381758424,-3.1780548311802663,,0.3230477643850723,0.1935483870967742,0,1
0.88517013096152752,0.43847048754169637,-0.1556196350352291,-0.40617499436982901,0.89137459990636281,0.20117951334676132,0.22692666921765731,-0.11486929179166017,0.96711391914347988,17.091644407901384,-4.6258462005641725,3.4251896926218359,,0.122662414215232,0.2352941176470588,0,8
-0.8406509884072868,0.51728222913740241,-0.16039018395304483,-0.53031815303465457,-0.84632069439672897,0.050039372475589254,-0.10985705371875043,0.12712347404975169,0.98578448460794799,-4.1107837479571385,7.3273332221897771,-2.9034215136464274,0.1521545619214847,0.106771916614978,0.5567375886524822,1,5
-0.52505812860315904,0.84730132394018454,-0.079965167647893978,-0.85103383429367063,-0.52189379487690579,0.058036882724629459,0.0074414027682124127,0.098525800266678412,0.99510667378258943,2.7649251280905984,-17.544158185751378,2.1019829272715382,0.4449143792733303,0.3782302731124379,0.5909090909090909,1,6
-0.070600496453021161,-0.96689098765397774,-0.24522925578752053,0.98977124540159789,-0.098456450541696217,0.10324344590771339,-0.12396955947633007,-0.23543182737311613,0.96395197130510546,-27.47545151225815,16.25743747731579,-8.6169266819194892,0.5158528368109289,0.557913833713598,0.8846153846153846,1,5
-0.072839972695768862,0.99388650380386556,-0.082969608497381414,-0.99340711305812524,-0.064916932472573005,0.094488621557692845,0.088524833257121543,0.089305147863269735,0.99206247004002657,-2.1394270349413902,-10.468178117659356,0.051103545280563482,,0.1292204246728307,0.275,0,2
-0.46039516506405626,-0.84534035518469453,-0.27099073025078269,0.86734451548907887,-0.49337857401431362,0.065506290954497351,-0.18907613132453557,-0.20488354399466713,0.96035043081342464,1.6920511588010443,11.034755297884395,-2.1699250728512851,,0.1216765186223,0.3809523809523809,0,5
0.34936523325125785,-0.87016842255243243,-0.34749223039933524,0.93603339825492171,0.30739701521681817,0.1713141920190317,-0.042254125794254811,-0.38511555594185182,0.92190053553784268,-7.8724793025549946,-15.886355964334005,-0.37696998692835304,,0.2962732960590365,0.3947368421052632,0,3
-0.029692933381747687,-0.97541290807193148,-0.21837579644695981,0.99293946501895125,-0.053885420550616375,0.1056767725659785,-0.11484575967385748,-0.21369609312933197,0.97012598731618049,-15.356877452276942,-3.3476466794162767,-3.6997345229297767,,0.08348732381348727,0.3333333333333333,0,1
-0.90305918849553135,0.39497957477279261,-0.16874607428351443,-0.40719306007850142,-0.91229385872319591,0.043746167373250364,-0.13666716466547249,0.10821760877161545,0.98468829344826458,-8.2888043749350864,12.396705727677293,-4.4419482595547617,,0.1059774603701937,0.5,0,4
0.9203362640884758,0.35021870413179512,-0.17414941940733897,-0.32481014938038216,0.93239768257609212,0.15853368218213743,0.21789797581244474,-0.089338797859493543,0.97187398943168546,7.3819346026314667,-5.4851576851087893,1.2647245581047362,,0.09391803265177728,0.3478260869565217,0,5
0.48455530129946706,-0.8298478646921611,-0.27669239499567427,0.87372160465370063,0.44371869777049633,0.19930949503276721,-0.042622969675334507,-0.33832859576854341,0.94006225524767251,2.4768291979257162,-10.739969670369677,1.1166717918486122,,0.1731293404969917,0.2941176470588235,0,5
0.75834937454734486,-0.56672565973998512,-0.32206870806697152,0.64864118916222246,0.705026823767962,0.28670853752526398,0.064581993201416416,-0.42633226990216927,0.90225825670602489,-3.4974171924599018,-3.8488840391692536,-1.2226621444688321,,0.3401529013244356,0.2465116279069768,0,5
0.19478707524104166,0.97659150084347246,-0.091252593384164596,-0.96912361029446448,0.20596476272309774,0.13556527758331807,0.15118671664159125,0.062028678824499771,0.98655715481386252,-2.863210264593552,-8.7839892298126632,-0.37835499092761105,,0.1001361980854865,0.3275862068965517,1,5
-0.047137586773700252,0.98584636729745478,-0.16088812261806046,-0.99369081386689295,-0.02987042446903658,0.10810330327326646,0.10176745231017692,0.16496877834442417,0.98103449879290405,-4.3516376476466343,-7.3569575580293396,-0.91725848943086741,0.180603180157229,0.151749425250777,0.6829268292682927,1,5
-0.84124544389468647,0.51390091932089565,-0.1679641278594001,-0.52882305141170327,-0.84675651132748775,0.057875649630186272,-0.11248236938314296,0.13751092918615287,0.98409270952096495,-10.365067904170225,11.879965719449654,-4.7606936918231932,,0.07612233766932988,0.1818181818181818,0,4
0.32786598445324661,0.92669908423029868,-0.18366464963413287,-0.92978915719183541,0.35095815244883838,0.11099774050940578,0.16732011058745716,0.13437701632505189,0.97670200065146651,1.5165116860295818,3.8510088074474917,-1.3048544238267199,0.1397208095606498,0.1251161313271747,0.58125,1,1
0.4820208368223251,0.86703906000686826,-0.12609195569706202,-0.85285718046646353,0.49728683124230283,0.15918679970330935,0.20072504227399593,0.030807075411241495,0.97916310260788886,0.76440363813635359,-18.401042006669417,1.8063257340512353,0.3871025302562917,0.3546672131477974,0.75,1,5
0.36239460415823488,0.93180843165806559,-0.02007978007677156,-0.91588962911757521,0.36002965853383534,0.1775523366528293,0.17267408071817242,-0.045953146431394989,0.98390648446952944,-15.228126418603104,-7.3800475007976978,-3.1695638155343255,,0.16245229676682,0.1739130434782609,0,1
0.3876763577298637,-0.85229105378596759,-0.35115096652823025,0.92148674248597784,0.34846524169369369,0.17156386202792129,-0.023858438337133522,-0.39009221341595512,0.92046664249844112,-22.123133760498149,-9.0623046066910415,-4.3444016603104147,,0.7878922236986721,0.3243243243243243,0,1
-0.74047548152644938,0.66062487070534126,-0.1235752461608919,-0.66684662689150676,-0.74508807644542241,0.012622778706809484,-0.083735520907160299,0.091752594210804853,0.99225491885603434,8.1926744783529539,3.73493978189487,0.17675856316871305,,0.1135701103848693,0.3157894736842105,0,5
0.96886764648594403,0.15986195077752899,-0.18904930649539783,-0.12516154819456121,0.97509384440379054,0.18310265279175267,0.21361196232029803,-0.15374053238960625,0.96474544738715018,14.456491611537444,-4.2295697489415698,2.7546843707369204,0.2532854700268165,0.1821056576978136,0.1904761904761905,1,5
-0.79973975818474985,0.57869493380186598,-0.15977638364493085,-0.59102731842014977,-0.80564161462772443,0.040352170463563937,-0.10537090708390701,0.12670344262129288,0.98632814497419052,-23.108332057949237,16.935207329308319,-7.8679775617027223,0.718298028443404,0.5692460714036279,0.9042553191489362,1,3
0.92946780174254828,0.34349596959587042,-0.13453670278131513,-0.28214185250622581,0.8968643705708147,0.34063217091897224,0.23766695308399552,-0.27864820055404937,0.93052114416587028,6.2395962732973871,-4.7697326354553677,0.93424962426413838,0.7444105674929832,0.3688078200955185,0.1304347826086956,1,5
0.60385115027447489,-0.70605212101468606,-0.36993809039196829,0.79641664885006691,0.55359494960072242,0.24341970588060891,0.032928858872154208,-0.44161412362744468,0.89660061123453483,-19.804537311423552,11.255933023304893,-6.5912790215964367,,0.5754716904781455,0.2,0,1
-0.57678052517459177,-0.7521548064772311,-0.31872774098361878,0.79159446977606962,-0.6109756523698342,0.0093245713680802297,-0.20174841064867158,-0.24692488595614293,0.94780044286562803,-19.683823747034321,-5.4518676393958279,-4.3106482138885243,,0.2641971291311938,0.125,0,1
0.80136015464461474,0.59004915443578698,-0.098305126507069518,-0.54865270905200048,0.79049165948980271,0.27221892132428582,0.23833192693774527,-0.16421002291781672,0.95720058554906373,-11.90767731683836,11.467218501661188,-4.9962654104036703,,0.2105227884429989,0.3010752688172043,0,5
-0.84937863164946814,0.51414922312204214,-0.1191910922018867,-0.51558006737085693,-0.85658656777884012,-0.020896076922003855,-0.11284119029477201,0.043703870124601016,0.99265141792524125,7.7595342853349294,9.4675532414057404,-0.62309491264818107,,0.167446327725467,0.2608695652173913,1,4
0.68515365490699132,0.70980313510602588,-0.16353586322653385,-0.69613576827704371,0.7041684420939367,0.13979197861224929,0.21438157871636457,0.018064178715190088,0.97658293255331075,-1.9924108410461057,-6.3602920086126096,-0.46280032288027445,,0.06680001083834033,0.2096774193548387,0,5
-0.52298686143061102,-0.79677216748672108,-0.30271910393873741,0.83145426610444206,-0.55505349185844255,0.024483148336650704,-0.18753278686054697,-0.23889272549465207,0.9527653014032651,2.3513619345064805,-20.618314466743755,2.5245623489766147,,0.2357621608372943,0.6410256410256411,0,4
-0.88920695522135473,0.42052387066650354,-0.18019618471440974,-0.43673629702132671,-0.89755079500580282,0.060530795869138329,-0.13628058427401682,0.13252261914146413,0.98176644766758026,-3.7376370303974973,9.8630880767608904,-3.1694354261914528,0.4106026453241547,0.1540925133761397,0.7476190476190476,1,5
0.57427712315353707,0.80445927159765462,-0.1518257756873537,-0.7935363312112077,0.59258889709080764,0.138341931794215,0.20126071864711201,0.041032662419953791,0.97867790602648053,-6.7021794559023959,-8.2917929950015274,-1.2354638010468177,,0.08474081586393298,0.4415584415584415,0,5
-0.88468819042486158,-0.38566260042070932,-0.26189914921495672,0.4195807776603166,-0.90355980639421674,-0.086785063731080289,-0.20317179120327117,-0.18666556968434272,0.96118530385855994,-10.391895759667905,-12.306534421128626,-1.4041316157837089,,0.4092764578002347,0.4186046511627907,0,4
-0.58808228389195527,-0.69312690493116791,-0.41681449234996881,0.78289571198477814,-0.61721833670143378,-0.078203765864334931,-0.20306041349379186,-0.37231252799235237,0.90562125083926504,-12.897762082806118,-3.4275512957710648,-3.2275325472281811,,0.1295936020538353,0.2871287128712871,0,3
-0.22157378118872678,0.97434693623767366,0.039409482792700505,-0.97313123499809739,-0.22353091243870946,0.055222555676056224,0.062615165581569709,-0.026114728192648283,0.99769602685919134,-16.11983114136309,-0.83599883445273648,-4.2557398465942056,,0.3040998496608047,0.1904761904761905,0,1
0.11621481243212753,0.98036138155101071,-0.15932883899269365,-0.98436605011960188,0.13506326591659426,0.11305482551345331,0.1323540582804299,0.14369925456778693,0.98073081296213171,-17.816626218540645,-2.6329667593949875,-4.3359382901827885,,0.1616865093103578,0.4893617021276596,0,2
-0.98653839965692736,0.022031033903933631,-0.16203894453948806,-0.017684898588930881,-0.99944541562870703,-0.028215342292074973,-0.16257069343595354,-0.024969876328957981,0.98638089747919833,-36.145574751082968,14.868810756938709,-10.099005048765051,,0.4965979949811447,0.7857142857142857,0,3
-0.044321156297951296,0.99900227204684144,-0.0054859410914638281,-0.9958883490716729,-0.043747395232270683,0.079325667937227201,0.07900652686777411,0.0089791901437674976,0.99683365856929806,-3.6251987788854834,-5.536549629761069,-0.93327409011934037,,0.5227309837940324,0.336734693877551,0,4
0.37150737417632107,-0.88472181143713213,-0.28151303220279666,0.92808772469420742,0.34565456253613769,0.13847779125144455,-0.025208058325511762,-0.31271431013842182,0.94951267186389199,16.175722152152499,-4.8767261977222649,3.2338395078046722,,0.08814008108705643,0.2857142857142857,0,5
-0.53167148598663849,0.84635871511937966,-0.031660011532394859,-0.84684439888360297,-0.53182536849768058,0.0040424623404925223,-0.013416224067438982,0.028960365394413601,0.9994905212997236,-16.230857476675844,5.9318991639641023,-5.2430941716595294,,0.1004594135929868,0.4204545454545455,0,2
-0.079507715196565118,0.9812010911077248,-0.17584920253794356,-0.99248272823825912,-0.061453972199234201,0.10583687188157108,0.093040622165601758,0.1829421441602358,0.9787112007722667,-14.679581455012798,-0.52185940802647424,-4.0592462873346378,,0.06367147881064888,0.2352941176470588,0,1
-0.31339237725876418,0.93707425284870705,-0.15387352769120488,-0.94844491531453168,-0.30079573951394117,0.099870744987058793,0.04730180218669703,0.17723929513033135,0.98303040226210303,-1.8079234316317148,-5.0316534953421108,-0.67025803583479948,0.1704174671445806,0.1113458185768028,0.4754098360655737,1,5
-0.9762845698073922,-0.089093640416726821,-0.19730879857038564,0.075749995998280292,-0.99436317586393708,0.074187684908240306,-0.20280625449491077,0.057482151343515552,0.97753026828567613,-18.121726350845488,-5.6414146985824827,-4.008969557059447,,0.07420821119745777,0.3571428571428572,0,1
0.97459005878827298,0.14607464594648181,-0.16981288267584524,-0.095949291187366129,0.95727782512198478,0.27278727802147335,0.20240541206131912,-0.24956234359641,0.94696921060135575,1.3649170460085511,9.1751204572171794,-2.0346990914923011,,0.1004545255136729,0.1379310344827586,0,5
-0.94178359400572442,-0.25766923210598341,-0.21598664053032068,0.25221353977387112,-0.96622217194151405,0.052943789091427537,-0.22233306640352671,-0.0046131631812131504,0.97495985881936131,-3.871256922309644,-8.6447793672733901,-0.62789623675809358,,0.0895325390279517,0.4146341463414634,0,5
-0.65259936312891076,0.74942465121542745,-0.11169943327686992,-0.7564606739095765,-0.65284962758175613,0.039428575863589228,-0.043374186701406352,0.1102272920695971,0.99295952788167274,3.7143906390420001,-7.779757845244605,0.81098145796084653,,0.09357578867464081,0.2222222222222222,0,2
-0.67156864500844882,0.72746925964362996,-0.1406557190983164,-0.73873707907570463,-0.67202992569822217,0.051413101100185432,-0.057123401861336562,0.13843502172351696,0.98872274259278459,-8.7454412229755398,-8.9312915103474619,-1.6456826927567956,0.1879175238247579,0.1172415670057724,0.3469387755102041,1,5
0.78656349347378063,-0.575676561200274,-0.22341523587022458,0.61131996544974321,0.77702555987517086,0.15006391685945417,0.087211069118810228,-0.25461299296246326,0.96310251439701378,2.6289714382485552,-14.135674951957666,1.6100234734380821,0.1901271643763867,0.1757044092709523,0.3333333333333333,1,5
-0.76137378055187699,0.63069636219833913,-0.15010684527336321,-0.64340436139517454,-0.76351476273630203,0.055462012417455173,-0.079629102882098665,0.13880672099544561,0.98711291156619096,3.8425795622412857,7.8991514817750144,-1.3419744107992235,,0.071359339763268,0.2826086956521739,0,5
-0.91610592101355881,0.36651964157541378,-0.16252167185741281,-0.37740203593523053,-0.92514316480075753,0.040961297518274563,-0.13534269376601521,0.098860897031474326,0.98585439000000941,-24.654849259334931,11.691964861548108,-7.4700348800012488,,0.1454598601976891,0.5952380952380952,0,4
0.90605415730996197,-0.35871297550283604,-0.22447909752856082,0.40052963757122129,0.89814327322660925,0.18142400663875669,0.13653524617622204,-0.25429050702630479,0.95744162463719151,8.1671610347517678,-9.5176638260218613,2.1233673242148279,,0.07700495687506612,0.3703703703703703,0,5
-0.93377060867543449,-0.2423394476918751,-0.26333257008259425,0.25382858582057366,-0.96719775158744004,-0.0099778927899205026,-0.25227663267578915,-0.076158396888304281,0.9646535125054837,1.726868255396923,-8.2711799912869868,0.59034277033681104,,0.2204532689365071,0.2444444444444444,0,4
0.71798675858989647,-0.63916708397127486,-0.27560924015212329,0.69171694549379792,0.69934086054318767,0.18013891331815032,0.077605939246323544,-0.31998093621709839,0.94424018059566028,-22.051939128651128,6.1368100651554807,-6.4041661179799449,0.2693272236315893,0.222262202196505,0.4482758620689655,1,4
0.43160326720080888,0.90203919075667571,0.0066270717989760208,-0.88202795182526161,0.42046583650575708,0.21268561900243302,0.18906430636299715,-0.097641070613526296,0.97709820867143315,-9.1992369632501276,-0.57955702904498885,-2.9337012044025403,,0.2430372072206891,0.1136363636363636,0,3
-0.81817469646812213,0.57441820702371149,-0.025177162249957936,-0.56604727584982184,-0.8123898884218822,-0.14004695888478824,-0.10089919505274647,-0.10033141397162759,0.98982471165765618,-14.893687709341135,-6.6496063744834215,-3.2137238178626322,,0.3817017918614115,0.3666666666666666,0,1
0.97506172417572234,0.13999208260857654,-0.17221164552485821,-0.089189605400242331,0.95771579446311728,0.27354281442660477,0.20322364118383215,-0.25136163956099661,0.94631785242654676,-12.160936074830714,-10.99417385618692,-1.9567468792012694,,0.2092415135128466,0.3,0,2
0.28368079493395842,0.95890276202157687,0.0055407195405629689,-0.94874038839249908,0.27982535984505291,0.14693346596482207,0.13934447250783272,-0.046938906836190175,0.98913085939451739,-5.7994564315336934,-1.0129308995010391,-2.2184621350946405,0.9033626238924161,0.4192168575865697,0.3513513513513514,1,4
0.3297314415960903,0.93937386703993009,-0.094095240822324164,-0.93219172983423071,0.33972391281699743,0.12492494502289417,0.14931763208552443,0.046523123097619655,0.98769420559483656,19.884234583010649,-5.1540527367010549,4.1217096289377588,,0.1576960354861996,0.1111111111111111,0,5
-0.73770055560622227,0.65435747370204,-0.16617516922980569,-0.67109933136464917,-0.73758775854331227,0.074766208202455067,-0.073644943480128761,0.16667511829105161,0.9832577623606501,-4.5981784315174989,5.7545056151845753,-2.8354663129993614,,0.08005142953944799,0.3849206349206349,0,5
0.27453891269347624,0.96065518212443057,-0.042071444883201643,-0.94775493063057148,0.27772523189064652,0.1569372073051091,0.16244684325195086,-0.0032119509278887072,0.9867120686850408,-21.240652350498426,-8.1068116825497167,-4.2954321210251418,,0.2584741736181069,0.3125,0,2
0.52742962337370691,0.84882059073678284,-0.036353777370840064,-0.82673537940709396,0.5226259170637515,0.20825648429252142,0.1957718182591103,-0.079785685147974447,0.97739840373360054,-18.717509096108586,9.6924462176751103,-6.1514439381475068,,0.1648107018700616,0.3846153846153846,0,1
-0.27189630632375339,0.9599986966760935,-0.066894700744541846,-0.96078025517638621,-0.26686367131033795,0.075399484069629055,0.054531641004998917,0.084771948868537714,0.99490703928273228,-25.971524112916597,16.051239437008739,-8.3589777932444171,,0.07479729084083811,0.1666666666666667,0,2
0.27450404788135935,-0.93665854465939979,-0.21752769573846129,0.96022543995749776,0.25498031416258871,0.11380748590483108,-0.051133473920507329,-0.24011624290348141,0.96939649150321272,-2.544446277438174,5.8794314041318554,-2.4165753418785796,0.1687166636418262,0.1235075746315085,0.6200607902735562,1,5
0.27435777449407212,-0.93818475565057591,-0.21103832789218485,0.96006167597270831,0.25471398377553195,0.11576858294750342,-0.054857906477871539,-0.23437182154445824,0.97059799060311169,1.7697637782845612,2.7454564357895301,-1.108248853184393,0.156230649740305,0.1370657870666197,0.4594594594594595,1,5
-0.96124571274425374,-0.18210478752906273,-0.20698919317149708,0.17348402215493006,-0.98305449414643309,0.05922124277190792,-0.21426612841916953,0.021016847943887987,0.97654918888644038,1.3832232866250318,12.122518294201546,-2.337854548127241,,0.07561524865868019,0.3,0,5
-0.50768767000790915,0.85984700526944646,-0.054003307779274978,-0.86124723469384556,-0.50815373697215005,0.0057428506372185512,-0.022504009734773706,0.049425773948434171,0.99852424227729875,1.136653820648031,8.3021354552135609,-1.8963792139912312,0.1736024584587301,0.1667036384202557,0.2928571428571429,1,5
0.50840979837171552,0.85199942397917083,-0.12496582916458611,-0.83909832445401555,0.52277245829938834,0.15040930404093256,0.19347733411977455,0.028389053925330376,0.98069392921498688,-2.9579393972551324,13.817300821304674,-3.4784222313052005,,0.1094880121656427,0.4,0,5
-0.97474079201703301,-0.10457177807544443,-0.19734520923535581,0.092692348433277894,-0.99333380304420127,0.068527981669292845,-0.20319576009338905,0.04850462823157347,0.97793598160625328,2.3694497803462498,1.4150304376298244,-0.78890816206032044,0.1441257386734314,0.0940294210185432,0.4274809160305343,1,5
0.94333277328145104,-0.24840514931511412,-0.22004127032641804,0.28936904336907127,0.94033152857426761,0.17900327681037312,0.1624464083714888,-0.23253278943606717,0.95892630907921517,11.082596204155468,-5.1784653575085358,2.1670916189872558,,0.1292886539130051,0.2580645161290323,1,5
-0.30396229007893372,0.9428589612447279,-0.13646943031493447,-0.95167699458149502,-0.29392471251657426,0.088989669941977947,0.04379296969038677,0.15692432116329763,0.98663921127894316,-9.1424993439601465,17.961684526161864,-5.2920431087289117,,0.0844944747829498,0.2916666666666667,1,2
0.22921896188698104,-0.90439296809598124,-0.35990558035406417,0.97265694341480247,0.19861872236475953,0.12037056763662746,-0.037378308394416068,-0.37765587826052915,0.92519127734584694,3.1711580966493225,-4.5310326052555068,0.12324855060079767,,0.1802289817880161,0.1333333333333333,0,3
-0.97914470119903463,0.111003503007667,-0.17015838631662847,-0.081425494299323678,-0.98174404486704392,-0.1718968273302488,-0.18613313244009763,-0.15445663691833186,0.97030799456662986,-9.8820923341571074,14.884133958014607,-4.9829997970707058,0.7949147960078117,0.6559788550948521,0.3111111111111111,1,1
0.93164631080298799,-0.29819664349096547,-0.20763890140796057,0.34229055878328213,0.9119923683652793,0.2260687802667978,0.12195214198615489,-0.28168898071137111,0.95172422119581379,-18.749303964560667,13.506041657641395,-6.589920426024686,0.5481173655132943,0.3725131105344787,0.9034090909090909,1,5
-0.96371441245925593,-0.17960692171317511,-0.19747375747432583,0.1632717180617039,-0.9818760813332813,0.096237762789764023,-0.21117972748228209,0.060503839368397254,0.97557286151378386,-15.096019033090233,-13.261726030048187,-2.2446954854633261,,0.1056438514968668,0.3461538461538461,0,3
-0.59529490519278916,-0.77329460326554711,-0.21826459266653045,0.7768581291947706,-0.62328839584579865,0.089459614955411812,-0.20522042528829237,-0.11630577012491425,0.97178060532207655,0.86900372263660652,10.100828934650179,-2.2112309810238244,,0.07096420142364526,0.303030303030303,0,4
-0.7785070576905665,0.61206613696007683,-0.13893093648553081,-0.62195508025139812,-0.78203785421521355,0.039858157558300959,-0.08425342293019919,0.11743865871694001,0.98949963221989745,-13.18288219770389,16.053621662786266,-5.8231022651656996,0.1414308714440702,0.1448068455048972,0.3636363636363636,1,4
-0.085423268282839207,0.99255286042865232,0.086842872423574621,-0.99210474875605348,-0.092768608237672509,0.084392848164594497,0.091820655255586026,-0.078948113217127622,0.99264100393238319,-0.1665449948202522,12.417311891844808,-2.7391193369148685,,0.2232607222692432,0.3,0,1
-0.97815695778105238,0.093055255957129324,-0.18587545637676503,-0.10416376456681077,-0.99325690444244286,0.050898250742901004,-0.17988573066196098,0.069147965379830992,0.98125413771766767,2.9103528300971573,-6.4378271681799095,0.46003235689516114,0.9906962420141787,0.8318537143573221,0.9954887218045113,1,5
-0.97993859415535756,-0.030901986977132073,-0.19688935696397436,0.018252729012926981,-0.99766985674039244,0.06573959868440564,-0.19846206077838349,0.06082700183694098,0.97821924243961134,-1.6833734912085159,14.471897033421675,-3.2676337276358352,0.22523357201977,0.1029255797901749,0.2352941176470588,1,5
0.86851681673806436,-0.43202546896437316,-0.24296611535210264,0.48651113447192007,0.83678671788994641,0.25118699169705277,0.094791640338286798,-0.33636584685292192,0.93694853753709029,-15.958659831306113,-11.214206375887148,-2.7463528678777402,,0.6063547382801154,0.3536585365853658,0,3
-0.76200515289142967,0.62823362634674917,-0.15706895840401261,-0.64238702255585534,-0.76396184216550989,0.060837627886882899,-0.08177444722363679,0.14725764646459927,0.98571198904090396,-7.2796338598387678,14.585344377190051,-4.4666760932489753,,0.08337240277225286,0.34375,0,2
0.11128799308610419,0.99325756899948481,-0.032471283006685239,-0.98447248460951986,0.11464927782851735,0.13292655919776858,0.13575312019112368,0.017173954659089413,0.99059383484844177,-11.388803341451608,-9.1436529346484825,-2.1288391191000491,,0.2453915174791518,0.4197530864197531,0,5
-0.18577412102765137,-0.93982166979857051,-0.28674588913082821,0.97203573985178138,-0.21844120805340575,0.086197210366506946,-0.14364712460471527,-0.26271404149986821,0.95412097555373043,13.717210417308744,-8.1417114675797801,3.1523362570950284,,0.06342106763589206,0.3333333333333333,0,1
-0.52704911089898654,-0.796012760663102,-0.29762882851312544,0.82285499881346558,-0.56554260911367993,0.055418482517874422,-0.21243560348557392,-0.21569710739460413,0.953071808539798,-29.270476131706875,20.111586353447418,-9.4784115928375741,0.6993840814053198,0.6908809992124162,0.9351851851851852,1,5
0.19713658017485947,0.97234053058811276,-0.12526396661685554,-0.96855779635949446,0.21294333377668972,0.12865042445056013,0.15176614862412871,0.095963686755443298,0.98374692220921445,-15.217084790965695,-8.6193399387974363,-2.967285394951269,,0.0872938697017378,0.2432432432432433,0,2
-0.11799083023477719,0.98821996450598759,-0.097465202674040005,-0.99060542695311959,-0.11030326587910567,0.080833641681109472,0.069130688348480171,0.10608718720084435,0.99195083378173421,-16.874966269592569,-4.6536435223700217,-3.8955121857565485,,0.1468737224009524,0.5454545454545454,0,2
-0.83731368082536928,-0.50375250902601065,-0.21245990104645274,0.49977317409662642,-0.86280474336446367,0.076123250595090078,-0.22165868888011656,-0.042442719962074042,0.97420020589515721,-8.6085069448440024,-4.1059368079162573,-2.2411496330988148,0.1983088982545225,0.1235443911826195,0.5052083333333334,1,5
-0.93047543184121417,0.30109521789764782,-0.20870347505269982,-0.30302660371311324,-0.95269370054280045,-0.023443344218777033,-0.20588916479990085,0.041429249392575286,0.97769794369875129,2.8971103097548756,14.87067305413774,-2.3873088421324402,,0.3344289852291174,0.3125,0,2
0.45570644677783029,-0.84813629751935027,-0.27017856168706811,0.88992475008126459,0.42758756795984004,0.15875393197961593,-0.019119977979169193,-0.31278377924111966,0.94963189388610947,13.899170380223085,-5.7471467115909949,2.8768494940189013,,0.1020101362959367,0.3333333333333333,0,3
0.43799101960877013,0.89610053914295529,-0.071886650289002527,-0.88418472578360996,0.4438510673667142,0.14564889525289773,0.16242302002188905,-0.00023182996342368449,0.98672119102704792,2.0776787416825888,18.279425934399448,-3.0225879108795906,0.7604027612430815,0.6042767613141073,0.4,1,4
-0.39437572376382207,0.91863187340378438,0.024150976634768,-0.91868070627019172,-0.39475963533846858,0.013805442200056618,0.022215949960814548,-0.01674250501241677,0.99961299516025015,8.1998426834436291,18.335627733425998,-1.7547454948486774,,0.6368338825016518,0.4193548387096774,0,1
0.42153131627653406,-0.86570858300493203,-0.26992591337210653,0.90662250742105177,0.39622419368488554,0.1450586687389897,-0.018627357186093454,-0.30586767997020475,0.95189179212445518,-17.025840937194875,6.5849856541597349,-5.4703859103592132,,0.08860249738694907,0.2121212121212121,0,4
-0.84210067396312016,0.522776841112919,-0.13255500483519139,-0.52306789738668324,-0.85155411619772381,-0.035433909044712691,-0.13140178702869371,0.039496348979524767,0.99054207824955853,10.91874583393794,4.493694660921542,0.70991571687758448,0.8037592042328801,0.4246097487661957,0.2857142857142857,1,3
-0.079915935995676535,0.99438502749560265,0.069367573595336809,-0.99183940274405058,-0.086260455068257177,0.093881484094268261,0.099338020607721483,-0.061298866090546224,0.99316383677505782,-3.7856001298038535,-20.534732249957528,1.2237912841062102,,0.2635050193787757,0.125,0,3
0.80865676589392466,-0.49963885850125817,-0.3105402486788747,0.58537227354006505,0.73583962433492922,0.3404105589272533,0.058425476844550482,-0.45705695305310612,0.88751642538112896,3.0992200977631055,-9.6522676894265214,1.0925076252064818,0.8171606874391106,0.5017204752840078,0.85,1,3
-0.30878712203572822,0.94379141779155151,0.11793334120555282,-0.95017123455599461,-0.31166434794196268,0.0063213324741192801,0.042721637225526472,-0.11010492234647914,0.99300139364849149,-6.2360680477754089,-15.873579283179629,0.040673146132501968,,0.543865520974661,0.1538461538461539,0,1
-0.13482932146228474,-0.96099144086301447,-0.24148810459739903,0.98151461431589537,-0.16293834304199684,0.10039999129006133,-0.13583120391992295,-0.2234872411453348,0.96519600967208119,15.438032376193137,-7.50740474273828,3.416062609043311,,0.08956044823821327,0.1666666666666667,0,4
0.87116566390267491,-0.43732828783867711,-0.22319129618580733,0.47550370939357794,0.86474645742973066,0.16158523049981027,0.12233809051132671,-0.24689579384594632,0.96128864478429199,-17.555355358665178,11.978815274490147,-6.1716337682402704,,0.07612597500972629,0.325,0,2
0.67625140079538792,0.71943708106537041,-0.15841189762898197,-0.70552409193001986,0.6943747486156826,0.14170202606606624,0.21194291360787737,0.015937216602876916,0.9771520897477306,7.1765667087927758,2.9502931077478523,0.071858748997342764,,0.08933594349140236,0.5,0,2
-0.56405180473580674,0.82572371563056923,-0.0050898938620140667,-0.82546319674272794,-0.56401183849607639,-0.022386532995371751,-0.021355851599889134,-0.0084256442793978394,0.99973643332676498,-4.8289934491181192,21.294323736046248,-4.9468685778866943,,0.2479868096635999,0.25,0,2
0.60500531495940257,-0.66029861038665172,-0.44494304578488442,0.79552660447551249,0.5246277496053241,0.30315531648927702,0.03325643460346734,-0.53737460813245419,0.84268768834720476,-8.9029968839921363,-11.708681593562076,-1.2239864900479216,,0.5817716475633656,0.2777777777777778,0,1
-0.76289675276087054,-0.57121731353223071,-0.30281896464379421,0.60839642817393991,-0.79275414823017931,-0.037344968188960145,-0.21872889798129147,-0.21272433143593075,0.95231613868663678,7.2427434453495483,11.158587127823768,-1.0002354771042132,,0.2757893866359438,0.2631578947368421,0,1
-0.46710674418597875,-0.82940639556133344,-0.30642506512674905,0.86395502703854055,-0.50186334637851837,0.041411264368419395,-0.18813027611421376,-0.24539399455510974,0.95099357865627976,10.192671762248279,5.5758196866377805,0.41905815526439394,,0.1575240222429559,0.5416666666666666,0,3
0.35931354860107423,-0.84893076862916828,-0.387569766450368,0.93260367186069049,0.31159313791864618,0.18209916977836216,-0.033825508476011366,-0.42687968618417627,0.90367558808437376,12.515256437202599,-0.52948100427763223,1.8410461378941592,0.4777500189913446,0.2710001014791391,0.1578947368421053,1,3
0.93462251801691387,-0.21768610179222542,-0.28123568390627046,0.32197298771487753,0.85377124277934024,0.40915530081495399,0.15104351690052151,-0.47295605090697906,0.86804287331490515,-10.703958653814821,14.203561422000234,-5.1317593082888076,,0.3203214784834397,0.1875,0,2
0.97684604392333763,0.18816561560181913,-0.10181113680001826,-0.14836549468993129,0.93866018297040554,0.31129526320099343,0.15414112513127537,-0.28898228667368575,0.94484377096539696,-1.1467678501770346,-14.841027594781284,0.89979702699547359,,0.3611105456925022,0.4166666666666667,0,2
0.11332789431819611,0.99017888080885474,0.081869239458588872,-0.98493288925231537,0.10112843273119305,0.14028629214010607,0.13062921586877238,-0.096534056650783073,0.98672041828881463,-9.7417602673423289,-8.2378541691515785,-1.9412962713434225,,0.3858228381603062,0.4,0,1
0.64774238689434993,0.75407540324142919,-0.10862820281439924,-0.73084300073961384,0.65529260489037533,0.19094530694914538,0.21517041732154293,-0.044293207179686912,0.97557152649480816,17.604802460799323,5.1190607531270098,2.1506056405575573,,0.2295082436289785,0.2857142857142857,0,4
-0.67027725158728235,0.72888882279174105,-0.1394614284089673,-0.73967481898153364,-0.67138819467119648,0.046033186081215649,-0.060079681833672384,0.13401110426163207,0.98915694192850068,5.6266936931560405,-15.805104718778914,2.5280755075075207,,0.1676613608269596,0.25,0,4
0.70570628325786755,0.70692372032581452,-0.04730217131460266,-0.67473695710894133,0.6909380696821763,0.25948915695118102,0.21612191115602511,-0.15120660536027467,0.96458689707754675,1.0847833080006981,13.496982845741142,-2.5727235919003717,,0.1786067820080136,0.1,0,3
0.35824344988321599,0.92724328741631423,0.10900236950249204,-0.91764053708623849,0.3281870817637329,0.22411845988111823,0.17203916795849439,-0.18031396314426451,0.96844690065246097,-20.915587095027597,-10.27116718199734,-3.9247424736680636,,0.5341409236906529,0.1666666666666667,0,1
0.78338233603257235,-0.52800003421336161,-0.32791474419860878,0.61478290899154764,0.73583448265317142,0.28388305506040762,0.091400713367241412,-0.4239853511729253,0.90104513293548805,-3.8316289582934244,15.321131660838006,-3.8732088016596893,,0.2803676026960829,0.6111111111111112,0,3
-0.65285068826179726,0.75570509456061952,-0.051920987001611449,-0.75541342562486624,-0.65460042987601652,-0.029134748872059472,-0.056004778562201506,0.020201169799252794,0.99822611542522754,-9.5843582128954701,10.955895082619636,-4.5081019595477505,,0.2727247257798649,0.2083333333333333,0,2
-0.19668766213981792,0.97029512842347254,-0.14085924648261269,-0.97809709755067809,-0.18419580637939681,0.096943141455096513,0.068117775396088695,0.15684154000111158,0.98527189141128335,7.3128946595497162,12.271650488505061,-1.0833479048431434,,0.1206844865305277,0.3571428571428572,0,1
-0.93906027570262895,-0.24775050483424788,-0.2382970540138431,0.26463927964991835,-0.96346791981946411,-0.041177896317394769,-0.21938972232917711,-0.10173128738558813,0.97031896554854391,2.3581421966488723,22.527116659050925,-3.5829131144878739,,0.3924972590742892,0.9285714285714286,0,2
-0.70361645721663835,-0.67409409994421476,-0.22476882691846981,0.68028931158123029,-0.73040525918184285,0.060947599688915943,-0.20525675063744386,-0.11002409636031361,0.97250417198994787,-10.518264812164535,-3.2402350863067539,-2.7459247610326671,,0.07670089665938244,0.1379310344827586,0,3
-0.14632994142739733,0.98686766421825667,-0.068408782785946365,-0.98744122623085939,-0.14155124033157837,0.070164600050785536,0.059559826910002701,0.077816834174823629,0.99518700118995584,9.8714538524610767,10.379316952361521,-0.30308206647075808,,0.1712130533023579,0.2222222222222222,0,3
-0.98488300667836282,-0.014592145095404021,-0.17260513450561804,0.025132498631057546,-0.99793923233655679,-0.059039360396970463,-0.17138792451263218,-0.062484861086811762,0.98322012869255992,-4.7728267050590292,-15.482710237188819,0.29967518355240735,,0.1778007306054736,0.2307692307692308,0,3
-0.20297429775709838,-0.87417373034478019,-0.44115952174367001,0.96814061760297998,-0.24663741804322392,0.0432865864707715,-0.14664644215708855,-0.41831838735114552,0.8963841519162441,2.0164842404313772,-2.873655600349911,-0.38053320918027855,,0.4972804046557633,0.2556390977443609,0,1
-0.36795449772896316,0.92983161382504131,0.004759992914324454,-0.92850029158957137,-0.36769312249249725,0.051855339067421173,0.049966950268215078,0.014660750432203485,0.99864326277087423,4.9194968844662643,9.2512285376031897,-1.2717391643698241,,0.3269839047219621,0.1538461538461539,0,2
-0.60499334918519754,-0.74573664705759102,-0.27903387012507613,0.76770424974401874,-0.63928986204588878,0.044030185217875287,-0.21121844703209353,-0.18757751869733469,0.95927130787525405,-17.241868259432501,8.2407871617763995,-5.7073734872886455,,0.9116610424707228,0.5897435897435898,0,2
0.41461122402494377,-0.84874004424617466,-0.32823447443183029,0.90946620153979951,0.37413743702323471,0.18136263803345598,-0.031124928422524911,-0.37371314602337302,0.92702196485304833,-14.008287290178014,8.8871673199507413,-5.153974653038266,,0.449504506365057,0.1923076923076923,0,2
