axis_00,axis_01,axis_02,axis_10,axis_11,axis_12,axis_20,axis_21,axis_22,location_x,location_y,location_z,dbh,dbh_approximation,score,reconstructed,number_clusters
-0.75476721325133744,-0.48067073894904899,-0.44641023119882212,0.55664605662394095,-0.8293535251242008,-0.048144553264904251,-0.34709022090203923,-0.28483042513438861,0.89353232032866992,-7.2909195540040326,-0.87172034538589882,-3.5179340089424631,,0.4799974949078326,0.3234657039711191,0,3
-0.47802743352722993,-0.77688698977411663,-0.4098004122924731,0.82179949852112721,-0.56028724869881386,0.10355570083745298,-0.31005702221654718,-0.28727130741726442,0.90627801413748432,-12.727090096887322,10.096662629643923,-7.1861624911397239,,0.1995764868266535,0.6153846153846154,0,6
-0.94463433967467947,-0.063363495104019202,-0.32194880306593221,0.065648429753750875,-0.99783570676473066,0.0037664275112718041,-0.32149066546052352,-0.017577536617335181,0.94674958792080632,-1.8105311557307515,10.841322854126847,-3.2523309830609501,,0.1241421398700497,0.1956521739130435,0,4
0.60222790888084932,-0.70182656107337105,-0.38047473495217243,0.79490647413668847,0.5712199108942887,0.20452753060040324,0.073791890750798408,-0.42561401712096714,0.90189104956728305,-16.669092867987999,2.1710003918923229,-7.2506259457488103,0.3290022538347797,0.2643724656205885,0.3157894736842105,1,6
0.27320920961569772,-0.89939637434335673,-0.34123729221641491,0.95878514757715805,0.22582768656181149,0.17243229618487119,-0.078024153738523075,-0.37428333892943372,0.92402608926005003,-20.452101829193928,19.311383314196487,-11.179598936032823,,0.5932519700188857,0.4571428571428571,0,3
0.17757010800940681,0.96521642514977224,-0.19190130109674006,-0.96040253537945997,0.21250856311045321,0.18018623876821058,0.21469938700013019,0.15230680623604642,0.96473147040818719,0.19184922388583234,-18.086324065409702,1.4210690925269414,0.2187249182831817,0.146586140800272,0.2777777777777778,1,5
-0.92231273654296819,0.24826750735075676,-0.29614601264319601,-0.29003475583241017,-0.95113713760634255,0.10591499362813406,-0.255380219319853,0.18357938408180649,0.94925210208894928,-11.244816289810267,3.9075451803052323,-5.6908338435214549,,0.07291196348572274,0.2291666666666667,0,5
0.87120478165856974,-0.3716962126102244,-0.32069323963323509,0.43773918409058604,0.88388491677347203,0.16471751762353667,0.22223103997181071,-0.28388268603697392,0.93275076276649616,-8.0235052656118224,3.1041741888387206,-4.4685970700807935,,0.07527685260944836,0.3373493975903614,0,5
-0.19294995812057852,-0.89872603095247716,-0.39377891633462719,0.95526665146390444,-0.26372969752000897,0.13383673354853765,-0.22413375083240974,-0.35034007469087913,0.90940964026305726,-28.154105870871405,6.5237612842527781,-11.672205562428882,,0.1330582606725286,0.4347826086956522,0,2
0.90136377865601935,-0.26869285935196568,-0.3396284526658655,0.35568011041283526,0.90671452590879498,0.22662839090172371,0.24705262108234835,-0.3250737083174462,0.91284833711689906,9.1719309396135493,0.20808000683659872,2.2208010966043017,0.6917340108998267,0.7859467715909988,0.6666666666666666,1,5
-0.66559917688702908,-0.64370457870269004,-0.37765348016998568,0.67763384782235914,-0.73329550702055657,0.055588377102843013,-0.31271409308307918,-0.21891120286695437,0.92427689641501365,-10.774040753707672,5.4724956307674431,-5.7790220829031878,,0.1337085236372189,0.2421052631578947,0,5
0.92747162227823876,-0.20608730562690625,-0.31196860792075815,0.28581197724506702,0.92872200362532931,0.23619261979456491,0.24105580999394907,-0.30822631691923508,0.92026552365421432,17.137914827701678,-4.8714017280624491,5.9631133745632336,,0.1433278522825672,0.2,0,3
-0.93252271667685471,-0.17045973575453444,-0.31834707689581937,0.13442310028372378,-0.98207992637141728,0.13209636001201017,-0.33515938446018545,0.08038965545892654,0.93872556708734856,-3.0224394270962778,-12.759955868397054,-0.49925705205522825,0.2011162090471141,0.1718001427015932,0.7078651685393258,1,5
0.69839457868743782,0.64964051946068402,-0.30035347165439424,-0.63086375187758981,0.75696408949012028,0.17034169715404793,0.33801766082103568,0.07051640020054617,0.93849427183964707,-10.499794588702068,9.9612048255570027,-6.3937766590817926,0.290411961870145,0.2275355197657793,0.8418367346938775,1,5
0.84322019070295384,0.45272180356786806,-0.28986665652525662,-0.4079209077336966,0.89005549605723211,0.20347419239803094,0.3501146141259906,-0.053330877665482827,0.93518745418383253,-5.0334813721108098,24.335016965833461,-6.4857506180475264,,0.0972576966497567,0.5,0,1
-0.18244567246838955,-0.87648835685280391,-0.44551289195603488,0.95899055496173635,-0.2585984069940222,0.11603438884371607,-0.2169117149711785,-0.40607268339747549,0.88772421601904916,7.6644194637998222,-9.4648294390565368,3.0508494547939637,,0.8855684937407368,0.4473684210526316,0,1
0.28023440664752569,0.9599091781345771,-0.0065610261324986494,-0.92817932244201595,0.27270196415618625,0.25321292253050359,0.24485061307252237,-0.064869164310634428,0.96738832368374716,-26.55651528939546,21.16039314836874,-13.540241761573531,,0.3403411040771458,0.4,0,1
-0.94725685438146523,0.090032166788573745,-0.30756895287185015,-0.10908593182325131,-0.99299993970048861,0.045292154211059747,-0.30133820087334573,0.076454749350056125,0.95044724208986742,9.720804281759829,-11.124460152516106,4.1582016485988111,,0.3002496989715883,0.2105263157894737,0,1
0.70935465432440248,0.65405681372360758,-0.26272734690174193,-0.62008032078945319,0.75629786420571588,0.20859994335454413,0.33513634562361999,0.014940716836641587,0.94205116889819263,-12.607792327510069,11.430164349453953,-7.3197401426230533,,0.08712856289087884,0.2765957446808511,0,5
-0.93256468422562155,-0.093164481293216916,-0.34877426676940015,0.1329538733263762,-0.98685345596657192,-0.091888650084470516,-0.33562833209173609,-0.13206299963350157,0.93269126018480542,-9.8535494319682169,23.402096303518569,-8.1702765585875898,,0.5749805794952813,0.3684210526315789,0,1
0.91829924567586441,0.2803309814466271,-0.27953718219998569,-0.19675465770467646,0.93589802198749528,0.29220283556359861,0.34353180356795582,-0.21332940088291336,0.91459087391919824,2.6112243907369233,-18.103450267365488,2.4151304201009993,,0.1764638978966079,0.3333333333333333,0,5
0.47656556847938963,0.85275069158951455,-0.21377913119273434,-0.82691049750876544,0.51736437064671315,0.22034776398941555,0.29850341379910744,0.071766050322797412,0.95170654404146227,0.31927190054847487,1.3233928239471353,-1.0774125739135711,,0.6433454012264804,0.5291616038882139,1,4
-0.65815651576383194,0.72532794393783484,-0.20181519888384636,-0.74611611421692392,-0.66422638703562009,0.045978808938951593,-0.10070126545109206,0.18083882467136242,0.97834379163361029,1.484962615073006,8.7318609451235876,-1.6758878381481495,,0.8156341847326101,0.3785310734463277,0,1
-0.78573520566109345,0.55546317226409536,-0.27217797641070796,-0.59543328953467434,-0.79839921896213895,0.089542642771827843,-0.16756904337805459,0.23242063466687876,0.95807163838744802,8.2290841358563807,0.92269876571193443,1.8415131190923597,,0.2020778607750054,0.4144144144144144,1,5
0.73932989334323906,-0.52171927211183833,-0.42567629710399452,0.64857303298536773,0.72166605260735228,0.24197340638649145,0.18095394356917197,-0.45498033981834335,0.87192233638412364,7.7702297178324837,11.682275436751507,0.22202508745130711,,0.2321325698446393,0.4,0,3
-0.94337612237487756,0.050484461859433061,-0.32786096267122794,-0.081417888352567122,-0.99335780090953585,0.081310557914576337,-0.3215783251233667,0.10340018608752204,0.94122036863208414,-1.9703165775466367,-7.6899377878819477,-0.81761503325963736,0.3384227445532879,0.3419522662128573,0.3137254901960784,1,5
-0.48045612291045159,0.86391572858036192,-0.15103485647134746,-0.87701807430126366,-0.47349364558999624,0.081504999446651405,-0.0011005938218843281,0.17161987500682552,0.98516262982102676,-13.020084315753236,4.0379226992340413,-6.2480713474586649,,0.2426063078293941,0.3333333333333333,0,4
0.95085868522051709,0.037750001785460556,-0.30731530730815754,0.063449489581710483,0.94771920924753172,0.31273385281266319,0.30305432353380141,-0.31686469949874468,0.89875182291834022,-5.5622079576863852,-15.591392996588967,-0.94759011135939486,0.2182272758467525,0.2242629341355269,0.25,1,5
0.70783934745151,0.63408343363040254,-0.31129031047383876,-0.61046142364054479,0.77084124749277161,0.18204565748884452,0.35538754683609697,0.0611716466940821,0.93271524121489202,-3.3922470474731528,-7.0762496939523114,-1.3920366128808088,,0.1136049396973888,0.2307692307692308,0,5
0.59388576002409421,-0.72636592722530735,-0.34596566853768135,0.80159899160868253,0.57100024096732394,0.17719419140367326,0.068838656963569722,-0.38255883806465418,0.92136310688353162,14.888377502956361,-8.6226251820145166,5.6865406610508265,,0.5513000541403666,0.9774774774774775,1,5
0.89149297580019782,-0.25329294379036971,-0.37561011531229693,0.37931734917750815,0.870659421121045,0.31316213217136391,0.2477067272236598,-0.42165727438190259,0.87226516624760853,-14.164429899441103,-1.9265594784181459,-5.7948511740781976,,0.1349277888963772,0.1428571428571428,0,3
0.18946406336083646,0.94024803973050974,-0.2829080989963641,-0.95711919170316251,0.24116011131896542,0.16051371773811177,0.21914885710011578,0.24036518984986111,0.94562061839839051,9.0321153506129281,4.6684139661513644,1.6678334985629208,,0.1054730074542821,0.3214285714285715,1,5
0.57408952549335635,-0.74461135555573199,-0.34055123828326922,0.81651374257848985,0.55163393595244314,0.17030945037220457,0.061045269262079253,-0.37583763766162465,0.92467266922822422,-23.094800301146488,6.8208323575739147,-10.107878773217049,,0.07456095173356689,0.4230769230769231,0,2
-0.65253424821132577,-0.6586186857693298,-0.37472720966959405,0.68199747204577921,-0.72599247227612518,0.088398972401065909,-0.33027034840331193,-0.19787965270304872,0.92291123084058002,-1.5305524577943002,1.3786445740716196,-1.8567510515744043,,0.06617173858338682,0.2708333333333333,0,5
-0.76606930162005615,0.56697727142153842,-0.30277813462458908,-0.6231640468786358,-0.77057399738324439,0.13372466202853983,-0.15749411351920295,0.29112280612860503,0.94363293496921019,-3.2248254661529123,1.6470406770129946,-2.4206745481962519,,0.09166242811925937,0.5306603773584906,1,5
0.40907689871616248,-0.83279242281996602,-0.37297837930692168,0.91244362634637022,0.36878083858341659,0.17733392747468618,-0.010135071615533783,-0.41286495805210105,0.91073586002527906,4.194740508045947,-4.9371619995219174,1.0571852380746016,0.5914030221069129,0.4390218749310389,0.9710906701708278,1,5
-0.88448542209069891,-0.26769420428829294,-0.38213263548079246,0.3254421584983711,-0.94086088855497074,-0.094171066997624911,-0.33432460211740256,-0.20765500566566605,0.91929671980325933,-1.534664101530022,17.796657864994764,-4.2500609505948495,,0.5588895687550389,0.4047619047619048,0,3
0.81660631932758698,-0.4577471360034418,-0.35159874674818842,0.54601405936346925,0.81013289997300009,0.21343226409978747,0.18714370470757449,-0.36626799459136783,0.91149601750437759,14.084879200566824,-13.933181079541724,6.2988861920431907,0.4717189951786919,0.1780930307450978,0.2380952380952381,1,5
-0.81748654005125265,-0.43871804959774841,-0.37315175169383991,0.48098541186542987,-0.87641864759238763,-0.023310678346500913,-0.31681033822726806,-0.19853671476449683,0.92747742963526936,-11.966988368139132,-0.93580664929557822,-5.1992717149297736,0.7051346357820492,0.630044474126164,0.9095238095238095,1,3
0.86804705126371373,0.42550304615063039,-0.25581531328070706,-0.36145312824245951,0.89484743207084849,0.26191546231551066,0.34036150322284081,-0.134889699505715,0.93056908184784737,12.354577081360157,-0.074756948161788073,3.5101595784661797,,0.1297759421848406,0.1176470588235294,0,4
-0.89642825923463898,-0.29498739007027913,-0.33075491794541784,0.27549790633514165,-0.9554949122457479,0.10550059846959992,-0.3471559874905063,0.0034514304303019153,0.93780104925163943,-4.5299999127100756,-13.947682586783964,-0.90114291420375781,0.1858524842092476,0.2125391693511007,0.7349397590361446,1,5
-0.25848061358030056,0.944963783171761,-0.20057721928689834,-0.96488090840319374,-0.24248574330965159,0.10102225938174518,0.046825260300166274,0.21964542514079086,0.9744553772300415,4.9865899176181685,-19.806073084668892,3.5914726058765165,0.3164795905669726,0.3125506061861059,0.4117647058823529,1,5
-0.79389815379706186,0.55028332120964096,-0.25867738168635052,-0.58451887551410397,-0.80787485088877464,0.075338631983654952,-0.16752135853480246,0.21101301310565809,0.96302134074729973,12.216421940433701,-6.6824367495643564,4.4519615833013626,,0.4014999119163508,0.5166666666666667,0,5
-0.62503836017548575,-0.67107503412119385,-0.39872966642623908,0.70948070506486616,-0.70140500785986581,0.06832381788046335,-0.32552139322907986,-0.24018599777743357,0.91451982429133727,-20.272718260475152,-12.150492939152539,-6.2834427971408573,,0.18209726290984,0.4583333333333333,0,1
-0.040636715173390084,0.96377208670273362,-0.26361339547256518,-0.9883211599396593,9.0117459996239322e-06,0.15238531666244537,0.14686709023958391,0.26672713549889648,0.95251598043975638,-9.2564631830876767,6.1746078643849289,-5.3079246464476899,,0.07468367497768284,0.2589928057553957,0,5
-0.0078407771066880457,-0.92493867095396998,-0.3800354946426277,0.98707150438606528,-0.068002017343839261,0.14513983211440282,-0.16008862371634053,-0.37398419834408991,0.91351379406418143,-1.9392628366239786,-22.48803980417939,1.3738915517248194,,0.1550293280351976,0.5909090909090909,0,5
0.8739166993871309,0.39095209608355064,-0.28883569914430895,-0.33855047039654523,0.91595142464479096,0.21544504330676811,0.34878816139109642,-0.09049555933334745,0.9328222618561175,0.80400242221201945,6.7781219281001093,-1.6755494280740655,,0.07472363567160692,0.2473118279569892,0,5
-0.6271172768101072,0.73029937037593695,-0.27089989065111425,-0.77451258309414217,-0.62160341959931209,0.11721538879891356,-0.082789973759595112,0.28332316949192782,0.95544429553686361,-9.6705970037076483,-4.5404755699708996,-3.9568843231209843,,0.07062043301236284,0.2,0,4
0.037197551592509842,-0.94139522096942152,-0.33524823652251645,0.98775264346484615,-0.01623358919238671,0.15518113902836619,-0.15152906481507386,-0.33691469026723564,0.92926176828620355,-1.2136836694827613,8.2258226086444726,-2.7269293502469858,0.4723757186511887,0.4541556330569558,0.9805309734513274,1,5
0.80566561943433879,-0.4666854450855033,-0.36483914949855356,0.56573124132871089,0.78880147434757308,0.24029231500771953,0.1756447330441703,-0.39999616174713365,0.89952876459922149,-9.8269369200870482,17.469952483396046,-7.3341556400518328,0.2295777583776541,0.2165433884621621,0.3571428571428572,1,4
-0.92159847586345056,-0.20192653956859383,-0.3314844218119718,0.18720581435196051,-0.97936722733226378,0.076117127509725838,-0.34001504725376991,0.0080936175697683445,0.94038516629924029,2.5478167185257319,-15.895660029701451,1.9714554800392945,0.2428436580860732,0.2367388716930627,0.3636363636363636,1,4
-0.435489297668335,-0.75628612729529032,-0.48824211747557261,0.83824101681488228,-0.53842103428885013,0.086341111670367593,-0.32817841084612887,-0.37166393892334393,0.86842665041930411,-9.2774079379226837,-1.2301454993737386,-4.1869959573359949,,0.4364350901845933,0.4043010752688172,0,3
0.91560517631189675,-0.23335034847984701,-0.32743667475589111,0.30803072071348536,0.93049914646563714,0.1982130508403806,0.25842646189504664,-0.28234545027510977,0.92384891107872913,-14.963960696429304,19.967494986940974,-9.4849176771427093,,0.08132000091800384,0.3571428571428572,0,1
-0.94849230004524232,0.022413583977074662,-0.31600631007653479,-0.060645364632725608,-0.99189262723001037,0.11167432916883321,-0.31094130716816654,0.1250865592301898,0.94216179937232758,4.18921426726126,-12.839463222127856,2.116923729991723,,0.07836280464189049,0.25,0,5
0.49059262572977835,0.82693702594585772,-0.27476177081134084,-0.81757777993811809,0.5459043790654774,0.18318019180193917,0.30147213690658309,0.13477226731400421,0.94390200054456019,17.828764490654159,3.1078705604966688,4.9734155085368359,,0.1130051251747332,0.2105263157894737,0,5
-0.25051977173769957,0.91955013579212497,-0.30276623281531218,-0.96544908736862833,-0.21412129606183844,0.14852653053202547,0.071748893145282225,0.32951421568345629,0.94142045760379733,-5.7989292494104081,-9.9157494626351479,-1.9094851599025899,0.1885189104423911,0.1822073671203088,0.6904761904761905,1,4
-0.53272856393961898,-0.72462470357936226,-0.43717195258313873,0.7739994086065789,-0.6260838902050444,0.094572077815729891,-0.34223558061589421,-0.28798958555517301,0.89439186376680668,8.2156070665094116,-2.3784295262204993,2.2311441431134504,,0.2423711239641354,0.2280701754385965,0,4
-0.88032556655858907,0.36914131980918496,-0.2979288218229853,-0.41650124598998872,-0.90208827943671344,0.1129754318057492,-0.22705419827011733,0.2235428865172002,0.94787919532790221,-15.254621509788439,6.3888006479889778,-7.4699442712032571,,0.1048388051744169,0.4942528735632184,1,3
0.7591476484815981,-0.54597686911558818,-0.35440669603662728,0.63273215079726697,0.74677061405394352,0.20489918333892543,0.15279029142037423,-0.37979324424775379,0.91236627429527495,2.5836019610360728,-20.944594939511155,2.8760838963886939,0.2323431482462868,0.1857731620854773,0.3043478260869565,1,5
-0.785869423472777,-0.49550715272034995,-0.36997555439993512,0.51096503962860196,-0.85730186837236233,0.062834980405817073,-0.34831591627128999,-0.13966448399013406,0.92691415696593105,-6.910379119931549,-7.770154934191936,-2.500702501033754,,0.2312111359677866,0.5116279069767442,0,5
0.78189264277330128,-0.44532229828277148,-0.43627049617081987,0.60093059526984371,0.72462851510087445,0.33733653044301704,0.16591056279096261,-0.52592924025466758,0.83418949849511659,-13.512509882695895,16.344855176774264,-8.4581650985916355,,0.5224606143273069,0.4146341463414634,0,1
-0.57793126741712075,-0.6298080861357146,-0.51897709465804942,0.749503786053211,-0.66121537114387763,-0.032222781614359146,-0.32286146384098463,-0.40759785033919538,0.85418058252650764,-21.219639368802273,-6.8131153311824164,-7.3984968190466693,,0.4321784978964634,0.2631578947368421,0,3
0.23993484177711313,-0.90106091322243265,-0.36127621339377908,0.96868777507444181,0.19774731133950743,0.15013325840506792,-0.063837811073991987,-0.38598605094064165,0.92029316109407722,0.7554425252968382,12.256132546321441,-2.4812287008976464,0.5011640401871287,0.4167260879529829,0.8478260869565217,1,5
-0.53270981519376837,0.81274406674594291,-0.23593926075472874,-0.84583305248504692,-0.52054767587811446,0.11660430721770515,-0.028048174986063497,0.26168148407397868,0.96474665108140745,-25.626110797604543,3.3178963580393583,-10.31176327659808,0.463296872494579,0.4297879970653655,0.9111111111111111,1,5
0.039037841509073058,-0.91883713343730888,-0.39270137400704774,0.9920970256425854,-0.011259168138940793,0.12496688698993547,-0.11924570701475476,-0.39447630264634365,0.91113605351178073,-6.8648665510246563,13.166313427605425,-5.7123309662954211,,0.2379418071751629,0.3181818181818182,0,2
0.028473228343079832,-0.92617488220087663,-0.3760177693246895,0.98471933191121075,-0.038665029216859027,0.16980239361091917,-0.17180544993701716,-0.37510678892263721,0.91092139302800812,7.6030177368688392,2.2121518189349088,1.4529914930731436,0.4419193465617468,0.1481532747256114,0.2941176470588235,1,5
0.94448979199995664,0.0057302149865132547,-0.32849078745694982,0.062487996733241381,0.97846311032901279,0.19673635146952281,0.32254345919913646,-0.20634220693178976,0.92379034989892195,-10.697077156021267,-13.336802936079774,-3.0066427110449205,,0.09264014938128858,0.2727272727272727,0,5
-0.010253804619777793,0.95234351812308993,-0.30485518361962599,-0.9873943488488407,0.038512966982129311,0.1535224779490186,0.15794701438201642,0.3025864750169277,0.93994370351879963,-11.608652101481987,7.1375661259349874,-6.2760436080944499,0.433622292678962,0.4180867376808844,0.9686684073107049,1,5
-0.022814512420690162,0.95668088587098377,-0.29024331281205351,-0.98804125420648703,0.022706568017646013,0.15250866124561865,0.15249255066749004,0.29025177756211817,0.94472214307327051,-17.854591857372583,14.673463741925355,-9.6087392492130554,,0.0794213392889758,0.3333333333333333,0,1
0.2156609608838074,-0.88692169979852842,-0.40848530986702825,0.9740602392261376,0.16603982444390039,0.15374468139534925,-0.068534665019912677,-0.43104602436993639,0.8997234711651575,7.7777329448841854,19.18906773135005,-1.0237931442172588,,0.2823846714465975,0.5294117647058824,0,2
0.90167302893849977,0.31218510175481967,-0.29920930989393496,-0.26106931172623737,0.94461800143185848,0.19884578407818881,0.34471519165778075,-0.10117951182533927,0.93323852418721198,-12.170367314584626,4.9248924611884988,-6.1481701983787875,0.430220123568703,0.3414875800537553,0.849015317286652,1,5
-0.47211923942487394,-0.76937993178539543,-0.43029983073524491,0.82314574591515299,-0.55945496973042597,0.097165929346224256,-0.31549089487125626,-0.30832557047677661,0.8974412726432327,-6.5033539947016639,-5.4373577601397249,-2.675862706738056,,0.5986551728509397,0.5677966101694916,0,5
-0.42327869197552886,0.87265080006269369,-0.24354820892264009,-0.90598923065036518,-0.40641189447324838,0.11837603632587,0.0043200538242042178,0.27075810824535912,0.96263772207115883,-17.384219703666776,-12.922924293887625,-5.1996284271497419,,0.07935307254091474,0.3333333333333333,0,1
0.73393164721876636,0.62249314561987923,-0.27174734748846291,-0.59791191286370804,0.78192639979193068,0.17633051285608495,0.32225096069121151,0.033066432597069408,0.94607659804526056,-5.301953047346716,9.7845356964946113,-4.4615997133594014,0.281504138201091,0.1759843738576898,0.2589285714285715,1,5
-0.26013416362847358,0.9471481340241934,-0.18772487615604799,-0.96541181386882358,-0.25867456013403134,0.032672642714856273,-0.017613817184866043,0.1897310837842717,0.9816780884231977,-19.457180865003355,-8.2259589160555695,-6.5695573337060269,,0.1690333827790351,0.2,0,2
0.94646904250001418,-0.060669848604655269,-0.31704182856429797,0.12147942201534136,0.97691820271551499,0.17570877960393591,0.29906370828959516,-0.2048169784792612,0.93199297406724069,-17.167334956863176,15.429752465432648,-9.4913302299136859,,0.05829043220390158,0.4545454545454545,0,1
0.83761940261049372,0.46412668572139854,-0.28806276394513247,-0.42119520822446349,0.8845441903826724,0.20043994569200038,0.34783377199344756,-0.046561731728228604,0.93639931236587193,4.8321365229758335,-10.596577722101593,2.0973169335790831,,0.0888364726224754,0.1515151515151515,0,5
-0.30669789517188228,-0.87830952365689052,-0.36675438886364281,0.91946427273922549,-0.37299225129490687,0.12434722204409802,-0.24601189453614708,-0.29908052615903291,0.92197016579668767,-4.9275980364979413,-17.892919162991166,-0.41530697253453142,,0.1844413586035077,0.5909090909090909,0,5
0.035151648674874449,0.96736786909184824,-0.2509258206006999,-0.98422093532744803,0.077078099406302933,0.15927371740206828,0.17341716194944484,0.24136771209216973,0.95481313119415701,12.474903039237624,1.6828982104449655,3.2588170271986736,,0.08548869508530493,0.3043478260869565,0,2
-0.72659883072460907,0.66882102437516278,-0.15726594209615188,-0.67962932616876404,-0.7332341505662745,0.021717722135297136,-0.10078749030025225,0.12266261776561239,0.98731745857240094,10.293365963305556,12.350191304153867,0.9620058328346589,,0.2353735309760707,0.3,0,4
0.4351860742741237,-0.83121151316898423,-0.34597760206869643,0.90034036026275754,0.40201207866055838,0.16665390572364217,0.00056252982556237463,-0.38402305788369689,0.92332333154418345,9.3781425561601051,-15.557519890078199,4.7461612128169532,,0.09552808955856942,0.1666666666666667,0,2
0.042021336357403287,-0.92961876924083153,-0.36611903961129927,0.9874464444698392,-0.017202972941435146,0.15701457583883333,-0.15226203267594474,-0.36812090622122817,0.91722585648696753,4.4151502049928597,-15.549617786126154,2.6700582096586598,0.1633920814657655,0.1587664676372229,0.5932203389830508,1,3
0.93883397571502702,0.0041929045639092074,-0.3443445739291317,0.15126903720549134,0.89327078323634235,0.42330247601361298,0.30936781414045156,-0.44949941865106979,0.83799870417937394,-4.5810169035657005,19.491182929922427,-5.6784547920838913,,0.4174370197047171,0.3243243243243243,0,2
0.43894531992022023,-0.76245213860517336,-0.47538799149382377,0.89559050344794111,0.41390807699692833,0.1630881783899924,0.072419998991969103,-0.49733976327366081,0.86452790794334711,-3.7711513947034669,-18.098985739150944,-0.023639572330475259,,0.3696663024071803,0.282051282051282,0,5
-0.90753434259655086,-0.25127602075622596,-0.33651415780136734,0.23477212266220696,-0.96791272749144719,0.089593539838254355,-0.34822904449302966,0.0023050711450961475,0.93740664560183673,0.38379966469599874,22.537435209715614,-4.1433737318203674,,0.1925046316155803,0.4642857142857143,0,3
0.89372261470728043,-0.30408910647721377,-0.32983284142527824,0.37760603346215899,0.90687057134473692,0.18708140025626635,0.24222628150916606,-0.2917457491562821,0.92531661953921607,10.340726937531432,-1.3070781146487747,2.8847261799319188,0.5036988967852394,0.6007530391989115,0.7651006711409396,1,5
0.94612917109200823,-0.050265752767732111,-0.31986394874609136,0.14775239379735364,0.94605099353751931,0.28836911719846642,0.28811251575712676,-0.32009509794022822,0.90251332762388292,-0.96527940589950878,-2.7506406449051641,-1.117946216790473,0.5388572775392539,0.3431319022651401,0.7119301648884578,1,4
0.5330235478744817,-0.72418633996211512,-0.43753861820824225,0.84503119532429949,0.48163320711561342,0.23227512293036329,0.04252265678537951,-0.49354189165237644,0.86868188932664414,-16.391008407194605,18.97157452028328,-9.766297534627693,,0.4870061014193429,0.4516129032258064,0,1
0.78145145487428236,0.57370132320342448,-0.24535772950838017,-0.52333751683659524,0.81675594911511806,0.24295588705847035,0.33978149912285377,-0.061453326514532766,0.93849455060438347,-10.401238642453375,-18.277872936432139,-2.1309841698956662,,0.1185782877900339,0.3,0,3
0.90685329320225017,0.29717742632417304,-0.2988355432199738,-0.24824751950006332,0.94966780742476919,0.19106078771715104,0.34057344827555414,-0.099078922200301761,0.93498293754770023,-3.2528206395254404,-16.435792173269064,-0.068082522329774367,,0.1752411493743481,0.4761904761904762,0,5
0.92555641235898944,0.28132533220342276,-0.25337992225468464,-0.19720708556414196,0.92950548050289228,0.31165514133154176,0.32319451255312698,-0.23848609849574043,0.91578910666147684,-6.1738809998248456,16.581961133641737,-5.9050713346775163,,0.1596711746607558,0.1428571428571428,0,4
-0.80452567727439084,0.55767497268861288,-0.20429649885139822,-0.57241388926251724,-0.81980197362979534,0.016342074900442805,-0.15836910679025373,0.13008977234759164,0.97877263812644977,0.073089039225531963,4.2037809065075677,-1.6711121877138693,0.6684666301753561,0.4156757529515608,0.6789667896678967,1,3
0.72091236926786306,-0.57549145046837424,-0.3861281474774978,0.68023878334474508,0.69413936370159324,0.23546919414991127,0.13251623851535366,-0.43241199589946011,0.8918852573801116,-12.943508659564003,-10.169870713232825,-4.1833356296033015,,0.1270594289171032,0.25,0,1
-0.39906768968819945,0.88070102319915811,-0.25516795798626274,-0.91691673746409041,-0.38240770039507171,0.11414047151103156,0.002945438020166813,0.27951754580796728,0.96013606638869664,13.376203662250871,-0.73729609520537653,3.9552718630352079,0.2687614854425958,0.2981810120687975,0.5306122448979592,1,5
-0.94801918633768945,0.044541165754223948,-0.31508047684501228,-0.044810475090366939,-0.99897504989809316,-0.0063930433501945255,-0.31504228868169604,0.0080581781040514004,0.9490434247745686,7.0805990767463891,1.4040234604060984,1.3830411055203067,0.2427376568928122,0.160741770022712,0.328125,1,3
0.87699582994222347,0.39983013632010755,-0.26648485201638406,-0.33499185708360762,0.9063666503446195,0.25744892858729995,0.3444688229021976,-0.13651138133253651,0.92881961263479784,-14.484494950504299,-11.365187892323803,-4.5013536964882794,0.1780142279766926,0.1340260915763117,0.5238095238095238,1,3
-0.91705569963886346,0.2896268173098559,-0.27408967593624783,-0.30261097776571316,-0.95309910710640677,0.0053561337406380577,-0.2596833454335355,0.087854417805435583,0.9616892228659496,-14.708884280031013,1.9452227540028213,-6.5449179682054757,,0.2047222672094329,0.1515151515151515,0,4
-0.8283038107858709,0.51851059875110517,-0.21227236282751596,-0.54109828315517228,-0.83859642104594201,0.062997544201842462,-0.14534594939017395,0.16704131701979791,0.97517780604572912,4.9527291363524331,12.392355908808966,-0.98437587672184979,,0.2738191568038261,0.1428571428571428,0,5
0.81287197214953455,0.50012107860393251,-0.29852648731689857,-0.46689708447625716,0.86593173315505301,0.17935815014282619,0.34820435006084821,-0.0064140666604930218,0.93739670916190931,-8.0972941684145177,-11.218065154445062,-2.4216654970060909,0.2457820810720761,0.2067470169150592,0.6785714285714286,1,5
-0.83819906476345118,-0.43455085612856148,-0.32952675349296284,0.42244425830205395,-0.89948979465450007,0.11161970229324965,-0.34491038902489585,-0.045647154898641802,0.93752501875542249,4.3985065344185177,-8.1885684416502134,1.6734043159281939,0.40349151352496,0.3125777186228363,0.8333333333333334,1,5
0.65016528973844012,-0.65899050058209707,-0.37817537751933072,0.75023968107833794,0.63549794063995046,0.18243571025941038,0.1201062735863713,-0.40233554104123032,0.90757952569472189,-18.15056627709388,-13.211122091980886,-5.4257864577016131,0.2842634591303342,0.2192161828684471,0.8181818181818182,1,2
0.94577660008360065,-0.033178385745519359,-0.32311889058615517,0.13860317260335123,0.94088071461025558,0.30908355087060385,0.29376143940039467,-0.33710929324748234,0.89446159287450255,-17.461490752334232,-20.113514892703726,-4.0186196074509084,,0.2647226159680174,0.4042553191489361,0,4
0.91598155504802792,-0.23576336691526242,-0.32464353625565168,0.32734797232622653,0.9070050274917294,0.2649248669314247,0.23199374091923936,-0.348937694904842,0.90797653562676961,-6.631816441624971,-2.3957785949418851,-3.1624818271561024,0.667352852081834,0.3479986287577925,0.19140625,1,7
-0.94771303250842609,0.055928254619583846,-0.31418472010727877,-0.10046352038965878,-0.98675197104162637,0.12738771022504627,-0.30289781954414702,0.15229109619630013,0.94077645215785954,-0.54627101978812231,18.758924326361427,-3.9933795661984894,,0.08284246784926794,0.3666666666666666,0,3
-0.84059078451144753,-0.37289734719715179,-0.39288000896935016,0.41307401520880399,-0.91048608314461887,-0.019620151866036349,-0.35039547792987619,-0.17878104164954567,0.91938041538472914,-18.366604418824522,-23.027118232737379,-3.7451756625762922,,0.137440965172351,0.1875,0,2
-0.94434192181933796,-0.037819036729391152,-0.32678441694092447,0.047442701984664624,-0.99864198243125102,-0.021526285192150031,-0.32552653459119629,-0.035831709234146837,0.94485372618750108,-0.12318624197407951,-1.6595434798135624,-0.83661521909967596,,0.07465381742374549,0.2727272727272727,0,5
-0.66548351952801066,-0.66200913240656223,-0.34478340135065194,0.66212589951868517,-0.73681307396975393,0.13673253897231225,-0.34455910729972783,-0.13729676848911701,0.92867034998392306,8.0958402394547537,-12.235256162366086,3.7803508453279395,0.2577344736749818,0.2836997215424316,0.7142857142857143,1,4
-0.91594606603131123,0.26829075325082774,-0.29843403934851098,-0.28265580521162709,-0.95920732118080199,0.0051971889821358025,-0.28486575768584721,0.0891144584972203,0.95441611123493464,-0.8894443168940005,-6.7838511929080116,-0.48107323059623114,0.7543780576215244,0.7779612302619658,0.4786516853932584,1,5
-0.80394856549319427,-0.43512625980761255,-0.40537864036882104,0.48164060760818073,-0.87624646868037981,-0.014644153372127043,-0.34883954641677034,-0.20701996075500101,0.914031567674082,-1.4517481800261254,2.5066461307796124,-1.9906145322928877,,0.2589401585721461,0.1391752577319588,0,1
-0.28605351335892149,0.9346140355037601,-0.21135276703746786,-0.95169793865545915,-0.25143260239628878,0.17621770629303854,0.11155456536586587,0.25155168671985978,0.96139343031582358,13.056964271023309,2.4865475792728291,3.3802689978856284,,0.2580349939500575,0.3,0,4
0.38083663974232668,0.88817363488146572,-0.25712068787092807,-0.88772835163966501,0.4289990918934049,0.16702740149375808,0.2586538759131527,0.1646431700863405,0.95183548947232688,-14.484708729275326,7.6204147842742369,-7.3414317376065146,,0.1834176525396834,0.4090909090909091,0,3
0.91257918192685639,-0.22512760491647443,-0.34134557008738475,0.31916571024249157,0.91400083815041544,0.25047099086669367,0.25560220288392616,-0.3375204132566047,0.90595114907812468,-22.787205273392349,14.757300155445455,-11.315251009002468,,0.1237587018979123,0.5263157894736842,0,1
0.72919316239567056,0.63705635482782597,-0.24987303313660256,-0.58551970710651613,0.76983411963065973,0.25401200924835593,0.35418075117840869,-0.038918235134326552,0.93436682650270075,-8.6806252912026345,10.291994699401064,-5.8174629620200822,0.2164253956525009,0.167576997780981,0.36,1,4
0.75568959313430351,-0.50164441772007839,-0.42105357972447349,0.6379347651358438,0.70930928858668996,0.29986591762939296,0.14823115144795176,-0.49521026977933907,0.85603406149842387,11.159932324432573,0.011011149222804936,3.0469282695679487,,0.08557644785030016,0.3181818181818182,0,3
0.87015287058908874,-0.25943607886923581,-0.41895930922528379,0.43984056178386588,0.79226015283483586,0.42292331508179781,0.2222031998312004,-0.55228323459170847,0.8034979569194296,5.5009191094275725,8.7041295444356912,-0.20181506968814819,,0.1984275650452554,0.4482758620689655,0,2
0.13989325183421147,-0.9069928506551943,-0.39723273650545987,0.98335733968486183,0.080293327191753069,0.1629764525825439,-0.11592333923400414,-0.4134210329299226,0.90313057137492314,-6.40340396864997,8.9516413485377946,-4.7437370262383194,,0.09777105730564745,0.2933333333333333,0,5
-0.93886235231814663,0.093578020970667045,-0.33133161242303671,-0.11852476453086125,-0.99137877760911486,0.055856955691837622,-0.32324814553611891,0.091712994158240121,0.94185952408519491,-8.3619317509346942,12.575419387851783,-6.0892553171932198,,0.1447866733697188,0.3333333333333333,0,3
0.94026930378051998,-0.1127967239529299,-0.3212017052158711,0.18393428320165831,0.96226831349914899,0.20051900732498001,0.28646433605457583,-0.24762187282425149,0.92553854175167727,-14.192145321062439,11.820529452304363,-7.9272254820430712,,0.0797287433872379,0.2758620689655172,0,2
0.047306861084159532,0.98685855287365776,-0.15450649667400429,-0.98336875321993233,0.073165348465254451,0.16623094469632577,0.17535095119513627,0.14407299679005761,0.97390708771981538,-8.3180709689021093,13.59186264080288,-6.2481439271436292,,0.4386732077769234,0.4090909090909091,0,1
0.89237038725433282,-0.22744728861341446,-0.38979843875259262,0.38318696272885788,0.83814428389320417,0.38817767964139893,0.23841737257629791,-0.49576394612714014,0.83508997489747216,-30.027553675257231,8.7500940815354475,-12.698753201917025,,0.5629453628772769,0.2857142857142857,0,1
0.71672291852853487,-0.5928137787212765,-0.36726023718085982,0.68511226684335791,0.69683806356204758,0.21222133491204748,0.13011318102596423,-0.40371838814859234,0.90558380241367364,-2.1974325002219088,-10.726353731614635,-0.5188620626037741,,0.2416885614334827,0.3707865168539326,0,5
-0.1611143879951048,-0.91445504273866052,-0.37123325388601547,0.96420995414498001,-0.22609990780474884,0.13848464181424711,-0.21057378352658035,-0.33563493039390285,0.91815460309840058,-25.675981196130756,19.293387155881536,-12.928656215378124,,0.1295439666540504,0.4117647058823529,0,1
-0.090174492519541974,-0.83576377741077823,-0.54163407321448209,0.97351286512418622,-0.18869913340316793,0.12909430076727244,-0.21009822068865944,-0.51564672540505985,0.83064263810768713,-3.7024345510204162,13.261491981534164,-4.3500817746063785,,0.4564535616733247,0.1818181818181818,0,2
0.53467859155240427,-0.71785152813930886,-0.44587889306805639,0.84259781011954005,0.49308553983112846,0.21655387503159157,0.064402904571851702,-0.49148329977477595,0.86850240755291219,-10.634455794203109,13.659022623346972,-7.061829867775125,,0.4918421972306857,0.3793103448275862,0,2
0.59479519118206614,0.75610419303754128,-0.27299291166207817,-0.73857519902002433,0.64807438781580406,0.18575861554636597,0.31737258221091091,0.091137462814258691,0.94391133425367812,0.59040453857456765,14.359774631094885,-2.9259788884663567,,0.08653737912261497,0.1052631578947368,0,2
-0.91443525880732535,0.32950660159863965,-0.23501820557756173,-0.32197001374290868,-0.94409112726352407,-0.070903128793306888,-0.24524165164256401,0.010832493951284477,0.96940145934201272,13.919936050514892,4.2498583112132007,3.4591731687335834,0.8466079703572212,0.3809329643849111,0.1555555555555556,1,5
-0.037233375568654963,-0.93019283436407163,-0.36517799309583321,0.98465250104919955,-0.096502383828253074,0.14541919437619535,-0.17050843944309804,-0.35415897675083902,0.91950981031497403,-17.431151152471667,12.811893431226888,-9.128271967923812,0.3534301589341607,0.3778687126158545,0.9668874172185431,1,5
0.87783230254201505,-0.33826605797610348,-0.3390966272835686,0.41992636828141944,0.88405926457295148,0.20518543307142686,0.23037424733628878,-0.32251401635283822,0.918102617042452,5.87205610750462,-0.4647839389442639,1.1602288070355915,,0.07548117923801916,0.1964285714285714,0,5
0.80008004173221292,0.53878177024185381,-0.26379183246801724,-0.4896359942551996,0.84056505519385361,0.23174766690664858,0.34659561444355041,-0.056254706843135723,0.9363262721970852,-4.640590826351608,-6.5514411248679334,-1.8445339987024731,0.2077626404536257,0.1369760140479387,0.3434782608695652,1,5
0.94718284607505232,0.086196463403479848,-0.30889290344372861,-0.028672817106472587,0.98210579563449463,0.18613456352949254,0.31940965179584485,-0.16744663591087308,0.93270525808627691,-12.21450700747735,8.2086385491671265,-6.6880039654736176,,0.08081492763797664,0.3125,0,3
-0.23344247551477323,-0.83644233859695138,-0.49585161573599545,0.94328105038354348,-0.318600348812279,0.093352438232816984,-0.2360624294818052,-0.44593500864941832,0.86337506186360857,10.191532716496949,-2.3697387073561083,3.0368510775452289,0.6204920750055384,0.2348143983543633,0.1272727272727273,1,5
-0.8905775591882692,0.39158213009383702,-0.23137641725430466,-0.40653907000026629,-0.91343829473569871,0.018880314448027034,-0.20395488627042777,0.11087793784838947,0.97268108199188552,-9.9017942391640279,-3.3870490547589793,-4.1171213858086428,0.448033657189526,0.1739291185339703,0.1272727272727273,1,2
0.53214652174737398,0.84030017894400144,-0.10351661054560703,-0.79157234205813154,0.53717374656737915,0.29130326686696861,0.30038859279402591,-0.073075134385398643,0.95101352148840679,13.506107878458588,-8.7029258280294979,5.2046537576201324,,0.2911442190396014,0.1363636363636364,0,4
-0.84717652413504063,0.47891692878021797,-0.2300663214862062,-0.48924491653850627,-0.8720384702186581,-0.013722904209076328,-0.20719881417542135,0.10093305596495668,0.97307819296183662,-9.2237548260963145,-8.3542929437088578,-3.2123856655081111,0.4211884193690004,0.4918191803717987,0.2266666666666667,1,7
0.88456179048912409,0.4151194999336893,-0.21266461760593675,-0.29707874561127018,0.85293321019244706,0.42924253966358117,0.35957566340439329,-0.31651341160464391,0.87779530789454552,-8.4240587503084203,18.629443337240062,-6.9407701121918866,,0.5400452024967853,0.2456140350877193,0,3
-0.13975015628942275,0.95187245800479148,-0.27277961344096152,-0.98379759202465655,-0.10223135383974376,0.1472788111663782,0.11230401481501236,0.28894216373525611,0.95073667977648735,-13.100917371187517,5.9493065392007791,-6.6424415677038313,,0.06833949801881445,0.1690140845070423,0,4
0.66877105202678377,-0.61189792363585371,-0.42228688236922568,0.73798289560095898,0.61522927479272871,0.27726194336481996,0.09014724494632613,-0.49706525777622385,0.86301773083781019,-0.55180857824553753,-26.068063500196079,2.4533545463701536,,0.5419232257920128,0.4166666666666667,0,5
