axis_00,axis_01,axis_02,axis_10,axis_11,axis_12,axis_20,axis_21,axis_22,location_x,location_y,location_z,dbh,dbh_approximation,score,reconstructed,number_clusters
-0.97085501059904056,0.084442355558394216,-0.22429899015039334,-0.082123938714371833,-0.9964281412787066,-0.019662603029611741,-0.22515818236247731,-0.00066922015191207677,0.97432199249509599,-19.033400428931731,16.359087265947228,-10.814475496422387,,0.3467197478983685,0.7826086956521739,0,5
-0.60293605295435304,0.76348260764296649,-0.2314355717570688,-0.79654542804535988,-0.5923030840041601,0.12121236627999367,-0.04453646941395397,0.25743225226427363,0.96526946413231329,15.490173805250313,1.2777416355936886,3.524025937257985,0.3606440361883393,0.2987544551965563,0.7924528301886793,1,5
-0.8903260676901249,0.38960221429463154,-0.23564721048244436,-0.40108202747104077,-0.91604174206254974,0.000856760600645686,-0.21552888537538689,0.095276657244718566,0.9718382880670603,1.1461577047177722,21.717228316059771,-4.9653086526829027,,0.2950814053348566,0.5277777777777778,0,5
-0.86661628978682848,-0.40056937393959824,-0.29752375188840041,0.40434627451910138,-0.91314670837727985,0.051644740896468887,-0.29237013622912245,-0.075546446914320192,0.95331654648389863,5.865170514153677,15.219042186053542,-2.106154779456189,0.1568914574807203,0.1649608413000964,0.3214285714285715,1,5
-0.92271514185392145,-0.21552116575127786,-0.31960505957620383,0.22271029251280799,-0.97477900667449258,0.014353179283701507,-0.31463771643329419,-0.057935440447974378,0.94744213128704735,10.220503128897942,1.0081545729544714,1.9387017807573552,0.1179160242741077,0.3074938394160265,0.3265306122448979,1,4
-0.22193579166714622,-0.93600741710600188,-0.27319337382086634,0.95533532155031198,-0.26480896241830798,0.13118931671939141,-0.19513822735547937,-0.23187567476018184,0.95297153350930253,-23.087104063780465,-18.822698420611598,-4.9012740955001828,,0.1532021155738821,0.3076923076923077,0,1
-0.8598658206201617,-0.40091483354273499,-0.31606655434357361,0.40868623041923491,-0.91159097858381388,0.044468560020794155,-0.30595152491029387,-0.09093505380219416,0.94769429690964191,14.906614728120346,7.3664858860533204,2.3436210672951532,0.4115182474018124,0.690271022159592,0.7603305785123967,1,6
0.052506070282355544,0.97810042233233563,-0.20140177858402861,-0.98814241027930139,0.080026799987336777,0.13103544669744591,0.14428336560711613,0.19213348255078422,0.97070440160328431,11.959808627713246,-0.21297235117239038,2.6462426708086295,,0.09644318772746334,0.3243243243243243,0,5
-0.074894837547484938,-0.95300621166490007,-0.29354714074038318,0.98367024534661818,-0.11891778585601664,0.13509777432226552,-0.16365699413243248,-0.27863546209199763,0.94635018229845502,-4.6296001331746846,27.009182894827209,-7.9615782533871045,0.2141750461992076,0.0931371144476629,0.5454545454545454,1,4
0.37205715300393055,-0.85186355751922127,-0.36864882241681707,0.92782876728656483,0.32993576745295955,0.17400048261634404,-0.026594237986898007,-0.40678110664818595,0.91313847678212201,-5.6718177860283818,-20.438002682554238,0.69340257804911976,,0.2780926135038533,0.48,0,4
0.85629051981857129,0.49358959554317633,-0.1521047561398528,-0.42933844407992472,0.84393667576920373,0.32161994298652469,0.28711503984269088,-0.21009568882570986,0.9345719637529154,3.6373673097560419,-8.1317528779925325,1.5453682639416262,,0.7623216526396441,0.6373626373626373,0,1
-0.93886188214475086,-0.17741880599505028,-0.29506089801074631,0.18786313971800148,-0.98216887778709139,-0.0071927909563385397,-0.2885234946948203,-0.062184103963453578,0.95545137512243505,-10.557704197321595,-12.619430937640791,-1.9967540479621213,,0.1706667784653104,0.5454545454545454,0,3
0.42922805963571714,0.87324183248435561,-0.23067720914889167,-0.87133886296736507,0.46758901665639252,0.14875852037798404,0.23776429232350341,0.13714668607615799,0.9615918717388533,-5.1466834125055403,15.291463343216655,-5.6516296264033361,,0.07303943877603084,0.2666666666666667,0,1
-0.34493455862609151,-0.88875208435513886,-0.30189382706478379,0.91173026367632848,-0.39369132575957011,0.11728199486011164,-0.22308759840501771,-0.23479112542017072,0.94609991589779474,14.883892366742007,-5.8043563006654226,4.6011025045737224,0.2175480344932916,0.2009360025872051,0.6290322580645161,1,5
0.94758356397559984,0.21584722310258309,-0.23557454353602383,-0.16556683266074915,0.9623109030078546,0.21574371340759169,0.27326363315668206,-0.16543186582733477,0.94760713619247261,-13.471440072542292,13.95912982421051,-8.3060564978495073,,0.07788739500409721,0.3333333333333333,0,5
-0.9312436962507874,0.26297752513843931,-0.25224591070071778,-0.24080572632523589,-0.96365871126641067,-0.1156481317157278,-0.27349182869356181,-0.046954333904595344,0.96072759415217679,-13.053534123809483,18.079330931084495,-9.1517969466329294,,0.288370668465534,0.4153846153846154,0,5
-0.041157667150266385,0.97842910654480153,-0.20244142338140056,-0.98796534682998827,-0.009617698357919674,0.1543760776201927,0.14909902715258599,0.20635887028241756,0.96704989362385818,-0.74328437267684244,-16.631681513896684,1.5926731615134593,0.1993686718546572,0.1471784088637831,0.2380952380952381,1,5
-0.51789715960803429,-0.78079635100096734,-0.34948474978674532,0.8193690502045754,-0.57015968106114412,0.059601154847083365,-0.24579847769419072,-0.25548971868908615,0.93504444386745056,14.706179125489557,18.948373109047864,0.08832426279290953,0.2708114612883398,0.1692308698261766,0.32,1,4
-0.77891942973913686,0.592890240374227,-0.20436654531465864,-0.61607546797413137,-0.78432683879836895,0.072680311646361198,-0.11719871900030496,0.18251732194383127,0.97619254630177299,-14.473490666317161,-3.8508837888950418,-5.210728679569482,,0.1074682762715557,0.4117647058823529,0,1
-0.034255238344729405,-0.86153503756400973,-0.50654117078034722,0.98803988776988727,-0.10543901237891763,0.11251575376020165,-0.15034546491867878,-0.49662862756604914,0.85484282032444303,0.24475013654914216,27.0800800683493,-6.2013538529948251,,0.440755797808733,0.1666666666666667,0,1
-0.47772218941198474,0.84859848750582256,-0.22729301957220102,-0.87851003878719802,-0.46108069663666723,0.12499881175099585,0.0012733787869180727,0.25939390546401597,0.96577077006637035,-3.6751313759074429,-10.746809009374429,-0.20052293841444749,0.1271516811212342,0.1202882524510294,0.5769230769230769,1,5
0.77046379920325025,0.61798326881655119,-0.15646793147511862,-0.57032238895403387,0.77786647658330077,0.26392445370909395,0.28481205517859637,-0.11410707283376524,0.95176765502629523,17.9943189334507,15.93485300126197,1.5794634401501864,,0.2215453071403869,0.4117647058823529,0,5
0.94379556752249127,0.2255806483737367,-0.24158497015373892,-0.1804263395882762,0.96400880013236079,0.19527767217514097,0.27694090111010033,-0.1407139095706261,0.95052792328562097,-27.01809989010259,7.273192857885471,-11.670445396501631,0.4457967833783108,0.4415125556652599,0.8160919540229885,1,5
0.96588716718508261,-0.061171164661483445,-0.25163479266813454,0.13462289329321189,0.94868920963143555,0.28612140802506897,0.22122083280862559,-0.31023680011056265,0.92456177240280613,0.5149184088044636,15.973516495296831,-4.0215940760308992,,0.1246678465802295,0.4186046511627907,0,4
0.7792143077496716,-0.52804787685699828,-0.33762479521654865,0.61161677454038021,0.75832356557180569,0.22554443242803687,0.13693057985352225,-0.38224443703640715,0.91385951144347066,5.1293119760544332,-6.3409752176803096,1.7697937638103747,,0.199086791467794,0.2058823529411765,0,3
0.9619716159206696,0.11479551925450827,-0.24785600440994535,-0.063130686265302632,0.97627159491016846,0.20714316166175417,0.26575388353634072,-0.18361852229729847,0.94639268364390339,-7.8351899204430504,11.32506332729759,-5.7822821960299411,0.8030238949396914,0.626170639624546,0.8866886688668867,1,5
-0.93062162652139813,-0.25025356477244604,-0.26705157099210663,0.23249843059934089,-0.96777838945951244,0.096692650516973858,-0.28264441975654231,0.027895200552018041,0.95881905997255423,-14.786994870189822,-6.4600609275192964,-4.6287750106800152,0.3275405910544903,0.1253759462968294,0.4222222222222222,1,2
0.86507406203941117,0.47307627323601364,-0.1668703295608813,-0.40939311943890788,0.8580230951001987,0.31015099875827451,0.28990367528320954,-0.19998801958067319,0.93592769543458199,1.546555480277273,-17.145458988943822,2.3079920917462586,,0.1415117632125919,0.2777777777777778,0,6
0.70729515478989913,0.69138236545325615,-0.1473905992626123,-0.6515670266185839,0.71846373748913861,0.24345485769759223,0.27421519621302748,-0.076159586746499863,0.95864787253321149,-14.16931783319696,-9.4836968617286868,-3.6493628431798837,,0.1699261564778628,0.48,0,3
-0.4210186607920115,-0.84446768735524125,-0.33108550599171643,0.87574999821596422,-0.47350612383351415,0.094095118454143159,-0.23623130167198314,-0.25033233052294818,0.93889748982799481,-17.530938197668565,-12.280152465015098,-4.3505689779857528,,0.06972981624678506,0.1578947368421053,0,1
0.59066348741448305,-0.72282095312171346,-0.35867326965300889,0.80518037916509677,0.55712009213081914,0.20322834436096837,0.052926379461603452,-0.40883624187731527,0.91107174562968507,-9.1501133955656311,8.6679798199534375,-5.843343898039512,0.4673476620691698,0.2513895427491283,0.1447368421052632,1,3
0.63009253307598634,-0.70652383158364029,-0.32219167457626918,0.77546904769740521,0.59409973029293928,0.21375983376008331,0.040387570181535833,-0.38453814618348398,0.92222516681372502,-5.6833294254191085,27.109425320884203,-8.4539136353037385,,0.2369868605294892,0.2941176470588235,0,2
0.95834447675695289,0.17603009057249763,-0.22492058839172685,-0.11367881223983771,0.9575182815100397,0.26502050528553556,0.26201715882205512,-0.22841223213107284,0.93764324809370825,9.0668154140090387,10.876075203513306,-0.28383268126335881,,0.1506423802321896,0.3,0,5
0.46276469512754825,-0.84069832817732981,-0.28120305464797285,0.88639802294811687,0.44316792466254024,0.13379363013225934,0.012140092964142556,-0.31117280014509718,0.95027580553894064,-12.287051879329121,-11.851090276550144,-2.7147009348318312,0.2022720465461127,0.2760758979090052,0.8,1,4
0.41958315703819843,0.90752354150904391,-0.018734885554574036,-0.87778291250556029,0.41091672546398866,0.24626124999116403,0.23118635955245304,-0.086881910319913269,0.96902239438314763,11.188540662278665,7.6740148267424955,1.1326022411047121,,0.5928187772085514,0.2923076923076923,0,5
-0.72149092563300299,0.66419928327927191,-0.1956787068654498,-0.68638732176812489,-0.72328252624593414,0.075728671870572348,-0.091232059854054803,0.18894893309728317,0.97773974652572315,-18.684728184920978,18.885211741037566,-11.198249268516717,,0.08162087946122254,0.375,0,2
0.71963761168728924,-0.61716825177611101,-0.31815885473240074,0.6886817392643475,0.6928517545850249,0.21371454834026984,0.088539086559820401,-0.37290722058988218,0.92363468697482431,15.762308949939442,-9.3726606485925696,5.4466938640153115,0.6799794725708512,0.222647607024889,0.2,1,4
0.96348500022624006,-0.057657016807181979,-0.26148101795721113,0.11723784369425252,0.96879878740206027,0.21836711642145429,0.24073209662395462,-0.2410489119270097,0.9401826842235721,-30.887756728552848,8.8598508409983321,-13.16932702802848,0.2351711289682388,0.1479360289777029,0.4838709677419355,1,5
0.65984999040149828,0.72768261409396517,-0.18728588658122666,-0.69878176039762852,0.68590689737261223,0.20306594857894986,0.27622824168200899,-0.003121102697831083,0.96108699773496875,-8.7861075777053248,16.483969426212113,-7.2320223945852531,,0.1348712498869649,0.3333333333333333,0,3
0.59247950830277984,0.7852287570047759,-0.17995508165659213,-0.7620025915165014,0.61874358722154055,0.19107177655100174,0.26138110636278244,0.023920126357410646,0.96493924409343701,-5.9125897905359075,22.689119189002188,-7.5946048335215792,,0.1028111191549353,0.1333333333333333,0,4
-0.42057559435214892,-0.83325304716943849,-0.35889487154065636,0.87418801160032489,-0.47801934053400347,0.085398070526850695,-0.24271689230378912,-0.2778252498573231,0.92946309272187311,2.9906789084895502,13.242047552110696,-2.6396800549860973,,0.4941888473229074,0.3666666666666666,0,4
0.73359688563390424,0.65587182266832755,-0.17795438072147243,-0.62109941465331364,0.75334336718423522,0.21612331719837805,0.27580994634992462,-0.048020030708499195,0.96001195312621368,-0.82622324595644148,11.640450153317612,-3.6326725811966036,0.4180089292414427,0.1400102066287778,0.2549019607843137,1,5
0.33151849260361843,0.93680004099356284,-0.11180864124155498,-0.90874074293976337,0.34892114677018599,0.22900719520981169,0.25354634918119223,0.02568494755759668,0.96698217785326956,2.8142680858818192,-13.09187884370262,2.0611171317146808,,0.09891443016257477,0.3214285714285715,0,5
0.46067082575681534,-0.84475790041652599,-0.2723352345554938,0.88754235498472445,0.43596780492049342,0.14899879590444767,-0.0071385155811653266,-0.31034845376877351,0.95059606502374516,-8.0931558499669958,15.170346289204254,-6.6553492334654694,0.144533560224892,0.1317810238602941,0.4883720930232558,1,5
-0.6503994770644862,-0.63328827707558433,-0.41943590494005173,0.70890363942423973,-0.70440026458355487,-0.035719704165700701,-0.27282989250686912,-0.32057171642747212,0.90708192815281818,-15.571302831165518,33.58570601216492,-12.999590301830517,,0.3187236949858739,0.4705882352941176,0,1
0.63432282183405164,-0.67008900293919649,-0.38550653151462905,0.77091464554232392,0.58549046851284514,0.25078181865709964,0.05766426093204774,-0.45626926197209783,0.88797139232668876,11.857361193006829,2.8866136919146066,2.1694034712566768,0.3756010924747616,0.2224243525965564,0.3125,1,5
-0.46286661777328714,0.86512851696647652,-0.1931505715303537,-0.88642600430675678,-0.45128823959615133,0.10289734540290561,0.0018528464252792792,0.21884143559571032,0.97575867560915563,-3.8401866415143115,14.954884996801907,-5.2314183058767458,0.2381127369834281,0.2773267986078897,0.8412698412698413,1,5
0.93374798830056949,0.28314263288018471,-0.21896333891844774,-0.22866893765428309,0.94252224983672361,0.24364384973723693,0.27536377992884181,-0.17743184045823529,0.94482417977891686,0.41084872140769185,23.48517822367517,-5.5185869570087593,,0.1302720989711767,0.2,0,4
0.0079997003845281422,-0.87738702258058909,-0.47971660113125775,0.99288012469418574,-0.050048136644420087,0.10809367236651564,-0.1188489073614728,-0.47716579574146961,0.87073976628691674,9.4990598942741027,29.381623060627664,-3.5429577871145832,,0.3290559899344119,0.3846153846153846,0,2
0.1982769720635531,-0.90711440757056583,-0.37125421738643022,0.97686726531077961,0.15193352139404209,0.15048771059806051,-0.080103609865900843,-0.39250433966353537,0.91625528922443022,8.4482191889020122,5.5810207738344024,0.61606080992991485,,0.4697472286647521,0.8941176470588236,0,5
-0.95453170420712019,0.18410595459405593,-0.2344658251141564,-0.18625178443501314,-0.98241393955333223,-0.013157665677294757,-0.23276489954076876,0.031110269274203597,0.97203531452692737,16.894694467030359,5.6148090406584492,3.2365108770798297,0.2147118641459624,0.2320040000082592,0.7272727272727273,1,5
0.85859656792375694,0.4672907699198644,-0.21083469803911759,-0.42967858117101015,0.88027627570038192,0.20122125961720139,0.27962162010905595,-0.082176728985557973,0.95658702415453101,10.181993854502515,9.8357709780457334,0.27560631779935274,0.259237385503343,0.1752922600576847,0.4666666666666667,1,5
-0.57327938053802496,-0.73786667918133109,-0.35623519703119277,0.77629443021772093,-0.62822477631888241,0.051967182259907881,-0.26214062917236325,-0.24675168524856061,0.9329501038984418,-13.450779772516057,21.501315884860084,-10.006648275971401,,0.1004571571476429,0.25,0,1
0.78511400853321267,-0.55679410072663482,-0.27124955852669591,0.60699389515294622,0.77878072133385845,0.15830034531159046,0.12310322843842808,-0.28893064474841074,0.94940227389305509,-16.314690164408855,-14.745917779215759,-3.5311154198967398,,0.07720685478624986,0.2105263157894737,0,2
-0.79736250153117072,-0.47067392544421438,-0.377728867124144,0.53017737124917463,-0.84532643339486813,-0.065842053576933735,-0.28831405821997275,-0.25276328236286061,0.92357226404969772,7.5345716959704756,14.747960200498492,-1.4688789572847205,,0.3287962264343663,0.3181818181818182,0,3
-0.60994360140203197,-0.69567804141280265,-0.37947446001643648,0.74711936513857535,-0.66446550978224794,0.017269642287830053,-0.26416180144686202,-0.27297920984181973,0.92504102268520194,-19.30505495205351,-16.550564617807957,-4.1024494460778218,,0.1975069140017588,0.1904761904761905,0,2
0.95450617862912479,0.17841729032821999,-0.2389251461666603,-0.12673762771654595,0.96801123513606446,0.21654519706318257,0.26991763313945705,-0.17641292232227773,0.94658488903959748,-1.4222553525956672,20.187279291462598,-5.4995551899576895,,0.1661405802104505,0.5882352941176471,0,5
-0.55310888469312303,-0.66560953021987024,-0.50103344694143348,0.79181251900865568,-0.6069970711169429,-0.067731015027248292,-0.25904342573147454,-0.43418718191114036,0.86277343181704758,-5.9629838282170669,15.872036736920888,-6.1751312523382174,,0.7259901620100846,0.3469387755102041,0,1
-0.042170522557048597,0.98340934589125439,-0.17643045497022372,-0.99146669033406976,-0.019388623313611898,0.12891036903216485,0.12335091805605468,0.18036113688857011,0.9758352377911913,22.494480343303728,-10.090275945719267,7.5174639102511032,,0.1308072339047769,0.2692307692307692,1,4
0.93168239330360647,-0.22571127492415705,-0.28464423124344679,0.29526044900021386,0.92697708354666419,0.23137578489442354,0.2116345559313349,-0.29961292854519816,0.93029184011487198,-15.272994760265712,7.4328607733795105,-7.8985304188405232,0.4002363483368547,0.368776900767906,0.9184100418410042,1,5
-0.94348727000045396,-0.19830713856683027,-0.26552975377634219,0.18345584861656694,-0.97977765972647679,0.079872956056992558,-0.27599949810726865,0.026646130945091225,0.96078835377526917,-13.785113504747653,22.58625730366532,-10.349758631629589,0.2265737070098136,0.2351887718838328,0.40625,1,3
-0.9712981137512402,-0.0015025899919150461,-0.23786070807638315,-0.0097551856768585809,-0.99888711280749409,0.04614512129703488,-0.23766533313820123,0.047141044647146343,0.97020251047597439,-7.1895416271402661,28.676986648837019,-9.2475493301902869,0.4664813871870729,0.3924887281178713,0.8472222222222222,1,5
0.70493591617156981,-0.62638626909578576,-0.33272450462749559,0.70256775134624017,0.68101620750576952,0.20643517113793269,0.097282623626413059,-0.37928507353008445,0.92015157671855419,29.4347225250877,-2.518189347114244,8.2361505623761424,0.286620682669895,0.2678047430198309,0.1111111111111111,1,5
0.84222984083485442,0.51992809520695149,-0.14256111328748466,-0.47670065279146662,0.84171733508953106,0.25351216033549179,0.25180425499876974,-0.14555653068223917,0.9567695195501712,-25.570374756049485,10.884430134309021,-11.962405509358261,,0.1514135448937059,0.3,0,5
0.96360416627022971,0.10895960895623544,-0.24412049148475956,-0.054298053186643998,0.97390597327135742,0.22036078745210419,0.26176083008501611,-0.1990853054408469,0.94437614804204439,-5.7055974095681687,-11.008587996926652,-0.81454489339581782,,0.0838426651956168,0.1025641025641026,0,1
-0.64242781216073974,0.74714818152988105,-0.17045850227828815,-0.7629537388451445,-0.64446754140408191,0.050627862475057531,-0.072028456491726262,0.16257669855538945,0.98406337120240883,15.443290352602578,-0.031897850202584503,3.7520889542515032,,0.09368447976453478,0.4375,0,5
0.81935975207849621,-0.49701619873084874,-0.28570000852818223,0.5556078693656813,0.81124712853478498,0.18214826911885668,0.14124267121799344,-0.30798213364285371,0.94084935732772979,-11.683121497503182,10.146140331585475,-6.9860887686145441,,0.1069267815618162,0.2461538461538462,0,5
0.92701263619995045,0.28874415805647663,-0.23932067088715089,-0.24499539410129892,0.9494065491850493,0.19648018025665434,0.28394511651861298,-0.12350714778017771,0.95085285678302423,-5.0924279440171718,-14.047435117123765,-0.13854667991780922,0.308242941601971,0.2826120279987996,0.8333333333333334,1,5
0.88084649360447698,-0.37801965302760016,-0.28497472980878491,0.44492717973579798,0.86668876443174103,0.22558898541402722,0.16170732647918615,-0.32550226962753126,0.93161097730237119,13.034263390923231,10.999103065205636,0.9313578494833008,0.4032441742808331,0.3612898962522428,0.6511627906976745,1,5
-0.42815922175267995,-0.86210324753067824,-0.27103075734166798,0.87208162469078154,-0.4727996580686577,0.1262304369272651,-0.2369669190094415,-0.18231421756741603,0.95425793440136242,-7.2267913744481307,13.978659336849015,-6.0475161870686849,,0.1158282843674243,0.6029411764705882,0,5
0.41016042851637513,0.89950269994139309,-0.1505434013080901,-0.87549158283010131,0.4345787110130826,0.21131926634325815,0.2555052079173899,0.045124679858730095,0.96575403286485939,-1.8618253706066208,33.06387353080423,-8.16304716583093,,0.2687026374488657,0.2058823529411765,0,4
0.025197911091143572,-0.95904109498344181,-0.28214401182658927,0.99074127072636209,-0.013705937240708161,0.13506991435499627,-0.13340464668127225,-0.28293519649791449,0.94981623213468536,-12.381925881399464,15.206859729016212,-8.2406071525829585,,0.07247957530332397,0.2325581395348837,0,4
0.95866121277327299,0.14941420471893554,-0.24216538677582611,-0.10136587399438921,0.97453738317499072,0.20000462090610688,0.26588275369687109,-0.16718936635638623,0.94939669109594005,-6.5718354884269221,-12.802329129622583,-0.77559215686213279,,0.08053469513482733,0.2258064516129032,0,2
-0.2307754793970688,0.96955721824800911,-0.081862559526534984,-0.97070266016802353,-0.22362576718872065,0.08790825781449077,0.066925508229492794,0.099751274640670712,0.99275911456696586,2.6138971306806917,-8.6861609206794306,1.3329102051742054,,0.2215392233832032,0.2222222222222222,0,3
0.85915864310467838,-0.41478427847604121,-0.29966719591513274,0.49158626914527831,0.83164734235740001,0.25827434626323309,0.14208928871084803,-0.36921091570941439,0.91841925815754855,-20.324692386684877,23.098882295144112,-12.711748652613696,,0.1911298502793469,0.4074074074074074,0,4
0.65539585090358843,0.75373005128406223,-0.048448822583063746,-0.70404563302208256,0.63289867404106348,0.32211646188855081,0.27345205291036995,-0.17700361066483264,0.94545951609295042,-0.69204051695355273,4.3928128658494288,-2.1658694025403529,0.7852354632731361,0.7249775011515589,0.400278940027894,1,1
-0.10476806311395298,-0.87648625748043041,-0.46988880961276241,0.98072928540416682,-0.16940472939006659,0.097324747165923237,-0.16490519003955978,-0.45063719121731011,0.87734394634589574,-14.692302757879867,15.040186399737319,-8.9797255429505398,,0.2472015092114692,0.1904761904761905,0,5
0.8107445345030696,-0.47326856551722202,-0.34454341477769063,0.57029244399890822,0.7713825193125593,0.28237481689548921,0.13213564277345066,-0.42542434555662167,0.89529564844054021,-10.350203373344073,23.50361438938986,-9.3311802794605878,,0.3581222297100404,0.2222222222222222,0,1
0.78332803012644359,-0.54600663064113297,-0.29710933427636071,0.61167205021042603,0.76217829962879879,0.21199420408663708,0.1107000461138075,-0.34779447791888513,0.93101262124609829,-10.856435318956624,7.4464712665669417,-6.2815261184446225,0.441154868994539,0.4617475715363176,0.6647230320699709,1,5
0.87353794603373669,0.44306094796330214,-0.2015650099323294,-0.392837114565186,0.88622192014909029,0.24553962952517047,0.28742035115707953,-0.13530596674618287,0.94819926023153056,-8.9957683769685612,23.01950995707606,-8.7801354847426811,,0.1489797746738571,0.4615384615384616,0,4
-0.57219923460038213,-0.75929056075436863,-0.30994496329518473,0.78237423366336412,-0.61871080944456824,0.071326662448983377,-0.24592396065125691,-0.20167989147598153,0.94807522220119,-9.6061234109109126,12.075014856873828,-6.5479367590922353,0.09652227250743049,0.2475070055593607,0.2469135802469136,1,4
-0.85280381517937065,-0.36623808510897277,-0.372283920994746,0.43090455648305431,-0.89621813387094296,-0.10542447402300267,-0.29503714345426357,-0.25032523152210867,0.92211190342916161,-2.8668048334515039,7.9653012577521762,-3.5715926091656902,0.665884090245383,0.4388162198265985,0.2599118942731278,1,5
-0.072068489406020286,-0.93275355858646714,-0.35323778362317654,0.98433976378894206,-0.12363937531619097,0.12565243449830335,-0.16087685432859095,-0.33865041534848556,0.92705692054244115,-18.811602311477657,-17.852134286185692,-3.7174881149606573,0.3853784718703988,0.2591089498181266,0.6774193548387096,1,2
0.37011669220829552,-0.85608148055018585,-0.36074663242751503,0.92873292255137518,0.33192791883133177,0.16516360152734463,-0.021651621601453615,-0.39616708010548218,0.9179231187429181,-23.07285761471158,17.711645025055383,-12.440910125086813,0.5655363369562956,0.480630027795652,0.8983050847457628,1,4
0.96647276540109095,0.020807687003703883,-0.25592466450016732,0.031884629522497543,0.97927132515637327,0.20002760341186321,0.25478179710917415,-0.20148129413927351,0.94577562031053819,-16.667272074742495,12.66431669220084,-9.165604261314007,0.4896923152193304,0.6964324281516614,0.6777777777777778,1,3
0.96029510898097847,0.13473083739290184,-0.24429675626708289,-0.085951690537732273,0.97594206722118415,0.20037312275289795,0.26541591994625524,-0.17141961055681301,0.94877273704277265,-10.00989166739277,14.911676324166431,-7.3614920079012762,,0.06979277004941123,0.1794871794871795,0,1
0.25946736539939824,-0.87463336536145209,-0.40950355613742578,0.96378893272155319,0.2074876700006143,0.16751047716834819,-0.061543313659134756,-0.43813849750303718,0.89679823681229265,-4.8092099904705758,-15.1639127313261,0.21842571398218499,,0.2774080255596834,0.2857142857142857,0,3
0.50596938844945361,0.85919124337071962,-0.076061720117045428,-0.82425471029597719,0.50760532589502938,0.25088046093288452,0.2541636293944935,-0.064243602312439682,0.96502518571016627,-28.167343427068698,8.8033315720201717,-12.338671496116312,,0.392348750334075,0.1515151515151515,0,3
0.43957858117264198,0.8981711695226039,-0.0076955319923806926,-0.86561228219103614,0.42589968963556607,0.26329609052994907,0.23976248224914901,-0.10907797489285982,0.96468437714052369,0.56502291088933843,16.839734183006403,-4.1776203089265813,0.4114524980112205,0.1780138362878903,0.2790697674418605,1,4
-0.94304769203738426,-0.15979289503376298,-0.29176579861198826,0.18796941951091009,-0.97960144828030093,-0.071052796256505735,-0.27446046686489106,-0.12184922332073267,0.95384706263868146,1.2381049449288091,-11.849125650397648,1.4826075949840007,,0.3544130979324045,0.2093023255813954,0,4
0.45378504247205803,0.89094373988991937,-0.017273898795476694,-0.86719426749790474,0.44598367371505343,0.22152350935825657,0.20506886074537331,-0.085544229089919543,0.97500202421431237,-10.977560972733277,15.211250167211411,-7.7235903003534485,,0.3153212334588233,0.425,0,3
-0.095443331081175711,0.98247453033597854,-0.16010736333232525,-0.99047882752509786,-0.077701693561176496,0.11364039353255709,0.099208178980558379,0.16942917121565904,0.98053632934457791,-31.192689388727629,15.290367066651637,-14.553018956271883,,0.1213106275434115,0.3157894736842105,0,2
0.68993992205858568,0.68865627505609017,-0.22301443624945558,-0.66856997680758568,0.72433938088835026,0.16836462634943583,0.27748349511510811,0.032939279290102666,0.96016556583672164,-9.6646022311821582,-12.910140745269302,-1.7354810427384051,,0.1672444309445226,0.3333333333333333,0,1
0.51967050650528157,-0.74074773587703335,-0.42571746083710704,0.8492750303124873,0.50219565189369986,0.16288477555249367,0.093136929068273144,-0.44619762327035256,0.89007482462522269,-16.838077959083741,-10.866171790769343,-4.3190497328078514,,0.3268761955526945,0.2857142857142857,0,2
-0.52168909718328915,0.82808673168008018,-0.20521415812630614,-0.85276341741050143,-0.51325593539184189,0.096762072690747769,-0.025199996159694916,0.22547884512842764,0.97392209677833241,-7.8952342661266961,25.532713964969801,-8.7853675869007901,0.2590763652778882,0.2148712048510147,0.6274509803921569,1,5
-0.84907359925190762,0.47837245002124601,-0.22412903005653212,-0.50484769474679458,-0.85971471980755809,0.077584828768646086,-0.15557258165325505,0.17902625395981253,0.97146630010045065,-1.5664386170991762,-12.184638716839455,0.69985544808936184,,0.07854014904046434,0.3333333333333333,0,5
0.071229758468416421,0.98104942183615751,-0.18018977058499347,-0.98491924109896756,0.097732789175207349,0.14276690944707401,0.15767184283049912,0.16730311962117134,0.97321593500284365,18.257215834649923,-0.69542786198742457,4.6897823588135727,,0.1080422742041145,0.4117647058823529,0,5
0.96299037412178523,0.16379429968033837,-0.21405832555873977,-0.094721307967287394,0.94917205633741819,0.30016708894408056,0.25234383916741498,-0.26878213270309603,0.92955836394162228,6.4282407191520887,19.373659729969422,-2.6146223055586324,,0.1915672495411162,0.5454545454545454,0,5
-0.94495936645213641,-0.16646570815588033,-0.28167528070907832,0.17799113459880689,-0.9839076750835033,-0.015647457173767979,-0.27453770553169227,-0.064921914019356999,0.95938219356076104,-3.8166334502518056,16.45291759952158,-5.5317328963367709,,0.07786214524628632,0.1764705882352941,0,1
-0.95266316931989514,-0.1608584665594327,-0.25798728565090362,0.13556824584690691,-0.98429045379288094,0.11310859070025515,-0.27212889692086295,0.072779504727313968,0.95950456338272916,-10.841185210406023,-3.1616439325703611,-4.0866328989113887,0.1604677104011062,0.1103308091972774,0.671957671957672,1,3
-0.84550210070739784,-0.44358574207176732,-0.29725054605503487,0.44993526153036983,-0.89161760445164417,0.050757342951627031,-0.28754905343432197,-0.090828062087390901,0.95344942446176695,-9.2820280404160034,-8.3625569708771597,-2.2693606437601339,0.5874839523449147,0.2978489698671865,0.4705882352941176,1,4
0.76735645903856553,-0.47795200509133134,-0.42746455478901629,0.62455799084750019,0.70809384254485452,0.32943956383318429,0.1452287190617958,-0.51977398066779057,0.84186912770360645,-18.084353822339743,11.613190399408076,-9.4987243002400099,,0.526761144723373,0.1428571428571428,0,3
-0.34641943249941637,0.9310363056529416,-0.11473872207282462,-0.93710652665270333,-0.33789171957523051,0.087524531117858559,0.042719252002925819,0.13784260371386045,0.98953245631949593,-11.635135951297912,-0.80307577510329831,-4.9259538218483936,,0.7905993786817551,0.5226130653266332,0,1
0.4946923230478355,0.86883292427970904,-0.020220168275882855,-0.8339889262535618,0.48113954824865202,0.27012442688049154,0.24442171835572787,-0.11676508381640575,0.96261307844708888,-8.6349644468202715,-13.107575643396286,-1.4138166772320488,,0.4266384065788025,0.1428571428571428,0,4
-0.75589360226245439,-0.5580656208066378,-0.34232678091611934,0.60876300088727142,-0.79152148837913561,-0.053864108502814319,-0.24089929599194576,-0.24911141344342419,0.93803573113331107,-40.954808649334296,15.420287634205827,-17.689285889220443,,0.374249422944595,0.5625,0,2
-0.75816962880727268,-0.53679326695983864,-0.370178068638358,0.58274677239692474,-0.81250937162336645,-0.015320583708487599,-0.2925491637574929,-0.22733567597450521,0.92883447245136519,8.2075632472673643,2.296388288540292,1.089139653683856,,0.2999771103292679,0.28125,0,4
-0.34287739651088112,0.93681289808140578,-0.069402341100554127,-0.93793083699902757,-0.33731032813415518,0.080668999871901306,0.052161633105417944,0.092754172533348792,0.99432179273584764,24.378488031332552,13.802876269321787,3.8241582524877686,,0.4408791194827973,0.1578947368421053,0,2
-0.65503678060334691,0.72630021509491005,-0.20836221732812257,-0.75392285655101565,-0.64659047450697249,0.11628019885950824,-0.050270691528575877,0.2332568451941707,0.97111487566780874,19.307863099090465,-7.2747791570321851,6.081641052500947,0.3023840850981088,0.2164872274340273,0.4285714285714285,1,5
0.82863343336539053,-0.46886166720559108,-0.30583552791374197,0.54512942304467338,0.80007823377067666,0.25041711598326322,0.12728136250082051,-0.37422393946885202,0.91856186394186157,9.3490957544182365,-6.0259081601684246,2.9625784104770907,0.2345035909709942,0.1642934438812577,0.2068965517241379,1,5
0.91294582467483265,0.34738881467432714,-0.21412830884298306,-0.29913891292557848,0.92660185662991112,0.22787037996129594,0.27757130972507416,-0.14397920241885023,0.9498548085304086,-15.022123357739217,12.06283693860958,-8.4121041718168357,0.3448172948361474,0.3722150389062655,0.325,1,5
-0.4312567061247275,-0.84921330614238189,-0.30472022265214938,0.86942008388777281,-0.48140607254419276,0.11116164379026376,-0.24109411265111486,-0.21699067719213314,0.94593270101877291,0.46778824591686019,5.1187037258215513,-1.9857706758464648,,0.07220793156114447,0.3111111111111111,0,3
-0.059471605443098104,0.99337307076609904,-0.098351768783036017,-0.99125876873826524,-0.047145186911268129,0.12322087790062773,0.11776748934031106,0.10482019665996109,0.98749356697988067,-16.021424533446499,-8.0189509458478856,-4.6369381427269412,,0.4630232898394354,0.3333333333333333,0,2
0.73141725513317468,0.64892083532957223,-0.2095961554242407,-0.62106372554508094,0.76081886961342338,0.18824052818725626,0.2816179108393444,-0.007509801283837254,0.95949724083978505,-19.039263014952898,7.0141846552646099,-9.0181235431793123,0.1570992255713868,0.149216957953156,0.6171875,1,5
-0.70121906982177395,-0.59779986584826883,-0.38849341887614769,0.65790650895828562,-0.75251959962299475,-0.029551271606638341,-0.27468316582675284,-0.27631426415413274,0.92097751646625625,10.138878815245194,3.5642187270932277,1.4770650880676737,0.3981859789850665,0.2698253793728153,0.2083333333333333,1,5
-0.47785402423142714,-0.82820091335242862,-0.2928118485444775,0.84318124267502159,-0.52593204299840557,0.11153868453828197,-0.24637557412787026,-0.19359424906160497,0.94964221852413244,-11.257692816743367,29.848083604294388,-10.901193999580995,,0.1478680136576583,0.25,0,2
-0.53917899244959655,0.80945200484128721,-0.23253702062136028,-0.8418650157023545,-0.52570219173945532,0.12206760805720594,-0.023437351333126161,0.26158107243979678,0.96489690283663665,-16.123827842013775,11.260316493664789,-8.7874347143881586,,0.08677609749780721,0.3333333333333333,0,4
-0.54575400802406004,0.80411084257404497,-0.23570811521993251,-0.83752226269945951,-0.5323917119297692,0.12294520954989262,-0.026627470936072456,0.26450863487483467,0.96401564295824571,-13.188178654253033,7.1832517566644203,-7.0477067639958557,,0.1406407765687317,0.6666666666666666,0,5
-0.38204857892661143,0.92272197354522334,-0.051215650703299899,-0.92366294217388656,-0.37947891998315708,0.053315274950937422,0.029759915907712382,0.067675023644047219,0.99726347500544787,-26.542518380380681,8.6017499133939754,-11.812773967216078,0.1566536135226703,0.1538869450065889,0.32,1,5
-0.52254165038632228,0.83268465961242177,-0.18326614869550431,-0.85244445853391027,-0.51450965189132081,0.092834601445257181,-0.016990253864088076,0.20473415874449544,0.97867014643178796,10.496600061103775,26.667390878478528,-2.718675918101547,,0.09707615010774068,0.2727272727272727,0,2
0.81533318159735324,-0.47505292920168635,-0.3309932286969538,0.5651810556923329,0.77712681413892637,0.27684704988997438,0.12570671132774303,-0.41279368842459235,0.90210819391245045,-1.306895771246231,9.9319198099328698,-3.3865259616951371,,0.1103736376315147,0.2558139534883721,1,5
0.68214692903680085,0.71005987477877808,-0.1746154100725596,-0.67687411317564883,0.703521660499557,0.21656109558419268,0.27661706765552485,-0.029533835461936164,0.96052628826314113,-2.692764475290863,22.313222603553168,-6.3249280735453075,,0.08433217247528622,0.3478260869565217,0,1
0.58117958864766917,-0.76034692218584532,-0.29000490282379243,0.8129373765015474,0.55863128545942409,0.16451112057466588,0.036920287459698831,-0.33136633025771151,0.94277953284181459,-9.9242472891796716,17.290233692054034,-7.979647414043967,,0.0775251436328161,0.3684210526315789,0,1
-0.94191188585934005,0.28022421780189027,-0.18513883178366627,-0.28309185181091084,-0.95902606126965761,-0.011314470552225441,-0.18072355329389495,0.041754060436400127,0.98264723869855919,-34.893561677616674,19.758774726232897,-16.556752842832648,,0.4240063741840744,0.7333333333333333,0,2
0.54297133493591965,0.8331830052700453,-0.10482465915557279,-0.78797459530984137,0.54866208670032901,0.27940284852508801,0.29030702124509117,-0.069108569271961087,0.95443482704110594,-11.754306034418892,-13.788121138844454,-2.2284214099436279,,0.372595961948866,0.2903225806451613,0,3
-0.93565083289091822,0.25250048210252762,-0.24657863948144892,-0.28779125908946984,-0.95027964129279885,0.1189318903243687,-0.20428830143262947,0.18224189936022148,0.96179736951987493,-3.6840944981527923,-9.7007476829682808,-0.35620137360956805,0.2753970444550584,0.2443535485779731,0.7987421383647799,1,5
-0.63603355392394434,-0.72321660211932881,-0.2691079053128102,0.72332573799792499,-0.68025025165877784,0.11857264384302962,-0.26881442489686702,-0.11923649414982393,0.95578316758050563,6.1461587094975112,23.546220383393944,-3.6656141556041519,0.2945826517834246,0.2360523283492998,0.4230769230769231,1,5
-0.75642590803402665,-0.57467281277211524,-0.31236357648657082,0.59590586028482717,-0.80237143567435598,0.033110193174776127,-0.26965913916108325,-0.1610938778304635,0.94938543868781011,-8.4198306875177042,-6.5179232050754621,-2.6435450839655785,0.9233789040374414,0.7596900271076946,0.6600496277915633,1,3
-0.7886268531203694,0.57489981382988486,-0.21807771687136412,-0.60274353441373829,-0.79291160257113336,0.089394755050350203,-0.12152332393371262,0.20194403820474838,0.97182852765992711,-8.8603905249262116,10.49311272353269,-5.993227362757275,,0.07280727870165957,0.2702702702702703,0,5
0.13180900630848119,-0.89837424680826761,-0.41898699088116037,0.98806708397954368,0.085091842616958138,0.1283854192508381,-0.079685779234022744,-0.43090960884126234,0.89886989358646241,-4.0574465829700621,20.649055419461931,-6.489586019301897,,0.2124578835335105,0.1923076923076923,0,5
0.60991119974738761,-0.70082577612654784,-0.36993453466704762,0.7906381782222488,0.56985194878579082,0.22396434448912006,0.053847929951920628,-0.4290827285986461,0.90165870065021558,-1.7042948916502076,7.1079805271060934,-3.0948775746587938,,0.4512041894558069,0.3401015228426396,0,5
0.95744223127553274,0.14941572693280372,-0.24693990020908105,-0.10651764728604098,0.97809815832974434,0.17882388959143236,0.26825056306888834,-0.14491008666446945,0.95238789481813579,-5.5306690464299377,-16.823751747786869,0.1772481582395837,0.2687564399726609,0.1868581819576145,0.5,1,5
-0.1585278037909558,0.98007804969211032,-0.11964928723952122,-0.98326048248053355,-0.14568299368127266,0.10943166335302774,0.089820704836715101,0.13499437715613036,0.98676682104682867,24.389830206722195,-11.853675185098961,8.2487525229565914,,0.2370175900273485,0.4444444444444444,1,5
-0.94555727250510735,-0.004310543225900557,-0.32542720173611805,0.0088521406114408247,-0.99988298240313545,-0.012476422051488198,-0.32533534087045896,-0.014677898954183569,0.9454847832001283,-12.532017044376875,25.580984551970833,-10.480076722760495,,0.5583181847504339,0.5142857142857142,0,2
-0.52279708530471192,0.82447931980226508,-0.21660345984146198,-0.85233440530151638,-0.50987789501258873,0.11640701747249543,-0.014466137570474989,0.24547583057385872,0.96929476810094584,8.3908508144732714,3.7811279705984076,0.88869172058115686,,0.09760512385601181,0.5,0,5
0.20849330947188938,-0.93118620181239242,-0.29903644837990767,0.97469986059698299,0.17264717315986777,0.1419617390430554,-0.08056501509762698,-0.32106885734078427,0.94362284159944032,-1.4510997136838319,2.0683870441738077,-1.9239265662555001,0.8964874082991336,0.6091407595333947,0.9073231278444353,1,4
-0.21463572481348417,-0.87829580992186307,-0.42723292933420842,0.95757721721521549,-0.2753564080619183,0.084998362393652077,-0.19229503036780363,-0.39086483445423531,0.90013737978316899,7.1873430399325091,3.6253108188064127,0.55260056591656836,,0.08716753277845291,0.2682926829268293,0,4
-0.9360000651570376,-0.19384272635619929,-0.29381775893369161,0.21253249626351722,-0.97660501156698543,-0.032750410901948725,-0.28059546692350401,-0.093100208490873609,0.95530023297439692,-10.916083678810905,8.316801060058495,-6.4159007172023843,,0.07488851121481838,0.1555555555555556,0,2
