axis_00,axis_01,axis_02,axis_10,axis_11,axis_12,axis_20,axis_21,axis_22,location_x,location_y,location_z,dbh,dbh_approximation,score,reconstructed,number_clusters
-0.88452252667133946,0.42194155079942924,-0.19896036670634498,-0.43497225939561146,-0.90009961589321574,0.024896084534788358,-0.16857945713291209,0.10856338783337251,0.97969125618988473,-8.3919769594788463,4.5976348381885579,-7.1612259427727496,,0.1056463337427688,0.1769911504424779,1,5
-0.94220649309340643,-0.15262864552350786,-0.29824724799783553,0.17244316471281587,-0.984160522376342,-0.041126890713408602,-0.28724602576267566,-0.090180722782551417,0.9536022010890931,-4.1236238667025082,-10.789870344446014,-4.1767060279428181,,0.1428560350083894,0.1851851851851852,0,4
-0.91773834003851285,0.35919865006605578,-0.1695071355845478,-0.34147093939195672,-0.93151866267935757,-0.12518218176256646,-0.20286433095576403,-0.0570027268714818,0.97754629166862761,-18.496431870960372,-3.7199386330492068,-8.6413182543723437,,0.2521649850136058,0.1818181818181818,0,1
0.95333539573670811,0.18514430588746325,-0.2384810458568653,-0.15641559033436675,0.97850637871190882,0.13438537837301626,0.25823591217312608,-0.090812184301207952,0.96180422168264457,-11.024331769131418,27.300110576695936,-10.780434487898308,0.268615156507081,0.4381909207861809,0.7619047619047619,1,3
0.88352221956371946,-0.3205784912804735,-0.3414936580165629,0.41704261151100325,0.8703128925174004,0.26197505473246424,0.21322276548548991,-0.37387818878122658,0.90263566970976084,-12.811275927083326,11.242107407798249,-9.0289288009683162,0.6845178369684415,0.3725095613071654,0.1851851851851852,1,4
-0.37600349372299269,0.90971562436647913,-0.17617847624386707,-0.92549360667289571,-0.37806135419842057,0.023047699869016169,-0.045639420632817396,0.17171806907010065,0.98408838426186962,-0.92420886359759402,-15.216054476086683,-2.8525184313428449,,0.2040929284482781,0.6046511627906976,0,5
0.0024102871672213246,-0.91567289664905671,-0.40191707709190283,0.98923762151216377,-0.056616730857164774,0.13492025041484845,-0.14629804749459088,-0.39791668993568791,0.90568161578443063,-11.667214882315291,16.09464199401587,-9.4294776984655773,,0.3124742602170058,0.3125,0,3
0.79967041606088463,0.56579381274499541,-0.20100892302704829,-0.54563428685010607,0.82448235949635151,0.1500402075875206,0.25062013225315505,-0.010305354861002706,0.96803065497462459,-3.2834017659526853,-9.9525889911874579,-4.0288843349798622,,0.09463264125425325,0.32,0,1
0.014640967986395217,0.9788149775639331,-0.20422262791605342,-0.99475421120493102,0.034938775817049607,0.096142296802509061,0.10124080870122065,0.20174370285320781,0.97419185842040346,-1.2211524425516671,12.163408504319538,-6.3071998375901446,,0.2323749898048968,0.3818181818181818,1,5
-0.040037265854257112,0.98205887865944719,-0.18427527286390441,-0.99643636901670662,-0.025539173983310248,0.080388513439754103,0.074240015111251528,0.18683712007628764,0.97958170191050498,-8.6421275891281901,-7.7548065778962112,-5.6512170658518244,,0.1085263482343483,0.1929824561403509,0,4
0.95757736575120833,-0.1331626471762079,-0.25556466500281572,0.17320393494016376,0.97472690293796704,0.14109522178373954,0.23031714118193672,-0.17937439640590824,0.95644071452014001,-3.7142041705094297,15.400979236911025,-7.3424887057304717,,0.1874518811880539,0.6923076923076923,1,5
0.94199496211397438,-0.14824551190468579,-0.3011125363581042,0.2440770953718126,0.91839282092191443,0.31141772267157297,0.23037331196723293,-0.36684859912395384,0.90130474449768738,13.62522680439017,0.46068586359086683,-1.1325348331612191,,0.2992563151239296,0.1111111111111111,0,4
0.95890906136771947,-0.087905450323717216,-0.26975181895635836,0.13574728198381336,0.97704940643655436,0.16415581870888429,0.24913066342962781,-0.1940285782697011,0.94883445518897125,-10.813704379703653,9.2994319810536865,-8.3219722959084557,,0.1875361252735257,0.5989010989010989,1,5
0.96724143402092144,0.028489023295577072,-0.25225460127580629,0.0090244449793381466,0.98919605695027113,0.14632060793630927,0.25369778813771099,-0.14380381241712717,0.95653431502917485,-7.0109842892764336,16.444049984250206,-8.3350985008849587,,0.4292785955696909,0.9487179487179487,1,5
0.87144983392471886,0.45823452237130341,-0.1749180078200176,-0.43893463345025174,0.88773230166219741,0.1388083143886969,0.21888712732930063,-0.044186910875072379,0.9747491689644292,-0.51752766587648624,6.4099964732442167,-5.4170507296662223,,0.1217673197045393,0.375,0,2
0.55617389591688671,-0.71785429053334127,-0.41875507765698233,0.82846394389040323,0.51874663184973324,0.21106734853623429,0.065712184366301218,-0.46431363269608061,0.88322973190352827,-13.935439641378871,15.886779505332969,-9.9408872902820065,,0.5973890992508832,0.2413793103448276,0,3
0.96087400964011516,0.2122202050580671,-0.17799921955795353,-0.16420901982010189,0.95397183926176987,0.25094447135818332,0.22306173003868238,-0.2118969430186019,0.9514952181338181,-0.71154492261351887,15.358279694331591,-6.609096817150677,,0.376592193894529,0.5714285714285714,0,4
0.70743312882949128,0.66530852110453231,-0.23854337127704103,-0.66287753659312498,0.74165646815015585,0.10265989835990848,0.24521773939653396,0.085500029220676579,0.96569042932428217,-4.6900517506665862,7.2840512847580667,-6.5344727124574513,,0.1346835484783033,0.7682539682539683,1,6
0.081113427967748467,-0.93560122073898289,-0.34361456248978595,0.99448168633389522,0.052957377574173133,0.090563191788714692,-0.066534106665784146,-0.34906428048740906,0.93473383416777756,-9.1452501099061863,-15.003735194973567,-4.9741062062893313,,0.777800690065968,0.7083333333333334,0,1
-0.0072919544663019977,0.99845809236235039,-0.055029675595978766,-0.99782753213716735,-0.0036619920163415724,0.065778460939150379,0.065475518395141069,0.055389778936276148,0.99631567732334658,10.390057717715885,3.2231123947145566,-2.3544270293683134,0.6425077210598706,0.2972467347100315,0.6190476190476191,1,5
-0.63754791834065971,0.75717042761494424,-0.14221671970937391,-0.76803701499051868,-0.63914014188516954,0.040237080354568001,-0.060430087075447489,0.13488077170749146,0.98901738205131962,-9.4237091848021777,3.5474704188676305,-7.2539150162436172,,0.2493283964384171,0.6349809885931559,1,5
-0.68712617366817597,0.70560480591238739,-0.17314583256167204,-0.71790645972227762,-0.6960264752564711,0.012548339773848583,-0.11165991469259855,0.13292480436470896,0.98481625689031271,-5.0919012448297316,10.30581365040549,-6.9992275160682498,0.2361394309657017,0.0961093934829305,0.3235294117647059,1,5
0.080985220061390931,-0.95201352616694879,-0.29514681114113478,0.99448991077674431,0.057403549902895312,0.08771915310699957,-0.06656734555975255,-0.30062448079575688,0.9514166858172135,-19.988859561375179,10.356566425226555,-10.673022973252529,,0.08210983892532622,0.5333333333333333,0,1
-0.9666470725146542,-0.032406912437955439,-0.25405359518237275,0.043314268925760825,-0.99835910839695075,-0.037456171564558279,-0.25242288189915973,-0.047211044333772594,0.96646459117064332,-6.02258964028983,12.276611678821709,-7.4921136653685902,,0.1324724030305214,0.2068965517241379,0,2
0.36935960179951149,0.92222203834309768,-0.11436781257333306,-0.91291843913669368,0.38309247786919476,0.14078379482122227,0.17364736693290181,0.05240863854693429,0.98341238885979432,-6.3060334619329659,-5.7619797761675828,-5.3110159228048435,,0.0962234464625915,0.3277310924369748,0,1
0.18387615704835147,-0.84679791794412784,-0.49912207428105226,0.98046025696784733,0.12189166762494061,0.15440241536373001,-0.069908821873014018,-0.51776027998399143,0.85266467564642667,12.09540370188981,1.8047545083036038,-1.7246933483677835,1.022711420744676,0.3765767918260625,0.2173913043478261,1,2
-0.78386272949424629,-0.54250971129289927,-0.30206362651389418,0.571036581158885,-0.82089011268683776,-0.0075263451530785232,-0.24387792907149813,-0.17838900203175631,0.95325805512773498,-6.4612710822081683,1.688727140791334,-6.2434390344985911,,0.07667443530378364,0.2675736961451247,0,5
-0.42842175436959284,0.88250678088420031,-0.194001500190816,-0.90305059432456547,-0.42552681799371606,0.058536751346421279,-0.030893761068056098,0.20027158775410409,0.97925321886911387,-3.723040443748991,2.7928366657733519,-5.7964247311323494,,0.2453077673459249,0.7987742594484167,1,7
0.88977034906144215,0.41573980603031319,-0.18833252404445786,-0.37380940116539135,0.90056403789533301,0.22192553987773428,0.26186877922243884,-0.12706229704963523,0.95670262628311997,-12.558628057032179,8.7339214927141242,-8.6705244028640163,,0.1301013990477346,0.1818181818181818,0,4
-0.89218668481118912,0.43289061285399455,-0.12887449999326417,-0.40956503785292908,-0.89568351821480374,-0.17322677323924585,-0.19041900959239749,-0.10176813106884368,0.97641376899581145,-14.647930113717807,20.112630401163997,-10.626367893173656,,0.5120564652194937,0.3636363636363636,0,1
-0.93153504074565008,-0.26013700531508022,-0.2541086506372856,0.25338666063871318,-0.9655305441223081,0.059548035880637569,-0.26084031144238778,-0.0089166603939980042,0.96534078184548722,-12.59398671346562,9.6194597991759654,-8.7872918577792074,,0.07572853624673816,0.1636363636363636,0,5
0.57099653479052159,-0.73809263772476275,-0.3594192752117224,0.81800896578608351,0.54856537310518472,0.17302416976697968,0.069457102954266298,-0.3928043909714769,0.91699532238868509,-12.927314581717022,5.6766517648376347,-8.3359866197044994,,0.2671404028704397,0.1428571428571428,0,3
0.86473605326106628,0.46209869677279697,-0.1967138852022346,-0.4311116346147133,0.88390677589449773,0.18125002076586086,0.25763213442873406,-0.071927783009610363,0.96356218135677063,5.7922921232213751,-3.5209279259783584,-2.5587905603895265,,0.09231696481587208,0.4375,0,5
0.54972817352013004,0.83078272343431991,-0.087172252932197741,-0.81493713342528573,0.55629590318039635,0.16251872713408871,0.1835113179147243,-0.018301217111449806,0.98284722192690732,5.6508579973629685,-19.763040923456103,-0.69123314563988392,,0.4071681972508288,0.28,0,4
0.40631791094438746,0.89138041782607258,-0.20086489479748731,-0.89565281077935521,0.43204900314049932,0.10554478399400891,0.18086403121911787,0.13702047146874666,0.97391662508125032,-11.34786641004731,5.6745640884837591,-7.9954473024109296,,0.1201037283794264,0.4910394265232975,1,5
-0.83523107575427058,-0.34936225837614598,-0.42465876008471165,0.400741871528491,-0.91552222057599308,-0.035000229077067076,-0.3765567719457561,-0.19941182526100024,0.9046766944317014,12.013646474617014,-0.63103895632177587,-1.3773130534444544,,0.3380093872622806,0.4285714285714285,0,2
0.96951035581557998,0.074124495904468166,-0.23357060832488402,0.011092733874056239,0.93890127563109871,0.34400777007721162,0.24479914465035874,-0.33611003216983104,0.90945226650619138,-3.2191865842472627,6.9546304667688652,-6.1378132987428797,,0.2384478334137469,0.4842105263157895,0,2
-0.46234056375506499,0.86170454217654546,-0.20906096024595086,-0.88563004488137875,-0.46035506764557876,0.061095296843885288,-0.043596177700074012,0.21339750159115053,0.97599225386505961,4.1362791800700451,-0.50096863509779677,-3.4342390532572389,0.01835010501552019,0.2671488265728044,0.660377358490566,1,4
0.95714324790759864,0.18043579984869601,-0.22653857313459008,-0.14102687346045126,0.97357916478447515,0.17959685648567222,0.25295893727414454,-0.13995189184332804,0.95730102058997624,-0.43727235951090121,9.8982995518847261,-5.8055986244858477,,0.1048611121975779,0.3181818181818182,0,4
0.96316828825938028,0.14620898778003483,-0.22567627341799384,-0.089763724681593451,0.9659396903248797,0.24269937862788815,0.25347450014307682,-0.21350280220037746,0.94348674141707145,11.016284627824826,-7.5654967108905202,-0.7419914333359553,,0.09896451550950146,0.2941176470588235,0,5
0.59104489670869631,0.77473889275038244,-0.22460093084072516,-0.77627357427180121,0.62197963410338974,0.10266777804110513,0.21923792546430262,0.11367050110088694,0.96902721799626668,-2.3442160264223966,6.063034758051665,-5.8576896058973924,,0.2537967550979682,0.8253588516746412,1,5
0.9668436293320406,0.11866642881841255,-0.2261231414330096,-0.035091245541775284,0.93881282089828244,0.34263550867260778,0.25294663647966359,-0.32334001606435059,0.91184934781197868,7.8615622856703773,-13.060544723759909,-0.83064309456509289,,0.5579561910628251,0.1666666666666667,0,2
-0.91248342647625413,-0.26272459948408139,-0.31360768681919332,0.31657217008773575,-0.93898844866463194,-0.13447213243022274,-0.25914485820115724,-0.22198305813804503,0.93998269365323162,20.348573871350723,-5.4742064008475326,1.3644582977842614,,0.3731605924504111,0.2413793103448276,0,4
0.026957511064786777,-0.90887208244253992,-0.41620287163083425,0.99582074605228832,-0.011928060919474615,0.090547021456065566,-0.087260153157416517,-0.41690437646930745,0.90475212436980879,-14.199703192367203,5.2032672150832333,-8.6331347717307061,,0.2988732759168594,0.2243589743589744,1,3
0.56648556141165651,0.7942679292778545,-0.21961913676360609,-0.79628852590481014,0.59620754999528314,0.10227971861991299,0.21217608777726832,0.11694021485055099,0.97020940725507387,-9.618761799563341,7.1763594824598762,-7.7289981691589285,,0.07041151916839554,0.2330827067669173,0,5
0.94955919076393425,-0.18468298096383046,-0.25343547458486682,0.22201649321003328,0.96668395495653259,0.12740018827425903,0.2214633603521414,-0.17724087500323088,0.95892630178216909,4.5371642384668878,11.678070245800653,-4.8399818696184242,,0.07533410993852493,0.2173913043478261,0,5
0.96766799653424307,0.071665681708569864,-0.24183192210428106,-0.040375891526519478,0.99043377353590734,0.13194971626670191,0.24897476953869008,-0.11791933812852901,0.96130463112818032,8.2456886233881885,10.182472528424414,-3.7347337462834203,,0.5448124294631542,0.2580645161290323,0,1
-0.19294480380854059,0.9556865383126979,-0.22234105147537783,-0.98106710371585748,-0.18403680179965248,0.060314124298833392,0.016722460640213384,0.22976878828780958,0.9731015688194572,-11.055717916024639,-3.3591313509775871,-6.8389076831186397,,0.2675495820953299,0.8148148148148148,1,3
-0.46782012468324091,0.87218840015234222,-0.14293958717253899,-0.88226816313585221,-0.47043996108298014,0.017003862300510899,-0.052413922370373137,0.13406579599563462,0.98958533896062273,12.063167492859257,8.8245575658518423,-2.7054799299886718,,0.1106918137920828,0.25,0,3
0.9203378712144723,-0.26788357778686844,-0.28498524796999752,0.33357822959019084,0.91803781337865686,0.21431784328517545,0.20421500324875261,-0.29230970212950852,0.93426509647373146,-8.1720197610089649,-13.310247355572145,-4.8899067853005258,,0.3530361915590501,0.5777777777777777,0,1
-0.64891704003510742,0.74847885128381486,-0.13669705312454764,-0.74833287365608947,-0.66031507298338776,-0.063102413555758963,-0.13749394662200048,0.061346667161337513,0.98860103230297214,-0.2952237053463615,4.2859686109411372,-5.119883005851503,0.6015491824924695,0.4124592585719744,0.7662337662337663,1,5
-0.96733514997223713,0.081282985328269428,-0.24011618838452647,-0.098843603462348273,-0.9931696721178247,0.061999551933464084,-0.233436607417875,0.0837082951773397,0.96876223689599694,-1.1920470580715483,1.085703312826118,-4.9741913409454259,,0.09144099516370387,0.4959677419354839,0,5
-0.13484948688258369,0.97638789767015499,-0.16876696706038122,-0.98912124628466824,-0.12254172334130999,0.081379888110070284,0.058777342877758723,0.17790502894465279,0.98229070271505348,7.9383294591088358,14.666757784942025,-4.4364848461333812,,0.2383775675125301,0.3513513513513514,1,5
0.66551824798946457,0.70800854647874389,-0.23624004678735439,-0.70935101128881528,0.69843984660585101,0.094883736523871651,0.23217795842105723,0.1044302580014658,0.96705104148497689,14.519999375849121,-7.3424103467404729,0.20620155277224791,,0.2802889214306791,0.7764705882352941,1,5
-0.3449508345211848,0.93816016215153919,-0.029401223017704939,-0.93860590684680567,-0.34495229821073714,0.0051830098801057371,-0.0052795260606107036,0.029384045176412178,0.9995542529015855,-13.807050646119968,11.632043116216359,-9.3093419380965017,,0.6597525604528988,0.6891891891891891,0,1
0.19036351213851363,0.98126436803062911,-0.029698034947447015,-0.97031519195167493,0.19266359910720918,0.14618196142766859,0.1491648802971858,0.00098874289195185127,0.98881184300827407,11.757430411915207,-2.9081369547514746,-1.1163725564358056,,0.342240262061005,0.6103896103896104,1,4
0.89414520014028775,0.41782564839824299,-0.16101580235080476,-0.36776213620663412,0.89038688910689201,0.26825770982263503,0.25545131089665335,-0.180645828202978,0.94979561617962949,-5.8779240095703038,5.7774183120603251,-6.6483881792729536,,0.1062393616902834,0.4444444444444444,0,5
0.88015133221261022,0.43698862544524086,-0.18540381235520989,-0.4076131722800353,0.89591431699915136,0.17660418562352986,0.24327995023875917,-0.079865373143953436,0.96666249952318084,-12.033012199501755,-9.3155680808508148,-6.3343878588787472,,0.4160457559278072,0.2068965517241379,1,2
0.82631507363367263,-0.48051163685730808,-0.2937889819759929,0.53950539853001667,0.82505348115741373,0.16799011336088335,0.16167041795810275,-0.29731350469621298,0.94099275017531803,14.199643600225784,-10.010761410814309,0.40022125034032646,,0.1789751681618086,0.1666666666666667,1,8
-0.88341988937463434,-0.35820710772815845,-0.30208768103042022,0.3940414261884233,-0.91677409176347491,-0.065242770623644225,-0.25357573524433047,-0.17667182187401459,0.95104490632725325,5.5502944440334199,-12.379857171640076,-1.5074972897587866,,0.1409931494518097,0.3684210526315789,0,5
0.37068231735866064,0.92873493046899391,0.0067859063040534165,-0.9123281066809269,0.36274619647927975,0.18992794080864545,0.17393115119957628,-0.076593902280598342,0.98177458144719831,5.3369265747561005,2.792736411965429,-3.5010634195148449,,0.3442825472905394,0.2470588235294118,0,1
0.39412752070340179,-0.82433510892090667,-0.40636821433836062,0.91892741416601142,0.36084750305790031,0.1592529027397844,0.015359196540124366,-0.43618884412286024,0.89972406177916897,2.3443701462608035,7.7534706667674866,-4.8937460605449443,,0.09176453246927223,0.2325581395348837,0,6
0.97286558360256548,-0.069995592718149188,-0.22052930245587613,0.11712867768489506,0.97097753196042336,0.20852698936068997,0.19953302760552766,-0.22869903678870257,0.95282911451450292,7.8605802684891701,6.7806393756365919,-3.4435111022745346,0.2989296603800073,0.1750893362673104,0.2666666666666667,1,4
-0.95254334160171561,-0.12489779977819315,-0.2775999315216125,0.16465893452022315,-0.97842470651442903,-0.12478993935738029,-0.25602464266726827,-0.16457713478099009,0.95255747808432933,5.1224811486484176,20.443387075893309,-5.9551155707695518,,0.5011093189436295,0.2857142857142857,0,1
0.66264542494993262,-0.69930916411924426,-0.26808158044104413,0.74188098478700015,0.6619193310416126,0.10712331027790295,0.10253606782198743,-0.26986939836200158,0.9574219877480028,-10.43074081909047,16.467452309527371,-9.1786271005337063,,0.2396572240779378,0.7916666666666666,1,5
-0.53961402790491397,0.82287418785260269,-0.17803025544596213,-0.83952709770031775,-0.54182411929782337,0.040260103999110813,-0.063332085984245334,0.17118614054022574,0.98320107413073254,-18.387845232007432,16.623989740219056,-11.056746692485701,,0.1084812938297355,0.3333333333333333,0,1
-0.31789692970003602,-0.89070203526011993,-0.32494834431147523,0.9313333159644378,-0.35757129993864739,0.069000145180059369,-0.17765077163348814,-0.28070028472316266,0.94321129843442819,-15.419164547084659,13.959861141948855,-9.9869706100037856,,0.2459382588369974,0.2083333333333333,0,3
-0.90972757549937477,-0.27867554686496648,-0.30779161449841647,0.30832540490991828,-0.9498986568518899,-0.051263889806674491,-0.27808484867602001,-0.14153614835259481,0.9500717528936159,21.016713172670784,-12.791555089917404,2.4994509185350169,,0.1307334886179905,0.2,0,7
0.94733779639637195,-0.15074843993618217,-0.28253496664249078,0.23637139737440208,0.92440894114207761,0.29932703192303739,0.21605476625647146,-0.35034699569625238,0.91136014867036585,-13.616708557923582,9.7952052697956429,-8.9960934113155133,,0.3761121434520651,0.1587301587301587,0,5
0.590346754781232,0.77475583164564132,-0.22637162024056787,-0.77720591379733006,0.62131429287744544,0.099596772159838393,0.21781110320120697,0.11714073073560625,0.96893569060335616,-11.015160334901942,-15.143352860725232,-5.5024949059742427,,0.2868481135389527,0.8095238095238095,0,1
0.017011212956421436,0.99339235462327757,-0.11349999299459657,-0.99713204290578217,0.025227687865873046,0.071353015181458798,0.073744882156626237,0.11196067854815935,0.99097250154317751,-8.9718957006876661,17.356013950760833,-8.9114467346779982,,0.3010080630302469,0.6410256410256411,0,4
-0.56865800036452285,0.80944396052199119,-0.14638494934895774,-0.81511437550167642,-0.57841863588628217,-0.031944271942960595,-0.11052888071420816,0.10115511076523569,0.98871179324115399,-12.883766155561089,7.8419837779348214,-8.6303795314623581,,0.1440369229981945,0.4285714285714285,0,2
0.47295107283244708,0.87542242872710008,-0.099763991440715932,-0.85841032080849355,0.48333874336968036,0.17180040828612236,0.1986177329346438,0.004385252485786785,0.9800672251047573,-5.8702827404655027,18.802261023318632,-8.412902328820266,,0.1480726325794676,0.1875,0,5
0.44869594791768286,-0.84106306897789873,-0.30213384504839902,0.89298402597306648,0.4353277738576844,0.11432085839883364,0.035376202158871294,-0.32109600326006993,0.94638569357911539,-12.269096782550243,-0.55802976969547402,-7.5066710608490643,,0.07848809019137981,0.3350253807106599,0,2
0.96721026862838733,0.072820538127125439,-0.24331351274986895,-0.021996595610182683,0.97843255804888973,0.20539201330984183,0.25302261962395162,-0.19330519542108535,0.94795182123452415,-15.164318769251391,10.493062691814654,-9.5009092117874356,0.783102582154322,0.5904008940007686,0.3269230769230769,1,4
0.96028564511034231,0.1648554907537956,-0.22510918898023699,-0.11606668856814992,0.96968953985702244,0.21501330213896322,0.25373214932254634,-0.18034650942062105,0.95031317624242151,-17.17363321798975,11.756050315622041,-10.166457833240164,,0.09184458661857417,0.2,0,1
-0.91912191249082265,0.3339476142873557,-0.20903086109710284,-0.33729774808404311,-0.94117476750613982,-0.020500881620001618,-0.20358079260246104,0.051662829205797262,0.97769413057551213,-4.7702926895248243,-17.388754185229658,-3.6154479826880812,,0.1790746982148884,0.3235294117647059,0,1
0.017049362122146354,0.99307046392883147,-0.11627713843832227,-0.99565590913329105,0.02750907468214904,0.08895257960336457,0.091534855979505905,0.11425543524186842,0.98922548777238017,-19.046437510627051,9.456054126025391,-10.319607163359636,,0.7933528328083959,0.5370370370370371,0,1
-0.60130850564296212,0.77350672336385995,-0.2002883669920264,-0.79420813720878769,-0.6060671794247755,0.043772237953346192,-0.087530085300855709,0.18539126984570209,0.97875868386044118,1.1554636544994938,12.179717280704123,-5.7872061717016434,,0.3260140875714004,0.7841726618705036,1,6
0.44006968250447981,0.87958975822904251,-0.18072225031517652,-0.8772570836262642,0.46409585015927834,0.12261749912830083,0.1917255428156317,0.10457963034698277,0.97586085952278057,-4.1569412025408745,12.193631993997464,-7.0098792855055585,,0.1576986436790476,0.3846153846153846,0,5
0.65799699100120135,-0.69001939072872931,-0.3015181590745723,0.74477546079501766,0.65543542289933976,0.12535517303379815,0.11112818198339684,-0.30704665252550406,0.9451840457508518,-12.570512390805735,14.389055721611388,-9.3621276996728255,,0.135146470502123,0.28,0,2
-0.96747612882009038,-0.03899600801360692,-0.24993849547897834,0.043478379866240882,-0.9989769675993585,-0.012435782653209573,-0.24919785441993567,-0.022898243709806899,0.96818185264314216,-19.463921880097629,12.180828841744587,-10.787284819623073,,0.0792446722321638,0.1666666666666667,0,1
0.47301489793431561,0.85719184554004924,-0.20366405247817362,-0.85811245472814901,0.50062803719139104,0.11408147710441172,0.1997496467396582,0.12080442176318894,0.97237151866446714,0.013243601583384548,18.452350281497353,-6.857735307912324,,0.4175214366414352,0.8307692307692308,1,5
-0.087139503501545507,0.98125518348606278,-0.17188650852012069,-0.99399758074633482,-0.07418626934330351,0.080406510379175053,0.066147686278037687,0.17786135702466743,0.98182983315715466,3.3363435185572325,7.7958967963556196,-4.6109768605568089,,0.1268077648398911,0.4545454545454545,1,5
-0.51496138903398481,0.85027467808062873,-0.10884732251678583,-0.85541634690607704,-0.51793991288723518,0.0010583403170990734,-0.055476492769931635,0.09365478339758046,0.99405791596702331,1.60863888126764,-4.0371509883256387,-3.550737929696834,,0.4111073598699294,0.6050847457627119,1,5
0.38187768749875939,0.90410162761007729,-0.19175421440847196,-0.90994922851966564,0.40411322493444063,0.093192826706527232,0.16174620028633285,0.13889833831222229,0.97700840237279329,4.6499515306497878,3.7215715118601533,-3.8245860490900947,,0.2060776813981508,0.6538461538461539,1,6
-0.95452656043491302,0.18617239473193359,-0.23284948972258668,-0.15189376184815664,-0.97576708264062872,-0.15750201759536034,-0.25652939507180722,-0.11497147417847117,0.95967402256668344,-3.1318499904307959,11.450399453735988,-6.711914966211082,,0.2402418261678906,0.3771929824561404,0,5
0.77757321386286504,0.59238714298080997,-0.21084916389213249,-0.57693336829399167,0.80548753525971484,0.13541683458928483,0.25005556508889648,0.016349415043533686,0.96809344125234609,2.9684916950009645,-3.2362575687156401,-3.241620156978791,,0.08140449709293353,0.2685185185185185,0,5
0.85587957485516641,-0.44399356023137321,-0.26521665071938694,0.48820674112676438,0.86283456697403305,0.13103697170309259,0.17065852238937185,-0.24163242437181859,0.95524313147390549,-2.0051022202423447,4.0796527099735451,-5.5002978700183043,,0.07957842683734748,0.3241758241758242,0,5
0.96023630064035626,-0.11805160344422207,-0.25300210642753795,0.15747266755109871,0.97731140708960595,0.14165017665670418,0.23053981414685015,-0.175858558213078,0.95703979102039061,-9.556771243565926,-10.531418166679856,-5.5646116330490782,,0.08845192571403371,0.1774193548387097,0,2
-0.89824525395278609,0.37019482135381104,-0.23687815009856053,-0.39426096758093443,-0.91689731609012293,0.062109590152212742,-0.19420029143500653,0.14918145323581805,0.96955203100040432,5.7940889421644126,-14.412517516720172,-1.2089609122379252,,0.5064592529939365,0.875,1,5
0.70601181956057202,-0.65830581707017943,-0.2611144612087492,0.69831620734720146,0.70849651168480099,0.10191745427889388,0.11790583190407515,-0.25429538757522485,0.95991253281795175,-14.83485061457375,-1.6462938751898089,-7.9842569312910863,,0.06585419920716812,0.1428571428571428,0,1
-0.89909019229959497,0.39237614957285183,-0.1941076591921618,-0.39017856117074823,-0.9193214905538466,-0.051075311145198019,-0.19848807650184438,0.029815335856521991,0.97964969720526152,-11.230212925931577,17.092287889178507,-9.4539573788962397,,0.2002410217364139,0.25,0,3
-0.32775536449776504,0.94431493966675795,-0.029081192635524854,-0.94419511557818381,-0.32633651081128712,0.044722091071581857,0.032741483797124014,0.042116225301919413,0.99857609565074235,-27.012759731275118,9.2008655308484162,-12.216036826743139,,0.2809693497285981,0.4444444444444444,0,2
0.8949942058144702,0.38492228277841528,-0.22543337769545457,-0.36355961252146823,0.92226148800088581,0.1313703006529022,0.25847587837507729,-0.035617186456087059,0.96536088398442299,12.869484734230884,-9.1765907152326758,-0.005236907236044616,,0.07161858919673916,0.2857142857142857,0,5
0.15437382025295943,-0.9178354083390019,-0.3657142146809273,0.98679740590159315,0.12488036068545036,0.10312989489455059,-0.048985746155347711,-0.37680639420563478,0.92499585834713571,-5.1198468481047037,-10.920172093510839,-4.3667363026135355,,0.2884735195980379,0.2,0,2
-0.4834062175746886,-0.82633588867980434,-0.28894191092656063,0.85448088331508643,-0.5171320757301322,0.049364322137715744,-0.19021264116562861,-0.22303231902754472,0.95607308078932585,-13.683522041212193,-7.05523307118436,-7.0335038858606307,,0.2437966742505248,0.7795275590551181,1,2
0.27996276620879912,0.94522643581868671,-0.16783275772691661,-0.94380494412495475,0.3029850166562934,0.13203146264083829,0.17565043974328889,0.12143749302126663,0.97693390682619963,-2.9806578800303334,-6.9940257853341601,-4.3501608963606477,,0.5993587597695066,0.9456521739130435,1,4
-0.76806999316138835,-0.57330153523304495,-0.28529604852591006,0.59302069876134789,-0.80491458430549645,0.020951439399540948,-0.24165044267633254,-0.15309429013435993,0.95821041628787818,-17.259932118271436,13.14190083314301,-10.36538509012288,,0.1355753672575388,0.1,0,4
0.66180244805504107,-0.65072259463911675,-0.37226015711393534,0.74407014110776371,0.63077290235782479,0.22019348483313508,0.091526743961690082,-0.4227122549409032,0.90163030376232878,13.978221227727763,-3.1847521208963387,-0.46891006394215595,0.8609919676040825,0.2976189298404027,0.125,1,5
0.50973909451965482,0.83864359468135208,-0.19194524380203584,-0.83615076274648292,0.53544750836170607,0.11894480967119242,0.20252890528701833,0.099864342431025543,0.97417100944036594,-21.179296207793751,5.598614505240076,-10.414878792570537,,0.06766829580275865,0.3157894736842105,0,1
0.90527304905721129,0.36624488633402774,-0.21527979441841644,-0.3366704711655063,0.92753962223127306,0.16224439292704043,0.25910171843478136,-0.074397126458236526,0.96298046038271257,-8.2807144330349853,-17.81915835354604,-4.4439224792725893,,0.1036352151027626,0.3157894736842105,0,1
-0.66804606204445338,0.738831362752985,-0.088558886620528271,-0.73946964840406704,-0.67243739496979538,-0.031821202607740365,-0.083060809507649075,0.044228579660718012,0.9955625217258488,16.995733381267065,3.9457463617376618,-0.72545024921201084,,0.3971502771202458,0.4545454545454545,0,6
-0.35961613670550696,0.90314754788248564,-0.23452236774956017,-0.93304747458435666,-0.35072788439899638,0.08007722071075625,-0.0099319883588825549,0.24761756371238722,0.96880694555127,2.3058011146351123,3.9646915328988976,-4.4098577862864357,,0.0682586475606092,0.282051282051282,0,5
0.76485215804970719,-0.58345067267472428,-0.27310527069633517,0.63117403331567146,0.76354606530798974,0.13644319631522817,0.12892058018305075,-0.27673582837807609,0.95225877013402538,0.6206143987858701,-11.924147545905868,-2.8517788855688977,,0.1726953189297184,0.2962962962962963,0,5
-0.16934254270731561,0.97854499564109254,-0.11735755082309451,-0.98466189945068627,-0.16291031122502977,0.062459380934576932,0.042000559515173348,0.12613453929173477,0.9911236204420083,-6.8203064742411605,15.104416010101925,-8.106377639944025,,0.3433166189936747,0.1428571428571428,0,3
0.56321200644004976,0.79563451713216349,-0.22306490299830556,-0.79644083856601733,0.59462557477464018,0.11001098348887346,0.22016863188482094,0.11569849165740609,0.96857608506620096,-14.106842224063827,24.39484791128514,-11.120054644776431,,0.4144819760815337,0.8409090909090909,1,4
-0.11194207992959844,0.97010703560986855,-0.21531676711596157,-0.99174586969982725,-0.095433103015906254,0.085630910202387597,0.062522801235783632,0.22312521665869436,0.97278262577856622,-3.1354177266179719,-2.1963610924436274,-4.9775626958361885,,0.2719567695844403,0.8360797918473547,1,5
0.57182610772792131,-0.69175203351519055,-0.44101476919524391,0.80926189409764027,0.56382429613397567,0.16491619038325558,0.13457373176900081,-0.45119983069215069,0.88221801358912377,16.562157052584283,-9.1656202165009883,0.87413629585653585,,0.2819907180858748,0.1666666666666667,0,6
0.76736301931361728,0.61261458559353499,-0.18936041325459557,-0.5871068466403162,0.7900063395659036,0.17662257520981581,0.25779749265257401,-0.024358837487537914,0.96589186755987466,5.5374546456614002,-6.3882490470998983,-2.204431217550721,,0.6247685394571745,0.9130434782608695,1,3
-0.49497308866956391,0.85197162139405036,-0.17072198989030909,-0.86788715157047536,-0.49427748264877985,0.049615141693580042,-0.042113342681397416,0.17272558144519309,0.98406927595704408,10.799337980615393,14.065564618308969,-3.6320404404842712,0.3359519934012376,0.212065760067325,0.3823529411764706,1,5
-0.943184218818373,0.27005011644308841,-0.19358838803257711,-0.25082953961359516,-0.96078771316584322,-0.11820115179972976,-0.21791757944050572,-0.062927774778910608,0.97393635507263365,-2.3991405828514365,14.519822367389692,-6.9231800062892965,,0.2019292296459427,0.15625,0,4
-0.90514810299789217,-0.33844244235382276,-0.25722290888040739,0.33544167382991358,-0.94034301457093528,0.056867375584189236,-0.26112409903627232,-0.034809885969745658,0.96467739516445083,1.3375040693280962,3.3284899582887775,-4.5918971219690707,,0.06746226819825252,0.2142857142857143,0,5
-0.30969449240049279,0.93408216450226111,-0.17770715049083696,-0.95082147743761714,-0.30319581234078469,0.063331014695485327,0.0052763074350480601,0.18858104183025295,0.98204345690100114,-9.1221703745158909,6.1012454380617012,-7.45754024932112,,0.0672556220445451,0.212962962962963,0,5
-0.14628820111155175,0.97460981962599869,-0.16951537306134171,-0.98775494334116787,-0.13451543381868736,0.079030183915122038,0.054221159344243562,0.1790008311521207,0.98235368799949907,5.2991222233939084,-10.119555960596744,-1.8243858548154539,,0.2508576168901396,0.36,0,9
0.65459114950406561,0.75210090925723094,-0.076515679996936536,-0.72042267176237196,0.65127366845833379,0.23839836992645666,0.22913227839331843,-0.10092983239494707,0.9681485257598732,10.632337117959899,-13.08686862534778,-0.14950265743206015,,0.4469643614281209,0.2307692307692308,0,1
-0.3475877550599602,-0.85107283060703709,-0.39351974478404855,0.92222635252809315,-0.38610864206168927,0.020461457133045879,-0.1693555645235974,-0.35580212692984819,0.91908842840995986,-8.0609322756483017,8.3186403862285463,-7.4791524419787416,,0.08966868740770903,0.2830188679245283,0,5
0.30579415751043004,0.92694834086690603,-0.21738607728319848,-0.93870024560926957,0.33169560307811802,0.093914193771447385,0.1591596121055332,0.17534195237516301,0.97155721273205653,-4.5546300728120066,4.9174487486999174,-6.2384654993070736,,0.1171556858782611,0.5191082802547771,1,5
0.30144964732704788,0.93156547792661615,-0.20325813750439414,-0.94020639654418725,0.32586899204323599,0.099102633275415672,0.15855611632414104,0.16123014718123344,0.97409691387260045,12.241010915060512,0.82519962514884138,-1.534183488812326,,0.1491931144855925,0.2765957446808511,0,5
0.4837972018197082,0.85974841845846917,-0.16362433947791347,-0.84893030121384483,0.50645794875772987,0.15105525419886962,0.21273836323614245,0.065825550497323596,0.97488942229841291,-0.1169696897931221,-10.884648733690028,-3.1219754838170917,,0.1875338567786626,0.2272727272727273,0,5
-0.76627992092090669,-0.57045852724825463,-0.29562163568183303,0.59343006903626272,-0.80475142093592911,0.014693660715448387,-0.24628405542597873,-0.16417131050021055,0.95519209840302699,-3.3699599354602849,4.1191922439909217,-5.8286755334867548,,0.07862314436539745,0.3063063063063063,0,5
-0.1797072530508963,0.96510325772172056,-0.19047573371908708,-0.98297898156059893,-0.16865863088315142,0.072846331676411663,0.03817885554845693,0.20032465690359844,0.9789853966354487,-7.0089767287166174,-6.867525973956881,-5.3372749392182985,,0.09625490405522419,0.3771929824561404,0,4
0.27200039973320173,-0.89373980526559604,-0.35671409143569499,0.96220400098207659,0.24744040480952875,0.11373964375617211,-0.013388167875507971,-0.37416895455330274,0.92726390548183535,13.627392958822416,-8.1042082382768168,0.055702119388821032,,0.08469725961059553,0.1818181818181818,0,5
-0.91824202120981024,0.34013646919735507,-0.20282695286001845,-0.33404769746771679,-0.94033841841446764,-0.064620388967379247,-0.21270572700573948,0.0084167200105119098,0.97708005430631184,-14.613742183794487,7.3220923974248109,-8.9619398009066167,,0.2813312307761109,0.6993865030674846,1,5
0.96938666459829648,0.020357535688437747,-0.24469381937369183,0.011577980576716369,0.99165879890609843,0.12836968846998362,0.24526606953420224,-0.12727292442939092,0.96106511633834446,-1.0644638749789253,7.0458602181924324,-5.5874370860920157,,0.09669922384773785,0.3333333333333333,0,5
0.84959661633485861,0.47696086611538285,-0.22515310725553772,-0.45880678077994896,0.87889148054709743,0.13056072660670798,0.26015750502858809,-0.0076221792287637967,0.96553610753876284,8.4685838698513471,3.4203217811216429,-2.8314283022656666,,0.0732688617132654,0.2692307692307692,0,3
0.95952878341097303,0.16144242997910097,-0.23073980065932093,-0.11905488930375734,0.97508914518912959,0.18715526246195832,0.25520667534124214,-0.15211015987361756,0.95484661183066155,-9.5082303922797866,4.9349200655934853,-7.4432324690328846,,0.07287587894717462,0.3478260869565217,0,5
-0.53119729917560887,0.82515574571064598,-0.19221712896942433,-0.84453754449807494,-0.53382421952422288,0.042285205243894952,-0.067718278785735914,0.18479636893095053,0.98044099095674042,9.382300791335453,1.8227364810302318,-2.3899246521012198,,0.08051624815395649,0.25,0,5
-0.91791678377669694,0.33414655794182824,-0.21395059213910397,-0.34100989647004687,-0.94004578998462962,-0.0051150016287363747,-0.20283251359319235,0.068264123430998858,0.97683109127508061,-7.5885830072733587,2.8184247092472536,-6.7105682676269121,,0.06786264144317009,0.1573770491803279,0,5
0.8644803556833961,0.47655191986561157,-0.15991242074932618,-0.43227407244644495,0.867157099903898,0.2473412427736783,0.25654013512134022,-0.14469565217608196,0.95564131729078339,18.787732094099759,-11.764840780837361,1.8295541933739068,,0.241282184863314,0.1875,0,3
0.63973406052964799,0.76859633796491389,3.2637001374221062e-05,-0.73443629047369763,0.61128874087907115,0.2948379394001307,0.22659140988458545,-0.1886418419688613,0.95554727168524323,6.0725564703742201,-0.61178102815890489,-2.9651035322516441,,0.6971927583129895,0.4299065420560748,0,1
-0.42666050717459791,-0.81897238762499036,-0.3837252140859897,0.88513206043097026,-0.46525647513685059,0.0088118068782448971,-0.18574726704514738,-0.33588783939145056,0.92340528054273285,9.1128324819767936,9.2556903081098962,-3.3866621164519661,,0.6739638724535262,0.4848484848484849,0,1
-0.39046784928532313,0.9125627075720163,-0.12150787391492683,-0.92037269679035472,-0.38998711215632154,0.028708036415323802,-0.021188621412092778,0.1230420948326398,0.99217522909103695,-2.548696188220875,19.910874611317354,-7.7172618175669845,,0.3252174167201282,0.48,0,3
0.37500089751625426,0.90658436893277694,-0.19359521912682678,-0.91041376292040466,0.39951737086722899,0.10739017953448157,0.17470291110086039,0.13598033821879227,0.97518625937345405,14.153477276142686,3.2496196566054154,-1.3201704165642147,,0.08762720832878837,0.36,0,4
0.60036161828578061,-0.64190598220698114,-0.47699333045250308,0.79545148057424298,0.5409100649861277,0.27326405480587634,0.082600661870984568,-0.54348230109507267,0.83534670589814453,7.4330576798177148,8.1670568299474819,-3.6819864826132691,,0.4584029768632223,0.1081081081081081,0,1
-0.93726830915976123,0.30978606821536953,-0.15987716717676087,-0.29214516477754426,-0.94821795634015982,-0.12463510729804007,-0.19020862057726262,-0.07010919493015752,0.97923714259843186,11.156682781123468,-9.3922248063629592,-0.46328457556785657,,0.5168617138347336,0.3181818181818182,0,2
-0.97658269800613717,-0.023128831712889261,-0.21389551444257057,0.015160714727792193,-0.999131271155283,0.038818239637729124,-0.21460751777139028,0.034666412321244122,0.97608496206671314,2.1528883320474588,-5.7753882951480762,-3.1769270352430148,,0.1339845334046518,0.3292682926829268,0,2
-0.98909584658868255,0.0078121182173577445,-0.14706589363267528,0.012461202218386149,-0.99057172379538316,-0.13642719104459172,-0.14674510111172992,-0.13677218586395065,0.97967302936934364,3.6655881124585727,-8.4991717671775806,-2.4610524554480748,,0.428043797988663,0.2363636363636364,0,2
0.97015863401929958,0.060087584621511127,-0.23490786920016013,0.011825751785972642,0.95592921336080272,0.29335897913323472,0.24218252709991972,-0.287382708626928,0.92669239899210731,-15.786515226558249,17.156180139558519,-10.543430653833825,,0.4463276039519393,0.4,0,2
