axis_00,axis_01,axis_02,axis_10,axis_11,axis_12,axis_20,axis_21,axis_22,location_x,location_y,location_z,dbh,dbh_approximation,score,reconstructed,number_clusters
0.84482524335659415,-0.43523683564575943,-0.31118998230106398,0.48505023336571823,0.868503460365598,0.102117630431004,0.22582422212715009,-0.23721432551607669,0.94484537595874341,11.886658682302709,19.715193869206384,-2.8143823324153021,0.5525964499952651,0.5521064637208271,0.4117647058823529,1,5
-0.60851353755779403,-0.64194059894758038,-0.46650138481222303,0.7558450984369437,-0.64791552712873723,-0.09435919072532524,-0.24168049523647295,-0.41002163007372328,0.87947302465393506,2.8103047953427658,19.942156243365602,-5.9414238721566841,,0.4993600273597656,0.6,0,3
0.94848576300254472,-0.16684429331892983,-0.26932831111561212,0.18876007640803219,0.98034156502102776,0.057446056840799932,0.25444919126598703,-0.10532519963916288,0.9613335588572034,0.43881583928981732,9.5185132313104006,-5.5550190401562105,0.09161042546235197,0.1152612156024087,0.5545454545454546,1,2
0.36389372377085794,-0.80887441596520815,-0.46184795874521423,0.92979783105940039,0.34488733227334123,0.12856407505447287,0.055293319283731143,-0.47620889033524,0.87759201318623326,-25.566772726892836,17.42784396262417,-14.110816049760061,,0.5377492831173792,0.46875,0,1
0.66471585703413061,-0.62275792609386049,-0.41270497318866251,0.73333400765698831,0.64942315517059468,0.20117355378381585,0.14273774070343603,-0.43637384318442263,0.88837143490959647,-10.764889783473663,16.100375096974492,-9.72082915661748,,0.1198714392525774,0.2727272727272727,0,3
-0.27883329469634288,-0.86561459468908275,-0.41588864763303834,0.94979151550775454,-0.31257899069695433,0.013800421890503527,-0.14194390032074294,-0.3911594918139254,0.90931082756426407,-7.2975471737308064,14.662786070774875,-8.5597002525779509,,0.131023537503225,0.3111111111111111,0,4
0.36519622182407646,-0.87889029334201485,-0.30689342096989919,0.92938096571801787,0.36322057086909137,0.065740683435573127,0.053691155011459685,-0.30922915316431498,0.94947068975656979,-16.064415889924891,13.880954098125956,-10.985085764010366,,0.1011783624634434,0.6097560975609756,0,3
0.79957330338141674,-0.51527316599744655,-0.30850623481981038,0.56825809100767821,0.81532777403156753,0.11101064317009234,0.19433289614482985,-0.26407231073267856,0.94472246727822951,-9.9557625874326536,-0.17844511971772981,-7.8472969128871233,,0.07331096019906141,0.2594936708860759,0,3
0.91171054150293829,-0.29888928344562427,-0.28186714025189225,0.34411126363657696,0.93037024869507368,0.12648572481313575,0.22443557371962367,-0.21231202647148267,0.95107953224991415,-5.1391921467192203,4.1175340088700176,-6.8710478516389673,,0.2224854088162023,0.4129032258064516,0,2
-0.90729378890132395,-0.30865079042068766,-0.28557428139411561,0.32020888444907586,-0.94732435976866569,0.0065442882551569352,-0.27255137303077231,-0.085505829985872445,0.95833423297796705,8.1916014503888857,-3.8581783643250027,-2.1143781487644326,,0.0743094999151486,0.2982456140350877,0,5
0.92742480582464393,0.26299501818235343,-0.26592639950254304,-0.22871275124323942,0.96137405325970071,0.15313525765728617,0.29592855043045546,-0.081200678139279947,0.95175245884098014,-5.1697820982810221,-4.7404110574015172,-6.0896770142101468,,0.5716200694079641,0.4682779456193353,1,2
0.89785813971765593,0.38094013894671042,-0.22076089210277036,-0.35061931095141163,0.9219025201194947,0.16480850155644741,0.26630219625588425,-0.070571622743033982,0.96130265074673893,-10.841647119592034,18.154112451983707,-9.9764761088531984,,0.2940004901342648,0.1818181818181818,0,3
0.67353027811397714,-0.67833528153757083,-0.29362937571887149,0.72307508585945679,0.68707675076817698,0.07132992894420026,0.15336030996659139,-0.26035895293841899,0.9532543369698151,-2.1130619343755863,-3.8004273066899081,-5.2530845890714355,,0.3538920992370636,0.9071310116086235,1,5
0.34988912374390047,-0.86434428283781561,-0.36122923720444788,0.93546165782696455,0.34290833962256917,0.085588301495703928,0.049890758877293447,-0.36786251690390331,0.9285408342317385,-4.6493865403263008,9.4272181074380832,-7.1787426006271939,,0.08302985230770839,0.1428571428571428,0,5
-0.87787872734748873,0.40948212037390014,-0.24830089239640066,-0.40625561157308732,-0.91133098914438659,-0.066574817239638789,-0.25354549519983777,0.042429015062917269,0.96639249818314532,-11.580587514676731,-4.9601843824558873,-7.9997701944017177,,0.1595185231391,0.1555555555555556,0,3
0.95404197882134723,0.0091659522509650211,-0.29953278279009865,0.054846432847330595,0.97730834025707503,0.20459784179673968,0.29461122084973385,-0.21162323450720971,0.93189046307285228,10.953146565593928,-12.36842443847328,-0.6428215582568988,,0.2416488755795067,0.3571428571428572,1,5
0.70741111528133993,-0.62354541974945565,-0.33280718664999959,0.68767310558904482,0.71599752963781582,0.12022161786494538,0.16332548431255506,-0.31390866038072601,0.93530002625470343,-6.7346173733192982,12.100469000459482,-8.0680415556680032,,0.07390255269549934,0.3116883116883117,0,5
-0.68783252297987862,-0.64095240616448923,-0.3406852408941235,0.68999369256404963,-0.72307604007730641,-0.032706948618755886,-0.22537773748301612,-0.25756757035402106,0.93960833443992176,-18.787432196977182,16.107293859281874,-12.026873596322471,,0.480060932212202,0.1081081081081081,0,1
0.89901340808919128,-0.33891048200341101,-0.27733477471113194,0.37152176506937279,0.92552493837178473,0.073315527220661189,0.23183284960418452,-0.16894754700829895,0.95797194959157528,2.3980937562100211,-3.1637903692055556,-3.8803151619566605,,0.09425128149774537,0.5028571428571429,0,5
-0.21454053471912796,-0.84830803354984619,-0.48409280017081679,0.97085192857724079,-0.23944235658227089,-0.010671956342642638,-0.10685921457825381,-0.47227199587644442,0.87495158161500408,8.3784627918125238,2.4441625994543719,-2.4864435204606421,,0.07705362681028657,0.2727272727272727,0,5
0.95295053254910256,-0.10964567527651639,-0.28260061643163159,0.15137738561580419,0.97985240871865487,0.1302848581085839,0.26262172347029017,-0.16693436740649442,0.95034875037540156,-4.7525585927252214,13.853758483384837,-7.6670102504552791,,0.07814117187619322,0.2987012987012987,0,5
-0.92608663927010471,-0.20562790351816465,-0.31635534112786223,0.26298836267933884,-0.95300088870762523,-0.15042083372231244,-0.27055620055848334,-0.22250049756618392,0.93663913591209558,-6.8455711293789676,-12.784372267291234,-5.9274139022465118,,0.3394264459288657,0.1176470588235294,0,1
0.41290175377628369,-0.85846622151064322,-0.30421684413212285,0.90855416299467251,0.41155270869748284,0.071789281016143333,0.063572593415080786,-0.30603940022324577,0.94989389453637219,-5.6960141451544466,13.914268015582525,-7.9558249127443652,,0.09824821302359155,0.5428571428571428,1,5
-0.35458018321489448,-0.8555126573135301,-0.37732080097396425,0.92244509457335533,-0.38603639242365895,0.008423254838822487,-0.15286576192478474,-0.34507100269490731,0.9260443088374799,10.434388222410005,11.928037932350406,-2.6231091090150223,0.1736925949314714,0.1747904051705968,0.2368421052631579,1,5
0.33769079342346436,0.93628722645943141,-0.096597917192538491,-0.93039037602757257,0.34757911178476586,0.11645818668597344,0.14261373086874568,0.050546915037601933,0.98848689073142404,2.9372533070230848,13.863316342772645,-5.2091248757299722,,0.1615776701047363,0.7142857142857143,0,3
-0.54063055434686813,0.82342945788346333,-0.17228619096243167,-0.83715782630693958,-0.54679145418725605,0.01363376253369827,-0.082978175200696253,0.15160156172523853,0.98495258206820835,-2.5962728038502636,-12.08639771147466,-4.7407816909568377,,0.1524609138862525,0.2727272727272727,0,2
-0.0678660781913418,-0.95072293459475732,-0.30252288684735795,0.99539044875714267,-0.085116814090126655,0.044192561389910047,-0.067764665969669249,-0.2981292162715346,0.95211707287042158,-12.788354285715464,13.34596980614076,-10.022922396394257,,0.08027229190544938,0.2727272727272727,0,2
-0.022029602663258967,-0.88063770209462766,-0.47327786157393081,0.99834800587814432,-0.04450441211891807,0.036340287025315172,-0.053065579857679256,-0.47169544724476969,0.88016330830302447,4.7225521689682184,16.042354114313206,-4.8417186621417789,,0.1998828694808067,0.4285714285714285,0,5
0.15916676963650148,0.9847123414393244,-0.070764002575923246,-0.98288003734813345,0.1647923244005301,0.082403410130909543,0.092805019400964361,0.056436640897158254,0.99408356486677352,-13.969517283134055,-3.9024027083337951,-8.7498949690140666,,0.3982718653010072,0.2,0,1
0.6123657228616155,-0.67913062351471143,-0.40470954729125297,0.77923104121561748,0.60490348363885793,0.16398402326933845,0.13344364304902726,-0.41578043687274857,0.8996218219027986,-4.6654981218212619,6.3250110150020706,-6.9296043087734178,,0.2487575923527319,0.2621359223300971,1,5
0.89101028931088067,0.38690575057820303,-0.23749653578875188,-0.36872588604678574,0.92194163878921376,0.11859525970995613,0.26484313338494048,-0.018098476073317386,0.96412165200386946,-14.28619109986391,-2.1087983777861736,-8.9037872885456846,,0.1638298236882654,0.6548672566371682,1,3
0.88025553114464583,-0.31290717470928453,-0.35670618147813449,0.41556151061343394,0.87124570973523519,0.26122699738853167,0.22903892853822763,-0.37817986895576583,0.89695103318445513,9.7616114422946278,13.863065716178673,-2.9495368858776962,0.6117155882357168,0.5406436836189951,0.5666666666666667,1,5
0.96838243963264059,-0.016201532754183262,-0.24894369031479818,0.042811618157886137,0.99387781980411216,0.10185305421109156,0.24576943659014713,-0.10929039133354465,0.96314744167252098,-12.474414664456177,-2.0825034866780743,-8.4575055089035036,,0.1151882003246112,0.2456140350877193,0,2
-0.0032919675153561881,-0.94114280336089939,-0.33799317542202595,0.9975901957876443,-0.026515116266227004,0.06411512986618205,-0.069303421403613036,-0.33696761311938428,0.93896212037034665,1.8035208704998018,-12.660892650892526,-3.3297288932708624,,0.1203521357587421,0.35,1,5
0.83482363156964856,-0.40121169072056828,-0.37695979016601561,0.51094159692720298,0.81960271566401977,0.25921048012309122,0.20495899273352972,-0.40899947152203869,0.88921945749761344,-8.7081011547640053,10.891064359422286,-8.5096371247973401,,0.1490664921723873,0.3666666666666666,0,4
0.57836938305925611,-0.7510466482425755,-0.31846159721895606,0.8067482524052989,0.58449936430141669,0.086704961635629088,0.12102113030645334,-0.30706583218396832,0.94396210767409272,-12.032687503521444,-8.0356897518208061,-7.895168986049188,,0.07526147070653999,0.1304347826086956,0,1
0.83752525858874372,0.49729105720075506,-0.22639135507791053,-0.48323342082731419,0.86751821293948372,0.11788813008023875,0.25502333662115928,0.010665582330034435,0.96687607434053879,4.6663270804023353,3.1575772599146057,-3.7396725557228527,0.6851195945899472,0.5258356311068381,0.1052631578947368,1,5
-0.75667026979632313,0.60984438523358231,-0.23566910829685311,-0.6291160161262549,-0.77726400297684151,0.0085853322501970517,-0.17794139782464738,0.15475947620579081,0.97179543293057313,9.7054343507867351,0.14009060010258628,-2.0268337049120633,,0.08193899924006054,0.303030303030303,1,5
-0.83185246409499558,-0.46508159671947885,-0.30285406778173635,0.49111506559998852,-0.87102066843947268,-0.011357266043086196,-0.2585100971331748,-0.15818376510917445,0.95296926820127958,12.490131551827131,-9.5730523037676072,-0.42145260930982764,,0.08791455250163853,0.35,0,5
0.45198889511374502,0.88996876139602688,-0.060511506617160524,-0.87668237066270194,0.45571911313661273,0.15410422087407147,0.16472419270732977,-0.016604025451732011,0.9861999019852502,12.127613970844569,12.013195365007174,-2.1317922127171722,,0.3375700179620946,0.2272727272727273,0,3
-0.84719672044807792,0.50169042778660577,-0.17482686157829086,-0.49014710589968308,-0.86503242824241333,-0.10712008526508916,-0.20497202599424941,-0.0050609046945782072,0.97875474752538794,12.681148487277339,-7.9418388128486885,-0.47082419548190529,,0.1397613674799467,0.3529411764705883,1,4
0.42412402135718774,-0.76521290106468753,-0.4843222383413473,0.90262572270644026,0.40053424457765935,0.15760432617564832,0.073386778212999437,-0.50400549100656522,0.86057704234934551,-8.712565025457188,-1.6198422688652465,-7.4430662542806001,,0.2362110324389274,0.1524390243902439,0,1
0.94349445041422064,-0.18115435405877928,-0.27749112065634773,0.21613570099186918,0.9711362950051573,0.10089427773868549,0.2512042610990558,-0.15516892900707976,0.95541562823541604,3.2861971941648664,7.9040953678787549,-4.5251274335934468,,0.08516651751128278,0.3275862068965517,0,4
-0.79651793383764902,0.54585446562573914,-0.260004006568055,-0.56949402404188687,-0.82176620333174311,0.019412976132235069,-0.20306584561560576,0.16353351160594234,0.96541237454584561,-9.6256985508444526,-5.9593562144088983,-7.3028367907419538,0.1561945172677806,0.1133552954687334,0.495049504950495,1,4
0.90048217883481074,0.38944823492380565,-0.19355081481524397,-0.35580024092712137,0.91564926951330394,0.18706310110750266,0.25007605674497313,-0.099581562321976014,0.96309162507437474,3.2789819325372154,12.130344484473049,-4.8892145339387163,,0.1082392014862557,0.2307692307692308,0,5
0.91642107721206179,-0.21991072745322332,-0.33438253721221767,0.32508617618084129,0.89635354255425459,0.3014453595704516,0.23343390348791451,-0.38495402154209796,0.89292721651933238,-18.431978352399085,-4.347385935491805,-9.9997205677540588,,0.2564661205413419,0.3333333333333333,0,2
0.52603623856949144,-0.76823446607970292,-0.36483103053179949,0.8424860889531387,0.52933306012637826,0.10011843675211729,0.11620269201746024,-0.36003099392202026,0.92567522262585011,-8.4186272063536389,22.182545504053252,-9.8455776586902459,0.1152932344047859,0.3217639075373031,0.3684210526315789,1,5
0.82060681704647775,-0.45671476327527682,-0.34353468067031517,0.51786391464508963,0.84849072683984994,0.10899748793089432,0.24170522899869332,-0.26734829618531342,0.93279336983144245,7.3942661772081779,7.7330748113628127,-3.2252716304244045,,0.08745070485545445,0.2666666666666667,0,5
0.96238237523834169,0.07591213039068237,-0.26087834768365953,-0.03523586028526543,0.98693792007437564,0.15720043278955345,0.26940415360674302,-0.14209465288607337,0.95248648895436883,17.250357718601212,-4.1593870450794705,0.56994234072047789,,0.6209463098038427,0.2222222222222222,0,1
-0.58622754092571094,-0.75800098045932685,-0.28595766099703079,0.78513301979586569,-0.61859198309687291,0.03016785830155062,-0.19975838276883004,-0.20682957252524789,0.9577672558834972,-3.8794072758797249,-9.1484947765730062,-5.3599334465546544,,0.06977483488931993,0.2,0,5
0.86480004228384355,-0.35640456931880732,-0.35369007596275281,0.45204258885987636,0.85926437024524294,0.2394206337889587,0.21858267251253721,-0.36693395181656524,0.90420190791744925,2.7211165122492793,9.1350952486846442,-4.8375791557198138,0.2784674917341774,0.1001039178071188,0.18,1,5
0.77871569422906439,-0.55856287513545966,-0.28567355859749455,0.59868137255032883,0.79772798722655203,0.072184988444476447,0.18756993821665899,-0.22723902155194226,0.95560449212083309,-12.473267796344894,-0.94279929060595302,-8.5708400944784948,,0.07294374065260265,0.1625,0,2
-0.12024344029205565,0.98726433202414354,-0.10416647147548644,-0.99262225639129031,-0.11791879857262802,0.028217247559818661,0.015574696895764996,0.10679089687848156,0.99415951092392363,5.4983816887487578,12.937015809986031,-4.2782750577511823,,0.841669451449317,0.6590909090909091,0,1
-0.96055836530188643,0.083653519271115015,-0.26519750293342809,-0.09134994191373122,-0.99567714729023615,0.016799002242271335,-0.26264579753144029,0.0403621986211741,0.96404775709585,-12.972720955575603,22.802782803529571,-11.212608471475956,,0.2507993034085229,0.7037037037037037,0,1
0.40250518383926664,-0.86165425570719001,-0.30909791426699662,0.91299384169043951,0.40241794958325722,0.067097234581916687,0.066571931156093958,-0.30921147694562795,0.94866033990425291,-6.6778601140814615,-5.3220760480631304,-6.4943642165840014,,0.06940327630903481,0.25,0,4
0.86235271473865371,0.47606700681710701,-0.17236008935676964,-0.41887164293153495,0.86205199282759726,0.28532947343343867,0.28441930688810463,-0.17385789220558029,0.94280384555172536,14.65763022345342,-8.5542402569754739,0.16332550179696764,,0.3499193490843902,0.3333333333333333,0,3
-0.27733728765405197,-0.86442351005472451,-0.41935190966700536,0.95294594022889101,-0.30309117217305376,-0.0054567712101420253,-0.12238490053094457,-0.40113306597117476,0.9078073581474192,-2.7740492263711642,10.327395641864955,-6.7069371389168939,,0.1143634540468625,0.2916666666666667,0,5
0.96399238228908191,-0.011833886311873017,-0.26566641869716878,0.052364219643234934,0.98789734671383023,0.14600281112680885,0.26072336947380981,-0.15465701241952542,0.95294518893779567,-15.266424315862274,-5.9660644227853448,-8.9250652279438896,,0.4584186140036958,0.472972972972973,0,2
-0.95685313025664998,0.12539357261815626,-0.26212313721628244,-0.1280766979877403,-0.991740299697498,-0.0068947362875262904,-0.26082263427587721,0.026974615881835178,0.96500980489703825,-12.459504979453257,17.204773813468108,-10.35443864105228,,0.2197642173101935,0.6190476190476191,1,5
0.083898586428083136,-0.92615702213256879,-0.36768763584039932,0.99621560476108417,0.069550592088832769,0.052126614800890606,-0.02270453756140145,-0.3706695097989926,0.9284872742690109,-9.9409975696419615,24.345917842948623,-10.539143869213641,,0.36112009116934,0.9,1,5
0.65713042660643595,0.71849281266294285,-0.22792033823188462,-0.72260885018485033,0.68652069991489761,0.080782289042138924,0.21451352419503089,0.11161275348297912,0.97032290563367374,10.616542180309244,1.7883023896295824,-1.788303421931942,,0.3045142869476688,0.7692307692307693,1,5
0.8575588890993896,-0.41800640592389643,-0.29977224076489839,0.46732440318724983,0.87664362852774746,0.11447205225462773,0.21494337373434455,-0.23825740947196647,0.94711813039314485,-6.5953426406453861,16.05918992782442,-8.3986193592865188,,0.1300975336418958,0.5,1,5
0.15343639827097769,-0.93878667015356554,-0.30844263587839338,0.98813991738634865,0.14385185734612085,0.053722870416350106,-0.0060642685734166955,-0.31302752447676641,0.94972469356472855,2.1052741287954908,1.2024811759499965,-4.450090181630026,,0.1075525179819272,0.5777777777777777,0,5
0.67908524866543896,0.71473263901428508,-0.16733343889574157,-0.70584475257519796,0.69838426074495408,0.11850151731425844,0.20155994221833037,0.037638797422336702,0.97875273211447211,-12.057557347192505,11.239397560904335,-9.5631754292555549,,0.6155991327266921,0.2142857142857143,1,5
0.57419150909135741,0.80381965469353245,-0.15549300182246528,-0.79652316473148965,0.59238133837021323,0.12097602240464179,0.18935405708229006,0.054390373036838122,0.98040130986621588,13.765166810167294,-3.4422924950573917,-0.45238351878673294,,0.1682304341033024,0.3181818181818182,1,5
-0.7282313262469523,0.66958088718655051,-0.14608412298082959,-0.66552077149516919,-0.74180884308314254,-0.082472680519826966,-0.16358862485234335,0.037162828715302035,0.9858284262389666,-7.3251279997487764,19.930280423964273,-9.150584680178536,1.900711155143342,0.5363496565607708,0.2325581395348837,1,5
-0.94452828070796391,0.21185884921496459,-0.25096245725640015,-0.21277974944650874,-0.97681062001869856,-0.023786358362901813,-0.25018214398381927,0.030932840606681878,0.96770452835752663,-6.302218544053102,5.6754649892949534,-7.2915139349177922,,0.07799847875716477,0.2406015037593985,0,5
0.7412377110773547,0.63707730216294789,-0.21142177453040784,-0.63193532895299642,0.76851403562840659,0.10021934475544428,0.22632807094541937,0.059318530923501617,0.97224323921084965,-8.1391013652317152,14.079736070489732,-8.6552965581022949,,0.09628336792329154,0.1739130434782609,0,5
-0.041871275440266385,0.99699427639077487,-0.065185958127823004,-0.99906326739472995,-0.042493057993929599,-0.0081809391204469336,-0.01092630017770241,0.06478234996016656,0.99783959788037413,-12.970073176713647,20.34496355072277,-10.912656650286403,,0.3071257154807876,0.1111111111111111,0,2
-0.60093355736880238,-0.74430720670285622,-0.29135140582854135,0.78003746200792468,-0.62564352835916082,-0.010570396706581586,-0.17441449908855369,-0.23361711725062195,0.95655769561234383,4.6603154247398191,1.5469878844272011,-3.6035448271418655,,0.5316964284161243,0.8514285714285714,0,4
-0.96195378492254091,0.12741753351168875,-0.24168096289736266,-0.075076240334215991,-0.97381544357530225,-0.21458574041980771,-0.26269463985867264,-0.1882770671325526,0.94633148113200127,-4.7914229999402682,-6.3596309142691725,-5.885002687239691,,0.09096119170816412,0.3529411764705883,0,3
0.78301870310216981,0.59201386655177446,-0.1907912272684846,-0.57128871402719872,0.80582275010988524,0.1558168817249635,0.24598966607836659,-0.013010657775821562,0.96918512522989864,-10.721245768101063,-11.778956254225948,-7.1861340067593265,,0.1403078107550367,0.2,0,1
0.88699231079132534,-0.35811501398971257,-0.29154464041071465,0.40064071030154291,0.91073855057961906,0.10021134535176009,0.22963375589433702,-0.20569134459982186,0.95129354507984409,18.03587332147092,-8.9728882346610419,1.0856108719830089,,0.1002413062873025,0.1904761904761905,0,5
0.67037207245175123,-0.68474305587305284,-0.28588149976936084,0.72644043092187593,0.68417558876396523,0.064715253700517505,0.15127982284093544,-0.25105917862750321,0.95607724793977833,-2.004381295847975,13.010593972289541,-6.7075555617241216,,0.08431565731144977,0.36,0,5
0.86981651694212425,0.4445841675777224,-0.21392555900101326,-0.41772194429070081,0.89434190260921664,0.16019031960553731,0.2625406713495434,-0.049974785407755837,0.96362592156436977,-10.767619201360032,-4.5477190848220141,-7.7455193677493206,,0.08389988491407691,0.1612903225806452,0,3
0.92623976374530037,-0.25946629335093185,-0.27341752444160977,0.28900056670329544,0.95452560439088985,0.073208899782614092,0.24198878590179371,-0.1468268135489392,0.95910547611868058,-4.5623812475337902,19.557050747050269,-8.2415289236133429,,0.308281628217043,0.7422680412371134,1,5
0.03223828565478367,-0.91077422392510043,-0.41164427115128316,0.99891674648495576,0.015532870361136703,0.043864148575505989,-0.033556318778294306,-0.41261246099939186,0.91028837765736326,-6.2836724679695379,6.8923751202155579,-7.4181515689051851,0.5443685338957879,0.2048280810496122,0.8187919463087249,1,5
-0.61389526162614327,-0.68415734479640478,-0.39377828192283881,0.76139811616219999,-0.64485096597312364,-0.066634378425722701,-0.20833990606127833,-0.34072857121859168,0.91678706595245718,6.3799578555168939,-7.1587605505040024,-2.395097914524364,,0.2443158039027084,0.3478260869565217,0,1
-0.96355110365309404,0.036146039935939803,-0.26507118750602404,-0.040042635169553531,-0.99915460424647817,0.0093093598996841498,-0.26451060095501333,0.019584192860908546,0.9641839043317435,-1.3228661375881909,-10.356781702484779,-4.4609368892267609,,0.06838575437841617,0.2195121951219512,0,4
0.94881505311777681,-0.14760297889787144,-0.27921918916432614,0.18104921722092046,0.97858766537945008,0.097915076014311778,0.25878789755473708,-0.14345571368081184,0.9552221114963404,-9.9752192319691719,11.423108783910923,-8.9822638687370802,,0.08023178290733829,0.2884615384615384,0,5
0.90482111709085,-0.3128803943018012,-0.28879855423463802,0.38567319075862788,0.88964911050563178,0.24450081821253283,0.18042986448070786,-0.33261136336284208,0.92564288198277955,-0.38055082068154389,22.368528549577803,-7.4354652719466054,,0.2852185799586833,0.3181818181818182,0,2
0.15141443716899042,0.97267996192303874,-0.1759754525216351,-0.9845487942090968,0.16424692848772679,0.060717528801502066,0.08796215116862241,0.1640629091408046,0.98252023989638237,3.7198157183353988,8.7719065156257461,-4.5065215207645908,,0.3236580213648717,0.2641509433962264,0,5
-0.39193336085673042,-0.86110734902167307,-0.32385548336937919,0.90597445819075506,-0.42247605959093193,0.026912082388523828,-0.15999538041304659,-0.28285705317949117,0.94572372589097009,-6.1422014963535654,-8.5080135297384825,-6.0526422545158862,,0.09354465124902242,0.1071428571428571,0,5
0.62232325718031134,0.75283547718304278,-0.21436536069772955,-0.75365661272626294,0.65025989839849896,0.095727606408752733,0.21146033591778715,0.10198435580692461,0.9720512936590241,4.9259751238808889,6.5171684121739899,-3.9129598654393432,,0.09812345403089096,0.2638888888888889,1,5
-0.97541030078249369,-0.05739326730769851,-0.21279275832403854,0.096296262418293185,-0.9794457810046725,-0.1772371064884965,-0.19824675273928921,-0.19337004664604723,0.9608882609796171,-13.120227302596629,8.6917319511937698,-9.6261702932459947,,0.281444319128594,0.2134831460674157,0,2
-0.17139084367446869,0.97430289124391578,-0.14614737362778638,-0.9849500683375626,-0.16608911051756828,0.047830641322413069,0.022328044840159982,0.15214559961178287,0.98810585208892809,-17.955255441077068,13.801928428203027,-11.547289621724451,,0.2709332783163002,0.1864406779661017,0,4
-0.24924156201385345,0.9641838818953713,-0.0907087959244645,-0.96820470309068007,-0.25015571349317178,0.0013311347824330538,-0.021407864862738674,0.088156456938183927,0.99587656987305595,9.4016810970668097,4.9420911321062917,-2.4434429539161044,,0.4230295130855549,0.4615384615384616,0,5
-0.71293297248857124,-0.61843171245498763,-0.33055830615581544,0.66260032588199025,-0.74841631363374228,-0.028876108255103151,-0.22953732785691031,-0.23961477107405454,0.94334372134627453,-10.889178384604058,8.46840381727508,-9.0048217889325866,,0.08017330841473511,0.2,0,5
0.95810016817651367,-0.040706863557670454,-0.28352604642154522,0.11887003656433834,0.95709357947560925,0.26427598175724837,0.26060311231320288,-0.2869056140717044,0.92183034581576306,-16.512469968509123,12.874258941796702,-10.980434867661035,,0.2738590067483578,0.24,0,1
0.91247305382168997,-0.28206346238882546,-0.29636654540373814,0.33151276913864697,0.93423654116243193,0.13153466864245647,0.2397753322327891,-0.21827113492645425,0.9459733091956517,-4.4394339428366214,10.539394448181813,-7.210335244195643,,0.07259786505843763,0.28,0,4
-0.87158563284877877,-0.37883577013703085,-0.31116224686853794,0.41382383571487252,-0.90883287586477135,-0.052655832930448614,-0.26284656666166395,-0.1746604219966609,0.94889694876847619,-8.2587205149301823,-2.8809238119183185,-7.1732384001393976,,0.1703563796889295,0.1834862385321101,0,1
-0.77348743174438905,-0.56069019310267165,-0.29553967634136302,0.58492624996465759,-0.81104869159849791,0.007829556733759499,-0.24408702348906608,-0.16681285086842948,0.95529838152767477,-9.8060019637081979,19.150473057325495,-9.7713369314284009,0.222968686100904,0.1657374612519952,0.7692307692307693,1,4
-0.90922666416552955,0.34169024923250579,-0.23781220900082625,-0.34172974007679402,-0.93884133896782473,-0.042399587169569382,-0.23775545822855726,0.042716669164757401,0.97038529886741309,13.529701202294934,-5.5081832101443204,-0.38575695257917503,,0.1619957202800894,0.5675675675675675,0,5
0.73212576592295131,0.6439095276678356,-0.2221989717580069,-0.63909738057178944,0.76219770553596689,0.10300095058776813,0.23568283988871197,0.066597130976425417,0.96954547140796832,-0.98073801996495524,-9.2431297423872572,-4.4780411564464258,,0.07927807091596947,0.3717948717948718,0,5
-0.13545575349906111,-0.87758909701373744,-0.45987945773497491,0.98916091130606965,-0.14633620483291526,-0.012099863604372641,-0.056678306151004554,-0.4565337796458353,0.88789891184421488,0.34908499869164228,10.845002264058715,-5.777488384073763,,0.5984400761808577,0.9399999999999999,0,2
0.15706931582394945,-0.8417451302695067,-0.51652140874717567,0.98757449915204742,0.13118027787719408,0.086535214338697625,-0.0050831733374524972,-0.52369539845566027,0.8518904219353497,-15.527026900472835,-4.094210375771719,-9.2070423037810727,,0.2622586953586374,0.2962962962962963,0,1
-0.12244371163436135,-0.94467624531422001,-0.30429316295347281,0.98900764910057581,-0.14174738989888069,0.042089755017187924,-0.082893953348562005,-0.29579463990390709,0.95164810907307751,5.3981752527752027,-7.0988185612938635,-2.6808990232670293,,0.1489612307548343,0.1944444444444444,0,1
-0.6778596553540942,-0.67554880332430944,-0.29006913308782628,0.70082474970051523,-0.71297199745537065,0.022706850325619872,-0.22215075478251181,-0.18789556985621952,0.95673627347245904,-2.9808600840196391,-8.3720364412553323,-5.0933640168537533,,0.356234280852491,0.8619631901840491,1,5
0.54119912821618055,-0.7827751822700455,-0.30719133718277714,0.83380427863954831,0.54688519594905793,0.075412249496632403,0.10896755728393563,-0.29695049498840242,0.94865508747158167,-0.37839837162651463,9.43833449006023,-5.8105107150649529,,0.2800515044307086,0.822742474916388,1,5
0.90256982581462486,0.34799129712740035,-0.25351482531115965,-0.33224253845188251,0.93744870974091044,0.10394619881531239,0.27382951844534204,-0.0095902934622636576,0.96173043057776875,-18.631252906418968,12.904595577669696,-11.647810734771339,,0.1338625534647419,0.2,0,2
0.95348146548998791,-0.068354992844905094,-0.29359954005454347,0.14361003654132606,0.95932825233304053,0.24303386940966679,0.26504575524174206,-0.27389213064418072,0.92451817094069444,9.1375996769668486,3.8039828546567427,-2.4333600251927812,,0.1789230563055613,0.2580645161290323,0,4
0.46647315403945461,-0.79920437935850208,-0.37904505876567557,0.87650315557567537,0.47526382785306059,0.076593160271261104,0.11893281644006379,-0.36796284316306671,0.92220297723710809,-10.838191265171604,12.669213661402582,-9.3939185834483467,,0.1617655593011246,0.2083333333333333,0,4
0.95947523126313949,-0.028511391430896576,-0.28034689431349247,0.068626909301131855,0.98855661053720145,0.13433605280406025,0.27330866783239882,-0.14813145622005899,0.95045223118566324,-8.8114211544443783,8.0234118550635305,-8.2193628417235001,,0.4013687740734451,0.8092307692307692,1,5
0.35695724873867446,-0.88919398119019633,-0.28620899075333922,0.93326422197401371,0.35259546001822856,0.068515206762970737,0.039992681282391147,-0.29156561078025423,0.95571443436529857,-3.5242556911758101,15.515655488139741,-7.4504577410581705,,0.08228473934297902,0.3725490196078431,0,2
0.76663545338544259,0.61677522044879929,-0.17848924072008551,-0.59141743837104588,0.78654157429982374,0.17770133789194034,0.24999099024390434,-0.030670496218521453,0.96776227734841092,16.547084793806782,1.240892116476918,0.023332284736187533,,0.230180651792226,0.1904761904761905,0,4
-0.33411787451366493,-0.85809954029705882,-0.38991079091562397,0.93223916066929635,-0.36183383260936042,-0.0025347374277384081,-0.13890785883123113,-0.36433700954088888,0.92084914629581183,0.60263275070495814,0.50784466737394696,-4.8026331698771489,,0.08315736104445855,0.3313609467455622,0,5
-0.89726936168192017,-0.29878828427014342,-0.32501269785936554,0.35165531821530116,-0.9287929233922827,-0.11697111877430463,-0.26691989389667919,-0.21924704476758922,0.93844792269089916,-11.999810115007156,-6.2136345324146962,-7.9965777696247651,,0.2901099803432626,0.1578947368421053,0,1
0.95247799176078829,-0.13399086770021057,-0.27355460622018629,0.17846671230842615,0.97325032107222531,0.14468394911196172,0.24685078045077744,-0.1866286684991241,0.95091242093322514,-3.2448174093925859,7.8673554890297277,-6.6321748451456735,,0.103950728202138,0.3055555555555556,0,5
-0.84574872670756773,0.52873717230645012,-0.071736280178921766,-0.52484704858028342,-0.84857793773908952,-0.066716258730845107,-0.096149190683515448,-0.018774615944269487,0.9951898547146929,-12.231518253203907,0.43886826784020483,-8.6123049511031962,,0.4828751410415444,0.2148148148148148,1,2
0.85609818390100922,0.49694174231950206,-0.14193239327881171,-0.45666969507099037,0.85596431589783706,0.24244149709428112,0.24196836389322129,-0.14273750260532503,0.95972773025730174,-11.129287257671903,-0.92124007128765739,-8.1187070489437598,,0.4653685652035491,0.7202797202797203,0,3
-0.092338345219547216,0.99550247326171881,-0.021176773406672209,-0.9954876734224033,-0.091828271513241105,0.023913607317634099,0.021861428731151999,0.023289359817141898,0.99948971162946021,-7.5220931622125002,9.1572597022759936,-8.0046637699870899,,0.1218751915489816,0.25,0,3
0.61322645884675775,0.77597501466226448,-0.14770269730158656,-0.76980008308938752,0.62899727344024092,0.10849083869301913,0.17709077402800408,0.04717209582625307,0.98306340137832471,-8.5079452721462303,-6.0243793120448332,-6.9724854540342802,,0.129721505287113,0.3666666666666666,0,4
0.61798693142614891,0.74627004196051006,-0.24733211893879034,-0.75810350266898741,0.64898876163594077,0.063973951818388664,0.20825760929076723,0.14796827951458921,0.96681650608064562,11.461251251198087,-6.9383655610422403,-0.91819952535552019,0.1295754142345629,0.1241628596594201,0.4117647058823529,1,5
0.91980128191684796,0.35215667050611066,-0.17306438455723655,-0.30410433375871376,0.91850022368105211,0.2527407630102968,0.24796402152992536,-0.17984164844637282,0.95193005284569054,7.1783884092323467,-11.398010697419004,-1.8666339474636944,,0.2021637360646667,0.2142857142857143,0,3
0.70091021773156137,0.67601603852232484,-0.22743610606075571,-0.67404630665317899,0.73206797840206095,0.098681566087744435,0.23320901176134998,0.084135549317180605,0.968780040140378,-5.3574514404952938,22.001537447029115,-8.7936397920057736,0.29545358592597,0.1456918029993596,0.4117647058823529,1,5
0.11523933636439529,0.99313270738858805,-0.020182191885609834,-0.99182897209766763,0.11615994978514285,0.052746148424295806,0.054728287584927759,0.01393885149238854,0.99840398785115791,2.1543149287713677,20.969114144440688,-6.284828856305162,,0.5433211097696093,0.2,0,2
-0.062699638271495023,0.9842629965532016,-0.16521231484588289,-0.99787909345652459,-0.064726870324808394,-0.0069099276652576517,-0.017494862188863244,0.16442866500116973,0.98623381807912314,6.6903166767251614,-14.710358383068936,-1.8196783284067259,,0.3211962487342627,0.6447368421052632,0,4
0.9231052188216422,-0.1715873794106971,-0.34414317690638185,0.24773410453565622,0.94982890678744125,0.19092632422191086,0.29411658986559097,-0.26150108806263739,0.91930006663107111,-10.113382860532178,9.4016991746671525,-8.7804589761425085,0.9750118146842405,0.6413653604985421,0.5106382978723404,1,3
0.92841002413417906,-0.22807770318556161,-0.29331789648224854,0.27314228560718029,0.95412352219321261,0.12264418539377511,0.25188910040027079,-0.19398161177600326,0.94811550741052919,-1.0419134925568494,-4.4209082091425893,-4.8275847812428276,,0.1433856035547067,0.2661290322580645,1,5
0.8104390268181233,-0.4975458279431873,-0.3092518923247205,0.55128284763099056,0.82631540730362585,0.11528256399173313,0.19818124461703818,-0.2639147528066027,0.94396673539541121,-11.866086293275606,16.46502251161224,-10.1214846742203,,0.07151092204489679,0.4583333333333333,0,1
-0.59821521012976042,-0.7273876457162658,-0.3362228059319517,0.78533714543199995,-0.6155922560228837,-0.065511390836818326,-0.15932397928160291,-0.30323816907507639,0.93950118810029759,-6.4772068076630571,-1.3877311946112199,-6.7456564220743331,,0.17007008149177,0.2469135802469136,0,2
0.094152085633655555,0.97062455038553208,-0.22141221050275786,-0.9915064471083409,0.11146415033968461,0.067012749023211138,0.089723743309274087,0.21322224409741336,0.97287508165675385,-6.3184996457322748,25.129179631561751,-9.5946035490626862,,0.08967606219033412,0.4736842105263158,0,3
0.45398282010878471,-0.75540661661603425,-0.47250443661281299,0.88718712100481245,0.43231301513943216,0.16125901297058301,0.08245369227189453,-0.49240867225686658,0.86644970316629599,-3.0714976142243731,20.886113491982762,-8.0064974241385372,,0.4669973038028954,0.25,0,1
0.76068736985712015,0.61012818803334534,-0.22158140604979285,-0.60112588904474218,0.79094840397656863,0.11422910210225168,0.24495385455229052,0.046305684468163459,0.96842831057642542,12.932359655561369,-6.8557852697656267,-0.57625257392924711,,0.3823460887962649,0.8195488721804511,1,5
0.23659360429369564,0.97138848917765497,-0.020685006658737393,-0.96277578768447014,0.23725374519517653,0.12951232775072494,0.13071437968283053,-0.010726764843886034,0.99136203652354848,-6.9476495875691313,-10.626224715297017,-6.1555634632345377,,0.2673047853058824,0.1111111111111111,0,4
-0.35704224627161124,-0.86590060512298561,-0.35033837418268998,0.92809669508666426,-0.37126784590353884,-0.02822607247490061,-0.10562840028389361,-0.33522578756085342,0.93619779555800708,-1.9497303641240484,18.065001530186155,-7.2903230342636727,0.08906142647229562,0.2143650696674604,0.68,1,5
-0.95718177210215238,0.13514653950681485,-0.25600482029586424,-0.10306845812233505,-0.98548684589496061,-0.13487983358637654,-0.27051792564573102,-0.10271849603327092,0.95721939098463482,-12.391660486436056,8.6579788558040409,-9.3642900012626331,0.6535242182994496,0.21241706050376,0.3833333333333334,1,6
0.25731517983395064,0.96287461762193494,-0.081617209989281958,-0.96008783697075228,0.2643228933966823,0.091459025400606186,0.10963687120601515,0.054825895029802528,0.99245850175528094,-10.086409521861002,15.212725781834614,-9.4631400311617302,,0.2685804920823726,0.5964912280701754,0,5
0.89860754834314793,-0.25111506212402707,-0.35978563011210324,0.36285483155303988,0.88633836900778584,0.28764677443564896,0.2466593709538161,-0.38903151697396443,0.8875886623439958,11.65408885201807,13.192122082226415,-2.3975781861161503,,0.3955856382128666,0.5116279069767442,0,3
-0.91964046143357403,0.33188429246176154,-0.21003389752941934,-0.31704930685865979,-0.94293380310645269,-0.10176237015540113,-0.23182139399694351,-0.026993691417762068,0.97238376267241122,14.514885075536666,-6.3287625547126538,-0.050928121978626124,,0.6042057887920644,0.3902439024390244,0,3
0.8102614125616725,-0.50096632413680486,-0.30415322683545626,0.55151021294942859,0.82733908305817516,0.10652007630927277,0.19827488072380323,-0.25405271839780696,0.94664897821137783,-2.8685967430017683,-2.5554235488133519,-5.6336312501032033,,0.06729231901366879,0.2487046632124352,0,5
0.59401147519974573,0.76814333320698702,-0.23896900841046545,-0.77825462493790865,0.62392115680870264,0.071007949197571016,0.20364210294970089,0.14379919935851301,0.96842742844782814,-19.222002000418904,-8.1887114060769708,-9.9567480001901636,,0.2168098673477541,0.1333333333333333,0,1
0.96171486927310679,0.13148900537413732,-0.24044781488865866,-0.047854083136397586,0.94447339034156386,0.32508460693162039,0.26984161455599343,-0.30113229053429574,0.9146063889189614,-6.2072355946130982,14.735966194450459,-8.174139878258762,,0.106090819606673,0.2,0,1
0.9643969118265624,0.0005199480080553164,-0.26445855273266911,0.041671041871478423,0.9872070072290956,0.15390207648734672,0.26115535745746149,-0.15944295071228629,0.95203772233006823,20.843026474536813,-3.7556387334556405,1.6444462449942898,,0.2815799372236729,0.4705882352941176,0,7
-0.44673831194268399,0.86013615453894443,-0.24615173429727832,-0.89112922038229458,-0.45223519590853384,0.03704106049255973,-0.079458122451040267,0.23590066391709644,0.96852324883816188,5.8169164125272399,0.81883707842863107,-3.2301928704962766,,0.08375104193212521,0.2857142857142857,0,5
-0.63925134267133743,-0.69954562716134217,-0.31936442571510393,0.73813395307020868,-0.67465411341658077,0.00030753054391833819,-0.21567565513483541,-0.23553713670997434,0.9476319269698692,4.5477176500151417,-6.1291161880679859,-2.9953969210544664,,0.119051250252644,0.3152173913043478,0,5
0.7634474704109192,0.59567790038796786,-0.24963132598404342,-0.5955527173717996,0.79882711582150501,0.084806838517670721,0.24992983166127875,0.083923048191059529,0.96462013312396022,0.21745738962517869,-13.013571334178295,-3.8452911655231343,,0.2371797576820885,0.5,1,5
0.4231093532785859,-0.82767861632271966,-0.36868222529745803,0.90312942997444823,0.41804429218830397,0.097960208670709828,0.073045929949626595,-0.37441564851230358,0.92437936707117507,-10.919139578894812,1.9782498435930314,-8.3577649926506155,,0.08805690817976437,0.1666666666666667,0,2
0.9447797485338193,-0.13406332428164769,-0.29902884784402817,0.22070107813948203,0.93482568428604873,0.27819413025294276,0.24224421740971108,-0.32882816953794397,0.9127922951306513,7.503293779670793,16.757187880544318,-3.9782070187404437,0.4548961311049731,0.3149287760945739,0.2592592592592592,1,3
