axis_00,axis_01,axis_02,axis_10,axis_11,axis_12,axis_20,axis_21,axis_22,location_x,location_y,location_z,dbh,dbh_approximation,score,reconstructed,number_clusters
-0.96779334231005487,0.17098078255456028,-0.18477450737957085,-0.12326085223958852,-0.96180747628375818,-0.24440364332357725,-0.21950582881897049,-0.21375675559312321,0.95190610910572382,4.4549193727297762,9.1865798459805479,-2.7121885801918122,,0.5628235884254991,0.2,0,1
-0.95447948388234427,-0.17206713132270596,-0.24364280651410258,0.19275236489583114,-0.97918494558669356,-0.063587484330242972,-0.22763005222236829,-0.10765567637035769,0.96777828797224141,-3.6443252247269435,3.2173050603078841,-3.7091477077584001,,0.1923003974898459,0.383638928067701,1,6
0.21389845309675584,-0.92262808261757867,-0.32094372236924451,0.97669351742165555,0.19600046992739961,0.087484791905533044,-0.01781080540937905,-0.33217651475330151,0.94304906460746774,-2.5402583839489887,-2.2938686627613252,-2.9350316637661535,,0.0837148885379581,0.2,0,3
0.32052370567435989,-0.87410979823466772,-0.36496111399836095,0.94719334900456098,0.29960730772173977,0.1142813228889767,0.0094505926957015145,-0.38231861292628572,0.92398223170568605,-18.428981845218519,0.016155927605628964,-6.6665537952874629,,0.7874346683340252,0.2857142857142857,0,1
-0.9765792968496263,-0.075727588972616874,-0.2013906880495846,0.082755385518637301,-0.99621224556865662,-0.026696590544820861,-0.19860620114274488,-0.042737501651950525,0.97914712011025096,-5.5209165670631615,23.802215725849596,-6.4288398077331577,,0.2729595172293886,0.8469387755102041,0,5
-0.018571545471788738,-0.91798365554301142,-0.3961831720993183,0.99772776152481546,-0.04268287536849024,0.052129512111261316,-0.06476427704737768,-0.39431482384785727,0.91669046472206894,9.4647377640358457,5.8673915357464166,-1.367770753171915,0.7277228822911059,0.3394218250967819,0.2631578947368421,1,4
0.75814946311110232,0.62862635404943135,-0.1733156039682163,-0.61927126833438451,0.77735238099148685,0.1105729260822486,0.20423635278733154,0.023498569347656786,0.97863952987744307,12.209069352365791,3.4479339928628097,-0.60124131755671117,0.4937014886674573,0.2993355802307966,0.7058823529411765,1,7
0.25726167551069762,-0.90450723441741587,-0.34012217393164179,0.96629159996287806,0.23720068860081811,0.10008185234336309,-0.0098475456134748864,-0.35440442465332628,0.93504038930494038,6.3543381558570582,-2.3377767725391165,-1.0221858686849508,0.5592079214190585,0.2206655117274484,0.2727272727272727,1,5
-0.70771991883875274,0.69863934691698582,-0.10505036610253259,-0.69816796403353076,-0.7143651585117502,-0.04736997257499849,-0.10813884813582547,0.039818127076610373,0.99333806243391631,19.850192379762817,-2.4218407920616203,1.6449233892189097,,0.2664242279864766,0.3333333333333333,0,4
0.90888599011228921,0.37097230071000237,-0.1905408331133521,-0.346624859964275,0.92601539903837493,0.14948808380116871,0.23189968398501443,-0.069821435460222167,0.97023064459844977,7.7379722659151398,-2.9111042653081562,-0.74684140959079637,,0.07630329573401599,0.3461538461538461,0,8
-0.95817573916391929,0.17710821888656236,-0.22479308637168061,-0.17329383621650798,-0.98418426876392595,-0.036750121727452199,-0.22774656793691189,0.0037421812417318544,0.97371325187270141,14.245439456160838,11.504373148819468,-1.2445722315993741,0.4627099239550914,0.4346946322913849,0.4102564102564102,1,4
0.49724679564815799,0.85594955022088171,-0.14176033187852469,-0.84847577851206368,0.51387092078106544,0.12659198258170964,0.18120286282503095,0.057332750259257166,0.98177312972586617,4.8286588667211339,2.8740319400981047,-1.7964959934606846,0.07279285455335013,0.135960128351701,0.5,1,6
0.96302851128274125,-0.1336472917099806,-0.23391128206038508,0.15997330372534768,0.98230720635841329,0.097370911629327594,0.21675937938586029,-0.13119052463846625,0.96736984535044246,8.7484815086259449,-6.5036833236481693,-0.13778908750385246,,0.4161765066344431,0.9668508287292817,1,5
0.97262638746516727,-0.018155221013537955,-0.23166419308216038,0.060158889696682691,0.9826278932871233,0.17556574644438275,0.2244522630692799,-0.18469653836512612,0.9568220160087344,4.1979066640882525,6.193879718174351,-2.2062713016870181,,0.08894383670123282,0.2758620689655172,0,5
-0.93419886490367743,0.12224435258728403,-0.33515488818335509,-0.090023537763783495,-0.98983479228529891,-0.11010379934413228,-0.34520753679659744,-0.072687015635779673,0.93570740848664335,-10.76400227270172,23.828520113897763,-7.5010356683812915,,0.344319599663521,0.3255813953488372,0,2
0.073943885620512698,0.98043089973029351,-0.1824487671467987,-0.99325165205281063,0.088794973372369093,0.074609707130925323,0.089350195711608418,0.17570060773328727,0.98038045623546055,-11.013693177854959,-6.6820526598279635,-4.3876975294569247,,0.3045070838871005,0.8256880733944955,0,5
0.7456043839350015,-0.59518693051960958,-0.29971089468945084,0.65371960778484361,0.74056032036880093,0.15563125101626663,0.12932430960394106,-0.31196623156024955,0.94125038821323181,-8.0472478921893362,-0.74655132121034673,-4.308248099779072,,0.0828236561912262,0.2984293193717277,0,5
-0.93614712588887494,0.29784119815643118,-0.18686674228107567,-0.28884499070548469,-0.95448825453301289,-0.0743017045758224,-0.20049221938606215,-0.015581804749958858,0.97957137428897278,-17.439232101729978,1.9639024427482341,-6.6455008807443026,,0.9189683298654033,0.7127659574468085,0,1
-0.38029774322432297,0.90905182832564735,-0.17028916558690566,-0.92460880405249257,-0.37801866666437128,0.04690892369166294,-0.021729840475855928,0.17529021955342713,0.98427696963903644,-16.389798107631552,3.1239617426631416,-6.4617847594119455,,0.1647463151501202,0.44,1,2
-0.025284710825775748,0.99872591721986748,0.043671794922931349,-0.99767819006655256,-0.027973419712237307,0.062094418872635906,0.063236954891773903,-0.042000357890578564,0.99711436529270714,-2.0047695614668957,19.830959975586513,-5.319545360077953,,0.3996873408145369,0.4761904761904762,0,3
0.46346937738391863,-0.85158529596348753,-0.24494615719815294,0.88506833705413313,0.4583034306064851,0.081314231463861603,0.043013660290592746,-0.25448074424817718,0.96612078739425689,0.013310540833302426,-9.6849082311037424,-1.7129400545026376,,0.4707625193647074,0.8972602739726028,1,5
-0.96626702141028098,-0.029740898466197603,-0.25581931571585637,0.036383824884858446,-0.99911144579911526,-0.021272897309765761,-0.25495933130923765,-0.02986298430544413,0.96649052843094174,7.5129815989688034,6.0109654272901487,-1.6797836014865324,0.8594055294426903,0.6351331893445543,0.2857142857142857,1,5
0.95248596089972981,-0.14864236204133274,-0.26584947337862569,0.21459643827924027,0.94690313086424482,0.23942186499431586,0.216145467143735,-0.28509631524498091,0.93381005995167543,12.02530220816578,9.4836185505619461,-1.377095362898425,0.3116674097275483,0.2904613852472434,0.3684210526315789,1,5
0.085408729946964537,0.98565536018815614,-0.14556393709021301,-0.99223186822991694,0.097406480925349148,0.077381503879865143,0.09045036494020621,0.13782412127815866,0.98631802329476237,-7.9311328460343677,14.186647826533138,-5.7681841621580752,,0.09163561291848588,0.3859649122807017,0,3
-0.12924657704409492,0.9873471080983387,-0.091874971848874498,-0.99082475726506181,-0.12489606100295678,0.051645661352880165,0.039517372293910405,0.097707021629933791,0.99443034708882005,0.46220833809937739,18.370046804016891,-4.6724443465208321,,0.0938551253638457,0.2380952380952381,0,3
-0.29506994459438785,-0.91224713574203309,-0.28414589760811615,0.94459419004578848,-0.32326560818449485,0.056931210217684471,-0.14378992985882699,-0.25160387496134828,0.95708930940410575,-9.0813557965241483,-1.9157852722787327,-4.4394729781463509,,0.06691567415088315,0.1529411764705882,0,4
0.84831088675072086,-0.46794496981188238,-0.24778245427786347,0.50318881106348434,0.8581194294166784,0.10213748223894709,0.16483221724141855,-0.21132569669907747,0.96341672710926418,3.5675566682972835,20.323115676679222,-4.4582040033467063,,0.07020369548129857,0.5,0,1
-0.26418930084878151,-0.90393915589111662,-0.33630048433489557,0.95544051839361765,-0.29289381675445431,0.036696429236932421,-0.13167167170187,-0.31162030510520561,0.94103950837218886,-8.912617390715166,14.007527680822237,-5.9738608855787829,,0.08202843967036322,0.2909090909090909,1,3
0.80490579068326096,-0.53902424624188405,-0.24815223168031689,0.57393367953293872,0.81339757571433713,0.094786683240950076,0.15075410316915097,-0.21871727363289539,0.96407258782326999,-0.69729647706892284,2.1363763691115158,-2.9398015748507027,,0.1196575387306771,0.5282685512367491,0,2
-0.1298470340131557,-0.90669574022072141,-0.40130111191421353,0.98650851182569543,-0.15883228470138122,0.039664359719918274,-0.099703078455171484,-0.39073666324282536,0.91508696643784859,8.2390378789276255,4.5666730862773477,-1.4114078159691403,,0.09726359210223157,0.2666666666666667,0,5
-0.53605385032321917,0.81851969022526205,-0.2065715040057399,-0.84053934104994699,-0.54022648345843427,0.040607421950377885,-0.078357422756070841,0.19539924074488063,0.97758848756281447,7.8976520309930898,-11.135907363484266,0.11299137076201435,0.2488752390597601,0.1339625230384801,0.3947368421052632,1,6
0.95522449326342829,-0.15289320302666554,-0.25331765816435753,0.19445768835868224,0.96968015514128325,0.14800879758776525,0.2230075669295217,-0.1906411949013781,0.95599349364875397,4.0610837898822068,-11.311217300738999,-0.73589801266800892,,0.1489381711652185,0.15625,1,5
0.32950803724364153,0.94008834839204802,-0.087512002658799395,-0.93451368487665443,0.33795071345511835,0.1116847709109581,0.13456829556065436,0.044980134422734658,0.98988290284114533,-3.8580180129933037,18.150991158509452,-5.4199355363926243,,0.2177673649646187,0.45,0,6
-0.40504536126243496,0.89141295651867503,-0.20327615765361967,-0.91359941929593336,-0.40328724494452955,0.051918196493960893,-0.035698128549238886,0.20674220424404585,0.97774398724942113,-8.1079044752593017,-10.558387955148506,-3.4375902510606959,,0.08401695748260589,0.3333333333333333,0,2
-0.65810178286486609,-0.63394503305684502,-0.40622129246586786,0.72198316573761157,-0.68441636939217398,-0.10156053219401605,-0.21364070722027953,-0.36012210203011791,0.90811327478890402,-0.39806171386199235,8.9238191041571344,-3.6077558299670476,,0.2580781159731571,0.2207792207792208,0,5
0.82538586691515325,-0.49553138809346425,-0.2705306158476109,0.53698301176145602,0.83701109427484166,0.10517448901910911,0.17431986626979543,-0.2320798816679269,0.9569490648664033,-8.2816149801412315,-3.3038533134645283,-4.112088961269718,,0.1496865432133048,0.2314814814814815,0,5
-0.76698309058021596,0.63347564567024939,-0.10220344958308518,-0.63002497737403707,-0.77365668794705689,-0.067259624438709448,-0.12167771632006354,0.012803731387865776,0.99248707690008886,-10.306752208813414,3.7215329073141445,-5.1542371445799668,,0.6174581301843357,0.4163636363636364,0,3
0.039874316810519277,0.99683050796638972,-0.068840229854085985,-0.99545443610628404,0.045593736239464951,0.083616247536266175,0.086489909788450947,0.065193171446058268,0.99411737028461067,19.881937241763506,-1.4225584392899024,1.5529438293021809,0.5254596390416955,0.2071657735520956,0.2631578947368421,1,7
-0.41170402206469692,0.89622403205026979,-0.1651734923990793,-0.91080322656063628,-0.41074554483489056,0.041540099723320623,-0.030615040461936756,0.16754277595242981,0.98538933296624831,-0.42940949690277119,16.905310021258401,-4.6677275364904549,,0.1018794896221292,0.4468085106382979,0,3
-0.10643613560196834,0.99398543963775499,0.025773917557461796,-0.99333535036838572,-0.10744808003306834,0.041710811616704618,0.044229297378957588,-0.021162605826003607,0.99879723336021364,-20.414805479680695,38.7853612521874,-10.675213729824588,,0.1586872309354972,0.5555555555555556,0,1
-0.70121830522124939,0.69365852293726737,-0.16471412197843713,-0.70337237706223121,-0.71082097866363902,0.00091404457959232653,-0.11644821857145578,0.11649630830268999,0.98634092612208857,-4.4873158730079554,15.965066708630509,-5.2841713670483292,,0.07310561028244505,0.25,0,2
0.61343564708368681,0.78852767291368786,-0.043827114168539058,-0.76921197476042946,0.60913820834450605,0.19303777096725361,0.17891239412678792,-0.084703908907257056,0.9802120194343934,2.2765281685779271,3.0834774883793696,-2.3800269100729161,1.29342579268356,0.3409158960560401,0.3100436681222707,1,2
0.36944733640551441,-0.86718712313184354,-0.33390890838249282,0.92921612789002017,0.34161608999252624,0.14091073318699474,-0.0081273176355288919,-0.36233263796204662,0.93201341523366277,-7.9535490878198951,11.054265814210398,-5.4492513517856747,,0.2044699961480848,0.3884892086330936,0,2
-0.95181265763254774,0.25223269918169461,-0.17444578021260282,-0.24253827577375617,-0.96722453775365003,-0.075178975464766623,-0.18769083503240197,-0.029246521686439337,0.98179264176000247,5.3853946608040388,12.678348555958639,-3.0296380895887292,,0.2834057139429667,0.2105263157894737,0,2
0.94450822415406233,-0.18519123901302545,-0.27130871622223918,0.25294685358629038,0.93697830513932479,0.24101772747877726,0.20957600951954117,-0.29626991188957885,0.93182725627811802,2.1978110220788825,-0.16481093240571543,-2.0331522651505169,,0.3249465742918212,0.1016949152542373,0,4
-0.2743595492029498,0.9615120477378547,0.014880181991912126,-0.96162409379965808,-0.27436503754495156,-0.0017112559553031017,0.0024372084730996221,-0.014778640936014385,0.99988781960125073,-1.2141865811862098,25.313394170963011,-5.9128893376717331,,0.3063182919172835,0.2666666666666667,0,1
-0.25102529784104077,0.9528022333090338,-0.1707460220477599,-0.96791644946697108,-0.24504317403049036,0.055602065719857263,0.01113762519881252,0.17922540852898122,0.98374499045359831,-14.550873410439259,4.9172365487371694,-6.2879685029557386,,0.6084563274108451,0.9642857142857143,1,5
0.39364242302433583,-0.84685134907740012,-0.35761492608854667,0.91881661809038206,0.37458867136621271,0.12433563288554174,0.028664701576721682,-0.37752631676464937,0.9255550848186368,1.9688853971168887,-13.458325942741141,-1.0186623163449189,,0.2657230597040081,0.3846153846153846,0,1
0.62933592891127266,0.7531065444126599,-0.19174676358208995,-0.75148412599671854,0.65261670887055467,0.096762801106170082,0.19800984055428125,0.083198341724978045,0.97666275601042551,-9.3611266146854426,-7.3865906671563781,-3.9976534910826085,,0.08505978990073515,0.2972972972972973,0,4
0.74017659889454446,-0.59483003871448159,-0.31355354804535723,0.65701402625432737,0.73900373891623161,0.14901692243805006,0.14307750261303101,-0.31630791787553791,0.93780495271418707,5.6006355380277819,4.7930126292179098,-1.8430362592668297,0.3789385420145841,0.1468083198995607,0.2380952380952381,1,5
0.66653282306234851,0.74321344692521651,-0.058032474443831736,-0.71613863166448788,0.6599830073096028,0.2270856452977329,0.20707355219402288,-0.109800739396923,0.97214419795092011,1.4331768263090501,0.89508822880882954,-2.3560291702127119,,0.3459721578348223,0.2264150943396226,0,1
0.5517654391298964,-0.78146800510719006,-0.29131195851797909,0.83043611322454114,0.54705622901783835,0.10538189666778257,0.077011440931262498,-0.30006205905873978,0.9508059732033235,0.011449840670624153,-7.5074041014883788,-1.8896854242924968,,0.1102763687424444,0.2962962962962963,0,5
0.13539520769538388,0.9907341296834169,-0.010678109082055602,-0.9875140529041132,0.13581537417307379,0.079813403981553899,0.080524114711175973,-0.00026156963198515802,0.99675262654848862,-9.9803294743173865,-5.2943404573345001,-4.3000871254339703,,0.4880937050109169,0.7901234567901234,0,4
-0.35342871402808329,0.91330898207669908,-0.20237304009793117,-0.93525379959143284,-0.34954072092473731,0.05587141277257026,-0.0197097552050584,0.20901671625360121,0.97771342318509546,11.711257546942994,-1.1031622239899961,-0.15605573587647989,,0.07913383390688453,0.4444444444444444,1,5
0.65033819151577055,-0.67963371565605246,-0.33934974465814188,0.75347599593910619,0.63393024101376327,0.17437423282069342,0.096613457652493392,-0.36909411004753423,0.92435673726578604,7.4151075744694159,-9.6355701436772883,-0.14024144726050669,,0.2265391643395961,0.3333333333333333,1,5
0.67743206598810346,0.71859152598351583,-0.15720055583798317,-0.70530297392644059,0.69522501875833986,0.13859974120821381,0.20888635891701413,0.016982110503322236,0.97779246109859319,4.2427227986816289,27.564875782019843,-5.3196643409234508,,0.1486898362770654,0.1111111111111111,0,1
-0.4171778775255614,-0.87505239544209312,-0.24545045067044277,0.89427033270451817,-0.44338323933925416,0.060760802476443186,-0.16199750167153609,-0.19415099356965823,0.9675030755238434,-4.6822562370973086,17.484994876845182,-5.486309016157227,,0.07102440120925711,0.2592592592592592,0,2
-0.57042348840967627,0.79713318002563005,-0.19797913317509475,-0.81743723397400714,-0.57446885476398479,0.042212597871725675,-0.080083783523631255,0.18591457234004569,0.9792968699062391,-0.067233451495006868,-8.585722836888527,-1.8349377796611017,,0.06732696941257099,0.375,0,5
0.46660488286679508,0.88308455894959315,-0.049411992771658003,-0.86932287535360608,0.46819340625711936,0.15834352757310383,0.16296509341513188,-0.030928887502753924,0.98614693745204041,0.057208607494497049,7.685774401178322,-3.3624674201445677,,0.2425831423550245,0.2258064516129032,0,4
0.96732458159317347,-0.074537911167770532,-0.2423370661791901,0.12745060673020778,0.96922312401981725,0.21062497171363137,0.21917914291668691,-0.2346287187537188,0.94705325491563286,4.2679822011799748,7.6135555825096155,-2.4592543225080918,,0.08324281924305012,0.4166666666666667,0,4
0.68746483519330626,-0.67367838562471083,-0.27120017167163285,0.71784026518185728,0.6869317645016163,0.1132700516568107,0.10998842691974817,-0.27254758054471678,0.95583490325627873,13.332526850255714,-4.6963880406776548,0.58283149350358687,,0.2555186320833265,0.5957446808510638,1,5
-0.012672708887555558,0.99003372789699529,-0.14025911762103199,-0.99751367304491068,-0.0027922818801204207,0.07041786172807489,0.069324415164526212,0.14080277265835769,0.98760756612827549,11.053671675008077,-10.039827340331582,0.63063732540182038,,0.08061642441891892,0.3684210526315789,0,3
-0.5623958360462058,0.82228400473137231,-0.086947910617934401,-0.82311354666888159,-0.56674778334792253,-0.035791610195548586,-0.078708404176827534,0.051438950544811436,0.99556969694682063,-15.778702876788206,18.476661058385716,-7.8741199798440968,,0.4087523565949163,0.4583333333333333,0,3
-0.54548704626627287,-0.70518599002658744,-0.45294216167842088,0.81750338290171332,-0.56680596191632837,-0.10207458293014508,-0.18474875182245284,-0.4259621121723498,0.88567724239347945,-2.0721542002454525,17.929465951393087,-5.1357460406537196,,0.1464093748694108,0.1515151515151515,0,3
0.24001644178274231,0.9705014201729748,-0.022783790645780032,-0.96659091065499469,0.24109274985048199,0.087041929026656459,0.089967322473774161,0.0011311108575931933,0.99594407547569042,-17.916471212406773,21.932317047307354,-8.6519820249810735,,0.349746074724106,0.4285714285714285,0,3
0.85060347579650109,-0.43473628320304136,-0.29576695391763619,0.4985761986850939,0.84552855088020284,0.1910582208415724,0.16701946314017951,-0.30997715030826112,0.93595868777373759,-5.9432244330870558,11.843226834991805,-5.1232190435636689,0.6238430005470336,0.4236234554111656,0.4943820224719101,1,5
0.51022123213255222,0.85783833001920118,-0.061544242874602077,-0.84851078300383875,0.51376854518407411,0.12677276168661836,0.14037003030331049,-0.012461200957685808,0.99002069325006503,-5.4429799115752351,20.865525317907686,-6.0739164782725128,,0.4002080274711194,0.5151515151515151,0,2
0.19939776558000608,0.96271593472669437,-0.18280743996076293,-0.97315835573982068,0.21642122311547704,0.078260263473678718,0.11490581245293743,0.16229566601886791,0.98002896439647236,-8.845536095102835,18.288920783426729,-6.4248367726886491,,0.09376444596058385,0.4444444444444444,0,1
0.32453254988935765,0.94097457718738975,-0.096153362652194804,-0.93592449299661074,0.33416121800442589,0.11127274504943273,0.1368355490044488,0.053880659506093852,0.98912734622991749,4.7097961155235657,7.1296097693573941,-2.2483090566070754,,0.2244740288257966,0.3,0,5
-0.13641176857027751,0.98022104863018666,-0.14338244389695606,-0.98985073640514432,-0.12904530984396897,0.05952165694489199,0.039841549087860133,0.15004667217105741,0.98787582576792921,-6.9508271801961872,15.968213992658326,-5.7908009357438361,,0.1108305149874667,0.3859649122807017,0,5
0.8764015917665261,-0.39705952352227847,-0.27251419179440894,0.4494113348197783,0.87766821186937038,0.16651715229827366,0.17305982227138642,-0.26840686402229452,0.94763286839424943,12.670131294559079,-3.0522247102134403,0.24197935401534335,,0.07999134209165648,0.2941176470588235,0,5
-0.00064671791735275072,0.98585639701280192,-0.16759100878290739,-0.99758451524462688,0.011004875400240458,0.068585914454562247,0.069460180679859471,0.16723055099581041,0.98346795886473026,3.6665686962015673,17.828144463587236,-4.0904502322731293,,0.12884000665421,0.3461538461538461,0,1
-0.46559480909575174,-0.79360973256914968,-0.39166958793683943,0.86845458342977055,-0.49488265028013778,-0.029627672394757668,-0.17031767454646252,-0.35394173930638634,0.91962880278613257,8.5919722494376654,-4.1008756813529237,-0.40178634959731951,,0.07827289790927353,0.4285714285714285,0,5
0.07000872584358675,-0.95769360371384726,-0.27914465732186733,0.99590832077357416,0.051071547312893796,0.074554098941825964,-0.057143634113680737,-0.28322192439966942,0.95735048264448608,10.903139182364516,-3.6141932390758562,-0.0032245224738877832,,0.08330338395368667,0.25,0,5
-0.97816714777764024,0.12531507235757278,-0.16578650020002259,-0.098864878305149742,-0.98228765764075876,-0.15917504039371017,-0.18279706465439671,-0.13930933309239429,0.97323077575007255,5.2199749132928837,8.8282128953495675,-2.4766561577379669,,0.6402022027058624,0.4507042253521127,0,2
0.94357694531878633,0.26162918554960374,-0.20300915627507563,-0.20902927625375028,0.94603269083969177,0.24764674342992044,0.25684491416358712,-0.19123890067468602,0.94734279589652026,-17.617385039138362,34.596233339323888,-9.8773699607397045,,0.5803584819940633,0.8235294117647058,0,2
-0.090485804831531139,-0.92951040818877573,-0.35752303449249961,0.99156903906595684,-0.11752203609415159,0.054583988477389281,-0.092753220374307707,-0.34956969562738127,0.9323078182709692,-10.365881457836744,-3.0619799067381201,-4.5779663734642542,,0.1554888514188913,0.1739130434782609,0,4
-0.15317434490335555,0.98641317889713132,-0.059385693239057853,-0.98765413040557637,-0.15081750815284431,0.042348529223236071,0.032816745058466469,0.065139233435943814,0.99733642343551487,-14.323153834771848,15.198727693265242,-7.2631001379415139,,0.2783450644643434,0.4864864864864865,0,1
-0.95639889559669877,-0.21935024355348681,-0.19283833424513888,0.23849039400410929,-0.96766748929229529,-0.082109452163009369,-0.16859265840830256,-0.12451947967997141,0.97778904407395029,-13.844593917373176,-5.0204642743230226,-5.1943893275547151,,0.2896437942176763,0.4923076923076923,0,2
0.97290311877224478,-0.02507092761002808,-0.22984988595170625,0.049466581454729798,0.99365613847900525,0.10099770186580947,0.22585964403235523,-0.10963086723986579,0.96797132919617657,-12.032312445954837,23.743832260098682,-7.7416181329824605,,0.1338268870472059,0.65,0,1
0.8941359978392478,-0.36038982468145436,-0.26578184970776841,0.3988176318848079,0.91080443754211193,0.10667601910171981,0.20363033631020189,-0.20138135668345108,0.95811285103296984,-14.031658372912224,12.788272973941977,-6.8982598927685501,,0.2434167619349275,0.7857142857142857,0,5
0.96597591266112293,-0.1057218487592627,-0.2360369184120012,0.13922041389503942,0.9816837430623041,0.13005654524889554,0.217963787160629,-0.15849264747018299,0.96300148919120987,-15.620419148129798,3.6876891870164119,-6.3503334998495706,,0.08405809045613956,0.2352941176470588,0,1
0.68244322523635148,0.71223914410248124,-0.16427612710668113,-0.69947507174444945,0.70158987993662536,0.13603773145200626,0.21214586570825039,0.022069027587902315,0.97698878687742385,-4.9540168414846519,14.85893850110325,-5.2714221948688653,0.1355655265671243,0.1124347157428892,0.3243243243243243,1,5
0.547488520672331,-0.76503889505517331,-0.33907493092940566,0.83374983788943113,0.53333684831898387,0.14287411957565979,0.071536896433722921,-0.36092560906360183,0.92984685683756441,10.506969967360904,-7.3018333613247064,0.24757138327811176,,0.1382122654271428,0.2105263157894737,0,4
0.97164088964082684,-0.048368857414503891,-0.23146151993452191,0.080019926247613893,0.98836210190922991,0.12937220301477786,0.22251020871256696,-0.14422485618639339,0.96420350438935087,6.4496295135933002,-7.4423958190403443,-0.59932416692726831,,0.06655418756155307,0.3571428571428572,0,4
-0.71559125589659667,-0.61863344936849529,-0.32437911431959909,0.67582812309097406,-0.73056697498945078,-0.097612719940044237,-0.17659417465947636,-0.28907533685390635,0.9408772221172842,14.125426909874724,-4.2519568061244986,0.67962836328649534,,0.179693179528249,0.4074074074074074,0,3
0.7316484461030367,0.66000217968704955,-0.17055108948158423,-0.64604282341068242,0.75118223753519187,0.1354766265123877,0.2175298178056653,0.011062044113380623,0.97599098845505106,3.344470572243214,16.006997773249307,-3.8856806896549321,,0.2451477449634221,0.2702702702702703,0,1
0.14211399608946412,0.98169596887936228,-0.12679367808173195,-0.98777772269993536,0.14893303441230521,0.045979580233763355,0.064021735787260031,0.11870962870278556,0.99086287719342514,14.515590901358353,-6.6519967995976685,1.0120731224127479,,0.5204625663759311,0.8088235294117647,1,5
-0.93498617138545426,-0.26234828215123357,-0.23869276941346065,0.28275663277160862,-0.95760912335895965,-0.055076796233509251,-0.21412507079189147,-0.11898800658882565,0.9695320048076731,-12.796813525788343,11.019673354159245,-6.4528370062477824,,0.3280499223917055,0.4130434782608696,0,4
-0.24660520819546858,-0.92370308433185333,-0.29318677201860732,0.96099681018055338,-0.27215881185910756,0.049139718662611701,-0.12518387321724511,-0.26963344214555457,0.95479149805759611,0.73373168359118668,11.77547713384322,-3.7497314394949139,,0.3895456145035358,0.6875,0,1
0.32659097376215984,-0.86239886069689742,-0.38679004760435393,0.94512848489777179,0.3016150532167805,0.12554085672752957,0.0083954089791743007,-0.40656680231141951,0.91358248251941654,17.020177030736441,-10.17508012937048,1.8680011733665387,,0.1420920099867553,0.4210526315789473,0,4
-0.42061505349777206,0.90173265298986272,-0.099805807961908632,-0.90627961744491181,-0.42267834545671867,0.00052085110617240964,-0.041716085326528964,0.090671047274385852,0.99500679867586572,-15.988427605357463,15.400222186275634,-7.6553059802310868,,0.2201934160452358,0.2857142857142857,0,2
-0.82418180072801972,0.5439075640606601,-0.1577622296569042,-0.54433712248862587,-0.8376938611772734,-0.044340636291260734,-0.15627365878330715,0.049331092664871547,0.98648111328447052,-10.00278997650698,5.1106694010747145,-5.231499802430112,,0.2985637498897397,0.4536082474226804,0,1
0.74619419249870367,-0.54859068922476295,-0.37715047763075649,0.65284829955180856,0.71390171786750078,0.25324579956663457,0.1303200861476092,-0.43519259290770507,0.89085581449791773,9.9301742406362443,-4.3243748341483341,-0.1389723211456845,,0.7497502607610215,0.4202898550724637,0,1
0.78436712872205727,0.58380482675688916,-0.20961901544390785,-0.55660852720295251,0.81157965504704443,0.17755396632764933,0.27377939079717967,-0.022591763301664708,0.96152714855361499,10.669561067303693,12.784531582073335,-2.1395075175776381,,0.1688170044267534,0.2,0,4
0.85653913321910014,-0.437641774448848,-0.27351488171859289,0.48374831836045007,0.86548821325187886,0.13006812524791311,0.17980066114369223,-0.24372080333720761,0.95303299642402561,10.683332039326377,9.604749761939928,-1.6665921026195201,0.1752355152987731,0.1053070953672316,0.4615384615384616,1,4
-0.88570649089007403,-0.34077728779496469,-0.31526949125834891,0.38859999252369853,-0.91575809566108823,-0.10186832698026287,-0.25399617675424119,-0.21273916036847598,0.94351894090152899,17.401967065422429,-4.9219247751559729,1.4191579069110283,,0.3805543534099748,0.2708333333333333,0,4
0.73977770774862639,0.67087759731573549,-0.051499442114001988,-0.63629438925298765,0.72241769077880191,0.27063283292126766,0.21876561275336479,-0.16743933071321387,0.96130415436892569,-13.345678204354956,6.4962460587439592,-6.1305915144394154,,0.1853800284108676,0.2272727272727273,0,1
0.83844052267346769,0.51737590056122618,-0.17128825837605435,-0.49916730876258697,0.85517436126445245,0.13967394065698754,0.21874525778118695,-0.031606792852101835,0.97526997433728357,12.932622476124063,14.770428736588139,-2.2108607286460051,0.4123932512187617,0.3129012276830848,0.2941176470588235,1,4
0.94311159980531178,0.30098620399055248,-0.14123673502322667,-0.23168674568270795,0.89963691423259229,0.37010089762794984,0.23845704474311472,-0.31632377014289559,0.91819252352377756,20.385516280792302,-10.752979001901515,2.6833481842940596,,0.4097622607274511,0.1379310344827586,0,1
0.76076216455330925,0.63234564552178008,-0.14621871827439481,-0.61735951669640288,0.77455219934053898,0.13760856674320157,0.20027020779074386,-0.014417873850788696,0.97963460983423545,15.729457594823328,3.452067225754222,0.17477015214574398,,0.8106991787322451,0.1666666666666667,1,4
-0.82687486842891722,0.56052137576072647,-0.04575739586082319,-0.53946809352306468,-0.81353917066304804,-0.21709028966646651,-0.15890918170845722,-0.15482184959553641,0.97507849266434232,14.886884068693094,5.1600139735392059,-0.2890267714774214,,0.3047588878062372,0.3684210526315789,0,3
0.84623059684877255,0.51864716490757534,-0.12206103100623512,-0.48850820319765448,0.84668902319070438,0.21089673638292919,0.21272872952558594,-0.11883945616547524,0.96985755206253066,-12.432877044716058,7.5660465085357433,-5.9998684894524592,,0.5300534790757834,0.7,0,3
0.83099233918261906,-0.41489665622528943,-0.37055700893772447,0.53317869209240143,0.78402808558801107,0.31783713330546309,0.15865753848599534,-0.46169332425569298,0.8727353893473625,3.2961700741534905,-12.935513638137833,-0.80459306043881984,,0.3785715655070025,0.2916666666666667,0,1
-0.85879062539984885,0.49387034374139732,-0.13627452182300961,-0.48376994766202952,-0.86927309092352312,-0.10164118818344015,-0.16865734334565227,-0.021362981276454803,0.98544321174107641,-2.8459004671922985,24.882009521654613,-6.021503283017231,,0.1898480564701896,0.3571428571428572,0,1
0.94972711832600354,-0.19297757158204001,-0.24653206197669889,0.23389582484922497,0.96077979361327071,0.14897963385154755,0.20811329566917369,-0.19915281833491372,0.95761527301676586,5.6270896102660908,-12.576377076440565,-0.24543198410730824,,0.9088383565958952,0.8082191780821918,0,2
0.88877948791380812,-0.34922754607694323,-0.29683521173328759,0.428388095460426,0.86321696153129424,0.26709570755156176,0.16295601103199006,-0.36454985720166849,0.91681445237451664,1.2786449984062691,-5.695311585464327,-1.7510089845782035,,0.2148465887152692,0.2413793103448276,0,3
0.2553874851063892,0.96683197236359153,0.0036290035217527656,-0.95848320523227892,0.25268620018587767,0.13213489139239201,0.12683523855258244,-0.037223936534837701,0.99122510097866245,6.2027316336906813,1.8792168169409738,-1.4344464160965815,1.104651393783776,0.5339219884881048,0.297029702970297,1,2
0.81315075685567306,0.56351560835683967,-0.14572578962992852,-0.52147205882634018,0.81653138150671145,0.2476759876898828,0.25855896520612737,-0.12540598930259164,0.95782075533920963,16.423623266229054,-0.80251501853133989,0.83872822320300544,,0.3523292985276298,0.1176470588235294,0,2
0.12588627993101251,-0.95643531708470375,-0.26340867251898403,0.99130412279901392,0.11101939459944174,0.070645807691975163,-0.038324674125279061,-0.27001144097214852,0.96209409160296555,24.948111966831291,1.2979823580938179,2.2249166124833875,,0.1483575613744722,0.2666666666666667,0,3
0.93995318544931628,0.30470844600707414,-0.15375555956009274,-0.24406805933222356,0.91499906427071354,0.32125923301520953,0.23857659478139381,-0.26444181839427838,0.93442588422348483,-17.304422219727861,19.28361768329642,-8.2993626446855728,,0.1953877080447596,0.3636363636363636,0,1
-0.39768654683697563,-0.82943754740322051,-0.39227383983973813,0.91475749167768128,-0.39158458629373899,-0.09939941245660594,-0.071162784406171992,-0.39836524288006309,0.91446213228360029,21.184015078566237,-13.136539517601735,3.0468308568017735,,0.2890948907931798,0.3461538461538461,0,2
0.91911650283713797,0.37836295202437681,-0.10984685133324743,-0.31358383241606225,0.87132995447562533,0.37742454938803349,0.23851631864441578,-0.31245093529849483,0.91950224511493783,1.8145827639456271,-12.174458344587816,-1.115422669130109,,0.2746039519400439,0.2272727272727273,0,1
0.94553531390316004,0.23985095305024021,-0.22007837350121948,-0.22356543035204324,0.96989812561903088,0.096520071861737167,0.2366040331726332,-0.042061220162765416,0.97069531020030231,14.741167790672831,2.6336405950607964,0.034554724468468724,,0.07047062682215266,0.1666666666666667,0,3
-0.80346391877399281,0.56985981260997332,-0.17235290888309548,-0.57951547993381114,-0.81493030061164606,0.0071002578894642293,-0.13640945621702003,0.10558597973755038,0.98500967565676134,18.34031681073273,-8.7680408227078281,2.0477010964362736,,0.1134800525821187,0.2916666666666667,0,3
0.28638724752184674,-0.87916647285321203,-0.38085254031935212,0.95804058350598276,0.25784997821967365,0.1251863774043776,-0.011856846645625379,-0.40072397200935839,0.91612210618708789,-11.571618537155143,4.9916482970051366,-5.6196588031214887,,0.2364672283727918,0.1818181818181818,0,3
0.11616344718415737,-0.90923987938420647,-0.39973603199572411,0.99234729517371434,0.089280904023819913,0.085298100436657934,-0.041867640245255959,-0.40658549151941281,0.91265291255011649,-16.789355621773506,13.084410912977562,-7.5725719501300635,,0.2583542705073025,0.2,0,1
0.97237224102323205,-0.017501585168632344,-0.23277869190293438,0.062921925603413142,0.97992753544635924,0.18916357089138927,0.22479558751411172,-0.19858428888159357,0.95395556712227192,12.404782401714373,-15.352102989912689,1.3983289256208593,,0.2237706372965532,0.2352941176470588,0,1
0.8427320920055883,0.50372497233647295,-0.18990464277764382,-0.48553174929631809,0.86357308190046622,0.13601636902295319,0.23251137935409152,-0.022420625806395641,0.97233521689245994,-13.389656185291932,2.1594877522053002,-5.741635722039371,,0.1064938382154619,0.3684210526315789,0,1
-0.45704179308026371,-0.81472052326635547,-0.35685188572651905,0.87145371857660703,-0.49046420389824885,0.0036443207131557657,-0.17799217892081876,-0.30931429592414911,0.9341538687924843,-14.944971137430418,9.9012207676323225,-6.8364671870440494,,0.2052069794719514,0.3157894736842105,0,3
0.58305313096131861,0.80334142133157527,-0.12120894046713902,-0.7892982670790275,0.59546035776004691,0.14978387070148824,0.1925027066361574,0.0083380518851897227,0.98126101768515794,15.122158727350959,-5.6207193655547352,0.99214778533601633,,0.07758545154473145,0.2941176470588235,0,1
0.50591018911567953,-0.79835832249319738,-0.32661731346452766,0.86055285758161537,0.49311992022023776,0.12759907362556749,0.059191721186782127,-0.34562513390642574,0.93650392789091463,14.352682916994535,-16.345744658293466,1.8983994988782242,,0.1623107925309162,0.2272727272727273,0,1
0.34921223473240709,0.92565855219756688,-0.14562643941504308,-0.9254591519317128,0.36506621378660209,0.10125224766567242,0.14688830184542953,0.099412797440872031,0.98414476703681486,-15.597243934818271,19.514130883447809,-7.9839027205316269,,0.6438348589965706,0.2631578947368421,0,1
0.90114735627324349,0.40402817594963331,-0.157145395479969,-0.36253764156265739,0.90111125802357384,0.23783388974946126,0.23769707766804782,-0.15735225992017013,0.95850944990964226,24.052851463285144,-14.27475917819854,3.8267324756279457,,0.2449248888054505,0.2631578947368421,0,1
0.7642534848459096,-0.54212529166576173,-0.34930900222753591,0.63038188740044532,0.74230503673261194,0.22716053459799965,0.13614436065565211,-0.39380629829614117,0.90905517570934868,-8.291507012032481,-9.1983587328207896,-3.6038410400084264,,0.4512508758526402,0.5111111111111111,0,1
-0.60494590394060688,-0.75454422388498077,-0.25436876283713183,0.77193184875546639,-0.63410114445328281,0.045132687489271572,-0.19535013228162681,-0.16905251493204165,0.96605360773235649,-7.2384324903991972,9.4297907673467343,-5.0860596414451553,1.112537698803087,0.4874277032581811,0.9506398537477148,1,2
-0.85065357949928211,-0.4644287297621259,-0.24636242135641673,0.4687035694765524,-0.88222132118043339,0.04474935099628715,-0.23812906509915377,-0.07740475066937752,0.96814412817969098,16.278491703100133,-8.9245626102127851,1.5724619614703366,,0.0723550082309356,0.2222222222222222,0,3
0.32862627104912273,-0.86706768724269156,-0.37443076758722521,0.94438934364775817,0.3065256931687661,0.11904103087576283,0.011556019249953833,-0.39272843692177117,0.91958187958010396,16.421545254942849,-6.1064586336078497,1.3734101302076005,,0.2246283286137425,0.2631578947368421,0,1
0.54329193361059913,0.83668088044845779,-0.069274664673676115,-0.8226343875795834,0.54701146653630939,0.15508423468992874,0.16765004994100341,-0.027268292388600904,0.98546938104894422,2.8140225578795914,-9.4239144355506692,-1.1797056592225579,,0.1547554470998931,0.1333333333333333,0,2
0.73499985941443735,0.65738853206097281,-0.16617919417145982,-0.64208519705053024,0.75354571578025908,0.14105124585695128,0.21794909127899198,0.0030285547601896228,0.97595544030797077,18.226061889757315,3.7336927007300171,0.62035844735415901,,0.09347005803860688,0.3571428571428572,1,3
-0.53127554089711371,-0.73853508640033516,-0.41510507802257662,0.82721076243577885,-0.55801084626123809,-0.065926094721554404,-0.18294440181349525,-0.378404309714447,0.90738168608068992,-9.1732391235293385,-9.6380778135935454,-3.7777188329785072,,0.2817433722480977,0.1764705882352941,0,1
-0.63303460537250844,0.75114258708924453,-0.18722179964349595,-0.76819786009175095,-0.63940725845608981,0.032099931216783305,-0.095599352253701614,0.16414375313896118,0.9817930495548074,-15.027616454968431,14.475883781538396,-7.3236739074234114,,0.08842622151467963,0.4285714285714285,0,1
0.88914323082883118,0.42941554367540508,-0.1581979959456607,-0.39154384617373511,0.89278992925449774,0.22275448086453181,0.23689181411510532,-0.13611918700794795,0.9619531357262413,6.7855828351362808,-15.464858615173773,0.2114646851359018,,0.1675016355292088,0.2,0,1
0.67839167342228124,0.72752543912370049,-0.1024278910218496,-0.69550700395013987,0.68085704705437733,0.22957284014598517,0.23675883275522697,-0.084500987593402646,0.96788678997500655,10.857361354218906,11.426890086060363,-1.8566403637376772,,0.4193058722192526,0.40625,0,3
0.08726104736623784,-0.86148416275585971,-0.50023049380598794,0.99498633928398039,0.05074019198445797,0.086183626958050652,-0.048864038421023569,-0.50524298138441837,0.86159261574770518,-16.970016701561065,-4.8284476393934659,-5.9150051225019693,,0.3449648756613355,0.1666666666666667,0,1
0.67317944039034994,-0.625049690852016,-0.39514848475166209,0.73444465401470815,0.62738338778771308,0.25880713845879144,0.086142273158716753,-0.46443833680458757,0.88140600184094364,7.9922588869140592,8.7514548257635063,-2.0043415996541842,,0.345881798944022,0.4090909090909091,0,3
0.2273416220887523,0.96895219695211399,-0.097197874913638127,-0.96431430712225441,0.23790775190300723,0.1161801130305197,0.13569710367352028,0.067316726050287531,0.98846080066358155,-13.8994308225124,0.93703175838461106,-5.7256772468423085,,0.2428185587417367,0.5,0,2
0.25436524799587379,-0.91619321038372459,-0.30965839542754542,0.96699458724337328,0.23603710248105303,0.09595808717542989,-0.014825277535888439,-0.3238463949144923,0.945993511419011,2.4375575058200227,-6.367936004753302,-1.4933216677337675,,0.429595724520643,0.4970414201183432,0,2
