axis_00,axis_01,axis_02,axis_10,axis_11,axis_12,axis_20,axis_21,axis_22,location_x,location_y,location_z,dbh,dbh_approximation,score,reconstructed,number_clusters
0.66099482097127238,0.74949741567568051,-0.036598777911728976,-0.71491642601757543,0.64381616516425177,0.27275492531474871,0.22799199648104482,-0.15412452552619069,0.96138716455542206,-20.317328921316339,-10.521589098614657,-3.978174193596101,,0.3342665555173914,0.2631578947368421,0,1
-0.9324777545480093,-0.25138809871025941,-0.25940173688690421,0.26597864038135804,-0.96372399673454223,-0.022168017026422512,-0.24441890298008045,-0.089666504029322025,0.96551505318206876,5.6060170336859541,6.7013414269446443,-0.2868722869769107,0.5057807824055597,0.2381758901773537,0.3478260869565217,1,4
-0.47502794113568386,-0.80877551764283429,-0.34674286899943546,0.85746846487524364,-0.5139706109146337,0.024125564460382991,-0.19772781009480431,-0.28586075837303149,0.93764990264890924,-8.4636088364532984,13.419465757659806,-4.1384641051396605,,0.3442338654006915,0.3565217391304348,0,1
0.51745469919897658,-0.73236496722193978,-0.44258579853278418,0.85444727382930286,0.47030723567363308,0.22075090105976139,0.046481077037515396,-0.49239482009768476,0.86912993885747591,19.338668477350218,-17.965933658146291,6.1981453755673579,,0.1796498690313626,0.2222222222222222,0,5
0.76612889136919138,0.61987167518154462,-0.16972220867358109,-0.59567202236095618,0.78402317021358048,0.17459241204775999,0.24129103502994337,-0.032661519803463095,0.96990301656315392,-26.395880634277894,-6.4192194033412928,-5.8064966942510763,,0.1427533908263969,0.4736842105263158,0,1
-0.027348204823950922,0.99432073593889359,-0.10285110487906693,-0.99541948024512328,-0.017659492699332095,0.093958505022864167,0.091608591526322378,0.1049495898016749,0.99024918558866992,-16.655040698111055,-9.2145261166681749,-3.3149364713508263,,0.1069432462199489,0.2666666666666667,0,1
-0.50290905959525234,-0.82614364978655996,-0.25410459990791406,0.84024151899413946,-0.53621896739408859,0.08039532800629022,-0.20267379587761392,-0.17307769620652846,0.96382957183331941,-26.880906735952809,-7.0766717844600668,-5.8657227866943131,,0.2803234186827732,0.7666666666666667,0,1
-0.42894628047925054,-0.85441022970343994,-0.2932375280231575,0.89597379336970973,-0.44375617035802534,-0.017647177221101231,-0.11504803369771203,-0.2703028313712143,0.95587673331606726,14.469391754535728,-8.6874335448747608,3.4839763658233784,0.4879989816300706,0.2750418490444236,0.4444444444444444,1,3
-0.90842082195031171,-0.30522017195391765,-0.28567859016654074,0.32417472789714552,-0.94577809305341454,-0.020360365739838349,-0.2639741579017405,-0.11110555941387137,0.95810917886606162,-14.559590058041834,-16.09698584308201,-2.0124011113224678,,0.3378556147187046,0.2264150943396226,0,4
0.6443040785973988,-0.67083353922431643,-0.36722556685848251,0.75746053710113947,0.62599092056346839,0.18544244958087122,0.10547885587742035,-0.39764020171994452,0.91145843621029221,-15.566473240402535,-11.967347141397775,-2.7179195797350149,0.7233383818450213,0.6741765189666467,0.8,1,4
0.14064058053030373,0.98747413819936258,0.071519602176781175,-0.98145374777721328,0.12954926176861833,0.14129943294036323,0.13026422410685651,-0.090065615873272567,0.98738007715124898,-15.33188346903624,20.041577816260144,-5.9751612634349121,,0.3523944010976807,0.1333333333333333,0,1
-0.5828881487364993,-0.73084470979277594,-0.35511606022601672,0.78209361458548599,-0.62315972434764255,-0.0012393448178376659,-0.2203882575981399,-0.27845640254603832,0.93482139887465809,-30.916899658479334,14.332954677832193,-9.0119967423245626,,0.517202955980953,0.2631578947368421,0,5
0.58517851783803287,-0.76356747986029938,-0.27300330760024394,0.80863070269856807,0.5746674390365144,0.12599095667718871,0.060683514351940866,-0.29448605775317183,0.95372714802237446,13.392035825931966,3.828940478245173,1.9015930436970101,,0.09172639438657613,0.5862068965517241,0,5
-0.74772171075487626,-0.57335289786031918,-0.33493088508075203,0.61961877357328543,-0.78380400568289754,-0.041519346225378076,-0.23871493187762505,-0.23857438083461421,0.94132749142264072,9.7715624113247888,12.048402923933358,0.40863112605173291,,0.09267276070136679,0.2692307692307692,0,5
0.58237450168610005,0.81270075471907832,-0.018905635797479149,-0.78373903340673101,0.56749228321219669,0.25239975437644774,0.21585427329693863,-0.13217409645482187,0.96743833959886127,-14.307684277795557,-23.140717609370586,-1.0201949370740455,,0.1820124868728486,0.2857142857142857,0,2
0.24833111962928103,0.96114571905797319,-0.12054277979290313,-0.95644193236802233,0.26300353831040729,0.12668057800756394,0.15346167284306539,0.083833439466234366,0.9845920319581456,-13.471830257155306,15.208887789755197,-5.398622727088827,,0.4382748642927856,0.125,0,1
-0.93518796542923754,0.29104047351022483,-0.20178927646252465,-0.29024613174322361,-0.95634104673202647,-0.034190427660226411,-0.2029301661272182,0.026594080439788979,0.97883200936684933,11.978579166598221,13.960917371356564,0.83259656924661463,0.3278278497141075,0.2572760186117874,0.391304347826087,1,5
0.59656492739865685,0.79371797946516465,-0.11883625907765248,-0.7723065263215444,0.60801992121522508,0.1839956651842122,0.21829548048226824,-0.01798734219297822,0.9757169357563944,-20.897263515936409,6.3301210722940757,-6.2519207442320051,,0.226495427017553,0.2058823529411765,0,1
-0.82560512050116375,-0.46735937947687278,-0.31615090608323559,0.50368621997787666,-0.86297776954327743,-0.039617686435575235,-0.25431550642195705,-0.19194941961126605,0.94788134463351537,5.4993495015861056,-6.5019053498391184,0.90585850418223091,,0.2031270940982154,0.2666666666666667,0,5
0.63000287232234975,0.77639159313290318,-0.017676961790410162,-0.74279131038360102,0.60906800067559741,0.27802381151916017,0.22662182172994694,-0.16202550621917905,0.96041151869925878,15.967457788444348,-8.6754166627131735,3.8274359577196577,,0.5725973379889486,0.1851851851851852,0,4
0.96998230264338159,0.14921416107728286,-0.19201423565102302,-0.10483495290729364,0.96905715470432474,0.22346781326465023,0.21941733114676568,-0.19663002072512162,0.95561114986278239,-11.180568484639194,-31.058533731126751,0.69710002992130249,,0.2986827415717767,0.1875,0,5
0.016917901545027963,0.9967282422506808,0.079035407933289586,-0.99463234655619193,0.0087066135118481439,0.10310523781689719,0.10207977170544792,-0.080355497515876631,0.99152544809880683,-21.928191355545632,-18.226574233148064,-3.3749507522643079,,0.3635163651077141,0.32,0,1
0.10374109814971109,-0.95372346395649554,-0.28222214451299832,0.99225356620134619,0.079744453095501266,0.095255879404951407,-0.068342116702683864,-0.28991787888870024,0.95460828541620879,13.472655036199663,5.3183207962700489,1.7923890424640496,,0.1174539978837248,0.5217391304347826,0,5
-0.094869216963384378,-0.91570636270753492,-0.39048903821963071,0.98819782576013959,-0.13401738455527573,0.074191628907161147,-0.12027006624962362,-0.37884191681214635,0.91761316099455081,-6.2571187396498562,9.5644585561550546,-3.3968071218179019,,0.1533847731650473,0.2,0,6
-0.96289186384321457,-0.081566056924014543,-0.25726685931617593,0.12075759704462501,-0.98270253652231077,-0.14040415759024055,-0.24136458170276054,-0.16626094872364217,0.95608599802997141,-15.467366200526447,-27.886849423661943,-0.71056857348566016,,0.3135905877501662,0.1875,0,1
0.97233020743494625,0.023939749316375134,-0.23238084282527169,0.017813466289284281,0.98424126265137246,0.17593128577144276,0.23293056503661133,-0.17520281189838718,0.95658106116242103,-17.776167654717721,-12.803100940000853,-3.1519897669680841,,0.1299234587877547,0.2666666666666667,0,2
0.96187390237074932,-0.1590942464265841,-0.22245812345703117,0.22676045314779708,0.91866159363793698,0.32348195198930674,0.15289961682840192,-0.36159355238798674,0.91971289544355317,5.1325964636775252,12.346759908052453,-0.74466034523837965,,0.5646045169176371,0.2068965517241379,0,4
-0.5068901296396161,0.84995544123349187,-0.14365982177182657,-0.86126308755279335,-0.5063071303183303,0.043347246831215408,-0.035892763796653591,0.14570119322228253,0.98867733452357454,-18.572375814116377,17.101536966872811,-6.5650398357963899,,0.07619321321465447,0.2903225806451613,0,1
0.76609628487722503,-0.59358768935959261,-0.24647542948142487,0.63136221540297122,0.76680949204366389,0.1156933700485465,0.12032553868055433,-0.24424753417890871,0.96221874165324617,-16.064418899174886,-17.825786251634348,-2.1009801734546816,,0.07901418829256013,0.2631578947368421,0,1
0.93783789038875998,-0.24865816897044019,-0.24213468639463381,0.28697879142586052,0.94793707241987446,0.13805245381299613,0.19520057536521776,-0.19895834171078386,0.96037092502885679,-21.035845563134924,-17.902980737519499,-3.2040673110073312,,0.1138818971923917,0.25,0,1
0.35557991860328142,0.9337529400237643,-0.040845666637488391,-0.91649642794481245,0.35691240827575854,0.18068710630036158,0.18329544197956374,-0.026813798980662339,0.98269211919794153,-14.815563582202884,-20.259016248314989,-1.545702728052698,,0.1666897615439364,0.3076923076923077,0,6
-0.95890394542386737,-0.15934525023508275,-0.23476012156680201,0.15160820275760126,-0.98713616064521392,0.050765669534012695,-0.23982947339130536,0.013087840698350147,0.97072680611936524,-15.780450623975817,-16.351100187159396,-2.2245598933049804,,0.09243236794419062,0.2272727272727273,0,3
0.46414510988001267,0.87996986620559803,-0.10110564546340746,-0.86685860673735926,0.4747265863352727,0.15228533794105933,0.18200404638313608,0.01696180404792302,0.98315147576739392,-21.768856629675639,-7.9947758152763706,-4.5696544183297831,,0.3389629095455611,0.6923076923076923,0,2
0.53858765742413217,-0.78255235753695684,-0.31230616866103705,0.84108988085246816,0.52130184882963337,0.14426432245841969,0.049911397475589828,-0.34037654167136239,0.93896361073359835,14.283178658058784,11.445312428500269,1.5811126718662736,,0.1293926982898488,0.3684210526315789,0,5
0.5048777389597251,-0.78697198496857323,-0.35464568738043345,0.86246900182696407,0.47671170817683628,0.1699799052085984,0.035294328021894077,-0.3916899822075452,0.91942007170157902,-11.443514103000815,16.628885979262449,-4.9379514096112116,,0.06203930393274616,0.4285714285714285,0,1
-0.17872462057407723,0.98173178059178823,-0.065270368290121922,-0.98041709054407555,-0.17212361052595537,0.09568589900606142,0.082703316558292106,0.081093610571889463,0.99326934300554781,-19.937461524022268,-9.6721962051382917,-3.9851565894503063,,0.1931620241249571,0.3043478260869565,0,2
0.86796845482273632,0.47604901346000833,-0.14144998485819321,-0.43746290402048499,0.86772663772669989,0.23595908498186657,0.23506800939003653,-0.14292592124337872,0.96141313284047458,19.67961763408335,12.759328698335096,2.8692718450162196,,0.2984342959265408,0.8055555555555556,0,5
0.12065589223248992,-0.86689010605977379,-0.48367726810886613,0.99043749128545833,0.072289130161093909,0.11750684029757606,-0.066900908258030439,-0.49322999267707412,0.86732257136432456,-2.0672396023070756,10.295780566965918,-2.3623726682821315,,0.1149649990166886,0.3052631578947368,0,4
0.6699131042709765,0.72901561292618866,-0.14054418819672895,-0.68570702477255441,0.68011162136091319,0.2593338748937391,0.28464417946551324,-0.077359024035232732,0.95550681446901309,-14.820947712200843,-18.772384883296997,-1.7576680354489889,,0.5407927359228988,0.2962962962962963,0,2
0.49760528462633336,-0.821820834325244,-0.27748783213126016,0.8667267032948045,0.48372351867553071,0.12164036861126541,0.034260801328437736,-0.30103500419240992,0.95299744162469269,2.8641409269729441,7.8766833039025723,-1.0251518173574032,,0.09281250957753137,0.1481481481481481,0,5
0.91019968612711211,0.38670101592939876,-0.14832011209973361,-0.33041950082227667,0.89390739136247599,0.30290679943489329,0.24971881156705869,-0.22669781636950981,0.94140778369569023,-9.2802649019964907,12.287947163959394,-4.2336906482264558,,0.3853549656708161,0.2195121951219512,0,4
-0.27680270961198705,-0.90503038979431594,-0.32295549770860255,0.94877566992075912,-0.31068328432917697,0.057451066176802297,-0.15233183553636301,-0.29050970790523495,0.94466878930921505,-12.042509467951106,11.118937037919073,-4.7637893941319041,,0.1023035302327295,0.32,0,5
-0.97034161801559038,0.11717345090849264,-0.21144154452018213,-0.099267839709487757,-0.99066440560421842,-0.093434102276691217,-0.22041560821842113,-0.06967365263164281,0.97291445758744255,-20.224155394929287,5.0597285861390402,-5.9864842768947586,0.4289925709328637,0.2816622566084364,0.24,1,4
-0.72010688672032908,-0.54741959127504802,-0.42635415183414699,0.65252134701260767,-0.7432050423493084,-0.14785856998975377,-0.23592787751939653,-0.38467915996947682,0.89239003832089603,-10.799873655730259,-33.584889127328907,1.0086170675702044,,0.6173822977606859,0.3928571428571428,0,1
-0.96536677947864413,-0.079551998202483987,-0.24847225330209999,0.12254199318713371,-0.97904536259155184,-0.16264574354621583,-0.23032681342986405,-0.18746108281445759,0.9548863290702595,-21.670588358605791,5.8166106895610428,-6.3248268248372383,,0.3148100525160221,0.5357142857142857,0,2
0.097765511836632041,0.99258155916081947,-0.072275536035355789,-0.98753638555588685,0.10575636968027417,0.11656533565028675,0.12334420091166091,0.059978651918210397,0.9905497309148783,8.1480279475286128,19.829532842604905,-0.56106882686667148,,0.6117656171565227,0.4705882352941176,0,2
-0.96020863001444323,-0.10240171384297098,-0.25983316926021932,0.1385720908815582,-0.9824443139402238,-0.12490374548121999,-0.24248126211008689,-0.15593927987696526,0.95754152835109663,9.5673498316899686,19.43493820211059,-0.19163618883159286,,0.4794369722713689,0.3684210526315789,0,1
0.20045329946010876,-0.85945493402367046,-0.47027193315987292,0.97567643595899112,0.13165025040526182,0.17528178422925858,-0.088735376541244845,-0.49396905566097937,0.86493965396406891,-12.131852254295392,15.298945765329231,-5.0350074607678277,,0.472631888992179,0.2564102564102564,0,2
0.97627392210878472,0.030119127879975307,-0.21443429563873223,0.038795034809262732,0.94992803598471476,0.31005107921819852,0.21303561740816393,-0.31101376912601658,0.92622149679736443,-5.832390447290889,14.703303893076082,-3.6201358065170783,,0.3153219216837512,0.3529411764705883,0,5
-0.36376084538715292,-0.84461267825231545,-0.39281989651578852,0.91455223768349503,-0.4038945423685012,0.021526801737632231,-0.17683962200631448,-0.35142370776655046,0.91936343505072815,-20.031744397896695,-8.2455706814013947,-4.1336992485688961,,0.2475800180635327,0.125,0,1
-0.79105278509430876,-0.52143820089236692,-0.31990263181891471,0.56987824585265212,-0.81825925716125292,-0.075435886511780431,-0.22242813693065144,-0.24197931878581216,0.94444255155171442,20.196727874922413,16.723413537403516,2.6680496550901851,,0.1795952351691691,0.2857142857142857,0,2
-0.60126325297487571,0.78996478007954096,-0.12015884010738391,-0.79182217177393166,-0.60923022823786865,-0.043083376010330285,-0.10723874723850385,0.069239982922554399,0.9918193766284259,-12.157212442781375,-28.630837608043841,0.15808117146420561,,0.3296705995804582,0.4,0,3
0.72700900052775563,-0.57765644546604289,-0.37117508559057366,0.67486363681486661,0.70078781788408417,0.23120446797212835,0.12655822713930906,-0.41858029733469249,0.89931838067869752,-16.857510120038249,-13.045889846521435,-2.9241647449898824,,0.2531907117368253,0.3846153846153846,0,3
-0.63433025758428074,0.75428189400496937,-0.16936336288978682,-0.76891399472025579,-0.63826430371389031,0.037281997370888817,-0.079977453300290324,0.1538749589143745,0.98484826444620444,-17.98885036331356,-14.968471243681376,-2.9369621761738838,,0.1122793077228464,0.4545454545454545,0,3
-0.020210048425165533,0.99548414097702598,0.092751706215493224,-0.99543188456725173,-0.028693339194807831,0.091060724095196402,0.093310862869990907,-0.090487664071321777,0.99151654828417923,-16.922399287504021,16.520419656211519,-6.1209896871837186,,0.1846312414271675,0.2173913043478261,0,1
-0.91962682904060922,-0.30378606412190029,-0.24899904127132444,0.30289081987975447,-0.95206028496178929,0.042876159238518563,-0.25008727784772289,-0.035989457397985258,0.96755419094483497,6.4413825409432874,19.997245057718533,-1.0193886462137174,,0.1095966435083573,0.3666666666666666,0,3
0.4199291494600918,0.90574035159093724,-0.057392725441904893,-0.89151769426946381,0.42351865127696048,0.16071139606451063,0.16986968604840461,-0.016320769604106358,0.98533137686838479,-21.752755753026932,-11.068148326571817,-4.2733898459591586,,0.6934664585488417,0.75,0,2
0.66743102202093563,-0.6243852308019594,-0.40580649871641139,0.73967315591264637,0.61889897277334938,0.26428712401915988,0.086136248271647259,-0.47655759888651106,0.87491336809835518,-21.834994251702639,-6.060877216085272,-4.765996590038772,,0.304235839169156,0.2857142857142857,0,1
-0.39727150801206496,0.90382935972948675,-0.15895860282729959,-0.91755319964273352,-0.39431327325485749,0.051119158447917055,-0.016476490742960266,0.16616115979983878,0.9859609496459637,14.80745217023251,6.517646911235329,2.0378060100619853,,0.2407510713546719,0.5600000000000001,0,5
-0.45695899804390078,-0.83943080992316876,-0.29418427806129849,0.86797167865731006,-0.49311587390924605,0.058837912501482834,-0.19445729391186609,-0.22845710811978173,0.95393590486678959,2.3649155983022228,10.159381480015222,-1.2803408284640871,,0.07645909604056902,0.1886792452830189,0,1
-0.1221978180897314,0.99075080474131849,-0.058996069009216744,-0.99090671613744219,-0.11841238958953079,0.063893551360128212,0.056316721920057496,0.066267253573152718,0.99621136207937921,-14.076865709921407,-12.465738157365504,-2.3719208549001407,0.8477324812209077,0.3878634206491701,0.5319148936170213,1,3
0.81680226227461172,-0.52243987782791157,-0.24472563902916566,0.55980731935397454,0.82027873108712801,0.11729692461359884,0.13946264568261224,-0.23280759734434769,0.96247119077817511,-16.351251435499513,-19.18650063777509,-2.0058763492865674,,0.07076282282129445,0.1052631578947368,0,1
0.96971237907888819,0.16231908085435215,-0.18251141841474072,-0.092848130549649646,0.93611134521880246,0.33922672949825,0.22591398034339852,-0.31200651490512499,0.9228297828647275,-26.05628948572388,8.281513866042701,-7.5040508685992817,,0.157162460617117,0.3,0,3
-0.94393421126265165,-0.22800135392605408,-0.23875424062379011,0.21951216275336241,-0.9736420135753201,0.061932542369407588,-0.24658186310290095,0.0060507858070926526,0.96910307644740235,-20.334661660334927,-3.9751940980600731,-4.7705316698030167,,0.094147978306462,0.3214285714285715,0,1
-0.31339900381503705,-0.90621369206300884,-0.28382707539146468,0.93485065851706983,-0.34693244480858987,0.07544617292702839,-0.16683917608865945,-0.24169117289769707,0.95590274937641639,22.794808618481465,-17.559881298447841,6.9539013015915438,,0.1754361216673896,0.5,0,1
0.086449839900137271,-0.95879513055086041,-0.27062579849895962,0.99383784196082525,0.064081408035288709,0.090442893755480716,-0.069374123907196023,-0.27677693324439745,0.95842671089444076,1.8458570746897942,7.419925673350054,-1.2275339645709973,,0.06600035093793502,0.3421052631578947,0,5
0.01788511155672733,-0.91292862255080487,-0.40772717951112025,0.99542435273100871,-0.022024895136307811,0.092979900969438783,-0.093864161289894957,-0.4075245196570686,0.90835746548570828,2.660149023895102,9.2282853637790954,-1.1626783797803779,,0.3904972111133784,0.3125,0,1
0.92566108547074166,0.31814397129841154,-0.20478273455446391,-0.28513462889457153,0.94235078652938242,0.17513777014855944,0.24869619669444776,-0.10372756940143815,0.96301131514421301,-14.016679694412572,-24.709155506781073,-0.77529670237428727,,0.09900047688109148,0.3571428571428572,0,1
0.94161976903330258,-0.18213513283507374,-0.28315897293361764,0.26933781653750055,0.91214673184624573,0.3089425191925293,0.20201324498280507,-0.36717180306957764,0.90795127395810937,-12.452751309074907,-33.871921952546217,0.68096703546348236,,0.3663430783805008,0.4333333333333333,0,5
0.55247829836750073,0.80795764214574073,-0.20487112615311803,-0.80534432768389441,0.58079643827902017,0.11872662359294753,0.21491450323402539,0.099397916380074697,0.97156153202922391,7.7940345734264245,14.903892413249189,-0.28595416539431978,0.5143904126940785,0.5307662788056511,0.7216494845360825,1,5
0.81208757057610736,-0.48466805061171309,-0.32497793530028773,0.56701470789636388,0.78698027391170677,0.24322082456701025,0.13786986162681497,-0.38178387759319699,0.91391081187657797,-14.082324000636939,13.147964775908925,-5.3285025787065177,,0.08869263106683725,0.28,0,4
0.13347618848208401,-0.89031168051504406,-0.43534953617383482,0.98887370831452825,0.090535630425639987,0.11803426887012571,-0.065672643563118069,-0.44626047456828377,0.89249016393768821,13.074473439724574,-1.6947946376761531,2.2622452687776544,,0.1062283841773128,0.3333333333333333,0,1
-0.36086569513174832,-0.8762861284096537,-0.31921555606502094,0.91580763299982315,-0.39765112517822004,0.056302415434484575,-0.17627345068484307,-0.2720224325332673,0.94600817479678401,-23.09437879541775,-8.5741339189215058,-4.8480595051954616,,0.1317855859408834,0.2916666666666667,0,1
-0.95748666451737752,-0.059260902554643793,-0.28232504794968949,0.10246966472387598,-0.984717534955172,-0.14082380538525735,-0.26966507946480922,-0.16376666870953133,0.94892635285201099,21.48077640273641,-28.992760034449699,8.1185731372952645,,0.3884812059150073,0.375,0,2
-0.56672159018200052,0.8011547660326459,-0.19229581400738086,-0.82213733917905019,-0.56518388372668349,0.068244949287211837,-0.054007728605969516,0.19676945504523621,0.97896115694751906,-19.713690316179534,-2.165164945924686,-4.9726158720352451,,0.08903907882128895,0.4137931034482759,0,1
-0.84729344634716275,0.49636560214747899,-0.18898413896917127,-0.50918301976351155,-0.86034596712804223,0.023183382648477087,-0.15108430812516521,0.11587064274994287,0.98170643574698824,9.3240313929391565,10.736961607112935,0.39387945269389563,,0.08036566331267798,0.3684210526315789,0,5
0.18639653480290563,-0.90788303708693963,-0.37550595572276096,0.9813262662217539,0.15356979278189956,0.11582347762088871,-0.047487798819710096,-0.39008295235080359,0.91955434817553872,-16.939238249961583,17.387887911547903,-6.2004383752140058,,0.2373644037581525,0.25,0,2
-0.92307630195900991,-0.28752486688525181,-0.25545956956883992,0.28953062923366096,-0.95668031347600491,0.030574377230176766,-0.25318403483876917,-0.045740886852695097,0.96633618155002843,11.215024083912658,11.444183638388292,0.81611825396056303,,0.09499777324712003,0.3125,0,5
-0.66490830546717328,-0.65624111537539165,-0.35671353185943816,0.71140051432537998,-0.70192917225885099,-0.034709441793111265,-0.22760987135525804,-0.27684478615799624,0.93356880348412274,0.06371527375908842,9.0846132210720878,-1.7659865716900052,,0.09744842985806595,0.25,0,4
-0.45309661632261061,-0.81850357854877853,-0.35320723121114744,0.86721562975737232,-0.49647756137946664,0.038040538261474535,-0.2064957815102425,-0.28907079228026805,0.93477139947097909,10.273706061917721,14.371538576784349,0.40714166942731772,,0.4236245951017367,0.6071428571428571,0,5
0.9745942176643585,-0.028978528571937875,-0.22209537540660801,0.082307187919783309,0.96855178665303077,0.23480409576487135,0.20830659545951549,-0.24711875981605838,0.94633011197733663,4.9008682047971153,4.2141281951760927,-0.31555949574251263,,0.1998152296809682,0.375,0,3
-0.6283137677982823,0.7574197959889678,-0.17758677270325449,-0.77505447138354544,-0.6291504471923195,0.058824154784222205,-0.067174218145804307,0.17459944857225465,0.9823454875830423,-17.351644813897593,-11.320714769973348,-3.1814601641636235,,0.1167931880006477,0.1724137931034483,0,2
-0.25820532580234845,0.9607003268330222,-0.10190628906120769,-0.96550400775980616,-0.25293545045687504,0.061851991899443994,0.033645515704984169,0.11436144422444555,0.99286929620562026,-19.777409221894146,19.910137240767337,-7.0220946762396927,,0.3112191633322924,0.25,0,1
-0.41500194318725109,0.90916743144183154,-0.034466922639933534,-0.90977387309511637,-0.41506640876186435,0.0056014418714487773,-0.0092134132825943578,0.033681714965103714,0.99939014158270156,-19.133537105021308,13.881870015546866,-6.421322333051533,,0.1488160573301903,0.5714285714285714,0,1
-0.32491295218239657,-0.85433140195490587,-0.4056469266959688,0.93144647152505688,-0.36337004427360969,0.019227106077527256,-0.16382626220371738,-0.37159126275836996,0.91382760368353877,17.468780928010116,9.2254930277568761,2.6047344819312812,,0.1513325350134687,0.1875,0,4
-0.53678735973745995,-0.7386724361316771,-0.40770376810299241,0.81925989340247973,-0.57183793402251104,-0.042598172202836709,-0.20167438480938218,-0.35688150598224949,0.91212007608625578,-12.101378532662421,-8.9667319617657633,-2.2718178222340142,,0.5558290547084267,0.443609022556391,0,3
-0.77917010415359811,0.59483890685265273,-0.1976376069669247,-0.61394051820925588,-0.78781132339426363,0.049298669685192101,-0.12637637791225859,0.15974978443215584,0.97903473762663684,-17.269407765128264,-3.394165891138424,-4.2907910008877277,0.1597737625961788,0.2009486602280911,0.6506024096385542,1,2
0.12178372378537608,0.98761629849030352,-0.098907894413323635,-0.98628314033685238,0.13159781275649593,0.099637255908528025,0.11141944044125549,0.085416992653781693,0.99009577600237209,19.660173342458879,3.9552890389163302,3.4673503276057049,,0.3132881205155303,0.2222222222222222,0,5
0.58728986409778294,0.79866803322303925,-0.13122495279347585,-0.7834520557616772,0.60166312309714587,0.15557751324593902,0.20320800144386364,0.011439362422399063,0.97906876629609607,-29.323978302072828,12.810863567828386,-8.5768459547161324,,0.2064622993225914,0.3888888888888889,0,5
-0.95677284609929314,-0.1162265212962031,-0.26660291955348592,0.14378504847323098,-0.98584523656720202,-0.086226616385601501,-0.25280739863107216,-0.12083279887986668,0.95994158880228164,9.2494581012381172,3.9020057910342771,0.87327695465128863,,0.1147362535237456,0.2,0,5
-0.90876544888774269,0.3904982529796171,-0.14716138531464404,-0.37856927611700564,-0.91982324672996008,-0.10300727137149308,-0.17558662274815995,-0.037898670095675942,0.98373422666738264,-6.9357452515381626,15.868481996943776,-3.9044382017851449,,0.4744627358290084,0.3636363636363636,0,2
-0.31545312854099106,-0.79176489987317544,-0.52306564312954285,0.93411207283898545,-0.356156281245394,-0.024235071815578293,-0.16710463509476781,-0.4962469613592338,0.85194776499006797,1.5819200608287267,5.292409866886171,-1.1370107429158292,,0.3089692643689181,0.6170212765957447,0,2
0.067313558477194141,0.99560582854364854,-0.065099301187124939,-0.99122602700308049,0.074171107219234825,0.10940571395297913,0.11375345373581269,0.057163633752477787,0.99186313105155111,19.119263315793166,-15.512358793375801,5.7700497175164616,,0.07421959230077527,0.2727272727272727,0,1
-0.0052263522305755778,0.99630033513639604,-0.085780693920409101,-0.99485493304945327,0.0034987171712278771,0.10124930204857518,0.10117483595010079,0.085868511022729951,0.99115601768097528,-15.354618720014434,-14.30063235127324,-2.4501456394950893,,0.3435809543835135,0.2033898305084746,0,4
-0.91619551634554242,0.3793135151281003,-0.1292556887316357,-0.35640393453453295,-0.91875485181000482,-0.16989925757306912,-0.18319937575392947,-0.10959370199395664,0.9769479050628187,6.4614866685604433,15.89073405215324,-0.64145927626004273,,0.6370557974309086,0.2173913043478261,0,1
0.76594931149497048,-0.54182285762348392,-0.34604861389276276,0.63155072212444996,0.73482497053809814,0.24733772065289347,0.12027193190626942,-0.40799540883495838,0.90502729724861253,2.4720276801067591,16.936556370640634,-1.6921837434227143,,0.322123771321232,0.1363636363636364,0,1
0.45788724449626628,-0.79014319971395985,-0.40744692325921533,0.88900211775402804,0.40892524265404129,0.20604703479833353,0.003808668595288299,-0.45656748665024083,0.88968063043848067,-1.693502420682464,13.743922320482731,-2.5447567708696464,,0.2751257160177841,0.2962962962962963,0,3
0.97247304862531947,0.020982637935007049,-0.23206873680585544,0.0075190100212932471,0.99259303845498714,0.12125396694127594,0.23289404068304684,-0.11966114204696839,0.96511220948568377,-25.61810010950818,12.282805885454552,-7.7629096069581065,,0.08743528719562305,0.2777777777777778,0,2
0.55258744181960862,-0.75003706432963013,-0.36344397267673928,0.83303727674544314,0.51083480651087221,0.21235982673174247,0.026382090436439753,-0.42010975064712502,0.90708973244955948,16.411059932869982,-16.405132297553678,5.3233669414657259,,0.3925548817941681,0.2758620689655172,0,2
-0.51485902538853412,-0.77663428349292918,-0.36298674036304968,0.82693581010591155,-0.56156895540182361,0.02859150736465043,-0.22604722944651898,-0.28544613858366985,0.93135554544289023,16.146324458718958,-0.15818140087504126,2.9139823027686687,,0.2046754800145826,0.125,0,3
-0.40412146655538977,-0.82256415100759284,-0.40009256147331662,0.89673277637034243,-0.44255342435178846,0.0040980943917701467,-0.18043327867181008,-0.35711998553940433,0.91646557375390647,0.10438785770417736,14.710757437050527,-2.1785991190503347,,0.2638006106770638,0.4210526315789473,0,2
0.54110355367486551,0.83833752534897776,-0.066310917594184088,-0.82555606334358167,0.54456180489846484,0.1480190086521769,0.16020028238763726,-0.025350231507368325,0.98675895500646094,10.941436492025046,0.54324295431512426,1.5016709448858909,,0.4986018018421048,0.2,0,2
-0.72214699922804881,0.68263936462526453,-0.11183563551005773,-0.68793544930609019,-0.7256597665550536,0.012756205991288516,-0.072446732803842381,0.086147554041187568,0.99364484089576399,21.178327476728054,-5.2518623477085695,4.6835132223876954,,0.3549318513303106,0.2307692307692308,0,2
-0.96331659110732526,-0.035784351874907895,-0.2659710989153779,0.050790670073382477,-0.99746911182152409,-0.049756193538850982,-0.26351746266776649,-0.061439817080388204,0.96269605574463091,-20.199814827493785,17.277049596602883,-6.9549288947390835,,0.2941531808729408,0.3529411764705883,0,3
-0.32327308290002932,-0.82567239535702652,-0.462341442461845,0.9311244133705926,-0.36470160848698113,0.00025217509291949723,-0.1688248817490462,-0.43041588296948052,0.8867019380772897,-18.576470383262166,-10.26478626628851,-3.6618258089897036,,0.2182305935501939,0.3333333333333333,0,1
0.73318299127212383,0.6570252428354143,-0.17538680562210326,-0.62393452011513229,0.75251835823614732,0.21076488115023634,0.27045963824193864,-0.045099343616491018,0.9616743904708086,-24.548883097876466,7.1410362912361727,-7.0616354904947674,,0.363637889636621,0.1428571428571428,0,4
-0.013937523491338316,0.99055289820626069,-0.13642104417612252,-0.995398544025898,-0.00080945005304299423,0.095817969826812358,0.094802341690744557,0.13712877395275874,0.98600619438427595,-16.134156463942563,-10.494077116376012,-3.0232296287393701,0.8434968589994427,0.7523940039798349,0.6133333333333333,1,1
0.14498680888319815,-0.89425679097235355,-0.42341896160858816,0.98830279202375559,0.11043653048294208,0.10517301941533966,-0.04729076577849213,-0.43371484241920782,0.89980832344303496,3.2020178029607398,14.047231015505671,-1.3460747287149961,,0.3634879406278343,0.6538461538461539,0,2
0.66486493894255383,-0.65776507756928437,-0.35397699882222061,0.7399544484989431,0.6447432205136483,0.19176442253012768,0.1020883299478359,-0.38942429602165485,0.91538335715507702,-5.0205180224828263,17.455678109662127,-3.468498336028262,,0.5728597133580456,0.2692307692307692,0,3
-0.95767271387237585,-0.13047843592431962,-0.25658984949343311,0.14599554295798983,-0.98838052394836229,-0.042299424534660401,-0.24808924712836944,-0.077969979083650595,0.96559432880530882,14.73849333495882,2.1591670931945082,2.4120996264664138,,0.3233576068471989,0.3043478260869565,0,2
0.79961114098487873,-0.51625974321523482,-0.30675381130183516,0.58564595096522676,0.78337272542854186,0.20819700567658272,0.13281883650633783,-0.34612577279075818,0.92873898705669966,-15.154071524239013,10.919826786208645,-5.4067206069023124,,0.09651221561867693,0.2222222222222222,0,1
-0.38194643977068637,-0.78392662900653687,-0.48946497063727185,0.9069911085064053,-0.41963676848745735,-0.035666673852862936,-0.17743744316468257,-0.4575631353899175,0.87129325195098828,-19.084726469402355,9.5728451652164779,-6.1609756145649275,,0.4923720900790032,0.4444444444444444,0,3
-0.93748134838648967,-0.188056923528933,-0.29285374325810026,0.24603953407691623,-0.9532399315866491,-0.17549410388925868,-0.24615700091336468,-0.23657604769188484,0.9399140942446943,-17.122687979039057,15.300431957205152,-6.1617625977957564,,0.1379656497847531,0.1578947368421053,0,2
0.2171588980350678,0.96216716140266312,-0.16454897909904212,-0.96502256467890446,0.23697912494380227,0.11212646432229927,0.14687907497239069,0.13444421839265419,0.97997514737672975,-12.594236841393286,14.286368672300226,-5.1333845111809389,,0.131860791335418,0.5333333333333333,0,1
-0.89534440210210342,0.42998065069309127,-0.11608204707866292,-0.40858445517628861,-0.89672311404590166,-0.17013641504427116,-0.17724882118852706,-0.10490136684222459,0.97855943029634673,-10.19361524695876,14.032309501236336,-4.577992201545138,,0.7168199197693699,0.15625,0,2
-0.56426461798329031,0.82437056431104372,-0.044928983848557175,-0.8238748557311284,-0.56576532958825265,-0.033761130459591289,-0.053250943523896158,0.017965648704910821,0.99841953730905497,-19.080518713137987,6.4107307270726182,-5.8982644996534246,,0.6184412159469119,0.6666666666666666,1,1
-0.72553350510563952,0.67327170571086581,-0.14250032722175113,-0.67999536888742929,-0.73321353297728975,-0.0020526447841485813,-0.10586515602772223,0.095410300010753943,0.98979262645823118,-15.02667171156374,-9.5141854907185461,-2.8877265461506365,0.6204280421397448,0.5649142779453904,0.2580645161290323,1,1
-0.32629460857648196,0.94424022212390657,0.044070753763866544,-0.94417934656274949,-0.32780142560620362,0.032735101876719748,0.045356255778657963,-0.030929408237719863,0.99849195378220479,-4.1251809287904173,13.145756276866326,-3.1369228989552096,,0.3756750653994247,0.2214285714285714,0,3
0.58084418648237224,0.8123681556885507,-0.051749499058586619,-0.78741889570803036,0.5768477249752525,0.21729745712461113,0.20637711528068683,-0.085467431306076813,0.97473268359810517,-23.285246335394262,7.9728682433345712,-6.8888133670308465,,0.273725596049245,0.5588235294117647,0,2
0.97292171520423243,0.066343041890327095,-0.22140898102108067,0.036203613341325262,0.90235561688013521,0.42946901991401276,0.2282819188308324,-0.42585554062100583,0.87551951666270944,-17.089968132526575,-10.388349974590245,-3.2506501825767997,0.5821981703300001,0.4254939361995611,0.1612903225806452,1,1
0.94392741114107503,-0.17834197866787524,-0.27784020792774899,0.25736091160444474,0.92459744339197603,0.28086460946717828,0.20680039573133505,-0.33662101288815666,0.9186511252959495,16.666212763625079,-5.300267998894391,3.5757191845097065,0.6110085606973653,0.3525476800141153,0.3888888888888889,1,2
0.95048796865705476,-0.17037411574217379,-0.2598947520117682,0.23500196899964193,0.94128730538112249,0.24238870290225462,0.20333886988098818,-0.29146332430242144,0.93472051148035928,6.2971310359015247,23.070604212646426,-1.235063277849989,,0.1535585540532336,0.4666666666666667,0,1
-0.49167032111351811,-0.82770884300804448,-0.27047803338240906,0.84743156545786102,-0.526266980922106,0.070020044678448023,-0.20029986820207868,-0.19478484539978294,0.96017645607503499,15.650402189301467,-6.878842556398344,3.4957035755241264,,0.07694886945253053,0.5,0,3
0.14848557610693736,-0.84991572752379141,-0.50556432804925588,0.98697484799432611,0.095360132399886749,0.12956502064698247,-0.061908667525378318,-0.51821781256184241,0.85300505017781203,7.647618768320954,0.93954761647893215,0.6924983439837179,,0.260635048505841,0.1164383561643836,0,1
0.9696227287227257,-0.043068029628541039,-0.24078394624270635,0.10555133385896218,0.96168144004941047,0.25303700082218344,0.22065964711493874,-0.27076549390276239,0.93701407003667947,-23.244731610565733,10.657391353846279,-7.14985384970963,,0.5690377226654655,0.425,0,1
-0.21520475211866757,-0.93111455083509787,-0.29447004582588177,0.96431627398474273,-0.25022938179110188,0.086483410065894148,-0.15421101904120044,-0.26535061656532294,0.95173946639544016,13.589702057039844,-5.1810800243516644,2.744802257444813,,0.08980509792988538,0.2083333333333333,0,3
-0.73180489754044931,-0.60084500161924181,-0.32163158421552168,0.63884151602272787,-0.7691576576183935,-0.016673785795950736,-0.23736703507773668,-0.21767356696705262,0.94671807255499507,-2.2798126626559179,4.1375363008896437,-1.9544833315185393,,0.4929549854533272,0.3016826923076923,0,1
0.15104797610074028,0.98244167816812145,-0.10951190763600409,-0.97959786903697788,0.16361831977202107,0.11669216089007091,0.13256139669633735,0.089651516625136762,0.98711199044117082,6.6867986394215286,5.2356337832839186,0.089975885425590291,,0.08049527102473064,0.3333333333333333,0,1
-0.94508654893375821,0.29228129359988358,-0.14622947868353403,-0.25869875016722954,-0.94245518527668259,-0.21178569452870907,-0.19971572718840355,-0.16232642778264103,0.96631452392941641,-32.638858517323541,12.23836994181112,-9.2918903401832118,,0.3861609952287623,0.2380952380952381,0,1
-0.58855677585348565,0.78612268746185088,-0.18871153079424932,-0.8055029583433706,-0.59014018172998794,0.053847469836354661,-0.069035539376686342,0.18369998956302638,0.98055515303195262,17.08084077320191,6.0638325552855541,2.6821468433353184,,0.09339330330637763,0.1304347826086956,0,3
-0.18952045917545954,-0.94342020104969981,-0.27210350935860256,0.97170706538742857,-0.21999391343606073,0.085953808102017859,-0.14095167480407772,-0.2481148973810946,0.95842142247943007,-34.994335127377269,13.3410291691672,-9.8040852512923138,,0.1983366139907561,0.5454545454545454,0,1
0.56605130547625537,-0.67618253391544514,-0.47155392098498683,0.81811720830876566,0.53109656111760928,0.2205009665242349,0.10134176354148944,-0.51060123736310881,0.85382446870862361,-11.796120905081898,-20.957314260414595,-0.72756684758975887,,0.6787573096476907,0.5964912280701754,0,2
0.87225813433011223,0.43916776267004615,-0.21516836042117593,-0.41817911987679629,0.8979073634065774,0.13743576841315966,0.25355861411914027,-0.029900551360027405,0.96685779007791339,15.305194985093289,-5.9952701776978214,3.2108263509747803,,0.5668462743835654,0.75,0,2
0.73896375691685778,0.67259886002763747,-0.039285359268363865,-0.63022386811421727,0.71067044425609782,0.3126745843844575,0.23822351274061013,-0.2062966144907909,0.9490475566730896,7.7936504264150708,7.2607944107254569,0.24471848807455482,,0.6026892022330201,0.2386363636363636,0,1
-0.8113166990182139,-0.43966509577448176,-0.38530483704698543,0.53049858015060525,-0.83062046858442484,-0.16923620660716193,-0.24563483130936456,-0.34170782947747319,0.90713796575902028,-9.7615525987962535,-19.905151384080266,-0.39711544978056273,,0.3949856959302414,0.2558139534883721,0,1
0.29669904200194669,-0.88172243641008119,-0.36679043554350821,0.95468416252073618,0.26444552376980185,0.13655297430006799,-0.023405732357842362,-0.39068415643481702,0.92022717934410503,0.25355532685171372,10.740994481167657,-1.8130267663037518,,0.07508633720730175,0.4285714285714285,0,1
0.81003003782426386,0.54510366054918336,-0.21613268396589663,-0.52823021223546773,0.83835326762166995,0.1346723488684354,0.25460593218559191,0.0050791656745455844,0.96703155138390195,-9.643206886446599,17.983844524559096,-4.5467054446410549,,0.2057438637629065,0.2,0,3
-0.94893725258782446,0.22853385459809519,-0.21746348648361233,-0.24208352463481866,-0.96953108120999798,0.037483992158730876,-0.20227124796039286,0.088214283822458717,0.97534844152140621,-15.357493594653329,-21.127361365752495,-1.557132524070391,,0.1599310014667452,0.3333333333333333,0,1
0.65632587885112426,0.74751514267063945,-0.10226168504573427,-0.71941684034456221,0.66088906271814896,0.21369383848902407,0.22732300934781327,-0.066684018007465998,0.97153357696141085,-31.586157260940816,12.228224232076933,-9.0905421905915933,,0.1936158367382536,0.4166666666666667,0,1
