axis_00,axis_01,axis_02,axis_10,axis_11,axis_12,axis_20,axis_21,axis_22,location_x,location_y,location_z,dbh,dbh_approximation,score,reconstructed,number_clusters
0.16997637831229234,0.96825680563058603,-0.18326698875108588,-0.94302269042416709,0.21380140020459465,0.25494541889534061,0.28603537571601589,0.1294902298268443,0.94942932555213888,-0.65854282883055282,19.60940927301473,-5.0815955528236509,,0.1197457697138695,0.4615384615384616,0,2
-0.43688174099375254,-0.7527081441072041,-0.4925086742189998,0.83273322407316563,-0.54546889240603613,0.094968757715597513,-0.34013191839487711,-0.36863821995558382,0.86511047900080373,-1.6527414976295101,16.949997449132745,-4.7055498048258801,,0.2143967204985686,0.2083333333333333,0,4
-0.84808979756810965,0.46493443905843923,-0.25412528925374306,-0.51409864905193647,-0.83813835135102543,0.18228187797354009,-0.1282430282855879,0.28523686888619615,0.94983875174902321,14.526333849092294,14.430867808647863,-0.21551801503661536,0.3871536587388129,0.4273188730331359,0.6857142857142857,1,5
-0.78683375884439966,0.57998059211099762,-0.21098613394573731,-0.61142587406115101,-0.77906406300946829,0.1386275090151155,-0.083970449988966744,0.23807918536015493,0.96760904554830118,-3.1012543918153979,13.545152311204632,-4.3338238315714479,,0.1169436777968348,0.4814814814814815,0,6
0.72341484037470438,0.64755416347469208,-0.23946727144274377,-0.59064614186758113,0.760059982043367,0.27100914891047118,0.3575025927494544,-0.054611620217939562,0.93231403889171882,-20.56743976270878,-19.278364166734317,-2.4852032119095906,,0.08054957918244444,0.36,0,3
-0.95030872300670777,0.22234642363878779,-0.21788850101003585,-0.23867395451372012,-0.96973939184209446,0.051383415091904999,-0.19987014387882546,0.10083441775884384,0.97462010331261495,4.5973465287861783,13.139863803610782,-2.4443281057629394,,0.522999986449607,0.6046511627906976,0,5
0.59102640893704572,-0.71364651898913367,-0.37602716640380063,0.80639181823344663,0.51086970440515556,0.29789995066656927,-0.020494375451213836,-0.47929196848651734,0.87741620085292682,1.7975869525931967,18.971620862434236,-4.3368572653247801,,0.09838889450586891,0.2307692307692308,0,1
0.048481947688631725,0.99643275358201122,-0.069074368164222952,-0.96586398449970512,0.064388798299402236,0.25091999940202447,0.25447252149234079,0.054551354176855513,0.96554020401162011,-15.443215673494295,-25.061384748888852,-0.22808113609386571,,0.3232234940007743,0.2941176470588235,0,2
-0.94556746644509027,0.20452531174000046,-0.25312361260512367,-0.23999846786486326,-0.96357997732478728,0.11795915700478903,-0.21977921153542126,0.17228762043866577,0.96021563933340037,-3.0886674306285284,16.975017373650537,-5.088884059385129,,0.09475564064154932,0.2727272727272727,0,5
0.54056050357475027,-0.6640176663229127,-0.51659934261096974,0.84017482927864773,0.3942560674180251,0.37238207469032286,-0.043595850967814737,-0.6353288063004443,0.77101018778174746,6.0341668624141702,8.2147599442615142,-1.1408501790475654,,0.3854900302076253,0.1538461538461539,0,1
-0.24188398924136142,-0.89994613015081959,-0.36275211725811968,0.92415167629556838,-0.32760322822972104,0.19651922057029445,-0.29569547671341817,-0.28770312420971217,0.91092870048714281,14.386091041836425,8.5982378202686558,0.93519021412633185,,0.1040603288906338,0.1578947368421053,0,5
-0.12839607207930878,0.99088273872615584,-0.040814786158420296,-0.95900645202372703,-0.1135713437997191,0.25963084339960235,0.25262833105466964,0.072477223747040728,0.96484505408197729,-17.352365499632352,22.0004743334006,-9.9590139210311737,,0.6021214677218699,0.3666666666666666,0,4
0.023548612480204973,0.96785786493835091,-0.25039292347675246,-0.97260033517255728,0.080124487404789738,0.21823990134791935,0.23128780960631493,0.2383929944337656,0.94322570434250597,-9.4071209684424275,24.061784632757092,-8.1929737927800712,0.2930145328986306,0.2822637745973579,0.7536231884057971,1,3
-0.017247791223570858,0.99977643143396011,-0.012231142509409815,-0.97305653064950903,-0.013971287843364986,0.23014298007182496,0.22992064252313377,0.015871051167935298,0.97307995965212224,-12.338176224072356,-21.195138500137322,-0.20467788475055848,0.5461208169509997,0.678628131346353,0.3333333333333333,1,2
-0.94290805027483049,-0.088601350702727399,-0.32105172383989827,0.12444564008897185,-0.98787124947907734,-0.092863755661146838,-0.30892991339422621,-0.12751547006657427,0.94249780556982587,16.68740833588604,2.5160673648783609,2.6569322638012398,,0.3281114864378887,0.2222222222222222,0,1
0.65981379880775348,0.71931124323200113,-0.21734094474561211,-0.6565468388070882,0.69254626325702684,0.29887442463541286,0.3655023930910733,-0.054506959269095628,0.92921310367209975,-12.837943924795814,-26.363046793716016,0.79207429766025517,0.4263336974629247,0.3034385961051103,0.8787878787878788,1,6
-0.78805482699228457,0.5670387743697457,-0.23965937915178143,-0.6094399413557301,-0.77357285835042855,0.17368935115277612,-0.086905394162186192,0.28293472954871546,0.95519390245159685,14.610123089559243,1.3719546692698419,2.3261605006555168,,0.1195219393632946,0.2631578947368421,0,5
-0.94272496450225729,-0.17303270153611494,-0.28518296846644425,0.12533676685858219,-0.97603761489402419,0.17787992912474207,-0.30912834903589265,0.13194793863906926,0.94182238522517892,-1.0481637294536787,8.6534069939689111,-2.9512419190684209,,0.08125062577747212,0.3379310344827586,0,5
0.24363537935780186,-0.82173328281218305,-0.51516620021493442,0.95977889007140493,0.12786384257044298,0.24995063499904194,-0.13952162591685671,-0.55534246162330769,0.81983441390300471,0.91844195422698971,14.66582097986133,-3.6650249895099196,,0.5878097219424862,0.5254237288135594,0,3
0.88510797478958414,-0.29260293656615444,-0.36189417579831834,0.4388356608367332,0.78364411184032157,0.43968758085256576,0.15494236264452924,-0.54798305401796588,0.82201425581754672,-10.798901562082905,19.614714306050072,-7.5458273597878351,,0.5225725862750366,0.25,0,2
-0.83576983315026976,0.49741504700519146,-0.23252323971765626,-0.53764986730357034,-0.82732513042563816,0.16268297008185942,-0.11145136241618962,0.2609816077408999,0.95888852023400062,4.3257420283333161,10.9130890609754,-2.1210853531554803,0.8533226503955815,0.6278190561785233,0.8091603053435115,1,3
0.42597915825822025,-0.79379105526440041,-0.43409390379484603,0.90148580367116582,0.33178805740413825,0.27792090735196917,-0.076583957255888319,-0.5097180059074029,0.85692616481515504,-1.6764179218624091,19.117905428453795,-5.2331744070228883,,0.5334496669130721,0.2333333333333333,0,3
-0.95182288706887919,0.21063662621083698,-0.2228573609966206,-0.2392129486028487,-0.96473357997375742,0.10984664260571164,-0.1918602534987193,0.15786491494164295,0.96864250978256861,15.322290260804294,9.9987648853054143,0.92243694989225633,,0.2211888224521969,0.2307692307692308,0,6
-0.32248416000252889,0.93535175077349486,-0.14533089441829447,-0.93458194038010589,-0.29026067958861823,0.20568260645983158,0.15020174187678326,0.20215301187395543,0.96776732561472079,-4.068136170180531,23.765388392622782,-6.808784802057632,,0.1512795316474193,0.2592592592592592,0,2
0.8633762930600869,-0.36336123645094587,-0.35007140475431769,0.48657639827408028,0.78318916848209208,0.38711514438852862,0.13350949488498992,-0.50456252161369208,0.85298996275359906,3.7387507794672219,-27.615877512684179,5.3240973604476656,0.5784337666209035,0.2756644413006025,0.3181818181818182,1,3
0.3762680028849707,-0.80132254626793431,-0.46508554788084955,0.92245788805989481,0.27710265390563427,0.26885974773947213,-0.086566938036608809,-0.53018515260343579,0.84345116586429447,-9.9759298982772293,-25.267140845860503,1.318939674835234,,0.3391600988442093,0.2857142857142857,0,4
-0.43718246257558424,-0.78343327690750253,-0.44170555243320103,0.82592825087002619,-0.54411199455974213,0.14759627973291625,-0.35596912623305699,-0.30029058928010149,0.88493589776812787,-8.5019727493078019,-26.186594823422162,1.8874642530778534,,0.3880644234326252,0.3636363636363636,0,2
-0.89714379657194088,-0.29852800236930815,-0.32559797308010796,0.28461031384280794,-0.95433490310039271,0.09078470123684268,-0.33783128559501813,-0.011221609766641293,0.94113978661379682,0.52149614501467667,11.352763823810369,-3.0451482542763801,0.1860709997824542,0.1592648811916476,0.4184397163120567,1,2
-0.65865242817646452,0.73719992718098315,-0.1507091444524907,-0.75238793692075367,-0.64777117010459806,0.11960310847738452,-0.0094536359873057842,0.19216862008578353,0.98131638640193242,7.4513179781336953,16.095980541704364,-2.3269449693086952,,0.5432233471023374,0.8181818181818182,0,4
-0.8115185449882496,-0.41722908668581354,-0.40909355942556258,0.46707930364130501,-0.88385884981623708,-0.025108916971310728,-0.35110479240549819,-0.21145548662742344,0.91214691904596812,7.8855635269724011,6.3817886705898612,-0.34268555075694374,0.2748565598749751,0.1213787847098873,0.4444444444444444,1,3
-0.37690087893642571,-0.8787145319147448,-0.29292746347654353,0.86991711998443377,-0.44441931134217971,0.21385901913207186,-0.31810364948384179,-0.17421896311250037,0.93191084395293278,-21.54502827705922,-18.89748051766729,-2.7760907885210933,,0.09992628538798594,0.36,0,3
0.033049615616168405,-0.86472853445544828,-0.50115095989747094,0.97357662292409763,-0.085507857751856611,0.2117474098032793,-0.22595637234504615,-0.49490702961386734,0.83905348449037853,-14.743450703892684,19.473583399495258,-8.6117252425266475,,0.112070992091406,0.2608695652173913,0,1
-0.36562709906075402,0.90753697162588054,-0.20662398109741462,-0.92356590832109453,-0.32619747122625631,0.20154707329214391,0.11551120040693311,0.26452193651514599,0.95743684266004103,-22.428720702498449,-25.228227497893634,-1.8558721734086441,,0.07061285870809542,0.5,0,1
-0.95971510075252564,0.021576597409727855,-0.28014527629747704,-0.003272517412690224,-0.99783787990934569,-0.06564187724164601,-0.28095589692575396,-0.062080720535784756,0.95771069124261365,-5.681633186279087,-28.075958858874223,3.0092863507151608,,0.418689737606907,0.28,0,3
-0.84952903040550709,0.48499678787100559,-0.20755370932143416,-0.51109368490862772,-0.8541432863820404,0.096033804334769615,-0.13070452075119665,0.1876628947962149,0.97349831338934811,-4.7507089570065197,12.776560156703892,-4.666816797734568,0.4391820009725494,0.516237803438011,0.9219858156028369,1,7
0.88694339415089196,0.41979313677046937,-0.19262693968524741,-0.31445388118155754,0.85429567804086648,0.41388120407980539,0.33830485095834611,-0.30651691111764889,0.88971748944085893,-6.2487731560637299,-26.159968821251944,2.4137447517171164,0.6928868243466801,0.7151065178584874,0.3478260869565217,1,5
0.25902032219568649,-0.90217997296643027,-0.34493444169571602,0.95328188354605858,0.18131309540504958,0.24161790483637477,-0.15544170351782308,-0.39140370183856454,0.90699560031708359,11.734060738621716,5.3826458712627501,0.88602906480328836,,0.09639004388635879,0.4,1,5
-0.56552488344911156,-0.76769862939595923,-0.30136426567102348,0.75171280631990223,-0.63013222595700791,0.19457963568966957,-0.33927785517850545,-0.11649975207713069,0.93344434475304472,-24.931674997725878,-25.192416718363361,-2.4620553276401913,,0.1705139742852549,0.25,0,2
-0.85636631981004296,0.44808789496543161,-0.25662027332315684,-0.499730689236278,-0.84432056305967929,0.19337017616483906,-0.13002293847793917,0.29383673218308609,0.94697096591686902,15.344329701746176,5.9589179301337563,1.6332886101246389,0.5833282939782578,0.529039536782044,0.8135593220338984,1,5
-0.2268046932326406,-0.91635865182684006,-0.32991885722059705,0.92574845318990473,-0.30807384619477957,0.2192722205553066,-0.30257136768727377,-0.25568990303266248,0.91819019867509,-12.84849818499338,20.513196410443772,-8.3312280618201733,0.198007266982249,0.1595379713890443,0.4137931034482759,1,5
-0.82926768051320743,0.5340577234810856,-0.16461306766610315,-0.54116026563871522,-0.84091706522564502,-0.0020140273392367349,-0.13950154461539149,0.08741188364569312,0.9863561636890763,-2.4677048202318201,23.024281665188514,-6.2478095809927954,,0.6939165214064517,0.25,0,3
0.94741633167353079,-0.14303926103999187,-0.28625524323478113,0.22749885599538383,0.93016739255528968,0.28815428566600443,0.2250479171178047,-0.33812481664028554,0.91379704714608889,-7.4889708165278721,20.888042729523562,-6.9634747449721548,,0.1265810497310558,0.5416666666666666,0,1
-0.76969564387511957,0.60067500646566141,-0.21623633461364275,-0.63410185593021973,-0.75859884719924897,0.1498086290365879,-0.074050334945336166,0.2524229102824242,0.96477936454872193,-12.724004715023431,29.312755854870911,-10.382848079507664,,0.1829724440006925,0.2631578947368421,0,1
-0.25036097430167642,-0.86188149995014551,-0.44099848365998123,0.92143026702478192,-0.3519195746996549,0.1646780979786113,-0.29712900490755573,-0.36512038150026843,0.88227062824041935,-9.3595543539865123,26.111221583461298,-8.6662027083815385,,0.2915482710228171,0.2666666666666667,0,1
0.1487445827619932,-0.90694711368412173,-0.39410909920858445,0.97294423054473145,0.062972412452150087,0.222292598886417,-0.17678963020686972,-0.4165109941526125,0.89177576688387372,-3.7908938202892708,-32.976111232491,4.6085318097892021,,0.2064415670167323,0.3478260869565217,0,4
0.089745024074182875,-0.85553515349402021,-0.50990727763965771,0.97607480367507415,-0.026255564723912227,0.2158439782613672,-0.19805001460386068,-0.51707856893995452,0.83271000069557166,2.6103755504850867,-28.135282758810277,5.1403447037572825,,0.361838691403242,0.3076923076923077,0,5
-0.88257161422612762,-0.3278218846981833,-0.33704622483454649,0.29780931984732489,-0.94448034976597239,0.1388037388474154,-0.36383643959114692,0.022128732880100376,0.93119995941084555,12.572570366870046,3.8933242290309562,1.3816282500799317,,0.1429174109570353,0.2061855670103093,0,5
0.95224742642950522,0.21414823214180961,-0.21763587371782731,-0.067221074659445476,0.84234651660931825,0.53472766253278625,0.29783580372415563,-0.49456332317175078,0.81651757690407456,3.6799099518561049,-28.739133784903707,5.6347977800430344,,0.1354471848549691,1.0,0,1
0.12458906251724081,-0.86904083223735396,-0.47879598724851785,0.9721411644292105,0.010356024648565056,0.23416726751554795,-0.1985424939988791,-0.49463196889979333,0.8461206139901214,-1.1627465667605257,16.096653006617462,-4.4274860741291766,,0.4031960233170255,0.45,0,1
-0.30295947015435687,-0.80387320960700104,-0.51186269869949497,0.89821117668015871,-0.42035337614102275,0.12852906773834691,-0.31848428772960835,-0.42082169863611207,0.84939793761603954,0.53050916414461968,19.5715506768802,-4.7360811771760192,,0.158510673928478,0.3636363636363636,0,4
0.13197240842238406,-0.92241741461239934,-0.36294544581103849,0.97193123076364552,0.048472301874113041,0.23021754628457708,-0.19476387262904266,-0.38314037789144983,0.90292329948215233,-13.244819866504683,27.683079687397065,-10.068833498205482,0.3269260404850068,0.2486946874805178,0.1538461538461539,1,3
-0.27564877499567003,-0.90240874232750123,-0.33117399447161427,0.91182836906212872,-0.35452266120737108,0.20708140443782705,-0.30428075558090389,-0.24489210779717252,0.9205656290139087,12.822021083122593,7.4948751458702345,0.74168791746284024,,0.1006342526292221,0.3529411764705883,0,5
-0.76001514112810398,-0.51029370186248824,-0.4024640643529645,0.53804169012919256,-0.84138759099032656,0.050774613838196633,-0.36453823522224799,-0.17795297009877115,0.91402659452232338,17.445282195453228,-1.2767061103077912,3.5908169763784192,0.5044080688712249,0.2978876831501613,0.1851851851851852,1,4
0.93294844572562863,-0.15709827372621621,-0.32392488328372632,0.29660764619574259,0.8453607910245966,0.4442848604403356,0.2040370109474115,-0.51057346718225571,0.83527458525513354,-4.9739694425081158,22.828223806873623,-6.7901144271297342,,0.3640170726837896,0.2608695652173913,0,1
0.84143325766553623,0.47088169391517665,-0.2650669787618552,-0.41276359593828993,0.87667893308685052,0.24710374774534297,0.34873526744861366,-0.098511312128485046,0.93202963183595666,-1.0835349118883397,22.427840982112212,-5.7214380299419041,,0.1114605484168772,0.375,0,1
-0.95089362185826665,0.20287951081971947,-0.23375462348116158,-0.20949168673066679,-0.97780401356531033,0.0035417857516703826,-0.22784765326860065,0.052337511835412347,0.97228917085138322,-5.8541191537772486,16.639544306770183,-5.7523875929328865,0.3124971749898295,0.2039897522123423,0.3302752293577982,1,5
0.1666540241344813,-0.91718436323972685,-0.36193822686795796,0.97713157794179251,0.10445998736116642,0.18520796535108494,-0.13206178716331024,-0.38452692346445999,0.91361848137074753,-14.141086148872557,20.188934341857959,-8.6020625535667019,,0.1924771542241193,0.1764705882352941,0,3
-0.80451746500449539,-0.42073060908339077,-0.41921045202029367,0.47567084065292498,-0.87909118775815787,-0.030593054088967665,-0.3556527799065819,-0.22401883444538756,0.90737349639409781,-10.147729123866892,18.791655732384438,-7.2292738660714644,,0.3121889511039269,0.2333333333333333,0,3
0.51649610279630576,0.83448662446559274,-0.19199960777108266,-0.78536735153817339,0.55100481438550641,0.28212021845644103,0.34121825703520636,0.0050762300987491245,0.93997038940268829,-12.323964896249938,-22.568071981468368,0.045776849156260679,,0.121658212113364,0.3076923076923077,0,5
-0.89192526140650308,-0.33882530746609096,-0.29944405000842761,0.29691205188603492,-0.93829786485193534,0.1773142697560571,-0.34104627473374521,0.069242529090207713,0.93749288565590017,8.8690833117326857,9.9190736142965861,-0.73091893023681687,,0.0759099917510854,0.3076923076923077,0,5
0.90493600908718441,-0.25565454728800419,-0.34019343307642624,0.39708747704245856,0.79473886456385434,0.45903341134149556,0.15301096376866036,-0.55048241534377951,0.82070503554192031,-5.0068189788641915,-30.250297916328346,3.6618224345377284,,0.387223927835145,0.3571428571428572,0,4
-0.43464190368765387,-0.8058548972507682,-0.40209986338685388,0.84631226773829438,-0.51814487909730311,0.12361808015378282,-0.30796422038028737,-0.28657244955193356,0.90721236219716872,-8.2648962080900947,11.832339881879021,-5.2695873180737633,0.1166482750699901,0.2428767959100759,0.2647058823529412,1,5
-0.58723338716980622,-0.73215759399200464,-0.3451118754156593,0.71541273467095501,-0.66892495730925716,0.20180193398338026,-0.37860476497754286,-0.12839259732806094,0.91660993497106091,-5.9160659218190137,15.068790877167933,-5.3726792865156296,0.2816501792553279,0.2406611150384098,0.8265895953757225,1,5
-0.81852926952380967,-0.46119335253453936,-0.34250624302451887,0.45268320400741247,-0.88489716475600511,0.10970380401958295,-0.35367746852521159,-0.06525104891674835,0.93308871436367835,-28.073090807587924,19.521250711042363,-12.439485489964964,,0.8436773011841143,0.8412698412698413,0,2
0.20236072297360788,0.94986317095460759,-0.2383486821059804,-0.93596294392925494,0.25919753043020266,0.23830654168563553,0.2881379971279075,0.17486165012072608,0.94148812946748073,1.9368244691743395,15.599517754078995,-3.5754275939560127,,0.0992841392921609,0.4705882352941176,0,4
0.17719578022720184,-0.92053405494779295,-0.34816477298981235,0.96735763556490995,0.097785222867936741,0.23378891141997199,-0.18116528470968371,-0.37822626015394856,0.90781277571205043,-4.4490320810478758,21.311409562800119,-6.3746734376563472,,0.1978833403087767,0.2307692307692308,0,2
-0.073145092342951454,0.97867246226561233,-0.19196355661714828,-0.97983636057207768,-0.034634914277664228,0.19677685131601455,0.1859314442664477,0.2024861336386837,0.96147223762158152,-11.317637420690962,-22.471997189590223,0.32218197783855945,0.1845768980655103,0.2280608375806941,0.6538461538461539,1,5
-0.043640485878472357,-0.89473051135646609,-0.44446914408099197,0.96312777318341347,-0.15590197088448096,0.21927030806084044,-0.2654814504161303,-0.4185115142049658,0.8685434427608193,13.979086345895567,5.7717173355508313,1.3103006994552018,,0.1544651609189434,0.3888888888888889,0,8
-0.88148266416015497,-0.32034291387898867,-0.34694196966154728,0.33701547797954745,-0.94140973385172344,0.012972301701853402,-0.33077013224795915,-0.1054899546722131,0.93779688050020826,-8.7999086369490893,15.674188998866901,-6.3029381360387147,,0.3807633696610896,0.2258064516129032,0,5
-0.14110472912703134,-0.90676704041999134,-0.39731975765868416,0.9590467482157824,-0.22476566349981864,0.1723651102985142,-0.2455988398887905,-0.35672668938482116,0.90134747956924166,9.4120348647437737,7.7591599965508111,-0.18538828157158879,0.7502951577477099,0.8005034792803254,0.7029411764705882,1,5
-0.95295880514535714,0.19237737821334541,-0.23422309887731574,-0.19068963625069063,-0.98119019414627862,-0.030054376349664853,-0.23559918998696219,0.01602333495085928,0.97171820730834313,4.4126385926289906,6.6050760130848918,-1.2727759913959882,,0.6815319885303333,0.4411764705882353,0,1
-0.94388332138528508,-0.13292755039156923,-0.30234837846030854,0.096169378352350079,-0.9863802690992286,0.13343693416387611,-0.31596791969756,0.096872241011700083,0.94381144443334974,-12.757099388230005,17.130340613828139,-7.5654450636773767,,0.2412330900807009,0.1666666666666667,0,5
0.83460953544170868,0.52306129553545722,-0.17272464926160419,-0.426480750175107,0.81204907858637942,0.39835971645874346,0.34862744166208909,-0.25881107990150148,0.90081947794237094,-21.297533663142357,-14.422465629697186,-3.5708389096698014,,0.3788450824035779,0.5641025641025641,0,2
-0.86860806556697256,0.4642749307722272,-0.17311504004114223,-0.47869081396553803,-0.87648973503550109,0.051194228213818992,-0.12796535881641258,0.1273362989639705,0.98357019775364585,-0.14825262267152789,-32.508766466272803,5.4214702285216454,,0.3571791016628029,0.4705882352941176,0,5
-0.49379659273517634,0.86528069269624541,-0.086337986137250008,-0.8669155030611243,-0.48208967281367809,0.12667698259225635,0.06798849575779907,0.13740040106748774,0.988179484826054,22.356869976806692,8.2824651050290061,3.0382395059352914,,0.409046904107402,0.25,0,3
0.82625598889392893,-0.48418916670145384,-0.28785741551307747,0.55233588534675671,0.79671566541363514,0.2452941463686496,0.11057174401776988,-0.36166973792876544,0.92572614205898307,-9.2502289334823207,19.641926270743628,-7.1188619946687126,,0.06961676438154502,0.1428571428571428,0,1
0.92504483927008274,0.28129902819242214,-0.25527025302174594,-0.18672474892784269,0.92195506149409134,0.33931214644227015,0.33079587887037143,-0.26621367606384411,0.9053752620869171,19.450763614008302,15.12337424436182,0.99074633619604402,0.5336190766159531,0.4806897515649283,0.1153846153846154,1,5
-0.53441625811984661,-0.78268192013234905,-0.31907409007175841,0.77017699178762677,-0.60644246664383428,0.19762321718842629,-0.34817619731702382,-0.14013046260139669,0.92689632056286408,15.70266849454838,3.2423396418118977,2.1939365743686707,,0.1060839183902181,0.2592592592592592,1,5
-0.94405264513078202,0.21405120991805071,-0.25089177498314802,-0.22140991238636773,-0.97518017222278308,0.0011324312810352954,-0.24442228605149119,0.056619000663769202,0.9680144807001605,15.300086112299054,0.57494646818806616,2.6220424866297236,,0.4759996026860967,0.4696969696969697,0,3
0.33682872993880103,0.92351891597098845,-0.18346448847552613,-0.88718922183692472,0.37655140691938815,0.26665393791096159,0.31534376693413141,0.072951009525582478,0.94616936056130685,-2.2867512657872839,20.439081690178536,-5.7256279926858715,0.3070696698028878,0.1560145375580418,0.3695652173913043,1,5
-0.93053479013323814,0.25114650422422963,-0.26651536122265101,-0.30576932139408125,-0.93334708928389143,0.18806470434265821,-0.2015195435829843,0.2564929713291132,0.94530483401539278,-1.7062421612927072,12.677414097690297,-3.8635595615259737,,0.09236668787370812,0.2954545454545455,0,3
-0.7957929007500405,0.58365636695395318,-0.16142770651269631,-0.59434200020146755,-0.80386971955648467,0.023474683740105879,-0.11606569653586454,0.11462425264442001,0.98660530851671058,-0.0020455027643540989,-25.019460182205989,3.7210697371921095,,0.6402012660078075,0.2307692307692308,0,3
-0.82837563486079102,-0.43380740632948067,-0.35440787488805875,0.43807418156730521,-0.89598728018443119,0.072786023327567062,-0.34912006389366484,-0.094962771449628586,0.93225385653559456,-19.760938042232354,17.430141031086066,-9.4324964522517494,,0.1469569815825446,0.32,0,3
0.32864995026465926,0.94005343982691414,-0.091042520069588143,-0.89205241973608873,0.340632801875068,0.29700467122543306,0.31021233153120126,-0.016395870099662514,0.95052589907358598,-3.2859995478866728,-25.768009615558231,3.1109991967914157,,0.1211586959860449,0.3,0,5
0.66921090736456557,-0.64041553679401753,-0.37686164795203658,0.74285429255544955,0.58887911617468691,0.31841621592698743,0.018007262319329875,-0.49304089766078185,0.86981975818994428,11.654739711444691,-29.201789253206066,7.8094709896198928,,0.4808985440617651,0.1428571428571428,0,1
-0.36204531771331305,0.90821200137952018,-0.20993843972001203,-0.9243402203942811,-0.32067275531836092,0.20679492488449308,0.12049209469221905,0.26892367792133437,0.95559495110111603,21.340745770536977,-0.90732140897748526,4.5119618691203804,0.9621399592812622,0.7744132210342077,0.7450980392156863,1,5
-0.7971095882129976,0.58780751000329401,-0.1381978131615432,-0.59389681546218198,-0.80453340356152714,0.0035461440444144693,-0.10910030688675618,0.084901906559465334,0.99039829831224147,5.7150588029247862,17.572992234634743,-3.0002559092870316,0.1824336161196033,0.1497178915337289,0.1739130434782609,1,5
-0.91035862925849376,-0.31135947549475002,-0.27258474490372908,0.2799925578943,-0.94847850892389995,0.14829931096705568,-0.30471516808062576,0.058683857483387496,0.95063393123350393,7.2746341282192519,10.285194716307259,-1.2496623305775267,,0.1243211143116745,0.1923076923076923,0,2
-0.63877198873663332,0.75386418350552831,-0.15381527633167585,-0.76914820108167592,-0.6307497585925208,0.10279001317394129,-0.019529239060150722,0.18396612422677253,0.98273855829447931,-15.467832177164517,-20.365398347259603,-1.1563235974520731,,0.2189669755644967,0.2,0,6
-0.76030314797603726,-0.56638772562677253,-0.3180315510087936,0.54751077670891479,-0.82223728546122299,0.15542778318228437,-0.34952978780831834,-0.055953468674337765,0.93525298009574975,-12.658174793925495,21.965387785649725,-8.6005225176071676,,0.10267622624964,0.25,0,3
-0.67919002518013494,0.70890939377288265,-0.19012727609780367,-0.73333762889110177,-0.6661347224627121,0.13594283203575325,-0.030279229649767397,0.23175850135450948,0.9723019928508464,-0.21804485727648384,21.593611209381972,-5.3801378051548916,,0.1052102127867694,0.3,1,3
-0.86609606776892512,0.45541755088030939,-0.20608846582326396,-0.47923396952263464,-0.87373371319575044,0.083211783304679987,-0.14217033393357559,0.17083399186153578,0.97498889397462829,-7.1826483678565616,18.690961261638858,-6.4043415957802434,0.4262455081347634,0.3477372179538861,0.6838235294117647,1,5
-0.76899490053772857,0.5905405713263534,-0.244762490109316,-0.63478979628295185,-0.75060748350455431,0.18338571438912277,-0.075423852208818032,0.29639541043090439,0.95208245608953346,5.1603816443567778,9.2759894774550506,-1.5502156865155066,,0.08122993826223525,0.2105263157894737,0,5
-0.43654479792898265,0.8830677857206829,-0.172104402103821,-0.89775312854734513,-0.41504275822445919,0.14757651923286277,0.058889384311588577,0.21893102719304824,0.97396162437110378,-13.475069815928064,21.620888066633373,-8.7612960464477947,0.4908008982317388,0.4277170824932623,0.6375,1,5
0.18978463326997108,0.97995270710003024,-0.060617528998679428,-0.93774989723341706,0.19920985900930543,0.28450054887857301,0.29087269245032132,0.0028502492550298523,0.95675752041250561,-8.3848934630280336,20.806947396414856,-7.2387997460506304,0.5839316145272716,0.4215610456404213,0.7868852459016393,1,5
0.96236997193270946,-0.0168860058747007,-0.27121744030912665,0.092886756861264283,0.95839095154286558,0.26992375664353208,0.25537440655248034,-0.28495902653953592,0.92389515945891176,0.016923966466547934,17.389891959737049,-4.4164570028607431,0.7532770906806192,0.674172401767966,0.7283950617283951,1,5
0.51548543809087188,0.83718030482313488,-0.18276733934843425,-0.78492432963971026,0.54688642984692248,0.2912198990263879,0.34375654154635993,-0.0066610859122938947,0.93903518042646084,-23.127362656139816,-19.377858101135811,-3.0022905176169488,,0.1167025653619217,0.3333333333333333,0,2
-0.87292882546744832,-0.37069642997872027,-0.31714259012162399,0.35033317831877919,-0.92873934598583341,0.12128434106210295,-0.33950247397785344,-0.00523297418662354,0.94059060496268976,-5.627517225101756,11.535973385346088,-4.5363476580848765,0.7417910344688428,0.5304050574861852,0.4128440366972477,1,3
-0.028956676418254078,-0.8288809064622179,-0.55867517735548244,0.96947675653777421,-0.15942184263312323,0.1862780035979994,-0.24346730668368002,-0.53622860702673347,0.80819709946421081,-13.591153294148103,-21.591977850302978,-0.44386254089077176,,0.5501177977578662,0.2285714285714286,0,2
-0.96093001812103018,0.087603507020238947,-0.26256261316431095,-0.083320730505109492,-0.99614536934656972,-0.027423694088893363,-0.26395294304480027,-0.0044753421256050422,0.9645251760171154,5.837517930403501,11.53369131686642,-1.850824069850284,,0.1223166469960298,0.4545454545454545,0,1
-0.23694743120189909,0.97148935823616012,0.008021326618108086,-0.95903569047872572,-0.2352135145189278,0.15787699951432937,0.15526254936337583,0.029715810969031194,0.98742620551798099,-2.015682152730776,14.605023057000093,-4.3502580853803945,,0.3543479399452417,0.3243243243243243,0,2
0.68897047891807484,-0.63976845457819642,-0.34061122075766431,0.72193008099668965,0.64745426905312409,0.24417192229451637,0.064316695589195672,-0.41412473243156162,0.90794497005984653,20.162144616969606,-0.24265926487989317,4.0997026438571824,,0.1058723976021283,0.2173913043478261,0,4
-0.80509666741456198,-0.48661128828190914,-0.33915897486958335,0.47726795599919891,-0.87097463934393127,0.11669822533378639,-0.35218553958717919,-0.067916358385364806,0.93346275446284299,-2.5158693156721177,9.8451099932068669,-3.5012121813436066,,0.09715941083774045,0.1904761904761905,0,4
-0.72979932684756854,-0.58778672424403633,-0.34914138874573847,0.59354902679004218,-0.79817160190684566,0.10306137349199239,-0.33925284866811584,-0.13201841050371485,0.93138533591561512,0.90391896309486341,7.615113975644177,-2.2982942180493415,,0.2206600694073035,0.2278481012658228,0,2
0.29864257446515552,-0.86377288126871277,-0.40584359339722531,0.94751064482907932,0.21747786484544732,0.23436500642768665,-0.11417613871737069,-0.45453249376366234,0.88338214916341851,19.05958136512713,20.536865990076457,-0.27918636394408164,,0.3706206595906038,0.2083333333333333,0,3
-0.80376740395677826,0.57338264953409046,-0.15871451587629826,-0.58679840299603991,-0.80802561503643777,0.052557013673569887,-0.098110114554405423,0.13537703888862745,0.98592467398065908,-27.400119383125695,18.815625015617158,-12.08168796755111,,0.1955374481937536,0.5357142857142857,0,3
-0.37845400851253463,0.92385415224169509,-0.057149530414290051,-0.91898748253989093,-0.36764725445531815,0.14246930626089474,0.11060999220589679,0.10643778312820081,0.98814797876986327,-0.48069471989739915,11.802793565948155,-3.3539431247108009,,0.0889879675231022,0.2692307692307692,0,1
-0.96097546416071056,0.0057213468276505787,-0.27657444471893106,0.01149575964197601,-0.99809654824615734,-0.060589833217797512,-0.27639465405713121,-0.061404776439494928,0.95908052250009479,17.94052018785186,1.1585836777322711,3.2102815742335484,,0.3045414798640198,0.24,0,4
-0.46118166948497458,0.88721173937824749,-0.012915000599159048,-0.88381251856737164,-0.45802710862249296,0.095323658084016369,0.078656848110326957,0.055375962983443293,0.99536254850632466,11.225576181785101,6.4429398670967615,0.5866279793314938,,0.1541023465946327,1,0,2
-0.75224267233207864,-0.57000662628518373,-0.33048964872394254,0.5647549260638014,-0.81616163274397058,0.1221968196123193,-0.33938596819751166,-0.094723994994289851,0.93586565775380326,20.019557836327746,1.1086921520591571,3.7855721721760216,,0.1717759892539154,0.2903225806451613,0,4
-0.5885073567869501,-0.71325615841094825,-0.38068982583790373,0.72822538093560396,-0.67218303672695434,0.1336329289423987,-0.35120775271743615,-0.19858403164752692,0.91499589988468366,-1.4466248345235442,-27.420356234347125,3.91619577966717,,0.3708953863688343,0.72,0,3
-0.35368918795844545,-0.88231801211367789,-0.31051390278224733,0.87979235609145778,-0.4265297947136733,0.20985171999426985,-0.31759938363343382,-0.19896547369149092,0.92711561943178566,7.0043487496948122,6.7981498596747834,-0.60265564299688501,,0.08529765730792241,0.3035714285714285,0,1
0.82290085296038862,-0.41360220379647705,-0.38957336050064062,0.54646388295539583,0.76388636126742482,0.34329994421048882,0.15560016331089133,-0.49538958818722739,0.8546214045373034,25.377932985569966,-5.3797304536834405,6.4987181221764594,,0.2811098121175237,0.2727272727272727,0,4
-0.91455645181860368,0.36279583433703327,-0.17878948242181794,-0.36064240315909563,-0.93158982344356522,-0.045579138868777659,-0.18309438407716958,0.022794373079398609,0.9828310450302834,-18.411467769673891,16.545020168672089,-8.946003273633405,,0.2009113457146855,0.3571428571428572,0,1
-0.41998913248521264,0.90684340166827448,-0.03527284288275126,-0.90199099067157118,-0.4128234724970421,0.12644774929907465,0.10010684962397005,0.084922467028441515,0.9913459503383103,-16.259295761162864,-17.315290033769482,-1.8765184298257989,,0.6974704761713517,0.4408602150537634,0,2
0.57341132967033503,-0.71883218642021474,-0.39303910081826721,0.81878108028590801,0.48628561468120274,0.30516199553674106,-0.028231003728873032,-0.49679632518815842,0.86740787505532946,21.548486265878239,5.6701990617253575,3.3121824408925562,0.8219101584593504,0.6420957587878385,0.2,1,4
0.36913631840599498,-0.82602185320406341,-0.42594163504286808,0.92239198166047454,0.26954262564873438,0.27665828223071254,-0.11371636030989635,-0.49500976857806572,0.86141390655721317,17.155961078736279,5.4417525906149402,2.1749732237447295,,0.502415338725627,0.1111111111111111,0,3
0.95344659029474654,-0.03336235776109605,-0.29971078148765717,0.18689832575023982,0.84534199464377069,0.50046571103667847,0.23666139374025258,-0.53318276901669626,0.81222381123469256,-31.901436693364314,20.728662941346421,-13.749993087644084,,0.4008043593694332,0.1,0,1
0.92444050753941931,0.30150909576876173,-0.23345666233578827,-0.20431933135878616,0.90856991090158323,0.36435467313785019,0.32196794693472375,-0.28912450981021098,0.90152296641496954,-15.021983296444597,-23.508401449895157,-0.40913810517470683,,0.443257862331878,0.2272727272727273,0,2
0.96272303099535605,0.011481793586546194,-0.27024532189688216,0.074158926520311183,0.94961153262093445,0.30452978627824556,0.26012462245713813,-0.3132189418431694,0.91336141546606586,26.374751837402489,2.9837766491947426,5.2062277431076245,,0.1396434834822641,0.3529411764705883,0,2
-0.16811226689929287,-0.93176966549631846,-0.32178184563281403,0.94463670022456703,-0.24558184174629977,0.21760299536848465,-0.28177964849651971,-0.26738520801528021,0.92146914230906474,19.004010908559703,9.6860738883525528,1.8906332816138949,0.1745064979091052,0.1520468694288317,0.3529411764705883,1,4
0.40150943977030457,-0.80437612289120808,-0.43791462946314602,0.91019481005210234,0.29738133104153941,0.28828761975183725,-0.10166404246120478,-0.51433782368251979,0.85154038401004561,-22.637141289533655,-13.419756881486169,-4.1426025013550118,,0.3151031267206004,0.2777777777777778,0,1
-0.23677464398168493,-0.91718859858280377,-0.3204728422145291,0.92628745901363163,-0.31262815781417602,0.21036914749027344,-0.29313701786266438,-0.24703989469603257,0.92360271718264064,17.862111504634111,9.5807835525950384,1.6372298224349995,,0.07268132196393728,0.25,0,4
-0.93108445295420039,-0.10650564968015956,-0.3489101432363132,0.14272630435149231,-0.98654590390050456,-0.079726918561435642,-0.33572450538074022,-0.12403114964936729,0.93375871101881236,-27.58690124867006,20.005507782278997,-12.403463008907133,,0.5244982694277365,0.3461538461538461,0,2
0.65959539926572541,-0.64536128021578099,-0.38528265892165098,0.75150722491384248,0.57517324496697286,0.32312943099702129,0.013069053897834915,-0.50267738786662308,0.86437529092275944,-7.0731540562710089,14.925346704666488,-5.6639031375507116,,0.1860166330194394,0.2727272727272727,0,1
0.95559405020965726,0.14266992070649151,-0.25784744507073815,-0.039509884642489265,0.92911813415591105,0.36766623695707573,0.29202564993411306,-0.34115214568904995,0.89349663305035287,-17.849108987280594,-20.563180546829972,-1.6214805282401183,,0.1712697590451223,0.5714285714285714,0,3
-0.73734294071028761,-0.56759468821515913,-0.36628084538321604,0.58498893881175529,-0.80766261734697198,0.073952944553526231,-0.33780664477272115,-0.15974156143651827,0.92756094371055842,13.562687243108982,10.366350251190894,0.40218099222986003,,0.3594947580023335,0.2105263157894737,1,3
-0.53439911794142947,0.8330755071020105,-0.14283830792245339,-0.84205167638900302,-0.51008426219459924,0.17539389884446008,0.073256788312697649,0.21400758147345836,0.97408120710646562,18.87882302414285,8.4132677210866866,2.0874924654897651,,0.547278944276881,0.7692307692307693,0,4
0.95831709143198518,0.16122868007106322,-0.23586789733213626,-0.009114456267148437,0.84239126682222731,0.53878927259977782,0.28556134009402373,-0.51418116097751609,0.80874746042230006,5.5328048104541185,-28.472208739080017,6.0397374310681533,,0.7995075239109952,0.3846153846153846,0,1
0.8289857347681725,-0.47801268185999957,-0.29032142106962033,0.54784485941904759,0.79845697724190423,0.24966470615977127,0.11246626853860224,-0.36601957799376211,0.92378623445376773,-24.296922841166605,-21.323284272725171,-3.0092461705803992,,0.08388125823413976,0.5454545454545454,0,1
-0.91906885343263167,-0.17140018740434582,-0.35487239735964526,0.22212817776539573,-0.96910517489141768,-0.10721115912673747,-0.32553266394119595,-0.17736159605852958,0.92874719323986044,11.059169917829395,11.62190248108532,-0.49318895401831953,,0.6678786354985803,0.3333333333333333,0,1
0.48887654619563881,0.82901600279488485,-0.27153671886103109,-0.80372539359315631,0.54905632566043694,0.22926544210976524,0.33915367353656845,0.10615845874093825,0.93472197329708651,16.967359067458116,19.848110716671286,-0.70849277413892675,,0.1064702005628114,0.2857142857142857,0,1
-0.95757632970973183,0.038002322346044136,-0.28566308175182187,-0.013487849722058787,-0.99609083497101769,-0.087299062976745001,-0.28786394475431604,-0.079742535594561445,0.95434557542194121,14.35147978958134,-33.000090536527928,9.443275244801745,,0.5738702905288389,0.25,0,3
-0.94423468362625163,0.20682629257295146,-0.25621035681205634,-0.24513861905897394,-0.96105156166505723,0.12762034816993287,-0.21983612006013178,0.18331061213602298,0.95815932902374068,-17.266405314921126,16.079108066987736,-8.4933032911097932,,0.09905029772937893,0.2666666666666667,0,1
0.960890968108148,0.10018644211519849,-0.25816898385453624,0.0381346968140742,0.87551110882884065,0.48169081703536021,0.27428870247803588,-0.47269755143600245,0.8374501373570391,-18.689168585457015,-19.048374567101828,-2.1252682639841858,0.4611436036423106,0.5017522291290517,0.4375,1,2
-0.95703526367366287,-0.058504254026714414,-0.28400837372489612,0.024582901042173633,-0.99227885668191962,0.12156624349865078,-0.28892764675854982,0.10936143215412011,0.95108406152966651,-27.937381183381707,17.253964247396176,-11.790250813945667,,0.6220880290646325,0.6304347826086957,0,1
-0.50971228213523401,-0.72196107222490247,-0.46793760228513387,0.78676564107388858,-0.61122682188630817,0.086032541705775498,-0.34812815954197712,-0.32430538447369628,0.87956398410535375,18.509227341139226,13.227638550882345,1.1283489894554666,,0.3523358063260402,0.2857142857142857,0,2
0.95199293676315988,0.13836461723079263,-0.27306534209165256,-0.067802826742105873,0.96517162291868053,0.2526786793504775,0.29851670814015596,-0.22203371593318361,0.92821807995215666,3.825260944803575,14.196624135721617,-2.7628969368732661,,0.08369563497970547,0.3,0,2
