axis_00,axis_01,axis_02,axis_10,axis_11,axis_12,axis_20,axis_21,axis_22,location_x,location_y,location_z,dbh,dbh_approximation,score,reconstructed,number_clusters
0.96979121740526619,-0.1701610038858011,-0.17478623344012784,0.19330942541558363,0.97311685763346789,0.12520002969272936,0.14878326750380017,-0.15520571557175275,0.97661390793125169,-14.026245197964766,-1.2483304017621599,-3.4493468687136239,0.4869887646889541,0.3885619588317381,0.9710669077757685,1,2
-0.55694205719904355,0.82008675707379419,-0.13142775884524047,-0.83038562950934902,-0.55297605611526102,0.068389967594463266,-0.016590697009383447,0.14722497150754441,0.98896388029965132,-0.087994413544044553,-4.8810147430003878,-0.64515744963874677,,0.07531412650742393,0.2033898305084746,0,5
0.76450547051470485,-0.61565198586761405,-0.19106024665103027,0.64068399973637424,0.75839020575186045,0.11986787852236326,0.071101322314645249,-0.21404889188433907,0.97423183783337475,-20.798980063021425,17.451665646139265,-6.9959846801198529,,0.1463785386214337,0.3333333333333333,0,1
0.63856291630900519,-0.70489048370595142,-0.30881516785243579,0.76671793008050582,0.61724058709685681,0.17651536288207878,0.066189255986171841,-0.34949029116860614,0.934599121961325,-19.675402776802759,10.417468781278725,-5.9145335350935184,,0.3828113431768949,0.4482758620689655,0,2
-0.97563317244142023,-0.086417213267017359,-0.20167294831744961,0.1019849277417525,-0.99245189978106418,-0.06810507421966254,-0.19426524996869468,-0.087013170681908961,0.97708224872959448,-1.6157768808749562,6.164232942448284,-2.3856859667504939,,0.186830261048969,0.2962962962962963,0,5
0.92618892182501789,-0.32700441477223591,-0.18772904359229614,0.36047324404817227,0.91394464952960752,0.18645165035898706,0.11060344214353145,-0.24036075036426119,0.96436175176659278,2.8534723704844871,-20.306388475968294,1.8595056149678795,0.2959580032622563,0.4105171639986541,0.8279569892473119,1,5
-0.86767437311977103,-0.46579997189439837,-0.17369965001228904,0.45812392669374868,-0.88486760821537092,0.08444988882118841,-0.19303794969361576,-0.0063009613860007339,0.98117105943036176,-2.2852500798596478,-6.1829608295298231,-0.81821505778256221,0.1226737861775847,0.09523512556224188,0.5333333333333333,1,5
0.95193190989702658,0.28034528919636892,-0.12341862803159936,-0.25987676920411457,0.95245219855612029,0.15905619853888997,0.16214099958933717,-0.11933703654362979,0.97952486847509568,-17.476537190291602,2.5289339106975719,-4.5150854670316498,0.4167179326298759,0.1596816934844474,0.5526315789473685,1,5
-0.63463273145877497,0.77202020695685758,-0.035015656661921454,-0.77167512053271792,-0.6355055689432535,-0.025498631197131447,-0.041938103342782022,0.010838445110025028,0.99906142133284626,-10.718218694418816,22.126307980613685,-5.5865643995544696,,0.1738244205384292,0.1818181818181818,0,2
0.52821383883880146,0.83928244918743689,-0.12882201265744631,-0.83149823053470884,0.54201016786039657,0.12180176744856404,0.17204892640416597,0.04277789641722949,0.98415914287339301,-2.7456961495526495,-2.340666767001486,-1.3779053956936438,0.2716822613486832,0.2423522484286287,0.7834782608695652,1,5
-0.14242293802343128,-0.96023099216580621,-0.24015026214652571,0.98270050549967614,-0.16619481293949975,0.081725153060031488,-0.1183867527025501,-0.22435624759804626,0.96728943494089137,-13.026870654295482,-2.7531921637455796,-3.1033535494372728,,0.2631433801291294,0.3227848101265823,0,2
-0.15129986652583641,0.98609562207184742,-0.068729720790939794,-0.98553321929584525,-0.14511056851965859,0.087562529476192821,0.076371618115840145,0.080983622014812157,0.99378520260251912,-6.1117388539436561,-9.929091532516555,-0.95578027654710962,0.3229638316638807,0.2580480333086436,0.75,1,5
0.067310620376643204,0.99480294085553878,0.076396264631740166,-0.98682946932162896,0.055091002753916631,0.15209398375333702,0.14709479549903806,-0.085627625686686998,0.98540906777660442,0.071237403039133174,5.1936642787886189,-1.9755960313540926,,0.4254508699951216,0.4230769230769231,0,2
-0.97524193320774077,-0.13071648920230355,-0.17837144155904811,0.1278052206936808,-0.99141054279171081,0.02776618815908264,-0.18046882632928166,0.0042819495641695038,0.98357138410552669,-4.924549052956011,13.190014830809977,-3.9270228516134256,0.4632764386190898,0.447747317282823,0.7777777777777778,1,5
0.85594487790145724,0.51081662924410354,-0.080154458902501849,-0.48126631042804369,0.84372877416417735,0.23770673969072431,0.18905317887102202,-0.16488822558056695,0.96802415704550193,16.88412366560706,7.7189644706084124,0.65621497703067189,0.5343608664105224,0.3585227603502325,0.1538461538461539,1,5
0.36266747909561781,0.92489843058894916,-0.11417176840414078,-0.91740827757908183,0.37586632501311767,0.13071556124087175,0.16381194045554909,0.057335842326004895,0.98482396871164501,12.473519642663124,4.1750682398529158,0.35648125917089452,,0.1674789366040646,0.3846153846153846,1,5
0.57137709843425799,0.80785909745717799,-0.14454027134512085,-0.80078998445246485,0.58735599323909971,0.11725330701831194,0.17962074542064546,0.048750547297270158,0.98252723725744462,9.120520790016867,1.7761890689560813,0.067781226991589283,,0.1028249366156917,0.3055555555555556,0,5
-0.38685291201954008,0.91818305082053087,-0.085350510531015611,-0.92192107047276817,-0.38307691871405486,0.057564000615756554,0.020158479117917277,0.10095523529985125,0.99468672263442026,0.7085429125470798,13.762099616719521,-2.9485754807186608,,0.1075557552536208,0.4,1,5
-0.58943153242858715,0.80768129291884716,-0.014879437080292312,-0.80723081391879192,-0.58960528448723803,-0.027276758691737124,-0.030803922459513338,-0.0040666415703775735,0.99951717383316896,9.9804537989746649,-4.2406464262471841,1.1095600353558936,,0.0789938778763012,0.3076923076923077,0,5
-0.94793474351432105,0.27450194567812108,-0.16145712699464734,-0.27837090068927989,-0.96047263630994895,0.0013987670490089041,-0.15469118813907567,0.046270905748041935,0.98687873601237264,2.2268056902352282,9.1193321070607016,-2.1221642636342923,,0.0860869744754733,0.5357142857142857,0,4
-0.98212486545643307,-0.064222378856513787,-0.17693567957366249,0.055744999534707795,-0.99706493986263511,0.052478573947804329,-0.17978666157159376,0.041677233002325738,0.98282234639339106,-2.966312889889815,13.196911735211936,-3.562870136673697,,0.1203777250694813,0.2592592592592592,0,4
0.97643123910854235,-0.12147339826941037,-0.17839912781691841,0.15016478012790863,0.97607008138280449,0.15728234178858735,0.15502443066205035,-0.18036465768616186,0.97130634516390357,6.7405349835969526,3.0262409258851655,-0.49956354787578416,,0.134461436906439,0.4655172413793103,1,5
-0.19577813086260937,-0.95153451906274766,-0.23717711210816669,0.97147874248165134,-0.22118641972268102,0.085472923411645002,-0.13379079333875693,-0.2136787934313765,0.96769902183245904,-15.580025427284953,-4.340169539000156,-3.2728655378430549,,0.08327929236154581,0.2142857142857143,0,2
0.94629486187244627,0.31173591244903054,-0.085713215336830365,-0.27762737808383531,0.91938050012930872,0.2786799865800858,0.16567761868189293,-0.23991710416631798,0.95655146740588126,-3.1147499263230252,-16.804859704383002,0.39362591368132949,,0.3112031871613182,0.3333333333333333,0,4
0.72959790063312258,0.67437072247560559,-0.11362672247086122,-0.65675703290430221,0.73725190858796186,0.15852388783443841,0.19067538677678916,-0.041033546655603423,0.98079515951414864,0.88786230708604308,4.198154696697773,-1.7306263851038552,,0.1979752335346875,0.1059602649006623,0,1
-0.92472456975046269,0.36975436547025525,-0.09036691493854504,-0.35629841558099584,-0.92437982954019726,-0.13628415092631924,-0.13392501317637942,-0.093827714215601404,0.98653963472877326,4.6718375792434959,-0.051932330386989467,-0.41448775707816016,,0.6017315759084823,0.4558823529411765,0,4
-0.44073457152261153,-0.84078570604929903,-0.31437626177553735,0.88182052268560907,-0.47100307338115271,0.023423719516497493,-0.16776651404633502,-0.26689979649428286,0.94900942850745729,-7.65127234470188,5.7847309549378254,-3.3137330564808165,,0.08331284822203884,0.2098765432098765,0,5
0.42260622089993927,0.90014108308023333,0.10559362010944742,-0.8920787213167698,0.3925675843850146,0.22379956806024778,0.15999855321380496,-0.18877691130342439,0.96889820968367457,14.166764529035692,-2.7700740553608574,1.6046664822841807,,0.4497517565547912,0.1538461538461539,0,1
0.62862720283462392,0.77670130038317964,-0.039533907464303138,-0.7567984993777972,0.62264392755077291,0.19892353009049477,0.17911971191310216,-0.09512954045525146,0.97921728913297956,-25.061083082185323,7.3136102538571661,-6.4229255667346381,,0.4205950407090864,0.3061224489795918,0,5
-0.69284203400336586,-0.67118013839193258,-0.26360413074583317,0.69636348404878901,-0.71768325262511223,-0.0029405756023056502,-0.18721061401937736,-0.18560164527726289,0.96462646411388786,-15.781064961379313,14.817140327290076,-5.858716724055939,,0.1850657660260385,0.6557377049180327,0,3
-0.060069617626823037,-0.95319375354213831,-0.29633310521508976,0.99176367761101736,-0.090635045538984008,0.090499150778431681,-0.11312138970874737,-0.28845616084319725,0.95078735501791667,-10.995596913134156,16.934875363045595,-5.2242077935341564,,0.6418592958077645,0.4423076923076923,0,2
0.82351381115211808,-0.53270799642539057,-0.19505689781742863,0.56013368802949781,0.81800565535078917,0.13083195079413235,0.089862419153870166,-0.21699985796901164,0.97202664946247308,8.0722646539649006,4.2334269018609074,-0.45259920142933385,,0.0750631356869616,0.4090909090909091,0,5
-0.97323901285880332,0.15392876498740768,-0.17062168431671473,-0.14746086861860469,-0.98780168171508353,-0.050031288481298404,-0.17624164115176597,-0.023532380039080751,0.98406560300308599,-10.987310479119083,-11.134934681693609,-1.6828022401292311,,0.156314391606608,0.25,0,4
0.61655692139875817,0.77153165147427138,-0.15683262877561518,-0.76680446205728703,0.63363107480886471,0.10257961788580779,0.17851744913122969,0.057013786139381156,0.98228353775563826,3.6081455940297364,-9.9571172236775283,0.69233213975679764,0.1126004092439297,0.1047143448160043,0.5277777777777778,1,5
0.12866287488848896,0.98398441099568545,-0.12337156699541164,-0.98451491688105808,0.14167626045377846,0.10323863454403184,0.11906402926204068,0.10817816850597645,0.98697580557710751,-1.6273478721642856,8.4028849167472064,-2.6883816359413286,,0.1079922409573494,0.4835164835164835,0,5
-0.040375983489006707,0.99327264795458248,-0.10853214630968858,-0.99520652364553264,-0.030294372057969397,0.092985086519222146,0.089071629886678036,0.11176626435067753,0.9897345840690952,-13.700470402271192,17.360432945930985,-5.7461527799312586,,0.1252939053015236,0.4074074074074074,0,2
0.25096337486842984,-0.91821212062889124,-0.30643740960405236,0.96644406730720278,0.21975228204228953,0.13302180010778825,-0.054801909103226402,-0.32953821639894787,0.94255043084772971,-9.4794599199888232,6.7810822619658628,-3.7703916575240961,,0.1402959026356862,0.2653061224489796,0,5
0.96865356183383355,-0.10611182071237754,-0.22461201804830105,0.14129899999792347,0.97901429846454602,0.14685229314368412,0.2043156130749994,-0.17398645035483648,0.96331918144855266,12.767625338015005,-4.2603447633444604,1.5235955048020888,0.3671408093517742,0.1839539475712456,0.5,1,5
0.86050282051023785,-0.45587134279215702,-0.22741199333984369,0.49922792453754206,0.84352185827885007,0.19809682977709187,0.1015203194235702,-0.28399329820731944,0.9534366425292583,-14.277393488889501,-9.6754623324341686,-2.4128957084476093,,0.8322654956315643,0.7638888888888888,0,1
0.88301865178040162,0.46240748038014851,-0.080357841536491878,-0.41014323193562419,0.84349062835854416,0.3468516818017589,0.2281678984987203,-0.27331827959320665,0.93447125591688851,-3.9471972502887454,11.621491876872366,-3.5222623499966472,,0.4680270639942929,0.2105263157894737,0,2
0.91497844645407467,0.38053809268206057,-0.13418346597993122,-0.35400219638259744,0.91663485505936471,0.1856420950285643,0.19364113065354915,-0.12235727403059021,0.97341245626456729,-5.8666576545488258,22.572415371642148,-4.8005378182341172,,0.1310530343689671,0.3333333333333333,0,1
-0.92172886713715629,-0.33295474422320537,-0.19888950144568651,0.33536569182032439,-0.94182023338996712,0.022461093631931866,-0.19479668435558412,-0.045997676860109936,0.97976449491066109,2.9785229371875031,6.2588747712649324,-1.644842769217054,,0.1586249280490939,0.3939393939393939,0,5
0.71013517793698522,0.70397199853713543,-0.011465353550443841,-0.67812439704756755,0.6882595209437895,0.25777147623252911,0.189355040031361,-0.17527765717813446,0.96613788441860859,-0.17341308299012992,24.131703899908757,-3.9800580941251833,,0.5572207457154204,0.4,0,1
0.95445082538624437,-0.1824738245393952,-0.23606551056324032,0.24611186214968483,0.9287723451634452,0.27714776233772753,0.16867890570172625,-0.32262243291122977,0.93137650418813289,11.501519106305073,-7.9039201941200572,1.8028701815128529,0.7058959811321901,0.6330860834670254,0.8846153846153846,1,3
0.76599177905298244,-0.60782449652310433,-0.20929877173477013,0.63930684626649259,0.75440202847750881,0.14887691475112144,0.067404382202048155,-0.24784463047533689,0.96645211387036944,-1.0569922715662488,17.744534556350132,-3.6051889650689528,0.2301852871403842,0.3202902208213868,0.7105263157894737,1,5
0.57088883392274403,-0.7669492409531149,-0.29304402587968004,0.82049711310616913,0.54576779257968766,0.1700647052363819,0.029502994539059579,-0.33752981851110037,0.94085237679940592,6.4498800014453641,-5.6163539930592199,0.61927375707414578,,0.2751196852349944,0.25,0,2
0.64238642307207316,0.76350599603615521,-0.066319510473964852,-0.74986612640539962,0.64405366280066578,0.15131315839281104,0.15824182734798392,-0.04747076415948151,0.98625861244791457,24.81326156184889,-10.683303105655709,4.3841464039876401,,0.1641931151289061,0.5714285714285714,0,4
-0.02064730998972971,-0.96052070689533919,-0.2774412734534375,0.99575101648727438,-0.044665039857526054,0.080529170982225548,-0.089741861774463541,-0.27459971930029842,0.95736168317175152,8.6325269179663078,-6.6584453570556272,1.1889674016686518,,0.5942854289528011,0.3661971830985916,0,6
0.13287285447249567,0.99109835178404471,-0.0082982911062133707,-0.98405708328027797,0.13291828283235574,0.118171007166786,0.11822208503594286,-0.0075357268959495086,0.99295858495201417,1.9064570017262934,20.102383964425812,-3.2971379297585397,,0.1145450707041579,0.6,0,2
0.081804918191021855,-0.93638831465044969,-0.34129881269329226,0.99323133885598969,0.048262547712033185,0.10565147420969746,-0.082458855643883736,-0.34763148688580342,0.93399833321664283,6.5508659184703726,12.548130202479031,-1.75951400642817,,0.448529538496031,0.4444444444444444,0,4
0.12612239212411461,0.98685057392551323,-0.10108949969100377,-0.98516059544669143,0.13655720647535341,0.10397466296540502,0.11641195550291625,0.086475858495501906,0.98942922056782512,-18.743460597519512,9.7859952874771121,-5.651116415911198,0.2212177701733744,0.1778705248480295,0.3235294117647059,1,2
-0.27369431979410991,0.95976443492617536,-0.062798477396182759,-0.96073873709940472,-0.26971384354714822,0.06508088533252708,0.045524700428234886,0.078145198508058636,0.99590201807258916,14.369237480462759,-0.47226634844784871,1.3447291344136838,0.2622222024588209,0.2413442239440605,0.42,1,5
0.31143384517967715,0.94437824976064699,-0.1056346602949027,-0.94013257415588258,0.32239487389858429,0.11050922266920409,0.13841857927184742,0.064894272959441696,0.98824543016875632,-21.26438651962923,9.7463113812478994,-6.1258490487080204,0.4334189819331605,0.4624837949656282,0.967032967032967,1,3
0.8591690635201702,0.49350414587270769,-0.13521160562733553,-0.47287948965552318,0.86672793913454438,0.15864320907847521,0.19548275768723172,-0.072362542313229833,0.9780338204361646,-6.2088974645363635,3.0640756656650003,-2.6723901660456697,0.5949763115824975,0.5346973483257134,0.9604409857328146,1,5
-0.83089142964640017,-0.52563326113451947,-0.18256261098387883,0.52092304249288668,-0.85013721660386665,0.076849832433025261,-0.1955980979971817,-0.03124720362080486,0.98018620492524999,-5.9379938797881309,9.0295672288484958,-3.4529437299580343,0.133240516865982,0.09560615257837855,0.4368932038834951,1,5
0.49258385910081059,0.85725557188282431,-0.14991339576303586,-0.85197685678031232,0.51015296191337201,0.1178108270141285,0.1774727507649895,0.069691031896976854,0.98165502230113533,-14.076570993941573,-3.3647798411591263,-3.2044230968393208,0.1978668076113732,0.1620026278405041,0.6271186440677966,1,2
0.81569127914791895,-0.53137198034397437,-0.22867346944355865,0.56975131830049364,0.80638047960909154,0.15853692756030141,0.10015574080840531,-0.25960419990965855,0.96050741120117566,3.2572419626603777,-6.1091835291311964,0.14276812785315765,0.4903229788256407,0.5185689130874208,0.1714285714285714,1,5
0.58313923618334018,0.80505201107138735,-0.10881126179502867,-0.79233998697308783,0.59319613663624704,0.1425331137782338,0.17929299001076018,0.0030988626537259362,0.98379084198992994,2.4350186137027463,-7.4001470219194943,0.15864539059781568,,0.07503066309895075,0.2941176470588235,0,5
-0.95727413436573372,-0.22290065801333767,-0.18423226734629561,0.2232705992041992,-0.9745712068582284,0.019005322777969177,-0.18378376208287225,-0.022940344812533819,0.98269897190062672,15.422628327990772,2.6129384800786672,1.1043964197755578,0.2258185017952414,0.1677519109900543,0.375,1,5
0.21705661147735064,0.97561091119186294,0.032707451404133336,-0.96581105041675031,0.20976927504073994,0.15233471745395491,0.14175839413193264,-0.064654475577995821,0.98778760696865919,-9.3816733566843595,11.675092445222935,-4.5081100616462644,0.2984550597925794,0.4140713269744989,0.4545454545454545,1,5
-0.64408780468049021,-0.70437528955815387,-0.29833932245303318,0.73976182272748781,-0.67281419203528081,-0.0085737174445114934,-0.19468781548102296,-0.22622226781592564,0.95442136399362276,-0.39815802528174787,7.7267541492099534,-2.3650849450270708,,0.08902296661046732,0.4,0,5
0.11630722222417542,0.99198375225402269,0.049405114335748693,-0.98208453500999016,0.10743614507350922,0.15481421390155969,0.1482652897771771,-0.066526009919248646,0.98670750166982912,-34.946718240686138,8.8573608345735657,-8.2301953659878677,,0.4220372044625291,0.5,0,3
-0.98367006828967141,-0.060326052860321264,-0.16956993866038583,0.050602180435255835,-0.99684837105056201,0.061096190298896021,-0.17272120913828479,0.051517885051065679,0.98362253503753871,1.8495105819978004,-26.593667787805924,2.3439383966579967,0.5251460462312225,0.5284507175548149,1,1,5
0.44509966095510883,0.88560040493332026,-0.13265826246256154,-0.88198289636292515,0.45917795580967879,0.10612151253025867,0.1548950042477564,0.069767669305941735,0.98546436261221737,1.7130103806598531,14.293439758876612,-2.8186129833256754,0.2421774982166889,0.2371762705781423,0.5333333333333333,1,5
0.66370934253069247,0.7424337244049023,-0.091005898181062111,-0.72427271160317008,0.66828494874807431,0.16977710830313644,0.18686612283789561,-0.046769564281156924,0.98127145071712085,-22.671821376763308,6.1159248649213085,-5.8811860582798978,,0.4098892925683243,0.3968253968253968,0,2
-0.95040983029823556,0.25282929977301111,-0.1811035605634751,-0.25557702701349316,-0.96675224658824122,-0.0083950568511092852,-0.17720479038508968,0.03830716503316426,0.98342819939825743,-10.638830318221219,-17.625324127442763,-0.8154815715420507,0.2802423910660924,0.232539997679857,0.4615384615384616,1,5
0.53643089937094679,0.84267328522171614,0.046299293447278594,-0.82547407988396393,0.51248594432168681,0.23653900378675871,0.17559736228030448,-0.16510569719530863,0.97051825078864462,0.087196689240405356,11.63821345058499,-2.8163285487024776,,0.1035906187778534,0.4736842105263158,0,5
-0.62894963565041462,-0.69103704457028092,-0.35621644943318292,0.75574006258009208,-0.65094981488218817,-0.071563232992117615,-0.18242618678975334,-0.31421671110304988,0.93165902820556246,-17.962496223846458,14.678781886357998,-6.1964409167027226,,0.1012568267531426,0.3636363636363636,0,2
-0.35524809954356645,-0.86684875501179304,-0.34981712894766548,0.91975034890463303,-0.39096055010389996,0.034772747263637362,-0.16690740984297003,-0.30939147402111655,0.93617243729056165,-12.808068043948072,-9.9458394292824668,-2.1329312053658565,,0.2390865005702002,0.1666666666666667,0,2
0.022436675216073326,0.99677302972404169,-0.077072192261565309,-0.99489617278575826,0.029847351053009032,0.096388490035739724,0.0983778480223058,0.074516191863739867,0.99235534773014988,8.6753162335903902,-4.9860679950174021,0.9180627955236782,0.4830725869354799,0.3273390473248469,0.8536585365853658,1,5
-0.381005737831414,-0.87957057540559724,-0.28493899455884514,0.92274726756326664,-0.3811014957352134,-0.05743805491925473,-0.058069854004156554,-0.28481090714551099,0.9568232016558158,-8.5271261602169712,15.120168432578037,-4.6440627351602535,,0.2703133616718572,0.7672413793103449,0,2
0.010442915911493563,0.99925900856370387,-0.037045638225691804,-0.99507217558471295,0.014038051833879961,0.098154462342855645,0.09860177931645675,0.0358380650285791,0.99448143381897058,-7.4056686276452126,-4.1716165916585215,-1.9227144946183616,,0.07906153607081451,0.4096385542168675,0,4
-0.28754867436806336,0.95723973196548617,-0.031746738664206069,-0.95716118209257361,-0.28838699178398658,-0.025988737270778745,-0.034032798361524515,0.022913718956703306,0.99915801058654197,1.0988571357009309,-2.8256128593770877,-0.68669376408221061,,0.2943473438456946,0.1522842639593909,0,4
0.64281356707925241,0.75176119048083923,-0.14712522035898046,-0.74352594350562962,0.65852392162743811,0.11625582126707885,0.1842820916771637,0.034660599118465675,0.98226205951153267,9.0172658572085407,0.60417882605306661,0.20456939449578365,,0.07271686204416832,0.3,0,5
-0.52165761436778157,0.8517467601732952,-0.048997856140953915,-0.85307015329514779,-0.51993523555117083,0.044030266741657699,0.012026925172623664,0.064767332557727375,0.9978279138730527,1.7783886264095243,-9.1692704517386314,0.32654120537554476,0.4615601637537314,0.3884219488375282,0.6341463414634146,1,5
-0.73146599304059934,-0.65111055125492401,-0.20251555759901199,0.6566431476589133,-0.75266193511460067,0.048164178204752307,-0.18378595609492146,-0.097749994752191677,0.97809389164242388,-13.192791384086519,13.408019631320069,-5.2166982887591704,,0.0865086173604845,0.1851851851851852,0,3
-0.30755028706923576,0.9452609244039345,-0.10906239369576548,-0.95097335089654955,-0.3014177139945286,0.069260721732457689,0.032596116459157679,0.12501658484110065,0.99161905321874944,-0.65540224376645539,12.598005374754548,-3.0327182718020942,0.2108229294202488,0.181011341685241,0.4485981308411215,1,5
0.3088060856401933,0.94626622404473026,-0.096015804447551478,-0.9381297860288571,0.3196613721798825,0.13315071048073931,0.15668856383614185,0.048957536378002327,0.98643390736265946,-5.8082923205244965,-17.333539556634879,-0.016793310519705645,0.7167877063286006,0.681252092376713,0.8531468531468531,1,6
-0.88909955074281544,-0.42021163591481447,-0.18145018575553856,0.41320752567664104,-0.90740079969544052,0.076702864589684089,-0.19687947986804558,-0.0067800998422378788,0.98040425368978124,7.2164277479041505,1.3283040550192979,-0.16691538356775959,0.4036593472790851,0.3708464346206031,0.8954545454545455,1,5
0.73654809640916286,0.67202796181124502,-0.076650637439380442,-0.64967155782190478,0.73443468953926394,0.19629710583354379,0.18821203105354067,-0.094784520599040342,0.97754392536678991,-6.3129824764431897,-6.1435979478909406,-1.511502809736067,,0.1175170888075894,0.3175675675675675,1,4
0.66070947319499274,-0.72045299405328189,-0.21073793059166304,0.74943388897099805,0.6490369819420837,0.13076636468647704,0.042565691492097574,-0.24433272280063689,0.96875677157717266,-4.8367173440720448,19.552004125814086,-4.4050996422603141,,0.2487102189167219,0.543859649122807,0,2
-0.13559223269080753,-0.95610202174368097,-0.25977619300384103,0.98180179574225612,-0.16485308207967944,0.094279876994577932,-0.1329660870718703,-0.2422651137627484,0.96105547932589153,1.3842817490188288,9.6113346809743749,-2.3348283073810334,,0.09432048984318757,0.2941176470588235,0,5
0.73658530408804224,0.67546869182593239,-0.034411279611333272,-0.64474103628557089,0.71662828728702277,0.26599416157027894,0.20433082472043668,-0.17374102630936422,0.9633602492557154,13.917604191153657,5.8757081369448976,0.37646202005880208,,0.3380526238243893,0.2857142857142857,0,3
-0.9540844138292337,-0.22600929910728332,-0.19657753687836152,0.2331804806811856,-0.97233524116284253,-0.013821802418268466,-0.1880154108508669,-0.059025210798716886,0.98039085561461059,-9.5235254347355802,5.7229331598725182,-3.6225624521420041,,0.07273432608587001,0.2074074074074074,0,4
0.75908898232169808,0.64077947189228346,-0.1148285039493965,-0.621284488463276,0.76576821491726199,0.16614639754552893,0.1943952193669784,-0.05477873149204765,0.97939256136821229,-10.058672473564389,-7.1863468722953527,-2.0217375744199733,,0.06889003471891489,0.1730769230769231,0,4
0.98403941357204883,0.070892256940067053,-0.16321985309000422,-0.033981505287530148,0.97520174055816755,0.21869344414205696,0.17467595666024738,-0.20965651222479328,0.96204597449735363,-17.848502833345165,16.050847342570325,-6.3103836514629172,,0.5800044932481802,0.3125,0,1
0.87918466413502028,0.45555929662179634,-0.13964259239661572,-0.4343241899698505,0.88673359938338769,0.15832252439756236,0.19595107643701892,-0.078544579609529208,0.97746300423961685,-16.600638019991035,-6.9332559072209019,-3.1542491104097041,,0.07567762456708391,0.2083333333333333,0,2
-0.033878680604940405,0.99918867647579379,-0.021776680257117109,-0.99514914029756685,-0.03171208411104115,0.093126431727779069,0.092360292147019935,0.024826045272788328,0.99541611595886414,-10.088922178326024,-9.7555211465382641,-1.6998958581404437,,0.100059175849003,0.1333333333333333,1,2
0.83424230474219541,0.528349023259293,-0.15775641539849078,-0.51560720115905623,0.84888077460841616,0.11640723608582093,0.19542003758917537,-0.015771497112402798,0.98059281497851014,0.77565485256044098,6.9386596841363097,-2.0854192126935702,,0.1163706390535691,0.5616438356164384,1,5
-0.97654630897205275,0.16413691289394139,-0.13934267206677323,-0.15683896017883586,-0.98568202520680614,-0.061907073539558433,-0.14750880313758613,-0.038600764368823988,0.98830720628105351,-18.902798917275931,3.1414278572659224,-4.8244745255442956,,0.3474644793024527,0.3333333333333333,0,4
-0.26887000857898741,-0.90575515251494809,-0.32759200567071034,0.95291929657504826,-0.29965273724299912,0.046400983585411025,-0.1401917711624,-0.29969291075265964,0.94367919683701185,-3.1562962365754541,14.47083146498489,-3.6934319984192685,,0.1190551805547571,0.1935483870967742,0,3
-0.090661465237633604,0.98233607351452257,-0.16369586858878457,-0.99263554467949622,-0.075875813545770054,0.094432708092102829,0.080344098475283829,0.1710517453603991,0.98198071582356217,-18.044797467706765,16.388273777548154,-6.3785381330498154,,0.09461154479766136,0.55,0,1
0.4231202013126994,-0.88473218232472994,-0.19549491246583076,0.90593403297967734,0.40930422006372469,0.10841394433929648,-0.015900412896484539,-0.2229776244311259,0.97469387803185359,-3.2092878286580682,-5.9624767455741443,-0.9942195556235558,,0.0705074746782883,0.3287671232876712,0,5
0.59875846635059771,-0.7201426614618508,-0.35054649636834578,0.80048254799158403,0.55268537039103804,0.23187619911630222,0.026757977023347937,-0.41944418996853883,0.90738667731417266,5.3990183649130188,4.5144911785880177,-0.90778177534522786,,0.3784678656086727,0.32,0,1
0.8582488930702411,0.51045221939311991,-0.053360746437283925,-0.47989714004562439,0.83501302407850198,0.26916906322106499,0.18195486396284222,-0.20540638095228048,0.96161356383130858,-12.184592562318983,6.8726606849402927,-4.2167660740898025,,0.2797774866730702,0.2251655629139073,0,4
0.11420469215087448,-0.96205688960861291,-0.24779796094263157,0.99100114792524707,0.092793169202795678,0.096468401874110016,-0.069814132534662565,-0.25658520788600292,0.96399689729403681,14.890927122854983,3.8863314214766582,0.8291684655702366,,0.08828233808066011,0.1785714285714286,0,4
-0.75376917479755134,-0.60937328353047604,-0.24595981875970005,0.62842173603673135,-0.77787166642782657,0.001338747689995297,-0.19214097116856527,-0.15355738955870057,0.96927910083232371,-14.054394763681035,21.014592740397571,-6.0914246767555573,,0.5040472521443031,0.2352941176470588,0,1
0.96565700104733676,-0.13702006903878361,-0.22075338504510211,0.21391657478086995,0.90151073422901562,0.37618890879966421,0.14746611598019596,-0.41049226149888435,0.89986101587258871,-4.062108321024402,10.169241668254624,-3.39257713791863,0.6180984626995827,0.7488608481616714,0.2929292929292929,1,1
0.63456227816861077,-0.71227499593949706,-0.29999174202776402,0.77090882513990622,0.61097067921230841,0.18004003017179351,0.055048146625225447,-0.34551289310565603,0.93679802639143495,17.056198751097092,-6.702785261800952,2.5862535176086756,,0.712631944179676,0.282051282051282,0,2
0.07598283119574846,-0.94183256319012765,-0.32738056185148273,0.99266257842970995,0.040477717740014053,0.1139410362943888,-0.094061760289492022,-0.33363599518228526,0.93799755221960335,15.701978376976575,-6.9979398116831026,2.3887614170299774,,0.08859225919159053,0.2222222222222222,0,4
-0.40931251131059315,0.90372656451926425,-0.1254653923072982,-0.91229582528407038,-0.40336054343205824,0.070827954731535095,0.013401315378467978,0.14345232164173391,0.98956648900502064,3.8293508813716883,-7.6489617331339854,0.44434337033185184,,0.06938823182256439,0.3703703703703703,0,3
0.9785027220411413,0.1403565579743084,-0.15110413492582361,-0.10040152941290309,0.96419657009532334,0.24544756488497574,0.18014426399313099,-0.22500002411115202,0.95756098150475721,-17.664944498945459,20.673727987069096,-6.7176365998300147,,0.2484504074340772,0.2307692307692308,0,1
-0.0040606925035624039,-0.93846181190525901,-0.34535914403978157,0.9952667195439282,-0.037326435577171788,0.089726775130792413,-0.097096177806647227,-0.34336010950982976,0.93417138012933054,-4.5531510581087398,24.876107744063059,-4.7718361479762326,,0.1384902358363352,0.5,0,1
0.33433283246939538,0.94146338633348536,0.043223249837061259,-0.93339173398812891,0.32442412623064232,0.15339119023632822,0.13038952433238007,-0.091627935221580151,0.98721977970024732,12.496876503742806,12.237569861473485,-0.65447629431558374,,0.4506776951591547,0.4285714285714285,0,2
-0.52321425854608605,-0.78379394014253811,-0.33453534798269557,0.83629095497164874,-0.54773085477203798,-0.024664739270841264,-0.16390325892634214,-0.29267382890604726,0.942060375765161,1.3397912010154778,-30.7971820818148,2.6295106199129861,,0.3596452130719871,0.5517241379310345,0,4
0.62486168927829688,0.77246000734477516,-0.11337286414827365,-0.76188271084862935,0.63502844226511068,0.12756806976783297,0.1705362254250313,0.0066644255008603773,0.98532886959153188,19.750149302619249,-0.44740818117425468,2.2399512481127544,,0.1188310216577144,0.4117647058823529,0,4
-0.50740010420677251,0.85728873700815889,-0.087184606725688743,-0.86169867558757829,-0.50532137186157611,0.046105353599651795,-0.0045306447190770014,0.098520721368103303,0.99512468601655057,10.600119977321295,-7.0122753232033261,1.5386804189279839,,0.2528632109349496,0.1935483870967742,0,3
0.95058592991594104,-0.23275603773748432,-0.20545319842385637,0.27243887292220031,0.9427159306375672,0.19251943964968052,0.14887394119431016,-0.23897970838314406,0.95954429215872061,28.81943259894615,5.6181579186452417,3.0445329864680661,,0.2856882699152209,0.4814814814814815,0,3
-0.31879177104567408,0.94357891049697129,-0.089613873808198977,-0.94700465200125661,-0.31315683288650759,0.071519138029423293,0.039420753437018972,0.10766446805627782,0.99340543914185253,11.229093278354288,-5.6760764858144626,1.4600219241932675,,0.1383130078361691,0.6923076923076923,0,2
0.8565484393059366,0.4963476844396757,-0.14129312535978611,-0.47609222899605425,0.86566201629661321,0.15480782612920749,0.19915059782017469,-0.065331842868957962,0.97778872446720944,13.395395550346873,-6.9667771077621641,2.0024886875482926,0.1920967406091627,0.2043142914110441,0.2962962962962963,1,4
0.72684739848810076,0.683297361797503,-0.069264526791515152,-0.66029976271997859,0.7229840435428907,0.20321982219830814,0.18893671602687612,-0.10197444848070553,0.97668015705963607,10.809909251990961,-10.660419561951617,2.041786562265516,,0.2134297191657735,0.4242424242424243,0,4
-0.75932462516385157,-0.61638696394781567,-0.20855029200404143,0.6209724766117608,-0.78218074084665745,0.050857368583425731,-0.1944718409190207,-0.090886738987425941,0.97668843740765088,-6.669312625564781,1.1972604517871153,-2.5158386297509416,0.2334360395108395,0.2052325825990866,0.652614727854856,1,2
0.95974236154028858,-0.21073181333202001,-0.18570595659501057,0.24291282853735982,0.95466376097887251,0.1720769049165308,0.14102466875355002,-0.21025985428386518,0.96742071327808477,-8.310763752299227,17.497234441612743,-4.8327493972539477,,0.1571680607396415,0.5555555555555556,0,4
-0.92543902647009069,-0.27971382276332807,-0.2555832264473103,0.32619381120930785,-0.93134724924036749,-0.16183293503223595,-0.19276982599680434,-0.23313618056304941,0.9531460095376969,-12.707436886413564,10.585572232894775,-4.833558630115486,,0.7915612818694298,0.2340425531914894,0,1
-0.90126636871136312,0.42206256907545514,-0.097888305814638157,-0.41227737767610373,-0.90489931688552327,-0.10575722271612789,-0.1332152261806013,-0.054958294055947848,0.98956217057247642,15.114305792019833,-5.1201492669078492,2.0683526854731191,,0.4356175860222609,0.2,0,3
-0.65452596912639982,-0.67612044233664803,-0.33831479895748529,0.73305826955556797,-0.67703670313939412,-0.06516805995530002,-0.18499007858624406,-0.29065864868714386,0.93877378572690229,-13.164482300219333,-5.1909268578531931,-2.8184269901813104,,0.2731698877353838,0.2758620689655172,0,1
0.46400310070659939,-0.86299336527568482,-0.19985888527861548,0.88580494147055922,0.45021066996074982,0.1125164802143795,-0.0071223732702882375,-0.22924398387665992,0.97334293425049179,-8.1670280639202488,14.029433367069625,-4.5463656822733762,0.1945842768743751,0.2414677171845807,0.6304347826086957,1,4
0.95663889544217273,0.25413937036321715,-0.14232077908221041,-0.21263378776087538,0.94325014803022189,0.25508043935870039,0.19907007818766445,-0.21375766342368208,0.95638839667679187,16.801042099148873,0.34158681093245907,1.6115919014375484,,0.2940948548092787,0.5,0,4
-0.7593063166319568,0.64242400285853718,-0.10365962605576669,-0.62748808413214352,-0.76502947475653948,-0.14487445263365939,-0.17237349504775776,-0.04495890684774731,0.98400511934647605,25.589903663095697,14.608416719160681,1.2638865071179002,,0.3656154384897539,0.4615384615384616,0,2
-0.91278656522604096,-0.30767023539737809,-0.26862559928899066,0.3430566048028928,-0.93445510843052493,-0.095424400596538506,-0.22165931571661762,-0.17925589691449162,0.95850637513655723,27.709311451600811,-0.73488324589249054,3.6714037971563021,,0.4416402171184402,0.3478260869565217,0,2
-0.78886619246617984,-0.5073869572622276,-0.34676880768617219,0.57939446245052373,-0.80216159413278532,-0.14435662014613723,-0.20491995331245746,-0.31479398421590876,0.92677535586348714,-0.67155547179879282,18.53426769956026,-3.61279845251978,,0.6106290947899297,0.3809523809523809,0,2
0.651056649915978,-0.73251616016519372,-0.19886003544459022,0.75783030487530834,0.64204195003692255,0.1160834329496795,0.042643494378163317,-0.22627905225545289,0.97312862608063944,13.603770033462503,4.0738776289725962,0.58563100169550064,,0.08660606907064841,0.3571428571428572,1,4
0.27893626743581496,-0.91712309444313911,-0.284745128752042,0.95908397124313793,0.25107602295490633,0.13083870528876229,-0.04850252378451806,-0.30959014896502896,0.94963226822299163,3.5852903750059393,-20.726904414400739,2.0077048420457047,0.5143092346830401,0.3385302436797662,0.8115942028985508,1,4
-0.063017601434640122,-0.97163169086374013,-0.22794876445967982,0.99158588403853609,-0.086835113818295243,0.096005716411464978,-0.11307615347605247,-0.21998072714997888,0.96892840973811201,13.363639991870903,1.2052085467053679,0.94819488211387415,,0.08697234503190629,0.2727272727272727,0,4
-0.35056674122187448,-0.88304576718785555,-0.31198258445093507,0.9189888174449713,-0.38853552231095478,0.067079813011405323,-0.18045086134504013,-0.26319255489880988,0.94771681724324586,11.996994540684247,-15.10114896532308,2.7307307789636659,,0.2297674794464001,0.5,0,3
-0.98246146964834435,0.044621814417073635,-0.18104793380357509,-0.046598302542122133,-0.99889139959336759,0.0066760780849157274,-0.18054932527320156,0.014995515880798478,0.98345161327177655,18.290009110228834,-0.95479831891136913,2.0790430975181873,,0.1493473361570073,0.3636363636363636,0,3
-0.50696639189463011,-0.75949858505216949,-0.40761130601725692,0.84500887596630014,-0.53124940037075963,-0.061107071144665674,-0.17013252783495394,-0.37541440290625722,0.91110863735507841,-9.3802402445888937,8.5615414930362821,-4.014200387750809,,0.358756911550304,0.1363636363636364,0,1
0.92260929362163802,0.35355965262408068,-0.15423249774065392,-0.33336599435365266,0.93199479773383531,0.14231237052929444,0.19405979782423183,-0.079882845676692557,0.977731827156614,14.835538407116836,-12.234306865917267,2.8750165033183728,,0.09284346657240466,0.5555555555555556,0,2
0.33741020628047058,0.94133241894351816,-0.0069014305556841923,-0.92952503152975974,0.33431883401319507,0.15560891036074023,0.14878699021544009,-0.046088982089023747,0.98779463314629701,8.5434816807440104,-11.258241259871205,1.7898764324764804,,0.4645940623056916,0.5454545454545454,0,1
0.84508803781457065,-0.46141653865806009,-0.27003886052850734,0.52067723930307552,0.82496266126616258,0.21984499081939438,0.12133186232168151,-0.3263914603194556,0.93741516619696652,-4.1119824356299519,-17.708545463173536,0.32304017897751292,,0.5071781348605164,0.4545454545454545,0,2
-0.39060100901590411,0.92055195631625186,-0.0038661968494980411,-0.92031819479361776,-0.39039866303495058,0.024562252183783911,0.021101471218241401,0.013152171791935967,0.99969082635061779,4.1559290843113548,17.163859591298866,-2.651724415012874,,0.3668055052003876,0.5454545454545454,0,1
0.53094731699960129,0.84411769377777146,0.074567188643666252,-0.82959593718447988,0.49982742708362371,0.248883756283869,0.17281645632846568,-0.19400479938975718,0.96565864063643636,-13.532313400737355,5.5061691509423909,-4.2549274809768844,,0.4537087194611311,0.6764705882352942,0,1
-0.91963069920077201,0.38520162462291668,-0.076805504199658148,-0.37267251685480052,-0.91746774508669371,-0.13916943596438583,-0.12407486557964345,-0.099361185144916694,0.98728556285301261,1.1534841785440237,23.086232058723489,-3.682655177760962,,0.5662351576660406,0.1111111111111111,0,1
0.70946882853753224,-0.6452800561154548,-0.28331542582996788,0.70051332218921791,0.68966669104346279,0.18341466871705026,0.077039384531587832,-0.32859322032688909,0.94132429522784411,9.4746673636182379,-15.095898701565492,2.3759946432395549,,0.444301552033689,0.1379310344827586,0,2
-0.30771128705746192,0.94948238128743789,-0.061619570285550956,-0.94550205258329634,-0.29788815529404672,0.13148579959935958,0.10648770998670816,0.098721094808787588,0.9894010880636529,20.07135130850298,14.792104169266903,0.38872206916711982,,0.2014410085189876,0.5,0,2
-0.95748793268613441,-0.22128181095574165,-0.18507084832728318,0.24843935107462495,-0.9585966531907939,-0.13917738799470489,-0.14661087135015646,-0.17923955096896652,0.97281983726196253,-8.7785295143404287,2.7219648354031309,-3.0749460605724415,0.5877581745631003,0.5804662616836773,0.5088495575221239,1,3
-0.9876892759961361,0.072411228051112678,-0.13865968460355935,-0.06753176154125029,-0.99693159381298968,-0.039583562758150871,-0.14110051475938884,-0.029732327685913156,0.98954870189648236,7.2785491727831211,-10.887745419412118,1.4675581907448116,,0.2125312812758582,0.2380952380952381,0,3
