axis_00,axis_01,axis_02,axis_10,axis_11,axis_12,axis_20,axis_21,axis_22,location_x,location_y,location_z,dbh,dbh_approximation,score,reconstructed,number_clusters
-0.49705408219093017,0.82361403987958626,-0.2731247932549502,-0.86352816962302514,-0.50041048367355478,0.062517582303754829,-0.085184151371249281,0.26692557229090319,0.95994499801412259,0.17489748648963305,-16.432827283100366,0.57238457844324631,,0.07062581565234569,0.5,0,4
0.64818231804285042,-0.65761874302203394,-0.38392352285672299,0.74579419995891716,0.65005837312428183,0.14565412056873173,0.15378782098799523,-0.38073836207707212,0.91180458748496784,12.638245349660211,10.283252361848447,0.6723689968117349,0.6451405434101295,0.3120512161710022,0.7415730337078652,1,5
-0.93834092051287021,0.17862274315291887,-0.29599025747410529,-0.12632808226699768,-0.97413013919389368,-0.18738112910544025,-0.32180356200919136,-0.13843549957512111,0.93663124010230669,11.693269305941769,11.159165957611588,0.1982627829134814,,0.512581421789322,0.495575221238938,0,4
0.16255879164913437,-0.82313020519938951,-0.54408758903873566,0.98556943453315304,0.10907946277939619,0.12943940865810216,-0.047196705092349085,-0.55727761132865294,0.82898379654867582,-9.9570795045787701,-12.477521827389529,-3.2060772347382742,,0.7837671949687735,0.3793103448275862,0,1
0.56458816228301778,0.77103179722335091,-0.29453382603771155,-0.77462341639018106,0.61818739298595382,0.13342754563145159,0.28495397837175035,0.15282118578180873,0.94628056906308322,-6.4134824286315064,6.147974420480165,-4.387190810645083,,0.07119154822728094,0.3555555555555556,0,5
0.47986148068785595,-0.76489521822039186,-0.42973045562961576,0.87609440327068722,0.44389732654474817,0.18818544057445832,0.046814056754742171,-0.46678739125002505,0.88312964816054007,2.2001812375179228,2.5831559524996988,-1.3231655241728411,0.5881760614870316,0.5423269746879987,0.2596153846153846,1,5
-0.82094443392399574,0.4674658004258852,-0.32791151526196444,-0.51660041011042956,-0.85268859312111678,0.077757182529122948,-0.24325758504709993,0.23323354945915883,0.94150297860587551,16.530818282333033,-8.3118572451057382,4.5371213184555055,0.2109997054682833,0.1044329199226043,0.3333333333333333,1,5
0.87358702040624037,-0.31465885663624654,-0.37126206609094592,0.41733912787581329,0.87678775414732013,0.23889597426736817,0.25034729901000213,-0.36363860922304375,0.89726985448120788,-2.7826079732586475,-20.240665467370384,0.20274308223430337,,0.2860186206777453,0.7758620689655172,1,5
-0.7913297315527229,-0.49461414458054459,-0.35938016631632969,0.50965874812029499,-0.85834410826104768,0.059104587622295625,-0.33770581343108441,-0.13639002820735829,0.9313176384995866,-3.2431772067076658,13.48686735537999,-4.5245040692481906,,0.07766952068873133,0.4615384615384616,0,5
0.48135537521533245,0.86288092145471562,-0.15405686658103773,-0.83703298110049695,0.50467459294068229,0.21137488921386144,0.26013994560874742,0.027204239184689956,0.96518761806659159,1.959215015505233,22.262901513347249,-4.3343577982041737,,0.433711342875349,0.2424242424242424,0,2
-0.50893025394104785,-0.74922608676350255,-0.42385170465216948,0.81728834450418841,-0.57514532679882024,0.035321593948776889,-0.27024018679890055,-0.32843283023249603,0.90504260533102454,-2.4071834886940975,7.5521964692900374,-3.3397224000151153,,0.07276860266259332,0.1666666666666667,0,5
-0.74019695597965551,-0.54646708958874646,-0.39176802620282547,0.59381226158349554,-0.80460353516347016,0.00038625838756346651,-0.31542901634368936,-0.23235075037290565,0.92006394584811402,-6.1923450310422083,-15.240341306849167,-1.5787275427447318,,0.2162785568396134,0.4285714285714285,1,5
0.94281548035300344,-0.021103918325809917,-0.33264635070602144,0.076179259060770707,0.98522200693608009,0.15340898779991671,0.324492974493575,-0.16997712104910051,0.93049024058512941,15.177017371729924,10.891797855615867,1.3806624118730859,0.1815984475852951,0.1824571669228224,0.2571428571428571,1,6
0.89371560680407369,0.3102500295708594,-0.32406377968867062,-0.28035166402839817,0.95014543619453184,0.13647928251280939,0.35025042274254942,-0.031121844900069019,0.93613891711576747,-4.2375079806412161,17.47804253857738,-5.397537473166393,,0.06577011048809725,0.36,0,2
-0.61981783261788126,0.74862512096050349,-0.23534290436667701,-0.76701267473614043,-0.64132096282043305,-0.019974469734725581,-0.16588372784267527,0.16813045801978779,0.97170712559035655,-1.6265748544386254,-7.4625113473898956,-1.1177863940004662,,0.3465729202944254,0.1864406779661017,0,5
-0.8919382210789174,-0.28568693752710245,-0.35046994665015402,0.34173506935504316,-0.93347971113696915,-0.10877854231669228,-0.29607997593805674,-0.21679161105085684,0.93023547837442411,-0.056806251870156428,16.07203705332018,-4.0074146442339869,,0.2401937288598051,0.2162162162162162,0,4
0.91537109533541816,-0.21250208828003317,-0.34196289316395423,0.27798721623515893,0.9479937546855155,0.15501918812548926,0.29123678585347706,-0.23696139675880504,0.92683894556274027,2.8223042299832097,-10.08626487935002,0.63223444744551993,0.1494707827714871,0.1437153160600528,0.4727272727272727,1,7
0.91727465093663607,-0.19615545761774927,-0.34659811193346779,0.26044413157914059,0.95385371804518015,0.1494387463055484,0.30129067206779009,-0.22734581812331209,0.92603337407826847,5.6051698582778364,8.1345465452745547,-1.0876410235845944,,0.074185324573255,0.1923076923076923,0,4
-0.82690554950168005,-0.35563872841836797,-0.43560108706509387,0.44463283424065436,-0.88773603531975731,-0.1192743656863553,-0.34428019826653988,-0.29231118083940266,0.89220250988092764,5.7232894002929635,5.7398532507792295,-0.77278745795659343,,0.2954724702691952,0.1666666666666667,0,1
-0.12038820804791914,-0.84886220527039513,-0.51472287284177654,0.98313861124524493,-0.17383652062508853,0.05673918553992028,-0.13764138346362723,-0.4992132015085779,0.85547707683945218,-2.7521287373323804,8.6767950221831107,-3.653706648431664,,0.1077444491726285,0.2857142857142857,0,7
0.22758188633064044,-0.86706013164963491,-0.44318530336407286,0.97350761526786778,0.19225255096523761,0.12378158046667492,-0.022122568333189336,-0.45961471337531901,0.88784283925662588,7.4484674642777993,9.539332251813434,-0.79329345948676577,,0.07737212401145413,0.4090909090909091,0,5
0.20318199616196775,-0.85920401131841029,-0.46955888168576854,0.97856661185323557,0.16176548767186905,0.12743356372777279,-0.033533007644946905,-0.48538684977307939,0.87365619294185082,0.73256570410422173,-15.748473466050839,0.71672834219907278,,0.1761793393724452,0.4722222222222222,0,5
0.45108870767478715,-0.76359336027327762,-0.46200017094677942,0.89022201715963012,0.42176211329553975,0.17210891886453308,0.063432940752644579,-0.48891911389824316,0.87001974810485005,5.3687349435378415,18.707405512659392,-2.766470012036863,,0.4355430343901922,0.2941176470588235,0,4
-0.18387779005253771,-0.89988916307127997,-0.39545979885731219,0.9651853242547912,-0.24143856467449823,0.10062161463170552,-0.18602754680038161,-0.36318991405983342,0.91295500335812951,21.115727340211674,-8.8168172336043185,6.2088778752845668,0.6692382923397162,0.2868277787947697,0.6341463414634146,1,5
-0.10285803373758326,0.95783138656303035,-0.26828950745487895,-0.99207880082320277,-0.079232104919095575,0.097477825720961461,0.072110178566100483,0.27619071031595693,0.9583938718931444,24.854618014222147,5.0892085463805135,5.4050864832951113,0.2936531409140662,0.2090914725220097,0.3157894736842105,1,4
0.58466571103074871,0.75382068247688039,-0.29986727900022475,-0.75724434940038687,0.63971403492735102,0.13170781608603307,0.29111338280143256,0.15006775865274197,0.94484531335390998,-2.5042107297474234,14.330447234634939,-4.4556377572259089,,0.07748925793207498,0.35,0,5
-0.71079724506077224,0.64303599832541269,-0.2850824113684628,-0.6807632426789284,-0.73087811248049861,0.048770812113551359,-0.17699910686579245,0.2287397856836117,0.95726142020564486,4.3933189116102502,-7.0355223508185833,0.66173293004484213,0.2189530492682293,0.2126198946156281,0.3153153153153153,1,5
-0.94177095448953463,0.11088946641130701,-0.31744447627717026,-0.11783405630903442,-0.9930296375592097,0.0026970544645135257,-0.31493269829223924,0.039945777849991176,0.94827302522972223,24.763285647686502,1.2826573225509939,5.7776605183877257,,0.703447250051496,0.4545454545454545,0,5
-0.26900932767471492,0.96075549948950201,-0.067696763768115203,-0.96313737334283234,-0.26838903414511023,0.018268180558703218,-0.00061781410503278786,0.070115594209369789,0.99753868183364169,12.340814368424535,4.0013880381491846,1.5117787593111265,0.5319128742280542,0.378413674062278,0.2121212121212121,1,4
-0.49077730086692217,-0.6914391252438592,-0.53014109163107337,0.83002474610536348,-0.5560542597053123,-0.04315763103212128,-0.26494633759783548,-0.46121101065085679,0.84681039309157624,-10.411251523517745,14.341536754518183,-6.853204823519043,,0.3213225382904756,0.2352941176470588,0,1
-0.9413505633345074,0.038277189555527641,-0.33525210464594551,-0.064938295646179311,-0.99552327245900007,0.068676282303959127,-0.33112253724018131,0.086419157322053866,0.93962204879375355,1.1168246286629211,6.9182566788115052,-2.1948361098298013,0.4671240578421636,0.3989080687238761,0.9054652880354506,1,5
-0.9307139517802514,-0.10804317847724454,-0.34942554506807433,0.11576570383327973,-0.99327579299064761,-0.001225101948386388,-0.34694357146021892,-0.041591713637849498,0.9369633331027919,-8.1595298513487773,10.69294475491488,-5.5378532935540941,,0.06674629703452388,0.2692307692307692,0,3
0.37534579702695386,-0.82056259517370989,-0.43103661103900165,0.92674602466782452,0.34028889371878523,0.1592019929964128,0.016041770992792886,-0.45921726471620411,0.88817912910064667,15.575194415087601,5.9882666901479462,2.1886177870227108,,0.1463822856948384,0.4285714285714285,0,4
0.85808658907912361,-0.35174024943835258,-0.37412057223253808,0.44671866321702158,0.87062193817722566,0.20605794500122845,0.25323870473557858,-0.34394220108846413,0.90419794333667347,-0.24423728864188105,14.759217346557625,-3.8921178235411711,,0.09605167178637183,0.3461538461538461,0,5
0.71621633111033833,-0.55741091785011154,-0.41991336691315512,0.67293411566814409,0.71104239386680079,0.20390779802180642,0.18491577277446783,-0.42861612520490322,0.88436099766642551,-15.426043465309595,6.1648251154474636,-7.2235228402063214,,0.1206089392149348,0.4482758620689655,0,1
0.65604198619831888,0.70552450583470083,-0.2680374675519569,-0.69431000339392357,0.70341204890588216,0.15213516569537611,0.29587587183157638,0.08629403873229291,0.95132055972063112,-15.286727527871836,20.534791648631096,-9.0917955530718473,,0.1774689543929435,0.3333333333333333,0,5
0.8427049153874886,-0.40225160905185647,-0.35782966422162055,0.47443422875576996,0.86902073228650512,0.14041057453462663,0.25448101730125777,-0.28809132210363192,0.92316997457775785,5.4177227376747945,1.0987020243654497,-0.1937759651819079,0.2787862070451112,0.2331921379466891,0.8120000000000001,1,5
0.58850797908577657,0.79803534048685265,-0.12960692067327703,-0.75397070365873387,0.59959531780352104,0.26835355949278777,0.29186732701131496,-0.06020838979850282,0.9545618959612534,-14.991284126440577,11.968701705055478,-7.9222198333551237,,0.1992594828579986,0.4285714285714285,0,1
-0.72043362344315864,-0.53141446972014394,-0.44561648935448894,0.62639355018340614,-0.77438478558608193,-0.089215044367118357,-0.29766846406898712,-0.34340481246606958,0.8907674333258675,-3.8114611313484374,12.390518139778727,-4.4677901287973576,,0.4546339775975525,0.2478632478632479,0,4
-0.73989311893122256,-0.54033190885003024,-0.40074880016877179,0.60812505987088106,-0.7919337795941086,-0.054998184468467097,-0.2876492379883267,-0.28439816633774689,0.9145357285904484,1.2896972326757763,17.282281717982162,-3.7822192915550312,0.744631872486107,0.3641814903425044,0.2272727272727273,1,7
0.25358882776299457,-0.8873287990480816,-0.38514972259327979,0.96727063410978165,0.22892371779301218,0.10945981829277351,-0.0089569427067470349,-0.40030180340802296,0.9163395873613851,-3.6770013753801716,20.769033949697295,-5.7597278554131277,,0.1207775102698446,0.3125,0,4
-0.34488669306866443,-0.8435432758111876,-0.41168909480078658,0.90353354698717037,-0.41718738117035242,0.097886763461694629,-0.25432321642536587,-0.3382150659357937,0.90605202431267873,20.176254874754907,-8.8929261524169441,5.9373359089567161,,0.09414621131695033,0.125,0,3
0.87234609379358019,-0.23757138910908424,-0.42728459803725916,0.40787479114552955,0.8355177187856736,0.3681688421677945,0.2695374693638582,-0.49544926750572932,0.82575999899302654,-11.135183415235927,2.1530519444388441,-5.2743098578593788,0.7758652997636536,0.4548994755014536,0.2833876221498371,1,2
0.69879404351561369,-0.61968524886084009,-0.35731929291794085,0.69320746050658522,0.70989926988243257,0.12452487028060122,0.17649447992815506,-0.33471363725529302,0.92564381896614112,-10.307715733537878,-10.876120183037475,-3.3919030558632803,,0.06873803511932783,0.2777777777777778,0,1
0.77298530658185738,0.56610493796618555,-0.28638944641668262,-0.49587315316251607,0.82069081321199533,0.28385983351312399,0.39573164111707915,-0.07740664260730927,0.91509818046975067,10.207840254197011,-6.5007453406532001,2.2968047596077366,,0.5089869851594053,0.5319148936170213,0,5
0.78986117009762802,0.54389389247526643,-0.28337036842286195,-0.51320347254755883,0.83914813794518917,0.18014604727345077,0.33577005187647746,0.0031362894038234079,0.94193876443834845,5.7933395718035587,-10.757507305070916,1.6575683748924892,0.4267732070183525,0.2182490828584633,0.3137254901960784,1,5
-0.21623086592591662,0.97095975446331673,-0.10237855162808725,-0.97597126964938297,-0.21206666172797528,0.050078057096146961,0.026912700345761129,0.11074694666711651,0.99348418224147439,2.8938037708369979,17.063591700762597,-3.3110163082978636,,0.546954030275506,0.4615384615384616,0,1
0.68563165996227449,0.70459893534136486,-0.18289222830177979,-0.66933195939103018,0.70897582736745646,0.22214410716108157,0.28618867027738842,-0.029893419417067912,0.95770685936794597,-26.859815604944995,1.3481469175619838,-10.4471385644073,,0.5652989511228096,0.3,0,3
-0.43937038031534992,-0.74335719083606855,-0.50435479152462992,0.8705830352617755,-0.49076957451739817,-0.035077107098581681,-0.22144716664689609,-0.45449456714059855,0.86278377408464346,-9.194351821119783,15.830282018861086,-6.7109312077304129,,0.2620131131708281,0.2647058823529412,0,2
-0.48396312221964738,0.8692669468851707,-0.10077038942241827,-0.87447996317051424,-0.48470273664096836,0.018656127841901547,-0.032626528235592984,0.09715056430969024,0.9947347774706593,3.6084874698308425,9.9027253163144344,-1.9618762663834901,,0.3235961358017126,0.1428571428571428,0,2
0.83057568909722812,-0.44026330767970445,-0.34104581010707202,0.51169807640169052,0.84500499419121244,0.15534361396181504,0.21979331947871611,-0.30353711420983354,0.92712249299091642,-5.077867303957289,-8.1624254922647097,-2.1310267216873857,0.3100720432846973,0.1122217670273552,0.1777777777777778,1,5
-0.84638354811550964,0.46795859687541769,-0.25426293691726498,-0.48113893656096646,-0.8765665935989787,-0.011676074308914083,-0.2283423158426513,0.1124533618736019,0.96706464530502911,23.759152823812101,0.84222963578881782,5.5533906843666614,1.068368649765412,0.3757976379831467,0.2222222222222222,1,3
0.89020123975763421,0.37526796454186795,-0.25829383949791512,-0.31350821801190842,0.91599564864859384,0.25032892141308782,0.3305364578574792,-0.14186587484467683,0.9330700528800534,1.7922203961009469,20.028438478474179,-4.1113592151025982,,0.3996663950681319,0.1818181818181818,0,2
0.13005723881034728,-0.92636858474936634,-0.35344923231276781,0.98956589641116954,0.098982976614963816,0.10469817095059644,-0.062003639352759626,-0.36337806143175205,0.92957621160242432,-2.0213958851285967,17.393780726946567,-4.771728061869478,0.2904332291199782,0.3293848247245165,0.6923076923076923,1,5
0.071255425589662705,-0.81192097471508473,-0.57940227402189459,0.99450374676663622,0.013154606173441876,0.10387133388738239,-0.076713505924044897,-0.58361912850259479,0.80839578849392413,-10.641429683771545,-8.5906375592658968,-3.8838183420234218,,0.631303753586151,0.5135135135135135,0,2
-0.18556082957403575,0.9506445854761284,-0.24868061973687816,-0.98183379216707189,-0.1691706377693008,0.085928457891185139,0.039617964190815987,0.26010799184502237,0.9647664222451604,15.504244689672236,8.1422278107773707,1.9090670189198855,0.2500195244329806,0.1674936074300938,0.2,1,5
0.43706908705813186,-0.73715767188080272,-0.51533404693018903,0.89872317618459741,0.38061182192746568,0.21778726684020019,0.035598675914148233,-0.55833073334389383,0.82885434575492789,8.2013917126577205,-6.9346492063888672,1.7776113933672137,,0.5212393617111342,0.5,0,4
-0.91380809134908847,0.29004653834721189,-0.28430226481288573,-0.25302491059265875,-0.95411750640420412,-0.16011926365244605,-0.31769980611343468,-0.074382723570892248,0.94526929688299033,12.891233143899058,9.0280761173148836,0.94442860815879093,0.8878832451796647,0.4288922344528171,0.2439024390243902,1,5
-0.83820044958859408,-0.36228725741033346,-0.40763703147233599,0.42552134500799377,-0.90197093496382652,-0.073348602052592679,-0.34110349053046574,-0.23493908912435227,0.91019340425502593,3.5756434639115366,11.321321290338108,-2.1798259729720226,0.7457145578139894,0.3083761080797229,0.2727272727272727,1,5
0.91958370625930219,-0.18767942730246717,-0.34516987086045603,0.28628242641822244,0.92176869508128723,0.26150496188836797,0.26908767996045652,-0.3392917702148987,0.9013727947735829,-9.4819797868942306,21.977038189662991,-7.6107323345166691,,0.1729213373675172,0.3,0,3
-0.88493352264381875,-0.26655515854609346,-0.38189135621753617,0.29251772170440155,-0.95620337196302152,-0.01041604221448259,-0.3623893527548353,-0.12092749438822653,0.92414852600159303,-4.0834151255018423,-12.206455400946361,-1.3394877060292096,,0.7085892905633447,0.4183673469387755,0,2
0.53795885798219067,-0.75935394860947247,-0.36603530956685071,0.83560746625182569,0.53763210513507775,0.11274698165462815,0.11117746832295418,-0.36651507507772152,0.92374578227890758,5.0292069687212528,11.846774566340065,-1.8734208584533418,0.1823904507513611,0.1624206404060613,0.6578947368421053,1,4
0.93143598348774281,0.18761659036469247,-0.31181248160416597,-0.083613092708361869,0.94426371533879738,0.3183942314526339,0.35416925246549008,-0.27049223817791451,0.89520840573217253,-12.896354258019858,6.883291735897064,-6.6168296703270739,0.2439422215154713,0.251424675023277,0.7333333333333333,1,5
0.57379953427980945,-0.70217507078373431,-0.4215498362354469,0.81018212605144968,0.56196836900157965,0.16672274850319102,0.11982911619063015,-0.43719757800285552,0.89134688012098306,9.3305546831212567,-3.0462203822491301,1.5025254826007965,0.6846025828969389,0.5139497816192836,0.8935574229691877,1,5
0.67478362716256324,0.70407328457977614,-0.22124164719686659,-0.66262535454789606,0.70998349559342777,0.2384346356870462,0.32495337515343981,-0.014291463395505126,0.94562204820446361,-8.1956806452543347,-11.713240215592771,-2.6449049409750081,,0.5221314406218606,0.48,0,3
0.93006327821399248,0.21897449295645047,-0.29501266066443238,-0.15446532162812104,0.96161599866205261,0.22679315583038415,0.33335081060672894,-0.16536276047420462,0.92818769358152353,9.0033539631425477,11.524501971141246,-0.70176090702630955,0.680925696453647,0.4212958663553357,0.8258426966292135,1,6
0.93412689999000709,-0.044414144092226687,-0.3541670771254905,0.11818542929781631,0.97474582157893108,0.18948030930971269,0.33680727280857387,-0.21885604199785866,0.91578539727617492,6.2206328365534072,9.9917982556874581,-1.2597277680177099,0.7943880363512551,0.5301629273427669,0.75,1,4
-0.80436557729541658,0.50985163766643371,-0.30503659719952786,-0.54871860236167735,-0.83436677433638107,0.052344830745266059,-0.22782430398106981,0.2094836352853337,0.95090099014733531,-0.95730694235730751,-14.797373957163442,-0.0064953926498167829,0.2639484176602664,0.08385007745135013,0.25,1,5
-0.52348166142064922,-0.7447496470608127,-0.4139020576888604,0.80546117999072309,-0.59096490835502591,0.044640392257339956,-0.2778475079683641,-0.31001361308131581,0.90922622158626698,7.5492044361041755,21.714843535135962,-2.6678303434628723,,0.1772997371279865,0.1818181818181818,0,4
-0.47614427568354528,0.87208029087987837,-0.11297165570468856,-0.87598568774000318,-0.481638433427862,-0.025951769107876579,-0.077043517627802358,0.086604767213022127,0.99325923639677904,-9.3165023469572752,-0.73010478256388389,-4.2343793905338662,,0.3047048313540689,0.4117647058823529,0,1
0.3708580915807036,0.89957211233624623,-0.23072557425656592,-0.90280079967646043,0.4074685621875252,0.13755030691486911,0.21774983814612184,0.15728758862584985,0.96324743573580462,-2.9129926636012873,19.097033879041906,-5.3172116690434184,,0.2615393448044911,0.3684210526315789,0,3
-0.80764363977549625,0.54409616724528831,-0.22731280632462308,-0.55045689339069093,-0.83389362122734301,-0.040232287966483087,-0.21144493289946181,0.092632549707625661,0.9729903653612435,7.9499454574746995,18.72124558409088,-2.0725973035048897,,0.2852966488302673,0.2,0,5
0.47036453310853382,-0.71159847678072841,-0.52190498544939956,0.87972349572838626,0.42474856445732945,0.2137176362747493,0.069597248918466414,-0.55965727444105029,0.8257965597580289,-3.430180946893119,5.8272681396197799,-3.4244163681942466,0.3786718169850526,0.1832618487955582,0.1564417177914111,1,5
-0.87151324681115883,0.40495849435071585,-0.27653802358061402,-0.41204314650026819,-0.91050085260509639,-0.034765540806237796,-0.26586670730805995,0.083646968017931506,0.96037392649247644,-24.167562338293262,1.6834509147596071,-9.5714760239867083,,0.09768155190242887,0.2352941176470588,0,2
0.14161455841758658,-0.83730459514795907,-0.5280779599531733,0.98807507729548916,0.086988170266905598,0.12704605409508007,-0.060439709394619956,-0.53977224194814721,0.83963859389058904,11.28572023975603,6.1297922872109796,0.83670661327398854,0.4977112588328032,0.314949975690083,0.6458333333333334,1,4
-0.1539919964185536,0.94232581120173498,-0.29716751266250491,-0.98678581912282215,-0.13133001716809264,0.094900862845020958,0.050400518024412824,0.30785466073070961,0.95009751902067952,1.1575557998859924,21.112451654678345,-4.4266626674608398,,0.4029151505232351,0.2727272727272727,0,1
-0.77785141972847294,-0.52224461919423337,-0.34958221715223076,0.54618150866444237,-0.83693516467286766,0.035004138712925771,-0.31085837357136242,-0.1637073237722444,0.93625156006486698,14.230161841118173,5.5344824580544261,1.8290816151615072,,0.1015168792440263,0.2222222222222222,0,6
-0.18258916206429052,0.93459118114500128,-0.30528760541930527,-0.98248185676542688,-0.16166203465459028,0.092708077739209083,0.037290736429057399,0.31686702365082303,0.94773661441312329,15.546080384551056,-3.0976835904068021,3.4033701588404401,0.4990580271487595,0.452876656761923,0.8412698412698413,1,5
-0.45146369022458038,-0.7812623941879091,-0.43105638591323464,0.85031671416453591,-0.52311606666534816,0.057541866575578964,-0.27044781755678982,-0.34055638626276052,0.90048838179868718,-9.5307403411120006,17.304415267476912,-6.9550420721601887,,0.2262630754816039,0.2142857142857143,0,5
0.930806665141512,0.1641154848409474,-0.32659617230389837,-0.11618820728314674,0.98003685383814776,0.1613321592471671,0.34655339071558006,-0.11222242536340729,0.93129311960793992,8.7506325124486768,7.0008109101889948,0.02126293540929506,,0.07882643594995384,0.3181818181818182,0,5
0.59124892995269307,0.78349784919991305,-0.19119577173385408,-0.75463862851661778,0.62109784666362677,0.2115608782841544,0.28450877522556689,0.019198572054053713,0.95848117960173418,-8.3135776291867778,16.984233561193815,-6.5686706617747106,,0.2825660142826734,0.3333333333333333,0,6
-0.4740883023837566,0.84667806973779058,-0.24161235019753979,-0.87717565020105759,-0.47792165023395755,0.046408780764034589,-0.076178476207135887,0.23393833046925358,0.96926245016508239,-23.631146367069782,3.6514585061142899,-9.6056158350248459,,0.08364943877721193,0.3529411764705883,0,1
0.83934803489233722,0.43360007798955225,-0.32785034495914112,-0.41818966523464962,0.9003762927490514,0.1201662820695063,0.34729278744786135,0.036242293290169189,0.93705614344273191,-4.6494776611736235,4.062422036436673,-3.6166221001992747,,0.0697494307727989,0.4054054054054054,0,5
0.92169704009060904,0.31517423083063389,-0.22614104118564543,-0.2284357697363647,0.91216808308750963,0.34024474617752998,0.31351501621639122,-0.26194387264598412,0.91273969026774526,2.4557741574571694,-17.39756558409162,1.5016686307242493,,0.5865542165047016,0.6176470588235294,0,2
0.93672831972160064,0.1066609053503354,-0.33341191685570265,-0.068858633880119244,0.98998462058856307,0.12324341580093917,0.34321792431589426,-0.092487308685928735,0.93469115442499151,-1.3994334821048366,9.4154247493810335,-3.4426291961082329,0.4529429210294717,0.3886964880699749,0.9627450980392157,1,7
-0.82715986042406386,-0.44372061566668164,-0.34484573440253435,0.44378973380765574,-0.89222689547442846,0.083557400384363184,-0.34475678016562972,-0.083923669035878862,0.93493292823891028,-0.87286351419312413,0.97883315685816674,-2.0148213803434603,0.2351500068116468,0.2125930485577866,0.8161616161616162,1,5
-0.041159812384407038,-0.87223582964189861,-0.48735051793692602,0.99184018599092449,-0.094572209182496383,0.085493524338579943,-0.12066033025800005,-0.47985493093147619,0.86901112188669916,-5.3046363903702991,9.5868263721579918,-4.5436867594892263,0.4121741288735718,0.1207757695782216,0.163265306122449,1,5
0.90622370939397501,0.27649913656747194,-0.31985436687603302,-0.23432922709711398,0.95816020318235673,0.16437408057724676,0.35192101650838453,-0.074008462455239066,0.93309932248647454,-8.9077412651318468,20.582093383197041,-7.1810413461258982,,0.07104810705284366,0.3571428571428572,0,3
-0.0092182847352235472,0.97445826102000677,-0.22437941250570514,-0.99407653999799783,0.015369864901683551,0.10758996179250921,0.1082906083284693,0.22404210493291002,0.96854441269622815,10.786633713881756,9.8090732028630558,0.1696399172961798,,0.2849966207524953,0.7391304347826086,0,5
0.92744586482753688,-0.19375106560230027,-0.31985104719583779,0.26627484677519142,0.94269568007013305,0.20105362655758358,0.26256784606868599,-0.27163464314236718,0.92589024557761068,3.0061425252645337,-5.8579529207856345,0.072880810180632055,0.5617720133215334,0.3600262122335617,0.9561752988047809,1,5
0.55317419434842185,-0.68896753911232056,-0.46831831136149998,0.82173658017796825,0.54366413353213405,0.17081657621018845,0.13692079281245648,-0.47932560953934689,0.86689079850656015,33.282849243379381,0.41966069896632241,8.9075478581523519,0.6678180295551458,0.5844819743588159,0.3571428571428572,1,5
-0.66866178148960476,0.71593721641267249,-0.20081166333264092,-0.72045865650169583,-0.69061195561796862,-0.063201669513517328,-0.18393136286919365,0.1024159602444797,0.97758898563776875,14.294776904406275,3.6453882376739184,2.137144330511672,,0.6802523144134531,0.36,0,2
0.43542830731805271,0.86797217213621902,-0.23880221436005833,-0.8737392524663643,0.47134846956147969,0.12004307119350217,0.21675310352023297,0.15638071696722283,0.9636198231020171,-11.362505711642193,7.7876380794051077,-6.2059481170891564,,0.1700393741916656,0.1372549019607843,0,4
0.54631690253420062,-0.72278779278107341,-0.42322056733115176,0.83265476284028228,0.5233807610353719,0.18099343882425556,0.090685654459960061,-0.45127639599773023,0.88776445439681229,-3.1926722467702815,-6.4025539210839559,-1.7758435018350609,0.62576211890492,0.2193773702012628,0.2765957446808511,1,8
-0.93663629104801338,0.11177356103606094,-0.33199266459537874,-0.1429215742096806,-0.9871945175787995,0.070854838139599571,-0.31982164078943826,0.11381412704791984,0.94061706478623497,5.3261625541790494,-18.51281307505802,2.5179681149975397,,0.1545527270174555,0.5384615384615384,1,4
0.68424485550854697,0.69737498808369325,-0.21325361358100392,-0.66596662980352306,0.71670631546899888,0.20693116090861999,0.29714882752288474,0.00042820803382934738,0.95483107979351756,22.939011632597463,8.0403107128116797,4.2131909798269023,,0.2968282398819704,0.1666666666666667,0,5
-0.50534971305557874,-0.77362287948774222,-0.38226863309424131,0.81973493068557912,-0.56876579017485296,0.067380407691594785,-0.26954834618033657,-0.27930828176026345,0.92159132635435315,6.420700755508765,7.7661782679334062,-0.85937503753489441,,0.07636299363565205,0.2040816326530612,0,5
0.4084844602118739,0.87841793045861549,-0.2480370641944826,-0.88193001504744228,0.44986833617752869,0.14077616511072194,0.23524432899399142,0.1612464559414126,0.95846736309720082,18.697045888029258,1.8951156764408505,3.6851022877803472,,0.1042151995882011,0.4166666666666667,1,5
0.86211256896409294,0.39194653443387611,-0.32115390793108362,-0.36994702400885893,0.91996112386980977,0.12965619921618007,0.34626740802611106,0.0070316934995383242,0.93810950183089381,0.70949114459856644,18.760022039909543,-4.1673863323873359,0.1142991911919427,0.1135678486889509,0.6818181818181818,1,5
-0.82345765495110657,-0.42340877368023988,-0.37768042161729709,0.45029118610012098,-0.89267976912231328,0.018991511795515916,-0.34518884429101998,-0.15442745924973475,0.92574122820942839,-8.4411264861932658,2.182541608415645,-4.5370287748885145,0.3623636700802979,0.2080495718763049,0.4419354838709678,1,3
0.92765736765410411,0.18007970469441326,-0.32714386467459988,-0.13499634073401445,0.97851497734108805,0.15583461460021544,0.34817782270771624,-0.10039790374477303,0.93203672926455594,-8.1608414303412946,5.3990017290231247,-4.8187591635475746,,0.07965177531384302,0.3825503355704698,1,5
0.93098119820230785,0.19235594764319144,-0.31027922585968321,-0.14672114095788119,0.97540916965423374,0.16446841201414647,0.33428567930710423,-0.10759247724970016,0.93631028161046048,12.895771224229797,-7.6480472107175439,3.4151690237140393,0.1051370319535398,0.1188484255437179,0.25,1,5
0.89531154807795243,0.3228271664502087,-0.30691994474128365,-0.27491336453383469,0.94260639682795833,0.18951470301721579,0.35048519780291748,-0.085298307490511802,0.93267589486396985,-7.5490633209075435,21.498841013071754,-6.9464273041704176,,0.1298543226272983,0.3684210526315789,0,3
0.24658386144990022,0.92402017761368238,-0.29220388538695963,-0.95058358427002987,0.28930269888555776,0.11267119300813236,0.1886458284426136,0.24998131886265282,0.94969578899292229,5.9002757607719678,-7.4235032148323814,1.2535950108323688,,0.08553199804563205,0.3846153846153846,0,5
0.91361981765516032,-0.2117899957978415,-0.34705017860202853,0.27654022576610221,0.94944466798322125,0.1485945018211042,0.29803411268004693,-0.2317322164011279,0.92599991768943257,1.1715072909763791,3.5712154716258442,-1.8393843631338274,,0.07726253659296331,0.3356643356643357,0,5
0.74018000208901236,-0.4730424252163235,-0.477874908792006,0.64298912765337846,0.70585621137064281,0.29720698273935198,0.19671946072276786,-0.52725503583649247,0.8266217883397472,-5.9914200793370043,19.135274404046125,-6.1956188622653094,,0.3439403581749706,0.4,0,1
0.6214950490366784,0.72080905394431127,-0.30688468807486258,-0.72153728289661034,0.67924959281976283,0.13417876152493585,0.30516856557167837,0.13803730802248926,0.94224086526791573,-1.9569028362326395,-15.206800650219666,-0.2318972466684619,0.4245699438750316,0.4868883916878358,0.7692307692307693,1,5
-0.0217760098750686,0.97588124197224368,-0.21721327528636764,-0.99973861424901334,-0.019741757226054726,0.011531097132967549,0.0069648096444433353,0.21740760011632057,0.97605605722124289,11.361766814772395,2.3745451827105342,1.3805070768836234,0.4328728365496348,0.1998121459664762,0.1851851851851852,1,5
-0.87909049556482355,-0.29389510049612089,-0.37526733206071655,0.33636958206091661,-0.94031817800743012,-0.051548311058184047,-0.33772089789019194,-0.17154414596004719,0.92548214521679495,-1.2787666506509094,12.376788184346351,-3.726866357879449,0.5668256153052307,0.2173725616484077,0.3333333333333333,1,5
0.5012808232453192,0.8114681375116729,-0.30039473705414754,-0.82380095109396378,0.55376927251071584,0.12120885198545431,0.26470649637508797,0.18670579698093956,0.94608214027669724,3.8977000348644615,13.512949421671079,-2.461448227698261,0.7698916378972951,0.4313445110646181,0.8518518518518519,1,4
0.89477563784751901,0.31842892792685129,-0.31301689375163877,-0.26602376212901974,0.94319057438550047,0.1990550134336625,0.35861945833611897,-0.094839644926101085,0.9286536091853641,0.095398196680746991,-6.1832510264779819,-0.76408003394443891,,0.2471816743807832,0.4422310756972112,0,5
-0.47489655739286757,0.84878426586185918,-0.2324618889232134,-0.87600266381339076,-0.48120532959809265,0.032569368403999439,-0.084217532427916977,0.21910431486334678,0.97206003232311577,7.5834598030813671,5.0263574170081737,-0.14343641387556239,,0.212940114351937,0.3380281690140845,0,5
0.93526153219697172,-0.089235480880477266,-0.34252429891119202,0.14653579976458361,0.97849138477969255,0.14519596860544978,0.32220044348189142,-0.18598827614651109,0.92822154432878923,2.4039616288648822,-8.7530077800996917,0.34997341570591112,,0.07135570185766046,0.2950819672131147,0,5
-0.87174462517348972,0.37437012905030909,-0.31608276599015461,-0.40886487248690434,-0.91131775118824954,0.048264608311469587,-0.26998300784938184,0.17130955269349996,0.94750314650060863,21.431430610947544,0.83413814162268274,4.7774169052077369,0.3561012989201951,0.137899343671446,0.4166666666666667,1,5
-0.89282239540937824,-0.27468284378565072,-0.35695588745010037,0.28326639368912476,-0.95859827213376914,0.029146232492575974,-0.35018326696434077,-0.075091197832910683,0.93366642412919665,0.28636725865250706,2.0416668040783801,-1.8258100457011779,,0.08394309518811088,0.2620689655172414,0,5
-0.78282734604858117,0.56908019384233732,-0.2516526957036257,-0.58206129137768914,-0.81269143725933324,-0.027152916695913899,-0.21996817805826085,0.12522124732538858,0.96743663351146791,-25.332082220812207,2.9944309269699807,-10.111429128673487,,0.2280968942166368,0.3384615384615385,0,4
0.78103925165687049,-0.50656917773721055,-0.36519221724719686,0.5854551305266914,0.79746205973339479,0.14593338694674363,0.21730158193453672,-0.32778336054842638,0.91942269443185365,-11.661149799007127,11.054169325691781,-6.7593600763831532,0.6240388953844969,0.4018004425411174,0.8541666666666666,1,5
0.36642866014731618,0.9269787244641825,-0.080252610009889466,-0.90206713079210443,0.37506823658059579,0.21353854324880647,0.22804589136211792,-0.0058534006422711442,0.97363278967677425,1.0177844644917644,-9.6526507678362101,0.019345469282999957,0.9712168037514255,0.5661476757095499,0.2988505747126437,1,1
0.84265822568258741,-0.32985658205852986,-0.42558401046343292,0.44570249335487089,0.87078167962483122,0.20757782600029989,0.30211984725722046,-0.36460101714397886,0.88078924618256516,8.5750774551350784,-15.832208461578187,3.2863265211805639,,0.1512472886006271,0.2857142857142857,0,7
-0.883806640752553,-0.31001849663608438,-0.35039171437862304,0.31259076972816635,-0.94852974142189916,0.050777360298251854,-0.34809888313874399,-0.064651847472505547,0.93522580491341856,-6.3316730644135708,10.074115385801949,-4.8855137176666297,,0.07253680358319065,0.2948717948717949,0,5
-0.77191082011723189,-0.49543420968902147,-0.39836996580535328,0.54180388298389603,-0.84049258366034518,-0.0045573232858633446,-0.33256914795199544,-0.2193562414926323,0.91721349812827713,-2.8902725653683516,11.483183541621443,-4.0591438760036764,,0.2224395577501156,0.3623188405797101,0,4
0.67470980354902199,-0.57474168354745325,-0.46307524030969466,0.71510836255846377,0.66435913908115818,0.21736366788931769,0.18272030755719301,-0.47780637449952884,0.85925220843115857,-5.4036399054487605,15.18637695697331,-5.4674812648118785,0.9236616051777814,0.4570367079673233,0.6190476190476191,1,5
0.52143836010292299,0.84362072647040365,-0.12808632433919226,-0.81192511017267788,0.536709043427963,0.22961057940288293,0.26244933241344187,-0.015731260985409078,0.96481753474092147,6.1353119909388072,-4.8735412895456625,0.77451756510446879,,0.38241925815138,0.4497041420118343,0,5
0.42530882796573971,-0.82439941752039814,-0.37346753707174957,0.90340930884845561,0.41153073782868688,0.12039133070173255,0.054442828181185572,-0.38859754530131368,0.91979776377496636,-2.1132991864049,9.7324510074134931,-3.6505647102178176,,0.07689393486115527,0.2837837837837838,0,3
-0.4051048787298544,-0.78234605379582611,-0.47310114070816467,0.88096683290333611,-0.47241498527437936,0.026861143171356908,-0.24451477778149569,-0.40590483342564981,0.88059854056667608,9.9917761370282587,0.80036309993758137,1.1097357180136243,,0.507629208776972,0.4912280701754386,0,4
-0.39927158214319464,0.87073038143853732,-0.28707282444141224,-0.91598445149050212,-0.39230949092667683,0.084058003524329114,-0.039429536143792722,0.29651621569275338,0.9542135219701795,9.2120820649540267,-13.656942126648829,3.2257740281446625,,0.1069761612045003,0.3478260869565217,0,4
-0.62243125864472559,-0.69326378083940909,-0.36326940201204921,0.72099377331311121,-0.68847737490857341,0.078529504536341027,-0.30454442550417199,-0.21303575853656329,0.92836870826147855,0.90011773021617225,1.2312435724969204,-1.5036661613446392,0.2486404442075085,0.2022817925707961,0.8163265306122449,1,5
-0.33926131605598636,0.92552253220323222,-0.16825516875293003,-0.94003812645251461,-0.34022698047665018,0.02395668114299683,-0.035072499819746757,0.16629384877336284,0.98545232031617624,11.438142794120347,17.80029357939555,-0.89929110155160297,,0.4468272224492383,0.7241379310344828,0,5
0.78294559319672741,-0.51201036890224827,-0.3533292801770162,0.58311869139016848,0.80190184883839721,0.13010002529199502,0.21672284107874318,-0.30789414896380213,0.92640833501680775,-8.4932326646472269,12.771730081678843,-5.9676071790957677,0.1025688744275871,0.2728913899172656,0.8442622950819673,1,4
-0.52597879715312379,0.81359190012044269,-0.24781954120642086,-0.8429524486639659,-0.53741796790382124,0.024760796949038752,-0.1130374904037471,0.22192374328254119,0.96848974074622374,11.16215546022959,-10.246338781025825,3.161502794118054,,0.1260540210533309,0.375,0,7
-0.53843096266219304,0.79154925195265535,-0.28903612262112927,-0.83590471215144357,-0.54508182440624497,0.06441363912225552,-0.10656176917486263,0.27628895460215558,0.95514868105189343,0.63892446271706127,15.24378674172709,-3.6634900198559035,,0.06905655083664693,0.2222222222222222,0,5
-0.81178861697568105,-0.43392581508132255,-0.39077823423870517,0.47528262285604095,-0.87977142927524954,-0.010424041541854414,-0.33927226494335333,-0.19419222239058329,0.9204258313428697,-4.9278957513006345,13.999149686547073,-5.1388045777041791,0.1066914446119183,0.1537978129739498,0.2112676056338028,1,5
0.79880129272712086,-0.47259849626964306,-0.37224609609927883,0.55729254582933085,0.8143612899668552,0.16198983846705792,0.22658665693404068,-0.33684766694634005,0.91388847031367226,-13.579034585044862,5.5325184408439556,-6.5610215799358533,0.4421306183936984,0.3033397740869529,0.6568627450980392,1,5
0.71258953284290028,0.66339477692379756,-0.22830577660883222,-0.62312877852008641,0.74798636302685084,0.22853211176097135,0.32237661680525515,-0.020585691052010718,0.94638763002329473,11.195833784004536,3.9767003778229073,1.0801076540712622,,0.9255549456516352,0.451219512195122,0,1
0.90495284861681646,0.29362126698633606,-0.30797222821814585,-0.25399998854846789,0.95343122838306993,0.16264347069996524,0.34138592179187649,-0.06895972967820406,0.93739010453760474,9.7477103269441727,10.514725080444807,-0.2853663927465695,,0.07657862257269095,0.1875,0,2
-0.95197193250202228,0.13131219095975258,-0.2765981710599586,-0.10423048658737455,-0.98839562712159257,-0.11049927580157586,-0.28789832475046429,-0.076362247166142774,0.95461162878608008,9.4126838846836183,13.802652844832471,-0.88989399524916679,,0.3059285493541049,0.1904761904761905,0,4
-0.67561955683767039,0.67244237833137344,-0.30225727822918341,-0.71870711185638536,-0.69210213328249715,0.066743722348008697,-0.1643115996681955,0.26232781958812673,0.95088685619510793,-1.3232616293447872,-11.625970865589059,-0.53621888377903126,,0.0661037293332809,0.2105263157894737,0,3
