axis_00,axis_01,axis_02,axis_10,axis_11,axis_12,axis_20,axis_21,axis_22,location_x,location_y,location_z,dbh,dbh_approximation,score,reconstructed,number_clusters
-0.83447232083834633,0.54440368398579952,-0.085326283274001311,-0.54341464124305572,-0.83867195991879406,-0.036467400903422736,-0.091413748623203284,0.015936514947123316,0.9956854694400209,-23.461764634619485,3.7867399852117942,-4.9899324866277537,,0.2864939584154786,0.3061224489795918,0,4
-0.4466966567440005,0.8928510713150084,-0.057263088507125387,-0.89450942236953035,-0.44442341641038979,0.048380990463674674,0.017747961738225907,0.072833998913690995,0.99718615035327218,-16.097811396373444,17.151392453545583,-5.9864687040828874,0.2815257077394095,0.2236576050417926,0.3333333333333333,1,5
-0.94376594026964344,-0.28982238935269822,-0.15908749987616982,0.28782230395197911,-0.95700740101728043,0.035988272338719582,-0.16267812186871353,-0.01182442506188771,0.98660833750644183,-0.048855449755156419,-17.152374757758562,0.8487484213376062,,0.1258107737247782,0.3076923076923077,0,4
0.79238156643405533,0.60952624665101218,0.0246821356256153,-0.58709009710811877,0.75097490598079497,0.30226132479150325,0.16570054632707598,-0.25399693941200241,0.95290549569001992,-3.0529884952730226,-16.695775802378439,0.386671512863074,,0.3987768758521839,0.2258064516129032,0,5
-0.7765279749561339,0.61818228249042562,-0.12188096539433713,-0.62809716585258135,-0.77480537413026296,0.07190676231635186,-0.049982540536498074,0.13239070146272838,0.98993658777101778,-5.5566243188992672,-2.4138215404373322,-1.6700379600534334,0.2425493570736054,0.2109565152862013,0.7807726864330637,1,5
0.17426416976146605,0.982864842035157,-0.060072468141018326,-0.97796034979001023,0.17987411123956862,0.10601348189912843,0.11500240595721682,0.040274140549265799,0.99254845736974961,17.600279178003678,10.963583870322585,-0.71877702353055917,,0.3217881434513449,0.5,0,4
-0.80400479527466173,-0.50269018299029511,-0.31761434019976775,0.55621631185500509,-0.8246528924261024,-0.10281547276397446,-0.21023725550379044,-0.25932641002884244,0.94262935953628524,-5.484502576237114,3.1451468655161618,-2.4578241917517802,,0.4950221899510778,0.1974789915966386,0,5
0.78697688247409647,-0.5925576538020163,-0.1718802297298985,0.61478675038985275,0.77661453272743108,0.13750316033327908,0.052006134219318309,-0.21388149634132542,0.97547427824948729,6.8826802600586223,-13.110313506647453,1.3392433806593662,,0.07867238846129306,0.2666666666666667,0,6
0.61504237110156235,-0.75396502670561716,-0.23078045899634977,0.78831927681804015,0.59414089699192363,0.15984152251124942,0.016601191127438478,-0.28023799354554058,0.95978699065298823,-11.773733835187718,-9.471419684944884,-1.6628194356533761,,0.1342403882745614,0.3174603174603174,0,4
0.93667506021634228,0.34002498364928652,-0.083802398909663081,-0.31121837468864116,0.91794859221378677,0.24599492943735185,0.1605707159630064,-0.20433646895997185,0.96564157565221787,-3.4154597063903522,-9.7532458904864843,-0.49420527159216565,,0.4577790074134676,0.8210526315789474,0,1
-0.16169965156744245,-0.96668267396422591,-0.19843848049293011,0.97944074753030086,-0.18178727455155039,0.087459755821780102,-0.12061942115701739,-0.18021652163021704,0.97620333976649165,18.923068239299948,-4.0599144781447229,1.7627767830244285,0.2484436105252739,0.2088047142304644,0.1304347826086956,1,5
-0.78312062584408537,0.62176483450280229,0.011426983559593679,-0.61960413854864282,-0.77856858345605506,-0.099607591822239772,-0.053035807441409157,-0.08508496595130606,0.99496118100059705,-4.3545210911830425,-3.073793798893508,-1.4521845945467988,,0.3756853080136661,0.3221288515406163,0,5
-0.31251844789060346,-0.92840676798612043,-0.20098032959873122,0.93979180429462461,-0.33299083396395335,0.076866566702599018,-0.13828804832198124,-0.16485744646074421,0.97657485019722912,8.3457699258485931,-14.670915395777762,1.7241298744790508,0.2238593911346581,0.1543625115344132,0.3214285714285715,1,5
-0.24463880919066097,-0.94019982447452788,-0.23701506934336719,0.96146492860457222,-0.2668492922822629,0.06615622625164555,-0.12544737582420337,-0.21169729631367792,0.96925085020973745,5.8735571245253659,0.19728858460926488,-0.53742645170770464,0.177161412463287,0.1536526479183795,0.3781512605042017,1,5
-0.79629912832619076,0.59969207075081121,-0.07922826834882149,-0.60246725506501819,-0.79800267083006193,0.014998130633845615,-0.054230109730398428,0.059675435705922784,0.9967436669334484,-5.0001136826559165,8.9224931691035518,-3.3080193108019849,,0.07016187718004877,0.2553191489361702,0,5
0.83515794102803054,0.54903461461934777,-0.03274454897544786,-0.53091434403853743,0.82028332347978272,0.2127562655131266,0.14367036170327804,-0.16030053390661803,0.97655648377208737,-6.1526386821696697,-16.028729602892696,-0.1288846182705668,,0.4928179242455346,0.2142857142857143,0,4
-0.97507759976756836,0.19194354238286229,-0.11127151912792986,-0.19652225271622792,-0.97998833020683851,0.031652438227604093,-0.10296930911129727,0.052730913095941086,0.99328584616172344,-13.997531583317482,9.7395758374110724,-4.6711612240969345,0.09265217856352514,0.2024849514349109,0.2745098039215687,1,5
-0.41126475652583083,0.90722557297913142,-0.088334929515081775,-0.91090228080706392,-0.40549801645102163,0.076343915767889264,0.033441514024287418,0.11186205070072888,0.99316088664062363,-19.444917411359356,8.3188414591842523,-5.1620581561726882,0.4082617058395468,0.2822256848812168,0.7239263803680982,1,5
0.1676447159469821,-0.91818075961031476,-0.35894197566804809,0.98426600823941879,0.13527254557787047,0.1136739347314222,-0.055818224976223664,-0.3723512200789853,0.9264118385827087,13.984532687599778,-5.0057365779812786,1.2483310043885198,,0.3773418713301165,0.375,0,4
0.91544482199324007,-0.36094472577549136,-0.17798787267850588,0.39269663135523425,0.89790820349517542,0.19887235559101074,0.088034843147561964,-0.25195190618632274,0.96372719343238522,7.642263944765145,-18.720981640330269,2.1083990183819985,,0.1662683893836207,0.2727272727272727,0,5
-0.91802132902244837,-0.36188932783479777,-0.1620893391285656,0.36447452767327593,-0.93109956486791723,0.014557437278472979,-0.15618949432403964,-0.045713397402212766,0.98666870182485633,-3.9399825545580085,12.62036772928051,-3.7099772803431192,,0.2123999887476792,0.8865248226950354,0,8
0.20519758759075385,-0.94510491104803451,-0.2543042609942287,0.97664685293550235,0.1808245425305903,0.11603193297442117,-0.063677898034660618,-0.27217492891794565,0.96013849697343001,-7.5218791121300264,-5.8076314295109404,-1.5298169062375377,0.1965317592355408,0.1263455781633561,0.539622641509434,1,5
-0.95174217975709552,0.29805537874449184,-0.073142425942065228,-0.28271040879084031,-0.94420656821941762,-0.16896384611101428,-0.11942214213674475,-0.14013189405980397,0.98290457534527897,-13.821171762367065,11.83727357467896,-4.9408112494425733,,0.4178257435317743,0.3333333333333333,0,3
-0.98394872829577695,0.10458719596978069,-0.14459052017439225,-0.11044625576714989,-0.99333128100049994,0.033084600238211061,-0.14016606105666224,0.048523031903248151,0.98893831491290463,-22.197909061609089,5.3684393367869321,-5.0659805759863179,0.1143207121563363,0.1929593191963605,0.2105263157894737,1,4
-0.90275292634267845,0.42511433070254462,-0.065688353694232857,-0.41939944544902019,-0.90378999704366836,-0.085251078590598578,-0.095609932207826528,-0.049411001559712092,0.99419177917949064,0.95221252116885235,-21.284885454476214,1.4627647309444769,,0.7691058160597519,0.4166666666666667,0,2
0.15181497743835737,-0.97019267348061788,-0.188887238716445,0.98570767593513953,0.13449097242583216,0.10145223476346163,-0.073024586461941085,-0.2015895698206788,0.97674410933036937,10.366316529113645,-3.2204302221968639,0.57263286772983113,0.1372891542041759,0.09490540248662463,0.3333333333333333,1,5
-0.81082978780506554,-0.55224662884658549,-0.19385230495295849,0.56235443989360734,-0.82688900911671959,0.0034713878950014183,-0.16221140261997735,-0.10619899966361263,0.98102458344860455,1.2570249234048014,-9.342199119899222,0.088886460517596813,,0.3594396969852816,0.1052631578947368,0,5
-0.15692966696964059,0.98754526523818298,-0.011288433480551524,-0.98561027573208748,-0.15587475554772162,0.06538688671481635,0.062812928574584634,0.021387138391687682,0.99779613464640105,-10.540115298000298,6.0238512676595475,-3.5513372943593655,,0.08704205531422383,0.1985294117647059,0,7
-0.82047071855165044,0.57166910719717556,0.0047150690051951487,-0.57168655219727316,-0.82046175596316029,-0.0041222613506501594,0.0015119643295301668,-0.0060777362753777712,0.99998038735048889,-7.3040522662940326,-18.028323414837772,-0.034862533196676905,,0.1578422378834827,0.3636363636363636,0,2
-0.2400129506855532,-0.91686321477975685,-0.31899158121640719,0.95473580961833349,-0.28241658956291082,0.09338310217635537,-0.17570804573393772,-0.28213953165656136,0.94314578265556404,-24.859786798264903,5.5633408444139691,-5.4647461545893501,,0.5903560877425794,0.4545454545454545,0,2
-0.75328407313492285,0.65735433767661622,0.021174982857109587,-0.65743698140604645,-0.7516955850948237,-0.052252873879412548,-0.018431512172553174,-0.053282474479792077,0.99840936357405241,-2.4155605715353126,-5.342877267076263,-0.8976068921516771,0.5494172425123142,0.2235102220896333,0.2631578947368421,1,2
0.98586749115743855,0.065086459267889363,-0.15436658543514736,-0.035525652196361023,0.98171006133793492,0.18703818728775692,0.16371688341451071,-0.17891089482710712,0.97014827412988902,-31.434885274359285,5.6223891502737793,-6.2657686151909715,,0.3159767424330049,0.7,0,4
-0.98388918024484495,0.054427018013255953,-0.17029321979253839,-0.061932272229424774,-0.99731530590474893,0.039071399573287022,-0.16770949482252187,0.048988573344196977,0.98461852766849389,11.897027585867271,-19.430846363390614,2.7533800984873027,,0.1780638888556137,0.2,0,4
-0.95814787907280741,0.25148959411417238,-0.13676851202147766,-0.25847646899911281,-0.96535806227316356,0.035689306212823672,-0.1230550966113582,0.069547075110971301,0.98995992218951856,11.471531706034787,-21.73658082393089,2.9928837045359162,,0.5463007139423133,0.9655172413793104,1,5
-0.74163488849229542,0.6639951926228439,-0.095331402721101549,-0.6685889556342216,-0.74322254170088387,0.024679179719313694,-0.054465590742788228,0.082040463683661288,0.99513961922114658,-1.9105024451321149,-10.558402151056496,-0.17296599905031476,,0.09876123659217056,0.3023255813953488,0,4
-0.64159930267108789,-0.70859710779053486,-0.29366728391644947,0.75000755556304188,-0.65978645656682966,-0.046588607291257848,-0.160745144282265,-0.25014389970950213,0.95477171513812553,-1.3228509006915186,17.433818402290491,-4.1020855218865035,,0.2619332798176917,0.2,0,1
0.79081748499021998,-0.58864595446199897,-0.16764142008844032,0.6097241626258274,0.781548344618469,0.13197965954785301,0.053330581695494268,-0.20658684691832718,0.97697375795686903,11.962459580433054,-9.5898037469934074,1.6157197238248853,,0.07171468306018354,0.2272727272727273,0,5
-0.27475742354788091,-0.9031497599319106,-0.32989220866862501,0.95287950200859983,-0.30163810232577548,0.032173123521787257,-0.1285652085798247,-0.30550771898634255,0.94347020132200698,20.262400991415998,-7.45338114735807,2.4234817727920834,,0.7459498662842652,0.5384615384615384,0,1
-0.74072362033820138,-0.62163623085116215,-0.25474872868422782,0.65410511444440533,-0.75382149073701288,-0.062447252627319635,-0.15321559166984608,-0.21288860137684598,0.96498882163114741,-16.68073340586383,13.424573917710276,-5.5336352510068503,,0.261636274331548,0.2173913043478261,0,4
-0.45388202336791861,-0.86365560025774879,-0.21929458043205829,0.8732234885883049,-0.48011264940092513,0.083501993167200111,-0.1774030660420364,-0.15359312493940769,0.97207885695052154,-12.639696648565522,-20.716197603284776,-0.48155962342153236,,0.3605295604020138,0.3809523809523809,1,5
-0.37213478588105842,-0.85088327941561137,-0.37082791959100564,0.91773048567363669,-0.39708174944395291,-0.0098407278064292971,-0.13887568830608713,-0.34398216388275737,0.92864945707626734,-16.255640715049516,-8.7291078871653021,-2.3461790244021357,,0.1622277532371808,0.2,0,1
-0.88992360755453881,0.45153093873816325,-0.06446537116429861,-0.45039692584491292,-0.89225528121390807,-0.0319862835500506,-0.071962364514859614,0.00056965614672794651,0.99740718544900586,-7.499551255707904,11.293451788500807,-3.9865760351258528,,0.116153049768265,0.1521739130434783,0,5
-0.86309583535791878,0.49342917483757115,-0.10767185522193309,-0.49919147900663491,-0.86583930153548239,0.033618019033234359,-0.076638412529145508,0.082764444876192778,0.99361793481667338,-1.6701190116698748,9.6648527430674385,-2.9664915077583136,,0.09197587500635122,0.2708333333333333,0,5
0.93719636826860675,0.33598183416340804,-0.093697248712681008,-0.30968242719573774,0.9251078344016288,0.21970955603906822,0.16049847846721349,-0.17689460659081688,0.97105537255544239,-1.8327639063062251,-6.5561598591827934,-0.70350089219824141,,0.7924444807985079,0.68,0,1
0.21365537810077551,-0.93325043493692494,-0.28878193346997261,0.97522351729071133,0.18639717749304316,0.11914354177109569,-0.057362624868014044,-0.30708259135396787,0.94995253110646716,18.27126752572174,-8.9292521988273439,2.3431400570179886,,0.5434604769076806,0.4137931034482759,0,2
0.84371677937309397,0.53660065554062697,0.014203262923143202,-0.51035125160487216,0.79368058978805534,0.33107811975276391,0.16638388200073631,-0.28658481792840063,0.94349644723406922,12.634526142430582,3.2326958380114656,-0.040387176238162348,,0.2581701687420796,0.2222222222222222,0,1
0.22860488215678376,0.9666135589185374,-0.11574988366699744,-0.96606891561040276,0.23992780950406362,0.095632089373407933,0.12021089029461833,0.089960402074591578,0.98866398129655442,8.0695073317145152,4.2868740541260637,-0.81542483996294091,,0.07155010857824438,0.4736842105263158,0,5
0.50898129898191213,0.86010050538691396,0.034134409616416464,-0.8484299717314191,0.49459282921327508,0.18853253395271513,0.14527429350889756,-0.12492019021752918,0.98147354815171028,12.07532386325139,-2.8624151630136012,0.71188646928580113,,0.291985283446174,0.375,0,3
0.46722899819038449,0.88412795282927203,0.003850490349352316,-0.86317610082727814,0.45520539301135099,0.2184377923666094,0.19137419421287266,-0.10538412214039694,0.97584327870312848,-7.8085028959805873,-8.9776596332855796,-1.1706660249672132,,0.4801008115306692,0.1739130434782609,0,2
0.16444924650140996,0.98194464776115653,0.093494139165707993,-0.96991923115634571,0.14372921841243505,0.19646525598088113,0.17948016703302111,-0.12299032688699035,0.97604315946275133,8.152938703253005,-10.291124317961527,1.1840634347096017,0.6538438546738319,0.2834050580686403,0.1428571428571428,1,3
-0.10630989144372091,-0.96005818724409198,-0.25881747252999165,0.98856950039618574,-0.1300354015411998,0.07629637758409677,-0.10690439592299457,-0.24774799989426297,0.96290829193684502,4.6897843035717344,-16.77487390080077,1.4640168779122911,,0.3887818261886128,0.1,0,5
0.81914767953746903,-0.53765929521564204,-0.19979880224014893,0.56969739822338117,0.80311856477932697,0.17448623259243917,0.066647982459253727,-0.25675485034369255,0.96417581034741673,-12.522480669722439,6.260187216248374,-3.879025106076377,0.4393365259529695,0.5790422329653836,0.471671388101983,1,5
0.78130224138275128,-0.59120864464736611,-0.20009784132897002,0.62210085531342674,0.76360512963823235,0.17290960588839768,0.050570084324548813,-0.25957570087433585,0.96439780282153542,-14.91687172383439,1.4148922052972681,-3.3774251702266413,,0.1962790918134691,0.1519607843137255,0,1
-0.9857960775439113,-0.059519516255657948,-0.15704623740711834,0.070489061421358787,-0.99537777349801959,-0.065225610354080393,-0.15243813735078393,-0.075369192717043509,0.98543497962585314,3.8842284666885964,11.667995895851243,-2.5322334276050045,,0.2712211295817694,0.2380952380952381,0,5
-0.45829095537696773,-0.84304393939153066,-0.28150722277567564,0.87689385486563542,-0.4805455290953724,0.01153957388004488,-0.1450054051356387,-0.24156347141415271,0.95948971946539974,-10.271833466119327,15.429742389768059,-4.9424856892450677,,0.2201716685990799,0.1578947368421053,0,3
-0.76092318237355372,0.64879253300478834,-0.0080099715189352588,-0.64725601237038832,-0.75986803381388734,-0.060499798662477684,-0.045338338929507262,-0.040851197106665231,0.99813607024196094,-23.567243211914619,1.7408493914993193,-4.6687097131344046,,0.1495778862392362,0.1,0,1
-0.074201143621697357,0.99332925601601718,-0.088267657881571662,-0.99479811136203022,-0.067534219405771381,0.076261699691201251,0.069791890042970262,0.093467204686559002,0.99317318415889111,8.6046552926848019,17.487407328639371,-2.8511323319772837,,0.1413476344112317,0.1666666666666667,0,5
0.078400906546451363,0.9860820639911253,0.1466133040610455,-0.99140700583685382,0.061671720473107365,0.11536354567839451,0.10471602852619429,-0.15439806335860823,0.98244378536423738,1.6037371014177328,14.910612365223844,-3.387522737283224,,0.5220446875639215,0.7407407407407407,0,1
0.96988687195995227,0.2038144224820318,-0.13333842952448011,-0.18454856911262571,0.97225328571693548,0.143754561844502,0.15893797921900665,-0.11481824594087008,0.98058935807035952,16.094919389990753,-10.897582605858542,2.2755521653381572,0.3761924717648871,0.2775952575539888,0.3571428571428572,1,5
0.30606656017780365,-0.91984442457299986,-0.2453762321882316,0.95086885853605418,0.28275420902998971,0.12608913966779842,-0.046601229675488118,-0.27191228706660348,0.96119302615808677,-0.24133098444272472,14.863815697876694,-3.626573304389082,,0.1530164344034987,0.3333333333333333,0,2
0.94322636090975032,-0.29111309003582653,-0.15992873692598961,0.3157048288649002,0.93538932518682405,0.15930245245419838,0.10322060412695552,-0.20074854703417125,0.97418967749988783,-5.9111357987211335,14.377363273202151,-4.2608310301430121,0.5590974144119495,0.4975192351911898,0.9553264604810997,1,5
0.95434920585646965,-0.24556565183530205,-0.17004441749092666,0.27371080541779264,0.9468978540398616,0.16872121684082159,0.11958255842165517,-0.20756195377141629,0.9708851873769232,-21.098320691632139,3.4824082908817573,-4.5898196179074677,,0.1275987826553579,0.2,0,2
0.60695389116075771,-0.76390318257691303,-0.21922340580713148,0.79457744364314198,0.58881636840903218,0.14812822265566941,0.015926708961487304,-0.26409697450455949,0.9643646239878324,5.3826919389673531,-18.413241920478853,1.765395715030045,0.2207262906553398,0.1987133211669671,0.4117647058823529,1,5
-0.23384055274191315,0.96886979799823303,-0.081301355586614873,-0.97060171590347177,-0.22771688646014138,0.077957223566110345,0.0570167078898276,0.097140795486570883,0.99363613102264126,-8.5601715452424312,7.410730330592803,-3.5080308520167844,,0.07721394281355079,0.3373493975903614,0,5
-0.70759983075065369,0.70660561665179833,0.0033139157771002381,-0.70587338940860223,-0.70663644784714852,-0.049068204560338398,-0.03233013526815981,-0.037059858203930263,0.998789932500046,-8.1803575978082517,15.81431267537068,-4.7865832544316627,,0.721135439362184,0.74,0,1
-0.69429688823564595,-0.69953989515902804,-0.16910282690480335,0.70062904906584311,-0.71070354501346311,0.063398791079871744,-0.16453196221826444,-0.074460769444001498,0.98355723128977868,11.77432970122269,-0.45462593856205535,0.35775878330240241,,0.1054523595827226,0.119047619047619,0,2
0.9435115821021538,-0.28839305108069829,-0.16314209305834027,0.32224032892752758,0.91326268843671665,0.2492236592340675,0.077117215015643989,-0.28771637075026807,0.95460579568245052,1.9798410639307182,-15.961375657779268,0.99603900685243529,,0.2012614166137079,0.2631578947368421,0,5
0.74264633141404035,0.66585441888918762,-0.071514469046554285,-0.65773296554208494,0.74530691548094319,0.10910979688138472,0.12595146873491656,-0.033992566570133574,0.99145384811472326,-10.578175360965346,-10.800383447475982,-1.3170731230996475,,0.2598831409464347,0.1818181818181818,0,5
0.70904617738552,0.70484001292897347,-0.021309024127514866,-0.68460071897902497,0.69530127413075848,0.21881040598094631,0.16904252100694833,-0.14055850869452552,0.97553469017005578,-2.094613062152451,-12.293339717745138,0.018249219049905112,,0.2495229571661733,0.2380952380952381,0,3
-0.9899526546600913,0.043919575021932382,-0.13440540339336288,-0.044094609799368356,-0.99902595437313058,-0.0016756716558751642,-0.13434808118496228,0.0042677182134847483,0.99092501212915718,-11.4106107360652,-14.691753873425812,-0.99618925705123951,,0.1263155335137416,0.4444444444444444,0,5
-0.88637058329391216,0.4603363454338078,-0.049372443162702777,-0.45943087681639283,-0.88773938888219206,-0.029018043607220715,-0.057187922666665537,-0.0030375153853723158,0.99835881074959865,-0.33282097365907914,20.904795839717547,-4.5723315635302324,,0.1651652905565462,0.1428571428571428,0,4
0.77365323391698004,0.62744486896019425,-0.088168078493995494,-0.61156979346470153,0.77585928901993706,0.15499919794315056,0.16565947413698071,-0.065994697188504078,0.98397237693527584,1.5707969133629742,6.6007043404036869,-2.0163171634544588,,0.07049180626590568,0.2682926829268293,0,4
0.94738712844564354,-0.27649010359737175,-0.16127880043028645,0.30748245843125338,0.9261266038801248,0.21850412202642353,0.088950360384823124,-0.25659839476929797,0.96241628061313922,7.4878290700774084,10.673289330103987,-1.9641299269525712,0.3904284837290732,0.3029529428286123,0.2380952380952381,1,5
0.95867208909991064,-0.24318089371350332,-0.14768506530287434,0.26278935533947523,0.95577316553941005,0.13205836117049852,0.10903935207564036,-0.16541072809064306,0.98017840760315011,1.1597769470170156,4.8592446383916901,-1.8082938687926924,,0.07136997685428582,0.2638888888888889,0,5
0.50494006304730032,0.85955834024237254,-0.078708274339914383,-0.84797261618887776,0.51101944066046967,0.14071806373330936,0.16117684363325757,-0.0043117266656620794,0.98691612312778731,-20.174549520309522,8.2442922599997956,-5.2703616283310168,,0.07253550731305522,0.2,0,2
0.041696875155904721,-0.92948706076824317,-0.36649034703064953,0.99637611960647132,0.011466428638470133,0.084280183271218487,-0.074135004418858577,-0.3686764501276043,0.92659682507610863,3.7249507676865079,8.8481475107387713,-2.1433600182474901,,0.413752308132978,0.4125,0,4
-0.74845528165502839,-0.63873902282872863,-0.17840165940510158,0.64208517531678877,-0.765247063867036,0.046082088508329191,-0.16595577423247815,-0.080058678222177257,0.98287806417694401,9.8053453827431287,5.2024012636360251,-0.78027726215291859,0.3322657482655615,0.2452639871058573,0.3846153846153846,1,5
-0.26605042211912694,0.96374329086235155,-0.020397112737847247,-0.96245928969885985,-0.26439709565951386,0.061370118780892713,0.053752102866784397,0.035958936644733611,0.99790664208270474,1.9605440460793331,-14.170318642758156,0.77963751170413687,,0.2155862419279274,0.1333333333333333,0,1
0.4113530193185776,-0.85451775006891673,-0.31715628373823329,0.90994440821662848,0.40516330685351326,0.088565618243288236,0.052819195874036481,-0.32502632139056498,0.94422879798835702,-1.7217764228207644,-13.557894763680586,0.22915174997609938,,0.4553469227432552,0.1176470588235294,0,2
0.30168981669260303,0.95331878310741014,-0.012905513495805888,-0.93709419690349138,0.29899422271943926,0.18015804425614365,0.17560672149375159,-0.042258165542354287,0.98355301169342702,12.357594160021865,4.3677344597684504,-0.25779799708290801,,0.2974313616274853,0.4545454545454545,0,3
-0.95060224868636201,0.30660917245100427,-0.048437383923400308,-0.29193649871516719,-0.93610278298477523,-0.19617507590437758,-0.10549144756975123,-0.17234382802139916,0.97937181878618973,-12.946961876248501,-11.823340864162404,-1.5525800819602766,,0.3088295941997474,0.25,0,1
0.76005053716508042,-0.6293288741336357,-0.16207513423336495,0.64824145303425607,0.75180849779192627,0.12069383255114309,0.045893349443126528,-0.19679723277916722,0.97936951639682612,-8.6100469524717198,-11.027458015832527,-0.99535064865581735,0.1868277882406891,0.1645637833784609,0.4406779661016949,1,5
0.50121317872093818,-0.8203928314467952,-0.27521074031942128,0.86488870686737807,0.46486442657576771,0.18939004630037456,-0.027438553346123638,-0.33295144843519436,0.94254467203161174,14.187519426376147,0.78164756325358564,0.50862282880545384,,0.127598078700161,0.5625,0,6
-0.81743652325017768,0.57589822106888422,-0.011780043563477886,-0.5742834113356502,-0.81638974465842362,-0.060879785489462941,-0.044677666919289774,-0.04300027658340657,0.9980755894682527,-3.9739230647921868,4.3892589373784343,-2.3878633267561917,,0.4338538877607564,0.2125,0,5
-0.96293284990758832,-0.22383987613845394,-0.15051922275634078,0.22404239106351748,-0.97445078098445037,0.015832954409642417,-0.15021762072204883,-0.018476614655218875,0.98848028869345206,-5.7722727892282677,6.8663040536894799,-3.06818649891725,,0.07362661958268997,0.3150684931506849,0,5
-0.15413380201307969,-0.96039033428162057,-0.23214904026386168,0.98012261392843703,-0.17832025341109586,0.08695716698175171,-0.12490969835478166,-0.21413148540521038,0.96878546346189431,-3.0257088386029918,9.2735517576693649,-3.1075887541341749,0.7074191232291314,0.2214227193732305,0.1025641025641026,1,5
0.34270899396875704,-0.87536897982949768,-0.34099808592598591,0.93881684238301544,0.30588706656344317,0.15829099458653684,-0.034256122239764542,-0.37438249379675242,0.92664139041358262,-11.135327699594107,-12.542440420659672,-1.2052179378673638,,0.4447032408312673,0.3333333333333333,0,4
-0.79594631552301609,0.60526934026665069,0.010885244072091354,-0.60291487849635661,-0.79097691635551326,-0.1041593350614677,-0.054434475225347681,-0.089468114576630495,0.99450105298136504,-14.032639511223156,-9.8120546763633989,-1.9149863107566705,,0.5383849998584558,0.6521739130434783,0,1
0.91185586540992292,-0.3320789564879908,-0.24133472061717354,0.4005692355245824,0.8483697064070721,0.34614033108268516,0.08979514613147857,-0.41230135569583859,0.90661150655757783,12.807031189584944,-0.86881319713873661,0.59661171359433984,,0.6844464539338639,0.32,0,1
0.70773626022408154,-0.67267433351914019,-0.21591347106795672,0.70577939116151289,0.68678424405638283,0.17378968072813875,0.031382112352691477,-0.27538453685798125,0.96082179403040158,7.509161267889545,16.163361103517587,-2.7964539926098388,,0.3203670843815931,0.696969696969697,0,7
0.99309175876195177,0.040808074834939562,-0.11001572481859979,-0.014168634051370341,0.9724209531571868,0.23280193227288473,0.11648179466429194,-0.22963490781920862,0.96628142930652006,-3.3480714834441834,-11.035594894591661,-0.31104433593481062,,0.4225517034519922,0.1818181818181818,0,5
0.24389292250312902,-0.93720509020544618,-0.24932481073067106,0.96810271231934275,0.22006896051530078,0.11977809072466958,-0.057387984394077135,-0.27058505411555411,0.96098405175968882,4.9920034518823648,3.2501837896203121,-1.0155736995689473,,0.1161156304001825,0.275,0,1
0.82976828629914257,0.54243441743776488,-0.13133732839957021,-0.52939931152635733,0.83948456574133445,0.12248278588235081,0.17669453870338775,-0.032102440110299467,0.9837420766295204,-14.134936695555039,13.749534841417663,-5.2251427570977533,,0.06926707906860388,0.2272727272727273,0,2
-0.95747435451158402,0.26504750699357299,-0.11398543542539812,-0.26722182460502147,-0.9636269154681989,0.0039578074748286077,-0.10879042654291218,0.034248895190015408,0.99347453730373714,-15.73233029210675,21.762101683791368,-6.5772139613459188,,0.1529689609208584,0.4117647058823529,0,1
0.11446538407043323,-0.96918710524175822,-0.21811471954618336,0.99053648556766138,0.094610128442222136,0.099430349267278409,-0.075730750748126838,-0.22743192086698893,0.9708447737727578,-1.6249342536342262,-14.241888746188407,0.28031505369874204,0.8073231396058272,0.5267878142709015,0.6190476190476191,1,5
-0.68611835087301865,-0.68299408869070455,-0.25052082430177958,0.71092387535959667,-0.70255497178320681,-0.031682093781655901,-0.15436596787822704,-0.19983890120857584,0.9675926630172258,-4.4819822449717002,10.511600114312063,-3.4720502112638396,0.6955969823009212,0.3759975050064674,0.819047619047619,1,6
-0.48282260073052269,-0.81725975456163302,-0.31459311784855504,0.86649270425556557,-0.49785239777867446,-0.036515524067203799,-0.12677826980871984,-0.29022316172194951,0.94852400428477479,5.5591210952453984,-10.505399640994263,0.86356293057063838,0.4517517855145451,0.3328324469968747,0.4117647058823529,1,6
0.989446888361043,0.030974679179097429,-0.14154654486211707,-0.0097623350355466685,0.98891472385670665,0.14816330771843902,0.14456677324788395,-0.14521789899722107,0.97878098157020255,-26.287613974595008,9.7631113361916011,-6.2261153593359806,,0.09738450417507225,0.4545454545454545,0,2
0.70617884255820818,0.70468582614355424,-0.068770115279288821,-0.68877877303517354,0.70622371394045813,0.16380435795273424,0.16399769553048985,-0.068307776281496244,0.98409288360406622,-0.18850399417187766,18.436051532628372,-4.1293873063232667,,0.1097346597425987,0.5454545454545454,0,1
0.91691577637453503,-0.35217325634457902,-0.1877217530046498,0.38838944240583306,0.89561551217349422,0.21685593231889072,0.091755654120982272,-0.2717477725205209,0.95798436733955394,-12.750408055693239,-8.4696161225497342,-1.9183374977532657,,0.1350427363506654,0.1052631578947368,0,2
0.42089878351824017,0.90406859793614314,0.074190189773594067,-0.90283755209963368,0.40958756310725802,0.13085252258400842,0.087912277593100649,-0.12205735690090112,0.98862198694686076,-21.078952097891296,12.013969875931545,-5.9451997313404314,,0.4143729400028157,0.1666666666666667,0,2
0.77001603821549824,0.63777773712592778,-0.017744264353311872,-0.61015855311421663,0.74422985913297357,0.27171392462750332,0.18649890335461747,-0.19839726510576158,0.96221446894446561,-5.4472501852225186,-12.474508738154992,-0.42957997386794838,,0.1817981157250983,0.4285714285714285,0,3
-0.77115729061432381,0.63566695339186341,-0.035269781653462576,-0.63483301747266285,-0.77195832967480749,-0.03267073877700611,-0.047994510716643068,-0.0028038564849746151,0.99884366410859415,-10.863843071025739,-8.4645775502563225,-1.6715627220530653,,0.1841799732494263,0.1176470588235294,0,3
-0.83158390424796669,0.55539855847897091,0.00080711535253353726,-0.55147614919566457,-0.82553682011570872,-0.11984579884821579,-0.065895880478462662,-0.10010694218048749,0.99279219027107712,7.2847063896148807,3.2474303508729365,-0.69754232557868456,,0.1210972795142401,0.2666666666666667,0,5
-0.57146982913570543,-0.79696967605914604,-0.19560564876758893,0.80989616648809404,-0.58615761719133941,0.022078209086385067,-0.13225140413431835,-0.14580323470606796,0.98043407879048639,13.415349418162716,-2.1615257750460337,0.82216784387053676,,0.2381333735868034,0.4574468085106383,0,5
-0.058035650737670613,0.99211417148167524,-0.11109155678396782,-0.99460562481221215,-0.047877676583560243,0.092018363259025418,0.085973916598960726,0.11583263283803258,0.98954094752791588,-3.3635675679392403,-6.7397907072248051,-0.87038260824737712,0.2893486866777475,0.2652116510566598,0.7875,1,5
-0.45650327594175866,0.88964845085800537,-0.011418972825728147,-0.88972149891939079,-0.45645628269075184,0.0065815159935733334,0.00064297361980108667,0.013164189230356005,0.99991314158122369,-6.8573535558681096,7.6623594553044034,-3.3640966714590252,,0.2045197208485911,0.1451612903225807,0,3
-0.70687459558539079,0.70685678281236997,0.026111198902728047,-0.70660745308893036,-0.7039840172311439,-0.071501123923170484,-0.032159187725537018,-0.068992695810847021,0.99709868848052685,13.512981192457989,4.3485894459757937,-0.10742881399336558,,0.4342568294572035,0.2941176470588235,0,1
-0.96797676478849459,0.22936545503024938,-0.10204151541586223,-0.22360253056190099,-0.9725188210390987,-0.064877199778003783,-0.11411788271744769,-0.039982880880290832,0.99266231825359352,-12.222843912574888,12.196628201857816,-4.7807050907445667,,0.09547666312263769,0.1388888888888889,0,5
-0.9899745769450542,-0.0071654078400412019,-0.14106379384145726,-0.001886766865591779,-0.99795242954337149,0.063932687095687862,-0.14123305956203813,0.0635578893526689,0.98793401479439791,-5.1668774464847065,-8.7166559562457309,-0.84993861645208513,0.2188818292476397,0.1935623608220247,0.6119402985074627,1,5
-0.93733970678605516,-0.31761247470732262,-0.14323613368323707,0.30919690342981038,-0.94777628334395947,0.078213756079904093,-0.16059747504755034,0.029024690196458106,0.98659313719858721,-7.3956757358357059,2.5167518891277254,-2.619195634541617,0.66625135420825,0.4423985880247354,0.9939432578897035,1,5
0.67685337677617696,-0.71527679885414763,-0.1739212677266582,0.73581079232056068,0.66423955942404311,0.13178879163547855,0.021259921243345203,-0.21717483444707467,0.97590117687786915,4.2598718447308004,-10.512652006572496,0.66921890463716871,,0.08504426483883042,0.2222222222222222,0,5
-0.99037874571374818,-0.0015390929916137372,-0.1383747492544331,-0.0034088672737088549,-0.99936337995092117,0.035513581021654674,-0.13834131581842909,0.035643596982271028,0.98974300418431427,-20.199064138596846,10.401669996324594,-5.5644179949435086,,0.07653327941578329,0.1666666666666667,0,1
0.61023439600932694,0.79045053720664982,0.052933261347210332,-0.77604759489983965,0.58300834424597758,0.24052318181360191,0.15926114522163753,-0.18785424873897189,0.96919898310584796,16.081332488491661,3.4228924929315441,0.3761647481212626,,0.2981575197454689,0.2692307692307692,0,4
0.33769463814340944,0.94085295504408095,-0.027532677930286482,-0.92819754618876826,0.33772273197032188,0.15618153399058327,0.15624226898743315,-0.027185902510734952,0.98734455996188875,-11.800804353452603,-17.835522181799991,-0.68875225240771565,,0.2477046795274765,0.4666666666666667,0,5
-0.60205069997005667,-0.78628564489259567,-0.13888786592572044,0.79345585008255681,-0.60859836585605898,0.0059869063048050798,-0.089234346724414104,-0.10659696859278167,0.99029001694023822,-6.9411419168522945,13.513619616800009,-4.2752702642100315,,0.1737831234003629,0.3928571428571428,0,3
0.61296361062058458,0.78923824207286408,-0.037129628394464764,-0.78068324228458097,0.61221827430583164,0.12538923327791407,0.12169341506840128,-0.047872558483164553,0.99141259366283285,16.149253304589269,-6.861066118617118,1.7867436435373354,,0.1685297151057705,0.3333333333333333,0,5
0.99005419122832938,-0.085170251172137848,-0.11197645621511315,0.10852627770995417,0.96884130549024616,0.22264000499096886,0.089525110877574837,-0.23257805806058265,0.96844860546707756,-6.3027983779073891,-10.812359007452727,-0.74591114393913649,0.6760030515231968,0.4691127098494322,0.6666666666666666,1,5
-0.80752293592304247,-0.51827276358115604,-0.28160264645095534,0.56583020060468536,-0.81548853834740709,-0.12171535608817792,-0.16656197657896682,-0.25762722362739826,0.95178008048295848,-16.468798786423104,-14.814918881304081,-1.6571984423664028,,0.2945571202910779,0.1538461538461539,0,1
-0.99121265381740353,0.08347362820643886,-0.10261397714889538,-0.080139131561942731,-0.99612589024111908,-0.036206772623855646,-0.10523875001518414,-0.027665216163825657,0.99406209127491152,19.924441763555517,-5.558668520137366,2.0710990496789021,,0.1714280277920838,0.1176470588235294,0,4
0.44505980806183415,-0.82399099404926768,-0.35065739543557928,0.89522235820195606,0.39962745247441694,0.19716700688537325,-0.02233151636796266,-0.40166745070332555,0.9155132781244627,-3.2423403020179351,-11.923913241676482,-0.20571080538997802,,0.1233461677881095,0.7647058823529411,0,1
-0.91623442845338809,0.391253000527572,-0.086229703089275814,-0.39227406338625742,-0.91983209817794553,-0.0054745187909183458,-0.081458770621261348,0.028809733419966389,0.99626024107616695,-2.9541126684396035,15.965093155844469,-4.1141600498432931,0.1796765668660837,0.1705749060586603,0.375,1,7
0.20610387318285084,0.97219626243870949,-0.11115583996907676,-0.97121655544997043,0.2171017132054133,0.098006369911184665,0.11941354981291269,0.087756899577628653,0.98895860919332734,3.8695931999195561,-7.4572314137456086,0.20439689313826817,0.5364732303950966,0.3552479601190257,0.6918604651162791,1,4
-0.93505608190149403,0.35110811559839245,-0.048920495295679024,-0.34046316079625644,-0.92788771198665043,-0.15201720325279969,-0.098767200221789572,-0.12548898399910044,0.98716642723262427,-25.289734233307993,17.055007673871128,-7.2219228650359808,,0.5955540275647707,0.44,0,3
-0.70337759962147428,0.71079173228939185,-0.0059216264470891697,-0.71068043169379813,-0.70338158777512483,-0.013699123565430073,-0.013902386782483281,-0.0054272726106233517,0.9998886279750161,-22.988345164610255,6.2175208386861502,-5.3561068767602942,0.8952664361135906,0.8180480392407741,0.8623853211009175,1,4
0.39602997708050314,0.91822473354693812,-0.0048575669085217082,-0.89109132872509444,0.38559339301552248,0.23931982603562649,0.22162242920011951,-0.090449289468913355,0.97092864048291772,-0.61412624640020685,29.395131119894632,-5.8744363109541684,,0.3843314092403911,0.4705882352941176,0,2
0.99220726695740857,0.089070705723847371,-0.087127198846105869,-0.062480565662387272,0.96067079476373196,0.27056940514871736,0.10780036322490397,-0.26301717333641622,0.9587497317958964,-4.725282381558249,14.386262169730333,-4.0698417082817464,,0.2344780098591505,0.2777777777777778,0,3
0.71200434866725415,-0.65045073850559354,-0.26450641628596999,0.70217493159987543,0.65977893998175718,0.26766044868313754,0.00041582644084537138,-0.37630517819195158,0.9264956772453361,-18.666635065887405,0.95392908440731761,-3.8900618458477063,,0.5741615470245358,0.3398058252427185,0,2
0.94141330697391823,0.32989950166243309,-0.070052153823497623,-0.2969475356562658,0.90929227095377074,0.29156427602058221,0.15988479139712922,-0.25368067483869111,0.95398268783730233,2.4028692320123444,3.9760198408796272,-1.5044325457509051,,0.7455127350025186,0.3603603603603603,0,1
-0.64652832406145877,0.75663822243574219,-0.097466540595025047,-0.76265796923217943,-0.64418577463130511,0.058116346489717814,-0.018813509851400033,0.11190749801485998,0.99354051942289956,-8.266182376269283,-14.756620804343285,-0.56146592147379248,,0.07310838319417934,0.2857142857142857,0,4
-0.17074227586220922,-0.87968923133571619,-0.44383998412194742,0.9786064120736736,-0.20387852318474162,0.027623143056142264,-0.11478922197525618,-0.4296282160845421,0.89568020546528171,-2.5338183996277448,-7.8486796149272076,-0.61986432733795305,0.9125182149181337,0.4784491404807941,0.1065573770491803,1,2
-0.98773827071319154,-0.03920991217060351,-0.15111482837924392,0.060315864057560058,-0.98863247800110421,-0.13772370886810531,-0.14399689271475535,-0.14514959947919329,0.9788751139238987,-16.183671818054695,15.364122538657686,-5.7479305953306499,,0.401101987918598,0.1052631578947368,0,1
-0.35138388267919995,-0.91576272696018246,-0.19469975578757362,0.92635222752523172,-0.37020617790400756,0.069418559483379313,-0.13564998176310844,-0.15596798951117072,0.97840332618788228,-3.8103770762207096,-14.516677262367978,0.047555867401055198,,0.08317804141651378,0.3333333333333333,0,4
0.99175800035436601,-0.0095556024100390876,-0.12776838104824753,0.053423163132877677,0.93723392420666363,0.34458458607003151,0.11645614785826836,-0.34857031109771563,0.9300197330418607,-24.565865072314676,6.7361667006475825,-5.5641315428165008,,0.6396619591536555,0.3333333333333333,0,3
-0.72360243808098523,0.68808128409703095,-0.054255488926330551,-0.68927017460915485,-0.72448978029856093,0.0046026771783474274,-0.03614053122906688,0.040727198753708914,0.99851647822364786,-14.971370573824688,-7.4127861369303965,-2.3366894521970174,,0.3544573242452589,0.15,0,1
-0.80791240924654328,0.58929562628451682,0.002864232425109563,-0.58647452244003662,-0.8035501420852168,-0.10175855582484707,-0.057664317512449353,-0.083891799341574355,0.99480500224368407,-28.786757036749233,24.079474173684176,-8.6886958667642293,,0.4006188106852424,0.2666666666666667,0,1
-0.88592464579723473,0.46362725113641878,0.013685538817757007,-0.45616898565176006,-0.86557389475969382,-0.2066196729258345,-0.083948665852939641,-0.1892923789121542,0.97832561899772863,-11.737816055913207,-7.2204634612967702,-1.8923849043270184,1.144243468351209,0.6884945854137186,0.3773584905660378,1,2
