axis_00,axis_01,axis_02,axis_10,axis_11,axis_12,axis_20,axis_21,axis_22,location_x,location_y,location_z,dbh,dbh_approximation,score,reconstructed,number_clusters
-0.91985814488246809,-0.051021990317948525,-0.38891869304184778,0.058133855047339374,-0.99828742964475325,-0.0065316698176146977,-0.38791938362334866,-0.028617552607911378,0.92124892808188108,1.3275554034592274,17.329184904845615,-3.1354205550691714,,0.1669620973693506,0.1351351351351351,0,5
-0.7924157430634271,-0.45301580726147966,-0.40847762303027846,0.48746667267896637,-0.87285479073078875,0.022377607682859742,-0.36667906017733515,-0.18138685914238784,0.91249398582014007,-18.450695450351564,-8.3937931222919726,-8.3704567076242764,,0.1315977648561553,0.44,0,2
-0.90949721459248511,-0.012629517751741866,-0.41551812467071553,0.057553695491013211,-0.99373816026696282,-0.095770773018484898,-0.41170667808992079,-0.11101785491797653,0.90452896421594609,-1.3864331900214557,17.918997209094698,-4.1976043147306745,,0.3303602609554495,0.1538461538461539,0,6
0.92920156642150764,0.01684717702424084,-0.36918914066658293,0.059002654487842546,0.97938483678842525,0.19319427587870575,0.36483302444159893,-0.20129956307757624,0.90905189630822092,-6.5205463689864427,-19.63666808114888,-3.2721883092326292,,0.1828242466443951,0.3,0,2
-0.91559249454217873,0.21741724205552532,-0.33826044225566765,-0.20414091527453074,-0.97607860121573842,-0.074813441035715772,-0.34643451134219816,0.00055417118006439764,0.93807399614603748,8.4857200344308179,10.490217544123926,0.0095639555915155664,,0.2805712025143712,0.1612903225806452,0,3
0.32588047992002767,-0.72047302226687548,-0.61214421257798834,0.94431359844519513,0.27924489659403606,0.17405204830070664,0.045538342071027679,-0.63477626917821905,0.77135293315680209,-12.12406843681539,-10.466063916568649,-5.8941161916958693,,0.3622691201968848,0.3611111111111111,0,2
0.79222859333840956,-0.45357640482622852,-0.40821844750324338,0.55508848265642885,0.81353027750364382,0.17333569744004743,0.25347708440651662,-0.36391885437519939,0.89627698570866721,-12.995863909994002,-8.6992408623607922,-6.3232928804279718,0.4028163260104634,0.4778761521282103,0.4645669291338583,1,5
-0.41872902839468595,0.87351586455111851,-0.24826605719903738,-0.90488646574976217,-0.42436587115459257,0.033077054011951205,-0.076462310209331738,0.23850291775304797,0.96812699236243605,-10.050662920449698,-11.822248912903998,-5.0504317948076043,,0.06966366987724927,0.1875,0,4
-0.2820938436755282,0.9282423200259402,-0.24246496380555121,-0.95932713883191834,-0.27010042660760747,0.082080449846195391,0.010700657032727691,0.25575760958229377,0.96668171653332702,-7.7914923340374891,-14.217223138424799,-4.0160806189019436,0.6193478241053894,0.357434001797821,0.5,1,3
-0.70272363264493798,-0.52715548450613459,-0.47779346089853897,0.62190658068775206,-0.78132015974299263,-0.052640411058916758,-0.34555998179703867,-0.33413455842562245,0.87689360577332509,-15.371117249460019,9.7818302298713355,-8.6680353048545555,,0.118471990593445,0.3307692307692308,0,5
0.57319103745756328,0.77353968366648851,-0.27034864965719835,-0.75933351288290141,0.62542893237906816,0.17958637686665152,0.30800105647746479,0.10234748817790829,0.94586486395913782,-20.928644841025928,-10.971674472293731,-9.0171385124909413,,0.1434707144746818,0.25,0,1
-0.23121664584936177,-0.87062898718488368,-0.434216569646524,0.95486809505483705,-0.28861034143251585,0.070221021528835817,-0.18645584927407735,-0.3983832796336092,0.89806735759621759,6.7979593218825993,-11.232631624081694,0.71198145132139723,,0.09804220317060133,0.1578947368421053,0,4
0.64528092786583713,-0.57491447468115131,-0.50307640665678222,0.74121815867261154,0.63059707885545313,0.23009338407036609,0.18495449544844197,-0.52136424018249028,0.833049316470728,-4.5066555952026492,7.5028597697801507,-4.4380095740104597,,0.2532421254819243,0.2093023255813954,0,3
-0.88879956870734766,0.31054565136792217,-0.33704113262642837,-0.32768878954659642,-0.94476432888449102,-0.006357678265161427,-0.32039878881031864,0.10479389907771258,0.94146845663833645,10.928596268362199,4.4466936798438539,1.2564711406525544,,0.1712435042773995,0.1875,0,2
-0.38948748948819062,0.88399777016009806,-0.25854871472154239,-0.91990523466188678,-0.38724903623564844,0.061745794805967577,-0.045539595670644563,0.26188953069287896,0.96402283112985387,-8.8941107568936708,-16.390514000496378,-4.2894933883574939,,0.1340587828287204,0.3333333333333333,0,5
-0.57630308614193415,-0.66108488306041313,-0.48045970725158638,0.74157301175039092,-0.67008477277771161,0.032494084613890202,-0.34343008188965429,-0.33756951088692849,0.87641463028227873,-8.9463013497538668,-10.456974931152059,-4.8480330687588413,0.1537374129751107,0.1314976872276573,0.3333333333333333,1,5
-0.12984092294980856,-0.75649323497415666,-0.64098308882986821,0.9797736905010116,-0.19716069429397834,0.034222449175150091,-0.1522657221096434,-0.62357489210507289,0.76679169518623314,20.949810972730855,-6.6450100500434663,5.2359924714945993,,0.4202302739447597,0.2,0,1
0.32549859085180394,-0.73039937173329139,-0.60047266809164723,0.94387225090391524,0.28872257494919612,0.16045076717884668,0.056176875376480175,-0.6189959874557488,0.78338249034977581,11.373017180360026,5.9144919334841761,1.2895877162523819,,0.618837800076771,0.3333333333333333,0,3
-0.40038762720399818,-0.81804180445407737,-0.41291325256943356,0.88327160699376017,-0.46450427248915305,0.0637734201527793,-0.24396929368388226,-0.33918046377236905,0.90853486269628003,11.173582872037173,-0.25421995092755995,1.6774454456899073,,0.09487595318236208,0.1052631578947368,0,4
0.84637122305366019,-0.3403951161000548,-0.40961801440107865,0.44571748684375478,0.87369561500708948,0.19491509494924036,0.2915333166352333,-0.34754443924858658,0.89119088193217455,-1.8783091682942015,-7.8211101896280395,-2.3900457004374096,0.5006146376273241,0.4631797952619981,0.6691176470588235,1,5
0.76506262489033339,-0.51206614333697587,-0.39047079896441417,0.60160191739064894,0.78462994988123214,0.1497697390705775,0.22968307074707731,-0.34949121104452668,0.90835102268606638,14.231635109352428,11.50165613602783,2.0234076557418694,,0.2113115209561321,0.4166666666666667,1,6
0.39179460887970596,0.91194953622434161,-0.12184017331326334,-0.88599642914845955,0.40966591845162964,0.2172191584445553,0.24800667730723783,0.022844663258417216,0.96848893094946253,-15.440723328591613,-10.644466604734298,-7.0875835831612175,0.6995387974943437,0.3192643671046718,0.1538461538461539,1,1
-0.50366990707440062,-0.65398729931580679,-0.56446190043375322,0.81246994342003853,-0.58066031814074048,-0.052212890896173286,-0.29361405917753058,-0.48490639021393966,0.82380615255227518,16.625853038754013,-13.46587220410203,3.9593207903411192,,0.6259034234090231,0.1428571428571428,0,4
0.10162907748475383,0.96852195328346991,-0.22723722542217656,-0.98458075444416182,0.13061553405090795,0.11636288172248282,0.14238071705031671,0.21190754652104135,0.96686241169034459,-14.56002617553337,11.38666996958,-8.5002507735439856,,0.08789974695717095,0.1739130434782609,0,2
-0.84191373640556488,0.42680788566936545,-0.33017614871771894,-0.45206757230969974,-0.89198363848465201,-0.00031423191121691149,-0.29464583913171716,0.14899737382291522,0.9439192826064311,-12.904038986284869,7.4794374569177799,-7.5617625401089361,,0.09925766031048278,0.1964285714285714,0,5
-0.42820706475979409,0.86474118099621355,-0.26241455672099262,-0.90012177283707162,-0.4338879232500395,0.03901364020973884,-0.080121805736320287,0.25291097237376109,0.96416623893315723,-10.961812368266495,-10.860354948654383,-5.489058831479503,,0.07503064935662312,0.1923076923076923,0,2
-0.92040444681756495,-0.065149250428093441,-0.38550127035732334,0.13556918862107636,-0.9780247894518127,-0.15839351727378403,-0.36671057985157118,-0.19804819208060223,0.90901059632906911,-10.012991726979427,11.456081270877595,-6.8050205340213914,,0.4903210558466012,0.1888888888888889,0,4
0.79793840909158387,0.55670990574820256,-0.2310159651154429,-0.48824330074712941,0.82174568758270283,0.29385796605635667,0.35343001368296417,-0.12168856060065042,0.92751232856873755,10.37423222452361,12.704939669965908,0.51828927093031696,,0.1261737336045033,0.3076923076923077,1,6
0.45547347226744778,0.85672647535916646,-0.24199930264216804,-0.84484233779622442,0.50167223044765152,0.18592040626216946,0.28068726427760515,0.11976944358366021,0.95229719103650423,15.504084849760488,-10.446328268084409,3.6645531794280397,0.6346480071984433,0.5236117874929402,0.7547169811320755,1,4
0.65441946744733304,0.66528419528557969,-0.35934955145257663,-0.67839240189898442,0.72648643656858647,0.10955001838249159,0.33394447094041863,0.17208834064252043,0.92675061011214255,-3.3212628111340674,4.6063400267624397,-3.7966339644113676,,0.1197167930973283,0.6212121212121212,0,5
-0.90462084847341206,-0.18168352955184736,-0.3855544262446321,0.18746707768648416,-0.98200402565437728,0.022895160673971814,-0.38277567228199633,-0.05156732190234678,0.92240099524061991,7.101803549475286,0.061683838588778482,0.31071436193576946,,0.09561632456943074,0.3188405797101449,0,5
0.50187501646961719,-0.76217320075848383,-0.40891744874630709,0.85679875212217138,0.50279632977960365,0.11441918161763508,0.11839495853080319,-0.40778408846560882,0.90536996359983235,1.5618305879095051,-22.650976429648285,-0.38260050025930975,0.6660926555542027,0.6539584537417308,0.9175257731958762,1,5
-0.57073247254246395,0.74695604104929403,-0.34105881827850454,-0.80737419630403018,-0.5861962751782821,0.067237148285213974,-0.14970421479699833,0.31373651318753459,0.93763428284429806,-7.9730981820989415,8.6483814658820446,-5.846307751950568,,0.08359235866926004,0.1728395061728395,0,5
-0.34232734085764971,0.91748638457881149,-0.20256042509293454,-0.93856075256151295,-0.34395728430751438,0.028232965181948979,-0.043768772572415668,0.19978018090966793,0.97886269408084181,5.8781412542915961,6.4116571962805073,-0.68600976649464052,,0.09726885122681476,0.4545454545454545,0,3
-0.1446488845026031,0.94189482151544712,-0.30316801515749803,-0.98855677402771247,-0.12430903644022231,0.085456234314562757,0.042804260723373955,0.31205994401987558,0.94909766968539011,-16.564100604626812,16.78592875839335,-9.752438503923111,,0.08120809107343346,0.2272727272727273,0,1
-0.89602011538756854,0.32083149845462217,-0.30694478725042462,-0.29718408759331533,-0.94695869724801995,-0.12227364306202444,-0.32989327198682811,-0.018340537224751763,0.94384005731486653,-15.55731672081939,-15.274797892136709,-6.8462630274231993,,0.3405767782174708,0.5454545454545454,0,1
0.038125508534505574,0.96334727366853579,-0.26553432153750728,-0.99355779756712714,0.064923924556681126,0.092885881132268228,0.10672089060978093,0.26028237423144374,0.95961645315818644,-6.5118099331265453,-8.0234567611026879,-4.1102467124809925,0.6487545440226344,0.3110533187101084,0.2439024390243902,1,5
-0.89399357939434365,0.26538683664750529,-0.36103366454656149,-0.30749875836861568,-0.94942523742864315,0.063531347658641046,-0.3259140892987728,0.16781402047443394,0.93038618913264048,0.64648400997035449,-16.292948626778021,-1.2657848631263859,,0.2557837391044512,0.575,1,5
0.13387681611049812,-0.89448588839462695,-0.42658175485009869,0.98993859068963652,0.10081105275010604,0.099291078687014561,-0.045810312938588955,-0.43558251469301329,0.89898236252007668,10.146040517145984,-9.7291440163639553,1.8044634702602254,0.2601967246492868,0.2684707790963123,0.6166666666666667,1,5
0.60270694361068633,0.73032948584266655,-0.32150144981360917,-0.73358129697707808,0.66566565677781719,0.13692229223901559,0.31401086103651593,0.15332343426673209,0.93695736490822379,17.960489078201878,-8.6758166976782078,4.4579055724823018,0.2209839426362659,0.3061012287274527,0.6060606060606061,1,5
0.083025515943939129,-0.85710547528662562,-0.50840630202224069,0.98989108636144041,0.012064441520678166,0.14131555608976989,-0.1149886987682245,-0.51499966357705618,0.84944272653964681,7.2793833085030482,-8.8548661564338911,0.81644763907172402,,0.696315654741186,0.1470588235294118,0,2
0.16886917619708683,0.93796543773319041,-0.30282674741261167,-0.97163933405106473,0.21001726130970433,0.10867269425561565,0.16553007538003606,0.2758869108347764,0.94682955518653078,14.361744884089042,-9.1454039648333119,3.1920054313681008,0.1668936795775191,0.1263089763968314,0.4285714285714285,1,5
0.8562655393916575,0.40739425677201163,-0.31755195732272251,-0.31546307107777738,0.89925105337980415,0.30303563120776356,0.40901390787660152,-0.15930305252722199,0.89851553165152276,-0.71415892824139504,16.444702130905142,-3.8598171386348175,,0.2754705114705958,0.15,0,3
-0.70379812856092006,-0.52836925662857304,-0.47486221463063943,0.59076030722981376,-0.8065509155972268,0.021860465480200351,-0.39455095188819705,-0.2651443931125908,0.87978860936310921,26.17474074028997,-11.203141083258274,7.2370430562919905,,0.302591827634307,0.36,0,3
-0.89454808378630002,0.27332508344053164,-0.35366244436819222,-0.29195432658477311,-0.95643200113892612,-0.00070596446113827872,-0.33844703719000097,0.10262176162790788,0.93537285456533026,-7.0106893920337763,-24.742655470687087,-3.2431076346266505,0.3652774061370014,0.2680425637347854,0.6666666666666666,1,3
0.24145563374057208,0.92350938418326345,-0.29804294029617356,-0.95512054597435014,0.28047269369156597,0.095288040965572307,0.17159230633276767,0.26165910154024202,0.9497844992357769,-5.6793251012899884,-10.091791014142013,-3.5397807679046922,,0.139926213006645,0.2884615384615384,0,5
-0.71157262790208142,-0.485931361427341,-0.50747916922953307,0.61183062513609499,-0.7836473609993575,-0.10751790429652995,-0.34543839011624261,-0.38699809506005767,0.85492970065016782,4.466527708808548,7.105274622557185,-1.1596249313140352,,0.1579246603580782,0.3333333333333333,0,4
-0.91728290889006314,-0.11564511991198465,-0.38107515177288437,0.11680254921855183,-0.99295018151834868,0.020176756893167423,-0.38072198459536311,-0.026002754915987233,0.92432387569647234,-10.665827848944225,-12.360321937373037,-5.2315262504413376,,0.07333430146128711,0.2173913043478261,0,1
-0.08852684153673869,-0.78974696133141853,-0.60701131405874176,0.98237125211421028,-0.16995786642535099,0.077852724163649925,-0.16465030017308804,-0.58941840886413943,0.79087054436549775,-8.1718093598797701,-5.4305210794152341,-4.8220292535228459,,0.4137259646816218,0.2564102564102564,0,3
-0.26296139934303409,-0.79973736474697643,-0.53969570119013788,0.93997824904282745,-0.33844702428574025,0.043525889749752085,-0.21746768445434247,-0.49585659134440141,0.84073423091865229,3.7658934802804138,-13.011694808708583,-0.24849279107932368,0.6315295678984114,0.5173066895654147,0.65,1,4
-0.91006208832153412,-0.11788068420469899,-0.39735518077820492,0.1393851690639151,-0.9899081986852275,-0.025564287996967014,-0.39033161548210737,-0.078650508372165584,0.91730874163932841,-0.5958097610332771,2.3242699906110711,-2.6375271441908561,,0.2007320301773597,0.3,0,2
-0.81673726624611265,0.53601080569736892,-0.2136180097755884,-0.53709212391192585,-0.8415231727873369,-0.058058591902578012,-0.21088453797422521,0.067313934943599052,0.97519051769682741,0.22489434912155676,12.395852315938537,-3.1411624577262698,,0.2712794367575094,0.14,0,4
-0.05723682385328719,0.97306371410945847,-0.22331805632033827,-0.99023502318957124,-0.026851826064402281,0.1367975814324088,0.1271162650644567,0.22896721975102263,0.96509868274469734,1.8839129426148322,13.040617442691714,-2.5097083939373812,,0.2519942217768595,0.3703703703703703,0,5
-0.59283286245506261,0.74873262486242664,-0.29656138261742221,-0.78666354755628831,-0.61721720561403615,0.014261277648058726,-0.17236490402483759,0.24174858336838434,0.9549073056060926,8.3394782370087128,3.8983518290163737,0.40270286297454994,0.6154259549719685,0.2639045086878677,0.28,1,4
-0.52123228943472744,-0.74814757796610587,-0.41059968586700296,0.80243336884815775,-0.59344274577378564,0.062660961111890623,-0.29054705128365749,-0.2968179729597234,0.90966010241103368,24.145590384665695,-9.8655987108624217,6.6192734272518736,0.2834719193748308,0.2621284451779652,0.4193548387096774,1,5
0.85740795931676073,-0.31995961959783847,-0.40308489568213218,0.45112578634669998,0.84420617945284204,0.28948480351601913,0.2476633121666196,-0.43004856516496276,0.86817113255752598,-12.169489242111418,-16.788591215102009,-5.5477086000431965,,0.3493547549735416,0.2,0,2
-0.79548465503345167,-0.34687646423363605,-0.49687109210244967,0.48073041097267527,-0.86043768180400837,-0.16895344831576148,-0.36892063587220597,-0.37326091985702831,0.85121903769542895,-14.831519726287935,-11.857765127402065,-6.7440128934643697,,0.6400936925348465,0.4242424242424243,0,1
-0.74419443011072894,-0.54782957135846233,-0.3821745817520677,0.56632897386483694,-0.82086166329928323,0.073875727317785939,-0.35418377087800812,-0.1614586339305967,0.92113243671900813,10.479522085340824,-5.1890675846798988,1.7177082069777856,,0.08293572362933792,0.25,0,5
-0.91644014724605793,-0.12186868079784105,-0.38116332609029474,0.13009311890677919,-0.9914927902615166,0.0042222354905481129,-0.37843524799987777,-0.0457172997893028,0.92449807548271579,3.339007756684333,5.606267183122374,-1.3983190080832311,,0.1020832220903136,0.1095890410958904,0,4
0.83797549712279518,-0.36612482615221875,-0.40465995341374167,0.48464129076381479,0.84014914317214773,0.24345890107755119,0.25083836530440778,-0.40012751580229133,0.88146360423405989,-10.143792775479762,-8.4311146032044615,-5.3330450560924465,,0.7902728951352915,0.3314606741573033,0,4
-0.48996490312501284,-0.77318343390694766,-0.40264347906995468,0.82515831324211253,-0.56031446074669866,0.071843323736917389,-0.28115503159845467,-0.2970439068723621,0.91253315862870166,15.847542460375557,-0.28757593021721023,3.2339957169248157,0.5327655275845911,0.3231747667320407,0.36,1,5
-0.89569386502152437,0.32996303671102861,-0.29808873606233299,-0.29845435005007093,-0.94302477852258959,-0.14706892271520283,-0.32963237265018808,-0.042762851832601284,0.94314041234810331,-8.56251681222302,-14.244014010166085,-4.3078854177550179,,0.7857313021609416,0.1081081081081081,0,1
0.91749291851889214,-0.059841953851686773,-0.39322472585901863,0.13654933663084709,0.97592269732872938,0.17008576514304435,0.37357867060816441,-0.20974706052250605,0.90357354292210612,-2.4240769545004164,15.61932573292153,-4.3367515226410651,,0.3555015142093332,0.5925925925925926,0,3
0.91821529081608622,0.14199754604959097,-0.36975312930037946,-0.10526503476211045,0.98744190328063264,0.11780390529202217,0.38183759920686244,-0.0692472711477813,0.92163163100586121,-0.76528969065675279,5.5217830403443271,-2.8206752841254352,,0.08451540721957199,0.4,0,5
-0.92561348914056762,0.034638969380171893,-0.37688169300365698,-0.031849245043604736,-0.99939970122033872,-0.013633150437398635,-0.37712768966382682,-0.00061563055141669305,0.92616106951644628,19.661187557895971,-1.5003823176395661,4.5777299023691089,,0.1587961480242008,0.35,0,5
0.60812190782639197,0.76998834144938666,-0.19314683340301977,-0.72902084532365163,0.63797935716447396,0.24801400548274447,0.31419158535068958,-0.010014682422775849,0.94930677540550268,14.00408700839672,-10.621258837929277,3.1189212916781619,0.2770523278493184,0.2266955102539683,0.26,1,5
0.51913904144878986,0.78822100883864132,-0.33045770813982556,-0.80369759133457908,0.5817527756488684,0.12503555377504771,0.29080033928217353,0.2006772265361263,0.93550190455345472,-17.323836402551269,12.693237728026796,-9.6349690329959881,,0.07795329907088364,0.1777777777777778,0,1
-0.89674264222717048,0.31521479664080726,-0.31063204211756384,-0.29434649136481639,-0.94896648458896382,-0.11323760041649815,-0.33047356419637486,-0.010111533294162308,0.94376108219283272,6.2774477062015981,-10.426411018312502,0.46081633167675334,,0.1140160622471861,0.25,0,1
-0.053644823728250426,0.96453013274561383,-0.25846441904620909,-0.99569534464614784,-0.03207572515484225,0.086959349731817667,0.075584479472670149,0.26201673778886803,0.96209885956762575,-7.9897938930430294,-13.282321030258817,-4.1943873423904376,,0.1284139174891025,0.4375,0,4
0.63096772940932522,0.69277038261409696,-0.34921185749736194,-0.70010532403715098,0.7023927174558684,0.12844067003794399,0.33426375768078104,0.16344316271315226,0.92819937129015884,-17.617669679525584,-15.966683589821198,-7.4483817015640916,,0.3269980534083404,0.5365853658536586,1,2
-0.9275992066240466,0.082516285705335674,-0.36434979684890018,-0.083851422358553224,-0.99640378524365814,-0.012183419904012529,-0.3640448472906696,0.019249918064900548,0.93118246859335152,-25.738217395207315,-20.918778086327006,-9.8434593111702053,,0.2935302481254593,0.3888888888888889,1,2
0.54360847744289598,-0.70369158376237007,-0.45750188873295711,0.82754076669630749,0.54041886905294056,0.15206487243024625,0.14023588238358631,-0.46126521754143479,0.87610975133173197,4.1822411660818224,12.290279347474964,-1.68731449672615,,0.180325601644972,0.2941176470588235,0,6
0.44221620117927024,0.84566954873567812,-0.29881071894389838,-0.85211545819012624,0.50009859566451964,0.15427456215399241,0.27990012027151012,0.18639852187066733,0.94175979618819172,-3.7536883820412679,11.650008091012063,-4.5488516171758837,,0.200981570807747,0.2844036697247707,0,5
-0.93129615409648925,0.11876005086783774,-0.34435958485710261,-0.14519832457613716,-0.98803874719989104,0.051931498841762951,-0.33407322536439549,0.098364039920785587,0.93740044577815929,-15.357370940884008,-0.94606649400777287,-7.709175670517924,,0.1778605847035163,0.7862068965517242,1,2
0.85769487530331889,-0.26904631118082212,-0.43814790119138552,0.42027085013999038,0.85776788770969181,0.29598422818904147,0.29619573494740536,-0.43800494660910522,0.84877544341534827,-10.2164545319048,15.675277410349675,-7.3104103856210605,,0.2937399665840208,0.4615384615384616,0,2
-0.36868979644868871,-0.83260041153658992,-0.41333326590503827,0.89882209618862485,-0.43270672218988904,0.069883703213036233,-0.23703728271668589,-0.34574766417256203,0.90789420051099945,4.0339165317532473,3.5384083527028429,-1.0322670418162014,,0.0709314085333243,0.2363636363636364,0,4
0.91302139618698031,0.18004733189719213,-0.36602580289029041,-0.13839582221430249,0.98082104192083142,0.13724678545949254,0.38371672689421105,-0.074652809739748763,0.92042839563952883,-6.2082026480259831,-12.870357877476206,-3.5712179056095352,,0.140675412609665,0.3703703703703703,1,6
-0.8276132822902702,0.44843502626657278,-0.33758300045177692,-0.4855000474260539,-0.87373536805916086,0.029600853903609184,-0.28168414745247111,0.188394622587328,0.94083022233246405,-0.47178088740572788,-10.041796381015834,-1.7958576157539852,0.2363498282530174,0.1456131344914739,0.3863636363636364,1,5
0.80540201325581862,-0.44905698641892161,-0.38687907670463473,0.52721126200729296,0.84102409460092331,0.12135385248674414,0.27087982991753301,-0.30170564338284023,0.91411039951134732,5.3763286319675476,9.664721582519503,-1.0099835388651923,,0.178117051125011,0.36,1,5
0.90043874834792792,0.2599395887417798,-0.34877137307750766,-0.17581564041551648,0.95088130993250131,0.2547814651938613,0.3978679693804183,-0.16809564130519075,0.90191182180704244,-3.9583307559022591,10.394200946065908,-4.5296270484978773,,0.557140847168435,0.8867924528301887,1,5
0.39787316954053309,0.86072034075367043,-0.31758059760107554,-0.88217364404310361,0.45398020471602218,0.1251864029426126,0.2519257881112647,0.23035292214097178,0.93993134246371113,-11.939484701993543,-12.631281834294541,-5.6016038474806003,,0.08910560175269654,0.36,0,3
-0.83796901184670125,0.41447720672471688,-0.35498814105592158,-0.46249167403652824,-0.88467085763577391,0.058812627018974405,-0.28967116983150426,0.21346221856726705,0.93301902157072225,-14.655970228062415,16.615829790135301,-9.0191507858623385,,0.1071287930383188,0.2272727272727273,0,1
0.88187826530908586,-0.25710633559671958,-0.39520508267412713,0.34095875282453791,0.9267153003177605,0.15794265107721106,0.32563454062456626,-0.27403482324877809,0.90491273700796049,-5.2083937234335229,11.953621484218454,-5.115851690146493,,0.1023873644799654,0.2203389830508475,0,2
0.92833279769203103,0.013311331954643551,-0.37151181027105873,0.035678255107523496,0.99155528181577512,0.12468033211264948,0.37003415902017522,-0.12899973466961626,0.92001836373705048,-2.2133352455947661,-4.3606327331687762,-2.6495603960899414,0.3555013178049833,0.3029921952924614,0.7321739130434782,1,4
0.56353853474355564,0.76502417097818665,-0.31170873853362602,-0.76748388583881832,0.62444585953036891,0.14503742100963476,0.30560236392546725,0.15749725818094978,0.93904302820938379,-8.8034096327517144,-8.3939882842000308,-4.898478684658957,,0.1116534447100658,0.4473684210526316,0,5
0.52597342898223309,0.8159542501209005,-0.23993877076102224,-0.76087484127160665,0.5774897627476423,0.29593081935070359,0.38002819359171086,0.026911626322285841,0.92458333126014713,-9.975894107701512,18.805080876228988,-7.4535521114631775,,0.7871408989500461,0.3421052631578947,0,2
-0.21641758120032975,0.96305678840439179,-0.16026556977597164,-0.97590980191235677,-0.20875028343096619,0.063430100889682969,0.027631306136025265,0.17013212946327766,0.98503379101709387,5.3326558858738053,-22.690051862637734,0.8699523273764771,,0.2876843846482593,0.125,0,4
-0.58511778599569531,0.75443294878719691,-0.29743587930132226,-0.78709097874930112,-0.61663703691867755,-0.015702097682203792,-0.19525615914219827,0.22492152072313742,0.95461266586643867,2.7835555749413579,16.00926430245028,-2.4759461762919242,,0.6055331795544265,0.8125,1,4
-0.16386983469459568,-0.87850113279372022,-0.44875654530860737,0.97883339510989986,-0.20133888148240955,0.036712932612889708,-0.12260449377894835,-0.43324175062378584,0.89289961564648757,1.8996110833717403,14.451853871480184,-2.6718275602329919,,0.1405753095805962,0.4516129032258064,0,4
-0.9257581503813147,0.076549633394969105,-0.37028637651102159,-0.096344684295689986,-0.99472427127214802,0.035232455918616776,-0.36563581445275589,0.06829185726855927,0.92824925177469431,12.327937827986203,2.2651725787456298,1.9048679134602715,,0.2498052915536046,0.65,0,5
-0.72434073871281879,0.64688929993405742,-0.23846326314926097,-0.64325915551740742,-0.75856893099736522,-0.10387894766769157,-0.24808900234391787,0.078149923584992842,0.96557984463205337,1.5043351881334597,-5.7550973674876635,-1.2502619369211398,,0.5404909992427044,0.2834224598930482,0,4
0.46997166064410717,0.86061040448173498,-0.19615394436310635,-0.83593675919150379,0.50531233702425815,0.21417090531509667,0.28343671749409238,0.063318036520937815,0.95689835062419626,-4.3578108355799392,-24.590241122394005,-2.3490696398682185,,0.2419520282042412,0.1111111111111111,0,3
0.92154541448660088,0.1567385689466653,-0.35522819432481856,-0.11545736460678736,0.9841355643631855,0.13471001415488923,0.37070695434099282,-0.083127684679091943,0.92502223867489775,-3.8158058764064156,-13.309303999453249,-2.8673465663400197,,0.1315111606167914,0.3870967741935484,0,5
-0.19461956346647122,-0.90016204199609651,-0.38965564754734155,0.96489588816841521,-0.24711477854590061,0.08893936822294006,-0.17634951236622529,-0.35866779110149877,0.91665602333403484,-23.292348195205758,11.93204524332665,-11.791326013808273,,0.2054139732661146,0.6781609195402298,0,2
0.54319218518000956,0.7676563804883727,-0.34006753954891938,-0.78569886869571504,0.60754852592176867,0.11645632821173001,0.29600597576677162,0.2039325137043515,0.93316236109510176,0.11956909382711628,10.090851388455773,-2.9705614479828539,,0.5157702190760977,0.7974683544303798,1,5
0.021763728174083723,-0.89879157489521355,-0.43783563700702405,0.99585915563412608,-0.019175015424439442,0.088864283731754326,-0.088265974620177476,-0.43795664589186734,0.89465249904278255,-17.187956868868476,-4.4104183972992708,-8.2194573719814077,,0.1670442355303583,0.3225806451612903,1,2
-0.51058123105937003,0.80928395785345542,-0.29045874414612649,-0.85132935245364139,-0.52319818443637212,0.038755560289429197,-0.12060323437106468,0.26706391625139209,0.95610236088805267,13.050650126326799,-0.92468881630970989,2.3762567894025284,0.33063215985459,0.4031990061479618,0.7380952380952381,1,5
-0.88850752566251778,0.29838449999750155,-0.34859871916332685,-0.31289250072785368,-0.94966418613189463,-0.015369338525671541,-0.3356376913121365,0.0954181520450261,0.93714604861300688,8.8605601311371185,-13.680621205383474,1.5209389046167343,,0.3130270141723339,0.1428571428571428,0,6
-0.90648320027173357,-0.13551500265630889,-0.39990485328409919,0.18088734626365685,-0.98042244771046205,-0.077791978938180281,-0.38153371487564275,-0.14285484969187073,0.91324942722823821,-6.5447133084230193,-11.167553738621233,-3.8419615237657831,,0.09767082078052813,0.125,0,3
-0.73089570344629951,-0.51957189027818373,-0.44253420378146374,0.58390574281247931,-0.81174233792770023,-0.011334033980818579,-0.35333490373064763,-0.26668225971823928,0.89667999763417716,-2.779230220368905,22.081866255393383,-5.0491879791494654,,0.07904860596975247,0.2,0,2
-0.76600223270304235,0.60449212807261177,-0.21870035800656223,-0.60146557815787027,-0.79402962318094239,-0.088068812881454087,-0.22689146697302678,0.064079829973049854,0.97180967149203257,3.9662350715881876,9.3461115084376836,-1.438835128219536,,0.2405939211748641,0.1875,0,3
0.92513120252155223,-0.074688725595248459,-0.372228226213414,0.13403143219625097,0.98157786451889217,0.1361633984224582,0.35520111669932664,-0.17585929078524393,0.91809894703134409,-10.760652027299027,10.473618208382412,-7.0371800455513069,,0.06972904514211686,0.1904761904761905,0,3
0.55346342078441313,0.81320597979552045,-0.17992853102946779,-0.80661114211310281,0.57717641446630452,0.1274592170178962,0.20750110185878565,0.074588343651184205,0.97538703688267347,13.73185706872203,0.10106808906124569,2.5585097211001457,,0.2706523806344358,0.1666666666666667,0,2
-0.88643563125656155,-0.25632466128482151,-0.38539530310579073,0.25648020308740344,-0.96514996124396879,0.051994785652135327,-0.3852918076770217,-0.052756234967904408,0.92128551633518374,8.8782690327534493,-0.094759451693966032,0.94222120342291737,,0.07466318938265532,0.3571428571428572,0,2
-0.4148696335599667,0.85603050632734334,-0.30837470613974094,-0.90767685133460696,-0.41294603440856248,0.074821829819488581,-0.063292343147596672,0.31094588741965207,0.94831784460469404,23.317656148782795,-6.60528394143632,6.0299413885697781,0.4943309801455639,0.3714063975278702,0.5434782608695652,1,5
0.70172719543526962,0.65219341024025745,-0.28674500662737451,-0.62292646191235967,0.75698795106235062,0.19731159366791512,0.34574783619843413,0.04016214119797705,0.9374675654007949,17.206116813305787,-3.6188103635833508,3.9399757627074439,,0.2836038159178297,0.1538461538461539,0,1
0.25554603788356833,0.91261959839829665,-0.31909511300134463,-0.94539055284451035,0.30495412713820436,0.11506382113299733,0.20231886989196129,0.27226540169604174,0.94071176559291114,-18.215312987481806,14.029372184677962,-10.254057014547742,,0.07842214281439382,0.2962962962962963,0,3
-0.81580026839492215,0.46373531775049176,-0.34557123311644855,-0.50817597962512218,-0.86004875494863864,0.045533645179612108,-0.27609254937216193,0.21275735987773953,0.93728715450444211,-18.283152807761684,16.170487671214477,-10.35659632858555,,0.08149191960960833,0.2105263157894737,0,1
0.67355093184464454,0.6560222434637395,-0.34053481215877535,-0.6559043907288189,0.7428892292001531,0.13380965346737272,0.34076175318522306,0.13323066170819656,0.93066160248875041,2.9870433610176885,8.4591250070220045,-1.7632951442543845,0.1916320189935556,0.2141235311263031,0.5543478260869565,1,5
-0.88241692821252415,-0.27716324388137492,-0.38015904703837655,0.27639931258500394,-0.95930151068996605,0.057827602323515873,-0.38071483397224021,-0.054047644066165142,0.92311162237531563,7.6769101313606685,11.659121568012619,-0.36752756015947957,,0.1227673592233805,0.5,1,5
-0.694827273300057,0.6863158478418564,-0.21490839276194595,-0.70350356290806226,-0.71067440969723894,0.0049618924961851068,-0.14932446970965887,0.15463647824040647,0.97662160653107333,8.1694388931039299,-10.598777414157752,1.0939520477294187,0.1287207369330016,0.2585673494005178,0.2857142857142857,1,5
0.54639380510601621,0.75527359616178946,-0.36196077782352037,-0.78212570557446748,0.61471232264079523,0.10202029735891223,0.29955498730852576,0.22735557027352057,0.92659389931306602,-22.080734342263792,12.700217227309185,-11.429502334676487,,0.1138202420402821,0.64,0,1
0.36295671835935955,-0.79992056050976534,-0.47790115868404065,0.93139390345582551,0.32669857317922807,0.1605410816208051,0.0277095146678175,-0.50338368979973969,0.86361857532157948,-21.386100353436078,10.845040809901272,-11.04211314656078,,0.1840620838201581,0.3333333333333333,0,2
0.59897155540723535,-0.65753143992548946,-0.45703991217676992,0.78265271765489597,0.60142408538920855,0.16044872408704147,0.16937473058411812,-0.45380775117142558,0.87485468828616975,-2.8731737921358453,13.274470245682631,-4.3087696934911168,,0.09171158836220464,0.3333333333333333,0,5
-0.91499595920765076,-0.12425860041582561,-0.38385178761648614,0.12516971067503843,-0.9918752769883441,0.022715158569201876,-0.38355565197660557,-0.027262338894471112,0.92311528354523809,4.308890127150546,13.816181313900266,-1.7439882721122042,,0.08416919387004859,0.2941176470588235,0,5
0.46610424874096928,0.86014079941341037,-0.20713433923440946,-0.84144862497025508,0.50331255272460618,0.19657234242259702,0.27333320479093454,0.082669700944779087,0.95836041221683277,2.6900845215531968,-16.483946975014636,-0.55917772967972557,,0.4696094154850388,0.625,0,1
-0.82536137361221884,-0.35071602905895405,-0.44246680091286916,0.42021332270593414,-0.90498343875581433,-0.06652622789650714,-0.37709331254927886,-0.24083862343656268,0.89431392200490334,-3.9903329488362251,21.444869559419754,-5.4171724486740214,,0.1253912238285984,0.5789473684210527,0,2
-0.65730602394641369,-0.64824489713232691,-0.38435315040422852,0.67430299985241116,-0.73364085213716368,0.084181734749857517,-0.33654755276750392,-0.20383732096295576,0.91934003029828371,8.8678558712771416,1.6365536137942758,0.77026371287503448,0.3905753552230623,0.35795209206451,0.7823529411764706,1,5
0.4818121209264874,-0.7145452820867525,-0.5072298492556262,0.87072491093590043,0.45544178871420571,0.18550176971790663,0.098464255463545869,-0.53103466642053632,0.84160975128359916,7.3881237614138628,9.0521794018511788,-0.2694978200127558,,0.1174401344997735,0.2222222222222222,0,5
-0.1646473114122303,0.97763634990333936,-0.13083741893051404,-0.98580129402281347,-0.15866715505820453,0.054959463322357759,0.032970768078253151,0.13802862476099118,0.98987929930821317,-14.554724756839935,-6.724916675036944,-7.0582140312897295,,0.2494286736943859,0.4310344827586207,0,2
-0.65976643137962687,0.69572304741518709,-0.28403819693822657,-0.73391660987011065,-0.6777730205598983,0.044611011621313118,-0.16147651773975472,0.23789319850815077,0.95777458742765043,1.7602301714140203,2.3275191215701332,-1.7249586264417232,0.1569848582701295,0.1017292651572053,0.3025210084033613,1,5
0.57366500014502453,0.74407730018907503,-0.342428735581502,-0.75991315944152449,0.63949632096293285,0.11651800540034049,0.3056803194780609,0.1933738007544212,0.93229078911334329,-3.680150677492056,-10.556612768390806,-2.8166160811764054,0.2480274893326488,0.2107998489171745,0.8114285714285714,1,5
0.53204319839067804,0.78229284344614325,-0.32395669793842063,-0.79367849953260516,0.59405480181555448,0.13104705956088514,0.29496520883977101,0.18739476922483614,0.93695182695871859,0.063805150041972042,4.3444245119231741,-2.4650914654638472,,0.0599047829470869,0.2608695652173913,0,1
0.66169610691725345,0.67365390429218275,-0.32916360570763081,-0.67014357517707546,0.72826720813872292,0.14329850731503349,0.33625265908158597,0.12576681112967772,0.93333641227524944,-12.753747703007017,9.04320756543596,-7.6637503764406176,,0.1430345080457974,0.3417721518987342,1,5
-0.90782029970594669,-0.14429268115253624,-0.39375363567542709,0.17724617073625684,-0.98297394662514692,-0.048435681222784889,-0.38006065095078989,-0.11376221878107895,0.91793902802793348,-5.2296488476790062,15.520008240411943,-5.3724447472489416,,0.3274033153981327,0.7938144329896907,0,3
-0.043858388513738196,0.96317910035069421,-0.26525923622864567,-0.99705212191381776,-0.025468178249339741,0.072377054953986206,0.062956397166058345,0.26765162533466202,0.96145675904409889,-1.0197468511162215,-15.267280001329377,-1.8211326848819096,,0.1295380668952187,0.4090909090909091,0,4
0.26858746812259365,0.9431759858958354,-0.19565232325968773,-0.94137812794254705,0.3000588628835269,0.15418138355985184,0.20412739208366934,0.14277163035583576,0.96847729419261896,21.617522839696726,16.076945695723488,4.4765681431638829,,0.2396107616442391,0.125,0,1
-0.19449313649503652,0.96148931769670121,-0.19419246074823468,-0.98089679654067863,-0.19139456452908604,0.034779235255473086,-0.0037275182839421397,0.19724708521003054,0.98034672080014096,11.133180116005892,11.341804855332898,0.92486922548286521,,0.3327388228679301,0.3076923076923077,0,4
0.87963045710076826,0.3240678388853282,-0.34818141067679992,-0.24804925467463346,0.93711094110409598,0.24554969215691227,0.40585936751053586,-0.12962684854299508,0.90469611137705208,23.453503520053513,-8.161690820921617,6.1727016835468653,,0.2382869715843889,0.2222222222222222,0,4
0.76767039615106036,-0.48225124694725352,-0.4220377917806577,0.58493719330622174,0.79631451110876572,0.15405089835715854,0.26178358000515317,-0.3651259155626001,0.89339376706145612,9.1129269612744537,4.632006292238029,0.63251213021394981,,0.1307061308320998,0.1875,0,3
0.88444009075956875,0.36091570296990555,-0.29581342296613961,-0.27614113181221672,0.9157813946873713,0.29170278103905806,0.3761805433281647,-0.17630738071388743,0.90961745054013499,2.5719947997643953,-13.30574592228205,-0.65098458600705422,,0.2021201206466906,0.2195121951219512,0,3
-0.92343122466666749,0.1223835796624097,-0.36372659064142182,-0.12781148273077239,-0.9917557270042513,-0.0092088455535497115,-0.36185494081576303,0.037984699331208176,0.93146023233626962,15.121174960930137,-7.9558009366885489,3.4692737441801178,,0.1151173271724986,0.1904761904761905,1,4
-0.70998254831676899,0.65500598303135815,-0.25863476811664654,-0.67106628659432599,-0.74063790822620512,-0.03354888813081016,-0.21352943610221306,0.1497419483359157,0.9653924221923621,17.13301553076051,-9.1031040654157618,4.1661171564550585,,0.1012485689585501,0.375,0,4
-0.2863147235525097,-0.82639386916787128,-0.48486807698466278,0.93382533131085677,-0.35395289426469217,0.051842060566840965,-0.21446242020274384,-0.43793894739267331,0.87304945374095455,6.3591011020575525,-12.714742480076465,0.66604002371071436,0.6905237250738762,0.2288601094796675,0.3333333333333333,1,4
-0.13915251436352086,-0.88890682418663614,-0.43644156041873261,0.97793466003536633,-0.1927026941320526,0.080681301277063605,-0.15582162381332665,-0.41558432307857401,0.89610785732717535,15.413444349056551,-6.9570710542506156,3.4622782325835297,,0.2795964811331475,0.1612903225806452,0,1
-0.071464614765187798,0.96777586364882873,-0.24145949261776306,-0.99338594256909518,-0.047244859873130748,0.10465320024576003,0.089873121357690725,0.24734146630585935,0.96475127421688034,-6.3141987942078028,-15.657789293937499,-3.452229137899455,,0.493065312597063,0.2857142857142857,0,3
0.87043346288794421,-0.28113397100062126,-0.40411542538528017,0.37629327373631055,0.90924830154840552,0.17796319358831358,0.31740976485564237,-0.3069710352472419,0.89722897004807223,11.280947935587232,-18.457113139995204,2.4302994519777337,,0.1341945976096695,0.2142857142857143,0,5
0.92612311994353524,0.18205330363918518,-0.330382447082335,-0.033302774268514808,0.91187168749743752,0.40912217095459047,0.37574844235482013,-0.36789484934507494,0.85056833228923601,-3.7584812951886963,-22.19401427327146,-2.2583707423165191,,0.2669794737747036,0.1666666666666667,0,1
0.53716990530952169,0.78518655803719928,-0.30810803609684667,-0.77971474590785461,0.60157066973370643,0.17365956446447042,0.32170391331721371,0.14695168727794861,0.93536719728807838,20.098462066878007,-6.4061106354601591,4.939134026626383,0.7618929270046105,0.6968754309622515,0.3090909090909091,1,4
