axis_00,axis_01,axis_02,axis_10,axis_11,axis_12,axis_20,axis_21,axis_22,location_x,location_y,location_z,dbh,dbh_approximation,score,reconstructed,number_clusters
-0.82919682600565947,-0.37298731646768124,-0.41630888231741847,0.44502089673000234,-0.89119279890931546,-0.087930635422503581,-0.33821446630173135,-0.25817795592656334,0.90496139025806888,9.6030598296933007,15.953536194961039,1.1456910234298119,,0.3559209247695116,0.1875,0,5
0.77040311174243781,-0.53029219869344935,-0.35393393369728848,0.60746006987566736,0.77909002778148129,0.154954806695696,0.19357507309625038,-0.33437839735293673,0.92234471780319938,15.781614407685987,-3.8861770009216565,5.7775242326669147,,0.08183352304415892,0.3636363636363636,0,4
-0.90325557144587565,0.32450546984252182,-0.28075892273313341,-0.32671825365089291,-0.94426312474876495,-0.040278207147414535,-0.27818079621587172,0.055347549918521935,0.95893278874732479,-3.041885107495609,19.15251122475189,-3.9232365637885933,,0.1852954386201949,0.4,0,4
0.28120912844532631,0.94401077542982403,-0.17252559795984435,-0.93435184292207296,0.31034074666451889,0.17514352568060931,0.21887909837886599,0.11194765219552742,0.96930885865175276,-9.4757856689792543,-8.4584355321609657,-3.3557115227727641,0.7380172058526022,0.6168275561371684,0.2006172839506173,1,3
0.66295708042475276,-0.6565436407215236,-0.35977542626312525,0.73422105521904424,0.66409441569698147,0.14106044489195591,0.14631251343518017,-0.35767171382178126,0.92231425964476377,5.7792729235603622,-5.5562850089038909,1.5960845867603366,0.2522500877417231,0.2227608986738846,0.6629213483146067,1,5
-0.13577939868058023,-0.87754889661739066,-0.4598607277638968,0.97692869312626007,-0.19582051319295349,0.085232946443651605,-0.16484624181508692,-0.43767826157858142,0.88389108825748075,-21.900899029831113,-7.0223128753115773,-7.7649606809407512,,0.07472218138143576,0.1818181818181818,0,1
0.60170779777075578,-0.69333256145210376,-0.39653207352259806,0.79014896253576439,0.58923537004272164,0.16871957709249752,0.11667194652323884,-0.41483929167917644,0.90238352100068697,4.9016983033209938,0.83033095038777949,0.68144664957966805,,0.2517344930427108,0.175,0,1
0.16244510048173089,0.94781177776209513,-0.27434362260664824,-0.97131899405784539,0.202533113442978,0.12457828760081532,0.17364043628123599,0.24623803908931802,0.95352809449617781,20.557839505248971,-7.3706379380414724,8.2637469016463854,,0.1553781815085397,0.2142857142857143,0,5
0.1380952463280557,-0.86202760668214118,-0.48768648562314426,0.98794646275178089,0.085121943668803046,0.12929053113932715,-0.069939185567447243,-0.49966254614880307,0.86339206059487128,-28.100380003081501,-11.95006340836491,-9.1096820039542852,,0.1849032438275465,0.2142857142857143,0,1
0.84229754466777806,-0.33333867268537049,-0.42358018784993612,0.48364389761897741,0.81431416081625696,0.32090657174641735,0.23795677452544997,-0.47516079045568343,0.84711203312842498,-31.288479500250986,-8.9051220514394593,-10.662398878968013,,0.6151555588337172,0.1578947368421053,0,1
0.642501706415191,-0.58978673364317347,-0.48922711093324034,0.75375237533854633,0.60141908548459977,0.26486305949748401,0.1380178029279836,-0.53893106463942597,0.83096594012122327,13.508942425601468,-28.844827127546221,8.5742500037004152,,0.425653205278592,0.4444444444444444,0,3
-0.61950585921061829,-0.6984309159355947,-0.35833887044120488,0.73086723737848502,-0.67975622595878438,0.061355966270689066,-0.28643598190599812,-0.22388775968246952,0.93157323884593779,10.475282529072192,11.380385547416356,2.0892675854671303,0.4517418684606919,0.2898585457851742,0.6582278481012658,1,7
-0.86351901362959449,0.42518650025546306,-0.27120352708009282,-0.43800803993606208,-0.89885294983015152,-0.014571600221091045,-0.24996773802141037,0.10620647147017685,0.96241171821955374,-17.586615892836946,-10.436541629389616,-5.7891916347985894,0.2969628684646689,0.145886154698351,0.24,1,3
-0.94356050636779742,-0.098749158735525061,-0.31613632260778274,0.13146508850550179,-0.98776936271557658,-0.083836845030717519,-0.30399095599571152,-0.12066602558089846,0.94500222695151559,-5.4983217038743053,-3.3453198042195962,-2.905791042150482,,0.09874003569076364,0.2828282828282828,0,5
0.19366528730951224,-0.90945644685611704,-0.36794391931810794,0.97960886775495482,0.15881726280832942,0.12305910470145827,-0.053481049982012405,-0.3842734030685917,0.92166899100865096,8.5815766185176336,0.21137773231971416,2.1984378727240657,,0.06759237732189349,0.1621621621621622,0,5
-0.2969965521102812,0.91563203235677093,-0.27094469796771237,-0.95487133568326743,-0.2858906254321707,0.080543668779460925,-0.0037121860215115132,0.28263851756654135,0.95921931176490094,-24.068951845149751,13.407354424392821,-11.547906305174093,,0.1959166102710214,0.5384615384615384,0,2
-0.94268794794304012,-0.013786048201873138,-0.33339072824227961,0.01689822435817,-0.99983649565748323,-0.0064367666499677515,-0.33324747983515624,-0.011701573669417991,0.9427667741054403,-13.486615358555145,-22.276104394333927,-2.4012560320664367,,0.1409906012012381,0.3333333333333333,0,1
-0.76120234530387099,0.59686642524571532,-0.25361675796028921,-0.61433000686709971,-0.78894418312795156,-0.012873172539778223,-0.20777303041192852,0.14600529553057537,0.96721911763078494,-8.3367111789163442,9.3770680905261798,-5.1936254134348436,,0.2726649410751919,0.1612903225806452,0,4
-0.86481985907659231,0.43544768821509977,-0.24994383804140707,-0.42890937119841516,-0.89951940023464927,-0.083075868335381498,-0.26100452610045671,0.035357593662788206,0.96468983508973194,1.9608641855347198,25.98837656026484,-2.7143199490173129,,0.3357582914761797,0.45,0,5
0.69528263225092823,0.70125025432601795,-0.15757582967547346,-0.63521879222410949,0.70211537172238037,0.32176247574334299,0.33627243017464631,-0.12362073288424083,0.93361596339479924,-9.1499283917760827,24.10920108838426,-6.6804706709953434,,0.3796285002597159,0.5,0,4
-0.65048977555782717,0.71769359077090622,-0.24855373998612629,-0.74668297174291642,-0.66418807059736329,0.03631455060053853,-0.13902370878341166,0.2092130890802846,0.96793713212873,-23.365914138067946,-9.7339518113901153,-7.8648322102147414,,0.07230283217865324,0.25,0,1
0.60872510377836819,-0.60647449917666862,-0.51150995090850693,0.78427785884933288,0.5573672222118492,0.27248856805846411,0.11984151262696931,-0.567036560948459,0.8149279418445684,-13.371633091936289,-24.836908108375631,-1.9416659934984148,,0.3163579270756207,0.25,0,1
0.92426106952263654,0.19993160259721174,-0.32522120110438713,-0.15257290095448603,0.97435554932605195,0.16538673886336022,0.34994711780382221,-0.10324058204231176,0.93106304671615026,-8.8718609892501696,-6.9690616192289649,-3.4172517294769427,0.2978303512006218,0.230256216587243,0.7349177330895795,1,5
-0.87197774781093229,-0.30753253846415063,-0.38089177611018221,0.34680617591554891,-0.93719678157268105,-0.037251428920794805,-0.34551452020053608,-0.16457803740354762,0.9238689224857547,19.873394435312711,-19.050498964123911,9.3790492313840055,,0.3145495352925156,0.3448275862068966,0,4
-0.17721382894500409,-0.83827674198534752,-0.51564266956593285,0.96767498643312611,-0.24394247813602715,0.064009280518553285,-0.17944464177650926,-0.48763118358784746,0.85440941552069483,-1.0370457158713544,14.864044481246557,-2.731145587084197,,0.5029821773047271,0.3666666666666666,0,3
0.38771789966786563,0.88684295467148044,-0.25136508116024386,-0.89067658961323803,0.43067609188520423,0.14564791997627971,0.23742376248402042,0.16741468761146447,0.95687108817221855,3.4562699613231143,-8.1447464280867656,1.1570454178675054,0.5024135263224947,0.2535642458820258,0.4342857142857143,1,5
-0.54996678963122669,0.81385304167735284,-0.18756267447241243,-0.82929267572160448,-0.55876972308337425,0.0070749247227212455,-0.099046394670501955,0.1594353258153646,0.98222715732407107,7.1411007894602649,17.091017583760731,0.1464568298586848,0.1614896882772615,0.1443955473938263,0.2105263157894737,1,5
-0.71790544279246971,0.66519014568888712,-0.20526530463608458,-0.67744918887904571,-0.73543747912721136,-0.013939540241152123,-0.16023224299768943,0.12904954232157806,0.97860709374626964,-21.897866300690193,-8.1852288620780271,-7.6094023455027244,,0.2247582051185789,0.44,0,4
-0.65117942699586562,-0.67724164393505226,-0.34250417454023008,0.69196173262349014,-0.7151754677505423,0.098554608783612177,-0.31169586850331177,-0.17282304837012163,0.93433285263337795,1.7557536815928052,-9.8896875853872253,0.86512948445533189,0.1414808113957844,0.1272118852250622,0.5428571428571428,1,5
-0.38992632988392723,0.88517792367989401,-0.2538060296624215,-0.92043526647105478,-0.38288752598012926,0.078715072795327676,-0.027502318077004057,0.26430509998591967,0.96404690582036734,7.4614467405111444,-17.633767581909073,4.392107213602193,,0.0723875157692567,0.2962962962962963,0,5
-0.85093079914006675,0.42730767090144856,-0.30549129196038671,-0.46571120420272782,-0.8827272299120279,0.062495694666771226,-0.2429605921850127,0.19545022885792804,0.95014175715231619,10.893572484591001,0.088541918142585496,3.087954317088649,,0.09767924792775057,0.2894736842105263,0,5
0.27872460389441933,0.95836330242133927,-0.06206750966458964,-0.93706464852380245,0.28554357437564637,0.20093459537805444,0.21029132095942971,0.0021558536231627589,0.97763639080401177,-27.888128801934684,2.0211388791764473,-11.270568260992418,,0.3618342892984124,0.2,0,1
0.53645800534602717,0.82451165622529066,-0.17998149140617156,-0.79157496509383019,0.56554859216720355,0.23143868417875973,0.29261217188774519,0.0183117079029292,0.95605585517626257,-1.8610846167116848,2.1271825692907496,-2.0268269501345988,0.5163126883598764,0.2943060570550906,0.2535211267605634,1,2
-0.81786058578800191,-0.46026382265716426,-0.34534225887881292,0.46165162949351241,-0.88310638156170673,0.083671332193137563,-0.3434848398408456,-0.090996331783232409,0.93473944626377303,-10.817032960976217,-5.3519035764116776,-4.3889683804006827,,0.06982326723305522,0.2285714285714286,0,3
0.31465027431262343,-0.83480615785920709,-0.4517675106460618,0.94920207591856276,0.27509168157048153,0.15277429693052422,-0.0032594396576769631,-0.47688913337491085,0.87895741109683179,12.674119846517744,-19.410439121954866,6.7392815576432517,,0.1135150969537581,0.375,0,1
-0.31480092244453733,-0.73550427251051731,-0.59994486775606504,0.92300330208829262,-0.38457771602306295,-0.012840742680678341,-0.22128100587753893,-0.55779337165052278,0.79993829198292887,7.6033120665248424,-0.37217354668114599,1.7694589931131806,,0.1692182027810636,0.1818181818181818,0,1
-0.92721072659577364,0.14681785627797317,-0.34456463191058745,-0.12327699340863058,-0.98833777721616778,-0.089393629658568549,-0.35367082348119505,-0.0404098404518662,0.93449665243530378,-15.290801313995274,-20.160132573233071,-3.3841007945285249,,0.4543085300586093,0.225,0,5
-0.82141038816804735,0.49255466861065544,-0.28753238537504838,-0.52373109936810203,-0.85102041993072131,0.038340323624325767,-0.22581122594835065,0.18208279240715283,0.95700321156457813,-19.782275789617106,-14.641810185412908,-5.8467756072844672,,0.1640686222087433,0.2,0,1
0.26071573482930099,0.92532076871651903,-0.2753339437742619,-0.94384150305175918,0.30425927012395132,0.12880028594936163,0.20295448437867666,0.22629134213555591,0.95268132433940111,16.638632758226581,10.647385809124684,4.7160202900428159,,0.1137961071788585,0.5333333333333333,0,5
-0.89326166326562484,-0.28950529252615015,-0.34390447298526927,0.29664804053852512,-0.95441893823340407,0.032930690640690916,-0.33776255118734089,-0.072602864549325144,0.93842702597199823,26.83255852251737,-6.3785162303004919,10.764871935281642,0.3863154312946874,0.2384509841106965,0.3571428571428572,1,5
-0.68412922555901512,0.6805382043382654,-0.26236416518280503,-0.71268741726362772,-0.70021723618615272,0.042100681965071905,-0.15506078811266466,0.2157859462149323,0.96405009071417269,12.848664813726662,15.722310334614567,2.6604154598070093,0.241601251017307,0.1936319221731301,0.4444444444444444,1,5
-0.94343100529937551,-0.025795103818521965,-0.33056398905325479,0.0067866537058367286,-0.99826264497583406,0.058528907194033787,-0.33149944128351971,0.052974562431816655,0.94196699313928767,4.732478486249688,-20.797682288845721,3.9206168278321551,,0.09147879539879322,0.3809523809523809,0,4
-0.80470825784502253,-0.47526186980381752,-0.355767866545881,0.48495868815377369,-0.87190259657199087,0.067830176729760841,-0.34243202323994076,-0.11794921450183153,0.93210959240756752,11.666567370651336,-18.062367211192846,6.0248307886851205,0.1713380780445459,0.3383245732391134,0.5862068965517241,1,4
-0.83670611898791636,0.46578478920782918,-0.28804062316068552,-0.49353336124150415,-0.86927818996804729,0.027932951643844763,-0.23737668754500854,0.16552932848438925,0.95721071328191143,9.4958422623534133,-14.136769008012738,4.5155356375685098,0.6650685979674418,0.7109330383661357,0.950530035335689,1,5
-0.24180813060218964,0.92242121486671269,-0.30111115943866018,-0.96977372493558711,-0.2192899046143145,0.10700869197781639,0.032676450223865727,0.31788526247384397,0.9475659393956205,5.1861237482654268,2.5430287216166128,0.71512746614560074,0.4068329490178256,0.3532180904317558,0.9426605504587156,1,5
0.91052376869202212,-0.22422884824497014,-0.34737284042021843,0.29898719958974229,0.9373926022907525,0.17861064820456196,0.28557507091544254,-0.26648927330251837,0.92055980038579521,-12.095132028964173,-11.882451710969983,-3.670423993864619,,0.09029542998546686,0.2615384615384616,0,2
-0.58900178609188492,-0.70818892870537198,-0.38928824441499132,0.75155096843684011,-0.65709650340460501,0.058269434998882444,-0.29706571296973405,-0.25824915580225738,0.91927108934481583,-31.398027872017952,-3.7038480390146002,-11.597734464203066,,0.2265769890593947,0.3125,0,1
-0.94270932695139109,0.048932197426810271,-0.33000721951775502,0.016498304500962263,-0.9811369222059132,-0.19260878960447772,-0.33320703898244658,-0.18701866200807915,0.92411962928684666,-13.500537474178198,-0.56945003947935713,-5.9653339331225643,,0.7801407549708841,0.5645161290322581,0,1
-0.88729258136939515,-0.27280032706123991,-0.3718761307238172,0.29179042495708918,-0.95646683860333193,0.0054345704071862896,-0.35716973968996629,-0.10368784021007461,0.92826645358020654,18.813939605166389,25.540985600892874,3.8450639152591028,0.1308326697616943,0.1569203409142332,0.3684210526315789,1,5
0.92324618541307568,-0.17640538532669495,-0.34131747852687705,0.24502175211466792,0.95460414163568053,0.16939679383820774,0.29594057192426854,-0.24002515034834646,0.92455778893987528,5.5569071967097106,-4.7328800488263623,1.342658339346708,,0.1245122243281537,0.2318840579710145,0,5
0.28679296278470096,-0.83940815004978164,-0.46167494422718702,0.95788898005440848,0.24417786283263135,0.15108233911616992,-0.014088945577929099,-0.48556269310202549,0.87408830942875015,-9.8459545750756892,-24.602207719584626,-0.71354506707405951,,0.4078944010565522,0.1333333333333333,0,1
0.65329874691614476,0.69662676923835154,-0.29649939571326583,-0.6927734880162153,0.7080140101296305,0.13704399206826282,0.30539423959800172,0.11587625227239717,0.94514922238748222,-18.299027837040178,2.6450774338039991,-8.1211299860314199,0.384301273760446,0.3730471537006959,0.6238532110091743,1,5
-0.38508862423903367,0.87927444926528509,-0.28032694189271262,-0.92284380387408671,-0.36955456638471895,0.1085759463021661,-0.0081280460688214918,0.30050934317161299,0.95374423695961141,13.985769663945003,2.6420817247834978,4.4753003849858137,0.3173375861208518,0.229195299361579,0.3870967741935484,1,5
-0.053257637937140438,0.98420447045466053,-0.16883478414834427,-0.99477476038151991,-0.037543115669263633,0.094940458044682582,0.087102239404313248,0.17300888648536489,0.98106122392430128,13.047574191551316,-4.9219577196962137,4.5927642401281146,,0.08539521897930379,0.2727272727272727,0,3
-0.51319481774873077,0.80336196133836202,-0.30206065303251212,-0.85033834962797905,-0.52366403943771367,0.05196792233428222,-0.11642924970905036,0.2835234256183381,0.95187115563916036,14.23918827401382,3.7468631765257343,4.4426465846792169,0.2410639858432636,0.1983919488987006,0.425,1,5
-0.9012228430052599,0.30446109936053617,-0.30838421850297432,-0.33430233908448093,-0.94125896446974155,0.047681315921375714,-0.27575230430254111,0.14606505667517813,0.95006613764006753,-21.428891974552684,-2.2591624257319127,-8.3377039575947567,,0.08486659928758496,0.2352941176470588,0,3
0.36292262505068223,0.88720243443112912,-0.28488420202917386,-0.89825160049517994,0.41441792492663931,0.14629369674509418,0.24785324374348872,0.2028043979773996,0.94733264787341454,1.4901318988241206,9.344381305985042,-1.3811003642420598,0.6301580548356414,0.2845631654708944,0.5703422053231939,1,5
0.50262427029015488,-0.73235219747097291,-0.45937903932888102,0.85526241575052853,0.49873210742874896,0.14068576766769297,0.12607554528876139,-0.46360170823576052,0.87702817115587905,2.4938123298943968,-19.69234847904929,2.9891396589714714,,0.4245393659891423,0.2380952380952381,0,4
0.71818060330026079,-0.53903286433438113,-0.44006839492372724,0.67423675148231688,0.6954576282322541,0.24848237419209296,0.1721087562962591,-0.4751655064301698,0.86289994640463086,-12.545161543411657,2.35908826528205,-6.0565834622510826,,0.12023332322068,0.1351351351351351,0,2
-0.81540554183311231,-0.43532697490339223,-0.38158121975446974,0.46495154140666561,-0.88518599493974037,0.016303941428581652,-0.34486789715978672,-0.16412245210208856,0.92419151382415521,-5.4560819034408974,18.263355844334175,-4.8881206970639166,0.3203092965900066,0.289713913627543,0.4,1,5
-0.65956638866201323,-0.64924207744209417,-0.3787570511898431,0.68309885432256756,-0.72799252955200766,0.058333799290515874,-0.31360506081781764,-0.22025349439939557,0.92365592296823917,-16.011178040799088,-6.7638825536076999,-5.7469114835082467,,0.08670649589137093,0.4230769230769231,0,3
-0.81206174503736639,-0.38906975739155164,-0.43494878564050032,0.43062099186732883,-0.9025266594091732,0.0033452083515703459,-0.39385439391996718,-0.18458156175251283,0.90044897881608943,-7.7748803330475651,-12.911380335138457,-2.0091963847351688,,0.1988547184674189,0.425531914893617,0,2
-0.74005137372062779,0.61069228902724992,-0.281742599506835,-0.64678787359146805,-0.76107920142342544,0.049233075627138509,-0.1843621729890331,0.2186627020855138,0.95822607556224615,17.565871482526092,2.40079669717514,6.025058590975684,,0.3521822991784858,0.8,0,5
0.011348772057766831,0.97771275689179893,-0.20964009727105881,-0.99234487882571809,0.036796126102226261,0.1178884496981788,0.12297498461537536,0.20669738777959254,0.97064583811189409,-5.4449587971991198,-11.60072687959808,-1.4541359590855463,,0.1125398607319868,0.1379310344827586,0,1
0.040600445380152859,-0.91317450610492679,-0.40554152097529689,0.99393439637167147,-0.0046058683237430367,0.10987812196368395,-0.10220577060134661,-0.40754276754349156,0.907448551202093,17.484325083769207,-9.3988749554199646,7.157749418244582,0.2459278948439727,0.2155726243371957,0.5483870967741935,1,5
0.11124364000907011,-0.91759659961701734,-0.3816298375767026,0.99079515424216424,0.072598568720903811,0.11425589765925726,-0.077135043189064709,-0.39082723573334061,0.91722639349358992,6.882466848879826,2.270547222515289,1.2802328574085835,,0.09138757979716391,0.3552631578947368,0,5
0.057359133578877279,-0.82631391054086822,-0.56028140344092958,0.99547597255628961,0.0047585802368808041,0.094894383275501593,-0.075746404919237842,-0.56318973460174715,0.82284859177191516,11.248591733032091,-8.0555172675383062,4.188156768016416,,0.410418551136191,0.4193548387096774,0,3
0.94047992307206552,0.017532786365197946,-0.3393966937090479,0.08561089374743143,0.95423996176464398,0.28652551412252225,0.32888947865525742,-0.29852754776348872,0.8959425283220962,-9.9857917002798331,17.300502333661658,-6.4478108426915925,0.4328194130091808,0.3493328385241417,0.7083333333333334,1,4
0.073491411905581977,0.98525112882331489,-0.15452904428782208,-0.98841051030787774,0.092594447418725745,0.12029518452598628,0.13282949781221162,0.14389746856565772,0.98063746769708493,-13.547620442857367,6.0174061715351419,-6.9870589378178405,,0.2075617223955272,0.2666666666666667,0,4
0.9221313926767164,-0.10551075970307651,-0.37221119573030065,0.25168050371173778,0.89428248601854499,0.37002129567350245,0.29382072542880044,-0.43488655392799985,0.85120095542775531,-18.109206999794953,-26.840795717142601,-3.2473085130440897,,0.3668097444964025,0.1153846153846154,0,1
-0.44967676575396259,0.87868896625397175,-0.16030130044569682,-0.89165919293720342,-0.45212426232710601,0.02296813152487923,-0.052294263467705132,0.15326236328171355,0.98680087049499177,-5.742195577059614,-9.8407739335413584,-1.912680169412891,,0.1031113722199439,0.1793814432989691,0,4
-0.78465401411005753,-0.45860808984238793,-0.41712911439036532,0.51977064913519611,-0.8533932413611941,-0.039477181974045303,-0.33787061197824092,-0.24778739986155748,0.9079894570044843,7.3815077120997765,-1.430267435481408,1.7794574549073339,,0.07256880346583211,0.2857142857142857,0,2
0.754433484768119,0.60741705826000081,-0.2487461243826708,-0.57246390603956876,0.79430643467933904,0.20337739330839219,0.32111554515867341,-0.01103653758039844,0.9469757132554586,-17.738453289752336,-11.427921412292028,-5.6993497489973137,0.2691998679645321,0.1417365825105515,0.1764705882352941,1,2
-0.012163740084557789,0.98927812220666322,-0.14553638840652078,-0.99131956797328868,0.0071244271689040418,0.13128121225357192,0.13091049453885556,0.14586994022338301,0.98060410103100193,-4.1544831951153212,-3.7553468654224109,-2.3103713653751212,0.5733962461960054,0.3454587048599847,0.3049180327868852,1,5
-0.21490519024768032,-0.87419849861741017,-0.43542248933613115,0.9538687745379173,-0.28358342295559941,0.09856370115979006,-0.20964283952985166,-0.39415406536004471,0.89481420004043843,-11.676606552116549,1.8555912657671156,-5.6281455105442166,0.2543045276038565,0.2062789237018766,0.410958904109589,1,5
-0.34876938318485667,-0.86937113127184695,-0.35007678224064581,0.908135665244313,-0.40580394445233808,0.10301830991718691,-0.23162368372885472,-0.28198757912013367,0.93103892204238314,1.5967949618572048,12.729368942665388,-1.6120851888953793,0.761070755232786,0.7031017038554426,0.9458128078817734,1,5
-0.94197006415483953,0.072314268856894626,-0.32781556515183896,-0.095827040784271983,-0.99381434791917223,0.056126821792431732,-0.32172904203794889,0.084283381456148568,0.94307302745845756,-23.348164055581691,-0.0059188363114734853,-9.4274160364195811,,0.1625050312088069,0.7441860465116279,0,4
-0.34841016650454565,-0.85052573364829243,-0.39397504017171975,0.90502917234148128,-0.41465031629475002,0.094801436737826802,-0.2439929365517928,-0.32352912017111718,0.91421898652026212,-14.878947998893752,3.7542439968048442,-7.1157375383324002,0.2707271508970701,0.2579863147269298,0.6455696202531646,1,5
-0.35490767315258898,-0.86227731241274053,-0.36127327611612509,0.90533580462712182,-0.41339895762209516,0.097305614931147394,-0.23325441988862403,-0.29253912274297295,0.92736898657826328,13.457881639477138,-20.360469866576178,7.1621542257798199,,0.2968323704768109,0.78125,0,1
-0.8330700834714293,0.48534269410784175,-0.26539914336909043,-0.50180607084841222,-0.86495473772669151,-0.0066309082204153574,-0.23277650930577856,0.12765489007590486,0.96411582590222278,5.3462109721690769,-18.105369501659556,3.7155254369201471,,0.08110901494936872,0.2666666666666667,0,4
-0.74716831880533885,-0.52279569888758715,-0.41039512740557893,0.5759398147122694,-0.81746029562199984,-0.0072107496689236905,-0.33171197325812468,-0.24175053734424351,0.91187929271969426,6.4491318810044271,-19.784340254137025,4.4515119431416386,,0.09955136529180153,0.2666666666666667,0,3
-0.066804149135127153,0.98577398860970911,-0.1542298578059266,-0.99206320660689784,-0.049120842970144067,0.11574859343742144,0.10652605200217796,0.16073825358764815,0.98123158024924062,16.833042158989731,-13.528590736569248,7.4000503350437281,,0.2019107242533591,0.5909090909090909,0,4
0.071081063934672298,0.96848113198745167,-0.23872951081552377,-0.9876692990822451,0.10180603948464027,0.118932274740033,0.13948777007430377,0.22733197599272334,0.96377556240596929,-8.6241860134547021,-0.15039801488643331,-4.3496127983074571,0.3622940137668063,0.2817967785374527,0.5747126436781609,1,5
-0.5805568720556098,-0.74091305110155969,-0.33764118382742364,0.75890722598549332,-0.64263247250416888,0.10527738422938777,-0.2949805767436387,-0.19511882531051822,0.93536896642631562,-17.844052516694045,-14.873671243191614,-5.1218791078593506,,0.07990388014120262,0.2173913043478261,0,1
-0.92749924978293374,0.18008179568456897,-0.32759073325586591,-0.16720172097597102,-0.98362178124597111,-0.067318466717358874,-0.33434821093400258,-0.0076640930007268173,0.94241845033069471,4.0143627925611103,-17.128684710736277,3.0983324193984951,,0.4130421666438457,0.7806451612903226,0,6
-0.10661742294842869,0.95326408690608222,-0.28270179649048932,-0.99114841601600545,-0.079273030690342375,0.10649227218034076,0.079104630413140933,0.29155336942021814,0.95327807602342296,7.4198218694907556,20.623356353931456,-0.088983500628347825,,0.07589692461143087,0.3333333333333333,0,4
-0.45609638043494327,0.84093988270720321,-0.29119788018895337,-0.88846483639243845,-0.44904973623685296,0.09478696576941141,-0.051052191415279717,0.30195106897974255,0.95195547463822583,13.047232276017461,17.041475436899475,2.6408837936122298,0.2701108945373745,0.1933222957039787,0.851063829787234,1,5
0.013177953031762099,-0.8533409124889908,-0.52118675024059369,0.99581252630796102,-0.03595673912677249,0.084050730868490381,-0.090464103389415407,-0.52011191101899168,0.84929373364821414,13.18799002946529,28.910611845707276,1.1901028474787314,0.6439787726058317,0.40328974129135,0.5319148936170213,1,4
-0.94547567532220955,0.012690604679410225,-0.32544538086579494,-0.028322282284139865,-0.99865889490051918,0.043338896643675177,-0.32445892760136674,0.050193228516848661,0.94456711996068676,22.794607859572661,1.725947111366428,8.0544213997543128,0.2810902104768812,0.2833920579919729,0.6071428571428571,1,5
0.61227790046702912,0.75388054306397545,-0.23828533188019208,-0.72766158872034425,0.65517890508254706,0.20309902667374019,0.30923192736305943,0.049038037526000257,0.94972147810551666,-19.754618865230857,1.3245080109974341,-8.4798910930997824,,0.2488774580211553,0.3333333333333333,0,5
-0.4858919321951331,-0.74550754930685392,-0.45620995621990573,0.82816615254355086,-0.55954947735404448,0.032329648529283626,-0.27937403961157808,-0.36210892880361817,0.88928469551196276,-14.19552983122103,-6.9264871855101848,-5.1907254367543265,,0.09746792746767891,0.2586206896551724,0,4
-0.91621405423014346,-0.071545529900522459,-0.39424997651542887,0.072720837845575995,-0.99728038196622493,0.01197996195055231,-0.39403487989542268,-0.01769397910456234,0.91892515284393339,4.138594025195089,-11.215299625953831,2.0590463169248019,,0.19159346475056,0.2340425531914894,0,5
0.52199238619793653,0.79309170058603085,-0.31389409553692216,-0.80501938320365007,0.57971293782015842,0.12600278723241096,0.28190023309284312,0.18691833560536367,0.94105993135226096,9.4933640052667343,0.43941275693337917,2.5724852992281928,,0.08877020884801312,0.2571428571428571,0,5
-0.91626384113656156,-0.21473090404435835,-0.33815856084678136,0.21370429718432304,-0.97604832401538155,0.040744846934540273,-0.3388082743833572,-0.034932907623860469,0.94020670342979085,6.1187517263952822,-12.705521020666794,2.9940946598752358,0.6315740173017496,0.2544964029659982,0.7087378640776699,1,6
-0.26428331287868168,-0.90197999651720684,-0.3414475309863691,0.94218670811213789,-0.31708407338906686,0.10836003626710687,-0.20600615910860712,-0.29306957584473947,0.93363359307787497,-11.190672364554972,-3.3986272277578133,-4.7666613002297282,,0.07452052714589748,0.308411214953271,1,5
-0.80028056093864208,-0.40091578284728241,-0.44588962630642504,0.49342170457547618,-0.86283383333645614,-0.10978523354143994,-0.34071402266059436,-0.30787060774596181,0.88832969310305554,9.6354176715404964,-19.05465456891493,5.4942308042532337,,0.1079817240173247,0.2727272727272727,0,3
0.63445855699114162,0.73169295293477377,-0.24917416014969829,-0.71426129289464968,0.67820214097911102,0.17283709510348672,0.29545413338313609,0.068317483830563241,0.9529111062790061,-12.473825877506174,-14.486020043354827,-3.3348776716474799,,0.2935573145778648,0.636986301369863,0,4
-0.88604690636435968,-0.3145047812390796,-0.3405989170562746,0.31223918455407057,-0.94791105794731612,0.063018392951655552,-0.34267706569182216,-0.050511076002782755,0.93809437683523333,-0.11168652703526519,-15.733201924652734,1.2584946951846687,,0.1026727741942,0.5370370370370371,0,5
0.80751284730176953,-0.4219608064781617,-0.4121554066597794,0.54808339695257968,0.79502227862125552,0.25989260566777855,0.21800823706344141,-0.43576215334992774,0.87326041607319194,-14.608538915770481,-18.660155463093378,-3.3106883535794851,,0.6033759072352041,0.1666666666666667,0,1
0.50970501678753721,0.82573472669942893,-0.24158426476953421,-0.81069368339383241,0.55497858957438873,0.18647926645974178,0.28805650065040656,0.10080141981461425,0.95229329840989707,-7.8690826164231078,17.454990733725673,-5.6800066168709265,,0.1569422167846041,0.1785714285714286,0,5
-0.86670288560726894,-0.36635758972476534,-0.33853836493239126,0.35857971126444055,-0.92936784740561484,0.08772681960590728,-0.34676605766647189,-0.045359901451804421,0.93685419388010382,-1.672653208518653,-8.6054305483662041,-0.63779868719408284,0.3188255563742352,0.2979080166487746,0.8508420208500401,1,5
-0.21339848471900216,-0.89092727888113343,-0.40088610660023222,0.95888644460595396,-0.26957889212197411,0.088679238118297143,-0.18707718479436877,-0.36548023840933996,0.91182581793984407,13.996000988683511,-12.957389873221034,6.0961746136869355,,0.2931725836975566,0.4651162790697674,0,5
-0.79382377120674008,-0.4957467379382246,-0.35224848060810748,0.52234918116152018,-0.85243385822178619,0.02253553409641576,-0.31144044889352451,-0.16610746274845972,0.93563516266345559,11.410705605157348,22.6974874566389,1.2347197295519363,0.4141506986327068,0.3133154869959439,0.75,1,5
0.91039095465151298,-0.226262197798869,-0.34640110787341921,0.29875272104955319,0.93869801558401067,0.17202571669412714,0.28624311581974271,-0.26009892999754086,0.92217862980007281,-10.052846205793722,0.76032370439724484,-5.0167828848163181,0.347449209072092,0.3501322739052944,0.7142857142857143,1,5
-0.065239282366250706,-0.86494989530340349,-0.49759975346755148,0.98784446169106532,-0.12648884890288781,0.090354250644403389,-0.1410927196655655,-0.48565651413097904,0.86268800544549162,-3.5155053518671751,4.7972098168318116,-2.9121333694667331,0.2686732394865237,0.1564988798931268,0.6095238095238096,1,5
0.11609246440849848,0.98489825397136166,-0.128444420010069,-0.98217136580418751,0.13308593046573819,0.13276875877405711,0.14785786384868596,0.11074097902867854,0.98278913692707848,-18.113590740280781,-5.8525296888536875,-6.7019147279146587,,0.2945187304664155,0.1785714285714286,0,5
-0.15636181547758568,0.96904629976740608,-0.19105039012692948,-0.98567267297013605,-0.14070745681316363,0.093009641204977775,0.063248434134454731,0.20285630506412702,0.97716372992209932,-0.80071640851101467,9.9891778089855432,-2.328621374722514,,0.4853007173329539,0.1904761904761905,0,1
-0.87651441781511252,0.38410676473397282,-0.29014559904957254,-0.4103474810281329,-0.9113251372419372,0.033187935230002456,-0.25166926744459889,0.14815021942800188,0.95640686546434539,12.217882030430243,-5.48565639869142,4.2540904156687249,0.4971971425086584,0.2718966413540539,0.4714285714285714,1,4
0.28091120654827018,-0.83378678896053138,-0.47527727127486585,0.95783073673977692,0.27473341937433932,0.084153597875671962,0.060408391736017086,-0.4788748676155084,0.87580231066953595,-0.55268054757461027,12.062161981232036,-2.3996643172830336,,0.186830961526154,0.1333333333333333,0,2
-0.85184954772405419,0.46093698151928442,-0.2487758973659096,-0.45196112796885229,-0.88689316096137727,-0.095664308104211199,-0.26473285940254093,0.030945437593053057,0.96382513613452081,15.548151023902655,-11.881731505576697,6.7378940052145433,,0.2695670860347427,0.4347826086956522,0,4
0.10419780883629255,-0.91026277165542302,-0.40070500767010919,0.99115870617016799,0.061764870912279238,0.11742878652301295,-0.082141559619922574,-0.40939807920821558,0.90865063524097645,11.663961790502826,4.7392745731034811,3.131759620465437,,0.07861531236117766,0.2666666666666667,0,5
-0.86117047891166365,-0.33873781852729756,-0.37900144663368396,0.40821109769866032,-0.90515810606429148,-0.11854325262013356,-0.3029011488368975,-0.25679854619034298,0.91777197642323749,-5.3922042232138123,6.9763561019555018,-3.860520943516645,0.46924221680923,0.2929853142170161,0.18,1,3
-0.26403164218668396,0.93182353682739771,-0.24898230487061102,-0.96413377583343607,-0.2477343639757994,0.095256218708635085,0.027080513683534996,0.26520290556474885,0.96381225591847008,-27.470602980363754,-1.9325155746222382,-10.597313503251659,,0.1501279566441438,0.2631578947368421,0,3
-0.10845188371883681,0.97412758896625407,-0.19827664848042104,-0.99063024729505178,-0.089247771557078678,0.10337576319543973,0.083005433930436273,0.20763014156641149,0.97467934329764683,-6.0891365488079696,0.5530413380260002,-3.513821475650972,0.1634726783813288,0.1294709396336585,0.2386831275720165,1,5
-0.91639961688706928,-0.20287237385346471,-0.34504281197598269,0.18995033868304015,-0.97920515586782086,0.071246975767925838,-0.35232174358593277,-0.0002502976968969011,0.93587890581401167,-3.9083784061504105,18.666339756351771,-4.2045123445023842,,0.1533448683238978,0.1578947368421053,0,3
-0.50573747262211399,0.85503301686188171,-0.11466537778190217,-0.85945224457177916,-0.51087073948296113,-0.018786347187897474,-0.074642133452416215,0.089048456562717801,0.99322652214762697,19.939727065102694,-21.172301646609277,9.7522831411183564,,0.2191063720317358,0.2222222222222222,0,1
0.38497080924128574,-0.76060552490665601,-0.52275875077666611,0.92284635512883884,0.32480280685921831,0.20702111361354131,0.012332106775691734,-0.5621230934037883,0.82696163575139903,-11.427849765837685,-6.1713392297238645,-4.4286049364438478,,0.2775746145079128,0.2666666666666667,0,4
-0.13077435395626885,-0.90918655011987892,-0.3953199785343946,0.98192660959382594,-0.17380732661869389,0.074907586967125239,-0.13681447920046788,-0.37837921493493321,0.91548400749894554,8.1949602442798533,6.12180207853888,1.6401582299660435,0.510559227536229,0.4953131403080626,0.9899749373433584,1,9
-0.4954396680332811,0.85325078590794845,-0.16279628892128084,-0.86437364988883858,-0.50282652799717875,-0.0048658113558045406,-0.086010050092533305,0.13830610648041292,0.98664770419502279,14.950897789823621,-13.77884955841137,6.7634783076145419,,0.2287266037384634,0.1538461538461539,0,3
0.78899960408568515,0.52493694859396267,-0.31925041073347493,-0.51296397559475237,0.84882044865177952,0.12795235712021455,0.33815319678314343,0.062809600790421471,0.93899274201342442,-14.143848322271607,-11.109088963331335,-4.4621253913974641,,0.07216306403143229,0.3768115942028986,0,3
0.84172708151408604,-0.41843787565046636,-0.34118215731029,0.4979503395542223,0.8458998778216168,0.19104673783974399,0.20866475405207596,-0.33070098415713545,0.92037811767440914,-28.827121597980192,-1.1289673949548136,-11.066069622103631,,0.3008084139586629,0.3548387096774194,1,3
-0.10034668299733041,-0.87851349040011428,-0.46705951483343289,0.98289630442565401,-0.16038624608974114,0.090504733642128368,-0.15441955173430891,-0.4499892212600759,0.87958189089585381,18.771945069880541,-19.771654499505562,9.1487220589510372,0.3498988349522709,0.2391705970750239,0.2631578947368421,1,5
0.73692181232807397,0.62397260741972183,-0.26000851467777164,-0.59112891867872619,0.78141994571275886,0.1998736349396518,0.32789151257211141,0.0064073108324049161,0.94469365529311677,-0.3760211555215125,-8.3434021904152722,-0.28285479163561472,0.3044940529330443,0.2469189138126357,0.618798955613577,1,5
-0.91279084836281221,-0.14447875874827856,-0.382019312883073,0.20542940392865394,-0.97082463290395038,-0.12368626499506084,-0.35300372115123163,-0.19137769049047282,0.91584002556992294,-12.128130846198673,-21.61453073063857,-2.0889155221667117,,0.3024151764612458,0.1707317073170732,0,3
0.22643050264129055,0.95575718841082835,-0.18776960423519426,-0.95719345942450962,0.25402876431169963,0.13874461480436306,0.18030504349172466,0.1483158241837324,0.97236439033324762,-9.5546663200827524,-0.62801754092264772,-4.6270705864266475,,0.1186625492832127,0.1923076923076923,0,5
-0.73465179964786098,-0.5007233054742608,-0.45778041092765137,0.59319394941305315,-0.80153597992727099,-0.075239692063257396,-0.32925320295162391,-0.32682754510132689,0.88587588527351691,-18.930799425126224,-8.585843345746774,-6.5459847689117554,,0.1979066912854552,0.1739130434782609,0,1
-0.53467598811798045,-0.74790827823113104,-0.39338885988726968,0.80059025454814459,-0.59732599347313664,0.047506861018876509,-0.27051216618222157,-0.28954250961590233,0.91814394463652982,-14.52216728997225,17.818963411909586,-8.2259139211133689,0.522599244788571,0.4499952944094659,0.1739130434782609,1,5
0.72264494496577003,-0.54457321027391359,-0.42570447750450474,0.67246358963364428,0.69637866915346669,0.25069796521926613,0.15992812176866517,-0.46743637834470142,0.86944018084485641,-5.1497329920626695,20.369392086480183,-4.8813525831495959,0.3224670911649434,0.2705724973507626,0.5128205128205128,1,5
-0.84600113448306447,0.46902658654692575,-0.25356683845784556,-0.47602486385616199,-0.87865126326457521,-0.037044386272261767,-0.24017162497699521,0.089364526942770944,0.96660828254272935,-12.739380516344118,-18.584314821700879,-2.7479337362998422,,0.3453919727775202,0.4,0,1
-0.66752331742437465,0.70606957399251435,-0.23638607695206118,-0.72745892158004188,-0.68613437042167613,0.0048107317168402455,-0.15879590079205083,0.17517243621094702,0.97164730199983695,8.7124304105964026,-19.286474452083198,5.1770327296370073,,0.4593475891992904,0.1818181818181818,0,2
0.096919460687666714,-0.92914757073424581,-0.35677921735810508,0.99190241767379672,0.060610157760914628,0.11160646302555505,-0.082074429348545419,-0.36470700647896415,0.92749802558941574,-10.344595003097439,-14.780933106400241,-2.5280738986290836,,0.07713738096331715,0.2898550724637681,0,3
-0.78681994455917359,0.5506367873663881,-0.27877141754979523,-0.58188842881045266,-0.81239479457376884,0.037690239664226431,-0.20571881600962541,0.19186929443834147,0.95961760227255699,-25.766288412892923,-11.134901816246831,-8.4615277219938747,,0.09673878540929223,0.4166666666666667,0,2
-0.29313754425433641,0.93072902553522519,-0.21866380856188175,-0.95599950293530278,-0.28256373616894287,0.078883999579778083,0.01163316534703214,0.23216635421287529,0.97260652549502813,-21.04106505135023,-16.607256099426973,-5.932548186074901,,0.1205230121872369,0.2916666666666667,0,1
0.61511109552740062,-0.7037422447148155,-0.35550695234106749,0.7789269324197714,0.61224191978362408,0.13576695330892355,0.12211131851800713,-0.36042569922719891,0.92476058589581944,17.816961852996336,10.644593172196489,5.3216740757874437,0.226770445545479,0.21145811335673,0.6808510638297872,1,5
-0.88715907588026122,-0.2737050322089683,-0.37152971540210511,0.28959738989430406,-0.95705275190699657,0.013541854882251878,-0.35928001036752377,-0.095580256385580126,0.92832229787912546,22.252978354222321,-0.73300619713285653,8.111252522600191,0.5211627762050749,0.4584298515097858,0.3333333333333333,1,5
0.80453880612310069,-0.46972032046335438,-0.36342830102486123,0.55422103853205762,0.81372412621035295,0.17519157191954887,0.21343933538703944,-0.34236802854092341,0.91500152084165309,8.3522292976583863,-9.3034163078567715,3.1711429637612771,0.5270252197842206,0.5426980000531199,0.8448275862068966,1,5
-0.082035354676927449,0.99511822161076002,-0.054862788857923749,-0.9925404177552597,-0.076593454907494293,0.094852315667820986,0.090187137138535642,0.062234778729999822,0.99397842663268254,-24.601236562405013,-14.77128680270167,-7.5317987021330541,,0.1615283135645221,0.2222222222222222,0,1
