axis_00,axis_01,axis_02,axis_10,axis_11,axis_12,axis_20,axis_21,axis_22,location_x,location_y,location_z,dbh,dbh_approximation,score,reconstructed,number_clusters
-0.67382434801447955,-0.72040274461709719,-0.16425782651372586,0.73714791422797332,-0.64015021222454394,-0.21638081786105259,0.050731652567290522,-0.26688497772827713,0.96239217998213533,17.536024048586636,-5.2851746020422965,-0.14407618915942844,0.517580919195434,0.345685032179888,0.4545454545454545,1,5
-0.58564483655718713,-0.80464665778970534,-0.097795099681753331,0.80760224157842997,-0.56892873637991503,-0.1552375995648281,0.069272973167047711,-0.16989364034304366,0.98302462133945934,-1.4127554784906842,5.9592722692695936,-0.58048001875909327,0.2719142636486386,0.2464167970533131,0.5304347826086957,1,3
0.6994660072747424,0.71193273734265361,0.062442631005801989,-0.71428044908639032,0.69928435508843834,0.028369539677123527,-0.023467950913431974,-0.06444507916313999,0.99764527115181667,-4.4267771935301958,6.3149173529539322,-0.77162285621058713,,0.4268053029934823,0.316546762589928,0,4
-0.51471496055365684,0.84557330691839039,0.1416837746862511,-0.84455822942474523,-0.47160490399898281,-0.25359458124149414,-0.14761404571783174,-0.2501891227675716,0.95687799449857036,-21.048484888926232,11.800454552827656,-1.1679289745674355,,0.6250889744236505,0.5185185185185185,0,1
0.99369990810823583,-0.065595714986759063,-0.090871859236292138,0.068353377817467836,0.99728012461721949,0.027571158561197844,0.088816149244532724,-0.033608856256053914,0.9954808568799971,-12.430570047461368,7.3365248991920176,-1.1480873224328056,,0.2917753745645992,0.3125,0,3
0.20179792243053707,0.97936674177256056,0.01088042336120639,-0.97299467220397884,0.2017313159488715,-0.11218664817263133,-0.11206679421395144,0.012052438563905088,0.99362758232613113,-7.1677509410702145,-11.054716634022217,-2.7152455632762793,,0.1752705628866712,0.3846153846153846,0,5
-0.97252554674597858,-0.19897480161626946,-0.12084324245981184,0.2300105651816943,-0.90135028885651336,-0.36696429892167554,-0.0359054429193153,-0.38467737794162721,0.92235248905650036,-1.5207679176311015,8.3887638128317672,-0.38694620197597746,,0.5100487996369278,0.1428571428571428,0,1
-0.18553525265077503,-0.9602313753875138,-0.2086441366183531,0.9770697316454563,-0.15770586420553928,-0.14305103948402895,0.10445769251754657,-0.23040088132771738,0.96747300962730842,-20.444364370120724,1.2767449797017392,-2.3705757722565557,,0.3080273903004345,0.8611111111111112,1,5
-0.9815455202918113,-0.17789472396140277,-0.070155960415159604,0.18920290174403956,-0.95669037738762241,-0.22123694037290251,-0.027760647807867359,-0.2304278390312772,0.97269335220955566,-13.516308808847558,-11.095627266731027,-3.2379283860159562,,0.3202679872547194,0.3243243243243243,0,3
-0.67320628781646208,0.73896678949720296,-0.026858482171840069,-0.72567652324426024,-0.66720553431223439,-0.16801892332486795,-0.14208053229243259,-0.093620825692374246,0.98541781156024189,-9.3235384847373233,-10.412175089470356,-2.8232322795193618,,0.08281313135876733,0.4210526315789473,0,4
-0.65275370028155233,-0.72861563216924485,-0.20744123825159239,0.75489498819766099,-0.60259658255669302,-0.25886466635106592,0.063609461267924092,-0.32557121993445154,0.94337543808793234,-2.8936120832703245,11.430449890365685,-0.11916862359599201,,0.1651424819393131,0.2916666666666667,0,5
-0.97251838105708088,-0.20807304861934844,-0.10446820063715681,0.22993468726403349,-0.92882540167696148,-0.29053986437737356,-0.036579203092824406,-0.30657622157936804,0.95114298728593494,-24.765215808982816,-8.857087607598876,-3.8356777093948864,,0.300135570938076,0.2307692307692308,0,3
0.98658658708981817,-0.13739224507829115,-0.08814917564453148,0.13877746279085776,0.99027555585932348,0.0097539370943037808,0.085951858594190717,-0.021856222451611666,0.99605952811282783,-14.897300862447088,10.061047520202624,-0.99776420181040015,,0.170854213934358,0.2105263157894737,0,1
-0.44709466350498223,-0.85577322263211419,-0.26030473159589884,0.89015756535381441,-0.39707803188095731,-0.2234917122421225,0.087896932305609951,-0.3316341780085274,0.93930447740222756,-2.3047079492722093,21.471967721687527,1.0324365040555981,,0.1795256329695003,0.1764705882352941,0,1
0.92950862125569356,0.36662394282303984,-0.040007593782049294,-0.36851409657498158,0.9275794579903085,-0.0615930981517595,0.014528717660765165,0.071994678020639274,0.99729919417386437,-20.726191284502523,-5.5356395724674083,-3.194969574701481,,0.4021102738935407,0.4461538461538462,0,1
-0.078125381558138349,-0.92368450467698515,-0.3751044662171184,0.98889122616616887,-0.024075112780619072,-0.14667832749309878,0.12645381594862037,-0.38239681583956014,0.91530437979275459,-0.74243747065918431,-9.4574975516133115,-2.0955258625932065,0.8075742452037373,0.494215008231051,0.2894736842105263,1,3
0.1706328918039727,0.98529029230234133,0.0093517981896467182,-0.97818041956621782,0.17052797613740192,-0.11867297978789967,-0.11852207816213542,0.011101767843356498,0.99288935322062954,-2.3414833107451525,-20.146691445745127,-3.249757797197812,,0.1420261393680568,0.4,0,1
-0.63457471184518777,-0.76881250111567689,-0.079008057910920582,0.7706239037288064,-0.6216491268451888,-0.14032520120915937,0.058768478697116482,-0.14993232213526544,0.9869481063818677,-7.3938853088026679,-6.5556584083782283,-2.2859176361520359,0.4310535571226427,0.4081752985332205,0.9245283018867925,1,5
-0.9067331128433912,0.41919202954976004,-0.045968515695928885,-0.40639557458514353,-0.89771320552649225,-0.17015768446050339,-0.11259528867117333,-0.13560620555602254,0.98434407499804255,-2.6236512913073486,2.8222189934473998,-0.99947608153202661,0.2456952806146555,0.2024166229269422,0.7467411545623837,1,5
0.57843652093237052,0.81572729510942399,0.00041384189841314842,-0.81266699208197779,0.57631020060163118,-0.086249131374970645,-0.070594271949533979,0.049553331835196099,0.99627351468958802,-3.5273741418425262,14.511043038981629,0.15452021814466768,0.2328460984177342,0.1662932917053179,0.4047619047619048,1,5
-0.94247350901189275,0.32448741313470569,-0.080321874529654586,-0.30405942397088986,-0.93198933365942238,-0.19734170527173805,-0.13889402976838622,-0.16156670654009672,0.9770387135791937,-15.821086620605765,-11.122516345865042,-3.4105497731943077,,0.1963743559698622,0.4545454545454545,0,5
-0.96725581148304129,0.25344876396228944,-0.013413396224371144,-0.23438887570029251,-0.91228996680306851,-0.33584054463154089,-0.097355277721534017,-0.32169976766613456,0.94182334298068815,-18.466362570579054,-12.655715420593806,-3.7265697549961718,,0.1733083604976454,0.3636363636363636,0,1
0.9758772931780838,0.21254365974240419,-0.04988688567872783,-0.20649166826576196,0.97277822260505342,0.10518422202106396,0.070885115477368851,-0.092345667622574582,0.99320067361792586,-2.3993562931547676,-8.3303953516985594,-2.1065846781421116,,0.3835521692490129,0.3442622950819672,0,2
-0.94992985323274959,0.30993988065604988,0.039630093566883698,-0.29458343093828471,-0.84605225107802351,-0.44431541798865926,-0.10418193775235338,-0.43374284873035263,0.89499344412204618,-19.100099129826113,8.8374124681764421,-1.3980258056048285,,0.290666252850155,0.2222222222222222,0,1
0.75409647103516764,0.63997214886021314,0.14756070295152554,-0.6557923874252003,0.74594444276924077,0.11620341172634945,-0.035705139230413185,-0.18439776838380847,0.98220293526725344,-8.2047110726177124,12.796944064133887,-0.27344323577220014,,0.3649883965309287,0.28,0,1
-0.8624143979072737,-0.4718720049554973,-0.18324360076551871,0.50579777314200047,-0.81776202258124198,-0.2746523022084989,-0.020248925078312722,-0.32954830505271038,0.94392155165037817,-1.7202254089353468,11.32503517565684,-0.052316432407081552,,0.3391491901888906,0.1818181818181818,0,3
0.97840269778356692,-0.16397100970268477,-0.12586369193266791,0.17761986217532291,0.97835642021217861,0.10615978330060556,0.10573242421631485,-0.12622290999138902,0.98635106907360726,-4.3226906506302578,-14.024862011531262,-2.7989841637323361,,0.3416396316754247,0.1904761904761905,0,6
0.92738254787728325,-0.35909440332877463,-0.10494198106854749,0.36001380081477397,0.932885552332268,-0.010705581377069111,0.10174317232886053,-0.027852392135545873,0.99442072139351001,-12.105599148348771,-20.579071795836395,-4.0311071594400367,,0.2754691459834985,0.5625,0,5
0.98904191320974932,-0.12362491392169309,-0.080703002250551312,0.11894733921120587,0.99106066351524436,-0.06041764417202538,0.087450697018221779,0.05015617499946675,0.99490538932124073,-8.1247845331764896,-10.588859650191734,-2.7327382954939825,,0.2517391940588335,0.696969696969697,0,5
0.090070615467825479,-0.98719960958363884,-0.13162148406380081,0.98640519032779284,0.10666537637149509,-0.12500919157372711,0.13744848025218978,-0.11857246021499916,0.98338623488176025,5.4051171187072606,-4.5673693636069244,-1.1173584721156935,,0.1473747787029518,0.1935483870967742,0,1
0.052588469399076181,-0.96979912123275314,-0.23816825427088764,0.98850030685147439,0.084414735571419777,-0.12546432071687924,0.14178009818307741,-0.22883141583835695,0.96308597066129553,-11.648227213205246,-13.863545406404173,-3.3455864624247238,,0.3490203195605555,0.5600000000000001,0,3
-0.34612944124321376,-0.92427289080891939,-0.16097836258449355,0.93436284988384632,-0.32413024174416366,-0.14800557808342088,0.08461958793091709,-0.20164128967697581,0.97579727179153763,4.2549386783359155,-10.704861744985811,-1.7682701809000605,,0.1259791923762129,0.2307692307692308,1,5
-0.027936242892357126,-0.98493127138909331,-0.1706750039488015,0.99075434764117565,-0.004605553176831971,-0.13558986507126411,0.13276064538547355,-0.17288487360032279,0.97595360110869656,-11.677462322514884,-10.060049052764416,-2.9900478742362546,,0.08985951990639567,0.3333333333333333,0,3
-0.87372591531300625,0.48579564466949227,0.024609277327897291,-0.47075831561809234,-0.83177912345443883,-0.2941599871868732,-0.12243215748677111,-0.26860022599677247,0.95543931539769533,-4.9003530268719153,-9.9788221516987115,-2.4462667507797753,,0.1444159987806154,0.1111111111111111,0,3
0.45101644378969141,-0.88833957392305019,-0.086237861948879835,0.88008246276710422,0.45872438993583425,-0.12258381951866838,0.14845546861294454,-0.020609111582272549,0.98870432302013356,-27.878326669428862,-4.9687199495102439,-3.5561675171112728,,0.1137306769095512,0.5,0,2
-0.27760339399864392,0.95986901145236025,-0.039847666103582507,-0.9488930863463394,-0.28043865441835231,-0.14476212139970338,-0.15012750022748025,-0.0023752813502745549,0.9886637910401872,-7.4674924097095587,12.313430728119972,-0.29359000588336059,0.3615783159615118,0.3235919548919136,0.7456140350877193,1,5
0.64006319145144386,-0.76191309156547149,-0.099033084623965095,0.75466470166520305,0.64763632201441079,-0.10511128611246166,0.14422308764397515,-0.0074589080160214309,0.98951708710948794,13.859701322543348,2.4930032894285574,0.20581581419378264,,0.1203019018923881,0.4166666666666667,0,1
-0.55524090749789168,0.82440505531993735,0.10983551066868059,-0.8210453913453456,-0.52227290425833106,-0.23046795618510069,-0.13263483702062201,-0.21814517698198227,0.96686125259419387,-24.308141291393628,-5.2222774128266121,-3.3651449824275734,,0.2867277304053352,0.6190476190476191,0,2
-0.61417575677552227,0.78889078068720764,0.020963681354744787,-0.76787323320572609,-0.59126157149428349,-0.24653691772287428,-0.18209568230850431,-0.16751444779731336,0.96890663753726114,-7.9608629122585119,-8.9337150065054551,-2.585085343627993,,0.2658745395694471,0.2916666666666667,0,3
-0.028178706350034013,-0.99519489286425356,-0.093771454746884392,0.9910712837617689,-0.01558486033349764,-0.13241911731765149,0.13032141424662,-0.096665595458228087,0.98674824126697491,-10.864347333702607,3.3785980916904039,-1.5251605433659057,0.3988821292139609,0.3535992003916604,0.861796643632774,1,3
-0.23569770401864856,0.9717579969588459,0.011532027873203283,-0.95298245569339823,-0.22878573500401894,-0.19869958882506633,-0.19044955096013516,-0.05782285711724764,0.9799925947342053,-6.9293362435779784,-17.417127364843022,-3.343104742074599,,0.1971460859424117,0.3333333333333333,0,3
-0.65337476774489267,0.74712169969030962,0.12210888061959931,-0.74437931590171535,-0.60466992427475097,-0.28332616669708016,-0.13784355963193465,-0.27601349338289682,0.95121801104613612,-12.533197591458942,19.038390910561763,0.1700361725658539,,0.5218741659768946,0.5416666666666666,0,4
-0.36398116886856602,0.92298965980917003,0.124931167426007,-0.91968444634476565,-0.33493958071235685,-0.20492924736052714,-0.14730318347067012,-0.18948763853503264,0.97077093435157125,-18.531660533038298,4.9382486952979097,-1.8523093096777139,,0.1080860723415357,0.35,0,1
0.79265806988374921,0.60870040574849649,-0.034307437820158652,-0.60908616891331535,0.78819419474607089,-0.088113280537570324,-0.026593666288589314,0.090739888749148026,0.99551948725432937,-4.1195975531311264,-11.599958738657801,-2.5596767333548307,,0.09145174255115451,0.25,0,4
-0.76591033591633939,0.64264395185858925,-0.019751163917437971,-0.63148361372419426,-0.75767423982756366,-0.16479742685962631,-0.1208710177600516,-0.11374751619836221,0.98612965659914642,-10.710672629271146,-1.8719138270905586,-2.091250032210894,0.2589309909006201,0.2512205696132591,0.6548956661316212,1,5
0.85934802831041746,-0.49178676524226916,-0.14023816802690359,0.49579210330636869,0.86841107497192116,-0.00723845046667616,0.12534415238870938,-0.06330862815332973,0.9900913397577511,6.2602463826258488,-3.5091595160700639,-0.97980771506807618,0.516722100283916,0.4941170561118507,0.5542168674698795,1,2
-0.86936620125934705,-0.48510305435135992,-0.094220139921752349,0.49414317502028132,-0.85144795469134726,-0.17566702317964464,0.0049930640661481219,-0.19927721172001514,0.97993043742927388,-2.6008917495235413,1.2337086624374196,-1.1459515088332,0.2297592231989282,0.1954133393516898,0.8569892473118279,1,5
-0.46148683923259576,-0.88064303014547474,-0.10722756488564252,0.88293242291204299,-0.44415945688609704,-0.15216015716775763,0.086372644892800055,-0.1648946036559221,0.98252202820057855,-9.1264318254799459,12.510135908483099,-0.36971399736028732,,0.09669305024282779,0.2380952380952381,0,2
-0.12955790372406145,0.98969278117520842,0.061015968994246245,-0.98170658019112111,-0.11936731326131297,-0.14833622259660056,-0.13952397640577571,-0.07911790830435024,0.98705289452666289,-19.257671127390605,19.179217934471069,-0.16300331602494902,,0.182599120447207,0.3076923076923077,0,1
-0.28545409534895111,-0.94201881021306177,-0.17639875468177274,0.95164882630629855,-0.2568071539595394,-0.16856629872262971,0.11349216201287811,-0.21598760816299092,0.96977774891037472,-12.976220641093525,-14.147964727738291,-3.4962458825857969,,0.2013094642958826,0.4333333333333333,0,4
0.6684240674499462,-0.72061862138808264,-0.18416858733890532,0.73018056855825508,0.6829017399431484,-0.021944267646980813,0.14158249663574862,-0.11980824717588752,0.98264967336026132,0.047137560417408124,-14.228924181654442,-2.4895661572304837,,0.2936392883748159,0.3333333333333333,0,4
-0.84749966805390309,-0.51129625043229621,-0.14254984020474026,0.53071613184795163,-0.81158620112996072,-0.24427080368268517,0.0092032627295923417,-0.28267292482533934,0.95917220431256067,12.846664087687806,1.9268745037377706,0.071695901297097644,,0.2055053539536839,0.25,0,3
-0.98334524210827312,0.17182675259627339,-0.059225855124604675,-0.15745977636349923,-0.96817588968884238,-0.19452985748407739,-0.090766478672351519,-0.1819643199021107,0.9791069566865428,-8.4754538202772807,-5.2350845940253423,-2.2611780792451972,0.3913912758711476,0.2118418593995923,0.384703196347032,1,7
0.58256261911116081,-0.80610630246729342,-0.10398761434350241,0.79929365132335484,0.59139879547492658,-0.10666360046887985,0.14748035044887589,-0.020978413508045846,0.98884248108491057,3.8761250121976256,6.972928334618973,-0.089622168304075073,,0.1373420969815528,0.3684210526315789,1,5
-0.99327149913170176,-0.075802872588372469,-0.087553717910841919,0.10144361403515968,-0.93419605285852425,-0.3420335188180208,-0.055865214437482144,-0.34861391155675742,0.93560003125531688,-10.872746070755907,11.130963237539428,-0.63623035927481342,,0.2103602077944889,0.1666666666666667,0,4
0.38843618752097803,-0.90607420682782247,-0.16777025941894455,0.90855275373637834,0.40697224817963473,-0.094368866103484522,0.15378303515736408,-0.1157718486202335,0.9812989642126615,4.7092803648650259,-4.0692795342427956,-1.1352466105413392,0.4080419516828173,0.21656064296703,0.1714285714285714,1,2
-0.98960600263132315,-0.11647813727272167,-0.084337435896110272,0.1349335584925328,-0.95490507606154551,-0.26447916837519736,-0.049728204759429399,-0.27311012293463383,0.96069660476241558,-10.645971272103473,-13.000464891602713,-3.1726292751481431,,0.4109367498794834,0.1,0,1
0.74761426224603877,0.66204180919118238,0.052664577936007151,-0.66403361859801568,0.74652143375879487,0.042013120692685993,-0.011500793795936522,-0.066380658490100261,0.99772808917083444,3.8957291735109902,22.154857799692177,1.6191867421107382,,0.4616311256817104,0.6595744680851063,0,5
-0.14519156626478535,-0.9792669439740882,-0.14126450907863916,0.98199289235734044,-0.12518548019905393,-0.14148694253180213,0.12086922042126219,-0.15926345464978064,0.97980905464675816,-3.8517424746408095,-2.2580155694104658,-1.6207419219048471,,0.4800300377051672,0.5124411566913248,1,2
-0.96303433743184363,-0.26132674312502152,-0.065369704411739532,0.26891622094736317,-0.94685784923917482,-0.17647741908117318,-0.015777548561107815,-0.18753278823137065,0.9821316216778524,-12.739589537591861,-11.48265142562127,-3.2065256970617959,,0.1011576733123585,0.3095238095238095,0,5
-0.14195749064066307,0.98948532438984937,-0.027692303409464863,-0.98099594666392287,-0.14436756350398375,-0.12963394322814686,-0.13226875473807562,0.0087635281159506428,0.99117514955481034,-5.8805408476180672,12.401438726891239,-0.20939705335889144,,0.08214547968531896,0.3,0,5
-0.96229682816609285,-0.24715678264199678,-0.1135708558369337,0.27036024925123692,-0.91492318141501439,-0.29970136425154525,-0.029835383796524249,-0.3191067171080626,0.9472490448505233,-13.336928896878582,11.970361354610631,-0.65075136981526227,,0.6509068263335145,0.5,0,1
0.56185834746605634,0.8272332145240413,-0.0006373154104836827,-0.826828437747125,0.56155898364030266,-0.031721324460324087,-0.025883043008104487,0.018349841445914724,0.99949654897030471,-3.5579594192131236,12.974314163509186,0.004646168559768394,,0.5724118477271105,0.6304347826086957,0,2
-0.51154496735949306,-0.84618566447602672,-0.14930360881251581,0.85562707123362525,-0.48568187879807845,-0.17892855439906102,0.078892720458508259,-0.21927821105261269,0.97246748265236183,3.0852355666333553,5.4830567592883579,-0.30289456998037551,,0.06943389412701245,0.3863636363636364,0,1
-0.40765507366637704,-0.85779069154099508,-0.31306943386361208,0.90838565614652234,-0.34602884673300682,-0.23473290552429527,0.093020646209931265,-0.38007784299304681,0.92026517517748108,-15.912160490896824,0.93782082848988102,-2.1697846200157769,,0.4911634866935874,0.1333333333333333,0,1
0.62381139062994284,-0.75468460955797323,-0.20324981922911259,0.76802748986111202,0.64011709749199119,-0.019592761828501615,0.14489004016141654,-0.14387926047474123,0.97893086306810506,3.136222358337287,-13.469739813653829,-2.1234130184705409,,0.3708630667983357,0.3076923076923077,0,1
0.63340226703292213,0.77362597002024469,-0.017447825875766428,-0.77164211726531251,0.6297652982513291,-0.089241873471600203,-0.058051795664401315,0.069989482271629655,0.99585714908890843,0.085412355198458037,-2.4674310840824307,-1.3266500038160567,0.2053790158573404,0.1803870767460724,0.4516129032258064,1,5
-0.2890377874281454,-0.94992490549694686,-0.11874271074578799,0.95257068672254519,-0.27304658548706989,-0.1343675889148469,0.0952168274811723,-0.15194813612041386,0.98379140049806868,-12.787590065828745,-16.649830735291939,-3.6846362346328934,0.5468667863634052,0.3572316230286149,0.8,1,6
-0.99105772589824659,0.11656540640303055,-0.064939125090288943,-0.1050803290952905,-0.98174231099722409,-0.15855648594445676,-0.082235687962230103,-0.15031480575088277,0.98521203342095476,-4.0085082800485861,-9.7271999934415057,-2.3634856545020906,,0.1353586670779369,0.6330275229357798,0,5
0.25684100347405381,0.96642386314353435,-0.0075904994018523419,-0.95918878277441189,0.25394125954835439,-0.12438133179355602,-0.1182775461961586,0.039226947953208809,0.99220545685865535,-6.0332767582642512,-12.438709611695927,-2.7674644802878983,,0.1620816679843571,0.6714285714285714,0,7
0.89273212649107492,-0.44450893990412477,-0.073764169323847981,0.43575784291086989,0.89335686580360274,-0.1096750320867599,0.11464925936259546,0.065767109309117749,0.9912266313314696,1.4440630700441961,9.7912701046259087,0.014764153272169386,0.3444908245461308,0.3185202771247792,0.7647058823529411,1,5
0.24363564461055512,-0.90955387929234277,-0.33667998654427,0.95906995970267161,0.27759480493769556,-0.055910076618787947,0.14431384227133323,-0.30927797357046494,0.93995779160185244,-15.236684443270461,8.5407851408591,-1.2056133970634852,,0.4339907113209044,0.2307692307692308,0,1
0.9170435988942669,-0.3912449742671063,-0.077190723780669657,0.38185123477359567,0.91730136822076846,-0.11290630789370248,0.11498118206442522,0.074064633739988756,0.99060272450666598,-4.8817744495910684,-3.022442861170402,-1.7775926258053545,0.4280427707408648,0.3953028684746442,0.9842442146725751,1,4
-0.99694590652065662,-0.034913593816780115,-0.069856284173309371,0.045767146448032259,-0.98599566527311056,-0.16036806530179235,-0.063278967893840007,-0.1630754090273345,0.98458223790237909,-7.701137668090043,8.6717711049164095,-0.74174045664357313,0.2030973013605724,0.1973462507293575,0.6513761467889908,1,5
-0.93047291266382537,0.36621300718280236,0.010401546472730616,-0.34941019988499245,-0.87852869023354707,-0.32572972331805466,-0.11014840450603568,-0.30671709082908244,0.94540570930057199,-27.580409004141316,17.977089508843211,-0.90113842483461559,,0.2708108477474575,0.2666666666666667,0,1
0.56755190912994302,0.82193848287850313,0.047978753697258791,-0.82032450698684223,0.56949483212491725,-0.052376897768071105,-0.070374240171753935,-0.0096315391499744319,0.99747415995295408,-2.3152859250289719,3.6838215696849272,-0.84819197869786578,,0.06907529827273516,0.4347826086956522,0,5
0.88929583913031618,-0.44211527796561956,-0.11699141632996719,0.43964872249761577,0.8969113820130209,-0.047528661055295421,0.12594408009796712,-0.0091680862167475164,0.99199497724706276,-10.362636138523087,-16.911336773285839,-3.5500099468640429,,0.2562235413113441,0.4166666666666667,0,4
-0.90402556133065792,-0.39311922810783156,-0.16791383788327313,0.42744983999816721,-0.83584836340684732,-0.3444475978659664,-0.0049415327914311144,-0.38316417614646042,0.92366703707108333,5.2713453010927704,8.4693682209849968,0.14354992434780114,,0.3263833160276692,0.3333333333333333,0,1
-0.76083653753907654,-0.63266442982726279,-0.14444196889026065,0.64796777345300538,-0.72843357681305942,-0.22253603918846165,0.035574256308532254,-0.26290729050879968,0.96416504234773914,-21.989357803372901,-0.39495453920441026,-2.6604095020458325,,0.1655166868467945,0.1923076923076923,0,2
-0.76730155087124075,0.6398414337173195,0.043026384105031776,-0.62772583851851282,-0.73565906899030253,-0.25449166168766924,-0.13118156001061446,-0.22228061973749849,0.96611734504784419,-12.669459661585883,-8.6890928916595893,-2.9234381718796589,,0.1190049938735195,0.2380952380952381,0,3
-0.83815310114313768,-0.53405022389344403,-0.11085908805101426,0.54533971857444508,-0.8167153787643241,-0.18862815652757364,0.010196587139106653,-0.21855513823565884,0.97577132626528107,-7.9449365213163166,-15.718886856629645,-3.2213297001990138,,0.2021731445955248,0.6176470588235294,0,5
0.7325458310552162,0.68044201398041404,0.019371913016008168,-0.67887674636176121,0.73236034896587343,-0.052675255213924417,-0.050029677721235288,0.025435897327619177,0.9984237810039619,-19.332142863961813,-11.552569283478936,-3.7054817090588013,,0.4265031007261135,0.8076923076923077,0,3
-0.30142028143888144,0.94478172052838594,0.12858193688355848,-0.94174236259500088,-0.27388208308771606,-0.1952176402314052,-0.14922176929419625,-0.17993361308814818,0.97229458419233894,3.107160402022747,-12.074687549904032,-1.9600599715773255,,0.3683176425448838,0.125,0,2
0.9885638562150707,-0.11647783585657569,-0.095783171483091997,0.11065444740692357,0.99179417159640393,-0.064030574388121181,0.10245533394733129,0.052699477621442808,0.99334066140683552,-16.768959999542325,-6.3692668547487576,-2.9829086092710395,0.3002872257412398,0.3410132173269114,0.7954545454545454,1,4
-0.89194162827801138,0.44641322463200722,0.071800867811067703,-0.43619265416831088,-0.80772766969753074,-0.39662574305584414,-0.11906342929033123,-0.38508602218030352,0.91516810222328893,-6.0543232964633988,-6.8593441557975732,-2.2177240023154923,,0.5045679308481793,0.1492537313432836,0,1
0.9953483048712809,0.050589960349212038,-0.081990291509014615,-0.057127291629193985,0.9952002943377366,-0.079453424729181765,0.077577216635949756,0.083767714914207037,0.99346099339484439,-11.802291107329271,-2.9530782121388492,-2.3271386736932835,0.2505004099975452,0.1847138475627493,0.732159406858202,1,3
0.94126997180689331,-0.32931554124263424,-0.074579584811945016,0.32025081318573345,0.94070129517625889,-0.11189499500686495,0.10700587286933186,0.081439226112364413,0.99091745146691812,5.9204027947229223,-1.5092433749566754,-0.81456043769831965,,0.4291515432294115,0.5747126436781609,0,1
-0.73357835237673263,-0.66992595428443036,-0.11428918015426241,0.67780122882537475,-0.70896753740704821,-0.19480894513804423,0.049480249868509588,-0.22037297175261947,0.97415987301565088,-17.104841314399035,-14.641666635366219,-3.8413545931966779,,0.6163978190278172,0.8070175438596491,0,2
-0.92749417224732578,-0.34041909829583189,-0.15449724257312666,0.37344101767636323,-0.86271791508996643,-0.34096862802853672,-0.01721530609919528,-0.37394202291033463,0.9272922930433728,-2.9159828081908388,-15.994531329234452,-2.8609987105737948,,0.4582019863402009,0.3448275862068966,0,2
-0.35695522208004671,-0.91664299517886227,-0.17985713446874435,0.92974423195759415,-0.3300169368366081,-0.16329263468560001,0.090325149163271251,-0.2255092920269709,0.97004480651056835,-1.2033545229359757,21.010364937316734,1.090902533151078,,0.1674963372464473,0.25,0,4
0.76769760769705997,-0.61068867018706408,-0.19416418629954993,0.62624456011030238,0.77921685946834074,0.025275222106842209,0.13586071569245092,-0.140997992983771,0.98064337651670475,-10.053887241410459,-9.1784053005965536,-2.7874797358907375,0.6680458702009859,0.6456769793561802,0.5333333333333333,1,1
-0.34621612409904245,0.92961245590624708,0.1263134087806595,-0.93427213009501664,-0.32940708400346619,-0.13647915568339053,-0.085264191437872908,-0.1652623817820828,0.98255705321683806,17.816906149193525,3.9351813908733817,0.63523677651875443,,0.3276318107947923,0.1666666666666667,0,4
-0.024606176842469893,-0.98328748690745271,-0.18038917415528041,0.99118404780233738,-0.00049757548426921153,-0.1324912668850752,0.13018724762192288,-0.18205897536200855,0.97463111485667464,1.226216251889634,-1.3817600556316612,-1.1523183048333563,,0.0768777584203211,0.25,0,5
0.96215536100028431,-0.24125524142438087,-0.12670031485232011,0.25459393071007169,0.96162066476253505,0.10231142432424829,0.09715447361809168,-0.13069661658560619,0.98665059806857003,-10.466778857617957,9.0083071335211038,-0.81979182063551292,,0.6279922276278525,0.3023255813953488,0,2
-0.96127698137398931,0.27480669382119666,-0.020684441292276916,-0.25650272940364899,-0.91963779938955481,-0.29744355387605032,-0.10076167371073633,-0.28062002595146263,0.95451531477813956,6.0018650908555662,-6.4881406552599064,-1.2571545166626363,,0.1300776142868751,0.3333333333333333,0,5
-0.85809245793312305,0.51029280075029071,-0.057258983056926893,-0.49269611478310887,-0.84961546785761433,-0.18815975992415274,-0.14466468855916048,-0.13324719238884294,0.9804679054434009,-0.65180874751352502,13.633309562944282,0.28342043123639427,,0.1023274266366749,0.5238095238095238,0,3
-0.93578649872332242,0.35082274175241668,-0.035029026199179351,-0.3353929906241489,-0.91642920260935334,-0.21833244936329171,-0.10869761104704675,-0.19256406849176733,0.97524556337291923,-2.1189873879277701,-11.617012170124735,-2.3918605867046008,,0.1202843785515656,0.3,0,2
-0.99364868955406982,-0.087892028604055983,-0.070265731728523156,0.098841333355041597,-0.9801812502356152,-0.17168316023170271,-0.053783571544464621,-0.17753790579594753,0.9826431801205926,-0.063337704283642521,12.560304425902155,0.22838943990514318,,0.1043870211039129,0.28,0,5
-0.60376371953466035,-0.76494137460723066,-0.22435254486560344,0.7951047540319619,-0.55765014949794922,-0.2384003793635581,0.057252083712696265,-0.32232127478482608,0.94489745196589414,-23.082768369168591,-1.0851934347792402,-2.8176751241277653,,0.371953742055111,0.2272727272727273,0,5
0.27582177897885718,-0.94202140287610647,-0.19109689365416785,0.94568270302924007,0.3015382819420509,-0.12148617087861258,0.17206560211805741,-0.14720849515829618,0.97402417193875701,-14.789138067498401,-7.5609196573818229,-2.9559810539118629,0.1911398683436025,0.1884460754713556,0.3918918918918919,1,5
-0.91122970205832299,0.40635125560390473,0.067372747872036245,-0.39552781721634145,-0.81757372477456558,-0.41848649962253054,-0.11497032614886003,-0.4079851242721626,0.90572068678917328,-1.8145183071279003,20.227956133912262,0.94072838421318306,,0.5549860775705816,0.4782608695652174,0,1
0.74905037085696435,-0.65012785640556936,-0.12750416559683039,0.64576786376992346,0.75946520524511563,-0.078717648237379534,0.14801151320445916,-0.023374609034034568,0.9887093706501584,4.6105976432949731,10.800134095011613,0.41726289760909541,,0.222323651517521,0.2,0,5
-0.12970509697153848,0.99060039635415009,-0.04344470695730112,-0.98216178406308718,-0.13436918606713671,-0.13154144503414045,-0.13614263750059491,0.025608135009351399,0.99035822088561731,2.9251157607461571,10.01381138973924,0.16874610102222939,0.146808691546414,0.1384978752285686,0.6153846153846154,1,4
-0.96248148451918358,0.27113197326418714,-0.010809488036800189,-0.26052032176474682,-0.93448460765563868,-0.24262662673804108,-0.075885136260945951,-0.23070754458525211,0.97005952135222218,-12.388167403101061,1.4857095872354058,-1.8464111291974064,0.3584694999754277,0.1826819142060995,0.2833333333333333,1,2
0.87606615632285056,-0.44992796404164481,-0.17341544602210746,0.46649902542308841,0.88184889415165957,0.068710895517402046,0.12201126597578942,-0.14109342669605479,0.98244892789302252,-0.36745781057837484,-4.0333287671737912,-1.4859549210628202,0.2812707896395698,0.3433793134327716,0.1844380403458213,1,1
-0.78263696459084831,0.62244572577614432,-0.0063796644921486545,-0.61149653702943441,-0.77070579754084811,-0.17912163140708232,-0.11641033827385282,-0.13628606715264108,0.98380625178082348,-7.1512609821232695,-3.2244016684991457,-1.9507604606441187,0.3035266386572007,0.1560576853989566,0.1755725190839695,1,4
-0.99073511846854978,0.11693224182024384,-0.069070803209479933,-0.092039189907120109,-0.95209056354939348,-0.29163735412570435,-0.099863469568965857,-0.28257814781594914,0.95403190608205435,-17.638190649909379,-7.9862614236560123,-3.2348779419431009,,0.4229947216415602,0.6301369863013698,0,3
-0.059205513829194506,-0.98831950615984032,-0.14042528574366822,0.98914542705665964,-0.039130987157057678,-0.14163364705116158,0.13448431605625943,-0.14728652208564097,0.97990849019017912,-16.618814311180849,-15.8704919700298,-3.8733445142898866,,0.1174376971894717,0.3478260869565217,0,3
0.29528896125985626,-0.94233109243723312,-0.15753266830764315,0.94186119580451666,0.31478552052823483,-0.11750559094551086,0.16031817487658909,-0.11367580345798763,0.98049777894313461,7.9371295731574447,-1.7965440394269883,-0.68643796724811146,,0.149113761467926,0.2,0,2
-0.99854895423053491,-0.053011569685145865,-0.0094741482267795343,0.053171489972988185,-0.94269066341448116,-0.32940416780183429,0.0085310409188144847,-0.32942994185514379,0.94414148026138478,8.2779318618140945,-4.9917897206148156,-0.91857691813484221,,0.4509137756051084,0.40625,0,2
0.99702056889064339,-0.015955634418798881,-0.075467893433379063,0.027579282953249538,0.98743689773666632,0.15558841904194995,0.072037270636544887,-0.15720620445288563,0.98493494248135749,-6.1473152382181784,9.2446851469898608,-0.55211740200750159,,0.6183063592351277,0.1111111111111111,0,2
-0.30334339574591535,-0.9095207508098675,-0.28417386949470502,0.94642762681750714,-0.25292847289694242,-0.20075341789021567,0.11071373651864509,-0.32984722439983821,0.93751974757964651,9.5089296949249427,-8.834247493588979,-1.1396496904375266,,0.438349418864495,0.2142857142857143,0,3
-0.54003487328031108,0.83747371025914508,0.083666721376538314,-0.83163071383957954,-0.51568002283192338,-0.20606908999347195,-0.12943218857683317,-0.18086431012460144,0.97495405526792001,6.317281475950792,10.915421450532957,0.52616369116714301,,0.3057089997505084,0.5263157894736842,0,2
-0.99286484130740515,0.10559165311820438,-0.0554058632942942,-0.092363596472249232,-0.97486620857964534,-0.20274328944815639,-0.075421302974244167,-0.19617919910457429,0.97766320831682885,6.8117272985267467,8.3307214540463033,0.24477639409683732,,0.0757487906659549,0.3333333333333333,0,3
-0.36427431017822043,-0.89537714245648359,-0.2561327775015223,0.92608465119760175,-0.31922529876030997,-0.20115274655745474,0.098343508989655548,-0.31047541190544142,0.94548060415946567,-8.0261610088961639,-12.379605848279818,-2.9126855253793713,,0.07344106366199198,0.1764705882352941,0,1
-0.40710075958237424,-0.8499510745761133,-0.33444303307792611,0.91108815961389511,-0.35193583370210818,-0.21461485122834895,0.064709635749386221,-0.3920769564553761,0.91765370552178838,-2.1600042809457118,-15.469083343521005,-2.7814402701896896,,0.1297672323647649,0.1111111111111111,0,4
0.86087565968657687,0.5071228832965885,-0.04146661061813927,-0.5087505019514198,0.856601191943964,-0.086065816235945225,-0.0081255968014725278,0.095188125294785444,0.9954261376312582,15.457883028421366,2.4521156559127708,0.34882177975136464,,0.07993525939893958,0.3125,0,4
-0.69696890384558396,0.71680493415081448,-0.020616339377603165,-0.70333117002485623,-0.68890975573446522,-0.17529578924020622,-0.13985568398800441,-0.1076755999794138,0.98429993031866136,-6.1665745986592873,-10.95310422291961,-2.6380744847104709,,0.07219572735079424,0.1304347826086956,0,2
-0.4549392641408268,-0.84689123368555241,-0.27532799394461455,0.88627782724044057,-0.40043635683516715,-0.232728032403795,0.086843991645744759,-0.34989421605842724,0.93275514401363235,1.3720025167733165,-9.4229206126955329,-1.8960413545003965,,0.1008073691757273,0.2307692307692308,0,1
0.16873333407487603,-0.97900014126748858,-0.11440185912045052,0.97574218281117087,0.18233137641615699,-0.12117120886201781,0.13948567903146666,-0.091181097670672964,0.98601711586194252,19.751107780819051,5.909241779751178,1.0171210845051797,,0.08255658809367118,0.3636363636363636,0,3
0.1192631956710084,0.99286078296496683,0.0019379908487922107,-0.98560373769429699,0.11862662218795968,-0.12046989977295171,-0.11983973632050739,0.012457534204901376,0.99271508875415171,-13.486191262511166,-9.5237983449977133,-3.0804832767573367,0.2069920145321489,0.1756867551949078,0.3970588235294117,1,4
-0.21605131826406848,-0.90811819597548704,-0.35866860751198371,0.96967068884707408,-0.15656814166780167,-0.18768370255707417,0.11428290802740065,-0.38833974706810315,0.91440235005159654,15.473348335220074,9.6298291714995781,0.9459831205169893,,0.4924223839346635,0.2380952380952381,0,1
0.43951175764464595,-0.87907928529285628,-0.18452377912105605,0.8852934659156575,0.45868807175533349,-0.076555418073560713,0.15193713864344568,-0.12971068960720344,0.97984194791939117,-21.21447474127628,-1.9556502836842533,-2.8317444936397873,,0.3026234381492219,0.8333333333333334,0,3
0.95826810233245452,-0.27549218543758075,-0.076330202508444855,0.26860405728671849,0.95908938454762482,-0.089439436811562467,0.097847352857743805,0.065204357299814317,0.99306308325697423,6.3402231433806167,9.0678106084730885,0.31752991187089369,,0.1310693301173281,0.4583333333333333,0,3
-0.61232636126064477,0.789773137933097,0.036260417876910429,-0.78363392110230146,-0.60021130049918814,-0.16020072550055886,-0.10475831710719062,-0.12651002075876383,0.98641822248196853,9.3355069796396339,-7.027220438270942,-0.99930809059353831,,0.1354159466909549,0.2857142857142857,0,3
0.68044848266956526,0.72796553578466849,0.084000244895036227,-0.73103595227070617,0.68227953920726658,0.0090037140548020356,-0.050757254854326923,-0.067533762584796028,0.99642505588267505,-3.5314068505254346,9.671051430187541,-0.39674023282902926,,0.6302755337333815,0.1304347826086956,0,1
0.22186033365128868,0.96854784569181696,0.1126634943443461,-0.968424401521777,0.23234590027065694,-0.090385624767466227,-0.1137197031711135,-0.089053092215585258,0.98951370676586159,8.9384013812367371,-1.5107679818329542,-0.56889295698164688,,0.07961763803381208,0.4285714285714285,0,1
-0.3837431226443882,0.90890575445698196,0.16319174408688492,-0.91042229678045383,-0.34281040743785712,-0.23154322723261508,-0.1545071433563448,-0.2374265235125925,0.95903920075489446,13.102759472200228,-5.7407542832434029,-0.59116345316070229,,0.4999835729696771,0.1481481481481481,0,4
0.097036671745178951,0.98829906325038064,0.11768111962009783,-0.98742704935484682,0.110420251933099,-0.11311582632599734,-0.12478664407299618,-0.10522513740286744,0.98658804164633374,-9.1398240798523709,-12.781867964984759,-3.0312741757169412,,0.6907356588518274,0.4705882352941176,0,1
-0.99166782117454222,-0.089903653085647725,-0.092261940196335518,0.10963571621127506,-0.96505162612506667,-0.23802388250804959,-0.067638318856824559,-0.24615582884672974,0.9668672947964484,6.4597008036086407,6.6043977883671774,0.069702892331768102,0.6063449069151662,0.3071942526729916,0.1333333333333333,1,2
-0.55795610932375383,-0.79561534898114794,-0.23596863464008505,0.82532139844845342,-0.50226108266454395,-0.25802789404196164,0.086773091055862617,-0.33871820338778175,0.9368780119964204,-8.120489441652218,9.8277062143398428,-0.60779738761387747,,0.2951233611985629,0.1111111111111111,0,4
0.2084652237965853,0.97572556729652915,0.06709595957512314,-0.97146900187028951,0.21451185102874418,-0.10115653302365363,-0.11309389405526395,-0.044094025582711492,0.99260540399260777,12.446932271924938,12.264813100451034,1.0590855498039797,,0.1534296058419975,0.4,0,2
0.56842683041085462,0.82257626319042298,0.016100611937073774,-0.8206463943755512,0.56826919928206499,-0.060080051146173215,-0.058569905817540818,0.020938203910541714,0.99806370425415425,-6.2323886097898207,4.5760923819836545,-1.0668430376616911,,0.1301929114350678,0.1707317073170732,0,2
-0.84638853406264525,0.52433189072495323,0.093287286251041046,-0.51726575307467415,-0.76767707542031993,-0.37829624445690163,-0.12673827402713886,-0.3684399221622181,0.9209720048154133,1.3828493821643497,12.957535218678725,0.3670624493947115,,0.3476972156755106,0.375,0,1
0.88556717841872978,0.45393764062420783,0.098546389746240456,-0.45617677059119571,0.88988915523045475,0.00021301693837054764,-0.087598667115876064,-0.045143214636929496,0.9951324352525982,7.1656215942507622,-7.0328842656718029,-1.1814072377953726,,0.783810408419582,0.3653846153846154,0,2
-0.018886333670423566,-0.99435913594819014,-0.10437056652552046,0.99128371826910933,-0.005009679877250448,-0.13164912837575679,0.13038365041314973,-0.10594721262919631,0.98578663606332451,7.5145580635197717,-10.397326751943606,-1.4540794917631015,,0.1387003588525465,0.4736842105263158,0,3
-0.055848404963217663,0.99842471081296469,-0.005390037208843847,-0.9884946542084162,-0.056051376358350467,-0.14048687415455696,-0.14056768570495926,-0.0025179448728736751,0.99006786923380619,2.8256809772136386,-1.9975375905773449,-1.0639863627881012,,0.1607868343695782,0.5443425076452599,0,2
