axis_00,axis_01,axis_02,axis_10,axis_11,axis_12,axis_20,axis_21,axis_22,location_x,location_y,location_z,dbh,dbh_approximation,score,reconstructed,number_clusters
-0.842065737976888,-0.49124182411890721,-0.22272575774204295,0.49484235054715808,-0.8678999610882252,0.043367103292941182,-0.21460741140604209,-0.073696185650178936,0.9739160801579424,11.264917810191879,4.9705561924551622,0.60213373516512736,0.1437975684951434,0.1002135349613785,0.3157894736842105,1,5
-0.75099901322060381,-0.60031251566494648,-0.27500066486774455,0.6303002024123131,-0.77585991715486113,-0.027623247300932789,-0.19677941198376211,-0.19407800619460935,0.96104713231498118,-13.992104889608878,-9.4983632505803381,-2.9389094807128076,,0.1601195174505528,0.3023255813953488,0,2
0.17311117801442075,0.98124775785271323,-0.084766489578618667,-0.97673959149709155,0.18209714395716653,0.11322720770529286,0.12653967934428351,0.063193891094515731,0.98994658526598289,-8.4146706824047097,20.04288502776269,-3.6827789323989344,,0.09145756674137739,0.12,0,2
0.013933374888860831,0.99390123079643788,-0.10939014802775132,-0.99419855177733951,0.025439906225274488,0.10450861598495841,0.1066541171640773,0.10729936902226467,0.98848962801810736,-3.8468692162157208,11.724370562561058,-2.395632815091727,,0.1046208420295202,0.2647058823529412,0,5
0.82007838668196498,-0.53354147793013162,-0.20689352581759585,0.5612471711176662,0.82046182339627916,0.10883018543432825,0.11168282146114807,-0.20536768898096855,0.97229165362718872,-1.3042014660779362,16.541159558542539,-2.2591730024482537,,0.07760489217437919,0.4,0,1
-0.91103375161783873,0.36666334574780968,-0.18861467148170072,-0.38456723885899957,-0.92059731973784242,0.067886771081467359,-0.14874657041254077,0.13438216316358548,0.97970194039513059,-0.69780377275494587,1.7009195336050693,-1.3414392575722811,,0.06584599934301871,0.2638036809815951,0,3
0.84836375829065802,0.52564463948551066,-0.063060658092812624,-0.483592378609351,0.81789369073609708,0.31175041620667882,0.21544684952419499,-0.23398210109800049,0.94806910686714452,-4.2831736816923422,-9.4879124653746025,-1.4670455603040773,,0.7387210527331263,0.4214285714285714,0,1
-0.77837384802912624,0.62228608673717689,-0.083031192678784865,-0.61841051700905003,-0.78278535563694218,-0.069393943921253601,-0.10817848749603803,-0.0026670683675381114,0.99412791007465051,10.9374184697182,2.4610869358674661,0.61648371004892744,0.5693619048366153,0.5238369361352454,0.6470588235294118,1,3
-0.8523525394922562,-0.47872990275032273,-0.2105061249317231,0.47638990648587815,-0.87681948680564092,0.065117160228859647,-0.21574940421581654,-0.044780216285335447,0.9754214098583035,-9.1182128159060074,-8.5025871993982793,-2.3070815189603371,0.5428594908706079,0.5291223943218879,0.975975975975976,1,5
0.56194754004498282,0.80749001202722337,-0.17937347271452839,-0.80516031029002977,0.58367137469319452,0.10509329710986502,0.1895569491500062,0.085367481162524586,0.97815160184345173,0.032197762554630124,7.6906799902029768,-1.3853944722185247,,0.1002400256424512,0.4716981132075472,0,5
0.01003087516876907,0.9996281724058651,-0.02535544272649852,-0.9940734702971048,0.01271363785126774,0.10796434163211713,0.10824655742709904,0.024122196108459809,0.99383137526447862,-6.3723376040343176,11.060412850849515,-2.8677273530415572,0.4929982175271455,0.3757567401126837,0.2125,1,4
-0.37716601023914814,-0.84044529743252083,-0.38909832015037543,0.91374012754838352,-0.40621426927125409,-0.008303417867679793,-0.15107872129504865,-0.35866651567156693,0.92115880851668053,-15.412905698449705,1.0996964323034906,-3.728686835672038,0.5590526358857103,0.4212339205997656,0.2644628099173554,1,2
-0.094619150590690912,0.98135707872803013,-0.16728867377047321,-0.99272184519873574,-0.080436138273279681,0.089629045096443316,0.074502042970073082,0.17455174502155363,0.98182540907394356,15.434312350882916,-7.3833059919437423,1.9396108363170523,0.5430021769296518,0.5641770009364222,0.8823529411764706,1,5
-0.47806091201932044,0.86415698346731551,-0.15713202195582543,-0.87822491983932705,-0.47301725683856277,0.070538393135438859,-0.013369912956488894,0.17171890594105138,0.98505525873929767,-30.193157020812038,0.27369949376347363,-6.2359174202960439,,0.1239811725851236,0.2857142857142857,0,1
-0.2389448520171778,0.96593805407906319,-0.099343008694325885,-0.96855408565513812,-0.22977847922221303,0.095419251972889835,0.069342201113231763,0.11901901599441524,0.99046763348253464,-5.6470867945454399,-16.181143069510359,-1.3664385664603889,,0.1232029616121517,0.2142857142857143,0,4
0.97962169741726135,0.058320127462306685,-0.19219805587493072,-0.027603812252952289,0.98692861667806397,0.1587763683015406,0.1989456194502067,-0.15023537637554948,0.96842654454887256,-3.2635988928873947,-6.5211582021933534,-1.4839903228453246,,0.07111274626602747,0.2,0,1
-0.24091357182717929,0.95493846739306087,-0.17335851407549002,-0.96966674366821293,-0.22922047137910553,0.084878629375269146,0.041316547936078023,0.18854839960533198,0.98119439657639351,-12.446827236632576,10.763903410981973,-3.911017034215146,0.4935438152822956,0.4211862139868031,0.9219143576826196,1,5
0.89646711741023455,-0.38923008206652643,-0.21177027793500813,0.4203119321080398,0.8982682615978167,0.12826538868160964,0.14030177165592833,-0.20399527793682568,0.96886600696364911,-1.287860569342913,2.7024361020948691,-1.4512996264472031,,0.06865717150348805,0.3103448275862069,0,5
0.98153557409347225,0.01271773358176973,-0.19085642782348691,0.020062865537290201,0.98543857605978258,0.16884399379220347,0.19022459939616479,-0.16955551322741513,0.96698786430790185,-1.9253836693500372,-6.5420424167857245,-1.2351740022809203,,0.09409118844522565,0.3478260869565217,0,5
-0.98055554707652592,0.027499190839261622,-0.19430546467003876,-0.04084328142270164,-0.99704864985502806,0.065006278042131424,-0.1919443811630854,0.071678339304498184,0.9787847415108536,-14.831974881019216,5.967044275482424,-3.986976861132387,0.6639617389217641,0.5198211966240277,0.9317269076305221,1,5
0.071006798207232227,-0.94446442015502818,-0.32085042257971719,0.99449413592138258,0.042179579285544007,0.095928602143866268,-0.077067815762087627,-0.32589544665815784,0.94225936430535917,-8.676452880238676,5.1255333562252492,-2.8672260179096933,,0.09193188208517278,0.2842105263157895,0,4
-0.46977433897753434,0.87922000917086052,-0.079273235784931409,-0.88278268813699967,-0.46760919310020421,0.045126134930769127,0.0026069069478423116,0.091180140391253009,0.99583100274815584,-14.271034643955302,11.893059551748365,-4.3188172655394013,,0.1644958771853958,0.21875,0,3
0.87254316986132718,-0.43098178884250743,-0.23005024323929588,0.47073122370126314,0.86766579605961791,0.15990053589947983,0.130692508435099,-0.24781195296906405,0.95995244892890375,6.2724948471522213,5.6828080514849448,-0.3053971906596824,,0.07510987539166847,0.1739130434782609,0,5
-0.22450276614671671,-0.9471888955509431,-0.22897970245734986,0.96473093775592145,-0.24917912945793566,0.084876258041723177,-0.1374508120348962,-0.20184884836820166,0.96972383526619466,-8.6984357517416164,2.4886536895928573,-2.6324474935793316,,0.07098562238557059,0.3300653594771242,0,5
-0.73460816615533442,0.66093938823909437,-0.15332960344313451,-0.6591541307286557,-0.74877729653259906,-0.069630396671881853,-0.16083119772372478,0.049916783464729199,0.98571884458363079,-12.95935914925389,16.058083274665908,-4.2252122682659454,,0.07574262741637902,0.2941176470588235,0,2
0.64493451856301209,0.75487864486686662,-0.11923799012838066,-0.73310390198743181,0.65516377418179117,0.18253519630654849,0.21591233326675613,-0.030309413122514044,0.9759422133607456,-0.3981145161769602,12.00638612946282,-1.8252310545103632,,0.07997209142439991,0.3043478260869565,0,5
0.95726820989834216,0.24846834794480224,-0.14799004827218745,-0.22144702644983275,0.95888268725865045,0.17749706068596302,0.18600749660847204,-0.13714033741102605,0.97293049035387902,-2.5638783506301337,-12.752200835108335,-1.106430967104254,0.2875313937961366,0.2582629074798982,0.2222222222222222,1,5
0.25322310053467201,0.96024917605157056,-0.1174716189038293,-0.95651981068611636,0.26668739208033715,0.11810032459897971,0.1447339390765108,0.082458200305777607,0.98602876838443643,-21.901835963678408,-1.5579770707681713,-4.6449974078196892,0.8473385791666892,0.772716220418602,0.996078431372549,1,2
0.45266688712063008,0.88888998866249969,-0.070478914294280576,-0.87477822493872537,0.45801372812602809,0.1580711296257182,0.17278815491107136,-0.0099001466493561126,0.98490925501730842,-8.2736089045778343,-16.895521919125368,-1.7048400812527973,,0.2987674801142078,0.5957446808510638,0,4
0.87696194766184632,0.45756500251884169,-0.14687413258663459,-0.42952908816725421,0.88338974660951475,0.18742283212935362,0.21550523142455524,-0.10127597965516349,0.97123667104034872,3.278945053951432,3.2849841990077402,-0.73698276977448574,,0.07132735283882168,0.2045454545454546,0,5
0.97543358222878218,-0.03351359710003713,-0.21772956958057574,0.12010874833313001,0.90944247263641131,0.39810586222614214,0.18467055865561047,-0.41447705337495783,0.89112600511456175,-4.8423572858095021,-9.9659661454522457,-1.5386690239696834,,0.3893727993150424,0.3255813953488372,0,3
0.095335676534201219,0.99343929188438196,0.063162347328323348,-0.98912747399205314,0.087402382083627661,0.11826945421455221,0.11197298323196814,-0.07375091149514823,0.99097066257269617,-20.217060591033043,2.1914325044481706,-4.6471439353153681,,0.481370491244249,0.4193548387096774,0,1
0.40965164898405237,-0.8761624309652436,-0.25401756051447028,0.91221737192584262,0.39548655653113546,0.10700397170131305,0.0067076703375485948,-0.27555358493080928,0.96126231018927566,-7.1094730888707245,13.053091438151579,-3.0850551166387534,,0.08211793048707326,0.2727272727272727,0,3
-0.28368402776114215,-0.91774753550133015,-0.27796192810248571,0.94963652450864688,-0.30910911815851239,0.051400626362005722,-0.13309336464435456,-0.24938126263314742,0.95921589964676002,3.225674702168889,8.7660939430840745,-0.90324522510983196,,0.09260732464379914,0.1944444444444444,0,5
-0.38196246860972177,0.90780742856939067,-0.17317720752973764,-0.92415165124089527,-0.37377538587123954,0.078966362620628852,0.0069568730255796987,0.19020418909960016,0.9817199032140832,4.6295213262317763,11.421452836190941,-0.81275440890109019,0.6256022064898107,0.5264005751281385,0.7142857142857143,1,5
0.2751615575444506,-0.93742517724865304,-0.2133545272780549,0.96071950530424299,0.25977492280860615,0.097647435233869526,-0.036113008427463192,-0.231842676270166,0.97208272491707393,-2.5432120314960596,-1.5924744203230168,-1.5655108900064663,0.1149964544902808,0.09387084032549994,0.4694960212201592,1,5
0.96709528425923919,-0.16951118514426908,-0.18971734046872504,0.1946476914841295,0.9731673337071467,0.12270948131754805,0.16382608877538404,-0.15559980307284388,0.97414050009239006,-4.8114333447645903,9.9053240509335829,-2.4920577656070599,,0.09370443003520887,0.2380952380952381,0,5
0.66925491787352365,0.7197737331923828,-0.18445494818086383,-0.7150003615838556,0.69139087851200787,0.10369732901743972,0.20216908229761554,0.062485407229978605,0.97735522510817185,2.1622363485179381,0.42917081428349602,-0.82768245013216057,0.4525970468604904,0.3682820862278379,0.9641485275288092,1,5
-0.90669101134105679,-0.34937516617674524,-0.23632266758037471,0.36408341004074796,-0.93114558316174567,-0.020277413332935063,-0.21296638346563851,-0.10442651108480838,0.97146303238786302,1.6036034168317939,-10.470868430241277,-0.46891162578614104,0.4124369357983336,0.2410125296897031,0.673469387755102,1,5
0.65233656396147155,0.74339768614708257,-0.14770540799207199,-0.7312282713628806,0.66856004411421655,0.13539823696655159,0.19940467015241684,0.019681149487790428,0.97971956695589424,-17.159520994940138,1.7832829741608054,-4.0645775814263585,,0.2841141581709934,0.3134328358208955,0,1
-0.37839020491118203,0.92456976045539296,-0.044627467760699431,-0.92477825425339766,-0.37968311962994161,-0.025018175954996117,-0.040075345130308672,0.031803879001374373,0.99869038244751007,1.3071402470900362,1.3378950886275898,-0.98035326943835466,,0.4099342712607659,0.2148760330578512,0,6
0.97277103277621313,-0.11958197174469416,-0.19853631865518148,0.14420557780843635,0.98289516033145208,0.11455066619599229,0.18144219222781566,-0.14006161440830889,0.97337632755728321,-13.208708073011415,19.995950147965022,-4.5977114211086434,,0.07888502743929585,0.1764705882352941,0,1
-0.64612653797268293,0.74891571255853384,-0.14712495509049117,-0.76098184789854539,-0.64692612530415772,0.048920502530793171,-0.05854164412066911,0.1435682551328577,0.98790740052990611,-7.1921731512717892,-9.0165024072457083,-1.957103480268757,,0.09339509683818986,0.3,0,4
0.74205531834443217,0.64620256784945773,-0.17825864865838018,-0.63734557450723528,0.76252875955289745,0.11108784591827822,0.2077125975303066,0.031179033972973547,0.97769286827087265,7.3869496514432544,0.83021247779868457,0.078144773411726334,,0.078926183425894,0.2456140350877193,0,5
-0.17819734563409145,0.97407125809378237,-0.13939472789369931,-0.98239241521913878,-0.16803181060448769,0.081672842150149291,0.056132419588592671,0.15149420708585479,0.98686303846610679,1.5599899436226088,3.5230095366029066,-1.0015723129692042,,0.07017240514941273,0.1818181818181818,0,5
-0.55611728086265988,0.82931971687921191,-0.054427723829917757,-0.82996867550405307,-0.55758715544930759,-0.015765841556946703,-0.043423122964273871,0.036405648920656543,0.99839323972004934,-7.3175708420170862,4.7010339678077555,-2.5713492311231612,,0.3425014336114314,0.2242990654205607,0,3
-0.044315476383851436,0.98790635313999242,-0.14858390215132958,-0.99498325281227229,-0.030292770346239558,0.095345029696692632,0.089690942552665409,0.15206375468991148,0.98429271527001749,3.879204713785942,1.2361000263925448,-0.53362864041375846,0.1350332909334665,0.1169255730051763,0.3333333333333333,1,5
0.60767914535531209,0.78309345862402679,-0.13225237752304267,-0.76955213800445621,0.62176196933171612,0.14560755607288148,0.1962538233844332,0.013292424647385663,0.98046302747935665,-4.1034478895199147,17.144210858603451,-2.7733039494795286,,0.40894676139867,0.6542056074766355,1,5
-0.52133917707603394,0.85231437776383845,-0.042019803696876773,-0.85105872632573898,-0.52291455611568927,-0.047533265689858731,-0.062486052767755929,0.010980366996234199,0.99798543313524002,8.558173086077554,-6.9851102944117898,0.61574135496903704,0.5011055083281265,0.3109909546884644,0.3392857142857143,1,2
-0.9351553848648726,-0.25809453835583779,-0.24263473664980217,0.28233087594387712,-0.95672554034363033,-0.070466424224251312,-0.21394785029767166,-0.13440033379823166,0.96755509798043482,1.3645136468055035,-8.1959764147492642,-0.57613932998034756,,0.3623040562444512,0.4230769230769231,0,1
0.90780369935605831,0.38604286001535554,-0.1639004382746396,-0.35965949626954702,0.91760953225571773,0.16922704587794998,0.2157254972843729,-0.094676589210885578,0.97185330851770124,-22.720189611804152,1.4239615863426238,-5.0467752064836233,,0.117370223035579,0.375,0,1
0.83814362568620315,-0.4860615469675042,-0.24750643482775034,0.52932373489609763,0.83432702029991157,0.15399612616270039,0.13164971096524603,-0.26008190201747788,0.95656978723234787,-7.4080707025013988,16.225133443032046,-3.3592547869657263,,0.136342833166435,0.2222222222222222,0,3
-0.9828070614853085,0.0063768470837826498,-0.18452537959826343,0.0083988690278637389,-0.99682480321703537,-0.079181883599545713,-0.18444440597010789,-0.079370318838903872,0.9796328973619377,-14.46384886542492,14.977955670436765,-4.4298322957458627,,0.3814566398652289,0.3142857142857143,0,4
-0.76232055548829347,0.62205500353823873,-0.17864753917437831,-0.64160098605417737,-0.76259389632654284,0.082454375140494113,-0.084944366348374503,0.17747710234997502,0.98045210630970114,-5.7322874206717644,-1.1512072638111797,-2.1101153151373526,0.2642186498358728,0.22236564606224,0.7982456140350878,1,5
-0.17750165689922043,0.97960647694236802,0.094150475997696395,-0.98248792584391009,-0.18190272196591759,0.040359327451306735,0.056662486434705756,-0.085337858386248411,0.99473957021779591,8.3543895077043953,1.0281286834575878,0.21899064232744261,,0.6050807508154831,0.140625,0,1
0.94085729189100353,-0.26124049285049189,-0.21573354210868578,0.29938445920630152,0.93915041838151925,0.16842041811956557,0.15860801329465804,-0.22304684832799362,0.96181786299157068,5.1823536365513645,9.8820077549667804,-0.63444974928326892,,0.07877457557284984,0.2105263157894737,0,5
0.13790203347512914,0.97979787088627912,-0.14484184951228576,-0.98348218944749799,0.15277116689060966,0.097076019729069013,0.11724253580924215,0.12906239875965736,0.98468120984581753,-1.1740514820218309,-5.0522235879071218,-1.1868538583591171,0.176401426732383,0.197291382922833,0.7158469945355191,1,3
-0.9826120944851412,0.12045172435672299,-0.14129704126773171,-0.1136032648533522,-0.99196909147914958,-0.055602335964320279,-0.14685969490020803,-0.038583722598034075,0.98840453578698972,13.627867097242643,-4.5580320658598055,1.4664438541835974,1.003062604757682,0.6010885885033027,0.1176470588235294,1,4
0.97644837718157407,-0.072722967674240385,-0.20312542103863074,0.10590719766130201,0.98180713986636625,0.15760204818134471,0.18796870000880356,-0.17540270830313978,0.96638587413978849,-3.8309331351266285,14.743049387434151,-2.6059390675380998,,0.09129735030038411,0.2173913043478261,0,5
-0.62349159018961475,-0.75349062647783949,-0.20859077825459785,0.75684996742311184,-0.64859495655952404,0.080639377088271166,-0.19605194152178232,-0.10759395027408773,0.97467285695763428,-2.3815846603713373,12.793672370259282,-2.2183337731503334,,0.1204803163890058,0.2571428571428571,1,5
-0.5229874715099474,0.8436854090911956,-0.12115706801608397,-0.85195031180846603,-0.52173987298691593,0.044364074937441871,-0.025783150565630665,0.12642165725151283,0.99164146430284528,-10.125506449310299,18.852432905118444,-3.9112754764642199,,0.1173515320535112,0.3684210526315789,0,2
0.88175217939692929,-0.41581733206210425,-0.22273087007759079,0.4531455554740958,0.87784542661615195,0.15506937970850629,0.13104273990893284,-0.23766226735824375,0.96246789400545707,-8.5674482495575379,11.092817483321113,-3.2555401736751617,,0.07203280307535966,0.2222222222222222,0,4
-0.28874768034665549,0.94358035091454118,-0.16211384414175561,-0.95687165651173689,-0.27876723608079595,0.081764668728976059,0.031959506549868302,0.17873150101721172,0.98337868620650104,-19.575467150444485,-1.6124882811727157,-4.2074842254252118,,0.1137619124529701,0.48,0,1
0.2006380413278088,0.97904497098751331,-0.034861456598940917,-0.97146362819975496,0.20342730363179881,0.12196618884783132,0.12650215593858211,0.0093955798732889249,0.99192183543953472,7.3642203064963363,4.5715374660743091,-0.01871339265266269,0.2917972680600535,0.2133870533774488,0.2830188679245283,1,5
0.24799198488168195,0.95928772406036011,-0.13515560625270953,-0.95674539742307618,0.26442669273462605,0.12131268968738283,0.15211252395579755,0.099224929511295759,0.98336981518616617,-4.7807642821808294,3.662629430696688,-2.0083678577048625,0.2393980448259221,0.2200939726026653,0.7297570850202429,1,4
-0.97523234516730084,0.12122333909904728,-0.18500479722743604,-0.12323647723159935,-0.99237713788904547,-0.00062199251836231719,-0.18366993117827665,0.022192752258896553,0.98273742074276538,-8.7118258060763374,6.7020616441952692,-2.9755085584295533,,0.09080037644139438,0.2439024390243902,0,2
0.67610611551047983,0.71714561742548932,-0.16906414160532027,-0.70856189806953096,0.69576237236919969,0.1177062351759135,0.20204097894594025,0.040210503635211808,0.97855125477614557,-5.691556107109907,-7.8011297054380453,-1.7788536834329014,,0.1634146442336918,0.2051282051282051,0,1
0.18546720291427121,-0.93039037618699916,-0.31618928593766482,0.98070225738240235,0.15500354197180069,0.11915109878325242,-0.061846576366171961,-0.3321861674946896,0.94118401554476738,-0.94401868095965247,-7.1595964087139068,-1.0362429923908427,,0.2928543278407412,0.3703703703703703,0,4
0.1807106535351409,-0.91775760796350037,-0.35364478325576398,0.98194258168258519,0.14789052374183384,0.1179710102775527,-0.055968079987102091,-0.36857748983420036,0.92791066811955425,-1.5077467346772502,-13.428080732997836,-0.88277844958818441,,0.4286112502306214,0.125,0,1
0.97873793808778853,-0.047629354142700232,-0.19950812808408025,0.097200352314432109,0.96421785365689516,0.24664959395717934,0.18062153818859703,-0.26079757535920534,0.94834618395876169,-2.6218575755707154,-8.0946368482523265,-1.3231473089090957,,0.2579083995698402,0.6309523809523809,0,5
-0.96120378198472156,-0.15789162959463995,-0.22618028827070258,0.18003790929105898,-0.98033899577993677,-0.080757690477694002,-0.20898239331669444,-0.11834562373461716,0.97073202925755575,-2.8704011479860156,11.482744023255028,-2.2349963041079191,,0.1776123192425144,0.3684210526315789,0,3
0.95252987361673969,-0.16508981020098679,-0.25579717440870786,0.25619338779321627,0.88857520881475682,0.38052469871329719,0.16447427737707648,-0.42799468787312411,0.88868934911681863,-19.880104663516338,12.471982645115521,-5.2082569725795755,,0.2903406250658946,0.5,0,2
-0.73207448530988972,0.6608756702999552,-0.16525827169568189,-0.67629044699153107,-0.73420734503124963,0.059756219844944551,-0.081842405061520365,0.15550859432117314,0.98443836669747753,10.479736491416329,-5.0513363731629921,0.90852424834795475,,0.1011882412034459,0.2222222222222222,0,4
-0.98221399578168445,0.069044724078467373,-0.17460954317420488,-0.054929053829194462,-0.99491462566193301,-0.084425628155227722,-0.17955073248529421,-0.073332896580617882,0.98101163129857416,-11.206437835151675,5.5317851378004219,-3.3691229588731604,0.6843123301140173,0.5598747573256957,0.4,1,4
0.57329072527325942,0.80450401470199262,-0.1552772830907248,-0.79584538915952641,0.59182118055361199,0.127975805532343,0.19485343432740151,0.050209367417905292,0.97954640449256491,-5.2447652957379836,10.789323190349329,-2.6224806463402452,,0.08078236944587787,0.2830188679245283,0,3
-0.87605919691766521,0.4760926076553339,-0.076525240489134505,-0.4734714785946359,-0.87935842424156063,-0.050532372523061066,-0.091351203896746627,-0.0080368309266964661,0.99578630583839167,-12.382827952021083,-19.690487261025929,-2.0310749298018811,,0.4681369206718104,0.1428571428571428,0,3
0.1472475965477166,-0.93589674045862759,-0.32002411863769736,0.98845754122777907,0.12758009385883484,0.081700727297266379,-0.035634737277722504,-0.32836048917292876,0.94388005310487433,-16.55674276812757,10.516508694234801,-4.5973079241987325,,0.1605960354251574,0.2941176470588235,0,4
-0.9221268158726722,0.34853024728791149,-0.1679547622842309,-0.3559538470778526,-0.93437769451150365,0.015335669201009568,-0.15158823898641391,0.073925575579721847,0.98567541060746933,-14.553623701189677,9.9249160393611824,-4.1997727842801247,0.4492288573634767,0.3685563008134979,0.8672199170124482,1,5
-0.56039748298288017,0.81450536492779535,-0.15011885814344883,-0.82710051844970289,-0.55980460311531144,0.050234835633682674,-0.043120684673216531,0.15231486084669829,0.98739090015989384,-17.456036608514417,-0.18961975210544518,-3.9537873166860957,,0.07810938287661896,0.3942307692307692,0,3
-0.6811880008122434,-0.69020937826387052,-0.24411866316613762,0.70412447536595013,-0.7089654440932569,0.039707962328456831,-0.20047850443388218,-0.14484133815404429,0.96893206986955549,-7.9173374725357748,9.2354583695172838,-2.9796945942262929,0.2513203827838703,0.1644390899297545,0.4333333333333333,1,4
-0.95320772089127792,0.26452333350755347,-0.14636409007440049,-0.251720612477423,-0.96258565246182493,-0.10032743856310675,-0.16742692163223535,-0.058790030657369798,0.98413005147087085,-20.739150258388122,-0.091711152784893127,-4.5275766970829272,,0.09080491763098811,0.25,0,1
0.81094013390302133,-0.53536860571063816,-0.23612826015705118,0.57893874394592826,0.79267181744143067,0.19105318786246289,0.084888338325473309,-0.29163649609324543,0.95275501791530515,10.149229028533059,-2.8051809591629451,0.77412988293541851,,0.386360900411389,0.2911392405063291,0,3
0.52576735421946819,0.83740639657699945,-0.14939617200245092,-0.83047329742470632,0.54333658222847792,0.12287986277992362,0.18407278859624146,0.059463311244852213,0.981112288738757,6.2728421908751963,10.052102199033644,-0.47009938537630808,,0.1186987709636633,0.2222222222222222,0,5
0.96478238652465065,0.22202922476149961,-0.14106016448171105,-0.16045571490477681,0.92166193302616317,0.35326087352673807,0.20844402175691412,-0.31818595909041064,0.92482905730276388,-10.100925075722408,-20.164152834621245,-1.6136336356087295,,0.2297680014438969,0.2,0,1
0.26653487251592906,0.96022410115463575,-0.083239637761645627,-0.95317116736553897,0.27540942868841378,0.12495748193901053,0.14291216685759831,0.046036096177826689,0.98866414439524031,-23.729359972983811,1.8245610136458907,-5.1947440333873098,,0.1252410768655457,0.25,0,1
0.8695690397550998,0.46621927334815066,-0.16275525877253719,-0.4445332316205311,0.88257717159349824,0.15312655604769587,0.21503462764029546,-0.06080399115800865,0.97471174383755932,5.3766902708159554,5.9925755086883603,-0.46049327583542843,,0.09326407193844127,0.2285714285714286,0,5
-0.36688235612093384,-0.89719544890551695,-0.24584072736302506,0.91652667533686705,-0.39386632043513037,0.069628837580714989,-0.15929905888956961,-0.19977399252685585,0.96680616555066412,-2.3206156036319454,4.6905971499482133,-1.6563369068851341,,0.0752880096719114,0.3076923076923077,0,5
-0.010799476001922948,-0.8955117366798826,-0.4449068450660919,0.99535992167512366,-0.052171499260096177,0.080850238019718176,-0.0956137941981971,-0.44196930225246805,0.89191991693508577,0.46619869751182097,10.349115592013719,-1.5244724573761723,,0.4996257437183341,0.2692307692307692,0,1
0.62862935115665053,0.76040978229497702,-0.16310150782403834,-0.7526232925892774,0.64765859760285005,0.11872876822061906,0.19591661061901855,0.048117605314647358,0.97943931805004669,-0.0058303071089579371,4.575138040792754,-1.3001506208099747,,0.07016002523081408,0.2745098039215687,0,5
-0.91699173336558737,0.38258072234439749,-0.11295198904674188,-0.38243243365403506,-0.92367576818611552,-0.02384342582858108,-0.1134530503275625,0.021332279677285036,0.99331432045206236,-11.496977838180024,8.818424470456792,-3.5878856096315803,0.5162505250962959,0.175809656469834,0.2121212121212121,1,5
-0.78553853413954422,-0.5609641273157191,-0.26124406069193234,0.58135310559275521,-0.81365083265765548,-0.00094293857874625832,-0.21203249279191905,-0.15261576058984905,0.96527231992843698,-14.349523142042944,13.525110235738397,-4.3396371904373892,,0.09146069069877742,0.25,0,1
0.72749509837993631,0.66223097631071715,-0.17944641497595049,-0.6536337286527758,0.74844989953442143,0.11218599134644297,0.20859968983830277,0.03567747050267258,0.9773501355695895,-1.484171645179182,9.544115895263273,-1.8297729092297343,0.4648703397248313,0.3944669446459054,0.9666666666666667,1,5
-0.94458033821550658,0.30721474240732072,-0.11570257864145353,-0.2852092495386282,-0.94251050462765429,-0.1741540486010493,-0.16255358696224062,-0.13150304450516606,0.97789737736205262,-13.286708386643058,-22.897720053485045,-1.8966305454540742,,0.3150256559600528,0.2142857142857143,0,1
0.52250648773128916,0.84042893877052594,-0.14375732731154828,-0.83276258284415616,0.53921188754142768,0.12552697299282445,0.18301216050700672,0.054127065420716602,0.98161948324974624,4.5596978096064325,-7.0335088385996976,-0.067506482422125022,,0.09640938555027276,0.3076923076923077,0,5
0.83228072206172288,0.53788375050124215,-0.13412632340870231,-0.51093899690997746,0.8381706045742362,0.1908176592045055,0.21505845977557866,-0.090283490043187919,0.97241901992123669,0.92482733227398295,9.6258188718247641,-1.369048178536818,,0.0768076438376027,0.36,0,5
-0.53477523359884449,0.8444352445496609,0.030733813490298745,-0.8447083045906314,-0.53329417681005864,-0.045444484110881922,-0.021984760288063031,-0.050263692093170761,0.99849398174062143,-9.9630382032775291,1.774164998287824,-2.875519412758496,,0.6896318623013649,0.3452424352898287,0,3
-0.71650711758908625,0.69197572934142304,-0.088244775746703571,-0.69165894986568366,-0.72116517284469051,-0.039098472432933011,-0.090694252931926692,0.033020955139040575,0.9953311855894128,0.64480797127405465,16.071987108552793,-1.9018564041782935,,0.1473069583467845,0.25,0,4
-0.6029365522842558,0.79598904079971244,0.053562681470677762,-0.79615567253192809,-0.59605022696213006,-0.1042126289545931,-0.051026062113485086,-0.10547783589526157,0.99311165893873365,2.7416674470820976,7.5083912595113684,-0.92877253077968747,0.4252645139741137,0.3352909889392306,0.2464788732394366,1,5
-0.20270547237961703,0.97149556112078728,-0.12290999222994206,-0.97791614699551077,-0.19430677383592443,0.076973288139008375,0.050896963689519362,0.13579857276158316,0.98942824233145155,-10.933178340058328,11.033283419506891,-3.6475124990565875,,0.07240694235471568,0.1739130434782609,0,4
0.98039293975934294,0.010156455827344231,-0.19679057415196707,0.041667938840782806,0.9654032516513672,0.25741084781673124,0.19259664208597838,-0.26056363542519667,0.94605133335945935,-18.68032474048869,4.5505065299125063,-4.5379311323144629,,0.4068595065751061,0.2972972972972973,0,1
0.73802487959963081,-0.60472134107881426,-0.29938499751288661,0.66908117080012997,0.71333557726777397,0.20852515695901019,0.087462357461243145,-0.35420961851408361,0.9310670664240196,6.8198012796662155,12.198951763258069,-0.49312135525510276,0.1648482916220949,0.1332983531087782,0.24,1,5
0.87924362708301573,-0.41167930890851989,-0.23968894603320126,0.4573429731077594,0.87027723720471883,0.1829069035118073,0.13329684610994713,-0.27043978446213413,0.95346435371083271,-3.6952970813002088,-15.03574928021431,-1.1744531537437291,,0.1668431262655165,0.4117647058823529,0,1
-0.88830100548869317,0.44571328987908809,-0.11072934061457168,-0.44383298768309126,-0.89510286157372509,-0.042463469557152828,-0.11804068236027383,0.011424991364986641,0.99294303304884113,-16.516858392693624,12.685879534515244,-4.6419781279709227,,0.5305331459837821,0.6666666666666666,0,3
-0.97369609617527431,0.15755567686229444,-0.16459684377743794,-0.13850606310341343,-0.98288234873006164,-0.12148398675739178,-0.18091982416701413,-0.095490822822620544,0.97885112247983586,10.725262586947684,6.9423405481090663,0.4353553265917402,,0.3508740179513575,0.25,0,3
0.062233464383691768,0.99501244889007745,-0.077956542153779479,-0.99236403575300858,0.070023203441764187,0.1015399996245536,0.10649233049757521,0.071042082834919446,0.99177235594246671,4.3581477197657312,4.2087717483073206,-0.56839437848227692,,0.0771414552075675,0.1428571428571428,0,4
0.85783237192548745,0.49318406328290176,-0.14454446167342017,-0.46645646407814662,0.86522674559141499,0.18385060737729947,0.2157359237503223,-0.090289304112147556,0.97226840572268891,-1.4139353994527464,-10.216350678335756,-0.99210507129716408,,0.4261744563108727,0.3275862068965517,0,1
0.66557585979281431,-0.67668442999005651,-0.31481257451075223,0.74361597586061112,0.63721292189748024,0.20247215268215657,0.063592887227479883,-0.3688602369135327,0.92730689111974396,2.0052737235247697,-14.046833520798069,-0.1660797404541417,,0.5906744933590771,0.4,0,1
0.88559054029053974,0.4327306899255865,-0.16874105885775881,-0.41194656919280093,0.89959724339902591,0.14499939240961146,0.21454467851287445,-0.058897789987413476,0.9749367319249016,-6.9858255671905045,-14.856395886514704,-1.6907247156437548,,0.07247856752775203,0.3478260869565217,0,2
0.94371339681912014,0.28512104938053984,-0.16766338856249632,-0.25529832142198838,0.95017628918359609,0.17885129731821151,0.21030404595069949,-0.12598018365374777,0.96948501875136517,9.7695370612958836,13.650024976865817,-0.080135100139648308,,0.09965320019844848,0.1875,0,3
0.97656628004158552,0.10228372682357267,-0.18935770360041126,-0.039605573697044642,0.95023003134908357,0.30902149772216353,0.21154124708403416,-0.29428035399836311,0.93201361257909243,3.1364897500719153,-11.650763565473161,-0.11791970855350627,,0.2283770158566977,0.1923076923076923,0,2
0.75184329993368082,0.65870139164328667,-0.029053898052263577,-0.62520794984567862,0.7262224754898603,0.28585999290412001,0.20939596890722872,-0.19675719234777106,0.95783084908809735,-7.0399104294381329,-16.189071492269399,-1.5701658930206974,,0.2928906950686109,0.1111111111111111,0,1
0.63300416025800821,0.77062022873655789,-0.073825443839293459,-0.75398495567980184,0.63533042713899091,0.16691894727655829,0.17553466809887072,-0.049997114050737104,0.98320286252737099,9.4769747809280176,1.7493790663588389,0.41735815640230917,0.4265912355397964,0.6020976399602571,0.8,1,3
0.41405567194659948,0.90135872502811154,-0.12692655098342073,-0.89108333086897529,0.42984186179930567,0.14562441859921416,0.18581818526802577,0.052805517331086876,0.9811641959239511,22.952124962322671,-9.0272737515775692,3.4336833595112335,,0.3343366218544254,0.5263157894736842,0,4
0.56902451939313115,-0.77019168757054945,-0.2881247311957883,0.8215746101739585,0.54738992822423349,0.15930921629389966,0.0350179417859489,-0.32736681395018907,0.9442482263034323,-9.0068986165881402,-15.676112066389001,-1.9091128897695331,,0.09856726077868833,0.375,0,2
0.97248600616226333,0.14927342052676884,-0.17885305069472027,-0.10727087462796445,0.96843543067865945,0.22500172457737039,0.20679440822981962,-0.19962530533596626,0.95780259458533545,-4.6541589721479255,7.9149267180855762,-2.2978554985014172,0.9954544339002346,0.7779561982368037,0.8638443935926774,1,4
-0.10250064886310008,-0.86231931785319726,-0.49588205355693271,0.99036003085285051,-0.13515751657151195,0.030322516441815332,-0.09316987856483501,-0.48799368824957023,0.86786031938140618,-1.8951303499351264,7.2602175082760354,-1.7359718692976729,,0.4889567758186977,0.1607142857142857,0,3
-0.092243703718950756,0.98664454547387015,0.1342521508612429,-0.99292813405287084,-0.10126264299135344,0.061964487738457939,0.074731651463715382,-0.1275869037991956,0.98900796874870534,5.0960380187076026,2.0551372223088356,-0.38632995652331831,,0.6800164290371764,0.3009708737864077,0,1
0.085916090457992464,0.99032247153769937,-0.1089946226557818,-0.99019076137124373,0.096975397103797933,0.10058841111975873,0.11018476072239275,0.099283305364109078,0.98893990908473595,1.8012196503407105,9.1815834716288425,-1.1704720458737565,,0.083934352828368,0.3928571428571428,0,1
0.20432098899201948,0.97800622157615924,-0.041913768807496657,-0.96931220202449764,0.20811263018798254,0.13085483622190186,0.13669962861596849,0.013891137986692571,0.99051514265138407,-17.693490697359678,3.2521904011849427,-4.2189947905677796,,0.4452043541248534,0.16,0,2
-0.068766162215010154,-0.97810481188311016,-0.19642350140786444,0.99188819454518184,-0.088130632527664177,0.091601316214204087,-0.10690661558631298,-0.18853108120779516,0.97623102130720107,0.73158725259444835,-15.262337504634546,-0.32932680509780282,,0.3314526304842038,0.3076923076923077,0,1
-0.15686271366714727,0.98202012279902706,-0.10502650845745193,-0.98582072095383266,-0.14927202387945182,0.076650955799643761,0.05959526154859271,0.11556098521870171,0.99151100018922578,3.3833174618034549,-9.950006088770909,-0.20941801029489582,,0.09987797308031127,0.3225806451612903,0,4
-0.15149200832642051,-0.91962335959991193,-0.36241281419315063,0.98084446617059162,-0.18527689427291572,0.060138221050434086,-0.12245123354117654,-0.34636014338655402,0.93007545203466713,-18.553322003066132,14.877690096154019,-5.1681119725790881,,0.1936164739916227,0.2352941176470588,0,1
0.27232645328531313,0.95538003163424212,0.11439972900141752,-0.95138300017737076,0.24957231222477547,0.18051052031470488,0.1439051417238047,-0.15799574717483672,0.97689746343212391,0.73533905285475609,-6.8030330287211926,-0.72224002486526317,,0.7868455999900521,0.5572519083969466,0,1
0.12836728923044188,0.99159145910271351,-0.016377340754230016,-0.97311793505158495,0.12912549605591797,0.19070419698908889,0.19121538519838865,-0.0085430967959650508,0.98151092299605469,-5.8438528561250678,14.145126796032022,-2.9647389711672152,,0.2531317951606653,0.2432432432432433,0,2
0.80718323348692111,0.58171395564363737,-0.10031999495131591,-0.55035424727816207,0.80306749579485237,0.22845743520549672,0.21346060545329476,-0.12919547595492098,0.96837136415338887,-2.5984054885238739,-25.095891620971702,0.12276404118499029,,0.2228164237409472,0.1666666666666667,0,1
0.61472581393632675,0.76845266919387645,-0.17774326678985233,-0.76426422785466608,0.63603190767914208,0.10660019904176572,0.19496759654371573,0.070312926427788511,0.9782861180018495,-6.1851886572761892,12.397141135711484,-2.9218187681400072,,0.07796475775806339,0.6285714285714286,0,1
0.81264420389986503,0.5787483061754114,-0.068262698211005265,-0.542131123146255,0.79375484432172649,0.27576637291731526,0.21378316861749047,-0.18709261133161875,0.95879774280135921,4.5178675221085953,17.013262784520379,-1.2494246202722237,,0.1539740124728982,0.2222222222222222,0,1
0.79601930609789218,-0.54876699990471733,-0.25535865784227335,0.59921647177638937,0.77401364391389105,0.20455439126793951,0.085398385648015621,-0.31584435858618298,0.9449600292488548,-7.2090546103361834,15.159773511931633,-3.2429416903236348,,0.1244265074034902,0.3529411764705883,0,2
-0.55667319026979456,-0.77066082436523509,-0.31015617521427191,0.80986794980002019,-0.58659867145098077,0.0039877987232562213,-0.18501044057447671,-0.2489656451011692,0.95067725566450645,-17.160693098680657,4.7131079929517279,-4.2774267806803259,,0.1929125059627531,0.1428571428571428,0,3
-0.22817510997133031,0.97247136515000998,0.047281742278036269,-0.97219446776787777,-0.23019924005013784,0.042967740479009683,0.052669118381684317,-0.036162879360115759,0.99795701817527249,-13.633239725408513,-17.511245787416463,-2.4233497976436289,,0.4439361153229038,0.3125,0,3
0.91181658311222991,0.39190673806534476,-0.12247296608035164,-0.34945571179763024,0.89731437846486828,0.26964348998672089,0.21557185403839091,-0.20306652816057227,0.95514017865822276,-13.785891124987678,4.5350829714091176,-3.6825033108518879,,0.2319580870164006,0.2307692307692308,0,1
-0.55947000136915859,-0.74387478490223591,-0.36557300495885386,0.80726446043033739,-0.58903871194721036,-0.036844087092614344,-0.18792926460269663,-0.31572725605215657,0.93005316584142961,8.3265346408972984,20.066339612933511,-0.74544897671975185,,0.2879014564826005,0.2666666666666667,0,1
0.72522583662873463,-0.61607010698799025,-0.30741683291901734,0.68771810787559129,0.66959739427243647,0.28050514020884015,0.033034678538917603,-0.41484569765078977,0.90929189876214167,-15.766739232191565,4.0856627413784405,-4.0038889554125099,,0.5142712961969728,0.3894736842105263,0,3
-0.96991643801193084,0.14759533349180398,-0.1935916341314651,-0.1638772308386153,-0.9839303185088667,0.070889925459877379,-0.1800176560421648,0.10048256490796244,0.97851770431740337,11.080032142496226,9.1239542742592263,0.35588193756158609,,0.09793517199680984,0.4,0,2
0.89360778004781027,-0.39857624748989484,-0.20640278674208531,0.42706753145416099,0.89652406510866145,0.1177196850942535,0.1381247950792108,-0.19334315508420513,0.97135985369296129,8.1043374812982432,12.949662149429249,-0.29741240054951379,,0.1104879996741107,0.3684210526315789,0,2
0.71012887289540505,0.70400293270939462,0.0098414743241990506,-0.67955778567956771,0.68168077716207343,0.27113194937151031,0.18416894364301764,-0.19922647611269959,0.96249187602448449,11.467882740796767,-11.561173290449126,1.4260190707424847,,0.4523591301794438,0.3478260869565217,0,2
-0.89588869861069775,0.42075875239688998,-0.14263769481817307,-0.41712244147516303,-0.90712445787427787,-0.055982914751705498,-0.15294544295084098,0.0093429228676065613,0.98819046811475597,12.376149099972286,3.8196427039903171,0.85805995265224366,0.8614861590900479,0.4160033393773376,0.4210526315789473,1,4
0.91791412850719978,-0.33055996079614014,-0.21946244554666289,0.36600407892010878,0.91898932315652404,0.14662754904231595,0.15321444742814117,-0.21491564913418507,0.96453957765170051,-4.9498517598358749,17.616876805517276,-2.9651677945038459,,0.1272141079721545,0.1875,0,2
