axis_00,axis_01,axis_02,axis_10,axis_11,axis_12,axis_20,axis_21,axis_22,location_x,location_y,location_z,dbh,dbh_approximation,score,reconstructed,number_clusters
-0.95583583979135867,-0.097197004927051828,-0.27736364145929271,0.15572810723047009,-0.96785568333916694,-0.19749464004496187,-0.24925208923650702,-0.23196577002067476,0.94024745548709232,-22.139070490616465,11.058489286307916,-6.3586333153171397,,0.6948255180342936,0.5277777777777778,0,1
-0.20506767717732305,0.96043602433680164,-0.18844068279757367,-0.97763552419088051,-0.19182604801273373,0.086206433308877464,0.04664793261355419,0.20190445874208679,0.97829369819239143,-1.1832937529881653,4.8056252783154818,-1.4196576649638732,,0.07523663307389489,0.1956521739130435,0,2
0.83933329034509274,-0.45436711750909242,-0.29844622672260379,0.5197924624528093,0.83153490299300714,0.1958711338652413,0.15917105168882209,-0.31953126236862867,0.93411152903354411,-17.687569558752973,5.9283072725777632,-5.1354109136748063,0.1940650931591925,0.1546687998855367,0.1492537313432836,1,5
-0.32443019787742583,0.93399150079796101,-0.14968274163171574,-0.94585392475252816,-0.31860613749625349,0.062052253625126189,0.010266437330096677,0.16170963356241697,0.98678497894812711,15.803916628996799,-7.0446301312195114,3.1912703589821363,0.7957625700673687,0.2762223545811285,0.2380952380952381,1,4
-0.96703957104768024,-0.010247779974756141,-0.25441983223307896,0.028886679905836508,-0.99715437349759517,-0.069632716007895626,-0.25298226766304555,-0.07468693607457394,0.96458376195530882,-17.404849597417815,-25.876668939930042,-3.1498425472516547,0.7762983097539197,0.3294136626794458,0.88,1,3
-0.8863340749027484,-0.31920368464396853,-0.33544137397763529,0.39277010693583925,-0.90194246761928332,-0.17953113435403811,-0.2452418209928709,-0.29087590621182785,0.92479600800476469,-16.114804602325641,12.363191749256647,-5.0582649326010598,,0.535433579131286,0.2941176470588235,0,3
-0.72051780855116454,0.66160662083303434,-0.2076794810050368,-0.68520639556908836,-0.72529120752462828,0.066669781450705498,-0.10651893273895309,0.19034007344056764,0.97592231935272089,5.5835281554174907,6.6135589689197216,0.0063268157579008397,,0.07981269200298749,0.4333333333333333,0,5
-0.86488729512566864,0.45029514070313015,-0.22182031689940404,-0.47459347336608021,-0.87748299433658505,0.069171017691076253,-0.16349618273379754,0.16509960905237761,0.97263102835670823,-14.095694899389906,1.5965392231294211,-4.063831508198982,0.2385427819616086,0.1923148901288566,0.7666151468315301,1,5
0.93246029381658313,-0.21526594333965118,-0.29013509628030165,0.28796564210621062,0.92782904149054712,0.23708449703236259,0.21815955037964191,-0.30462081906005817,0.92715293623723705,17.607118063067233,-3.4293066515065664,3.3648717757875994,,0.280083296633782,0.2608695652173913,0,5
0.81832018045739663,0.54707814076395367,-0.17623163777945941,-0.51411118257967314,0.83380422148633271,0.20114724004594542,0.25698594164409999,-0.074000190066154686,0.96357781090447947,-0.396113505318197,19.101690802888925,-1.9722560695998794,0.3032296117602742,0.2876760590960699,0.78125,1,5
0.61258823021232756,-0.68729689312550313,-0.3903314500592544,0.78712641087612367,0.57538479085203964,0.22218090772482374,0.071886532164242095,-0.44334560238733195,0.89346348741132886,-24.072691222588695,4.7054134264596241,-6.4235860181596856,,0.1475886124564317,0.4117647058823529,0,1
0.82494071640779387,-0.46064381960213829,-0.32753638862719936,0.53858906338314361,0.81641244374093391,0.20830876723993946,0.17144863725519377,-0.34824990045556081,0.92158958957663351,10.892834247050576,-7.573843517057961,2.0130184799138644,,0.2694960635886822,0.5,0,11
-0.95762090784122444,-0.15293366087863752,-0.24407681625998082,0.14588179788850175,-0.98819332545265393,0.046823632661772828,-0.24835599028444819,0.0092329248390833792,0.96862482684925444,-2.5928998562665586,13.589770337274619,-2.0679507597348126,0.5135930439415093,0.4685460620529645,0.9666666666666667,1,4
-0.96511606187054122,0.16520090092653567,-0.20312471403686699,-0.14636267971378425,-0.9836844114011738,-0.10460853097776796,-0.21709203833051596,-0.071229495992794031,0.97354887180568128,7.9611687181863413,6.4412504419706327,0.54553516836550864,,0.09474506671128143,0.3684210526315789,0,3
-0.96388150532936911,0.13222132769305017,-0.23119248298133752,-0.12124446012180093,-0.99073890536729237,-0.061124481849676393,-0.23713334766279079,-0.030885949794452888,0.97098601098652904,-16.186224738576556,-15.572665831675009,-3.8018395969655701,0.3285281105178683,0.3799330854281014,0.6857142857142857,1,2
-0.24630424820823943,-0.92813369963936998,-0.27910939236849663,0.95725146002938055,-0.27803033120062792,0.079804618939567473,-0.15167023302610988,-0.24752165668120132,0.95693739078771534,2.2289279407839011,-18.492538182880292,0.77383237394310112,0.4334965590125329,0.3622566719300654,0.631578947368421,1,6
0.48755121564608128,0.84875926407065805,-0.20469861693783786,-0.84919066304498536,0.51547095165488022,0.11473846694648625,0.20290152764148023,0.11788727520070702,0.97207693133131534,-18.956756130428214,4.4840508356690725,-5.3118789160782098,0.1980835259582461,0.1433694162160766,0.7606837606837606,1,5
0.83332691189074803,-0.42538531884352543,-0.35300649913425486,0.51964691942479424,0.82060696300320857,0.23784720179765081,0.1885028834022216,-0.38164321398793866,0.90488403686108065,-13.187970630071666,16.596730581921026,-4.6309995998219051,,0.4599817357908351,0.2272727272727273,0,3
0.92522443006454436,-0.20848605607041154,-0.31700681133998454,0.32604950474012157,0.86417024839855117,0.38327731767156181,0.19403987855711699,-0.45797745163598524,0.86752820088026417,15.467800123489486,0.26348736269249134,2.6499198597082443,,0.4518048957472635,0.391304347826087,0,1
-0.59122712838521985,-0.67296043402291461,-0.44449379849561171,0.77276512507116557,-0.63043453476024092,-0.073391817359869063,-0.23083445179416531,-0.38688053921246673,0.89277035358683265,-15.992561583597981,14.850692592048436,-5.166024341665854,,0.2048076525983737,0.3666666666666666,0,4
-0.70791276787520097,0.70466620230151,-0.048011003043476434,-0.69854641707631004,-0.70856659090083995,-0.099831304954969668,-0.10436673928566834,-0.037133941255005472,0.99384538744099826,7.2507188742740682,0.45877999222820276,0.59957485629314577,,0.0961609679773536,0.2941176470588235,0,2
0.5607790834733779,0.82787768431534503,0.012056506601016126,-0.79919925441719164,0.53743340571779663,0.26915773471623455,0.21635011272879712,-0.16057357887034854,0.96302064073985694,-9.8901006689320212,20.210783411675486,-4.0750099431500901,,0.414620349051104,0.1333333333333333,0,1
0.79433729487904825,0.56865832797235583,-0.21367257192237027,-0.55401151369162527,0.82242299904439953,0.12919618159964788,0.24919772202279461,0.015751719604528522,0.96832452136055602,-2.4813925240338208,12.667625943597416,-2.0547467017791008,,0.1178095433829943,0.1578947368421053,0,1
0.84793727447590628,-0.4295933210247958,-0.31056715390597528,0.51176291622192349,0.81615471890002167,0.2683098812888895,0.1382067152290484,-0.38644670182071988,0.91189793865184476,-7.145549544517853,-5.8561515594795361,-2.5974949356854244,0.2729980684305354,0.4043499188282948,0.1340996168582375,1,5
0.50386751534931207,-0.76542636710565459,-0.4002998919749437,0.85989611329728066,0.48838927268474852,0.14850788754370331,0.081830320248314256,-0.41904462156899602,0.90427064744033125,-4.0812959422317796,-3.2227579190716837,-2.0429136518402089,0.2172580265452982,0.36848001140373,0.375886524822695,1,5
-0.66462749867678117,0.7318285123197209,-0.15065628615676624,-0.74189842420897867,-0.67030005968766415,0.016868851144857755,-0.088639811365318275,0.12298316363883971,0.98844227211431168,3.1656616591176334,-6.8554856321866167,0.059707463525533612,,0.07043255361160886,0.4054054054054054,0,4
-0.87651785093583734,0.43557954298050972,-0.20490709779729976,-0.45295428013766237,-0.89040758434673284,0.044796806167271226,-0.16293826160786704,0.13207874724839935,0.97775576062199709,-9.7454146183034798,-11.487110600294855,-2.838471116061247,0.2152194270413494,0.1681507597781129,0.2777777777777778,1,5
-0.13255440708857941,-0.91910067969646814,-0.37105696293545704,0.9872937831338443,-0.15553414552552533,0.032559412785023313,-0.08763740609269563,-0.36202633903783105,0.92803912358057894,13.937495913875823,-12.121788808244483,3.1447632499524909,,0.3022610824985277,0.4210526315789473,0,6
-0.97101515237160629,0.061820091483514979,-0.23088492838146929,-0.060791599642288634,-0.99808338630742466,-0.011573045840895852,-0.23115785791895124,0.0027982612590037341,0.97291223368618829,8.9341663518509389,1.2256808082469386,1.0393819215805464,,0.101994217101105,0.4117647058823529,0,2
0.56039500095859263,-0.75985942205185486,-0.32950129228826935,0.82625035542850467,0.54037013347467577,0.15909264283061528,0.057164613659916853,-0.36140528159890201,0.9306548390125795,3.1217076707278393,-4.7421732259480169,-0.10509254920138554,,0.09775161725152129,0.2075471698113208,0,2
-0.9730448728294866,0.12538889753098631,-0.19354921812348214,-0.12416802471393978,-0.99208918913716382,-0.018475454955201785,-0.19433470379447382,0.0060551773819690277,0.98091659060696168,8.3058811243383346,-12.280370408598765,1.7766447032975967,,0.1672947542084945,0.1666666666666667,0,4
-0.42905823463140413,0.87400012598059273,-0.22810701672875291,-0.90313515673597999,-0.419559116009107,0.09119778967241389,-0.015997498631348847,0.24514062894503108,0.9693555344031286,-2.7906615404849435,-3.0254116110274332,-1.7335695383574741,0.1707337586883628,0.1367638784590084,0.7336065573770492,1,5
0.80403878703542841,-0.4494200355306055,-0.38928557718757856,0.5772330356214318,0.74700033220645423,0.32983712081982719,0.1425610449241432,-0.48991033398685924,0.86003733240076286,5.1923753623162998,-12.906062372304357,1.0420171936549296,0.5597306995668866,0.3161648850776902,0.3571428571428572,1,4
-0.38326141540127945,0.91852873123343193,-0.097034310237710739,-0.92363671363926592,-0.38141570833934524,0.037646761476255043,-0.002430778118704078,0.10405300250687613,0.99456878293411166,-16.701732840270779,4.2432835310348418,-4.7451053229401801,,0.08355846658415451,0.2631578947368421,0,3
0.3268272113990236,0.93995259073511117,-0.098351924533751994,-0.92875263827447085,0.33869843274649297,0.15067152535658748,0.17493573330611834,0.042101054920563083,0.98367931277791354,7.5402458673983634,-9.0944738439169654,1.2685831548747115,,0.164560144816474,0.1875,0,5
0.29082047907542713,0.94233042457677962,-0.16564063471046192,-0.94601565534378151,0.30910059428357728,0.097525393913655695,0.14310076448018569,0.12833625181718863,0.98135211706843561,-8.4068653285050008,-13.627859992446387,-2.3092841017784633,0.1788150837299333,0.1315680722254345,0.5,1,7
0.60294622399085829,-0.69660755141164077,-0.38883643128113021,0.79481257429305252,0.5665335667362541,0.21751480296005082,0.068766436004908518,-0.44020181403235681,0.89526171603716309,-25.98021498719902,8.4402414806541195,-7.0874669105861647,,0.3091382762780432,0.1818181818181818,0,1
0.63380800824514372,-0.69080164404284972,-0.34796623007415467,0.77019967434417569,0.60509633328868195,0.20162065638400481,0.071273209023088022,-0.39579226372970921,0.91557010307636355,-5.9515402258579062,19.076292655490754,-3.1191070302339785,,0.1843144185533172,0.2380952380952381,0,3
0.58626245133368227,0.78212017656171506,-0.2111501067281101,-0.77956319254611184,0.61555953523428575,0.1156187156539194,0.22040319186330765,0.096821939648099181,0.97059154386345459,0.85885231276913476,14.583636885553167,-1.3798636880294159,,0.09630105018118632,0.4814814814814815,1,5
-0.88571921509738749,-0.34549055422347263,-0.31006087942471294,0.38785176412428263,-0.91776626898078961,-0.085299968269414814,-0.25509308315387652,-0.19580948001421952,0.94688234034837238,-24.472227344695401,1.6136060322401995,-6.3824523474836701,,0.2453109969005001,0.3181818181818182,0,1
0.12406883322721239,-0.9050382711356757,-0.40683246232495679,0.98996695381459276,0.084958552719718722,0.11290471502478518,-0.067619190890569794,-0.41675864969970339,0.90649868887041751,-0.68268730424082025,-4.5680696258874294,-1.0830072587040973,,0.07614161689765657,0.3378378378378378,0,5
0.14580385397650689,0.97175277182313557,-0.18557420785133685,-0.98012807567200033,0.16738788987977055,0.10644364518889456,0.13449978232361184,0.16636659753583799,0.97684797372940779,-11.316322396189868,-2.6981331638466783,-3.3585435113658675,0.4714396971846132,0.4451274431011165,0.9435438792621577,1,2
-0.63172096078976103,-0.68533816282501081,-0.36227093490162871,0.74659371765686744,-0.66366067407794793,-0.046393215427481954,-0.20862993182704803,-0.29977677071121134,0.93091752550255424,-4.4829165695493476,-24.165017257051684,-0.31971790870772604,,0.3454361619523573,0.2307692307692308,0,3
0.39848913682823256,-0.84775727005696,-0.35002002642057817,0.91715587278814603,0.37065857892559223,0.14641489978508127,0.0056136298510859606,-0.37936766985924442,0.92522897610562527,7.7344474173385631,5.0938841992679285,0.55554045178375899,,0.7429138675816149,0.4285714285714285,0,4
0.79065103706607043,-0.54084857068189374,-0.28697345030106897,0.59735777198162821,0.78422233179688616,0.16780651526147364,0.13429307442862481,-0.3041022162076546,0.94312629708756435,10.538229377237512,-5.6966018712618087,1.7662553682840854,,0.07438570654720057,0.3846153846153846,0,5
0.56180534286027117,0.80632400647089308,-0.18497662912481697,-0.79843934547922579,0.58701309639414079,0.13382913080666609,0.21649334475765769,0.072506697969841355,0.97358790585398691,-23.87136598533931,3.6334879524663952,-6.4010894576812625,,0.07129202620540959,0.3888888888888889,0,2
-0.93825513803307059,-0.15863387618327754,-0.30742899876493723,0.23604105377920118,-0.94322862521051187,-0.23367580429794371,-0.25290693324886832,-0.29181338884731672,0.9224332112430127,-18.331946717855118,24.124472685290712,-6.4599191324453518,,0.5761493385019503,0.3125,0,1
-0.046299875218030494,0.98284317459182302,-0.17853743504671926,-0.99559003829843162,-0.030804146843201048,0.088609142746044325,0.081589197788194623,0.18185268404818564,0.97993510198826372,-4.5978785686394872,-5.0005488588870453,-2.026121849546259,0.3066593562868627,0.2719316898804114,0.7619047619047619,1,5
0.25593681866186246,0.95956217418196099,-0.11720400476277991,-0.95393249421187931,0.27033005353972156,0.13013246574131457,0.15655395664098737,0.078499019308523821,0.98454495206041881,1.2171684099990498,8.5982079499402921,-1.0347106238623331,,0.07664051864008177,0.1666666666666667,0,5
0.10407536378293886,0.97403559041039878,-0.20105468725527179,-0.98734310361062916,0.12551058926038244,0.09695714381128219,0.11967420108769927,0.18841910889657065,0.97476988309889989,-0.0068255600584011134,-10.153703223375137,-0.49120840432950202,0.611227470202081,0.2700491702804937,0.7823529411764706,1,5
0.27102729778372642,0.95059849647283512,-0.15134960310366657,-0.94805951272150479,0.29082079760180218,0.12886591489030308,0.16651535723264288,0.10856225027990882,0.98004432227315541,9.3155740931866653,-5.8266029638374279,1.4537457554166526,0.6682393168938976,0.7149059272314179,0.8216560509554141,1,4
-0.28828136585293163,0.94269937014362926,-0.16796354257032275,-0.95743604606144139,-0.28112406726967981,0.065463550957653133,0.014493854014751773,0.17968627196465781,0.98361718766156259,-3.8112426711653398,-19.852023238934986,-0.55062065769180824,,0.1742950383499686,0.5555555555555556,0,5
0.67300754025038012,0.72752553777123519,-0.13329457099524961,-0.70483280914916158,0.6854700215880507,0.18259671588223561,0.22421320637516867,-0.028938579694786696,0.97411036165940357,1.8612938824703789,-11.635139520450682,0.061207731081756409,,0.2074221657297814,0.25,0,4
-0.058245505535218241,-0.94529013184698851,-0.32098913956339892,0.99337783037748228,-0.086777874863282367,0.075299977083258932,-0.099035080650614268,-0.31447760980221923,0.9440846814420889,-19.812437186753847,2.6131124691178242,-5.3623689593174237,,0.7687211240426504,0.5314685314685315,0,2
0.46392864685849988,-0.79623280683980246,-0.38830854733839076,0.88549922996780428,0.42953338334673885,0.17717840251319744,0.025716227376240856,-0.42604505618856003,0.90433637864835448,-8.9250481567767181,17.114009199414642,-3.6801710707329049,,0.7803342843094154,0.8450704225352113,0,2
0.60768346726994638,0.76678921524882127,-0.20677307122754884,-0.76189689921946946,0.63635332307513282,0.12069616054785184,0.22412924522813493,0.084194700482467355,0.9709157192280562,-11.224509942350467,21.478064831490052,-4.5470479272738853,,0.0796190131993271,0.4545454545454545,0,1
0.34767098145208608,0.91723838152683179,-0.19441872366153634,-0.92144597410482754,0.37259292836905061,0.11005374384990395,0.17338455946867951,0.14088385707174911,0.97472536304050195,17.984181763750986,-5.0812099002912037,3.6198274796110708,,0.09045592911681177,0.5,0,5
0.16730474359365768,0.98539571963603356,-0.031692246591955145,-0.98545501582386552,0.16811327012136654,0.024826199803552315,0.029791518233315741,0.027077742374230804,0.99918930203904288,7.0282035993784842,7.7055203394911329,0.30779241044803901,,0.2630764099004083,0.3809523809523809,0,2
0.34885052888889617,0.93605352720053492,-0.045903188444536461,-0.93001472974096266,0.35181295695802106,0.10630261417903662,0.11565427341339853,0.0056069182168649112,0.9932737042272527,-25.5362537716492,7.4401299566984465,-6.9110052732126208,,0.2802052519504949,0.2173913043478261,0,2
-0.97159714809277709,0.035824205123091708,-0.23391367669565782,-0.030717169523571074,-0.99920429031198976,-0.025440945709081685,-0.23463895097456069,-0.017533184234784654,0.97192445701100993,-20.77524530317713,-27.312972354855191,-3.6597996857372967,,0.08914250255966252,0.2222222222222222,0,1
0.76155191653329724,-0.57424595039367521,-0.30046674837813048,0.64056649655836362,0.73741794908079095,0.21421795410381272,0.098555780710242513,-0.35560702584446302,0.92942476901503424,-5.5142161911998882,-11.732921850655163,-1.7543307414252469,0.7795422509936033,0.5539888310208071,0.7558139534883721,1,6
-0.67761692204085577,-0.57971020724277533,-0.45251672077660982,0.69692451103371744,-0.70265067847735552,-0.14345121106399333,-0.23480104958089812,-0.41257496246603614,0.88014224274367037,-0.20005441621712491,8.2457924155919162,-1.3182060493990899,0.9780878567328208,0.4680377090711747,0.2407407407407407,1,1
-0.97040726622757734,0.063921928982869775,-0.23285988200595764,-0.064734447461053807,-0.9978938580646074,-0.0041592485913429355,-0.23263531323647235,0.011037890742415856,0.97250140154311693,-14.77862246418214,12.989491669710906,-4.8154612277255859,,0.150024712329111,0.5384615384615384,0,3
0.75913406084051116,0.64719210678882566,-0.06969831118498776,-0.60604556298943435,0.74179389005350582,0.28714212554083612,0.23753789856066679,-0.1757390155586718,0.95534891278414813,-0.63230025236887144,14.545003228204635,-1.6974034549012975,,0.3246943112889925,0.32,0,4
0.94012905998117513,-0.23576880311156648,-0.24611058908192338,0.27497554772339161,0.95134728925530954,0.13902080197148411,0.2013598736916884,-0.19837188990860888,0.95921988853492479,-5.0560257234365231,14.645423822188206,-2.7562875722659128,0.1480357426600716,0.1030392246615472,0.5714285714285714,1,5
0.51266754096557099,0.8490812304731522,-0.12740901262670926,-0.83396563815348634,0.52773512934436695,0.16123568970650592,0.20414040957038182,0.023594433964017031,0.97865724125781395,-1.5995173494100745,-21.033781748579713,0.066132014635645123,,0.1387298611937072,0.2105263157894737,0,5
-0.91805078182454258,-0.27450958737020309,-0.28605462491137379,0.29402261018739434,-0.95542379644294129,-0.026759556968452305,-0.26595764078126716,-0.10867315966878423,0.9578395886982668,7.4697060823046098,1.5532359587872728,0.62275313323192472,,0.1149292400272512,0.2380952380952381,0,3
0.77953690218933358,0.62337658150480091,-0.061023403350248112,-0.59756934347690893,0.76936823045134684,0.22579505244522133,0.18770481576569845,-0.13954986063609134,0.97226166155763538,2.5877348422985134,-5.9490143129019568,-0.13391853195994421,,0.4390247785386178,0.2127659574468085,0,3
-0.60216875425285576,0.79339710521767359,-0.088959680944684594,-0.79601967147221286,-0.60519962263190452,-0.0092789759925553314,-0.061200278029055415,0.065226146585681558,0.9959920058769296,6.8457706621976238,10.884844471919322,0.14001992355660653,0.7594766203484138,0.6461572246535137,0.8148148148148148,1,5
0.36323583254839181,0.91417293211557915,-0.17985433033453221,-0.91408605550894373,0.3870225031727218,0.12107958193692951,0.18029534957113549,0.12042189263222333,0.97621317072548075,2.5434704132770527,-3.9180560199815346,-0.29091489053167702,,0.07704515678310515,0.1555555555555556,0,2
0.24123076598175189,-0.90574264019340234,-0.34847953638534013,0.96908954918834367,0.20569162651711836,0.13622187942718444,-0.05170264207745344,-0.37056878513472602,0.92736487548644164,2.8896064627873188,-15.554426747708659,0.69435267310955984,,0.1276121544360996,0.25,0,7
0.89891743028665194,-0.31506396959092275,-0.30443742968375925,0.39846144701543162,0.87681226072024354,0.26912587146728417,0.18214260558477804,-0.36322851556047608,0.91372266947609571,-8.5172086414433998,-8.8745039272984982,-2.7289543108668353,,0.1192028493954202,0.1627906976744186,0,3
-0.80697935481537109,-0.50893933663949564,-0.29960819835698466,0.52321119826669349,-0.85139884776275476,0.037014105913618499,-0.27392400937139261,-0.12688874516364351,0.95334405302634473,-22.898008311965636,6.6738332866196091,-6.2768301319448652,,0.2752194924679605,0.4680851063829787,0,3
-0.71621631327438462,-0.61939439586419121,-0.32153502915185406,0.6614095466236718,-0.74944121775918682,-0.029585009019718268,-0.22264681501139597,-0.23385560394324884,0.94643539254912723,-8.2053671632495941,10.989883976666594,-3.1795181754470003,,0.2861046421474572,0.4155844155844156,0,6
-0.8315723488783372,-0.39045800798623387,-0.39500629435540408,0.46947932717314522,-0.87415537572805357,-0.12426399495749846,-0.29677700372167809,-0.28878179147094518,0.91023540195754604,10.090568248603887,-1.4753236447109734,1.369134654579953,,0.5609567167407378,0.1717171717171717,0,2
0.050334910237769551,-0.8962842682547949,-0.44061423863774979,0.99500125680296303,0.0069038122609225584,0.099623472820369555,-0.086249033454761995,-0.44342625977182965,0.89215147613669621,-14.282144064732577,-10.55530887075766,-3.7798993416054807,,0.3720503304246739,0.1578947368421053,0,1
0.51634968672461157,-0.78651571060755732,-0.33878612425376259,0.85558978495568772,0.49075778974000506,0.16469035092860124,0.036730381142542477,-0.37489975830479694,0.92633743869290386,-7.835468480415134,9.5741798529162292,-3.0267883003647147,0.1345040005285342,0.2379809408526508,0.2622950819672131,1,5
0.86548785679776219,0.48594451808373879,-0.12160877879486741,-0.44078052243856419,0.85412314049526938,0.27601846298623617,0.23799853103412758,-0.18528784691625252,0.9534280848657315,21.105430152546965,-0.81365846491393157,4.0822517439801134,,0.3206837478187766,0.2380952380952381,0,5
-0.95777684749111536,-0.01925064361352739,-0.28686743128219527,0.054438418669496433,-0.99184990694051856,-0.11519644384636156,-0.28231182933547921,-0.1259490961561387,0.9510188516505369,-28.766718813464387,3.526001621221261,-7.3652846816799737,,0.423257027812778,0.1428571428571428,0,2
0.93196577393357583,-0.26194780151738351,-0.25064545776175889,0.303412636153368,0.94195568328732626,0.1437367835495523,0.19844537898085707,-0.21000676180284425,0.95734873037897128,-7.8335040480097895,-17.643382341826232,-1.8287804345872611,0.2119973749139097,0.1989054673375473,0.3928571428571428,1,5
-0.80932837603935859,0.57156084560106557,-0.13529885259414071,-0.56495414742019556,-0.82053677347594323,-0.086868951221996962,-0.16066857517951569,0.0061321406935124067,0.98698936458317543,-6.8024538742667779,13.194566440613704,-3.0508899093524473,,0.1985415297597528,0.25,0,2
0.88896908445810419,-0.37493512157686415,-0.26297836695413457,0.4270498527827748,0.88606984344522854,0.18030156897586791,0.16541580975206546,-0.27258739359165457,0.94780468596593148,-0.052689445066973255,-7.6395866831230528,-0.75430694514562846,0.5981837099750765,0.5460779329677953,0.6031746031746031,1,5
-0.74612858895789291,0.64732523763095173,-0.15576317108268986,-0.65271807128986903,-0.75731881011210178,-0.02067218570986264,-0.13134400691061848,0.086245327852711967,0.98757809578394418,-18.832167603664235,8.5920149080994044,-5.5436072675076815,0.7140155247420717,0.4534928438610866,0.3975903614457831,1,3
0.66550730583925732,-0.64797419049137139,-0.37044496802038318,0.74267661858024381,0.62433492878080077,0.24215147515240232,0.074373826638042845,-0.43627439205312246,0.89673473711565899,-9.6740975424781688,7.6780326174388493,-3.4144700346906847,,0.3501595175749978,0.2926829268292683,0,3
-0.13685447413131091,-0.91134646986892887,-0.38822476063188316,0.97938165662478749,-0.18327364822388781,0.084984354640087148,-0.1486015598071834,-0.36858972004675766,0.9176378341691912,10.01024758359916,7.8593830849993438,0.92018603474760463,0.7798224285003963,0.4048395118403127,0.2380952380952381,1,4
-0.92470483264020997,-0.20845884935934886,-0.31853709456767632,0.28331147316393013,-0.93573648177436686,-0.21007580976926457,-0.2542746186026521,-0.28450333003377121,0.9243388304805602,-3.3082314162070237,1.4276031116894694,-1.832407686484322,,0.250419931531659,0.2895377128953771,0,1
0.69325200717824287,-0.64605708295734043,-0.31939301824553368,0.71355188268804592,0.67753855773330651,0.17828408088502343,0.10121939169785772,-0.35149928640798844,0.93070021295742278,-3.5484455295879314,-13.860110917944784,-1.1006826721985561,0.0590630549837516,0.1006598909896831,0.3846153846153846,1,5
-0.6918427582109018,-0.66906885274603878,-0.27147830152009106,0.68254437600339823,-0.72866418093702789,0.056406437624651688,-0.23555630472832914,-0.14627160252240268,0.96079021934981457,-0.98122262615620526,-14.259866855698078,-0.39111351435581276,,0.08144144711279587,0.3846153846153846,0,5
0.88515302911043192,-0.36539033996416576,-0.28808681767394168,0.43075195704294056,0.87760067886937598,0.21040389718749861,0.17594563524084386,-0.31033360744347738,0.9342035032747491,-17.523577403671521,4.1828935471067332,-4.947025264628782,,0.1477734678180211,0.1470588235294118,0,4
-0.49079643295190695,-0.80727174466945972,-0.32776697768386182,0.84972367705160101,-0.52664785492068222,0.024732762994698943,-0.19258383644426763,-0.26637260963877779,0.94443480387723788,-3.9687527884748186,11.170250420455442,-2.2894418887982524,,0.5703166390790326,0.2142857142857143,0,4
0.96236408403708229,-0.13104932606092926,-0.23807865064815001,0.16429521135645977,0.97838637138701534,0.12556747910778812,0.21647737360011504,-0.15995681424411054,0.96309468085753192,-12.304186434067589,-15.553701744892669,-3.0657446101951371,,0.1001109878588599,0.3928571428571428,0,3
-0.43439677149366202,0.89362050843666652,-0.1128797227905794,-0.90033529558361058,-0.43445731573139657,0.025361315696210359,-0.026378029537028974,0.11264647224331763,0.99328493990842326,-1.1444157325802806,9.3617331529094159,-1.634643628449044,0.274669387202951,0.107979104074686,0.1153846153846154,1,5
0.54615209494383288,-0.72700756935377775,-0.41614646855497345,0.83635158289704004,0.50126682538068867,0.22191800187993357,0.047264352043358548,-0.46924573932544034,0.88180185821466894,-2.8757323259926686,9.5469699392702516,-2.05778040692041,,0.1406751142271436,0.15,0,2
0.14149797521665228,-0.95566453392727124,-0.25823172075319917,0.987863044840954,0.11942973395339634,0.099313359047907945,-0.064069709279388376,-0.26915021315501791,0.96096474186697489,15.009273498229442,-6.5094933898087675,2.9504579363849452,0.1850748415700285,0.1067692236457211,0.4761904761904762,1,5
-0.60882888397929791,0.78565410110863032,-0.1098864115517155,-0.77774623897729034,-0.61843286357150951,-0.11247924702549335,-0.15632714987871446,0.01698312886169456,0.98755931241868466,-5.4431599644506168,-6.3750005444549425,-2.1727667892779827,,0.3958582409260219,0.1949152542372881,0,4
-0.50016601096158653,-0.81981977440354092,-0.27880010576702119,0.84097001027926277,-0.53662862705022152,0.069275958608248478,-0.20640591873701636,-0.19981304794012369,0.95784724386679043,-16.616725502491082,17.316528722171967,-5.4944779705621274,,0.08491646564362178,0.5,0,3
0.96490865631615319,0.15755550154803347,-0.21006558237394196,-0.093641310919733142,0.95385545680395889,0.28529120633931959,0.24532140113612119,-0.25560913805507418,0.9351370908521125,-4.4731772612751612,-11.146652519872312,-1.5650731159867506,,0.1483832617661427,0.4,0,1
-0.010658691135100805,0.99710727672368316,-0.075256036355677541,-0.99532550493469985,-0.0033549478795846712,0.096518824854064322,0.095987142523208752,0.075933016727941421,0.99248206303228637,5.9245611380314092,3.622435478139217,0.20215862589538725,,0.5243189398420479,0.2592592592592592,0,1
0.36574816599699606,0.91250805273090441,-0.18318660641839596,-0.91173448248659006,0.39082694326622974,0.1264694977537503,0.18699869655894569,0.12076155894335558,0.97490929494329204,6.9298316357061136,-10.364388259788502,1.2362443474676543,0.6918363115071946,0.5713813197366868,0.7288135593220338,1,5
-0.48930695201524371,0.84917766194718869,-0.19868569440062558,-0.87135320868613497,-0.48552446431768215,0.070778388378124862,-0.036363338982124349,0.20775777482186938,0.97750417624639163,-5.1907375999289664,8.1629737448283581,-2.4520862045382081,,0.09036783710706592,0.3333333333333333,0,5
-0.83865781581428389,0.5367615476857629,-0.092412709621563477,-0.52547983130604481,-0.84202348448683062,-0.12193194193166376,-0.14326204962998906,-0.053698161035929462,0.98822694389354393,-6.1843853818355026,1.8532181094945035,-2.4649374205736465,0.1976983639029543,0.2815010870165043,0.1564327485380117,1,6
0.96929449928220002,0.10102765855076154,-0.22419095849078891,-0.050785090883360771,0.97429473761680063,0.21947810550525612,0.24060143018119556,-0.20135336217694078,0.94950922867279353,7.7893597662625469,9.3755368146997107,0.42347124896762772,,0.2209074255332023,0.2758620689655172,0,5
-0.6243112779741552,-0.65543621279274022,-0.42501623398899596,0.74319237776839553,-0.66594159615897508,-0.064706105833968908,-0.24062526430372533,-0.35626557715438656,0.90287004641510626,-18.981942925413048,12.094897518470503,-5.703109017780247,,0.5069101891658242,0.4545454545454545,0,3
0.96708776751109515,-0.097798974235783473,-0.23489702120043024,0.12954140171910045,0.9838257616338687,0.12371699958449266,0.218998345133148,-0.150074086317283,0.96411487564759424,5.7559833646774745,-9.86719863051656,0.91351369034930108,,0.07048560767001621,0.3333333333333333,0,4
0.74899412601593696,-0.60038703148687556,-0.2802556183486804,0.65113488109924011,0.74524023885851609,0.14366750851177543,0.12260165500311146,-0.29009032870552637,0.9491134997364743,-16.550076215270327,3.1980555274787204,-4.6664911034379948,,0.07178495749665199,0.2181818181818182,0,3
-0.58645340563798376,-0.70010328842269143,-0.4073423480996613,0.77934570328163044,-0.62472987472167874,-0.048299672946071258,-0.22066417423785067,-0.34578601644654539,0.91199745231988349,-24.471415777919326,-0.58060853300038762,-6.1632478507285304,,0.3760196127038259,0.1176470588235294,0,1
0.97053195693435279,0.12272023552384025,-0.20738241092761237,-0.076724045711329319,0.97318949829208001,0.21683085855960457,0.22843191847651628,-0.19453005990587308,0.95392710120540958,-5.6199254118620408,-22.102651424143616,-0.75644378982684468,0.2548736303585274,0.226374247222381,0.2916666666666667,1,6
-0.57729462747851568,0.79579208828874826,-0.18288210765811308,-0.81464922152331243,-0.57654543985843176,0.062785361748634042,-0.055475751062074002,0.18523041865600609,0.98112799014635099,-7.7091290344367831,-7.0033895680874219,-2.6694631191667271,0.2615732541779365,0.2066174497555973,0.7718120805369127,1,5
0.55967639202939301,0.82095682298533179,-0.1131027453194323,-0.80002272173969857,0.57084532655955189,0.18465984361881002,0.21616193213691962,-0.012864988882603163,0.97627276473119162,-7.4220480353715415,18.036767748041264,-3.3735202918100757,,0.6729674908441504,0.5609756097560976,0,1
0.48265456314187521,0.8718068880142833,-0.083650001130759793,-0.85195688081346199,0.48950186125664363,0.18589621045324548,0.20301242797651961,-0.018457460202636493,0.97900218398630023,-3.583337297781144,-5.5552456033315547,-1.729894787239163,,0.08006687901119659,0.1428571428571428,0,5
-0.67834829651972373,0.7339149076237842,-0.034820927276031068,-0.72873389833099889,-0.67809427371004238,-0.095577515059539861,-0.093757634526983491,-0.039459654448864782,0.99481276712690114,-18.491766599195973,18.423795293968915,-6.0420109066075822,,0.1930842720294469,0.2307692307692308,0,1
-0.36930631108401013,0.90632651628115535,-0.20539010316757023,-0.92927975270134655,-0.36187757538958781,0.074052425007402709,-0.0072103961641668711,0.21821289218517292,0.97587455334757944,2.2382280962298617,8.5401872902345239,-0.78634065974586265,,0.08005653326315053,0.2631578947368421,0,5
-0.32496240964813927,-0.89481840247898037,-0.30610367345172329,0.92818488184235293,-0.36381791787700146,0.078162316693779765,-0.18130708048769181,-0.25872098719780667,0.94878406044179542,7.5064327293906112,2.4436177672538979,0.57152013585715855,0.2323475317437595,0.2250051969132192,0.2045454545454546,1,3
0.46773474799907411,0.88267254987546506,-0.045971460827200487,-0.86043282604282934,0.46661408706093632,0.20475997075658692,0.202186936724884,-0.05621799936526458,0.97773205898404203,-9.4165815964225441,-10.219473565001183,-2.8254196904809916,,0.4178272929700375,0.1463414634146341,0,2
0.88868242396653041,-0.38736554239071452,-0.24533953187637653,0.42576213652810863,0.89574579793732301,0.12792993620200213,0.1702062056212762,-0.2181453690683709,0.96095912791441451,16.628619014225674,-6.3510341612912686,3.3548791721151159,,0.09831070539788149,0.1764705882352941,0,3
-0.93515320698328819,-0.19541391794457305,-0.29546891569575195,0.24518010458687561,-0.95906714872229892,-0.14169305048748185,-0.25568573637111719,-0.2049478102230689,0.94478632467935764,-12.336952818983805,12.603931434800716,-4.2701203662327085,,0.383349646906268,0.2857142857142857,0,4
0.74132783666479551,0.66435201269540789,-0.095233617034401891,-0.62596665446896937,0.73561124664265887,0.25892439302962406,0.24207186139413359,-0.13233479149639277,0.96119130087656623,0.57526520776334866,-12.065706881321583,-0.212208662421978,,0.1099587610580723,0.4444444444444444,0,4
0.93921886247035458,0.27808694834307301,-0.2013344916826971,-0.24574733249802441,0.9540653710837903,0.17136953133172336,0.23974189652624039,-0.11147608200859052,0.96441531830950056,-2.0011542849375261,-6.9886622080250635,-1.2595222478734243,,0.1153050638597266,0.2222222222222222,0,5
0.31884641504088457,-0.86868517012792212,-0.37910821517793369,0.94778051592708779,0.28926588979215606,0.13430315942573517,-0.0070040877035009571,-0.40213346068509959,0.91555427067589301,-5.6349860266084386,12.601074770724288,-2.6978915548153553,,0.1729770583393636,0.3333333333333333,0,5
0.97088029635454698,-0.0065597068036974907,-0.239475302269685,0.056706017622029405,0.97751015154301579,0.20312146906666462,0.23275712172983581,-0.21078632279395984,0.94941732046926697,6.6114187830413202,-8.2964522439589192,0.98852596914039159,0.4322736541987169,0.3564225504766318,0.2592592592592592,1,5
0.83297931945655335,0.52537096314829834,-0.17358226994232356,-0.49302296245179794,0.84715476636369558,0.1981341977613359,0.25114500164835712,-0.079461644256235503,0.96468234939753361,9.7673158500939632,-4.0187382949033257,1.434046030258199,,0.1257312998717354,0.2333333333333333,1,3
-0.21467325881761781,-0.87678118839392138,-0.43031400119815627,0.96463054352268984,-0.25934608133945708,0.047196658748125848,-0.15298139250164836,-0.40496216832243775,0.90144458275361872,-3.3561169951000904,-8.7047193986786269,-1.4844465805983995,,0.1415340866816889,0.3333333333333333,0,3
-0.3666911642135538,-0.82343077818993649,-0.43301194396601006,0.90931126504203164,-0.41562024411724874,0.020318364785998334,-0.19669929678411929,-0.38629207370774882,0.90115915377651168,-3.0358730356168731,10.373936251028004,-2.1028193001376709,,0.4500049197849034,0.1904761904761905,0,3
-0.4310688806414632,-0.7663231437253778,-0.47637008673233239,0.88044291572111477,-0.47276942265305372,-0.036184874751744318,-0.19748390389856416,-0.43501484158032111,0.87849996887070536,-14.415398999842623,-18.454296367015484,-3.2750793594235281,,0.2094411314358125,0.1428571428571428,0,2
-0.7791752970671536,-0.54269773690052392,-0.31363198625676164,0.5785617254740496,-0.81519936181741071,-0.026764347721839884,-0.24114764410377795,-0.20230958171953872,0.94916734398506464,16.103544764281157,-7.9705082146493291,3.3418701197784855,0.6605414085147971,0.7218207816667911,0.125,1,5
0.46175228519651057,0.86947522718138959,-0.17549261076658393,-0.8588412468212151,0.48771442874987075,0.15660890379466852,0.2217578406153457,0.07840577342937452,0.97194444019118742,4.5213721930218602,-13.805987403786832,0.97069304040224103,0.2902310350731567,0.2914780331233448,0.6666666666666666,1,7
0.89985753653478684,-0.36958333200436233,-0.23165615607209469,0.41088847692318542,0.8964741062620466,0.16584582097059336,0.14637989436152143,-0.24442245704153009,0.95855651321165813,2.966731329184253,-10.263273549297253,0.20785852069622285,,0.1022922059719457,0.1739130434782609,0,5
0.95487888482535777,0.20895626056363192,-0.21105353938265886,-0.16451306315103506,0.96378434236269617,0.20989329067212067,0.24726861379347678,-0.16570160707661016,0.95467335253733976,12.580059683437534,-6.1247268891841067,2.3337124023056162,0.3835081692598146,0.4524536349240023,0.7678571428571429,1,5
0.9416425910651991,0.27806616554036517,-0.18970618933945615,-0.20212158572882791,0.91773448532974378,0.34192145153385001,0.26917669898132618,-0.28362408575124409,0.92038105299233985,-11.004365452426917,-9.6983574696644279,-3.2128343016063141,,0.3387981897296315,0.2424242424242424,0,4
-0.97048128298134995,-0.05772447283812572,-0.23416653180682126,0.065417781248961596,-0.99753935407749328,-0.025214102465114564,-0.23213486011225801,-0.03978846946313417,0.97186947910634836,13.116928877647785,-1.3032431354261902,2.1653407914604554,,0.285419725312,0.2857142857142857,0,4
0.054079970473003301,0.99848947722226267,0.0097015808017422798,-0.98985956367920924,0.052329436239754556,0.13205935898540275,0.13135220206165218,-0.016744968774025436,0.99119433262822521,-10.528238899052992,-6.0155584858744504,-3.251735642133351,,0.3392795936995265,0.1521739130434783,0,2
0.51014424808432579,0.8440872128193192,-0.1651351667616297,-0.83427440697862176,0.53231284487029784,0.14362885868292188,0.20913885341310159,0.064496607205365417,0.97575669490506201,-15.874396250201031,4.5283168418138828,-4.6254838433686638,0.164476342378332,0.1313274316397665,0.2954545454545455,1,5
0.81205776519743755,-0.47196835975169071,-0.34323177792250192,0.54701549965478979,0.82051310129426835,0.16592858024427717,0.20331313071211951,-0.32249669455323077,0.92447804348306506,-3.7774345213897784,13.733215910268967,-2.360116767614084,,0.2027227277878211,0.3181818181818182,0,3
-0.78832979022565874,-0.51168057156714641,-0.34164182197659587,0.57156925484197862,-0.814573600410192,-0.098885976933854092,-0.22769437578068344,-0.27322672306254336,0.93461351854247743,-19.767170544561079,6.7277454434974127,-5.6842009219439182,,0.5372822946821989,0.6050420168067226,0,4
0.77464216717259882,0.6209266554956967,-0.11991497543287495,-0.58546136102816182,0.77582458168864377,0.23522587695806715,0.23909100271902925,-0.11201029837728269,0.96451500013024172,-14.214449447493564,7.6626354783546997,-4.4058978268752531,0.2720668909013784,0.1890496108054127,0.4189189189189189,1,4
-0.66215029937708891,0.73400655027058348,-0.15096809330023947,-0.74184105895740093,-0.6705447219308931,-0.0064512894512463856,-0.10596614685735257,0.10772260696111829,0.98851758490666564,-6.1559112937732223,11.199882333192193,-2.8041242487678613,,0.196060650012529,0.1428571428571428,0,3
0.9471239775478798,0.26142278819491871,-0.18604917889170608,-0.2052123716319183,0.93925913002232697,0.27510028934718467,0.24666587458156214,-0.22237448703054011,0.94324203353901548,-2.1995083242416533,18.171972710812739,-2.2805765226606018,,0.3171744523065969,0.3529411764705883,0,2
