axis_00,axis_01,axis_02,axis_10,axis_11,axis_12,axis_20,axis_21,axis_22,location_x,location_y,location_z,dbh,dbh_approximation,score,reconstructed,number_clusters
0.74346398999727037,-0.56851590103002181,-0.35220869644766339,0.66397849382499585,0.69044133634010407,0.28709461996140256,0.079961586497702283,-0.44730351144263897,0.89080060245593484,-5.7543361212764506,-27.633386881625313,-1.0974157643195592,,0.2908757782482898,0.1111111111111111,0,1
0.30821961923384428,-0.93171969361125773,-0.19209132946671414,0.95116046075836558,0.29817951719571306,0.079892136126571478,-0.017159376715930558,-0.20733400121995701,0.97811971032632039,-0.31351737754018122,-5.967072205108809,-1.9973627597045158,0.145055906471684,0.1105808365439103,0.632183908045977,1,5
0.050649424002402452,0.98991252031112686,-0.13231718701475695,-0.99504717363777706,0.061364975954791991,0.078201419178552861,0.085532204950514418,0.12770098612517092,0.98811775617026665,-20.005513182864505,4.7535356320947422,-5.4190944996280566,,0.1061826045321007,0.4411764705882353,0,5
-0.25686561748780712,0.96367528313028372,-0.073143716315035731,-0.96599917621210141,-0.25370614420041193,0.049787387484184396,0.029421864491362065,0.08344543773464598,0.9960779150303074,8.2545648101902263,-9.1294148968956144,-0.76979066173180111,,0.0865563796835577,0.2962962962962963,0,5
-0.90421788244306123,0.4215360674978717,-0.068537324638600808,-0.40415563701266266,-0.89647091332985707,-0.18165385386614163,-0.13801536922051777,-0.13655491698200642,0.98097120880633493,-32.79091104183005,14.576714474258408,-8.1266236274712735,,0.4569772954288429,0.2142857142857143,0,4
-0.96723749256264291,0.21114985808594944,-0.14095165983915978,-0.19681167934063037,-0.97435711431607619,-0.10905675887705867,-0.16036457169914956,-0.077742853124460692,0.98399149027408583,-8.262917347772067,-26.839155400161609,-1.5079883563673673,0.6495480750752209,0.5593062687490697,0.6,1,4
-0.54649237436992781,0.82404493755596842,-0.14931853750923829,-0.83701817255193289,-0.54326691276411299,0.065281240135060106,-0.027325145440424532,0.16065802931733242,0.98663181280684942,-0.12782063589435841,4.7318955263512263,-2.7454777511675461,0.5207729353185721,0.3519415035390049,0.9040650406504065,1,5
-0.47497828665861719,0.87182053788554881,-0.11968532459661607,-0.87984438031778744,-0.4730200656058447,0.046107309154312562,-0.016416261025380095,0.1272044309573975,0.99174066122084126,-11.048721922485518,-31.731661078919743,-1.4092583562606127,,0.1672428649543851,0.2727272727272727,0,1
0.83741319627030331,-0.47620751084631008,-0.2682639471228237,0.54236132377384283,0.78478412740374515,0.29993010494018091,0.067700318955233568,-0.396661417317975,0.91546512048502204,12.36558010130145,1.9125447072175985,-1.0350042825529149,,0.2537904997309722,0.2571428571428571,0,3
-0.60029122942337776,0.79978146940176986,-0.00020267934024296067,-0.79862933507429967,-0.59944003230354115,-0.053505446738727334,-0.042914158923959993,-0.031956984736906148,0.9985675370701641,-19.19432879398774,2.6970681310451368,-5.1551207838078072,,0.09202303279292394,0.4047619047619048,0,3
-0.41766915202565758,0.90347149160268614,-0.096393689147083891,-0.90857527269526062,-0.41607078842682171,0.037095456118166024,-0.0065919111720357353,0.10307455010379343,0.99465179024018213,9.1063018683214061,-8.5649167649960329,-0.71817432565117412,0.4457076709369829,0.3655591560216332,0.5818181818181818,1,5
-0.57514352740143926,0.81687597398742329,-0.043858477063488936,-0.81759284755199013,-0.57579067381334104,-0.0026524670416715893,-0.027420038658948313,0.034332827900968567,0.99903423285103921,-23.145727706220999,17.136806110016785,-6.9448321983159342,,0.5963932432903418,0.2452830188679245,0,4
-0.95260115910511223,0.27605320020663632,-0.12785015575771816,-0.27612927715477331,-0.96096145062238569,-0.017484642281260374,-0.12768576259544498,0.018647280589837029,0.99163936234753447,9.6450497292888464,-16.236918996256865,-0.052719760178005087,0.4915574900886017,0.3572185398071281,0.7864077669902912,1,6
0.98306024557027105,0.077410987418770255,-0.16613275596994589,-0.05789561512777873,0.99117371949033228,0.11925919478462198,0.17389839369095605,-0.10762061521173009,0.97886523681922344,-16.416331007097309,-32.981153844828611,-2.0365012591522711,,0.4782201935280397,0.9666666666666667,1,3
0.57623656725177574,0.81024445562709058,-0.10702962527940484,-0.80506100683994741,0.58529414578983918,0.09647558328402811,0.14081261956138921,0.030572618953938809,0.98956410663612759,-15.781538963668526,21.932602309797058,-6.1850242125676225,,0.1594213607521458,0.4545454545454545,0,2
0.51004679709428602,0.85706534326075268,-0.072741062373247664,-0.84021165320762659,0.51454244525699688,0.17114452910641764,0.18411040868991427,-0.026173830638232691,0.98255701514047233,18.500076981650174,-9.4277278433388503,0.49717503528528018,,0.3600968227057358,0.6385542168674698,0,5
0.077035704385815487,-0.96807602902333623,-0.23852526549653102,0.99511571222542339,0.059843866240949076,0.078507521648723294,-0.06172697572269837,-0.24340812168813264,0.96795778149895839,4.7271978899394664,-21.071996677784348,-0.21854752084600917,,0.6206747505747199,0.9615384615384616,1,5
-0.97432193387857802,0.18982341048858778,-0.12109435161719423,-0.17455283362900698,-0.9765137030986214,-0.12630239876067823,-0.14222544580767446,-0.10192183520275865,0.98457293385188571,-8.5337536443827045,11.470421904036114,-4.3366164824617677,0.2147144301273059,0.4977177149114523,0.391304347826087,1,5
0.41341716391014016,0.89793324835645971,-0.15100374194209149,-0.8995876516334409,0.42843447935028472,0.084770006089903524,0.14081301649040862,0.10079572609921496,0.98489182958688648,-3.1765290166073017,-3.9295099830221325,-2.5188806263679977,0.6080478901039746,0.4641496543027136,0.8382264829239066,1,5
-0.11071716121205999,0.99327448217612391,-0.033874965253066679,-0.99122516695217533,-0.10788387881175703,0.076378904765408095,0.072210654433925853,0.042034173600582363,0.99650326122694699,13.632381871290679,-29.260732907948942,1.5251447428329752,,0.2588027164328662,0.3125,0,4
-0.0015052196712413602,0.99830582095894849,0.058165472173974921,-0.99919970430424232,-0.0038264109322667553,0.039815945269361483,0.039971054927993403,-0.058058990852903808,0.99751264069639067,1.3343904076283259,3.5305875666901021,-2.4487770539754985,,0.6744499574645048,0.4413702239789196,0,2
0.85556474745847733,-0.4845622442771601,-0.18223170505538722,0.5052486109204487,0.85827764893832037,0.089907277213059258,0.11283972735375047,-0.16899381276836969,0.97913650078870018,-37.650630956298649,4.9145868518537537,-8.0607530378349832,0.4030893904686991,0.4811582701356534,0.631578947368421,1,2
0.36362128023493417,-0.90896827695004112,-0.20385346712475044,0.93152591836151166,0.35333238098138364,0.086114412096749984,-0.006247237873650285,-0.22120782094786032,0.97520668166827573,9.3693673948955993,0.81756748634812715,-1.2480177817193885,0.1435277479599425,0.1071107157570972,0.5555555555555556,1,5
0.89372519975061659,0.44674883549323885,-0.040874751573003312,-0.4305848853459871,0.8798092075729369,0.2013266370390738,0.12590442344216099,-0.16233063868325881,0.97867095588986475,-1.9531370684436147,-20.282924760768559,-1.1284906813601636,,0.4097960854091679,0.175,0,2
-0.73611804328692965,0.67550278572578026,-0.042734211401793745,-0.67286596900996631,-0.73716467798419272,-0.061964709962532241,-0.073359485383292261,-0.016858944485716607,0.99716305682427198,-17.459750488380774,17.500391354425833,-6.111181533941318,,0.2156634419836302,0.4523809523809524,0,5
0.6116591150761681,0.77920911760523615,-0.13677089597245498,-0.77419694018049212,0.62512941883161921,0.099157992750990381,0.16276432274734626,0.045236719068819209,0.98562742174134244,-19.848458077676455,10.910410745026004,-5.9492406045696455,,0.09732052723044615,0.3846153846153846,1,5
-0.97548789756065457,0.1759317412359877,-0.13217936351173451,-0.16075268538882273,-0.97992439253386221,-0.11792692253011205,-0.1502728713140731,-0.093788098087200455,0.98418588529007545,18.427792394871656,-2.1142216630253765,-0.11275714876822887,,0.1170166849334505,0.3461538461538461,0,3
0.62857803916801192,0.77612906570127704,-0.050133043487892,-0.75922325569832338,0.62631561454471707,0.17694292578204526,0.16872965561078546,-0.073160264837786107,0.98294347699464857,-29.82226645043184,14.160227789160864,-7.6595352838155701,,0.1148949720331599,0.375,0,2
-0.21300206431663979,-0.94855147230625203,-0.23426528761745932,0.97148461308646661,-0.23116955229893843,0.052709435835962867,-0.10415261462434468,-0.21635790365861191,0.97074275191286519,-21.030065461723765,5.8232085198235044,-5.6554186787208121,,0.1263109778057483,0.3870967741935484,0,5
0.38806149284841962,0.91218563931041641,-0.13162688632686062,-0.91121151513870913,0.40115748320876937,0.0936282454402807,0.13820945136594517,0.083606417824555732,0.98686783028512559,-10.672104435079472,15.927531557466185,-4.9659582412940111,,0.1094161592912714,0.4464285714285715,0,5
-0.15355745065575452,0.98807607643797835,0.01121501310909561,-0.98762298978137042,-0.15383426239349424,0.030591661758685825,0.031952142391611094,-0.0063786271862552929,0.99946904589977492,15.44324665911936,2.9089676131929041,-0.75997576993160432,0.2098538449409106,0.253820015410272,0.4166666666666667,1,5
0.77538187946513581,0.63116889030465362,0.020218133165682852,-0.61214143973757396,0.74337097853938483,0.26959682123757833,0.15513155305457124,-0.22141684709386686,0.96276101970836325,-4.4053458240283767,-9.2880101731243681,-2.249765568430417,,0.731173505930007,0.3624454148471616,0,2
-0.552209599598663,-0.78046404439401118,-0.29315598837347107,0.81836746063055998,-0.57457291698915902,-0.011860119883762574,-0.15918309424110624,-0.24645859382604429,0.95599105855500321,-17.104066949943775,-15.047483910894863,-3.5970152785274623,,0.1302816389983261,0.4545454545454545,0,1
0.97190763566206051,-0.13895959716778214,-0.18996257025201146,0.17045312430262977,0.9721289994535558,0.16096875733166344,0.16229996967730737,-0.1888264779536902,0.96850569490651361,-15.338181214495309,24.037071498765044,-6.2683492646673997,,0.5227543524782342,0.979381443298969,1,5
-0.60186110926444514,-0.75843463955565482,-0.25008019249244068,0.78135237078574926,-0.62397636752141994,0.011914925189166953,-0.16508082209166905,-0.18822962119937009,0.96815181241408665,-38.451447219557693,4.3415590119471608,-8.0900990329846554,,0.1204400107261539,0.375,0,1
-0.84745823830382272,0.52005444895956843,-0.10657346972084661,-0.51554359620023194,-0.85412771530616927,-0.068415249490114211,-0.12660700907893072,-0.0030357969665868929,0.99194830973638159,13.580529362597222,-26.955697451365602,1.3304457936010683,0.5747222128021106,0.4313604290277294,0.3333333333333333,1,5
0.79122469930346473,-0.5753432078535371,-0.20722854144384029,0.60389647990013717,0.78848362928826266,0.1166302186769415,0.09629390830350136,-0.21742529641513542,0.97131546044651507,3.97603439627358,-9.0186066145537094,-1.2702755985596659,0.1462797443372883,0.1343202905012219,0.5277777777777778,1,5
-0.43205063886760114,0.89071872341307934,-0.14125296887312436,-0.90182425956411139,-0.42787466203791691,0.060301562563337394,-0.0067268354922106676,0.1534386826954425,0.98813527431063175,8.1983570763523748,2.7760350028557781,-1.5596683113089549,0.8310843482121246,0.8048808730854404,1,1,5
-0.97734889277901793,0.12730580283984722,-0.16906322588584724,-0.13365421104291675,-0.99066910610233794,0.026669722249949769,-0.16409050446056445,0.048661635583855715,0.98524431059924467,-0.12653898252241205,30.394470733359586,-4.6287260144178379,0.3600330339897228,0.2818354174392844,0.6071428571428571,1,5
0.77017935474861188,0.63301867999138439,-0.078173603607465378,-0.61140193093968409,0.76761746976255496,0.19222668638500354,0.18169050707793633,-0.10025353309134792,0.9782319708231092,11.018205071292039,1.5629482795149687,-1.1508415747117804,,0.3889343185404456,0.3620689655172414,0,1
-0.0080812314007221459,-0.89127817129602993,-0.45338495240827409,0.9969770206369456,-0.042219190449648947,0.065225457297405892,-0.077275571954709174,-0.45148727703998631,0.88892503882503582,-20.577214095243825,-3.8522449776024867,-4.8550358939778819,,0.5269366212029175,0.5789473684210527,0,1
-0.75230405770079023,-0.60758742705126123,-0.25470791753723498,0.63850112295874084,-0.76767959090138116,-0.054629311673449719,-0.16234198701307453,-0.20372914421534427,0.96547372571703394,-14.114977127221284,-24.193126768207271,-2.4613499319321726,,0.2107620012855634,0.2666666666666667,0,3
0.69088665888602596,0.7131363126338256,-0.11879488278683137,-0.7017729701250166,0.70101228284829986,0.12687189482990341,0.17375362722895654,-0.0042870617966033692,0.98477982215616866,10.825743246425484,16.154823912353265,-2.2964283078739967,0.518393901731396,0.5203690712406907,0.6601941747572816,1,5
0.97476829869739168,0.20214860256698869,-0.09467157089013141,-0.16230517647630685,0.93302849054014425,0.32111503472957098,0.15324422841851656,-0.29764707006888591,0.94229635897408637,-22.234977158617795,6.7002883917936149,-5.8899623355095958,,0.2340609356590503,0.1666666666666667,0,3
0.22674272368407025,0.97249735923600444,-0.05325996184120798,-0.9658133226284713,0.23156673361652369,0.11653958003839557,0.12566766922992195,0.025014678914019244,0.9917569776659737,10.447319648861392,2.1148221789488169,-1.2688566480155778,,0.09145758615164323,0.36,0,6
-0.28010075797175105,0.95358362207686187,-0.11055243593165472,-0.95963477898578964,-0.27509391753682361,0.058518608110047672,0.02539008358679808,0.12248106890869047,0.99214602323168088,-19.803730137525342,6.4041156830496675,-5.5397861189521587,,0.08559345980388486,0.4468085106382979,1,4
0.91309940061451444,0.3827183597120592,-0.14062767059411108,-0.36215325653841068,0.91971752923271677,0.15154103470905625,0.18733526997348646,-0.087443259096274331,0.97839622498381673,-9.0572418786887461,-22.276291396729128,-1.8857610176931479,,0.193512714208499,0.7142857142857143,1,5
0.9269280920631513,0.33740538122157171,-0.16420085525627826,-0.32500788900392857,0.94060969093712843,0.098098325165982353,0.18754781851404598,-0.037563520041211995,0.98153695688585108,-6.93153484804734,-5.8552683686823563,-2.8486794887511127,,0.2368362045826337,0.8681159420289855,1,5
-0.88230893013555345,0.45649270564214828,-0.11465322280060938,-0.45499169131710143,-0.88957508400053376,-0.040481239578924584,-0.12047204088691538,0.016449304573563764,0.99258042885379694,7.222498645018943,-11.68881103250801,-0.68439523321355555,,0.266106888558461,0.25,0,3
-0.9761324606333921,0.14816719553969301,-0.15878256032606178,-0.14753366131813445,-0.98893023582402551,-0.015836901562521266,-0.15937138411855203,0.0079668587873388038,0.98718655333487859,10.993283068452056,0.25798201173794483,-1.0675643248879507,0.5979447731298084,0.5223264260568513,0.9605911330049262,1,5
0.053679864349628306,0.9971051381454632,-0.053849936372488874,-0.99492346227920547,0.058003709959281946,0.082236693983383194,0.085122126205603166,0.049162110561641659,0.99515692758245977,-12.178714031260242,-22.924326765084526,-2.2974114022953267,,0.2254460560098068,0.125,0,1
0.75914633362845507,-0.61880008123401231,-0.20194876479754234,0.64596305686986066,0.75440592685024366,0.11663372879475709,0.080178384230530433,-0.2189935090316685,0.97242648550118016,10.490055458531774,-15.200091761430524,-0.033835388197522027,,0.1997250047600062,0.6046511627906976,1,5
-0.57643678111404151,-0.79438147816151072,-0.19151685182462594,0.80168904053777679,-0.59514820871423146,0.055617370900290966,-0.15816232060924518,-0.12147706293031048,0.97991224276530176,-11.285659486745873,17.602831487718195,-5.183573377545132,,0.2733905172667599,0.8243243243243243,1,5
0.77537374767228606,-0.60027761097165566,-0.19611818168338471,0.62504873765215407,0.77378870861936866,0.10278672079903868,0.090053467340707433,-0.20228154680873084,0.97517821388738213,7.4786085282950143,-7.4197694673233592,-1.0167240085336811,,0.09359584930722678,0.4375,0,5
0.96652067980140366,0.22495715752942325,-0.12341820284104786,-0.20064641250097637,0.96243268644201907,0.18293261387321005,0.15993371335250073,-0.15204473468120863,0.97534794098772792,30.716091817058548,21.610634623443033,-0.78745477369429662,0.5405419830163427,0.7498221680912878,0.1578947368421053,1,4
-0.96185320230658788,-0.15749337734528907,-0.22368337735499361,0.20225941123386945,-0.95995873136698373,-0.19383076288251996,-0.18419974967379998,-0.23167880819070524,0.95519389762259466,17.109398380340274,-6.991750481892776,0.14283770737323789,,0.7057123803602743,0.4571428571428571,0,1
-0.3391867704951726,-0.89585968200102528,-0.28703268957747091,0.931635305821499,-0.36219293044244288,0.029528597738418816,-0.13041469115071633,-0.25739407783112922,0.95746555918713117,-17.287098520938443,-16.523545423279511,-3.4834874350668326,,0.2738488186907722,0.4615384615384616,0,1
-0.39441956417280249,-0.85275361972376318,-0.34240980045225988,0.90915071489147647,-0.41633796280938357,-0.010376817240848314,-0.13370933030291615,-0.31539493460065604,0.9394934008380228,-9.7639755665553629,-22.911990736201247,-1.9819855817851679,,0.1888897182669711,0.5555555555555556,1,4
0.0782269540091972,0.99155222954739275,-0.10346361556623677,-0.99315701566327197,0.086536849011010608,0.078425225546818342,0.086716122522093556,0.096620649153483937,0.991536567279237,-18.224739945951402,7.6254654739368846,-5.4236184062835839,,0.1526174640852501,0.7325581395348837,1,5
0.97779529793702591,-0.11514761295935894,-0.17509249716079653,0.13289233211198129,0.9867374618580016,0.093213783486492563,0.16203698157544374,-0.11441244947902122,0.9801294853263669,-8.9000673510866015,0.95438943408986598,-3.6105768691283124,,0.3535717171641893,0.9666666666666667,1,5
-0.85955970258865633,0.49407801592695644,-0.13055279339555073,-0.49809249113995885,-0.86712115403713352,-0.0021850609369133212,-0.11428467944431117,0.063149175758599033,0.9914389510430377,-30.513237896878451,21.962548245573842,-8.4482621881526239,,0.1933382667759235,0.5,0,2
-0.79734270229060533,-0.56274096824673669,-0.21809910077907504,0.58179969257745645,-0.81278480723737212,-0.029832446109657212,-0.16047969597644762,-0.1506766729816984,0.97547055691008622,25.576844762534225,-3.9481801624907233,0.71107788470472466,,0.2525888787309232,0.1428571428571428,0,4
0.67232847051256039,-0.68119056077415263,-0.2897479036169826,0.73554128417891107,0.65883969085622573,0.15782674368088115,0.08338733121211446,-0.31923295829952758,0.94400046150870742,-20.933634931180542,-29.618103568924802,-2.9124576149081021,,0.3128877318135602,0.2727272727272727,0,2
-0.75880602654529949,0.65062306932108682,0.03005055316865549,-0.64587310913770291,-0.74571009389585818,-0.16359823579313729,-0.084031785482225368,-0.14354817145835877,0.98606925796296396,-26.484239925052272,-1.7512277110120527,-5.8924399084894841,,0.6512473436683592,0.6097560975609756,0,1
0.9809753564507081,0.092085862677145205,-0.17090214724049541,-0.075744423385613935,0.99211987476379027,0.099804491004471793,0.17874599957030338,-0.084960861540398586,0.98022013835868838,-5.4015840584930945,10.679054505123192,-3.859456073063948,0.4489936083178075,0.396109148243018,0.9656862745098039,1,5
0.83018089449942334,-0.51761483744527159,-0.20706173587759588,0.54688548920222657,0.82824000289935884,0.12220785284633634,0.10824021483801428,-0.21469368331130662,0.9706650700617826,-8.8571009650208303,-24.509648989019016,-1.7406428107521086,,0.179106360888673,0.4615384615384616,1,3
0.8521173616008697,-0.48624252774733251,-0.19355672622840403,0.51152405126359357,0.85198756452810487,0.11162587006760133,0.11063067855370534,-0.19412726263807745,0.97471814329240514,-18.185644474599872,0.43502901367117219,-4.8680321406386531,,0.1381383443165788,0.4090909090909091,1,1
0.053341017565425024,0.99068289190388081,-0.12530819420153402,-0.99520209971092299,0.063047839391374774,0.074818117318266389,0.082021439734105486,0.12071610347026511,0.98929273007886864,16.95049803678652,-13.078991157845593,0.56235906613915765,0.4271273546781061,0.349360796041147,0.875,1,5
0.84195381230262645,0.53798078898513191,-0.041115065754636901,-0.50636722214335517,0.8141871765030092,0.28406245432453642,0.18629550259707056,-0.21834814471616737,0.95792383486951194,17.101188234176728,7.4162268782622238,-0.96832671424545003,,0.5753191183749778,0.4146341463414634,0,1
0.73305114186345588,-0.5886858871365036,-0.34071241494696269,0.66499031871024683,0.72553753285723976,0.17715294080842722,0.14291220883580191,-0.35643262294820532,0.92332653263292208,-16.774956905815333,3.3072650958835288,-4.905227967748818,,0.5436400111495494,0.8061674008810573,0,4
0.45882503891870707,-0.86769936680120607,-0.19125216995901623,0.88842200894672241,0.45132044311880576,0.083762710331711787,0.013635163376957206,-0.20834506587829335,0.97796033449412079,-5.8329705168810912,-7.9619321437048116,-2.5381742369863591,0.7576575162836393,0.6205230241443116,0.9967663702506063,1,5
0.69861838234235007,0.71289927083033389,-0.060885018706869465,-0.6937649184811816,0.69575654299010248,0.18604588351065671,0.17499312483111162,-0.087735184139771771,0.98065281508075175,18.179850605212724,-7.3705202476178329,0.27723547482612126,,0.4164566155409516,0.3170731707317073,0,2
0.96737278473241928,0.19136276011884717,-0.16604273365234026,-0.17666726475322261,0.97924845738415522,0.099303254102612593,0.1816000355827615,-0.06672894986772851,0.98110584257045919,-20.102787152843405,3.3794654385223373,-5.3463759521307592,,0.1950271102686,0.5517241379310345,1,4
-0.73243597216812595,0.66199555811066568,-0.15905793823597816,-0.66612749656003956,-0.74508066473429679,-0.033600020323695051,-0.1407540585588436,0.081343002654479191,0.98669732487646211,11.193144128739618,-22.996833377755902,0.70714361969936712,0.3317995771933947,0.2462244096704611,0.4857142857142857,1,7
-0.72607017087890224,-0.59290947895398671,-0.34825343749401061,0.66018495664362842,-0.74271800595934656,-0.11191866084448915,-0.19229646377750539,-0.31117248173687395,0.93069530815857382,13.447257302856327,0.52690512929480271,-0.82189648905420321,0.571701282849581,0.2789169143358197,0.4722222222222222,1,5
-0.19466876127245006,0.98065012501865845,0.02072210620421076,-0.97980568296258064,-0.19539777575404788,0.04243268627603735,0.045660672562715506,-0.012043318947021129,0.99888440845267967,-18.902266325655685,8.1744618003961502,-5.5521088957557243,,0.105543089813516,0.25,0,4
0.068685917918247019,-0.92154937306026075,-0.3821374068211198,0.99656828285720411,0.045643054137437161,0.069053379439767512,-0.046194180182933788,-0.38556901408340521,0.92152191134881811,-17.249817078680373,29.014128139883745,-6.9618597561344844,,0.5200367838825845,0.2307692307692308,0,2
0.20239294642693442,0.97429170586832148,-0.098958411026149981,-0.9734895470067596,0.21115686153597699,0.087925432582674559,0.10656076719505315,0.078539491356085234,0.99119945076272575,19.79480839721187,1.3719745476890026,-0.21196700354500383,0.2661769996288165,0.1974817868302134,0.24,1,5
0.63717880018883821,0.77031326019638013,-0.024913003743725202,-0.75953687915039281,0.63309404759372345,0.14931730010911926,0.1307933706286096,-0.076219473017194339,0.98847543527018777,17.661176871622388,3.5434201780157575,-0.58262556381761521,,0.3874070313909173,0.1666666666666667,0,5
-0.97931131288720452,0.13266207808769209,-0.15280747851003368,-0.11948947602918383,-0.98852464087604541,-0.092419151149295095,-0.16331447446387118,-0.072248234707432524,0.98392508607731344,-20.834372875264126,8.5966200017107006,-5.8613844907072483,,0.1235064648799434,0.3,0,3
0.84721494716610779,-0.4298548383300867,-0.31217247037902635,0.51992034470789728,0.7916048478709915,0.32100560740579798,0.10913142744943022,-0.43426556712610676,0.8941497350843931,11.39508294050264,-17.561059941836294,0.27918112635322706,,0.2402063323377241,0.3636363636363636,0,1
0.95677605424445022,0.27238486215489371,-0.10191206451289571,-0.22440356611542084,0.91434815716369233,0.33706154780105368,0.18499357161561861,-0.29962298703574064,0.93595055644017733,-15.941625683847921,-0.21636868217578542,-4.4931301005389646,,0.5702339989156634,0.1354166666666667,1,1
-0.55561181063288889,0.83141555145543666,-0.0066103466848796066,-0.82952279008217544,-0.55485175269433662,-0.06349388369209423,-0.056457564767932497,-0.029794518456826749,0.99796033490835667,28.606302492722502,-9.7736138785334763,1.4776303399038555,,0.5061377989382736,0.53125,0,4
-0.73679293633836673,-0.57495399330426078,-0.35575844971746223,0.65201487286713244,-0.74345589310758031,-0.14882856098097458,-0.17892114051152602,-0.34161563282012503,0.9226516053695244,-16.174173667472783,-16.403113579423088,-3.3111342409480691,,0.4853284423127639,0.1395348837209302,0,1
-0.79064930996445837,-0.53506808977977149,-0.29761688116125767,0.58080665782139596,-0.80926696459203573,-0.088037527511481209,-0.19374543835421704,-0.24246467643642702,0.95061747606359159,10.08261388011244,-24.316887090367455,0.67566301268522277,,0.5352327632076468,0.3928571428571428,0,4
0.60926884344075749,0.79248510209098155,0.027547039336525591,-0.77540901540592089,0.58815192332759314,0.22982204836192971,0.16592870529110398,-0.16138363625194224,0.97284273482948858,17.663561884443169,8.9962721937130006,-1.0175273136162069,,0.5167015521588094,0.2888888888888889,0,1
-0.13002877111553465,-0.88594540259161014,-0.44518901863025873,0.98666579365894913,-0.15994772114773007,0.030122053764688458,-0.097893464059347346,-0.43533604276057469,0.89492982941011823,-31.289742173484321,6.1731331402168408,-7.1517556177056107,,0.472543714246446,0.2727272727272727,0,1
0.90097784392458913,0.40717329633617239,-0.14982934127778583,-0.3910744129545472,0.91170053402592166,0.12594816310334259,0.18788221919398329,-0.054882082755535432,0.98065703928700743,-14.838339987778706,-36.523363384910652,-1.5398004182205247,,0.2327623661077316,0.3,0,1
-0.45683567106073392,-0.85082741319726907,-0.25960331777258189,0.8773325845239156,-0.47915092221852623,0.026493959117536416,-0.14693095582304949,-0.2156550641398873,0.96535184649522765,-10.028501474366539,-5.3949222053867354,-3.2913525523559595,,0.2583752235245536,0.2804878048780488,0,1
0.26168185386641024,-0.89630522386152434,-0.35799378910196317,0.96473141659385986,0.23193097853149519,0.12450427717241909,-0.028563984208126371,-0.37794836535691673,0.92538593674757763,38.384190094586025,4.385737965012229,1.4420710497441009,,0.301842754890262,0.1111111111111111,0,3
0.91631913376993435,-0.35013875509623577,-0.1943247211930958,0.38337007177341847,0.90723487626154042,0.17306723364967364,0.11570061864813055,-0.23308309993297466,0.96554939561374797,21.838465901513679,8.8493875600207907,-0.63924808020238832,,0.1585608886901712,0.6,0,4
0.49802415684100537,-0.79028462684811396,-0.35696238985408918,0.86638775590670214,0.47086999873331642,0.16629401885767114,0.036663273418428718,-0.39208628241807164,0.91919755848338813,-0.065643040329023655,-21.868974067537462,-0.76374907261447234,,0.3873891426995976,0.3095238095238095,0,2
0.94740788303183088,0.27809962992866721,-0.15836318701857963,-0.25145905959736858,0.9529726233137451,0.16914940307587464,0.19795616816747691,-0.12043161980167809,0.97278444705720502,-11.562757097606688,22.38598011858188,-5.5913867004841782,,0.1366694751402587,0.375,0,4
0.43045609075802721,0.90148875013987106,0.045006525088821421,-0.89147478057473717,0.41680750732841731,0.17760691831653419,0.141351581273581,-0.11657416182810394,0.9830718159247237,16.539747713526413,-15.914111369134263,0.69604272737147155,,0.3837561882163227,0.2962962962962963,0,3
0.064389270334907961,0.99771618609968504,0.020406711161747883,-0.9941456697029053,0.062354023489999452,0.088240371517648172,0.086766406383473868,-0.025968976670432183,0.99589015607846554,30.663914037855513,-2.3254459240007881,1.1108813181030961,,0.4795508532711865,0.2222222222222222,0,2
-0.7644873603440171,0.63803925721865962,-0.092005337465272535,-0.63715571730685649,-0.76956099174666981,-0.042526131790554172,-0.097937060285790134,0.026111036550542685,0.99485001180722432,2.8983185552707798,-16.953597129949092,-0.76949729821112722,0.4441905214129904,0.2346871568716042,0.1111111111111111,1,3
0.8123964034341804,-0.53338209036716655,-0.23561754892783141,0.57488536986898076,0.80025387240551071,0.17058883671151628,0.097564825617700315,-0.27403883917345567,0.95675692807873158,9.5111054225215614,-14.850133135880361,-0.18734538389464167,,0.09602439946762233,0.1363636363636364,0,3
0.26025842390728787,-0.8881576049602351,-0.37873687638860037,0.96442961039358366,0.22032729615965288,0.14605276157285504,-0.046271798985722146,-0.40327651967139888,0.91390752776216311,14.464479012379746,-15.666208494152714,0.44900544297999356,,0.3193082017681708,0.4285714285714285,0,4
-0.14047706987520364,-0.93006955323569018,-0.33946549012121952,0.98208970833019238,-0.17437877298599594,0.071357188312144548,-0.12556272389205936,-0.32336151545269132,0.93790795534153792,14.031357624952742,-14.356656516218571,0.31962483052984031,,0.4696462064900854,0.2727272727272727,0,2
0.35528673229387614,0.93427853698476848,0.029915768175668864,-0.92528208548043667,0.34695990466979471,0.15320537471153203,0.13275692126933966,-0.082112361317451199,0.98774144388800389,9.562448450681714,-12.268161234445294,-0.34709351358068685,,0.09047474817403334,0.3846153846153846,0,1
-0.23883924449430641,0.97105824959488529,-0.0013004549610309498,-0.9705340977243887,-0.23866586480975316,0.033198947708004314,0.031927737841806213,0.0091913474708211762,0.99944791694613833,9.5928049912857869,18.135431916334845,-2.5557134468618581,,0.7598019023974356,0.2,0,1
-0.9581313454537751,0.26674775092403114,-0.10406710448508555,-0.24415169036547565,-0.95099313941069941,-0.18974193233300563,-0.14958033610946178,-0.15638953344374754,0.97630325047017408,0.60947915643448247,-11.024772969371988,-1.5117077144306088,,0.6724411743015504,0.3197278911564626,0,1
-0.057807372185869788,0.99829964206531419,-0.0074921541115418851,-0.99585988739580167,-0.057135491744920171,0.07070092120395545,0.070152636422204998,0.011548170215793118,0.99746942177075371,-5.0140460176258719,-21.202269085336244,-1.4714770590209538,,0.5073911384746479,0.2,0,2
-0.57666440663240981,-0.75291313942991667,-0.31714344798068717,0.79611872881273105,-0.605036728725725,-0.011203862123192881,-0.18344789929811894,-0.25894470716093348,0.94831139763078165,31.324078546541436,-0.31563457117095334,1.0475171438705722,,0.3165662949691035,0.7368421052631579,0,3
-0.92300250594021216,-0.31876718328014519,-0.21553156820227373,0.33598953613186089,-0.94066020088362923,-0.04763840974956831,-0.18755640655009914,-0.11638672319991268,0.97533416069816881,-14.706534657298164,21.434748050297866,-5.9930832102117382,,0.4625365064281442,0.3260869565217391,0,1
-0.98294524926698024,0.10991995231414615,-0.1474321573698554,-0.077897561743624805,-0.975097569904396,-0.20764560925032657,-0.1665851338441463,-0.19261965956204202,0.96703002018155071,16.119143811142827,-13.860788594021795,0.53789288445835193,,0.2700732987828501,0.1111111111111111,0,1
0.50860176035384175,-0.75756724865748726,-0.40916514163171275,0.86007093487576181,0.46911105673058456,0.20053130288074369,0.040027944575105778,-0.45390161953295605,0.89015228103872934,21.828661718543245,-13.6058193697002,1.138799307199563,,0.2941839333371556,0.1538461538461539,0,3
0.82572477215925699,-0.47972676827660338,-0.29671674782767232,0.55464189334876746,0.78630095053692117,0.27221900250943154,0.10271791851979245,-0.38934951262794931,0.91534473627772661,24.089043729246573,-12.778482809048244,1.3194314804299327,,0.3632183704058354,0.2666666666666667,0,1
0.92859249450319692,0.36463287303976211,-0.068984397156883592,-0.32033919198272531,0.88144716092571784,0.34703559554582519,0.18734668727304649,-0.30015624330464891,0.93531141785667038,16.199076392573588,-3.0319034165905419,-0.24527519409629722,,0.6151922182241675,0.1111111111111111,0,1
0.97757644150204104,-0.088747321254636566,-0.19096652583720922,0.12868958728381674,0.96958733534999864,0.20818114528845,0.16668320594747413,-0.22808838659391709,0.95926659316170093,3.109888306995324,-15.319945020044253,-0.87365152116162015,,0.1398216405376367,0.16,1,3
0.28776375638791413,0.9545636995807566,0.077460725223914811,-0.94957282622568795,0.27387088771334689,0.15266363207018607,0.12451292384035914,-0.11748566000070346,0.98523786543703351,18.372466915371007,4.2835358124264866,-0.56519391331517899,,0.5249858525094928,0.2432432432432433,0,2
-0.91933901536128138,-0.34445749364841505,-0.19017047589991906,0.34476578213736608,-0.9381246951559391,0.032536315184521283,-0.18961099731228656,-0.035652368897848612,0.98121179074153597,-19.505759834978075,1.6901106119667586,-5.1276282902036332,,0.08331193308635966,0.3333333333333333,0,2
-0.95718350120156381,0.27342933165407035,-0.09505864305114034,-0.24812381841928458,-0.94408204139334495,-0.21712593085950915,-0.14911175594348536,-0.18424304521414878,0.97150408364024254,-19.031759016755018,16.688638925879609,-6.2774018181379523,,0.4678648548662172,0.3658536585365854,0,1
0.36509335657617686,0.92672201059428916,-0.088843435683332694,-0.91343793773954973,0.3750162404888393,0.15809476040569914,0.17982762546966741,0.023433617938656622,0.9834189802257457,-14.053712518717365,36.37869618022615,-6.9825491879432366,,0.2756796284132383,0.3125,0,3
-0.41012697902291756,0.91014279998063818,-0.058616932032790232,-0.9120272102323429,-0.40917327905400763,0.02799277592520235,0.0014929411718515755,0.064940829618913273,0.99788799961471741,26.854685640953566,-13.34289766989515,1.6400708151530587,0.4723190291635525,0.3023405831690829,0.625,1,3
0.20167140203334091,0.97480275794584559,0.095332201815962858,-0.97424686825309792,0.18962461728789456,0.12200632859589708,0.10085477331756329,-0.11748228640774927,0.98794039652170818,14.952070677402466,-18.300652559105359,0.71940949836390644,,0.2945640913261488,0.3076923076923077,0,3
-0.98249719911290612,-0.053596996496225846,-0.17840015611505777,0.056205750093684795,-0.99837307748309945,-0.0095974899494652051,-0.17759551624886175,-0.019456621585141127,0.98391121168771711,24.862773827060813,24.804597718957339,-1.7739797963624122,,0.5700293308912843,0.4705882352941176,0,3
0.30336952146994739,0.94988965196669217,0.075343098752906582,-0.94462306025612053,0.28941918016192691,0.15467324328001325,0.12511677535588608,-0.11809397631121217,0.98508862813634701,18.610706336423995,7.7403626717443377,-0.83961503958093964,,0.574953230976962,0.3783783783783784,0,1
-0.34502282516536054,-0.86564420056790503,-0.36279383696262762,0.92891050591616264,-0.37030426384389087,0.00015549151971580734,-0.13447870505582596,-0.33694935851279872,0.93186941557512304,-18.383589112407012,49.54942822522581,-7.2539278216270988,,0.1849962570556371,0.2857142857142857,0,2
-0.96888713641214441,0.1730889769339953,-0.17691218996727573,-0.16779784701620637,-0.98481382573586629,-0.044560197219184736,-0.18193844956962896,-0.013488317294225373,0.98321740518807432,24.019763259581822,-15.56524834116647,1.5257550883541025,,0.2150867767379345,0.1176470588235294,0,2
-0.81834731857322929,-0.52911545755730782,-0.22437579806638117,0.54412614675599447,-0.83898132433229189,-0.0060888289602008313,-0.18502541068858266,-0.12707151527999255,0.97448367221004117,19.126659510976662,-3.5507069606400803,0.090218956065811998,,0.580215802967169,0.148936170212766,0,1
0.43244696005043148,0.8953820074634472,-0.10621058070582269,-0.89295188179901708,0.44162017730347747,0.087227035889336516,0.12500625398249102,0.05711987140367733,0.99051035166528811,13.572305629126326,1.7350078820767134,-0.91776558974578537,0.7635346176006496,0.4732060159606236,0.2678571428571428,1,2
0.70715283779899718,-0.67959855616178377,-0.19514268230103943,0.70352924715006937,0.70384206545243111,0.098249403581460892,0.070579475750973952,-0.20676592892078444,0.97584137452776787,15.892474296631244,-11.728350437041948,0.37605689875287435,,0.2201101732737581,0.6274509803921569,0,1
0.98708276217028157,0.10017096903733766,-0.12503358584160026,-0.055454507300942486,0.94581005642932048,0.31995020671532004,0.15030774513077433,-0.30888365790259442,0.93914773472250668,-7.5893080133092221,-10.111064249006487,-2.5996549985473814,,0.4008718526977001,0.28125,0,2
0.58910024961041629,-0.77829157337193022,-0.21730881879756037,0.80696822549752922,0.58060617493572264,0.10816077229697538,0.041990224413715541,-0.23907884984823505,0.97009181246360976,27.3258137525637,29.394193919047439,-1.8130298160178826,,0.1520961001951609,0.3571428571428572,0,1
-0.09993865536676147,0.98432239729542614,0.1453330084532421,-0.99329949740111778,-0.10721837696824731,0.043131520990834074,0.058037691426964945,-0.14004869804065045,0.98844220293902296,14.118224371462478,-0.64501142249012089,-0.65065706734586282,,0.5587526231255588,0.3846153846153846,0,1
-0.60838115506619295,0.78991951935695204,0.076808353056203024,-0.79228208707052716,-0.59881617893262229,-0.11708235714958481,-0.046491554797555734,-0.13208458194435541,0.99014756402522663,26.011887916615922,-1.2032596026580995,0.60140627116981671,,0.4377458030330366,0.2105263157894737,0,1
-0.64637129888255762,0.76165432963810564,0.045681792044560549,-0.76073333043686531,-0.63864105099079937,-0.11585511620900207,-0.059067283188831116,-0.10963708374858515,0.99221508047589924,-17.053293511488679,30.796199027712728,-7.0407728907160658,,0.4723025631537376,0.103448275862069,0,2
-0.97682539016163761,0.056514909951202778,-0.20644181284025592,-0.026954725734694443,-0.98931370317192135,-0.14328935576945731,-0.21233369938879515,-0.13440409841022763,0.96791008799082257,14.442984748798461,-11.991694019889534,0.19902262622307362,,0.4192292360824177,0.6956521739130435,0,2
0.94885346853772901,-0.22878155117775095,-0.21756860316834301,0.2803473544162961,0.92747861885695515,0.2473636441253636,0.14519798936522985,-0.29570663402077757,0.94417960710894266,12.261202449304916,-23.325841694117099,0.85699343056988975,,0.09995111508572985,0.4444444444444444,0,1
0.94947115076384692,-0.24908813036468755,-0.19094406819432949,0.27810234536850631,0.94970014346654819,0.14397473042223133,0.14547721253760756,-0.18980184617395768,0.97098488135564975,13.259826078308889,-17.016893852007598,0.39068370589032086,,0.2677254775319845,0.1428571428571428,0,1
-0.243403276355355,-0.85275317588283583,-0.46213295281900862,0.96296502332860046,-0.26944075067786655,-0.010002285733552637,-0.11598796879515821,-0.44745245881086099,0.88675424340619213,-30.353775266743781,15.389872229877192,-7.8422520312196164,,0.2933999189739463,0.4705882352941176,0,1
-0.98152027694203448,0.09213353336843777,-0.16771809079725661,-0.097136098465952517,-0.99503114526432812,0.021854023171271691,-0.16487123559445602,0.037741647857568159,0.98559273723508678,24.624000660072586,-11.401912031139126,1.2479843280523228,,0.170912618199895,0.3125,0,1
-0.21657395796280737,-0.8970955462325001,-0.38511725702977423,0.96984323164661257,-0.2428775661091564,0.020361579264574454,-0.11180262412653576,-0.36909357730893305,0.92264299944654415,1.0640429651649672,0.72501490732530138,-2.3023661147016226,,0.7253912908388015,0.2573885008060183,0,1
-0.2904051586232223,-0.82752762644056321,-0.48048191570824905,0.94894359481957391,-0.31368415880145367,-0.033291175526385747,-0.12317019808348691,-0.46561816544747497,0.87637253854134578,-1.2095663284678273,5.2690698846670738,-2.9156979048651457,,0.1549444577371915,0.2763157894736842,0,1
0.43685114993050511,0.8949506868644812,-0.090688151845694703,-0.88789613899770825,0.44516698299875984,0.11604655790131696,0.14422731765292382,0.029826587611962954,0.98909496789442208,13.151799719552763,-18.620756083201037,0.56537754314314914,,0.07575571687076496,0.4166666666666667,0,1
0.21777363353586415,-0.95094308973492447,-0.21973139198117073,0.97533550671602409,0.20373666263279813,0.084923622380619984,-0.035990191380205851,-0.23280595435822776,0.97185703359072884,8.6254506648091969,-24.633415172314379,0.52629861194381033,,0.1594968599331126,0.1538461538461539,0,1
-0.57689441057523683,0.81514200166869932,-0.052310191766010324,-0.81587900279685732,-0.57811891265390891,-0.01095333862657377,-0.039170037557503791,0.036359867263356702,0.99857081281716586,7.6949595136851769,-27.468260832420523,0.6356483492198528,,0.09254984457222673,0.3333333333333333,0,1
