axis_00,axis_01,axis_02,axis_10,axis_11,axis_12,axis_20,axis_21,axis_22,location_x,location_y,location_z,dbh,dbh_approximation,score,reconstructed,number_clusters
-0.54223340682406396,0.82051954654075265,-0.18091601993335715,-0.83311306970092769,-0.55299230888008122,-0.011050765266428163,-0.1091125364816799,0.14473140662632503,0.9834364617597311,7.5792603849964353,-14.004213182970624,1.4609795018172533,0.5237952281087762,0.469134241927761,0.4545454545454545,1,4
0.52602148416087846,0.8238347957941925,-0.21118150354594936,-0.8266554845766606,0.55362930333077365,0.10067424850878454,0.19985521764645753,0.12161753053003259,0.97224846014136934,7.6714136213053976,-10.139265182751007,1.1936533257112538,,0.08984673884004944,0.5454545454545454,1,5
-0.67312420282056207,-0.56662775222908279,-0.47522289294708947,0.69987914007027641,-0.69568365112181663,-0.1618438965679882,-0.238899553937788,-0.44153963351621828,0.8648524470467146,-15.949916236458904,13.799232294112354,-7.799054099126054,0.8568462655947321,0.76544201111443,0.38,1,1
0.95860631401383567,0.089482850928510688,-0.27030862753991319,-0.05741969759076513,0.99058285431881976,0.12429234513099728,0.2788851252064023,-0.10362638717664434,0.95471705694374376,-2.1019706169712298,9.5413704665819523,-3.2843529764141337,,0.1677576996960543,0.3620689655172414,0,5
-0.45452995567045329,-0.81607731165786535,-0.35695985880136205,0.87396296972814269,-0.48598923593378751,-0.0017860852331855277,-0.1720210654024166,-0.31278152751364019,0.9341180166895684,-10.11277445672296,6.6537338576574996,-5.5341519202316887,0.3108794466268048,0.3743186113822788,0.6444007858546169,1,5
0.23245452358792726,-0.90079571260961888,-0.36678601201196209,0.97242979081518888,0.22245612781009991,0.069954078757889546,0.018579461742427365,-0.37293478698542709,0.92767151958950234,26.022645307876083,-2.5305278639847861,5.7206998572097545,0.1825418629538793,0.1281617133844043,0.4782608695652174,1,5
0.70823675269641695,-0.60265008452184876,-0.3677139890673779,0.68189910001403686,0.71882731440476266,0.13528085402481671,0.18279584111812178,-0.34655471096415041,0.92004647316234711,27.030252168641287,-1.0764104212268322,5.9927338847794731,0.2879478716049305,0.3916129039613333,0.45,1,5
0.91065349400934981,0.31348861090263463,-0.26913770579928048,-0.30013342332199133,0.94959048269374025,0.090541942670187503,0.28395447179712774,-0.0016751154604354407,0.95883630090574301,-11.71442240532337,-10.963040186949762,-4.6360125320678138,0.6174487967338697,0.4839206480670997,0.8961937716262975,1,4
-0.95233150575562753,0.13428733699339956,-0.27391899216454629,-0.11990835222919038,-0.99040802396295224,-0.068658088638415465,-0.28051147964192136,-0.032540085940594349,0.95929893807721833,-13.748197870396439,11.237236198361847,-6.9993504782882745,,0.2175808365545263,0.3333333333333333,0,1
-0.91360890070466938,0.34773902250236877,-0.21070441092275116,-0.31357362750653317,-0.93248395321667232,-0.17929098450787084,-0.25882495375369147,-0.097730492797819438,0.96096742613467157,-11.802835986168546,16.73869742182848,-6.9509518999621136,,0.2646907486917532,0.2,0,1
-0.47148401080805863,0.86444607322195111,-0.17445863132415015,-0.87841839279062151,-0.47785206816659798,0.006207105287185443,-0.077999709996176489,0.1561742214325216,0.98464493996590385,26.840324971528354,-10.621595315908685,6.6196439985514139,,0.2442618163243242,0.2962962962962963,0,5
-0.082144100580455376,0.96813196154601233,-0.23658582327117283,-0.99639672833975623,-0.074748285672726442,0.040078093053661931,0.021116498139074541,0.23902551918583734,0.97078364978211451,15.824944520910385,-7.7199610498563738,3.3435394076231706,,0.09840801312918543,0.2105263157894737,1,5
0.63361134810268194,0.74252459735929988,-0.21724152888412313,-0.73636661469790243,0.66493258181568471,0.12501548063451218,0.23727804010032721,0.080758181977660368,0.96807915364902375,-8.121868484267754,16.725193379950905,-5.7999602073572634,0.6984328173131418,0.569793748240264,0.625,1,6
0.89210639761745114,0.37470762016217263,-0.2524685618496243,-0.34739322177271675,0.92612486300599806,0.14700573998485833,0.28890158323620968,-0.043438894029714209,0.95637280267115965,-15.113918059538801,10.727078355620263,-7.3386842983346439,,0.0752536923320244,0.391304347826087,0,3
0.32333245434958213,-0.84669826962819505,-0.42256143242479693,0.94504630887760377,0.31177087012540633,0.098419503240282341,0.048410722377303414,-0.43116234152563443,0.90097471507753224,-15.011472752669984,23.454975039584191,-8.4424121041112592,,0.1961713680698811,0.2222222222222222,0,1
-0.72014767026759319,0.67719609945789039,-0.15097276538229598,-0.66646874630968089,-0.73567678403780412,-0.12082665111719861,-0.1928904953608675,0.013605598362958398,0.98112595750628562,-15.243869752286232,4.7646290087735546,-6.9748817480147469,0.7164540177036335,0.7598679244808471,0.7009646302250804,1,4
0.44011635004874033,0.85837284723858709,-0.26361648951326522,-0.88016289074622656,0.4705222410657392,0.062626722856315056,0.17779449983906137,0.20446240677933231,0.96259245791819015,-13.808979828186743,10.058628246604943,-6.9274133324512217,0.1211743910579844,0.1287742217617374,0.6153846153846154,1,3
-0.36814792164897336,0.91108813893819707,-0.18543330572385261,-0.92799350804068836,-0.37237697344972526,0.012784313777488825,-0.057403456515091551,0.17678742243315013,0.98257368703296999,19.829431421248565,1.1759237090640506,3.8689663810949884,,0.1086442734977256,0.1428571428571428,0,5
-0.92417393876592591,-0.24117846309677946,-0.29620175530228088,0.24883891603867145,-0.96846848488205006,0.012165017672294236,-0.28979600544275258,-0.062463931420810088,0.95504792157298712,-1.0456859815416362,-12.340269664615596,-1.2561911859986512,,0.09994383816605772,0.5277777777777778,0,5
0.95545677158076892,0.11149245021307108,-0.27326139717483333,-0.078698557544477327,0.98862154374867106,0.12819508678734359,0.28444488865310047,-0.10097958596410381,0.95335944351416857,5.5107242435821204,-6.7987791881419826,0.209039337507961,,0.9251266826864031,0.7111111111111111,0,2
0.55096926465038221,0.80718845494986402,-0.21184821832214568,-0.8094652607429782,0.5786606022028763,0.09958864949634362,0.20297502570739651,0.11661348830154603,0.97221521963258017,-17.812912959101915,7.7684690733874229,-7.956153414833949,,0.1222861778797501,0.2380952380952381,0,5
0.940329345627409,-0.14862182371631258,-0.3060919392391222,0.19452341323111316,0.97287360672760792,0.12521017146275926,0.27917980488718513,-0.17728084738079664,0.9437320264222786,-34.959018343102144,7.0346644150800923,-13.583545384951512,0.4618716110918629,0.3479943185886077,0.8709677419354839,1,5
0.96047241184321774,-0.022191948307088677,-0.2774892133370408,0.052247407747794863,0.99347367879358794,0.10139160679253846,0.27342815230277567,-0.1118819331915237,0.95536353214554892,12.600802657115119,3.4448177521306529,1.5634993707820994,0.2492107591493763,0.2424655330267209,0.5238095238095238,1,5
0.70809872438969101,0.65261448771908082,-0.26961180785873523,-0.66109836499618091,0.74687670444509902,0.071583099657712215,0.24808294644547904,0.12755202380358807,0.96030481249785471,-9.4516996390672592,-9.3807685122807616,-3.9616330337506165,0.1866831562056849,0.1781489800930908,0.7486631016042781,1,5
-0.94167233607887479,-0.13440087811659027,-0.30852814365183101,0.15985480471967911,-0.98539717755054723,-0.058641656554439141,-0.29614127181429584,-0.1045409318731423,0.94940588827503447,5.971177253448694,11.646683724564308,-1.1268626735036456,0.4795519553693852,0.2035696489083124,0.2424242424242424,1,5
0.28534041228747209,0.95455381321832034,-0.086068965289353691,-0.94886492996377314,0.2940055367169494,0.11496125027426728,0.13504145215621641,0.048864732170994352,0.98963429818766768,-26.926970505661505,13.40884226582587,-11.335443133400842,,0.4593332296152933,0.35,0,1
0.67284232773641106,0.68806582882215339,-0.27175102063015544,-0.70068522708775394,0.71056915344979177,0.06427822886972577,0.23732554550075438,0.14716281246608931,0.96021856474442313,-9.7222000904724091,-7.8968476628237401,-4.2710563340109848,,0.07636593345103085,0.2391304347826087,0,4
0.93856126918357352,-0.12753322923391214,-0.32068367502835121,0.22200044631315258,0.93455311335567426,0.27807603304487832,0.26423199243331574,-0.33218331348577051,0.90544779000024833,24.773374246404966,10.085082082582181,4.4293431384911086,,0.3539752646425764,0.2307692307692308,0,2
0.42405032129608666,-0.83010037463491892,-0.36209762915497234,0.90186216252166707,0.42353521605706196,0.085220658124886869,0.082619397361798227,-0.36269999833259459,0.92823636342749904,-7.2994984233158275,-19.02768690156358,-2.743531991976778,,0.07222253914129317,0.28,0,2
0.95087853686459767,0.15719789232050141,-0.26668114065346565,-0.10270394621080357,0.9728774670663668,0.20727115937162663,0.29203066202535966,-0.16970049123241182,0.94123314630993948,7.5366845819322599,-8.6842128007064368,1.0066834672962761,,0.08791128426182057,0.1666666666666667,0,5
0.80326788651842607,0.53716713849203501,-0.25731725129206018,-0.52598800656677958,0.8424487589352494,0.11669064022604658,0.27945897630265459,0.04161194411149529,0.95925550645859503,21.409201134176147,11.395591202596377,3.3893215702740354,,0.1637914312708321,0.4666666666666667,1,5
0.0081130555981431471,-0.88412437860985404,-0.46718118698916095,0.9998641058435912,0.0004675383000624099,0.016478812261026207,-0.014350894552522187,-0.46725139331593002,0.88400802443748494,-11.166345726588352,-6.8169357998076379,-4.7483684691035446,,0.4346382016849515,0.3071895424836601,0,3
0.64094980388296208,-0.68121254509550599,-0.3537411727618035,0.74765654162971862,0.65838700378935378,0.086811571806795898,0.17376145907732723,-0.32011876178346821,0.93130603653876198,9.7643450970125585,2.1521651698226365,0.84476592010245599,0.5097298019656897,0.2417778683072569,0.8619402985074627,1,7
0.90706652790889386,-0.26058163943181084,-0.33064712782411215,0.3368215915509537,0.9203715897517587,0.19866391781826814,0.2525500532813002,-0.2915704819916633,0.92260778482449557,9.280982160364152,2.9551813428000795,0.66661225681246328,,0.07798219059427444,0.2241379310344828,0,5
0.7266042956775608,-0.58269929801146436,-0.36401610623688557,0.66179651439767739,0.73592603947340451,0.14296236552350047,0.18458486133483903,-0.34478165920178633,0.92035538594831001,-23.775978464531935,6.2717103120751618,-9.8129080219554403,,0.1475365998594728,0.3970588235294117,0,2
0.95544411357167425,0.046598379773348408,-0.29147064490911917,0.005143709932204709,0.98468173252382729,0.17428547811567208,0.29512724050716221,-0.1680192745978088,0.94056867653258325,-12.029046579778425,10.443945940741655,-6.4055432784286284,,0.7106848405554851,0.4361702127659575,0,4
-0.82106126198314788,-0.39541456420426974,-0.4117107315650026,0.49458695004769904,-0.85289296187350672,-0.16720449883048477,-0.28503009124153356,-0.34091189184565879,0.89584425492663544,16.895148616331625,-7.5154892877081645,3.6379596941787788,,0.40659876141438,0.1481481481481481,0,4
0.91516750499129262,0.35181711773608754,-0.1967057535403699,-0.32273845514488581,0.9319433723971613,0.16529198472914186,0.24147117297662118,-0.087785342243897932,0.96642920398155241,15.54032376994941,-5.5018421501376968,3.1672830124990021,,0.3995089756065008,0.4333333333333333,0,2
0.18667465492447161,0.94479504036826745,-0.269285916646885,-0.9768324397124557,0.20770100367136279,0.051562368053840742,0.10464682476903293,0.25342183167484239,0.96167895749898091,-2.0242120178946128,13.76763162132751,-3.5841675508288087,,0.07526733163594793,0.3333333333333333,0,5
-0.22176589748904932,-0.8459314913999495,-0.48499463767008305,0.96780004605816339,-0.25169559234022176,-0.003521313153231492,-0.11909222292280332,-0.47015873984683471,0.87451003526828852,-4.5478456538240906,-13.066943695987103,-2.2942694347113557,0.8815553662907729,0.782156772982557,0.5182926829268293,1,3
-0.82303316404906723,0.53382221352862325,-0.19403673677626607,-0.52589788522579828,-0.84525423663890964,-0.094745394394698035,-0.21458756998114797,0.024064907799008124,0.97640824198805853,2.5394396039408349,-3.6602804241717002,-0.87028856165815538,0.4961228118560017,0.2738293565017433,0.297029702970297,1,4
0.67216989370214553,0.71523814564201948,-0.19136882979997263,-0.70428367051753316,0.69739531645953712,0.13275648391943731,0.22841222699933625,0.045543030189771017,0.97249868223989722,9.1851741570577872,11.191962398042945,-0.13605379393414069,0.8121651900817836,0.3145836307457782,0.32,1,6
0.060327631098784321,0.99813049851617153,0.0098022883995705131,-0.99574052325242546,0.059491427912099007,0.070438486340674386,0.069723649352245162,-0.014009922799176415,0.99746796178331787,-15.688106580751738,12.283025898310232,-7.6522608771097396,,0.4404892003586218,0.25,0,1
-0.10287347847932736,-0.94484075330609607,-0.31095497795908073,0.99128370755065309,-0.12324846311626719,0.046544897508851525,-0.082302239156627752,-0.30345636792040981,0.94928424310022053,-13.868542698041383,18.502523814271743,-7.6651100666333569,,0.1349946996780245,0.4444444444444444,0,1
0.90611821498604339,0.32827867970655944,-0.26680121611534524,-0.2892315614339272,0.94102268298169711,0.17556028589753228,0.30869869507498937,-0.081911040550399217,0.9476263488817479,-9.8507432353088547,9.50234818902514,-5.6676927046076591,0.5473918120878183,0.3446396011926991,0.3829787234042553,1,3
0.10537376309053732,-0.92985229660457736,-0.35252102994194995,0.99381229767582757,0.085949196884109194,0.070355188460193188,-0.035121034159488848,-0.35775332570665286,0.933155437698028,-4.184652884258746,-10.391009018154278,-2.3320632968799955,,0.3197643384006538,0.7647058823529411,1,5
-0.82806600251241413,-0.40404364781412344,-0.38865849552552784,0.48211103585403686,-0.86702779229274685,-0.12582430806371458,-0.28613920491756772,-0.2915673816684945,0.91275013960892959,6.1730192565474935,21.110529643562913,-1.9324176653864815,0.596095981553206,0.6420956489245692,0.1111111111111111,1,5
0.63880925109900366,0.74033151453209634,-0.20936090681151756,-0.7348956742601952,0.6677018211253527,0.11875447789257901,0.22770834122618711,0.077996965687764569,0.97060052785866469,18.929074930439086,-8.128558878087885,4.2189010987293143,0.8148154122002313,0.5783699062720268,0.6875,1,4
0.721178276859474,0.66574676573625757,-0.19152842321105229,-0.64751022344293963,0.74608010819352333,0.15522558646954676,0.24623647886305142,0.012071291134453273,0.96913460386443384,-1.3351967920555727,-10.094297833011524,-1.5702332025938093,,0.1079536214715531,0.3428571428571429,0,4
-0.13839073689791187,0.97050294974308593,-0.19741334423189791,-0.99036916522210683,-0.13644026880808263,0.02351530618224219,-0.0041134557393248498,0.1987663894815897,0.98003826552555251,-2.5991246277693185,15.82486977169088,-4.0359684024346514,,0.5768893297135119,0.4461538461538462,0,4
-0.68085218695311089,-0.66324655483908979,-0.31071579782052289,0.69290841868154984,-0.72074383547423015,0.020155568613402879,-0.2373146073072615,-0.20157462915747584,0.95028913812514226,-16.363888825498545,7.5659342458607233,-7.5044102744157719,0.1330118378769038,0.1126007192446127,0.5061728395061729,1,5
-0.49588908950071831,0.86728460100648663,-0.043719924189867601,-0.86205584583897432,-0.49771791298629009,-0.095585551980524278,-0.10466006673511354,-0.0097108161135334922,0.99446064300273351,10.481185781746255,-5.2762209688582926,1.5514577407406829,,0.1559903173157895,0.2,0,1
-0.19691619312061362,0.95648253338829814,-0.21532574441991292,-0.98038200061104575,-0.19404269379234843,0.034620309988412111,-0.0086686656856780134,0.21791878374503043,0.97592840819719873,-15.88048794524574,-15.133387151248924,-5.6419842321195306,0.2796610258374281,0.1225350584033782,0.4090909090909091,1,2
0.90907463815909995,-0.29121269634710406,-0.29795715756153734,0.32894188495663934,0.94057799486206384,0.084322428228984794,0.25569618412693301,-0.17466596997557554,0.95084765359936452,-0.84615928572061905,5.9000287723213756,-2.6734236348827194,,0.07476742840195523,0.1263157894736842,0,5
0.49466572950323684,-0.8036854466911223,-0.33074993398626706,0.86280626462794874,0.49979637188314041,0.075953514541551442,0.10426488274483718,-0.32294471574766331,0.94065697509605717,8.6400455057400656,4.0954571803392614,0.3512302357924128,0.2980926321967705,0.2298084853635133,0.8081395348837209,1,5
-0.95650050155724875,0.014813324144052878,-0.29135434774263524,0.029667205143213575,-0.98859330324235961,-0.14765885589205893,-0.29021827554398377,-0.14987943892397176,0.94515052046121917,-11.873121133933038,18.320476497861051,-7.0481333340752892,,0.1820453410549774,0.2857142857142857,0,3
-0.29893468515158261,-0.84599207954136368,-0.44151495486178466,0.94411234394132582,-0.32953137917101455,-0.0078071863859779092,-0.13888821415419164,-0.41917355772392001,0.89721992425164721,15.336340424927151,-7.0685566833253661,3.1554500608688905,,0.2066179059877922,0.4285714285714285,0,1
0.7818606784109674,0.56960163053984925,-0.25347161979418331,-0.56511190502621333,0.81920157306576247,0.097761533765710881,0.26332947869994733,0.066803930819415547,0.9623901602129401,-2.2471098726040917,-4.6562728353197729,-2.2495718575650359,0.6028653076683937,0.7562685325713373,0.8660612939841089,1,5
0.33172354286778816,0.91899956216072642,-0.21307110516359587,-0.9317877079286867,0.3544755438782784,0.078222478516110777,0.14741491939504409,0.17258879900095539,0.97390037888849845,-7.6852108528064917,-22.726482073797857,-2.6242297892397666,,0.593232139622753,0.8602941176470589,1,4
-0.90434672443080533,0.38972473834518845,-0.17398744303267222,-0.38124528379227007,-0.92090427507973782,-0.081162489648936284,-0.19185681014085598,-0.0070671395653821517,0.98139748315396591,17.999300954507625,11.690781402975377,2.4864324238521691,,0.4106475809020042,0.4761904761904762,0,4
0.91500325647908287,-0.25914005161617842,-0.30921751936305047,0.31389361253343323,0.93876291976442883,0.14210904435001853,0.25345579623158149,-0.2270916425668921,0.94031353560016684,1.0137968229150003,17.942972104553181,-3.0603003928844248,0.227207530789109,0.2810573812333714,0.3636363636363636,1,5
0.8772423033128357,-0.33947506122382404,-0.33941512059051243,0.4194489957559841,0.8859176395620465,0.19802140256070438,0.23347051470729147,-0.31608008276367711,0.91955690418941449,19.287378373147799,5.2489185647842191,3.3946750214209356,0.2397992005180163,0.1964933926837419,0.3548387096774194,1,5
0.15458488225107972,0.95955429675791515,-0.23528507337449597,-0.98281493189331537,0.17367097332023468,0.062555596660407706,0.10088767926242088,0.22157153382017383,0.9699111977772078,14.738752629335931,3.7114218776313197,2.2715972150606834,0.2751909021076189,0.2282907944961766,0.6774193548387096,1,5
0.25953300353668279,-0.91131679390963494,-0.31960025221124588,0.96498016789139107,0.25779299894338287,0.048539110746689429,0.038156200695700887,-0.32100540623802698,0.94630842409566907,-1.2154941666432226,4.195806418299731,-2.635051672386441,,0.1308441311310577,0.3697478991596639,0,3
0.16704102349878802,-0.89477097039737796,-0.41410410164910433,0.98569569908265176,0.16109193161156929,0.04953158971419265,0.022389401029034899,-0.41645443940938837,0.90888085831849974,-10.438796490327482,15.905897252773334,-6.3734549586129328,,0.1884394715383811,0.2307692307692308,0,4
-0.19639081407302275,0.959427987478641,-0.20230814365818323,-0.98049741450557193,-0.19372675754680169,0.033087211400952693,-0.0074477040505160344,0.20486063617270975,0.97876281674943533,9.5354462992431142,15.434660081853963,-0.4371849375281715,0.2396484799535679,0.1365736079598946,0.2666666666666667,1,5
0.7443091302534216,0.61828859583176077,-0.25243440907647052,-0.60855975019895203,0.7836095483236909,0.1249444124950454,0.27506171863635648,0.060624153934984971,0.95951329480131908,-28.36693702614031,15.446980597322407,-11.984594809548412,,0.2319697221467855,0.2857142857142857,0,3
0.32034062718229278,0.91910984386142036,-0.22938826799444831,-0.93522414107863083,0.34538906422195315,0.077860132671493582,0.15079021360882292,0.18958768217613975,0.97021586373697599,-11.475511809820473,7.5301030874447035,-5.9946332571683678,0.4697703066299332,0.1971458014839483,0.2555555555555555,1,5
0.20532649673747982,0.93750256224426054,-0.28094479088062924,-0.97259319288707446,0.22745992288735165,0.048212701955047989,0.10910321208488738,0.26334564599690435,0.95851215946759571,-12.626445955751139,-5.3218899713546319,-5.405574841804424,,0.07969688982136118,0.2903225806451613,0,2
-0.008110997702723801,-0.90234974400282975,-0.43092824369527605,0.99808222180007533,-0.03375255205997222,0.051890690456623881,-0.061368479229101748,-0.42968093363269871,0.90089300420729268,3.0335515869193705,-6.5525728481359149,-0.53242777870540947,0.7499184644386949,0.3988583541588202,0.8670520231213873,1,3
-0.90078854981430212,-0.31818415585632204,-0.29553143908126811,0.3320997872939942,-0.94323852590586499,0.003288544695431151,-0.27980300177576589,-0.095183644650380261,0.95532735435992822,-8.1752463528599932,12.207707933266365,-5.346903301153743,,0.08431298886043426,0.3636363636363636,1,3
-0.41544828890205326,0.88305269732536451,-0.21822156858283775,-0.9062531817374212,-0.42243659365131858,0.01589008920903769,-0.07815298995660018,0.20436550122432337,0.97576987659497583,-20.646191178145575,12.762281631423642,-9.2492870197842105,,0.2171410260944276,0.4444444444444444,0,1
0.13814849034268156,0.96929954735622237,-0.20340447908308382,-0.98575987635277784,0.15444996820910697,0.066503184082884401,0.095877321557259601,0.19132065966650993,0.97683363189223649,3.7291651290855299,-11.412386688929024,0.052710105577339475,,0.0781987581236208,0.2,0,2
0.14572707859024439,0.96889540852560552,-0.20001326431902977,-0.98460237116592364,0.16176674360605586,0.066254745924608296,0.096549413566290238,0.18727842374682119,0.97755051160485462,6.9216472368349056,14.952089703468706,-1.1292630159213912,0.4940986713392943,0.4508932160766593,0.7464788732394366,1,5
-0.83732442004736984,0.5087977424682969,-0.2000316796197559,-0.50842344211149448,-0.85920401528551671,-0.057219434012800628,-0.20098114116462693,0.053789565683413046,0.97811720336560604,-22.038123153134894,6.0805288955401027,-9.1964076907592762,0.1806245071744121,0.2605331275988829,0.4133333333333333,1,5
0.91606513395147404,0.31853531343989661,-0.24363892228093265,-0.27684842427305367,0.94185080331899917,0.19045213116392887,0.29013724396567009,-0.10701550532096699,0.95098268190588142,-5.7111511631876688,-22.233824605094327,-2.0450695772633383,,0.1284434972336794,0.4615384615384616,0,1
0.4535537372340222,-0.82721346954590003,-0.33167285575230104,0.88676045426171968,0.45608498184526725,0.075115817859831013,0.089134192084747474,-0.32818343214890872,0.94039924003816733,5.9149928120211364,7.6673623699105695,-0.74919966112252834,0.2120715624527638,0.1851675036728393,0.4852941176470588,1,5
-0.9565712038144103,0.06317647933116434,-0.28457031555025097,0.0093281478992744849,-0.96909734945259285,-0.24650215605695791,-0.29134947689985607,-0.23845137815344777,0.9264212986362641,9.8862940566251876,-6.3329232121231298,1.5413935764374531,,0.4658287460157665,0.248,0,2
-0.86514570899544763,0.4233311351826663,-0.26891197852033277,-0.42083702169821724,-0.90444044836953352,-0.069883306456490074,-0.2727986498774122,0.052708873428225542,0.96062618707121905,-12.159619340371885,5.5474507888713349,-6.071898947956587,,0.2521203348213703,0.1633986928104575,0,5
-0.45343336269436607,0.86168800989632366,-0.227798066709516,-0.88645890866336519,-0.46257266140048386,0.014735541260141271,-0.092675718756509512,0.20861521163564939,0.97359689021030571,-3.4015883385712424,11.405529697409346,-3.8720915031223413,,0.07605074605543358,0.4210526315789473,0,5
-0.14924431388420639,0.98681496793000179,-0.062628698234455327,-0.98878049119983857,-0.14854022493961541,0.015777889513327138,0.0062669766106757717,0.064280795298428464,0.99791217266849841,-26.950432994924785,11.004798821488199,-11.154899334225323,,0.4561654178255442,0.5789473684210527,0,1
-0.94637972993814357,0.17294811298881332,-0.27286325691784874,-0.16746120459500477,-0.9849203541247239,-0.043458497286713041,-0.27626464073021945,0.0045657687674621758,0.96107075808067621,3.8489580115208586,-14.731691759306898,0.37796689971336328,,0.3067646687263401,0.3461538461538461,1,5
0.8051531479031766,-0.50359397259223115,-0.31324354612726252,0.56054935914871973,0.81868799229545652,0.12463702190439169,0.1936822768855401,-0.27594035957070728,0.94145849275495075,-10.220790970317326,-5.2671924280918097,-4.619265060810247,0.1322714489518973,0.1638223356326671,0.3957219251336899,1,3
-0.89720844856986093,0.35217726009210537,-0.26643606604377074,-0.35956556912309884,-0.93285479948244843,-0.022237908708842055,-0.25637784872341252,0.075849196149849599,0.96359602434182778,-9.0154772441021418,6.0029386288041131,-5.1140163753362842,,0.0834622300114134,0.33,0,5
-0.93516800951720747,0.22972008193926485,-0.26960986244839119,-0.21603215202011783,-0.97311864461524789,-0.079813612847296447,-0.28069717360383173,-0.016394738668209279,0.95965634957250212,0.38379878446733184,13.552058444804898,-2.9053900352998729,,0.08752813052240722,0.2857142857142857,0,5
0.96060729228115249,0.083220989437243112,-0.26515636317720231,-0.042252653293699115,0.98675375181041269,0.15662613631740469,0.2746786182175755,-0.13925264882637617,0.9513991572883187,-11.902310050031261,15.441368304927725,-6.8147795385581658,,0.1690571828264247,0.4583333333333333,0,4
0.83961930170134591,0.47049620087368016,-0.27142725208419882,-0.46100385549781353,0.88151766852320979,0.1019904176751734,0.28725402247261334,0.039495886429334916,0.95703981188269571,-6.827686932638664,10.600215595840131,-4.7980533866603734,0.2080485812474122,0.1188127971301532,0.2156862745098039,1,5
-0.836289153596251,-0.45549674444020105,-0.30519365553963324,0.47282953491543939,-0.88094571533721422,0.019154047631059799,-0.2775836495345419,-0.12828625192662632,0.95209766047276001,9.6598093124139233,1.0729828183299195,0.84137990677359109,,0.08208989779693465,0.4354838709677419,0,5
-0.79929496953722035,-0.4467491481450519,-0.40192381156652629,0.53858274123563243,-0.82922985368352709,-0.1493535423185792,-0.266563655653965,-0.33584676325917828,0.90341063149197409,20.030553627807716,6.3948267902273663,3.5683588799738324,,0.4428508313331294,0.1111111111111111,0,2
0.78771702524681297,-0.48944840362961473,-0.37408842313113078,0.57401671426071366,0.80359191528159102,0.15730494411619986,0.22362177864789559,-0.33864479012453197,0.91395459746962571,16.700175254088307,6.4133349443211314,2.6193275477976075,,0.1656779965280623,0.2631578947368421,0,5
-0.68371398775156811,-0.6252709868233628,-0.37625971879778219,0.67520295813228171,-0.73763112818732324,-0.0011331630564170056,-0.27683234688573549,-0.25482643459035875,0.9265135400800687,-24.35343545983908,8.1936518163948371,-10.143325722813906,,0.7167637184795598,0.4,0,2
0.67632019891126949,0.72769082781829253,-0.11426743916685192,-0.69652043589632195,0.68224953101240526,0.22224954400887217,0.2396878614436273,-0.070722249274767099,0.96827067111118226,5.9007981356047656,-4.2901258916391116,0.22888594598690112,0.57283026585119,0.7195466078374251,0.2286821705426356,1,1
-0.41508456101904079,0.89526123935344692,-0.16190157662901641,-0.9021205160534278,-0.42806651270985335,-0.054199955829528718,-0.117827762938656,0.12355716898568046,0.98531733176328362,-6.3854304601762841,17.79158770697104,-5.3403861327287485,,0.2536361895848612,0.2727272727272727,0,3
0.92049395458168304,0.33335276910929179,-0.20387940284820674,-0.29651517513895342,0.93569771250415001,0.19117672904100144,0.25449878288685379,-0.11552368649618112,0.96014824239147678,7.7776046089906608,-7.0501043621332267,1.0030810211452035,0.486129949435398,0.4221362923704543,0.3478260869565217,1,4
0.93557843270261976,0.28192268757711603,-0.21263253394296605,-0.20683011623409744,0.92555750804279757,0.3171192241479498,0.28620674219923697,-0.25271109499763517,0.92424174499142631,12.100700956957112,-12.106248480136056,2.5193033506387654,,0.550580820946963,0.2222222222222222,0,3
-0.95764058523053486,0.090384566756690848,-0.27341386141072876,-0.010534652296568444,-0.95982567761628756,-0.2803991613564954,-0.28777340151638453,-0.26564129701656108,0.92012019361551367,-8.8043572711416243,3.8529140755913782,-4.9004164360773155,,0.3799677951421444,0.205607476635514,0,1
0.62152810470873388,-0.69813192269246338,-0.35540770050027559,0.76961082816310356,0.62886275780069945,0.11059297005416226,0.14629418386002596,-0.34226225378943459,0.92814576516822289,-23.649223789125958,6.0229668382129358,-9.7489143526733173,0.1964024358418751,0.1370724106132802,0.4583333333333333,1,4
0.13228145143124137,0.96018894511958552,-0.24604635188797536,-0.98662822762543156,0.15139381612666328,0.060370960662432992,0.095217425190682006,0.23477031777621146,0.96737611084381914,-13.182280640333097,-7.9405905153728895,-5.2280015828803705,,0.07453427278674665,0.4038461538461539,0,2
-0.38208089934112327,0.92390387367820581,0.020391629681899701,-0.921674430914733,-0.37936617582980159,-0.081225291838654901,-0.0673084671990163,-0.04982907623744736,0.99648714663293125,-0.57591263623880118,15.529975397113786,-3.4076986547649994,,0.5642701849822173,0.4473684210526316,0,1
0.076097370387661678,-0.88700094539791374,-0.45545418329760823,0.99635654962440534,0.050003739359915735,0.069088726074349183,-0.038507353072288315,-0.45905222896009756,0.88757435454509015,1.7126350543351534,-10.384964743946799,-0.5901561147102905,,0.1939147820941891,0.4117647058823529,0,5
0.89873242725728875,0.33752358342803462,-0.2799247306440103,-0.33090540124327417,0.94090557012201781,0.072099400423227322,0.28771798627171508,0.027830536165509394,0.9573107236589854,-12.14849792773245,-1.8871726489676122,-5.4230377806228693,0.3722789178312886,0.2418188332978884,0.8956310679611651,1,1
0.95198339924367792,-0.059907545787428192,-0.30023106688379048,0.10000522155294789,0.98772269674392099,0.12001179108346724,0.28935542715939805,-0.1442739071857527,0.94628667774557562,-10.509238001394605,14.324580566233008,-6.2210471686628539,,0.1058490128280385,0.5294117647058824,0,5
0.68964614727825579,-0.63821287642696867,-0.34215861220649479,0.70515991466074612,0.69935860444345976,0.11682053392510612,0.16473520054896881,-0.3218413689284092,0.93235210459695961,27.655741164268839,-3.3462741633358961,6.2401771768308665,0.2799276222411958,0.1927743066082542,0.5454545454545454,1,5
-0.64905056209392198,-0.63490698494081121,-0.41907814106551988,0.72417075486770333,-0.68440036782115188,-0.084692705238481519,-0.2330452437616013,-0.35845398170426268,0.90399151398697053,8.4697383674522673,1.4451219655958574,0.50471498589554087,,0.06796572880817595,0.32,0,5
0.40341915507918003,-0.84283976211638989,-0.35619393693715212,0.91261384203829732,0.39880710392906404,0.089938140829185595,0.066249231205336115,-0.36135028608166381,0.93007365843432088,-5.732165070843295,7.679873984067763,-4.2859380625741172,,0.1492911066407475,0.4835680751173709,0,11
0.71761352568773673,-0.61265884215613942,-0.33117966555619849,0.67194292413554157,0.73409427276972117,0.097970941563672226,0.18309433211925077,-0.29283910567851673,0.93846775316534592,-23.187302659154962,5.2198032481077874,-9.4678554752034501,,0.1147511517089932,0.4901960784313725,1,5
0.23053228876323156,-0.83731392520183578,-0.49574212500117698,0.97300933425200797,0.20379329253810263,0.10826416477738605,0.010377827135374058,-0.50732010070524103,0.86169519908397674,-7.8037099185704211,9.0943919014391383,-4.9664443748759979,0.9199929401275471,0.7037122063936946,0.5118483412322274,1,4
0.22977023545046568,0.96052657861799429,-0.15682579720648018,-0.96600859546284734,0.24469476107088683,0.083377859149528555,0.11846110075858068,0.1323373177636302,0.98410050398025595,5.6717543848133296,-9.3728223642251063,0.50195144433911076,,0.09604200462870419,0.16,0,2
-0.45515962349538613,-0.78001988729057603,-0.42941668874268818,0.8757517745679636,-0.47931359533760254,-0.057596064671145857,-0.16089918110605825,-0.40227783030604292,0.90126799608310815,-16.816843034770883,5.6350419524080877,-7.516863968170906,,0.3152086471333362,0.3157894736842105,0,3
-0.40022385956636747,-0.74803654873945025,-0.52939794482390401,0.89221536197971518,-0.44994526470530988,-0.038742826647975064,-0.2092190480840764,-0.48784278258393993,0.84748853054159523,-3.7567841540801359,13.318868850391462,-4.0781778351425322,0.7783765345041693,0.5454949174465155,0.7834394904458599,1,3
-0.18582235172218498,-0.93385312700000656,-0.30559514196522675,0.97679188496058056,-0.20928366937775481,0.045584637839288546,-0.10652542924388095,-0.29003221014930924,0.95106973981949117,-12.259398292122722,-2.9031536261058388,-5.3477488397724464,,0.06705516630739716,0.1935483870967742,0,1
-0.084816711379671381,0.99617364794181607,-0.021075782714604734,-0.99604894955113576,-0.084209468476128133,0.028200275123621856,0.026317590482745949,0.023384365829837678,0.99938008578614368,-8.2180027548222174,21.797613592337232,-6.2642990110210679,,0.4334262711202488,0.2631578947368421,0,2
0.61834620106875726,-0.68888935193922241,-0.37825842542975319,0.77189112347941802,0.62283753774451445,0.12750488253409739,0.14775679042778345,-0.37081648070320478,0.91687680116871306,8.8620812521818717,12.695051242533772,-0.34453519776830166,,0.09329833611295167,0.2,0,4
0.78129034506674977,0.59428461321229986,-0.19081717743585647,-0.56680517999278657,0.80354047272360463,0.18180923141708522,0.26137575373171995,-0.033889632547928941,0.96464201036806518,13.237915414368619,8.2327131849384152,1.3784181962202857,0.5080319453199996,0.3844919266652438,0.2380952380952381,1,4
-0.846564132217687,0.48905621930512333,-0.21012659137171236,-0.4658973507818166,-0.87171385006698088,-0.15183748593771815,-0.25742732678758184,-0.030642747272085456,0.96581167598172035,-5.9523069538848112,12.597666780657908,-4.6835557271605568,,0.3310398331178003,0.3461538461538461,0,3
0.64955202767057885,0.74752032560792114,-0.1389083372302328,-0.71852365161276299,0.66325395595433456,0.20932737991955858,0.24860797537911203,-0.036160098367594803,0.96792898596123556,8.1021057059581203,22.929965263465213,-1.4790910559020609,0.3470810937840968,0.3469711861267748,0.4814814814814815,1,4
0.94320894568533775,0.21969225161564115,-0.24918306394938697,-0.15811006915895773,0.95657356567825391,0.24488409396312694,0.29216106997631291,-0.19157851660779149,0.93698430145048595,14.486114358647095,-6.4583696217604931,2.9299376424439054,,0.08128037740214085,0.375,0,1
-0.77747537363318997,-0.49587486595562202,-0.38683350515102244,0.57098569531033538,-0.81439206960006494,-0.10363827827350261,-0.26364252150384399,-0.30145260703138277,0.91630723372080736,9.8038934041490808,-8.0912832747083989,1.6668464586706315,,0.3175927140714573,0.32,0,1
-0.86158754925086034,0.44961721670777427,-0.23560826262219847,-0.45041014528122331,-0.89120964700669203,-0.053628967078946772,-0.23408886347633837,0.059914301482716203,0.97036729153150802,-3.4395416750800631,18.927262757746298,-4.5246307297911921,0.8421648283578093,0.601637615244433,0.3846153846153846,1,3
0.74616998995844097,0.61453083167237321,-0.25609022435360856,-0.61437489927655031,0.78378242484378879,0.090711595978238427,0.25646408954149641,0.089649135132761126,0.96238724188634139,-16.060702194243692,14.908312573673237,-7.9986949777564895,,0.09225689593501817,0.4285714285714285,0,1
0.18550861859361911,-0.92535112810329034,-0.33062341439386322,0.98262618433572735,0.176636927332365,0.056966461715563674,0.0056863244101174456,-0.33544699375691212,0.94204192056094516,4.9475793990837262,12.60087435045658,-1.4806290734468142,,0.08054638516632545,0.4,0,4
0.47965339527041667,-0.683260375857216,-0.55053417622252732,0.87190561934272603,0.44160521944483122,0.21157840418544388,0.098555625735612176,-0.58149814182208492,0.80755600405998063,-14.464215024854081,-13.85607128435746,-5.1983219912078527,,0.2035871594351944,0.375,0,2
0.18010431543999253,-0.86356970844349257,-0.47096687167858353,0.98364584737888783,0.15723610143781583,0.087850186903074848,-0.0018117654814901825,-0.47908680535311826,0.87776565804455009,-19.493788031636999,8.4539679984233178,-8.5620680546229586,0.5930450297785629,0.4486313320481519,0.3888888888888889,1,4
-0.78792361273108025,0.60775954250791731,-0.099018781003244627,-0.57986754502310489,-0.78643168707606659,-0.21278823226759577,-0.20719558569061983,-0.11024309526341251,0.97206812992560476,-12.74185448745177,-6.5101860469057469,-5.3152263489383769,,0.6652955350278669,0.3881578947368421,0,1
-0.75729630630179645,-0.57646381268161806,-0.30690678899337798,0.6012351456405105,-0.79889120393907376,0.017004232279325238,-0.25498745872745893,-0.17164590568186444,0.95158766225417346,3.0892743167760397,12.277988991855407,-1.9852708849283498,,0.1075875424107136,0.5357142857142857,0,4
0.94071536811208067,-0.14362278401359196,-0.30728991540553102,0.18624863947826928,0.97585876948433259,0.11406623651641479,0.28348904827214572,-0.16453619034337136,0.94475488968146848,-10.454158734958245,16.741688235719646,-6.4750681716889034,,0.08971450908656448,0.1176470588235294,0,2
0.32680781077492144,-0.82908126495029966,-0.453674895630026,0.94470926876033567,0.30021548219080896,0.13189033994668753,0.026852417671708387,-0.47169367216590036,0.8813535200496071,-0.32433635699041835,-15.081678161644264,-0.81309923861764055,,0.311736826157701,0.8666666666666667,0,4
-0.62018626010360756,0.74071718689749211,-0.25827708340727157,-0.77013318487097404,-0.63754193877113907,0.020860342001703808,-0.1492108586504054,0.21184505031414702,0.9658456368997097,15.367769730997271,12.985699208479557,1.5616772263021221,0.1710362355096835,0.1607932059858203,0.5641025641025641,1,4
-0.90480330994525782,0.3683458696189858,-0.21366396665497414,-0.33685958616918527,-0.92607850734613251,-0.17001240377538085,-0.26049297402814925,-0.081853030281053132,0.9619997359229252,0.39893526051434758,33.728202522520291,-4.6585214734661449,,0.226732451166882,0.2631578947368421,0,3
-0.8281718381407619,-0.35130043498528196,-0.43671433556697509,0.47458816352857458,-0.8540523586356823,-0.21298038348027282,-0.29815680698103764,-0.38364381017811411,0.87402514000622022,0.14684913181561479,10.774507169684401,-2.7643977974885301,,0.6226974927008752,0.2083333333333333,0,2
0.24302380861558617,0.96939284163122486,-0.03488476802436364,-0.96102475349990324,0.24550070913190927,0.12712523343608684,0.13179852657152449,0.0026306671907320501,0.99127303402428268,1.6667852196809425,-7.4013029788441749,-0.88012416150331996,0.2904664639870417,0.1359268721987608,0.2083333333333333,1,4
0.21126748861625788,-0.87881729648582152,-0.42783899734728653,0.97344466316617528,0.14970011043889847,0.17319169924645297,-0.088156315752596984,-0.45306736401106373,0.88710677354025169,1.2400026270772704,-15.556952659949236,-0.38695910199851957,,0.2774141772087653,0.3333333333333333,1,4
0.1244357290279795,0.98323879920290891,-0.13325619341440828,-0.98826066591137207,0.13481269763486817,0.071877623561314413,0.088637495190735618,0.12274770995188677,0.98847174676258753,8.6833953316921644,-7.5978126336098697,1.2473842334888343,,0.1635081573278177,0.1818181818181818,0,1
0.69417911543172994,0.70716636746106287,-0.13427987351181228,-0.68223770095518099,0.70587924045355555,0.19048941517077148,0.22949308288881409,-0.040622981533102329,0.97246218346913182,17.122477563862773,17.906312143423207,1.5787591483759902,,0.3879644592755782,0.5882352941176471,0,3
0.80675830513799596,-0.45043119817298483,-0.38243008877874568,0.5449150116746907,0.81743028693513364,0.18674944726215009,0.22849215991460559,-0.35905356385029269,0.90491539446733038,10.199105748712338,10.685016899086234,0.16904693012657332,,0.1882350575698446,0.3333333333333333,0,2
-0.91687706724622398,0.31182611487346784,-0.24920055706374863,-0.3025540474584078,-0.95012038048017966,-0.075712026539608818,-0.26037951517832458,0.0059780163196221404,0.96548784114373165,-2.3833382808137302,1.9786371179342523,-2.7527111872654744,,0.7241927812054916,0.2353870458135861,0,1
0.3760264422962602,-0.86503993327101381,-0.33212953578460813,0.92395799920640143,0.37713046049033122,0.063829706821014173,0.070040919443730601,-0.33087539892961632,0.9410715913184533,16.528068109468641,-12.108117670586438,3.8518060043927624,,0.08607489888856734,0.35,0,3
