axis_00,axis_01,axis_02,axis_10,axis_11,axis_12,axis_20,axis_21,axis_22,location_x,location_y,location_z,dbh,dbh_approximation,score,reconstructed,number_clusters
0.91980788839366912,-0.21443499200265209,-0.32858953521620454,0.31390221094025739,0.90460919683514918,0.28835326072039458,0.23541208638384942,-0.36837458545085361,0.89937829325502083,-0.60085421538948869,10.650593104319551,-2.5299018542610319,,0.392354680064927,0.3191489361702128,0,2
0.95745692651613123,-0.040050183209061258,-0.28578351367985294,0.069773045178668974,0.99306824961838769,0.094589501353825087,0.28001420684097,-0.11050535925823003,0.95361449734283643,22.404378906316275,-1.3237396964118116,6.5280975344991248,0.3550668137129884,0.3305230196697829,0.9411764705882353,1,5
-0.53382035596798716,0.81324623122240369,-0.23166008494509682,-0.83553841573542476,-0.54942151241991644,-0.0033996353553276855,-0.13004377487811211,0.19174610580861773,0.9727908549748413,16.130074439494958,16.239673665668725,2.6838115640987841,,0.1913134712527633,0.1818181818181818,0,4
-0.66733542083723818,-0.67519024640972036,-0.31429535034608291,0.70786349568094253,-0.70620783133693632,0.014134017147909898,-0.23150098828804641,-0.21304607509072365,0.94922002839704944,-14.817815410015523,17.023176979058761,-8.4873744079456745,,0.1137758850860546,0.4772727272727273,0,4
0.95481714486365288,0.039389107533157844,-0.29457209318291194,-0.00059947280344351244,0.99143134072379568,0.13062747514582712,0.2971933049494534,-0.12454876490096992,0.94665925477695678,2.6177327133967925,-4.6992480525775102,-0.06662483628769976,,0.1254470600940418,0.2105263157894737,0,5
-0.02506022288679598,0.99484785909542006,-0.09823300098298017,-0.99889875051392185,-0.021020493403270137,0.041945501294031712,0.039664486011905475,0.099175985552658719,0.99427906165174251,-15.611336344823266,19.824880517518519,-8.8684611449941482,,0.498479837957402,0.2941176470588235,0,1
-0.17912276436416713,-0.93094720887755011,-0.31820171207842229,0.97881361212479101,-0.20124062028510406,0.037764076401872626,-0.099191471436605616,-0.30469576142501026,0.94727057642675438,12.449747481006694,-6.0987644391787317,3.560358241908717,0.3296196333644238,0.2541767126044349,0.6881720430107527,1,5
-0.65993769165269234,0.70844643041936983,-0.25017173773663892,-0.73591622677846558,-0.67660060953416845,0.025276913224087757,-0.15135901129520693,0.20078662904696906,0.96787146837567894,4.753671150003389,16.951545236923373,-1.3342486541504577,0.1902234091229021,0.1418028034382902,0.5517241379310345,1,5
-0.95701568537670612,-0.017505322612959638,-0.28950741203493935,0.019888629807679848,-0.99978819536164709,-0.0052921470003022691,-0.28935345228167753,-0.010822573433150934,0.95716114189668078,9.8841162794777571,6.904223142352631,1.7411829560741086,0.2192260653524404,0.223021580592309,0.5283018867924528,1,5
0.065957989763391914,-0.93413204733864053,-0.35078036108267507,0.99751442566497417,0.052995247224635812,0.046437854837148254,-0.024789396455916501,-0.35297141797391951,0.9353056526702016,18.503603484091951,-7.6046008403216678,5.8086835231972032,,0.07900133200200324,0.2608695652173913,0,5
-0.68452900482188483,-0.65943308571500825,-0.31075399759607508,0.68964561485778064,-0.72394532014289714,0.017090914271359673,-0.23623921661102917,-0.20261090520398861,0.95033670539836945,-6.3035928271085444,6.7030274235229506,-4.3074512909767906,,0.07262556554153674,0.2836879432624114,0,5
0.5583989858516627,0.80778837415738103,-0.18886110021920355,-0.80772849612651776,0.58131789561663261,0.098204790010683385,0.18911702500046648,0.097711037309115914,0.97708101201637743,-25.839978151099654,18.355699219628665,-12.474772400757361,,0.2637057702287507,0.7142857142857143,0,2
-0.82039096566945224,0.55904296186602553,-0.12012339587276502,-0.53011162905692566,-0.8223485707312197,-0.20669902988386821,-0.21433694078846069,-0.10589520765540425,0.97100251328668707,-15.040439287298142,-10.915734213134622,-5.1976487467613754,,0.312800862744639,0.1428571428571428,0,1
-0.95392511089639287,0.16741576719827628,-0.2489956700320681,-0.15077801088655723,-0.98494145544275913,-0.084595039945581652,-0.25940870115398834,-0.043154261014572946,0.96480300347889092,23.722392496737328,-1.8315563488445119,7.0024026873412097,0.3912420114249053,0.1946712000912552,0.1176470588235294,1,4
0.94545054120498551,-0.13680858731595097,-0.29564621521645124,0.18169951728657946,0.97472155059443011,0.13001224644091097,0.27038594555379991,-0.17663892335326872,0.94640907180963474,-14.175650829498974,30.681978813590824,-9.4999076027884524,0.7556575119539267,0.4174866001795289,0.5925925925925926,1,5
0.94404130114885132,-0.15667141009616523,-0.29024143567668559,0.1952390578580015,0.97469088172505813,0.10890085109285844,0.26583403095146479,-0.1594733656147892,0.9507368267021048,15.865503410113309,7.6644507404079372,3.6327252772046639,0.6120584509896353,0.4967486071548016,0.9456521739130435,1,5
-0.12046626206266609,-0.94107660305607621,-0.31601061198175645,0.98938726401549337,-0.13986885662121501,0.039364257282581007,-0.081244824503375473,-0.30791480985478625,0.94793868386278324,6.0511561455877825,-8.1434126195576528,1.640618463885922,0.4547644839219777,0.6363394639024779,0.6821192052980133,1,5
0.80653027038697789,-0.46699309311395776,-0.36252775608684823,0.55179228442840844,0.81474960182177847,0.17806841712254928,0.21221262402313687,-0.34365758730909796,0.91480340231664159,-15.751102902208409,10.415883418530932,-8.0417355094267329,,0.09653243662721538,0.2894736842105263,0,3
0.94342813530586456,-0.099586656301459478,-0.31626863802785393,0.16693491038060662,0.96678491281249068,0.19354500265923388,0.28648924798239395,-0.23539207770194603,0.92871657708131972,-21.849958707356578,9.2457777126285308,-10.349572784006352,0.3525546336411916,0.3115350915036864,0.412280701754386,1,5
-0.84090405950589309,-0.42528101488985964,-0.33468854339633353,0.46083462755100302,-0.88695079182687053,-0.030817834570496333,-0.28374602861791171,-0.18015091243714865,0.94182473953046342,-18.183041140016066,31.989768113445578,-11.259338561903284,,0.1890844060755689,0.4444444444444444,0,3
0.95729863985301533,0.090674456738262979,-0.27451312724674448,-0.065871736247461232,0.9929764815713048,0.098278285546792896,0.28149640938973158,-0.075999012766567786,0.95654791911288783,-7.3429546671866772,-15.274421521177532,-2.2048746075754035,0.1889450596352974,0.1645878033781737,0.6144578313253012,1,3
0.32719204753212883,-0.84885721258345648,-0.41519488999357723,0.94226320637280037,0.32623716693268606,0.075560312517783959,0.071312088370651977,-0.41594560167981143,0.90658912551135162,-3.7710336764894405,13.606362554677833,-3.9682912376900354,0.1568579533056718,0.4426451713899282,0.1833333333333333,1,6
-0.81226162894119058,-0.47109420012864345,-0.34394956135305443,0.51552783033392235,-0.85566471603721128,-0.045485710725002841,-0.27287744923500651,-0.21426186859568294,0.93788578695109992,11.052412040844278,2.5310429946377058,2.5138952600092126,,0.2080681156353767,0.5454545454545454,0,5
0.79235187979184629,-0.52895900526131534,-0.30394221382244113,0.57502355851691822,0.81397034651454758,0.082463216924437185,0.20378028791045294,-0.24011381831945092,0.94911482367055355,6.0681193189988827,12.540480107063232,-0.35274058505967421,0.2787706964380742,0.3905370704770877,0.8848484848484849,1,5
-0.34545578625643258,0.93811947425668496,0.024334168617604485,-0.93672042758648211,-0.34314188078417518,-0.069343277930137545,-0.056702207048291826,-0.046749349431398031,0.99729602327673672,-4.081228281530211,-7.2902003938912721,-1.8617630841847532,,0.5076853960663322,0.1677852348993289,0,1
0.1317063463211903,-0.84363633661336046,-0.52051048969671088,0.99128559231928304,0.11075744546396224,0.071313832700984237,-0.0025125283937126892,-0.52536703343461189,0.85087200411177277,-21.338601459744858,16.934040799330329,-10.748090505416346,,0.2345179291249157,0.2121212121212121,0,2
-0.68371808441986182,0.68897946246151087,-0.24049299645412425,-0.7107582559381761,-0.70341494409866001,0.0054879900147730178,-0.16538525524652462,0.17468462074529523,0.97063535924780497,-6.4238317968250529,5.3276408095506316,-4.173504262784121,,0.1585108848967584,0.4160583941605839,0,4
-0.74814232153393712,0.61102833624626085,-0.25870338040686142,-0.63660034675867094,-0.77093119872469262,0.020126731966425247,-0.18714450362367258,0.17974832165290103,0.96574710749057624,8.0307753133912811,-4.5375520230106359,1.951225761412458,0.2621366875818148,0.1834351459425134,0.6598639455782312,1,5
-0.51281963223860449,-0.78859545293814193,-0.33931288863812453,0.83775056055850117,-0.54604525349098665,0.002929065359528903,-0.18759003991304682,-0.28275748044083687,0.94066900883369742,-16.404158953993083,13.893947898373053,-8.5403404455946283,,0.08147933980630137,0.2222222222222222,0,3
-0.83170505351292645,-0.45782683498120408,-0.3141039527483756,0.48538628581313575,-0.87423073502876991,-0.010989789606075403,-0.26956790889419557,-0.16160201453617548,0.9493249872368581,7.9215177244448434,8.7381294732705346,0.74858727530983893,0.379082410503047,0.63766940007129,0.9124579124579124,1,6
-0.9585861897909429,0.06015897031170029,-0.27837639094060862,-0.049026869205053031,-0.99770106364739719,-0.04678625538343005,-0.28055103428437622,-0.031200735374168252,0.95933186712111174,-1.0402204262774215,16.908414788142199,-3.4374863666593285,,0.1319461372676751,0.2439024390243902,0,5
0.85275486523237087,0.45755208998715524,-0.2519032051620359,-0.42483740550404098,0.88817666699330111,0.17508679874069719,0.30384587985871325,-0.042288215344898947,0.95178221675750363,-34.138604799917928,7.7978556774687258,-14.377337050073589,0.3659376857220565,0.2776274634729764,0.25,1,5
0.84560014967052421,-0.45050948167888594,-0.28635920413810467,0.48462494756153107,0.87280046330286587,0.057948351652884651,0.22382816417549081,-0.18777794912003018,0.95636833633600871,-20.43817486945596,-17.787633874213196,-6.5738325953987156,,0.1131731880166263,0.5,0,1
0.95954201718889165,-0.042949647169908747,-0.27827045307946707,0.077681681501375943,0.99032189154586203,0.11501351000705817,0.27063753178040612,-0.1319768121035102,0.95359186629228532,10.964874422953974,17.46677401089115,0.90596059212997992,0.2272205101273123,0.1602510025787697,0.6785714285714286,1,5
0.95757550998682139,0.073410261950386468,-0.27867557502202217,-0.035335972769281701,0.98962352617766614,0.1392718401692549,0.28600788748201983,-0.12351603084643521,0.95023327579179995,-14.585384283372603,13.065304910959068,-7.7615943740011168,0.7742842881848282,0.6333035139293179,0.8118081180811808,1,5
0.90141611459039883,0.3733636315800038,-0.21919987903769086,-0.33371352834088458,0.92172285955809496,0.19764172426470045,0.27583377124461167,-0.10500747012207036,0.95545233364074,-21.736726914066665,13.995183918189932,-10.72732903132251,,0.4136157778421056,0.5774647887323944,0,5
-0.15782794742238776,0.96024893808341449,-0.23024403558422707,-0.98742241760949534,-0.15567717426183886,0.027596858807996102,-0.0093438864855785418,0.23170367783771567,0.97274153682353925,-5.7842972430065664,23.443051291520188,-5.7831003678369779,,0.2446814527242092,0.4878048780487805,0,5
-0.52872001700758187,-0.75093142593543627,-0.39567301798085153,0.82303082250340598,-0.56754453753942657,-0.022659724590695422,-0.20754616070857643,-0.33763173940216468,0.91811186667170319,-11.38126503337795,-13.624299645425394,-3.7542113554310581,,0.2777476919225938,0.125,0,3
-0.93563638991815001,-0.12401287602929124,-0.33046233134787628,0.21119687232595596,-0.94684940453550304,-0.24263570687451522,-0.28280810982124227,-0.29681140764752534,0.91209789020128162,-31.672948181065951,12.072627194849039,-14.036786899620266,,0.4858518849546832,0.2777777777777778,0,1
0.23181545298546261,0.94154177120368854,-0.24445999434624385,-0.9661692131445353,0.25205958418293151,0.054617008277613815,0.1130426792358271,0.22352865386824231,0.9681199789132735,-41.352282768154517,12.431806747674367,-17.1876906255013,,0.2307602396999717,0.5789473684210527,0,1
0.10148636002442103,-0.89503696036471736,-0.43429178936526125,0.99458873348935262,0.10103347794441682,0.02419685001193659,0.022220934837191782,-0.43439737098138842,0.90044719675249096,8.8582062654374312,-8.2279962154115385,2.678726637456966,,0.5065844297379987,0.2647058823529412,0,4
0.21419445875851298,-0.87703712039156068,-0.43003095620248938,0.97655366924522502,0.20197837026580537,0.074482676029110198,0.021532879993996428,-0.43590208464751456,0.8997364656826552,-8.5299887483064527,8.7954575561156023,-5.1702312644971675,0.4205589674427177,0.4345104968722568,0.4222222222222222,1,4
-0.24491434528747585,0.93777325871093498,-0.24616717636411597,-0.96905280369315905,-0.24485537495851314,0.031344999734477012,-0.030880853725820178,0.24622583252088051,0.96872039943038502,-10.29103161101964,-9.2803182776383508,-3.6429276267600881,0.1277242376962029,0.1070197560434448,0.4603174603174603,1,4
-0.19636614369490549,0.95123886918852996,-0.23787591587909712,-0.98032796685238699,-0.19539295473922946,0.027904670672477833,-0.019935270689350994,0.23867594554793542,0.97089462764985079,-8.947461888083275,-13.871805815162869,-2.8935367388711755,,0.0974599756809349,0.3478260869565217,0,2
-0.70977098431619912,0.681738757459182,-0.17736238722126169,-0.67550153753440245,-0.73010978149129935,-0.10313767381217069,-0.1998069633708302,0.046604437006986868,0.97872631712843527,8.7110432097307804,1.2799411230767581,1.645991239516081,0.1854948398052927,0.2212584881785223,0.2978723404255319,1,5
-0.93292026928040084,0.2323630707368963,-0.27507667026395394,-0.21447545731791137,-0.97220967467356778,-0.093854284288932999,-0.28924046980679718,-0.0285613695196009,0.95683028735356612,3.5148978190377815,30.837172069525465,-3.0072554185278597,,0.2740939284286188,0.2105263157894737,0,3
-0.35875766815674942,0.9330505806630589,-0.026637369672343134,-0.93145214066318149,-0.35970849227872925,-0.054833477334024577,-0.060744095949396011,0.0051395045376598884,0.9981401406117274,-32.990181167531141,10.647858321404541,-14.308215301084147,,0.1451386609109482,0.5600000000000001,0,3
-0.88961271315923229,0.39576401624710755,-0.22794750279269946,-0.39747156728896899,-0.91672438372790965,-0.04040739382258849,-0.2249568264852598,0.054655719944414378,0.97283461004172622,3.2400096651749148,2.2546451623995005,-0.43337063845346635,,0.4170986275814214,0.25,0,5
0.32716534964340871,-0.80979665074688134,-0.48702383764230572,0.94229673050744667,0.31829309359327135,0.10376115962054731,0.070990884398504928,-0.49286802595619633,0.86720320762919212,-10.135527768510459,-4.164267851294178,-4.590135516682027,1.060440842997174,0.6239097384778444,0.4511784511784512,1,3
-0.263375936526621,0.94267790446816235,-0.20491823853976052,-0.96388327172218868,-0.26585221106558105,0.015863176405426553,-0.039524100911383232,0.20169524114131868,0.97865053780606037,-37.450223603028832,11.060204970177178,-15.794755836940274,,0.1246180967607315,0.5,0,3
-0.76310738636792841,-0.53919449378737827,-0.35628137018385064,0.59571850675915916,-0.80061513868826872,-0.06430288024499374,-0.25057249963902023,-0.26131340871171782,0.93216346466277888,-9.6658910429049882,-21.072082907070147,-2.5934861552683577,,0.08050848852133141,0.1538461538461539,0,1
0.88433122962119237,-0.3316378231478837,-0.32859493388426436,0.4169363360479274,0.87769347482840121,0.23625887481019117,0.21005325039046846,-0.34593426904743174,0.9144436087036858,-17.5150056071667,9.0519046520786581,-8.6349785795836471,0.4300917731324169,0.3920626773525324,0.3258928571428572,1,4
-0.53202386782876399,-0.77413014296267602,-0.34303516702680609,0.82422358370764059,-0.56626434379655177,-0.00042071937750391079,-0.19392289220372061,-0.28296150745507342,0.93932246708896339,20.957609862202887,-10.748325073129246,6.8327817325914033,,0.1560543725649665,0.1333333333333333,0,1
0.90673751547627768,0.38488485528886801,-0.17230997126450398,-0.31528494632909643,0.89010547777516857,0.32910126261212991,0.28004014113367026,-0.24408172115893145,0.92844043037231427,-5.2341373025749327,18.96386382233597,-5.0266980349266053,,0.3305851219257644,0.1666666666666667,0,5
0.11735744512400852,-0.83646380176894441,-0.53530882526277268,0.99301145308785632,0.092072373169172453,0.073830428248393726,-0.01246932677853534,-0.54023234485658223,0.8414235137316104,-19.594563205168935,11.893858147551345,-9.5882375205027675,,0.5447547002706414,0.4594594594594595,0,1
-0.80243443312971829,-0.4323755429749212,-0.41127894471384063,0.53377557480543814,-0.82820950988437614,-0.17074145213803768,-0.26680070515070292,-0.35653947547813558,0.89537533255996293,0.49467141519064045,16.272625042771505,-2.7839806838459187,,0.3380147203904561,0.6666666666666666,0,4
-0.26664785773148475,0.92784425136131021,-0.260775698988571,-0.96326332485679433,-0.26553827491497989,0.040164555780050383,-0.031979477060172845,0.26190545960507289,0.96456355066735333,8.1751668326889444,4.6126224320737679,1.181422200346588,,0.07894262146283224,0.5166666666666667,0,5
0.71309892027549826,0.68606593836985152,-0.14423403936177737,-0.65662562244085099,0.72569268656225139,0.20545782200789486,0.24562720096944607,-0.051803985162899968,0.96797914505693683,4.3080943949784274,9.0519289506689589,-0.59416295374709793,,0.7067590712028149,0.375,0,5
0.63948299751225623,0.73727733861076372,-0.21790736991613685,-0.73779541187880449,0.66820972845683724,0.095674913149813468,0.21614676981931596,0.099588577490935748,0.97126859782966679,-12.795011664822113,24.697935998854355,-8.5291648492604271,,0.1128153651869614,0.3076923076923077,0,3
-0.40617271653669135,0.89526517448627285,-0.18309558075843249,-0.90979540272180814,-0.41492287414145479,-0.010551478591033749,-0.085416915932777712,0.16229379490990259,0.98303849090779494,-14.788013575670256,27.526721937846016,-9.5073396795647032,0.1902601842687829,0.2160716699082219,0.6666666666666666,1,4
0.71957350510470675,-0.54717763181773282,-0.4275635742081686,0.67000549921239017,0.70888668318477288,0.22039124626093254,0.18250096376863945,-0.44505764754875182,0.87670809770521041,4.9474302358251094,4.2668932276680547,0.055071692857509597,0.3846624270213189,0.1689675707662443,0.3376623376623377,1,5
-0.92612950386514781,0.28737642578075884,-0.24433364888195561,-0.28314223512256403,-0.95760830423236787,-0.053073631447329545,-0.24922804168129536,0.020028119499451651,0.9682377072129662,-8.2329613104339199,-10.752665038243522,-2.8602766789937473,,0.08109337768176104,0.3333333333333333,0,4
-0.94178967165142846,-0.18428076594863524,-0.28119888632794932,0.18197773110531482,-0.98269649140347903,0.03452116981004659,-0.28269474659507987,-0.018660254142874592,0.95902840164557546,8.5823953745171373,2.6369549524822675,1.5507746906813467,0.3408370841652901,0.3025918079383378,0.9090909090909091,1,5
-0.72838068916602061,-0.61284279697775168,-0.30640704600664642,0.65106074921159829,-0.75840010425894,-0.030808808741355258,-0.21349817911650973,-0.22193014228021241,0.95140188115297519,-26.520694765610596,10.561551924353841,-12.078018626020786,,0.3411559566201239,0.32,0,3
-0.38383256470892169,-0.79192139067885625,-0.47490322514617389,0.90854948489142573,-0.41575801860464745,-0.041025644046890998,-0.16495573882862039,-0.4472200587531866,0.87908123815509787,-10.176892693573645,-16.235123650854401,-3.1307332730372339,,0.1386944579575272,0.2857142857142857,0,3
0.88085317526250817,-0.31061769410186635,-0.35723148201243016,0.41359726462248081,0.87208292881714877,0.26155050747896885,0.23029326157480043,-0.3781375588017461,0.89664764556468757,8.2922487716088842,9.5337869120930705,0.64054660652486473,,0.2923683113983577,0.6169354838709677,0,4
0.71863643274700639,-0.55256937590930133,-0.42217148451294195,0.67033965721309474,0.71194650309016605,0.20922934953087557,0.18494978101118842,-0.43335812158639425,0.88203986132091805,-13.603709876864754,-15.045016352674887,-4.4971873680685919,,0.5022655816233593,0.25,0,3
0.95665197885828468,-0.057766008442229684,-0.28544715730793324,0.084152793807783469,0.99315142024460579,0.08104667643072723,0.27881050669024732,-0.10155463915929477,0.95496144248045578,-19.83630478575634,9.0095670204635017,-9.4944308152665045,0.2050388874902522,0.1380792432055009,0.4827586206896552,1,3
-0.96211720314890237,-0.053514115968127413,-0.26733261454054963,0.06790652732458638,-0.99668180573411602,-0.04487852120223678,-0.2640439186038025,-0.061332026794605664,0.962558669140545,12.30370394447713,-13.778729540370255,4.2593297141487012,0.7399672544785599,0.3805644508300828,0.1333333333333333,1,7
-0.92871516746231897,-0.21641703352011407,-0.30108438240432012,0.23896856433511765,-0.9702140702309423,-0.039732646344299287,-0.28351748267972787,-0.10885001391025297,0.95276939050679421,-11.614951199417758,28.990685325118513,-8.5654144011766657,,0.1372937784306846,0.2941176470588235,0,4
-0.30033264058526637,-0.90255184037032987,-0.30854575097254594,0.94594714683955206,-0.32334908977606047,0.025087078887441064,-0.12241037695061932,-0.28433350415511072,0.95087862423638692,1.7625242841505626,7.07508469511603,-1.3572135309739095,0.4760030535689606,0.2230300286699178,0.648910411622276,1,5
0.38930131913842325,-0.84727095001600383,-0.36135359438652631,0.9182619701139334,0.38781456407231896,0.079967606790970508,0.072383956506684444,-0.36294875830119039,0.9289934131564459,21.812657201657867,1.854412326845478,6.0755074057623037,,0.1233456039371084,0.2142857142857143,0,5
0.46246000194869169,-0.75964905180303588,-0.45723523999399224,0.88365793129138592,0.4371511763071278,0.1674739069799297,0.072659528373392165,-0.48148952963490504,0.87343484347060119,18.94155637637995,-13.476342267821407,6.2551153624308844,,0.3289694020307911,0.6,0,4
0.42833825818599935,0.87709427907205217,-0.21732915633494712,-0.88897958532729926,0.4521460710877388,0.072658291138889455,0.1619926956547309,0.16207885740897002,0.97339036903778531,-25.655525650733949,8.962138084099287,-11.726777614453876,0.1641766981060223,0.1582181792563384,0.7142857142857143,1,5
-0.030762951380531971,-0.8204512195569128,-0.57088828780238055,0.99796227381701996,-0.057155482898979613,0.028364604924947093,-0.0559011704736396,-0.56885239482853489,0.82053763596651574,-24.950240581148677,19.148798481070099,-12.240514933169418,,0.3728548708486941,0.15,0,1
-0.027102227583096741,-0.95499090659562624,-0.29539437635083426,0.99816709556758765,-0.041849542735475066,0.043715730566905774,-0.054110244743492693,-0.29366815301032562,0.95437471536147866,-10.306065190341798,-8.2413647234600749,-3.7619659360260513,0.2634067055949331,0.254747001759802,0.9055793991416309,1,4
-0.91533412122373237,0.30256847649383628,-0.26573626691849311,-0.31003912547004114,-0.95061417382429869,-0.014437215871430136,-0.25698090824290792,0.069173763498490248,0.9639376552672404,-0.86134103828741715,25.321174454824998,-4.2010653121509387,0.2191905766687864,0.1824264665675247,0.4838709677419355,1,5
0.82134715587995344,-0.47398809043801488,-0.31737066602135144,0.53700624042722389,0.83014384459967383,0.14995164225673441,0.19238801228280988,-0.29359238306910707,0.93637084818658944,-0.55938668741850306,21.077109290480379,-3.6300330678039918,,0.1547462347456462,0.32,0,3
0.22297175563334748,-0.8972154727195053,-0.38116661934447649,0.97447914779816791,0.21556063067709541,0.062641879031915607,0.025961253751293514,-0.3854062921318322,0.92238170151453769,-7.6717460078915218,13.251960796594892,-5.2634113613729534,,0.09035599176279308,0.2631578947368421,0,5
-0.57139787002358078,0.78060808599769738,-0.25328934088809374,-0.8110966601857067,-0.58417227319943421,0.029410254344297327,-0.12500672769137691,0.22224709514415517,0.96694340409968016,-13.964347819045813,15.796036440673483,-7.9908680179145071,0.1417022651055231,0.1054750465412399,0.575,1,5
-0.79702853487452729,-0.42696904965587024,-0.42713340449059628,0.54599972798419238,-0.81169510161267988,-0.2074496542758483,-0.25812751042256682,-0.39855801667253438,0.88006914257295932,-14.332079490340702,18.118103554880513,-8.3152630722299534,,0.2879821615679038,0.1176470588235294,0,1
0.93100856809974597,-0.12133518589658275,-0.34423947883457862,0.24060476634325356,0.91322217122723948,0.3288382769567964,0.27446747081898248,-0.38897691273705198,0.87941149004307584,-12.673941886065387,14.853963292577028,-7.3429549231648261,,0.4537625147521678,0.2698412698412698,0,2
-0.53681849817937854,-0.75302575414693251,-0.38049719263600201,0.822725231884328,-0.56714661334522143,-0.038313336998015368,-0.18694676470405688,-0.33361194907030584,0.9239880814189092,27.740390202248321,-3.3911403319192335,8.393534060316524,,0.1792719831477149,0.4166666666666667,0,2
-0.87082727117095515,0.46749449217660993,-0.1520156688288444,-0.44654841525359579,-0.88157422442342548,-0.15304051642208269,-0.20555869385518449,-0.065389499285200214,0.97645780081055289,-5.6218870451815457,-10.479268734125499,-1.9919364220756897,,0.4769136042590074,0.1829268292682927,0,2
0.5857795830189767,-0.69199394585016794,-0.42190835382204461,0.80327254848249474,0.56493203204554132,0.18869290400895433,0.10777519646259376,-0.44943984922969343,0.8867853905832227,-8.1015308231539542,11.602799140501981,-5.2691922156153481,,0.1245761869696585,0.2413793103448276,0,5
0.90104178071004515,0.3632160102163623,-0.23706083467620401,-0.33759228813778092,0.93045083758935332,0.14245239843248825,0.27231444398850529,-0.048325653143834149,0.96099400354188125,-11.650695031553411,-12.497909216671406,-3.9311052515231109,0.3065516324982841,0.2685094098749906,0.8461538461538461,1,4
0.79303734218248345,-0.47464279820424438,-0.38184550281100305,0.5737000707254446,0.79269853730392736,0.20614863037583839,0.20484140878680443,-0.38254835389667957,0.90094214807454664,-20.148738086506285,15.965805123675928,-10.248498009350721,,0.2037665492930195,0.1739130434782609,0,4
0.57871472773842203,-0.73186080981831825,-0.35981803588858546,0.80751114657158141,0.57595488899031089,0.12728595370585236,0.11408335575925992,-0.36421933076133389,0.92429933843883727,9.448443861459852,5.025274392286434,1.7637872101073355,,0.1115257864043191,0.2,0,5
-0.95363313244502701,0.11105570466496875,-0.27973287108320244,-0.081085604170915343,-0.98986855270816942,-0.11655630894837964,-0.28984301526744105,-0.08846964915042746,0.95297646753730325,-14.281319194274879,19.072278706980214,-8.3918910973428318,,0.3125083197947938,0.16,0,5
-0.46355315629046856,0.8841138602670412,-0.058831567859893137,-0.8810944136791562,-0.46695926736385929,-0.074977842102783188,-0.093760895241707262,0.017079950430744593,0.99544822558320689,14.6294909563129,-0.06937348350690685,3.8153315569832196,,0.4841756238851066,0.1851851851851852,0,1
0.95953962252077207,-0.041074304813482745,-0.27856168849427898,0.065552098428954195,0.99470656782464473,0.079131323242295853,0.27383687699843379,-0.094189943256194411,0.95715287148142636,-12.074275349569668,-15.400400067906338,-3.8566821650395569,0.2353946620896341,0.1995187377112571,0.6857142857142857,1,4
-0.35352537794939309,0.91005337471008363,-0.21638544850457889,-0.93384455563878732,-0.35679647311608914,0.025112201729766411,-0.054352120929502527,0.21094817361311521,0.97598499732309241,11.389851975969442,0.60144090918993443,2.6681460224289131,,0.1010189629580629,0.2264150943396226,1,5
-0.15833718721201787,-0.87974221585597023,-0.4483112409773069,0.98202440363648913,-0.18755781829352991,0.021216396003289128,-0.10274923750658002,-0.43689323459833734,0.89362570226802329,24.377021443481368,-9.288365171574144,7.8885516850934039,,0.7119763572308758,0.36,0,3
-0.45079651759908385,-0.77977618885699196,-0.4344324976474524,0.88509152961314463,-0.45358481470150341,-0.10427751473480144,-0.11573886092234867,-0.43152046436277813,0.894647754654607,-9.6442180563271815,9.5155224668628211,-5.7628154130251028,0.5422173831109834,0.3115439996537739,0.2650602409638554,1,5
0.947842823874676,-0.14796889040552497,-0.28231044738272909,0.17893603045634163,0.97999610550823157,0.087117909715655903,0.26377239854428691,-0.13308959636596587,0.95535924191130184,3.2969441987432773,11.37558970593472,-1.2812347046642252,0.1771282809354678,0.1732195251858109,0.753968253968254,1,5
-0.76144288076090638,0.62601883519849311,-0.16824136624283034,-0.62037381494656707,-0.77901633850394036,-0.09093884798344809,-0.18799220480428119,0.035127799826292425,0.9815421379707493,7.5702185323577238,-9.1385826114001798,2.2165644477509914,,0.1417149633453842,0.1578947368421053,0,5
-0.95298781667896981,0.18442724300428751,-0.24041799703701058,-0.14110778814078986,-0.97226805328266264,-0.18650314928160186,-0.26814699958691424,-0.14381037724649423,0.95258372965779581,-19.784064318028857,20.152393047894037,-10.534533506111499,,0.4370148178920324,0.3548387096774194,0,5
-0.082967013457473149,-0.93474645815935642,-0.34549317451504524,0.99401226413802135,-0.10236006345199217,0.038236581349623301,-0.071106212254272813,-0.34025207768453108,0.9376419520319087,-8.0093135840715721,3.7501250544082434,-4.6668547102079012,0.9756678774143486,0.506281996294471,0.8905325443786982,1,5
-0.01308851945962948,0.99716043622133976,-0.074160333691410646,-0.99972245539048166,-0.011597040703379399,0.020506604666539342,0.019588334446309433,0.074408151984783566,0.99703546781036234,-13.264572986022074,29.847694295654083,-9.0986013425569805,,0.2378146594919979,0.3333333333333333,0,3
0.76425019606739109,0.60738257175982957,-0.21681339749509515,-0.59623795632528476,0.79357176093706649,0.12142553141859386,0.24580874119526083,0.036472890832169702,0.96863191718337616,-8.3130495076415531,22.033246955512556,-6.554106466031496,,0.2287504032751011,0.5192307692307693,0,5
0.27977487425110759,-0.85946278208887228,-0.42784313239998628,0.95912010624861332,0.2699845610022133,0.084834890287491638,0.042598609454130333,-0.43408762136750401,0.89986293147794294,1.3492819978748167,3.7954881643257372,-1.2723625242443193,,0.2618733284779219,0.3648648648648649,0,5
0.44833611818685398,-0.82705596137067716,-0.33907692621345881,0.8882790316516207,0.45457683271045618,0.065728723485157264,0.099775182571627027,-0.33066348441301191,0.93845968108312683,7.61046815626504,20.504944753663732,-0.55222951032976419,0.2024612023918057,0.1914119739247827,0.5909090909090909,1,5
-0.80985505844468708,0.54899844114140695,-0.20672565379230989,-0.54758445666429245,-0.8338736593237992,-0.069325198201003038,-0.21044250314806806,0.05705639236966982,0.97593981420912135,-4.7474316349825409,16.10462408670783,-4.7087975648174352,,0.7379090254110586,0.4776119402985075,0,1
0.77737902614481003,-0.51869718668651488,-0.35585822771666142,0.59549938210308095,0.78909453282444952,0.15069938348053777,0.20263843570506823,-0.32906389469229286,0.9223093936336898,-15.870520142867262,25.021762707420073,-9.6076400678880969,,0.2254085570604247,0.3,0,5
-0.96277752815112039,0.014328427898533943,-0.26991503744914574,0.019920016382256527,-0.99211714584080557,-0.12372049901298943,-0.26956005682323919,-0.12449202818915354,0.95490267079048541,3.2818493874754076,4.9073148979779377,-0.6528926059492115,0.3284844745127896,0.2446631188966004,0.3981481481481481,1,5
0.95287943918583373,-0.080654701150886687,-0.29243049355214673,0.14979673545010672,0.96337850315084028,0.22240233298087742,0.26378345745209597,-0.25572774360461464,0.93006537873716744,2.2737630950871699,13.436224830943726,-1.7905192368227802,,0.1100278821399117,0.4,0,3
-0.41970329956803171,0.88030162274136314,-0.22117457659195616,-0.90373840913944814,-0.4279236974381484,0.011755722732549488,-0.084297260796586004,0.20481787561096346,0.97516337587729651,5.1439408667875739,1.1697732343107516,0.34989280518752092,,0.1026736769114637,0.3666666666666666,0,5
-0.94202467816275015,0.2006216070920098,-0.26896184952551255,-0.19980347134954482,-0.97935460956145848,-0.030710284391276904,-0.26957017373781716,0.024809665425812255,0.96266110440404751,-10.594844307610821,16.891605527173258,-6.900735522627123,0.07299187877721373,0.1083873653476041,0.32,1,5
0.94943281341401164,0.15907758642432951,-0.27068737375460505,-0.085009684163528068,0.96018633194789549,0.26611193422855689,0.30224276072583195,-0.22964435424772933,0.9251555459223989,1.9713914188919868,-19.030129838258418,1.2221090662573297,,0.4660227737660714,0.3846153846153846,0,3
0.31478926093272408,-0.81130653506518358,-0.49263518688980862,0.94815601806375138,0.29266938651312407,0.12387411193434929,0.04367936138408493,-0.50608925730404419,0.86137435359460335,23.000094178149453,7.7837237305081164,5.9911205414959401,,0.2620313943436088,0.5,0,3
-0.18038143073762991,0.97790623294548873,-0.10565007814199062,-0.98353298752448493,-0.18054911921686848,0.0080546881487822009,-0.011198298808603502,0.10536325315961015,0.99437074725044949,17.437361011080583,-10.724810419946964,5.6661720651626135,0.3548685382418867,0.2648952059222771,0.4594594594594595,1,5
-0.21322173314554663,0.95107780631746264,-0.22357884256962574,-0.97694676736012132,-0.21002486447057458,0.038269701445489308,-0.010559652409973422,0.22658455956768317,0.97393425399587474,22.536860405238741,2.6067961103205621,6.3021440025942628,,0.2055906547825035,0.25,0,5
-0.75166683198931672,0.62014281238098956,-0.22454368381083673,-0.63166021934502758,-0.7748287078409728,-0.025413398089978969,-0.18974282854467991,0.12273290413611589,0.97413258505101807,-15.585541148010323,12.314868412732071,-8.1160874228616464,,0.0991235777930775,0.3333333333333333,0,5
0.091561600112048364,-0.92865165268226346,-0.35947542524548409,0.99558338034375904,0.077849920269099968,0.052470207712457355,-0.020741411914693433,-0.36269201519277366,0.93167821480766067,-18.370764046483551,12.019534684753429,-9.1879818785004126,,0.1473290268530677,0.5,0,3
-0.53670397924328872,0.8109735061920923,-0.23296096436726099,-0.83626390146129792,-0.54799989442836339,0.018942091205346338,-0.11230104975977856,0.2049831406750508,0.97230159223455181,15.598396128725833,-8.9304039321749897,4.9734106120469921,0.1622696588747064,0.1373929799669879,0.3421052631578947,1,5
0.026043404521982533,0.97304358060682083,-0.22914609165500444,-0.99764319639974186,0.039855019331313808,0.055853649042911631,0.063480656567276597,0.22715142014515333,0.97178826838351462,10.54387051839133,21.507519737999406,0.34947220405022839,0.1926060129814022,0.1764097211045535,0.8928571428571429,1,5
0.96086945232999588,0.031405286907256177,-0.27521555830535149,0.037371302049717087,0.96977107339881596,0.24113782569728975,0.27446908999405062,-0.24198713427201166,0.93064974371922371,12.335499273774994,15.015093070512858,1.5708829493795171,,0.3580541260307509,0.2058823529411765,0,4
0.43131379838320955,0.88429569223622118,-0.17885618808615553,-0.88899377148145786,0.45036219462077809,0.082849067125283851,0.15381313855266573,0.12326809136519673,0.98038079135597112,-32.175139996517721,12.965912910973119,-14.404841137416993,,0.0984392598021243,0.3125,0,2
0.90495357623023953,0.36415769839601125,-0.22010950812497659,-0.32225585154131647,0.92433549207867238,0.20434055943708049,0.27786721831745548,-0.11398714305831906,0.95383265838506559,-6.5438278154661349,25.415285182164656,-6.2544476525174417,,0.3167967253305154,0.2631578947368421,0,5
0.92501479892892147,-0.25261089892192667,-0.28378751823916182,0.2801828384898426,0.95803986869011759,0.060474680784577919,0.2566031932347323,-0.13545236707447339,0.95697829519569588,-0.064985649756154784,-7.226692679416872,-0.64223539569427768,,0.2091794158126211,0.7164179104477612,1,1
0.34068510148235165,0.91950832953943618,-0.19605635295892401,-0.92970889241509125,0.36051755775273248,0.075289215139408089,0.13991081799583147,0.15662542086008771,0.97769803137171996,-33.576071963913911,9.3976169492997244,-14.367973438017067,0.5334198972566673,0.3650900031460935,0.9647058823529412,1,5
-0.67162762589899638,0.68921313054421163,-0.27184847399741502,-0.71684817261130396,-0.6972210670968626,0.0033883654089160464,-0.18720317719822493,0.19714980162748735,0.96233410319136603,1.6388150481189434,5.1954874027617635,-1.2702620657994521,,0.1441157400178999,0.456896551724138,0,5
0.085409547655118268,-0.9309128133256408,-0.35511483094273655,0.99568681365197498,0.066785491114641701,0.064400833039280611,-0.036235042278507976,-0.35908360052043103,0.93260173147402958,-12.2807324209477,-19.141203681605234,-3.6352013994545493,,0.1823121037824245,0.2857142857142857,0,3
0.8418617909638938,-0.39672847983727028,-0.36588965303909815,0.48850856124930736,0.84834140628129129,0.20414760340207377,0.22940817444283601,-0.35060429500319507,0.90799147453272699,-3.8187682602757134,-11.706007311217331,-1.3089822047564286,,0.1850404482303228,0.4571428571428571,0,4
0.77540902124659483,-0.52251724869172589,-0.35456533190517553,0.61005253150211458,0.76484330586514371,0.20700392817804281,0.16302379757955585,-0.37681619165437635,0.91182936952580818,-11.104212789678279,22.621623072873259,-7.7150430306731117,,0.2902882025729534,0.3333333333333333,0,5
-0.18513661815279089,0.98250667511316991,-0.020126250942766696,-0.9826819631235868,-0.18525420492997785,-0.0041278211364887268,-0.0077840844368968765,0.019013492941206817,0.99978892528155838,-16.474214341729638,-17.53186301597961,-5.1975305733325552,,0.2838562315534399,0.1428571428571428,0,1
-0.93720063917637964,0.28170330859258491,-0.20566528111320967,-0.22835244188437753,-0.94127757721261418,-0.24869998979129898,-0.2636477274941445,-0.18611762024252626,0.94649358541008155,0.35182566687485017,-4.2527334956354697,-0.85268937718342042,,0.6867635928499786,0.3779527559055118,0,5
0.74060532854157135,0.63343129629561279,-0.22420646781279432,-0.61987969104515006,0.77284719865350504,0.13585424602565135,0.25933167173640698,0.038366657486524271,0.96502594971726618,-15.875438483733651,18.369814140482084,-8.9415811946056607,,0.2554612449956861,0.3478260869565217,0,2
-0.6084109272764705,-0.71494047140393557,-0.34452324438171572,0.76343739067130767,-0.64583244697666087,-0.0079875501327834608,-0.21679366710208683,-0.26788163949934446,0.93874380590423767,21.271670943708166,3.3480298631327292,5.746230528726505,0.1582534423830132,0.1269346682563504,0.3461538461538461,1,4
0.66607861754489606,0.73602663408912905,-0.12084729687049772,-0.71028820881946975,0.67536532740494515,0.19842463292454168,0.22766188890876793,-0.04632999515041173,0.97263744318623346,-6.6299723781800157,18.247345325699598,-5.5409397584811781,,0.1323252829655625,0.4146341463414634,0,1
-0.77830705543289314,0.57559048904669363,-0.25086593308452337,-0.59551834922263747,-0.80332958011526301,0.0044137796706571883,-0.19898749509083585,0.15283054220549069,0.96801177790699,-4.7108842021506563,-1.8366811763024866,-2.7909879006504594,,0.7330920295206358,0.2531831537708129,0,1
0.58104085555108687,-0.72845628849057131,-0.36296413037516656,0.80314937498737138,0.58536759518783343,0.11088669875781265,0.13169132711706638,-0.35594411676912524,0.92518170112664455,-9.2545129051494364,-16.520201532846343,-2.8073651397478843,,0.2983735900682588,0.2142857142857143,0,1
0.48821792546060816,-0.76557531879682117,-0.41897218106705258,0.86754620567276408,0.47794415924914468,0.13759709903343223,0.09490436387083534,-0.43065509620666437,0.8975128688935321,22.639819009057938,6.7858064707343502,5.9519286358340864,0.6459472717908604,0.322771700863698,0.1538461538461539,1,5
-0.36211180892936445,0.9295019657494471,-0.070008095973364257,-0.93007895700448295,-0.36527797629886366,-0.039052961071586373,-0.061872219706063311,0.050971518507096289,0.99678168759750219,-8.5646905046567277,-9.2023290050215607,-3.1757098853956514,,0.2145517646509208,0.2222222222222222,0,1
0.10524425726424709,-0.85253510270494726,-0.51196439814576999,0.99431665506254796,0.08189768044163083,0.068023226941280365,-0.016063492089872268,-0.51621378187156541,0.85630911219473371,-13.467975209903065,-4.7240257631167371,-5.7368471937415499,,0.2832935255347644,0.2857142857142857,0,1
0.077007171172354727,0.98922135709329517,-0.12454317427514901,-0.99462401577614312,0.084893314299819694,0.059297490912599352,0.069231227270426354,0.11930730010225922,0.99044071266933442,-11.316518241046117,-18.696840113057348,-3.3418934539600036,,0.6023195851678078,0.35,0,1
-0.16179702713869945,-0.91527776881380862,-0.36890151521008313,0.98364508826228036,-0.17956495358769017,0.014098502776584294,-0.079145829622094502,-0.36058706765255316,0.92936155735814874,20.46101142431883,-12.904038272246964,6.792846732586173,,0.3605428965686255,0.7741935483870968,0,3
