axis_00,axis_01,axis_02,axis_10,axis_11,axis_12,axis_20,axis_21,axis_22,location_x,location_y,location_z,dbh,dbh_approximation,score,reconstructed,number_clusters
0.82535957529644621,-0.54584304197101952,-0.14435007792964338,0.56293393175039086,0.81523416437594676,0.1360097265576922,0.043439152276678349,-0.19351648706525207,0.98013489341182414,-1.1123501612903011,-6.7587397655031234,-0.60363352295995854,,0.6858369343233572,0.6363636363636364,0,1
-0.96710501273976679,-0.18987223976065143,-0.16928209267931982,0.22620652109759942,-0.94631914185922783,-0.23089108160285496,-0.11635507787173474,-0.26158863568413787,0.95814032455291975,-1.3081142447320027,-8.7906747598980566,-0.42920961236181704,,0.3715562497802207,0.175,0,2
-0.76526044798812753,-0.5900656758616637,-0.25729155624491362,0.62456197145140613,-0.77738538799917112,-0.074795068969229286,-0.1558806933579146,-0.21793222959281885,0.96343487208163658,8.8420858868349796,-0.37666363356737032,0.1631036477746374,,0.4566655239670789,0.3703703703703703,0,3
-0.78497105492640662,-0.60085246037327289,-0.15098597216665469,0.6052633774583569,-0.79577265590172808,0.020053030364826838,-0.13219942070760932,-0.075645231062473506,0.98833249070445828,-13.566009323480651,-7.1660512348121816,-1.8649816315842738,,0.06576164599935794,0.2285714285714286,0,2
0.90724980259195431,0.41294958617933786,-0.079815004674386236,-0.40048277993401815,0.90615142716177177,0.13602622551921192,0.12849645393231451,-0.091445231297188886,0.98748490165663949,-0.47310693652597202,12.044850625854082,-1.7274040550085707,,0.07789496905198617,0.2631578947368421,0,1
-0.66531601267301954,-0.72761415627023029,-0.16712941954077284,0.73538949181669744,-0.67731082877902382,0.021268205007733271,-0.12867361270460217,-0.10875514155125113,0.98570554456171811,11.27121552193289,-4.5648917976308407,0.69923426850810866,,0.1236917169684594,0.3448275862068966,0,4
-0.6187760153586116,-0.7692901363432032,-0.15908780261847508,0.77516643273186181,-0.63077700150151872,0.035176354878131491,-0.12740974995140189,-0.10155323974058325,0.9866375702939314,1.3636847957060596,-7.201374713754805,-0.29206551714861939,,0.08881252414694904,0.3684210526315789,0,1
0.7034123822994367,0.70902473431066937,-0.049949440072096341,-0.69942634294630102,0.70297462302225922,0.1289553030296775,0.12654568827342383,-0.055772802712409454,0.99039163125351992,-11.344122857103747,4.4353425420664756,-2.5703171583890043,,0.1119457599952677,0.1793103448275862,0,3
-0.99416065986964319,-0.023499539716081198,-0.10532024497069981,0.017645091318558622,-0.99826482146017781,0.056178260808241107,-0.10645765881286146,0.053991831495248922,0.99285026515173636,-13.078819141172938,7.1967047560353299,-2.8954213372404558,,0.07339100749122596,0.3809523809523809,0,5
0.096410815557766094,0.99109699597423651,-0.091824284447693069,-0.99137069121789634,0.10384909224099483,0.07999699141137398,0.088820646460361391,0.08331932915936005,0.99255668964084742,11.468472185732518,-5.5080238111028041,0.78016042272120245,,0.1482717811986202,0.1904761904761905,0,1
-0.64480793824454952,-0.75496665727026657,-0.11936527630334451,0.75347115400703357,-0.65408400231296993,0.066748318312570346,-0.128467672416538,-0.046898446972230001,0.99060415546042935,-20.800595504524601,8.4569158605210468,-3.8240667737739522,,0.09180947959768052,0.25,0,1
0.82875346900770364,-0.54436717113953037,-0.12973846998189192,0.55819362980679366,0.82063462698286627,0.12238742026780274,0.039844187164669052,-0.17384818659461726,0.98396608110592398,4.8727106250374081,8.5726801660717431,-0.85183692932035282,0.2509412782491512,0.2111954672844706,0.2258064516129032,1,5
0.91133036037963577,-0.35746547111359567,-0.2041945425613981,0.4051143102722905,0.86691632341193892,0.2904108879063127,0.073207717236162193,-0.34738239040495655,0.93486154321033454,-16.782775981765059,12.031496052380026,-3.5578215477960464,,0.6059162681124012,0.4133333333333333,0,3
-0.81101991031443166,-0.51079670133646116,-0.28519017335342972,0.56690657736820294,-0.80656399803996193,-0.16754536580418972,-0.14444250624466137,-0.29755881262295025,0.94371347103884184,0.67806917480844309,-13.962919720452607,0.22525289982831076,,0.4708969706694615,0.4117647058823529,0,2
-0.96303927097473707,-0.21126249231737923,-0.16710332701742925,0.2380749549409702,-0.95778070158216289,-0.16117209282823222,-0.12599872376456681,-0.19499817182893428,0.9726767369445366,-3.6995133264088005,-13.638325299213765,-0.26203827809300723,,0.4404068166728355,0.48,0,5
-0.83420097231069013,-0.52975806210681209,-0.15318333273804041,0.5356142968329104,-0.84445519404358227,0.0035707535621713237,-0.13124809645890148,-0.079068456957562108,0.98819133587087471,-15.360916280906794,6.5071340063559777,-3.1366829397597749,,0.131935038956996,0.1891891891891892,0,2
-0.40968222170898533,0.91114364340933696,-0.04447176958867461,-0.91165761294024017,-0.40721495244390005,0.055284530152784589,0.032262578689433295,0.063192116445569685,0.9974797654265658,-5.6535078953827878,-18.368795359144965,0.021939450034833816,,0.1547973150636266,0.4642857142857143,0,5
-0.96106360450391204,0.27144501460302051,-0.051714138735120693,-0.2666655954907039,-0.96012896653575885,-0.083915599268343438,-0.072430713647854944,-0.066857846705850169,0.99513005182956893,4.9277581866059457,7.1126852002137335,-0.75657304882445631,,0.1099995004529181,0.1666666666666667,0,5
-0.58582880248749281,-0.78799410839083739,-0.18939350389440235,0.80059434483294478,-0.59899793099839815,0.015816879627330204,-0.12590992493674735,-0.14236138451478722,0.98177386754866058,4.9183108486610818,3.5964539019381472,-0.60376866937498797,,0.8661244885514651,0.5596330275229358,0,1
0.25458353205152684,-0.95557754043017684,-0.14852201666279158,0.96577108481165275,0.24333175239421373,0.089865844560010802,-0.049733660129656049,-0.16631663326971965,0.98481741482770968,-9.1898178806290201,10.18352551350757,-2.5955275883637459,0.8301204645831994,0.7961272756256086,0.9804878048780488,1,4
-0.99176084508397722,-0.060685984451174131,-0.11281683141050797,0.055712013168789362,-0.99735256972969266,0.046733534450741888,-0.11535422726105779,0.040063236823425642,0.9925161657667011,0.81009793429969423,9.3131755252580781,-1.3897073929740233,,0.267060702111116,0.6935483870967742,0,4
0.99172648332690083,0.054055339292933276,-0.11643282424636223,-0.033901706328129222,0.9851038307644393,0.16858563675849733,0.12381137498670991,-0.1632435692673759,0.97878612603405235,-1.5098262655885724,-5.3637762884430487,-0.77720439547917286,,0.1198609290278619,0.1777777777777778,0,5
-0.96203430737227991,-0.24211390368819949,-0.12597955818147039,0.24936986902205777,-0.9673535058804219,-0.045186979150829094,-0.11092637135802748,-0.074886930112783565,0.99100317246496417,-1.4908174032378478,-3.7650329787519019,-0.88701767282787258,0.8535381335693942,0.7014207913721503,0.9927302100161551,1,3
0.99369124318585567,0.05021190663607103,-0.10028199064497441,-0.029699470835825741,0.98006689223896426,0.19643530275673313,0.10814645000100646,-0.19221771814540922,0.97537515561098376,-16.622328426107313,-11.862007995311732,-1.7294614320191599,,0.4809253748317994,0.55,0,2
-0.45382723811310988,-0.84056028079113776,-0.29580272531359419,0.88473342025459378,-0.46461782645119781,-0.0371086301063785,-0.10624317875155086,-0.27854746399866509,0.95452799711096881,12.620789572994248,-6.4465476708099327,0.98056412995896591,,0.239705853377378,0.3529411764705883,0,2
0.52453914404236812,-0.84171566650643392,-0.12795867741161132,0.85125471318349988,0.51585824364677624,0.096206474545843149,-0.014969958255670414,-0.15938948904897166,0.98710226984367255,0.11542385638055021,14.140063235165814,-1.7623709724394787,,0.1223254818025701,0.2631578947368421,0,4
0.0072094055334812673,-0.96929522514823074,-0.24579420452218459,0.99698591834747463,-0.01202051635055636,0.076645846616156935,-0.07724702640681555,-0.24560593171075024,0.96628702941713851,-15.572998732819801,-7.7256148930962745,-2.0041205735664898,,0.5711260225510711,0.7297297297297297,0,2
0.34905867680477753,-0.91551938625863116,-0.19995572892997174,0.93332787726715483,0.32051858175393483,0.16176189992217516,-0.08400662868657123,-0.24308865077387853,0.96635955741206947,-11.698670365342192,-5.5216819013844125,-1.800534799125125,,0.3196011074680485,0.2307692307692308,0,2
-0.84746523601116253,-0.51261588637379751,-0.13794066401808613,0.5142530068931398,-0.85723657976530276,0.026254356089034758,-0.13170618305117282,-0.048686747164822158,0.99009246133712159,-13.931130436594053,-6.3510155015020313,-1.9696530603786155,0.2711070044193205,0.2281048686425825,0.6432748538011696,1,3
0.049243696964765576,0.97809581794886746,0.20224645663194674,-0.99524011511195953,0.031002814626247637,0.092390144264329191,0.084096204320857279,-0.20583341904604832,0.97496688765446693,-12.973556652094898,-5.8446108565776376,-1.886478407880797,,0.135743463703503,0.35,0,1
0.80057347221350139,-0.58217279881764161,-0.14197516650757311,0.59876189061305662,0.76775636056256358,0.22811043195173175,-0.023797351480722529,-0.26762847967389741,0.96322826107311765,9.452748783526074,6.8570821183071491,-0.2024588251869644,0.8224502187258388,0.8010665457588044,0.3880597014925373,1,3
-0.79797055944270745,-0.58688377559932681,-0.13715108530730757,0.59168333203848567,-0.80613980236269245,0.0070323278133411615,-0.11469010790180753,-0.075538420587926008,0.99052517694632747,-17.742196000700318,8.5139793107376303,-3.4725562960934386,,0.3683714015105386,0.3076923076923077,0,4
-0.66358748765660358,-0.71606014904871473,-0.21658603179783051,0.72754639029912171,-0.68511443558777008,0.035978606309448311,-0.17414906312787398,-0.1337014326534495,0.97560034374640314,-13.320404900868843,10.354567916617492,-3.0751763208526417,,0.5376967524517587,0.1538461538461539,0,3
0.52785097763629352,-0.83713792173641599,-0.14343446377786895,0.84919880536109293,0.51713840187631621,0.10690772786895913,-0.015321043753709246,-0.17823572396028003,0.98386853406471597,-15.287783114161414,12.985478533385042,-3.4652365904751612,,0.1300456862543149,0.3571428571428572,0,3
-0.033622690381594295,-0.98315334315854719,-0.17966362605623767,0.99435809914597306,-0.051002583632173935,0.093009177642050259,-0.10060559305680179,-0.17552276290844807,0.9793213335502674,14.90884819132277,-1.2444620443170478,0.95851758173627155,,0.1357209494416051,0.1428571428571428,0,4
-0.19089688870816587,0.97748148413518587,0.089935121362106143,-0.98011541874328167,-0.19485863371876225,0.037468370753724202,0.054149273524428804,-0.080994203731698605,0.99524258105179797,-14.507126076804624,-10.783372249106803,-1.6258376234989895,,0.1868655358516634,0.5555555555555556,0,2
-0.99031426052139637,0.13167709819425932,-0.044031888661507937,-0.12677551820435359,-0.98688067168528626,-0.09997253541856202,-0.056618313220879755,-0.093422061982903259,0.99401543496209599,9.2577100962506282,9.3572590394051343,-0.36987108780239591,,0.4273053282058376,0.4166666666666667,0,5
0.59496097475794429,0.80316576076849744,-0.030760351822384242,-0.79376252361749577,0.59314994812659183,0.1345889859453781,0.12634276637568317,-0.055658779779847643,0.99042395246578985,-13.775625419468996,0.2237709804088833,-2.5407565378544352,,0.1009464244623481,0.2748538011695906,0,1
-0.44583783859666076,-0.85181415147722572,-0.27502958571505165,0.88717993937475492,-0.46132884591580242,-0.0093515291263422205,-0.11891331652285625,-0.24816999671420545,0.96139028281151628,-10.40039531646155,-6.1516512666475807,-1.6346418086580357,0.1705958187721113,0.2857057172261722,0.2,1,5
-0.43850611528604172,0.89702814948358833,0.05525292653601465,-0.89640576788235748,-0.44096252437804123,0.044819096391899023,0.064568461062547239,-0.029875594189821414,0.9974659707016672,0.008878058866076368,11.044720633212375,-1.5882319130044433,,0.542388511614797,0.3939393939393939,0,5
0.44041081722365294,-0.86401304686259117,-0.24396673323142784,0.89776217382012291,0.42145086075044602,0.12807127402533922,-0.0078352619713474517,-0.27542807922201501,0.96128974916302423,16.761923995990575,-5.3832328156146447,1.4571727974057134,0.6047844346116396,0.3339928089031841,0.4230769230769231,1,6
-0.43743005818009334,-0.88555893331462565,-0.15633400086744501,0.8915707206471406,-0.44976416682682868,0.053045681476499677,-0.11728850875212762,-0.11617904228057074,0.98627878201321495,-15.503606193176005,4.8683196035369125,-3.0605286303003227,,0.06733174215307344,0.1724137931034483,0,1
-0.98357515618673341,-0.11341838712374512,-0.14041432118730623,0.13386604166423591,-0.98019076376600622,-0.14596557647939701,-0.12107764046839009,-0.1623648240539248,0.97927415410014063,-3.2422390124090565,-22.574450773676617,0.69860867451163822,,0.6190424075745831,0.76,0,5
-0.76563707864953279,-0.62570548393767056,-0.14930676865880993,0.62969392691055059,-0.77644594425956315,0.02484459810192375,-0.1314740362542349,-0.074995619960112517,0.98847874776234779,-15.361531001173306,10.253059571650155,-3.3061774922319418,,0.08538150453391817,0.3508771929824561,0,3
0.58391302871643658,0.81082194936710938,0.040166420300021315,-0.80200718774153312,0.56848308751216081,0.18333425763767414,0.1258175095370837,-0.13926501943115838,0.98222971277432036,-15.986068611122853,15.008256612763738,-3.643109598866245,,0.6772416347381116,0.5600000000000001,0,1
-0.50636205053264516,0.85789070009170121,0.087298456323952708,-0.86220249682589145,-0.50536949369717188,-0.034763908115483716,0.014294343201864738,-0.092872070809442889,0.9955754367279217,-12.356161950746893,-7.3023295173722467,-1.7295266213599028,,0.3464803345129686,0.1818181818181818,0,1
-0.019915945042976009,0.98787192243664579,0.15398837616641634,-0.99645487802129284,-0.032204064813359259,0.077721131470573052,0.081737575206353566,-0.15189457880655766,0.98501117035725161,12.418715645115881,12.830657275446205,-0.23631710732305794,,0.4300206304210688,0.4791666666666667,0,4
0.072255492972528826,0.99013919769759917,0.12001463626596078,-0.99715081313901965,0.069099723307847624,0.030256967709440866,0.021665631573718088,-0.12185892425888613,0.99231094067685166,5.0786394359945124,-0.94091416205466838,-0.31592364161500869,,0.3889525645623606,0.1515151515151515,0,4
0.98498996257430849,0.16410654040711334,-0.053514643075236526,-0.1285067690976523,0.90416552943322837,0.4073950241237756,0.11524228357657683,-0.3944030156836249,0.91168277229292727,-4.4199757981589451,11.821183028914213,-2.1427745601671973,,0.4327570429846313,0.1875,0,1
0.97181666560572333,0.22698921697641414,-0.063625968184443327,-0.21631431016393857,0.96593344981403939,0.14205875456531283,0.093704256409582631,-0.12429185776543362,0.98781124028021872,-8.3895454956989912,-7.32020728700319,-1.3519114111270389,,0.1425997148413875,0.3378378378378378,0,5
-0.67390082388530514,-0.71822750297204052,-0.17322509501008357,0.72536836458925258,-0.68772659482373011,0.029544312909051122,-0.14035104281699443,-0.10574206706274752,0.98443902809339967,-19.549268127018554,6.3143340371409211,-3.5445789017356448,,0.4350625410350146,0.4090909090909091,0,2
-0.17641811138349833,-0.95945646276838126,-0.21981798385907039,0.98013323969035648,-0.19179622907882518,0.050527605971684937,-0.090639298485627087,-0.20653692784373878,0.97423149969958589,13.259769035635291,-7.6115139238749157,1.1308651042787745,,0.3065544662293316,0.1818181818181818,0,2
-0.8356920248855747,-0.52220316058526928,-0.17006674753579124,0.5318835137131962,-0.84670590068674145,-0.013749384799222861,-0.13681654645089961,-0.10194595046890524,0.98533662055169713,7.3247358924392385,11.667940007490577,-0.73742049752199634,0.4868988881437794,0.4683411851146616,0.6363636363636364,1,5
0.23202225081167877,0.95898834983053871,0.16280976634582708,-0.9680693920047897,0.2113267176085562,0.13484313363412503,0.094906940693288797,-0.18889775889113641,0.97739976943630746,3.8434892939723673,10.191386839002027,-1.0745640247045662,,0.4505511851248778,0.3636363636363636,0,2
-0.70892256997081937,0.70467028629898421,-0.029471637098668069,-0.70500933439263791,-0.70919618980136512,0.0016133166070787612,-0.019764316462182869,0.021921495809660234,0.99956431499741349,-12.946775849230344,15.630484654311244,-3.3763154861365838,,0.6936195018299929,0.4545454545454545,0,1
0.88562030077817921,-0.43795823484677909,-0.15449681996553138,0.4582830749012588,0.87801892233427337,0.13805576873861097,0.075188470583030895,-0.19306826915072128,0.97830022863052113,10.002390656692421,4.3602727303401032,0.027302040075303145,0.1921746786008569,0.1155202378935284,0.2857142857142857,1,4
-0.7538499379208361,-0.59804680167984736,-0.27212183686219854,0.64701543404417428,-0.74777553366056171,-0.14900597091153997,-0.11437350744547607,-0.28839517031179163,0.95065605059635105,9.9961086717351115,-4.9535021613354093,0.52379737830559769,,0.5652095330710371,0.4716981132075472,0,3
-0.80879671130337027,-0.55417258577555217,-0.19682638278363798,0.57315763808115927,-0.81774021790603257,-0.052832356830081265,-0.13167460535000552,-0.15554318112290394,0.97901384929534463,12.14601912017832,11.776628355655753,-0.16679045428745704,,0.5887490340600188,0.4,0,1
-0.82162761528472994,-0.50600083616539582,-0.26247136148815925,0.55463135901565119,-0.81593325137602302,-0.16320840938935319,-0.13157551975188833,-0.27967138412585418,0.95103722298506754,17.088180711814029,-8.6664845090865796,1.6845044329831471,,0.3727963902712486,0.1785714285714286,0,1
0.62692045544401898,0.77883623695374438,0.01961781215105252,-0.76853746495254815,0.61410916135829829,0.17949959025055465,0.12775330723771361,-0.12760898849037774,0.98356242229270219,-0.089925902731316884,-12.509838501542262,0.018617545023502855,,0.1674271839235335,0.1666666666666667,0,1
0.95616814107414183,0.28891889353381733,-0.047627292112982327,-0.26489135284109444,0.92278011361072776,0.27983822668568303,0.12480006884948223,-0.2549563391715679,0.95886506242087954,12.605957209302272,-4.7342137900594468,0.88749840852455586,,0.2119712808090746,0.15,0,4
0.8680312046948746,-0.45894566533852132,-0.18944842027038997,0.49491657873759864,0.83032592507234682,0.25615705776617054,0.039741763506853087,-0.31611348345132789,0.94788863154572744,5.2722851116907581,-7.237110100315614,0.12252972453450847,,0.2448093603587172,0.3673469387755102,0,5
-0.95703185384990164,-0.25759963247301138,-0.1331632834770522,0.26013840351802459,-0.96556979012139443,-0.0017295722070004155,-0.1281329065139542,-0.036296139666571373,0.99109260339969796,-0.85718063940462019,15.114485977252157,-1.9278979913741199,,0.4500447578807507,0.3571428571428572,0,2
-0.46355232450857237,0.88464547340238731,0.050215822520066331,-0.88598198260476235,-0.46196485291923095,-0.040303860448466615,-0.012456682641676818,-0.063173262192013066,0.99792483183934499,12.410142008322076,-0.65718782177799151,0.60806046676616499,,0.3847434495190176,0.2307692307692308,0,3
0.72822016636874876,-0.62156841118079931,-0.28870070924063906,0.684856842289297,0.67585491513964746,0.2723806881023545,0.025816561804474794,-0.39607176610275557,0.91785655809218847,1.7910956576752139,2.9128075249737462,-0.9150759742994411,0.584689031501212,0.4731140346707446,0.5614035087719298,1,4
-0.62410264738674615,0.78065504246443485,0.032765686315168262,-0.78126491351465588,-0.62290141262511078,-0.040236364902611919,-0.011000928860313463,-0.050710302942207505,0.99865281491603353,-11.410796442267173,-3.7389986770497039,-1.9306573175591197,,0.2432628824003875,0.1702127659574468,0,3
0.9929288086636211,0.071609635509391645,-0.094680732084485325,-0.04803678208972275,0.97172559107371059,0.23117491909571741,0.10855804204344559,-0.22499207931538195,0.96829422994926195,-0.1018230603738781,15.875998281042545,-1.8822460378944914,,0.2140295307568951,0.12,0,4
0.015106850266336295,0.98817945836513632,0.15255537073540124,-0.99593009891560402,0.0013126776032718428,0.090119448242118511,0.088853931533638422,-0.15329590647729346,0.98417749613995942,3.3967626437580445,8.8682741339945412,-1.0479764925280841,,0.4521962383686487,0.2631578947368421,0,3
-0.22021594693726562,-0.92376005605507017,-0.31332458497803439,0.96880983266132037,-0.24454500163388648,0.040065575181531345,-0.11363293912096022,-0.29472886016305999,0.94880053442950563,-7.0287806577503922,-8.9762676345836621,-1.0778219664840567,,0.1529451728761154,0.1818181818181818,0,4
-0.98060746885428884,-0.15762235458681054,-0.11646538267525958,0.15679655781611659,-0.98749678616165137,0.016276878614362358,-0.11757479102342525,-0.0023001423693390869,0.99306136661380517,6.6829514123237406,-1.7047134077557275,-0.045326646202327021,,0.06828760449532455,0.1777777777777778,0,3
-0.99120561130083107,0.095592693275111412,-0.091506683461682586,-0.086462890934324674,-0.9913223049858052,-0.099016443729863263,-0.10017786490550276,-0.090233722244184134,0.99086945192236819,-13.485378846281726,-11.150135196083431,-1.4995509181013951,,0.1000384550403964,0.2758620689655172,0,4
-0.99006559927884497,-0.018857541073668729,-0.13933593315894982,0.018405457589506957,-0.99982033156715366,0.0045325176079291166,-0.13939637102715871,0.001922948153284856,0.99023479741668186,-7.6496719402675639,-8.1771188211051786,-1.1779380765785439,,0.4308760620457648,0.7021276595744681,0,3
-0.38394340930957677,0.92321922631615627,-0.015928546949919301,-0.92072470570321907,-0.38409361214127785,-0.068833955428880905,-0.069666884209488633,-0.011762536820883598,0.99750096138904965,8.3546366134190695,11.91713107147339,-0.61067520015955834,,0.4489023519121628,0.1333333333333333,0,2
0.98777491526376038,0.13281027292964517,-0.081621983435975765,-0.10653873599000896,0.957377577887769,0.26847284982172442,0.11379900926335301,-0.25649484353900809,0.9598229944779284,4.0720110856481346,4.663332276048215,-0.73341324970681632,,0.7402137168000624,0.4182692307692308,0,1
-0.55986111562489005,-0.80789539047065706,-0.18401241606890797,0.81838713430625054,-0.57389877501302611,0.029710174024229593,-0.12960721281338974,-0.13395982268878831,0.98247480186106151,-2.4735900196485083,10.750601283201849,-1.8483218017065624,0.1174154907653013,0.1143657516578013,0.3478260869565217,1,4
-0.98460320397208168,0.15173119828487919,-0.086799620937802788,-0.14688849989788424,-0.98734796863423235,-0.059730707610103947,-0.094764441251245807,-0.046061179977169138,0.99443354145636598,-9.1323687761518162,-9.2640570433085045,-1.2594614928972048,,0.2897177829546094,0.1555555555555556,0,3
-0.69828434548956053,-0.69580371872665236,-0.16809568064164296,0.70287632420457247,-0.71093995424238887,0.023005528346420421,-0.13551326767842364,-0.10208607382004203,0.98550220081698647,-5.3699262385337789,-10.405631725376756,-0.77304542579839797,0.2780606192329646,0.3663202417288854,0.4895833333333333,1,5
0.71607058355946818,0.69501551224137303,-0.064779295339364537,-0.68552065033826393,0.71769434579948144,0.1223775468264417,0.13154602738435864,-0.043223416701090603,0.99036729496085307,13.534889185737077,-6.5056615157571258,1.1135036835895817,,0.08236037348507863,0.2631578947368421,0,4
0.99441107437006016,0.025675722403822224,-0.10240787298456874,0.010121902250197948,0.94232485714694525,0.33454657478118882,0.10509120926613769,-0.3337133813349864,0.93679838644873303,-16.383628620584098,6.1592939955919972,-3.2433483148609783,,0.1035995337693958,0.3888888888888889,0,3
0.60916181058428875,-0.73125344445668938,-0.30690436376157509,0.79304304323037544,0.5627440067763817,0.23324217976422423,0.0021494440151695457,-0.38547059914796294,0.92271761502798599,-4.36385407868692,-7.191382989636578,-0.94588717996123628,,0.6699354731582372,0.4086021505376344,0,1
0.92992337747314535,-0.3470788558075929,-0.121568005166783,0.36134834466153254,0.92378610955668361,0.12667516568174311,0.068336562975532672,-0.16172659534355849,0.98446666907482039,-4.1056807092785128,-1.6958125567435012,-1.3909012793929196,0.4081645157116733,0.31975270926879,0.9105935386927122,1,7
0.95608587801287626,-0.24469174681500835,-0.16132496057636897,0.28206072336924842,0.91774363427092731,0.27962183406809571,0.079633800592232226,-0.31284592181425225,0.94645965947177413,0.39145799548577109,-16.249160618771725,0.45552088656848971,,0.3795358988854483,0.1818181818181818,0,1
-0.60163782726315052,-0.76561078221651135,-0.2277543741838958,0.78915759397345731,-0.61382343286658869,-0.021238764980590998,-0.12354034434183751,-0.19251213836456912,0.9734869592871811,18.519878228067039,2.8346779037607988,1.1516523953172839,1.066372877762344,0.6655247608994743,0.2777777777777778,1,5
-0.34988588146499094,-0.92435868787463937,-0.15212128747200895,0.93036495046878842,-0.36186265289833996,0.058961677185985426,-0.10954875120545773,-0.12089845568927118,0.98660155813847872,-14.33650630476655,-5.1318387977847015,-2.1023770611581072,,0.08180681486866932,0.2692307692307692,0,2
0.93711945842634015,0.34471692639404433,-0.054565202246178744,-0.32024141799564143,0.91145907437344786,0.25823979155513327,0.13875357594982629,-0.22452749586574217,0.96453867147014638,12.664229523660689,1.948417661184179,0.47273270779369875,0.2013142585615858,0.2593016258384735,0.6538461538461539,1,4
0.23796751019627826,-0.95836598603900724,-0.15781666862047583,0.97000775130653549,0.22620799919569839,0.088965743435980307,-0.049562349583348222,-0.17425434830545761,0.98345258940145042,6.6440952870718606,-0.80390177532830109,-0.10378817175125173,0.1843473262736835,0.1777001299289497,0.5476190476190477,1,5
-0.11230612884698561,0.99343653849776581,-0.021706621132308965,-0.9925799908102042,-0.11113112889880679,0.049344037460383849,0.046607888459135646,0.027087195632884181,0.99854593713365358,-8.2054500657668221,-12.170144513798357,-0.90479573165101557,,0.3426200467597265,0.5636363636363636,0,4
0.84289873256760317,-0.48920220604514814,-0.22406009960831566,0.53597635044323078,0.80007599445353506,0.26945826182312776,0.047445530890516029,-0.34721694183859564,0.93658385470750549,-16.75771852295679,13.187317541990494,-3.6263128231339503,,0.5701681158434584,0.4468085106382979,0,1
0.46869589788623056,0.88240251962622274,0.041108985172507592,-0.87924549987109413,0.4615214245244858,0.11800561707528454,0.085155776439706635,-0.091453638867914105,0.99216164291750741,13.117386122686536,-2.6274086173971241,0.81196927669724051,,0.2341371300557314,0.375,0,2
-0.62908276933848306,-0.75210316205905559,-0.19645789101533434,0.76675363154879839,-0.64193736752386599,0.0022988438956293255,-0.12784262915065742,-0.14918863829828646,0.98050956771188547,3.2356953698190054,-5.3891982688932965,-0.22701604362718653,,0.2581505663513877,0.1304347826086956,0,1
-0.90593211398092977,0.42340087371722501,0.0043249269975154346,-0.41875047200839743,-0.89437514756685899,-0.15729315817130429,-0.06272995337785317,-0.14430798851847793,0.98754248384510657,-0.88561018050247686,-14.809432688216793,0.16170228833828945,0.6189597271190097,0.3115966034008389,0.2608695652173913,1,5
-0.89112360524116874,0.45113211686567922,-0.048770209290828717,-0.44985434936828295,-0.89240718273161346,-0.035220513390090975,-0.05941198983722739,-0.0094463401015419234,0.99818885093065701,-3.4535993773150375,12.759331574355564,-2.0916378805034652,,0.20698622288126,0.2631578947368421,0,1
0.84673974067406033,-0.51452627210249013,-0.13525726183661885,0.52902389740210987,0.84121194280263911,0.11178632860815929,0.056263021076967235,-0.1662082507053238,0.98448427608406675,-14.069208187240088,4.5837947189901787,-2.8997839446983678,0.6074557893375712,0.5698571099131416,0.9482641252552757,1,5
0.38009579406640215,-0.90714512207843945,-0.18059599891006586,0.92436937194886315,0.36564738270903674,0.10882672337663915,-0.032687176933708248,-0.20830198992646348,0.97751819904121462,-22.817103476974154,6.1873192553058347,-3.9132317080008443,,0.1401137659398436,0.1944444444444444,0,1
-0.5520536765919718,-0.81963646098708309,-0.15307779062247126,0.82418075828927595,-0.5642229356351397,0.048770447701240983,-0.12634403756015275,-0.099239864589968793,0.9870099459727667,-14.535048489622456,7.1118176799968218,-3.039659897378721,,0.06483816352202959,0.1538461538461539,0,2
0.074559977957459597,0.99721652693075047,9.0017535513933872e-05,-0.99408179628137938,0.074318447696586118,0.079234781718369673,0.079007543873803779,-0.0059972283717863719,0.99685597819488814,-7.2313252182530761,13.642262986478855,-2.5808038468971692,,0.1469121214797682,0.2777777777777778,0,2
0.99763209094027805,0.067439722548734871,-0.013494256136451296,-0.061729827515530002,0.96452472669698996,0.25667387865732932,0.030325558874147847,-0.25523310015090944,0.96640386229894792,13.853620030733758,3.7637812290681918,0.53659944461244258,0.6310579798766756,0.390469392937214,0.1764705882352941,1,3
0.63374846068840185,-0.73616924794346994,-0.23752416078670277,0.77351338564532612,0.60562012861512837,0.18681890173025925,0.0063190824164534162,-0.30212430918173699,0.95324759165647643,1.0442842480933134,10.289632086170464,-1.4352781569166138,,0.4290872599057354,0.1666666666666667,0,1
0.95888179023933395,0.27599432885308189,-0.066127473778655063,-0.26039497557584695,0.94823714013892946,0.18177123742770135,0.11287235729913661,-0.15707786763920803,0.98111486302861362,-3.9344987049716051,-4.0818504126444131,-1.1743396857430128,,0.3643011517984913,0.16,0,3
-0.05434654298014064,-0.93347265265162616,-0.35450706624500955,0.99493044640727002,-0.08070916079589141,0.059995317946087763,-0.08461595640266048,-0.34944933554831498,0.93312662688774639,-14.673942807454617,-4.2397027172151347,-2.2425623275501687,,0.4788354894839544,0.1764705882352941,0,1
-0.57540840800976345,-0.78614487872894923,-0.2255690440639318,0.81569926260842995,-0.57168908270244412,-0.088353300441477878,-0.059496865226108329,-0.23483573485967663,0.97021250283697258,-11.840284154468845,7.2238264801417813,-2.7697063313806796,0.4956281838111683,0.2904536528469278,0.3258426966292135,1,4
0.30717736208491969,0.94138743538707348,0.13939786482546632,-0.94521264969146002,0.28479613328978948,0.1595750899308333,0.11052201177050322,-0.18077848035242813,0.97729423714440666,6.7517446683931102,7.4157138235994129,-0.54698497884203434,,0.4928792218360609,0.1,0,3
-0.97908673549127345,0.16328868895929852,-0.12135060132934751,-0.16579431697733205,-0.98610146522341857,0.010777047009571501,-0.11790423589956686,0.030670903837025094,0.99255120110488926,-12.512460409480891,5.8645402057355822,-2.7874716982793206,0.648414766230339,0.5818803468163936,0.8740157480314961,1,3
-0.95464255665083808,-0.28179908013754051,-0.096160633654250954,0.281235931973769,-0.95943760535276601,0.019642606797346383,-0.097795396609434773,-0.0082921570526355605,0.99517199545275448,2.1441082916817948,4.8548388599728112,-0.98843156484182715,,0.1944430422353426,0.1538461538461539,0,3
-0.045774586563511258,0.98881162149367652,0.14197275944344304,-0.99730078237266218,-0.053402733246958455,0.050391443327509423,0.057409378186974093,-0.13928289658389628,0.98858709177056536,-12.868441037890523,3.353052205372256,-2.6790091933020195,,0.5890906656960629,0.3185378590078329,0,2
0.12114634340883633,0.99033287338261644,0.06756007235341431,-0.9876415233408623,0.11343938757590642,0.10814678321310983,0.099437341334170773,-0.079826720113841371,0.99183663468549954,-10.00452858257017,-9.6496462993050187,-1.3071333534198621,,0.366691485312219,0.1538461538461539,0,2
-0.98419988618738841,-0.13138110126197447,-0.11869957986413687,0.14250493660939673,-0.98563469657079827,-0.090645396781867935,-0.10508533232893934,-0.10612846530022593,0.98878401169433106,1.8095243834262402,-23.840916387266255,1.3587563100111535,,0.3403759793903979,0.875,0,2
-0.99348713645808562,0.067202564700303877,-0.092016982074041617,-0.046098805238950089,-0.97557578183667704,-0.21477149263647,-0.10420273435881787,-0.20913084227692805,0.9723199478364557,11.008363351375529,-1.9178040541683399,0.50396852964484984,0.7458041250330877,0.742589052808668,0.4411764705882353,1,2
-0.79407266261344556,0.60643470454230253,0.041055518711650814,-0.60671789207917037,-0.78674799846264853,-0.11367051660841354,-0.036633398982357193,-0.11517176755483853,0.9926698635685951,-1.12285569188491,9.1431236831868965,-1.5865339047399405,,0.7947815561931921,0.3035714285714285,0,1
0.72260008402365716,-0.67746346443659855,-0.13744952863711479,0.69090521699889651,0.71422772739807061,0.11193182987646833,0.022340539221582321,-0.17584654608307959,0.98416405773526394,-13.509514256713203,-3.5375249214040965,-2.1762311747117091,,0.1024713762046176,0.3818181818181818,0,1
0.81125886194989882,-0.56892224996367458,-0.13485745216347769,0.58343090960684474,0.80280035713904552,0.12296324773179078,0.038307083197290551,-0.17843503039955547,0.98320572989747423,-8.4841063264178036,-19.068197737634616,-0.23152137304282422,,0.1913067234751152,0.5151515151515151,0,3
0.52249293949676578,0.83628303582975683,0.16622819303414135,-0.84378684034221718,0.47911718098531492,0.24180673057213201,0.12257608348012995,-0.26660347122280992,0.95597996469100832,0.98545353513695177,-9.1223217733598592,-0.16202590095288513,,0.3916209556118722,0.2307692307692308,0,1
0.66176593795427718,0.74967940002095401,0.006829388531678306,-0.73729123375861627,0.64912530653788936,0.18718432903100293,0.13589510655719522,-0.12890746136788181,0.98230106709577314,-7.0393748627268584,8.073471022743103,-2.2482267439514136,,0.1662509177941406,0.1746031746031746,0,2
-0.77236974645160283,-0.61418801589164262,-0.16191990582190097,0.62202227696153845,-0.78299406359835699,0.0029297326352160031,-0.12858173171126991,-0.098454951652103981,0.98679955450198276,-7.9656489733564602,5.8961318793762487,-2.2765235475603629,,0.07816009783307235,0.2291666666666667,0,4
-0.92683139481702825,-0.31656423220943758,-0.20191743973013229,0.35339969355472067,-0.91714463987056216,-0.18426710545326999,-0.1268551227856082,-0.24214209969013309,0.96191214847339479,9.4368884680068685,17.518176286576569,-0.85559144091231043,,0.3103173827065985,0.2777777777777778,0,1
0.81265934027563358,0.57291383928496131,0.10655763425741761,-0.58247367530201644,0.7930759509336035,0.17819919649347901,0.017584488702637669,-0.20688225831744472,0.97820780867387314,-7.9695210626103856,-4.1250107079832992,-1.5572882262167955,,0.3814517387915245,0.2840909090909091,0,2
0.27394763701698627,0.96043219081252262,0.050226477318911993,-0.95600057576626973,0.26624063668361214,0.12320236407173671,0.10495518713893802,-0.081767537747950009,0.99110972069860537,5.949664013096652,2.3925359691638399,-0.37793744670112339,,0.4254881650167458,0.2058823529411765,0,1
-0.91183116457627433,-0.38208766592096255,-0.15024294611910208,0.39005036535306448,-0.92041200723602434,-0.02650376244411953,-0.12815865088013928,-0.082769272600550933,0.98829378613738073,-17.806895857121436,10.926292544615388,-3.6158955529884214,,0.07287575556124445,0.125,0,1
0.86804197613992862,-0.4641394785903234,-0.17628860448988659,0.49309926343521354,0.84736841701735055,0.1970276179655033,0.057933099854390831,-0.25795602387890304,0.96441819025039588,1.7457300819739829,-10.163628511233275,0.014349789372637796,,0.7451386356870052,0.3571428571428572,0,2
-0.13615871653677805,-0.95455814806039696,-0.26510289678266696,0.98606159205456834,-0.15640886790508252,0.056734493171785819,-0.095620816697340058,-0.25368288868615968,0.96254955789402241,15.654227352016198,-8.6039917883311006,1.5245394181175822,,0.08985301086583784,0.25,0,3
-0.56229047125149501,0.82368267967358122,-0.073323046482804313,-0.82692127947408967,-0.55946984149851897,0.056521624238474955,0.0055338497183272245,0.092413958141450772,0.99570529618352632,-7.5121195160132048,-10.507517676107703,-0.98741628795900671,,0.09166606189513751,0.3125,0,1
0.13879639430346202,-0.91391714269397706,-0.38143284758713963,0.9879588394955785,0.10119629265378612,0.1170326527755302,-0.068358557554313748,-0.39308366366869713,0.91695820022828034,2.6749311150832531,13.642908033514667,-1.4143729780418912,,0.5500542437582109,0.5,0,2
0.9220363914461277,-0.35257869711117729,-0.15980348929978838,0.381920612511363,0.89588445912164538,0.22699709611195854,0.063131122181917521,-0.27033182988264837,0.96069514580034709,1.7238149080465552,23.795070328106796,-2.2358428956540313,,0.1979994725093485,0.2307692307692308,0,2
-0.95057911355527147,-0.23835015673867008,-0.19896872029323029,0.27539703093367962,-0.94319765730655414,-0.18583501985455267,-0.1433730247479913,-0.2314462832582963,0.96222491847828007,16.453284027116336,-11.021627880042304,1.7377312245807928,,0.2185879001033698,0.1923076923076923,0,3
-0.90716008382034263,-0.38479557145476984,-0.17027316439141454,0.40068392505061529,-0.91351666867751269,-0.070282915807268337,-0.12850281914845824,-0.13198357563400034,0.98288725764136464,-9.4664073024796167,-1.4229167765080637,-1.9506708579843686,0.6914608313962103,0.6042264416882566,0.2307692307692308,1,1
0.23195773080335674,0.97150211552802512,0.048777562927327968,-0.9655396773158641,0.22387035630052027,0.13272224794153772,0.11802009426082703,-0.077882623828746056,0.98995229898021631,-6.2219327153920432,-3.6996721354779107,-1.4436995121642966,0.8816949202010756,0.3765230999228624,0.2142857142857143,1,2
0.57843646886853128,-0.74596014138632916,-0.33008289708161459,0.815724558250846,0.52788722411373135,0.23649212182218834,-0.0021671523634006224,-0.40605239327011289,0.91384722868225998,-10.069335088987231,-11.030708729661749,-1.1673924419854385,,0.1204790495344916,0.6875,0,2
-0.99430371250682514,0.016958981679165704,-0.10522604352322053,-0.021818274499562168,-0.99873959511351151,0.045201593449351603,-0.10432684310860137,0.04723996288000698,0.99342050296643714,14.746649931238977,-7.794412632265975,1.3416654564448856,,0.07705048240051232,0.4090909090909091,0,1
-0.71037850865255614,0.70347037125776291,-0.022176816882386277,-0.70276451986391508,-0.71068600117261538,-0.032364136906729943,-0.038527964714094851,-0.0074057072411697561,0.99923007932870334,13.635090400423802,-1.0856038847853633,0.78211030156845796,,0.1449231660835605,0.1666666666666667,0,2
-0.96189357308064471,0.25799856510141067,-0.090540015859090758,-0.23969262242616488,-0.95498421185483462,-0.17479302578326489,-0.13156063552833416,-0.14643051428446979,0.98043352842799436,22.991338422843043,-15.570962789105243,2.8044616848021344,,0.3939648180699885,0.5,0,3
-0.59279106744638421,0.7885890791672453,0.16348093030666083,-0.80535608459455554,-0.5805934518658421,-0.11963620128135168,0.00057215583745500983,-0.20257963340045074,0.97926562523609262,-1.8667912401597562,-10.737646768907501,-0.30655195192434814,,0.3654672852540121,0.3529411764705883,0,1
0.74856751497285601,0.66291881082888637,0.01361344102635236,-0.6468764063615392,0.72563628800636015,0.2345269545726702,0.14559392301927906,-0.18436547338795714,0.97201429094550373,-7.2797285420621964,9.6384865837691329,-2.3680063537835907,0.8643662094383457,0.507606196795195,0.5245901639344263,1,3
-0.51784205244449055,0.84716829484379974,0.11893480958712629,-0.85538448356496977,-0.51479429199065063,-0.057482364340153337,0.012529724512809783,-0.13150177620584907,0.99123674712872667,2.5708363960770844,0.80443735620749779,-0.72416317100118233,0.7413141662141667,0.3216301269562788,0.2941176470588235,1,1
0.22204006696783513,-0.91759435036310188,-0.32972536578588668,0.97401849735818624,0.19328368626876141,0.11802280892463206,-0.044566528527814349,-0.34736439772100486,0.93667059296793531,5.9485071108941021,-8.8547323663946305,0.35263542198392533,,0.4345325901440661,0.2142857142857143,0,2
0.34723501977353222,-0.86465733822944402,-0.36303653877929065,0.93704018008636991,0.30455345836612802,0.17088853648192545,-0.037195993689884958,-0.39951830802005023,0.91597029406537978,8.0367213061053793,7.037299985134835,-0.3971583275552496,,0.3441656475596537,0.28,0,1
0.27538757645225354,0.93787169153497751,0.21108854292233215,-0.95557361692539788,0.24305674127106433,0.16674076633745702,0.10507495121039008,-0.24762897798926892,0.96314025141104109,3.5244398464027324,-9.4651769665389249,0.11770296289584598,,0.4635978278254836,0.2941176470588235,0,1
-0.40196630716719278,-0.85590042461597582,-0.32535757413123467,0.90842425885606171,-0.41733287197472119,-0.024467118570553729,-0.11484099365725001,-0.30539767044220034,0.94527446229351408,-19.443640994376608,10.691013103894555,-3.7560124337759064,,0.2131176110039781,0.3333333333333333,0,1
