axis_00,axis_01,axis_02,axis_10,axis_11,axis_12,axis_20,axis_21,axis_22,location_x,location_y,location_z,dbh,dbh_approximation,score,reconstructed,number_clusters
0.73088421531063319,0.63406822718478828,-0.2525188054076391,-0.62814683184366937,0.76963348152477107,0.11443715201289129,0.26690788945724747,0.074978579546430849,0.96080091129987899,-0.46645729028662553,-4.8391090905954162,-1.8088807922870547,0.5932596786922093,0.7531178424796779,0.8384332925336597,1,5
-0.89427129873323064,-0.21087320140258028,-0.39472944809351135,0.32681035699661942,-0.91028969011083349,-0.25410169349625528,-0.30573490939329018,-0.35623752330172836,0.88296148963028209,-1.2428875778492614,8.7976800702545574,-3.1758501714134288,,0.6186721750847968,0.4525547445255474,0,2
-0.94232056945137055,-0.13759349161572809,-0.30512288582444758,0.14073257708659456,-0.98997737108065675,0.0117960372497886,-0.30368781031745745,-0.031825081511682847,0.95223992672611846,0.44770699031866273,-12.570685656489193,-0.8072579090876828,,0.1162513636620436,0.6,1,5
0.37480181471011798,0.91799883051035702,-0.12962155249656648,-0.91116138799309143,0.39055588528016322,0.13134315933283883,0.17119732684976716,0.068878499218882769,0.98282614313257288,-24.406054954395312,13.982826802980092,-11.219032241689705,,0.4175155213253189,0.2352941176470588,0,2
-0.40973120140620933,-0.80771771541784032,-0.42392503440397256,0.89056057089855567,-0.45482700876764492,0.0058533457368378011,-0.19754040638578912,-0.37513262227599115,0.90567836650174838,-11.368144563004169,11.3680259240083,-6.5976821938908081,,0.2765890009782043,0.3725490196078431,0,2
0.83170927383388471,0.51578052450968304,-0.2054997186256694,-0.49009573498600723,0.85594945771291775,0.16479288937781164,0.26089433563655268,-0.036345238718142214,0.96468293716395914,17.138258373128803,-6.2233858175389551,3.8498347910767521,0.6314005175839226,0.4356610176799278,0.3333333333333333,1,3
0.88636486184009611,0.38807633207305564,-0.25249572705277684,-0.3684274795599074,0.92148901336114375,0.12296011776116132,0.28038994989179061,-0.01596116347351275,0.95975346691754626,-15.564843726233507,8.0668277455301638,-7.77322880538616,,0.121615418954809,0.328125,0,5
-0.76204431482400803,-0.56081452961482925,-0.32369047810725998,0.58456264761056609,-0.81084299842090624,0.028638137689439281,-0.27852284154613499,-0.16739383287532555,0.94572952341162209,11.531546428776405,0.49867382378976793,1.539930742227781,,0.08443835357128596,0.3728813559322034,0,5
0.23830566359165428,-0.91273762586124796,-0.33184399502976381,0.97102076794561143,0.23030607099352657,0.063857512336760847,0.018140532474439825,-0.33744501774466495,0.94117043147394186,-2.6687865441328484,-10.544709833209717,-1.9884370590223512,,0.2010135900662774,0.6483516483516484,1,5
-0.23040502171383953,0.94358069409930923,-0.23784238413728973,-0.97297714052571793,-0.22719085401505332,0.041228629207225365,-0.015133075809010464,0.24091448602144233,0.97042835925254245,-14.379851190858599,-14.881417075393806,-5.3873678712698112,0.2146233671556826,0.1193539390932747,0.3333333333333333,1,3
0.68186758119117896,0.72618466979746465,-0.087820425139254532,-0.69026471495908581,0.67852669967130685,0.25126906119858228,0.24205624347028068,-0.11071288626132221,0.96392501358391158,21.839101349979479,6.9287442392076342,4.317043555500744,,0.4929447477011838,0.2380952380952381,0,2
0.050197325588889473,0.96159921500885581,-0.26982805302280016,-0.9963273540071137,0.066978854380177782,0.053344509774687278,0.069368812595472562,0.26615931837955809,0.96142976086598353,-11.493040526412107,10.255344912372465,-6.5648455794136842,0.1232077874372612,0.1270722219592881,0.5555555555555556,1,4
0.11706109616342598,0.95724128630192085,-0.26454833124414118,-0.98821422719161289,0.13873048180519215,0.064703126618279469,0.098637421606097217,0.25385620578812318,0.96219940025015449,-11.465133926779442,-7.7774193135153231,-4.9403042817415033,,0.07350028302879598,0.360655737704918,0,3
0.9386089075869517,0.20210900786797653,-0.27958052066810946,-0.17825618938042734,0.97797946975221328,0.10853979772760035,0.29536088018896167,-0.052039462735518627,0.9539674233285953,14.523923346472341,2.8109627324389161,2.320673064784105,0.2516489587618447,0.226454468916498,0.4923076923076923,1,5
0.95381575536964747,0.0020524808522729959,-0.30038523953580037,0.027867704834237155,0.99505962590265751,0.095287627348646958,0.29909680010976541,-0.099257887448876467,0.94904635078761257,1.2415646304408057,5.6609456421082962,-2.0906297413396535,,0.07188347935263319,0.173469387755102,0,5
0.93314085384163659,0.22294968675461849,-0.28203117570176545,-0.18165806178714539,0.96937528521252025,0.16526313868156886,0.31023941638586205,-0.10298054959633528,0.9450642893080855,-12.78000084276567,10.930643423680555,-7.0272905507706671,,0.07329880624123081,0.28,0,4
-0.59615219821986032,-0.67136618235159495,-0.44030671781415537,0.76780259087548197,-0.63704423857515191,-0.068218908984991791,-0.23469498929999807,-0.37873749126915152,0.89525201742560923,10.356471705054394,0.90562881587139121,1.1767345984130038,,0.06791237555542788,0.5714285714285714,0,5
0.1536011546096879,0.96473368189445241,-0.21376531131346579,-0.98294370927732699,0.17131791163256971,0.066871799332626644,0.10113530389878106,0.19984768242896203,0.97459353277818939,-9.2448723601705449,7.6989109017763422,-5.6739733441488127,0.5921660298014373,0.3111454086948903,0.3851351351351351,1,5
0.057317925626749019,-0.93748690174469884,-0.34326806501475199,0.99750446528203351,0.039579528341014414,0.058466252477022695,-0.041224957783490779,-0.34576259195209119,0.93741598709554785,5.3258870913178846,4.3153212305403343,-0.65553711736899178,,0.06750027841451865,0.1607142857142857,0,1
0.3245887950346239,0.91548133656289188,-0.2377730778347103,-0.93250920227253076,0.3518128628182331,0.081573875920458366,0.1583309881704088,0.19524761704220472,0.96788928407350427,-13.328949455474913,20.028044545851927,-8.0649071015045273,,0.4403622142723459,0.5,0,1
0.94274362331901873,-0.11104094181924484,-0.31449065158001616,0.18459859579534488,0.95906754221198109,0.21473892964680713,0.27777296326625256,-0.26049828927531288,0.924652811688214,11.199529938650642,2.419273948498847,1.3813709850038793,,0.0918096945824585,0.1818181818181818,0,5
0.85789209370587138,0.42507227591798497,-0.28867752909234334,-0.41963700612760502,0.90381757321187406,0.083776950539265357,0.29652308282023593,0.049268190542202044,0.95375400746496464,-10.256244903933153,-1.7860422755482783,-5.162648843830409,0.3087833060957627,0.2503630114441261,0.8991228070175439,1,2
0.6526334917009019,-0.67718062625224251,-0.33984691397585254,0.74065300690537506,0.66473512108890287,0.097777002167937041,0.15969548795227778,-0.31552118505663479,0.93538427018426018,8.0136110080923046,7.2183687563296068,-0.014896492140497949,0.230290057632106,0.1935327945504351,0.5797101449275363,1,5
0.2673018351429286,0.9432295207630661,-0.19714918232216724,-0.95291296792885161,0.28914669405564258,0.091384160934590855,0.14320127262789686,0.16343885853054999,0.97610508401502583,9.1682362778962823,14.443792696324012,-0.42069332297023643,0.5010723363716566,0.4200947819742492,0.4482758620689655,1,5
0.70733723013597671,0.67473503415105684,-0.21072891722005507,-0.65837378976459648,0.73737165755013701,0.15108604036364984,0.25732857558881284,0.031869614540121181,0.96579828735326312,11.204194707251032,10.671059691223777,0.534332477332774,0.9983448520068134,0.3761735146073975,0.32,1,5
0.45330828155748015,-0.81473232731851208,-0.36155613214764565,0.88719618796447264,0.45154077188043396,0.094835939342267223,0.085991429414289486,-0.36376113886970285,0.92751458636266415,27.692033161615242,-3.6240819304197252,6.729504551668664,0.1863526614312039,0.1345136315875162,0.5,1,5
0.7347847392745932,-0.57388594686967853,-0.36158858792094278,0.64999880926682962,0.74811496560555268,0.13351234470530024,0.19388897565584431,-0.33313498498731065,0.9227286420701547,-21.486273278159214,6.6367144502516577,-9.6383119929265195,0.220253728110433,0.1430051867442283,0.4477611940298508,1,6
0.82613635560241505,0.49747592291953396,-0.26460617541417614,-0.48116938480636084,0.86721224556304255,0.12813642835108505,0.29321450352434497,0.021462228702127824,0.95580574787040717,-7.5935294667853235,9.506430870092565,-5.2966609127162405,0.6073328115822535,0.3463507339632403,0.328125,1,3
0.70584488030942794,-0.62653789886321598,-0.33050456309866005,0.69052065171741617,0.71264835009223582,0.12374796427646231,0.15800074206384038,-0.31556709333972155,0.93565654762225359,-9.4301741263825516,15.542044612200245,-6.442730855620928,,0.1606866793888216,0.1052631578947368,0,4
-0.92769932534783628,0.29157600971388725,-0.23314671841674581,-0.24731930443439962,-0.94780496699923045,-0.2012434003530868,-0.27965536541116998,-0.12903168250827068,0.95139040435871003,-9.267390260775592,16.882465990393197,-6.5684784814450605,,0.2741621542693011,0.25,0,2
-0.015986980498550511,0.98329903832479937,-0.18129373316268588,-0.99839741476793353,-0.005854493093485927,0.056287894749439814,0.054286449867758477,0.18190306797891714,0.98181681347418936,7.2452959374959818,-9.8062946981486725,1.1081932768226903,,0.09157470140473736,0.4090909090909091,0,2
-0.37516896525493393,-0.79910244992991086,-0.46976964783344288,0.91579761896316592,-0.39792771956314255,-0.054481658424402432,-0.14339793795915801,-0.4506537523634877,0.88110625174820412,-4.9442119993432661,-17.415162026546536,-2.1678682980380759,,0.6577991054759362,0.5165562913907285,0,2
0.86398252879032444,-0.39623166831937745,-0.31070026547449298,0.43860975899561533,0.89529389060408604,0.077912314564567167,0.2472967231058385,-0.2035910471210429,0.94730935616263812,0.80203438985524966,3.979465943408619,-2.0372906579899328,,0.1110144921231837,0.3118279569892473,0,3
-0.26918471853426651,-0.90741023796088327,-0.32271697716637293,0.95261013162710073,-0.30015792686340498,0.049387812894080355,-0.1416810658804683,-0.29412901758384247,0.94520611328225002,-10.38563049089335,-2.776728813261049,-5.0960740626948366,,0.0728125013765922,0.3725490196078431,0,2
-0.78562133462908501,0.58192811831604963,-0.21013991455398653,-0.58776342791860869,-0.8080313423286738,-0.040243044316842995,-0.19321819628850054,0.091896762335039059,0.9768427272060507,-19.804171145987262,6.5177919930479646,-9.0701828296978562,0.1826064600940899,0.2620796117674833,0.48,1,5
0.013212653432406693,-0.89061755416236099,-0.45456110481114709,0.99916521677756964,-0.0058149844980837535,0.040435819975862812,-0.038656116865361072,-0.45471590930287725,0.88979725019565536,-21.060077384458438,7.5560361883673126,-9.553368960756103,,0.5069961580114681,0.2608695652173913,0,3
-0.50008271379753677,0.82680452995025344,-0.25751028836656414,-0.8593100159561694,-0.51061454242226667,0.029310161110207157,-0.10725472408382812,0.23593867491498557,0.96583091990319991,-17.360720749584896,13.79664994765538,-8.7560262402761406,,0.09390170421242182,0.2222222222222222,0,1
0.63199851202789603,0.75072203562803586,-0.19233903924326332,-0.737284712961362,0.65890623713976859,0.14917715204343815,0.23872396785410002,0.047528895219721527,0.96992364199002024,0.22381785577895633,-10.33057832167191,-1.0442632137867056,,0.1497329806833819,0.15,1,5
0.34000518481992087,-0.84306541862658535,-0.41669794121347986,0.93778916957525504,0.33709463912253246,0.083178589205417416,0.070341649987226182,-0.41905596785015575,0.90523154390810068,28.697367205623895,-2.1566028435485034,6.9337565374319743,0.2638425851087823,0.3630806996687783,0.2857142857142857,1,5
0.92557808695343136,-0.21903699362508214,-0.30875232853423468,0.27371105264727641,0.95064832384807774,0.14611647416893031,0.26150997038420187,-0.21975113148406208,0.9398521030466056,-8.4445273268473127,-5.2072637398381385,-4.2651610713660162,0.1503932081275855,0.1528468434764624,0.3582089552238806,1,4
0.78985708387360087,0.57960209392680073,-0.20046745314479233,-0.54624005058560887,0.81347011625294285,0.19972024709491717,0.27883255583041772,-0.048247100214326773,0.95912701094796871,-4.5608790362908325,-22.306523777234943,-1.6554355353907744,,0.1345844805605641,0.2608695652173913,0,2
0.91872166784603237,0.27293662993914569,-0.28540513847453197,-0.22645390742318694,0.95620058353685411,0.18546986778598462,0.32352608062252958,-0.10576407746130936,0.94028976123096364,-13.558084144180569,15.074204355563962,-7.6747959263317194,,0.1536251335586868,0.6486486486486487,0,2
-0.93197034042833526,-0.17282697199109021,-0.31868812703689281,0.19326881704606774,-0.98057647802684444,-0.033420578960901226,-0.30672210373480641,-0.092739465670550469,0.94727025847306845,7.1505193906366182,7.8988860897964912,-0.41267275126941344,,0.4843756897542982,0.1379310344827586,0,1
0.94215894898336905,-0.14210972950065134,-0.30354791982783447,0.17466085587236974,0.98114253816456209,0.082782276061556997,0.28605960965589844,-0.13101200168401467,0.94921322954237342,-4.5825937814849897,7.2539781788842532,-4.0926571067026734,,0.06454773906239561,0.2045454545454546,0,4
0.34360537690438853,0.90990105024971257,-0.23241218495781396,-0.92495660433166849,0.37070814255380508,0.083849586448225391,0.16245191616482688,0.18616001664906362,0.96899629676051791,5.2504781687894146,-11.801797153688462,0.61352159353824054,,0.0898605177204328,0.55,0,3
0.050460020930091935,-0.89371147778438742,-0.4457954472223547,0.99752541464755218,0.02321921012270297,0.066362002784005752,-0.048957465416025241,-0.4480409163879146,0.89267155428092004,4.7194205937861033,-6.9173630635090069,-0.0046132024493484563,0.7956786005336967,0.4105052609248518,0.8545918367346939,1,4
0.4198800314274817,0.88217427188835151,-0.21323534703869948,-0.88814075074679,0.44775166115620085,0.10355895323336992,0.18683352501996461,0.14590066466647844,0.97149690168239544,-25.835670639554742,16.092004219863334,-11.878499242242897,0.2922273320749497,0.2441989512353587,0.125,1,4
0.17329566380667219,-0.85886315496136767,-0.48199864518026392,0.98485326824854669,0.15396079087356179,0.079750328486736008,0.0057142738786152714,-0.48851832711106385,0.87253492259659515,-7.9266609404346866,15.926774491627866,-5.9601517259253685,,0.2287870897615914,0.1666666666666667,0,4
0.12634313317485465,0.95619513100132159,-0.26406113714238,-0.98458087855360399,0.15334167650498845,0.084183275258525814,0.12098721538317261,0.24935356764242483,0.96082511000588455,-8.1028417725250872,14.397962291436407,-5.7776053098211992,0.1351694858208047,0.1071365269182113,0.5135135135135135,1,5
-0.35343412847541628,-0.73545761310854252,-0.57808858849618239,0.92047710686315243,-0.3835771759842489,-0.0747692838322572,-0.16675194922297917,-0.55854332811755436,0.81254116083168504,5.362296179581624,5.4292223476219066,-0.71564651934491741,,0.09501457819036842,0.2,0,1
0.55124904936818997,-0.75019460561555629,-0.36514728436068949,0.82457984163378228,0.5566031785242973,0.10129652722504756,0.12725003081285527,-0.35693270424824958,0.92542232212982489,-6.003710373521205,-19.051875038906072,-2.3672223353847728,,0.0707641593667484,0.4090909090909091,0,3
-0.66832322586910042,0.74006278542425474,-0.075174060646029897,-0.72563097750185523,-0.67083993969721178,-0.15307991310666083,-0.16371850919679551,-0.047758234233842588,0.98535039494042087,1.9484824761403372,15.427069911737801,-2.8314782596681627,0.6582503331611343,0.663800418387382,0.2608695652173913,1,2
-0.84703479087731415,-0.43255413275459187,-0.30891582232114345,0.44239649788111912,-0.89586416889627152,0.041385136828503116,-0.29464792839242265,-0.10160862721597973,0.95018855243016787,-8.0153573433147578,12.535848006016966,-5.5903093304431035,,0.08574462240664353,0.125,0,1
0.86855468953046722,0.40895542292971104,-0.27994323237223445,-0.39846090643055837,0.91212523762609543,0.096210482443840548,0.29468908588743403,0.027982368411554596,0.95518340108950173,-10.119820653564897,-10.849021555194872,-4.2493631636970681,0.6112865204913156,0.4816302110219837,0.9017857142857143,1,5
-0.11696513999230032,-0.92824646295078828,-0.35309723879681065,0.98857142725868452,-0.14286888057694713,0.048114614935762412,-0.095108828372071949,-0.34343410864682666,0.93434860934431219,-11.294980788185217,18.639259427085214,-7.3230631180358516,,0.1239665306082485,0.1428571428571428,0,2
0.78479701294172854,0.54434275761372575,-0.29628467849557194,-0.55231382362396109,0.83116952687751011,0.064083210157537498,0.28114602738011374,0.11334981174973292,0.95294739176130761,-10.828811162110629,-5.1765334688996498,-5.0930207969509143,,0.07789057417646718,0.2087912087912088,0,3
-0.27243743954337246,0.94440419863796499,-0.18406127004352282,-0.96066134875698661,-0.27770656639797481,-0.0029725382847489807,-0.053922300947366164,0.17601071721469305,0.98291027712915402,-13.094321301755842,4.9439190020675534,-6.6794508810906708,0.6255938789082546,0.7605661889561059,0.6870748299319728,1,4
0.91658759766451925,0.30708727132459179,-0.2560558212538836,-0.24424646085465684,0.93706484672516177,0.24950579029738373,0.3165609612184655,-0.16615318480957261,0.93390699591023252,15.403733502951338,7.5903323876556517,2.2173211527407863,,0.274498953729683,0.1851851851851852,0,4
-0.30807325183651157,-0.8766754459033711,-0.36950106096329788,0.93980795992097887,-0.34078856297294219,0.024983070587979033,-0.14782378013041178,-0.33956342249565452,0.92889440311102756,-8.1016896556150684,6.6847544745752492,-5.2486383895434816,,0.3191938484704147,0.7456395348837209,0,6
0.47917387628152597,0.85725266057549876,-0.18844169449876585,-0.84127058714262426,0.50979288831932246,0.17993057057583844,0.25031219606331834,0.072312426008756731,0.96546088348865089,-18.168792363394758,13.024086953298871,-9.0185104599056558,,0.2080396977701435,0.1111111111111111,0,2
0.63806772508039589,0.73984183330985798,-0.21331582195289336,-0.72980830047288903,0.66942210722294337,0.13875837604292154,0.24545757835439369,0.067142416145861486,0.96707935206088091,20.440101292098479,-9.0383050583833704,5.0297798865550218,0.8044112336604637,0.5775708911808883,0.5333333333333333,1,4
-0.93638946096287368,0.21693114473517938,-0.27589065921401568,-0.19035580132721111,-0.97434793956079291,-0.12004483152019885,-0.29485495807046347,-0.059891327565201442,0.9536632438045114,-9.3275965278395407,18.408850921862783,-6.6893309389333524,,0.1603474359142468,0.2857142857142857,0,4
0.91275086360325353,-0.22662988129816369,-0.3398893318336062,0.31085851755075866,0.92513331098720397,0.2179342537739252,0.26505252886486402,-0.3045771721659935,0.91486605748475902,21.241629540858327,4.3778759858034855,4.2750327828906629,0.2375577915026554,0.1991843476589418,0.5555555555555556,1,5
-0.73018886853166398,-0.60360139367333976,-0.32013992851259693,0.63149454000026173,-0.7750946259909598,0.021046774332241086,-0.2608426004745128,-0.18679849655587866,0.94713645239857425,-5.832244404728514,12.196874735490459,-4.9370289096283519,,0.08074353688331586,0.3428571428571429,0,4
-0.093952154923381825,-0.86324051195230211,-0.49597259108702801,0.99363587220984551,-0.11239648746557808,0.0074015581588718939,-0.062134901971692753,-0.49212076579811953,0.8683066312238088,-9.4004514470454925,-6.726638629193177,-4.4040960274786656,,0.4392299269575869,0.2303921568627451,0,4
-0.40492536885201968,0.87985853987299323,-0.24876574417033226,-0.9111161336521284,-0.41113378235740766,0.0289206501186852,-0.076829920336099894,0.23836518793031664,0.9681318094784882,-1.1294000208491408,11.255002350163689,-3.3654260943159642,,0.07700609668551588,0.3214285714285715,0,5
0.28593441957267374,0.9354809055963611,-0.20764629293163617,-0.94703198899545871,0.30893188122160381,0.087701223390478741,0.14619137978329635,0.17157088339661111,0.97426460083878763,-6.4965760543727953,-22.742006483330581,-2.2509761286965091,1.065497461007719,0.5901293442378144,0.8598130841121495,1,5
0.77544530926530575,-0.52160342318324282,-0.35582923047714726,0.59307921248664153,0.79506383654841517,0.12700607674100153,0.21666014874605083,-0.30952118624811303,0.92588067006979946,-32.61121173826735,7.8646641976271674,-13.64647031408348,0.3850349848218258,0.3657659358929242,0.8,1,5
0.32449770314795617,0.90746959737995092,-0.26683360073793622,-0.93180506150323938,0.35517883094443514,0.07474841406939535,0.16260555958713829,0.22438121106727221,0.96083947884718945,-4.4326431811381362,10.585742859428253,-4.3322875707049535,,0.1105326286476363,0.2173913043478261,0,5
-0.92815858897264181,0.22022775672959138,-0.30003561268984036,-0.19314621737132479,-0.97410848099515845,-0.11750406788045728,-0.31814489219766651,-0.051111666174740229,0.94666331139924187,17.936651708112922,-8.3816794908047108,4.2567090202501845,,0.3383699854858065,0.6521739130434783,0,8
0.58105051123286788,-0.67012681634746329,-0.46185533818289476,0.80237447866929312,0.56670429524351984,0.18719358357787094,0.13629196372568347,-0.4793498636325646,0.86697647537821798,2.2071929693412602,9.4035959689225042,-2.1168344227618365,,0.266159371012461,0.1724137931034483,0,1
0.41001124372584807,0.90420003256180304,-0.11963728989581945,-0.89565075861889176,0.42393143058395838,0.134505987779134,0.17233832598637305,0.052004262116402633,0.98366409821541267,-24.232916633958538,10.788542447073185,-10.916747918067808,,0.6860705752077678,0.676923076923077,0,2
-0.3205181623788721,0.92089836648748669,-0.22184297641789294,-0.94619620272743132,-0.32226397808743407,0.029303146101593475,-0.044506780713285399,0.21929917242876376,0.97464199552584352,11.88903072637725,14.860778232006764,0.32546297950926811,,0.1279498020660597,0.4,1,5
-0.90324764229931387,0.32030204828738218,-0.28557012193791809,-0.33015078938095727,-0.94381905093157037,-0.014354628861766328,-0.27412433848868784,0.081315416505947841,0.95825030659353394,-9.6448298770024863,10.550640040784614,-6.0635304969453916,0.5729594270784436,0.5467167144160022,0.4791666666666667,1,4
0.78392291756069721,-0.42264435017083568,-0.45479293375315122,0.57028741966643548,0.77975704077809749,0.25836256758126624,0.24543251270629357,-0.46189902643939129,0.85229817029078403,-12.940353385244522,-13.597805423349353,-4.9356624016865203,,0.1663310943108932,0.32,0,3
-0.6058226759439187,0.75496951333114948,-0.25099784710765649,-0.77922022851650063,-0.62673499196567672,-0.0043686744530531951,-0.16060734971614291,0.1929359577329012,0.96797778664122525,-10.071946905320493,5.6861864999787786,-5.7894909724421355,0.3066820308764177,0.2022805949170526,0.2937853107344633,1,5
0.29215411660570562,-0.81935355488769501,-0.4932603006965367,0.95588867564778324,0.26655387402990877,0.12339316029657281,0.030377819517995373,-0.50755175532407082,0.86108559606393786,-17.210446768907552,8.6936115287192539,-8.2623432804751129,0.5887252046739425,0.3867912672718586,0.1617647058823529,1,4
0.36838857496796151,-0.81678678920962255,-0.44401486327116446,0.92060728526896352,0.38703349657810482,0.051839163151383753,0.12950708143875536,-0.42786027333600629,0.89451858692709874,7.1441267248901852,-7.2737219327447349,0.79107789799484385,,0.7660464905167365,0.1481481481481481,0,3
-0.57119022469520842,-0.72559757690887283,-0.38373152541407163,0.77511353855741749,-0.63063564049342791,0.0387000165948636,-0.27007541457458928,-0.27533042934520818,0.92263341860077153,-2.9822768891407163,7.8036598056031083,-3.6297016225230689,,0.2051225841864583,0.5115207373271889,1,7
-0.25734682703938033,0.96130677893790739,-0.098294900075169223,-0.9663056330404981,-0.25654550082722061,0.02092437715945894,-0.0051023687601045456,0.100367737711551,0.99493732619683117,3.2869143933727689,-7.7056552130248432,-0.35684878677423176,,0.0973152726154808,0.2,0,4
0.60244057291503961,0.75818078136807521,-0.24945392133597219,-0.75563876890538606,0.64242573280642112,0.12766843288489199,0.25705137041640247,0.11158441016659558,0.95993411876796053,-5.6343486185742835,16.721548960199264,-5.3757671198939381,0.6988002014771501,0.5867605294749033,0.7155963302752294,1,6
0.49828276307734148,0.86176570644089168,-0.095258360380807747,-0.84608745252514617,0.50730561061985158,0.16363691549624976,0.18934178276206584,-0.00094055092860473929,0.9819107926204047,-13.350676453856433,12.432859759030258,-7.3433657141795763,,0.3660688033571417,0.3333333333333333,0,2
0.62372849998210889,0.7288814404243793,-0.28230232750537398,-0.74300621765633945,0.66502260155627335,0.075410211134481223,0.24270253157742205,0.16271688672110493,0.956356991892516,-7.8152973975060345,-9.3377439629739261,-3.5936275076259037,,0.1781890789491319,0.7731958762886598,1,5
0.60718291503173583,0.74142016842805158,-0.28570096524457628,-0.75857181064481916,0.64790237347652024,0.069219379790136482,0.23642697770898224,0.17469587371088702,0.9558156913965079,-8.0264545732651875,-7.845447801333453,-3.8856871342244292,,0.07647815104915331,0.2666666666666667,1,5
-0.90237040064377305,0.32488639085419635,-0.28315453921795286,-0.32823188491138244,-0.94387386905107173,-0.03695874795066903,-0.27926956470320535,0.059589867933185194,0.95836191382493241,2.7252418832548893,13.308817900881067,-2.3109300828992994,,0.07768178136813661,0.3,0,5
0.51686250779554377,-0.7658781621884615,-0.38247063772024037,0.84959262050276307,0.51376073820200996,0.11934103682042675,0.10509770322205017,-0.38662713894002793,0.91622809835351515,29.301746330456481,-4.4788359585019233,7.2507725689675127,0.2501550692160466,0.1867426924246923,0.5,1,5
-0.6869042254048372,0.70565949337807155,-0.17380237203900409,-0.68831776694286884,-0.70844106257333717,-0.15598048778851692,-0.23319784911478789,0.012487604468621297,0.9723491260359477,-13.74651112222511,13.844539045055212,-7.5617181533806361,,0.4536074637626107,0.4545454545454545,0,2
0.95639658027803143,0.094080219088328434,-0.27650405712896681,-0.016443919949876561,0.96254386499824152,0.27062687496057769,0.29160791952409126,-0.25427980716238208,0.92212070844347249,7.7197014411040703,-4.6272227800170427,0.84656301773463505,,0.5715887030495153,0.3235294117647059,0,2
-0.95307257734688888,0.00039788881164337084,-0.30274164562189482,0.035460391691592451,-0.99296892380829305,-0.1129392623142179,-0.30065798331399451,-0.11837465115257748,0.94635734214622513,4.3356582024316017,-4.0345393573215569,-0.29751054490865825,0.4538828131050143,0.2740099996182526,0.1711711711711712,1,4
0.45931589325790612,-0.81658556641894831,-0.34959537027388671,0.88328138384724308,0.46153923412271053,0.082435018737910662,0.094036732980201723,-0.34665479670944382,0.93326713473085643,10.600671917629931,3.5609370409567478,1.0527455806241921,0.2968850421190958,0.2153087259576293,0.46875,1,5
-0.80876092100850439,0.51589459248926273,-0.28241554859782869,-0.54336589613628905,-0.83917791502332018,0.023106922190549949,-0.22507615503531819,0.17214295331918195,0.9590138310040508,-14.137420821106907,7.8240463932840019,-7.2108845236219912,,0.1189870180684126,0.6524822695035462,1,5
-0.50466148769573982,-0.72416710064090561,-0.46999871615363653,0.83745864788305635,-0.54288611300393919,-0.062750947350271771,-0.20971360452437313,-0.42527247578090199,0.88043371438205154,-15.270301142552144,-7.0704994480619083,-6.2606995725255272,,0.3734118309612617,0.1,0,1
-0.35180464394342853,-0.78880270549214726,-0.50400772246872017,0.92118679371568923,-0.38738401771503039,-0.036722117351389055,-0.16627803097115901,-0.47720426928856147,0.86291813156818298,-14.855584481878978,-4.6734847929621797,-6.4393990339505569,,0.4336229988615478,0.1388888888888889,0,1
0.75764808012441409,-0.55685000762402526,-0.34042246649261154,0.61931276373972211,0.77799133779884433,0.10574109408849588,0.20596380107401738,-0.29094251548903605,0.93430796064683852,-20.978430118712254,5.6867741698733125,-9.3331327762946295,0.1750062170853503,0.1139711230064624,0.3888888888888889,1,5
-0.13758977480205539,0.95786693502423559,-0.25211106413086409,-0.99030528970004661,-0.12812738699720774,0.053654504874933798,0.019091544254622676,0.25704923164356036,0.96620971090619268,16.673163848817897,2.9846013546171588,3.0146125224180156,0.2611991517814408,0.2131329946712109,0.3888888888888889,1,5
0.76530499431101517,-0.53287925425571636,-0.36103734719068797,0.59821526126184432,0.79587697624423182,0.093372050838365153,0.23758528337428869,-0.28743614781062338,0.92786512708245938,11.585650082885476,1.5222350693732791,1.4887093380678986,0.3577627562284548,0.2648967316494415,0.8397435897435898,1,6
-0.94720270675634965,0.13400795798350418,-0.29128834427511607,-0.13146472541571272,-0.99091453511842864,-0.028379747398484811,-0.29244496624975169,0.011412768644019418,0.95621424922820586,-6.8684659445388325,6.0272033429563336,-4.765081256051765,0.2185700066128155,0.08531312809008498,0.31,1,5
0.88113121134668726,-0.32937613812814842,-0.33929212785224855,0.40602384008195952,0.89477375285015337,0.18580789137050083,0.24238900485752041,-0.30148182506121218,0.92214764516423342,3.4935902969231987,17.640730600094574,-2.4611601035325541,0.2052641738577309,0.2814266652243742,0.3809523809523809,1,5
0.70615149639071073,0.67845702433158583,-0.20259844589801435,-0.66987649749329947,0.73283251240624969,0.11925597203684814,0.22938078003893428,0.051503154228398532,0.9719731903984058,0.077418231985160041,9.3713445425075506,-2.8201755366368415,0.1138684167211251,0.2117805028229137,0.2954545454545455,1,5
-0.92880595328836757,-0.17791241863740867,-0.32506410510955402,0.20183275151398486,-0.97855649792578847,-0.041118375253788537,-0.31077812270554322,-0.10379957447795635,0.94479765388458392,5.2537614026771484,-15.136890681656363,0.99301945653159784,,0.320297929783548,0.2352941176470588,1,5
-0.66041133633516247,0.71947736164521936,-0.2149632362057316,-0.73515932650792359,-0.67781932578105664,-0.010085942996621163,-0.15296284348959602,0.15137135686037048,0.97657005935766272,9.012833269411999,-14.630723127011391,2.1032119027475389,,0.40028912480474,0.4545454545454545,0,3
0.5221106477493529,0.82257609567374701,-0.22531985783078773,-0.82586733595268291,0.55357358242967469,0.10723540573147641,0.21294040225652211,0.13009556357582416,0.96836539045172354,9.1883986112570764,-10.644801683674991,1.8141223177839585,,0.0906508377856291,0.5454545454545454,1,4
-0.80777212254662989,0.54409516331770302,-0.22685821847752199,-0.55472943177448353,-0.83179627130472245,-0.01975400128377108,-0.19944787679910647,0.10988819908362679,0.9737274403766617,28.255480107141207,-11.720865748489716,7.5228175554612289,,0.2368414838763351,0.2962962962962963,0,4
0.35195298731599817,-0.82952030889380157,-0.43361867101414947,0.93434906764204007,0.3390018570591653,0.10986155245074332,0.055865145804830735,-0.44381730255046342,0.89437424350270456,-12.288602787447346,23.670299832807348,-8.0879908257031623,,0.1961713680698811,0.2222222222222222,0,1
-0.20584081954340921,0.9600751453952211,-0.18943408406103421,-0.9785842589181617,-0.20225379004623562,0.038291678071422551,-0.0015508730734333761,0.19325920316062195,0.98114651056120605,21.645046053863457,0.26269780209600307,4.7711516111181922,,0.1163202198062066,0.1428571428571428,0,4
-0.94663851362728968,-0.057081981481625257,-0.31720209946916589,0.079640713254459677,-0.99509956781643516,-0.058602106821032576,-0.31230254771589072,-0.080737212744026371,0.94654562550808308,8.1806011081271759,11.183116182973391,-0.44100290427372169,,0.1981291702391721,0.2424242424242424,0,4
0.94070968869692151,-0.092879421877319457,-0.32624943614276924,0.19195164322267222,0.93873786032761819,0.28622682657577714,0.27967811543961735,-0.33188046429288198,0.90090815800773139,26.838736221881202,9.0360060498885755,5.4499354547881635,,0.3539752646425764,0.2307692307692308,0,2
0.93531715691416129,0.23051598618481073,-0.26841049922693799,-0.17487966736559543,0.96068167336880173,0.21565672814780606,0.30756937091347153,-0.15476789901837576,0.93885461042129847,9.1148491720825415,-9.1961085844993811,1.5632991345429195,,0.09119875441156283,0.1666666666666667,0,4
0.61988115672855348,0.74221468266298873,-0.25468552446566217,-0.74452928986886202,0.65882108182728438,0.10784673693392177,0.24783762438386647,0.12276867263029873,0.96099134489357152,23.531346901295365,10.44834097853944,4.3677075729128134,0.2251418418605675,0.1707453015840487,0.4666666666666667,1,4
-0.097197996859756372,0.95464739917690278,-0.28142653153394509,-0.99490351035990265,-0.085576260509265548,0.053326435384279877,0.026824512670210018,0.28517546683055695,0.95809988969730064,0.32519978184942006,13.570799448994013,-3.1045592180988444,,0.07414157907729069,0.3333333333333333,0,4
-0.26092997344681229,-0.85618515304265019,-0.44594005501455064,0.95551456817894664,-0.294860245324088,0.0070246512525559959,-0.13750439612916859,-0.42426927703612133,0.89503526277370749,-3.1890135381765972,-13.154998150950266,-1.8702797990769695,0.7380952088336288,0.7751805612013027,0.5182926829268293,1,2
-0.73004688308007626,-0.52079072150728167,-0.44250262473457752,0.6251969731359549,-0.77043842165181087,-0.12471320388918768,-0.27597154434235666,-0.3676977873670047,0.88805295105568038,8.6951234180397421,20.661026726562653,-1.1678302268891334,0.5950460068062193,0.621288950254748,0.1111111111111111,1,4
0.17823748131500292,0.95936531283081528,-0.2187455069058955,-0.97855182727706413,0.19615185551743622,0.06293465587247371,0.10328466288468895,0.20283650094127548,0.97375029257951773,-0.20303482092717232,15.519787765429337,-3.4900924407133553,,0.6242936111724168,0.4461538461538462,0,3
-0.52090504215291067,0.85131755066955606,-0.062580867536825097,-0.84588019938175385,-0.52464289901916283,-0.096106798940822649,-0.11465001244464684,0.0028734005560823346,0.99340179092635283,12.139037085660863,-5.8680456964816665,2.2397103131396814,,0.1559903173157895,0.2,0,1
-0.26696504486506956,-0.84908859913422063,-0.45582695800103656,0.9532889431178676,-0.3020294640492503,0.0042887964910505961,-0.14131474002881114,-0.43338984028979027,0.89005808270257258,16.905894977149153,-7.8138179249311115,3.8273382280332786,,0.2066179059877922,0.4285714285714285,0,1
-0.91265984980989179,0.36075856996606637,-0.19210739897522,-0.35233165469383898,-0.93265401941280002,-0.07758147442430588,-0.207157919582349,-0.003119979036248121,0.97830254118300508,20.167620321864835,10.853942604067491,3.3161948651246869,,0.4106475809020042,0.4761904761904762,0,4
-0.95103099270489322,0.036601296827612512,-0.306920830158663,0.03988029358424168,-0.97013480983627076,-0.23926556987493539,-0.30651201134438527,-0.23978906525210819,0.92116860079311158,11.527304054966274,-6.9083428195740186,2.188080850693487,,0.4658287460157665,0.248,0,2
-0.77767450659266613,-0.46707242006506805,-0.42079177298328174,0.56389476798589289,-0.81416017292489218,-0.13844097464639829,-0.27792994159318085,-0.34494429584712583,0.89653130471196618,22.014777767652532,5.4944311965263974,4.4688910769439572,,0.4428508313331294,0.1111111111111111,0,2
0.77470338636276326,-0.48689974884422138,-0.40343933587777692,0.58932873158854293,0.78722344573577807,0.1815788881123791,0.22918618911772701,-0.37842817159841974,0.89680868063281494,18.698475379564272,5.6316989755936993,3.4648697194192493,0.1050169270866848,0.1855874146099015,0.2631578947368421,1,4
-0.65772258310636911,-0.64391043650319135,-0.39087127476210726,0.69684411076448149,-0.71716793368588105,0.0088566464071800546,-0.28602323151230852,-0.26655112953238991,0.9204027414019702,-22.051253602617802,8.7072239648203187,-9.9457127608419551,,0.7167637184795598,0.4,0,2
-0.44119463569248846,0.87932797675167884,-0.17924732281953895,-0.88843266039753521,-0.45616279092939527,-0.051018781938251191,-0.12662820134208069,0.1367399629709776,0.98248027010803896,-3.8724387011153341,17.728383389648435,-4.8729270565777218,0.7167646120028334,0.2536361895848612,0.2727272727272727,1,3
0.90657175987010052,0.36429455842284797,-0.21311292525215511,-0.32572273090118525,0.92501059163187149,0.19560191191071757,0.26838842519807471,-0.10791144551138353,0.95724749837612011,9.4042199526667929,-7.5574418671959087,1.6104337102198867,,0.4221362923704543,0.3478260869565217,0,4
0.32194300462878017,-0.82255649626143268,-0.46877874549589926,0.94663151364003151,0.2877975352050961,0.14512531176005877,0.015539599550054854,-0.49048281232677993,0.87131230431908646,13.653532363360613,-12.902545652053076,3.3407711319562323,,0.4565496730005531,0.2222222222222222,0,2
-0.95277887521936022,0.064517489209602499,-0.29673204835646066,0.020053846976303472,-0.96166767499601757,-0.27348331958129679,-0.30300207615985586,-0.26651974871263001,0.91496282186161748,-6.7321347736698005,3.8712325175674103,-4.4787608587757983,,0.3799677951421444,0.205607476635514,0,1
0.10506416494964582,-0.86394723695400544,-0.49250044974900459,0.99371647169245758,0.071989191881214193,0.085703734687472707,-0.038588795401315823,-0.49841020054953517,0.86608208436478185,3.2552137799516574,-10.715323123194681,-0.057015656212654205,,0.2081051627403818,0.4117647058823529,0,4
0.26069374750777158,-0.82230584366653836,-0.50581802012405452,0.96528175339964639,0.23093185455691126,0.12207217170432857,0.016428833314018506,-0.52008035727449808,0.85395931718857165,-5.5660597694741689,9.0789799523209584,-4.5621613230754035,0.9597687959490813,0.7037122063936946,0.5118483412322274,1,4
0.067946218493573282,-0.88846005140724194,-0.45389651733172087,0.99721570526750669,0.046467065313480951,0.058323657369731885,-0.030727000508555747,-0.45659560761640511,0.88914357813862255,-14.604067668980653,5.9025228997346746,-7.3059039275422499,,0.3286330768865506,0.3157894736842105,0,2
-0.3686926411343952,-0.75386684066366638,-0.54382949802408365,0.90473013522100809,-0.42532096055690399,-0.023779464542524883,-0.21337553467143522,-0.50078624887144718,0.83885875696981549,-1.4184480576042138,13.175706146242726,-3.5412215699798244,0.7733066416636123,0.5454949174465155,0.7834394904458599,1,3
-0.11637625616692923,0.9925469903903219,-0.036152992513542967,-0.99294975742781078,-0.11544371873522462,0.026898457737097307,0.022524347373927039,0.039028446954719687,0.99898420112816666,-5.565790482384922,21.792149318156152,-5.7847555239596575,,0.4334262711202488,0.2631578947368421,0,2
0.67855176627047853,-0.6338149631358887,-0.37127630276691048,0.71403777989533523,0.687762328105892,0.13089319661656898,0.17238778777324915,-0.3539231167123949,0.91925017165254286,11.074533094588322,12.16213252990714,0.39575281997452916,,0.08807517383007514,0.2,0,3
0.45627084802924378,0.87549031223956486,-0.15916540583099203,-0.8517403673171311,0.4814712078940514,0.20669741810560224,0.25759514731678013,0.041257594982171117,0.96537171645699948,-3.7011379544039138,12.492358873715979,-4.241988879720842,,0.3378909812495036,0.3461538461538461,0,2
0.61498666984946337,0.77669124385530208,-0.13616940781971032,-0.74409574389527156,0.62876229114374438,0.22578641489826434,0.26098452027737029,-0.037532558588146733,0.96461307643086469,10.697489036636325,22.406115129637552,-0.69257431647762058,0.3401387582645042,0.3482794909320768,0.4814814814814815,1,3
0.93300490765715316,0.25257364189002413,-0.2563364931297879,-0.18817147353329311,0.94958771441786216,0.25074821868753161,0.30674637542435129,-0.18571410298916682,0.93349715217292017,16.08347686102767,-7.1774840191714881,3.5964828459651459,,0.08128037740214085,0.375,0,1
-0.75490038888703148,-0.51625285027171164,-0.40448534886265369,0.59559198953389858,-0.79785667420863693,-0.093246498185106538,-0.27458256474376003,-0.31130005140871181,0.90977837583208787,11.38586304537068,-8.6630211161937929,2.3147420240719261,,0.3175927140714573,0.32,0,1
-0.67114677852348259,0.70565378151191371,-0.22718878122717065,-0.71901668364988791,-0.69424353907273395,-0.032263246719472539,-0.18049102556821975,0.1416991499399379,0.97331615654710568,-0.89145728012086611,18.850905054821439,-3.9777365040349246,,0.4895115641013004,0.3846153846153846,0,2
0.080901589218931036,-0.93459052297866008,-0.34640364781613558,0.99616568859240695,0.064205120823931275,0.059427462769321239,-0.033299455446989264,-0.34988320453896943,0.9362013081856243,7.2156543138093054,12.197472903764327,-0.79985041580833882,,0.08253837687950685,0.4,0,3
-0.80228342195786873,0.58451868088715531,-0.12115784145283848,-0.55447588336727749,-0.80488203556183691,-0.21147435682349314,-0.22112848214476671,-0.10248326948225614,0.96984502569254705,-10.995766685185441,-6.3603193320214064,-5.009054449712683,,0.6652955350278669,0.3881578947368421,0,1
