axis_00,axis_01,axis_02,axis_10,axis_11,axis_12,axis_20,axis_21,axis_22,location_x,location_y,location_z,dbh,dbh_approximation,score,reconstructed,number_clusters
0.4100029452052486,0.89100618356573147,-0.19495016227398237,-0.88531062529269888,0.4401784390813191,0.14989342384435597,0.21936882564957161,0.1111347048206079,0.96929169795142911,4.2390951626080264,7.7106451740135418,-0.8084523832667907,,0.07432344830393975,0.1071428571428571,0,4
0.42681027900323165,0.89529664501977402,-0.12758096705042005,-0.87274334547243482,0.4447440950536129,0.20130013126802768,0.23696421390320913,0.025428474812297971,0.97118554045967698,-13.182642854014093,14.850407982852332,-5.559290243736025,0.5249970642384064,0.4995792677927884,0.7235772357723578,1,5
-0.6050487394787647,0.78549762108125687,-0.13003657228196927,-0.79524071589917023,-0.60418041354340835,0.050578964666066657,-0.038835893595139177,0.13401311564993196,0.99021828815795221,-8.0082376680796319,15.244131864539936,-4.3796534274657333,0.780748944691421,0.6139309140941226,0.2875816993464052,1,3
0.76597382027483785,-0.49777552535724262,-0.40682137727618684,0.63116854553278245,0.70249498248965392,0.32882680351044152,0.12210804143709886,-0.50864557988071013,0.85227301980305237,-24.843401046778649,-28.035593219474286,-4.320454690862527,,0.4877924860853128,0.2,0,1
0.95685114953691774,-0.10531254041164691,-0.27082309071038191,0.17935690741882959,0.94733441699154552,0.26530850371678849,0.22861972222674032,-0.30243473877075205,0.92534655745490002,-17.277205204634384,-22.251119591534053,-3.1675400594334868,,0.1019238979344913,0.2857142857142857,0,4
0.95860956729937796,-0.014819270922252208,-0.28433797968514646,0.071366642115268192,0.97927102183316284,0.18956547204336144,0.27563472182453552,-0.20201152196635747,0.93979617211262645,-19.964518315071885,-19.637844406198827,-3.9584991430817338,0.3319665439677848,0.201807285686097,0.25,1,4
-0.93837789176975817,0.24578491707346617,-0.24297470398568674,-0.27235828199885692,-0.95868843920811075,0.082081927093279466,-0.21276254008723886,0.14320003864491307,0.96655359420350861,6.5479509281923711,6.3605794328237382,-0.22487187979017417,,0.07663185177935669,0.2926829268292683,0,4
0.4291056911150043,0.89865782049490162,-0.091007843156886356,-0.86677632211724243,0.43802501423890727,0.23839650651364871,0.25410059675180152,-0.023413854111593097,0.96689434695111354,14.953756683284725,0.51632417248307994,2.0540156667480356,,0.3384569312844479,0.7096774193548387,0,3
-0.20001944998566973,-0.88161253391742633,-0.42749451419535839,0.96218663664331128,-0.25908194317282823,0.084103644313575324,-0.18490293640843869,-0.39450714411970639,0.90009722660724312,5.4076486199917522,12.789300398326475,-1.0203590269966931,,0.2354296260210293,0.125,0,6
0.93562555173119821,0.28234426563203957,-0.211864443955076,-0.22546587448984454,0.93980866062943225,0.25675829265369465,0.27160627089266326,-0.19246141709603784,0.94296799338109283,-20.514609425595076,-22.442004354479497,-3.8705570097602209,,0.163928850564289,0.21875,0,5
0.88300004920689823,0.43837946677313422,-0.16773299082863338,-0.37752447465450345,0.87565625768031707,0.30116671366893139,0.2789017463865312,-0.20260691374433767,0.93870349651289708,5.4729353176070763,7.4356563224692414,-0.50902289905298137,,0.6602951513088868,0.5921052631578947,0,1
0.30335904926126078,-0.8966526781606633,-0.32247055986339801,0.95232408281584058,0.27377420073410363,0.13463479602751269,-0.03243653064480314,-0.34793916387741131,0.93695582058068039,6.3127573859511434,11.410482481536834,-0.65440365530775479,0.3806793236282441,0.1699383768149416,0.1304347826086956,1,2
-0.72411971482111115,0.6520124403284282,-0.22478971565523059,-0.68060877140887033,-0.72825157218107361,0.080133313279195095,-0.11145554669328778,0.21101996415685742,0.9711067067210164,8.717236777527626,8.7018797373846066,0.021169849832162004,0.4282702605309906,0.3473730623227606,0.5344827586206896,1,5
0.71468199763146234,0.68589640456116996,-0.13702468562840314,-0.64498948891579344,0.72205305386938679,0.25025576234332075,0.27058862032547937,-0.090473806197998038,0.9584342903623605,-3.4337624818017285,-26.884737159163812,0.38541820586810605,,0.151636641658686,0.3076923076923077,0,4
0.95927409483323156,-0.086668739990198071,-0.26885263712746937,0.16301581671048113,0.94713930096223986,0.27632044454758237,0.23069255402829578,-0.30889427654339946,0.9226945710443033,-12.216349234059017,-22.895303496487351,-1.9177627248159761,0.1665162874278124,0.1428126289193217,0.25,1,5
0.014438785525321665,0.98922962302915007,-0.1456580735632593,-0.98921052504218121,0.035371697673058262,0.14216673362463583,0.14578771765250367,0.14203378445050269,0.97906707914031244,-23.479606471388738,-18.331296123833564,-4.9127682487465458,,0.2032595149578509,0.5588235294117647,0,3
-0.098981505812410983,0.98570584499802383,-0.13633285973616061,-0.98968454827958097,-0.083255623173420959,0.11658900508472743,0.10357198657817146,0.14646667998810278,0.98377861089246788,-21.126183534601939,-21.343730141475461,-4.0917954703066988,0.3747599718706283,0.3275615138452,0.8245614035087719,1,5
-0.66806040124391874,-0.60170824825470004,-0.43776989877340061,0.67345274596896076,-0.7391361960125159,-0.011793332481230301,-0.31647543227978936,-0.30269599886091436,0.89900969574132672,3.43938321687587,10.907351436406501,-1.2995455866729835,,0.2754688995834196,0.3902439024390244,0,4
0.90799688786923671,0.38231865002306697,-0.17138874369199675,-0.30961861366522953,0.8878843146259302,0.34029069618969005,0.28227285681021963,-0.25591774789135308,0.92456916486675889,13.531207889526296,8.2588575544506586,1.0940865141566805,,0.3001129719005657,0.1,0,3
-0.60698889032912051,-0.71061043481616903,-0.35580513901206851,0.75311803399547272,-0.65729152772446031,0.027947709252071185,-0.25372763721718666,-0.25099931775209927,0.93414218864162435,-4.7313163933465443,11.895753084442223,-3.3250924063842113,,0.07333481090907951,0.3333333333333333,0,2
0.47504903476552091,0.86866336206701356,-0.14054315341125367,-0.84944538734462416,0.49438408540037188,0.18446384475495117,0.2297192819231503,0.031754361988080911,0.97273876863597974,-1.1040636795194725,10.785778651405751,-2.2826218429054363,0.2158577849184821,0.08477059019883461,0.3703703703703703,1,5
0.88015008475998313,-0.31258266205664842,-0.3572504831047445,0.43522811504154296,0.83182832065184598,0.34443886662064538,0.18950545156902421,-0.45864335201015216,0.86817852972905973,-16.959607677069307,18.209502072918692,-6.7849615147207833,,0.2916102778575038,0.2727272727272727,0,3
0.24320036347039928,0.95184127897099535,-0.18668626852215464,-0.95481690671563635,0.26881746935063294,0.12673532586420391,0.17081644492802792,0.14742912812189443,0.97421065192460765,-1.525952365898422,-27.741606452116226,0.89879961758553906,0.427085903994414,0.4171929315822284,0.7313432835820896,1,5
-0.72984775034114313,0.67396706429297182,-0.1144144115497954,-0.6813122598917869,-0.73084478364033456,0.040981785549907127,-0.055998802157891416,0.10786240528574287,0.99258744485453565,2.3046432014768135,-23.074036653697512,1.2491770853942823,,0.554667187839168,0.2368421052631579,0,2
-0.96772984589192068,0.015334998211362345,-0.25152292778165802,-0.029756023357766156,-0.9981173243949425,0.053631947723474689,-0.25022694587899946,0.059385558619406413,0.96636423308374253,-20.97136994449593,20.876313589912769,-8.1204763137993616,,0.08595708498752021,0.25,0,1
-0.72680559609843431,-0.62079662469894692,-0.29387952674930351,0.6314910322496311,-0.7722565133360566,0.069562589071512748,-0.27013459916918248,-0.13502380668767952,0.95330785686433617,-3.0395391475090374,10.894543991696088,-2.8314825854167029,0.4293421748525303,0.1552273981558961,0.5520833333333334,1,5
-0.10736389449576608,0.99383824892063743,-0.027541407753836154,-0.98895995189914521,-0.10390921357503885,0.10564605470086208,0.10213328398882801,0.038579921158265799,0.99402232469149288,-26.421033825101642,-21.103096051728539,-5.2757916528189561,,0.1377645377972778,0.1428571428571428,0,2
-0.93003190319619855,-0.24877373486892457,-0.27046679625533254,0.24950277115677325,-0.96783640467798426,0.032265476365372588,-0.2697944147352726,-0.037474292779980461,0.96218846966604887,11.154038455196735,-30.838532290530694,3.7314646641052889,0.6845074679592499,0.4754449815677211,0.71875,1,5
0.87650345311346589,0.43950122354907234,-0.19641886665755154,-0.38264642073195054,0.88365195453491663,0.26970528349968753,0.29210171752524089,-0.16123863601968419,0.94269755959868418,-11.090711498895642,-21.495941330440484,-1.7654292702150831,0.2427796633317999,0.1841989945620563,0.1764705882352941,1,5
0.53951623274050464,0.81235381332767864,-0.22136737921715713,-0.80471902222757441,0.57484559681410674,0.14825597825561604,0.24768837250583653,0.098152034086983322,0.96385509716450501,-14.1754064884532,-25.576798735332368,-2.1604947791420113,,0.09383734758153765,0.4736842105263158,0,3
-0.10948118494184417,0.97637934507366919,-0.18627196422769063,-0.98877352334229462,-0.087805625971672407,0.12090116453114484,0.10168967342357778,0.19741718912302217,0.97503110912307345,-16.153032362803252,-29.023704752667648,-2.2899952757158308,0.4460664011977064,0.4452742141210949,0.9166666666666666,1,5
0.81549847852170632,-0.48372747327846394,-0.31775771135318487,0.56057740830965219,0.79671723289121432,0.22581988421527263,0.14392776251166553,-0.36228356629827779,0.92088838453342792,-25.273658559873276,-17.952133360923746,-5.361701400804777,,0.1686471200447487,0.1333333333333333,0,1
0.9304259809094273,-0.23611832569277652,-0.28027777350473121,0.31102597739684701,0.91324706570725089,0.26313995964397313,0.19383068754215754,-0.33200592351513203,0.92314772995322836,13.137670066380633,-31.912009974837602,4.2644993355344134,,0.4733748829138669,0.3076923076923077,0,5
-0.94186599200498566,-0.20225577956184365,-0.26829284883927695,0.20171254281575601,-0.97898850780148627,0.029892334526104996,-0.26870151316147434,-0.025963459446879118,0.9628735096565304,-18.736457764275794,18.915155773101926,-7.3410976419151019,,0.07851601185224996,0.2608695652173913,0,2
-0.8213294608113002,-0.41079020840497765,-0.3958147565238222,0.49823786821128258,-0.85447901189410091,-0.147053204360723,-0.27780738558161866,-0.31798902954516389,0.90648002383131976,14.346987158400026,2.9791486306332091,1.6700396541444051,0.9803082093378275,0.7939788510558132,0.3962264150943396,1,1
0.42532302855006149,-0.79979075729644977,-0.42359776430969798,0.90502139112021207,0.37272336023707864,0.20497214042014686,-0.0060500413088787688,-0.47054440946286019,0.88235557216091098,-3.7570840808960222,26.530653982914686,-4.2203355001017444,,0.3170320394438721,0.3617021276595745,0,5
-0.63326772813519683,0.74198385691122903,-0.22007258026756135,-0.77077576093739142,-0.63030702582279785,0.092831996368725175,-0.069833450823159671,0.22841411795586231,0.97105627018446983,-15.055710810648351,20.594298024417323,-6.6262508839826735,,0.1086117663127741,0.25,0,1
-0.15767697270825129,0.96854844623513703,-0.19248864790699785,-0.98378008346143042,-0.13718869637040573,0.11556820052596949,0.085526134381155389,0.2075889421035991,0.97447016960711852,-5.9105188179087786,-22.723458112004597,-0.60756682779639448,,0.07649295066969378,0.16,0,5
-0.88020188764318108,-0.37233636070435189,-0.29429623084032097,0.38308347536124893,-0.9234382341949362,0.022558336199406597,-0.28016368054144358,-0.09288413279121939,0.95544798392225172,-9.578977693314835,15.459808240025779,-4.782646391343147,,0.07208475514921979,0.2647058823529412,0,5
0.66187361145407397,0.73389982286358468,-0.15269044653003547,-0.68633055547595812,0.67520469894498725,0.27027575389345132,0.30145263488781382,-0.07409227033509988,0.95059804565115025,-4.736650150101358,-23.146829949225655,-0.31888217036309907,,0.1905886871470507,0.3,0,5
-0.9653452995133498,-0.054818495816093271,-0.25515365022657005,0.04453081001537057,-0.99795173177277241,0.045927638858322538,-0.25714871119034766,0.032973831566660561,0.96580912543056763,-19.075941462229817,11.530447364616659,-6.6809757744004452,,0.09958730542909304,0.4186046511627907,0,2
0.51352441589964914,-0.79594467668705837,-0.32056940890929858,0.85687863372753059,0.49539861608941882,0.14261563111359188,0.045295489137040873,-0.34792568578680905,0.93642727204712162,-4.8762499272271826,-22.306268933347393,-0.35745757358130126,0.4158887862122206,0.3856452326172166,0.8214285714285714,1,5
-0.90576488954776457,0.38642919865836284,-0.17396102806888172,-0.37862030972875854,-0.92230928341764373,-0.077409603942484265,-0.19035920236076229,-0.0042497230367272059,0.98170530910792497,-20.232232211846991,26.003541494478611,-8.4509598773116039,,0.2098288201670912,0.1428571428571428,0,1
-0.67198264176962252,0.7239606564757699,-0.15594966186398537,-0.73584896637538511,-0.67646139753182188,0.030434788213022906,-0.083460336954725531,0.13520704687429058,0.98729601773274511,-10.735733638159791,13.047410690556564,-4.855121523983204,,0.182997002312936,0.3058823529411765,0,3
0.5895718797107633,0.79272733873131029,-0.15488177776062773,-0.75382579556902607,0.6088930698080165,0.24697347929382152,0.29008907009579499,-0.028854739086415365,0.95656454849801587,-1.9958661647735887,13.345935348090277,-2.7958546384119023,,0.1045840847344546,0.2777777777777778,0,5
0.78876442665749413,-0.51420569752037693,-0.33681327152779839,0.59868055567657985,0.76688709769262375,0.23122666724962057,0.13939968254790758,-0.38402692617857898,0.91273821464611427,-3.4340359487857772,-22.818044157532526,-0.02930729128676424,,0.1800786421915443,0.3636363636363636,0,5
0.27404306842510756,0.95133227698602119,-0.14095139379496763,-0.94249526321047739,0.29482191677520198,0.15742527184289376,0.19131930240821216,0.089704716451188382,0.97742006751061095,1.1582828264600915,-24.438164677511896,1.1103429352827892,,0.0923253114271238,0.1818181818181818,0,5
-0.84617730019126713,-0.44598636940892133,-0.29168499265897452,0.4533342194176857,-0.89015655202725597,0.04592818729172423,-0.28012865284717736,-0.093367398937719601,0.95541115058891235,-30.32157916324141,14.786718158831189,-10.03113101062157,,0.1250219701574905,0.2173913043478261,0,4
-0.48113025094016715,-0.79146074940841937,-0.37696626344557033,0.84774205105417977,-0.52956737098900708,0.029863262685845215,-0.22326463334953969,-0.30520203428164527,0.9257454411260374,-9.3621532737810487,27.335223728668026,-5.7042440020937537,,0.4875879637657236,0.5757575757575758,0,2
-0.94268391569286347,0.2388953737040313,-0.23297217755942864,-0.25434067686554246,-0.96635918513410568,0.038219699089931808,-0.21600429436830279,0.095283396926004252,0.97173207165591358,4.2481684979769856,4.9716619721085671,-0.57424366826574325,,0.1426339552420157,0.5035971223021583,0,3
0.859974629566573,0.47336906081450963,-0.1906970601908258,-0.42561254912197355,0.87143850295036074,0.24382143795312292,0.2815982857400412,-0.12851718888624236,0.95088681641352424,-10.264107898151659,17.848566956127666,-5.1098364127561284,,0.09057048437467644,0.2608695652173913,0,2
0.95145822509557665,0.24555473383772794,-0.18555354641681915,-0.16304596787319056,0.9134715417012198,0.37280793293905717,0.26104263685894419,-0.32445741660791266,0.90916672098677831,-32.35914128551871,12.535126115981621,-10.34621884975412,,0.267383868795406,0.2941176470588235,0,3
-0.93615631928532472,0.29000760644948298,-0.19876351290816524,-0.28703715473200786,-0.95689676913551358,-0.04425206234028016,-0.20302959800360632,0.015625665408437038,0.9790479155358216,-20.906188727494587,11.818185528476008,-7.2016281962503195,0.5184144431923082,0.1951628678955955,0.1851851851851852,1,4
-0.64783250107407686,0.75897147937003906,-0.065386115154216093,-0.75591108380049832,-0.65110320212941863,-0.068286554784769041,-0.094400656457792387,0.0051878395957787125,0.99552076943711543,-11.400044110246149,11.238092413517561,-4.8289742266435356,,0.3095943606157485,0.273972602739726,0,3
-0.32496511602430089,0.93521069941333845,-0.14063648555807298,-0.94542651336136718,-0.32499229573616767,0.023424678130189124,-0.023798764688118056,0.14057366543897395,0.98978414989550634,-25.851299314022164,-31.962633963638357,-4.1838502190554312,,0.4524192790578979,0.4666666666666667,0,2
0.78957794698061967,0.58009575782588274,-0.20013889525597872,-0.5482185722402535,0.81335892272735788,0.19468862285878211,0.27572280045858916,-0.04400198373034709,0.96022953648336962,-24.299465984580245,-18.873089416185895,-5.0290051074035471,,0.09224909326551128,0.1904761904761905,0,1
0.3535742729554866,0.93179548006135238,-0.08211222102239589,-0.9145897897076164,0.36278736246668492,0.17863607193689116,0.19624156049770641,0.011937879698588061,0.98048291008141786,-10.421002746828137,-23.911340394543458,-1.4399017672344456,,0.1546324523928924,0.1739130434782609,0,5
0.93959097434384775,0.30148054782653688,-0.16210576860121351,-0.23604186076069228,0.91362864663047882,0.33100896668336577,0.24789723858931723,-0.2727492902619012,0.92959925976811131,-2.0187115117256438,-29.525579223955209,0.97623374597473189,,0.3933772543160778,0.3492063492063492,0,4
0.71350292468118859,0.68976817802772394,-0.12301803547327565,-0.64731085534458821,0.71613799657499622,0.2610268691430212,0.26814591741148636,-0.10661252478890267,0.95746098434019122,-27.9509767670496,-18.677027340320507,-5.9279074585693552,,0.312007083796211,0.2608695652173913,0,1
0.95916626109606484,-0.079661087102007103,-0.271393063243559,0.16652423405336639,0.93464004380996679,0.31419367908957641,0.22862581448282621,-0.34655749841639616,0.90974069780538824,-3.8766494116370538,-32.745848705877329,0.84351746653205217,,0.284877904820073,0.35,0,4
-0.35999137600082159,-0.87439770180614851,-0.32532271405661412,0.91137438999211184,-0.40415901525508696,0.07779596168532564,-0.19950671786068128,-0.26848491477951736,0.94239743211889881,-5.0211086953386257,-26.974940329781525,0.0021549852580006689,0.3191380104426751,0.2631618356144802,0.4473684210526316,1,5
0.59590607407019947,0.77899057137120009,-0.19511442950487848,-0.76089891656023734,0.62539080749946352,0.17297160655040139,0.25676602124054454,0.045387527030465898,0.96540726262358323,-19.782455526529173,-28.263275636796049,-3.13379254437567,,0.1767025100845817,0.2307692307692308,0,3
0.95952360675407466,-0.099243301794789296,-0.26356254500691428,0.15469236464719072,0.96776163748507704,0.19876540275426283,0.23533958528372137,-0.23149120946824756,0.94394231790794048,-21.685879995610879,-24.548756673261295,-3.9381154368164055,0.302017014646403,0.2572224380977818,0.3333333333333333,1,5
-0.51786914981709109,0.85130800517098748,-0.084179712517429964,-0.8549672222053506,-0.51839798842652973,0.017163174234221239,-0.029027446015622325,0.080859173425910855,0.99630276595555478,5.8418954587187448,-30.093049349204904,2.6776925995963787,,0.5680254098555477,0.15,0,1
0.30837706503812423,-0.88986814735734698,-0.3362116388188785,0.95050934729648384,0.27416763348861212,0.14616459711320962,-0.037888869876064907,-0.36464611483746479,0.93037500206822943,-20.899134052322246,-17.934555894176086,-4.3169447988619885,,0.09374134847634091,0.2631578947368421,0,1
0.77726278353758327,0.62330231813029568,-0.085771705945536153,-0.57096874510978912,0.75603755143828333,0.32000298892816265,0.26430523535329464,-0.19975345060500152,0.94352599409673654,1.8252731677519674,-25.22959458374627,1.3509442918664476,,0.3702141565324765,0.4482758620689655,0,2
0.20408808906118348,-0.83406641652946967,-0.51252440402486588,0.9765522407718239,0.13681673770326039,0.16621342102179079,-0.068511115498759101,-0.53442903467338554,0.84243209456382284,-22.37411924295257,14.045197101997459,-7.7589130877316723,,0.3789259631078657,0.3181818181818182,0,1
-0.96389411313604167,0.092322447624045179,-0.24976930220984284,-0.080456387065907256,-0.99510803244416279,-0.057330389370826962,-0.25384032075694218,-0.035164889162560574,0.96660670498822854,7.0084822665515318,16.452733276409162,-0.88984509127039579,0.5118176674672297,0.2771738303836936,0.3513513513513514,1,5
0.94886821203637839,-0.1820732054575753,-0.25787296105115248,0.22560579635590702,0.96251647598789969,0.15054586710518159,0.22079660513128976,-0.20102582248616102,0.9543780581385235,9.0490815874454036,5.6631900518585283,0.3340527992356232,0.8353629542270108,0.7719080850744666,0.5736434108527132,1,1
0.88699390633984032,-0.3839638180540198,-0.25654160781707619,0.44369521527578687,0.86259133133841925,0.24304475110807619,0.12797017643718447,-0.32940549710834083,0.93547616346833939,-34.142967661720512,16.447470663223804,-11.202347092382999,,0.2905361491299687,0.6818181818181818,0,2
-0.94832219111043847,-0.12185625960889725,-0.2929779408788783,0.17033470024350439,-0.97450623547184856,-0.14602632269369428,-0.26771460875427389,-0.18838431203424699,0.94490223792672401,-22.743372215478249,-28.089540033059659,-3.8442863712747375,,0.481910019635217,0.2307692307692308,0,2
0.89063485892280125,0.38332570412721317,-0.24460366437758022,-0.35016770576226253,0.9213418100560653,0.16885451395745465,0.29008985834178547,-0.064735412240835982,0.95480741539289149,-21.351821380086889,19.303191680143769,-8.1122523188416213,,0.1242989197836419,0.4285714285714285,1,4
0.11838183931596528,0.96970291992774071,-0.2136866565880583,-0.98030317083893337,0.14839479445692225,0.13032527851963552,0.15808679060345843,0.19404956083872393,0.96817009588966174,-3.8442506611610709,15.137184688166679,-3.3591080429973244,,0.08371387130697883,0.3333333333333333,0,4
-0.85351434726633724,-0.37446898259626354,-0.36233443127011539,0.44247158306486128,-0.88810741098285728,-0.12443522305762841,-0.27519476228771894,-0.26652993758796689,0.92370430072548704,-19.522343109677717,-25.679899161682076,-3.3664392116175694,,0.3131540269364828,0.1304347826086956,0,5
-0.80865757249703085,-0.4808985835003971,-0.33883548047765205,0.50062986459640968,-0.86503509179809956,0.032924590081491734,-0.30893796969195941,-0.14300644162122744,0.94026937020060652,0.181858249718895,12.707765913111938,-2.2141315680179781,0.6191203899828531,0.6754672351021773,0.6265060240963856,1,5
0.20677720637468192,0.96740583800635049,-0.1461818439995641,-0.9626837020721557,0.22783696251735464,0.14604933507385226,0.17459460669943677,0.11052720525778366,0.97841732415640159,6.568566782642554,7.3885923587615308,-0.27998422167077175,,0.3513754742217786,0.5416666666666666,0,1
0.65019008269059697,-0.66880407320219259,-0.36049128704997957,0.75707929875997715,0.61022270139517498,0.23336492900835878,0.063904551949731062,-0.42465205329791028,0.90309846742754074,20.2163349557175,2.1613852112430818,2.9950284777926002,,0.321324064413037,0.35,0,5
-0.71884959886108846,-0.63106758199314861,-0.29156296262483694,0.64155973772150843,-0.76375063485603856,0.071316692938657611,-0.26768705077377325,-0.13578908171984297,0.95388938988423633,-16.340272109471119,10.871730451988354,-5.9461058879571089,,0.08137896361184038,0.2,0,5
0.87683595661637503,0.42844964568205662,-0.21815042126836984,-0.39153294619345447,0.89965364108689327,0.19319751065727958,0.2790352257864952,-0.083989446920529939,0.95660081307526801,-16.588792962534214,-23.891181045223394,-2.8590160212828204,,0.1549904359159843,0.2,0,1
0.32748021127566607,0.92689203814718424,-0.18337900872837923,-0.92234130241009782,0.35571530241227411,0.15084145815453942,0.20504446613183275,0.11974044115962795,0.97140053204618371,-7.4829335681086766,17.090910847107867,-4.3629063167677806,,0.1055925157177114,0.4666666666666667,0,5
-0.80452130570727765,0.58383805123302357,-0.10898898382626983,-0.57683837156083739,-0.81180730966950165,-0.090699421509775058,-0.14143182724584649,-0.010100589071523116,0.98989646748652971,-27.777815668683203,12.756418261623486,-9.1024614510122905,,0.1079568539732267,0.3181818181818182,0,3
-0.21275135270257584,-0.86358533986331387,-0.45711839024085327,0.95915420608072843,-0.27384486698401406,0.070937985481371535,-0.18644052907260214,-0.42335487430720881,0.88657237692105884,-23.211047803482984,27.886749936765177,-9.4733842473364636,,0.2730218124141727,0.34375,0,2
-0.94968799818224181,0.19240664503956414,-0.24712828460786532,-0.21204314205797545,-0.97569957165700516,0.055209163863604534,-0.23050035144178888,0.10483333827059121,0.9674086826012348,-17.359772886273422,15.599549674452273,-6.7125173500277766,,0.1053903660003398,0.1785714285714286,0,2
-0.84054430368974853,0.52865236268977456,-0.11837209534867323,-0.51888252292353965,-0.84842542922343789,-0.10457159485982651,-0.15571191649716096,-0.026475846908914111,0.98744763334125085,-26.995306902632329,-19.841023420464676,-5.4976129071210273,,0.6465096778264372,0.2692307692307692,0,1
0.89704628289331134,0.388435856450075,-0.2107736980061562,-0.35151058640867544,0.91619227869058617,0.19243704453763744,0.2678586828720001,-0.098535749307793213,0.95840619369786495,-26.390226554836865,-24.867720066110053,-4.8901938965619687,,0.2610961041872402,0.7241379310344828,0,3
0.87603849335763517,0.46103791809506334,-0.1414234642280274,-0.39263013445031181,0.85216384941755796,0.34591668255142261,0.27999667083238061,-0.24750921563534006,0.92754571450595602,-12.474427284555681,-21.779138241112875,-2.0259883959025222,,0.08989508473917054,0.2222222222222222,0,4
0.16307251568172387,0.97120465273863876,-0.17369190288569689,-0.97212855527850395,0.18822538951303289,0.13977580174978868,0.16844413507558847,0.14605726699307875,0.97483016372963649,-18.374647897639942,-25.613684671765157,-3.0987404459146162,,0.1469853710557817,0.48,0,3
0.66105850445509062,-0.64565013032503393,-0.38227943038942858,0.74542993713801153,0.62326801208470495,0.23637088215429675,0.085649649771727662,-0.44121751361799649,0.89330355600475142,-18.12025648934846,14.584601615177476,-6.7715038242223287,,0.1788091197631203,0.2758620689655172,0,3
-0.93850991729954936,-0.21194206894259579,-0.27254301411469906,0.19889524336518793,-0.97714866823470037,0.074974411193781898,-0.28220527510501231,0.016156719329233699,0.95921798519597257,-11.117518629506186,23.078018303172275,-5.8054163568508486,,0.2522023659398442,0.4516129032258064,0,2
0.3126253083482769,0.94362978741574066,-0.1087577164244931,-0.92779707397210731,0.32789345469947667,0.17798447093507816,0.20361239183542376,0.045262640963249147,0.97800474805805093,-13.156665267751199,26.352274254332809,-6.6610515627842535,,0.3760068711022615,0.7428571428571429,0,3
-0.91112051737321853,0.3847730519732408,-0.14767904826601708,-0.37577746245390892,-0.92273350884046668,-0.085756459667253898,-0.16926518110131197,-0.022640011885111715,0.98531047306348185,10.002802200412155,8.6022014967509772,0.31044731194096575,0.5296792435468081,0.3496264843976457,0.5441176470588235,1,5
-0.78659913019415506,0.57282222530045868,-0.23051357135671474,-0.59078099960524977,-0.80675426172675035,0.011196950082314571,-0.17955394421515361,0.14499054930427213,0.97300468741379909,20.964476723950686,3.8555574321257997,3.0511406258324625,,0.2928568179115804,0.5454545454545454,0,2
0.86901744264452419,0.48405660460434985,-0.10245920123873434,-0.40854192647674453,0.81881079688262393,0.40328944099630576,0.27910961769570325,-0.30860667920080831,0.90931828248551594,16.689411005750458,15.518855859677828,1.2428363694615034,,0.2705770754284423,0.1428571428571428,0,1
0.66071942167846498,-0.69583710928724107,-0.28153252592844619,0.74642220825485761,0.64872231641222045,0.14836860588650511,0.079396050536641505,-0.3081721491756505,0.94801170542965563,-6.422785679799321,19.514099478951415,-4.3529616473028119,,0.08339897663032431,0.2608695652173913,0,3
-0.31762834873954621,0.94794763419486971,-0.022528091382536523,-0.94727025852957158,-0.31616176196807677,0.052161265078225695,0.042323626762234917,0.03790808744307575,0.99838453890477508,-5.6008383967081983,-20.498838152713258,-0.69029761070063489,,0.376050521797119,0.2307692307692308,0,4
-0.78104581669246587,0.58998772704807056,-0.20465071258085049,-0.61144701293928472,-0.78910842637255452,0.058655279348548264,-0.1268857068184773,0.17094552746556882,0.97707606870943964,-12.751344206456961,20.548075968422044,-5.9937477534783161,,0.141600314635062,0.2941176470588235,0,4
0.97649712757827545,0.081722317992104748,-0.19943626193190922,-0.021558944668498631,0.95772270717951469,0.28688399756263971,0.21444946196285125,-0.27584176423220869,0.9369753195090601,1.6791104634952765,15.558168805784165,-2.0934777589138593,,0.4719767994048875,0.5,0,5
0.90426300417276473,0.34941855651091863,-0.24538763548775724,-0.31988020197644235,0.93506918782174819,0.15271630682375353,0.28281632850307076,-0.059601059992271659,0.95732055132011096,-17.972061275945364,20.915188394021627,-7.3681833061121358,,0.1721713638953924,0.5,0,2
0.75722185567339828,0.61812492824348919,-0.2110370450288673,-0.57802793332394165,0.78462868052116452,0.22414625136474747,0.3041361037229674,-0.047743133407822311,0.95143146028740044,9.3492819401743379,10.77605441360231,0.03060575502617403,,0.1033238222809166,0.2,0,6
-0.96689253929302732,0.10970365813600433,-0.2303994896935789,-0.067257258612313048,-0.98050730375497186,-0.18461280683395973,-0.24616108267441328,-0.16300470752323448,0.95542356402897399,6.2944791177717789,4.3039095964637237,-0.098006823687297809,0.1806784030184498,0.2282661843629915,0.3333333333333333,1,3
0.13160170280765204,-0.92163260232619049,-0.365067580247248,0.98747979654769336,0.089569379687658005,0.12984982723321029,-0.086974957477729445,-0.37758531824188107,0.92188105752310867,-12.680965717568592,21.581961271966549,-6.0514069198720257,,0.1281893479054196,0.2,0,2
-0.86747725497697636,-0.40800224712778094,-0.28463551857821889,0.42975147443483203,-0.90281183333898107,-0.015635338314102597,-0.2505930611942363,-0.13588583414686661,0.95850829822151917,21.995705162311101,1.2961594140678734,3.3822066660229191,,0.2083978922166688,0.2413793103448276,0,4
0.85935032701349789,0.49874734684318484,-0.11299601532212752,-0.43161896960048923,0.82588256039179997,0.36279892712313361,0.27426644078852647,-0.2630001529611134,0.92499126428287171,10.145965919747985,-32.961535818364098,3.709682735159233,,0.5099728533934456,0.375,0,2
0.80514630499398476,-0.51217749202016671,-0.29902114343715774,0.57144281875322545,0.80488970015619421,0.16001773488535601,0.15872155634916665,-0.29971117304899331,0.94073411775043803,15.931351871772037,15.880770924232152,1.0949535334026508,0.2279353607764217,0.1606620701513903,0.1,1,4
0.84495967713337117,0.51444793931656774,-0.14624110828219841,-0.46893200374523714,0.84410530198599432,0.2599788741852106,0.25718849095973451,-0.15109452965633743,0.95447604643897921,15.085613329485543,7.2115692694575744,1.4868852147813201,,0.2989129936081871,0.3846153846153846,0,4
-0.026273198876566727,-0.92843234334102376,-0.37057131953118944,0.99154788975953867,-0.071318196946069265,0.10838125805584069,-0.12705314373992255,-0.36459168753916515,0.92245888799617826,5.8843982226931368,9.6062351680976725,-0.6140360003725549,,0.5239675790821102,0.3990384615384616,0,2
0.88305646606282584,0.42764793069345447,-0.19320591377657365,-0.36470732643958809,0.88451442071331987,0.29089999242260017,0.29529619670074009,-0.18641750702063228,0.93704251199734345,-5.8715965468441214,-25.981042503829713,-0.3017200517269833,,0.1890689873927495,0.2857142857142857,0,2
-0.40670858297656015,0.91294357389523506,0.033498647981581552,-0.91352310626368938,-0.40673982238324741,-0.0061847562591015766,0.0079789006472522576,-0.033117182413962977,0.99941962626987757,13.972944335715752,4.8824703985490467,1.4651586740861247,,0.3097865753322644,0.3492063492063492,0,2
-0.16582805232837811,0.98502641321697293,-0.047159541196704,-0.98064158972950943,-0.15966272863293279,0.11335733579380008,0.10413034886025579,0.065044433661869905,0.99243442710128194,-26.300168850669291,15.444685617752171,-8.9685357684014235,,0.3846044298225406,0.1875,0,2
-0.90975721553170819,0.35462055743381538,-0.21583806205885284,-0.3754845002941084,-0.92465303383463715,0.063467763937947105,-0.1770683450729546,0.13878410307282776,0.97436429219640119,13.28726682746537,6.7810669180129972,1.1567192042836998,,0.1602529069149999,0.4074074074074074,0,4
0.13987424850425384,-0.84402530341670268,-0.51774171340323216,0.9864467646799604,0.073483862737103819,0.14670685863201768,-0.085778639869203949,-0.53124514972805059,0.84286452994097005,17.252046894224787,5.2564904621886095,2.1228550567399531,,0.3726628005192842,0.2380952380952381,0,2
-0.86317047700207761,-0.39891102632304776,-0.30952660743448085,0.41493730495127995,-0.90972132847215104,0.015301551641378051,-0.28768691418237102,-0.11522628867041608,0.95076765921410489,11.921820499617466,9.3688920135539018,0.65199407212130545,,0.1501793472708695,0.2777777777777778,0,6
-0.93918361911338955,0.24284892623653828,-0.24281377352785297,-0.27013793934944286,-0.95899682194392333,0.085735577361391035,-0.21203684423493915,0.14611466225952371,0.9662768144582965,7.0806252144095163,12.337459944934514,-0.55477001801728221,,0.151359695087388,0.1538461538461539,0,3
-0.90785433220351408,0.38989693999521891,-0.15421053038517127,-0.39762148009840526,-0.91729512933490431,0.021605653491955826,-0.13303259023135927,0.080932205461271903,0.98780175544261395,1.9422364980433742,9.6787289665075971,-1.5007595776075136,0.3287205282608077,0.3306224186221774,0.2035398230088496,1,3
-0.94323496446680566,0.21544365197007101,-0.25276834183319286,-0.21538351629486555,-0.97612071254585298,-0.028254122662624823,-0.25281958530889631,0.027791857886333902,0.96711419693822231,7.9287795141380544,10.706678247219696,-0.27004340147258243,0.3813680678853124,0.3105519408904243,0.2941176470588235,1,4
-0.62299423391905107,0.75524578474972104,-0.20367127711435593,-0.77944339558695475,-0.62130992666740337,0.080261872021676908,-0.065925545727683818,0.20875291529059867,0.97574384075851772,-14.226781184218884,-20.666423142221202,-2.635124295809276,,0.9475717809121424,0.7894736842105263,0,2
-0.89187596657830104,-0.34329410534583182,-0.29445953452864443,0.34249144376537277,-0.93784883240779437,0.05602837226662153,-0.29539274058028481,-0.050879512440093172,0.95402012768406885,-10.896501631256806,-29.70154885893874,-1.0557485732142615,,0.1981850097184853,0.3076923076923077,0,3
0.94054530928399982,-0.069803398646732961,-0.33241842115206488,0.18247932590762606,0.92927369775658664,0.32117236847851549,0.28648877255516436,-0.36273665405520605,0.88676169459707199,6.9296365940060269,-32.215003061661264,2.9893177209510751,,0.583331364854269,0.3684210526315789,0,2
-0.18818050907971343,-0.92000406812423308,-0.34377406917532599,0.967513291693883,-0.23382466954001843,0.096146005170100093,-0.1688375740117336,-0.31451317706792997,0.93411740967207646,4.796508601446539,14.86079215050192,-1.2838599852553265,,0.1361911576300486,0.3571428571428572,0,4
-0.95870974372747975,-0.14246988768888488,-0.24612589945779215,0.16475943119809178,-0.98367513071252033,-0.072371037362935625,-0.23179723275585479,-0.10993438188129645,0.96653219013497216,24.516398756163888,5.8095962634948854,3.6140992238660257,,0.4251316841697919,0.1176470588235294,0,2
-0.95281199011772377,-0.13566236477748678,-0.27156036947773476,0.14279157961557412,-0.98973097022674084,-0.0065704919849838284,-0.26788033947789602,-0.045036977662979705,0.96239897878384761,-6.7901402267861748,23.952050305880512,-4.7503259225592354,,0.165904494191106,0.6666666666666666,0,1
-0.96254144717815171,0.15887510787710821,-0.21971040612867188,-0.13371129102197707,-0.98309243139351032,-0.12510220617571713,-0.23587126386532301,-0.091038296523126699,0.96751060740890171,-14.892294414123157,-26.820631652813038,-2.2050746079182764,,0.3563685623053445,0.2631578947368421,0,1
0.16393340586405197,0.9842715602442883,-0.065843254294477405,-0.97508617299840428,0.17179149289483725,0.14033758654148856,0.14944160621841138,0.041196828315275359,0.9879119533984918,0.45082122386008189,19.2053603293439,-2.6872247948736008,,0.2329341761573758,0.2307692307692308,0,3
0.83321255652816117,0.54236940836749148,-0.10766736047151881,-0.4811058097878595,0.80705592399019144,0.34234183989209876,0.27256932225064262,-0.2334441269756786,0.93338620310586851,9.8891445597514931,12.592727074978479,0.057545249863151779,,0.260023487247121,0.2142857142857143,0,3
-0.96457631428843771,-0.045666534728241039,-0.25982128765681944,0.048903013250220659,-0.998785494241892,-0.0060026483345572293,-0.25923161305824977,-0.018496056279487642,0.96563806195350665,15.583523401632654,-31.276463593717676,4.6962426019442258,,0.6305925764216838,0.5357142857142857,0,1
-0.48662478199973103,-0.73554896898149069,-0.47134280070239876,0.84198204539561705,-0.53875011843747389,-0.028540236772352207,-0.23294324797067642,-0.41075056191547077,0.88148818432863763,16.869023980579101,6.2436024295283543,1.9547896389866948,,0.2662491442952447,0.5,0,1
0.86891885214370213,-0.43995029002362412,-0.22676809894118807,0.49214409859387126,0.8167255488419205,0.30125332211959127,0.052670813630486299,-0.3733672725038889,0.92618716532594547,-1.1438512340495777,-25.576990078922581,0.74432572057326818,,0.1803258624561806,0.5652173913043478,0,2
0.74668288067869182,-0.58011705979313966,-0.32546716061429731,0.65901504349530793,0.71162406872378714,0.24349611343896121,0.090354015673057647,-0.39630213442519469,0.91366337898691519,10.188786673903769,-37.429052144523475,4.1382469535916773,,0.2029152728907821,0.125,0,3
0.13847357377042485,0.98996795559286055,-0.028080531806568765,-0.98512897838490521,0.14059798690662445,0.098757794751189454,0.10171511841196526,0.013987600834226618,0.99471522643887544,-11.566615892782547,-27.522521172244197,-1.435250686452312,,0.252903717103196,0.1363636363636364,0,2
-0.9290341023821338,-0.19571701753757229,-0.31399121907662125,0.25312543098786039,-0.95516681720053953,-0.15357039918618171,-0.2698576528435595,-0.22215130061557353,0.93692350105895872,-7.0697251513887398,-25.118074784564413,-0.60872890823097481,,0.3283573554529229,0.2619047619047619,0,3
0.21444072110509305,0.97499310069738676,-0.058340643846492762,-0.96099551320857679,0.22128836422249512,0.16588876831394134,0.17465051023375758,0.020491789873701784,0.98441723157554517,21.855707507540203,7.1367270249821662,2.9791508432609466,,0.3226395786735615,0.1764705882352941,0,3
-0.92680165920288959,-0.26256173024371343,-0.26851447318570681,0.25559430234800817,-0.9648422097105388,0.061245922052976479,-0.27515493291235976,-0.011867947266134216,0.9613266430936378,-7.9629263744808778,-21.86028680825428,-1.1260006329264975,,0.3688588299986799,0.3939393939393939,0,1
0.24674091612156288,0.9578851335166676,-0.14688427859797382,-0.94983669510324042,0.26910339040690423,0.15935375084026959,0.19216964626820049,0.10019698727638769,0.97623326658841625,-4.2327364861168526,-24.568799483159438,-0.0095183610701805362,,0.1082237735830351,0.35,0,2
-0.9583576150199643,-0.0086560984864926804,-0.28543957975767265,0.027797573164827189,-0.99762150164729979,-0.063076416964914922,-0.28421466651000032,-0.068384292128952265,0.95631878154234251,3.1510155325650375,13.220667235968973,-1.5340582027294689,,0.101226240519889,0.2,0,2
0.8840044386282504,0.44489819321028878,-0.14353309779898388,-0.37956601270088897,0.86232040893650508,0.33516138550544189,0.27288421443517125,-0.24180386682143773,0.93116330227425759,32.204129338629329,-0.11208373961944364,5.7772182781290526,,0.592141861572578,0.4444444444444444,0,2
0.26147363296403875,0.94760483835740461,-0.18351187859706461,-0.94727445798258392,0.28841645063978133,0.13959603237252888,0.18520972036690908,0.13733543359958947,0.97305515679206167,20.033223085409055,5.9156213361984307,2.702310462163735,,0.09586986320812345,0.1875,0,3
0.73529845389341897,-0.55871465356182271,-0.38363279265104466,0.66886435773327646,0.68954529895946559,0.27775484088842078,0.10934648899712614,-0.46083100652863268,0.88072591012516954,8.7266201292468821,17.465381538358411,-0.65388773177464032,,0.7821471349407039,0.4482758620689655,0,1
-0.35681765333718718,0.93233054448046915,0.058659339373155782,-0.93368048792985248,-0.35796627288833099,0.010044597229841804,0.030362949889885686,-0.051184990995301556,0.99822752314830288,-18.125080460249716,12.465493550987361,-6.5433000080533921,,0.3653921595346352,0.2280701754385965,0,2
-0.64642490280036813,0.74962366658140911,-0.14212390207343534,-0.75931013223134314,-0.65030020411280143,0.023617104430254183,-0.074719262110619605,0.12318280331236778,0.98956709163035117,4.7299630369664651,-25.840947440434388,2.0076386532959991,,0.2045256421660785,0.25,0,1
