axis_00,axis_01,axis_02,axis_10,axis_11,axis_12,axis_20,axis_21,axis_22,location_x,location_y,location_z,dbh,dbh_approximation,score,reconstructed,number_clusters
0.34634925004114331,0.91692708174659243,-0.19820929280842639,-0.91549883236822793,0.37647716028331824,0.14186907949733302,0.20470487275184587,0.13232412684271794,0.96983825482755814,12.883043582377319,-4.0109899126690323,3.8544798066767605,0.578295701012002,0.2359941993912685,0.2,1,5
0.68425429846065278,0.67162197947035396,-0.28411260396266136,-0.66547131485565136,0.73441012662336391,0.1333780154948537,0.29823478023599287,0.097804307703589999,0.94946844773916061,6.55991959118154,0.948703115903067,1.1336751047141178,0.1777009525139284,0.1325956260565152,0.6086956521739131,1,5
0.30330578770583722,0.91597189266208701,-0.26268058740069988,-0.92979343128900016,0.34481588874865932,0.12878733632737205,0.20854202040828382,0.2051767402009968,0.95624930379296169,-0.94391531626609793,15.212126597959992,-2.8075594896451741,0.2470534516700785,0.257265161142701,0.6571428571428571,1,5
-0.049031737734068173,0.99136364074000705,-0.12163067258506985,-0.99173974849812163,-0.033871929864688122,0.1237132313704747,0.11852493384794829,0.12669184735396571,0.98483552731934842,-26.617710157423296,5.743883852076336,-10.25940500666656,,0.3674282639191119,0.3529411764705883,0,2
0.049463210353537158,0.95238958884626446,-0.30084458093634325,-0.99041768410176845,0.085658103872025854,0.10833051398169055,0.12894263003370815,0.29260341812475715,0.94750041575806054,-1.3950566531671642,8.7406005880984434,-2.379178574257359,,0.07387081851115745,0.25,0,2
0.93835820015851923,-0.13003032934753442,-0.32027488450554104,0.20977206922516262,0.95064037913087851,0.22864502736533451,0.27473544942045525,-0.28173566159730773,0.91931792640852439,-4.785005138441365,-9.1983547650874797,-1.5190727480224731,,0.2933441816623087,0.35,0,4
0.54645920345725296,-0.70803834007916133,-0.44728519753599211,0.83367314138735715,0.5107951976776447,0.20994608679085106,0.07982125209617183,-0.48761662708259074,0.86940128404919992,2.8376425461034489,16.500682868087395,-1.6267706391600063,0.5864018601398523,0.4948382035698164,0.2142857142857143,1,5
0.89240306007319048,0.32704142277766551,-0.31090301728926129,-0.28846255740604354,0.94329484439462219,0.16426865042755687,0.34699586646928732,-0.056909966843129225,0.93613841088118133,4.6530715570175847,9.7249910902763048,-0.36605162353580462,,0.129843470538458,0.2,0,3
0.89462323651470588,0.32753316147327044,-0.30392645956428199,-0.30205973595586999,0.94454959005183248,0.12878659808841567,0.32925549441463331,-0.023411537075587574,0.9439505915722155,-10.987945040053562,16.95126788712734,-6.2398242124052627,,0.06677773239971528,0.4285714285714285,0,3
-0.93701367991118745,0.26836624287024413,-0.22357308278727209,-0.24126419095597351,-0.96011516387068763,-0.14131688599711789,-0.25258058876654566,-0.078475676443545195,0.96438820730298935,9.6969317727817277,-4.900987094788003,2.912097661364732,0.4572244139708037,0.5044340271133978,0.2,1,2
0.73903891571657498,0.63526501679210656,-0.22418706362454097,-0.59860491352017065,0.77192193511600404,0.21402963251912746,0.30902045007730239,-0.023976749714843634,0.95075311038520038,-20.508358313152922,2.7925035985077709,-8.1300647120568144,,0.1067406544648665,0.2666666666666667,0,1
-0.73161073976555047,-0.56900074304358161,-0.37547820159838285,0.61930387955081267,-0.78496377639822601,-0.017163173248208645,-0.2849709287506646,-0.24509186881348693,0.92667229677405161,9.9939403569912173,4.7923440361420875,1.8865194172196436,0.1849542544779926,0.2576444376169213,0.5,1,6
-0.88472917457336431,-0.30596873438720701,-0.35162113309103804,0.34874270146205005,-0.93504132454527722,-0.063845513308030524,-0.30924555912039559,-0.17911129213454222,0.93396270225004696,4.9845267692114907,4.4796136271786704,0.30047748893652371,,0.3829598055771683,0.2291666666666667,0,3
-0.739400636480258,0.62654499215750659,-0.24643066281398585,-0.65074316120025832,-0.75895268683099792,0.022894481935710583,-0.17268479065535822,0.17729126305139817,0.96888996853200815,-13.654293832106509,8.2557750181309597,-6.4849091002394141,0.3978989237496134,0.3145205772541166,0.7127071823204419,1,5
-0.752076394113258,-0.49919401937973834,-0.4303329274330529,0.57729996569265485,-0.81396380373703703,-0.064712253995622429,-0.3179714563115047,-0.29709974288349017,0.9003476527151637,25.892039262242836,14.210391221467907,6.5397446244917923,,0.3446367198128923,0.4074074074074074,0,5
-0.5951142750218501,-0.72082959486188258,-0.35530788738286112,0.75319625490961761,-0.65445807665473976,0.066181776128359932,-0.28023989947069172,-0.22823085039633206,0.9324034950985669,-6.8848117272923668,-9.3044863241888969,-2.2137638585820536,0.1511598040383102,0.1756456404250783,0.5585585585585585,1,5
0.90752262490315194,0.31881404031040611,-0.273423285383393,-0.26809925670980922,0.94084879943804733,0.20718669153117283,0.32330399601697085,-0.11472203056492788,0.93931537933886666,-2.1166966022387186,-10.927166607861817,-0.42468146483937769,,0.108210902282822,0.103448275862069,0,3
0.29750982757463401,-0.86249839876186507,-0.40937075448757893,0.95460089967764061,0.26200167935548513,0.14174710702354365,-0.01500082768216536,-0.43295684790533517,0.90128982187791629,-11.991747312881666,-20.533817784283659,-2.4512911212386217,,0.3169592628469217,0.1666666666666667,0,2
0.78011769509206463,-0.5162682404787422,-0.35338857604233409,0.61406439815389147,0.73996528156850283,0.2745474403325332,0.11975515322583853,-0.43118265960753849,0.89428195628091811,0.11154710992374171,-17.11356311205628,1.1538180927208395,,0.2297643864429463,0.3333333333333333,0,5
0.66770690929177301,0.7004741901352457,-0.25199879412092624,-0.68235885566308296,0.71122336719777512,0.16896068788338739,0.29758003189427368,0.059137390086403577,0.95286352312992484,4.2020375728692887,-6.4450353404168714,1.2020091402418396,,0.09069727238303349,0.3559322033898305,0,5
-0.23395714678768187,-0.89531892340756303,-0.37903572240000033,0.95557500594230083,-0.28363856730624598,0.08015966039619106,-0.17927761010605767,-0.34344313725096215,0.92190365548135123,-6.9379008270986917,-11.757543871007913,-1.9242772384103617,,0.07011681142189968,0.32,0,4
0.93717617561694699,0.038577535248333371,-0.34671687243362892,0.045601972190937222,0.9717919820054236,0.23138885850936608,0.34586308850221453,-0.23266309867302554,0.90898108150146639,0.66784470502855564,16.758375126844278,-2.3830369087210483,,0.422080153294876,0.2307692307692308,0,5
-0.37926445920080126,-0.79101587904037707,-0.48005452720821462,0.89033261959119692,-0.45323543565808,0.043421957069046307,-0.25192518031947403,-0.41093979969067113,0.87616333211975417,25.158249957260281,0.12845924559462696,7.7007031022192374,,0.2749137402724289,0.1875,0,5
-0.77776183407234112,0.5535175014987308,-0.29783368680361311,-0.59987696528652812,-0.79515634830260451,0.08873560882021618,-0.18770763431212764,0.24767873806338669,0.95048465886213795,-26.263667479487122,0.74955319237769613,-9.6861387641145384,,0.2391209779213584,0.7962962962962963,0,2
0.79301759894591861,-0.50193252327526905,-0.34523445633449418,0.57619144657729149,0.80198954068941664,0.15753156355457382,0.19780420787541564,-0.32384644309194111,0.92520104660742752,2.6420746950531822,8.6895245003387718,-0.9703888154793272,,0.07935958942854632,0.2580645161290323,0,5
0.74732390634584211,-0.57467372331148436,-0.33355223090141045,0.64153504829705443,0.75476339287013716,0.13698541013427712,0.17303109781333612,-0.31635791837486171,0.93272606196623287,-11.961511994168745,-9.8357738353357558,-3.8436960435400431,0.1730783689350675,0.1025201095583536,0.6101694915254238,1,2
-0.87258742481960827,0.41466473739484655,-0.25815565383688038,-0.41160801875078545,-0.90878494505721952,-0.068474539336886978,-0.26300194856072345,0.046508915259428844,0.96367364592721594,16.712998995774779,-2.7801459356427207,4.9935758422195073,,0.1627139981178634,0.2727272727272727,0,5
-0.82523573381181714,-0.3917957218298585,-0.40679490655106731,0.45610610638692617,-0.8870981846861753,-0.070880395336437016,-0.33309638748660908,-0.24403467598337719,0.91076554258549891,9.8024548454127007,-6.4762870523078506,3.1494027531580411,0.6496774105656019,0.3855888886663235,0.5181818181818182,1,6
0.23109747383636728,-0.91016403245188937,-0.3437955666051673,0.97231593716144737,0.2034934662370626,0.11485698733940447,-0.034578547226687455,-0.36082106816224557,0.93199382017369081,5.1693341704529834,0.98841271530678665,0.6447051300156641,0.1721450449775168,0.09102625417423925,0.3693693693693694,1,5
0.042963893003189917,-0.89976578427234633,-0.43425296470004665,0.99431133966930008,-0.0038933124101050765,0.10644154228269488,-0.097463140227738623,-0.43635579011999698,0.89448005049061952,-5.9423342138734192,2.2502151881506296,-3.2204629242721099,,0.07854668399252998,0.2890995260663507,0,5
0.78338786492063284,-0.5285631709684312,-0.32699300816820553,0.59220734632723282,0.79447108173401926,0.13455912917538013,0.18866348891916537,-0.29905965054513239,0.93539799730631989,-4.2067853994741951,-10.776973128234673,-1.1437891408060163,,0.06433958306606505,0.2666666666666667,0,4
-0.28022483701269302,-0.79470850700135132,-0.53843516751870246,0.93949912572136884,-0.3421737352666821,0.016078795428460926,-0.19701632797814836,-0.50135369131315877,0.84251352672623414,2.4864862635835956,12.658120641621037,-1.4186266251891433,0.7973474816453043,0.4929271902164823,0.3428571428571429,1,2
-0.74003964734764616,0.63125553012998137,-0.23207278176013463,-0.65082296317976318,-0.75915839078636416,0.01039270400664595,-0.1696195476691397,0.15872930850656802,0.97264290244135465,7.7335492681503997,14.4382541295848,0.2123155541315376,,0.1827891917649888,0.2727272727272727,0,1
-0.8109641380067657,0.54349274707740602,-0.21668594957033585,-0.55026007661498544,-0.83432989115479383,-0.033278834253916173,-0.19887436976798611,0.092245686077366662,0.97567398164012853,-2.7318273557664474,16.806043589781002,-3.4873433193602108,,0.2165567729298436,0.3333333333333333,0,7
0.20946755036272882,-0.90184112529887284,-0.37789671878001396,0.97702544000198077,0.17750259075552985,0.11795812758776288,-0.039301843900429664,-0.39392310797253077,0.91830275512561133,2.4811482487379863,4.2852776178374681,-0.58085411551767885,,0.07251744107934402,0.3191489361702128,0,5
-0.65227501680169797,0.70600885363403509,-0.27584198564885276,-0.74644507770877733,-0.66155493627876039,0.071866628204919153,-0.13174615144543506,0.25277769853284615,0.95851259079041606,4.4326150845425936,5.2525164187369713,-0.05418692296723903,,0.09717145259260447,0.296875,0,5
-0.5415598615927224,-0.70922612587578138,-0.45134379212181686,0.79617786176613858,-0.60504537039591788,-0.0045729854543529831,-0.26984019112276575,-0.36182648070269363,0.89233842745739278,-3.970848088696203,9.5302367027757864,-3.3108418717540626,,0.1733300797765863,0.1857142857142857,0,4
0.94674269336601735,0.0031358622027191467,-0.32197583593540607,0.11585326174975132,0.92966668348705739,0.34971113702042333,0.30042685349349457,-0.36838841456052773,0.87979183999260746,13.115926283304695,-1.7521063623825586,3.7085382472637649,,0.2392547378769974,0.2258064516129032,0,3
0.29797030372927458,0.92405199200032129,-0.23946109115203129,-0.93611474300521558,0.33196028168199693,0.11615317177713104,0.18682314102852013,0.18955286192998202,0.96393299897367879,4.1083089474026826,-15.395475040243008,2.2653861235061417,0.2169114972794191,0.1244960041108641,0.3125,1,5
-0.37605713704608817,-0.8244116678219211,-0.42299696409758974,0.90006027102768804,-0.43347222473252234,0.044646824108793774,-0.2201647978089678,-0.36393300529701261,0.90503051300009774,-6.5452241651492722,-12.679425972115206,-1.6393285037111804,,0.2957998040216626,0.4117647058823529,0,5
-0.90983836460092249,0.2899659739342888,-0.29683982930304059,-0.31880155541231714,-0.94635454534375252,0.0527128331045374,-0.2656307937100032,0.1425931571554496,0.95347127537510812,0.55910126948131189,22.494601984292938,-2.7885068935072335,,0.1386721806841349,0.3529411764705883,0,2
-0.95344167222708509,0.089103589479569978,-0.28811374143327134,-0.055064331384210595,-0.99073105449312293,-0.12417687817043871,-0.29650783643949702,-0.10253061984013569,0.94951070290185124,-1.2425525604412924,6.9125757157237278,-2.0774192136440552,0.5568988710492956,0.4709256185553056,0.1926605504587156,1,5
0.76981757419045271,0.6024013844335343,-0.21093476361209165,-0.55603136098374395,0.79521958032524176,0.24177457407658223,0.31338479234017269,-0.068835972426548805,0.94712806991979659,-18.102052076193289,-24.178505408723645,-4.048493335612533,,0.2860772200006044,0.3125,0,2
0.25133734174435157,-0.89605392839377151,-0.36594657814355169,0.9675699596913816,0.22273581175835669,0.11915171531776349,-0.025256954442341325,-0.38402619125580151,0.92297669021588047,-8.098079207887956,-9.6039792454861654,-2.6059307788811559,0.855081670189706,0.423870376933982,0.8529411764705882,1,3
0.85509201057684991,-0.39226268930965841,-0.33903928389376203,0.46564688321282011,0.86859432537493553,0.16946055021935552,0.22801454690836476,-0.30277694843236469,0.92538396673821743,-3.6872414918428156,-15.790333589212766,-0.37046740017496016,,0.6498427500099606,0.3768115942028986,0,1
0.24781809199587246,-0.87385791131872737,-0.41828046106075634,0.96761659640188158,0.20186327646911292,0.15155639208161006,-0.048003287878702269,-0.44229353198846133,0.89558478990769408,-13.309646782083497,-5.3035985367585097,-4.9121365210380628,,0.1628638246395396,0.1891891891891892,0,3
-0.93743310839736138,0.21458740721218172,-0.27417405410872542,-0.19561056142711494,-0.97605824430572241,-0.095114730620442442,-0.28802026931907071,-0.035532356926943051,0.95696487713634837,-3.5531972459004741,-5.6726530900389251,-1.5216251382495078,0.5283758740593656,0.2459789406083555,0.2210526315789474,1,5
0.74207174044380508,-0.56568830363777378,-0.35961962566317313,0.64673552309387794,0.74526382413576719,0.16221897423859177,0.17624612110112078,-0.35295690326433726,0.91888994402749846,-14.505961841997062,6.2680851170415801,-6.5701624406552108,0.3516375706188731,0.3621999689246871,0.6217948717948718,1,6
-0.42905880644086802,-0.8225528794309892,-0.37324964990650106,0.87082888590174801,-0.48643832512240304,0.070956376254927178,-0.23992830615552077,-0.29459211868598778,0.92501345477427666,-5.0724733419348205,13.503957868478723,-3.9848674324205033,0.8051632521089932,0.7905080573087814,0.9472361809045227,1,6
0.26031118574954593,-0.90531064013475482,-0.33563481856396649,0.96525196148168668,0.23574514464272789,0.11275139747752991,-0.022950760976972667,-0.35332261693271272,0.93521996927696005,-6.9671059423695167,1.6279561249708405,-3.4853137380764587,0.717984609078451,0.6561084740129349,0.9777227722772277,1,5
0.66379800158114177,-0.67195151052858937,-0.32841038442051385,0.73573918851374787,0.66557378694397185,0.1252971692345515,0.13438772109837385,-0.32479640027470619,0.93618760875509277,5.9285775156082501,6.9067329118357668,0.3099747404289252,0.2987108074896552,0.2437477036139431,0.6666666666666666,1,5
0.078448023401866684,0.96002786236171223,-0.26868645502433314,-0.98755811069773458,0.11168176052657262,0.11070755331415999,0.13628971208224944,0.25665869916074951,0.95684451533446691,16.663029631682978,10.163401562631098,3.7493573884200719,,0.107810718290872,0.1,0,5
0.93328936389260775,0.1837348489080019,-0.3085651771371587,-0.13754621369289335,0.97657484598279898,0.16547691468124068,0.33174086625509563,-0.11199587264907322,0.93669894959153888,8.6461573099991202,11.596646795569388,0.77697043420162026,0.3775199930001993,0.2139239800700073,0.5526315789473685,1,5
-0.93749320228086952,0.17181410185698562,-0.30263246699625362,-0.20068044841542262,-0.97737815055305666,0.066778053619971953,-0.28431294958363412,0.1233363905121448,0.95076510320609153,-7.1466668513707559,-8.1576209068624816,-2.4270924225008899,,0.07181471948994893,0.1875,0,3
0.74249233952629601,-0.5523952643926604,-0.37889919189849514,0.63323459936987059,0.76328539343944557,0.12809898642406278,0.21844694528797864,-0.33504459410436055,0.91652935144260239,-15.607340575334396,-4.0797747059210687,-5.8468257793820655,,0.3041165752294073,0.28,0,3
0.7817705361696603,-0.50769381335979802,-0.36205223470265735,0.59393581458980271,0.78310715823308774,0.1843459434640336,0.18993440163527203,-0.35915201600476077,0.91374764157023514,-2.0909750857376093,18.999295102706423,-3.4915356507592441,,0.1878675382124494,0.1875,0,5
-0.50002858857003663,-0.69264576901657104,-0.51982040098105142,0.82721394184385366,-0.55965902152711344,-0.049988739156616106,-0.2562976883075837,-0.45499848163126649,0.85281174750435496,-11.405258445424383,-18.73326493117106,-2.5153604401631049,,0.7843127782355577,0.5333333333333333,0,1
-0.38977063992137156,0.87862116284617753,-0.27586899146898486,-0.92059967798312226,-0.37954585697625864,0.091875869245022751,-0.023980849706706824,0.28977542106084103,0.9567941911384894,13.539591689108878,-0.46594337106121431,3.7205788814713907,0.1623399529418194,0.1297481922920402,0.391304347826087,1,5
0.95020613991286929,-0.024573647847774382,-0.31065161757721244,0.079014311597766382,0.98330709934961702,0.16390206506134503,0.3014382693597748,-0.18028667227528458,0.9362861130900576,-2.6598654983806669,-11.681593040823724,-0.46647411766400776,,0.1034212261823503,0.3787878787878788,1,4
0.9209453999041155,0.21335744514959656,-0.32609534034494331,-0.14302481801893793,0.96346471382451426,0.22645009747336156,0.36249616801574219,-0.16190844886627181,0.91781380593212869,-15.155118699529401,17.275963315319135,-7.6771640552047486,,0.5187465295056578,0.875,0,3
-0.53496191851374086,0.82824073261336595,-0.16683235471626012,-0.84419576483404013,-0.53192952418907968,0.066215496164027818,-0.033900684010312168,0.17626193615200469,0.9837593575095378,-8.822172059388727,-14.832140229040171,-2.1287036989262802,,0.5557075876076359,0.7741935483870968,0,2
0.65363195185305001,-0.67184376243203225,-0.34841244294362278,0.74701101534149206,0.64658470752647312,0.15460517116635647,0.12140763763143313,-0.36132281255696574,0.92450311554406261,9.5860447474593897,-8.7169104354298756,3.2945886168235239,,0.1673413798822153,0.3703703703703703,0,5
0.8620491212073782,-0.31853621165667872,-0.39421567001959706,0.44664132598361095,0.84508544596222357,0.29384028816081786,0.23954715308095414,-0.42937777176542591,0.87077660198501483,-2.9901709594781209,-13.678753075796834,-0.28590384581134842,,0.4464726829345654,0.6288659793814433,0,4
0.94898856332514281,-0.049402739307113863,-0.31141624239438087,0.097100906088703517,0.98543988108192404,0.13956953396066366,0.29998686757062415,-0.16268869082452353,0.93996822774121913,-12.751549978258987,-9.2514259776443648,-4.1341929870229013,,0.07127275878549402,0.4615384615384616,0,1
0.94346796553862278,0.15622690037871556,-0.29233773892618059,-0.089767367834380926,0.96942942827789114,0.22836024886325712,0.31907682096087736,-0.18920819006285297,0.92864968806253312,-14.688779606043223,-10.827261503824985,-4.6403226942006448,,0.1222864875697695,0.2307692307692308,0,1
-0.077494419192415412,0.982796080393185,-0.16764987133255752,-0.99141330984957332,-0.058198296217447425,0.11710084274035122,0.10532931238332673,0.17528497562877182,0.97886715813315384,9.0019674255824658,7.3806920926093786,1.2769428036881594,,0.1208378532741943,0.1081081081081081,0,3
0.61011278725484763,0.77226657646821328,-0.17710652641330521,-0.73269287211056566,0.63499593154268263,0.2448291691825368,0.30153530802626011,-0.019608717303955799,0.95325335363648334,9.8049036441827493,2.0670714619348605,2.1701842268069544,0.4380043644625905,0.2393104944980424,0.1612903225806452,1,4
0.3420380362989684,-0.85169055169732866,-0.39703045963030009,0.93963181562106524,0.3145322651561413,0.1347646290701259,0.010101128521480861,-0.41915708072898933,0.90785753776533995,2.4567212822978743,-6.1234051894616472,0.53276743643425706,,0.09614396266048782,0.303030303030303,1,5
-0.85398852037913175,-0.33775995173895068,-0.39575474989185366,0.40617646599927215,-0.90815020984432038,-0.10140944151339838,-0.32515271108973398,-0.24734876462400002,0.91273999754036073,10.950099393027893,7.5783030478942273,1.8858273250364725,,0.08183259446079874,0.125,0,1
-0.4033575087619542,0.87434452670205765,-0.26985990578725272,-0.91371150096453091,-0.40075768711593679,0.067264918216174419,-0.049335718607250424,0.27370590940577039,0.96054727214534641,-16.767417376328432,13.141527710669575,-7.8530655181514666,,0.1055908823968408,0.3333333333333333,0,5
-0.7305635355749972,-0.5613204986010355,-0.38883957918201267,0.60537665659682016,-0.79585632183001065,0.011481230372318118,-0.31590508722686872,-0.22700663614416958,0.92123393500820017,-10.170802001893975,10.963591215353915,-5.5251179193459228,,0.1843649042411694,0.3529411764705883,0,3
0.53081071999325757,0.82898707389517157,-0.1761261220119329,-0.80616046330108659,0.5580078305637034,0.19680591566253236,0.26142931539981923,0.037519226328802405,0.96449314186533808,5.8325357957775141,-9.3358529831407555,2.1176151617350145,,0.07873671057108653,0.3235294117647059,0,5
0.88437130195766833,0.3905533228232555,-0.25564722236983589,-0.33097740822454796,0.91085844313690723,0.24655800901850627,0.32915248065092728,-0.13343537236401387,0.93480139381764793,-11.307981022741338,6.9489079578455124,-5.5770804871433217,,0.1872559371990211,0.2424242424242424,0,5
0.84663065457304465,0.44538688864795484,-0.29128517668723114,-0.42530493824013726,0.89526422390474858,0.1327316047698523,0.31989411411554625,0.011510378652399685,0.94738337906969183,-6.705706927040441,-14.741110449031883,-1.3736427341966178,0.2514644579068141,0.1626904588124143,0.75,1,5
0.19168461588227423,0.97541370309499997,-0.108743348525626,-0.96211952455553884,0.20863650808540074,0.1754902503358966,0.19386342745110557,0.070985317555332064,0.97845697717808711,-18.829010364264391,4.6932392554848503,-7.7833362829058945,0.6080193117346686,0.4844295117437155,0.2325581395348837,1,2
-0.47953285964677955,-0.74505109736021879,-0.46362387647889464,0.83478825856703742,-0.5501812286258787,0.02071663646282227,-0.27051210671168918,-0.37709346055063564,0.88578988599574282,-5.1293638582543233,-18.834462808982209,-0.4205540731705304,,0.3299274094542073,0.1538461538461539,0,4
-0.55620330368410154,-0.7609534816088479,-0.33404742746841359,0.78593499100829467,-0.6122788878939035,0.086143794600639617,-0.27008160781453372,-0.21462609875497116,0.93861150794859682,-24.320551761810918,5.2327103355996742,-9.484610891419436,,0.07219241146701348,0.2857142857142857,0,1
-0.93780323880021632,-0.16052905385650357,-0.30782382650431972,0.18369160627403108,-0.98183046421472575,-0.047606021933825925,-0.29458866081418011,-0.1011897346959333,0.95025162904984073,-3.6287946915319953,18.270083477568356,-3.8506382542917512,,0.2463217371929733,0.2608695652173913,0,5
0.94013993191215572,-0.12994472246077049,-0.3150417076020291,0.17650865722643408,0.97646053168552438,0.12397388428433655,0.29151604132248071,-0.17216038790911842,0.94094590624894769,3.5667068875602386,-3.0109509880172673,0.54424023415864531,,0.07449160104298795,0.1666666666666667,0,5
0.65441073082937595,0.72572686447316237,-0.21229016359058017,-0.69733977384661094,0.68779480331385445,0.20163221058653871,0.29234198327801009,0.016088092379435898,0.95617850744339106,-10.978621234789602,-17.43427550995025,-2.5233906418584033,,0.1733647712567805,0.2380952380952381,0,1
0.45605747486610482,0.8685608943659846,-0.19394213672359514,-0.84775195490583044,0.49030103242279732,0.20229068332101266,0.27079180669306685,0.072158647321721739,0.95992964692450478,-20.140063542293792,6.8912981434351313,-8.3857496397318254,,0.3182482256641515,0.4285714285714285,0,2
0.19423632096331039,-0.92481935603014231,-0.32708012830288574,0.97912814437560036,0.16244166661876475,0.12215065221976053,-0.059835846365140534,-0.34397945237777272,0.93706873164760762,-24.468777954641702,-1.0357226258295742,-8.8669030066022057,0.1659268272522189,0.2049264873467222,0.873015873015873,1,5
-0.7258011963827492,-0.60659429065937065,-0.32443179540363365,0.6191852266099257,-0.78155170006279762,0.076069673832387233,-0.29970365109118224,-0.14567191448047187,0.94284538226275949,3.1587205315672597,-13.249514723108136,1.7135709774750709,0.1153638187175768,0.1185922130328592,0.5769230769230769,1,5
0.74236885507875949,0.60424513039941807,-0.28944136780640317,-0.59348750402098849,0.79353941063102862,0.13441646605344207,0.31090362747962308,0.071993236932016438,0.94771087798761811,6.5228813847961558,10.345900146291568,0.27000137503773436,,0.09433539500612401,0.1891891891891892,0,5
-0.13639111858155989,-0.91846595720046365,-0.37123812874744855,0.98095391930383424,-0.17752939009798038,0.078820833882198169,-0.13829993121660186,-0.35341703568910693,0.92518621255950817,11.627076452586321,-13.617349340604255,4.5168216514337303,0.8567670564109106,0.603794946183379,0.3428571428571429,1,3
-0.46913874048024112,-0.8054374252167763,-0.36218696310163406,0.84976068854884612,-0.52336834499358098,0.063185027147830794,-0.24044877703495413,-0.27812969909531676,0.92996142721273378,8.8894773058038847,10.318423744642216,0.94912848829423502,,0.07808280020487095,0.3333333333333333,0,5
-0.9452277428027408,0.12183957259946723,-0.30281947226823669,-0.151548625795972,-0.9854820756205781,0.076538177727904833,-0.28909778320732021,0.11823788385849524,0.94996961770641741,14.918842472678433,-10.53770050991948,5.2858094339767741,0.9624678857267708,0.8829570486365365,0.9411764705882353,1,5
0.119047552980169,0.95929125682819882,-0.2561014734483375,-0.98194353235414666,0.15194438596249002,0.11269340194680071,0.14701897631698832,0.23806131174018497,0.96005845262423883,-19.453467039947604,-6.037646396892197,-6.7721211204518683,,0.1310674979684301,0.3333333333333333,0,3
0.58917991763510191,-0.70858110257144435,-0.38830380597430658,0.80268119559840856,0.5683416835516335,0.18080550038758458,0.092573878001327894,-0.41821113306119911,0.90362023289403171,0.84927991244226753,-2.3363784286240041,-0.46338226444847902,0.2981784819428778,0.2083355075323847,0.3273809523809524,1,5
-0.36037826095710945,-0.80640894689979215,-0.46886258049614005,0.91065984423701551,-0.41302551451980424,0.010419810452526459,-0.20205483692241846,-0.42321925135279564,0.88320966262866218,-12.104604712898537,7.907630445748314,-5.9090526123885949,,0.1416440359175082,0.2352941176470588,0,2
-0.87671460287965097,-0.35226955747821831,-0.32753269145487662,0.35070081477588666,-0.93416013466598458,0.065983189649773122,-0.32921185217592708,-0.057017555848430844,0.94253305231804252,-4.9992286767788237,-12.318553012769286,-1.1620998361015678,,0.08486492812077999,0.1904761904761905,0,3
-0.74758423148905295,-0.4716686583767758,-0.46759650718752732,0.58710059788210989,-0.79847797888749483,-0.13321338220393333,-0.31053293673198673,-0.37411441289636854,0.87384649754279731,-20.477475036390818,-4.9026993996818744,-7.2716027086402084,,0.6373304764314087,0.5869565217391305,0,1
-0.80341071970501587,0.51747824226683581,-0.29452925872227825,-0.56221734871239548,-0.82217982740976681,0.089061687651036878,-0.19606852952443277,0.23714257353092924,0.95148333224983761,-0.19213508562252932,10.731173041282586,-2.1195606234054694,0.2482288955192391,0.236833456487077,0.8067226890756303,1,5
0.94610218765878229,-0.029144179330853573,-0.32255428584720192,0.10247671023663901,0.9717110582983125,0.21278191426869597,0.30722821219143159,-0.2343677366701864,0.92232455764863597,-16.284254113667643,4.3648432099267609,-6.9503308826242698,,0.1293229282434624,0.4482758620689655,0,4
0.57683543562956863,-0.74060330770329919,-0.34462678482813597,0.81050137074591988,0.57145434431797248,0.12855917073122844,0.10172712627923253,-0.35347796675188764,0.92989511171955341,-15.115050961601261,-0.081786960481931625,-6.0689210362481258,0.6726180708340764,0.5141852993921502,0.83125,1,5
0.27610940201834516,0.95193321517158958,-0.13261505182351113,-0.95094528765657893,0.29060154394538795,0.10608394101042515,0.13952296585443719,0.096818885087763068,0.98547422365556792,-9.5943827830963784,-18.45811438346465,-1.8721489894190768,,0.4547248747557346,0.8333333333333334,0,3
0.79980820730260527,0.53633174208299461,-0.26954608875962605,-0.50121654912097025,0.84380970706873759,0.19174761835244855,0.3302859403890181,-0.018260358451861462,0.94370427406606061,-0.96975931406149407,-6.1678957661220224,-0.61768325502204047,0.6784083831772169,0.2832690189013333,0.4678899082568808,1,5
0.6632976318688556,-0.6726336041361477,-0.32802482549951217,0.73666332166423953,0.66404787390639364,0.1279358107607424,0.13177026247138851,-0.32650337784962541,0.93596588729558239,-9.2058187236308626,-8.0928772394842632,-3.1136305685965397,,0.07649890863887536,0.3636363636363636,0,2
-0.44368954853092529,-0.8055523367599684,-0.39271493129874646,0.86294806935663326,-0.50225824803087205,0.055292692813964338,-0.24178547127171268,-0.31435980186008894,0.91799656908748983,1.973766305229401,-5.0044028569537966,0.25270210838958251,,0.06955808674739647,0.1451612903225807,1,5
0.45531806091228944,-0.7982629600014407,-0.39428633009123282,0.8886905432628347,0.43433734156512749,0.1469019810531737,0.05398686620171432,-0.41728565804719164,0.90717037973351089,-14.797501649596091,7.2395285677601651,-6.7575582598529591,,0.1715309510410429,0.2,0,2
0.19597397261337859,0.97914897787652777,-0.053492814297648413,-0.95750659277280648,0.20284328688651332,0.20502615872538638,0.21160181203085757,0.011039931540894828,0.97729360637263496,-6.585848735663963,0.44324453390298596,-3.2669181969231222,0.7948629929408151,0.5441603838313441,0.24375,1,3
0.51562827908134679,0.83472068492834817,-0.19331025830089377,-0.81628050400617524,0.54714163534116234,0.18526243455062111,0.26041047711456122,0.062268844769660117,0.96348792124240901,10.572544705035847,-0.50007638537302235,2.6919578553424435,,0.07643272866775577,0.2592592592592592,0,5
-0.35319192624232182,0.93004106674172982,-0.10138578505463433,-0.93554698542617909,-0.3507973794852447,0.041146526053540459,0.0027020912693310772,0.10938378636795958,0.9939959184939251,-0.62488528301123891,-21.685149915522523,1.4783421606907197,,0.4435471461662871,0.3714285714285714,0,5
0.4865077092026116,-0.80043820979544245,-0.35015556712109508,0.87148765236845849,0.47295915823811779,0.12968772651259231,0.061802270635803597,-0.36825033189144518,0.92767029294146341,4.9946574974179319,11.70511950406833,-0.48633138476748028,,0.1859969111129573,0.4285714285714285,0,2
0.72824545277878694,-0.56149320044727535,-0.39291722583579325,0.66275297028540647,0.72292858233321244,0.1952761255851897,0.17440487632199644,-0.40261600899264754,0.8986007391594677,-6.0271954963604841,10.639395212981368,-4.1289261729644631,,0.5251565256267006,0.3461538461538461,0,5
0.95071817412535919,0.002999323516651292,-0.31004186402191686,0.064986287205557297,0.97581492897193634,0.20871513330549457,0.3031694837264779,-0.2185777400696054,0.92753007265699139,9.383545531725181,3.045790243184241,1.8222847598316452,0.3730627377325392,0.2854310240545509,0.6826923076923077,1,5
-0.56747428163637204,-0.75003028528122484,-0.33974624478020116,0.77553728211559891,-0.62548915592047905,0.085470695999486257,-0.27661320237839998,-0.21498345747254904,0.93662545837870281,4.4858130901718161,-13.558650963440655,2.1645263360313254,,0.08946164968692798,0.3809523809523809,0,5
0.29258394247464153,-0.77833467495173858,-0.55550856912721613,0.9561754661863201,0.23139286001285364,0.17940407520021737,-0.011095695983983788,-0.58365441667380813,0.81192635591400009,-0.78434063911069318,9.7800887014623044,-2.2613189404093701,,0.2750530564663407,0.1612903225806452,0,1
0.54929117702281172,-0.74651251927927498,-0.37549735206017559,0.83153786439006028,0.53272851226988538,0.15730579232924466,0.082607402395371884,-0.39864695003727796,0.91337649756026906,-2.0041908490265885,-16.36307430712926,0.33024051867213322,,0.1183420944620397,0.2727272727272727,0,5
0.8450454777988593,-0.42041322815254456,-0.33037986931115254,0.48626052914280715,0.86121523688441204,0.1478479406548599,0.22237094740422991,-0.28558892372163597,0.9321964001207379,3.0064679154287601,2.0758365135091226,-0.14576652740204493,,0.08919248672232302,0.2696629213483146,0,5
0.86318369166714715,-0.37383677800989912,-0.33935229164844688,0.4481057052324755,0.87692959538082838,0.1737692771560076,0.23262672111771851,-0.30206050412523838,0.92446971852496374,-18.201873337364468,10.737468975981272,-8.1501759076618381,,0.172830039238834,0.6190476190476191,0,1
-0.8207497746797412,0.49451235812646516,-0.28605477626384412,-0.53065526516876782,-0.84538115379136103,0.061120326922002949,-0.21160055980979794,0.2019609677006686,0.95626197802359103,-0.60043121725467008,-15.730218637818821,0.72281058961925593,0.2962094781774295,0.2519933729214928,0.4545454545454545,1,5
-0.034343492212874534,0.95877666698305231,-0.28207769743723909,-0.99416718416745409,-0.0039018742348062747,0.10777933615499681,0.10223568098848987,0.28413390896956697,0.95331830324739608,1.4488436585961311,7.0212828821107625,-1.2282407395901993,0.3247707759794765,0.2732125158810578,0.8281786941580757,1,5
-0.88102914028362611,0.38685647414355007,-0.27226774025638151,-0.40476700196899362,-0.91435841611711954,0.01060004683131288,-0.24484960299769404,0.11954394710320596,0.96216314449414364,19.877728648437216,-11.617550368977417,7.0893683888005761,0.2610049389792125,0.1595394695616419,0.2173913043478261,1,5
-0.048274172790854657,-0.92339531764282279,-0.38080269378861864,0.99067158493839624,-0.092904020025458889,0.099692797426666688,-0.12743396343598495,-0.37243782087540311,0.91926636756958358,-22.609147876867475,9.3501481100772796,-9.4025915625678813,,0.2772286086225301,0.6410256410256411,0,3
-0.68561189140192991,0.69692812385794189,-0.21030341068113348,-0.71339869716567383,-0.70074947727806813,0.0035311438420690768,-0.1449090516516735,0.15245117339779149,0.97762979009390305,3.5960016633253367,-0.0594565680244954,0.25140920657870541,,0.07200212941355623,0.2352941176470588,0,5
-0.91681576981998192,0.26773026661134092,-0.29625892146839361,-0.29770245880811574,-0.95275394230604327,0.060275794809325343,-0.26612420075783721,0.14345880858460403,0.95320379773188546,-2.4154899669927059,-19.628901166187831,0.64745706052605356,0.2617184309673555,0.1074399725142776,0.391304347826087,1,5
-0.29464741714544146,-0.81420586711370768,-0.50025164220333629,0.9356850864748939,-0.35214748405949226,0.022035617056010301,-0.19410388589100872,-0.46158526344347711,0.86559963381105087,-17.227188378204627,7.890413462763326,-7.6199947617181136,,0.2522863121077866,0.3125,0,3
0.94132490386414824,-0.11744606270797324,-0.31640772386202509,0.17241097470286232,0.97327962667206569,0.15166154458890888,0.29014114008041275,-0.19731495295460863,0.9364213411565111,6.6012129534003439,4.5723713425196379,0.78244730486560854,,0.08834094973641422,0.625,1,5
-0.88742508122373476,-0.27514903621696296,-0.36982392173022888,0.31220728750293431,-0.94903647775404543,-0.043085653322853128,-0.33912141608148266,-0.15369701285670279,0.92810230761151458,18.161246977210048,-15.762685533011913,6.9644117192521406,,0.2189195380230356,0.1785714285714286,0,5
0.063111526218190203,0.97420103371242683,-0.21667782805827213,-0.98918741221464401,0.089860853827909717,0.11590207273994267,0.1323827737075583,0.20702022331878236,0.96933865514717554,-16.781302447023535,-0.78257202085284527,-6.521848073178294,,0.1635253792363563,0.375,0,3
-0.080933093817086604,0.99231807871400002,-0.093566366727305186,-0.995569586518113,-0.075974677076916672,0.055398978719918383,0.047864733628699807,0.09763543977681545,0.99407056498733515,-6.3054456446421066,-16.177988986988879,-1.1693135167257174,,0.2879824928090738,0.1538461538461539,0,4
0.88268919657565637,-0.25472373533205206,-0.39493746455243767,0.40544751193936746,0.83769875682729866,0.36588674186443737,0.23763858548391878,-0.48309068658843307,0.84270474735859735,0.62171934988790001,6.0271109894664336,-1.3750619923218552,0.1863342893501763,0.1622893346628779,0.2413793103448276,1,5
-0.59240530590831575,-0.71728076947141206,-0.36683000324151982,0.76080497553988302,-0.64785874908902008,0.038142239349145325,-0.26501272181808999,-0.25649042667380118,0.92950573871238595,-5.3913653804832675,-4.9097809689570431,-2.3304421796941273,0.4845440813722879,0.2061396196421957,0.354066985645933,1,4
-0.045388349597190882,-0.90329215785782602,-0.42661830161561964,0.99096855888559721,-0.094654051816754597,0.094983818489645364,-0.12617928919218849,-0.41845416478656733,0.89943031911968063,-11.560783510901949,-15.587122089764776,-2.9390713267030257,0.6922388316184683,0.6125651636491505,0.97,1,5
0.78407723660146644,0.54866133837897557,-0.29016137374157619,-0.53387200405949053,0.8346294286951792,0.13555220410403226,0.31654947531927863,0.048625636490942585,0.94732886430792296,-9.6135161012828778,-3.2846561833021815,-3.8482282119180975,0.1773648875832178,0.125341851404258,0.5586854460093896,1,4
0.86482533406961559,-0.37352657225341479,-0.33549223742434386,0.44442154033046366,0.88041754431397012,0.1653917838178687,0.23359502572117388,-0.29213498161769841,0.92741065147730062,3.6100629134449012,5.549443676649493,-0.36549517477895793,,0.0866990995887108,0.3389830508474576,0,5
0.77816087829010927,-0.52302113586308707,-0.34772767928258325,0.5999005363943275,0.78289030303198526,0.16493065164572487,0.18597041144376453,-0.33694460206237381,0.92297526576201638,0.23960768860358234,-15.773186579236196,1.0608211791034734,,0.08573199855728961,0.375,0,2
-0.78618461595447031,-0.49058923517720576,-0.37581371976654548,0.52920822068988305,-0.84849181486383574,0.00054704965340755243,-0.3191432418065141,-0.19845362792682761,0.92669506784697531,-21.390795928043506,3.4875686971279016,-8.409373698190322,,0.1240965005694505,0.3333333333333333,0,5
0.75541102552106298,0.62075915363257328,-0.20979098098485405,-0.57626554857968793,0.78177384784906745,0.23821769107145335,0.31188491473838104,-0.059056955565238475,0.94828269833314893,18.730364484984612,-4.7789356118733854,5.970163681544876,,0.2251124365925874,0.6,0,1
-0.41027917344882148,-0.82979216356967278,-0.37830670772868064,0.88831527414431632,-0.4574827391184772,0.040068904783679825,-0.20631765207092681,-0.31961618965098892,0.9248126933368308,-12.399487403710012,18.115780210150003,-6.8557394976569705,0.5635504772788003,0.4775150566842244,0.4528301886792453,1,5
0.73800661568092751,0.62808767839151092,-0.24668219121766061,-0.59794109527315153,0.77812271647299391,0.19233170485448586,0.31275019071893179,0.0055593490132669343,0.94981914691367486,22.467785490152,0.31804589885319107,6.7197876930775111,,0.4016695824300601,0.25,0,4
0.86876948987407177,0.4020941551551922,-0.28906723068168733,-0.37295355273659669,0.915271179131662,0.15226396865998945,0.32579935691326684,-0.024473639716476005,0.94512211909040211,9.7931601265431247,6.3977727259039439,1.6511467625022973,,0.08378551457741458,0.3125,0,4
0.78764956617084902,-0.51161816070606181,-0.34330018722194128,0.58526416937829684,0.79542134283098809,0.1573872275976681,0.19254613201206086,-0.32488728045999915,0.9259450534683471,-2.5500454738118834,9.6778331800482871,-2.8806925216688959,,0.08385039844276981,0.2833333333333333,0,1
0.91446511304004585,0.27767299088193043,-0.29436587296651928,-0.23954250868450444,0.9577331421549603,0.15926900185259496,0.32614865255860198,-0.075132806101404229,0.94232803093272055,9.070900912241763,-16.823067947687164,4.1190323461246425,0.1301392722910858,0.1090501628109462,0.3181818181818182,1,5
0.31305398114423,0.93149167658220799,-0.18525782398542576,-0.93114636976825249,0.33943511434775786,0.13323003120591315,0.18698567580740577,0.13079395859821408,0.97361660700557884,6.1309389219531027,-7.3409060162373461,1.8839231460894446,,0.4072993706278636,0.3962264150943396,0,3
0.10472086754848614,-0.88654119372064688,-0.45064204390653995,0.99326234488471143,0.070621506407211113,0.091883170749062854,-0.049633195887607701,-0.45722785858819626,0.88796353033040465,-5.4948908342415734,4.5806836142458227,-3.3582842973382738,,0.3110568366021012,0.4158415841584158,0,7
