axis_00,axis_01,axis_02,axis_10,axis_11,axis_12,axis_20,axis_21,axis_22,location_x,location_y,location_z,dbh,dbh_approximation,score,reconstructed,number_clusters
0.64421294238644478,0.7645279584048672,-0.022060953721026889,-0.75242498681919545,0.63866429692688675,0.1611352073291725,0.13728191458429373,-0.087206173222813724,0.98668574494613015,-13.967586665758835,16.635810742095352,-5.0061176727213956,0.2089596141073881,0.4747078008422735,0.3877551020408163,1,5
0.24743635784984022,-0.90260253040170801,-0.35225547678700336,0.96888959698198018,0.2285084315755031,0.095062324603384374,-0.0053101482184040412,-0.36481854230745564,0.93106349596284843,-29.998941998318223,8.6148799716787536,-6.6588763209791129,,0.6648226481737416,0.25,0,1
0.32262547022233656,0.94622872301274497,0.023748888594763713,-0.94205644191807481,0.31856504830115839,0.10509981085396031,0.091882893970934146,-0.056280669386129412,0.99417806254663232,-5.7084441097082124,-28.975600017059921,-2.0299751740799818,0.6739058371590092,0.2392046543436956,0.8333333333333334,1,4
0.46863901623245863,0.88338802740403088,0.0017508580433738109,-0.87648258103772758,0.46472647294930669,0.12572824057283161,0.1102531523454811,-0.060455755551576604,0.99206317541705535,3.0246970977726169,-4.9841511675016168,-1.2731699926718472,0.1494142350597423,0.1262872919008842,0.2301587301587301,1,5
0.78560400042588252,-0.52706973467726448,-0.32407383310302518,0.60909365206065469,0.7508790788139541,0.25531457463082941,0.10877167615819679,-0.39796746573902886,0.91092843773755927,-32.903474774193619,6.3810831632758855,-6.9824107828174009,,0.2624411700803889,0.1304347826086956,0,3
-0.18009956886632519,0.97487845324989941,-0.13105779901725881,-0.98357467302687507,-0.1768493823769505,0.036126977910807073,0.012041921534396142,0.13541158496220185,0.99071625341657976,7.3698575257168786,-19.673824916296809,-0.076345489986370266,0.7066891940091763,0.6787110342194724,0.8955223880597015,1,5
0.97836257378244906,-0.11856820837351084,-0.16955310137204152,0.14833414018338523,0.97327360268037022,0.1753153649331079,0.14423472909753007,-0.19667250516701285,0.96980218015505271,-4.5774299456736456,9.8769474916477158,-3.2549745838612876,0.3054278061851802,0.2969807184218758,0.6341463414634146,1,5
0.98775097971229264,0.032628700760831499,-0.15258889200746131,-0.0018201650725793465,0.98023560188205361,0.19782530627307277,0.15602784711875364,-0.19512440311141654,0.96828806572935644,18.604195992070267,-13.892774619889346,1.5244579497677282,0.3893533850843021,0.3339807893762414,0.1851851851851852,1,5
0.43886295814683146,0.88973409751181265,-0.12558877215520395,-0.89218210712304735,0.44808914376603154,0.056808511408968511,0.10681943501110074,0.087116904007568302,0.99045456904395379,-6.8012693179475807,-29.659316239735237,-2.1790254411374428,0.6155107322369188,0.562166559600852,0.8505747126436781,1,5
-0.96813701126428842,0.19195536197656571,-0.16082246866870567,-0.18164778200284351,-0.98037151254160582,-0.076653641076806486,-0.17237984427913411,-0.044998182244732669,0.98400221182727599,-12.231370706911461,12.70437258718175,-4.5011647615926913,0.186305748268707,0.2415127600260267,0.4305555555555556,1,5
0.76567931224034158,-0.60807478984926511,-0.2097146650974373,0.64030729846582835,0.75156546215426512,0.15860617777450942,0.061169880975452381,-0.25572329977266173,0.96481285211943102,16.17604322222785,7.3922771036860446,0.044401156982316239,0.6541076578099652,0.5940612426563168,0.6111111111111112,1,5
0.0052073083340636725,-0.90329181038723594,-0.42899509231139671,0.99903413466068469,-0.014018775529512301,0.041644588068924085,-0.043631201251984997,-0.42879759703151671,0.90234635204964708,1.2036185252892555,-15.878688147761084,-1.0939428903234178,0.426297395618145,0.1985011665936837,0.3076923076923077,1,3
0.40083552974672476,-0.89156350280210228,-0.21082077355874623,0.91550222330909337,0.39845472684539074,0.055583358756665015,0.03444643971108604,-0.2152866719651052,0.97594318055172646,-11.008170934952734,-8.704543121536032,-3.2221014125504657,,0.2684369440604061,0.8040540540540541,0,3
0.89864736414423407,0.42001407186710121,-0.12657446168258904,-0.40900266622798681,0.90654369553945791,0.10438077934208219,0.15858667641078114,-0.042032219918532003,0.98644997772502463,-1.3254896438089516,-20.000114527458503,-1.3658900398711216,0.2393430414306986,0.1597842445203286,0.4210526315789473,1,5
0.98046244207663358,-0.087644518430875826,-0.17610178325657255,0.13440282968876943,0.95217381039364135,0.27441012038936652,0.14362896312644113,-0.29271739475042291,0.94535033070378161,-19.879878167714782,-13.799456492900729,-4.3414791981450653,,0.5020537259199651,0.2571428571428571,0,1
-0.35262318323918157,0.93569105523225349,-0.011795753499402073,-0.935673353760888,-0.35273728597265552,-0.0095802999168811531,-0.013125003014049562,0.0076587363838456551,0.99988453236005403,-31.076191110903405,3.953938388435835,-6.6204297319807202,0.3421863674598306,0.09721629396293091,0.2,1,4
-0.17212728843431663,0.98107327378634501,-0.088698523315736771,-0.98458086833990244,-0.16849133322423188,0.047023231783491985,0.031188303501355489,0.095424850486986082,0.99494793212220078,-11.872276465498109,-14.568492021987645,-3.1419956637989568,0.259649038413987,0.1129558483041968,0.2432432432432433,1,5
0.5077316211131172,0.86109960772493621,0.026759418861509794,-0.85374883266638957,0.49875041645944879,0.14953579104115011,0.11541893970498167,-0.098769872215600421,0.988394142384449,19.923805345012163,-9.7584906069013329,1.581289949324346,,0.3732443947631207,0.375,0,1
0.62616810764744635,-0.75057526675827624,-0.21106934854676876,0.77735356490171126,0.62191575426246637,0.094563363596837119,0.060290431245895261,-0.22328807297052161,0.97288617030426205,-14.674580596868696,4.9156240145470731,-4.4081783444946767,0.7568958629344451,0.5343035170124696,0.8568904593639576,1,5
0.98469357542007163,-0.081679877113193813,-0.15397064720656439,0.093305283346775694,0.99318475591913402,0.069843859496934335,0.14721646180374204,-0.083141074593868353,0.98560381243649986,-3.5849034180408865,-17.655651832697352,-1.7795632643723849,0.2898219684897604,0.2944568242366402,0.8947368421052632,1,5
0.055776016184318752,0.99768024079120565,0.039027850996539763,-0.99706662295238024,0.053604568442140926,0.054632404637425046,0.052413599503775103,-0.04196054547945368,0.9977435177489874,-12.197283766955932,-15.61203871588471,-3.2039548469646824,,0.1096450820058446,0.1,0,4
0.68545381406990358,0.71884094806629373,-0.11584800455845139,-0.71645582380899642,0.69424520564549541,0.068663286903679496,0.12978490400349121,0.035934465647850494,0.99089080774392546,-4.4919446996581112,-5.5716909729817026,-2.3652979561771725,,0.1187778294189347,0.1544117647058824,0,5
0.6504554467678586,0.75628399704920946,-0.070300978494605995,-0.74909503029084823,0.65405317984637046,0.10521916900644607,0.12555615223309957,-0.015778267969737532,0.99196103698496962,37.222325900021055,-2.3855706022994165,4.2162925072931046,,0.3102103417054636,0.2,0,3
0.869642346377831,0.4837463541398761,-0.098547725711135334,-0.46919626335833953,0.87196112585132146,0.13978076210504425,0.15354821990837736,-0.075321045269384837,0.9852663012112487,-19.390702714791097,-33.495725869714228,-4.0085928756111295,,0.3945679936317004,0.2222222222222222,0,1
0.92496875653087329,0.35668622611492978,-0.1311782586468509,-0.3463115986467013,0.93323311071384407,0.095625507633315468,0.15652819581307756,-0.043022054428539909,0.98673604715154262,-10.792458778276725,-6.0466562721362882,-3.2716433276710064,0.5420469927864637,0.5122066989137053,0.9367088607594937,1,1
-0.96686870533859937,-0.20374301496269609,-0.15379756334470979,0.21021069339557888,-0.97728711454201911,-0.026858148340552751,-0.14483221678552541,-0.058298195547064238,0.98773728763115232,-0.69786037319232352,-17.509639069327644,-1.3603724375171444,0.2810409561983368,0.2817943627518676,0.7207207207207207,1,5
-0.55856148657991045,0.8294368889656567,-0.0065964333252678167,-0.82699555879232101,-0.55749518772649409,-0.072646138228945417,-0.063932866722980999,-0.035122113899583217,0.99733596429077365,-32.228917772768007,4.7878186340386684,-6.8054284708821173,,0.4258824633120417,0.2558139534883721,1,4
0.85088980570240569,-0.45548783296148943,-0.26175823306205387,0.5143381653511927,0.82374507976797839,0.23853782765258946,0.10697097837680736,-0.33760165518269247,0.93519106721729062,-35.174578371186769,7.2881162403957074,-7.3358736583178761,,0.2910474403288538,0.36,0,1
0.96984815461417317,0.20752838350722516,-0.1277752989836502,-0.18282147392893358,0.96622095706010414,0.18164077407980073,0.16115478789640561,-0.15280390105208358,0.97502825710916174,-12.093133924042119,-10.070956231132223,-3.2909540353700146,,0.1568418858518742,0.2592592592592592,0,2
-0.90644144571173946,0.40385190214440253,-0.12356191415788528,-0.40558324974629562,-0.91398014110002845,-0.011938559377393586,-0.11775454565003783,0.039293037667267793,0.99226504733847842,-13.020080434869493,4.9559185907156484,-4.135880281712641,0.1802372222464253,0.1249423518608644,0.4123222748815166,1,5
-0.69056143197496656,-0.70464764744942976,-0.16308464554539873,0.71004401917150239,-0.70340102956469786,0.032626407189613953,-0.13770402865371592,-0.093266738719156625,0.9860724699236002,3.6930167307712241,1.135449632008074,-1.458340430593726,0.2531457393502224,0.2236704859963311,0.9166666666666666,1,5
0.87957892903794077,0.47552932158189148,-0.014586703134492824,-0.44930997103237502,0.84037957329583179,0.30312163023776595,0.15640159053971994,-0.2600654477299521,0.95284023076991453,-16.521123590573747,27.628917718323979,-6.1417048648383394,,0.1541360945645535,0.4,0,3
-0.15185902855387787,-0.96204236100621487,-0.22674507949735767,0.98608419038263673,-0.16316432803612371,0.031864895009133413,-0.067652087359485635,-0.21875076613833994,0.97343273901682414,-7.4151870000861093,-28.714674380562418,-2.2593574390368842,0.3601979386166335,0.3300116464488131,0.7659574468085106,1,5
0.89199158846825999,0.45193947346120228,-0.010085555487037231,-0.42465589397793779,0.84537370051939387,0.32405351129087506,0.15497863662992215,-0.28477011570345284,0.94598499110217027,19.38438027720894,-2.8559495588033181,1.1902142747596069,,0.6784629120069232,0.4555555555555555,0,1
-0.071246027635428519,0.99731687479645548,0.016824232297555364,-0.99626247361115505,-0.070324612670890671,-0.050155084755902184,-0.04883735476409707,-0.020334701839947417,0.99859972595666457,-13.470389381451215,-21.047877142285284,-3.2078762931454543,,0.3457654974577604,0.3018867924528302,0,2
-0.94484437642122421,0.30029948464508227,-0.13072614071824776,-0.29685581856171006,-0.95383560818261126,-0.045543995750993056,-0.13836808639005643,-0.0042251727547492016,0.99037185974963338,-8.6591223866965361,-12.124027585428001,-2.6997248809637249,0.6120908026594033,0.5138914229985088,0.6317460317460317,1,8
0.89818807886394514,-0.3839564432405792,-0.21409256101214244,0.42329845212258954,0.8868025290406869,0.18547154746122119,0.11864482886882888,-0.25721338258551846,0.95904362799697518,-0.36068250621626186,-5.4622390846251729,-1.7543688907530115,0.2127413775747791,0.2066724387034034,0.6289156626506024,1,5
0.89570891185182588,0.42944296803477383,-0.11525746151421878,-0.41696955972031868,0.90127219353872623,0.11766401072773261,0.15440832715841832,-0.057333850030993554,0.98634218106332738,-10.757116529800197,8.1719980450284044,-4.0101879357827164,,0.2728351596329224,0.1481481481481481,0,5
0.87467537924300665,-0.44200260108926964,-0.19893888904993345,0.47044942683893826,0.87296615279874823,0.12886982910932582,0.11670611694772577,-0.20630995297869739,0.97150187110932051,15.869891125751606,23.931777697534461,-1.805861805580586,0.3450303399104455,0.3292143097579556,0.4074074074074074,1,5
0.70652857196287466,-0.68230461359556493,-0.1878238304004789,0.70744988070229498,0.6877981713625122,0.1626294615519982,0.018222055164261106,-0.24777830763929146,0.96864537730224021,-14.577036683642852,-12.412522700759066,-3.6053569757750914,,0.4686809407083087,0.93,0,2
0.20250019811679329,0.97925501820552441,0.0072992521505608069,-0.97368322955100872,0.20054090968873248,0.10827886235241407,0.10456882065786581,-0.029033650485490062,0.99409376262287719,0.38573355952955479,-16.417491429577769,-1.2167529394951697,,0.3211902025397684,0.2857142857142857,0,3
0.23884291114331724,0.96939863364648426,-0.056748153105760604,-0.9687513965973058,0.24189405669108763,0.054845208799843927,0.066893911437104242,0.041875463243505578,0.99688096089291744,-9.0674733356305648,-7.1895496927706128,-2.9716815478675151,,0.1611703300119473,0.3333333333333333,0,3
-0.069268750466593643,-0.93434486840294706,-0.34957332149046333,0.99639494966487674,-0.082002801003260434,0.021740398109188271,-0.048979020928588433,-0.34680716185900451,0.9366567396822475,-2.2409977460858115,-20.078912122716567,-1.5083438042680284,,0.3673481424727859,0.24,0,5
0.88105244053972021,0.46005010157656773,-0.1100022775145669,-0.44560344895324044,0.88525370976260875,0.13327953943691029,0.15869518990813519,-0.068408869241697187,0.98495485343699496,0.2946019447751671,-11.082733923692663,-1.4530030814998938,0.3423936288534719,0.3349945390323645,0.878125,1,5
0.53469725153115399,-0.81782954237189287,-0.21272914428636608,0.84385736298320435,0.53008557810872636,0.083150651351445837,0.044761592286935249,-0.22397347946780985,0.97356678268674524,-12.224376403983893,9.6668686683263356,-4.3010155958267973,,0.06682872622529085,0.1538461538461539,0,2
-0.65161529894164472,-0.73419231855250888,-0.19068073201999916,0.75044279768854349,-0.6606041619608447,-0.02092244243396469,-0.11060338865777798,-0.15672836558358477,0.98142911605419336,25.92453220358145,-20.442144950929123,2.9576108751092249,,0.4314860606553315,0.7142857142857143,0,7
0.95659187955119074,-0.19773060495105274,-0.21409013018448397,0.24893342426730181,0.93637498414278497,0.24745512594034802,0.1515391905061991,-0.29000775323651035,0.94495046261877436,-4.9091522614522356,15.229651203806444,-3.7069546858658153,,0.6168077642261447,0.3970588235294117,0,4
-0.4910979580851777,-0.85698674388494578,-0.15619384229235042,0.86374203244804848,-0.50231836718360867,0.040323186537131572,-0.11301547215794921,-0.11510855222559162,0.98690299637676882,-5.3422533807541983,3.2820400205963658,-2.9269519191126152,0.3046971236630296,0.2563085091067617,0.8978893325727325,1,5
0.86598425378849841,-0.46409978935322826,-0.18623280514631804,0.49788672384712951,0.834952701150245,0.23444145763640431,0.046691352594986503,-0.29574545197551066,0.9541250155135077,1.8761613289326917,3.5818510100383132,-1.8752119430272773,0.5369346638910213,0.2777566781931495,0.7777777777777778,1,2
0.87974267320964006,-0.4098247547956016,-0.24103215405974765,0.4511761753562199,0.87951260928537389,0.15131962496307977,0.14997629054250639,-0.241870296780648,0.9586479394492804,9.1589023493081427,-25.252060497819439,0.29197553717626579,,0.5704323831180587,0.2,0,3
0.76841873264227878,0.63263182720365418,-0.096486385222992882,-0.62392534945346034,0.77414246174413981,0.10686724116444817,0.14230182582739956,-0.021918488398804968,0.98958060320142682,1.6737789172719497,-4.4587864956766445,-1.5008731592260101,0.2659346725438641,0.2604202457509912,0.7340425531914894,1,5
-0.017814099526739458,-0.9786274871879167,-0.20486800428157356,0.99885018387655133,-0.026540023417414269,0.039924144659369436,-0.0445080669972375,-0.20392123106058999,0.97797503214289783,-4.6979123958007447,-23.186444171895786,-1.8438490799411349,0.2813486663610212,0.1706676374262454,0.6428571428571429,1,5
0.22807095547213313,-0.94142250972114805,-0.24840953576777602,0.97362987586464023,0.2191207993854844,0.063489684992688325,-0.0053389225348095997,-0.25633909859207998,0.96657217135564477,-15.668504702324151,10.267697931826971,-4.8165456327549352,,0.08898484988296672,0.3823529411764706,0,5
-0.98839712248934364,-0.00022805759333696147,-0.15189165956206876,-0.0040704161916944436,-0.99959996988385647,0.027988067461328651,-0.15183728121516032,0.02828158761327967,0.98800080558431747,5.1554310776624428,12.935355791165826,-1.9972374914867568,0.3185223425046639,0.3142679959572614,0.9124087591240876,1,5
0.75698978057902422,-0.63068046214252815,-0.17090531522046581,0.64806629603823696,0.75807811269459824,0.07299075963898069,0.083525732790559637,-0.16601123373158302,0.98258013527483679,18.318279849120724,-12.14490703477896,1.406367810100813,0.699108682787793,0.3088057649911499,0.8208955223880597,1,5
-0.98062246377491913,0.16086218516122508,-0.11181655031864221,-0.12840036033808269,-0.95882206752820631,-0.25332506841207947,-0.14796260002127634,-0.23405896736952841,0.9608972207207449,-19.824570817662206,28.914706749840356,-6.7096783910786133,,0.3810917360594983,0.2222222222222222,0,2
-0.62032299559796489,0.77807932696760351,-0.098954242344676493,-0.77865420409100561,-0.62607244995630618,-0.041604300944871914,-0.094323971416445232,0.051243032222440407,0.99422187667787709,-10.934825596852514,-17.045978276592091,-2.9585236198123592,0.4137135163022114,0.4790235329692351,0.8823529411764706,1,5
-0.95029063887859599,0.27906135387441899,-0.13810308625619264,-0.28318277317574581,-0.9590057198537677,0.010749244822335538,-0.12944195083589852,0.049323321679837578,0.99035952628440094,14.548671348378424,-10.74964342283727,0.79295481267716283,,0.07882866006217712,0.4285714285714285,0,4
-0.74399545446073212,0.65416379466598795,-0.13616348075002668,-0.66293535901557743,-0.74815494076888589,0.027944487291616221,-0.083591109028742464,0.11105815751802785,0.99029218523627904,-1.519173864489652,5.2691807769041477,-2.4750862267916642,0.3509232512468204,0.3137186931262371,0.9454545454545454,1,4
0.60461499534825414,0.79601318782773689,-0.028349818418379687,-0.78629507551998767,0.60216104718112107,0.13835507750260978,0.1272036226412121,-0.06136023192638998,0.98997684837822952,-4.6414778694200391,11.621137746029705,-3.3609122502566979,,0.1840594772602019,0.25,0,1
-0.67007029883128388,-0.71310095218346481,-0.20613788254270576,0.72997602133696726,-0.68341762317948551,-0.0086810483672788968,-0.13468779787793062,-0.15629262401898272,0.97848444687693181,-13.429637379227353,-19.482196246395922,-3.2463622103990302,,0.5590923410306667,0.3,0,1
0.87453323129906624,0.48076542989616478,-0.063688529346886902,-0.46388098898268953,0.86756865587617749,0.17927368853695233,0.14144276373874826,-0.12723690014283634,0.9817355630861021,-6.5738089491853149,-16.393578727967508,-2.2623241830896612,,0.2389556002745142,0.358974358974359,0,3
0.96772679953490204,-0.18671563323059248,-0.16923981141928449,0.21040403170105068,0.96826881293693923,0.13485417805034555,0.1386902480561607,-0.1661107407755136,0.976305401446254,-13.191707393382286,9.9709315369058356,-4.4688656349818903,0.2097335051270384,0.1335276881906216,0.7236842105263158,1,4
-0.24625018420838454,0.9677838955018554,0.052489793146776299,-0.96917774531632672,-0.24629724572785086,-0.0056713958102784807,0.0074394059506714162,-0.052268521637112791,0.99860535592644029,13.44879480578787,-1.7010588366870383,0.18364751459865972,,0.1850601251974383,0.2333333333333333,0,4
-0.33048312679481895,0.9407415036968525,-0.07606790470430802,-0.94348805970217153,-0.33140611484415883,0.00051792212863078732,-0.024722137920304428,0.071940324339583472,0.99710250507686726,-9.2393421425948503,-15.694554463750604,-2.682411664135838,,0.7312240914260963,0.6213592233009708,0,4
0.93190422267364581,0.33456885573135015,-0.14006498683697702,-0.32746339212726089,0.94213795609344231,0.071720279590771846,0.15595591229426151,-0.020970275694078132,0.98754139202252089,-14.145411494661595,8.498396732972413,-4.5275980332755239,0.1770096633673374,0.1156895089869922,0.5128205128205128,1,5
0.59416568163773797,-0.77740403987143059,-0.20642214405325235,0.8028922543682292,0.58863562400539526,0.094191984941830315,0.048282197956029983,-0.22170038552821328,0.97391876890076223,-4.8374494440403835,-21.090134384106037,-1.8491491340571085,0.1677088464691722,0.1247668328160552,0.4102564102564102,1,5
0.98547758153711518,0.10003234441131494,-0.13721321495881716,-0.06790251820480514,0.97279102576403775,0.22151042461788947,0.15563799121424252,-0.20897643471101626,0.96545619549841177,-9.1710220687655912,12.999936448277179,-4.1195116608789819,0.8171970133229338,0.5834207966271069,0.8414376321353065,1,3
-0.063496564477515366,0.98742104187926849,-0.14480287412068729,-0.99731662482107319,-0.057485027293739714,0.04533234488243406,0.036438114043603725,0.1472927618421791,0.98842152250638859,0.8775230232110538,-5.8512277914165631,-1.5781226802736721,0.3947747580268824,0.2335005247955693,0.8731343283582089,1,5
0.56936220644541879,-0.80104940926018453,-0.18478777501640478,0.82038967280903652,0.56808265193769258,0.065137434058460397,0.052796426203731019,-0.18868477546253618,0.98061745491744434,-14.53189686639131,5.9769719587844348,-4.3922767720617184,0.1493877987551419,0.1296295137602533,0.3670886075949367,1,5
0.98719088153961365,-0.053325182813583005,-0.15036817576514733,0.06286073085512732,0.99625375554596485,0.059388408607403867,0.14663796207462623,-0.068079948872327226,0.98684468313921692,11.821714749882608,-12.534354377280064,0.42172591642160751,0.2424292772055128,0.2301456583496708,0.7454545454545455,1,5
-0.17166636116503717,0.97881227487854572,0.11161178697360477,-0.98395684799826444,-0.17593985707889526,0.029564978748151966,0.048575525953670588,-0.10474586979038494,0.99331199582013507,8.6486445852260978,-19.322526830297338,0.10983261968259965,,0.4565692543946671,0.6666666666666666,0,3
-0.40856726883209971,0.91190788633277886,0.038688417945964872,-0.91270730441268466,-0.4079038208043741,-0.02408006322507723,-0.006177646057304283,-0.045149527320626902,0.99896113881968096,2.3202899734898241,-23.827491047366408,-0.75944193396708692,,0.1464008228977855,0.4047619047619048,0,5
-0.9748328735268581,0.15988142085697005,-0.15536666294969745,-0.15955768384600003,-0.98708012838079484,-0.014634400618180103,-0.15569911437470785,0.01052385008017216,0.98774846715265596,-4.7796776403356578,5.9354191246902133,-3.0225446295655067,0.1025419328693222,0.1269262626753141,0.6229508196721312,1,5
-0.46358522328351459,0.88172610821683151,0.087451762943776407,-0.88465084300653196,-0.4550430012770097,-0.10163047257906338,-0.049815928386473342,-0.12447866113359335,0.99097095628549159,19.660509894999862,-18.181058265668248,1.8398092256741139,,0.3547175003127507,0.3636363636363636,0,2
-0.7913458670208332,-0.56275590652790775,-0.23890899609892968,0.59340272793412663,-0.80105457059740937,-0.07864335576090993,-0.14712213031825863,-0.20400334456315364,0.96785211379511105,-23.607700753533603,21.172266407810451,-6.554370376942301,,0.1911145311517529,0.15,0,1
-0.4423971511765043,-0.81108184280810236,-0.38266304354866243,0.89074079153009567,-0.44698594402641451,-0.08236751876287958,-0.10423820285889256,-0.37729273795002632,0.92020899091180397,-2.2905066605257902,3.647619369727122,-2.5255429953941793,,0.2697631166346702,0.3143712574850299,0,2
0.94481644115636454,0.29543834778507821,-0.14155590831415121,-0.28854166988889091,0.95508730783477913,0.067468060225885279,0.15513090362126927,-0.02290015438674025,0.98762846540119076,12.615407178140478,-7.613771876178216,0.31348911825495868,,0.2383180147341403,0.8969072164948454,1,5
-0.57051719393666189,0.82127959784533344,-0.0031549303707708171,-0.81972438265709413,-0.56966518526408272,-0.059443361071561784,-0.050616873669587607,-0.031327286206205028,0.99822669431290567,8.1948101096022654,7.0562204038282443,-1.1233071478280714,,0.5074623066610948,0.3571428571428572,0,1
0.20881481874986219,-0.93033409415813306,-0.30145454834423546,0.9778863637482812,0.19497542330081696,0.075649480525846885,-0.011603062769173219,-0.31058502468025107,0.95047478208458602,6.7233486291149607,3.1713301794813136,-1.1428914890033119,,0.8919059164066225,0.4267676767676767,0,1
-0.3095370391617619,0.93897459550702855,0.15004509448622749,-0.95087441793571725,-0.30483085887578287,-0.053999896226404852,-0.0049661556942753472,-0.15938900987666496,0.98720336346071846,-29.893650830901386,15.296809616711165,-7.0150935705849733,,0.4297946340436944,0.1904761904761905,0,1
-0.51503097864716918,-0.80709361936106672,-0.28869184370257722,0.84924076663848369,-0.52616361733210337,-0.044067766851489103,-0.1163323313314942,-0.26786514775657161,0.95640736681830829,-7.3853540417600403,-14.496574898657794,-2.4674154398363384,,0.4332340507048056,0.3055555555555556,0,1
0.82052127112589024,0.55375862232729833,-0.14176117884712197,-0.55166042187522535,0.83209458717242835,0.057353090019584316,0.14971847770533128,0.031144601402465628,0.98823802357381474,-25.947113841255131,23.052801899046703,-6.9451012876492433,,0.2320940794046646,0.52,0,1
0.76792018258771066,-0.59248290690731609,-0.24343910572690108,0.63832869599281739,0.73943350708578193,0.21394991112624856,0.053245366432827283,-0.31969062172900375,0.94602475513696604,29.718176903201964,-1.0915012822883772,2.8087299767501452,,0.1763920031424821,0.45,0,4
-0.97584202023692534,0.19243958965786354,-0.10343769077192874,-0.16646445490417144,-0.96154460164673039,-0.21845265916781048,-0.14149889325847451,-0.19595658543754921,0.97034997801323364,6.4536880210257319,-10.221520536754284,-0.54886361088647195,,0.2109493022628838,0.2875,0,1
0.932442206712355,0.3605899866545611,-0.02294324880779882,-0.34332315228464921,0.90400259537202565,0.25477150677807897,0.11260881069758628,-0.22968275748323927,0.9667290658029114,9.0561432441406708,8.0342972439955389,-1.0340102676609224,,0.413876594052231,0.1044776119402985,0,4
0.9610076980051071,0.24787472339417205,-0.12256559826145288,-0.2277953072645619,0.96092436521285551,0.15726939412522356,0.1567593772734793,-0.12321723029890649,0.97992041094891857,-30.839556598162833,17.696975472319963,-7.2158111872116768,,0.3502868122244127,0.4347826086956522,0,1
-0.075152472347091409,-0.93302515464688329,-0.35187521466605021,0.99582808877103002,-0.088537777901168763,0.022078937903827665,-0.051754454057186573,-0.34874793573651813,0.93578648943269083,8.9271992727567859,-29.946839634704318,0.26275726143257161,,0.4040152348665056,0.1818181818181818,0,3
0.97222328017879078,0.18816915730428738,-0.13919145705749547,-0.1768187309886054,0.98012358085894058,0.08996056144682911,0.15335263235423621,-0.062850095335200473,0.9861707943689999,26.63286435838025,-1.2935563220138346,2.2966802747491823,0.1343289925950241,0.1122923930313038,0.3333333333333333,1,4
0.62712997393166781,0.77888673290587207,0.0065918965164085269,-0.7686153099739117,0.61744380637909979,0.16731303367579375,0.12624777649596072,-0.10999365103180404,0.98588178584580832,18.703734396805853,-22.530773839287463,1.8047445398173647,,0.3659159986069719,0.2857142857142857,0,4
0.13060661799653056,-0.89395235103081849,-0.42870864864378477,0.99114069195307197,0.1072076592549578,0.078400551986948147,-0.024125507047389892,-0.43515021760714373,0.90003458157237548,44.142318800979112,0.5161742565477081,5.2546228031195295,,0.4900992244081042,0.2857142857142857,0,1
0.46556160458767082,0.87919272975202023,0.10135352132484178,-0.88178975666176707,0.45104395298102057,0.13786289394045628,0.075493161148120214,-0.15355616702186398,0.98525188971623801,-30.619197457746399,14.212812391827429,-7.0608986610319402,,0.4000025740927633,0.2272727272727273,0,3
-0.19436627720351268,0.97723059708983451,0.085100589877468227,-0.98087806304976177,-0.19273908217186528,-0.027016136498308717,-0.0099987856160351114,-0.088724327639001302,0.99600603309980607,-8.0349450911277192,15.834787934360371,-4.1924950364912066,,0.3573269426235807,0.4,0,2
0.22802854487739305,0.97345050554814794,-0.019927266976528211,-0.971778295789123,0.2288114128333755,0.057378403518944243,0.060414622023869193,0.0062809716803727735,0.99815360683637422,21.480814929487259,3.1365873027113418,1.1548602836631312,0.2858006552946207,0.328633320229155,0.24,1,4
-0.97156156355768142,-0.13883064262293746,-0.19181809321921123,0.17799809405221353,-0.96244419942587911,-0.20498253951314144,-0.15615635347667151,-0.2332964115891614,0.95978538101415545,21.56125338512032,0.54557193001873749,1.3310035964709406,,0.5381320528207414,0.3333333333333333,0,1
-0.87126282943703048,0.49077831070288402,0.0061426203695390527,-0.47793802414235337,-0.84548687114473398,-0.23817471696381334,-0.11169748036676637,-0.21044856964472988,0.97120289971468055,26.560102084422414,-13.645288395901586,2.8525561798422121,,0.6796560447674173,0.2173913043478261,0,1
-0.93756837175011776,-0.28679098936725356,-0.19676502918858277,0.30194333139959711,-0.95194777454585389,-0.051241186173903719,-0.17261452116535594,-0.10745400390375123,0.97911075171703965,16.023727867566834,-2.7990146393194495,0.61226069800901506,0.3265337997565009,0.1468360438178676,0.1666666666666667,1,3
-0.96959584250887998,0.20854239711710348,-0.12803894249073977,-0.20140738284938486,-0.97724795410500154,-0.066494378193570611,-0.1389926916181419,-0.038684684336836375,0.98953753181701143,-4.9657000085591729,-33.113214369290432,-1.8851447562470656,,0.2692337707627427,0.6923076923076923,0,1
-0.49474430329358349,0.86112812080757739,0.11698903330209032,-0.86826471806344763,-0.48412441918553162,-0.10835093961048199,-0.03666679321605839,-0.15518346014534759,0.98720496350685383,-7.1215337992366958,-5.4140234660752844,-2.7640656388104992,,0.3252090235884801,0.4078947368421053,0,2
0.11043228273834399,0.99278269042075828,-0.046767943402705611,-0.99265891227887393,0.11250934811935363,0.044383898646697173,0.049325397134951508,0.041523200583267673,0.99791924974458746,17.913220258847595,6.313126939929858,0.37589083060072431,0.1874364887026063,0.1517422115388294,0.2777777777777778,1,3
0.082829032249813306,-0.96537948273499119,-0.24734956181663112,0.99606155484073711,0.072317936573242689,0.051298099555843711,-0.031634322891634016,-0.25062436107471375,0.96756741328502704,-31.706743779829218,8.3430665375753854,-6.9193409223794262,,0.5414204841563452,0.8571428571428571,0,1
0.62263025629746416,0.78174098308324602,-0.034822396686527549,-0.77175866130660509,0.62081588762625917,0.13775413739360709,0.12930635189808329,-0.058895407621135543,0.98985412981911081,-8.4523235478553005,-16.877236043362899,-2.5563449450188975,,0.2735578581851489,0.1818181818181818,0,1
-0.63963321352428426,0.76808314739340688,-0.030292422267569043,-0.76596570836621336,-0.64018825544572266,-0.058783766436056623,-0.064543673304545413,-0.014397092748248836,0.99781102316859382,3.7727141654287029,-10.507728397663039,-0.90942379229233972,,0.105750293671116,0.1904761904761905,0,3
-0.34617219989206088,0.93197344020629813,-0.10765832421103223,-0.93808863911128981,-0.34537563287485484,0.026558941745127813,-0.012430333552186158,0.11018701813884534,0.99383313883239466,35.898937723355999,-15.031011845832801,4.4451440900323869,0.6885931461830805,0.3784514406349895,0.9032258064516129,1,3
0.98101947139588364,0.13155425604171456,-0.14245797436245902,-0.090896371824458158,0.96093157432205811,0.26143519093665224,0.17128527762564377,-0.24352409980994688,0.9546503896612959,22.174985816533667,-23.164526476369296,2.3808488988022609,,0.4061870015628946,0.3076923076923077,0,3
-0.58776331585129449,0.8078233661671621,-0.044223224824138874,-0.80694323268980961,-0.58929491092188413,-0.039675271614551519,-0.058111132802682847,0.012365962798089389,0.9982335293950334,1.8893015861180411,-8.0543663070231286,-1.2939482956278152,,0.1864858494113941,0.3665158371040724,0,2
-0.77647385046357131,0.62828694660638529,-0.048413554613364829,-0.6214510460228897,-0.77621360575593967,-0.10625928494216173,-0.10434058147879069,-0.052420901970384202,0.9931591474145921,4.8354022452876606,48.077677210468117,-5.5753836455009314,,0.598853389921941,0.9285714285714286,0,2
0.53600544940009975,-0.75395537362136855,-0.37980185992285537,0.843115490255543,0.50102388358521099,0.19527247160915717,0.043063073561385223,-0.4248839402291596,0.90422298634285503,-4.5705490985751567,12.429733296306182,-3.4054271521292736,,0.6067145980461378,0.1639344262295082,0,2
-0.54636166345526316,0.83047970183795639,0.10859280612239519,-0.83627442096396554,-0.53377400163675459,-0.12542092336635646,-0.046195514368617713,-0.15933857038339597,0.98614258322029358,7.9242064898667026,10.735318383691133,-1.3776923838739656,,0.2975174313216564,0.2857142857142857,1,1
-0.3690473627857242,-0.88149456357026135,-0.29456981925678904,0.92429354143633879,-0.38130652141552407,-0.016934756717006678,-0.09739349711337951,-0.2785187087469489,0.9554798980606336,19.048849236750414,-0.35426655807247931,0.98063702353457738,,0.730196887529847,0.5789473684210527,0,1
-0.76738054582011284,0.63455677328752413,-0.092004344309118302,-0.61959103975836427,-0.77078582627294456,-0.14831100251796148,-0.16502739574983982,-0.056805910710588152,0.98465173902266878,19.051849089471656,10.606868464983494,0.25803024331326629,,0.2541526242456686,0.2558139534883721,0,2
-0.95999540782700332,0.2516549233542324,-0.12279501823217363,-0.24499813347131785,-0.96721671321402425,-0.06684118696604216,-0.1355903077164245,-0.034082682274647516,0.99017858955964588,-6.743008939612122,11.208349538452875,-3.6199971241023863,,0.7848865564921663,0.55,0,1
0.27095665203290703,0.9590000932359668,0.083074146956353581,-0.95892245266666098,0.26138869394427883,0.11019836863520428,0.083965603022155985,-0.10952064577746014,0.99043172690378534,16.265853831526414,-21.167848124663642,1.3605372763287422,,0.4414057670399361,0.2307692307692308,0,1
-0.9641163145224585,0.24812015074129767,-0.09442522368386462,-0.22739913850005172,-0.95536755340646629,-0.18858014133937287,-0.13700132802665246,-0.16034097634185501,0.97750775312765392,-3.8688364475601364,11.58379737084323,-3.2512396103401802,,0.436962156038728,0.1066666666666667,0,1
-0.45186763165958604,0.89113286972452899,-0.041204999149147305,-0.89160310576643431,-0.45265951830928886,-0.011969221848163798,-0.029318002080711444,0.031330001285145147,0.999079018783533,15.805010840568766,-24.423187267248686,1.329032472502627,,0.1463240927854399,0.4,0,1
0.33371922658004394,-0.89023129430716674,-0.31003180554098603,0.94262934034964863,0.31828767810587943,0.10071186959814751,0.0090224455001605038,-0.32585456357423426,0.94537685547883055,11.512262762519972,5.9013537509956633,-0.55279988536341862,,0.6134627052917772,0.5277777777777778,0,1
0.25586959129112347,-0.85848546363735923,-0.44444736581046634,0.96670333465169389,0.22535521682997586,0.12124227406647564,-0.003926197372676893,-0.46067096171873428,0.8875623076738488,18.647949353129015,-23.662710157456981,1.7872465766211088,,0.3441174228259812,0.2142857142857143,0,1
