axis_00,axis_01,axis_02,axis_10,axis_11,axis_12,axis_20,axis_21,axis_22,location_x,location_y,location_z,dbh,dbh_approximation,score,reconstructed,number_clusters
-0.41687288130505051,-0.82162783430954345,-0.38877333077287601,0.89316225360458323,-0.44967396393033238,-0.0073834205599485466,-0.1687548208745703,-0.3503156120571746,0.92130384910766527,0.29288698272001634,22.078334436937727,-2.8744363618480846,0.491787399804659,0.2618329898198569,0.1666666666666667,1,4
-0.075709637039322361,-0.89489699427421354,-0.43980384320552601,0.99384392761171392,-0.10350180876770457,0.039517377584224592,-0.080884475696481703,-0.4341045325964592,0.89722402797211875,-10.222113987341528,-17.931787802112087,-1.6661067353533401,,0.6983115107853761,0.4905660377358491,0,4
0.088248610348266282,0.99362023196385141,0.070221203376925764,-0.9892342406349024,0.079160596164784713,0.12308215618165408,0.11673816825309997,-0.080327048040741242,0.98990896825211783,6.9945639612249719,-7.1507254995392682,1.5544878269684246,0.6921051779403181,0.4573615075643823,0.3658536585365854,1,3
-0.15628194622788441,-0.95334990790043994,-0.25826325017208263,0.97866156928261283,-0.18477937899472888,0.089878328353478934,-0.1334072190419924,-0.2387059576226479,0.9618845979133549,-11.923510761933986,3.1286634432407623,-4.3816183354837648,,0.08301232353895591,0.4900662251655629,0,5
0.63784150678181206,-0.68559203305923633,-0.35088712776619652,0.75686079282242613,0.64231226186170443,0.12081679746752719,0.14254807089019461,-0.34263467785354801,0.92859115062425579,5.8062213785580967,25.85467036649985,-1.8111126457368238,,0.4728085959763989,0.6666666666666666,0,2
-0.54612696483042156,0.82120910908041922,-0.16541141873660636,-0.83566834161242887,-0.54782642544567495,0.039301786348051239,-0.05834176130222065,0.15969285127005373,0.98544123728479927,18.931326501026021,-6.3598425951585043,4.8442543878122608,,0.135622782168821,0.2631578947368421,0,5
0.17312732203926198,-0.90123295546372073,-0.39724814706885964,0.9845311038516581,0.14733097932123193,0.094826621161377564,-0.026933917504707024,-0.40752023571643081,0.91279889437349526,20.637128473684005,-15.052680947431554,6.2622534826313014,0.3723302236594674,0.2408670022613059,0.7142857142857143,1,7
-0.42624059329725522,-0.85335620062480755,-0.3001702041855534,0.88312041795277896,-0.46443528212306168,0.066318897112213795,-0.19600327553516084,-0.23681863012538734,0.9515774547586876,-5.8134930194465921,-2.084762062698974,-2.3248094142203568,,0.0809568578586103,0.303370786516854,0,4
0.86533491693728426,-0.41604732493454594,-0.27946396000907203,0.46854981301955068,0.86948406598018224,0.15639223678275765,0.1779228884896146,-0.26627444943399753,0.94733381831861874,6.3595851489995443,7.5527578995054965,0.036072297019031946,,0.6325570133150864,0.3529411764705883,0,1
0.86707897691914715,0.44536260634340447,-0.22321782333822715,-0.4092477869692514,0.89229445757622006,0.19059603836263261,0.28406037500083736,-0.073910417735051137,0.9559534264307098,-6.8893672528031917,13.970301695315959,-4.0051454295938056,,0.1392550342714003,0.2272727272727273,0,5
0.27439145792247865,0.96098859018923899,-0.034788753143443742,-0.946900093094724,0.2763202085442687,0.16439998797826585,0.16759934819795305,-0.012168478793618057,0.98578009038906322,-8.7727037744941452,-9.1071992389444727,-2.295778403664344,0.636509016225961,0.2408582348859327,0.2765957446808511,1,3
0.63349515417780888,0.75573645524168365,-0.16597078011496053,-0.7383831714945216,0.65457716970737168,0.16223138090880407,0.23124485223875843,0.019777237335402834,0.97269454568042724,-11.209018875788342,6.9023844274413948,-4.5209351522716368,,0.07346271467174165,0.2608695652173913,0,4
-0.80747576643635754,0.55631681713916736,-0.19620011617265978,-0.56978512013591942,-0.8216525411643153,0.015232152504502484,-0.15273442143051644,0.12409150078216882,0.98044555990830817,-1.4194969293389679,6.227710386063249,-1.9370127993187933,,0.07339951295443969,0.3176470588235294,0,5
-0.70726657762362177,-0.63042061248941517,-0.31991223722302686,0.66267535573645031,-0.74883177490712238,0.010599329649539951,-0.24624248430386753,-0.2045014039998781,0.94738789029939574,-39.235918755208758,-1.6186046058012542,-11.371179893084781,,0.1505320949073925,0.4375,0,1
0.76942084857930704,0.62213557697505939,-0.14470273540403014,-0.58599769258056966,0.77767709136572039,0.22765114947041376,0.25416188160648107,-0.090364071548722003,0.96293098013896605,-7.1484416452608102,18.256610322793694,-4.4710984370664431,0.2443795323099045,0.151724587121889,0.4761904761904762,1,5
-0.93104495721078862,0.3208174583683735,-0.17387192429606871,-0.29745906643903858,-0.94325498009489361,-0.147608083516443,-0.21136080867932103,-0.085709981520465411,0.97364285424491481,18.841277611065241,-3.1036471045571337,4.5744996090246737,,0.2158053423495599,0.25,0,1
-0.95463683749733419,-0.11286283526450909,-0.27555487458788613,0.14496709788400894,-0.98447089826893108,-0.099002984766383348,-0.26010199734753586,-0.13445828675697477,0.95617358261886831,-26.187830138240599,4.2868571353762297,-8.2483997426686155,,0.1316498720410157,0.3684210526315789,0,1
-0.65306832475446885,-0.69588451620685388,-0.29874153260961939,0.71871594020359963,-0.69384179379994426,0.045066201012850825,-0.23864023235751153,-0.1852789930888763,0.95326939226030127,23.337712303773536,14.071496177846198,3.9571057765447946,,0.2547250051435936,0.4722222222222222,0,5
-0.93681021367318829,-0.23498104628041669,-0.25917278299728119,0.22719885880745858,-0.97199635187300604,0.060031412628348574,-0.2660212437272324,-0.0026457200394688391,0.96396353564400383,-6.5568075863992963,-16.817443738666515,-0.84199294348916731,0.492192507816547,0.449988968263007,0.8540145985401459,1,5
-0.85186365953876675,0.51106688394378352,-0.11462524021004965,-0.49708274291835963,-0.85782962872585122,-0.13052614593570103,-0.16503651792854868,-0.054212251530990033,0.98479641527270023,-11.25232848916032,-7.5230463343225003,-3.1435566525380882,,0.4756225857168782,0.1454545454545454,0,2
-0.39316857872295524,-0.81264163214803298,-0.43015351492781556,0.90848732020234813,-0.41542091483512178,-0.045565914334165923,-0.14166600769602211,-0.40870409982936745,0.90160506933254236,-5.2233954386466168,18.737057465079346,-4.068824618431873,,0.2665315873807188,0.1,0,3
0.95102771941919184,0.21824340469469522,-0.21889744905685621,-0.16538468526129718,0.95754040095058346,0.23614463031883187,0.26114015925811396,-0.18837780350843766,0.94674158056355784,-7.5358865523432232,-6.3979473412298926,-2.3315503240699065,,0.09712255340144829,0.1481481481481481,0,1
0.79952294029150184,-0.51240081613923039,-0.31338230895741975,0.58388336866057267,0.78541324423874859,0.20544159164090006,0.14086617673953719,-0.34723398363958491,0.92713822100945154,-7.1365428455312836,22.666351438156617,-4.8849694865996396,,0.3022692020335272,0.1666666666666667,0,5
0.67805935421578856,0.72730515782120542,-0.10612596085378821,-0.69416179424240498,0.68113087685355256,0.23280921805391627,0.24160901385220152,-0.084189880647156309,0.96671461581067675,-10.697184919322829,-10.887489639606727,-2.6593821133153699,,0.07265852393996325,0.1363636363636364,0,3
-0.74805969596931698,-0.58182138381522708,-0.31920302097822917,0.61325620973722572,-0.78987991105177513,0.0025587761862796983,-0.25362080451931629,-0.19383911744581903,0.94768290269625566,1.5179094330509193,16.828780623564175,-2.0950924595358633,0.3409085391264556,0.2490144376884257,0.3243243243243243,1,5
-0.63794207358461397,0.74389589859373639,-0.19912007132878787,-0.76568857387230127,-0.6403177431957221,0.060944200627616192,-0.082163973808263166,0.19134283316642872,0.97807821855099086,-20.80328006346268,1.2131982688271647,-6.5319672297468152,0.3399319905004297,0.2593481365649277,0.7734806629834254,1,3
-0.77762653457327902,-0.50974233624070708,-0.36804853398895426,0.58375569582842091,-0.80278107039834357,-0.12153946107320596,-0.23350858724130139,-0.30936273798561331,0.92182885398029046,-8.1769539071375608,-17.47891867472163,-1.1592131283708842,,0.2104807486357034,0.8,0,3
0.93081162201446532,-0.26264033090424932,-0.25418454104312904,0.30165310296071129,0.94471961380240699,0.1284922440118636,0.2063858759629017,-0.19627762959526543,0.95858226685219283,-2.1353764723796749,-3.1731561860274256,-1.2700846985538912,,0.08557598341854014,0.545774647887324,0,4
0.8753120186001363,0.43874883111746199,-0.20329371187328082,-0.40347326342941298,0.89439163442967706,0.19306198476093409,0.26652991537869641,-0.086965898231850455,0.95989516966851807,-1.613084741756649,20.846286850511486,-3.2968357020121495,0.2156961537906142,0.2127176005725545,0.1875,1,5
0.45682841203011337,-0.80628647585019664,-0.3757790851326312,0.88901925000483373,0.42847359636151899,0.16141607832514915,0.030863815105876078,-0.40781429116952028,0.91254311067204585,-10.264536029387656,-12.020250974878294,-2.3890358185351537,,0.109923097137313,0.26,0,4
0.88139322844432533,-0.38622202957784413,-0.27198992760994151,0.43450305043405413,0.88875854864948478,0.1459977443865603,0.18534582815912548,-0.24686187650431682,0.9511604164980666,-16.234150659547502,-11.647683494927302,-3.8767490492768055,,0.1198264896520901,0.6086956521739131,0,1
0.39209229954178021,-0.81223637510142255,-0.43189778837375548,0.91907576038335714,0.36605211856313408,0.1459643558242755,0.03953954116822158,-0.45417828818377415,0.89003298097692063,-13.228023165947034,1.1805236786389959,-4.5586371924963549,,0.462580842470403,0.2997762863534675,0,2
0.8242275890627877,-0.40938000740728725,-0.39122485984783201,0.53586708930688531,0.78719886084261137,0.30522846539250437,0.18301733258222516,-0.46122224905494991,0.86820429217505157,9.7376262183976472,-17.564978071682578,3.6005641744868631,,0.4851281863452414,0.4444444444444444,0,4
-0.91498983137089862,-0.25608156061821674,-0.311794552228218,0.284276513819812,-0.95755077244345399,-0.047784745300144649,-0.28632232217958586,-0.13235842437972772,0.94894719311319242,-12.946296496860921,22.096198984423772,-6.4330938026664315,,0.2602908003868922,0.1818181818181818,0,3
0.78011973330820239,-0.49485864878330443,-0.38278991552482394,0.60921116567092626,0.74011524174107435,0.2847651393068017,0.14239015880674716,-0.45535079517544857,0.87885191927199879,-9.594236044822626,-8.3004340479827352,-2.6434001720669338,,0.2576445806800561,0.1666666666666667,0,1
0.80432575567353914,-0.52955917258760443,-0.26949426986212843,0.57296329256097278,0.81137437415490565,0.11569222248026623,0.15739486693624696,-0.24746455845851184,0.95602727375794794,10.962666474455927,-3.435884648072578,2.2888132855039789,0.3593888648398722,0.2964229993487362,0.7814569536423841,1,5
0.9629483597174654,-0.047326956689275425,-0.2655006886770272,0.14300567036435965,0.92428150496197736,0.35391111571814637,0.22864784005339822,-0.37876623233302442,0.89680338228798073,-2.7678768607131641,-13.732784170859137,-0.22782589194560121,,0.581158521979668,0.5,0,2
-0.11348105615331665,0.97913364446619477,-0.16858041454652051,-0.99127208218568452,-0.10012183271432122,0.085762915605662668,0.067094776052881513,0.17684152478497359,0.98194977780848858,11.618096529364808,-1.8993410026759205,2.3003832756176217,,0.08433396053233903,0.2653061224489796,0,5
-0.72970095271982383,-0.60715206204111749,-0.31448830369188907,0.64717177331246323,-0.76171130896757178,-0.031057649919316293,-0.22069258126947594,-0.22619074992167204,0.9487531445125692,14.59278650562903,-0.087808525800183626,3.0027047654984576,,0.2151475376039493,0.3333333333333333,0,2
-0.76435475188899771,0.63004495066539346,-0.13713195617999269,-0.63117794462833465,-0.77457305725236014,-0.04063226788506058,-0.13181887376039961,0.055497199206577745,0.98971907398047321,-15.238022554370566,-10.515889757404686,-3.8105321648601715,,0.2392857417009034,0.2307692307692308,0,2
0.86402691536551568,-0.37039020326629668,-0.34098179841203224,0.47118026276371838,0.83350249722432534,0.28855284975672496,0.17733203181000773,-0.40998132206865867,0.89468914492630858,-11.549058829286814,-17.921142997695814,-1.9942729340996288,,0.7801042790522271,0.4042553191489361,0,1
-0.70965123309284328,0.67967981067693028,-0.18555452656289415,-0.69494565075054771,-0.71860717424677756,0.025578733822439588,-0.11595546504026868,0.14710229121000812,0.98230099564647755,-19.466498390701066,2.289878071209964,-6.3161097386307983,,0.073642348038699,0.2558139534883721,0,1
-0.94566466171922192,0.21890663830070581,-0.24041262712959616,-0.23617435923921698,-0.97066059848078357,0.045162756723571444,-0.22347263728120167,0.099488121224652878,0.96961956154038753,-11.637302386927386,-5.1240346311754861,-3.4493152531187969,,0.07752836565581872,0.2843137254901961,0,2
0.72864752192615279,-0.62055941734399112,-0.28979095627118018,0.67450030577675946,0.72361038680269019,0.1464149774385152,0.11883655286963148,-0.30214899909969795,0.94582443193497368,3.9079479302322242,-10.660793397896663,1.1743302238302546,0.7702823549752688,0.3279174960887288,0.2692307692307692,1,3
-0.49696423285587238,-0.80705758754645296,-0.3188802308793568,0.85451970490577822,-0.51910977371684286,-0.017919731007683699,-0.15107158961801512,-0.28139490616453178,0.94762560201534141,-13.363485788002958,26.794245723120138,-6.9771114371978316,,0.2933584812695977,0.5,0,4
0.87173112657470719,-0.3587315393917187,-0.33376118049653303,0.44543747791126709,0.86397688483295587,0.23479649858204929,0.20413303562344051,-0.35334915468978939,0.91294801530381209,-12.33843165477265,-6.2517566804177607,-3.5005356271210299,,0.5383087629537806,0.5603448275862069,0,2
-0.91513161498177231,-0.26651652802199183,-0.30249473970956492,0.3032132599945695,-0.94949599455872469,-0.080740790684786998,-0.26569878852625589,-0.16560886633282021,0.9497251482232314,-14.227370705035923,8.3830180905677327,-5.5002311794918057,,0.1130205226133375,0.2976190476190476,0,5
0.93798905228882945,0.25197328514184669,-0.23808822180261471,-0.22648491385327066,0.96538027638621726,0.12940442713195213,0.26245213198444772,-0.067456545563035014,0.96258427832451199,6.7072605386347925,-5.8034031738359388,1.2899781826711378,0.3325701221761285,0.3062854807480425,0.8021390374331551,1,5
-0.47657032142353783,-0.83183642136801283,-0.28448004644249475,0.85497359533461659,-0.51388028351628845,0.070336373902969693,-0.20469704448004497,-0.20970269978919401,0.95609826779586704,-5.3970074428412405,8.8230392720213473,-3.2044609693753463,,0.08983773363705071,0.2530120481927711,0,4
0.96716037981971426,-0.025014570275313883,-0.25293293771458325,0.077376152371246079,0.97688764720049281,0.19925726032269897,0.24210272768229937,-0.21228470510384759,0.94674255910873872,-3.6248843008957508,-11.222734831766385,-0.75018942922395671,,0.07342982825410393,0.2285714285714286,1,5
0.58595149456803142,-0.76818460993906845,-0.25797916789200837,0.80687359638616396,0.58252560816165644,0.098076068899353983,0.074938944937522803,-0.26562439814266836,0.96115962963651203,-10.47105001261963,-3.5085026889645916,-3.3685159324236555,0.7001607780096695,0.5728962450041236,0.9054263565891473,1,3
0.31186609192489317,-0.89420773209576643,-0.32114182625071036,0.9500661471221985,0.28969724923883067,0.11597335847442118,-0.010670370184576203,-0.34127413562062114,0.93990324372060929,5.3218759048582296,17.942442706864874,-1.2184023445185344,,0.1297423799303462,0.4210526315789473,0,5
-0.03924970681126775,0.99104743386211702,-0.12761051818146871,-0.99585841342118986,-0.028315627030650246,0.086395866128488708,0.082009029584919235,0.13047302058730209,0.98805430517019932,-33.483065873276701,9.2759415700011409,-10.565621697477832,,0.210880279769573,0.3684210526315789,0,3
-0.46248669610496096,0.88202373786334676,-0.090222955900856092,-0.8865805537570034,-0.45902942145378323,0.057156906316996638,0.0089987569054023019,0.10642422696630335,0.99428009448483967,13.322768922206249,6.4226056436112735,2.0285683348409371,,0.4666568109649819,0.3111111111111111,0,4
-0.22330461885082811,-0.91625328801726402,-0.33258827309067862,0.96185027297687797,-0.26244990940757534,0.077227569081650835,-0.15804777623931351,-0.30265484838262363,0.93990475218305991,7.9432185011165881,-11.981980737573522,2.393124013164686,0.565511801063874,0.2685078522523621,0.4833333333333333,1,5
-0.35062719619423399,-0.82539992808730189,-0.44246528451670314,0.92354791583846674,-0.38309687307599549,-0.017205609254494575,-0.15530555830167167,-0.41467064587799246,0.89662056579566263,-6.2213721521840526,0.076248492736060755,-2.6397672456992147,,0.5942482320099478,0.2623762376237624,0,5
-0.41296838912385642,0.91074523920612216,-0.0004678117486515483,-0.91070166687774479,-0.41295355412911144,-0.0095831142241781866,-0.0089209601807077529,-0.0035314863046667648,0.9999539714776553,3.2587075404764319,-23.070442342151846,2.4970239291043597,,0.3574192688817728,0.2666666666666667,0,4
0.95402896767923129,0.19929531745971385,-0.2238528652207418,-0.15960294485223953,0.96999906377680611,0.18338134110812757,0.2536841122802071,-0.13922353504617788,0.95721532502663786,29.010368399308781,-2.3734410586677126,7.2150707975650104,0.250642095826463,0.2592961316939771,0.2777777777777778,1,5
-0.5885457088505095,0.808313844959337,-0.015578082061238391,-0.80510827725224976,-0.5877478193355643,-0.079706729742257218,-0.073584036948021916,-0.034369010945094806,0.99669662415054372,-7.8373919660521327,5.9276858687338132,-3.5670566721036208,,0.1082366933111658,0.3080357142857143,0,5
-0.44780284677906546,-0.76995765504787306,-0.45457432819039195,0.8717265390363701,-0.48904940279871922,-0.030389517302653872,-0.19891066224875195,-0.40987301820856337,0.89019023662830965,-9.1243699982127477,17.904496831657738,-4.9961112513937307,,0.206731609521154,0.2727272727272727,0,4
-0.81148524984192316,-0.50914752558201537,-0.28681088975613028,0.52998474164791909,-0.8479870507167061,0.0058425539938798633,-0.24618664242679839,-0.147264248921774,0.95796940351982318,4.9061494477742116,-15.05295717700438,1.9646544850393721,,0.3632820059062933,0.2413793103448276,0,4
-0.79589052263396431,-0.52634435712406391,-0.29919875284681713,0.54718029118193068,-0.83684956727087678,0.016629212266457985,-0.25913703888771344,-0.15048062826224959,0.95404589805433659,1.2981884798143781,-18.043744423496332,1.3900264114950818,,0.4339544640983303,0.375,0,5
0.62120214874912927,0.78107081173917348,-0.063531704200151112,-0.74733747475017687,0.61485956609914472,0.25186189233467293,0.2357850487700511,-0.10897752532280437,0.96567557168596962,-1.6754301671088505,-13.985818775680936,0.090688795743050499,0.3991578284314101,0.3838843786189406,0.2758620689655172,1,3
-0.73664946622800598,-0.60595388833870878,-0.30027895216480754,0.62687651593701943,-0.77842089743736509,0.032965742816925776,-0.25371913146757102,-0.16395362649239537,0.95328160093821923,-30.574354384535852,0.49683482998986622,-9.1413942628593663,0.726146792529316,0.6660108298576737,0.5514018691588785,1,3
0.96247411088758716,0.17322274517354938,-0.20889582673114548,-0.10832265348489352,0.9510210446661499,0.28952577664880991,0.2488167771938638,-0.25603291420566315,0.93409708180157314,23.750482445694388,-8.6032403481159463,6.3977901618238029,,0.269975147830136,0.36,0,5
0.71199710856823772,0.69470142412520874,-0.10222547974393659,-0.65080801230183793,0.70753539260736653,0.27539535096234341,0.26364568745610395,-0.12955153231957017,0.95588040672432006,-12.193298989033259,25.493963631294765,-6.4999312661533235,0.7551920149932689,0.6218032379153529,0.3064516129032258,1,5
0.86831204090394887,0.48892820111653207,-0.083566822209364774,-0.46085213959623444,0.85752522948679899,0.22861711708265828,0.18343801419223971,-0.15999904670517617,0.9699230897358011,-11.930007815101927,-2.7247953185322205,-3.8052909944667834,,0.116588748455707,0.4868035190615836,0,2
-0.76435195532050815,-0.54695700328650287,-0.34147346156555697,0.59498592573930498,-0.80238473862516602,-0.046588404067592515,-0.24851124032899913,-0.23878184138931424,0.93873606282749666,-11.877751095672663,-18.978689563536506,-1.9854535295656366,,0.3039705503272693,0.3333333333333333,0,5
-0.54364256361705776,-0.73144731847935385,-0.4116279671174391,0.81669458885683899,-0.57410098251180586,-0.05846375296657625,-0.19355286501581767,-0.36795771790837734,0.90947479694372335,19.589877414127457,11.023342286876005,3.2981459686272623,,0.3017592293846144,0.2962962962962963,0,4
0.40698242702556381,-0.83886329833836593,-0.36148813368250299,0.91300345272427386,0.38575680367975829,0.1327267257500559,0.028106928077179884,-0.38405735914789335,0.9228813279498127,-12.483480522296672,-15.517606332360094,-2.5060916252642111,,0.0971230985653212,0.2,0,2
-0.82102637989618388,0.50664393589444645,-0.26311139415835222,-0.50892936511671205,-0.85836786757851491,-0.06477271980250171,-0.25866307203864253,0.080725003128505321,0.96258863957218754,-14.119289414927477,-15.805895621613029,-2.9656312990681286,,0.1970647706949586,0.5263157894736842,0,2
-0.9726698143237813,0.012765530455795482,-0.23184148363811966,0.007935438808870484,-0.99607667823601409,-0.088137845930223946,-0.23205702125609781,-0.087568786142616983,0.96875241758627706,7.9223586903497756,1.5450188142846366,0.95272995508744385,,0.4800736584260976,0.3255813953488372,0,5
-0.9661225603467799,0.097961629795097219,-0.23876917195666436,-0.094869798077236722,-0.99518973309156555,-0.024435968610279656,-0.24001441582073182,-0.00095615742771911123,0.97076885300322946,-1.8747942288561803,14.926810432236204,-2.7816649842964094,,0.07183673765689849,0.3636363636363636,0,5
-0.44102645912176347,-0.83953529458016773,-0.3172950543401391,0.8745382939745866,-0.48144154544847972,0.058282164409019496,-0.20168895539057172,-0.25178269890993649,0.94653422431684375,23.125764315476228,-9.5064170496835612,6.3452748598872262,0.3495518801846442,0.3599092145821112,0.5161290322580645,1,5
-0.81215285745157884,0.56954440027337072,-0.12659744172171924,-0.56220917317889141,-0.82195559175159272,-0.091158382948573174,-0.15597622167094871,-0.0028602981554182037,0.98775666890571745,-9.6048788242646896,7.8924186791027306,-4.2130685532407561,,0.0759196423719114,0.4482758620689655,0,5
-0.91714519421043661,0.33023805064964323,-0.22313117809895061,-0.30896842924749596,-0.94277464205389838,-0.12535742510310199,-0.25176020826380974,-0.046030470378528518,0.96669436397017205,-9.5408932705203942,-12.193672560301028,-2.1520494932921723,,0.457124977520546,0.3,0,2
-0.56248653178316643,0.80826990371886132,-0.17409383764179617,-0.82492544071529184,-0.56282008363319969,0.052264430732569686,-0.055739741865445225,0.1730124741208599,0.98334112340293811,-5.0503627758241283,6.9341420529324163,-2.9448962076333061,,0.1268885243101791,0.2166666666666667,0,3
0.76342876463871745,0.61658269838297575,-0.19235981227109614,-0.59363333120713357,0.78717522682780161,0.16719638258204378,0.25451127558936226,-0.013451331657802396,0.96697625217711958,-6.9893308587414129,-4.7403039910720626,-2.3543567631255713,0.4945312132335878,0.2457593713360857,0.4788135593220339,1,2
0.25588552557720812,0.96460711994888992,-0.063684393252855243,-0.95879943211109697,0.26164998121017685,0.11064780303355218,0.12339467891085787,0.032747388851973473,0.99181720177654908,-13.204664594037597,-17.270737882723452,-2.5389433988042449,,0.5877935369241865,0.2909090909090909,0,5
-0.49655452666039002,0.86189304336303463,-0.1028298782236185,-0.86733886177888475,-0.49732128677286219,0.019870494978604443,-0.034013245966627366,0.099055133763943051,0.99450046735726705,7.0714769941835351,-0.072480099822129065,0.85776727566382016,,0.21538299155696,0.1311475409836066,0,3
-0.828300707509806,0.55638163858909695,-0.066010682314813232,-0.53640305378406561,-0.82150357910263949,-0.19340018979484705,-0.16183232628212565,-0.12478518246356693,0.9788968058011277,-8.4648095627703235,-5.4108985096999831,-2.6430758364432907,,0.7435202329696124,0.4188034188034188,0,1
0.53788258101484543,0.84167382927789847,-0.047618212371842349,-0.8136785874149528,0.53310541786709587,0.23178820035359432,0.22047558917761739,-0.08592891567703137,0.97160009058632457,3.8140355046419705,16.900512003814153,-1.4521781690607345,,0.618021907204036,0.34375,0,2
0.41666455770448002,-0.84680690257795432,-0.33061868685732609,0.9090424367609341,0.39040388849328245,0.14569369244091904,0.0057003965366032123,-0.36125181466071171,0.93245087371060442,-10.634337518770426,-14.24161852990939,-2.2016143219070705,,0.1534216581795124,0.7368421052631579,0,4
-0.96228465731727753,-0.089716013771936415,-0.2568253787394158,0.096524998765312009,-0.99523205656663249,-0.014002792418241828,-0.25434457514389236,-0.038264741669395683,0.96635637662295581,1.4538576494587512,19.483690493217665,-2.3178957865921825,,0.1049507936265348,0.3809523809523809,0,5
-0.36114372922942634,-0.82376289489897347,-0.43702391219008441,0.91471473676759651,-0.40405949556295967,0.0057336188915671493,-0.18130680400484139,-0.39768155229161722,0.89943161262459537,3.1373612360257876,11.787599442342112,-1.1909233807417487,,0.07334175132809094,0.25,0,1
-0.25872633508610282,-0.91872368402200655,-0.29834120726099411,0.95889882321290654,-0.28153258890205923,0.035389945281223849,-0.1165063533624567,-0.27692272171697624,0.95380295440045959,11.339027320999948,6.7565920300183997,1.4760787714014436,,0.1988636058346148,0.6491228070175439,0,9
0.7579707896504263,0.6387054821178636,-0.13242201157397648,-0.60106698155021276,0.76276390385326154,0.23855756258951333,0.25337475353086553,-0.10122516530547701,0.96205753475665545,5.843696387989838,-7.4043650715740501,1.2515554076946687,,0.4640273447756378,0.35,0,1
-0.34237195770364176,0.91905640063867389,-0.1952351787543968,-0.9395609826597785,-0.33432939876716872,0.073817430078365651,0.0025695216610615119,0.2087083744488204,0.97797454567762854,0.87842762406615904,-3.8312509127341872,-0.43713520482932328,,0.8300436189275492,0.6381418092909535,0,4
0.46436433157830692,0.8637916879205666,-0.19552413517817235,-0.86245642869525296,0.49123600429095632,0.12188558852664673,0.20133225315399395,0.11203172750428952,0.97309517308038362,15.56470372461796,-0.9410630989508878,3.3943731064115426,0.8914345271377606,0.8692100051686694,0.6049382716049383,1,3
-0.68288854637763408,-0.64785772306473144,-0.33755533456253528,0.67901798312804273,-0.73334324600028711,0.033797368750959199,-0.26943981111737797,-0.20612630645103289,0.94069874772633111,8.0060817395650776,12.306429492040012,0.034673419831646353,,0.2637309551092328,0.5,0,2
-0.36179948951954161,-0.8175963982487896,-0.44792550603198222,0.91663339479676187,-0.39957643961799,-0.011040310030784642,-0.16995396119762632,-0.4145778557434282,0.89400271397821729,9.1937900564766686,2.265125098670127,1.2744807406161238,,0.1565482568848494,0.2666666666666667,0,4
-0.46798224522571008,-0.80528122098098909,-0.36402578657132573,0.85737563990400634,-0.513574495047185,0.033885839759784209,-0.21424198993824803,-0.296248870331007,0.93077224742409626,8.9823469546406791,24.542185616596285,-0.79781213460210576,,0.3747248193958267,0.6666666666666666,0,4
-0.44035764194796345,0.88692396694594389,-0.13946692810448286,-0.89741625208229348,-0.43948759531433129,0.038661661415371647,-0.027004030747273568,0.14218484596361938,0.98947170343658797,12.483855683563219,21.735537736507947,0.3805704108102238,,0.09865445190932816,0.2727272727272727,0,1
0.55072237283818837,0.82081194498930254,-0.15156720957500541,-0.81083296092731605,0.56919117709759159,0.13627660616591208,0.1981281845909782,0.047845113409166355,0.97900769536993271,11.621569829389383,-6.5535598327266289,2.8312714514314541,,0.3213122804946177,0.9186991869918699,0,8
0.11024170746542926,-0.95174619774266789,-0.2864017126650622,0.99109361161239007,0.083609317165196553,0.10364813121459242,-0.074700863155752806,-0.29527725473788824,0.95248681034345084,-5.9373912221342007,-11.754123748163121,-1.2841094257966021,0.416985082356401,0.3610080074310547,0.8333333333333334,1,5
-0.19469758435690696,-0.92225539393556444,-0.33397281177117327,0.96691534828163306,-0.23767720453829971,0.092651258492631589,-0.16482584719331583,-0.30488446139417741,0.93801807301212969,-18.607200072434214,18.970700280416235,-7.5618743813484386,0.2729435131554335,0.2855407894420817,0.84,1,5
0.020466937533109065,0.9959774341047497,-0.087235630462187547,-0.99401017087522736,0.029640018914611103,0.1051914895575821,0.10735401559614445,0.084560156296337619,0.99061833987793801,26.344713463691743,3.5887522090579469,5.868449111157612,,0.2719531867007609,0.375,0,4
-0.94334760311487986,-0.16694018161886998,-0.28675124316813294,0.20262595227235111,-0.97419423618803136,-0.099440000219936597,-0.26275087661725105,-0.15190972957344376,0.95283021094935316,-9.1259906641312476,-15.048400472125094,-1.6810970237806322,,0.09013216521328407,0.1851851851851852,0,1
0.069755838157377306,-0.87935816147143664,-0.47102372222271133,0.99641947454634761,0.038806883418690458,0.07511495552890439,-0.047773986517171664,-0.47457691647709149,0.87891660387055703,-13.457168923025637,-20.547928884879969,-2.2045382713052999,,0.3814919020750354,0.2608695652173913,0,3
-0.83697232457763548,0.53048575257426356,-0.1343956629018527,-0.53086551860315989,-0.84669120636886175,-0.035997252892982168,-0.13288765574465217,0.04121731885215927,0.99027370134591164,-0.060831885095621936,-10.805681146181371,0.13149811696257774,,0.2510126009914618,0.1875,0,5
-0.70908870577343086,-0.60479069489013559,-0.36252092728402607,0.66062381914049562,-0.74955838963876265,-0.041694005640768958,-0.24651445582113138,-0.2690547079990499,0.93104252704952151,2.1247756085164067,11.887427954015521,-1.4781892666574448,,0.1090522855710255,0.1875,0,1
0.43244846448519653,-0.84415702810486781,-0.3168394506142696,0.90117147733288161,0.41620091443792762,0.12110642948540447,0.029636025476878897,-0.33789896525764807,0.94071568248421533,-28.375886818876744,12.752341475643224,-9.5305379559758485,,0.1930049687869246,0.48,0,5
0.59082100298723572,0.79089710441614558,-0.15941239806023699,-0.77565713892237864,0.61118420187754552,0.15751150502124925,0.2220057325113666,0.030588259209475256,0.97456544835666459,-27.756117299503337,-2.2273756129194155,-8.0796661720408558,0.6749757968380089,0.3517953323698692,0.9047619047619048,1,2
0.9306501833572306,0.27811004390806715,-0.23779200931613736,-0.2449910564936576,0.95629653702886463,0.15961301796759034,0.27178965847742337,-0.090286968849628751,0.95811202100833248,-21.788132428782244,0.58331115214853635,-6.723438809806729,,0.1325620313347068,0.3928571428571428,0,2
-0.21225115714141238,0.97139889187517725,-0.10645956582575956,-0.97633122679814088,-0.20616443964862072,0.065372466705844456,0.041554564983501047,0.11781518021056533,0.99216571269167708,-0.75422796282615023,13.487081445239232,-2.3235745684616096,0.1588048098873175,0.1188193990841659,0.4,1,5
-0.97133413056445606,0.070859829905575808,-0.22691163766176972,-0.03510227643169845,-0.98683013244406614,-0.15790541437753292,-0.23511239225082553,-0.14541380335504811,0.96102913004961199,-7.2852244562624984,16.37131505900981,-4.4170695447297232,,0.2351112136259388,0.1,1,3
0.89549752500832802,-0.36459256550716851,-0.25525760298345723,0.4031074242347884,0.90752037615989178,0.11794562892029009,0.18864937643881441,-0.20851625363867815,0.95965222072255774,-23.692088277760142,10.698322628328349,-8.1247217064004325,,0.1148606163172987,0.1764705882352941,0,4
-0.41711401938221432,0.88604877147270555,-0.20232021502193931,-0.90849417214195982,-0.41275147493718128,0.065380112582320321,-0.025577998727601001,0.21107769780081334,0.97713457183348085,-20.587208362137243,9.4593959612556979,-7.2012463710960395,0.1632196964789368,0.1036832735351529,0.34375,1,4
-0.84145467765707682,0.49015127485645216,-0.22738899095079293,-0.5116703161967725,-0.85806313815713875,0.043830793502034504,-0.17363039184463047,0.1532298231171656,0.97281709911748682,-10.512512125683397,-6.6727187553199272,-2.9674156164976528,0.1250720268050511,0.1480108526508247,0.3555555555555556,1,4
-0.83332812857668626,-0.47259009856832812,-0.28674523336588598,0.48472019406524347,-0.87408653867544994,0.0319226623533162,-0.26572648266258858,-0.11238915268632135,0.95747486377983826,-8.1887429588518028,-12.441055266535539,-1.8156932299274864,,0.1044152353481863,0.2962962962962963,0,2
-0.61613204310913594,-0.71796072964074975,-0.32390383780974974,0.7532284783571237,-0.65731377456992846,0.024196304520430468,-0.23027845067651048,-0.22906547634760677,0.94578054679701995,-9.9837728326818471,4.1112735029186025,-4.0227711880628396,0.2782732464352721,0.2586618001677386,0.3310344827586207,1,5
-0.49960430560774954,0.85686346787098133,-0.12720273285710654,-0.86416582264912967,-0.50318657418298074,0.0045500029835878831,-0.060107976037739846,0.11219745536380746,0.99186630259654185,-17.458720433471026,3.5864157639805971,-5.8620806990961878,,0.1351727961738201,0.28,0,5
-0.90392528288446627,0.40165049890183929,-0.14695563852449584,-0.37991982132393048,-0.91187419437161266,-0.15539106475056999,-0.19641795316984489,-0.084630552231606704,0.97686112487985843,-16.216051823830359,27.188463797663513,-7.7069987444724717,,0.3599220955817437,0.2666666666666667,0,1
0.13556690653197145,0.98979720699546325,-0.043853196888409239,-0.98301648995461832,0.1399003524896256,0.11877066915102057,0.12369395430114767,0.027007043474996762,0.99195283419731528,3.3948960118009355,-18.776450841130512,1.9896833427201674,,0.6421267522893381,0.2727272727272727,0,6
-0.34727467921529576,-0.89390545909917474,-0.28343134507073964,0.92087010236193667,-0.3821802024454839,0.077048993728965537,-0.17719636495095131,-0.23424628716678544,0.95589231882924253,7.4404698415772854,14.634441773097407,-0.26595757598062658,,0.1996102782244182,0.375,0,5
-0.97116123815655553,0.071177598489153698,-0.22755131064343082,-0.058388121975157609,-0.99633813261319681,-0.062459208392854459,-0.23116374437709827,-0.047371668475627203,0.97176090079370592,22.192412738121178,4.7953885948767603,4.6365370437960776,,0.3351768244592261,0.1666666666666667,0,4
-0.078113327007313244,-0.95011894695871135,-0.30194750334109077,0.99091953395500743,-0.10724206750272974,0.081102504179156945,-0.10943850040200111,-0.29287049285957334,0.94986845880992976,7.6663638469752842,18.290441976303942,-0.56208117655935597,0.3751547171621633,0.3738463042976121,0.8115942028985508,1,5
0.57626937746904316,-0.7354540235955408,-0.35640003334535802,0.81460765335687579,0.55200751722438934,0.17805075686491792,0.065787352005125435,-0.39293139363621238,0.91721150462216627,-6.8014165725486411,-12.757153233880766,-1.3482301888959554,,0.1642191873204407,0.12,0,4
0.96513192707209317,-0.032460434444910917,-0.25974349566785221,0.083716804884173046,0.97844246599926255,0.18879045873472269,0.24801584611893898,-0.20395259479822603,0.94704354659591927,16.012028676500375,-5.1430281980110557,3.9806893946861841,0.3103222188609265,0.3260630279470564,0.6530612244897959,1,8
-0.36366962595715685,-0.84924595526955127,-0.38278676912151588,0.91350471221258944,-0.4055740526875693,0.031919093846388823,-0.18235554261270909,-0.33806951244512962,0.92328514600503375,8.4923042898675263,-13.762706188327412,2.842170317459491,,0.6912427962679754,0.7415730337078652,0,3
0.29726378379875007,0.93877024933579178,-0.17419719229558825,-0.94129857945627027,0.31871094613142487,0.11126687346025316,0.15997258251106053,0.1308959578368564,0.97840432392069587,-9.2505492799983831,6.7176904758560889,-3.9910481531151079,0.3937302844189557,0.3328416595466651,0.7908163265306123,1,5
-0.94718328415276898,0.23291183191294443,-0.22044478849937149,-0.23442426382564802,-0.97193569360004151,-0.019653804619218083,-0.21883576204857208,0.033061852052837938,0.97520142698186107,-12.901396385717897,16.534684108631197,-5.8551585889485613,,0.1732463844078991,0.5789473684210527,0,4
-0.4669000777249423,0.88245529961553748,-0.057244751732334648,-0.88393728275671668,-0.46760383444320669,0.0012386148246859967,-0.025674843195562524,0.051179079656279866,0.99835940634243581,-4.9884987129697524,17.278139087087428,-3.8464945528621941,,0.4063764975468925,0.4,0,4
-0.41593526764891547,-0.77991244421696548,-0.46769053067316324,0.88869458968975468,-0.45769797886482505,-0.027101409542923324,-0.19292428406497794,-0.42690647629026901,0.8834767009488379,-24.281150158227668,19.169384312138217,-9.0205532561017243,,0.6147076634258073,0.12,0,1
0.43014396361035379,-0.82937392718445035,-0.35653198941500108,0.90243909418192658,0.40557093508001379,0.14531310302387873,0.024080113406706589,-0.38425395967376436,0.92291334512691614,-10.956891128373359,-9.7002242504645455,-2.7369090976629491,0.1565288028195258,0.1396400083256017,0.4666666666666667,1,4
0.93328498963491868,0.29418238518955242,-0.20599964166555182,-0.24754730787601242,0.94251600738009289,0.22446359659336057,0.26019119601840607,-0.15849384870232047,0.95246009965669265,-4.829065672844127,-3.1963152497284777,-1.9475032943794759,0.2338119245536175,0.1410337658983667,0.2849872773536896,1,5
0.3598213327011619,0.91266160696507703,-0.19384890947612748,-0.91648647440480213,0.38467310887050271,0.10990514794566608,0.17487467159716469,0.13811368680846378,0.9748556091801277,-3.6577891483395284,-18.846515843077224,0.2240893036470494,0.3859332301482025,0.3761259139058412,0.7894736842105263,1,5
-0.9478039072115485,-0.19658489431773407,-0.25104209368273217,0.18324416453754691,-0.98014880145304029,0.075696123897503367,-0.2609393217540445,0.025743083270174261,0.96501189838586188,-11.148867538220951,5.7028112378525044,-4.4240199908865829,0.4558345905315795,0.4033488941277258,0.9575518262586377,1,5
0.88206978798441094,-0.39602214888279319,-0.25518492651289987,0.43815972260491021,0.88863018143939387,0.13547124463066076,0.17311541413729567,-0.2313068486431975,0.95735479063867845,15.908507970428023,-11.568409053935431,4.6290132908418142,,0.123034805697812,0.6666666666666666,0,5
0.95462398683800787,-0.10385251840950327,-0.27911950518283846,0.19051393847181058,0.93332474518025821,0.30431785896027563,0.22890496499959972,-0.34368528402335002,0.91075954156095573,-12.260006247802293,-12.650746571613716,-2.7897256241944222,,0.3688909669528009,0.3125,0,2
-0.32378702681784699,-0.8484145613923173,-0.41875373823040751,0.93521918214229693,-0.3540207588075559,-0.0058637604329487879,-0.14327261642599967,-0.39352513814342804,0.90808090114903506,-9.7951786343665503,15.166289728570577,-4.9777204925070375,,0.1479766643579103,0.1481481481481481,0,4
0.57001994850985105,0.82019330321341621,-0.048581927346411848,-0.79608902515181534,0.56596203443056636,0.21431108141215346,0.20327204021620682,-0.083486052410444891,0.97555653691585753,7.3729831998154038,-14.090263454059498,2.5399906597435766,0.4447333575296853,0.4394788687821991,0.4545454545454545,1,2
-0.49200823659044957,0.84184350605276304,-0.22187250042298601,-0.86933787017394615,-0.48874407595018104,0.073354588847803562,-0.046685785937294597,0.22897322887271204,0.97231255152395368,-7.6991771029274423,-11.656791086285237,-1.7406845994542084,0.1285316029297992,0.08681949936972413,0.3582089552238806,1,5
0.49131089450979648,-0.7418575208538738,-0.45635624646599093,0.87043793543676606,0.43676490440909355,0.22709957910373904,0.030844861623353245,-0.50880628634978542,0.86032828471600087,17.126076319369638,9.1501580498509369,2.8238394062338918,,0.5106124494257073,0.2222222222222222,0,3
0.40820330877033856,0.88446328162719945,-0.22604150539711515,-0.88924085620656312,0.4412422389929827,0.12064819178702405,0.20644795557710646,0.15175635071292951,0.96661742776360493,15.777536276776701,4.4664055575849382,2.8787177015178678,0.4977300936591585,0.4466153154016022,0.8714285714285714,1,5
-0.37431555410294687,0.89689134565454909,-0.23552872446174694,-0.92727228478746926,-0.36404117933939584,0.08740783494749918,-0.0073468239145447123,0.2511173706360344,0.96792876305191689,8.8697226730438263,-9.820123858933,2.4024223352232492,0.4666488476474637,0.4299093113947011,0.875,1,5
-0.6703907697640451,0.7314673311073796,-0.12462647928036204,-0.72910875014612919,-0.6805602809565483,-0.072374957303569437,-0.13775574861152112,0.042346753204837384,0.98956056217772126,-7.0591269140398438,8.5333725192669867,-3.6000179764434339,,0.4224398197533167,0.4705882352941176,0,2
