axis_00,axis_01,axis_02,axis_10,axis_11,axis_12,axis_20,axis_21,axis_22,location_x,location_y,location_z,dbh,dbh_approximation,score,reconstructed,number_clusters
-0.41082070992459702,0.91087513877153137,-0.039151320092595643,-0.91150276430682475,-0.40941664661243699,0.039252008071486363,0.019724476116415784,0.051812074312556362,0.99846204434488262,-15.207624422983026,8.6023391743259747,-9.3032824713295579,,0.5103379846839979,0.2692307692307692,0,5
0.92646835089966251,-0.33698124792646811,-0.16763064554901255,0.36747203060042954,0.90617434862830848,0.20931401437662295,0.08136769326738634,-0.25552238343045469,0.96337303785105111,13.95332893670593,3.2856876935198978,-4.1639304203437302,,0.7192252145372162,0.6875,0,3
0.28624223961207229,0.95150986089402134,-0.11266927213444893,-0.95124856095995969,0.29630224308608061,0.085622170106606471,0.11485449722789454,0.082667801250539782,0.98993660357768865,-18.723073695766356,8.9059077209043842,-9.8366855629563332,,0.2247798685483192,0.275,1,4
-0.88251956469913284,0.45108046110498556,-0.13298735102469825,-0.45767873610899484,-0.88883641378676437,0.022360770119948144,-0.10811749366742561,0.080599299848061176,0.99086546030582578,-12.733704528620235,31.4952895339995,-11.809686519238346,,0.4214879647213342,0.6666666666666666,0,1
-0.96579430918254661,-0.17426109529840841,-0.19202714135248561,0.18423514064310959,-0.98225059663995173,-0.03523036123393581,-0.18247949282815906,-0.069403429784549997,0.98075705382695022,-2.3800293561759349,-9.965308813592431,-5.2912071015587392,,0.2964236735002536,0.7875,0,4
-0.34997191187791254,-0.92219533089706018,-0.16454614115250499,0.92788756494608193,-0.36538603022256566,0.074281328317586798,-0.1286247554514659,-0.12668393974713543,0.98356842756119112,-12.566809843591011,19.624329697110973,-10.283982419030277,,0.0824646065855297,0.5714285714285714,0,1
-0.21088868400191435,-0.95496049599315491,-0.20874964443669827,0.97139206937106037,-0.22858958858166645,0.064375830519487989,-0.10919437038121556,-0.18920161491005233,0.97584800988293141,-11.829123077542643,-7.0459734345557967,-7.0651214921495571,,0.07730247507520685,0.2666666666666667,0,2
-0.27435714132861039,-0.93282018021630053,-0.233612222247085,0.95644191184169536,-0.28989871164445036,0.03431626814633084,-0.099734789690438183,-0.21402160724589564,0.97172409837221152,-16.075017472246586,7.6769231322373406,-9.3078028333140157,,0.1118247006207213,0.3181818181818182,0,4
-0.60918175285991327,-0.77162570688370036,-0.18300644922721432,0.77681848914782681,-0.62704487781556628,0.058032371340047927,-0.15953252615254118,-0.10681053169744537,0.98139741359853661,5.1727853307399814,-10.305118057920906,-4.0820869044135009,,0.07842352395467729,0.4782608695652174,0,2
-0.76459584604219699,-0.60304804630237452,-0.22743404772792,0.62296259422251721,-0.78197309264690573,-0.020873154428242439,-0.16525979067688626,-0.15764243155674429,0.97356975371994181,-23.238436080986368,17.144896934052571,-11.487324768435688,,0.1755919725711633,0.2916666666666667,0,2
-0.52491682400925199,-0.82123679404144267,-0.22367935976431394,0.83783405591929572,-0.54485039753973252,0.03423651621614842,-0.14998807490551688,-0.16943486185944459,0.97406129425863552,-19.678755575751474,-8.4052208707198321,-8.1602018899140365,,0.09342604416325964,0.3157894736842105,0,2
0.61552102132051389,-0.7633959242862367,-0.19585845678886077,0.78725837482058136,0.60717956655169525,0.10750453589013283,0.036852728357733608,-0.22036251211414798,0.97472162162708431,-6.6006082601882952,-15.682838159644065,-5.3935770846522475,,0.09616966548523996,0.25,0,3
0.98719701866530041,0.023891758854791875,-0.15770615142462893,-0.0064138068668808685,0.99386462322467672,0.11041727122124982,0.15937662758327487,-0.10799210416181898,0.98129343013131687,-10.15243848631148,-8.5643127015832707,-6.6519539235986684,,0.06773307215289995,0.1276595744680851,0,2
0.95974178782646002,0.23627236162387411,-0.15189164503799224,-0.22115727147063802,0.96902139685291089,0.10994086463593121,0.17316224177150391,-0.07192290020508639,0.98226367867836606,-18.510708690961181,-15.394874217863595,-7.2632935467778417,,0.1001585460355035,0.3333333333333333,0,2
0.1558484108053739,-0.95539043229276444,-0.25087924332811079,0.98331573845798115,0.12593416699670715,0.13126592887601343,-0.093815944008875829,-0.26715109482517851,0.95907708823818394,-19.657682621837647,29.507285820900972,-12.561028025319644,,0.2364306518595577,0.375,0,2
-0.29302284422216607,-0.92798642115300944,-0.23017127301116788,0.94821237818829995,-0.31292684098088569,0.054498422401133367,-0.12260056531044652,-0.20228196743494686,0.97162292430562069,-13.074123163198646,-4.4244452807434813,-7.5547262579034253,,0.2576936925074726,0.8266666666666667,1,3
0.9065642893701934,0.39757447797683004,-0.14168882701246663,-0.38325970672323362,0.9160466434006429,0.11819705714119136,0.17678570768345098,-0.052849612826095245,0.98282945213449635,-0.85583706301196649,7.9280245801871478,-7.054832285373112,,0.08079579208632783,0.5,0,4
0.91520475860477002,0.38554284302189906,-0.11729009345113325,-0.36209844435919825,0.91448394633930308,0.18056530253717951,0.17687556761699158,-0.12278366374353625,0.9765445230494515,-8.1819310015684401,-11.87628815757064,-6.0209800729717964,,0.1851762706723513,0.6065573770491803,1,2
0.46789042584165369,0.87995052487194414,-0.08225340833852865,-0.87188021257429626,0.47480898016134304,0.11992217175962246,0.14458023491167465,0.015604683134691157,0.98937002660134654,8.6965699749639622,2.0374175375287114,-4.8620716106573338,,0.07267851473082358,0.3823529411764706,0,4
0.1144955688752137,-0.96936502910219191,-0.21730670735540841,0.99139980473447342,0.097538956891260201,0.087250094905474015,-0.063381321226292892,-0.22542757649026182,0.97219607892509907,16.562331981649432,-2.8308211117651418,-3.0527095436620089,,0.1165559788884954,0.2916666666666667,1,5
0.60910844734634983,0.78458870964775063,-0.1157905698431229,-0.77629868732784957,0.61970730291042242,0.11542619621449317,0.16231835208741999,0.019580996214855012,0.98654413847676203,-13.009426886585393,-12.226108095189513,-6.7305203475597706,,0.1234150859130809,0.4482758620689655,1,4
-0.87559894813219785,0.46767106480457687,-0.12087289677319656,-0.47393939323102008,-0.88011416205148318,0.027937668124430503,-0.093316309258367952,0.0817486201777822,0.99227477521371421,7.7547409417649771,-1.6539540687710297,-4.6375009460464387,,0.2847696816933973,0.7861271676300579,0,8
0.85182537530829905,0.49772356918926353,-0.16329353524979612,-0.48530297827188762,0.86719106051193218,0.11162743322600975,0.19716629849269901,-0.015840241213176304,0.98024208106824129,-7.7521626729060467,-9.6006524656703487,-6.1979700524770616,,0.110701472747365,0.3404255319148936,0,5
0.20963143892217351,0.97698993542266255,-0.03931063339911444,-0.97134725264011168,0.21268809434402883,0.1060579526146532,0.11197845598116428,0.015951194536023078,0.99358260088879735,-10.546007714267146,1.0367705230191506,-7.7107461226634149,,0.07103441756250921,0.2115384615384615,0,3
0.94866489169981083,-0.2246501021746217,-0.22263704734189577,0.28717915117177217,0.90676411152385272,0.30871828773919135,0.13252568954148455,-0.3568069192788863,0.92473010330921068,6.5176902763860536,27.374047118320362,-8.4391733113516345,,0.4163906239135041,0.3529411764705883,0,5
0.73388780799134656,0.6764901440166492,-0.061398455436518361,-0.66027585903741137,0.73167156634600616,0.16938863295153964,0.15951324476063322,-0.083772334628538767,0.98363495296620018,-11.884527181621893,6.2273918937635457,-8.5296245802211228,,0.4184572203730471,0.3218085106382979,1,5
0.8161780857273544,0.57451441317101404,-0.061534717332546673,-0.54559047841549224,0.80135770013676866,0.24526896724588498,0.19022187634650609,-0.16661040030644525,0.96750018721907238,-13.977209822962939,-9.1228988148179564,-7.1978023715239097,,0.4226883247763685,0.8,0,2
0.61736557545665827,-0.68764985994840377,-0.3820960826206013,0.77308846882619908,0.62021549437834567,0.13291711665916894,0.14558147412714231,-0.37745252767197723,0.91451387291008479,-13.581406413886752,11.798412661737023,-9.4207171638536931,,0.4599474140085266,0.1944444444444444,0,2
0.36465428727544491,0.93091891595949705,-0.02042602948276187,-0.92380203626050406,0.36444148315244057,0.11735503039322515,0.11669211015566826,-0.02392440733733724,0.99287993944936404,-2.592028387204417,15.417412994537679,-8.2525672637045737,0.6435689198751162,0.4649595062081516,0.7692307692307693,1,5
0.98059299996436411,0.12204821588131141,-0.15343272604329472,-0.10111327829047231,0.98531953399635863,0.13755551925877565,0.16796866783493114,-0.11937189336433723,0.97853813298224135,-11.727907479470487,6.4357562300826174,-8.5404768786737773,,0.3494597736362268,0.8718354430379747,1,3
-0.074752752649011975,0.99394298387000879,-0.080556630931167453,-0.99587781558608612,-0.070247631624947099,0.057381588289034953,0.051375114548604245,0.084513993318683311,0.9950969714246185,-6.5533831399736791,9.3706636531488172,-8.0783216237939452,,0.1228984434994187,0.3205128205128205,1,5
0.98362223684057837,-0.018598833300306806,-0.17928016787309098,0.069000174507343692,0.95774724723206828,0.27921172313739206,0.16651207496963225,-0.28700922253346306,0.94334481239366752,-10.786497975581961,-10.890569212717788,-6.5512472330280715,,0.4572050162573163,0.2307692307692308,0,4
-0.71763693780067372,0.68174932893467299,-0.14217973836378847,-0.69324484872804981,-0.718786734192149,0.052509146454778673,-0.066398834448323882,0.13624787428253271,0.98844712126516698,-3.4049935971562988,2.000933532431715,-6.7466882234607191,,0.3186140017003021,0.9024390243902439,1,5
-0.67516130643903949,-0.68755992345069983,-0.26724251524036419,0.72263423828106521,-0.68924293304326212,-0.052382601251421648,-0.1481788377315513,-0.22848529693262171,0.96220450068274843,-10.270322775703058,12.750847815760762,-9.0451950928685836,0.3585352506848494,0.2641691607065565,0.1071428571428571,1,4
0.97435132942046088,-0.17378364336717886,-0.14296409393484294,0.20247407670198075,0.95426767787911948,0.21994873770693582,0.098202520946571614,-0.24325386791009754,0.96497866330117144,-12.409634953626107,10.39985277817982,-9.1150840991697653,,0.2767585267464461,0.1914893617021277,0,2
0.51447902169042181,0.85070180488657654,-0.10778578479181943,-0.84410655190416617,0.52455644495288889,0.11101650819066367,0.15098167197685688,0.033867022619487895,0.98795625384222585,-16.882172591163528,16.47875434071274,-10.569356311642741,0.3085353524289434,0.2304257512900201,0.5789473684210527,1,5
-0.41586399813468938,-0.85263783719243169,-0.31633187263259499,0.89903197807249535,-0.43787986756780167,-0.0016504489879649591,-0.13710812324034047,-0.28507883149511093,0.94864715377999964,-6.8767166850515213,-12.103039492945271,-5.7998686936705486,,0.3792389149457928,0.4912280701754386,0,1
0.56852844070936637,-0.79114200719463235,-0.22554320330398861,0.82178996381884273,0.55879553055286701,0.11139484009937484,0.037903396565500916,-0.24868027562753753,0.96784371312862782,5.313693813597288,2.5335148942046186,-5.4620490830357511,,0.1082524799379544,0.2549019607843137,0,4
0.8149528959782707,-0.51859630982690996,-0.25866898687423273,0.57277070764032967,0.78872517999373359,0.22326286505607909,0.088235445291709985,-0.33010673709841881,0.93981064492609823,-5.2627428997738681,23.49139201976724,-9.6376048164632433,,0.6331906187743197,0.3255813953488372,0,1
-0.70403728735156901,-0.62803770279440974,-0.33151190308549316,0.69271765793611095,-0.71015871158015476,-0.12576506172353422,-0.15644086551203346,-0.31818744198276533,0.93503101946529599,8.0261697041187503,-0.39717743858527949,-4.6816389086762609,,0.7433262900641477,0.3121951219512195,0,4
0.0026882661630200149,-0.94550982788895488,-0.32558246050798784,0.99587290909939574,-0.027005391902099184,0.086647895128047492,-0.090718918351928343,-0.32447168470239862,0.94153502520057264,-5.5864486324288247,-11.777196228670341,-5.6514625746690186,,0.4229499304591318,0.4459459459459459,0,4
-0.59529111359043541,0.78809026276272121,-0.15665959216991385,-0.8027505155811866,-0.59179079550175706,0.073316192573921371,-0.034929927202870213,0.16940304630667735,0.9849276664240979,-16.923426097520789,-5.4416346274052563,-7.9840026546249661,,0.2424596006920488,0.7333333333333333,1,2
-0.94541212137392272,0.31226800431044194,-0.093191277720800242,-0.2969681671652844,-0.94331748875741539,-0.14819589432537569,-0.13418579824166624,-0.11243135189252181,0.98455744507970111,11.599130980833115,12.65658485319495,-5.6938640056739755,,0.4166202471744557,0.1666666666666667,1,5
0.56879709421269509,-0.75965478331589531,-0.31526889443850303,0.82193178742464579,0.53896799200816881,0.18423257152743369,0.029966688774752476,-0.36392047726936727,0.93094784160441235,-5.0670078986295461,-12.694034452204612,-5.4606375518384169,,0.1287594850086083,0.1842105263157895,0,3
0.91799701083438545,-0.35924519822139978,-0.16800111801414044,0.38673235453235744,0.90474530183613389,0.17853297948363292,0.08786110662285665,-0.22886420943500863,0.96948522401462933,-14.019034465137219,-12.836740483107885,-6.8486453213643568,,0.1468316781283124,0.3333333333333333,1,3
0.98174732385219654,0.074857424676259915,-0.17483866300074752,-0.040800542207448671,0.98077687295748051,0.19081939426411881,0.18576196560283567,-0.18020291740863983,0.96592929383717641,2.6818305658534203,-5.2061725486019013,-5.0328250822435399,,0.1779989925113981,0.1923076923076923,0,2
0.51576948562517189,-0.8287866635025809,-0.21701268188335454,0.85658544673392911,0.50347680389147387,0.11301539889263967,0.015595196105904425,-0.24417979921256164,0.96960456657079119,-9.0060818076847458,11.705205428770157,-8.7188929348256323,0.1186518417537965,0.1744635811894997,0.3023255813953488,1,4
0.74821540539479758,-0.62025513938314525,-0.23549367124976789,0.65826380831595543,0.7383409970675503,0.14676965187214605,0.082840001154477941,-0.26483227544634891,0.9607296186183889,-3.9676377404818859,26.187639140998634,-9.8539971683282541,0.4663956981218138,0.2436956955560268,0.65625,1,3
0.95138130749047156,0.26934378724527197,-0.14942400085024965,-0.25312867857835347,0.96009277182873853,0.11894427923775074,0.1754978057951109,-0.075337864016608538,0.98159295352326015,-5.8209935373885866,2.7165401016916815,-7.1871408025706058,,0.1468479797271618,0.6811352253756261,1,5
-0.87908070813478356,-0.42505903958509539,-0.2157357676701829,0.44253634522560431,-0.89594558222846643,-0.037988114452543568,-0.17714031652792037,-0.12886553671285006,0.97571255075872454,-10.749758012737511,4.9126051096735406,-8.2084261390473916,,0.09486351018890388,0.16,0,1
0.212491337692855,-0.95813690867988965,-0.191888237343632,0.97630606646621065,0.19994925463074051,0.082745151845210752,-0.040913273967952433,-0.20492427820528328,0.97792236103653285,-14.033254242073127,23.429970261588707,-11.04113858013579,,0.1171668816119241,0.5,0,1
0.62021410222189,-0.72376173158070356,-0.30249532773977855,0.78151606426882458,0.60333908509152867,0.15879102522083341,0.067580386909674647,-0.33488939114313271,0.9398308289287598,-11.642301911910607,-2.7896426161743575,-7.4767172506604123,,0.2093802742826953,0.3255813953488372,1,2
-0.90573152331949591,0.41567099916316391,-0.08287356707685746,-0.39860820429603822,-0.90181696335577399,-0.1668462288206089,-0.14408992724418104,-0.11808380523368975,0.98249392252995571,-4.0704047558318832,-13.176138921156113,-5.2682491751351312,,0.4363091464267403,0.7605633802816901,0,2
-0.85198000957364073,0.52038215297689405,-0.057727620339244577,-0.51417070637398965,-0.85237968146102294,-0.095275197923061716,-0.098785363256770703,-0.051490712711501643,0.99377570835208573,-14.123826220078302,12.195532939488279,-9.5219524833109421,,0.06604280470877756,0.3333333333333333,0,1
-0.53777049216080919,-0.78525385530371927,-0.30688642930531468,0.82916788062044988,-0.55848660096079494,-0.023944567121766108,-0.15258939513777503,-0.26733705182391498,0.9514448892151266,-3.5682861564551356,-9.6371100507725806,-5.5232324804956345,,0.2001710811345708,0.3513513513513514,0,3
-0.63217724803377717,-0.7324421110274808,-0.25274588238396206,0.76309224925478036,-0.64509856902307483,-0.039218049054764954,-0.13432105641231698,-0.2176611822029568,0.96673753602841461,10.01012043254816,9.5249920386378619,-5.5373648599176821,,0.5514748476069463,0.2972972972972973,0,3
-0.8007546892787416,-0.55312206996895785,-0.22988671843184275,0.56949057031094175,-0.82197629296501451,-0.005955176774155687,-0.18566749291414614,-0.13568695411405007,0.97319917414588208,19.58001110298251,-0.56426459916636584,-2.7804715387897092,,0.1529924724105481,0.2272727272727273,1,5
-0.63003863008825178,-0.69997508657497676,-0.33628292072431026,0.75683563862735781,-0.65046255209866544,-0.064017844549866337,-0.173928550560392,-0.29484461414725693,0.9395826269191635,-16.296243023603143,-15.601204730769458,-6.9230481159765578,,0.3025241899409999,0.2285714285714286,0,2
0.84662102822212759,0.51831275881665184,-0.12076720838033353,-0.50176842316839676,0.85302301749552023,0.1434579420385588,0.17737329021926715,-0.060857338675865819,0.98226019986869184,13.385419782586819,1.8719261135191481,-4.0886395481691338,,0.09101160381655569,0.4347826086956522,0,5
-0.98710587004331629,-0.021548849584346254,-0.15861162759274419,0.018758435076154364,-0.99964218165554097,0.019069078856757092,-0.1589657901547433,0.015847893757302167,0.98715688815098468,-1.8158323941762167,5.5722026454023039,-6.9338678481260887,,0.1009806301721172,0.2222222222222222,0,5
0.323587337465228,0.94343021610895339,-0.072323318264432349,-0.94176225466606589,0.32852085094009537,0.071818564340177735,0.091515521735131333,0.04487179325823009,0.99479215490037787,0.75717226699241447,10.102025030193454,-7.0602707172744292,,0.294443070415879,0.2962962962962963,0,4
0.8342249424251168,0.53954997251469983,-0.11381815582408875,-0.52279228170546665,0.83952401846072067,0.14794476204568888,0.1753766678466728,-0.063915957216878677,0.98242443718997885,-9.0184099842467855,-0.071882258493165069,-7.3414027481907125,,0.07742766546204143,0.3587443946188341,0,5
0.9645855871703829,-0.2004334680549551,-0.17146740187753165,0.22384028374060974,0.96589804513291377,0.13014028501328689,0.13953555961865419,-0.16391275512259418,0.97655641737179177,-15.221077627811384,2.9258911515325745,-8.634777147954356,,0.8333679671542948,0.1851851851851852,0,1
-0.39546155883835132,0.91818095674014544,0.023534786187549631,-0.91830302898889871,-0.3957610125758822,0.009631608107088142,0.018157709959053817,-0.017803134686483573,0.9996766206951021,-14.222351410294927,17.604323907185012,-10.285522892751111,,0.6482165749255828,0.4666666666666667,0,2
-0.54639070881853935,0.83674067462697244,-0.03636257336288358,-0.83593150992309095,-0.54751484964637787,-0.038026308450915459,-0.051727207874326941,0.0096193992276764305,0.99861492234195182,-2.6802511351207738,13.038974098362667,-7.9865057612378436,0.7348246083589157,0.2904770276281933,0.3725490196078431,1,3
0.187107370917064,-0.93349652370267722,-0.30590042821728919,0.98128860993274247,0.16321411676595549,0.1021460528095703,-0.045425716997871499,-0.31928888537392863,0.94656807040587598,-13.125688123063341,-2.2088874209400031,-7.7620116189129877,,0.2664030576389351,0.2333333333333333,0,1
0.94837231227198271,0.27773922845667609,-0.15313679600992383,-0.26540232067857933,0.95932053604382184,0.096258595995480201,0.17364206142038099,-0.050646126217972133,0.98350567075375583,-2.9971682729964688,11.164759522014727,-7.7659960242069248,,0.08632375976977343,0.4342105263157895,0,5
0.7392993740830559,0.66590103580127513,-0.10006121126186057,-0.65218679915190547,0.74506954967814021,0.13972739586210639,0.1675971792495152,-0.038041775210975105,0.98512131681656501,8.8057950706596255,1.0309914465834149,-4.7486649702322241,,0.07357525265596121,0.4117647058823529,0,6
0.95618163104683485,-0.21855534855922668,-0.19480823407846445,0.25892493880374201,0.94183847901441697,0.21423854814969426,0.13665491031826635,-0.25529167449011186,0.95715808329760321,-9.5230098818377336,-1.2861229605173548,-7.3185351794215316,,0.2324998103429931,0.2087912087912088,0,4
0.98589661106091997,-0.052815095666205833,-0.15880314218668046,0.069323897230228623,0.99254107466764852,0.10028166517565881,0.15232225566674837,-0.10987620655701467,0.98220423011776636,8.1856537932424374,2.8248538670406425,-5.0417027978481173,,0.07504903007356815,0.3529411764705883,0,5
-0.90856032517810925,-0.33848562373796248,-0.24483794239245643,0.3784140450826971,-0.91512644071011062,-0.13909136564645794,-0.17697724711498941,-0.21902301257166662,0.95953529063168508,-21.100354749353365,-13.588012729914356,-7.8514144268021795,,0.2690392421970089,0.1578947368421053,0,1
-0.59270064167075953,-0.78542414582187459,-0.17836720697215502,0.79008644690271734,-0.60998910794127925,0.060635753591768225,-0.15642683843800267,-0.10498666273856051,0.98209390837297716,5.4532204196806662,-8.3878474928184588,-4.2469742054982182,,0.06831613617418861,0.1515151515151515,0,5
-0.94068552597206501,-0.23970680177284448,-0.2401070394855076,0.29097967675803249,-0.93392970032845157,-0.20762018822407685,-0.17447512413078228,-0.26517157469880581,0.94828395907096563,-7.7574442086126032,8.4832897005121275,-8.1428757629872024,,0.2094414838175269,0.2065217391304348,0,2
0.80827951457947556,0.58635816757219894,-0.053556751512212487,-0.5625693122529194,0.7959173733367314,0.22367678407031097,0.17378145822395807,-0.15066397758632311,0.97319081923095774,0.87305367438138548,-10.083658172169823,-4.7610665065826687,,0.1844408246109574,0.2291666666666667,0,3
-0.98107882505869504,0.10303874692648009,-0.16391264641043599,-0.11134070775274783,-0.99288291754889257,0.042270070223713249,-0.15839061152280789,0.059720420891192928,0.98556881317846634,11.104396927478211,-2.2436461572977726,-3.9914863348986809,,0.1012933681228783,0.28125,0,5
-0.52858626697008426,0.84599423801412721,0.069930734427200422,-0.84711118134992414,-0.52037747105808285,-0.10774940392935478,-0.054764996143229966,-0.11619396224456276,0.99171556322130061,-16.975911986127915,-7.444861416142853,-7.7936393100635923,,0.5812998821677122,0.5945945945945946,0,2
0.97964873271271069,-0.11836284439258216,-0.16210674742796993,0.13665289677477674,0.98485246090059053,0.10673151390808468,0.1470181835605395,-0.12671174896333351,0.98098409078700688,11.511912159513765,5.3415281119925071,-4.8176393471535475,,0.1049965972560941,0.4642857142857143,0,5
0.2206364364248026,0.96583753101972991,-0.13593169827334939,-0.96889174928108013,0.2330541052698985,0.083274018708699785,0.11210861294661462,0.11332981818815362,0.98721224223194592,-8.9198172150125057,-2.9549859559111402,-7.0226376561155739,,0.4056935335888004,0.969377990430622,1,4
0.0052481019186946054,0.99772648865342439,0.067188624524989041,-0.99694641773354387,-1.4626991017225607e-05,0.078088667259126845,0.077912114555481624,-0.067393275817102749,0.99467977197695834,3.4558227242447543,0.99372889809769438,-5.6034992985002674,,0.2445876395102576,0.3095238095238095,0,1
-0.70280886199425663,0.69685311326346844,-0.14302252283241787,-0.70882730742911748,-0.70300157822231246,0.057901893403632006,-0.060195944590356071,0.14207223357134169,0.98802425511873182,4.1428693397266425,5.8038335365537908,-6.0324176584178408,,0.1020148424553859,0.4875,0,5
0.44728930970362085,0.89418645697248833,0.019048716278185104,-0.88619647734230322,0.44021533800819512,0.14445158264423458,0.12078111181369326,-0.081492553950155713,0.98932850291484553,16.484661630632313,12.048048999425125,-4.8713418931703973,,0.6164576077904513,0.25,0,5
0.22348215133450272,-0.95287063204567168,-0.20516648512801522,0.97419055609320537,0.2115013368736002,0.078866627412938012,-0.031756707224043917,-0.21749653580128966,0.97554434469209239,-4.5371737572733881,7.5671815576154016,-7.5575505585305649,,0.1936311249016673,0.446969696969697,1,5
0.2634026126877842,-0.94592329159945898,-0.18933618259301283,0.96416511566854912,0.25169130298609843,0.083887530235515498,-0.031696898225278693,-0.20464753702599392,0.97832238665589744,-15.858742913922105,-2.4658121196025364,-8.1495616476328703,,0.1118398369305203,0.1851851851851852,0,1
-0.79453710890855811,0.59081549296472613,-0.14017073817340411,-0.60155882595845334,-0.79731185072094013,0.049201540742504574,-0.082690758121550301,0.12341339462471904,0.98890412707627329,-4.7201737540226842,5.7294503980568967,-7.3966604909712901,0.6634623147823813,0.4655002421754635,0.2608695652173913,1,1
-0.59325859033183825,0.79436223412992979,-0.13051009917085338,-0.80429580822809232,-0.59172633228036486,0.054481194487151316,-0.033948458937035041,0.13729016233559216,0.98994894487628315,-13.839141717338107,-6.1561121853187055,-7.4784293579078742,,0.08859691833341542,0.3529411764705883,0,2
0.94929031820259735,0.28150317831086358,-0.14001375778005945,-0.26376795990659019,0.95543011206678963,0.13258870345077464,0.17109750171620422,-0.088934029240353929,0.98123207415450342,15.25025819940894,15.084371964267296,-5.426360546126074,,0.3130690216831778,0.9069767441860465,1,5
-0.72818868721897678,0.68365319788871814,-0.048575104969844546,-0.68210689493817744,-0.72980695743704915,-0.045956378820303075,-0.066868674909113177,-0.00033150114021775169,0.99776173028578952,-2.7011904617039053,-1.710304804877683,-6.2366730867663058,,0.5260285009080825,0.2426108374384237,0,2
-0.98246736666640488,0.11051457891026177,-0.15014793133395818,-0.11031825090388152,-0.99384934735539354,-0.0096622087933582162,-0.15029223849915788,0.0070712523322067873,0.98861632620413753,-13.783461809266081,20.400028608197168,-10.589526751667689,,0.1281817342428369,0.6153846153846154,0,2
0.98162946225221248,0.11447573013492215,-0.15263979182542395,-0.09552485246502028,0.9873951467900014,0.1261975699333715,0.16516234861483536,-0.10929835911681636,0.980191444205877,15.700532291186148,-2.0101700719281128,-3.2601327474296058,,0.1363135780224402,0.36,1,5
0.9040560192729159,-0.37791899436420595,-0.1996495622713817,0.41080676270238037,0.89724918813469712,0.1618075959577156,0.1179852437146154,-0.22830052144130658,0.96641520795940916,0.90083818300760621,-11.779928607609534,-4.5969020439596431,,0.1025826631472246,0.1363636363636364,0,6
0.36994423384336744,0.91893084306027573,-0.13677488628609863,-0.91956734505204507,0.38316167062985895,0.087080606762179311,0.13242794931576027,0.093558750700653143,0.98676724631868262,-18.913527426842769,7.1550087085548624,-9.6899734273379039,,0.3806176633480031,0.9326923076923077,1,5
0.92107292514229999,-0.35009351581614589,-0.17046758270503024,0.37016050861362221,0.92309772213956154,0.10426789171963377,0.120854724494787,-0.15913869914085246,0.97983111300011561,-15.253366207265165,4.5095244242946988,-8.7952304985787588,,0.3951169041958969,0.9146341463414634,1,5
0.85423205119823908,-0.4837434655094493,-0.19047273369844114,0.51097902613335655,0.84875909710681618,0.13604569059778882,0.095854251639955299,-0.21354216130621767,0.97221998939911403,11.701550567714165,2.1484418452647973,-4.4086349611443625,,0.1636419680557261,0.3170731707317073,1,5
0.2018764973957137,-0.92489172504023387,-0.32221293697078673,0.97864190735828993,0.17745428307051153,0.10377858440960241,-0.038805888230635778,-0.33628154033790286,0.94096165100741502,6.8476713449517037,6.4577459935036847,-5.7012506396987463,,0.2691659188190688,0.2558139534883721,0,4
-0.80378381894011774,-0.55372522820405334,-0.21753147832074346,0.57263112917172554,-0.81924559696090093,-0.030499864978245261,-0.16132316111939324,-0.14908059401057402,0.97557665725246778,-3.6798397038399937,4.2732465076763653,-7.0668757282821044,,0.4116830544527666,0.1675675675675676,1,5
-0.98130825269900268,0.10403518748133064,-0.16189747666518209,-0.11148440745452992,-0.99305447019043036,0.03760380471861198,-0.1568608940409979,0.054949968157657084,0.98609084820828252,-2.723421452927,8.477207891000095,-7.4087800547295162,,0.08907952642487965,0.2659574468085106,0,2
0.67779133899294997,-0.71094916161044075,-0.18748384034778959,0.73298177725044,0.67339286108631424,0.096331556910364713,0.057763440037195538,-0.20271493344941224,0.97753262899591709,-7.0259278524388087,-4.361405181584133,-6.6160079417111772,,0.1189589703001815,0.5162337662337663,1,4
-0.62802902627248858,0.76664302592928335,-0.13355902422981741,-0.7770528475807994,-0.62708078176441462,0.054392694438691248,-0.042052517472801185,0.13794261102256092,0.98954707914200668,-3.8747004924968333,-7.4583183409980709,-5.792480304697829,,0.1458032525750135,0.1475409836065574,0,1
-0.92149003180356737,-0.30024086562096924,-0.24639712639930134,0.33663821316902043,-0.93381399415410271,-0.12110383047754053,-0.19372876585843291,-0.19454266095932451,0.96157283569464214,-19.561657731119187,14.564751610206928,-10.60967634376065,,0.2965194599747465,0.2142857142857143,0,3
0.66874477758404205,0.73149992274804088,-0.13299731378370394,-0.72458994008235145,0.68131007274147171,0.10385568599006059,0.1665828358070697,0.026915567997386591,0.98566003825550996,5.0558049662489628,9.6057086432726635,-6.3550405901465243,,0.413582067012569,0.9929824561403509,1,5
0.97236123207043035,0.17953076883653196,-0.14927269478186195,-0.16116099600877118,0.9786877051879036,0.12726943497751766,0.16894013061417959,-0.099694928431688354,0.98057134034860738,12.452591856839945,-0.70197310518683653,-3.973786460931656,,0.111310602088399,0.4,0,5
0.96666482804837706,-0.18203060020457951,-0.18006657325378639,0.21433663590736554,0.9599994502537772,0.18016898184859234,0.14006754342856925,-0.21275788140890453,0.96701352998615253,-8.0220504781572881,-14.490857769234275,-5.7256177983203749,,0.5600480080502065,0.5476190476190477,0,3
0.94991263387182878,-0.26311859664269688,-0.16862559743841474,0.28144254312347805,0.9548050682260657,0.095589626058517008,0.13585316680472956,-0.13826021043885242,0.98103416417499445,-0.72536763906466384,6.702510975684473,-6.9244250061925223,,0.06749454344924703,0.1639344262295082,0,5
0.55098592557911563,0.83300645985406474,-0.050147259697033243,-0.82224187043145913,0.55216969075197253,0.13793817138212824,0.14259318470073978,-0.034768814421371745,0.98917051776760456,1.4969086620429191,5.9430821837574266,-6.4894425392666903,,0.1722422273953863,0.1428571428571428,1,5
0.32809658851657503,-0.85788374629017738,-0.39545936131910686,0.94427297869047011,0.2861107755357945,0.16275492569299982,-0.026479620820790532,-0.42682092494796575,0.90394840987069058,-6.2843211070766936,23.877097695341845,-9.8374684785527347,,0.3102631493412868,0.4137931034482759,0,3
0.89716031910490812,-0.39105071143610026,-0.20538428106576184,0.42522607687260694,0.89046520413128016,0.16203241582773059,0.11952466427943574,-0.23270380597824064,0.96517500657245059,-11.597959066485195,-5.7440864858648135,-7.1970281898248256,,0.08803862640564215,0.2592592592592592,0,3
-0.58921199998246265,-0.77607164710516319,-0.2248155191176669,0.79232837133276546,-0.60948096464726798,0.027362487346805898,-0.15825603008364172,-0.16200540821872481,0.97401708231942741,5.9072556404427017,0.74338989508205566,-5.1808658280654951,,0.07465973944020197,0.2714285714285714,0,5
0.98544806925556272,-0.047547883116020671,-0.16319099733646289,0.067408746337930078,0.99067414256681896,0.11840947667584653,0.15603898140411204,-0.12768689071586192,0.97946306424575458,6.8540800854071495,-7.6796742165670464,-4.0698147987579469,,0.1287438029202548,0.4347826086956522,1,5
0.98380840351884502,0.091352361666660914,-0.15419394016505514,-0.051893953040617266,0.9686875159158902,0.24279932896637144,0.17154603697992929,-0.23086628711577953,0.95774355370832676,-15.520579571537999,6.4995869521178813,-9.1249651877861648,,0.2452077899222929,0.4705882352941176,1,5
-0.65262775134074535,-0.71064391960503825,-0.26279695148214982,0.73894332455265299,-0.67363277544202482,-0.013477646283701482,-0.16745083242252376,-0.20298793899801998,0.96475702399222818,-9.3382339846966946,-4.1155730987609198,-6.9968106212755954,,0.4365629987583226,0.5961538461538461,0,3
-0.93011260886787372,-0.31196592054985961,-0.19382414514316604,0.32148403840967538,-0.94672564534576575,-0.018935825634314628,-0.17759095661887439,-0.079923819103727478,0.98085352385923064,10.253950364652685,-2.900003121003687,-4.0610639762300256,,0.1001624737955597,0.3529411764705883,1,5
-0.65359096473620926,-0.73115926536228504,-0.19551209550837026,0.73945599194199985,-0.6719581432414814,0.040952285803523426,-0.16131858788206629,-0.11780654653432314,0.97984587093960407,-1.9935257718250632,10.44187526979939,-7.5146983332524737,,0.07881156954671385,0.2608695652173913,0,5
-0.76965643415245433,0.62956146088600384,-0.10621365418254268,-0.63383303236473854,-0.77342169609817224,0.0086352236766968089,-0.076711540533668313,0.073967877972176091,0.99430583452841304,-18.963202675138668,24.111032646965164,-11.758537440428935,,0.1658013759705976,0.4615384615384616,0,2
-0.75723394764233265,-0.60034706034127561,-0.25725504014032174,0.62981269244959259,-0.77549287207673356,-0.04412230487604836,-0.17301075390681631,-0.19543339657737263,0.96533572736889151,-5.1060580233099007,-10.12991147792653,-5.7234066685378284,,0.1359663986455152,0.125,0,3
-0.27556611253892738,0.96119354679585767,-0.013049261212167814,-0.96028891590871168,-0.27463910533176611,0.049178855267676423,0.043686560897547709,0.026083086868070454,0.99870473963848683,3.939157356269344,15.097838224293511,-7.1850267926750968,,0.1678965440255439,0.2608695652173913,1,5
-0.93146440138221787,0.32898764958586946,-0.1553743716886147,-0.34201014542565189,-0.93741242916980561,0.065475171354406989,-0.12410934446523822,0.11412740274767326,0.98568342106300999,-18.305093530030309,-3.9647549910564783,-8.3632218339539222,,0.2668448858644978,0.7090909090909091,1,2
-0.44722938137900387,0.893425491595917,0.042151766249442876,-0.89441211699388901,-0.44654002387618108,-0.025079315205365067,-0.0035840488087928168,-0.048917257110900059,0.99879640395371971,-13.990349351648348,1.6536750520083809,-8.3262349388159702,,0.3980765953337392,0.1666666666666667,0,1
-0.97591747067883317,-0.1049436128992553,-0.19123788467633662,0.13754550602469268,-0.97647480414157917,-0.16606682585355917,-0.16931132329599177,-0.1883714282695661,0.96739334337974625,-7.1391983324191797,20.284102414725055,-9.538187930855905,,0.2302170634627144,0.4666666666666667,0,1
-0.29772953234605698,0.93921558029084917,0.17097139909330475,-0.95431352252877966,-0.29756898706247081,-0.027173491813316384,0.025354019162875548,-0.17125066913019335,0.98490120420007088,-19.28196683282879,-11.197023101158539,-7.8079816753009865,,0.5988765575349881,0.2941176470588235,0,1
-0.6175953105025499,-0.75803825979462114,-0.20965216224213309,0.77006183483864865,-0.63701884281274024,0.034810406869955367,-0.15993999803111619,-0.13994638469449688,0.97715618323825104,10.72510466461795,10.512627171037542,-5.5694215076575855,,0.1118253908779384,0.3636363636363636,0,1
-0.78133769785195939,0.61840590040915699,-0.084175674957430821,-0.62028922949043919,-0.78435900070541764,-0.0047148478825461441,-0.068939638043412743,0.048529376170911798,0.99643977537777162,-12.484679341802162,17.715915247355241,-10.03400575850103,,0.3123022432569573,0.6086956521739131,0,3
0.96937934552438954,-0.19377382855811409,-0.15084889073717359,0.2128826795921076,0.96932121881820565,0.12287123128898685,0.12241180172021501,-0.15122194984432058,0.98089106055916897,-1.5198873752389006,12.405234328072044,-7.6977685760869967,0.6159823321375162,0.2124455004495548,0.3902439024390244,1,5
0.49481518515011685,-0.81083537006298023,-0.31257628700796586,0.86875633964451737,0.47005467773314036,0.15591992261624077,0.020502557701820193,-0.34870417633866141,0.93700856054342418,-10.038048856155735,-9.6472458838967476,-6.5220429976979712,,0.4183044522849353,0.2666666666666667,1,3
0.83058358751917349,-0.52928322562686048,-0.17317670517077902,0.55015391692394844,0.82808391612853072,0.10773901587853629,0.086380390349999461,-0.18476010099386764,0.97898014956571966,-8.9305245034393153,-8.7129389330569342,-6.45238205834944,,0.0712752833297912,0.3018867924528302,0,3
0.96608948169692466,0.21146494626326434,-0.14816777603933368,-0.19009845131109726,0.97083518238687161,0.14608773887281737,0.17473892572546582,-0.11296736317062894,0.97811281695650276,-12.459612524415089,-13.206693768443913,-6.5329837090770049,,0.134060285851196,0.2,0,3
-0.98692684433065758,0.029259935596700936,-0.15849056788467644,0.0049630401501205932,-0.97739814064382424,-0.21134862880668009,-0.16109243362740114,-0.20937223033361527,0.96447524436510501,-17.975955548278744,13.759273524212942,-10.312261598304069,,0.2068832015359071,0.4444444444444444,0,2
0.33128179288171017,-0.90146170419372018,-0.27860217080495497,0.9435208345402144,0.31507936462811575,0.1024374383420493,-0.0045616327798238786,-0.29680261093477017,0.95492795626093463,5.0493381927185208,-9.3519734480905932,-4.2073787046039275,,0.1620813086968772,0.2352941176470588,0,2
-0.90075894455884897,0.41367345250558163,-0.13231628202659537,-0.40396161932271163,-0.90987106716691946,-0.094602596405727379,-0.15952533940224678,-0.031763435340725496,0.98668269989087865,13.261050726312558,7.5721474387738148,-4.7813558212968292,,0.5397825032697616,0.3793103448275862,0,5
0.83916836290182395,-0.48043523782928443,-0.25490869141045358,0.5354756339297424,0.81188233490667228,0.23262183847186343,0.0951961352798084,-0.33170628049286011,0.93856733339136555,-14.709840752260904,-14.007678052284017,-6.8151377209601183,,0.4532268403616967,0.6341463414634146,0,2
0.15403003410631419,-0.95709047822411286,-0.24546397920254517,0.98653706688339571,0.13515460434112281,0.092075233317663943,-0.054948742099482112,-0.25634166539627229,0.9650231014455305,18.660116221228186,7.5274340039909831,-3.8935553324739014,,0.335903034580269,0.34375,1,5
0.9867238661643859,0.044298044234719197,-0.15624882469505913,-0.015676592674496292,0.98356871322791017,0.17985224714001488,0.16164855824821456,-0.1750150554557347,0.97120516575031723,-18.467684161418209,25.547470811272774,-11.97533950745528,,0.6365032664563195,0.5897435897435898,0,1
0.35647016513189694,-0.90929761368705309,-0.21472510592352412,0.93419805669191958,0.34338317734074597,0.096757348002179569,-0.014248236518221673,-0.23508688449678422,0.97186992159121577,-19.716458049280721,17.766124305156726,-11.049927609892032,0.4136804792394361,0.2818674321319921,0.7678571428571429,1,1
0.86902169033324872,0.48511210625768175,-0.097301315985862405,-0.46125276534811244,0.86547866143145136,0.19542920218213111,0.17901728460979471,-0.12495171455030407,0.97587902981971952,0.40636898472150518,8.1825026857879983,-6.8720040902525179,,0.2904836394011562,0.3714285714285714,1,5
0.54662244786081715,-0.81677626746925669,-0.18460885242489392,0.83698902403221076,0.53965397959456685,0.090680515863957284,0.025559208599930404,-0.20408358877365645,0.97861975028557902,-7.2693185471838682,-6.1281441301972439,-6.435150319949642,,0.07502397571037825,0.3063063063063063,0,4
-0.33617202282574055,-0.8318805105602145,-0.44154635908285506,0.92519309296821939,-0.37935644351575187,0.010316466787593594,-0.17608552408744194,-0.40504753414032296,0.89717912553385548,-10.398237370616586,16.502075214773264,-9.6035990385032353,,0.391304177257374,0.3125,0,4
0.65249213875399881,0.75751977733703746,-0.0204400539988603,-0.73999351661355839,0.64274426063552503,0.19821556646739666,0.1632899391699649,-0.1142085914602594,0.97994530122988566,-1.9628814181761776,7.7340596504316279,-7.197227029881863,,0.2537177105056969,0.2407407407407407,0,1
0.97033481616966455,0.21207775486828587,-0.11607484834800211,-0.19408944807010098,0.96959784693676965,0.14902785432067936,0.14415141579890256,-0.12207801237573143,0.98199660295622393,-11.727374946995468,-0.30722748758020085,-7.7717879922939863,,0.1201560786131168,0.3636363636363636,0,2
-0.47912132723402218,0.87698268184909889,-0.036662372076434753,-0.87774787489965034,-0.47864601753158892,0.021369558027667542,0.0011924339213869801,0.042418930183491452,0.99909920051185641,6.0398775165033047,20.076988466517136,-7.514051680515311,0.4008450124251665,0.2887775354765146,0.825,1,3
-0.90497450063735385,0.41257534665155809,-0.10393621376362658,-0.41060033390659068,-0.91090495015439521,-0.040737422353592879,-0.1114832677668174,0.0058099156246362617,0.99374932749082445,8.0320864101058405,-6.7133895948081719,-3.9978227585787875,,0.392441421954515,0.1551724137931035,0,3
