axis_00,axis_01,axis_02,axis_10,axis_11,axis_12,axis_20,axis_21,axis_22,location_x,location_y,location_z,dbh,dbh_approximation,score,reconstructed,number_clusters
-0.78873477153927085,0.604051499378644,-0.11410191174255495,-0.60856424314190694,-0.79348142144163214,0.0060659538478842062,-0.086873598601714078,0.074222772283031369,0.99345053119952054,-26.220543920867637,0.0874569217999311,-5.4419882323431708,,0.1578532770976831,0.375,0,2
0.72464053751766544,0.66983576337676964,-0.16191399410664969,-0.66331685011743569,0.74167479548183735,0.099645642640594848,0.18683374357002855,0.035193008516382081,0.98176097112035055,-9.888990114388772,6.0190151056891965,-3.3258205395159983,,0.1492798741446369,0.2686567164179104,1,4
0.0012360521882453701,-0.96985411757490769,-0.24368311964103248,0.99585834594669453,-0.020959437602686766,0.088469524604197283,-0.090909993858219587,-0.24278322141032915,0.96581141037902529,15.210073263182938,12.807621315125193,0.39526775777309009,0.269936093157915,0.1802602845180352,0.3809523809523809,1,5
-0.015930365501783963,0.99008809219467542,-0.13954136716144883,-0.99595253222129654,-0.003365962728017079,0.089817725738852855,0.088457769681163465,0.14040740717362563,0.98613436355996276,1.7042795202229162,9.2278189147049616,-1.6834846582904526,0.2634081861334148,0.1525421923974695,0.6052631578947368,1,5
-0.32199315717188232,-0.90434202746387549,-0.2801533581754998,0.93882700218039694,-0.34318505923122894,0.028772818725771785,-0.1221649160416016,-0.25375088666443008,0.95952395530573564,-14.709104228762994,8.9570873798399671,-4.440028003069262,,0.4900580081802082,0.6086956521739131,0,4
-0.90784691848184718,0.41554052512371509,-0.056036100711251237,-0.39849902299696593,-0.89663825889558013,-0.19297243677573819,-0.13043197948922688,-0.15285910069279382,0.97960277360872783,-7.8149768574281717,20.946028634623367,-4.430174707119714,,0.3182577964946639,0.4,0,1
-0.37859396190009442,0.92541661914483242,0.016452751239146562,-0.925382565029779,-0.37881125208975763,0.013005523022776872,0.018268014443170864,-0.010301276655702398,0.9997800574864284,2.1869461213188353,-10.451072974167719,0.43947756779794167,0.465472671583177,0.558328004196225,0.2432432432432433,1,4
0.37935767700536466,-0.89797192118960367,-0.2230116177515058,0.9248474474089291,0.36090318636850444,0.12002536852785228,-0.027293807324732394,-0.25178427040645507,0.96739843356168809,-0.5539202443149075,14.077661968903152,-2.468271497766684,0.4098208263575169,0.4245336522532991,0.8427672955974843,1,5
0.72922518032878092,-0.63407077899495379,-0.2572642291481444,0.68020834942109376,0.71263166334947847,0.17167618870881943,0.074479780828677691,-0.30018387634329607,0.95096919121032764,-13.280473223234006,6.3209723715437098,-3.9231207364876792,0.6578582203990653,0.7753970984769567,0.4703832752613241,1,4
0.94682383795151503,0.296988800669435,-0.1237831659140067,-0.25513812010479414,0.92740735428361099,0.27353270168311661,0.19603356742189731,-0.22740547816093568,0.95386455482224597,-6.8447364685587813,8.9234773153583173,-3.079681447224687,0.238850340125044,0.2029896087131258,0.2839506172839506,1,5
0.17264201404695068,0.98479318679812,0.019419428977611678,-0.97795507501832879,0.1690253689993545,0.12261441954569445,0.1174674688231085,-0.040159729464179811,0.99226437500177167,23.769254806925403,1.5418957260724393,2.926877721299832,,0.1686809991987841,0.375,0,7
0.4365592268576452,0.89569374062350182,-0.084550366370173366,-0.88593257980716589,0.44435149917126027,0.13294814485531184,0.15665090322647557,0.016866184871775641,0.98751001327895238,-1.6598636451560875,-8.8737343733197562,-0.37426458691036374,,0.07587493563496676,0.2972972972972973,0,5
-0.91232500013725426,-0.36445273470369521,-0.18664752420419825,0.35716779042353369,-0.93122174544821112,0.072506760294178255,-0.20023552034673928,-0.00051475371269849414,0.97974765701178701,-27.054453676808169,14.522839156444469,-7.1566012005230579,,0.07499514231485571,0.7142857142857143,0,1
-0.11253446427431663,0.98726463195323011,-0.11244794726781884,-0.99095667565321011,-0.10318548235977823,0.08577658893030761,0.073081196821286817,0.12108386649109563,0.98994840064860723,-7.5476390405950626,-16.139239640773503,-0.5104373207793641,0.275935664393343,0.235001473312722,0.7804878048780488,1,5
0.10224219332135459,-0.93460712280075831,-0.34067001616656145,0.99088845692827388,0.065502697612024194,0.11768373945388741,-0.087673256076990211,-0.34959823028103881,0.93278854921853704,-12.55085324164374,-23.108209089613364,-0.63683669248120855,,0.2282121237093827,0.55,0,4
-0.049193228617468339,0.99866372517876612,-0.015836359122556577,-0.99633534650914135,-0.047955426915388115,0.070824814337004077,0.069970733558379405,0.019262425637285589,0.99736305095179334,10.113840301911745,13.7384366565925,-0.60148920686696239,,0.5784123580025765,0.15,0,3
-0.52338627860704567,0.84214609585536515,-0.12983357270534612,-0.85189828728963302,-0.52043357434975934,0.05846539833546139,-0.018333343362805038,0.14120498548245405,0.98981060844792035,-19.121300993197309,9.7732251384994964,-5.2577134716114386,,0.1209907822361713,0.5,1,3
0.92002189565404391,0.34946059330211959,-0.17730483706337555,-0.31796130380553761,0.93018193612331546,0.18347254560877257,0.22904218126673154,-0.11242268204775671,0.96690269405032025,8.4829978082522981,-4.3511496760833248,0.71898012832350255,0.5465025669171469,0.4510358151430628,0.3888888888888889,1,4
-0.77738078238535469,0.62103698472035529,-0.099960906295325377,-0.62312993657278937,-0.78201790721361164,-0.012532954321874895,-0.085954646905941415,0.052545755363225644,0.99491242944722669,11.872042169835032,13.961855806539772,-0.29365386108544062,,0.7604600454028024,0.3398058252427185,0,1
0.9804828221087355,0.069468938327091737,-0.18392254390747323,-0.02931496915355997,0.97669344287446691,0.21262772921128126,0.19440696523842846,-0.20308615229435725,0.95966762298884378,-4.9234490724993281,9.1309061246281491,-2.7716923600984003,0.5356147413483044,0.4664548434541264,0.1572327044025157,1,5
-0.868178388364375,-0.44302176705066976,-0.2236023253375061,0.4496834689093907,-0.89288937017215819,0.023094380770763975,-0.20988345281764054,-0.080500227036140778,0.97440681939345886,5.547126519647529,19.460146989660718,-1.8958173080411609,0.2284303351187732,0.4153697221197419,0.5135135135135135,1,5
0.98161579203131977,-0.011979540625776389,-0.19049127917340453,0.050490059686875192,0.9787738994539138,0.198626301432099,0.18406844028116384,-0.20459263025381599,0.96138476425325381,-0.37916787416321063,21.559574385892212,-3.1789046117354274,0.4673905202730774,0.4612014829078891,0.8873239436619719,1,5
0.8762047796279353,0.4780815582084007,-0.060853988022064133,-0.43803202972030147,0.84266143901303558,0.31312879161711343,0.2009804097325778,-0.24770894796415488,0.94775901578524568,-22.587221562298975,-2.9961648937928635,-4.4875286081027026,,0.280302330795569,0.4285714285714285,0,1
0.58859879946573868,-0.77605009061169605,-0.22648997798814421,0.80744580746703876,0.57812950991130307,0.11746292084576679,0.039783429608235818,-0.25201691735138626,0.96690472751833823,-3.8330528238250801,13.589970990234725,-3.0120641997433997,,0.1567844066815371,0.5217391304347826,0,4
-0.87545520789873821,0.46800874186852892,-0.12060678462513721,-0.47014174322461016,-0.88251075459187034,-0.011895768466677841,-0.11200410814207823,0.046288071512266306,0.9926290818805249,-13.594766517594978,3.6096671958192026,-3.6954466634105443,0.2108536106078986,0.1172792235551759,0.2204724409448819,1,5
-0.95676970944878637,-0.20953176950892988,-0.20171306513892515,0.2119310558610612,-0.97723469787309147,0.0098778962589210605,-0.19919073935025025,-0.033298390942250282,0.97939484709577507,-8.5901670908344219,-17.798842205102584,-0.52931036966047562,,0.1654112613802169,0.3214285714285715,0,3
-0.51078527920814787,-0.77346756472759881,-0.37529498379090181,0.84156515507269747,-0.53905829197942035,-0.034412898972586245,-0.17568861178722453,-0.33341278344206987,0.9262663912318585,7.8886075550565273,6.5083581517356475,-0.39172204046409748,,0.2623872861833212,0.1836734693877551,0,5
0.88616538085382202,0.44117197651374124,-0.14169758260168444,-0.41719608709493466,0.8927126149425435,0.17032795435607001,0.20163913977419631,-0.091823059529765091,0.97514623675104106,9.9612825712880007,18.157396842875304,-1.020816065789276,,0.4957810594121943,0.7391304347826086,0,5
-0.5731697625865001,-0.75454735056320865,-0.31958522965646885,0.79979806487847505,-0.60000526619046446,-0.017797077298171496,-0.1783240832674664,-0.26580439481271328,0.94739038681267262,3.605639015366906,-15.645490714986176,1.3615074219508687,,0.4932698467747104,0.6774193548387096,0,1
-0.93155773168194123,0.35130088661016223,-0.093743691043769617,-0.33603496593668175,-0.93030566902010337,-0.14700974068744679,-0.13885493945671815,-0.10544690254327652,0.98468282026879073,7.5986973837774849,-16.000941810434245,2.0983070104843633,,0.4620638137859863,0.3529411764705883,0,4
-0.97428171474241887,-0.12850448892433475,-0.18509926160001366,0.12898000744448204,-0.99160148406202875,0.0095212649162876532,-0.18476822778333973,-0.014597709829980321,0.98267370417118938,7.859262015471832,9.7087932206870917,-0.63611156481198439,,0.1100251151500926,0.3888888888888889,0,5
0.95077882912466616,-0.22748822787590275,-0.21040134093253682,0.2710108511321091,0.93968691282854877,0.20866629921336236,0.15024225989041187,-0.25541654612932185,0.95508620098208385,1.4770351448612071,-5.8355761195102671,-0.2132625784989719,,0.177456124410353,0.2647058823529412,0,3
0.62828056053960435,0.76061782568856584,-0.16347495371719045,-0.7558222771590184,0.64655310755282269,0.10344933283468909,0.18438064594255749,0.058562806956165565,0.98110864589158453,0.7003870729199394,1.8479733448500026,-1.1778969057200441,0.4377239706588285,0.3317568390302089,0.9569471624266145,1,5
0.88190902222530365,0.46194109520721521,-0.094057966575761917,-0.42321416701447878,0.86370210944467429,0.27369405360559113,0.20766859501583132,-0.20156659122874993,0.95720669865216268,10.629106175028529,4.933860370147106,0.16698249930966177,,0.3578921469223922,0.3414634146341464,0,5
0.6384696457715191,-0.73334265790843511,-0.23359164694008794,0.768199041603296,0.62581684746616595,0.13499446620986688,0.047188387429201298,-0.26563474832804007,0.96291818789164541,-23.726067634231953,-1.2050652583822259,-4.8709326476760131,,0.1275232042939546,0.2608695652173913,0,1
0.57658967155044694,-0.78882457359718927,-0.21283830188798122,0.81650051480977859,0.56572982928389759,0.1152244313233008,0.029517113285580904,-0.24021980007406482,0.97026964688980255,-4.5181474898468945,-0.72613274176118114,-1.7955397446753609,0.6065784185730185,0.5551915791443062,0.9775470787059392,1,5
-0.53346061664513966,-0.81228787927075141,-0.23581384963231594,0.82907503587743936,-0.55737243497867728,0.04439091811128313,-0.16749434430275542,-0.17182656929522042,0.97078384551393559,16.719255824900337,-7.0442244006963062,2.5655147943811065,0.2884775009373641,0.1536463769968516,0.4166666666666667,1,5
-0.018733155605992313,-0.95835953698451692,-0.28494923539441813,0.99534919613241746,-0.044811216059624903,0.085275627665864953,-0.094493632799206612,-0.28202651078591784,0.95474185022671376,-11.658715454505945,-6.8524645372489106,-2.2577952923664211,,0.07395322410858425,0.2857142857142857,0,4
0.73287972869174678,-0.6464427906106589,-0.21212972856301254,0.67646231286170178,0.72567765552524022,0.12566097066786389,0.07270517554143438,-0.23559214490066585,0.96912862856825921,-11.307399362039401,4.0876038124012268,-3.3565286544648432,0.6169677164741318,0.5248569785146928,0.9885807504078303,1,5
0.96120899905070112,-0.19491626001699658,-0.19515355934477804,0.23178395790213802,0.95433897745957619,0.18844976243187622,0.14951072537837934,-0.22637307190210859,0.96249767548521059,-13.671369075956495,-12.167576397309853,-2.0047195990769948,0.5813042783378393,0.3105663830764631,0.8095238095238095,1,8
0.91070413267230377,-0.33178463414427367,-0.24604255582995582,0.38826969149942697,0.89085783615078051,0.23583672833485461,0.14094193625931994,-0.31030835037829507,0.94012983054946964,-2.7092416762103011,-20.53047747743619,0.8385579981627016,,0.5460210651163138,0.6739130434782609,0,4
-0.024687471648213059,0.99741340151917846,-0.067505816146160885,-0.99682821442826686,-0.019450055079956383,0.077169983005948364,0.075657383402879946,0.06919683394005291,0.99472999276653007,12.039096067485206,4.2907192822875331,0.51900221465738761,0.28790880211596,0.3409943976625764,0.4516129032258064,1,6
-0.074151042366612144,-0.95293200412472223,-0.29397656102278935,0.99185695276314334,-0.10108086456983975,0.077475441742692858,-0.10354423292176425,-0.28583781123681773,0.9526674852727941,-0.50993108118291952,-7.0043956650591106,-0.36550869927161739,,0.07018109191882634,0.2727272727272727,0,5
-0.73891277321532178,-0.61471720189582124,-0.27591787776911875,0.63586598558054741,-0.77162839256648375,0.016250297441672001,-0.22289540587666018,-0.16343924093875406,0.96104383487978462,-16.163934217296248,12.688035094889935,-5.0604280738061655,,0.2126854883938574,0.1428571428571428,0,2
-0.63221460654635642,-0.71044484183661794,-0.30914853707753032,0.75286528334153946,-0.65755676476540736,-0.028512563026018383,-0.1830261085432833,-0.25077325977661996,0.95058624846591855,13.074441568185428,13.50094250774718,-0.041562655764914982,,0.250668327252184,0.3636363636363636,0,2
-0.64026658624176114,0.75080417519347309,-0.16233234136908556,-0.766533470837791,-0.63820168767866658,0.071589412132452096,-0.049851144697888546,0.17026948157596999,0.98413574623430888,-5.371803806569031,-11.210742695638295,-0.71828575837180308,,0.07663748590123384,0.2264150943396226,0,5
0.49012802858145005,0.87098963676778485,0.033934764504614232,-0.85607604231204826,0.47367900020172415,0.20678978346919183,0.16403757306849356,-0.13040420779644146,0.97779671568827708,8.5890307895022246,8.5492891408960929,-0.44727517632381641,,0.578119710606165,0.25,0,4
0.8441134855655249,0.53377082499352146,-0.050607606860583659,-0.49426871508458298,0.81125804218741615,0.31234408314369483,0.20777598700296268,-0.23864009590170593,0.94862007350306943,10.255932274775342,10.033665876496116,-0.28107794273122294,,0.4013207785603273,0.2222222222222222,0,2
0.33713932551647563,0.93106313992271361,-0.13949374418788052,-0.93001355493243942,0.35239553144459085,0.10436559327580741,0.14632792909155401,0.094545327198874513,0.98470773241233156,-3.7043496810135506,-4.9477413269246098,-1.1770427139426869,,0.08759887145255803,0.4444444444444444,0,5
-0.88152257741282014,-0.40480296182631542,-0.2430072171934454,0.4300587241211441,-0.90084246653596944,-0.059433528354670181,-0.19485235261282657,-0.15689937087838959,0.96820201822719476,-0.9286747434580398,31.492854155084348,-4.148927977921268,,0.3123631728175109,0.35,0,3
-0.15144995326192506,-0.96849835955379848,-0.19767103783448475,0.98194534519320986,-0.17034223978467442,0.082260928748276271,-0.11334130187336469,-0.18164374166687414,0.97681078024503254,-16.080376830837494,-10.685929810010133,-2.5980658191474464,,0.09851356255405681,0.3877551020408163,0,3
0.97454514511399515,-0.10667825865578751,-0.19718394778711651,0.14504245336360128,0.97067683707437213,0.19170071645552461,0.17095159214529404,-0.21542104608756957,0.96144127540142965,-9.1153727855167759,-24.57188622266629,0.12910117290276943,0.3908951095984223,0.2584221747550632,0.5,1,5
0.97834372105743228,-0.061562648276672037,-0.19761984668716581,0.10640650640039133,0.9685155601216604,0.22506724594638136,0.17754216080458082,-0.24122116436869334,0.95409178331932576,-10.434727271100083,8.120987658443072,-3.6100525144917324,,0.1205182025899061,0.2222222222222222,0,4
-0.80254761604984093,-0.52855575473778205,-0.27666972748439977,0.55492019902596157,-0.83164111601072299,-0.020895618522252978,-0.21904542151276643,-0.17029934907102262,0.96073785967884173,5.8992842394649294,10.195491555754243,-1.0410149411386245,,0.2931843359784462,0.2647058823529412,0,5
0.053395540936489475,0.9982316269707302,0.026125373173747943,-0.99350297970371659,0.050473057765014435,0.10200146939963681,0.10050246528287353,-0.031402059728900554,0.99444113205199147,-1.6249877363137959,17.309373225393941,-2.9927369984380081,,0.3677315117630688,0.2592592592592592,0,1
0.97607913242711608,-0.10013312321436049,-0.1929841570587234,0.14870170174448696,0.95501533008649431,0.25658044196329133,0.15861062744539531,-0.279139887753653,0.9470605006683871,-13.399533454677266,-13.860916205497102,-1.7996582886982617,,0.5365859391476586,0.25,0,2
0.16090871674149515,-0.88500985757997186,-0.43688206287610826,0.98691297692660396,0.13954911246875157,0.080801121174475729,-0.010543284615046578,-0.44416618195835456,0.89588238176340118,-6.6974116417238685,-9.2941913111385137,-1.1476897384273126,,0.4827249540251701,0.2708333333333333,0,2
-0.83016465104768777,0.54696920492567014,-0.10794137767255854,-0.55011688763447386,-0.83508734151955122,-0.0007361882684932936,-0.090543150432428207,0.058769217255185996,0.99415698811253284,10.442004029278527,-16.256633243647293,2.61158161807669,,0.1416082221864514,0.2222222222222222,0,3
0.8768515089155261,0.47242766588901752,-0.089126493340751053,-0.42348120487773994,0.84674989053722249,0.32199113650921923,0.22758536953825001,-0.24459501911906509,0.94253815635988014,-3.0776653108395413,-1.6087750433523242,-1.4841260410269075,0.7940622704483661,0.3898496173815265,0.1795774647887324,1,5
0.49789094797652916,0.86502569080812397,0.06192865382810913,-0.84777511536378636,0.47042943346013594,0.24489487929373879,0.1827073006011323,-0.17443251524960648,0.96756981139902465,11.079124231943892,13.22332713658828,-0.35978133907768051,,0.3666973507245167,0.1304347826086956,0,2
-0.88967777892215483,-0.38031388216947321,-0.25265549810230775,0.41340476226088996,-0.90587293503407273,-0.092145146984371928,-0.19382969904572989,-0.18642847583440283,0.96315859086959466,1.004178293789219,-10.268484374712216,0.23505786682396942,,0.2108027605455388,0.40625,0,5
0.60870898195431966,0.7788779813112342,-0.15107106114896113,-0.77051106840875727,0.62573805328616527,0.12150959686064464,0.18917206122398683,0.042437941728807917,0.98102647892607431,-3.5133170211312872,18.612913095583217,-3.3849679184852226,,0.08469546466311063,0.6086956521739131,0,3
0.96376153524980479,-0.13879332998338523,-0.22781596679131633,0.17384157911462492,0.97452378267403905,0.14171274598149522,0.20234329379515556,-0.17618118104611885,0.96333658858226812,8.9770462020776502,-2.4187534769105068,0.59133325999495523,0.2039737833629126,0.1371674106433079,0.3414634146341464,1,5
-0.75513140533315415,0.65523640573225639,0.021019354953195315,-0.65075414272464716,-0.74531425321236844,-0.14500244716968702,-0.079344857465900726,-0.12317433402118404,0.98920800493736027,-14.676930009716468,-1.0691614771777727,-3.3899158648702188,,0.4043451711952891,0.1304347826086956,0,1
-0.79427980560378486,-0.57073606567557256,-0.20827850044395524,0.57259820139247297,-0.81782330147823834,0.05741382517599259,-0.20310315155634331,-0.073657252843173093,0.97638297759202997,-20.395257053434197,15.978322595654427,-6.1526953285714105,0.5860654464721297,0.5329573705774043,0.8053097345132744,1,5
-0.92465758405859089,0.34999086522197742,-0.15004914696225694,-0.35619201904442677,-0.93427969522884446,0.015770118964407134,-0.1346684737122392,0.068028268714325463,0.98855275875582227,5.2643235161592958,-7.9977423993927186,0.63726839054399465,0.4941019826228736,0.2368941582226853,0.8904109589041096,1,2
-0.27393221367729292,-0.90147908120923981,-0.33510686124280248,0.95019776001576961,-0.3075226483698959,0.050537487082159459,-0.14861143687775882,-0.30457394320872277,0.94082376348996299,-9.2028066309176388,8.6204301065096072,-3.4365563448670415,,0.169934411554365,0.3,0,6
-0.19382849032881291,0.98049843776403334,0.032455043970750781,-0.9807420868909057,-0.19447342628401568,0.018029017450412306,0.023989067045740036,-0.028335490319485002,0.99931057467167328,24.78484993717499,20.394110682187911,1.444380356181407,,0.705452834065322,0.7083333333333334,0,3
-0.5866992371516484,-0.77292454683722822,-0.24160225582998968,0.7878552330519808,-0.613793062880164,0.050420310518646122,-0.18726488426366311,-0.16076604385458187,0.96906457074080687,-7.1893797046663215,-5.7735611763994497,-1.6936661023127055,0.1089143089779494,0.08739768851774378,0.512,1,5
0.97516270478175693,0.12910078049662563,-0.17997413057961598,-0.10929364153178202,0.98722106799900677,0.11597181907524499,0.19264630576122893,-0.093421364655313852,0.97681106131251849,-2.0343719407670573,8.3656764899693297,-2.2050118645471808,,0.07477093724659814,0.3333333333333333,0,5
-0.46076072837820453,0.8868538996029468,0.034492201197262519,-0.88745172478099854,-0.45987762303703805,-0.030692149045552897,-0.011357260568331053,-0.044751900393725293,0.99893357138677286,11.748628898447569,-6.8554614778231766,1.5843372855355715,0.6704369369392528,0.2847421803167566,0.3103448275862069,1,3
0.025432836334013796,0.99038884725345644,0.13595257287737328,-0.99510345371572351,0.012087959427450883,0.098096878849021005,0.095510665577444614,-0.13778175667645745,0.98584679351717908,-18.490638233384232,-0.79895021182044812,-4.0272981266244532,,0.4097445550737059,0.4772727272727273,0,1
-0.6896338480574209,-0.68372953113935975,-0.23857720733855872,0.69865479626122529,-0.71486428518808454,0.029163837602669412,-0.19049050179654578,-0.14657074063564229,0.97068552410902864,-6.2127102010269253,-14.091875781209849,-0.52024949827239086,0.5913735987898416,0.5745072409780601,0.6829268292682927,1,1
-0.98167332498226945,0.058893793778444344,-0.1812429421319284,-0.069731724054827429,-0.99610243166478118,0.054013260333470259,-0.1773554895643123,0.065661759692319382,0.98195395189159007,2.1009035882114104,-9.5179829887180993,0.33104263255269262,,0.07735322532559334,0.2121212121212121,0,5
-0.89357959474705484,0.43746208905722844,-0.10070962461142338,-0.43159267081419062,-0.89892168226853686,-0.075283302577506969,-0.12346365599301722,-0.023806087145689877,0.99206350394702525,-12.228143407276519,3.8973075296917288,-3.4795486822213086,,0.07833078458024008,0.2210526315789474,0,5
-0.90932188446493034,0.39440541285505204,-0.13258235457173115,-0.39565066672750571,-0.91822572077769704,-0.017946465400163879,-0.12881871118447252,0.036137183245446333,0.99100950733878279,16.264337376849042,-4.8222930557352592,2.1882365351674835,0.5078096618266583,0.4816324013950301,0.8414634146341463,1,5
-0.64284500049153592,0.76593643200204953,0.0095753576959773032,-0.76546613259877216,-0.64188488873043748,-0.045225982176091473,-0.02849395001250726,-0.036402908558009303,0.99893089003253943,-12.011246515824306,-16.988383928873688,-1.2486248744340258,,0.3330178623824132,0.1666666666666667,0,4
-0.54572112001581985,0.83521612277193058,-0.067841634933896985,-0.83757639550777929,-0.54614748478534547,0.013737050296154877,-0.025578132396195916,0.06431915052661917,0.9976015266721775,6.7161542438634108,-7.3211132734904947,0.80823092451715672,0.4223919280450134,0.4984956512994057,0.7142857142857143,1,4
-0.38053509943916258,-0.85306639577422316,-0.35703047838469154,0.90849984314475363,-0.41695097765826572,0.027926998330880807,-0.17268779082721283,-0.31373493052350987,0.93367516849738696,12.60304637632666,-24.957895535629032,4.0485753667205406,0.4696588223629617,0.4284979188786604,0.6571428571428571,1,5
0.15361119615579907,-0.94585426652202953,-0.28594283854935049,0.98658305095152565,0.1306153864056199,0.097946436429771744,-0.055294520440685085,-0.29715202731293267,0.95322777376293999,20.172868393463673,6.6311286408671046,1.8073008046434182,,0.1811923719023022,0.2173913043478261,0,4
0.94763730069994312,0.26533013714858789,-0.17771737293476994,-0.24998767365470317,0.96262697324134427,0.10418960317093465,0.19872017849940188,-0.054306801681914332,0.97855049023964347,-6.1362429181305425,7.8210951632018766,-2.8073853938394389,0.1258544498548823,0.08866946178017751,0.524822695035461,1,5
0.37888657875116277,0.92541865702635329,0.0067282739078389541,-0.90622447590243527,0.36953448002950828,0.20542995727175875,0.18762238597138278,-0.083931980179553667,0.97864869232301333,-12.826699595032478,13.70116351924321,-4.5749994815067421,,0.2202260178972071,0.125,0,3
0.057796611935241778,0.99575176181834912,-0.071679707619809366,-0.99317754029947347,0.064634167587688029,0.097060794479209095,0.10128141534109636,0.065580890630586489,0.99269392145343782,-2.0825266523766706,-13.731811107233835,0.17411736897959515,,0.5667944556778007,0.6785714285714286,0,1
0.89562435241597527,0.40985578959241448,-0.17284458654248797,-0.39486117225697559,0.91147830565514143,0.11529073234167497,0.2047966650199953,-0.035007571432637101,0.97817830477836554,-5.6024608128525335,21.773765849814453,-4.1221228755251529,0.7060997189861198,0.6844891260671619,0.9367816091954023,1,5
-0.61453602486990977,-0.70408031955197126,-0.35583195156798808,0.76737811042989124,-0.63812813537455404,-0.062636398974109428,-0.18296532395549317,-0.31154997426253833,0.93244855287939188,-16.152462818445127,-2.9469834044907408,-3.4516212263612065,0.6549429927614693,0.3133427675167829,0.1904761904761905,1,1
-0.23702834597639236,0.9715022743026891,0.00094563650463849974,-0.97023946981688258,-0.23676964362535241,0.050749453858920629,0.049527107861763155,0.011111565246485211,0.9987109685512735,5.1436565351051362,17.090075571909146,-1.7830604977949083,,0.4540101123644193,0.1481481481481481,0,3
-0.53242632166546233,-0.82182011417163547,-0.20281496971551721,0.82828045800650363,-0.55521812888278188,0.075394378069186904,-0.17456716438758613,-0.12784572461691138,0.97631028664807951,-1.3596461999656326,-10.979439011237606,-0.084412318180199092,0.6035349225534292,0.1826879898680445,0.5036496350364964,1,5
-0.51530021079784183,0.85155763679271557,-0.096515718780433774,-0.85685157018925195,-0.51409107831435741,0.038932632351196213,-0.016464489543014202,0.10276163884244528,0.99456973921716618,-15.69623663439015,9.445973143575916,-4.5811308204745043,,0.4444298677572278,0.2,0,1
0.97536935078751874,-0.085794734917706977,-0.20320898849395028,0.14537841188917142,0.94289047407689297,0.29970430636151052,0.16589076797976568,-0.32186459475290558,0.93213917187490369,-2.1545509412851525,12.483196300324009,-2.6105259788487003,0.6537485089758314,0.2432076711180604,0.2631578947368421,1,3
-0.36049907968494632,0.93144547006337397,-0.049494947668692897,-0.93256825940944321,-0.3588427127673362,0.039349066517769142,0.018890608469487372,0.060342719463071917,0.99799894845608594,19.460718482643216,23.906019759792134,0.18640311889147068,,0.1778680904453045,0.1176470588235294,0,1
0.86705061967192454,0.47526492923367886,-0.14948735721470668,-0.43911640809653324,0.87073112942521513,0.22136865268209782,0.2353720524338643,-0.12629547612798664,0.96366459395511395,-14.026476103041883,26.66055755320637,-6.1795947616710052,,0.3332656849224507,0.2,0,2
0.85613713886973386,0.49386351273526785,-0.15207902628807171,-0.42939394207330694,0.84363520168006112,0.32233598774723898,0.28748920320368843,-0.21066199770016558,0.93432942839572586,-12.010669393860212,-20.380349542797248,-0.83369215553328069,,0.1797821636780832,0.7,0,2
0.55680423767732734,-0.79194671427615015,-0.25057821663460672,0.8302202419449155,0.5402257455533882,0.13744269244383822,0.026521515218703693,-0.28456378123101944,0.95829017716034659,-15.323821954632901,-15.909063224120228,-1.9153834594980492,,0.5895906079942865,0.1612903225806452,0,1
0.59368381731499076,0.80157265480907647,-0.070857632761961872,-0.78415529896220337,0.5960499581954033,0.17269891269129303,0.18066541497419336,-0.046965161530504868,0.9824226592636266,-18.129947092737343,-19.297250783895425,-1.9871890934877896,,0.1887083797215077,0.45,0,1
0.65007767349710932,-0.72988137031889366,-0.21135799885975043,0.75811914615177334,0.64184619081759742,0.11527717714727832,0.0515206624442116,-0.23517366475511847,0.9705869197279321,-9.8511647225499583,-8.8633361990286836,-1.7398369464892758,0.1602772839295687,0.1158947089942503,0.3679245283018868,1,5
0.9750524295177192,0.13323793871344675,-0.17753988672685944,-0.11396709897251969,0.98684296008918027,0.11468422940497743,0.19048427768029086,-0.091589430666520685,0.97740836713566237,-7.814577490214055,-0.88664890038422062,-2.2891103709190883,0.1138530721537754,0.09529515778500069,0.5730550284629981,1,4
0.67109341485029339,-0.70073334135456744,-0.24208761401326329,0.73666962120623625,0.66700548961412254,0.111451989737663,0.083375642344943934,-0.25313328729878037,0.96383195689128331,-8.8576871832464548,6.945902847069938,-3.193484224488103,0.1161942717455306,0.1698548072056406,0.2027027027027027,1,5
0.98357496472324069,0.028635714922416813,-0.17821415376046129,0.0026577803081399105,0.98493077795917816,0.1729285946064481,0.1804805390437122,-0.17056189040817318,0.96867714774680291,-11.594226061989172,-24.648011565133292,-0.28119692550059622,,0.1703433951087871,0.4666666666666667,0,1
0.77553537682091045,-0.52187474492901098,-0.35523461248100385,0.62550129718866643,0.71133096154225373,0.32055637626893174,0.085399101368485594,-0.47080252097525249,0.87809565522715272,3.3207123497247957,15.125988677138714,-1.9060263897664871,,0.3562237215717599,0.1923076923076923,0,1
0.06910049369663189,0.99577248462790235,0.060516779729723219,-0.99187710430256315,0.062083064748456943,0.11102028207404824,0.10679387497063704,-0.067696764541690019,0.9919738990212108,-5.9719298798127438,-19.419042763865196,0.096641937938308026,,0.5832327955598009,0.2424242424242424,0,2
0.75167813944661777,0.6458844525717149,-0.1334662826492381,-0.629839306169375,0.76302157789168334,0.14526018062691784,0.19565894582704443,-0.025126591448519402,0.98035005550059928,-5.8216157432068378,17.889922750450722,-3.7436690194281108,,0.1108331866367535,0.2727272727272727,0,3
0.76195106700739501,-0.57953727822421097,-0.28907977209546737,0.64232376561077542,0.73328855468560439,0.22295307959006155,0.082769267351399028,-0.35556214466049713,0.93098056352780112,-4.16442616529545,-27.39523680141864,1.4468322598061643,,0.3064730966137457,0.5531914893617021,0,5
-0.84410290743754046,0.52990046536434887,-0.081827736508701912,-0.52624114247447284,-0.84799966377354263,-0.062982777067386586,-0.10276449592467649,-0.010102823694632064,0.994654407988394,3.9672383862221476,-5.4329525643525622,0.1441331260826216,,0.3241051513342471,0.2365591397849462,0,2
-0.20884754596491473,0.97280696256006927,-0.10014647342310425,-0.97727266053499584,-0.20380042175908084,0.058339823977032836,0.036343493438073179,0.11005453959502275,0.99326086643904599,-15.820949649525071,3.7125070474472999,-4.0685488073544738,0.5564324355868955,0.527758339967295,0.7484848484848485,1,5
0.7070031043127486,-0.6444891787652558,-0.29117058393083128,0.70402665553925692,0.68042279409544981,0.20339933521412445,0.0670304317630699,-0.34879581380777136,0.93479858872798338,15.345330279128259,10.816398307819966,0.59761284762823308,,0.174647393734868,0.2352941176470588,0,5
-0.81938866040355818,0.56247055842829485,-0.11058523456332317,-0.56732644877847038,-0.82333979601017282,0.015883350475803637,-0.082115307455265976,0.07575256568123323,0.99373971696528185,-12.15057676665735,-10.071675972772995,-1.9607657808390959,,0.2596519275804072,0.3207547169811321,0,4
-0.2005678057693478,0.97964059912411539,0.0087665179299059124,-0.9796501970000856,-0.20062330076512458,0.0059818649100036054,0.0076188454876297898,-0.0073883514976290773,0.9999436811418857,-10.572493868705168,10.470634416976397,-3.8386601611608389,,0.2900212114319347,0.2790697674418605,0,5
-0.95504000768218944,0.2399720748738671,-0.17410338022891517,-0.24826650241186177,-0.96830956387622236,0.027209047870521925,-0.16205655650600551,0.069209766554803542,0.98435140102853769,-0.26158496151879912,12.458138926327065,-2.3319544016936278,,0.09260540375421858,0.2549019607843137,0,5
0.69321437226122917,-0.66476708436622667,-0.27845746108462477,0.71676991936556422,0.67632500423533382,0.1697803620527337,0.075463347282981083,-0.31728411903103643,0.9453232627136321,-10.058791296940013,-1.5138995563917144,-2.5529873164490771,0.3915287659571918,0.2293357029388317,0.2560386473429952,1,4
-0.67005666155219967,-0.65837664969958321,-0.34287644631830921,0.70461213080748275,-0.70943970199935857,-0.014732764370596776,-0.23355045585153361,-0.25146669035363867,0.93926497231299289,-15.112822698234794,13.964769408831081,-5.0287229651317906,,0.3122646991538033,0.3478260869565217,0,4
-0.96160652873636521,0.21370369991207144,-0.17217320504506381,-0.18007453390019224,-0.96478008527199866,-0.19176169926026324,-0.20708946407827414,-0.15339529232165655,0.96622142294679392,0.93082097725979207,10.97988079371301,-1.9788777484365707,,0.2884377039586712,0.2040816326530612,0,3
-0.86931806487476226,-0.45754676787257548,-0.18691457217605564,0.45155871588719165,-0.88899689220734757,0.076021390095076802,-0.20094981509996207,-0.018316136465881906,0.97943028897224449,-19.750898258235566,7.7974689734878408,-5.1624481066410457,,0.07992345902474227,0.5454545454545454,0,1
-0.84380706008804562,-0.44105962731580534,-0.3057058234604188,0.48998634917944056,-0.86554132274891282,-0.10368990419450745,-0.21886759230953545,-0.23728595357944368,0.9464630754923945,3.7312328609440932,-14.713110525209013,1.2543664990161645,,0.325248411859592,0.1666666666666667,0,4
-0.76004763458169033,0.6456328988527742,-0.074065869911453294,-0.64372038708100643,-0.76359151996299124,-0.050517857207999138,-0.089172060776098808,0.0092817325738168491,0.99597298809624946,2.3168800463835901,27.008347979381398,-3.1604938800407432,,0.2512340132605355,0.5,0,3
-0.024233251453567799,0.98676162572582593,-0.16035661358021369,-0.99603442162944122,-0.010096250374860853,0.088393985415713389,0.085604792233223592,0.16186278053738587,0.98309321014002227,-16.07402929862301,5.8944466795046031,-4.3198092199770519,0.2334421337868225,0.2135084877908007,0.8538461538461538,1,4
-0.71211537005811099,0.68425937241709689,-0.15710127620857059,-0.69899488900734819,-0.71192030046897403,0.067643410039498086,-0.065557950460685507,0.15798290109859217,0.98526319229527104,6.4705095186510473,-3.3869334845858305,0.26687941943207127,0.2533831699161319,0.2139911439101923,0.6972477064220184,1,5
0.96751132998311251,-0.11742491854179883,-0.22390447708735281,0.19584632304397429,0.90815675343813662,0.36999395797074708,0.15989385261624126,-0.4018242149126352,0.90164918688222673,-16.589385183786259,-22.335117942018616,-1.4292027020339924,,0.5236551203673014,0.3333333333333333,0,1
-0.92309664789907131,0.34899551825850783,-0.16153856156649848,-0.35603673170250705,-0.93433574697993216,0.015954861141640742,-0.1453630775544287,0.072241540341604057,0.98673741974903217,10.671697098397489,-10.96854369654112,1.9874060545900545,0.4722361950270967,0.4131043431827521,0.5833333333333334,1,6
-0.09171597407773277,0.9954800153651987,-0.024651959505819176,-0.99336565007231048,-0.089740348165318617,0.071912135050931997,0.069374817876436484,0.031083901294259975,0.99710627604330138,-3.6235649291559859,-26.34965653387912,1.3998278628781553,,0.1771356330503331,0.2857142857142857,0,2
0.8991000854130351,0.41707345953166808,-0.13292390967977946,-0.39092301960773884,0.90165835647964576,0.18490916940809216,0.19697266092287924,-0.11428883385838334,0.9737247215225926,7.0446915577667717,-3.9881848406159928,0.44580355386700476,,0.1496937654153934,0.2272727272727273,0,2
0.76781038307923832,0.62605819513272942,-0.13608215144854199,-0.60714410365065363,0.77883679258842098,0.15744614289599565,0.20455623441479093,-0.038267307427245364,0.97810651779052726,-5.6822182560261636,13.485081258095956,-3.3004830771932525,0.356065828633688,0.1014493193154334,0.15,1,4
-0.44114294388593539,-0.86566933023541293,-0.23666329193480956,0.88282150043476904,-0.46599635455903238,0.058937220054858047,-0.16130437511038753,-0.18293170372426718,0.96980250068907503,-6.3104259335318185,-1.59718380580648,-1.9573807151230169,0.4831186222592515,0.4175670991309968,0.965603502188868,1,5
0.36980292267127401,-0.85794005616269031,-0.35662958152029839,0.92900590203942024,0.3356858546183043,0.15576598147574156,-0.01392236904072473,-0.38891370127669467,0.92116898590842466,-7.263429759896872,7.8388575358700994,-3.0471123094000148,,0.2397378015308527,0.1052631578947368,0,2
0.30621200499394569,0.94370281937988032,-0.12513671200751622,-0.94130041817636323,0.31977428590981094,0.10815696376967063,0.14208353436831095,0.084672278611921753,0.98622658375044514,-10.602833913934472,9.2434643552003148,-3.7404143289243659,,0.06920416104381236,0.2195121951219512,0,4
-0.95743662675889696,-0.21104486634542358,-0.19691411866544098,0.21360332626191336,-0.97688433274313868,0.0084035379953583626,-0.19413584097325162,-0.034015655663755168,0.9803847257170899,0.71041931207713049,-14.633434078200798,0.73382647850110938,0.6137364196739626,0.524584214540069,0.919431279620853,1,5
-0.71336337979273678,-0.60646759506630188,-0.35115487253515271,0.67863857520390192,-0.7228276832723366,-0.13026827910264349,-0.17482097304357108,-0.33123586223360918,0.92721110377004023,6.1518518299044436,-19.133221595367363,2.2376284841719838,,0.483911135804156,0.5384615384615384,0,4
-0.059036298734532221,0.99162369404184869,-0.1148789138463843,-0.99353046024928116,-0.047182503180551588,0.10330070643741202,0.097015153396663764,0.12023419151146297,0.98799382548830061,-13.441530466566814,-3.7464457124883443,-2.8960975506246727,0.1567599449212349,0.1277276721643615,0.2522522522522522,1,3
0.57057760859491324,-0.72861202427446103,-0.37890066066553835,0.81933235625662404,0.53650068673300344,0.20214228435926831,0.055997165652179853,-0.42578343229591153,0.90309068549134897,-11.524230627048778,8.2161893912293458,-3.7708453241429272,,0.2643538239728511,0.1481481481481481,0,3
-0.47500431589828257,-0.8426299874378903,-0.25366435332625253,0.86557652945083607,-0.49934215841942065,0.037877176358334264,-0.15858175034300342,-0.20157408835327914,0.96655042049687923,-21.224263255199951,-15.250910822807571,-2.9666663736572882,,0.3216413124636878,0.5614035087719298,0,4
-0.63922890149983991,0.76704973113770791,-0.054964729134942575,-0.76755515431009458,-0.64078664215501024,-0.015860779543059367,-0.047386670903477701,0.032049792468542296,0.99836231610743842,-12.969144654332386,22.831395080167074,-5.5856679692425217,,0.1938142166251389,0.1,0,1
0.90775342219631072,-0.36667932723869495,-0.20378909555387367,0.39872430036547424,0.905140900338684,0.14744111649109495,0.1303942360265625,-0.21509584261406728,0.96784870806402112,-23.153031743432333,-5.6963065258914858,-4.3031119643500579,,0.08572516000317368,0.2105263157894737,0,1
0.7565659332780752,0.63634899737757877,-0.15055876639911414,-0.62247376902771068,0.77137485805903216,0.13231490931426496,0.20033570694089767,-0.006386070071331562,0.97970649820930189,-3.0297889401025473,-17.880840012744091,0.4805553876538895,,0.2428946898511924,0.7868852459016393,0,5
-0.67430945171194001,0.72890913972514093,-0.11831411309348082,-0.73640862477985558,-0.6756611470509637,0.034414411452429752,-0.054855270319121102,0.11033349623269559,0.99237967478545486,10.704718661532725,-3.2645980568896755,0.98965726951109734,,0.09131180992271548,0.4102564102564102,0,5
-0.79442050557003596,0.58535411160144113,-0.1620389593929015,-0.60037469050526227,-0.79718011597506266,0.063671765286464246,-0.091903706837957982,0.14786624606471774,0.98472802435198781,-12.020329499930703,6.2939894754626406,-3.729332195466891,,0.07615189040605481,0.3157894736842105,0,5
0.030083014755961205,0.99563222979716903,0.088382550383603806,-0.99273321062030473,0.019453664431153567,0.11875322088980157,0.11651516963337673,-0.0913127479014718,0.98898240495773637,-7.9335976980099323,-24.530442127682882,0.39823213651746164,,0.4874262810048814,0.4705882352941176,0,3
-0.98360680697076608,0.019381398420615304,-0.17928193070144074,-0.0016607427652484128,-0.99513876036161986,-0.098468723762456342,-0.18031885984067916,-0.096556765797123981,0.97885744608934655,6.1945789505441251,1.4047531555933317,-0.23999492885797608,0.225917357768033,0.1326215709542997,0.5094339622641509,1,5
