axis_00,axis_01,axis_02,axis_10,axis_11,axis_12,axis_20,axis_21,axis_22,location_x,location_y,location_z,dbh,dbh_approximation,score,reconstructed,number_clusters
0.45321557732011675,-0.87632244769673795,-0.16326239045533636,0.89139550298561576,0.44490664379044981,0.086441515304499589,-0.0031141180795644682,-0.18470800192172313,0.98278851046126425,-10.881951272715044,11.305731345381821,-2.9903929098777535,,0.07317351015816741,0.2068965517241379,0,4
0.97303460658063134,-0.20209836326344105,-0.11117511395413317,0.21512072700291215,0.96903077768733514,0.12125355544649942,0.083226962038841334,-0.14189997695883208,0.98637602836284943,-6.293159735568663,-17.433171513679277,0.11184806002865559,,0.081689806915389,0.3529411764705883,0,3
0.99408676747047331,-0.034467124851842112,-0.10297337541594863,0.047410724080622128,0.99089362104571033,0.12602402553907102,0.097691975014621721,-0.13016085846124731,0.98666834799864478,16.02442443755335,0.60416807890365587,0.95032067485501026,,0.0675118795502014,0.1818181818181818,0,4
-0.36092037599097831,-0.92111000510389207,-0.14592066574697607,0.9277435976985613,-0.37056156877050783,0.044451554299844417,-0.095017362223241919,-0.11933349172738544,0.98829713073968262,-9.3486128391483501,-12.780695168560278,-0.67765774063891782,,0.1021323099459988,0.3611111111111111,0,3
-0.44132205715519696,0.89458718761003442,-0.070346326359482292,-0.89725795151630294,-0.43880396122871673,0.048777577335849635,0.012767549062879758,0.084645421458910255,0.99632933426501635,-11.645098312560176,-0.85598430355447586,-2.3274071855965768,,0.1404211475661143,0.7437070938215103,0,2
-0.91674469137176473,0.39407654226808525,-0.065443484593339207,-0.39606032526059326,-0.91800185736357542,0.020219016580914642,-0.052109400266761995,0.044455243909535751,0.99765141291574522,-10.835397951130801,-13.772841899827522,-0.75943855132762994,0.3307518103622801,0.2558541893848842,0.6944444444444444,1,5
-0.97225330957626699,-0.16530391538234604,-0.16552376740898028,0.1973949638740983,-0.95943431857785844,-0.20129832729604102,-0.12553378133052234,-0.22838652301374282,0.96544335196351838,20.780654178791337,1.9602832560558405,1.4311041035577075,,0.3927576116265177,0.1578947368421053,0,4
-0.25377206427385207,0.94911323825531224,0.18650415642205945,-0.96655634862959317,-0.25620229039132469,-0.011367115820159627,0.036994111937138641,-0.18315143288207009,0.98238841010835831,-27.091607469241399,7.91285322459205,-4.3687060719649828,,0.3006842897650019,0.2105263157894737,0,1
-0.16670904737730818,-0.92037191265531948,-0.35372819497141922,0.98272733986220295,-0.18432663593254894,0.016451953475087995,-0.080343444100357583,-0.34487567858719409,0.93520355929022958,10.476958320471896,-14.843010194179728,1.7274846358162217,,0.1332178974966145,0.2727272727272727,0,4
0.28344822126459429,0.93973355359955191,0.191201344401907,-0.9548334341180813,0.25801649042886526,0.14737911574250886,0.089164000315206646,-0.22433978449202965,0.97042333140844284,8.9264422116314073,-1.5986902706948798,0.23731209513694856,,0.3603536339226572,0.1621621621621622,0,2
-0.99025621669546571,-0.10447259119786306,-0.092076614753080321,0.1133529324114451,-0.9887920682638871,-0.097166652984194107,-0.080893374325153117,-0.10665703646186982,0.99099976718638139,24.20974051894035,-11.139148657955035,3.006365420065924,,0.3168866016687239,0.2307692307692308,0,5
-0.74572067158076993,0.66611075804420161,-0.014040583851980242,-0.66558351704403163,-0.74574801347921149,-0.029299867424737901,-0.029987694416589321,-0.0125043356316504,0.99947205052166843,14.315494922179917,-13.45800984806948,2.0237402558705577,0.3544579527648596,0.2237158582943186,0.6410256410256411,1,5
0.97958059163898037,0.19152383284796448,-0.061159512223786384,-0.16835756736065954,0.94768978073495769,0.27118224315565026,0.10989810733869583,-0.2553481954934364,0.96058300269243768,-12.10904206661065,25.055059529385684,-3.7368816308377446,,0.3117654024471051,0.1052631578947368,0,1
-0.55038219594001581,-0.80507366211984976,-0.22121445918651239,0.83014382648282614,-0.55595924097572968,-0.042077900686023496,-0.089110413222577706,-0.20679874500253981,0.97431699837407992,-14.481307024089427,12.339886878008233,-3.4030257106748891,,0.2822459993014306,0.5111111111111111,0,4
-0.010196570239083479,0.99917127086062729,-0.039405601659133351,-0.99806051427019238,-0.0077492514322768935,0.061766973027324645,0.061410421021829316,0.039958986335969705,0.9973124082256889,-12.721646311803781,17.181592646640674,-3.4206839119070103,0.1378709521758145,0.127262313419715,0.3076923076923077,1,3
0.91391363740604681,-0.37317417594434482,-0.15969626724350605,0.40059995627907696,0.89264395930139662,0.20665535790762582,0.065433465386235234,-0.25283946751048708,0.96529304632145929,-0.48832608684423229,-13.958606067943688,0.371488472813778,,0.5469079917997046,0.5625,0,5
-0.84771532340687306,-0.51260520256811937,-0.13643546738762391,0.51556717126031082,-0.8567108747248533,0.015393798972930826,-0.12477669004995751,-0.057292088705817173,0.99052935049492741,10.097435841004998,4.5944706783834688,-0.16125707812495874,0.1819999790234925,0.1711612310363184,0.651685393258427,1,5
-0.92823630953366698,0.36549423336456704,-0.069219354522901316,-0.3650173032084898,-0.93078861936775226,-0.019872453645100957,-0.071691854639987312,0.006819929084874457,0.99740351239884728,-24.751005477623629,9.2263217531746307,-4.2179509644401101,,0.299421484674932,0.5909090909090909,0,4
0.49813219220250149,0.86123416178772272,0.10069775400339906,-0.86058443346926605,0.47683236305972299,0.17895622484077781,0.10610726630119513,-0.17580277616886311,0.97869026353050437,18.221384839472467,-5.3786808113013667,1.7429679273948504,,0.12303278603742,0.2307692307692308,0,1
-0.55076392887055103,-0.76089194865257626,-0.34307803358822159,0.82747624691525257,-0.55158056674393607,-0.10508063180951643,-0.10928016950079947,-0.34176354525625546,0.9334106940076019,-35.875333057105294,6.5408775925453639,-4.9502965457622672,,0.269208476211116,0.1538461538461539,0,1
-0.90948346501120103,0.40974704086251307,-0.070336259323585948,-0.41075434184522408,-0.91174604269524118,-0.00015583601967736937,-0.064192659444188296,0.028749193623164814,0.9975233262132277,-15.149617127500139,-19.044794290883825,-0.65483566697928142,0.439759120422395,0.4227002162278469,0.7439024390243902,1,4
-0.18920715527052628,0.98188484401760234,0.010139303869735097,-0.98087374822179985,-0.18947260450297412,0.044573783687002461,0.045687442954832583,-0.0015116981800052953,0.99895463977342869,16.17442238804222,6.6687596811387335,0.42320706785267354,,0.09642904935031441,0.4736842105263158,0,5
0.71003408394345546,0.69907167464284814,-0.08455999852544549,-0.69446281363203322,0.71504932051659209,0.080161522634246779,0.11650321935834725,0.0018063612055814551,0.99318867137031774,15.499384846613792,-3.8585334963443265,1.2448440209605478,,0.08320616623737014,0.2,0,5
0.98341002026220492,0.13362991881432226,-0.12266938022819227,-0.095567937937775266,0.95645957636067347,0.27577499528833971,0.15418009367688398,-0.25947663398780219,0.95336266715670615,20.930809332056736,15.121942464961604,0.38206864908970589,,0.3850805228948524,0.1,0,2
-0.99203110500238867,-0.048557083963971778,-0.11626046750575217,0.069134614023927274,-0.98121543096599684,-0.18010186889084731,-0.10533134315816378,-0.18670427855603414,0.97675320348456918,-16.805796142190179,17.188442124026722,-3.8373487847662071,,0.5300081866867686,0.5,0,2
-0.58910714066302605,0.8051814656843872,-0.068085124206211961,-0.80793810749326656,-0.58836010867008737,0.032686342498371462,-0.013740133916082675,0.07426432416755889,0.99714393087252107,-1.2696001050920755,10.255669936434552,-1.8886083900952546,,0.09885206336477757,0.3488372093023256,0,5
0.98942470264469706,0.12619721165973208,-0.071505395361210686,-0.11741881106626186,0.98629165508685568,0.1159378881721489,0.085156212951491436,-0.10631573202184616,0.99067925410822055,-29.811027194531821,10.248963102442534,-4.6549517825809872,0.3494107930169092,0.2833891615410147,0.711864406779661,1,5
0.41243884540841669,0.90311457303960219,0.11949170164354078,-0.89979123811226991,0.38335186356936102,0.20836764747504855,0.14237249247856937,-0.19345649811106064,0.97072377982824998,-17.814493902384047,33.784239042317168,-4.7941881001719162,,0.4279367011988876,0.5714285714285714,0,2
0.71519495467547167,0.69311908986351822,-0.089900523210485986,-0.68904191736357734,0.72077918420940734,0.075489096738185754,0.11712135980544332,0.0079558077647829788,0.99308574262252636,2.4714346109149425,3.5140990567593371,-0.98480700829118328,,0.07331354758793467,0.3666666666666666,0,5
-0.69211263351054941,0.71740286364795547,-0.079455860481191118,-0.72136363127962544,-0.69128144725576712,0.042005620422101077,-0.024791409846265749,0.086389188615744211,0.99595295776866322,2.3669900257639016,-10.027350274643849,0.29145798659124855,,0.07169025677251313,0.2051282051282051,0,5
0.58951673284826089,-0.7986269484316203,-0.12109921110689402,0.80774039416671584,0.58377949036134025,0.082200743700124729,0.0050475066431026156,-0.1462754383765556,0.98923102397995788,11.104893340130733,14.301314937486096,-0.77221313540876668,0.79207722237767,0.6529074446149536,0.9663865546218487,1,5
-0.98763911419747008,-0.10683770565992043,-0.11469387410215723,0.11376211259885458,-0.99195041867470124,-0.055610688074604252,-0.10782931811099809,-0.067971108129922353,0.99184311592877827,7.1436971462902052,8.6176946265588175,-0.82959788942130408,,0.08228871869597199,0.2222222222222222,0,4
-0.052536543318165832,-0.98005430803057247,-0.1916597634530893,0.99700076399673754,-0.062398047827061584,0.045781658088073482,-0.056827706324468312,-0.18867972052684248,0.98039307160741018,16.773970672524445,11.510773845832576,0.10680722443967401,,0.1685210343733391,0.3703703703703703,0,7
-0.94390041219667253,0.32762606305370606,-0.041390514165455763,-0.31991644908634753,-0.93828939922577881,-0.1314019364564678,-0.081886979788817357,-0.11078883566703013,0.99046471740926223,7.1145988350254994,9.8982904561986338,-0.92994857499561212,0.3815678342273381,0.2026301936869671,0.2,1,5
0.97555081955242617,-0.18140194115268035,-0.12407229431516938,0.2025140958477642,0.96128754274022532,0.18685368916728054,0.085373528997886902,-0.20741165810652892,0.97452130024332884,13.345314452736702,-4.2046417357878108,1.0183312602040964,0.2422831225217427,0.1042587879505563,0.2,1,4
-0.95583684160073057,-0.27329239272931544,-0.10810735550842582,0.27124612982173762,-0.96192726028636133,0.033488549904460548,-0.11314357823344887,0.002685887983544832,0.99357501815930871,16.026901776556851,-1.201366702695682,1.1146824350348505,,0.1326213985794766,0.12,0,5
0.83332633548386426,0.5482450164895869,-0.070672628954694963,-0.54010409286137417,0.83475695283239926,0.10709060916980873,0.1177063611850576,-0.051070848752507385,0.99173432982037701,-15.829445533599927,5.9366336629146703,-3.2622006236835293,,0.1226781483401009,0.5364238410596026,0,5
0.80526231351489053,0.58756313802088489,0.079512044821491379,-0.58391610472025357,0.76259232949302125,0.27837909700035179,0.10293002030977245,-0.27059655917519704,0.95717444234662485,-16.271881471306134,16.141899912275754,-3.7360280104543402,,0.3477977301221706,0.3888888888888889,0,4
0.53597686724337323,0.84417029276624234,-0.010262289751111865,-0.83861883482941291,0.53377298274406959,0.10865013926293872,0.097196952880922907,-0.049627811793946854,0.99402707842754845,8.1608157292852539,-1.124699673892424,0.075327547229051869,,0.08080495161196832,0.6,0,4
0.92709827888948848,-0.35147185638543904,-0.13021641774032758,0.36838324232642988,0.91852569344309731,0.14354210970285169,0.069156113635866753,-0.1810471890249945,0.98103993154862601,1.3288949456896879,4.4806409017712117,-1.1965407156020571,,0.06971810036689582,0.1866666666666667,0,5
-0.46261189135516534,-0.86464893362128903,-0.1958888959700518,0.87715069885807817,-0.4784966497141383,0.040590734227550405,-0.12882891550262771,-0.15304632566616627,0.97978565652417271,13.157301255017193,-14.720201771784101,2.0373855033673198,0.1492303163073872,0.2270012354195843,0.6764705882352942,1,5
0.492623350176351,0.86666243254483211,-0.078857230971570366,-0.86378962758270772,0.49797346616878535,0.076745724782385588,0.10578144516670385,0.030309322119125303,0.99392737705082035,-20.848721563168084,0.79679917531307243,-3.3505246780010998,0.5202653574894687,0.257546617371793,0.8278145695364238,1,2
0.79941182570215497,-0.53698578979545519,-0.2694197366291094,0.59931758563554371,0.74408570959067455,0.29522006762909125,0.041942394728128184,-0.39747039932640738,0.91665594264357242,-28.4556107402009,4.4934373958488916,-4.2759352452803654,,0.2915035005841794,0.2352941176470588,0,1
0.29556755225313103,0.95483399910338729,-0.030526319976777006,-0.94675101664989636,0.2970369485114327,0.12422384509989638,0.12768059573591928,-0.0078157133550547809,0.99178454318328191,-27.517758929039598,14.211386043902614,-4.6426779748061477,,0.2179745006708174,0.4705882352941176,0,4
-0.89277197280337794,-0.42998277818460429,-0.13443591425439511,0.43714653918959367,-0.89896123324414778,-0.027777768065900585,-0.10890871338569195,-0.083567407455366435,0.99053287707166127,5.4905917699551434,-10.740272369051523,0.68095410065389328,,0.09131167303711864,0.5238095238095238,0,4
0.1115258773247786,-0.98233000984494823,-0.15029880387070421,0.99232133177119886,0.10194363390246725,0.070041916154510761,-0.053482269947845752,-0.15695619536923572,0.98615637681680168,3.6362414949024626,4.1939335765631025,-0.90865705589668699,0.1514065179474576,0.1048628337056257,0.4094488188976378,1,5
0.78345368434603324,0.6201208639545559,-0.040625590123486419,-0.61000859250565009,0.77987092204529984,0.14032413198551946,0.11870063838877123,-0.085155499155774861,0.98927180259503467,-4.4461304514714879,-18.462713594249657,0.3876219601282006,,0.1505661060270375,0.25,0,1
-0.16016698772528945,0.97753912194089054,0.13698102466414966,-0.98674772351963413,-0.16221609927059299,0.0038558094160861668,0.025989732046079565,-0.13454814087331915,0.99056616720727275,-18.252178097289494,4.7175804562952912,-3.4021501064227673,,0.652418231482315,0.5608465608465608,0,3
-0.82419118631458033,0.56575472951650063,0.025109249910672655,-0.56407378703478084,-0.81618915059152675,-0.12512407137286996,-0.050295637798979075,-0.11728962650803161,0.99182331709433047,15.501715624271368,5.6521316006957658,0.40394496995610746,,0.1147870676726407,0.1818181818181818,0,5
-0.77046345639084224,0.63746407403255712,0.0050612927291128042,-0.63662025272343437,-0.76898187953553709,-0.058150862146157341,-0.033177043096482436,-0.048025235697550885,0.99829497672159373,-1.1309245477125298,13.117360584356579,-2.0552559309876548,,0.2222023200321177,0.3555555555555556,0,4
-0.76893875101170617,0.63516243817281504,-0.072813970685059917,-0.63845720681014273,-0.76882485967387448,0.035787291314655939,-0.033250447587221087,0.07400683942592251,0.99670326349091354,14.382567613297187,8.009930463909388,0.068274150249105839,0.6941067916620764,0.6342521715514536,0.972972972972973,1,5
0.10843430984376326,-0.97699159066981034,-0.18365574374133423,0.9922561071213799,0.09511166232551134,0.079884851943309257,-0.060579025487649527,-0.1908957921227018,0.97973923991070966,-18.240426562663433,13.956051422632475,-3.8227980989793471,,0.1934131272176831,0.1904761904761905,0,4
-0.66711131518357869,0.74493386741978795,0.0060021933519855061,-0.74437495926896169,-0.66624880131741071,-0.044927216210727372,-0.029468850798226438,-0.034439336725783982,0.998972231305015,15.196827233120311,-5.2862054133391529,1.3690069718906261,,0.1329840184061687,0.2380952380952381,0,4
0.92022318754857668,-0.36089994640901701,-0.15146126164767262,0.38375619115323972,0.90804535152125532,0.16788336824175554,0.07694459597329889,-0.21261436513699508,0.97410197663689058,-3.4282227826901082,17.049063736685817,-2.4794120707210956,,0.1786818649922061,0.5625,0,5
-0.96832358779668792,-0.22464003445607431,-0.10902423692062725,0.22282865791885448,-0.97443560499510362,0.028681717659682287,-0.11268016030621128,0.0034794593547445886,0.9936252184983867,3.5706237194745403,18.155704387914273,-1.8324190196995689,0.7410872054048306,0.6576461100392421,0.8846153846153846,1,5
0.82955142053686903,-0.54540233302728003,-0.11991970569369829,0.5562513066289092,0.82598900089894567,0.091250502834740982,0.049284120758053308,-0.1424024772339369,0.98858110942842925,-14.333618297099822,16.222965699564888,-3.5395948837848792,0.2019276366983992,0.1708510356268853,0.3571428571428572,1,2
0.98025711924297987,-0.13238792825414905,-0.14686530095985606,0.17727927046330585,0.91740587875551116,0.35628431608594102,0.087567348009705212,-0.37528641072839691,0.92276327922449553,-3.5811660055189001,11.214615717093753,-2.2288575703272251,,0.5138552201345677,0.32,0,1
0.032574038098763157,0.99833530509344193,-0.047597800851783549,-0.99706761560077883,0.035758383181708715,0.067657283069958385,0.069246674736904976,0.045254354886748907,0.99657259715570479,-7.6408804335619687,6.9663265317722418,-2.4301567225717347,,0.06738776410400672,0.2772277227722773,0,5
-0.79780682856818175,-0.56247762121637546,-0.2170787643247192,0.59106805366920356,-0.80069674388027334,-0.097587295644603819,-0.11892358984524001,-0.20616413356909449,0.97126388268483721,-18.447660824409969,18.439422968987969,-4.0268108446807789,,0.1493156188074177,0.1578947368421053,0,1
-0.95761702239031821,-0.26731557695391761,-0.10729408532671139,0.26397718192206471,-0.96350360797790691,0.044461723291402695,-0.11526354954098254,0.014254112787204468,0.99323266882229755,10.449589999648991,10.0945185386218,-0.57188842175283328,0.6963819262375148,0.62274142119549,0.9541284403669725,1,5
0.92208809144050952,-0.34344413367814353,-0.17832464402226211,0.37097719134551027,0.91565625568293707,0.15475640513432309,0.11013389634891589,-0.2088534138355691,0.97172566931425308,-8.545705555199314,10.472031121327889,-2.724328913440222,,0.1703900498497746,0.5222222222222223,0,5
-0.18364712836431507,-0.92087182877607832,-0.34390232219359024,0.97837612770855475,-0.2050987107181981,0.026733342322804155,-0.095151904728997247,-0.33155632074858093,0.93862480320845432,7.0712608046847913,15.872106967086374,-1.2945000913096425,,0.1817500449907307,0.2,0,3
0.46837070682354875,0.8805697101061295,0.072290155852768101,-0.8733352563330784,0.44901832657613305,0.18885992810653696,0.13384472733449981,-0.15158999980993876,0.97933960448987112,10.346833182260189,-16.100380503284775,1.8331099330328222,,0.2841851889148415,0.25,0,2
-0.3713732615066565,0.92681327487602061,-0.055669149009966688,-0.92814605641564085,-0.36895365300587257,0.04917417913616523,0.02503594611757394,0.06993107640532556,0.99723760757143021,-12.696824913879091,5.199513886955125,-2.8860653614113159,,0.07503248195895265,0.2540540540540541,0,5
0.24666690152404117,0.96861104084730387,0.030791090289790747,-0.9654303596780619,0.24284618573357716,0.094709823601056842,0.08425948198523027,-0.053088432104913465,0.99502862173518636,-23.513137626347227,6.0938082479472939,-3.9158592528801774,,0.2394403928363735,0.2258064516129032,0,4
-0.9177543536544005,-0.36821210329275988,-0.14881798727680151,0.37820548775771895,-0.9246480014265297,-0.044572216546549102,-0.12119222490878792,-0.097190125252766754,0.98785956703117062,8.0475137888167723,-10.069786510269546,0.94085991947068504,,0.07465797312355434,0.3333333333333333,0,5
0.18063912580949021,0.96673443598767805,0.18109123806073352,-0.98014426677385547,0.16162840823990288,0.11486284847667887,0.081772382484090633,-0.19824426328502251,0.97673562929661473,-14.860991016928153,-7.3860147116200583,-1.8282793064436933,,0.1059416772066973,0.375,0,1
-0.5017049878151757,-0.84344050483325506,-0.192094299780079,0.8585993469498906,-0.51258214021568471,0.0081676770951095261,-0.10535305699692039,-0.16083427600649206,0.98134248305210536,13.28134044508684,-2.6229181740595133,0.84165910241649888,,0.1036269828493511,0.2222222222222222,0,2
-0.68054913380492943,0.73269873709282929,0.0023317675559751598,-0.73239257145783332,-0.68016532400310448,-0.031245052362503897,-0.021307222971196138,-0.02297156255735423,0.99950903425778526,-24.16966125575825,3.114894391096112,-3.7693338450890259,,0.4677928533953892,0.2291666666666667,0,1
-0.067022742138018579,-0.93717191699634783,-0.34236931817803273,0.99445822087832636,-0.090602221861502158,0.053329957071729023,-0.080998759026382566,-0.33689766307760194,0.93805072658627386,-2.2874012567956821,16.469594856792945,-2.3553012423596402,,0.212344952251487,0.2692307692307692,0,4
0.97694011086921717,-0.11196999149460556,-0.18179862700125232,0.16603842941911229,0.93372115414259316,0.317168797744449,0.13423583623934776,-0.34004047893055717,0.9307809693788337,-7.0362206300030143,13.807546400139174,-2.6985734486949897,,0.6533271050000077,0.2972972972972973,0,2
-0.76513282595664223,0.64172411118986605,0.052554008041054964,-0.64276873044143823,-0.75649549128260651,-0.12067696895343866,-0.037684450510844555,-0.12611398331138449,0.99129972531168975,0.22556600495747714,7.6481033678618813,-1.5748407716119777,0.6554511766893206,0.4340445293295242,0.3956043956043956,1,5
-0.51945404483955371,0.85304054630678017,-0.049893102293381411,-0.85448216763652662,-0.51819820683586115,0.036480729478467235,0.005265025262073105,0.061582828684046839,0.99808808965955575,11.134282387880614,-11.433211292841783,1.4463699299257167,,0.08371453755853281,0.3636363636363636,0,4
-0.98835298546682693,-0.10366922705212089,-0.11140497063069441,0.1083150847735586,-0.99344719342730092,-0.036476242705568263,-0.10689349151986247,-0.048118242214720386,0.99310544064407302,-8.8611559688661892,16.263846898535899,-3.0009319276695434,,0.08681706936178743,0.2592592592592592,0,1
0.48450662522369958,0.87254367665862753,-0.062616790379154422,-0.86850502858335554,0.48835636763458218,0.084894484604022422,0.10465345402693285,0.013251057082445257,0.99442046642576276,0.24611416430305563,12.941264943512177,-1.9008040757606104,,0.08015664524489197,0.3333333333333333,0,5
-0.65840402050039715,0.75071265518368213,-0.054172457355917102,-0.75246246295559316,-0.65818835343469273,0.024255581743812822,-0.017446708334679602,0.056732713226092628,0.99823695163938442,8.6154685368860893,-8.5510621446839874,0.85886842609599146,0.2372127674980709,0.2003849558739551,0.7536231884057971,1,5
-0.99123745693740728,-0.070577776851323534,-0.11165608527522625,0.073651882752525669,-0.99700364770845662,-0.023645858475466238,-0.10965265218530754,-0.031662341523619929,0.99346554645743579,2.6244569464987073,14.240066546434768,-1.6977484439466128,0.6008105256138472,0.5523155389092349,0.635593220338983,1,5
0.99009376593734144,0.1326492264619514,-0.046027354595500815,-0.11300463463447742,0.94738437458991231,0.29948756123420101,0.083332389880179714,-0.29131946296450412,0.95298934059879792,-12.24952608201726,-11.618177355196396,-1.1233103497219186,,0.2525227897978142,0.2692307692307692,0,3
-0.20448841536028389,-0.96391146315342002,-0.17046753117492219,0.97537094583958028,-0.21535352378242187,0.047690437264677338,-0.08268014269123089,-0.15651693517292911,0.98420853634208583,-12.095253540745107,10.996353386766438,-3.1095379133776517,,0.07120459231697182,0.2272727272727273,0,4
0.91783072236325713,-0.37888039285077135,-0.11847536874551796,0.39233878397867356,0.91124195888936788,0.12533304011952576,0.060473495618138598,-0.1615169968539289,0.98501533797957208,5.5619998425298274,-17.394720866483347,1.4302324144519245,,0.1187538107195635,0.2352941176470588,0,7
-0.26168537538150149,-0.93238280194118572,-0.24936534433586868,0.96106373231414577,-0.27548823421503277,0.021511281679312828,-0.08875396747101591,-0.23402680071604398,0.96817053756286486,-8.2528439251626882,-3.5320991121623675,-1.582050330993954,,0.0891367772355852,0.2080536912751678,0,5
-0.2905017577111666,0.94727990631477021,0.13516474340227924,-0.95640026942268075,-0.29189288257218954,-0.0098523982827865633,0.030120647651527777,-0.13213373602520728,0.99077415306873762,-28.043594314071076,2.1356274514046332,-4.0023643350355247,,0.2599773533169605,0.3333333333333333,0,2
-0.81975394005103408,0.57255037473327308,-0.013767576533122557,-0.57150656108842135,-0.81934796143818078,-0.045267744807808936,-0.037198500019399276,-0.029240151844459529,0.9988800153754307,1.3622703507578633,-13.703806798797116,0.58488654754620639,0.1205496829583251,0.1390628140318514,0.2758620689655172,1,5
0.53979544456818118,0.83984340995024886,-0.057305538882192669,-0.83471443804835244,0.54282426178133969,0.092701821638881104,0.10896185083350576,-0.0022062603387326069,0.99404348369588702,3.8376741684295799,7.9178953257151017,-1.1825564634745735,0.2444317415697637,0.2273252496806462,0.6625766871165644,1,5
0.60599250105133873,0.79520744210948913,-0.020450248977115778,-0.7902208269223413,0.60474304924407807,0.099181092397415155,0.091236688715195066,-0.043942785581449338,0.99485923538339249,-5.962466505605426,7.9532004989937342,-2.2750167228944531,0.1893203420329956,0.161118271797615,0.1041666666666667,1,5
0.39917954176957321,-0.90862669649278971,-0.12269156390410306,0.91668740474083499,0.39281873383558447,0.07333242350639961,-0.018436252931312614,-0.14174261451098333,0.9897318504572058,-9.64881359608348,7.5075137376997692,-2.7193900435164715,,0.0663596783366292,0.2236842105263158,0,5
-0.76356117077611718,-0.63116140364380779,-0.13641708482952075,0.63480707865741726,-0.77239908847336014,0.020484653083679093,-0.1182975543679662,-0.070957245408072522,0.99043967910956476,-12.702657623809943,-17.629549394940845,-0.53292955563986777,,0.1130340109463669,0.6842105263157895,0,1
-0.73184382929468972,0.68001292510579503,0.044576128278987402,-0.68140284570017662,-0.73113640129167456,-0.03361137572251216,0.0097350600915195509,-0.054972578576223972,0.9984404059380283,12.990226941588629,-10.993978566342417,1.6098834630908514,,0.4038823812727233,0.4545454545454545,0,3
-0.78174860655587686,-0.61269633894706843,-0.1160702907242189,0.6123316755532956,-0.78943043646466071,0.043005872823476857,-0.11797896109916765,-0.037453734447646832,0.9923095195118744,-14.99362312325867,10.92932412525035,-3.3798840113738526,0.1338570928361831,0.1112370448419481,0.4878048780487805,1,5
-0.068499017946351506,-0.98383240919080395,-0.16547409212986686,0.99522029254390221,-0.078957264663498616,0.057465813016849158,-0.069602110953725038,-0.16074682262077994,0.98453847317822407,-18.429288863415962,15.439721202833088,-3.9109241200940308,,0.1068151515827908,0.4782608695652174,0,2
-0.99569864423798038,0.059161871180335605,-0.071302754933369433,-0.055216855984837825,-0.99689798514719707,-0.0560848109973415,-0.074399655091918579,-0.051906456321918294,0.99587670477539714,2.1538096578482437,7.9215870057093198,-1.3398890012888409,0.2806501322221521,0.2765395626416446,0.2884615384615384,1,5
0.88528762359668944,0.45874742993865569,-0.076266762296596319,-0.44966638416086291,0.88624863470765236,0.11119127859017704,0.11860002724376828,-0.06414166355420875,0.99086824579975163,-26.89744630868433,3.9882688109888749,-4.127250095193614,,0.06342759680258975,0.3043478260869565,0,1
0.64282307444280096,0.76390212671300028,0.056850996185299478,-0.75724027209645994,0.62250621033719511,0.19766939167939898,0.11560997050075278,-0.17011630990290044,0.97861881027590925,-21.077584987270935,3.7780615530482149,-3.5946069047166223,,0.5072827264220702,0.303030303030303,0,2
-0.79187714216911453,0.60939412581382646,0.039615541567399624,-0.60933386325360139,-0.78416112540343552,-0.11748860582396307,-0.040531898580220591,-0.11717563240546065,0.99228374791077933,-8.2440778335315379,19.086127293865012,-3.0890855948460763,,0.2291872810983353,0.3333333333333333,0,1
-0.076697716557254755,0.9947006714481359,-0.068469222980339653,-0.99530710260964939,-0.072318842884128709,0.064294295693211045,0.059001964117208462,0.073079129609822102,0.99557933337619209,-9.9887636282019105,6.4266214330397178,-2.6798802316688062,,0.0795539990973532,0.261437908496732,0,2
-0.849236828468662,-0.5080537681825793,-0.14379908834193392,0.51101192921623839,-0.85937756160049283,0.018357963293614225,-0.13290454232714316,-0.057892791028534875,0.98943661109529379,-14.096560084965487,20.776863831779899,-3.7379500737538169,,0.1467977953898371,0.6388888888888888,1,3
-0.57235824641507749,-0.76855649332396292,-0.28587926530308472,0.81238189660679505,-0.57888538118007837,-0.070195224349965363,-0.11154233199195869,-0.27241995526313623,0.95569120334354185,10.600397292851518,-9.3496043081622418,1.1625939722940237,,0.4138003495111001,0.1578947368421053,0,5
-0.84166297310442872,-0.52589820077471594,-0.12261534213519083,0.52726863270592783,-0.84936954784434837,0.023646567596751249,-0.11658142506177635,-0.044748783409195116,0.99217252416803092,-16.524377108973347,7.5692081598788254,-3.3654810165480837,,0.08392182580899157,0.3442622950819672,0,5
-0.57184175312743502,-0.7997789936748636,-0.18262138608762818,0.81081478607425073,-0.58487015604951154,0.022500738787632625,-0.12480541680356284,-0.13520525817824094,0.98292580905043214,-3.3109673556826253,13.621669884746845,-2.3401681198260409,,0.09848879314899608,0.3333333333333333,0,5
-0.25800566248781992,-0.95714965058232171,-0.13152043382820813,0.96193797246009682,-0.26717887220099101,0.057365384935200901,-0.090046739327853689,-0.1117139053097036,0.98965225614701413,-14.398676167212708,18.681559277592903,-3.6585553598939793,0.4931891530757802,0.495995763731791,0.9297297297297298,1,5
-0.23670153695445556,0.96754321507514163,-0.088501465329440823,-0.97080621206434803,-0.23188880022319924,0.0613423422141572,0.038828868392886136,0.10043759900109583,0.99418539905101422,-0.77876915461469987,-7.651461912660479,-0.3505509361254302,,0.07161734256940668,0.2241379310344828,0,5
-0.68805484708423259,0.72310767545340149,-0.060793232388751582,-0.72534183446543676,-0.6878120914106759,0.028173570657405757,-0.021441795125623605,0.063480836554438813,0.99775269120766619,7.0073589192968031,-13.528401406609563,1.1919786210257328,0.143665732100567,0.08333720145795225,0.3461538461538461,1,5
-0.046883693696211856,-0.98375529371366144,-0.17328427902076582,0.99649247449089029,-0.058099337219355063,0.060226367130130423,-0.069315709247048593,-0.16985284544280824,0.98302865845638476,-16.487257756912353,-18.624281152744079,-0.85291127538861622,,0.09825640949101128,0.2352941176470588,0,1
-0.56276965502364307,-0.81277170723354619,-0.15064019153346195,0.81926724080666502,-0.57267034922461002,0.029152345703192209,-0.1099613728797758,-0.10700851853769136,0.98815872886635225,-29.395560614336333,1.3833063686300904,-4.0455418818851747,,0.1201524598150803,0.5625,0,1
-0.53908366416278231,0.83906595209860735,0.073192424892795982,-0.84224956831581443,-0.53726068551305339,-0.044346594839620952,0.0021136945508284624,-0.085552813109230172,0.99633139490053413,-6.7081937601507233,-6.3396046637522563,-1.1139276568609942,0.2667056037202735,0.2743331799212212,0.1636363636363636,1,4
-0.98346227937236508,0.14968806255123021,-0.10195797654608239,-0.14068784774487392,-0.98591665280993834,-0.090417272735703533,-0.11405645334056139,-0.074577728858597148,0.99067112999706719,4.4324741855278118,16.811468706741639,-1.6536733273484414,,0.4041588849273345,0.84,0,3
-0.56404417884237967,0.82552782673504854,-0.018920137423726759,-0.82574436677154484,-0.56387827102213373,0.01369438622752088,0.00063644252288349201,0.023347435730638345,0.99972720888536282,-1.856434905707349,7.0226354997868032,-1.7529778101098326,0.2290932421634266,0.1288373005941497,0.3103448275862069,1,4
-0.76715337013571594,-0.61576657328738804,-0.17974213170907063,0.62987788764836328,-0.77613536892586177,-0.029457354836300468,-0.12136537125988105,-0.13581390328027487,0.98327261241973318,-13.775999074903808,-6.6045660217982896,-1.8005073444930362,,0.09584922518411487,0.4,0,2
-0.23065777548725092,-0.96364475958024831,-0.13485461779560914,0.96908828075766973,-0.23997518277653923,0.057269675653978488,-0.087549384380578507,-0.11747633372255641,0.98920898515414313,-1.8717706442038573,-3.1431523172147444,-0.98573749861652959,,0.08385685693086502,0.4024390243902439,0,5
-0.90242458524515912,-0.3943848792242628,-0.1734659476219132,0.41936066081127366,-0.89637748843491516,-0.14368032012439066,-0.098825624759151742,-0.20240544771912408,0.97430258678943582,6.8585492866129893,-9.9778121420863126,0.79088490544714196,0.7485653696153561,0.2567815856405648,0.3181818181818182,1,5
-0.93510040886889723,-0.33804886930217698,-0.10634936434573258,0.33607650722622057,-0.9411271790931397,0.036499507706454708,-0.11242689457530096,-0.0016108183352232873,0.99365869323447542,2.6314101687359526,-11.04448097465138,0.45055972314002585,,0.08623531055137648,0.4347826086956522,0,5
-0.88202476154392373,-0.45560320188816877,-0.12024160034128419,0.45620553834329181,-0.88954833048307325,0.024088887888073479,-0.1179356892899337,-0.033607888419618162,0.99245235806444776,-7.3289788450316022,12.565892111359835,-2.6809101028739293,0.4758834981157461,0.4178309452244175,0.9734748010610079,1,5
-0.21645908928923988,-0.96592212748117778,-0.14191513769259406,0.97249638713462649,-0.2261323213775486,0.055811739253487334,-0.086001393443194019,-0.12593100043530242,0.9883041755730837,7.4325948358733411,-11.27734959758091,0.99779781727968164,0.2036164337342553,0.1527897120782482,0.4358974358974359,1,5
-0.98703771191983702,-0.11312982163988058,-0.11383408410393524,0.11043465120702692,-0.99343861063003303,0.029730703359525813,-0.1164506035228471,0.01677409804426434,0.99305482556300295,-4.7941434769979088,16.257043440881407,-2.5854058590927504,0.6312652852117906,0.4544860411693336,0.9565217391304348,1,5
-0.98613963325906961,-0.11578051339057217,-0.118842317524879,0.13494369693481928,-0.97642470045614416,-0.16847849416674429,-0.096534047740847756,-0.18218034212874232,0.97851494652285365,6.6501656414449091,11.473213272340031,-1.0600581069052395,,0.1053136485289451,0.5384615384615384,0,6
0.99489344534793822,-0.0014898540469265875,-0.10091983322731128,0.017604998203177374,0.98712452233802983,0.15898189028056814,0.099383582356320735,-0.15994673405179405,0.98210994589413925,-11.604800608520938,18.045155111820602,-3.3537962533568124,,0.08955119014983051,0.2727272727272727,0,2
0.44289014992032671,0.89580296940101645,-0.037220358889639309,-0.89098904679730662,0.44437816432714444,0.093094390574650063,0.099934146270324875,-0.0080676565098148183,0.99496134564497651,8.1904542672321874,12.857910840832483,-1.009001197392795,,0.1313194617384818,0.2941176470588235,0,5
0.0088742563115541771,0.99427264067136401,0.10650428905593844,-0.99520522880615481,-0.0015930879484687649,0.097795780214071856,0.09740533933931679,-0.10686149017855995,0.98949119338426239,0.15178178577372961,9.942457898622953,-1.7094859721135709,0.6164033306341261,0.418872491515744,0.2323232323232323,1,4
0.99249202887637966,-0.0512344073675964,-0.11106128091527175,0.062169592606479494,0.99330698688301666,0.097345629406403691,0.10533050067285399,-0.10351939582066591,0.98903448894208545,-1.7240251110814433,-13.343268441750434,0.20511465977271098,0.6964633945359133,0.3562451642174675,0.8833333333333333,1,6
-0.99252677926991784,-0.065876950795278277,-0.10271718349915933,0.063795596802148691,-0.99768810031941046,0.023421705952024786,-0.10402266224597961,0.016693766350405551,0.99443481631743791,1.5906280969610529,-10.946659288085842,0.2975582420820147,,0.08152634531360875,0.25,0,4
0.2638633579705964,0.96446481991732591,0.013555053018080743,-0.96035941669416292,0.26137818297222815,0.096908390931773725,0.089921738680532742,-0.038588296256487561,0.99520099693714814,8.53625760275213,-6.0721841557899277,0.59097685096622721,,0.07190334333421822,0.1290322580645161,0,5
0.025780405589088021,0.99786531686819069,0.06000150064129376,-0.99873199699520876,0.023113600385999883,0.044723144513306279,0.043240824062729104,-0.061078399362961069,0.99719589864060032,-3.7733843893293137,10.39382775188278,-2.1829576138255717,,0.4030660125183524,0.34375,0,4
-0.75507670238190971,0.65563452029815494,-0.0015966569668805575,-0.65397389271732775,-0.7533330546087762,-0.069335823914888295,-0.046661774121937623,-0.051309693306621426,0.99759209810852778,9.8312425008062139,-10.891045277990223,1.244337932507029,,0.4895187713340469,0.3684210526315789,0,5
-0.0081693095126198784,0.99564231750375054,-0.092895844782470607,-0.99793643396714349,-0.002200740496219549,0.06417188248921861,0.063687802152600642,0.093228388042645868,0.99360572236674538,-6.3021578483522189,3.7721840289018611,-2.0845722291948006,0.5927113198896494,0.5402620393989734,0.9796334012219959,1,5
-0.98120490363888746,-0.16680340279265043,-0.097023512056596276,0.16938100901350231,-0.98536924881345811,-0.018908127309989087,-0.092450045216708895,-0.034986687605369597,0.99510246750263587,16.158248517384624,2.6737483342483817,0.78450610617948302,,0.4710780059410185,0.86875,0,6
0.9930011155947327,0.030919824511027792,-0.11398573980908472,-0.018041481312258422,0.99350731563687655,0.11232861936331298,0.11671884757688686,-0.10948597274635632,0.98711171221504013,-12.709376083105157,9.9973773339753826,-3.1368045740530386,,0.1004970990549942,0.2407407407407407,0,4
0.14361958310173753,0.98958596199534243,-0.0096456814915546248,-0.98590048407219533,0.14391683182928872,0.085370844100497709,0.085869964806644342,-0.0027512429870269772,0.99630255435090231,-18.788300948286739,1.9616215817178617,-3.2397719341580333,,0.1332638163271261,0.2444444444444444,0,3
-0.49291166895978838,-0.85796242772650322,-0.14470162132097419,0.86360574943178636,-0.50268043623323966,0.038697397544541212,-0.10593958727329672,-0.1058907533168144,0.98871833815822341,-19.754196115673427,10.654756697498495,-3.799426538177074,,0.08972170041370142,0.3043478260869565,0,4
0.19723834694125983,0.96751062596601545,0.15817782126053304,-0.97538312552022999,0.17743676447656262,0.1309349191868884,0.098614364806895019,-0.18010936470638816,0.97869087244072872,-18.541061492143626,16.760397669425124,-3.9736519591360158,,0.3660903719288507,0.2,0,2
0.82757091684546036,-0.54850223640452778,-0.11946411281551282,0.5595786642684778,0.82299209798071926,0.097753389490094988,0.044700068088004218,-0.14774743084239261,0.98801447387799024,-23.160630081958345,2.2508031384683176,-3.6093854368789375,0.1915991245986758,0.1685986686416131,0.7378640776699029,1,3
-0.58773187735280974,0.80817940773216801,-0.037646849284175034,-0.80904558749042577,-0.58732132509501012,0.022336034807330828,-0.0040592740255600938,0.043585616966209162,0.99904144873376566,9.8518938791506461,3.6914763239940638,-0.11905635976163376,,0.0822815599550392,0.2424242424242424,0,5
-0.75903804750305837,-0.64134520639713244,-0.11197128504292722,0.6407032576805517,-0.76638370003106815,0.046425854049417736,-0.11558796667591897,-0.036501377482349114,0.99262635034620017,-2.9084600361244828,-5.7515925610352578,-0.77829315930750365,0.1376120963793434,0.1032218780121475,0.4090909090909091,1,5
-0.9818781004495063,-0.13629696528958238,-0.13167586381155916,0.15266583565553962,-0.98053765127036163,-0.1234465757516118,-0.112287748580447,-0.14131189509044534,0.98357633655181109,11.312220530477068,-0.0094106945844491651,0.38135564703735542,0.5133488433562264,0.1804704576246741,0.3157894736842105,1,6
-0.66729520298058354,-0.73633027874335599,-0.11195906700591722,0.73765496465584857,-0.67415220233161544,0.037201629131169506,-0.1028701375408929,-0.057762692952859442,0.99301621643614335,6.9203847719702081,-6.0186026164318704,0.36941871760470146,0.9134679547678468,0.905492026723471,0.974757281553398,1,5
-0.9426241370656927,0.33130416939373125,-0.041198101454896066,-0.32781220584784004,-0.941859844578389,-0.07375087028602488,-0.063236808255409407,-0.056014109946535377,0.99642537380807683,-20.697608096097138,9.322717126113508,-3.8649490557273052,0.194614219241567,0.3441208472163398,0.3636363636363636,1,5
-0.99662807534573561,0.0046690771734839666,-0.081918735042745813,0.0090536723534417173,-0.98602563466082938,-0.16634746408835199,-0.08155066185857765,-0.16652821835970347,0.98265855821865766,12.527145350241602,3.2523624051279079,0.24963796876561656,,0.4556035488586108,0.1956521739130435,0,5
