axis_00,axis_01,axis_02,axis_10,axis_11,axis_12,axis_20,axis_21,axis_22,location_x,location_y,location_z,dbh,dbh_approximation,score,reconstructed,number_clusters
0.035533276511287161,0.96582626921788095,-0.25674306991434193,-0.97368909421934369,0.091322424440728092,0.20878161459424563,0.22509316750777886,0.24256923235013905,0.94365949020734075,0.76849662183249534,9.1708400390462739,-2.8991178453015642,,0.07718912829260163,0.3888888888888889,0,5
-0.92389994481159765,-0.2035035183938709,-0.32402964367236931,0.17730110243130168,-0.97812775511145245,0.10876770548869809,-0.33907699870939673,0.043039664054759279,0.9397735771260447,-5.0184028550287154,21.481437935328916,-6.9343666520416587,,0.2135306688396205,0.32,0,3
-0.94734413515933213,-0.049860709367077441,-0.31631155407387151,0.04198164009511883,-0.99861601283144896,0.031679659271243818,-0.31745335322554058,0.016732261593401725,0.94812625738760614,-26.11878382735755,-22.683763040429,-4.98980759309954,,0.1794952748821612,0.3448275862068966,0,1
-0.65301152324715739,-0.68536834906147914,-0.32225172863953866,0.66776992369583577,-0.7217901190873629,0.18194052048707884,-0.35729438774445638,-0.096380755820827904,0.92900563528631042,9.8903181931117246,-1.2036176127596885,1.5603246622029308,0.2719522066288645,0.2153371829021754,0.4907407407407408,1,5
-0.1640237419154946,-0.81485896682545489,-0.55596859288290068,0.9468199585739242,-0.28820424648582937,0.14307438049353438,-0.27681795124975656,-0.50293456482100007,0.81879707215780861,-8.5608034153228889,9.3512432918660409,-5.6096159921541879,,0.3749845790811638,0.3060109289617486,0,2
-0.71480800344491402,0.64755291641258639,-0.26405442366423015,-0.6887120888373498,-0.71737235331018701,0.10513118184200725,-0.12134733989828028,0.25700608388082402,0.95876102129146501,24.657859794326832,-0.27360074103173654,5.0933197480332266,,0.208533088426604,0.2173913043478261,0,4
-0.53225280382612605,0.8132201651069042,-0.23532937743241281,-0.84657283185931465,-0.50974952911853777,0.15319875300122363,0.0046252758758958254,0.2807639233002146,0.95976571422204049,-9.0631462047109057,19.940845397248943,-7.8734277106962987,,0.277131645665279,0.6140350877192983,0,5
-0.8717455111978909,-0.34957331369396072,-0.34330491120773649,0.33548981919332227,-0.93653447052408356,0.10173380331928392,-0.35708030598726664,-0.026489316208588295,0.93369800856746066,-4.310240502824735,3.473619330829314,-3.1950371095834775,,0.07929057136160067,0.2745098039215687,0,5
-0.8159867710005132,0.50271410824815044,-0.28538415323984279,-0.56060730100381007,-0.8086077694177396,0.17852991149521771,-0.14101433832550009,0.3056664859050362,0.94163844217464221,13.832069057188443,-3.1930657156128359,2.774212322686433,0.2278757672937793,0.2094902603715771,0.7321428571428571,1,5
-0.92515575529089589,-0.18100750666554929,-0.33365118159966789,0.16032119925054544,-0.98306462280627782,0.088775336989610695,-0.34406967539002953,0.028639656378406729,0.93850723415407289,7.1003838057627977,12.950926056557616,-1.8001849430966732,,0.1779878133716014,0.4545454545454545,0,3
-0.87520404088272441,-0.34822429980502939,-0.33579416887112079,0.33021524892042758,-0.93731500792047662,0.11134839607042503,-0.35351913131112145,-0.013431788873159238,0.93533085635228386,-5.1538135960457225,13.94605223633766,-5.5735977670638803,,0.08755093460661903,0.45,0,5
-0.7933693302550815,0.53661067764072024,-0.28742666273776674,-0.5953373466115871,-0.78250009270772858,0.18239256739755236,-0.12703759105114421,0.31582049577942656,0.94027595146614229,-2.9613171851304592,3.3055872899463243,-2.7807236064879488,,0.09184451633134544,0.4821428571428572,0,4
-0.12258812944905505,-0.91962973534622794,-0.37316658530100061,0.95921466646372022,-0.20628866661186807,0.19326719760060546,-0.25471429908639909,-0.33425459741718566,0.90741087162673995,-6.8246289747049742,12.144328428794699,-5.6041099473907554,0.3922452546017439,0.1777310106303457,0.2151898734177215,1,4
0.9324515418782281,-0.18237709914445832,-0.31188574150891796,0.26677543353791994,0.92970321892333796,0.2539346230513651,0.24364931789268365,-0.31998518470584919,0.91555692966586943,-5.2012706750785354,15.336420575538083,-5.7879851868406611,,0.08925306512206262,0.3636363636363636,0,5
-0.24488194174852271,0.92960214433473531,-0.27544997341393351,-0.96065852267023832,-0.19424388572723847,0.19850570691700514,0.13102685765334335,0.31322382748738498,0.94059704255735632,3.2516670736599766,14.387295352379581,-3.1272951889459595,,0.1067670372246056,0.4230769230769231,0,5
-0.89727806172971092,0.35485259205748537,-0.26262467105863518,-0.39073578648100243,-0.91523545543054829,0.098334156252589455,-0.20546928018963082,0.19084993851956039,0.95987430211743585,-6.4457143562031565,9.8958660847276718,-5.0258565461295071,,0.1223960984341383,0.3515625,1,4
-0.88396125908133283,-0.34174636901375605,-0.31909545861584987,0.30458367383066587,-0.93868440435170764,0.16155610376180526,-0.3547411423547604,0.045618069805662971,0.93385101254324632,1.1556019677180756,4.4528730588688923,-1.8458394354434575,0.4069649784554399,0.289725945731847,0.8386308068459658,1,5
0.94368187431591943,-0.048480467319182735,-0.32728300349408063,0.18557575928425968,0.89650863266775549,0.40228585498158054,0.27390903171247055,-0.44036566151404716,0.85501574634952304,19.018918375045388,6.8055533044298988,2.5841087271114533,,0.3307633237328138,0.3333333333333333,0,4
-0.32891721752136344,0.92467053069851757,-0.19182771873669485,-0.94073057949905792,-0.30303369117256485,0.15230416543777081,0.082700911804945182,0.23055366332385846,0.96953884270542678,5.519686417645925,6.3749719056647045,-1.1424402855048501,0.6546942041726883,0.4986351699164093,0.2083333333333333,1,5
-0.89246557352315525,0.42337762852409427,-0.15574525270870904,-0.4229411891269535,-0.90537676638499776,-0.037598689207520235,-0.15692657714951966,0.032315546654190848,0.98708143272405691,-4.66967614707628,17.281640375744452,-5.9927777424576476,,0.5285395964529375,0.2592592592592592,0,3
0.10365625436542429,-0.83193561808368255,-0.54510412610312442,0.98719067505549152,0.019224543084053913,0.15838241072382775,-0.12128459100154616,-0.55453903767627566,0.82327182854671832,7.3290088056013714,-11.085821679638933,2.3626335010280708,,0.2743368385389561,0.3260869565217391,0,2
-0.78809714060659741,0.54946893497594418,-0.27746492834970832,-0.60321659644226122,-0.77917894098584028,0.17032297467106561,-0.12260764553779258,0.30160249902908337,0.9455174762187597,2.7841422063901895,7.207084775224974,-2.0431046113576441,0.169106636824843,0.1176212534226323,0.5384615384615384,1,5
-0.21635974500362673,-0.91356670943608631,-0.3443607529206672,0.93749486980664543,-0.2928750716712436,0.18795627544667654,-0.27256527627008648,-0.28217026739840462,0.91983047914717742,19.172664841625568,-8.6780487795602532,5.1165818795637961,0.4398484352642986,0.4810767759055243,0.7213114754098361,1,5
-0.14415536500266524,-0.92289071179731419,-0.3570601697462128,0.95389553076067146,-0.22559132190237954,0.19796937105813431,-0.26325376946164447,-0.31205975318932583,0.91286152471426441,-0.17575112511152627,-11.046123522377954,0.4260074285983978,,0.1229078127908194,0.34375,0,5
0.93735422033925431,0.19015946902790015,-0.2919014250585566,-0.10363888128427579,0.95216237721594954,0.2874818075993954,0.33260494268476054,-0.23921994848569605,0.91222133736729072,15.41297996471349,10.783781988553077,0.9685429633171545,0.2052532123051376,0.1636386065246753,0.2105263157894737,1,5
-0.56982669076053905,-0.70019563191021406,-0.43014371964582981,0.74339297982533015,-0.66231217843781431,0.093324465384882385,-0.35023480701282439,-0.26658705022340068,0.89792367415603702,22.448665344418139,-11.786451056460297,6.3209950981420393,,0.4708290873286384,0.2903225806451613,0,4
-0.66199608952852795,0.70197898951859106,-0.26265314717968996,-0.74790095003867052,-0.64161912188611692,0.17020302982421537,-0.049044330765052456,0.3091122784758748,0.94976010282347734,-5.5163996928522527,5.8364479340374196,-3.9578608598077714,0.1443158468649424,0.1232472824486687,0.6601671309192201,1,5
-0.058204070445464266,0.95626786980037892,-0.286642717282379,-0.97899625041073046,0.0015236499243721029,0.20387255865525114,0.19539352053051878,0.29248835819285934,0.93609397629529489,7.6293322776738437,8.7516867437295183,-0.87787433047224994,0.325910957940893,0.2888009175827388,0.8173076923076923,1,5
-0.6013828689208145,-0.72924895028964209,-0.32639640541835807,0.71914665153452562,-0.67206139333760373,0.17652642060552237,-0.34809012993081223,-0.12856691676544635,0.92860314955215206,2.5399841827074319,9.9418882140479372,-2.4770143598277166,0.6825014971077121,0.3465966197956999,0.935672514619883,1,5
-0.83898685603790346,0.51252479270529872,-0.18280971598365467,-0.51761680405604416,-0.8553187927830519,-0.022418895399840152,-0.167850825301637,0.075816222370497982,0.98289267006679137,-26.664745716809431,-20.501706946303514,-5.4115946110742845,,0.4874016171605607,0.3877551020408163,0,2
-0.94238508951378053,-0.12121739529818228,-0.31179590462228374,0.081318996573132685,-0.98709224145700059,0.1379714740507374,-0.32449586108060441,0.10466732982415609,0.94007828727667064,-26.370509705507587,-29.697493247936116,-3.8659224247234221,,0.607468001698377,0.25,0,1
-0.024011666224259601,0.99672447210414616,-0.077225427119864742,-0.97760157812934434,-0.0072540776602096971,0.21033909003396048,0.20908991923129536,0.08054629144790236,0.9745735993806931,15.768279721023164,-15.055738013346872,5.2552610932452479,,0.3148384180733862,0.3333333333333333,0,2
0.34702233685934486,0.90543025865279525,-0.24448219656370115,-0.88683995065951027,0.40160555014382554,0.22853420752244785,0.30510719367939754,0.13751010439094302,0.9423378224158655,25.799461745966198,-2.6203700843883655,5.7424237394633559,0.2773523341766578,0.2662916937381977,0.2857142857142857,1,5
-0.76237975159885485,-0.56962647894144747,-0.30708759147975595,0.53400069700907948,-0.82180840922556608,0.1986811367995511,-0.36554120143410096,-0.01251451217240934,0.93071102767679781,0.26486527841609375,24.805116666902638,-6.1029512896345599,,0.07912710295317119,0.3571428571428572,0,1
-0.86791427369270213,-0.38669470478117279,-0.31175634526769624,0.34529727390303855,-0.92088368988514224,0.18095033113717976,-0.35706386845436971,0.049400759080469356,0.93277272625579821,-1.1560374581076873,9.072063360986629,-3.4128171888099015,0.1585670043679758,0.1201846019745499,0.5819672131147541,1,5
0.6410943114012021,-0.69123603876389061,-0.33345287913440652,0.76643793050288489,0.59908795801853865,0.2316603488809286,0.039635622556920304,-0.40408706644878406,0.91386140095385504,-0.26263603779656408,6.4957574653758261,-2.658819818611144,0.1876580435792107,0.1029863078796845,0.2682926829268293,1,5
-0.86930571168183446,-0.38073945381179075,-0.31519049469874377,0.34163625292135497,-0.92367435032009326,0.17352338531336198,-0.35720057436571334,0.043164370397966216,0.93302978880684817,2.5268556438677683,-7.5707217153317563,0.60383714529182064,,0.1337858468730054,0.26,0,5
-0.37333715620436436,-0.86715795005901963,-0.32963078959144249,0.87356953863311049,-0.44820775030650151,0.18969995713631582,-0.31224290059114751,-0.21713337425330231,0.92485537724327638,-2.0766641552734209,12.818079393360662,-4.377558562020865,0.3733861835601116,0.3056795728292467,0.8823529411764706,1,5
-0.95056157862203716,-0.021909269292336976,-0.30976227847602289,-0.023048218671564164,-0.98977912546297009,0.14073401299553123,-0.30967961648072512,0.14091581428936364,0.94034103835763627,12.260755844616005,-1.7259685841486347,2.1970344109868751,0.1840070574168472,0.1173726535255112,0.3421052631578947,1,5
-0.43711380119710541,-0.74605159973203405,-0.50233309202190668,0.8254706941636778,-0.5545382178735585,0.1052876915624638,-0.35711294835101176,-0.36863854309457333,0.85824004023650469,-7.4448159991381972,7.0664341311678003,-4.7160102253655234,,0.4681316783649789,0.2912087912087912,0,3
-0.39562540491786163,-0.8159099818313682,-0.42162950623920525,0.85680575147746352,-0.49320224194752038,0.15045083174605559,-0.33070295314484022,-0.30173241470859175,0.89419970179787334,15.964550463243569,-1.4445799544848581,3.1511504696023414,,0.1545831591495866,0.3333333333333333,0,6
-0.34236399989958993,-0.86763188235946143,-0.36055763517935746,0.88885318752459552,-0.42345888504230167,0.1749930961669523,-0.30451092361378279,-0.26057146695697081,0.91617444190927577,-1.9074711237551012,4.6616074092761446,-2.6869293592264825,,0.07577933335454934,0.2727272727272727,0,3
-0.83717266030004545,0.46917809556333395,-0.28109402606549172,-0.52176264568991437,-0.83922452533325409,0.1531859577175235,-0.16402950468987262,0.2749074584705502,0.94737543290316406,-10.601785939085696,20.1551255103955,-8.3021598267086603,0.4341399317724884,0.3013875791306979,0.4117647058823529,1,5
0.859596548653768,-0.31271032772539947,-0.40411140107203547,0.48045437980421973,0.76387169022164569,0.43088702673075302,0.17394643563313633,-0.56454609361131824,0.80686451509452806,5.5955115577285754,10.528557717507081,-1.6975727914473646,,0.5034809012925202,0.2413793103448276,0,1
-0.27733461614421923,0.92341109703584667,-0.26532519020853285,-0.95394030883342984,-0.23177663248565714,0.19046647950857537,0.11438268169141888,0.30592734187166765,0.94515875048820086,12.608245202538999,-0.36336295973582838,2.0619312039216253,0.1795287878054231,0.1442054128456196,0.3902439024390244,1,5
0.85148839965895629,-0.33207812128407604,-0.40582216131042997,0.49602302022133415,0.76110731002530285,0.41794356800476545,0.17008429867784988,-0.55717123399408064,0.81279243805093193,-2.1602290280593048,-5.816057711078134,-0.83856177573720725,,0.3499479128286933,0.2678571428571428,0,3
-0.91642024648291898,0.29050628924516886,-0.27528172432108333,-0.32493565787408646,-0.94163211831995552,0.0880100675502999,-0.23364663506697742,0.17010305599040826,0.9573265901794451,1.5955229424321473,3.5007865432224272,-1.5139472849829463,,0.07808115661644495,0.2293577981651376,0,5
0.72625489596488169,0.62842183504543048,-0.27863923507857402,-0.5843319410670349,0.7778556209873746,0.23129378622690494,0.36209116080880832,-0.0051604395626474019,0.93212840377688866,8.922190750671664,-8.1436146226053925,2.3635542606076112,0.1265525905585555,0.1099490848221965,0.52,1,5
0.81899841868330592,0.54963809750624715,-0.16474086306669025,-0.44253628490358504,0.78780915938583018,0.4283904351541063,0.36524406461704162,-0.27794727945692282,0.88844925747310854,-0.33775689754244687,12.561635304451839,-3.9138845965180034,,0.1209180164740893,0.3555555555555556,0,5
0.38232199776517922,-0.8648538404342303,-0.32535784101663306,0.92059221562637017,0.32616591098345282,0.21476911100170992,-0.079623253845674785,-0.38163285130933983,0.92087811584841683,15.947931699894598,1.7087608113216506,2.5760286135511929,0.3897579111407899,0.3337374964899436,0.8548387096774194,1,5
0.63811254376875559,0.7619610249667137,-0.11057928339721582,-0.69713715425267453,0.63274576529636395,0.33709432605726242,0.32682131149215021,-0.13801519094357897,0.93495435044891739,7.8755647836608249,19.645198200730636,-2.8580328866214204,,0.4545160253163799,0.5652173913043478,0,4
-0.88011289890439659,0.38158684604675674,-0.2824761301529517,-0.43210970159278489,-0.89030784314521627,0.14364243879684843,-0.19667864899752824,0.24848223952266829,0.94845879492485363,-3.5032249160704017,13.173646916072695,-4.8994707692357764,,0.1049820031955364,0.360655737704918,0,5
0.92803160223124892,-0.17740387616933528,-0.32754421072611911,0.27143069427920508,0.92426250360458517,0.26844776518662433,0.25511315815380797,-0.33803356216606578,0.9058976693788936,1.5915767394017135,-4.8731651062620243,-0.0056250859973419149,0.3100210625378164,0.2969937374993595,0.6395348837209303,1,5
-0.87957021860354279,-0.36284882521498413,-0.30772871264446822,0.31668878900524444,-0.92920939745609954,0.19046812488619594,-0.35505554701216474,0.070075856893638641,0.93221506789823694,-4.1887470839006538,10.604813634632217,-4.5307638160038728,,0.08503610247478037,0.4354838709677419,0,5
-0.88124895360073352,-0.26170172448774248,-0.39358923915391125,0.31170754671358791,-0.94776041714305603,-0.067739183775843259,-0.3553008402739985,-0.18237982096976316,0.91678727838230212,-18.064270805670478,28.223778681250678,-12.221402830175707,,0.7687395978989786,0.3947368421052632,0,1
0.88045721268723665,-0.30425477755423697,-0.36362635625383971,0.43396829635240147,0.82604917513568876,0.35960294495268302,0.19096233761665343,-0.47441731691947131,0.8593378817548506,-8.7355582771658327,15.872400613899604,-6.953821490744982,,0.2517231892005835,0.2352941176470588,0,1
-0.50813666665168689,-0.74776544781721133,-0.42736865006085384,0.79503293914712458,-0.59807158925228465,0.10115829081360277,-0.33123972236915594,-0.28836991725901384,0.89840026555251673,-7.3333122761798784,16.7222361253489,-6.6412212268307469,,0.2671346671669597,0.2758620689655172,0,5
0.82388587591478035,0.51236807711046117,-0.24226228973215,-0.43351602080852963,0.8450615837086225,0.31294532979773559,0.36506975110309264,-0.15280665331720239,0.91835407307395489,-8.1757253102465484,22.789892245013938,-8.1418516536272225,,0.3051923313508372,0.4814814814814815,0,3
-0.9172575306833094,0.3376192328038215,-0.21130990522386087,-0.32775598567784847,-0.94126839115811767,-0.081177765791817069,-0.22630650953319942,-0.0052028307264509466,0.97404224461536182,6.9412193234603698,2.453900483895457,0.059473333690641991,,0.741672524673833,0.2210884353741497,0,1
0.92408991657392403,-0.22607946151613445,-0.30813293100052175,0.30206895242455045,0.92598699650245098,0.22650039798972499,0.23411999928996302,-0.30238412555711947,0.92398683245137392,-7.5226211607368825,13.948004349066979,-6.1995693094658062,,0.3334811463524194,0.8192771084337349,1,5
0.88256178833793419,0.38736145766445684,-0.26652540382075091,-0.30833403733768178,0.9047346554284682,0.2939138048574369,0.35498564926598392,-0.17721823941907802,0.91792095761694537,10.915400174684798,0.16644751446474748,1.5765748897363132,,0.4296757418929639,0.125,0,1
0.10786949779566438,0.99349692796527578,0.036442085133409352,-0.96321795880197114,0.095366679899233961,0.25122969610768758,0.24612057062885889,-0.062201692007183854,0.96724123889791247,7.5701991061440719,-8.0678439806960771,1.8957665778542769,,0.4712477349245449,0.1346153846153846,0,2
-0.93481218544090383,-0.13595993131669726,-0.3280869930789081,0.1262927084149994,-0.99069639160965606,0.050703170046949547,-0.33192819969445864,0.0059629462487021433,0.94328580691094377,-29.784060477028081,-21.48036833598945,-6.2336109272717248,,0.5036212255944574,0.2941176470588235,0,1
0.33376914041725558,-0.85233877502982103,-0.40263727284715134,0.93757646951073792,0.25588791931197585,0.23552438635939352,-0.097716552972909779,-0.45611400475194003,0.88454027039148464,-12.00917426276591,-19.526674627935172,-1.3462100220005373,,0.1503357973104776,0.3333333333333333,0,1
0.94876426522490798,0.10634748048338878,-0.29755097450197537,-0.031076452623442202,0.96850130445622873,0.24706168735545683,0.31445289492161294,-0.22515647150685622,0.92218433093064356,-3.6516492639652056,14.815126560398999,-5.1913889724222839,,0.2548173434884738,0.794392523364486,1,5
0.61969673931311453,0.75265565604870865,-0.22245317417960306,-0.69812304684735693,0.6581279109851178,0.28194301594990206,0.35860864845295587,-0.019419479917129469,0.93328598031605048,1.4831161797946395,13.445470129039334,-3.5160937605218945,0.1437394368319448,0.1699040743403485,0.2884615384615384,1,5
-0.38149352644106732,0.89169235837261906,-0.24361327407068073,-0.92083941654213353,-0.34358356039723231,0.18440473412335656,0.080730776200300267,0.29467791747031108,0.95218037510203868,10.659771023961186,-10.53534594119032,3.1828032313132839,0.1922901385402862,0.1508629388130772,0.1818181818181818,1,5
-0.58226123688313292,-0.73171291879101452,-0.35435583316443187,0.73341478698644214,-0.66082243971502175,0.15942538505118428,-0.35081990002415248,-0.16706258600722274,0.92142036557893781,-12.29165445379674,21.14456337742666,-9.020964158609118,,0.1000047942438295,0.2857142857142857,0,1
0.02748494657332318,0.99945032734752015,0.018537013696821154,-0.97495802387340913,0.022708271740377935,0.22122654921916893,0.22068400349077813,-0.02415321012825658,0.97504625174592718,-5.3193701060238832,10.455808064239829,-4.8718450624861607,,0.1699206715115381,0.2857142857142857,0,4
0.79188342092081576,-0.49318661583679951,-0.36012165948494596,0.59751547441356645,0.74750815860803221,0.2901840978598923,0.12607896536328578,-0.44497024032386057,0.88662595254089493,3.2597457418274498,20.278898341987421,-4.3326134085461137,,0.1021004513976331,0.3333333333333333,0,4
0.44046798093899481,-0.77697219367199144,-0.44978013298506031,0.89163170038234296,0.32011898031907632,0.32018236883495937,-0.10478963994983698,-0.54206830630466496,0.83377519911495024,-4.4350729292672035,-7.9035991776396273,-1.2834380112179715,,0.5994871493250603,0.3421052631578947,0,2
-0.94868472110679303,0.084412576391529645,-0.30474877667592465,-0.14363760886357432,-0.97358750231380398,0.17747003312764031,-0.28171889758850621,0.21213649446833777,0.93575240873652243,11.573479972237639,2.2552175011962041,1.3028535173076716,0.167387164363789,0.1937378291107602,0.4705882352941176,1,5
0.67118441915247407,0.7215119736467478,-0.17009393690349761,-0.65835459830357546,0.68564874357462835,0.31057209038655009,0.34070617602194109,-0.096469022587090267,0.93520747928018511,14.514245568293406,14.051464395911214,0.17404064058331573,,0.2919024765636922,0.1333333333333333,0,4
0.95241893495860119,0.070177369374092857,-0.29660294867053422,0.038605199436471109,0.93751914143944737,0.34578533515912929,0.30233724697561448,-0.34078291662343235,0.89020177085244712,19.466222160909364,0.65156042832184435,3.7301383656500464,,0.5112536654118611,0.375,0,3
0.14460185524815911,0.97531251684927966,-0.16690056301855999,-0.95473787805578214,0.18183387928434783,0.23539758824156631,0.25993439107653915,0.12530736140198276,0.9574613190694129,11.068975400596313,-1.9087399916971701,1.9134410675013362,,0.1498769204388939,0.1052631578947368,0,5
0.54037600920717799,0.81339836020728695,-0.21535291102147,-0.76757371039517797,0.58138109828847129,0.26986407256815526,0.34470910603507926,0.019471162394376337,0.93850759509527093,-12.394073320150399,17.474513440941291,-8.3672595795863671,,0.1640895970384294,0.2173913043478261,0,1
-0.50304836723409652,0.82534159596607226,-0.2564246286753406,-0.86360875969580642,-0.46853506902695324,0.18615799544628422,0.033500005966869376,0.31509703118259424,0.9484680334835407,-7.0840910232124283,18.889588579600623,-6.985855683306613,,0.1596846909339379,0.5217391304347826,0,2
-0.86716275427331402,-0.31721360123871567,-0.38393266179147123,0.34595272742301092,-0.93823150801858746,-0.00619255599459086,-0.35825335726228591,-0.13819250540579711,0.92334032916361275,-27.039236027602858,-28.384423103686636,-4.3344554127902288,,0.3626468814750565,0.2352941176470588,0,1
-0.89423879627213398,0.36730905396824887,-0.25577535869335183,-0.40465007376682693,-0.90767935172761394,0.11124977414735611,-0.19129896247043301,0.20298338188208015,0.96031372667344894,31.638562614481664,0.33042435212572452,7.0001206641344949,,0.3732028454230082,0.6666666666666666,0,4
0.38439873503479133,-0.84684108238260591,-0.3675565176849786,0.91968428099043331,0.31673449879735122,0.23207774682355789,-0.080115140908326679,-0.42724634399915751,0.90057877264378794,14.215461068855795,7.3163966858257652,1.1543700831903323,0.3229954975710288,0.2259116499239827,0.3571428571428572,1,4
-0.53810390173719724,0.83783912203877875,-0.092031497415252142,-0.84281453477563728,-0.53350079271866169,0.070996930493409563,0.010385129085923994,0.11576920898860921,0.99322184799974123,1.0022208681515514,6.3540580264931359,-2.2087969717644298,,0.1989004345091588,0.2549019607843137,0,1
-0.95036394029413485,0.096658734207614491,-0.29574561719489323,-0.08276124432637684,-0.9948103690718082,-0.059185353126957232,-0.29993158790990382,-0.031771350122313288,0.95343149931458082,-1.9551324156367309,15.853436041350289,-4.9805201775671772,,0.6282954834848152,0.5,0,3
0.72071691867517551,0.63700512459305059,-0.27348051919204902,-0.59085719215356447,0.77079304148649996,0.23825588277395535,0.36256709946679722,-0.010127114010565822,0.93190264510089837,8.8990502983838162,-13.906131861142745,3.2270124590493485,,0.1022318404402005,0.1578947368421053,0,4
0.85704876338329816,-0.31648631400119837,-0.40657573738861158,0.47033833866561336,0.80274192159983104,0.36658867206650053,0.21035509113028159,-0.50541252493002609,0.83684461836079571,-5.7364287594678078,17.812152115882249,-6.4602835302816093,,0.2310809715642409,0.4166666666666667,0,2
0.58632501975922091,-0.64472378604053604,-0.49046326153740344,0.81000507462480198,0.47461027284581558,0.34443703051688634,0.010712156011709103,-0.59922977948594869,0.80050541602840108,7.0234575892448676,15.903027220198437,-2.2725451699297907,,0.166802255599986,0.5555555555555556,0,2
0.93214545734025123,-0.1912475872292167,-0.30745602407326106,0.26706145991887292,0.93653242705324302,0.22712373214563686,0.24450567066212339,-0.29382200982357648,0.92405930738091713,-12.397995057698024,23.085063813322645,-9.442760336803266,,0.1762275154640967,0.5,0,1
-0.58545680273346301,-0.61139730898612465,-0.53238488210845702,0.73065835918309674,-0.68245745427786753,-0.019753107513414397,-0.35125303456194507,-0.40055605558410567,0.84627191377590172,23.456959272847701,-11.666460394354953,6.5198553238579517,,0.2893580324047834,0.2352941176470588,0,1
-0.68663558480533926,-0.58755167218240856,-0.42815255014385378,0.6438449742779182,-0.76496241701671153,0.017208999070759769,-0.3376317857905215,-0.26384755649352903,0.90354260782560625,7.647836377588809,-10.130324868982587,2.3617592640546916,,0.3564070421174927,0.3148148148148148,0,3
-0.72166603411658747,-0.54836992455621214,-0.42247906580640143,0.57645541800802524,-0.81396551527160232,0.071828204751525945,-0.3832718177111753,-0.19170437081832128,0.90352207939680285,0.74874550404570916,-13.089732520833007,0.92057574590202962,0.4482671058809566,0.2880529611994163,0.2727272727272727,1,4
0.6287670856919807,-0.70082181107227504,-0.33689871040980485,0.77753143362084309,0.57212601179529909,0.26099175534625912,0.0098398009090436157,-0.4260523626886506,0.90464499256088793,-5.0004923913301109,-4.7856976954678263,-1.820720270093936,0.2307927199160052,0.2485346922112496,0.2317880794701987,1,2
0.94754288569638434,-0.088058569307835774,-0.30725912213899609,0.16950222659699346,0.9534318724851617,0.24947276345946112,0.27098242552761775,-0.28846724753582653,0.91834371133812098,13.332996231681651,28.809462197001587,-3.0975577903112095,,0.402808028742149,0.4761904761904762,0,1
0.42174997975824119,0.88445524194913028,-0.19966441736731377,-0.84631620702976862,0.46301845005514314,0.26336816935096619,0.32538566700558508,0.057903712292378555,0.94380682759243306,-2.7468179686201442,21.875909768755115,-6.3514472226706298,,0.1301249157554946,0.25,0,3
0.28629120774119859,-0.87800358564536063,-0.38359750776559276,0.94969867679399111,0.20699909550638179,0.23499744201858944,-0.12692425956382933,-0.43157974703805091,0.89310086456163729,12.136130789390975,14.42199410010322,-0.6278086650179181,,0.09075139237572527,0.1333333333333333,0,3
-0.38776139769843787,0.88960447033853984,-0.24133997764282866,-0.91841277952366418,-0.35058346591389394,0.18332812068916174,0.07847970987823695,0.29273728799298637,0.9529668490330292,30.314530164609792,-7.6560452911157517,7.6162921721691115,,0.1813942644504587,0.2352941176470588,0,3
-0.7884768889970819,0.55343167582509667,-0.26836090570518911,-0.60247253814269275,-0.78277707017135523,0.1558425461735394,-0.12381856202276732,0.28455832197877351,0.95062901548987011,2.2061257786455113,5.0242920388571299,-1.660027726794554,,0.07479902854781492,0.2021276595744681,0,2
0.4575869564730406,0.85806310219276105,-0.23311347005498131,-0.81813677545783126,0.50898384415132714,0.26755870951325733,0.34823324641567704,0.068287327142542348,0.93491734770648349,19.976858622537783,5.6439020689352546,2.9272619814670802,0.3715214081232047,0.2240027404842811,0.5,1,3
-0.94589713139789655,-0.047522217235127798,-0.32096768635220574,0.05480603369652097,-0.99840314535795649,-0.013691530586283812,-0.31980449572150543,-0.030541745339725767,0.94699117541185007,15.130653427401192,-10.693140865304148,4.2740966852420641,,0.2781207622746458,0.2857142857142857,0,1
-0.67749302132782963,0.68940862448018425,-0.25635708405352742,-0.73300846939708464,-0.66166573973765352,0.15778793569080213,-0.060842335953101512,0.29481213908141901,0.95361628174334667,11.562269804007528,-16.2861822369583,4.1598706863774186,0.1800882063896704,0.1257307163449516,0.64,1,3
0.64410841705982136,-0.5843728564285845,-0.493591644724856,0.76357639583008374,0.5296246541887718,0.36938978519520993,0.045556940237802948,-0.61482199891100264,0.78734901717805461,5.7926617262238445,0.31008415720843552,0.16284703163187633,0.8071886855468065,0.7228778816540155,0.1903367496339678,1,3
0.24617663865105777,0.9408186986347139,-0.23293183312237467,-0.92990254434485908,0.29702726834733056,0.21692408782585712,0.27327334411432042,0.16320226149599204,0.94799087613709132,10.781087677270076,10.277938863668938,-0.20734245292467948,0.2588672049736704,0.2044559214987547,0.391304347826087,1,3
-0.79632997962959906,0.55945035430457057,-0.22994317691901903,-0.58996457147771708,-0.8022552743665361,0.091259405828584217,-0.13341801956345459,0.20833092861973984,0.96891581483439593,18.666493905803833,-0.8566667721886555,3.7819088830931653,,0.3049513972586583,0.3636363636363636,0,3
0.88022617543157478,0.37858204103655463,-0.28614247900250467,-0.31080154977781116,0.91555914382522796,0.25525252361872153,0.35861438445886851,-0.1357464267029217,0.92356300862289564,15.361828670698822,3.2449286813875777,2.1369031331098638,,0.08856381065717456,0.2857142857142857,0,2
0.27129645958694165,0.93134834699582159,-0.24287545689867918,-0.91764190355979969,0.32641766747497397,0.22668225160198455,0.29039898045058454,0.16137460428564521,0.94320022754710642,21.418572769544088,-1.473829359541623,4.6517619540700945,,0.1059025845534548,0.5,0,3
-0.8055600516495911,0.55065197973789093,-0.21875877216022571,-0.58442908901776536,-0.79921400942229659,0.14035528865348099,-0.097548157830750243,0.240913603505237,0.96563191359334677,26.081896825184337,13.234122132662502,3.6142621493871636,,0.2372807533820384,0.2222222222222222,0,2
-0.94760376806679392,0.093173584125875897,-0.30555814825782268,-0.12892042172787285,-0.9867073406021708,0.098935073979336721,-0.29227833242838691,0.13314393423257301,0.94701957169318907,6.3076579009574161,23.789366111480966,-4.1251603241621941,,0.179137081554202,0.2941176470588235,0,3
0.11032410158161769,0.99246945005731835,-0.053225776773415591,-0.96253656642789109,0.12003597838094977,0.24313519322248447,0.24769325969718187,0.024408084665797261,0.96853099821509703,-8.7806065277501499,10.578940551435615,-5.8703782110708032,,0.5058436051767217,0.15,0,1
0.62186666683331315,-0.69198231547864264,-0.36666377479434936,0.78261612732692598,0.56598250890442769,0.25918294091636163,0.028175271594605804,-0.44813421502833917,0.89352217621696695,18.144241530711231,-25.777889116634555,7.8376924196191142,,0.2258691980175125,0.5,0,3
0.69225214895515175,-0.59050023038607025,-0.41484507973576434,0.71944647758092062,0.60965276801686019,0.33274655271811066,0.056424535118868829,-0.52880334753420244,0.84686674953810848,13.872056968690357,-22.854687554543339,6.2216546230404006,0.3745313969669251,0.2287107985293562,0.4,1,3
0.95091424427547866,0.10975829423032502,-0.2893358202532903,0.0052706948248286943,0.92910643282951977,0.36977487238976642,0.30940963108807462,-0.35314919414102286,0.88292203895218702,3.9558852985756339,23.742084293691605,-4.860168477292186,,0.1978751041751321,0.2777777777777778,0,2
-0.94433729437980984,-0.10192444780104706,-0.31279143431985362,0.07540643292282305,-0.99254340367232918,0.095767748748742831,-0.32022014976774249,0.066850570431359529,0.94498151141476083,1.9552775330892929,-12.886549190233639,1.2308586167313833,,0.109283618017519,0.3,0,3
0.90767504210383398,-0.2798332627394941,-0.31276087192353791,0.36846328736988027,0.88812821453274526,0.27470544299568983,0.20090003435137443,-0.36458417356688205,0.90924009842404641,17.670502410822714,-2.5709379346705221,3.8188951375613192,,0.1568669227458819,0.1428571428571428,0,4
0.72416915496157264,0.64298339448206432,-0.24930180388951353,-0.5862030881637692,0.764352383272487,0.26857284600817494,0.36324230814912456,-0.048350683614533319,0.93043927097070966,6.9531529884081165,-11.928476529064323,2.4719123302145083,,0.1034554634483075,0.16,0,3
0.72044143870227739,-0.52328077453030908,-0.45512785501170167,0.68854514234177033,0.6181324126886214,0.37923331517852582,0.08288377620586436,-0.5865914689037881,0.80563064008958374,12.347342810716755,6.90559383010795,0.69817437604784993,,0.2018026071554645,0.1052631578947368,0,1
0.22270130323285769,0.94642340348894782,-0.23385224152610687,-0.93446964555176604,0.27558921194952657,0.22542641326915744,0.27779598823731194,0.16832506523223686,0.94577801905828829,19.508763517541489,3.8667235197103453,3.1311610521621973,,0.2055087444401469,0.8048780487804879,0,2
-0.9091695788491807,-0.27964648811011678,-0.30855877654489416,0.24648356510961039,-0.95861002933115469,0.14252250277264769,-0.33564345521112154,0.05352245653369412,0.94046734000737042,25.112873556672234,-12.668498116669703,7.1615536984703994,,0.1460853778394868,0.5238095238095238,0,2
0.70432829567431854,-0.62399293243347764,-0.33845896676787562,0.70604367327885531,0.66524231858063487,0.2428064846587937,0.07364769742096279,-0.40998228966935785,0.90911525057170828,6.5781595919310814,-15.674157744580555,2.7559013947367244,,0.1800973320224282,0.6607142857142857,1,2
-0.10235232711325978,0.96148968951235059,-0.25507171167329218,-0.97813301521103047,-0.050607699240690848,0.20172918810063389,0.18105194196328689,0.27014151428280431,0.94564462488416612,11.974395364245913,-22.021195654499863,5.480663650838407,,0.1667550989892672,0.3333333333333333,0,2
-0.3031647131939823,-0.82286420184149656,-0.48060967739088289,0.92286529586179511,-0.37922460413190301,0.067144212817815324,-0.23750958373912612,-0.42318223609783007,0.8743603334342821,16.862804536079079,-0.49724586874249993,3.2487902722657651,,0.6799784914813833,0.5258620689655172,0,2
0.95265729082865891,0.11133871973397401,-0.28292715620632791,0.037165777414608622,0.88091891104694364,0.47180565612234338,0.30176612006679621,-0.45998430587126199,0.83507583316245326,12.556336684462259,-8.065655643021783,3.2744457055924734,,0.3624521603914495,0.1,0,1
-0.58363777374803161,0.79853189597384155,-0.14735589627450346,-0.80958677138674806,-0.55821065555769611,0.18157677058871591,0.062739211423332136,0.22527244646043115,0.97227368380292467,13.939223155751513,-9.3528252203024795,3.7770718904694838,,0.5548071745341399,0.5,0,2
0.89713834284084448,0.39741337052335762,-0.19288703101568913,-0.26832004328723352,0.8370997051237612,0.47672679602897128,0.35092327961410591,-0.37593443126558096,0.85762821502904374,-8.4086845840121249,8.31822936633829,-5.2139850679389266,,0.3806506152256647,0.25,0,1
-0.63132177580757276,0.73099401381539486,-0.25899916439485005,-0.7716683141751226,-0.62536575315586995,0.11595554181631518,-0.077206400572079337,0.27306670713554482,0.95889193612463641,3.4913281744210862,10.079707536770258,-2.1930250653834347,,0.1970557129718161,0.1160714285714286,0,2
-0.95294328012191543,0.04808508163554219,-0.29931075789986022,-0.050742152379678808,-0.99871117391818054,0.0011068255724511278,-0.29887177659050207,0.016242414077766137,0.95415504250753935,3.8088163243414721,-12.894994392910677,1.7618745412753258,,0.332600723657506,0.3333333333333333,0,1
0.26837035899126854,0.9401525595076522,-0.20997741608589104,-0.91878977735518563,0.31531451216080841,0.2374912702572432,0.28948695211098063,0.12918948591894439,0.94842362965369698,21.497260602617377,21.713016295264467,0.72914006672713205,,0.2480521035939599,0.6818181818181818,0,1
-0.64189779156573246,-0.59706769282036698,-0.48112097789765929,0.6780651311515552,-0.73496426275805782,0.0074303690977779915,-0.35804315815200288,-0.32146182146355889,0.87662272058273227,5.1201953049086502,27.541472418526766,-5.2708549119567785,,0.4365727160445629,0.2380952380952381,0,1
0.83400125825341076,-0.36784530060080634,-0.41125628999156855,0.52987005307967028,0.74181721735306605,0.41102912656878732,0.15388186404210874,-0.56071120094435012,0.81358670162095792,8.2373795859036694,-16.069045622664515,3.2947793887121652,0.614737507333402,0.2394961859118235,0.1290322580645161,1,2
0.32143360617424954,-0.88662243917091832,-0.33253734704605559,0.94133046800331954,0.26104029599144213,0.21390398284592912,-0.10284642351812068,-0.38178346510464772,0.91851183930432789,13.66021020321365,4.2031118819835331,1.4605459321925229,,0.08631096327776705,0.1764705882352941,0,2
-0.31348999965790048,-0.82766738527004946,-0.46550050426903866,0.90088199318312745,-0.41421000100453814,0.12977561183140746,-0.30022600565721336,-0.37867766560501065,0.87548133680796125,-7.1920469202852395,9.6998206041000188,-5.2139723786824277,,0.2683979395232954,0.5185185185185185,0,1
0.11716060119999226,-0.92495619296722353,-0.3615652563757154,0.97722803641099998,0.04251813657014572,0.20788836647321929,-0.17691455106564147,-0.37768803152096697,0.90887457466201549,10.380380264377973,-13.792896919432216,3.6591103467190829,,0.8055376778595388,0.8571428571428571,0,1
-0.90896790491648571,-0.25031920195142027,-0.33334313397179444,0.22554510242995834,-0.96780387238906795,0.11173661601544713,-0.35058059644194972,0.026381086466027066,0.93616092829987185,21.291039454957229,-3.6196194896361118,4.9016594758637,0.2066074233189987,0.1873026776380954,0.3636363636363636,1,2
-0.060669505844564812,0.98466064284993204,-0.16359287723777663,-0.9746672982244371,-0.023093245811869178,0.22246428875158347,0.21527393904616415,0.17294542613272693,0.96111758424623428,5.9420906088110659,-16.609517284429216,2.8178464804326429,,0.1355578971490049,0.375,0,2
0.91869332190167019,-0.21881915103975708,-0.32881721279688791,0.31699108452870189,0.90512353091403219,0.28331615929034504,0.235625195220272,-0.36451278842306029,0.90089466335052393,11.966757440327617,15.592530152755669,-0.88248601868143561,,0.1288691090905034,0.4166666666666667,0,2
-0.53112133591392108,-0.69125835890787868,-0.48997143567456763,0.77885588145617035,-0.62599571740306026,0.03889572873926013,-0.33360701799893561,-0.36095878301131978,0.87087032014464905,6.6214280941753518,-22.399200229293371,4.0839601988267269,,0.3914101524435615,0.2307692307692308,0,2
0.17897225489465368,-0.93328991056665278,-0.31135008400900216,0.97148149451548682,0.1176092809096146,0.20589260029898937,-0.15553982702793245,-0.3393199078722216,0.9277226753344493,11.391745395769318,-27.893361898129289,6.379222259900974,,0.3428382737161682,0.9047619047619048,1,1
-0.21350337772988687,0.93238915976877679,-0.2916620689147027,-0.96639238777848713,-0.157809829845177,0.20293301960999663,0.14318540617578382,0.32518688834255272,0.93474671815864918,-3.9060141932302326,-2.9348616541371051,-1.8560467246143026,,0.09345520878378349,0.5123152709359606,0,1
-0.85084858561477583,0.46741370412121225,-0.23996065001791936,-0.49809065435146388,-0.86292392506529558,0.085252563583939109,-0.16721956944408464,0.19205918033145639,0.96703199887353442,0.80746282419736859,12.5103342006385,-3.4241939546158067,,0.4940822332686374,0.3783783783783784,0,1
-0.86232868057527823,0.44156999377071054,-0.24780070068229396,-0.47474289797856556,-0.87526143523218514,0.092393727136692777,-0.17609209941452358,0.19731538357824766,0.96439525710527829,4.7470335499873837,-18.674810595252637,2.9509502044757387,,0.2665184108849311,0.6060606060606061,1,1
0.54855322675334728,0.83068726552324379,-0.095121103420885852,-0.76118251527922065,0.54322260537825218,0.35427444084955217,0.34596320014083831,-0.12193386692621501,0.93029113520700102,24.658855877688023,2.8894988332316514,4.7835740147772698,,0.3047625244318712,0.2105263157894737,0,1
