axis_00,axis_01,axis_02,axis_10,axis_11,axis_12,axis_20,axis_21,axis_22,location_x,location_y,location_z,dbh,dbh_approximation,score,reconstructed,number_clusters
-0.94373701532229337,-0.32423482277021864,0.06505555790040797,0.28431141323636916,-0.89598268414520876,-0.34114813500220859,0.16890075847700339,-0.30345808510420591,0.9377556847979015,-9.1940980620853932,-20.101103948520546,-4.3415544987485797,,0.3330638692496065,0.3529411764705883,0,3
-0.26879330948019869,0.92905606797662577,0.25417509581879483,-0.94751247776100922,-0.20761415647944184,-0.24313878036323736,-0.17311921114040132,-0.30618815226122204,0.93609751316248246,7.5551877043324476,-7.0831649697993937,-3.6904772452491623,,0.2225600115037284,0.2142857142857143,0,6
-0.063409621911898403,-0.97727103598868537,-0.20228826477725323,0.97745085503092755,-0.019906678213692779,-0.21022262048077936,0.20141759071218038,-0.21105697425126368,0.95649668466315296,1.1905595439886281,8.5450853956390258,-0.43110345541588918,,0.3100692005359577,0.2666666666666667,0,2
0.85103274612062085,0.50455461586455352,0.14549194012098404,-0.4976166263250853,0.86337860036382075,-0.083397156058526253,-0.16769304766517804,-0.0014254976613578682,0.98583822695266921,1.6792915193906819,-8.228974024486881,-3.2876358688799265,,0.2539107877386288,0.1909090909090909,0,4
-0.75047352287384805,0.64976245377970276,0.12082319778707272,-0.65777343813631184,-0.71657185278238067,-0.23207516860353847,-0.064215228315798747,-0.25364055956846643,0.96516468594439586,5.995245081421559,-7.7397875486464009,-3.6679958969861213,,0.08873064690050078,0.2894736842105263,0,5
0.93483903898202403,-0.34723275108337048,0.074198300319078619,0.3538414272949339,0.92841346625005006,-0.11333437261242374,-0.029533295194578264,0.13220382846438972,0.99078248481405284,-15.243289281891332,-15.124810721369098,-2.7678967148239288,,0.1154076110577056,0.1304347826086956,0,3
-0.31787451879621159,0.93870749521177965,0.13335677235635152,-0.93235696449951377,-0.28392705160614662,-0.2238211788805812,-0.17223902301548713,-0.19548316500268614,0.96546364569112764,-2.314154961615885,-7.2272788160633139,-2.6769124389459091,,0.1542452148792216,0.6573426573426573,0,5
0.29585991343245011,0.87230245311353538,0.38930109416215647,-0.9271187328502869,0.36036864699746207,-0.10288485534469065,-0.23003862028325273,-0.33048883272105839,0.91534658169725591,-27.167560096748232,-8.0384102739351189,-0.22501187808064227,,0.3593343421277148,0.2857142857142857,0,1
0.95878488049025878,0.23567523788361849,0.15870959388701228,-0.24283151292677166,0.96969165800102264,0.027035989586532007,-0.14752765595974096,-0.064461388844235593,0.98695507500356749,-8.7650749771398377,-11.529658882637513,-2.7952363613104976,,0.5548754221134075,0.3410852713178295,0,4
0.95805416369959273,-0.28140616603533142,0.0542474804499559,0.28361300121397026,0.95817091172495639,-0.038368860636838073,-0.04118112383455947,0.052144737428240343,0.99779007882332726,0.30695799258168555,7.4710240771321086,-0.52967815438329924,,0.1992994649234972,0.2424242424242424,0,1
0.63994236643227442,-0.76674732557647585,-0.050717909720158903,0.76249971541581918,0.6418041478030172,-0.081741175998619159,0.095225792912714213,0.013637249875407022,0.99536228267901572,13.354590077963888,1.6690617905782295,-2.8369633240551311,,0.3136613602172975,0.2173913043478261,0,1
-0.9659837612558998,0.23407885022971645,0.10992026594326865,-0.25399078372741962,-0.93870081118689142,-0.23308682686630663,0.048621546370267069,-0.25307682420997485,0.96622361090813647,-5.9697105365044303,5.0496025804042723,-0.2724361194170708,,0.1079616722630279,0.5502392344497608,0,4
-0.8741312403653515,0.44995500872607691,0.18285257651902811,-0.48567484439512631,-0.80683811268295813,-0.33635131253493072,-0.0038105300288533233,-0.3828220866728001,0.92381422906143928,0.82533993088739033,-6.4375091571056346,-2.8812583787619235,,0.3042059606786404,0.4166666666666667,0,4
-0.88296725804054821,-0.46932233366720433,0.010264908646682393,0.43131458531459038,-0.81970420220880202,-0.37689885828446534,0.18530124047954527,-0.32836194664181168,0.92619753955316764,22.095602309575245,7.6510088547020327,-2.8609861285871676,,0.3185888986694005,0.2727272727272727,0,5
-0.2722595120231992,-0.96205794628191577,0.017868019160288844,0.93238432567164642,-0.26835957662218946,-0.24216235644085746,0.23776927336121281,-0.049271143999121858,0.97007119687902266,2.2641249018416842,-9.8896656009393489,-3.6519543298812693,,0.1389258576368667,0.1904761904761905,0,3
-0.44875757701426078,0.85038513746478128,0.2747030306554577,-0.87923211310668214,-0.36513779957766646,-0.30598248087355673,-0.15989849390862435,-0.3788396828456379,0.9115442755824692,7.7876444167216343,-8.8715957170282813,-4.0570487850285861,,0.4931797711284972,0.2727272727272727,0,4
0.9023806794888668,0.39936493317119937,0.16191590236408016,-0.39160605683788674,0.91676039121116415,-0.078708839111212597,-0.17987163626623492,0.0076180876548102242,0.98366059146810958,0.067549457604972205,-16.374218842299893,-4.5761210673654569,,0.4208107702742851,0.2592592592592592,0,1
0.85836782983261251,-0.51292398355360047,0.010660947610611758,0.51248479194541652,0.85630058065591719,-0.064098779965001171,0.023748825931264945,0.060483904171641588,0.99788661209730734,-19.84429104796294,-16.255146706492532,-2.4796398941429665,,0.288230157340698,0.4583333333333333,0,2
-0.6779513024682009,-0.73215189575391981,0.065845523960340033,0.69446110339423051,-0.66726346468557507,-0.26922712450321712,0.24105146204522052,-0.13679572449365551,0.96082314835047467,13.856780420627265,7.6064236884035958,-1.9648193444287099,0.4536897482818059,0.1537143979482715,0.2380952380952381,1,5
0.54759823064996616,-0.83673288508075705,0.0037758195746178109,0.83030476997871516,0.5428216581293166,-0.12624831252865659,0.10358651813638874,0.072268433566620341,0.99199148523069891,-16.894664313101948,-25.800587877958389,-4.5601917662839915,,0.2821126129434662,0.2,0,2
-0.99401063832815451,-0.028170755295033,0.10559005368197409,0.0015801391983343602,-0.96980828613271908,-0.24386346858115518,0.10927192709277481,-0.24223603508649483,0.96404426726940606,-3.423474034881842,-13.479717171788201,-3.7336719599442847,,0.08490335626422083,0.3571428571428572,0,5
0.34515900541686517,-0.93853508578499079,-0.0041417061942671304,0.92290713552972503,0.34020718844087727,-0.18028169103231312,0.17060973057817502,0.058403438971627052,0.98360630241389257,-4.5956002426192217,14.079303833311748,0.77216025353774165,,0.1235688222642706,0.1923076923076923,0,5
0.17019118336214703,-0.98457675319007476,0.040541067863119812,0.9610328250238831,0.15674569288792981,-0.22769869781730584,0.21783220682994975,0.077713607809526283,0.97288731353061675,-7.3177822338323404,17.588331784721415,1.4677076535647977,,0.2793179068807811,0.4615384615384616,0,5
0.54287614599256828,0.81070972395942809,0.21916941755154204,-0.80724154547844251,0.57571370051676596,-0.13005699631648307,-0.23161730800143096,-0.10631781842625507,0.96697980543507278,-11.98472602155582,-16.14797297517196,-3.2986749740267678,,0.1794220540127517,0.3714285714285714,0,3
-0.12622099742727633,0.94566668880425642,0.29963773710008179,-0.97228167454040315,-0.058005019212396147,-0.2265033401499402,-0.1968161709854489,-0.31992175829749969,0.92677584312845773,-13.92334602546538,-9.8413713751705991,-1.9486908397063896,,0.1601975771639844,0.25,0,5
0.32901573182641058,-0.94092439163197239,0.080062084926222396,0.93002901544324912,0.30817199289081088,-0.20019004278776256,0.16369080195414676,0.14032573545044458,0.97648041932539531,-7.6769987518697613,5.8109127674126739,-0.052041308526230276,0.3928156990417833,0.3413199601940072,0.9220183486238532,1,5
-0.92454425225541714,-0.37214875767266387,0.081995291231659662,0.33895801346091159,-0.90142740156254675,-0.26932527698459346,0.17414186955498182,-0.22121017579417185,0.95955232655286071,4.0926348003043342,12.093176790906814,-0.22327319115876249,0.2884854171176493,0.3037943097262786,0.4285714285714285,1,5
0.99145288191642378,-0.10902808432168155,0.071652353546560882,0.11066417250547458,0.99367115892204383,-0.019263147463489432,-0.069098653122152895,0.027027851480757498,0.99724363692180962,10.627714250068308,-2.5294879306604341,-3.2375125457546798,,0.1668511882097632,0.2142857142857143,0,2
-0.45036566237498382,0.85260248078581891,0.26502788515816295,-0.88106999023770605,-0.37634795035479579,-0.28649239530268833,-0.14452142559520281,-0.36253445356491365,0.92069665336761108,-13.628235335759296,-15.690072055293005,-3.0581519820981393,,0.4835624244595846,0.462962962962963,0,2
0.15609463513938948,0.97649263291775246,0.14864926080561525,-0.96243196156400357,0.18421268139798622,-0.19947533023466224,-0.22216926934381453,-0.11192777076989867,0.96856233144269877,-14.336503519103479,-6.8594068787804492,-1.3593034426804234,,0.1005498450021699,0.308641975308642,0,5
0.4673048676236754,-0.88336065619739845,0.036057062799404363,0.87063026993790449,0.45271318577622149,-0.19249338817786796,0.15371757792481039,0.12134546759910478,0.98063560190831556,-6.3686279977220792,-5.4648254041446185,-1.9677593786456402,0.4441871522041907,0.2924152025357764,0.7931034482758621,1,5
0.26567197714007051,-0.96388355950649285,0.018624829544987717,0.94942849246613448,0.258236666286212,-0.17860392458976673,0.16734377268356695,0.065133001608075738,0.98374476051745963,-28.129349081559532,-12.597437266346429,-0.91717918070603976,,0.1275990506908773,0.3571428571428572,0,2
-0.89777812429036041,0.41376782873340945,0.15096563665589957,-0.4401952810577206,-0.83130191490171679,-0.339360045991351,-0.014918246552305097,-0.37112438640700729,0.92846331954139483,-13.543106755971742,-5.2124946315158258,-1.1458383700969896,,0.302465198673408,0.139344262295082,0,5
-0.98358196761973515,-0.16227417810756636,0.078953176584625528,0.12907558104547812,-0.93836405085140107,-0.3206437313398165,0.12611902057604729,-0.30518846503310382,0.94390359330795826,9.7415848560351055,-4.3066866255542191,-3.4385742390568503,,0.4665765979985214,0.5128205128205128,0,4
0.57039045403123834,0.76492504894009683,0.29923970233581676,-0.78863508657060633,0.6118496011984691,-0.060784584748490016,-0.22958534400046027,-0.20131998166417792,0.9522399040173255,-8.5977729870452322,-6.674775273226472,-1.9389522481660266,0.7831413585854347,0.5311072492523252,0.3391304347826087,1,1
-0.58778458120602672,0.75548509876867909,0.28939860337419343,-0.80162015584560875,-0.495608969723632,-0.33433048749933131,-0.109153157712071,-0.42850205911752393,0.89692339332493987,6.855898253205619,-5.6634367264094054,-3.3843666794540725,,0.3183655311977162,0.1388888888888889,0,1
0.29710095111973134,0.94367759755105718,0.14561461713720833,-0.92399077467325497,0.32259206535027457,-0.20536652037701253,-0.24077390465428097,-0.073531974360198496,0.96779180384224306,0.93016172145349585,14.811173226094859,0.4071984543753317,,0.1165996962691123,0.3181818181818182,0,5
0.66860638629871372,0.71157142006749474,0.21594354434366494,-0.70873836648025834,0.69767844381922284,-0.10456919674972373,-0.22506760779701365,-0.083131842113094392,0.97079022901315493,5.0833661311718581,-4.2648503029073721,-2.938791203440235,0.148528180436466,0.1274598302728525,0.2105263157894737,1,5
-0.99433259581385336,-0.05005830364297436,0.093791551530361283,0.022561489895465074,-0.96147346183985449,-0.27397036582700507,0.10389257950297259,-0.27030158788670466,0.95715379302917947,-17.101938253233786,-15.143684110311472,-2.5488772930172816,,0.1128572410128557,0.5405405405405406,0,4
0.89235764119519501,-0.4452195876968072,0.074009181400909618,0.4513239411159462,0.88104267855438689,-0.14167038766545903,-0.0021308158338124131,0.1598227683929814,0.98714342540842903,3.8188176379543393,-3.9342094370245935,-2.7813394897195787,,0.08583010413577975,0.3137254901960784,0,5
0.077621348602564977,-0.99688978555014096,0.013626507509825966,0.97783879316531486,0.073458174010349028,-0.19604895116288673,0.19443821852228985,0.028542111639847982,0.98049942735374374,-19.799487560553533,-13.746280996937084,-1.9935124383905027,0.4711375304247914,0.1614026708821458,0.1944444444444444,1,5
0.78179820906340725,-0.61850353568854988,0.079024911553334395,0.6214439045232264,0.7625353766415589,-0.17985347619949799,0.050980720239878208,0.18971867517690236,0.9805140439855744,12.09521784512345,-8.1584829449690659,-4.3852299445896694,,0.1623447604229412,0.4782608695652174,1,4
0.37233041251451443,-0.92465720033526655,-0.07986942960181645,0.91658233295299296,0.3798612948032235,-0.12482877724654824,0.14576313263380872,-0.026729357990168009,0.98895836645746305,-0.88837210178572812,14.174413609908582,0.4640053833447863,,0.5034293827464041,0.1363636363636364,0,3
0.93406857987470182,-0.34458510981644247,0.09368559218816902,0.35634693121630828,0.91642230151100035,-0.18217307678688535,-0.023081436341294802,0.20354672040116761,0.97879312416381004,-6.5233785545883611,-1.4129521206780693,-1.1886130948753895,0.4195089189623314,0.2856751804578807,0.9316200091785223,1,5
0.90236625334813469,0.41485629902665594,0.11674500407450349,-0.39183725138095155,0.90254275438969356,-0.17855011881510036,-0.17943999902104063,0.11537256024103498,0.97698027569381263,-13.394976896887922,4.4722271991343385,0.31838022454588266,,0.09415773598419058,0.5533980582524272,0,2
0.56611124551401926,-0.81623987697891653,-0.11519774707870248,0.8172641580421165,0.57400871489442018,-0.050924367496967063,0.10769101022033195,-0.06531813266390292,0.99203638434435726,-25.960394488080901,-24.788949020707388,-3.4109022407473732,,0.4048532525353031,0.4666666666666667,0,2
-0.6098151912703853,0.77149042773843257,0.18146060840808886,-0.78310322717403269,-0.5513111774311279,-0.28775913752497623,-0.12196215841595398,-0.31758228153893242,0.94035457481050622,-25.522870272723637,-10.084954975211099,-0.74399041998769466,,0.2929062430192544,0.5357142857142857,0,2
-0.32288623512123282,0.88547331072505431,0.33418781420459936,-0.93190187771146149,-0.23580062456359302,-0.27560289507418412,-0.16523731263576102,-0.40041863274457062,0.90131101683263648,-16.817903735847644,-16.87802994107496,-2.876244876808411,,0.09517166011921258,0.3333333333333333,0,1
-0.32954573963329115,-0.94391397213236317,0.020640220513641366,0.91534447018405274,-0.32477656726908066,-0.23804344615298262,0.2313959947644354,-0.059553291816801128,0.9710351687970733,-15.526315048137821,1.9844739088387291,0.20195754648774833,,0.08217188050353554,0.2592592592592592,0,3
0.99239937715074278,-0.077644487673946133,0.095471512843713469,0.09158332141832172,0.9841958497713269,-0.15156194948232524,-0.082194716793753148,0.15915358251307121,0.98382628837841546,10.957949288677355,0.42290566193099483,-2.790389326077527,0.4951402977255476,0.4610564960876164,0.9404761904761905,1,4
0.67822028205691764,-0.73469109305794233,0.015692252482045522,0.72924876100065827,0.67025573937190308,-0.13767166890114918,0.090628326618332464,0.10481527379322521,0.99035360593780419,5.6933706400388795,-2.4091083914143852,-2.7331077328350935,0.6406341303701047,0.257801819287991,0.6527777777777778,1,5
-0.99129380658674371,-0.085954423727230833,0.09974179697841401,0.050642292942544416,-0.94814727567358836,-0.31377077907012635,0.12153989957328838,-0.30598787667891719,0.94424545121342418,-1.6901321564666227,-13.806889578213733,-3.9724595553213184,,0.4939141323165026,0.35,0,5
-0.72765047850648978,-0.68095280270999381,0.082632085842496206,0.6490950131529164,-0.72249650617026351,-0.23806398818758476,0.22181173329941944,-0.11959130007307131,0.96772799686561783,-10.552148265564119,-14.286243697070599,-3.1066433978936172,,0.0751698525962409,0.25,0,3
-0.78278986236914672,-0.62175318054809714,0.025749055330599693,0.5893077871486091,-0.75396216122714066,-0.2902712377134693,0.19989087867659841,-0.21204726340140567,0.95659792739994653,8.2146336554319319,-10.681733058665049,-4.4415792842524571,,0.1537698585399538,0.25,1,5
-0.96444332213091499,-0.24437508269037844,0.10064739120888906,0.21634253976130391,-0.94872750505813896,-0.23046046653555999,0.15180574391871041,-0.20049174573091544,0.9678626328188612,-1.3831877274481621,17.397183974390845,1.0066499439780481,0.4948713927083349,0.3840475823431462,0.6666666666666666,1,5
0.63227446969428691,0.70744061359096511,0.31584295656994543,-0.71164626962806876,0.69147549604389213,-0.12418222616503889,-0.3062492153414601,-0.14625121063734609,0.94064977621314971,-20.332973707345943,-13.332352742799436,-1.8845536224180779,,0.4447542222642576,0.1724137931034483,0,2
-0.58493532076414667,-0.81106607768498107,-0.0047421673573592154,0.77811611703588368,-0.55950295275702255,-0.28546760633243773,0.22887983513526011,-0.17067004272828029,0.95837662616717822,-13.711226334525188,-20.06316869360796,-3.8354420314041744,,0.2511483129416653,0.2222222222222222,0,1
0.064574174902310488,-0.99554204420406012,-0.06874746655468901,0.97685414209383392,0.077139456787049698,-0.19951313059726089,0.2039268521058632,-0.054272851671910198,0.97748058628373469,-9.6730143860318112,-12.625759116019795,-2.870186666352152,,0.1133545495155656,0.2321428571428572,0,3
0.84971504198572712,0.45176409781647897,0.27183367588887375,-0.48974217915691465,0.86725470686173567,0.089564900384032309,-0.19528682848013823,-0.20923305988831711,0.95816730338283918,-39.365071876539318,-5.273880745580513,1.5703774027067614,,0.5071675783589231,0.1739130434782609,0,1
0.71882053129599321,0.6720425793900896,0.17792081180700295,-0.65481373991663583,0.74047265777567528,-0.15139091486287354,-0.23348663731300803,-0.0076820943332303118,0.97232966406611354,-4.7775225388746883,18.742472131602646,1.4551198082029944,,0.1227065284778298,0.2857142857142857,0,3
0.7885576916743372,0.57949464263127548,0.20582207379893075,-0.57460639805609892,0.81356225618323386,-0.089128797967003667,-0.21909873165821403,-0.047983481279471475,0.97452210406437978,-16.026820312227297,-13.014314952685806,-2.3014992555394986,,0.3624740678328727,0.2388059701492537,0,4
0.69285603072358914,-0.71555387014847149,0.089068398467112175,0.71634126743431847,0.66890369434082597,-0.19855235145368566,0.082496722726092181,0.20137156356531194,0.97603472485701814,6.9434567567627123,-10.037410450075736,-4.1704935625796571,0.1345591886903447,0.1321206370660668,0.3333333333333333,1,5
0.86607252431477022,0.45633860053683573,0.20414079525446147,-0.46203282626342534,0.88659675911816604,-0.021722204680833919,-0.19090324796103705,-0.075506743945470245,0.97870050655789498,-11.315100338475968,-17.294039211317884,-3.5793253202085222,,0.1650406205232093,0.2258064516129032,0,2
0.8528958544109051,0.47910623760301096,0.20742679339607728,-0.49270963898966402,0.87004045772070238,0.016334429155163602,-0.1726437753739373,-0.11613274740157259,0.97811416092682957,-6.7991034953938962,8.585992121741457,0.20672190243953187,,0.4623133648820119,0.4594594594594595,0,4
-0.98740019772833409,-0.017738393870904381,0.15724566419754604,-0.037534601280498819,-0.93908539902271793,-0.34162811220544526,0.15372704131921858,-0.34322581884995618,0.92658730513752274,2.8435190814096791,14.728386627790591,0.2392948978245652,,0.3777307849025948,0.2857142857142857,0,6
0.81585254566354637,-0.57822294601989177,0.006545871247327798,0.57709436202182618,0.81343742299117883,-0.072675003956587325,0.036697698251126856,0.063069672375443794,0.99733419442507953,6.8397081787691496,-2.3102701437240474,-2.8244105059732596,0.1612640143899215,0.07911956153524942,0.1764705882352941,1,3
-0.98287481960821799,0.14395874600258682,0.11503464012842449,-0.16839469555197642,-0.95518756635832303,-0.24343364513645499,0.074835255662492495,-0.2586360232524213,0.96307169618159949,-4.7504828743747973,-12.969835406213635,-3.4498655276628218,0.7272967296657553,0.676409663431491,0.9252873563218391,1,5
0.75661175968228156,-0.64967459913044179,0.073902370430064923,0.65080134092487629,0.73731469756008294,-0.18117574730704805,0.063215977101248072,0.18517546275515109,0.98067007103946602,-18.87706436067359,-4.7805420706186901,-0.53430802649750031,0.5077024154756679,0.4454552293074568,0.9518716577540107,1,3
-0.050636454834551668,0.98493369466688363,0.16535285468244237,-0.97637713859039466,-0.013997883494730389,-0.2156194390487636,-0.21005626074893352,-0.17236495109944033,0.96237554569547656,-6.2954690141631637,18.198488728926453,1.5027370255736101,0.583178179132483,0.4950641391204044,0.6666666666666666,1,5
0.86772680725840168,0.45233729603144013,0.20601252045472018,-0.46155296752715186,0.88710480505634037,-0.0037313553613636499,-0.18444252799184155,-0.091847893089161595,0.97854224150164382,5.9119186956777314,-18.590992504910123,-5.6124731958541032,,0.2761151466514521,0.6190476190476191,0,4
0.15816435261935813,-0.98210576007189498,-0.10223655703369933,0.94134312828619227,0.18123201156619459,-0.28465430404621622,0.29808916851986483,-0.051217516703528483,0.95316295227723769,15.00003897653502,2.3917519908297624,-2.8952430908472611,,0.1224173724644693,0.2631578947368421,0,2
0.48753154412104338,-0.87309144693254148,0.0049314075263593091,0.86303162732204974,0.48104328853150979,-0.15418743399072424,0.13224750934820834,0.079427198440021357,0.98802930949398671,-7.2738215873054264,-21.83531180670661,-4.8782434745603274,,0.1432363590321773,0.5517241379310345,0,3
0.69630772853645206,-0.71305535047540269,0.081900026488445049,0.71336913440769445,0.67496519502195418,-0.18848465078990653,0.079120321377154149,0.18966827005953546,0.97865515994031327,-1.6689906331996138,-4.8105111906707076,-2.3486945460998339,0.1764473360347626,0.1153538688686365,0.5473684210526316,1,5
0.51333550357934565,-0.85499384826293434,0.073974186021065161,0.84933116006648801,0.49379475063921541,-0.18655649219812659,0.12297658844289945,0.15859465209676693,0.97965529397908768,-13.865099045912151,14.337350409757377,1.7368943267470296,0.5034627017884999,0.4946176680568927,0.9069767441860465,1,5
-0.62169928960874021,-0.78286281263540292,0.024815517173229891,0.75145689068962751,-0.60509558518125961,-0.2630054642573556,0.22091295737250435,-0.1448625189161645,0.96447515047211008,-33.801286458715396,-2.6214341213954309,1.4067350578328348,0.4757769896922815,0.3825142126595145,0.4285714285714285,1,4
0.014833628169987486,0.99127060289301838,0.13100593618392753,-0.98146109857267994,0.039473700989744703,-0.18755249643414904,-0.19108656536717544,-0.1257951460521628,0.97347907310115955,-3.2961472866052763,10.647115539973758,0.19904262606165835,,0.07914478256185731,0.25,0,5
-0.14235969895889039,0.90735460451019023,0.39552665875575432,-0.97085898152589445,-0.050171228484250624,-0.23434096061696955,-0.19278629127310123,-0.41736131769312074,0.88805572820100975,-18.503086123397647,-21.454894037613705,-3.5871488495199149,,0.09475194057570341,0.3333333333333333,0,1
-0.86035120409812471,0.43656020003556295,0.2630798307583006,-0.50939875780582633,-0.71866177487234006,-0.47332669360941271,-0.017570177938421711,-0.54123972977068791,0.84068474695629225,-17.124156164687793,-11.299016961007656,-1.892543438325722,,0.3544178852444806,0.3684210526315789,0,1
0.38117021091268766,-0.92311588174553127,0.050659048371912881,0.91122610796200243,0.36587712424142593,-0.18921128434965284,0.15612895465351145,0.1182835526436147,0.9806287527361246,-16.948293964621339,-7.3290292872896039,-1.2076935577709993,,0.08269822076068661,0.2058823529411765,0,4
-0.49935662273874371,0.83187495737577544,0.24213016874814933,-0.85758935711285145,-0.43483922071969922,-0.2746913662470119,-0.12322117469705206,-0.34481720869895094,0.93054695458710857,-4.2237468876434514,-11.723533301693228,-3.300716330977151,,0.6025055674988871,0.2666666666666667,0,4
0.65209358555983354,-0.75322443359767077,-0.086179512084886778,0.75225712374216869,0.65697257328974401,-0.049962563227004694,0.094250599207011024,-0.032248884888023001,0.99502604688148732,-14.634551852145584,-11.740887592858449,-2.1844465836303684,,0.1489190391044943,0.2592592592592592,0,2
-0.38143171672908843,-0.92435353803383091,-0.0089656119390147896,0.89392497985416763,-0.36637103662042964,-0.25820610743822198,0.23538898841243042,-0.10650258330206047,0.96604825132296668,-11.74081651648032,-13.312566262861079,-2.8004149199965878,0.3979756287561548,0.2197269153712892,0.4818181818181818,1,5
-0.97108044047202069,0.22800509899771187,0.070826922590994962,-0.23699821744921715,-0.88465693182126215,-0.40151457994260303,-0.028889843519146242,-0.40668880954808062,0.91310984505140724,-6.9229090515572933,11.852181728200694,0.63649072472886847,,0.4652480245789467,0.28,0,4
0.23339691335445337,-0.96948241129305346,-0.075031560226474531,0.9488531958159222,0.24394207465833975,-0.20042424254888544,0.21261113241437576,-0.02441553613563107,0.9768318115052792,13.439500452665307,5.7858742068875761,-2.2206966770435064,0.813362122600743,0.5946522785541694,0.9459459459459459,1,6
0.50145659846476387,-0.85963186902722943,-0.097848503355452088,0.85490043268534455,0.50970231663883492,-0.096689185576342387,0.13299071415162853,-0.03516529774874836,0.99049324671280981,13.671663519126534,-9.8834562910170831,-4.8109266492717024,,0.2805675743864356,0.2,0,3
0.52387673741132079,-0.85093595452265869,-0.038225191953501464,0.84399107165275455,0.52461507115760597,-0.11161585050849507,0.11503145208900391,0.026211226886812086,0.99301598004029301,6.3222191237635057,-8.7096745167313685,-3.8775420073489459,,0.1507476438702747,0.3333333333333333,0,5
-0.29020922231838575,0.9421096131303468,0.16795262465572647,-0.94042894101824148,-0.24828449086232032,-0.23226755798550194,-0.17712146729481407,-0.225353696318982,0.95804159480614726,-9.3246915839654871,13.868807965880871,1.1936336984143574,,0.162744721313959,0.3333333333333333,0,3
-0.96959369460756217,-0.24172593546110649,0.038165946899153487,0.19689027446647783,-0.86316351738804742,-0.46495479572836684,0.14533508591448596,-0.44330273445552459,0.88451138965334009,-3.1203609818924636,-5.4634890630103286,-2.2743460854317816,,0.1325088628252845,0.3076923076923077,0,3
-0.956866753957342,0.24975820442606458,0.14841446861073956,-0.28725204233816065,-0.88980745296263819,-0.35458279826395739,0.043500337282550094,-0.38192085040491158,0.92317072347550877,-9.5196393983462482,-15.186039134381772,-3.4022716683950174,,0.3313675990079289,0.1142857142857143,0,4
-0.81243028087457869,-0.58302621582901537,-0.0061213049386470318,0.54518847974265794,-0.7558988110736804,-0.36247276997491301,0.2067040402941919,-0.2978211192536474,0.93197425965128611,-0.23608657743537051,-6.4012154539992991,-2.7634817158555749,,0.1610888489717277,0.2857142857142857,0,3
-0.84216518588461464,-0.53646853837915343,0.054399512987419213,0.49922946628055226,-0.8138566412215833,-0.29733366364533814,0.20378356087076419,-0.22324622027899835,0.95322263162913512,-12.291683296834117,13.299302796242982,1.4361034408332833,,0.2449903579165059,0.1052631578947368,0,2
-0.89799654248298488,-0.43314441822219985,0.077382960989853297,0.40245108557137838,-0.87964822461220171,-0.2534800281265196,0.17786324356376784,-0.19648133219101024,0.96424050562576069,-11.877933400469853,14.378249679834729,1.5534750400744148,,0.1154250610897108,0.1904761904761905,0,2
0.56914975517762223,-0.81712140481663842,0.09154870819260906,0.81453096968813299,0.5451072558767226,-0.19848773012319557,0.11228470777519942,0.18753850106320052,0.97581835144600859,3.6716481352920924,-5.6968560178047634,-3.0322817463282608,,0.07673388164700634,0.2727272727272727,1,5
-0.55995205258750302,-0.82287480336335217,-0.096595842523202011,0.7959489375850668,-0.50189649834061134,-0.33847480513420247,0.23004127360159965,-0.26641502011552887,0.93600429993488654,-1.0275623666867704,8.6937449808854197,-0.24745071424211268,,0.1073710921737425,0.25,0,1
-0.91453853021834519,0.34956269946884211,0.20353180558852302,-0.40325943707093814,-0.82726938001393091,-0.39116134689485321,0.031640214273900388,-0.43980824461510687,0.89753418030138543,-10.741283754921042,14.933997661747419,1.4534466897869234,,0.2857840224621911,0.125,0,4
-0.017562899925381539,-0.99689062974775966,0.076815472838004661,0.9774804775998075,-0.033278090527465984,-0.20838542319965178,0.21029374802276751,0.071425772743184068,0.97502558865425482,2.9415907559757932,-6.8015869351613789,-3.1426430548468223,,0.0682828651630666,0.2380952380952381,0,3
0.94371713724521156,0.30453735301998358,0.12905411843596981,-0.29666334806033134,0.95188471485368298,-0.076852765373525894,-0.1462491804672359,0.034241644871492435,0.98865498884553138,-7.9488755848672108,-14.883139272043794,-3.486644866376658,,0.1889184136804515,0.3684210526315789,0,3
0.97337640374030476,-0.21052801133259319,0.090643990898099033,0.22263654448102471,0.96242708888831086,-0.15545760719733218,-0.054510051395498228,0.17149943153933433,0.98367504760390545,19.499122787106931,1.4696467481258348,-3.5399963521085245,,0.1117580793779712,0.3333333333333333,0,4
-0.99945263759620229,-0.0045739650863918478,0.032764371585333678,-0.0062282036520340551,-0.94667033836838588,-0.32214357037313879,0.032490532178807742,-0.32217130427285595,0.9461236790303178,-12.539615647162135,-22.302605878301584,-4.3555085017334498,,0.2300451749006519,0.4285714285714285,0,2
0.15484534402557149,-0.98784379419197421,-0.013695171047052116,0.97047481762498178,0.15468846761065133,-0.18506784254437073,0.18493660478488819,0.01536607512262256,0.98263031499438569,-15.661661349083991,-7.0505060585212185,-1.2461827628718132,,0.3008990373341653,0.2,0,2
-0.020907550706190797,0.96064732992642521,0.27698299916907609,-0.97901999018705543,0.03649388903679638,-0.20046958591543509,-0.2026887592778743,-0.27536322116106632,0.93972994168228796,-14.130446169897425,-18.170945277346689,-3.4160539249982751,,0.459976828408625,0.2068965517241379,0,3
-0.33987723341526582,0.92500583633512956,0.1698460154137606,-0.92601529508546832,-0.29760954831381242,-0.23221591250433446,-0.16425327842620713,-0.23620490997943924,0.95772026240852159,-0.8735466519601035,-15.590742916854781,-4.4089609465103559,,0.2777984592087648,0.25,0,3
0.65629614000927117,-0.75077434543259469,0.074921684772751351,0.74975190470393882,0.63781330180071905,-0.1762562720554301,0.084542640139423753,0.17184898686440142,0.9814889035093225,-5.6005771528699446,-10.767289449767999,-2.9896435000743771,0.1860049773298935,0.1461138909297698,0.5841584158415841,1,5
0.56376205641046795,-0.82504072493660019,0.038472664944451521,0.81681583048745765,0.55002723964542821,-0.17401705293767544,0.12241014180583046,0.12952929338230112,0.98399081262934418,3.8946763806893934,-2.3048756821288969,-2.5038727098371822,,0.08680330090693852,0.2857142857142857,0,5
0.84817945132879458,0.49378432424967994,0.19175155662698562,-0.50717211173927168,0.86148329906441012,0.02495945726629567,-0.15286617486387505,-0.11842114067339198,0.98112607040283084,-8.8838338204185519,7.2478272954685945,0.23738029475829639,,0.3084280489422842,0.2777777777777778,0,3
-0.75665391697671192,0.63357263738533565,0.16143284387134132,-0.64674941567876254,-0.68909987041002396,-0.3268892196449234,-0.095864713231605461,-0.35174860590694307,0.93117284915290777,-0.72246847118195634,11.840055071099576,0.15892694068153393,,0.1682297134520804,0.2272727272727273,0,5
-0.43332954202218932,0.83602315304599317,0.33658698070762827,-0.89005759960119346,-0.33834985841382231,-0.30547805600977279,-0.14150257030528868,-0.43195446621418815,0.89072575000087129,-3.533098959780085,7.3838498392547223,-0.23455186014816395,0.7524738258059899,0.5762226212390185,0.1376146788990826,1,2
-0.92104819974247287,0.36911608237427296,0.12419151131948697,-0.38901739817272862,-0.88699724186942408,-0.24879983286761809,0.018321508400511229,-0.27746929676759363,0.96055979078932252,-11.20012862947647,-8.6645444734047654,-2.0014623909185181,,0.1341346518827517,0.3333333333333333,0,5
-0.58549588035510347,-0.81027153741491931,-0.025585342336307295,0.78349678757936214,-0.55748112654000048,-0.27449513184118962,0.20815224702131546,-0.18076180240016243,0.96124804959647281,-5.6022704009754429,-7.4860034461782927,-2.4250021292815886,,0.1807495671812938,0.2291666666666667,0,3
0.56964929639294415,0.78163969799724986,0.2540453928607877,-0.78916079100098047,0.60653737572193733,-0.096631556952438413,-0.22961908689333874,-0.14543656475286293,0.96235299166530164,-23.321242266665958,-11.997581964885988,-1.3188297394977457,,0.6108607634358467,0.625,0,1
0.78986105560100828,0.58937541793335813,0.16957632376231085,-0.57892680585920941,0.80779091374201695,-0.11098465269346899,-0.20239383958637114,-0.010509824533087077,0.97924781198926858,-4.8106147997261468,-15.185504667431029,-3.8396710853333662,,0.1988621435270161,0.5416666666666666,0,5
-0.99339239017421876,0.049363148070912376,0.10360906696077553,-0.075579304725326979,-0.96075386003524044,-0.26690782889346304,0.086367400338261041,-0.27297490734482388,0.95813640579976722,-7.832266663426168,-5.1437367025077325,-1.7580937695246288,,0.09282827722204916,0.3831775700934579,0,5
-0.73863918074981527,-0.66744139786316969,-0.094520585481148708,0.6366254891744505,-0.64458369042374553,-0.4233436577688342,0.22163065490728606,-0.37287242651899377,0.90102497542920779,-14.355784956459349,7.7276027271259089,0.91089016766888309,,0.3257226380908236,0.3225806451612903,0,2
-0.3893086845600619,0.85868890843744239,0.33330482542655548,-0.90645344395084415,-0.29286497442786269,-0.30425689918721616,-0.16364871547240031,-0.42057516008423496,0.89237639628373899,-25.929465564286119,-5.8803401760076683,-0.023914673417875031,,0.2356915259035217,0.2413793103448276,0,2
-0.95976259967424948,0.22309865019150249,0.1705366369706397,-0.27755326783091017,-0.84591675426177582,-0.45539985548483103,0.042660705372851243,-0.48440875006749373,0.87380102258760228,-16.84270197281251,9.8853785420346814,1.4758124602185405,,0.3788102359399741,0.1052631578947368,0,1
0.72797370450039989,-0.68556878825971523,-0.0070513913571339073,0.68144243448412267,0.72464720260432758,-0.10257992124229628,0.075435363327273436,0.069870367981207979,0.9946997726137542,-10.437644289640176,-3.1420283211142541,-1.1500469017757731,0.5575934358179461,0.3045704549870095,0.2514970059880239,1,6
0.99078101183869505,-0.062398054258200608,0.12024753388190947,0.058748436956033434,0.99770504341747623,0.03366403859541009,-0.12207214151932161,-0.026289335558757499,0.99217300059050417,2.5245796576799244,10.246247574562034,-0.31548967790132587,,0.5397547332644319,0.6060606060606061,0,4
0.79737785843794906,-0.60300532247470517,-0.02394017418663455,0.60206324066976347,0.79759625740034268,-0.036879051169850047,0.04133285747600865,0.014993039990034644,0.99903293421424566,-7.5776637737110253,9.8604207832525308,0.46382800813821856,,0.207294648944559,0.3888888888888889,0,2
-0.99053761550968389,0.074102608003775591,0.11551638735448438,-0.11091022285058953,-0.92797545751632005,-0.35575338749562418,0.080834118586306514,-0.36519906042378858,0.927413333707231,-20.918393474709628,1.4586962829529517,0.68919699107286958,,0.3121347886461446,0.3125,0,3
-0.270382255283524,-0.94345224907152736,-0.19181055692967253,0.94549713622708387,-0.22266104196137335,-0.23760729319416538,0.18146239669468106,-0.24560112808077936,0.95223499435342673,-17.728463100470204,-13.895010389330508,-2.2383522668953462,,0.1393722627995131,0.2857142857142857,0,2
-0.32068600090088534,0.88056496425703568,0.34894961319537743,-0.9297037573763276,-0.22217408004288142,-0.29375091774739842,-0.18113920709370698,-0.41862157359613661,0.88991267311650224,-13.362821773343232,-12.361488218798954,-2.4489052431142508,,0.354866632641395,0.2857142857142857,0,3
0.7831671166662687,0.59730787278697739,0.17283683773819172,-0.58571952614404432,0.80195869538346998,-0.11745163937739565,-0.20876279377858026,-0.009249648941327418,0.97792256335981087,-14.217407617052817,3.2306133555626348,0.22439794997802801,,0.1383720748990697,0.3137254901960784,0,1
-0.31270055755370829,0.93004216028828979,0.19297653067637749,-0.93505642445426762,-0.26569077221867704,-0.23468680543363138,-0.16699654006116416,-0.25383063968743813,0.95272354960054684,-22.25031210875942,-10.634936880303687,-1.1495018175667322,,0.07137584806858015,0.1739130434782609,0,1
0.35011962503802763,-0.93508950765510113,0.054989642993683953,0.92805590219630807,0.33832927818102471,-0.15570980034700607,0.12699799432207057,0.10555051965219611,0.98627105667728288,7.1592545881344396,-4.2982579442127093,-3.16579989238048,0.2641198210257509,0.1507182161221074,0.492063492063492,1,7
0.82216181171279301,-0.56642136887214989,0.056716736913687643,0.56876072887726203,0.81321599815810885,-0.12325166784557173,0.023689420595328945,0.13359106715910765,0.9907533689708794,-7.9135680172065195,-25.369087232164976,-5.451360714361714,,0.2878944047336589,0.6176470588235294,0,2
0.54102216278065818,-0.83780230988624937,0.073364221044084188,0.83221704547604869,0.52074563762981507,-0.19036483422269734,0.12128399976607238,0.1640465496095046,0.97896829415561848,2.1023381262142484,-0.96338280378111874,-2.0716688441411959,,0.07445750271101122,0.3008130081300813,0,3
-0.84965621236426825,-0.52511294929272578,0.048380897841005403,0.48756711652817253,-0.81721816230873578,-0.30729917356403252,0.2009045237698994,-0.2375097170177026,0.95038229500078664,-3.0159205363277963,-17.844965839170843,-4.5416956760665625,,0.4457883520189643,0.4285714285714285,0,2
-0.77642278211656524,0.59868959852172166,0.19682080182814238,-0.62888582098222101,-0.71578088975508025,-0.30357921870402121,-0.040869151910592372,-0.35948363312301967,0.93225598948935906,9.3683791868039865,16.047444969884385,-0.18567208798943516,,0.2981095383755407,0.2380952380952381,0,5
-0.25175483933051551,0.9464284214953802,0.2022195437128399,-0.94997447481585551,-0.20175643109344696,-0.23841736453281745,-0.18484587653503515,-0.25212613013767154,0.94987600055470223,17.057666417098677,4.2901315213601974,-2.8480824006960694,,0.1258763102649969,0.25,0,3
-0.89026930323954012,0.43764752464245144,0.12603654979297593,-0.45543439131919428,-0.85532476795145984,-0.24697987070304941,-0.00028794634462250899,-0.27727997674393101,0.96078911920555543,16.391837578345413,10.607543818690896,-1.7234484004857726,,0.09967016525202807,0.35,0,4
-0.94022876679706979,0.28638948422256144,0.18425777979232369,-0.33308780971274715,-0.88599923905319611,-0.3225800046777883,0.070868731525446954,-0.36467302028514875,0.92843481794258542,5.0223373447850665,-6.5364521539587006,-3.365227763241128,0.4152611851594468,0.1481161873628296,0.2592592592592592,1,4
-0.43936810011788735,-0.89147649175455412,-0.11056824701418785,0.86767762278189942,-0.38929280291520063,-0.30917091797576746,0.23257518251599879,-0.23177743256714847,0.94455704233795812,11.78035919029271,-0.33743076190939686,-2.9973106713647204,,0.5457478608561027,0.1694915254237288,0,1
0.064820380653473897,0.96527250735531278,0.25307568985567858,-0.97522447596230621,0.11502993916060696,-0.18895855254725441,-0.21150777701064608,-0.23455724171446071,0.9488136595893425,-8.3107848208091628,-16.26541136855634,-3.714795068285436,,0.2205398177804074,0.2857142857142857,0,2
0.72361995095355414,0.63395739931967809,0.27289591867560797,-0.66207911895340554,0.7492848779640604,0.014946969601353013,-0.19500104314555922,-0.19149461481256233,0.96192744303815902,0.72270840764445454,24.381006052991953,1.8601645101461945,,0.4121037334050433,0.4642857142857143,0,3
-0.9857388657797469,-0.14275099895611676,0.089112517573510519,0.10899720953337436,-0.94505550970772068,-0.30820397772419827,0.12821270141915028,-0.29409562368065123,0.94713740678250768,-10.752186530679177,17.181659163270545,1.7837982353223343,,0.6031958301366138,0.64,0,1
-0.79441990329809953,-0.60689318504341638,0.024034957701131364,0.57107045985839844,-0.75983277211157829,-0.31069710056959171,0.20682250148606948,-0.23309830624243277,0.95020504761127922,14.382524863618915,2.1644691969534837,-2.893381292292919,,0.159641815303239,0.1666666666666667,0,1
-0.80628779368864956,0.5779454644941272,0.12601203839061287,-0.59012768625377576,-0.77129541729834239,-0.23843802794718158,-0.040611669079895052,-0.26661286414057994,0.96294770003842989,-15.747875799895953,5.0096730388299209,0.66068653947712686,,0.09153040932492912,0.1818181818181818,0,1
0.96774245969567796,-0.25067901025185108,0.025190583981151777,0.24691575577257566,0.96355641374546908,0.10291572805566507,-0.050071361609375503,-0.093375967727902298,0.99437105116624391,-2.5136828679731207,-17.118381587599231,-4.4783504830913126,,0.5313435291008184,0.25,0,1
