axis_00,axis_01,axis_02,axis_10,axis_11,axis_12,axis_20,axis_21,axis_22,location_x,location_y,location_z,dbh,dbh_approximation,score,reconstructed,number_clusters
0.85776311434490959,-0.27292997308562356,-0.43560494655226656,0.43606177931280804,0.83505718538550033,0.33545435122918765,0.27219949355549933,-0.47769103710194077,0.83529558168387463,-28.580942191951628,16.356959765380235,-15.745061030649261,,0.3529739852171833,0.3571428571428572,0,1
-0.9300462896247772,-0.1511170120754855,-0.33492916835737402,0.15759853532648035,-0.98747157350570702,0.0079115852464086301,-0.33192860801403157,-0.045426205867765829,0.94221009281493395,11.145207793905158,11.42929476446229,2.1472527598707769,,0.08444345439338267,0.2380952380952381,0,5
0.31104221143730043,0.92206098660401326,-0.23033948790215505,-0.93503061225723938,0.34029469710682697,0.099585507293104752,0.17020721737354683,0.18439917598461816,0.96800126397135844,-12.072566046037121,14.076683472000827,-7.7918778772915589,,0.09665761676334872,0.2777777777777778,0,4
0.82380132289841257,0.49020397967946011,-0.28469534365219995,-0.47906798448069871,0.87051771440238535,0.11266221707940938,0.30305980702895247,0.043577141003813692,0.95197467726064389,-10.593241945317942,-9.2117847573134259,-4.6802652852480495,0.1762599654670442,0.1478754205383219,0.6363636363636364,1,4
0.79719974028246898,0.52691621555637291,-0.29467248917622829,-0.52491219952853763,0.84607953839932615,0.092825629478588939,0.29822769301269975,0.080676616722155384,0.95107913794520249,15.311267689823627,-6.5312304534274288,5.2694669396971667,0.2944421678643905,0.1786664300985141,0.7804878048780488,1,5
0.43277710441483397,-0.77527930513262988,-0.4600499722066918,0.89498160009515626,0.43075262461826053,0.11601772224791106,0.10822159389615935,-0.46194607414453281,0.8802805866296427,-2.2782008610717739,-7.0595044939454077,-1.567617416638458,,0.0938161180602754,0.2727272727272727,0,5
-0.82588628961536903,-0.43715925881386941,-0.35609495792367968,0.46608149912398966,-0.88472676429875752,0.0051564239338390827,-0.31730091837196639,-0.16171065198916032,0.93443554739401236,10.433971333201587,7.1154306114989394,2.38494344533785,,0.1086302106655125,0.3255813953488372,1,5
-0.42181474365110105,0.88831936642466613,-0.18155171514870139,-0.90056241635841749,-0.43370781941294856,-0.029746623720236693,-0.10516490042425766,0.15095108682929229,0.9829313877905268,-8.0694768899247062,5.5681026511248284,-5.3929423035958521,,0.4685573341772737,0.1122448979591837,0,3
0.74241034231899217,-0.57278282205370123,-0.34748629092094518,0.63173445055852151,0.77120047933525238,0.078494615424251984,0.22302122678193864,-0.27779427537887813,0.93439385323930946,4.999247851499824,0.8612394875447944,0.58776366124846435,0.4719136439243009,0.4025871750450877,0.9111424541607899,1,5
-0.86998765828787328,0.40480427325504181,-0.28152260083559677,-0.37808494357309952,-0.91416979176897062,-0.14610053819340366,-0.31650157956968777,-0.020666208445998459,0.94836683723038195,4.8350372995385174,16.513009649332584,-0.94463470125032745,,0.5487476314171741,0.25,0,3
-0.011807036494043426,-0.81967850001169829,-0.57270214816063114,0.99685701275230143,-0.054518940922918306,0.057478528227524035,-0.078337028382414783,-0.5702235015318261,0.81774596806404187,1.3434967703961267,-7.1134395984723326,-0.18681259634336528,,0.5787626429021117,0.5441176470588235,0,2
-0.1011673056346684,0.98125742142788241,-0.16400929596618291,-0.99466139783393881,-0.096391134913492285,0.036843625895436979,0.020344039167666875,0.16686108594513682,0.98577050983865022,-6.6922532054021442,16.868398112913422,-5.8541796280395504,,0.1737385978982393,0.3,0,4
-0.92779344683591125,-0.11632887177786527,-0.35449529418488535,0.15662575675307125,-0.98381138466644313,-0.087083475597979992,-0.33862618376296172,-0.13631857170461117,0.93099385319052874,29.265079369720102,0.31169839361464696,10.136183811495075,,0.2649120850870963,0.3333333333333333,0,3
0.87432287511885476,0.4017797059192415,-0.27227298425541108,-0.35963908719353632,0.91303114808149688,0.1924418083358812,0.32591292856605059,-0.070336267632223115,0.94277970515336662,2.2457713990999144,6.5927361127358397,-1.1335834187147464,,0.2621785682253279,0.1458333333333333,0,5
-0.36358256562031122,-0.8129003617131989,-0.45497331779292571,0.91146201389304071,-0.41133208974588076,0.0065505095473342148,-0.19247003716681449,-0.41230924543579822,0.89048097729326459,9.4412065727211498,5.1588675083204931,2.1506361675999326,0.4476674193073231,0.4926829521580783,0.6153846153846154,1,5
-0.63851265235175303,-0.69021236311372469,-0.34045335450204578,0.73487412988140166,-0.67819543226656942,-0.0033119305264788564,-0.22860797452796924,-0.25230507219976223,0.94025557404595606,-6.6631419015996425,12.432259593299978,-5.2342286862670999,,0.1310473148249914,0.25,1,5
0.32424477829026976,-0.87553379180116131,-0.35819813395071487,0.94403426798774315,0.32371713114017109,0.063297076324452833,0.060536143058012429,-0.35867505965798302,0.93149749165684925,6.6880184276534749,18.732336849331876,-0.2495731033482835,0.09149292819630872,0.09354309861418801,0.3333333333333333,1,4
0.90639790294475253,-0.24948697689141583,-0.34087987605450787,0.30524118113199222,0.94465188360973218,0.12025240177947236,0.29201140881565024,-0.21304710078798866,0.93238418582005755,13.672019824103176,11.109280025052554,3.2235113741626691,,0.08147696750104227,0.2857142857142857,0,4
-0.58722026599129151,0.75214167180041436,-0.29909072996399522,-0.79307116910444853,-0.60854175155468571,0.026740556278049183,-0.16189650998221405,0.25290283145119957,0.95384992420167747,-0.022540886847455772,8.3728733735093499,-2.1905571280871854,,0.07944767465350025,0.1904761904761905,0,5
0.71170810464135137,0.62888252568951886,-0.31301492403747894,-0.64412901864750605,0.76202683066953403,0.066429787565132056,0.28030230310152304,0.15434337764257697,0.94742215545862374,0.14102268689965353,-7.9207928529875691,-0.64871417635049922,0.2156169422619504,0.2137060121653106,0.8237410071942446,1,5
-0.93561453531164518,-0.12339550546908953,-0.33075518218707023,0.12591905246568488,-0.99194346590988947,0.01387633470411086,-0.32980271912117121,-0.028665478693095291,0.94361457003989602,-11.041513477869014,-5.7890534821878097,-5.4785103652274882,,0.1212657540503481,0.5245901639344263,1,3
-0.2108903551051492,-0.90948272435979138,-0.35828261500485264,0.96962715083689832,-0.24108500114270698,0.04124573413020563,-0.123888847292816,-0.33870222366425701,0.9327016442578755,-3.4646269706006851,-2.7712672148802611,-2.4901462171192299,,0.1211221955512896,0.634453781512605,0,5
-0.87805238969951382,-0.32685162619147573,-0.34955974510655896,0.36233785440345839,-0.93121238735465295,-0.039430557991839019,-0.31262642276249253,-0.1612808236996498,0.93608397897704188,-0.15613453573083241,17.416529507061806,-3.1059842894470622,,0.105399061380083,0.2068965517241379,0,5
-0.55844734678162988,0.81680598827553974,-0.1447913615854835,-0.81488771780701474,-0.57282317642417657,-0.088496417546662376,-0.15522425145522437,0.068568112621951879,0.98549675072606391,-11.907233576540149,11.465010639764804,-7.5211081668705075,,0.3810105151403144,0.4259259259259259,0,2
0.92722330628593952,-0.16247560973756875,-0.33742942450322533,0.20986742876755918,0.97165359850781952,0.10883449292067664,0.31018156396321506,-0.1717293240748724,0.9350382006261152,-21.175208542924796,13.378026323201217,-12.190934221886067,,0.1100960644529817,0.25,0,3
0.28718198428991321,-0.82771239326510682,-0.48209822851225936,0.95670076850829144,0.27277725181771467,0.10156874729178042,0.047435718977944269,-0.49039246010325827,0.87020979518672459,-15.212769724747522,-3.8654822511714171,-7.4313972941043325,,0.2756064430502012,0.3793103448275862,0,1
0.63746006908803243,0.75222119345126293,-0.16675711811206204,-0.74628501729285612,0.65662070320048915,0.10912343970338494,0.19158114020561615,0.054886503361523502,0.97994088518964395,5.7122242423209846,9.5586464459555387,0.12827470273067251,,0.2790471278064606,0.2972972972972973,0,2
0.17777245826899274,-0.87342449402165334,-0.45335042331955477,0.98405029198185723,0.16081370275240175,0.076052454644708473,0.006478883501227114,-0.45963964825728687,0.88808187562774676,-29.556642241009328,9.8782882011534117,-15.768415921122347,0.6003876237343679,0.397544625314474,0.4693877551020408,1,5
0.87083284789349225,-0.27198882477798875,-0.40947799724233924,0.38021440769413034,0.90066092061431713,0.21034949550681561,0.31158811789205049,-0.33886868441043433,0.88773918439732624,12.924870714573995,7.0428777832294758,3.3766870335137216,0.2370872796103023,0.2643344830726145,0.3823529411764706,1,3
0.81813007767752477,-0.46482219384844153,-0.33853139308679836,0.54227719345631664,0.81951532845435149,0.18528376044731068,0.19130766178202863,-0.33516407106710838,0.92253261406262199,0.75232551255526015,-3.1613557831044901,-0.65272571649962041,,0.5563818999717568,0.4479418886198547,0,3
-0.61113292764106975,-0.70713207994797755,-0.35564134498298039,0.75192615087972081,-0.65899623733458423,0.018194032045404221,-0.24723189190730152,-0.25629705555723581,0.93444540286558664,3.5162583217946453,-3.6261022240357104,0.35956606948204567,0.3292827535680619,0.1681543713688629,0.6837060702875399,1,5
0.72804266281322172,-0.58940458198517698,-0.35008016204679776,0.64867116303227212,0.7574952065679279,0.073666371411735806,0.22176474781667377,-0.28071916707181055,0.93381858295084041,3.0061628257605331,21.706008025912855,-2.0536133953860634,0.3686810728508521,0.3022469928757927,0.82,1,5
0.25167233820322693,0.93133623515429731,-0.26319926153380596,-0.95850239244986035,0.27748796214297583,0.065372735399654089,0.13391862398940377,0.23582461269841759,0.96252405382641038,-14.32937116486784,1.6193603754533326,-7.7613739106074036,0.3017026726265126,0.2401958086318708,0.1875,1,5
0.41390858939875869,-0.74287162346828017,-0.5261382239179474,0.90493929519477179,0.3985162657048415,0.14923021805605871,0.098815745882528283,-0.53789082257858845,0.83720302875193275,15.565896157240845,17.087279981698696,3.3993919033457649,,0.4215982597925031,0.3333333333333333,0,2
-0.59190414914141187,0.75527393322571035,-0.28144406907758052,-0.78927102295728324,-0.61391937562249177,0.012419845218579504,-0.16340358181247058,0.22948700622269355,0.959497255559285,-8.9311440838572089,13.898481244414326,-6.4506684411105031,,0.1258307236276314,0.375,0,3
0.82106583478004502,-0.34655530177836119,-0.45359708747549932,0.48068675075107276,0.84833622905154971,0.22195920825902257,0.30788170229703926,-0.40028123274506028,0.86312443604776445,-12.095693079776121,-12.511593795905288,-5.1306679969885778,,0.5113531017729837,0.2295081967213115,0,2
-0.88874747339849725,-0.24974167977840803,-0.38439175577689749,0.33421801592196099,-0.92694573095263544,-0.17049906070671508,-0.31372957520924732,-0.28000125937242371,0.90728884507023522,23.787148882157297,-1.4614711804264655,8.0205947897117369,,0.4854081551050007,0.125,0,4
0.90054814055961163,-0.25177638405245084,-0.35443151520159882,0.32532438099890543,0.93106059812817343,0.16519748709011869,0.28840439258497347,-0.26407350311359074,0.92037388668465125,-18.712001719570615,11.106133209490636,-10.730797971323632,,0.08021705842123653,0.125,0,5
0.070462259176634581,0.97877154877824124,-0.19246123072964166,-0.99369536662313529,0.085740788530907677,0.072235971190340295,0.087204291083858146,0.18615792350674126,0.97864224266696187,-10.719613811470117,7.9091716927576536,-6.7703400017565674,0.2481010396188136,0.1764006943568794,0.25,1,5
0.23309072805623329,-0.85717058880236408,-0.45926821595492956,0.97103127962088187,0.23070343344132399,0.062242909605975894,0.052601962815547014,-0.46047204854430995,0.8861142849640552,13.556027241891195,8.2934066929745907,3.4876861406424577,,0.1768584881165342,0.4210526315789473,0,4
0.39235217919966514,0.89704729732085808,-0.20338612009332763,-0.90125673922203797,0.41911322556475095,0.10991084643277661,0.18383704056618444,0.14017935128275447,0.97290990949306955,-14.13796952433521,-22.787154869584597,-4.8951306583529197,,0.2350198174683894,0.48,0,1
0.55584540267831173,-0.75144756321053907,-0.35547496123683153,0.81837635789676177,0.56972664309194965,0.075310616693853902,0.14593157697022155,-0.33277336416263809,0.93164685527664559,-1.8313948653992072,-5.6286298619612793,-1.5871736446915867,,0.09943311335622351,0.5909090909090909,0,5
-0.78740569666063276,-0.47522763340243723,-0.39262063791540752,0.53834293920390464,-0.84041090303561417,-0.06242110114507872,-0.30029843268935663,-0.26051527884095699,0.91757977354273323,-10.558688240032263,15.268511805654285,-7.4623510624560438,,0.4738959069604954,0.4020618556701031,0,3
-0.26762481956411577,-0.86966844215656758,-0.41479363142440212,0.95218439171629976,-0.30456344214131337,0.024207310525851167,-0.14738331019872852,-0.38848154451402589,0.90959345283860837,-13.959160016938959,6.04471966798046,-8.0151855354386008,0.3689566508113357,0.2860131216532579,0.7041095890410959,1,6
0.94190448401993776,-0.044995440648938942,-0.3328533510480905,0.095811812307707092,0.98580594370394459,0.13786492657775254,0.32192551872358344,-0.16174687532927551,0.93284613346240997,-22.426929870942704,4.7998665239401568,-11.640003672764191,0.3893710552956296,0.3274836379406474,0.6336633663366337,1,5
-0.49700933062359698,-0.7712936768701496,-0.39760255191989202,0.84056542500581777,-0.54171002511343114,0.00012237808697062233,-0.21547967783035676,-0.33415013498685325,0.91755773427637466,12.017546156160748,2.6935830562225327,3.293140188333155,,0.08170259341205745,0.119047619047619,0,4
0.81985461094484846,0.48267852311256138,-0.30799327953438987,-0.48270226973171987,0.8719732759607598,0.081615714210608994,0.30795606132745335,0.081756035472241195,0.94788132957430093,3.7402619648047386,7.7938678655653657,-0.48324352652789787,,0.1008478131174894,0.3956043956043956,0,5
-0.69038138747890587,0.66980659145946242,-0.27337276722482751,-0.68376974444783412,-0.7275590291550913,-0.055828269475661017,-0.23628896800410881,0.14838122904316423,0.96028669389260768,-9.4685072006272595,-19.070698311553155,-3.4657770662657783,,0.1586140785661349,0.2352941176470588,0,2
0.93051841688582126,0.18843158614161282,-0.31405256435899748,-0.16066230143186414,0.98059702597597143,0.11232585430655839,0.32912474950225651,-0.054064868364190909,0.94273744450607289,7.7847639013913907,11.239019465680148,0.83094999195157127,,0.08925800584755908,0.3055555555555556,0,5
0.56825591121181407,0.77442337589438981,-0.27812524919749509,-0.77599491306012791,0.61678828472662095,0.13192462517967968,0.27370990898693631,0.14085683047808056,0.95144218901099487,-10.439812158567772,11.50680527735091,-6.7806827659800222,0.4003011382844307,0.2425040516079761,0.2195121951219512,1,5
0.83229343079197204,0.52203666417389027,-0.18645472994463494,-0.4872541858138843,0.8493402114269063,0.20298907276045233,0.26433123816034032,-0.078095624150757326,0.96126482824512316,-14.44554517564738,15.060208895807316,-9.0632954381909752,0.5189928637466795,0.2580014753621221,0.6567164179104478,1,4
0.93749007513314209,-0.10390788559988358,-0.33213778817987311,0.16666115436843676,0.97187724455960167,0.16636911111086067,0.30551009582571376,-0.21132385766259165,0.92844267918443135,13.580948914645315,3.0708205234011281,3.915677842613257,,0.1529021870902393,0.4444444444444444,0,2
0.42871470949222007,0.87617609549589137,-0.22027062343075768,-0.88206950681550456,0.45865842863531059,0.10763749805731802,0.19533838079407914,0.14814822146539974,0.96948183142614108,-13.22655313937584,-20.826150404612601,-4.8134489006216805,,0.1248287817647989,0.3333333333333333,0,1
-0.93821467883669507,-0.11367537302422857,-0.32685031127896969,0.1081069112169666,-0.99351529893451873,0.035217134042688628,-0.32873410556631294,-0.0022935454772635136,0.94441973056827833,-5.8328766226032709,15.43430563893757,-5.3793845283712871,,0.08503921659462167,0.3846153846153846,0,5
0.40997220217639097,-0.75934517085081843,-0.50528972377061121,0.90930908587063874,0.38355805104111174,0.16136978600297686,0.071272573937966904,-0.52562166335405558,0.84772760201445108,1.1478475555575198,-12.966220575233073,0.26156775180640524,,0.4550032263358803,0.4423076923076923,0,2
0.57001339849070454,-0.73689918861706605,-0.36340653730579248,0.80943013666557528,0.57958584124199353,0.094356274244791247,0.14109422170530164,-0.34793654370778559,0.92684010603450606,13.656855530572701,17.283428212147932,2.6413058352130876,0.2478947485745479,0.1879074862552352,0.4615384615384616,1,5
0.93308949060577961,0.22850333237679896,-0.27772329685092167,-0.14363633322588898,0.94472942832744367,0.29471157260875169,0.32971594789829067,-0.23510111515005677,0.91433848183084343,-19.117741226527912,12.086850101899566,-11.077072714100096,,0.2380982621896872,0.1578947368421053,0,2
0.46531833556213487,-0.76735224554731796,-0.44119086328161156,0.87785222962031084,0.46391736373033721,0.11897958892240251,0.11337684746161435,-0.44266376730311147,0.88949113518723899,4.5194526870287328,18.326705302040796,-1.1749000427995198,,0.3674534140316921,0.1481481481481481,0,3
-0.0027203065414351845,-0.86464991702137306,-0.50236751579620786,0.99967083418679981,-0.015167467540961276,0.020692298196711312,-0.025511236908240271,-0.50214586419020357,0.86440656398947202,16.399048537775037,10.322830281474824,4.3457059468646699,,0.1390797246600631,0.2105263157894737,0,5
0.92826408253238524,-0.16666155606433736,-0.33249017851738344,0.21060149369397321,0.97238634293892356,0.10055750056426574,0.30654983923364743,-0.1633668442373748,0.93773048914373291,11.547555454491429,9.2065913352197093,2.5418189856553393,0.3780048561457755,0.3751726099423923,0.8121212121212121,1,5
-0.18454316152253772,0.94447163781396049,-0.27187708049830905,-0.98277385828761588,-0.18013828472707349,0.04130062762312213,-0.0099681995236152229,0.27481543577573148,0.96144532411242956,-4.7221259738219219,-8.2747593438547735,-2.4573713994450861,0.1654012353090946,0.1212327831853229,0.4925373134328358,1,5
-0.53888020778387802,0.7933239386628802,-0.28327592556237507,-0.82768211504770473,-0.56118982062844891,0.0028812589555928876,-0.15668579415174824,0.23601507063623159,0.95903412261692322,4.0521708500735141,27.00685183444822,-2.1222368188905847,0.1842503139017181,0.3206427378764296,0.4166666666666667,1,4
0.49507921973558966,-0.75964297116911883,-0.42170976101977281,0.86111676694570749,0.49360628677485635,0.12178155583384406,0.11564808632646274,-0.42343286363919908,0.89851551467925983,0.86145457322236285,18.926366466593834,-2.7869567961398305,,0.08820426790589091,0.5,0,5
-0.87974733506741454,-0.28388552896108554,-0.38138383931187547,0.34639788638420993,-0.93217308239699792,-0.10517532392644144,-0.32565799660124095,-0.2246382667778678,0.91841413226751956,-1.1352852144288821,-2.0722526483392985,-1.5129906356490395,,0.4699862162384698,0.2659685863874345,0,2
0.34650613596400398,0.91385285568637875,-0.21167535494985371,-0.92227658293815795,0.37309797251417398,0.10101389740886516,0.17128748437411076,0.16022128778556244,0.97210582584260108,-0.55622883916781896,-11.286497422004382,-0.62613595274686773,0.698153632515664,0.3006685681194196,0.16,1,5
-0.36691350793340938,-0.80582439430355823,-0.46478115628896188,0.91365245615156809,-0.40613552014845372,-0.017121000027831925,-0.17496761718731832,-0.43093037119591537,0.8852600454763242,-0.22449055026299553,19.187047625619893,-3.299778828215929,,0.6100738121236206,0.3125,0,4
-0.56924954458686272,0.76715639004629121,-0.29567892924385464,-0.80816114220479096,-0.58820954116041302,0.029750696094456297,-0.15109773068414248,0.25589179138651436,0.95482399785672711,-3.8707911622233251,5.818313007306072,-3.5468063287646605,,0.08981471486055961,0.4755244755244755,0,5
-0.49728421255713301,-0.69304764675780672,-0.52191318364733552,0.84008540543007104,-0.53491401059366761,-0.090130532307259578,-0.21671392092993108,-0.4832721392694419,0.84822350585273898,-21.245656814920025,11.591030877910516,-11.919888799122775,,0.6024000381134628,0.2926829268292683,0,1
0.89865531287788758,0.32462856423495057,-0.2950168197223676,-0.29389790349224015,0.9448588025283543,0.14445021844064343,0.32564190602441068,-0.043106131436703624,0.94451003725389271,9.3751298692048621,19.155045231761292,0.83224147245262403,,0.1065205535106725,0.4736842105263158,0,1
0.89724412307902357,-0.24355576009690275,-0.36828463900056424,0.32735047942010381,0.926679318365211,0.18468108873844771,0.2963016152902041,-0.28626217465430209,0.91118566721530891,-8.7725299296508918,10.095312283991337,-5.9575622183488095,,0.08720713940493997,0.32,0,3
-0.52175520624745819,0.83559179074907841,-0.17192400642848155,-0.83837789760420145,-0.53950608897296004,-0.077818254734088335,-0.1577783431350169,0.10353520750860001,0.9820317995073885,-0.58626066874604832,10.994575284941281,-2.6866005281060548,,0.2451681282117765,0.2840909090909091,0,5
0.8156861012387816,0.52852603405094634,-0.23519442080171604,-0.50162165328755837,0.8487118194032659,0.16752302694929946,0.2881525658378446,-0.018667590513426993,0.95740253805047448,20.352881364463762,-9.6164096473218112,7.3466927314974253,,0.2105391525077832,0.52,0,4
0.19983790045718275,0.97059704163036098,-0.13418716898145835,-0.97229182402091685,0.21338610937545036,0.095472390080532682,0.1212988972866042,0.11139008530386213,0.98634620008040486,-5.4969424081408746,-6.3720360910447065,-2.999767731970211,,0.5171479400157292,0.4532019704433498,0,1
0.95790332455428018,0.13947541152058232,-0.25093391637843804,-0.074252226888928421,0.96467922143370299,0.25274613060559215,0.2773226056597114,-0.22347395668226799,0.93442579324143193,16.207895166257533,23.796754417656423,3.1827256647229833,,0.4570658560070694,0.7878787878787878,0,5
0.77197891181415923,-0.50068145287495003,-0.39162053375845191,0.58127412737810746,0.80537175807329486,0.11617538525328766,0.25723325709372336,-0.31732383151121651,0.91276318801756828,-7.012127411063342,-4.9378302063642083,-3.9242876165488889,,0.08624211281887005,0.1444444444444444,0,4
-0.4451907014841997,-0.78279374077986918,-0.43478638284549104,0.87424382393296141,-0.48498906394298158,-0.02198508973793575,-0.19365685019404952,-0.38989686745544694,0.90026521487912092,-2.4312408487230517,12.338430423916723,-3.5130850435698742,0.1842638530281533,0.1948259443597193,0.3571428571428572,1,5
0.22642307200107303,-0.87119265442089144,-0.43560986139971403,0.97369321012366783,0.21419100726043833,0.077741526662563593,0.025575868013893346,-0.44175283959680439,0.89677215817814959,4.786454399864434,10.682057385850049,-0.40351740799964303,,0.08296494573047848,0.21875,0,4
0.67288350827598697,-0.61948548990944718,-0.4043086841533981,0.71366675803479351,0.68747295940346465,0.13439006125882211,0.19469859466957518,-0.37897052376232981,0.90469541800154929,6.8786516402927402,7.382842209671046,0.94910498855581515,,0.07350722584519623,0.2692307692307692,0,7
0.77122757396957087,-0.52507866482652377,-0.35986167466542779,0.59193454062432116,0.7995027701719527,0.10202362522106798,0.23413997686188731,-0.29169798804820368,0.92741078007738598,-3.0383793348278791,7.1710526890119981,-3.3511205466860492,,0.07186837108428927,0.2992125984251969,0,5
-0.15458982730626583,0.97515763096812202,-0.1586492359201849,-0.98794936785535059,-0.15381732044702176,0.017212741928897077,-0.0076178637183613035,0.15939832714033667,0.98718495807889528,-10.438557360668002,10.167921567262495,-6.7288186188443584,,0.4724757737382262,0.5102040816326531,0,2
0.94224426099036496,0.14385211760946937,-0.3024604451659626,-0.02363153999722058,0.9293688607631545,0.36839526457482635,0.33409175827619664,-0.3399707177141405,0.87909192246820889,-15.779877469467332,10.310832126958058,-9.2065333512551373,,0.5123492599789815,0.4701986754966888,0,2
-0.90974052066275646,0.3329956702507984,-0.24796384546638497,-0.321827333283767,-0.94292627306985488,-0.085540698536144433,-0.26229630690445277,0.0019817035131067902,0.96498534716101769,-5.5838252284701841,13.742519801266814,-4.9310607256145769,,0.2688483562680538,0.25,0,5
-0.69372562881984501,-0.60470387418635807,-0.39125180697668305,0.67279565921066509,-0.73797433205005314,-0.05234392211674662,-0.25708121842288828,-0.29954483767757856,0.91879384921478213,-2.2883223815095479,14.540056504990687,-3.7130516125418911,,0.09760175529985785,0.2083333333333333,0,9
-0.52548621657532102,-0.75925197537498024,-0.38392795428119675,0.82040847438555076,-0.57172552545464173,0.0077368404395094601,-0.22537562278500142,-0.31091214423499736,0.92333063808230065,-25.199905103181738,15.13661503931616,-14.171895746951876,,0.07381088585521429,0.2380952380952381,0,1
-0.71680108198591264,0.67925605689124502,-0.15750370802105876,-0.65074882446985993,-0.73281095492328574,-0.19878146743476324,-0.25044395843166317,-0.039991418091637893,0.96730476591615078,-3.7531272551923851,18.664455850723769,-4.7491479879764471,,0.3463326464975118,0.2105263157894737,0,2
-0.008903643678001831,0.97232204238831421,-0.23347499012757575,-0.99879094456775519,0.0026411421614525037,0.049088424475979525,0.048346397784179609,0.23362977176271732,0.97112293535236482,-16.285270483980526,11.866505143930425,-9.672265071995259,,0.08068162047113489,0.1428571428571428,0,2
0.82310214763570744,-0.44124276642117743,-0.35750199389440085,0.50916364296251848,0.85219690436915441,0.12046916978533442,0.25150594275806515,-0.28118544995183653,0.92610987657661881,-9.0165868958398629,-16.16911705483281,-3.5471629580846837,0.2364943482908881,0.1721009905428536,0.4871794871794872,1,5
-0.5704371188416566,0.76759247962175148,-0.29223839356894965,-0.80614825445637461,-0.5913656861644262,0.020288347991331956,-0.15724657479439608,0.24716069763497614,0.95613027577836984,-4.4769811554736494,11.448694112454046,-4.2717735385762667,,0.07646458959240211,0.4074074074074074,0,5
-0.94226878861138408,0.15228492441704661,-0.29822614205352388,-0.10050540897755121,-0.97816168248577162,-0.18192961738776869,-0.31941852290543415,-0.14145325981361867,0.93699668223159194,-23.236693984813215,16.446318510505339,-13.248909098175556,,0.727393891100485,0.7142857142857143,0,1
-0.67893296862165042,-0.63872766628257616,-0.36204556680590155,0.6824371443126771,-0.73088019298253837,0.0096792338625338332,-0.27079432819198929,-0.24050179174181072,0.93211014369978162,-3.9549129827082146,15.811665817890297,-4.5477206601148357,0.1908838182245071,0.1092183378463162,0.2083333333333333,1,4
-0.93422204956409571,-0.10407824326794395,-0.34116987174502705,0.13602226209355781,-0.98815703561201595,-0.071018428491652477,-0.32973793582663641,-0.11275367953522036,0.93731504918466824,-7.9473171786446599,14.613602515434748,-6.131936040271408,,0.1038224235566992,0.2777777777777778,0,5
-0.78169416337502451,-0.51848814884179872,-0.34658948982336957,0.53997557751930103,-0.84073618972582376,0.039862701463898295,-0.31205866536296689,-0.1559894188588036,0.9371695100545977,-6.0127410586574799,-5.4770647892333422,-3.4527205374214143,,0.08176213346978185,0.3789473684210526,0,5
0.070822506078873748,0.96887416881619604,-0.23720669812092723,-0.99177600310488678,0.093811640467011223,0.087061678011529781,0.10660456039965148,0.22908998475187206,0.96755012613734059,9.2353234000256634,10.640723250743475,1.4334857652750226,0.5831869648759006,0.5143875511172318,0.6065573770491803,1,5
0.9371209139706892,0.14320536522935631,-0.31827129303201013,-0.11957823942279329,0.98848938755069493,0.092681040974937373,0.32788021784683208,-0.048795020946604463,0.94345832376185801,-9.4227775337053625,-9.4025837800767533,-4.2248431280633403,0.1818563816446762,0.09992548119124425,0.5416666666666666,1,4
0.92118887778544478,0.2822003403268229,-0.2679067363166085,-0.24034707122900034,0.95411589487845894,0.17859491731826557,0.30601362191254372,-0.10012905202638053,0.94674697577772271,7.8960566710573517,-6.8169277543161524,2.440414677928274,0.495573089242912,0.5050280903564163,0.6862745098039216,1,5
0.79415106195813301,0.58227008294258442,-0.17402770268209,-0.53123712331592687,0.80420740257591106,0.26652874601649629,0.29514608179982471,-0.11921411054125715,0.94798564664559581,25.818657525259944,-9.5146298402575749,9.4812236645008543,,0.3724546327958457,0.2,0,2
-0.90959610889426423,0.30145493699771647,-0.28593677560628139,-0.3118832984742938,-0.95007292464806048,-0.0094997886016296839,-0.27452454683909183,0.080537933983830551,0.95820139551787731,-13.237121300538021,13.7021885240255,-8.3087235976143301,0.1279378951071954,0.1454126892506046,0.5581395348837209,1,5
0.82389014918156633,0.50136505718666713,-0.26426899461303754,-0.45993781958704461,0.86393365314253845,0.20512397490615886,0.33115287133753019,-0.04745231711937016,0.94238317759015156,-8.8815921755485636,-7.0387567478617745,-4.3270543756426747,0.6969956685059754,0.5275726235461693,0.4347826086956522,1,5
-0.78270659431288359,-0.50548338192167774,-0.36312110627192834,0.5457484052561058,-0.8378897363149771,-0.0099733614410847365,-0.29921407951422213,-0.20597898043014076,0.93168857148803486,-12.15431231772809,6.481865410706388,-7.2897931776989591,,0.07663288228038932,0.2192982456140351,0,5
0.38313154849464182,0.88678579154450821,-0.25849792351753537,-0.90580578892884245,0.41550813976578904,0.082878577035146256,0.18090353587228505,0.20239551799176062,0.96244998052145614,-11.072748718427768,-0.592729130822232,-5.9773433172102282,0.8853723189455203,0.9445738445430678,0.5605095541401274,1,1
0.81230311304314662,-0.38700060021931298,-0.43634182468599697,0.52810394460607168,0.80556024416897654,0.26866134203849851,0.24752752621056329,-0.44866828330550756,0.85873563762299299,12.674329755993982,13.716018628697071,2.7202540130566262,0.3296459530472545,0.3364132502686102,0.6811594202898551,1,4
0.32666293092615356,-0.86684297833895196,-0.37666242241984871,0.94321555801427914,0.32441569543102422,0.071406356004317884,0.060297103400955031,-0.37859966648487475,0.92359436543267981,16.549115552042057,-1.0898937905615167,5.2991749669492751,,0.1040546967329341,0.4666666666666667,0,5
0.40826415912047193,-0.77948649399606385,-0.47510123348122107,0.90292993953802125,0.42139106683591032,0.084540481881513682,0.13430525180914982,-0.46349797676863391,0.87586056245721167,-34.968194720990674,9.9010452816043166,-17.595803421528725,,0.2198894591728286,0.1363636363636364,0,3
-0.82629334508911545,-0.46601933385216043,-0.31633097909852143,0.52356416930926541,-0.84256681614441475,-0.12633970455784446,-0.20765324094976112,-0.27001322339517553,0.94019837838341735,-9.7186830409616398,17.413834336436828,-7.3218031991886221,,0.2332487545087553,0.3529411764705883,0,2
-0.93778724995860496,0.1493843495957192,-0.31343163514703043,-0.14465368579270046,-0.98873552714114088,-0.038436552336511692,-0.31564281237130037,0.0092937325545035549,0.94883256770282798,8.0383879883669245,7.9910158166841665,1.3765624843160289,0.9416675856918642,0.668242122289751,0.4968944099378882,1,5
0.44775142180112421,-0.80476238391120269,-0.38971293244724364,0.88747435695999632,0.4531646142768686,0.08385164342896699,0.10912346225039479,-0.38340492668829262,0.91711107951961424,5.549619773569094,19.1744001984273,-0.8143003632314928,0.1719300458939701,0.2200018424158126,0.6428571428571429,1,5
0.78481832530156426,0.53591492082571046,-0.31121599237060382,-0.54131244315153537,0.83730882241514892,0.076777436757629811,0.30173007002975843,0.10820874984089136,0.9472327228816092,1.9003363046756088,-6.3537909216945598,-0.026434046790300432,0.1513953701259302,0.1127804920758577,0.4552845528455284,1,5
-0.377837433955658,0.92518989645170735,-0.035532084170260686,-0.92236237446255331,-0.37946622796780677,-0.072477803551746087,-0.080538957515010542,0.0053886302121508483,0.99673689556814937,-26.867088823287375,15.827566085399971,-15.049220338090016,,0.3472566856817855,0.25,0,1
-0.91382563160574237,0.32903707363932777,-0.23802797984949756,-0.27339746829734418,-0.93185606710621272,-0.23853321472269637,-0.30029408810192704,-0.15290151852813233,0.94151186199793702,-7.3655257669965479,-17.558318677910162,-2.7084827001994691,,0.4406361259210118,0.2222222222222222,0,1
-0.04653238466506765,-0.92623674930994127,-0.37405911485370319,0.99540069545093901,-0.074386115065994629,0.060366889775576117,-0.083738836110672746,-0.3695296877290678,0.925438067735323,8.2690916970588475,-8.96204466724806,2.6779765660540402,,0.130634585577181,0.2647058823529412,0,5
0.9454598023127605,-0.015263607459323977,-0.325380983614659,0.05149819283639237,0.99334312211382925,0.10304066131258893,0.32164218993362959,-0.11417733591425919,0.93995204006280064,-2.4044473233692698,-11.293574761334376,-1.3406190639337188,0.1463012283772379,0.1039994396259311,0.2063492063492063,1,5
-0.095910796914166457,0.99476577036623193,-0.035244590265278,-0.99517723112269063,-0.09509822566934803,0.024054233089362002,0.020576629711036985,0.03738167441701274,0.99908919157776677,-16.649982345315657,12.807912280356978,-9.8788307112908083,,0.3697955402912159,0.2258064516129032,0,1
-0.73238768622854211,-0.5589195174651832,-0.38886662245207976,0.61994967063704198,-0.78354806381326902,-0.041410597333288786,-0.2815504980244658,-0.27140634607717512,0.92036292427020916,16.423530929988644,0.83835711909557131,5.0612291681259434,,0.492899144758158,0.1818181818181818,0,2
0.95044017424560789,0.02565926227079331,-0.30984686127133276,0.051098283153337511,0.97014492032762512,0.23708184034482074,0.30667970366289188,-0.2411647482992163,0.92075356287066068,20.123602766439678,1.9512884410913045,6.4308296705881656,,0.5982184150833652,0.5,0,4
0.8662448134423627,-0.2910216403741685,-0.40611122616610235,0.41702476247594022,0.8688160708988113,0.26692505021042595,0.27515499389633591,-0.40058087795335506,0.87397064570386307,10.699502983341366,-9.4836783744650486,3.6944464235980821,,0.606455780209721,0.2307692307692308,0,2
0.24299928062184692,0.96163017407843587,-0.12735288736083569,-0.95803137243861791,0.25849984158459993,0.12391013406543945,0.15207642499954824,0.091897988022663593,0.98408715099667021,13.549160271240883,2.3370188691851594,3.9325701928080816,,0.3500539874293983,0.6666666666666666,0,3
0.75536779439611312,-0.52702733429682036,-0.38943765109852962,0.61462629528153334,0.77591242528185034,0.14210709145477571,0.22727519076584199,-0.34670174097807205,0.91002411532064631,-1.9535475145228909,-8.8045003485241899,-1.3388900494580218,,0.4908551562050867,0.1612903225806452,0,1
0.40282411002234392,-0.72935844557435625,-0.55296382725641779,0.91086421693844588,0.37870762668983488,0.16403326427302833,0.089772572012942212,-0.56975151720404527,0.81689907207553469,-12.061207343961719,18.907272957592376,-8.4282485895112629,,0.3082298903083354,0.3333333333333333,0,1
0.12675786652179413,0.95839204604489303,-0.25576772539303472,-0.98669043499337183,0.14830087442462106,0.06669959623178881,0.10185493982833572,0.24390886970911207,0.96443456725160437,14.057290576813427,18.205963696514175,2.7678613760013078,,0.1325737948905356,0.4615384615384616,0,4
0.87469009611030935,0.42538645432465405,-0.23230066776407732,-0.39445014764445663,0.90327491780516977,0.1688298074610346,0.28164927976084653,-0.056042727816931329,0.95787937438334758,-7.7231632253817324,9.5032536264107925,-5.5025729181092906,,0.4587309440189107,0.21875,0,3
0.8330530727591855,-0.40395510252800804,-0.37794556897530279,0.48780945318820523,0.85862486080169853,0.15749693899720082,0.26089176941157638,-0.31556873031853161,0.91233319631505583,-5.4472471877104542,-12.627840737222492,-2.4323824572049055,,0.5825483434491809,0.2352941176470588,0,1
0.93011972135555121,0.22590700977425812,-0.28955712196443245,-0.15467882455845497,0.95606157918417223,0.24903959131246919,0.33309422867814242,-0.18684828001006656,0.92419476036092796,13.173151719977797,-5.7342180658028914,4.3785440411852132,,0.1760928468913581,0.1875,0,4
0.71872287328639284,-0.51597829653270677,-0.46605131576056968,0.66216273245718571,0.71239868781517013,0.23244058454593855,0.21208004894328336,-0.47566217750251105,0.8536788305526759,-4.8829569830578787,12.406454259541965,-4.4927997924531509,,0.4229926867377227,0.2666666666666667,0,1
0.58612286404892722,0.76261836540474159,-0.27362970779227053,-0.77144987533928122,0.62850787592852375,0.099211590728221374,0.24763900758582283,0.15294142226099575,0.956704679239468,9.5834627635229026,28.446230640702904,0.17388727777195623,,0.3312591072420412,0.3333333333333333,1,2
0.87946321952348072,-0.28681254074384704,-0.37984603720119675,0.38303583919017659,0.9002140600296642,0.20711878722314309,0.2825384777358142,-0.32764800105748759,0.90156463772807849,-17.623130668288141,12.295876789670739,-10.302255168490843,,0.4672200819092563,0.2666666666666667,0,1
-0.94431975026016746,0.10206396056780256,-0.31279890860070042,-0.068305097773767087,-0.9907716132587272,-0.11707272944121407,-0.32186118574113814,-0.089188330592704826,0.94257669120310572,-1.5303373780140259,-12.13674282171276,-0.87143614130703184,,0.5427036460344108,0.5833333333333334,0,1
0.23976839648285567,0.94948644556152595,-0.2024514898512231,-0.95933165896029549,0.26371981138868233,0.10067089548427449,0.14897611944378183,0.17008042443519952,0.97410408327827835,-22.147625390641284,3.9473519169289837,-11.431883026031604,0.2071304579990763,0.1629930491382279,0.2,1,4
0.87628145794431456,-0.33999382521589694,-0.34137223858721855,0.40776131431078994,0.90075293335513684,0.1495822970931181,0.25663498790017664,-0.27027458605495791,0.9279494227156444,7.4877171244720158,-13.982059441202097,2.665709484848747,,0.2012185948013127,0.1304347826086956,0,3
-0.82439087154820501,-0.35402255315780568,-0.4416420754000005,0.47375540608064659,-0.85853986960277384,-0.19612523425559983,-0.30973457365517459,-0.37091417357399659,0.87549252979369629,-27.452226469788584,17.308958553174566,-15.215955835024669,,0.3082971840760362,0.2352941176470588,0,1
0.93675458536437617,0.19222533919348772,-0.29247267525491055,-0.11848365699801387,0.96050092211934202,0.25179277517885801,0.32932122589227791,-0.20121480457422239,0.92252920419733309,11.095372903474834,-6.255491370706098,3.6476601920957372,,0.78303124544193,0.46,0,1
-0.66984427937844615,-0.53423643745200466,-0.51565499152297689,0.68918284521147544,-0.70577075305654291,-0.16405684989117866,-0.27628906465907482,-0.46527311659775877,0.8409430894663581,17.777073873805943,14.292941122040407,4.5074830691145911,,0.3912140663292062,0.375,0,4
-0.65780841608173546,-0.62624251464888381,-0.41845955668174095,0.71204746526092666,-0.69816975522867886,-0.074480870694526066,-0.24551271850461423,-0.34695721022939974,0.90517633603751724,-9.6968000815965247,13.017864830418558,-6.7444444610367693,,0.3371505418465774,0.5918367346938775,0,2
-0.38893782007212102,0.91357691265037488,-0.11876277526967606,-0.9100292702766436,-0.4010601696962845,-0.10486881101140995,-0.14343674340037751,0.067290154966359275,0.98736919928023736,-8.4790956690792427,17.052133180400141,-6.7785440021284202,,0.3621023809393881,0.1333333333333333,0,2
0.91425964311304297,-0.21586824105013397,-0.34282678932769001,0.2648183623117295,0.95883825745657558,0.10247161080109447,0.30659507490718862,-0.18447248722657444,0.93379299713539099,3.3183183911537908,-13.231059162179147,1.0412939889473523,,0.09994111735459831,0.32,0,3
-0.95257636089023556,-0.0086205723701787262,-0.30417751791532122,0.035928046611416083,-0.99579312110757334,-0.08429255851808648,-0.30217122983467987,-0.091223602685092581,0.94887870783011508,-33.938669345605909,7.9084492050742448,-17.167223021331232,,0.2428640665493584,0.3157894736842105,0,2
-0.42576118363910487,-0.80877530956109955,-0.40572147238047035,0.88979193354508268,-0.45565783284394062,-0.025421533511325395,-0.16430985820799765,-0.37183119558787953,0.91364316474395868,-3.0290597545378923,23.430731120815633,-4.8838521589916786,,0.215407483650328,0.2941176470588235,1,4
-0.10709510713486237,0.9942126736386292,-0.008473346688347037,-0.99382584951017794,-0.10679711234121095,0.030075864758175849,0.028996876955038445,0.011642008929191096,0.99951170316057181,-27.517063715693897,9.7757272277947731,-15.028988506124552,,0.4381257270972868,0.4782608695652174,0,2
0.80176870430250102,-0.46606519880371727,-0.37409915164985325,0.54478007044113108,0.82733765169498297,0.13684693981959267,0.24572671741437607,-0.31352135581469159,0.91723646885460919,2.2068230460660692,22.623508944506721,-2.5243992993255953,,0.1141383142216146,0.2,0,2
