axis_00,axis_01,axis_02,axis_10,axis_11,axis_12,axis_20,axis_21,axis_22,location_x,location_y,location_z,dbh,dbh_approximation,score,reconstructed,number_clusters
-0.015621945476252083,0.97551782247267349,-0.21936483961134715,-0.99277058269171636,0.010979187223945646,0.11952417157149545,0.11900640722871916,0.21964615973441609,0.9682938807781637,-5.9636966580062856,-3.7535077198735314,-2.7819886734626778,,0.06900316520247478,0.2420382165605096,0,5
-0.20962846039046754,0.96277961789641164,-0.17062038552752676,-0.9757012304782019,-0.19459765130938736,0.10069192096783373,0.063741802905507738,0.18758241247011873,0.98017846390044983,-12.27290739152795,16.825246577192289,-7.1019338472603009,,0.1178103293707391,0.5625,0,1
-0.92727738200715459,0.30856220132022927,-0.21200477526313649,-0.31582939522121761,-0.94881589456748483,0.00043741319577736431,-0.20101853131529585,0.067362943318402382,0.97726853215240894,-5.1071364253263631,9.1770440734874708,-4.365716067401217,,0.3087830547745938,0.8630490956072352,1,5
-0.1524848568984406,-0.94385575572857006,-0.29306088240280687,0.97703881527182523,-0.18861414698227999,0.099095191661222951,-0.14880699536275083,-0.27122134122556912,0.95094451057614982,-2.6009655096358175,-14.382854049752144,-0.57220966431791687,,0.1171531351880786,0.3,0,5
0.8135614017331394,0.53003548801196487,-0.23912387387696823,-0.51158922984295074,0.84792437798073528,0.13892699210261494,0.27639519807461599,0.0093075600402088895,0.96099899261518062,7.07254430032624,6.3619987351965221,-1.1043443623727651,,0.3550314750992875,0.5,0,2
0.38103490404450641,0.9048210522638801,-0.19002964316095211,-0.89918755030036168,0.41048719424915192,0.15153221684609891,0.21511427494387247,0.11313322561274385,0.97001377411757816,7.9169018953024608,2.7447986200138326,-0.39537696378618342,,0.1837408053777074,0.2352941176470588,0,1
0.13430696128433633,0.99050393926745983,-0.029386841378614269,-0.98027874540122517,0.13714194135407798,0.14228727714112013,0.14496627699284786,0.0096971241756867166,0.98938907630797779,11.765618668705157,-1.2408263787322151,1.0273122737476912,,0.7167577632538901,0.2837837837837838,0,3
0.96453545355288273,0.090644496953624046,-0.24790105689883274,0.017710724311686212,0.91484364606865631,0.40341967415107743,0.26335848018222108,-0.39350308565477676,0.88079375139488758,-3.5003869132458241,-14.897637697514543,-0.72406180167266965,,0.2407592574078979,0.45,0,2
-0.48850791614888794,-0.77269406893094095,-0.40534416450569455,0.84023981196097719,-0.54183651740410466,0.020254550184457803,-0.23528084124223647,-0.33069179646060143,0.91393974719234528,-0.92217297317581859,2.0043040979637339,-2.310342533909767,,0.2974700136191194,0.3920704845814978,1,4
-0.77892309372048585,-0.47948393059723504,-0.40419546554598074,0.56038468475162106,-0.82149890202781217,-0.10539714921630516,-0.28150989177066649,-0.30860122207490348,0.90857991754668599,-18.114183883795928,12.637339690447666,-7.9585618635259072,,0.2746191292139732,0.25,0,1
0.15593347232263696,0.97474627638392564,-0.15985758938842493,-0.97221561323572137,0.18006015926214777,0.14958322241207714,0.17458967206022352,0.13209101302572718,0.97574095470454747,-3.1307871835943342,15.468425140902525,-4.7551943989139973,0.6667827847044606,0.3211361717107206,0.3333333333333333,1,3
0.47770516566421733,-0.81271345905056525,-0.33360846538388028,0.87826132219516617,0.45101017313474967,0.15889264824075675,0.02132661796255194,-0.36889925075422408,0.92922468658513968,11.644564977415435,3.6019311139079444,0.26326576517380412,,0.09996821845388129,0.3225806451612903,0,1
-0.91499257045501081,-0.27769191338605109,-0.29270428294120804,0.30744538807825966,-0.94966493989368872,-0.06011518349074501,-0.26127749493888891,-0.1449955281265998,0.95431146250149812,8.9075757886000329,-9.0415106620907366,1.3952130583275437,,0.2139429324394611,0.21875,0,3
0.36340132059082703,-0.78987379223752074,-0.49400290740962355,0.93155498830062711,0.30123124780294969,0.20362966168831173,-0.012032620872504229,-0.53419016060144353,0.84527870454161003,-0.54517500984197087,-11.152648710931359,-0.46520929508816578,,0.3551534452670271,0.2765957446808511,0,3
0.81906254698399661,0.53163859294617233,-0.21563151582804979,-0.5033088701076982,0.84626655227025238,0.17468000394874067,0.27534837097575243,-0.034544594350404141,0.960723657251223,-12.876782591260932,-3.8744916235799489,-4.4079724903795867,,0.1093454560459966,0.282051282051282,0,2
0.63479111929648191,-0.69885271613209543,-0.32961358591100776,0.76873831930742198,0.61425805597459371,0.17812477957519854,0.077984814487952164,-0.36645862225510006,0.92716042133180698,3.7165848713655141,17.481858542796754,-3.3743558208437725,0.29220439774914,0.2130870728223899,0.4,1,5
-0.71216308266766637,0.68504021865492404,-0.15343937731397647,-0.69329245998418498,-0.72065624131397021,0.00038312438995834284,-0.1103145893087773,0.1066512104030463,0.9881579887372266,8.1524200850009496,-14.922884784019613,2.0340341994692719,,0.203576859593889,0.3125,0,2
-0.95887873193915263,-0.046892655401100491,-0.27991544491899034,0.024560550207035556,-0.9962664598740838,0.082764245320597771,-0.28275140460887255,0.072485997264258195,0.9564504291348902,1.3326580781090875,3.2247574431063688,-1.9454527946736733,0.9710294912100531,0.8016857044606129,0.9584717607973422,1,3
-0.10523779564097899,-0.92334874743898698,-0.36925884819660243,0.98300955140788282,-0.15274478386068441,0.10179023943495659,-0.15039025304021705,-0.35227279430323138,0.92373516236218522,-18.094327076018992,-14.146996292623557,-4.4203012331167546,,0.5201088302498029,0.5833333333333334,0,1
-0.96439970459873114,0.050152346045891617,-0.25964967158841989,-0.052411784272517019,-0.998623968774079,0.0017815328453860369,-0.25920303748076012,0.015326812323545349,0.96570123443265177,5.9205695957238715,2.2466066459048291,-0.76058473425234652,,0.08704464437065704,0.2592592592592592,0,5
0.59768945087833047,0.77309578662668177,-0.21234459025092381,-0.75433252991261612,0.6319885010661741,0.17768784099021256,0.27156906050651741,0.053976283868040938,0.96090416075454932,4.1918083949939238,2.8392403258935377,-1.1561939115734219,0.6475207688525517,0.3390073304651294,0.845,1,5
0.67937846456025919,-0.65350247767423808,-0.3337355443541748,0.72759584600731098,0.65890134324232208,0.19092748557075095,0.095127213586075274,-0.37253661772649399,0.92312907097992181,5.4398951777463749,-8.6207609817171473,0.59775039165564192,,0.09602823015591283,0.3454545454545455,0,2
0.28717941495937011,-0.88228067912914188,-0.37297290365254954,0.9577822027695404,0.25901651708157858,0.12475454275037463,-0.0134623802323596,-0.39305374583426683,0.91941694415761699,8.2872516205607418,6.0170569105377778,-0.77326601207071743,,0.1545757337373572,0.3846153846153846,0,2
-0.38051664304542943,0.92325111611690058,0.053051493422285136,-0.92470993285586411,-0.38053928169902096,-0.010069516457921236,0.010891484891443521,-0.052888861520083305,0.99854100761259124,9.9988876294110636,-5.0851655984066406,1.1153515963098057,,0.6654467161352252,0.3389830508474576,1,1
-0.089014410022637228,0.97456186921626031,-0.20568324646900885,-0.99085504137303204,-0.065619611671104916,0.11789976060103083,0.10140375631094165,0.21429705932150026,0.97149063226167487,-1.0925813307098451,-5.3132362028614386,-1.4311698805368345,,0.07017723519078367,0.1923076923076923,0,5
-0.96063938382611891,0.090965936847252807,-0.26248270909847832,-0.11667545081576544,-0.98960694187900466,0.084053196023839871,-0.25210873332574713,0.11137009885236587,0.96126889456722875,-8.6284981419917042,-2.7263008553958299,-3.5103143047327641,,0.08933096536509361,0.4751381215469613,0,5
0.46956959418609562,0.86260924603404743,-0.18817461272041502,-0.85151774747056275,0.49879117126962685,0.16163196839156871,0.23328506587127426,0.084336564549704562,0.96874425000687825,-11.034209555382926,-4.4464381885099771,-3.8946660527548964,,0.07144419082406006,0.2361111111111111,0,2
-0.95212564480662898,0.2510788441571204,-0.17440232371813746,-0.25207046342754263,-0.96756285814134446,-0.016810622022286625,-0.17296600235013107,0.027955850229901009,0.98453097080230956,-4.9839901854874391,-10.677944251722147,-1.6282614888844107,0.6998756781590086,0.6519773186207924,0.7613636363636364,1,4
-0.078247475532621263,0.96901324782801102,-0.2342875543143102,-0.99251039290079002,-0.053604473613278011,0.10977103621885667,0.093810727300719696,0.24112213905498681,0.96595013406534436,-8.2173929622541291,5.7232731485281523,-4.6324182235392746,,0.1536964664736067,0.6351648351648351,1,2
0.69715257584293533,-0.63026458895442428,-0.34167943149342478,0.71036349314697955,0.67159848919401988,0.21056869880476095,0.096757395580805136,-0.38951510525577782,0.91592357169034522,1.4695481599794329,12.892177240219748,-3.3820667397227906,,0.2016613492793393,0.3432835820895522,0,5
-0.51641544734201195,-0.80103665244230993,-0.30274637436403257,0.82133227644470619,-0.56336766127345295,0.089611215265925748,-0.2423393847823867,-0.20237875302337779,0.94884902008064298,6.7654977481869283,5.2973410668062844,-1.0699040545047491,,0.08348945147512651,0.3888888888888889,0,1
-0.24241551878368567,0.94853592703756318,-0.20375061072749301,-0.96859274892501268,-0.22464318349361562,0.10659984446395675,0.055342596458086805,0.22319282073768307,0.97320201489127256,-8.3053813361209112,-13.385858238065103,-1.992779670515622,0.2101229531733819,0.2315416615716279,0.8333333333333334,1,6
-0.96330234392529479,0.075830730326961707,-0.25748455201450832,-0.094317297109694012,-0.99372015682704129,0.060203798730324193,-0.25130229138221988,0.082279707423636855,0.96440510579959382,-6.2460481943497843,4.2272135072548913,-3.9203900963222682,0.1169497517215456,0.1279510581832208,0.633495145631068,1,5
-0.89135060664306887,0.42991710040473691,-0.14375459233226698,-0.41063292849447641,-0.90008543786427497,-0.14569420915302694,-0.19202784712921958,-0.070834252479004267,0.9788298190199648,-1.081978173984071,-16.598947562330089,0.013707598119505674,,0.2173068015008016,0.4615384615384616,0,2
0.086898402833710364,-0.94754639814354258,-0.30757843056714501,0.99123277236819596,0.051393119865807753,0.12172238172874236,-0.09953018923024895,-0.31545930101307296,0.94370502321230287,2.6459724309612644,-6.7795043626564189,-0.32724713145588769,,0.08866633982973951,0.2658227848101266,0,5
-0.6314836896371131,0.75130755043877318,-0.19174283396254899,-0.77161512111127406,-0.63326175643856486,0.059913710490822107,-0.076409780753074516,0.18578620101082524,0.97961473698553214,-9.0269829949694369,16.199672376222846,-6.2221993509343267,,0.09572148462556329,0.2,0,1
-0.94237826732568086,0.23831568581740245,-0.23479530482023533,-0.25333158478501117,-0.96672587745772731,0.035555393457253275,-0.2185092890990239,0.092987696750519294,0.97139434774476163,-9.5311947126021401,-4.1290098976947158,-3.612794478616085,0.3174419215197213,0.171068777350619,0.2238805970149254,1,7
0.5433458834903514,0.81689168662386591,-0.19355418677699948,-0.80838458943168168,0.57130262179675351,0.14187201943134364,0.22647208760344245,0.079380644070024042,0.97077757848209878,9.7574131141871323,-16.435554302456143,2.5801424126273576,0.3511457999127059,0.1936164658899437,0.7428571428571429,1,5
0.28682385044456782,0.94027142190451829,-0.1833622970127938,-0.93718306483497493,0.31507739499113507,0.14971352027162993,0.19854465946651828,0.1289026311417113,0.97157816457661728,-6.7696813877323043,-1.6947853515985352,-3.2304540394060917,,0.3527525169691195,0.3736263736263736,1,4
-0.10382715119624789,0.97664652351878767,-0.18809968307559558,-0.98956963550024446,-0.082450097162514308,0.11812670305145585,0.099859196724119428,0.19840249387686629,0.9750203029953044,2.6890442378635031,-10.605961597509625,0.17811468398716873,0.6575877097814341,0.2189720940285077,0.3548387096774194,1,6
0.1470108244547616,0.96086450572462312,-0.23479186342739025,-0.9764088267851011,0.17892599951338004,0.12087716771284319,0.15815694884914833,0.21148259582460446,0.96450064343887998,5.5882429141929642,3.2265316986007297,-0.97596608025737364,,0.08230174608427379,0.2439024390243902,1,5
0.047839292412408647,0.97890497519454167,-0.19863648114294893,-0.9895728952648547,0.073496004447391503,0.12387018320564863,0.13585612631976526,0.19063941583429714,0.97221382734033623,-2.7499425417191232,-12.105714019792794,-0.97576756590003,0.1822534562830715,0.09225624843928515,0.48,1,5
-0.09263242425655506,0.98287232637068556,-0.15931485816154251,-0.99213531207452799,-0.077583945991396369,0.098225525497115468,0.084182875403100779,0.1671607650708829,0.98232913125376931,2.8587724113858344,10.91730103895965,-2.7221347714789257,,0.2003888268500727,0.3333333333333333,0,5
-0.49529732265892007,0.8569907268432202,-0.14229355667645943,-0.86826462303525687,-0.49367312631570148,0.049024368829453255,-0.028233075502864888,0.14783009997430352,0.98860970812006432,-9.0635950243987971,-1.0813065119870211,-3.8737057104876462,,0.07490758016221574,0.2439024390243902,0,2
-0.93769775297517344,0.23548185156333568,-0.25548233138441084,-0.2670470693961513,-0.95885445595570906,0.096353489925421185,-0.22228087365366803,0.15857625887308674,0.96200040713586921,7.5190950406369197,3.7381345397272123,-0.66683320494428011,,0.06752346101674245,0.1578947368421053,0,1
-0.92901247464986236,0.30529563680871413,-0.20911813907574295,-0.300641622962045,-0.95217893304351675,-0.054496733946711597,-0.2157555016394429,0.012241471058364329,0.97637068262962545,-15.530996244030876,17.613742763881906,-8.0197422840071564,,0.1914127204826363,0.2380952380952381,0,1
0.96118547875093752,-0.028960242209683733,-0.27437889825838979,0.13784769717965367,0.9118649049230777,0.38665282560960645,0.23899892849257268,-0.40946758057358185,0.88046340789303645,-3.8352107759711425,0.34109658957044742,-2.8868077650700594,,0.4307491976254645,0.2835028748341442,0,3
-0.67334393117440905,0.72277661297919049,-0.1555696566844699,-0.73124448809091047,-0.68210346049579806,-0.0040457157983116044,-0.10903874993440024,0.11103529578466427,0.98781663991995849,-7.0816401492099308,-10.81870576616447,-2.08130386439514,,0.5826552307323516,0.1379310344827586,1,5
0.13710811937956502,0.98317069707007076,-0.12073418746548747,-0.9779153939042059,0.15375909645523347,0.14156137404833688,0.15774297437725043,0.098658606720461728,0.9825393800528287,-7.4844030004031543,-4.0771159812678572,-3.068055707310716,,0.07290011172787035,0.25,0,5
-0.5888985116082569,-0.73583065635409128,-0.33429296761237476,0.76425076644926415,-0.64155061447798178,0.06582989476398432,-0.26290551345929025,-0.21671652967051783,0.94016734508292499,-9.3952563196601684,-12.686251211159249,-2.3775967610625073,,0.1064640392710748,0.3157894736842105,0,4
0.20944291410785085,0.95064483891666218,-0.22892805850556047,-0.96193442408477481,0.24234454859881188,0.1262983908255787,0.17554438040194836,0.19376147709375055,0.96521534410914966,-7.5768048889405906,-6.9931945222320637,-2.6824368728737489,,0.4822231870137175,0.9447852760736196,1,4
-0.72966820118815556,-0.59443283743535846,-0.33798508540080696,0.62460606253970985,-0.78055979085090943,0.024365540121758476,-0.27830124472140255,-0.19332877355772418,0.94083601254479243,2.4345134023556581,1.3026224984907744,-1.3269987912294472,,0.1130649546106123,0.2722222222222222,0,5
0.89271064730408911,-0.2679157335080134,-0.36233804648253248,0.36568416596282333,0.90056507663311336,0.23506942275180948,0.26333019377577815,-0.34235026287072995,0.90191657405679904,-9.7424090504381837,13.730953528540747,-6.1062071287384718,,0.8404460260574611,0.8854166666666666,0,3
-0.87768319042073073,-0.39168459894065427,-0.27614378900418268,0.3865479934775905,-0.91919751532186578,0.075210215825758403,-0.2832893679461625,-0.040732085372682601,0.95816910367108821,-12.106265583405801,5.1834030588654896,-5.4910015696522718,,0.1199884269258883,0.7058823529411765,1,3
0.25190938120515438,0.96705246239219222,-0.036758653974726496,-0.94966850163718897,0.25433242030857778,0.18287907747513429,0.18620257962501885,-0.011160419399752009,0.98244798558489055,-4.0391568962170386,-9.4783107564169971,-1.5726121569982174,0.6521375424667385,0.2718223462340839,0.2156862745098039,1,1
-0.53802312577890843,-0.77329550847736939,-0.33547752934558805,0.8059386356141367,-0.58852348957393064,0.064054803443200012,-0.24696969804313357,-0.23591133671032075,0.9398679744836681,-10.236306514760345,-11.754610646098962,-2.7666666428926239,,0.1664726320182411,0.5517241379310345,0,4
-0.46960626770216363,-0.77985210683217676,-0.41388482069805371,0.83929832498479751,-0.53979529922672287,0.064802442935793458,-0.27394940228545478,-0.31694120338344922,0.90801982279314475,5.8525874307360422,10.838329300327054,-1.9978925876468179,,0.2281142407537681,0.3,0,3
0.96225238802837421,0.036922846253499786,-0.26964243946054112,0.045973667395209514,0.95446472959432138,0.29476007508933966,0.26824757900105239,-0.29603003797753191,0.91673848668804947,19.091122027034853,-4.7445526187953684,2.7339643407366414,,0.266574253668682,0.3157894736842105,0,4
0.81008193226680503,-0.50476257913531275,-0.29829851109173533,0.56633539665508059,0.80532439305575254,0.17526220483868007,0.15176126485507282,-0.31091375114981651,0.93824365589943515,-6.6904657393264246,10.065405879880734,-4.8327723317578446,0.3347902127703816,0.1967637201489552,0.2962962962962963,1,5
-0.9593873237294851,-0.080721104582128014,-0.27029625661895001,0.078430059295599194,-0.99673307610795114,0.019284729483970559,-0.27096990398578386,-0.0026978264255291266,0.96258403937864701,5.2353412018278283,-12.069837257813761,0.97780134114217998,,0.09209373324630567,0.3448275862068966,0,1
0.23667562197954939,0.95353084259277199,-0.18644994552134542,-0.95487469940031455,0.26372298045692155,0.13661807356304451,0.17944068213689096,0.14570216814871836,0.97291927711964399,-6.7559414970802001,-6.2647648396417139,-2.6478332247805567,0.2375074733553583,0.2486154950944154,0.2222222222222222,1,5
0.21468079630884962,-0.89158837499809729,-0.39872587734488679,0.97437660038722529,0.16746609225649634,0.15015108578418906,-0.067099898018033774,-0.4207437195165129,0.90469460381577294,5.3759953554854576,-11.410621910814763,0.95677332549901151,,0.6215328295868501,0.3283582089552239,0,4
-0.112040002609697,-0.92663449494501049,-0.35888096995135144,0.98194272584651821,-0.15864179864364089,0.10305951135251062,-0.15243202082347024,-0.34085376996758332,0.9276762293637566,0.010259401710216404,3.989688451717424,-2.3705108659686682,,0.07108962552026943,0.217877094972067,0,5
-0.83967462236840829,-0.44987769770633079,-0.30423113853930578,0.45114669171181615,-0.88966693573555977,0.070423050320063865,-0.3023461445230522,-0.078120423484196011,0.94999158329255484,5.7186131594951943,18.059691932918231,-3.0035291833706563,0.4758966429147994,0.4116862801030621,0.3157894736842105,1,5
-0.64785321539785079,0.74348748834256628,-0.16586912303599069,-0.75538153793842111,-0.65514003682098265,0.013793632443541147,-0.098412110232694083,0.13423072238598804,0.98605130177252143,11.076688148670359,-7.8648996061432461,1.6068237218242603,,0.2294784527716031,0.1707317073170732,0,5
0.62693631587309162,0.75928424762837565,-0.17446571910517564,-0.73628176124551781,0.65064969825801056,0.18586053430988891,0.25463704344944138,0.011933208293278414,0.96696306787961428,-0.34394302938949983,11.888498014282893,-3.6071368447865133,,0.1221234593076296,0.1666666666666667,0,3
-0.70772374261950299,-0.5732038756793395,-0.4129944564262682,0.64162892753692158,-0.76616299033687918,-0.036146806025861955,-0.2957015784206502,-0.29057114299984449,0.91001592698990741,-10.957019189561899,13.484366197085444,-6.3279724216120412,,0.2022395938113243,0.2352941176470588,0,2
0.37885947653507202,0.92247418624054534,-0.074208306539200838,-0.89562545798745585,0.38566175294465954,0.22163043861440346,0.23306766408991975,-0.017503943427046104,0.97230297537350563,-4.2692912865842239,-16.149160175396911,-0.72494853586977859,,0.3509277817074067,0.5588235294117647,0,5
0.3113406171784977,0.95000162756125317,-0.023747162480644533,-0.92980311687003492,0.30969264159307675,0.19888849037053319,0.19629871103417798,-0.039841879650338988,0.97973437250728723,14.158724253777045,-2.8407869444133045,1.6442803529883441,0.8460251690386846,0.547737733123928,0.5102040816326531,1,2
-0.51512948338633691,0.83891811999956478,-0.1756644622071338,-0.85642892397509263,-0.51197550999024088,0.066412162659391052,-0.034221535982337126,0.1846549893900204,0.98220742278216433,-9.1885233673970799,-1.0089895805446634,-3.8931789225136195,,0.07691808502839123,0.2180451127819549,0,1
0.60697445604935718,0.79207457633128842,-0.064806444380148681,-0.7533371226822233,0.59942237290317602,0.27051062539574056,0.25311102167320954,-0.1153719393645443,0.96053325101987397,-8.2771814524018357,-1.8942379277667267,-3.5071952893603235,,0.1779428985645715,0.2352941176470588,0,3
-0.80002174967078543,0.5551900243135578,-0.22744062292476966,-0.58306047289504825,-0.80881168375588497,0.076577706725740172,-0.14144145432333013,0.19387546807856346,0.97077629651543296,-10.003503083924196,-6.3623776065372279,-3.400127852539883,,0.09774068185395961,0.2318840579710145,0,5
-0.91463619643710348,0.32359753967934435,-0.24233295376515318,-0.34786128621518952,-0.93536607328917099,0.063897061687616816,-0.20599309143702554,0.14274081845454101,0.96808672391844375,9.6229170435109364,5.1517640490050454,-0.38653913808279233,,0.7871079740767354,0.1764705882352941,0,1
-0.94176583373201483,-0.21175885843160261,-0.26121887430043628,0.19872415995513754,-0.97713045856239844,0.075662244215728897,-0.27126706889183483,0.019345615146080328,0.96230968222784274,4.2747199719673343,9.6565853707879246,-2.2944463405803956,0.380293123172063,0.3950840413021341,0.576271186440678,1,4
-0.9609233148054418,0.15287742409248253,-0.23077018062602714,-0.14858143969440052,-0.98824511480504951,-0.035988176423565367,-0.23355928335577075,-0.00029371210678345047,0.97234251932718485,-0.52036292445749932,18.686422741547435,-4.585246068327951,,0.3308654991019084,0.1578947368421053,0,3
-0.93316024956468213,-0.2413232658907255,-0.2664113923468997,0.22321451712627749,-0.96995509691544779,0.096759440427412899,-0.28175739205291905,0.030825173277331152,0.9589903965712897,-1.3304792399971366,6.1415682490830612,-3.0047717775673712,,0.09288505575133503,0.4422310756972112,0,1
0.83512916916639468,-0.42968681845210233,-0.34340720559702637,0.52669188925888455,0.80468745340977998,0.27399590528654044,0.15860304094296271,-0.40969176263795459,0.8983305266049082,-4.3357848456640369,15.575292481872602,-5.0575871122849421,0.4985729822134143,0.30282150090128,0.175,1,4
-0.42595866528563686,0.90253151299258205,-0.063214583154525994,-0.90465034805291711,-0.42587220048521696,0.015511821995366363,-0.01292142545602409,0.063794489646056704,0.99787940145840492,1.9294036775918886,15.455645597086887,-3.5938052153954514,,0.4484248844378274,0.1,0,4
0.22711247464350504,0.96575659379795442,-0.12543574210358902,-0.95289977549958105,0.24695548550524721,0.17605398612845202,0.20100234255886879,0.079543634029647217,0.97635591285719492,5.8864288810915193,4.5209533544033471,-1.1192096864633103,0.477985526264724,0.4529278096085212,0.1428571428571428,1,5
0.27615961060069971,0.94749056974518631,-0.1612373707203513,-0.94177366409281393,0.30025157812959602,0.15136497432326407,0.19182866077326721,0.11004821704429912,0.975239024460827,-4.3525981610035771,3.165409035572964,-3.3622070657549701,,0.7690373754061651,0.7651573292402148,0,1
-0.86826206019557561,-0.40870462235838795,-0.28121437816694667,0.40822850632195001,-0.91069371252647924,0.063138329015643202,-0.28190509298536015,-0.059979109926920203,0.95756567655763958,-11.163660184705757,-8.563594609950238,-3.3654840719992594,,0.08124894833337976,0.2608695652173913,0,2
0.8165696836489359,-0.43316857543556109,-0.38154807953992487,0.55064773097241237,0.78285464046515441,0.28969930665624427,0.17320804865944284,-0.4466582554451462,0.87777865929987609,-8.8892471213687028,-7.0346144774917194,-3.0414193502143427,,0.2626108957266717,0.2307692307692308,0,4
-0.85524917136927026,-0.39961710493309821,-0.329931847988439,0.43040534304332645,-0.90234868023632908,-0.022761809144083843,-0.28861755932710259,-0.16147144862372595,0.94373029819298582,1.0904825582063826,0.93402144096398432,-1.6281266873939202,,0.07888748462870174,0.2083333333333333,0,5
0.58816840366389345,0.78149638421951262,-0.20813776779646365,-0.76731293453221117,0.62055543770001653,0.16168428878684085,0.25551671066885862,0.064609211361600402,0.96464338507875458,-2.0140897346278157,-10.334676906086283,-0.98214327582242456,,0.07785079339326723,0.2083333333333333,0,4
0.065746047408801592,-0.90151650600152156,-0.42772122539912605,0.99271002986799295,0.015700193790680547,0.11950021135723875,-0.10101610688206746,-0.43245981700239555,0.89597670328454793,9.022922996906539,-6.7887312479736615,1.1372587586563379,,0.2531336758355988,0.3333333333333333,0,3
0.74998978031706898,-0.52166257505534275,-0.40667368639559481,0.64976629853934731,0.69608927788884201,0.30539069155864129,0.12377029814309033,-0.4932827535955604,0.86101860508513473,-14.148401350642571,11.328428113513583,-6.7750131896314194,,0.3539352983862597,0.1363636363636364,0,1
-0.5593109635981911,-0.77151185650503196,-0.30321725094562663,0.79050086734606562,-0.60652067047772085,0.085094388818385769,-0.2495588602393865,-0.19209927525999695,0.94911445238211567,-12.717511226471313,14.918708462214799,-6.9299983563817538,,0.07725038454471131,0.3181818181818182,0,2
-0.93290189475487906,-0.24295165144158584,-0.26583556914860557,0.22392984231327223,-0.96944575465015448,0.10015165756164582,-0.28204517454533728,0.033903154021394905,0.95880190637226625,-2.4180018591092947,-6.1008134586459741,-1.6096113802823993,,0.06711175168728911,0.3908045977011494,0,5
0.12883528852456466,0.9823443182233772,-0.13565068700541383,-0.97685259076632336,0.14927308718065316,0.1532206296706782,0.17076441181907356,0.11277050100893296,0.9788372335369554,8.580254970358995,7.5382959928390338,-0.93540218891787597,0.7573203340942249,0.5556701000618931,0.391304347826087,1,5
0.23861304693174495,0.95498467454481961,-0.17626141159787093,-0.95365210018248414,0.26469597495050967,0.14312132148123985,0.18333435480423788,0.13394145075190253,0.97388305361526317,-7.0474325383726635,-3.0542988870299013,-3.132321850167358,,0.07024774879631096,0.2532467532467532,0,4
-0.59950501333329931,0.77481225148009525,-0.2006482343420635,-0.7977708541373304,-0.59866630511312502,0.071835363235620536,-0.064462417556554005,0.20313697368658834,0.97702608288838411,-17.12612617370727,-10.803110064063421,-4.5728143453110581,,0.5048626947277698,0.3809523809523809,0,1
-0.34590092324729754,0.91643544535083865,-0.20124270372184022,-0.93822536297778736,-0.33571818343242699,0.083824039380295159,0.0092584859380606972,0.21780582135801688,0.97594820796018333,8.4233903143022868,9.4480083370879964,-1.2600752777335611,0.4356161224501856,0.3398271066330773,0.45,1,6
0.7102896639635875,0.67386379059822255,-0.20346052439500367,-0.6484858659013969,0.73885336160325454,0.18319877667082385,0.27377851448316792,0.001817076818986507,0.96179104967722839,6.0366058701167091,7.2451723181776249,-1.5116889865308072,,0.08679932419740566,0.4,0,3
0.3872281915219512,0.92174422151063962,-0.021021841079769444,-0.89622035564549551,0.38166218266522212,0.22610407437699784,0.21643336576715605,-0.068713669927915583,0.97387629078222082,10.238525953056314,2.728410764950119,0.10924349665691117,,0.6020925721263043,0.4074074074074074,0,1
-0.89850282078382693,0.37883681268032499,-0.22175515868118753,-0.39560733704411655,-0.91774994672273535,0.035069504805154916,-0.19023016564248946,0.11923801679258385,0.97447153854332869,9.5006206522446437,4.0628357708575411,-0.18934323523521762,0.4437397615386847,0.2143237807738834,0.2413793103448276,1,4
-0.58935139467562581,0.79052197688236059,-0.16655310762606526,-0.80731069092930996,-0.5840034259627378,0.084790605464433663,-0.03023874840556634,0.1844315659798772,0.98238007693818563,-2.7469534529256436,12.198929299585078,-4.2026096165205074,,0.1513764113356972,0.1428571428571428,1,4
-0.65148522828568467,-0.685125995496914,-0.32583641236042243,0.7107163128666768,-0.70141668358031206,0.053823402162920496,-0.26542290773545629,-0.19651210214528306,0.94389282959438592,-14.964735331462277,10.440902292831844,-6.9307314975068666,,0.112549080874191,0.52,0,1
0.32800727420820841,0.92494821017601592,-0.19204696446100641,-0.92146717362037356,0.35805291824785551,0.1506530971280578,0.208109288611976,0.12754966180425711,0.96975337471288958,-2.2191599978888705,-8.5174824864543766,-1.2839633848607472,1.048596159552375,0.7472555231924937,0.1875,1,4
0.66197902921106555,0.73643934765798347,-0.13943045616313268,-0.7021969376915369,0.67441027233424078,0.22823287507868537,0.26211300154971884,-0.053177737739952671,0.96357091209078005,-11.581595269931706,-2.9663626432355246,-4.2241656073394429,,0.367143814827918,0.7299270072992701,0,4
0.95412051132701836,0.22851099042138667,-0.19348585767881207,-0.17186012811237539,0.94709557100961261,0.27106101847955327,0.24519002065799178,-0.22537237326392046,0.94291523857615167,7.7036719424484499,-7.8524609700498269,0.99521756557781105,,0.2572502875236321,0.2459016393442623,0,5
-0.96535465274999865,0.047737197003716425,-0.25653762771990762,-0.037220009946335841,-0.99826159170752071,-0.045699730646488523,-0.25827323762543464,-0.034568114553665055,0.96545325116376313,-6.9368323841802155,-19.929470385064068,-0.82699848340489435,,0.3744356730568788,0.25,0,1
0.33174076795491886,-0.86809102390997084,-0.36927772351391508,0.94300002352450796,0.2941777783533927,0.15559688414566553,-0.02643895817648997,-0.39984673179857433,0.91620061807474296,4.4326848235812193,16.800418896014094,-3.1686689899016067,,0.8325468652641692,0.5423728813559322,0,1
-0.58238482896796828,0.78385933428938881,-0.21538907826384007,-0.81062481876208381,-0.57985630646919573,0.081572465053110332,-0.060953377222999344,0.22210629863940889,0.97311534666236388,-9.909871588566908,-7.4651434740368696,-3.2307629628301511,,0.08065491613750556,0.22,0,4
0.90013313263929928,0.41099154649083497,-0.14438245128142621,-0.32379810763122907,0.85297858591832165,0.40936819302336425,0.29140200586028309,-0.32173510948892642,0.90087257162306356,-14.150280450458444,5.4891598783537034,-6.0659623722457932,,0.3315328446851111,0.1456953642384106,0,2
-0.91980264453170202,0.33558901685635018,-0.20333004420860801,-0.3446349918549142,-0.93868608543603738,0.00975476283308639,-0.18758949198089253,0.079047104780345476,0.97906166186006616,1.4678635000124873,-14.426630197226457,0.38990827097805308,,0.1083320067333307,0.3666666666666666,0,8
-0.69284464779677579,-0.65608585776874728,-0.29919498868665906,0.66836498016486789,-0.74003751173100318,0.075051545754913157,-0.2706557727235433,-0.14797239089382028,0.95123584048572796,-10.695562685586571,15.84473766355452,-6.6143419521842484,,0.1567337706752416,0.5217391304347826,0,3
0.37859850385099564,0.91705774358399961,-0.12517295160860817,-0.90034036668090278,0.39625434502938817,0.17991586414273789,0.21459356236076896,0.04458238416632556,0.97568540729856212,-9.3192357893603646,-0.22086668890496955,-4.0632783893474373,,0.2038691750297642,0.4435146443514644,0,1
-0.48188900170621002,0.85665614953705105,-0.18418260367078193,-0.87608063049723428,-0.47495187127770627,0.083086995597238159,-0.016300886545306103,0.20139752091364205,0.9793739427142617,2.8986155016161277,-8.5168244608426793,-0.030968403328110853,,0.1775478815686045,0.3404255319148936,0,5
-0.75681387042453618,0.62004215807084484,-0.20683444526452696,-0.64181842247334586,-0.76483611413664399,0.055631206046475541,-0.12370076033258863,0.17485262573724625,0.97679305954021367,6.7567345140555384,-13.768527303663623,1.5628819060511923,,0.2212223773015486,0.3714285714285714,0,6
0.50258465896930127,-0.70157045561565723,-0.50518071655195873,0.86401195819332233,0.42779441083440656,0.2654718029429558,0.029866313258449049,-0.56990423569761461,0.82116817124524877,-2.851666849180706,14.454229703735503,-4.5683943107164966,,0.313539677601512,0.2380952380952381,0,1
0.13259238703261708,0.98338653516449837,-0.12397653551441187,-0.97897799647417105,0.14949159082227473,0.13876003276463927,0.15498819735841449,0.10297177637872018,0.98253522682344618,-10.866135647201345,-3.367242440740108,-4.0039321358499018,,0.08280988900319308,0.1976744186046512,0,2
-0.47596570747341127,-0.70326950021987633,-0.52808015998503499,0.84760254064324236,-0.52697915470615253,-0.062152261425543996,-0.23457744649572618,-0.47718443034708724,0.84691702133672475,-13.282655487963147,11.980786837722061,-6.616730965031965,,0.1621644493587699,0.3333333333333333,0,1
-0.86064579744961245,0.44534230972545047,-0.24689884264759757,-0.47941145364889381,-0.8720877129181811,0.098120737295393806,-0.17162013122759431,0.20281333325385228,0.96406082920731018,3.0029448669402172,-13.086386221767961,0.65353687746205436,,0.739233848483429,0.5964912280701754,0,5
0.69177909753549627,0.71845591149118293,-0.072545044326593436,-0.66922425865601387,0.67561033841646678,0.3093372952799181,0.27125739038647828,-0.165444171454181,0.94818123494011242,4.7982279889680957,13.14625151553294,-2.6144622695884912,,0.2905707168832063,0.3333333333333333,0,1
-0.57161406215634103,0.81211262239627302,-0.11717701348718872,-0.81809446468597824,-0.57505941799728322,0.0053021337959697525,-0.063077815397261525,0.098892640359513964,0.99309689098669229,-1.2745534537050067,15.956762235245773,-4.4343743866418723,,0.3038002276586331,0.2222222222222222,0,5
-0.87279828029735662,0.47408757694617609,-0.11603504339327578,-0.45304980907815912,-0.87536890435880688,-0.16874582002498276,-0.18157376573783818,-0.094711407269472844,0.97880576057194069,-13.581322937612459,-17.037415562522792,-2.8688693765070261,,0.3946208049912388,0.1071428571428571,0,1
-0.96724475322732228,0.041815928017889803,-0.25037774565288373,-0.042875268905892078,-0.99907968257522517,-0.00122441072974701,-0.25019851852172303,0.0095507083187754364,0.9681474501852213,-2.3626534862555397,-18.068760932742478,-0.055895391491541151,,0.159819015453436,0.3157894736842105,1,5
-0.91476259102150292,-0.29910375693202729,-0.27156278216422064,0.28653415893539952,-0.95422035564711183,0.085800283402100608,-0.28479392168866297,0.00067487616970269757,0.95858852836414943,7.7176469838658743,1.7527192390375081,-0.30367033380722663,,0.06464476945442579,0.3333333333333333,0,2
-0.76903839289868225,0.62164256376533866,-0.14879675118452473,-0.62444897443307179,-0.78037430610338865,-0.032854538547050866,-0.13654094102977787,0.067649577152497573,0.98832186363238539,17.198216171358123,-0.93050983892412176,1.8719873222750274,,0.2656425205076732,0.1,0,3
0.6518543781401831,0.75215002333725567,-0.096727514664859418,-0.70816208037452288,0.64937529442120678,0.27716095488902809,0.27127907700208337,-0.11216982387940279,0.95594225400479138,9.006129492518145,-7.6633385966291936,1.1908645979623549,,0.1431138489929904,0.2,0,4
-0.91216743264063427,0.3455200919323812,-0.22037795012394584,-0.35519888818902889,-0.93477938775482694,0.0046093446376106462,-0.20441214410859068,0.082482496929648028,0.97540366671505752,-10.836779789819452,-5.2467324855870192,-3.7343987296148033,,0.2712866410001825,0.2882882882882883,0,1
-0.10235748167140968,0.97945194557845949,-0.17377235754991985,-0.99032327017346633,-0.083877568818345891,0.11056389104067732,0.0937164153113966,0.18340785084530536,0.97855955043599052,10.90864084371032,-9.1695864967803686,1.7771274105550898,,0.2094967964847324,0.6212121212121212,0,5
0.72360485438362354,0.66632050977796553,-0.1800360879426324,-0.64127156971095278,0.74549339540160164,0.18168756504791878,0.2552778654582209,-0.016017979330223361,0.96673503905944735,3.9082772570033515,-6.477521990062904,0.053736269529267626,,0.1930246908445417,0.9,0,6
-0.43653603371467253,0.87455221679237849,-0.2111745992590002,-0.89965474612504104,-0.4263059388993205,0.094258072512954025,-0.007591379542015126,0.23113127560480803,0.97289295628755768,-6.0830923596265514,-4.8057567431308046,-2.6351290393938975,,0.07323416486004175,0.2796610169491525,0,5
-0.080736491380870398,-0.88701907403408464,-0.45461938064629664,0.97919396064955067,-0.15577857876369067,0.13004699852672966,-0.18617412920960102,-0.43466101354743147,0.88114073615681099,-1.0743622637393462,7.6490094271867841,-3.165131065205264,,0.1159815375939384,0.3,0,3
0.75804029977584164,-0.58141569843097229,-0.2955176636578179,0.63897823224492434,0.75285198350259042,0.15786294578958293,0.13069706436221867,-0.30849582907105577,0.94220411844401231,-10.346311360858602,-1.9494114713415369,-4.0564243104342825,,0.0766800762033398,0.1971830985915493,0,2
0.089623995737433557,0.98588539669142472,-0.14141260190891633,-0.98626340811075974,0.10763101546337381,0.12529985766980248,0.13875168182694669,0.1282402007987985,0.98198901301861763,-5.105150942768625,-9.0725667288363354,-1.8992732056925494,0.2934534690558825,0.1581087834787456,0.2682926829268293,1,5
0.91004851507528939,0.35882322143621725,-0.20750324326958272,-0.3082167152486544,0.920527455631167,0.24006594900264189,0.27715366974043476,-0.15451569236600127,0.94831995874918951,-7.6142911082213427,-5.7323379672340309,-2.871316295626936,0.0970231366201019,0.1333896336071602,0.4736842105263158,1,5
0.82240542604959133,0.51721599633485105,-0.23693232860784852,-0.49240508655282916,0.85574031403682282,0.15888909864764272,0.28493252875214303,-0.014004573092639128,0.95844526499503457,-3.3329466362647211,17.466671035013835,-5.067100858213716,,0.07890490219458846,0.1666666666666667,0,1
0.94102261002478516,0.22276986256250247,-0.25465670176931327,-0.18484640451954876,0.96889844299594274,0.16452238114078307,0.28338711007795764,-0.10774690479972758,0.9529335498069853,1.2389796333796272,-12.675047556174215,0.14399410386150696,,0.07237406064954124,0.4074074074074074,0,5
-0.16032854603137109,-0.93861292299220145,-0.30545136784683297,0.97327598942980675,-0.20187135825565627,0.10946142295551321,-0.16440378866344824,-0.27973869147483205,0.94589516267134588,-5.299014835731116,-7.6812395384190015,-2.1142680049358309,,0.1580067973011207,0.3978494623655914,0,5
-0.88075443513664009,0.40601790932667398,-0.24376439915035794,-0.43555755608815633,-0.89656317760164039,0.080399526760810247,-0.18590653652212136,0.17698566573269842,0.96649616336719246,-16.972246257641991,-12.01031524172685,-4.4010080165863963,,0.1089509982558546,0.5333333333333333,0,1
-0.89597383606315806,-0.34042111682056408,-0.28520930614709805,0.34034093832391249,-0.93889192191690485,0.051478195966633694,-0.28530497855990511,-0.050945286158979614,0.95708183925258539,-1.9247422629472855,9.7662080055729188,-3.6702449194421494,,0.09437714489960913,0.4057971014492754,0,3
-0.41613635154618445,0.89660743042830826,-0.15141219443154769,-0.90930194305624445,-0.41045772821934273,0.068515908365532383,-0.00071643280799710133,0.16619136272912158,0.98609326013226006,4.3664419131621273,7.2782501496827416,-1.8445725185714335,,0.14576023772232,0.2777777777777778,0,1
-0.97292902685645166,0.047472503156536762,-0.22617575056625813,-0.051071900372862661,-0.99864404780724458,0.010085969039481696,-0.22539026086426628,0.021364157442164636,0.97403429256075169,-4.4084078706995404,14.2487270249399,-4.8315232063883542,,0.1453951921688252,0.2857142857142857,0,4
-0.85129996192689661,0.51038175108828143,-0.12165049518733496,-0.50971381018310735,-0.85946312673244873,-0.038922557674199422,-0.12441947810485027,0.028872165546454942,0.99180955406003968,0.58669517844532093,14.223084153668324,-3.708046583750078,,0.5646195441341506,0.1428571428571428,0,2
0.68477373020199228,-0.56728411837349901,-0.4574643892877901,0.72226698900897723,0.61188277811067693,0.32238154792026413,0.09703264921228634,-0.55116984214737441,0.82873184450344561,-15.295732811116769,11.186743207168051,-7.1019085172930296,,0.2956230624916688,0.1147540983606557,0,1
-0.22188773871665513,0.97288156111544266,-0.065324570023753678,-0.97503153837512258,-0.22199195601502258,0.0057507076491268528,-0.0089067716402124013,0.064969527520239351,0.9978474983246417,-4.4465646310195996,-5.7455304695563765,-2.1291198315048314,0.6344545999010407,0.559898552439952,0.8685714285714285,1,5
