axis_00,axis_01,axis_02,axis_10,axis_11,axis_12,axis_20,axis_21,axis_22,location_x,location_y,location_z,dbh,dbh_approximation,score,reconstructed,number_clusters
-0.97418697205530536,0.16416553328250366,-0.15494973752732499,-0.12082120512158757,-0.95898769750272539,-0.256407551432067,-0.19068817443848732,-0.23106768212039536,0.95406799883908955,-14.597592360291085,-0.92185702319212048,-5.455864723922204,,0.4776034717771218,0.287037037037037,0,3
-0.9507380432901037,0.23190169824260146,-0.20571527749076768,-0.23329681107383574,-0.97224274516337661,-0.017794449133416976,-0.20413174908300058,0.031074858477235175,0.97845009182223286,-7.7896542813457215,-6.5246075691364398,-3.2177336204779552,,0.1006341956516124,0.5172413793103449,0,2
-0.29439367081695711,-0.87943272368635128,-0.37407278849513115,0.95272330082595813,-0.30085317411009316,-0.042493289954678645,-0.075170996043736824,-0.3688976174190991,0.92642531766802672,23.148758979709125,11.006616559520607,4.4268563775795933,,0.1816370469113736,0.2857142857142857,0,5
0.37779432814386155,-0.87071323966597336,-0.31484901126208781,0.9224362917710609,0.38329728929020107,0.046845230775804395,0.079892009900757441,-0.30812601690407437,0.94798503388020205,-20.741618093776918,9.5281101148609828,-7.8631016707817727,,0.2741226409244619,0.2307692307692308,0,3
0.97388465944073266,-0.030953922544087357,-0.22492337536401802,0.053769327289501609,0.99392516200548042,0.096029327682816579,0.22058451792644646,-0.10561546767170966,0.96963283950144907,-21.598544997408926,-1.293474205103947,-7.4425764352836721,,0.1634957278360479,0.5476190476190477,0,5
-0.97169009002970352,0.12712831496479007,-0.19914005240603869,-0.11672319593267848,-0.99115188624821426,-0.063195204864514395,-0.20541193847809391,-0.038161890949211644,0.9779312887978644,25.160936072018178,5.7185527804075553,5.1149258794946295,,0.3172640297697498,0.2786885245901639,1,5
-0.20240859438695072,0.97271153247901521,-0.11341532304157592,-0.9785249216035008,-0.20549748848417407,-0.016117072549305507,-0.038983826379175544,0.10771748608755631,0.99341693385597951,-19.100241471064127,-0.10496827737402013,-6.8570432856107786,0.3036594382096603,0.2167716871291573,0.7387387387387387,1,5
-0.26647718358731864,-0.85072931167438948,-0.45304475373343644,0.96225136448870308,-0.26180330906321253,-0.074372971590362685,-0.055337348752893714,-0.45576163245886725,0.88838004942222171,23.433150025868294,18.403470163829716,4.2621361256242407,0.4253963577289362,0.4739587269032527,0.2307692307692308,1,4
0.92516265864173897,-0.27934318057472646,-0.25698529631351436,0.3234137208423134,0.93453816319655525,0.14846543941314544,0.19868975873426187,-0.22046725152639779,0.95494322908669116,-1.1449255084781522,-9.0683119460963635,-1.2105003548870474,0.2475738741530567,0.1409618995793102,0.2657342657342657,1,5
-0.96403171358440609,0.18278315292231509,-0.19295899619165818,-0.14436668362344859,-0.96966237924570153,-0.1972641146664374,-0.22316163618122595,-0.16231201213509694,0.9611730826721977,19.894791345467844,23.209793268270943,3.1965083250121822,,0.5597792096017148,0.3636363636363636,0,3
-0.9661364924507948,0.14509308314213731,-0.21337355782567155,-0.13971364762575064,-0.9893771665716885,-0.040161162006167643,-0.21693403288092891,-0.0089899661226783383,0.97614486931353084,-3.0716769031569635,-14.424767130780886,-1.5489933605693769,0.2243796161288659,0.2121710400205641,0.7101449275362319,1,5
-0.94810638625797838,0.27723149601524222,-0.15568229813947496,-0.23935727557069436,-0.94462936763848104,-0.22446258580506881,-0.20929016930618666,-0.1755507203405158,0.96196651169347569,-10.522079933669877,11.257405100124091,-4.9601520122746567,,0.3306812576693552,0.1290322580645161,0,1
-0.76671278960752376,0.61215908651797013,-0.19342376029261132,-0.61888808162014974,-0.78487480612417626,-0.030807160532378693,-0.17067231960918583,0.096087415955582997,0.98063151479758126,-1.4380613848410266,-14.758362475050678,-1.1219343681025025,,0.07982870849771281,0.4230769230769231,0,5
-0.95071435538115423,0.2438658839947527,-0.19149842060877362,-0.19161740679994455,-0.94763691884269674,-0.25547414635846261,-0.24377240180845228,-0.20618850760839824,0.947660970730968,-11.50190006959739,-3.4763572644003804,-4.5063455822626484,,0.3615688421217254,0.15,0,5
-0.86558034773192571,0.45940566467619826,-0.19929148723339926,-0.463542121174425,-0.88562474075717379,-0.02824040466962233,-0.18947127359416346,0.067935659430153728,0.97953324734814207,-11.398973801384924,4.6353374939498737,-4.7638249738879104,0.2916485233706793,0.2574141195140336,0.5773195876288659,1,5
-0.25547960746802445,0.95085008287791284,-0.17496939749296897,-0.96518734172860232,-0.26133329523563453,-0.010876771954983377,-0.056067508727071204,0.16609945422051536,0.98451379156047814,-29.294775040478665,6.1459144133995807,-10.093839926840232,0.4594898692573134,0.4643839509394397,0.6756756756756757,1,5
0.80541499580374432,-0.54138939119902307,-0.24125549036572086,0.56583102813680919,0.82350063202051005,0.041011664919389193,0.17647076849182289,-0.16954125208624046,0.96959467392768506,-8.4199910020081585,-9.3252498908072372,-3.2995864065087233,,0.07689539179669332,0.3636363636363636,0,2
0.77229284440528856,-0.58172428062545023,-0.2552657905227258,0.61416417818142022,0.78641719671046562,0.065957220656983687,0.16237649066022503,-0.20771339400446964,0.96461858847526594,19.420325135591114,19.246646274809045,3.1379333289404667,,0.126650320076905,0.2142857142857143,0,5
0.098022457007126015,-0.93499391572562995,-0.34084890417652924,0.99462386026813832,0.10353383578294717,0.0020301313694255558,0.033391233993273657,-0.33921545130510256,0.94011589875306489,-27.655671876613031,-1.5082629345011487,-9.2662764993548077,,0.2586047766455974,0.631578947368421,0,3
-0.93839983801269844,0.28136844251243237,-0.20059297987684374,-0.2729099787679648,-0.95954536807987956,-0.069230268563104103,-0.21195727755048369,-0.010221846926000271,0.97722547364403634,3.1558224108285322,-18.885568286473305,0.31486971601025532,,0.3035176587680621,0.6818181818181818,0,5
0.25385772659933425,0.94966212838589648,-0.18357041307190244,-0.96479956995520966,0.26209227882025671,0.021666268646200821,0.068688022682722366,0.17160850588585649,0.98276776313001035,0.68058399275931292,-13.080916946413728,-0.72169517761598112,0.3708107199546105,0.2958797361022468,0.7480916030534351,1,5
-0.51498448925891627,-0.81209865800859682,-0.27438430254548107,0.84856603116044882,-0.52829072619920781,-0.029061991888343717,-0.12135347783783469,-0.2477996736732121,0.96118086494900246,0.06496429306745316,21.054320445959377,-2.4188210676567929,,0.1610625406292106,0.3103448275862069,0,2
0.415523188265085,-0.85246258424908461,-0.31725072493123208,0.90520523178572609,0.42173227399540603,0.052396349285179694,0.089128942335077566,-0.30894891410399428,0.94689313024870669,-29.831790443139752,0.8075314037347151,-10.013346628195347,,0.3868833813738252,0.5,0,2
0.27497200753043421,0.96092015780491236,0.031981954269011258,-0.9613347264189569,0.274266198444853,0.024770873452454819,0.015031262610699529,-0.037556660059047481,0.99918144419796806,-7.7591792865665807,5.9624136569875761,-3.752069818008835,,0.4675167084363434,0.3915343915343915,0,4
-0.76126075734382981,0.64526055927296755,-0.064194002640716799,-0.62692763986001276,-0.75767460766646111,-0.18135854894939035,-0.16566168448936236,-0.097816151755278941,0.98131962517211258,24.48747916887973,14.397123392838099,4.6634903533049359,,0.1754058557136857,0.2222222222222222,0,1
0.76379690772815123,-0.59711455450258377,-0.24508874422562837,0.62090256981717107,0.78344786637366581,0.026257179379817683,0.17633570976789537,-0.17223138353892409,0.9691450190683133,-3.1456964716235873,-10.067497187489495,-1.7813387950568216,0.1185180209646722,0.2255811516609104,0.3846153846153846,1,5
-0.97336658339889492,0.071847313750349501,-0.21770497888018134,-0.023755492364426183,-0.97612006237117166,-0.21592892446132136,-0.22802011074658535,-0.20500631049642884,0.9518294184105448,-29.836690265692461,15.125143904115909,-10.556489113683655,,0.3073389804532511,0.15,0,2
-0.095119111195070785,0.9785150823886033,-0.18292235572363486,-0.99519194865971661,-0.097784388943796291,-0.0055855708538925181,-0.023352516102879389,0.18151156111089073,0.98311149580032442,4.7700019848747903,-18.925561663748365,0.64507639143069329,0.35945737283379,0.3480610190719705,0.8181818181818182,1,5
0.6222672619949321,-0.73926151463576317,-0.25744099834286277,0.77148113431481991,0.63488839682303733,0.041636317990353812,0.13266617521301696,-0.22451979101609904,0.96539657622991293,-12.705702849938472,7.2160031587683298,-5.3865673781714642,,0.16730137961865,0.3679245283018868,0,5
0.79709336725499969,0.59899881426204082,-0.076436799977212339,-0.57779236799675515,0.79334154476080587,0.1917424648877798,0.1754939980819554,-0.10867204732224607,0.97846422661638632,-18.237100057292253,9.1674053130290201,-7.191858117513676,,0.3138986093998885,0.2790697674418605,0,4
0.15673908323573721,-0.94879871570819074,-0.27425144823119535,0.98719466415266166,0.1588454432291454,0.014656747041859475,0.029657290080743165,-0.27303685142453527,0.96154631864993489,-2.6876941057979979,-5.1340134135752757,-1.8288180669791116,0.1510070140806699,0.1065329454447513,0.4411764705882353,1,5
-0.034102746075826619,0.99742425530496037,-0.063101962247075705,-0.9993581279907493,-0.033339636021885388,0.013107276175913405,0.010969718725252623,0.063508452974953611,0.99792100973564801,-0.34569778250146022,-8.7535926792160303,-1.0542464027965399,,0.2226858342417212,0.2142857142857143,0,5
-0.97609052819794284,0.07452149533068797,-0.20419066456608248,-0.022948397571517492,-0.96947360631121737,-0.24411943330022168,-0.21614960516077686,-0.2335968180425412,0.94800415336075361,26.892111411971236,3.7803874575425658,5.5829709763684257,,0.4821936833530335,0.2,0,5
-0.57600307601481715,-0.76815973941341398,-0.27955513081641703,0.80778374009538312,-0.58730412869198045,-0.050589422401006751,-0.12532312499687598,-0.25495975205053228,0.95879593197684554,-0.53272009298902223,-20.908063993745323,-0.63944105632391557,0.2772046707745736,0.1692557226359284,0.4347826086956522,1,4
0.92940108422574508,0.34288584321592985,-0.13653909023466543,-0.29803960804104285,0.91548174368167257,0.27030643541045335,0.21768329444114629,-0.21052903720785149,0.95304328748152056,-4.5537931507689313,-15.444499954884344,-1.87391361768752,,0.5308770402271106,0.3846153846153846,0,4
0.45979750424132909,0.87649619233208043,-0.14262075557508608,-0.88134758758423848,0.47007345717397142,0.047511837682324788,0.10868617645720233,0.10385263447729154,0.98863640705733591,-1.6563754720961199,-13.304655384664684,-1.2703424955360649,,0.08992018815184211,0.3809523809523809,0,5
-0.59216737529010277,-0.6686277279293481,-0.4497496649093442,0.79425100380600655,-0.57851726826603656,-0.18569629310019312,-0.13602625700643473,-0.46717740930190488,0.87363729638951371,-2.2440543973008196,-9.7841837073198477,-1.5390178339256422,,0.1183482066271976,0.1176470588235294,0,2
0.97553951124781257,0.030298032643594704,-0.21772618403009292,-0.015261145302040716,0.99740095513816929,0.070416135462949572,0.21929377428109589,-0.065370971442943515,0.97346642297213126,-33.683665041358033,-1.0233960289767294,-10.945207006998718,,0.40161643194642,0.5510204081632653,0,3
-0.26495109907423064,0.95587444165356517,-0.12690534619488639,-0.96262496874273229,-0.26986588349584806,-0.022925411186288807,-0.056161237988601682,0.11608814202360222,0.99164986695360235,-0.35413100268951575,-11.405836017563772,-1.0107327469489973,0.4307761957158802,0.3325950368177973,0.5185185185185185,1,5
0.95771395990675767,-0.17670059937525001,-0.22707018558178074,0.19597082564690049,0.97844345010474543,0.065144842024477123,0.2106642031646313,-0.10688925637101868,0.971697113496516,-21.432251438315394,0.12358474635165005,-7.4883310129538181,,0.0952173441389246,0.5263157894736842,0,2
0.95841463799393944,0.21012567825754161,-0.19310251426575256,-0.18879324344583359,0.97426720095033337,0.12312811369303811,0.21400582447248781,-0.081551336526212992,0.97342225503767899,-4.2548952189643483,-2.9417695131543877,-2.4299240184459325,,0.07448995158452913,0.2380952380952381,0,2
-0.7162905196896231,-0.62686591584622731,-0.30654039693496016,0.67678226240093453,-0.73110136456928809,-0.086351398508651478,-0.16998135398403205,-0.26931379146861018,0.94793270912157024,25.028830367580412,9.5534089503378272,4.9599696707715228,0.3029522052946795,0.1687291160378457,0.1707317073170732,1,5
0.8384999356176992,0.50962797226410173,-0.19286572493601387,-0.50779378847568635,0.85919660400507036,0.062663099601472705,0.19764444427968111,0.045393012150927815,0.97922221589036751,-6.470084883678334,-8.9696163079446372,-2.8028580085731609,0.1872539488084399,0.1057415267116781,0.2985074626865671,1,3
-0.96231385796268798,0.1888840747766147,-0.19563957950463601,-0.1692788689864009,-0.97910914993850728,-0.11264962060024575,-0.21283022174412525,-0.07528664425033578,0.97418438599162049,-13.738181925728041,-20.629707552734693,-4.2526227636109706,,0.1649823295305426,0.5625,0,1
-0.0074786350902605611,-0.93163452452894158,-0.36331967015690181,0.99996654102963856,-0.0057631699442142375,-0.0058054020889162705,0.0033146400116167516,-0.36335093033860166,0.93164645364197352,33.621276409549502,-9.0212617085495808,7.8583924210904161,,0.2905784666140558,0.3863636363636364,0,5
0.13340469045492712,-0.91616170357430549,-0.37795624279597645,0.99102173024735662,0.12674038901637358,0.042577035706036999,0.0088948716775421165,-0.38024282596231102,0.92484391902744068,-26.915756826893876,12.877605487885507,-9.7744294370340423,,0.4569118398965757,0.4,0,5
-0.78503429713157502,0.60225240124143664,-0.14495929610086419,-0.60245861226234199,-0.79673557905969927,-0.047497763856192241,-0.144099871054999,0.050044602699285186,0.98829690119042857,27.652929616382647,11.113770892601675,5.5882481808791864,,0.2161136620553876,0.48,0,5
-0.34336938256823246,-0.87244735050628075,-0.34775434966263474,0.93583010627014507,-0.34915983780573856,-0.048056423731684055,-0.079495152764930729,-0.34194009454587443,0.93635329466437978,-20.306193950011931,0.4307840260055345,-7.2584662256446757,0.2259791255240745,0.1498338790753657,0.275,1,5
0.84779579674533889,-0.47316247599340017,-0.23949855601387507,0.4954182554265259,0.86776357114799396,0.039333659613845731,0.18921691047861922,-0.15199886808879637,0.97009963657793985,-23.161144776122555,1.345936140023257,-8.1264525134085268,0.2382249483630445,0.2004334786293672,0.8024691358024691,1,5
0.78931539669605433,-0.55712258068968401,-0.25806130012889655,0.58914646045155095,0.8055792068350216,0.062837804325625787,0.17288045776188501,-0.20163474799925518,0.96408286766403906,-19.022089889599851,6.8964997448071026,-7.230083253775593,0.132868463042837,0.1055521882009544,0.1818181818181818,1,4
0.83454584499378415,-0.42676013955724862,-0.34843796562471124,0.5198239284738867,0.81946644108446365,0.24136659943400871,0.18252757597027683,-0.38255788479841774,0.90572244577959637,22.43441791206903,9.0624009930929734,4.3419300817253124,,0.2666594026279177,0.3225806451612903,0,1
0.93142906826255922,0.34302588040175963,-0.12154479079804227,-0.32468489926266159,0.93413933210599276,0.14820062214230401,0.16437641858349802,-0.098574609241774025,0.98145985115362488,-0.46302229019698721,-6.1784390848191935,-1.1668881043266592,0.5324039021819593,0.4259426740685184,0.2307692307692308,1,3
0.43026076297835547,-0.84100806500038217,-0.32799559516188492,0.89633437972352858,0.44111515323765005,0.04474484673975497,0.10705305024576894,-0.3132456802390739,0.9436189846779468,13.590033993762345,26.043170769456093,1.223576588604057,0.3336110693172716,0.239465325838797,0.1875,1,5
0.37565779362045643,0.90958541719541441,-0.17758263123868923,-0.9221951067598736,0.38587337007986477,0.025650094178280052,0.09185535999797538,0.15413017578869259,0.98377155973884023,-4.9411915847401353,-12.621253857569068,-2.130025183936326,0.3409683768788394,0.3172116882534547,0.7986577181208053,1,5
0.65264018945848212,0.74755738962784279,-0.12336422624246392,-0.74210407409796075,0.66353603087475499,0.094876124173493448,0.15278195675800368,0.029629123236799827,0.98781566536748833,6.6230604434424345,-19.741843960089525,1.181254443778351,,0.1241262707308254,0.2941176470588235,1,5
-0.32660187881154751,-0.85605020672153342,-0.40063606468812191,0.94195216699339634,-0.32970883133236112,-0.063389286459865996,-0.077828836900018183,-0.39808306936299892,0.91404187105040335,20.070337462478648,20.613851415051318,3.2650753691442205,0.6651455169317851,0.2288125782078891,0.3333333333333333,1,5
-0.18853220626381773,-0.84574246151023247,-0.49917461473908231,0.98092940460069933,-0.18663148906676763,-0.054278821638270157,-0.047255797432859493,-0.49988836362465461,0.86479969560682113,-0.56722523482964393,-2.4623090357104602,-1.3523949992186011,,0.510905534961378,0.2371794871794872,0,1
-0.069587441805856659,-0.95195867064624173,-0.29821515274103322,0.99757583656048754,-0.066463953732610978,-0.020615362351257483,-0.0001955851753499025,-0.29892680079857442,0.95427602375348897,-3.4912337059924625,-12.830835007285597,-1.7575932001673711,,0.2777876177723815,0.3846153846153846,0,4
-0.71742386282335613,-0.64768975529820849,-0.25651702074786981,0.68559430989596548,-0.72174552723422991,-0.095099085987511114,-0.12354530865189076,-0.24409296343633541,0.96184987493422214,-0.037080737467888931,-17.149277122529469,-0.5395916442414741,,0.433231586071053,0.2142857142857143,0,6
0.9530096392979881,-0.20022637818298417,-0.22733680934869771,0.21781070922432316,0.97444959547542853,0.054831385400823801,0.21054957219695056,-0.10177123050008249,0.97227130693556052,-5.6255499649496228,-2.9688455872850796,-2.8025146957606522,,0.08483613218009858,0.2988505747126437,0,2
0.099093846819363604,-0.86723404047803876,-0.48794008705851954,0.99494032768526486,0.094509902934278175,0.034082584891565029,0.016557592460196266,-0.48884864455523286,0.87221147025731871,-40.089506579523963,3.6004716441526474,-12.814627940646584,,0.3347750060454255,0.3125,0,1
0.72899275252030682,0.6668716229199928,-0.15444029693354633,-0.66381139733177863,0.74378714275864677,0.078326975170500454,0.16710474423336502,0.045419432085659357,0.98489242034027158,-6.4553391077651847,-4.4609156828612511,-3.0125403200353662,,0.07457689567059433,0.25,0,2
-0.41888351872774238,0.89472193920687737,-0.15494918276696681,-0.90475860119893969,-0.42574211859199146,-0.01247084653666795,-0.077126333342145068,0.13496777377836658,0.98784372688523403,11.349765979807273,-28.380935634504819,2.6976798219553717,,0.5881607102140489,0.32,0,6
-0.47337299607287514,-0.83847586428576437,-0.26995598085471495,0.8740269521588232,-0.48520273904918942,-0.025596658358516641,-0.10952120109343357,-0.24806557002011695,0.96253237840690153,-34.919748680920549,-0.79144017513799447,-11.232704481633949,,0.2660843577889802,0.5882352941176471,0,5
0.90854131229589752,0.39340446857202621,-0.14066132360819947,-0.37005165873359702,0.91402723555842802,0.16618057204719128,0.19394446040081248,-0.098929958884960617,0.97601148021673312,31.906501891563742,4.9928108407815763,6.8272277504438588,,0.2183376879997299,0.1153846153846154,0,5
0.9747162410218555,-0.025653559335714834,-0.22196879145869561,0.054046005660256274,0.99095864666752331,0.12280061020631436,0.21681162044594487,-0.13169227573506562,0.96728995950093688,-25.02200831191195,-0.93876922080489167,-8.4907817112004818,0.1719390573226008,0.1463798005069872,0.3404255319148936,1,5
0.34977060054561215,0.93097564558459656,-0.10461775338013697,-0.9331682966911008,0.35609327822157166,0.048933702660283726,0.082809764186311141,0.080510400158984155,0.9933079172248902,-10.121660789940002,-14.956512532132532,-3.4311203697700199,,0.1604606105022973,0.2142857142857143,0,1
-0.11358453283997917,-0.87405969893128865,-0.47235388915903875,0.99351305092936071,-0.097287631678193182,-0.058880678965871423,0.0055110373395127876,-0.47597768795038486,0.87944008837489829,14.437075723143721,23.920632846163038,1.6293635673871396,,0.438095638835183,0.2564102564102564,0,4
0.72249373039655473,-0.63098529799066083,-0.28259575944678927,0.67562603483613737,0.73111312691424235,0.094884438688739706,0.14673878352115613,-0.25948246448135193,0.9545347453274895,14.47646742365024,28.919622677816694,1.3185427386875963,,0.2285527786441433,0.15,0,4
0.977399980226067,0.034039394068711558,-0.20863987707415463,0.022592822287703263,0.96447869959855859,0.26319270962879748,0.21018763768395052,-0.26195831285169652,0.94191241593511887,23.08480055642805,16.878258452654553,4.1757039336473696,,0.3463749897338745,0.1071428571428571,0,3
0.96065714876650876,0.16546641572799214,-0.22306659944943052,-0.13006589863112866,0.97766742516955463,0.16507352233356201,0.2453990719971825,-0.12956570158982414,0.96072473916021195,26.441136134621058,2.6308356589789632,5.5514518212007919,,0.2396555611108674,0.25,0,4
0.5476913076443779,-0.74308428428217543,-0.38452565321918136,0.82660337295210462,0.55167899814966292,0.11125262614782483,0.12946464905523389,-0.37878229823136,0.91638576767187607,-19.923354028468697,-1.5786494061744691,-7.0044953774994339,,0.6196056152606649,0.3076923076923077,0,3
0.080149513877411871,-0.9314357855577049,-0.3549696223731203,0.99670646848319844,0.079297915666244653,0.016972220088710459,0.01233981802803614,-0.35516083392385789,0.93472376183423533,-19.00578284084256,5.3901417639634586,-7.0972512377344508,,0.2285464579495258,0.303030303030303,0,1
-0.7088324989740642,-0.65135945930964134,-0.27071635186304133,0.68505212255686465,-0.72715608273651278,-0.044131856063654641,-0.16810734004949568,-0.21673690527259162,0.96164704341787577,12.27057450031608,30.344409209806734,0.49212691533553787,,0.09324277233021176,0.1,0,3
0.89295867154601027,0.41905813777116457,-0.16436267240024233,-0.41230866609235045,0.90795898274754849,0.074913613670578263,0.18062772427269344,0.00087339326872731078,0.98355114885209072,1.4535871493334098,-9.3982563323145563,-0.59320422097195191,,0.5210957050930269,0.2738589211618258,0,2
0.13440990831990582,0.98416786536563938,-0.11553176760992943,-0.99077293372614827,0.13552060800612026,0.0017772454339527119,0.017406043235483514,0.1142268689376179,0.99330219574487622,17.360183677676144,18.21836160422,2.6399669759400641,,0.2381010361735063,0.2352941176470588,0,3
-0.2937590469195534,0.95571295347054552,-0.017843007636747909,-0.95380358296391277,-0.2942995613011043,-0.060386201595912736,-0.06296306439588463,-0.00072026841312473476,0.99801559794188344,34.388367523779173,5.8788159375572535,7.4533596189183386,,0.2258518344822145,0.2,0,2
0.14797859082322662,-0.95255933749653632,-0.26595684839111139,0.98860951713874956,0.14993686180357502,0.013044542735735822,0.027451034236634659,-0.2648577845196477,0.96389667221060771,-17.784702416654309,7.2415822300566033,-6.8593521955333969,,0.1764475368706542,0.1818181818181818,0,1
-0.54289326723493125,-0.75450566916722939,-0.36876563775044707,0.83003869445429856,-0.54884450770388371,-0.099022583645781287,-0.12768189417292466,-0.35984844248349018,0.92423288858524244,23.710910910760571,9.4982086248323956,4.6623540543999251,,0.1456410498470565,0.4,1,4
0.50833038556533616,0.85280496017130469,-0.11968257608447123,-0.85692973722337429,0.51468507587643531,0.027761450472650124,0.085273938417749398,0.088447569651667321,0.99242399348737953,13.062156690791406,24.619193398136627,1.0976631132176629,,0.3441216771327878,0.3333333333333333,0,3
0.0047490046358276547,0.99967671327592955,-0.02497830836549712,-0.99863555148759098,0.0034420814404577762,-0.052107459930705723,-0.052004636909046227,0.025191685318577486,0.99832905233232905,0.92837398861880416,-10.648723152614863,-0.61976190802527076,,0.2371982967607391,0.3793103448275862,0,2
0.064926798693038829,0.99479103890485465,-0.078583075315698303,-0.99782834284457211,0.06559677035346162,0.0059717614862997391,0.011095450758200776,0.078024692462029713,0.99688968213071438,1.6847326796450575,-15.250229220927224,-0.29109622948273356,,0.1855780428465474,0.25,0,4
-0.89216601962221975,-0.3342131559029537,-0.30387721180245364,0.40482275494429593,-0.89003752555873605,-0.20964670323330378,-0.20039543535409135,-0.31005607479723796,0.92935832700340837,35.970292857605585,-5.6415801211399019,8.3018766152505368,,0.5870831112500521,0.2962962962962963,0,1
0.94593042795743321,-0.22403102259917274,-0.2345756303997428,0.27541177658619387,0.9367557460958913,0.21595607301941389,0.17135920979598429,-0.26888431168348037,0.9478065457405308,-10.906802802997126,7.4120556317936437,-4.8364222021373022,,0.5124717182770979,0.24,0,2
0.91875690192936066,-0.30325152450958492,-0.25283249007945419,0.33881552620515731,0.93433554942138231,0.11054917588913524,0.20270617740830438,-0.18723139151877619,0.96117355959808692,-30.498628771685251,-1.3488075585924306,-10.111035432134312,,0.1589334428602018,0.2068965517241379,0,2
-0.71499000492080755,-0.59665969612416325,-0.3643988198174703,0.67242844136061664,-0.72956447043416617,-0.12480254296065699,-0.19138778464853937,-0.33426470124907903,0.92284225379324103,21.607455537188223,23.676103944411004,3.5499887600277571,,0.3691430353991009,0.6785714285714286,0,4
-0.9425413944909159,-0.23147478387991233,-0.24090484449024746,0.25916347625848618,-0.96163211411598459,-0.089988719706646653,-0.21083171546221288,-0.14725183030635727,0.96636788348262626,34.276891671874836,-1.1119861390921986,7.665319217258074,,0.1445636575406319,0.3448275862068966,0,3
0.7083661588527761,0.70164721217846004,-0.076867253329099466,-0.68721102497291298,0.71042148121766657,0.15179699002343938,0.1611160828342201,-0.054703826801173923,0.98541823566720388,21.785443463509086,18.629993100984677,3.7912829838205684,,0.2108310194306942,0.2631578947368421,0,1
0.15791023661937703,-0.94897190993720282,-0.27297741906786144,0.98700774569397276,0.15999311752566839,0.014761852340432927,0.029665925081066368,-0.27176187461554674,0.96190717659997194,36.98587820176683,2.4660959191423197,8.1333190052529449,,0.2917585996307348,0.7241379310344828,0,1
0.97207516086398027,-0.059601536278048484,-0.2269747530113492,0.089543703331063179,0.9882348312242073,0.12399130432824762,0.21691428451124434,-0.14085302704790567,0.96597547481621726,27.665169874246725,0.42815555759627011,5.9608502241399082,,0.5579368963301137,0.6176470588235294,0,2
0.97431283652061684,-0.043508927857661597,-0.22095580958152358,0.058543302661912773,0.99636062179694207,0.061953152025109134,0.21745615260227841,-0.073297234116216192,0.97331409995249074,12.092610698386334,29.120538580703851,0.54878555123479256,,0.1145188428210719,0.5769230769230769,1,3
-0.38490608978940322,0.90728408267772143,-0.1693602531961923,-0.92017417078106301,-0.39146562189936102,-0.0058448522932550307,-0.071601658293753326,0.15359121130648368,0.9855368802530895,6.9706365535080028,-21.600137968164628,1.4200503703866032,,0.149505680443763,0.6216216216216216,0,3
-0.540531797579483,-0.79413211756619073,-0.27781208694966758,0.83061409014166343,-0.55623703195445628,-0.026088264423527172,-0.13381184201567425,-0.24485617029663306,0.96028112904713325,14.674492334846573,36.614640177330784,1.0919905902423392,,0.1043012489706757,0.125,0,3
-0.056837144568669097,0.99597131302677488,0.069359084660935766,-0.9982789225032247,-0.055688568934554893,-0.018384128367231276,-0.014447556301385977,-0.070284613662906295,0.99742234845584599,11.013147174742855,37.853837422405086,-0.06400027816931822,,0.1864298884870513,0.1176470588235294,0,3
-0.86917931318973463,-0.41135401156513207,-0.27443614683983519,0.44714904618039297,-0.89078599780255463,-0.080981705457916553,-0.21115172749231101,-0.19310148442769978,0.95818931568288357,2.7654629442777066,-21.916209097658825,0.23004314483853877,,0.2802812258850482,0.8260869565217391,0,3
-0.91839992681522231,0.33920903537553343,-0.20366345952426884,-0.33909415175165364,-0.94004164437598625,-0.036563138359792836,-0.20385468028382336,0.035481504456420621,0.9783579775153306,-24.703546081695151,11.000413775610472,-8.9861399459304234,,0.1215689775509486,0.5,0,3
-0.95140761965785814,0.23286310509821243,-0.2014902368378875,-0.20177169100702688,-0.96571559907639959,-0.16334493077128484,-0.23261927255740011,-0.11475258596009887,0.96577436187255272,25.887611964782874,22.490500719172474,4.7791391859428627,,0.2992558804831211,0.4615384615384616,0,2
-0.89579308803490321,-0.30092448893843593,-0.32710731478527383,0.39634776139702188,-0.87388977607222784,-0.28146955663446011,-0.20115465558733775,-0.38178673527713258,0.9020951686501637,-28.902234585707738,1.2864652279471298,-9.8229116860061136,,0.353065733375998,0.1428571428571428,0,1
0.2211852123160627,0.97522209145457772,-0.0043559375176770417,-0.97374187163939441,0.22109189039791,0.05426917556484314,0.053887561356100414,-0.0077619803683203247,0.99851684131608631,7.8955223727664521,36.449442208373156,-1.0907543093596226,,0.2854249959406863,0.2222222222222222,0,2
-0.9121181348926396,-0.28977254791272394,-0.2899523727720496,0.35208236503287449,-0.91604654451856271,-0.19208523240597999,-0.20994884194210561,-0.27729154107503851,0.9375664696518321,37.292752140497939,-16.938801258104821,9.1186986457354493,,0.1618177263509381,0.25,0,3
0.95643492223481485,-0.16587605258874416,-0.24024440619348372,0.20140547896439728,0.97062025020338183,0.13165167275141634,0.21134822585677196,-0.17430279708800009,0.9617434493431678,-1.8887147868734817,-16.631459301877534,-1.1180221908411536,,0.139155201889323,0.2272727272727273,0,1
0.52671585673247234,-0.81710847590944424,-0.23431633503347973,0.84520791785536065,0.53278464274738391,0.042001191020578074,0.090520615669482857,-0.22016871496533469,0.97125267314398145,7.9175124457176533,-26.119726860540041,1.7151422962166962,,0.6354192407289795,0.12,0,3
-0.39178301599818061,0.91876479551569123,-0.04875775729440486,-0.91802088999208931,-0.39389064451752587,-0.045692512512454327,-0.061185896361025463,0.026859089384763824,0.99776493995525828,10.789943127369359,33.567389215252582,-0.18730032490946261,,0.2141010924196457,0.40625,0,3
0.081424202146952576,-0.90405001562373943,-0.41959941438883153,0.99666846543260446,0.075840319358265268,0.030003599314993256,0.0046977991603019834,-0.42064452357109605,0.90721337924035073,15.917339533085277,22.477688920008475,2.0863615674840665,,0.3703994896146008,0.4285714285714285,0,3
-0.35047412688904661,0.93314464298318978,-0.080055990738580718,-0.93395856853036552,-0.35459853537931235,-0.044511470157215995,-0.069923376992752737,0.059168859872586924,0.99579604707555813,7.5661112708605938,-22.527649557526679,1.5786220461787084,0.7055027429512372,0.2860394929117969,0.1764705882352941,1,3
0.51493103107790628,0.84626857321338977,-0.13665846195687364,-0.83803582456869008,0.53051003267683561,0.12749534096859516,0.18039398541115487,0.048873379467729655,0.98237945968290852,-15.73107184273851,-2.6953842359074671,-5.6890424650138067,,0.4923353209431967,0.2857142857142857,0,2
0.55653855454254464,-0.78617997917677473,-0.26867429659217879,0.82195579580069988,0.56813204727462285,0.040182665531100538,0.12105167102247578,-0.24320159785896278,0.96239257880633844,10.808812673651124,31.822955711966554,-0.12705194898593206,,0.1263387493182139,0.2608695652173913,0,2
0.87104472584183601,-0.4196774199696523,-0.25524879774591608,0.47321617192563653,0.85629049007409386,0.20696147283181224,0.13171006116149961,-0.30106055832055217,0.94446545728922771,17.211741604946756,38.85770632884843,1.8373306135699388,,0.2282212252147554,0.4285714285714285,0,4
0.90906036634296061,0.38277127857400978,-0.16460680011233181,-0.35045343963482795,0.91609164641885155,0.19482936639458776,0.22537000020526535,-0.11942463590238152,0.96692611886692925,6.7261880324346137,-22.805168561595629,1.3213410978713873,,0.1848445866658909,0.1363636363636364,0,3
-0.35819223733582606,-0.8926990676262001,-0.27347156300366582,0.93054517502514278,-0.36520360925180656,-0.026683347370217003,-0.076052602518132811,-0.26403541135379266,0.96150990801002778,11.509159672751942,31.492987183314874,0.1421230850849676,,0.1087599194594152,0.4736842105263158,0,3
0.96338160028039221,-0.15445075757609902,-0.21918224317987212,0.17132553105566239,0.98338103389912368,0.060077488096508841,0.2062606473607769,-0.095429060834003807,0.97383255218679854,6.6178177224205443,38.118150088873108,-1.5246901799173012,,0.1323223207348441,0.4166666666666667,0,3
-0.98229786158057908,0.033842485314384836,-0.18424331011455372,0.00048420123975211472,-0.98308339145924495,-0.18315788540532019,-0.18732505620813625,-0.1800048100044403,0.96566432661245394,6.8791806809906868,-32.900788132692938,1.4901718061006244,,0.4192114259039681,0.3157894736842105,0,2
-0.49858988936722787,-0.80617806106786372,-0.31856719240003006,0.85766925955176643,-0.51210518748221845,-0.046386616321186395,-0.12574403938438822,-0.29635318592291887,0.94676460947409502,35.77460515217642,-0.87072700546303505,7.9986065189881836,,0.1440103507457126,0.45,0,3
0.47562945387334521,0.87598954146645247,0.080118324055971954,-0.87268591027897413,0.45847028234479542,0.16800089942390695,0.11043516020136666,-0.1498243086020353,0.98252570039832576,-3.9885823257143858,-4.1838650931978991,-2.2323424318846099,,0.3771266757550433,0.3,0,1
-0.97620657350025042,0.022323336684317741,-0.21569050626807876,-0.0020555297332670464,-0.99559478711402161,-0.093737904120491627,-0.21683288646424739,-0.091064199939742616,0.97195206200559003,-32.842228240045458,9.276574339256662,-11.208248278413304,,0.6936544922316219,0.1935483870967742,0,1
0.97671460353972261,0.16454873194056419,-0.13766734561614444,-0.14155792211777135,0.97645157095190849,0.16279952171689199,0.16121395075470851,-0.13952076692128015,0.97700768557865292,25.799960849995074,1.2222015836230993,5.482161945624167,,0.3107588085985381,0.3023255813953488,0,2
-0.7008337813564639,-0.62509063642879381,-0.34364764972082162,0.69234829325297087,-0.71205507463713924,-0.11675363597419322,-0.17171444825435317,-0.31974875595151575,0.93181268575189502,37.626343797588632,-1.5924624868065631,8.4982759282326956,0.2134375704638156,0.2034744285144541,0.2105263157894737,1,3
0.64679890591874878,-0.72454852166363459,-0.23807690996262668,0.75701921724766408,0.64783007015016569,0.085077052881293719,0.092590928389582841,-0.23525654074706245,0.96751293532214955,6.0248149431118296,-22.213987197777389,1.1564134000066002,,0.1487484212718717,0.1739130434782609,0,3
0.9433290885768898,0.28005658511011905,-0.17804083739736315,-0.25650897849112386,0.9557169948074894,0.14425037188715434,0.21055492062199782,-0.090406498508684763,0.9733926702155018,18.44014395426451,27.501151355297697,2.5591706382778665,,0.3225824958208653,0.2325581395348837,0,3
-0.89333288909655184,0.43814686650455248,-0.099918329803146522,-0.41804221145657117,-0.8917985759842959,-0.17302025694375117,-0.16491530765489243,-0.1127946064518346,0.97983688339257191,-27.789639422817203,2.0811062021948206,-9.6745377477474008,,0.4760803044283677,0.6153846153846154,0,2
0.45147180872044368,-0.75806888956756291,-0.47064292685696729,0.88716845767259545,0.43776923474959423,0.14591170212694313,0.095421871924199167,-0.48341457960694179,0.87017527578179599,34.357720107156553,9.5835755105816869,7.309794184353037,,0.4278099899234457,0.3333333333333333,0,1
-0.81542587420312718,0.54363103667217749,-0.19886160928344279,-0.5483403326035593,-0.83549873751708315,-0.035563172630954494,-0.18548186790164922,0.080044709844529258,0.9793821118979158,32.337327909810114,3.8531644275731951,6.9538059449322338,,0.1156616710463112,0.5,0,3
0.47827800796403652,-0.78136554879371301,-0.40089652811698606,0.87147337102011357,0.47870049367250589,0.10667708732684471,0.10855556503834002,-0.40039195361045832,0.90989118733132479,-8.7407879381480065,16.367903636430942,-5.0246908856628876,,0.5825727816052632,0.391304347826087,0,3
-0.55352241828157023,0.82509612505632202,-0.1132665744020066,-0.82320108043966322,-0.56266197998484502,-0.075838495782190554,-0.12630484401911943,0.051262858841236637,0.9906660414492513,0.52808136392272054,-7.3637807462714653,-0.81923992912245558,,0.3677860354260158,0.2,0,3
-0.052178955097161736,-0.92015237808517081,-0.38806823852149325,0.99857452750848175,-0.052447659204938338,-0.0099073737759576806,-0.011236977181709917,-0.38803201433403506,0.9215773902368104,29.88487328466012,15.486847708580223,5.999113678527829,,0.2542692292633811,0.2727272727272727,0,3
0.27961014594148015,0.9546998464981763,-0.10181536909004868,-0.95493176749047814,0.28753565505064799,0.073678806397129662,0.099616694003039213,0.076625388553360152,0.99207109831148255,13.045394649496746,-30.302067657172099,3.1516532579383574,,0.1931045190770118,0.5833333333333334,0,2
-0.91802748267297507,0.32371153926411145,-0.22898991332454066,-0.29372824984874779,-0.94312575182468283,-0.15568407589062694,-0.266363016009942,-0.075661453808306869,0.96089858367556202,0.66254505302859357,-2.5647033869702902,-1.033809892306911,,0.4016726642622213,0.2144212523719165,0,2
-0.23925551523450247,0.95901860512370873,-0.15178970141761888,-0.9696641569479878,-0.24406280655528548,-0.013592982995140682,-0.050082144125642963,0.14393283670842594,0.98831933976667929,35.906575489405874,11.08021624259986,7.6533097853779442,,0.1275605468263619,0.2105263157894737,0,2
-0.97604886983016004,-0.015166282906991483,-0.21702209004166412,0.016806261427369681,-0.99984244340476891,-0.0057129627353696049,-0.21690125237098554,-0.0092234608019936999,0.97614997540886705,4.022655813272082,-21.213817835672007,0.57414382299146938,,0.07188705417078543,0.3333333333333333,0,1
0.96564866435739127,-0.09901403224912958,-0.24024753576791322,0.14837514093602019,0.96911645274475877,0.19697238022532992,0.21332481003625095,-0.22585287785898173,0.95051722918935744,-21.390019031186039,8.9336402470064549,-8.0708100775793739,,0.250597324315972,0.1666666666666667,0,2
-0.61747342421346285,-0.7203445278433237,-0.31595938282677899,0.77333158757725784,-0.6293812738110951,-0.076403323430070627,-0.14382220289419079,-0.29151839287101816,0.9456913875956362,38.918849113093742,-19.785900656175937,9.6876529030960565,,0.1902755350640385,0.1666666666666667,0,2
-0.97322786119001825,-0.053001251139143647,-0.22364793220861576,0.076878276453464955,-0.9920694354751296,-0.099438251219557267,-0.21660392612565629,-0.11396974411546515,0.96958425967690309,-14.21635126738267,24.281224969265867,-7.1248404577350355,,0.8038762975872465,0.3170731707317073,0,1
-0.30805376859856931,-0.88808935484664797,-0.34117469639509296,0.94851562312256299,-0.314454869782409,-0.037897856965061046,-0.073627361385800325,-0.33528410740473941,0.93923563549152655,19.794217557866659,12.179267537878808,3.559251807755119,,0.3240856688244421,0.3943661971830986,0,1
-0.37242005215809587,-0.79433719052932039,-0.47992888274467055,0.92390270402413643,-0.36624549011494401,-0.11076115956125274,-0.087790080575484028,-0.4846572693279767,0.87028744276824954,27.885099021755753,12.121525193441254,5.5610865202646194,,0.4808426751111385,0.2105263157894737,0,1
0.52540902116673804,-0.77879459028921505,-0.34267236044487831,0.84380947237034976,0.52863722935482982,0.092348546702812256,0.10922881860883892,-0.33767094319219038,0.93490502154444266,37.467505023949492,-7.71094053018364,8.7416120117934195,,0.1138220610880433,0.2142857142857143,0,2
-0.62686818252810317,-0.73104191287886922,-0.26946985610327023,0.76576137481833606,-0.64187641546052965,-0.040052267250101602,-0.1436864592445819,-0.2314570994589405,0.96217556222334466,36.069437973126732,3.3862092657698355,7.8551100517538179,,0.09433817573321893,0.2105263157894737,0,2
0.95829233718056761,-0.23630983591019969,-0.16072790035678294,0.26204858799931141,0.95098172900870437,0.16420806502477975,0.11404531568009507,-0.19947784975708374,0.9732431625383855,31.715290179483077,14.722152306444604,6.4340001502693021,,0.230475252264874,0.1,0,2
-0.51072112739375986,-0.79937689145584201,-0.3164814614476521,0.85159433476890423,-0.52092882309684707,-0.058482905677138056,-0.11811443190039975,-0.29938227514889482,0.94679418793289871,33.975279938355108,-10.545361828490663,8.0619885750330589,,0.6389849265816263,0.8245614035087719,0,1
