axis_00,axis_01,axis_02,axis_10,axis_11,axis_12,axis_20,axis_21,axis_22,location_x,location_y,location_z,dbh,dbh_approximation,score,reconstructed,number_clusters
0.082502160290376839,0.99232119177578071,-0.0921522973132749,-0.97987008399676512,0.097637683948615009,0.17413070137491954,0.1817911219933252,0.075931120272544145,0.98040116938861466,2.318059142859457,-12.274478475934295,0.37226548251600683,,0.09781285038110785,0.2631578947368421,0,5
-0.85047014199967208,0.47530976510816075,-0.22534676558558167,-0.49729511245256869,-0.86614448729428484,0.049912906752737608,-0.17145876675703972,0.1545132820263215,0.97299924819067041,-17.054472126002761,7.4285231049550529,-8.7454051096916547,,0.2824645003423758,0.7246376811594203,0,3
0.95423530978885551,-0.11028944371163846,-0.27797699933258013,0.17978358926745225,0.95435320099454435,0.23851169527211702,0.23898291692562443,-0.27757198410006101,0.93050575444780348,-0.3790282948102171,-3.7493724214580983,-1.9425348044810991,,0.0726828857382677,0.2619047619047619,0,3
0.81274264632353221,0.52201001681383219,-0.25875651333453425,-0.49532327730931619,0.85291941790815062,0.16487364104301139,0.30676414686625358,-0.0058317151202999839,0.95176769712791542,-0.18491731941904629,-5.9120592004354799,-1.536591113618081,,0.08101607855561274,0.303370786516854,0,5
0.86924474823750031,-0.40409677698805241,-0.2848146107372187,0.46564227768944144,0.86275956378160013,0.19703604830480279,0.16610489724783592,-0.30389427426533033,0.93811376345251141,-0.33909915377339606,8.6340494727543238,-4.4799767547966622,,0.1177782952566257,0.5,0,5
0.68375962479968155,0.68610517766961643,-0.24846017924155217,-0.66454910417621127,0.72613793632839607,0.17634677644724389,0.30140879820004424,0.044535183840233535,0.95245438408772254,-2.5812664023293022,7.9309136532406486,-4.9563695813909652,,0.07950089917356111,0.2096774193548387,1,5
-0.67797078425441148,0.69066334273661278,-0.25167392136919076,-0.73152784399654136,-0.66757057228651606,0.13862375148157147,-0.072267760137070633,0.27808933459760893,0.95783281047781466,8.1399787307086644,1.2955703593823733,-0.72291397274549396,,0.09076197318030946,0.2916666666666667,0,4
-0.27583556029129125,0.94159979583577635,-0.19314390531625192,-0.95797055373492357,-0.25283024394137704,0.13553333879657409,0.078785543442897107,0.22241108837143786,0.9717644498096436,-0.49774118829032055,-7.6819525672896845,-1.3128089018851135,,0.07546984410869692,0.1666666666666667,0,1
0.18803266897886367,0.9580454554081792,-0.2163160206004609,-0.95650813191134276,0.22863454308761597,0.18115860259614883,0.22301549045785451,0.17284429721240718,0.9593690321961571,-1.5935300788726927,-11.684266529669262,-0.84637828841548535,,0.09499537548857775,0.1714285714285714,0,5
0.94143843104610281,0.20836180747805746,-0.26510193838206669,-0.16753024848005824,0.97135749133331628,0.16851777317201863,0.29262142162470273,-0.11423651436875558,0.94938017800626895,-1.2754114167669131,-2.4173684199863303,-2.5185683743558673,,0.2874240302668792,0.884450784593438,1,5
-0.83708422981885422,0.4832035487215095,-0.2565235324322428,-0.52335962006324566,-0.84386514099739984,0.11826382327953816,-0.15932576777103921,0.23325083989640547,0.95927542729488835,-5.5433147251805321,2.7672051009771441,-4.7889405991352074,,0.2938489570828852,0.6688137412775094,1,4
0.044991963422594886,0.97885452362708558,-0.19954835204073221,-0.98288539975507661,0.07909414444168425,0.16637429868625023,0.17863934106372961,0.18864765540507009,0.96566042061093449,3.30552895943769,-6.2011735034456752,-0.51492172258917623,,0.07054066380795174,0.1935483870967742,0,4
0.86327235789534162,0.46424917679187228,-0.19807457671767148,-0.39989942882114859,0.86853518874720803,0.29279185906778432,0.30796311941908699,-0.17354920845661934,0.93543540093463673,-22.842224764420955,7.7369961323549594,-10.400738916442457,,0.07869936449245639,0.3684210526315789,0,1
0.56511223760409701,-0.7658606446780849,-0.30676641250853803,0.82476179153784346,0.53362745268508793,0.18710886927163628,0.020399660030911173,-0.35874672775384581,0.93321200120686987,-17.653393235698665,12.852458621375064,-9.9570510371682648,,0.07200670861780994,0.125,0,2
0.96249278946286421,0.13111654754038285,-0.23752069634683565,-0.0041560445413216136,0.88249024957160693,0.4703123288888072,0.27127542742711819,-0.45168507875746083,0.84993542819563717,-20.155235895301388,8.7398846611003229,-9.8387206369911251,,0.09133309129404646,0.3846153846153846,0,1
0.057211974493444839,0.97481607186400909,-0.21554678380849154,-0.98219833898826081,0.093651012954571483,0.16283706783556232,0.17892236546408136,0.20239346285936663,0.96282068596833303,-21.770912292628182,9.611063115155801,-10.45455119797947,,0.1531135138137928,0.3137254901960784,0,3
0.76990152595209604,-0.56564317813369736,-0.2954647785565056,0.62790099702470992,0.75413347008031595,0.19241373973808762,0.11398235947728766,-0.33366226087981798,0.93577642489675861,-1.0237028568419111,-5.5326579652840682,-1.8504499307194298,,0.06745775687583144,0.2022471910112359,0,1
-0.95060742075999427,-0.10102695872706088,-0.29349460847925635,0.11900469453961886,-0.99191790123624146,-0.044008634205368248,-0.28667649759539621,-0.076762170484234143,0.95494720006343081,-10.420850398409929,11.864318714244421,-7.8252300366944736,,0.4134623215184685,0.1052631578947368,0,1
-0.88601081213439392,0.40006415173337867,-0.23437899922732877,-0.42881443091980753,-0.89928786706176345,0.086020439375918259,-0.17636049618855579,0.17672013652483567,0.968332054994964,-6.7540939651775531,18.120236164793258,-8.1183619027124028,0.2411698860633722,0.2046850547670871,0.3809523809523809,1,4
0.10260675650443002,0.98636835936003919,-0.12864413384614573,-0.97674733600249786,0.12438092434063383,0.17462539125852483,0.18824583695705996,0.10773507002621731,0.97619499053968817,-11.032949655846455,14.253143005268056,-8.5115702706505001,,0.1855127828210213,0.2631578947368421,0,1
-0.81075174010832396,-0.50490553374668268,-0.29622967086924684,0.49715041222961687,-0.86104756470727051,0.10695119883199476,-0.30906808882711712,-0.060559832427578612,0.94910980564163216,-22.931349713664297,4.148754048466575,-9.7290640386508471,,0.07467851535193785,0.3478260869565217,0,1
0.27025475023164403,0.93285958361304555,-0.23819187063904376,-0.93555178052316834,0.31287532040644789,0.16386549313535065,0.22738785353919158,0.17855540076362214,0.95729448599737643,-2.15096652391943,12.354433517304201,-5.7206352742757023,,0.240003065433521,0.3888888888888889,0,3
0.53127310309690157,0.84641401421709006,-0.036499403593758709,-0.79997070767137146,0.51537356133823131,0.30730596990835174,0.27891890719984119,-0.13406494251093118,0.95091052912247553,-24.700246729439097,14.283219001917349,-12.143097422247434,,0.2048421283408386,0.2857142857142857,0,2
0.24026280614235951,-0.91996478091695244,-0.30973954519405894,0.96650987235781105,0.19707493236365856,0.16437803280471025,-0.09018010101727536,-0.33886025571949691,0.93650481924773388,-12.87095813930182,15.12169261837221,-9.1425493258621309,,0.08704250037819383,0.2857142857142857,0,1
0.49906571004523698,0.85347847737013793,-0.1500263500955662,-0.81450993404097982,0.52110349198061634,0.25499944704679101,0.29581579471962788,-0.005063527580801027,0.95523158254050411,-5.4570391402487317,12.051111282189876,-6.5452442853958148,,0.2016678188106645,0.4868421052631579,0,4
-0.43589615299041162,0.87210238136840712,-0.22233303897466933,-0.89972245400899087,-0.41615602682510733,0.13158140860006828,0.02222722565227889,0.25739385724739539,0.96605090584870768,4.2385089221968597,-12.473426229941756,0.97004691075346627,,0.06957544997459005,0.3043478260869565,0,2
-0.69301132009877786,0.67672871162375958,-0.24854287573574951,-0.71684352538226437,-0.68348093870639037,0.1378011848372819,-0.076620299741494369,0.27366413226632108,0.95876862296304088,-9.8779805387653763,-6.4742924453269781,-4.1560583636914341,,0.07947627015114017,0.3865546218487395,0,4
-0.60093964753636653,0.78228705296966417,-0.16400764242835053,-0.79462587469108714,-0.60686249503371137,0.01695969907996606,-0.086262734076146541,0.14051647190808872,0.98631326759413074,-7.4545767733461572,-5.8041413075427908,-3.5747401099522835,,0.1890752006550606,0.2241379310344828,0,4
0.82810658200323461,-0.47140792415095384,-0.30333819062328338,0.54283774844509025,0.80938921198646141,0.22408989799408319,0.1398809054373886,-0.3502337399046847,0.92615854999367819,-4.6501712525025765,-3.120634664668736,-3.3857643801323509,,0.06869172796803862,0.2394366197183098,0,5
0.094083387488717807,-0.87674276729528244,-0.47166771799017349,0.99405970152895673,0.056691905725500459,0.092904992445894896,-0.054714038370500352,-0.47760668737007961,0.8768684201090664,3.2496465466319973,-2.7169373306429874,-1.2356404098428069,,0.221329409836283,0.1403508771929824,0,4
0.75803217153156144,0.61018967370753729,-0.23033842281268274,-0.57653530479080739,0.79201770689300044,0.20078594148426637,0.3049496175647966,-0.019403970434983632,0.95217079175872754,-7.2163826167899829,6.0009718154575236,-5.8332117552804181,,0.06719441857355309,0.15625,0,3
0.56597481727304155,-0.75913609689612671,-0.32153521207180669,0.82356300305015961,0.53841635779050867,0.17847074177748426,0.037636235461985038,-0.36581445030632281,0.92992650340085081,2.8569264327854467,-7.788346322266789,-0.30698984642316685,,0.08514693196462737,0.1111111111111111,0,6
0.92098536835067313,-0.27726236925772113,-0.27369970748535744,0.34663532422544518,0.90385083638852759,0.25079397432729472,0.17784797801238972,-0.32585156767054924,0.92854232674851722,-8.8975265324692216,-13.621117937508359,-2.5885359251420552,,0.1169065559227003,0.3571428571428572,0,2
0.50969007345567163,0.83676244082739393,-0.20011158547504063,-0.81026830978925402,0.54505527648635721,0.2153601906705282,0.2892771943517457,0.052377124729819959,0.95581135253407568,-6.2744856182111119,7.3371493102971712,-5.8171157736668491,0.3418591834563722,0.3359154202913343,0.1881188118811881,1,5
0.60297642815636798,-0.67582832283317229,-0.42388147534929022,0.79678087391690189,0.53649399645471618,0.27805472613905674,0.039492607510866161,-0.5054010979653184,0.86198031539440867,-14.978358866879677,-3.1354760665064778,-6.2443971904715214,,0.7063672977255371,0.2456140350877193,0,1
0.9578227728158597,0.1179305010754674,-0.26204566928577072,-0.065050146350894456,0.97721948921435675,0.20201620816003638,0.27990000774395402,-0.17644961551593447,0.94367447716318675,-8.2647239665129373,7.5125072051416391,-6.4135927903867591,,0.06958507730613243,0.2405063291139241,0,1
-0.7107655899432348,-0.64069710249277256,-0.29037819995655861,0.63393963478832005,-0.76232616727126146,0.13030485078445805,-0.30484884057036665,-0.091466045890669992,0.94799849517392631,-17.568641570893359,4.1620046084501707,-8.2586363087748254,,0.1020807600187233,0.4,0,4
0.61185904087620535,-0.73017454115257396,-0.30409481013440559,0.78967733663520701,0.58585593453912044,0.18216072016222837,0.045146628919310927,-0.35159346327530588,0.93506353713493728,1.8704960103382791,-6.317258865908812,-0.88960735481099651,,0.6281405068663615,0.9367088607594937,1,3
-0.55807391519488847,0.79331498138806522,-0.24332045841708791,-0.82951195776205544,-0.5409695644548036,0.13878703924841634,-0.021527124954573065,0.27929065619678978,0.95996526616974853,4.835455163130713,0.09480020619245387,-1.3789742709641994,0.5582675171402658,0.3263670374767998,0.6518987341772152,1,1
-0.86441705734996221,0.4671529085515877,-0.18587982944425405,-0.47473825764763511,-0.88011709153378215,-0.0041823337748777625,-0.16554980425273993,0.084628985707669441,0.98256358424784473,-28.227152307241724,18.344060822060538,-13.970984403354665,,0.435210173247707,0.3076923076923077,0,1
0.31800707245502852,-0.82389797771062145,-0.46910939469694113,0.94586076880195402,0.24180374411211694,0.21651409971347693,-0.06495312086388029,-0.51256518771538717,0.85618807538550301,-2.0627904028124848,1.5376456846579352,-3.5687616796200632,,0.2822805247402255,0.1540930979133226,0,1
0.69905308688562251,0.7106928881779434,-0.078996205028955255,-0.64913176155028451,0.67704350823915949,0.34675646222938156,0.2999212194265487,-0.19112222959275377,0.93462268081466326,-2.0677520470243249,14.670067941318871,-6.1104907584729489,,0.135640756234176,0.2307692307692308,0,2
-0.21398073589870273,-0.86216758890626244,-0.45921595497522838,0.95141023391825263,-0.29050853579045161,0.10209484525921302,-0.22142902126836125,-0.41505642902194534,0.88243829771133897,0.27269293569173586,-12.144627341113098,-0.22750466620199,,0.3370461337071883,0.5,0,5
-0.87865353848899153,-0.35299029315031744,-0.32150553998714776,0.37310258892851866,-0.92778953558183164,-0.0010177424458444138,-0.29793022242735151,-0.12084879232537783,0.94690715065305464,-10.66432167236578,-6.9784183972594445,-4.3004726190502192,,0.10652641787467,0.3055555555555556,0,3
-0.22078812810068796,0.96052772265017183,-0.16923089703203767,-0.97055446267238454,-0.19924149005743871,0.13537674699301042,0.09631530240056467,0.19413738089344212,0.97623462336844091,8.7633698196033443,-8.6997901353735951,1.4536728327498634,,0.452408148816558,0.1764705882352941,0,1
-0.32357719403768426,-0.89813493883175999,-0.2977439019499295,0.9151739480460358,-0.37699014916825613,0.14260109483425232,-0.24032154359634578,-0.22634500012097961,0.94393511249645923,-21.067140646353479,5.4592187540798358,-9.4581363645271281,,0.07269479623113079,0.3181818181818182,0,1
-0.33065360746537908,0.91415346854230473,-0.23450293776881417,-0.94193315314753545,-0.30424594289647411,0.14211383195374264,0.058567284994886018,0.26787654280117307,0.96167147766023453,-19.233050457628433,8.8546726673446816,-9.5923065831856,,0.2329626286707438,0.8384615384615385,1,5
-0.084292303444140224,-0.94770317466615628,-0.30782056511508471,0.97939369420136524,-0.13569603540537584,0.1495813415298371,-0.18352874254100851,-0.28886896458940003,0.93961264463520522,-16.941446361196256,17.060469785498796,-10.658885434524352,,0.09930544954733053,0.3684210526315789,0,1
0.85103214150571527,0.4785141666424399,-0.21626022853656501,-0.42754077160964954,0.87052293549177229,0.24371850031175901,0.30488224404779862,-0.1149522122678755,0.94542731405386193,-10.268803734276002,-2.8273577824501293,-4.9821279725277652,,0.1246651339962313,0.4980392156862745,0,5
0.85758188179116135,0.44934214853260651,-0.25028973126285076,-0.40517049525508381,0.88993153254692314,0.209424776837491,0.31684410330362639,-0.078188879840958556,0.94524933920682297,6.2566637304254904,-16.881829034406334,2.2457240494910748,,0.5404756483393962,0.9166666666666666,1,5
0.97160419319219882,0.030037420590833343,-0.23469777403202033,0.043184677952353014,0.9527371280992194,0.30071090490935348,0.23263786312955895,-0.30230732393625537,0.92438623233636041,-7.8038587043852017,13.3369023640275,-7.4254604822486678,,0.2504695735846098,0.1904761904761905,0,2
0.91528148759577255,0.3036951881350059,-0.26462998916999925,-0.24177942018604848,0.93964211287384547,0.24210619919463924,0.3221839698665479,-0.15761323680966507,0.93346427737938242,-12.044375159663458,7.1479178073559888,-7.3614901826650661,0.2955726374969814,0.1857013932290112,0.7054545454545454,1,3
0.74244973643320522,0.63247864844514845,-0.22076944564695003,-0.59433389139938797,0.7739553995862104,0.21854122033476611,0.30908836018899771,-0.031045107703900739,0.95052647879126895,-5.4456557735449627,-14.899687635280335,-1.3643920903893985,,0.09782096307645177,0.2222222222222222,0,3
0.91248435443718712,0.33327597406032866,-0.23727500505002388,-0.27637851603839225,0.92978983409957439,0.2431168037744442,0.30164087716979904,-0.15626256595622839,0.94052899567265291,7.0450796335953081,5.93763491237622,-1.9372394421841261,,0.1287892770957737,0.2727272727272727,0,1
0.64455744398410253,-0.67159875394187352,-0.36537763356341918,0.76166299097535184,0.60558124322896223,0.23052298372992289,0.066446892953412467,-0.42687992638795769,0.90186381392306136,-14.191262332638798,13.104752483736675,-9.0602472534550103,0.5756508060540494,0.4346205053115367,0.6111111111111112,1,3
0.96170965545825393,-0.025497845398107361,-0.27288165654440777,0.11910398368761629,0.93561185408956138,0.33233221263794543,0.24683755724789094,-0.3521083900834327,0.90282384880149613,4.3372780066749455,-5.5335566046473481,-0.2929349014130162,,0.2050850348398951,0.3548387096774194,0,2
0.88709618264801426,-0.35939868933430485,-0.28964278833781343,0.42502520856773618,0.88075491392241068,0.20886443853245479,0.18003870365360822,-0.30838833263648152,0.93406782488233553,-21.290743330506718,7.4421987507428629,-9.929941557394212,,0.1011297454995191,0.3703703703703703,0,1
-0.8151026500474714,0.54623199753459339,-0.19297221239069071,-0.56280795589606791,-0.82560534975820754,0.040286613542438357,-0.1373130535152409,0.14144402186022623,0.98037682245875479,7.4094219854100904,-19.49269719629207,2.9844129255321548,,0.8372644596472085,0.6551724137931034,0,1
0.17852461715783133,0.96552548724105169,-0.1894452283816587,-0.9625197513680569,0.21132339893910815,0.16999455663989763,0.20416828670247153,0.1519965609767259,0.96706378081087541,-13.710295780045577,11.17109190183689,-8.6276896233519214,,0.1123716469961363,0.5076923076923077,1,3
-0.87498325003189303,-0.3464691128907223,-0.33817667864053241,0.37430824070153518,-0.92711743743063291,-0.018617146800150895,-0.30707922936360832,-0.14287200924174298,0.94089847266784299,-2.340020046712556,-5.6721938753994952,-2.1893633043473613,,0.2931947448836913,0.3037974683544304,1,1
0.011639498830575062,0.98705363272820601,-0.15996764730727905,-0.98635197923061435,0.037609956846239828,0.1602974242271992,0.16423853121245249,0.15591862385256275,0.97402006529696317,-20.347615726810595,10.533012988663419,-10.229261527685054,,0.3977893668556743,0.5,0,1
-0.25321639672805446,-0.91682999322420777,-0.30871381561660138,0.94106912718584301,-0.30740227820285082,0.14104161518280256,-0.22421051332561812,-0.25480699142723195,0.94063969873382791,-3.0000529032262917,-17.548887897233822,-0.17732511432180914,,0.09099515259187321,0.2608695652173913,0,2
-0.93960487258497583,0.24139945949614028,-0.24262931473658023,-0.26084180228279435,-0.96403417871332953,0.050986826282669727,-0.22159475985779697,0.11119533815536911,0.96877828174256586,-12.837786381437198,12.042501322548555,-8.4903155582725987,,0.07998732774901912,0.625,0,1
-0.96297000534783972,0.032852363730913686,-0.26759949737933691,-0.066659005965592155,-0.99074450670988867,0.118245081706844,-0.26123810159328043,0.13170438345579397,0.95624714883468698,-9.3477140451974439,-10.23264926848047,-3.2790591092871124,,0.4200010691329431,0.84688995215311,1,4
-0.84665052071322466,0.51892664156574786,-0.11788993362166361,-0.50909114160472524,-0.85434481388774541,-0.10450429906330139,-0.15494871834134033,-0.028461898327556755,0.98751243791051502,-26.005486008466733,6.0166633295575673,-10.922194915405887,,0.6325935828917656,0.6111111111111112,0,1
-0.054650750270388924,0.99512396607886244,-0.082107171613438987,-0.98779791087746005,-0.041871420764255575,0.15000690447212134,0.1458375217871212,0.089303282462951938,0.9852696793164466,4.3785532208709164,3.3059029499594272,-2.1343503554370695,,0.3911556399516095,0.3043478260869565,0,1
0.75808452824947603,0.6317286405725413,-0.16194682062065721,-0.57243577584062266,0.76354559340565786,0.29885683751346032,0.31245020493914633,-0.13385459077361384,0.94045617546077831,5.2102556926834396,-6.6900600694887284,0.093697699773515122,,0.3070571741985348,0.3333333333333333,1,4
0.45875458461945756,0.88708997611750917,-0.051142989377489532,-0.84772145024365675,0.45419230280137152,0.27400309281608159,0.26629414917984945,-0.082345165904406964,0.96036800225994379,-7.9937126126572187,16.074840496258741,-8.0284185283506417,,0.2797710805216665,0.375,0,3
-0.93000541387151869,-0.2175195869575817,-0.29626872845352253,0.22717178043451422,-0.97385286133620441,0.0018938430502230326,-0.28893409688694899,-0.06554261024012592,0.955102745205474,-15.072766809097979,14.76984396679757,-9.692265565170926,,0.2585741920832885,0.2727272727272727,0,2
0.9574548252329218,0.14421196136684125,-0.24996633340697025,-0.096432252939402954,0.97627606416391177,0.19387074852502398,0.27199462904849225,-0.16151766695736647,0.94864691272855728,6.1909183485128541,-15.4747812169089,1.9600272689319214,,0.5634952578371832,0.2,1,5
0.9205764900706418,-0.25045610244733396,-0.29968427832655714,0.3327365853171666,0.90472779577180795,0.26599620363711668,0.20451232412911124,-0.34458577495999032,0.91620704700113142,-22.273169821067189,12.578041306877269,-11.170983562682334,,0.09179479451236129,0.1666666666666667,0,1
-0.94769942883829883,0.22090750930672876,-0.23035985959246549,-0.2212856193670926,-0.97490049946134705,-0.024529386689008073,-0.22999666789083056,0.02772883845230855,0.97279630153347174,-20.380331750906109,14.203031228291291,-10.94555199738082,,0.4073685853898604,0.3235294117647059,0,2
0.94260020624167762,0.25741100451456972,-0.21270737163518025,-0.18097110395022686,0.92913030272891162,0.32243811822722956,0.28063198450672483,-0.26543634887799539,0.92238236863360312,10.280286696238241,-6.5281192740973903,1.5106960307717039,,0.4926057212515225,0.5116279069767442,0,2
-0.58931676419139134,0.80215116520815999,-0.096225046626020105,-0.8073602635940289,-0.58909069493813349,0.033786948762611825,-0.029583039268618942,0.097599494325013983,0.99478599834091608,4.3101668720010036,11.534584693485272,-3.8137544750571442,0.6206168473029959,0.178577237252617,0.2962962962962963,1,6
0.65912616208527075,0.71019019825784691,-0.24735113655130306,-0.68312396644879625,0.70295726744499376,0.19797152979539911,0.31447471904432128,0.038483274870352698,0.94848547096792557,-1.80160768252138,-15.885508077303658,-0.17144444867207315,,0.08846837731197575,0.1739130434782609,0,3
0.44738233767851066,-0.79207931626996586,-0.41528231442069891,0.89412068862477845,0.38577996699004335,0.22742473753378378,-0.019930833059869972,-0.47305831966731349,0.88080564717029086,-14.618280315603286,10.929201498019758,-8.7233928815719661,,0.1027888873362104,0.1311475409836066,0,3
-0.78513599065011119,0.58710244692791758,-0.19716032308028109,-0.60726167428565303,-0.79231571596484918,0.058898770605966121,-0.12163361019740496,0.16597145250422052,0.97860039946036481,-1.3063645244847601,3.3800131433459031,-3.6832397061358533,,0.2916179010089893,0.2814070351758794,0,1
0.95262181660592604,-0.069223893839827355,-0.29617516278053724,0.19108679937572462,0.89380440009316131,0.40570867562629936,0.23663792940010039,-0.44308209949822686,0.8646853436212949,3.5128356904115163,2.6864210649322913,-2.2463012708559682,,0.3838904904327302,0.1818181818181818,0,1
-0.24367737322592969,-0.8831666312339328,-0.40079675554152988,0.9532455161479173,-0.29425241777606287,0.068836767623351267,-0.17872975052184503,-0.36528374739077435,0.91357728746425781,7.3302293215210863,-4.8873424633596168,0.35841977995323882,,0.2036794104993218,0.1481481481481481,0,2
0.36422902498096371,0.90147567835028208,-0.23383502454575614,-0.89762720493696913,0.40672498276553987,0.16982399521685654,0.24819874761662317,0.1480418513031671,0.95733013738431427,-10.947719677347655,-5.7110491271185619,-4.6091870798227728,,0.07090836661156179,0.2328767123287671,0,3
0.78311163982757792,-0.53854112031775958,-0.31098170572150058,0.60982336705826812,0.76301128702832666,0.21431107497535595,0.12186722511109488,-0.35747340823377094,0.92593797948321199,0.40459913443678847,-13.738825671403347,0.093763821416923993,,0.08501142508577479,0.4761904761904762,0,4
-0.065946793164796208,0.9896448181032752,-0.12749178198070274,-0.98787698725776074,-0.046759006888006709,0.1480292313071207,0.14053497257910322,0.13570825058257432,0.98073094791895277,15.017046135837559,-5.3069083594223168,2.4787039980782186,0.5719622990027148,0.3742402911689756,0.2023809523809524,1,8
-0.47342948945623087,0.86637098576953342,-0.15895229954278894,-0.88068100473683253,-0.46223933583938098,0.10361353337519123,0.016293753678527815,0.1890399730731461,0.98183420299537771,-2.6868678839206006,21.252367180336989,-7.8595797084774395,,0.1079797728931471,0.1111111111111111,0,2
0.1502635838577997,0.98864242850987261,-0.0026464913208955726,-0.96815495407844776,0.14769082246050874,0.2021469907129399,0.20024195429422126,-0.027813117607345082,0.9793516172598028,-22.624767510012006,17.037337540340808,-12.164391683882062,,0.4702126978292557,0.1739130434782609,0,1
-0.8596341547492361,-0.3832385024541281,-0.33787182514273439,0.39011144659027197,-0.9193929292741555,0.050296131460894088,-0.32991238113749294,-0.088571394012985472,0.93984729022048297,-11.778841834456163,-10.301946882281865,-3.9308977285778712,,0.1397106459600675,0.3636363636363636,0,2
0.69953145601747513,0.67926352884049779,-0.22193873125082569,-0.64728332113267928,0.7338943233586479,0.20596947425626322,0.30278712691513282,-0.00042488716963013994,0.95305811745421531,-18.112302207020907,9.8577727840785894,-9.5443694183257399,,0.1416110682564306,0.1785714285714286,0,2
0.93545279366002554,0.242131829773234,-0.25748834506501578,-0.19416929862745591,0.9607672160630476,0.19805211437645395,0.29534108130122488,-0.13527207231771018,0.94576694388559412,5.486737524261625,0.69539092636998745,-1.3315242069804161,,0.07172213829601291,0.2325581395348837,0,3
-0.83566701359092899,-0.43406382780546227,-0.33652523796423844,0.4608336403766653,-0.88748646402284959,0.00036341905358598908,-0.2988193405608271,-0.15477845317449129,0.94167437691576983,-3.3709948533020873,2.5334347591893076,-4.156781013538219,,0.257876543776785,0.2610364683301343,0,2
-0.9199149394971865,0.29672403896618998,-0.25634224932593541,-0.3107427623156952,-0.95037489825608557,0.015049532655456459,-0.23915568100779108,0.093500788575964972,0.96646891454271489,-0.583778322618692,-15.185291459905155,0.097178559803623457,,0.3463776623824866,0.4761904761904762,1,5
0.73393220221650879,0.64418594248804195,-0.2153322875242307,-0.60648971504709981,0.76426823707221436,0.21923568903035842,0.30580017673590781,-0.03030731435349393,0.95161321901545959,1.4535204782503703,-13.569513083435343,0.29909297666021967,,0.1077039800124409,0.2380952380952381,0,2
0.45490260988466785,-0.83355966677290683,-0.31343563525795776,0.8902316551200733,0.41636854097689369,0.1847290943705098,-0.023477984204221349,-0.36306407150007913,0.93146833775684124,6.115692656743609,-7.5141075751163404,0.51731725671158046,,0.1352570905585591,0.375,1,5
-0.19499307045947387,0.9628488723792975,-0.18681475164103431,-0.97232748604120811,-0.16478053434142842,0.16560988917011341,0.12867386044403334,0.21393789860627307,0.96833548586136264,0.45119251136833816,10.14503188833854,-4.5527695823377643,,0.2000495587343771,0.3,0,5
0.62509934647971443,-0.72259390052588723,-0.29514210467742086,0.77897560104407759,0.60149299839037673,0.17720944067789332,0.049475448544218481,-0.34068200394229475,0.93887589817888606,-4.9005174381798478,-10.269390958767737,-2.0714871632788632,,0.06625253732259329,0.1428571428571428,0,4
-0.58099922638601742,0.77433008779693291,-0.25070463512117991,-0.81317247617970045,-0.56531043225361177,0.13847252134994026,-0.034502506033976248,0.28431853671125457,0.95810883868157004,-12.153651497567997,3.2612920527692859,-6.625495123692974,,0.06898750319786202,0.2292490118577075,0,5
-0.85345800875943179,-0.40015672553153792,-0.33389223156021791,0.42326807404610034,-0.90599613880707441,0.0038902390641476132,-0.30406177789667926,-0.13800576610616253,0.94260322710234801,5.2981413066965741,6.1003502850430458,-2.4905096390665999,0.9201965926905304,0.5400707927720302,0.2352941176470588,1,2
0.76467070393469461,-0.55109623152256226,-0.33402343951532815,0.63384108158587615,0.73673398594089756,0.2355175519015188,0.11629358468146946,-0.39181115037894021,0.91266632708820039,-0.80833926089452135,7.7347146206499078,-4.3940677939768529,,0.07560229452625471,0.4166666666666667,0,5
0.57921743584597574,0.79584244471404397,-0.17647086219426106,-0.75853588691115359,0.605477312727419,0.24087451513244695,0.29854726640838858,-0.0056592370471588715,0.9543780711835963,-16.620428889585671,15.325584198060518,-10.248554920304136,,0.2410041502426207,0.5384615384615384,1,3
0.020424313723853567,0.99439532924446183,-0.10373416305975197,-0.99441617047445519,0.030949378037901387,0.10088912675796746,0.10353418424765691,0.10109433800102076,0.98947491505156748,-4.269099117961356,-4.9076217814128773,-2.8328157248979924,,0.2092441490802465,0.1538461538461539,0,2
-0.74847380964918087,-0.56132203619911192,-0.35313528278341849,0.59055901295509838,-0.80643079145864061,0.030156770465200194,-0.30170682538971827,-0.1859756711633907,0.93508611434914624,9.9904452051051447,2.149602413610523,-0.38611769880814495,0.717538619978217,0.6302359443934049,0.890625,1,7
-0.88055453275939399,-0.35771425416131691,-0.31090871201479386,0.36145783094571904,-0.93117090493781429,0.047633835089228818,-0.30654844851165247,-0.070436199266460622,0.94924537952417443,3.4772690898249223,9.3284677409236707,-3.5242178643639988,,0.930478738418377,0.5528455284552846,0,1
0.7513330928358396,-0.58231325656904709,-0.31049936366067199,0.65129432236814111,0.73014237716529162,0.20665869136922468,0.10636864792200242,-0.35749598639896318,0.92783744828923409,2.1610173257415606,-9.4201906369934445,-0.22893608672854074,,0.6215685708416119,0.8351648351648352,1,5
0.73736671979774093,0.64375861015257774,-0.20460980521261513,-0.60058906378528731,0.76343839224134313,0.2376017628585021,0.30916516135592453,-0.052313221143199827,0.94956844402991314,-10.310846593304944,0.2009478445157615,-5.6293167245118632,,0.1009952280096759,0.4795918367346939,1,5
-0.96364608518183148,-0.021029845143937322,-0.26635308920106598,-0.016453571963206574,-0.99033460523363093,0.13771945994084725,-0.26667490036255848,0.13709527814614575,0.95398604928303288,-5.5956991608880076,-9.8870417597163431,-2.3651793557863714,,0.2200244981143563,0.7936507936507936,1,5
0.37148389661436165,0.91406557922693443,-0.16273853701179597,-0.89404338918519688,0.39945154688887324,0.20279270189613077,0.25037198886947581,0.070161090075737273,0.96560410553649134,-2.2108364090723835,3.3525476851985809,-3.9468793508160234,,0.07505504121742175,0.2119205298013245,0,4
-0.95287452988161259,0.14895713805083655,-0.2642761838051233,-0.18367970718473645,-0.97660536719962354,0.11182004259262725,-0.24143714600579724,0.15509264257401628,0.95794278365045527,1.9589863341878861,2.2460858611198331,-2.6229387376019648,,0.07918310701267628,0.3506493506493507,0,5
-0.85028269949622348,0.48028454467280968,-0.21528141370273204,-0.50223886560033437,-0.86271557199238846,0.058974263219943986,-0.15740220080387718,0.15826748873435126,0.97476969033296157,1.8025623186506454,0.79552034290859763,-2.3398169673931468,,0.1073306055649607,0.3605442176870748,0,5
0.74187368220431238,0.63332704001126705,-0.22027323950762018,-0.59471100409725675,0.77320882213128528,0.22015208148909862,0.30974547818853954,-0.032326115895929208,0.95026983587444014,-5.465385843940016,7.5850518095970365,-5.5926001808185077,,0.1164094050926253,0.1379310344827586,0,4
-0.94802484431220579,-0.14980731149967177,-0.28072524643867847,0.13433034774165764,-0.98819200657065909,0.073701532042813891,-0.28845147294202145,0.032160963466489521,0.95695424142771013,-13.642841420960798,-2.0954667045533948,-6.0058358429645713,,0.3964007774719946,0.148936170212766,0,1
-0.64423951540361257,0.73699552036059279,-0.20443348493076879,-0.76335211665449154,-0.63617801576874244,0.11212081988486454,-0.047423546805643466,0.22828739610623711,0.97243810702142286,6.873726194445954,-22.766473159089113,3.437373361250927,,0.15054317172291,0.3333333333333333,0,2
-0.53676463253574813,0.81139034224472784,-0.23136430530820201,-0.84373152647422966,-0.5164871846660809,0.14614410459943966,-0.00091678363286814256,0.2736543450919231,0.96182766591530378,8.1234117296349897,2.3832180807515306,-0.91102571270293464,,0.1815960508309844,0.6712328767123288,1,4
-0.85019251836296661,-0.41603040500271371,-0.32263196343963801,0.42680520930572019,-0.9034462413186688,0.040276573298519185,-0.30823691380030732,-0.10345816140087144,0.94566717919700172,-21.554518999106303,14.641546004984027,-11.370456780963432,,0.1298781946254267,0.2,0,2
0.59282786504341922,-0.72901434603603554,-0.3421888450866189,0.80344378262134797,0.56445203623930251,0.18939901518330696,0.055074591193789484,-0.38721051387966926,0.92034493932757666,-3.0152154593818872,-14.553425303242076,-0.75608972836796007,,0.1402762070131233,0.3157894736842105,0,4
0.81867456270140671,0.52140683506900187,-0.24063846893002555,-0.48402958551833614,0.85202463181679444,0.19942263442348457,0.30901022754693386,-0.046786099653441514,0.9499072271283181,3.4731577318279445,-4.5842276580053412,-0.76238279400047348,,0.07773620343646356,0.2711864406779661,0,4
-0.96318252744090727,0.020673250154734132,-0.26805230004718489,-0.030884538677593804,-0.99894677440978175,0.033933569911886383,-0.26706846332582662,0.040962893261248703,0.96280656274895071,-17.930724889097142,21.195457451738484,-11.721193796945476,,0.1768742891182092,0.4615384615384616,0,2
0.26359857268569847,-0.81812863062488805,-0.51105903399696251,0.961078062981642,0.17730196981083912,0.21187960816617391,-0.082733000269043705,-0.54701878875687826,0.83302202576729056,4.04599726252619,-0.74326643577688745,-1.3778218034638916,,0.4313348750266617,0.2834645669291339,0,1
0.85802493286637915,-0.42395271141011598,-0.28992639249929658,0.48989699711067936,0.84508646393921794,0.21407895900496007,0.15425351471387641,-0.32571915349687286,0.93279841672447972,5.9945753038938552,-10.816732380037628,1.0607484109406535,,0.1384082255786121,0.3714285714285714,1,5
-0.96426469141498605,-0.012833120789261245,-0.26462977138101673,0.037991503457576521,-0.99520126931917008,-0.090172496974103164,-0.26220268983249173,-0.097003837843251825,0.96012499440868915,-14.125795445000506,-4.4352126707095687,-5.6951476097938674,,0.5313009053476541,0.3920454545454545,0,3
0.75909932917100786,-0.58319262281368234,-0.2892310030889243,0.64179886368101402,0.74480955188093934,0.18262790040044419,0.1089147695672452,-0.32426084580567804,0.93967679382195113,-2.0699606147683496,-7.2100637178909714,-1.8153488881776425,,0.961552718830692,0.7466367713004485,1,2
-0.16431924241606086,-0.9341651732664118,-0.31675639792740745,0.9628748324468035,-0.22162822695714401,0.15412003781589229,-0.21417573068009185,-0.2796718757257633,0.93590191703814862,-18.655628928353366,6.9349272175379388,-9.1204775811010297,,0.08958642130609014,0.3472222222222222,0,3
0.18369478407558973,0.95359740239671198,-0.23855443916571031,-0.96244813938265239,0.22382657312086021,0.15360743524921902,0.19987447386370596,0.20137939146599948,0.95890381967666127,6.0291852523614047,4.0892318849566811,-1.8675553721331026,,0.08959736582140723,0.5263157894736842,0,2
0.5307038116145637,0.84755535625306977,0.0018391368916135307,-0.80005260606093487,0.50024095059445239,0.33117188721789997,0.27976649526503444,-0.17722558910916611,0.94356865075734098,-1.7107411550358338,16.877777109410797,-6.4812239595012624,,0.4276875749020814,0.2941176470588235,0,1
0.95109781562159201,-0.11672428519072961,-0.28598668914225556,0.21013543477919971,0.9230953723519536,0.32208389061324444,0.22639797739819265,-0.36642922207313233,0.90248190067218859,22.601612677550936,1.3453709177198077,2.8951573858582407,,0.2225263516295505,0.1904761904761905,0,4
-0.29923676630459733,0.95369020061477938,-0.030534553261976516,-0.95152217265105343,-0.29586443242523613,0.084082058604142862,0.071154147068075893,0.054214747781702544,0.99599088774846722,-15.805317689431924,-4.396374559790087,-6.1956345014424743,,0.4780358933337954,0.575,0,1
-0.64943603515587878,-0.66021980877480158,-0.37728323623290949,0.70008764877030449,-0.71280499695830957,0.042264883183694701,-0.29683348914884833,-0.23668299561360381,0.92513298466063365,10.154697471298576,-3.1991422748176892,0.95071586356418081,,0.1718814771439728,0.4,0,1
-0.13123469355754175,0.98526690123247129,-0.10966580388900814,-0.98304264713145051,-0.11504389369215491,0.14280075785841981,0.12808047910454201,0.12654657585218343,0.983657132852926,-0.039466341981920741,7.126700651438159,-4.0750069747658868,,0.09984994346497356,0.265625,0,4
0.71028896570163103,-0.59606333458484162,-0.3744303491520235,0.68909587819794804,0.69736256210820735,0.19705919826406276,0.14365394478783303,-0.39798738438985165,0.90607371996621699,15.767258087148061,17.217957729963459,-2.2750058341239772,,0.2041938706099189,0.4117647058823529,0,2
-0.30341476830677638,0.93855962158341111,-0.1644545989218584,-0.95030006664446898,-0.28541990631445413,0.12435940018738331,0.069780095362952529,0.19401369491005596,0.97851388568506514,-15.613957057432792,-7.5493847366045506,-5.5094847383594159,,0.2217461447802354,0.2790697674418605,0,1
-0.2647158420395212,-0.84507695111191061,-0.46451100059385436,0.93840306435222831,-0.33668314224454088,0.077744135101555228,-0.22209279994554951,-0.41531844219555036,0.88214816203663127,6.3940917050583161,9.5768894129802771,-2.9207892804430018,,0.2679563801837977,0.3888888888888889,0,2
-0.91107721614612758,-0.29212510807475245,-0.29086290147032651,0.27528590424455202,-0.95633395252240172,0.098198992750128222,-0.30684845957521428,0.0093964081006877049,0.95171199969902842,3.9745701577524692,14.627812039498444,-4.6034423701771958,0.8759516571285707,0.5684652590867469,0.2916666666666667,1,4
0.96485499046867063,0.070974262886865633,-0.25301680057926734,0.031996437626680863,0.92394196756974301,0.38119216747272594,0.26082767366003268,-0.37589080139186565,0.88919909473754932,-2.9012148013857488,-10.121340576290534,-1.5142274678385927,,0.3035308159604266,0.2727272727272727,1,4
0.3874253070259534,-0.87534077076758365,-0.28927524351015377,0.92097216799522963,0.35340529602770476,0.16405780236775389,-0.041375080108833368,-0.32997459261522438,0.94308264270656839,7.6850613957819798,3.3462721772781476,-1.274263727777637,,0.2785323993216899,0.4166666666666667,0,1
0.94021553088866805,0.21610229052800697,-0.26323859045415504,-0.17406319758513614,0.96924316223819529,0.17398188325495959,0.29274008731668327,-0.11776031794731774,0.94891293003877253,7.9499105924298794,-7.5130642062349615,0.99903455180592526,,0.07214779371881136,0.1764705882352941,0,1
-0.4506707243342381,0.88944459698505507,-0.076053975058158016,-0.89248918825374091,-0.44712287128884093,0.059533073334085009,0.018945898717983529,0.09470716374444102,0.99532487463001351,5.52365528417271,7.7208582230774896,-2.7949583740083703,,0.1772529804714671,0.1914893617021277,0,1
-0.66803940781746629,0.72714203025419444,-0.15807535367886227,-0.74101390558885705,-0.66946981043057385,0.052043872319418483,-0.067983390080501721,0.15190339285170573,0.98605457146818332,8.9563161747616142,-0.043311429054730177,-0.07002394152983861,,0.08218010683602459,0.2352941176470588,0,4
0.76084948616342363,-0.51104227881115383,-0.39992980468121714,0.63206895116687023,0.72318307933914738,0.27837937195194679,0.1469588390525256,-0.46458801429336372,0.87324743148736628,3.3849246752811992,-10.045943380999583,0.22481901834125209,,0.2773224552201055,0.2,1,3
0.96171678267723959,-0.0025442631198324944,-0.27403349547476286,0.08863913571019108,0.94909345463776629,0.30226597225672086,0.25931435274101222,-0.31498435054606688,0.9129846249382203,13.132442837096221,-2.5376277695569298,1.5752799446285055,,0.8099036244463075,0.6637168141592921,0,3
0.59952432896147223,0.79921836086076292,-0.042668379935626895,-0.74586391460765844,0.57724591276071258,0.33237655917225906,0.29027159673215519,-0.16744302871151834,0.94218110375154407,1.8332662623028664,14.835037898277559,-5.1915816666604435,,0.5114246223721866,0.2424242424242424,0,1
-0.96142106439794384,0.032821958004446192,-0.27311582891637953,-0.041924266614181784,-0.99874069137470078,0.027556982078040519,-0.27186741768882433,0.037944043869108414,0.96158637507718003,-20.133411551351202,5.2503155780895376,-9.1759569611710994,,0.3974687337586905,0.3243243243243243,0,4
-0.58540814474409342,-0.65940396587534855,-0.47168179300789287,0.75776764529534746,-0.65187242758586839,-0.029163914292334829,-0.28824555471129581,-0.37449799457563004,0.88128641896264848,-9.0049797553285806,13.927452558094577,-7.8927162757947471,,0.3224977214575241,0.3076923076923077,0,1
