axis_00,axis_01,axis_02,axis_10,axis_11,axis_12,axis_20,axis_21,axis_22,location_x,location_y,location_z,dbh,dbh_approximation,score,reconstructed,number_clusters
0.97747544637655703,-0.055815207143709425,-0.20353479894714355,0.076510712113285029,0.99250698393715442,0.095268031195621522,0.19669230453392772,-0.10869475372563622,0.97442166840113664,-11.91044685934482,-15.391534261768591,-2.7027923290570066,,0.1064456233220506,0.4642857142857143,0,3
-0.95501793073443741,0.2478359626557527,-0.16284375207606649,-0.23841054231151343,-0.9682338225230841,-0.075390173345530276,-0.17635522473248469,-0.033175300101662197,0.98376736791414332,15.19537485882292,-4.7661051427681711,2.871702225788527,0.4742009516781995,0.1622885552451588,0.3333333333333333,1,3
-0.79029944848494182,0.60532587250476833,-0.094907164117043072,-0.59526598486872084,-0.7952276172679783,-0.11520175342661844,-0.14520739988950401,-0.034548875678325826,0.9887978490099455,-12.863118847776601,20.706485911295903,-5.6396368330646984,0.4698047618308658,0.3643649978762005,0.4615384615384616,1,5
-0.45562807915610326,0.88483452883184033,-0.09731860085027387,-0.88963245090696186,-0.45642304376015064,0.015235071971997253,-0.03093793428449982,0.093519311971671598,0.99513666524279631,-8.0417797732721734,16.951432396693825,-4.4454667399303673,0.4223776940927958,0.4280877479485222,0.8640776699029126,1,5
0.56363698369251203,0.8182810612571787,-0.11282488821989678,-0.81115536001102928,0.57410283193155209,0.11150300576015554,0.15601388572618893,0.028671294982911738,0.98733865735350324,-12.910993324774939,22.012553488249992,-5.6801330939055124,0.4426104662026547,0.3726291104216538,0.5,1,5
0.90202594747591214,-0.35316034366664067,-0.24824778295372951,0.39624245872847524,0.9055573954941547,0.15151804303994526,0.17129245161709369,-0.2350395182242814,0.95677339056429767,4.2783899369976419,18.234343890198371,-1.5058096875135811,0.2542101138501328,0.1588744217053417,0.3636363636363636,1,5
0.95902325229610652,0.19960272985612096,-0.20107996366963607,-0.16126609258957539,0.96808648381099549,0.19183797132828706,0.23295417776096719,-0.15154969513808514,0.96060660052243252,-3.1016186766647538,-3.463290241949931,-1.6632732795789751,0.4469365319382451,0.4420164363229475,0.4735605170387779,1,5
-0.46035414009423192,0.86994584791673468,-0.17682841228302384,-0.88648981981515551,-0.46104399826634573,0.039676580329915521,-0.047009201888510314,0.1750218653626357,0.98344165133615824,12.630388663659552,12.800828486558206,0.75170186844648801,,0.07822513295635905,0.2777777777777778,0,4
-0.16722492803215216,0.96795118024652571,-0.18736684899949918,-0.98564075895819991,-0.15961827685936525,0.055084480325701755,0.02341191416666057,0.19388790150962659,0.98074429079309355,-15.10605654674773,-5.2014364133186248,-4.2087575152288039,0.5333017721868246,0.4236939698970646,0.9470198675496688,1,4
-0.56398558996744008,0.82423641515665214,-0.05054291482284743,-0.82266551179383596,-0.56611666030826913,-0.052281761890720438,-0.071705718140636782,0.012093752565814813,0.99735251096832001,-19.333207137478105,-11.935932630346828,-4.6456657006775961,,0.1860373958416525,0.25,0,2
-0.085132239124346393,0.98183834634681111,-0.1695463461848539,-0.99562950748176959,-0.077270608183988829,0.052451281609557802,0.038397730314222341,0.173270640195723,0.98412544909319377,-19.529184728954164,4.3095396015584617,-5.9704369522665788,0.2492673007760122,0.1226418768753244,0.5,1,5
-0.96593496639593213,0.1955844654488004,-0.16945901442176337,-0.18141819219094754,-0.97875366325428126,-0.095544263085191108,-0.1845456047589778,-0.061546596505662216,0.98089496696777434,8.5419437616719698,-16.387171537156455,2.2452191929635728,,0.2111153208056507,0.2222222222222222,0,3
0.94438632162042546,-0.24543753025840725,-0.21884902164939365,0.27179144092674612,0.95721569321994993,0.09933543825047976,0.18510507333729787,-0.15329232007542079,0.97068922752376774,-9.4682120799490317,4.437217618558515,-3.9747329768373372,0.2916742450298723,0.2687005403145742,0.83008356545961,1,5
-0.16032827711775544,0.98640706672843026,0.035999198111448728,-0.98591655071265805,-0.16179325240142856,0.042326097247719519,0.047575188778479896,-0.02870613498161571,0.99845508623428314,-0.73401835399016535,-7.9087947514994745,-0.73375620463352131,,0.1427048816136389,0.2307692307692308,0,3
-0.99432006762373659,-0.064312321687579693,-0.084802879667389724,0.075995635246442192,-0.9868510879440443,-0.14265200190374749,-0.074513532624740433,-0.1482863968906464,0.98613329623990087,0.61179862776365779,4.0501884534883361,-1.500508522480319,,0.1716515143633048,0.33,0,2
-0.92401552481795524,0.33130338594802705,-0.19087529005812487,-0.33902593418606275,-0.94073992019045416,0.008355747083723785,-0.17679571783464706,0.072432513551804537,0.98157873099201831,7.4730104621673208,21.36294794825967,-0.83381846997173126,0.3240825174964305,0.2344098938975276,0.5882352941176471,1,5
-0.97169594438099682,0.14970107232237781,-0.18274731357547455,-0.13315144998304074,-0.98606168932240146,-0.099764904741427199,-0.19513503796329454,-0.072608083545721444,0.97808505926779254,1.449041885947788,3.1906803276783826,-1.2841051287390584,,0.1680916272343351,0.4108108108108108,0,5
-0.50422515421399872,-0.74523052845426374,-0.43633525335187939,0.84915396344938143,-0.51980653608232619,-0.093481075113099082,-0.15714496560843694,-0.41765131929143096,0.89491498773796996,11.842049157372315,2.6473430218514253,1.3002540146507624,,0.08330135062392412,0.4705882352941176,0,3
-0.94500375467684683,-0.23651949703059894,-0.22589030782894276,0.23595188040870152,-0.97130424844963748,0.02991265744267203,-0.22648314237103795,-0.025031669302652135,0.97369338179617027,18.507924798120815,-1.8720684188879415,3.4464924141938735,0.4008633255250703,0.327057686308449,0.7592592592592593,1,5
0.7125177200758247,-0.63915412889938228,-0.28948315683096415,0.68928353961478139,0.71473738377601703,0.11848491148299471,0.13117431377395186,-0.28395857399255708,0.94982147146821572,11.983601145850791,-18.271462880145847,3.2165830276984875,,0.1664006907339383,0.2727272727272727,0,2
0.80406410020064878,0.58337807350226989,-0.11467757463994552,-0.55840971539073014,0.80723331441678359,0.191188299466619,0.20410662048489264,-0.089690576163128033,0.97483131259811351,5.7356612281829085,6.7420716784232955,-0.50983498071389954,,0.07208281320453447,0.4545454545454545,0,5
0.96424967946297502,0.15153309165441251,-0.21739429106857022,-0.10709312669087755,0.97322731983143917,0.20337071113925489,0.24239145585420802,-0.17281870867290383,0.95466228377448137,19.64171115967488,-6.2348012457503774,4.0833592231192002,,0.3356083382166574,0.4838709677419355,0,5
-0.72688102930062282,0.68240316997045292,-0.077265017033215755,-0.67626919255757101,-0.73082218289220646,-0.092514410716385595,-0.11959911555022837,-0.014995019404667086,0.99270902129106053,2.0924639148310922,4.3650619627632476,-1.2059695521277913,,0.2489474277617971,0.16,0,5
0.81472597541120406,-0.4725416676586664,-0.33604457638329555,0.56270971124480451,0.78418579467719374,0.26155385735501485,0.13992628724099976,-0.40219026809815428,0.90480032183133319,-24.132023601547395,3.6389335989888463,-6.6901695027137116,,0.4692149818052506,0.5434782608695652,0,1
-0.97603491217022309,-0.042459284179813137,-0.21343162701858903,0.044635329898515305,-0.99898883432666608,-0.0053848134135712836,-0.21298717696076203,-0.01478235696991969,0.97694316332768205,6.5526832565929531,2.6997196040769729,0.046510672579994528,0.3047615780463183,0.2431500951979034,0.8379629629629629,1,5
0.66729606482203319,-0.68465141483608916,-0.29320368694129734,0.73896303597494017,0.65776973210103418,0.14585133182262369,0.093003189922325452,-0.31399270643547639,0.94485924188187775,16.028170105881795,-8.5051105714899862,3.3500766270752038,0.2202263297944694,0.1863721552480463,0.4761904761904762,1,5
-0.92845021521894799,0.32152885178473056,-0.18600912700693639,-0.32676219724594269,-0.9451028374169953,-0.0026632982087320951,-0.17665408093472776,0.058308011253496585,0.98254440689099098,-12.632891055484034,1.2427987958428168,-4.2435272403121624,0.6787381575856425,0.6882343302095817,0.75,1,5
0.18067864914653928,-0.92394597566364867,-0.33716325392535085,0.98334380120819165,0.16281161849977238,0.080791989125838112,-0.019753338148443229,-0.34614478319979547,0.937973131116004,-8.2809097097489399,9.1075046694144461,-4.1179205319874406,,0.08353787087415379,0.28,0,1
0.27830292675049628,-0.89105235821998674,-0.35857101928726443,0.96049046969508411,0.25909634045539215,0.10162255648988343,0.0023534202820356424,-0.37268590162927206,0.92795456792870623,-21.287460250879995,17.260906598759746,-7.1885737801771752,,0.1263396907653149,0.4210526315789473,0,1
-0.072532581862793488,0.99166984067217845,-0.10644224569941252,-0.99532185202965451,-0.065141074341447974,0.071351603387036361,0.063823470922350661,0.1111196091374466,0.99175551272708606,8.6713420413457438,-12.369822154037994,2.0257550383083038,0.1192719718780296,0.149111767776999,0.1666666666666667,1,5
0.72363997578027539,0.67219228298730438,-0.1565334473684081,-0.66530436988076247,0.73972208008312856,0.10090262461923709,0.18361721289215774,0.031125213731071327,0.98250493138706996,27.90055587131177,10.88697760830887,4.8151242366438316,,0.2921958571924749,0.625,0,4
-0.77388736426572435,0.63058492619533435,-0.058830249745130361,-0.62028681367541483,-0.77343070918393142,-0.13057261149123869,-0.12783824236217886,-0.064556865990111373,0.98969176759397337,10.074136118583084,-10.666134868216076,2.1667972910495785,,0.6399950273923836,0.2272727272727273,0,1
0.89936249637617027,-0.33720238299850203,-0.2782834041263616,0.38542963883265097,0.91196362030266498,0.14059284744890263,0.20637609750491132,-0.23370260619982314,0.95015367085227564,13.101131183571935,18.962924283919623,0.55468287843107889,,0.4387930712806359,0.4375,0,5
0.2956210024428213,-0.91449987303137314,-0.27622129740536433,0.95527526311001287,0.28527780963770327,0.077882880136838306,0.0075759227026306981,-0.28689118765468491,0.95793321888390892,-5.6923023516714553,14.740431641546355,-3.7774307906757834,0.1932056314277494,0.1388757310486505,0.525,1,5
0.82958280997329092,-0.51292817549612724,-0.22067407681699186,0.53986718365653141,0.83770896281803786,0.08238396461139276,0.14260359535293118,-0.1874790132162539,0.97186204483757666,10.628024133573502,5.5869185745856313,0.7385891002610131,,0.159127677737232,0.5365853658536586,1,5
0.2274020102227628,0.96396700291850268,-0.13804326506919928,-0.96867402241608813,0.23844762805576747,0.069378433038040851,0.099794609287686409,0.11794212970307576,0.98799326414617838,12.172414304955877,-11.3367403504066,2.6991005635240533,0.4055884969464692,0.3529954166355892,0.7741935483870968,1,5
0.97546456729911235,0.073610123114866269,-0.20748596993283597,-0.057090207318120346,0.99478491927040258,0.084520249766268846,0.21262545984037173,-0.070601091827199411,0.97457985802112579,-25.318781167611245,-0.019388466873953701,-6.6811502660175055,0.644615981969444,0.6307852501627911,0.8979591836734694,1,2
-0.45142011852892644,-0.8590282651492831,-0.2414338755476175,0.87944042028164859,-0.47410394082183754,0.042544100320026895,-0.1510113365352643,-0.19312144617265101,0.96948423569752618,2.0637559602310209,12.700879153031932,-1.8771329342626955,0.3789678869286991,0.2983326613015729,0.6422018348623854,1,5
0.66998955145245043,0.72560789149069493,-0.15686678664068338,-0.7189623564051556,0.68685628761345352,0.10640286762212885,0.18495169914572776,0.041492505013485975,0.98187129554275865,-4.3571880435210737,4.8371936987182194,-2.9239293744175594,,0.3842570644291517,0.2348484848484849,0,2
0.36315036619935059,0.92177787440650771,-0.13582106531719704,-0.92152707013453683,0.37685116743173086,0.093653919376595993,0.13751243775940417,0.091152333266692892,0.98629690337215581,22.868333666890972,20.82594798462711,2.7937297860590617,0.9425203271328263,0.7577816863007699,0.7058823529411765,1,5
-0.97443141803481104,-0.025663202655251752,-0.22321472078727955,0.048739478545277451,-0.99394326689854628,-0.098494900467892499,-0.21933507420793907,-0.10685589462692775,0.9697803581253216,2.1650745495081827,26.80718059522998,-2.3320979091960141,,0.148014467335116,0.3333333333333333,0,4
0.33429185324439975,-0.88342746701490793,-0.32833651545030629,0.94235687875006213,0.3187003301386151,0.10194906886273827,0.014576348200637841,-0.3434909170460877,0.93904287440988143,-16.496848544722372,5.7677937550985439,-5.4875954209025419,0.4102374769383008,0.2771576281908503,0.788235294117647,1,5
-0.942399791291891,-0.24126328962105151,-0.23167791965189172,0.26150951213425666,-0.96329701351581865,-0.060594049334956109,-0.2085555284242134,-0.117689799187239,0.97090354965411663,4.5415784885262784,28.080330899143096,-1.7661560055160044,,0.2114527002420942,0.4444444444444444,0,3
0.82905546102024419,-0.50933131294684775,-0.23075670348735905,0.53989677171459582,0.83654667979386821,0.093279839290250119,0.1455284111253542,-0.20191895943099974,0.96852992487461853,5.0312094568277281,3.8105099165859349,-0.42234088258819741,,0.0687648278796332,0.2745098039215687,0,5
0.81566389132585315,0.55910040129516869,-0.14865785434597126,-0.54380238271326198,0.82864547917077547,0.13276158482488412,0.19741171429919199,-0.027448335494472099,0.97993632647026452,16.891356852049629,-5.8505241013688378,3.3787896915613946,,0.7397360028414059,0.5660377358490566,0,2
0.9620077626661756,0.22670198651244591,-0.15214228170146896,-0.16889356581557105,0.93197500910586106,0.32077647330848741,0.21451346809960378,-0.28289360493556609,0.93485570025027886,-15.092049687485449,25.429378073713448,-6.3463345500921955,,0.7478067779281377,0.6578947368421053,0,1
0.67240933554044491,-0.68308793700787451,-0.28505535566339363,0.73210788946326744,0.67049739495664817,0.12021348319547781,0.10901249315421649,-0.28952394317340174,0.95094277570505115,-7.2627536639835339,6.0496249652272898,-3.6523952642597686,,0.376157908062685,0.5265486725663717,0,5
-0.29626035529346051,-0.86342733761674317,-0.40831732088836792,0.9500112345007482,-0.31049667092688499,-0.032718063293623707,-0.098531498536033227,-0.39759910714107954,0.91225352495721246,-5.2123035961017097,9.4694307281869339,-3.4838567959244284,,0.2640824249705079,0.2045454545454546,0,2
0.88016914875843455,-0.34219010979256126,-0.32895014566649439,0.44377092960816061,0.83915374515806385,0.31446518729726636,0.16843286973913948,-0.42276106815475661,0.89045126067858871,-6.6066933503138774,-9.0254727359768303,-1.9196618014403493,0.9379649835891102,0.4963097152180275,0.3988095238095238,1,5
-0.29076897400159163,0.94394208081625597,-0.15629060055659236,-0.95677400100455767,-0.28582043239603028,0.053760500617820603,0.0060757517883886858,0.16516666882039149,0.98624695525562112,-1.8061313519614812,-6.522860697523063,-1.0473507569110017,0.1978685153498571,0.1111370006839599,0.2,1,3
0.27500269222349311,0.96114371919902053,-0.024005630883289209,-0.95570468805181419,0.27599997699846968,0.10223777155546937,0.10489074556706522,-0.0051733684498836176,0.9944702950582619,-34.876380276413705,8.3582247595172223,-9.1348390390727303,0.6343377446528941,0.526997353339316,0.8904109589041096,1,4
0.35457066386460678,-0.83629172659674689,-0.41820544275803678,0.93437861468479722,0.33359003482392863,0.12511711747755003,0.034874758011101639,-0.43512508166273722,0.89969434507596246,-14.955135149305404,7.5327191629108174,-5.4428768011943207,,0.1694957861842525,0.5833333333333334,0,3
-0.82201617717543185,-0.49915124104880054,-0.27411209937055159,0.53108790840385045,-0.84567708764257155,-0.052686781867957735,-0.20551164932702065,-0.18888700854166918,0.96025343529459295,19.534132311529728,11.821153224292251,2.5861681425862546,,0.2151617846543488,0.375,0,5
-0.32509069690930503,-0.89959109419816718,-0.29163659239259748,0.93761105007204282,-0.34681290650182367,0.024623701317183885,-0.12329459666109874,-0.26543675541096595,0.95621219993842121,7.2180095285823995,5.35320506698665,-0.058893307663034591,0.3771678346226889,0.2973389298558758,0.8,1,5
-0.51880192992302876,-0.78190179591829401,-0.3456503132471998,0.8332279850745975,-0.55292956000795879,0.00016296604342139098,-0.19124769906241221,-0.28792096694952884,0.93836338078282922,12.669778107899303,2.6057102653985793,1.5101459013206184,,0.421724706371108,0.3,0,5
-0.20041698364074773,0.97359716451340317,-0.10927760026558533,-0.97947391022654262,-0.19666608850894332,0.044196253417215524,0.021538148803240273,0.11589223823040638,0.99302824595480454,-19.489761236278945,16.8947415004682,-6.878715482056629,,0.1141590486952691,0.4230769230769231,0,2
-0.747385810938208,-0.58753930490513617,-0.31018061641538491,0.64104435241854452,-0.7603837642670177,-0.10430085939919868,-0.17457545028018062,-0.27679251476640726,0.9449387895143061,11.391112624990265,-5.9004410122388933,2.0053491414394524,0.5773620846967803,0.2780765457846168,0.1333333333333333,1,3
-0.55645877858706683,-0.78990810230447761,-0.25767968031478417,0.81399598262155515,-0.58046929238139355,0.021585663719564434,-0.16662583235909015,-0.19773869251106085,0.96598925536190994,-1.6947168635682801,-9.0444004641608444,-0.80929616158346374,0.3122408815620971,0.270790924652657,0.7824074074074074,1,5
-0.45360496663288935,0.88740283584668811,-0.08221156352504258,-0.88917566639393386,-0.45686189451576453,-0.025374074019976506,-0.060076355905464944,0.061590715783494933,0.99629183234150709,10.21743343385168,10.285169126725155,0.24937932352544065,0.353201855977187,0.3495242581158815,0.5,1,5
0.94003192180814166,0.27537997190987473,-0.20126066941309911,-0.26471150455895132,0.96111300140948441,0.078674124563222494,0.21509952425755982,-0.02068017390085598,0.97637314847941326,2.9059787914360919,-11.343735863724923,0.50446694047927565,,0.07110404741004911,0.3265306122448979,0,2
0.97776864273636077,0.0063361918671258309,-0.20959087278342664,0.030892432314660032,0.98428335757384855,0.1738733148842464,0.20739850266378423,-0.17648264695367391,0.96220566222458159,-14.047180838848487,9.1273402763223164,-5.3692508579992637,0.2234279014720658,0.2754522094675028,0.4933333333333333,1,6
0.87237891969186099,-0.39677694187245854,-0.28552246649887514,0.46250799316981178,0.85905226777351607,0.21935258714501782,0.15824467362693434,-0.32341499599047496,0.93293159644058898,3.1856306602089579,5.8344050402607621,-1.0549289791755694,,0.07451081463813267,0.2608695652173913,0,4
-0.12155253039695645,0.97717012514590706,-0.17425133823425989,-0.9925688642213164,-0.11866187165041162,0.026951994264399863,0.0056596936758091312,0.17623253598230576,0.98433229202782035,-2.2402947348048312,-5.808833719835909,-1.255062266194922,0.2934098288940957,0.2851733607836127,0.1214285714285714,1,5
0.13149351208559659,0.98431902182093733,-0.11758196953983974,-0.98673884902345699,0.1413485401519177,0.079793696648197354,0.095162493174873825,0.10553034387508849,0.98985223463623462,-7.40296064229537,8.382444684591368,-3.8336457235177148,0.4989870690611853,0.5800552105634859,0.2538461538461538,1,4
0.59215810730703555,0.79229763915912255,-0.14701437662157527,-0.78755211439179396,0.60764807204136684,0.10259379933224318,0.17061782751976459,0.055029733120294216,0.98379941319617847,-5.2704709172724389,-2.6143939982862587,-2.2131341542620171,,0.3104728044261624,0.1701244813278008,0,5
0.92252050145609843,0.37668681949662458,-0.08404144460149765,-0.32046043725523166,0.86895754594114882,0.37711787481651216,0.21508378029822459,-0.32096701289922963,0.92234437390985979,2.1271477176271278,-1.3905616583554001,-0.65309575203731751,,0.297252820488416,0.2598425196850394,0,1
-0.30528333632679011,0.94805907304017356,0.089364862151692287,-0.95222292237771633,-0.30307833007951407,-0.037616910222066577,-0.0085784998470470105,-0.096579086050864002,0.99528834489204898,11.409628018576209,-8.1990457319654304,2.2873269364365636,,0.3392163682795053,0.2307692307692308,0,1
-0.72727242297222972,0.67869294018529225,-0.10222874217529772,-0.6753782565615587,-0.7341891906869481,-0.069501387340913379,-0.12222533840398797,0.018496627289476143,0.992330006313899,-22.402364374506508,17.967820920461609,-7.380983791910193,,0.2960977951281153,0.65,0,3
-0.20507489426188386,0.96446897452803881,-0.16656495704772176,-0.97820747787221063,-0.19632603215027472,0.067573806574864989,0.032471802819755924,0.17679277777375851,0.9837123033431433,-10.825166167297482,-10.700003369814205,-2.7860565073399801,0.1794618574023453,0.1804904596739856,0.654320987654321,1,4
-0.75811341534728605,0.64818586373654541,-0.071548134305386854,-0.63501935831801071,-0.75873633726889811,-0.14515366019897136,-0.1483727199718837,-0.064608486748143915,0.98681876725580142,14.46739709306793,3.5869801014486056,1.9048671195220035,0.6046502549202696,0.3016638761419241,0.5806451612903226,1,5
-0.79498478595410038,0.58541805674006853,-0.15901222891399638,-0.58654566244453921,-0.8086776136737136,-0.044773909930750623,-0.15480108516742358,0.057673355942516734,0.98626082150986705,-10.126144558185315,-16.871586646034512,-2.1163561968525331,,0.271691846600329,0.5666666666666667,0,5
-0.51910618829043975,0.85241720187328474,-0.062559405600527584,-0.85447529755084239,-0.51928607598513743,0.014626590968454695,-0.020018270503985386,0.061048220600432523,0.99793405774507526,-7.8673646847274199,-5.8963846071321058,-2.4867885916113996,0.5723981581364151,0.6392650905916595,0.3818722139673105,1,3
0.83598320594405728,0.54682426954384578,-0.04599236477215763,-0.50610200613744938,0.80068877792778936,0.32055926173510008,0.21211515448723861,-0.24470533124217472,0.94611123135628838,-0.91616841752117872,-11.086131070015014,-0.44380476706789673,,0.4982871791172769,0.175,0,2
-0.26318037077737277,0.96405188893896276,-0.036606664293587159,-0.96474600432770252,-0.26294687809099304,0.011139409137588076,0.0011133603274319367,0.038247806936075067,0.99926766468917783,1.3901347048930495,-13.305724386844705,0.2367326175261204,,0.07300778712933817,0.7777777777777778,0,1
0.89160974188612219,-0.32629812892344062,-0.31394521693254901,0.40574009200705397,0.88351991083740533,0.23402466727242929,0.20101503901915113,-0.33603883438514304,0.92014719250411459,13.836521329010147,-2.5171229827135844,2.2704035660267752,,0.5105653121479539,0.4761904761904762,0,5
-0.95344793101071401,0.24689820141591967,-0.17314248753259096,-0.23551528987308151,-0.96825170688230811,-0.083792483884275348,-0.18833372265047985,-0.039114067253126376,0.98132588810014132,5.3353072273645203,27.267408531181538,-1.5471633302957257,,0.1519359871113965,0.5882352941176471,0,3
-0.35785024749082073,0.9177553050370848,-0.17224517539555995,-0.93351302081668885,-0.35601164817085329,0.042534060849798667,-0.022285428792378111,0.17601393820649955,0.98413538358326491,4.9745062736148542,-6.9056157940798641,0.58591779988952075,0.219993475807805,0.2155374682534338,0.7733333333333333,1,5
0.41074510127642017,-0.85561325878380246,-0.31498319506092143,0.91093101363759321,0.3704674090553286,0.18154500053986569,-0.038641301357632864,-0.36149668078862762,0.93157232655773681,9.0866449820946951,12.739234005369863,-0.15518918016109187,,0.3176232687633436,0.3,0,4
-0.97887751717462146,0.10772358224670976,-0.17376546319101166,-0.095049946122967355,-0.99227677201565934,-0.079701414417851252,-0.18100915477420323,-0.061501524746313561,0.98155654362945843,13.115802792755089,-5.6333984352079787,2.4450411290461092,,0.1692664957871982,0.5357142857142857,0,5
-0.3253245264497826,-0.8400859939980525,-0.43407312192593528,0.91063493309556109,-0.40201357691669182,0.095546337453037325,-0.25477042826094887,-0.36419858135768507,0.89579652947574073,23.23145419439501,-8.9677515177771845,5.214058687829576,,0.1963927589510638,0.25,0,2
-0.22242957776719882,-0.92565483875795451,-0.30608528618391601,0.97017088445215061,-0.24119189651591408,0.024391064273360758,-0.096402997337407675,-0.29152973868722343,0.95169158531812281,-21.589580007955814,-13.458458691659862,-5.0199659026443273,,0.3783359590123991,0.5357142857142857,0,3
-0.17995331797665876,-0.92262682637540516,-0.34114006302637762,0.97865778480805321,-0.20290696032319949,0.032522387473792255,-0.09922572037424307,-0.3280068668562427,0.93944970685575546,11.219493018618053,14.925578117331728,0.27802596468095597,0.1849333502300342,0.1332907905316447,0.5,1,5
-0.87583540643625657,0.46628095534083852,-0.1244765500770106,-0.46898059272627846,-0.88316783957819089,-0.008471763742119949,-0.11388390790075735,0.050957215595327073,0.99218638254111602,4.365976166484721,-12.274966720810452,0.88191659461401073,0.3838626385173503,0.328064243756143,0.8526315789473684,1,6
-0.82845307369195464,-0.4315013040869069,-0.35703239245431512,0.51214830265607236,-0.84167038678305661,-0.17115804421342448,-0.22664867256804624,-0.324649941604429,0.91827707944791037,5.5203872241698013,-9.8737157245852547,0.97304015999112392,,0.3231259257985153,0.2527472527472527,0,2
0.97342978498892185,0.10544685442859177,-0.20326193590423403,-0.084943394580438522,0.99061241977918424,0.10710580514790705,0.21264776841898317,-0.086994222051495318,0.97324864855600068,0.54028768942746741,-2.6524222412901275,-0.8445205680391078,0.1930750281521414,0.1561393822841556,0.6647230320699709,1,5
-0.78608919340578731,-0.48619535692817023,-0.38167768458757123,0.5842836799480402,-0.78596116864911014,-0.20218215233324369,-0.20168381530756657,-0.38194124715355876,0.90191159343129035,-13.763484057937763,-3.1021792801615229,-4.1041990259498524,,0.3443223137842991,0.2307692307692308,0,1
-0.93063526603415159,0.31383855059092713,-0.18821096082994099,-0.31812394593250209,-0.9480170916424705,-0.0077941630779753482,-0.18087331654469677,0.052620890497383242,0.98209769638533606,3.7893283020202624,14.162759866389431,-1.5105847278689799,0.2128713511802911,0.1418875428667648,0.1904761904761905,1,5
-0.94100269326280017,-0.25089708601832245,-0.22707836422625383,0.26864468093906785,-0.96191799855193316,-0.050436092879901931,-0.20577649689724811,-0.10846389394336781,0.97256959495726525,2.6558057169388491,-7.7037102878911776,0.11742831828163421,,0.1281350582878995,0.1142857142857143,0,5
-0.26230905295653151,-0.83447118688049127,-0.48461510397769625,0.95783242727685236,-0.28617834098584316,-0.025670964288956887,-0.11726466643444626,-0.47091378766909792,0.87435073202300406,-5.6326458285458436,-12.820030284777273,-1.4319560216381693,,0.3237081850930703,0.1176470588235294,0,3
-0.71022291326724607,0.68282309679188269,-0.17127764582025357,-0.6953513726137931,-0.71841048885608816,0.019309016175600553,-0.10986301504282024,0.13281185183973188,0.98503356792375418,0.48578692471846502,-11.929840255782979,-0.075690683018444935,,0.06714598179465549,0.1111111111111111,0,1
0.78161191876234193,0.62224248038456931,-0.043555757983410104,-0.59045973510508176,0.76058436025290899,0.26994209037923339,0.20109726419891213,-0.1852720338948447,0.96189093133690606,-21.113485481681,-0.087781682511205245,-5.8644407511998544,,0.2499449055217386,0.5652173913043478,0,1
0.84197186985736583,0.53208593240610735,-0.089263267385938094,-0.49763097949808904,0.82981486358817735,0.25252861305584151,0.20843890858633582,-0.16820182134465,0.96346321605117813,9.314356430377897,-11.434120863570733,2.0173260808698243,,0.5794701286468866,0.3939393939393939,0,1
0.9726847502377759,-0.098465542976955894,-0.21021159221396465,0.11678594533055417,0.99020128695662779,0.076566665610359408,0.2006126108402104,-0.099024987531900477,0.97465308300758113,3.761305239216727,-6.9458844363843717,0.31334134312257667,0.5136344016486736,0.4457181230191293,0.9950617283950617,1,5
-0.9782770057912421,0.013993910061250728,-0.20682908504685829,-0.016609148614070441,-0.99980249778579544,0.010913368114426109,-0.20663551515274095,0.01411155209333383,0.97831622084839176,-5.8004046675376317,2.6018625656316905,-2.8887769992049561,0.5623875505845146,0.6556388772218507,0.8808479532163743,1,5
0.14244029543873007,0.98691756387515039,-0.07552803684768758,-0.98502308074175338,0.14882944995112546,0.087059320197612089,0.097161168381983645,0.06199610424844304,0.9933358900274688,7.8304701331727555,18.254428805473506,-0.69495136137510793,0.2970147908816689,0.2755790107542939,0.7333333333333333,1,5
0.86778381649643521,0.48304199584963903,-0.11671194485775767,-0.4504631724869998,0.86379224770279173,0.22571194705089948,0.20984322257302115,-0.14329474189291741,0.96717756326644244,-12.043916648473493,5.7474173311293901,-4.6127619829288831,0.2929452381542712,0.1786519851682301,0.5595505617977528,1,5
0.97267199066659049,0.13917126275190547,-0.18585090313671693,-0.093907966384079056,0.96786234738966326,0.23328902750660746,0.21234521991865024,-0.20946082242131112,0.95448188639087805,23.510804411846781,-6.5195526876109859,5.0889472239528057,,0.1926985909838001,0.4,0,1
0.94874235753637992,-0.20455972413517767,-0.24092168494773103,0.25319788384375952,0.9481650287733272,0.19202580511045866,0.18915277062035279,-0.24318387584915613,0.95135841400264543,1.8440541211097699,21.00938667141218,-2.1793736408898199,0.3698886886863868,0.1772117263244118,0.4705882352941176,1,5
-0.94971614259429582,-0.20455178016556286,-0.23706078909619621,0.22729199495162566,-0.97111376464041732,-0.07263886808608247,-0.21535458557161533,-0.12286832527961121,0.96877540075925861,-6.2800513283005666,-11.874271987701155,-1.6849762693272829,1.018116719155697,0.4827603825996319,0.6956521739130435,1,1
0.92218637402729631,-0.30785613001145301,-0.23408736568375454,0.35230431800126388,0.91839500773315641,0.18008963681589546,0.15954296937205623,-0.24854619889507085,0.95539040603240299,11.620423232874902,-6.6554152351043685,2.2216443156622909,,0.1520257705753868,0.2666666666666667,0,5
0.061555223317276461,-0.95883838705132474,-0.27720011183110083,0.99718015675437033,0.047134427197575914,0.05839589667165538,-0.042926558884802908,-0.28001302342850237,0.95903598329402584,-3.3873916506369524,-1.7574229549941012,-1.86363478783651,,0.1016292368889137,0.2979452054794521,0,5
0.7385825729418164,-0.56765538076285527,-0.36368001270020839,0.65620306658644412,0.72901808972089588,0.19475666936524144,0.15457463682374548,-0.38249182154743239,0.91093725804806869,11.190793445370289,7.006757020829081,0.78824703503720106,,0.5324979990974958,0.4150943396226415,0,5
-0.65133854450663053,0.73398118516080302,-0.19243107927236558,-0.75295013893528806,-0.65659428620846627,0.044159162081332547,-0.093937153018999214,0.1736535722302826,0.98031640205310622,-33.869656173482149,13.969779328300133,-9.2897395845714978,,0.3130415048520915,0.7741935483870968,0,1
0.81716654425859703,-0.5299627622433265,-0.22666783975651708,0.55960841885181078,0.82367212612376239,0.09166594895018243,0.13812044198683629,-0.20175157814050565,0.96964892833601213,9.290847242146107,1.786095354892363,0.79720171151661379,0.4272537595172983,0.3975968988211989,0.9568345323741008,1,5
0.76557105897144595,0.62759306586313868,-0.14151995387875488,-0.61213102685826382,0.77827098697336328,0.13996384101957987,0.19798121027710244,-0.020523511298334466,0.97999093151987937,-1.5158823309494711,18.494515293448924,-2.9159667412715922,,0.1020363365334789,0.2962962962962963,0,5
0.343414955340822,0.93369850522494946,-0.10135713980256056,-0.93031399787827562,0.352981881445741,0.099597473475807635,0.12877124601400999,0.060090704037474331,0.98985204626160139,-17.940085258709114,4.777290471176304,-5.648283926241926,,0.1074969159235775,0.4761904761904762,0,4
-0.95527259297351663,-0.15279422094893294,-0.25319596986971227,0.17891886495865106,-0.98031835009200408,-0.083450417822805337,-0.23546191385352244,-0.12501943255950826,0.96380902081633202,7.6823955408270832,11.733842680476116,-0.46723139954962772,,0.1598471878846655,0.55,0,5
-0.96627631167690642,0.16556805599149943,-0.19722400545387225,-0.16557643775527817,-0.9860578238520773,-0.016565363877014357,-0.19721696872314459,0.016648929554212415,0.98021848604908113,9.6833763626680973,-8.0073425966723821,1.8308461861113567,0.3534722733849619,0.3060394712484394,0.7619047619047619,1,5
0.41895787187485906,0.8969188177107793,-0.14146001565950697,-0.89610165723878388,0.43356085438302078,0.095009501843609623,0.14654733531523167,0.086957575765219342,0.98537417183983556,4.367179381985224,11.076701128122256,-1.2254314172788163,0.3588081555400057,0.3451803546374984,0.8770491803278688,1,5
0.22749037322516072,0.97341291640327687,-0.026747416120920017,-0.96813174145365943,0.2290396706209539,0.10130034783627938,0.10473328639827607,0.0028501686114181875,0.99449626206391784,3.7326822806026647,-2.8722421022427884,-0.12140581375011751,,0.1171627751608614,0.2272727272727273,0,2
0.97639624657778357,0.0098562896640079743,-0.21576195962883285,0.037004578610782671,0.97655393249266853,0.2120685693235613,0.21279339940574601,-0.21504713550094751,0.95313886642093371,22.579176923549372,-3.3193900786844863,4.5689277294972133,,0.1859287254825521,0.7058823529411765,0,4
-0.78025784418538191,0.6023582360176245,-0.16841096190247404,-0.61186737223604637,-0.7909387145432506,0.0058539413754024787,-0.12967657992149711,0.1076127563925708,0.98569948730911772,9.9081334350038688,0.37612080216142812,1.0969756049369153,,0.08640218844397925,0.1914893617021277,0,2
-0.27812000983444651,0.94527683087063574,-0.17059007341828319,-0.96054517754606827,-0.27397410154287094,0.047865996038623043,-0.0014906450550505436,0.17717196364815901,0.98417878115430635,12.871151836789366,9.8337672484147731,1.0027972693883658,0.1848635772928261,0.1355794351921117,0.2916666666666667,1,5
-0.59921997646367564,-0.72944534387349025,-0.32991651990792542,0.78826074250586087,-0.60959746510203305,-0.08388046474169944,-0.13993005978337872,-0.31032309105585443,0.94027610706991749,-0.058089156423980541,20.654967241686268,-2.6160316939750068,,0.4853344637308453,0.2592592592592592,0,5
-0.29618248883110448,-0.8925974029156114,-0.33992029892037667,0.94877185646410256,-0.3159481368661895,0.0029562125166790357,-0.11003589274174556,-0.32163123467581478,0.94044960055785953,6.7356580965767039,-12.017130780308884,1.495975587716728,0.4546680707550058,0.6123681343955309,0.5595238095238095,1,5
-0.23071705241999066,-0.93633653880063195,-0.26465737818826318,0.96620829127973418,-0.25259419469026911,0.051358647480950162,-0.11493989553209687,-0.24386483739077375,0.96297391527467846,3.388205561930469,-8.5600577080792508,0.40268707824267574,0.3876065468646914,0.1190496540868742,0.2258064516129032,1,6
0.41676003521193572,-0.85120783899698205,-0.3189926141468391,0.90784491494058039,0.40756445127046709,0.098533387626396643,0.046137657793571277,-0.33066060075353892,0.9426212832535833,-15.278736812558977,-18.005857164048212,-3.2535687239919344,,0.317308087740275,0.4210526315789473,0,4
-0.46087191112159881,0.86993727240529739,-0.17551701803288364,-0.88463533737933719,-0.4661127536731734,0.012618269412130175,-0.07083361771694778,0.16108396240235098,0.98439552805662733,0.63106835594782773,21.680531486645727,-2.4955280665056732,0.2932904236402988,0.1589176576589716,0.55,1,5
-0.0075897753935936186,-0.92317990608124401,-0.38429319056847688,0.99827341723630902,-0.029379808718644783,0.050862670781208597,-0.058245856065616941,-0.38324364032229002,0.92180894571689964,-6.3655978087831384,-17.052368806075638,-1.2638791500866928,,0.4619980379148243,0.4727272727272727,0,6
-0.2308622400989046,0.96732552675390449,-0.10480434812924902,-0.97295269485491986,-0.22861391819736795,0.033147096117096299,0.0081042995418838422,0.10962208580723261,0.99394029932999817,0.47531933672780996,-6.2939152006932133,-0.56639862225914761,,0.09937641231685616,0.3541666666666667,0,5
-0.80553339082803521,0.56797882107909359,-0.16886685603365129,-0.5769421834042906,-0.81676990630286062,0.004963584058442095,-0.1351061555584232,0.10142474532192965,0.9856263733112075,-9.3912936874802018,1.4475566263652446,-3.5530472959404831,0.3604829184800908,0.2869872884033729,0.8885448916408669,1,5
0.67721134069118893,0.71881792487431539,-0.1571164883728807,-0.7123868305157125,0.69397556736884991,0.10441702736077429,0.18409183509058755,0.041215322083736759,0.98204454760388238,-19.23843667763073,-10.267589091438413,-4.7197874705675185,1.029914698420626,0.5997329042496173,0.981651376146789,1,4
0.29165325910430501,-0.92214970720079437,-0.25412259632571932,0.95652402102739087,0.28105640906230606,0.077904378070756619,-0.00041671504271151462,-0.2657954334342279,0.96402936361611014,1.6680913655417287,18.384621545469031,-2.1686808760763712,0.240830896938479,0.1495914053162063,0.3846153846153846,1,5
-0.97382171707379506,-0.072460421002336087,-0.2154547533558048,0.089884462595879566,-0.99333230160295427,-0.072192257036533092,-0.2087870847042422,-0.08966842242586362,0.97384163357311937,0.68089129666150183,12.653381993412708,-2.2217439596333035,,0.129425328908936,0.3050847457627119,0,5
-0.055675366842568075,-0.89679660846538856,-0.43892607187534782,0.99595905343344615,-0.080909001748195444,0.038978164657479449,-0.070468556185724063,-0.43498227145607676,0.89767733964270935,-5.3175415536354746,-4.3964150123543737,-2.062990478579148,,0.2929832260771691,0.1472868217054264,0,4
-0.32114111027516395,-0.86872543361188725,-0.37707361123137673,0.93858677737928764,-0.34501394368258986,-0.0044988880124161631,-0.12618735523021557,-0.35536108349173956,0.92617236609584619,8.4808236772778205,-8.2035154163560282,1.5729525857120135,,0.110349810240008,0.3157894736842105,0,3
-0.55999213515961987,0.81422758479987511,-0.15310861736144277,-0.82608420336559996,-0.56283954725299246,0.028222916182932906,-0.063195707996607398,0.14228522129514748,0.98780626556617812,19.563907966503876,-11.291796817043167,4.4761843770813954,0.7628096088325077,0.7201153204817802,0.8490566037735849,1,5
0.69927264221809016,-0.67087713489643375,-0.24686360954681921,0.70784732270208373,0.69805562663299292,0.1080301340807884,0.099849584820490417,-0.25028426238813584,0.96300978624934219,-6.821745767036087,16.579637130345958,-4.1312626701586606,,0.1688434850190205,0.1666666666666667,0,5
0.69411062558575054,0.70167501731011384,-0.16081856090579227,-0.68164151922289928,0.71247183977999373,0.16657946089482142,0.231463342066204,-0.0060039656363769798,0.97282509922194194,15.107571131997082,1.3959545463561605,2.270270857511461,,0.2720963495238881,0.1052631578947368,0,2
0.19516435893485121,-0.89438542065637372,-0.40247433746622036,0.97929954820010612,0.15524053514370367,0.12989523141119297,-0.053696069657093101,-0.4194938564098657,0.90616865788757128,-9.321808124778924,-20.581949432089658,-1.6188887549109074,,0.4100989604966916,0.2105263157894737,0,3
0.33941864736321031,0.92838073499536755,-0.1513413119792133,-0.93138817898785731,0.35420824072163487,0.083979653765463694,0.13157143255209888,0.11245324848284829,0.98490772412538374,18.638541827327334,-0.20870083216556445,3.3743639839339479,,0.13355162139052,0.4,0,8
-0.45126652699504949,0.88676510964910094,-0.10003080486952612,-0.88859695501572256,-0.45683987916078522,-0.041143363318354303,-0.082182559893283644,0.070320445941263562,0.99413332191009951,6.8291902458758518,28.691582573171523,-1.2409546023346234,,0.2495184097867571,0.6153846153846154,0,2
-0.97782054692380749,0.02913104824657033,-0.20740867880029265,0.01600691698519514,-0.97698978782843893,-0.21268458591908271,-0.2088318860285853,-0.21128733162922617,0.95485439040240383,-23.506836138125063,-0.9744750876189231,-6.2537254513037981,,0.3369151367323402,0.2105263157894737,0,1
0.30756872167099719,0.9500413603699398,0.05313092353895902,-0.94473293262835933,0.29823642061160022,0.13614229110823786,0.11349523098830286,-0.092067643649735353,0.98926355514377307,3.439110010831139,-2.1555472704722671,-0.26395880368281421,,0.2430453418038225,0.2571428571428571,0,3
0.41222818251600413,-0.82445493077125964,-0.38773959388552304,0.91075351503387114,0.38430294108928681,0.15112671611456865,0.024412300035047654,-0.41543388956256633,0.90929572912772294,-3.6470703724367945,16.256558004892579,-3.3939917139587656,,0.5425379668627608,0.1,0,3
0.90663242334664684,-0.36033925770120251,-0.21948409576991032,0.39459145129168538,0.90832743285914197,0.13870422229710627,0.14938284876153068,-0.21236029307492935,0.9657058922990075,2.1920131282395854,6.0335718438665351,-1.3788994501641816,0.1503746045907808,0.1332703322968583,0.1558441558441558,1,5
