axis_00,axis_01,axis_02,axis_10,axis_11,axis_12,axis_20,axis_21,axis_22,location_x,location_y,location_z,dbh,dbh_approximation,score,reconstructed,number_clusters
-0.4203798999588691,0.90552007642166898,-0.057568488844734388,-0.90309191955804891,-0.41142670376845086,0.12309773456561413,0.087782256404869335,0.10373745043870354,0.99072338058458476,-10.604334874242669,9.7223891955178185,-5.2420961697098569,0.2294541969602071,0.2055794784837845,0.4732142857142857,1,5
0.91744966146530527,-0.35666891364612047,-0.17627650074724543,0.39413258851766736,0.87523466405566519,0.28039933220985136,0.054273578706038231,-0.32672858594537402,0.94355858841969986,-6.0415399369516534,13.428008023996741,-5.6365544773331386,,0.7196564689950168,0.4716981132075472,0,1
-0.74393541019928044,-0.62173265425269608,-0.24496655299759937,0.63207800177962303,-0.77365405123408293,0.044009188533415337,-0.21688131574182903,-0.12209797559742094,0.96853217769834821,-13.14057475720146,11.318241080899794,-5.8410782597194917,,0.1554437643356462,0.3333333333333333,0,5
-0.24151584371940496,0.96861602810105663,0.058762975913739121,-0.96261830063409826,-0.24679217265946413,0.11162271631860511,0.12262179462406562,-0.029607661504346291,0.99201173474078386,-6.9636725477100043,7.8230217900478838,-4.5351344684192654,,0.2077462454356362,0.275,0,5
0.94775626729208917,0.30172728139482352,-0.10353118115164475,-0.2725548272099394,0.93457743870329546,0.22864574614750199,0.16574656549420771,-0.18848251571134364,0.96798885184592776,-14.043400153295027,-3.5797585613130747,-3.1542802615612615,,0.06926992298222145,0.2688172043010753,0,3
-0.38740057691972235,0.92146457284211003,-0.028702508586772993,-0.91653172408458428,-0.38159469556556402,0.11981271661540439,0.099450448710928757,0.072722275219714458,0.99238151884144976,-9.7937939807670791,-11.01163998624377,-1.2299898441664043,,0.2453576136953824,0.4354838709677419,1,5
0.9582408465610861,0.27878744502347363,-0.063655639806506292,-0.23660194578666416,0.89796437515192451,0.37105188344485834,0.16060510338048534,-0.34049602267177237,0.92642779498072392,2.6691738085295129,2.6604002425385174,-2.432140928958741,,0.08671147275683726,0.25,0,3
-0.56578435343522282,-0.77028565147197048,-0.29419055141912642,0.7989552558837415,-0.60034968175095893,0.035366067314136607,-0.20385917811968285,-0.21503551975877172,0.95509222629987045,5.3564398066598118,3.444406854761358,-2.3446824255650061,,0.2512750149245679,0.125,0,1
0.44306659876763282,0.89420725068511397,0.063916992096402364,-0.88150226094428452,0.42156926332136863,0.21268079408539306,0.16323526888082807,-0.15057472910435102,0.97502897287647594,-16.074709660541785,5.9729118417590179,-5.188277402471563,,0.3497556756925984,0.2807017543859649,1,6
-0.5648929296813523,0.82187151222218302,-0.073642347828141969,-0.82291841268501087,-0.55452756498233235,0.12371121913047035,0.060838014924888009,0.13048523699019521,0.98958190104084454,1.6365990181001464,-3.0616872554049142,-1.4504961378395014,0.3410718271482348,0.2310490502675634,0.7097902097902098,1,5
0.53424273624978735,-0.7794971166618887,-0.3270610705665572,0.84253991713924481,0.45959428535681851,0.2808906920749607,-0.068638085574521487,-0.42562581921584303,0.9022923446563802,4.5743199208250624,3.515053214422927,-2.3947747533410295,0.8855553501092787,0.7653333326205509,0.5228758169934641,1,1
-0.74932328154455352,-0.63864786710838184,-0.17505291078189952,0.63785507459737378,-0.76711998474626464,0.068321539892399141,-0.17791999197864097,-0.060463466992926346,0.98218564722434987,2.9379194390403183,-14.139537140272227,0.83031522701660099,,0.1436882255878972,0.1666666666666667,0,6
0.91871386951017364,0.39299155236859384,-0.039018786969438508,-0.35918662654056316,0.87255991658321019,0.33109539303154195,0.16416392199278673,-0.29016690324574224,0.94279020729784968,-0.32314806708395211,-11.555257511728639,-0.057075880372523195,,0.3011079526446963,0.2,0,3
0.98900421975144615,-0.069535168321928117,-0.13052016579929518,0.096239027874410049,0.97273382948872944,0.21101409071903524,0.11228848038700547,-0.22125496002267117,0.96872985906172238,-22.349334637553518,-2.4819103023000162,-4.2957770008229916,,0.07078583885666141,0.1666666666666667,0,2
-0.93698914441135484,-0.32331228092726327,-0.13236507189167351,0.30457354221909044,-0.94156679333804094,0.14382952083364131,-0.17113240673640215,0.094451800854877116,0.98071023074090424,6.283256258793334,6.5109205359980606,-2.8758718368755827,0.4334147670574007,0.3536655210932246,0.8902439024390244,1,5
-0.74265124791190718,-0.65202967002341783,-0.15272993610959196,0.63925740960244604,-0.75819012709274902,0.12844335501477558,-0.19954720805678372,-0.0022451254384496496,0.97988564188302529,-12.630022769054676,-8.2998108413741338,-2.0786277417118173,,0.09028639562828406,0.4545454545454545,0,4
0.94563056095145082,-0.29351694650242494,-0.14010940122111068,0.31752377099049722,0.92643060953250678,0.20224979747135149,0.070437894989983138,-0.23574165486209891,0.96925970467788447,-6.7235792660140223,14.925772197979024,-5.9650787292170229,,0.11797632816908,0.4444444444444444,0,2
0.96104537256502498,0.26717209575463963,-0.070787450310250355,-0.22499832010282672,0.90500007756588208,0.36104101644640557,0.16052273303883902,-0.3310497407578224,0.92985940943882517,-28.051826520051911,-0.021168875871225745,-5.4170729070074293,,0.3738407622687103,0.3888888888888889,0,2
0.75712665071848573,0.65284963585893496,0.023379215783791665,-0.62200113908754073,0.70948761727131904,0.33127315603964813,0.19968429519020994,-0.26535763395373285,0.94324520054801608,3.6599977609172138,8.8763905072680203,-3.645895329543797,,0.3281847440640329,0.1111111111111111,0,1
0.89555729612838064,0.43407360770749431,-0.097761098822717676,-0.40243122838875933,0.88391950894158566,0.238191956476244,0.18980578433951598,-0.17397242541353272,0.96628534058371962,-28.40049708494621,1.2794293365453735,-5.7578411550130584,,0.1980049942646811,0.5142857142857142,0,2
-0.80162011459531801,0.59471069376192343,0.06102771994266476,-0.59780383387289948,-0.7963713773706006,-0.091778023032285549,-0.0059806423611011052,-0.1100537142947192,0.99390764756434236,-2.2331948498845997,-12.412897037180187,-0.10276441188227499,,0.6755286561801001,0.5833333333333334,0,1
-0.081010090108952049,0.9963475174196047,0.026999811709164604,-0.98686371414810647,-0.083978970651363088,0.13801283341103582,0.13977616033624726,-0.015464702393785987,0.99006235560268008,-1.9912908047067455,10.310471196893916,-4.5301414543885015,0.2534515416061578,0.1632915684186525,0.2727272727272727,1,5
-0.85442365577823853,0.51120426281956488,-0.092900043711808697,-0.51861423483642477,-0.84997686052720056,0.092620796764839905,-0.031614741365072127,0.12731668485877778,0.99135814410584777,10.062796452502354,-2.3765878370854741,-0.55982779645667458,1.013278764610729,0.8760332905970764,0.75,1,2
-0.13800462788388534,-0.9779245543802767,-0.15690216258155212,0.97462284092214324,-0.16227833817731677,0.15419487316788141,-0.17625277483058516,-0.13164082534892396,0.9755027690714021,-4.0043430501049544,11.588602887156732,-5.0722582153259133,0.2869267118388538,0.3591422059513832,0.7431192660550459,1,5
-0.59121878296163943,-0.78786532603644388,-0.17241977468621802,0.78099231400868085,-0.61262842957405184,0.12139774601283694,-0.20127433053602273,-0.062885891161049118,0.97751419864887745,-1.5664834590658869,3.68985960642827,-3.1307813636107875,,0.07331887816887103,0.3311688311688312,0,5
-0.28796288493562416,0.95287811126257371,0.095397494601389465,-0.93609087799188007,-0.30109704143579369,0.18186379457990609,0.20201793247121111,-0.036930701527070835,0.97868528048845982,0.00053739925496826507,2.0714672359355712,-2.6362005901901955,,0.654239322239651,0.80370942812983,0,2
-0.97870025527516902,-0.15865870415690436,-0.13028133373423992,0.14048819401508852,-0.98034652144110801,0.13850547007501102,-0.14969595073581415,0.1172523496292201,0.98175506560431336,-1.1604879575739593,-1.7483142864942967,-1.993293485587861,0.3026263831879573,0.2497284462195405,0.8672839506172839,1,5
0.53515560325190181,0.844453169782445,-0.022523861846389298,-0.82244467256448639,0.52692477110760827,0.21432462799102325,0.19285549221733087,-0.096172395403134076,0.97650275446822765,11.045759730495133,-0.55353719806110446,-0.81952911654123628,,0.1423502952953575,0.32,0,9
-0.38284218454562036,-0.91058629954936576,-0.15577051327298555,0.90293483320609269,-0.4044778031725661,0.14528039690123162,-0.19529605401907599,-0.085031157899248436,0.97705125427015882,-15.092628551826177,-3.3441781903028294,-3.3138144521985748,,0.07389442179359722,0.2884615384615384,0,3
-0.99094399815002387,0.073914402415328498,-0.112101086729926,-0.062977726320773753,-0.9931769504561756,-0.098149636117700459,-0.11859088716217291,-0.090200921271105558,0.98883769916196707,5.7828449249814593,4.9443089370720612,-2.6012308526155405,0.4526948300710309,0.1715858006671581,0.4117647058823529,1,4
-0.43043297983496415,-0.8362273775867467,-0.33978113962488715,0.88350282437928951,-0.46739392154418891,0.03107541499906296,-0.18479775210811569,-0.28682171305174659,0.9399910083281916,1.7549877166347012,-6.0401987426046979,-0.86221627350642682,0.9148497542474247,0.5161643527922553,0.2692307692307692,1,3
-0.49023932407267273,0.86530807314752334,-0.10443822900877481,-0.86804533036741016,-0.47393642433379574,0.14792420395942529,0.078502927079838677,0.16317537876596594,0.98346890454374891,-22.681238928001271,-0.29127092104067565,-4.7255733032433671,,0.09359045706696126,0.5128205128205128,0,1
-0.05697582726914515,0.99764061014976779,0.038301019398896116,-0.98583128275555887,-0.062280846482478815,0.15574908700199244,0.15776703409624218,-0.028884410006506711,0.98705382518434637,-9.0484447647447368,11.942346505668963,-5.5875303381663359,,0.3188701020099589,0.2222222222222222,0,4
-0.063280062415389707,0.99306365716347833,0.099096955159092379,-0.98618695852670457,-0.077452180035433457,0.14641189377781991,0.15307160589917776,-0.088463171030986679,0.98424760646830645,17.040071838258395,-5.4020811828986393,0.89286135767569441,,0.3620770960619432,0.1724137931034483,0,1
0.96767110151159264,0.24402650380218585,-0.063747193988633016,-0.19702259277424763,0.88916692503782668,0.41299428247288156,0.15746344730081221,-0.38708299479679947,0.90849987226377027,-8.4089449478492782,-8.8793018420984708,-1.4982045476577714,,0.1049007116291462,0.25,0,5
0.13797944579644622,0.98984444214134493,0.034200188590069132,-0.95487153075668318,0.12377560663566993,0.26999992398584433,0.26302477504618332,-0.069911226307815946,0.96225276728520936,2.0761372835186571,6.1952119259875422,-3.2599355369233955,0.8050707395820107,0.7253242481247362,0.7622950819672131,1,2
-0.39494687241567317,0.91838413171478661,-0.024239525233734866,-0.91343946136882681,-0.3897264481708847,0.11722476705174395,0.0982105818295919,0.068438893990080879,0.99280954840599167,-5.3765027682325384,11.160187129418803,-5.0759507786219258,,0.07709765094288784,0.2592592592592592,0,5
0.48712504974503301,0.87301290502354267,0.023614689776767055,-0.85683383912323785,0.47251683096904368,0.20630951646568418,0.16895253192607437,-0.12073239877235185,0.97820178380661404,-10.286600422750112,-6.8054285654031474,-2.0629848599693399,,0.1400277518877023,0.2571428571428571,0,5
-0.87729908700468828,-0.45051628742347094,-0.16547322051290594,0.43569966497907681,-0.89218134125025206,0.11907248322774353,-0.20127621289625969,0.032365554082598405,0.97899967161948831,-14.76468004130396,17.269705831174818,-7.1933997863267916,,0.2968968481416991,0.2380952380952381,0,3
-0.7758206249290952,0.63070245406884173,0.017798100071900181,-0.62947801299988826,-0.77562634247603157,0.046488794423675268,0.043125271991504233,0.024863452873543041,0.99876024131263075,-5.7319464007144045,-4.2023284202540552,-2.0512565245090739,,0.3918147733722143,0.4685534591194969,1,5
0.9833054422384242,-0.11509812114457207,-0.1409355518429824,0.15022446299986864,0.95054840827239906,0.27182776577680462,0.10267919935750207,-0.28846168903304598,0.951969976406559,-15.053308033796943,-8.2423860808008023,-2.3601388015067486,,0.06929553063396629,0.2,0,1
-0.8197072087958952,0.56737989459961302,-0.078486604284908598,-0.5626299165353601,-0.82326794755864829,-0.075348945194907785,-0.10736698220336328,-0.017605161933470833,0.99406357412684621,-13.122206288838749,-16.318840726007419,-0.68834076670253652,,0.3466255917021882,0.3333333333333333,0,2
0.8886621725816356,0.45835852890784778,-0.013674867455330612,-0.42683789274630002,0.83771343307926927,0.34065468931814585,0.16759760242433425,-0.2968899847013674,0.94008902804236405,-9.2844749463569247,9.3032886349699915,-5.0225015087286344,,0.3885457778098202,0.1666666666666667,0,3
0.99160527735492077,-0.06789587431286645,-0.11004146569890211,0.10254585107120461,0.93133630301155912,0.34942386741727371,0.078761172857909775,-0.35777484671795129,0.93048043327411967,1.506146084251387,11.345430965939942,-4.4619612884883004,,0.3260478601926404,0.2619047619047619,0,5
-0.81223153753515331,-0.56026511480575703,-0.16242823204409884,0.55044763630915716,-0.82830105540300647,0.10452158293829152,-0.19309927269397287,-0.0045125103829729589,0.98116884792328252,-7.561188730556113,17.740935152815361,-6.6132613163673071,,0.1350432859785759,0.3809523809523809,0,3
-0.38822154114624102,0.91415589561500865,0.11663204320579425,-0.91569362148664946,-0.39691056719471818,0.062985658826681667,0.10387120177749724,-0.082346828484695558,0.99117595475264131,-17.988635845599749,-5.5273645521872954,-3.2236429548869827,,0.23846924764282,0.1702127659574468,0,2
0.76378346832988642,-0.57839468935592331,-0.28652119787344582,0.64544084370820387,0.68877678402536979,0.33014036266550506,0.0063977167186019899,-0.43708823492806809,0.8993958773022338,1.061792833400353,-7.9607383439305295,-0.58548287767119456,0.349975208548143,0.4927250289525035,0.253968253968254,1,2
-0.59587020543031566,-0.78280372057242575,-0.17932382256243015,0.77729902267940987,-0.61830350184474636,0.1162196581829377,-0.20185372828379558,-0.070136400424404693,0.97690120161326455,-18.784983060243487,-4.2296636237729732,-3.6028278851290141,,0.1505264060489153,0.2777777777777778,0,3
-0.64770812258560184,-0.74336948565497718,-0.16696106053116119,0.73487992082198295,-0.66739255795072794,0.1205764303861281,-0.20106140830430708,-0.044597997590021449,0.97856288949747627,-12.910566431758742,4.06511511384348,-4.4370296810551766,0.1519544937886267,0.194449959355256,0.1794871794871795,1,6
0.31517112212429688,0.94637165240135757,0.071048288579226612,-0.92123172463031222,0.28709105955519698,0.26250872948939441,0.22803349164886538,-0.14818710826046905,0.96231040087480524,-8.4211609374189145,12.851817811346857,-5.7043835020613463,,0.343424477891364,0.25,0,3
-0.95387045808190229,0.2978922228949486,-0.037301109062968268,-0.29034231707059432,-0.94694958001579621,-0.13779634184543896,-0.076370728140431304,-0.12060976928347433,0.98975794790276217,-4.7081853332058348,15.159733208142466,-5.8298364695383373,,0.6262291584385472,0.3636363636363636,0,2
-0.84240222438690038,0.53301668294221394,-0.079067743443730645,-0.5388293547978984,-0.83451352630789055,0.11510908225353825,-0.0046280401991318368,0.13957216812262627,0.9902010862089915,-9.0819800662657162,-1.9018691763960096,-2.9069552579426743,0.7687037840953206,0.4990397819018181,0.9435411020776875,1,4
0.99194919924461389,-0.011567737029792392,-0.1261069925816154,0.039299521465749443,0.97477290180650833,0.21971194213397346,0.12038410912796231,-0.22289902952621615,0.96737980592202688,-16.310770551366563,-3.1207907812375448,-3.5231357607676972,,0.08094585635400058,0.2891566265060241,0,4
-0.87326965599864814,0.48669225520482234,-0.02303815608178196,-0.48677256349471065,-0.87352555377206287,-0.0023618501223584441,-0.021273912211732207,0.0091518102502478431,0.99973179654763067,1.9838884274800117,4.3149572938982503,-2.8252273867359183,0.6903926131182281,0.2221053219553074,0.25,1,5
0.19119261030589524,-0.93079991359168335,-0.31153957472869032,0.97232788911732471,0.13619076468536956,0.18981715322662995,-0.1342529769095113,-0.33921025407868993,0.9310813829729413,-14.769502781759147,9.7432655784901314,-5.6986109245867302,,0.2240941840117257,0.5,0,1
-0.96310689163701679,-0.20492826752417989,-0.17444059289861855,0.21597298114941496,-0.97528310193725154,-0.046674859282987841,-0.16056396449614044,-0.082627333523419735,0.98356084563187629,-8.579571337560866,-15.353084315264052,-0.34661975644627568,,0.07058447460706954,0.4666666666666667,0,2
0.69890822407885156,-0.6989530040654891,-0.15163110638247793,0.71472287820914715,0.67471961821800441,0.18418643857836914,-0.026429182344115711,-0.23710363746593849,0.97112479291852216,-8.4668207782641964,-19.9895476894776,0.44101360389982597,,0.1129895875691676,0.2857142857142857,0,1
0.80056769719982401,-0.56451268753847506,-0.2010392693188558,0.59921913638021718,0.75118960100752308,0.27685846552689247,-0.0052715079358890832,-0.3421105215368957,0.93964493414152772,-13.841760489594419,-14.66913636351239,-1.0669776571963685,,0.3860579540263082,0.7301587301587301,0,4
-0.25023893991379409,-0.89203291668390816,-0.37637447908063626,0.95076343304577893,-0.29982051569128915,0.078463703415107985,-0.18283699662219657,-0.33820841787721551,0.92313904626722743,2.7964955086989374,-8.1594897243405349,-0.31956970540884494,0.2852454804748775,0.2980336286512043,0.3,1,5
-0.24338123987795335,0.96873058109215171,-0.048235187698734118,-0.96174208486499135,-0.23457945797509219,0.1415084453156473,0.12576857427437807,0.080830310855358467,0.98876120806391699,-19.068628888573802,-8.7084654723479797,-2.8009078060003856,,0.1689117664908636,0.2666666666666667,0,1
-0.088385424021610967,-0.93543056204661379,-0.34228304137026144,0.98057937709077436,-0.14210894386254236,0.13516335782504565,-0.17507741728957685,-0.32368922080203544,0.92982427710389581,-13.707802209457531,-8.1208154764284721,-2.2569502473070595,,0.2048081356641672,0.4545454545454545,0,2
-0.9625781763787149,0.25528785242384705,-0.09094705473102925,-0.25787362450301843,-0.96601619886274614,0.017717147638612062,-0.083333355537293444,0.040506986305972485,0.99569811484972892,9.0230492017963062,4.7774856121010689,-2.1706326826529834,,0.5326006540985485,0.32,0,3
-0.3979419683899395,-0.85273455566987588,-0.33835775055470629,0.87166753054366375,-0.46645210972214834,0.15039330281521548,-0.28607325283894086,-0.23508765791137856,0.92892189505248024,-21.918157564475692,-4.3630822648141825,-3.8952467324389564,,0.1897903002601695,0.25,0,2
0.88628140931945121,0.4630810821758542,-0.007821433728351878,-0.42495221849594261,0.81979096529060203,0.38387287638393924,0.18417620771995452,-0.33689565826638707,0.92335282527923945,13.322926829878002,-5.7350164746734649,0.43411295078518231,,0.5041042039078867,0.2698412698412698,0,1
0.98391390992326011,0.12315585661271095,-0.12940654095335744,-0.094067947191123213,0.97299803762409354,0.2107748564011169,0.15187046839583934,-0.19521130541455015,0.96893132216250322,-10.082291777095104,12.905191730333627,-5.8674221534889881,0.1239181226955973,0.1278392945165286,0.660377358490566,1,4
0.81092017005566897,-0.5676387466940892,-0.1421081667197511,0.58493353905280088,0.79305115268532422,0.17006652849883144,0.016162694331405571,-0.22103421109873916,0.97513211660569754,0.81280918411842529,7.1255839386121664,-3.5392192632822344,,0.1000965892229942,0.2758620689655172,0,2
0.725588714393957,0.68812775513907909,-0.0011000688052801735,-0.6588126681144657,0.69513761299945331,0.28766224522053829,0.19871307424531401,-0.20799973942453348,0.95773128930995166,-9.003868462130681,-5.1178072347023145,-2.2619519795913474,,0.1080624862757751,0.1875,0,5
-0.66927233539085218,0.74118426694448858,-0.052157679342901546,-0.74301171166801805,-0.66734690986608225,0.050810414447774725,0.0028526136503482288,0.072759771344840157,0.99734541572577029,20.143215132082766,-5.5674685505210686,1.2596997112668726,,0.2822762241472999,0.25,0,2
-0.98597939410912194,0.11097805415946718,-0.12461342579026942,-0.12838110860689764,-0.98155885591160486,0.14163510629206755,-0.10659702315295952,0.155647306036692,0.98204429165819584,-14.434404765312211,-11.075126695617428,-1.8421458740887049,,0.3328578523074472,0.7592592592592593,0,1
-0.2258930317516932,0.97267511457790712,-0.053623312904792331,-0.96634134923371318,-0.21678537428521252,0.13852255504858635,0.12311269214502961,0.083109704468714504,0.98890648802398284,2.9594740289806634,-10.012961853375705,0.023333301525949788,0.4720790606275397,0.2911173697969461,0.6136363636363636,1,5
0.98652087205715866,0.1232258018420551,-0.10766601486061692,-0.09020358862919034,0.9584873995943346,0.27049069746907534,0.13652795169488119,-0.2571328578367098,0.956683234841464,-12.757245994011154,-7.2956137229073992,-2.2913664885559148,,0.6701613835545542,0.253968253968254,0,3
0.87612084192185868,0.48085669279256521,-0.034483493830091895,-0.44472577797601853,0.83375582474883791,0.32721584176352175,0.18609474133827208,-0.27134492015510747,0.94432022193335452,-12.214635876966783,-7.0733424258302664,-2.2970766749313434,,0.08951120287588617,0.3055555555555556,0,1
0.18779087233813652,0.98220848088151747,-0.0010432405780756598,-0.96694927406689712,0.18505971617013747,0.17539099986182063,0.1724635893398451,-0.031928068144661877,0.98449830310497111,-9.0231171989385537,-12.473092483263665,-0.92282643383896712,,0.1927096308590249,0.34375,0,6
0.45737372295207901,0.88182240401547574,-0.11488483507113892,-0.86589438983067435,0.47104564789264142,0.1683535068276466,0.20257389568431494,0.022477663974922509,0.97900897412103005,2.4978876861452299,5.2904816948876752,-3.026208752887674,,0.1157099992148391,0.5326086956521739,0,3
-0.96904429644077017,-0.20603973138892967,-0.13601757469088921,0.18914268734958009,-0.97365455672633638,0.12736501869909955,-0.15867638563375741,0.097695615332627384,0.98248530339490991,15.528406724128837,-5.6261465984112453,0.68957286536736451,0.2257772353413647,0.1786988621640768,0.4545454545454545,1,5
0.98858912863601534,0.092640131607898732,-0.11878274604653749,-0.062777851139930299,0.9701674993721523,0.23416653169964127,0.13693237801534652,-0.22403756197936445,0.96491279122696172,-18.084021469441009,-8.2358763794204464,-2.7543690888776147,,0.07673470354757966,0.3823529411764706,0,2
-0.99002043496722425,0.067857728367160419,-0.12351059488220918,-0.083864581283423764,-0.98804051655211556,0.12939346837296262,-0.11325312513773976,0.13846034216438127,0.98387116193852242,4.9328114687860802,5.1361299653699222,-2.6724465916242721,,0.0734563011224022,0.2702702702702703,0,4
-0.17667941228380774,-0.91910731929302958,-0.35217342446162769,0.96747123302664095,-0.22798741393866384,0.10964101582652251,-0.18106296844180958,-0.32134634696467584,0.92949057378302624,-19.045157686192319,-12.814683456486616,-2.0671552389697698,,0.1676761768713215,0.4615384615384616,0,1
-0.99169568518043638,0.0039541836431605725,-0.12854583784090942,0.0016316428493023192,-0.99905993133612936,-0.043319641506610815,-0.12859628974475718,-0.043169642462790071,0.99075697132723617,5.0313591516254199,-9.8713959618067122,0.25527970939173272,,0.3804758574341918,0.2592592592592592,0,1
-0.84535681455343459,-0.46605571403659268,-0.26108222364211769,0.50357263927394824,-0.85834308481813271,-0.098294179479572377,-0.17828755722915973,-0.2145675188809672,0.96029908194193625,7.2037756862286955,5.396476702728819,-2.5797841529114502,0.7026563848885645,0.4228010877966278,0.1428571428571428,1,4
-0.86319301111396673,0.50486011290059896,-0.0037539267439452855,-0.50378382682727219,-0.86179356797160445,-0.059276488003606201,-0.033161444348420249,-0.049275882587399684,0.99823454458557026,-12.063841404766398,8.1413922077135101,-5.108969527227047,,0.4058375558565101,0.3555555555555556,0,2
0.86567048329234242,0.49103214511990789,-0.097478442823758615,-0.46538696143614799,0.86110277163486637,0.20473639834670584,0.18447111015449627,-0.13186906059305004,0.9739512104703576,-15.593441450347951,-2.295370295609982,-3.5667772409134293,,0.1166603081839722,0.5520833333333334,1,3
-0.62448928352389887,-0.75175473184204744,-0.21184418310847902,0.7550941892569708,-0.65043805611433947,0.082238072135461332,-0.19961437852561001,-0.1086055169468413,0.97383722539988382,-9.5958997898048963,-7.4352768683597938,-1.9160296002495321,,0.1358217650598293,0.163265306122449,1,5
-0.79910998485286477,-0.55689768973985798,-0.22646897198261967,0.57332017072875641,-0.81928911496656343,-0.008326339703397561,-0.18090664427821632,-0.13649289087610322,0.97398279081115224,-7.3264337163786726,-5.8280093510578306,-1.9884499511638871,,0.223386284641759,0.2418300653594771,1,5
-0.82357052203228398,-0.54323499991633828,-0.16317882860643024,0.53312195335047086,-0.83958001486782197,0.10433782387190993,-0.19368164108982838,-0.0010646597782004541,0.98106385541630658,-17.00128125711964,-8.081284935878589,-2.6530535676762632,,0.07505102252248598,0.3103448275862069,0,2
0.69734717777391886,0.71588643235474458,-0.034835752053685422,-0.68748614829924826,0.68184303673267188,0.24990572053442842,0.20265662966558509,-0.15032195192174555,0.96764332334958114,-23.701644985842435,-0.87620032069937437,-4.7209127352656983,,0.09894774073563761,0.3,0,1
0.49618518768522407,0.86776433470478986,0.028023542533626766,-0.83960476579073184,0.47136555274211056,0.26995990989333174,0.22105224898939685,-0.15747880842348122,0.9624636762570582,6.894456873228199,-5.4274280769219994,-0.35073201591579634,0.4868050822494384,0.4426474535720816,0.2037037037037037,1,3
-0.23487061668935402,-0.9097073214054745,-0.34244471495007778,0.95398904604909207,-0.28328777833796936,0.098249349426250895,-0.18638855499817189,-0.30361262165070657,0.93438679493027899,-11.645849630265962,10.61250215655431,-5.6035528483474666,,0.4225546085148718,0.2439024390243902,0,1
0.77945407358578644,0.62644918429593932,-0.0035730470855445131,-0.58812198951776518,0.73370659748156108,0.3402751155428449,0.21578663678779786,-0.26312743738915362,0.94031913682367874,-10.676059293862265,16.60849153586399,-6.6872778630531347,,0.2997213251981013,0.2222222222222222,0,2
-0.39486148211528854,0.91419161622807998,0.091313190503951092,-0.91210198663199604,-0.40199381189122008,0.080442160482766256,0.11024688623125098,-0.051523431751578759,0.99256786168848765,-11.987964514201979,-12.625922157766063,-1.248532766070606,,0.2542455447615917,0.2307692307692308,0,5
-0.33187017228319421,-0.92118289809769338,-0.20318527752044199,0.92283075933419378,-0.36169348792365591,0.13251871724513845,-0.1955647677251699,-0.14352661441682629,0.97013119348810006,-4.3812045270604214,-1.0877872275248541,-2.5179369312058784,,0.295267161237944,0.3299180327868853,0,2
0.24597634707205418,-0.95731902222374399,-0.15177590839676061,0.96123216899571562,0.2207946898686497,0.1651739150519754,-0.12461281623042957,-0.18652076188558808,0.97451611141978534,-21.432065835213585,-1.0761211837830722,-4.4559539046246366,,0.2554195051942884,0.7916666666666666,1,2
-0.16860363753654339,-0.90618526559751444,-0.38781577820327112,0.97566856597825957,-0.20937522568253253,0.065060465970631101,-0.14015585172005124,-0.36741023296085723,0.91943790325626462,8.6143645044904389,8.4263374765521561,-3.0192964015333712,,0.4292545339663548,0.4634146341463415,0,3
0.91926366933579962,-0.36118690488131489,-0.15651941087781213,0.38983396126357289,0.89048662817477331,0.23465516761297603,0.054624068731947889,-0.27672655236564969,0.95939492719681863,-15.121659794358356,-1.4978409109094979,-3.6697057139661688,,0.08319147131377763,0.3111111111111111,0,3
0.80895005727432157,0.58511397592767567,-0.056933645676173969,-0.55457635622734491,0.79167136741242727,0.25632306008812294,0.1950509419343413,-0.17577850037318501,0.96491297475838778,-16.630344145452973,-10.849861625736946,-2.1235873247024504,,0.08299478453435694,0.3181818181818182,0,2
0.74984100917829533,0.66085947349930108,-0.031673604794899765,-0.6347388405547808,0.73205961339838643,0.24737689205376334,0.18666832951963092,-0.16538887120127904,0.96840149526790731,-27.206988081109429,2.8198815014823642,-5.8156328696065556,,0.4737815407603374,0.2037037037037037,0,2
-0.31095182875957394,-0.85078368838516349,-0.42364616812714573,0.93080417576812668,-0.36271134073314926,0.045211388788440991,-0.19212638174830368,-0.38027305831638736,0.90469876453712839,25.607272744890043,-10.445407961788735,2.7945063858205068,,0.3400861848743049,0.4444444444444444,0,2
-0.32089238154237959,0.94653691242444016,-0.033105179142656024,-0.94043973743320708,-0.31429299110555287,0.12958786979684941,0.1122549763913397,0.072717186138713516,0.99101515180921806,-16.102823604804389,-13.121601225228574,-1.6621758426003499,,0.6086050559404284,0.6052631578947368,0,1
0.78936917634095061,0.61391426246546521,0.0023625800074881906,-0.58138010265784523,0.74628953646727392,0.3241127951701589,0.19721429886385342,-0.25721820717232269,0.94601549364833004,-25.125570510240053,0.93207138889648122,-5.2779028536029484,,0.4146840253740488,0.5263157894736842,0,1
-0.91564346082238923,-0.34278818414097584,-0.20998407907870054,0.34997939365539465,-0.93675226434134928,0.0031014944715282958,-0.19776621721062412,-0.070650237541618477,0.97769988609261516,2.4899440635598222,-15.530181271968759,1.0380661436070542,,0.5538438173393946,0.631578947368421,0,3
-0.59473125507159785,-0.72905975442733684,-0.33877220770794358,0.77783670547579375,-0.62832495606666883,-0.013334511553961783,-0.20313737680576213,-0.27143990874256241,0.94077392719308717,-3.1326069700243462,1.8614822264332602,-2.9655678089065804,,0.6453355822747637,0.3480422622747048,0,2
0.50995743309094677,0.84556761976421357,0.1579835967484424,-0.83398086656150683,0.44100535267231206,0.33164769428368912,0.21075893965526141,-0.30088150378621092,0.93008117389544964,-15.728976530799503,2.5732193269393249,-4.4946846677371122,,0.7100348747106026,0.1956521739130435,0,2
-0.89631182455030345,0.44210826773687861,-0.034137849522211813,-0.44337159289645683,-0.89473245915890098,0.053623289156138475,-0.0068369425742309279,0.063198940862649655,0.99797752985228827,26.080937749030053,-11.602423127275443,3.0547843204387504,,0.2765264350815155,0.6666666666666666,0,6
-0.88638969466324002,-0.42778768325793565,-0.176949165716076,0.43200755441228428,-0.90172901565792674,0.015945383385264432,-0.16638143563969041,-0.0623095528261432,0.98409081770997187,-3.3299624424826444,-11.230516244611504,-0.48178861620448077,0.3164903614027577,0.2452593661610061,0.24,1,5
-0.81458713188803511,-0.54120782242289145,-0.20866695356643633,0.54695558321646964,-0.83645907152006305,0.034290110237879028,-0.19309944212958477,-0.08619927273513571,0.97738543616588491,-13.554069903304153,-11.580903349359506,-1.6376570275768856,,0.8241230639108466,0.5376344086021505,0,2
-0.05828186724755971,0.9942113553289863,-0.090260760494457873,-0.98638922849663513,-0.04342560760804659,0.15858911220409991,0.15375146781722265,0.09827511149203555,0.98321029724330988,5.6549879965302656,2.7530079025136374,-2.1492256843451409,,0.06298088799170093,0.1290322580645161,0,1
-0.91648792549721481,0.39598549497805041,-0.056968150617691372,-0.39678398533517484,-0.91790717641315234,0.0029806829367586976,-0.05111116707087926,0.025335809760536981,0.99837154674220874,-6.2410947912072592,10.101356520593891,-4.9288400829417549,0.4958430658108896,0.2385709974907087,0.2258064516129032,1,4
0.41661872158737984,0.90810126620941678,-0.042201079746275842,-0.87913027654930631,0.41427596576807529,0.23559580013503814,0.23142773748459275,-0.061053374155592657,0.97093444054013245,12.072140161673527,2.6461646874650309,-1.4317718584707235,0.3436720004879524,0.3040730509324278,0.3653846153846154,1,4
-0.65755723045361303,-0.70765040256570533,-0.25855250226360077,0.72534508350711824,-0.6874066847397573,0.036695498458908717,-0.20369830266898636,-0.16341039600861113,0.96529997615564211,-5.2032928848749211,7.6779293363861552,-4.314659709136186,,0.08171960846234794,0.1379310344827586,0,1
0.15069358462940774,0.98707971418573448,-0.054452560954917677,-0.97233270701107655,0.15793721426311305,0.17211897985788754,0.17849523923077576,0.027008779939438822,0.9835700154936261,5.020659641930159,-7.6521059553812716,-0.16940740356055498,,0.09932322664399926,0.1363636363636364,0,1
-0.98857042976041054,0.085598159470811258,-0.12410262083665892,-0.082938687632663335,-0.99620359106152012,-0.026449560486016641,-0.12589551023404075,-0.015854344872668909,0.99191681115483155,6.4072959645679006,8.9956630691695985,-3.3270102690745551,0.6833694535408571,0.3341171087243203,0.1477272727272727,1,4
0.044810937948178801,-0.98610522036655535,-0.15996397783886143,0.98617294302813696,0.018092032001824798,0.16472888276579789,-0.15954593783430371,-0.16513380254772861,0.97328100822768582,-11.928402605399645,-8.6931415992715824,-1.9538374244467691,,0.06955961127273848,0.3265306122448979,0,2
0.95712534344635625,-0.2380583127566995,-0.16504337811656902,0.27564666694613915,0.9236413696163468,0.26628093310397583,0.089050502155684275,-0.30035788662972268,0.94966054356551444,-12.016893006239277,-2.289631486117981,-3.1389320793455791,,0.1450650778471646,0.2849162011173184,0,3
-0.32462118320072858,-0.91450600797882631,-0.24145361622471009,0.92988443115178399,-0.35526698307985266,0.095395573455286028,-0.17302032284931787,-0.19355653464548872,0.96571208741381487,-8.0677810880389611,7.1238256470653738,-4.520561848360475,,0.1742542372628221,0.125,0,3
-0.8838480270078598,0.45473040352199362,-0.10969469115248447,-0.46677588147068594,-0.87268083345548675,0.14334726853589405,-0.030544093235489643,0.17790003662777137,0.9835744177927056,7.6904330639028808,4.1495616506832196,-2.1988518204882301,0.6518924404692908,0.4283925531133381,0.8383838383838383,1,3
-0.36797518577217703,-0.91060882895861806,-0.18811119923743458,0.91085074416495859,-0.39368061903460821,0.12396165556602132,-0.18693631137388203,-0.12572641257564673,0.97429342842430444,8.8531583988756264,-2.0538830717691066,-0.79828031148413503,0.6916165242424227,0.4131061996563014,0.44,1,4
-0.80271133098595537,0.58678759945159276,-0.10646516912396574,-0.59633295461425806,-0.79169934254789087,0.13266181911261313,-0.006444094023722027,0.16997783425810478,0.98542681590929881,3.1035920890046529,-4.9047801232199459,-0.91654995404819339,,0.06807502749714085,0.3902439024390244,0,3
-0.10437429563869541,-0.97160337740213087,-0.21235084984689287,0.98486300388056724,-0.13068558360770269,0.11386896778516591,-0.1383866684231945,-0.19725150254912024,0.97053643658795341,-13.18075568359602,-13.073558993350728,-1.288294349654695,,0.4509550326195343,0.2,0,3
-0.012718429431516002,-0.96946327669099108,-0.24490650603927033,0.99339970029560365,-0.040173731756405526,0.10743885111713566,-0.11399682892695404,-0.24192359625371809,0.9635754752847685,-10.359954904428786,-9.1506909007916484,-1.6468793637480694,,0.3634300803353718,0.6756756756756757,0,4
0.59310304800199365,-0.71560636166746938,-0.36896654264552459,0.80327303363370695,0.49486554312238246,0.33145214989058441,-0.054600438529796569,-0.49296615438713043,0.86833355500125509,8.2269203390066075,6.5617510940986303,-2.6472213895395504,,0.6648655513600359,0.4923076923076923,0,1
0.71967391866959773,0.69170020531552789,-0.060168735678947476,-0.6621175944533878,0.70980406313591404,0.24037155212505384,0.2089730650155795,-0.13315035832548447,0.96881434763105712,9.6753687832095174,1.9361338349874446,-1.5222282614978104,0.1781072456391738,0.1848513773587026,0.603448275862069,1,4
0.42281106726837892,0.90471477641334708,-0.052172547711630594,-0.8718470978596099,0.42180538994597649,0.24892338372740133,0.24721132528496903,-0.059761077231511639,0.96711693930929532,9.8415957438728565,-8.0080198047251798,0.50090372947906059,,0.4252156143072178,0.25,0,2
-0.71183336919211848,0.70132096281014411,-0.037975803186362768,-0.70198231909999276,-0.70867611835775557,0.070703486055355758,0.022673292120746064,0.076987443082859722,0.99677422490349865,-22.413226922575266,-3.4672475088059,-4.0990786643271102,,0.09764504700430732,0.1875,0,1
0.5316173192279291,0.84016992141346514,-0.10722653146027694,-0.81955977811789471,0.54221951328256335,0.18525595673814998,0.21378680031343661,-0.010606722760204487,0.97682275845929745,5.331800467438832,-6.1304869333905767,-0.39294255465880545,0.3396074738060126,0.2756311372533476,0.7475728155339806,1,3
0.14001523871887872,0.97579790709415337,0.16797076363809854,-0.97412657211363496,0.10535789632890254,0.19994282978713715,0.17740674854310157,-0.19161982724086471,0.96530238131869683,-12.363161472626995,12.382275023227244,-5.9675233170521951,,0.3445706070989348,0.1,0,1
0.68434070525209734,-0.66064764489830685,-0.30858141296160968,0.72852126866485967,0.60174947480361152,0.32734436099698105,-0.030570577979591656,-0.44882319332215787,0.89309752037394863,-18.166517168151923,4.1922073307679293,-5.0441493061343365,,0.3234317699610318,0.1818181818181818,0,1
-0.45784985252261801,0.88328586339843429,0.10089398428796727,-0.88624178935656162,-0.46244577148442295,0.026821618785190449,0.070349153108606857,-0.077136190965463564,0.99453557236543466,-17.728061643444811,3.2706029173136622,-4.8392520652368738,,0.2413647901896865,0.5,0,2
-0.88227302281166053,0.46626163367063633,-0.064764204508071022,-0.46924688305117895,-0.88205703799910107,0.0422225586979776,-0.037438963200483802,0.067642225592008956,0.99700694749406416,-10.356028839148614,4.2423858294094998,-4.2037475751641038,,0.334027567695125,0.2105263157894737,1,1
-0.78520949467222312,-0.5603790594167789,-0.26347933361794756,0.586865378634844,-0.80920363837409126,-0.027901594970784285,-0.19757296585406822,-0.17653549617371175,0.96426144885831067,6.651732184929898,1.0122148182441408,-1.6848862575689467,,0.2186383222190305,0.2666666666666667,0,1
0.81362245306718639,-0.54852032700228914,-0.19272766986148326,0.58131142939769143,0.77308267303247102,0.25381135259988641,0.0097737360588519926,-0.31854141257028523,0.94785855619980608,6.3737360635291678,-9.0120631008782901,0.25551153709190905,,0.1025686875489169,0.4444444444444444,0,2
0.88702188184287012,-0.38140569056771595,-0.26023427970676333,0.45870402742074867,0.79231084343296088,0.40228614518342093,0.052752216635127559,-0.47620712571434182,0.87774938169101935,-6.3798469239318845,-10.549292537394056,-0.94201083999138924,,0.5004909895272613,0.2424242424242424,0,2
0.24130017610898383,-0.95240458279755658,-0.18627865061779161,0.96222083733793418,0.20985965374419724,0.17346465323820243,-0.12611615757886696,-0.22109825055069407,0.96706270655059623,5.2749101673790788,10.400866277152195,-3.7847864142346905,,0.159290588217932,0.1333333333333333,0,1
0.85768870690957921,-0.47706160350638771,-0.19178714372889519,0.51191228053502302,0.82720725914550108,0.23167642835303606,0.048123789098591517,-0.29688445037910222,0.95370001784937208,-14.892118707548811,5.5723316278655419,-4.9760141173254357,,0.1374299628792891,0.2142857142857143,0,3
-0.25471720833452238,0.96054668239207885,0.11166563806220416,-0.96034550360270976,-0.26480749076544363,0.087255409829809505,0.11338279185275914,-0.085012139016031635,0.9899077122295763,9.3336649548525497,-6.7036851530600732,0.14158558266899551,0.3329021691504546,0.5009209859366786,0.1224489795918367,1,2
0.14553678053372002,0.98492657119794647,0.0934809866236814,-0.97321375566052792,0.12552516553598078,0.19260949771570296,0.17797199584488152,-0.11900874827264492,0.97681261587346857,3.9745438773955168,-11.475917765099929,0.44278249466410025,,0.6904902185682951,0.2,0,1
-0.52298102489054854,-0.83233447301972197,-0.18360330233253874,0.82780814075488729,-0.5473150156647032,0.12320696298457651,-0.20303824690035249,-0.087553404565030607,0.97524862042696792,-19.132791038217803,3.8176805348672564,-5.0674606390848522,,0.104841145297422,0.1818181818181818,0,1
-0.61073834595841758,0.79182383369793385,-0.0036998870093822955,-0.79014234382573223,-0.60912296908178187,0.068148991412725957,0.051708309482650192,0.044544639687626307,0.99766829447745076,-5.0757509195797592,5.2264734818743461,-3.7848353589873551,0.4569835833881253,0.4072711547797698,0.2756892230576441,1,3
