axis_00,axis_01,axis_02,axis_10,axis_11,axis_12,axis_20,axis_21,axis_22,location_x,location_y,location_z,dbh,dbh_approximation,score,reconstructed,number_clusters
-0.1203557509480612,0.95916377648198059,-0.25596746492191658,-0.99269943125571691,-0.11423191431751097,0.038715745323212154,0.007895086972495859,0.2587584194498434,0.96590980322466691,-28.374391984333233,-2.2914908648013337,-11.454785011820379,,0.1069006699431422,0.2258064516129032,0,3
-0.75659871105367915,-0.49541334115479219,-0.42675989951933979,0.56709618193114664,-0.8220657089447323,-0.05108708854798915,-0.32551545412011884,-0.2806663349656312,0.90292087003564858,-6.9176121940756978,7.4108236970274861,-3.9719366573504922,0.5785702635062258,0.197132410834999,0.1678832116788321,1,5
-0.94069937697226513,0.15528515497726439,-0.30161432792173409,-0.16728838231591059,-0.98580553997912235,0.014213883656362052,-0.29512587027591819,0.063827564501223483,0.95332405964798994,-0.33565397064992714,-4.1476423202718946,-1.1973268902848482,0.2056664367296469,0.1936571082887923,0.7131578947368421,1,5
0.93388127073965144,-0.094643433674602206,-0.34483096239168287,0.17836837165058375,0.95909388791884398,0.21982638183674449,0.3099201448057422,-0.26679867806830704,0.91256121396024215,-16.432894982568378,32.083528656216735,-8.2855534909919886,,0.3356865355830581,0.7941176470588235,0,3
0.20720924247013991,-0.89493001864337407,-0.39517665868054563,0.97817571871025888,0.18317711387860458,0.098073484065637498,-0.015381585113988896,-0.40687394446200947,0.91335480518652046,0.17022477576969933,-6.5556590184394166,-0.96473737017058947,,0.1561528015373491,0.4431137724550898,0,3
-0.78373067578601585,-0.50059203494196491,-0.36765995482872021,0.56828302349373438,-0.8168277372770284,-0.099231309694613815,-0.250640445740135,-0.28670553215372624,0.92465090969058938,-30.275552518751926,-1.5145394451843004,-12.216869353414433,0.7478908975272657,0.6661325798495974,0.6395348837209303,1,3
0.9501343089712575,0.075565763091414384,-0.30254687300338112,-0.052514860779600707,0.99511263853867749,0.083624314752893031,0.30738735223331959,-0.063566123595858837,0.94945898469496093,2.9827461492480447,-4.4140120666549088,-0.071478649955339743,,0.08519416026440199,0.3814432989690721,0,5
-0.58719666105711754,0.77184576162112073,-0.24383232253104867,-0.79350929805942838,-0.60837633681717296,-0.014873691342472104,-0.15982201080141065,0.18474943320191878,0.96970334215932463,-17.787288210009152,-2.3828632508903893,-7.6797479030990017,0.5734075450352758,0.4807724364946672,0.7985436893203883,1,5
-0.32762443542371639,-0.87760961291811235,-0.3499479913173007,0.93343602920022661,-0.35795382750194293,0.023795730029227413,-0.14614858433869851,-0.31885800082549559,0.93646685291331255,-0.84711356063697107,-8.7325858972038475,-1.2517829363675332,0.1812418019782217,0.1373891632557685,0.4227642276422764,1,5
0.458201394371826,-0.76861514912483875,-0.44641038824327994,0.87971690616188847,0.46395655577699668,0.10412722681652986,0.12708126222488109,-0.44042600614331107,0.88874928180223178,-8.3532189755981303,-15.251293333151242,-3.4701275198617929,0.4276698947560829,0.1723458697061783,0.3018867924528302,1,4
0.6255144666856044,0.75280090847107695,-0.20499376617874579,-0.74891576263547321,0.65299741543733858,0.11278100863303264,0.21876204525271831,0.082976910265917261,0.9722437965446582,4.7392747741745653,-31.093713288863508,1.8414574685830143,,0.4005420478272789,0.2413793103448276,0,3
0.78524365220454406,-0.47727251840585461,-0.39446590454309621,0.57701387472201837,0.7951370417463699,0.18657993788484972,0.22460497556989328,-0.3741230118789341,0.89976917980773441,-5.1560246128159948,12.922887425094189,-3.6760626269532213,0.709181717602787,0.294088336312691,0.2,1,2
-0.19527966775220426,-0.80075303196999448,-0.56626887001975423,0.97467762622588028,-0.22259259165541756,-0.021355633327222626,-0.10894666721506889,-0.55609991901724376,0.82394387173626304,-2.3781595845507213,-17.665100506997575,-1.2271599446005328,,0.640203151845096,0.5892857142857143,0,1
-0.78842697941784001,0.5743103177975416,-0.22034190930766936,-0.58000209826471383,-0.81338801710155417,-0.04469339597896254,-0.20489134714426482,0.092561290542482591,0.97439824679569287,-0.087768815734575054,-22.934528929957992,-0.18031410922724625,,0.5583861004883834,0.2307692307692308,0,3
-0.71244681624794648,-0.61562819608902575,-0.33678102410666938,0.64715717484144997,-0.76198333854638822,0.023853360956747754,-0.27130633068433457,-0.20095600503063446,0.94128080771506761,1.1982616641315909,-25.295856286384815,0.30562866890714457,0.5644164244839358,0.5498586189931747,0.8192771084337349,1,5
-0.64430228234243203,-0.68957350171186249,-0.33070070260761952,0.72624548616047713,-0.68719971059509966,0.018001432985826446,-0.23967073830542004,-0.22857152818067977,0.94356398495559557,1.5873328889604152,-11.405004599655049,-0.25505187793856543,,0.09532172484596856,0.4651162790697674,0,5
0.95273936858283381,0.042885014113825212,-0.30074668928658099,-0.0099011674618997448,0.99384333917361656,0.1103511851459949,0.30362750605844924,-0.10215817512412423,0.94729828714087427,0.35472290562298298,19.563215227690463,-2.1693962092753094,0.3472113774893658,0.1905226432735385,0.4666666666666667,1,4
-0.034023460616236331,0.95813671125198396,-0.2842823362063287,-0.99873248511018431,-0.022038676672489998,0.045251739371665094,0.037092146248647741,0.28546162488460358,0.95767209075179349,3.273682643865667,-5.3158070785372358,0.024313265835686475,0.09177609346813925,0.08752745968778453,0.4696969696969697,1,5
0.94471229864096129,-0.079683190411117197,-0.31807115864601271,0.14643076423048026,0.97044846840269738,0.19180146365900377,0.29338831620122308,-0.22777260445620828,0.92846267376553526,6.4245462007449303,18.693338009586117,-0.1674518935268281,0.3689615816292126,0.2931172777196184,0.8421052631578947,1,5
-0.25404555817108948,0.942965255479155,-0.21512178256204459,-0.96680941452424884,-0.25384140095390106,0.029053384467900147,-0.027210482553942292,0.21536264792412996,0.9761549669587759,-13.628224135108693,20.306472342989288,-6.8706490339037387,,0.1754961733021297,0.3333333333333333,0,5
-0.16597118300860172,0.98613053070430623,0.00037792005645228443,-0.98611021457894488,-0.16596527495776545,-0.0064940134940072308,-0.0063412233671651377,-0.0014504899300359587,0.99997884225876033,-20.340405254876959,17.443384427351944,-9.0977374447206376,,0.715470154661471,0.5111111111111111,0,1
0.4573483731980188,0.85025008544452074,-0.26059021035854418,-0.86794539740406373,0.49059055880791513,0.077406012257694431,0.19365756545569482,0.19077655990745285,0.96234144228109109,-7.793020011249844,9.8439638722910505,-4.3307484511929211,,0.08989366668014985,0.3888888888888889,0,5
-0.26444424350365936,0.93116147414599271,-0.25101304974849342,-0.96355775314140091,-0.26598834233033791,0.028401727156179283,-0.040319950878844227,0.24937624347684212,0.96756694380828601,-18.488266891987315,18.955145855805466,-8.5043152788016627,,0.1544549102005129,0.5172413793103449,0,5
0.75222533371022027,0.59441792515021252,-0.28429628485906339,-0.60227336622743755,0.7952815719917764,0.069238815583177363,0.26725238943294799,0.11914088933026645,0.95623303061124953,16.342341301563067,-0.2946991283369611,3.7160579729591179,0.5522508956457515,0.4945074444438499,0.9230769230769231,1,5
-0.13991585871495785,0.97439678642890604,-0.1759956109596981,-0.99015536138123617,-0.13840290734249269,0.02090443893385021,-0.0039890861170975307,0.17718786029569528,0.9841689638247002,-3.1030506590998614,-1.8069019797402188,-2.2646050235107476,0.212839647563837,0.1947352327156284,0.4792013311148087,1,3
0.22384584074968952,-0.88995390643649275,-0.39733497706279175,0.97388636634671744,0.22010863843706596,0.055655482473575421,0.037926046762747724,-0.39941736530076599,0.91598437938271782,-20.901896119862091,19.635979001192027,-9.4282101236510218,,0.1390493208262159,0.2307692307692308,0,2
0.72922099603597634,0.62135930239035964,-0.28661708998813379,-0.62937617165354276,0.77342991322482024,0.075444044720431702,0.26855609003526715,0.12537458539119453,0.95507007064558203,-2.7042790380847186,-24.898809129293582,-1.0494351498591996,0.1819715556555359,0.1392151893618743,0.5,1,5
0.93572848071245973,0.044735662351943359,-0.34987273528739699,-0.0018723406694887959,0.99254045747245556,0.12190133149718049,0.35271618154540257,-0.11341146676725872,0.92883213471634885,-11.179797532164784,-5.2994344375135345,-4.9321618486729522,0.3076256582551228,0.2632262526316624,0.9363449691991786,1,2
0.87756639961343208,-0.36341266993343369,-0.31274341815835421,0.40160157120439161,0.91347390139517559,0.065434008558551388,0.26190340256606426,-0.18302093541922954,0.94758110202904966,7.247886658154794,17.302966775569249,0.15757502191227923,0.6191926319294523,0.5881182649883477,0.8869047619047619,1,5
-0.42430450959354665,-0.8415729885478348,-0.3342462985363428,0.89397425463672076,-0.44806843175801125,-0.0066867412568105879,-0.14413783398295898,-0.30164480006885991,0.94246204136088074,-6.505769135883166,8.5833506838542846,-3.8515981312370164,,0.1174232494682474,0.2911392405063291,0,3
-0.1193517803902512,0.98583249772390213,-0.11785346388261803,-0.99281792962655036,-0.11948767702157168,0.005937478592787938,-0.0082286772769694112,0.11771568065233644,0.99301324633603461,20.645064068486022,-1.580062535735592,5.1288077040035116,,0.3623619169233568,0.2142857142857143,0,2
0.83968104377447739,0.47364299032175677,-0.26570295904425323,-0.4572644401214403,0.88055567708603411,0.12462315736645793,0.29299313392336274,0.016852811950042044,0.95596600682406396,-17.160374688998488,17.780134158677939,-8.0266439694770177,0.1612995510206288,0.1347759135946395,0.3508771929824561,1,5
-0.8675556140802595,-0.31167517162875813,-0.38756398680477094,0.36505058684851649,-0.9283049279697746,-0.070625984938870609,-0.33776519287720891,-0.20275243055809733,0.91913335614773883,-10.806928521524153,-35.768840034392625,-3.372569799923741,,0.2953237028533131,0.3125,0,4
0.40764124698031134,-0.83239669854779386,-0.37542555854266119,0.90901306745093124,0.40896904150034258,0.080246908337571754,0.08674016926306076,-0.3739786883513862,0.92337212633650123,4.0866081876546154,11.58856175561173,-0.54998435009785063,,0.07209918337894859,0.3793103448275862,0,5
-0.7298493402788061,-0.53461266698495791,-0.42603900853539445,0.62635373533314065,-0.77264243407850075,-0.10346336209244084,-0.273862992623708,-0.34236379095996733,0.89876921170604573,-8.3455659554319404,14.125572246670421,-4.7659427665988563,,0.4167412037411884,0.2424242424242424,0,4
-0.68304479782056049,-0.64028512761474721,-0.3514039833662046,0.68668248562596856,-0.7268844111969287,-0.010306148331676142,-0.24883120404163522,-0.24834252176029051,0.93616719862475894,-25.68311860807928,0.29166279805997508,-10.538879452206553,,0.1480625539061859,0.5757575757575758,0,3
-0.058704619435207391,-0.93658702000753002,-0.34548302651560553,0.99616383540367126,-0.077458176862509234,0.040716628924602788,-0.064895151520086833,-0.34176744255495034,0.93754127083485472,7.1422494168621986,13.66516854332118,0.27158720503314621,0.2771439799821483,0.1021761665489931,0.4074074074074074,1,5
0.64828219552117905,-0.68661635569241619,-0.32907168681900323,0.74254316818429844,0.66572105387836933,0.073791068605195589,0.16840379554233115,-0.29218736885556423,0.94141739049594686,-9.4840441402965876,18.481563258368666,-5.4694708634231617,,0.1046497128949908,0.2580645161290323,0,3
0.94950884961762705,0.14803305004812015,-0.27662096918213019,-0.1021337657815823,0.97950532043201288,0.17360305623073535,0.29665070096846757,-0.13658529693502786,0.94516814285929385,-11.660339787048771,-15.606840299578778,-4.6081070915572653,0.4835401349319294,0.3275621533646579,0.8958333333333334,1,4
0.56145212687001256,-0.7372330975029926,-0.37584420865470908,0.81706724031440048,0.56581448810134505,0.11070270935990865,0.13104439720244018,-0.36924426197404603,0.92004676020357423,-19.783491731535467,21.109655360963814,-9.0754754262033632,0.7880968474264076,0.7756155554379278,0.7816091954022989,1,4
-0.87975144150938023,0.40930765010261705,-0.24187734232383173,-0.40860702590135334,-0.91102343353800308,-0.055467124755817269,-0.24305904539065651,0.05003549851955353,0.96872016049098575,9.8251553114062773,13.280389414889212,1.1184938302384824,,0.2196492979188253,0.2647058823529412,0,2
-0.79349134948384659,0.54055331023120001,-0.27959541679433086,-0.56415873065716593,-0.82565231896889602,0.0048140216637938497,-0.22824636890342578,0.16155607998269922,0.96010584213565986,-4.0627270388841668,6.2467169722308018,-2.8865962858121166,0.4682521644519204,0.3829213492509664,0.8990825688073395,1,5
0.64428205061080746,-0.63587715625118968,-0.42492455967928355,0.73872478497541982,0.66124051888073865,0.13056289003139721,0.19795537710239727,-0.39802163050295564,0.89576361297387852,-21.167885441127506,30.080630723540079,-9.8171843591922006,,0.2799742543911566,0.1818181818181818,0,2
0.073773779132204356,-0.91136577350405024,-0.40493191575611542,0.99655838726545032,0.05198013912995645,0.064571246750513456,-0.037799606921739885,-0.40830196181428685,0.9120639767555605,14.604957712929874,-18.666011361974324,4.3438610388645795,,0.2569963465120577,0.3461538461538461,0,5
0.23026702241622621,-0.88886484457984039,-0.39610148504849524,0.97265870716309433,0.2228597226342105,0.065334396815325088,0.030201618621934958,-0.40031591536867583,0.91587937531923724,5.0501042425867029,17.410957828936265,-0.55387362596098777,0.3019075954621854,0.3409834560181688,0.7564102564102564,1,5
-0.90207189066182836,0.32169410162303436,-0.28771376237285456,-0.33321048682755866,-0.9428052397028085,-0.0094367079572715302,-0.27429377598832944,0.087356653838607967,0.95766995331595617,-14.949259337307064,0.63801908762547155,-6.5867686318094405,0.2781509547814638,0.1722735880981146,0.8141361256544503,1,5
-0.13174402771479465,-0.90785207833029413,-0.39805541703743991,0.98610373446266786,-0.16102298311715263,0.040878157820945414,-0.10120739123336983,-0.38713848010682156,0.9164501411317022,4.9191219864220752,14.761809364870167,-0.40021940755028296,,0.1255989286416823,0.4,0,4
-0.47744848719340599,0.83922075501525739,-0.26029111861212167,-0.86461804141172127,-0.50147909699006177,-0.030892681129852963,-0.15645633429838066,0.21030273330048219,0.96503584173037815,24.570172184663612,3.6951345074092585,5.9190006921221556,,0.2094860425653764,0.75,0,4
-0.93613063625990822,-0.16133618574495279,-0.31245810443144051,0.16855694510445043,-0.98568399060423462,0.0039530903816468324,-0.30862272779669697,-0.04896637454192701,0.94992331587952139,-4.354725447042151,-20.308854482685991,-1.7867083898101794,0.3120976509866477,0.1854349361248559,0.8529411764705882,1,5
0.73613933820388477,-0.54813883346732883,-0.39704243349272111,0.63454813428426793,0.76301674406724651,0.12310204526883897,0.23547301336904877,-0.34256279354023972,0.90950711512159477,-16.420918009130752,2.2791454354743554,-7.1337195936459317,0.6396472309320487,0.4787094469255117,0.9544513457556936,1,5
0.92930785872114308,0.24917354812790052,-0.27257924835261715,-0.20112480528419857,0.96049952193220745,0.1923264960097672,0.30973491314108925,-0.12390807593274389,0.94271473537869788,6.2002333098992013,10.772075361505459,0.24667948467110154,,0.2100604177986946,0.3880597014925373,0,7
0.95578285190144097,0.064541629395227146,-0.28690332533129598,-0.034746067356599679,0.9935694970860014,0.10776068514777881,0.29201344286590109,-0.093027052706603719,0.95187925528941109,-29.883296447830158,11.538175693109784,-12.239386935730568,0.699738942699465,0.6344205044376783,0.625,1,4
-0.045996628987083753,-0.84036183709818257,-0.54007063692705204,0.99674220091568455,-0.074466059872907261,0.030980491293089173,-0.066251754962273757,-0.53688619713675978,0.84104929480289481,5.3090142278798584,13.175516044648164,-0.27228518470365676,0.648374894738695,0.4325031102770314,0.2,1,4
-0.88326613691202072,-0.34731956209261244,-0.31497627398315675,0.36028952990697594,-0.93266490597386054,0.018100491821524109,-0.30005397185161031,-0.097495102197837122,0.94892693028678843,9.5155052236170761,11.059432074907006,1.1625564534101782,0.3109388510472301,0.3010211753261595,0.7560975609756098,1,5
0.95104578991657995,-0.0014877120257336938,-0.30904642401244203,0.036516415747393241,0.99352436527009691,0.10759129609599186,0.30688508739088827,-0.11360951688824468,0.9449414906805117,23.476763666345189,4.4142796238116153,5.5374811991884805,0.3777369847635262,0.3844730815812048,0.9230769230769231,1,5
-0.45916378618879505,-0.81950072748181946,-0.34290986440978788,0.86796873921478768,-0.49607173755669765,0.023304483331973408,-0.18920593330723523,-0.28693446787419491,0.93907919045578392,-4.1185906920873681,13.826586606104874,-3.3619429144393487,,0.09505880686549716,0.36,0,5
-0.69042491769976333,-0.65149183006944922,-0.31443891039760669,0.67750197453783578,-0.7347051062467882,0.034633529306555347,-0.25358333446148973,-0.18912113104477341,0.9486457137813552,-3.4066396328094326,-5.174941014402517,-2.2679577970020097,0.2668533868067731,0.2674251690306594,0.7102473498233216,1,1
-0.91725089040015872,0.28401540497236805,-0.27925983205341087,-0.25431546096855245,-0.95719897898737083,-0.13818017563271828,-0.30655252465518873,-0.055725796216097419,0.95022112440400597,13.941746882196721,13.720749276810826,2.3255195398279902,,0.5461812821389835,0.3,0,3
0.50384603447876908,-0.70399752135158911,-0.50052638638820879,0.85539444488332983,0.48725410269628899,0.17573782480836203,0.12016454220259598,-0.51669229657161853,0.84769661640281868,19.46236461466388,-5.6141993345378332,4.9643992861901838,,0.4116989622678653,0.4571428571428571,0,2
0.65866684523285368,0.70561878443835802,-0.26126637372370343,-0.7012885217539846,0.70153106512008345,0.12668296620931932,0.272676358064117,0.09978123931488754,0.95691760775610879,-7.2746770752956991,14.938205020788907,-4.4433712387927446,,0.2427973098815099,0.4705882352941176,0,4
0.94249464727009402,0.19873707489126247,-0.26871437425431166,-0.15122925336329202,0.97057317786532504,0.1873964229530162,0.29804958110086766,-0.13598265136431664,0.944814884373404,17.040943192205997,0.52858662993109073,3.9179334194134285,0.4414758015681725,0.4255497027293513,0.3943661971830986,1,3
0.93951964690803302,-0.14075978278868972,-0.31223311263075071,0.18798471314431145,0.97398312843758872,0.12656465992914032,0.28629456980155432,-0.17760503671970826,0.94153697231385181,-8.1791155948506091,12.366481722762968,-4.6724065812049771,,0.1547796421040303,0.4186046511627907,1,5
-0.18483415606646994,-0.84015737112189792,-0.50987442228526836,0.97584357648213771,-0.21838529866595147,0.0060971768165206421,-0.11647166603833117,-0.49643071326835081,0.86022723621966946,6.4228007920661971,-16.069651328559225,1.6372991826665066,,0.7096718070870565,0.4216867469879518,0,5
0.64084195174216929,-0.69218991219150849,-0.33195589819673371,0.74963614709708826,0.6574381045284301,0.076294073685302111,0.16543046833253128,-0.29773858361720251,0.94020449689038543,-6.622270060297466,10.931718083678746,-4.0353677884603245,,0.08758365990720322,0.4923076923076923,0,5
0.93836432487385191,0.13146256956178573,-0.31967168565303689,-0.095683451083943535,0.98750250064363798,0.12523373511649766,0.33214013758157551,-0.086927579206918959,0.93921590967174218,-13.98332299923209,29.253907026867815,-7.42459502589218,0.5855600522380064,0.4156428002753145,0.9411764705882353,1,3
-0.81697295617960408,0.51947189423291618,-0.25040794710476882,-0.51986200180609221,-0.85137042906092864,-0.070084888519367311,-0.24959705116311193,0.072920118092853772,0.96560031505173116,-38.984711255536411,-3.8257138770716712,-15.284566090514176,,0.4267645956376833,0.5806451612903226,0,3
0.34309898013870588,0.9031289887342131,-0.25814941320037327,-0.9268684709374605,0.37008563489206292,0.062860642922198492,0.1523086583547813,0.217703129408963,0.96405778874282766,6.4674348001076876,4.5143373407745946,0.58093309399108239,0.4229210866834562,0.3820709566076596,0.8481012658227848,1,3
-0.65852421996702615,-0.67853350487983066,-0.32548138882632233,0.7097570532747095,-0.70375847435385674,0.031127722401933979,-0.25018148821129776,-0.21051435231504689,0.94503594134072788,-8.0288962167833127,18.065368281267265,-4.8520026524066227,,0.07578669692847027,0.2380952380952381,0,3
-0.92482092222961187,0.24501793011061582,-0.29098535312052964,-0.25885578533217796,-0.96587009056523743,0.0094154421861670293,-0.27874709721615276,0.0840308400279864,0.95668117662978991,-20.922978951481639,-1.2772854381549266,-8.8561831502652737,0.1411655476424017,0.1113037507760202,0.3392857142857143,1,4
0.95230295428140188,0.026497717500317156,-0.30400156946007073,0.0051033531097172602,0.9947005504112838,0.10268773441129679,0.30511151904500483,-0.099341260203204967,0.94712104557299714,1.5346376592710014,-4.880890279255941,-0.62820475469814108,,0.1501700541701785,0.1090909090909091,1,2
0.88873605266494426,-0.30210815982336886,-0.34478817912114101,0.39148480122361512,0.89150183527369242,0.22795641713833178,0.23851180076558201,-0.33757241811465644,0.91058057492117839,5.0689155206789698,7.3974836845179208,0.028959402191485722,,0.4798392224277256,0.2325581395348837,0,3
-0.94639100391268449,0.18896605845747397,-0.26198453478056316,-0.11094191925322124,-0.95184861149091149,-0.285790327609658,-0.30337428741663869,-0.24140432795182121,0.92178522020076703,11.850240410633171,4.5778747685607035,2.1756962460867446,,0.3691824400145329,0.2105263157894737,0,2
-0.83607303208041306,0.47334627643645416,-0.27735390318437725,-0.49317453771077846,-0.86992810290134415,0.0019927709925148798,-0.24033468410037084,0.13844998507118902,0.96076575774335482,-5.8086276487547739,10.002387739128245,-3.6856665022980786,,0.1036374469292972,0.325,0,5
0.89614784285214977,-0.30416829348064484,-0.32311096080528201,0.35073381241844209,0.93156093116797034,0.095812443596278427,0.27185444005545539,-0.19918805376462043,0.94149842414079421,-17.710189566554114,16.894078859298002,-8.1261345507292884,0.2529117115347116,0.2386078623723048,0.8461538461538461,1,5
-0.94427722834902372,0.1290343883649496,-0.30280462783908596,-0.13384445395953862,-0.99099020871244425,-0.0049059535604316119,-0.30070945805836719,0.035896139839090388,0.95304002485671813,0.96292783680752547,-23.054135515189298,0.16217933287752867,,0.09706939836348084,0.4666666666666667,0,3
-0.42696737601175505,0.8707597178284624,-0.2438777842053961,-0.89797012633393414,-0.44005548326320199,0.00090766833613686621,-0.10652939516140811,0.21938250946072865,0.96980554881339909,14.63339224413965,-10.765438629904347,3.9128103635050882,0.5751297725006086,0.4660979567425653,0.9259259259259259,1,5
0.46468590058412901,0.87535758598640312,-0.1334770034664205,-0.85994806362631326,0.48206688147962234,0.16763308040439648,0.21108373140455905,0.036886561734182186,0.97677174401175193,17.411897546333861,-6.5937443581553845,4.4700210419170219,0.8329468463800483,0.5902051714848244,0.2608695652173913,1,4
0.93180615924745691,-0.14863419957069676,-0.33112709992762657,0.21685857295266397,0.95955232971581861,0.17953185197584748,0.29104920705172199,-0.2390966358084568,0.92634937136030959,1.1446748141269047,-18.321488151422574,-0.029026385386749089,,0.2303789010172391,0.5166666666666667,0,5
-0.7924410830461539,-0.45485616325412787,-0.40637790374277638,0.52992866919644366,-0.84331112294105726,-0.089453649939951183,-0.30201446234298945,-0.28623804896209643,0.90931570087733993,11.403380028042845,18.749887923480152,1.3467163852894211,,0.3814036317819341,0.4285714285714285,0,5
0.77494947287955007,-0.45870326035520614,-0.43479263266896684,0.59237851639242967,0.76696698397198049,0.24667658748577501,0.22032023919833352,-0.44872370612262896,0.86608661677869225,-35.964279342694866,-1.4961619044130168,-14.2594832772964,,0.250707278839264,0.4444444444444444,0,1
-0.88649970940212541,-0.30094385146466079,-0.35149831222292305,0.35148849527288034,-0.93199764798504903,-0.088522436936309137,-0.30095531714982821,-0.20202272747379829,0.93199394561514937,-26.201069009410968,12.787879701378976,-11.003361078661571,,0.7054836209349539,0.1304347826086956,0,1
0.13979766623430351,-0.92169668258437343,-0.36184504670977941,0.99011902144661956,0.12606231460554285,0.061421626532362307,-0.010997085297029129,-0.36685626360913232,0.93021263481298544,-29.470966202353587,-10.584392089698971,-11.576166489642279,0.5008591030432628,0.5901007455474984,1,1,2
0.92075638579106389,-0.17075641427672036,-0.3507847274445321,0.26847008444345188,0.92970759287759619,0.25212616981319447,0.28307506386805498,-0.32632198627904779,0.90187719202061756,1.9339580647713561,-9.0475773399441231,-0.25127347870016081,,0.1096206876410079,0.4,0,5
0.75962243765599313,-0.55153608624228045,-0.34464720770973067,0.6123399359077627,0.78507122610046454,0.093289725273415849,0.21911995596486247,-0.281906217600216,0.93408529020443098,-5.3835257529576159,-18.984366055297276,-2.1879063005324855,0.1592112032148196,0.1330115388110409,0.62,1,5
-0.96060671848742296,0.084953846802419838,-0.26460834512595566,-0.072775766365549596,-0.99580236590608895,-0.055509781892416662,-0.26821338562184543,-0.03406599432436571,0.96275702428180732,0.85373787930806722,16.876990288191084,-1.8349900060679629,,0.4014885546930875,0.1818181818181818,0,2
-0.93440193429413676,0.19685021065647262,-0.29688890136190305,-0.16167448174815507,-0.97701137762392798,-0.13896089358110522,-0.31741831569529966,-0.081845968488961598,0.94474697686907816,2.4730433638640963,20.93055025674737,-1.5675736489733219,,0.3884651631490148,0.1333333333333333,0,4
0.94769626031388343,0.011293175663366035,-0.31897376439217817,0.11301050598933755,0.92275977837122514,0.36843319198508873,0.29849694089406398,-0.38521014473105952,0.87321974363453458,-0.80562521530624653,19.900578733692562,-2.591068355251156,,0.1483626151605332,0.4444444444444444,0,1
0.46522907215880993,0.87593752310696538,-0.12765330403670397,-0.86580650905498124,0.4802988329777807,0.14032861403936203,0.18423083155725883,0.045238110630488645,0.98184138945672106,-9.9435864827741209,1.1593903589634895,-4.7382625529767139,,0.3403338550460533,0.3574193548387097,0,3
-0.84457170227063916,0.48773322073615305,-0.22094104443044002,-0.48263602009416884,-0.87213018402346132,-0.080320696105449799,-0.23186442554073619,0.038797519322013911,0.97197409464610862,-15.162418835607355,18.671753926992125,-7.3774980264824661,,0.4185089793137327,0.175,0,2
-0.76575118500788186,0.58078791424089493,-0.27624359056951053,-0.60551305520962706,-0.79581755416977018,0.0053254526518811277,-0.21674654006402863,0.17134707218670295,0.96107289953640718,-18.63193749429708,26.553226544046659,-8.8643636992713581,,0.1162190291965114,0.2,0,1
-0.59584973022245968,0.77013914321821786,-0.22770331371530741,-0.78299430675844406,-0.62013524452463231,-0.048499423524802306,-0.17855815460987995,0.14939202984591929,0.97252198270313173,-8.9105806515829045,27.543044026887987,-5.633608876174578,0.2809599918546089,0.3329596356876856,0.5384615384615384,1,4
0.56946433394249985,0.81996511652363646,-0.058030854308770488,-0.79711953190258789,0.56808197062154531,0.20465416319767937,0.20077555684601026,-0.070285719311411948,0.9771126308845125,0.16378487349769841,13.771876109615715,-1.8929062859140828,,0.2110421809851855,0.4166666666666667,0,2
0.43390472410347708,-0.83526179552474877,-0.33773424957717674,0.8957709621481762,0.44011824004739397,0.062372414974212607,0.096545708205058756,-0.32959621920519305,0.93917264574348969,-0.18908210334232697,-9.0475215836715392,-0.94474439098652563,,0.09134543809760864,0.3116883116883117,0,1
-0.85381503009031756,-0.34295256884517161,-0.39164196648771998,0.42948378133028609,-0.88920689419183185,-0.1576539910562218,-0.29418289543430193,-0.30281121981230175,0.90651077720547635,-6.5562987258293459,-15.081760952752377,-2.8022755200332519,,0.5022783815698195,0.1686746987951807,0,1
0.65913618011560693,0.71738271405153009,-0.2256136911684829,-0.70818375154665802,0.69305469231285,0.13472552656583894,0.25301239121416225,0.070973481267314509,0.96485620423402507,25.371144135149642,-5.4457273770912975,6.6272438423908193,,0.3469222097319456,0.4,0,4
0.5484321137032947,-0.65453840625862036,-0.52038609838403593,0.82497456842255057,0.52513624688665927,0.20892315252699409,0.13652537535183926,-0.54388546306940089,0.8279791210814561,2.6784422715940921,-6.3558935916754766,-0.068123682054613985,,0.4048174470476866,0.3389830508474576,1,3
-0.16988685039399293,0.94774488891967501,-0.27003348605282518,-0.98544476926648117,-0.16507414670953383,0.040609516291750615,-0.0060880857861639725,0.27300210917637902,0.96199417025089506,21.150186955096778,3.6080589072813982,4.940172894315654,0.1920955042289897,0.1713877009475105,0.625,1,4
0.046553222410962672,-0.91104141397091376,-0.40967833664111858,0.99682460514078264,0.01584526737320258,0.078036107589977435,-0.064602663018472034,-0.41201027842973759,0.90888614600464235,18.961443490710394,-4.3011234006959906,4.7512772218383246,,0.417459185039299,0.3870967741935484,0,2
-0.0017318492416416758,0.97987758637359135,-0.19959187463639375,-0.99889676183920806,0.0076713907183391661,0.046329353023664949,0.046928241873620373,0.19945191271861046,0.9787832623352013,-4.1164188165315974,2.8528952014277205,-2.7007890067962936,0.2743787755911322,0.1927066121679893,0.2881720430107527,1,1
0.64126851847175015,0.74396968559736876,-0.1878398097560797,-0.72237757431272576,0.66788930117063539,0.17914943904981537,0.2587379511148491,0.020808370766440487,0.96572339950885377,-5.5805865213119263,16.499299315239856,-3.9617757530356128,,0.1962867918091458,0.3684210526315789,0,3
0.89846048074763241,0.37026020746907817,-0.23595792696938472,-0.31757168698157329,0.91914272004657505,0.23307699117043218,0.30317814591822395,-0.13447690861385572,0.94339756883683434,10.550082989013433,2.6184984405696414,1.8834088501720139,,0.5097104115388426,0.352112676056338,0,1
0.7830538187272098,-0.47662553819388587,-0.39956828367392028,0.58043221868819106,0.7908197390893078,0.19417152153552933,0.22343937988957477,-0.38396905683675497,0.89590323523606874,9.5606678471998343,-21.562746897661381,2.9602480832506135,,0.1457335419383142,0.5,0,2
0.034014991295953742,-0.93464496744062764,-0.35395164246694105,0.99646159462744077,0.0044803429944209007,0.083929833546784266,-0.076858771780940943,-0.35555409063117444,0.93149021349435801,-27.040229846372064,8.3086987188713799,-11.13966801966791,,0.1485253158735382,0.2666666666666667,0,3
0.71139793689871778,0.64811447237602782,-0.27177307827117653,-0.65282409522467788,0.752615725657936,0.085966680676054563,0.26025694240563219,0.11626349465383028,0.95851401854148699,26.842591460034342,-15.262803196738643,7.7962684869695869,0.655209969541561,0.6046214600234241,0.8,1,4
-0.66588291530765265,-0.62039713755089387,-0.41437583764022579,0.70025216346478203,-0.71134833704925993,-0.060253223483431345,-0.25738463564143371,-0.3302891689049301,0.90810914225098349,21.845623840743087,-4.5569765159298248,5.5971162253531457,,0.4900757365427417,0.5,0,3
0.8868294114627544,-0.23549734023918278,-0.39758596266077473,0.37757427818539246,0.86531340338364127,0.32965190485935142,0.26640431568839895,-0.44246323764228107,0.85630311450893692,2.3430882306005403,-17.243798254446599,0.29803886282042458,,0.2739728658038215,0.2777777777777778,0,1
-0.096331723542150666,-0.86797791404349234,-0.48716992905156553,0.98968660701781419,-0.13566099901531806,0.046005578311034377,-0.10602178516213309,-0.47771375747289768,0.87209457456869943,24.364293359662685,-6.5879247674770305,6.4722041569763071,,0.539700366933443,0.2894736842105263,0,4
-0.61511895678160222,-0.67723175432963745,-0.40371502317292379,0.75321036757411208,-0.65609667255219528,-0.04702444518340964,-0.23302963585514938,-0.33300796866372173,0.91367547937967442,-2.9980639015026873,-4.7094388150711071,-2.1181885611884965,0.7463673752492692,0.5498107487887779,0.6602409638554216,1,4
-0.70485592891217175,0.69631752609275765,-0.1353514770271167,-0.68590053451879041,-0.71768851657055632,-0.12026491562210602,-0.18088276928496413,0.0080682116244435737,0.98347156935876212,-5.8548426131389171,8.415591653740794,-3.63913588314777,,0.2074476308063045,0.1363636363636364,0,2
-0.94005362570221462,0.13804563530902342,-0.31183743100572192,-0.11531062590752252,-0.98921656182280837,-0.090299797166307649,-0.32094024421523637,-0.048928482375698377,0.94583474415749547,7.962164164235527,16.228905034164629,0.45520731582038815,,0.1625011836590655,0.4,0,3
-0.19815104182446963,-0.85813392235820629,-0.47364790290045344,0.9732271546515745,-0.2296708128339191,0.0089567394182811372,-0.11646918078477822,-0.4591922135994107,0.88066874640638615,-23.810795636529864,12.795555675112189,-10.11215599142063,,0.574857408688786,0.131578947368421,0,3
0.55874973215814905,-0.75123264731056694,-0.3513520263609628,0.81771491774635963,0.56971121841597727,0.082288765369564337,0.13835118397853069,-0.33328461894564021,0.93262013310136027,18.774055442231756,-16.21343392861478,5.4548993965326487,0.2564068998924569,0.1963421829697593,0.6086956521739131,1,4
0.29877331783034172,-0.85393938480865039,-0.42605402430357697,0.95313403916787753,0.28930095578409554,0.088546374075593473,0.047644600241536168,-0.43254188705260899,0.90035410145830519,11.659448335491119,-11.482976582536567,3.0607905860898899,,0.1796660751198785,0.3809523809523809,0,4
0.912729167393456,0.34264562648110086,-0.2225296421662129,-0.26603502936878348,0.91180174801364799,0.31279855413349711,0.31008197325545916,-0.22629968398703038,0.92338378959637957,8.4085201475174784,-17.567206501003678,2.3421163716352016,,0.4488631749509886,0.36,0,2
0.1229913348662412,-0.87143632139402039,-0.47483878243365707,0.99237757876572485,0.10426517582518818,0.065692573957942188,-0.0077377458537502266,-0.47929897857746401,0.87761757982831157,4.1052786359281708,20.338170911320208,-1.0440462140743851,,0.4558606125576458,0.25,0,1
0.44741088339376678,-0.71888003241749632,-0.53201033863283986,0.88858224693018661,0.42465365537168065,0.17346718254462573,0.10121804118490876,-0.55034604747457727,0.8287787015650202,-6.8169236966850733,-4.9715936134376424,-3.3321481517956681,,0.4750457835412785,0.2840466926070039,0,1
-0.85361290602910611,0.43362173235755647,-0.28864718929478134,-0.45587840273032021,-0.88997160438242684,0.011199344490732323,-0.25203152299781401,0.14114792460465622,0.95737003023658607,11.592262837796222,-3.0780319636770579,2.5349265411249844,,0.1034153822375672,0.1666666666666667,0,1
-0.044676403357735164,-0.92582710440415206,-0.37529747099286481,0.99707988329195274,-0.064614195788717715,0.040702727636891117,-0.061933232739157303,-0.37238310709966482,0.92601031108151111,10.094643640265909,24.120766414234762,0.69292401584133534,,0.08216234298343406,0.375,0,2
0.26334390634171623,0.94080421947470028,-0.21339495685532811,-0.95324516941394499,0.28776009365143307,0.092291795359605674,0.14823506326664515,0.17911322988634962,0.97259694472994063,12.290220182265783,35.43895168685011,0.81565713068397039,0.6143669250047241,0.5424659074000638,0.5789473684210527,1,3
-0.082323571091961631,-0.83770467978103991,-0.53988304207079096,0.99310897418811439,-0.114294393393138,0.02591055819399541,-0.083411000651571962,-0.5340296444129663,0.84134115782984464,12.033880335027954,6.6647171511855339,2.122426028588603,,0.4768862162178749,0.3333333333333333,0,2
-0.55145023816576433,-0.66187007252681451,-0.50777026490359889,0.8105567145738497,-0.56903410350496342,-0.13855685297937795,-0.19723196314534905,-0.48798380725353135,0.85027722336434486,20.037490377495391,-21.643757849531418,6.292634869796836,,0.4955670922016072,0.3181818181818182,0,2
0.86276592483898917,0.4685052103736681,-0.19009951811997891,-0.43540584699374257,0.87959005725567263,0.19168484442079314,0.25701499438823561,-0.082608710374191707,0.96287023717109854,21.400926304036862,-26.669801047465295,6.9517487477860831,,0.266320873071827,0.2666666666666667,0,2
0.82042416756266245,-0.3522451416972277,-0.45036379231662621,0.51970243614965406,0.7878024637838178,0.33057019816713945,0.23835595889179687,-0.50526293967284697,0.82939483881558229,3.6157522411247198,-15.759590633084448,0.69365200524183501,,0.4076877646142432,0.3888888888888889,0,1
-0.9077520829784661,-0.19913008511670222,-0.36923348311017462,0.2882785080040341,-0.9355216156945243,-0.20419306646229607,-0.30476492198286981,-0.29179875902704355,0.90662661915424347,11.428657329020904,10.33725678187926,1.7705450632212114,,0.6966452465910802,0.3939393939393939,0,1
-0.37216552148703297,-0.86610549380671709,-0.33369761493619721,0.91380435512900993,-0.40490884910197078,0.031787174554694125,-0.16264816372630192,-0.29310424343011338,0.94214408522248982,25.874300862219954,-14.650411799490326,7.4605824688530982,,0.1144591838194676,0.5333333333333333,0,2
-0.87674106687027775,-0.32388680028508132,-0.35555933719178179,0.37670818937149309,-0.92204897456050139,-0.088975438028585707,-0.29902515232605176,-0.21195053459007684,0.93040901175953905,-36.818073675141143,-6.9441407197656169,-14.380853384936886,,0.1659534891372069,0.3333333333333333,0,1
0.1694946896148419,0.98551399424743646,0.0058066629687283959,-0.98034736248296483,0.16799673590703698,0.1034221716909654,0.10094849709164878,-0.023222055616273496,0.99462059955939586,15.856049631825469,-15.130147653692418,4.4548917958763896,,0.3653161474200907,0.2608695652173913,0,1
0.72622352660011591,-0.59411902593872168,-0.34586409531796575,0.65930606594883778,0.74441929189488443,0.10561926556166093,0.19471748975260778,-0.3047334915501454,0.9323210811260787,-21.225612414916913,28.040109805275904,-9.7848742256906753,,0.3429289556314912,0.8,0,2
0.94102226988040349,-0.072396067986408158,-0.33050854289902903,0.16789651139854633,0.94800081194290908,0.27037977368098687,0.29374793454478904,-0.30992461969919599,0.90424492315687244,6.2940460615343863,27.50159883221038,-0.63735031097032524,,0.350836193496399,0.25,0,1
-0.71104017844208423,-0.62037064283930865,-0.33100170716205296,0.65482556927455104,-0.75571752359750488,0.0097210262789458306,-0.25617442976478039,-0.20983634106321755,0.94358008218904876,17.997397438572889,-27.710231260645706,5.9459936945850043,,0.1292079014558727,0.1538461538461539,0,2
-0.34493065033174297,-0.86962827158257416,-0.353227286213884,0.93102861793864555,-0.36477744439034065,-0.011096334678932502,-0.11919966040629414,-0.33269217803903373,0.93547172893180885,20.053975945138436,-28.990990505774807,6.6487883710919364,,0.1667637658171244,0.6176470588235294,0,2
-0.52640690058397732,-0.77093234647502651,-0.35855138010622734,0.82411880043688579,-0.56636293259508963,0.0078250462464044789,-0.20910279238699578,-0.29136977492663779,0.93347719654802574,20.525545113305483,-30.207047114041909,6.9032915463039233,,0.1594521911273652,0.3333333333333333,0,2
0.85304747628430511,-0.41059030877761576,-0.32206459219057132,0.45902110169084737,0.88397086324893137,0.088854606686758278,0.2482128751847848,-0.22363164191330331,0.94253872988204646,21.278309470271218,5.6931283075773216,4.8671603317327952,0.1970908763783177,0.2446136307846015,0.2666666666666667,1,2
-0.89377827558077061,0.35214707564248893,-0.27776398473579444,-0.36532048929849609,-0.930870263388059,-0.004636036944638636,-0.26019480048335092,0.097329285707272589,0.96063816077914621,18.416174940187979,-29.295970265635411,6.2201028624158079,,0.2254430208882079,0.375,0,2
-0.66219450174033723,-0.58789212129032109,-0.46463027838232157,0.70781075778205349,-0.69427823956433277,-0.13031368782843342,-0.24597230135294157,-0.41516331701177273,0.87586360078206271,3.7854349802688301,19.382892778626761,-1.0543898577517836,,0.4210849711435887,0.4482758620689655,0,1
0.18942034210429212,-0.92347478758057022,-0.33363790357229239,0.98179534931667112,0.18299912275038152,0.050884311263360578,0.014065065134890375,-0.33720266573028768,0.94132700809396697,-0.0086760884817730765,-5.4838183962971598,-1.0123471386178398,0.1729115616472311,0.09017532281511995,0.354066985645933,1,1
0.78702651887837438,-0.48933086701459583,-0.37569210953776039,0.57440677288699105,0.80339052458952454,0.15690928672746468,0.22504692364869427,-0.33929186195149608,0.91336461206341157,-20.9548316448927,14.210095113689452,-9.1800721047270368,,0.7914216468739341,0.3188405797101449,0,1
