axis_00,axis_01,axis_02,axis_10,axis_11,axis_12,axis_20,axis_21,axis_22,location_x,location_y,location_z,dbh,dbh_approximation,score,reconstructed,number_clusters
0.95096639879444123,0.22450796651237967,-0.21274181849464482,-0.20948845872089422,0.9735683894194902,0.090989981788571858,0.22754668537835551,-0.041961459645926548,0.97286265314159703,-21.778018085594141,7.2116314209159418,-7.8849923382404405,,0.07275208776206504,0.2173913043478261,0,1
0.68575179071523185,-0.66442611458969214,-0.29712357661770522,0.72723845468074999,0.6420266375336362,0.24274683670607763,0.029473913286275431,-0.38254376867032819,0.92346713719931306,6.1493135766167137,29.356252799297902,-4.0215735342850758,,0.7167386085680728,0.4117647058823529,0,2
-0.3088366372516157,0.94915050639177234,-0.061100308570069511,-0.950471942230385,-0.31035238166065532,-0.016866719608752492,-0.034971681742737452,0.052865067992036836,0.99798911119424727,-9.19887408251906,-7.7508860551946537,-3.9748186436794835,,0.5064415806197962,0.1948051948051948,0,4
-0.85988480786774435,-0.45728084012775394,-0.22691925976062333,0.46274387480578971,-0.88592259072858559,0.031769003233910187,-0.21556025498216791,-0.077687814287751678,0.97339528454950708,2.8371486553894498,-6.667723512513053,-1.4956545959133416,1.09220543858346,0.7375540419889456,0.99185667752443,1,5
0.3364028268657554,-0.87911916620465724,-0.33761313613121696,0.9414841049211633,0.32195594786635046,0.099759950953651408,0.020995672352265612,-0.35141693078892328,0.93598361230171567,-18.515662499444542,19.516789521909796,-8.3658673927145664,0.274948967087454,0.2010454679334701,0.4285714285714285,1,5
-0.29924831089334303,-0.91755289518834726,-0.26181507397199955,0.94684077069125272,-0.31950684568788301,0.037522400181418551,-0.1180804953592097,-0.23666867154328178,0.9643883743210836,-6.8675792902488366,-8.9227977614603127,-3.3919422404590343,,0.0710034976735455,0.2692307692307692,0,5
0.9575741193182925,0.23925834263625137,-0.16064635536092928,-0.20397355321292551,0.95647501717844086,0.20868716084894851,0.20358436973768299,-0.16706581634929174,0.96469809650794613,-4.6029150811714867,-11.129694345401683,-2.6925802462445807,,0.5162229433373048,0.632183908045977,0,2
-0.0082070853737870649,0.98661278316105849,-0.16287375434015589,-0.99877379571374236,-0.00013553814861073119,0.04950643013765605,0.048821601215360819,0.16308034134315622,0.98540410671062673,-3.7025527333061841,-8.009054386314979,-2.7465756634567828,,0.07769698218034551,0.3,0,6
-0.96993837114200421,0.10620579221591339,-0.21895178895406434,-0.10933416092477173,-0.99400264790558757,0.0021856833155291353,-0.21740652575594652,0.026058888243166919,0.97573323039766269,-4.8696049485211068,-7.4367888575140535,-3.0731355580302493,,0.06927706649036017,0.3541666666666667,0,4
0.39489128952051089,0.90874649500667526,-0.13505805149605637,-0.90856030247353226,0.40808842239763832,0.089342130454850663,0.13630497507439923,0.087427955014917111,0.98680155373402101,2.2339350389661785,-7.7267665965523324,-1.5386511747107485,,0.1140770447749986,0.4150943396226415,0,5
0.78674435443835267,0.61076454398146762,-0.089442677590121478,-0.58072324821975219,0.78146499498901933,0.22819502751793971,0.20926975351560159,-0.12758970735103614,0.9694983428771794,-30.266088020053566,10.86380731060836,-9.9912218783102844,,0.5491425749662781,0.2,0,1
-0.89587356518702377,0.40199966559774658,-0.18922691155962448,-0.40334040350055234,-0.91445050479913947,-0.033117867935806275,-0.18635201663278489,0.046653436442578411,0.98137474125075952,-1.5531076685815375,12.219562867617331,-4.1346043539630992,0.2868629810552005,0.2404609508349799,0.660377358490566,1,5
-0.97230910406288251,0.12437212320737986,-0.1978549497114572,-0.11165307636517294,-0.99097059310351832,-0.074235262121544493,-0.20530123403094239,-0.050088507393911352,0.97741625970331714,-6.7354384226824466,-11.783896985364473,-3.1549608077830129,,0.2441163785724025,0.34375,0,4
0.96399886494921982,0.13319381153309168,-0.23014255787642343,-0.10307524702669978,0.98500951932577019,0.13831753427530596,0.24511564990224607,-0.10961594503950089,0.9632770436204201,10.118744907894406,7.8057336524327825,-1.2002098396359335,,0.5691000329268228,0.6060606060606061,0,2
-0.92167261510730336,-0.25613807688621992,-0.29139814023135574,0.31653503569607472,-0.93075116235126643,-0.18305148171662111,-0.22433270322926341,-0.26095125857292689,0.93892453312875768,-3.1540920099252219,-12.146668613741964,-2.3003461315975073,,0.4312777030001256,0.2380952380952381,0,4
-0.96829627979069022,0.13698606178586931,-0.20889502966778856,-0.13804231455471647,-0.99037994489639225,-0.0095856214923803092,-0.20819854450952585,0.019554631763764145,0.9778910892531425,-2.1086115092015802,-12.020275483610694,-2.105014189435479,,0.0779357296080754,0.4333333333333333,0,5
0.86475697817303865,-0.42504754572136294,-0.26745084142189574,0.47153762480560218,0.87045914622160647,0.1412555951169456,0.17276468705648537,-0.24826489609970467,0.95316153104858192,-16.909485684574896,-5.4191948541001036,-5.8050869437996413,,0.4328383548840739,0.3454545454545455,0,1
-0.47995756206778306,-0.83078334217874028,-0.28185062883071926,0.86367898052796521,-0.50383737140486951,0.0143708653186329,-0.15394595547829351,-0.23653105828654603,0.95935066647067135,-19.860344315708879,6.7667057226793341,-7.4302779888068384,,0.1076071962549499,0.3225806451612903,0,1
0.089947055153753314,0.98722776349802044,-0.13149475368951011,-0.9932076097661594,0.098699458112418106,0.061620295933305341,0.0738117278741037,0.12505902585184453,0.98939985288114318,-6.1531604729298897,6.7004655453256197,-4.5853043171190544,,0.2397236806819722,0.5217391304347826,0,5
-0.089570765966547519,0.98626916075930982,-0.13874516358883301,-0.9954849533429283,-0.084259607571816747,0.043703846508869403,0.031413142981773737,0.14203330970927028,0.98936330707229914,-21.407316061559506,-16.37926620924911,-6.054536966424056,,0.5546466756184623,0.875,0,2
0.30769441789365037,-0.8939471834498629,-0.32585668383377553,0.95134287248220062,0.29496831299622617,0.089109108992719427,0.016458559305225016,-0.33741980903648483,0.94121038471501106,5.45437563912773,21.825446077770774,-3.6567508807724116,,0.3600692083594614,0.125,0,2
-0.60834768008900941,0.78473766950738133,-0.11874295847099341,-0.78504268048752146,-0.61696219717304168,-0.055368195495072617,-0.11670942525472371,0.059535177126944894,0.99138008490244323,1.1151007545739196,16.24836033457585,-4.0116829805303018,0.5014606314229106,0.4912555144240608,0.7215189873417721,1,5
-0.72924193970407813,0.68396632388260126,-0.01990630983263458,-0.67148882703925605,-0.72092612813726697,-0.1713717390074922,-0.13156347721946521,-0.1116045947240889,0.98500531262445157,6.1593442066915696,9.148983014077368,-2.218548207737733,,0.4689601097895661,0.5925925925925926,0,1
-0.94976655087993178,-0.21131319340543034,-0.23084677412179153,0.21534559889194849,-0.97650605559843828,0.0078864705317765946,-0.22708978811806166,-0.0422215309099499,0.97295815452675793,-16.030149596343236,9.863751721981858,-6.9299028537989269,,0.2535520697633425,0.6666666666666666,1,5
0.44454679359506077,-0.80917010423214308,-0.38421594282550731,0.88872891580093727,0.45204611790527283,0.076257599661039066,0.11197795552536875,-0.3753638897173186,0.92008852170464739,-9.885346372691485,-9.1184975954096732,-4.0356511741844887,,0.3634821999617922,0.225,0,4
0.85100019179362563,-0.45660586362139782,-0.25944124358661513,0.49390591915282572,0.86375793443039939,0.099895814398461208,0.17848141806085657,-0.21315092309227027,0.96057850662603217,-1.2739137857881175,7.2999846163298212,-3.6111833242779334,0.1720304854460042,0.1248727695442406,0.5506329113924051,1,5
0.3067186830393589,0.94790625393406736,-0.086008041643118371,-0.92956807735038682,0.31774550934770818,0.18692506750158017,0.20451610950168711,0.02261691937573759,0.97860187814669797,-5.4014152563336912,15.466041545703815,-5.2530878081134045,,0.2340224583126259,0.2105263157894737,0,2
-0.60100447911586075,0.78664099361583106,-0.14138445192371837,-0.79354489251487292,-0.60839755348596691,-0.011786453064781575,-0.095289661801430739,0.10511119862025882,0.98988459745486534,11.409130821731484,-10.011409830406796,0.68482107154934901,,0.1756392127018742,0.3157894736842105,1,4
0.66265814982558513,-0.7050576021043421,-0.25254297492626798,0.74053164114868464,0.66719165154367088,0.080425049381813121,0.11179027206054394,-0.24031037810570363,0.96423744858168914,-8.2305026115449422,-6.2785092061471124,-3.8696339692573707,,0.09310535448100392,0.4583333333333333,0,5
-0.17187957399983364,-0.85687784714075665,-0.48602239364154526,0.98101797854136585,-0.19384785487130529,-0.0051705841454364439,-0.089783839415829,-0.4776854239363128,0.87393106017496436,9.2177343974877335,-7.3480261922990318,-0.035245039301011132,,0.10767120020434,0.5,0,1
-0.96388370014529801,0.1749911224997549,-0.20076433856759685,-0.16170290498306189,-0.98351698436300905,-0.080910518410969606,-0.21161375927440959,-0.045524153103256297,0.97629256289801958,-7.5241329942874602,-9.950639044971556,-3.4138848231725447,,0.08455802716183457,0.2666666666666667,0,2
-0.27612588556159362,0.95115551585782909,-0.13804955623272469,-0.9605303083118808,-0.27813162891850179,0.0049319174185898113,-0.033704927490036993,0.13396261287526215,0.99041304323727664,7.8331799120545682,13.932254045039793,-2.4024414717358007,0.279212594901513,0.1470381713350092,0.4117647058823529,1,5
0.51818966821614387,-0.79611723960587433,-0.31253289195917866,0.84979155802206396,0.52054371525541177,0.082997279609202473,0.096611467582673721,-0.30859614597466667,0.94627408451310047,-13.564317551502198,14.768164681301014,-6.8265271241824612,,0.3716880074298224,0.4285714285714285,1,5
-0.61225109278987533,0.77150032964150417,-0.17301976979713424,-0.78393594589613969,-0.62081442603636416,0.0058207522764631061,-0.10292245677949896,0.13920017883677249,0.98490115143717949,-19.227625134375682,15.2065038234044,-8.0892001733792487,,0.1196904633574471,0.4615384615384616,0,4
0.9298587662183766,-0.27880901224299531,-0.2400587627622143,0.31001070470938585,0.94512299640080244,0.1031304253843638,0.19813136514047885,-0.17031751632305811,0.96526468172264346,-0.76630345643028763,17.021635589064417,-4.4841181259241862,0.3453891476009694,0.3001751132604967,0.6923076923076923,1,5
-0.95494413331348227,-0.18465637253828937,-0.23234398277373697,0.19161370841400147,-0.98144148797631381,-0.0075360750177411026,-0.22664043989984697,-0.05171682279335673,0.97260448345777428,2.1208103103969043,4.8664627754970669,-2.6571084010722652,,0.06911045078371612,0.2321428571428572,0,5
0.95326335564425424,-0.18238339292510486,-0.24088435559617399,0.22161568656335587,0.96396728703491552,0.14715147636227977,0.20536665322030662,-0.19365786199293047,0.95933371161104231,-11.309122575837698,-9.0002442385006916,-4.3131797988949732,,0.2867041476135635,0.2444444444444444,0,3
-0.54889419490028857,-0.78953733834322348,-0.27449217505543255,0.82076387921384597,-0.57126441977167797,0.0019019150265003866,-0.15830924604268559,-0.22424931229510317,0.96158745236851428,-21.261004576208634,16.401104911809643,-8.6534802088482969,,0.1079518999014572,0.4166666666666667,0,2
-0.87379853188109669,0.44923774813302841,-0.1861761835864251,-0.45496531641761312,-0.89041125767950835,-0.01320428167746804,-0.17170523154365969,0.073165824330505475,0.98242764395683435,16.883208174516046,3.7175837410733306,0.70849053669082718,,0.1603546012289674,0.1666666666666667,1,5
0.94953186872575179,0.27253647493354122,-0.15528393382762207,-0.24605401040230054,0.9542064539006756,0.17013955242459949,0.19454216570997312,-0.12334469248856103,0.973108129960785,5.3953976355243949,14.728312094659687,-2.9749225823931482,,0.2974469502580631,0.1666666666666667,0,4
-0.91326674788027373,-0.33939393230081932,-0.22529004845659673,0.33981780834348108,-0.9397180249901631,0.038129917928323147,-0.2246501821695723,-0.041734784364775901,0.97354532684677997,4.1458875814851499,-0.025054246275811019,-1.7296087088039918,0.5874204468560822,0.3750403605602223,0.9740932642487047,1,5
0.97370487516998694,-0.018113310469242961,-0.22709188460630939,0.064683115858415532,0.97779079936271962,0.1993520684729933,0.21843742946905256,-0.20879909162987045,0.95325129359549998,-6.8160572637050301,-4.915078143193413,-3.7207289109228228,,0.0811300424722004,0.2058823529411765,0,4
-0.94059777476611772,-0.22752375950161832,-0.25200945412281245,0.26250814208027223,-0.95807709688888365,-0.11479438905509817,-0.21532603522702903,-0.17412988048930428,0.96089202477395419,13.972222687061373,-7.2645337447358296,1.0165769289872197,,0.1288696150975251,0.1333333333333333,0,6
0.82192859200224722,-0.47653243630734649,-0.31200997868047298,0.54691486221405328,0.81329062573082356,0.19860133833322888,0.15911481118546961,-0.33387901288543309,0.92908949063912138,-18.136069748883006,5.562406559207604,-6.9561010815941176,,0.357334437863401,0.4666666666666667,0,1
0.95826403579626818,0.22821508341328081,-0.17218569453389246,-0.18062546091030679,0.95015959479965317,0.25410861315803407,0.22159530809651382,-0.21240202473806463,0.95172522259146985,-2.3648065475021856,16.461588199844339,-4.773497745794236,0.4515252333650683,0.2401359600975,0.1666666666666667,1,5
0.97206110879686847,0.085451151274000214,-0.21862136563142795,-0.071752039323878331,0.99497256111898258,0.069865924979182856,0.22349238380192549,-0.052227419678557103,0.97330542535026099,-5.6042653321927576,-8.4415689503564675,-3.1424110027539514,,0.0799305775622637,0.3478260869565217,0,5
0.66989925197789313,-0.70053859726165535,-0.24592817233113565,0.73376523269862592,0.67520768171499179,0.075386801469480805,0.11324122695463805,-0.23095510451111453,0.96635198774466724,-2.9141768804973864,-9.2476168847497586,-2.514558787957375,,0.1894648613501103,0.6447368421052632,1,4
-0.84968622826600593,0.50160321605838543,-0.16256545492500316,-0.49895968704367888,-0.86456470329495527,-0.05972524191478603,-0.17050672772756653,0.030365892978643644,0.98488850553920404,-15.615577532392765,13.154110714767397,-7.101705215027776,,0.07951531775857977,0.3404255319148936,0,3
0.43848525120489734,-0.85330588083653469,-0.28213429108416627,0.89709656869947307,0.43452505964642973,0.080035735561683433,0.054299455829788214,-0.28819619405719721,0.95603060768342374,3.7926095886345181,2.7711920847420766,-2.0795189485284586,0.1867039617395755,0.1371250663157528,0.5354330708661418,1,5
-0.53873683812346007,-0.75751025694185203,-0.36870154580178272,0.81980720337281732,-0.57220675863387338,-0.02226150650236482,-0.19411019691601775,-0.31425727676794335,0.92928122516901157,-6.6575748354320483,10.930382464713025,-5.0004624323515321,,0.2282147059685524,0.2727272727272727,0,3
-0.96205115337600378,0.21791610612135073,-0.16422590837260981,-0.21719202175235336,-0.97586780549235252,-0.022575470995427428,-0.16518233554174588,0.013949799154406375,0.98616438747732393,-9.4212457807168448,23.79550608484362,-7.0006706681969026,0.5504818202830433,0.5487939615633373,0.6575342465753424,1,3
-0.60961955895753628,0.78955718706510281,-0.070451697568344837,-0.78759486958841307,-0.61336576941129028,-0.058964008619724152,-0.089768116469211165,0.019541782629498197,0.99577095960729434,-14.761806657207597,17.567474993138894,-7.3643316360238149,,0.1836416056165167,0.35,0,3
0.95147990807434768,0.24327576679813423,-0.18842209482863856,-0.1967048794317923,0.95175396579524807,0.23552405185191475,0.23662877031028293,-0.18703285775980455,0.95342830626096142,1.082070812258944,8.0892687072402385,-3.1366831467202925,,0.3163541157758026,0.5,0,5
0.95243237349799703,0.2504798214274353,-0.17358696083130856,-0.20273985186955268,0.94605536621831898,0.25273661490459287,0.22752829796946575,-0.20552153927800548,0.95183599980034117,10.853073202439997,-6.3996982264960067,0.25238913555269249,,0.1347482431878423,0.2222222222222222,1,5
-0.42586202412647167,0.8814699565968187,-0.20408883365854941,-0.90325348394740346,-0.42731505902171268,0.039178872752392582,-0.052675232735911758,0.20102874409017416,0.97816806526575228,-4.3046067055787622,-4.9313561875506471,-3.133645179077297,0.2080137237059804,0.1395226022718363,0.6444444444444445,1,4
0.8853858879037404,0.44194334842661304,-0.14414543448329964,-0.40583113007727528,0.88608443858873875,0.22395415055560444,0.2267000735798459,-0.13978713986756433,0.96388102593968461,10.459442643697001,10.540093358781355,-1.5163656789033455,,0.4035762204949425,0.3333333333333333,0,5
0.46490479600353574,-0.82229549962562565,-0.32816709455451865,0.88328869616753192,0.45612224059717249,0.10841393293888864,0.060536021306108634,-0.34026844245104265,0.93837773694625159,-8.7662313569850614,-5.1656823862297196,-4.0681962833304368,,0.07247800959564342,0.2068965517241379,0,3
-0.9145207215565363,-0.2832320828462711,-0.28884500530608936,0.33535036564359305,-0.93012109216921524,-0.14971601839701307,-0.22625645207688594,-0.2337826793167308,0.94559699489003768,-4.8544562962802624,-9.5105703611646906,-2.865348308317702,,0.09303583733815428,0.3333333333333333,0,5
0.97502876811739114,0.0055319338829402844,-0.22200968233615198,0.0088901634549974733,0.99791608663546716,0.06390969431862395,0.22190057759552537,-0.064287492886807338,0.97294771284026482,3.8629860542521843,-5.1100006278172803,-1.3880763637012383,0.3128333716639776,0.1484141861469046,0.7238095238095238,1,5
-0.80769155523105962,0.57386991894040362,-0.13530583041305635,-0.57834801610427011,-0.81575593403654234,-0.0074718372856641601,-0.1146643967266527,0.072218918709040417,0.9907757081720413,-7.6743973232785097,-4.6934529736592117,-3.8867273783556637,0.1732404721005764,0.1719399391040908,0.2653061224489796,1,5
0.3415709094331234,0.93183624954765709,-0.12251741859011689,-0.9315621591143135,0.35294759023045869,0.087292280625446791,0.12458433904511607,0.084316087311196053,0.98862001794684651,2.2431946288080722,10.862364901304938,-3.2418047177840004,,0.06568462505573949,0.2962962962962963,0,5
0.96832295284425651,-0.097569974385101427,-0.22984942700270033,0.12213008197231648,0.98794369837021923,0.095139329028576899,0.2177955510849896,-0.12019712537770266,0.96856478821941583,-11.157283979650039,17.245042201856673,-6.5758047787384646,,0.2004496824719078,0.2857142857142857,0,3
0.23653983843050813,-0.92202197094664562,-0.30647086309620619,0.97161421877289378,0.22570837906455715,0.070862807581912074,0.0038359762264730504,-0.31453332528003231,0.94923868050911031,-8.6194200140755406,-5.1750194384005113,-4.0502433739392005,,0.07363550507849252,0.2235294117647059,0,3
-0.52012716031949535,0.84625042309322385,-0.11544677783514525,-0.85144024038365129,-0.52439238473626293,-0.0078831393521416465,-0.067210521151142066,0.094195797385841815,0.99328238562930171,13.143709452809174,-10.135156170266983,1.0842445234457119,,0.1071416533510395,0.2307692307692308,0,5
0.33097845491511158,0.93323788579530553,-0.13971510619225733,-0.93514716956061805,0.34420284514690663,0.083810337402611915,0.12630531914678195,0.10291477012111995,0.98663849329232356,11.882389482590105,-15.984787955757469,1.3121703857464921,,0.2064921297710085,0.2777777777777778,0,4
-0.62909194127408086,0.77059166674116386,-0.10213624514874745,-0.77434840903128865,-0.6327440612221249,-0.0044152484466635084,-0.068028456212987726,0.076311441718843215,0.99476062095766093,-2.1574712986449409,10.408854983538857,-4.0201054048425995,,0.2192149188887685,0.25,0,4
0.85997555861121733,0.47861206453630806,-0.17712292418435682,-0.46052161152192356,0.87735429359274342,0.13479350442669252,0.21991335546659072,-0.034350184783653023,0.97491444798646498,-1.9781696626875123,-5.8220336107227793,-2.5669711013733343,,0.06842543405105501,0.1325301204819277,0,5
-0.70594304430958943,0.67877592526578734,-0.20225642504129032,-0.69751129037807846,-0.71585286800557335,0.032135201311074675,-0.12297324093483483,0.16376176186084904,0.97880522442731865,-2.0225686801598735,-11.061072022922666,-2.1649763088678533,,0.1570903491251257,0.676923076923077,1,5
-0.94221967402573681,0.2611737529665607,-0.20978645485397079,-0.26985450300872599,-0.96280847685827087,0.013356050904796081,-0.19849592712382982,0.069196153442368874,0.97765600252033047,-2.5314580897417667,19.005165102593459,-5.1763954658127327,0.2911724398047822,0.2499056722700607,0.8311688311688312,1,5
0.24225997312107644,-0.90272998137919425,-0.35551186498131698,0.9701823199021018,0.22823888840844067,0.081567615923567094,0.0075081004755204244,-0.36467189436149067,0.93110581455066133,16.01096230381798,12.806216165370682,-0.44778429587726437,0.5396455067967695,0.4425612563094501,0.7818181818181819,1,5
0.2077503167234398,-0.93578208068850877,-0.28487138038700205,0.97818017907006938,0.19928928675886229,0.058713860864290895,0.0018284353304964353,-0.29085336106950788,0.9567658957021894,-16.72114320764523,6.9497925619450669,-6.8359373416845006,,0.08891579907426476,0.265625,0,3
0.93651601644379556,-0.24949511398908678,-0.24635328096012393,0.2898237586175868,0.94627165178557149,0.14342994794596309,0.19733205488470457,-0.2057234773247317,0.95850816949695383,-5.9092024354891244,-9.4400894492312624,-3.1576271245673651,,0.1306013987351871,0.3658536585365854,0,5
-0.85549078242537968,-0.41296171194036313,-0.31240701921771036,0.47566223226047144,-0.86515167242893387,-0.15892773355963721,-0.20464838622915063,-0.28456143126696259,0.93655957090251374,14.348703875716009,7.8315629322974711,-0.29838603806252012,,0.4213132607201801,0.4117647058823529,0,6
-0.12188852262085398,-0.92755625665111152,-0.35324577676269842,0.99007952445652392,-0.1386884922815067,0.022539684128781975,-0.069897949220619829,-0.34699408187468994,0.93525899292051273,19.405143348282273,7.0097103927156033,0.94650519933786381,0.1092455280960539,0.1446247847028955,0.1363636363636364,1,6
-0.35222423525888058,-0.83510832364704968,-0.42253068039103464,0.92795747788726657,-0.37036268128117789,-0.041550012603117199,-0.12179083434068097,-0.40672542591978511,0.90539572595687101,-6.412594899036633,-5.8559401890703775,-3.5321893935268065,0.3962202857076566,0.3711950023144708,0.2022471910112359,1,3
0.1994575690559548,-0.93926198962717633,-0.27929123328147654,0.97990642626084679,0.19110539825464884,0.05711499392129047,-0.00027188046276676019,-0.28507129213502219,0.95850627774756059,-26.909039724392247,6.0677404575425955,-8.8792435414954127,,0.1926146024619825,0.7857142857142857,1,5
-0.91264330473045319,-0.29893855152438353,-0.27877937646673112,0.33736630022125258,-0.93596151100923053,-0.10079697110697489,-0.23079466589524875,-0.18604244763445846,0.95505079962925488,4.0121437142836278,7.0003161160189462,-2.4316507298931125,0.5253928953319212,0.2504948170193479,0.2916666666666667,1,5
0.80073608079197411,0.5884959552016038,-0.11177763474533391,-0.56121553687914694,0.80226636118913564,0.20348416859744875,0.20942504645662707,-0.10020577037125065,0.97267669525950107,-33.996069258787251,9.9767950533649952,-10.702286085154675,,0.1635997796965906,0.1923076923076923,0,2
0.86540448764878364,-0.43369542904548652,-0.25096483335797592,0.47022700208672702,0.8759416322886977,0.10776281052357786,0.1730943074334759,-0.21126886104786596,0.96197912091981586,1.2763701475702336,-3.7791022530866107,-2.0138367080305746,0.2571719973894666,0.1583926428998104,0.64,1,5
0.70261757252590251,-0.64043750790374621,-0.31011021467834365,0.69939657273901079,0.70182678804534027,0.13521683927265832,0.13104572033735007,-0.3118957486917725,0.94103563223146058,-16.32379450059517,-7.9323066942199025,-5.4933328027733843,,0.07967882850577482,0.2424242424242424,0,2
-0.97644461875332433,0.12093498691560098,-0.17869145320187674,-0.078041835672403206,-0.97004362368186958,-0.23005399374718372,-0.20116008150862513,-0.21068957519030451,0.95663186467604777,-13.053554422554129,10.797111448024957,-6.355259886709101,,0.5619305588282528,0.2127659574468085,0,2
-0.83767429087652678,-0.46044975772193714,-0.29374785619356614,0.49395088080009969,-0.86817945167355381,-0.047717575887841826,-0.23305430646377739,-0.18506879884414787,0.9546911699251599,17.517316926076841,0.38704976456539353,1.1062862153207258,0.7456607387589433,0.3254259699637323,0.3636363636363636,1,4
-0.94256344926308988,0.3091323947423677,-0.12653579190930964,-0.26585198843130947,-0.92362282781255811,-0.2761224224699132,-0.2022297316429659,-0.22662311105530097,0.95275658023192433,-10.706401319447185,7.5523840604796879,-5.5739737624359291,,0.48451409523327,0.3296398891966759,0,2
-0.49852629531084602,-0.76921403483434736,-0.39972653339190073,0.8512553002445018,-0.52153101169957716,-0.058050130415517105,-0.1638168083234629,-0.36920884665657544,0.91479444732750481,5.0968411307200272,-6.6625291317407962,-0.91672076032599126,,0.4362083587809963,0.2173913043478261,0,3
0.17096891111180312,0.97837913614111727,-0.11637825139176818,-0.98102874821087294,0.1799962744655306,0.071999558070431582,0.091390517106822236,0.10186072423800382,0.99059182625370856,-1.787149465133242,13.767586237974864,-4.3506355960447225,,0.2113250721228717,0.1568627450980392,0,5
-0.61401885944734613,-0.71178696900256322,-0.34108672064612233,0.76980821956034617,-0.63548074116697706,-0.059661819476120967,-0.17428753638832503,-0.29920484348354948,0.93813661920621916,-15.790781577673709,-18.283707375950431,-4.6559957366390021,,0.2239453551816834,0.2,0,3
0.22339414403277022,0.97467861514243759,-0.0098312560685296282,-0.96948862542047787,0.22322639377119669,0.10130045559728948,0.10092998361328322,-0.013098637636250549,0.99480729998321571,5.6972106712970465,13.257624157835663,-2.7576440677384193,,0.2785750299424274,0.1363636363636364,0,1
-0.97434361592214735,0.012728056150844894,-0.22470539534772133,0.026883386291748457,-0.98466993725967911,-0.17234383713526985,-0.22345424957526189,-0.17396295940124937,0.95906469390918347,-20.898947149688247,13.221034278931761,-8.2597326541352256,,0.2088738309718529,0.1428571428571428,0,1
-0.45184159417765607,0.89068682196797599,0.050161329164811426,-0.89027194238105878,-0.44660721181475233,-0.089206877336386881,-0.057052978713215081,-0.084964601615256041,0.99474920160425839,-0.64600023429966669,-7.1611737890693865,-2.1850702421529369,,0.4281714631288275,0.4197530864197531,1,1
-0.63780809324655052,0.76192825270353326,-0.11254409767438694,-0.76309054552695932,-0.64494357356727572,-0.041720573361849915,-0.10437267610140744,0.059271617545112898,0.99277047691650178,1.2319609231022726,14.025969596228187,-3.779338175489575,,0.2346571386594322,0.2777777777777778,0,5
0.13499363836641001,0.97965809155491812,-0.14848145086701472,-0.98746854308448262,0.14537754409933887,0.06141047215462353,0.08174713462383823,0.13833073889276948,0.98700659200340302,2.3828834066427271,-10.434417894635619,-1.2496040905208237,,0.07054503532294426,0.35,0,5
0.67350712350207076,-0.66293384187027604,-0.3269661693433763,0.73156503367445314,0.66114349313576715,0.16643882656739481,0.10583362460419704,-0.35129475200656018,0.93026407063574501,-6.4658976651125446,8.9710822099183076,-4.8247658589557911,,0.1212742573440102,0.3154761904761905,0,7
-0.88458086512633805,-0.39436023912939727,-0.24899135496266528,0.40199776274348825,-0.9153845575326478,0.02165434321305558,-0.23646245325964441,-0.080938949984313793,0.9682635976705245,-14.630201667392313,-8.8422766476011461,-5.0591133953132301,,0.1076618896439517,0.3428571428571429,0,2
0.91758149227941055,-0.3167972930363161,-0.24017427037705763,0.34584801088616296,0.93403251921620978,0.089288333015597951,0.19604427661213178,-0.16499311552753423,0.96661466647063821,-14.40565261567262,7.3397567150914877,-6.347550556190245,0.9944744226107439,0.702739259204167,0.8663101604278075,1,5
0.5062102178572957,0.84101684556612788,-0.19089756627801946,-0.8476633894011516,0.52597120168087619,0.069433948982677601,0.15880174308181541,0.12666870361844318,0.97915118644558763,-1.3966417176740664,3.5681830738032421,-3.2488680047298986,,0.2256518265768523,0.7369186046511628,1,5
0.50008857936066231,-0.7561258237472448,-0.4221198306826926,0.86318514057576567,0.47433719382321077,0.17296138194729382,0.069446568541797871,-0.4508635771699373,0.88988718886120455,-19.237497951720652,-10.263792670937994,-5.9444908827741338,,0.09281966194743986,0.1428571428571428,0,1
0.11502935887928252,-0.95832942802507903,-0.26148222497321905,0.99305891970727922,0.10443586799472655,0.054102970953536451,-0.024540346078089571,-0.26589068591681048,0.9636907774577147,4.7561967300747492,2.5333689676987072,-1.8429505498188348,,0.1920308738995321,0.7336956521739131,1,5
-0.85574027316464396,-0.46414713920491324,-0.22863949364008673,0.46867223626218346,-0.88257422267775276,0.037537666706452345,-0.21921432398706192,-0.075034489620809802,0.97278718408819509,-14.51149117228797,-11.635165892423718,-4.8175153270241422,,0.0929452797853056,0.3809523809523809,0,1
-0.71807621121709908,0.6958741993145926,-0.011209532210187763,-0.68346664139197799,-0.70812847747198704,-0.17727777496791722,-0.13130081868924534,-0.11963761165068718,0.98409701599489341,-4.4859282421448849,10.351245804211196,-4.546325051943886,0.6758961050142325,0.4474418734349953,0.2222222222222222,1,2
-0.69596570474415809,0.69075107607254194,-0.19620063385369546,-0.70839660523950265,-0.70516852703187716,0.030192684028424229,-0.11749888299517883,0.16000093558575654,0.98009882823446259,-2.9864251849006891,-8.5169420457170251,-2.5375505146050226,,0.2692532508202095,0.293103448275862,0,4
-0.89228325301500677,-0.38735065080506254,-0.23192686284657066,0.39196506380606033,-0.91955988552302503,0.027802979919286156,-0.2240401418149624,-0.066099094228103922,0.97233580855471735,0.67240728485352907,-11.305515751665475,-1.5649495359992325,,0.09404297056263397,0.5294117647058824,1,5
-0.94320915807013406,-0.20163477992589796,-0.26400738561045034,0.24177163439745453,-0.96168149012580539,-0.12928723196896,-0.22782221343278597,-0.18577439832669826,0.95581635892724748,-8.6362894876396883,13.454350742541966,-5.7452739023123272,,0.1802616071119084,0.45,0,4
-0.41148010887007735,0.89514850861539597,-0.17144464858345068,-0.9109700910286499,-0.40983711120702576,0.046551428858143611,-0.028593937391062123,0.17533593414104748,0.9840933375159916,9.6139996678913811,-3.8059481671933151,-0.21556656201156985,0.5712863254815059,0.3781000179562504,0.9554655870445344,1,6
0.13362035114496884,-0.92347950480527208,-0.35962648117804652,0.99092596168867075,0.11917568278908382,0.062152192906914358,-0.014537544884809739,-0.36466801455072018,0.93102411298116072,-15.329274739253762,18.592274743725696,-7.5972894772586352,,0.1800482908684638,0.6388888888888888,0,5
-0.69969794034049626,0.70010983421194839,-0.14236928152866202,-0.70336524532520839,-0.70998630807174301,-0.034594421794097094,-0.12530013548228466,0.075931958952580744,0.9892088827228287,1.9644699184903152,9.7217496129535679,-3.1727615028067473,,0.07114088545288341,0.2857142857142857,0,5
-0.74004077517436806,-0.6228154363587004,-0.25385149854322664,0.64380322990019467,-0.76519091114244009,0.00052026443233966157,-0.1945688881846149,-0.1630453977833296,0.96724306459766274,2.004462316133556,-13.307951210256922,-1.0881701717424546,,0.3676055268571535,0.7704918032786885,1,5
-0.29515011634436089,0.94003361933766605,-0.17094795505310489,-0.95473320352797642,-0.29710292074629424,0.014641194118982697,-0.03702592204279101,0.16753103891204538,0.98517127043876584,-8.8724549975879459,22.70467695420734,-6.7917975596813065,,0.2036395546012252,0.5789473684210527,0,2
-0.94226355723610344,-0.24698714393272631,-0.22613433935765065,0.24718220389649445,-0.96856680464497236,0.02791599929612525,-0.22592110742831933,-0.029592155578534323,0.97369602933696886,11.564708745057745,15.413621872575041,-1.8200569748295792,0.1580029989840624,0.1196262245799439,0.2222222222222222,1,5
0.96062082265565274,-0.15023490398234396,-0.23374582072369166,0.18567904645805863,0.97290439205686174,0.13776913886242548,0.20671460225828867,-0.17574560461611541,0.96248769117911992,-14.825996504618049,-3.3538206797468813,-5.5474866179093345,,0.09753960267212763,0.3541666666666667,0,2
-0.69836267704996458,-0.66547544241120338,-0.26349953861671205,0.68726068227689563,-0.72629786267329821,0.012812855750982578,-0.1999057925621541,-0.17214485244645739,0.96457442630223444,-7.871526916136844,-9.3726063026974717,-3.5640266930055304,0.7827740073132419,0.2156079962327339,0.71900826446281,1,5
-0.7765024177784553,0.61944176726810518,-0.11548113329881933,-0.6131219721831731,-0.78503938719489219,-0.088287075944809099,-0.14534594046766269,0.0022488922683856854,0.98937834020820148,-12.229607269780884,-9.6484273870416004,-4.4908997586250035,,0.07191556478094993,0.2,0,1
0.50520264533777526,-0.81886247934791911,-0.27246013847881173,0.86048610684355709,0.50205087241351165,0.086652071170001496,0.065832720382293819,-0.27822501940877098,0.95825721573179723,-17.883699343006512,11.796632751593924,-7.488657711425315,,0.1533866933816477,0.475,0,3
0.38826720106256501,0.90531184950085064,-0.17221798899183655,-0.90960066892587654,0.40647553802100511,0.086048010320599597,0.14790268310156246,0.12323997786386177,0.98129338334031124,15.877430170254112,-4.7257044298943187,1.2321151569533504,,0.2669310788417336,0.4210526315789473,1,5
-0.030957704460389771,-0.97065090408595112,-0.23849201859112468,0.99812107385703319,-0.042644197337638669,0.043997663073308962,-0.052876672144028095,-0.23668184305213347,0.9701472891846985,-1.4802342721548851,-1.9463781815077617,-2.7800029542943383,,0.3977355699787293,0.9207525655644242,1,5
-0.50918706644713518,0.84649504362860195,-0.15548206480224855,-0.8555375947171252,-0.51750365833796619,-0.015664853413186547,-0.093722758114535371,0.12504441098678309,0.98771450323075216,22.98259531900014,-3.3675913198803822,2.6638452598572306,,0.1407934202378651,0.3846153846153846,0,6
-0.82624691505168912,-0.50765239646420568,-0.24414151578892804,0.52058523084817754,-0.85370568419821768,0.013327497529647667,-0.2151907358375732,-0.1160846636373727,0.96964802793481808,-7.7452777819440763,-7.8475393571727583,-3.6760094298300738,,0.08286719657488334,0.423728813559322,0,5
0.93126988551798751,0.30472347276069089,-0.19969978837239413,-0.28919415914239671,0.9516559884058956,0.10352592935646672,0.22159228020225938,-0.038658568000670926,0.97437281185124458,-5.0357278076135561,19.792485972724759,-5.7173964059305593,0.241957555552585,0.3245813053722978,0.3478260869565217,1,5
-0.50290346592563318,0.85456341781080802,-0.12965133589553063,-0.86199487208860215,-0.50691126964616862,0.0024093979878987764,-0.063662739910719954,0.11297048130029277,0.99155671844924764,11.162236423660639,-7.6251797903037675,0.3982865874624808,,0.160669666993413,0.2682926829268293,0,5
-0.90363535053842226,0.3832229318444782,-0.19126771229307327,-0.38578320623381379,-0.92224547641331445,-0.025191248939634221,-0.1860496467216807,0.051024168231361397,0.98121458571050413,-9.1607740125254455,-15.235918956980232,-3.4329288104021405,,0.06847632733711495,0.2307692307692308,0,1
0.97330007624537429,0.063597165970644631,-0.22055013502886681,-0.03869905213433749,0.9925613789196156,0.11543089898764318,0.2262506241862173,-0.10381382161202787,0.96852121582216932,2.5653324119502008,-11.619011416902884,-1.1446333233774499,,0.2418022570440868,0.7474747474747475,1,5
-0.97104295108608196,0.10741429145016738,-0.21339577582110658,-0.10195978132346244,-0.99412099716622282,-0.036436876728222559,-0.2160550627467572,-0.013623985668462357,0.97628612449220087,-8.701729721425842,-10.239210950247204,-3.6642868700791378,,0.06740063848562119,0.28,0,1
0.18353510308197091,-0.94121193307468987,-0.28361058332597033,0.98243964788727056,0.16577418160021173,0.085622771351536175,-0.033573861794970149,-0.2943450657860377,0.95510930162551899,7.9719790929850882,-7.8154841215774997,-0.22918775837379907,,0.08766450049625039,0.2631578947368421,0,5
-0.77025515063728844,-0.59113262081282902,-0.2393098985158891,0.60311772634557437,-0.79716430995107046,0.02789392600512863,-0.20725831969905012,-0.12284660170794741,0.97054247787736514,-17.235718453719251,-11.737024940360183,-5.4398057963717434,,0.1027623405392027,0.275,0,2
0.57711896152330044,0.80931903852585363,-0.10925382432599132,-0.796436672587019,0.58735583347760401,0.14388103223964646,0.18061652972190639,0.0039772804045539395,0.98354555076610395,17.746059536980862,15.415628399086636,-0.30482208420533169,,0.6857975937137916,0.5357142857142857,0,6
0.96903462930567263,0.14309893159317086,-0.2012326588387453,-0.10244357819351906,0.97449557159498401,0.19965894477501808,0.22467131657896652,-0.1728614379167846,0.95897952156863886,-21.443007594766254,-13.339672359052315,-6.2424798427673371,,0.6859905991313013,0.6707317073170732,1,2
-0.94020388507796238,-0.26464546364753211,-0.21442815359716272,0.28110051452294765,-0.95839027043440439,-0.049705032658705302,-0.19235164470115607,-0.10700872911800979,0.97547423168083125,7.4394305083970149,8.1750840308849302,-1.8592923955111733,0.2571608893121904,0.1522734259839635,0.5365853658536586,1,8
0.83819164830181325,0.50569015151162511,-0.20423572503663132,-0.50168516320941758,0.86180194084676698,0.07489600635738318,0.2138849170292963,0.039684826028277997,0.97605243550255827,3.9832644885815447,4.688851989169569,-2.2020244338934543,,0.1011222287368694,0.5068493150684932,0,5
-0.52069358628085871,0.84312596189433708,-0.13422667985809109,-0.85044239156781309,-0.52604233466039507,-0.0052154356921726916,-0.075006185280924842,0.11143641471614757,0.99093692919620968,6.3563905891646142,-18.072565819719841,0.23226449825690018,,0.1475645880534875,0.1875,1,6
0.54467456724147978,0.83810088705960717,0.030274063324996672,-0.82180073872409631,0.52618609930686266,0.21856746036123001,0.16725179111996347,-0.14392738448998457,0.97535211403935351,20.162288517142962,-0.24093813900200473,1.7828953860798642,,0.1180653239076809,0.2083333333333333,0,3
0.76823371719224731,-0.5602439923921636,-0.30974767918012552,0.63303532795675677,0.73686104432249333,0.23728058268355715,0.09530597739736088,-0.37836816772616605,0.92073573859380509,-4.463286197634118,3.8802743074577908,-3.8931117445626287,,0.539039396326801,0.3752665245202559,0,3
-0.39273914479819,-0.83701139046106832,-0.38100905026208687,0.90816158089950028,-0.41826350195829409,-0.017268060334232924,-0.14490861644950209,-0.35279962467102388,0.92441003765140828,-0.42999472803474875,-12.78726164720293,-1.7148221366052376,,0.1705196008046824,0.8214285714285714,0,7
0.81999722515634199,0.5375323864759699,-0.19663032376860695,-0.53073420628595758,0.84270154871692504,0.090417377025162032,0.21430294681574841,0.030216440550534771,0.97629975607215125,5.9046250457629332,-8.2821982026210446,-0.68652839979522995,,0.06748311467517701,0.2307692307692308,0,4
-0.051773461103565538,0.99532562796294732,-0.081525474825506039,-0.99865627345531249,-0.051786143131723805,0.0019603234148624321,-0.00227072977428697,0.081517419608984495,0.99666933036317873,-15.118810140857533,5.3596442080641227,-6.3234239645300683,,0.4570153253623682,0.1333333333333333,0,3
0.011356354772507758,0.99888976131165663,0.045719557664355565,-0.99833914149238001,0.0087437926374891468,0.056942994780498156,0.056480012132967848,-0.046290288798580471,0.99733004436465544,-13.072203674183571,-7.7852813112659334,-4.7918649065651966,,0.2526886458923017,0.4545454545454545,0,3
0.50747207406141015,-0.72552319291159018,-0.4648528698364498,0.85797224550061335,0.4753713304478201,0.19469392424753806,0.079722769636079355,-0.497632590106036,0.8637164379968183,3.2222072132583732,-14.581678129117925,-0.72992557191652563,,0.2191221365545858,0.2142857142857143,0,3
-0.76005544458336705,0.61869017084416267,-0.19884213250717525,-0.63448943868299479,-0.77263976266359036,0.02123556806137292,-0.14049510083600236,0.14230344216487442,0.97980143753166116,-28.350834041617286,5.7039267663223114,-9.1750639365400186,,0.1802671669280317,0.1666666666666667,0,1
0.80730523764243856,0.5705050505409931,-0.1509378699409259,-0.54932479167864134,0.81994230468442997,0.16104934099834753,0.21563980736937746,-0.047102062545112157,0.97533628517639659,-11.803411437704773,-4.2696984396641371,-4.7655443798062063,,0.1490967410707449,0.4022988505747127,0,3
