axis_00,axis_01,axis_02,axis_10,axis_11,axis_12,axis_20,axis_21,axis_22,location_x,location_y,location_z,dbh,dbh_approximation,score,reconstructed,number_clusters
-0.71894980932979435,0.68349740107356549,-0.12626351171392605,-0.69389527782003069,-0.69528002949566881,0.18733665952921008,0.040255621765333302,0.22229931018827367,0.97414706364393622,-4.820722672177963,13.033817312689887,-4.6160874732062895,,0.7502833467422576,0.9376344086021505,1,5
-0.90134373893371145,-0.38106735507531353,-0.20583278451428452,0.36723235535411908,-0.92438234859990165,0.10323599555386349,-0.22960806054244917,0.017462659958785827,0.97312650464423212,-16.764601704172559,18.75091650283689,-7.8882161516488463,0.5458311230045595,0.6827730267212225,0.8823529411764706,1,4
0.75444253604704403,-0.6019445466278438,-0.26168535035019364,0.65592513712059053,0.67681248157385321,0.33419616885771797,-0.024055649985783693,-0.42377780448112351,0.90544668431273145,-16.599493986436801,-10.017735610102276,-2.3431876225689665,0.3210453652123183,0.3628219700708011,0.654320987654321,1,1
0.41113593000982224,0.90543178322726192,-0.10564342372745752,-0.86967566438876787,0.42432726591398168,0.25221143941526564,0.27318763849214284,-0.011817669984630449,0.96188817273694582,-0.53750606173211946,-24.551565027332803,3.8014029156166327,,0.174301417714079,0.4615384615384616,0,2
0.9739038679065144,-0.14046806937336051,-0.17826939603659198,0.19179317504462551,0.9293377190424652,0.31551035160712171,0.12135334393016173,-0.34146760527386594,0.93202641618438009,-24.283291452767582,8.3446239792708496,-7.2651341632898445,,0.1027783533151632,0.4,0,1
-0.97798349341843549,0.1307523731149566,-0.16264102657656979,-0.14708692254141237,-0.98476337592004393,0.092771389252587766,-0.14803284709269715,0.11465125542865094,0.98231429074928189,-19.327055405600763,3.4077239081886668,-5.4539756948752762,,0.2351271459492453,0.3684210526315789,0,3
-0.85478294636919117,-0.48829317728681265,-0.17582914323727236,0.45578933353687268,-0.86832479504641458,0.19562242647921216,-0.24819790093878166,0.087073666069315742,0.96478804856135714,-15.497084006421764,13.931226724505667,-6.7440068332070933,,0.1092069614879784,0.2758620689655172,0,2
0.91624436799220565,0.37588949776128044,-0.13857612924070775,-0.32650928478551217,0.90108467151670268,0.28537361774784037,0.2321377717464744,-0.21622557718829091,0.94834516643370614,-16.535898801770102,-8.4482037395723761,-2.6670443163515278,,0.1365292601194022,0.5833333333333334,0,1
0.7632585721021532,0.64218424179776012,-0.070963030510384467,-0.58998483762439691,0.73752769346839608,0.3285890940681096,0.26335193845099314,-0.20893133071376124,0.94180329982448086,-12.357635648813952,10.556880183685781,-5.5230863427541275,,0.1445083379504821,0.25,0,5
-0.92792548610138359,0.36478589788345372,-0.076717279337010211,-0.36592993787366807,-0.93064194635001818,0.00092101119574063573,-0.071060346264874258,0.028927779023141403,0.9970524614028613,7.1380957929659798,9.5775879499301872,-1.6848141244806334,,0.4640588189591173,0.4375,0,2
0.23736656507341347,-0.93830380366600863,-0.25148178027671875,0.95535258913987342,0.17859206426887939,0.23538543923513838,-0.17595040269629267,-0.29612640308840976,0.93880275307698779,-14.145952887202746,11.242455838605043,-5.9735582620765415,,0.09035219834953194,0.2777777777777778,0,4
0.92160886260015751,-0.29800665512879587,-0.24865465584981608,0.38208846560829518,0.80914130106758375,0.44642889619261406,0.068157969643631133,-0.5064409031719338,0.85957669975892981,4.5485090471738507,12.670162794942961,-2.8599842235647128,,0.1326458042642292,0.2222222222222222,0,1
0.32458370623439453,0.94573543663445192,0.015162504443114585,-0.90753476069575001,0.30687611873311976,0.28671886209352215,0.26650717771957355,-0.10682477074695397,0.95789477114075994,-4.1861364555292973,-5.2454779878109372,-1.096521097497827,,0.07337729351328098,0.2758620689655172,0,1
-0.88752294854371516,-0.39559160015342004,-0.23624204049306488,0.39182283930434997,-0.91775686058476236,0.06478585840350351,-0.24244149481420832,-0.035066090994832863,0.96953209892947567,12.5373629525978,-4.5978199956066428,2.0392910849805927,,0.3265626119659618,0.25,0,1
0.071604840837521957,-0.95051127281535375,-0.30232609384499048,0.98207934887865522,0.014208156952549995,0.18793158537640442,-0.17433559382613237,-0.31036502465153609,0.93449486472550625,-22.098874094525357,1.1309465733160917,-5.4933181347546203,,0.2150034399681906,0.2258064516129032,0,3
0.95582471499619459,0.26734727825929322,-0.12216606324913215,-0.18392167163061876,0.86817728894653112,0.46091323875763179,0.22928570148843064,-0.41808327850417421,0.87899626809683273,-1.3293939443220091,9.1177023675705016,-3.1292050891965442,0.5061070011023281,0.3771902466488039,0.6524822695035462,1,4
0.410621426783355,0.90805373204610385,-0.082634518111648375,-0.86842590015957188,0.41709738996318046,0.2680787630864106,0.27789656312815214,-0.038316928413498284,0.95984650501969115,-11.538665775517353,6.0634550588893461,-4.4973919747570372,0.5601543550606032,0.5146480312610953,0.717741935483871,1,3
-0.982545403076725,-0.079758924177999457,-0.16805667171155192,0.0514738181931014,-0.98471416345927376,0.16639850457058231,-0.17875955060756821,0.15484356717884884,0.97163187101386794,-5.0359438203789466,7.092958884463866,-3.572949617900969,,0.06893165951133196,0.3050847457627119,0,5
0.58539687948944275,0.8107131051051476,-0.0073996415313022368,-0.76077568785066141,0.55244719955148747,0.34062067536054058,0.28023355662620925,-0.19376881306982235,0.94017168688603703,1.3892289742169037,10.618346350442849,-2.9616572650808504,0.2984335712624771,0.2007148965959944,0.4444444444444444,1,5
-0.71902284322700682,-0.65911220329390885,-0.22040248271469307,0.62841110497984032,-0.75203122763989538,0.19886808641018339,-0.29682593224947074,0.0044873292147236824,0.95492105947075634,-12.927496412572044,-6.1944172166905425,-2.4051202845834809,,0.08487924562320867,0.3620689655172414,0,2
0.72066475286456799,-0.58601571778338957,-0.37044283295735225,0.69222718553314555,0.57874388018947798,0.43113460166412687,-0.038260130521338281,-0.56713411081863541,0.82273632638801386,-16.446499891296643,15.10820386103436,-7.1424793509960907,,0.4314625002428858,0.2142857142857143,0,1
-0.98542137897882931,0.10949635561127206,-0.13021234180872435,-0.12088777824278459,-0.98918663645606308,0.083041816744717153,-0.11971153212195361,0.097572262270533186,0.98800243051949233,-15.665705617959796,5.0226614997709076,-5.0678960677194738,0.2564935758171355,0.1635313067855133,0.1791044776119403,1,4
-0.96656864583097302,0.239800501164153,-0.090778700904456264,-0.2317544646589523,-0.96852400653413584,-0.090835658624288038,-0.10970378756962811,-0.066760530319095207,0.9917197742227345,8.9750618974012468,-4.7522387640278216,1.3944401322482276,,0.1419939687622764,0.2142857142857143,0,5
0.54027775224767738,-0.81230894716687518,-0.21966821522204996,0.83543661586052087,0.48654704970271945,0.25557313885676775,-0.10072542531912418,-0.32159935133364786,0.94150318423044088,-10.645597021705022,-10.962948813417047,-1.3003567785070695,,0.09688256604538308,0.4242424242424243,0,5
-0.64275931526468422,0.75288897141995781,-0.14148731163843836,-0.76301808208462563,-0.61272157597796528,0.20585353225771594,0.068292525596687428,0.24027165260445699,0.9683003996190177,2.5494755007585779,6.3712557938670233,-1.9404323917962421,0.2467876011066371,0.2068559711978788,0.7093023255813954,1,4
-0.091660238769881414,0.99476030124927861,-0.0452807209206273,-0.96893491206836824,-0.078606751280769216,0.23449118283668097,0.22970314931169492,0.065367589151862387,0.97106309861139373,-12.61417777960822,7.6832552792721023,-5.1107018585052542,0.6657320233531838,0.3416457996961173,0.1772151898734177,1,4
0.97008586687861553,0.18762619899213978,-0.15404486467950795,-0.14632784404384946,0.95824905941038419,0.24565606484797703,0.19370486039293086,-0.21576642368746013,0.95703880666840224,13.338994320254116,-8.8261955645585743,2.973221634398056,,0.08944502766471718,0.5882352941176471,0,5
-0.41614946669942326,0.90070646413780853,0.12468956181714867,-0.89873055417632919,-0.42827193348401327,0.094162317196281139,0.13821364750158968,-0.072876720907515416,0.98771755638647774,-30.468518785229985,2.968514782316499,-7.2526916261168859,,0.5237050534830646,0.1707317073170732,0,1
-0.60769819225894139,-0.74267719982802072,-0.28130674357509811,0.75592470013456925,-0.64952642189618104,0.081812437839284644,-0.24347639485518371,-0.16292944520360783,0.95612407198750549,-8.8601493686146888,14.83309512385631,-5.7062949782446886,,0.238607376915853,0.2142857142857143,0,2
0.7194434406956578,0.69355242305749887,-0.037231332383707336,-0.62818541535729933,0.67263071231127947,0.39108951505761241,0.29628401842214031,-0.25797860633528008,0.91959927093323413,5.8388150447452789,2.2614682131167165,-0.53347717285778118,,0.4725058555286623,0.3538461538461539,0,2
0.98097608764472899,-0.092026696217316281,-0.17092981791533199,0.15183639143486341,0.9123585171534212,0.38019422196247415,0.12096125704241699,-0.39891480714676147,0.90897489015581834,2.7695634196816674,-9.6687015718091391,1.0149341525674376,0.2713449041596807,0.2886695956401473,0.647887323943662,1,4
0.98639309434381217,0.11031884899289861,-0.12189509829243014,-0.063438868316594246,0.93941970541820019,0.33684733494372687,0.15167126760711463,-0.32453099794759754,0.93363561304910991,0.47950807445090099,-6.9946540983253724,0.031034673582998693,0.8753947466135027,0.7964730753632732,0.5669291338582677,1,4
-0.070107346753853633,0.98943613818608833,-0.12689006416002108,-0.97472976041253889,-0.040901344527305671,0.21961096097866339,0.21210104690276352,0.13907986362970726,0.96730033466110887,-6.3816813874624509,9.080048502671211,-4.1259101868014474,,0.09659280077452045,0.2325581395348837,0,5
0.97915579596890046,0.1154290046956972,-0.16712292510445628,-0.035031883293823451,0.90646264715802116,0.42083041294583373,0.20006672480299392,-0.40620390714791721,0.89161185021531064,6.5258058986683487,-10.159507604087459,1.8677770950089241,0.2553540269206727,0.2781761721555222,0.2790697674418605,1,5
0.046481638404545847,-0.96215142377225682,-0.26852205686730318,0.97456465800497138,-0.015317190629395598,0.2235824479669081,-0.21923317417508109,-0.27208458501767591,0.9369668051413973,-10.377123412166274,-9.3054516398082665,-1.535712920481163,0.3238462049951799,0.2802769720193685,0.6611570247933884,1,5
-0.5942060607770423,-0.76235052387235969,-0.25639975836058648,0.75528663050588796,-0.6384700342088433,0.14798013784430475,-0.27651629809993267,-0.10572461477298319,0.95517592239137394,14.444792253067801,3.117747119532245,1.0071071470906114,0.8421888648235101,0.3255561552831117,0.16,1,7
0.96223203193454365,0.23925463486857773,-0.12987200011173705,-0.17789550342955579,0.91374068361944483,0.3652822921498034,0.20606481159738155,-0.32838267736373211,0.92179287837819768,-0.33345721305773113,-10.31638969675925,0.53054830629311445,,0.09774238564800893,0.1612903225806452,0,3
0.60797064587455785,0.79194947014487027,-0.056459990188911589,-0.75146322929273435,0.59692573569147755,0.28103857580432529,0.25627077237915408,-0.12843559789422596,0.95803423133922738,3.4757277967567317,4.7618084255972049,-1.54231410440438,,0.07365531006789341,0.282051282051282,0,5
0.079621646564185355,-0.9555631401680672,-0.28383001700058302,0.97229437046750011,0.011668865980063755,0.2334684019818252,-0.21978182489827444,-0.29455546628586377,0.93001775613452764,2.640484827418871,15.954532829314294,-3.9134391201060073,,0.1466996486024646,0.2380952380952381,0,2
0.71092349331805649,0.6897387397021284,-0.13728895659363805,-0.64800465340298541,0.71830990807093564,0.25322094134411405,0.27327231073880681,-0.091056833468126319,0.9576173020900518,-8.3970542878503185,13.077616566467537,-5.3009808284976812,,0.06859080259238814,0.25,0,5
0.59228999971861163,0.80505597654708705,0.032824241943145357,-0.75660890544252735,0.54171686090876092,0.36617728877173422,0.27701176949434292,-0.24171826003215652,0.9299660006304743,-13.172210221718183,12.703778316896699,-6.130990996575072,,0.2886220476815379,0.55,0,1
-0.19308237232866224,0.97836432787112959,-0.074313117585043748,-0.9632409041636758,-0.17458969308976144,0.20417002623491753,0.18677836609703982,0.11100306759768211,0.97611073190597841,-20.753274385531224,4.3598522675453397,-5.9273707446992514,,0.08034801292895859,0.21875,0,4
-0.54096866265614318,-0.78021320075350864,-0.31403863996965625,0.79310312066050159,-0.59749963235881476,0.11824393992783261,-0.27989345476913136,-0.1850987593179611,0.94201810135281039,11.595142796955164,-0.92165633483293163,1.251823969577639,0.2732988128705138,0.2933513872406205,0.3103448275862069,1,5
-0.28861499833421345,0.94923271168405621,-0.12513449486642508,-0.94148442633153351,-0.25760475712546399,0.21736343777533829,0.17409324430236991,0.18054652634505061,0.96803641156364106,1.5326858814230757,-9.6893758102359619,0.79710769743218701,0.221227141368264,0.1753489124964702,0.515625,1,5
0.66948784361431579,0.73257480927525431,-0.12296412512589722,-0.6895579808920983,0.67446151863033033,0.26383982048750765,0.27621697674231593,-0.091846658633792683,0.95669659404491547,-7.6840987212885059,11.229232328083606,-4.7960725024598139,,0.0985985025783124,0.3090909090909091,0,5
0.48687454806473163,-0.82891980908692176,-0.27539993563918058,0.86564917101765027,0.41580041437713627,0.27885754090620646,-0.11663913221221314,-0.37416836518752267,0.91999638441119913,6.2700750310373738,-15.568658007541954,3.0214425711965296,0.591647692907495,0.4532057648573791,0.3125,1,6
0.97843591544517627,0.065850296449646711,-0.19577256657778924,0.026472577960637893,0.90002288330017644,0.43503794334765333,0.20484716737870506,-0.4308393528840323,0.87887148663692016,-12.179369435936843,-7.7747878935925057,-2.0220748126400094,,0.243787674775606,0.3392857142857143,0,2
0.19870521126723911,0.97997444261589006,0.012896931221012818,-0.94916032218090418,0.18914556784952538,0.25163194741591294,0.24415348003394524,-0.062241834665747273,0.96773706770215118,-9.9345884647731957,9.0306082802209939,-4.8547064032335907,,0.222107295925081,0.4047619047619048,0,4
-0.14026967967012122,-0.97281407462513592,-0.1842747762893279,0.95801696017143956,-0.18035504134969874,0.22288015408201453,-0.25005583574297091,-0.14527503319906249,0.95727072646137867,-12.913210858221422,4.9994200830619917,-4.5268881303297599,,0.07576040827411666,0.203125,0,3
-0.09443313823125897,0.99317910540759724,-0.068393325592206913,-0.97029325300151492,-0.076450638608116697,0.2295349712705004,0.22274062400813693,0.088037290043349398,0.97089445872262004,2.3054579908038124,-4.1338342473819569,-0.010532130308493738,0.4558895833822292,0.3847244140638962,0.901840490797546,1,5
0.27770224873507321,0.95403491417785202,-0.11268914578229325,-0.92257068510309348,0.29755471998542699,0.24561050385275413,0.26785218318298831,0.035757113195188421,0.96279625924701973,-7.728680470905835,-12.244355261600656,-0.56739573268145904,0.1738581178932637,0.1298647977436353,0.5555555555555556,1,5
-0.46400242346257481,-0.85911083394877441,-0.21594056129569375,0.8393318464300854,-0.50432540574779905,0.20292347494950308,-0.28323806698450893,-0.087088805877447134,0.95508729302704043,-6.778167268363303,14.578364761119175,-5.2956377596483026,,0.2721759416231356,0.375,0,4
0.37068418639813872,-0.88161783321582043,-0.29213563649474728,0.91551703024538611,0.29392669274052952,0.27465554177056423,-0.15627476214993155,-0.36926561639347844,0.91609011743633928,-5.1288167833624687,5.9938312141691128,-3.4037207087277586,,0.4424870203369977,0.7183908045977011,0,5
0.40661623820048853,0.90604517270661855,-0.11724069194062281,-0.87038369770655766,0.42318087832855134,0.25169458274610179,0.27766068068479216,-0.00029871743870684851,0.96067916453389812,4.4127619126228517,6.3617065775210957,-1.5907833836880583,,0.0823849532209838,0.2698412698412698,0,5
-0.79795783519435382,0.58864285875905109,-0.12947153387487118,-0.60269223743793421,-0.78109705854473011,0.163246598938008,-0.0050358895933749525,0.2082953911269812,0.97805299951038494,1.6470355013261451,11.953202203963365,-3.2655997637038983,,0.1505509589897473,0.3,0,4
-0.79345131717120099,-0.58080383290320137,-0.18193931670816915,0.54832005274898832,-0.81187935505530806,0.20049197636893754,-0.26415928344964895,0.059319646997652603,0.96265313194703783,-3.7694400128613772,-13.85131086544636,0.62414233494837401,0.09954701205774089,0.1083706390755835,0.5806451612903226,1,5
-0.79144627439401039,-0.56723762907867981,-0.22771531987338642,0.54619388787205014,-0.82354794349632976,0.15310461003568762,-0.27438117938199563,-0.0032026426843796726,0.96161567763882727,-6.1120557686516825,-13.367361177414073,0.027179860645916994,0.1932556830715426,0.2121866859772939,0.3725490196078431,1,5
0.92093372499353121,0.35861375063625389,-0.1525688435564064,-0.3154180600972134,0.91579496000125815,0.24865847783819053,0.22889412734723255,-0.18087500958090916,0.95649971739413298,-6.3704155904988644,-16.847490215322132,0.78574714591110006,0.2097537506379269,0.1461857267325807,0.5357142857142857,1,5
-0.7758776779811889,0.61937784620436209,-0.11993711869877004,-0.63049753132380437,-0.75461413441063463,0.18174259583893768,0.022061092563733231,0.21663008050345334,0.97600446536681407,-0.96856098859953854,14.603294750009677,-4.2403556544409451,0.8891985257685698,0.6618293651212146,0.8648648648648649,1,4
0.73265617475706601,-0.6427118848225396,-0.22391150639974133,0.6795875521336624,0.67291416862073017,0.2921425690556706,-0.037090276021071754,-0.36620752965679082,0.92979371725525817,3.128680501778474,12.323182358307049,-3.0239850940694688,,0.1285010439940227,0.125,0,2
-0.66427296802745905,-0.72513218566760429,-0.18145174911505724,0.69508076732627788,-0.68851674137876928,0.2068995498648406,-0.27496208982531245,0.011314157064673655,0.96138849535908888,-19.6053773549806,-21.384804982085658,-0.14026580403480116,,0.2828891580678712,0.6666666666666666,0,1
-0.96881546675777408,-0.13125232679833443,-0.21016521615372169,0.14974518338905693,-0.98590832280185725,-0.074573179373064735,-0.1974157324599411,-0.10371887841686678,0.97481763568231217,-12.207994233605127,23.162081957975456,-8.0165589805733148,,0.4381773496492899,0.3777777777777778,0,5
0.31453516254970493,0.93526837087662984,0.16229820072201978,-0.91130975330969377,0.24966616261090074,0.32738561478747313,0.26567304161780358,-0.25087822082620403,0.93084797538192177,-15.685510445472691,-15.226022926436103,-1.0913475934798285,,0.4727780951977074,0.103448275862069,0,1
0.69273530234116931,-0.66187766514802127,-0.28641884935962864,0.71873876620198252,0.60086978074784625,0.34981436869072163,-0.059433886367473571,-0.44818909286398301,0.89196084565916878,-6.2419358081619238,17.700135052478778,-5.8166163284506833,,0.593650837720846,0.4090909090909091,0,3
0.76511901751699873,0.64312026608868589,-0.031451746848805986,-0.58968810858191123,0.71949291115486114,0.36687584466000467,0.25857459974040653,-0.26215696470611222,0.92973808259378499,17.036320588059262,-0.2872233599170429,2.2644530963031566,,0.3158942376666323,0.3043478260869565,0,4
-0.91041123518604483,0.39274462667771615,-0.13001169586927522,-0.40660919099002607,-0.90741641545090035,0.10613394731507218,-0.076291209516299793,0.14948948854693245,0.98581567453785202,-19.004937102102556,14.521338299177442,-7.4948358856612334,,0.3895841840433416,0.1304347826086956,0,3
-0.31030482991917036,0.94793284435379122,-0.071653577190295151,-0.94127133732798163,-0.29581933433727292,0.16278572098634794,0.13311341800745388,0.11795865389018106,0.98405618433034037,-11.274256721248166,8.7961348526018579,-5.1069764165556437,0.7659579551696647,0.441898652279637,0.9044585987261147,1,4
0.67927452902974483,-0.65684621549101641,-0.32732119302994683,0.73185513748108222,0.57314426827864506,0.36863763438081437,-0.054535969359356951,-0.4899578522020705,0.87003858024318059,12.858392249996015,-6.2512950984314752,2.4862256833189638,0.8224331737999616,0.6437797596949858,0.2,1,1
0.84737865219895847,0.52995352404899221,-0.033146374545771212,-0.47086203998507054,0.77881313512149897,0.41441409225956255,0.24543504048642312,-0.33555828541443233,0.90948462218508774,2.9332681170869739,14.590826965697831,-3.5360449380749319,,0.4104669717626916,0.3870967741935484,0,3
0.53599563847007647,-0.81604467867455543,-0.21628628700867264,0.83780762853275881,0.48265215399547717,0.25519654350292825,-0.10386073903728439,-0.31799053547310013,0.94238790645686943,-17.62176145067788,3.3882025684536083,-5.2091587373906743,,0.09116861189153615,0.3058823529411765,0,5
-0.63846651317936975,-0.70717655548381997,-0.303746326599381,0.72673682262824668,-0.68387193878937125,0.064596919219627263,-0.25340501610027072,-0.17950067050155102,0.95056057518956449,-24.722007236878643,5.8711215162961494,-6.8735365152479639,,0.4126212549135106,0.5901639344262295,0,4
0.94979367522686431,0.29551084364706803,-0.10278772196154252,-0.21994408940317089,0.86427220059423249,0.45239160117824023,0.22252319437680024,-0.40707112961618908,0.8858761332135231,-0.9859818773945731,-9.437724071484876,0.20074456670375737,,0.2976444088556497,0.2857142857142857,0,4
-0.96063069984508964,0.24681757557100376,-0.12755290237538938,-0.26549802100880665,-0.95078680511959623,0.15973494311163833,-0.081850225140441435,0.18731133334564404,0.9788845718698076,-18.782362655554401,-15.372102771533797,-1.4560726333264049,,0.5497512918520651,0.7088607594936709,0,2
-0.6810563984038136,-0.70660203460533022,-0.19203058840933038,0.67844076452463653,-0.70759837109214208,0.19754157602634909,-0.27546381109766949,0.0042555750909765806,0.96130202270472331,3.6678662510362661,0.79350835948441101,-0.67937469332975542,0.2576881698057658,0.2153843637372897,0.7202072538860104,1,4
0.98603847946900114,0.076497392600650471,-0.14790627414603549,0.0072808778085372786,0.86757618580405005,0.49725099360788921,0.1663583656591919,-0.49138550116074647,0.85490653490554425,-8.3011088558004502,-16.69655194121038,0.43557328358783465,,0.2430603016898376,0.5555555555555556,0,1
-0.16658825491416235,0.98147223312143883,-0.094660493006690855,-0.96561927353902566,-0.14295641707430365,0.21712411516743579,0.199568965259176,0.12757632393549156,0.97154336479463865,-4.0479679230836947,-15.902931089231636,0.989685231322322,0.1892237981168355,0.1670438880923306,0.6296296296296297,1,5
-0.056218426678749663,-0.96453078832738115,-0.25791441772480711,0.96433854378720407,-0.11937295832159224,0.23622292392552741,-0.25863229007248906,-0.23543673288191819,0.93684517575837889,-14.241078027066672,9.157938315199301,-5.7090606831449069,0.1637862833818368,0.1710499089387646,0.463768115942029,1,5
-0.45716524170198281,-0.82457268674361361,-0.33328640244688518,0.85803824277353069,-0.50752270782174425,0.078683384417529867,-0.23403058714125388,-0.25000117064066701,0.93953664056311126,-0.13895043244967803,10.582143533624507,-3.2032185619390208,0.8115289962124662,0.4024484134098339,0.2352941176470588,1,3
0.12947590472153986,-0.96173012555731185,-0.24147702932589063,0.97042251055125228,0.072857063218476736,0.23015646711440585,-0.2037551008243583,-0.26413446184604,0.94271779709166392,-19.846429158441325,5.2579911201366549,-5.9006187329843325,,0.6754058952963828,0.6153846153846154,0,1
-0.96211800529620872,0.23459319475134888,-0.1389063600458966,-0.24881550659823021,-0.96381741891359551,0.095639043674645083,-0.11144410061151983,0.1265781022732225,0.98567651715144311,2.0999253246962772,13.748678592868403,-3.5161385432547818,,0.1218547867532607,0.3225806451612903,1,5
0.62689781474795914,-0.71410043761899022,-0.31154404962477317,0.77688600300001098,0.54282645008405361,0.31904166410018325,-0.058713441450005774,-0.44204073350938372,0.89507135006746008,8.6870732888929965,-13.557077431068617,3.0577034323509755,,0.285726039285187,0.5,0,6
0.65946031219215295,0.74095049726390694,-0.12690333820588348,-0.69956102184115576,0.66667576446969423,0.25721158953147111,0.27518443517754704,-0.080844206181502176,0.9579862947677783,3.188351820310221,3.6072076540210225,-1.3508873060278181,,0.06330262894103761,0.1272727272727273,0,1
-0.87685865310644107,-0.44042233448359158,-0.19273575112153332,0.42360344107512199,-0.89739645109302812,0.12344931864920843,-0.22733021616510629,0.026604075884372958,0.97345425982152078,14.421994968883006,-11.343765158787434,3.7254294008825872,,0.1500593279402339,0.2727272727272727,0,4
-0.60615000006916164,0.7941054252669324,-0.044483153865041432,-0.78735318495987783,-0.59120471461000212,0.17479115411382565,0.11250395348472268,0.14097361095088481,0.98360017357957852,-1.5772348507841059,16.706713584186044,-4.7834937783581744,,0.3826379922969779,0.15,0,4
-0.74258138719825117,0.66435816515021484,-0.084859364745209567,-0.66790382295770201,-0.72514405408653981,0.1675427828986493,0.049773152052157828,0.18109204626702188,0.98220583591913946,15.454664616600564,-8.3446980115395473,3.3740163351224894,0.3104358363110313,0.2200317291522626,0.1333333333333333,1,6
-0.71822128838275756,-0.64412856362249649,-0.26316643866464495,0.63773829048238173,-0.76064548287131473,0.12127787201329995,-0.27829490431271275,-0.080726965216615792,0.95709722772584305,-9.0091208070878661,-23.644144365487527,2.0551213287454684,,0.1634331531080286,0.3846153846153846,0,3
0.38617092701197647,-0.90388834515370897,-0.18400509402187992,0.91035016810098479,0.34128155215173939,0.23407151385721603,-0.14877696921640846,-0.25790068176759351,0.95464792032172319,-3.8015758414675807,9.4205977630957243,-3.6944401852229731,,0.0712378905518157,0.1428571428571428,0,5
-0.99140400904626536,0.007104941847584415,-0.13064306582567875,-0.021689638010872286,-0.99363310013976802,0.11055687183340762,-0.12902577436290591,0.11244012676964406,0.98524594261639897,-6.6978728669708172,4.2183108119855746,-3.2798411713069182,0.673221618270435,0.2510927319947999,0.1739130434782609,1,5
0.60760531386603434,0.78710849968127683,-0.10618847532217168,-0.74438767397385164,0.61097640368134565,0.26943426838546036,0.2769526555163479,-0.084664301060711891,0.95714637476633868,-9.7468331126108563,-15.908009902840554,-0.039642557764845057,,0.1087001393893179,0.2666666666666667,0,4
0.98578120801770253,-0.02717328268874427,-0.1658222621576369,0.078097786832547617,0.94786656128055136,0.30894937724170995,0.14878220865082087,-0.31750684199572776,0.93651121705769391,-6.9505987722553328,15.533871161108342,-5.4446392212386385,,0.1193714985861941,0.2857142857142857,0,3
0.40993112023685724,-0.84635596718758932,-0.34005595637676417,0.89310348064068767,0.29672239563342795,0.33811535427579786,-0.18526372966353738,-0.44230916420024563,0.87751920419762663,4.9839760515222347,7.468757959059813,-1.5990491491299905,1.148089344542178,0.7473090815420618,0.4558823529411765,1,2
-0.11844104497038281,0.98511353010060865,-0.124591539355765,-0.97179235557899046,-0.089229259637646469,0.21830656623828959,0.2039395412973144,0.14693356334491053,0.96789420468262266,4.6644512335694932,4.0430462482356688,-1.1702382865437158,,0.07337090979730163,0.2631578947368421,0,5
0.91453901433416118,0.37326318762643562,-0.15586206730200466,-0.31526139221944616,0.89916244334826401,0.30350808069611207,0.25343371093159411,-0.22843268863044422,0.93999460686139535,-11.382071598293859,-12.635624699534942,-1.0198603300810198,,0.2438367712292883,0.2105263157894737,0,4
0.64231524563564857,0.76629331214220331,0.015022815653110125,-0.71175428205194879,0.58909975220142019,0.38257982688184061,0.28431842572146182,-0.25642940884843168,0.92380029826413912,14.834771292395594,5.5949894065896242,0.67315054616264136,,0.3291530041161782,0.2222222222222222,0,4
-0.57081581265379489,0.81145471248785717,-0.12534176321416432,-0.8157223111691464,-0.54303827358941181,0.19926501067145624,0.093629157238823715,0.21598769177496852,0.97189654692074479,-0.71642788035320171,3.280825639990661,-2.0347018050944201,0.7214268594780457,0.6146501297936611,0.9941677882458502,1,5
-0.84953555488521981,-0.49729731548501072,-0.17602477381682288,0.46430007424138414,-0.8632576690164866,0.19801928679718869,-0.25042919567276312,0.086496109135751426,0.96426326335657397,-3.1206945674705118,-11.235701133195557,0.23808659303179194,0.2269111314566251,0.1262476002585888,0.4782608695652174,1,5
0.92395598915143029,0.34940999534847367,-0.15562128794538918,-0.28614426014578936,0.90139660309655889,0.32497019295868246,0.25382433393357118,-0.25572801777780241,0.93283245463835307,0.14968351112072326,16.459895305288054,-4.3920795605755059,,0.1699380328091982,0.3157894736842105,0,5
0.82904737608793511,0.54703690729696042,-0.11589249439324154,-0.496683661214605,0.81561174915375823,0.29678749186042758,0.2568769917376138,-0.18848898296007852,0.94788507447818282,3.542066080972909,8.8714370557563349,-2.1639225436318905,,0.0801106001271866,0.1481481481481481,0,1
-0.90552617051595008,0.39967933862280469,-0.14240358418507665,-0.4207237552173882,-0.88925715791279214,0.17948044154348072,-0.054898782377188933,0.2224368076081408,0.97340022103685653,-3.7056053786554544,12.785550515980809,-4.3404491364599558,,0.08648409805289681,0.2,0,4
-0.58439225424989871,-0.78104518188923566,-0.22012295886693095,0.77315874499623494,-0.61829073122185363,0.14121659506230963,-0.24639652637277287,-0.087664106296455907,0.96519622681539496,1.6078351486666822,-12.030256223405624,1.207535906729271,0.3872797013794037,0.1586138138941289,0.3333333333333333,1,5
-0.28749116479453563,-0.833680135627061,-0.4715148583299637,0.92088343571339604,-0.37593040131061839,0.10319898836291171,-0.26329171653087047,-0.40454142535874105,0.87579889653672516,10.651605183001188,-7.1933309037283095,2.1429940840179396,,0.1743996052495517,0.1944444444444444,0,1
-0.45120382513798135,0.89190303812439653,0.030398663874018097,-0.88291172344171254,-0.45109634053918662,0.13030341577003671,0.12993073843413244,0.031954062912650703,0.99100804289033662,-20.604965647735309,2.3730872800031442,-5.4640484794673263,0.7137837783338008,0.4586271469975622,0.655,1,5
-0.97128332791229766,0.18477220471481232,-0.1498930594939003,-0.20805172883084791,-0.9652193624348907,0.15832264686797107,-0.11542605880003778,0.18496165750125729,0.97594365114194981,-9.7680247088242815,-7.6337067480602672,-1.6498218604668107,0.4559516704909407,0.4094652227698061,0.7935222672064778,1,5
0.29301020850499671,0.95085652550056832,-0.10008439251374841,-0.91899832438492368,0.3089710723986302,0.24490601503136497,0.2637936646122519,0.020217426488749694,0.96436723201102759,-16.548264429840074,12.431685714634323,-6.6597977327878013,,0.1058663873296768,0.4,0,1
-0.92750456211931631,0.33938607495587136,-0.15669198886319755,-0.36630481376457513,-0.90876031216779307,0.19993868670568987,-0.074539054600636007,0.24284107386260634,0.9671980883896022,-2.9317293031291585,16.123910632103904,-4.8675299245792907,,0.209513645437442,0.5303030303030303,1,5
0.67424432199399198,0.72969542889330286,-0.11375049587180551,-0.68571909418016674,0.67576581579775308,0.27042537986647891,0.2741968601855142,-0.10433188990628252,0.95599735282739662,-7.9122161888010947,-8.1249104799291523,-1.2763795332265622,,0.07156437737081552,0.3043478260869565,0,5
0.09348539940606633,0.99026692819211315,-0.10311106161244665,-0.96445634556562632,0.11578107193216529,0.23752621093352422,0.24715266050780538,0.077240884971602267,0.96589306245190443,19.759215654454266,0.30722755085521353,2.6662460510578985,0.7591186967385439,0.369488494511757,0.4848484848484849,1,6
-0.98361243028784395,0.083264670906613505,-0.15991742107117504,-0.11311748582328732,-0.97568219833215153,0.18774632422169782,-0.14039594504208633,0.20275907485622888,0.96911182852093292,14.560169970628403,-6.5539730123494619,2.9332668454681263,,0.07547334888812215,0.2222222222222222,0,5
-0.40188411035309513,0.91511625401728036,-0.032425352412600646,-0.90738246515023213,-0.39322879140622968,0.14841893257628344,0.12306999546432378,0.089069406883486232,0.9883928454687616,0.89252542300752136,21.686848827390612,-5.408253182950026,,0.2572645274296361,0.1428571428571428,0,3
-0.54153875286116282,-0.81435771173666338,-0.20870384875368864,0.79382548463514491,-0.57706946528294756,0.19191647188772221,-0.27672527729384333,-0.061744227042525378,0.95896338372930978,0.39065158929022081,12.973480193558768,-3.6458632989161424,0.6905620783605022,0.6676140805984325,0.6417910447761194,1,5
-0.39617096452377376,0.9148085738660019,0.07857378729293614,-0.90809827477416771,-0.40302962520388469,0.11368660677580841,0.13566904665576399,-0.026313388023380704,0.99040472302501059,-10.302545627453043,10.941325988321145,-5.2074320890216059,,0.3262665238338643,0.2068965517241379,0,4
0.1341494877360494,-0.94264065843645051,-0.30566730934571601,0.96638995828935559,0.056181512347418694,0.25086667014143882,-0.21930427140767728,-0.32904745361854859,0.91849518768989513,1.2985961776236883,-19.233982120892531,2.8041856946182646,,0.2249651673376105,0.4074074074074074,0,7
-0.8135448217213076,0.57514841976244757,-0.085726998636387497,-0.58148014740515208,-0.80334081767904786,0.12854714630997985,0.0050656908834309389,0.15442741303122337,0.98799115020345984,14.916306176545344,-2.2854481026780178,2.1996145753125944,,0.1224956740177486,0.3888888888888889,0,5
-0.57406972314925309,-0.7717508859770984,-0.27357727054143771,0.77061519707383896,-0.6221664397946095,0.13806208470158732,-0.27676013260978821,-0.1315655395111642,0.95188987693479987,24.118130516502625,-8.2816637058516598,5.1299635913048718,,0.1444083236312274,0.4285714285714285,0,5
0.14238580014207791,-0.95494170761391617,-0.26040856164366155,0.97530103040387839,0.090473079077243418,0.20150067507434788,-0.16886143435087619,-0.28266757334668446,0.94423771316722149,-7.243261636140339,-22.787500597641976,2.1909779193970786,,0.3256936370622107,0.4166666666666667,0,4
0.94326834983878938,-0.27882563930877835,-0.18028056760632036,0.32038636762780059,0.90687061765703192,0.27374853108028779,0.087163040508403941,-0.31597776139216294,0.94475428481427182,14.875497929021735,-0.4672798663774545,1.9212377282358766,0.2233253159292025,0.1803710386713621,0.3142857142857143,1,5
-0.72030585681626302,0.69322659184113489,-0.024420585589076529,-0.69312764900464119,-0.71793580211769503,0.064360284515533994,0.027083847981551928,0.063285672959573366,0.99762788091380339,7.9585275153643265,11.431710736608713,-1.8915047347106102,,0.2973002595977661,0.2142857142857143,0,2
0.9646125871410296,0.23511897870930362,-0.11933826955249481,-0.16774021080433554,0.89641181019560667,0.41025490639497841,0.2034349488372314,-0.37571922015320092,0.90412902242935644,-12.934575291122494,-22.671062323097658,1.1993458742078158,,0.1734965901796136,0.3636363636363636,0,1
-0.97007764846140332,0.20804876767848501,-0.12516016228439408,-0.21612375510843729,-0.97483357309303831,0.054681141616524209,-0.11063398408002993,0.080095037537427485,0.99062854114368015,-6.6631302734550308,6.3695346311552248,-3.7441769376222962,,0.08047437416068824,0.3150684931506849,0,5
0.85971253757797783,-0.45957554357109565,-0.22290058878918323,0.50859777470491119,0.81050851519149536,0.29052409601836526,0.047145055906689631,-0.36313395125409015,0.93054343109289961,13.23708825762874,4.2794190987952261,0.6148950947678461,0.1794955426198299,0.255640949168351,1,1,6
0.97255357270991483,0.16885547542493742,-0.16008552910302817,-0.12318039364473038,0.95733045809669892,0.26142873717686615,0.19739842661659543,-0.23453405385866682,0.95185484121787722,-6.7192240584242242,10.305717212512528,-4.4080666760010621,0.1436272847363992,0.1290792881894756,0.2093023255813954,1,5
0.73600717962005624,-0.65353622490805074,-0.17658945121570394,0.67629542218114924,0.69813976163934577,0.23500079820072434,-0.030297417126725568,-0.29238891215483903,0.9558194340796583,-11.091402963845203,4.9882585303235532,-4.2566298367108422,0.1414425958029485,0.09900699031411336,0.5254237288135594,1,4
0.20868675567803144,0.97694112609494133,0.045120662106460721,-0.94408439127769361,0.18919724813238056,0.27001678363568582,0.25525379556512767,-0.098946639374372758,0.96179782823944548,8.0844023836355223,5.0659040253426983,-0.61776970322192237,,0.1099174209811122,0.35,0,4
0.42709598760184531,0.89707265939538983,-0.11335634582892373,-0.86388507802258363,0.44185070349933975,0.24180679847153189,0.26700484891536669,-0.0053478577412645473,0.96368034693733395,0.17850347942518527,15.166122362641898,-4.1640085023794118,,0.08602579659744036,0.2727272727272727,0,5
-0.79045441996124899,-0.54391028596159452,-0.28167962437652921,0.55008941489826824,-0.83264057234654609,0.064119520423171525,-0.26941315034832075,-0.10426542143775734,0.9573637116121545,17.012667178105747,4.5553553551870616,1.2268341270856702,,0.6577472333714902,0.7647058823529411,0,4
0.06788920932928888,0.99325108070888513,-0.094039065963432353,-0.96913650891416792,0.088042215972185936,0.23026722584068457,0.23699257867347215,0.075504032192577147,0.96857300126338408,-7.0238896639519472,7.921587451281404,-4.0660082982162464,,0.07134173621048009,0.1882352941176471,0,5
0.95412667674248697,0.26154194469705838,-0.14573296089909832,-0.20098796185712861,0.92027610201108767,0.33570185471009095,0.22191467711004301,-0.29101152422431398,0.93062676130218092,4.3378433797526368,-17.512353187550882,3.0221306211200467,,0.1853576603811274,0.3076923076923077,0,4
0.11554024239446169,0.99104814391165008,-0.066888181592141341,-0.94912032174295113,0.13001054784397043,0.28682376523549874,0.29295232929947301,0.030345245073732433,0.95564538342390859,-11.330876571168774,-19.392016414935814,0.72435187443303173,,0.2409106583001373,0.3181818181818182,0,2
0.16090251196311986,0.98329672631946019,-0.085076022787805114,-0.95774030595705151,0.17637897187924226,0.22720907689640135,0.23841956293318589,0.044922224880948908,0.97012272714460934,-2.1215838449329878,12.689150186256484,-4.0536264244109095,,0.129323039427247,0.2222222222222222,0,3
-0.95756114332168463,0.26552787525701033,-0.11212316559018631,-0.27057690429046671,-0.96215862163397614,0.032232370064785153,-0.099321677719691734,0.061202404175843252,0.99317142027851435,-15.624937065179889,1.9618322292181687,-4.4854043245113155,0.8677803067396802,0.4987403666128409,0.4863636363636364,1,4
0.28981586221074834,0.9483796996915248,-0.12877387632611398,-0.92079675729646404,0.31298974894907361,0.23274610373776836,0.26103658318970668,0.051121055014628054,0.96397434611655219,-14.195261330070569,7.7285877236194294,-5.379656051543952,,0.1027581972773854,0.3076923076923077,1,5
0.82721064175891557,-0.49187338892304067,-0.27163049061209499,0.56189156843211185,0.72468690520453671,0.3988818806990021,0.00064767716145497172,-0.48258621892303866,0.87584822990051225,10.717332297573297,-0.40719133845554689,0.99122219166795,,0.1432531793409516,0.1176470588235294,0,4
0.94070805441165872,0.31579670905159724,-0.12385796267181556,-0.24879325849414569,0.89051109559490194,0.38090931092614749,0.23058679687461994,-0.3275094306650545,0.91627905243574925,-4.7726273211398347,-11.018342025123424,-0.17418875728398464,,0.7973213156867028,0.8181818181818182,0,3
-0.20849240333315647,-0.91136268379348262,-0.35489290827108011,0.94580118800061186,-0.28025752774018015,0.16406044898632166,-0.24897998017711323,-0.30145277695470485,0.92039947454206072,17.211767580617273,2.4624476184615949,1.6886481803449886,,0.2398645426065528,0.4,0,4
-0.97675453578468285,0.16249649813670011,-0.13980509617806677,-0.18614897708567643,-0.96639335312963404,0.17729197770011773,-0.10629739015613388,0.19919531902173848,0.97417764792968997,-13.99944225657876,3.0693666187241555,-4.4518896668985946,0.1441903545414897,0.213810067550946,0.1774193548387097,1,3
0.98576713954438744,0.05027331519823109,-0.16042362785280301,-0.00047009948203552513,0.95506157288333715,0.29640710350476046,0.1681158100862388,-0.29211296749816518,0.9414919482494063,-22.929828958383126,3.6632864206602065,-6.1971948571742388,,0.07211369167081111,0.2941176470588235,0,1
0.20148058593611845,0.97881025153469925,-0.03655222266041374,-0.94578291003487647,0.20411692396490752,0.2526479139772671,0.25475529548333004,-0.016333182227669024,0.96686760550838535,-5.3235632056623174,-21.33728255855085,2.11998703083216,,0.1996029240096608,0.3571428571428572,0,4
