axis_00,axis_01,axis_02,axis_10,axis_11,axis_12,axis_20,axis_21,axis_22,location_x,location_y,location_z,dbh,dbh_approximation,score,reconstructed,number_clusters
0.86387863192004533,0.50065265027673522,-0.055322988737344141,-0.45948704463072104,0.82828065805554374,0.32065995588411372,0.20636221826796936,-0.25159108740564923,0.94557736838905282,-20.632308275237815,7.6865531497504849,-10.443742287351752,,0.4880398303167502,0.2727272727272727,0,2
-0.66225290328096809,-0.65180024214809518,-0.36956398151282543,0.72488351481173952,-0.68217329972013419,-0.095830470640195342,-0.18964435675786978,-0.33135484527108883,0.92425049876387166,23.847312913398966,0.4474351313301646,0.61119847804382377,,0.4589428927833438,0.6486486486486487,0,5
-0.76191083590485575,0.62127063494459889,-0.18307014034598273,-0.63421920861928083,-0.77298097061518101,0.016322208341563088,-0.13136922603523429,0.12854266693338348,0.98296434789292142,-6.0780419308587286,-14.659238087038782,-5.1669984642119191,,0.08734287781187755,0.5172413793103449,0,1
-0.54506014801909464,0.8335158821559564,-0.090336643922498294,-0.83499517700150472,-0.54938469174588656,-0.030976036859207717,-0.075448587963117597,0.058546858746263718,0.99542944295681601,-24.558698589019542,-4.7564979084208128,-10.185231656712668,,0.7057428333600477,0.6521739130434783,0,1
0.3642775054230255,-0.88535572070291113,-0.2888721981454872,0.93075605625388491,0.35661782095976152,0.080727278664810276,0.03154461585583223,-0.29827667959889115,0.95395804919187499,-14.8361298295043,12.284587522157238,-9.6268895463300463,,0.08434431124510267,0.25,0,2
-0.73368040307767868,0.66537981826213255,-0.13777795030129439,-0.66813818403070679,-0.74334863014618058,-0.032002829561561051,-0.12371108753836124,0.068574860621427508,0.98994598605723327,26.505372806658279,0.40115429333218389,1.280542070531965,,0.1838571053191652,0.2352941176470588,0,1
0.97893950519599748,0.09072077103478253,-0.18288572079162044,-0.05850158643136328,0.9829284738387718,0.17443961620571469,0.19558887890580526,-0.16006672677304892,0.96753482285059533,4.3302198557337475,5.8508733762720402,-4.3208698739319331,,0.1399388101919412,0.4190476190476191,1,8
-0.23466565490596059,-0.92494119448121637,-0.29902477683164852,0.96720657001666721,-0.25292036803005069,0.023296745526732228,-0.097177576241385025,-0.28375178270313017,0.95396092398412513,18.254815401278531,-1.8964645968581715,-0.45418993407203062,,0.09271992401332321,0.3793103448275862,0,5
0.47727030087474526,-0.84604755693385691,-0.23752177017945456,0.87730185530117366,0.47429079837793048,0.073414530299821826,0.050542206006941932,-0.24341686461762871,0.96860400341505637,-13.583686114186177,-2.4133570406514169,-7.8350767489714528,,0.09828584520570728,0.2450331125827815,0,3
-0.73886096258322631,-0.61106532659955126,-0.28404866589788941,0.64541886008346838,-0.76290067869504974,-0.037643717871479042,-0.19369814924036677,-0.21114383977377835,0.95807061634643631,-2.3498023917909832,16.771952177983692,-6.8181160430879197,,0.1348027789094818,0.3333333333333333,0,3
-0.88219338082253407,0.42515272347021504,-0.20243517618923432,-0.43951891008555904,-0.89773322125223276,0.029969837124885053,-0.16899102493952103,0.11541327993757347,0.97883696717274737,-5.9238120242959713,13.250162262838478,-7.4783417165839703,,0.09142515080189488,0.3888888888888889,0,3
0.013789856024341776,-0.95719564340070262,-0.28911302309917336,0.99886409047218316,-2.1547818980033901e-06,0.047650065692876727,-0.045611058264487588,-0.28944170440707429,0.95610832603524687,-12.606737568914843,13.494978644305414,-9.2430684108132759,,0.1167967533420605,0.2307692307692308,0,1
-0.062800880614768795,-0.9593840504934098,-0.2750241681250335,0.99452406891579714,-0.083222325456805829,0.063213296803182675,-0.083533979560268451,-0.26954830402808821,0.95935696487512145,17.914611985133405,6.1123122184832566,-1.1242497156287217,,0.155206087080045,0.3125,0,5
-0.50060567972120551,-0.79171867274920171,-0.35010783574652127,0.85639026963196696,-0.5120030124043472,-0.066697986240676466,-0.1264502254270724,-0.33321833459327721,0.93433178367233471,22.934648481858208,2.1926002453885531,0.3361143124560691,,0.3662222361472211,0.2727272727272727,0,5
-0.26545017907360047,0.96200663368229222,-0.063870487559260503,-0.96412415126134277,-0.26492928282746114,0.016646202423461209,-0.00090740530592722053,0.0659978170229234,0.99781935477511163,-12.289230057522627,1.5438951147757851,-7.9223594440837122,,0.1647158679673107,0.3076923076923077,0,5
-0.33684365916475956,-0.86561061679515494,-0.37047889193853839,0.93416748754902712,-0.35645233936027426,-0.01651771687995806,-0.11776015661858603,-0.35165322386706455,0.92869400539524716,11.741044549916634,4.5613201948825131,-2.4208620430782259,,0.3303027331800161,0.125,1,6
0.37707149684135394,-0.86869467559312197,-0.32122678416654499,0.92551151373529739,0.36662511024869693,0.094944544227292441,0.03529198511302932,-0.33309996867500635,0.94223080328308662,-4.5300957791217042,10.042487788919596,-6.8267638465122005,,0.07914426539695972,0.2592592592592592,1,3
0.71792560138039929,-0.59628435480028108,-0.3592043973881805,0.68315937612503042,0.70262161804240886,0.19903800810882283,0.13370152465492927,-0.38828833369016014,0.91178729549444149,10.191064027082909,22.648612358749162,-4.3023430066957582,,0.3006920130250615,0.2,0,5
0.45115519502382317,-0.80378994963626216,-0.38778951361112363,0.89115891756128285,0.42907560479311668,0.14741068150722647,0.047903795820580734,-0.41208717795529271,0.90988426962489244,10.882560627546873,6.5405429630382876,-2.7661292011935892,,0.3279463643088922,0.4146341463414634,0,5
0.59601734125729544,0.80192228413608568,-0.041036314729138539,-0.79324920349925887,0.59596003725283186,0.12484924967894608,0.12457539912991325,-0.041860293878179675,0.99132673005828731,-5.0864623210686979,-18.265938095950176,-4.6457637174014863,,0.6079148187236664,0.4705882352941176,0,2
0.92915247116137401,0.3185286647600109,-0.18765706770840038,-0.3020164253935862,0.94674551073765068,0.11161996546579066,0.21321764497149645,-0.047036449954353458,0.97587181957903646,1.1532977970925031,7.4611924467098065,-5.1477464276148481,,0.07372517594925998,0.3125,0,5
-0.40096444078930632,0.91569987170090383,-0.026856324943437409,-0.91526879337244516,-0.40167499535450646,-0.030663235078937482,-0.038865834624612017,0.012285889219181167,0.99916890655435597,12.253028175039967,-2.147704033899851,-1.8218909492681461,,0.3771170466966983,0.4592592592592593,0,5
0.85131594980700487,0.49436637701103792,-0.1756787946371928,-0.48307088988447827,0.86924106702464876,0.10517833780806719,0.20470385670625499,-0.0046746848909755244,0.97881279025703116,-24.12711368802093,7.8617534804078888,-11.284094376316741,,0.09317150983993333,0.3529411764705883,0,1
0.22307727663748617,-0.86301682255910839,-0.45325323234146181,0.97480075724823478,0.19754913023945617,0.10362347615237973,0.00011097869572163667,-0.46494763696744945,0.88533817412450633,13.839893239800288,8.1328349075097162,-2.1453675782625998,,0.2840352505847467,0.5,0,1
0.34432090858972103,-0.89195618256505438,-0.29301412985029496,0.93779117274241464,0.3415847775196853,0.062189678349664282,0.04461869825932193,-0.29619927101666521,0.95408341543852482,-18.062064719335826,7.1479144067404619,-9.8390100360783741,,0.216375848014264,0.1515151515151515,0,5
0.91059612277112223,-0.31849247217204163,-0.26339560809539098,0.36044431945816752,0.92380976397432935,0.12905585053004334,0.20222411766289911,-0.21245720782180041,0.95601639163773078,-21.679552687863719,1.07922959312749,-10.104568589442447,,0.145207472263576,0.1351351351351351,0,3
0.45821836792264375,0.88251537286635462,-0.10584207080771763,-0.87790125734940261,0.46798323924925161,0.10139561196676086,0.13901550144730276,0.046457555212632971,0.98919987157349476,-3.2761375350274169,8.9644915061497716,-6.4157266081088524,,0.08522971117040101,0.4791666666666667,0,5
-0.48032715494041917,-0.8413429778153495,-0.24784635948030753,0.86604117491386035,-0.49965738005264998,0.017753476074880245,-0.13877502506093115,-0.20611767570909861,0.96863666881840493,-15.077996698490312,1.2520622898988383,-8.5063631924622509,,0.1461028817523193,0.5478260869565217,1,5
0.8487290642851324,0.49644396486495662,-0.18221516179189126,-0.49000950929722087,0.8678464762472502,0.082055922781528082,0.19887095372622998,0.019643915454738911,0.97982879134552237,-22.1270431688942,5.6930179811375066,-10.611675874828501,,0.08561855383459276,0.375,0,2
-0.25546007993929326,-0.92681778475354892,-0.27522525578502682,0.96204983188921878,-0.27192449256127532,0.022741840453622698,-0.095918030209835956,-0.25897077867940343,0.9611107466212454,-14.299475741784873,9.0177367587194706,-9.1912880758325421,,0.07490675616518683,0.1666666666666667,0,4
0.38370559997889736,-0.89113567697144613,-0.24217187651227343,0.92266725066917665,0.38079327663825108,0.060676395819844207,0.038146521301638203,-0.24672593235358528,0.96833421772487061,-14.8688467182614,2.4597784801880374,-8.6397116893218069,,0.1242286880420496,0.6130653266331658,1,5
0.5267746249567451,0.84934261715065462,0.033550159364116865,-0.83616241849393613,0.51069781991290963,0.20005036024604814,0.15277730328832462,-0.13343483588583063,0.97921102943751082,-10.905925969705629,11.335746534844779,-8.5797495298139772,,0.4116292023186695,0.15,0,1
0.95005842365635584,0.26119221236264278,-0.1707853033510455,-0.24507072177545727,0.96325941567294882,0.10987101276435977,0.19320800440990274,-0.06252940363155389,0.97916328603222547,-14.232392001386971,10.220714112618825,-9.1992757544880686,,0.1049993163771287,0.6111111111111112,0,4
-0.88478045326988541,0.42626262813566967,-0.18831813870790229,-0.42552043034672216,-0.90375644776374264,-0.046439708041748809,-0.18998924408786255,0.039044269494180661,0.98100949646300029,-10.857886227366691,-15.245775008864447,-6.2102887945247138,,0.2935656150488134,0.5,0,2
-0.71170185450346968,-0.61877305311843012,-0.33256635282424424,0.67865596171365727,-0.72788271495838375,-0.098045086033542686,-0.18140164256928418,-0.2954770075645653,0.93796949954348574,7.0322463975744407,4.000254442327452,-3.4433284689489159,0.4752407230924371,0.2208418123835023,0.1515151515151515,1,3
0.34058871380828759,0.93891706181907153,0.049336386688294175,-0.93270333369630709,0.33078449331228399,0.14368754398321937,0.11859097494417674,-0.094954568132218586,0.98839253874794719,-12.461752180987737,5.8603483154162932,-8.3852965183030133,,0.4460261994114425,0.14,0,3
0.96529028804431771,0.19441715801238718,-0.17440363665275327,-0.14245116107263509,0.95159399144824508,0.27235370779311341,0.21891168656875615,-0.23805638850907776,0.94625938799762466,-26.792305966060017,3.2872427178964969,-11.44790515349534,,0.306537045492133,0.28,0,3
-0.2640482419207999,-0.93223954047408886,-0.24740243554822761,0.9594918992908229,-0.28001628357762509,0.03108337379798122,-0.09825386065608202,-0.22917312256902028,0.96841409467135542,-13.336955079757496,4.2102950033822735,-8.4345582203404188,,0.2945428056732214,0.28,1,3
0.68153156426131889,-0.6241732870303508,-0.3819979511374989,0.71952636032130657,0.6667267348777054,0.19431232025295656,0.13340368704909572,-0.40728757500940488,0.90350444798277896,-3.7132083211699727,12.371141427725567,-6.758070281919454,,0.3449666393177969,0.5555555555555556,0,5
-0.97118352677013053,-0.10515720636233164,-0.21387968412264169,0.10636070962709933,-0.99431007368787272,0.0059056591873238454,-0.21328374710218992,-0.017012916060656379,0.9768421591583577,9.0677673807995571,1.8349754901120467,-2.8125753270940956,,0.4105479141690582,0.9577836411609498,1,5
-0.75896117482015535,0.64804913901620498,-0.06332652316341042,-0.63938232972207343,-0.76012372894016977,-0.11576766880811819,-0.12315913102480176,-0.047373306011379748,0.9912555666036732,-8.7533579185426031,-12.460785944829153,-5.9388539589253533,,0.5339917895906171,0.2903225806451613,0,3
0.97822428319646348,-0.0068725699967462977,-0.20743678445831151,0.028895989414315561,0.99422759660981697,0.10332718875123716,0.20552925232319597,-0.10707125627873181,0.97277616773765663,4.0924021974693119,10.326170266628985,-4.6516231319991164,,0.1019421750470211,0.3243243243243243,1,5
0.82797853661544585,0.5530469913356254,-0.092685318571811434,-0.5239779726613828,0.82190360593289158,0.22343130201513406,0.19974640690088202,-0.13643125715584217,0.97030298618579169,7.1276180827860944,3.2078543761097453,-3.4181587042413701,,0.683209925567042,0.1956521739130435,0,2
-0.30188980790239672,0.93387858605581697,-0.19165941247703436,-0.95321186994335749,-0.29901766241334332,0.044447368470445663,-0.015801103877315856,0.19611023448878914,0.98045453797971216,-13.647472170083098,0.18770257094300763,-8.1258656975055974,,0.1523190491345673,0.7238605898123325,1,3
0.78723359485709155,-0.55651830411602743,-0.26561371258314775,0.6014021204537805,0.78809719521405031,0.1312185215944956,0.13630391279078857,-0.2630402784357736,0.95510787625186799,-7.8260510799475664,-0.16714483432424301,-6.6793111272611023,,0.4003890021172795,0.9398601398601398,1,5
0.41824625742872984,0.90781709529033405,-0.03062988157797723,-0.90300297544835739,0.41920317412538421,0.094097423634313615,0.098263393378579381,-0.011697021066193141,0.99509169689024313,-21.2929898903589,17.272571662455999,-11.882534636142871,,0.7179380518905448,0.896551724137931,0,3
0.97467240659958332,0.11194237111757206,-0.19360424933857193,-0.076615480290882165,0.98045853232551305,0.18119363832623511,0.21010418366413749,-0.16177135697853573,0.96420239580087641,3.0400486788675019,11.689255287374257,-5.0339750315092306,,0.1337678361671829,0.4047619047619048,0,5
-0.96773219194336224,-0.12310564971510624,-0.21986223796895613,0.13306133291273545,-0.99062276937709237,-0.031003394574581379,-0.21398384602577503,-0.059258145430670872,0.97503814583847737,7.0947486066924732,1.805686612994656,-3.315580700541056,,0.1122290927482386,0.3881578947368421,0,5
0.27003420907155867,-0.84359010781277222,-0.46415219048447043,0.96283935807507814,0.23892720626114813,0.12591330608721929,0.0046793666952668414,-0.48090489715605644,0.87676027705334236,-9.9643106017816887,-6.74725457464241,-6.6678849094035701,,0.08291243941724175,0.2727272727272727,0,2
0.82871638430897021,0.53769163361515804,-0.15529604476009676,-0.51878144415414074,0.84211873150977778,0.14731549559264728,0.20998801770389558,-0.041518058488153646,0.97682203253211031,-7.1367489139299858,-13.494840790281286,-5.4870308633149421,,0.6103597810084768,0.6842105263157895,1,3
-0.66436919425145247,-0.66036393293018347,-0.35004721083684631,0.73050198242385933,-0.67276465390192786,-0.11727989655107421,-0.1580519769078737,-0.33362733183178978,0.92936127316039707,24.946625679238437,1.4529066669510924,0.84242475690194318,,0.6526825150924235,0.5185185185185185,0,3
-0.88159821970296426,0.45457279049425897,-0.12707539950292576,-0.44409837116195539,-0.89004961435069241,-0.10289956620648757,-0.15987875327217099,-0.03428209644184254,0.98654119129192486,-2.6345323729321253,6.5528690967953134,-6.0012323325126404,,0.161106242319759,0.3333333333333333,0,6
0.46327556801413478,0.86331246269411033,-0.20016827880113794,-0.87490256711212067,0.4815159340248753,0.051844993401214165,0.14114264466064383,0.15110922221089387,0.97838885767419548,-33.371161951310015,5.8520797927495867,-13.22561439974265,,0.1549608192440639,0.3333333333333333,0,1
0.97712402015807098,-0.011474435141106453,-0.21236051084964683,0.048511042499268339,0.98424411337094153,0.17003000926390627,0.20706358440287045,-0.17644223596645567,0.96228520168471565,4.8367093505041749,14.681786992656164,-4.9104270906646352,,0.1184965418841657,0.2222222222222222,0,6
0.97030457970105655,0.067368961814930878,-0.23231540111481397,-0.028582486210946393,0.98563650155414584,0.1664443699441589,0.24019172361503144,-0.1548615826733194,0.95829318380063511,-4.4169398506351225,17.983923155753697,-7.5369350541882678,0.5171439637263642,0.2203546792527956,0.125,1,4
-0.61667137939321248,-0.70851863700305118,-0.34310020527042873,0.77188813409850288,-0.62980983615620556,-0.086765654027526187,-0.15461280113626816,-0.31834087280811363,0.93528282910816052,-7.6253520724814656,14.739062356974872,-8.0155408651344171,,0.4425537339389352,0.5714285714285714,0,2
0.97479176822550162,0.097360519936740081,-0.2007534252695258,-0.072479684704204128,0.98915102453913428,0.1277769382884103,0.21101588543277641,-0.11000536264577609,0.9712729360402218,-5.6049356193899413,-4.4272166982011294,-5.840321817988487,,0.07142191987938894,0.2961165048543689,0,4
0.51060373222630706,0.85754895239801232,-0.062398901253435349,-0.84810589870951447,0.51425818487839348,0.12749472090916469,0.14142211004892907,-0.012178404109339918,0.98987447348775337,-1.9888483257135932,-18.432685574874707,-3.884190997332825,,0.3109091909131462,0.5666666666666667,0,2
0.2276580638915093,0.95958982667132697,-0.16540607756083964,-0.96724592705683199,0.24244023355451846,0.07522000894709252,0.11228144342294297,0.1428639132283715,0.98335282567343918,-15.674975913466369,-0.6605814774385993,-8.5120250756352132,,0.06707326759344819,0.2653061224489796,0,3
0.20987297998482218,-0.9224692036437997,-0.32404305362261093,0.97765502461637188,0.19392895150385639,0.081130848701206487,-0.011999379761206646,-0.33382949255179784,0.94255709895366957,-16.21601203081536,2.5975247312457199,-8.9462463157056717,,0.100950823712075,0.3333333333333333,0,5
-0.84998548149527664,-0.41797989533217833,-0.32065166200309086,0.48348254796146106,-0.86065879378428434,-0.15972184101892492,-0.20921115425315326,-0.29079072849711451,0.93363346402974523,20.514735981083938,-2.6826857863377152,0.099260842487447876,,0.3357203582939757,0.1428571428571428,0,5
0.5261377893539918,0.83856027294749735,-0.14140613582130626,-0.83718913945602524,0.53994884802647092,0.087003369427670771,0.1493096493552086,0.072607920705017828,0.98612104655580657,-9.1443849080057742,-0.11029063007027028,-6.9614886297768246,,0.09174806497557782,0.4376996805111821,0,5
0.51919545243588683,0.83941529552071348,-0.16067994217004211,-0.8428076908557387,0.53406406153524555,0.066714124523185453,0.14181423907461654,0.10078462096148748,0.98474929894533925,10.793695023633775,-6.5865687322961497,-1.8374188857120635,,0.6746510936354111,0.9097222222222222,1,5
0.39570106367030417,0.91670448670902815,0.055439627142748547,-0.90935465432390716,0.38265595332166435,0.16324378716182625,0.12843200874251379,-0.11501002319374382,0.98502685937761991,-15.114837865212673,7.8527697462565182,-9.2711891742464427,,0.08648935592275564,0.4210526315789473,0,1
-0.52238260085708099,0.852288421701204,-0.026848920944100439,-0.84967064407962567,-0.52291843594552589,-0.06794193062902372,-0.071945916570057347,-0.012678942477823823,0.99732794481381026,2.7098818484335929,9.0421230679925682,-4.9335889285650989,,0.1655677730728171,0.2258064516129032,0,5
0.12386810105873083,0.98259183096186375,-0.13845572312879076,-0.98814378232314404,0.13489803792085786,0.07331019588852411,0.090711404995265268,0.12773336718381434,0.98765157212028487,0.76975244454126512,9.7732875928751284,-5.4389328189321011,,0.2282100016135004,0.1842105263157895,0,5
-0.71084262053398528,0.69039236212510213,-0.13439179718902833,-0.6969583342286767,-0.71710709674163231,0.0025479701674208876,-0.094614212365604466,0.095476688893715342,0.99092499852225335,-15.464195258949552,-2.8678985161661275,-8.2254451617598967,,0.2351891563370498,0.3103448275862069,0,3
0.66134075549252891,0.74186906322328394,-0.11071900540005152,-0.72996128003186567,0.67050979198182914,0.13256375262764317,0.17258312425845651,-0.0068492254080135626,0.98497114340091174,-24.621744567850801,-3.0455638150781814,-10.326791830240913,,0.2285840837168768,0.3666666666666666,0,3
-0.11912908237627329,-0.90961595750610724,-0.39800385875319905,0.98941576535677356,-0.14220900022832969,0.028862493266003961,-0.082853515288479562,-0.39035293018537515,0.91692959647948713,-7.3651934694586343,-16.997499230800674,-5.2791369858643629,,0.31920712653309,0.4571428571428571,0,2
0.23915013809433047,-0.91978656469745701,-0.31112680188552183,0.97097548097655617,0.22776613151897604,0.073001401871643584,0.0037184394317185793,-0.31955479144417576,0.9475605038588627,-17.16504623567533,8.6504063621257838,-9.8227345669736188,,0.6766844605537096,0.1724137931034483,0,1
0.92472329886599891,0.3227067922980198,-0.2018592250532717,-0.3163699553811864,0.94648658389354534,0.06382160951929329,0.21165271523533746,0.0048448647297658805,0.97733292967097962,-10.664473195919115,3.2967519233964535,-7.7422569083320845,,0.07240427326420751,0.3247863247863248,1,5
0.83541530087999938,-0.41178976302866477,-0.36401987050211587,0.52813328781947666,0.78482149171195648,0.32423827109705983,0.15217261696038156,-0.46312462384526348,0.87313176407436555,28.317559020037763,-1.8555939930683822,1.820864245353442,,0.4054965861719669,0.1818181818181818,0,1
-0.31785564113471881,0.93891180308609112,-0.13195611931419424,-0.94789316499725929,-0.31785044161097459,0.021671283284272997,-0.021594887133660829,0.1319686432200223,0.99101863658376843,-22.693981175752292,9.404259074529504,-11.078445884753219,,0.09143698316030205,0.1428571428571428,0,1
0.9682222042555515,0.14905183269590258,-0.20082159833173802,-0.13421164947264233,0.98724287931033339,0.085666390123989064,0.21102842541315106,-0.055991503114629727,0.97587496906448579,2.2097335363579034,7.5431940017770041,-4.9147556980953073,,0.06628799029996456,0.1555555555555556,0,5
0.96306419051816727,-0.14713447848669831,-0.22551897964924295,0.19578463501727497,0.95760823005461948,0.21131695252111829,0.1848668213410421,-0.24766494094261204,0.95104486508006192,13.096981490194441,1.9514787307830221,-1.9411053264579068,,0.1881334640157369,0.2,0,5
-0.54189104214241057,0.83991973415708321,-0.029815073692767046,-0.83761280023093243,-0.54263442007362517,-0.062870366951811904,-0.06898474711925115,-0.0090954013025028643,0.99757625189257504,-15.317445696584958,6.0975018469700588,-9.0858509022828073,,0.1564298391051914,0.3,0,3
0.90029165382320708,0.39394830600435676,-0.18514769848035598,-0.38245293290841703,0.91900426060933105,0.095712711233393741,0.20785738419893862,-0.015359074783159744,0.97803855070021695,-10.32877657411831,2.210128174414792,-7.5204471752975346,,0.5566769305170001,0.9750623441396509,1,5
0.080221539492310798,-0.92039971123997166,-0.38266026204828485,0.99578381922499182,0.056867151324847376,0.071977166309098131,-0.044486964058859789,-0.38682101629768695,0.92108111009793925,13.047419836229013,8.3356213324757746,-2.3860446917275198,,0.1443922425704214,0.3666666666666666,0,4
-0.82138179142470913,0.54456132394574686,-0.16966118347574563,-0.55061425610463077,-0.83465392350303991,-0.013295448669582412,-0.14884855958416077,0.08249722688331218,0.98541276319432947,-13.949539815395203,8.0840200643866815,-9.0012242648289433,,0.06708797433128305,0.1333333333333333,0,2
0.70170955778630062,0.68690871223562489,-0.18910345730882394,-0.68752071802388437,0.72247144814335573,0.073145532369143618,0.18686615209629892,0.078685625576966289,0.97922909144300097,3.0046110394350984,4.0400190759867636,-4.4936167829550033,,0.1176228951019227,0.4466666666666667,1,5
-0.89492053083639078,-0.37746891404405369,-0.2379799622193324,0.40093967362494709,-0.91429635168707013,-0.057528770239195601,-0.19586888880328349,-0.1468992859823221,0.96956483959395456,-15.945691710382663,9.7973190452472494,-9.6890786698748688,0.4010540444039745,0.214677859364914,0.9142857142857143,1,6
0.25934726357524596,-0.88564681254920397,-0.38518660451457282,0.96574755085117792,0.23434707741017885,0.11141416128238836,-0.0084062417870496876,-0.40088797778274882,0.91608851339173292,-0.98919246755715129,6.7808050308781116,-5.6690768462460088,,0.3332730666855035,0.5392156862745098,0,5
-0.11011536379977743,0.98749969344652777,-0.11277837602242848,-0.9939186994991912,-0.10934997774418805,0.012969238727944034,0.00047480636000139001,0.11352064926857663,0.9935355236470218,14.034090810466274,-6.2773518521674241,-1.1589418540992209,0.9347619159294853,0.3559170588110894,0.7916666666666666,1,6
-0.94984801532671836,-0.19319613534542066,-0.24589428839948435,0.2206101266257002,-0.97128844717573792,-0.089050123038303355,-0.22163014192588379,-0.13883085273287915,0.96519742774179385,11.865252889551035,-8.9980183114575905,-1.4452882447907343,,0.185307753796372,0.3571428571428572,0,6
0.65551331373392641,-0.71602921309827283,-0.24000929462718115,0.74875166309286001,0.65762427313296301,0.083073837048858082,0.098352643753207153,-0.23416336471833513,0.96720953060365611,3.2248068598996813,-10.920503375349606,-3.2931110416696807,,0.1838141525490911,0.5094339622641509,1,4
0.15832327810357846,0.97595168342795269,-0.14984008550678868,-0.98303152625820522,0.17003784558506857,0.068819687962470011,0.092643175641815914,0.13640176935411488,0.98631222202914348,2.2739498780684944,6.4346699267349763,-4.8308003176316765,,0.1888417851842031,0.1833333333333333,1,5
-0.97691656337102861,-0.033318479615819678,-0.21100688881510035,0.043636929904174705,-0.99805884416708535,-0.044433792640272703,-0.20911682514775343,-0.052615800820198649,0.97647413224528001,4.0622255731717658,1.4500371747100591,-3.9886279091789727,,0.1784423227067802,0.4016393442622951,1,5
-0.86511532492767473,0.4955136447002691,-0.077728389222597102,-0.47473449869804724,-0.85894529003610354,-0.19193786617212411,-0.16187226544778457,-0.12914804156722534,0.9783241553995039,9.3096544130781691,10.212829616603322,-3.4220252435020022,,0.5146655553167492,0.1951219512195122,1,4
-0.62456496385811855,-0.72114519384338083,-0.29978027839986238,0.75258533468395505,-0.6583082713347389,0.015669521719140933,-0.20864783713124324,-0.21582360688502045,0.95387957875802853,-5.8688443531095338,-5.3965034751153018,-5.8357818738649616,,0.3243749359832966,0.9351323300467047,0,9
0.19876303845570228,0.9800069491002249,-0.0089238029518922349,-0.97591712871395975,0.19875223158759223,0.089907220631332871,0.089883326743929973,-0.0091613401977710934,0.99591016533582144,-22.541828230297597,-2.5351501218666144,-9.9226721723135647,,0.3188110114540953,0.3703703703703703,0,2
-0.91688477319070461,0.38795070108804186,-0.093896571909353299,-0.35735683306677585,-0.90263742646416212,-0.23987865725537288,-0.17781565328034571,-0.18638650667752993,0.96625134596389184,4.8552175140118559,-8.1784046121053109,-3.1159735669319599,,0.4083561459643812,0.4210526315789473,0,1
0.86706442937629025,-0.43470594382232264,-0.24337217942055847,0.47119773702303808,0.87419709936981593,0.1172694507438687,0.16177752604962381,-0.21635658958983547,0.96281766612703956,-17.941750503334521,-1.0302720299473003,-8.9621105640633907,,0.5765220506278077,0.9904942965779467,1,4
0.49820601818668853,0.85156957740017158,-0.16315642276373493,-0.85441358279741586,0.51418987100964353,0.074740926421672627,0.14754047910268084,0.10216668438184685,0.98376510185540333,-5.8979728738234769,1.2458464031262095,-6.3437739852524135,,0.126552215453874,0.5970149253731343,1,4
-0.98074163182029084,0.088508937816319661,-0.1741034736617888,-0.051754984604580855,-0.97732892918869629,-0.2053036427817517,-0.18832756883434235,-0.1923391070414551,0.96308794755175042,10.514549826643876,7.8941859889566501,-2.9346136696986198,,0.6681489738445645,0.2926829268292683,0,3
-0.742613671012197,-0.62894525405473012,-0.23011476056050653,0.64240761168979388,-0.76608346711869213,0.02070221849026483,-0.18930767567323678,-0.13245372327509161,0.97294327435969374,-19.390658343661741,-4.5334436394432558,-9.0294746035729467,,0.0838928843896283,0.28125,0,1
-0.72691311162767891,-0.61362358378103443,-0.30832357284432033,0.66384416209690422,-0.74282428897125186,-0.08673525329538917,-0.17580744180388569,-0.26772779673032771,0.94731914910673032,29.088287454543835,3.4153036520308055,1.6327889144629175,,0.3055155618433463,0.2,0,5
0.89392594858496977,-0.38707634118416012,-0.22598297400898454,0.41617010792094916,0.90401048623557045,0.097813506476319076,0.1664296840095757,-0.18148539024288188,0.96920803412315037,0.22223747802653798,2.736132270609434,-5.0258768591658027,,0.08637902604451678,0.3705583756345178,0,5
-0.96666874864762531,-0.14605326103377123,-0.21028546152655206,0.14250265434308906,-0.9892762325776483,0.032023884245177422,-0.21270760186981569,0.00099025167282688681,0.97711539518544921,9.2050052295063516,-3.8051833078132304,-2.3883344977387657,,0.6333787404641985,0.5490196078431373,0,1
0.67729325757556513,-0.67646899681543438,-0.28924650315984868,0.72785962638412316,0.67339727043060993,0.1294468248222802,0.1072110419809697,-0.29820431338953712,0.94846190221496574,-10.921855851832683,6.9080339284778534,-8.1715584521542866,,0.4913507249089115,0.2348993288590604,1,5
0.87336459433228275,0.45485180488514532,-0.17419563989817266,-0.43866867851605784,0.88997978582047033,0.12452217200132155,0.21166973297045502,-0.032339085077918495,0.97680607477663706,-19.15689020366186,5.5611654618675672,-9.8770633221246094,,0.07880218768791762,0.2941176470588235,0,3
-0.89700320254471511,-0.34685835891779854,-0.27399732384345687,0.38552054903147337,-0.91714701769552121,-0.10107054074596993,-0.2162386665214989,-0.19629219745334511,0.95640483704336265,-3.6319746252789402,10.430640065042075,-6.5682048446006025,0.3519597551021682,0.1965297698667027,0.3728813559322034,1,5
-0.021104555062502292,-0.95372911460542609,-0.29992561362705195,0.99804851652665183,-0.0377317839260101,0.049754106772311971,-0.058768668647192934,-0.29829027546286319,0.95266424051169551,-4.8595374541485237,8.4729890393544185,-6.7269191879027348,,0.1030979758151887,0.2083333333333333,1,5
0.035914361731825578,-0.9601896804778004,-0.27703056893659977,0.99919417855375159,0.029530313555281698,0.027183710666897523,-0.017920718894353465,-0.27778361738098839,0.96047650140388319,7.5668767350326664,11.418503888026713,-3.9611774396336572,,0.2247273361770128,0.1304347826086956,0,2
-0.40907691383737183,0.89687789527151118,-0.16812530903654904,-0.91154920025968578,-0.41006291454142729,0.030437832112637744,-0.041642935429895306,0.16570590542021682,0.9852955997251015,-3.8602691734027377,7.478898906885953,-6.4152080858024867,,0.3242024110026961,0.8308457711442786,1,5
-0.6555501972411546,-0.64601748639858914,-0.39104391845971953,0.74174030386245859,-0.64801065295989613,-0.17292632904366154,-0.1416871925161578,-0.40341492401464002,0.90398071802398061,8.6976313628514887,7.9896341864590816,-3.4176073908730453,,0.4069461120526555,0.2380952380952381,0,2
-0.97054844363838055,-0.076800323746913271,-0.22833621881665367,0.077737481416856033,-0.9969618184698904,0.0049006628300188983,-0.22801886442590985,-0.012993951884583426,0.97357000502292612,-19.278335481876034,8.0214190098372704,-10.199467833602901,,0.1221027785043733,0.2352941176470588,0,5
0.26859861809398489,0.96201525778946861,0.048799857973807384,-0.95814744056489143,0.26162333239615276,0.11621838961575748,0.099036682582513455,-0.077973557865434542,0.99202412257810357,6.5087970647278146,-10.84982504496789,-2.5445785425824337,,0.2680229063144993,0.3684210526315789,0,2
0.95333448274808863,0.24820416896824318,-0.17189547553737416,-0.20095203147799431,0.94655912240580042,0.25227784055526981,0.22532564223430815,-0.2059624196234516,0.95226458332469333,3.2331360360092747,7.4632365087005796,-4.6731609570830948,,0.312770413876696,0.6428571428571429,0,4
0.78837951965045405,0.60386481928153846,-0.11749473617909394,-0.58693976414322802,0.79554242034103906,0.15037942247998543,0.18428088957678679,-0.04959372411905541,0.98162162581352685,-11.968224675895165,8.7313821423124782,-8.610820067501308,,0.1243097190017443,0.3170731707317073,0,2
-0.30727869559500831,0.93345384713635959,-0.18505058362447879,-0.95142222238655227,-0.3053105275165493,0.039764765013774808,-0.019379318421053504,0.18828010265000489,0.98192415438446157,8.8981006305020056,-7.8270120552804974,-2.1769323245969505,,0.1072272347311101,0.3076923076923077,0,3
-0.45546076508083938,0.88975783757651616,-0.029773846629835059,-0.88863320800856904,-0.45639461056567115,-0.045110764469329212,-0.053726279383319531,0.0059118455468431877,0.99853820006339999,11.676956347980088,8.1911262162540837,-2.6592766281648115,,0.1506271308812563,0.2727272727272727,0,3
-0.97463305334690953,-0.036765159908421066,-0.22076850848929772,0.074368993547766951,-0.98356564865783425,-0.16452315210628071,-0.2110916012596738,-0.17676803386699311,0.96134977925853049,-6.2777763696144664,10.810211033587327,-7.3326452197511136,,0.706008618431837,0.46,0,1
0.74836671791406506,-0.59207615148374526,-0.29898676619998821,0.65088097480789009,0.74229898572115516,0.15920481283703303,0.1276762004120589,-0.31374838109788072,0.9408829582933248,-11.405282912171124,-13.956517243496291,-6.4139433332211073,,0.5461947156928531,0.2105263157894737,0,1
-0.4924634714635292,0.86594528249428759,0.087284001970451566,-0.86807570851548743,-0.48149135758529721,-0.12087446734526525,-0.06264418216741173,-0.1352953816527212,0.98882297007301589,-18.554852218137871,10.755814382156405,-10.406115949197664,,0.5223452509854402,0.2,0,1
0.48769284398718982,-0.73804882093938851,-0.46630422240599961,0.87080341913408199,0.44924945697919882,0.1996905872300612,0.062105516245162029,-0.50344698163150459,0.8617911820957842,-8.7331486582003759,12.059656217090083,-8.0531258046709677,,0.512582661658245,0.1304347826086956,0,2
-0.04589478350481857,-0.940357108038686,-0.33707889018472492,0.99792913428885643,-0.058382508837523044,0.026998622174680763,-0.045067857554364113,-0.3351417491494556,0.94108920735098445,2.2743694778191932,15.23617655810126,-5.4943098478195393,,0.08521802762147125,0.375,0,3
0.62905661675340663,0.77544294503830968,-0.054552835939776514,-0.75837022129193965,0.62759352837793336,0.17607092490173407,0.1707699633318866,-0.069387334063576764,0.98286469948573163,4.2921955709741511,-12.046557175086029,-2.9489959243181705,,0.1412418528438837,0.4545454545454545,0,1
-0.50907533931818039,0.86072138753382643,0.00099596180814215786,-0.8581365114640831,-0.50745620970380034,-0.078037958233833568,-0.066663532687162519,-0.040581871259177296,0.99694989098488307,13.646498890762361,5.1189496731462114,-2.0318256603843161,,0.1648822043862962,0.4,0,1
0.4766078456845283,0.87799291750685726,-0.044422947220450773,-0.86330932238054836,0.4769796187143327,0.16488619475859481,0.16595775162008009,-0.040235309603979127,0.98531169917863104,-1.6281062488129039,-14.670017833610556,-4.1255430241000584,,0.1634805217336827,0.1333333333333333,0,2
0.80948228127925981,0.57902717439802442,-0.097293204303106395,-0.55025499746555373,0.80594559123088794,0.21833722023438673,0.20483621276305072,-0.12320403923628209,0.97101127215741234,8.2442897313957868,15.018519706986487,-4.085237555039904,,0.339212428899477,0.6111111111111112,0,2
-0.33234313578114721,0.93844924417799824,-0.094133183314374383,-0.94280215335427964,-0.33330224080015519,0.0058065401168377797,-0.025925657748397096,0.090678731681354291,0.99554268009511959,-13.597282909323251,9.4658834708345516,-9.0432490729318484,,0.2487643435006417,0.2631578947368421,0,2
-0.31634569064899221,0.93147795210525719,-0.17965029571255725,-0.94840598058396564,-0.31478518045742232,0.037899685446661439,-0.021248529369816988,0.18237081703547089,0.98300019587660115,-9.8865381496038864,-16.687404413825341,-5.8430196443372484,,0.6306877147909804,0.4074074074074074,0,1
0.5636271753831702,-0.75909362068035668,-0.32573191770530446,0.82278721006516209,0.55082525345156774,0.14004551800469131,0.073113706805052345,-0.34694151553597974,0.93503260407047939,10.294504676875691,25.5142640465765,-4.5609822758521039,,0.2132195497082822,0.1538461538461539,0,3
0.82312267776281423,-0.51799355532451608,-0.23270525132631348,0.54807950730009736,0.83190220045124097,0.086876824079076181,0.14858637565489605,-0.19905126356456934,0.96865921945908895,-3.8098329190253182,-12.73127193634372,-4.7594222655089347,,0.2262707315774164,0.7543859649122807,1,1
-0.87536493133407822,0.45995088953211627,-0.14893426808192567,-0.46079907812606397,-0.88696818310134984,-0.030848853529096897,-0.14628891478390912,0.041624768882298477,0.9883657885756878,-29.004634405961227,-0.098651622954297261,-11.548185508866863,,0.1369161237244266,0.2307692307692308,0,2
-0.61722121225157855,-0.75288518139535388,-0.22847730474158032,0.77172274579883338,-0.63587131619654069,0.01056753780159039,-0.15323830710171954,-0.16979862447547722,0.9734918840765111,3.3092230915523113,-4.0560174162561466,-3.7331228463071411,,0.1726289189155125,0.4602510460251046,0,2
-0.95458350454660712,-0.1695482460359761,-0.24499739817729355,0.19939508192561167,-0.97454604541525958,-0.10247734710344043,-0.22138639107090083,-0.14667446141576423,0.96409266578322195,5.29038326510027,-12.786601042040578,-2.6671783789322823,,0.2223664350347736,0.2083333333333333,0,4
-0.26240600661295183,-0.88144354631061761,-0.39268353971207542,0.9594989018161828,-0.28156349158495159,-0.0091573806314740481,-0.10249363447054734,-0.37918237679756789,0.91962806613280623,-15.251800061385364,8.7740625184728955,-9.3722886848511742,,0.3071357691471045,0.2307692307692308,0,1
-0.92368917405601703,-0.30433170785083768,-0.23276709674759946,0.31905388188283185,-0.94733742887028349,-0.027503023778081649,-0.2121389407610256,-0.099669491109537489,0.97214353999538416,-5.6210855098934953,-17.470588468078997,-4.8295272228542157,,0.3782617487485795,0.35,0,1
0.88477398097066728,-0.3742835038591974,-0.27764520765934281,0.4333816481869,0.87987630000061656,0.19493086905883172,0.17133402934654748,-0.29279609873785445,0.94069925850495362,-7.7427141860400823,9.1201379998110923,-7.5144777049123324,0.4909277232041531,0.2716504841057433,0.2368421052631579,1,6
0.83583103640616752,-0.4158015159503301,-0.35846279850718143,0.51962271266061688,0.80988310498010674,0.27217933932428501,0.17714038237345744,-0.41376135102398065,0.89298534664987461,10.908381092199576,10.231677251048772,-3.0362724867571451,,0.4063404917089742,0.4090909090909091,0,4
0.59826218920939167,-0.73602419898252669,-0.31678183577111302,0.79645532709719224,0.58961189357260535,0.134226401636309,0.087984458291740786,-0.33260516152016811,0.93895289638471879,4.9527667339570591,17.897875917501445,-5.147535877144171,,0.1043200698944353,0.3333333333333333,0,4
-0.89630766372913584,0.42760566227670949,-0.11741366840923943,-0.40916980992114332,-0.8995913935152462,-0.15269378298540168,-0.17091705178101366,-0.088818479508456366,0.98127398778745401,-8.1690281461671983,-2.0551245598861794,-6.6428244774250205,,0.08401582691887063,0.391304347826087,0,1
0.97817555038251713,-0.0096928879264613493,-0.20755394613811695,0.026882506503124355,0.996419401850829,0.080160504360595838,0.20603379207782591,-0.083990615778673089,0.97493366593997077,-15.61465212620217,3.1829075925581396,-8.857322093498718,,0.07842189424269363,0.2708333333333333,0,3
-0.14499611204150331,-0.902206331009619,-0.40620175255531621,0.98567938230451291,-0.16743495320716284,0.020042248983325052,-0.086094615352193898,-0.39747864437058478,0.91356359629567152,5.0990882273955318,-10.624558971446747,-2.8908614536431658,,0.3565380979927635,0.25,0,2
-0.75525095164136657,-0.53317456477819747,-0.38120976314673471,0.62691419274617477,-0.75734082238887279,-0.18279352744765881,-0.19124485608303859,-0.37704079648882227,0.90623707869676828,1.4644581871180011,3.2258398379350228,-4.7729636472642598,,0.1146857868808675,0.3364485981308411,0,1
0.31977903365514704,-0.87676129686464577,-0.35920885005078101,0.94747156445455205,0.29839982541699972,0.11513113714867557,0.0062453330274200814,-0.377156694904556,0.92612840540826091,-0.32518775022528734,3.819135711371092,-5.2614232530288625,,0.2866737218520293,0.3525773195876289,0,2
0.74073026352236493,-0.61256111586652107,-0.27583972888336977,0.65995523953512714,0.74027045327108942,0.12829161244582363,0.12560954785453754,-0.27707135424323287,0.95260364588090907,-18.252817337031029,2.2761135057345911,-9.3981089999871585,,0.0877587610134819,0.2222222222222222,0,1
-0.70357331962679592,0.69751219968011469,-0.13587242253944931,-0.70114089896814846,-0.71250837332122297,-0.02707873226873803,-0.11569798487211329,0.07621383893068838,0.99035621220446723,-2.8290643310393975,-6.2009538029219122,-5.0961188962605757,,0.07446670576635986,0.2467532467532468,0,1
