axis_00,axis_01,axis_02,axis_10,axis_11,axis_12,axis_20,axis_21,axis_22,location_x,location_y,location_z,dbh,dbh_approximation,score,reconstructed,number_clusters
-0.87463045770523451,-0.4235534073610871,-0.23584756425951428,0.43120495887694227,-0.90201416074148599,0.020802337891870366,-0.22154874383364775,-0.083504280936045325,0.97156738786925512,-11.043897457846271,-16.93338912379858,-2.4088020833212309,,0.1877036906685487,0.3333333333333333,0,6
-0.48036483797870738,-0.80598148404784786,-0.34589517170050327,0.85280867244350433,-0.52133579604350389,0.030436096478282923,-0.20485846489427614,-0.28036197162902932,0.93777938462382804,14.388017867965067,-2.4405938593288714,2.0219714477949928,,0.4018315087882851,0.2857142857142857,0,3
0.85121043865669066,0.49133663547919981,-0.18446978006672174,-0.47395028689903695,0.87061504362578401,0.13191122530245619,0.22541498324247519,-0.02485470676662031,0.97394575253519167,-10.510531368468712,18.919184497898478,-4.7049818081769272,,0.08875055863615211,0.3684210526315789,0,1
0.94041913856380566,0.29239901600122192,-0.17353575788415168,-0.26424065432614186,0.94967752398637395,0.1681947592417867,0.21398299096938084,-0.11231836838481658,0.97035862633315684,-4.197593163873786,-11.171135947179883,-1.4439871105652011,0.5408814385975165,0.2643762915934514,0.2592592592592592,1,5
0.073416338205695014,0.99652040193588576,0.039460484158320368,-0.99107377533473473,0.068485877192007202,0.11437856647553502,0.11127808916504667,-0.047505506531173539,0.99265321926692696,1.2269434095304137,1.4276478933557801,-1.0533175178999503,,0.3458127973882401,0.2397959183673469,0,4
0.80118928135439582,-0.55164702660752363,-0.23190794181723406,0.5907906997171255,0.79082319835007064,0.15989064412627341,0.09519498185606666,-0.26511172547898249,0.95950700281080836,-5.4849552663618137,12.850205064625316,-3.1940454048690383,,0.08763206641826404,0.2916666666666667,0,4
-0.18887173601812163,0.96838827911280589,-0.16294664221898125,-0.97968516896627145,-0.17442305018605003,0.098962463951358798,0.06741243980920969,0.178327621081913,0.98165921913780074,-14.499762793207754,10.94446097752178,-4.9730298189728153,0.3694227890485728,0.3749884622229105,0.9398148148148148,1,5
-0.79300694859866949,0.60336565986503177,-0.084201306224207004,-0.60328169336383863,-0.79698888368395915,-0.029324353978508414,-0.084800813240720446,0.027542690134262492,0.99601717971824233,5.9528388480333909,-10.211837453755814,0.82118889685141527,,0.2301288122302969,0.1666666666666667,0,5
-0.75952959526302,-0.60524333075351988,-0.23831765460825166,0.6130747675698428,-0.78852390796642113,0.048676235829673807,-0.21738013545118598,-0.10913549900810447,0.96996665899786261,-5.76850814795523,15.603974698748964,-3.4877623663201058,,0.09925878218961293,0.1538461538461539,0,3
-0.94905495145885965,-0.23157750563746976,-0.21369735139713184,0.2255337223824338,-0.97281494692316561,0.052589153931218886,-0.22006644264799846,0.0017140378075932805,0.97548337909707594,-7.3581687377485085,15.250583486228383,-3.7821667001939034,,0.1111618477621546,0.5813953488372093,1,5
0.90737153727789499,-0.35645304433385211,-0.22275125257353326,0.39497295499311597,0.90433914759312828,0.16176239042045379,0.14378198135355885,-0.23475930932694061,0.96136091480899211,-0.56801980816636843,5.8664579424297365,-1.7757745710451747,,0.08754000029969469,0.2601626016260163,0,5
-0.87509904557622198,0.45159410235617781,-0.17396674150165406,-0.46807091634535969,-0.88113002900970039,0.06722714666695101,-0.12292793703304664,0.14025918399335705,0.98245411272095406,-10.697534278547831,-13.468781653417128,-2.6262725290260702,0.8302590299507351,0.6636243580569245,0.7738095238095238,1,5
0.88974281616473305,-0.39895325242555596,-0.22179725756266752,0.45038188990374817,0.84633207471071303,0.28439087988644696,0.074255466667295128,-0.35292821039827621,0.93269920337432044,-17.781718016278738,10.127099941398413,-5.5810319536846933,,0.2965330597687278,0.2222222222222222,0,2
0.94504436948322668,-0.24234274171606823,-0.21945645409873094,0.29142887505774301,0.92866164132480444,0.22947062277010008,0.14819025099724939,-0.28081586755284721,0.94825212788578184,-4.6359519217029455,-16.107163059680886,-1.1671291055339879,,0.2569162254697082,0.2777777777777778,0,4
-0.97954241738492942,-0.01842536288806804,-0.20039251120271453,0.0074934323267958252,-0.99844858436857242,0.055174929491172482,-0.20109823722661219,0.052544556091331969,0.97816080917685133,-7.5863421405383455,-2.0300229592478387,-2.6349282144945141,0.1331481928770169,0.09059314121755092,0.5563380281690141,1,4
0.38781778862518146,0.91708949864512834,-0.092434919271350946,-0.90550383468216733,0.39780494571621339,0.14769573636233019,0.17222127685557476,0.026421139993338085,0.98470389212173237,15.007780738237203,3.628957025038162,1.8168927464286759,,0.08469283458292584,0.3333333333333333,0,5
0.96088302383211055,-0.19172050033661955,-0.1998676168415896,0.21688473688532109,0.96968940139647586,0.11253210975330583,0.17223479734782191,-0.15147842938854769,0.97333933446282472,-34.961617609594597,14.118016899271257,-9.2744871908789204,,0.09423016971828324,0.3333333333333333,0,1
0.14377497221996283,-0.96398003987197867,-0.22376603873592715,0.98653045574928955,0.12178970228055316,0.10920132003558557,-0.078015493603829131,-0.23645242892986684,0.96850597913018499,5.8975379035322213,8.542585534195922,-0.46460516757443465,,0.2131720264890691,0.6160714285714286,1,5
-0.83669046467717301,0.52296054585594032,-0.16266940030735377,-0.53609930349999091,-0.84279103719143089,0.047966701122943399,-0.11201162040217945,0.12734023365712008,0.98551400892479935,1.8284850951961535,0.69870283961269231,-0.8693507855590461,,0.08847010152115144,0.4213483146067415,0,6
-0.24003225833899772,0.95940408639804931,-0.14808211897256426,-0.96927720666773221,-0.22841775502518802,0.091252538724414356,0.053723473371313446,0.16543617558435392,0.9847561425129292,7.3166622968251316,-12.935272678272414,1.3197063083325313,,0.1062077736408932,0.391304347826087,0,4
0.90104098676669742,0.42910723073107432,-0.063183262821776692,-0.37120876972218353,0.83827173103832409,0.39938021260868106,0.22434168013955888,-0.33640375960491425,0.91460555491197415,-27.750419977933696,4.9760419719726237,-7.1183604630903883,,0.3279471631495068,0.2727272727272727,0,1
0.93946017012537897,0.32577255856394655,-0.10623948811385107,-0.26246722778967996,0.88346062299131778,0.38808282873658811,0.22028514040759389,-0.33670397638057648,0.91548068751072742,10.698410919357611,-5.698753499497208,1.4052817959208523,,0.3166305796335687,0.25,0,1
0.65619246151920985,-0.67819331232607738,-0.3308553831533439,0.7498363841422333,0.63519261685735207,0.18513707491048936,0.084598170558608396,-0.36957295708167665,0.92534262785848365,0.80039862701683584,-15.736566205620619,0.049198864128826035,,0.2745242920757462,0.15625,0,3
-0.89884995500369225,0.39877485540678925,-0.18178936460958142,-0.41547736741117552,-0.90735412359103285,0.063930052177580368,-0.1394536322902343,0.13299289115454102,0.98125714027639943,-4.4815091552920627,-1.7399575596225749,-1.9848266215927479,,0.07853676871073183,0.3972222222222222,0,5
0.13926276105565533,0.98758779417469933,-0.072637677415424817,-0.98091809919535367,0.14762743683350429,0.1265141200220119,0.13566711485887001,0.053632906793511792,0.98930174631138146,-1.2971840365596867,16.376211006743048,-2.6031302702208521,,0.2635402300120379,0.48,0,1
0.51412414459317946,-0.82630378882740907,-0.22999654892149837,0.85748495471335473,0.50138281803423024,0.11547650072759164,0.019897647764668448,-0.25658783749336578,0.96631607937771102,-10.490874223452533,5.9742690399470098,-3.7919116874465231,,0.08261181767022892,0.1680672268907563,0,5
0.31066962276046445,0.94413534431196111,-0.10996743661105235,-0.93678152554360394,0.32372151911766994,0.13283354794759722,0.16101167316088999,0.061748114797807035,0.98501899038792573,-0.5655753329758314,4.5411310764609656,-1.667810515288574,,0.1447469245413243,0.1818181818181818,0,7
0.2972359313535769,-0.90408639782310407,-0.30704818251150107,0.95380343749020768,0.26643347989763128,0.13882436177235669,-0.043701301402079153,-0.33412720042056271,0.94151431757296322,-11.715120290297467,-16.468312210754423,-2.5908206395999911,,0.2605709134498853,0.3125,0,3
-0.19362359600057422,-0.88597475538889936,-0.42137707090607779,0.97059824482760781,-0.23559105511198025,0.049354856790291973,-0.14299982590679169,-0.39943158058020795,0.90554152981838643,-0.65219622364822283,-9.4056787056800957,-0.81580538957038162,,0.1379487104578465,0.3023255813953488,0,6
0.46177041882291042,-0.83878732669241407,-0.28845086389246083,0.88698845149519989,0.43828759432417569,0.14544920617065607,0.0044234844027385206,-0.32301672594731018,0.9463829180326635,-10.894933809195424,-8.0724885134250641,-3.0357049487174899,0.4122112933017624,0.3113544931167579,0.6854304635761589,1,5
0.97291387228866166,-0.063890068775654896,-0.22216357986880772,0.12296870454884075,0.95683205178068353,0.26334601266536672,0.1957480390958283,-0.28353215654844105,0.93877165561872855,3.1924272936436315,3.4921144393906061,-0.80810240646771248,0.4419826386403875,0.4175943199442222,0.4759615384615384,1,4
-0.66038155473309301,-0.69074633841843991,-0.29456017743378404,0.72115988698009725,-0.69272626901180712,0.0076637870427077029,-0.20934330555133004,-0.20736396066457835,0.95560220188022971,-16.785648886988074,10.269108964125351,-5.3774560047067315,0.1594162997633726,0.1776648755885802,0.2978723404255319,1,5
-0.2370350998860668,0.95780665893091488,-0.16254465703184653,-0.96977502812317828,-0.22330947855033126,0.098332454552237977,0.057885717156231004,0.18093999253116316,0.98178916415497874,-23.476343966404272,6.1123627247799206,-6.3856107680476919,,0.08205867249002634,0.2571428571428571,0,3
0.94196340147720892,0.29024069493081817,-0.16871659457078111,-0.24140589765074974,0.93483689035991357,0.26039043953578922,0.23329839874487204,-0.20454908317634066,0.95064795256435297,4.8840710617090277,6.7394622139294071,-0.50660438993996015,0.8046194845202309,0.6199750637045528,0.1842105263157895,1,3
-0.96160575150070648,-0.17666960686886596,-0.21000530633668163,0.16988522910414766,-0.98419125759108606,0.050065730929541537,-0.21553047954522425,0.012466695234840064,0.97641753051495817,4.0191110133516856,1.2339459728530966,-0.43251195034502415,0.4186147648653781,0.2858018169320699,0.8927444794952681,1,5
0.94438695385057092,0.24764390948402798,-0.21634642472735136,-0.20538169367691961,0.95801215771249559,0.20007764887025656,0.25681051633303664,-0.14451712621871604,0.95559570893251933,2.1379138071596078,-10.374663729150136,-0.03894809202742127,0.2374729520022403,0.2941391512356763,0.8313253012048193,1,7
-0.66069156821996378,0.73451998088026194,-0.1548129496221336,-0.7487503046621109,-0.65953755390105584,0.066205711706834203,-0.053475536008921326,0.15965779868791966,0.98572296025135131,-0.51012978538690257,12.211494015137264,-2.1086008339019928,,0.06916545393717381,0.32,0,5
0.18029690700455392,0.98359647731576894,-0.0055673275997888041,-0.97313480911963945,0.17919746561994535,0.14455764108158836,0.14318403753308559,-0.020645535289757853,0.98948071899776091,2.6171944141838797,-3.754297907594415,-0.42174309620875544,,0.54265046951423,0.3949579831932773,0,1
-0.14743617295805289,-0.9369043808685541,-0.31697437753356844,0.97934054632589707,-0.18312998496848448,0.085764228717658555,-0.1384003946005041,-0.29778111040620553,0.94454843235255603,-4.8622889838994388,-10.967643761538231,-1.5971779296482569,,0.08706025036407278,0.32,0,3
0.0020542468334760759,-0.93544361962706879,-0.35346996275349285,0.99901525550075676,-0.013746254312366547,0.042184828660759274,-0.0443204168155606,-0.3532085432027206,0.93449420846889553,-14.913936521674838,16.299470255082241,-5.416079797373337,,0.2440070826595788,0.25,0,2
0.54695660186492789,0.82976072380366916,-0.11106582241707837,-0.81374145773791218,0.55811692012340541,0.16226627323797729,0.19662989506926085,0.0016262548310034407,0.98047643503568027,-8.4539078303338115,-11.213610941111281,-2.2829092491117402,0.6639415561541837,0.7017563109893542,0.8155339805825242,1,3
0.80984085771266456,0.56536101538084149,-0.15660366364411907,-0.54231310936422294,0.82327363422476441,0.16768128876549551,0.22372813097803512,-0.050866938947542732,0.97332331623730406,7.0894987674578855,10.97182542435664,-0.44445278551101336,,0.1040773050710628,0.4,0,6
0.79698677804529672,0.59870051153122739,-0.079810858366663018,-0.55712866635069247,0.77973243939407655,0.28570084369294618,0.23328035654824336,-0.18323487781754125,0.95498966214295511,-14.497582645629324,-10.026121336859324,-3.6021639389542566,,0.4063251181911129,0.1914893617021277,0,3
-0.83696731916162104,-0.49078646569862217,-0.2421040101742731,0.49630464319678491,-0.86712869979930574,0.042065652564506589,-0.23058058850805568,-0.084949767930354123,0.96933798498349277,8.916406478361754,14.040119921706228,-0.3480048061612141,,0.128137294228292,0.4166666666666667,1,5
-0.86648672409573368,0.47098316182194905,-0.165455789400201,-0.4733070219180267,-0.8804644608229939,-0.027618765916734966,-0.15868591610137486,0.054380092937346719,0.9858304040367154,-10.075967614114605,-9.1373334324629827,-2.7862062628245536,0.5743040189447062,0.659575627221761,0.7708333333333334,1,5
-0.96584065934643804,0.18353821109194171,-0.1829359063235218,-0.18535846791240773,-0.98264423717649074,-0.007248552751957983,-0.18109130052656694,0.026907772353037224,0.98309811954890558,16.986541158401664,6.4886217030211011,1.9684847012654605,,0.1219004724252668,0.2941176470588235,0,5
-0.036661095882875513,-0.97650286668032438,-0.21236316868462615,0.99257030942159075,-0.060252587781755761,0.10570622744346495,-0.11601786458728816,-0.20691006991132685,0.97145667842981853,-13.281862765072807,-1.1705661633119084,-3.8080585452449927,0.2222021830361621,0.2160185653412883,0.8224299065420561,1,1
-0.54934141067295761,-0.77313632749429384,-0.31699248197470192,0.80991610776381806,-0.58598528401613215,0.025634845449914012,-0.20557215984795463,-0.24265503502950381,0.94808154769000663,-25.211684951830215,5.0506386720080858,-6.6205131274974063,,0.3149558421617396,0.28125,0,2
0.40233031622771187,-0.86764932847592191,-0.29208724627992694,0.9152454668021518,0.37375780188902646,0.15043550453664159,-0.02135537736074937,-0.32785629218052936,0.94448620928810556,-12.771275765429799,11.853086371231891,-4.7384300241416133,,0.1285083474107949,0.2352941176470588,0,4
-0.15111797337304902,-0.95261259243371621,-0.2639935735209023,0.9795862503270788,-0.18012868107833349,0.089243691223034563,-0.13256747826580528,-0.24511814904183168,0.96038687866742056,-10.138031569604781,12.503571806837311,-4.216409269456638,0.2669030135173033,0.1630467403527295,0.2222222222222222,1,5
0.54173642285671564,-0.73593387713561198,-0.40610709995585753,0.84043795501294138,0.48208234770674602,0.24750889641226659,0.013626882404862027,-0.47539240477073152,0.8796683292936186,-9.0628473902418829,18.579317671712545,-4.3377184685315342,,0.377408947629248,0.2432432432432433,0,2
-0.57756806915803516,0.79605779981283353,-0.18085105707794355,-0.81593309759498445,-0.56994958607771762,0.097008502611325459,-0.025851609971382351,0.20359137675006933,0.97871458841426207,-1.1625880301518199,-3.1531842048903993,-1.215899771098772,,0.08327315174010733,0.4719626168224299,0,5
-0.55123511378442935,-0.74561749581189252,-0.37442542551257163,0.80978542126026898,-0.58620004239867007,-0.024841131337494476,-0.20096621816961244,-0.31689755478861092,0.92692422501712846,-7.196614782395975,-3.4647218205504564,-2.4783254088915951,,0.3996751155607344,0.273972602739726,0,1
-0.49053683209545168,-0.83561897452775646,-0.24721356307237535,0.85014407357694255,-0.52120446286548838,0.074839575433719607,-0.19138618163221843,-0.17345557730519423,0.96606650505126268,-15.894751714256733,16.34987709476405,-5.6319714090471527,,0.08420241149155658,0.2777777777777778,0,2
0.32290082633667733,-0.90928754964687009,-0.26254753552124566,0.9462476562196368,0.30468012000571798,0.10856057098294425,-0.018719760947527846,-0.28348928821119507,0.95879267520125311,7.0948986617576626,-11.006862479490982,1.1168693547596391,,0.130549218935082,0.2758620689655172,0,5
0.94479790100364403,0.2786237567708254,-0.17241150896045462,-0.24723671135489766,0.95153825539550096,0.18289056038325735,0.21501380145824134,-0.13016816308836351,0.96789736775170443,4.8278165788075507,-23.011284645234277,1.6196452480126333,0.2092148780310178,0.1755049194559029,0.6666666666666666,1,5
-0.41174628179963907,0.91083912470263506,0.028932478896719311,-0.9108032469489028,-0.4123616347003965,0.019882846238692495,0.030040718558433634,-0.018165107711036989,0.99938360207196653,-22.3001478872288,11.122593428896948,-6.5742153356815693,,0.5634393836062729,0.6942148760330579,0,3
0.63361185019941091,0.76411759201450047,-0.12107984498189529,-0.7509423819812896,0.6450754567740854,0.14129116749454343,0.18606870298667966,0.0014002291475772109,0.98253573834603514,-2.9675585403021718,-21.118454515648093,-0.44268780001281083,0.1894188295792265,0.2536535252412511,0.2222222222222222,1,4
-0.83011098755340118,-0.49666930223752109,-0.25344694229367343,0.50593043926190739,-0.86197632834757854,0.032112302886627739,-0.23441445981716233,-0.10156974738239288,0.96681613942119671,-5.5325284049091641,-26.151782888823583,-0.34710803846123706,0.3104618280256645,0.289759868094746,0.6904761904761905,1,4
-0.0039954372508167356,-0.97464472391396129,-0.22372236952941069,0.99364581250395922,-0.029034427211627297,0.10874282196927096,-0.11248126854957954,-0.2218663205247072,0.96856765382822207,-5.6975836681677343,10.081720839519592,-3.0974076003806892,0.2847497634039129,0.1253705673929629,0.2903225806451613,1,5
-0.97084193718002987,0.14149922189488229,-0.19350427182796057,-0.14218080216787826,-0.98978572058357028,-0.010432968118461164,-0.19300402199805336,0.017383829612746194,0.9810439592396305,1.0572422305127906,10.206648362325454,-1.5784426568891328,0.7137756838018474,0.3766511559061078,0.90625,1,5
-0.96682587091974903,0.18616174676350977,-0.17490437205006984,-0.17912645595409729,-0.982269153227464,-0.055326516202694,-0.18210285032803641,-0.022161106916419291,0.98302972347871831,-9.8267760296723328,-4.9822547249302884,-2.9540575407539165,,0.08399917759734916,0.2916666666666667,0,3
-0.8983414675564767,-0.3707062342756488,-0.2357106182114925,0.37760628267107654,-0.92581190906693422,0.016905748051181904,-0.22449076363139561,-0.073818675814504228,0.9716762321602741,-16.23550590756852,-6.1836351929477367,-4.1693121265996957,,0.1867848239642969,0.4782608695652174,0,1
-0.74664661238085506,-0.61370321381469073,-0.25668502405421556,0.62493263723130144,-0.77935010575762564,0.045525944017757614,-0.22798691879869715,-0.12641905714368182,0.96542228420913245,-2.1625679229493611,-3.2319438381907801,-1.4732564616678523,,0.08200577132503928,0.3081761006289308,0,5
0.94558491276281365,-0.24326082051670742,-0.21608643168158256,0.29470090905624902,0.92179592195455917,0.2518802343761094,0.13791499902752233,-0.30185501730049402,0.94332550139056259,15.794154417620501,14.61914379165156,1.0475958337529796,,0.1468799316771281,0.3333333333333333,1,4
-0.34384763659863687,0.92574327204843632,-0.15737915066039437,-0.93841258032114883,-0.33270853474101519,0.093203326150359367,0.033920965501225968,0.17973431827990446,0.9831301759848099,-2.1498720461723471,-5.2915891663725771,-1.362032210739428,,0.06868270950156985,0.3205128205128205,0,5
0.70881317180258085,-0.65165402526349636,-0.27005725103586575,0.7012128385366303,0.69256061892603982,0.16929366256355699,0.076710120261722026,-0.30936518949400921,0.94784425776536174,3.3045876489603798,-13.128467730581052,0.42400161355305344,0.4353691440689939,0.437420488856459,0.7054263565891473,1,6
-0.45598132677757836,0.8867951242418689,-0.075335497947566929,-0.8899882652688702,-0.45421253887617902,0.040147941558228539,0.0013846710319190547,0.085354420790631227,0.99634969038868559,8.8211334075203371,7.0183883379297942,0.24239029799751607,0.3556868539259906,0.1769458359191704,0.4193548387096774,1,5
-0.71436568550816826,-0.65092592743699096,-0.25686008712670377,0.66748789030236688,-0.74404938387070974,0.029162144319514645,-0.21009898540483224,-0.15061856244138744,0.96600852220875866,6.6207674167784463,-0.22773155622356497,0.25459593480860671,0.6756530974379182,0.4344845891467953,0.4495798319327731,1,5
0.50203450626948376,-0.77990316042150332,-0.37378123933566626,0.86456234375990282,0.4414765308184842,0.24006338014961801,-0.022210544053212423,-0.44367728486032171,0.8959113564587925,1.2002384728855275,14.178226816357366,-1.9573816108340025,,0.30897316774893,0.28,0,2
0.96434648020735569,0.20916173889318906,-0.16213338056940185,-0.1694818008482917,0.95864196067435836,0.22865150429341757,0.20325300807836791,-0.19302061604295054,0.9599121087315734,19.681058456055194,-7.7757194404108576,3.6718447086550179,0.5644182423522269,0.6627682622933977,0.8611111111111112,1,5
0.75447769769056849,0.65057836637572264,-0.086667138474944297,-0.62546636213644413,0.75272178151427582,0.20543064394042271,0.19888497560987756,-0.10078545945656216,0.97482668082012802,6.2876537977235394,5.1057283709246546,-0.15962357250201251,,0.1077776156612917,0.1621621621621622,0,5
-0.087857633656176493,-0.97263947557713415,-0.21506623806951872,0.98846446974389301,-0.11186325422366498,0.10210095204461286,-0.12336542571669618,-0.20361498693251823,0.97124760428750057,-7.7120109263676726,-1.1510627387275061,-2.7022312045779362,0.1707324571393534,0.1364158954796695,0.7721739130434783,1,3
0.091517111935803183,-0.93284570601242822,-0.34845875939213034,0.99433960408784672,0.066637942125397323,0.082753467671845424,-0.053975642333858813,-0.3540597032189135,0.93366394200010805,15.043018821632721,-8.1580470012379038,2.580562212817493,0.3315142170721173,0.2194344795060014,0.2222222222222222,1,4
0.98261382403978281,-0.0013068210016938281,-0.18565657818882261,0.035579448420550906,0.98276709553867003,0.18139167229113379,0.18222012966739495,-0.18484352340656748,0.96572702985814884,-7.9674181032311573,8.7412576901067265,-3.5147142711833097,0.8972964578094571,0.7768700822464496,0.7857142857142857,1,5
0.85417305299636292,-0.3956015023102088,-0.33747273505392633,0.50622841086477544,0.7809636061416565,0.36582597217193641,0.11883261996689155,-0.48331697389200429,0.86734278758728323,-13.355861885056781,18.558238264759012,-5.2590752683319728,,0.1738623720816869,0.25,0,1
-0.11588237662883399,0.97639956641354164,-0.18225027158910706,-0.98956250343620722,-0.097666837223260902,0.10595867449092289,0.085658196221502197,0.1926267780300944,0.97752626450946367,2.0872151953483939,3.0546720176055366,-0.95978033375615723,0.1484736251449205,0.131216194176814,0.6923076923076923,1,5
0.92632543849469962,0.33054637916533858,-0.18072153501530197,-0.30760911488251619,0.94060199341319861,0.143682018458512,0.21748060704071462,-0.077504717326117939,0.97298263312014033,0.046635874553239656,9.8388145981710302,-1.7822399218308886,,0.07652141685821723,0.25,0,5
-0.13539896136644569,-0.92544206947592178,-0.35387017012600924,0.98379139089291123,-0.1679548733528046,0.062814486561892299,-0.11756538804375442,-0.33962941062453111,0.93318285612893415,-14.755707992572768,20.730492460079471,-5.6874406269934008,,0.3113151077685326,0.625,1,3
-0.31718333090832929,0.94806898198660527,-0.02366305112997711,-0.94832497300043972,-0.31684439100071476,0.017011098585983798,0.0086301898943910681,0.027835899235855881,0.99957525106222933,10.431888786651996,16.727056050229283,-0.20697767976408069,,0.2683344448728462,0.2941176470588235,0,4
-0.98289076387206875,-0.0014596091859459129,-0.18418364703741857,-0.003495013541901691,-0.9996407672919021,0.026572942035043356,-0.18415626835739804,0.026762023635744599,0.98253257600732846,-6.4314572107969745,-7.7576732117702072,-2.1948159298359089,0.6930690447357065,0.7429935626937467,0.6828703703703703,1,5
0.93389160786803516,0.32469582729972107,-0.14973003869566948,-0.28218630004423367,0.92647027001788018,0.24904564007495189,0.21958450951968947,-0.19032986761710985,0.95684752425444042,-3.728475742405585,-6.2288849344289838,-1.6187561033338684,,0.08978579123417567,0.3604651162790697,0,5
-0.89319957253949056,-0.38033218531894658,-0.23987903707032249,0.38946974350802671,-0.92098465001647356,0.010029622416863745,-0.22473949921422942,-0.084467172585255795,0.97075097437416447,-18.703365391118272,-10.624981536040377,-4.3469051583179255,0.6700603049678581,0.6254170718970187,0.9326923076923077,1,1
0.91600914186339122,0.36540666049250398,-0.16554523397069076,-0.34142526639227927,0.92678968839547227,0.15649172806505002,0.21060873555400297,-0.086826527925170316,0.97370689355514217,9.6652672225839922,0.68789454421894769,0.79633897482169858,,0.1030709635906873,0.3448275862068966,1,4
0.66288597916849445,0.73812688337747634,-0.12550252052161884,-0.71189887430466448,0.67328770661433512,0.19970893041063584,0.23190983460297124,-0.04303914680220855,0.97178467803158974,18.517615679952556,-7.4204902169061722,3.3320461832098349,,0.1896039413459315,0.5,0,5
0.054807326276768341,0.99460332247266203,-0.088093063930901619,-0.99154978280569483,0.064603002369159265,0.11249657907185479,0.11758054772950984,0.081183021693162188,0.98973942620489597,7.5658275054987794,1.810847529965085,0.26406751874471662,,0.1023000094124951,0.125,0,3
-0.44278794498951135,-0.82160204454892061,-0.35903887834745601,0.87868753721452475,-0.47731952599602939,0.0086187033131010071,-0.17845741149035807,-0.31166672985090921,0.93328280911425887,-4.140614627062158,-7.4817000271987739,-1.6695465025465968,,0.08752584481475127,0.359375,0,5
0.010834347060125956,0.99729415786505149,-0.072711619511732148,-0.98626488951017977,0.022643290450546569,0.16361188562279064,0.16481560800862785,0.069940289431845784,0.98384153768324711,6.3397968227318184,1.7180782325222483,-0.034539440874951574,,0.2197580930882851,0.5899280575539568,0,8
0.70856940042351801,0.68808330614099644,-0.15643135425333463,-0.67106131705392036,0.72562622382265796,0.15212919527404267,0.2181882525190442,-0.0028190620684696087,0.97590262800739525,1.238967967579925,8.3089887493806369,-1.4170537502589138,,0.06882978248481893,0.2105263157894737,0,5
0.55197699359867392,-0.80411293802683759,-0.22073464031641607,0.83361757780842316,0.53850585308049403,0.12285430463303937,0.020078159940290243,-0.25182102592098493,0.96756552150100705,2.8878027069984751,10.232067660954348,-1.2308078754553309,,0.07239241918311198,0.2368421052631579,0,5
-0.80118000147752277,0.5761792643396344,-0.16164176619152451,-0.59029061628293145,-0.80529633207545992,0.055270298299616591,-0.098323921610128456,0.13969707545560636,0.98530052955854919,-15.41678133561839,10.856348029412258,-5.1618877139041155,0.3839656553294064,0.2910789689519852,0.7843137254901961,1,5
-0.48202021610636214,-0.83363095961601896,-0.26965892240838452,0.85494980538037468,-0.51483093029400262,0.063324114622086008,-0.19161769632483125,-0.20002133981724796,0.96087154296132515,-10.931156492784647,3.1760729049220817,-3.6504624860098795,,0.07465394656925459,0.218562874251497,0,5
-0.046337214882044279,0.99838292632055481,0.032930152574527971,-0.99446496329333234,-0.049217176886246633,0.09282837002414579,0.094298988854425558,-0.028446474842313069,0.99513742707732566,-20.204273664579389,9.6731652098379737,-6.0638365782339463,,0.1990882227715973,0.1481481481481481,0,2
0.97763008482961822,0.020959656606910092,-0.209284758238515,0.019184343579134119,0.98198913938577903,0.18796087648714044,0.20945495505590456,-0.18777119833269623,0.95962002838583571,-6.7043011345924457,-6.0090451200299562,-2.2608054846988601,,0.1228049728061777,0.2148148148148148,0,5
0.082904818607719324,-0.92031145558062166,-0.38230042607705672,0.99568586189330321,0.060453840802644751,0.070391743535722862,-0.041670798857373265,-0.38648694397002137,0.92135301956595483,8.1745706095443094,-0.74183616803165398,0.59980598210696012,,0.4727074377246085,0.1826923076923077,0,5
0.98074357683984759,0.0087912651783290524,-0.19510189682303156,0.045766140285377961,0.96082440522329993,0.27335310997072987,0.18986178365000062,-0.27701836759293624,0.94192002161828159,17.331743329784292,-3.1240154258433424,2.7144298403069254,,0.4038887483339267,0.288135593220339,0,5
-0.28695403093673688,-0.82835097323819573,-0.48113620656160527,0.94401785120043769,-0.32985825341481623,0.0048815232289349877,-0.16275036326861461,-0.45280039508536246,0.87663226125124616,-10.009845508536106,-6.9595521553603605,-2.9155770403970989,,0.4289604674239916,0.5365853658536586,0,2
0.69205834811283418,-0.68082229978756603,-0.23986712763383236,0.71913151180011792,0.67904855674761078,0.14745482804935198,0.062490891683608892,-0.2745433548475662,0.959541992184621,-29.288160406157079,13.829300346291639,-8.1675983957752383,,0.1227180138553463,0.2,0,1
-0.84128046798462952,-0.48455462258906234,-0.23969562347930581,0.49222733845556921,-0.86991599074919557,0.030958299626932619,-0.22351604296897401,-0.091940125986512772,0.97035436401815356,-6.3099455636418922,5.4623385916359339,-2.8677127177781272,0.3088030427400619,0.2930944076140207,0.7956204379562044,1,5
-0.9542998783575436,-0.21420074522789612,-0.20839813557369127,0.20346899195305909,-0.97643797401384602,0.071897511899516375,-0.21888835391674588,0.026209228289842644,0.97539784953221409,-1.5533518031556139,18.288671639906557,-2.8089545261973523,,0.1822344030506137,0.3333333333333333,1,5
-0.79179959548069301,-0.52174881153621167,-0.31753988451399312,0.55837386993194826,-0.82904197918950195,-0.030133338991413613,-0.24753186052269907,-0.20116553979770646,0.94776600678863088,-12.025174337838891,12.932233712010696,-4.6105740906482628,,0.2143612020204148,0.2142857142857143,0,3
-0.8172396631887261,0.55931715443253538,-0.13886559569839801,-0.56653347921338271,-0.82388942853140734,0.015685231415980754,-0.1056368772804243,0.091490602313485603,0.99018701256215147,-30.557831065945507,5.3760728061034877,-7.8228690789472921,0.7571519637152581,0.626555980731667,0.921875,1,3
0.57684396915007652,-0.76504954828890015,-0.28626949526300327,0.81636179904926909,0.5521032615469369,0.1695151959037132,0.028362797961859379,-0.33148329860218251,0.94303466237439559,-14.140197243121159,14.497531879753375,-5.1150657949776237,,0.07448416066148839,0.2727272727272727,0,1
0.95355276650725096,-0.18057193594145479,-0.241103499428615,0.25066464448286679,0.91953575963708933,0.30268997795586133,0.1670459741886858,-0.34906698884167919,0.92208886763064057,-0.49395575928973351,-7.1133060961010965,-0.82267251365283256,,0.2871320120821664,0.1428571428571428,0,1
-0.95409589068382039,0.24759002948837172,-0.16852361460102294,-0.25244786222255106,-0.9675799223251963,0.0076922540539407259,-0.16115554051757183,0.049882574223006189,0.98566760145059829,-8.9597121495462968,15.646565758245282,-4.1787762313418808,,0.1203920073264663,0.45,0,4
-0.75984255484867635,-0.61645032642917086,-0.20646618824012092,0.61331160832430154,-0.78505419936810983,0.086826120200978463,-0.21561113824590514,-0.060653928973026787,0.9745937296968622,10.195255450841307,-9.1296639797827162,1.6540970710093483,,0.105372730093474,0.1739130434782609,0,4
-0.83828420266587456,-0.46816308428087028,-0.27946900020836341,0.49856834351782542,-0.86566405243535349,-0.045336025003229932,-0.2207016139558817,-0.17733887007033924,0.95908379339838967,12.785905550357118,-19.136263680270897,3.0744226436232895,,0.2728218163814146,0.2631578947368421,0,5
0.84162609527510279,-0.43506298550864192,-0.31997767795940119,0.52791258348937742,0.78770702866722409,0.31753100822096647,0.11390267751705505,-0.43616262520825821,0.89263001541841835,4.4050695494502126,13.868511254458358,-1.2954755948980559,,0.6455545039504842,0.2987012987012987,0,1
-0.97920011807074181,-0.021213786305637927,-0.20178479635696986,0.031025956738281648,-0.99847837092430003,-0.045588735503738313,-0.20051064505087834,-0.050901061550170698,0.97836831671633073,-3.1064463263431286,-11.798831341466794,-1.1995761768941282,,0.07524946186749976,0.25,0,5
0.056040744687950977,0.995490454991521,-0.076538806860266581,-0.9900509643623967,0.065316824197132028,0.12463065610790797,0.12906790034670346,0.0687929247639191,0.98924668844657659,-24.834259170589409,16.399614960568758,-7.4974858163416691,,0.1374674128788937,0.7142857142857143,0,2
-0.44705873915541711,0.89115120250739377,-0.077382284887397623,-0.89433471181825863,-0.44698413253237679,0.019251194800073226,-0.01743292808797731,0.077812078329165132,0.99681561659334716,14.113311303258303,-0.16150194294469891,1.7994857302436198,,0.1500887787652311,0.1052631578947368,0,4
0.45211718645001608,-0.77985574393217005,-0.43291462018800397,0.89160255043658676,0.38142525419324802,0.2440484941944753,-0.025198050946375564,-0.49632629803347983,0.86777028302937764,-5.3103689768613611,-13.152319908161109,-1.461007670430331,,0.4071719901074153,0.2142857142857143,0,4
-0.26392236221011478,0.95606143547673339,-0.12763823220180173,-0.96316781289092168,-0.25416193775783635,0.087803608161055868,0.051504863230101131,0.1461103726275102,0.98792662079442883,-14.31376813131647,-7.6789683251973875,-3.7026321047105988,,0.06912731053197771,0.3076923076923077,0,1
0.39109092464055289,-0.87764434081612885,-0.27710701849144892,0.91890561678056171,0.35548308892495273,0.17100947616290088,-0.051578640084176397,-0.32151544989595282,0.94549852425335412,-0.17010754090391572,-16.580383712798906,-0.18514408977972849,0.4759143974446782,0.14239306871902,0.3870967741935484,1,4
0.96690737285271977,-0.14859545656215889,-0.20738737331895132,0.18390445977114306,0.96935731628056754,0.16286664191791511,0.17683122461639669,-0.19561641971577415,0.96460610320391749,-7.0117638758740979,-22.688598194981132,-1.1550702237655703,0.1888127456834185,0.139904046265449,0.5454545454545454,1,5
-0.62117884014924574,-0.70852755445063609,-0.33485153894679553,0.75651449844461727,-0.65366218470616289,-0.020286989137229369,-0.2045058976996155,-0.26592189242212794,0.94205248523461149,-15.16112933127766,15.136250263341614,-5.3500097754934766,,0.5166054621686276,0.2222222222222222,0,3
0.8351136575422945,-0.49888594186814766,-0.23172828051979591,0.53821970532629726,0.82806656009132951,0.1569245705967838,0.11359897792147501,-0.25577057896646843,0.96003993831004364,-9.3139139891334199,-22.333544763911281,-1.7201330541763202,0.2871651172903036,0.3034282013297071,0.4285714285714285,1,5
0.94537426409884906,-0.23344124682141154,-0.2275361181483615,0.27462102174293163,0.94639729439566422,0.17004545150469452,0.17564394437733566,-0.22324279482893053,0.95880751945348253,-20.184143282040406,11.932648004946147,-6.2134900045988175,,0.07743830573377961,0.3181818181818182,0,2
-0.64014129517121199,-0.73375009567300442,-0.22766185301095426,0.73883589269892214,-0.6691976232244119,0.079347745592334845,-0.21057218685360882,-0.11741097977044604,0.97050194021085501,-12.557058078489719,3.4746191157334523,-4.0508140511307662,,0.08016212248507254,0.4764397905759162,0,5
0.81399301077203856,-0.48796072351493613,-0.31513443277600017,0.57394149949402173,0.75919957206994038,0.30693185713994026,0.089479235428254519,-0.43070911538484896,0.89804405479440463,-1.0492661909764041,27.979185958906285,-3.5087766340776096,,0.5015827094040182,0.2307692307692308,0,3
-0.82908486249439617,-0.46889116113069423,-0.30456422934441635,0.5172728307631641,-0.85001982068542126,-0.099474232825329245,-0.21224304308248057,-0.24001538170591141,0.94728322438838486,11.202886688171994,-0.71514430929225803,1.2068341387538832,0.7498428789254128,0.4011926999426811,0.1785714285714286,1,2
0.94474368796896835,-0.21083438063298515,-0.25101439796533187,0.27300762472104673,0.92990395459806763,0.24646596533202506,0.18145578218112696,-0.3013760096059081,0.93608028499005125,16.959731783184477,11.104755144918668,1.5449035769624564,,0.5978644316294431,0.1612903225806452,0,3
-0.9541317712519477,0.23814541728340013,-0.18143683009393477,-0.25042878873816421,-0.96695612974766265,0.047762589068819278,-0.16406701331698589,0.091008809300727689,0.98224203319289249,1.5781095888452168,-21.258613705091303,0.68736255665128432,0.2133083544838006,0.1907035464405693,0.6086956521739131,1,5
0.4988942112857459,0.86270056237073001,-0.082778654439418661,-0.84471103840349304,0.50539571284970131,0.17617728296359769,0.193824218158792,-0.017969783481424462,0.98087168342080555,0.18226291699314565,-5.7370593289507106,-0.77778144646340508,0.2483205683217383,0.3501306405586901,0.4336917562724014,1,5
0.021602935224187887,0.99883406233149863,0.043172087233011386,-0.99148223854357576,0.015856422935943068,0.12927313914458657,0.12843785984793854,-0.045597036943552563,0.99066877733158065,11.573087274460166,-6.9935796074273568,1.7417308002643646,0.7504522595118087,0.6435388348332042,0.4444444444444444,1,3
0.74034435687537348,-0.63743381759586837,-0.21346747159215226,0.66793152866905414,0.73338256139682967,0.12656022933309366,0.07587955095155513,-0.23627980621327321,0.96871778497310967,3.3659288421168863,5.760202439142188,-0.87787911669446517,,0.08810362753749254,0.3292682926829268,0,5
0.69214485777668644,0.71292720756692762,-0.11256239409373414,-0.68544532821035098,0.69812361218872498,0.20685290459447447,0.22605352881097529,-0.06601680706751463,0.97187529204971357,2.6025434894737969,1.5901194132493583,-0.76448268280506471,0.4400056667714239,0.3969825429315873,0.2673267326732673,1,5
0.96065591828017638,0.20034088002883974,-0.19236355804190747,-0.17787334192247442,0.97570895533496571,0.1278792739754242,0.21331029254727205,-0.088631632436851418,0.97295588431592195,-10.765466826778894,14.203932494314369,-4.4025234062363392,,0.07448054460275362,0.3461538461538461,0,5
-0.043629753194805949,0.98598190995374058,-0.16104694309466638,-0.99455712812483044,-0.027598602963738842,0.10047107051555675,0.094617987361031927,0.16455391322732585,0.98181945698245565,-18.574918065105162,6.5471616806326356,-5.4944926847439088,0.2525940966441037,0.2167034000482377,0.8043478260869565,1,5
0.42672442394924814,-0.87711336435559473,-0.22040510900156482,0.90420739976196984,0.40899378122341545,0.12301652383428076,-0.017755118160107226,-0.25178608577398087,0.96762003017183262,7.4169301080010168,5.8996785267334992,0.064425987310780558,0.2781503219135518,0.242382534516933,0.5631067961165048,1,5
0.37406119038562974,0.92614088246576587,-0.048386895672465242,-0.90824139283121097,0.37638458163256555,0.1828447949964673,0.18755212127647974,-0.024448160151856684,0.98195034969690909,-7.0886360837969198,11.37828796444461,-3.4216626873954352,0.6976715558878033,0.3437497800428285,0.2560975609756098,1,5
-0.59156730889728726,-0.67064406435826951,-0.44753173963981852,0.77952592539470245,-0.61749423846668838,-0.10507234221229146,-0.20588212812566795,-0.41101995620829085,0.88807383978866339,0.64419193593722102,-7.2889540401640875,-0.58188002965106245,,0.657835053802819,0.2954545454545455,0,1
0.16414694286382614,0.97683310659590883,-0.13730572823682829,-0.97581313826259009,0.18117114649711052,0.1223345203572456,0.14437624576977554,0.11390389604885541,0.98294526913878422,7.8947967548333491,3.5176480506177294,0.231242809553169,0.201210559552709,0.0923230261212951,0.2340425531914894,1,5
-0.96689896430249533,0.16673216917444383,-0.19314962229615268,-0.18400730828378337,-0.98004964457491717,0.075126590943120977,-0.17677019921049628,0.1081807650692254,0.97828892395862199,0.30479871045146162,-3.2449769507770885,-0.88369801047258234,,0.0872420042313069,0.343065693430657,0,5
0.97963722000041642,0.050163636672857115,-0.19440814475121801,-0.021757927936393338,0.98910690940795232,0.145581984920403,0.19959336101627145,-0.13838761258582116,0.97005739980736516,4.7791634031565948,7.4128069405212784,-0.58919982655797987,,0.06923922045411325,0.3,0,4
0.97198751904449632,0.17279011104068892,-0.1593230691025955,-0.099934542577817295,0.9173838114351115,0.38525320208474539,0.21272834794988282,-0.35853942606543809,0.90895331559721992,22.391255307773299,-4.8824212809543122,4.0419749040757305,,0.2793180426262244,0.2352941176470588,0,3
0.74914102326463894,-0.59100589560893546,-0.29916510260638607,0.65807930625285094,0.71557895740729549,0.23426135489588173,0.075626410358920967,-0.3723691542963351,0.92499830215241829,15.689669891135313,-4.2226581537134056,2.4661512206644236,,0.3550141523764433,0.5277777777777778,0,6
