axis_00,axis_01,axis_02,axis_10,axis_11,axis_12,axis_20,axis_21,axis_22,location_x,location_y,location_z,dbh,dbh_approximation,score,reconstructed,number_clusters
0.92833886584388547,0.37075094742427001,-0.027031188425502273,-0.37042472074906002,0.92871770496293804,0.016399717874209092,0.031184554216306986,-0.005211475067471035,0.99950005708151479,-8.7486353634719407,18.970254073807443,-0.3906077070235614,,0.301625988489409,0.3809523809523809,0,2
-0.1877127185285046,-0.92784371997409487,-0.32228863865683088,0.9716603517182818,-0.12741986209157799,-0.19909881878923502,0.14366661477651604,-0.35052847252284386,0.92546728399736478,-10.70110405266124,-16.435720180555911,-4.9144187383108484,,0.3620480981984483,0.2222222222222222,0,1
0.37313374556399542,0.92706609504854665,0.036327170724169557,-0.91973633972326285,0.37476004023185827,-0.11679031482905874,-0.12188631307016516,0.010166988583415169,0.99249199444091563,-16.962662961821412,-7.7805703961929975,-4.076135613596275,,0.133190000615754,0.3619047619047619,0,5
-0.92942325369794698,0.3642386422734526,0.059182995533456573,-0.34915001294911885,-0.81609330695618032,-0.46052793921645496,-0.1194432247687213,-0.44868911934224209,0.88567002333867639,-8.2722294203839262,-10.938482675466974,-3.9774854403899158,,0.2204771127656439,0.3387096774193548,0,1
-0.39938301373377316,-0.88239383654727543,-0.24874550360621664,0.89699270217671201,-0.32003020574269925,-0.30493402508412654,0.18946582959111657,-0.34490837136211555,0.91931545988397467,-0.37159433907785977,-9.2542994309105353,-3.2087215741913675,,0.2255449848433297,0.1481481481481481,0,2
0.36921611010475702,-0.91528029072716677,-0.16106350749162987,0.91847681538905457,0.38580263068312781,-0.086929107615110024,0.1417032237879334,-0.11583747046777455,0.98310827318446226,-13.527667278626074,-8.2434080795276863,-3.9369194293989969,,0.1435305148765394,0.1923076923076923,0,3
-0.61746447194936593,-0.72749396264497346,-0.29914906016132664,0.78056380932716396,-0.51966778693467053,-0.34736944423925498,0.097251043433774539,-0.4479932204147023,0.88873185439338576,-0.77539844518636958,-12.218945957187564,-3.6763821494847431,,0.4182277028827335,0.1111111111111111,0,2
0.61100731408169784,0.7913276256579389,-0.021694492601553636,-0.78703273549712671,0.60428712578371246,-0.12416337168412156,-0.085144203528951148,0.092939004097465541,0.99202459955526923,-26.58924081342542,-5.1899585418053222,-4.3199808981036689,,0.08242705188336455,0.5,0,1
-0.6839650077253554,-0.7233655589610597,-0.094520560282987998,0.72611263425534789,-0.66253821394693668,-0.18385743780104088,0.070372655072943463,-0.19438462688432462,0.97839782616736626,-5.5065821866697284,-8.8447879090959152,-3.4924245511301093,,0.9706994290247382,0.6555819477434679,1,1
-0.9905816043790785,0.12821742347801701,-0.048045576096357914,-0.11646154509813975,-0.97350242360201877,-0.19679872904658208,-0.072005510755260779,-0.18934973873141461,0.97926599188536079,-3.5342354366168771,12.231110321031094,-0.85696835228027468,0.1751695846768336,0.1517386294538293,0.4761904761904762,1,5
0.73964058710129621,0.67213334840820393,-0.034184263485227025,-0.67065001761578258,0.73186132718843877,-0.12086170459632307,-0.056217041761392222,0.11231989905423777,0.99208058366850682,-3.0583791808362135,-3.9581007110861219,-2.7036028499930098,0.1689482381419634,0.1221929503730101,0.5347985347985348,1,5
-0.89503684364714786,-0.42013301545899923,-0.14965726790062769,0.44559521009295472,-0.85654624815307956,-0.26033331234611329,-0.018813751788720939,-0.2996944679105899,0.9538497096751779,11.62709548540936,4.9294774782554001,-0.66052600501992276,,0.4688680813395166,0.7,0,3
-0.41788319451438677,0.90676597058828257,0.05611693439187538,-0.89207558392538566,-0.3978521637456347,-0.21427740983850666,-0.17197321973677715,-0.13960347555131833,0.97515951582669758,-17.654857575173299,-12.116138945263362,-4.7616301783032737,,0.07690997407710165,0.2051282051282051,0,2
-0.97745065914894647,0.20585463240727739,-0.04705400350399809,-0.17363381923164153,-0.91033324754090039,-0.37569226135318518,-0.12017281617871421,-0.35905048215829088,0.92554915888545575,9.7714317214571853,-4.661126661417951,-1.9442250547958975,,0.4301469091495374,0.12,0,3
0.98538598811856815,-0.12919836325186251,-0.11100557352058422,0.1277269392897882,0.99160168316232666,-0.020296081624389912,0.11269553406970806,0.0058210722964927063,0.99361251588235466,3.358344130537489,-15.091243957430233,-3.7886393449663198,,0.3343472000205692,0.52,1,2
-0.81718671956084044,0.57595827175501202,-0.021861714717107031,-0.55791524686178584,-0.7999699117129897,-0.2208590448070066,-0.14469430774064496,-0.16828609434796166,0.97506068926839828,-21.040145340161239,-5.8703279379195541,-4.0707633190536647,,0.152207750889971,0.45,0,3
-0.94872059635270867,-0.29527316871853232,-0.11288483463725206,0.31595528581448368,-0.89709803243804809,-0.3088484702271847,-0.010074096587321059,-0.32867746504848988,0.94438849873727782,-5.7824419598588124,9.7002793008582433,-1.1697033676641895,,0.1172402036025118,0.2571428571428571,0,5
-0.69435975544310391,-0.71299650400177494,-0.097470586856959682,0.7163737046298625,-0.67198323820350037,-0.18774249089756997,0.068361139076817123,-0.20018619546508276,0.97737006390073955,0.66314430758629406,3.8389402489312658,-1.4648412779211126,,0.07025343004895174,0.3012048192771085,0,4
0.34130167172842263,0.93993796063800361,-0.0054588485099840477,-0.9318672062778417,0.33759952369106982,-0.13285357152705046,-0.12303121042773857,0.050430067967766661,0.99112064326470983,-2.0724036127529932,11.708800842643969,-0.8050366907765476,0.4084164320136193,0.1838841270268998,0.4,1,6
-0.13061719864803784,-0.94701055473711715,-0.29344532136981943,0.98147927240229194,-0.081676686020003289,-0.17328403505648399,0.14013416878836527,-0.31064437573741349,0.9401396101434647,12.018565066900111,-8.089861849921796,-2.2624883219373317,,0.1896914354081385,0.2307692307692308,0,4
-0.50859399432997188,0.86077653824244127,0.019897239578478113,-0.84290167196021826,-0.49305246124408064,-0.21544382531839229,-0.17563860719714319,-0.12634485218050207,0.97631350394703342,1.3986597940433689,-8.0004741103938226,-2.9373286307391022,,0.1690501754806001,0.492063492063492,1,4
-0.89059202955486949,-0.44913346101668694,-0.07158890338949575,0.45462832155216593,-0.8747887845352752,-0.16750424380879353,0.012606590974516104,-0.18172428744245375,0.98326871058603982,-14.964398549493772,7.0571902461659803,-2.0012862313742721,,0.09230412922116724,0.4210526315789473,0,1
0.16546756424417064,-0.96279868546233505,-0.213633275626953,0.97652538864935667,0.19024268367178113,-0.10102418835398584,0.13790812342398162,-0.19190209113336701,0.97167635399464014,-14.438368268177127,13.251884527066231,-1.2425164080845421,,0.1677209316974302,0.3571428571428572,0,2
-0.42278207972017356,-0.86545190717584874,-0.26879045636549381,0.9007243345472945,-0.36865483409764643,-0.22975919230962061,0.099754630077091969,-0.33924417410196184,0.93539425063235215,2.5768317653967756,8.6780412721470626,-0.84775351015537614,,0.4957116151416039,0.4666666666666667,0,3
0.93778289684699123,-0.33688864156644222,-0.08407901976582878,0.33427953570329949,0.94145499138049327,-0.043814280945156034,0.093917146417742722,0.012982387618306531,0.99549536775440395,7.0398522245408364,-9.9715748193508009,-2.8502315340005313,,0.3326100480615019,0.3538461538461539,0,5
-0.32839729618535268,0.9440432939400879,0.030618213940391849,-0.9277216343512581,-0.31629058449277864,-0.19822420467200119,-0.17744797833387854,-0.093501472330473859,0.97967836030875644,-5.7234579930060905,8.4260642929638347,-1.3178007747660658,0.09237119743279391,0.234295143724999,0.5686274509803921,1,6
0.78190847336674907,0.62337602251795465,-0.0046339860782610449,-0.62164543262239225,0.77913843735079547,-0.080624137466881754,-0.046648637461323895,0.065921392523627137,0.99673380329491534,-6.1856737716709418,4.7963153878749365,-1.7694597873935274,,0.07108851746074746,0.2068965517241379,0,2
0.79986104957472992,0.5906801019802268,0.10639228589442218,-0.59871547486546983,0.79766399482370476,0.072608067860972361,-0.041977154856264035,-0.12177507333817246,0.99166967785833593,-14.156306087207122,-13.178977199959224,-4.629462848327023,,0.363558501278223,0.225,0,1
-0.51110116106989212,0.85852718548269391,-0.041311922494256796,-0.84245899890166709,-0.50990582717834876,-0.17395080505465815,-0.17040668508778634,-0.054102857565263382,0.98388741351877429,3.1762194665725056,-10.641435077837848,-3.1810263049081358,,0.07489726603372002,0.4545454545454545,0,1
-0.48612007669355967,0.87216077093515032,0.054980548171621381,-0.85689271408014145,-0.4633705866890479,-0.22588177427100192,-0.17152885352562694,-0.15691809657669142,0.9726019552596693,13.489637721963172,1.0487725332778814,-0.99170039764976703,0.3086023283365519,0.1760306214956478,0.1944444444444444,1,5
0.9833082006556948,-0.15382304343090278,-0.097177434792823508,0.15688391637963711,0.98730967970238459,0.024638042685253825,0.09215432330957575,-0.03947236597454018,0.99496206612097782,-12.039553594768702,3.3944003772635267,-2.3009972235314429,,0.1064949203713641,0.2857142857142857,0,1
-0.32511194657759002,0.94563075930389473,0.0092026762884151007,-0.92982967562986651,-0.31787521982118366,-0.18539719237812124,-0.17239198505320988,-0.06883176361225464,0.98262057367400957,2.0002446972494723,-13.65345836603098,-3.6711908112448235,,0.07902470409180773,0.1666666666666667,0,4
0.083086602063512774,-0.98858313962499222,-0.12569802149092654,0.98296999088315329,0.10204688237718815,-0.15282810873746441,0.16391038277276201,-0.11085941478417748,0.98022628845231285,-21.499234004679458,-10.148020445651799,-4.7098694276444242,,0.3288752113401504,0.6857142857142857,1,1
0.78979352689479554,0.59776485317207451,0.13748950937162177,-0.61173756711328497,0.78400114496271722,0.10544834602528744,-0.044758617688669566,-0.16738991907912959,0.98487424635497645,-14.779331312165443,11.864846006359931,-1.4206651321785129,,0.1454645523464264,0.4,0,1
0.79709093763999017,-0.59495382258653839,-0.10332466366684985,0.58506710958373898,0.80325042699192195,-0.11173732062576204,0.14947412624106862,0.028612943346693041,0.98835154932721581,-2.5608128419348639,-6.1995398589129795,-2.9619786632962746,,0.1201680364024216,0.5025641025641026,1,2
-0.99071690633889453,0.12173514650680659,-0.060502608202101314,-0.10657287204438486,-0.97182001978291721,-0.21025715705616713,-0.084393331718221304,-0.20185738345202278,0.97577218770950913,-2.4524927547856303,2.9905648272593459,-1.766419381374605,,0.06916414467905699,0.2857142857142857,0,4
-0.91108129686396733,0.41214070870918751,0.0084206133600066031,-0.39164406798725787,-0.85903596572122831,-0.32965456709681279,-0.12863045718282251,-0.3036399937789549,0.9440640654441057,4.2415642322586757,-8.7786736718344951,-2.8661811666885875,,0.3534349713835161,0.7878787878787878,0,4
0.9968047907633647,-0.031015051427389254,-0.073608937610603817,0.037882426834186148,0.99486885637053946,0.093813007419695241,0.070321624329631904,-0.09630174042524714,0.99286496762788001,4.3721951142020137,10.150920488502775,-0.61073390462369503,,0.3072549044497136,0.4827586206896552,0,6
0.20258564115232483,-0.92105247806805635,-0.33259794143017968,0.96950971108507145,0.23646500830045919,-0.064305675964132988,0.13787667718160923,-0.30942952750853564,0.94087373722258905,-13.152260156755323,-3.942774566182571,-3.3405146346662677,,0.5942672068521333,0.2801204819277108,0,2
-0.95128298416314028,0.30688289737110447,-0.029724927969408246,-0.29197802490645919,-0.92763812457076733,-0.2328869743342297,-0.099043005878221513,-0.21286239015839609,0.97204942561716523,-8.2680794866567222,14.39225985944042,-0.81482228055083528,,0.1376978558230503,0.3636363636363636,1,5
0.34922213516191558,-0.93249505371728103,-0.092178495896593313,0.92065385207197759,0.35976737358858873,-0.15153851512469751,0.17447173117150566,-0.031943883514286529,0.98414389360908172,-9.8471778565803785,-8.2546389581350166,-3.6773278047194697,,0.07410485970719737,0.2608695652173913,0,2
-0.54073195928872597,0.83996217563924747,-0.045524627391754877,-0.82395267846366815,-0.53977344018712259,-0.17247207577201004,-0.16944300474295906,-0.055751024779295687,0.98396183431052653,-8.187406764374245,-14.334595940090239,-4.4055906706400316,,0.07838076617560788,0.3478260869565217,0,1
-0.80594265641045926,0.58968588815981249,-0.052220569541382711,-0.57287920590778862,-0.79911441390962257,-0.18227882191944894,-0.14921745881938323,-0.11699019953420987,0.98185917686623059,-3.237707305586901,2.7691477329106791,-1.8576399810311814,,0.07548984680674539,0.3733333333333334,0,4
-0.89214388636610975,-0.44369030879363858,-0.084959966467619788,0.45159219837775155,-0.87092402730501339,-0.19379325330662284,0.011990512246060953,-0.21125872418771494,0.97735662839654158,-20.686581095741076,-1.2439147398750912,-3.4263629048323203,,0.131954328546986,0.5526315789473685,0,2
0.22493981949280298,0.97291103731996953,-0.053349705411796962,-0.96427054701155968,0.21440988038591841,-0.15559792851745402,-0.1399442380827873,0.086443719574509206,0.98637877794159323,-0.27974150241190471,7.3631797891188819,-1.0863596878496677,,0.772493244292263,0.3012048192771085,0,1
0.992162683817291,-0.099809361276010158,-0.0751751304764188,0.10394523177555698,0.99315558328708398,0.053267027107004726,0.069344052604368267,-0.060663652934583291,0.99574661615344473,-8.0085446067083801,-8.8830771489682618,-3.6625600716713791,,0.5307505209650741,0.2033898305084746,1,3
-0.6981136681033796,0.71595931984698991,0.0062895732351396852,-0.69920011274220217,-0.67982853560862733,-0.2212518124525106,-0.15413146579636502,-0.15885658468085312,0.97519642983093346,-2.9729076841336823,9.1130660336222089,-1.0925025616484279,0.3865983182596844,0.2607673577541294,0.5877192982456141,1,6
-0.63005469476771681,0.77644956798484221,0.012535947403812735,-0.75891954412015394,-0.61224894672302188,-0.221793491313446,-0.16453633991801545,-0.14925580595977522,0.97501307541677662,-8.9849320792859952,-7.4269845812984947,-3.5186365295653439,,0.07819205917322977,0.3636363636363636,0,5
-0.8708493174654317,-0.45574255197703883,-0.18417435377231361,0.49108635881152746,-0.79037875674610603,-0.36624528539452406,0.02134606425618054,-0.40938996959126478,0.91210975125739957,8.635104421115912,-8.3291763956590383,-2.5132244317513348,,0.4900541238478716,0.2962962962962963,0,2
0.86559587486897749,-0.47834138406804694,-0.1480989591377154,0.4820181313387758,0.87607414088956637,-0.01235397609203704,0.13565508641582164,-0.060692832793282081,0.98889538252387543,6.1457372852617764,-7.8359312711335356,-2.6062517638358385,,0.2659758936784168,0.3846153846153846,1,5
-0.17402615866211513,-0.97587579309173589,-0.13183828184136995,0.97401068569812022,-0.15086991066047789,-0.16894216230171025,0.14497613681977578,-0.15781225083901299,0.97676876139541768,-19.42620996731598,-0.29247841254555074,-3.2365569975790227,,0.5846098123846162,0.993993993993994,1,1
0.9779951978606084,-0.19552322814396569,-0.07277403532683778,0.18459339674383801,0.97351881228457937,-0.13485696128340319,0.097214560844355924,0.11845585415750524,0.98818902026669675,-7.6885445419607592,10.572305021486899,-1.195334732196025,0.157823266452287,0.1651816829488488,0.3,1,5
0.38715925416212904,0.91015378378020351,0.14740353383552843,-0.91337042594863727,0.40043533760199601,-0.073525542514010334,-0.12594513455877582,-0.1061679342841008,0.98633979581623776,4.2468960644647602,-12.468100455872825,-3.3984821613178466,,0.2268296863928648,0.3157894736842105,0,5
0.75763571651031603,0.6525167863469068,-0.014490155396232182,-0.65050683000033915,0.75312046335202509,-0.098236611318501171,-0.053188205373105264,0.083853510456853242,0.99505758807882683,-4.3829402344669957,-10.27394635501609,-3.6221010515877103,,0.07330254944066769,0.3255813953488372,0,1
-0.58906654964637162,-0.74511660677797775,-0.31273286106738418,0.8031428890542659,-0.49710943817527475,-0.32839565502398144,0.08923059928794673,-0.44461606896370204,0.89126564579253176,-2.7539810823524271,-15.187534117279334,-4.2191677404927574,,0.188030568476981,0.4166666666666667,0,1
-0.84462288019575649,-0.52868725695100804,-0.084273213938021924,0.53464016244051493,-0.82479844276993142,-0.18403104496219078,0.027786452731590503,-0.20049267603060858,0.97930107724983151,-2.2144121310748743,-4.8555358755109816,-2.7556865193846942,,0.09111374598619285,0.4191616766467066,0,5
0.23458623063469372,-0.91369559657098109,-0.3318578870592121,0.95710567679024849,0.27681306628053842,-0.085575988409400214,0.17005300306811941,-0.29754811903818962,0.9394397761455221,-10.312280304589379,-10.049234407862421,-3.9412776262690743,,0.2928776219684246,0.1935483870967742,0,1
0.9969812843418594,-0.032370065945350912,-0.070572639902094572,0.028151978007921921,0.99780335453469693,-0.059966088863186398,0.072358723083665283,0.057798308885292804,0.99570255130922614,-13.617213893546699,3.168243018877078,-2.4180885898012114,,0.08167287381794697,0.2777777777777778,0,1
0.84172348691009258,0.53976367126275671,0.012520014731081577,-0.53910062058484653,0.84150580513890172,-0.035192340112052967,-0.029531211775839013,0.02287267152038561,0.99930213070350815,-10.934930274353729,19.012536734432462,-0.43272522019297877,,0.1817975398590321,0.25,0,1
0.79042788705432132,-0.60521264366003025,-0.094559036167246424,0.59405260639907542,0.79501827852095064,-0.1226679976524003,0.14941638530397608,0.040787164299834013,0.98793276645279449,-19.386315859721559,-9.5955585715312814,-4.4932859028549688,,0.1807905057211832,0.4736842105263158,0,1
0.16803480690434802,-0.96914557133328283,-0.1803362560155426,0.9674602529416535,0.19723418353823399,-0.15849080674309599,0.18916913766967813,-0.14783618775215718,0.97075202752516521,-13.073063923134612,7.5666911891768001,-1.8337504052866758,,0.2796735689014226,0.4347826086956522,0,2
0.53080604498246464,-0.82619374161179948,-0.18880901443408141,0.83031068565362698,0.55160813891018923,-0.079452038220810747,0.16979136579778598,-0.11459652005856354,0.97879442667548411,-2.1521771198327535,-11.049835631332249,-3.5871659120460957,,0.1971043356683591,0.3333333333333333,0,1
-0.9558891345703211,0.2916595294874394,-0.034794845445387905,-0.27286726726125721,-0.92559501662128052,-0.26233055419303558,-0.10871714155447869,-0.2412645520274726,0.96435055818265913,-0.87425342436305908,-7.8037996819852395,-3.0153545293828654,,0.08838450984283489,0.4888888888888889,0,2
-0.14729426200747522,0.98877393621628562,-0.025109827538740536,-0.97482928149800152,-0.14941918272914123,-0.1654744081924584,-0.16736867184082577,0.0001043643022973259,0.98589437405552183,10.318501922835173,1.3159702588970819,-1.1818885731368094,0.5386978133341035,0.1980038443737436,0.5294117647058824,1,5
-0.37348826942022029,0.92188992731606334,0.10307994236840498,-0.91207043736426041,-0.34467703311160219,-0.22209290878267751,-0.16921592682621875,-0.17696526427117887,0.96956137781461582,-8.794951572893746,7.071655924492795,-1.6589136730932099,,0.6867606186413177,0.2153846153846154,0,3
0.99520570324411228,0.07417577315141638,-0.063746081509229544,-0.078810639850336692,0.99417171117282754,-0.073562842183211227,0.057917970240437974,0.078234029559272458,0.99525119710661292,-3.0481694872952971,-2.914638898636035,-2.5427290628666119,,0.07740833316308185,0.3295019157088123,0,5
0.94527640769629162,0.32404248244296208,-0.038065504396989781,-0.32605666712625753,0.94242977385339077,-0.074250731829146044,0.011813673235347212,0.082598976548438258,0.99651284296683251,-8.0068734532680459,-17.550111753718049,-4.8807822417427822,,0.1460303046500787,0.2857142857142857,0,1
-0.99830029772214213,0.0094532729424831544,-0.057507835975253954,0.0074968504732498215,-0.95772896094609139,-0.28757439837040566,-0.057795439273904056,-0.28751673515778853,0.95603023707586865,7.9295497162645017,6.3808205926274608,-0.79153743176298286,,0.07364981000929641,0.25,0,5
-0.54927373286260206,0.83543532294529332,-0.018606116265264937,-0.81718102002469817,-0.5416600889747808,-0.19702672032804588,-0.17468127231783151,-0.093017037079914308,0.98022154838296482,-5.4297332108751792,3.6790007518365342,-1.91308137040193,,0.07677730768212888,0.3353293413173652,0,3
0.36478863493222347,0.93047240332421044,-0.03391693494927616,-0.92282891587833027,0.35647016325444197,-0.14599936550607806,-0.12375800516779147,0.084558437553089283,0.98870310346204004,-6.0176870017696684,-15.455986144210543,-4.4655188616119812,,0.06886179854620572,0.25,0,1
0.9777653810766207,0.20511615960390087,-0.043614454455334357,-0.2073806566802088,0.97665750372160909,-0.055976634939576553,0.03111467182817123,0.063776809998778244,0.99747902018208034,-11.686443678443757,-3.3560957700946217,-3.1568549088103741,,0.06905388908925229,0.2229299363057325,0,2
-0.83182665632836916,-0.54208100116153535,-0.11921661797447698,0.55407638130205905,-0.79838619200598859,-0.23575167464387412,0.032615602167984412,-0.26215963952119564,0.96447319605126192,-12.205836466876859,19.75603970352703,-0.42275167462960694,,0.1607967274691507,0.2413793103448276,0,1
-0.48352544312415902,0.8752186625589613,-0.013979934194724803,-0.86325434609538354,-0.47943770619922255,-0.15789686450927182,-0.14489679016119331,-0.06427891242803728,0.98735664357822173,-14.138589750323787,-10.793689008722277,-4.316142417118134,,0.0913523747104366,0.3846153846153846,0,3
0.79884396682972181,-0.59219391575285107,-0.10561573180667792,0.58294544028414408,0.80544196369511856,-0.10694791615958238,0.14840124767561833,0.023866488310117302,0.98863919628146602,-3.471125236456059,-4.9499073468564907,-2.8510208718672274,,0.0821974205833442,0.3404255319148936,0,5
0.23659455624405046,-0.9536525321558601,-0.18592972830722237,0.95660134646384509,0.26213896696467909,-0.1272675368750778,0.17010843570863585,-0.14774982203511344,0.97428594888223308,13.135405530414635,-1.8270555715708598,-1.3822687143760997,,0.1762733245316555,0.3888888888888889,0,1
-0.7155983082621975,0.69850803475770773,0.0023635970904903108,-0.68049502197421519,-0.69637301955443665,-0.22801566328861758,-0.15762482761479263,-0.16477603896064896,0.97365459517420516,-6.8820589244575352,7.7448494324523312,-1.4762757867111216,0.2508800568168934,0.2631810387163583,0.5904761904761905,1,5
0.14947058917195313,-0.9857332070890763,-0.077385963937094182,0.97454906578079481,0.16009389831916301,-0.15692055985992751,0.1670708273708153,-0.051961410323985324,0.98457470538236602,-17.571288858112837,-7.2517900260255557,-4.0593414668688617,,0.07515175406211319,0.1777777777777778,0,1
0.7919573327350653,-0.59244106049669443,-0.14770637415058921,0.59160129378497217,0.8043942170300914,-0.054386145299085878,0.15103473878253465,-0.044311775478969986,0.98753479646784748,-19.696783742098063,-2.1805299495101038,-3.4579498244714606,,0.09770748895517865,0.2857142857142857,0,3
-0.23091256889562931,0.96747133791083739,0.10333729165715494,-0.95588183257328707,-0.20575267595885882,-0.20965628655517041,-0.18157452377014788,-0.14719051143597409,0.97229915440715098,1.1878779929509882,8.4605287954296848,-0.9407177267579756,,0.2544385983823763,0.4,0,4
0.43485216623260703,0.89915511464814712,0.049230816821245242,-0.895342259391955,0.43755798032701404,-0.083097848341903618,-0.096259192131031873,-0.0079431514036996109,0.99532460749047047,-4.4770008008167759,15.327285359011357,-0.57815276574510666,,0.2715821043165412,0.4545454545454545,0,5
-0.34293180109240706,0.93279305161770454,0.11088238206878757,-0.91842869170097319,-0.30816643498139307,-0.2480366638448791,-0.19719664819655644,-0.18689722096540023,0.96238397260940189,-8.9830518608372891,9.0868049158425492,-1.4182779686117988,,0.5255347054431438,0.1666666666666667,0,2
0.81933076908465141,-0.56011247207230463,-0.12235648515794163,0.55467092455849265,0.82840705684124971,-0.077986624654776238,0.14504225687909211,-0.0039707435915691718,0.98941749373798182,4.5475876649815987,8.3846987635131143,-0.75473864605487606,,0.699606128164967,0.2647058823529412,0,1
-0.99019302487868843,0.12180098938964323,-0.068427278663545699,-0.10550202780159973,-0.97300411313786661,-0.20526158419574031,-0.09158108762918761,-0.19602937229022227,0.97631213737623757,-12.154645927601761,15.276711001726873,-0.89328544824561451,0.1579440725734161,0.08800742913176339,0.4347826086956522,1,3
0.072325488526233203,-0.96521825168552999,-0.2512424134627167,0.98993464208603021,0.10019467168889319,-0.099952149367373747,0.12164878999580946,-0.2414844806158026,0.96274961309484364,12.311717754271466,-9.2205930558408991,-2.4331001814963242,,0.5321178253655996,0.5405405405405406,0,4
-0.062663841974851295,0.97539395062996626,0.21137616701846476,-0.98066663290937384,-0.020836888579722195,-0.19457332595324373,-0.18538122344817398,-0.21948226613734265,0.95784202081766834,-4.0178175748679452,14.187135501720588,-0.69125376206445766,,0.4564863568389836,0.1578947368421053,0,3
-0.69687339069365495,-0.7087211574267781,-0.10991723412993615,0.71420945960296989,-0.67180688519677789,-0.19641883009486413,0.065363025914968398,-0.21538298451328383,0.97433969683339283,4.4584604738645588,-6.9218882901292078,-2.6191187674908334,,0.0910998564253471,0.3725490196078431,0,5
0.73710419224581425,-0.66763853247920579,-0.10457628661727547,0.6574401309349891,0.74426916318864911,-0.11762604712669822,0.15636458681501464,0.0179500048880364,0.98753628455601028,-9.3988689814140827,-6.4425091317262533,-3.4125853834081701,,0.08063818807756271,0.2846153846153846,0,5
-0.88610710269832915,-0.39986717457978344,-0.23435111529744074,0.46035512059729494,-0.81795367576206335,-0.34499992354662817,-0.053734211517649233,-0.41359161862991156,0.90887546314754597,-11.018041070303951,5.1311298441600206,-2.0190749920999118,,0.6823814594126023,0.179372197309417,0,2
-0.99771456172149897,0.016154638260970786,-0.065610067760482435,-0.00027044564015770334,-0.971946483392227,-0.23520195637077373,-0.067569077158369087,-0.23464667285972926,0.96972952864591389,-2.2789380318304437,-9.9359576158814811,-3.4384635789845617,,0.08170477509122219,0.1875,0,2
0.34084869611291196,-0.93318447477673339,-0.11396886589678906,0.92451944425962351,0.35471298424632391,-0.13943635104571461,0.17054607454879855,-0.057839734117124925,0.98365065018697351,-6.1300645764640116,13.121311702924537,-0.8626815079658906,,0.08601224301829229,0.3684210526315789,0,3
-0.35999674301144752,0.93161590212388457,-0.049941525117399632,-0.9166927549109396,-0.36316583888783521,-0.1666882316142555,-0.17342646313334784,-0.014226186235146814,0.9847440670094243,-9.0347734599727865,-4.8431289690777781,-3.1803617162451001,0.4640921029183368,0.3069561847099437,0.947594501718213,1,5
-0.99215384924917838,0.12262164299748812,-0.024385899381313809,-0.10946824806350977,-0.94625207166844993,-0.30434145220306824,-0.060394056710448299,-0.29928406160663346,0.95225081169946613,10.021178641868547,5.7330104576065732,-0.69408814681094555,,0.4850561740745179,0.8271604938271605,0,5
-0.93622122658182594,0.34856599949283307,-0.04462688534039104,-0.3317966522131286,-0.91864185142987775,-0.21449505910777336,-0.11576180923682097,-0.18600777617897987,0.97570503264212427,-5.3882377771398087,-6.8949613525377575,-3.2542226250663906,,0.08842919235164975,0.1900826446280992,0,5
0.96940333137264867,0.24516712094400209,-0.012258218942497666,-0.24366936370962938,0.96712153880245988,0.072809136608724137,0.029705593967425239,-0.067594467172931744,0.99727055792029251,6.9067250635825568,0.97497773042260072,-1.440599371675755,,0.2115170801323179,0.2777777777777778,0,2
0.84063556209212231,0.54148439196099007,0.011247444540886093,-0.54141566557073884,0.84070989280152231,-0.0087151144712902407,-0.014174936354616393,0.00123669248019637,0.99989876576134096,-11.050432079287456,-13.341014897923595,-4.4508196115281997,,0.1243935338524727,0.1764705882352941,0,3
-0.68892412101682809,0.70336440485367635,0.17510588072941513,-0.70680317135644988,-0.59834135171637848,-0.37738164209018088,-0.16066372472233795,-0.38375270788757987,0.90935198176904741,-14.070318292696344,7.0792827114930263,-1.953662321267386,,0.3018518484965809,0.2352941176470588,0,1
-0.93489187809308427,0.3528477789258172,-0.038413814998026756,-0.33526642825105463,-0.91342962389614313,-0.23074389325988662,-0.11650578682351048,-0.20284172917836038,0.97225595114690166,-7.2857176241004247,13.249555043266298,-0.90245018296039792,,0.0795997836218629,0.25,0,5
0.8842551553323561,-0.46222839154464423,-0.066616321710232962,0.45396151108776583,0.88424614866920404,-0.10967084851769403,0.10959820582045227,0.066735767124758719,0.99173311463679914,18.07451265434478,-0.57401493137240511,-0.89813303222729235,0.2769307767754971,0.2479113601271823,0.5,1,5
0.96759944322669145,0.25202851999175035,-0.015262456491839419,-0.25122514313443689,0.96703431469843604,0.041600019865478705,0.025243710592524681,-0.036417843243311085,0.99901776549219934,1.8736164119897771,-7.3575522032580487,-2.8005508798208196,,0.09010874449141311,0.2407407407407407,0,5
0.9940577243592712,-0.080795473649053873,-0.072947461090097115,0.076534510478475593,0.99529398668074176,-0.059433566130375079,0.077406132492757171,0.053497397272938702,0.99556331749293248,4.1921219571853339,-4.5602017162451753,-2.3210380113439193,,0.08559664031100764,0.2708333333333333,0,5
0.088894045678384395,0.9682473301436928,0.23365563616686225,-0.98327309275578834,0.12274621269914479,-0.13456371104604584,-0.15897129836985277,-0.21778538733723163,0.96296295430144951,-4.0657318239803901,-7.8476684711023337,-3.266187336207595,,0.1733713431040368,0.2173913043478261,0,5
0.77576463241748483,-0.62303387954174527,-0.10009005961297376,0.61324757719179201,0.78175033658302584,-0.11310977111074223,0.14871665730026179,0.026366573449912535,0.98852827963895329,-3.0249330538542969,-12.244282937712079,-3.7879142322864152,,0.09102102406059981,0.3125,0,5
-0.99302245338710016,-0.082780799019346124,-0.083986584540526654,0.10661652114273158,-0.93456533833396915,-0.33944152044812459,-0.05039171051359434,-0.34602740888321515,0.93687016593180183,4.23520413127574,5.6098012530901853,-1.0689592357767832,,0.2084995151883548,0.3103448275862069,0,1
-0.52582094303531135,-0.83601068259452294,-0.15683900807291914,0.84440440811224626,-0.49083765025689069,-0.21461499633274023,0.10243793938802193,-0.24528460954192632,0.96402382174705692,8.3609113705008422,-3.1383809701446181,-1.8849892987865247,,0.14505014553869,0.2083333333333333,0,2
-0.99220042862929025,-0.11054012957789683,-0.057612404747188359,0.1197286680763308,-0.97373122806657031,-0.19368154669104498,-0.034689414358272455,-0.19906877012949412,0.97937136434072325,-9.4698736508009258,10.401657934287488,-1.2974128389811457,,0.1005857048338646,0.3333333333333333,0,5
-0.99550764840950845,0.068909367296003568,-0.064930894472777542,-0.054202632022886388,-0.97706831237508762,-0.20591160150484381,-0.077631157662127262,-0.20146714881429803,0.97641404706644586,-9.5368644859300584,14.754213402812219,-0.86214604934334182,,0.3288905870510499,0.8,1,5
-0.19999354433226155,-0.93438981810319399,-0.29481901236267011,0.96938453894939014,-0.14494695558442819,-0.19820190643049868,0.14246472500692295,-0.32543209413314811,0.93477149840846974,-15.904285229368396,14.858547444423484,-1.1541634567031851,,0.2956035093318106,0.1363636363636364,0,1
0.43880580543034559,0.89550312914810393,0.074320998422927831,-0.88708680755690017,0.44489536347433639,-0.1230654761399223,-0.1432705865805457,-0.011927331847188836,0.98961168029478819,1.7304713092920303,5.0560107038867574,-1.2572522839620088,0.6035973359934108,0.2024997583197057,0.3194444444444444,1,3
0.50355115528350636,-0.82867051072372655,-0.24442057742654344,0.84024482729844197,0.53555642210425614,-0.084663740415242231,0.2010593549448956,-0.16274060157123338,0.96596616524046852,6.8537254219459616,-2.7001600110019663,-1.9098252627203367,,0.7342210155502993,0.1454545454545454,0,2
0.99765323893172952,-0.0077174026974668299,-0.06803276081885555,0.0036724756641248382,0.99822861711928257,-0.059381317656492058,0.068370518292074411,0.058992115233562702,0.99591435503698988,-4.87224198090877,-11.083284944643001,-3.7855076998547603,,0.105943269511737,0.2878787878787879,1,3
0.016687357830947349,-0.95468347471467552,-0.29715483370683171,0.98696993428639135,0.063296991901273483,-0.14793187496603119,0.16003712351619326,-0.29081429456435426,0.94330014585692668,-20.575907795925449,-14.375882956345064,-5.2631278659784728,,0.5304737522101755,0.1666666666666667,0,1
-0.99672093934507033,0.059476734808857727,-0.054862437856492988,-0.034229094919489514,-0.92428600345034095,-0.38016279787321167,-0.073319425339219049,-0.37703832940733312,0.92329104838379839,-17.094953687943459,-13.474658084039445,-4.898235017269589,,0.124789999407888,0.5,0,1
-0.12858166829966186,0.98816133331577938,0.083689509001181162,-0.9741969357648772,-0.11007715273153529,-0.19703641996555779,-0.18549146860058305,-0.10686533481958184,0.97681764689746431,3.9143706062968833,6.772649959234438,-0.92355791383986396,0.7606561400735856,0.4510118318667575,0.5824175824175825,1,2
-0.84351144295753688,-0.51396253928380353,-0.15598382548405459,0.53688667118947742,-0.79842358221055532,-0.27252978859043503,0.015528937464533094,-0.31362763204636457,0.94941906475392301,0.47758758271648388,-14.358483619531221,-3.9025679122770374,,0.4106976749622814,0.4583333333333333,0,5
-0.46119840189439743,-0.82817090637562674,-0.31847917345256044,0.88040599430593447,-0.38247595724009187,-0.28035232712330599,0.1103690141309233,-0.40968901860587781,0.90552393052504132,11.819231094504296,-4.017807464474914,-1.7329361659279823,,0.2369640385340978,0.1428571428571428,0,1
0.99762335452259254,-0.012175982534389267,-0.06781878766546684,0.0051978796297051204,0.99475704827819522,-0.10213421046940414,0.068706801398744535,0.10153895976508567,0.99245615272987187,-3.2182425574677787,-10.466817018094758,-3.5532110357943774,,0.08044827227379434,0.26,0,1
0.99342597617082284,0.09668419856707848,-0.061294335925028226,-0.10228792301441673,0.99010597117939569,-0.096059078906175654,0.051400492939710829,0.10169725454675668,0.99348661679119121,-1.1216219736537834,-4.6502964435542715,-2.6562663332624461,,0.06871515386912475,0.2385321100917431,0,5
0.18756048205196132,0.98188512594737831,0.026882429498431736,-0.97081348462845229,0.18947138033750921,-0.14704344288869528,-0.14947322046439621,0.0014817139741325445,0.98876466405697438,2.9457981417707897,-1.4564287595796483,-1.9904691033426052,,0.485712893781764,0.971473851030111,1,5
-0.21533958614247456,0.94572393773730423,0.24338261283550225,-0.9617188985846421,-0.16212361172743789,-0.22093595141034394,-0.16948634973097579,-0.28164191469150907,0.94443221521916043,-5.5296766998213664,-19.99019430898721,-5.0740204077531095,,0.4728784128282517,0.1538461538461539,0,1
0.91594006963633023,-0.35097604716094888,-0.19460113862429274,0.3817507370942988,0.91155416357553565,0.15275922753164847,0.12377464830309601,-0.21420742561214345,0.9689143487687979,-12.01951176066461,9.1825061834514354,-1.5789728073561762,,0.4144888103064627,0.3823529411764706,0,1
-0.34776488799348393,-0.91397274631876035,-0.20907750157638566,0.92676024154965708,-0.30131224510250082,-0.22433543107167012,0.14203885863277479,-0.27178070192313913,0.95181942231731376,0.62733682513412192,-2.4624319578296783,-2.2817372158584974,0.4081724867364744,0.4291936711651542,0.7740112994350282,1,4
-0.92927378453857601,-0.35802231302500281,-0.090940951972033335,0.36937478537532342,-0.90298716620305453,-0.21949133377313859,-0.0035357175066324763,-0.23755883702528155,0.97136671636046368,-11.959593843680786,-8.9610299285081307,-3.9168937645066522,,0.07434450176125511,0.1690140845070423,0,3
0.79223819401259121,-0.57848650402652835,-0.19419579966320857,0.59903813545223417,0.79791928418384117,0.066918817992076468,0.11624094038495211,-0.1693463332544041,0.97867760942595883,2.9857364425876671,-8.9294499772242748,-2.9771281630479405,1.287155972190189,0.3554497808060251,0.4666666666666667,1,3
0.84105338136194108,-0.51922401274680252,-0.15177494617608794,0.52217510103382203,0.8525305213098876,-0.022910130846626187,0.14128826405601991,-0.059984454837902164,0.988149528977187,-22.481195625993365,-6.1119357832019414,-4.1770288446011428,,0.3083213115657607,0.1875,0,1
0.27754726111344619,-0.94091196914823794,-0.19404170727452474,0.94082388922386806,0.30708427272779676,-0.14335152217160743,0.19446831956414162,-0.14277225135448435,0.97046285705794666,1.1093344603828432,10.680400721873655,-0.76778471872380161,0.7234053261247257,0.3202338285371807,0.1764705882352941,1,5
-0.87499014402362796,-0.45986339171485852,-0.15138662035338205,0.4837919278461365,-0.81864734685394203,-0.30945418407241049,0.018374395566411586,-0.34400898600110646,0.93878655675188538,6.0298941428406554,-4.629410524197505,-2.2151098779794882,,0.1966630717378338,0.2857142857142857,0,4
-0.13351555298361767,0.98652062801040563,0.0946078623658375,-0.9769812206416455,-0.11499325709162503,-0.17967817156521576,-0.16637695641235425,-0.1164199352920879,0.97916551565174459,5.5820578234227494,-10.293263925112864,-2.9621987246874713,,0.2406508116841505,0.24,0,1
0.96804090439030188,0.24765781197430278,0.039527403093384185,-0.2482965759793776,0.96860865729166012,0.012086330152861756,-0.035293310756052305,-0.021514580817380006,0.99914538733265856,-6.0766706481984096,-3.6047826281032656,-2.8507406605675132,,0.4494174523978892,0.2240896358543417,0,2
-0.99740735492700638,0.029443101070778945,-0.065663324137974571,-0.01543717820382721,-0.97876816368707664,-0.20438829536382683,-0.070286996426196055,-0.2028447326207006,0.97668508362799322,1.9548076019744562,-8.6944158313525559,-2.9895215866702851,,0.09352890231256802,0.4146341463414634,0,4
-0.77261219009224691,0.6258505066974912,0.1066843333735424,-0.61646047405851068,-0.69934970529026563,-0.36178235672013748,-0.15181201416363507,-0.34528413368834976,0.92613820749317322,10.904546473971161,-1.062214089501472,-1.4339016377764191,,0.6453219028095183,0.25,0,1
-0.31651499094440932,0.92606898054021503,0.205461684478318,-0.93291289876717953,-0.26468257015411284,-0.24416523169860074,-0.17173172048657387,-0.26895981175227746,0.94771769838961062,-12.402952187391634,0.12153750670130367,-2.7639805553868437,,0.2074237657330296,0.3295964125560538,0,1
0.064976561871044836,0.99719974179196635,-0.037023254549741647,-0.98588413400268815,0.058413666666112266,-0.15690862904375419,-0.15430658031719977,0.04669602249289543,0.98691892309052187,-10.126073034587112,-4.6536503035025021,-3.2287521378087667,,0.73036052044647,0.8821362799263351,1,1
-0.9810891938173264,-0.17623376070828126,-0.080035338204349701,0.18922702311200101,-0.96027172081454615,-0.20511303207753537,-0.040707830930162683,-0.21637902807454787,0.97546039833018083,-13.133887758585399,-9.4677069083230272,-4.0773725765962832,,0.09546197049776436,0.2631578947368421,0,2
0.93529539745430124,0.35150689752606507,0.040809563736954532,-0.35353901069738747,0.93316268222357146,0.064942870435649905,-0.015254095053877722,-0.075168540606489295,0.99705416256449042,12.136881681788891,-12.883288643778364,-2.9691217365070228,,0.1886849949529447,0.3636363636363636,0,2
-0.10846228467839752,0.99404780013403105,0.010242258102451147,-0.98013667716913322,-0.10521223562751068,-0.1681144834394474,-0.16603622156081863,-0.028272893784616154,0.98571426722293698,1.6251253891974959,12.202155537177191,-0.66831413592065392,,0.09330307047109554,0.4285714285714285,0,3
-0.97110740908121496,-0.19417671046890683,-0.1387292512019179,0.23700533844901367,-0.85272345689489837,-0.46550099420719088,-0.027908234882182192,-0.48493103754316341,0.87410698387158092,9.4156919611486565,7.8811432621643389,-0.55073793916709302,,0.7778692767460267,0.5833333333333334,0,1
-0.81442131275267593,-0.53634576401835343,-0.22147493482057465,0.57914634907274842,-0.72752157401930162,-0.36783401921544012,0.036158424881560187,-0.42783826471699227,0.90313176644055548,14.005740807535883,4.8913890943726761,-0.50569916627854483,0.6449718883031093,0.6873691942814384,0.28125,1,2
-0.99557585810177318,0.072153395112681998,-0.06018802487731531,-0.054540585965167622,-0.9653690716348251,-0.25512326435174965,-0.076511667394556615,-0.25071187268382361,0.96503343032657452,0.063153009201400614,-18.929160489565369,-4.5356543900148676,,0.7993929671263972,0.3823529411764706,0,1
