axis_00,axis_01,axis_02,axis_10,axis_11,axis_12,axis_20,axis_21,axis_22,location_x,location_y,location_z,dbh,dbh_approximation,score,reconstructed,number_clusters
-0.19250844299510875,-0.95931445693204265,-0.20653394901753422,0.95402150339204306,-0.23224224222839124,0.18949013692093514,-0.22974653521040181,-0.16055937732162437,0.95991521287710968,-5.8638721828384464,8.1500751550544539,-3.8834503485020719,,0.07214856499462845,0.1855670103092784,0,5
0.95850163145922973,0.26884900060835165,-0.094841116409945997,-0.18726547239610772,0.84458786775805583,0.5016004151554937,0.21495642660375863,-0.46302434980008489,0.85988498425891313,1.1696040894951567,2.5649535598128863,-1.5398364571141721,,0.6186151367828505,0.1594936708860759,0,1
-0.41215674530224117,-0.85460356104231805,-0.3158790445022493,0.8747982038268024,-0.46809048004384268,0.12497761829114797,-0.25466629121905049,-0.22482005236658853,0.94053230894564177,3.2235719646917591,21.692015071375586,-5.1903178269040229,,0.8190550506643881,0.3928571428571428,0,1
-0.23271727620221064,-0.91934313629551445,-0.31725520815796104,0.94356783094714314,-0.29246830277580838,0.15537709056724799,-0.23563195402731058,-0.26319287531725744,0.93552503580797153,-12.862010045380382,-6.4362987342462485,-1.6419495918438178,,0.3598093864083931,0.3125,0,1
-0.29768290299021644,0.9408197665419934,-0.16199708686018272,-0.94443138743091559,-0.26544174360175882,0.19388149779949018,0.1394067563019559,0.21071034060417237,0.96755718624784137,-6.4672635955251518,-7.3282449016985467,-0.45583813028851344,0.1659816782300843,0.155591853068507,0.5684210526315789,1,5
-0.73502227474293902,0.67537132182609638,-0.060131799296105688,-0.67803439202521487,-0.73167104176680153,0.070191522785031407,0.0034086452900193675,0.092363760722241853,0.99571949706859308,-17.371818906791773,16.841966103700795,-7.5653846133026388,,0.2152006915788011,0.1666666666666667,0,2
0.94873279654586562,0.28032718903395187,-0.1460231072350682,-0.22607021186997112,0.92468494195081119,0.30634950209604067,0.22090346322166987,-0.25763234505346666,0.9406525579186632,-2.0451576927284929,-4.6557332829316564,-0.36385386596091762,,0.0687994522147115,0.3636363636363636,0,5
0.72629722798711316,0.67186483973661315,-0.14522387456589531,-0.62365009484618139,0.73292718142613844,0.27180563998027379,0.28905517780621881,-0.10684279972198554,0.95133155121176516,-7.0455162855651432,-9.61717347994135,-0.006995553446863546,0.3113168967364723,0.2627541319822709,0.865546218487395,1,8
0.38846941524690759,-0.89650838316429593,-0.21298880800142139,0.91422830317252457,0.34607795723773249,0.21075259711910135,-0.1152307385032902,-0.27659133469850228,0.95405403959822332,4.8308821389468974,0.24706456732022558,-0.41774755628877569,,0.0898797091899024,0.3015873015873016,0,5
-0.8368958649249576,-0.49531679782007304,-0.2329518857377533,0.48448517190177282,-0.86837296305423117,0.10584193518508873,-0.25471440767812137,-0.024283056514441351,0.96671138593041284,-10.813726649557829,13.638717147719442,-5.8339840951340527,,0.07988805801491414,0.2413793103448276,0,4
0.45101433797493123,-0.82583281288739008,-0.33850588192752873,0.88711452917539102,0.37312503945460618,0.27167170823978326,-0.098050390447757207,-0.42282132170752484,0.90089302963367579,-13.261115977073441,2.4589083556001072,-3.6917555626058332,,0.1701759410547743,0.3428571428571429,0,1
-0.11960237115392913,-0.9271071771984648,-0.35520072466346508,0.9660703444090023,-0.19116833532388319,0.1736742848638409,-0.22891780723182928,-0.3223770301317827,0.91851493617446511,2.7236773636838887,15.69297287251826,-4.1896811108844316,,0.1130091590006009,0.375,0,3
0.77497327185973153,0.6128324705983802,-0.15444348766881927,-0.57581582647119645,0.78540024465354463,0.22711800827641693,0.26048524312965715,-0.08707938147712517,0.96154283286458198,6.9522652004323611,-7.2495795952734348,1.6144392642146574,,0.08871677835890127,0.2941176470588235,0,1
0.12258592129856009,0.99091083344822339,-0.055393249176510083,-0.95931303239385601,0.13261116669498127,0.24926448673467597,0.25434464369962406,0.022583149088283377,0.96684993851091916,1.182042357539892,12.02878592692964,-3.7359696671051674,0.7232170963234329,0.3042362933465307,0.28,1,5
-0.902467592383282,-0.27853072948246221,-0.3285922662387058,0.27010482256679258,-0.96013344845211868,0.072021843836463553,-0.3355527224209075,-0.023756975763127904,0.9417218148575015,-15.807167357018649,14.138608831700141,-6.7177912325517735,,0.528703227953555,0.8220338983050848,0,2
0.85227452896567024,0.49615003809319802,-0.16572044827499133,-0.45901106805858416,0.86127947935176674,0.21795985375125679,0.25087241114969966,-0.10969411172742756,0.96178492147479,-11.912390647589151,-3.8914868910849965,-2.0544617432313861,0.615867437180119,0.5908181654996415,0.9790076335877863,1,5
-0.45825497106174712,-0.86950348721740023,-0.18429885299148674,0.8505240371248679,-0.48918957716891193,0.19313834384222678,-0.25809154145383029,-0.068243998315468402,0.96370717177154197,-5.7572439432918223,-2.8272981102106152,-1.3580888842952048,,0.07301953803584513,0.3112582781456953,0,5
0.97037602626261199,0.16716221898352657,-0.17443382756588682,-0.12783763239182119,0.96790106038743207,0.21639102810730965,0.20500709109500487,-0.18768145844858614,0.96059760709434194,5.5370966296194082,10.357995067004044,-2.5602013705912396,,0.08742720734283466,0.5555555555555556,0,1
0.8433182867011022,0.53313620208666868,-0.067676120900359502,-0.47446473406383943,0.79774920583994691,0.37212823154319347,0.25238360375675656,-0.28171260995265568,0.92571081982896541,-21.586049208307251,-9.1094783417899041,-2.5084374837405568,,0.6427136158520355,0.16,0,1
-0.83326094452639365,0.54766190343293453,-0.075780194346524235,-0.55258915272067599,-0.82940728109648232,0.082029204309116588,-0.017928374784893755,0.11022704564831688,0.99374472163892091,-4.8321307185962876,15.051842115182433,-5.3473445488036031,0.4567880764625997,0.1886510400999395,0.2941176470588235,1,5
-0.35265806515680792,-0.90670606051537916,-0.23133613834534666,0.90214387226599602,-0.39509929541788963,0.17330026108809446,-0.24853314228241466,-0.1475827448754361,0.95731426950728193,-3.082522522008051,10.981130376206281,-4.0877667973397944,,0.1013974173689745,0.3762376237623762,0,5
-0.1033232023145223,0.98668020013889934,-0.12564433340717271,-0.97806937131299965,-0.077819930454402692,0.19319514311562119,0.18084418918744849,0.14285041504291279,0.97308228745528058,-17.2667099076439,-3.4362245910189535,-3.0565895908009977,,0.108960027390856,0.52,0,3
-0.22191755375931091,0.96611123375179286,-0.13183961222664836,-0.96284108108100463,-0.19577991231740849,0.18603031612012094,0.15391443050035161,0.16822398744405492,0.97365858396677019,3.057287670145254,8.8529947225476047,-2.6679330345202805,,0.07465111517802166,0.3,0,5
-0.24229195666953401,0.96928107980602329,-0.042294161101974051,-0.9586026487031083,-0.23244616835497114,0.16446805378698962,0.14958465707630653,0.080392581418708031,0.98547524739092363,-18.610456762471067,-3.8732520771906986,-3.1541877989911469,,0.1708678121091158,0.4,0,2
0.72722786407658635,0.66890645802742343,-0.15396033294265291,-0.63386613010999182,0.74051939173324643,0.22325939972687794,0.26335026639437598,-0.064770215965592931,0.9625234835128863,-4.7766368417329375,10.8503366853574,-4.296563694050838,,0.0671076494260964,0.3372093023255814,0,4
0.98328709193316766,0.0026854625086081135,-0.18204198177543743,0.074754603283288312,0.90576104765264043,0.41714346913639838,0.16600675927675959,-0.4237802648145686,0.89042239584824112,-17.101504633721017,3.5751309662132029,-4.5722206230692617,,0.3897052712183837,0.2916666666666667,0,1
-0.34367555575164621,-0.89982249032876127,-0.26871285469314987,0.90829208611425682,-0.39118435711508692,0.14825749576553179,-0.23852169436134632,-0.19311728210339188,0.9517421482061148,5.0535235337706972,15.090774898317555,-3.5735900981853304,0.261969907592399,0.2265445244226823,0.2647058823529412,1,6
0.59950078765100656,-0.7616965003992775,-0.24579920033498087,0.79944371331955699,0.55506304858539657,0.22977110638399276,-0.038581794147770278,-0.33425058470342162,0.94169421352462379,8.5940027829010699,-7.087450592206701,1.8948464284547912,0.1384270590009234,0.1392104418977105,0.475,1,3
-0.59897410343994739,-0.73368885537858619,-0.32082812673076305,0.75380405320849975,-0.65180324542445733,0.08325850479429571,-0.27020265130961979,-0.19197185405002568,0.9434708975256455,-0.40760186400076454,11.250449425812327,-3.8354969619465553,,0.2087693864378422,0.2,0,5
-0.44858350145958276,-0.84863883808204721,-0.28033009955588412,0.85384879822850646,-0.49959764004911217,0.14609732311405518,-0.26403611870726168,-0.17382266985669437,0.94872051072056751,-18.950383958038021,21.553170385431425,-8.8489903457399048,,0.2557687088521852,0.1388888888888889,0,3
0.27394662788898622,0.96153409151532454,-0.020135439455191879,-0.9330181799089361,0.27078456923605304,0.23696580559874666,0.23330306690584049,-0.046129252296623943,0.97130930761260825,4.949263098540424,15.976162124644407,-3.8026772692089112,,0.224076568300984,0.2142857142857143,0,3
0.95895545557333794,0.23319375633069395,-0.1613229873096575,-0.18529694760056994,0.94600003681995626,0.26598678829324035,0.2146380102312791,-0.2251768246179483,0.95038198752866454,4.5222495301206243,21.23393047358374,-4.8084624201195005,,0.4994009837129323,0.5652173913043478,0,1
0.98631372748735979,0.032413222098662021,-0.16166203636962442,0.022437241277996112,0.94497930067761493,0.32635975777457693,0.1633456493874996,-0.32552035930803208,0.93131879316491128,-18.24314343697273,22.967381318338674,-9.0662107853853495,,0.5122321073575499,0.6304347826086957,0,2
-0.58755807827420647,-0.76263675074679382,-0.27048233041197911,0.76691101892375924,-0.63145781853794059,0.11449241224041277,-0.25811430357119747,-0.14016493790416851,0.95589266995530275,-3.5787670481234923,7.0820569331701204,-3.2138756013557299,,0.9111998993586224,0.9665551839464883,0,5
0.86651422241334741,0.46792462664859447,-0.17378045382368312,-0.43306776540517006,0.87787858793626694,0.20440522353892751,0.24820437732313375,-0.10186132052354141,0.96333735443967683,-3.1161289993840131,14.758627803963918,-4.9990451306424779,,0.2326003192997328,0.2068965517241379,0,1
0.93280570061305934,0.34494956232128071,-0.10432317268055921,-0.29751647891514216,0.90047506025766721,0.31722012960701013,0.20336536007323547,-0.26486688224145605,0.9425964486533861,8.6080561402411941,12.43725826842155,-2.3269093561860958,,0.3234361275361952,0.35,0,2
0.94173277722960569,0.29674420544404234,-0.15837377569155436,-0.24176615828875778,0.92451519659248316,0.29465365427202711,0.23385572688670733,-0.23919558483581549,0.94238897022266921,-1.6343814029609709,9.5753515065405992,-3.5581511117824411,0.1625365719697718,0.3238559367315966,0.2826086956521739,1,5
0.99031239411526295,-0.012848947010853649,-0.13826158766052704,0.055393066068400741,0.94960707966854629,0.30850932315720853,0.12733016254304838,-0.31317933968269579,0.94111940310604203,-3.1569296250081331,13.379875725833708,-4.7137315269195756,,0.1585089468085933,0.2777777777777778,0,3
0.015484021903964001,0.99883729096406537,0.045654257690200976,-0.98003706104063248,0.0061095596280126216,0.19872099100998536,0.19821100890847734,-0.04781986470827234,0.97899216364931385,-0.43655139035392015,-7.6034889717631025,0.49782108940995073,,0.2676246869832088,0.1538461538461539,0,5
0.94992422473346483,-0.20377813541072912,-0.23689330677132212,0.27195267701618459,0.91251078689404796,0.30555818638311122,0.15390162029119778,-0.35468089225461769,0.92223411124356691,6.9294816522208347,18.265383281088724,-3.8192315794532408,,0.3010560847076564,0.7105263157894737,0,5
-0.23142598279722537,-0.92223102149221292,-0.30972884509481408,0.94927673465844509,-0.28373203750978365,0.13553527926981565,-0.21287483534353815,-0.26265200149242307,0.94111541831461121,-3.3240772807660166,9.0515950341562537,-3.7088581308527928,0.1053757596311659,0.294069107154034,0.2786885245901639,1,5
0.98659749621482906,0.08716710389818523,-0.13793939415784087,-0.0235487788236604,0.91256929908620721,0.40824346826522862,0.16146465705702753,-0.39952367935243999,0.90239126445137119,-12.607219603896194,-0.94220245216344167,-2.8847497254778851,0.5853745313156519,0.5729135385710786,0.6666666666666666,1,3
-0.97271801907481781,0.16550043348898069,-0.16257079037182895,-0.18357281982455725,-0.97757510722947805,0.10318880533727988,-0.14184736581559187,0.13021718872803942,0.98128630305886932,-3.0578891301553202,-3.5462407374839882,-0.74235502448741297,,0.08781218759386997,0.2479338842975207,0,5
0.80112606033854961,-0.54676238631158469,-0.24340897346091508,0.59794965589516136,0.74857810731477736,0.28650833541781107,0.025558647485602382,-0.37507560593017519,0.92664181072020457,-4.5235772264087499,-10.49221172081894,0.54763511003796883,,0.844836689841397,0.5102040816326531,0,1
-0.98543113091174184,0.065517843396637812,-0.1569487127269904,-0.070931232550190695,-0.99705558176450082,0.029136353944250244,-0.15457763900033045,0.039844435858818444,0.9871768709062102,-6.6794784195228551,-2.9876002497091294,-1.4711162967544429,0.4094687317922174,0.2056204637898853,0.2272727272727273,1,5
-0.8996771829360044,0.41412754366686183,-0.13812799890241734,-0.42950700639774275,-0.89630403237310818,0.1102851440900173,-0.078132566574920084,0.15854797106288604,0.98425496844682359,-19.841281821388023,24.459010664547446,-9.7075691707206406,,0.475359635643021,0.4,0,1
-0.38187173042223332,0.92025640230168149,-0.085452533766388422,-0.91464854864799072,-0.36303109811082435,0.17783828120113698,0.13263488968010867,0.14607044816531436,0.98034249638191795,-4.1718589054825257,18.916603096740445,-5.973503419166228,,0.1894177145269645,0.5416666666666666,0,3
0.84088445769366071,0.52992679305763613,-0.10995873229937805,-0.48258280940362541,0.82612406783019332,0.29091726765490855,0.24500440991406916,-0.19156361489422427,0.95040844933708102,-7.2391067921559431,16.995581962141983,-6.059362031942169,,0.4874219029373078,0.4857142857142857,0,2
0.97107872750459279,-0.11783570408705818,-0.20765560871396524,0.19637477086541544,0.88887734633992344,0.41392512913720436,0.13580520739506197,-0.44273221026485404,0.88630984178129302,3.6839684393319354,6.6351779335827485,-1.9941963768413211,,0.1184008191852746,0.1851851851851852,0,3
-0.88893861874023028,-0.41681205278733124,-0.18988376645575036,0.38968827606252016,-0.90610634081658414,0.1646643453556404,-0.24068896861225736,0.072381018113807732,0.96789968933003379,-19.582529894818951,-0.6520715139689387,-4.0154211048908142,,0.09231293696877052,0.4090909090909091,0,2
-0.033821177513527444,0.99380177589620489,-0.10589692241585204,-0.98151142454181239,-0.013054943323822586,0.19095782767070754,0.18839174994012423,0.11039745776222519,0.97586933032765033,-17.977026740850871,17.929044107398379,-7.955229584263857,,0.09110057130662677,0.4,0,4
0.58889645461178008,-0.73432193982688798,-0.33759777018599063,0.80616579169743996,0.50402757514678431,0.30992405487230934,-0.057425447691042762,-0.45467295079048903,0.88880528001185632,1.1589442939543431,-13.826850504890141,2.2790275446258872,,0.4709592456212599,0.1,0,2
0.64211692771682927,-0.73651775993933011,-0.21266744093408155,0.7657930169857825,0.60348104495832733,0.22219739762611748,-0.035311560080423847,-0.30553595151791324,0.95152555197153255,-2.0574916155590421,10.398910197519431,-3.8678067842995647,,0.06903179540870334,0.1702127659574468,0,5
0.36745161211542521,-0.86957676057303224,-0.32987205129426395,0.92212721158612121,0.29446196348259168,0.2509453281381856,-0.1210814536012009,-0.39639426021738428,0.91006091667565425,-8.1197753742970296,15.691568437103552,-5.9398052598473559,,0.2463479208169574,0.3636363636363636,0,3
-0.34640342607219216,-0.88873201040182148,-0.30026668162249204,0.90450591823726101,-0.40130541591242241,0.14430179151045547,-0.24874426682682874,-0.22160635560943054,0.94287693410873585,4.8688102313160728,-0.74825376521170328,-0.2146937726166285,0.2242049529768242,0.1653403034357513,0.5,1,5
-0.47102278734984177,0.88055551358652628,0.052531145899882919,-0.87727345545941116,-0.47383754162438851,0.07661115123571284,0.092351600654730748,-0.0099985818857070106,0.99567625773480417,-8.4071885894061555,21.418372292319233,-7.2806619670850967,,0.4085259222572124,0.1363636363636364,0,1
0.68937456918150797,-0.68421360728913316,-0.23793789728877021,0.72410308749992314,0.6413721229493502,0.25360701602385188,-0.020914636953309741,-0.3471217934728888,0.93758681649075881,-11.369814192503283,-11.18831551220417,-0.32653431337476119,,0.917686049729754,0.9497716894977168,1,3
-0.98231734420614891,0.075176351005257797,-0.17146763986627958,-0.094092704832067095,-0.99001128758571622,0.10499625398202465,-0.16186166367970947,0.11927349538940578,0.97957880496080019,-9.221444268321429,-5.5683415643475307,-1.2993356629889443,,0.0692340681968797,0.3333333333333333,0,4
0.92438595578190397,0.35544385545185214,-0.13845674550088832,-0.28634749093364287,0.88638724060741558,0.36376197454431469,0.25202325128682534,-0.29660971883924175,0.92114437277818872,-15.195610105192216,2.6766465305465532,-4.0906630958518182,,0.3651214682068274,0.4301075268817204,0,2
0.8637589323116055,0.48252081354578014,-0.14523832602668396,-0.42444227387591832,0.85202731901154416,0.30642813807651659,0.27160497602023947,-0.20303475602250751,0.94074843866355984,-21.794034099853189,-2.6896050627442611,-3.9564952749609836,,0.3153373991352248,0.8571428571428571,0,3
-0.13211427624487765,-0.94200547829796855,-0.30849877936372316,0.97810735881393751,-0.17437329692454123,0.11357793779466824,-0.16078498887121245,-0.28673965923164657,0.94441969228590472,-13.288533270444379,-13.2783191719372,-0.14863146525008444,,0.3765493513947944,0.6666666666666666,1,4
-0.50897597276085071,-0.8307570697161778,-0.22535782717432934,0.81993056632694961,-0.54760607610397705,0.16685757944059162,-0.26202542921425293,-0.099851272052962597,0.95988144992727686,6.3376182108796444,-10.888909194216311,2.3644280917994682,0.5113437324001336,0.4731855921504334,0.8767123287671232,1,5
0.95505423741734974,0.24402485799332357,-0.16829519384849678,-0.19722672728068008,0.94693533094926186,0.25380129441388882,0.22129848991196727,-0.20920169139218614,0.95250282450044843,6.3396132052216618,-6.2993757239854444,1.3145073328351886,,0.06929188601718692,0.4375,0,5
0.19743929272935951,-0.95260953378756308,-0.23141478307051183,0.96701059147660451,0.15049588241791781,0.20552738344882521,-0.16096037294501533,-0.26435972747809761,0.9508973092974381,-0.30055492836013248,4.4017679148597217,-2.1528925145003193,,0.07066127244082343,0.3186813186813187,0,5
-0.82865918097162716,0.55773197563337296,-0.047528992704735984,-0.55841337024062654,-0.82956184210857919,0.0012876544282296892,-0.038710072693516354,0.027607851664265083,0.99886902885140394,1.7938748337734518,17.373122724095758,-4.7373704911493171,,0.1417098517229577,0.2222222222222222,0,1
0.021254090538199912,0.99533382592841524,-0.094121403506838203,-0.97826219512327517,0.04012852229142326,0.20345215479640061,0.20627976446560575,0.087751220284448456,0.97455034867912527,-8.9637289453682083,-8.6546432928965071,-0.54362453729901694,0.3448555692074148,0.1521276485218258,0.1875,1,5
0.97652255506649999,-0.074443758666123752,-0.20214308358698205,0.15787793130086028,0.88575048936886835,0.43648668867557827,0.14655462549696111,-0.45815302834148131,0.87670835764635835,-0.28700003499808235,16.091969689813762,-4.8219816490876077,,0.2333303042229375,0.2727272727272727,0,3
0.57285888184223299,0.81845862506650824,-0.044251333863600618,-0.77578667509846178,0.5588342446122555,0.29301761344384147,0.26455195375226598,-0.13352814723080395,0.95508245594972996,-5.7322261294810879,18.76082144995592,-6.1911954328722949,,0.4432470286745098,0.4090909090909091,0,2
0.74766776363476473,-0.56680222613277609,-0.34601755977452847,0.66406933698028714,0.63987345993624878,0.38674781311828632,0.002197931744197731,-0.51893852402779284,0.85480873730671714,-19.072012276351792,18.451901074237721,-8.1488717588536268,,0.3121039464147324,0.1428571428571428,0,1
0.99218397477050735,0.038007731426552907,-0.11885441750479141,0.020486954952837054,0.88994256988555498,0.45561223313499172,0.12309039314811156,-0.45448612152330969,0.88220809362493491,6.0899982121336942,26.982501774787718,-5.5199233894696649,,0.4038514546316734,0.2941176470588235,0,3
-0.64336451330194544,-0.70457299915164318,-0.29943111376443449,0.71809613166966446,-0.69097891657529786,0.082982423015314499,-0.26536776123865391,-0.1616323782999155,0.95050245953406054,2.0785622531899541,-7.2381713962286867,0.82610695210196161,0.8610470621978538,0.3146306471790601,0.2222222222222222,1,3
0.79966821458422344,-0.50718388971368356,-0.32139578186183348,0.59988719060857087,0.69785020660086983,0.39133163390004799,0.025809012523491028,-0.50573668164571828,0.86230174748201738,-10.433957747309256,-12.27239417614644,0.048221200476866774,0.4221723161517897,0.4244818378952432,0.2352941176470588,1,5
-0.88492525140647393,-0.39901718505852918,-0.240192808908084,0.40007691649862864,-0.9152984732572772,0.046552827388314157,-0.23842348942194699,-0.054899825872804509,0.96960829658733716,-1.0550768026288633,-6.4752600572984926,0.16297360515719106,,0.1356137612265026,0.2203389830508475,1,5
0.35644419992825482,-0.89065016139008613,-0.28229385815727615,0.92612465070017125,0.29688387417784329,0.23270817909700098,-0.12345308300319426,-0.34438678149570234,0.93067560461636611,-13.339532301057766,27.601396549237442,-9.3284264972100051,,0.4277676186373798,0.55,0,1
-0.16886778051318158,0.98417464161734713,-0.053702397543472814,-0.98070440447997997,-0.16232777409999036,0.10894294281553935,0.098501491045157846,0.071063130757853282,0.99259633673954906,-18.937498241594,28.414276945314974,-10.361853266228161,,0.6083013013832246,0.2631578947368421,0,2
-0.88337823402606408,0.43851190040651028,-0.16537898551770042,-0.46392267100273815,-0.86824487363198155,0.17585958814199096,-0.06647293418135046,0.23207359309851758,0.97042423527427757,-4.8761323205619655,8.8652710621930915,-3.8209826478009856,,0.0672524006921589,0.2635135135135135,0,5
0.20111407538427578,-0.9539132857576994,-0.22271634860799475,0.96569783058260994,0.15494883542017981,0.20837120340865711,-0.16425842045499439,-0.25698307659626163,0.95235438238753911,-11.326355491605355,-7.952751611538929,-1.0517987153531441,,0.07535021560608962,0.2941176470588235,0,3
0.79599042307272261,-0.52533003227825881,-0.3007118281062961,0.60440196052874917,0.71697073308030912,0.34734887075574122,0.033128786357360683,-0.45823719304832455,0.88821233858896631,-3.189622083869784,23.41419785400641,-6.8043252515387112,,0.4584458822390497,0.5454545454545454,0,2
-0.88770825439927037,-0.41307727607270461,-0.20332540191465168,0.3906169858650454,-0.90948728290289049,0.14230689579786571,-0.24370561221503934,0.046904650412002022,0.96871436881292328,-11.387464430227503,-1.5586128465200459,-2.5442196377426414,,0.06471793046858905,0.2203389830508475,0,3
0.69206724994430457,0.71897374340069642,-0.064184716677082546,-0.68222655316781355,0.68055222843932717,0.2672369632349379,0.2358174117983928,-0.14115743220481194,0.96149088795788995,24.689328687718586,-13.189070198689203,6.5815825076952175,,0.6190476598029704,0.391304347826087,0,5
-0.94189312240333434,0.29001384431778227,-0.16949724503164593,-0.3170776178066938,-0.93418591976022292,0.16358010761635555,-0.11090144388297622,0.20781876100527436,0.97186019175543104,-10.549817865009903,-6.6735749786072551,-1.2208999873951378,,0.06839810018356279,0.2424242424242424,0,2
0.24569846117189359,-0.94619637115965338,-0.21058179736640806,0.95611738829902726,0.20078981161249454,0.21336117581431313,-0.15959889087963822,-0.25376343069268764,0.95400855094336912,9.7048026751525072,-2.3617809653071866,0.95374640732245941,0.304997712838724,0.259769243178111,0.4210526315789473,1,5
0.95851003743582264,0.24021995440688923,-0.15346948113396849,-0.18722917479254073,0.93649854844940528,0.2965058260113308,0.21495056231906376,-0.25546984608150786,0.94261944256513663,4.9358875970709919,14.949519445748953,-3.579449621654474,,0.163204008268676,0.3448275862068966,0,1
-0.35581443078839942,0.92779162364623624,-0.11224434923240414,-0.92634529589267767,-0.33424884512770608,0.17367239938545534,0.12361425330532728,0.16577217083296389,0.97838596870411587,6.6958964304020592,20.70760228398813,-4.2306166053074534,,0.09651414762125562,0.2222222222222222,0,1
0.80241904676721798,0.5834587276454849,-0.12529799088373997,-0.54850102171195281,0.80380343301476909,0.2303186276761324,0.23509636867917363,-0.11608597765442959,0.96501489274823238,-11.081595999835507,15.162779559592613,-6.253361324095267,0.686923558057991,0.5148895015917377,0.9355345911949685,1,5
-0.18788519106774004,0.97553500884051625,-0.11415166010168959,-0.97254099216060108,-0.16852683650761857,0.16050770680564777,0.1373432690185879,0.1411741899331008,0.98041148226243247,-11.786578727781245,6.7779175341011539,-4.4123778520343819,,0.1607279057561751,0.3924050632911392,1,5
-0.59247244899802598,0.79159764325260573,-0.14949772030101219,-0.80331897620806447,-0.56661272836394239,0.18338112912727708,0.060456758450208356,0.22874262229171002,0.9716078391536388,-0.82347000855377839,14.305412733233664,-4.5281994238056473,,0.07762168854726892,0.3703703703703703,0,5
0.57675572333474745,-0.76570216164704052,-0.28469814760490214,0.81395952460255716,0.50901443006777303,0.27995392887323645,-0.069445863155358889,-0.39319779962740248,0.91682755328293752,2.2204983223784516,7.2367544205868537,-2.4226644008240314,,0.1082457605415698,0.3076923076923077,0,5
-0.88771059709334221,0.43415289447416033,-0.15323563563313378,-0.45392147551239059,-0.88096308553345692,0.13363882667857363,-0.07697525496441264,0.1881895484533613,0.97911158913378404,8.4416960330945052,3.3349092747194677,-0.37423915010966835,0.2291839492057406,0.1769715471374954,0.375,1,6
-0.84831574940410237,0.50166970972426728,-0.16937500304981579,-0.52738857472696921,-0.82902750085788968,0.18594271717058011,-0.047134706537879704,0.24706457691561409,0.96785195886204434,-4.6110652266759393,-9.1984721178149353,0.261495248604241,,0.08718173464036257,0.3333333333333333,0,5
-0.86340795128677605,-0.45681189434647401,-0.2141252036504761,0.43811102688998516,-0.88935832202270915,0.13076889219670917,-0.25017081718732681,0.019096288449264667,0.96801337490516493,-15.327433951692745,-5.1982761703096356,-2.3509313874709346,,0.1563556972221419,0.7,0,3
0.94401899053773164,0.31023306052722166,-0.11217661815207416,-0.25055907449557496,0.8954672473549018,0.36791107499307141,0.21458866627118034,-0.31920817199838347,0.92306979543120538,0.88124169715104983,15.927296005984266,-4.5962058087209368,,0.3163973014261703,0.1333333333333333,0,5
-0.27888140059934718,0.95206624058071543,-0.12567831135978935,-0.95246777139753225,-0.25751323486513317,0.16276387289049193,0.12259816005456138,0.1650963579725383,0.97862806200079822,-4.7716157919712181,-13.748931997265686,1.3374576879309499,0.216134583111729,0.1323428784823795,0.391304347826087,1,5
-0.52369163051868639,0.84657078439580025,-0.095210204979085167,-0.84837603188785604,-0.50808695152630612,0.14868005315751642,0.077493126423549843,0.15863655535905033,0.9842912468679782,-2.5065196162803507,-1.9436180565396783,-1.0702351528514689,,0.1506648981872744,0.4152823920265781,1,5
-0.13661968503470012,0.98124946015862857,-0.13595792952020155,-0.97522123148848239,-0.10911512744463552,0.1924511330619553,0.17400750361725437,0.15888167264081066,0.97184258127731282,-17.575254836475143,19.766013085472441,-8.2637574525159909,,0.09785646589936289,0.1875,0,1
0.606169035695862,0.79362922296051375,-0.052074529538335815,-0.76003951387427215,0.59731364949176624,0.25603972637187977,0.23430543637164769,-0.1156246539191265,0.96526260773572548,4.0779850989025892,7.7551321641952207,-2.2191317662471506,0.5159537276255651,0.2186068912183131,0.2835820895522388,1,4
0.16836451840852626,0.97493604814241963,-0.14544102232006589,-0.95660676949275136,0.19720016130627549,0.21451243540042414,0.23781689910876222,0.10301358363448887,0.96583193366396447,-16.119269897041598,1.2108387983764866,-3.9097034817351886,,0.07282340071926888,0.282051282051282,0,2
-0.81050572954917255,-0.53526953493787244,-0.23783815365781372,0.52566980237210825,-0.84383931670856904,0.10773331170480739,-0.25836354472338618,-0.037705868829796631,0.96531163165775524,3.1692315595202771,4.297880797038145,-1.5727717707851905,,0.07632340497465584,0.1578947368421053,0,5
-0.90602605930953695,-0.32003090453596161,-0.27694223223250719,0.3427981804224976,-0.93869045659725403,-0.036737367791704265,-0.24820593738074559,-0.12822030586117125,0.96018402705617423,12.860836266215731,-4.1031625647663663,2.0648209780125479,,0.3068129727778267,0.2,0,4
0.98401607777623346,0.02310899073202265,-0.17657387469619085,0.02175952653126937,0.96851166927785304,0.24801546217476769,0.17674524514966108,-0.24789336622825531,0.9525282133863604,-3.9160343122196002,-8.1492575706365145,0.10842179759840573,,0.09139255252064193,0.3272727272727273,1,5
0.97160857238845433,0.14954819486413526,-0.18333608339372348,-0.076866405839195892,0.93238775784994588,0.35319205068194437,0.22375955334831124,-0.32907203835092358,0.91741117055600241,-1.3876645143841901,11.953321374493301,-4.1231334472540446,,0.141174754959006,0.3157894736842105,0,2
0.85535271373723576,0.49047884149170051,-0.16674004063603245,-0.44703359591152203,0.86147500067929073,0.24087712081273019,0.2617875077782752,-0.1314964990164218,0.95612549987837048,7.101116783750947,-11.175806679388311,2.5495098374475806,0.3888101110355326,0.4384359866214292,0.4666666666666667,1,5
0.13817329428154218,-0.94655930485900874,-0.29143373712083492,0.97502960114047776,0.078352154573159749,0.20779368800226936,-0.17385458765079254,-0.31286805886599106,0.93374951678391738,-14.869733229152992,4.1961792119327566,-4.3229027594270164,,0.1225844661236571,0.3770491803278688,0,2
0.67113065650249382,-0.70664992601656273,-0.2241194412881623,0.74082825185419188,0.62806482943045139,0.23813456550270257,-0.027516234429773401,-0.32585342117781224,0.94501979066552955,4.2711318875869457,19.342236319055303,-4.6219094735493202,,0.163328872615814,0.5333333333333333,0,2
0.42831057599289912,-0.81096323896804612,-0.39860842381350653,0.89898768007031615,0.337747463489041,0.27883292845091312,-0.091494270719121459,-0.4777711543711865,0.87370677144932407,-16.977254183440703,18.466720147472156,-7.8616893855258825,,0.5486934274563491,0.3488372093023256,0,3
0.63180368880282289,0.77495239191213516,-0.0165193548544455,-0.72446896491689194,0.59795541555406506,0.34291987385075018,0.27562441417152128,-0.20469028135020764,0.93921939451513659,2.1407582657242554,6.0452223253890418,-2.1611566158687623,,0.2090026691108596,0.2439024390243902,0,6
-0.87755971463650739,-0.37866615408420823,-0.29411033813548165,0.41335816042263951,-0.90832326361597615,-0.063905242242205673,-0.24294850989274308,-0.17765357447880997,0.9536326488831004,-28.314691151287235,-7.6099086975309502,-3.9510495880524412,,0.3630438933145134,0.3157894736842105,0,2
-0.91785665115098469,0.36805676878148469,-0.14857113747976861,-0.38594464171177861,-0.91499617047820836,0.11759566975097649,-0.092660139606340688,0.1652762020508291,0.98188485860806862,0.6014763943822039,10.847817490427571,-3.6005038683667956,0.3010248703945842,0.2392737628495979,0.1666666666666667,1,5
0.66567242779443325,-0.70428961314057692,-0.24669081802240134,0.74565745974790631,0.61464888865244982,0.2572969032083533,-0.029583299284646879,-0.35522230293241053,0.93431362181166444,-15.14146697291034,0.1472892264567234,-3.4790460273510786,,0.07100212525713884,0.2,0,1
0.92209236973856623,-0.31939220370926152,-0.21848176555414464,0.37282954890401604,0.88448523610054719,0.28050667475870744,0.10365225098348137,-0.34010952255104654,0.93465593858711238,-14.889757259738568,10.279096459531958,-5.6402701435698619,0.626159688700621,0.2279029494546294,0.6052631578947368,1,5
-0.18290013783247852,-0.94482228940024504,-0.27176898467878852,0.95058195401043843,-0.24049523382427485,0.19635679569982833,-0.25088142276891895,-0.22242500749755326,0.94211762946521505,-14.708440773375974,-2.7679540948827208,-2.7626448532732448,,0.3861804431238343,0.4857142857142857,0,4
0.66082374512112529,-0.67435157896720821,-0.32948736823818026,0.74990052763300175,0.57510099285838168,0.32696795969796316,-0.031002847285935348,-0.4631509429524418,0.88573699680121087,-13.617745793766455,-3.4872751337472172,-2.4213789316937153,,0.1981528630477274,0.2222222222222222,0,4
0.71627938765286159,-0.64077358034459064,-0.27632057027303503,0.69780286731267871,0.65991736682437341,0.27853227341511,0.0038726210562720093,-0.39232421247733279,0.91981884907311751,-2.607875356985736,12.158685799283271,-4.3529332982088595,,0.3209621710819107,0.4210526315789473,0,4
-0.53029876568111567,0.83341989305474151,-0.15554581632981879,-0.84430274411256823,-0.50246741932955286,0.18622397481604894,0.077046060256667659,0.23008210354767722,0.97011655496955795,-14.324902977086742,0.27631319995080117,-3.3722323036899811,,0.08672410666727814,0.3902439024390244,1,4
0.089252408186685242,-0.94729251219054189,-0.30768637275740679,0.97991998449194573,0.028214738544742827,0.19738478290424954,-0.1782998363044207,-0.31912509283443119,0.93078909721656766,0.44161735405568975,17.49815475970183,-4.9693911355447158,0.3645361287491495,0.304739212702102,0.6666666666666666,1,5
0.85324799113472671,0.49985859633813112,-0.1486917929524891,-0.45746656226131893,0.85429608432341286,0.24678440939916629,0.25038412497074103,-0.14254677820476161,0.95759501146678838,17.808443216463651,-11.911142300593749,4.7062094558085619,,0.4766341683908937,0.8360655737704918,0,6
-0.037551315524364505,0.99758270482217604,-0.058469186261328257,-0.97991388576639471,-0.025292363991629166,0.19781069942225551,0.19585370863120408,0.064722819495037637,0.97849490619625468,4.8711657586203536,2.5069134635214052,-0.87756698355877549,1.132949809624812,0.8628781333479987,0.9264069264069265,1,5
0.98135041128685307,-0.06535906490552354,-0.18077489566253521,0.10835504361517619,0.96486387767508952,0.23936767133626202,0.15877831964811254,-0.25449143441865979,0.95395154752076161,-1.9040951125610712,-7.5589587716485855,0.27742714755608372,,0.09310232195628573,0.3157894736842105,0,5
0.53995385951724395,0.84162673450082748,-0.010689685023721449,-0.81238947779725201,0.52443439788441404,0.25493508718872182,0.220166223469317,-0.12896899661967728,0.96689908054262452,-8.1375422800947259,2.9206449947004702,-3.0314518813408693,,0.23661155835351,0.3836734693877551,0,5
0.42163874950372665,0.90656492605733208,0.018994729784833814,-0.87077977694624231,0.39897488636948164,0.2873353791441523,0.25290975658995063,-0.13769195651571117,0.95764167627170893,6.7458233311641491,-12.819406166407088,2.85330575253341,,0.3721804641322908,0.2380952380952381,0,5
0.33046675613200943,0.94225370084728399,-0.054311014823735182,-0.90891844760640761,0.33322324050483781,0.25065818875156226,0.25428129835350788,-0.03346991525313571,0.96655097438293558,-14.777348957714,27.363327889707396,-9.4958390825418455,,0.282497363239766,0.2777777777777778,0,3
-0.42139766846781895,0.90591289444811118,-0.041783162667882782,-0.9050937162943109,-0.41723576995174522,0.081973635989432345,0.056827543800869386,0.072361177059380138,0.99575824893401776,1.4142460748967671,14.433249797763271,-4.2162888444483819,,0.2533811444986746,0.4827586206896552,0,5
0.9657827581623496,-0.17868755572776501,-0.18797452344496104,0.23574817035582074,0.90694795632739444,0.34909626850976999,0.10810395094632898,-0.38146580704120692,0.91803996309975167,-20.832207204921566,21.26341095078217,-9.0979177732630507,,0.2929317869663766,0.3076923076923077,0,2
-0.21127750581887647,-0.94315712306190735,-0.25654718231261292,0.9492860084552015,-0.26052804597681523,0.17601480452136475,-0.23284735275743706,-0.2063486817914981,0.95036957644737619,-17.287600208002349,-1.2460171758618348,-3.5165314181423803,,0.0833576498818652,0.1666666666666667,0,1
-0.97811488899120969,-0.079338082492018444,-0.19234534722785382,0.088090760937361179,-0.99541103930973029,-0.037374866659295902,-0.18849743173632544,-0.053500761553581154,0.98061531027309412,-6.8435232551428111,15.238907183969504,-5.658033302085129,,0.3263046725477641,0.1111111111111111,0,3
-0.46389746151610978,-0.76985849639404458,-0.43831157950573119,0.84730772042627311,-0.53000384092917441,0.034140232956946917,-0.25858996907254844,-0.35554721786314403,0.89817448403126854,-13.212586903287844,18.352671195178971,-7.2804505311185741,,0.5854766993736338,0.2682926829268293,0,1
-0.65315501169694101,0.75717394771813573,0.008726029572665786,-0.75645617708647328,-0.65296808801076078,0.037506375288615314,0.034096669087867744,0.017896618018663074,0.99925828904273128,-0.057075435181201686,19.652603632648468,-5.5737952366491008,,0.6407405237099889,0.3333333333333333,0,1
0.05890706297587376,-0.94074134030848899,-0.33396959227771411,0.98035851130106177,-0.0085619525386144667,0.19703776868481837,-0.18822100640237233,-0.3390168485537447,0.92175942042680759,-2.2755635113971269,16.698842342589717,-5.2583856551016162,,0.5161104547868068,0.1666666666666667,0,3
0.58111100033683794,-0.72410784246792947,-0.37145368185543709,0.81170719058116636,0.48280257150275913,0.3286839115459631,-0.058663805249494272,-0.49251346116300632,0.86832542777859845,-11.559056372479629,-5.8983453940837682,-1.5598374826433385,,0.2142165077524812,0.2105263157894737,0,1
0.2090243941789553,0.9690403210892552,-0.13141407360459217,-0.94811715947136976,0.23373606281461323,0.2155024474475048,0.23954676903281755,0.079550669658750559,0.96762029557196771,4.0348257566792487,13.177882926241617,-3.4177885837146413,,0.08611521564732257,0.4333333333333333,0,4
-0.48174962934575216,0.87513297066012274,0.045382576930123,-0.87217121362603178,-0.48385823704792386,0.07210118281255988,0.08505685596896527,-0.0048466591032811672,0.99636431145852011,-3.5820901791587181,-1.0338233773637702,-1.4207065510423835,,0.3363165643935104,0.4442307692307692,0,4
0.55855731946128595,-0.77915998863516611,-0.28447044308024311,0.82705498360585761,0.49702701275073247,0.26257228088432627,-0.063196320849690846,-0.38193436701366673,0.92202622756889729,-13.602614293529792,5.9849053824356542,-4.5564588328423614,0.7886594826688941,0.2933978794592491,0.303030303030303,1,3
0.96980083263134431,-0.11267308093149228,-0.21631255594846577,0.20040922675066541,0.87360230472491829,0.44345817729805576,0.13900534831708142,-0.47341714165492432,0.86980096753598179,13.96672524391672,1.6302458242016815,1.0303275471648383,,0.323205219431734,0.3333333333333333,0,4
-0.90286056822707816,-0.37722522219739391,-0.20626179015708127,0.35719994317702625,-0.92515600951863985,0.12843114359794461,-0.23927180137869641,0.042278715563192605,0.9700317083865454,-0.97953137811201896,-9.2470263536587733,0.85002216835141942,,0.06786745930503746,0.1851851851851852,0,4
-0.85375535202746544,-0.44834363632790697,-0.26474474999275677,0.44682733815722475,-0.89191545330763644,0.069513696681750781,-0.26729595724549782,-0.05894750134910489,0.96180978541752726,12.608118768135247,10.481392459378958,-0.98066815268584795,,0.3933120484735036,0.1666666666666667,0,3
0.29755121761683168,-0.93038708190380481,-0.21411013689515596,0.94466521792461911,0.25448199335355925,0.20699406054819669,-0.13809742553057353,-0.26385373388550065,0.95462574246481857,4.5322477719305345,-6.3605610796081216,1.0814766988628,,0.06604070438517706,0.1578947368421053,0,1
-0.95132124432480403,0.28458417583265933,-0.11832048411814279,-0.28506532846129246,-0.95841721309640826,-0.013198641966850153,-0.11715651328697466,0.021172919169535981,0.99288773730380953,-10.08509237160342,17.552842211626185,-6.619407538305742,,0.1895912614885664,0.3684210526315789,0,1
-0.14160858821191183,0.97945294589350551,0.14359294733782588,-0.97469227125036062,-0.16330215849570359,0.15266755187484671,0.17297972167119496,-0.11833989948947304,0.97779020453233123,-13.069497166724899,9.1261000043298584,-5.153135033655607,,0.7136426481304332,0.1682242990654206,0,1
