axis_00,axis_01,axis_02,axis_10,axis_11,axis_12,axis_20,axis_21,axis_22,location_x,location_y,location_z,dbh,dbh_approximation,score,reconstructed,number_clusters
0.28556213893921728,0.95038611938476458,-0.12337134547871172,-0.94428379748834179,0.30100938231919022,0.13312197999134656,0.16365321446722653,0.078482965263731538,0.98339109694869431,11.736261084200924,3.445991737403292,1.6912709200776859,,0.2930469694672535,0.8145161290322581,0,8
0.49297437891755969,0.83969326042962755,-0.22779703711837079,-0.84607097198147152,0.52370589190066652,0.099478888005725866,0.20283040230984725,0.14369191757920716,0.96861367981318325,-0.42063368336474788,10.753618415397328,-2.4177552071046673,,0.07287614503719742,0.3055555555555556,0,5
-0.4030319416329517,-0.87170044623751086,-0.27875362966766509,0.89595519168819626,-0.43792726840421864,0.074054048336249553,-0.18662676257852462,-0.21990461481593418,0.95750321768238189,-24.262074818343088,8.2926107552626025,-8.6352830798647258,,0.139802099415877,0.2857142857142857,0,1
0.50638298446924324,-0.81573213345758611,-0.27956637760066583,0.8600423772356186,0.50126217376011495,0.095201588832282705,0.062477054979641053,-0.2886473966659322,0.95539483879653209,10.064976329920761,13.157864236361624,0.23557489737435414,0.1461834895529868,0.09642927258267178,0.2857142857142857,1,5
0.91431377082694965,0.3872628289501498,-0.11856571928568196,-0.35290441479066409,0.90542666271147787,0.23592590462349461,0.19871789677193871,-0.17386793771331888,0.96451082821182166,0.59892152587737912,-6.5895411191480173,-0.089968758385222516,,0.4922216140131861,0.6095617529880478,0,2
-0.12407730040968978,0.98502416627374167,-0.11971723092255727,-0.99090911561677142,-0.11667911867062958,0.066970947834373185,0.05199950106138343,0.12693846983072707,0.99054665552229382,-6.9580795872197267,14.770593704573708,-4.5985906925690987,,0.5035954294173008,0.3,0,5
0.52673458252388528,0.83198452027765035,-0.17421950979082931,-0.8229931007000173,0.55043544687964996,0.14036799855583862,0.21268059566768185,0.069444775446168658,0.97465090539622012,-6.0832359205986437,16.455316636333695,-4.5610438263759026,,0.4325746730698165,0.3461538461538461,0,2
-0.93296889076463008,-0.24211171179313704,-0.2663662288617204,0.24647197056915421,-0.96899242789389217,0.017471187940711074,-0.26233683803304353,-0.049351734487236981,0.96371354131501519,-13.283724254238841,3.2112732329771538,-5.0484756224343981,,0.07829498650227266,0.3943661971830986,0,5
-0.96213278172372008,0.038877727528130339,-0.26979442661928366,0.0069733235815493773,-0.98594179516607927,-0.16694355124687743,-0.27249198720477374,-0.16250322718930915,0.94833581502664754,8.5760202399876313,27.342917918742163,-1.828809212541705,,0.3660357581295267,0.5384615384615384,0,5
-0.86600399927124672,-0.41521935904978396,-0.27862153024577191,0.42716124473658401,-0.9039661121190723,0.019456082221854468,-0.25994296343871498,-0.10216727465591946,0.96020388655122768,24.357873336786763,4.8980731232610157,5.2131269650656291,,0.1451453798800604,0.2380952380952381,0,5
0.63739471880792919,0.75845977979177381,-0.13589236503195018,-0.74517405313446916,0.6516285823740704,0.14175973041843895,0.19607040309773965,0.010906560932538419,0.98052916527644218,-0.27130282109736392,20.838951180681164,-3.527399880708693,,0.1417019596181579,0.2,0,3
0.96610335506563338,0.096427312025098841,-0.23947041743509975,-0.039026330014290574,0.97151252622278783,0.23375276887736041,0.25518866137926738,-0.21648368272881724,0.94234471517360685,3.484339375918311,-7.9170106760775427,0.82583756414991183,,0.1022574360293899,0.3488372093023256,0,5
0.40950934664961092,-0.78481715869917623,-0.46514956994278883,0.91206724151887775,0.36385303883097048,0.18906166475944847,0.02086724597915628,-0.50167020396354101,0.86480724123958697,4.1295427464191761,8.7665842476363878,-0.99351498053961129,,0.09831713393434577,0.2647058823529412,0,5
-0.96700787661285725,-0.082190394750512361,-0.2411234239543075,0.076017411775921889,-0.99649872505667947,0.034808678045903055,-0.24314012354110473,0.0153306872373145,0.96987001724625388,-19.673561612977618,10.66350503613365,-7.7117463252481313,,0.08891780891613908,0.24,0,3
-0.55352541573046432,-0.77930191497380275,-0.2937654497359764,0.80413896183957212,-0.59189307975917593,0.054982835364985758,-0.21672596566168917,-0.20579384697157968,0.95429489590830674,-21.314048283436151,14.257376868122288,-8.4476897569208571,,0.08251662847241439,0.375,0,1
0.81945068579892222,-0.44468047911943626,-0.36160730777154343,0.55055545986082199,0.78610970575531358,0.28092742147169025,0.1593400739334401,-0.42929104580389532,0.8889994031671129,15.449753268130431,-5.0519800959030459,3.8187362915112608,0.5458649066352285,0.6462184580686612,0.2340425531914894,1,4
-0.58882518403611905,0.77864395547096554,-0.21679135880694214,-0.80455854140227745,-0.590292765979606,0.065115312245176277,-0.077268726542316021,0.21276287514666636,0.97404389164855065,-5.4483459745660818,-11.309031502083938,-1.156338809369557,0.4664443262175479,0.3788660307157442,0.9592760180995475,1,5
0.13352420460593448,-0.93442573744523194,-0.33018150763525128,0.98854505360762246,0.1019262073340136,0.11130914269010815,-0.07035597893751297,-0.34126176090860016,0.93733155647791255,-10.310122597709727,8.8344246260731474,-4.9117066220169221,0.6244220216270849,0.5305697959069358,0.5511363636363636,1,5
0.94985498055612694,-0.18397792058882523,-0.25283915964211923,0.22033621862534777,0.96754653456325523,0.12371602247291975,0.22187263615552985,-0.17322190447645161,0.95956589410782434,-17.442982029399182,3.963571304675952,-6.2482500525880331,0.05798498196774279,0.0936270445711381,0.5153846153846153,1,5
0.95300852241903489,-0.12209643086676585,-0.27724937829738416,0.18484595787027563,0.95943830350996229,0.21286172417075533,0.24001401637343875,-0.25410746413185797,0.9369219116963633,22.357951615921017,8.001823743528556,4.2063558518108923,,0.4077674452359245,0.375,0,5
-0.87528458007228815,-0.36648358731366981,-0.31554188963968371,0.40623751223517052,-0.91119107428922197,-0.068570473154511452,-0.26238900041857338,-0.18820363005361451,0.94643087761018463,-10.737603675791133,-12.288038303273455,-2.4257466911289169,,0.4418996155824487,0.5961538461538461,1,3
0.67912619552590647,0.73381804672862361,-0.017282501146982283,-0.71039329500285076,0.66300868712911443,0.2361373481817737,0.18474029599819433,-0.14808968595656896,0.97156598743872447,-10.018420923973871,-14.36804883105822,-2.0064231567061581,,0.3067090334336827,0.4838709677419355,0,3
-0.44791309947179753,-0.75896880053334148,-0.47258884364587839,0.87233957513151872,-0.48682950100401662,-0.044952225879721731,-0.19595285397495196,-0.4323926418998838,0.88013583170435106,-25.031475394657917,23.920509856717544,-10.414628232389695,,0.2892219737299069,0.1739130434782609,0,1
-0.93039987381440059,0.28730065930826554,-0.22762777942769796,-0.29846807597117264,-0.95429395148843255,0.015487471667793419,-0.21277425227741997,0.082349167048794497,0.9736250470556701,13.007993624691728,4.9575727800978067,1.9192368199938108,0.1600705650959566,0.1234663900070465,0.3636363636363636,1,5
-0.90344089009552275,-0.32649232533500117,-0.27784405626314146,0.3258146825701716,-0.94411087891440759,0.049994409059069406,-0.27863838702718308,-0.045358679575258978,0.95932436613591809,2.3051267531409674,-9.34916423518127,0.68692640378317771,,0.1017382671992873,0.1304347826086956,0,4
-0.96873771185569935,0.016124182415836449,-0.24756263120674143,-0.024442268998766965,-0.99923393833376051,0.030563245380599825,-0.24688017562124373,0.035658760822884217,0.96838971063399903,-32.249070716908157,8.2518171246244076,-10.741858360339714,,0.1007858520760513,0.6153846153846154,0,2
0.96603663022647146,-0.067296772505167649,-0.2494882231109766,0.099621395791706729,0.98785020107039723,0.11927932656453311,0.23842987766049134,-0.14008256370999253,0.9610036778198302,-8.6405704248571507,-2.5666622163729347,-3.1550397573979145,0.3706661233527975,0.3029533585498293,0.9503885236102809,1,4
-0.94867931894777402,-0.10579218466596386,-0.29801940115433906,0.17977393831423644,-0.9557137721883493,-0.23300754655698477,-0.26017086866860656,-0.27462556201693794,0.9256845681889182,-11.85543182373814,16.626547831964661,-6.1573038950427383,,0.1733994068554099,0.5,0,1
-0.16174932031502512,0.96952758861875987,-0.18399296803062987,-0.98596198740318508,-0.15094605931276611,0.071373990878389706,0.041426039800939153,0.19295476694044084,0.98033277061484136,19.048120412817752,-10.193453968642329,5.4237880013391315,0.4078589204372583,0.3395786683228365,0.631578947368421,1,5
-0.20509559523164378,-0.93908765361878344,-0.27577196310964092,0.96830625538782977,-0.23572360412385759,0.082567416307263955,-0.14254400230586983,-0.25009750354537003,0.95767032225447857,6.1899439841181723,7.4192725536288595,-0.23872079734265747,,0.1181910601247341,0.4285714285714285,0,1
0.77110709124003574,-0.52166268200058952,-0.36505054451032398,0.61924065758987723,0.74781575008599299,0.23940052612929039,0.14810422622933025,-0.41065758258100676,0.89968077007443903,-9.5921076306271367,15.61556792859747,-5.4863803755491176,,0.1033280490823659,0.5625,0,2
0.61587626242812366,-0.66922334816866369,-0.41573614185380608,0.78076320219857642,0.58903075247119463,0.2084504611072916,0.10538145695609527,-0.45297117227163708,0.88527502258940338,-2.6225619377730705,17.134947799744239,-3.6994424602829521,,0.3225487184510655,0.6385542168674698,0,5
0.074413332351419684,0.9832885013386673,-0.16615167499461161,-0.99187006637802932,0.090226355991880863,0.089738375891643574,0.10322997331977132,0.15812314131582481,0.98200847490681797,-22.032625013751261,17.043925704413081,-8.9205977480651484,0.5390859599842559,0.4094842771639385,0.7631578947368421,1,5
0.1701138157672985,0.96245540834949994,-0.21152039292675051,-0.97538781744477698,0.19501388332541481,0.10289893532323774,0.14028505004241879,0.18880988387565645,0.97194183595802508,11.746138973387914,-8.5615273653839896,3.2400245267400738,0.2620804429076791,0.1676618715039666,0.3513513513513514,1,5
-0.61373794442625662,-0.71426230773760058,-0.33638533160170653,0.74542240859710807,-0.664623520409793,0.051195789664572749,-0.26013682617560829,-0.21932836538726713,0.94033180303753972,-24.66278785116905,3.0419458329835618,-8.0712484117614327,,0.1215646218122616,0.2363636363636364,0,4
0.93327890901253885,-0.20257112410993353,-0.29657278646093577,0.28942874672255681,0.91313153853629159,0.2870919607041541,0.21265342358630396,-0.35377356176964853,0.91083631264340847,-15.391640881878766,26.647654466499397,-8.2534425557194098,,0.233993237214003,0.4090909090909091,0,1
0.64799058750488148,0.72837897069079971,-0.22264831811736072,-0.72558350490057499,0.67923081949446451,0.11033617387364478,0.23159614832996567,0.090053144888388975,0.9686349442253438,5.927437660569443,-4.151315798531507,0.97155422910887757,0.6748455535304316,0.6147053486980771,0.9685393258426966,1,5
0.42978321467363156,0.89572275892605258,-0.11387329593324685,-0.88718367329909131,0.44236699598659734,0.13121193045346896,0.1679033001948777,0.044633843702907655,0.98479251712224836,13.245797796509098,-2.5122483675771456,2.8803041674042196,0.8138359645401486,0.5347817245189169,0.1612903225806452,1,4
-0.19016126432127925,0.96056427986476434,-0.20286684746310327,-0.98085447987645591,-0.17704884013038596,0.081106088025319642,0.041990270992438974,0.2144060923956464,0.97584160840046674,-1.5199456051561908,6.3501996828914518,-2.2526084519146665,0.2949721097065209,0.2739954047554306,0.8212435233160622,1,5
-0.74021106678119897,0.64102525038076685,-0.20291427990389443,-0.66202330256708863,-0.74758544349850453,0.05330245329542195,-0.1175275434645256,0.17378904753585803,0.97774467192809311,9.4418644725459746,8.5848734195515526,0.51440935232015228,,0.1497138593055856,0.28,0,5
-0.13588960808054393,-0.92605790452502745,-0.35206643106441304,0.9826641994441182,-0.17122286582354976,0.071090093191828935,-0.12611536602083193,-0.33630267273081194,0.93327135752017254,-29.351065654374544,4.5074904955265334,-9.5636273750756811,,0.1094734911155113,0.2941176470588235,0,1
-0.46948019724835255,-0.83602476639791534,-0.28399108148137214,0.8584980526871191,-0.50738578152075542,0.074436296542729694,-0.20632362425101203,-0.20885942324894935,0.95593321074018744,16.307233955094421,-3.5502504013602647,3.8912550507540984,0.142609300699014,0.08409022590903166,0.2,1,5
0.021724531759149159,0.9886110547937127,-0.14891684612396416,-0.99372076823733546,0.037705039791722759,0.10534403043411809,0.10975918865245633,0.14569321299898394,0.9832224611919661,-13.275968276738656,14.975814628224461,-6.3982300443589812,,0.1952820107428821,0.2631578947368421,0,2
-0.4831864645446603,0.87382142490926651,-0.054469788418642681,-0.87233366266241019,-0.48579766767379073,-0.05508726775481447,-0.074597730976331669,0.020898407887807217,0.99699470163132686,4.0558614382470317,3.9690941744434265,-0.4795724995905884,0.284318819788776,0.2104241248066886,0.4285714285714285,1,3
-0.80057226012673643,-0.45143435279174171,-0.39406989409883891,0.52850358169022538,-0.84187070695593913,-0.10925967650560867,-0.28243232898549714,-0.29573761662833536,0.91256300695065384,-22.808240472905112,8.7855832536119784,-8.2844614580666391,,0.4759183285495407,0.3428571428571429,0,3
0.90811368490771094,0.39480399572729485,-0.13949673917730837,-0.3255822473322178,0.8752614491595776,0.35765010252644908,0.26329780763508515,-0.27936929067604982,0.92337807203859845,-15.392506413264584,13.795207710826444,-6.790614204145867,,0.3921692907731578,0.2222222222222222,0,1
-0.1357054505497389,-0.94554961948974625,-0.29583770512544327,0.98145938851421222,-0.16909490675915492,0.090246225435868119,-0.13535693328530013,-0.27810578848867756,0.95096565186166959,-1.9701044933657339,24.995137801846806,-4.5191436614434943,,0.1225025208744689,0.2307692307692308,0,2
-0.96843894416389853,0.005827472639102345,-0.24918276824322089,0.016465695353764645,-0.99604710299411969,-0.087287166831896079,-0.24870643800117287,-0.088635259235040037,0.96451485137197701,-3.2365185146685493,8.4610389630259117,-2.9270637101777295,0.5240352778394554,0.3125207816824367,0.52,1,5
0.84700298499450832,0.48252027620304722,-0.22306977935912206,-0.46419019176256426,0.87584595489396633,0.1319898828217895,0.25906255862595445,-0.0082490210819872942,0.96582531773057301,-5.1364188590641007,-5.4345066154488793,-1.8815891890360192,0.3211672699083055,0.270323846237109,0.8829479768786127,1,5
0.9037646493255812,0.3682184414589918,-0.21823069902953232,-0.35287337972470123,0.92953024095983205,0.10702293690056162,0.24225985327964283,-0.019715742711494746,0.97001105817318289,-25.884101087978106,2.2187018469745627,-8.2973085777441042,0.7106673135324928,0.5025726035003067,0.7022900763358778,1,3
0.91021871538216692,-0.3267323181537351,-0.25445605208350874,0.3626737183561165,0.92553091071732119,0.10890503808601006,0.19992414606992101,-0.19141192643263774,0.96093278133153537,-7.7238190216964222,-1.7572441150904896,-3.0427142636770865,0.2005151097860105,0.180187849309701,0.8220603537981269,1,5
-0.96608721710230128,-7.7215759897894594e-05,-0.25821596191803875,0.052503878869835416,-0.97916829959511775,-0.19614480307065943,-0.25282173888958448,-0.20305032653441493,0.9459660317575439,-5.0207664205651517,15.27929729411434,-4.1259573342028313,,0.4262411327036004,0.25,0,1
0.72096885038258329,-0.61283016493473275,-0.32348586634362336,0.68226175212158147,0.70948132527646457,0.17650821702102595,0.12133762141234819,-0.34795896026689677,0.92962451753381259,-5.2172801790523904,5.3386663243549606,-3.1764130175767264,0.4245613254780888,0.3872915216275139,0.7198917456021651,1,5
-0.69810271058654472,0.67941287254028682,-0.22594413933155222,-0.70620342303039196,-0.70538756385275103,0.060869615261136371,-0.11802258585489946,0.20205576801575731,0.97223666657850638,-2.6996565626320108,-5.8102482868196113,-1.1508732682046188,,0.08801896589101595,0.4680851063829787,0,7
0.073031830819066015,0.98436030616965564,-0.16031574883584396,-0.99305207246207583,0.08664477478508853,0.079625777115312671,0.092270976292610427,0.15338667034662232,0.98384886862464038,-40.364477202297188,20.10472054126285,-14.000956678923885,,0.5315266389063188,0.6206896551724138,0,2
-0.50234591913659898,-0.80617396190749147,-0.31262136950180625,0.83939810454947639,-0.54144320242162436,0.047435014811453485,-0.2075075892721818,-0.23858499888675982,0.9486926787430443,-16.158924541087647,8.4131578123965571,-6.4325182936244811,0.2361354367037958,0.1636546819920971,0.5945945945945946,1,5
0.85533061329678473,-0.40371114344040321,-0.32469501785427651,0.48580105707150462,0.8427478568561888,0.2318908853588478,0.18001909594694551,-0.35608055609137618,0.91695134149424828,-11.957456461819774,9.7621106593809408,-5.409175928140912,,0.1304800806488217,0.2622950819672131,0,4
0.86660042856146413,-0.36080649701541351,-0.34470620668702046,0.4695304210128684,0.8234791889798756,0.31847010701245787,0.16895230380366807,-0.43783638157251659,0.88303704452923149,-11.537382217289853,13.427568160949653,-5.6888811045768604,,0.2991472914841081,0.5,0,3
0.90614791679877882,0.35110847998751105,-0.23583635886371157,-0.33139144721166452,0.93583642309847659,0.11995790060353674,0.26282249065898527,-0.030545449466474944,0.96436057256645391,1.1693994283614668,-11.221473997152353,0.59037954767181977,,0.07226018035297957,0.1666666666666667,0,5
0.81030754190357535,0.55621864149366984,-0.18445191890875989,-0.52106525961421912,0.82790830386278091,0.2075062303118187,0.26812810885349869,-0.072032376401112985,0.96068655345677467,15.110674951925011,8.4539928287263546,2.1740915499093623,0.6785149528173277,0.3228398263372178,0.2777777777777778,1,4
0.60749859300248832,-0.72840797999934725,-0.31680794524959266,0.79110134182722491,0.59070320505197715,0.15883447516357196,0.071443169436711737,-0.34711891077063722,0.93509589632627765,-38.553027043055138,4.1890719010610535,-11.925012144014504,,0.3061142371458922,0.8846153846153846,0,3
0.086117094196879421,0.99269406869482324,0.084512319014468582,-0.98974149363605701,0.075536879081022301,0.12126811482729392,0.11399834148860474,-0.094088606519687035,0.98901552680482752,6.9605438568602258,2.8073304082309081,0.45523493122485215,,0.5654820921269277,0.2388059701492537,0,1
0.92839718469951482,-0.27238667815595397,-0.25275317011894799,0.30677233153686928,0.94567128535345557,0.10768730965798536,0.20968882670625613,-0.17751427441506326,0.96151925531080518,-4.9185382711313324,7.0680149789178284,-3.239075801236329,0.208686076340604,0.1951338931704218,0.8586956521739131,1,5
0.46341172500692218,-0.83419007237468712,-0.29895902106747413,0.88535038818234857,0.45011932065279586,0.11639281472853005,0.037473500923630339,-0.31862128040446236,0.94714107523744684,-4.9312691725132982,14.128989739659392,-3.9785321323402898,,0.122012533111764,0.4791666666666667,1,5
-0.8839499711115234,-0.36569044504667397,-0.2913811026362253,0.39503346784196969,-0.9174660558870672,-0.046953121086634603,-0.25016196324918061,-0.15660949746613154,0.95545405826063712,15.893575838922121,2.0569309930799329,3.0900562420928028,,0.1086429805340797,0.2173913043478261,0,5
-0.87134494382681271,0.47655715910111446,-0.11683861937272047,-0.4559489533502929,-0.87437721784011446,-0.16605731799879594,-0.18129683065685598,-0.091420758209806843,0.97916990566608164,7.0715735143942613,10.152736065694153,-0.32618604100130216,,0.2410541392467028,0.1666666666666667,0,1
0.94397516174809726,0.2637990218029771,-0.19829515903936382,-0.20845225605121245,0.94244272315725974,0.26143712535730074,0.25584868760619806,-0.20545507943032609,0.9446320232696247,-23.123217045679205,6.1707143849667068,-8.0739570279853421,,0.4788719984431802,0.5769230769230769,0,5
0.19057409593417093,-0.93242651630203388,-0.30702166968428646,0.98031049762742928,0.164291529066769,0.10954278487589135,-0.051699537718786583,-0.32185258298444142,0.94537721181859857,12.981735288584925,1.5229338451460539,2.3451098822698739,0.1065575202189836,0.1136415092268211,0.2307692307692308,1,5
0.80807013254707516,-0.48330344849253376,-0.33680920052839886,0.56870795976385768,0.78911244971613481,0.23210514471728799,0.15360311646117361,-0.37910330831875827,0.91251671997568873,-3.7490469513695803,17.374159935119668,-4.0237274531489957,,0.09971012421642421,0.2,0,3
0.82591947324200488,-0.49647922887460721,-0.2671430310072217,0.53913598262655305,0.83409671314965261,0.11668361217518138,0.1648921343089215,-0.24039768802761427,0.95656653487043264,9.2801879989185174,-7.8828625965800025,2.4139775604832696,0.1931646717477457,0.2236040456555381,0.5925925925925926,1,5
0.85690787672412549,-0.40105215232691388,-0.32383029802984786,0.48510278299516141,0.83986566831915577,0.24351786199202377,0.17431058699488017,-0.36576335285641542,0.914239021792842,-17.218033592681742,11.041216571364803,-6.9777856574775834,,0.1928814103647999,0.3023255813953488,0,3
-0.85565270721923914,0.47394872068046562,-0.20792078971025602,-0.47390863402945183,-0.8789598805762997,-0.053292916317609171,-0.20801214200311863,0.05293522931514167,0.9766927921698958,-12.772964016960973,-10.749619525279726,-3.1349854278987523,0.7675147358685289,0.5645705285621043,0.7684210526315789,1,4
0.96679212859702013,0.050050337136030902,-0.25061513089878013,-0.016484916795005751,0.99080624886834023,0.13428039589497051,0.25503181684077147,-0.12568986019571321,0.95872875801390089,0.66210288231051795,13.254679305284393,-2.3992390061977047,,0.264331601862745,0.5094339622641509,0,6
-0.2319791307430879,-0.9033203265436911,-0.36082969743728111,0.96546882723608296,-0.25903381404710485,0.027774571384483849,-0.11855642764128486,-0.34192670389018814,0.93221805530236723,-29.47996389635728,13.244959086460536,-10.447539533374011,,0.3194196917661593,0.25,0,3
0.078180067795125138,0.98758491116035063,-0.13624947797313744,-0.99032688549000047,0.092647446789040494,0.10329138627759801,0.11463218080114182,0.12685619358894057,0.98527507289736094,-14.566671123792029,4.3646844990405347,-5.5064450104706664,,0.08924464775849127,0.2803738317757009,0,6
-0.84770977896667499,0.48418913422677773,-0.21667720909453048,-0.50223383344043782,-0.86406088575824547,0.034058218544121582,-0.17073168186365997,0.13769411025675732,0.9756490274727927,-7.8749562166221772,-7.3893587068130042,-2.3358925657597669,,0.09025839960221613,0.1923076923076923,0,7
0.77234449059928745,0.60770687941323465,-0.18486843038971371,-0.58321482727585316,0.79375008263356461,0.17268836545872757,0.25168323958206801,-0.02555689795414948,0.96747216594609964,10.430846197945094,-12.029690167262025,3.27517038030514,,0.1151934110416118,0.3076923076923077,0,5
-0.71896352363577676,-0.63484707917214367,-0.28294988557662709,0.65019909154740951,-0.7581829798978178,0.048986838479217004,-0.24562693873464214,-0.14875400855057191,0.95788290093726225,0.47062677767859656,-12.700840410575594,0.54483367053163834,,0.09296580465460941,0.1904761904761905,0,5
0.4260007650874118,0.88910911071680543,-0.16735691615619949,-0.88390647780144815,0.44846888735959645,0.13260842948728965,0.19295773279550013,0.091436569876713045,0.97693739156795678,13.18074908839704,5.979761102956175,1.8174465457603626,0.1885782264639625,0.2079071297954225,0.4666666666666667,1,5
0.8491334800093302,-0.45750444551925507,-0.26393562748777244,0.49955566541511098,0.85792293312967571,0.12005156376257858,0.17151230357881314,-0.23379034013468925,0.95704002349995576,-2.3823920824861178,-2.2706260712738278,-1.5735039400614956,0.1730545064378335,0.1516165755888156,0.7420382165605095,1,5
-0.60908855677526152,-0.72082390519123085,-0.33079302850920711,0.75995707927371836,-0.64976189625518865,0.016574553889062881,-0.2268840401332558,-0.24129313268248176,0.94355776529743318,-16.383635197845738,25.554559751027643,-8.4060924447433489,,0.1979167880409734,0.3333333333333333,0,1
0.20020868587996762,-0.90719358885153467,-0.37002199183952578,0.9789292065854025,0.16973880831751831,0.1135180401743453,-0.040175746319041389,-0.38495263253759204,0.92206148390987808,-17.752226790312637,11.636779244398941,-7.2133683729857356,,0.8346262465235653,0.921875,0,3
-0.18563960241937508,0.97905949868631459,0.083549003858091941,-0.98178601953357414,-0.18830872853377997,0.025219726533250518,0.040424619503431326,-0.077345463927073255,0.99618448559888195,18.845610900105836,22.504357241903797,1.6412296765906684,,0.4126082587761153,0.1764705882352941,0,2
0.90747669968716294,0.3593361717791792,-0.2176316961657459,-0.33244266317525462,0.93096863090853155,0.15092807547053408,0.25684219907530664,-0.064613651153446833,0.96429101461062139,19.750631745951228,2.3982728837570138,4.1220882507540191,0.2609093328247485,0.1747019560242349,0.4782608695652174,1,5
-0.73641064004637502,-0.61687085517916707,-0.27779437945540086,0.6287456948467125,-0.77562128652253681,0.05559200576386062,-0.24975632211860577,-0.13372347558917103,0.95903066251196534,-2.5309743290102338,12.843586853222567,-3.235942263835462,,0.07314197290988389,0.4166666666666667,0,3
-0.13840609597264183,0.96676374721542369,-0.21496885743661531,-0.98856106884649741,-0.1217256260736312,0.089049902403388684,0.059922998578862671,0.22483489281464861,0.97255257195400124,-12.096148191103579,7.0215052227217249,-5.1658966397217245,0.6366201007217913,0.5444126998804556,0.974155069582505,1,5
0.96463903886369173,0.17151910871022399,-0.20013175671887479,-0.12491105999962618,0.96610667680758122,0.22590953082502152,0.23209642778358802,-0.1929224828138543,0.95336884983464554,6.2058597590861551,8.9538737353687168,-0.42713134137830772,0.374967706736417,0.6057445598206657,0.25,1,5
0.45513840370581055,0.86803712251407417,-0.19839502869178183,-0.86823603194253451,0.48206862008170021,0.11737136946124363,0.19752272352519074,0.1188334947311226,0.97306904905108316,4.4474402887744189,11.612679434899418,-1.2067246707742043,,0.07565489728209783,0.375,0,5
-0.87736513304081909,0.41728480838055715,-0.23686243268840465,-0.44435790061654851,-0.89287333455802864,0.072960705827737005,-0.18104275595538491,0.1692648726996524,0.96879973337426695,-7.1151977160815596,7.9809896787462442,-3.9249572597492128,0.1571717701076892,0.113345133126011,0.5365853658536586,1,5
0.58557353165601933,-0.70609602981411246,-0.39816081638534639,0.80711034075420085,0.55351296948762041,0.20541735675603209,0.075342795750724903,-0.44164667924682172,0.89401995158873249,-26.870396214783696,2.6057514771231536,-8.6013151178356004,,0.1034666672112575,0.2333333333333333,0,2
-0.66286353164817058,-0.67637648500449377,-0.32113359983639245,0.71306760986815843,-0.70107915052344449,0.0047548352481149312,-0.22835613012972925,-0.22583816159872341,0.94702196521405069,8.7077783531664643,-7.1189429656682064,2.265872718320856,,0.110408257550845,0.4,0,5
-0.96799896893704318,-0.06569642026990298,-0.24220234619124384,0.078059203088236939,-0.99607225589280801,-0.041794997952428727,-0.2385052556025804,-0.059363637054466553,0.96932512690305039,10.771891185258493,4.9640272279578248,1.3107499071606501,,0.185341100669001,0.3142857142857143,0,5
0.65855262255736591,0.71943562171648057,-0.22072795366296019,-0.71745344552349832,0.6887487638131552,0.10433452857186075,0.2270880816539636,0.089652253464556492,0.96973887032512562,-2.5439436542012821,10.144706349904004,-2.918870897468528,,0.1409194856693952,0.7692307692307693,0,7
0.72993721937694966,-0.62679435565877961,-0.27261784879670425,0.67077389290450518,0.73353716919501677,0.10947879249926516,0.1313546358754914,-0.2627775810902766,0.95587337158765995,20.086029594588435,0.79959005915927073,4.417307117474202,,0.1177197851061128,0.4761904761904762,0,7
0.33406106946246572,-0.82917338691412057,-0.44819046877746122,0.94255098863777376,0.29433842928320564,0.15799532545316386,0.00091415947706289288,-0.47522245683517728,0.87986520605828522,-7.1708702868372196,21.651207755365313,-5.5037238008845577,,0.5763654150768703,0.25,0,3
0.80472331290169596,0.55514883153400252,-0.21030968717334567,-0.53549501310182124,0.83173430450329644,0.14650302950962388,0.2562527670398877,-0.0052746145687887352,0.96659541578964214,-5.0985294306778943,-7.0224948450392635,-1.6959771401645301,,0.1401779484788051,0.3837209302325582,0,1
0.60776483719952812,0.76509652949272322,-0.2127186010249727,-0.76521089349157045,0.63585443703941336,0.10070463434779565,0.21230683254587771,0.10156985505297021,0.97191016735028302,-8.8545987488288631,14.201164763007695,-5.0569225424165589,0.1840880850205641,0.1948104846848043,0.423728813559322,1,5
-0.083701736100573729,-0.94480395574631282,-0.31676411504441165,0.98900843380191117,-0.11764601817532536,0.089564123822999359,-0.12188657531672803,-0.3057857086484102,0.94426625648910534,10.689308342300931,-1.0899267120522134,1.975332560667604,0.329666594222522,0.1789243903988398,0.5544554455445545,1,5
0.88315990166701086,-0.38347770148596338,-0.27013596678442997,0.43605876565351909,0.88341815225343001,0.17153752116043131,0.17286220230069305,-0.26929021655488777,0.94741830164060903,9.8280322517311145,-10.079432656187954,2.9172350192726459,0.8819833709777316,0.5390188888373797,0.2380952380952381,1,4
-0.91044022371720101,0.34362064857188906,-0.23026821081687981,-0.3594331979895718,-0.93271116015251565,0.029285967799224141,-0.20471046680803126,0.10942916248414843,0.97268642592423127,19.371560301849517,-4.7256721858386239,4.9064618595214,0.1484097928815635,0.1967260887231931,0.375,1,5
-0.65730935695618864,0.75349029138032841,-0.014028187817013307,-0.74704528918456503,-0.6539148401637247,-0.11966084455994783,-0.09933652482844027,-0.068174501166037668,0.99271571571410611,-7.8827214348396568,12.008635494617039,-4.6232466838810726,,0.5380420878478371,0.1555555555555556,0,1
0.82593831150000097,0.52557787858153049,-0.20394557887403783,-0.50100509615711175,0.85015953863976346,0.16193409920220259,0.25849525957187613,-0.031569802114735687,0.96549652944653597,-18.356706063735786,-2.9585838248067224,-5.5977941406885172,,0.1351724085488711,0.3088235294117647,0,1
-0.88011838518760577,-0.39598152505418277,-0.2618974224205402,0.39693851119316248,-0.91639199963786133,0.051628687098118492,-0.26044470888561894,-0.058517816222783875,0.96371376393512176,4.3112683229273303,5.0530254169732487,-0.56181947296959511,0.2444941822128532,0.1550273374383697,0.4107142857142857,1,8
0.93279644188236255,0.28115947872431529,-0.22547759430833741,-0.24711315025650463,0.95435834370991413,0.16773563354748186,0.26234688673950368,-0.1007447235081835,0.95970027180539497,-10.093284217340665,-6.0684944635624376,-3.0375068744419789,,0.06594835958994291,0.2195121951219512,0,1
0.96315412549364876,0.10329429675410971,-0.2483232143852844,-0.062846683838371498,0.98418359575341618,0.16562893521482572,0.26150415842790298,-0.14391990170907942,0.95441219450348802,-17.440913292410546,9.1303669244325487,-6.8806244740806406,,0.1093765671987934,0.296875,0,5
0.96302519628355687,0.095072973111790665,-0.25207856137859574,-0.039695783218105539,0.97552538016669166,0.21627407945783572,0.26647085416179922,-0.198270931894511,0.94322951684516543,-15.113439775108493,-5.2677974211739427,-4.48854856150282,0.4525785414332232,0.2215773939355336,0.9457627118644067,1,2
-0.042783987925858719,0.99856815967503354,-0.032111693514627532,-0.99582601268765714,-0.040028731344224813,0.08202592956848781,0.080623091182133622,0.035487056093585177,0.99611273760455865,-27.06584907772735,11.893255629232995,-9.7832334314303182,,0.554977782159206,0.4583333333333333,0,2
-0.48114042432580384,0.87329576406483866,-0.076540189090403193,-0.87588522750461173,-0.48251919095987833,0.00054643811982088618,-0.036454908020454355,0.067303334403532242,0.99706634727052446,-15.623671423939093,15.349489495254142,-7.0071015891354769,,0.1181055898273534,0.2173913043478261,0,3
0.580044630575274,-0.76343928625690138,-0.2840927361625914,0.81166022558338147,0.57119959472194493,0.1222239796251979,0.068963067990981453,-0.30148213742946672,0.9509745612077285,-27.087852615339777,5.4750269082390028,-9.0897459133905638,0.9824443413346758,0.3384734799760761,0.6935483870967742,1,5
-0.78267134885045075,-0.4877363662367491,-0.38670246539010944,0.56550294689238934,-0.81677619515733213,-0.1143812225862982,-0.26006148646933547,-0.30820428951344059,0.91508367878619479,-40.187319184520035,2.5799825788853981,-12.203156713601812,,0.3438893761695191,0.4210526315789473,0,4
0.39942215841781614,0.88865615368452433,-0.22528244468550992,-0.89783246269957417,0.42886337375309358,0.099865287141889789,0.18536129123328485,0.16237748357374338,0.96916187736651482,10.392795998410426,4.1258255259574117,1.2726350556366317,,0.08045184878177833,0.3333333333333333,0,5
0.51200333848882829,0.8374486835089815,-0.19113420380813234,-0.83500911439513081,0.53743884695845168,0.11797993328117215,0.20152508591575935,0.099192682537797658,0.97444776744451622,3.4867602949138865,-9.2444047798110134,0.97372720910082233,0.114637991211204,0.1141748773218896,0.3846153846153846,1,5
-0.80290450904358623,0.56334911576294411,-0.19489002828925492,-0.57667839213682592,-0.8168402305993212,0.014631121519998456,-0.15095158627839195,0.12413626159811948,0.98071596660627491,1.5549198396102069,3.7054052841198488,-1.1450407115984387,,0.20859075052293,0.1666666666666667,0,5
-0.967740531093917,-0.075901511030482705,-0.24024409483138964,0.069767474075164024,-0.99698546083463846,0.033948349672922547,-0.24209660063543961,0.016091970284375794,0.97011869606411139,1.2916187862921356,-14.556502326506795,1.0632093653437882,,0.07943162880863536,0.2857142857142857,0,5
0.18464529976732066,0.97770725596625896,-0.099973170924832752,-0.96677937238148837,0.19898716880465822,0.1604423628246712,0.17675904053680869,0.067027071262558455,0.98196925272967273,-22.086889932438392,5.3708809843780356,-7.7084584580374242,,0.2680782551436732,0.5740740740740741,0,3
0.92067484924604415,0.32853601996588655,-0.2107650482189822,-0.2835829641445281,0.9340299105117319,0.21718385924476685,0.26821357984408367,-0.14018633975684638,0.95310506542185602,-8.9973781917185054,21.01157505083032,-5.8234275990324136,0.5872090434090117,0.2367244156022884,0.3529411764705883,1,4
0.73843239007494865,-0.59883321912206644,-0.31002641978402701,0.65901595490315135,0.73828891418591991,0.14362259701475605,0.14288308672227987,-0.31036793466155327,0.93981709319560425,-27.298639715068585,10.974129134346908,-9.6974431172231466,,0.1102235088277232,0.2592592592592592,0,3
-0.33777161254564031,0.93774898718298394,-0.080852797079663336,-0.94122328692650503,-0.33624663179554126,0.032201347074606104,0.0030102999158544363,0.086977236352054066,0.99620575106298948,-25.491649779884977,0.83017246548643864,-8.0560011568546628,,0.2064717191861337,0.5185185185185185,0,4
0.96412053054920066,-0.069355836905424628,-0.25624474718650692,0.12118499046743289,0.97380808395754448,0.19238506621966597,0.23619017900610714,-0.21653540935857399,0.94727325299249243,-20.603406132793555,11.289834704404583,-7.9976732739067344,,0.0964148078010104,0.1724137931034483,0,1
0.24073863025088513,-0.91270043091576925,-0.33018606165478398,0.96989748161861322,0.21337007815003983,0.11735452654294028,-0.036657701166322505,-0.34849839763823171,0.93659226976779253,11.444030552571618,-9.8069700144210632,3.2860232619699636,,0.1287637556714371,0.1764705882352941,0,5
-0.9148766489705884,-0.20109325418149529,-0.3500888748461502,0.24998715117613798,-0.96306145077816019,-0.10009528596244752,-0.31702861292821127,-0.17909256028032536,0.93135316257424727,10.201732808226611,-7.0486299008628768,2.6429245628435871,0.4962263726574793,0.2596791458464837,0.45,1,5
-0.26227834721703092,-0.84916816881241697,-0.4583922879552742,0.95237436270025333,-0.30434627636660588,0.018879018329071764,-0.15554144737783043,-0.43160950538368592,0.88854943194515701,-7.0102645315835952,-3.5609230773996221,-2.6240889075440395,,0.07222027179531,0.2972972972972973,0,4
0.82336590979170954,0.54801478596235531,-0.14747329575046497,-0.51542658917851714,0.83085811828620082,0.20978612548429854,0.23749528365984537,-0.096719086247480379,0.9665616424185175,18.276184629475281,-2.07417756677992,4.2530015794404994,,0.2446967432127153,0.5,0,7
0.91120183900975105,-0.29612502603516366,-0.28639339646877804,0.35318474365770108,0.91940810222782421,0.17305859818361072,0.21206542724520924,-0.25884109123843918,0.94235319496131698,27.151021198551774,4.3326270091246828,6.0050408096784853,,0.2374936569467514,0.3571428571428572,0,5
0.094746723258742421,0.97441597084936205,-0.20380523591268654,-0.98866106280395716,0.11606116041829612,0.095284363553036266,0.11650047779764641,0.19246641991800317,0.9743635440003211,-4.3592006039006579,-12.402771197851015,-0.7074347205639947,,0.08191774491222141,0.3333333333333333,0,5
0.65645063794769398,-0.70863274433884649,-0.2586739136226564,0.74802176052417679,0.65585084320140563,0.10160274235628415,0.097652474215340304,-0.26019090130671607,0.96060641740351793,-11.085582221494125,-10.720715737547478,-2.7293321208158057,,0.07188496072145062,0.2571428571428571,0,2
0.84262947273826461,-0.38079827677157801,-0.38074695544499293,0.51135910415600216,0.78745964010036384,0.34412088255404782,0.16878222142632743,-0.48466481987122034,0.85826136701449629,6.2205899477262747,9.7096252555818747,-0.47540429092369818,,0.1689498684827127,0.25,0,1
0.80759176203506366,0.54844963021370674,-0.21679148740563994,-0.53112844163115025,0.83617069162202962,0.13682526434398989,0.25631645359509636,0.004645168542180526,0.96658175961769921,9.5091157740810583,11.108944980213629,0.25883047861511344,0.463206801944242,0.4279232567772681,0.8173076923076923,1,5
-0.031341427122266584,-0.94033469704123362,-0.33880432772665536,0.99446429329124753,-0.063349875846555784,0.083830558861105936,-0.10029199526721479,-0.33430143698554038,0.93711475546739909,-31.091458732216054,18.365303076489159,-11.360897940494892,0.2138862697020823,0.2684696390466755,0.2692307692307692,1,3
0.91350946069641914,-0.30782922413818364,-0.26597299484086867,0.35229075091830203,0.92554396396641836,0.13877895223248898,0.20344948276060026,-0.22047571188639448,0.95393855590002796,-32.225722022503838,0.64827412982927679,-9.8177521144421718,0.4526264064827432,0.3050199729631219,0.7402597402597403,1,5
0.3738961673289119,-0.84514405431812734,-0.38201202010862134,0.92702945623130384,0.35324718573794173,0.1258285064987994,0.028601456890246277,-0.40118319159573901,0.91555120197879314,11.946748933903761,1.3023795669465921,2.038836168710326,0.5933015330406608,0.3357642279039976,0.6578947368421053,1,5
0.96276423461668559,0.2268724144057904,-0.1470167885808833,-0.18718828643400429,0.95180319520606704,0.24296341909312971,0.19505274662216368,-0.20639666949156407,0.95882993323004961,17.20610867163661,-0.1954037729478961,3.7480449306179882,,0.2034072981866374,0.3,0,5
-0.74070985443549975,0.63881292899465758,-0.20800709913704402,-0.6595610418282889,-0.75034478489681666,0.044293745388403374,-0.12778162483128652,0.17000219271355624,0.97712389737845429,-28.103725346007955,18.758747729697539,-10.68022795840794,,0.2222179410335902,0.3461538461538461,0,2
0.96695071573116642,0.023342096249806463,-0.25389261487812165,0.085386589365461674,0.90865064796866624,0.40873356884730849,0.24024038732802508,-0.41690424138978022,0.87662729241547832,1.4121502203882597,4.6168894234087912,-1.2876616902050555,0.6052229606190543,0.3730349106251385,0.1818181818181818,1,1
0.55439707238980973,-0.76846582838902444,-0.31953741052336737,0.83026925717117983,0.53717530137387537,0.14864607694219142,0.057418174143957806,-0.34771103835261979,0.93584196693978083,2.7123643789149949,-13.04389078382963,1.2463178380051012,,0.09297041870663289,0.2857142857142857,0,5
0.96394101465523085,0.096039398355683273,-0.24818169599896961,-0.05256229912514325,0.982946411926226,0.17622019178300549,0.26087338878491523,-0.15682086992756625,0.95255041324805378,-6.6065922489396263,20.599422211877954,-5.199000384216439,,0.1243568525216978,0.4090909090909091,0,5
0.5711074534786621,-0.76425783182176588,-0.29957677326557008,0.81781788265957422,0.56120539261545799,0.12736725678737099,0.070782677141574074,-0.31773963208643424,0.94553230448158054,3.1636212312018182,-6.9694655949226396,0.57523637028290098,,0.06723881011657903,0.21875,0,5
