axis_00,axis_01,axis_02,axis_10,axis_11,axis_12,axis_20,axis_21,axis_22,location_x,location_y,location_z,dbh,dbh_approximation,score,reconstructed,number_clusters
-0.50459171968844996,-0.78312468774748178,-0.3634596536924844,0.83501817360584019,-0.54965206944265477,0.025045005597398074,-0.219389712999081,-0.2908579137617115,0.93127322941893076,1.7663972388883895,-7.5652016077926119,0.70041181646956829,0.5041700861360321,0.4131121593886376,0.3809523809523809,1,3
-0.27369100793207068,-0.92028875955967915,-0.2795743750869048,0.9428908802971423,-0.31410105439581559,0.11089326165244208,-0.18986842820650096,-0.23325764007968339,0.95369851279890794,-21.513575201661897,0.79265505485501386,-5.6020630236540718,0.282562181076519,0.2462784162504775,0.5950413223140496,1,4
-0.82209807813741242,0.54087919299017273,-0.17777640032657055,-0.55287542302865111,-0.83296222936607156,0.022420772966069417,-0.13595409715659171,0.11672027690082443,0.98381546055473834,-9.2978302282429741,-11.597352282047737,-0.91278836585204648,,0.1612605313235716,0.5609756097560976,0,5
0.56423622804242934,0.82402661111851749,-0.051162712330208769,-0.79022202238714512,0.55696059603563053,0.25562482234322809,0.23913727082749578,-0.10380288354456985,0.96542132101430722,9.1675878125718473,10.751893696129789,-0.32284549309432414,,0.4998891382642739,0.7777777777777778,0,4
0.87297555527040815,0.45031129686134241,-0.18743909896117567,-0.4103622707413136,0.8857749417004902,0.21680765532500407,0.2636597933935973,-0.11234984901880693,0.95805063789608536,-0.5378199847785633,-17.261514488698499,1.9518666116689147,,0.493906905587412,0.6,1,5
-0.96028949582544865,0.18153303035404614,-0.21187223295605004,-0.2068594280723878,-0.97282190485977993,0.10405151821360002,-0.18722516183694543,0.14374734889891869,0.97174247538103553,-13.652841798793482,-0.6139645279846162,-3.7469521120211025,,0.07396499833469758,0.3157894736842105,0,4
-0.0047819749540976781,0.999552003052816,-0.029545319572506661,-0.9920837053782271,-0.0010344563228814874,0.12557408738718226,0.12548726723674405,0.029911922258845404,0.99164420165109357,-16.736100179340131,-1.3496907019680104,-4.3129802033835514,,0.6229449891307512,0.1714285714285714,0,2
0.63696752529538603,-0.6621952267408987,-0.39467689747518919,0.76950465236325105,0.57685828825912955,0.27403851053831829,0.04620564587130168,-0.47825934068067805,0.8770023040684094,2.5797800140246006,12.158392992288745,-2.1138952773553483,,0.5025596029143121,0.2,0,2
0.45927762715320597,-0.7769621415224941,-0.43057390984278243,0.88803467187133867,0.389915025023437,0.24364050323240044,-0.021412210322276498,-0.49426319294658422,0.86904856788752749,-12.955714945964846,-10.541905621775449,-1.8909534061433459,,0.3575006397744209,0.3454545454545455,0,1
0.42670774662850303,-0.84192769366858966,-0.33026997683881881,0.90392730759160467,0.38535946731888843,0.18550876943663566,-0.028912308061056002,-0.3776980799283885,0.92547730326626099,-5.7410064032551551,-13.577042072840786,0.14174606192920874,,0.07450015470558895,0.3333333333333333,0,4
0.25720571634133632,0.96634203924602069,-0.0053181450883676915,-0.94694030807877305,0.25313167677043474,0.19806162462997776,0.19274146522483968,-0.045906616094295812,0.98017514260552019,-3.359789174326699,-13.71121246220142,0.73431219717991902,0.4377552402873051,0.2270519227970459,0.2,1,4
-0.92236641395808772,0.37200510917667623,-0.10417483932575336,-0.3521013459181741,-0.92048447536363187,-0.16950803171870751,-0.15894917616869797,-0.11966841421607063,0.98000746427478969,-28.726888606001836,-8.3619152343367613,-5.5388336927085771,,0.1720516365448961,0.2,0,1
0.84062563048503869,-0.43929197389267205,-0.31681400070879318,0.53152830651451732,0.78148340769413727,0.32674354296997055,0.10404906893115702,-0.44306460609288073,0.89043110125507174,-2.5901293228382074,-10.931439778687265,0.41202036450176488,0.549794282730335,0.3064742615461062,0.4545454545454545,1,4
-0.94406390964046882,-0.20105412517127325,-0.26138204465105919,0.22380006915127959,-0.97278253272092419,-0.060063908305645529,-0.24219179086467157,-0.11520148777112409,0.96336480818695291,6.9052649796252705,-4.6418720866120289,1.3653305287691322,,0.2060381947481308,0.625,0,5
-0.011780066277205476,-0.94902031434873224,-0.31499471899055503,0.98680743837353602,-0.06190257805069755,0.14959662563486742,-0.16146922186338183,-0.30907687358343622,0.93722952183908681,2.4560361171126335,-6.1562473305055541,0.60673878631286959,,0.1134832886774343,0.2083333333333333,0,2
-0.97579594779329493,0.011731567254278027,-0.21836812633702316,-0.024794831625333687,-0.99805603535090115,0.057178375495561852,-0.21727283446131754,0.061208828034838882,0.97418991720082238,-1.8162714462699272,-9.5619486923285084,0.31325757066917587,,0.09084557680864883,0.3428571428571429,0,4
-0.83299766489519833,-0.49636996582350917,-0.24440079236269852,0.48969894258442637,-0.86703781967677052,0.091871458472408782,-0.25750696283953461,-0.043154099208776622,0.96531232656101396,21.782711743098819,12.321513920372272,2.5072739673378175,,0.09646889074010026,0.2105263157894737,0,1
0.36935299504957037,-0.87648368571698443,-0.30879558565478588,0.92798417870611216,0.33027184939523702,0.17252788055323817,-0.049231383476950399,-0.35028110735382245,0.93534988999407309,-4.5821137088785537,-14.355531673947715,0.59675597149121684,,0.1044723514643022,0.2121212121212121,1,4
-0.59338645426505032,0.8031753849228872,-0.052932191988644926,-0.80465184586816185,-0.59359649263994052,0.013364537647109473,-0.020686295843169972,0.050522321596821178,0.99850867406585697,-2.2043568613707212,4.8627966765886672,-2.1805513854747907,,0.07493876141127465,0.217948717948718,0,1
0.72458236847938218,0.68116665698321299,-0.10484453587633165,-0.6405673737129397,0.72175240756679671,0.26219630414260475,0.25427117615513739,-0.12282283006773519,0.95930220545500478,-29.789756213383829,-10.065323613267068,-5.5220490485261111,,0.329963351250241,0.1818181818181818,0,1
-0.14768326885881333,-0.94798122854660916,-0.28199511063569399,0.97415917643270411,-0.18868887193190617,0.12413866674417465,-0.17089046512644293,-0.25637492063836226,0.95135080227881341,10.633027531445933,-1.3650153228869195,1.7751939148800424,0.2313475293114473,0.136892262043963,0.5434782608695652,1,4
0.8884249507819818,-0.36690929997235777,-0.27582362556863582,0.43787858202417107,0.85770296939302482,0.26945864933026314,0.13770785828170487,-0.36017104532177852,0.92266644237193485,-2.1341553441441148,-1.7400632583414064,-1.1500105663010436,,0.4209585614702404,0.3111111111111111,0,5
-0.13447768772579297,0.97803946416806309,-0.15923114655673318,-0.98494748830056644,-0.11431941641013053,0.12965151878035666,0.10860109020783396,0.17426955431599331,0.97869092447216177,-9.8979991240840395,2.5460981893004111,-3.5455218048664898,0.3380884256509028,0.283762730930394,0.8667642752562226,1,5
-0.77151345104856239,0.62948250338929201,-0.0922971981042124,-0.63350580339237761,-0.7734723624207025,0.020270708905153752,-0.058629275275384855,0.074109935218490491,0.99552515065295843,7.0776352833494629,4.6672679779810204,-0.049933866541434842,,0.2208056619417471,0.2857142857142857,0,3
0.42421470057202326,-0.81589224687009776,-0.39288895290635623,0.90478831964862094,0.36395575183828416,0.22112057193136969,-0.037416366018297245,-0.44928393272082845,0.89260515534747609,-10.892473965533188,2.3456796773204331,-3.6918465563913183,,0.08131596960814171,0.2574257425742574,0,4
0.97047589358462383,0.1269464564742657,-0.20508812047447447,-0.080637232184094035,0.97212592748088222,0.22015634877314683,0.22731954767862289,-0.19711869091504822,0.95366138903445374,-9.9072603263664867,-10.118231072081059,-1.2651354549871612,,0.291995787709834,0.2439024390243902,0,2
-0.080168472813906017,0.9876217867788164,-0.13481922061227461,-0.98992546088289013,-0.06304929462124835,0.12677684466636055,0.11670731709058128,0.14362448512554607,0.98272651811678391,-22.451383786914935,-5.8413046277180714,-4.6719838220570384,0.1697075965626831,0.1980936060598974,0.5555555555555556,1,2
0.47515243734910306,-0.83232425771160845,-0.28542335452101042,0.87975252841045926,0.44337367343344763,0.17162538990934742,-0.016298774083085402,-0.33265014013367028,0.94290945176747376,-5.7157029732050981,-3.9243740632080208,-1.5264157442486672,,0.06933370487302873,0.2384937238493724,0,5
0.97653237940804949,0.07791751207385994,-0.20078190476203922,-0.012048030790731594,0.9505658930647658,0.31028910373400126,0.21503338559795385,-0.30058833020296055,0.92919712592327619,16.754815106601878,-3.4030635887035774,3.5075902161083499,,0.3099929850465652,0.5416666666666666,0,2
0.57476923220581355,0.81140477245970677,-0.10612551502419841,-0.78689984786376577,0.58362499910110521,0.20042577143725362,0.22456393107870798,-0.031688415136242737,0.97394398463393728,11.753094938682851,9.1067946482403492,0.58074697666579289,,0.3632089284306894,0.1666666666666667,0,7
0.67727563500346166,0.72788437739994316,-0.10715431567489953,-0.70047040906072167,0.68248909059161567,0.20868600157590056,0.22503093178708675,-0.06627951690023294,0.9720946997996176,1.3633385177177166,-5.96838799057298,0.3281370492639647,0.226333302920845,0.2585707863318999,0.4545454545454545,1,2
0.96245890520254285,-0.12051843995386247,-0.24320395027097816,0.17311873609701778,0.96267513802095206,0.2080540358861411,0.20905204856325202,-0.24234662008665978,0.94739925940654968,-14.528313029329771,4.8079165861883562,-4.9099004641206632,0.2512600225705629,0.2013057852116294,0.7368421052631579,1,5
0.86043423697189658,-0.42098708411938457,-0.28709371092249425,0.49401250937255509,0.82729755801808258,0.2674516612039447,0.12491823097539448,-0.37195245059278254,0.9198080289212538,-8.8961095342631129,-16.36433509817271,0.024274291044419947,,0.3694184397574792,0.2222222222222222,0,1
0.42824723623882899,0.88839341306968389,-0.16541296281792278,-0.87636973380169947,0.4529430504815235,0.16376410686359807,0.220409605802797,0.074831388032637239,0.97253270846535822,-14.332633045599984,14.998474609940395,-6.2713029339804471,,0.08256608821678707,0.4666666666666667,0,2
0.010813764081040244,0.99747677256606826,-0.070165167266808562,-0.99644570715496839,0.016611715904587238,0.082583313006566669,0.08354050035063762,0.069022743250937948,0.99411108318702501,-5.4299320559751303,-7.2509474676939725,-0.83460583576904479,0.5983619005056983,0.4276861454332163,0.2622950819672131,1,3
-0.30315394990701672,0.9514109218293707,-0.053990188734257955,-0.950683408051609,-0.29805167616844541,0.085826895484798604,0.065564779502049031,0.077346339001707329,0.99484612052914023,-12.988853615115444,-11.560886569266371,-1.7248873104847633,,0.1016105935688237,0.2068965517241379,0,1
-0.85574560389608101,-0.45313028832333269,-0.24974467605245129,0.45063339188702201,-0.88991662339758815,0.070554585372127096,-0.25422235843632718,-0.052166514208333077,0.96573787710041814,-9.8191660763566375,13.062405041587255,-5.181601442534193,,0.2271098754223194,0.48,0,2
0.12070597595280036,0.98385518711618192,-0.13213265362454216,-0.97982762233239717,0.13943836100373513,0.14315995946853685,0.15927302936694285,0.11218696120839225,0.98083953216165931,-9.416744939797228,11.418868104125551,-4.8676456176461631,0.2500785868923084,0.2488115652203085,0.735632183908046,1,5
0.38006452437171584,-0.87347679135761291,-0.30428482097158577,0.92425058240129654,0.34575326203222539,0.16191214508164548,-0.036219031529926546,-0.3427724854093222,0.93871998221053643,4.3859168340938979,6.7056079343743642,-0.93761488816363936,,0.2999857128313198,0.7096774193548387,0,4
-0.42435333253028995,0.90162232566684408,-0.083674554253649586,-0.90507460785015414,-0.4195195521664708,0.069593818510934241,0.027644228969644739,0.10526408318678146,0.99405999285531998,10.597702978413317,-12.245231541556066,3.4999037398127424,,0.2338121873636167,0.1666666666666667,0,4
0.88143107157421752,0.42719908033757614,-0.20144530727285692,-0.39690088729589817,0.90114493773576465,0.1743774264546141,0.25602529509260508,-0.073747860660053094,0.96385284215009182,13.265123723271195,15.416683665592542,0.017055839742639918,,0.1989933197869937,0.2857142857142857,0,4
-0.35188107591055456,0.93497566622833483,-0.044723729461115087,-0.9347983969775937,-0.34854643183327266,0.068317946869140417,0.048287321567378333,0.065847463255423178,0.996660647441582,4.6125258721160796,10.908387212826414,-1.4703551677115665,,0.3376792988330314,0.2777777777777778,0,5
0.80990890689241601,0.55129989478557773,-0.20028976146010055,-0.5258084153711875,0.83372147104955718,0.16862389817521428,0.25994821188300932,-0.031255954958617237,0.96511656934198997,-20.438756964086298,1.1068513368796924,-5.3960785915555975,,0.1037417151214155,0.3846153846153846,0,4
0.33206358602402497,-0.91139263384242353,-0.24309924272740363,0.94138098779401558,0.30396160487721607,0.1463187567621913,-0.059461001142184937,-0.27743613632373038,0.95890227844391518,-4.0126181519766737,-2.2658109772453274,-1.5053059740591572,0.6973509799820558,0.5069807971645334,0.9488425264361247,1,5
0.73681174987181386,-0.63261019035000876,-0.23856402142016656,0.67272420550163636,0.72118477694369476,0.16533197161125973,0.067458050542752349,-0.28230633108380615,0.9569496051762455,-16.527310613905989,19.950146767663586,-7.4004059701159441,,0.4666795742672089,0.9466666666666667,0,4
0.86761916714605902,-0.41097811546688445,-0.27988206339111477,0.48349486648066836,0.82869401012112631,0.28195558458063757,0.11605901467624394,-0.37995161033565361,0.9176966159443567,-10.2534901767721,3.4491478969825518,-3.7533939165083132,,0.1206220482210426,0.5348837209302325,0,5
-0.96969180446547265,0.14856383036149021,-0.19397575276517851,-0.14139497480545068,-0.98867082652492178,-0.050373186104264715,-0.1992618012873045,-0.021419269055018657,0.97971217684628564,-19.183859502241397,6.6628596417168255,-6.123761527382114,,0.5809952594691525,0.6268656716417911,0,2
-0.11989245527571349,-0.91275799872543795,-0.39051073599927461,0.97914108434401304,-0.17370571308641036,0.10539953600834043,-0.16403821541821548,-0.36972849633734722,0.91454486105304444,-8.2719368155453434,-12.98978584172546,-0.40853415371097307,,0.2182125149601516,0.1923076923076923,0,5
-0.5267649116795674,0.83709118960718798,-0.14763830162000968,-0.84974549754279693,-0.52293726219352765,0.066852144432943822,-0.021244228132905583,0.1606703460242779,0.98677947013477962,-1.0943253803468764,-4.9926173910372889,-0.32577477830629226,,0.1195659325402465,0.3409090909090909,0,3
-0.074453802032792699,0.99648014965817999,0.03852197684533603,-0.98883634381067054,-0.078772217301237971,0.12648170990539373,0.12907097474648332,-0.028674886550036069,0.991220678940535,6.7898544514287575,17.442751128062898,-1.7885962683192238,,0.4792451035468084,0.2380952380952381,0,5
0.30532230109429725,-0.91080883102371213,-0.27785889545541431,0.94938907622726232,0.26856011375909411,0.16289827266748125,-0.073747368731568202,-0.31353267553306469,0.94670934662030715,5.65839796183226,10.762331896630212,-1.1893022673669265,,0.07525609722987377,0.2962962962962963,0,4
0.66342741633875235,0.73530971955077085,-0.13850516085782763,-0.70538764005793808,0.67636807951311184,0.21202475862322487,0.24958433545312694,-0.042963209259905655,0.96739951527097068,-11.797277913277037,-11.414066236160105,-1.4618758038712563,,0.08667010506475128,0.1666666666666667,0,1
-0.58216797156744382,0.81296231653328899,-0.013142479898258577,-0.8129770915212986,-0.58226886933607513,-0.0055868115826344569,-0.012194324196884576,0.007432072316471563,0.99989802617990209,-21.207348372963583,10.299702115461423,-6.9926668645578927,,0.4131804346780986,0.28,0,2
0.42069080558982086,-0.87495782699134839,-0.23972494046044621,0.90665550867359102,0.39630412445684177,0.14463343157903694,-0.031544170365050424,-0.27819389268111749,0.96000683507509821,-11.867541630341451,1.0938507019544401,-3.7173912277739403,,0.07804129483008033,0.2543352601156069,0,5
0.23488049759918952,0.9590700388787804,-0.15816387821690339,-0.95234587517157188,0.25963408355678852,0.16008584165790557,0.19459826795542307,0.11302567487381282,0.97434937826637336,-2.0614293072377325,-4.2074737711256462,-0.71751990213324013,,0.0726918163673913,0.3802816901408451,0,5
0.52716185760867562,-0.80654443413964516,-0.26755644570992959,0.84976260129244974,0.49961669770564754,0.16818643470385528,-0.0019741649527300282,-0.31602093464209624,0.94875016286727254,11.505568875602281,7.6894382578849729,0.66472172711774669,,0.1347785640714596,0.1379310344827586,0,3
0.16276971415127475,-0.93908076421337983,-0.30270999065033699,0.98169351119440296,0.12338249352667144,0.14510206879967827,-0.09891344819547028,-0.32078665585643629,0.9419724259183635,-17.396445606551172,8.4770694247135392,-5.9854669808121264,,0.1765627256819146,0.5588235294117647,0,5
0.16660149256283285,-0.9340897939156958,-0.3157850528102441,0.98229301221646437,0.12939407041723328,0.13549026788505922,-0.085699363046298965,-0.33276633159529884,0.93910712260639684,3.7833071778776524,17.30335900205942,-2.5488458726356589,0.4498666970854026,0.3510757127976862,0.4166666666666667,1,3
0.82559175010131836,0.55306976784317652,-0.11185747209076874,-0.50204948675959349,0.81047036769754521,0.30180141803615756,0.25757440674312237,-0.19300677444613495,0.94678604236058928,-10.996330703111363,-13.884119833070626,-0.90449158925900452,,0.1821177048438478,0.4285714285714285,0,1
0.89788488222898055,0.38539185812056298,-0.21278123497862408,-0.34650541142737062,0.91682695706892026,0.19839942198326244,0.27154509407499405,-0.10440999227144732,0.95674542873100688,-2.628733484247014,-6.4590090247948497,-0.37380441851745155,0.2507578088675212,0.2277980871248033,0.5913978494623656,1,6
0.23864995766780192,0.96187609056461598,-0.13356864941028301,-0.95199455431070279,0.25888270222551046,0.16335885360513938,0.19170958835677479,0.088171043367697627,0.97748314606622655,7.8540873236053885,14.799702095327985,-1.1695733881351469,,0.1260023242966721,0.6,0,4
0.94039074420975755,-0.25044569019300433,-0.23009173055190299,0.29383629592799387,0.93896714604947351,0.17888803714900992,0.17124683763484899,-0.23583395621381317,0.95658604719941764,5.4738271367301312,-6.1995970037941817,1.3174571131211126,,0.4474388040661252,0.1951219512195122,0,1
0.67152028641310979,0.73752248873865089,-0.071561746348178926,-0.68320001888981285,0.65364733483648907,0.32555014337289823,0.28687669672633659,-0.16972253906273388,0.94281282374047293,4.803452259812989,16.018717861570359,-2.0805839246752575,0.6768136368112847,0.6064877412996492,0.5,1,4
-0.48254343223815338,0.86863630533813663,-0.11235125745773197,-0.87557210038631994,-0.47503646025001117,0.087828574269583917,0.022920144609288894,0.14075272814993914,0.98977943830402848,-6.3326539299738878,10.321684550479603,-4.0873701429732305,,0.1440765973838118,0.2777777777777778,0,5
-0.80264187372677342,0.59366606516304721,-0.05767690711366727,-0.59562805082914283,-0.80287386679611517,0.024915438614049972,-0.031515831035375912,0.054352158095872655,0.9980243460479663,-30.747655294200904,5.5416735687536089,-8.1848618403206448,,0.4561624726073879,0.2962962962962963,0,3
-0.24512273950738192,-0.90970515945758601,-0.33518855206084092,0.95021973014065042,-0.29402813287750879,0.10310151079394939,-0.19234684044149256,-0.29323025071232495,0.93649277255052055,7.631864465435334,6.8359151946709078,-0.14184987678133337,,0.2944182193751226,0.3076923076923077,0,3
-0.82287784620035243,0.53660161000651074,-0.18689773238616023,-0.55803129287478326,-0.82516297898008206,0.087790285870446266,-0.10711268087937281,0.17653546459320035,0.97844882509802011,-15.838604616544954,-3.9738515146297329,-3.6933240082963055,,0.06793550552714296,0.1685393258426966,0,2
0.97387197278154591,-0.013927591003932628,-0.22667025133309571,0.056310473800227162,0.98175698686949342,0.18161043272160837,0.22000570713273676,-0.18962921964128598,0.95688988284298593,-17.123900083666715,3.3869484058175026,-5.1170767600313827,0.3210329087918563,0.2666383642511672,0.7184873949579832,1,5
-0.97428412571228706,-0.019860228671444467,-0.22444601511758183,0.018121924889962737,-0.9997877318843349,0.009802398270845088,-0.22459305025607179,0.0054829272013817449,0.97443722182908099,-20.470881408689465,-4.6393865797337162,-4.4547266105686329,0.702149822868023,0.7121643881393234,0.8539325842696629,1,2
0.8596110189937719,0.49790402643160475,-0.11471911997432541,-0.44174942588967736,0.83704284833106524,0.32282613708303964,0.25676125243234926,-0.22682779926854765,0.93948007361963659,-12.175681789868214,-9.2476663248627808,-1.982613430218785,,0.09054281044851212,0.4117647058823529,0,1
0.16346577329835232,0.97891607738817432,-0.12248369030577529,-0.97108569127084288,0.18155433672071622,0.15501807322673955,0.17398712931996335,0.093602009854757987,0.98028931575435829,-10.353108407294499,-16.547021601884591,-0.34977982657510021,,0.07223249453367073,0.5,0,1
0.78456475821652127,0.61713496576095883,-0.060021447832182245,-0.5558170922501745,0.74289455614956956,0.37306170857633686,0.27481903159572607,-0.25933012258230687,0.92586305002102376,10.228388636713488,13.197766672638197,-0.45151695278160953,,0.2763756393595182,0.1333333333333333,0,3
0.93730893993663333,-0.26671694136867136,-0.22430787837658667,0.30414004303289921,0.94028687989664572,0.15283788050800232,0.17014930308059195,-0.21147731954319085,0.96245860065771982,-15.342856102067501,-2.8423299290393653,-3.7652898308833835,0.4513063591764621,0.4661651987307103,0.9575098814229249,1,4
0.45163743098352405,0.88725756829435687,-0.093795727189400616,-0.86351488110182018,0.46113769648316577,0.20419127062122638,0.22442299581440772,-0.01122641468081818,0.97442715816170777,3.9696663604003848,-6.0073136428554177,1.0116686390898477,,0.2234571500738236,0.2368421052631579,0,4
-0.96036502951098757,-0.13609195031675916,-0.24326526910214832,0.14550774321846294,-0.98913255449796766,-0.021078099909513776,-0.23775303732198622,-0.055639650352121373,0.96973074745150989,10.195946484182732,0.54313112560014409,1.3565176416865636,,0.1978753910971422,0.2777777777777778,0,1
-0.57673238587944986,0.81315433346463528,-0.078484298082367704,-0.8166116142482821,-0.57653386476413748,0.027462233247548897,-0.022917821724867043,0.079929548652622431,0.99653702424926249,-11.476401459137794,13.640609675063539,-5.5514390249374985,,0.268595670607248,0.2972972972972973,0,5
0.96830158122721344,-0.099296217668879264,-0.2291992778119791,0.14664345627549838,0.96879839153955472,0.19981334610568063,0.20220718217821604,-0.22709015325862775,0.95265015497218031,-3.8600940675000479,-11.929484312085776,0.29037444862648132,,0.524135085358379,0.2363636363636364,0,3
0.49078229501154569,-0.83380127992212283,-0.25280064181767897,0.87120081759561041,0.46565930883476697,0.15546878630859701,-0.011911100870241343,-0.29654145358744965,0.95494570106383625,-8.6721442414749603,-24.765036238235986,1.3883598944507887,,0.2001811136447892,0.625,0,1
-0.84818351534014935,0.50685189154148802,-0.15390219084223938,-0.51874527891085487,-0.8535958999072687,0.04772185316182892,-0.10718236754674342,0.12031292408679559,0.98693299690746916,4.092575770233152,-3.2481772553406585,0.49293378106153851,,0.08106764639515547,0.3333333333333333,0,5
-0.30102313111537188,-0.87426361118638585,-0.38085195639360786,0.92738826634234495,-0.36140671693222465,0.096623953587156489,-0.22211726178764166,-0.32411159052340577,0.91957359624140456,17.95233487231997,1.2420063485284667,3.1615839804469474,,0.3584995816315712,0.3125,0,5
0.57525715463171856,0.81674540007869956,0.044790149534281856,-0.78183982779872752,0.53292606005210785,0.32359897741648286,0.24042813835463378,-0.22117134978930189,0.94513361188760125,-13.908314866188377,17.945773915251806,-6.5605001380452848,,0.3588672117688108,0.3703703703703703,0,1
-0.96095542919211518,-0.13933422190318737,-0.23906199554264468,0.14213061618794695,-0.98983212838673351,0.0055897723947289308,-0.23741009045159114,-0.02860650660293319,0.97098821657718604,-4.5898973097624109,-18.987583364173222,1.3323295435229958,,0.2757026897088049,0.2857142857142857,0,1
0.18420790059336481,-0.86575923280608746,-0.46532612238085264,0.97743982352287229,0.11158196891966046,0.17933447968416294,-0.10333847662203334,-0.48786311094714591,0.86678183196604375,-10.537118832926019,5.802267420136193,-4.268670889656998,,0.5710297180746919,0.40625,0,2
0.32972432337228402,0.93969319437862497,-0.090876680260582821,-0.92530409747194819,0.34076793189286353,0.16640175418271261,0.18733445432784779,0.029221858803909265,0.98186143889539279,-19.081092122968066,16.483407718338757,-7.4617729311473653,,0.1588549420120275,0.2941176470588235,0,4
-0.76685091826628438,0.63057689466532874,-0.11963464827710908,-0.63786911125205181,-0.76943137490061886,0.033141457859634127,-0.071152414327798036,0.10172580416381512,0.99226467976168076,-24.177298200765236,7.9440824445481377,-7.2182921051154088,0.6991166495634337,0.6000750680459358,0.9772727272727273,1,3
-0.39429655073594405,-0.86324287591006654,-0.31518560764770753,0.89342140358797106,-0.4404079314923785,0.088538406861118343,-0.21524039046758256,-0.24668317954234775,0.944890990137085,7.6664850100056183,3.1208062548621767,0.40738397076350891,,0.5906083720192435,0.2666666666666667,0,1
0.66070950713909704,0.7472272533453187,-0.07151488680002939,-0.70801979842977447,0.65200573161094744,0.27128673203445519,0.24934095573626081,-0.12860776727897627,0.95983807487932227,-7.9005444283007789,-16.14334230988494,0.15199678082071255,,0.1214620103621328,0.25,0,1
0.96886741803078691,-0.13948752772037612,-0.2045462194439514,0.18670649298946898,0.9542281486293257,0.23364358719858533,0.16259339394307876,-0.26455976635517892,0.95056378969123545,16.33069840222381,8.5426022988345522,1.7259669059933231,,0.4426909751238817,0.6410256410256411,0,5
-0.93483016209427017,-0.25590939239834837,-0.24617666607765515,0.25480764554554136,-0.96628801931776764,0.036885328987075368,-0.2473168651959243,-0.028246178595610044,0.96852285547859274,-23.012163910114843,7.4973800848575634,-6.9880109716717191,,0.09660104581689805,0.2962962962962963,0,2
-0.97301181437648243,0.10192515622084,-0.20702480917306618,-0.12059890821412307,-0.98950092920114952,0.079648066188863373,-0.19673309945545173,0.10246547535351301,0.97508815700901186,-17.220452770699961,5.9366837527429954,-5.611747730463569,0.2266903879031637,0.1139819894660199,0.3404255319148936,1,3
-0.88075574036495485,0.4378427106359008,-0.18045244957380663,-0.45662711748303803,-0.8861878815832368,0.078502956085410427,-0.1255428269289503,0.1515414110994838,0.98044591861492547,-20.919900167599138,6.9717634139361238,-6.4883025426297589,0.4894171626752947,0.5425659961774435,0.8032786885245902,1,4
0.71740923916075816,-0.57696302602686345,-0.39043264485017848,0.69414352653437816,0.63953169326507209,0.33039972439444665,0.059065625681933451,-0.50804810786719157,0.8593010950507205,-1.1903519789834498,2.6444198897467834,-1.6610094487686291,0.4441516934989671,0.5374466683231874,0.4171779141104294,1,5
0.38180053940938241,-0.88166493780282706,-0.27729999198673455,0.92289721407207004,0.34748450095412847,0.16587722524407711,-0.049890684147630475,-0.31925140414068454,0.94635588474393939,-25.237379164118661,-2.7262157234733455,-5.8119051184821107,0.349345091307127,0.2914818965204425,0.3214285714285715,1,3
0.76608535270678546,-0.56576439223306163,-0.30499817187857708,0.63846418414641637,0.72449125931507952,0.25976123794419609,0.074004850721901619,-0.39372968856463481,0.91624244303155067,5.6376401345777003,-6.9446269689134539,1.5448486616914274,,0.2152332009931788,0.25,0,2
0.96759805079450301,0.1427775836904433,-0.20825122735339763,-0.093272364098445332,0.96855135153162208,0.2306697759606918,0.23463648095333578,-0.2037715412951159,0.95048560260745019,11.065879964450895,-7.6635764568699054,2.8631959701640972,0.7242416455765448,0.6960717338627556,0.5454545454545454,1,5
-0.9043064040961688,-0.31213778006117743,-0.29120428185233926,0.32400790287538023,-0.94602178366141687,0.0078526245530066534,-0.27793669492342127,-0.087251309999060764,0.95662866490529819,-6.6081476258441256,11.982311112313724,-4.3815298331792389,,0.8099759100550152,0.6666666666666666,0,2
0.90079851284380619,-0.3647838396986362,-0.2355733209705792,0.40881651266416341,0.89531387322261813,0.1768675419296247,0.14639364136293603,-0.25562828229645312,0.95562706274920128,-10.15516523923184,1.5496336106325224,-3.4023442392673293,,0.06952762346261614,0.2628571428571428,0,4
-0.53774216529091812,-0.79655683539767563,-0.27627987919766261,0.80908535445338114,-0.57970000039956804,0.09658570673649558,-0.23709545098394846,-0.17159579691234134,0.95621160294400143,-8.4633076555044227,3.4432642510018416,-3.3258321794530539,,0.1168746030145358,0.219047619047619,0,5
-0.72502559104643705,0.66901218405792939,-0.16358664343339319,-0.68595090032969352,-0.72272861691588741,0.084467204450793296,-0.06171915962363575,0.17345329017602523,0.98290625263168607,4.7670003968958339,3.6551822995117913,-0.36586913219723,,0.07521899279273768,0.25,0,3
-0.7287053078128406,-0.6209516066055778,-0.28880387223744908,0.63577086257069482,-0.77014413686244354,0.05170511350453643,-0.25452698220720726,-0.14593529631433858,0.95599105885888824,8.3076052586918703,1.74955058773719,0.74569038498267559,,0.4740901156439309,0.4814814814814815,0,1
0.89649244408402429,-0.37361525626954672,-0.23814478365669428,0.42073880305613004,0.8863453528682167,0.19331522198681714,0.13885300610050869,-0.27350238706738589,0.9517963474217026,9.0124551785097946,-13.478155780994472,3.4174920850146,0.4780529556148048,0.3805228361311416,0.8787878787878788,1,5
0.13062193667295918,-0.92373064849060504,-0.36008276645645176,0.98536862350066545,0.080850513449232747,0.1500395624340459,-0.10948326575422358,-0.37441271815220367,0.92077604823630632,-13.712487698683846,-12.456581612499004,-1.7115424719743915,,0.3895281573016192,0.5714285714285714,0,1
0.64365124947692109,0.74244641008392376,-0.18570513509403139,-0.72455538377440998,0.66929216237449973,0.16452202657268913,0.24643977943975781,0.028658847456947942,0.96873428016774699,-7.2179885711581324,1.0038619227243646,-2.6842438717535972,0.3923115828869838,0.3227730598837062,0.709070796460177,1,5
0.89090368696635824,-0.37712676860944205,-0.25311266453488679,0.42997335674218717,0.87984080251766417,0.20249215964310902,0.14633363605680594,-0.28923271361185049,0.94600787752276172,6.4951858666417674,5.9520693854577642,-0.35813481730744734,,0.1126674874651038,0.5,0,4
0.94639362151584927,-0.23082725015052255,-0.22595993835647571,0.28672822528065456,0.92245281649912036,0.25858794666466123,0.14874823690222497,-0.30951507543379453,0.93918814946617113,11.797476449522389,14.083347271947378,-0.1281055271370036,,0.2040257144039181,0.1666666666666667,0,2
-0.33117943691274876,-0.90585456643050699,-0.26409787019806308,0.92078271070929429,-0.37140250784430651,0.1192450285160977,-0.2061052649133438,-0.20368525141491783,0.95709609660213457,-17.931576022664817,2.8449930396046383,-5.2543299553818743,0.3138269215198808,0.2990058586728915,0.7131147540983607,1,4
-0.60753469757346423,-0.73345922557218324,-0.30485923910449647,0.75586653336444898,-0.65179870039510646,0.061840422887150005,-0.24406428453161708,-0.1928626936094795,0.95038760852073723,3.2863850139713651,6.4656989500499664,-1.181070823035149,,0.09907711607443079,0.2592592592592592,0,1
0.59987541919703424,0.79195607542600088,-0.11382027955961493,-0.76222637666579962,0.6089188648350331,0.21961048873617661,0.2432291762065352,-0.044982114710865891,0.96892526915032462,4.8975147460258599,-11.7472883698847,2.1638477013605746,,0.2384068514274645,0.2857142857142857,0,1
-0.83041073381756048,-0.44884525667700403,-0.33008475990135305,0.49405750098558021,-0.86707921123519338,-0.063881352237082814,-0.25753679131429591,-0.21612861217874166,0.94178724992284057,-22.848273660329923,-8.0254013400333299,-4.3461518701472608,,0.4486914939643115,0.2222222222222222,0,1
-0.62676521736141844,0.77375503837676396,-0.092024468987691038,-0.77852695028507313,-0.62677207029701865,0.03244317455819435,-0.032575297170059116,0.091977782546451559,0.99522808317094857,-17.635320254771891,-0.6341567241378635,-4.5894378343799449,,0.08588022946862617,0.3448275862068966,0,3
0.944145943761179,-0.20250039098416242,-0.25996543718458953,0.27979553554426051,0.90938006566029217,0.30780246014154089,0.17407726781177935,-0.36334761294240764,0.91524620567377457,8.4061967543639575,-7.5826696298224228,2.2259142004569026,,0.2541093490717338,0.2962962962962963,0,1
-0.957534189993967,-0.17011682975688699,-0.23278431911548997,0.16133145740411131,-0.98528629752702968,0.056418727009233602,-0.23895697488138182,0.016467426603551584,0.97089051288834505,-18.750209199143214,-1.2570444162986596,-4.7353215016887731,0.9804851936090003,0.6300227337879729,0.8194444444444444,1,3
0.25080884873892856,-0.8896531414662725,-0.3815916787266812,0.96477546076685583,0.19739458104313612,0.17390712945968542,-0.079392894495390637,-0.41176773459560706,0.90782382709953513,-35.26116197953651,10.550941688812394,-9.6507823015988787,,0.4694286409327201,0.25,0,1
-0.80818001071432599,-0.49933332934492236,-0.31226798825224944,0.52964477460484916,-0.84809345922505142,-0.014625223193699487,-0.25752957697237527,-0.17721092129155561,0.94988146963683184,-18.26361936876814,0.54809149180292294,-4.8951843600942988,,0.1760535534244677,0.2608695652173913,0,1
0.55587067738513929,0.82184679733923705,-0.12480237067711121,-0.78467724166896757,0.56832469352641812,0.24756548453870877,0.27438916966631366,-0.039684813611048635,0.96079951037585809,15.866168068900972,-4.8296401111171798,3.525619917744057,,0.3978476061383469,0.4,0,2
-0.7073398911989105,0.68235647959639278,-0.18455327976367808,-0.70383302264158476,-0.70405946286668086,0.094442305070828458,-0.06549316420760036,0.1966975025278617,0.97827436741508145,-5.99940350307625,-14.334663645275995,0.21706408077339565,,0.07818626982175092,0.5,0,3
0.90110660424513467,-0.30101147975051301,-0.31208809148092687,0.39835506928544451,0.8589601108154471,0.32171535058573647,0.17123120790437066,-0.41422170040489298,0.89392407751066227,17.402982947357607,-8.3437651696436586,4.4071680164170282,,0.348929210887205,0.4545454545454545,0,4
0.239353727592992,0.94822741714281511,-0.20874519986338977,-0.95245407542682403,0.27105265224720515,0.1391463039846606,0.18852328049918834,0.1655150297961562,0.96802053057846005,-21.304223953656081,8.4804983527050357,-6.767561078889841,,0.1073421831101165,0.1,0,1
0.96435649120543177,0.075371583738846143,-0.25364479540224377,-0.0063236288157474682,0.96486471681225627,0.26267106800979489,0.26453084808496091,-0.2517045939499391,0.93095017471180908,-7.7860800199761284,-17.721318561897551,0.39438028912773482,,0.386032901160193,0.2941176470588235,0,2
-0.97570125133502372,0.07131061244071292,-0.20717592692347175,-0.046275270757495081,-0.99129345645754741,-0.12327158026394455,-0.21416271257992084,-0.11068911300475784,0.97050618380442621,-19.657191506234941,10.368485010498677,-6.7693958402448304,,0.4879093992510897,0.3157894736842105,0,1
-0.66764777243271678,0.741890815128047,-0.062003793386148698,-0.74309843589190983,-0.66916252911726415,-0.0051209569792844594,-0.045289806144736496,0.042655926364669215,0.99806277628481044,-15.017971364701364,-3.6525575005035433,-3.5395032564121087,,0.08495300618391927,0.2758620689655172,0,2
0.25286117198538327,-0.9216006380442423,-0.29447154643296541,0.96282579552091097,0.20981004358368846,0.17013592533893221,-0.095014289355350959,-0.32654557043061305,0.94039368099240306,3.8487718265207658,-6.9994408797273051,1.0963982983734399,,0.105743602654537,0.2727272727272727,0,4
-0.96305966847212299,0.21265037184442354,-0.16521469158883101,-0.18977165898352163,-0.971229016189607,-0.14387812744823419,-0.19105703967403601,-0.10721015560942289,0.97570650819044802,-32.684378012602963,10.220898449105588,-9.1884344443272621,,0.4948653868891237,0.25,0,1
-0.086695314729020034,0.99235400010944141,-0.087849080079570027,-0.99299428318147953,-0.078969979146869054,0.087898213647623902,0.080288703893738614,0.094853997598064288,0.99224817619723038,11.888276481655891,16.278880805148827,-0.41195788650128268,,0.2441762378133154,0.1818181818181818,0,2
-0.71232151132238564,-0.61202345450767304,-0.343548185324688,0.64866372512842219,-0.76099925362250664,0.010747450325873447,-0.26801760429104476,-0.21519160559483314,0.93907355232250389,27.579364222987461,4.7862406230483394,4.966421946379131,,0.2577620370067381,0.4,0,4
0.5346378959165996,0.8237359846697937,-0.18873618574602297,-0.81162130786634101,0.56272211126213079,0.15689065655424408,0.23544250437676426,0.069302619407756838,0.96941424276519783,9.1808816358261378,2.4110806625656478,0.77752194609767877,,0.08228802535078822,0.2083333333333333,0,1
0.90445009440870949,0.38261970075393503,-0.18860591538720425,-0.32552155822801765,0.90480371039955743,0.27452861558678665,0.27569138878985566,-0.18690214081749706,0.9429007624903889,28.609858434237374,5.4296834084202672,5.1400314630929183,,0.1659588722059566,0.3529411764705883,0,3
-0.18821840071808735,0.9780824664832426,0.089042250584662294,-0.97748830982515322,-0.19535932783956636,0.079695277032196185,0.095343787350257642,-0.072037641439244474,0.99283439728364553,11.598749925778177,-3.822095208768618,2.3629449727606842,,0.3998668795035254,0.2,0,1
0.91646640310964278,-0.30791657763908775,-0.25549307854873021,0.37064776976355568,0.89385744854711691,0.25226789816808542,0.15069692346089306,-0.32589299300824631,0.93331891353789209,10.331096935944055,5.7599530307237483,0.65063554559695114,,0.1691205287719168,0.4411764705882353,0,3
-0.58387606825921723,0.81155878635763101,0.021472615115231377,-0.81165314522777343,-0.5829637711911112,-0.037046097237111705,-0.017547329028126633,-0.039058645193696243,0.99908283614503746,9.0810203949484087,-10.707881922446321,2.9013202286899693,,0.3336684427915611,0.2727272727272727,0,1
-0.7258315254808676,0.65293696907844279,-0.21642992175014442,-0.68454376674151829,-0.7165501800718892,0.13399877183869249,-0.067590147458421151,0.24541628684665667,0.96705864254291685,16.497046616864665,-6.9295955247145606,4.0040954815067433,,0.06257929620361094,0.1428571428571428,0,1
-0.012456997431491222,-0.95630447159235832,-0.29210713929558868,0.98972213459558223,-0.053412186415455823,0.13265456883909513,-0.14246023833532445,-0.28745242381093472,0.94714105841667651,-2.3825906466093127,9.5231272182958779,-3.0379599728488915,,0.6943693417854734,0.3,0,1
0.79643692624173534,0.59496548601862231,-0.10818638068279049,-0.54710407075097334,0.78514158189333083,0.29022376220728963,0.25761474780441318,-0.17195571182331681,0.95082378750481711,-0.45474922988634781,-3.2993993295511177,-0.54900686025919354,,0.4969734740200862,0.3623762376237624,0,2
-0.75064510670992679,-0.59111132605191063,-0.29515982786550443,0.60649209440600327,-0.79369345452674378,0.047096068460367325,-0.26210544289553056,-0.14365966885161466,0.9542864540325311,23.271756497218778,-12.290003422582046,6.2611016776626771,0.4866206527725256,0.4527057366943695,0.4761904761904762,1,4
0.35179091203806223,0.9341869275545448,-0.059480573245634612,-0.91250738500860717,0.35640923800591839,0.20075539187976085,0.20874248851679414,-0.01634746005475271,0.97783400126891462,30.542393724038028,3.6151445075887874,5.8565409425150028,,0.1950842560168665,0.3,0,3
-0.62770450517281717,0.77710869178029929,-0.045707060124892292,-0.77542959623839769,-0.62935762548790852,-0.051165618512609687,-0.068527333694699141,0.0033257179275706641,0.99764369598417335,1.1106506686411923,15.186268402859623,-2.9304335057252451,0.8040842310332635,0.4372082063797452,0.5,1,2
-0.83993804693176055,0.51563382085621423,-0.16919172587830877,-0.5315301347306649,-0.84455320323171346,0.0648506189966922,-0.10945224159267256,0.14440100311380855,0.98344728232379863,1.3680749904226419,-16.10034796495081,2.136542663986372,,0.156424976908289,0.3888888888888889,0,5
0.66334660285315827,0.74720016207092432,-0.040782377129821405,-0.6972709864464256,0.63696494182593477,0.32876866387281073,0.27163294340562538,-0.18965120797366017,0.94352952437691551,22.151664183991137,-10.406586252612689,5.786060119895847,,0.4497435221393021,0.4,0,3
