axis_00,axis_01,axis_02,axis_10,axis_11,axis_12,axis_20,axis_21,axis_22,location_x,location_y,location_z,dbh,dbh_approximation,score,reconstructed,number_clusters
-0.18967822374921506,0.92153918657629397,-0.33880333386737271,-0.97992672542806558,-0.15611278812284382,0.12398552405963367,0.061365985913799957,0.35551979549501272,0.93265207381102899,-12.816892443841922,-16.532766995375262,-5.4527945917269935,,0.07602641507763318,0.2727272727272727,0,2
-0.91204751864786493,-0.070056167358048732,-0.40405625492420505,0.070358467829274643,-0.99742183196135181,0.014120025905725917,-0.404003724899895,-0.01555064442274106,0.91462515148286194,-10.01191162053841,9.354969480699987,-7.6611812689231273,,0.07457031134363411,0.3396226415094339,0,3
-0.84925362691131412,0.39690417316362719,-0.34818867658681352,-0.43058491067736754,-0.90228932772966253,0.021693403654522672,-0.30555672447999366,0.16834799194065836,0.93717343204692161,-8.4721963841398313,15.980153009046781,-7.8911008720005071,,0.2503970655716132,0.1666666666666667,0,1
0.9005721690189471,-0.16044689362526851,-0.40401307245497631,0.25452489215865637,0.94804662825284292,0.19085248211652669,0.35240154321474315,-0.27470781747962064,0.89462213663392542,-19.922212191525396,-20.310658491284531,-7.6409014767912531,,0.1153381415204721,0.4074074074074074,0,3
0.39622177765951427,-0.6483186838409376,-0.6501470503594472,0.91724963332284204,0.31093585918366695,0.24894176355691594,0.040760435196979958,-0.69498329163834571,0.71786963389328806,-12.826976423579605,13.734543651563394,-9.3266767269314563,,0.4114364631851942,0.2307692307692308,0,1
-0.28755720553074249,-0.81101101515949003,-0.50948207705210213,0.92300589833019842,-0.37666532746478748,0.078634233852111476,-0.2556774632129597,-0.44764312166704673,0.85688077958906728,3.8173804312005171,3.8385368613399922,-1.6163627068940514,,0.1024741582739779,0.3478260869565217,0,5
0.64004951089317563,0.69084616049159897,-0.33625616148915705,-0.67446370663094413,0.71481070477870878,0.18478193843396384,0.3680153964755466,0.10852298773891876,0.92346490409173887,3.4045297623197759,15.136058007986833,-3.097628283272825,,0.08495937009627658,0.2272727272727273,0,3
0.57237570845184327,0.745941366332315,-0.34052536817178658,-0.74173344473877412,0.64804431477449098,0.17282957803690219,0.34959626046370068,0.1536556021846934,0.92421448300005404,14.019692723149928,-9.9898282437982964,3.8250266497841805,0.2819616836528174,0.2889950604361328,0.7560975609756098,1,5
0.899301919969273,0.24176835601061344,-0.3644229942957829,-0.1391141319107799,0.94815723039409228,0.28573611034329272,0.41461224661397672,-0.20626664413649037,0.88631301269606855,-1.926763243477865,-2.0610497559847141,-3.1184024670958661,,0.149591577700446,0.184549356223176,0,5
-0.93384412975982967,0.14346764772472734,-0.32764641821549167,-0.15467477313268255,-0.98793092111655145,0.0082589138605949058,-0.32250714080382858,0.058391173632125849,0.94476431715661435,9.5350479874232743,14.005306828257917,-0.59585640606752099,,0.3024982348411348,0.391304347826087,1,4
0.91490313068010787,0.044180758843987832,-0.40124845422718758,0.085914692201868703,0.94990750340236474,0.30049026713646659,0.39442480542632741,-0.30939262358345948,0.8652775724220223,-15.978553732105608,-11.306053264472226,-7.3167267812403782,,0.2888389103297989,0.25,0,2
0.4022874655264348,0.89334176591413084,-0.20026303791199504,-0.86575059339214744,0.44234392827259228,0.23411057037544852,0.29772588923616244,0.079198095897536555,0.95136058173793514,-10.913107111849733,-21.595815923103004,-4.2278540225859267,,0.1360857941157914,0.2857142857142857,0,3
-0.75114196753109486,0.62396492259830605,-0.21553078661853745,-0.6158697368759809,-0.77991609529722861,-0.11151390718934683,-0.23767669598390534,0.048976113190145866,0.97010882303118984,-12.577388542181895,-1.8853875077238629,-7.1997860985424573,,0.4644901610358459,0.2636363636363636,0,2
0.3135745517504579,0.94084750484909352,-0.12836266245966918,-0.91183899761556753,0.33607725146251777,0.23580017700764591,0.26499177897047466,0.043105146660638936,0.96328671921158993,-9.1437851338190157,-30.129725097640382,-2.4886889590811876,,0.294157951689126,0.1111111111111111,0,1
-0.028363629325641466,-0.90597130838777551,-0.42238784654582434,0.98794784541531133,-0.089732286819060536,0.12612363553856581,-0.15216622250263265,-0.4137198388769423,0.89759753545167198,-16.623857617515601,8.7457445460826424,-10.109287023385789,,0.1154420451194609,0.6125,0,4
-0.91215641662945968,0.25427782715849573,-0.32142410957683254,-0.24493621620604636,-0.96701549775756701,-0.069909062984363363,-0.32859841994807348,0.014960404815406871,0.94435124010899185,-5.9740971725365482,-11.694022756980626,-3.3778921949582452,0.5860061518940672,0.3685138139285308,0.6,1,3
-0.25640404438580078,0.90901437888088221,-0.32855718681898705,-0.96623858890779324,-0.23215711422698537,0.11174105610416205,0.025297338359586113,0.34611549127654023,0.93785079376749392,17.821579248895642,-0.12049863982672862,4.1008445366399791,0.1727338995238976,0.1426085565589724,0.4666666666666667,1,5
-0.80312487772148311,-0.42491767582045531,-0.41765464149246051,0.43376005180804589,-0.89755262135997882,0.079066486865881663,-0.40846376612905888,-0.11766163633561201,0.90515915235636457,-21.617531338204174,-15.07396972800602,-9.1105594321263403,,0.136338741823725,0.2857142857142857,0,1
0.57875544187179229,-0.59938413596509976,-0.55297449855952396,0.80373138992724535,0.53402688175654145,0.26235689891253633,0.13805068398745621,-0.59628344527980603,0.79081480862199316,25.423665839494987,5.3594495950781953,6.3637361638900929,,0.4972711623698295,0.4090909090909091,0,2
0.73748420593212527,0.6148296876821816,-0.27946645799683018,-0.54693894337444593,0.78646860310512845,0.28692321019797795,0.39620050255029671,-0.05875024659096667,0.9162824729876663,-18.589189908381435,-9.1821789825834692,-8.5805788724715892,,0.2573817591403287,0.2592592592592592,0,1
-0.71996011311315145,0.6041230754368595,-0.34160319853714499,-0.65961108048948236,-0.74869185582250608,0.066134163036582094,-0.21580235870257641,0.27293921438621066,0.93751454774240295,14.593330213423823,2.449167554392933,2.6179835948443819,,0.1307410938940588,0.5,0,5
-0.90094910217499402,0.15351789207040498,-0.40586077921416902,-0.18584645191991772,-0.98171402418840614,0.041214936862555125,-0.39211198859362961,0.11256034615292448,0.91300512423265412,-13.98540246049623,-18.569478251947853,-5.6851613244353469,0.8282072286600654,0.5909366003113063,0.9583333333333334,1,5
0.87419405950102369,-0.19983239376688525,-0.44255142157100441,0.35948222812468544,0.87902772418106179,0.31318171687308799,0.32643111676988146,-0.43287096752087661,0.84027700877859801,-11.391171890712162,-20.283595785790624,-4.5433953855551117,,0.2101058484441014,0.3,0,1
-0.64306431628113114,0.68616836623127253,-0.34006066857163608,-0.74609520476149516,-0.66146535084329761,0.076194061879231959,-0.17265639448854656,0.30271531645633609,0.93731169128788538,13.751057929631097,-13.61082752831895,4.0725811591040202,0.2068937052358419,0.1687462780804726,0.5,1,10
0.52937711746096272,-0.74449120086883158,-0.4068079637096701,0.8412057218286032,0.52287248739605563,0.13775810497782506,0.11014899487304394,-0.41513517527806271,0.90306698819927611,-3.8036222369145216,-1.8586400218413976,-3.820307284090882,0.1130479505718842,0.09258490451992007,0.5135802469135803,1,5
0.81967130351817308,0.49126195506206044,-0.29461949307101348,-0.39931515177531463,0.85877656926177659,0.32101435115837229,0.41071445525020933,-0.14548022407040551,0.90008285210470962,18.12988170810948,-1.8819719684061247,4.4612221283826745,,0.6271492059325285,0.163265306122449,0,1
-0.8878339540027127,0.27026186935834806,-0.37243709816671183,-0.30872294360325092,-0.95001145696208544,0.046565821518796652,-0.34123454428421179,0.15632259469349793,0.92688846803455238,0.44391344495981705,-4.7647509427435937,-1.8605048222227734,,0.06998805753738295,0.2769230769230769,1,5
0.90181312767205213,0.29122279289819469,-0.31925282716825926,-0.17790218911994707,0.92349016722100308,0.3398775105129121,0.39380692460224942,-0.24971022394507453,0.88462472845417295,-4.946733967821614,-16.177940445153315,-2.4834930709789536,,0.2485664780415826,0.4,0,4
-0.57535751578195793,0.78725931380843817,-0.22178030087246633,-0.80705631073260187,-0.59047005219180604,-0.0022866506704933395,-0.13275481286905175,0.17767354976606273,0.97509397976483814,6.4409653538187408,-5.3235161472342192,0.45044758783528144,,0.3870874653914425,0.2985074626865671,0,4
0.87289757156869319,-0.26686834585018748,-0.40844964871164036,0.36365329890114217,0.91397867092208618,0.1799979647046413,0.32527850797092994,-0.30565384846698945,0.89485731665418267,-5.7999626423807626,-18.62682810657228,-2.5465245583884162,,0.09480085030325373,0.375,0,1
0.89439258310434944,-0.10975245210987522,-0.43360847148527792,0.2245990456555112,0.94854861121836498,0.22318333460710044,0.38680379519669034,-0.29700156802882527,0.87302513858986686,3.6688751474448815,5.0858677800025847,-1.7575107380451798,0.5327551717348995,0.2281236056981673,0.2874251497005988,1,3
-0.86423665131218674,-0.284448179323251,-0.41495089324929274,0.28610129649539756,-0.95633825383265092,0.059692481938425794,-0.41381283048299844,-0.067129557841567725,0.90788356290421146,-6.6488147394716881,3.6697791442482766,-5.5759547440175457,,0.1262064946685013,0.6778309409888357,1,3
-0.76395722152154777,-0.37082487734113467,-0.52807033057160979,0.50500282332178603,-0.85303164394764985,-0.13156429173979864,-0.4016733898605952,-0.36718649862011871,0.83894729459543294,-10.415374010157739,17.932172274598997,-8.9002136720703895,,0.302282533432104,0.2424242424242424,0,1
-0.75246129356778935,0.56106356137573898,-0.34497779896489233,-0.6145980234395797,-0.78643879041812725,0.061508523879500898,-0.23679373147626021,0.25830545681817396,0.93659330539541208,-11.85215086921159,6.2448326540806649,-7.995067704628136,,0.1134523846596664,0.3365384615384616,0,5
0.85557842916219784,-0.28688442271266035,-0.43090936350602704,0.41412074657815123,0.87877571562562085,0.23718610600166337,0.31062768518903872,-0.3813798233146336,0.870666337676264,-14.1737363857538,18.771050070984995,-10.54621060040647,,0.4955656627512373,0.8260869565217391,0,1
-0.91117948215725786,0.059114892049432571,-0.407746711615943,-0.087746978128474359,-0.99479187991211004,0.05186119445453316,-0.40255734886467065,0.083033398093259853,0.91162110313229006,9.2229165341749795,4.9982211129503309,0.27901199128807463,0.1158788184774264,0.1374109926992951,0.15,1,5
0.86608493788109964,-0.2234207603566,-0.44719128369990646,0.33756523837842611,0.92119173971497803,0.19353420503727106,0.36870935737245392,-0.31857329223048625,0.87324937289609383,16.143318774812471,1.5285830340461806,3.2400604463290166,,0.2229849705264551,0.6153846153846154,0,3
0.28096081996887812,0.92444579862162746,-0.25780027744988432,-0.93156928960807406,0.3272784892055865,0.15832703231734446,0.23073724515457877,0.19567512850163293,0.95313774858849531,-2.2519234333552438,-20.800356310421218,-1.0626585168742639,,0.1453513556141789,0.1578947368421053,0,4
0.23105679961597531,0.94298601158704054,-0.23956238707775093,-0.94272120737251164,0.27787762475645061,0.18455554944197244,0.24060232858669112,0.18319772818154809,0.95317842603983782,0.78183242544283105,-7.1481983553997939,-1.4980006580550642,0.8317082808043571,0.5329395142204784,0.3066666666666666,1,5
-0.14657064596297381,-0.72672463490630523,-0.67110979039371321,0.96857739948282673,-0.24324451822068402,0.051864492349503202,-0.20093498190479658,-0.64241996340079943,0.73954156318021402,-31.384484420826148,6.3978718481873891,-15.858762889335166,,0.3929826875393441,0.3207547169811321,0,1
-0.095192360389512315,-0.88568132462679716,-0.45443041902011194,0.97833522431546605,-0.16754605941900219,0.12160800482193061,-0.18384396478285525,-0.43300913290655363,0.88244234227083329,4.6594332289424019,-13.786222109212867,0.71073194448185828,0.1940601936660474,0.1599362964723194,0.2702702702702703,1,5
0.8412786625837908,0.45878759390523016,-0.28594432248232826,-0.37231185861413474,0.87520829113313547,0.30885972069388679,0.39196184995037037,-0.15337663058780118,0.9071061224426924,4.2637312894782422,-10.313228958495518,0.25054550344027315,,0.2680190322777095,0.4545454545454545,0,2
-0.033824510581137758,-0.83302146388005094,-0.5522057073220854,0.97659741508264319,-0.14497101335108609,0.15887383089061494,-0.21239913214946748,-0.5339088367906053,0.81843018190866901,-14.09877675171386,6.1324431349992983,-8.8267724606688578,,0.3215711942706526,0.1917808219178082,0,2
0.071961169529280763,0.98745854393829413,-0.14052478102897648,-0.98268819137797436,0.094307348567106861,0.15946799845902521,0.17072055706991923,0.12661653924154581,0.97715031770154515,-12.710538523654803,16.166220743338194,-9.6825314197732908,,0.3297092930122356,0.15,0,1
0.12732930732220737,0.97367735098916186,-0.18904936833424349,-0.97407790041926567,0.15868403142157678,0.16121917406621564,0.18697457423843364,0.16362088602169858,0.96864271754131914,4.850433300400363,-33.854217121636943,3.0854809888697461,,0.3819697726848035,0.2631578947368421,0,4
-0.47937607236545293,0.83262366266551313,-0.27737414734062371,-0.87503357404961235,-0.4776667175787791,0.078426725058978145,-0.067192451431940844,0.2803075869236879,0.95755565435309598,-4.5312465081209421,-10.570157144163698,-3.0165046951685328,,0.08666627366618251,0.25,0,2
0.81685183121403326,0.52392553059586378,-0.24136098324319843,-0.4156959690337621,0.82473915615914595,0.38340864052207019,0.39993742907030144,-0.212855262297513,0.89148342112509027,-17.075327433002208,-19.410392193598359,-6.7970566226713487,,0.4556935072138292,0.3333333333333333,0,2
0.75032397840122889,0.56755438942575742,-0.33896303999065758,-0.53424094812046186,0.82259320333853081,0.19474863586840502,0.38935913600107325,0.034963364609409013,0.92042220005152386,-5.2722017760137323,-9.8614206329725533,-3.3687898163497452,0.5011604310253839,0.4790691625823105,0.6,1,4
0.5574940662607184,-0.64037722225618066,-0.52831560576945624,0.81928369877008655,0.52716241567954381,0.22555267328168313,0.13406933659004799,-0.55858464059653989,0.81854053795516968,0.1440778441901909,-12.770628321780963,-1.167560772567843,,0.1816831414680933,0.2857142857142857,0,7
0.56621504340095385,0.80660158338736121,-0.16968915788422531,-0.7440395744187549,0.58875061660095618,0.31587627823366471,0.35469090251261526,-0.052598451773750353,0.93350295476007494,-2.8165967405978773,15.717051635578233,-5.5967492230730418,,0.1570060715020467,0.4230769230769231,0,3
-0.91883474509157459,0.044306666142625087,-0.39214746020830887,-0.092505457499448884,-0.99017385489533649,0.10487362592437972,-0.38364756163087876,0.13263731155687311,0.9139047499808971,-18.137633882744623,-6.2773558110692518,-8.9402627011163158,,0.1420674982965697,0.6842105263157895,1,1
-0.91439672987264753,-0.030419603059842832,-0.40367470585595416,0.049011975632382368,-0.99815627656745631,-0.035803265124897343,-0.40184132022829644,-0.052523283395790696,0.91420176003905518,11.681031518483859,-1.9397960472110602,2.0633954297492383,,0.3751511747849459,0.1428571428571428,0,1
-0.76364656261573838,-0.43559105335147175,-0.47655467854730271,0.50689123760495003,-0.86165698527031609,-0.024668055744080149,-0.39988148324783668,-0.26039906677065161,0.87879868307848785,-9.4916710665214197,-12.091817871470599,-4.7223566092243807,0.2593174095870561,0.112294056515532,0.4375,1,4
0.91140941357197103,0.14926160148279455,-0.38347601642761114,-0.074362973690316289,0.97629524301486437,0.20326767232022674,0.40472586894876317,-0.1567436531070435,0.90090421145332089,-6.9274194951927521,16.247387196872793,-7.3157690395661898,,0.09152309709952303,0.2857142857142857,0,4
-0.92328500559445204,-0.014998638197074971,-0.38382266647071012,0.0026449377489914929,-0.99946192235724274,0.032693578303229762,-0.3841064992274365,0.029170303567133165,0.9228278770393995,-6.3206042607080812,-10.053341478210495,-3.753822300187112,,0.0761389659815859,0.4,0,5
-0.48002244106376096,-0.67672831944842027,-0.5582268694103717,0.77469286528807346,-0.62557778989474755,0.09221384528451812,-0.41161805177487282,-0.38818965783096177,0.82454797859562923,-8.8998322089920325,13.082188682178117,-7.7723124271456996,,0.3469178173125274,0.2894736842105263,0,2
-0.7436800008850265,0.55345024670099208,-0.37501050746647002,-0.62713101341613131,-0.77187049195033886,0.10451141405606942,-0.23161767699228916,0.31290376808685794,0.92111046222575432,-4.0524550413689333,5.1563713139034064,-4.7467573149448699,,0.0683437124617699,0.2513089005235602,0,4
-0.91946018517570371,0.016061811101223889,-0.39285491736875178,-0.047994552318296961,-0.99627830493274572,0.071596522737496046,-0.39024286133691988,0.084685047939309394,0.91680911417322297,-8.4246663081197983,17.484330199253602,-8.070589418503662,,0.07088632086588517,0.3,0,1
0.70968436583054528,-0.57289393655202137,-0.41004955597784332,0.67166756758876078,0.72584262495330776,0.14837507354771806,0.21262826610094804,-0.38071645783026192,0.89991343983301209,3.2595641323394173,-5.7906581901369778,-0.74972239990839762,0.4894014304879862,0.3621337724113929,0.8150470219435737,1,5
0.30597101090661633,-0.85274080187830825,-0.42333776738760553,0.95203613549540533,0.27265989347509806,0.13886604769029007,-0.0029895143011989412,-0.44552183706535337,0.89526608083974402,-0.25008536334808379,-14.865615501910471,-1.0948605941988014,,0.1014672628054653,0.3333333333333333,0,5
0.91298784533628985,-0.072293109611918191,-0.40153069692221466,0.14979023289233412,0.97484015675766433,0.16507439202600249,0.37949450641380911,-0.2108562901014176,0.90084601599075065,4.1888155024675227,-12.7389110301842,0.5041486087766669,0.08242717203260894,0.09443949114618817,0.4705882352941176,1,5
-0.80491872850147661,0.54756813648653413,-0.22863721572008011,-0.52700627512162712,-0.83676067240549867,-0.14864710928210456,-0.27270905098656739,0.00084440521204755432,0.9620961804777336,-13.159042586597657,-14.336904660719114,-5.8671242857915686,,0.09943814613829405,0.4444444444444444,0,1
0.55461394903130912,-0.70664509517130314,-0.43938147094550617,0.82118986155237383,0.5500677820594585,0.15189682822159778,0.1343524425661469,-0.4450597090397293,0.88536505271327604,-7.9384781268195583,-7.6150609652579551,-4.7643458978825715,,0.07675522656470381,0.2843137254901961,0,4
-0.32238403170028135,0.90228040215050598,-0.28628414556135284,-0.94621729285944411,-0.31585911831640562,0.070041788027781007,-0.027228125135927657,0.29346736321353473,0.95558125553512108,5.1128309780657029,3.8996445530323394,-1.0657778285420156,,0.1344450215473552,0.2,0,4
0.57863686950846893,-0.69281133011480156,-0.43033920819511806,0.80410888864223828,0.57282003428182238,0.15901604803264027,0.13633880024404693,-0.43805213067617194,0.88855054012593038,11.036637739404897,8.4162738416845482,0.61873373190171899,0.1659322972211459,0.1500678650705845,0.4347826086956522,1,5
-0.90881576810700071,-0.028421075034797481,-0.41622847347814707,0.095719467754978457,-0.98526771982262273,-0.14172262969700128,-0.40606856949631764,-0.16864092851201964,0.89814728975698532,-9.8105224610987065,19.720875484125603,-8.8805132826092805,,0.4103971375092306,0.1875,0,1
0.38363543470821931,-0.82748886115686426,-0.40998297269222306,0.92283198946724299,0.36020143165717361,0.13651391082250083,0.034712713120221679,-0.43071697585936763,0.90181922481969468,-4.8881418052049028,5.0389306615279263,-5.0774723802716366,,0.352648095391901,0.9589153656532456,1,4
0.72100853835109313,0.63903506736432769,-0.2679195220649101,-0.57111875898014797,0.76699853968090503,0.29246641391506079,0.39239017669380616,-0.057856916665417923,0.91797741063066196,-0.84243712664363435,-7.3856159056602575,-2.0396895210963879,,0.0854695160513616,0.3023255813953488,0,5
-0.54748716478863801,0.75036609584192082,-0.37041669320192905,-0.82825728452685599,-0.54904845207552633,0.1119627969535742,-0.11936362519585904,0.36809851872076554,0.92209316530146812,6.1383043956599286,-11.732864078395245,1.0444788023610123,0.1478285860376381,0.1410775881805846,0.6388888888888888,1,5
-0.55566430859063798,0.78495210001988192,-0.27402075985747015,-0.81661502507239869,-0.57717695147943759,0.0025821516044653636,-0.15613160149211897,0.22520427916733715,0.96172031051664186,10.991504180223087,-5.712212808707859,2.1209499873821414,,0.2858717463576159,0.4583333333333333,1,5
-0.78394755270699035,0.50827954711469125,-0.35648020504595246,-0.56741001920356482,-0.8196203954812108,0.079172453660558306,-0.2519367077504393,0.26433749127981693,0.93094231077535727,-4.4760901121751386,-6.3661914991997994,-3.5473005744161612,0.3919904051817667,0.1900181328554982,0.4157303370786517,1,5
0.88539059890431249,-0.10392209089773351,-0.45308242781563057,0.29340239239710186,0.88094052508755116,0.37129345186001717,0.36055308001391412,-0.46167519998578344,0.81046744919865044,7.0928901184147026,9.2686538037600847,-0.94200872347414633,,0.5261020215379292,0.1720430107526882,0,2
0.73043225561947789,0.62239774742676757,-0.28122902401553318,-0.54628910506275741,0.77955042404993513,0.30638105367874846,0.40992308259035037,-0.070158252270522289,0.90941788304275872,-2.1046729084807079,13.609252257261696,-5.1184098588775324,,0.3081258578343614,0.1717171717171717,0,4
0.52124879079874598,-0.60972252969238661,-0.59710814336798623,0.84683016333711014,0.45622437876539496,0.27338249885933613,0.10572782298567737,-0.64814948353419821,0.75413783517409028,-9.055387685133848,-8.383867190666157,-5.0332472550211032,0.4871128126128029,0.3536670854452195,0.2,1,2
-0.32440775004393746,-0.83745887239608696,-0.43979796356566414,0.90624969507490394,-0.40839786000367351,0.10919101666833292,-0.27105553284903511,-0.36314435833356273,0.89143427863327718,13.774470503680211,4.9301553509588318,1.9661543089399853,0.1965797950570806,0.1324238759582271,0.4137931034482759,1,5
-0.092936345151386435,0.93411302430913046,-0.34466751161946468,-0.99055314381935822,-0.051685477774142466,0.12701606456211126,0.1008330551926806,0.35321589602297071,0.93009205231374903,-0.36273044488329326,-5.9870489699037899,-1.9412708101064875,,0.102644497563466,0.4958677685950413,0,5
-0.83305831114354445,0.47075011983150455,-0.29053085019200697,-0.47962555612431451,-0.87633534679415548,-0.044673100089541763,-0.27563232057780979,0.10213072328047093,0.9558222320155042,6.396189616287943,0.81098595725953571,-0.23598615788528415,,0.1730360617998651,0.1454545454545454,0,3
-0.75071991674330296,-0.40077895364789462,-0.52516267662299376,0.52648735580137851,-0.84314527244266246,-0.10916553365811542,-0.39903717970409847,-0.35844424931987318,0.84397100029758843,-8.682250432300906,10.860046977253297,-7.3484029188205744,,0.1280410539119025,0.1956521739130435,1,3
0.50803381344858445,-0.75177573083807037,-0.42039849537762852,0.85722442717312175,0.48893391961311805,0.16158559251822646,0.084070957236148935,-0.44246680414991346,0.89283548393573575,-4.7993846521098931,21.970194662819896,-7.2055699628540166,,0.1177946690830805,0.45,0,2
0.42692688162554288,-0.7665178739249584,-0.4797747249481274,0.90254368469008395,0.3941075999608723,0.17347650238325399,0.056110025588444322,-0.50707943027364311,0.86007099498926354,-2.5889140500786616,18.69427316187701,-5.914688938884705,,0.08420039088574408,0.3571428571428572,0,1
-0.86982884033681496,-0.24540613796901312,-0.42798786894659135,0.25169533905683139,-0.96685729025003631,0.042853664807378233,-0.4243197436077864,-0.070447198223138691,0.90276793665212307,8.6712325158241743,-13.740572785063291,2.2086107873557999,0.2902537851238737,0.260770432688482,0.6666666666666666,1,6
0.64118882818459022,0.6828093193645085,-0.35021182161693287,-0.66972630673054889,0.72071198150536342,0.17899975918328187,0.37462455963848995,0.11977342402883384,0.91940783453920938,-16.579643643508735,15.759940873949802,-11.105852252842139,,0.1592823493796162,0.1764705882352941,0,2
-0.91878171390870766,0.079201440240417531,-0.38673931019592489,-0.12718592011648264,-0.98681860441119928,0.10006389814541219,-0.37371634150930555,0.14112467485091076,0.91674419672944951,5.1986195343254238,-8.5693203598382084,0.3011250676100749,,0.08075724578725282,0.4,0,5
-0.19496595070240594,-0.88539234499929975,-0.42198184022934832,0.95638600989602374,-0.26703162985594492,0.11840569552027383,-0.21751799498402219,-0.38049244942983818,0.89883892760884154,2.3496456287393142,3.6746385330307421,-2.0829953102194758,,0.07160119445968442,0.2608695652173913,0,5
-0.7119809922650242,-0.56729697487220221,-0.41383234401646318,0.58278233618818387,-0.80614536613002752,0.10244216560639248,-0.39172415713146252,-0.16823730551792937,0.90457083401561933,9.1996216233977979,-7.2980976291594173,1.7349803105043418,0.3436930260127385,0.2693510163377782,0.8111111111111111,1,5
-0.21094459743757146,-0.87721374418591058,-0.43127534571690551,0.95058774511378874,-0.28690403191909553,0.11861288002594392,-0.2277834841497145,-0.38494431218021924,0.89438949058489881,-5.2880494001904248,15.073764041244432,-6.4244162058335652,,0.1091131105284407,0.3409090909090909,1,4
-0.87860457653947388,0.34152257134091762,-0.33379084970768735,-0.36952739492832493,-0.92895465701952462,0.022197963853102264,-0.30249545861281607,0.14284809577458715,0.94238575915184375,-6.914976246262623,-14.575922478592615,-3.5021106725136963,,0.1767484359978579,0.3846153846153846,0,5
0.722420455809341,-0.53576394128769411,-0.43711060870688007,0.65473765248075855,0.73329279531200586,0.1833037991081726,0.22232249425599829,-0.4186151879224882,0.8805305406335493,7.1622351750909656,3.8104983857088857,-0.32767141522348325,0.2814399718732977,0.1726692612368922,0.6288659793814433,1,5
0.10465314411235944,-0.75616076274040411,-0.64596332737954043,0.98994112956697711,0.017025147207341898,0.14045178658253185,-0.095206509331318676,-0.65416438702700552,0.75033637478568715,-13.486950659242387,15.279052562002141,-9.7862184040824669,,0.113330431608052,0.5,0,2
0.53806923057265144,0.77626599266696994,-0.32847010783284292,-0.77210544767148548,0.61023924250111983,0.1773731788847335,0.33813411656762865,0.1581745097682444,0.92771016145809571,15.004666632335676,0.15998954999425349,3.0455804980155388,0.2278163997936311,0.1242283387847489,0.3214285714285715,1,5
0.51101294996089119,0.81885238445446407,-0.26143170703934576,-0.77836783946026944,0.56985827513652654,0.26344838726470754,0.36470436173182813,0.068864495436048098,0.92857331956185263,-3.4990018471540552,-21.465023038928042,-1.4260411869220853,,0.3245110400500038,0.3529411764705883,0,2
-0.74820926153281753,0.57238195878254949,-0.33550230135837977,-0.6193211475656647,-0.78391731024964195,0.043760334424182444,-0.23795843572873271,0.24052555779213969,0.94102244336376817,3.9902374458950858,-15.78401371679846,0.52553708152799838,,0.1141938715480587,0.2608695652173913,1,5
-0.32167572265540745,-0.84288831192952141,-0.43135139163647801,0.90994127567141192,-0.401148984310643,0.10529181932147548,-0.2617854164838217,-0.35863461349839681,0.89601875522627905,-5.7851943011963316,6.362221085043954,-5.6096677293393915,0.1457885014292895,0.1069857894619683,0.5145631067961165,1,5
-0.23774712865000036,0.92055391866687297,-0.30993029159109942,-0.97074057602300567,-0.21409687859080975,0.10874401427294715,0.033749620460133974,0.32671548693738983,0.94451995940480848,22.611977156578217,-1.0987400414412887,5.9839547028668418,0.7073537945220992,0.6259289582260998,0.8405797101449275,1,5
0.17859528740667358,0.93222718597018983,-0.31473194476288724,-0.96119283823155521,0.2336608574680234,0.14666605408094985,0.21026661895911031,0.27632422518738659,0.93778082275449393,-0.69753216945455976,-29.280181097321432,0.37416665025739604,0.2169172615359198,0.2100003352258525,0.1538461538461539,1,5
0.42802045500299701,0.84441165649199956,-0.32212954611377309,-0.83702707401598309,0.50480422058134922,0.21108855072575414,0.34085798723701638,0.1792809339101476,0.92286195027914986,-10.256026672544303,-18.942755614274734,-4.221538341944119,0.9735086906494533,0.3164356386000247,0.2105263157894737,1,5
0.773577261718979,0.55450777481251756,-0.3067561699849512,-0.50937671648748073,0.83206776361984736,0.21954178974650482,0.37697954964665997,-0.013578085915775128,0.92612205174645601,-2.4709606192506706,-15.51921663000585,-1.6947364879700277,,0.1100066668902234,0.3333333333333333,0,5
-0.85897337700478704,0.36862693131555541,-0.35535745821055958,-0.4029002263479719,-0.91490721586855994,0.024823254427934545,-0.31596858262451633,0.16449611503168629,0.93440081492565985,-6.6384821531518012,-6.9010564016063354,-4.3116377207496326,,0.08064677336231799,0.4833333333333333,0,5
0.39613472345421408,0.87985367417609528,-0.26255436182375819,-0.87899827438414213,0.44604401124931592,0.16854309139897258,0.26540405894325658,0.16401906007366271,0.95008338235599021,-14.044422632992822,7.6066980021278212,-9.0534265799046363,,0.3278548679983819,0.1678321678321678,0,3
0.91721047059368999,0.042784583454878143,-0.3960990179890575,0.039027357952349087,0.9797862111833614,0.19620358229709836,0.3964868446298847,-0.19541867821052214,0.89700040258736324,-7.6861291142615267,13.168630366537528,-7.2345645021446794,,0.1655449794911203,0.5245901639344263,1,5
-0.59883363943621937,0.7648784472862401,-0.237400996536586,-0.78611247734714917,-0.61802800334540431,-0.0082800990345868672,-0.1530537331746665,0.18166548367228344,0.97137644958245462,-14.450260628512661,16.078078622621391,-10.244214733823183,,0.2168652770248171,0.1666666666666667,0,2
-0.85506860137238183,0.3950702362971607,-0.33582316081411578,-0.41504667025115349,-0.90970132518598734,-0.013407478073385576,-0.31079566995134955,0.12791797116497575,0.94182962588385799,2.4444200910043739,-6.1967068554788112,-0.87067598799049528,,0.1167276696029446,0.2533333333333334,0,5
0.072706451828678353,0.94977530004756539,-0.30436926796580976,-0.97672881166081793,0.1295478268429775,0.17093328824986256,0.20177859235838855,0.2848582805182619,0.93709186299212333,5.6303497093432435,-3.5457364000215086,-0.127440814941777,0.8503903333143471,0.4797899926579213,0.9409448818897638,1,6
0.88290471894542166,0.2703610525514385,-0.38390644501907589,-0.22887991925901469,0.96169052225711682,0.1508818145464246,0.40999175579991026,-0.045345789927104786,0.9109613161446507,-14.457056241089798,-12.271022488338019,-6.6046158890662889,0.2556624981594857,0.2723718096031494,0.8860759493670886,1,4
-0.91457660533098628,-0.05600402853189778,-0.40051614420575776,0.028562731709447238,-0.99683689673665443,0.074164490571501276,-0.40340278052901801,0.056389272850734209,0.9132833331276895,-22.553581671432116,-20.260909968396888,-8.7431899429265947,0.1632600168904086,0.288727334075174,0.8,1,3
-0.55826106236331219,-0.62496110145761385,-0.54568141613387433,0.75310683790624577,-0.65767216271513818,-0.017245784657330201,-0.34810153252727882,-0.42058405587287467,0.83781523917727896,17.541414789225701,-0.94351075607075729,4.1074725645584351,,0.3060141499550449,0.2692307692307692,0,1
-0.72137379900379517,-0.51196413427286558,-0.4663824260508399,0.58201150329754325,-0.81314499074481772,-0.0076048705409071668,-0.3753431125519231,-0.27692589125043093,0.88455050653707079,-0.063767315977045158,-18.691330082093046,-0.68272356940354251,,0.1833214227720368,0.2857142857142857,1,7
-0.73300018679516321,0.56968199461135383,-0.37171649300762188,-0.64198353993159396,-0.76001385872856708,0.10117345994584478,-0.22487298774009237,0.31279603507100778,0.92281676395084045,1.8423393285272744,2.7137780677831675,-2.218852354708988,,0.4342341281214859,0.9485368314833501,1,5
-0.014151547882896149,0.97496966448380018,-0.22188710424192029,-0.98747416649542397,0.021248164392671586,0.15634348727756564,0.15714485100278155,0.22132028566376083,0.96245666237863703,13.18801105701468,7.0577735885703845,1.6239781963180626,,0.3008477253760433,0.4666666666666667,0,5
0.16007369627373999,-0.89862516427359218,-0.40847181774942798,0.9845822019538355,0.1157863287633889,0.13111603131285254,-0.070528712996899195,-0.42316230952880934,0.90330468859474267,9.1734115097161233,3.1142890163854071,0.48817491968212007,,0.0706773047391562,0.2727272727272727,0,5
-0.85714331611893335,-0.31287651794296217,-0.40916209520497471,0.29659994658472671,-0.94926290454236417,0.10453903455518847,-0.42111020804366012,-0.031752520839784401,0.90645351237763083,-1.2251800764557077,-16.628529051555155,-1.1569263206283069,,0.08457255743739711,0.391304347826087,0,5
-0.48764904447827206,-0.74106910434205275,-0.46153547210273549,0.80867407805388902,-0.58264053884668665,0.08109400702970726,-0.32900553931981119,-0.33368635735089514,0.88340747677092357,3.3119598828881012,-14.042546755021474,0.25320608123083754,,0.1074991066656898,0.2903225806451613,1,5
-0.8891878017324274,0.25805031871069417,-0.37782944070514413,-0.29152069989364254,-0.95599011560181901,0.033144839796581393,-0.35264817422435868,0.13961709023228286,0.92528175888823005,8.8849000309663761,-5.4147530753198181,1.3369873916495743,0.6515754107761655,0.4257629831159275,0.3684210526315789,1,8
-0.91243280604438826,-0.087266301213122108,-0.39981366550750291,0.072072701206110298,-0.99599485616207506,0.052912874043503116,-0.40282986507310947,0.019463791287144847,0.91506789946643419,11.199393351594125,-8.5701285492526633,2.6276836508163175,0.1883295503254357,0.1420914573337846,0.3076923076923077,1,5
-0.48355989375339653,-0.75788169183972331,-0.43793283769016811,0.81411306405101747,-0.57320354119325956,0.093046328809749876,-0.32154276246662572,-0.31153337146711324,0.89417962981028898,-1.6848873112970939,-11.908414922091039,-1.8063902777649985,,0.09131820360039571,0.2222222222222222,0,5
-0.91024626807944986,-0.084911312691454022,-0.40526756646004641,0.0857150210027776,-0.99618796118371911,0.016201270540237234,-0.40509834191456212,-0.019990371923471015,0.91405454892387772,5.4540634499798397,1.1555239538922579,-0.61536769432784943,,0.160863075132138,0.5760869565217391,1,5
-0.29538249139445238,-0.80816395186612966,-0.5095294011946,0.91738876009815773,-0.3888314281747699,0.084899842809836271,-0.26673403724154193,-0.44235861850730379,0.85625452174522176,-8.6186022850983903,-9.0029666072594914,-4.8125891959970906,,0.07562848008995723,0.3055555555555556,1,4
-0.073457591913082251,0.96983040452074043,-0.23244992720469643,-0.99121084086202371,-0.045284783090028577,0.1242994665237534,0.1100229573676863,0.23953762728979891,0.96463292187465932,-1.9439128492405036,14.981857275680644,-5.2016719663711894,,0.1773939074664674,0.1590909090909091,0,2
-0.66034599988280718,0.66846918071072381,-0.34218725119254623,-0.7271805468812379,-0.68295642611684482,0.069130111118182222,-0.18748763339559571,0.29448170480632857,0.93708532848299297,-8.9824969769287986,-10.525698201677402,-4.7639057241448715,,0.07648295811979319,0.3617021276595745,0,5
-0.5822719499730884,0.74592764804705913,-0.32334396569832607,-0.79988039849608572,-0.59676753276528782,0.063717030211509526,-0.1454328861581192,0.29573713956183156,0.94413389935300263,20.349222422731998,-6.3353025315423528,5.6874740666468364,0.1597967843808903,0.1591862470126274,0.5,1,5
0.62627146213028595,0.70051473888436755,-0.34214493467967938,-0.68722595523348839,0.70327826011575234,0.18198949228453176,0.36810941603633957,0.12115605413815997,0.9218550148320821,-16.230973446993065,-0.26358441330834814,-8.8712789091523767,,0.2577409760479135,0.7297297297297297,0,1
0.6133158991291433,-0.63735262206132381,-0.46650320794927647,0.77114054217751404,0.61094557969918006,0.17913057487822309,0.17083873122211007,-0.46960316629851234,0.86619108406680789,-22.987143482322363,12.037275942914194,-13.210393143707574,,0.2574603538139357,0.1739130434782609,0,2
0.91532696919101708,0.10496027972369092,-0.38879284863781804,-0.038413760618780247,0.98379170025348472,0.17515214388490641,0.40087519562415902,-0.14538648559161366,0.9045229943680867,7.5556732758694345,4.794764427295334,-0.29378856497022099,,0.07733019977264818,0.1153846153846154,0,5
-0.87844450480592029,0.29786631984097678,-0.37364543016163487,-0.33610801007123792,-0.94097104784543995,0.040061111849347825,-0.33965667598655103,0.16077668556431382,0.9267061021902897,4.1264376349656571,-20.429829022101991,1.0368676751021315,0.2395138225913785,0.1902404766422461,0.4230769230769231,1,5
-0.57932113527086748,-0.63993224413600669,-0.50485022050458439,0.73398357094566535,-0.67892000138082031,0.018323463289359111,-0.35447868738518301,-0.35993659808377593,0.86301245967225537,-19.807906166585187,-21.093473111810233,-7.5971100053039278,,0.09490703179420321,0.4285714285714285,0,1
0.80697663146688792,-0.31984969002507735,-0.49647244843718891,0.52324004195008289,0.77705059706782242,0.34987458909817548,0.27387693361513837,-0.542114882093642,0.79441983852756759,-5.7354592364270394,12.282606144376047,-6.3151202849565387,,0.1916784265277078,0.3333333333333333,0,2
-0.1481094053495739,0.93506735466126112,-0.32204447875066605,-0.98581374189440873,-0.11359032825908252,0.12356578660025322,0.078961195147623356,0.33577712782854419,0.93862604379383896,8.0732524126855338,-7.992553549535125,1.3844847195718168,,0.08899381168982493,0.2272727272727273,0,2
-0.64219606519099082,-0.61702508707594794,-0.45482332368967987,0.6699373864405106,-0.74013619570092248,0.058157631164134665,-0.37251592194490996,-0.26735454687041432,0.88868072678845078,17.469633643937939,-6.6333024070775757,4.5972378351032495,0.5357759174184404,0.2978631415731892,0.4347826086956522,1,4
0.26137148313568243,-0.85422222150114713,-0.44943224639215634,0.96491626863777358,0.21920663747168598,0.1445165893816841,-0.024930750522420393,-0.47143700149861273,0.88154728250751657,6.4981087734126719,10.951383597312574,-1.3763475772616827,,0.2824878067573276,0.6081081081081081,1,5
-0.82747563399460067,0.42470312012301609,-0.36730278368535246,-0.47734068957015313,-0.87653862686582151,0.061853873709505666,-0.29568554449943052,0.22651113740819806,0.92804243620866822,1.0757569624659187,14.454244468542639,-4.0007637565168563,,0.3478501136444179,0.7222222222222222,1,5
-0.11017345200009122,-0.86943696224790312,-0.48160271921109754,0.97313221755070323,-0.19292595194553255,0.1256712545921381,-0.20217689689782919,-0.45481748618874557,0.86733243719909159,-9.5206200596971549,7.2280007277939875,-7.1674523410123552,,0.1099625792350924,0.2530120481927711,1,4
0.27383252599609376,-0.69383552677817606,-0.66603904501691935,0.96160145822272225,0.18426420905549215,0.20339453484567482,-0.018395196398332942,-0.69616015617213056,0.71765078813296246,4.1177700017249466,9.9925815538666445,-2.1388335323392327,,0.3544785635787674,0.3170731707317073,0,1
-0.21417229408857566,0.91120274005271595,-0.35190878784886931,-0.97597107762314839,-0.18481938351732591,0.11542205646836977,0.040133328891940323,0.36817300552416843,0.92889071150235614,8.6085800992272414,-4.0010522705460785,1.0415058878499852,0.3664499914798672,0.3547926809449551,0.9339622641509434,1,5
0.5884329649449026,0.74016523414801394,-0.32542598532503042,-0.72537041078725206,0.6610586627243904,0.19193543599704141,0.35718960360078289,0.12311324297433192,0.92588266885381276,-16.799038151903211,14.342868240912292,-10.979681776235982,,0.06972632341716611,0.1176470588235294,0,1
0.89943109716725456,0.24491004705922659,-0.36199830151253026,-0.13994647974225466,0.94602568152902511,0.29231899133531286,0.41405154782497811,-0.21226040313019154,0.88515921562549937,9.5957257626528651,0.46402671508952381,0.97516995833073095,,0.2294895507495446,0.3571428571428572,0,4
0.70884103198949167,-0.50133111945235853,-0.49619703751304078,0.67742594767643716,0.6798763534006812,0.28082419678737408,0.19656672348786339,-0.53519646182989444,0.82153896466449416,-4.8110594620004816,-19.233854276103685,-2.1317508754723202,,0.2680654832455767,0.5909090909090909,0,3
-0.23882275670681619,0.92555531505190514,-0.29378742256626028,-0.97090761386053015,-0.22217895726584536,0.08930238684332456,0.017380915586068368,0.30656788763246418,0.95169009348945099,-19.014660495510249,9.7830974967707363,-11.27413034030624,,0.2104483139678815,0.4,0,4
-0.51159771266567577,0.77819388457739258,-0.36425548506727695,-0.85266145192784415,-0.51211084560988951,0.10349362398247217,-0.10600107919993168,0.36353371207505969,0.92553066475043289,-17.87869445540629,8.0755659951735126,-10.711505818818626,,0.07953916069814763,0.2142857142857143,0,3
