axis_00,axis_01,axis_02,axis_10,axis_11,axis_12,axis_20,axis_21,axis_22,location_x,location_y,location_z,dbh,dbh_approximation,score,reconstructed,number_clusters
0.78530914408168995,-0.5845943145342829,-0.20381127455534873,0.60203005648457708,0.79786487017170782,0.031168253641511112,0.14439307223984368,-0.14717722772248629,0.97851392648702895,12.765980031753029,-9.0562993082222452,0.99426563740576268,,0.1031725780425131,0.52,0,5
-0.80402396570414358,-0.567101253064619,-0.1787222183891001,0.57957112775469288,-0.81461083043655624,-0.022505617268096474,-0.1328260909856781,-0.12167729331310584,0.9836421431829061,-8.3962474391456823,6.1556142440989445,-2.4455239113373159,0.4150261057147795,0.3744139135484394,0.9743589743589743,1,5
0.092520323651994696,0.99410079730331813,-0.056600304877598796,-0.99507394258309245,0.090278892753454437,-0.040958153221924101,-0.035606719920128656,0.060110950118237666,0.9975564320741015,-6.5443380089687393,14.654609311228631,-1.8068991266470857,,0.4582863888671698,0.8166666666666667,0,3
0.28558427329925529,-0.9372721615317543,-0.19990627319253945,0.95633800952636505,0.29223621178234033,-0.0039507035143497328,0.06212273641177897,-0.19004970860462042,0.97980705951733793,-20.888782045906723,12.915230319118626,-4.5561918655913543,,0.07260988121883244,0.3125,0,1
0.90381460389565427,0.4007695205646164,-0.1500098435815114,-0.3964132322161581,0.91615968695168248,0.059228180189282734,0.16116982071368186,0.0059345927411502521,0.98690884558814063,3.0208455344463201,5.6691306099513845,-0.28296929868086557,,0.08695379725832061,0.38,0,5
-0.48798625056194272,0.86226456905969362,-0.135533140621755,-0.86696804775430958,-0.49681631698749223,-0.039242213852732945,-0.1011722463701234,0.098353241529108237,0.98999536183011383,4.4366535705146983,-11.630086924282455,-0.67600925580868765,0.1234141691186756,0.1112668646998899,0.3695652173913043,1,5
0.73174230435592047,-0.62453263996881692,-0.27296919538561193,0.65650558342420551,0.75346071190023534,0.036019085991108403,0.18317646941878674,-0.20556248985739464,0.96134824273771735,-3.1821746395350274,26.026553068363246,-0.74923158045809923,,0.2844407866773426,0.2941176470588235,0,2
0.98429334441094329,-0.013625355136628074,-0.17601409558816783,0.028542848572421019,0.99618222311529958,0.082500206935688297,0.17421801842430579,-0.086228348276308237,0.98092443848129673,0.96784855851395624,-11.142196898102377,-1.3200898351852295,0.2811650062761451,0.252693626333326,0.3846153846153846,1,5
0.16888164245429305,-0.89369469279115177,-0.41567870635728882,0.98477239585532406,0.17064795700667393,0.033205468387200197,0.041259171141763293,-0.41495670960520348,0.90890517104388668,-4.6041696325569967,-4.442048606663521,-2.1776907755012593,,0.1448232824442578,0.5151515151515151,0,4
-0.98260710902623949,0.078514340445000774,-0.16828181017443117,-0.068267944577728945,-0.99549206733503348,-0.065840956980851906,-0.17269266641704531,-0.05320753910404788,0.98353759498468729,-0.20938148247791763,19.350144845688405,-0.31443907686673661,,0.2909611122438607,0.5555555555555556,0,1
-0.39015429100503446,-0.87084860756274129,-0.29900222727664344,0.91915468016620205,-0.38747522074242091,-0.070835211859490876,-0.054169208402243547,-0.30246595844267632,0.951619693388292,-0.24686554524533244,11.401176457165857,-0.63139834866873845,,0.3392742935006548,0.3513513513513514,0,3
0.96506763484505065,-0.16912127043289579,-0.20010611200496634,0.19544698794500165,0.97334947125813909,0.1199636682697242,0.17448477033198961,-0.15488319046515464,0.97240231500831376,7.0829717655267403,4.1883769682344516,0.42428280168876725,,0.07888183119630617,0.2142857142857143,0,5
0.97058235773349932,-0.13854211443656186,-0.19691614810352279,0.17045886874024127,0.97299946875153043,0.15561429200763369,0.1700401744420392,-0.18460259027621059,0.96799185055403958,3.1666086020013635,15.804948094461931,0.22825016774220663,,0.6038306949723569,0.7846153846153846,0,4
0.04500669322308587,0.99255079714090366,-0.1132135710066574,-0.99892989804038201,0.043505847278592268,-0.015693949585868769,-0.010651589841663514,0.11379875371693762,0.99344672090974062,-20.687471808497357,2.6625343190172877,-4.7496053893475878,,0.2207338985217535,0.4666666666666667,0,5
-0.17349966086917393,-0.91513702059967006,-0.36389847650992257,0.98468401415522533,-0.15474952839531295,-0.080311740913652688,0.017183129675209342,-0.37225907240709294,0.92796978564238652,-10.031447476247887,12.190571111282434,-2.6062827173586474,,0.3566577263565984,0.131578947368421,0,4
-0.076145213739688702,0.99512499890070505,-0.062674899181489052,-0.99692133209865086,-0.077160249757732335,-0.013933896223840003,-0.018701979338815712,0.061420944474967744,0.99793672321876903,-10.953411610358479,-5.1028128239439638,-3.3228964008267052,,0.06648846705187646,0.3,0,2
-0.93535293538220654,0.34191873105066722,-0.090589555847191347,-0.31487042780404789,-0.92154746919095887,-0.22717146766756324,-0.16115675588192313,-0.18396152691375547,0.96963222752194733,-9.4232435842753848,-20.272427433861459,-3.2542952607940401,,0.245794842800519,0.4545454545454545,0,2
0.79215788155053124,-0.51577061389395429,-0.32629214599929846,0.59515908318371602,0.77122614882890217,0.22582270272596228,0.13517232113599537,-0.37308296826040332,0.91789843795090609,5.8576181909854075,-17.643494401631298,-0.47461787536502165,,0.4609638023018763,0.2857142857142857,0,3
0.12577679380994877,-0.95018746149841227,-0.28517360703629918,0.99067784869131126,0.135461269647213,-0.014409876402002969,0.052322062757937528,-0.28070274746922053,0.95836755439235588,-11.202363251196902,-11.84839761599226,-3.584731172845494,0.4857875361751265,0.4764732190789244,0.4507042253521127,1,4
-0.70938833237767596,-0.67893869750994507,-0.18923646295024743,0.69538198201304402,-0.71797918496102031,-0.030818647834072968,-0.11494386881444169,-0.15345401586862883,0.98144779384120062,1.8314865863510614,9.3028752055417545,-0.24709670298386127,0.511034309841863,0.2930115432974239,0.5573770491803278,1,5
-0.98469376551396981,0.037538487514312303,-0.17020296740379764,-0.024903633802987095,-0.99681420954326205,-0.07577097515572867,-0.1725050642193646,-0.070372534470353951,0.98249158225955946,-17.143992071157204,-5.1971841656562123,-4.4809621282652436,,0.1361274102816492,0.375,0,1
0.68395112603844554,0.71919309354363092,-0.12236074284624604,-0.72175139512443487,0.69149913026737642,0.03006453850293184,0.10623455570893435,0.067751361894833884,0.99203022742995117,-4.3724936199858684,-2.9142770053838545,-2.0091271000361783,,0.1144560278981821,0.2364864864864865,0,5
0.15016196699392745,0.98306467780975337,0.10504866925059633,-0.98859502277415356,0.14807057101388171,0.027477025781449546,0.011457077056826803,-0.10797659580867304,0.99408741574515691,-9.4572466803206581,1.0407557839594799,-2.7702731151883562,,0.1112240721964072,0.27,0,3
-0.93565116602758935,0.32572695435372362,-0.13586333839067913,-0.31514285206500342,-0.94439275643910059,-0.093847239584835526,-0.15887692816626439,-0.044991919194510614,0.98627270513973286,3.8346307542556537,17.989293192175307,0.421140953361967,,0.2005043128457476,0.1666666666666667,0,2
-0.07652464770381362,0.99351062684871116,0.084146376229102871,-0.99672654182526088,-0.074018069482996537,-0.032519628089327381,-0.026080243765446494,-0.086359479668955672,0.99592261805646476,-13.857668983528079,14.034521241699398,-3.3143244779138432,,0.7557786719338158,0.5161290322580645,0,1
0.8961855403069019,-0.37825209920935693,-0.23189831131023872,0.42001707421552148,0.89169221691863376,0.16873247362071281,0.14295850696009224,-0.24861685327114524,0.95799401123247829,-25.906967504646779,-19.871803883063517,-6.0728211130295247,,0.2548308113795664,0.4615384615384616,0,2
-0.14136999398228045,-0.93653829337346306,-0.32079674226302929,0.9899089085475119,-0.1369235757442783,-0.036500509361870083,-0.0097405122927416762,-0.32271962978803037,0.94644448488527444,-1.800203854206089,-1.2319181019051666,-1.4509197215226808,,0.08610169671377263,0.2105263157894737,0,5
0.68248458823516722,-0.67970951794872458,-0.26871873405363134,0.72031297971676189,0.68784134816750742,0.089573941538067289,0.12395159568570874,-0.25469442663909619,0.95904470749071324,-15.852436026717996,5.3288409709505631,-3.8299407551275331,1.317105953305057,0.5402010637381445,0.25,1,4
-0.9192207589323379,-0.34747628902870736,-0.18518483985115042,0.36893814340662678,-0.92439750967418388,-0.096818853782925998,-0.1375421487673118,-0.15731965125503711,0.97792263734994134,8.3748259066027551,-6.3376612452277348,0.29417931020173554,0.2543685441284196,0.2632221059502975,0.4520547945205479,1,6
0.98836102789258407,0.023354654912985873,-0.15032311411426816,-0.011729012268590074,0.99690274995399519,0.077764628240390432,0.15167369189915306,-0.075096386251657946,0.98557375368747691,15.584689098446587,7.7041982752348508,2.2332930751487448,0.5811736158436419,0.290553148375234,0.7619047619047619,1,5
0.49319302824480843,0.86657603545355499,-0.076201126424192842,-0.86437464837487699,0.49804023293808591,0.069371417902375096,0.098066835054081453,0.031652822189772806,0.99467632660574512,-3.972969407344507,10.841489665314686,-1.4151903410147764,,0.7271773833341774,0.7677419354838709,0,5
-0.63829604843466436,0.76379776239534447,-0.095870395391688609,-0.74498100660516042,-0.64427837261635723,-0.17294125701052848,-0.19385936745552351,-0.038966097298609004,0.9802551652049889,1.8882659353860083,16.20006471634662,0.014521816101143899,,0.4492581626160042,0.4042553191489361,0,4
0.66644081833114543,0.73848905798960096,-0.10242337082787914,-0.73581089734849547,0.67363333726799723,0.069285281729834808,0.12016221954223169,0.029189692543984409,0.99232504898539775,-15.297254152709787,18.018603237938652,-3.4089274040203934,0.4927597502048858,0.2690112426332238,0.2972972972972973,1,3
-0.053673922718805216,-0.90588773765401576,-0.42010298355053999,0.99797597709003227,-0.034295891442487673,-0.05355129299429328,0.034103653340533197,-0.42212699344895555,0.90589499514600147,16.048112496909326,-18.50254953177954,1.5393490038696607,,0.3237705719263112,0.2647058823529412,0,2
-0.50384989103928313,-0.83634568434130385,-0.21601199870233931,0.85894622058164938,-0.51155406685903138,-0.022887263455615651,-0.091360152409042827,-0.19707443508396177,0.97612242551236061,-19.943830422829752,11.478744639866887,-4.4622324229481753,,0.1195068995119489,0.4347826086956522,0,2
0.86137832906776535,-0.47304856019785735,-0.1850741308426454,0.49274788541199338,0.86665026477103124,0.078210229473594031,0.12339730805181935,-0.15856348339714682,0.97960743468928835,-12.519967839279426,-5.8521976577474542,-3.6320553186087654,0.6797733333326348,0.5757365338783892,0.8369230769230769,1,3
-0.92677124537539579,-0.31435120699080327,-0.20561706497458884,0.34091169432706731,-0.93374943072267824,-0.10904685825884183,-0.15771580585466818,-0.17115875463586672,0.97253812536841588,-14.665930641714597,-12.47201528560003,-4.2715571091456992,,0.835551122486728,0.7407407407407407,0,1
0.93636738073758996,0.32627395911856499,-0.12946594877310846,-0.31732732673513531,0.9444843360424916,0.08516282450403688,0.15006497258773233,-0.038660607489661561,0.98791996711817287,-3.7248198896058624,9.563877234196104,-1.4548815595854003,,0.4287308770861252,0.7391304347826086,0,5
0.25167719304416747,0.96279045304567423,0.09845371514327865,-0.96729241531793042,0.24690681121522556,0.058158489010059711,0.031685545124128162,-0.10987069718370732,0.99344071596172878,6.7545617961636175,-3.7297237076787346,0.009842314249504781,,0.398596502322267,0.1016949152542373,0,1
-0.95561849976326618,0.25180038356848633,-0.15293740466272224,-0.24127398409144626,-0.96679902689751251,-0.084181388624002138,-0.16905663994900233,-0.043545475365276629,0.98464391739570845,-8.4296958065900025,17.07915597223257,-2.1201823124346801,,0.1103385064038989,0.1666666666666667,0,4
0.22043395218761444,0.96921149782545613,-0.1097175701785504,-0.97462321459427514,0.22335387449684302,0.014921002686503418,0.038967451762602148,0.10364419535210383,0.99385080292413297,-9.3132503586408859,-2.6367637102846055,-2.9690735575816518,0.4062231437972148,0.2570010530104414,0.681592039800995,1,3
0.84024934806732143,0.54020615759711132,-0.046457941911003504,-0.52515237763479794,0.83215446948112537,0.1781401672478877,0.1348925992668244,-0.1252846607400584,0.98290779854790422,-5.1002766613119546,-6.4605627141286393,-2.3349508545612228,,0.3484775565077046,0.1911764705882353,0,5
0.96082344345642501,-0.17043009020365479,-0.21856782667563934,0.2182829895991277,0.95126774857922358,0.21781232050708882,0.17079475096209876,-0.25698882245379795,0.95120234344623278,-17.374050218546508,-3.1744050382374245,-4.4578721752143018,,0.2508100926884191,0.375,0,1
0.56370819045969145,0.82425851815791007,-0.053206872232694616,-0.82107721058803473,0.56620636750265041,0.07240554987309536,0.089806961097857921,0.0028713487387334712,0.99595505174419785,-3.3309719641482216,-20.29889752933256,-2.0395516020405275,,0.2157840333918219,0.3859649122807017,0,3
-0.83922136129337077,-0.51025374950955005,-0.18801228114234661,0.52564790142390849,-0.84975539730508232,-0.040125409400084973,-0.13929031006335033,-0.13250236172358942,0.98134669391613483,-1.4247416007954998,3.6163134108673196,-1.2152108369137311,0.8339750566909552,0.7593565340444821,0.9099623416638137,1,4
-0.93934798872440817,0.31791382983010763,-0.1286707149360789,-0.29916210737346904,-0.94298499025813842,-0.14588125876795446,-0.16771222254586352,-0.09853986477873472,0.98089882529143335,-2.0458687231687338,-16.797990018115851,-1.8542891038429863,,0.3670526221468726,0.4210526315789473,0,2
0.42414301866772686,0.90309694473800661,-0.067220592977959737,-0.90265612759379621,0.42757562298966401,0.048897872575144871,0.07290140624708738,0.039937388871592129,0.99653920642256621,9.4362308798820127,3.288688361663195,0.8598092898877292,,0.1024062918705047,0.1818181818181818,0,5
0.65634658684523484,-0.72739303741854433,-0.20027113384518375,0.74418618908157907,0.66783998953489354,0.013291514521307187,0.12408091681176239,-0.15776285206935792,0.97965035017096525,1.1679582562423081,18.690502341004287,-0.09111162245380959,,0.0893005832834232,0.3636363636363636,0,2
-0.98146922584327823,-0.10407981506403927,-0.1608898717099074,0.12930243834954344,-0.97938210639526757,-0.15521459051787009,-0.14141795557657308,-0.17314179671299165,0.97469117163927255,-13.26864782420318,-2.9679364573766627,-3.6264531078398479,,0.156209355466403,0.2631578947368421,0,3
-0.16808284949130611,-0.93946667380184901,-0.29858085089733155,0.98542320548253637,-0.16819720152398701,-0.025510928952578046,-0.026253795980908188,-0.298516448818471,0.95404332605044884,13.543789228957818,15.236617486112598,2.1502505637521119,0.4407208270976107,0.3021121295537819,0.25,1,4
-0.86153364154248557,-0.46624600576533431,-0.20093393590535619,0.49114241641507844,-0.86563613701417919,-0.097227594298783138,-0.12860369858018708,-0.18245202219499496,0.97476784328805921,10.43628574113561,-8.2482846966161496,0.62150924792466256,0.3635942755391314,0.3192691781479851,0.4210526315789473,1,6
-0.95025661886179846,0.26681097387957509,-0.16069929224105264,-0.26479270395937954,-0.96369693564196857,-0.034249673927788722,-0.1640036043482668,0.010006020773127301,0.98640899089022105,13.465970165976625,-2.1027751581005165,1.4073492587625613,0.2288446612244942,0.1844861867047375,0.7945205479452054,1,5
0.51037913244589206,-0.83674485904744089,-0.19842172769497085,0.85302994901033558,0.52182307351274704,-0.0063707174740995987,0.10887170089239559,-0.1660081950006948,0.98009603199758322,5.0773185534805121,10.655647979295388,0.38669228171029074,0.1978528617670211,0.2004923472760553,0.4814814814814815,1,5
-0.65570980889753794,-0.71968901166954946,-0.22823753634681301,0.74549028575756371,-0.66500899578252948,-0.04480255985341771,-0.11953610482470059,-0.19952634415139284,0.97257408850581606,10.352318021397982,-10.951026525122209,0.45989019837198197,,0.1189117636519815,0.2857142857142857,0,5
-0.98373043657076842,-0.016309753576526923,-0.1789089715541381,0.048130489774217772,-0.98339182138005754,-0.17499709025269036,-0.17308345997922603,-0.18076094041879537,0.96817746219406142,6.3028905050085573,5.7023745142433242,0.38241678214272995,0.221122124248093,0.163398417518862,0.4,1,5
0.94035505440760525,0.3002883100723342,-0.15987276967630315,-0.30255757234902453,0.95307283042419333,0.010540176539440798,0.15553548490404209,0.038459208794765387,0.9870813554082285,0.8882699174557378,7.761020255469008,-0.57210048941505598,,0.08301136781782197,0.2903225806451613,0,5
0.64642958431146158,0.75534460855112728,-0.10762580944948245,-0.75927779768796055,0.65073336595385145,0.0065812136033359453,0.075006789459572606,0.077463596399317672,0.99416969012732015,6.8617340831247251,7.9792290690279106,0.61290421642631299,,0.2587534383998789,0.7575757575757576,0,3
0.43128624278562655,-0.87359655626148791,-0.22543565306297117,0.89795774274104645,0.43988062414110246,0.013301456936758216,0.0875446687997843,-0.20816842554360832,0.97416725338692878,-0.041814603236624087,-6.6327557980181222,-1.3878389113210703,0.274595393200574,0.1686520350518103,0.6351351351351351,1,7
0.020999287765110088,-0.97551620245963755,-0.21892274585361307,0.999664899638254,0.023802535301709758,-0.01017485844865653,0.01513665566092565,-0.21863571998175049,0.9756891429156439,-16.319754504646578,8.0904531110293956,-3.8862233119725667,,0.08898225720471038,0.3333333333333333,0,3
-0.70331789638283437,0.6995111709162799,-0.12660196835341495,-0.69806283094332278,-0.71326099475254445,-0.062984422042311153,-0.13435855269768915,0.04407805721609493,0.98995197064758444,5.1140508533153985,-7.5116833860679018,-0.39945419099517265,,0.07681782653313327,0.2962962962962963,0,5
0.54752936553382492,0.83497578829613306,-0.055018422708920253,-0.83244912392667925,0.55019844928350803,0.065651523057171715,0.085088483073976165,0.0098539010180459172,0.996324671320998,-2.129943020309327,8.5612572492409011,-1.1685021534495836,0.7025001627770249,0.3512112269888529,0.7112676056338029,1,5
0.91886384304436008,-0.33670672888862191,-0.20571294725144135,0.35801282438782644,0.93062522699810979,0.075917747915546382,0.16587964166708813,-0.14340594686358429,0.97566319951331426,-0.60313275602107064,5.9093077572534956,-1.0427654066010852,,0.0715900524064568,0.2063492063492063,0,5
-0.71216301608639154,-0.62394653990296356,-0.32173677729139805,0.69241244294964888,-0.69985014323015005,-0.17542743761806148,-0.11571018696395929,-0.34770748102946986,0.93043573677546765,-2.5175305666114118,13.513349062766968,-1.0220277178632289,,0.2925868861433568,0.2909090909090909,0,1
0.91971031306809292,0.37721534982970417,-0.10881874787482383,-0.3617680140621311,0.92194978655754722,0.13832026268061612,0.15250194765225855,-0.087847429782247438,0.98439117480954708,3.1319052237899037,19.108193532281636,0.34535455839889312,,0.1468088922705173,0.25,0,3
0.74121896342150584,-0.61737560655023538,-0.26351813732849305,0.6559469348046415,0.74954254867295733,0.088992058349292261,0.14257653027320075,-0.23881651568846196,0.9605407877074652,3.9713351686426752,7.5582843906692254,0.10352297214531614,,0.3210538082815128,0.1875,0,5
-0.42975311356702472,-0.86282551537655339,-0.26616609738025326,0.90085110586813055,-0.42977485854553499,-0.061325818529662547,-0.061478015872470322,-0.26613098462477425,0.96197440329097816,-12.103869205955041,-12.782542409135667,-3.8008386119051174,0.2991795343613232,0.1601318103184218,0.4117647058823529,1,2
-0.77942185179962753,-0.59304719105407844,-0.20198169748793438,0.61359186099029095,-0.78770930585242316,-0.054946133621625225,-0.12651721251952799,-0.1667605428641965,0.97784677546123078,6.6296322659627114,16.030382684802248,0.8338569717323463,0.1571144114652432,0.1169257845545415,0.3333333333333333,1,5
0.68572594073248638,0.72372618226630814,-0.077461908760260309,-0.71487417935482001,0.68968036354752704,0.11530786542437209,0.13687527862371962,-0.023694076035733352,0.99030487672357403,13.993799306669798,-3.2078411338582686,1.4747426136934318,,0.204040805635319,0.2857142857142857,0,5
0.50950206286748889,0.85541793643544983,-0.093101030919593097,-0.85626992090022536,0.51471559872201877,0.043239738594911765,0.084908600832283201,0.057688876369290938,0.99471730810715919,11.855993571859138,-0.41594308146558462,1.1041115079419102,,0.1873414528595131,0.2777777777777778,0,4
0.84409136533718787,-0.4941847043419097,-0.20806548237923056,0.51176304193543798,0.85830555878080783,0.037552052872682519,0.16002610997018546,-0.13817758776467609,0.97739377855977017,4.0124130983906987,10.353381245862629,0.14894367566441888,0.5295582515012115,0.5372268085915044,0.8842105263157894,1,5
-0.53972546844215508,0.84008742934137881,0.054309573534413333,-0.83490231012414462,-0.52589587937783067,-0.16239352389422637,-0.10786357709747312,-0.13299110916152232,0.98523033531236981,-9.7324863685019114,7.7920487971501098,-2.6708514763548252,,0.3597340996610789,0.2706766917293233,0,3
-0.05559922551630609,0.99217312058810814,-0.11180887667999813,-0.99819063044586875,-0.057802818855774721,-0.01656198727225848,-0.022895226840258843,0.11068573943730321,0.99359170471232827,-9.2846583502380788,-16.448373095616631,-3.2615344244195157,,0.3270021567873119,0.6935483870967742,0,4
0.80473023377170982,-0.50835316064832003,-0.30657187560602001,0.56895013274095529,0.80784282159609033,0.15390166357033691,0.16942549190655765,-0.29827343102350079,0.93932314090396485,0.022048483722990481,-2.0630146296158722,-1.1714666427598963,0.6159637884112712,0.3986835446673725,0.334841628959276,1,2
0.60211344538832567,-0.75488294694625346,-0.26002141314195404,0.78927018804207805,0.6119084811915817,0.051191609799201579,0.12046563472883795,-0.23605030619668901,0.96424492935862827,-9.9875910025033043,10.209738518993419,-2.631657549360038,,0.8143540316946312,0.773109243697479,0,3
0.60814496302438903,0.79381904705935868,-0.0033203123101949342,-0.78992913661304254,0.60556824688926836,0.096431620795424153,0.078559933031022586,-0.0560215930265371,0.99533407358380477,-9.9193777649896795,13.444542242999065,-2.4959984408493545,,0.2238218644942102,0.2142857142857143,0,3
0.10431822057965737,0.99390904382055134,-0.035531978087517443,-0.99329678705308933,0.10590954676907603,0.046310481893188017,0.04979158247238516,0.030462772606688074,0.99829495531130918,1.2311046707937487,10.129264487312852,-0.34127603363267467,0.4865941345501018,0.2131696473452363,0.1842105263157895,1,5
0.96658154165537735,-0.14469792538812018,-0.21161907692712789,0.19309865645087382,0.95390333962918483,0.22974187150181627,0.1686209720289357,-0.26292761177301943,0.94996633559266408,-4.8264421717517187,15.904359952970188,-1.4013693177553908,,0.5010637361910397,0.6,0,3
-0.93865982981383878,0.32152560390757284,-0.12465556516147321,-0.30551263702682346,-0.94301908687319025,-0.13182196482290617,-0.1599367140802016,-0.085652132633844275,0.9834042707170344,5.6477579698072944,-19.547220430707583,-0.49263828752308114,,0.1973718055093881,0.25,0,5
-0.78581220997673529,0.61737647567713172,-0.036680484347450172,-0.6072599885435086,-0.78145541534671747,-0.14339714132236742,-0.11719418486263429,-0.090408634022272713,0.98898523847861808,-11.895737148291493,8.7040496120411177,-3.0100860289461533,,0.338179093891104,0.4423076923076923,0,2
0.57964716494800717,-0.7479665689424666,-0.32334992796067352,0.80671071644223269,0.58273724061947718,0.098158689745014946,0.11500862639384271,-0.31774725827240802,0.94117463614111985,-7.6881031167328144,-14.838874564149355,-2.9388882235970892,,0.6546645491874028,0.5444444444444444,0,4
-0.81278483653979283,0.56476999110033821,-0.1428834022673976,-0.55665370161916539,-0.82524599154458889,-0.095423843525978394,-0.17180647823834971,0.0019775217098260147,0.98512873445211357,-2.7924579330199188,6.1964832302063124,-1.4205065543887849,0.3673224588853184,0.353435451989294,0.4701986754966888,1,5
-0.97457341445736911,0.172309894147473,-0.14323393526602182,-0.14598344020009046,-0.97323088397313207,-0.17751191979194469,-0.16998674954316556,-0.15208861515498726,0.97363933677722059,6.1817202806591505,10.87555819021229,0.60578925530600936,,0.5326263914874181,0.2222222222222222,0,3
0.93154326649951902,0.35840978192702339,-0.061396831012928602,-0.35020780789422856,0.92972770263479587,0.11384590569425128,0.097885820879867941,-0.084550737267328868,0.99159948512402196,-2.7700478123578516,9.399519664145993,-1.2592066370247597,,0.3073264580340913,0.1794871794871795,0,3
0.56559383942392438,-0.79636304144803982,-0.21426505786369882,0.81775959189457814,0.57518245435433279,0.020842122428903237,0.10664360585670152,-0.18700548232219313,0.97655316850201579,-3.6017278814845399,16.635466178772685,-1.0481751705264992,,0.467728999563011,0.3,0,3
-0.90609324631158128,0.39481258047487511,-0.15204622746819724,-0.38826927162082508,-0.91874171765160262,-0.071837517785743044,-0.16805356795847676,-0.006056611705678611,0.98575925851653667,8.4218509914877426,-3.8899200595077628,0.3413487331538167,,0.07945283988245884,0.3333333333333333,0,3
0.77546420650307291,-0.59612341883751419,-0.2080676186868935,0.6141960510707527,0.78859279999066711,0.029742337701909125,0.14635052197260576,-0.15085842805874244,0.97766213969959581,-11.941396188968332,0.1476422697789197,-3.2921242117862231,,0.07080856875909965,0.3181818181818182,0,5
-0.1011876931986274,0.99470032368497852,-0.018229558583228379,-0.99428841620649266,-0.10173685384998027,-0.032251480063590951,-0.033935175595905157,0.014861986061985358,0.99931352699118803,14.003910946921099,0.35602732310330665,1.5753455000355061,,0.12354282526163,0.35,0,5
0.39512016562639485,0.91856445771255169,-0.010926652855100116,-0.91824109755290562,0.39527101466662634,0.024374407259470234,0.026708453347305584,0.00040248187683974946,0.99964318460545354,16.068871420127142,10.211424083113345,2.4329383107277942,0.3239697238545936,0.2506220188712066,0.4615384615384616,1,5
0.95796603722477058,0.23788426744625391,-0.16035007585102326,-0.22094669087600202,0.96830038402973473,0.11652006727947269,0.18298533087330845,-0.076193448467880523,0.98015862343589988,19.216283822283376,-7.7431701628570728,2.2827851479764756,,0.4521105544023206,0.1578947368421053,0,4
0.30276784973657012,0.94789849556740824,-0.099096272719707224,-0.95179982105978678,0.3060815946673468,0.019777715653050663,0.049078812092924966,0.08833175820133371,0.9948812847252726,9.3674984789061142,8.8803988211616502,1.1102791568634727,,0.3363826444779059,0.5833333333333334,0,5
-0.3495562515709198,0.93015541427261828,0.11234470297714169,-0.93406515852098404,-0.33663243612115162,-0.119167456078864,-0.073025383428347398,-0.1465930020515066,0.98649773700940113,-0.8929880750371737,-14.623767288802453,-1.6814283021361058,,0.2823989214216998,0.5555555555555556,0,1
0.24607684690280002,0.96788398863351321,0.051446768268347529,-0.96876440032283562,0.24392622877394693,0.044671373196449739,0.030687490700810813,-0.060832388273034076,0.99767614908420343,6.6553113769048222,-5.5364468079625064,-0.04294993758563545,,0.1873378238187242,0.2093023255813954,0,1
0.087074702471846385,-0.90770338622299052,-0.41047845111376513,0.99584157879832147,0.090390175028192965,0.011365130656481344,0.026787051459719963,-0.40976112419028826,0.91179947081384316,8.3362389821742084,-2.2127148419458629,0.37231400331142411,0.2601704505096374,0.1994402131441927,0.375,1,5
-0.97940560627730477,0.11065597045062885,-0.16887840180501568,-0.093217043909366873,-0.98977826617865949,-0.10793315767254835,-0.17909562003964788,-0.089967994331304146,0.97970940532313844,1.6134552500911765,14.786466300014746,-0.10406715024474897,,0.1916845490838932,0.2916666666666667,0,7
-0.94002802385866391,-0.26802341591169965,-0.21097574003519606,0.30095390198270622,-0.94283117836397068,-0.14316465341064361,-0.16054302613865942,-0.19807275841929911,0.96695042227117867,3.0040614911364885,-5.9763168523138823,-0.7647175070271417,0.7390760380325689,0.6830799102763676,0.3636363636363636,1,1
-0.78759894761538007,0.61590379051372279,-0.018719469703364511,-0.59879938927290544,-0.7721858427670939,-0.21252838783670686,-0.14535194914944397,-0.15617792757269611,0.9769755707373422,-1.1823847624916881,12.738525524583768,-0.78800883338574024,,0.7581505923987459,0.2325581395348837,0,1
0.40381305395645445,-0.87385094298676269,-0.27077582406025086,0.9105528207546989,0.41253742619661488,0.026578799873853746,0.088479252200859726,-0.2572885567377976,0.96227543899954027,13.151118812675094,-0.30624380719812122,1.3753828006221993,0.4211726868786596,0.5013183089732557,0.6031746031746031,1,5
0.85160133360352652,-0.46176666118009774,-0.24808611252401996,0.49959945001006484,0.85825217294759926,0.11748871086349416,0.15866807541007311,-0.22399722822684601,0.96158706500886015,1.4274577645597872,-20.116969860458127,-1.1753404635191109,,0.1487614529847564,0.2758620689655172,0,4
0.89401645287495346,-0.37862889478763112,-0.23953025282996146,0.400402189500288,0.91508327628678365,0.047965446976165831,0.20102902435286218,-0.13879033645086741,0.9697033432321418,-11.379431895544379,14.782665598920564,-2.7674854145620489,,0.2748732707705883,0.3793103448275862,0,4
-0.83200768606543374,-0.48554510967262116,-0.26834521944883949,0.53384674345900407,-0.83231289558662747,-0.14920756796631093,-0.1509001816641049,-0.26739706489265591,0.95169740194062391,6.8448191901146744,12.03158224785652,0.78726164199854953,,0.34894605723534,0.4444444444444444,0,5
0.58256663952262755,-0.76635375589951649,-0.27077302549186499,0.80432971388305263,0.59149777583749863,0.056427763947365796,0.11691801349715335,-0.25066372293971306,0.96098796877062032,6.9041356029067487,10.467245447450621,0.7050547491079312,,0.09354388330276352,0.1666666666666667,0,4
0.47789800867306398,-0.80142278713142989,-0.3596317694153458,0.87329123152527932,0.4776239620714241,0.096113348689229189,0.094741322807857284,-0.35999564875382473,0.92813103311489986,11.310689715081171,3.9606237690436332,1.305288269577906,,0.4091430139073972,0.4,0,5
-0.974058363141036,0.14996969427897372,-0.1694679792553074,-0.14448005499602967,-0.98851354520702917,-0.044345063429602288,-0.17417180857805434,-0.018709936934750999,0.9845375154642646,6.690875454368455,3.2697330884408089,0.2746114692723301,0.2235136067286736,0.2115014323145447,0.7835820895522388,1,5
0.9066269346301391,-0.31656764090635081,-0.27894897406899583,0.3780233797066051,0.90309809860318202,0.20374530349069001,0.18741911801722216,-0.29017021389230352,0.93844303032807563,0.2965344282790689,-4.5836274996891095,-1.2008059719040527,,0.549939942335165,0.4752475247524752,0,2
0.61933940498680917,-0.7570598018003718,-0.20803643413731207,0.77552842977127534,0.63120210975682611,0.011813181410305027,0.12236975135664095,-0.16865453784738446,0.97804973841640575,11.441637893002305,-11.327275715354332,0.6154937576425088,,0.1034798281258632,0.6363636363636364,0,5
0.73190937958779279,0.66267789101093677,-0.1586400732372201,-0.67081016345819955,0.74162280584395202,0.0030558883043504087,0.11967616585016905,0.10418074014635362,0.98733175210258561,-7.2518633402802468,-6.8641680951533459,-2.7377219848938505,,0.07213481332229246,0.1538461538461539,0,4
0.62361543792439544,0.77823484625676975,-0.073853298193570047,-0.77477120485942397,0.62787746826467394,0.074158377586231228,0.1040834554722468,0.010973099710074369,0.99450803183268011,-0.79651851760239245,8.8605391195007339,-0.84248939473388396,,0.07034588587012189,0.3243243243243243,0,5
-0.75612128618905028,0.6530689137157939,-0.042208938743946461,-0.63677470283138382,-0.74906992714252507,-0.18279010390252537,-0.15099198126331048,-0.11133390403990301,0.98224548021633273,3.62722318391913,13.19762243571463,0.20556088273919315,,0.3712035234167875,0.4814814814814815,0,5
0.41510541067167944,0.89808753680378595,-0.14534880208933337,-0.90785761892865213,0.41927308030827021,-0.0021512512666516156,0.059008828019998766,0.13284901341945557,0.98937813693712795,-4.0422994095746478,12.63867338354901,-1.34367933492033,0.3558502269385311,0.3327225130170124,0.9095022624434389,1,5
0.94892472051252807,0.27269360143717231,-0.15868230693888175,-0.26911842301790967,0.96210047993669434,0.044022050133272803,0.16467285505684984,0.00093072058513141783,0.9863478010147424,-3.628650882399314,-10.922131646758261,-2.1561086509220124,,0.09204604845160712,0.2096774193548387,0,5
-0.95181560302493629,-0.23259945145072405,-0.19986133448743942,0.27396845846377765,-0.93777412211578925,-0.21335646148392856,-0.13779819158921922,-0.25783171076262912,0.95631295469629463,0.42522101692464642,17.339629616590337,-0.23929656892691004,,0.2493672084776251,0.2307692307692308,0,2
0.022903382417501592,0.99811103401298151,-0.057007007072593402,-0.99973040157817428,0.022648317013442852,-0.0051164339926618929,-0.0038156564547072729,0.05710882171780142,0.99836066791907596,-9.7625497792657558,-11.925725196287043,-3.2906252869475514,0.4622795227663455,0.3937023671360287,0.5945945945945946,1,5
0.74344965388820083,-0.63381367876887151,-0.2134545214770241,0.65390251985523973,0.75585266184086575,0.033139826720225432,0.14033569275306787,-0.16421624217338684,0.97639076150175086,4.0435474260396633,8.5466610773266307,0.13243431485871821,0.2924205914520998,0.2372267185745776,0.9056603773584906,1,5
-0.057180121947285063,0.99632201757992345,-0.063819048406912257,-0.99834539428767555,-0.056673138645094628,0.0097277469487468664,0.0060751426879194518,0.06426968680166481,0.99791407445718305,7.6078916960510066,-9.5020337150321659,-0.054690473844532829,,0.1777353370557045,0.3,0,5
-0.012027177944947638,-0.94865473618914375,-0.31608470145925777,0.99988474086569079,-0.014339123630065752,0.0049894405972611298,-0.009265634065322827,-0.31598826092028998,0.94871785425696487,-14.825902186032225,2.8467440211066437,-3.7187471974438631,,0.08655369542703038,0.3571428571428572,0,9
0.8152777676704539,0.57906874501430039,-0.0012450260419708198,-0.56553232982398927,0.79667819320934541,0.2132534651266984,0.12448030151848388,-0.17315670651827628,0.97699611540763598,-5.0363542604856582,22.698451321362214,-1.1513897621289444,,0.4284171491002115,0.25,0,4
0.97633923676837342,-0.13268562145661311,-0.17075192709080136,0.14791238752277297,0.9857816483538554,0.079727456914597275,0.15774542897929883,-0.10309736964359613,0.98208314923366247,-11.82833777873938,13.082406892601531,-2.9095785759912349,,0.1456748445799885,0.4193548387096774,0,3
-0.70590212325442481,0.70704943395481767,0.042229022355079165,-0.69535377643553964,-0.6804070595945001,-0.23136412611033544,-0.134852949473594,-0.19268453803597538,0.97195028207215095,6.1019411088354003,9.5094678984121686,0.55209059068466737,,0.1435884704729908,0.1851851851851852,0,3
0.82446003922066258,0.54941582782169407,-0.13567568635266483,-0.54908682051405122,0.83464570568706231,0.043245919066622431,0.13700112140429474,0.038843199110645245,0.98980902128482173,-6.5526348251432855,13.091217088723678,-1.8135939435419184,,0.07890832761100564,0.2333333333333333,0,2
-0.075167925335186528,0.99433622222715601,-0.075134946382032913,-0.99681634905348449,-0.076936673598032565,-0.020926407129530575,-0.026588517455565022,0.073322748330221163,0.99695377290866249,-14.72795113651218,6.6169862520580525,-3.6450983151791836,0.2566835816958982,0.286361773560865,0.474025974025974,1,4
0.56725904397433291,-0.7920807317377212,-0.22544465271805442,0.81606248262588466,0.57744128877319534,0.0245679154677554,0.11072127835156856,-0.19791329523250684,0.97394616180280047,-5.9323940085801006,-18.951790691846984,-2.5586316732804573,0.3083783392439404,0.2826199258887796,0.6,1,5
0.77782390594044915,0.62092839785814025,-0.097148834686097182,-0.61455515149830497,0.7838068807807147,0.089267796028031199,0.13157483465480377,-0.0097313089628202464,0.99125847512716414,-2.9239695748020806,-19.520717483160048,-2.0249302358860222,0.3876190385702408,0.3508904279432846,0.65,1,4
-0.95824494416018258,0.24227991864999257,-0.15187846460378343,-0.23578738902033156,-0.96997108835093937,-0.059669045092661285,-0.16177433099977404,-0.021366534165565648,0.98659644082437681,5.5121204841715885,-6.3748581109055982,-0.2652870068183244,0.2042199553578917,0.08640273842510075,0.2307692307692308,1,5
-0.8568397166426045,-0.47992061041167594,-0.18841949921891363,0.49547230423269129,-0.86753482544443083,-0.043480137757934842,-0.1425934631116354,-0.13061215235645515,0.98112566470082974,-10.565304173052386,1.2210351143906741,-3.0306883001473852,,0.07026068628112621,0.1839080459770115,0,5
-0.31043438754788621,0.94369755291146118,0.114304066667334,-0.94827508538142868,-0.29903460203647991,-0.10654890534271003,-0.066369070150292864,-0.14146814275237246,0.98771550110018058,4.5251553927377026,4.9921159424100461,-0.050026411068329085,,0.09187479361804168,0.3333333333333333,0,2
-0.54448581974958898,0.83492862140500457,-0.080183472426405986,-0.83320233905200936,-0.54939088543129844,-0.062797429909782335,-0.09648344049565126,0.032616746676398599,0.9948000269131323,9.901460801523891,6.2310335986462935,1.1351262313694277,0.4404866385173771,0.3545285290838592,0.4888888888888889,1,5
0.62723922106432184,0.76329162688270702,-0.15478001127204435,-0.76531744240413724,0.64091968342089278,0.059255141174868096,0.14443050893289033,0.081288693767423828,0.98617035868807823,-7.3018994126088765,-3.7363418791015861,-2.6622933576125485,0.953037114516634,0.4721442347574776,0.4615384615384616,1,2
0.80987447618566244,-0.55158007005929766,-0.19965660303726271,0.57086658903926746,0.81939970664987638,0.051917802927014062,0.13496173658363669,-0.15602418740527516,0.97848954138654543,7.2048850424561728,6.5573481970518488,0.64905181038101745,,0.161770405998183,0.3518518518518519,0,5
0.85311032841610324,-0.48301297762646134,-0.19723394990261708,0.49598560167818612,0.86811474934047217,0.019366592510220524,0.16186738546630175,-0.11434703941050979,0.98016514123914567,3.3781657967570697,-2.6870976095428549,-0.5576365521857698,0.1395997535136563,0.1405644582003511,0.6028368794326241,1,3
-0.72411109562191722,0.68629980706453364,-0.068232660950689389,-0.67629426693230688,-0.7259696550192547,-0.12487643695156778,-0.13523751591818509,-0.044279056159873841,0.98982330719874934,-17.484510782129043,17.125099352815525,-3.8507391523994707,,0.3381730786992461,0.12,0,1
0.29616646970444371,0.95479739276051245,-0.025443289892125579,-0.95435319551409203,0.29689712495203785,0.032589498419816981,0.038670407740907381,0.014629968316505778,0.99914491621196244,15.106834394125613,2.0297881659574655,1.9343246043756397,,0.2361047788847152,0.375,0,5
0.25141571999413875,-0.9214211623967189,-0.29626538310661316,0.96484065523666618,0.262832102183993,0.0013401731320471359,0.076633189561113438,-0.28618582695343703,0.95510472028394211,-18.133715344043715,10.860412194212747,-4.1579862602713504,,0.1283132163261552,0.2040816326530612,0,3
-0.22977037234145942,0.96454676956577512,-0.12982721330404365,-0.97219286375422254,-0.23367139818653368,-0.015450350640461916,-0.045239492254333297,0.12266705747582352,0.99141625029590452,-16.820429437845178,-4.322539930714667,-4.4038748688648361,0.6032620824486585,0.5470104588434491,0.8828451882845189,1,3
-0.98257266246175945,-0.060979729055857947,-0.1755916730004147,0.073138655611253114,-0.99529039470908665,-0.063622065788610946,-0.17088504919444805,-0.075355841473013732,0.98240510845460571,5.7014465592299644,-3.9227714296407425,-0.17525566587583105,,0.07953569551769975,0.28,0,1
-0.77220877936787069,-0.58826507171546882,-0.24007875055234998,0.62252636995153721,-0.77609625327723608,-0.10067534139002342,-0.12710043187237757,-0.22719773557108872,0.9655188600795036,-20.950275640847028,11.943233088888544,-4.6163930847447441,,0.1313199427089117,0.1875,0,1
0.98628646588446944,0.095557780944620349,-0.13456492007230308,-0.068376136334754922,0.97865405381514059,0.19380646772263554,0.15021222051835992,-0.18194766679497124,0.97176711991855913,0.12384847968797075,7.0690809363513303,-0.85555285855192731,,0.2129830292500209,0.2857142857142857,0,3
-0.96364342803032077,-0.18627824706093754,-0.19155092870011764,0.20995386175205324,-0.97131605710002555,-0.11164449451298886,-0.16525955206696227,-0.14780234061599065,0.97511217229560943,-2.5032810125100804,14.523390861192363,-0.98725415841530273,0.6605810503188627,0.4996722690764235,0.2678571428571428,1,5
