axis_00,axis_01,axis_02,axis_10,axis_11,axis_12,axis_20,axis_21,axis_22,location_x,location_y,location_z,dbh,dbh_approximation,score,reconstructed,number_clusters
-0.91111290270265732,-0.21338810315112358,-0.35261706703207674,0.28527648295957908,-0.94398570592641373,-0.16585630912577276,-0.29747370774398141,-0.25170717995356501,0.92095216420880011,1.0803661783038394,6.8565484325273474,-0.93881386269036649,,0.09790565979278229,0.303030303030303,0,2
0.60906811582400344,0.7551068141918007,-0.24258963178113749,-0.75873162377280856,0.6438236977712789,0.099082638616433016,0.23100292936167705,0.12371234921876867,0.96505590577805267,4.5489192142848269,15.116990721202184,0.17539214097175329,0.2875791391353772,0.1229662535372055,0.4146341463414634,1,3
-0.93778814760502704,-0.12378465199922643,-0.32439289471405042,0.17251024214060023,-0.97692511693203821,-0.12592669400851336,-0.30131977460518933,-0.17405365792408009,0.93750291604619762,8.3982376419927416,10.439367064773577,1.5512167428266261,,0.2049621066722954,0.4285714285714285,0,5
0.75762617267329679,0.59139549270180092,-0.2761411843467122,-0.59503026017613558,0.79969862944197678,0.080131713717750339,0.26821926096969878,0.10360247719343897,0.95777082580555284,-11.660234215774622,-25.929248639304532,-4.5126167076535975,0.3067062985716152,0.2891499636960601,0.5853658536585366,1,4
0.47912348505327024,0.84118160256220664,-0.25070739434904216,-0.85655107241470618,0.51046648672327777,0.07579067408072529,0.19173144347139723,0.17843059559187507,0.96509148589193505,4.9576169843675668,12.797378498939928,0.35320553969716023,,0.0761468767722687,0.1052631578947368,0,5
-0.92316426459977385,0.29602871246468365,-0.24522386091582046,-0.26994891917282593,-0.95340784324889183,-0.13468877261643289,-0.27367009629000955,-0.058141945512682244,0.96006468145048351,21.996719913271306,3.7763712217011149,6.2182724947946877,,0.1646082312844856,0.2631578947368421,0,3
-0.51217743528129023,0.83172555765097256,-0.21425888905447554,-0.84559214945317074,-0.5320223431046901,-0.043887848210656978,-0.15049316121287987,0.15869726899847358,0.97579044125292591,14.81481300843714,-26.050288539580084,4.5810336951801345,,0.166920432973789,0.1666666666666667,0,5
0.67671169868060688,0.72522024473218927,-0.12695224889458048,-0.69301926310378759,0.68565266849162765,0.22272116908231707,0.2485670489744996,-0.062737666683534518,0.96658078159211036,-14.616295876976034,9.009289688770771,-6.6855985769458268,0.5211176917509819,0.5903907585780995,0.4939759036144578,1,5
0.87869172805005447,-0.33051733902932945,-0.34446935372740983,0.39319674359946305,0.91027769088577581,0.12957949798651541,0.27073449702464281,-0.24930466116105893,0.92981181861932816,-9.6170836346965505,21.828385628329244,-5.0900057990204273,,0.1496164999424927,0.4090909090909091,0,2
0.58069953801326657,0.80390473441332855,-0.12855047467440667,-0.78555178334056064,0.59475537034796089,0.1708052842646447,0.21376726185654502,0.0017965049670518385,0.97688296654627949,-2.8132588637142972,6.6917865741856,-2.3358062891967877,,0.1558993784671702,0.35,0,2
-0.70835914053020721,-0.62061025078762089,-0.33625919265446541,0.66160634179719791,-0.74978595249472524,-0.0099032285295254617,-0.24597637390821964,-0.22948625679744883,0.94171741059622549,-8.7181485480813645,22.632308220600521,-4.8025046278917785,,0.1329867308751586,0.3333333333333333,0,2
0.94814523207390644,0.024516181795216124,-0.31689047907077,0.046062539495575316,0.97589581027261973,0.21332043959163038,0.31448189351811134,-0.21685553791068318,0.92416168191866299,-16.563426341405279,10.092112296069564,-7.5830827797044229,,0.3652565410558391,0.14,0,5
-0.95060852480590419,0.01661942164291836,-0.30994713644522853,0.039447177551687453,-0.98399997850961507,-0.17374683443528569,-0.307875547501824,-0.17739176169521473,0.93474317870371204,-16.984222430621486,8.7427694875035176,-7.6554349333681389,0.5755039945667484,0.570943568953176,0.4761904761904762,1,6
0.0077298836559932631,-0.88639280038703794,-0.46286936852711541,0.99876888529701624,-0.015838091068005475,0.047009239877690706,-0.048999618990574888,-0.4626628991969719,0.88517912257657327,13.170981287862448,-26.14789609392583,4.0041345587789872,0.8020331684527084,0.6445468353415724,0.1851851851851852,1,6
-0.80844789165288067,0.55695976279259041,-0.19028354924174204,-0.54710790368631645,-0.83033392562784802,-0.10591748522039611,-0.21699066386823501,0.01847686611603705,0.9759987998007752,6.6796338364373007,4.2359448042881489,1.1643969095730873,0.5083929993267526,0.4662533001589955,0.71875,1,4
0.82920242129100674,-0.35561173921334288,-0.43123501186568008,0.50803552995957124,0.80120763892289881,0.31617435005118943,0.23307347516143798,-0.48125524440285927,0.84502671254281381,5.2195721943199285,-22.072195802055997,1.2012714293285971,,0.1777928454184128,0.1428571428571428,0,1
0.54754955103935177,-0.70155691327881009,-0.45607826804980839,0.82140822147227066,0.5546097250030072,0.1330285181073981,0.1596183662814715,-0.44746614437608262,0.87994092232537824,-1.6198314852211191,9.4316051687389635,-2.0190221089940668,,0.1920748262757988,0.24,0,4
-0.13361763553061673,0.96551386161419106,-0.22344867532849833,-0.99103165144305116,-0.13054318735841838,0.028543687084270741,-0.0016103767469572137,0.22525864970108977,0.974297668796131,-9.3954169120924149,26.914702569178196,-5.0896347374295958,,0.1854800726529535,0.5333333333333333,0,4
-0.49505208393963313,0.84482119075457407,-0.20297928426085821,-0.86194100756187719,-0.50694914754825704,-0.0077628141361233867,-0.10945836500808362,0.17111317147466887,0.97915226031380742,13.601475998974701,5.208843901735384,3.48767060048137,,0.08597760164291261,0.4444444444444444,0,5
-0.66135292351416652,-0.67476537896661781,-0.32757288335163437,0.70827615424387647,-0.70554816946756915,0.023380972829816465,-0.24689511920807827,-0.21654898731926903,0.94453657218883258,27.644503123361229,-14.671339473498799,8.722114710283094,0.2485629104236545,0.3118348535729796,0.625,1,5
-0.76927737771796723,-0.53609631484765574,-0.34758172756652767,0.57959288778675544,-0.81447325234545931,-0.026559473654801605,-0.26885758415633049,-0.22188749946892822,0.93727345904012915,14.791472277092408,3.6116080323030424,3.9950983703704024,,0.1105409271709567,0.3333333333333333,0,5
-0.57843806254546271,-0.73907235757481038,-0.34522667635549759,0.78459923437236623,-0.61987853830907891,0.012435399716018985,-0.2231892677100504,-0.26367147743472757,0.93843694661199273,-16.710416606974608,14.986972914895773,-7.6781247526258314,,0.09190710320401022,0.5454545454545454,0,2
-0.94468576727336195,-0.10884562464872261,-0.30938880248963069,0.12047566537758889,-0.99254060133444832,-0.018675351522210622,-0.30504821776723356,-0.054916160622173076,0.95075222857459185,20.579777945103224,3.1879512243363033,5.8296856532389043,,0.09098105214688838,0.2941176470588235,0,5
-0.53719641667294771,-0.75018846992084376,-0.38553504316931986,0.81743784412387244,-0.57571123157891735,-0.018760299251434426,-0.20788309432914931,-0.32522890005611543,0.92250245618124427,-2.1794658092265622,26.846616848178446,-2.4885502861908737,,0.206061403447818,0.2272727272727273,0,4
-0.66938214926847328,-0.66070206750771598,-0.33970622047844506,0.70172924034523909,-0.71243784334828453,0.0028970001277415914,-0.24393362106362906,-0.23644258786495273,0.94052713472738836,-4.1951629048539214,14.41980730283394,-3.0018158003351951,0.2841937310861669,0.4231752728968609,0.4153846153846154,1,5
0.30908761277943625,0.94713042850269458,-0.08607438080295024,-0.93485748192153395,0.31920517369074086,0.15540124061407384,0.17466063128718678,0.032434680411034415,0.98409433256420886,-25.981552391208599,9.3158153576739089,-11.218137395371365,,0.5706363075896956,0.2954545454545455,0,4
-0.94386405691748332,0.23656752334885126,-0.23055682370266417,-0.17021154857046975,-0.94645711708405089,-0.27431178292991892,-0.28310540579881782,-0.21966959830058194,0.93359337872006598,-11.483064673569562,25.154793708020325,-5.8476193577856659,,0.561158508394981,0.1304347826086956,0,2
-0.89518473564980494,-0.32291757291145934,-0.30719461285081351,0.33433286506666354,-0.94231448687960118,0.016277074465343426,-0.29473008736113987,-0.088134266445046322,0.9515075021681586,-5.9974392736676068,17.609372931694185,-3.6825376831484671,0.3381033003317046,0.2672486594410877,0.9105691056910569,1,5
-0.84812271884979895,0.47286110774938606,-0.23893561172175296,-0.47393857194224359,-0.87872770768306052,-0.056743684894626716,-0.23679122406916114,0.065115194295166878,0.96937605070257982,-1.5595969930385867,8.3149942068896525,-1.9341740589102991,0.5535392965640249,0.2642116314699348,0.2166666666666667,1,5
0.74576281629397867,0.65828451576051716,-0.1024661804851445,-0.61267663978194664,0.73808239199294068,0.28259815586001508,0.26165847377598112,-0.14797256144272078,0.95374994844629157,-14.720560444054616,25.547782356414224,-7.048693054040692,,0.5947333243776927,0.3414634146341464,0,1
-0.90081767520381562,0.35441933802768605,-0.25082752813917653,-0.34763126180598097,-0.93482909030444761,-0.072436715384811612,-0.26015384266924446,0.021943216550350603,0.96531780952795554,9.8556622553351758,4.1012304043690166,2.1968214325394846,0.3691100858071629,0.3564603913250029,0.2325581395348837,1,5
-0.69471008985087856,-0.53701940391680292,-0.47852695940377982,0.67488505412082889,-0.71677806624521567,-0.1753834868911438,-0.24881329302051158,-0.44479137083200243,0.86037932428067898,-1.728289837700717,-32.404777072097716,-0.83201995089568415,,0.1120430317874893,0.25,0,1
-0.38992171426396144,0.91322650537945371,-0.11823031175585058,-0.91765850256291115,-0.39603205526168411,-0.032580421716173577,-0.076576298026549208,0.095791236956406789,0.99245156531838463,-24.745182634607097,14.046393311959637,-10.776697262258924,,0.3406051354990582,0.2941176470588235,0,1
-0.77972414504410281,0.6064321984984038,-0.15578910828307418,-0.59399841471559933,-0.79513046083727423,-0.12220242863404562,-0.19798015292093732,-0.002745700838891319,0.98020218331541464,-20.169812295105917,11.867827904644798,-8.9838943545791263,0.6021886533767216,0.2928979411967058,0.4235294117647059,1,5
0.11943863697572989,0.96240201334921549,-0.24396060480896725,-0.98979098029221879,0.13466850547927184,0.046671286291992076,0.077770349938453609,0.23589565136593066,0.96866145496612721,-11.143682175678393,15.018912153617325,-5.5394555793857814,,0.08025216991375246,0.2666666666666667,0,5
0.49406753252572216,0.82749572277745698,-0.26673601573270428,-0.84478775932303962,0.5294326164660359,0.077683629677588323,0.20550161800312364,0.18695436182913841,0.96063372395057878,-1.4676951013610817,-23.357457194570067,-1.0306038879202175,0.8534854863831787,0.8131400624773979,0.9380530973451328,1,7
-0.77740680641199233,-0.47822288821020004,-0.40858478500331274,0.56800640260456214,-0.81278450649180745,-0.12942207156082458,-0.27019878597901376,-0.33269237322001494,0.90349786986838176,-22.303803555293158,11.105777847831646,-9.8347936116321666,,0.1214061218597845,0.2987012987012987,0,5
0.93862052556321018,0.21629966026311739,-0.26871167812639624,-0.16887365326049364,0.96738360774290355,0.18881378314302175,0.30078762977539231,-0.13184616960831852,0.94453342414851404,-10.745325942084484,-21.413341341618139,-4.4257897100189645,0.3075034325499203,0.1905052134543435,0.4150943396226415,1,5
-0.55579341101280333,0.81549268530018526,-0.16144771443611777,-0.8219552209610943,-0.56813819724167081,-0.040107400436625779,-0.12443190511099782,0.11041136289747418,0.98606593690968269,4.1653553721128374,26.93997910701777,-0.2360040831837289,,0.448827728257187,0.5833333333333334,0,6
-0.89484654731663638,0.29986532229605761,-0.33065154655585066,-0.28575729217910512,-0.9539010083838203,-0.091736776544613693,-0.34291752174824763,0.012395752845727867,0.93928372635185575,-2.5247156266565058,-24.986752692549238,-1.3522822730099098,,0.1783314563261964,0.4347826086956522,0,3
0.55057048939792153,0.80659525352973915,-0.21511911395184882,-0.80592274742985637,0.58076014170721091,0.11491815774424818,0.21762504768349777,0.1100988409907921,0.96980285823111456,28.454491247851717,-9.9018888696415281,8.7789984205248839,0.2208121010142163,0.2781800618694708,0.7804878048780488,1,5
-0.33483548071389474,-0.86142624938511081,-0.38187696673849864,0.93037384440092064,-0.36645121620435067,0.010863507582928863,-0.14929738949408025,-0.35165085384889039,0.92414932044426645,3.5270452829099863,9.7215211697544408,-0.10955432514430703,0.8871514457870568,0.9035126428550191,0.8389830508474576,1,5
-0.86757645238623227,0.42715987068634559,-0.25464788265396021,-0.43127261980354192,-0.90122343865041765,-0.042429247399732556,-0.24761871228303864,0.073012043543120519,0.96610259021749256,8.1557345517229685,4.7336290458519059,1.6027367327094473,,0.07183532072129997,0.1052631578947368,0,5
-0.91333109689812486,0.33074797145403767,-0.23755438707358728,-0.3056553485232209,-0.94226873058609117,-0.13676420320692573,-0.26907455353120446,-0.052301230757182071,0.96169821976713021,27.478438334074763,-0.030089018647642067,8.1896534480632468,,0.1847601499703899,0.4444444444444444,0,1
0.71404858979519126,-0.59698841364376931,-0.36570404070312801,0.67215755088631435,0.73068180092115664,0.11961744266254791,0.19580305972586654,-0.33122339859634287,0.92301257955906402,-5.7126455618513594,-24.991277231211978,-2.4775304253629811,,0.1276716960450561,0.25,0,2
0.10402622339954404,-0.85892733574681668,-0.50142035933147266,0.99457113821142296,0.08851662317609342,0.054708851736590375,-0.0026068912641117703,-0.50438937273536655,0.86347238797170622,10.693145954126187,-24.827686310489891,3.2094075976194536,,0.2785818508076839,0.1904761904761905,0,5
-0.80117637909819384,-0.47574407630226595,-0.36302063775825499,0.54382902162206803,-0.8319675090451083,-0.1099093223291885,-0.24973266669919425,-0.28547791115352655,0.92527615198205959,-5.8498549954154413,13.601272606480736,-3.6135939596707511,0.2002196295549232,0.2349512158629832,0.4468085106382979,1,5
0.61654098349836006,-0.61336483226566618,-0.49362009501901954,0.7720923972015229,0.59374793882257604,0.22657606962684418,0.15411212103686386,-0.52081375527500562,0.83964426185490337,-17.745620028548984,23.473342914362892,-8.1331383495565071,,0.7046046086671132,0.3448275862068966,0,1
0.083645490877296419,0.95760100445354079,-0.27568777289801544,-0.9938039969742184,0.10048385367970034,0.047503797192922942,0.073191853740466814,0.2700061321882305,0.96007272699873514,-11.430915673270228,13.899683583688299,-5.6985823492344982,,0.09925655279978376,0.4393939393939394,0,5
-0.86893555605694039,0.41896960593091115,-0.26346815505125565,-0.42755674807756594,-0.90359148120501698,-0.026789219231995256,-0.2492914490979431,0.089369482486025706,0.96429604842435557,-5.125367287901077,-24.165696195956201,-2.3092296909350565,,0.09718272198650352,0.6,0,2
-0.70760948562612103,0.68069009625952037,-0.18960434780390301,-0.68143033987911783,-0.72835938937788924,-0.07173068936864084,-0.18692647684094546,0.07844483895882097,0.97923689651511714,18.429000470892273,2.557847022797465,5.1513214043248663,,0.1265788945091455,0.1666666666666667,0,3
-0.89549138856048383,0.35302596551676924,-0.27104951703511859,-0.35263771459775539,-0.9343219328991279,-0.051857187996567661,-0.27155444252909972,0.049144616944201101,0.961167514727854,-7.720406932146977,25.885260008501451,-4.4555743808340589,0.7201794333866626,0.2327659302913063,0.8717948717948718,1,5
0.93770555319260018,-0.076834035202910073,-0.33882860939743276,0.18602891967214338,0.93469673338012516,0.30287828851560078,0.29343063329750574,-0.34704257324276827,0.89076367000437517,-21.275150974803537,19.299157655472616,-9.5157640065351412,,0.5226106227752964,0.2222222222222222,0,5
-0.14167685752963269,-0.88126214045997298,-0.45089323329634917,0.98382588535729876,-0.17578576123394643,0.034438255593596222,-0.10960974108835426,-0.4387213306180926,0.89191327981998081,-13.483832905800043,-23.606426788154323,-5.2537890144850294,,0.3187378442966978,0.6129032258064516,0,5
0.95451634942995267,0.028895169195984956,-0.29675513115707464,-0.0088346409855771107,0.99759688895616716,0.068719693419236422,0.29802766279252191,-0.062972345852074452,0.95247781909518214,-12.498467363464679,-22.428843893267405,-4.9686637141235055,0.456331874426984,0.446489075990336,0.8469387755102041,1,5
-0.92646769341386848,-0.17519922098201776,-0.33311086146759183,0.22659203852190068,-0.9663219080387615,-0.12197548164618094,-0.30052231387848138,-0.18848661228751087,0.93496477786572363,9.0734623754147368,9.1460591667101614,1.7902186065195864,,0.1121215293740583,0.4761904761904762,0,5
-0.89923714874085403,-0.27389386463985765,-0.34110804921177695,0.32772436165323804,-0.93828232429593417,-0.11055777988363716,-0.2897745556521456,-0.21120708043639158,0.93350001396365234,-12.270024747366234,17.821792390149199,-6.0574754243037461,,0.1818587396731882,0.2291666666666667,0,5
0.21230169922552478,-0.83753855388503629,-0.50344528924414023,0.97659441443002648,0.20004219562227271,0.079034610612652989,0.034515767556699717,-0.50844103957763054,0.86040477164134166,-0.12672316464335948,10.430918801828374,-1.4471844458328009,,0.1841896630047569,0.4761904761904762,0,5
-0.94646201019737741,-0.089172583328613664,-0.31025459486628526,0.12946010297386953,-0.98526776149791129,-0.11174757219238331,-0.29571903048525044,-0.14593042361138506,0.9440627979501508,-30.481467137119715,13.59548554388237,-13.187386616707842,,0.2296189391739753,0.3529411764705883,0,3
0.75325309958996622,0.59404140602372568,-0.2823554070448519,-0.60264257577554725,0.79531474265992153,0.065546822733043866,0.26349894462923906,0.12078604239372331,0.95706793810164759,-25.089809804547404,16.531516302092172,-10.998808368213995,,0.7796666359239361,0.8,0,1
0.91017664372045204,-0.21045823151847981,-0.35677136938365273,0.32126996013698561,0.90235049397246725,0.28731376357777277,0.26146527482507592,-0.37612620064781255,0.88891225171379473,14.147310539128393,1.8468570249573035,3.720070296734403,,0.3933319123770651,0.4791666666666667,0,2
-0.73836048870170756,0.63386667176483247,-0.23029726691810545,-0.64500688280887397,-0.76344925177357736,-0.033337082888933722,-0.1969515418912843,0.12392853744048804,0.97254912870996213,8.0568951106584201,12.959223827488175,1.3803787969079087,,0.09725983736408575,0.2,0,5
-0.90735691914042327,0.31764989418134587,-0.27532156837883159,-0.32528104005761321,-0.94543092083807012,-0.018778149597793604,-0.2662624011516409,0.072518402146347555,0.96116877554522329,6.8428601160065803,5.7838714694896334,1.123372475347644,,0.07357412653177159,0.2926829268292683,0,1
-0.95417899410841489,0.045802314205828094,-0.29571032314690071,0.0047076097296028093,-0.98579630996497392,-0.1678793425948388,-0.29919940777496146,-0.16157903104311555,0.94041051201817205,-20.893522934868006,10.384956183630388,-9.339954596679684,,0.08585409328085929,0.3684210526315789,0,5
-0.94254945363971532,-0.14381237079756345,-0.30152699621934037,0.21903126786586966,-0.94755290167806061,-0.2327419219190158,-0.25224161262675049,-0.28541461162153503,0.92461487568196976,18.626555641144481,-0.4446077965785738,5.303475190910877,,0.6112295603582373,0.4716981132075472,0,2
0.098745901986549436,0.9950842951601242,-0.0075161404019490497,-0.99197498356162372,0.099031065488111344,0.078603308175970263,0.078961248905902573,-0.00030593131329266358,0.99687763922020656,-16.852552179212598,-21.615861472700889,-6.5698196131751514,,0.4175604876790051,0.2666666666666667,0,1
0.44173730969465491,0.88606763166607538,-0.14054288077807614,-0.87661332722660379,0.45962146414043509,0.14246818672990089,0.19083297344125746,0.060268248813739059,0.97977064378990941,17.234083821471017,-25.820197514511705,5.3685954208087825,,0.2984229594303803,0.1363636363636364,0,3
0.24581634135116628,0.96847228855768108,-0.040444438685360323,-0.96145530585741679,0.24891361307102575,0.11681484523188357,0.12319911186103621,0.010170522296060342,0.99232985408727714,-31.807564810059038,22.237464734097486,-13.57426414764695,,0.2481200985878906,0.2142857142857143,0,1
-0.60427322500152414,0.75998363881571906,-0.23932976889362503,-0.78373385172859589,-0.62106114187101702,0.0066564038735688067,-0.1435796615155395,0.19159312824390942,0.97091552362128608,-19.377666756688207,14.748980939499962,-8.7417275427521073,0.4187149464060652,0.1903139840257491,0.6190476190476191,1,5
0.83298739428406909,-0.41656173749069086,-0.36415425278660779,0.50472754480224102,0.8417312107786552,0.19167335317930906,0.22667621507722821,-0.34346016895680198,0.91140167097631886,-13.880631885323124,20.240560132803104,-6.7045723024868957,0.5466538824171103,0.3221065033244512,0.5806451612903226,1,5
-0.50591331737829692,0.83636142274573932,-0.21107175519716148,-0.85559240577549467,-0.51764994529237396,-0.00041148281229935838,-0.10960543088090607,0.18038321618578107,0.97747048284840088,15.647351979733958,4.1576473324204164,4.2104649517543056,,0.1317439111212326,0.2608695652173913,0,5
-0.67840223600158334,-0.60691382710938568,-0.41403624557699253,0.69464962908532091,-0.71337792458778859,-0.092486915412109516,-0.23923272978352933,-0.35035345463440087,0.90554964404281157,0.40704797670381049,8.9149924415183097,-1.2476239645376139,,0.09539613398696128,0.1521739130434783,0,5
-0.87823997177505264,-0.33079523178353343,-0.34535353857436102,0.37912166668171882,-0.92177793916089434,-0.081192319395187229,-0.29148124095562333,-0.20223734943272142,0.93495387087566872,11.807079318529611,-34.298245263532387,3.8089040934924832,,0.1955491246580522,0.1578947368421053,0,1
-0.90357517156846112,0.32243759120870702,-0.28210974655363241,-0.34022571705701299,-0.94022275374703757,0.015087570691826285,-0.26038120281247135,0.10961374508639989,0.95926349670466771,-15.489924369241773,-24.811381776050968,-5.9054046524197616,0.3216317882432818,0.2512889473224184,0.7241379310344828,1,5
-0.28238467874817474,0.91984885391619375,-0.27228106646874006,-0.95839349603494939,-0.28285978987044175,0.038369858383331602,-0.041722894988213383,0.27178746333029019,0.96145242982182355,2.1915613106519523,12.801248972243124,-0.71219011719987402,,0.0705581415361394,0.2592592592592592,0,2
-0.87946781953308617,0.4282986496447041,-0.20759725701039797,-0.42408661307493539,-0.9031602365711906,-0.066724296079468726,-0.21607151366237129,0.029357346426296126,0.97593608765864248,13.631989170298631,3.9288719322585619,3.5321280277818219,,0.2680720939854454,0.2,0,5
-0.63868955561016871,-0.61336654195162754,-0.46460427975728807,0.72495885839590779,-0.68204588804635091,-0.096166835407890006,-0.25789591929262579,-0.39823974162979786,0.88028109317356373,9.6322714956694995,15.201774472539805,1.8992868612325775,,0.2988368992194784,0.1428571428571428,0,3
0.30366937879245265,-0.82709096776123014,-0.47297509388084802,0.95106914667710962,0.2928515825803466,0.098516134815880174,0.057029699479132286,-0.47974835239735591,0.87555075909357882,-10.941767205149986,-23.413379972984959,-4.3619615073616771,,0.2376092074542174,0.1666666666666667,0,3
0.63778810956351739,-0.68766896740549666,-0.34689727379564855,0.75162510375413782,0.65404348909412502,0.085362859489155438,0.16818451387085795,-0.31518011618920638,0.93401041945632612,1.1401837240451045,12.98463723716508,-1.0362876417006299,,0.1541529521378886,0.3157894736842105,0,5
0.27178186296373474,-0.83209298382637609,-0.48348307646791461,0.96161980653617285,0.25449846181517011,0.10255671899512671,0.037708972954652448,-0.49279995860453357,0.86932516020075867,-20.472047312144607,15.407697569153655,-9.0839186338723614,,0.3465652485981808,0.2941176470588235,0,1
-0.54753200590163864,-0.74043140806153473,-0.38983333935073133,0.81007170999960953,-0.58579145267031019,-0.025143560541774208,-0.20974395622195641,-0.32955986396165171,0.92054210598643504,9.9267542578986045,10.63058303644895,2.0798408621548017,,0.3570487432157227,0.5925925925925926,0,5
0.71460988856842511,-0.53490933479912461,-0.45078233184651501,0.66172060351131534,0.72588916073421694,0.18764532825838004,0.22684477082102664,-0.43238516379882019,0.87268810011241915,-25.398875745904139,12.141548763356939,-11.050218628497301,,0.5721370671112285,0.1351351351351351,0,3
-0.76828276816300534,0.59133349220165687,-0.24508424907444354,-0.58633651949875443,-0.80372429050375738,-0.10117682914738783,-0.2568094119106184,0.065969431214964361,0.964207944428637,6.9303662838075732,14.295744419138874,1.0449120621613095,,0.2580296614434114,0.4090909090909091,0,5
-0.61617253757671853,0.74339634707271651,-0.26017931334986905,-0.77198959259447919,-0.63551312385524183,0.012455453968555567,-0.1560880292081305,0.20853043079295158,0.96547997730208179,-4.1186113460722735,18.629731600188968,-3.0098345132336846,,0.107116761043889,0.3333333333333333,0,4
-0.94860525711184829,-0.096005556912274623,-0.30154767321557646,0.098705729861936514,-0.99509667536361701,0.0063075805741083122,-0.30067464986624082,-0.023781079080656499,0.95343023615027711,-6.6203229089728728,12.163185188836598,-3.9244993886300232,,0.09844418290266639,0.3536585365853658,0,5
-0.40905032566856453,0.89875656095030165,-0.15784319820386977,-0.9099704012307106,-0.41466307873144731,-0.0028982789677919692,-0.068056593761802134,0.14244709644546041,0.98745993577450852,-18.559235408014963,17.568224617330635,-8.3886962927816082,,0.1668282175860379,0.3773584905660378,0,2
-0.80373961143774353,0.56208662088669203,-0.19509297174959431,-0.54879485662637451,-0.82702802457417979,-0.12185586530557346,-0.22984090659920664,0.0091256336280203226,0.97318542964048971,-9.8930001601006001,10.000191122235075,-5.0283966312913906,,0.1521393776751355,0.3513513513513514,1,5
-0.79394203138743424,-0.42530371073370643,-0.43447992408457003,0.52447162433152184,-0.84056457054223421,-0.13557550671195889,-0.30754766470817041,-0.33551148472934417,0.89041927065133863,3.23049186944194,-20.001932051272302,0.51530460954631663,,0.6144631302692979,0.3103448275862069,0,3
0.49231872641978625,-0.80551842536815443,-0.32979135526694192,0.86273018311723026,0.50182642853092818,0.062184135970532795,0.11540755068412131,-0.31513537094445615,0.94200360680030837,-9.1715116871819635,-22.34879062723202,-3.760165488663588,,0.09456071587314277,0.2,0,5
0.47079703405766116,-0.7289737734745485,-0.49693801455391395,0.8756864047774654,0.45465328247428244,0.16267671383230289,0.1073474415644166,-0.51174957774446383,0.85240183978446238,1.000245747674728,33.258710581391725,-1.5558636951144946,,0.3495673583976077,0.1176470588235294,0,3
-0.85705122338463902,-0.35085418455615264,-0.37731226016965164,0.42772166158618063,-0.89278671313178215,-0.14137208021849945,-0.28725838665711845,-0.28254774116029702,0.91523187950396667,1.8343488278497142,7.9431483886549739,-0.68510571642952223,0.7602204243857558,0.7991871982259322,0.6285714285714286,1,1
-0.76570837834983108,-0.56201723481250665,-0.31277357161144159,0.58585966777949827,-0.81012863261938106,0.021448736082808229,-0.26544138523254007,-0.16681794383086559,0.94958551201135877,-12.558646845247326,14.50443804040691,-6.1297287903348474,0.1616550537702748,0.1627616629944107,0.7628865979381443,1,5
-0.61788577761565266,-0.67459599096297784,-0.40390272937550037,0.74005681909469356,-0.67248479329817357,-0.0089502678260324851,-0.26558062868316501,-0.30444121232085403,0.914758152687837,7.8179177431959825,7.9118528502773255,1.4233452725457629,,0.1690925302990782,0.1428571428571428,0,4
-0.75430749128769536,-0.57638145319811473,-0.31433203622363248,0.60049841607303578,-0.79924945447246554,0.024534910214709715,-0.26537117567859686,-0.17024902330027677,0.94899600061552591,4.4200241179864346,13.730775542654671,0.19883694772437102,0.764730232022757,0.6199299413550546,0.9226519337016574,1,5
0.85669253691809411,-0.31495862940731023,-0.40850821160744138,0.39807617699298142,0.90732414839235564,0.13527101335741076,0.32804459224241772,-0.27850305475157139,0.90267535359870699,-8.9026997051912069,18.436127923910533,-4.7443670249025525,,0.1760273855244589,0.1739130434782609,0,2
0.92174091217064358,-0.20500224110759413,-0.3291926061923251,0.26667311809150412,0.9513667616757755,0.15422948118276461,0.28156551443347266,-0.2299464414149823,0.93158225356776814,-12.511957585349217,21.74224800789078,-6.1754883803819069,,0.3112485383624721,0.2352941176470588,0,3
-0.91299163922856963,-0.23614061967009542,-0.33269186109755416,0.29067914614214346,-0.94871040400828421,-0.12431493604758242,-0.28627242391960395,-0.21020508335495464,0.93480582060390094,-1.3161310300711435,6.1149905095951604,-1.7574578546943209,,0.5082277462130892,0.4482142857142857,1,3
-0.017463008153069316,-0.93551506301513943,-0.35285494217599656,0.99838665266427284,-0.035385748325581196,0.044406537776185431,-0.054029021165249526,-0.35151019286390361,0.93462369389220312,14.87733711080654,10.848750044021838,3.7184959955487344,,0.09297159898815659,0.5454545454545454,0,5
-0.96403762025230666,0.051052746045915927,-0.26081618787843958,-0.018183454461571557,-0.9917467324559166,-0.12691643174490028,-0.26514303445897691,-0.11760967555513972,0.95700947513266632,1.8625305240219072,10.798868101085743,-0.74651666922073512,,0.2730640317235564,0.2333333333333333,0,5
-0.95486294328794419,0.0081103626147720539,-0.29693598898372242,-0.0060015158848138565,-0.99994988602288548,-0.0080129426494451941,-0.29698609621086436,-0.0058691959479880412,0.95486376577832055,-4.8247281928766084,20.424154478759348,-3.2697879643106216,,0.08367523631982439,0.1851851851851852,0,4
0.87776800960388335,-0.34498531480798966,-0.3324281183697726,0.40625532214061072,0.90376082238303068,0.13480722962057859,0.25392899509206107,-0.25338016594117813,0.93344445842222201,6.4088921414135536,-25.230839010856375,1.6471254656829915,,0.2067187823730532,0.4642857142857143,0,5
0.45860252049690786,0.8763503644873093,-0.14728804044063817,-0.86914215746935963,0.47686637495886514,0.13111205338601684,0.18513680969323737,0.067885927087658157,0.98036516798591877,-2.3108519523597066,10.513595600557114,-2.2503996597053804,,0.434469272471563,0.1587301587301587,0,5
-0.60665817875488437,-0.71875979928104616,-0.33963245588029206,0.76225329864627367,-0.64722732371868519,0.0081670150498722224,-0.22568952756537705,-0.25393137334606825,0.94052277738388568,-17.250420354333528,21.681156963157964,-7.9067595142551967,,0.0981647235221918,0.28,0,1
0.094559832170812944,0.99110335315064868,-0.093662060159752508,-0.99061984713455409,0.10299970672408687,0.089796318843628056,0.098644597434132772,0.084292370878351078,0.99154628717411164,9.7863292977142056,16.903150040696506,1.9067624972126824,,0.2860651449788452,0.1304347826086956,0,3
-0.94842026477801944,-0.094196144660749812,-0.30269801401635155,0.10180007582612681,-0.99476042543621901,-0.0094042834787302389,-0.30022615795461116,-0.039733893806227466,0.95304012075190692,5.9752075493688439,12.118979654404976,0.72164788851022743,,0.07050577594529987,0.4210526315789473,0,3
-0.68045781244456582,-0.60641154714189127,-0.41139056986777556,0.69980122103755849,-0.70430102904588332,-0.11932439616126943,-0.21738311000971947,-0.36908684069997255,0.90361467866818901,-4.2798433786303214,-35.114386511602014,-1.5427739393926858,,0.5426865209938208,0.1904761904761905,0,3
-0.10241926156440685,-0.91795450646732768,-0.38323598332740999,0.99233437705921002,-0.12106920566425951,0.024793780396213539,-0.069157638530476337,-0.37775888010230874,0.9233176319862727,-14.446170413822562,-27.907677658792114,-5.3595007550558993,,0.2445638083684602,0.7368421052631579,0,3
-0.40221454951433633,0.90299872293466044,-0.15105218481488705,-0.9135522419775215,-0.40671972428690645,0.0011692107704600828,-0.060380107128278911,0.13846433567657102,0.98852509852245152,11.710206231628508,17.480351775364873,2.5130561212328608,,0.413426356991519,0.2692307692307692,0,4
-0.84279502128006145,0.4808081197502953,-0.24190928896536162,-0.48125427282431982,-0.8744330731373503,-0.061328015554925279,-0.2410204908174329,0.06473293277579617,0.96835880252123929,6.1450143797407017,11.29059798323798,0.77113125290653706,,0.08110831879279838,0.16,0,5
0.5004938251747465,-0.77750665469266411,-0.3807746484084405,0.86063735878745273,0.49451871900684119,0.12146840416828268,0.093857698785484486,-0.38850307393951716,0.91665483903061262,13.216923296640388,-29.158130938591743,4.1394013365336146,,0.2281373377338138,0.1428571428571428,0,3
0.7496431141990012,0.63317517369309051,-0.19267693362919305,-0.59689518393203278,0.77256367580013885,0.21647518618290515,0.28592191369807379,-0.047271198978904271,0.95708625160657745,4.7047160229493121,-24.277164529337892,1.1144559447002631,,0.1264584828006401,0.2222222222222222,0,3
0.043029235450055499,-0.93024472866098873,-0.36440805382843561,0.99871806388955131,0.030317707427203536,0.040534744073025618,-0.026659215241467159,-0.36568508503192043,0.93035676212295426,-3.5940854054083382,-32.543088817317177,-1.4120347625396461,,0.2249672790696334,0.4545454545454545,0,3
0.039409889681450393,0.98832409643390562,-0.14718132015782434,-0.99625793976091093,0.050203430426979549,0.07035433914627838,0.076921895833644435,0.14385790204735888,0.9866042397840642,5.000732058211109,7.6619270236435852,0.46613317901283652,,0.4342569717216412,0.4083333333333333,0,2
0.47580941720776376,-0.67842689608373852,-0.5597699037699263,0.87320539463490288,0.44065732536695629,0.20816690510488045,0.10544068131851202,-0.5878418735260571,0.80207493069691638,-8.989787146267151,-23.400660363738201,-3.6859960200772872,0.9329061995733776,0.6775891328816204,0.25,1,1
0.91357056196695197,-0.21902351346559218,-0.34266241237780376,0.30483805111060713,0.92652548254640466,0.22050916712744659,0.26918876444323481,-0.30590722570959461,0.91321310675886869,-17.239838767684223,-23.319684218701838,-6.5535722010751485,,0.2814743243355272,0.4347826086956522,0,1
-0.75102597411889471,0.62053802871853325,-0.22559375237998402,-0.63282390992982918,-0.77397659633572857,-0.022228975362883881,-0.18839820917378206,0.12606658256126843,0.97396782880207811,21.213843783858138,7.6698881408889727,5.9524271864647433,,0.170363754601269,0.2857142857142857,0,2
0.91571516122767482,-0.25441701996787958,-0.3110268854109528,0.28782238890749012,0.95541537924343989,0.065876593329503907,0.28039974311928295,-0.14984469645529319,0.94811526250918576,-16.713781903026256,-24.336255516526233,-6.4031225063837045,,0.0921925422428181,0.5294117647058824,0,2
0.88693955265214131,-0.28260343079904082,-0.36534029457730333,0.38112702644356972,0.89461567064712821,0.23324877608868944,0.2609222482953526,-0.34611862523302711,0.90117782796254908,10.407403498528579,7.0725723416175619,2.3963359229769741,,0.209695532661287,0.3846153846153846,0,3
-0.94890400063787561,0.13626399077595169,-0.2846283935085292,-0.11524339741868014,-0.98930426332359722,-0.089420545296677867,-0.29376888352042146,-0.052049970101494078,0.95445829855871611,-2.3609436054366513,25.18426203653226,-2.4615841796381259,,0.1045398600811223,0.24,0,3
-0.88844759253576999,-0.30404325043511338,-0.34382928493984771,0.36682795980382238,-0.92061856652350171,-0.1337860339436811,-0.27585888280706383,-0.2449880748874636,0.92945291432077115,11.68822522520556,5.6987939801411525,2.7909188249479606,0.5182022363564047,0.6005298334818294,0.2686567164179104,1,4
-0.51810554808056186,-0.78793270546194472,-0.33275921130986191,0.8298529388502085,-0.55730198770700734,0.027542592098270448,-0.20714907899822707,-0.2618712396603326,0.94260952303111578,-19.259134440821146,-21.920720521251191,-7.3636964227990767,0.4976886269940293,0.3848875972112376,0.9354838709677419,1,3
0.59172556854127889,0.76148647127419056,-0.26457362982897886,-0.77320439530445351,0.62896571815646152,0.08097585112736283,0.22806975822404515,0.15665401191896719,0.9609597837231888,-7.8825198572086697,-22.660601201337883,-3.3669674284455673,,0.2708318081786185,0.3333333333333333,0,4
-0.2062773398808915,-0.81607225551804108,-0.53988492554002854,0.97363468749002768,-0.22609992107096777,-0.03023774144840426,-0.097391757186434988,-0.53188805162872499,0.84119554573638777,14.301302446107796,-23.916430199243273,4.3059526314854724,,0.3718401458709354,0.125,0,4
-0.043290966547738473,-0.93512336540133489,-0.3516677177334368,0.99713858238856412,-0.062276853683237765,0.042851382794982261,-0.061972088293748055,-0.34880637175343882,0.93514361212420971,-18.418594721833685,18.345172404517584,-8.2791617576260066,,0.09987562085703919,0.391304347826087,0,1
0.95154636671603388,-0.06827843756784531,-0.29982922965049569,0.099422777024069306,0.99097939956646941,0.089860675735845677,0.2909890434334908,-0.11531645415193126,0.94975127902177003,-10.083882942986214,-27.191653547323021,-3.9429326486259866,,0.1000713083262097,0.3333333333333333,0,1
-0.15323448738569642,0.96232714957863408,-0.224601088731786,-0.98793253937781556,-0.14399873592325957,0.057040877368815149,0.022549712063431235,0.23063135354145622,0.97277987707882396,-8.5119945129411807,-35.423750997896249,-3.0083148255643035,,0.1629746918838424,0.2105263157894737,0,2
-0.77925551531298554,0.5712100260253844,-0.25783705711626081,-0.59049470211896438,-0.80703493614129707,-0.0032586219248715948,-0.20994487043919424,0.14971211712982069,0.96618291920359345,-9.8762482442993882,-28.982129039737558,-3.8025941915291495,,0.1298130139397953,0.3333333333333333,0,3
-0.25933005364886064,0.96549303175192391,0.023898303558143649,-0.96520189001480539,-0.25823060423338706,-0.041258533045997782,-0.033663552788245059,-0.033766265350759689,0.99886265549270348,9.2836462557326129,8.1782025339006186,1.9050478497814822,,0.09069703561913681,1,0,1
0.56025771538177449,-0.71451939902765449,-0.41901470232958909,0.81733988562946736,0.55896815791949317,0.13967859460668325,0.13441281082696058,-0.42073343918120898,0.89717142700843289,-6.4465871068488463,-23.117623334334812,-2.8004243900646224,,0.3566244263816918,0.4333333333333333,0,1
0.34043701273818938,-0.85223217367134263,-0.39724421017469402,0.93833912076853065,0.33497252562012453,0.085516673900571466,0.060185835486761464,-0.40186282390772804,0.91371983450490302,-22.916134013056674,20.292484269868488,-10.175820840653094,,0.1616065480094022,0.4545454545454545,0,1
0.75621618884688258,-0.55780808767412438,-0.34203393552574951,0.62266481088155123,0.77410817339528348,0.11421501290312167,0.20106120713787237,-0.29934373754590954,0.93272060006001134,21.188081955914196,3.8443611061768523,6.0364740847455449,,0.1292313629643286,0.391304347826087,0,3
-0.23510434852145798,-0.8501530813823962,-0.47113234183435193,0.96382891351849997,-0.26652171449287387,-3.4198389804386659e-05,-0.12553792563226349,-0.45409901334378455,0.88206253480586772,27.22736112392694,2.2558596082396667,8.0621591779276649,,0.3269062423843829,0.7419354838709677,0,3
-0.85778208479512608,0.47218400633986557,-0.20310627553417041,-0.44286202490928905,-0.87948575254787886,-0.17429296588943863,-0.26092742649589923,-0.059557327190921633,0.96351948754558259,2.6417866776457126,-22.997988564333419,0.36526588939715343,,0.5241620024029723,0.4615384615384616,0,2
-0.78029483740723327,0.60150485614071114,-0.17126550953056047,-0.58737267573203134,-0.79886895646170619,-0.12962148820770195,-0.21478665349367981,-0.00054629747193746302,0.97666083930915282,12.650470265849279,7.2325940023321804,3.107344138883497,,0.7459903939137342,0.5901639344262295,0,2
-0.95396719216651293,0.15856404210196065,-0.2545663780278693,-0.14860183086268666,-0.98719309721948745,-0.058028309181420372,-0.26050737443342736,-0.017528073324945753,0.96531273404597673,-9.0894898016046515,16.688057237808898,-4.8342634133957105,,0.1335662517826102,0.2352941176470588,0,4
0.12354278864705089,0.95908972984885466,-0.25472351574160212,-0.9894366966137399,0.13867258974567762,0.042248505859005442,0.075843277667843018,0.24681329573521582,0.96609057250390395,-0.43603199616783828,-23.61154672580621,-0.68999678342275406,,0.1094251159164671,0.1904761904761905,0,2
0.27347271508089688,-0.8190151053564847,-0.50440750520208122,0.96126701001921,0.25142135245723257,0.11292935392227754,0.034327970446991998,-0.51575339138631071,0.85604908137238722,15.963852393759979,6.1657943117796554,4.2736248268047099,,0.6946411271986356,0.1818181818181818,0,3
0.79359134453541302,0.56553691797419059,-0.22445661560027666,-0.54368218130951196,0.82472155550991855,0.15570498259154386,0.27317112513039854,-0.0015330641067772984,0.96196423327971925,24.123871743426957,16.482939132883576,6.5266403388248095,,0.1425363688625404,0.4,0,1
