axis_00,axis_01,axis_02,axis_10,axis_11,axis_12,axis_20,axis_21,axis_22,location_x,location_y,location_z,dbh,dbh_approximation,score,reconstructed,number_clusters
0.94714888466190017,-0.11145470904194087,-0.30081030254314012,0.20164542857103251,0.93614192544208374,0.2880580090294203,0.24949571423197597,-0.33349084434503629,0.909140113138735,-6.6473456844374432,-8.0314023646426076,-2.7430225898314196,,0.09210520014200062,0.2982456140350877,0,1
0.064276565215900486,0.96909105184672284,-0.23818282136766114,-0.99027853582700154,0.091443606504532954,0.10481645056848159,0.12335698052553369,0.22913009418244742,0.96554774884288674,-6.10854048889433,6.126320845263991,-2.9250617306200519,,0.08353435867983688,0.375886524822695,0,5
-0.49858912243798964,-0.76545575478282135,-0.40680016526100149,0.8365380973289035,-0.54787986849860515,0.0056268473668894484,-0.22718472374667831,-0.33749835134977157,0.91349984353164115,-23.298022102153666,5.1954673742453377,-7.4345451386269712,,0.4595262468038513,0.25,0,2
0.95498566619553904,0.14977588274176545,-0.25606554299629541,-0.098875143499530277,0.97453358585904126,0.20126598329242243,0.27968926214463435,-0.16688761182797035,0.94547471762038493,-23.984807082115847,2.9207506167286565,-7.4381397509767506,,0.1612808923346499,0.2592592592592592,0,2
-0.19328181626950253,0.96638970597031881,-0.16950833517607014,-0.9800335427722997,-0.18194532336143482,0.080188243203586182,0.046651843915721504,0.18162278354188827,0.98226104980181261,-16.510555565669208,12.132682687604682,-5.9669656178513906,,0.8893014378108035,0.7971014492753623,0,1
0.93125358243093082,-0.18659168494055628,-0.31297013966288106,0.28329923940787699,0.91094634056872459,0.29986381168018439,0.22914690955908071,-0.36791345139243675,0.90118332548046454,8.3907337670468927,-9.1810221482772061,1.8195586425687575,0.4464775444467804,0.5559372539294893,0.75,1,4
-0.95005603505410996,0.085924147717336002,-0.30001761797653309,-0.072350632376085827,-0.99580116597896273,-0.056084078219387601,-0.303576870416776,-0.031576552598206901,0.95228357387595863,2.9910075806481058,-16.143120293048693,0.68305241962331076,,0.3960205749975729,0.2142857142857143,0,5
-0.76649791945546741,-0.56002268639075103,-0.3144129930491536,0.57782223493569318,-0.81502674080088167,0.04304505306552342,-0.28036120324388875,-0.14868087471890859,0.9483098613894404,2.4360363935241871,10.218239759351864,-0.69590553867231364,,0.1293959993706583,0.5581395348837209,1,5
-0.94264612232107248,0.18547572571244292,-0.27751944660597982,-0.1637596198602532,-0.98144964084006525,-0.099696486388103189,-0.29086263936138657,-0.048532027222757894,0.95553313252727057,-22.886656625861658,0.18169386965013817,-6.9741964892391319,,0.4073502731731686,0.7102803738317757,0,5
-0.94533916136518692,-0.11728863716050657,-0.30426509096903803,0.15704153482219207,-0.98149459199068112,-0.10957336461812842,-0.28578283071251182,-0.15136624949465496,0.94626446207382564,-15.1228693869568,5.7597832680800876,-5.3566636636405001,,0.1647592427978932,0.3333333333333333,0,3
-0.77545750253708001,-0.47016973990170879,-0.42143336061554781,0.53885251078445418,-0.84069318901063783,-0.053599753473443715,-0.32909517374195019,-0.26865475546113804,0.905273985591032,-1.883554028097733,16.93087026742576,-2.1881301065267009,,0.4818970023621179,0.8,0,2
0.93668145510035439,-0.17023099052347684,-0.30602166841006279,0.25550785760966682,0.92982821045534347,0.26483057554053568,0.23946520910311936,-0.32625282972996433,0.91444819685009493,-2.7839696533347662,-8.8175005852623016,-1.7303899706954353,,0.1121121050690216,0.2,0,5
-0.22306765321312932,-0.91849015203909434,-0.32652207076580497,0.96140828393112543,-0.262631047767376,0.081969776974318648,-0.16104326648014916,-0.29563621793652506,0.9416285323659177,-11.204646911497509,-14.637873236782911,-3.589155928903105,0.2364845678282498,0.1290683789835257,0.2941176470588235,1,5
-0.91132914815634969,0.34025681648600581,-0.231742276150534,-0.34409733476907262,-0.9386026536789257,-0.024941585990052591,-0.22600046001157292,0.057011905262734225,0.97245742052434891,-15.957792685304261,-22.875445078719569,-3.913771477665676,,0.4085155730885865,0.3125,0,5
-0.46578146056179159,-0.8145682343245273,-0.34572564646891213,0.85659631434684003,-0.51306961007594887,0.054793516623083703,-0.22201438071515697,-0.27062551033843191,0.93673445965744706,-11.75063499109881,12.468793996874549,-4.7258075415024496,,0.07765334065311624,0.4705882352941176,0,1
-0.92442573827116903,0.27050817063929622,-0.26881663646282505,-0.29728802043839575,-0.95266199662609241,0.063678513552124533,-0.23886583540897038,0.13878202261737438,0.96108410811572886,11.616148308287745,-1.1193461261705637,2.3556078469377963,,0.1093896090993875,0.2903225806451613,1,3
0.15609797617313037,0.98773622536265959,0.0032512983526970631,-0.97700900856810713,0.1539170934120776,0.14752262718763634,0.14521301254163621,-0.026204531323860893,0.98905333704845233,-22.550750706965303,4.1622590447777563,-7.2144015230587053,,0.4309950619651911,0.3469387755102041,0,2
-0.93301857098721619,-0.21676368919926661,-0.28721046157425512,0.21473570583426366,-0.97589529791224161,0.038947967246544125,-0.28872984402869317,-0.025335164445904799,0.95707534009066675,9.796760544267654,1.674035978506965,1.7748741637574288,,0.1285264230486886,0.2368421052631579,0,1
-0.60559634781196647,-0.72808885198783801,-0.32115368147950701,0.75481706553080485,-0.65337360213172868,0.057914882550815686,-0.25200051805556517,-0.20733923808204321,0.94525455791087587,7.0737428040514931,12.865047803933958,0.42595814546123595,0.1507968903239715,0.1443972835446961,0.5555555555555556,1,5
0.039124057544674566,0.9974336109506774,-0.059962487166008577,-0.99037818588609461,0.046679145132695686,0.13027703685089242,0.13274169293107962,0.054288572974185829,0.98966276771545625,2.5508704971163958,-7.2400572251111504,-0.13535355150930278,,0.2323164198074821,0.1666666666666667,0,8
0.87217697702674291,0.42400700504277977,-0.24397823759332207,-0.39171441207253233,0.90407910648163747,0.17088238235123385,0.2930309541996573,-0.053469887768866395,0.95460663677916147,7.7219402109820985,11.576669544842654,0.72273506627682704,,0.08405455280338366,0.3333333333333333,0,5
-0.73730645942673634,0.66173638664864554,-0.13595638812797667,-0.66048830911678658,-0.74838103521178245,-0.060671407230997558,-0.1418956602847988,0.045064184454348385,0.98885531847273078,-21.556072714204326,4.2651028441888643,-6.9134762021759011,,0.08668579810814808,0.3333333333333333,0,1
0.26533123998726971,0.96299483201871239,-0.047331665849301756,-0.94617319790218357,0.26950561151053071,0.17922891768877777,0.18535267103112835,-0.0027710773332683238,0.98266815786003758,0.95745993912500338,14.694294591662993,-1.3222492486079083,,0.8733973192018518,0.208955223880597,0,2
0.72189530336990526,0.6689510646496758,-0.17712042252811416,-0.63748208476141566,0.74244793805911702,0.20588261432186203,0.26922808653762609,-0.035714596117424807,0.96241399877779088,5.3213321947300471,16.468428067316232,-0.1303960068916494,,0.2994626569285622,0.2307692307692308,0,3
-0.95950954298123925,0.096469956192922604,-0.26464123730074673,-0.099049526651440331,-0.99507594808762589,-0.0036123133362102162,-0.2636866098194221,0.022746540168758333,0.96434017167817498,-0.2022107725721588,-9.2628234957962512,-0.95812273161103412,,0.1699532539488447,0.375,0,1
-0.94038091073222552,0.15256133156181081,-0.30398812944343412,-0.16501051896929569,-0.9861695084454809,0.01553155632520507,-0.29741430927229201,0.064766818082151706,0.95254920498397333,-18.138348298733536,4.6865247035587156,-6.0589932258288366,,0.1737890849207171,0.1153846153846154,0,2
0.96118130618937303,0.14567654282204562,-0.23432635682634645,-0.11303831736209902,0.98262489488595506,0.14720956068921484,0.25169989161705436,-0.11500722073758221,0.96094771124040901,0.92352871955673632,10.482053265237157,-1.1410923730672133,,0.1313021997643858,0.2340425531914894,0,3
-0.34359344500752725,0.93104027418522151,-0.12291278368407532,-0.93911834933519556,-0.34071031279573716,0.044420813776540162,-0.00052008633755545343,0.13069235096110185,0.99142283558049193,6.0261565326696491,6.0053944844361249,0.38176710648799633,,0.1074726138970636,0.4042553191489361,0,1
-0.90995692608199319,0.35317869296173754,-0.21735501722584805,-0.37255803457492381,-0.92641356438025346,0.05439134679288285,-0.18215077147539033,0.13047114075577204,0.97457599902768355,10.236677196460899,-1.9657041605867336,1.8849317275426041,0.1405319886694045,0.1664550731020535,0.5714285714285714,1,3
-0.27719007793496547,0.94057329458387229,-0.19618241055213834,-0.95985819193805733,-0.26196966368657093,0.10022049030686563,0.042870876639175222,0.2160874194014657,0.97543237341837452,8.7530458499503805,10.738022510191051,1.0499605804775347,,0.3853949946545765,0.9153846153846154,0,8
-0.23524548516157831,0.95177389334506146,-0.19694166054412057,-0.97134324683545314,-0.22314942543449437,0.081832944193725582,0.033939041504615623,0.21054878264914523,0.97699403866487811,-3.8491508733324418,-2.0951742309863106,-1.98880188025201,0.4746294603031737,0.4154873599053088,0.9317912218268091,1,5
-0.53374090119953166,0.84094221153077997,-0.089088985023030101,-0.84343165673284815,-0.53700206872440603,-0.015868793482561157,-0.061185707543474945,0.06667064610029072,0.99589725079496794,-3.8760161362780172,-8.3165783023031743,-2.0541299503252883,,0.4288189021676659,0.2592592592592592,0,2
0.87376603015589582,-0.39679903437689856,-0.2812177996912128,0.4418264016888655,0.88930999460315063,0.11797103148490919,0.20327900854804368,-0.22732852838239395,0.9523651531147177,-24.114023558481488,-0.50540228502459528,-7.2511964078122961,,0.09914360907287038,0.2962962962962963,0,2
-0.153773800242303,0.98136536694276466,-0.11521994152199129,-0.98546612089015806,-0.14379858801348874,0.090435007950621718,0.072181319860074714,0.1274518836683777,0.9892147766853453,12.066420093596346,1.2989266673774307,2.4303354391401011,,0.3822400976437802,0.8100000000000001,0,5
0.9332967446872007,0.25114696762477939,-0.25667564553177008,-0.19182814840987059,0.95290833919072082,0.23487796528925725,0.30357725183866047,-0.16997322657894956,0.9375233087302024,2.8308388407239637,-4.62774423753641,-0.19203865317802893,0.2995149603562585,0.3125324975677823,0.2758620689655172,1,5
0.76871664441071019,-0.55846014559107793,-0.31176431224937978,0.61851970883327911,0.77317985183680316,0.14009384889570739,0.16281305350226721,-0.30052484506278337,0.93977482787594213,-8.1757909676407863,-14.22420126918473,-2.873328543718173,,0.1084865897480483,0.4375,0,5
-0.85743735603026228,-0.38225127807889464,-0.3445070984622608,0.40928601476215892,-0.9123842521295441,-0.006319381783340663,-0.31190725962045834,-0.14642041139494666,0.93876244307225654,-15.873398028178832,3.6806605185999413,-5.3783700785215354,,0.1779366022477361,0.2823529411764706,0,3
-0.069532158487759496,0.99193035061675783,-0.10601631224179475,-0.9941347873501698,-0.060075328205189869,0.089927634914259647,0.082832985677607662,0.11164736658943343,0.99028963541853687,1.335434215821657,18.228084444011252,-1.4231724284433156,,0.1533657948744455,0.3181818181818182,0,4
0.14779827385246266,-0.91441414268276744,-0.37683211899726843,0.98706487344423932,0.11244910389484816,0.114272195418452,-0.062117677506001903,-0.38884698107994192,0.91920586347470334,-12.188620989564635,-11.348894372644008,-3.8872997175676369,,0.1799167150834879,0.4444444444444444,0,2
0.91210884075117515,-0.21281158296893041,-0.35038363657255095,0.31008670766929691,0.91721603461467405,0.25012192941153627,0.26814864599763211,-0.33678773136798135,0.90259089716750707,-11.063727112693712,-16.493236695155105,-3.3366883839740282,,0.1831853516046722,0.1904761904761905,0,3
0.87502204064534539,0.40774582272210574,-0.26092100804175994,-0.38751089251259219,0.91303791471128104,0.12726772758154015,0.29012365737552182,-0.010252333995147529,0.95693424699856078,-21.939351973060937,7.0614305149674088,-7.1836956982553231,,0.05887524705759349,0.25,0,1
-0.94430462870301735,0.034072660477402983,-0.32730386801571681,0.019832076406132337,-0.98692467974329734,-0.15995738575949781,-0.32847443881598981,-0.15753961508643816,0.93128181165688984,0.51921661401424746,-7.1684735486170217,-0.73001131161615784,,0.4130993715544669,0.2962962962962963,0,3
0.37875470806739031,0.89975617747055026,-0.21675721953459956,-0.90304604704143521,0.41056161638217081,0.12628141619612115,0.20261467873681979,0.1479120693427142,0.96802340452239688,12.313106735653337,11.090746630130349,2.0073744500351602,,0.1238049253295144,0.25,0,5
0.31434643246479704,0.92688876058091096,-0.20509399285556298,-0.9311467981264191,0.34310851442085855,0.12345925510397963,0.18480249115088457,0.15216363836572278,0.97092443909077342,-1.3992236508561484,-20.835226585209227,-0.12528184995322134,,0.1498472183376137,0.4583333333333333,0,5
0.11719016699512753,0.97699466500020438,-0.1781793740049413,-0.98553225032515723,0.13652981103909664,0.10042805517712772,0.12244447038835907,0.16383233886741416,0.97885970210880946,6.8411146704604482,4.2039617721905778,0.76559543697421661,0.6257544727324357,0.363020755498524,0.3548387096774194,1,3
0.93891992639927058,-0.21022272320628638,-0.27246243494860245,0.26150690164984547,0.95050568433496119,0.16778880903214288,0.22370407282811466,-0.22879106340646249,0.94742342017993908,-19.073220662045994,5.55835972514208,-6.3913403394161428,,0.1264369487759623,0.2571428571428571,0,3
-0.95178476708269633,0.15722997215254275,-0.26340936393046011,-0.17943944461131844,-0.98179191483472661,0.062338765489412848,-0.24881166143675931,0.10659911736066593,0.96266784786394943,-5.2638644340796725,2.7944517225032079,-2.5768808323072703,0.235737383722287,0.1984228676183679,0.804247460757156,1,5
0.10008428589477972,0.99353053821214476,-0.053667544725085746,-0.98813149337052419,0.10556797800965378,0.11158653067593742,0.11653020006106002,0.041862532876551201,0.99230451012523868,-0.50047202880511688,15.06613996486073,-1.7264603994619134,,0.3218172073684571,0.3636363636363636,0,4
0.87976348799908977,0.40671658541127692,-0.24616625344483906,-0.37646375002175925,0.91220667118433463,0.16172208867792792,0.29032955430550211,-0.049604517921141011,0.95564017375714239,-16.445075318103687,14.373319496218963,-6.2529439281890342,,0.0830762686445104,0.4,0,1
0.57209422243266195,0.80932278950743775,-0.13305947182771205,-0.78269867008905802,0.58719951611155852,0.20634805576785345,0.2451346415747673,-0.013905058872698932,0.96938932160291447,-17.590606603280737,-3.1866655395176595,-5.5505907418852729,0.3344601704031648,0.3177082309405553,0.591304347826087,1,2
0.45590702249825438,-0.76495553825575591,-0.45496352747074509,0.88989116410979763,0.40072423992214107,0.21797660328147944,0.015572503847665049,-0.5042450872647839,0.86342016949643074,-6.2090480620521342,-11.883501420072431,-2.4213975356769577,,0.5231582839041027,0.3421052631578947,0,4
-0.18696419686956664,0.9800583385702587,-0.067305587344768172,-0.98135185489187382,-0.18321866281430743,0.05813311015951074,0.044642199645611877,0.076919273237878075,0.9960373986027633,17.464080758288123,-9.055314831465008,4.5073630478855033,,0.3063011943438249,0.375,0,6
-0.89314940243764063,-0.32005678378720226,-0.31598702517204302,0.34319229709865123,-0.9390754762690926,-0.018875833283006523,-0.29069432766642755,-0.12530325223939259,0.94857572330351936,2.4132456999554566,5.3615462930094839,-0.61130255633695763,0.2115088187633762,0.2149837262004627,0.4502923976608187,1,1
-0.96254670592762637,0.041054521449531076,-0.26798948706325293,-0.044225117677316086,-0.99900473817210533,0.0058027645230923682,-0.267484537635922,0.017437298478632228,0.9634043609759424,-15.841199038226865,0.41954110360200958,-5.1083101047325492,,0.08462536678847193,0.2647058823529412,0,2
-0.41327562866482059,-0.84637547163924942,-0.33593424320711135,0.89810208649742729,-0.43977589605674811,0.0031310503750697802,-0.15038582706047901,-0.30040925793810275,0.94188023695394174,6.6259686676134333,13.952548824474091,0.23878315422825463,,0.1528807900385814,0.2666666666666667,0,3
0.93010983163294558,-0.21396379634407023,-0.29852168255215328,0.28219123551346659,0.93654630075800405,0.20796425927520154,0.23508255507186948,-0.2776698046070788,0.93146963015996931,0.42064280393995479,-14.991193563711994,-0.25482518174584068,,0.08511170202421255,0.5,0,5
0.62885513224658485,-0.67995433531257232,-0.37709856077260279,0.76698850988848455,0.62205669660835772,0.15739787769769739,0.12755331570042397,-0.38821072640298809,0.91270070864412733,-18.396739893114464,19.284974372377736,-7.1839146126602165,,0.259588496733718,0.65,0,2
-0.047869644734354913,-0.90511378963972522,-0.42246600445127069,0.99082783140580655,-0.096537190799633271,0.094555694192264172,-0.1263673439804463,-0.41406472754453444,0.90143313439145178,-2.8609162736379758,13.916531062080342,-2.3578408425529158,0.3351148521368398,0.1941673003996962,0.125,1,5
0.58666627162803497,0.77544671278160193,-0.23346323344429856,-0.77191174903331206,0.62263664404403862,0.12835833123684964,0.2448978101951752,0.10490950924384208,0.96385634688568744,-13.955675459526548,7.5577007154854785,-5.1152929890726444,,0.07789966716676174,0.2093023255813954,0,5
-0.39680882365733861,0.91567219190120641,-0.06393116960075465,-0.91733593378922773,-0.39804550980689185,-0.0073862508499229346,-0.032210899501964284,0.055715429652949899,0.99792697571107991,-12.087175430926045,16.018353000583204,-5.1421584735623815,,0.2531695997593256,0.4285714285714285,0,2
0.9471312506629127,0.25730129894062881,-0.19167273040569111,-0.21593988824263999,0.9530428369000743,0.21231890094670169,0.23730225174545594,-0.15970407821005803,0.95821826778642283,-0.45897321923258549,19.050832005966882,-2.0336170910254712,,0.20741919738727,0.3333333333333333,0,4
0.94864620090492224,0.21610729180325738,-0.23101520282899518,-0.15897210795814948,0.95704378796639855,0.24247692015173689,0.27349269533207371,-0.19329983534496636,0.94225098527706963,9.4270486534054072,-8.3532533297617402,2.0175587994771877,0.7030556279389167,0.4292615132245554,0.5,1,4
0.38164582255063317,-0.8189846616349501,-0.42849806316521089,0.92410405079634861,0.34783628501010044,0.15824544900928866,0.019446578913267329,-0.45637051048140531,0.88957730846257066,9.8123216238795123,-13.408850686309657,2.4964968424945351,,0.2885967457540337,0.5,0,5
0.15436340389215347,0.98485040616742114,-0.079003905034454661,-0.97617246997577967,0.16436792510333839,0.14167037113881092,0.15250983050352176,0.055252716395563978,0.98675624595474321,-21.12681233731168,2.8529395910968263,-6.752120990691286,,0.3513827968302303,0.32,0,4
-0.57563629233591229,-0.73065161605024709,-0.36713904029526567,0.78323206761260189,-0.62166204130676328,0.0091561269977435515,-0.23492634422102324,-0.28228447063462919,0.93012100848732282,3.5891962737806282,-10.157450713631961,0.40196982012617749,0.6042863344379247,0.2531625619068814,0.2608695652173913,1,5
0.7986751693546621,-0.491368796225162,-0.34738261319838504,0.57525683511961079,0.79287342348460577,0.20107537885074786,0.17662827492922156,-0.36042813490075648,0.91591157437139703,27.359953628741145,-9.4855324499932703,7.54064501479822,,0.1882082706223265,0.1666666666666667,0,4
0.4803586863874752,-0.78707992835913576,-0.38698930060956011,0.87672903428211213,0.44324315832304223,0.18676643982945385,0.024530243758549251,-0.42899963749867148,0.90297152677543158,13.08856247037896,3.6814689113220207,2.6347838774092391,,0.7888160894829416,0.7692307692307693,0,2
-0.45357969952672833,0.87926708387753183,-0.14544707417732844,-0.89014007876908285,-0.45497422201363741,0.025477391390364229,-0.0437732377853777,0.14102429759650598,0.98903794221515995,-16.999666809407248,2.2088436812632608,-5.5457452958319182,,0.08308517258563196,0.2413793103448276,0,4
0.48021410365603201,0.85860496162892808,-0.17942110944931144,-0.84774541311979357,0.50682190095474944,0.15639461386814235,0.22521573920173749,0.077000523237197055,0.97126144278305093,13.110415948121963,-3.2658453208925251,2.9146535633552699,,0.6033354269154774,0.2647058823529412,0,1
-0.88500447872209009,0.39877813307560872,-0.24029788434893781,-0.42160455118066203,-0.90538674768335914,0.050243801041558241,-0.19752639080790169,0.14577667063039709,0.96939800249140318,1.8891008833390566,-6.1831254055577194,-0.38003789647519742,0.3157305568916392,0.2485682077960894,0.6494252873563219,1,5
0.073515142282990123,-0.9513534687722649,-0.29920244201892915,0.99389325935298556,0.045134219825333124,0.10069305444496644,-0.082290417837134519,-0.3047777545289968,0.94886184846712651,-15.721585089397934,13.317980476275688,-5.8812054145836781,,0.07082891208077699,0.2105263157894737,0,1
0.086562182807089411,0.99585255712698284,-0.02801201476726416,-0.98806772488417416,0.089413099253702444,0.12540920510097978,0.12739371864375451,0.016822073162869808,0.99170956348349226,-22.262407257087808,-0.78183988553896377,-6.7752580037770214,,0.3290977569436586,0.125,0,1
0.64941975402940899,0.72608688615709793,-0.2259464910705016,-0.71085710407764169,0.68519165613084965,0.15872798099583252,0.27006695588081814,0.057534581942983228,0.96112101798988625,-4.6884847878170373,-11.050038990734997,-2.095782484664118,0.2346072199020966,0.1695602839875636,0.6025641025641025,1,5
0.95987742848380275,-0.048431816180538476,-0.27620586791156154,0.10927523175669458,0.97171155894892225,0.20936945796743567,0.2582522913970855,-0.23115147714542442,0.93801639036940354,-7.801192450921878,6.1780238454128842,-3.4045909977823996,,0.1193963740605945,0.2264150943396226,0,4
-0.80425260026498679,0.54035010860810784,-0.24738535747738433,-0.56977287534103205,-0.81942031391982906,0.062523752775577632,-0.16892787068041751,0.1912383571952419,0.96689775325245475,4.8889901131594158,6.606202849523064,0.060746441014693793,,0.07590026233351795,0.5263157894736842,0,5
-0.86931935696201079,-0.33468326657891873,-0.3636907569394936,0.3906093733006103,-0.9160828760470433,-0.090644810679283566,-0.30283357327228699,-0.22086030717501812,0.927098997741717,4.8321654224041888,11.815239238912856,-0.10095971805423196,,0.2442437143953881,0.4444444444444444,0,4
0.91751071750275637,0.34621522041127761,-0.19572711724017064,-0.27311827959688367,0.90623560421081406,0.32271261985038546,0.28910290316358883,-0.24263563385502845,0.92603858481499202,10.926234987727135,11.516745825283191,1.5900320736817897,,0.3326378905098793,0.1,0,3
0.87400725799472356,-0.37695908730952071,-0.30661565430897009,0.44095184283903877,0.88039171132719773,0.17456204319159277,0.20413913213639467,-0.28777123053067849,0.9356895498024218,-20.359955227433026,5.8285260177932798,-6.7209072938320675,,0.1185414659449638,0.4210526315789473,0,2
0.28927960566918343,0.94945083500787553,-0.12190332910438059,-0.93573143507078338,0.30732289223035381,0.17308761172176282,0.20180186115161342,0.063998061017655802,0.97733323744858214,9.4991127253971399,1.0753507248204515,1.6766934608719861,0.8322135604694837,0.5980441547881648,0.5844155844155844,1,4
-0.58065257563132766,-0.70105055274440908,-0.41396945407779023,0.77394798725210889,-0.6331069847974905,-0.01341860011475211,-0.25267983584194981,-0.32818237048535764,0.91019186563136045,-3.5956552224076668,15.995382133530116,-2.682779544837842,,0.3386452085321981,0.35,0,4
0.47906627724704881,-0.79151288390300789,-0.37947708312913753,0.87774754915380193,0.43561350009071348,0.19949967040878258,0.0073987809231431381,-0.42865864409138249,0.90343623177653765,-2.4912513797513882,-23.139794105831051,-0.19543304018132779,,0.3379496981124112,0.4761904761904762,0,2
0.88168674636549149,-0.38612869274683853,-0.27116989862639951,0.4269766432089438,0.89751305506149059,0.11027811273417981,0.20079698064825713,-0.21301396346673543,0.95619329841342038,7.9622643191491616,-0.36713666986422844,1.1875470905689609,,0.0832556874055104,0.3529411764705883,0,2
0.95838828232526296,0.10044010830286693,-0.26721467951020395,-0.057443223952778615,0.984765328177022,0.16412655008350599,0.27962864002734694,-0.1419472897399279,0.94955715500013271,6.359924487266043,12.737540945267604,0.22838766350601916,,0.07831060235088894,0.4615384615384616,0,1
0.95879925172632174,0.12430623699393317,-0.25544462087398312,-0.066992388436733594,0.97276101245786228,0.22191897740728592,0.27607248102733212,-0.19566290421631227,0.94101010256694428,-3.4847875506763453,-22.42604627229462,-0.51773701988981169,0.2695318484931716,0.1855902161798418,0.3478260869565217,1,4
0.3266608972591552,-0.87289907257082411,-0.3624084260980151,0.94513941228971698,0.30251807785129092,0.12326517719863279,0.0020370416033182607,-0.38279240023563327,0.9238321431858445,5.6179837235466952,11.063351363856198,0.11899547538221329,,0.1458333322374861,0.2631578947368421,0,5
0.89734878877827717,0.3645831904761479,-0.24868503875463063,-0.34095337366874973,0.93050015249627338,0.13386658727371328,0.28020697397112948,-0.035335017003613106,0.95928905357629168,-18.897522238742074,12.504504105113522,-6.6354358418570101,0.1735752366441365,0.1925563206809863,0.6666666666666666,1,4
0.94460143419721143,0.19907135490060221,-0.26095732634017038,-0.15774484484945878,0.97257358106056924,0.17093037572778241,0.28782754287244977,-0.12029640510447172,0.95009687952489841,-7.5140842126780552,7.9788410094767066,-3.4426639411382447,,0.104749668811021,0.2525252525252525,1,4
0.001136518820203851,0.99197093455314911,-0.126460955740203,-0.99120386958494822,0.017853209882632726,0.13113409860411562,0.13233894832889742,0.12519955231006585,0.98326571935391027,-19.646873746468909,4.0942588167504761,-6.4717892860707051,0.8583592664498624,0.6762463911803454,0.6390532544378699,1,4
0.64311208231450434,0.73063139049574799,-0.22931336813049488,-0.70644186614195337,0.68163218204241438,0.19057139912896531,0.29554481782460079,0.03943779438998609,0.95451449492958274,8.371496184738314,-17.790488358380564,2.4016082573443986,0.2548076309078557,0.2523848084424558,0.375,1,5
-0.63055594291915318,0.74059633968314975,-0.23219876075737067,-0.76973732014750162,-0.6350695720243591,0.064738679789909687,-0.099517138330443261,0.21955341112521692,0.97051153462583917,7.7831064920983195,2.2327764389701081,1.1757879187406928,,0.07350260843326453,0.186046511627907,0,4
0.80335828473656246,0.54635815651069408,-0.23687176100026239,-0.52335014796078938,0.8375490753175705,0.15689540804020749,0.28411281029645519,-0.0020763547190041014,0.95878861057927278,3.8193059823120707,-8.8288968227788409,0.33519046551219644,,0.0754937945846383,0.2,0,5
-0.8531809900109365,0.509484173166601,-0.11183950812080931,-0.48712860264609004,-0.85491042316435195,-0.17842055052324493,-0.1865152078733191,-0.097744798622202395,0.97757763455097468,2.1100373035303135,0.94766022749330114,-0.53521602845666527,,0.1952786306051195,0.2530864197530864,0,5
-0.7805530055062988,0.57844913663516917,-0.23692530873908751,-0.595412573065909,-0.80342010469781777,5.6589585619336739e-05,-0.19031782215577636,0.14111247887191053,0.97152786623776655,-3.8712753412441714,-13.550157934236443,-1.7290607559260067,0.1539002380242563,0.1613429116724469,0.4848484848484849,1,5
0.79350599627479146,-0.48898109700248538,-0.36227851254276255,0.59084619671404826,0.76161663712996697,0.26615948203170181,0.1457703869257907,-0.42525002624466185,0.8932599898542527,-15.555986283200061,2.7649116780426577,-5.2122116640667109,,0.5671699079183503,0.125,0,4
0.86721645690171734,-0.37322960472091166,-0.32959866358755507,0.4468613143548758,0.87537111174764182,0.18450035894471628,0.21966015253537241,-0.30728663960147751,0.92591810572564526,4.9518661431595161,-12.599126361269548,0.95873389289633981,0.7412739435881237,0.4436760243450854,0.4444444444444444,1,5
0.037416467289385615,-0.87874397875572585,-0.47582457668361178,0.99405823197529708,-0.015975417081724522,0.10767087577990062,-0.10221662984919912,-0.47702600123014355,0.87292494221018258,0.90980398137070939,7.4088202003785772,-1.0269931517559825,,0.2441582641814951,0.2348993288590604,0,6
0.41902934655870061,0.87353397268664845,-0.24769498437568516,-0.88355732339717119,0.45513254594904995,0.11036676079854668,0.2091431638706272,0.17260580575466897,0.96253123213014036,-9.1185940104709857,6.9969205359450966,-3.7797244942800972,0.2086734167515037,0.1901735867755956,0.7899159663865546,1,5
0.95815389338099644,-0.13072949467544878,-0.25465842970681696,0.21426382931832669,0.91746446973172413,0.33518645292692684,0.18982130556048496,-0.37572429519767531,0.90708275584619336,0.79339071673564665,-7.5441852657253508,-0.64581988345707686,0.929424204824967,0.5758086830995799,0.2868217054263566,1,3
0.52097900269508901,-0.73926836715515332,-0.42668859848205903,0.85193628916927522,0.48126022973450322,0.20638108070358119,0.052777248387116601,-0.47103171082173056,0.88053602393828145,1.3569007164709368,11.748609506193496,-1.115590902407313,0.7741710422465717,0.6325771794506307,0.2929292929292929,1,3
-0.81460919672319076,-0.49902623672171481,-0.2956089844327503,0.50465933625704229,-0.86102859203704307,0.06283882576329515,-0.28588601040029965,-0.097992748497383667,0.95324005911382526,-24.158382684357534,-2.0054397885546535,-7.1874803845298656,,0.0824747289641625,0.5517241379310345,0,2
-0.89009529258557651,0.3894674764475467,-0.23673921286212138,-0.40333896674106601,-0.91498194561356194,0.011212364133857075,-0.21224525442338268,0.10546622203720282,0.97150853212102739,3.4186107593531263,4.1452035340738185,-0.32895364945248984,,0.1407241414715557,0.3838383838383838,0,1
0.79023440327282346,-0.4927706460620857,-0.36428927827154306,0.58882325636660415,0.77525248270991765,0.22862799656634314,0.16975500182874034,-0.39517170752935477,0.90278599951619809,-0.41484245777307294,-6.5553751251180987,-1.1032459779058519,0.1699121944592569,0.2749651862001594,0.2571428571428571,1,4
0.86276969322119867,0.45838021680937036,-0.21334486939411756,-0.42886352946843093,0.88696825180715255,0.17135750166842303,0.26777701460520953,-0.05634622546327369,0.96183188412797105,-3.0748332533350191,-15.662360132575705,-1.2357824973387468,0.1873489022256467,0.1909349536673381,0.4054054054054054,1,6
-0.68850792158038043,-0.62130290108719444,-0.37408494626448308,0.67198128137099489,-0.74053633749786485,-0.0068622395939464459,-0.27275996665211144,-0.25610278785262175,0.92736905417749116,-31.899570943667673,7.5989717586132492,-9.9060251750672528,0.4200562011974239,0.6369550228565685,0.8804347826086957,1,3
0.8390668354963674,0.48979679053750313,-0.23678249417825031,-0.46151242042571822,0.87129396789401514,0.16689250224110644,0.28805057084287627,-0.030755901720872721,0.95712117474561653,-10.432436958734305,-10.796168822025296,-3.4871511675608797,,0.06923252501472212,0.2702702702702703,0,3
-0.89233836647614084,-0.31293202386919788,-0.3252780167054321,0.34009536681261099,-0.93995257913410257,-0.028710458926030809,-0.29676148871996039,-0.13624499042634722,0.9451824804747686,16.94820177169251,5.8028142368260438,3.6097691178891793,0.7446589291710657,0.4274081663755518,0.125,1,4
-0.77572577675158838,0.60929281953076364,-0.16435260676787561,-0.61476071965091306,-0.7884266250984201,-0.021277086506511635,-0.14254394710907645,0.084532342355848333,0.98617214837897205,13.567904847979586,-1.4860627172876177,2.9644162320908047,,0.2678670218135695,0.1363636363636364,0,4
0.91406300136922825,-0.26059982559818801,-0.31076769527425552,0.35679503386918965,0.88101890996872134,0.31064929435588584,0.19283706421267235,-0.39483339673300188,0.89828751270966545,-13.171413633184979,14.285558792815999,-5.2243734575983014,,0.3489325806833409,0.24,0,4
-0.65386225493451988,0.71489689288991309,-0.24776316132204435,-0.74873577641627442,-0.65850963538525886,0.075893327895754883,-0.10889852472032792,0.23513292547221465,0.96584347524462499,-24.931764553010964,0.69649153007325015,-7.5799939746110283,,0.1289429776813281,0.4736842105263158,0,1
-0.90288380870627849,0.35607854566680225,-0.24085036286429015,-0.36943249205070261,-0.92919045869581107,0.011168047540923088,-0.21981915702061267,0.099061399063832101,0.9704980048522841,8.7359216848592851,-10.261473304432348,1.9964534470651183,,0.07892213497196506,0.3529411764705883,0,5
0.1139899089576383,-0.86216531353148496,-0.49363678225896634,0.99217528862253668,0.073317831429120586,0.10105786580626915,-0.050936208168808367,-0.50129379383519979,0.86377661172301756,-1.0589666248989025,16.213982281310599,-1.989650598825599,,0.3273913357135089,0.4528301886792453,0,4
-0.96839314275668209,0.11401831663927484,-0.22184351361395008,-0.089475077438305253,-0.98900641533500311,-0.1177307136800613,-0.23282811595519579,-0.094160150259827782,0.9679488284634683,-30.413659792991293,13.679525576379399,-10.013336116388412,,0.4934450493020555,0.3684210526315789,0,2
0.35828820669826389,0.92062517727452697,-0.15517359282167795,-0.91032315867108815,0.38138315040507625,0.16080621683937435,0.20722284557460113,0.083643144102459599,0.97471150435224685,-11.943643390712698,-13.192028190723079,-3.8194996890802768,0.4153175544185053,0.3893089928169763,0.5,1,5
0.59741686473376288,0.77114018408502727,-0.22008158991835533,-0.76204955092202875,0.63137821493451818,0.14367335050605595,0.24974701533995444,0.081880194158365768,0.96484302460730531,-18.111970126212718,3.3609036555341141,-5.917724759860687,,0.07627124640573159,0.2363636363636364,0,3
0.209875788810717,0.95087425158142036,-0.22757484691976457,-0.96432003572666292,0.23972733535068941,0.11232841751661352,0.16136611158235126,0.19587996927999826,0.96726005586277597,-1.5472250997733838,-7.2855993158784242,-1.3924619561646667,0.2455607616826603,0.2073707579967673,0.7109004739336493,1,5
0.81078418877958269,-0.50884365812889476,-0.28932184640472741,0.55556235490367045,0.82461302995147556,0.10660122254522712,0.18433520835403175,-0.2471669120579319,0.95127758753416658,-4.5475773145914786,-17.515123340412956,-1.4316169295925543,0.2243477291504473,0.2012750056063897,0.7333333333333333,1,5
0.78719027661889718,-0.51281859501296867,-0.34256175648427339,0.59827934180177056,0.76979998798199301,0.22241809206124719,0.14964390254837004,-0.38003298161060967,0.91278783696883559,-12.342053176401857,10.119388243957616,-4.8302528678532912,,0.2731701825170215,0.45,0,5
-0.96908741261139297,0.1764206048015193,-0.17246842296380865,-0.17302778485466927,-0.98430784105275337,-0.034633216864084826,-0.17587203412266353,-0.0037207853384192508,0.98440600535044642,4.0734985072872041,15.444762211902274,-0.51506970274450348,,0.6143486291638387,0.15,0,2
0.3107727004291595,0.95041362188093803,-0.011587752634859573,-0.93373327861700184,0.30755181002396642,0.18317764206946155,0.17765836054380796,-0.046106740224622182,0.98301153372417083,0.98381351855869759,-9.6039447118553181,-0.53554035380525422,0.297109048960731,0.1806627359370915,0.4193548387096774,1,3
-0.6367929113389299,0.76834974200411532,-0.064292005962620621,-0.76961593259045324,-0.63846388619899996,-0.0074284805038419,-0.046755795057033561,0.044749748400167308,0.99790348012556052,11.392830150687233,3.6236793047083422,2.176962955881514,,0.2832486034069792,0.1428571428571428,0,3
0.49105617431532317,0.86291705368506022,-0.11932305781488484,-0.84323953762593407,0.50523659886795724,0.18352945635167256,0.21865707363632308,0.010494647389712595,0.97574532872310782,8.652184402333349,8.6357194128600305,1.0620760625186982,,0.448002132689403,0.25,0,4
-0.16511581138422715,0.96782867689746532,-0.18985368315055157,-0.98530137944427654,-0.15332037847666855,0.075326311531742851,0.043794525869500937,0.19950066094795976,0.9789185491067135,-18.830499013002616,8.8769098959404875,-6.4527015525203231,0.7436869503162463,0.6717948215630926,0.9549180327868853,1,5
0.93396991791090778,-0.13310293162276116,-0.33163805877932623,0.2655883984665095,0.87945849291328326,0.39498805278475452,0.23908783958513619,-0.45698618013690967,0.85673837087315585,5.9989425055684258,-5.5805198162668432,0.8583305335440099,,0.3943494813575306,0.1176470588235294,0,1
-0.43919113027905787,0.87573078861988451,-0.20051617627363733,-0.8983401893073375,-0.43052150311820481,0.08738500802826471,-0.0098007836146940738,0.21851046019822085,0.97578538799497361,12.334286841516377,15.849259123345597,1.7345128359880311,0.2700142126595745,0.2593432587480887,0.4074074074074074,1,5
-0.65665098856602655,0.71311858623445912,-0.24550226308982975,-0.74538302497503939,-0.66324693506043242,0.0671390289772196,-0.11495053411934018,0.22708012924936943,0.96706824454418405,-6.1185719028269734,-14.4270520395392,-2.2969652979876076,0.2065288931322808,0.2085309460821438,0.3695652173913043,1,5
-0.77176800180152749,0.61670497392227042,-0.15507780800233631,-0.61685465957750318,-0.7852889515473408,-0.053024442808960695,-0.1544813268741575,0.054737900189995699,0.98647822172108279,-12.865353257979159,11.319309993382253,-4.9977590415207009,,0.3045351814986065,0.375,0,2
-0.71321116846784371,0.67638478787298817,-0.18393870692909153,-0.68259466520798806,-0.72985381926030768,-0.037120419457987774,-0.15935605480284723,0.099080882339405513,0.98223654307530073,15.742992147809286,-8.2795646426136269,4.0268400930750632,,0.4699758941300595,0.1176470588235294,0,5
0.95340599989336461,0.15393644823524344,-0.25946207675121497,-0.085237447787666523,0.96243292642044065,0.25779340495139275,0.28939864695948381,-0.22366589379363636,0.9307104765132469,-3.8275402244614205,-5.4777107143670083,-2.0792851684624845,1.146077443108203,0.7280631557255071,0.6345514950166113,1,4
-0.70372150135333167,-0.57581782187597741,-0.41618491628483828,0.65747466681036504,-0.74980275304232613,-0.074316176117637023,-0.26926401734285255,-0.32592893019821595,0.90623794967118554,-20.965708409306618,-0.51500244104487325,-6.4117349274462772,,0.5432589729853647,0.3191489361702128,0,1
0.9465487126585459,-0.085085302755791403,-0.31113666742993507,0.1702832504150984,0.95102945454305787,0.25796625984729787,0.27395099779434934,-0.29715899422109032,0.91468430781389887,-8.8765312319079008,-8.3323727615027376,-3.2593584706532237,,0.4266266745733175,0.3728813559322034,0,5
-0.0095166994348911023,0.99939003598817833,-0.033600422607658359,-0.9920154232592836,-0.0052099363728083815,0.12600895435918544,0.1257570373679737,0.034531326799568399,0.99145991095045849,11.223341473307013,6.3189144496737537,1.9067440730125493,,0.4646026652864001,0.1428571428571428,0,5
0.95735079342349161,-0.095972326536204799,-0.27252297310619555,0.14129047289425165,0.97825478784748798,0.1518373219033636,0.25202472220147554,-0.18386648034020495,0.9500929727171834,3.1776782295480976,8.0924420970818716,-0.48939017846460503,,0.09483375358124435,0.28,0,3
-0.71020946908360627,-0.63853543369123589,-0.29643719392938545,0.65054013504846697,-0.7562090536235907,0.070323537374312059,-0.26907256031618149,-0.14289985002951963,0.95245975775695446,-20.048033887712759,-1.2451642518324708,-6.1672243127852635,,0.08538364402666046,0.3220338983050847,0,2
-0.54171270444922259,0.81203097263813728,-0.21714751970647106,-0.83653001245365266,-0.54609113082956207,0.044743883309162832,-0.082248915510194504,0.20588874739930088,0.97511278301114779,3.2490372299178851,-15.175700473929806,0.63477809234949212,0.27731714466952,0.2087151309725579,0.4871794871794872,1,7
-0.048923123192793939,0.99865991776450458,0.016878882298769538,-0.99479299562376089,-0.050232463142487388,0.088676916413140558,0.089405949885716096,-0.012452642178736692,0.99591742018492768,-3.7614242720578077,-18.110325960290456,-1.2217171854681372,,0.4600207313832025,0.3333333333333333,0,1
0.94920426640567634,-0.11009673017274167,-0.29477104783634006,0.18248415479971206,0.95577341492123247,0.23064412538983425,0.25634116697147596,-0.27271943336527626,0.92731511191214067,7.6163279018355698,7.734139427304302,0.76573192454015793,,0.4084951225468113,0.8690476190476191,0,5
0.1988065511234946,0.97155870011426992,-0.12864543312007873,-0.97397822252389377,0.21044317722568123,0.084143277856036022,0.10882268733852737,0.10856961541532632,0.98811449808662877,-14.460046071858843,11.544915790409403,-5.4050772718334628,0.617268866429547,0.6143456792126187,0.7657657657657657,1,4
0.63450447738032278,-0.68706021530873262,-0.35405130803916257,0.76551148674520597,0.62188276699413858,0.16508781837815528,0.10675313506154421,-0.37577930312303331,0.92053988696791367,5.5278211650868396,-10.061352096012603,0.99953374456905075,0.5948120483248991,0.5995481991304463,0.2909090909090909,1,5
