axis_00,axis_01,axis_02,axis_10,axis_11,axis_12,axis_20,axis_21,axis_22,location_x,location_y,location_z,dbh,dbh_approximation,score,reconstructed,number_clusters
-0.099799334715235347,0.99262884475567859,-0.068760958031455141,-0.99230244326360406,-0.094197735495879495,0.080390594726814493,0.073320896635809513,0.076254594526857303,0.99438889923915874,-16.969553757189939,-5.3493828630217601,-4.6320350951582308,,0.2463927636735683,0.1219512195121951,0,1
-0.8543714660065429,0.51131941084380172,-0.092746202985238183,-0.49554224531487628,-0.8553778207422752,-0.15088627137844043,-0.1564841243772758,-0.08295326320612495,0.98419077161967616,13.453973694123711,11.943612998752496,0.75930734155238955,,0.4759024358206829,0.1904761904761905,0,1
0.63628781917889976,0.74156311349963788,-0.21265455523285476,-0.73781329833456999,0.665477557292806,0.11300954623510148,0.22532054492483139,0.08499276108189377,0.97057039033676129,-2.0155970183722625,-4.6863475354803397,-1.0784087696895157,0.4110708640210347,0.3361857762750773,0.9738219895287958,1,5
-0.79157552386893482,0.60667843952311296,-0.073140009771832368,-0.60164297019922164,-0.79470382331275891,-0.080446066541153521,-0.10692953951776721,-0.01967496454598331,0.99407191356995595,-2.28111102167205,17.998774490284141,-3.9431859076604594,,0.4879787771523639,0.1333333333333333,0,3
0.93708880323158938,-0.18882686476430405,-0.2936136747518292,0.26379750313572342,0.93390255660231491,0.24132321088328926,0.22863825619818712,-0.30359583316466254,0.9249616845511538,-0.16414701943495577,10.177097826878281,-2.4446555643655254,,0.1232176135495755,0.24,0,5
-0.1682968705853343,-0.92977615297373084,-0.3274026095078561,0.97842085360472353,-0.19795429437753453,0.05921765419955137,-0.11986991525227868,-0.31037139478190134,0.94302746551654004,7.726989142807513,12.65272873132132,-0.72712917506649455,0.3476054688377347,0.1746934489136596,0.4166666666666667,1,5
-0.06775621955064097,0.99717996614881332,0.03226778306077601,-0.99470523709278869,-0.070022186151478941,0.075222235720213498,0.077269567181297766,-0.027000158481378916,0.99664457327052924,-22.440859372796705,13.231086458456165,-8.4028601642426519,,0.2843949385850497,0.5454545454545454,0,2
0.83331200514097981,-0.47015822817868874,-0.29076165937722015,0.53073567810253264,0.8275662923594258,0.18290344922804869,0.1546309867942503,-0.30673322647921331,0.93915067252102147,7.127036693572518,-7.0023085567865859,1.4934687673662717,,0.4857836378655909,0.6153846153846154,0,2
-0.55001122868618779,-0.79731634164108678,-0.24854436157592419,0.80853006014383311,-0.5828975231487783,0.080682212109172272,-0.209205138949596,-0.15657946499810707,0.96525441256592381,-12.035802719857438,4.0975779857244881,-4.6112205289591151,0.1195520896946825,0.09560445166835149,0.5942720763723151,1,5
0.22676208445329812,0.95243861656622808,-0.20356728304863844,-0.96251921806987051,0.25107965124414677,0.10254639719308921,0.14878075110900749,0.17268378732390272,0.97367581755680477,-11.901334773767905,-11.222521586829348,-2.5787402740298528,,0.1411985788476426,0.1904761904761905,0,1
0.5383326628880446,-0.75442312007175694,-0.37555785169406553,0.8406162904498482,0.5122724643595602,0.17590103606664431,0.059684137743648745,-0.41039332129090228,0.90995336448722397,-14.785576933470658,8.4547405020754933,-5.9039106311066165,,0.2852056610953715,0.2285714285714286,0,3
0.34092804306491931,0.93313059583377167,-0.11417250356734286,-0.92387081814386218,0.3550281653466279,0.14289056369403341,0.17387001131338192,0.05676524402764406,0.98313118465257043,11.757305907639241,9.849833284202651,0.58989483899518946,,0.4961539859382154,0.3043478260869565,0,2
-0.62627474257211302,-0.73034478680559034,-0.27272044148198549,0.74670930653873135,-0.66249198736080173,0.059410253417919293,-0.22406507613789231,-0.16643575057249871,0.96025724813025393,-14.057628807152048,7.0573617772477881,-5.5672138543166358,,0.08199120773241202,0.2105263157894737,0,5
0.96939717139132764,-0.085362805119185092,-0.2301788773990332,0.12763394074802964,0.97616830745401828,0.17551356839711313,0.20971099462742446,-0.19952099394435571,0.9571899872584515,1.1795320315411091,8.7336942128416588,-1.9014944814659549,0.4575494757377955,0.3480707456765642,0.4808743169398907,1,5
-0.14543300243296819,0.98216251590093739,-0.11918906897225408,-0.9880798752417782,-0.13804015457563854,0.06814011936389397,0.050471793563575874,0.12767814254552043,0.99053061031479528,-16.210501581498512,18.130683814483213,-7.3712594490027019,0.2483587576109863,0.2471747641667481,0.2857142857142857,1,5
0.54682064989501133,0.8139640938621161,-0.19608577396542901,-0.80944479012668158,0.57381309175980377,0.12465018035216564,0.21397735530931669,0.090559315524573011,0.97263184288123683,20.883691144870895,5.8484249084162396,3.4070952138194333,0.4133597154926603,0.4228309368641024,0.8918918918918919,1,5
0.75019817925082322,-0.60512882001835377,-0.26649916140946117,0.6562644734630485,0.73064596944887927,0.18834385627988173,0.080744242636977867,-0.31618914989496977,0.94525382240416167,-2.2697796268310402,15.183753752666492,-3.5478004791573072,,0.1618554431552252,0.3461538461538461,0,4
0.97253227256986652,0.017951187622357256,-0.23207484498117747,0.030427339302485604,0.97866247192381406,0.2032091116828707,0.23077078635100687,-0.20468883924366005,0.95123463102224193,-5.5646919703474005,11.111971291748951,-3.937050421410774,,0.07997161859762572,0.3513513513513514,0,5
0.71890783936362945,0.68821005125400903,-0.09766495714673544,-0.65607019253492427,0.71822672652062292,0.23178065445299648,0.22965935854806105,-0.10255386225991769,0.96785292496684017,-13.018014721716524,15.708597909780638,-6.2681970032429044,0.1373130992800699,0.1854013728754096,0.4137931034482759,1,5
0.89784793622348391,0.38686537849435038,-0.21024809711779757,-0.36156908907983826,0.92030573142446126,0.149349102873988,0.25127052600973265,-0.058073570836587457,0.96617316415282484,-6.7643398676384665,8.8179937764789678,-3.9069747548282905,,0.07405848358293773,0.3645833333333333,0,5
0.29737142477992662,0.95465395035520717,-0.014355166162586601,-0.9418580209127172,0.2957828008124968,0.1594239730589361,0.15644073691573399,-0.033887605620845529,0.98710583324107115,7.5658892466367318,1.3870755983337044,0.5123105068966658,0.5259026359242772,0.5354168373598829,0.12,1,3
-0.73834514366897774,-0.61632381687953752,-0.27384557978443558,0.62986072793577841,-0.77530396836746329,0.046682116895809672,-0.24108486519200398,-0.13801706191881133,0.96064008785530641,14.429866923747147,1.3109159421045764,2.270010067565301,0.4936918214372981,0.2285509259006383,0.5600000000000001,1,6
0.53731129185031978,0.83786853084168067,-0.09629590165394035,-0.81548679791928047,0.54526415856176924,0.19408317754840582,0.21512289062185033,-0.025755046362427095,0.97624731472991511,8.8576912870069968,9.0179208163727349,-0.038264316991177431,,0.2043042751640178,0.2352941176470588,0,3
0.39488601857215844,-0.87630291114249836,-0.2759678246814477,0.91873002092456957,0.37651094005587915,0.11905738393807115,-0.00042542704195395656,-0.30055402166901629,0.95376469795773589,4.0204036498997189,-13.340142203357708,1.520064234768582,0.2614611451993045,0.1607363318717104,0.3103448275862069,1,5
0.84353741492254286,-0.45876201450598442,-0.27925265204148819,0.51935222116740054,0.82922652974078859,0.20653482210643462,0.13681337651809214,-0.31925033503578326,0.93774267450365001,5.5151895788381955,20.199240114270236,-2.2088391979034765,0.3641607039421991,0.2367773570164361,0.25,1,5
-0.96923913445830867,-0.028629324577511849,-0.24445012171963698,0.029505755751254536,-0.99956460747118536,7.6606292808362346e-05,-0.24434588314939368,-0.0071384357678883964,0.96966186483883754,9.7903475847707409,1.4116780296571376,1.078221542117654,1.03601144588402,0.74853201716976,0.4444444444444444,1,4
0.90920046109526487,-0.30052701434301166,-0.28816320930027284,0.37474319151533725,0.89227647454268566,0.25181388641331093,0.18144437703345084,-0.33693650236765932,0.92387863457014241,-2.4073720728200132,-9.0423564642614682,-0.59719571487698309,,0.07839532676346914,0.3428571428571429,0,5
0.30308395749624534,-0.90676974187960724,-0.29310194458584532,0.95290908102784,0.28507793628881745,0.10341592496315963,-0.010217534100313008,-0.31064321246874005,0.95047167056362547,-14.255453541367515,-3.8615593365321246,-4.1267112461564155,,0.1271312343621555,0.6049382716049383,0,2
0.75297298176022465,-0.58803735386721001,-0.29537054557955833,0.64894917646956496,0.73795031215637019,0.18518721108054267,0.10907178873838164,-0.33112143881839678,0.93726300346073854,-21.000724141888881,10.084189155224834,-7.68904439416721,,0.6234630030133586,0.2083333333333333,0,2
-0.021125301630742131,-0.91181092081506299,-0.41006653888533151,0.99372696364475788,-0.064203628191450382,0.091567548031069909,-0.10982004988333623,-0.40555978450709196,0.90744741877101653,-0.43886478840574272,26.721726300091206,-4.5397068247128027,,0.1482748709366143,0.1904761904761905,0,5
-0.63046058411681294,0.75724209465273351,-0.1705985403250195,-0.77289385794763277,-0.6327370746282287,0.04773760297434488,-0.071795098871105217,0.16195124104758107,0.98418354959897403,12.635865070526902,-13.347268844583153,3.6828888264112831,,0.4838214147380636,0.7575757575757576,1,5
0.29046590049534282,0.9324081002481116,-0.21504579800855692,-0.94125710540113372,0.31886421473755594,0.11117856849088024,0.17223420734949579,0.17011980234972443,0.97025493076159186,-0.1737438223423019,-7.8859625805228237,-0.20597514636400804,,0.0935659270745067,0.2830188679245283,0,4
-0.2978426084900111,-0.86561574053393708,-0.40249120525515891,0.93482571139521053,-0.34988056045034233,0.060699940143248671,-0.19336667210847255,-0.35818009877551671,0.91340918922400616,-7.2414076254730437,12.971891838869785,-4.5399402271098337,,0.2814173600385932,0.2894736842105263,0,3
0.90745204383570899,0.36219386245651336,-0.21294692798260073,-0.33673670394997374,0.93006277132916604,0.14694091874090007,0.25127510889720517,-0.061634790389393186,0.96595133017267143,2.6478830903364199,-6.4171354446956617,0.28513303173716242,0.3236137305250038,0.2751121553682458,0.8196078431372549,1,5
0.84550950570969807,0.48365373985767668,-0.22625811737090212,-0.47131897159829456,0.87514580026519306,0.10944521592889045,0.25094242918659287,0.014102772772692446,0.96789927628553052,-6.8874411368852542,6.0010109625766104,-3.6324311242521192,0.07416391481681195,0.08707329372311028,0.5189189189189189,1,5
0.60803689142376705,-0.7225565594929908,-0.3289424828163367,0.79097251607293562,0.5869451094586271,0.17279443654195564,0.068217428014941864,-0.36524985532680798,0.92840665965877966,-16.267134853560087,-2.8605356696425273,-4.7823239150343912,,0.1590909025936056,0.2444444444444444,0,2
-0.18896418726979913,-0.91404195725779203,-0.35891480368161194,0.96336240859589595,-0.24339632991597826,0.11265476593445913,-0.19032972871776951,-0.32447731346856612,0.92654685116859747,5.7129419908250094,-5.6750548756586925,0.92513312881139542,0.1766772422337999,0.1664928805933394,0.2083333333333333,1,3
-0.76930661646390386,0.60533442402629889,-0.20429773604621509,-0.62645061185169937,-0.77750170804095176,0.055233367668780294,-0.12540717992001776,0.17047383694324453,0.97734932861406132,0.86855506571027974,-12.050688376747111,0.62479157173904998,0.507000773227712,0.3913811380150011,0.8870056497175142,1,5
-0.57581601920822623,-0.71992567086004533,-0.38748282601930351,0.79001453733107707,-0.61197187658036045,-0.036979089770804253,-0.21050639617065434,-0.3274102177871463,0.92113495561715464,5.7070823209653812,17.091796738364202,-1.7649186718430669,,0.2644378816856863,0.1428571428571428,0,3
-0.68458159128985629,-0.66333582235444144,-0.30221454572605527,0.69101475633488973,-0.72254618922216096,0.020630340956157719,-0.23204881252547302,-0.19471155903513054,0.95301666165058596,-18.368975039765949,-6.5280033063427272,-4.8671424999135162,,0.08200669565945023,0.2631578947368421,0,1
-0.7782901050472727,0.59474787079970148,-0.20134418929963566,-0.61626347425681083,-0.78498444538833678,0.063393617938173982,-0.12034883747852003,0.17341969518364247,0.97746701562762806,11.507296530369276,-8.2524190506954636,2.7286039988247435,0.1908754800844533,0.17437264464443,0.4827586206896552,1,5
-0.30344127193418091,0.93132579737293086,-0.20138434307224898,-0.95266228064789971,-0.29233158869077219,0.083527368474481667,0.018920188099201204,0.21719691848919956,0.97594442725038721,-4.0450569332937292,-8.9837591243985564,-1.0383061244503378,,0.09960593580600184,0.25,0,5
0.57530348612993865,-0.77096685951626398,-0.27319590109364794,0.81588847194631908,0.56454608068305845,0.1249548883817677,0.057895597344198593,-0.29478436918030226,0.95380830122993321,-7.3529755900642799,-6.1959434628921208,-2.1326589062064585,,0.0883655742044642,0.5267857142857143,0,4
-0.32594093667100704,0.93360142579061145,-0.14883172902229325,-0.94535355015285871,-0.32047914875550804,0.059998170191540239,0.0083169114107747716,0.16025446319739017,0.98704069622782165,11.670127147294352,12.282765336090399,0.28346964821922999,0.1790026161514207,0.1097095714774708,0.4,1,5
-0.89921433075466239,-0.35141196333096714,-0.2606208345342359,0.35826843446218792,-0.93335055134121636,0.022371347278663627,-0.25111215867309078,-0.073255582305545852,0.9651820053376553,-15.650902436703836,-3.412020781323629,-4.5636583114011273,,0.1147977082070683,0.5444444444444444,0,2
-0.21521133170538326,0.96873869414293179,-0.12340755720718957,-0.97354242393965251,-0.2028859260144496,0.1051306321438638,0.076806454776305572,0.14276779572266821,0.98677156678189137,-16.476502083919108,23.523771272197909,-8.008444462507466,0.3618627599539402,0.2481827551956684,0.7777777777777778,1,5
0.88539027712555107,-0.37269625200183865,-0.27781569594845318,0.43260907152605355,0.87932929306087404,0.19907130782318008,0.17009834921276432,-0.29644139068093578,0.9397813860075368,-4.6712090576450365,14.170760304361918,-4.0368551933040075,,0.06486985943712692,0.2,0,1
0.31121820483878154,-0.90616249248164737,-0.28637871114378477,0.95020556352352159,0.29167006967626613,0.10971762622290814,-0.015893899014213172,-0.30626476727578561,0.95181367730225186,20.497829706295303,-1.580961061195745,4.2404569845019848,,0.2430856326768244,0.6727272727272727,0,9
-0.73300262085521084,-0.53543660059077458,-0.41954118339823177,0.63764975170881166,-0.75564312340220374,-0.14968722123365885,-0.23687539332966695,-0.37724145689830885,0.89530940530754966,-18.833792597144253,11.364048108301354,-7.2875486482865126,,0.1749186683384396,0.25,0,2
0.0730996194912054,-0.90961326667977205,-0.40897451107666111,0.99536709010281754,0.040859591332200108,0.087033612681620215,-0.062456397354391888,-0.41344189298657019,0.90838593095291298,1.6326188985971735,21.020094256469019,-3.3426900104551396,,0.293028560315763,0.2307692307692308,0,3
0.95868132101235248,-0.1267709457346618,-0.25467479667126774,0.19508984384841283,0.94452454394834551,0.26422213894065194,0.207050905743525,-0.30298929551505721,0.9302297615288796,3.5743418147750994,15.213611027671607,-2.0797739555964458,,0.1551988396793664,0.25,0,5
0.7700594632953176,0.63495615631744984,-0.061960491798397181,-0.61092830108218976,0.76190787990640441,0.2150883387665613,0.18377985179599615,-0.12777739272304781,0.97462705892189494,2.8068268043783262,18.770869834941291,-2.7018327513544711,,0.1937320466049778,0.4,0,4
0.37744140149429561,-0.86244500783482725,-0.33723374223053082,0.92603339355169456,0.35167182420387433,0.13707327269841291,0.00037744556698169691,-0.3640268348925742,0.93138838355056786,-16.913031881052913,10.436247973713986,-6.6856268987579357,0.6719873317379678,0.2580309888911299,0.2978723404255319,1,5
0.77888899676748047,0.6016014929893958,-0.17722182243583798,-0.57995628483609163,0.79846315961901482,0.16157750589218856,0.23871036507380247,-0.0230700317327883,0.97081673617742181,-11.85745084762581,9.7288789973322647,-5.3679699760317412,0.5430824514755614,0.5654143692109812,0.4273255813953488,1,5
-0.96948921149128398,-0.054142219949596934,-0.23908008871702144,0.057401854352774014,-0.99832875863811488,-0.0066870616076604144,-0.23831847582357582,-0.020206674516387017,0.97097682484502013,1.2958961165621694,-8.8343619814096961,0.34613424314873698,,0.3648116864498629,0.5714285714285714,0,1
-0.45342181362698725,0.8910621224211932,-0.020419424905054016,-0.89103717427694595,-0.45372327649286298,-0.013709209500829777,-0.02148052568654724,0.011978412032501067,0.99969750657957046,9.2535163441743489,5.9647165913965656,0.40046179079579203,,0.4019742983633234,0.1818181818181818,0,1
0.93322045525570507,-0.20252191144199719,-0.29679025805813475,0.26791974532352092,0.94261836587028225,0.19922255492242449,0.23941301543173069,-0.2654345337553472,0.93393035946582592,-11.191235956654248,-5.7296371580045751,-3.142734372817503,0.3518363846125087,0.3549060292645896,0.3264604810996564,1,4
-0.33366110687180867,0.91754854908070915,-0.21627511609282549,-0.94261287791627468,-0.32174086702471488,0.089239995924380339,0.012297485412807044,0.23363962541929906,0.97224549229423096,9.3596014644463548,-9.0723876703815876,2.2858171226330253,,0.07324225294345686,0.25,0,2
0.41474608491680753,0.89044145928429508,-0.18734911965055076,-0.88805008726655998,0.44098423403279269,0.12999979938587478,0.19837521909763997,0.11245849421972277,0.97365310019831841,13.636014780535209,-8.095013615091089,3.2028145056946098,0.7085118026827395,0.6523631905359289,0.6438356164383562,1,5
0.95833920469323586,0.1295289584901575,-0.25457458172486724,-0.079683667572638783,0.97712016110473798,0.19719711936238835,0.27429269379644305,-0.16869629419494045,0.94673390055220075,-5.3485886388163975,13.547063507440283,-4.1676731243410083,0.6792356677030806,0.3652001612513711,0.1,1,6
0.90220271868093038,0.41052455361500334,-0.13228698078019649,-0.35261923560491681,0.87866651011418562,0.32187705523252558,0.24837457415392186,-0.24375142026860144,0.93749416853167555,11.730220997679812,-9.9505714615043175,3.0003392115379461,,0.1824519579711407,0.1176470588235294,0,5
-0.1691255698113831,0.97994437815907731,-0.10538290824604971,-0.9848505651686329,-0.16387547418309392,0.056693855472106092,0.038287150886438741,0.11337479735676034,0.99281430761311729,-9.802867828815538,-11.354249815227201,-2.0947922066859306,,0.1750785696252689,0.3181818181818182,0,3
0.79959423930087281,0.58287108697291168,-0.14460410937409984,-0.54144749058674124,0.80386158348008319,0.24625427822114254,0.25977618715767797,-0.11860797011968292,0.95835717872300041,-24.937906647768592,27.693370215963995,-10.555127113569998,0.5670063302900166,0.6375955589724086,0.4516129032258064,1,5
-0.68992643156731215,0.72184918185476266,-0.054178203000887055,-0.71741795362282734,-0.69182800681274392,-0.081764838464596964,-0.096503879944956003,-0.017543307701698613,0.995177990869198,-6.17267474711982,25.085156048873817,-5.7136515915175803,,0.2496891673448067,0.2727272727272727,0,3
0.25576341233003436,0.94863979686441835,-0.1861924077891762,-0.95286990910704017,0.27988149549786456,0.11706957246107733,0.16316866498086366,0.14747502935382997,0.97551376335008644,-2.1963615699099908,3.5607718981245466,-2.0723561383180615,,0.09835756897450236,0.1846153846153846,0,5
-0.94870929813848559,0.25602368292540151,-0.185479220957216,-0.24402194892801818,-0.96601334084877,-0.085273171300067882,-0.20100735326587932,-0.035638449510499777,0.97894123666823529,-18.342275813823012,6.8891888965752042,-6.6388740436889258,,0.2743648451383577,0.2828282828282828,0,5
-0.97681665467176015,-0.059336064629212662,-0.2056901907972043,0.079961534578800814,-0.9924075989975919,-0.09345218263710707,-0.19858342363771361,-0.107732951719304,0.97414487370727931,-16.8892162768106,13.856730374284712,-7.1092024559899683,,0.4877252791976596,0.6078431372549019,0,2
-0.1667825150612659,-0.94203957148441586,-0.29111001086753452,0.97677657604388701,-0.19813355815206932,0.081551294446996075,-0.13450320874171984,-0.27074810967291735,0.95320740027903805,-27.178282991677381,11.754136882669536,-9.425449427789232,0.3918156555290607,0.2938681195358963,0.8333333333333334,1,5
0.12495191877284381,0.97382848241458486,-0.18985548407431382,-0.98460154944628497,0.14528758706270173,0.097217826932481669,0.12225713403708056,0.17478444977630389,0.97698699545768508,-0.90645620501293656,-7.2226846876472255,-0.46130685585670911,,0.07249240778897828,0.1891891891891892,0,5
0.88235116047553719,0.42652392016361607,-0.19883102156286811,-0.39820430046127492,0.90186705946401469,0.16753847960357762,0.25077831784589993,-0.06865240405108132,0.96560710577148678,-2.2890596706289146,-5.7279844828937039,-0.99699187359898223,,0.06620089850795038,0.2653061224489796,0,5
0.049745672164883029,0.98784125555109514,-0.14729230099397869,-0.99267450340582741,0.065159434700415519,0.10174270665515874,0.11010312615388981,0.14115205241426396,0.98384622767502794,-12.748898017384485,-7.3408512691738244,-3.3323344442110905,,0.08959984160992487,0.2580645161290323,0,4
-0.68181450015385714,0.69798142251871043,-0.21897698782909386,-0.7258791015451691,-0.68264861786240061,0.084204480109623822,-0.090711175275838968,0.21636265470110869,0.97208985404167469,7.419495180687897,-5.9536936613942029,1.4426322959570526,,0.06857599782357383,0.3181818181818182,0,3
0.097596398993623712,-0.92760189810113935,-0.36059625835918185,0.9928745950816088,0.065857484884158352,0.099311782414097452,-0.068373835236950231,-0.36771933634756993,0.92741981234557069,-37.553318826588281,10.067875570950701,-11.758830548456892,,0.2695341137431398,0.8055555555555556,0,3
-0.88695507658343975,0.43934705842514155,-0.14242490784985434,-0.42784929955221029,-0.89774402392059782,-0.1048839567690701,-0.17394156776212927,-0.032090960846136399,0.98423295069633987,13.782696025348187,0.47810666996189383,2.187444900992185,,0.102949959790396,0.1176470588235294,0,5
-0.72019854335526823,-0.60306112704070292,-0.34297424859797948,0.649762878101243,-0.75959109733466468,-0.028802206365335679,-0.24315069481813287,-0.24359524195336668,0.93890313542300063,-24.224383374178437,6.2947670442042707,-8.0266028485687997,,0.1750457657940157,0.5588235294117647,0,4
0.96790600570337015,0.09475993886976164,-0.23276279365213381,-0.063298415233881605,0.98825177173633427,0.1391105541965641,0.24321035083282511,-0.11991242489998753,0.96253297896870937,5.1899361002695734,4.0968580235529757,-0.38962566199292648,0.4268466952078971,0.3026271793608115,0.5983606557377049,1,5
-0.53162827016814529,-0.80948892889636637,-0.24919682251633871,0.83038481060624214,-0.55609610620148675,0.034902535466365105,-0.16683059872955425,-0.18837408171444114,0.96782372189659616,-18.735310763922943,14.570223501165524,-7.6483143625153662,0.1375191811711244,0.110220916813985,0.4210526315789473,1,3
-0.94939469518842645,-0.17490368964421002,-0.26088007224952559,0.18275259465098642,-0.98314099594350612,-0.0059389598032724413,-0.25544314807097118,-0.053314927028501692,0.96535294926754045,1.8643841777775561,4.0316166608673489,-1.1876032713469196,,0.07492054284975999,0.2528735632183908,0,5
-0.33332327505149945,0.9351880849908798,-0.11966135549974297,-0.94261495767588943,-0.32795974913643189,0.062605467109930674,0.019303778765474473,0.13366244288304063,0.9908388948198964,20.95448388079344,-8.2939483946355104,5.1904536474772778,,0.2083206202538198,0.4166666666666667,0,4
0.96707844696561318,0.15860225141992335,-0.19900905320891957,-0.091441723756216772,0.94637358500466184,0.30986359702604205,0.23748197525511475,-0.28146467531460684,0.92972036009704184,9.5146587785283767,15.412531429027377,-0.63127368589569166,,0.2468007240164005,0.2916666666666667,0,4
-0.75044866271125499,0.63236385534427175,-0.19220499236236746,-0.65097298102138823,-0.75748467984590007,0.049508966651317404,-0.11428465607865354,0.1622741946610208,0.9801051490182574,-20.131064630525525,14.051505747942095,-7.9619004843667422,0.2140586640852049,0.1295085463054335,0.4390243902439024,1,5
-0.91738797164454278,0.33954151433731938,-0.20763157159601711,-0.35202718308750547,-0.93564762416315161,0.025305844489488555,-0.18567760190552904,0.096307234615941706,0.97787971893850112,-1.1241863308219362,11.554228402018641,-2.8185601401047382,,0.1011472271782314,0.4444444444444444,0,1
0.96280775091581605,-0.12734596643035684,-0.23829443889932925,0.16628469097449383,0.9744294844947522,0.15111777292829826,0.21295688841628221,-0.18512208020981719,0.95936394506717038,-6.2573173686792503,-7.8121364567097711,-1.6782108986170932,,0.1443064767694474,0.3636363636363636,1,4
0.84277273622400095,0.5011025997576154,-0.19654592235320187,-0.47686957778438682,0.86444389545843314,0.1591607909894639,0.24965880889977121,-0.040409604313952539,0.96749033226070968,-8.1219410430177614,13.982014068474133,-4.963664827583842,,0.08501792773313023,0.2456140350877193,1,5
-0.922580297986205,0.36633620987001414,-0.12100981408859927,-0.33784611548035431,-0.91858173508565255,-0.20510387178663098,-0.18629438000787749,-0.14834209552620131,0.97123067634438687,4.2946681147883812,11.008601249291738,-1.3781211281943428,,0.4153021030154143,0.4035087719298245,0,4
0.96824185870948154,-0.063911692663202527,-0.24170849919631185,0.11629254048444912,0.97095226130566947,0.20911181528809186,0.22132272380052151,-0.23057970814087828,0.94754907531124011,-17.802905181422322,-8.4808035352851494,-4.4519359463984367,,0.2429607603694809,0.4390243902439024,0,2
-0.94558253047637597,0.24789541811367172,-0.2107641803915985,-0.25306281039231404,-0.96744653583791207,-0.0025326451721690876,-0.2045309073324571,0.050941750789232167,0.97753365464943964,20.149082075496089,3.3572806179577386,3.5286702327927468,,0.1030219138531832,0.3461538461538461,0,5
-0.17513467403205094,-0.88818997245133458,-0.42478985250189999,0.97396357539033529,-0.21938200540130232,0.057153210924489634,-0.14395415855251795,-0.40372033456713774,0.9034860771989992,1.2803351684669564,-4.0991263218388658,-0.37529052632655541,,0.1013938959024655,0.1875,0,5
-0.056431675572938114,0.99560511708401478,-0.074738991350942002,-0.99564211867356212,-0.050550849236831549,0.078366977513849689,0.074244444339302329,0.078835667546870103,0.99411905725983751,-2.9420286178896218,12.576237917626059,-3.4396685703141134,0.5920644059698265,0.3263972909867331,0.15625,1,6
0.85814775557035883,0.46479929639061035,-0.2180459669068662,-0.44936986689422326,0.88540706850147732,0.11883200652639571,0.24829247337973157,-0.0039921325647880139,0.96867688655225026,-9.5094604293999048,12.576522461306826,-5.1032383007375106,,0.09135674183795912,0.3617021276595745,0,5
-0.52143337723590011,-0.80574067307491115,-0.28087221446265287,0.82995026096705504,-0.55536996469693167,0.052409604398887456,-0.19821654175442177,-0.20578185067036389,0.95831311819759568,-9.078773194318396,-9.2479665162743405,-2.1931966075348623,,0.1217850786631192,0.5833333333333334,0,4
-0.16604522937667024,-0.93618516997513335,-0.30981657366880944,0.97950979295703511,-0.19289245902174768,0.05790565390193856,-0.11397169518137665,-0.29385341034463985,0.94903141461508489,-14.571422000292692,15.383212706863315,-6.675504247221892,0.1222313659959919,0.1434405363049639,0.25,1,5
0.59106399986508851,0.7787027086021342,-0.21039353525996185,-0.77584347973025958,0.62019667812258572,0.11585756516410621,0.22070397147203297,0.094753216628312917,0.97072734839143293,-7.3319713512622728,4.59604115189377,-3.559422230057284,0.231901566744241,0.2009009766837731,0.8342391304347826,1,5
0.82221764216464399,0.53015898602973677,-0.20709804065981671,-0.51314697129924691,0.84789182725971535,0.1332652809721695,0.24624852235013212,-0.0033013327767527495,0.96920109700839374,-0.042625557411920735,-2.7136615974429605,-0.81851651210351406,0.3788041980651981,0.3288787038897839,0.9562243502051984,1,5
0.13185253623915585,-0.93315444568574413,-0.33442142452934054,0.98795167277484841,0.096128285467328489,0.12128827228751808,-0.081033332331093472,-0.34638437209268425,0.93458625381570604,19.011565204276192,-6.3613220438965197,4.4334393649585007,0.6037732680405592,0.2390942062417243,0.4666666666666667,1,5
0.44319676892530974,-0.86304275651969198,-0.24235062292690496,0.8962683357033624,0.43166228280276669,0.10183685001526133,0.016724067378846741,-0.26234495235166522,0.96482922403185511,4.0611218715164368,7.1657906289785229,-1.0260977217320288,0.1778719904954224,0.10785389642926,0.5,1,5
-0.24680535584436461,-0.9187001758127068,-0.30834575282990168,0.95689870391789955,-0.28130232380229764,0.07220715382613821,-0.15307510172062849,-0.27723453894695305,0.94852992765019795,-4.5613176520691301,9.9685554919584476,-3.5421754271014705,0.245907515520168,0.1607969267152688,0.5185185185185185,1,5
0.96113896234675256,0.13603464426910916,-0.24022171137843876,-0.085788267794831979,0.97425940475266981,0.20846818788423638,0.26239715731648311,-0.17975869327949628,0.94806884983247797,-29.197792873781019,10.536548089205757,-9.8014396382280236,0.5309686378458645,0.3616867764819249,0.2758620689655172,1,5
0.86275651844259338,-0.37227985277652759,-0.34213871616860747,0.47714750099927999,0.8233300402358924,0.30734005130361225,0.16727657389771691,-0.42841026605562527,0.88796576046781828,0.96099787313115181,13.64156553740496,-2.5477983480920856,,0.1452948118281226,0.2941176470588235,0,5
0.69047776517415671,-0.62992530480334408,-0.35557638584208412,0.71601571384375651,0.66503589987953005,0.21224690669181062,0.10277136434299557,-0.40115004953239147,0.91022891869641287,-1.4354019908131963,18.865169270151775,-3.8009352498594704,,0.4984236054151473,0.3333333333333333,0,4
-0.76702837324351825,-0.53545528643197415,-0.3534899020784798,0.59408829821525477,-0.80079402271954614,-0.076079084513082221,-0.24233565268672963,-0.26835903079400675,0.93233945643644023,-9.0145099302579492,27.929488024625918,-6.689990789961203,,0.1493627196429791,0.1666666666666667,0,1
-0.87369287741378621,-0.36689466820352706,-0.31945118312543935,0.41629683471493373,-0.90363196008879665,-0.10072847716711897,-0.25170955755144925,-0.22099226943471001,0.94223389637995425,-10.004550223011515,-6.4945290132404025,-2.778368411732635,0.6684394514834217,0.6915562168254503,0.6977138018628282,1,5
-0.30561482114940935,0.9338124568305356,-0.18599429174556217,-0.9520302794446277,-0.29652346486396031,0.07557897727315438,0.015424918618871152,0.20017025316762355,0.97963969990625133,-5.0978119691591832,7.0801072187234286,-3.3012660866156014,,0.08529587187289181,0.1964285714285714,0,5
0.62984934774561974,0.75510174506101446,-0.18196470468261033,-0.74369111960335754,0.65387314608750879,0.13918846018520925,0.22408328310590972,0.047657774092333578,0.97340403677046761,2.1666241010841887,-7.7876915867957326,0.35181138484954105,0.6899363984644145,0.5305099327687482,0.9130434782608695,1,2
-0.090683538811816192,-0.96322891314831505,-0.25291610597920217,0.98934021353647961,-0.11619076775599411,0.087781816840775656,-0.11394050056130457,-0.24225970850182629,0.96349768861603957,4.4501948373504883,-9.5598849745302648,1.1110863109331501,,0.09134315063860769,0.3859649122807017,0,4
0.058575159196611638,-0.9619662197315284,-0.26681443518018871,0.9946805785511672,0.033555020246754989,0.097388948394332958,-0.084731914755927715,-0.27109970990702176,0.95881460664203555,-8.043646288444986,19.923586820966211,-5.5603644012021194,0.5874229209966463,0.5247892063402189,0.8303571428571429,1,5
-0.12361510900810088,0.99108064172089372,-0.049784198607766117,-0.98839531867664432,-0.11850655547612425,0.095030996665717585,0.088283627264689857,0.060953735859965517,0.99422866748133099,10.604744621611781,14.951574282031064,-0.31491862708379526,,0.3228647898132836,0.32,0,5
-0.32952928968882106,0.92906831124346922,-0.16805511084281644,-0.94394849696073579,-0.32056480376827923,0.078736533264901543,0.019279064364003451,0.18458136316598947,0.98262812805711786,9.0786132015378076,4.1060458211523212,0.57711996375792551,0.2968105043296319,0.2965411213468396,0.7444444444444445,1,5
-0.87554362631549809,-0.39954387134720226,-0.27163956502541581,0.41391597538122027,-0.91030242856628296,0.0048014446305734539,-0.24919254351308331,-0.10823208126621997,0.96238708056699396,1.1581893805917518,12.163718799049812,-2.3702081204707737,,0.08127027160700226,0.25,0,5
0.27217294088165356,0.94522608838501654,-0.18019304117582788,-0.94966439222068544,0.29404781058466489,0.10804363580739967,0.15511103248946817,0.14171636082939315,0.97767941610393183,-12.37351856567469,11.978790013734297,-5.7834206405627624,,0.112679651174894,0.1304347826086956,0,3
0.82816136462822421,0.53273136579882074,-0.17420116541298122,-0.50260526022454766,0.84341111244278133,0.18985691402381408,0.24806593182404713,-0.069677738928254448,0.96623408456031679,-0.17813004255562237,15.479924220233146,-3.1294918420277296,,0.1179161357911064,0.125,0,5
0.83885505024026308,-0.48897855526802791,-0.23921157408118124,0.52251770531352237,0.84650926384630509,0.10196721951821495,0.15263502979426216,-0.21052799982514678,0.96559852369881227,-10.4017474821914,5.8527190091224766,-4.4673949225620913,0.1836621442722359,0.124417986507218,0.6264367816091954,1,5
-0.82710681986760559,-0.48311425674026753,-0.28721929507398031,0.50352253410319348,-0.86397599718477303,0.0032456030063811479,-0.24971857395635161,-0.14193692691782278,0.95785935428868152,-36.110049576504927,14.980858346119115,-12.006024299365112,0.3162126068042224,0.3695415521703168,0.723404255319149,1,5
-0.02303117011685692,0.99543112213334517,0.092663079440515522,-0.99548721017537278,-0.031369553269100313,0.089560959714333005,0.092058566034365893,-0.090182216739487855,0.99166142821209391,-5.3712643908202597,5.2822647457536922,-3.1706414164568515,,0.1018099237020279,0.2307692307692308,0,1
0.5160234242182139,0.83830131681596043,-0.17598502175679231,-0.83504647392287845,0.53809469432146595,0.11467992994442573,0.1908329427721516,0.087778141742222884,0.97769002540948813,2.1228680218602816,15.026857774038989,-2.4459758671072183,0.2802215184128714,0.2970852196967725,0.8915662650602409,1,5
0.97298999558611543,-0.011514661974026204,-0.23055992940872574,0.047817790994813168,0.98714653821188547,0.1524964621250893,0.22584049095259484,-0.15940239852623406,0.96103431155728036,-9.4503699326265025,-0.53984186448933325,-3.3658875978573914,,0.1150799124934065,0.5747126436781609,0,5
-0.028972094043354261,-0.9627245795314896,-0.26892750274499538,0.99386552026266695,-0.056471899161711137,0.095090757900482617,-0.10673305673389899,-0.26452279404804796,0.95845487427904086,-15.7743872241756,9.9743961612455294,-6.3049496620052201,0.3031331525560212,0.3093310205067337,0.6119402985074627,1,5
0.97065092923075569,0.063040860192189588,-0.2320832254379887,-0.038352019695179818,0.99325788743300536,0.10939785938228037,0.2374150293658176,-0.097286273432347387,0.96652443571431512,1.0597449657749092,-2.152908725286264,-0.67649033721600504,0.225990426955208,0.1840017669202815,0.7647058823529411,1,5
-0.93524154127456749,0.27204226274609744,-0.22653093994939186,-0.28975247112309499,-0.95588050555526161,0.048331817444394375,-0.2033882124225288,0.11083982307547016,0.97280407517041545,4.8778077164858624,-7.4108934129476367,0.98675338802847223,,0.09233487933104877,0.2758620689655172,1,6
0.91123731168881605,-0.32318397058581422,-0.25534032768548148,0.36719578418915749,0.91826641751221905,0.14816896619395947,0.18658461313798388,-0.22877698228988136,0.95543041322457689,-21.93967264369908,6.6499248462076315,-7.4575381342797247,0.3534350035685636,0.290758769373541,0.9371428571428572,1,5
-0.97265247929126508,-0.033593181853520795,-0.22982308992246775,0.035216633271448042,-0.99937530461817159,-0.0029646686764116669,-0.22957992784557352,-0.010977187813499458,0.97322790654508451,22.741352831324203,-1.0778970222516318,4.7866034186543418,0.1706649831014849,0.2045605353459478,0.5,1,5
0.93340240921276441,-0.26538448694018585,-0.24151814956086157,0.30149291363027636,0.94499835168031798,0.12680748539502873,0.19458151378415969,-0.19117842297962911,0.96207528036037171,6.0736959309737326,-4.0475068103648049,0.82288254144462514,0.1746454010530924,0.1521868968091859,0.7764705882352941,1,5
0.89790561779204159,-0.31436304967446338,-0.30812558241220916,0.40689304332432358,0.85979892979856798,0.30851880268714182,0.16793913430693394,-0.40239492208104244,0.89993042722847705,-19.700607331262923,8.0812164095849646,-7.1331591249959638,,0.2518186559240213,0.25,0,3
-0.83024207543857909,0.51733327779158145,-0.20751957946386682,-0.53686809082309683,-0.84229323914778609,0.048111873190457795,-0.14990246571489421,0.15135514188606139,0.97704701616516187,3.949201695552655,13.67635405391735,-1.8386523207865564,0.1900551008453322,0.2065212492607613,0.4444444444444444,1,5
-0.84337105428265691,-0.38487327772699742,-0.37496376476912674,0.47610684748897714,-0.85874368459184081,-0.18942426969038786,-0.24909342538948598,-0.33827776200233201,0.90748036957414435,-12.088088416071216,-9.955837122858048,-2.8108643832931417,,0.2696805618158383,0.1904761904761905,0,1
0.33975141849252172,-0.89026608476061453,-0.30330722371438362,0.94047095069359077,0.31845356318650786,0.11875065892580157,-0.0091304180525637497,-0.32559733785586242,0.94546444092168913,-18.264543498190779,9.6231422818204049,-6.9308401618218216,,0.08256777189779355,0.1739130434782609,0,5
0.96129555049700444,-0.09852562803096486,-0.25730053481438042,0.14043568911661383,0.97867268208002323,0.1499253099801261,0.23704151918388491,-0.18025671130751003,0.95463020914467067,-22.73286406221683,16.001713726044667,-8.7709785592765677,,0.3611137286334375,0.1666666666666667,0,2
0.87576897184777269,-0.40959454619770858,-0.25546235666686673,0.45539594509438913,0.87656002835529823,0.1557467491838857,0.16013507154987788,-0.25273469175175201,0.95419177026678614,7.9030277049049644,-9.0211936328048932,1.9649867836843642,0.6367617051156695,0.3904906407828262,0.6811594202898551,1,5
-0.83233440510049206,0.52491866665350806,-0.17798829030224037,-0.53921831184232738,-0.84117762749521408,0.040789841571586057,-0.12830841850760308,0.12992533394310543,0.98318683745250146,-10.992633572985927,8.6054456050014014,-4.9920471446722674,,0.1461460849565657,0.2777777777777778,0,5
-0.5814287945134059,-0.77169314990295701,-0.25774064348398634,0.79050681766784003,-0.61076802629238947,0.045402525035101469,-0.1924565616739301,-0.17734740046516362,0.96514681340037423,0.75417850491012495,-7.7713477196776006,-0.027355198294335123,,0.1136509897943147,0.1818181818181818,0,4
0.78769203246130581,0.60626254447767658,-0.10948510930912538,-0.56738633185237852,0.78313996326032698,0.2544887981261994,0.24002919077495669,-0.13833844407129953,0.96085819061287703,-16.098975348901643,-9.7517470238627197,-3.8611289495635974,,0.2201805288910789,0.3888888888888889,0,3
0.29808438491439598,-0.89112587844001101,-0.34211163126197175,0.95112345743938864,0.24699095663588125,0.18536352405108769,-0.08068375411910525,-0.38064436960844866,0.92119487390379906,6.8273451300906647,20.389864094592326,-1.9424297396115198,0.5625412703159645,0.3597945130232175,0.2352941176470588,1,5
0.76963019801201227,0.60659958392764446,-0.19926440496686862,-0.59055918878335956,0.79493539137544644,0.13898765442407815,0.24271218109425813,0.010708329355004357,0.97003924087167392,-7.0021170196498153,-3.5734602711723413,-2.39072345726616,0.402860876967537,0.3149741026346497,0.9547553093259464,1,5
-0.95097325165105029,-0.1252105802347401,-0.28279353818909625,0.14643628206195317,-0.98768304393766737,-0.055123679248543056,-0.27240831474112581,-0.093832378821512671,0.95759552773840573,11.46108281935618,1.2834498496238087,1.5034277344946625,0.5713240845970879,0.2377170554484391,0.15,1,9
-0.30293056673408658,0.94841225578826294,-0.093526813314600221,-0.95278794884760487,-0.29926630331095933,0.051330344177373109,0.020692903830535778,0.10466075087257809,0.9942926787208326,6.642775649818554,6.3202641922123624,-0.26115622152780688,,0.1139197189348599,0.2,0,1
0.56789177711920258,0.82294171408291905,-0.016305358096694207,-0.79474091831149773,0.55337127029115751,0.24933333106054728,0.21420971556349047,-0.12863581320386003,0.96828044765945276,-20.921525887999032,24.627534738475983,-9.2133823612607166,,0.3560233835189758,0.125,0,1
