axis_00,axis_01,axis_02,axis_10,axis_11,axis_12,axis_20,axis_21,axis_22,location_x,location_y,location_z,dbh,dbh_approximation,score,reconstructed,number_clusters
-0.50431810632058127,0.85004860359048795,-0.15192306991067786,-0.85781657517130083,-0.51335764100228498,-0.024792252538845792,-0.099065488433679322,0.11781894566847542,0.9880813352366119,3.0581692819545663,6.8514680891214681,-0.078697072663948611,,0.8849418692615109,0.5652173913043478,0,1
-0.64932362925260101,0.74147861861355957,-0.16908069858254043,-0.74969017214169709,-0.66143684566071259,-0.021585759114779831,-0.12784158278269708,0.11274199457760176,0.98536580637359283,3.1663275075493673,2.9722202327909124,-0.13127648979813289,,0.07933499340141129,0.1842105263157895,0,5
-0.037085779911399663,-0.92350770221795886,-0.3817828818484002,0.99846497131499667,-0.049970993010992573,0.02388725422561707,-0.041138132982758861,-0.38031095672042053,0.92394330465299235,-21.919386504066832,8.2672904158307645,-6.8995494219413649,,0.4653753267153886,0.6363636363636364,0,1
-0.89037814821585237,0.38706932067848621,-0.23959151522790784,-0.39012661373571045,-0.920035464272841,-0.036550919760872533,-0.23458043063055642,0.060926886263399725,0.97018551632944383,2.8655890547767382,9.2360161516909471,-0.10438771402223863,0.2533128034440573,0.1686075416828847,0.1818181818181818,1,5
-0.62386157054110114,-0.6760908016587549,-0.392043325047645,0.75959522702557369,-0.64256457359252395,-0.10062733149510679,-0.18387993876972708,-0.3605717635593238,0.91442669003138877,6.0072906986768411,-6.3386575306762341,0.58622645006135243,0.2206215057351248,0.1582590747458247,0.375,1,6
0.87540972698622099,0.45741778767101055,-0.1562906824480198,-0.42354518672485975,0.88166446972152357,0.20803181879911506,0.23295339598321624,-0.11591691141857807,0.96555475502276089,-20.091777177530005,11.650385926963457,-6.3099337694501418,,0.1580398431242078,0.4,0,1
0.62735074140805602,0.76641023420192766,-0.13800869597713109,-0.76074161773535021,0.6410312377714219,0.10174056834243156,0.16644289801660042,0.041161937658287309,0.98519158369732884,-10.446531468646679,-9.8202812331542653,-3.7209474371744387,0.6375970012369938,0.487822797678174,0.7439024390243902,1,2
0.52136062483740375,0.83980183566091493,-0.15138023546589632,-0.8360959808549262,0.53820430109011108,0.10620565468159078,0.17066519758694831,0.071196959967848444,0.98275347021719828,-19.245180692202553,8.2635332363292164,-6.1597517710128091,0.5209230669503545,0.3049282431022867,0.2,1,4
0.92784890430176103,-0.27049217938253839,-0.25676914082285041,0.29840988412642866,0.95140148233152455,0.076070759645398126,0.22371399563208302,-0.14720462054657479,0.96347436283902532,-6.8757926513790553,9.1676090171864484,-2.7548025446903366,,0.08218547182977164,0.3272727272727273,0,5
-0.93077125351356682,0.30556074618145068,-0.20074238223608223,-0.29487733754765211,-0.95202051041499469,-0.08187981161421938,-0.21613012153235453,-0.017016995686872705,0.97621626314265109,-9.485631641299344,1.3662393039793244,-3.5289155881394119,0.8229373770390755,0.3466365619970463,0.2293906810035842,1,5
0.35195533346970342,-0.81357713290890021,-0.46283873222750405,0.93419093285960453,0.33618992027920402,0.11943047544728377,0.05843581269334451,-0.47441393983566277,0.87836021624642835,3.9855583628255595,5.5278076690076787,0.069638496386155005,,0.319660714628161,0.16,0,1
0.48695358345776923,-0.81600772357556361,-0.31146043508391802,0.86831390413625786,0.4908087672962575,0.071677875448270104,0.0943778122298181,-0.30534922467586911,0.94755194029064105,-20.936177176601241,-4.2230058121357699,-6.5641289272916783,,0.1454028765099279,0.6875,0,1
-0.7145381010163574,-0.64330146693743562,-0.27495185911733905,0.67298831627346667,-0.73941015186734604,-0.018956620872741751,-0.19110737389054916,-0.1985846166037333,0.96127109687798595,-4.0742262370563331,12.924607641179284,-1.9615246745411428,,0.08318307970868058,0.3,0,5
0.089200365004043658,0.99595073432104797,0.011199539656208861,-0.99421140120779639,0.088357190270952915,0.061128525549479715,0.059891440052616547,-0.016587396805654308,0.99806706872616335,-12.770605868267833,14.261377753853766,-4.3113075932717511,,0.5167736615130771,0.4230769230769231,0,3
0.022507453344357029,0.99134915331813311,-0.12930688597043186,-0.99911035017368899,0.026918134709721143,0.032464167932610102,0.035664025568617398,0.1284611623766809,0.99107305837716708,-12.43756668536529,6.9497922916446662,-4.3260802317716074,0.4155284514439309,0.3643679514816857,0.55,1,5
0.31032545515384741,0.94478717108471233,-0.10523931412406577,-0.94369910399080859,0.31951332718799674,0.085692676911162377,0.11458670520833637,0.072721627477680045,0.9907479255019892,-13.38275988224802,9.669978688394588,-4.4867029322627578,,0.7797960345977655,0.6146788990825688,0,2
-0.31698388054411603,-0.91032448777775987,-0.26614008797502148,0.94208807878124978,-0.33461224017657132,0.022465541219163235,-0.10950466334109667,-0.24360618973288661,0.96367253412680476,-24.515526181715352,8.8365132094969514,-7.4895046875102089,,0.09727979827893843,0.5,0,1
0.048453727567364283,-0.95429046196794309,-0.29492702568912926,0.99875726710608581,0.04284064316882677,0.025467640166747928,-0.01166866263156782,-0.2957945122714245,0.95518032267342057,-5.8656097968849599,-1.9330105776961233,-2.5203108613763758,0.9146015516316172,0.7384473932500143,0.8835125448028673,1,4
-0.26208727809920179,-0.92795807778960537,-0.26496049615663902,0.96039423257986967,-0.27772112593787657,0.022669235433104243,-0.094621227459143628,-0.24852521415908452,0.96399275995274281,-2.8077344336971506,-18.485113837221782,-1.6724234208639415,0.6146666674170004,0.5689380289781448,0.9391891891891891,1,5
0.95854898325043147,-0.082818003258921052,-0.27262616353858804,0.12830871021554868,0.97978391307314816,0.15349383885319989,0.25440267607158917,-0.18211167458258987,0.9497971448621747,2.9234873477784298,8.0549853691238837,-0.072574731275386176,,0.1498026076997856,0.303030303030303,0,6
-0.21800350687686365,0.96545103909473151,-0.14275420169049891,-0.97560819011337474,-0.21944318870813517,0.0057746266814790604,-0.025751317890429209,0.14053105720981446,0.98974132559290318,-19.783426226416282,4.5285228023781299,-6.2952546464246781,,0.2353145544149226,0.4565217391304348,0,3
0.72559003742293648,-0.6280272250708403,-0.28124882606404111,0.66761298316529372,0.74152960912538624,0.066533777132288197,0.16676930863236947,-0.23604161361965761,0.95732562607406968,10.529178412061372,4.7396217443171968,1.9168386116209097,,0.1343061633614009,0.4166666666666667,0,3
0.42420295202125247,-0.81929387171158607,-0.38575822385568431,0.902239114120441,0.41886618405870668,0.10254609111642467,0.07756569117603021,-0.3915465127260554,0.91688324879694916,-21.142678997208709,3.230026870142614,-6.6418942538022492,,0.1869298898402102,0.1904761904761905,0,1
-0.66322972921271561,-0.62105447716938078,-0.41763340704054752,0.73137571749724117,-0.65623252054892223,-0.18560290630646151,-0.15879510743037539,-0.428544298015825,0.88945708074886909,-5.0903520509699982,-3.9995732269358939,-2.3113766302350442,,0.6255729047258917,0.4746543778801843,0,2
-0.6040475641749079,-0.72979923378849898,-0.32018684947398912,0.78054224501445324,-0.62286606699667257,-0.052836221779125579,-0.16087368946523417,-0.28183495337841835,0.94587986292764858,-12.725216741406728,11.893724363831639,-4.2533815677212354,,0.1201654760664518,0.2777777777777778,0,5
0.46578231160132094,0.87416789320777466,-0.1373948058843931,-0.87066303590100558,0.48046988015434788,0.10533077508549228,0.15809084766353096,0.070563366906255517,0.98490004322056934,11.792680810652755,-5.1256199091337606,2.2247956773877378,0.4046088192512384,0.4390623214399035,0.1875,1,5
-0.65598939909564402,-0.7084049002358912,-0.26046190814764797,0.73173684986649468,-0.6815043147248554,0.01063257066119434,-0.1850380793825854,-0.18361472253929723,0.96542557602604573,-6.0711282235898869,-11.123979591246796,-2.5955200527603015,,0.08565706468439784,0.375,0,3
0.97118797282926883,-0.0024975342274201067,-0.23830166544646339,0.06809159717354793,0.96116821420050791,0.26743073571480502,0.22838006880227213,-0.27595185510046766,0.93364507059186053,23.334284652437518,-2.1033129404284496,5.3262974372107266,,0.2749348004725096,0.35,0,3
-0.11137724198730092,0.98639487684905802,-0.12091425430127713,-0.99377104116342352,-0.11008715016622986,0.017318692596250639,0.003771963980163013,0.12208999260467529,0.99251186692831184,-18.738065577897405,5.1619138596125653,-5.9877568417776494,,0.08401932892030986,0.3333333333333333,0,1
-0.30129484635390669,0.94430247550047697,-0.13234141575578792,-0.95157165095436447,-0.30665861223915958,-0.021722997940839279,-0.061096715628261855,0.11938731215344166,0.99096612506998216,8.7906848879199018,9.1163039041123941,1.4466786458481471,0.3666638817930184,0.268957402283694,0.3636363636363636,1,6
-0.42597785347942313,-0.86368719065869914,-0.2694203129631253,0.89410253695729336,-0.44739044382982995,0.020553446822391908,-0.13828782213772883,-0.23213407216915219,0.9628033292352971,-20.786205466017325,8.1426734695699299,-6.555391680939783,,0.1615502428299121,0.6136363636363636,0,4
0.84054722992509567,0.52367464879697245,-0.13872712954795993,-0.49286371049181021,0.84551062143759426,0.20541945359789851,0.22486822173329468,-0.1042911848795548,0.96879184121818707,-0.26863666627703808,-17.842972042864229,-0.91492084268115226,,0.5697423606880061,0.5434782608695652,0,4
-0.20163421817371069,-0.93183682865258843,-0.30170145314227792,0.97604985455433224,-0.21684697701422448,0.017437602594932856,-0.081672048376068077,-0.29095964209229797,0.95324297174832529,1.0298025542171949,-5.5728436712004354,-0.70874173636305704,0.5899954155608669,0.3315950822621604,0.8611111111111112,1,1
0.043971631909677317,-0.848046757568371,-0.528093923999295,0.9988156025696967,0.026296497481583313,0.040937590104150871,-0.020829970008001283,-0.52926854355608022,0.84819863307570365,-21.168950885833162,-3.2091101885635873,-6.602778513064977,,0.1289649239329773,0.2142857142857143,0,1
-0.0014293107436195776,-0.91403220483982672,-0.40563910756538707,0.99966070845216071,-0.011855948976117095,0.02319276720878613,-0.026008172710196537,-0.40546832797337096,0.91373902727351874,-2.8620662380913533,-8.7145641415860382,-1.7577593666916209,0.2643837136486549,0.1396989787291409,0.1764705882352941,1,4
0.96921612036488003,0.065158046256336186,-0.23743323489542931,-0.029020475271867074,0.98785703702082395,0.15263121051552414,0.24449524338899908,-0.14104220438044932,0.95933788236661355,-9.5719799440524103,9.0583482080157847,-3.4748285860543073,0.2949365432586744,0.1041598753745778,0.2156862745098039,1,5
0.49337806815980928,0.8495083126315246,-0.18685210362432209,-0.8574380176463654,0.51111324149731119,0.059693385402258187,0.14621261147235437,0.13076269015300687,0.98057278725772468,-14.529476650683188,7.7272431082617912,-4.8451297387649142,,0.4076028660452637,0.8641975308641975,0,2
0.82038856838169649,0.55960931279990433,-0.1174734603910578,-0.52676135992029005,0.81956425155542689,0.22547041328591189,0.22245239167866293,-0.12309286981792278,0.96714170566490976,-29.095316539850081,-2.5079687644866562,-8.7013986385602191,,0.779444968507863,0.4285714285714285,0,1
-0.77259072588328137,0.6171808835028062,-0.14896753779881231,-0.61009677009065688,-0.78662493654138266,-0.094884879386627402,-0.17574271365861249,0.017577435818751139,0.98427919430715671,-8.0206619669309038,13.718469623867852,-2.9196278387248644,,0.09242071327396356,0.1875,0,4
0.85048974329511262,0.48227579904455253,-0.20994582683576121,-0.47041335730660666,0.87598210907871898,0.10661434163153712,0.23532630498382401,0.0080869172085384147,0.9718827768577456,24.644624765031757,-3.5940998045143324,5.6788009945732201,0.5498672763903973,0.4203796094096263,0.4166666666666667,1,5
-0.73184097711954266,-0.55372507681714622,-0.39723711245622306,0.63260224783925911,-0.76877078442559499,-0.093839634709283054,-0.2534229276080382,-0.31996878022316588,0.9129056903344781,-4.5352190408848863,10.167337798216625,-2.0589058468792034,,0.2198451130254367,0.2,0,2
-0.87471475480263283,-0.41332169869178298,-0.25305981727865795,0.42604030501260115,-0.90469038515948152,0.0049965492850710365,-0.2310059658003199,-0.10344312635708239,0.96743773100604946,-0.41406993642414242,-15.271453154654395,-1.055442670783898,,0.07748041983605609,0.3333333333333333,0,5
0.18994249879755853,-0.92974985526728304,-0.31541568410750409,0.98178145502456948,0.18157202405426487,0.056006916096817246,0.0051982420468773913,-0.32030736287401013,0.947299409673794,14.977508314065366,-14.483084751305029,3.1244273428969063,0.5582045215193622,0.4736531413038024,0.8148148148148148,1,4
0.08988500791554635,0.99237202113167478,-0.084370948951980898,-0.99593169355692313,0.090103016291253932,-0.0012280977395966019,0.0063833471519381714,0.084138089651795686,0.99643365797672911,3.3018496463650124,10.716634917927502,0.020696135955606414,0.7143508351584452,0.6838423511090158,0.86,1,5
0.16683872779179643,0.97106375901425201,-0.17088011832254096,-0.9832647541965791,0.17672383217166385,0.044261837934081567,0.073179656077055649,0.16063580880884668,0.984297147646366,-19.355679155592377,5.8514638399158212,-6.1619936988370485,,0.0677807939219634,0.2173913043478261,0,1
-0.79812944615589576,-0.52258652395163196,-0.29982113361641877,0.56510552186336493,-0.82189098870548805,-0.071770131978770996,-0.20891418414846277,-0.22671243386472389,0.95129192995248124,-7.401861677508621,-9.6765134936096544,-2.9341647444789705,0.2853242331829691,0.2244953074207117,0.2678571428571428,1,5
-0.16759823755181197,-0.89473949681073384,-0.41394693333373261,0.97936857191264004,-0.19919576470091171,0.034033037992750308,-0.11290717921958407,-0.39970273976055554,0.90966460231702051,-4.1570463253372303,-18.289950246791491,-2.0304717465821569,,0.4224735264176617,0.7666666666666667,0,4
0.34117260233371594,0.92945393166964041,-0.14041596889487656,-0.932905586298996,0.35311720417447684,0.070678194431711458,0.11527542005547467,0.10688137826510108,0.9875666805391855,-17.472919113004203,5.1413878285037784,-5.635722702100554,,0.1149697873640457,0.3703703703703703,0,1
-0.78420929642255421,0.61340426561798311,-0.093546706655577419,-0.594529484280926,-0.78596015996473467,-0.16970951437342707,-0.17762452455980832,-0.077471503598879166,0.98104418575568286,-16.919632704858696,3.4348160987078176,-5.4769507024680433,,0.2482194305022772,0.4772727272727273,0,1
0.96961210279979138,-0.012674371707440929,-0.24431891127374758,0.048778859696350818,0.98862101819223014,0.14229935079009728,0.23973525596142803,-0.1498927706408186,0.95919714572069525,10.149623962364505,-3.6060817552090105,1.6752830429283365,,0.0931416244862637,0.3720930232558139,0,5
0.31539416336869508,-0.89687229602360585,-0.31007516240148558,0.94747785827369235,0.31587616923897871,0.05007947471775917,0.053030461001762619,-0.30958412480657799,0.94939214230669056,6.6567563365919149,-5.122191792383056,0.78307112353577391,0.3327572696465771,0.1909241247077982,0.1739130434782609,1,5
-0.94001547816470377,0.28757662546728924,-0.18349546396472358,-0.26511101830288197,-0.95435490931379796,-0.13756036872246788,-0.21467894350679037,-0.080662206475516002,0.97334811843518221,1.0941029974730458,11.801649049756504,-0.53138375454089704,,0.3017576213230854,0.3043478260869565,0,5
0.36226461683156047,-0.8944000386355655,-0.26232216505774419,0.93017661377701233,0.36486814523242245,0.040530282221868975,0.059462715832822394,-0.25868863037124706,0.96412881812672457,3.4863331138206797,6.8042977206308581,-0.0041147933903071636,,0.0809071258342678,0.3488372093023256,0,5
-0.78592799772304522,0.5743172331092169,-0.22907836682851052,-0.59033786609207339,-0.80715435249746703,0.001747885079568839,-0.18389776032595281,0.13660734606223568,0.97340641396537475,4.876264688269905,8.204032265798082,0.42616635196016062,0.1781292476059279,0.1593038862915455,0.3478260869565217,1,5
-0.10919533159855858,0.98336913247819369,-0.14512590687457,-0.99400573541742943,-0.10723304065241451,0.021299599754323165,0.0053830766609422485,0.14658180064906806,0.98918390514814813,-6.1865332607062298,9.7377805190068294,-2.5505614455789729,0.5183280669151792,0.3189596291902402,0.4743589743589743,1,5
0.46510149630397485,-0.78798594155140211,-0.40343370465685457,0.87915791203190219,0.46454866320442012,0.1061880653684444,0.10373988551907308,-0.40407016152190306,0.90882635344721008,5.0814824151902807,6.5717101007222105,0.47371775384672854,,0.1822823266526586,0.1875,0,3
-0.96232104416836328,0.12877327069140362,-0.2394904021169752,-0.12679059142774568,-0.99164551131631351,-0.023734485703531632,-0.24054594961485937,0.0075249346606583081,0.97060858304583286,-11.86132882539272,5.4570753199556865,-4.096586994031842,,0.07122357219055536,0.3636363636363636,0,5
-0.92857615559843809,-0.19846655482900344,-0.31361975363221545,0.24456431504408224,-0.96281039186502615,-0.11482353906640366,-0.27916772567946369,-0.18332260070984477,0.94258060928916565,-9.9421043789108445,20.472625726520636,-3.4537797420202807,0.8472593025848199,0.3810585770357223,0.6666666666666666,1,3
-0.95809992530861066,-0.037425480988975253,-0.28397863739439716,0.084667878485593082,-0.98412822830434676,-0.15595826559466711,-0.27363458019114373,-0.17346747138092414,0.94606191810912954,-8.7497120148411547,-22.285419432674047,-2.9511769154305543,,0.2415952448672492,0.2857142857142857,0,4
-0.87363110834627267,-0.38690816401685674,-0.29507754768326355,0.42737814273648861,-0.90005165555765831,-0.08517593814586831,-0.23262976946378389,-0.20052204353891928,0.95166921796084347,3.999014049174443,1.3895316338533186,0.056699397115740978,,0.07049094998982272,0.2162162162162162,0,1
0.6563155865448963,0.73685949216300139,-0.16213555954049969,-0.7222393762446857,0.67574050155276266,0.14746205601071347,0.21822038002880162,0.020319039605825803,0.97568796362852639,5.7225825797247003,-4.1703470699491056,0.5527550371529717,0.5745492197920934,0.2531146140490829,0.3861386138613861,1,5
-0.46560377190968977,-0.80665345390665522,-0.36403754323411913,0.87478206659424074,-0.48179828717118495,-0.05125179454440501,-0.13405022770804623,-0.34231654324524835,0.92997307524037753,-6.6927884035922132,16.28181393241589,-2.644883002250515,0.7090926556582915,0.4374735227774017,0.5714285714285714,1,4
0.2165712438630919,0.95895280348115031,-0.18304758132036542,-0.97180363458673646,0.22966601874829023,0.053396775523614895,0.093244796828576351,0.16632209873601464,0.98165287517352373,-0.91798288426019237,11.347982932822577,-1.1243042811231472,,0.07996490618390936,0.4615384615384616,0,5
-0.9664211810745319,-0.049256195687817292,-0.25219819181919312,0.09400698487271536,-0.98119150686143086,-0.16859986256855614,-0.23915013603518634,-0.18664686991578086,0.95287468136423581,-10.907258402124087,1.6564142008924547,-3.8427982213805931,0.2410749766137036,0.2983336518603029,0.1612903225806452,1,5
0.98845690457921465,0.049031282926543435,-0.14334880914836576,-0.022315762764090787,0.98298166783398588,0.1823432132945238,0.14984977317945516,-0.17703947016666269,0.97272918712310341,-8.684007313722228,16.322980795336157,-3.1032484903379638,,0.6681023700626715,0.1923076923076923,0,2
0.67717702944630687,0.71086150770548429,-0.19001891393480305,-0.71090169977519546,0.69868852076586185,0.080331340127937759,0.18986849145399098,0.080686230626410241,0.97848847113304727,8.5758708436789952,-11.849435283362658,1.375593936318227,,0.1370988127038999,0.4117647058823529,0,5
-0.54845216378875483,0.82482357976087828,-0.13735460059962035,-0.82886526353318579,-0.55795100859563584,-0.040902896170979197,-0.11037481118214351,0.091415175313299471,0.98967705175928156,-15.131689208918507,15.581656816022537,-4.946452606533132,,0.2297105445052379,0.2,0,4
0.30947287084520303,0.94478279755716543,-0.10775902584416247,-0.94464950332827269,0.31843598182209315,0.078967343520256389,0.10892133892160381,0.077356259740593486,0.99103589794036695,-10.868808258117772,6.0728362064895851,-3.8704223202806816,,0.08338463644284368,0.2758620689655172,0,5
-0.35689204421990478,-0.88425165974195929,-0.30120934749128886,0.92848768797813497,-0.37121878437593586,-0.010355066367275321,-0.1026580831963837,-0.283364811453439,0.95350180995339595,-2.0144300258523256,13.829175085658346,-1.3771631157648065,,0.1806056178176968,0.3571428571428572,0,5
0.58199379925344918,-0.75221050639280829,-0.30897017930992993,0.80500057850073115,0.58672222187290679,0.087926690907866298,0.11514028940394243,-0.29989396198122109,0.94699858781477719,12.546883596866905,-10.149891591243888,2.4418857589491787,,0.1580247121224699,0.1764705882352941,0,5
-0.84716438732068611,0.49601359441496806,-0.19048100958129927,-0.49391986016359929,-0.8673104173340036,-0.061772256878702636,-0.19584604308368894,0.041751097464154348,0.97974546351029435,-17.609712351599445,12.83218547625509,-5.6797671302038752,,0.2585049719229409,0.4642857142857143,0,5
-0.45396093013772426,0.86542724119192183,-0.21202632881656805,-0.88672491506012996,-0.46213555703197984,0.012233230903868759,-0.087397934301091482,0.19356243729009223,0.97718738425658236,5.5411861109233742,-9.8840286594126816,0.50724032234115857,,0.1077925408832543,0.3,0,5
0.72037568490642689,-0.6127661910693093,-0.32492532631053467,0.67176068863692773,0.7330024296402774,0.10698137848939532,0.17261648182499095,-0.29533884475947503,0.93966936577633597,-2.1903331571227165,11.713173818794653,-1.4991299031205951,,0.2231699325532282,0.3777777777777778,0,5
0.834320782228817,0.51028026889266687,-0.20862137838659361,-0.49844298831796913,0.85992096692373043,0.10995689174221455,0.23550672970798014,0.012246543340213679,0.9717955558853254,-2.5140990315168636,9.8608300423956319,-1.5420694977081117,,0.2810545047079062,0.5,0,4
0.96455159153670145,-0.027788934082501982,-0.26242713732877065,0.1055372734705969,0.95207340517100825,0.28708555358024113,0.24187209672140256,-0.30460467217138909,0.9212566865531846,-0.2515069187128095,15.454421025845857,-0.94961539678166873,,0.2834354237377037,0.4285714285714285,0,2
-0.85342048193078601,-0.43396611348900749,-0.28869862030198473,0.4754282333475861,-0.87514864894306832,-0.089904600489154343,-0.21363865744994964,-0.2139819024973072,0.95318952441086713,0.69821425445270746,-8.5322880540984034,-0.77303816598624242,,0.09629858871570916,0.3157894736842105,0,6
0.5025488373039616,0.85665022089329346,-0.11659787805920513,-0.85124355117732742,0.51386381098589984,0.10643495825179672,0.15109296046954238,0.045764427260922488,0.98745963689359495,17.626889556612575,0.13073040985422321,3.7408709704455974,,0.2266748207610602,0.2777777777777778,0,5
0.64269309295072619,0.75548679241520222,-0.12722143985829917,-0.73529607060640523,0.65489990288287436,0.17448726530834033,0.2151401329929179,-0.018596335396834734,0.97640611401485955,7.6954761380460894,0.81245499004049515,1.0355551952776423,,0.5532238626800189,0.9482758620689655,0,5
0.16849515574489946,-0.88044904595274531,-0.44319167407725901,0.9856360880466436,0.15571156264385644,0.065386628595749521,0.011440473356122451,-0.44784303806122711,0.89403899737622128,1.4872978597927158,15.355925299799727,-0.39818379387830527,,0.7904695744236326,0.3170731707317073,0,2
0.49678864642215032,-0.78206032013357474,-0.37627476192088366,0.86161151545422487,0.49641990460721841,0.10579638342794961,0.1040511279262322,-0.37676110996536027,0.92044795007373881,-1.5918714074778313,15.069383324729779,-1.2745350933685098,,0.3391850099785115,0.5769230769230769,0,5
0.5045895612103698,0.85148530160595459,-0.14269602610634208,-0.84957383250746066,0.51912147738890124,0.093472963107783871,0.15366742607368319,0.074065328343159917,0.98534290949968695,-16.718350927901238,6.106185334748842,-5.390871784340761,0.8534717923437681,0.4267628339653906,0.2068965517241379,1,2
-0.089774771955955707,0.97567471288169061,-0.19999836240200847,-0.99593607263569373,-0.086492253677869599,0.025108350736592636,0.0071992737998248244,0.20143968004579441,0.97947446406723715,6.2167701744068875,-8.624336148282632,0.66302683330752354,,0.1077746559549277,0.2727272727272727,0,5
-0.64825003357945921,0.75031265312578632,-0.129625678488379,-0.75354258773398286,-0.65660859587347875,-0.032229183921260507,-0.10929529923744147,0.076785899645710726,0.99103908256949991,-3.5488012702647151,9.1470825217565839,-1.8544351111037041,,0.3840671164956623,0.1239669421487603,0,5
0.011506279582038457,-0.9522691887125001,-0.30504261629978369,0.99987539445319473,0.014254331946712337,-0.0067830367699233483,0.010807455632532657,-0.30492655878029051,0.95231454501816859,-9.3657858665517235,-17.135453964439698,-3.3778969873696778,0.1417765721761565,0.2004531127405293,0.1612903225806452,1,4
-0.87915850490555225,0.45395996427768343,-0.14491609325826763,-0.43675860056581167,-0.88924590802826797,-0.13595455081303967,-0.19058396596783328,-0.056232249536952293,0.98005902170633896,0.54583787375611148,-11.625368708995495,-0.80953614403121632,,0.3589587813115701,0.4390243902439024,0,5
-0.92949033464059416,0.31172881458094504,-0.1971620246641706,-0.28964869579482011,-0.94783389501527815,-0.13309598222533567,-0.22836670255112945,-0.066603705753702738,0.97129428884648472,-17.071229417416685,-0.099796418790779579,-5.5519458591805551,,0.3865386546982657,0.2666666666666667,0,3
-0.93224707917581695,0.27771294059871621,-0.23192866574050952,-0.282495945944856,-0.95918007138871531,-0.013024253355232253,-0.22607835786045552,0.053377085671232401,0.97264559981134269,-7.6533958072991322,-3.390191977445193,-3.0209867899798226,0.7431055263665172,0.5126486869761031,0.9281045751633987,1,3
0.90649847246987147,0.3901403579424178,-0.1614032853270114,-0.36414149388476919,0.91592024552216356,0.16879299829669861,0.2136854974984479,-0.094236961682679324,0.9723465962359612,-10.366407139952129,14.069966754777754,-3.6015602052900424,,0.3364811005372706,0.4782608695652174,0,3
-0.96955437068785588,0.054361715340399075,-0.23876583965325862,-0.038594768625746421,-0.99678432106747061,-0.07022436264422699,-0.24181556218490419,-0.05887122539332966,0.96853467294975415,-8.3254523052296854,-10.082176076660346,-3.2026033600396349,,0.07350899418139889,0.2272727272727273,0,1
0.87660698028860251,-0.34725502784658724,-0.33312782493295845,0.41575721943985994,0.89511828829393303,0.16096330154844754,0.24229349267558581,-0.27960185191984344,0.92904072451645558,-3.2123678439365291,-10.327252811629579,-1.8505887236679244,,0.4313453488159261,0.1886792452830189,0,2
-0.77679704341534339,0.58805203924874516,-0.22534673833134003,-0.60487927331281655,-0.79628508315207436,0.0071505989996362039,-0.17523532194663369,0.14186213548684043,0.97425238847917295,5.7884653877186079,-12.979301657614045,0.64901296827957455,,0.1019107224781997,0.2962962962962963,0,3
0.32455932047756403,0.93751881350227673,-0.12537831479336425,-0.93921851361823938,0.335121577102445,0.074579569837283213,0.11193672841335904,0.093552139952285562,0.98930185784848346,-4.8717161659475074,3.8779263695746038,-2.2659581461414913,,0.06956373143453136,0.3069306930693069,0,5
0.96767572964912241,-0.066075275219880492,-0.24338804459680011,0.077123422927460453,0.9963664515481544,0.036136849133401164,0.24011593009208898,-0.053739670951310888,0.96925558439559911,-22.440052351549756,6.435267580851642,-6.9539694463276094,,0.08034461791656167,0.2,0,1
0.20540389140746812,-0.86135625240436009,-0.46462312451984733,0.97847234867505928,0.19045797327794997,0.079483478114442868,0.020027587797398199,-0.47094709560498643,0.88193408419691177,-3.9818326165394411,20.190512874673381,-1.8930324014575826,,0.5052395001915038,0.5,0,2
0.82841220294390527,-0.48494104445602804,-0.28029521118906625,0.54810672789223147,0.80492462177444646,0.22732216807987782,0.11537866723488302,-0.34194814908573723,0.93260882822539326,7.9844247677061926,3.5656344432234448,1.2001613097163457,,0.2940538822761277,0.1304347826086956,0,2
0.7719291610304343,0.63107216824858903,-0.076637385216828446,-0.60659954875671185,0.76727279785373448,0.20815725094710116,0.19016402866736334,-0.11419444879557505,0.97508833962122188,0.41966383000140761,18.304352720982244,-0.69911070116666285,,0.4135605581251072,0.5714285714285714,0,4
0.81212463641968435,0.5366087681964602,-0.22913883305732274,-0.54112367800803141,0.8395580817000301,0.04824305702611182,0.21826300652940284,0.084813072971341635,0.97219751215167316,-8.5908825560562185,8.4807433255941227,-3.2321380797254711,0.5501199539882845,0.5510452559438928,0.8026315789473685,1,5
-0.83391445860233748,0.50586479617004354,-0.22065240476779438,-0.51645293326589803,-0.85624267629946405,-0.011173495629448521,-0.19458428367938668,0.10463884211597452,0.97528850565645864,-3.2300903089524287,-12.920107577522602,-1.842071791174664,,0.08180719975415865,0.3076923076923077,1,5
-0.89991714136397516,0.38756880350954231,-0.19984884594480998,-0.37914175811379713,-0.92183461502779573,-0.080451661206803346,-0.21540813803955897,0.0033712138373191668,0.97651828911884353,-15.303962023807301,11.597197222236566,-5.0361477988209042,,0.08335612269559618,0.3333333333333333,0,4
0.73737303499680873,-0.60326346681519361,-0.30389833310781789,0.67022466473055564,0.70944624697189007,0.21791035185212171,0.084142177571125007,-0.36436137592178319,0.92744858708716327,-9.1432337430837602,-6.3747901900198718,-3.3985449911107137,,0.4621435519970283,0.5317919075144508,0,2
0.54027985347245666,0.83184123814164079,-0.12703477657225415,-0.8257891500868384,0.55314766053384756,0.10999975111239205,0.16177131862798694,0.045473290764063236,0.98578000603402838,-16.286592834983775,6.4501320941560261,-5.3052660708028814,,0.08145024293529327,0.2,0,1
0.88338956289420645,-0.34289180957846149,-0.31944966284782805,0.41992373008298917,0.88178882163516437,0.21473829409878828,0.2080551395250114,-0.32384206175738933,0.92295144940237872,-21.4657681575239,5.2548077246592575,-6.6830176509844499,,0.3531105430215854,0.3888888888888889,0,1
-0.26099455491737761,0.94433034085935297,-0.20030489169248844,-0.96448223963439439,-0.26383390750828561,0.012871623003086741,-0.040692158130335131,0.19654993406605073,0.97964905536897673,-11.865478427333059,2.0672783171885643,-4.1448152449033593,0.4080449235782614,0.3971188710118488,0.792336217552534,1,5
-0.94972922997505693,-0.14392550765574691,-0.27802848411092917,0.17565733993267094,-0.98007872918194194,-0.092683242999414203,-0.25915032058394949,-0.13686172894986334,0.95609098860416564,3.7531364564876277,12.612250244267941,0.1420900578831702,,0.6404224122176232,0.2631578947368421,0,4
-0.26172511591520198,0.96264603360417889,-0.069372744542194373,-0.96505326453245255,-0.2620011921849183,0.0052508960129261147,-0.013120987555483323,0.068322684957662194,0.99757698971344833,13.296074814648531,-11.180418171605405,2.6325252592454111,,0.270466477287384,0.4285714285714285,0,5
0.72412876854855102,0.68305628223664239,-0.095245167107918763,-0.67335413286766799,0.73008588915838468,0.11648521881269715,0.14910311301374643,-0.020216571145158242,0.98861496647620251,-19.29147473098573,-3.1405290926675176,-6.1515183084075655,0.7066091978437213,0.2365296732705385,0.3783783783783784,1,2
0.0024868964979892962,0.99828972548270589,-0.058407528123282496,-0.99563824305408,-0.0029755644700340963,-0.09325038865479289,-0.093264700256814964,0.058384672746778429,0.99392802841768091,3.1205720626801781,-15.768060726129288,-0.022699445328139719,,0.2150045112325707,0.6153846153846154,0,2
0.95496156711000157,0.16622454353833013,-0.24580033862523853,-0.15219540212368593,0.98548928359616828,0.075149394472072348,0.25472527341278417,-0.034355102133211621,0.96640300187975281,2.5057813301510188,-6.874185411616538,-0.3220172033758924,,0.08445433400953206,0.3043478260869565,0,6
0.39298964885077825,0.91367872325312371,-0.10368378161835949,-0.91491828764420369,0.39981389085749042,0.055438070056530973,0.092106801216523121,0.073075600250264008,0.99306409350943881,0.43142926300602435,8.2928312607990282,-0.78476385100262813,0.4410044645072723,0.2681387543498407,0.2368421052631579,1,4
-0.90995052394689668,0.35330740782354575,-0.21717255707334032,-0.35351704399394795,-0.93460506954765254,-0.039230900851333871,-0.21683114069373821,0.041076021628594202,0.97534456315325724,-7.8623509798888875,-16.790611678179307,-3.0769006505176044,,0.1088792095966093,0.3076923076923077,0,1
-0.66857422714538461,-0.69565175778725818,-0.2628252930835368,0.71880555548836189,-0.69511836788573556,0.011359050441665738,-0.19059663217385733,-0.18132591242116131,0.96477657376649351,-0.53628221847873614,-9.5890829885965125,-1.066879741340212,0.3193972178016523,0.2708200621063486,0.88,1,5
-0.26005197459534724,0.96144276830226383,-0.089447044603718329,-0.9649811031525517,-0.26207095094951666,-0.011414343034090562,-0.034415709603967976,0.083346385330707679,0.99592617145286422,-10.965344511753406,14.331136545812893,-3.8147613539392662,,0.6317644049170958,0.3846153846153846,0,1
0.83573276433625254,0.53637273736487023,-0.11770740514768624,-0.51165241649350102,0.83842273124957978,0.18777414204398793,0.19940549468669774,-0.096703724518297021,0.97513375408353231,-3.9796910802269578,-7.4772238509089792,-2.029561368419063,,0.3027069682521374,0.1136363636363636,0,5
-0.044405507512467225,0.99823805095803086,-0.039356632504226496,-0.99858356899740042,-0.043196160808885622,0.031063602814025492,0.029308814902258444,0.040680281597912198,0.99874226307798764,-14.954351486457643,3.7743765276551886,-4.9617507577713216,0.5489834623781605,0.5760838842233582,0.6899999999999999,1,5
0.64381135133625633,-0.68007880244408614,-0.35071322523794463,0.75250314317303812,0.6458201889489823,0.12905542631210659,0.13872982161482775,-0.34700015275518092,0.92754780501201106,-5.4417367236000667,15.227010704822384,-2.3516244361266767,,0.2415733856459784,0.5348837209302325,0,5
-0.27515197798099827,0.95308034917074635,-0.12621108127938199,-0.96127537637047145,-0.27485510560681592,0.020107752377459268,-0.015525456416847177,0.12685629249837221,0.99179959732630185,0.52698738565284298,13.239887200568409,-0.75462864276712471,,0.236209819837482,0.717948717948718,0,8
-0.020147061018542474,0.99441256117844945,-0.10362313497877614,-0.99945763926799858,-0.01733143450499823,0.028000869394301475,0.02604847867252337,0.10413106908369593,0.99422240832236919,2.650288707493651,-4.5172154607325545,-0.32589933677171706,,0.08257769841686198,0.35,0,5
-0.9626230495051864,0.11431064596247902,-0.2455401001485846,-0.10713282559782904,-0.99333852831617298,-0.042439672973354159,-0.24875574815622117,-0.014548002691121225,0.96845698581658157,-4.6497198575894423,13.991700575705732,-2.124452125701858,0.4937873381109936,0.4023353206651558,0.75,1,5
0.75708655742025766,0.62577533183205936,-0.18768371970955916,-0.62424855658207679,0.77764558068221346,0.074706696156464553,0.19270102277552659,0.060601855713308492,0.97938436321260858,-0.55823747963246306,13.777156841129845,-1.0084394927190048,,0.1740582622663131,0.4736842105263158,0,5
0.44280262249802804,0.89320156992448774,-0.078209928994345354,-0.88380273694582401,0.44950518441765236,0.12976059243362087,0.15105813343193633,0.011663818675035839,0.98845606663016472,3.354653869769761,-2.0838910538565858,-0.13203080638426604,0.3020385963389612,0.2043621815648917,0.1460674157303371,1,3
0.62048727588992381,0.76451620130100273,-0.17467260348144689,-0.76596877277786724,0.63859407218491826,0.074090823314714158,0.16818852394818767,0.087821346599610176,0.98183503272879891,3.2851479715469707,-10.94201094927946,-0.096221281388648591,0.2336312547408872,0.1745074252898209,0.4,1,5
0.97314795865549419,0.0037250428733812653,-0.23015033048040118,0.062063354886036336,0.95859186609170033,0.27793843606655688,0.22165556736733755,-0.28475912332781395,0.9326205290130819,-19.479829723136291,0.88071510141364573,-6.1634514117391115,,0.4393766037579549,0.40625,0,3
-0.89318238431350128,0.40466536196694403,-0.19614069739911424,-0.39116823687254926,-0.91430499263961695,-0.10504185306958062,-0.22183921838590684,-0.017097521996832805,0.97493334947959265,7.9734891852396359,2.286575460172279,1.1740392978363705,,0.2310433615863818,0.1111111111111111,0,4
-0.33950924442753422,-0.86860329462273134,-0.36091798170606776,0.93231594811941221,-0.36158059069800569,-0.0068153732607425374,-0.12458108135044733,-0.33880347253388338,0.93257265731337835,21.423621107689982,-2.1214625772178559,4.8330540677201075,0.2635098662438113,0.1237715857501348,0.3333333333333333,1,6
0.84544824554559972,0.52759693171626287,-0.082817520775819511,-0.50439965255599573,0.83979644763836869,0.20080566982873913,0.17549431502262167,-0.12799767254744407,0.9761241423185778,-8.8527982965080199,-11.973795119243263,-3.306186625474874,,0.3747553970291291,0.3157894736842105,0,2
-0.41981361871214035,0.89062643433484523,-0.17476006411024472,-0.90476040459515461,-0.42591117190000677,0.0028781812963661873,-0.071868879361162735,0.15932428601679724,0.98460684339720506,0.20650192595481537,11.200676573703786,-0.77233671268168957,0.4038812956149771,0.3311708308121647,0.6744186046511628,1,4
-0.8281713844274482,-0.48938401648542823,-0.27319487993758895,0.51383254032647319,-0.85762472144122304,-0.021353165444675502,-0.22384878493565,-0.15806049975074241,0.96172168526106261,18.091012389958006,-8.7811483558518404,3.9798132403991162,,0.1664643750840743,0.4285714285714285,0,4
0.28988033746488029,0.95411613512339155,0.075045257334815388,-0.95150312557747585,0.27886936879148122,0.12989871887795928,0.10301064006956427,-0.1090608813784413,0.9886832314677011,-15.995290263607476,13.034053933046442,-5.2081481737641537,,0.3192534229097779,0.2777777777777778,0,1
0.92962986665763347,0.33377560661704536,-0.15614786404409703,-0.2779770851749947,0.91337408296288236,0.29745003729925373,0.24190297876571115,-0.23311291040853396,0.9418817971832445,-20.910770997434401,1.7111059116983278,-6.5279168307531785,,0.2534723277021446,0.1176470588235294,0,1
-0.10108145848673389,-0.92728200010278716,-0.36045891726460205,0.99278049122431899,-0.1175304390375784,0.023947696006803618,-0.064571162252161279,-0.35543591290837312,0.93246762776001857,4.355100274116114,-4.0423952081560568,0.18321701471802176,,0.08994805254170203,0.16,0,3
0.95152142179819921,-0.1254880699795323,-0.28081974316622671,0.20184575424089643,0.94365617973462479,0.26224283773551882,0.232088938456914,-0.30621195068361712,0.92323830396300022,-6.130921125109289,17.750710984723238,-2.4966055149522726,,0.7478783623791182,0.2857142857142857,0,1
-0.33343844709159998,0.94013014453741972,-0.070527394203906385,-0.9412487287449457,-0.33621760383258353,-0.031757731485424594,-0.053568952175366162,0.055794571466468441,0.99700417910744343,-21.896521711659179,-0.51961854979976496,-6.8888454615436094,,0.5694628194564821,0.2857142857142857,0,1
-0.41527998756219187,-0.83442302893928288,-0.36232684237596591,0.89746255879707226,-0.44089093639017052,-0.013271690412681433,-0.14867241670113923,-0.33068624250910539,0.93195660925144563,2.0246157322422191,-9.8557824791025332,-0.40429578128848337,0.2522399350773605,0.2792132901352489,0.1666666666666667,1,4
-0.41649679690586383,-0.84841215235243783,-0.32669134960671731,0.89937339645275449,-0.43702588052193936,-0.011656479187974382,-0.13288307612405564,-0.29867239493251885,0.94505919845535669,-6.5441790564970024,-5.23488347456236,-2.7155967563717645,,0.06944780819714061,0.1794871794871795,0,4
-0.53134393359595955,-0.80131088202032053,-0.27490815663888502,0.83250835782822463,-0.55398325331219167,0.0056911506564449807,-0.15685489592909346,-0.22583937966053957,0.9614536474618095,11.294887901322728,-10.380883544539985,2.062166778576624,0.1433734459876408,0.1097900964082924,0.45,1,5
0.96697409501842879,-0.093428418518701123,-0.23713335947602363,0.1212593731779661,0.98698741965863079,0.10560302008979086,0.22418131942643527,-0.13087002731218636,0.96572033838556515,10.606410116775395,0.7104343973571835,1.8918675519750454,,0.1306247446195775,0.36,0,4
-0.078641264235610034,0.98577728809416421,-0.1485216813705672,-0.99682983938565828,-0.075953236069454713,0.023693400788841575,0.012075714048781399,0.14991412277798585,0.98862527426822311,-19.014214521487428,-0.2608146006728258,-6.1152061309830446,,0.08242783887420993,0.1304347826086956,0,1
