axis_00,axis_01,axis_02,axis_10,axis_11,axis_12,axis_20,axis_21,axis_22,location_x,location_y,location_z,dbh,dbh_approximation,score,reconstructed,number_clusters
0.72960114537919551,0.67556195582949274,-0.10629305008887469,-0.67180257776654428,0.73708663490534054,0.073379759812543993,0.12791976066109412,0.017869988241492073,0.99162351643789537,-1.7202828254950557,-15.510550402707205,-5.9402129301897917,,0.1536557621087581,0.5238095238095238,0,5
-0.92074667219353057,0.37725535855674591,-0.099518641895687779,-0.37302038679465027,-0.92595103705723036,-0.058910678218896083,-0.11437375870412993,-0.017119328633504745,0.99329027575378459,-16.936977459690269,-10.646784241699091,-8.3708228782323442,,0.5411074977822882,0.4657534246575342,1,3
-0.91458735060194896,0.39009334207786472,-0.10656998914062003,-0.38510102546316261,-0.92059434495919912,-0.064832493522658685,-0.12339845341871335,-0.018254766382155476,0.99218928899590764,-2.9583315074947327,-17.851026284215902,-5.9796857962564038,,0.2925577910195635,0.7868852459016393,1,5
0.96428940033684274,0.21670856750619524,-0.15226079327070552,-0.20153326806728333,0.97339096206909048,0.10906134431745401,0.17184380774451039,-0.074481083045445387,0.98230457293460915,7.2811996043830014,7.6624846497973698,-6.3545483265623304,,0.134813917937754,0.2727272727272727,0,5
0.011778733393570962,0.99786039780207414,-0.064310869516198729,-0.99900700437781309,0.014507195718935774,0.042125366187610348,0.04296820503245332,0.063750825646879714,0.99704040318616483,-15.360328578814896,25.520700422179349,-10.411307196990661,,0.2292554810167493,0.5263157894736842,0,1
0.77021214830125151,-0.60937473581125434,-0.18824366646486601,0.63123268001818789,0.77054392309114883,0.088359302081661428,0.091206086892420338,-0.18688096195778284,0.97813953798602127,9.5406610664864449,12.625647705826829,-6.5416214244620239,,0.1923590914596811,0.4411764705882353,1,5
0.69530739786491458,0.71191629354110952,-0.098604327820896009,-0.70595896771368138,0.7022420868479512,0.092075986902496534,0.13479450426095052,0.0055894946215223305,0.99085780976430793,-1.7478211336997012,5.05512530407659,-7.3421098583711624,,0.898096555237856,0.9939899833055091,1,5
-0.47832896230933963,0.86987345469636002,-0.12050550456593442,-0.87741996670909261,-0.4791042356866127,0.024358435240413645,-0.036545941447515468,0.11738528085653088,0.99241376955479044,-0.74224925243511619,-10.786597782398168,-6.0709872451226792,,0.08040681295536159,0.2758620689655172,0,1
0.57617223554911301,0.81581613799552433,-0.049694908878122952,-0.80582188955927281,0.57717627186991127,0.13235797481630376,0.13666249408473574,-0.036215744869017977,0.98995544472169139,1.6738091695080561,14.129333532957135,-7.5933855617579074,,0.1496588511750074,0.16,0,2
0.093005195717751149,0.99566462351319784,0.0014110470668058451,-0.9936529000091463,0.092727028333574546,0.063683691160591915,0.063276756181997795,-0.0073250051704007602,0.9979691360088937,7.2175757262420319,-1.3776003717979919,-5.7301475576572756,,0.1034983874094833,0.2173913043478261,0,3
0.80915339759445015,-0.55069425316693921,-0.20495516263384236,0.57917553193055671,0.80631003713609295,0.12008258502609299,0.099128615315227694,-0.21587024700615701,0.97137714307223966,-1.3043050644849519,21.90910526894735,-8.6336036900336079,,0.9008448665160214,0.6129032258064516,0,1
-0.66296510633305661,0.74806520820495326,-0.029592432446113776,-0.74393449097575814,-0.66270383480359829,-0.08593660729423315,-0.083897204491193908,-0.034958140824189368,0.99586102819051914,12.594900843411843,-21.444379739202844,-3.5916975851702189,,0.2225318054829644,0.3809523809523809,0,4
0.067039932966263982,0.99384405234315898,-0.088202307282786191,-0.99626548634074863,0.071499074863915366,0.048404163248998842,0.054412573125246805,0.08462790270196012,0.99492582134054464,-1.8904927025641187,-10.097276329370025,-6.2622772082481539,,0.0742717098968719,0.2162162162162162,0,2
0.98733246440646594,0.08941369480565127,-0.13107172048255367,-0.043201891766466584,0.94637667537766235,0.3201636844629962,0.15267023703673654,-0.31044545331237239,0.9382512559228593,-4.1852648139812398,-8.3883180811552602,-6.7040168998965823,,0.5842138386345201,0.5748031496062992,1,3
0.94371298446808549,0.30637881665186562,-0.12465080686999526,-0.29230064125022936,0.94886327607164622,0.11924268718578337,0.15481000636600675,-0.076095361419631871,0.98500931868656538,9.812329890920239,-18.743821338742833,-4.0987986618876757,,0.611941336851626,0.8904109589041096,1,4
0.2168020688336646,0.97168942392752244,-0.093896359763528212,-0.9735442166509527,0.22231709819409903,0.052789829285925315,0.072170085041689785,0.07996731380979559,0.99418142587111347,-4.856614529693668,-10.006948679466202,-6.6948465165328077,,0.0945244961454013,0.3333333333333333,1,5
0.93774865858635847,-0.25152076040504923,-0.23950941610874563,0.32236433004592202,0.88697381047470181,0.33069426702928018,0.12926210594574999,-0.38731739777249202,0.91283982239449668,-12.57039661532634,14.536371492837162,-9.3562384354075192,,0.1177840835192827,0.1538461538461539,0,1
0.19861071147705683,-0.92671287970797933,-0.31899376776031463,0.97672523408606393,0.21405458952105488,-0.013727702083598661,0.081003718347373813,-0.30884279380992019,0.94765738868305271,4.4722741097925747,4.1529781699539274,-6.463426495395356,,0.2680568608380636,0.319672131147541,0,2
0.55662740368193453,-0.79388702032611003,-0.2447638299014758,0.8255556724277695,0.56152040479089849,0.056148612857289934,0.092864229887729147,-0.23332002477540456,0.96795557793018738,14.817039868201967,-2.6625943654244946,-4.5814617842163514,,0.2930808928244553,0.3448275862068966,0,3
-0.88196286366649546,0.4703315445524045,-0.030491725306141033,-0.46565404854560682,-0.87953725124218152,-0.097880185688596327,-0.07285474717738856,-0.072128093530177601,0.99473098068644761,10.447132736931497,2.2705156362180157,-5.5571865656406754,,0.3310630170371466,0.4615384615384616,0,4
-0.98188928818178878,0.15036677156922473,-0.11525302495686596,-0.12288802487049195,-0.96849031704710808,-0.21662188054169521,-0.14419417150942238,-0.19853548749238695,0.9694285435806349,-8.5314353051439493,31.633747552101223,-10.086903882163549,,0.1965552598868681,0.2727272727272727,0,1
0.92083243437795292,0.37909650044044979,-0.091397325734280804,-0.35884185724623197,0.91549609008347455,0.18193248893462283,0.15264386422535609,-0.13473215056428042,0.97905418558866097,-16.850550365102723,15.192856121690093,-9.9515966313578854,,0.1681178426025193,0.5242718446601942,0,5
0.93178064507384795,0.34306821190483444,-0.11869722594140041,-0.33314064620898987,0.93798972358108856,0.095877986523132577,0.14422946754814303,-0.049794381577573557,0.98829063551876617,1.0049701365073858,-10.775191524939002,-5.8370494962595805,,0.08225752633028427,0.3103448275862069,0,5
0.27416846224561775,-0.9406206307669388,-0.2001611432957906,0.96167952101957954,0.26860457681151834,0.054991637250179567,0.0020379306719049395,-0.20756784503267806,0.97821850143363431,-2.5377462122161361,-11.463053289655791,-6.2966504090573316,,0.07014898397736224,0.3448275862068966,0,1
-0.75900374728955977,0.64196121940463258,-0.10862368241283092,-0.6459531621521637,-0.76337425424767813,0.0020640391037319208,-0.081595489495600859,0.071732424553465179,0.99408079921184245,1.6177032095519788,-16.886573371256123,-5.3925360366862867,,0.3786639002453693,0.3428571428571429,1,5
-0.43215074699323602,0.89596258849384414,-0.10245375489749975,-0.90118301817154844,-0.43326487210633424,0.012276740524213198,-0.033390112794137672,0.097634986649717773,0.99466200779435765,-11.4564297346878,13.546939483806586,-9.1554169527184133,,0.09299500177809789,0.3448275862068966,0,4
0.84997903497938754,0.52185490692142711,-0.072132490720466486,-0.50501702431839601,0.84611310649520899,0.1704418263385486,0.14997814922215208,-0.10844384325103963,0.9827240139616219,6.7400637249353128,11.518416849942115,-6.763527941148582,,0.08898881553393519,0.2727272727272727,0,5
-0.47749160219103892,0.87794252489578517,-0.034909781102831265,-0.87796495989072443,-0.47830290023038813,-0.020096388612807832,-0.034340923707907652,0.021053707768757882,0.99918839182011854,2.4950881760134243,9.8698033493896453,-7.1363880145700191,,0.08040761223247148,0.1666666666666667,0,4
-0.32930750599519687,0.94225272412913053,0.06096204037314347,-0.94420933143082308,-0.32895974598787953,-0.015944402106961537,0.0050304009961573987,-0.062811538675812711,0.99801272821291998,-8.7133119504460392,23.017654906547595,-9.5066360302565016,,0.2078665505036704,0.3333333333333333,0,3
0.55509529650334477,0.82663816971115001,0.092404264925722901,-0.82353492401651318,0.53057723416925462,0.20069386514395249,0.11687361004512009,-0.18750235987289166,0.97528632940132876,-2.5200260215482406,7.2212810650722981,-7.5578788419850413,,0.4043087538561586,0.4049586776859504,0,4
0.34451138324183483,0.93608746034807322,-0.071078642332934372,-0.93496209356572479,0.34894802368570188,0.063883960123338288,0.084603725757173592,0.044447084774352177,0.99542285800712238,-10.97898402483685,0.017583078282257227,-8.1708822809483994,,0.08779232712716407,0.2459016393442623,0,3
0.43311444829370221,-0.83200137406927754,-0.34667793155330112,0.90038392589813276,0.41707351612262122,0.12392928682671518,0.041480846947800132,-0.36581880172559034,0.92976122937050132,15.765165277440886,11.106415842669373,-5.6451191693025153,,0.4304382792739465,0.2777777777777778,1,3
-0.62912956527025932,0.77600543377533571,-0.044850382986184323,-0.77460215560440726,-0.63070468949219105,-0.046937140790257639,-0.064710823174025128,0.0052116603603777857,0.99789044887724454,1.8433153780190801,-9.5314627325209909,-5.7593748108793914,,0.09978982593488421,0.2264150943396226,0,3
-0.14191159622055169,0.98971771472605918,-0.017886978938939365,-0.98955904300852826,-0.14138287643412475,0.027996118503436144,0.025179341893316887,0.02167319562593277,0.99944798430592663,15.718225989468728,-23.664499512886731,-3.004887820350945,,0.3784089259637111,0.2758620689655172,0,3
0.98262118133542553,-0.10485061475856459,-0.15317298252539005,0.1338565874306388,0.97194961502670807,0.19338138444756373,0.12860026435585628,-0.21052385716156682,0.96909322439764234,3.5175903247112084,12.133272667209008,-7.2136841914254015,,0.3903685583347605,0.3214285714285715,0,6
0.2483511993608104,-0.94463508974751009,-0.21444399966835276,0.96866834193468521,0.24177185649512448,0.056815602966160547,-0.0018234882929404521,-0.2218353367356391,0.97508243665129712,-0.27569809835900055,-7.4360961665802963,-6.2583779565764042,,0.3121679409206853,0.6638655462184874,1,5
0.61132846627132464,0.79046595301638112,-0.037961604921986358,-0.78204589859604556,0.61076945274078875,0.12395518580446509,0.12116814274161278,-0.046089616190857843,0.99156140932567882,17.502340447878186,6.4916732724255031,-4.9170822604308801,,0.2943471324089248,0.1,0,3
0.93837352365135462,0.31915666440058471,-0.13264295563215156,-0.30693674007354732,0.945954481027932,0.10468981524579643,0.15888665048758485,-0.057525154427154529,0.98561954571983179,-9.426873766321453,15.485261220443935,-9.0050111595743747,,0.09775951814198507,0.4259259259259259,0,4
0.98621099256270583,0.079432185052490972,-0.14518404225764903,-0.069387095535872273,0.99491550996736855,0.07299697938591547,0.15024416501674767,-0.0619165244838474,0.9867081812138091,0.94487937627010421,6.4011866943827922,-7.0891174563379842,,0.06902571275349337,0.3076923076923077,0,5
0.36937874616472138,0.92726859540207685,-0.061092502509210833,-0.92303316247350065,0.37371171840360284,0.091374681952903269,0.10755985708407372,0.022638540343533547,0.99394083004732647,-14.582519302920058,5.9669718864271202,-9.099665426920458,,0.5116632415719277,0.8064516129032258,1,5
0.86365595126225059,0.49670323109360454,-0.085931938593694787,-0.48016961985738937,0.86252638608351495,0.15964137770553441,0.15341295256694354,-0.096613319634946571,0.98342784811790263,-20.895953282962321,10.749812208038255,-10.227668238640639,,0.1377794156856433,0.2666666666666667,0,5
-0.58724080444015381,0.79940450499372218,-0.12688843523435711,-0.80740416258913283,-0.58957699629154214,0.022304342123993976,-0.05698031093476412,0.11554827060404414,0.99166619450609117,-9.8144415669859146,-13.387902193996561,-7.2197781873859155,,0.07582260609637567,0.2352941176470588,0,5
0.98676778538006515,0.054773639290902641,-0.1526079492521715,-0.026014958781423472,0.98250248976706545,0.18442364143764026,0.16003924411132447,-0.17801321872363457,0.97092673992630818,7.092140121736068,-14.290987736806819,-4.7425797574158102,,0.2621255398814694,0.4666666666666667,0,5
0.23105458382481064,0.97229664531856363,-0.035397920783757954,-0.96856327441207468,0.23331009542800976,0.086322551118090909,0.09218981914347163,0.014339904938409382,0.99563818949086791,-0.22933723661923947,-16.255492466520547,-5.671662007975252,,0.1778924300723669,0.3846153846153846,1,4
-0.48836614902868564,-0.83718129648740702,-0.24622343774416594,0.86568819269041386,-0.50033246760503569,-0.015854806736753574,-0.10992023252930082,-0.22089567372839017,0.9690834039486923,-14.432419406288943,14.438533033854617,-9.5867958476993191,,0.07558543685668645,0.24,0,1
-0.45435925912913072,0.88821781522511944,-0.068020411350893525,-0.88991445002058311,-0.45601224942374152,-0.01025183008362858,-0.040123998905788882,0.055874333035989002,0.99763125633652505,7.8353815468914654,2.5637305896278857,-5.900798782937132,,0.1046573993341129,0.2244897959183673,0,5
-0.17639365587075334,-0.95760001057441313,-0.22778827431725807,0.98201687499487589,-0.18702436273748413,0.025782648582644455,-0.067291421398633103,-0.21914403366398577,0.97336928095950814,-25.212411144479503,23.808410096142758,-11.502156425218647,,0.1455724272121959,0.2727272727272727,0,1
0.87762707522791539,-0.44104010221044743,-0.18776140463122748,0.46886785427119587,0.87129395281346533,0.1449475181636779,0.099667708200891589,-0.21524515333192334,0.97146068984241329,-28.469920358862975,17.874563996383298,-11.625575031966184,,0.6811082753557093,0.4666666666666667,0,3
0.93125766588435532,0.34821023282500729,-0.10727904496022161,-0.32967730450447102,0.9306334689526462,0.15885282924716981,0.15515165041432605,-0.11256544861154558,0.9814565630493246,-13.897502510905419,3.6655379872738729,-8.8649653786504903,,0.08791851284584637,0.2857142857142857,0,1
0.78286323834379512,-0.595082562048448,-0.18166423532363712,0.61493593137285718,0.78448313167945494,0.080249712877941637,0.094757323497782445,-0.17453641584566379,0.98008065442966819,3.6358312330634894,-16.070839795525668,-5.1368067120548675,,0.1957289321186537,0.6666666666666666,1,5
0.98735531055739301,0.061100161385435121,-0.14627460816145954,-0.046178021640340225,0.99357535823371113,0.10332278465148689,0.15164788502151622,-0.095261628106111287,0.98383339096570355,-4.5269735003446963,-3.4120228651558278,-7.095451638682297,,0.07974732221341312,0.2241379310344828,0,5
0.80783570931075976,-0.55746263283066555,-0.19140762722495255,0.58180741327268892,0.80618283346709363,0.10756101935140204,0.094348294225842622,-0.19825400883834082,0.9755991735114391,6.6050290250933461,3.0717858408476926,-6.0720604357762955,,0.1247131812354519,0.2698412698412698,1,3
0.79028152175862609,0.61154343769616337,0.038337190528623853,-0.5976306994205477,0.75546900991195043,0.26852210741904092,0.13525037329699349,-0.2351195416663934,0.96251033119110385,-16.548731302821825,-12.756442834655561,-8.1976804627796351,,0.3978741131661033,0.2222222222222222,0,2
0.86728602857629278,0.49419609636915074,-0.059876230424553846,-0.47587652678417869,0.85836374417643624,0.19171127754838893,0.14613855032874776,-0.13777481996686386,0.97962320465110941,-18.376178459071724,8.4923872293753284,-9.7403024976607586,,0.4637913824769404,0.21875,0,3
0.73961856357145417,0.66896494791809402,-0.073826004073366702,-0.65667361580807393,0.74132661421284551,0.13861678600107846,0.14745895266835773,-0.054043959113490012,0.98759055673962903,1.9634685995682899,15.039835493336094,-7.6395515855768608,,0.238868885826826,0.5,1,6
-0.98258716624009201,0.1024526863427323,-0.15500292836402407,-0.1015148498272017,-0.99473586114318768,-0.013975042764900898,-0.15561875209892201,0.002003401327202324,0.98781516002655878,22.117658135659148,10.863138295381049,-4.7302521465341574,,0.6796693126942956,0.9333333333333333,1,5
-0.64961850423373535,-0.67792293310090845,-0.34411668912301296,0.74912772148865447,-0.64795717560060251,-0.1376922491823907,-0.12962814453019061,-0.34723478420738602,0.92877583343996906,5.8526712900535518,-6.1769396174155116,-5.4840323640080069,,0.0829209604926511,0.25,0,1
0.071109014786137917,-0.90357975148690572,-0.42247738486102071,0.99715803682178528,0.053828092562284297,0.052710397957417748,-0.024886896509368546,-0.42502490415735455,0.90483947373452056,0.21752717756924861,-18.93335152015597,-5.4786516328775452,,0.3490420413301384,0.1428571428571428,0,4
-0.48319935788901952,-0.84432648868539628,-0.23158402587361065,0.86866631337717048,-0.49535546389596008,-0.0064653222760979049,-0.10925756971191922,-0.20429328156502871,0.97279342029437954,-3.6424670065024025,-21.188361326064548,-5.9130067648180011,,0.08239045561136266,0.2307692307692308,0,1
0.98963422303668602,0.021188755614219568,-0.14203922426602866,0.018182360904422219,0.9626099926367585,0.27028023203297818,0.14245527840875408,-0.27006117586832079,0.95224653054873565,-5.0529808157150384,4.2894651501311793,-7.727116032723683,,0.4552842792367087,0.4975978037062457,1,2
0.094251810760741198,0.99554323436265979,0.003203854406347826,-0.99404760784115387,0.093932599439769116,0.055190761072561559,0.054643842412499824,-0.0083866129768538269,0.99847068820730844,7.2989542475933513,-0.15371041944706462,-5.8242047327987185,,0.0913547517676718,0.4285714285714285,0,5
-0.3320969830005272,-0.90120143734541447,-0.278473631082923,0.9390192223552174,-0.34378788394013937,-0.0072657348812832211,-0.089187969644741891,-0.26390502113927561,0.96041639193015049,-16.784269317259813,21.559298203935388,-10.330254411837259,,0.8516149022278098,0.53125,0,1
-0.9170639957305583,0.39171661242488687,-0.074509887163207833,-0.38421095890918994,-0.91806663703488656,-0.097650340590982848,-0.10665630215221131,-0.060924096331625072,0.99242767378655439,-11.171113617890077,18.529703180333559,-9.4696083696121143,,0.6154218859588096,0.5510204081632653,1,4
-0.79562948143909817,0.60556996951326969,-0.016085406076642345,-0.59513364454085227,-0.78632347918942735,-0.16586540088565013,-0.11309143822798955,-0.12239443655302622,0.98601720497179624,-0.71078182011458479,12.164152364062099,-7.7302750329733794,,0.3814443008106879,0.4545454545454545,1,5
0.9769585697310974,0.15960915468461631,-0.14169287480262083,-0.14014484545978373,0.98044791973430367,0.13813507512478457,0.16097010691436553,-0.11509471938164141,0.98022539767669747,1.6285020601471105,10.171400245729149,-7.2887004545711855,,0.1090940080703022,0.2307692307692308,0,5
0.87179782019938534,0.48137249272513272,-0.090824467756174643,-0.46838768398937947,0.87341965429375656,0.1332331977415529,0.14346267173960431,-0.073611349267396778,0.98691429773631734,-0.0038063481834045903,14.599310135140284,-7.8265924162496399,,0.2230575045847975,0.3214285714285715,1,5
-0.87061314903415676,0.47242616901433615,-0.13728167961991339,-0.47893165751964367,-0.87768940173422727,0.016905073466210771,-0.11250427616012396,0.080466321612517405,0.99038778209943357,-4.1275758108530232,20.894524012222899,-8.7911831357385992,,0.0940313166452782,0.3076923076923077,0,3
0.97946828197567404,0.13961873849991735,-0.14542521261223906,-0.12877801887226534,0.9883178780619446,0.081510697202704485,0.15510675826332551,-0.061109571777490164,0.98600583861264024,3.0853010879133422,4.5332625523462022,-6.6803137854265744,0.1302317587706585,0.1433122013739915,0.48,1,5
-0.68975918039067752,-0.6818759591874356,-0.2434696066226629,0.71049023907717979,-0.70218448123566002,-0.04626634292720009,-0.1394126724614054,-0.20489541379450241,0.96880440552422509,-13.235284521198174,12.012208976116094,-9.3138851308433388,,0.1415408350437366,0.423728813559322,0,3
-0.2899138750381427,-0.94180476548141923,-0.17015795243495865,0.9534715795298806,-0.29959364528726895,0.033698586502710216,-0.082715730602847273,-0.15247108388142155,0.98484043199437254,-11.480963116749916,-10.065836574564424,-7.6395742382961842,,0.07217885582788218,0.1081081081081081,0,3
-0.98158845578328346,0.11904445398716207,-0.14937376425560187,-0.12544188835623732,-0.99151373602786719,0.03412980975163616,-0.14404317449504839,0.0522391543093879,0.98819159814199486,5.90517802881853,-10.670537225306493,-5.1757509113104483,,0.928338761219991,0.7051282051282052,0,1
-0.93985063470082097,0.32112442887943843,-0.11644692194008224,-0.31877043838419677,-0.94703679646956251,-0.038816410769368856,-0.12274441765233988,0.00063820805693130648,0.99243810921672349,-4.3125507846121343,-18.597792158934215,-6.1491585126752542,,0.1164231620554159,0.3125,0,2
-0.50244973979138319,-0.81697180792047663,-0.28302177309655818,0.85723952287133343,-0.51336301999765799,-0.03998512381140204,-0.11262619327181585,-0.26270796478605746,0.95827963863742194,-13.841033517459749,17.687813353955182,-9.7150477160746576,,0.1759899506156531,0.1578947368421053,0,3
-0.02431967324041685,0.99221313957992163,-0.12215416136356134,-0.99900138178101749,-0.019539351976498694,0.040180255399341988,0.037480564204627538,0.12300934667452765,0.99169748811702119,-9.5387679419729778,-10.743013736439334,-7.3085502381172631,,0.0724358265493273,0.2857142857142857,0,1
0.36037617809566086,0.93279145699919142,-0.0053951840090601501,-0.92635101937508513,0.35855530017587117,0.11537714513079654,0.10955728713283541,-0.036581340395315819,0.99330710576889403,-7.5635583452248074,16.349646763730142,-8.8607539358394565,,0.252174643896433,0.2857142857142857,0,4
0.73068724628503268,0.68250750393314674,-0.016722894227461975,-0.66843476815977898,0.72017498678971925,0.18585733538822402,0.13889243619283068,-0.12462542067080101,0.98243442309960183,-9.2954262848118923,13.764776582477483,-8.9077428836813048,,0.320211008433941,0.1756756756756757,0,5
-0.6137793580449239,0.77798864028055092,-0.13419603284888809,-0.78712847080603854,-0.61615065990216988,0.02805592181103601,-0.060857785734510332,0.1228496638031185,0.99055756522220983,-22.292948268752653,-4.8111398865970321,-9.4790272525040589,,0.2290418328993069,0.2777777777777778,0,1
-0.53302778077374491,0.84176633815501511,-0.085503314979679682,-0.84484075429417926,-0.53501768178186704,-0.0004243399577318787,-0.046102980457445833,0.072010500136121869,0.99633779566123415,-0.68704908700343459,-9.1835156982774198,-6.164221468495108,,0.07751026418610285,0.22,0,2
-0.9712726732137662,0.20569570759146813,-0.11966064577224225,-0.1875438003098206,-0.97116996436433234,-0.14716053574899651,-0.14648111562087088,-0.12049139469284434,0.9818478021421847,-31.019602118746782,20.280588931245269,-12.108569938640649,,0.5612579016285936,0.3333333333333333,0,3
0.78548709403694061,0.61814402094661514,-0.030132946576027563,-0.59574921775441048,0.76842143106109717,0.23369076539526173,0.16760935130955787,-0.16560940086228873,0.9718439338184004,-13.56491840875019,-10.822410508055327,-7.8919254229432747,,0.3127867904935026,0.2962962962962963,0,3
0.21351304776552943,-0.94383811787510719,-0.25215428943377222,0.97689310609856206,0.20373392273620869,0.064593714737740698,-0.0095936276235269666,-0.26011938792118566,0.96552880140186892,2.8168695841671156,5.7324812162820988,-6.7831917820624117,,0.1190709365264264,0.2553191489361702,0,4
-0.74030278431317698,-0.56599073239855835,-0.3627757962944903,0.64968850571703318,-0.74102308639886372,-0.16967507466646517,-0.17279072046069602,-0.36130219520900464,0.91629912728313123,-15.09265102967991,-6.9200266021338646,-8.3259285505447007,,0.2890826197566401,0.4193548387096774,0,3
0.17451500816526491,0.97810462930476849,-0.11338362341034379,-0.98207813204180838,0.18122509626195213,0.051768784514588134,0.071183245854268148,0.10231714723069311,0.99220166644297836,-7.7216546265180854,-9.9528364599909516,-7.09337629441141,,0.0795664574417816,0.3333333333333333,0,5
-0.14329978814411917,0.98540049364248516,-0.09192952652438327,-0.98949061124658644,-0.14083913723364253,0.032751605733760049,0.019326173255639803,0.09565670155524883,0.99522675530497229,-11.282639026416442,-11.343400577855348,-7.5396213835199868,,0.08831620914422222,0.3513513513513514,0,3
0.66445237547307134,0.73768766238930461,-0.1196660080674438,-0.73559957906442486,0.67384343210497777,0.069485885539627701,0.13189503405524694,0.04185620345407616,0.99037960309367123,2.9428344156419408,-9.1812281584910931,-5.6582139243106058,,0.4260800979845342,0.8617021276595744,1,3
0.32133945767480399,0.94692951085765498,0.0080903898636508591,-0.94046291583636155,0.31812234615230967,0.11969827406909041,0.1107720943100378,-0.046072490115393515,0.99277735105950904,1.6580689741969141,-12.025064284172716,-5.691041326180275,,0.2828742966394414,0.4594594594594595,0,4
-0.97088965086089563,0.19820824338972395,-0.13448709270248899,-0.19759923147638619,-0.98011767382977288,-0.017996921027107017,-0.13538031456289903,0.0091015217889262624,0.99075190271327562,-10.608417564009823,12.323273742908825,-8.9729605615148849,,0.08976866737225825,0.22,0,4
0.61367797340149866,0.78795639194931866,-0.050240116919069558,-0.77950727390732466,0.61475928375292399,0.12016419169271381,0.12556972122052742,-0.034579581053044602,0.9914819704295158,-18.03877167482873,-9.8668731741290561,-8.5740967408146052,,0.09157696670490847,0.2857142857142857,0,2
0.79238872201831057,0.5980074391087371,-0.12044590482369194,-0.59419365133594837,0.80131963360961067,0.069431617465039716,0.1380362920765448,0.016551361344864617,0.99028886417418127,2.5820724025275772,-12.847210774593,-5.5031898469044851,,0.07606498201601389,0.2631578947368421,0,2
-0.79289906245330488,-0.53134288560639842,-0.29830490219930395,0.5918677005264984,-0.78798326482960124,-0.1696319528330601,-0.14492653944031583,-0.31105805288394062,0.93927588380725835,-25.108664863212507,19.955711687222436,-11.321158883168691,,0.3523511675601012,0.4285714285714285,0,1
0.42540967019523696,0.90387893507023431,-0.04504978624453717,-0.89926458784391594,0.4277849669095925,0.091231700280496,0.10173403341208509,0.0017008299319737049,0.99481017969422247,11.662090205623469,-1.7571978140345224,-5.0924319000614968,,0.6310677983767328,0.3448275862068966,1,1
-0.2088488261983899,-0.86407758172118809,-0.45798700916338048,0.97559558840259597,-0.21654966499611003,-0.03632479152678951,-0.067789495387905824,-0.45439649575776453,0.88821642011286694,5.2831113071550497,-9.3940912216295338,-5.3273467644389605,,0.4414177387870724,0.1333333333333333,0,2
-0.12849909181266223,0.98717558657238091,-0.094722461321465584,-0.9914694110520792,-0.12577845987033329,0.034178735797130252,0.021826368258693326,0.098306359449032987,0.99491681528684273,-1.9267433136858683,14.299226444566182,-8.0325483580305335,,0.1133529354980068,0.3018867924528302,1,5
-0.50711312077754322,-0.78866624588632694,-0.34762312255491545,0.85505142402444778,-0.51102850715464954,-0.087959804166762079,-0.10827439683057942,-0.34184121675839374,0.93349945769460219,-21.216331643938982,17.445201045261502,-10.653591907003122,,0.2701151723423116,0.3333333333333333,0,4
0.68029233422554003,0.73282870447930049,-0.012823021685860272,-0.72068255164871686,0.67199851554428536,0.17039558343857117,0.13348782619797289,-0.10667748121073571,0.9852922994012856,-18.888981989636903,-8.7748418143171989,-8.7478971538343675,,0.2308307837135523,0.1142857142857143,0,3
0.41373508411338417,0.90472893779417651,-0.10143386659056638,-0.90553423889728846,0.42046352272955534,0.056728901263479965,0.093973519453088197,0.068381102445591854,0.99322354103692412,-13.490550487855167,13.418839356105419,-9.3993381292054146,,0.08929324115695277,0.3225806451612903,0,3
-0.48678007802904194,-0.81426344905830783,-0.31625968943529353,0.8686113471276421,-0.48954981866098862,-0.076519949621624159,-0.09251747551215693,-0.31195514193015267,0.94558157033023638,-23.068333353779376,18.217788023306014,-10.949757717523145,,0.415507441795286,0.6111111111111112,0,3
0.91664862996189322,-0.35367198271233746,-0.18620262574224872,0.3790484975037407,0.91699508318548262,0.12426686587263004,0.12679718344324745,-0.1844888778706554,0.97462112034004578,-18.411455325385571,-3.7962038889428165,-8.9790462476829127,,0.2609494958575314,0.6470588235294118,0,2
-0.060155482633834995,0.99650680425677962,0.057926738032023188,-0.99754259745581775,-0.062103367868221064,0.032433593086865539,0.035917741718965973,-0.05583333027291728,0.99779384396800364,15.159099398205441,-9.2046224417700095,-3.9528165192968521,,0.55466788220942,0.1,0,4
0.69233131622260891,0.71817900956013436,-0.069973272073662038,-0.71059335348710928,0.69543434898231626,0.10690253615086097,0.12543697444300139,-0.024289431503571195,0.99180420898472688,-9.4309690689483414,-12.379824499281925,-7.2233959166739261,,0.105813832301851,0.40625,0,5
0.94325863683775013,-0.28435021033476843,-0.17148790602711048,0.30525989237595258,0.94580160922906154,0.11079582161047312,0.13068872230461165,-0.1568574953972266,0.97893625124422567,0.15747891130848871,-3.3533812472280529,-6.4979451358212463,,0.06998788002055255,0.2519685039370079,0,3
-0.72677450812422162,0.68334655113628473,-0.06954355031879271,-0.68207346679225944,-0.72993622920908563,-0.044372144257531491,-0.081083908630417645,0.015185267141796438,0.99659159509954132,-4.9130772968896492,-17.733467889855469,-6.2825369783374008,,0.1520533466927204,0.2916666666666667,0,4
-0.64354601605416262,0.76539315667506924,-0.0046734286973796032,-0.76252211306318618,-0.64163778903735491,-0.08283100125501823,-0.066396929977745378,-0.049741968137868325,0.99655265003676685,8.7930244536121176,1.8177159635607558,-5.7547125091780025,,0.1123121863583495,0.375,0,1
0.50307212082522867,0.8554911720202798,-0.1226918735849049,-0.85748236478430873,0.51180470908369513,0.052725077938902389,0.10790011738786796,0.078681601122002634,0.99104327368312339,2.7646190159602657,-10.489119254815416,-5.6230545367057285,,0.07100669664588752,0.375,0,4
0.86599298642675893,0.4970116273753854,-0.055096186014398287,-0.4773945742138706,0.85450698505509759,0.20472477378959969,0.14883066878442502,-0.15098759798644634,0.97726771014060565,1.3084354476644746,11.909574880646561,-7.4592837079769891,,0.08776133864075605,0.4545454545454545,0,5
-0.065847580358346022,-0.92828326335479094,-0.36599764908579691,0.99781881452412047,-0.062970225362090335,-0.019808182640646863,-0.0046593500221404384,-0.36650366122758798,0.93040494235797333,14.989005807805727,5.7331706839421397,-5.1781346772814851,,0.2373274946526955,0.3333333333333333,0,4
0.1255159425793578,-0.9207092110774483,-0.36951359487244451,0.99170237158177854,0.10600691946813692,0.072725093495650525,-0.027787665563889098,-0.37557566702599043,0.92637506657967172,12.13655377472022,16.274384971617547,-6.6353408204537665,,0.3355037124938784,0.2727272727272727,0,2
0.67352304445255196,0.7382910473385117,0.035958837733835514,-0.72703257026261614,0.65290421256457265,0.21246112819235474,0.13338047221650826,-0.16924071210922556,0.9765076707307847,9.5602702323931634,8.2242235843852107,-6.1097945341139548,,0.1664055088611449,0.2222222222222222,1,6
0.45984799174879354,0.88361656685095757,-0.08809987100517061,-0.88166862825259396,0.46614198587098621,0.073294467481803197,0.1058312545507681,0.043970578740554829,0.99341146246931833,-10.169564639203093,-11.237009740524512,-7.3626549390983671,,0.09304132969186417,0.2647058823529412,0,4
0.87202719793004146,0.47519512475609177,-0.11729518096802553,-0.46531648511343193,0.87919281012146211,0.10247229534077544,0.15181941493748671,-0.034779247242690506,0.98779616784500157,4.668228724326938,2.4464968823265023,-6.3206124167269655,,0.08070127108768856,0.2588235294117647,0,4
0.77831504760423564,-0.57041808345553546,-0.2623907329532244,0.61631107707205568,0.77390311485081109,0.14572105236545146,0.11994308213106326,-0.27513120304888355,0.95389542307203412,-5.4403496761779904,-0.012485675171242591,-7.491257167043373,,0.347133110880707,0.3539325842696629,1,4
-0.28612630534739508,0.95634196724679632,-0.05951284794711665,-0.9581908337042141,-0.28548045705784103,0.019267455547342341,0.0014365213092289229,0.062537591259766087,0.99804157532938198,1.6514346356148588,-3.6858829702478983,-6.2513468140441724,,0.3110190349962029,0.6413043478260869,1,5
-0.96692401579211151,-0.19796899779205171,-0.16082979698323199,0.20633843745361438,-0.97778270803881295,-0.036951658819141669,-0.14994131156441778,-0.068914815341086552,0.98629019629764469,-0.092921252916100885,19.132178654696709,-8.2521556136717713,,0.1047665310529274,0.3333333333333333,0,3
-0.98006620817419421,0.13751237464087368,-0.14338958963496776,-0.13759441869629377,-0.99044412784062485,-0.009391782027500491,-0.14331086329614187,0.010525039033232516,0.9896217560334164,-15.953003304494457,19.072113222284877,-10.084669540643276,,0.1498010354636771,0.2608695652173913,0,1
-0.9862128952662379,-0.065563490294883675,-0.15193931009102465,0.067602212899970801,-0.99767794791508002,-0.008285713908933897,-0.15104325877579203,-0.018442911492125597,0.98835509458599047,-11.019610617366411,-18.140931831714298,-7.108575016062634,,0.4281340726662172,0.5535714285714286,1,3
-0.50291666477642605,0.8532203341673672,-0.13816616681909977,-0.86307674931735856,-0.50434885403587604,0.027032540030128019,-0.046619235063844092,0.13284312099625567,0.99004007602017663,-13.165664934526465,-5.1473093441271995,-8.1696888713511182,,0.07616532042608461,0.2105263157894737,0,3
-0.69732626630266481,0.71669263630236191,-0.0093671444077863403,-0.71268210911820018,-0.69469671733444305,-0.097368795142914785,-0.076290822955447035,-0.061222022138441815,0.99520428774099512,8.6991246258055881,4.7092260392390761,-5.9275588326253219,,0.3472763606039042,0.2727272727272727,0,2
-0.049014522430959113,-0.9711469863333505,-0.23339046151571105,0.99680112776129015,-0.062331153623214418,0.050023384349915573,-0.063127555668544055,-0.23019200295329734,0.9710955429264746,-10.292998071226245,23.71794976549776,-9.7442107041176662,,0.227185300134669,0.68,0,4
0.16760520652304123,0.98429010279298079,-0.055511154646180783,-0.98364095896786696,0.17073452999555935,0.05744722889722715,0.066022409734450074,0.044974590726086651,0.9968040567743881,4.4615917060168853,-4.7873783228145443,-5.798965061051673,,0.07916230257983717,0.1186440677966102,0,1
0.15611270204246477,-0.96974134192858197,-0.18769803945580671,0.98762504303518273,0.15036076466073839,0.044591645185970731,-0.015019941103549893,-0.19233660651366127,0.98121405980757093,9.0708082632535607,5.7869857970915897,-5.9827310959731905,,0.0845105390231444,0.325,0,5
-0.97795399114884907,-0.1292914336912451,-0.16398084147271297,0.16571964586832691,-0.95831709521460706,-0.23273449248599554,-0.12705506746805861,-0.25477847278272953,0.95861615865641825,-4.8469284230578396,-5.4646665478801175,-7.0112925429568858,,0.6314205320423913,0.8377192982456141,0,2
0.93555111611197017,-0.29823876716938141,-0.18920292518599147,0.32482458767071881,0.93688667011948656,0.12935360295317933,0.13868343948069597,-0.18247466977558496,0.97338065447393041,-2.1591339134596299,-13.860057441060105,-6.1122194078639529,,0.1231768299383854,0.35,0,5
0.96351121879961243,0.24105420921969112,-0.1163572063292735,-0.22502924795814194,0.96487974742625127,0.13553195405528823,0.14494125986301076,-0.10440278360331716,0.98391670885558236,-4.0549567550137935,-12.019439247529977,-6.5065617870714991,,0.07281997082033068,0.1923076923076923,0,5
0.28250658715304527,-0.91171546299928463,-0.29826991592036101,0.95910233860763372,0.26272520727288373,0.10534785019537955,-0.017684238533417232,-0.31583283551812746,0.94865003437309425,14.286430248588569,-3.6173555910284376,-4.5686516440861213,,0.3531665467492242,0.25,1,5
0.98772238141710622,0.087554310692745621,-0.12937828228430778,-0.066698527357229836,0.98525570246077299,0.15755160175924754,0.14126501228576283,-0.14698790238535228,0.97899885232632267,-4.5502486950557941,9.5956574871873155,-8.0068622776827247,,0.3659185080499414,0.3918918918918919,1,5
0.12692846464110827,0.98288737293001671,-0.13349747937163975,-0.99008917533203533,0.13369777163406171,0.042992217323792242,0.060104823052570859,0.12671747312354642,0.99011620138800005,-9.5352867048053191,17.138673592636152,-9.1399276593200618,,0.1065551586236164,0.5238095238095238,0,1
0.38785430557413519,0.92146987221620102,-0.021501447520173307,-0.91179860682694192,0.38698835042168278,0.13734379209251385,0.13487897625668749,-0.033664391213303745,0.9902900436378147,-23.300688920881591,21.002964478669892,-11.144544957291407,,0.1984982566354144,0.3636363636363636,0,2
-0.94611494312481359,-0.24759502331629232,-0.20871803665456398,0.27321993497323183,-0.9563057386147128,-0.10406825368858552,-0.1738314745066443,-0.15548645832217536,0.97242304566956494,4.3443875431029193,8.5784941492233227,-6.7925663155413138,,0.343619874489468,0.3571428571428572,0,5
0.76160703860767265,-0.61732858513153277,-0.19712974591053389,0.6429628680165117,0.75783151161578988,0.11086095053763925,0.080953499586078823,-0.21117958703820616,0.97408917093002323,-2.7978730477272906,-10.859253151635412,-6.3404776941007928,,0.5074176696659689,0.1379310344827586,0,2
0.77910913854873554,-0.56055371778809437,-0.28065722813388017,0.61858516537126806,0.76006454255478917,0.19913383523043002,0.10169239604045339,-0.32875738870012411,0.93892344520872795,-18.913146603494425,-5.7127041800337928,-8.9546346804034869,,0.2997897440424516,0.2,0,3
0.1664554704781874,0.98007025543895199,-0.10841988171785245,-0.9838520189709723,0.17241333104510143,0.048050473927674774,0.065785873214749699,0.09867085528037213,0.99294324168283332,2.4487265256065927,7.1385417719582875,-6.9423448855231671,,0.07076451265498281,0.2388059701492537,0,5
0.96169471453845856,-0.15452294594708296,-0.22641982069736577,0.22298558968601381,0.92139465506621077,0.31829124462950387,0.15943871180228805,-0.35658736487886517,0.92055676000319164,-11.193791509466502,-6.2865977807382816,-7.8229029679268747,,0.6694406650837483,0.3426966292134832,1,3
0.84539109578283,-0.49584611052316879,-0.19862157448311643,0.52083671221114169,0.84771074466987517,0.10057640172691799,0.11850322520587768,-0.18847580229380004,0.97490197331091411,-18.273747072191025,3.3889314299064175,-9.4094286597780332,,0.3008364459121173,0.4,0,3
0.65545243950463294,0.74895528222254903,-0.097201259139827995,-0.74398598601958543,0.66245052422486006,0.087430861603175689,0.12987283069946257,0.015009603097696705,0.99141704628322747,-12.461475223844971,-13.426388496148656,-7.5749264309201214,,0.07531808957182262,0.4,0,2
0.011514852939140533,0.99990320084497797,-0.0078100641328085821,-0.99993086064635051,0.011495849561180094,-0.0024737360239511473,-0.0023837132460603808,0.007838008856548468,0.99996644120106659,-2.9581382610819196,-5.8883686801433655,-6.7224543322854142,,0.2813168012992819,0.8,0,5
-0.16466240450449096,0.9819446659651726,-0.093118019337537689,-0.98624600437269727,-0.16253891823462005,0.029998648603067439,0.014321710850671826,0.096776924117612365,0.99520305242530549,-1.1236604596001236,-14.453041963005795,-5.9213785491418829,,0.07628067153664234,0.15,0,5
-0.25414833039031837,-0.95134854377362921,-0.17419694147604917,0.96354532919980507,-0.26462491974372238,0.039421446293463253,-0.08360038718243798,-0.15782775456308371,0.98392142732665522,-5.2403833661051156,18.937921947812693,-8.793344726354146,,0.09206826342139321,0.2631578947368421,0,2
0.95854391775997771,0.26787090863401131,-0.097153147313620541,-0.2383655342727744,0.94062063670701057,0.24169131112175318,0.15612632640335733,-0.20851377438549834,0.96547738248770254,-3.1323247583542306,11.673810287349749,-7.9783561879095988,,0.0914207535673847,0.32,1,3
-0.75470174247448818,-0.58039686330332363,-0.30588357421351631,0.64097802305350604,-0.7517192595780674,-0.15513003816740972,-0.13990158636838781,-0.31314155879899797,0.9393454690818196,4.0602786071748413,-0.81834346037837158,-6.2101374820008237,,0.2638301322911848,0.2894736842105263,0,4
