axis_00,axis_01,axis_02,axis_10,axis_11,axis_12,axis_20,axis_21,axis_22,location_x,location_y,location_z,dbh,dbh_approximation,score,reconstructed,number_clusters
0.96235785788224126,-0.18335909284663227,-0.20061604233650718,0.2217623710761116,0.9564939459706332,0.1895805425043095,0.15712671366449479,-0.22693341400504999,0.96115161210966504,8.0210431728965634,27.630394931164734,-2.689580157038947,,0.1894917405836392,0.3809523809523809,0,4
0.42541356976227507,0.88881816383157886,-0.17036891237892612,-0.88830406565941855,0.44609256233101957,0.10916644523796219,0.17302942407309024,0.1048985103612339,0.97931461794916996,6.7966264916200654,-3.1054290307092289,0.60844489152965076,,0.07484484041567413,0.2857142857142857,0,2
0.54966855386641811,0.83402988288232749,-0.047525102311212271,-0.8142046951262647,0.54759470932642518,0.19290087804894498,0.18690959131287668,-0.067336385238580626,0.98006663849875764,-13.059591925187791,12.806934476985258,-5.4018332754216605,,0.08757207677826932,0.1428571428571428,0,5
0.98167724319018013,0.035154824887852487,-0.18728034731287696,-0.0032756762543930322,0.98580251158018672,0.16787697312994476,0.19052312234372976,-0.16418753439070893,0.96785504772310593,-4.2863698049229777,22.517780481663507,-4.7548450038018224,,0.1538626876645426,0.5454545454545454,0,1
0.96389097409274893,-0.17929867816499473,-0.19689127474526949,0.20900195885720116,0.96753684148575747,0.14209377735009121,0.16502233562880009,-0.17811357156615029,0.97007380356731909,-8.091173282339259,-0.74573151743893706,-2.5867506645580516,0.2110679413067805,0.2026864020317585,0.7627695800227015,1,3
-0.87535806536931449,-0.43882666211331633,-0.20292712487830752,0.43465602223800975,-0.89808981758302331,0.067147761585350602,-0.21171301264948678,-0.029425162228568554,0.9768888166535129,-5.8449081005203034,10.363329672161814,-3.6617073830659161,0.1972620147276309,0.160238127319644,0.6090225563909775,1,5
-0.84513245976824414,0.51932639612402964,-0.12669340841142462,-0.52548870917854484,-0.85059467234034813,0.01871683499104838,-0.098044591752648444,0.082394160442610859,0.99176532524232397,11.840552655324917,1.3708048461473048,1.082655966187154,,0.1105751942619215,0.5714285714285714,0,4
0.58376664119760124,0.80984251883201319,-0.058065508838649499,-0.78390433838386886,0.5808042300632742,0.2194548577807216,0.21144856794932487,-0.082592620932064889,0.97389319849753153,-1.3424376596369896,17.911446946137389,-3.7020807620628586,,0.1783086282489364,0.3333333333333333,0,4
-0.40000578539495085,0.90262780035696122,-0.15892899569720426,-0.91636422354482006,-0.39076177197276729,0.087073804165215027,0.016491860345869004,0.18046687116325963,0.98344279292436509,2.3203040221014208,7.2511144670271666,-1.6632665752111875,,0.09512287723898669,0.4555555555555555,1,5
0.23183061464570723,0.95669294248776526,-0.17604879978885501,-0.96208200846018366,0.25223757466651126,0.10379987920791217,0.14371073415098298,0.14530939309094579,0.97889345955999119,-1.0685407296528591,-2.7438896255009917,-0.98681729114461736,0.2343867713768044,0.2208728201088231,0.8478260869565217,1,5
0.4156549453060972,-0.88500271110795714,-0.20976455318797535,0.90945956305438314,0.40171080012235766,0.10729275946673009,-0.010689696511859619,-0.23536914495451797,0.97184725959991436,-2.0522865762940281,7.0726853943979613,-2.4586241401700066,0.2662340082783821,0.2375479894166753,0.9133489461358314,1,5
0.38293449967073601,-0.85570681016306049,-0.34803307889119217,0.92373622254029375,0.35122871535653627,0.15280635024758155,-0.0085182233424839354,-0.38000558489258668,0.9249449688070801,-19.932024384246628,22.109486609413104,-7.9200255103109898,,0.1843386955537512,0.375,0,3
-0.095111454695551906,-0.94608921238697952,-0.30962721681189759,0.9918459227240296,-0.1165691788471573,0.0515101166628344,-0.084826156115996004,-0.30220329043192978,0.94946179201203262,-13.203261149225188,20.579391358075053,-6.3811747822491256,,0.2049337429577727,0.3235294117647059,0,3
0.86742780349307758,0.48303479257473064,-0.11935826276158318,-0.45971917066232654,0.86981543293335717,0.17910722139685237,0.19033467853420472,-0.10049130207756879,0.9765624446772655,-10.624550406295645,4.9312386488665059,-3.8895415006196306,0.4873907629182053,0.3259472798107691,0.4218487394957983,1,5
-0.90857013762544958,0.38296292218544919,-0.16685234564264756,-0.39597685828105195,-0.916786562447648,0.052006986273895529,-0.13305124096054008,0.11332166230075787,0.98460934798134714,15.139580973405915,1.4240625214506342,1.7961894131193956,0.2751140009269733,0.1964200389431561,0.2941176470588235,1,5
-0.61113643757033387,0.77690758897212797,-0.15141615789391397,-0.79058306896402963,-0.60846718903051122,0.068891878626749128,-0.038609140643841813,0.16180938807999207,0.98606645627357215,19.729904610065013,6.6160206018685503,2.0238752805197873,0.4527759707150957,0.4367475845776035,1,1,5
0.84183809435039791,0.5346127365393597,-0.074147453296711227,-0.50480683590307451,0.82851563640943782,0.24234664976143408,0.19099393007636975,-0.16658650051838522,0.96735218846034621,7.600049171462345,30.876550525091233,-3.090329006255367,,0.3569397812310818,0.6538461538461539,0,4
-0.72394116755365034,-0.65363630360296221,-0.22060999191631053,0.66184956340113066,-0.74827588381687238,0.045148168554352164,-0.19458761868832053,-0.11332600897559034,0.97431661914537515,-5.8826415267188583,16.727205959573656,-4.5151578549343476,0.1968434199474549,0.1346207759445174,0.5,1,5
0.52365443092535946,0.84987402256715594,-0.059162342226780316,-0.83201520823274477,0.52510615770218583,0.17892516986905191,0.18313036406248931,-0.044470989518650049,0.98208227804475301,11.615754572663647,20.347814359851338,-1.2478069345537579,,0.2743743192571513,0.4545454545454545,0,5
0.92316903929706873,0.35153497879377998,-0.15550589560458686,-0.31852948314068419,0.92604412234693501,0.20243826673043863,0.21516945241705804,-0.13735152766224445,0.96686951787477071,8.4453704096624893,24.11256249168154,-2.3073828664745695,0.3414490737357737,0.2685661457320883,0.5,1,5
-0.94495676026959019,0.30315108977348809,-0.12311026760570287,-0.28890110635148558,-0.9496803305876248,-0.12101000142082745,-0.15359971344272999,-0.078782526388328514,0.98498753371105385,-32.592052841897335,8.488114865318467,-8.3569993982116326,,0.6647702820831498,0.1818181818181818,0,1
0.86761298711981416,-0.40597669472190828,-0.28710734564567936,0.47894246682753655,0.83749846337602818,0.26307876636465011,0.13364811278198885,-0.36575845470127766,0.92106402316253044,-0.83583138370294097,23.245382213410362,-4.0930293921854348,,0.4222944274732113,0.3275862068965517,0,5
-0.20002395072693824,-0.91710699311182042,-0.34482630746650123,0.97006333042284509,-0.23483787052770966,0.061873334603435838,-0.13772274359932507,-0.32212720740633727,0.93662506273538759,-16.896387100827955,29.427373087974569,-7.9182564263834685,,0.3631234829178451,0.25,0,1
0.86020344137835392,-0.44509168748140832,-0.24888436908691028,0.4960364565113845,0.84354280598952125,0.20587221346008491,0.11831260817202206,-0.30054770702548667,0.94640012814308949,-7.638194439330352,12.469189231743577,-4.2954765080232962,0.364862720228764,0.470405083582483,0.7423312883435583,1,5
0.050321359258722845,-0.9709594155053245,-0.23389222783990057,0.99417128577966551,0.026340783242317086,0.10454481177651603,-0.095347864861046766,-0.23778977391750619,0.96662547456949421,10.203737074022738,1.0492030878661938,0.83651928894535033,0.578898747097595,0.5168199394064974,0.9805825242718447,1,5
-0.28876342151574586,0.95281334795600481,-0.093607747282955039,-0.95719659938377177,-0.28530099354922589,0.048764876786150407,0.019757442209542116,0.10368253004578272,0.99441418757006994,-27.383267341996572,7.5498076443239261,-7.2801826386384665,,0.3665849492304852,0.6086956521739131,0,3
0.98109214866150352,0.0060655363738530811,-0.19344612971897857,0.060230827302229867,0.94030760289029802,0.33495351825169861,0.1839305392729641,-0.34027168735467767,0.92216307424856137,-30.89949303124504,6.4884638852873708,-7.7468561959250604,,0.3109925483481297,0.375,0,1
-0.5850387239417445,-0.77370398368845783,-0.24312926009270619,0.7866663091457029,-0.61427334708958536,0.061841516074856259,-0.19719485171701098,-0.15508191603139793,0.96802055235224083,-15.170723198741307,9.1190189786994313,-5.3399388044631655,0.315048094667525,0.2443577119105129,0.8,1,5
0.6943999377398441,0.71414053629096863,-0.088385637368008765,-0.68979794833007868,0.69558732233719633,0.20084090092255671,0.20490855752387555,-0.078495677777938713,0.97562847007642584,-29.734637701756501,3.5414755517681242,-7.1644966197439919,,0.1856297852755793,0.3636363636363636,0,1
-0.93183657245826412,0.34064845641966046,-0.12505691251640963,-0.3371231553158589,-0.94018420179249074,-0.049006579657189221,-0.13427054918750259,-0.0035065422740666679,0.9909385065593963,23.351628072344859,-0.84510768075116505,3.7438531814843912,0.6494375338332403,0.3724791240305014,0.2571428571428571,1,5
-0.45321708871618943,0.87415001921365654,-0.17451651613640029,-0.89139982772037718,-0.44427376479646125,0.089594469994870765,0.00078589802437271732,0.19616973727449286,0.98056963880285064,0.44630149539246894,7.3852556451492193,-2.0157932757750285,0.2348956739981106,0.2093865782066004,0.7549407114624506,1,5
0.4470767438091095,0.88171736592064032,-0.15065481000954439,-0.87578004452014346,0.46574220554294837,0.12686020493553651,0.18202114922541285,0.075224228875796537,0.98041298268877608,2.5897675189668199,11.308790905532929,-2.1079708563509469,,0.0900946490099355,0.4634146341463415,0,5
0.4431794810910899,-0.85237577577914381,-0.27757428628159087,0.89619209910680531,0.42846187936732433,0.11515267876848566,0.02077664646591966,-0.2997931867036388,0.95377794908862645,-2.7189318306292369,-3.07506447378299,-1.2808662022629702,0.6298245672528223,0.3342263323389474,0.7978723404255319,1,2
-0.7658943759925736,-0.59481428671475367,-0.24413473563375768,0.61077990255586712,-0.7916972846136483,0.012779677978001726,-0.20088234232204621,-0.13932470655054124,0.96965710985266007,-4.6254681106738618,6.440428682666262,-2.841895274389902,,0.1368975867194266,0.1666666666666667,0,5
0.11102921051266698,-0.97003046099800194,-0.21613287382750965,0.9906276181175242,0.090614294482980612,0.10220553731649203,-0.079557756603206381,-0.22545499411491429,0.97099979865750186,-22.578261366462129,2.7438755268979893,-5.8333517954851724,,0.1535483591466537,0.45,1,1
-0.65287632367336113,0.75495868490843276,-0.061562083038888424,-0.75630320348222102,-0.65421760100494331,-0.0021897346569335597,-0.041928157475465737,0.045129974702710914,0.99810085411948513,20.115859614083998,-4.3188632399027078,3.5169504552127515,,0.2456017979205617,0.375,0,5
-0.77805366957876376,-0.57346483740811494,-0.25645773045767944,0.59166524995933034,-0.8061478826764934,0.0076041598332706175,-0.21110357468688903,-0.14582068273290583,0.96652553470755553,23.830676081886196,1.9408357325749768,3.4627289544673592,,0.4012528765570216,0.3181818181818182,0,1
0.95836619264894007,0.24320862954734696,-0.14961217631355164,-0.21389208016868611,0.95857130650690281,0.18812556546828879,0.18916770027858437,-0.14829232230750297,0.97068273308839736,4.264787527054966,36.67902721857164,-4.2401910789348101,,0.3607702876784603,0.8518518518518519,0,5
0.26940914160285206,-0.85945770179051972,-0.43445503018583359,0.96220955449466017,0.2216613461137468,0.1581740208701492,-0.039641993643143719,-0.46065030822957337,0.88669600532989712,-0.28396187431574033,-12.513760427597644,0.44140469650806302,,0.4909581218371478,0.375,0,2
-0.91705786827964708,0.37958253917197521,-0.12215548363518783,-0.36962001377625181,-0.92413034963513196,-0.096768498486303978,-0.14961922216892543,-0.043591201394389323,0.98778231180688836,6.1871780984478022,3.44412479773331,-0.31589818574746747,,0.1428964308388832,0.2,0,5
-0.59082934230532769,0.80678930564180229,-0.0034211946850891029,-0.80616139908080886,-0.590527126712728,-0.037168686397065442,-0.032007606957216862,-0.019202315444471905,0.99930314928876496,-2.9286584882909441,-9.109158637740121,-0.51634371972571125,0.2465316108778776,0.1108461977801667,0.25,1,5
-0.44094101694076532,0.89742034253207537,-0.014413479415305812,-0.89731772550791478,-0.4404226837665346,0.029133470668375797,0.019796945939859322,0.025779612749124887,0.99947160664921286,1.6104080059155352,28.585424673290191,-4.1017508392477797,,0.2163856254164884,0.3333333333333333,0,2
0.48678170089242978,-0.82419204625744247,-0.28939773074826192,0.87348453122315961,0.46240603543347064,0.15233329284354608,0.0082673689968903834,-0.32693750057261761,0.94500979959426845,38.458493367961502,-4.8038218149784813,7.3959956196116652,,0.4149701488148619,0.7575757575757576,0,5
-0.95693128660337223,-0.1900510891358714,-0.21946092189244712,0.19214707388260149,-0.98129328366311241,0.011957986286164665,-0.21762815699713076,-0.030725802771206883,0.97554800513664952,0.0084350443338602268,16.914735333267995,-3.3502279034731601,0.464646219405203,0.4247221578286171,0.2131147540983606,1,6
-0.63327882970411453,-0.71785084397352195,-0.28921979471518156,0.74575333568587898,-0.66592397361008349,0.019930471262463716,-0.20690550055997567,-0.20306508113868713,0.95705521609788358,-18.607510334564193,12.863199164871741,-6.5179594226531075,,0.1431801940840257,0.2142857142857143,0,5
0.88585850995514215,0.45660926726404144,-0.082235499564662723,-0.41152021163099928,0.85515340762512237,0.31522018470637009,0.21425642524608715,-0.24539891294733876,0.94544886575902742,-15.695834409611418,13.870586149333569,-6.0784989581263229,,0.09895711786123924,0.2380952380952381,0,3
0.92708758878724074,0.33801952502424221,-0.16202284844751344,-0.30937497885469262,0.9340504293475973,0.17842902761105894,0.21165000632014813,-0.11529352166516207,0.97052134375639898,-14.384235887456972,-9.0853998607421893,-2.7217894760456747,,0.07446000129028817,0.4285714285714285,0,2
-0.921588985571546,0.35002949946278172,-0.16778882912471779,-0.36210944499255387,-0.93095996079807652,0.046800654247873087,-0.13982307220338872,0.10388888726268396,0.98471143366111469,-4.6411758878279876,18.292017753344403,-4.4198990922570349,0.06822625375334679,0.08378705549471181,0.1724137931034483,1,5
0.74576710355229736,-0.63058404932646139,-0.21493064926682401,0.6617301261055849,0.7384843672459005,0.1294375507250792,0.077101669654441499,-0.23875635293843669,0.9680138100605965,-13.762762843079379,6.5368829420911574,-4.6967565325933949,0.5055896048517767,0.3991613699401311,0.9436274509803921,1,4
0.074850147970103365,-0.97334863386601966,-0.2167715209616064,0.99336682580314806,0.053750859340701174,0.10165232173401738,-0.087291492956837718,-0.22294232902544714,0.97091550259848936,6.1363196642634001,1.0992636425589759,0.030980541331417855,0.4060534516884927,0.3512790072138417,0.9872611464968153,1,5
-0.23531712972360874,-0.91310763794160854,-0.33295688908826981,0.96480114056187116,-0.26084237828615386,0.033466593201812285,-0.117407868685003,-0.31336192369641708,0.94234797031039752,-4.0588291309851474,21.115367843690638,-4.6115407471376857,,0.302263591814294,0.1538461538461539,0,2
-0.86968802001411527,0.46940631571317631,-0.15264487745256849,-0.48151041261826688,-0.87482665910952839,0.053160502738856315,-0.1085839324399071,0.11973315029616197,0.98685029378120082,9.4083855429251315,-10.536531425354275,2.1729872147620521,,0.4044463664578952,0.3333333333333333,0,4
-0.2208463581624571,0.97362951490337413,0.057205365092818761,-0.9747138397809777,-0.22237978338834349,0.021912610058561124,0.034056080599575753,-0.050919540936426644,0.9981219282858288,1.5254531422055124,-5.379802357968674,-0.0897125298237543,0.5249471537387785,0.3513012622798061,0.21875,1,4
-0.53399281772638152,-0.78130864250890442,-0.32312300406738592,0.82442132591355699,-0.56594464582775827,0.0060112592545828207,-0.1875663829036853,-0.26317952617896762,0.946337883107636,-19.753131759056362,-1.2306736555392881,-4.7226856018311203,,0.3192583426687604,0.55,0,1
-0.5413645454242072,0.83719562814995829,-0.077639610793965086,-0.84055440595292863,-0.54107822353844348,0.026507482822813039,-0.019817153952095594,0.079610528318050058,0.99662904041080413,-8.1193749754152353,8.4765871118907672,-3.8634815334205421,,0.2104686239453074,0.1645569620253164,0,5
-0.48754761891519893,0.8656511278581055,-0.11377804765467488,-0.87290040352723286,-0.48604264618082071,0.042513899086528598,-0.018498778665466564,0.12004445398074454,0.99259615365784615,-11.463439064484655,17.055644887204011,-5.6420791600620026,0.3678209639311775,0.3476092812487342,0.8764705882352941,1,5
-0.94236487152191617,0.30711885001590644,-0.13276468237595332,-0.30921258659498585,-0.95097944678815771,-0.0050663673106531035,-0.1278124611010957,0.036278144266143827,0.99113463819800174,-14.491991681927148,-10.231100028536503,-2.5744202322141541,0.640369965764511,0.5278858343933803,0.9621212121212122,1,5
-0.14505183168387642,0.98341521358538064,0.10887829817724204,-0.98664138504442089,-0.15201268293182982,0.058574068882858855,0.074153512679975719,-0.098927558934237256,0.99232786650407723,8.3767499930073939,19.619331737691468,-1.8483873228154934,,0.3312285644411179,0.3125,0,3
0.18784588501220981,-0.92452381292364727,-0.33161671070846155,0.97991876934481625,0.15341492977980747,0.1273697955026894,-0.06688145460230227,-0.34888333101163871,0.9347766002486918,25.582311195952524,17.760004130930454,2.0677722961425595,,0.2035398587540264,0.6,0,5
-0.93428311121127572,-0.28988977232784857,-0.20755478314191553,0.28517271512946907,-0.95701094950175503,0.05297702407116528,-0.21398969753487249,-0.009693422174765251,0.97678782082675253,4.3222439599029219,23.760307481608745,-3.0987520070573087,0.2602884185219094,0.1746561005487351,0.6153846153846154,1,5
0.48427054202035902,-0.8243536833637285,-0.2931263325870973,0.87491810979123619,0.45605836992658699,0.16287745202831294,-0.00058591009420862715,-0.33533828881378647,0.9420976004453061,-8.1466489713198804,0.6446199203465951,-2.7844101456165098,,0.1859654415567819,0.2466281310211946,0,3
0.68179111358925037,0.72250011746793019,-0.1146928842150023,-0.70034886748260861,0.68994030249835359,0.18301323122743643,0.21135832428971574,-0.044451763151830088,0.97639730617517384,6.7960592911869417,-9.4328273031246432,1.4594755551678003,0.6905917538980515,0.6609939744551671,0.6716417910447762,1,5
-0.44947380661507752,0.87575726385898323,-0.17613208669966379,-0.89329077718226757,-0.44016101238838995,0.091048726373996053,0.0022101058913323078,0.198261186245452,0.98014673261736374,1.7674113763336292,3.8601923775493532,-1.2878677620465215,0.1630739617309204,0.1200784266563123,0.58125,1,5
0.53288941836576864,-0.76124827257960992,-0.36949957413825463,0.84618192958868188,0.47824342193124231,0.23507311929922975,-0.0022382652584235926,-0.43793184044329814,0.8990053911376602,7.3627188994174837,-12.960443723579051,2.0959833638525964,,0.5139691656484859,0.25,0,4
0.75949974778225526,0.64295623174768157,-0.098830244234813291,-0.62041687758940378,0.76163177033786433,0.18708272077940993,0.19555825505691737,-0.080773327706818818,0.97736003520210579,-8.8070495123395247,24.274925013673052,-5.8154019074215313,,0.1754895085928184,0.4545454545454545,0,5
-0.50861978523589568,-0.79505435523931101,-0.33044589009638881,0.84667667845091454,-0.53155355770867818,-0.024277921133685272,-0.1563474215774534,-0.29212905966755542,0.94351263704511767,-19.99784692016522,24.612710653813103,-8.1290276379452955,,0.2935763740742082,0.3636363636363636,0,2
0.51006257999793869,0.84170704075199598,-0.17710285721682592,-0.84010984651856424,0.53168478386175111,0.1073626396491667,0.18453078406704976,0.094024189219583915,0.97831888542192569,-2.6323676757764352,6.2428104012942773,-2.4499971573519952,,0.07287265385326214,0.2695035460992908,0,1
0.22705436565141837,-0.86170643336725306,-0.45377123942810788,0.97235484250383597,0.17450216731594709,0.15516138005760013,-0.054519494659927024,-0.47645673076946482,0.87750590220607694,-11.271249765904441,5.5100988324427282,-4.0459019122475572,,0.09963385653780731,0.3193717277486911,0,3
0.075308653408983961,-0.95174304792754105,-0.29751265089626039,0.99240578759738485,0.042434987697093238,0.11545572555037087,-0.097259238455483191,-0.3039480918524447,0.9477110308497616,-3.6166079664815518,15.287691546816193,-3.8648147579987953,0.2087404948599813,0.1727732152671245,0.4642857142857143,1,5
-0.7735158900986594,0.60800899802699071,-0.17888047988278127,-0.61662674450414645,-0.78720128991937111,-0.0092513302555573169,-0.14643983654421966,0.10314643700823475,0.98382731554140601,2.6756878751803503,-8.7593288906015143,0.5681942854980887,,0.1689250664649302,0.4705882352941176,0,5
-0.14603333134852306,-0.93004017040808695,-0.33719363511571149,0.98100356225394869,-0.1801366640578892,0.071991618311837133,-0.12769603353399242,-0.32027498136662241,0.93867867735998645,9.2875223803009721,-9.1627695018071034,1.9722481327141754,0.3322449125745744,0.2767456090576259,0.6666666666666666,1,5
0.6577005546479876,0.74780101297554658,-0.09068420705104481,-0.72538604621459879,0.66119689929090097,0.19139943658551095,0.2030888090783988,-0.060102457194739403,0.97731398755275822,0.50262543943322735,-9.7631380581319593,0.25094056935334236,0.4740819796534301,0.2760805485752839,0.1944444444444444,1,5
0.79696968266809742,0.59379859791134326,-0.11064605743737607,-0.57355668015360883,0.80141015704610663,0.16963046552581867,0.18939920685969969,-0.071728552905086396,0.97927675104592327,2.3496592897449542,16.087991806741002,-2.7655842483522153,,0.5879672397519994,0.1875,0,2
0.20870759812501649,-0.89887347360702896,-0.38531495809340183,0.97548622582110622,0.16322983012767922,0.14758945013036082,-0.069769346551188952,-0.4066724738682499,0.91090599804793104,0.70426967842253696,4.8661826475947834,-1.6582283659106745,,0.5122364267247496,0.1891891891891892,0,4
-0.95258627713514155,-0.19742634748626081,-0.23152153664841726,0.21911871019809911,-0.97305280984432352,-0.071799861386964897,-0.21110749739156973,-0.11912626315091131,0.97017656020580456,-0.29136206078968246,-11.73481479852356,0.36359545317432912,0.4706174110820029,0.2008755647221305,0.3478260869565217,1,4
0.17162717932784927,-0.93948909679573156,-0.29648667477292817,0.98205368413375294,0.13926619306061591,0.12718289566497468,-0.078196373287326093,-0.3129938728990474,0.94653059260246075,-13.088839605027308,10.73579509627913,-5.1180689384331988,0.3982370471565267,0.3633678042183194,0.6967741935483871,1,5
0.41982039689274286,-0.83566858852025472,-0.35413111203816156,0.90759667161156998,0.3846605687270308,0.1682394975806733,-0.0043721885160629345,-0.39203859124729334,0.91993838214329204,0.86029840360876053,-13.818115926166996,0.82754033627179258,,0.350777068100965,0.2692307692307692,0,2
0.47808483318811623,0.87761981423904245,0.034904927023553342,-0.87209382890914056,0.46960310631694291,0.13756916847925132,0.1043419659297533,-0.096210104419995376,0.98987694687441197,-31.542321655218903,11.170903648178655,-8.4998561717968109,,0.5746733642554959,0.32,0,2
0.9452626794156177,0.28111876788864726,-0.16568254357286799,-0.25027839597926088,0.95039916119967782,0.18466769857502699,0.20937810632932655,-0.13309272230936428,0.96873481193679978,-4.1302222633287773,20.119121737580198,-4.480164958652689,0.2357362803592967,0.3455012827890674,0.6666666666666666,1,5
0.88637543275066788,-0.41831018784488089,-0.19838139771976399,0.4454067633855075,0.887396012481805,0.11891649238789075,0.12629888101845271,-0.19376507367576129,0.97288421144394865,-0.4790159851086524,21.098405402417718,-3.8557884967847245,,0.088442002866317,0.2608695652173913,0,2
-0.57823335138486609,-0.76559215661459612,-0.28198376030622335,0.79129023422445177,-0.61045101027733295,0.034775411893978495,-0.19876105394980723,-0.20302269277495885,0.95878873045690649,0.056831597237584908,13.002578956624571,-2.8464196636766492,0.3163704294811827,0.1952788982735564,0.3181818181818182,1,5
0.82845061550369814,-0.52151311558583224,-0.20419022489703384,0.55094630797157751,0.82438406851427148,0.12980398034091423,0.10063669014842858,-0.22003403793916726,0.97028721456286016,16.492030822359421,10.1216229302406,0.99878915308138683,0.3717534104003208,0.2541815440420342,0.8205128205128205,1,5
-0.45228092255233254,0.87979810619130527,-0.1462780210332511,-0.89186669750857839,-0.44542182642899869,0.078569653275280801,0.0039700088606493388,0.16599605080497695,0.9861184260253929,-14.180766952044506,-3.7236735232155285,-3.3828392307399571,,0.08439824191825626,0.3442622950819672,0,2
-0.56225246878249013,-0.78690625952743487,-0.2542650193489786,0.80092756013218702,-0.59471765896529094,0.069469054517436596,-0.2058815309072124,-0.16458871416772661,0.96463638247783134,-23.079606658868997,8.9269305354929731,-6.7690307200020543,,0.1005253657200425,0.2857142857142857,0,3
-0.92609888968311649,-0.31089394964086853,-0.21374236502013128,0.31241561798094059,-0.94954701003849162,0.027512858240230052,-0.2115120047876361,-0.041296825588186058,0.97650255710215794,0.78934535637389314,-2.0088890259413095,-0.67350011048638525,,0.06844253497478694,0.375,0,5
-0.87959767397424871,0.44246893681047156,-0.17472599090262136,-0.45760214041123287,-0.88735820950360544,0.056530426476498342,-0.13003158474059456,0.12967901906001331,0.98299294961127925,2.2283586323767954,-11.460869512273987,0.8154628716474881,0.1961123005786458,0.1695253900298603,0.3181818181818182,1,5
-0.17382818730071581,-0.93775092267891436,-0.30067751547894639,0.97572273651878205,-0.20531167698341513,0.076238157995568573,-0.13322500793787453,-0.28012554740527079,0.95067385309098018,-25.6813327166705,12.356836890238228,-7.6521010898194026,,0.1079969952790999,0.3636363636363636,0,1
-0.38950095090657855,-0.87751607160649314,-0.27974015320503909,0.91023095409027432,-0.41311699402119301,0.028529974882607442,-0.14060092268111141,-0.24351569420306582,0.95965175309484996,7.2416150372597299,11.127761533404797,-1.1289391548023264,0.4231292188875662,0.4029340782396389,0.5454545454545454,1,5
0.023877788696212245,0.99117193873208453,-0.13041487291355972,-0.99353166134337301,0.038013799421731297,0.10700368667387861,0.1110166163925754,0.1270162939295793,0.98566838843555216,-6.8308394434873119,26.254438799667561,-5.586061288935392,0.326936582714871,0.2194947549301385,0.7441860465116279,1,4
-0.9738098591441301,-0.084224531643362271,-0.21118850940131018,0.10001526670132008,-0.99284601363853331,-0.065220699388604267,-0.20418448682589688,-0.084634635176924614,0.97526697568825504,-5.5448906377142375,-2.4714040097937451,-1.8639037939916709,,0.2985591791128978,0.2043795620437956,0,5
-0.92068656533603754,-0.32921555331113328,-0.20965058518347757,0.32778672637157569,-0.94379269065082838,0.042558419715440901,-0.21187758358150138,-0.029537713725238477,0.97684973923503171,-15.373185929940833,-5.8205105187749417,-3.3388801098004652,,0.1744748217298168,0.7738095238095238,1,2
0.89513513163897496,0.43719488307951093,-0.087142012340586841,-0.3914228282283968,0.86435077778286007,0.31573074365327064,0.21335713170024856,-0.24851230785467548,0.94483880487487659,-24.805110807550296,-2.5715346571729434,-5.5002848157098772,,0.6454521145119649,0.3,0,1
-0.95734901794963467,-0.17447311261109119,-0.23030846881230346,0.19935499980196861,-0.97583874384259273,-0.089422201212383562,-0.2091421571200493,-0.13152140126803846,0.96900035042494403,13.197915395892553,23.310899199832264,-1.1718733374972679,,0.2894119466654854,0.1666666666666667,0,3
0.98172797690548741,0.0098399207516369127,-0.19003514233072716,0.039282192933156747,0.96667188595180953,0.2529869052515058,0.18619100053284127,-0.25582931980125662,0.94862230126146918,-30.546217782522028,20.5136252760838,-9.5740178661775293,,0.4925325055526942,0.36,0,1
-0.61187359948988906,0.78954066947363721,-0.047288788252694766,-0.78997105241072674,-0.61300089748394482,-0.013252774689384499,-0.039451674240469962,0.029247750870787018,0.99879333921919244,9.4626757376386887,9.5884081795822027,-0.46731290812491444,0.1639104194370296,0.1144012263701508,0.2777777777777778,1,5
0.25892651073349104,-0.91016743858387283,-0.32334547434756411,0.96492869818120219,0.22875650381633247,0.12877526698888567,-0.043239674671646043,-0.34534865817518423,0.93747780498041111,12.278307227393485,-4.8090419190988678,2.0241186875841883,,0.3083575464425315,0.5882352941176471,0,3
-0.11808839491237336,-0.95926854337283096,-0.25663006971589758,0.98435273928222233,-0.14712102932873816,0.096979829845376037,-0.13078538012562757,-0.24116231966171595,0.96163190458760028,-8.5679102081446281,26.915241513047114,-5.9998759971591129,,0.2013120816348122,0.2631578947368421,0,2
-0.98064700531414628,0.060996694575998475,-0.1860399264115061,-0.074914397835880109,-0.99481957043540759,0.068715757112894599,-0.18088472562735569,0.081322970491203767,0.98013636321952802,-0.76050726141441771,-4.1117368499544895,-0.754339422443979,0.1682001434061676,0.1431406949374032,0.4552845528455284,1,4
0.63677434870282545,0.76882593541754174,-0.058524438172732465,-0.74483179033771085,0.63297223572598571,0.21112023328512883,0.19935905531581058,-0.090845086985421472,0.9757064810864986,-16.622500972972528,26.521533760429158,-7.611290030622305,,0.2118689196961467,0.2105263157894737,0,1
-0.36716962667633746,-0.89383380537312462,-0.25738607891367882,0.91534226826966225,-0.39639932378924864,0.070824487420499627,-0.16533298873881463,-0.20959175668815322,0.96370965459679059,-27.300105650163765,8.3986728057338507,-7.3674739157756344,,0.1888057222318869,0.4509803921568628,0,4
-0.48954919983000766,-0.77082055661009086,-0.40764843977759629,0.84334569392969627,-0.53736121517825075,0.0033113369494194868,-0.22160690755488222,-0.34216749396963919,0.91313295011980511,-21.719246694132671,4.3807904128219555,-5.8317019306449911,,0.2457325914349896,0.4,0,3
-0.69739702169552109,-0.6483111556811777,-0.30549965556372261,0.68668903802571457,-0.72649087916364719,-0.025868272987392367,-0.20517202339874771,-0.22782372113405386,0.95184073925373502,-26.674319083978112,-0.90568781452458491,-6.0423041474738595,,0.2837895110672319,0.2758620689655172,0,1
0.88540990854793511,-0.4005005908499682,-0.23589949252587156,0.45309794637848205,0.85689762861350327,0.24582250723674001,0.10368965634401328,-0.32453925926670446,0.94017164622311356,-4.9709536708608475,-8.9780293989050275,-0.9556518965705233,,0.2981107380842833,0.2307692307692308,0,4
0.71130101097284304,0.69017318363979374,-0.13308586842157194,-0.67315325457407194,0.72337705227726479,0.15359145840505359,0.20227596902585129,-0.019662574174510093,0.97913115338624879,-6.852987823503744,22.494937187764222,-5.3198040657037771,0.2497360606692146,0.1849457483279587,0.4583333333333333,1,4
0.75816686557466817,0.64127872661336616,-0.11808725053037823,-0.62751734077368337,0.76678364861175374,0.13514741303470532,0.17721453375220003,-0.028362493098948838,0.9837634766610337,-23.620201097797715,3.5785920845417927,-6.0708824347615904,0.4213579088756537,0.4496574124250883,0.975,1,3
0.39910351528090499,0.9022435019756706,-0.16331885143210281,-0.90142546432843063,0.41868322098618649,0.11016575114301401,0.16777519587441062,0.10325223294103106,0.98040321299044753,16.798001099980283,-4.9505675695849716,2.9429088599354203,,0.0969891617955734,0.4736842105263158,0,5
-0.63312080968714413,-0.70757169031987233,-0.31384764360908091,0.75015021896250966,-0.66085445656238095,-0.023367418174414019,-0.19087349038458171,-0.25022727728910288,0.94918576704925817,-9.3130857626057537,19.020831529415247,-5.4135876466854382,,0.2843504652496368,0.1875,0,5
0.48666135833177432,-0.84999091667177296,-0.20168332574150052,0.8735779542644122,0.47475485669764578,0.10709520934758561,0.0047201832462009921,-0.22830520716242478,0.97357816956454268,-9.2025573834318202,-2.4126915205871664,-2.6195571228299213,0.4031022047385583,0.3805986888824767,0.9071729957805907,1,4
0.21955149914716948,-0.84985360884269345,-0.47910957281114774,0.97308878394281506,0.15554110730131879,0.17001524197604495,-0.069966833477897852,-0.50354325283587076,0.86113229804516456,15.340975200936606,11.602880114311676,0.5569047994727897,,0.2521846873996791,0.2222222222222222,0,5
0.73041648090420541,0.67987449955280099,-0.065287282692312557,-0.65050673137081971,0.72161334039631309,0.23688642722479539,0.20816521530930676,-0.13055593368324617,0.96934121511226745,-23.17495121221204,20.42695622522087,-8.2861378520546562,,0.4072630538942895,0.2,0,2
-0.89785975439118881,0.4037081297929942,-0.17569179657467635,-0.42038235476027636,-0.90467789717316449,0.069545511519777087,-0.1308683966846072,0.13629984704828252,0.98198564879728045,-3.6061667560213801,-8.1082474333075343,-0.80613375959539935,,0.0701774601600632,0.3414634146341464,0,5
0.64753828994872398,0.7515837224103793,-0.12576196268363973,-0.73644316331153115,0.6596215020152848,0.15016970829966458,0.19582040307891524,-0.0046240984914570678,0.98062887345374128,23.914814582185951,14.102306676621447,2.0346222275237853,0.7099286121424931,0.6433224165051838,0.8775510204081632,1,5
0.39132379597837152,0.92007836138251342,-0.017930298847140654,-0.906106116189907,0.38863815541383812,0.16712896325823778,0.16074014092416924,-0.049154786869636376,0.98577198886125783,21.727459904480302,-8.6530763033689091,4.4449746705425692,0.6702125862375309,0.4219544467638424,0.725,1,5
0.98105098240010991,0.013320099527873648,-0.19329134714297644,0.061228062268298619,0.92519492370929035,0.374520329933409,0.18382082124353716,-0.37925839224877761,0.90684782493328142,-15.497554580441541,-25.27815658017153,-0.68202470866162579,,0.3538275043062409,0.2105263157894737,0,1
-0.9850967371596373,0.065769292672504462,-0.15893023179620425,-0.076184269935651486,-0.99526590052649688,0.060346866228112604,-0.15420886956270882,0.071555484699220503,0.98544377676133887,13.105920306548569,5.7882300437441163,0.76976783880741184,,0.192568067845974,0.12,0,5
0.44852393942868485,-0.82495842053834545,-0.34390388212733419,0.89361112110475172,0.421191095404369,0.15510391803554271,0.016894969585116597,-0.37688415399820896,0.92610630840512687,16.975245142853133,-2.6113889814561344,2.6810373089451223,,0.3103748496545317,0.1304347826086956,0,5
-0.6966004059405555,0.6968466155103451,-0.17074152656934541,-0.71483767541615384,-0.6944405032373272,0.082216088870227924,-0.061277828364609627,0.17932423683168192,0.98187975120971527,-4.1205939783573902,12.754367647524754,-3.6053097977685784,,0.08300534004712903,0.3703703703703703,0,5
0.63733286546473455,0.75823711757195333,-0.13741649149460228,-0.74480074765913384,0.65187779265212231,0.14257345381729378,0.1976832438142033,0.011481157745294974,0.98019871359430066,14.108669293602796,-5.1750951712837381,2.4387208836409262,,0.09192077860800336,0.3846153846153846,0,6
0.52933223350567049,-0.77178796887547008,-0.35235027695600712,0.8482635900193134,0.48927476746952875,0.20263041174805188,0.016008385910045362,-0.40614471930177182,0.91366853867463338,-5.6786190293679892,18.959803931454768,-4.6664917695481591,,0.6286939401703168,0.2058823529411765,0,1
-0.3179484737318381,0.93500554298100735,-0.15707769620918619,-0.94746499036090093,-0.30724126274958141,0.088954474336370992,0.034912176844363131,0.17710855727161634,0.98357190832656138,-12.844939210597776,4.4106945475958055,-4.2287599696303362,0.2658206524386324,0.22141641162025,0.8746268656716418,1,5
0.52320894841999377,0.84061658041092802,-0.14005770607675533,-0.83235326666665777,0.53933868969346455,0.12767857012467593,0.18286726268687151,0.049774918764125764,0.98187678539592549,1.0083964715375182,8.311974065935857,-2.0044223435833817,,0.07329795624011068,0.2181818181818182,0,5
-0.70139945983366414,-0.64325738118970166,-0.30701586162609185,0.68647574967182678,-0.72555898576870204,-0.048116559340797373,-0.19180678522291111,-0.24450787250160291,0.95048727367976504,2.857051073170592,13.975679436203791,-2.4256940432026748,,0.1314207712778703,0.1739130434782609,0,4
0.35793523297362445,0.91764597046649932,-0.17265063533828517,-0.9193834111613437,0.37865874064382593,0.10654436360203781,0.16314567808387909,0.12059614844856394,0.97920378711579892,-13.95900889154982,-18.62312706424288,-1.3348710598450293,,0.1509080673314282,0.35,0,1
-0.20134419595845471,-0.90667188097951745,-0.37068398265221625,0.96851808901113645,-0.24083791677546765,0.063006421113015992,-0.14640090850831908,-0.34632816530614152,0.92661943423587978,-28.513740011876848,9.1328585215038007,-7.6995620109424605,,0.2033468142337307,0.2424242424242424,0,2
-0.92831365012120204,0.33954799430929644,-0.15146262429782992,-0.34079314674616812,-0.93995685298512144,-0.018470128780083767,-0.14863982686176777,0.034471351682841864,0.98829040660307066,11.151481690921445,15.869000755881428,-0.86232485259561742,,0.1159052728699711,0.2,0,3
0.9652857488077341,0.21357083957531131,-0.15036927755292909,-0.17447187750576182,0.95564141183263507,0.23729529272647559,0.19437846359179703,-0.20282255415418179,0.95972914117373131,-9.0871868334477863,-10.886580512508882,-1.4833473950481511,,0.2492273836909315,0.3970588235294117,0,4
-0.22078156761935724,0.96857263007942496,-0.1145537413643371,-0.97366767015995082,-0.21204062985138614,0.083725977913212526,0.056804643162645184,0.13002242711646231,0.98988251876771283,14.084417898436849,29.330752837462352,-1.5599821781620213,,0.2997570089326951,0.8620689655172413,0,3
0.010690782016688945,-0.9537513448307543,-0.30040652358662145,0.99498594196102541,-0.019730014242557648,0.098049486678512043,-0.099441854768517274,-0.29994849353099978,0.94875825095156929,-42.987675497683483,16.267622956666933,-11.126166308585969,,0.7798335085042687,0.7692307692307693,0,1
0.42288897875310216,-0.78495637343043889,-0.45277853688099257,0.90612047336940238,0.36049329511830791,0.22133746161812676,-0.010516624456988461,-0.50387307527360392,0.86371368208704025,-18.571001300448792,1.0079942684795598,-4.8714637220445534,,0.6832819569892711,0.2,0,1
0.29128997384661748,0.95111845026875153,-0.10258579187590025,-0.94965692780615074,0.300426393160175,0.088857761408623878,0.11533373576807791,0.071537932952641631,0.99074742166843044,7.5765779043529919,1.3162138907402834,0.27324066798022895,0.1655825579007373,0.08975108809918016,0.2702702702702703,1,5
0.26147510231431642,0.96420959964119313,-0.04393880778408564,-0.95437554396867841,0.26507364691101537,0.13748920971400921,0.14421543587357868,0.0059841184031869448,0.98952822010427233,-8.6220968146852961,15.400022941639957,-4.8558460898050297,,0.1509550903958395,0.5217391304347826,0,4
0.95580741022082394,-0.18095028515089487,-0.23170927661785426,0.25464860736771094,0.90343365108738416,0.3449082846911658,0.14692270529991242,-0.38867033895928649,0.90958731646864244,22.629961156982997,6.337854906690481,2.6157014549039976,,0.3847984240659181,0.2222222222222222,0,3
-0.31651345839241657,0.944401169184796,-0.089026188837112691,-0.94773975691276624,-0.31086653567823347,0.071772906882356935,0.040107154267059936,0.10709074954356691,0.99343997681731877,2.7523292924569569,-13.121542824870716,1.1140596370430254,0.6369001617652956,0.4645009942083421,0.6122448979591837,1,5
0.47518434582544833,0.8644425868200889,-0.16413059304783864,-0.86198308459111739,0.49478272699538245,0.11034135646165265,0.17659275002452737,0.089045309583422258,0.98024789389213618,-10.318451625958602,8.6177349634766305,-4.3017513571632886,0.2163997605243742,0.1569747528357189,0.5977859778597786,1,5
-0.95779097553915404,-0.20933035666403252,-0.19702093532075102,0.21167327413133766,-0.97729591501572222,0.0093337833755014268,-0.19450159946456549,-0.032764252967069238,0.98035484980349552,-9.5214029862308056,-5.9970910344335246,-2.2331013078777397,0.2584041820563198,0.2258032735661669,0.436241610738255,1,3
-0.62525790528421654,0.76716046815868744,-0.14323884938848425,-0.77870467854587022,-0.6254425010506709,0.049403456258187338,-0.051687285577465707,0.14243066374213462,0.98845431383327387,-12.123789913242131,19.744297062838523,-6.0637394138378369,0.2257433296008221,0.2603528709573875,0.2972972972972973,1,5
0.40660966470394827,0.91294053918393159,0.034758487940298531,-0.89260162957104838,0.38886516477071525,0.22813639454272619,0.1947585979012294,-0.12378794586872156,0.97300854723951447,-20.80976624526329,6.6198273326479233,-5.9920682019883005,,0.2585301846101045,0.1621621621621622,0,3
