axis_00,axis_01,axis_02,axis_10,axis_11,axis_12,axis_20,axis_21,axis_22,location_x,location_y,location_z,dbh,dbh_approximation,score,reconstructed,number_clusters
0.95516642030047139,-0.094580104929633507,-0.28055607867569665,0.097474401840107291,0.9952313290011614,-0.003652774356132071,0.27956367882165511,-0.023858028545607549,0.95983068504690972,0.89493477971680557,9.447536741458757,-0.30884532118792674,0.2514486698019719,0.1410861854672358,0.1666666666666667,1,5
-0.46947668182562924,0.84497018229654264,-0.25615822503238561,-0.86493837799185902,-0.49841472403449788,-0.058858857807687869,-0.17740701085021177,0.19392821840918564,0.96484122973981046,10.040567400401368,3.3214695997214734,2.0416306868390937,,0.07702383699145451,0.3333333333333333,0,4
0.34918431482662121,-0.85340460998556444,-0.3870024366001471,0.925080221935771,0.37976174450001071,-0.0027568818572342394,0.14932145613517583,-0.35704564003737166,0.92207457055705377,0.052337688832523412,24.311318874090635,0.36979482451119283,,0.114534836634525,0.25,0,1
-0.96308272871783007,-0.020235387486866166,-0.26844401043546323,0.051704040562448463,-0.9925102435667662,-0.11068020873017691,-0.26419377327055882,-0.12047383744321924,0.95691572495009669,-18.762852499229588,-8.2153141189669991,-7.0725479918172161,,0.1117750466078644,0.4210526315789473,0,2
0.95348250341308094,0.15863200126791036,-0.25633377432336452,-0.15301645404389283,0.987337551007758,0.041839277740377857,0.25972500934056614,-0.00066973408224198108,0.96568238618051927,-4.7760128222761651,19.511178110840326,-1.4745297548869707,,0.169691339745729,0.40625,0,2
-0.33908772078289606,0.91432383589449084,-0.22143044219222616,-0.92944193660423047,-0.36199048864733557,-0.071418293246486297,-0.14545516180472451,0.18158967273511828,0.97255744645769571,-7.1821597451656061,-5.4796774146703688,-3.5435815920299047,0.7996957310044037,0.5628823223525184,0.555984555984556,1,5
0.13280483634518855,-0.90388909668960782,-0.40662928611817001,0.98682645997085117,0.15883037457604213,-0.03076442772802325,0.092392712616993167,-0.39718687415079457,0.91307511939467212,5.0117538220505331,-0.84834472975430464,0.26214990981865022,,0.1807386021192184,0.2647058823529412,0,1
-0.49184614392861548,-0.81571209248143284,-0.30446864022771403,0.86556978861278733,-0.49592708264457275,-0.069607971816863498,-0.094214180160767949,-0.29777526908594149,0.94997556672654926,-10.930361732255133,-1.4332209973540628,-4.5264146660243911,0.4007213449194023,0.3893907255224547,0.9169329073482428,1,5
0.19345219212934733,-0.89676212183935855,-0.39798736939069157,0.97372343676171469,0.22517187845803535,-0.034063086363924806,0.12016204917238447,-0.38094005038306539,0.91675828872873677,8.775722513161849,8.8838877877649374,2.0481937317140924,,0.2279332005839997,0.2068965517241379,0,6
0.9637537728704082,0.056659147758325881,-0.26070751092623912,-0.035379505921402793,0.99570061449144831,0.085607107544356589,0.26443705458731076,-0.073280469953827282,0.96161479651913351,-12.892156655152874,-19.405991711461329,-5.9678437152283124,,0.2763301505899141,0.5555555555555556,0,4
-0.96274966325850797,0.1539727224067868,-0.2222734501695437,-0.091796023631341622,-0.95933067731318555,-0.26694220650039513,-0.25433555776002742,-0.23659470053335507,0.93772937020146063,-2.4860876765800572,-6.906528440374097,-2.3658709384578365,,0.6228127952686967,0.5,0,3
-0.80834330518813247,0.53028302688059858,-0.25569711058178934,-0.53191547419699958,-0.84399914725159242,-0.06878493838309245,-0.25228362861530812,0.080407405386164171,0.9643068079671312,10.107449143290046,5.3591804954711408,2.1649583814498112,0.4969867168295921,0.4757874846339463,0.8779069767441861,1,5
0.96840205658033862,0.069609714292764843,-0.2394826600968207,-0.053508765873050937,0.99588835497569561,0.073097170933937777,0.24358626559334737,-0.057973029072853663,0.96814506098745545,5.1199216041348485,15.024907206209319,1.3570137590281035,0.4633940062950554,0.212900556410903,0.2857142857142857,1,5
-0.62056821423597242,0.75146791606827124,-0.2240336193520672,-0.7539645265776469,-0.65031726309517679,-0.092870608821869483,-0.21548221305370469,0.11128085388066301,0.97014637422250316,-13.707089581670376,-2.2580347856443441,-5.331819440297302,,0.06204584229989736,0.3043478260869565,0,2
-0.5933172238700436,-0.70144578857799966,-0.39490312425370283,0.79923722278307807,-0.57177075011510847,-0.18519738397396832,-0.095888130533136662,-0.42550207402431889,0.89986301814435365,9.5760622120594014,-3.9814966578156317,1.4525359097284176,0.6971570176081392,0.3597730859017708,0.7191011235955056,1,5
0.78010391054372497,0.57801151045206056,-0.2394589370629458,-0.59660368463244651,0.80250980325530352,-0.006485303549035701,0.18841956436999047,0.14792129482958838,0.97088483266480241,-10.25179724182701,11.173754982713795,-3.621878828443156,,0.2272854334143565,0.1842105263157895,0,5
-0.46160366121470242,-0.77364440575669791,-0.43404653367415219,0.88304406260004553,-0.44739570027845654,-0.14166958346503097,-0.0845886721729813,-0.4486774128633112,0.88968159232744382,-16.004411913516801,-2.9132506721423983,-6.0232774654274452,,0.4656698015954874,0.44,0,3
0.94751280433084528,0.19731491767668075,-0.25156770240104975,-0.18430617691930448,0.9800405996946433,0.074509436312155591,0.26124838521699723,-0.024233163483330239,0.96496737510089026,-21.825775185008023,-21.68144721408396,-8.5369250962195284,,0.1997878711367295,0.44,0,2
0.93754944070319035,-0.20038432846947626,-0.28433636267802775,0.22299761878966989,0.9735780047374506,0.049172458811621585,0.26697023851221879,-0.10950794306935269,0.95746274191398539,-16.705306063830342,-11.972640649782546,-6.7385441859235184,,0.13161557486187,0.3142857142857143,1,5
0.61121184458310518,0.78803912500232776,-0.073582732396150569,-0.78122053956773296,0.61559744973217501,0.10360621815674295,0.12694309590843539,-0.0058410058044734729,0.99189280320626061,10.694011185133188,-9.9138988634390497,1.2309564892862417,,0.184076912664935,0.6,0,2
0.9559569431532694,-0.10071216315310247,-0.27568711074346497,0.10812337488829622,0.99406773114749369,0.01177631920590883,0.27286564210215558,-0.04106587493646463,0.96117528852747802,-13.812708842300562,-10.946380683268377,-5.780291603063227,,0.08843301871884665,0.1875,0,1
0.88541190440859929,0.40734591529242686,-0.22386394266632786,-0.40733668556791219,0.91199433066631452,0.04840625396629377,0.22388073638007752,0.048328522914284668,0.97341757213995139,-3.2395351701665018,18.005382524174198,-1.0357602155157641,,0.08921484489685631,0.4074074074074074,0,3
0.71593518374501197,0.66614771815487728,-0.2090072493313242,-0.67971670493765513,0.73341657489776513,0.0092373531884399236,0.15944282268165302,0.13545237267128735,0.97787046229703922,9.9874043939281041,-1.2820384925928552,1.6987720869986995,0.656830600380673,0.3381407655135398,0.9115646258503401,1,3
0.32144073232999926,-0.87995832337846502,-0.34978451182994558,0.93556215780587715,0.35218540439489437,-0.026246710514175015,0.14628501112815359,-0.3188083908057695,0.93646244210383045,-4.6562282128239394,6.7024063623045427,-2.1484777128905383,,0.3725132530234976,0.6109725685785536,0,4
0.072432702105503857,0.97542707930648842,-0.20807574731647507,-0.99674122680271593,0.063367818708956913,-0.04991439014840094,-0.035502541564138117,0.21101310980051224,0.9768382860201601,-13.957269950286102,0.99697786102597774,-5.261379130105742,,0.06655661562006537,0.5882352941176471,0,2
-0.89169268625000031,-0.34364892146232517,-0.29460069936447808,0.38865000050154447,-0.91489884925414322,-0.10913877745143735,-0.23202441767712365,-0.21181481159547286,0.94936776603714845,2.8586779037300363,1.3721034565812014,-0.22772680497856368,0.360504403331073,0.2854386109331375,0.5101010101010101,1,5
-0.95846642078603117,0.10020051427401526,-0.2670243007009615,-0.077232406304991036,-0.99245782825779405,-0.095197765447324875,-0.2745492226212915,-0.070620932230082784,0.958976229261705,-15.299600185988913,-3.6098881124200659,-5.8697769778677626,0.3239191276353837,0.3503432442818294,0.8532110091743119,1,5
-0.18691560596341011,-0.93803316766197486,-0.29181557979890677,0.98237039089488487,-0.17747596025950868,-0.058742647395195434,0.0033123013694693103,-0.29765090273003753,0.95466903624430521,-5.6364776111445547,-7.3923020410457481,-3.2366975555896076,0.3973033022108782,0.3427456676289346,0.9388297872340425,1,5
0.95350867527044103,-0.011614016227342693,-0.30114169557050779,0.050230862140020781,0.99140377206051189,0.12081151117695604,0.29714990606204073,-0.13032143097457358,0.9458954794035439,7.3475236209438828,-0.92680515177252565,0.91866440753975998,0.5543576016731495,0.4131013933522896,0.6260869565217392,1,4
0.61083818467344486,0.75926470219982989,-0.22448568804771163,-0.77724956747845597,0.62906410747753538,0.012706633623637493,0.15086358738742764,0.1667197069242142,0.97439453884127447,14.69511279104541,2.1909184062653226,3.3887011437576984,,0.145487471148016,0.1666666666666667,0,6
0.60017127869528619,-0.74991421169469019,-0.27825008774050158,0.77166340149354418,0.63441102246735681,-0.045367933249561843,0.21054698056414581,-0.18748687866156069,0.9594366259972914,1.853165444581232,4.3574940345122899,-0.32623546544666293,0.5899501338093356,0.519486237864213,0.9685792349726776,1,5
0.088250061624909518,0.98300390314129682,-0.16098215128446514,-0.99549092689427354,0.081393718753422523,-0.048712185525473149,-0.03478133255611441,0.16455512437011352,0.98575446737468864,-10.483241748032199,15.262847470171836,-3.4667891460390505,0.3177521634281599,0.3247677099025847,0.4232804232804233,1,5
0.95883657325607929,-0.09156449346880921,-0.26879056777041238,0.088555092753967835,0.99579811182677125,-0.023326294810246111,0.26979700023142661,-0.0014366690776831418,0.96291615141095521,-3.6956564097164311,7.5608279254993134,-1.8775925636274531,0.4628016228318858,0.4364296197494079,0.9520255863539445,1,5
0.38206387407078896,0.88938670834402411,-0.25103481661116478,-0.92245562284977867,0.38340247252777671,-0.045586927209604625,0.055702962244808696,0.24898559613071672,0.96690400398208298,3.0107359616600018,3.8456640814082625,-0.065017455085756279,,0.0764096932872865,0.3703703703703703,0,5
0.34342751802729038,-0.77559473441417148,-0.52963227602802465,0.92746876463871308,0.36884956849125411,0.061251011774134848,0.14784867426241827,-0.51225267571075328,0.84601298201979069,-15.857820534716698,1.8717614008146231,-5.7355248851212686,,0.2548895803076595,0.1578947368421053,0,1
-0.90758806834742944,0.33606104589105179,-0.25168804426907732,-0.32286630843249992,-0.94183398858950862,-0.09330640287111365,-0.26840500195143635,-0.0034221882164884141,0.96330007970271592,3.5122645229556135,-5.1115099134213375,-0.48802037931504605,0.473102105280905,0.425642867294188,0.9791976225854383,1,5
-0.67653049085467243,-0.66561682323622051,-0.31505672436699084,0.72063812169767549,-0.68647162398448891,-0.097146317584071051,-0.15161527792403534,-0.29276433199592605,0.94408784199935358,-0.21863863211207041,1.1061135659040067,-1.1739909689620938,0.4784255014489538,0.3917522883530945,0.9112068965517242,1,5
0.95875695066114797,-0.054936898505544639,-0.27886743578540685,0.050801562111382571,0.99846554168812607,-0.022040039666021635,0.27965033675284556,0.00696413986275127,0.96007665835077516,9.5698444362208637,-7.8291631949652389,1.1154317194128136,0.2208968660162568,0.1974317021593332,0.6521739130434783,1,5
-0.36327727437861757,-0.76824493655374571,-0.52709519005543415,0.92776927693678846,-0.35008190474044593,-0.1291775086673019,-0.08528652116385152,-0.5359499766142668,0.83993084946020113,-10.50583988073274,2.0465837141850072,-4.1708549541653355,,0.4394420376440038,0.2692307692307692,0,2
-0.86168417360814709,0.47110831918806689,-0.18856653081880637,-0.44314013636875843,-0.87965792983428215,-0.17271000555481414,-0.24723916455999376,-0.065260080228728826,0.96675432113656279,16.450344178123341,-9.1768556837510857,3.0210771037221686,0.5060082421429785,0.4137304805457697,0.48,1,5
0.92420057827158364,0.27798812218962421,-0.26186999645617376,-0.29063102982029404,0.95678260692249562,-0.010032327555873318,0.2477637899856743,0.085379429677642643,0.96505101282774386,2.0281180391805913,10.640223912358666,0.047506478248810352,,0.09153763087786079,0.3095238095238095,0,5
0.87659630736497574,-0.36743980316362207,-0.31075216003298628,0.40029722480758528,0.91517569378736918,0.047069961888155008,0.26709744612300912,-0.16565458204313391,0.94932476725443105,0.16234238186594671,21.269042814372884,0.16996488023240408,,0.08838883896762025,0.3,0,1
-0.1118242943051673,0.97052284835650116,-0.21349643561693077,-0.99002941069964534,-0.12732553703584804,-0.060249261972614786,-0.085656833661204246,0.20463041913781016,0.97508425195498838,-11.339964694510767,-10.853593768101343,-5.1169177800525807,,0.1278776450533357,0.1904761904761905,0,4
0.017174361077889215,-0.92360238406510675,-0.38296694044109969,0.99783960819580897,0.040124776044511659,-0.052020367770828593,0.063412598410731838,-0.38124616522219384,0.92229615843619883,3.8718397193507279,19.14899978596295,1.1602454061676393,,0.3294104864878328,0.2857142857142857,0,3
0.80978688365580631,-0.51641699538566843,-0.27849360842909482,0.52741507230648188,0.84866066884285973,-0.040104995488602489,0.25705747326807671,-0.11440522731077844,0.9596003852651388,0.09366319351785643,3.6440565951989439,-0.93356637718444901,,0.06735614347812849,0.2216216216216216,0,5
0.19189174326426994,-0.81884624883327906,-0.54098833595435825,0.97546333524065865,0.21975506996142252,0.013378745360443147,0.10792979416346915,-0.53028155728623683,0.84092367640227195,-7.1701995895418733,6.8829306217208073,-2.9204424398837721,,0.08415107027864506,0.2317880794701987,1,4
0.95515292774872818,0.21096067454225939,-0.20779431755875108,-0.18993555860819955,0.97484389233873403,0.11663562554407471,0.22717255157528032,-0.07193732943709634,0.97119393142885446,-2.8910955733898369,23.131286397348585,-0.6894871900498698,,0.1971848155197576,0.1904761904761905,0,2
0.88705635603439781,0.39362730106393484,-0.24122306912088429,-0.40199640361795425,0.91550748310845353,0.015650554324259811,0.22700201033737011,0.083087882567484339,0.97034349128195063,-13.752911514184428,15.891994870623446,-4.294173226080277,,0.09879355152992561,0.4333333333333333,1,4
0.40831586501525341,0.90821381348206287,-0.091792283865331961,-0.91019442540383988,0.41271979351685767,0.034763198977879418,0.069456909955876334,0.069354459407961921,0.99517118960488871,4.3961642702217292,-4.1816917879996272,-0.14091563257223896,0.2288284131913533,0.22634649186304,0.3142857142857143,1,3
0.92050399657272164,-0.27258845500259415,-0.27994272002133741,0.28836627889537464,0.95738705120715684,0.015966320080076778,0.26366130070543409,-0.09542310192067277,0.9598839253420981,-11.969370210489032,-0.043728489269366642,-4.6939269133789203,,0.0702136380201977,0.2142857142857143,0,2
0.92904458841823101,0.28725398651319189,-0.23315509851401431,-0.28724857723003744,0.95722582052062666,0.034741666740869342,0.23316176275307229,0.034696912843845566,0.97181876737845885,6.6945124397159876,13.739114142125247,1.6528845691350966,0.1097035387701173,0.1249317998685423,0.3333333333333333,1,5
0.67487005324491911,-0.67873510859516051,-0.28960156006747612,0.70192568032222535,0.71153586580542583,-0.031891236675689258,0.22770759876952149,-0.18175633147937226,0.95661585050101439,-6.6053506590724362,19.689192623821505,-2.0421991176665046,,0.0765423272797788,0.3333333333333333,0,1
-0.59312593490457111,0.77900133604538002,-0.20336800088286133,-0.77688729497736686,-0.62006829486935278,-0.10936837111598388,-0.21130015675888322,0.093124798723682886,0.97297482784311784,7.7402186193642599,0.62665935858824395,1.1742614199572043,0.1993452645477019,0.2055385509395591,0.28,1,5
0.769116128148567,-0.52526992009332429,-0.36407676727155941,0.58909664930478667,0.80356549780435871,0.085133004858904571,0.24784172207203103,-0.27995357076412813,0.92746993429263436,-5.8951198055382461,-6.4831902519015276,-3.3075393353301301,,0.08023502292267201,0.360655737704918,0,5
-0.94255585905496464,0.20701269713795356,-0.26217207285450517,-0.19131334218249751,-0.97789802712322216,-0.084348406336298448,-0.2738387439061914,-0.029346069109518331,0.96132780598695822,-1.7560452700618421,-1.5704391542390328,-1.7952682462510954,0.3795668693148495,0.3453324395263378,0.9434782608695652,1,5
0.87770123313546122,0.4064482098386713,-0.25385113368159234,-0.42145046742966652,0.90683638875316375,-0.0052218326702796339,0.22807904080779967,0.11156888792158937,0.96722920468321938,-19.762864451436176,-11.016601792462339,-7.480656333255479,,0.08311593588807997,0.3333333333333333,0,2
-0.95062740850612204,-0.10049671744692343,-0.29361188664515669,0.16740889811009069,-0.96271275857792882,-0.21250507124499532,-0.26130784724248229,-0.25116638758732912,0.93200517955418649,11.186984015308298,2.6958991381670292,2.2877896346753008,0.3325115262745866,0.163785452749802,0.1578947368421053,1,5
0.61629556717665157,0.75444556727096701,-0.2258133297739493,-0.77705897117830947,0.62914762620109788,-0.018778172350662287,0.12790281150043853,0.1870431780918857,0.97398958944106284,-16.510855899482987,0.85289407074988599,-5.9742848465247107,,0.07278286846303228,0.4210526315789473,0,2
0.11585420672699315,0.98009791880880348,-0.1612013409693295,-0.99284319572833402,0.1095334105840952,-0.04759013197884452,-0.028986056641201491,0.16556117151212402,0.98577345623014456,0.83925683308094357,10.436110305035751,-0.35194466711205596,,0.6025983192457678,0.9310344827586207,0,4
0.94220226764764048,0.21634674220061781,-0.25582997083771197,-0.2224981203646326,0.97492022858517413,0.0050134149677218904,0.25049844964360696,0.052198036693083462,0.96670879363515538,-0.45588544480099202,-6.72667223796019,-1.7752707796795795,,0.08900035895642969,0.3157894736842105,0,5
0.70181581774952906,-0.59530818410606567,-0.39123231447938855,0.67293455616545161,0.73421177899434331,0.089956359999553301,0.2336956162938606,-0.32640654025662713,0.91588488872932716,3.2464243964997896,-1.6183844451938156,-0.29020051361366145,,0.08580869770339102,0.1666666666666667,0,5
-0.011977649043993149,0.98511493803387795,-0.17147913804859302,-0.99815183939868035,-0.02199695464168137,-0.05664838472122271,-0.05957718882601605,0.17048370259060344,0.98355775922036637,3.7181022362411857,10.316290663045116,0.61171217408622303,0.8140098234489384,0.565703346037769,0.8382352941176471,1,2
-0.91684909880120857,0.29551875572602193,-0.26843322268593173,-0.28571773603225387,-0.95530993478534343,-0.075817569316262642,-0.2788424382048304,0.0071828625607526899,0.96031000262489086,2.1509962103295686,13.752481702747469,0.2819180105643494,,0.08526506515650567,0.3478260869565217,0,4
0.75388175921429601,-0.55705266053702529,-0.3483599094508133,0.6095417466664742,0.79088373502388187,0.054422208200854312,0.24519615044845489,-0.25336781773401035,0.93577967318272237,-7.3890347463268391,-7.4767734938868076,-3.817593057228545,0.4499087644679489,0.2150517323424841,0.9038461538461539,1,5
0.84546984857719198,-0.44884304779070905,-0.28934521526510099,0.45841369019715378,0.88793040944558965,-0.037900878902952587,0.27392996146221116,-0.10059575752354294,0.95647418667812267,-5.8928239239439666,2.5915176501754491,-2.8440009931054533,0.6592582717251266,0.671690607265413,0.98397212543554,1,5
0.92849588123044502,0.27366267920256249,-0.25100624802935628,-0.27245599449349345,0.96132571142426937,0.040256771097346766,0.25231553579330174,0.031009910775395451,0.96714800099624909,-11.167449275950714,16.424819624863751,-3.5535822115986293,,0.1174891327105982,0.1904761904761905,0,2
-0.15297146535475861,0.98810690616421737,-0.015635625276794827,-0.98337656541318763,-0.15376728665830949,-0.096572005000955141,-0.097827712757587934,0.00060294636553894659,0.99520318280856546,-14.433338591863381,30.875815056901274,-3.6662331447666592,,0.2996670929101096,0.6666666666666666,0,1
-0.26126407444260175,-0.91689042581412505,-0.30174994690313356,0.9650886799327294,-0.25413888120842498,-0.063381929000565412,-0.018572110040414969,-0.30777487894323574,0.95127793027070873,4.0240556749045249,14.366415437669101,0.98780498816833873,,0.07858641021117535,0.3714285714285714,0,2
-0.74713509366931752,-0.58361798164352285,-0.31808678581494115,0.64107436992678224,-0.75911918459996075,-0.11296776440768239,-0.17553576282546798,-0.288319467040696,0.94130711295232927,-17.300600062512682,-0.88231448266931545,-6.3145365369079256,0.643805704313239,0.6119911382351677,0.1818181818181818,1,5
-0.20082514392845943,0.97786145361281873,0.05878978741532076,-0.97336120990337338,-0.19240422717369254,-0.12469389889299037,-0.1106219536147989,-0.082265368800724312,0.99045201422104534,-3.0642643564728416,9.0660096036140345,-1.5977552111302753,,0.1524746726454118,0.4375,0,1
-0.50892479444497007,-0.79841944608872806,-0.32174825828046943,0.85599724685531386,-0.50887150658357916,-0.091205828560919869,-0.090908013812151814,-0.32183253082112318,0.94242217457464472,9.4904731750724558,-17.734740790643759,0.25962711036210684,,0.1836841107397413,0.3076923076923077,0,5
-0.87949283582874138,0.42919627812988087,-0.20562807825143486,-0.37988433370793906,-0.89338318726699062,-0.23990492640200203,-0.28667096945661513,-0.13287977855239175,0.94876905499846109,12.035771093849689,7.8582620509961965,2.9493772866048134,,0.330372847677106,0.2325581395348837,0,3
-0.61829501983048862,-0.73093505582267193,-0.28886885021116931,0.77527103822279786,-0.627579802363879,-0.071403143893385465,-0.12909719495698069,-0.26809986168295913,0.95470224594887021,-16.074588050472062,-21.463669328544288,-6.9222023563692163,,0.1069942350904775,0.25,0,1
0.43523182909169211,0.89458464872589627,-0.10144733219491466,-0.89778541970462433,0.43968973817832041,0.025578786258787112,0.067487740451822958,0.079945233783168534,0.99451202329788957,5.0004389779287646,-12.125770964225024,-0.56971235374581997,,0.2675747270340436,0.6029411764705882,0,5
0.95959312232076011,0.15871651060447367,-0.23235771744496878,-0.11327450353225978,0.97376711459676435,0.19734865943150906,0.25758479466811712,-0.16305421120422997,0.95239875985027989,4.7290144517754973,7.8329141499158528,0.73117987626113679,,0.4644780825193986,0.1176470588235294,0,3
0.83936065166680818,0.49162103034743432,-0.23191045460176454,-0.49597503715812058,0.86725303495347073,0.043369757665848802,0.22244653054042263,0.078618928281428399,0.97176983137284489,-14.641601427047812,-19.852204971988705,-6.4870956178246164,,0.2256383597602975,0.4,0,5
0.64413969196764242,0.75324837087420193,-0.13304491349612682,-0.75326841394637323,0.65489658386025429,0.060804284379354159,0.13293138749951663,0.061052077962429778,0.98924308943450434,9.8540809490546728,1.9527062986948389,1.8889632500145006,,0.2642376168463013,0.35,0,4
0.58304822802329792,-0.75140346898749899,-0.30894593474011678,0.78497088649789637,0.61905851604117224,-0.024233469986948104,0.2094647253109668,-0.2283842825381249,0.95077081798924934,-0.41085363273523878,8.0490676671110659,-0.82613579157603068,0.7897898072491903,0.7575642115909998,0.8301435406698564,1,4
-0.60380645277672107,0.78969590365534859,-0.10861927699609943,-0.7614281731742174,-0.61170656733269235,-0.21457449191045203,-0.23589172236805458,-0.046855685162172957,0.97064908184483212,-10.075096590475153,12.12539438558815,-3.519914769739513,,0.2550305930600372,0.4141414141414141,0,4
-0.62899977362729742,-0.71603012463496241,-0.30275426568761971,0.76587646039387014,-0.6375703442655255,-0.083290476812763206,-0.13338865090916371,-0.28426205643451702,0.94942221960529949,-2.4410888022909725,7.5941185995398461,-1.5288439333084534,,0.06974919675673166,0.3271028037383177,0,5
0.35119051882596491,-0.87748539536019887,-0.32662608655204428,0.92307284026684522,0.38291635540831709,-0.036215967783695034,0.15684945345281831,-0.28878096490309985,0.94445952971060909,1.1883870717207401,-9.4153788809535683,-1.434325428071717,,0.07328371031281364,0.3269230769230769,0,5
0.94697474740513465,0.23109348477011082,-0.22323671085596122,-0.20352708315144805,0.96904000596840578,0.13977908733646949,0.24862734001079836,-0.086932549310136359,0.96469019776796505,8.4521344754716878,-4.863777846300211,0.97827723155358681,,0.1215871499191018,0.2,0,5
-0.74544718041319946,-0.52877760629982551,-0.40583585880234724,0.64862324106652236,-0.71574703269706608,-0.25883213929824594,-0.15361117264825594,-0.45618025851758742,0.87652905221473165,-5.4898008954955069,17.594079707601423,-1.8142707990260545,,0.3135039170733466,0.21875,0,2
0.73135289466576658,0.63743007318287992,-0.24249916549562003,-0.66118470659166462,0.74987163113717603,-0.022963461955147441,0.16720564354500275,0.17713113395938934,0.96987980397003914,17.231619638240065,-5.6751352996178408,3.4494884965572559,0.439012902488434,0.3651278298834297,0.9512195121951219,1,5
0.022132838319004738,-0.9136066017480905,-0.40599644667195028,0.99702168637246102,0.050179092674276435,-0.058564627219846545,0.073877563379946457,-0.40349106049662536,0.9119962005010489,11.858139052070857,-11.02158884551285,1.4716151767983479,0.2342032913975641,0.2606478989223656,0.3611111111111111,1,5
0.56747768137523125,-0.74525353759511959,-0.35009462412746761,0.79262144248424382,0.60957882241115624,-0.012841658071546511,0.2229805598145049,-0.27020515163443759,0.93662631074245495,0.070952183368008404,5.8751759287742287,-0.80415731820014769,0.5087765756394049,0.2984597647110134,0.6156716417910447,1,4
0.95058944478846175,0.18362435751065989,-0.25032339640065787,-0.14664346107647788,0.97628160550146992,0.1592793837349456,0.2736337018356384,-0.11470101171423867,0.9549703006541379,-14.97534108989376,19.491513186292718,-4.4168460068528725,1.151542643869377,0.4308667154225572,0.4032258064516129,1,5
-0.263551552976801,-0.89416876549858249,-0.36194308631366012,0.9644508715228175,-0.2517804903284469,-0.080256470822264309,-0.019367378304627699,-0.37022804255851288,0.92873898440891189,14.310546538143875,-10.991366232230279,2.2792824975992483,,0.09062890601280234,0.3809523809523809,0,5
0.94517043911446741,0.19660037801766744,-0.26077026745293241,-0.21242636491577194,0.97659687463778366,-0.033668738265393676,0.24804814152263863,0.087217176123872336,0.96481360048257037,-3.7895746844798448,-2.1897521510290656,-2.4513702499008905,,0.07473855899463334,0.2567049808429119,0,5
0.52986617921971424,-0.74246373492074247,-0.40986514178037348,0.82557816620721181,0.56216085552531991,0.048947563749187246,0.19406834775676837,-0.36431137072919434,0.91083187337530958,-2.124472597158944,18.292678889174496,-0.71237392036829728,,0.101440179892407,0.125,0,2
0.92846757200192742,0.27903156430506892,-0.2451312992302549,-0.26069976576505899,0.9596951431266878,0.10498030476756402,0.2645441359601266,-0.033565136384550491,0.96378928285626697,-2.9441593459735729,-8.8738205321873593,-2.5579227393390975,0.4593135405122559,0.352888491269358,0.7266187050359713,1,5
-0.85098078909544717,0.49445019788978795,-0.17706128429795193,-0.44902972059042701,-0.85983370864577879,-0.24301914225618138,-0.27240412371506789,-0.12729884242677236,0.95372480207858201,3.459398977408314,-15.43816400414758,-1.1883571839956528,,0.5257670550237317,0.2,0,4
-0.10931675804959448,-0.93420573342694735,-0.33957251661721161,0.99376389146931021,-0.095160444379087328,-0.058118997215613775,0.021981228839632307,-0.34380828590625134,0.93878255635738439,-12.658418204153767,-7.7976348345069191,-5.3261667806054716,,0.1132229801708841,0.4074074074074074,0,5
-0.84418852366185959,0.4707520515718131,-0.25639470052740598,-0.4667675640169664,-0.8807343432713588,-0.080218811783989791,-0.26357878840922805,0.051956929502201987,0.96323761335271041,-0.75310514670279982,11.836621066536486,-0.71067142152274321,,0.1350874267458821,0.2878787878787879,0,5
-0.71500004219278912,0.68552881071864802,-0.13720491732801049,-0.65792902070646209,-0.72615595858743642,-0.19956684975265315,-0.2364409934350348,-0.05241920909969993,0.97023084013074734,17.495745573820408,-22.98011157496698,2.3912692927827908,,0.3407524052605619,0.15,0,1
-0.35850193683842813,-0.89062127633373567,-0.27976794567062657,0.93233538707732166,-0.35673678050503982,-0.059072797786120131,-0.047192025666169243,-0.28201526833943957,0.95824855916247353,-0.66330029846505101,-10.269004829588619,-2.0421548846177906,0.1434988215861798,0.1534050996685427,0.6428571428571429,1,5
-0.74645738781851589,0.63303955855348015,-0.20509092002712526,-0.61085649813357201,-0.77411838586070858,-0.16611761905469516,-0.26392367620042523,0.0012813972165631939,0.96454271608987141,-1.856386111406189,-8.807665483740946,-2.2631173366401778,,0.1494299610061608,0.2,0,3
-0.95005450157428495,0.21607431248392525,-0.22518511390195453,-0.1501753202793783,-0.94904475659714205,-0.27705851936812553,-0.27357598070266215,-0.22940344692281939,0.93409327228200589,-1.5999161571488894,28.369837963142732,0.11537592373727992,,0.4985734968104665,0.2105263157894737,0,1
-0.15172402880255856,0.96877069528092019,-0.19612026679780417,-0.98402280015170673,-0.16674664425888111,-0.062407414703668389,-0.093160870892847886,0.18351810971488267,0.97859192493151148,8.0096513383371679,-3.8231284996358568,0.92076835021583348,,0.08778869115810986,0.25,0,5
-0.67349296685527005,-0.62256544523107049,-0.39852163053054623,0.72466254343936265,-0.66245380220599515,-0.18978713886566365,-0.14584725479926028,-0.41661400162147638,0.89730783565087602,-2.4538078159221639,-3.1735426698970342,-2.0947670038352375,,0.11792346071262,0.28,0,4
-0.95312357073603571,0.1538271142801865,-0.26056223406246004,-0.1275256064764653,-0.98513328428166325,-0.11510704536749568,-0.27439511402391897,-0.076482881173864314,0.95857064960656146,7.031977309759414,-14.561873316599018,-0.10772143347266237,,0.1386769583941464,0.3658536585365854,1,5
-0.37205310646340567,0.89869762750421367,-0.23220478093533495,-0.91515339943295071,-0.39696956954829676,-0.070067227424481723,-0.1551474829871364,0.18643426501299915,0.97013995039469347,-16.694232829743608,3.1069381763276143,-5.8663401204336081,,0.1164301070780086,0.2222222222222222,0,1
-0.1740536722760001,0.96067337070375824,-0.21636079586634538,-0.97999290268456873,-0.19052180401433721,-0.057579101095763141,-0.096536158278193063,0.20201019037613469,0.97461410472508814,-11.756960983097601,-5.9556252772394256,-4.975562755466707,,0.1313730511561526,0.4,0,5
0.32553607030690668,0.91741521876428911,-0.22885712422559143,-0.94450182773879754,0.32679564403895428,-0.033479910920370823,0.044074531502984245,0.22705489075735905,0.9728841206721156,-6.8633529797339001,-25.24177017622511,-4.5486121344235677,0.404614122042748,0.372826465620898,0.7586206896551724,1,5
-0.83926582779344117,-0.38850122144748689,-0.38039409989115319,0.49077839979704879,-0.8424106560074095,-0.2224429116376028,-0.23402870035711035,-0.37337794200913477,0.8976744843372706,2.767032642719836,12.638256119154217,0.41417965572504722,,0.3026381057363892,0.25,0,4
-0.78280767553349473,0.57103543281445035,-0.24724618823403771,-0.5696972502188925,-0.8175108221388353,-0.084386603077263575,-0.25031417502586772,0.074796992962953626,0.96527106225392456,4.5369347747462712,-1.9499671899719258,0.049568239761335967,,0.07754260117460346,0.3561643835616438,0,5
0.67659833029987493,-0.6190238219450197,-0.39877839372263002,0.67867039079368929,0.73435216704584994,0.011549693286160867,0.28569424232098461,-0.27845359150070931,0.91697458922534669,7.8232260453836329,18.649837362431871,2.3029984375159951,,0.3460204731991487,0.8571428571428571,0,2
0.86368600410780194,-0.41233790976198281,-0.28986882288617316,0.42493475170748257,0.90497567049585359,-0.021201240574071415,0.27106630756993205,-0.10486412152732835,0.95683152796963344,4.5071490380730248,2.1634949654405795,0.28866066359546083,0.2502393414029703,0.1615490125063753,0.4181818181818182,1,8
0.85037023689602176,0.48908056241288322,-0.19408931879755981,-0.48166992728345853,0.87202099602313943,0.087025649354424514,0.21181251462590914,0.019482966014164587,0.97711609989966841,-1.6900162791134914,12.525717325740802,-0.92989173005674564,0.2060952502511837,0.1637197966251074,0.4700854700854701,1,5
0.86155265124505886,-0.41609962064176931,-0.29084039408992912,0.4331728150237909,0.90128904602819904,-0.0062743791679740228,0.26474202812733433,-0.12057844422347858,0.95675101114745131,7.986358668546278,2.2189871995835175,1.2709402494325641,,0.1389867490584106,0.46875,0,1
-0.96240291755024965,0.10833849684427685,-0.24908511475455705,-0.067862596672578782,-0.98383658987602618,-0.16571129229466411,-0.2630119622063285,-0.14257746849567532,0.9541993362048321,-11.874795382353719,-4.2749455209281848,-4.8629522660831173,,0.1767404793702544,0.28,0,5
0.69323374064123056,-0.59760093672906378,-0.40286486724100606,0.67232430443073288,0.73758938442875022,0.062784788362705179,0.25962860109837499,-0.31438037533943486,0.91310348213832671,-8.62430712757366,-3.5762039479190335,-3.9894396038013946,,0.2399570011533878,0.2777777777777778,0,5
-0.32006743523846176,-0.84433003350543467,-0.4297250649200996,0.94292723238301113,-0.32790071903364659,-0.058046127241459411,-0.091897069215439081,-0.42377814122241891,0.9010921238650812,9.6551341283321488,-1.3920416763104611,1.5953646566607096,0.4561275357551963,0.3844435561452568,0.3855421686746988,1,3
0.8552889802620004,0.45219059514757087,-0.25299096012006644,-0.47331479772195673,0.8804990179507155,-0.026354916908403143,0.21084084637425157,0.14228543512219072,0.96710960725880379,7.2615817885262537,1.8709950564777635,1.1021634944356546,0.1843781753393014,0.207719400887179,0.78,1,5
0.54088165048745995,0.81162642371410154,-0.22070248864708777,-0.83462383680301699,0.55040717420316654,-0.021330579595862317,0.10416377108271137,0.19574087696427092,0.97510790063412245,-12.030471944461743,5.9382061938748381,-4.4103038222996229,,0.07835192444604214,0.3333333333333333,0,1
0.82060356147603974,0.53055130301588294,-0.21242671621288201,-0.53263156202597894,0.84473397845971376,0.05223145383186352,0.20715553100654954,0.070283856637018166,0.97578008048413312,12.67961214897359,-22.213633184453847,0.96575075070572869,0.3675949259295129,0.3389526584482584,0.8478260869565217,1,5
0.53069466798817666,0.82495175589347869,-0.19446791462137739,-0.84218000547993954,0.53907452796792821,-0.011466981554300818,0.095372992711407756,0.1698624553702901,0.98084185193987694,6.2949731127379174,-5.5510587315373501,0.28374092886197794,,0.072584349733203,0.2,0,5
0.83964749337494771,0.51674879130233342,-0.16722073303493953,-0.50726292783703553,0.85613461051807804,0.098579159639628933,0.19410411873879374,0.0020531343439355114,0.98097878454531295,-5.0861545551633247,-22.956382186376583,-3.9438408060790522,,0.1586588963717825,0.375,0,4
-0.70356810900617472,-0.61023351524182545,-0.36415240334931254,0.67709441556578875,-0.7312180412109982,-0.082845208776213444,-0.21571988410691001,-0.3048528056015824,0.92764739988734146,3.7076116627462437,-13.82314816729613,-1.0422287696299806,0.3910075280246779,0.247568219966794,0.6333333333333333,1,5
-0.099690369609031271,-0.89248983821071959,-0.43991330838907355,0.99497674275991876,-0.093465075008653559,-0.035854722429425313,-0.0091165549457616225,-0.44127788120891837,0.89732420004237601,-7.9144804854120041,3.9793414096688422,-3.2829860461276565,0.7565364269407703,0.751251557695662,0.5705229793977813,1,2
0.9334331564890842,0.26451680068321853,-0.2423497565980563,-0.25792396553227387,0.96435342291280046,0.059141387542650796,0.2493547079381683,0.0073032782144713052,0.96838468170267455,9.8421040998332217,-2.4685330551669353,1.574462124106415,,0.09833440887185366,0.2777777777777778,0,5
0.97511318325281893,-0.0041332190166650665,-0.22166911455390967,0.030884965194114725,0.99260982137582821,0.11735357443727275,0.21954589217635667,-0.12127926042323338,0.96803457697526507,-3.9798498630596963,20.871372848282295,-1.0849009160392347,,0.1801111777757519,0.4166666666666667,1,5
0.24761465295808341,-0.90345731586112032,-0.34993122475347799,0.96056453072961601,0.27608159882556094,-0.033086751035968233,0.12650203929044782,-0.32793875831768243,0.93619090192567866,7.97373061889762,-6.463020639219879,0.722135297572015,0.3353353691773321,0.2956338180045105,0.5490196078431373,1,5
-0.96331524817369207,0.043132199864341962,-0.26488364609941423,-0.020483313525127094,-0.99593803882899712,-0.087680423587491174,-0.26758954856849071,-0.079038194237425391,0.96028578941302534,1.2393067308829817,-8.4184852900810565,-1.31023175982771,0.3352787661558687,0.2976880775887964,0.6521739130434783,1,5
0.47655973685892233,0.8699464811513965,-0.126822463062569,-0.87512554629465578,0.48319430258225826,0.026048880485053702,0.083941023507188101,0.098571729640637998,0.99158333925506092,-12.044979673835439,1.3693087744814274,-4.6406005910198438,,0.5112431705902074,0.6666666666666666,0,1
0.80157378039386762,-0.51523640286101191,-0.30333302449936217,0.54211336841687885,0.84028887683946518,0.0052630070851003626,0.25217567362612769,-0.16865957614887231,0.95287007351710507,8.420175447062217,-8.3790632258765232,0.75270296166345918,,0.0818072613438052,0.2926829268292683,0,5
0.89262358427308031,0.37756810578947908,-0.24630359780162409,-0.38774173195672584,0.92173541986649377,0.0077566141284563621,0.22995540023812913,0.088578446893608553,0.96916168550311477,-16.051552769189001,-1.7403190083937983,-5.980589488665232,,0.1169850726838563,0.3684210526315789,0,2
-0.78650108345236547,-0.52500855255597279,-0.32524154942340677,0.58248971190066612,-0.80561052283027712,-0.10815461633701827,-0.20523591610177558,-0.27451357935120607,0.93942562957035325,-7.9165366293039945,1.9617189686676575,-3.4267559855952463,0.292428495500486,0.105881502063913,0.1904761904761905,1,5
0.90197205152342097,0.35235785553728421,-0.24958036764096167,-0.36432722954587765,0.93126906852827929,-0.0018952081406954262,0.23175868501969171,0.092638348666400167,0.9683522335773822,-13.048312636371291,-14.188149344257813,-5.7982427979291176,,0.1306259248843839,0.4545454545454545,0,3
0.11417519870838848,0.98444907619636934,-0.13350670535974815,-0.99315637854669925,0.11643052181436547,0.0091837542454270647,0.024585193753677431,0.13154447904092809,0.99100535734270612,7.0074331329770034,10.63670080379136,1.5790581145200016,,0.1865241216470993,0.3846153846153846,0,5
0.036725827318015235,-0.94315610557985974,-0.33031465924969261,0.99807875200273921,0.051123323487246214,-0.035003008388912453,0.049900084253067328,-0.32839452843044087,0.94322161515122493,-2.0660792903778615,-15.265653339813122,-2.7114976328780838,0.1349763059626853,0.2008806372712909,0.3529411764705883,1,6
-0.88128780750139235,0.41621422015561449,-0.22382476022469583,-0.39277738328247402,-0.90847368002582929,-0.14283381911193324,-0.26278837023574964,-0.037964399647322872,0.96410630992036184,11.88973118839905,-5.4749610148517744,1.9318395009194733,0.3495299962732189,0.201546214604494,0.4054054054054054,1,5
0.95477466613283291,0.098187941279445579,-0.28065007589209673,-0.10013755766782093,0.99494592242532354,0.0074216570619105564,0.27996036586499046,0.021017603015685164,0.95978146153601751,5.9655351467569711,11.374813529120861,1.3551183050955558,,0.0963988496286881,0.3888888888888889,0,5
-0.9621500398562014,-0.034127985490099697,-0.27037489049668867,0.06147227542558905,-0.9937366757375129,-0.093319765581342307,-0.26549662927937406,-0.10640817591023581,0.95822170709118526,-7.5649416376267204,-1.6518571583368804,-3.5125210160034728,0.3177713577567116,0.2778511874994684,0.8099630996309963,1,5
-0.67841335489994681,0.72741112998543322,-0.1030939758992488,-0.6971974187526403,-0.68168029565241328,-0.22187323814262822,-0.23167019484183884,-0.078644913964952032,0.969610178540526,1.3308034618778282,15.226574390570507,0.16776503058016518,,0.4193299047712265,0.4444444444444444,0,4
0.78420794247291914,-0.55080889296687419,-0.28570520889720941,0.56830014178345689,0.82242110921729505,-0.025660630598204785,0.24910409834303102,-0.14224304040058042,0.95797393787425389,-8.2153413456857898,-9.8953592273762734,-4.1717858900419946,0.2427765477457904,0.1828975758724972,0.66,1,5
0.95619842441917446,0.16882756161927712,-0.23912722048310966,-0.13591796827399755,0.97958678448845804,0.14810819543776918,0.25925061048830184,-0.1091191371540895,0.95962603907365385,-16.239403295501738,-8.7751817659305118,-6.4733548824529032,,0.496659219502495,0.4444444444444444,0,1
