axis_00,axis_01,axis_02,axis_10,axis_11,axis_12,axis_20,axis_21,axis_22,location_x,location_y,location_z,dbh,dbh_approximation,score,reconstructed,number_clusters
0.71737922469630899,0.69630173755260771,-0.023042097459696324,-0.68297953236793063,0.70941159937196419,0.17399465808752329,0.1374991139629822,-0.10908287197232713,0.98447697824868563,0.57732339381630093,-4.5017807966342067,-1.6938647518691283,0.2184983987960318,0.1635168436573127,0.3114035087719298,1,5
0.031729727663007655,0.98818598040201322,0.14993896264594778,-0.99883321708504469,0.025885604947822112,0.040769350056436809,0.03640643940253363,-0.15105761680033483,0.98785432507866855,4.6349646123783543,9.8926074981897649,-1.8127489252507891,,0.3691683228626436,0.6296296296296297,0,4
0.62778751799969901,0.77492901871089903,-0.073265600410706358,-0.76749606492686939,0.63194606341981507,0.1076752675871735,0.12974059721439687,-0.011366128978783443,0.99148282312226099,-13.085670641308257,-15.764074433965861,-3.306634583972563,,0.1448876549378985,0.34375,0,4
-0.48982164496522673,0.86320524372939,-0.12227617642715348,-0.870870060298368,-0.49100483510427645,0.022351509571819351,-0.040744253576133815,0.11743491432409359,0.99224439867313752,6.6749798278674337,-18.497666494011142,-0.33034761131231405,0.7020585212992817,0.6744958169725741,0.952054794520548,1,5
0.74380945211413663,-0.64145540785060273,-0.18783625497993056,0.66341180182326953,0.7427564703122892,0.0905406373449677,0.081438812290402604,-0.19195777022159588,0.97801837114866197,-5.274334477842479,-21.371908145689343,-2.0152453538164821,,0.1297884290438236,0.4146341463414634,0,5
-0.60438221304348005,0.79658789321332135,0.013033378020523829,-0.79645858608361009,-0.60372428770329423,-0.034215567960279268,-0.019387140334767634,-0.031059826514492749,0.99932948819022005,-35.569840744728076,0.86123666407660593,-7.2396617934061753,,0.3526420315243204,0.2,0,3
0.15768325953367593,0.98549067280620117,0.062802256924544581,-0.98549214478457781,0.15300251126762276,0.073453823002574456,0.062779154428264941,-0.073473569110137166,0.99531925150249634,-13.265641950570625,-16.835434943006383,-3.2988923599441908,,0.1011373382778738,0.5555555555555556,0,2
0.98750558970433311,-0.084623057138657129,-0.13293475280454467,0.10332111069363532,0.98464333011041527,0.14072050509469392,0.11898511834566276,-0.15269725167657666,0.98108414060298055,12.124153701056505,9.4389151732317202,-0.66354309360896924,0.5739428309287772,0.5177190654325672,0.3823529411764706,1,5
-0.98542410565887839,-0.064088779371831092,-0.15758159900517699,0.069511012684124934,-0.99715560276302118,-0.029136283118192594,-0.15526606551989089,-0.039665252261202391,0.9870760440113151,13.256120572706953,-0.66632466617433628,0.067670148457528889,0.2998004751259854,0.1177333531315048,0.1666666666666667,1,5
0.80423982976495001,0.58856398258354414,-0.082405913774696041,-0.57807946206611982,0.80690514055873452,0.12135991791870618,0.13792183205348774,-0.049965313421285171,0.98918200332280737,34.243828079933778,2.2827130339855741,3.468612356670715,,0.2954881604867184,0.5,0,3
-0.4401102401686246,-0.88409872698352976,-0.15707456014522683,0.89202270762443925,-0.45052231841811913,0.036402330825450573,-0.10294884934314806,-0.12409303587737641,0.98691562601149241,-8.7074010972731291,2.742457275560497,-3.4302008006835067,0.31014086313809,0.2559487437467126,0.9006439742410304,1,5
-0.48305045618656078,0.87015574926710071,-0.097422937727041331,-0.87536729640315347,-0.48245107787785657,0.031193810961927776,-0.01985832736636587,0.10034903822112952,0.99475409894219802,-6.25340450419219,-30.116016140440991,-2.0523734411185441,0.5638387703623949,0.5357893903882591,0.9550561797752809,1,5
0.018623358759239334,0.99216170812446702,0.12356502514896549,-0.99869515740484771,0.012581924543404018,0.049494219368430473,0.047551583408240915,-0.12432554084468671,0.99110141096108051,2.2494872357571745,-23.203508204902072,-0.87349727822133505,,0.1361786553611301,0.325,0,5
-0.76967131954248758,0.6269553772012858,-0.12055295463869654,-0.63246309292107894,-0.77452708893868305,0.0099108320978499292,-0.087157879542980682,0.08387337777008072,0.99265742355306452,12.739552016450387,-8.7556716574860651,0.31084751261274801,,0.07205306119634872,0.4117647058823529,0,5
-0.83827553607732475,-0.52311456412236501,-0.15377021303666305,0.52534396409692063,-0.85039323653258803,0.029069961241148773,-0.14597206925027109,-0.056413615933537581,0.98767892502376275,0.51722974841051172,1.7074485099151444,-1.997628272905897,0.2674032293886588,0.229898514633634,0.9091940976163451,1,5
-0.76953634297276463,-0.59073181323618418,-0.24258965698230567,0.61720880042317072,-0.78550559468690084,-0.045102742663474978,-0.16391190781725792,-0.18443667082840964,0.96907997653931421,-9.4624059797062632,-12.680058879358569,-2.8222143044894983,,0.3205711747566981,0.3698630136986301,0,3
0.85414199230014298,0.51052012863233187,-0.099048751889005832,-0.49879635295404973,0.85813514454127171,0.12168102556631102,0.14711782784313177,-0.054527717395446838,0.98761484029269242,-0.82768495674955223,-4.0652527328826453,-1.9451206002545149,0.2626308387834127,0.2128350293683581,0.7673048600883653,1,5
0.75463345999001041,0.64606970109649386,-0.11455253113132202,-0.64220796708454375,0.76305338919428956,0.072927719368192326,0.13452608697439658,0.018532850946235763,0.99073672858088857,-18.084437674663878,6.8412886373721795,-5.0365214072950755,0.1408450422931468,0.1108411976769491,0.4444444444444444,1,5
-0.7431077869778695,0.65784151189670736,-0.12261876756152214,-0.66379922373363121,-0.74783352298159056,0.010752324193880874,-0.084625099725087818,0.089384378559096409,0.99239559922750642,-5.1610285717422908,5.1821395053070116,-3.0579150314015986,0.4466599591398905,0.3175740915380124,0.9410589410589411,1,4
0.82758526974197744,-0.51115491947984393,-0.23199842585167479,0.55718064574060389,0.7982324007807875,0.22885533062575941,0.068208132346402703,-0.31866233325464793,0.94541100482621887,26.667331585240419,2.721776007719205,2.148416359038436,,0.1792175959022903,0.3888888888888889,0,6
-0.64598573536454917,0.75719507143092091,-0.09673703275502199,-0.76073842366265221,-0.64905847104986769,-0.00038977130669416347,-0.063083123486289583,0.073339791103678914,0.99530989876122622,-16.536125479817269,3.4819963803154521,-4.6392612083118792,0.1752175638996279,0.1238691291555251,0.4306569343065693,1,5
0.89986263538731537,-0.40637034181117704,-0.158462559395153,0.42068529969238,0.90456021631062611,0.069243726725277913,0.11520033010598418,-0.12897271170421915,0.98493396914672982,-12.976010238426255,-9.9157584736382045,-3.4987211334430284,,0.08248575118492749,0.4090909090909091,0,1
-0.90301199989884318,-0.34463623282277256,-0.25650574080207117,0.40258519100076917,-0.88725441906249247,-0.22517717433379639,-0.14998163896145969,-0.30660310318032735,0.93994683099344889,9.016221825349378,-23.700939794376371,0.067406073698511468,,0.5633774299305692,0.2058823529411765,0,1
-0.21918281515768093,-0.9463265981007779,-0.2375391825921894,0.97218836374049244,-0.23241587396563274,0.028855622266340749,-0.082514719578632809,-0.22460817272709102,0.97094927251482066,9.9048669316055733,25.819327550800356,-2.7965187734051105,0.3128989752063578,0.3268057122739114,0.5,1,4
0.045926848660967912,0.99731663319528951,-0.057011031599922768,-0.9985670547885247,0.047404016464688767,0.024833370975142065,0.027469285812449881,0.055788819444673343,0.99806465019152213,-11.836350743941493,-18.088525648151425,-3.0600641081867068,0.5005952305672956,0.45545228748419,0.7894736842105263,1,5
-0.083402063152778289,-0.96927542915468945,-0.23140708351053815,0.99348077505773702,-0.098985526122689932,0.056549228190072416,-0.077717729332106716,-0.22518216637915051,0.97121210170191663,-7.1041028701810607,-29.234039869167223,-2.1643640912697939,0.3567953994146855,0.2998446366863283,0.9387755102040817,1,5
0.98176765650773712,-0.07116944814159358,-0.17625883888908142,0.12944972308260799,0.92933852461007438,0.34579282217739304,0.13919424495697458,-0.3623048665513493,0.92160737076266164,-0.7655895308119669,-16.089887264201877,-1.4728222440890819,0.6741738775326133,0.6128704567697796,0.3061224489795918,1,2
0.66766965902287567,0.74393002829349919,0.028023908069914425,-0.73294002998023799,0.65027814146716056,0.19984306638606072,0.13044592317449125,-0.15396899601299358,0.97942708222404462,-9.4785619788917614,14.662583150296529,-4.3679239176912992,,0.6828523019627861,0.4479166666666667,0,4
0.095216158078711657,-0.93295379064123651,-0.34717590320884562,0.99533732375802064,0.083827786318190267,0.047712830299750486,-0.015410878461358388,-0.35010016676536987,0.93658548892020999,-2.8312020688298092,-20.012511609853558,-1.6711138375726287,,0.4282126954660597,0.3095238095238095,0,4
-0.98937877976702915,0.036039312778231053,-0.14082186648804682,-0.028244154157576626,-0.99797645900221033,-0.056967139943412674,-0.1425899642423249,-0.052384684898185145,0.98839463114966886,-3.9717803268138114,-33.326165860105704,-1.7516184244718571,,0.2500210896093839,0.6923076923076923,0,2
0.87424364860372084,-0.4483238623957756,-0.18628944490385718,0.47326324011032611,0.87255828205068708,0.12109479751429822,0.10825871067184126,-0.19403030389938239,0.97500373985558775,-18.143855678552097,3.1797026679828342,-4.8560052493907309,0.764261264523778,0.580018066904908,0.8853383458646616,1,5
0.83005122449565893,-0.50548497059762276,-0.23558418710341816,0.54827403936474084,0.8169417058385926,0.17889054480380323,0.1020320659005214,-0.27765300963874229,0.95524774994062167,-2.7353181339231658,-5.3016975339650312,-2.1233045698626443,0.2043762280161974,0.2020860175171397,0.6194690265486725,1,5
-0.026036594519020267,0.99774116077325958,0.06192472724751738,-0.99894364374835731,-0.02831426054223175,0.036192530509757133,0.037864130263419525,-0.06091698243325834,0.99742439758140011,10.570312968427777,0.083281533055168763,-0.39754334736905811,,0.1061697131648809,0.25,0,5
0.98237199939208419,-0.097022224392757289,-0.15978717966182523,0.12057664917152902,0.98205654149375143,0.14500421022817767,0.14285141401107998,-0.16171467862631694,0.97644346289573858,-17.312378752589446,8.4214100815914588,-5.0201906740467992,0.1490438871159298,0.1037583627110705,0.46,1,2
-0.84486251580164684,0.52516321608680094,-0.10203394465901794,-0.52264708135550142,-0.85095126228971163,-0.052172574769906922,-0.11422503116168337,0.0092490905992713198,0.9934118464057079,-10.613927998794191,-13.040045228698087,-3.0108657180976932,0.3193682773206058,0.4999114094689473,0.7641509433962265,1,4
0.5983004091953863,0.80019166227972782,0.041592354761906106,-0.79336833993180678,0.58432760024404617,0.17066907390292932,0.11226440909960304,-0.13510943420442831,0.98445017306031113,9.3989240883034739,-28.507710367288464,0.11037753989248801,,0.4629559255806577,0.5416666666666666,0,2
0.58115934955661774,0.81142992048436302,0.061929755091314431,-0.80836908754385028,0.56684519259229493,0.15882677966428516,0.093772217241848491,-0.14236576757684807,0.98536224785395687,25.424196926701985,-17.819019183599345,2.5744812655336919,,0.4279606643243138,0.1818181818181818,0,4
0.79841392330702166,-0.56430738279480852,-0.20998186777139177,0.59241827161729432,0.79856162345007664,0.10648908397932083,0.1075908849460149,-0.20941946250539961,0.97188872315737951,16.680389706578151,-9.7079241629265862,0.95941549890611788,0.6593247304492591,0.3409980540502869,0.8604651162790697,1,5
-0.55810636631017396,0.8246108818524972,-0.092380611680703828,-0.8286050524015246,-0.55975434801564927,0.0094200324968606482,-0.043942587756303837,0.081804421689921136,0.99567920816559019,25.103809645125331,-16.741954032319335,2.4998537884426071,0.5902439653032787,0.4946214349410035,0.9491525423728814,1,5
-0.98711722325020057,0.0063000602253013502,-0.15987462839353553,0.0035246470038485973,-0.99812575097765455,-0.061094697796054594,-0.15995988380313284,-0.06087113007371027,0.98524491427118632,-16.64576267996382,11.246407801627697,-5.1321664437489334,0.233965163744197,0.1813212867841359,0.4678899082568808,1,5
-0.98065350357459291,0.15146416736247037,-0.12400528993582566,-0.14795724291132292,-0.98829872144976827,-0.037071437129306092,-0.12816926385430488,-0.018006753898075396,0.99158882437081663,-1.6186697601131186,-17.27104598535109,-1.5347806155907555,0.2660270610966775,0.235082194134083,0.5873015873015873,1,4
0.88533167147910308,-0.43332637920176525,-0.16857069900758809,0.45157241053797786,0.88771354889166199,0.08970514564444966,0.11077088749729776,-0.15554068343060529,0.9815991576407358,23.626783455822157,2.0741436065256309,1.6089593044919392,,0.09889476106239541,0.3157894736842105,0,5
-0.38812286820457664,0.91120334790543966,0.13809090463376689,-0.92141967909795619,-0.38063696315153728,-0.078110673110628304,-0.018612204266906379,-0.157556215519079,0.98733460630306735,-9.438886738912549,-6.0960392233240626,-3.0948923822312779,,0.3252090235884801,0.4078947368421053,0,2
-0.87595182812303729,0.4656948429432643,-0.12584398302643382,-0.47039725489822165,-0.88241058661809513,0.0088305837024767117,-0.10693370559429087,0.066931830098670847,0.99201074224401187,-6.7908614299548518,-5.8910117016773205,-2.6989091770113132,,0.1112609064254896,0.3869047619047619,0,4
0.8024320041866071,0.58253856323339104,-0.12942836243668526,-0.58013950086673172,0.81234250688075016,0.059479501080604666,0.13978926350462162,0.027358250321888031,0.98980325719213502,10.421674855713945,-5.8877416435034764,-0.16201012864114728,0.2983179768207249,0.2252632735913695,0.7789473684210526,1,5
0.95804906263338341,0.25424823241814043,-0.13228692263238123,-0.24020245738969734,0.96408532179864426,0.11332374753931272,0.15634824287866153,-0.076794066207321973,0.98471208906161944,-1.9184962455994157,-19.817887176030727,-1.5280840528535971,0.2423335432036806,0.1451596694703025,0.3888888888888889,1,4
0.3706649636971513,0.92745942995539954,0.049259420156931452,-0.92407915224298476,0.36295325200114903,0.11976083354619221,0.093194447674085579,-0.089910748237337967,0.99157997774971518,-7.6724062075996073,-16.841429603674353,-2.4905219299196957,,0.3097993062202782,0.2444444444444444,0,1
0.98966471663682898,0.059359247364959754,-0.13053822580536392,-0.043819929397543214,0.99194515875234068,0.11884702695225018,0.13654143119119919,-0.11189853341335652,0.98429424248453257,17.968863068244254,5.8899394502544435,0.46138889544920753,0.2432810640230981,0.305663542615943,0.4074074074074074,1,5
0.1918860926956677,0.97993804537611051,-0.053862367701736309,-0.97938861613046158,0.19472775104645254,0.05365670103956164,0.063068740466634507,0.042456215055492595,0.99710571344221699,14.047609950578321,8.567047449905612,-0.31139169481388856,0.1309052804228618,0.1378022415589013,0.2777777777777778,1,5
-0.036689157099339786,-0.96937391634569525,-0.24283351510849749,0.99821987399899981,-0.046983757439910109,0.036737034314820873,-0.047021153800822488,-0.24105339003099829,0.96937210309034683,-35.496364815012825,4.563081039338921,-7.4108642011277155,,0.5414204841563452,0.8571428571428571,0,1
0.974670173010459,0.18597569585608009,-0.1242219561696246,-0.15105660672865703,0.95702370861457353,0.24756316913715282,0.16492408983342965,-0.22252788971374676,0.96087532120049812,17.087471478972365,-11.419613902289537,1.0428649494372588,0.3737933376418743,0.3206493415407209,0.48,1,5
0.85905893842289316,0.51137154511193683,-0.022735064670289691,-0.49026897673102138,0.83475212079826833,0.25064961056803975,0.14715322208789386,-0.20417649147887526,0.96781087489060935,-22.819574322528673,25.552106685976256,-6.8966292382957395,,0.1481134190807202,0.125,0,1
0.67596490989727409,-0.69879600620766669,-0.23399910746792535,0.7339876090640961,0.66678479858931317,0.12907448280191361,0.065830314657782232,-0.25900226655074754,0.96363073611920103,18.34375516422697,-19.782436623575926,1.4442408710072561,,0.5672567722659748,0.4516129032258064,0,4
0.54652152157053668,0.83158464446464242,-0.09889997750677558,-0.82781575907351723,0.55431437649759019,0.086351844436727956,0.12663054722207645,0.034677818540142416,0.99134361016326455,-1.4211253426550139,-10.865659050053781,-1.7211665273159766,0.3915295996139583,0.3472924546503211,0.8576271186440678,1,5
0.71127535024148436,0.7016622859406092,-0.041921505548494442,-0.69008419905649798,0.70839298211172541,0.1481998013069126,0.13368311169106362,-0.076481497000617321,0.98806852306160375,-9.4026823979353544,-17.642180072387145,-2.6940550475558429,,0.2735578581851489,0.1818181818181818,0,1
0.24279793434325153,-0.92829583778190661,-0.28163096533484699,0.97001784206937303,0.23552957933788168,0.059926649530874489,0.010702763462112252,-0.28773712797223111,0.95764962070715864,-19.800052052999295,8.4184803117255704,-5.397354030810714,0.150427135555534,0.1445367316924889,0.3947368421052632,1,5
0.85045775296146586,0.50627006991062795,-0.14287136431217706,-0.50512980983125499,0.86176964664429501,0.046871647532463527,0.14685191741197973,0.032306229047281219,0.98863078139271476,-1.4463670063670311,-5.5601543477519124,-1.9460869085676114,0.2718977551825,0.2244298631809382,0.8973941368078175,1,5
-0.28121971623375047,-0.93373994332333798,-0.22146148523826559,0.9553723168305075,-0.29415970378724887,0.027088833524281968,-0.090438970777630745,-0.20396025816400509,0.97479280139645808,-4.8969786806794495,-23.422717378740842,-1.888695955790169,0.2333671513449442,0.1499098893069978,0.9090909090909091,1,5
0.98904096460949931,0.0016384041619883041,-0.14763226597229126,0.010102703215121347,0.9968436429854034,0.078744439977286418,0.14729530105220107,-0.079372961840864023,0.98590264591213561,-4.463814049506249,-17.812697954767607,-1.9399729700424311,0.2461600512739718,0.2873561434350977,0.8923076923076924,1,5
-0.38997680423960679,0.9207365958703978,-0.012736293811654073,-0.92056978476636042,-0.39015697929640708,-0.018132922586313552,-0.021664799336290282,0.0046532280511808024,0.99975446182471372,2.0120448423821733,-9.8167464456320381,-1.2640990213329764,,0.1084524089368,0.1904761904761905,0,5
0.75955200835184,0.65043380720389365,-0.0040754208293016739,-0.63511708634841291,0.74298886377880546,0.21117252408631015,0.14038174110969789,-0.15780814537573432,0.97744030816008465,-18.92869945015163,14.851044167195234,-5.684509012402911,0.2029922661371592,0.4133828981079088,0.6323529411764706,1,5
0.46178341512251764,-0.78324759596341631,-0.41626828000138749,0.88644500593076259,0.42400999303143683,0.18555532131925251,0.031166151161072787,-0.45468530790757888,0.89010670247717771,-36.501098779827608,2.5146754245346039,-7.441101934457083,,0.3698529954630959,0.3571428571428572,0,1
-0.91203614041810388,-0.32563420465400911,-0.24930391759978518,0.35707678003633925,-0.92951362063127929,-0.092198710510563373,-0.20170833331850591,-0.17310919623255633,0.96402642829415675,-10.284776175756052,-16.45889245259152,-2.8791072558164714,,0.6041111428750371,0.6444444444444445,0,3
0.67967088972585232,0.72894272551875616,-0.081792325878147831,-0.72170347429229587,0.68448593936930258,0.10306839476849208,0.13111665360929178,-0.011022781818209352,0.99130566498295036,-11.232163391305903,-7.8676064229802094,-3.3237535526557518,,0.1436553485708079,0.4117647058823529,0,2
0.14529338162177022,-0.96015124788665229,-0.23874550139974329,0.9890934956270282,0.13506435265492064,0.058750979142589872,-0.024163819342489519,-0.24467775097791658,0.96930331063665076,-8.4333166522647307,5.4244541761481733,-3.5442051748176033,,0.1363900456954466,0.2807017543859649,0,3
0.47389040933997373,0.88030908149247133,0.021995476295706067,-0.87439412453325871,0.46745617581688148,0.13007551142461027,0.10422473275240045,-0.080874252593390802,0.99126008713664626,-5.2167223987411884,-29.279365820638713,-1.9276293825244541,0.6660772892183048,0.2214353138794586,0.4705882352941176,1,3
-0.90242169504546987,-0.40292329603539295,-0.15260374118361664,0.4037249353713479,-0.91447910772772822,0.027094982725566319,-0.15047013281931415,-0.037158835308348272,0.98791596813082461,0.55740535065669738,13.597979858482308,-2.6669418186172962,0.3353441502765596,0.3111211238776043,0.93717277486911,1,5
-0.56532024082536025,0.81972455614520268,-0.092003681261711961,-0.82337662012205581,-0.56748664550078609,0.0031382502520588369,-0.049638359657990974,0.077527796504319443,0.99575372156956965,34.483799548492783,-10.376814529407023,3.9726127805429186,0.4401011103218736,0.41346965634717,0.9032258064516129,1,5
0.98638861752351759,0.013932194227263153,-0.16383952265574028,0.029150932035899066,0.96580391281786626,0.25762962785196275,0.16182619806905621,-0.25889900723972697,0.9522518499161875,21.803010050830668,-20.148905093073928,1.9868354210395409,,0.4061870015628946,0.3076923076923077,0,3
0.84295197255346388,-0.46974858264645436,-0.26223699409097967,0.52811206901333552,0.81548903982357412,0.23680217163294673,0.10261391002529413,-0.33810337920416123,0.93549799061251238,-12.73147350868523,14.716591104214098,-4.87296876011313,,0.2853299675657296,0.2777777777777778,0,3
0.79469298753120787,-0.56855725454301886,-0.21261633021766574,0.60017783976059114,0.78837977007595683,0.13506997740168017,0.090827398008710217,-0.23494677363497715,0.96775533960267068,-8.716688619304005,9.4244518080946644,-3.815681706818872,,0.2824262498474556,0.6401673640167364,1,5
0.91006299640848853,-0.3858802834536661,-0.15126714583716513,0.39734961526839208,0.91610056197910528,0.05360077972966644,0.11789243323498107,-0.10888602841175692,0.98703860461617687,10.235375562225368,-10.865092560981042,0.026371611624479051,0.1911582660109819,0.2271314768566039,0.9104477611940298,1,5
-0.18395508096176996,0.98293460554301593,0.00029902231362533845,-0.98286453818393837,-0.18394558439212583,0.011887874625514619,0.011740007190001117,0.0018929365110118659,0.99992929201146163,-34.400527828599188,0.27818096272009407,-7.0213851341181348,,0.1054137778804479,0.375,0,2
0.84472545839304691,-0.50856405973027141,-0.16673780942941788,0.52474386953474261,0.84828449106303883,0.071114651146056224,0.1052747421196594,-0.14756699960555325,0.98343337817009868,-18.151130431875703,4.2911663738688137,-4.9288558406811189,0.1540159637981127,0.1444281222751403,0.4285714285714285,1,5
0.98826399974414258,0.076389393977019965,-0.132283511056869,-0.039943629683578875,0.96508022109270497,0.2588912383673036,0.14744074490252104,-0.25056900714868646,0.95680530903580907,-13.714877870317551,11.972802651334895,-4.7613816511044504,1.272566785542765,0.7297905091518565,0.7707182320441989,1,1
0.15951147027157453,0.98715268435268311,0.0092557348217626977,-0.98695661190293527,0.15925927124156286,0.023518731783049779,0.021742517629689286,-0.012886516165996039,0.99968054928973371,-14.678076601735803,6.9751407716086407,-4.5606691053508577,0.5295023677473661,0.2694542963536438,0.1975308641975309,1,5
-0.27439959463251046,0.96086430348263341,-0.038008587955205266,-0.96158071540278034,-0.27451259932964178,0.0023152915068171448,-0.0082091553153756207,0.037183640248342503,0.99927473032539471,-0.17109118803439621,-7.6292011153814911,-1.6753828169169662,,0.1643352998559263,0.3665158371040724,0,4
0.85566438133263756,-0.47046418704216741,-0.21564302731455651,0.5141874011425831,0.82010907778842801,0.25106257593526277,0.05873485357834992,-0.3257062315028158,0.94364488433698546,-1.5341582783550713,3.8740532243997037,-2.4250411443711557,,0.2685828447048008,0.1895161290322581,0,3
0.0056263426572472491,0.99562613553128365,0.093257399252526504,-0.99858819149838962,0.00066797670668435744,0.053114758844356659,0.052820148317456225,-0.093424579496839105,0.99422426035455402,7.9857445931452427,-18.047942144925994,-0.12231494108445953,,0.2835283293233959,0.1764705882352941,0,4
-0.13982565444887779,0.99011109297331923,-0.011349446203332829,-0.99015320779279037,-0.13989123792533203,-0.0052025618079266965,-0.0067388022370587644,0.010510238955297652,0.99992205867333062,-3.9238080279555798,48.34766906412834,-6.9492139136229936,,0.6017890284417278,0.9285714285714286,1,4
-0.1972628510344514,-0.88664271819030505,-0.41827270755078766,0.97785847992229247,-0.20835653975050067,-0.019502450801396301,-0.069858148027432523,-0.41285862304583748,0.90811210570659784,0.07187561263297032,-15.459937097646716,-1.3415140389054359,,0.2086486913400647,0.125,0,1
0.41328667842775346,-0.83713916384009313,-0.35831849212574124,0.91030408628031412,0.38986858845097067,0.1391005184771443,0.023250633013263008,-0.38366717882086004,0.92317869557314025,-9.0234372357536223,11.792560344384617,-4.0696758330269756,,0.5906584518581444,0.1639344262295082,0,4
0.043746266251990462,-0.9318679678636862,-0.36015046113897597,0.99563730655025062,0.010926162435195482,0.092665920271720562,-0.082417340374311435,-0.36263302310193263,0.9282804923952569,16.069763793727443,1.4381781760139438,0.39594564460408671,,0.6549890329293673,0.5789473684210527,0,4
-0.95636201836262746,0.25389247678998528,-0.14460394207215499,-0.2349557083812599,-0.96245361661828932,-0.13593693742847868,-0.17368795275556898,-0.096029402204848291,0.98010757010634153,14.655761371028051,12.919458554062095,-0.49237838509716136,,0.2156437701976625,0.2558139534883721,0,4
-0.43499299225282856,0.89273543424539903,0.11749272800310048,-0.90003944131494962,-0.4272234478632384,-0.086076301461673485,-0.026647716007282697,-0.14319067720534964,0.9893363074268875,-28.02426124971403,25.851055724970102,-7.5975374411175851,,0.5971538909580048,0.1578947368421053,0,1
0.081614692020745394,0.98390200055619348,0.15898394682445385,-0.9952983312051813,0.072111637533759626,0.064661763294721938,0.052156245518076384,-0.16351380685960898,0.98516138831144695,-35.18233857958775,10.47513887419117,-7.644458636589575,,0.3598311347401689,0.5,0,2
-0.98387167529793296,-0.055359116750672066,-0.17009378218802221,0.098612552330344813,-0.96121609790739371,-0.2575639292420045,-0.14923836996341078,-0.27018323655673154,0.95117239636902573,18.955537860415539,-14.161485905640429,1.4868902271384665,,0.2726654966828083,0.2121212121212121,0,1
-0.92518182466165078,0.36474108044891312,-0.10489297187465801,-0.35955587969810221,-0.93083051527881633,-0.06537676345840597,-0.12148317039928638,-0.022770508530380259,0.99233227461924511,-11.036610032724578,10.454630545839578,-4.244486370746972,,0.7848865564921663,0.55,0,1
0.045252243569576932,0.99365139219215037,0.10300070507778916,-0.99772405330603908,0.039795156657119538,0.054433987188190397,0.049989477957750619,-0.10522954101029493,0.99319071471307785,15.428591136936882,-19.128352209704982,1.0019831599893243,,0.3958666392945651,0.2307692307692308,0,3
-0.63467126219543801,-0.68046272800534879,-0.36628249308254951,0.7626014957019196,-0.62817181091969521,-0.15439927046156887,-0.12502538820753123,-0.37732035694007915,0.91760449025828461,-5.6986176922406848,3.5350723990315842,-3.0204913298994516,,0.2797078632717228,0.2357320099255583,0,3
-0.93138225937885544,0.35866486789138941,-0.062342597433787651,-0.342596436670148,-0.92147509269962602,-0.18306101473315808,-0.12310470541476676,-0.14914142977277756,0.98112285949827682,-8.2268395565947632,11.176596894658289,-3.8867293801317242,,0.436962156038728,0.1066666666666667,0,1
0.66124202666069842,0.74711111118804907,-0.067705019880439407,-0.74285953465286914,0.6646949930252215,0.07962586277412112,0.10449255453368186,-0.0023566473133199931,0.99452287669035822,15.724757413828224,-22.25959999076462,1.0705806172012555,,0.1542117740458301,0.4,0,2
0.11311885374907785,-0.91863928637551839,-0.37855777162009763,0.9933603436897489,0.096525741690949809,0.062593999517495807,-0.02096073736963874,-0.38312483959995508,0.92345871849825001,7.8593360086176656,7.420314908263518,-1.2096519239265415,,0.5458581508036047,0.5277777777777778,0,2
0.17115354407582722,-0.885363858791127,-0.43224680669354976,0.98512155652821842,0.1468565841800045,0.08926736551731955,-0.015555809644802573,-0.44109407299290276,0.89732604751942169,18.448789828484081,-21.09587384284378,1.4940867342460042,,0.2870418332184276,0.2142857142857143,0,2
0.51842823495293922,-0.83206331700541591,-0.19723793169044643,0.85414399607245461,0.51489619333610204,0.0729379466489848,0.040868070384578681,-0.20628268609346856,0.97763861126752982,-16.296200010738215,8.2546534762025825,-4.8651953802473908,,0.06406217920968384,0.2727272727272727,0,1
-0.91422241789527459,0.40257332693983894,-0.046174528198000608,-0.38743596315629036,-0.90180285809978444,-0.19142878460727328,-0.11870444419176586,-0.15711881351273529,0.98041977406082248,20.552760268681144,3.9974729591878138,1.0033503314614112,,0.7468900377280666,0.8148148148148148,0,1
0.03118303676264399,0.99207651700653776,0.12170374941815656,-0.99844453246583631,0.025287483948448996,0.0496896241144478,0.046218327612947675,-0.12306391656263334,0.99132191473452647,34.629414057126461,-7.820702972503577,3.938340375698548,,0.6818051240658458,0.2941176470588235,0,1
0.77348393528214399,-0.61154953630149989,-0.16652257057188652,0.62768694981469364,0.77554304246154027,0.067394972526326494,0.087930056822310115,-0.15665297296546449,0.98373174756551729,36.497759968892986,-9.9793298732639997,4.2973130509151938,,0.07682556106138089,0.3333333333333333,0,1
0.15703699327929427,-0.96369556762997255,-0.21594035211637549,0.98753347026882043,0.15083282202283482,0.045023381697167457,-0.010817940682955107,-0.22031866178554441,0.97536796104260415,21.109585345089044,12.240624959419627,0.58792007208316366,,0.1476897172931396,0.2307692307692308,0,2
0.74295481935097407,-0.6516229173908501,-0.15298924777316411,0.66431205266644322,0.74581988455155834,0.049418584455612209,0.081900140935518895,-0.13834837671088596,0.98699143541177925,0.52399483762648769,-27.440882094014558,-1.1159482225639505,,0.08759353413959364,0.3529411764705883,0,1
0.040398055802864631,0.99622576839560384,0.076825877619058486,-0.99805106524029774,0.036572903905407343,0.050561782728003143,0.047561205410046055,-0.078718746715860127,0.99576166357990914,25.728173871630222,12.722864357889202,1.3258151635342768,,0.7578597930079101,0.5208333333333334,0,1
0.98233590135902271,-0.061799323511781488,-0.17662678311808361,0.12448550176575017,0.92055075800178909,0.37025621101132244,0.13971233571623434,-0.38570344249930882,0.91198317840456689,16.862208492964594,4.7720651551196083,0.32196536664796688,,0.6937533980639465,0.4189189189189189,0,1
-0.89852665942628462,0.43584027091070437,-0.051895091798031673,-0.43655227080186487,-0.8996748907440677,0.0026843662912818937,-0.045518756111931659,0.025066894844283996,0.99864893412294209,18.05748777136089,-7.0720096087281235,1.103117747504869,,0.325093853197457,0.3490566037735849,0,2
-0.61730259847018065,-0.76138833776305659,-0.19805378320136285,0.77686328854225128,-0.62966892201791846,-0.00069250278750459865,-0.12418104862369829,-0.15428819709621935,0.98019090966990507,19.399660883387117,11.985304284276678,0.28786201288969421,0.1946897830828651,0.1555790270962163,0.2777777777777778,1,2
-0.8017920914407054,0.59282184159246532,-0.075443397551134231,-0.59169600164855474,-0.80522148533712967,-0.038912738076118863,-0.08381696568269395,0.013439631036052734,0.99639053216164231,35.907760276925345,10.541133766158389,3.2178704664442659,,0.2655423254870791,0.3157894736842105,0,2
0.96051196040809628,-0.21190272825189491,-0.1803164098810687,0.24527492427095782,0.95082075135670963,0.18915631185169549,0.13136584577762175,-0.22591399369862752,0.96524912950712594,-12.988651760524455,11.546714998077695,-4.6129999541920563,,0.908178555018013,0.9875518672199171,1,2
0.96358009297001801,-0.21098656069911856,-0.16431091149479018,0.23231471956078897,0.96476040708471289,0.12356062478447884,0.13245103060106259,-0.15723240164195137,0.978639206432391,7.9006406493326606,9.9478792235354803,-1.342429074299593,,0.1409722872868774,0.28,0,1
0.71478338379536455,-0.63115666700508666,-0.30120752969519121,0.69515374169082678,0.68831003018702397,0.20734169324374091,0.076459071818145305,-0.35758993839168451,0.93074349113906729,31.593113631815431,3.494067000606834,2.9479363248222699,,0.4016713127439793,0.1666666666666667,0,1
-0.10880784547786129,0.98974982867517747,-0.092499348105392606,-0.9937389425182459,-0.10592539816854492,0.035534830034110822,0.025372561659868138,0.095786672665313585,0.99507846246138987,27.880249324503588,-2.5307496581566613,2.5995350854430477,,0.1137150751047972,0.3809523809523809,0,1
0.28928940254215907,0.95505731451814924,0.064631010839866401,-0.9536863953319803,0.28174350059003972,0.10537010597871155,0.082425123205824208,-0.092120170758919637,0.9923305765740833,25.941536759262959,-11.77226132480887,2.5691673722282862,,0.1632743256192445,0.625,0,1
0.1553885459101543,0.98747763237903108,-0.027245648295295632,-0.98577732258871464,0.1567901744445315,0.060497202145866701,0.064011483889629794,0.017457569955651456,0.99779645378277948,4.5443758772127332,-9.1471998157887118,-0.90249153945056415,,0.1085067009385406,0.25,0,1
0.98771099001647356,-0.019404328361060767,-0.15508214675305096,0.062907979413835413,0.9576940630034052,0.28082853810483549,0.14307196205667677,-0.28713333789180018,0.94714563819106856,18.686107029785582,-1.0977201933060223,0.96312322853412546,,0.2608446985161599,0.2894736842105263,0,1
-0.6007514308153562,0.79835474923273453,0.041562155271842857,-0.79751594738323972,-0.59489721569565479,-0.10032754570391718,-0.055371762142056732,-0.093418398268734257,0.99408599769948869,24.659385532438648,11.784699869910316,1.2039520887935768,,0.6830791014379982,0.3,0,1
0.7941548309241413,0.60740485919863241,0.019427854789909344,-0.59094641873527198,0.7643884424081776,0.25786166697816121,0.14177600186140366,-0.21626290975266474,0.96598650050686796,27.4453399681056,16.141521261054571,1.3160438889771573,,0.5863831300008752,0.2195121951219512,0,1
0.58010305936386697,0.81065068785511629,0.079535544234685243,-0.80578041112722198,0.55683607911670918,0.20162219629191167,0.11915691150884189,-0.18104983643725203,0.97622875760024441,-2.9122335023306731,-22.222353965396188,-1.630769377703992,,0.6761967329128051,0.32,0,1
-0.95844283076946946,-0.23643650541065048,-0.1596405933834073,0.24176207917183509,-0.97022690652316501,-0.014520569307055503,-0.15145440641037233,-0.052512177327636626,0.98706840391696904,-11.887221373503753,32.746276361168562,-6.4648609715655505,,0.1110536354362528,0.625,0,1
-0.11307212150567071,0.99283350919546731,0.038682274452528011,-0.99327911493075527,-0.11392019237748356,0.020464349758847613,0.024724384331710696,-0.036108347889248514,0.99904198712172554,14.57587135663772,-25.258767388608046,0.90078723737880728,,0.1308509057085046,0.3333333333333333,0,1
0.83142369087106738,0.55428360647165442,-0.038785691370774616,-0.53638595575449322,0.81887285591486503,0.20429721563245121,0.14499914733429098,-0.14905344492030301,0.9781402342352139,16.512784479038327,-0.35866951667707742,0.53961981500728329,,0.626649080357411,0.4863387978142076,0,1
