axis_00,axis_01,axis_02,axis_10,axis_11,axis_12,axis_20,axis_21,axis_22,location_x,location_y,location_z,dbh,dbh_approximation,score,reconstructed,number_clusters
-0.36125530478507989,-0.9000325625994855,-0.24379497744055803,0.92542600310565182,-0.37812556639396139,0.024652967674176129,-0.11437358760018509,-0.21670819619905698,0.96951340380606077,8.182120626992555,-10.403849253877276,0.99467524749344993,,0.1098136977376483,0.3548387096774194,0,5
-0.17934934207890449,0.97382618309412849,-0.13962943320154297,-0.98378538174812391,-0.17758693625943181,0.025083913743400198,-0.00036899127610518753,0.14186417867209691,0.98988606347151353,-19.383659739841018,10.165209127190035,-4.1123052710412207,0.399798224508202,0.3088129847760305,0.7547169811320755,1,5
-0.075316741020021394,-0.96190661792259458,-0.26279849108934866,0.99549312489381991,-0.087763193110106594,0.035931326502861481,-0.057626615476359146,-0.25890786069919458,0.96418146261837367,-19.65013162015341,4.1628696277024222,-3.9058623427133061,,0.06360863641109012,0.3333333333333333,0,1
-0.85035342533667546,0.50074075117310934,-0.16173358381231162,-0.502490485508991,-0.86395596933257024,-0.03291496661943135,-0.15621256028604796,0.053280232443281735,0.98628538103313124,-13.995289557712777,-15.055631063722345,-2.2638760212395153,0.393902863597422,0.3999735736268676,0.8059701492537313,1,5
-0.69555038881503606,0.71688603849606691,-0.047791886640578769,-0.71353662988184352,-0.69702490469711109,-0.070864377855469812,-0.08411381834224077,-0.015188483841294152,0.99634039139366926,-2.4145644999602287,11.409434563077696,-1.5762986763101248,0.558884197241289,0.3909848107680053,0.2461538461538462,1,4
-0.98388978231794511,0.025100854361110474,-0.17700520715698978,-0.0076441643206003251,-0.99509553716213017,-0.098622708702669329,-0.17861260594422271,-0.095680818507965462,0.97925620649933065,9.127855927261967,3.0638936234117207,0.6968813632571712,,0.1968453128412077,0.2962962962962963,0,2
0.57007045202450901,0.8107521164655288,-0.13304392272943555,-0.81175217249372311,0.58079823527103602,0.061088627073867224,0.12679940922690358,0.07317387206315018,0.98922570441077462,-10.351843130233345,-12.417388107504239,-1.8152393069216195,0.2471234917235846,0.1338099593422516,0.5909090909090909,1,5
-0.73570895136338565,-0.6323482709162952,-0.24262729267944846,0.65208785826972471,-0.75814213430361421,-0.001388989115830118,-0.183067648646588,-0.15923620336698577,0.97011858427528197,8.1395287942070986,0.22953807965062129,0.48502748470114293,0.4165126348711541,0.2238230139648365,0.8222222222222222,1,5
-0.47285946985502514,-0.84824353028565469,-0.23850961216889255,0.87084407749722559,-0.49114336400311615,0.020218523282133031,-0.13429264483370762,-0.19814416298299922,0.97092964534992743,-12.127658583460033,4.2362446799331899,-2.8217465987895411,0.3933333248516168,0.3756575227688044,0.9322429906542056,1,5
-0.64501761423367987,-0.68512695048680528,-0.33845729279325987,0.74528003733092685,-0.66187173363729745,-0.080520023397729651,-0.16884887705964852,-0.30418229719792872,0.93753036579466953,-10.881699925363522,9.2042264900861142,-2.8576963269475244,,0.1591100232779971,0.2115384615384615,0,4
0.96947288592057834,0.20086935826961766,-0.14061943099435226,-0.17285124951465258,0.96662532165720072,0.18909768129814539,0.17391023260879954,-0.15901883045558965,0.97183755975702446,10.285409054719496,10.002152360836302,0.91363731799840886,0.5674844330789192,0.4342181345603439,0.4594594594594595,1,5
-0.74097615820880514,0.65140465242956014,-0.16317570823882802,-0.66044016160809527,-0.75087717292856149,0.0015046959440143601,-0.1215447485545641,0.10888273493963507,0.98659587680613836,1.0371388940179602,-13.26065083662753,-0.06402839040156165,0.5262876255428572,0.4867579584051496,0.9966777408637874,1,5
0.97476972507836901,0.08412305057535667,-0.20675419084637034,-0.07376237107353735,0.99562646394409349,0.05733286062800988,0.21067295907223385,-0.040635657446102695,0.97671165021190998,-16.663037106752199,1.4600315611468695,-3.3531277014122178,0.3931792291662384,0.3455225154078589,0.9390243902439024,1,4
-0.95055963311447933,0.25255854134063327,-0.18069467919437102,-0.25235388576805168,-0.96732456813181567,-0.024509104968569419,-0.18098038631583832,0.022301638605423453,0.98323381587722158,10.97417251004404,8.9610219991190867,1.0544901084080087,,0.09463159450810957,0.3125,0,5
0.97429362595488378,-0.094530045600555862,-0.20448961074451466,0.11903374980391919,0.9866626698125428,0.11103036704435648,0.19126655962636085,-0.132517344061611,0.97255141596295769,2.2564237774362668,-14.167260859963596,0.1843698673960647,,0.1146737098022489,0.375,0,1
-0.65518721313916861,0.75475553175502452,-0.032768933826421327,-0.7488964128467408,-0.65458605198717268,-0.10330180719199128,-0.099417697439712321,-0.043141486170941427,0.99411012146881883,-7.7047774412298811,-1.0937093171198615,-2.0526863266987991,0.149921515891153,0.09546309119550561,0.2265193370165746,1,5
-0.55033342964854515,-0.79924779309157701,-0.24152863484380727,0.82218767958779471,-0.56912987148213778,0.0099302024532723198,-0.14539785330364272,-0.19311694546302391,0.97034288250583034,-19.790186401020492,-1.4007336202638461,-3.7090984267168401,,0.1288878751832491,0.375,0,2
0.34244888704517162,-0.89250801579521355,-0.29352717336358386,0.93951878604115413,0.32721778512137067,0.10115815229639946,0.0057628497533990051,-0.31041579025809352,0.9505834138681174,1.8387231955252035,-22.709235028007026,0.52100466858775973,,0.2677002410277203,0.1818181818181818,0,5
0.53870452381126865,-0.77447308895071687,-0.33164570028331369,0.84024130267439823,0.52265804432431295,0.1443021898070673,0.061579130436411916,-0.3563986576773539,0.93230253003007335,-12.119070551511433,17.83055707365212,-3.2423981664159056,,0.2270747713784312,0.3125,0,4
0.78086823217785351,-0.52081763214393217,-0.34495477678011849,0.59299794215550272,0.79165081983639818,0.14711362972783193,0.1964643595535138,-0.31943383274216058,0.92701876028745023,-19.746787364786773,1.620302213480413,-3.8276742042850636,,0.2185372096372059,0.4375,0,2
0.56889251938459551,0.8179728517286583,-0.085332966801434124,-0.80877750921276415,0.57525654796774739,0.12230635556596532,0.14913162635687124,-0.00056378641127075621,0.98881719249062305,-16.005299071108084,9.1655570690659207,-3.6163002095214298,,0.1872889220186519,0.125,0,1
0.79295492548041824,0.5865621751567508,-0.16482506129750035,-0.58065552305781254,0.80946806757118894,0.087181483842744559,0.18455798465198378,0.026575595156940249,0.98246225782126229,-1.1510950365602417,24.328667474062165,-1.3728685157508631,,0.1103170396476295,0.3125,0,1
0.96485416854925066,0.21134003902674547,-0.15617881206266818,-0.17048597218021053,0.95568829184928616,0.23998837911857457,0.1999774155321071,-0.20492749138748048,0.9581303442385759,-14.5303862184983,1.2894813023789253,-3.034177589680116,,0.2203789520165017,0.2592592592592592,0,3
0.55716646484579047,-0.77667807284196888,-0.29383107667115277,0.82689628483610766,0.55139547287830504,0.11047880617363885,0.076210659198608505,-0.30452291154491939,0.94945127930227069,6.2009101413528347,-13.686404382427847,0.84093834227632636,0.1557761409307646,0.1580051399558231,0.1428571428571428,1,5
0.18733655570921903,-0.93566246898453798,-0.29906647927971558,0.98229417363628035,0.17899463904552357,0.055308910974449121,0.0017808243100891281,-0.30413264100836118,0.95262803094285209,-12.796502531340671,-10.482856946505354,-2.2224158071910853,0.8969429342072259,0.6947033847530488,0.5428571428571428,1,2
-0.015785649402807862,-0.87494151104292728,-0.48397124452476598,0.99882718464955578,-0.035956573601365283,0.032424990669110691,-0.045771918006283642,-0.48289178608542194,0.87448296407263271,2.2105968083410694,17.123545813479247,-0.61287113611208643,,0.4186230529558848,0.1923076923076923,0,1
-0.86597190904710586,0.46174990105535707,-0.19204083320137788,-0.47426248942413951,-0.88009693801232858,0.022460428013331219,-0.15864344886105228,0.11052786334989091,0.98112988312291227,-14.190332417793138,0.19980521192340442,-2.911940517168591,,0.0750397146491377,0.2380952380952381,0,2
0.81296570334728169,0.57565740446687985,-0.087779939983541666,-0.55265931040297323,0.81024171173950787,0.19513086681081887,0.18345149714834458,-0.1101223012831036,0.97684114724664617,-6.7035900710337684,2.4499429302693354,-2.057864869636127,,0.0907385187813253,0.3453947368421053,0,5
-0.84423119485812248,0.52670634621435963,-0.099267892522941881,-0.51766910747847716,-0.84927985958792329,-0.10364562345200387,-0.13889702945298743,-0.036112947205079564,0.98964815477688817,11.092233326391144,-0.65182629056270869,1.1474771962787511,0.2771392454415953,0.176740939396219,0.1904761904761905,1,5
0.38037059265366313,0.92442993279641361,0.027340658264186385,-0.91755844928240238,0.37351233936230988,0.13629022156621287,0.11577868713530076,-0.076927444349286569,0.99029160549361106,-23.609780761588407,-1.1866172835661688,-4.4246423936354322,,0.2785041794118745,0.4615384615384616,0,1
-0.51890863032745893,-0.77053246179075074,-0.37015342589035355,0.84319993208373878,-0.53255782456712508,-0.073457729520515117,-0.14052653808323359,-0.35023119338376496,0.92606177076657537,-13.576368480048162,2.072476347606,-2.8989281607508115,,0.07953642802873545,0.1428571428571428,0,1
-0.8011671396298784,0.59209321806535109,-0.086930060958765321,-0.58263981950358301,-0.80489980666711292,-0.11254839828303176,-0.13660913258677165,-0.039521163295890421,0.98983636149902521,-17.61454042008485,0.35163785949704185,-3.4141563840179296,,0.1092744790379871,0.24,0,1
-0.65276950674033607,0.75409454291758027,-0.072342182797476368,-0.75195924236888279,-0.65657228984250926,-0.05890777560712622,-0.091919904732291613,0.015945173341467278,0.99563873094668076,13.300426141419903,-8.4304016696861446,1.712966189927672,,0.2174533975723646,0.3333333333333333,0,4
-0.42127712674719453,0.89206574038761099,-0.16353683776547573,-0.9057568623243295,-0.42301099888608917,0.025810873169622751,-0.046152885413735981,0.15899814353663519,0.98619952419370505,10.297401943912018,-7.0222044512663384,1.1241819781642055,0.16977376609076,0.2184269630597998,0.7090909090909091,1,4
0.87155283944432005,0.47255119009636687,-0.1307326309497808,-0.44993287834214485,0.87678831674446134,0.16971344262364119,0.19482313272118615,-0.089093323874028865,0.97678366417430507,-25.132568136726977,9.1150143585588381,-5.0079931381845837,,0.2122226428864413,0.2941176470588235,0,1
0.30082072185595543,-0.92939215120050611,-0.21386239171242499,0.95350525425723576,0.29740678498309048,0.048753813695620242,0.018292714558185416,-0.21858507161496343,0.97564642317858963,-2.8414768060332039,8.8826443972068958,-1.5480415770803138,0.6799752427232766,0.5486222283173388,0.9840783833435395,1,3
-0.91895009202693723,-0.34487460192471747,-0.19129097550838717,0.36880073156789783,-0.9233227996369423,-0.1070561911595104,-0.1397023577419732,-0.1689275484279156,0.97567757718596126,-14.859173843432538,3.2031215010308367,-3.1498164357391016,0.478254937215362,0.2326645324767849,0.3243243243243243,1,5
0.55755272422549007,-0.7595241427535151,-0.33504930425725921,0.82738755152851373,0.5412797180702108,0.14982024690102674,0.067563298353367204,-0.36074831029454868,0.93021280217767532,4.6683897349316981,-3.7711514601346945,-0.12291461965785891,,0.2249005424642274,0.2352941176470588,0,3
-0.92748798741231908,0.3634188858791364,-0.087708304009440713,-0.33622780873248337,-0.91343631080678744,-0.22931412240557247,-0.16345303252248874,-0.18319612301042992,0.96939274119066376,-20.599766532146315,-2.2445914839285641,-3.8639335590051385,,0.3972486301453537,0.2765957446808511,0,2
-0.20296125399217088,0.97457536656504917,-0.094918829862811624,-0.97918639877241842,-0.20192100610645522,0.020540295812368981,0.00085196069634773004,0.097112111384506802,0.99527308412586712,-1.7718152880410505,13.267361617669039,-1.4440884488969923,,0.06722207643739814,0.3529411764705883,0,1
0.84302134053282574,0.53303985622890881,-0.071996743521512793,-0.50390139845354021,0.82947969939266719,0.24092905373162926,0.18814462533594997,-0.16682907410555223,0.96786861711199235,-9.0322944650725443,15.619417056694665,-2.7799273591702267,,0.3979114700401193,0.1875,0,4
0.3655558702905814,0.91312701946751251,-0.18046593034274452,-0.92389694178858872,0.37951491889335792,0.048814621693311841,0.1130634629302891,0.14888744962469,0.98236916721488499,1.9858694209396532,23.142649225315104,-0.67220819046231639,0.4784372216691595,0.4412915120711515,0.8918918918918919,1,1
-0.69709107186088559,-0.67213185097326544,-0.24960531332304078,0.69649354549288289,-0.71744091618669836,-0.013239065977030466,-0.17017866675525162,-0.18307732434259175,0.96825715318450523,5.6917719589865658,-6.8310664450002854,0.28602581144996364,,0.1261834019918148,0.25,0,1
-0.89094675663508838,0.4180493820794402,-0.17733750585934865,-0.42443911526168882,-0.90545405215718278,-0.0020968710051796628,-0.16144755890781104,0.073400773668509514,0.98414786091703366,2.3500416185287762,4.8701411612770729,-0.62442949212621668,,0.08791393236839987,0.3090909090909091,0,1
-0.68401826498845608,-0.67151355077861175,-0.28493607051913267,0.7025949150266888,-0.71152263706176944,-0.0097939944510108956,-0.19616166429968718,-0.20689390534611563,0.95849648585157088,-16.438777432004091,-2.3906630728270661,-3.110092180713024,0.1342507533508293,0.103090980296185,0.5405405405405406,1,3
-0.94612178715206174,-0.24231868077208341,-0.21479110974401899,0.25639505470875301,-0.96574981201551635,-0.039860713903439496,-0.19777547825017544,-0.092784468209250695,0.97584624949939858,2.9511421542926555,-25.225666003528197,0.877054598482369,,0.1473673684329725,0.2307692307692308,0,2
-0.26341186885216544,-0.89232118099363533,-0.36657481814485321,0.9605198619378289,-0.27786814337043725,-0.013816284695935249,-0.089530900647444844,-0.35574176708672933,0.93028598451189604,19.895928633947179,4.880298048185411,2.8203032373993757,0.6283916633268727,0.5749485954324181,0.2105263157894737,1,5
0.83354483244087141,-0.49322944671239638,-0.24885281836238393,0.53131138189532001,0.83912977943372857,0.11648789094144794,0.15136455258614462,-0.22931621434884311,0.9615107103184608,14.704854686475416,-3.9434441516780785,1.7576799514327863,0.2089512745349384,0.2155237570842601,0.2222222222222222,1,6
0.71898996759191636,0.68339818834593113,-0.12657149231827172,-0.67440107568827456,0.73002292437393346,0.11067844866562072,0.16803754227158088,0.0057832563516943356,0.98576363208088469,13.06486463143659,-10.791317797112193,1.8814778723936125,0.3028899844276168,0.258080887876357,0.2941176470588235,1,6
0.79002576875820629,-0.55787755080611701,-0.25422809247715566,0.60276592384159611,0.78253262327296236,0.15593567445880835,0.11194876396544982,-0.276433232119629,0.95449051458173406,-17.397243552545014,-16.907833883290685,-2.7751666542413873,,0.2332287115486419,0.2857142857142857,1,5
-0.88472779089634823,-0.34515520833313423,-0.31324849269577798,0.42274766910667017,-0.87725891213642548,-0.22737899934270905,-0.19631898604196102,-0.33359358992301535,0.92204889918145383,-19.003657542979788,6.6999354275952099,-3.9059556307781631,,0.2038657538204295,0.4090909090909091,0,1
0.81543119820266463,-0.53695310973589072,-0.21622515797825928,0.56563398489201677,0.81850656344237982,0.10052462751447119,0.12300469963763325,-0.20427521520415043,0.97115471492463745,-16.975963051531419,-9.9043029549133443,-2.9379530247640222,,0.147367384248432,0.4347826086956522,0,2
0.87099204664907059,0.46334102442009201,-0.16336446909717628,-0.45152447763475623,0.88599376843387523,0.10554945946332885,0.19364529627833232,-0.01816968314748613,0.98090333970457899,9.1602749737874927,-8.9884279563576683,1.0200229298794978,0.1726667005154426,0.1165160384789687,0.1052631578947368,1,4
0.95614046577333067,0.23566456140618103,-0.17394718798529107,-0.21356370631953123,0.96732660177955143,0.13663743569274756,0.20046434359711712,-0.09349577523533821,0.97522950476250458,-14.769489786012192,5.6550655708087101,-3.2686258590264163,,0.09437190418191706,0.2558139534883721,0,3
-0.60012088550164133,-0.75638381906881524,-0.26026609659269456,0.78682179211463699,-0.61679806538712101,-0.021716675349006571,-0.14410548302627249,-0.21781566698834279,0.96529267322205781,7.3910326026764581,-19.121689030622846,1.3524713998064255,,0.1178098198682929,0.4444444444444444,0,4
-0.57919628263546463,0.80265588915268948,-0.14239097509942239,-0.81169013645932664,-0.58400908191020495,0.0096184521124150994,-0.075437315407549416,0.12114832171724485,0.98976375746397016,-8.9082666842372085,21.241596147426772,-2.7650101532496616,0.7303268087751755,0.792078432777388,0.9465020576131687,1,5
0.72907557594067818,0.65936072911460686,-0.18355444279074926,-0.66079983280837251,0.74798085168187389,0.062195067953062323,0.17830419380148008,0.075947840118812462,0.98104002979190008,-2.5870207755205374,-10.503834789424999,-0.79596007237234623,0.4052283040599239,0.3529502923235045,0.9522388059701492,1,5
-0.43708153910032155,-0.82141948517699459,-0.36637379484517646,0.89287576969161819,-0.44532662699008108,-0.066761180271457082,-0.10831707194756961,-0.35630636349242839,0.92806960259428117,-8.2013194081873149,20.103154602202942,-2.7101733185979704,,0.3256236720054539,0.1935483870967742,0,4
-0.28352090053151507,0.94378900054190618,-0.16993593327459705,-0.95889754911198621,-0.28113198842035619,0.038474607130450117,-0.011462515815666402,0.17385950518429064,0.98470375402363985,4.204241518806529,18.174444104825902,-0.23217178115377335,,0.1657141776699355,0.6538461538461539,0,3
0.95115019897886821,-0.18212393754288334,-0.24928732490108055,0.25159598460890598,0.9252227737883878,0.28401105505243757,0.17892109856340602,-0.33285686148433175,0.92584747677555745,-22.85328544651648,-8.1688925045639582,-4.0149497274383892,,0.3429543701596312,0.2222222222222222,0,3
-0.88807532464834993,0.42065095007484687,-0.18540495126035975,-0.43014353233473329,-0.90267614064521107,0.012342070347619116,-0.16216892224259838,0.090711428778274802,0.98258469220097178,-13.574471566965569,-0.7130578919974413,-2.7306848462420046,,0.07136843942482347,0.25,0,3
-0.58179394467507517,-0.77200599827749405,-0.25597371850052331,0.80102733765835921,-0.59841863334239398,-0.0158222499216195,-0.14096457095091797,-0.21424723543651839,0.96655424671584411,-10.361201306045254,13.960529338834926,-2.9389427598419551,0.2516985005508817,0.1626803010597813,0.3157894736842105,1,5
-0.62278142520716384,-0.71389257120009064,-0.3201572944698573,0.76605220146860686,-0.63958483703588465,-0.063994225199496421,-0.15908274903972708,-0.28511161501963744,0.94520053213001276,-24.076134536081796,2.3243994067020335,-4.6268587156669341,,0.3022207112974314,0.2222222222222222,0,2
-0.45486710446453027,0.87578313193937651,-0.16155439667960261,-0.88924662007091171,-0.45650665278284097,0.029019384167585888,-0.048335969717316372,0.15686166445458555,0.98643704931233389,-15.308890594820726,4.8615959233611941,-3.2942643516399412,0.1854863660647257,0.2208720609654961,0.743421052631579,1,4
0.53998530962605151,-0.80541079135276905,-0.24439583171683746,0.83874849159530862,0.53911436762748421,0.076528860335256854,0.070120134302871048,-0.24631109554814071,0.9666509250888986,-8.0691920309354028,-15.67466873886382,-1.3182088710405717,0.1751225816519863,0.07099835938923083,0.1923076923076923,1,5
0.63128630853418299,0.76654477717976999,-0.11784184840582666,-0.75901402519540973,0.64186207050711241,0.10913657499200378,0.15929628436955789,0.020547190142207565,0.98701697389827792,-7.0657824388764947,1.0727924074100519,-2.0673017405894911,,0.08649685185760424,0.3047210300429185,0,5
-0.83015597623566462,0.54385656013810924,-0.12272366159365428,-0.53908454372326142,-0.8391548818270762,-0.072159122946921783,-0.14222837213050482,0.0062551019599517491,0.9898141057090355,15.884470691893661,3.236916852424927,2.0359469542451518,0.2732918190958941,0.1809656981349987,0.25,1,5
0.97938694058060782,0.05655111510936154,-0.19391542486363572,-0.040067080467360371,0.99532304258408189,0.087901478736072791,0.19797941732154553,-0.078319935399960058,0.97707222764541191,3.999126410342202,-1.6786911490688521,-0.31393880539072283,,0.1187841388394622,0.2456140350877193,1,5
-0.97552449512612582,0.16281243841222798,-0.14779739276178611,-0.14339118808943446,-0.98058477489648022,-0.13376272432751771,-0.16670610842802852,-0.10929597037166364,0.97993033643892202,-28.798429782658264,2.697077930949928,-5.4582139152876463,,0.4842836726875964,0.3214285714285715,0,2
-0.97723109048049273,0.12753103834798105,-0.1695736714711111,-0.087883050176918928,-0.97071430039563278,-0.22358514373503843,-0.19312163340731059,-0.20359170234884932,0.95982001096288327,-19.456944395469208,-2.5616825761100448,-3.6259551358754227,,0.1282287670375276,0.3846153846153846,0,2
-0.98107047879796505,-0.026388085131491098,-0.191844688730819,0.041743327210609228,-0.99619969625167637,-0.076443834424078649,-0.18909841423057905,-0.083005024854891321,0.97844363945212487,-5.2653435170391019,1.1278929292003721,-1.8081136786086474,,0.4417868324571339,0.3804143126177024,1,4
0.67628494186609212,0.72226481389612329,-0.14481787186937947,-0.71813393398595937,0.69021834432700391,0.088782261811359897,0.16408025555510189,0.043956521269196296,0.98546714505095745,-7.6773690258792175,-10.90156710379989,-1.4576390874364709,,0.08308097945685788,0.2962962962962963,0,5
-0.013597019772674648,0.98826771422590232,-0.15212510007231866,-0.99918373231306634,-0.0076412038573416023,0.039667128513952168,0.038039323524917512,0.15254027999948741,0.98756492082467462,-15.348413054799664,-3.9741592308855345,-2.8916749329011373,0.2491852145441802,0.2209411036207353,0.7961165048543689,1,5
-0.44369210674927217,0.88356367651473977,-0.14984172967551795,-0.89480109947844455,-0.44604268650783446,0.019414277865599985,-0.049682056927640383,0.14269250630860902,0.98851936848137123,-9.8781682653000278,-2.9069738303534578,-2.1842293562698045,0.3112682365126919,0.2667328973838053,0.7802547770700637,1,5
-0.27461968899800315,-0.9105098889720189,-0.30912096095024216,0.9563005722705834,-0.29217707662281156,0.011035006619930907,-0.10036554134559489,-0.29258212177149306,0.95095870579646968,-4.6848979693949993,16.208344036163997,-2.0351082996095098,,0.4580966975450362,0.831081081081081,0,3
-0.047853916391733364,0.98829057300928491,-0.14488528561228359,-0.99810444791306985,-0.041692672520011922,0.045268445017319844,0.038697722699405017,0.14677692038981827,0.9884123744160439,-15.6124625594164,-2.7134679817432703,-2.9674409848936145,0.3073142518479105,0.2905930702632076,0.7349397590361446,1,4
-0.64832733306511514,-0.66617574117889811,-0.36862114842399096,0.74476253503107281,-0.6554529822986549,-0.12534015481835867,-0.15811526053726194,-0.35579666926567188,0.92109081773986279,8.6387279091537224,13.668115410653984,0.63483675706035059,0.8958651705884968,0.6579916849683096,0.4166666666666667,1,4
-0.23986143180819258,-0.93898936139633193,-0.24650653686146351,0.96671116309754923,-0.25432166762448349,0.028107232508469641,-0.089084345838689794,-0.23155877992684698,0.96873345702792901,2.1425595590704836,6.1785735123981107,-0.66826504513425355,,0.07706544185637756,0.2826086956521739,0,5
0.7910054176286454,-0.57269275092885608,-0.21525204369685039,0.59705309503218551,0.7993786125897222,0.067241619898826419,0.13355909177071915,-0.18170538453130569,0.9742407927395107,-3.2427158180155762,4.2102195867847607,-1.5912636911660756,0.4571947489679409,0.4263250346098248,0.8656468240771533,1,3
-0.50407278533877686,0.85919298057756421,-0.087738527495330593,-0.86202454320264044,-0.50676581739691295,-0.010104119670627678,-0.053144275299291666,0.070539552339664968,0.99609229369503383,-5.0812640738036317,-1.0289398213813528,-1.7502361775315538,0.4235320404855413,0.3072829178901882,0.2568605927552141,1,5
-0.72682550743149932,-0.64497759979899005,-0.23606901004680206,0.66476650187809172,-0.74702924440019536,-0.0057276514941420557,-0.17265624728838783,-0.16109377321425722,0.97171941243544424,-11.282010241410619,-2.27536958107763,-2.3735015597297013,,0.08267100920123238,0.2884615384615384,0,3
-0.79030827994942188,-0.53023951333119257,-0.30701609264937024,0.58437096517747833,-0.80292776753866657,-0.11754818234628818,-0.18418305486914111,-0.27231059218780651,0.94441703906769803,6.7622293699456844,3.0492296729803914,0.27710954008354832,,0.5905230899405725,0.1923076923076923,0,1
0.036968824084642568,-0.9679888354615177,-0.24825575616217296,0.99861237328034269,0.026461054584398885,0.045531752894899746,-0.037505119346557148,-0.24959452520465067,0.96762386236112674,5.2836024846947973,-5.9727823012959558,0.1436487501351493,0.5206764265430616,0.4138060025832518,0.8721227621483376,1,5
0.60774737694007941,0.77853160576200497,-0.15662587478474752,-0.7787212722316218,0.62291320317997634,0.074647983750575159,0.15568014001926428,0.076600784158491517,0.98483298780548922,-9.5991279218912915,9.4821351916372336,-2.6542958248008262,,0.1022835776823098,0.325,0,1
0.93496375130400522,-0.26118449736490235,-0.24005299848946982,0.30842336185793118,0.93282475497417638,0.18631426775107582,0.17526498112228137,-0.24823503951620388,0.95271273296235282,-2.4718215163771942,17.819112426772616,-1.6133241709108208,,0.4676824279067401,0.5357142857142857,0,1
-0.76335242139348713,-0.58470233021256945,-0.27462022102658712,0.61984931559429579,-0.78268105785543363,-0.056543678971065325,-0.18187882424840876,-0.21338591030874293,0.95988881990141239,-2.6536480242682456,13.625355923194348,-1.614129904081524,0.7171904008943997,0.8245561945293383,0.7756410256410257,1,2
0.15626350642443645,-0.90247994896239503,-0.40138716755867238,0.98704291169663227,0.12768805186568241,0.09717022115947771,-0.036441830763218962,-0.41137051806319386,0.91073941928470703,3.9205442770157393,-8.7239464120358328,0.1243123484762798,,0.2560354079214472,0.2894736842105263,0,2
0.30857300940014393,0.95109753840508604,0.01400608116228565,-0.94631901377656269,0.30546623209181056,0.10569155697872257,0.096244594833648472,-0.045867782717479884,0.99430031905551031,9.667780177923424,6.269221174220668,0.84475396361459976,,0.1495308784970172,0.3333333333333333,0,4
-0.81968101373047342,-0.53205288296612574,-0.21223280956821283,0.55625142825708118,-0.82779000256001656,-0.073130432951300339,-0.13677494029149009,-0.17799843086140182,0.97447892451255103,-15.376502014919467,4.994910485164108,-3.3104178591972402,,0.280823675604861,0.5673758865248227,0,2
-0.23207422188052373,-0.89930748133607596,-0.3706583461241828,0.95670289864997082,-0.27985717390757575,0.079997036990194711,-0.17567333108157057,-0.33604466403356265,0.9253177100441109,2.1435339791515706,19.702177922606271,-0.65980985142215098,,0.5009467828476559,0.8767123287671232,0,2
0.979714421485822,0.017101096970280297,-0.19966773603943769,0.043726065961935921,0.95410323407840614,0.29626854351520182,0.19557014978823814,-0.29898924931097387,0.93400093431873354,-10.113853348305607,1.4516493588332988,-2.4112694475996173,,0.4121192748618647,0.2075471698113208,0,1
-0.53689770935346082,0.82643319043174512,-0.16955539343770293,-0.84054331182059649,-0.54123209038393671,0.023553456058464484,-0.07230346219006803,0.15516444854231801,0.98523916043968163,-11.173394588875706,0.84258048119044304,-2.5080899285012768,0.1744509345008277,0.1559530034694732,0.6576576576576577,1,4
0.054554607924645691,0.98830117681310714,-0.14242393992588978,-0.99803031041527768,0.058395202791221498,0.02292378204735359,0.030972475628703866,0.14089281103305934,0.98954025767152609,-7.2272732422053183,-9.5923757850944522,-1.4336431432630823,,0.113999454957649,0.2857142857142857,0,5
0.6080246099501202,-0.73454334892988637,-0.30125096221899667,0.78214784619815791,0.61930866277204755,0.068567681184951837,0.13620139640468812,-0.27731362887237537,0.95107640642539748,-12.77699768928113,-1.7074962710828612,-2.5917399196592998,0.4045013488773691,0.1376376831202036,0.4242424242424243,1,3
0.20953322399745145,-0.94559820519363136,-0.24887720340725708,0.97725285283038443,0.21104418355962851,0.020909668111312875,0.032751941562436195,-0.24759722720626987,0.96830931184392632,-14.650821639870587,7.884282122638397,-3.3777387773761585,0.5481925701487347,0.3262560059188854,0.8014184397163121,1,3
-0.6648154703471143,-0.64244795298833879,-0.38115747151044843,0.72854772484452968,-0.67036301102150841,-0.14082487734074797,-0.1650412160976916,-0.3713139657422948,0.91372169495625155,-0.98495592518005104,20.93614290079682,-1.2895290174797021,,0.3414644437774393,0.1111111111111111,0,1
-0.64947680545589115,-0.63398910210594683,-0.41980673837577465,0.7428019892757376,-0.64703041910568182,-0.17203732583347417,-0.16255794014079425,-0.42356753317838353,0.89115961585698056,-16.388335708570544,-0.48100553058368289,-3.1785258650953709,,0.1238016511940692,0.3571428571428572,0,1
0.39053730536464409,-0.84850462454232567,-0.3571001473659895,0.91824070065261321,0.38671838034860334,0.085339966988231986,0.06568583396381876,-0.36123233026798907,0.93015943514305011,2.1838492944649421,-5.2108422112965211,-0.42725245888822522,,0.6883832180931421,0.4035714285714286,0,3
0.97465926952650794,-0.0381626467756018,-0.22041533684645004,0.11564097651905378,0.92942022201417518,0.35043575083150508,0.19148491553063127,-0.36704449771410791,0.91028120041118343,5.8052226792169366,7.0343551432855982,0.010981999217917187,0.8324429208541485,0.7030522023210346,0.3983739837398374,1,1
-0.45885499953161279,-0.85333238556696234,-0.24753975266094427,0.87966682945398789,-0.47551254235756146,0.0086076256318433544,-0.12505342283685575,-0.21380285733180926,0.96883950148285236,7.4990040510508926,-16.112992877016847,1.2076595015519553,,0.1155517744418376,0.375,0,5
-0.59276550546696138,-0.69074900424997865,-0.4141193893748043,0.78897629936307945,-0.60128255380912021,-0.12639497429930971,-0.16169556138570587,-0.40165296415244522,0.90140415009900865,5.3879843963398395,-8.9440564345673366,0.37503480197058053,,0.3742524051882191,0.25,0,2
-0.97152875580081133,-0.056789320629664859,-0.2300148902018031,0.12522279170137768,-0.94724279869829697,-0.2950429337447863,-0.20112466057308784,-0.31544580101284914,0.92738493492870688,0.53748726029408733,-19.587582533559729,0.13086767596184193,,0.4439650818011061,0.1904761904761905,0,1
-0.90786338146730172,0.37484998338484704,-0.18780726968660197,-0.38441248009539647,-0.92302334666572106,0.01596704909863807,-0.16736524650494947,0.086691357506915645,0.98207610845389448,-10.014196523435366,-13.661177304673252,-1.7289649620528771,,0.07601378137862885,0.2666666666666667,0,2
-0.12794784350697827,0.98850400546467376,0.08055544998452914,-0.99164765339048666,-0.12883932724296293,0.0059463670188233241,0.016256717597830751,-0.079121798108213542,0.99673239146576753,24.541499230165609,-9.7368467264752638,4.1701223729318535,0.7905924893916123,0.5402615081069884,0.5740740740740741,1,4
0.17585840226206947,0.97128034995835044,-0.16027571287819983,-0.98154442956019572,0.18543148369919266,0.046751445458564481,0.075128923546003673,0.14909609866760098,0.98596450149532211,12.173926148572351,4.1514536808066573,1.2771684009474005,,0.130133992741538,0.5142857142857142,0,4
0.87867786267618198,-0.37274676288316883,-0.29830364463569076,0.44010121866681207,0.87458074833364008,0.20351764535822955,0.18503008125924972,-0.31011024717717733,0.93252104728253038,21.376209147480775,-7.3482860643306473,3.1467246742925936,,0.2377021292211011,0.4285714285714285,0,5
0.65418499833912436,0.75456034280455297,-0.051775254849343338,-0.73848574731735384,0.65203247912959728,0.17173365182526085,0.16334255096933065,-0.074110290964116254,0.98378192492851024,2.1087147906135293,7.0436576665827593,-0.68737204578625155,,0.100996483474032,0.1956521739130435,0,2
-0.3135595646308808,0.94636151635800847,-0.077976148821699592,-0.94924056776361843,-0.31455069632798699,-0.00045160976815135991,-0.024954838013830093,0.073876517217245821,0.99695512249225848,16.758363310216282,-5.6475505154356949,2.1088270929794053,,0.1785362537691856,0.5217391304347826,0,2
0.47435652741054396,-0.75013873135131037,-0.46073611604654591,0.87841101918506481,0.43788390117098863,0.19144652117374977,0.058137477389932524,-0.49552958824062393,0.86664321430494839,-8.8964115839722009,34.070990810455612,-3.0229471207366272,,0.5716646850805263,0.3125,0,1
-0.69356604222641871,0.71017319033589332,-0.12091395617760656,-0.69915112324277306,-0.70402441165344387,-0.12464884541940534,-0.17364864508181452,-0.0019150781083286817,0.9848058085415059,-4.1340408249186229,-16.048902196021807,-0.66829375714503381,,0.4320289210570698,0.25,0,2
-0.96291493439994669,-0.14948825151678558,-0.22460652654809435,0.17207068202613884,-0.98145601986136377,-0.084473436445720626,-0.20781364126689339,-0.11998893172432173,0.97078120437462656,17.704773568667918,3.0128739731726344,2.341498009861271,,0.4018301510625744,0.2142857142857143,0,3
0.28273560002472303,0.94336538467460263,-0.17355786204144483,-0.95390680744686007,0.29551372629336631,0.052282313249768446,0.10061005508992329,0.15077595487990345,0.98343491306992703,2.0769026814901403,-15.590175090387541,0.23634352486485488,0.1844000049455513,0.1567529852976574,0.1666666666666667,1,3
-0.7698139162291372,-0.51558910097479815,-0.37623717697212949,0.61199824365164657,-0.76363015600672368,-0.20573559391715865,-0.18123102424049259,-0.38863461476449251,0.90339274518871138,-4.8039673949721244,20.610081315142814,-2.1003924447945646,,0.2276813682961173,0.1666666666666667,0,1
-0.93956499758301792,0.30818845597497641,-0.14912240247724051,-0.29565951992077749,-0.94999308586295184,-0.10049171653824247,-0.17263563825884662,-0.050329041480513197,0.98369910236139502,-6.2477728983556924,-17.458918222050773,-0.90093143922871455,,0.09375639855750478,0.25,0,4
0.90430585245412709,-0.33819049809559654,-0.26049589673364837,0.39906791230919436,0.88640995941033018,0.23456808227753184,0.15157746066746328,-0.31607684327712171,0.93654669000620283,0.22288549014207198,-21.968323975902095,0.21089812102167166,,0.6383143755950811,0.2121212121212121,0,2
0.76981863597602485,0.6374135980065907,-0.032911590364261528,-0.61199210266035653,0.75179275768033571,0.24550624387324999,0.18123171351992554,-0.16885364839318193,0.96883616336248701,7.5320924854689402,7.0269153098721153,0.36866868254689095,,0.1658354890179944,0.2857142857142857,0,1
-0.86159270516082254,0.48088903795211979,-0.16249228778972993,-0.48401880600557995,-0.87477072848940196,-0.022404642622764682,-0.15291764400025395,0.059345646475590874,0.98645541632544442,6.672706691643115,2.2103250218120833,0.24042993466633308,,0.06875366346864625,0.2702702702702703,0,4
-0.82435553485059654,-0.50409181291229688,-0.2575449403812502,0.53363096988083103,-0.84383294284321375,-0.056426523520470992,-0.18888075641851768,-0.18394947330002492,0.9646173599554454,-3.1555281597475004,19.669285715056841,-1.7593027243911992,,0.2171152785881991,0.1578947368421053,0,1
0.079933470146048916,0.99657060250590945,0.021393330068474301,-0.99630219101009165,0.079196794771907816,0.033313839261584759,0.031505309693781902,-0.023977112396289326,0.99921594940344816,-9.36418591502947,8.4009349043200245,-2.5804843943983427,,0.1650402316792142,0.5185185185185185,0,4
0.82390764216294099,0.56114103048159036,-0.079353267705630462,-0.53434340500821764,0.81583155383385708,0.22112440230164068,0.188820874666247,-0.13978418966067924,0.97201186083873514,2.7495226439369205,-11.159937956478091,0.049462998823402493,,0.2378343454199809,0.293103448275862,0,1
0.55730261870972264,0.8149359358595637,-0.15903839669709705,-0.81713268977076847,0.57229192165306153,0.069109505269792315,0.1473362090162332,0.091440564605340724,0.98485057986345415,1.7747028460507035,10.418053558628712,-0.68953558402941573,0.2416203600876144,0.2164494297105279,0.6666666666666666,1,3
-0.51087007267103124,0.85512295510087277,-0.088184468636180832,-0.85666584387870492,-0.51495754457273757,-0.030697869945702259,-0.071661710701610398,0.059861999191202248,0.99563102616991161,-6.2160812806668613,-24.440970863259338,-0.6025184148854239,,0.2079490122617303,0.3333333333333333,1,3
-0.79986711825835166,0.58257115916941016,-0.14430328351457833,-0.58451258883545876,-0.81071237302793642,-0.033022442554742362,-0.13622638005154847,0.057933519860449652,0.98898234597723178,10.912030543835851,2.2681375241671002,1.0967105127239001,,0.309354874688763,0.2285714285714286,0,7
0.95335938837061074,-0.18929266554225546,-0.2351045796608851,0.23396445742397459,0.95555419949151466,0.1793789410617494,0.1907000505189205,-0.22601871295544798,0.95527432297013126,-14.165200976301556,18.125827036022748,-3.5346649138420627,0.3565681993462936,0.3580182250559159,0.3809523809523809,1,4
0.83367094796597463,-0.44377561496399021,-0.32871865490240371,0.53280882731860379,0.80289481641299276,0.26734746549859256,0.14528421816868925,-0.39802401603481097,0.90579764771754268,10.152837368301778,12.159422918273782,0.93955814242379809,,0.2480271230476186,0.3,0,1
-0.8732097018612377,0.47675651175022066,-0.10103487060995964,-0.46402967876400597,-0.87672733400656444,-0.12659241301087823,-0.14893378999267759,-0.063658544670021119,0.98679598493757226,0.69900089656288877,-29.82479366066061,0.8419587942572283,,0.3867152547598696,0.3611111111111111,0,3
0.62939329255680065,-0.67493749128231806,-0.3851278568813743,0.77129442600345655,0.60298367673249731,0.20375375827247341,0.094704760706670971,-0.42528821810119549,0.90008940658348058,-5.3969078068686649,-2.4729897454619651,-1.7053461644615961,0.7723264591295688,0.4688987346487766,0.2250922509225092,1,3
0.97681957923073726,0.19499746909573074,-0.088314759116154232,-0.16709701094796184,0.952449900925879,0.25478966846899315,0.13379872407366797,-0.2341264044753224,0.96295520568908899,-6.7881417437578593,-14.722430558326332,-1.1495184688479425,,0.6937748107752759,0.1851851851851852,0,2
0.8684903182218624,0.48060393779213545,-0.12142661213087208,-0.45596990860491848,0.87062849318403746,0.18465500075252361,0.19446338884661635,-0.10500419912929886,0.97527335068866927,1.7444266720035764,8.5550081440374797,-0.73924319718950837,,0.8229967877750637,0.3571428571428572,0,1
0.83861376093890505,0.54106174791235639,-0.063080463773897658,-0.51023419573778339,0.82078016122530606,0.25686765549359752,0.19075645589002166,-0.18322694093660388,0.96438574369973562,-4.865901522804041,-14.924379465486171,-0.85176660645858926,,0.2565083194763959,0.25,0,1
-0.075473287253790489,-0.95040277344948576,-0.30172562226405553,0.99541466748586971,-0.089642897271713026,0.033373503303188723,-0.058765829059936582,-0.29782330195647516,0.95281050484691887,34.668340920344889,-15.904310721265968,6.785339516196859,,0.4163773800054131,0.6666666666666666,0,2
-0.40288742403377131,0.91313199319045535,0.062222878167587294,-0.91427589764471695,-0.39839267048870963,-0.073367997702143778,-0.042205527379472522,-0.086447921391441154,0.99536196950944444,-10.310726257037215,11.107399838769027,-2.8117588740793305,,0.06849082443256879,0.1428571428571428,0,1
0.89394494084023302,-0.35442866728974604,-0.27430414242108442,0.41592853399950475,0.88405024691450007,0.21321026132771823,0.16693081606214821,-0.30468915427633075,0.93770924167099878,-7.2001849659363559,6.8129266627665706,-2.2079161522332837,,0.4752890483375167,0.53125,0,3
0.68708586453642617,0.71735524091159686,-0.11538835769216724,-0.71182323610452669,0.69643242404229178,0.091047016888287716,0.14567324838799497,0.019578995869073364,0.98913900318653281,9.8927247215489125,-23.552553999881535,2.1210178682371561,,0.1567809884396091,0.3529411764705883,0,2
-0.44036337123764963,-0.84401327276736104,-0.3061399952060177,0.88882876562305646,-0.45796195857276345,-0.015945842755808515,-0.12674196887064054,-0.27912799911998631,0.95185294737898829,9.107826197648059,-12.598535132762398,1.3115449791405673,,0.2294803334891088,0.3684210526315789,0,3
0.068335723245072019,-0.94040102757821131,-0.33313080953045632,0.99745145530470258,0.071265840087584839,0.0034313768579931751,0.020513976676980319,-0.33251629639230479,0.94287437625297743,-6.9846716652959069,4.5404268433600565,-2.1733049546255163,0.6637391259583361,0.5376484193168283,0.5867507886435331,1,2
