axis_00,axis_01,axis_02,axis_10,axis_11,axis_12,axis_20,axis_21,axis_22,location_x,location_y,location_z,dbh,dbh_approximation,score,reconstructed,number_clusters
-0.46730391986126379,-0.86171172123523276,-0.19768650932248677,0.87639279204648102,-0.48095744853343281,0.02481142376372733,-0.11645909381096219,-0.16165655627292824,0.97995124229867026,-4.9808822596344076,-19.303681839496672,-1.8235703742937697,0.1713505395160058,0.2021969431049327,0.3793103448275862,1,5
-0.020985894885252453,0.99654353118757077,0.080377749807224286,-0.9976157236171419,-0.026159484302805947,0.063863521456758901,0.065745419670968613,-0.078845873888358092,0.99471647616950132,-11.749385491750258,8.5942423530763552,-3.6074573705874005,,0.2243152148113522,0.2285714285714286,0,3
0.97426579781029243,0.18869125428543396,-0.12329544100762332,-0.16732264918953799,0.97194574404156608,0.16530154780788178,0.15102743553828032,-0.14041752453193429,0.97850581629291034,-21.878328925644638,14.299814078447012,-5.357048512046183,,0.09576384286035189,0.2142857142857143,0,1
-0.95299242448192079,-0.22597272832871557,-0.20184589401755701,0.2457146881021699,-0.96616110085130946,-0.078466676064674057,-0.17728432229309979,-0.12437464875713894,0.97626902840129814,-11.948142415608411,-24.996879880993191,-2.9288431287358514,,0.1728617389492741,0.5,0,5
-0.30863070504891615,0.95096452022457711,0.020336400248029202,-0.95118094140179554,-0.30852881245380248,-0.0080491365896945659,-0.0013800778971313139,-0.021827807033356576,0.99976079250244265,15.910225059559956,-14.508422724012542,1.3294648113919749,,0.1876274393918982,0.4210526315789473,0,5
0.97674282688147662,-0.13862015253895996,-0.16357843209194275,0.15950895127495932,0.97958945706349232,0.12231676121127642,0.14328413938306478,-0.14556424327467657,0.97891813063255029,-38.651634210478917,7.618726698812031,-7.3747817434026093,,0.144361343805174,0.4375,0,4
-0.11440804043973461,0.99206154380210532,0.052198597603040464,-0.99308246311292458,-0.11560697303258423,0.020548704188107517,0.02642010106542016,-0.049486574898930706,0.99842528872443248,-4.4967765569330789,4.2852853877864758,-2.409344290683566,,0.08848805869513876,0.2893617021276595,0,5
-0.78344828361311647,-0.58718257840905452,-0.20353232302648103,0.60688099620309555,-0.79339404490954413,-0.047131156888088034,-0.13380673881086666,-0.16044472292651421,0.97793315085124,-1.5293921214406088,-31.68888688717195,-1.1823759741770314,0.2530026940060931,0.2377766044189325,0.25,1,5
0.91833143787696048,-0.31945829313147411,-0.2336958903283497,0.37370544077011253,0.89434106087626752,0.24596404283864046,0.13042857718173131,-0.31320993882735865,0.94068481462927434,4.318555486225792,19.440439282816779,-2.3240156181154656,,0.4872462961513616,0.1379310344827586,0,2
0.73524750692763219,-0.65845284224060785,-0.16078233143590748,0.67351393784415015,0.73637711241276438,0.06424736449306398,0.076092569192839341,-0.15552685575135761,0.98489660272219892,1.9416836286103931,6.3838779039604825,-1.5861803371451912,0.7026293796954166,0.5239467749388901,0.6511627906976745,1,5
-0.91751455227626577,0.38492076620541493,-0.10001524936287561,-0.37064803950861425,-0.91878709378993784,-0.1358319074940012,-0.14417724220452652,-0.087557295691874759,0.98567065635607809,7.3408170752236375,-7.1078953820516677,-0.16598686628678425,,0.4451384610855776,0.3207547169811321,0,5
0.30724315191033386,0.94625880038924615,-0.10097488940378939,-0.94755290177311557,0.31401219160634403,0.059496570186257078,0.088006499450614353,0.077399135708900071,0.9931083676245831,-13.274255735914513,-5.8796845341231947,-3.3412863698949669,0.4272024607792322,0.3929501727334813,0.8991935483870968,1,2
0.23044314431507279,0.97006276205650099,-0.076643296572464228,-0.96969018518716199,0.2354997863903826,0.065121389433669394,0.081221314874052458,0.059313474703446258,0.99492965064306627,-14.889117767394843,-18.244117377177712,-3.433646415007094,0.3302525363687164,0.3317702533828626,0.5600000000000001,1,5
0.77049249351358096,0.63694857903590218,0.025255199531382489,-0.62137086619852622,0.74162667831609086,0.25276098719844986,0.1422658218930952,-0.2104432884983197,0.96719907891141832,26.895890630787431,9.7512179253947,1.8535328250542873,,0.6043921912742058,0.4193548387096774,0,1
-0.39793974478863525,0.91541322872143127,-0.060519254781924138,-0.91727750401848507,-0.39814258900416938,0.0091901818629432277,-0.015682478731784261,0.059170089596522965,0.99812472184490342,-10.037926613521641,-26.64044946999979,-2.5910904085650088,,0.1419140815518922,0.4,0,1
-0.90250147382460166,-0.36306838610605507,-0.23167312480036786,0.40316621452846019,-0.90139464045096884,-0.15793893006178211,-0.15148628059073171,-0.2359428938887829,0.95988689834593199,-12.152737622359348,-3.0721188586334036,-3.2465615725837704,,0.3300705907776901,0.2542372881355932,0,1
-0.98241053803740985,0.11544275952304195,-0.14677364895222678,-0.1115056751884638,-0.9931541977267645,-0.034802642693784622,-0.14978657868384351,-0.017824388107632112,0.98855767258909955,-0.86873421665476569,2.4249318887021483,-1.7972337954644415,,0.1080741573821451,0.3073593073593073,0,3
0.27105416415473327,0.95982565551648757,-0.072555848191056316,-0.95849726337564656,0.276062770621954,0.071220381759200216,0.088389118084607768,0.050240000884505351,0.99481822767546335,12.521568668050309,18.146378826750865,-1.1107964975288294,0.5025492501953343,0.3166559770003711,0.4054054054054054,1,5
0.78061014209165946,-0.57635614526469781,-0.24178792335279969,0.61994155038694099,0.76319320021690407,0.18223230571585827,0.079500189732332638,-0.29214676612672014,0.95306347473514308,-19.352497023387873,30.093163460535276,-6.0509580535371148,,0.3802022608950071,0.5,0,4
-0.95996649795363709,0.25475549698432282,-0.11646441328963461,-0.24628318804105595,-0.96569233566326285,-0.08235838833758384,-0.13345004344308795,-0.05037806663123378,0.98977428553561442,-5.6002067093225767,-21.578233616717931,-1.8889403761778472,0.2229116965095763,0.2497270469656902,0.2258064516129032,1,5
-0.97449571795430967,-0.16393632228625454,-0.15324156721977725,0.16542745498099362,-0.98621722310524806,0.0030571210454102696,-0.15163064606875332,-0.022371211094446293,0.98818402946361272,-15.008369896947887,16.919907412428252,-4.6274457124172983,0.1715372787339274,0.1236124959918091,0.6521739130434783,1,5
-0.10459734526486242,0.9857143383680288,0.1320099939369074,-0.99403071444505631,-0.10776177953540583,0.01703929608914017,0.031021510333862988,-0.12943972345088559,0.9911019240671286,-25.328493670385473,9.0509815124749355,-5.5026200709452926,,0.2065501061923796,0.2222222222222222,0,1
0.068637258410156221,-0.98348958867359537,-0.16744299247380001,0.99683439250841188,0.06085817585698735,0.051161277776718687,-0.040126308954649859,-0.17042450352576541,0.98455338500645762,6.3158211542062617,13.943727926520559,-1.5208428247818109,0.4358125072754461,0.3787383025176833,0.9224137931034483,1,5
0.36423682657150225,-0.86557612826341057,-0.34367062770863221,0.93130550063647199,0.33802821981719983,0.13567235197882066,-0.0012643786504096485,-0.36947921293049596,0.9292381355491659,6.8642715422780594,24.350822934845052,-2.5169721114653152,,0.4687380685713438,0.4318181818181818,0,2
-0.83491935328063438,0.53895119376750977,-0.11154050499268756,-0.54035476808996752,-0.84120299528313358,-0.019855612030915442,-0.10452941270228851,0.043693608952118428,0.99356150811958033,2.1132051258586575,-28.287482769699494,-0.59992724234353811,,0.1499049972786518,0.2857142857142857,0,5
0.98005923534421024,0.14804841569631075,-0.13253513430910902,-0.13380277509702945,0.98481127302525484,0.110650684131233,0.14690375282086882,-0.09071065611155367,0.98498267206837509,4.2758477440247731,5.5937173930368385,-1.1894297925053541,,0.1203765075338316,0.3018867924528302,0,2
0.97626083994803792,0.16165749643376134,-0.14415833736111111,-0.14814205657394125,0.98388892526616256,0.10008253500305858,0.1580148836597193,-0.076350747117259823,0.98448050257820841,13.370442861150723,13.953523276372772,-0.55175785037136238,,0.1973969409916629,0.5428571428571428,0,4
0.93028520604663967,-0.32153515302841496,-0.17659156485448457,0.34072801913195855,0.93572829867386675,0.091197412459581448,0.13591855057045565,-0.14500929772916343,0.98005022890815252,11.647592421800818,1.3717884952399995,0.15474692188999506,0.4548670917499555,0.3612107266095652,0.7711864406779662,1,5
0.98938127773137363,0.0079805807458513713,-0.14512407658825668,0.0025319264040298689,0.99739351005882959,0.072109468457422138,0.14532128757797264,-0.071711201520308729,0.98678225913987461,-12.504658841428125,-14.770784330098909,-3.0696366994869169,,0.2380582343406201,0.1111111111111111,0,1
-0.20102867644567676,0.97699579572010653,-0.071180660236714474,-0.97945196159599246,-0.19927081155749055,0.031064426390661617,0.016165586047565021,0.075962877818406771,0.9969795960907547,-48.011314095621096,8.5384652588741403,-9.0627840788848371,,0.2400751904734561,0.1052631578947368,0,1
0.76348882883538038,0.64564912329797663,-0.014900262686714611,-0.63009674459448772,0.74976149368068123,0.20207868528160508,0.14164356919750173,-0.14489621174574452,0.97925593545646938,8.4833624096837621,-41.221080203563005,0.54191572647213471,,0.3389936949310228,0.4666666666666667,0,1
-0.79727801220567296,-0.57617209674668857,-0.17992633543729647,0.58572325958312921,-0.81051111055349778,5.3410197055140209e-05,-0.14586306741832933,-0.10534445690144124,0.98368008568002219,4.6882697997704641,-29.306418403169605,-0.2000187065895557,,0.1250393956068789,0.1428571428571428,0,4
-0.7819528693017388,-0.57538077830993861,-0.23976377987975558,0.60666287072014458,-0.79085727947466988,-0.080653113960452993,-0.14321267918858144,-0.20852271687606172,0.96747527362008368,-13.671382992125778,-22.762319903483803,-3.1735182334533265,,0.1312234405255118,0.2105263157894737,0,2
0.26489554765859508,0.96004799736036084,0.090211926013206004,-0.96114555090457354,0.25534365685002713,0.10487538740237393,0.077650362568345024,-0.11448781450798484,0.99038525914019382,-2.6645401073770301,2.2938131125234165,-2.0387555761054785,,0.4368321315991324,0.2688888888888889,0,4
-0.70172297709378018,-0.60842090394893522,-0.37068702035086526,0.69938809749969189,-0.68744649285784143,-0.19563641924042455,-0.1357982050485336,-0.39653666046837888,0.90791933805277136,-25.329790144510547,7.3801871729035238,-5.4147942507006901,,0.581239785904123,0.2272727272727273,0,1
0.033811812355099218,0.99360576240543885,-0.10772348982450412,-0.99841921000756773,0.038423014338849398,0.041021373172781324,0.044898133960417239,0.10616619463757311,0.99333423211074801,-8.5374873896292307,16.139550093385264,-3.6546944760280629,0.1379787937952285,0.1430671051869817,0.4222222222222222,1,5
0.54892029350815641,-0.81954489520194063,-0.16441616746341925,0.83444830491344335,0.5487644201520554,0.050533529485470595,0.048811246675332348,-0.16493567207738266,0.98509577517842506,7.8372614588881122,-13.117880504080079,0.073369403198939073,0.2692032445882712,0.303324967157806,0.693069306930693,1,5
-0.37046190613855007,-0.89240297414501824,-0.25763328169574207,0.92679494426212283,-0.37356968110538691,-0.038688818138936418,-0.061717966511870108,-0.2531059562632712,0.96546790081995726,15.667560273134024,14.53234393987983,-0.25824131200595729,,0.5594767477102576,0.9315068493150684,0,4
0.84616111615405032,-0.49993054488797511,-0.18460990167633395,0.52289852889994048,0.84571934068014198,0.10647030230926023,0.10290040808087908,-0.18662327584618038,0.97702776773704392,18.01200165597578,-2.6741819164305105,1.2126720932501887,0.2643867270809499,0.1234820198446462,0.5277777777777778,1,5
-0.607939374016917,0.78545108316491108,-0.11608752506185323,-0.79225415409431721,-0.60974096262444644,0.023437444786289709,-0.052374352885894926,0.10621936948071445,0.9929624226056607,-1.2825798350364488,0.92952993576417631,-1.7646809174041083,,0.08245050362038531,0.5128205128205128,0,5
0.37673954098600126,-0.81320477679689773,-0.44358235904098436,0.92624154630107181,0.33690913899290137,0.16902316400085909,0.011996506302114037,-0.47454211937168395,0.88015104429795132,-9.2048541364423535,-39.501433657113722,-2.243216563576651,,0.4463578894634829,0.1875,0,2
0.72029102796625366,-0.67260586993874039,-0.16965311301378511,0.69017206497165151,0.71942993900763152,0.077994125370069847,0.069594222203315251,-0.17326830807572952,0.98241271248518081,0.8332428043848692,3.6767836076576668,-1.5650522133110367,0.2075755574052213,0.180274332040501,0.6314285714285715,1,5
0.65643403566885627,-0.72703187282295167,-0.20129334990270076,0.75108706806326986,0.65478661668942284,0.084396106501072155,0.07044553217642982,-0.20658930878429077,0.97588845904253296,6.9120748894491042,-13.457510374092934,-0.065149911462529256,,0.1347241314707739,0.2222222222222222,0,4
0.83461708011089231,0.54914146640272643,-0.043104285914851458,-0.52664728543279327,0.81845986296826512,0.22970870566053009,0.16142170341511028,-0.16901805402686876,0.97230444361811519,14.126343647499329,3.108693040569964,0.3808912466954541,,0.3423103371150374,0.3666666666666666,0,5
-0.24826659358026379,-0.90849157387214463,-0.33616477911192105,0.9662809148170427,-0.25672656839246449,-0.019815719562238165,-0.068300015903307448,-0.32974919148459475,0.94159469972109822,6.9652291855050423,-18.142271570263663,-0.00053848364300905624,,0.2214001741325084,0.3095238095238095,0,2
0.77999769212890679,-0.59237915425023568,-0.2017189576697139,0.62018981505037996,0.77476317517723325,0.12290897321623298,0.083475706534032426,-0.22097275849993053,0.97170100669885973,-12.92041913734678,-21.961581247344629,-3.0774300679946149,,0.1315062334089213,0.44,0,4
-0.77700604546454988,0.6174944159761625,-0.12232028265908564,-0.62392610214863586,-0.78124054330809567,0.019479028448051199,-0.083533372786871576,0.091454140037114495,0.992299509170956,-17.652528280101407,13.705121190711912,-4.7121869334724567,0.6209669689342757,0.5188955247709695,0.8266666666666667,1,5
0.41124565243023903,-0.89232092402301377,-0.18611926796531073,0.91131187036169448,0.40689834428410299,0.062804556814987283,0.019689801804448914,-0.19544079914278809,0.98051782530218756,15.785315779642275,0.84537504579209,0.71046699733450913,,0.1016064179474604,0.59375,0,5
-0.36701238201237574,0.9296966995971222,0.031079868207913305,-0.92943016364787878,-0.36512445572930891,-0.053326379305688378,-0.038229338878409798,-0.048458008487711507,0.99809335187763182,-3.5886712581968734,16.961315022761962,-3.0489391812579711,,0.6069929631606502,0.6460176991150443,0,3
0.98765100045068088,-0.0079604740303277719,-0.15646767129980049,0.026312280609473031,0.99295075675106825,0.11557014561126647,0.15444469948139464,-0.11825999120874928,0.98089826652992362,-16.777393526147851,3.5119002703504472,-4.0909209901545767,,0.1230673834624265,0.3138686131386861,0,4
0.13745960788176026,0.98707874616054603,-0.082343215137106407,-0.98831553661310545,0.14220805774415263,0.054856799047916807,0.065857849115655606,0.073840484767902587,0.99509312454619026,-15.692579032911436,12.723817879788108,-4.3937272484044971,,0.1197407007733178,0.4,0,5
-0.9528677807309136,0.26953681161966886,-0.13925839158502173,-0.27490167784770886,-0.96125427223718618,0.020476611591578806,-0.12834352325481266,0.057793868945252319,0.99004434686072584,-5.484169811617349,-12.981824288919933,-2.0417939776168961,0.5519978702936505,0.515218071003811,0.9169675090252708,1,5
0.27784922170308057,-0.94089156310789024,-0.19370822509998051,0.96061013875405954,0.27102733427309544,0.061419422007430884,-0.0052887921021343137,-0.20314342359331258,0.97913470887763432,-1.9761306083829888,19.847301427910416,-3.184929587684342,0.5100488808502218,0.3840613677040462,0.8898305084745762,1,5
0.39020928162100049,0.91991967351955906,-0.038529349961953306,-0.9152948864431939,0.39210626879882038,0.092130042980603996,0.099859838712885673,-0.0006842808890172512,0.99500127857802367,-1.2611151561010894,-17.864252492995611,-1.2591195357741685,,0.1736088113685771,0.2258064516129032,0,5
-0.073359328618486735,-0.95867932683469759,-0.27486789045724763,0.99517623386480147,-0.08836812669787579,0.042606780382695594,-0.065135800104980268,-0.27041638723213668,0.96053750840922647,15.970665149513273,-7.0823566491752148,1.1291887491776806,0.6683924426202714,0.5245715533002908,0.25,1,3
0.94295070548993332,-0.29328042528889453,-0.1575771530343234,0.31378254030516539,0.94107341407948886,0.12617981895854932,0.11128559841989777,-0.16842630867872194,0.97941211659300287,9.6898769156248505,-9.8506428307498268,0.23892232992702866,,0.139582663993681,0.25,0,5
0.66006892948084672,0.73805814137832226,-0.13992565268450868,-0.73959659856630156,0.67111491404473245,0.051006308785176355,0.13155181383457318,0.069820857141031464,0.98884739377971065,2.7783870219138067,2.4025414632904711,-1.2407960216177176,,0.07086042499893416,0.28,0,1
0.96764842636839099,0.23577661350956397,-0.089810419600064875,-0.21320417590944102,0.95447479706932215,0.20861888968704034,0.13490923734701821,-0.18272178381747251,0.9738645939744438,10.803780085638049,9.1318322978433226,-0.50025299605316809,,0.1886298716330654,0.2692307692307692,0,3
0.19852140864560813,-0.96440614175299211,-0.17467124565443271,0.97948821505913664,0.18894378665359068,0.070022011148415289,-0.034526611035980127,-0.18498929491759822,0.98213383705901325,-10.26738827391776,15.920345033050426,-3.904008906532749,0.1456716795557934,0.199523226026856,0.7647058823529411,1,5
0.61101594978771212,0.7888681648432907,-0.065928200353108826,-0.77856016993504307,0.61391375773971391,0.13020737248182773,0.14319068019859998,-0.028229710495918311,0.98929243024981228,-24.278594339121987,13.675980592753277,-5.646464516926847,,0.4543464647068503,0.7745098039215687,0,6
-0.77837571376075332,0.61911376086842129,-0.10406439992041992,-0.62183135558826874,-0.78311183453050692,-0.0078498296491419754,-0.086354000687253088,0.058600390114943203,0.9945395823413381,-0.68754191737897363,-30.710403802393632,-1.0399249061986542,0.5126568616445256,0.3602805808682472,0.9230769230769231,1,5
0.034348662237746838,-0.95214737585412823,-0.30370305243210188,0.99831593576312549,0.018473916784154356,0.054990970168274471,-0.046748923023670834,-0.30508046324330734,0.95117845283804514,32.243305319849469,-5.8152816706965229,3.4358297229923429,0.2970177197050507,0.4316220051098395,0.6571428571428571,1,5
-0.12214727368489117,0.99206769365587844,0.029694018516432257,-0.99208322083715605,-0.1229191639582066,0.025724736445481195,0.029170643885973201,-0.026316731106302383,0.99922795357173455,-19.070011118111076,4.3344153513882784,-4.391639850064804,0.3960542659844252,0.1334781721730247,0.1538461538461539,1,4
0.027520857130912863,0.99952424113565808,-0.013924575575859958,-0.99848171508055583,0.028151753690681659,0.047347052853706842,0.04771652829547008,0.0126004026255968,0.99878143894502858,-11.913961538248714,9.9644938086633967,-3.6967549829226609,0.2121016582076542,0.2738333115053955,0.3270142180094787,1,5
-0.13061321085948085,0.9873143020075128,-0.090280995787568777,-0.99106408273530566,-0.12753681625375843,0.039068458017718903,0.027058696587308445,0.094577109023659969,0.99514973616422342,2.5855262065058948,3.7994819057358598,-1.3375886345336627,,0.08627393792219731,0.345679012345679,0,1
-0.2478361572315334,-0.95185535859493942,-0.18041234847649978,0.96554721682328182,-0.25793470564235466,0.03447114314910308,-0.079346148321898929,-0.1656534452985847,0.98298683857271862,4.1448194936313669,-6.9817971044744702,-0.67436667814565121,0.4808512537773939,0.4062467879102696,0.9678111587982833,1,5
0.90977030586864926,-0.38292281837857745,-0.16027509390005171,0.39887255808169586,0.91332994679416335,0.082031034970515115,0.11497248787874256,-0.13855873647654512,0.98365786916843956,-3.2966387586815626,-20.470558454190854,-1.5514742186533077,0.2167113276438659,0.1207349425439365,0.5769230769230769,1,5
-0.98912441234366644,0.028408009101081325,-0.14431175255228021,-0.025333014030286771,-0.99941210870781161,-0.023101414855962798,-0.14488317813307033,-0.019194321741569279,0.98926257520788852,-15.320650095982566,-23.023053679314614,-3.3975947048733564,,0.2258632392654604,0.5454545454545454,0,5
0.8876274435965783,-0.39622087160073993,-0.23479042204092043,0.4431328986049109,0.87364291131781091,0.20095098327241323,0.12550201412014597,-0.28241296785397441,0.95104792730950083,-15.259662298601835,-16.671719728568043,-3.4626302315183572,,0.5775426150791586,0.8397435897435898,0,3
0.49358124116893359,0.86953088170485049,-0.01713488044078126,-0.86207504757644726,0.49176219682539329,0.1224604185830204,0.11490940219233788,-0.045672612527071173,0.9923254716839387,15.502525540253014,-12.60699369876429,1.1906381210533361,0.2407049826934919,0.1289947178204568,0.375,1,4
-0.98935339300883018,0.028527748103687883,-0.14270960489766707,-0.015389666934625691,-0.99560933460742107,-0.092332069153732668,-0.14471704078496425,-0.089152792613024251,0.98544850584682642,-8.9169520825224744,11.375106955579151,-3.3701761695593406,,0.7212760324533096,0.2121212121212121,0,1
-0.93664905272257881,-0.31488474271077432,-0.15341496290083836,0.31546849085729989,-0.94869987172433279,0.021170372373971715,-0.152210982882688,-0.028568377591391251,0.98793505074558541,-2.2225260102192284,1.1380037815366522,-1.9153433187815165,,0.08812300581145331,0.5205930807248764,0,5
-0.99077952945805692,0.012423212168215405,-0.134913260305632,0.006103449341792991,-0.99068348182889532,-0.13604773698047859,-0.13534648836598562,-0.1356167490791636,0.98147308952217127,20.240936166934119,-9.5183069146134685,1.8059036942181927,0.2304689284155588,0.2703064142534629,0.2307692307692308,1,5
0.71842983247144543,-0.67217706321979998,-0.17898762945035454,0.69164576334657346,0.71768841751260148,0.080928816950421173,0.074058854026969961,-0.18193771200458736,0.98051718755499107,3.2482968415419839,-19.012702770297832,-0.53451958314725312,,0.1709756152194856,0.62,0,5
0.97715427095213792,-0.14671008430423838,-0.15377152507352956,0.161942575515135,0.98253363536266425,0.091663829379704576,0.13763768740981036,-0.11447185918150395,0.98384554705502913,-2.9372433560916438,6.4412736979723091,-2.2703323286630424,0.1682228606694184,0.1290453161339231,0.5450643776824035,1,5
-0.94405896222747354,0.32508674137182664,-0.055419188213401901,-0.31382837699000615,-0.93725483244682362,-0.15187208055101764,-0.10131350173498088,-0.1259840848652054,0.98684526888812341,-10.454422939955622,-12.913220949935651,-2.8127692618227611,,0.3279783532942372,0.4411764705882353,0,4
0.82809016692649218,-0.51278655287429187,-0.22653173426907797,0.55183154565341619,0.81679928584604022,0.16828806215284844,0.098735103491194076,-0.26436504654114235,0.95935525302459468,5.2016215846129503,23.341311972084359,-2.5716400317730632,,0.3686178060723163,0.5540540540540541,0,5
-0.76424059369936881,-0.55405141718719164,-0.3300959588587859,0.62916958233006914,-0.75296755154205042,-0.19283542982392099,-0.14171080273798073,-0.35505899993893242,0.92404066736790491,-46.356099763283886,8.6243773557991918,-8.7921161988234502,,0.2781280561335779,0.1,0,1
-0.044206596257412308,0.99657626298943713,-0.069867938951585468,-0.99821751937663616,-0.041256027317751298,0.043124519933694282,0.040094399320712938,0.071649788945713472,0.99662367365377502,-29.502149015716306,6.3439502599614084,-6.0047676889836135,,0.184375788514183,0.5161290322580645,0,1
0.71776115890314984,-0.67154146410465343,-0.18398636025038925,0.69231540369971767,0.71649001983031047,0.085682164326412791,0.074285264824893296,-0.1888759208362461,0.97918720679865712,11.38529074046445,-12.47563951632088,0.55846210223267367,,0.106915030572433,0.2352941176470588,0,2
0.96813190175565467,-0.19276055937579059,-0.15988742149434368,0.21258568537379943,0.97001974125872681,0.11776683719325576,0.13239315381517874,-0.14800360913668001,0.98008519247327985,2.5035976792664925,22.551717439184266,-2.8267997148789359,,0.739744167793885,0.2758620689655172,0,1
-0.74664680556671614,0.66176647047979864,-0.067702926714643286,-0.66016825408430491,-0.74964817481921453,-0.046962647811863871,-0.081831681128394396,0.0096308119559208628,0.99659963045586708,14.313993861068676,-14.432088048885989,1.0922653178840016,0.6558839915516677,0.5539421726453394,0.660377358490566,1,5
0.98772224144563503,-0.050153118973910338,-0.14795079726314547,0.063094921218263655,0.99445631795184053,0.084116957874912093,0.14291187728832302,-0.092419134073293677,0.98541103047767376,-6.3098755424250736,5.8898077097540522,-2.6999123087691959,,0.09205201979988276,0.421875,0,5
0.20703177556148974,-0.9382060179071775,-0.27732167580377903,0.97776572769221526,0.18876262043514411,0.091339229671442784,-0.033347048720566576,-0.29006575304440385,0.95642555029255338,-3.4344115859310711,-40.60983125199283,-1.3521190895827615,0.5017304177769851,0.3177472422951466,0.4210526315789473,1,4
-0.78224029887353341,-0.58680562934328084,-0.20918716067025059,0.60345433695376305,-0.79713462903918519,-0.020475507277100312,-0.15473518678677892,-0.14225166627353258,0.97766123243814074,4.3252331573578289,4.8061715675807513,-1.10062556600549,,0.102740090155724,0.2330097087378641,0,2
-0.68302395622748213,0.72913402931758531,-0.042916692678500699,-0.72812681256189682,-0.68435359714772159,-0.03861992878587054,-0.057529297299815312,0.0048704580971463875,0.99833193807977172,20.197974889706234,0.48990097865069365,1.3637309301928151,,0.2749693865521127,0.6296296296296297,0,6
-0.96943555985269814,-0.1551488027285334,-0.19006194859831629,0.19840567122845132,-0.9514520168139845,-0.23531733749341499,-0.14432562114009431,-0.26583436330261156,0.95315382093868883,17.839205090983938,-8.8705903363528051,1.4410667683606146,,0.5436080900087686,0.2962962962962963,0,3
0.49249834464139719,-0.77869689868326708,-0.38868563197852429,0.86973215548416061,0.45667878711989413,0.18711083109103474,0.031801859102244701,-0.4302041670832159,0.90217127885001824,-11.387740593220222,-10.342426719166742,-2.968357004133515,,0.4899783576884363,0.2206896551724138,0,1
0.54486979696556193,0.83363200967755335,-0.090413366244547377,-0.83005662784948142,0.55150683483678997,0.082741801354895173,0.11883980359229201,0.029964705392662563,0.99246119194297788,2.0679857139475613,-12.940364325907586,-0.85389042412907523,,0.1723959272759636,0.3125,0,1
0.5211536978272866,-0.82185162778179044,-0.23012762796623601,0.85266863328561959,0.51301362215442881,0.098859624189179512,0.036810664918992375,-0.24774366873123882,0.96812605044581246,3.3714825715202665,-35.095223402597462,-0.33558288085791932,,0.4118570691400451,0.4,0,1
0.12413295797079001,0.97844053749143556,0.16506096855069199,-0.99016933277349117,0.11133770884903764,0.084667626771666074,0.064464728187756157,-0.17394835205231868,0.98264249329955278,-21.69057864253374,12.052187009967021,-5.171007019392901,,0.2016268453203205,0.2272727272727273,0,1
-0.9832416736627263,0.1070027244944575,-0.14760158577631971,-0.098196025714494317,-0.99299367475930655,-0.065735092773090587,-0.15360127508194535,-0.050139593524196654,0.98686000499282034,7.7694391342282678,-18.379122996528814,0.14221851322543788,0.5653333063513629,0.5292871668668836,0.3333333333333333,1,4
-0.36103156402563008,-0.88424459899106322,-0.29625613737497597,0.9275611480433047,-0.37332455820384558,-0.016096300273342239,-0.096366625020249452,-0.28060695536111874,0.95497288452875451,-5.0109993971056834,-10.177723304175014,-2.0030273313185498,,0.4631488879460697,0.2375,0,1
-0.52533940966115389,-0.7861446924420693,-0.32556877491865732,0.84219485836526542,-0.53497092382976008,-0.067185796116768989,-0.12135207126366442,-0.30948769475036964,0.94312832721646178,3.0372154997962277,-12.885423347654413,-0.68974909532462414,,0.1935456083074214,0.2307692307692308,0,3
0.094757587908426366,-0.96538495593463225,-0.24300799655333277,0.99491344818643579,0.08345573043808556,0.056412513459528302,-0.034179381965634408,-0.24711743749103041,0.96838253904968463,1.593806663325255,-11.360098323480084,-0.95385588830926815,0.7744466940397727,0.9320388583566487,0.6940298507462687,1,2
-0.75880434140970721,-0.60509277796295668,-0.24099523131143902,0.63547401860751307,-0.76891850844081255,-0.070264493536747782,-0.14278915621502927,-0.20646321084936575,0.96797944163766825,-13.030810226606892,4.3310329656279256,-3.5795680551863129,,0.689767357189199,0.4874141876430206,0,4
-0.97499195184721632,-0.12312510083264119,-0.18501595438801355,0.16312080582801636,-0.9618805092870476,-0.21949370961307441,-0.15093805530473139,-0.24418455192464988,0.95791002085904942,-12.336225912018275,-15.958300761966683,-3.0599775318486846,,0.3961217211981104,0.1333333333333333,0,1
-0.97232360477595436,-0.16463566927300757,-0.1657766690415868,0.17807881403516509,-0.98154538529217417,-0.069689257446664016,-0.15124398694600708,-0.097281822632325793,0.98369787201051229,8.4608034866764097,-14.385393688423173,0.17775984202562939,,0.1661761231394215,0.3636363636363636,0,1
-0.077951785992480052,-0.95483860340737814,-0.28671721347632922,0.99485399997046309,-0.09317164045092137,0.039806584360564945,-0.064722776542366384,-0.28213877234214479,0.95718789970303908,-2.6946271896722958,36.785134692640781,-4.5596996799026339,,0.3313995349981356,0.3043478260869565,0,4
-0.78905156613599203,-0.59143757195760893,-0.16613014312648083,0.59724339313255714,-0.80185769768189852,0.01801560511871406,-0.1438678398317236,-0.085004888948647953,0.98593925447614694,-13.183786718968616,-13.194758411629168,-3.2139034657823893,,0.2853110251335111,0.3,0,1
0.98864196200768251,-0.0035191444027042273,-0.15024874901400559,0.047188268054444454,0.95643736818661362,0.28809864299278942,0.14268965735337177,-0.29191638590346003,0.94574017855087467,14.181512017708819,-0.12827590405714584,0.55405550599482101,,0.7406429959497558,0.4941176470588236,0,2
-0.89950767683276844,0.43371032160259881,-0.052737996305188592,-0.42452811089086295,-0.89616277656536347,-0.12910523212516845,-0.1032561009449367,-0.093742385472254566,0.99022752071613351,21.040576741240439,-2.8179121007047043,1.6901394379423944,,0.2131185889275899,0.25,0,3
-0.19004802280594793,0.98046904462924911,0.050618193876868278,-0.98135715748415275,-0.19121821128542846,0.019331971638300107,0.028633520254637626,-0.046000523873185629,0.99853095761784927,33.194906787249884,7.2739922570232061,2.9270993089812376,,0.4120181471178944,0.2222222222222222,0,3
0.32645038764155482,0.94506426834199753,-0.016842598133409544,-0.9403757175506311,0.32652836503423927,0.095250914269637624,0.095517821634572411,-0.015256327581413738,0.99531080081495882,14.933257636252669,2.3042377262588749,0.53328636507483995,,0.2006397239322337,0.4666666666666667,0,4
-0.98133020328979703,0.15671136806491157,-0.11150147635987036,-0.1386876604165439,-0.97824358060341887,-0.1542894353362822,-0.13325451196635851,-0.13594500405468082,0.98171390481809018,9.5118945634907952,-14.565878910641361,0.36661945223805525,,0.2192180827052319,0.2173913043478261,0,2
-0.98613780973736054,0.11761995954191004,-0.11703745265410657,-0.10033385948435845,-0.98448041654564311,-0.14398411745429249,-0.13215648621000731,-0.13024536289433847,0.98263462619487818,9.4652992767031598,30.950900259611164,-2.6940608194702182,,0.6806302728425599,0.631578947368421,0,3
-0.4479487233967987,0.89336070824685887,0.035335338796318422,-0.89405114294958832,-0.4474263758319354,-0.02195887065484671,-0.0038072296640846944,-0.041428048114433444,0.99913423614232888,12.106730808159545,-10.461135189742318,0.67140034463731768,,0.2495225104902726,0.2941176470588235,0,3
0.15367345195387891,-0.9346388458156335,-0.32067849640566837,0.98784176555679237,0.13759031508555794,0.072370929359082042,-0.023518426525158297,-0.32790110260119321,0.94441926628309725,-31.339088084642963,8.6217052258181148,-6.3791370394534948,,0.2141983052101744,0.1875,0,1
0.34231702990471968,-0.91891674366569687,-0.19598742114748868,0.93956226247974839,0.3362146639293922,0.06467190025646545,0.0064657529451472018,-0.20628067764499333,0.97847149987578841,-1.4017330522597722,-18.936128770302659,-1.2817273195367223,,0.5606644755933687,0.5128205128205128,0,1
0.39854570418077861,0.91517039737643335,-0.060203533491881171,-0.91155537874792325,0.4024992683191792,0.08403053301184682,0.10113413446891678,0.021388846822262348,0.99464285252387785,12.643244157964695,32.803414369193156,-2.3516794504965763,,0.4205485832171658,0.8387096774193549,0,1
-0.32367327517172129,0.941249059348505,-0.096362955616599494,-0.94616222045565823,-0.32237101901992382,0.029222913586347449,-0.0035585842733226879,0.10063366420642507,0.99491718354160485,-5.1962837105868784,-13.923874299339518,-1.964290526590267,,0.09707574097532372,0.2592592592592592,0,3
0.019098007121134481,0.99865761929312835,0.048147954803746701,-0.99783748275015149,0.016008759364009625,0.063750118764339878,0.062893752812527431,-0.049261334243073142,0.99680374036504837,26.72590180635467,-5.6857440930061829,2.6373023885881191,,0.2372704596645918,0.1818181818181818,0,2
0.97911991820902244,-0.039284107301213456,-0.19945160987042271,0.091505101913310835,0.96129938660311587,0.25986593782238371,0.18152410884009643,-0.27269075567393042,0.94482207302739796,1.6174037020088619,15.439113929657829,-2.2620414663166071,,0.4156735473254719,0.345679012345679,0,2
-0.96782756498872446,0.21827641192831099,-0.12516074641715594,-0.21998880906264226,-0.97550238511842347,-0.00014323221781196218,-0.1221258708677143,0.027395339457108613,0.99213646593643223,28.398230212303069,7.6484591093213883,2.1696327386368699,,0.174565086698763,0.375,0,3
-0.14046825058752296,0.98878000459022275,-0.05082099073650876,-0.98995976916821271,-0.13944833311422025,0.023104497832340164,0.015758363027296683,0.053556184649626117,0.99844048850218192,-6.8953280582915832,-22.345262138492938,-2.1064471408517633,,0.1448628731963278,0.4,0,3
-0.3437500799170759,-0.90534940404172892,-0.2493558484541504,0.93433031061107885,-0.35636054448057691,0.0058337818703253306,-0.094142196864145766,-0.23097536435471253,0.96839435553435538,-25.153286763107491,11.146337487159906,-5.6330715858256832,,0.07879131472808822,0.6666666666666666,0,1
-0.73805869695312076,-0.59545905766967588,-0.31732927770850672,0.66043969202555353,-0.73384115093252889,-0.15904898111969429,-0.13816212595734351,-0.32696433419742088,0.93488264028902801,-11.135908161745157,-10.968146856894109,-2.9588258148130642,,0.6858859442572789,0.2429378531073446,0,2
0.51637702520450568,0.85541409596267326,0.040267757192415106,-0.84609137715523408,0.50235951527702194,0.17822541601633127,0.13222764213470692,-0.12610171227623171,0.98316540257298424,11.385979906544407,-8.6379941730719931,0.49512658537694004,,0.1925922315920799,0.16,0,3
0.97116196564712642,-0.18343929046030974,-0.15229728558259933,0.19728602005900114,0.97696881346694275,0.081302913860901618,0.13387554955886874,-0.10900442297637235,0.98498496079985876,16.784040097111703,2.6684675206712716,0.74562581212848211,,0.1040814977684832,0.6206896551724138,0,2
0.98078764178489675,0.14342041105928155,-0.13223534857823691,-0.12472468675293316,0.98223152086097787,0.14023192197753467,0.14999784743923428,-0.12104472363022439,0.98124860287537707,-0.41611356776890079,-9.1351410764647589,-1.2906349964038906,,0.7229034836795618,0.2618025751072962,0,1
-0.95261516082904873,-0.25458016150815455,-0.16647311111746738,0.26412955495032464,-0.96375358138330047,-0.037611335692931326,-0.15086395712823539,-0.079799597350769691,0.98532841768735502,19.94593875654235,-12.042326111268014,1.8692995624014783,,0.1058847092328824,0.25,0,3
-0.25413525583999186,0.96178539688043652,-0.10190251266128507,-0.96713736331583067,-0.25186455940936725,0.034778789398543904,0.0077841003105576312,0.1073922439520975,0.99418625705714159,-14.390733350941774,-21.962047541044068,-3.2803663520462392,,0.5113347324265397,0.1538461538461539,0,1
0.96993658004924743,0.20196344664497956,-0.13577111954186516,-0.19043106806791946,0.977258983001973,0.093278553035849227,0.15152240427369901,-0.064619241416399339,0.98633935065062073,-1.9616137125453119,4.7454054417747624,-2.0403253315353633,,0.08176273176511281,0.3955555555555555,0,2
-0.43327624780571428,0.90055312035143464,0.035717929848976822,-0.90064156953491459,-0.4311689390569271,-0.054204328408443962,-0.033413415166485057,-0.055654500427359664,0.99789083584783667,-8.9789185708223282,-16.170387034257828,-2.5140316788932267,,0.5539424659182446,0.1666666666666667,0,2
-0.97222676692725774,0.21292034566098988,-0.097159868638120414,-0.19191091953542383,-0.96289026962146218,-0.18976966994590153,-0.13396011583019893,-0.1658531129400739,0.9770094330633905,-15.498502043542571,3.4841626262805776,-3.8993628123245041,,0.2672163295578612,0.2456140350877193,0,1
-0.78282174539657212,-0.55561978503978493,-0.2801370546832514,0.60551163317253831,-0.78391030663613015,-0.13725994769914893,-0.14333798180171681,-0.27707631732429033,0.95009627793767304,10.90505592881169,-19.299425426107959,0.65280026572117544,,0.2502572892346779,0.1666666666666667,0,1
-0.064283417598971826,-0.97540235311264467,-0.21085040138475272,0.9963616736046399,-0.074580573617500562,0.04124504104307624,-0.055955853970399282,-0.20743188660666362,0.97664781514384358,12.457474637649623,-32.266564717974383,1.1693752129817852,,0.2479992818571903,0.1666666666666667,0,1
0.78115731578580594,-0.59908834963378221,-0.17574526260296702,0.61838741029149713,0.7811899170737987,0.085669856164271058,0.085966614376108197,-0.17560029269708596,0.98070091180614649,1.7151360892115548,-34.843500496789517,-0.63902130808926916,,0.1289621839440616,0.2105263157894737,0,1
-0.75135106823677744,0.64814859587358065,-0.12399584640848857,-0.65535744594720358,-0.75490083384843931,0.025126661069213508,-0.077318757756509038,0.10014054484590593,0.99196455631083591,31.141556209566719,21.294345033171595,1.7156859603914671,,0.6474757365739314,0.9347826086956522,0,2
-0.73608015971365026,-0.60605232672365816,-0.30147400509623767,0.66244278016552038,-0.73651339055526555,-0.13681223826603298,-0.13912426633230465,-0.30041405227722973,0.94360788239176518,32.494863515908364,6.0569381894359982,2.8729973985373847,,0.5121087708650077,0.1538461538461539,0,1
-0.5344093430696395,-0.82739714405634279,-0.1726864790517266,0.83700102721392533,-0.54647891427864292,0.028108302895554566,-0.11762624912284171,-0.12951742066703553,0.98457569707008752,6.5157683682367225,-14.217583367708732,-0.12616128986574646,,0.07963824272025219,0.5294117647058824,0,1
0.97680111233119271,-0.12297470330081389,-0.17531916408830567,0.16553127578679291,0.9529840424779924,0.25381255193292002,0.13586384244876273,-0.27694518795310613,0.95123203225326547,18.101240608220984,-12.330030119296939,1.5959012953338918,,0.2363287956928933,0.3333333333333333,0,1
-0.26320089145303854,-0.87587796174380905,-0.40442933482851751,0.96111622899889038,-0.2743652393291357,-0.031293925973251931,-0.083551691145535761,-0.39694018640013951,0.91403369922959865,12.760048298588917,-0.59112163932431694,0.40014029002501544,,0.7821613964908182,0.3931034482758621,0,1
-0.86193729107671024,0.49479810857385875,-0.1106297338109177,-0.49633043303116581,-0.86800093703456882,-0.015181388414969601,-0.10353843488501356,0.041823498883313118,0.99374573581108772,28.954242470744429,2.1587589239683327,2.548514457621462,,0.1193135561785031,0.5714285714285714,0,1
0.86584220210563789,0.50029779811138131,0.0044038912070713055,-0.47743885553576454,0.82358595423177483,0.30619979623905119,0.14956410089844219,-0.26722329463772587,0.9519570843926739,3.7602882155216206,9.6919482827294257,-1.5293005378998714,,0.5529264661670928,0.3700440528634361,0,1
-0.6019013888934317,-0.70557281076168432,-0.37400765602058728,0.78868028070846108,-0.59870207386701402,-0.13978283717595358,-0.12529218997918601,-0.37910794697710137,0.91683097224571697,21.203779026094484,-13.062807248919398,2.0660583344377921,,0.3986524299903426,0.1666666666666667,0,1
0.1026701424698331,0.99390180892768387,-0.040224818899569068,-0.99281659825534763,0.1048877971572376,0.057565199870958171,0.061433248928453588,0.034025640593251798,0.99753105801689967,19.151237018765244,1.642811989534225,1.108799216495111,,0.2134651554404382,0.4268292682926829,0,1
0.58340198035943724,-0.72847962900516694,-0.35910939758962057,0.81076883245429732,0.54845085913662428,0.20458630314122486,0.047916903420204972,-0.41051076141410975,0.91059589562540066,23.060396440371829,0.63862064656942041,1.7629260007787684,,0.7216379708706512,0.3846153846153846,0,1
-0.81598265808986825,0.57595370051904138,-0.049493803198136073,-0.57049400793674365,-0.8161445185787003,-0.091895112504485843,-0.093321426290344012,-0.046748900012340742,0.99453790865043079,28.387213955835048,11.428705820534297,1.9678950092872767,,0.3934888959276993,0.4242424242424243,0,1
0.51714953782689432,0.85301355200276918,-0.070172898080736734,-0.84805181012157127,0.52175936861233285,0.092602854247517269,0.11560485662357217,0.011620729963290492,0.99322730316889951,13.577500484062476,-11.064795132984916,0.87165800006013927,,0.06588723936098317,0.1904761904761905,0,1
0.94388836027633827,0.30942359439774214,-0.11546342522559978,-0.29298575807850874,0.9458613082992291,0.13966291929367947,0.15242738893652807,-0.097997064713454138,0.98344418571139081,8.3014445534529813,-5.3680688498899887,-0.085533366971629124,,0.8134568476504941,0.3037037037037037,0,1
0.46921868479329404,-0.8492240487025936,-0.24218245383600195,0.88264503801307315,0.45963158270634058,0.098369431480341982,0.027777017690038486,-0.25991791643524736,0.96523111947564555,-10.524143739032755,-17.781189076073048,-2.7809598371228175,,0.5661738666390529,0.4285714285714285,0,1
0.36995796601561315,-0.82705293479563391,-0.42321926518947517,0.92898310092859948,0.33472376115988828,0.15795696218926669,0.011022775089509355,-0.45160098179798808,0.89215192185435521,28.545270830128278,-2.7031827252765463,2.7445622451298464,,0.256843852710923,0.2,0,1
