axis_00,axis_01,axis_02,axis_10,axis_11,axis_12,axis_20,axis_21,axis_22,location_x,location_y,location_z,dbh,dbh_approximation,score,reconstructed,number_clusters
-0.84126700928488729,-0.39406984325595357,-0.37010644107484814,0.42801924491681081,-0.90370644132635614,-0.010686153943126062,-0.33025648376633715,-0.16740258821619616,0.928927891921011,4.5628966662727164,14.260328320290226,0.0018498155759555566,,0.08128834930753757,0.3181818181818182,0,3
0.69413582157764842,-0.5530476200882446,-0.46077520670870897,0.69222266447553005,0.68844840345593838,0.21648690160231027,0.19749238969925498,-0.46923035461668439,0.86070879530604261,-40.343353118890462,19.108775898180021,-22.4411991976121,,0.5995544301972596,0.3125,0,3
0.73653053039445626,-0.56131077971212606,-0.37742944556012831,0.63809742794962843,0.7617068921921063,0.11240232573711036,0.22439797289844135,-0.32362450303709656,0.91919134612607289,0.99416920411077603,-9.7786788490335699,-0.074831197350802459,,0.206262475621379,0.2972972972972973,0,3
0.93548765845835813,-0.048567035194505601,-0.35000583418639536,0.096882293574994782,0.98780564946078542,0.12187624906028413,0.33981857227607115,-0.1479230948357001,0.92878527978778869,-6.0844451823520131,-9.9108126858178363,-2.989228198650673,0.2394929737631172,0.122563056554779,0.2222222222222222,1,4
-0.15615224520877982,-0.90298403624181856,-0.40029527427724088,0.98345265911790836,-0.17982362174227276,0.022007551826734712,-0.091855013963155874,-0.39023492329099196,0.91612191385966824,5.7887745204460233,-4.4456123060091173,1.8553234937435119,,0.1105254987613031,0.3333333333333333,0,5
0.68414853401973341,0.70969025337235458,-0.16816815295094673,-0.68080481432082907,0.70411955805260251,0.20179309394869979,0.26162107750758717,-0.023566761255863055,0.96488290458877846,24.267989647937199,1.3879157334906851,9.0299747882681007,,0.2591143637729064,0.35,0,2
-0.83324662200556376,-0.31373559903596177,-0.45526919598613719,0.44872885230683396,-0.86479457092263579,-0.22532813230958415,-0.32302087242732308,-0.392046328895298,0.86136937023324112,-16.448932789622148,-13.357756728810674,-7.5696650118726323,,0.2050835666544361,0.2142857142857143,0,1
0.83318451178328623,-0.41335838231097793,-0.36733964814283226,0.47230384644766832,0.87743313210065488,0.083905752620264257,0.2876328318450202,-0.24340490230331677,0.92629444971862362,4.9173010285776639,5.4691353021029983,0.94882547365751901,,0.07198503536004761,0.2909090909090909,0,5
-0.077247960847736996,0.94835945069083616,-0.30764769596121522,-0.99699870187987394,-0.071888986489570567,0.028732595973042532,0.0051323478754130075,0.30894388795844507,0.95106641886800269,3.2265602412442038,9.3847474530345121,-0.2160031773632459,,0.08449184914395051,0.3684210526315789,0,6
-0.64191593771819655,-0.54145907103433455,-0.54292357040195338,0.71996661570843568,-0.669221146579835,-0.18382363622698991,-0.26380295898399364,-0.50888616739405179,0.81941617476486428,9.9279070519443575,-12.320749297161557,3.8881454386915304,,0.3243993171600739,0.2727272727272727,0,1
0.83604859166781897,0.43979228463045217,-0.328032770847343,-0.44293146216277485,0.8938573789129447,0.069503280420619845,0.32378151923265192,0.087187915116767489,0.94210604247132812,-0.34184898205912451,-11.779140027175947,-0.4395424342428208,0.2072029725231259,0.1520341248824991,0.4925373134328358,1,5
0.47768884573536935,-0.77348162583093882,-0.41658077387457376,0.86817758548517687,0.48819210460623347,0.089085066432399662,0.13446578271493193,-0.40422103297832557,0.90472333327752552,-26.799411179829033,14.362896731418484,-15.057439056013502,0.2235047593262313,0.1775640233618176,0.6268656716417911,1,5
-0.79989668103366507,0.53030499147562815,-0.28096604009623982,-0.5314441372681401,-0.84341190834233393,-0.078889047590048583,-0.27880535976671944,0.086214667443405182,0.95646986491105579,17.552168677495555,5.2052440475603978,6.2465298010582373,,0.517417363596361,0.1509433962264151,0,5
-0.92203403727452971,-0.14894173894913901,-0.35730881951897026,0.17264878825576618,-0.98435434976706493,-0.035198153481056683,-0.34647601651636611,-0.094142830281795625,0.93332282597474558,18.369892089903686,7.2765962765218974,6.4694675524966865,,0.1048325217383259,0.25,0,5
0.10447838539381224,0.9603845750518144,-0.25835195952043577,-0.99147396157875767,0.12092160362203822,0.048552541527704808,0.077869445206877344,0.25107654964178072,0.9648299931714146,11.151879142789912,8.9380242029989319,3.3991693972205854,,0.5578538488077283,0.4905660377358491,1,1
0.87197228129314841,-0.31304619679928714,-0.37638599778143422,0.38527374116568103,0.91315661984566177,0.1330756626894864,0.30204053539984271,-0.2610499306675797,0.91685574038331075,-10.985809722138772,7.2214327567180909,-6.7493929884463366,,0.07688071478548172,0.3783783783783784,0,5
0.037345005348877781,0.98559733650541281,-0.16493404999856534,-0.99834234624048979,0.044030645584635389,0.037065643828677955,0.043793952533728635,0.16327642978347254,0.98560788207006367,-7.9366538306651986,-16.479936781139511,-3.6032060390321772,,0.3466167702811798,0.1935483870967742,0,3
-0.27874304357634538,-0.78149901848687198,-0.55817703263557139,0.95010306862108107,-0.30914558300104111,-0.041631328440867199,-0.14002312185707247,-0.5419301547385994,0.8286767963026338,-22.042941496268469,5.6062584950728285,-12.405705000199058,,0.3997538640143136,0.2833333333333333,0,1
-0.67339570326008136,0.67886533633650858,-0.29271160201054702,-0.70535420522868908,-0.70855549273561469,-0.020604826628626224,-0.22139031595141195,0.19259015767922993,0.95597874409843653,-25.84646650770793,14.373109344278905,-14.582468989844291,,0.1237269276261565,0.4090909090909091,0,2
-0.85358429683828618,0.4524979393039138,-0.25814620492426466,-0.43950306781792503,-0.89154145761082526,-0.10950288918470141,-0.27969787551878411,0.019986102343285021,0.95988002070227618,5.2420554571345344,12.471707305848115,0.44586870401832285,,0.1604991183719148,0.4117647058823529,0,4
0.53778219593787802,-0.75960776459845936,-0.36576816932855977,0.82696908748535525,0.55969263400711144,0.053537685622560637,0.16405010842993248,-0.33127058336036053,0.92916487370337753,-5.8439053028982295,-7.1481387914039836,-3.2339577107322559,0.5906797117685482,0.554084258715453,0.9910600255427842,1,5
0.88660540462458337,-0.30140953211888877,-0.35083208296612967,0.36839957316874555,0.9188175279719818,0.14161957767393527,0.27966517655862494,-0.25480707258498586,0.92566772914534723,7.0014515758717852,3.2466825431699866,1.9444106947253288,0.5603665372364026,0.2390028138148993,0.4519774011299435,1,5
0.75549992127386389,0.63309771262855585,-0.16854422333523314,-0.61475569088891302,0.77399392757289531,0.15168665267576761,0.2264846782342711,-0.010985733693051721,0.97395277307492911,-30.077755217199389,10.42407867185579,-16.704701063286315,,0.3283926531587805,0.25,0,4
-0.70929182856864315,0.66662812949749561,-0.22915505425021887,-0.65778688945549457,-0.74279036086251515,-0.1248154151945931,-0.25341963220361446,0.062204636261329389,0.9653543770250278,5.9716544833429941,17.962562253742419,0.28926877584959276,,0.5387737168620409,0.8604651162790697,0,2
0.15674886581284991,-0.8829861839008899,-0.44245360446777948,0.98762328215168993,0.13765090871839056,0.075182976004713867,-0.0054813883559972545,-0.44876232726148751,0.89363433685850768,-8.7097674882969969,8.4282989921760354,-5.7193311100299518,0.2471148374631919,0.2864437881336131,0.1587301587301587,1,4
-0.93357603425737712,-0.091307407184398226,-0.34655265927926832,0.12696815903123282,-0.98854604229482934,-0.081583140754996494,-0.33513411472497057,-0.12016521816437774,0.93447602724254974,-0.7721531208562803,12.189534275794287,-2.2457881015210175,,0.1439450448216463,0.3333333333333333,0,4
-0.77147151521563884,-0.52681046629884698,-0.35679466617212535,0.5576490524435862,-0.82984745328766063,0.019512523690042312,-0.30636454677337777,-0.1839128512909734,0.933979029534586,1.2309813219618799,13.272627271993096,-1.4272484379735337,,0.09545009277101829,0.5686274509803921,1,5
0.93682389060126814,-0.051665620105071738,-0.34596482725540462,0.083544651767079023,0.99345715068936002,0.077866429899511591,0.33967821413776467,-0.10185064282240176,0.93501077929446474,5.1745368561011462,8.081343498103351,0.81778025112082409,,0.0765122022376479,0.1,0,1
-0.20825270799804715,0.92332464817762783,-0.32264904103242048,-0.97744610314063796,-0.20829715927638401,0.034805299777045683,-0.035070287518945122,0.3226203457704569,0.94587852678252993,4.3056431833031672,4.0026624362307768,0.72267583369203547,,0.09013771070212276,0.3207547169811321,0,5
-0.17279807156272869,0.97313546043990928,-0.1521453321617435,-0.98436876567313947,-0.17596105694061426,-0.0074725904130075547,-0.034043496168002209,0.14847586361003959,0.98832988333547378,-4.1478206056110807,16.11888498940116,-4.0766573423379979,,0.2674392030870874,0.32,0,4
-0.22023812044152558,-0.87952830289240647,-0.42181172899243558,0.96746564930067946,-0.25215875274473881,0.020644147776840156,-0.12452063173465863,-0.40354172996782062,0.90644839039350711,4.4799468410931311,13.012778812203328,0.079376100391278501,,0.1009628764009259,0.2857142857142857,0,4
0.84063869472514319,0.45258950062516284,-0.29747155974088535,-0.43247720901126557,0.89158046696032001,0.13434185729192843,0.32602154624600399,0.015716706356127937,0.94523168404612889,-5.3562252183605858,-4.8569674325792338,-3.0706484776622518,,0.1616988833457067,0.1485148514851485,1,3
0.57581182097052019,-0.72301986879663094,-0.38168444578724636,0.79807868590197384,0.59842714478698367,0.070394342749100586,0.17751382464358434,-0.3451481156074912,0.92160817072821422,-5.3400678858425463,15.834683209566847,-4.7748435245674825,0.201605910185907,0.09317749162223743,0.2105263157894737,1,4
0.92297011147680963,-0.12422944300094796,-0.36427080422696578,0.21092175924066006,0.95495333663990867,0.20874897920500177,0.32192885052339015,-0.26950170747507241,0.90759608024093452,-12.466239268058004,-8.4080040063954815,-6.0803794892451464,,0.5103086542470727,0.92,0,2
0.611155629574614,-0.55901119477185868,-0.56035281792723801,0.76759344506518357,0.5913100058149614,0.24729088158699364,0.19310385685485373,-0.58125636438911277,0.79047576770254657,10.929300102356281,6.3677753419053271,3.4525172613687993,,0.3816259930408234,0.25,0,1
0.56290923755012523,-0.7020988298127141,-0.43610827033702759,0.80890087306902225,0.5763419168612065,0.11622982584914411,0.16974265176704831,-0.41819520327756865,0.89235654540476261,-11.171926494700012,12.499161100243846,-7.0046498656968588,,0.08755430405951495,0.4,0,2
-0.80489635312235908,-0.41414470157963762,-0.42500120809691916,0.51295597647577418,-0.84566333340698407,-0.14740994786232556,-0.29835888947392331,-0.33665663915108168,0.89310933282962957,3.1084481518542559,17.046597776785081,-0.8404819858406567,,0.2218776095297929,0.5,0,2
-0.47800403232146421,-0.79794240237359981,-0.36715128704482214,0.85507585526774577,-0.51833320933376392,0.013265211641488384,-0.20089157977016814,-0.30760137612827587,0.93006664631167002,-1.6106596923494374,11.286909556895802,-2.6054124867190565,0.3079592661286871,0.1496315536104847,0.2962962962962963,1,5
-0.40176634332703148,0.8557098397801105,-0.32610500682008092,-0.90934375065681794,-0.4148283090082604,0.031802785832990468,-0.10806363176859193,0.30931883898147278,0.94479844799837431,-5.5226150243261234,-1.5751339699837261,-3.4210339146270927,0.2522459248634977,0.2326295400023815,0.8496,1,4
0.91049090632169716,-0.038508725363768558,-0.41173217942778406,0.12301469640873744,0.9758029202825822,0.1807651659901619,0.39480842692749268,-0.21523414886779116,0.89319682443915804,-5.7914137047960734,-14.626968705450066,-2.7467045847498768,,0.5729901476920434,0.3714285714285714,0,2
0.099618818723432298,0.99290189000697515,-0.064976363215593996,-0.99211013255604086,0.10411020442955304,0.069846619197146811,0.076115542668908936,0.057505670626587541,0.9954393612922906,-14.304832864836229,-16.294297630597747,-6.3565991477877342,,0.3251000235360536,0.2727272727272727,0,1
0.4602768803227561,-0.80280746665571079,-0.37900575842880041,0.88145772040312476,0.46410303075778953,0.087410891673518967,0.10572360465892659,-0.37431076437002569,0.92125673462648217,-18.260854953458576,12.02246273033041,-10.813181556081364,,0.1243217152545599,0.28,0,4
0.93406529805226324,0.12291478351658489,-0.33528193355384961,-0.089909005452247434,0.98959739281381021,0.11230926442060257,0.34559859622562811,-0.074759321353127392,0.93539972961172857,21.22091661505312,5.1044368131207882,7.6372790446718639,,0.3560912557972834,0.45,0,1
0.42549254756851751,-0.82783461430654193,-0.36557617991274155,0.89697664787369213,0.43934117949047602,0.049114368296787461,0.1199540959406058,-0.34881109408941924,0.92948471504765195,-19.39308702565793,16.316189271965239,-11.659344890012077,,0.1379303724940087,0.3846153846153846,0,1
0.87949059326135315,-0.30558856426239883,-0.36484507089563173,0.36531756550432049,0.92482713133654404,0.10600874245935611,0.30502356089126842,-0.22651800488231261,0.92501363274567261,7.7963089573032436,-7.0484007909844717,2.7791270765850502,,0.09586586100544399,0.2,0,5
-0.93875199067936022,0.043298403262361,-0.34186246981859525,-0.038059372123116449,-0.99903280824207963,-0.022021177296844555,-0.34248530507035502,-0.0076613530707623587,0.93949194753334209,6.6065825653244286,15.978921564569136,0.64046998493072016,,0.0857908383425854,0.1739130434782609,0,2
-0.88872043891129116,-0.24960082216668728,-0.38454572034419332,0.33092491577490352,-0.92976865952970966,-0.16130387433567175,-0.31727697927945181,-0.270609810114192,0.9089035422360644,5.0364454912166563,10.615726265413162,0.39951851362937546,,0.2597770916892992,0.2580645161290323,0,5
-0.93709063822550343,0.091413025426486202,-0.33690472619495515,-0.0016542989444211431,-0.9662568904784109,-0.25757500829466423,-0.34908222390308513,-0.24081378778087104,0.90562151065967278,0.03025080003418441,-14.936738715403193,-0.26163999365330526,,0.2329169630531678,0.2857142857142857,0,4
0.049854166501895995,-0.8887171005696336,-0.45573728971580396,0.99300129493733069,-0.0048094646091704505,0.11800549691839973,-0.10706535543856634,-0.4584307845305316,0.88225745984918469,-16.822313174185933,17.421503057364809,-10.325387660262377,,0.1801133063597644,0.3157894736842105,0,2
0.78800796899146064,-0.46191730728638131,-0.40703297413754219,0.54609180307655292,0.82970541196625269,0.11564026965772232,0.28430121951647236,-0.31340282478498893,0.90606373175303545,-8.8481989296380554,-10.133730937241081,-4.1896452459927982,,0.3955212884212915,0.375,0,3
0.18037410274433513,-0.91546519588184705,-0.35970634994143391,0.98323131297982358,0.17780315745625463,0.040524342987390653,0.026858299185716708,-0.36098408874575,0.93218513152552063,-10.761237263844434,-4.7548334158402934,-5.6266855774547366,0.5276533455078454,0.5443790299130056,0.9923664122137404,1,3
-0.91231417637236545,-0.20491146543132319,-0.35453368658676382,0.21928819267391164,-0.97566005444798143,-0.00038302528894005764,-0.34582586968563156,-0.078094490774639605,0.93504316390572417,-15.765964747635863,11.972320923976497,-9.3555356018320666,,0.6465781579782964,0.6428571428571429,0,3
0.92175460330364034,-0.10605072532510744,-0.37299020757463142,0.19790106478118297,0.95583339884847807,0.2172963004844739,0.33347206756641867,-0.27410902448438901,0.90203138684260487,10.257201841018453,5.5986271392114491,3.2621742365991966,,0.1725182077703844,0.1428571428571428,0,5
-0.91728426203194457,0.2231562540972902,-0.32983460838089179,-0.23537809445293589,-0.97189936837589197,-0.0029614864926840777,-0.32122692178616569,0.074919316653365459,0.94403408874466832,-17.515765085812902,12.018993205501095,-10.431757499391685,,0.07335214179051699,0.1481481481481481,0,2
0.61279342657673475,-0.56394104618526497,-0.55358351923789428,0.76612032450317347,0.59572209105248974,0.24119460735099313,0.19376239244883156,-0.57191405530858974,0.79710127876762737,25.21053456696502,-4.8224528822672807,9.8035798196511408,,0.2387985057457804,0.2941176470588235,0,1
-0.92105962158598531,-0.15401068751066865,-0.35767286955593119,0.18658357106213058,-0.98071408573085872,-0.058193238943963721,-0.34181244051904525,-0.12033532391437529,0.93203200874478409,-15.248545548774924,10.494723387055721,-9.0454669357078803,0.1593117347928303,0.0825070374836812,0.2285714285714286,1,5
-0.067644006134951945,-0.91270385319111946,-0.40298382697584723,0.99615625204659752,-0.084313798294958317,0.02374668241152518,-0.055650785641276734,-0.3998285379849244,0.91489897271247789,-10.856185711482304,-10.88887837146722,-5.1187961636046477,0.3890596888086313,0.2249312523468572,0.3796296296296297,1,4
-0.53571038410285032,-0.68222664112770293,-0.49757531540460298,0.82305544101955153,-0.55353932500776415,-0.12717687163183714,-0.18866405426707203,-0.47766204141166829,0.85804711340459006,-19.976567956124306,14.761315965740444,-11.957869799818688,,0.2823109971388781,0.4545454545454545,0,3
-0.62949370767440116,0.75523667647411807,-0.18263415481958273,-0.75069301199558103,-0.65178804331553308,-0.10785336495404296,-0.20049357530688369,0.069209169184699298,0.97724736743642626,-14.179743824699043,-13.41911600428093,-6.461133145375328,,0.260083453010869,0.1,0,1
-0.44149623217303757,0.86028301280487163,-0.25493962982711155,-0.88834965363127438,-0.45904495156200303,-0.010612508592839734,-0.12615851089088717,0.22179014929615715,0.96689873296275575,-17.225495475289517,16.56232184625388,-10.663093639808048,,0.09253469897042008,0.3181818181818182,0,1
-0.89018294036296608,-0.22365318670839471,-0.39693020137289081,0.30534620553118774,-0.93946909642664944,-0.15543973631925512,-0.33813906525932391,-0.25957093237586121,0.90459101455358026,-3.7818877874005654,-13.270957761618593,-1.8926145621222512,,0.6797468637133779,0.6507936507936508,0,1
-0.61837835874248748,0.71805943061225153,-0.3193726030011918,-0.76104417500632648,-0.64851558177831492,0.015469449882695037,-0.19601012506472001,0.25262263219977527,0.94750294805481705,-11.741758344764369,17.34761484700384,-7.8908042974965742,,0.08590074221733793,0.375,0,1
-0.71353834531692939,-0.52846621654409909,-0.45998531251980501,0.62706339081677398,-0.77454963558592882,-0.082851468973537512,-0.31249725384352861,-0.34755764987303756,0.88405268302006901,16.13040585217103,8.026253988704676,5.5094549193408611,,0.2659979529232925,0.3888888888888889,0,4
0.62215944727597938,-0.60852451998755863,-0.49256017981477201,0.75514683728992738,0.63245996914700386,0.17247504618811368,0.20656930143723939,-0.47926224136737866,0.85301631151065826,-26.14691814354503,3.85776107869791,-14.050958986430457,,0.406432744726705,0.4901960784313725,0,5
0.20974149849777268,0.94378656467376343,-0.25549055589043895,-0.97047119835806273,0.23278547678885886,0.063218470035652535,0.11913923352688623,0.23468668930614781,0.9647424531433999,-1.8575670845099734,16.377984931334574,-3.1817060962467258,0.5243879846720143,0.2681815790619867,0.3157894736842105,1,5
0.79546979991884559,-0.48270718801217105,-0.36636261826018202,0.54449347894413413,0.83470146965445025,0.082463979676072247,0.26599746014649656,-0.26507966198500504,0.92681072717007851,3.0045160545964134,13.84216973523721,-0.75598843328381349,,0.1144422166300385,0.1818181818181818,0,4
0.58805559523847217,0.79159581673140855,-0.16603216508273405,-0.77047089213750797,0.61070354661503923,0.18279984278068762,0.24610002291255106,0.020426479998919979,0.96902917274832068,-17.044488169896052,14.538640821303545,-10.481285023679519,,0.1235967855322225,0.25,0,1
0.52059550191719861,-0.76109812489447548,-0.38692372331726371,0.83893521247302349,0.54019256416975125,0.066179323723897371,0.15864435904381735,-0.359056594282605,0.91973383619705618,-3.6474991888142831,-3.2366613160447844,-2.3906326727306371,,0.06661177371862262,0.2375,0,5
0.54791704785530593,-0.60912708311847885,-0.5733682109090984,0.81951511480665162,0.52840092181013321,0.22178242138105056,0.16787461175820181,-0.59140228477896095,0.78870872461591146,-8.5372254035446797,12.846788593022936,-5.833297080863022,,0.181534693614973,0.3448275862068966,0,1
-0.42799129738766778,0.85457493602234802,-0.29415153931744342,-0.89989655835173776,-0.43309867141138025,0.051105039755342738,-0.083723554792655558,0.28657847013357074,0.95439150605439893,11.960254068219609,11.417570379121324,3.3501692238943783,,0.1215041097998798,0.1428571428571428,0,3
-0.78970426505565783,-0.46277746722730156,-0.40274581261583442,0.52270185935143954,-0.85122981597195491,-0.046803489516280605,-0.32116964362070821,-0.24747690039079762,0.91411445880125519,-8.768486534928325,-18.97866147640709,-3.7493266651641854,0.5583441690076205,0.4482386420765447,0.5128205128205128,1,5
-0.41841960959367863,-0.78427787766503654,-0.45807558427916606,0.89041481174317472,-0.45367733534092886,-0.036583308028664815,-0.1791270312818237,-0.42318445860307774,0.88816013233030189,-19.193176948833575,10.674131467664415,-11.29075543257945,,0.2936220372712293,0.5,0,3
-0.94002596476890632,0.013694718717076053,-0.34082787479833315,-0.017159724386049253,-0.99982716814313544,0.0071538592293726106,-0.34067099879397278,0.012573325818534225,0.94009849593464334,-12.165040170438843,11.299774164075901,-7.3936622873003817,,0.08241353917469714,0.3529411764705883,0,5
-0.54187991572851157,0.80388494327759552,-0.24522470287807457,-0.82065890326618052,-0.56904788017551422,-0.051994947424763724,-0.18134255270071642,0.17307081798885632,0.96807095325738224,1.3500770001541591,14.882378921339146,-1.5141111306086839,,0.2679517733410843,0.2,0,3
0.83985817672530527,-0.39744610014440901,-0.36969560515057387,0.46486240369798254,0.87829142637476521,0.11183521799825062,0.28025200911997483,-0.26578330992856358,0.92239798544209561,-7.3176675550073593,11.788972228855203,-5.1579183651796541,0.3325373306405217,0.2871751135257847,0.611336032388664,1,5
-0.9207352461400321,0.20379445149738729,-0.33273777671663973,-0.21339793044736205,-0.97693385729923998,-0.0078461291863574749,-0.32666179727087186,0.063781345245340085,0.94298674974914498,-13.828498431184983,15.959238384316174,-8.8161060136357587,,0.1173810825462316,0.5263157894736842,0,4
0.82119207005697192,0.48442821876753256,-0.30161711645273376,-0.43790324490679422,0.87385112479938254,0.21124620656228207,0.36590208003733227,-0.041394595644480413,0.92973230301833865,0.19513373520321611,14.487866398830402,-2.1168513823054282,,0.2006361922416578,0.25,0,5
0.88388799113328742,0.33796293798932037,-0.32330028097109365,-0.31910496443233571,0.94114773512530303,0.11141347469291704,0.34192695244013616,0.0046896923287432059,0.9397148322660771,-24.035673118635678,13.448542464240651,-13.731441518068189,,0.105401641339858,0.6086956521739131,0,2
-0.72980191711633402,-0.5650016321571546,-0.38491858546070901,0.6168674786089674,-0.7869338951627165,-0.014476134796536897,-0.29472644198974879,-0.24800846820982528,0.92283699757231075,-17.792270188424038,10.298394475704528,-10.609400312984002,0.3877015856269768,0.07586320825880281,0.2045454545454546,1,5
-0.9211131544904485,-0.17027030586312639,-0.35008367509201732,0.1848267666469052,-0.98273582620636624,-0.0083283984859456889,-0.34262169072536297,-0.072376231124366197,0.93668140699638414,-4.0695387915454315,13.678349451840273,-3.8662258406297587,,0.07925585813029391,0.3809523809523809,0,3
0.43550980714913351,-0.80492608046256264,-0.40302011471898225,0.89007972878949426,0.45194490106246837,0.059193604398249104,0.13449640989612094,-0.38449942964172618,0.91327482409745764,2.5828881021937282,-7.0496677057570762,0.49858320480771146,,0.07481132228320704,0.18,0,5
-0.79121139616413638,-0.49274752756551637,-0.36219387164620798,0.52671635097220693,-0.8500212982748071,0.0058032833581332073,-0.31073205853037078,-0.18618181048986188,0.93208471784714708,-3.5348100119001118,-11.503667677008089,-1.8905562796880273,,0.09320387795371229,0.2203389830508475,0,5
0.61015066289322673,-0.66861476387920826,-0.42505348615639749,0.76912341223258662,0.62863050807524745,0.11520790369049377,0.19017188363861343,-0.39721276646125886,0.8978065898808798,-6.6758408523695554,13.710107579311801,-5.0183362589980902,,0.07520410560394036,0.2857142857142857,0,2
0.47894375857894411,-0.77352088744039127,-0.41506422733319692,0.86648958711989243,0.49237238479791845,0.08225101884601882,0.14074328236570277,-0.39904244308323894,0.90606647498243054,-0.98889075190237907,7.5897737814680646,-2.0112838758687492,,0.08145972459604515,0.2784810126582278,0,1
0.71403606980041712,-0.47408942590340525,-0.51516182629398455,0.65945682644109838,0.70253394687843018,0.26751214466571283,0.23509399202065698,-0.53074030347241774,0.81427608658599104,-8.0742997689014349,17.940722144806632,-6.0633667520761749,,0.576880622932505,0.2272727272727273,0,1
-0.93657784492502172,0.023926570842004741,-0.34964190195590505,0.020611698617475509,-0.99217913946492631,-0.12310854190809939,-0.34985296665271054,-0.12250744637930566,0.92875983295247888,-1.564543087664465,13.672819852703652,-2.7931886006175164,0.5408555163636816,0.3237740487792896,0.4090909090909091,1,7
0.83162059078385553,0.45138543711250539,-0.32350947458623663,-0.44608870942449108,0.88993462522892819,0.094980135515999584,0.33077493301080474,0.065326487594223381,0.94144590588641797,-4.8379495131026893,10.981950712836522,-3.8579958031907671,,0.07989060177480647,0.25,0,4
0.53136230487245872,-0.69864551456256141,-0.47911224774810596,0.83164125566873581,0.53790250098068559,0.13796275333745472,0.16132861751827032,-0.4717577179234459,0.86684354571589539,-6.0237953492699869,15.305694190816942,-4.9743791379076363,,0.2134463990649484,0.3888888888888889,0,1
0.78593545552936206,-0.47195345941988892,-0.39945637043794036,0.5584247938649497,0.81916702163336641,0.13087070056054317,0.2654566053778698,-0.32592226498034521,0.90736291959245197,20.247220263856459,-6.0489675584695961,7.8564124213028261,,0.1288439627752278,0.3076923076923077,0,1
-0.9181905304737279,0.22879689711475401,-0.32338541961417389,-0.22319658717657181,-0.9732295240949026,-0.054841379475177435,-0.32727577548774633,0.021823686688323084,0.9446768195939943,-15.07666523582583,-10.951402347819148,-6.9232536282556056,,0.7666493351833216,0.5918367346938775,0,1
0.14969349751496419,0.93040009822771275,-0.33458558549286171,-0.98424097350379425,0.17244058893624051,0.039165665622155905,0.094135874553973542,0.32344999691634907,0.94155113329907525,-27.524606273676071,3.2817362129736911,-14.573332438866894,,0.1187922768903692,0.5238095238095238,0,1
-0.077509101125694743,-0.88486586545646528,-0.45935252191826142,0.99452087067626616,-0.10103849679555217,0.026822750690695604,-0.07014682481771245,-0.45475666274973392,0.88784897401118645,-21.492596325389286,4.5252661012583326,-12.058204891941545,0.6765529764794286,0.4740059278342382,0.4859154929577465,1,5
-0.017877689557263619,0.94992639687976355,-0.31196190268544832,-0.9993029187427328,-0.0067489031106302997,0.036716874854195294,0.03277292797949892,0.31240085278026114,0.94938487578737873,-16.336958221808004,10.869554558483655,-9.6190698723595318,,0.07841434234324818,0.2439024390243902,0,2
-0.51422564503970247,-0.68035081992102009,-0.52220182670716275,0.82864682268272283,-0.55113702718533131,-0.097940903217924202,-0.22117058855401528,-0.4830846086330125,0.84717933854677963,-10.107323496120047,-12.509801822695504,-4.6933806328970933,,0.5826564747749227,0.4431818181818182,0,2
0.39335372481762609,-0.82132862146501096,-0.4131490563156171,0.9130757308218499,0.40155225872401318,0.071052750107143112,0.10754327945643284,-0.40518524044692039,0.9078873079670885,-31.000865548101117,9.0027350132422352,-16.948720023207059,,0.1049951432133519,0.2962962962962963,0,1
-0.17578300559493457,-0.89562339960378146,-0.40860624203036344,0.97928334228273428,-0.20147278601782512,0.020318760340427598,-0.10052099517795941,-0.39656959361047883,0.91248456806241462,3.5748822215854843,14.272746653872703,-0.42400957890192614,0.7133451082247262,0.2733308591860082,0.2,1,4
-0.093281686060798605,0.95130986827324626,-0.29378233706537743,-0.99563906252938839,-0.089477024001159047,0.026395441680293681,-0.0011765250768210403,0.29496338196772237,0.9555078330850606,12.751044176160526,-4.3286212180689034,4.8018807605398477,0.2022216146626861,0.1477021876579811,0.2826086956521739,1,5
0.0010933592976569439,-0.8998334108543915,-0.43623232030146497,0.99918311021136819,-0.016639455212711474,0.036827174729562109,-0.040396990405025902,-0.43591623190743645,0.89908015322652923,-5.4035112256869171,2.5916754327614751,-3.7098868516500039,0.4292409468409114,0.3514217736740496,0.9125722543352601,1,5
0.54836635871821182,-0.69710758780069837,-0.46188239591569424,0.81402052173564909,0.57145830500785078,0.10395189190570929,0.19148087846923975,-0.43298546935000798,0.88082839220384002,-21.782376623134589,13.567093984118065,-12.677227665619911,,0.2227258584036052,0.2272727272727273,0,4
0.90623932500193261,-0.20159902131711283,-0.37160209959582391,0.27560542554903167,0.94824839083771573,0.15769159356674628,0.32058062204066473,-0.24532187810642783,0.91490176570731097,-8.806950164744725,7.3128019277464391,-5.6725355701485816,,0.07653357770001297,0.2764227642276423,0,5
0.45883201028712745,-0.80273418672764629,-0.38090814088777125,0.87854972641070117,0.47392939819961,0.059508854348218655,0.13275377418196244,-0.36195131023503735,0.92269587864018565,-13.713341771932507,9.1277149200480459,-8.1040361747611396,0.1302023591378564,0.1040585435233723,0.5326086956521739,1,5
0.28523766310577842,0.91082315545080683,-0.29839680802681223,-0.94812073269201669,0.31373758555265829,0.051340078409966697,0.14038002630540991,0.26827207627001409,0.95306009323036267,5.3176878888510606,-10.079307345690976,1.8037878072222497,0.1358654549380642,0.1656608458988809,0.4923076923076923,1,5
-0.85057379161161062,-0.37106312850948081,-0.37260754109948524,0.41116094690439503,-0.91102407010243458,-0.03133399806399547,-0.32782754729297736,-0.17985354696182623,0.92745986483573484,-3.9407199001549054,3.5903937685213325,-3.1066493577762797,,0.07704818077828827,0.341246290801187,0,5
-0.79638105948436977,0.54142499812059153,-0.26951100071179024,-0.54424261324754053,-0.83591073579126973,-0.071086002239440588,-0.26377487753772361,0.090067825548390559,0.96037003325850567,-5.5811495333789019,-12.765512638552499,-2.7104249040701771,,0.5236202381060159,0.2142857142857143,0,4
-0.85714146210520281,-0.278010276060904,-0.43361134711247695,0.3957735606198563,-0.89425046269435737,-0.20899616906826232,-0.32965406512651702,-0.35075118870143374,0.87652826592762789,-13.115796848432408,-12.369492567020263,-5.9938637932406067,,0.4293524592799765,0.4117647058823529,0,1
0.6458327485336115,0.75685779121624486,-0.10033117559756075,-0.71598444423698115,0.64603067856245322,0.26459523421028863,0.26507798198300481,-0.099048706359062641,0.95912617378341514,0.97207352286805271,-7.3649891969944514,-0.1283342960546425,,0.6005793617742402,0.2142857142857143,0,1
0.73507692147914239,0.59856125870837817,-0.31841221566106681,-0.61005889180279305,0.78884323528570155,0.07452850915143476,0.29578720060390612,0.13946601635319567,0.94501807508717794,10.043893109057608,-9.0433000229139058,3.7566713311409412,0.2551343755455102,0.1784378918091441,0.3846153846153846,1,5
0.91902306192715888,0.20095799590672656,-0.33913492230553655,-0.18916384586218285,0.97959822122543405,0.067855466917513985,0.34585206528898832,0.0017913271944571668,0.93828734409146952,0.8293566736612068,-11.808113982571614,0.0051290835035682717,,0.09867575095113745,0.5714285714285714,0,5
-0.37336840912732738,-0.79728557012900181,-0.47426970252146855,0.91652181374787101,-0.39609186283331588,-0.055668672712277129,-0.14347054049539845,-0.45546345172945241,0.87861780550399227,-3.3153273057631081,12.376588769051342,-3.4267989280874072,,0.5522278167991923,0.2439024390243902,0,5
-0.25549976155450171,0.93311232759994134,-0.25302422003953173,-0.96634893214122719,-0.25455115661123023,0.037060086581053718,-0.029826384211014838,0.25397852812571692,0.96674986116160966,7.8131834999579031,7.2042316262790589,2.0455557610710891,0.3273020687384461,0.1602885565383949,0.1304347826086956,1,5
-0.34645278084957654,0.926179611922194,-0.14886838852238168,-0.9337839630694138,-0.35564876871494916,-0.039515359367221226,-0.089543179282262686,0.12532070767114276,0.98806717346181927,26.030197594194995,0.98386694110806883,9.7381846623355415,,0.1492458915814275,0.1333333333333333,0,1
-0.9337846208934456,0.1612760197746852,-0.31943125587287102,-0.12001849121202794,-0.98212366428379738,-0.14501265400286456,-0.33710805915918512,-0.097072928766992,0.93644807808576624,0.77417613317169032,10.351957651013993,-1.402612465755263,0.6749584328464567,0.2372863951542781,0.2439024390243902,1,1
0.92101188257112598,-0.17172364159446654,-0.34963996207574749,0.2094619767832189,0.97509967605654235,0.072844368598375397,0.32842471351112013,-0.14032680667629019,0.93404796176811888,13.695764359639123,0.30049231288991618,4.9604664411273829,0.4694002787908382,0.3559605543222584,0.8812785388127854,1,5
-0.63395980201417912,-0.64800778808964532,-0.42211476639097545,0.71888743163229074,-0.69500991734340978,-0.012730885100193967,-0.28512423620462463,-0.3115238696624571,0.90645300405440588,-21.323974835010652,11.401181554887177,-12.402419730925095,0.3082224305118934,0.150317604435444,0.2,1,5
0.84848162936046034,-0.36424956949502219,-0.38392860763494807,0.45117570604323304,0.87704856089991279,0.16500395177019836,0.27662141441726645,-0.31322208246878575,0.90850014867346485,9.1558255999518678,20.541059423305118,1.5905095574212116,0.3800346188242751,0.1882187754910575,0.4,1,4
0.057028613785242224,-0.86964128015023723,-0.49037922169316245,0.99819168848199691,0.040317507779559621,0.044585329559244019,-0.019002374988272716,-0.49203510283830681,0.87036794938675388,-14.841915719398909,-9.5959814130960783,-7.0041014251299512,,0.08437489489164485,0.5,0,1
-0.92268106695571106,0.1078669313927908,-0.37016803453752484,-0.088039836174244712,-0.99364726975659989,-0.070100574545910704,-0.37537799073451733,-0.032090939798603307,0.9263161100050884,-13.945395089076104,12.499435586315769,-8.4807420587075306,,0.133242636645367,0.3214285714285715,0,2
0.70967534621621542,-0.52233826423143948,-0.47278286844235506,0.65287139128715588,0.73979820770619753,0.16265779512052242,0.26480152834088272,-0.42410063616361598,0.8660362584753295,-5.1144428854190238,6.435416773562495,-3.9973088524439309,0.7782791451999884,0.6471217224014155,0.2391304347826087,1,3
-0.24731134545573169,0.95244536021173143,-0.17800262419419646,-0.96754541735253841,-0.25259235841823197,-0.0072777626243686108,-0.05189377389414862,0.17042575004928101,0.98400309956379817,-2.5207152491209111,10.341962645748708,-2.8943168233515055,,0.5115799544946888,0.6218487394957983,0,1
-0.84859196510395352,0.43320771204730646,-0.30368199647616562,-0.44042770127654246,-0.89649542903546353,-0.048160000693327584,-0.29311280543379936,0.092881773999310219,0.95155549462418076,1.9433274531533864,-21.386410546626962,0.81101908727934668,,0.2470642665246903,0.4545454545454545,0,1
0.95217990127968233,0.063248701313603148,-0.29891978419160792,0.024564280353240615,0.9593254688815398,0.28123164986526822,0.30454889874984326,-0.27512587398744615,0.91189677142366354,4.2506542894116803,-13.055211238937238,1.5776391043609819,,0.2760173853103898,0.1578947368421053,0,2
0.9070973297060001,-0.1879883657868133,-0.37660962384018887,0.27196110652810107,0.94464840055051014,0.18351173224994163,0.32126560814418992,-0.26888617232235407,0.90801356562420221,-9.2487201187758359,17.486786451114071,-6.66966902957925,,0.2377807311019574,0.2105263157894737,0,1
0.26233900609824001,0.94878906879226366,-0.17600440000096002,-0.9555934763223497,0.28080291147627767,0.089391458857169398,0.13423618695998066,0.14473778997468539,0.98032220125002234,-32.291370886727215,4.1471567478965756,-16.763795170255666,,0.3924526670436126,0.1666666666666667,0,1
0.064814722071287897,0.94759568131334926,-0.31282819016052948,-0.99612144977332862,0.080132103752775241,0.036344232687412478,0.059507218925975998,0.30925922897214436,0.94911412390252159,-5.8623399728531194,10.517310162218774,-4.399122719214696,,0.108136280572255,0.3690476190476191,0,4
-0.14725556945372906,-0.85780153712760687,-0.49243509233844573,0.98409464937765589,-0.17707784271602306,0.014183042173952944,-0.099365579206920088,-0.48251420758414459,0.87023360148199191,20.62409650740689,3.0916891337443562,7.5198379081427849,,0.1442265481449163,0.2105263157894737,0,2
0.82736908270677345,0.51514902335848922,-0.22378982263219149,-0.4606492401222369,0.85034741115128709,0.25438466526720832,0.32134510818706846,-0.10738139541419044,0.94085416370612007,-4.0119687822928025,-17.215916807992429,-1.8707944521891033,,0.3003434405912938,0.2857142857142857,0,1
-0.71277285069560647,0.67500808347411545,-0.19057531465502131,-0.66100833929184122,-0.73732861689064511,-0.13933587513906742,-0.23456947520489707,0.026657043323095639,0.97173379242638735,5.2657624428534593,-14.732870827300518,1.8773479183551449,,0.3071010541747589,0.3125,0,1
-0.36432664508848839,0.90634538931372688,-0.21401899669962626,-0.92766673781301345,-0.37340304708277083,-0.0021419581375369469,-0.081856699383297635,0.19775793207618778,0.97682715004601572,10.174796097964338,-4.3339678906396575,3.7504143079293062,,0.310803476928338,0.3333333333333333,0,4
0.24029415829500997,0.93878957096902549,-0.24684582015721146,-0.96926402769542053,0.24587846211430067,-0.0084277211603959699,0.052782213907183698,0.2412839060279407,0.96901811881252053,-14.593105908428333,13.474110828051479,-8.9543080269923969,,0.1763103973749546,0.5217391304347826,0,2
-0.72266584227204478,0.62334723654923962,-0.29865080461914345,-0.63306671695912786,-0.7703554858207714,-0.07601945372359234,-0.27745380208572895,0.13412922184322271,0.95132998457733009,21.999796748208372,3.5335597860826016,8.0676383701366277,,0.5716657248175836,0.1875,1,4
-0.882192392993283,-0.20828364607623054,-0.42232038137174566,0.32971921801361326,-0.91353156576634575,-0.23821275285126892,-0.33618717854385294,-0.34939662437648122,0.87458571898759196,-6.1414568452430363,17.524971578136977,-5.0652856385641067,,0.787605158180662,0.3191489361702128,0,1
-0.83406761645563432,0.49041078035820523,-0.25264298464131624,-0.4732385255202925,-0.87141131006964334,-0.12918059701861651,-0.28350751161723298,0.01181504088706917,0.95889722893824236,11.023202884155506,-8.1104556168764947,4.1063267438146163,,0.5186129478870936,0.2777777777777778,0,3
0.89041000068454468,-0.27991699969368677,-0.35891016141011511,0.32841426141091057,0.9410710407375128,0.080804512170676787,0.31514140252095796,-0.18982036130958022,0.92986780073805364,-11.527304256685257,8.0811412359068271,-7.0415802646386414,,0.07592926852660568,0.3454545454545455,0,3
0.050800190718032767,-0.79734143576612726,-0.60138671038976488,0.99848179014846727,0.027708884814700324,0.047606012689968322,-0.021294491422038247,-0.60289207368544573,0.79753852077648224,-35.482687097525925,3.1301427369325694,-18.070980448512568,,0.3573333357528268,0.3,0,1
0.52300643531511104,-0.67267804074423543,-0.52342002456868042,0.84337228998665381,0.49722456757138128,0.20369317584573196,0.123237368933486,-0.54797078654244902,0.82736966828280678,-13.474166571473503,7.4248320826983774,-7.9432016940044017,,0.6044447697014189,0.1788079470198675,0,2
0.18337779280937747,-0.86745223092879131,-0.46249239146284804,0.98267767051056953,0.17457204858011077,0.062202859536065289,0.026780234955673884,-0.46588756895972955,0.88443857452313313,19.229605592627681,9.4323326786069721,6.6999929224870085,0.4052619248986664,0.3762267358439073,0.3333333333333333,1,4
0.91041563068038034,0.2560456926307445,-0.32493689033116441,-0.20919669426143936,0.96256450955334305,0.17235517995818092,0.356903519908295,-0.08893912656178618,0.92989768751379021,-10.506016429417041,13.454274405453377,-6.7488951326073963,,0.5183984523277457,0.4571428571428571,0,4
0.93391440602809905,-0.065546687105481796,-0.35143635842450854,0.14388560630960115,0.96882765794118364,0.20166779987176764,0.32726260787034933,-0.23890709704338403,0.91423333152549235,-28.817762139295031,2.9454055254952367,-15.006177867960419,,0.4228700110152395,0.3157894736842105,0,2
