axis_00,axis_01,axis_02,axis_10,axis_11,axis_12,axis_20,axis_21,axis_22,location_x,location_y,location_z,dbh,dbh_approximation,score,reconstructed,number_clusters
-0.26897430276616052,0.9630758241603764,-0.011738030894052483,-0.95432262184008909,-0.26484408165908113,0.13829658656097438,0.13008135106815599,0.048400096363230179,0.99032129774953004,1.0570669276225295,2.4734682223230218,-1.4835420806799846,,0.4804044812251353,0.3181818181818182,0,5
0.93890257684598966,-0.2662431391025874,-0.21812047605110405,0.32025458109619992,0.90796342285895892,0.27025807302861643,0.12609105630003084,-0.32360008286624975,0.93775478238721766,7.0039514552858062,8.4526506603417655,-1.5415195386084659,,0.9145297140976838,0.4883720930232558,0,1
0.83352728364601147,-0.50769340676084773,-0.21789830689857723,0.55071319404927577,0.79501458751665333,0.25429664475916958,0.044127602673913587,-0.33196266411645009,0.94225980722673441,3.1864227013862343,-10.595753020463432,1.83232086624653,,0.1313055745078552,0.3125,0,5
-0.92999107491428956,-0.26755398701953492,-0.2520544873826191,0.27990983134427261,-0.95992693265634021,-0.013811961403473575,-0.23825844559340453,-0.083397529885127039,0.9676144713223721,11.807529686127065,-2.7517410843106598,1.5616572390120413,,0.2848802849845137,0.2,0,1
0.92284016090887699,-0.33021587905840083,-0.1983015648737125,0.36872326176841208,0.9062285520312815,0.20686461203924703,0.11139656029042683,-0.2640213716746671,0.95806237879090428,-12.152270513952422,15.141512863370419,-6.228325426170545,0.270263839836483,0.2111558466408153,0.5737704918032787,1,5
-0.88208717633625267,-0.37566299135215747,-0.28425258182026475,0.37285711743859973,-0.92552994346270456,0.066120297407846196,-0.28792322469456316,-0.047661731842983189,0.95646671452759513,-26.440624284839853,5.21035843666413,-6.716830780704651,,0.2062525626263655,0.2727272727272727,0,2
0.71765375823646949,-0.65744312300104035,-0.22965544475955543,0.69631245447278356,0.68265409592797932,0.22165818518349481,0.011047580511492558,-0.31898577606437534,0.94769511217134039,6.6971683234990307,6.1000451843756043,-1.1952584732439075,,0.08868923137182039,0.32,0,5
0.82834292473540505,0.55795700817246052,-0.050318744738232127,-0.4888940866109035,0.76381472653295557,0.42139012281765287,0.27355177045247764,-0.32445499004118089,0.90548240641090938,21.892525169402521,5.6351847691546784,1.5506432698497317,,0.6290008643714876,0.25,0,2
-0.69583027151170529,0.71542339310105585,-0.063163295130311048,-0.71820560926502364,-0.69301500285265216,0.062537258025877868,0.00096750617719438907,0.088879550093995729,0.99604191152124,-0.44575090864160755,7.9158648331748083,-2.8921135520098864,,0.1187101717442005,0.2093023255813954,0,5
-0.64955082481109638,-0.72995011516595709,-0.21273588168531862,0.71244289263977012,-0.68205740684637062,0.16499338924054482,-0.26553502728322204,-0.044390574846586039,0.96307872271714523,-6.0711577943105883,1.8473733065749121,-2.5646365517626735,0.6699433477372542,0.5906671883808663,0.9886759581881533,1,5
-0.88394860369426898,0.44539915955574449,-0.1423181460460636,-0.45856670700462915,-0.88525770479668076,0.077687652333198895,-0.091386220262591356,0.13393425538356432,0.98676753796472616,-14.958606016752102,3.8973312311970085,-4.4735093129625243,,0.2016372704599422,0.4166666666666667,0,4
0.81746983127581441,-0.52818605070453961,-0.22970104656930324,0.57389992426082759,0.78074552813090736,0.24713416849356867,0.048805244465204456,-0.33385014024968213,0.94136184964547986,-0.27184065060688006,-22.619711645286404,3.9061338000601653,,0.1189352562939126,0.2380952380952381,0,2
0.84955615424676434,0.52578168368867395,-0.042520134982757807,-0.46463401246397862,0.7840386302141128,0.41158068564207723,0.24973901425903078,-0.32990460352878065,0.91038089683793688,-7.2388803539457447,-6.7368405665894251,-0.8560735551146037,0.395914077392281,0.5335317612288337,0.4796747967479675,1,5
0.56985308231231957,-0.78462596925445016,-0.24419163161472582,0.81958698609138914,0.52115139861583937,0.23807224103281427,-0.059536852526652848,-0.33580248374940286,0.94004896420290252,8.898130839562377,11.651947490747641,-1.8620312911186094,0.1041658221654678,0.2003435236829397,0.4857142857142857,1,5
0.91476352199821376,-0.31385588270570702,-0.25436623933306429,0.38868373611595269,0.85541696879782803,0.34232552164815522,0.11014831864521918,-0.41201492009848206,0.90449491624656098,8.1626434192198225,-1.8389981657143633,0.64620736237841525,0.2861636020033955,0.289259894552442,0.6130653266331658,1,5
0.44572795294841661,-0.82819542070097352,-0.33973362667000123,0.88907208471244503,0.36535459374274459,0.27580219182621007,-0.10429487113699111,-0.42498043009180053,0.89917418440116847,-4.0412462386371661,19.604940570981299,-5.694927284665531,,0.3262462562641918,0.4,0,4
-0.98344573114817235,0.082740817172638564,-0.16120933924571731,-0.091803375966587358,-0.99454156246695935,0.049590530214113776,-0.15622622714376161,0.063569156824544462,0.9856735404042466,-9.5996827208717246,-9.7301853355748609,-0.4796491997452863,0.7020835579746477,0.4718238224728759,0.1607142857142857,1,5
-0.14638773756021611,0.9837925610040259,-0.10355108500224228,-0.98313234958746742,-0.13308431322517153,0.12545656127923693,0.10964220668441424,0.12016972366833818,0.98668020352434738,17.051386623050693,-6.7196465367274687,3.452189188798497,,0.360901170746364,0.68,0,2
-0.94140785396452142,-0.27326987705143302,-0.19767353588735417,0.24441376135099876,-0.9566336283698833,0.15847401785191617,-0.2324073272428637,0.10087455262932782,0.96737332962805067,2.7133125090886012,-8.2638026100281596,1.1906503774543908,0.1758595467325905,0.1293855488015917,0.3870967741935484,1,5
0.81796225126040156,-0.50644235885844247,-0.27286240610775259,0.57279626438504161,0.76095330286651752,0.30472038061652473,0.053312240804124209,-0.40554433544365392,0.91251936799719913,-1.2188873091096184,8.15057418142686,-3.0342938394044503,,0.07853382373242523,0.3333333333333333,0,3
0.93578679049699687,-0.22177268910523432,-0.2740802019452761,0.33084095741253827,0.82103075540967974,0.46524483830534502,0.1218496763626612,-0.52604693045244999,0.84168122429567738,-0.67078677346654048,-16.045366757640966,2.4754025871920646,,0.4143700278994552,0.2142857142857143,0,2
0.94966251477971719,0.25941222499486122,-0.17563144805381142,-0.21274634784481494,0.94556260731400565,0.24627291188482864,0.22995673397610317,-0.19651120368252539,0.95315436699743872,-7.0268469810433949,2.6791161552445084,-2.9290247703267784,,0.08344763860785731,0.3633217993079585,0,5
-0.29308109434889157,-0.82836230449294468,-0.47740901188644769,0.92693003716655997,-0.36856042508288867,0.070455086836373179,-0.2343164064542996,-0.42187569917910495,0.87585199440800765,-10.039220677533759,-17.337476667429087,1.0422519598309532,,0.3486673977752157,0.3043478260869565,0,1
0.68068945355773647,-0.69540137534340152,-0.23038835687980466,0.7325717763074665,0.64585970403301218,0.2149507740486509,-0.0006785079175179664,-0.31509073276898558,0.94906130979516279,-4.169781912930608,11.366212491152192,-4.1599040734127408,0.7061466306707963,0.700707785418448,0.9709090909090909,1,5
-0.14744467977061898,0.98811963167741967,-0.04335504470091011,-0.97682349784950095,-0.13860238596965258,0.16311110523990702,0.15516417259278686,0.066400091093294519,0.98565465932363749,3.8284396274839403,6.2528330737179241,-1.769301011072925,,0.09441918442561477,0.3181818181818182,0,5
0.7282747243192299,0.68325349196416874,-0.052731315520461022,-0.64291471471798312,0.70785767174252612,0.29257167695172448,0.23722688615931262,-0.17917081870109081,0.9547885746117496,16.17617375811778,0.20505568999546467,1.659546652117039,,0.4440070102675183,0.5555555555555556,0,3
-0.077744409459155991,-0.96637708237804376,-0.24509414813974525,0.97680073461379946,-0.12303714261786003,0.1752774554652568,-0.19953979967863505,-0.22578130168579658,0.9535232939751801,-2.2975164173510887,-9.1369319252513339,0.56614290286495339,0.1523437697715894,0.2036620846919641,0.2857142857142857,1,5
-0.85735995043713686,-0.46454182409051459,-0.22166372968324596,0.44683132789139818,-0.88549207689815201,0.12745801726610625,-0.25549105620596535,0.010231100686359917,0.96675728328133392,-11.254878225286991,-12.38328654387508,-0.24405785263321536,,0.07293262319057109,0.1666666666666667,0,1
0.8031867438660012,0.57171210245780302,-0.16744051594882772,-0.53526656440560072,0.81595496583876426,0.21841977646835622,0.26149715009413804,-0.085806559343328606,0.96138258506502172,-21.244763587728713,-10.72652273251037,-2.3830298929514786,,0.4673182682580034,0.3333333333333333,0,1
-0.97160653554963872,-0.13295072231105581,-0.19571623722674927,0.10139434873786034,-0.98135562416490718,0.16327989761122108,-0.21377541046915066,0.13879929523190745,0.96697199003997603,2.0719931249120376,1.0750296647451647,-1.00760031662028,0.1497811511842599,0.1296555071497467,0.7554347826086957,1,5
0.57047439442313908,-0.74184579486596569,-0.35245394301558997,0.8202322554671454,0.49256457916615204,0.29085938603069317,-0.042166484307241361,-0.45502192473611169,0.88948132954582682,-2.0077837665820724,-13.063722057369649,1.4610246865533132,,0.06797324241097087,0.3157894736842105,0,1
-0.91657843235860337,0.38664450501436748,-0.10193136944650019,-0.38458844084882354,-0.92222510478728248,-0.03990723324857183,-0.1094335803147968,0.0026235171582699376,0.99399064817391725,-16.265901860996166,-6.1663612114981117,-2.5381480296087169,,0.4732214292546111,0.4047619047619048,0,1
-0.58563749851278091,0.80906725115686629,0.049385255301214848,-0.81038383070950049,-0.58572954942117983,-0.014104675092281473,0.017514772630257656,-0.048281239009944174,0.99868020642214383,13.188965576300971,2.6369227088346014,0.57815521526343516,,0.3058501535072601,0.2,0,4
-0.93997223308659117,-0.26596453933115638,-0.21381081554630116,0.2486827170244964,-0.96292793058889237,0.10453088895206927,-0.23368591587753629,0.045085078575525468,0.9712663014901306,-0.83433944869348875,-12.31676031279142,1.5544045078501652,,0.07651530134683503,0.1724137931034483,0,4
-0.75455119944619964,0.63506872109484125,-0.16534874327089605,-0.6557299839050954,-0.73958141859540572,0.15178113676024296,-0.025897405702608116,0.22295076755950136,0.97448564875143462,-10.041234415243396,4.5605327475408286,-3.821801830700593,,0.08258953609592029,0.2941176470588235,0,5
-0.91278166442568465,-0.35374290114287849,-0.20419498764488872,0.3294180967573917,-0.93313846372785425,0.14400112860793168,-0.24148157407349816,0.064176065652546618,0.9682809932970623,-10.948481918439608,1.8403110769049431,-3.3737904821509046,,0.08167173967767302,0.4640198511166253,0,5
-0.4096178703912044,-0.88601911667516087,-0.21721723030722653,0.87784542850436587,-0.44761121060054815,0.17038664207824203,-0.2481946895285265,-0.12088973914638086,0.96113738199019128,2.8852054393823399,4.7887847151099256,-1.6334923566785124,0.1907391487903251,0.1597167619043959,0.3648648648648649,1,1
-0.94635408298075008,-0.23663417951898771,-0.22004139317191732,0.23333139201127587,-0.9715211235783745,0.04126945532827913,-0.22354062522893492,-0.012287047016595354,0.97461716450505209,-0.58462644702836708,10.264346017797958,-3.3135869236293334,,0.1867299221199807,0.1923076923076923,0,3
0.16265339718212499,-0.96362691197506456,-0.21205434893563357,0.97479743188768464,0.12368082386875208,0.18566911588178042,-0.15268870020498945,-0.23690974721304381,0.95945814525968909,-16.062655318803952,6.9149232192732697,-5.2355368718781667,,0.06960139413374736,0.2682926829268293,0,1
0.16142370834115199,-0.95166242637599363,-0.26130635776717365,0.97498466934513106,0.11278990319073363,0.19152893327168469,-0.15279817056285458,-0.28568700348874887,0.94606324054487134,-6.0330322671258099,-17.302551507234206,1.7210828258524513,,0.06974991086202495,0.2352941176470588,0,2
0.62691828864313115,-0.69681389209974354,-0.34845926468035676,0.77874382562173317,0.54723489380308044,0.30674423394802369,-0.023054574834422085,-0.46366407104836027,0.88571107918895609,-23.140592310397963,7.7624355034279144,-6.61696699743809,,0.1926515742178115,0.7692307692307693,0,1
-0.57984039125660358,-0.75626267408656622,-0.30307076475771344,0.77141510889749265,-0.62929048019335698,0.094404561874329732,-0.26211419349600068,-0.17905378890559825,0.94828049133496917,-6.7628712867672407,-9.6617361801818298,-0.026182207171713587,,0.08060999718740128,0.2318840579710145,0,5
0.40975332635479972,-0.81546607181005415,-0.4087998254254222,0.90727982770125182,0.31786216772925863,0.27533063137406855,-0.094580789738526586,-0.48371347722917074,0.87010099767745375,-9.2920846424057881,-5.740871701292467,-1.406199412475071,,0.1307315657281006,0.2295081967213115,0,4
0.32016008531844631,-0.90596677292692251,-0.27698686994379823,0.94028473695139281,0.26820743996941038,0.20959337442129461,-0.11559469375855838,-0.3275499587809968,0.93773604563194202,12.603531593787837,-3.6401588163878054,1.8647031759629873,,0.09097454786312213,0.2916666666666667,0,5
0.51867560927124923,0.85211567345897221,-0.069817557911029351,-0.81505930309540209,0.5174703052477323,0.26058168704737472,0.25817425275332057,-0.078251915199440622,0.96292403282028582,-0.25188885841643166,1.8931881855589716,-1.588392824651448,,0.08278823795495363,0.4677419354838709,0,5
-0.33314316226306573,-0.90893874475505443,-0.25069102840044249,0.9118022700541798,-0.37826393463884106,0.1597905381291036,-0.24006718593221088,-0.17534752360569367,0.95478845416350766,-3.3434582101472814,10.577198558349746,-3.8920134704036102,,0.07456124225579375,0.3428571428571429,0,4
0.80960470400274365,-0.54159997657621917,-0.22629557801527775,0.58554046929684234,0.77213444661725172,0.24688206731697734,0.041019289026794109,-0.33238210198461277,0.94225238455948024,1.4937713889664057,12.492406800184483,-3.3503322468547725,0.5634615924788261,0.3230629609578183,0.7424242424242424,1,5
-0.0012646522763239711,-0.96582272278137515,-0.25920044138425241,0.98030299428894951,-0.052388354639204951,0.19042452490768502,-0.19749541777656676,-0.2538541480011075,0.94686516014683508,5.8296221579924143,-8.5592500497419888,1.7766461078978022,0.1881194069141068,0.1249295617528321,0.4444444444444444,1,8
-0.76382274935270766,-0.58499556291259147,-0.27268113052400816,0.58902359946318372,-0.80452967955563581,0.076047314150742881,-0.26386740391095326,-0.10252895243143195,0.95909426391080421,1.2432861363797481,-18.021180203046772,3.1800287122147446,,0.409619150618398,0.2,0,1
0.43431139447658251,0.89586603285769861,-0.09379586238004145,-0.86528668417123,0.44387379841416053,0.23292703852782765,0.25030494766137812,-0.02000255616651439,0.96796039739394324,-20.483654664984165,22.834113564707962,-9.2242157277844008,,0.24046909270162,0.2777777777777778,0,2
0.35450600981752234,-0.81897350040162109,-0.4512293149200029,0.92904727924024111,0.25389261963381643,0.26909048781364253,-0.10581418590890658,-0.51460756245453154,0.85087156182648438,-25.2357215927717,8.1241747867820582,-7.0739846859648337,,0.4780340954697281,0.2727272727272727,0,1
-0.96591660163599624,0.18599454233004853,-0.1800309665235513,-0.19562335656569116,-0.97997570626892794,0.037136471139420195,-0.16951879261586533,0.071088995956844786,0.98295968055862137,-5.5433507853178288,11.719900879261347,-4.4548684182726195,,0.1981095662253644,0.1724137931034483,0,5
-0.95907848822057051,0.22950572900096458,-0.16581789345025666,-0.24400628649585188,-0.96703269032977734,0.072860881027184604,-0.14362933399222153,0.11033991204133314,0.9834610913644023,-2.5790742933682953,16.235420764875471,-4.7633162253521562,,0.1652226071844046,0.1875,0,4
-0.25965840980300126,0.95500599209397374,-0.14332154507673053,-0.9570728731362842,-0.23469457668261381,0.17008812769393042,0.12879839178046712,0.18133397569229376,0.97495074928654291,-1.818211186968627,2.1174215258793669,-1.8956223682368454,0.5859707516552849,0.5284766664708529,0.9864532019704434,1,5
0.95403979822771046,-0.19184219981038864,-0.23022735234880301,0.27353811898219543,0.87127118605942877,0.40750879475942414,0.12241307471553553,-0.45175556522804128,0.88370354102729554,-1.5430220117152178,17.53022013922185,-4.8584426909296914,,0.38042651293845,0.1666666666666667,0,4
-0.52947937210372742,0.83760202184678501,-0.1344412418673,-0.84642165115467172,-0.5110123440663471,0.14978909395686454,0.056762513803068085,0.19310421334087144,0.9795349814155494,-9.1356108982663038,-7.4370231899381141,-1.0192999720958107,0.3176963393481232,0.1839550751243857,0.2150537634408602,1,5
-0.21881376006087519,0.97376050710695894,-0.062538094045314449,-0.96559063074153684,-0.20685466305770162,0.15762576628028416,0.14055344973419806,0.094876884276854395,0.98551666885838773,-16.194995905748879,4.5970057282873773,-4.7728745821197043,,0.165154958936783,0.2790697674418605,0,4
-0.4663363340217892,-0.86016637400751006,-0.20650480042335556,0.84771415841757425,-0.50125418925227372,0.17356538645544811,-0.25280650543350686,-0.094117197067365266,0.96292825486984235,-4.4702038386446326,-9.1775354270223861,0.26007346593904068,,0.09390725889270765,0.5222222222222223,0,5
0.49886566621467365,-0.81624016619769435,-0.29135037010058956,0.86389319593555314,0.4413886432936252,0.24262030332944085,-0.069437692130763021,-0.37273054162085212,0.92533796542375812,12.928961014571055,0.31412653592695589,1.0832470151881661,0.4059001390633771,0.3922141563719875,0.6216216216216216,1,4
0.13210835820380912,0.98599927729804715,-0.10174874377810719,-0.96550481854735304,0.15123561432010596,0.21196281353827989,0.22438321473438577,0.070236843102100224,0.97196654202524557,1.650618022998388,5.9933695680730699,-2.1147053407012595,0.2613860789696971,0.1551839277762505,0.3191489361702128,1,5
0.97880554829855904,0.080500935423225839,-0.18830639398581919,-0.026880742974472471,0.96204858365965606,0.27155100503513185,0.20302000954855975,-0.26073381459725448,0.94382241637315811,12.577541062875893,6.8787220517302732,-0.30743617577876442,0.3338378035844548,0.2795663971568273,0.2,1,5
0.58543981931588074,-0.76537485044786235,-0.26732294376147847,0.80926879354297199,0.53201886910224194,0.2490781859510707,-0.04841732909706159,-0.36215640436292934,0.93085901242992886,-4.6843955202189074,13.51374866580656,-4.6249974432930259,,0.07892579044492413,0.3181818181818182,0,3
0.92027931460768853,-0.32825375028705706,-0.21292124959168654,0.37414546117406589,0.89750091357866879,0.23346795070908707,0.11446028563675884,-0.29451924478366021,0.94876617639121896,13.206045567466038,-5.1089406789260332,2.2836723226111908,0.4247680217733022,0.2848601789235704,0.9010989010989011,1,5
0.97963282334003554,0.050780323095895495,-0.19427014752943153,-0.0096225486051321214,0.97825481589665642,0.20718330466845372,0.20056654255675974,-0.20109419176414797,0.95881916337000239,-2.7458343961801797,13.610814737239089,-4.3292747800328177,,0.3378153593396308,0.8717948717948718,0,5
0.21162960919220888,0.96466112710493046,-0.15697712688732399,-0.94941568586641578,0.24103767803399917,0.2012726836875349,0.23199733607082046,0.10644128719920798,0.96687511522192926,-0.35636970144314212,11.534928289735761,-3.4759934454660502,0.7922813678006646,0.746300451531414,0.9288135593220339,1,5
-0.95393580759284125,0.24252049918952645,-0.17660770783025742,-0.24776976725068187,-0.96878623479130377,0.0079607609832753091,-0.16916446857640524,0.051352105621413693,0.98424912690817767,-9.7103382608104614,1.9760661110632414,-3.2484250109941821,,0.2820256585670777,0.2158647594278283,0,5
0.097185887649766489,-0.91041659221641624,-0.4021150729067175,0.98497238956251687,0.030022160845025986,0.17008251426205259,-0.14277357963304313,-0.41260186436229684,0.89965293668365454,-3.5312704842830591,-6.3051135808598913,-0.38818145075947486,0.6900434515999081,0.6216642359821407,0.2,1,5
-0.24455714547028021,0.96958018280080194,-0.010299112553638013,-0.96195697552382087,-0.24127295036948013,0.1281645062451805,0.12178086812177302,0.041250848960606296,0.99169944419644473,-17.685969969693275,5.5121536586888507,-5.2466022751958912,0.3791378567465886,0.4734262852846722,0.4520547945205479,1,3
-0.70782150630631935,0.68963825849824123,-0.15293066280430995,-0.70634653748472476,-0.69342879148048053,0.14223600152303276,-0.0079551363026040701,0.20869974499608937,0.97794740770911259,0.81458991098417177,-3.9513514719696676,-0.14691214888163986,0.2868481548180091,0.2455945720246403,0.5847457627118644,1,5
-0.03987105515789318,-0.89874934119408667,-0.43664621911083962,0.98434548495062302,-0.11041237368966832,0.13737930700631626,-0.17168070718027373,-0.42433327637531343,0.88908211394824066,16.559789984381528,-5.0879651528494483,2.9961535447212033,,0.2301957066707158,0.1666666666666667,0,2
0.92572211079013145,0.33037832208811574,-0.18408894015802496,-0.29246862833171472,0.93395372051816872,0.20540825049650785,0.23979298370892563,-0.13631071940427864,0.96120690423001987,-6.9660833687035169,17.009714836688964,-5.697191439538468,,0.1099480789981615,0.1428571428571428,0,1
0.41932650563278778,-0.85683951842520811,-0.29998553521570481,0.90433218280041783,0.36524257934861992,0.22086457701994466,-0.079678007161496409,-0.36390094517000704,0.92802344651368995,-28.184985297960051,4.3665180831223838,-6.8746742908960909,0.4314358136162876,0.4287773906761839,0.6608695652173913,1,3
-0.95807181677301956,-0.15972052135039747,-0.23788179620307817,0.1781858324657859,-0.98227916941433802,-0.058115767594981473,-0.22438405249420143,-0.09806624492778436,0.96955392247777705,-10.601377006895788,-10.144096990761033,-0.56682435069549564,0.6429468055940956,0.6009649502313512,0.532258064516129,1,2
-0.19134399847846242,0.97106930520659884,-0.14287014639822088,-0.96987834481709734,-0.16470501394974707,0.17946658361562168,0.15074306120390221,0.1729065148147651,0.97333440637505952,-22.218469525097468,4.1270370522449262,-5.6983554180975577,,0.08665470605602019,0.2647058823529412,0,2
0.96765056414041617,-0.15701648545337168,-0.19747964202571541,0.19863186410854763,0.95673953140306989,0.21259080791839832,0.15555631867428926,-0.24493936463236166,0.95697802449899394,-9.5452373027642423,3.4864853959895021,-3.573172459615499,0.2603172326582018,0.2359403715567089,0.8616924476797089,1,5
0.0061107389611269828,-0.93088934740995122,-0.36525016324161336,0.98238658287473501,-0.062628193711834146,0.17605201259882222,-0.18675990109510082,-0.3598926676539399,0.91411050049317333,1.4421190325259134,-7.8857745431631496,0.83254402079442136,,0.09205524875207491,0.3666666666666666,0,5
0.68863275919244415,-0.68516689690742105,-0.23734204505155962,0.72502456960494477,0.64558921376040668,0.23990402361232921,-0.011148831156940901,-0.33728458378419196,0.94133671611456782,-8.855244827698554,16.442322538376214,-5.9500496727580066,,0.102463200712114,0.4444444444444444,0,4
0.56740408171231593,-0.77650452720040564,-0.27403161732449266,0.82230701494644431,0.51687935452137213,0.23800610504656738,-0.043171532588863491,-0.36038375671892253,0.93180457536281946,-5.5843770201477856,-20.334118735047443,2.5235423611661143,,0.7326055092304533,0.3902439024390244,0,1
-0.61675884350003285,-0.7427669753406746,-0.26058731609149643,0.74138371019696792,-0.65938162125716027,0.12476406454929034,-0.26449711381994784,-0.11624585107239969,0.95735478214159075,1.7122719022359336,-16.703397952645386,2.9896979717469696,,0.1418221515488855,0.3333333333333333,0,3
-0.53068718279136995,-0.82347967539778721,-0.20062985377982526,0.80688661675050732,-0.56331255317904461,0.17780032378999286,-0.2594322680968566,-0.067529191004047459,0.9633974811221272,-2.8618622764019199,-2.1717638730473148,-1.1756071339540914,0.5406265715599989,0.5008043437782659,0.9972762645914397,1,5
-0.96202652006047751,-0.11563102424514568,-0.24725379862066224,0.13605894218279249,-0.98842327342305147,-0.067137149237662702,-0.23662827166766875,-0.098228808338893817,0.96662203692027071,-20.285876487416765,4.1476106197252234,-5.3972596058296194,,0.4000247692884337,0.2957746478873239,0,3
-0.75126968121771287,-0.6211301214922812,-0.22313950402835486,0.60458187605170055,-0.78327188564031547,0.14479609219613462,-0.26471611441852683,-0.026125185940948127,0.96397243395582033,-8.5730082487230455,11.98303623617749,-4.9887237807834817,,0.08219708835767368,0.3103448275862069,0,3
-0.91905431014026151,-0.3184585845035498,-0.23221392070374083,0.31563893528504128,-0.94754859348145859,0.050236694989176253,-0.23603228072603424,-0.027125503632289483,0.97136654745155859,2.7294044121555432,6.1520738105426638,-1.9478036119617494,,0.1128537326736053,0.2,0,6
0.44589533044261398,-0.78953730752024442,-0.42167308939883186,0.89325657797186919,0.36241514183667611,0.26598486964015156,-0.05718426531362137,-0.49526367220015738,0.866858612923328,1.4185290704395785,-9.5412942612598748,1.2964902654616228,,0.329424535974375,0.2727272727272727,0,3
-0.37571704767205943,-0.90198532464211179,-0.21274203679304821,0.89390100281080975,-0.41329109177552192,0.17358418889065025,-0.2444947796220181,-0.12495178105677585,0.96156609504927903,-22.66818521957369,0.47706715723079163,-5.0757502191321171,,0.1125969627868062,0.5,0,1
-0.72045296792052627,0.69327392701855106,-0.017854498894747606,-0.69316491068956076,-0.72066697822116621,-0.012708780047962923,-0.02167781361759711,0.0032200338275805741,0.99975982304697075,2.8542861112994702,-6.9632473982984102,0.9016598161620355,,0.4281710365937113,0.21875,0,2
-0.27425397900047327,0.96101352393348516,-0.035181839340097561,-0.95331467324109853,-0.26688424318698117,0.14129378797997508,0.12639576253033874,0.072289747236083418,0.9893423591754863,2.6772902009488782,2.3744254825969167,-1.2193456602789423,,0.09693928992966082,0.3255813953488372,0,1
-0.51113056818470182,0.85586523311123119,-0.078995221492451639,-0.8551255459414,-0.49711083703490933,0.14710919883159915,0.086636268072942446,0.14274284028948617,0.98596076930093068,-6.8449831406453674,11.989838149841022,-4.7374680545078336,0.3903923932692587,0.147623674619156,0.2142857142857143,1,5
-0.96714119380227359,-0.14105458865894838,-0.21152190021122533,0.131642086410379,-0.98959836091402864,0.05801245695357371,-0.21750464899913066,0.028261052608188623,0.97565006050798841,-1.8637750997282319,-14.358736616332992,1.9020883407633473,,0.155117027036425,0.16,0,1
0.68436248429611402,-0.67414793206725754,-0.27779948843993568,0.72879645453925623,0.64417341654182347,0.23215584694735411,0.022443661445042659,-0.36133803440860413,0.93216474238766678,17.255778819154823,4.0455232037004443,1.0284202530561657,0.3707216289582617,0.3159356984934522,0.8947368421052632,1,7
0.12429551526029828,-0.96724673780152914,-0.22132413582453814,0.97872289591278538,0.082813602810485429,0.18773225669990737,-0.16325476379655726,-0.23994927672708005,0.95695988771519713,-4.5093734526737146,-14.428876787622791,1.4395630976132712,0.5636411082325816,0.4614291309671177,0.9724770642201835,1,5
0.3627591694764653,0.91772622348882105,-0.16181583260513399,-0.89991799572601094,0.39008356534328814,0.19489077201742905,0.24197806910797923,0.074922565159078108,0.96738473385760981,5.0428857044144548,-4.2130376434631636,0.58007724478362566,,0.0794474171038803,0.4102564102564102,0,5
-0.91194867687368952,0.37700497378169895,-0.16191621442026072,-0.39648745943026947,-0.91126598872113951,0.11131932588106763,-0.10558079968847459,0.16571526044376672,0.98050555694151809,-10.519365954529581,14.441849173207515,-5.8464923302662779,,0.2297313433736279,0.3,0,3
0.7166576648732772,0.69504948724608062,-0.057515229786047624,-0.64506867463522932,0.69194891127976321,0.32418067367302961,0.26511921164398927,-0.19522529154213278,0.94424514251308622,-31.199930603149053,4.2195805949805134,-7.4025183366887726,,0.2597710981344134,0.1333333333333333,0,1
-0.30185584136354399,0.93609579749826677,-0.18057604752787637,-0.94578997613940674,-0.27022813646585148,0.1801612480430046,0.11985145835127244,0.22516974079186591,0.96691996347308717,-13.174796464288125,-12.070318649762513,-0.5589322366355497,0.4966029792014524,0.3988637656409676,0.9333333333333333,1,5
0.7619930905659531,-0.56521964383030543,-0.31605898841528063,0.64694437723006526,0.68612427728112357,0.33271075861153004,0.028801088523717672,-0.45799588464723051,0.88848762903376999,2.9912918257138483,-5.4690372977202051,0.5029218356310009,,0.08263585737207539,0.2222222222222222,0,5
0.62113534610005938,-0.75341052823423593,-0.21578567554629122,0.78331637272602317,0.58818030862026516,0.2011451833147303,-0.024624013574273233,-0.29396683570971016,0.95549838171412638,-17.675490384794877,4.1889968606794818,-4.9087322310313128,,0.08235113720290782,0.4107142857142857,0,2
0.42913125009926822,-0.85345753563594862,-0.29573062921255294,0.89920959623679075,0.37276463401477189,0.22906031883218131,-0.085255335457122661,-0.36422076065766285,0.92740215941200277,-6.3900927205928468,6.4001349985491727,-3.5139944363758562,,0.07746222227752904,0.2027027027027027,0,4
-0.33626442702088072,-0.8859998069581676,-0.319265684329537,0.91759059889400463,-0.38455240448295752,0.10073202582951377,-0.21202294201727487,-0.25908259354203012,0.94229638743968103,10.756647974344267,2.6656604052419404,0.19172595654414812,,0.1386293974310596,0.4,0,3
0.68423297081757239,-0.68017954524222213,-0.26302286569848832,0.72890800367758313,0.64912885829025468,0.21754274869448792,0.0227676046373309,-0.34056939317689183,0.93994368161619313,2.2850718845531972,8.7831815007760969,-2.5298834399536889,0.3612491861862136,0.1636320712114633,0.3513513513513514,1,7
0.075937705244264145,0.99471974798276241,-0.069036858962033681,-0.97976325212500193,0.087296844551775707,0.18012004529408221,0.18519566600672482,0.053961874545011723,0.98121897728688112,6.7382098586455976,16.886694294552065,-3.2662159043891865,0.7852430988740969,0.5541911185299481,0.4166666666666667,1,5
-0.93531263501657202,-0.2273241271716997,-0.27113468237018645,0.26751550541086139,-0.95587452965198605,-0.12140567502125499,-0.23157229787504485,-0.18608499339876919,0.95485425384644496,-8.7384102477515846,18.703869571697915,-6.3472090800506669,,0.3224959747283939,0.1818181818181818,0,2
0.95695413575332677,-0.21758498355728192,-0.19208216209471421,0.25662893969557943,0.94346535172353707,0.20979684794558925,0.13557422090989646,-0.25005980290234453,0.95869167389579113,9.7825958677431863,-0.1364420881638653,0.61299047604103196,0.2289270413833617,0.2001343953411115,0.5303030303030303,1,5
-0.70432586174501155,-0.5922039942840166,-0.39143263741185774,0.6584746889276375,-0.75103333042106601,-0.048580043621772893,-0.26520966143562341,-0.29196466524341297,0.91892353856591524,-17.594849703171793,6.5654777237163593,-5.4094309327473766,,0.0732944505491086,0.2142857142857143,0,1
0.97365457824473944,-0.10537466451770862,-0.20222003446948461,0.15877844585793682,0.94980406498048264,0.26955823726514155,0.16366480193981053,-0.29456479461118984,0.94151230176863365,-11.604274987168543,-18.829055721767329,1.1083496676269657,,0.08636966075141712,0.1764705882352941,0,1
0.84718227679209634,-0.42472643888038381,-0.31920156955339041,0.52690446424739223,0.74877856413811372,0.40212230408600069,0.068219318711997906,-0.5088596211169174,0.85814218550961485,-5.5199585061598828,12.708313564271265,-4.6012904176420406,,0.4128271802382624,0.3157894736842105,0,2
0.98333647354342668,0.017933338861705166,-0.18090819538221153,0.05418549749986129,0.92097957816381315,0.38582450475040742,0.17353187505432452,-0.38919790847649205,0.90466108370906162,-14.39142830927992,-7.7314955806081311,-1.8996462727001753,0.7187556264671342,0.5817448875110546,0.9214285714285714,1,2
0.30707741840234493,-0.84359916517464784,-0.44050415165352019,0.94609114686692297,0.22049202937912296,0.23726526673810813,-0.10302912659719464,-0.48961588362400199,0.86582982483609661,2.8090426954578924,17.801918632349267,-4.1242378429398174,,0.380633776093568,0.1764705882352941,0,2
-0.98136210186197481,0.041753228899115494,-0.18757689864571561,-0.026119071385289776,-0.99603340431257437,-0.085060282173727256,-0.19038439836030979,-0.078575602893022942,0.97855999074710831,14.852391465197853,-0.95215331908039047,1.6837119144515862,,0.6883778715298601,0.2444444444444444,0,1
-0.43760354798381679,0.88356531914829584,-0.16677967978846625,-0.89688021271000506,-0.41569296789303695,0.15101404071652813,0.06410162900605515,0.21566567469731168,0.97436096900282343,12.371689089240276,10.686862899092791,-1.0806012099098241,0.4388006972068291,0.3760404028842644,0.8985507246376812,1,5
0.52132955114476209,0.84511789039953877,-0.11828461620106767,-0.81297846565102716,0.53400062160273154,0.2321838722125171,0.25938680284644927,-0.024881468094339734,0.96545295020242561,-11.134791312363838,-8.2456303217627909,-1.1595978259753117,0.270780395735537,0.2568632156288964,0.7538461538461538,1,4
0.54190606090860627,-0.80408770437593413,-0.24450109370299,0.83882961250736887,0.49947857737263002,0.21653182659034467,-0.051987520918536471,-0.32243466689742611,0.94516304585584077,-14.117997114581899,17.379077381271504,-6.9904431733793331,,0.09865187232719901,0.5384615384615384,1,3
-0.36396719649252945,-0.89613144896227692,-0.25392185029678005,0.89913784245572781,-0.40918995597448615,0.15528915027669801,-0.24306176198947743,-0.17179058795629606,0.95467741868560108,-5.3062241226990228,5.5814415009057523,-3.1833902567253172,,0.07185078612934553,0.4454545454545454,0,5
-0.8744284182486346,-0.35798704687603711,-0.32744498107035486,0.41415594818067764,-0.9023280049451351,-0.11949486214183697,-0.25268516368349547,-0.24010298990372195,0.93728371494096607,-26.299986452122383,4.3850428378810866,-6.5187469766589965,1.051108057507559,0.6935871785179847,0.2222222222222222,1,1
0.80764926284269811,-0.50847801108611301,-0.29858462865920743,0.58760679268032556,0.73627511607633556,0.33558487844764345,0.049202900581034811,-0.44648523568947857,0.89343718799125604,-0.72988811833915801,13.808096974209738,-4.016643455203158,,0.0957179055389875,0.1612903225806452,0,2
-0.39239693135027609,-0.8477204849818073,-0.35692384006829458,0.88348634839669682,-0.45532539301489705,0.11013926943875223,-0.25588380265964333,-0.27211902876873623,0.92761776272255692,11.84621270230414,11.573312552365953,-1.3317115204544399,0.2744985173018879,0.1809378920835605,0.1333333333333333,1,5
-0.92381604825080044,0.33757092105844216,-0.18058178825681623,-0.36523439955449577,-0.91851742004945691,0.15142517111681611,-0.11475078377223231,0.20584368419129373,0.97183364589944776,-0.1511382495876876,3.8666849112552679,-1.9975432491082472,,0.07537741819958277,0.2830188679245283,0,5
0.8446310296863444,-0.49124767973846944,-0.21277720940588854,0.53107145437230019,0.81900159607338274,0.21725444985119091,0.067539129709207793,-0.29649975173821613,0.95264178114194653,3.5375919268088691,-3.4477736767731191,0.15916162873953593,,0.09169680895330512,0.3258426966292135,0,5
-0.44350920326650523,-0.87046538831225362,-0.21351719923300547,0.86272599529608773,-0.47918380252402948,0.16151390168956498,-0.24290624458478677,-0.11257393636632414,0.96349554497813095,-0.24225656060744652,-4.9854890443394861,-0.09526888545950743,,0.08874307489620664,0.5363636363636364,0,4
0.26097944735576389,-0.93609330489534504,-0.23583691947612984,0.95659693290967018,0.21796440424881491,0.19342654013416036,-0.12966123555516795,-0.27608122538588131,0.95234821414424742,0.25691121466270217,-18.919369057701417,3.2024179667067392,,0.06962826009618274,0.1818181818181818,0,1
0.8819006467313073,0.44148306950051264,-0.16536005756925418,-0.38274213443628063,0.87528385477349147,0.29561230031921548,0.27524481434181791,-0.1974104174486831,0.94088756993632061,-3.3834231987431784,9.1136219130148088,-3.6589290407982236,0.6010797508519015,0.7477797322888886,0.3488372093023256,1,4
-0.72681618504758205,-0.63578198931726937,-0.25984513698095879,0.63366094816507657,-0.7666650160756967,0.10343382375309823,-0.26497553834913518,-0.089476338690327756,0.96009476037064068,-20.095546839993315,-11.827582459093565,-1.8816548695017747,0.427205071232145,0.2618401333439102,0.8292682926829268,1,1
-0.93846446813066187,-0.2563724256628156,-0.23142519615633547,0.24461305120631621,-0.96642484394803885,0.078660512199870525,-0.24382144539759101,0.017210472386715588,0.96966741845049931,-8.4986022287014027,-16.327942585099489,1.1282735575644729,,0.2381286524547428,0.2777777777777778,0,2
-0.017320647566705507,-0.9685038091054875,-0.24839558554055088,0.9847193925073463,-0.059579898264016003,0.16363970710929227,-0.17328506337199248,-0.24176560440023859,0.95473644496329646,-7.9386825447051397,3.2518554259700516,-3.1974973393112371,,0.07690500665261416,0.2651515151515151,0,5
-0.41080275426542667,-0.87498854591246,-0.25619551442197325,0.87566866855734815,-0.45690134956211709,0.15635069451498629,-0.25386114313723135,-0.1601130890661854,0.95389638782980135,-8.9223745082220045,-20.525094192231265,2.0024242291064565,,0.1300200992122436,0.4,1,5
-0.48691620766365645,-0.80507152862434894,-0.33878081485364053,0.83546142367891962,-0.54242133787443758,0.088223022861938186,-0.25478778671442526,-0.240081082172168,0.93671994626153043,0.85684517066179378,5.371191311226176,-2.1508938880783779,,0.08208485771325486,0.3666666666666666,0,5
-0.16824603890415682,-0.96172590508599354,-0.21627887987408334,0.96140704323677029,-0.20854743828893482,0.17945602023296833,-0.21769190983542211,-0.17773927385260177,0.95969733922865341,-12.448418379220024,1.6165737723219653,-3.5432649457584331,0.4141723701663774,0.3217396092925189,0.957347972972973,1,3
-0.88335830946305438,-0.38714851863111999,-0.26418577104814811,0.39359806634465988,-0.91878164810196816,0.030345432618053354,-0.25447722741400652,-0.077177118582915399,0.96399431175444106,16.548249029204488,-7.7579676104701969,3.6504202749521917,0.5272687348726279,0.2259276277575019,0.2727272727272727,1,7
-0.65835243212275807,0.73566655815737825,-0.15926955241641266,-0.7525543221753781,-0.64761352056562849,0.11940988299026355,-0.015299257929882444,0.19847277694804344,0.97998698436118292,5.3073781931242854,-18.406800329537081,4.0048058531133588,,0.3273770930554986,0.3157894736842105,0,4
0.87023511523476238,-0.44735686914313338,-0.20630723652551142,0.48693889345619662,0.84461763729222306,0.2225119340946862,0.07470848848688319,-0.29409671607373744,0.95285138575889605,-34.927746453414784,3.5909812700784847,-8.0297129934470721,,0.1259609825497676,0.2727272727272727,0,2
-0.90320215842012741,0.4087890723865929,-0.13083331121137073,-0.41492038489764838,-0.90958211567966274,0.022393057676334378,-0.10984960273760619,0.074510865872147378,0.99115144939881517,-18.630296761160867,9.9382823176210415,-6.2617689004371924,,0.1150072847412277,0.1818181818181818,0,3
0.023872756762876316,-0.93320152441372084,-0.35855962728178176,0.98454375142794093,-0.04030079690270532,0.17043898407701868,-0.17350415847679235,-0.35708648896439166,0.91781563856274839,-10.947053093627479,-14.31668729809714,0.21106745452281525,,0.1738994176291734,0.1333333333333333,0,5
0.95112404604980849,-0.19239633579692891,-0.24155061373914288,0.25851567832477362,0.92392518025463377,0.28201401623274763,0.16891623097299874,-0.33067493292258721,0.9285049249468299,-9.9908680375297187,-15.255237527261736,0.61665513393933102,,0.1535782858588309,0.3,0,4
-0.56964137380619284,-0.79588835168406269,-0.20511079177317626,0.77910943876387195,-0.60237136892947207,0.17360073825614647,-0.2617196738444369,-0.060913590828812147,0.96321978113777407,3.927948314846812,-6.8472815761946952,1.0251003970065238,,0.08431829811990674,0.4838709677419355,0,5
-0.16355155299738461,-0.96220014534361331,-0.21776540086265658,0.96364718351921574,-0.2030882262882579,0.17360667625000109,-0.21126995812852103,-0.18145537369783019,0.96043685484708141,0.34639664110511098,9.6775385729438703,-3.0498728881942245,,0.1265176607065763,0.3617021276595745,0,5
0.0067085915595030635,-0.97985177457816863,-0.19961336291767284,0.98288570951040533,-0.030288100926718457,0.18170941908024993,-0.18409420642572311,-0.19741613611421871,0.96287911617306177,-15.635118127049973,5.3730265721555401,-4.8068384029101843,,0.07116835106141303,0.3717948717948718,0,3
-0.28441721007159948,-0.87778900667743454,-0.38547802838985956,0.92691562873118283,-0.35445595043262856,0.12324121233086427,-0.24481476227745524,-0.32225368727005682,0.91444972153305859,-11.698500509832048,5.4822820065468809,-4.2590702642260085,0.6907577524259623,0.556598971250195,0.8106796116504854,1,4
