axis_00,axis_01,axis_02,axis_10,axis_11,axis_12,axis_20,axis_21,axis_22,location_x,location_y,location_z,dbh,dbh_approximation,score,reconstructed,number_clusters
-0.2742989642298071,-0.77110171998238919,-0.57459743791863171,0.95173556123832648,-0.30323779549921859,-0.047394734466407615,-0.1376934991087895,-0.55986514163767598,0.81706274146004387,-10.180267691376772,-0.2556431482162918,-4.7732698614194531,0.4682268530543237,0.3940535552404105,0.3787650602409638,1,3
-0.87697629089222218,0.36720949491718069,-0.30995124141643626,-0.36574898284610524,-0.92843424697331933,-0.065096317823088556,-0.31167333341169917,0.056276423924715741,0.94852132150536583,-12.034109275271387,-2.4794729463656298,-5.3161554878894792,,0.2415985571535374,0.1153846153846154,0,1
0.87670376752315271,-0.29519278715962921,-0.37980484780955609,0.35300716562627915,0.93117314344308655,0.091118153772021732,0.32676665225694462,-0.21395746151805708,0.92056817218147324,-6.2967069831113403,13.34349924989556,-3.7672209776402452,0.1523409993712304,0.1150487217612853,0.5833333333333334,1,6
0.22545126988864683,-0.86869486580111122,-0.44106797099357054,0.97413655604403537,0.20804216339937395,0.0881840599358681,0.015155694779888634,-0.44954164254148571,0.89313079475340063,-28.459545730742665,4.5029862334311401,-11.199159151724084,,0.3329564342059997,0.5,0,4
0.58697116670497917,0.74560242046098024,-0.31550258328533998,-0.76131099916433875,0.64090308327899337,0.098228307502854051,0.27544584224197527,0.18253840266148655,0.94382695423758767,5.1086480925116806,4.7657908934036657,0.79544094905971974,0.4696029508029977,0.1927486018894295,0.2876712328767123,1,5
0.24066618925975042,-0.88568270906199253,-0.3970465013267328,0.96946952635974026,0.23915786037056266,0.054151226050701412,0.046995987137305684,-0.39795685280138549,0.91619960734624084,-15.990060109226741,6.1459607327503329,-7.0491686446683461,0.2604609760271092,0.1898651724826907,0.6708860759493671,1,4
0.79566700580220528,0.55365460340568884,-0.24572463451075252,-0.53795653497787344,0.83234048753603262,0.13346190199033864,0.27841835850452307,0.025997940994788801,0.96010797554841631,-2.5248306714558577,6.7942898586776801,-2.3028322612338719,0.52344551718216,0.4682577133993641,0.6961038961038961,1,2
0.91107654461479137,-0.20269428985828231,-0.35896316623244068,0.24618030450568934,0.96596832603734706,0.079375378840615199,0.33065811274828621,-0.16068670745102637,0.92997042669231678,-6.5955369009808189,-6.077637300847857,-3.1469521483244365,,0.07204177611994163,0.2988505747126437,0,5
0.81781222824741118,-0.43671188468066063,-0.37478779210063584,0.50982230979031218,0.85189487123135588,0.11981794861281098,0.26695387573338419,-0.28906376138903428,0.91933550463503144,4.6538985736983083,7.1681984432974382,0.57090025156087709,,0.06781008416253938,0.3636363636363636,0,3
0.82707188200902826,-0.34002410790160376,-0.44758877112340822,0.48099082214843392,0.84016632470429164,0.25053617671277706,0.29086067282982381,-0.42249751819223852,0.85842641858366697,5.0383270979900985,-3.2473442177180818,1.0614171874483938,,0.1518018432917911,0.5,0,2
0.89457206636603237,-0.2704143076715258,-0.35583271390379012,0.3193752045581052,0.94374325436226247,0.085721342495287511,0.31263444594458178,-0.19032806427916837,0.93060997800188527,-1.9408703575992019,-5.9450338088871604,-1.4122299431335572,,0.09874108637195378,0.3863636363636364,0,5
-0.91888371908204913,0.17508638051366443,-0.35354981284759035,-0.16934658478250356,-0.98441741871294097,-0.047371721069141233,-0.3563347373305672,0.016343350120902742,0.93421541941801689,11.049344354724729,10.650692705167215,2.9758539122137293,0.4887014522880113,0.2724416642886879,0.64,1,5
0.939711101366695,0.10468236294473347,-0.32555283573714872,-0.044776714932440259,0.98146371315509828,0.18634383692428449,0.33902520816017617,-0.16053218570776542,0.9269796791644549,0.93126849633191555,-8.6167736534395143,-0.23650504778207504,0.8869732123048338,0.7333619136263773,0.1333333333333333,1,4
0.80043516832318273,-0.35019025541986371,-0.48648774529314698,0.5323757484101761,0.78829312889809844,0.30849636211266984,0.27546252706338126,-0.50592561502756239,0.81741034263265833,2.218494318144169,4.4002271928693917,-0.39029310326176653,,0.7826656624408324,0.345565749235474,0,1
0.88123569101427301,0.34065716278462554,-0.32768331407950285,-0.3314438205569305,0.93959742840335625,0.08544978848671704,0.33699948174622157,0.033307206147151588,0.94091550062768614,-9.726288307870151,9.1342190990826584,-4.9123047158634785,0.3551625672376557,0.3740962781467628,0.7552447552447552,1,5
0.43594056720218083,-0.77832831286211268,-0.45184163073433059,0.89156800573932615,0.44195901641905011,0.098887405405882506,0.1227286152836521,-0.44595657322560434,0.88660048600676644,13.28640736854264,12.707597341613967,3.840168521418966,,0.2409500389188071,0.125,0,1
0.84694668404437312,-0.39310090248635504,-0.35798462934971703,0.49174577655998247,0.83517612920695783,0.24630656596668787,0.20215688368606427,-0.38464595885995706,0.90065536178443051,-12.106598452462142,11.560026667918304,-5.7324915093477156,,0.2793315968009716,0.3,0,2
-0.48832572224547421,0.80523288595209108,-0.3363599089884261,-0.86074269034468998,-0.50792572278031245,0.033667211887549765,-0.14373590369709435,0.30595989854777228,0.94113151603217271,1.3341698177963153,-8.9616583100737603,0.0025255178230111489,,0.07856383696503197,0.2173913043478261,0,1
-0.41067032773628004,0.89114099703624716,-0.19291864948267531,-0.90557524713834192,-0.42328918998888343,-0.027563261942029373,-0.10622313160186236,0.16338293986765476,0.98082753900616737,-2.0445195887755947,-23.334521178054032,-0.46966868267639977,,0.4916432519308524,0.2380952380952381,0,3
-0.55253704239652202,0.80336293625483002,-0.22206037339364298,-0.81835061144923305,-0.57343979563194314,-0.038328547145218501,-0.15812998931376801,0.16054530026635799,0.97427927877073051,-11.9498202794321,5.9421240941926383,-5.6689141094303093,,0.100140490277274,0.5833333333333334,0,3
0.65593222985345856,0.6760599266408629,-0.33570207838174115,-0.70159191386268382,0.71011337908982441,0.059226474149042981,0.27842718301553437,0.19667731040458658,0.9401044300129916,-6.0178203081828752,-3.9631000149583477,-3.0546097741879397,0.4815347804085103,0.4335113337204565,0.9885057471264368,1,5
-0.72600063536031512,0.6247002063615068,-0.2875286587947567,-0.65325157866302608,-0.75712776876776622,0.0044628169366271253,-0.21490800922879774,0.1910685582000253,0.95776163717110763,2.1729382343258012,-17.159821903031705,0.7925002378257151,,0.4239280648891769,0.7831325301204819,0,8
0.16465636303709627,0.93979697087870639,-0.29944938744069,-0.98250015360859888,0.18307298183961485,0.034318092596056352,0.08707313173692191,0.28855837684524194,0.95349479960929218,-12.230713673248115,-6.4659768982201982,-5.2011067516505074,,0.08952565954153574,0.3529411764705883,0,2
0.93193462532505711,0.050637566434985057,-0.35907337827495517,-0.019437256612140932,0.99575416029602704,0.089976915420281092,0.36210502230104508,-0.076873201563985319,0.92896203566435565,1.9048144335105952,-13.92854578027662,0.55224702550602167,0.2113065778909051,0.1916917751216678,0.6351351351351351,1,5
-0.4097455059236752,-0.73608018077180437,-0.53878992923986746,0.89454958586931066,-0.43986622254379582,-0.079364631203694969,-0.17857675883607593,-0.51449360903708197,0.83869342877096753,-4.9136399501147459,-20.799306846697473,-1.6813493376527431,,0.4009438062906163,0.225,0,4
0.94071701974835531,0.083656465231399177,-0.32871429019858561,0.010015818308815773,0.96183506612030722,0.273446501102041,0.33904449875993714,-0.26052812018346777,0.90397672893404257,-2.8144525659861181,19.351575305897171,-2.4715844143460912,,0.4462469076973833,0.6551724137931034,0,5
0.70939284198961106,-0.58824271040648024,-0.38824259089845148,0.66393001843435695,0.74260117028066142,0.087979727889712742,0.23655596875931681,-0.32017809973736722,0.91734794821425913,-8.9844903313987778,-13.653308890950891,-3.6098747340631689,,0.1085542851366419,0.3333333333333333,1,4
0.18946770458124068,-0.90909027448472879,-0.37102137641650501,0.98153966535443393,0.18540772628950894,0.046945291223521021,0.026112722122032011,-0.37306681421621601,0.92743694010641076,4.2449435678509042,-4.3552001052522851,0.80845020979154658,,0.07171678884461179,0.2586206896551724,0,4
0.9276295402767889,-0.051123864933223746,-0.36998619763467383,0.15251547021711848,0.95608600208539885,0.25027702243875793,0.34094349583226496,-0.28859297817280455,0.89469079887915826,0.35423585612661718,7.6695741584310433,-1.2184045974433608,0.6044906875982574,0.2401313442782713,0.1343283582089552,1,3
0.48494644225320127,-0.78160137924923601,-0.3923343371432797,0.86253716691542015,0.50154062288910095,0.06698238038122338,0.14441808694026179,-0.37088581470272836,0.91738058003034395,8.4825536024694888,3.1941421644891053,2.1509896348429502,0.1609737325182332,0.09377419788467026,0.5600000000000001,1,2
-0.89286195613484687,-0.1448008339425336,-0.42641557872174796,0.22817578530391475,-0.96181376093403625,-0.15116249627095948,-0.38824391597035768,-0.23226495165537342,0.89180696002247617,8.4240729892171871,12.272708711813682,1.8138025695971498,,0.369418877352031,0.4615384615384616,0,3
-0.0012581918432614289,-0.88876251317273913,-0.45836624235665829,0.99874500626748741,-0.024066462940668897,0.043922862125344055,-0.050068247513190653,-0.4577357322084466,0.88767740201638323,8.6230583525561109,2.2210659899237712,2.2324718090860514,,0.1493749043853887,0.3529411764705883,1,5
0.20410324642520367,-0.87337134932652294,-0.44222658329668824,0.97843423138763319,0.19664813795994648,0.06321364319336549,0.031754049310047966,-0.44559173692120446,0.89467294825537236,2.6146857496032188,8.4674077825388583,-0.34863552820202115,,0.07706160516592277,0.3793103448275862,0,5
0.0081753259466516657,0.98233964000673824,-0.18692778209003086,-0.99965470749497343,0.01269709162434607,0.023005426477725164,0.024972581540662932,0.18667516046789687,0.98210424835425691,-8.7470929863699141,14.176633891289958,-4.5356475355581187,,0.5450130068191461,0.25,0,5
0.24379210599816287,-0.82132884863037015,-0.51573668810788709,0.9686731053880907,0.23215615877317777,0.088181249942811402,0.047305643963211311,-0.52107815186514439,0.85219700521536224,7.6487748058304517,-6.6519144556173524,2.32287790383615,,0.2347724117113678,0.2608695652173913,0,1
0.91492438319916225,-0.19286417364995828,-0.3545656265770149,0.23533605515406938,0.96858221467364802,0.080407925992478133,0.32791815163566851,-0.15700924794485752,0.93156737914529664,-2.8881190102740315,-12.168715479958458,-1.3818681437912208,,0.08224793930130855,0.4285714285714285,0,4
0.91224830005847313,0.24289488891068003,-0.32985619894356,-0.21421640535774578,0.96922883679086236,0.12127156966344639,0.3491623844517488,-0.039969174048242732,0.93620942871233093,-13.045720280248714,8.6212564396226288,-6.145488171323831,0.155203964159844,0.1608421692051027,0.495575221238938,1,5
0.34891387121438994,0.91322057681049662,-0.21044545270471351,-0.91645097486088822,0.37943229770355058,0.12707770117503431,0.19589977322783014,0.14852376762426903,0.96931107973651909,-7.3834369231947834,9.2000042858085234,-4.1616871174583752,,0.5275140752666788,0.4766355140186916,0,4
-0.080426507560259194,0.99292641898787315,-0.087342448772513695,-0.9967601361934969,-0.080196119083531858,0.006149258448130886,-0.00089876425247428066,0.08755403451503288,0.99615936639824831,6.1234570002803332,6.5234673031914321,1.1082912628527402,,0.6883033091416023,0.4589041095890411,0,2
-0.77909969014965741,-0.40673380365947193,-0.47704432264665514,0.5413193951398273,-0.8202822463085272,-0.18468987204632512,-0.31619137441454503,-0.40212516627504785,0.8592545405141051,-2.3353404680786189,8.6493001701737775,-2.2430217324032493,0.9337422733790712,0.4160095504156361,0.3636363636363636,1,1
0.87798027726636219,0.34647048354704185,-0.33031626778280443,-0.33173225172318282,0.93784656763631657,0.10196827320027872,0.34511497489669896,0.020050426515634625,0.93834622314931948,-10.897635496869329,2.4650780284415736,-5.0930156449697739,0.1677086684752573,0.1436452442946187,0.6407407407407407,1,5
-0.058644964230711902,-0.88951300318720805,-0.45313064929582192,0.99757366604250985,-0.069277394143650084,0.0068864707341870692,-0.037517315853962278,-0.45162734618437361,0.89141751788349688,-0.78589602233346312,14.677367164848574,-1.7467037929785236,,0.4149509658937336,0.2,0,2
-0.032884515455813487,-0.84998403208771056,-0.52578108927495126,0.99857733109032976,-0.050035453557065665,0.018432775695816091,-0.041975260282098331,-0.52442692396868462,0.85042017787737922,4.1438952089626637,-9.1657871614406279,1.1033429292779366,,0.1617981713783352,0.2272727272727273,0,6
-0.71301199731694109,0.66048776804140552,-0.23530788331415839,-0.66221554605021804,-0.74464135446259894,-0.083545339747457467,-0.23040065592684111,0.09625570887894927,0.96832348740319896,-34.781905672144823,10.969170695687231,-13.767758089000917,,0.2779384413340418,0.36,0,2
-0.93364574859128135,0.15886108994979614,-0.32104325290743735,-0.14543364512437454,-0.9871943621326017,-0.065546519659270691,-0.3273448808264206,-0.014506738901917842,0.94479356661821534,10.624676914789617,-2.5445194525933053,3.2190583756279803,0.275871244537446,0.2234805633927175,0.1923076923076923,1,5
0.91800205025978887,-0.15320422843310402,-0.36578778015270025,0.21986103823221692,0.96425224240961971,0.14791462698283189,0.33005054095740327,-0.21620841195068236,0.91886917622449826,-3.4808164108266539,8.6332866009805365,-2.7222472565107845,,0.2430248754904265,0.8576923076923076,0,8
0.72726373680699541,0.5988666515704909,-0.33532997295540878,-0.61894572352191035,0.78338587887489597,0.056681179533833108,0.29663723377126033,0.16632888629506448,0.94039409458182988,-3.4449593880585452,-3.5145864140011072,-2.1535536105272501,,0.06485740711076578,0.231404958677686,0,5
0.91506245525579988,-0.19311210722316011,-0.35407402760589135,0.23524594353182568,0.96866636924125571,0.079654322875682665,0.32759738862366994,-0.15618315896662208,0.93181906603275644,-4.7371628267016375,2.0622027848355735,-2.9534477533600727,0.8873800524858566,0.7667237417473336,0.9776666666666667,1,5
-0.016400048305042138,-0.91450872548918316,-0.40423363222243608,0.99819051139331605,-0.038366498664705435,0.046300267219126737,-0.057851027475263266,-0.4027428494515608,0.91348314480109327,-4.6283980849415185,-17.693014419087113,-1.7619597659881547,0.1597296544711417,0.1248928005848142,0.391304347826087,1,3
-0.9361845567050161,0.11285831515251699,-0.33289859790628074,-0.047601252404187104,-0.9790364475748804,-0.19804483100932066,-0.34827086664920065,-0.16956012214224389,0.92193099981642979,-18.895042882522883,2.422353660858195,-8.006829693841329,,0.6507705919196534,0.3937007874015748,0,1
0.87501300118194203,0.3805622831558832,-0.29920661156089701,-0.36069533994118708,0.92475367985942314,0.12136516522943497,0.32287941945451315,0.0017263330032583381,0.94643853485954366,-5.5821141454047103,-2.045882723788512,-3.0450244489161231,0.2781774020061186,0.1157384392182428,0.3890675241157556,1,4
0.75530128338232616,0.57308060521561111,-0.31796004662020055,-0.57798939191701026,0.81117216694682948,0.089039195875689661,0.30894697627977452,0.11652611508367527,0.94391388926696629,-16.751812341763813,17.362842722511949,-7.4204253894298402,,0.09198371101455893,0.2857142857142857,0,1
-0.80083271721775906,0.5417810876821717,-0.25522580602976347,-0.53391576030526089,-0.8389250696824927,-0.1055399846308392,-0.27129489477554569,0.051749207608868808,0.96110410444476735,16.079335664330085,7.4349639126013054,5.070448425155365,,0.5236920575116162,0.3225806451612903,0,3
0.92795426983918516,0.19367811335356616,-0.31841743277500856,-0.13527246021977291,0.97113312268737872,0.19647345755991966,0.34727832439314993,-0.13924527434445585,0.92736644266407575,-8.6899387732928197,9.7126919522773818,-4.5911827476533968,0.6358294954451675,0.4687034699915775,0.3,1,3
0.19299614751494562,-0.90228424844369948,-0.38553290657838507,0.98093578643084944,0.18653567078676506,0.054492443727752721,0.022747965704214362,-0.38869985661757062,0.92108357466725022,2.8350437446887633,-9.3570334046650796,0.5466078186233051,,0.07477369893162121,0.2727272727272727,0,3
0.54990534118399359,-0.65964919755844509,-0.51231538323362502,0.80970669240021165,0.57150485306249588,0.1332564265179145,0.20488823299454095,-0.48810361511313877,0.84839594111114203,-1.4093877276634839,12.050539218624703,-1.9595845361960464,,0.5537863412882033,0.4166666666666667,0,7
0.82283272639655269,0.47474742250223567,-0.31234786568551914,-0.46206514672460275,0.8788801737094758,0.11859780960360182,0.33082035087519412,0.046738903366305019,0.9425356069448666,-10.094790310459638,-10.584787971785234,-4.0987745090129266,,0.0797883678506624,0.2777777777777778,0,2
0.43271563653029993,0.88300922253015157,-0.18180178994959048,-0.87275959642375212,0.4608390638779562,0.16099081978280186,0.22593774530260963,0.089006011767670465,0.97006704155784351,6.4378659925240802,-9.0082008301314396,1.9420713363413251,,0.3698587473576097,0.3793103448275862,0,5
0.43230424880281132,-0.7482524830852666,-0.50322088393047637,0.89375795816632408,0.42958762526124461,0.12903946852326798,0.11962336177101945,-0.50554198023422081,0.85446916710871579,-3.467051848183389,13.758419321276103,-2.7071908680244485,,0.1747451683951171,0.12,0,4
-0.90350580475796205,-0.20166407538252765,-0.37816512460666951,0.24836620849518376,-0.9654775533428257,-0.078532289339341102,-0.34927279774754078,-0.16487781746269384,0.9224011156012033,8.935437183025595,-11.021611994624569,3.1872484173236417,0.3491210200290769,0.1830962737326998,0.5925925925925926,1,5
-0.87699713405834212,0.39222278659194054,-0.27755596288227502,-0.36822004249605494,-0.91970860836629542,-0.13619866372741951,-0.30869082778349166,-0.017244169303977968,0.95100610485283321,4.5674736406203893,-15.334677319568454,1.6587279395097243,,0.4709205676233003,0.5428571428571428,0,3
0.92433991910248259,-0.1258022068622949,-0.36023536570164139,0.16651938847057979,0.98243756865104637,0.084188579786138376,0.34331764769234208,-0.1378050378309848,0.92905476928510544,-7.5511519884891465,-11.167581362241231,-3.2300450758252417,0.138812913764188,0.1087702747382313,0.1904761904761905,1,5
-0.75633062334072043,-0.48980359116976147,-0.43365473625251993,0.57770437355444992,-0.81110858236213401,-0.091435903203005042,-0.30695544460572416,-0.31968001141093283,0.89642793649640795,-9.1076928581100134,-11.914791928454044,-3.762400491555483,,0.1755106543578485,0.3695652173913043,0,3
-0.1501311085340423,0.94511674852573613,-0.29019817695237171,-0.98857169012262769,-0.14756059668293206,0.030852614065390391,-0.013662493858389963,0.29151363941112163,0.95646909740924302,12.322611531120474,-16.137355598404593,4.7522441484011813,,0.1122338086123918,0.4166666666666667,1,5
0.87316797895428722,0.34736874391737527,-0.34192489859346187,-0.31706717008272634,0.93758698489452463,0.14282526181360242,0.37019736652847174,-0.016297285223548015,0.92881015730326999,-9.1614271689051918,-11.24066497745814,-3.8584841659011757,0.1969087354477502,0.1429838640058441,0.2941176470588235,1,2
0.9396727016485894,0.082116846606675564,-0.33207233742035364,0.033368892913328889,0.94412512971297258,0.32789366634657913,0.34044343254376391,-0.31919361357620968,0.88442846307091527,-13.292174558211007,7.7442147542091604,-6.1870652874328016,,0.3134521033887651,0.3157894736842105,0,2
0.65372290687359247,0.70597952571862155,-0.27246884279647399,-0.70594137215392094,0.69863139148993181,0.1164515259937797,0.27256767987085057,0.11621999867041459,0.9550914991763193,-12.68439521448696,10.380919441429581,-5.9725475494311988,0.4752504128347361,0.3434830834210627,0.453125,1,5
0.84500451282076883,-0.36486932000448835,-0.3909446925487019,0.4474362029673013,0.88277458271319476,0.14321271029398863,0.29286211360765091,-0.2959381952959238,0.90920424931818955,-5.8173853461956018,10.157888576618891,-3.5527878063223715,,0.1464529337796671,0.2368421052631579,0,5
0.88151890897631091,0.38756483571600309,-0.26966258775299429,-0.34580128789247416,0.91883696534201054,0.19015809320928242,0.32147454395195901,-0.074378284717459608,0.94399257854782304,-7.8769627837059994,-12.476988958651209,-3.2389230089223564,,0.2199245920454794,0.15,0,4
0.56673634912055293,-0.72904388201708026,-0.38380324214234102,0.80298856258289553,0.59304558162758148,0.059214073268596859,0.18444315912107445,-0.34174838142333497,0.92151438667443986,3.8509155426304478,-12.725655582801616,1.1621517987505627,0.1312796035231008,0.09429094930777882,0.3714285714285714,1,5
0.84695888135390285,-0.38510638618572401,-0.36654293693197598,0.48302619580403289,0.84543882335796572,0.22785717045154155,0.22214037783084514,-0.37003549461919311,0.90206839278355111,-0.81509727717025859,-9.7737756841199968,-0.85841861702621614,,0.1436037959673228,0.21875,0,4
-0.12575541930415068,-0.87878693782568595,-0.46034670892989937,0.98746400979455151,-0.15550125442029661,0.027095926523703889,-0.095396037004170112,-0.45116834749422141,0.88732559883237361,1.8408765895879966,-15.682938675360225,0.62650739069198602,0.5045800943733021,0.3146542349957038,0.2413793103448276,1,6
-0.31001273918310635,0.90618544946744906,-0.2876109050743143,-0.94797406871336165,-0.31765687612530957,0.020958866795354476,-0.072368961518202948,0.27914519559503176,0.95751798582845937,10.785575311711863,15.190994043265885,2.7946201118609664,0.2213830390558584,0.2171153504760478,0.3333333333333333,1,5
-0.77319031359958845,0.56426742222696025,-0.28944604880549141,-0.57258564427614234,-0.81735294743373443,-0.06387361967401653,-0.27262138383597967,0.11634618831198253,0.95506080724769948,-0.0034192580352336225,19.70646178587949,-1.4100587109726428,,0.369053395702361,0.7288135593220338,0,5
0.45401888509172611,0.860493554478446,-0.23112268318171655,-0.87434806072237192,0.48019129499976876,0.070226696615119627,0.17141272033047353,0.17019742332801363,0.97038678700887704,-4.86926395072937,15.432490680619768,-3.2242407547742524,0.1705613712857802,0.2006242762061017,0.1666666666666667,1,5
0.93156511136866371,0.1293720037781621,-0.33977835116309862,-0.08245760949581675,0.98537606545854683,0.149113219593938,0.35410053080576731,-0.11089136242222748,0.92860967032613739,19.505619433474159,1.5274291836887042,6.6173946931112582,0.3738217094172296,0.315502251424926,0.4897959183673469,1,5
0.038778386129199802,-0.90705255010762065,-0.41922775207812396,0.99882122576870891,0.022927352412788395,0.042784289934892611,-0.029195816876871925,-0.42039268292229126,0.90687242565991033,-12.457922375776349,2.6336939636236809,-5.7527295017173428,0.4374982972709629,0.2012629627929592,0.354014598540146,1,5
-0.66797505096431742,0.72240822781391134,-0.1787055781893285,-0.71869312156740783,-0.68853080399275479,-0.09698210641549504,-0.19310496705396629,0.063652842354879793,0.97911122318112165,-17.960488356819749,-24.78937911573643,-6.2218213353256457,,0.5565507369986182,0.7916666666666666,0,2
0.38119094138592863,-0.82499032086243451,-0.41723427075038722,0.91814275791194189,0.3906446290801891,0.066412723665384574,0.10820047273077447,-0.40839655269614988,0.90636908235372748,-27.602077377857579,7.6765923244368679,-11.019427168180622,,0.1870439956358439,0.631578947368421,0,2
0.15168499837617608,0.92946831744574721,-0.33627415620619966,-0.98317710109650369,0.17690303183010009,0.04547642475825741,0.10175681376249102,0.32371895865687389,0.94066550200324395,-9.204889272709309,-2.5907309270367405,-4.3531998388388491,0.1216286487995485,0.1044137295232682,0.5758928571428571,1,2
-0.93616681908615318,0.029632880750671248,-0.35030498029649704,-0.024671606851893568,-0.99952222654006639,-0.018618014602321035,-0.35068931928055386,-0.008786980755818961,0.93645063420969377,-3.9236179654479808,-18.993288180311684,-1.3932828625701932,0.5190112781909386,0.488567803397468,0.6891891891891891,1,5
0.22360376432213205,-0.90120821796322015,-0.37124803629989933,0.97387889986705067,0.22201943745852631,0.047615730429598907,0.039512592609410292,-0.3721976857345547,0.92731204982957394,-13.133825365983558,-4.6103063684030872,-5.6221479813157877,,0.06862909006197579,0.2608695652173913,0,1
-0.95101915755788968,0.044672968603456625,-0.30588705077861139,0.0053334829173900672,-0.98698476990950124,-0.16072528714131651,-0.30908593613726926,-0.15448427053536332,0.93840316188688577,-15.970249762015696,14.267449469759168,-7.1371281587779629,,0.2900414808104295,0.2727272727272727,0,2
-0.9431281287013985,0.019103775030475539,-0.3318800666382094,0.049584541237375608,-0.9790950422289737,-0.19726700573821798,-0.32871067235865087,-0.20250418282649896,0.92246482307744115,-28.631606915146929,11.695457043553272,-11.628667988125924,,0.274635789918864,0.2,0,3
0.092780678661652224,-0.9243594631746952,-0.37006935634617749,0.9956338055852445,0.082303368527548881,0.044039535702174351,-0.010250406964012412,-0.37253957959981826,0.92795969243748078,2.3590024830218481,-8.4280291950984374,0.33038044065087374,0.1760515345735921,0.1122121920723279,0.3421052631578947,1,5
0.35194653341569915,-0.84787145154609955,-0.39654462456296774,0.93172323088578168,0.35788567746760364,0.061722466665849018,0.089584924202875088,-0.3911928469651087,0.91593815175420035,-6.5016267043236127,11.903045133793505,-3.832952890849898,,0.09118510435469365,0.6065573770491803,0,5
0.026670570911653514,-0.87610161585090129,-0.48138824180767742,0.99906259268212683,0.0069351862923054527,0.04272983845461488,-0.034097163379274417,-0.48207661413361619,0.87546531716279652,19.354668149513834,-3.5024510531728441,6.8683138783454938,,0.1523119259232147,0.3571428571428572,0,5
-0.13860928349136004,-0.76870913573115096,-0.62439869568528072,0.98536152437551394,-0.17023128280705746,-0.0091638765938584135,-0.099247835293146999,-0.61652864896720871,0.78105204192313182,-8.1343461069413383,12.163533451165005,-4.3890754545135593,,0.193909900579521,0.1538461538461539,0,2
-0.1929858397985057,0.97808394142228916,-0.078155416761137603,-0.98080941437394098,-0.19454746194776371,-0.012813185596547268,-0.027737309038795243,0.074182805160798795,0.99685884311960771,-9.3920324263402772,3.4033642589311692,-4.6805559469338434,,0.4625056385030478,0.25,0,1
-0.80644575844247102,0.52916978731872655,-0.26386469047449845,-0.52324359080926786,-0.84648256613554407,-0.098404318531294444,-0.27542945261386376,0.058707762839668241,0.95952697471993464,-4.0508191916158029,-8.921834809027736,-2.053156974787909,0.467894115321509,0.3521450779454713,0.4925373134328358,1,5
0.38164879825606846,0.87089716246123339,-0.3096487158162774,-0.90502173028810606,0.42016952208399178,0.066281523956763483,0.18782934407599883,0.25494255260485804,0.9485380500408499,-3.3600726541925585,-7.5419920666414235,-1.8509392602191097,,0.06872979977242299,0.1746031746031746,0,5
-0.084727061202782505,0.9465565942428591,-0.31121044165531908,-0.99618259255982211,-0.073883570438634333,0.04649150782701289,0.021013504722673267,0.31396151342895229,0.94920313985188176,-10.96673898777664,12.565196559364722,-5.3888193654829832,0.4355929318969093,0.3814208844967469,0.7230769230769231,1,5
-0.081603906172110219,-0.86187268841102493,-0.50051600520723238,0.99065414567393906,-0.12521204359124616,0.054095358384448289,-0.1092939438234867,-0.49142386298475244,0.86403554367436319,3.3121045794745743,9.364992034126443,-0.096987663173902158,,0.4024427104594869,0.4639175257731959,0,5
-0.92857737936224471,-0.038786555555887094,-0.36910656136793057,0.11919858613580081,-0.97300308220335308,-0.19762767793505531,-0.35147652496286841,-0.22750957151488385,0.90813195476711506,18.942796211109126,-6.3571173716863827,6.8407825305633967,,0.4331634961929782,0.4193548387096774,0,4
0.93055065850982754,-0.12940308364390277,-0.34253512796554864,0.19170776337873971,0.96918898063075254,0.15466367797334521,0.31196731464569627,-0.20958903064657419,0.92668701988610025,7.0454623650799482,-2.2395203756303852,1.8545750266000915,,0.08637075268014739,0.3658536585365854,0,9
-0.92084393775591677,0.22397377985095213,-0.31918989369567402,-0.19839552480933736,-0.97382030681316523,-0.11096497543793266,-0.33568684519028463,-0.038855578461664639,0.94117192158957041,-19.37608428439237,8.5969122380425507,-8.3039685943022192,,0.1892005788599007,0.1818181818181818,0,1
-0.43740989849242018,-0.70748931480091259,-0.55509589274591653,0.87594024571101481,-0.47487449092822404,-0.084987668572488059,-0.20347301207918853,-0.52340528016843268,0.82743316711818304,5.6212645973443855,-1.8748376607302297,1.1877278507459688,,0.3365697239229641,0.2372881355932203,0,1
0.53204428828639405,-0.69702153545535983,-0.48071806125137229,0.83118316395656444,0.53819727264639083,0.13956447854358128,0.16144170234787558,-0.47381924277876242,0.86569735006847581,-5.557831063193043,-24.047131169390703,-1.7448579769152186,,0.1583208373461329,0.2352941176470588,0,1
-0.88575106765616629,-0.24747797039362604,-0.39268269673594247,0.26979193206632202,-0.96291714185655619,-0.0017003854624179852,-0.37770009205437272,-0.10744874168016734,0.91967244624021749,-10.490959138401298,-4.0792672902676221,-4.7264376287179841,,0.1123522637834724,0.2280701754385965,0,2
0.93653976307336506,0.12547076939748941,-0.32733829322168723,-0.070511777405270232,0.98209318969473292,0.17470276472447305,0.34339679880516483,-0.14053488101545114,0.92861649015529446,6.014744918776743,-5.3650314516079849,1.5366689040135668,0.1835616162118958,0.2657227109915862,0.25,1,5
0.17227231420662431,-0.90651511637171911,-0.38542521135424446,0.98496015689773253,0.16378906556381562,0.055014828235005926,0.013256661792821315,-0.38910600842354259,0.92109759261807311,3.845084131953532,-11.743578117299869,1.1226442315810592,,0.0761806034159183,0.2068965517241379,0,5
0.92950903190625889,-0.10356088621948092,-0.35396059448775596,0.14122387223519914,0.98655810813882816,0.08221263392224315,0.34068868122611007,-0.12640507153976183,0.93163994137941619,-10.126070573997676,-9.6463557022386457,-4.1898451611759446,0.2138097385361609,0.1555111211443554,0.8440366972477065,1,3
0.81551263283470843,0.49044322750398733,-0.30725329336310286,-0.42984697919923553,0.8687820682680043,0.24586437791851634,0.38751867072476998,-0.068433606155450771,0.91931829166413659,-15.133035344641593,-16.329501550294736,-5.7212150050203929,,0.3059618985271214,0.8275862068965517,0,3
-0.42011678666111141,-0.74192748420312116,-0.5225375524778767,0.88471171607377297,-0.46301284526967829,-0.053891414502466629,-0.20195807735107291,-0.48493578265508985,0.85091140648915597,-8.2738495208764498,15.814911981158549,-4.4398510655970362,,0.2505697039859217,0.24,0,5
0.72431975586665354,-0.53332182561732244,-0.43695391242266879,0.64049139424350499,0.75507592249186439,0.14011111723582054,0.25520906167548563,-0.38135047081820328,0.88850444751022606,-21.444411632351272,10.377967659510906,-8.9636834954398434,,0.5942532793447396,0.7142857142857143,0,2
0.92018025405175297,0.12895308365426111,-0.3696476731555452,-0.092295816520447688,0.98903666665117651,0.11527338926375663,0.38045996150196337,-0.071955362799355549,0.9219938413342782,16.594085636499223,-0.15206598498281657,5.5055432681471652,0.2939330393954991,0.1727011730376803,0.4594594594594595,1,5
-0.78547800235688692,0.55506459446823431,-0.2737290700332155,-0.55695618841159422,-0.82683074149798252,-0.078426584165858515,-0.26985943008066798,0.090852742840877257,0.95860401997635403,13.587198945760951,-0.76794586246483609,4.3421592473436004,,0.08112720822509692,0.4285714285714285,0,5
-0.41319824695529461,0.84221633778742022,-0.34632188651169382,-0.90346848737403695,-0.42677916292665447,0.040052945131343234,-0.11406972006252007,0.32944071766491045,0.93726032270084281,-9.5058426177638147,-3.3433705486490486,-4.4545363429720615,0.1230244592479198,0.1098349740433354,0.5128205128205128,1,2
-0.91275748357152442,0.23399973046925437,-0.33484011456887108,-0.2396963868887399,-0.97052994404048099,-0.024844915642116779,-0.33078606121882154,0.057582582966524826,0.94194735937962115,-24.125993739095211,11.078396027631827,-9.9225654240405916,,0.2909316744679869,0.5757575757575758,0,1
0.85570401795364459,0.38115881205090801,-0.34998370484056807,-0.36608797707999874,0.92391964524758619,0.11113992155408751,0.3657187808897206,0.033021949087161398,0.93013941115459775,-5.4054320709138732,-8.7693370728352971,-2.520074353574155,0.3159588639645816,0.1404989756381322,0.4202898550724637,1,5
-0.45423776863626197,0.87146932550649836,-0.18495746604448973,-0.88169023907541144,-0.46950065578790051,-0.046812995352512959,-0.12763374108554965,0.14181096190344319,0.9816309282110699,3.2164317770048072,-2.9729534934825437,0.38860520962425782,,0.7761960776234992,0.3647798742138365,0,2
0.55122305300519481,-0.65447652838511727,-0.51750712036511648,0.81606665233506381,0.55206546424467451,0.17105245433770236,0.17374799216759967,-0.51660835937998006,0.83840768021079759,-2.8161027006715811,-5.8914848149011441,-1.7332070563204152,1.021376836689987,0.4086159714297795,0.2207207207207207,1,2
-0.061487462688239201,0.98166002133408137,-0.1804519172703174,-0.99805401175691455,-0.058593042973362083,0.021331782181759389,0.010367330808394592,0.1814123971218419,0.98335246001747334,-13.482633063038758,6.2980604606770179,-6.2870547493759146,,0.109311569702104,0.3076923076923077,0,4
-0.89199932415136163,0.29921101901422559,-0.3388362020416113,-0.3204470869481067,-0.94723962406941586,0.0071245392345217371,-0.3188273359986365,0.11493415807887775,0.94081840390519167,-22.986675701215677,12.830279524169002,-9.6005774822824534,,0.1148457175354977,0.3684210526315789,0,2
-0.26565309131954046,0.91695317183383329,-0.29770004322513394,-0.96230041626140728,-0.27090098862198508,0.024301506676644474,-0.058363892395006216,0.29293264588895812,0.95435010401686471,8.4444127339789254,-6.0507582296297526,2.6490697972917663,0.4087421344327962,0.1734596725239688,0.1666666666666667,1,5
0.057120472694893586,0.94807401069952213,-0.31287844578243795,-0.99614569642946926,0.075017468962146422,0.045454711918132495,0.066565780128823915,0.30907612264074275,0.94870487894244815,0.20573586141207073,3.5873530738140755,-1.2272071003506131,,0.08440221802730119,0.3122362869198312,0,5
-0.89394784019638307,-0.2629056447367405,-0.36295713379651362,0.27775008571756066,-0.96058205614117909,0.011704841027174107,-0.35172737865015458,-0.090347857667697498,0.93173231978006843,10.333960331441531,1.555245260997496,2.9445198305040585,0.4514250469395434,0.4596907487588635,0.8691588785046729,1,5
0.51758636639515865,0.78505906058267705,-0.34027433743804636,-0.82342692136883167,0.56510186460594025,0.05126390332326701,0.23253485434855603,0.25365755264910705,0.93892778609281846,-13.866184040962207,2.3934378026158445,-6.2401863143466647,0.2356867099357638,0.2406870016941781,0.907563025210084,1,5
0.85696143549618653,-0.31859992013444421,-0.40510639215228561,0.41775678503599933,0.88973622257546903,0.18398022391964075,0.30182174644763649,-0.32689990077615683,0.89556690885932,1.7573232698667862,-3.9120178514365862,-0.2324341207893903,,0.06897524365202823,0.2045454545454546,0,1
-0.95873216710281306,-0.0095662052130572051,-0.28414981872273853,0.058400511523622592,-0.98474792999266447,-0.16389293648275619,-0.2782481123316432,-0.17372392492970914,0.94466818824965915,-9.2537638400927786,11.445550513746314,-4.7877557214394173,,0.7172073852223966,0.2380952380952381,0,4
0.36185605612224298,0.91388111633503111,-0.18406928003850684,-0.9152810519054877,0.38576546697365849,0.11595516596245027,0.17697680828413753,0.12651604521495793,0.97604963994293181,-19.877918679643599,6.15998618440437,-8.3227816966116333,,0.1391856776748034,0.4193548387096774,0,1
-0.12765224606619277,0.93824056302238246,-0.32157355297614248,-0.99181533262630861,-0.12163618890310822,0.038819885580619815,-0.0026925901324245474,0.32389702599525544,0.94608850881395246,12.261876055509315,6.6852330233978847,3.6179041304169202,0.2735133671908562,0.2817414521575092,0.7910447761194029,1,5
0.83660487953128582,0.49521802681038235,-0.23420371787500541,-0.43866064129073218,0.86169196596282793,0.25507606233733682,0.32812972636877474,-0.11066192532731876,0.93812836059678151,-3.9408162010861019,-15.710234627909422,-1.6313862207052541,,0.3258336316137857,0.2307692307692308,0,3
-0.40890239170890758,0.89321574376201485,-0.1869878850364525,-0.90550157362812533,-0.42259082763999972,-0.038521325931590571,-0.11342721988889232,0.15356636184467698,0.98160666170216382,1.4816611849853443,7.6079272748901952,-0.77970710657765752,,0.08964868251067706,0.3181818181818182,0,5
-0.67431030754533217,0.6631090966478953,-0.32494912691209404,-0.70205288617610517,-0.71211537286567061,0.0036661615059084508,-0.2289702036290317,0.23060360290160112,0.94572439123609409,-2.9828778107763987,-14.023693803050838,-1.3603182496128283,0.6904575489462446,0.635475912992254,0.9608695652173913,1,5
0.90573518193276392,0.32688516053765149,-0.26979598223379364,-0.26018997697458202,0.93130763232045477,0.25488677851868885,0.33458176293873221,-0.16066171230863516,0.92857033018876267,9.7064255128934782,6.8837188592449365,2.5138206170314881,0.5698488457803219,0.3222485761684032,0.1111111111111111,1,5
-0.92818219643346878,-0.08914024329639926,-0.36129188649760863,0.13364943100700191,-0.98596123049368667,-0.10009136603563713,-0.34729762425828192,-0.14118947902883563,0.92706520331426512,-18.045868675163263,6.3394915679944503,-7.7223312295905648,0.3253774048492578,0.2606109294401704,0.675,1,4
0.60134774968315596,-0.61338644602539938,-0.51199409350434233,0.76171476508191782,0.63355857329021237,0.13562503775729604,0.24118768751161854,-0.47155127191303298,0.84821453497921007,-19.989041463042643,4.5964459189240872,-8.3497011866282467,,0.3630169934001111,0.2619047619047619,0,2
0.70868206153303159,-0.60451536208054291,-0.3637731610082332,0.66524561738333554,0.74427710162955008,0.059159652992390462,0.23498511487657342,-0.28392388592463585,0.92960702599964107,0.22651253611054131,-6.8841495535492392,-0.59290167821961781,,0.07173376296078512,0.2025316455696203,0,5
-0.92622805326807844,-0.10048646094698628,-0.36332363604034235,0.15668436509860459,-0.97923994059740915,-0.12860462072736314,-0.34285799257545752,-0.17604434073588274,0.92274416119637159,3.1290214190297192,15.125395741496064,-0.33532539265495159,,0.3741696244870496,0.1666666666666667,0,3
0.72470582554085317,0.61960935551922969,-0.3014725741758163,-0.62333986437850653,0.77598340165353741,0.096421853512506359,0.29368159612705236,0.11804239455063262,0.94858690333833795,-4.3666334527190207,-5.6779305851880197,-2.3805199186763413,,0.08629299339444178,0.3275862068965517,0,6
0.40289661677889371,-0.69444429681589581,-0.59617231972643414,0.90749103635918471,0.38772100111330254,0.1616553253791258,0.11888790988092107,-0.60615141995674204,0.78641345421385789,-11.457622902371385,-11.410370848663847,-4.5989568751152206,0.4800157861307289,0.5187468987693755,0.4318181818181818,1,2
-0.61588223395993813,0.76744456585968213,-0.1780952335829358,-0.76309048580409578,-0.63730798539132694,-0.10738455304054245,-0.19591320621077374,0.069766539894797752,0.97813631235289633,24.13943718179139,-1.3508628908546316,8.5596394940054878,,0.7364482528391405,0.34375,0,1
0.37759516805176901,0.87989710380218822,-0.28844926032922819,-0.90717695424776201,0.41396726372239756,0.07524013721375962,0.18561212984530637,0.23326420918502125,0.95453441319188526,-2.4689563192566477,-12.977847383406601,-1.2403728723996201,,0.08153638508010752,0.1666666666666667,0,5
-0.1746238002871649,0.95103717667085541,-0.25501924822098537,-0.98434465824747164,-0.17490713538447708,0.021750580940844526,-0.023919075085303776,0.25482500383895695,0.96669131332889258,-22.485203780754869,0.66665033414965336,-9.1410751270669373,0.2711649384607676,0.2677806727750481,0.2857142857142857,1,5
-0.7856959364597158,0.51353536678487244,-0.34491060072403845,-0.5546071689694011,-0.83173633796633817,0.025011042243197203,-0.27403062521994942,0.21094096607219684,0.93830225688425806,-15.42873490379581,4.4462229617094762,-6.8739462039997594,0.289658314820945,0.2924593139312911,0.8988326848249028,1,5
