axis_00,axis_01,axis_02,axis_10,axis_11,axis_12,axis_20,axis_21,axis_22,location_x,location_y,location_z,dbh,dbh_approximation,score,reconstructed,number_clusters
0.91626285955621267,0.33143761414298095,-0.22496995383624258,-0.31349355702945192,0.9429199388803734,0.11235558981579052,0.24936752374536342,-0.032420622958865733,0.96786607612213826,-12.427580894029202,1.2581643077321276,-8.0816241393405104,,0.06723052424556217,0.2352941176470588,0,1
0.95317389755549564,0.20270171040671581,-0.22443604348913895,-0.17601699703591853,0.97531627033344248,0.13332737744860085,0.2459218123170944,-0.087579617611954388,0.96532495710285082,-24.123982738153046,12.25024354815549,-11.770517996959196,,0.09506435420769974,0.3571428571428572,0,2
-0.45857510995006512,0.88502741639745386,-0.080220575659460835,-0.88760033282187378,-0.46055855108182425,-0.0071742734761675742,-0.043295700811812568,0.067913866406354356,0.99675131755165247,-1.5852509811628359,20.562733622934132,-7.6959420101765623,,0.3155437752263515,0.2,0,2
-0.91864087229721858,-0.2990955872463894,-0.25814875059690739,0.32152626130671053,-0.94565673538149286,-0.048520120751570216,-0.22960795072282597,-0.12757416869161087,0.96488601422526055,13.080280006844506,0.58402342357673187,-2.2912370608488546,,0.1997746470856918,0.7534246575342466,0,5
-0.61434926893814434,0.785632995994475,-0.073183135761675816,-0.78472422565581501,-0.61804086112570356,-0.047258688596690183,-0.082358153355013189,0.028395238751293454,0.99619819563790013,17.203976878029685,3.0816367838907741,-1.7493474820453188,,0.4223343599188443,0.2,0,4
-0.97404308782601845,0.031618522025165394,-0.22414355249103174,-0.020508321614055337,-0.99845082996507883,-0.051723774868232826,-0.22543174533088789,-0.045784377324468287,0.97318257228028926,9.6489597256918991,-7.9009085082696071,-2.1019454540945866,,0.2898735463168466,0.2631578947368421,0,2
-0.96472483898660433,0.13389094744988769,-0.22666980220850333,-0.11220481036324846,-0.98800964540168168,-0.10605197369493088,-0.23815135014023767,-0.076877531075173713,0.96818065444531975,-11.857574551979225,-5.4284196420397199,-7.2846685562536031,,0.2981998535439948,0.3434343434343434,0,4
-0.019217664119431238,-0.93818293635006988,-0.34560593068891826,0.99629524513998313,-0.046950306170117508,0.072051740173241036,-0.0838240174249167,-0.34294087929567818,0.93560947377132386,2.2324447844809781,-7.2072631291659768,-3.8518894559430614,,0.09286960347795617,0.2333333333333333,0,5
0.81293454840712098,0.56705664219324692,-0.13260537149991722,-0.53004657775987341,0.81479704569126365,0.23485399664011594,0.2412219836813333,-0.12063390434413229,0.96294310097301883,-17.654483031294404,-6.0209771193144261,-8.5328410496083293,,0.1739651177759505,0.1666666666666667,0,1
0.21391544064425588,-0.91310309928195821,-0.34710648846666053,0.97588173269219303,0.18392192830379908,0.11759068027141688,-0.043531919916955958,-0.36388934357946545,0.93042437499113739,5.9453179666804612,-16.256056456678206,-2.1482080084993584,0.4853439442665216,0.2974241481365077,0.3333333333333333,1,5
0.11874237859817426,0.98114968660379309,-0.1524648812091674,-0.98614015946295297,0.13445247272899091,0.097211719825545148,0.11587852872395382,0.13880859142840413,0.983516314824738,-14.585584044168383,15.222094738878743,-9.9805253294463636,,0.3179104622050458,0.8345323741007195,1,4
0.45475791423452966,-0.82774605966776438,-0.32868176120002418,0.88957381572971217,0.44000281018348936,0.12270270330645332,0.043054219411569797,-0.34818671389804878,0.93643598097026248,25.797489802559248,-5.8168187710756598,1.2070954399269349,,0.3510013146388056,0.7,1,5
0.60512242796423943,-0.74163246079647682,-0.28949635622513081,0.79285606631785144,0.59433398443119334,0.13470847431815811,0.072153345574879554,-0.31104406125677075,0.94765261920138599,-5.5903431385171274,14.364334893622127,-7.8657177840021726,,0.3587163121514743,0.8141592920353983,1,5
0.62021476786790464,-0.72990681791049616,-0.28734940209844845,0.77854326113122407,0.61757288422879164,0.11168761440952506,0.095937647801686704,-0.29298424843855703,0.95129185737142419,15.764167370166112,-0.49734774489607464,-1.6089352339054905,,0.1113766003000368,0.3333333333333333,0,5
0.39056821443432799,0.8936346746142696,-0.22107360358177019,-0.90536274205253831,0.41634953964822419,0.083494707244356384,0.16665765861996812,0.16754142521108215,0.97167643568296425,-5.9733785385431126,13.428138299042079,-7.8946103751252386,,0.06579428978001789,0.3939393939393939,0,2
0.85588822944257237,-0.4400408479470681,-0.27169724113373783,0.49345556090222525,0.85211039058047888,0.17438317487491151,0.15478032212244999,-0.2833230213074982,0.94645185692715594,3.0764633522844669,-14.010066319002426,-3.0337239674570062,,0.7780904403130356,0.7454545454545455,0,2
0.38487754454480305,-0.84863732905826594,-0.36288284532892412,0.92086695778008254,0.37958791842154277,0.08897785262218523,0.062236016694661778,-0.36841239924472285,0.92757694144945646,-0.19316519769801671,-13.551256022979276,-3.7380774697774402,,0.1614895267955334,0.2,0,3
-0.35356640403693784,0.92565128332622337,-0.13476089793744198,-0.9354029798147151,-0.35041053053324045,0.0472623046958702,-0.0034732247467077326,0.14276610861100686,0.9897503599099774,9.1345193511473912,-10.659716362661365,-1.9448321886068582,,0.1738956047735852,0.1666666666666667,0,5
0.94306112301432932,-0.21688101359175446,-0.25218712140465843,0.2556497045136405,0.95765707789203369,0.13242412825985142,0.21278850260538756,-0.18935561018017533,0.95857472637883212,8.0511761647882203,-10.945300146388355,-2.1617445916910754,,0.0741064824258014,0.3043478260869565,0,5
0.6238702674156501,-0.7248703567136856,-0.29214526419659553,0.77653665161878016,0.61712684968628162,0.12706407867284009,0.088185702511334119,-0.30613300598605631,0.94789549240331483,-1.3808325536798876,17.657413761942802,-7.3338820565599994,,0.235975638316321,0.9324324324324325,1,5
-0.39589699889559088,-0.88149895197438843,-0.25734250316168256,0.90268702907271536,-0.42502260492583038,0.067170773748239126,-0.16858734771429346,-0.2057070318927324,0.9639828438413951,16.219344488961749,9.4049000546261272,-2.5799879773253975,,0.1705840625736624,0.5789473684210527,0,1
-0.96458802359864748,0.12461058226021231,-0.23246967010521502,-0.13835361201009286,-0.98941766151748201,0.043714632802287837,-0.22456229152245785,0.074329629798950553,0.97162075078712407,-0.041305746509780798,-9.1211261444723686,-4.1593511396731131,,0.09343463667130909,0.3188405797101449,0,5
-0.54588114457765435,-0.744269653913889,-0.38480704029096324,0.81506525323307755,-0.57811621628162913,-0.038082455859779311,-0.19411957388859513,-0.33443134233368921,0.92221107578373684,3.8086703470482957,11.06231551160284,-5.445298665577222,,0.467611179011575,0.5142857142857142,1,5
0.63624900522324113,-0.72801112833983572,-0.25531745017878427,0.76565076280609534,0.63647628565855097,0.093149595859237058,0.094689559967721937,-0.2547503381894799,0.96235967934315769,0.15733164722514589,-8.0831188649211541,-4.2563249520648121,,0.07453106916254841,0.2325581395348837,0,5
-0.70434441142989168,-0.66398915276283121,-0.25103257776786086,0.67334664089524587,-0.73690001035746033,0.059855458650509515,-0.22472928443477924,-0.12687308520120449,0.96612626968163906,-2.8145183275328507,9.860985889182583,-6.7680010279066112,,0.08416389822043738,0.21875,0,5
-0.86301382476264221,-0.44090369363761506,-0.24659900893001366,0.46302863182650483,-0.88556620986513757,-0.03710760102689542,-0.20201887133986221,-0.1462067744046234,0.96840691588854577,2.6219750284132139,-20.155752799378554,-2.5161264564450976,,0.1046584699708215,0.3636363636363636,0,2
0.22087994205495906,0.97495737629567591,-0.02588755694247839,-0.96570384428850453,0.22234386460660269,0.13408687854597914,0.1364849307586789,-0.0046173887049771739,0.99063138623675029,-16.210102016797254,13.832064811796355,-10.169721856924708,,0.1993852332812733,0.1111111111111111,0,4
-0.35364434375847481,-0.89599672380510109,-0.26856200226049254,0.92175853471626701,-0.38264187132156402,0.062820394691958617,-0.15904993494295913,-0.22533324042861219,0.96121176072319425,-13.123863510422664,-14.11436308627092,-6.6928065520619198,,0.09060634485933422,0.3928571428571428,0,3
0.27102714535237538,-0.92047928427789849,-0.28153538622594021,0.96253513420950465,0.25661599493963105,0.087603347843748181,-0.0083905836764780733,-0.29473058605511254,0.95554355198974394,9.5760499280067979,3.775251780763663,-3.4291513336633601,,0.325411654219752,0.7012195121951219,1,5
0.80352078265937743,0.56339973012662459,-0.19218505646305634,-0.54775690463961391,0.82618418046497411,0.13184109135260993,0.23305948865920514,-0.00066636526412235011,0.9724622515569662,2.507386585686878,18.237171434754899,-6.5084053918107863,,0.2752530076021779,0.2142857142857143,1,5
0.94811464365813281,0.28704103936912845,-0.13669697947980819,-0.25392276424142168,0.94240360946258162,0.2177123484598279,0.19131610564980658,-0.17170579078699907,0.96639291653509318,-3.5066578549925946,8.6979765378916998,-6.8471823924496276,,0.3928137937068504,0.3559322033898305,0,2
-0.44230836321920042,0.87268813752942498,-0.20683018745283541,-0.89569589989619414,-0.44158729706069461,0.052244750777242818,-0.045740209176373427,0.20836524107934332,0.97698094125445878,-20.674228464447058,10.587627554662749,-10.844171116952241,,0.09149988331353834,0.1470588235294118,0,2
-0.71608039487120334,-0.61333537808030247,-0.33323952658139683,0.6620266638567387,-0.74808407341044481,-0.045726528977734514,-0.22124548452752099,-0.25335732297434699,0.94173271286042404,-13.594821379446667,-7.0306231150106759,-7.5144012558553817,,0.2961002224348283,0.1891891891891892,0,3
0.95231721354803256,0.21375995675154535,-0.21771220836161148,-0.18094125006309295,0.97020645379170223,0.16112014475705969,0.24566682479675098,-0.1140443681665521,0.96262230042928842,0.88394658322306685,-14.837443946344257,-3.4288953052242408,,0.1562906832421772,0.2068965517241379,0,2
-0.96209634664877952,-0.013520658024296174,-0.27237439595465529,0.019572518107736112,-0.99961798424370674,-0.019514151569369479,-0.27200650047378583,-0.024105546729747091,0.96199344400929565,-5.3811652877728058,-16.841675426359263,-4.6631891336560241,,0.2780214603157271,0.1739130434782609,0,3
-0.059129218118876413,-0.84917111694126957,-0.52479724629362101,0.99388048666994022,-0.099215215931970815,0.048558409614560386,-0.093302271040813151,-0.5187145217557434,0.84984112111519849,-13.757649160077488,16.557718687587279,-9.9266833541727664,,0.1250497172167608,0.5,0,1
-0.70261501343642774,-0.65461944908667369,-0.27893640811336745,0.66850541906290795,-0.74156344938527519,0.056428319302782026,-0.24378812025456187,-0.14682311607261003,0.95865026209221604,13.860599008795829,6.5912940015426065,-2.8066427197668573,0.0895101183847859,0.219127512655434,0.4482758620689655,1,5
-0.066914551600908839,-0.92775336633843775,-0.36714593015822228,0.99211531100857109,-0.10094919745963551,0.07427293716167295,-0.10597005447962921,-0.35928115839819996,0.92719328986659089,-14.782634741922335,10.093266861411614,-9.4779096658033435,,0.1781098505996014,0.3333333333333333,0,5
0.77603101214590109,-0.56418576033764645,-0.28190476409603255,0.61463807159359696,0.77673788787020148,0.13747106784571711,0.14140689210753576,-0.2799512124981231,0.94954273705048053,0.65059710703987128,-25.042660504681564,-2.4598198531246074,,0.0926805462939575,0.3333333333333333,0,1
0.07518884367407723,-0.92631163979610165,-0.36917933821546961,0.99533193348883475,0.047252737997254719,0.084151773178823872,-0.060506032462330488,-0.37378325902857096,0.92554043418191467,-22.602126541373398,-10.163727972154422,-9.2672644768829553,,0.221194651752471,0.2727272727272727,0,1
-0.78189810416642802,0.61415861152881146,-0.10697922502031773,-0.60820965096766988,-0.78918094694535401,-0.085290406542695665,-0.13680780376400445,-0.0016226100689183392,0.99059628101756614,10.840174397498206,-9.0881627901340458,-1.7671274825508243,,0.4546876131571279,0.3571428571428572,0,4
0.31864933784032451,-0.8984203315615803,-0.30216470232425008,0.94787213935559445,0.30236209615501253,0.10057619122931,0.0010034577073780796,-0.31846203956755487,0.94793508344564514,24.785277450353284,-7.180211027801267,1.1489704283209878,,0.1268869164430574,0.2142857142857143,1,4
0.69677353869731828,0.69692358162889545,-0.16971787513626813,-0.67958480529285459,0.71710549998919482,0.1546744785034698,0.22950191325191702,0.0075646053961729203,0.97327881337205246,20.38886669289662,2.6463338721181189,-0.97954452345742049,,0.5489449132943747,0.8192771084337349,1,5
0.45217254721461775,-0.84705665088988702,-0.27934748563152278,0.89121283932766737,0.4416390044528879,0.10341501227278611,0.035772371503200437,-0.2957194953483307,0.9546047965037503,2.1279241059732947,-14.907814832567583,-3.1405448974162478,,0.08942159200103048,0.3684210526315789,0,5
0.58843837962964929,-0.75165296804665593,-0.29792295817121295,0.80241476828759262,0.58816699267387407,0.10094616566735008,0.09935196531927365,-0.29845837960362959,0.9492374743084967,8.3384233099455667,9.8737808147747579,-4.3169839997485315,,0.3360679386272606,0.4426229508196721,1,5
-0.59033007779380053,0.79763514565349303,-0.12364697194148322,-0.80427202423200816,-0.59422510545853746,0.0065601128449783268,-0.068241558376949132,0.10331843233964726,0.99230458592569448,4.0731220944273252,5.7210274766275013,-4.8515614007786896,,0.1620066417007253,0.3402061855670103,0,4
0.87701175784409524,-0.37699229605810131,-0.2978710884192225,0.44565940100358664,0.86995541239827123,0.21110489983910594,0.1795496446678066,-0.31789053013859286,0.93097128631761228,-7.2165813504696494,17.708659871474911,-8.5831957328327402,,0.564604631173365,0.4166666666666667,0,1
-0.96898137749870616,-0.028545383828981672,-0.24547963484323176,0.052177932521620576,-0.99454572899383509,-0.09031199420835484,-0.24156273184926416,-0.10031926037494913,0.96518572957713367,-3.8060604706274073,-13.395507815711277,-4.5995362179623616,,0.6907808981397,0.2717391304347826,0,1
0.96771267130585648,0.10133870989452624,-0.2307870266522753,-0.056154093733405554,0.97928493853656018,0.19454492260767389,0.24572119068380099,-0.17530395041857716,0.95335702725504534,-8.5753078108337206,14.931543730414829,-8.6078053232425678,,0.08278602485145493,0.3333333333333333,0,2
0.82034362206777978,-0.46872472639925455,-0.32761787587776575,0.55274144568292072,0.7968244702238747,0.24402388792246377,0.14667391028083279,-0.38127141843361989,0.91275345495294902,6.0553416817520151,-4.910518645693843,-3.2451263044371013,,0.5580934211979678,0.555984555984556,0,5
0.22063590227507382,0.95656808729062981,-0.19051848467907562,-0.96636951019387785,0.24084694536767776,0.090126126482303504,0.13209757149512449,0.16422619548721767,0.97753771708353299,-15.112585041422285,-6.9966159729979172,-7.8497197942103023,,0.07556648755438322,0.1794871794871795,0,2
0.24917551596130083,0.96098651419336989,-0.12006865446025798,-0.95995056057515538,0.26147841523532755,0.10061788915231286,0.12808779604968237,0.090188457712164799,0.98765356203409527,29.451183546258306,-7.351424176497285,2.1743728660316721,,0.4709611158115329,0.9078947368421053,1,5
0.91496732672653946,0.34761321538895212,-0.20493863352194827,-0.31411962360247297,0.93235177900010258,0.1790224071539184,0.25330545412748245,-0.099424406874251248,0.96226354717768037,12.015701073603058,-6.935405092613423,-1.6830692831685816,,0.3182759084894459,0.25,0,2
0.18280406906689975,0.97878151156299054,-0.09257118857966673,-0.97521018645438162,0.19246412023790466,0.10919090922169132,0.12469067554630699,0.07031582356424089,0.98970092471831528,-11.232923296020433,1.738352824793439,-7.8267453855879037,,0.4741486704882946,0.3583815028901734,0,2
0.91417422741704502,-0.27328813830368481,-0.29933104648357894,0.35836931219675211,0.88999688447442205,0.28191662189634792,0.189359230041937,-0.36499197126557148,0.91155029642340435,18.202402128361829,6.5874963517437282,-1.8801428086103809,,0.5096073793107425,0.1428571428571428,0,5
-0.59193759189734163,-0.69720900579656664,-0.40436306648226267,0.77759042438198434,-0.626003335257175,-0.058931792407305311,-0.21204485187860825,-0.34931279175411772,0.91269795349213023,2.6901335800219117,12.755072078544698,-5.8145493378937765,,0.4716651026843534,0.4117647058823529,0,3
0.85324439846237898,0.49504770103704165,-0.16401759110081471,-0.45763990318157155,0.86156397884380986,0.21971169603547566,0.25007941840250647,-0.11240677940748689,0.96167822083829135,11.066002202926949,4.9285072443397127,-3.2144878691945746,,0.2369508575508596,0.36,0,5
0.20321667934920806,0.97909258174503433,-0.0089831846315952847,-0.97252698001817373,0.20290096428715693,0.11411604544529601,0.11355287037768871,-0.014453894395145345,0.99342681188188309,-3.9541294617197034,10.682142962092456,-7.084799392824336,,0.1344840624551816,0.12,0,2
-0.96649469785152031,0.14474741675947556,-0.21198156610035082,-0.11705787807998533,-0.98350950715903762,-0.13786407257584482,-0.22844135397145154,-0.10843078284899207,0.96750054941919506,16.438912106698005,-7.0924630273241673,-0.74227003567742411,,0.4177565592239025,0.3,0,5
-0.13838198294635534,-0.93744676483394174,-0.31944324988675377,0.9861041969255514,-0.16035647789003082,0.043408671996699941,-0.091918113566628934,-0.30899735128489436,0.94661063658574618,3.6147235330939846,-8.5488174103529744,-3.4431148272336021,,0.07892500350115221,0.1290322580645161,0,4
0.5036545782304751,-0.80510861656673316,-0.31326056463826546,0.8627714861962219,0.48733062858343745,0.13466336194836045,0.044242834835098784,-0.33809610168482307,0.94007105986264727,-10.358652569835302,9.4455732318038663,-8.4742877087409205,,0.1752818388300623,0.6293103448275862,1,5
-0.17111797128076697,0.97255044909351485,-0.15768406347109823,-0.98499397761893959,-0.16521601812021244,0.049905224284847109,0.022483415202630874,0.16385753362144914,0.98622776513152455,-1.3084852616772102,2.2765938338191236,-5.7086362991801867,,0.2578975448448132,0.5997830802603037,1,5
0.9392851982265934,-0.21547027560629461,-0.26705032619822544,0.27249663882299024,0.94137584904255023,0.19888964947827772,0.20853991997362051,-0.25958442012102112,0.94293532684263714,-5.225104443516595,8.3562036587626025,-7.1652767937226054,1.190457824533684,0.6820387220625227,0.2904411764705883,1,1
-0.56260509693295124,-0.66660416420059121,-0.48899324450905896,0.80180996067307697,-0.5840843636311831,-0.12627843492455298,-0.20143557746958085,-0.46312454527047836,0.86309869869992817,6.6219784670117781,-3.7835189563090004,-3.1851774916548052,,0.3610235559689579,0.282051282051282,0,1
-0.89272047688047418,-0.30065833820547644,-0.33564075113999392,0.37586627108518411,-0.90768630361813107,-0.18662829497311392,-0.24854515971713631,-0.29276293804300807,0.9233174782758139,-6.755068890375,-15.175470504870713,-5.1319226581011907,,0.3631481567150431,0.2307692307692308,0,1
0.82708138371748829,0.55619012494150799,-0.081172222006762593,-0.5136725342736761,0.80655671164360798,0.29258639482298016,0.22820366395135805,-0.20029681929626247,0.95278763212951934,-17.567880619450175,-8.5283967148948499,-8.2891665136495885,,0.5759253318173614,0.4324324324324325,0,2
0.77209722044882045,-0.57695532720989673,-0.26643654512721604,0.61988576088120151,0.77611423919764677,0.11570795638758749,0.14002687467746983,-0.25449801201341249,0.95688203883722323,-13.91163364354157,-0.10910261557808948,-8.268322132000602,,0.06513472920687124,0.3888888888888889,0,1
-0.97041058158611782,0.02862685595742696,-0.23975780751351036,-0.020612734644980087,-0.99914394926300898,-0.03586758733972311,-0.24057933892200392,-0.02986422222509336,0.97016993867813772,-13.934494643983479,7.4724317932383153,-9.0090488914732347,,0.347778037482697,0.8237885462555066,1,5
-0.66154927651521678,0.73437371949935326,-0.15181500206132223,-0.7417860987992545,-0.67054294125447689,-0.011204800845093028,-0.11002698928161396,0.10520173022570063,0.98834541410740762,12.644529327057262,-9.2397081826793777,-1.3250207893947576,,0.3298249611555942,0.5600000000000001,1,5
0.93750769648310939,0.26852665172926632,-0.22129789051413248,-0.2423131873950731,0.96024172692398369,0.13863673787451425,0.2497271275800364,-0.076349611558383032,0.96530155835651155,-8.357611730192378,11.075363845399078,-8.1371237252608157,,0.07062644096887295,0.3478260869565217,0,3
-0.25695312152967403,0.95313664008258381,-0.15970484860592302,-0.96601662028623259,-0.25811047019971572,0.013815733930815316,-0.028053211347756964,0.15782753405336464,0.9870681267408612,-6.976183722135902,-2.3163343378590278,-6.4542412077392965,,0.1708285915407888,0.4181818181818182,1,4
-0.9581671881220023,0.14846504317464193,-0.24469117385293271,-0.1347305114602671,-0.98826000396120239,-0.072040640282117707,-0.25251401721098427,-0.036059610726606683,0.96692108032983481,-1.0884069206967375,-14.972596125021862,-3.833932143923616,,0.4007728546456668,0.8923076923076924,0,4
-0.64945860853064852,0.72836067496857348,-0.21839011645392417,-0.74701809015516929,-0.66478945321205818,0.0043538349688811749,-0.14201228392768594,0.16596900330283709,0.97585183360810746,-16.274449334201673,10.536732587511727,-9.8577718157476983,,0.1405324356986239,0.3333333333333333,0,3
-0.96932250790429642,0.11745051445317668,-0.2159149191807031,-0.08451031631984407,-0.98414414332556144,-0.15594329608391649,-0.23080702351888108,-0.13291230873278936,0.96387884927602496,-19.255318435945775,12.280853935765657,-10.70357425530463,,0.2269041224087128,0.4,0,1
-0.83052742195224805,0.50657532227414281,-0.2315289274544361,-0.52385998928278732,-0.85165841403563036,0.015768875386421868,-0.18919543602843822,0.13438522487670737,0.97270020989040917,1.8639959012581551,4.9215663256885103,-5.243431233705234,,0.08523309172827931,0.6153846153846154,0,3
0.5210612031285009,-0.80067670815944536,-0.29565525803752241,0.85139821750946409,0.51199250881403546,0.11395063027476779,0.060135661765597093,-0.31109561219866877,0.94847415476371799,-13.560567890179357,9.9496867548129657,-9.1817150683237898,,0.08135385763613343,0.48,0,4
0.88509049790617966,0.41290673612370815,-0.21476228202330577,-0.38621319968936496,0.90909455232061043,0.15616164486419717,0.25971941571991519,-0.055273159893889465,0.96410098168887393,-8.8508593253263861,17.089184347583359,-8.9024974692716281,,0.1052648674530772,0.2380952380952381,0,2
-0.023902368054885482,-0.95947527660126541,-0.28077726117386437,0.99350891677273789,-0.05404230042414062,0.10009726298920292,-0.11121469819422029,-0.27656215098200732,0.95453898168161577,7.8523990192323492,-11.923501091619865,-2.1113440473582057,,0.1596656438409447,0.4516129032258064,0,5
-0.75801460194572745,0.6435190784025111,-0.10628762378115193,-0.63953351766840649,-0.76532145122986295,-0.072663306187446555,-0.1281044223113901,0.012894650805638525,0.99167685511201975,-11.884623229051977,20.544932846753529,-9.9204221753466975,,0.4267148525023398,0.5217391304347826,0,2
0.043678626639423554,0.98594400587158859,-0.16126560346453112,-0.9968201455085296,0.053778151040842569,0.058800578049728977,0.066646643450722937,0.15818447381621845,0.98515780317685064,-0.55765575426425085,10.520592430608243,-6.3273882460292832,,0.2694964128504341,0.6071428571428571,0,4
-0.91739153648649407,0.32983732405710597,-0.22271081797209202,-0.3486743116102789,-0.93589951530920923,0.050182882211823439,-0.19188275901197771,0.12369089256220674,0.97359209625546805,7.2604144091673364,-16.991336277054053,-1.7236179643346445,,0.1199367152834734,0.3125,0,5
0.15728337461237379,-0.95113106064251296,-0.26572851851390128,0.98670658734481742,0.14021117014741555,0.082164093472980329,-0.040890714849313031,-0.27511912555644258,0.96054016896336558,0.73200262398125893,-10.41622898699606,-3.9172402624164637,,0.07686909923449252,0.5,0,5
0.53287771934150285,0.82949428129188385,-0.16727394756345837,-0.82256194224389467,0.55416484433281343,0.12764472757440018,0.19857791267246425,0.06957415187878789,0.97761252548696265,-1.5695313419734958,7.3885821461960717,-6.2095420450016308,,0.4901327479330205,0.8708708708708709,1,4
0.40624374021997456,-0.86728181330694032,-0.2877295254907134,0.91330777100641514,0.39534274361892779,0.097841864695801709,0.028895310196963727,-0.3025332566427763,0.95270073458234328,10.627791426797289,1.2964944521067912,-2.9200303588112901,,0.07535400288096214,0.1739130434782609,0,4
-0.5904466256554346,0.78243272733954927,-0.19791869401374279,-0.80171542170275001,-0.59683391566226618,0.032274753588962826,-0.09287176565616001,0.17773098858454911,0.97968695553256502,-5.7484992279146105,-10.059083235735526,-5.3769148797750228,,0.734963321162774,0.8320610687022901,1,5
0.58645340558960801,0.78292558860631678,-0.20760521616231861,-0.78005778500816747,0.61494541155622828,0.11555082368417771,0.2181335717410364,0.094178891007449847,0.97136403133331262,-5.9595075709437912,10.055370198847987,-7.4887397354042813,,0.1184269228047996,0.3725490196078431,0,2
0.96553802722004933,-0.024795212607945608,-0.25907820329726888,0.10085361410988446,0.95331888193056036,0.28462546947811879,0.2399267940705847,-0.30094568743610822,0.92296631937499107,-14.777619567840068,17.125951745910019,-10.180054156368815,,0.3730108830165,0.3818181818181818,0,4
-0.25007270489166106,-0.89424052780131469,-0.3712108844118055,0.95924764077387326,-0.28091520992571334,0.030505876518312689,-0.13155837464002976,-0.34845447804558211,0.92804734296912617,-10.243429377660853,11.938143430366051,-8.6289454429066872,,0.3373139314308172,0.6240601503759399,0,4
-0.71799663373364564,-0.57735267764386078,-0.38877335243637451,0.65761850646646158,-0.74569991957100046,-0.10709589116592666,-0.22807615811384932,-0.33255904072700815,0.9150878376039967,-19.347364836317364,13.659967714751865,-10.8605222477266,,0.3961809633920776,0.1538461538461539,0,1
0.37381649716842258,0.91788994579641781,-0.13318886534008917,-0.91289087262488477,0.38950314124020008,0.12213745388779422,0.1639862223569627,0.075929904318827429,0.98353605348620876,-20.144609055872255,15.480732495220442,-11.198703718560012,,0.1440066232919706,0.5789473684210527,0,1
-0.9523172981766036,0.27131747730154504,-0.13956571966045567,-0.2551029225191595,-0.95898210530900574,-0.12359539076879759,-0.16737461729843911,-0.082098405635150862,0.98246912891773264,6.1522593341752954,-11.31691974868891,-2.5744726693355138,,0.6433632101736546,0.25,0,2
0.67163833755373392,-0.59312430556408136,-0.44396565371341762,0.73319529414404849,0.61819617044617592,0.28329870365164689,0.10642652006468042,-0.51578779841598454,0.8500801978825957,-4.5897839477138707,19.883565842058349,-8.2633174466869228,,0.5373827628913193,0.25,0,1
0.20173490136660466,0.95608687828603056,-0.21260505812392941,-0.97105044130721874,0.22358868731009632,0.084078174004928494,0.12792212477777784,0.18948873337542016,0.97351422686888212,-5.5998925380021847,11.836817562287212,-7.5532934382113739,,0.2184824688339785,0.6907216494845361,1,5
0.8093110597512333,0.56281064800055303,-0.16810646347340003,-0.5373324988938728,0.82498553541614006,0.17513609561312746,0.23725386023582781,-0.051410513042979777,0.97008636984129193,0.44189898872862321,-4.9664628203430592,-4.5618866913328917,,0.2983031654246558,0.355072463768116,1,5
-0.81845268088106093,0.53897225788648773,-0.19910829813783237,-0.55262764741937265,-0.83327447982322322,0.016010140007632023,-0.15728284225029759,0.12313629239211306,0.97984670282120656,-3.2187784596028104,-6.624625449195304,-5.160545320601841,,0.1922040370009117,0.5602605863192183,1,5
-0.91267110709693655,-0.32683076726863591,-0.24538357695055263,0.32239046703103758,-0.94475110548637342,0.059243020262180014,-0.25118884735983477,-0.025039933084385218,0.96761416107515064,-1.9370397385764371,-6.8891291077799597,-4.8049285611468502,,0.08179027879097846,0.3863636363636364,1,5
-0.94755827263564141,0.26529886346896053,-0.17818482820329587,-0.23855927750077227,-0.95818541768551413,-0.15801954452898168,-0.2126565096066183,-0.10722508277877517,0.97122602443767714,2.1543900206283872,-17.45864983995498,-2.8823911109791411,,0.4301907688030217,0.2857142857142857,0,3
-0.95246352580605675,0.21065410818551419,-0.22008652551590024,-0.21636118988931854,-0.9763115945067139,0.0018724159355916589,-0.21447859454680684,0.049401590423015104,0.97547855709128894,1.0515329234442372,4.644532572121542,-5.4140666454266162,,0.08108591427339591,0.2222222222222222,0,3
-0.96912428810404505,0.0025679351208872372,-0.24655936387823896,0.027390831655284283,-0.99263568793997248,-0.11800056512224036,-0.24504664157677988,-0.12111067969898905,0.96191701654289741,-6.1763034793762737,6.4675080418714606,-7.1898625062463628,,0.5978688789517376,0.3333333333333333,0,4
0.37543302603405931,-0.84320316130583584,-0.38478366873706416,0.92644055755079946,0.35373167956526091,0.12877030790094432,0.027530642707242644,-0.40482382295979674,0.91398016175207097,-24.759070480775211,16.820378286624955,-12.395470350478185,,0.5827716153801638,0.16,0,3
-0.82632818114904683,0.51882714875717884,-0.21908931227105879,-0.5405820758780453,-0.83979447471316682,0.050162331291721082,-0.15796441459484609,0.15988630320866598,0.97441449792579304,-17.424113451452406,9.0154902996942639,-9.9822812269542052,,0.07978998841649143,0.28,0,3
-0.97506706937276733,-0.039593575254958428,-0.21834962565420887,0.062057631425799197,-0.99334768627032388,-0.097001157535432161,-0.21305647281090259,-0.10813289499465011,0.97103770081982566,-29.021524184301896,14.658434748364654,-13.169729635273891,,0.2488505495270859,0.4210526315789473,1,4
0.95708546242282977,0.1765903069647296,-0.22978964533891261,-0.14509919645239161,0.97835924906982752,0.14751068757346161,0.25086578245697627,-0.1078380417367996,0.96199652595351048,-3.617005233900028,-16.410130167054902,-4.279659170976716,,0.1356810700254092,0.325,1,5
0.47612536683246581,-0.8102924702030917,-0.34165881781511803,0.87672459031969763,0.46755270921963399,0.112909064428594,0.068254141174070304,-0.35329955679784614,0.93301703916865175,15.138797891647819,3.369231358010377,-2.1425948888030204,,0.5548836838494382,0.6753246753246753,1,6
-0.83350974327550564,-0.46964931019545209,-0.29101723883257508,0.50722461695835286,-0.85928057585130502,-0.066030901221327001,-0.21905409335653175,-0.20264850702036916,0.95443642364809311,-5.0659755332650374,16.604421296876115,-7.9900697791161583,,0.2977128253626273,0.3529411764705883,0,4
0.77692606996869673,0.5956217664155965,-0.20401125747115062,-0.58641061726748167,0.80253243421897402,0.10983751627990573,0.2291472665317357,0.034298737564702739,0.97278729784187712,9.8649107758174637,-5.323458681246473,-2.3575250333717492,,0.1658319283657605,0.1891891891891892,0,3
-0.62586318440180699,0.7523909425983375,-0.20543403784771713,-0.77398936098034354,-0.63161688411001482,0.044727852579765692,-0.09610277571262453,0.18699727592439289,0.97764833928012562,-0.92328227137550756,10.373588936518122,-6.4308486832871976,,0.1358203614778191,0.559322033898305,1,3
0.94798657312819457,0.22829170499656776,-0.22182054593392234,-0.19942491147539382,0.96910980928377177,0.14510645138312434,0.24809506615750068,-0.093322424849184918,0.96423014014734787,-19.000684338203207,-4.798892559915533,-8.9741625008708166,,0.0910539556519501,0.4583333333333333,0,1
-0.53606986472870943,0.84089294334267883,-0.074351583481662001,-0.8416978937754287,-0.53916099538825146,-0.02915607425491,-0.064604610855194519,0.046951878433533087,0.99680578116692953,-10.05045979031817,7.366223803237574,-8.127942380207978,,0.5617426189338625,0.3701657458563536,1,1
-0.97270708874741474,0.087867452382231037,-0.21475621134762746,-0.081531584267984958,-0.99593833804694432,-0.03820245509184237,-0.21724069661848114,-0.019650384732827573,0.97592025397189608,14.527294687139708,-12.682155719894492,-0.53885768763675268,,0.1648749273218539,0.25,1,5
0.73837198562354656,0.6431926423937766,-0.20275609884009058,-0.63284199676691999,0.76472279616431138,0.12128500383268294,0.23306183294224433,0.038759125340336459,0.97168920557370253,-1.3061590723359762,12.300606906599725,-6.6664615347038172,,0.1764769530648888,0.3214285714285715,0,6
0.96688984534704614,0.037262912589430638,-0.25245891212258287,-0.004920204795383268,0.99182010312627666,0.12754871469110687,0.25514666086299675,-0.12208340747183602,0.95916412728506928,-9.141996185325473,9.7981296285617105,-8.2055151737928735,,0.2080917232748852,0.6801801801801802,1,4
-0.92667562433490014,-0.28737429996818625,-0.24225667995190131,0.28183823169972122,-0.95770797952200715,0.057988249777420932,-0.24867548816861174,-0.014540896728509521,0.9684777043930507,-6.3699841679538087,4.1615472290771827,-6.9798292666539101,,0.06886270753798665,0.2479108635097493,0,5
-0.82571319482266481,-0.42027462319033987,-0.37625385180482168,0.50478639454629792,-0.84822669199081346,-0.16031897852490573,-0.25177056177539092,-0.32230532123521927,0.91254088353715135,9.5746766304094013,-18.584168457040306,-1.0762234237125428,,0.4280730458081926,0.3,0,3
0.64572124340888115,0.74172745119887917,-0.1813407399028201,-0.73284809321106148,0.66869873342753006,0.12560125870916944,0.21442422458155033,0.051791814511859387,0.97536652590816819,13.2489741519236,-7.5321338441338401,-1.3911251603467154,,0.1308670740923872,0.3928571428571428,1,5
0.64253338548953609,0.74173875260051647,-0.19228747078784575,-0.73478669119401263,0.66760755672893712,0.11995277671890253,0.21734619153670745,0.064216610694199733,0.97397990735714857,5.6954507451830851,7.8093966806494821,-4.6810840227348338,,0.201053008354049,0.3,1,5
0.090498596027343475,-0.83143791555280622,-0.5481979539347851,0.99428282612775298,0.044107790251878561,0.097242812107139212,-0.05667156063218845,-0.55386414888517677,0.83067613351727576,-12.5753821466415,-4.4973596381781613,-7.4975151898210894,,0.5395789918302842,0.3734939759036144,0,1
0.7158119615638121,-0.59650695498770101,-0.36303262709220563,0.68775552411612795,0.69222139196875232,0.21868215187479922,0.1208535259308452,-0.40621299480955042,0.90575130588806674,-13.43429832963098,1.0736438852041446,-8.2836821424956337,,0.1916826389311714,0.1578947368421053,0,1
0.95323717895753168,0.19369298961256151,-0.23199548794757849,-0.17385480260071973,0.97933794807725061,0.10330387731592844,0.24721122196565365,-0.058139566826626604,0.96721579934545121,3.213660937047051,-4.6757030957900048,-3.9356932428744198,,0.07734084619747009,0.3153153153153153,0,5
0.79704798577811764,-0.51999323355391192,-0.30711812943099392,0.58551296994564417,0.78995880636302551,0.18204297919704274,0.14794955353929548,-0.32491863798134274,0.93409785798912537,-7.0065905548557437,12.0182877042516,-7.9623583540474652,,0.09977764588675168,0.3943661971830986,0,3
-0.88015151286711246,0.42221644116557211,-0.21694836069261536,-0.43911808429198779,-0.89777550671762918,0.034270214263106835,-0.18030147654822118,0.125428929467582,0.97558134525376616,-7.5423708029233056,9.3113515868813437,-7.7565615422795382,,0.0986461510026346,0.3543307086614173,0,5
0.9394615082247979,-0.25122293234887183,-0.23302170033287078,0.2951314989019756,0.93877423042092434,0.17776485213189458,0.17409615998022793,-0.23577527978911503,0.95608605497648769,2.6027647139681291,-16.217651153941461,-2.9372117627991146,,0.2102189136047355,0.1363636363636364,0,6
0.28140951239533768,-0.85833348664002973,-0.42903649267374749,0.95958558682887307,0.25266852754625591,0.12391172962192128,0.0020464319455055242,-0.44656717400630686,0.89474776960678437,-15.297821678600084,12.3795143769105,-9.7750456780594561,,0.4806232787444685,0.7125,0,4
0.14110173762846256,-0.88232719562101347,-0.44898665849419817,0.98996265388719895,0.12208012963431346,0.071206641944991309,-0.0080152072238648293,-0.45452740491198823,0.89069669059513812,2.8009466700908638,-12.830139384543005,-3.1677408301909153,,0.3486067186220667,0.5416666666666666,0,3
0.71517333032961317,-0.64425424457220259,-0.27104164981779588,0.68891317132685248,0.71521936439494638,0.11772808996526553,0.11800741484174108,-0.27092015271144304,0.95534104951958343,-4.8002728381282154,3.7866353008448583,-6.58996778451856,,0.06891533343157001,0.2254545454545455,0,5
-0.87816941293850048,-0.37584515293627052,-0.29590353697372651,0.40926602340113644,-0.9105676092040661,-0.058034051709421816,-0.247628359176954,-0.17206699300767372,0.9534532739723679,-0.92097848759967649,-15.704953769499085,-3.7908094231032723,,0.174179195885661,0.1923076923076923,0,1
0.97122084697324984,-0.013812989009309544,-0.23777987244338794,0.036863366070533123,0.99500507679801176,0.092768471951055628,0.23531077035808423,-0.098864040382803595,0.96687886670082612,-8.927012189816379,0.50054192736576752,-7.2182809586512287,,0.06735808643628508,0.2094017094017094,0,2
0.93473010667544798,-0.23841963403100097,-0.26350655738146278,0.27857617691925179,0.95200469411633648,0.12681630823168863,0.22062398175982653,-0.19194567067007409,0.95628547943773345,-21.889159143929433,12.020669919799971,-11.280015361926276,,0.09514384029928584,0.2105263157894737,0,3
-0.35269774546869792,-0.8796446536052287,-0.31910747989515414,0.91990651950627089,-0.38840976647338893,0.053943013244970417,-0.17139514494628266,-0.27452347202347938,0.9461821006534723,-9.7823113391585359,-10.443305025156194,-6.2938988803978662,,0.1697628150229587,0.25,1,5
0.20292865638062785,0.97910789544262544,-0.012949498116393959,-0.96682166266346226,0.20244277328776208,0.1557972918513624,0.15516389085161536,-0.01909587980358796,0.98770416337601585,1.8426547350902351,10.787214907542664,-5.8684228977640727,,0.3625451972558544,0.1842105263157895,0,2
0.84859608900605699,0.4802022422932461,-0.22201460361913908,-0.46856347520288139,0.87704510663327162,0.10601957666597184,0.24562766014727183,0.014060136100752517,0.96926227882003368,6.5193172896290772,-10.007327294578046,-2.5980886156216947,,0.214608806263924,0.7425742574257426,1,5
-0.44015380246682478,-0.82204214292854016,-0.36126354012472639,0.88493075579235059,-0.46532019068572084,-0.01935659042765003,-0.15219128630370071,-0.32821309448231734,0.93226282612982425,-7.0833797558334251,13.484418224516872,-8.1363323493830624,,0.2173589821292091,0.4313725490196079,1,5
-0.64696906604744486,-0.71817760269492759,-0.25622638147752314,0.73158357805011665,-0.67936801288656667,0.056961139331546437,-0.21498022212540194,-0.1505989178378315,0.9649370290547401,19.187780237601327,-7.9301194124701109,-0.02189519797790267,,0.332937016737949,0.7666666666666667,1,5
0.82550339899502412,-0.47629309649421447,-0.30280195587151398,0.54276286801977336,0.81705441555860991,0.19450077407333655,0.15476629913069298,-0.32491070811552258,0.93299540427874428,-13.084067134154028,-3.5977563741577523,-7.7232387291308893,,0.1073246734988662,0.2222222222222222,0,2
0.78444284190728919,-0.49371872250342236,-0.37535483323117641,0.60157838686739629,0.75291026081550383,0.26688871016352606,0.15084055235392285,-0.43516429335173895,0.8876255773451126,8.765067436125964,-8.719565845803384,-2.2381139488245303,,0.3570718059212472,0.1,0,4
-0.32837762768044071,0.93044626787951845,-0.16259728235134263,-0.94454646543532605,-0.32353553331320162,0.056184813939137768,-0.00032904801964302253,0.17203052424735138,0.98509156450280455,2.6220766142538072,-11.108128747274959,-3.3918753494705265,,0.08515923923660275,0.3333333333333333,0,5
-0.15903782156942323,0.97647268442827928,-0.14562990034977452,-0.98544019090542834,-0.14802347293452642,0.083646169121346203,0.060121555691179995,0.15681246132190668,0.98579675923358578,22.5098046640909,4.2341835285033511,-0.71871463406189051,0.4115771819556699,0.4137940799130829,0.2413793103448276,1,5
-0.05837990970290674,0.99400864144737322,-0.092404582521803724,-0.99533772584711688,-0.050838369982811514,0.081965063551374701,0.076776283112498817,0.096758880034026676,0.99234224009964966,-14.900504482124228,8.3684549340244327,-9.3211348687322726,,0.1768100952497608,0.2173913043478261,0,4
-0.83162871581142539,0.54789943099486804,-0.090553258104493953,-0.53018123939639361,-0.83185483267179972,-0.1640895814872938,-0.1652317536974745,-0.088451969317090304,0.98228036562581511,16.374259884383555,7.9020423381857396,-2.4106023955258347,,0.3683316933264827,0.1621621621621622,0,4
