axis_00,axis_01,axis_02,axis_10,axis_11,axis_12,axis_20,axis_21,axis_22,location_x,location_y,location_z,dbh,dbh_approximation,score,reconstructed,number_clusters
-0.97618156602798301,-0.00050029223986951406,-0.21695460321188972,0.038487479395813429,-0.98453585382659337,-0.17090309084301628,-0.21351408402470931,-0.17518248267910283,0.96110500658641573,-27.45881329867445,0.61258243424628855,-7.8315374946156897,,0.473128907753207,0.4038461538461539,0,3
0.075009157310492,0.97978366449672549,-0.18546589202583569,-0.99404559974262618,0.088210259549974274,0.063971053941990125,0.079037788126267217,0.1795631390221703,0.9805662176276585,1.819200001315723,-8.7986932975395629,-0.75663417533123234,0.2190259120020063,0.1845947083250775,0.52,1,5
0.72797874526022377,0.66868518515059372,-0.15135081634886249,-0.63191181294773779,0.74005510366311278,0.23023011140874475,0.26595940875715252,-0.071962258874329652,0.96129445342790276,-5.6671075717486019,9.1190702810237223,-2.616204993681956,0.452536861982162,0.2147631869347632,0.1639344262295082,1,4
0.81874649991653281,0.53688159197819885,-0.20350018444557116,-0.52676548121808964,0.84340586786589122,0.10575759947378144,0.22841255804246249,0.020608208178708173,0.97334629247979443,0.56830367162726436,7.6114460840321625,-0.97557226388040164,,0.07341928237285074,0.2765957446808511,0,5
0.54332078580314436,0.82311255650574444,-0.16519153439820305,-0.8199834395367297,0.5625069235735215,0.10589201961133837,0.18008243279056779,0.077920987252674184,0.98056036894512544,16.583488976139808,4.7590546047040796,3.1263529340784335,0.7523846719303132,0.4192208843717121,0.4347826086956522,1,2
-0.069203131486251901,-0.96400845053879547,-0.25670729222655109,0.99477972521173186,-0.086027860597065658,0.054886296183690862,-0.074994832489769153,-0.25156890604938281,0.96492945887714965,-14.025601636933413,2.7715446251028739,-4.6232837139573881,,0.09593118877167195,0.4375,0,4
-0.9678955502576474,0.027690814552446503,-0.249822782349546,0.011995105743115346,-0.9876920249127078,-0.15595057345853897,-0.25106636817713779,-0.1539405168019703,0.9556505616893054,13.040642282210758,8.7222231852475502,2.1282431816724645,,0.5681293759159278,0.6216216216216216,0,4
-0.95121719195868415,0.21838388739103082,-0.21793194224394846,-0.21799763884295698,-0.97559972762819902,-0.026118976064942231,-0.21831830702241578,0.022663829768310013,0.97561440520274245,-9.5582861290881116,-9.3359226119253957,-3.4976338093913637,0.4615332278496062,0.3554932475195863,0.8648648648648649,1,5
0.73445229181288207,-0.5700428838452487,-0.36828106335813199,0.66688644704539513,0.70684601447367079,0.23586262647960002,0.12586619005107524,-0.41883149642795309,0.89929854876005844,8.3092876699595077,2.379860670392095,0.95499714505376299,,0.1658644482864076,0.1851851851851852,0,3
-0.96707290934184109,-0.029070951117092039,-0.25283367619495367,0.034888561985307757,-0.99921892968942594,-0.018555829081854072,-0.25209675971678885,-0.026765842999339446,0.96733180108421446,-4.6303010323491351,-14.167980760829288,-2.3574520871118887,0.1919433359384561,0.2166910398967495,0.631578947368421,1,5
-0.87710720041966739,-0.38071193917876239,-0.29281628769370099,0.41272483938728816,-0.90924746517599775,-0.054104103575975768,-0.24564438915780504,-0.16830765412710455,0.95463677261957602,-9.7519762150339897,-11.130344627419648,-3.6268691893098812,0.3306110852823642,0.3011248728830119,0.7049180327868853,1,5
0.96975039957350495,0.050151251536361456,-0.23889121896034995,0.0050640615576228844,0.97432254692675191,0.22509982192508599,0.24404613868604003,-0.21950040209416791,0.94459571017072175,-3.8975903680962056,-11.580307499020579,-2.2089800766137082,,0.7028961500803851,0.8181818181818182,0,4
0.27948221941711898,-0.88267179944559981,-0.37786265162509658,0.95904691483194437,0.27550053010915387,0.065791132084084242,0.04602938388694279,-0.38077546188409112,0.92352116567296205,13.899268798012171,6.6179300865340664,2.3548177322157668,,0.2073924598595502,0.4,0,5
-0.74733281792599282,-0.58421585818026611,-0.31652091605688859,0.62293737553191519,-0.78177572719299648,-0.027852083176537555,-0.2311767406470783,-0.21798748455486661,0.94817655062822392,7.9936103835444294,-8.2928922733638419,0.82821225123423425,0.2716778772406618,0.1854452084959954,0.25,1,5
0.85087705117479229,0.50912653538758257,-0.129608698582798,-0.47662301463446322,0.85185099951485832,0.21721044299548103,0.22099489972586783,-0.12304489257898263,0.96748189063433132,-3.4403921290567281,11.142671441965252,-2.1372852499563622,,0.2152590323987698,0.3428571428571429,0,5
-0.82758482906828534,-0.50251917842298244,-0.2501556036012561,0.5295221067425111,-0.84677464472400243,-0.050784244835509799,-0.18630536537359996,-0.17449119281393896,0.96687286365032454,2.4691789540946063,-11.087249274699198,-0.61814942312834298,,0.1802399516405355,0.34375,0,4
-0.038829722324145402,0.99009060686360073,-0.13495496606163415,-0.99816858784955609,-0.032162917257959521,0.051234919575229777,0.046386667207855954,0.13669724559743229,0.98952622004241131,-23.194530848992549,-0.030491813604259833,-6.8863403471367723,,0.08219362215237998,0.1764705882352941,0,3
-0.46187023177981074,0.86451908155203561,-0.19819850309245493,-0.88502997897259172,-0.4639035842933209,0.038928149192901391,-0.058290868199392921,0.19339137031479886,0.97938856056844292,-3.5953159367308376,3.445467779306139,-2.1249094216674322,0.7144006524108394,0.6113415538834468,0.9856801909307876,1,4
0.81462134417237964,-0.48239484698031354,-0.32200508881945716,0.56229145532434732,0.7929788615156701,0.23454817087016455,0.14219839973787995,-0.3721286562415646,0.91722400661770431,-16.353567279836515,0.038529123195719328,-5.2450014906078808,,0.2615648772028099,0.1774193548387097,0,4
0.62755773674825477,0.75013995914117793,-0.20847380829994197,-0.75481768657015291,0.6518307669007235,0.073259206673958702,0.19084430064398403,0.11138533575514957,0.9752803493818698,-17.709647733298205,4.7804776604015542,-5.5690289890690741,0.07239034386876599,0.1069822614215251,0.4133333333333333,1,5
0.95033072435527022,-0.18736076585059694,-0.2485305972436086,0.22478915848177616,0.96546490638250904,0.13170933441813021,0.21527040803473654,-0.18103441099329626,0.95962763271014018,-25.106072514355191,-1.2184254920372706,-7.3244489403760626,,0.07211369167081111,0.2941176470588235,0,1
0.52308206326090878,-0.80130648388611192,-0.29033269532862938,0.84591572884770039,0.52968238227544473,0.062154272540778585,0.10397949212596889,-0.27810877869834622,0.95490511174050163,-11.140770118673213,8.9926609076284798,-3.9979968834706887,,0.1332255083017646,0.2916666666666667,0,5
0.37581320331042711,0.91752360911856778,-0.13005715254300845,-0.91496167676788442,0.38964519672500197,0.1049845260752167,0.14700192605424919,0.079542739324053244,0.98593274940898923,-1.8947921456523982,-21.879298088625951,-1.1071358124425481,0.2867489190874406,0.1902837931334827,0.3571428571428572,1,5
-0.96657844407893467,0.15746092441044213,-0.20231700058510774,-0.12219823461815625,-0.97671193725036365,-0.17635584223055262,-0.22537458352296852,-0.14573897528269697,0.9633101516050776,-7.8424471415606654,5.9086365422571259,-3.2101892460800276,,0.2256011868054438,0.2058823529411765,0,1
-0.96794113899856804,0.15677392939501919,-0.19624445596296738,-0.1357441566463089,-0.98387583708240922,-0.11645540409002675,-0.21133734968182477,-0.086082938306232301,0.9736150432085714,-17.687465964557351,-1.0613839659891569,-5.5087084443606731,,0.4467628801090688,0.5176470588235295,0,4
-0.97171447619491957,0.056276145750014224,-0.2293555584082457,-0.063199628003085928,-0.99773704299231047,0.022947768110073867,-0.22754512469729302,0.036793864440764067,0.97307215958838822,-2.2715667627778768,-11.364397241980688,-1.7239446573691566,,0.1300214199774246,0.4285714285714285,1,5
-0.28610015773483288,0.94549351306142027,-0.15552722109932421,-0.95706556199227943,-0.28986705469082608,-0.0016126541068204596,-0.046606971501120587,0.14838836667218921,0.98783029050735949,-15.16835821551661,6.4390444644784743,-5.0499976576084977,0.744047129615703,0.3849842727786205,0.3333333333333333,1,4
0.068203414280978425,-0.95122538853932559,-0.30086301613628913,0.99644208805345602,0.049982100917392393,0.067859816854678484,-0.049512215018964002,-0.3044208432188758,0.95124996230108894,-19.917884701876151,-0.28825561167446823,-6.126465967465645,,0.09243750887602269,0.4102564102564102,0,4
-0.52931566209235892,-0.7622461234036696,-0.37256647355848532,0.83415489764839656,-0.54775249794608161,-0.064442282105930754,-0.15495333682409179,-0.34488845783804584,0.92576531316374877,-4.8435853648673728,-24.973230140612291,-1.6133058858808793,,0.1782805823523449,0.1875,0,2
-0.94815862610209312,-0.20579385522445709,-0.24216545769380116,0.20567441017179186,-0.97827344955337303,0.026059449330927305,-0.24226691220362401,-0.025098746000565431,0.96988493967095013,-2.2504277760507061,-14.107675845540493,-1.6385129399257989,0.1003382312638966,0.1112305681757446,0.4883720930232558,1,5
-0.57320885776271724,0.80837276321635798,-0.13403388031505695,-0.81451961744496038,-0.57995699216083563,-0.014411108252709682,-0.089383433474418877,0.10091265001825325,0.99087195887592727,13.373972797876929,-0.52892703075046621,2.3075253633130464,,0.0817227440331408,0.3529411764705883,0,6
0.97357033128221171,0.025666565627184092,-0.22694060336561714,-0.0015631985042276792,0.99439070319758693,0.10575767492075881,0.22838206246875278,-0.10260778139650993,0.96814940827302309,-5.7132224986511186,15.356096720031934,-2.8537392395458725,,0.08603206881783396,0.36,0,4
0.28790248254401091,0.94246114662922598,-0.16993865846039513,-0.94928884141151781,0.30426797332269484,0.079194040064110446,0.12634419700394453,0.13852071146374906,0.98226735483726813,-10.850982163919856,6.5821359275339786,-3.9319075768531295,,0.07262389040679354,0.2112676056338028,0,5
-0.33439272695430378,0.94211548862774708,-0.024493065299496197,-0.94200870225055922,-0.33490951467292723,-0.021335928987542069,-0.028303869775731728,0.015938101180669063,0.9994722947067981,-22.522351371918788,-1.8970228627457904,-6.6364128820333894,0.6562523285676999,0.3829460705215581,0.7810457516339869,1,5
0.90815928746172037,-0.34328651847218011,-0.23958521413532616,0.37049763907011662,0.92553108759238367,0.078254107518576199,0.19487998368352291,-0.15983295071826967,0.96771649765011303,-3.9867062219728728,-17.658879468643594,-2.0215788130562231,0.2054588980692912,0.1740521681608453,0.7391304347826086,1,5
-0.9704937195062695,0.1201048135254067,-0.20908556661547445,-0.074999168458780754,-0.97446494824524288,-0.21164401567700325,-0.22916602088743035,-0.18971794435272446,0.95471987329331243,-14.351059999950683,12.908499113832146,-4.9018728156370077,,0.2949812575912934,0.125,0,1
-0.67469963117904697,0.73668685550056112,-0.04552894265796921,-0.72851825469150144,-0.67458276239106629,-0.11916060282696529,-0.11849708970310581,-0.047228948935293141,0.99183056320843455,2.3414364237908325,11.292655664506993,-0.71807707801364096,,0.6039856193974872,0.2380952380952381,0,1
0.015036673966660336,-0.9314340345987977,-0.36359941917861316,0.99791751011701268,-0.0088326030645981043,0.063895446824976165,-0.062725923172803635,-0.36380300206857513,0.92936151967251712,4.1220867577499511,-18.086060060446066,0.12622376828934492,,0.2304358591676322,0.25,0,6
0.098773701393435248,-0.90637512457750236,-0.41076500515520709,0.99400997699566973,0.070463598034887012,0.083540690594735123,-0.046775223635038811,-0.4165561365519595,0.90790586712213561,9.5364623251618355,13.503781528549638,1.092097102460855,,0.3552712960242635,0.36,0,7
-0.94011168246071952,0.29834450268917379,-0.16486534570983852,-0.26522837518606623,-0.94405817522016333,-0.19597977139524839,-0.21411196486192499,-0.14051590484754464,0.96664954714096929,-13.884723909916302,8.6053688021266694,-4.6322677474091369,,0.08214554897758672,0.2352941176470588,0,2
-0.1665122362315945,0.96429438725350092,-0.20593690756284921,-0.98588389414918287,-0.1591055625249812,0.052137963432153767,0.017510637978011955,0.21171148926075106,0.97717532862460177,-1.2283742914239288,7.220145638557586,-1.4984277857212633,0.2339278904453984,0.2085227129201347,0.7615384615384615,1,4
-0.91064858106048574,0.36654034798394675,-0.19070221580341842,-0.35969241912583,-0.93039241558725083,-0.070649250817899814,-0.2033236961987816,0.0042575013246808771,0.97910231755753596,-3.5033823712156025,14.399538314924229,-2.283670136522757,,0.1205599879212556,0.1935483870967742,1,4
-0.11181067357349002,0.98271645539151009,-0.14753556038389243,-0.99319222870361623,-0.10563018093336221,0.049106636198472192,0.032673691523707478,0.15202181810099458,0.98783692819386026,-7.3027988700029143,12.377409509370866,-3.1714354879569058,,0.1538917873857241,0.25,0,2
0.34986806648900326,-0.84564676397735627,-0.40308049645929372,0.93583224631086837,0.33504182457378617,0.10938456267234795,0.042548123530880028,-0.4154858918915208,0.90860394607502504,8.5876824209181208,10.097424673338333,0.98286407925377217,0.3973069489960462,0.2187975476677191,0.1428571428571428,1,4
0.31931366174279446,0.94702762256563777,-0.034314246634370604,-0.94123775523420472,0.3211502622175319,0.10456575538523862,0.11004668802868772,-0.0010914097702740143,0.99392581980680539,-9.3371626580040381,-17.487327616147486,-3.3075385280011536,,0.3148273043134032,0.25,0,3
0.89274078117275013,0.42060576685042866,-0.16156944798825942,-0.37150925302350368,0.89003441205978218,0.26423402556694964,0.2549407235986168,-0.17586794546352094,0.95082895055286021,14.390472868245546,4.0393116287979538,2.6172995869585676,,0.252211641630437,0.24,0,4
0.39391110041956179,0.8946909829342472,-0.21062309945113383,-0.90670263898506342,0.41581970083917691,0.070599581100318984,0.1507460428129811,0.16316256142316968,0.97501467123631469,-8.9525522866701532,15.584856805748579,-3.5917145979215426,,0.206756408111176,0.65,1,5
0.95567271285993771,0.17782697101002018,-0.23466408816929446,-0.13877540987276715,0.97497750498048619,0.173667067680286,0.25967489580159731,-0.13340327268633645,0.95643740795046406,-9.9415680576959016,-14.635228460553867,-3.5535649966259188,,0.2706326126167932,0.35,0,4
-0.32346003786230415,-0.90025986509000167,-0.29138596262388944,0.93453794047304584,-0.35221878774747495,0.050801214297482716,-0.14836590485187731,-0.25587907469317056,0.95525570263236448,-12.199384257905587,13.251852104190695,-4.3912386934851977,,0.3324972328487854,0.45,0,3
-0.84618533558666575,0.53133286824351744,-0.040691042776014694,-0.52951507385484053,-0.84695201719141533,-0.047812834426499647,-0.059867891215452274,-0.018911998823765312,0.99802713986239133,3.2287315709764468,8.0364831532404502,-0.3674072627369479,,0.3529484713932397,0.1875,0,2
0.13876708686927075,0.97846060598380091,-0.15283500299221453,-0.98527731468664403,0.1519677716080674,0.078322471592479029,0.099861447844965187,0.13971628011900486,0.98514316335445162,-1.9942222587457852,-16.196079233244351,-1.5416788126367367,0.1874803847734649,0.1573852946461888,0.5,1,5
0.39576843352337399,0.91732567824574285,-0.043369886527890499,-0.90608907183542053,0.39774005417012592,0.14424092071659267,0.14956584144409432,-0.017789023012311143,0.98859173056089567,4.3853657814573594,7.1664358850495447,-0.067780359083982292,,0.1177221170679011,0.5,0,3
0.96801069236943627,-0.054962686555736801,-0.2448150374160491,0.11015653189321116,0.96974588627676439,0.21784961448337048,0.22543477535576814,-0.23784873162552078,0.94477888573169644,3.1023440549778889,-8.6203292529246909,-0.45120425328913316,,0.1657643196322494,0.2580645161290323,0,4
0.94377888531555953,-0.14837805900967829,-0.29540712116846385,0.24151872689426021,0.91965339350846487,0.30968748823247577,0.22572133304562675,-0.36362286426032736,0.90378553451314991,-3.2421216260421746,-8.2100578855538036,-1.9868666787105493,0.3380502644561953,0.1711259868475867,0.6428571428571429,1,2
-0.62169927825738247,0.76851485621417837,-0.15124458070407223,-0.77609803359562979,-0.63046998994645431,-0.013395298649680783,-0.10564965529165757,0.10905277417387743,0.98840560640950181,-21.653942180942405,-0.692051349681438,-6.4731203549211722,,0.3094196022189988,0.2777777777777778,0,2
0.6576275032341834,-0.62668205718983194,-0.41808571631460317,0.7447584476213881,0.62436917386916713,0.23558011252759495,0.11340600375004246,-0.46629683026829,0.877329096972847,-4.1684115850588963,-12.470963105099054,-2.2116881462746552,,0.2758098388359235,0.1904761904761905,0,1
0.2415077763650329,0.9523291612155288,-0.18639517872988226,-0.96259840790720419,0.25941130660009326,0.078166994969412137,0.12279372561223537,0.160545765146764,0.97936038221060762,17.033825360405178,5.3324904776861235,3.2327090797957347,0.5141616915888877,0.4135112255747435,0.2222222222222222,1,4
0.45188073642118465,-0.851198550915514,-0.26695472831695199,0.8910206211724746,0.44523018598858799,0.088613397011878911,0.043428708210877097,-0.27790485494841044,0.95962640589931536,-15.813253713929853,2.3564987332387024,-5.0170141778058959,,0.08896927954322154,0.2586206896551724,1,3
-0.88406697104260834,-0.39779620277654748,-0.24532381003096332,0.40976982634895925,-0.91218567581361287,0.0024458647562918818,-0.22475382115882261,-0.098363986788978092,0.96943810837901645,5.4406660798696826,-8.8313665051666081,0.18890500494693882,0.2786089082209646,0.2624868473774421,0.5714285714285714,1,5
0.96282745563733152,0.054139186746497217,-0.26463605032075915,-0.0088514267969686533,0.98550585090114584,0.16941036002342627,0.26997211506857777,-0.16077053927270665,0.94935129998718737,-6.0638535379145857,16.630518137684142,-2.9398883706760972,,0.1872963783645626,0.2777777777777778,0,4
0.80581544929509397,-0.46331522350377136,-0.36878240921578148,0.54382981586824508,0.82545087504973591,0.15126131115502023,0.2343300942048549,-0.32244357110861399,0.9171257004362422,-14.757581285124946,3.7044465317778017,-4.7792714772250724,,0.4887086583635083,0.7945205479452054,0,2
-0.26177578567473969,-0.88625026465508971,-0.38214382951077192,0.9581890688995488,-0.28604979969486366,0.0070157206290994605,-0.11552985015046996,-0.36432949440487716,0.92407622695906322,-15.277945708875752,9.9421816691673186,-5.0791427503264108,,0.6929531905388595,0.3076923076923077,0,4
0.14382306341214418,-0.95702650081907514,-0.25182375416299319,0.98929340230832274,0.13267585259945264,0.060792123554219833,-0.024768741994085772,-0.2578708879788596,0.96586185065620289,-8.1102548403930204,8.7810824740309741,-3.1948861595850633,,0.07218847092039918,0.2096774193548387,0,5
0.10412506158347226,-0.94299573969640493,-0.31609651447725412,0.99417268786210322,0.08977021417601809,0.059682286784551716,-0.02790409036825538,-0.32046894320857766,0.94684793825592628,-18.537371905303718,8.2320035466083237,-5.8162992920945156,,0.09328102635597006,0.2631578947368421,0,3
-0.94521365807627344,-0.13713090021471344,-0.29625370342389384,0.20798525889001093,-0.95243769729153727,-0.22272082269614982,-0.25162128819025881,-0.27213516675412786,0.92877832572965358,-4.940559153910681,10.754898138253944,-2.4678237323863259,,0.5664867084190839,0.2571428571428571,0,2
-0.70181183192163721,0.68329605871260157,-0.20141163998790906,-0.7015484775164148,-0.71203473366865799,0.028918363435744162,-0.12365227967649602,0.16159527900661735,0.97907971051062914,-8.8547543094352683,12.103212270424379,-3.5082041202978997,,0.07546440627417726,0.3571428571428572,0,3
0.95353014274237979,0.22058950165301608,-0.20523288879263596,-0.18930043578295336,0.96854517991179223,0.16151030766491925,0.23440480347911039,-0.11515427143665578,0.96529471244579612,-0.024732603054410166,5.8742792376069541,-1.2602725096268188,,0.07333021865845492,0.2678571428571428,0,4
0.44527964953458027,0.87247490340104084,-0.20127984659599807,-0.88304346256610333,0.46510390984106137,0.062550749554476134,0.14819000279921188,0.14988627684316169,0.97753456567247121,12.974362177111777,-5.29805097359628,2.0832622593628978,,0.08386104843529367,0.3,0,5
-0.84608749136461681,0.50975437418120717,-0.15584105671951254,-0.50405966966383287,-0.86021734016934892,-0.077136094601406205,-0.17337764093076208,0.013289306795132641,0.98476575283170142,-10.118636559613007,5.1508274834666175,-3.7527398871260047,,0.08103867830921521,0.2555555555555555,0,5
0.23869351537630684,-0.90774589863205846,-0.34499679597639532,0.9710850834966217,0.22151853053689802,0.089012927370880804,-0.004377936461521223,-0.35626805097489611,0.93437353854167382,7.7790423512078339,-13.747772526298602,1.0204566298823896,0.6229882290613334,0.5474402877282374,0.3125,1,5
-0.78156274733174635,-0.56353539538397013,-0.26755846114949394,0.61066718896726657,-0.77876355109241457,-0.14357198824543987,-0.12745688016764511,-0.27559969092755632,0.95278515629630056,-23.683003755332255,-3.5342143493105311,-6.8922644008654759,,0.2399193838042634,0.1612903225806452,0,2
-0.016578212570370125,-0.93698827533322959,-0.34896724023327969,0.99696783121737664,-0.042029436760836501,0.06548793754033673,-0.076028326206038652,-0.34682343971194729,0.9348439416719142,-4.9206328743146335,13.232368875910963,-2.5766752462492688,0.644002023787442,0.667590351592963,0.6949152542372882,1,5
0.72856704261614258,-0.59849124578408375,-0.33316406338827204,0.67299900023892556,0.71600327062065028,0.18550380626267363,0.12752415493143154,-0.3593710410986789,0.92444039544400969,9.0175575981104057,-10.841321992619378,1.1706455012131409,,0.1778853098948015,0.25,0,5
0.94299692764071541,0.22295305948810959,-0.24708040740832349,-0.16813671497876478,0.95987363759435673,0.22443851034866336,0.28720522198651138,-0.17010153766579811,0.9426444861915918,-2.9026987235251354,8.5693599050648661,-1.887845661223077,0.4607046556360277,0.3061366444587443,0.8683127572016461,1,2
-0.094809657769050412,0.97642520337284755,-0.19391996032386458,-0.99492862576110042,-0.086368013011412684,0.051551876489497585,0.03358806982908541,0.19782413539999141,0.97966190750605486,-10.514073061570523,7.8739261812194128,-3.841811647141979,0.2577948867706391,0.1309089505999203,0.1132075471698113,1,5
0.90251297302704248,0.39603644976729296,-0.16919061431889787,-0.3624487590477658,0.91067139799859431,0.19826371814333357,0.23259671232118098,-0.11761264950252195,0.96543567061424307,-16.624263404952721,7.983793006005226,-5.3483917212046483,,0.1554201350469673,0.4210526315789473,0,4
-0.97052074380300069,-0.072925483604335858,-0.22972017693085689,0.089621225733958851,-0.99397568249412505,-0.063090240990832935,-0.22373538331254905,-0.081818191445498928,0.97120968992415557,-2.5973269709819684,-17.018704613570915,-1.6854351260095157,,0.1778715344039973,0.1176470588235294,0,3
0.037685912748104275,-0.94364709049682249,-0.32880076121752655,0.99797931040021537,0.018696339967828837,0.060726788857294822,-0.051157286806997285,-0.33042490140528152,0.94244486127192462,-12.997319274444655,-8.6572715493722185,-4.1993919054858999,,0.0816573368710673,0.2592592592592592,0,1
0.12078222871454265,-0.85927443848293994,-0.49705039241165117,0.99220112120685,0.088964788738547476,0.087305220007599035,-0.030799160745344504,-0.5037188756980765,0.86331842674811954,-11.782528033612399,-10.068783594826172,-3.9811739795457655,,0.3839187719453995,0.6111111111111112,0,1
0.38053307934280983,0.92459768338541448,-0.017711561314673292,-0.91266072796020359,0.37857137760965381,0.15405877999607601,0.14914748125606886,-0.04245981550894172,0.98790292686170178,19.156286201853678,5.1382581257928051,3.7894375034019632,,0.3150435573961064,0.1428571428571428,0,3
-0.95858793014715726,0.1764043744065294,-0.22358594961765885,-0.18218073759105999,-0.98325073953116282,0.0053067939661393089,-0.21890490864063922,0.045820081860061576,0.97466977026650981,-8.7183396969209674,6.2155832853478703,-3.4404931896564852,,0.0681615746159133,0.37,0,4
0.90835258564217081,0.35911121985657707,-0.21432384825377043,-0.34037253396016104,0.9325967314041409,0.12004113753148374,0.24298583967532561,-0.036089726341921771,0.96935824820849548,-12.303316132295897,9.6698490185585708,-4.346913661306937,,0.1037414264695597,0.48,0,5
0.28716567212680993,0.95788087655809817,0.00032105489803955562,-0.95361579254911555,0.28585540469824777,0.094358930715241596,0.090292839986790982,-0.027402808781055211,0.99553819068784566,-6.4282926829912341,10.698914747253832,-2.91146648867019,0.9443837891072955,0.561195549462061,0.2340425531914894,1,3
-0.96759928132574791,-0.096796005789547293,-0.23319983713777889,0.095768368839277807,-0.99527898534345527,0.015753122343413306,-0.23362373661030406,-0.0070904581581470501,0.97230122652156903,1.2403721715825673,1.9654075289373654,-0.88742784325648227,0.2406477313547044,0.2082999805688759,0.8914473684210527,1,4
-0.81877032417767459,-0.49388207036142806,-0.29273820526452565,0.54219494738316154,-0.83283552469778166,-0.11139850911722922,-0.18878505046257454,-0.24993096922326405,0.94968137569658762,2.948840095970013,14.009420951742426,-0.63600196804905018,,0.5442838016125898,0.1,0,3
0.44841223821692822,-0.82162737359291171,-0.35193028227207052,0.89117568734161301,0.4412720376976893,0.10528477115581748,0.068792142781634522,-0.36084269108427752,0.93008612148691272,1.1218292858453349,-13.929535457315513,-0.77788881099545493,,0.2016684966188891,0.25,0,5
-0.75100510794721753,0.63325690531641687,-0.18702144183559044,-0.64309948434936515,-0.76571364651163731,-0.010279337305094869,-0.14971433153432204,0.1125535579843044,0.98230204902479201,-3.4950187860277997,12.512984459756611,-2.2617616542343435,,0.1748350307081917,0.2142857142857143,0,3
0.86120194685877194,0.49358302647768931,-0.12127243173856399,-0.46841055127281572,0.86336884892934351,0.18757874654319445,0.19728852521866788,-0.10473789510747158,0.97473443108648739,-3.4715515479139674,-23.713908641673495,-1.3544776253646655,,0.3347043132103702,0.2142857142857143,0,4
-0.97140183625859822,0.0052400262541428249,-0.23738368654623046,0.007379574714726278,-0.9986072181242277,-0.052241418311721056,-0.23732680925351202,-0.052499200327684535,0.97001021622171602,16.29900388548452,-7.4400527921297686,3.0656692970151873,,0.1017708718268018,0.1666666666666667,0,6
-0.78299932113599535,-0.54502916638852239,-0.29975868775800968,0.58039653781879652,-0.81349603712359764,-0.036933135152020596,-0.22372286872049024,-0.20289752430731053,0.95329988599676196,23.21087095626552,-2.3498668264876552,4.8283194992408633,0.2409019859672974,0.1575690267635861,0.1428571428571428,1,5
-0.97229386998052802,-0.02207043155524141,-0.23271769689745403,0.072739573442323457,-0.97467403693950272,-0.21146979966766671,-0.22215666736273915,-0.22253857590768319,0.94927498512246866,-19.630360974839771,20.407612704914307,-6.4130231557614668,,0.4503885088555932,0.3142857142857143,0,5
-0.77782778967783694,-0.53472644989090556,-0.33022954651568986,0.58739387532076126,-0.80539540125345011,-0.079414626331995308,-0.22350025691382844,-0.25574571634117599,0.94055396641159816,9.2954325144521324,2.0890280295898829,1.224409831042963,0.2726596231279998,0.3302744092397862,0.7802197802197802,1,4
0.77976532254978015,0.5952677925033939,-0.19396467966352429,-0.58503759859654836,0.80312225167764528,0.11280805418325618,0.22292835166757302,0.025512821646477186,0.97450092147437906,-7.6921497167231081,-9.4194465674110077,-3.0598602922372251,,0.07148270400612641,0.3018867924528302,0,5
-0.84229659587156047,0.51135695247960045,-0.17044210669302709,-0.50906873122009544,-0.85861370083894195,-0.060262257057117297,-0.17715945212475559,0.036008053021952736,0.98352323238468775,-18.213195197301324,1.7134189230796781,-5.6821248700639586,,0.2564451726639772,0.1666666666666667,0,5
0.32459193808897274,-0.89748700849945096,-0.29859193442280663,0.9455483471362619,0.31592085203761483,0.078309248979371082,0.024049884730078193,-0.30775166095820961,0.95116271910853167,-9.5179669271295229,-12.784498233346797,-3.5933205444017591,,0.1111602131207825,0.3043478260869565,0,5
0.87999278358676503,-0.38594941908124886,-0.27686774233569306,0.4295313110680396,0.89544281158805494,0.1169830072593883,0.20276970594097174,-0.22186756654843828,0.9537605722960486,9.3515263440054532,7.3283278734883783,1.190362700429372,0.1487864123127617,0.2283091632088115,0.3333333333333333,1,5
0.55632348570242918,0.82798992236813218,-0.070262847314316729,-0.81129487397944233,0.55949794866664926,0.16959561578205293,0.1797353796851956,-0.037346136274416117,0.9830058287694905,10.879553238607798,9.3305857473485609,1.5909483974958674,,0.2974642020311771,0.2,0,3
-0.95090342009144524,0.21489097845498495,-0.22272079614856596,-0.22424187463426237,-0.97438045207470669,0.017271834737546964,-0.21330322857121414,0.066367175571577508,0.97472926019882422,13.573346009333457,-2.7873199366939412,2.3574069261852038,,0.0754845999012234,0.4,0,5
0.6155712774185863,0.78617877785991119,-0.0547259687894735,-0.76242680252815898,0.6116689153927618,0.21110781304568135,0.19944265643020781,-0.088227360750159994,0.9759295874247913,-0.65656129805643959,-9.2210196072657489,-1.4425481978767327,,0.2636749622611919,0.1111111111111111,0,4
0.086934158304165329,-0.90301624683580373,-0.42071856397183721,0.99544466724531633,0.062145800912540967,0.072303622881565707,-0.039145454050338847,-0.4250877055144236,0.90430530024305134,-1.067215507817755,11.716459138338367,-1.5504314269869419,,0.7959821224939242,0.2916666666666667,0,1
0.98271726978571128,0.092280936672724037,-0.16047116997056377,-0.06117391552912757,0.98007405047371332,0.18897779670343098,0.17471267762744652,-0.17589509462987543,0.96878088129431739,-8.3076270508175174,2.6748015202812621,-3.2470350660832192,,0.365848691127754,0.9018867924528302,0,4
0.049912009045915799,0.97989990608170696,-0.19314493370022293,-0.9961415883736654,0.06281879552364833,0.061284050464617129,0.072185367391127797,0.18934089096130599,0.97925446118186643,1.3845007832986271,5.4110706414998173,-0.91341279218197191,,0.07343913519318128,0.2947368421052631,0,5
0.90696140179159379,-0.33975824742454136,-0.24896857023976232,0.37345819585120876,0.92199458944680313,0.10224946446011621,0.1948075758583003,-0.18571567068458333,0.96309900739767562,12.395915961133589,3.2373488600479337,2.1323271957021754,,0.1815849983328121,0.2592592592592592,0,5
0.76954182275987693,0.60216888399227475,-0.21259825534304091,-0.59908326349200536,0.79603285240536226,0.086202907695454939,0.22114390434098563,0.061027313908453812,0.97332987241219737,-13.45160806530204,11.348566271481245,-4.6492087895273153,,0.06776837757110839,0.3333333333333333,0,4
-0.85882867535275209,0.50688591439228825,-0.074026861223023335,-0.48094996102336512,-0.84761682131124849,-0.2241268819705485,-0.17635317230904179,-0.15688337713381342,0.97174439262371293,7.7060973767186107,-2.1830034474865707,0.72019674995938787,,0.137866060384985,0.2571428571428571,1,5
0.61136066014847668,-0.70572567196623193,-0.3580354998469148,0.78590722600738017,0.59444093531915387,0.17026393195939965,0.092671329612800613,-0.3854753563390283,0.91805270781317116,-8.5485184076124696,5.1139654350517967,-3.3828424796805243,0.4395809835938009,0.4738466326174346,0.8833333333333333,1,5
-0.67487314737205417,-0.66272814578566441,-0.3245576061959316,0.69591363918929705,-0.71787906722147565,0.018810944567801521,-0.24545965400946645,-0.213169063488864,0.94567886125514822,-18.108602283820399,6.1687729201562504,-5.7689564919009699,,0.1880868736218185,0.4,0,4
-0.67882695617393607,-0.65829340347766652,-0.32533637747632715,0.72003294508438753,-0.68364917026276384,-0.1190645622850789,-0.14403652857776122,-0.31507714442152801,0.93807242337595831,9.9945194972603861,8.3726825178580508,1.3807652280528846,0.9954122269813924,0.4736452075432892,0.6,1,2
0.87206773776804558,0.43287428634065789,-0.22829304187642316,-0.42710955733264483,0.900935901780198,0.076758888205952877,0.23890434650553402,0.030567190066606457,0.9705618785591138,-24.050309110792941,-0.60218652174196596,-7.0777416596309433,,0.07947226445236774,0.3333333333333333,0,2
-0.78434644436401579,0.5914120694617041,-0.18716949353072929,-0.6009914480129136,-0.79922590473114175,-0.0068725993647361467,-0.15365524601804662,0.10709676606560756,0.98230359261758848,14.857915434550812,-4.3673707346572437,2.6272424571318758,0.2464972651670647,0.2894556550327382,0.3939393939393939,1,6
0.94351811577072719,0.25678328114332499,-0.2093702742457158,-0.20895847870952211,0.95158941061225299,0.22541949291493987,0.25711849289356908,-0.16893768121971647,0.9514988914739978,-20.871587585822752,3.1076205687608147,-6.3000271189883126,,0.1970023578532676,0.2857142857142857,0,3
-0.58132491846238099,0.79625001939110696,-0.1674731196173552,-0.8096370833021429,-0.58652849927671324,0.021728158647385105,-0.080926710774043384,0.14822356815253515,0.98563717529698824,-6.6727777391700274,14.568683969062882,-3.0435875559623051,,0.5978994194390039,0.3333333333333333,0,3
-0.42590264011909879,0.88522209513911465,-0.18705288935779221,-0.90351671347627716,-0.4269981769690907,0.036470609181919036,-0.04758665368156012,0.18453834057612525,0.981672608993855,-9.9928079902076341,12.101704979692418,-3.8254289194963884,,0.7341404781899499,0.882903981264637,1,5
-0.71786517241815828,0.6808263911387088,-0.14541327091462197,-0.68542929254770257,-0.72775695688939479,-0.023590180513143839,-0.12188633699723292,0.082735946408613384,0.98908972496193048,12.880869957953312,1.4676266628457657,2.159928563021082,0.3502246884317182,0.1335742787514201,0.2,1,4
0.85041422463378846,0.48462400901575398,-0.20478089858678566,-0.47088372151283564,0.87472197535274154,0.11458615382855095,0.23465755337243083,-0.0010177035405869205,0.97207756733954553,-6.4690708918703077,-13.399387169705342,-2.9046476122995397,,0.1224376611200699,0.53125,0,5
-0.52127625210880246,-0.78603292735174823,-0.33230002423448657,0.82918213280763853,-0.55859894043650449,0.020596465128488405,-0.20181194122245308,-0.26480079467791356,0.9429488212612438,11.030710656924013,6.6928204830105154,1.6071810093716594,0.6824513276950659,0.2693706607081999,0.4477611940298508,1,7
-0.50621073510863457,0.85461443054388964,-0.11569298495120746,-0.85836443813748375,-0.51226039748186536,-0.02828032023588321,-0.083433704230957181,0.084990942328377603,0.99288234787432739,15.296027997596756,-0.60464802428180009,2.7942161018249636,,0.2192761168494523,0.2777777777777778,0,6
0.019062396216807481,0.99090861651551265,-0.13317934812044252,-0.99704274791783665,0.028758511009811326,0.071265046614363795,0.074447188495753991,0.13142702066094,0.98852645607756306,1.1499838127841449,-3.1622414681178421,-0.88757162618829832,0.4652543197982161,0.3887487993841751,0.8264781491002571,1,5
-0.90876523681870081,0.39350857478317364,-0.13891272771768129,-0.3680884753726385,-0.91270110221464162,-0.177447379000156,-0.19661286490893118,-0.11012583524447866,0.97427700463677613,19.045040360535079,-14.230931125514585,4.0266650933714958,,0.4024834019117451,0.2,0,1
0.90327395825039902,0.39817213513154265,-0.15985964829013474,-0.37268937926142548,0.91271368157942556,0.16750033445776902,0.21260005393317841,-0.091720697023734477,0.9728250257909129,0.1174072214250676,-6.3972025182702001,-1.252213686689879,0.8090444800842179,0.8168350877551257,0.3423423423423423,1,4
0.88478482223123045,-0.37458170156081438,-0.27720816583400876,0.42941567249665741,0.88641938567849832,0.17280871768402542,0.18099170854902069,-0.27193606150924315,0.94514167186054576,10.369040550355685,4.540779107673246,1.5662108923690361,,0.1343446706280656,0.25,0,7
0.91069432974329534,-0.3022965759460039,-0.28151841493005936,0.36951351881362721,0.90080341610379311,0.22806351078089704,0.18464993145783282,-0.31172100620115267,0.93205923476223296,6.8188235325706392,-7.8328733923167073,0.52931805542407906,,0.3048061475811235,0.4642857142857143,0,4
-0.79026392945934254,0.57532786093005761,-0.21090465673646069,-0.59296788679125378,-0.80479094573085308,0.026469206711850463,-0.15450568607593262,0.14597734792523245,0.9771482010743926,-8.1770796508786034,-21.223810989032096,-2.6092592984595138,,0.1708901442310857,0.631578947368421,0,1
0.83677625438023073,-0.38875678810221814,-0.385582234821363,0.52045906329444103,0.78346521061692964,0.33956535039317698,0.17008193184481005,-0.4848199907774175,0.85791707816228968,-6.2756821375152914,-12.032167189375087,-2.8251989316276465,,0.1466723874171928,0.1111111111111111,0,1
0.54904662579262264,0.83471256248764869,0.042458694410420508,-0.81585780255181173,0.52423092627571399,0.24404504082532458,0.18144930069047749,-0.16863236332747192,0.96883397820138761,15.367103672997372,-2.5537594830463681,2.863678296726377,,0.4361918322768494,0.1304347826086956,0,1
-0.85929911689347083,-0.40354878362466867,-0.31425054803635866,0.45462353256115795,-0.88414097460901253,-0.10775982859600004,-0.23435543805876391,-0.23546361980670386,0.94320433226306222,8.0476620665051364,7.1769152191920993,0.8495438062857732,,0.3894265407373139,0.5151515151515151,0,1
0.90628527097087086,-0.30413907629466491,-0.29350712068344093,0.37314795629103348,0.90188144785649837,0.21764755162439114,0.19851350164933595,-0.30677235253994961,0.93085074710182458,6.5413582807237161,-15.973025609999508,0.73696362031386375,,0.2656387713910049,0.3333333333333333,0,4
-0.97089004648770438,-0.10858227634489866,-0.2135003674349624,0.11484086014115839,-0.99323678652732439,-0.017095693344041173,-0.21020012957451475,-0.041116604342220128,0.97679339185634495,14.66208538294997,-7.5340109126799328,2.5796799122192291,0.2851023332365472,0.1561029220143428,0.3076923076923077,1,4
0.73797112783345875,0.65937153492747813,-0.14362379124502506,-0.63923448961617579,0.75123838089393946,0.16437810790065549,0.21628194970769168,-0.029497016785322877,0.97588526181688284,18.829429173176312,-7.5083528150832466,3.6474889231554997,,0.6995698453439951,0.3636363636363636,0,1
0.74831600203478965,0.65739762377391175,-0.088608833391957284,-0.62900271431297805,0.74564006031937025,0.21994655222083465,0.21066263666244925,-0.10885432790358351,0.97147927863186279,10.108936421201886,11.725365486290986,1.239772125408914,,0.616659325049932,0.125,0,4
-0.24121128579520373,-0.93009230946260013,-0.27702962203264864,0.96195918223386867,-0.26687481879283986,0.058415432979958125,-0.128263975148799,-0.25240072696570509,0.95908405560003585,21.818763002465754,8.7934295015426009,4.2957147662210255,,0.2083748416865657,0.3333333333333333,0,4
-0.87292841904875584,0.4775572578378956,-0.099674674332992902,-0.47177095742646452,-0.87837331668048024,-0.076762492616174516,-0.12421005976149986,-0.019984544780431851,0.9920546754206454,17.43464528920142,-5.0538833626952533,3.2953788848362993,,0.461708838567121,0.2105263157894737,0,4
0.064996045796260823,0.99623714108952088,-0.057332998740941617,-0.99484354832561617,0.069173627986176489,0.074170907680351825,0.077857744545726304,0.052216548191244133,0.9955961047077494,-13.91021098306563,7.044763801453084,-4.7230538579238868,,0.2335640091999432,0.28,0,4
-0.58001812356051685,-0.76714399631774988,-0.27398734506354305,0.78990858329503422,-0.61185571723696774,0.040951328687449128,-0.19905628947151816,-0.19267244275730683,0.96086103231620512,-12.670283528258491,14.131912175790845,-4.4457699038578449,,0.08087076808889615,0.32,0,2
-0.39819677560306915,0.90400766850941772,-0.1555939046861593,-0.91631310860006854,-0.39987056575102969,0.021767352931167328,-0.042539568721340119,0.15124042423280232,0.98758124687079996,-16.273226264466302,5.0640734004283114,-5.2687176459264764,0.6116388166887741,0.2838576042116941,0.3243243243243243,1,5
-0.062579686733927206,0.99301947837914051,-0.099980489936306705,-0.99794049917844829,-0.060844366747469895,0.020315588462294271,0.014090525460516382,0.10104592319692952,0.99478197535818236,-6.6450775204923644,21.970482413613212,-3.3541377140251303,,0.3148919424492383,0.3125,0,2
-0.023649561036284333,0.99964456072641694,-0.012306521558926196,-0.9983935455517704,-0.022982391051738753,0.051789360896907395,0.051488119633136986,0.013511547344187198,0.99858220073512716,18.017359644450451,-0.024692405965788217,3.4298559740504873,,0.344458266279052,0.8387096774193549,0,4
0.8682028586397007,0.45818444920598811,-0.19050146129533513,-0.43553019208085264,0.88760401069164541,0.14990854542060475,0.23777562540316932,-0.047181889639048,0.97017350059369334,-7.4948618212414573,-17.511793021661639,-2.8787142164952004,,0.1186164554355009,0.2916666666666667,0,4
