axis_00,axis_01,axis_02,axis_10,axis_11,axis_12,axis_20,axis_21,axis_22,location_x,location_y,location_z,dbh,dbh_approximation,score,reconstructed,number_clusters
-0.92450633675077909,-0.22235107895063111,-0.30959333164192143,0.18520404288980724,-0.97194392378649785,0.14499817761536485,-0.3331478587728352,0.076713797350911078,0.93974863526960151,-9.4354122910083227,17.876118664994642,-7.5349721188794438,,0.07193214103393224,0.2333333333333333,0,2
-0.80422840206858426,-0.49630810569634404,-0.32694791867561668,0.47774646712890412,-0.86709419422169898,0.1410885236044146,-0.35351801998209625,-0.042730815193830027,0.93445122236573097,4.066731627124974,14.503555999775907,-2.9821746157757509,,0.08048223188732967,0.4102564102564102,0,4
0.025826997139697525,-0.90223911231496989,-0.43046201972745596,0.9817361372260065,-0.058298583548380044,0.18109509110081462,-0.18848640026088315,-0.42727726286961176,0.8842550636277674,2.676469287241841,10.570512641893544,-2.5896758638293353,,0.6485601902715366,0.7916666666666666,0,3
0.50485609178627378,-0.79528164534231149,-0.3356299020765503,0.86303507216933895,0.45735918435477074,0.21445988131117272,-0.017052589010263703,-0.39793175428453065,0.91725652253886025,-6.9590290637235226,20.628946597866463,-7.3626520523487988,,0.2210274918209405,0.3888888888888889,0,1
-0.28464155703006777,-0.83824853565551838,-0.46510060899000988,0.92259467859418853,-0.37131937046765923,0.10459915939044605,-0.26038095752413487,-0.39932607927216646,0.87905656210049132,6.8288505405255036,15.743721266499803,-2.4733143059430285,,0.5028423045348884,0.3666666666666666,0,4
-0.95102784963248244,0.1201041230526034,-0.28481753606332072,-0.14372154652797514,-0.98758227056134484,0.063445850427791758,-0.27366064073414537,0.10127318746175464,0.95647979341662703,-9.1313418347651272,11.383626934887499,-6.1985428480076799,,0.1085518828141767,0.2912621359223301,0,5
-0.74589039470519147,-0.5258346504150232,-0.40883424454104111,0.5639879084738455,-0.82514978128715,0.032333845070853087,-0.35435174358514271,-0.20646006602895137,0.91203568074581964,6.24347161536343,17.661999140276567,-2.9974508079601696,,0.1744452338866686,0.2857142857142857,0,1
0.95253421837513663,0.14477970285066172,-0.26780104642615132,-0.039231379606084228,0.93071795257990642,0.36362754516080192,0.30189312956520031,-0.33586147499816327,0.89222060497019906,-10.760520557996749,-23.046237921089894,-0.52559893303388827,0.7065147584649433,0.4844332070518861,0.509090909090909,1,5
0.63911738925055472,0.74488746885556634,-0.1914983589995056,-0.68735935781971735,0.66490382448943552,0.29230124426178672,0.34505952526371686,-0.055186619041851986,0.9369569686509136,8.0516090510209466,19.668533502552389,-2.8462676819153327,,0.4355903865233478,0.1904761904761905,0,6
0.95597502628341025,0.07575407313093982,-0.28350144536933997,0.009507834452114141,0.95760121120239794,0.28794013507625449,0.29329396551320958,-0.2779590630070779,0.91472258586183586,5.4900448603535956,16.326272325645522,-2.8835903357225399,,0.232664888641338,0.1,0,3
0.71191920204399539,0.6484668796107842,-0.26955844599806777,-0.60658118018321006,0.76124281732118282,0.22927853132042772,0.35387896463139012,0.00028129123840188203,0.93529118421305302,4.1230620172339911,18.338544917652886,-3.7375521519783801,,0.08728702887644584,0.1666666666666667,0,3
0.94022382585270003,-0.11401215634527985,-0.32090557100868794,0.23640411275452067,0.8967792000426702,0.37403230053509773,0.24513721213161505,-0.42753747739388803,0.87012611307327847,11.98124665032495,14.972539272501672,-0.96594697826355636,,0.5080517322213276,0.3,0,5
-0.16237535900917921,-0.90469356253488586,-0.3939083658601028,0.95483150081267909,-0.2447454272940818,0.16851255405590412,-0.24885949417783276,-0.34875382969449076,0.90357053871348603,-4.8744957697367255,18.563087488633393,-6.3142681252015871,,0.1997226940941158,0.2777777777777778,0,1
0.93416478118772739,-0.15608648128453156,-0.32089433143746704,0.27070878048043512,0.89587915915026972,0.3523028361665595,0.23249283378048674,-0.41597781498587094,0.87915273967627483,-4.7236197032187031,-25.451876990465404,1.5025345866642525,,0.3080509023598376,0.4705882352941176,0,5
-0.50005558083131996,0.84869205829589767,-0.17223880592051433,-0.86576494486850597,-0.48536865646015526,0.12193575178305009,0.019886586340673008,0.21009297349396791,0.97747913848438683,8.6407772111266716,-29.180309295017228,5.2377097585782426,0.5614313039690341,0.3065671018420288,0.3125,1,4
-0.66358506754915081,-0.5950482770200104,-0.45340093310590507,0.66205620372363805,-0.74931502880372391,0.014441977701093966,-0.34833380719768381,-0.29059341978852693,0.89118966732047333,-2.1169471269693512,-22.77762825390435,1.7625629665671165,,0.7358341643012165,0.3478260869565217,0,1
-0.33584962425159176,-0.77166620138150077,-0.54012619223243519,0.89505691233397644,-0.4400723498724266,0.072176523613492943,-0.29339078644912003,-0.45920322355489351,0.83848330090918433,4.2323462424279388,17.024394994634445,-3.457533885355089,,0.1407661896514264,0.2727272727272727,0,3
0.55192040990770519,0.80059416452356291,-0.23330847575287147,-0.76405775489259209,0.59758371959894796,0.24312434114826356,0.33406527553129767,0.04407586415606124,0.94151883140120696,-19.600545534842407,-19.257987632307806,-3.7790392042055809,,0.2334081132812223,0.3333333333333333,0,4
0.30025442048596118,0.93339851492820214,-0.19650571317004203,-0.91116503285034789,0.34160721119510301,0.23039704028118313,0.28218002390223229,0.109871404784555,0.95304916374823223,-3.3810625378162196,16.174388183714711,-5.4587571045982095,1.046404466084041,0.5537442956192271,0.5909090909090909,1,2
-0.92703730772500081,-0.18274534407205195,-0.32742322658291889,0.17248700421202684,-0.98316014802963758,0.06036850755403507,-0.33294153159968237,-0.00051239274845427574,0.94294733362459304,-15.769769725009061,16.327140861467218,-9.1517156088302052,,0.1076372901299453,0.1612903225806452,0,3
0.80960138474846299,0.56947015229641462,-0.1423001878314622,-0.4669506858990789,0.77173221924096602,0.43172495726306309,0.3556721169163401,-0.28307795291917792,0.89070995156635446,-19.931757827847775,-18.088604384222233,-4.1214578586651056,,0.1451204382058546,0.3333333333333333,0,2
0.93843522828806913,0.2092668819940266,-0.27485758932294074,-0.11964540004146575,0.94328268222738698,0.30968170701354825,0.32407452932440983,-0.25773077718892196,0.9102475190478454,-26.123848523243637,-19.656232572776442,-5.5357146256985095,,0.123049151298143,0.4285714285714285,0,1
0.94606464685785796,0.1513595375640967,-0.28644715804856719,-0.077176639722575158,0.96399324203415615,0.25448142484985181,0.31465131534263419,-0.21864885021618963,0.92368134659756473,-3.0106447314516864,-28.149072933357751,2.2878308624360537,0.6434141133284467,0.6427711702626272,0.8681318681318682,1,5
0.2304801417448071,0.95524008591930076,-0.18545965198441869,-0.93924660158993567,0.26820760418364437,0.21419734466100993,0.25435157884914239,0.1248241134995864,0.9590225310314624,-7.0411054729833156,-20.993245755876075,0.17831108447201927,,0.1467291913691907,0.2142857142857143,0,4
0.79786937956096782,0.54373474477611172,-0.26030171048660811,-0.48383548497611084,0.83517106408919339,0.26151963059406769,0.35959376612634569,-0.082715301071703065,0.92943558266922954,-8.5077409969694742,19.666535552610977,-7.6555557987233813,,0.2307740714905155,0.5238095238095238,1,3
0.94329858147448586,0.1348456938937071,-0.30332231211459926,-0.04874578748968722,0.9601369846159058,0.27524683281499451,0.32834682028341911,-0.24485426198251059,0.91226901514781678,-16.366873089263756,-19.349676770307163,-2.8011417435680972,,0.211123167650243,0.1818181818181818,0,4
-0.95596665642914636,-0.055014283108699762,-0.28827275356806481,0.052541242179132211,-0.99848546582161291,0.016315404171218878,-0.28873373489419651,0.00045077381498519529,0.95740933102671166,7.6157795434928666,-28.598803853686146,4.8933491290277047,,0.2216593440386886,0.25,0,5
0.14031574112453774,0.98709503997049164,-0.077167835646239399,-0.97687513009565563,0.15071876273605345,0.15165366714955825,0.1613272233482852,0.054103942785775919,0.98541681048263319,-27.895701099169365,-18.482889572499083,-6.2023530686277804,,0.4976879866037285,0.3823529411764706,0,2
0.32044817516587176,0.94321691871883506,-0.087491778330356318,-0.90228237023679014,0.33205046498372187,0.27500729638315685,0.28844322039656628,-0.0091832971551370577,0.95745296263608581,4.5034199721220531,-8.6007963605598334,1.2798498066080748,,0.1460242845506224,0.1290322580645161,0,1
0.50038126190628562,-0.75205295411131978,-0.4289929450999293,0.86560918727277281,0.42399929485777371,0.26635565109282244,-0.018420848027271532,-0.50461961136339972,0.86314524860269515,-4.6520550120717861,17.197593146874294,-6.0143814456237141,,0.3711022290261453,0.4596774193548387,1,5
0.47303593433957847,-0.7551191102946806,-0.45390762726710299,0.88078170955990498,0.39275692724247563,0.26451006825408274,-0.021461242466657975,-0.52491630320539484,0.85088324093319012,0.94221957234131359,25.261023995317746,-5.940319794463619,,0.1961001291571896,0.1,0,3
0.64479871025625657,0.72493855753146352,-0.24227816875663435,-0.67794340940906883,0.68881228395634431,0.25676910076886533,0.35302600030405029,-0.0013134972571647752,0.93561258960869043,-8.5467848973019755,-22.842760587975295,0.07615483535599854,,0.1659648194279402,0.4166666666666667,0,4
-0.24655039617699459,0.9657524665176449,-0.080839814200994259,-0.96319855709984492,-0.23497273678064654,0.13052337940227152,0.10705812321231556,0.11004538329660739,0.98814400360947341,-5.6019554183792026,-24.432168122204398,1.0876310958853148,,0.5051052639232493,0.609375,0,3
0.023312231168033704,-0.92399802978282497,-0.38168597149413996,0.97970053578104332,-0.054922811935803784,0.19279612267730206,-0.19910650433450217,-0.37843245855307073,0.90396099155061649,3.4279481462357255,18.679430598224858,-3.9707692211797068,,0.2272681140314564,0.52,1,5
0.50740050340997989,0.84815518842352966,-0.15224160236133602,-0.81673778913209438,0.52968405193343615,0.22885407781159836,0.27474372229938054,0.0082207954374932321,0.96148234803321142,7.3744942808373253,9.3293514133578395,-1.0481525790149055,,0.4435968299449484,0.1875,0,2
0.30507736293211424,-0.86336880690961704,-0.40189812873643826,0.94914162180158979,0.24116309298821648,0.20241181868706251,-0.077833054611999117,-0.44320950557926952,0.89303267004849518,5.1133145149051904,-27.999478558043094,4.1991714880315891,,0.2835753532592337,0.3809523809523809,0,5
-0.5662017810621176,0.78026511061520309,-0.26571018098434335,-0.82418791156882698,-0.54038135015608268,0.16941748087876571,-0.011394276892517272,0.31491959856467505,0.94904995489908894,-13.095937740109456,15.612801846705116,-8.1699318996515178,,0.2703525321676716,0.6956521739130435,1,3
0.59960281443117081,-0.61787857326510331,-0.5086280896943266,0.79986842413689796,0.48349603058984353,0.35558696892971398,0.026210093379747397,-0.62004649592086747,0.78412714141348261,5.0320351946948367,-31.917261915825435,4.7905808079342469,,0.4486585109167083,0.1851851851851852,0,1
-0.69246248361673712,0.68572473637195408,-0.22422599026641507,-0.71777378005855219,-0.68616369313767089,0.11823784030558847,-0.072777121705915881,0.24281880517638368,0.9673378512230959,-11.153412345918793,23.260841671595575,-9.1380533756947298,,0.09750140225624833,0.4166666666666667,0,1
0.92921113004120504,0.2159855032845055,-0.299861531675016,-0.12736206652422299,0.94888170208013933,0.28879477050005314,0.34690860441653376,-0.2301603307010959,0.90921979870289704,6.4591852834322276,-27.284853292641941,4.4160953239945444,0.7101482819869146,0.2500737298803345,0.4615384615384616,1,5
-0.8516914226784611,0.49821225831550048,-0.16250004984647387,-0.49128417971134825,-0.86700932514062312,-0.083274755385698437,-0.18237756249408865,0.0089093088042317779,0.98318820625317949,-10.259371820680512,-18.16956358571451,-1.2536575963685743,,0.578714673672226,0.3423423423423423,0,2
0.81585428277993999,-0.38118188261636404,-0.4348357869755835,0.55690266661983312,0.72041206494081456,0.4133592585142275,0.15569588684788657,-0.57940213069400881,0.80003247544452483,-13.795552672919595,-30.249267428269317,-0.15198248177326867,,0.559367163461941,0.5384615384615384,0,5
0.7463795130551143,0.63744230210209518,-0.19127188497631417,-0.56750422007326717,0.7597310465673851,0.31740777728445801,0.34764433360928548,-0.12835906034405312,0.92879888508597419,2.2759557139884237,-29.457753042309282,3.6976223568133042,,0.263978484542145,0.2790697674418605,0,5
-0.72043493638612033,0.65321365114439944,-0.23299233548107942,-0.69028995757003064,-0.70779814480782177,0.15007185173965751,-0.066882560599086954,0.26894927433478427,0.96082933496147027,13.133071031571854,6.037522882170915,0.89103689415843301,0.7084494409742864,0.7599993897243017,0.6886792452830188,1,4
0.83387795447241453,-0.40316839788487313,-0.37696525037707168,0.53083227140919409,0.77290419950978284,0.3476150140754854,0.15121063678015409,-0.48997381698116121,0.85852256929998894,-22.531622608084724,-19.715677131484195,-4.5035712035233919,,0.4094670313146781,0.5352112676056338,0,4
-0.51930596660301054,0.83548615083040023,-0.17967805881941978,-0.85446233892791623,-0.5040122568999853,0.12595934363285308,0.014677343231952144,0.21893957309080855,0.97562802282963723,-10.131917138704591,-25.072031492780113,-0.023531041985240295,,0.5040891659176238,0.6086956521739131,0,5
-0.95383900005346645,0.069077169145367004,-0.29226615726057786,-0.10590065219622678,-0.98803845815874136,0.11209396533136956,-0.28102706958835166,0.1378707724724817,0.94974493220886647,-10.305895376192769,12.105636007358509,-6.7320518600358374,,0.08879876758472804,0.2083333333333333,0,5
0.7611647795545976,0.61701475720049725,-0.19980232171426707,-0.54249424400680157,0.77454976784294605,0.32522707813760954,0.35542674855037154,-0.13915978776661456,0.92428695754276513,-16.868856220459314,-17.803017977910532,-3.2294397615543819,,0.1518275208024993,0.3103448275862069,0,5
-0.28280954361356703,0.95851006177357212,-0.035738264086395057,-0.95249922835618528,-0.27625725040315402,0.12816845002012428,0.11297779437552306,0.070287929820930337,0.99110828111742189,11.272822270731549,-28.068589855319551,5.8242320254022912,,0.5643728688722758,0.6,0,3
-0.71982346209290859,-0.52316626701632707,-0.45623594825131958,0.59770344728780278,-0.80135470547392906,-0.024108610807559411,-0.35299401201841424,-0.29004774274418105,0.8895321997590363,4.9258757987192068,15.131947823551581,-2.8524275013768579,,0.2606631389061065,0.4117647058823529,0,1
0.37399959107396702,-0.86396162193636084,-0.3371863308285179,0.92413088022198842,0.31653263353841704,0.21398413054562659,-0.078143599204534842,-0.39163427802776346,0.91679668966299965,-18.196247304912237,14.832403369212132,-9.5752802420885246,,0.4386271454918347,0.3043478260869565,0,2
-0.41050466857209705,0.87962561332433198,-0.24030126396734988,-0.91008381200127819,-0.37878976635952599,0.1681242636698167,0.056862748911172961,0.28771008547683702,0.95602799880608968,-17.272903401947826,18.905014098601022,-10.128649789238732,,0.394709987656527,0.5398230088495575,1,1
-0.30330540151727398,0.92812475357758861,-0.21584780565710138,-0.94775379900125567,-0.27033319830139574,0.16935967163060436,0.098836075848513671,0.25593828102235655,0.9616272804045175,-13.563798208223727,24.819515464427127,-10.231324284941115,,0.09117386760457694,0.25,0,1
0.70223339389968176,0.69578194780793667,-0.15085006329706263,-0.61897094125305063,0.70135537916691582,0.35351889058145741,0.35177156561673167,-0.15488096467360205,0.9231839753837412,-2.1753319517040728,41.499898868262505,-10.021191728346789,,0.484481708129634,0.6956521739130435,0,1
0.61336777240626461,0.78347534396363616,-0.099731445263971291,-0.70660002829859991,0.60077586638877423,0.37387799931693944,0.35284043954994193,-0.15885447354695972,0.92210025509828575,-0.095715716678256638,17.414015461842009,-4.7240554646265931,,0.202756671984752,0.1818181818181818,0,2
0.90186198889738134,-0.20946260523058802,-0.37784966586206714,0.35974782435469738,0.84839178671846527,0.38834633911074018,0.2392205172097969,-0.48616539699845673,0.8404860206494883,0.50141556801329312,8.2478430571454684,-2.6818940340415756,,0.6944641936978306,0.3060344827586207,0,3
-0.89456875517563117,-0.23883909506897527,-0.37776001499649775,0.27172421463478813,-0.96172326255921625,-0.035416344158650089,-0.35484178649734693,-0.13432889830222464,0.92522594734274599,10.44780009025979,8.9485082368825353,-0.32569026407908985,,0.2387973543596343,0.2142857142857143,0,5
-0.3060352331840373,-0.80668312660987529,-0.50557370312636629,0.89689479429523267,-0.4223847164213051,0.13103770182586938,-0.3192525082377643,-0.4133442688324212,0.85277450208556727,-12.87038551701897,12.143118992511145,-7.4016673045915722,,0.3251970705680682,0.1605839416058394,0,4
-0.85663825398673854,0.47201149179601032,-0.2082691849963835,-0.48605619871246303,-0.87371979627031315,0.019054902218433169,-0.17297477706227452,0.11755368653457139,0.97788591220161747,8.5475070983366344,-7.3529456518025382,2.0705032902056151,,0.2704801566654043,0.2,0,1
-0.4470802392152386,-0.79346687569908958,-0.41295226948349656,0.83562805229056014,-0.5351947756863128,0.12366208110476813,-0.31913166237202162,-0.28978762783528667,0.90231818823808896,-5.1009583486660786,11.768874648878786,-5.0739104929293175,0.6041388076545998,0.4448584906442745,0.3333333333333333,1,3
0.22063658555691792,0.95721174231050754,-0.18725698250444037,-0.93688276817372884,0.26138125063676526,0.23222945660422317,0.27123822704942824,0.12419952575772525,0.95446545353335877,-7.7046768995962713,-22.0007487539593,0.11876560723325326,,0.1255174728808325,0.3043478260869565,0,3
0.94582569654120596,-0.066391170702781457,-0.317814354954362,0.1924398949471571,0.90302863940293909,0.38406531117871717,0.26149691890167692,-0.42441900154304091,0.86688400177540414,-4.6386978004568142,15.362187829344274,-5.7073172174148343,,0.4404531232263798,0.2692307692307692,0,5
-0.77008532841745614,0.57193672885289193,-0.28258974706317896,-0.62759478716261252,-0.75866688413183125,0.17478370075042302,-0.11442626482802457,0.31195021575686022,0.94318274624102139,2.5416468657920057,12.65698000006525,-3.016547226399338,,0.07954840115519522,0.4772727272727273,0,3
-0.93655129695792516,0.20278385929472123,-0.28592022414646806,-0.2481585546717342,-0.95965018248758616,0.13224544980746439,-0.24756615259292555,0.19480819710957079,0.94908417246799304,-14.69132829492195,22.429399575481835,-10.027427294434881,,0.4090724476972714,0.6666666666666666,0,1
-0.75465864420340656,-0.45377461176220829,-0.47389759700713158,0.55199361037854511,-0.82953407137236512,-0.084712918339810234,-0.35467363142801506,-0.32551778162251843,0.87649574386714491,-17.024610059391364,22.586140664274065,-10.733351358182043,,0.74936086996545,0.475,0,1
0.89475992212652877,0.35908388452744755,-0.2654495161585475,-0.25679191241473526,0.90008467706212536,0.35200211339756599,0.36532532826853253,-0.24679209466806012,0.89756953298050435,-17.360577232263502,-27.614814084205559,-1.5792097153320739,,0.3951291736049239,0.1428571428571428,0,3
-0.68207261541568376,-0.63744867363961688,-0.35837987635343266,0.64294523293996408,-0.75622454040699671,0.12143258181394986,-0.34842269550042748,-0.14759279440853351,0.92564463607741854,1.0293166170804273,11.679375143988445,-3.2694737051434131,,0.1446232797510922,0.4027777777777778,1,5
0.51915582648268332,-0.79330311860648861,-0.31803677434897698,0.85461312880843798,0.47719556880389769,0.20474566950775205,-0.010659638705656248,-0.37809331007456948,0.92570612020204401,-11.996863272850089,14.59713037125989,-7.7226063608816435,,0.114534954491882,0.4305555555555556,0,3
0.21495472216659706,0.97640733577134897,-0.020571389602498762,-0.94062849992814301,0.21265213342039052,0.26456964163465291,0.26270228880086532,-0.037520458468057252,0.96414714782295252,-26.448336186413389,-32.611591994526442,-3.3413664260809872,,0.3724900079135298,0.4666666666666667,0,1
-0.83388229161810012,-0.40263083771099778,-0.37752977664004844,0.43481319503503701,-0.90052067449950102,-1.4912603313000395e-05,-0.33996736482957807,-0.16416736375754815,0.92599744466587419,-9.8998647172797103,13.15069909648612,-6.7928697896061054,,0.610967890015588,0.5,0,3
-0.39971978098938682,-0.73512225237759288,-0.54755764148178054,0.86732283830547741,-0.49661228778575006,0.033575731919546249,-0.29660612070475972,-0.46148836353639161,0.83609407334400832,0.53965756356884187,-23.509411008126573,2.5157041890305099,,0.3287559377609598,0.2592592592592592,0,4
0.68278900915946383,-0.58645427085348056,-0.43574138794559236,0.72761988653735976,0.59977035480443619,0.33293366037864325,0.066094399811167784,-0.54437754334237054,0.83623239629790014,-9.2544312855490638,-22.166037115899453,-0.28848658168300817,0.968138283960617,0.6297279216213321,0.2857142857142857,1,4
-0.92999334977899106,-0.19529607047112346,-0.31140297722627708,0.16772117118174065,-0.9793048148350012,0.11327704259208884,-0.32708099624447223,0.053118024243402069,0.94350225086970596,-3.5338577147151993,10.590928809058401,-4.3226151919034654,0.2077596817463093,0.1973379568394049,0.3836477987421384,1,5
0.94024432967053928,0.20819249677191179,-0.26943734858084373,-0.097298808344347787,0.9225809548029299,0.37333272523271233,0.32630283850614505,-0.32480804504013067,0.88770839325762885,-16.394103177719636,-20.398207178072653,-2.6038264091446499,,0.4671829220815081,0.2,0,3
-0.55816799235358339,-0.68589411211997364,-0.46690230163399504,0.75773851788167434,-0.65064296055818149,0.049960748538902928,-0.33805447908651171,-0.32590336732724429,0.88289646297530833,-7.1606641271305271,16.025260952981402,-6.5474153123971428,,0.1440793889036366,0.3076923076923077,0,2
-0.86214542533395566,-0.3943074794919546,-0.31816171547254718,0.36582160072755926,-0.91891491760955879,0.14754636774839339,-0.35054218293503353,0.010815997934525465,0.93648448581480614,-7.7143970590195394,17.781328414172116,-7.0421021122437679,,0.06628579452021861,0.1818181818181818,0,1
-0.47403678980282815,-0.76154463113440585,-0.44197160169380867,0.82010973023763145,-0.56456873664195462,0.09317817328144723,-0.32048268640129202,-0.31829532889577422,0.89217651354434468,-20.156842226671575,14.971090086172817,-10.229544574101984,,0.245253179730908,0.2903225806451613,0,1
0.96672078359817293,-0.046234913996547673,-0.25162126159580916,0.14169192426636207,0.91567186487476571,0.37612289809909882,0.21301250000183161,-0.39925852352141633,0.89175013666299441,-18.165893935130164,-17.050353321927567,-3.7543894756301706,,0.4854764800126482,0.7323943661971831,0,4
-0.8717367002945916,-0.29589304380227449,-0.39054120395794739,0.34384299059664902,-0.93727256782679969,-0.057377098366077982,-0.3490660727957538,-0.18430257792223945,0.91879564463169239,-19.029549561115203,15.857751939595884,-10.087160093701968,,0.2537575676633103,0.1219512195121951,0,1
-0.81518482514696089,-0.47936521060292175,-0.32508875051858716,0.46085632484806327,-0.87679567299921235,0.13726177784582258,-0.35083493084021156,-0.037925488440837096,0.93566901660195489,2.0874278028285267,14.571285636020193,-3.4922335571982455,,0.07800767920566107,0.3421052631578947,0,5
-0.71630409665622574,0.68372059011456277,-0.13940801901936334,-0.69569565754023666,-0.71521920114396242,0.066850926655141807,-0.053999936973732406,0.14487114608640064,0.98797588930016245,15.237487908908417,9.8574531758517487,0.77434456108632443,,0.2080218912376868,0.6666666666666666,0,5
0.85892928119166245,0.42467188737806222,-0.28617176307652803,-0.36987111101747594,0.90096146565617252,0.22685633920474843,0.35416924082459794,-0.08900688441596126,0.93093604687985532,5.4155374507704623,13.551452182596872,-2.3987914495927831,,0.1204645986652863,0.1666666666666667,0,5
0.051111683467730866,0.97884988401420736,-0.19809215122883514,-0.97537203592613031,0.091540764181391218,0.20067306751630537,0.21456231576493398,0.18295680653766364,0.95942160680022726,-12.922413462178174,17.728451710581741,-8.6085925720488312,,0.1011113817478199,0.391304347826087,0,3
0.32905366898835076,0.92454686283423915,-0.19218944130381771,-0.89994873373540141,0.36867953554439925,0.2327395039928033,0.28603489223057188,0.096376856631323976,0.95336013233851602,-19.469617263269814,-23.334118704864,-2.9316577386650997,,0.2177642516762495,0.2083333333333333,0,6
-0.57791206430493269,0.78694219482305305,-0.21619349652079817,-0.81579727053489226,-0.56426235970945382,0.12681799084885528,-0.022191424439015044,0.24965971125152753,0.96807931971464667,-14.097353707703856,13.534718764106133,-8.0337833808268311,,0.1646987735735065,0.4285714285714285,0,3
0.90143803116481702,0.35783746871957373,-0.24364281633175089,-0.28436429409698333,0.9138036081112626,0.28999985180265792,0.32641449755245794,-0.19213357796909739,0.9254935245610153,-14.133008244373562,-19.286241871727359,-2.1993308421181026,,0.5598866368281616,0.6446280991735537,0,2
0.86604360132373115,0.45910273792845396,-0.19797261586598244,-0.35121972652312039,0.84046639112406063,0.41262688847422774,0.35582746423968875,-0.28782098849370857,0.88912647822188839,11.576857410316247,6.5982412860187063,0.45112276707623722,,0.5700495178916605,0.2291666666666667,0,2
-0.94538219478528973,0.13814284241064095,-0.29524407000591574,-0.12492023157566252,-0.99014647666539279,-0.063284204112813533,-0.3010771355085472,-0.02294580218293189,0.95332368513330801,-11.080180350572752,12.438051598409439,-6.9705781883498892,,0.1194937024267671,0.2142857142857143,0,3
-0.11444513233565098,-0.90019536048034676,-0.42017927680257244,0.95764089080755521,-0.21247284035125308,0.19436876386493437,-0.26424654385249208,-0.38013629803365051,0.88638036924295882,10.680410053480312,10.402839721144783,-0.53347938604262535,,0.3927178334285906,0.2307692307692308,0,3
-0.5602500000046009,-0.73755552581952244,-0.37700369206140844,0.75521685584957488,-0.64178480517408021,0.13326576637813342,-0.34024614345430554,-0.21005739734833567,0.91657430232563075,12.640959125644393,12.747208647356588,-0.41957789401042173,,0.1673058733167725,0.4,0,4
0.25770860459247269,-0.81184952500361884,-0.52391471049245886,0.94864719283679688,0.10964507586369596,0.29672623891679717,-0.18345238794266036,-0.57347912437179516,0.79841525240183964,21.430017688684856,4.3411213252905707,3.3336135628987305,,0.3297366516040095,0.1363636363636364,0,2
-0.056998168108477361,0.9898228793215873,-0.13039124358560836,-0.97804424771841136,-0.029136976160901079,0.20635039647436423,0.20045113703146208,0.13929000032925101,0.96975132764594485,5.1119275397408614,-30.443553872541827,4.5827673197521106,,0.5569436387714044,0.6086956521739131,0,4
-0.89058718794232772,0.40286105508994952,-0.21108631164713426,-0.40803518160723906,-0.91273728041791613,-0.020443764478573125,-0.20090234255410219,0.067923686789812879,0.97725361167363078,-3.5968024628939261,-30.093538051415401,2.3985588189604869,,0.2358442541745795,0.3333333333333333,0,2
-0.93403009210475096,-0.18310207882440749,-0.30669433606274882,0.15753451562035017,-0.98176837813144424,0.10636601002865255,-0.32057863845092899,0.051034110468727169,0.9458461059483273,-14.015251978834598,-20.670541048351058,-1.8339614109275311,,0.314654852055629,0.5333333333333333,0,3
-0.88028031939868123,0.41497730190728926,-0.23000086560946242,-0.43421536747017242,-0.90000551301273624,0.038040651932173729,-0.19121603994460981,0.13335634761205828,0.97244666209487984,-11.592415844699618,19.314424744900485,-8.4851635404206043,,0.1815297821949045,0.4444444444444444,0,1
0.82223062030873284,-0.3688777868057691,-0.43343509944165193,0.54932072295543044,0.71361712981846104,0.43473823774932213,0.14894143264532053,-0.59554997307609736,0.78939006784391463,-16.778157270920538,-23.485198440756388,-2.1415238050937284,,0.7114179062096837,0.5609756097560976,0,1
-0.90102918344745564,-0.2698255912193106,-0.33961825760574349,0.26628170853993327,-0.96215088523229553,0.057963141251699636,-0.34240394605358399,-0.038207648054544158,0.93877564591177753,-15.240439033901383,13.310446400425027,-8.3960216311788489,,0.0756871043389809,0.28,0,1
-0.32498573681811643,0.92542931355223934,-0.19484572482612458,-0.94148734083246977,-0.29712222733983645,0.15912249706694639,0.089363627483399377,0.23515732529276315,0.96784046952179204,-6.750020347867399,-23.267632031531761,0.61800609347608082,,0.1517376153603388,0.4117647058823529,0,7
0.26643443361451125,0.96145057224220154,-0.068010952938920122,-0.92296377270320484,0.27482981038755339,0.26945583979533799,0.2777599086657106,-0.0090206683503475278,0.96060817229530771,3.6476929193427972,7.6588400470183933,-1.7974114446571698,1.09555645474527,0.3766762948325363,0.358974358974359,1,2
-0.6172633370020626,-0.60599071010882988,-0.50175814099511473,0.70803011084784273,-0.70594173591795795,-0.018428988630174462,-0.34304421715847183,-0.36663541120701332,0.86481162129286571,0.61872891773243976,19.810409870670654,-4.9452665311194721,,0.5394086894583509,0.2142857142857143,0,1
0.40076228825011884,0.89322670961669137,-0.20380292820238866,-0.86354521168827514,0.4425867893321811,0.24167457722914223,0.30607067106598379,0.079138986194990796,0.94871374248360529,-15.47019260893963,-21.090774534441508,-2.2236243812122787,,0.4779504340040437,0.7619047619047619,0,1
0.16240986367417951,0.95868439229527558,-0.23355357447654962,-0.95490840059732429,0.21232740595513597,0.20752594813426048,0.24854171209274975,0.18931800931184986,0.9499398447797649,-13.440382718443326,-22.763485025690962,-1.2782349551078567,,0.3721328411527715,0.48,0,3
0.34231679055366898,0.93708136103853046,-0.068540044493789837,-0.89259383333942166,0.34711083471253906,0.28773306572168783,0.29342028489774202,-0.037317438542049844,0.95525491110550609,-16.87709660245125,-16.408441372290692,-3.4836615858082833,,0.09714740333159588,0.3333333333333333,0,1
-0.03273141060294809,-0.81642960436667622,-0.57651657033741377,0.97671768915307422,-0.14849112381385968,0.15483197939694648,-0.21201700510907301,-0.55802606324630577,0.80228156047762322,-19.148131202153049,-29.76629765224121,-1.6663952712013328,,0.263304026382191,0.3076923076923077,0,1
-0.36756996660052826,-0.76278022044219063,-0.53203256944988675,0.88061812653271276,-0.4694039067371627,0.064588602414849136,-0.29900507499923923,-0.44477669413094389,0.84425686700354863,-8.2265318035327635,16.600398566821617,-6.9228098856135949,,0.2326166931762772,0.25,0,1
-0.61809910059893658,0.76306416899866325,-0.18890890881365432,-0.78531553602421555,-0.61012179461332483,0.10502811345928145,-0.035114252345527737,0.21327088345152931,0.97636187940436292,6.4070550871276755,13.232979590877353,-2.0598223547618599,,0.0801421204082309,0.2105263157894737,0,1
-0.29917624254347525,0.94105988503808935,-0.15779692224396039,-0.94854500568777178,-0.27533496901325272,0.15637463676458863,0.10371088700012922,0.19646105876374059,0.97501133547619701,2.5196680369511184,25.551049007658289,-5.5599928554898037,,0.2255644989587511,0.4444444444444444,0,2
-0.95446000864904512,0.029685291440489939,-0.29685834224720209,-0.068867553913369184,-0.99008661024383304,0.12241635607166604,-0.29028150459106578,0.13728542416428963,0.94704242798534521,7.8749542747519241,12.785756903145852,-1.6577067559629259,,0.0923642632006164,0.1052631578947368,0,1
0.56118768195335678,-0.73138912227952291,-0.38747688632356719,0.82734462713201173,0.50918359883898823,0.23713483638885438,0.023859035596816947,-0.45365406918109435,0.89085842418188133,-5.1594812354134501,-37.749670970753186,3.1479566648886066,,0.3816726332896482,0.1176470588235294,0,4
0.95659998527614498,0.029341151685742368,-0.28992337778701871,0.072807937499403758,0.93929772817126678,0.33528910225263969,0.28216213850685745,-0.34184627344766011,0.89639592420045378,1.7205458610557636,18.748813185290448,-4.4891741151996269,,0.4367747711798671,0.1724137931034483,0,3
-0.85639381974246875,0.45822901425000895,-0.23794074053505165,-0.48655072109881214,-0.87043645746315756,0.074891717280449507,-0.17279473749257987,0.17990704271499183,0.96838805996171629,0.11375561545104894,14.519734305532779,-4.1102954073209066,,0.08242176611570853,0.2666666666666667,0,1
-0.56897551763814036,-0.74856470907695305,-0.34046693914820281,0.76022060972059546,-0.63666061119054607,0.12933634722894402,-0.31357851470477954,-0.18524076895493688,0.93131862036175772,23.317575593478626,4.1057338295999388,3.9052647534630522,,0.1218412204277148,0.4,0,2
0.77730267188276914,0.61027436542127012,-0.15285861177432739,-0.51929691347944928,0.75953775433602311,0.39170539361733248,0.35514964723990083,-0.22509464375648267,0.90730432018012397,13.100941080111356,9.9451981015717887,0.13746077620901598,,0.7471176580854981,0.375,0,1
0.064213893794419691,-0.84689132128233269,-0.52787466862923382,0.98119701866503128,-0.042897663925797747,0.1881812982008671,-0.18201369840375572,-0.5300329049845619,0.82821261354015441,17.585785327074149,-25.284115135794078,7.1325113390724351,,0.2643997384665628,0.3,0,1
-0.88541868597836892,0.39340502264142058,-0.24752017833065909,-0.40027263333787011,-0.91607751221840616,-0.024162173091481963,-0.23625318944112678,0.077681914035630212,0.96858141150378052,-13.846280221872432,-26.317825522450772,-0.84186836985692748,,0.5598851579124786,0.52,0,4
0.11740065898385069,-0.79451889819591148,-0.59578251541960481,0.97933825186242851,-0.0068475238647465976,0.20211308680034423,-0.16466230202811863,-0.60720081672085702,0.77729884501671831,8.4723975751494098,13.950008310510981,-1.6401914222311205,,0.4095424048771793,0.25,0,1
-0.50171718737819482,0.86103122556460177,-0.083096886175307305,-0.86483545464059675,-0.49723744197027853,0.069387049940499115,0.01842553353107499,0.10667780887125729,0.99412290226536981,-11.569325330283139,13.957075645972907,-7.4824057956838228,,0.07078420464005361,0.2,0,1
-0.52493626976894292,-0.76448567422393998,-0.37417050469997815,0.78456005855442901,-0.60505794990747641,0.1355374183568287,-0.33001125314470675,-0.22241072627040856,0.91740178855163068,-3.4163135105871918,13.034284290463605,-4.8117792990322883,,0.07756019593052466,0.1714285714285714,0,2
-0.19681591033493251,-0.86855475358330414,-0.45483638538146676,0.95109898002462157,-0.28178114597502968,0.12653108696729268,-0.23806349496543441,-0.40769109114726221,0.8815405529889131,11.163268233121608,-32.851603966310307,6.6605329863727576,,0.3262683479539727,0.4,0,3
-0.81767637652999203,-0.44960236602187315,-0.35953171728279576,0.45360238893427257,-0.88773865222969894,0.078517247089532671,-0.35447174219943606,-0.098882747761838419,0.9298236317588221,19.961202260262898,6.2892987573389503,2.6813672210220263,,0.1751009169978975,0.2380952380952381,0,1
0.69827480684048038,0.69919151311824368,-0.15343898499179148,-0.62360601081509281,0.69941779525373315,0.34918518146922267,0.35146527197886357,-0.14814174180773168,0.92440585617303173,3.4243378071914812,-30.375759384767868,4.1380426000411541,,0.4156222060411616,0.1538461538461539,0,1
-0.28205083745964776,-0.79956168853669762,-0.53023431736606319,0.91807951728241166,-0.38538564501119926,0.092778793728929027,-0.27852706337949384,-0.46062892966426422,0.84275955296961713,-0.0035595281614976392,9.9645305590837214,-3.1289607383115849,0.7507259999238669,0.4737406325310934,0.1408450704225352,1,2
0.60346139908304275,0.78604003323628291,-0.13407239076946414,-0.7206812054558428,0.6095988295030923,0.33016339465660566,0.34125201819102879,-0.10261741186739791,0.9343536412205965,23.446716879865079,3.308877839784885,4.0819838138425162,,0.6837814044430317,0.3333333333333333,0,1
-0.95540223828990212,0.02946890545988801,-0.29383353566542303,-0.048252908104912437,-0.99721411095670154,0.056882983116715247,-0.29133866878611586,0.068524451984921575,0.95416255404941486,27.631203317183644,9.5496971761782543,4.1389385974697666,,0.265942584683255,0.6470588235294118,0,3
0.89519774518717865,-0.2937971330697427,-0.33511825019206298,0.39634638285823143,0.86866738246121267,0.29719778505766314,0.20379043600470209,-0.39887369335164802,0.8940745130832376,3.4872836167226797,-27.749202029747924,3.8122141971496801,,0.1048481001905294,0.2,0,1
0.89817719569739485,0.35047547370462234,-0.26541414329436908,-0.26196810397432235,0.91149389932258629,0.31709869756560888,0.3530586886471736,-0.21528077905198004,0.91049642972474676,8.6159464745894301,-24.748957933401893,4.5158461053740986,,0.3226613877388139,0.2380952380952381,0,2
0.93794330004807847,0.25885660748902611,-0.23077179778775522,-0.12237197051661754,0.86969799633076694,0.47817412729060316,0.32448030252513077,-0.42026021931360841,0.84740420186335985,-12.687903358557925,-20.913278391897386,-1.4602894145002581,,0.277469972777421,0.1,0,1
0.0048158675594901874,-0.93461993498261509,-0.35561550100177314,0.97965233761059067,-0.066944328159576807,0.1892082301100271,-0.20064422452130418,-0.34929075862432363,0.91528020906490137,-14.038990293985666,-22.389678134846413,-1.6087697314452354,,0.4040175413672962,0.4285714285714285,0,1
-0.92931482217844208,-0.12270438086710464,-0.34830675588548615,0.13883396213442359,-0.99007945973046696,-0.021628554687847548,-0.34219744627555082,-0.068456543411483245,0.93713105242897821,10.020123825549671,-27.123300361801114,5.2968351061993619,,0.5623449347747597,0.4642857142857143,0,2
-0.1600348181235004,-0.85272791909877077,-0.49723631502300619,0.95539080932356923,-0.26047773990767947,0.13921116504304853,-0.24822823861968984,-0.45277637195647413,0.85637392449192373,14.528917138754032,-26.45305936091961,6.5172144281807451,,0.6087069450633753,0.4074074074074074,0,1
-0.63209922285305264,-0.7019800191495863,-0.32813811906468848,0.69490946931473041,-0.70089136647274031,0.16078595044559504,-0.34285769923582771,-0.12639361185882644,0.93084545062861757,-7.8848628481919842,12.661155886458769,-6.0674607132245963,,0.08870937796508156,0.3829787234042553,0,2
0.13600747196327642,-0.82929250254338849,-0.54201098955231652,0.9779562311425507,0.02488721565546366,0.20732157742593008,-0.15844108539017282,-0.55826030820956762,0.81439661758761139,13.700312445811896,3.8870676589329101,1.4191175722860576,0.8059676133991445,0.395618011145108,0.3617021276595745,1,1
0.81890876306971616,0.55319031071375802,-0.1528689566263981,-0.45141884042192337,0.78532588819644522,0.42365585070973699,0.35441426083011052,-0.27792756153516107,0.89283078030462537,27.323755944053158,-0.48606949245367509,5.5515598103675803,,0.7731005617718654,0.4857142857142857,0,1
-0.30467541340116355,-0.87948391167427908,-0.36562404403285542,0.90888743731681498,-0.38323816017641149,0.16447534426859473,-0.28477450510272817,-0.28219950689309942,0.91611512352585278,27.227852688633565,2.1307978152796569,5.1403469019444588,,0.271022090630658,0.4,0,1
-0.081333645167561822,0.99225333178445596,-0.093905078278031309,-0.99145245017057282,-0.070903156051405555,0.10952068988423055,0.10201410301779323,0.10201013687176419,0.98953880912315861,2.1143742063760365,16.224633049599781,-3.8606796045395146,,0.5195206620958679,0.4266666666666667,0,2
-0.78691024949777222,0.57453053862172432,-0.22513755667676794,-0.60402561077858385,-0.79179543751168424,0.090625860874474523,-0.12619556552792366,0.20730326897256596,0.97010310478545314,-0.87558652903413792,14.653615022337842,-4.4020595943868512,,0.7435772176310418,0.6136363636363636,0,2
0.48649459457306105,-0.76562732880572615,-0.42087742020331942,0.87332486043479529,0.41234732582496081,0.2593711067785876,-0.025033928931327762,-0.49374535569543548,0.86924612517482636,2.7839947934017926,-26.906720909764374,3.3865084713289986,,0.144266655328732,0.1333333333333333,0,1
0.77339306684694187,0.61101641846935673,-0.16888487354988979,-0.52513101521621508,0.76674319145118264,0.36924557576393985,0.35510643617240972,-0.19688528315782244,0.91385754046503087,-12.610719300468986,-19.487296748397057,-1.7040505438220406,,0.1339856269269579,0.25,0,1
-0.3957920021490981,-0.81925249825453783,-0.41493859200911504,0.8662006249426879,-0.48312003391131453,0.12763820032587303,-0.30503306113224143,-0.30890188885344944,0.90085207147403834,-10.604601607761809,-20.655005542987279,-0.91334760687700112,,0.3622537819185276,0.1764705882352941,0,1
