axis_00,axis_01,axis_02,axis_10,axis_11,axis_12,axis_20,axis_21,axis_22,location_x,location_y,location_z,dbh,dbh_approximation,score,reconstructed,number_clusters
-0.88407831925660696,0.39681273587704219,-0.24687077199658594,-0.41095053564269574,-0.91163563447554385,0.0063346041198211901,-0.22254254127109058,0.10705196214993022,0.9690277058600828,-12.867588133597453,-8.4957110567281227,-3.6909951729798478,,0.112432859271767,0.4722222222222222,1,3
-0.83197942400196689,-0.50099061754612706,-0.23836660665475837,0.54131716788915785,-0.82717620652271606,-0.1508484242912366,-0.12159754021284859,-0.25453472158713025,0.95938840608001164,-18.957992051818618,13.800659138028646,-6.7597587707036748,,0.3448409129516331,0.6666666666666666,0,2
0.849186495214447,0.48884163620584442,-0.1997902676733693,-0.45441784379360212,0.8691481417381709,0.19515617068147578,0.26904780167728037,-0.074935721953395845,0.96020722658598334,8.4330875694367951,-13.657625366170157,1.9493325818182441,,0.206917051720875,0.3529411764705883,0,6
0.66017950421047333,-0.64749894160904198,-0.3806680218189914,0.73824029038968797,0.65277252213270187,0.16996855001399722,0.13843516845716269,-0.39323422404933395,0.90895684670426191,-2.7210978973672595,12.010479133955325,-2.3987314212966084,0.6634941675376465,0.387522406492486,0.2,1,4
0.082020884936362448,0.97692430525847462,-0.19720921943333139,-0.99452806244780056,0.093075973903460035,0.047442555640975104,0.064703225870744549,0.19223882250255866,0.97921281021274942,-9.7229848858412904,22.25818087658736,-4.882396979407714,,0.172929135626633,0.4210526315789473,0,2
-0.92410215050471911,0.32520529435791357,-0.20069063743517498,-0.30397565322186115,-0.94381092652247489,-0.12969092961780734,-0.23159019340398898,-0.058842599350902913,0.97103219865292456,-3.0825751413396607,9.2939819504305969,-2.3782045395478724,,0.07158842361961096,0.3214285714285715,0,3
-0.65699668317038451,0.71411903825447387,-0.24163889899107074,-0.74130758185345336,-0.67026765753037976,0.03470354960694113,-0.1371802733256399,0.20192886487880088,0.96974548523778115,-5.2225371057699874,-14.917150956127223,-1.2771097830908915,,0.07438848065553368,0.24,0,5
-0.73179831309891408,-0.5918981145682447,-0.33782813813556317,0.63985317766933669,-0.7673731198425805,-0.041550041751088736,-0.23464684095899599,-0.24656665815479178,0.94029024408123141,-7.9452085686006724,9.1120579393811436,-3.6587647690714271,,0.07033178093082472,0.3269230769230769,0,3
0.95493032297925484,-0.12236724985407997,-0.27043360445381681,0.18985383649446982,0.95213617291638175,0.23956675268591643,0.22817449248999178,-0.28011241384003877,0.93245559496934738,-4.1041623188858321,16.136872817336144,-3.0633472388879861,0.31994921877393,0.2201550374848356,0.3333333333333333,1,5
0.26635549194841307,0.96365683386625534,0.020500206140084427,-0.95931302062859325,0.2629681181880747,0.10279249617102314,0.093665790774251578,-0.04704546056199152,0.9944915506323555,-11.528718927136493,-24.663158455741055,-2.0649714843153526,,0.2792608021595661,0.1739130434782609,0,5
0.32203808627929748,0.9467183067509003,-0.0039898180755315819,-0.93598586454637711,0.31901467362157515,0.14886268633707381,0.14220384085860008,-0.044205041305577418,0.98884982781423059,-10.758256857921982,18.054596712537641,-4.960938319615412,,0.4835350823562833,0.8343558282208589,0,5
-0.82430457128777301,0.55653009659803976,-0.10390488599992746,-0.5408456425907765,-0.82834317010879477,-0.14606020479474538,-0.16735580254252191,-0.064201589658584773,0.98380393943135835,5.1130434941460381,1.0890539375322159,0.15164734923182477,0.2214634569624433,0.1118011485390629,0.3225806451612903,1,5
0.29319444182666465,-0.83760918383588889,-0.46092068128445624,0.95533218917893414,0.23796219294984133,0.1752552511198687,-0.037113711759082887,-0.49171622901860684,0.86996420760809789,-9.2880397806988686,-10.932439251983586,-2.5593473442549874,1.226274959175074,0.7680081572754899,0.4691358024691358,1,2
0.36247331104382791,0.92717698663405501,-0.094635797862745147,-0.91358947766540044,0.37355864585351473,0.16064932121596279,0.18430237404869665,0.028227177759780293,0.98246417815395837,-27.853835188178703,17.342306932512926,-9.2031438134924564,,0.2028515228043471,0.1818181818181818,0,2
0.6274611116247808,0.74117047992145424,-0.23866058135267487,-0.748862094013792,0.65837776964969696,0.075791005933224714,0.21330287749553192,0.13116795387629146,0.96814092482862957,-2.2314879642166505,-6.5858008256936449,-1.158349574648921,0.1235963369825141,0.09563978778155624,0.3333333333333333,1,5
0.10989196147174211,0.97830266002919386,-0.17563502550373575,-0.98951940602505561,0.12433505638840833,0.073431184470314215,0.093675513896189277,0.16572476921901583,0.98171289029104114,6.014306862748735,-14.903472445296813,1.4124605168666591,0.1350413464735613,0.124121358230359,0.2777777777777778,1,6
0.3648979392867957,0.9029933494141833,-0.22683144583149359,-0.91624331230275591,0.39154890927485059,0.084779975856037373,0.16537135956605534,0.17689675678041838,0.97023700757899622,3.6084285006328192,12.075482484880473,-0.77561117189606732,0.1366977270266748,0.09121716654527963,0.1904761904761905,1,5
0.12335633983413427,0.98793948099768947,-0.093588435763939701,-0.98860996487567498,0.13053585872875173,0.074904785791457207,0.08621804202858184,0.083282479982063687,0.99278924135830282,9.3491327646436879,-7.5607694829213878,1.7370222355991793,,0.2721858424581909,0.3571428571428572,0,6
0.58401038108689185,0.79922916526999832,-0.14200216957696793,-0.78484582556098659,0.60061120292918724,0.15258837772074638,0.20724117564383224,0.022336613390962868,0.97803485153648073,3.753051834480877,-7.5305889264792318,0.36792509845212634,0.2261305189938568,0.3211533025755899,0.3387096774193548,1,3
-0.58440839791756183,-0.63531386251396549,-0.50481988920902887,0.78546204674460318,-0.59910111885650497,-0.15532940001385309,-0.20375523936136811,-0.4872926692270993,0.84913465183698711,0.36258672847082352,-7.1162634302653425,-0.53459120121244907,0.7261305407035301,0.5896930376222895,0.1454545454545454,1,1
-0.72822764386850669,0.67470478301318093,-0.12024123454480679,-0.6670285149930234,-0.73806197169694088,-0.10167342878562219,-0.15734503135442379,0.0061629306307642365,0.98752446014978024,-17.665707920826382,26.995928695747473,-7.0921306725072757,,0.2769554995231476,0.3333333333333333,0,2
0.57267257842747521,-0.77013421712497276,-0.28096157304964586,0.81323697289627306,0.57692088289867716,0.076209715849858389,0.10340088893105558,-0.27213155364403285,0.95668838901679543,-3.3781689244033108,-8.0339250211673647,-1.3534081606099408,,0.1245816614694841,0.5909090909090909,0,3
0.075846957856352953,0.97751219951077994,-0.19676671159404774,-0.99458943412752887,0.088215461173261053,0.054862463778727256,0.070986593845739118,0.19154094136133762,0.97891417973006911,-22.54455375689804,6.841230071060254,-7.1844550040831461,0.6785623824323066,0.8560010833682339,0.9411764705882353,1,5
-0.8169367130176638,-0.50207760491705833,-0.28378246169318488,0.51781681466821683,-0.85519860468245212,0.022385106567699677,-0.25392942596468698,-0.12866011499270358,0.95862736318097419,-19.722757383024149,2.4413193429022253,-6.2457468232024533,,0.07937686348522938,0.125,0,4
0.5720095528586292,0.78906892729793698,-0.22399843618059984,-0.79479273883680512,0.60069470241856615,0.086431341413633733,0.20275495981790731,0.12859277763215607,0.97074936199313855,-7.0556002278734615,-13.680553502027479,-1.8214672893023296,0.5984619487537174,0.5276749392190718,0.9114583333333334,1,5
-0.96198996849451124,0.12451495927209882,-0.24304593276456429,-0.09848384745310243,-0.98829479860908409,-0.1165088959395974,-0.25470813160706812,-0.088144290567781267,0.96299239443182483,10.115303115792335,-9.9090765424021985,2.0968479625200858,0.648062078381937,0.3598568497114408,0.2916666666666667,1,5
-0.96433039368561635,-0.031595462781632992,-0.26280909144426362,0.025474210934115324,-0.99931972799936408,0.026667317235926309,-0.2634728760070551,0.019021250297805659,0.96447925620288988,5.1223789324540094,-10.309844546747877,0.90166663715327278,0.2419800725252716,0.1691374947199354,0.6885245901639344,1,5
0.89856334603019272,-0.26192636572645639,-0.35210579675483122,0.38347379481292654,0.8587755232293075,0.33978294453077279,0.21338172804342301,-0.44033984561876682,0.87210610506843889,13.631814521379555,-5.5277903572211224,2.7751834593446327,,0.5845585209341828,0.15625,0,2
-0.15679514201175987,-0.88913470456982557,-0.42994739279479499,0.98229808146729469,-0.18557503755924917,0.02554182022793371,-0.1024976223489347,-0.41833166574431446,0.90249257883286937,20.831453082791935,-5.04857837224663,4.7339135609835612,,0.334654088136255,0.2666666666666667,0,2
-0.82672971869524814,0.54699639325534566,-0.13157856205218157,-0.53587366910962331,-0.83684498679978114,-0.11193694127974259,-0.1713399631757466,-0.022032109152737244,0.98496558477198393,-11.287640938227653,-9.3611647459430838,-3.2098175569850458,0.6894546456918855,0.2533358912880319,0.1285714285714286,1,3
-0.89078013274782952,-0.3702276447912965,-0.26351896731364599,0.37423937449181321,-0.92660294396909693,0.03676785019253008,-0.25778992548534002,-0.065867103018833154,0.963953255639593,4.958048374850673,-12.099391806855385,0.98144613613939624,0.1900099503728206,0.1816861430067765,0.3958333333333333,1,5
-0.9586285852107187,0.12150494684336013,-0.25742529694940419,-0.13092938857492639,-0.99119546611693921,0.019724176956726135,-0.25276220212739997,0.052612696583776521,0.96609687574999004,-7.9085532316302363,-13.692301702106938,-2.0344170443374141,,0.06771964267595063,0.3529411764705883,0,2
0.86879706090683551,0.42924074676005064,-0.24686848377328124,-0.42231157600591107,0.90262413360751526,0.083202200696172582,0.25854322603976354,0.031969591022668671,0.96547053063197918,-7.4756038816992127,4.4857666462742287,-3.3369743669605878,0.182103885014364,0.1542568331600818,0.6520190023752969,1,4
-0.7547921356907642,-0.54189691098316839,-0.36964384178053827,0.60828978282006874,-0.78912473346194645,-0.085239047128215076,-0.24550432178698861,-0.28918833466361055,0.92525549718896472,-12.369597469887358,7.26380048574788,-4.6926108540576248,0.4790325021581117,0.1709413414272583,0.3930348258706468,1,5
-0.29078394558169068,0.93008524418853711,-0.22446856246408711,-0.95653170545701194,-0.28803006703374323,0.045670306984275065,-0.022176416469864031,0.22799148893607149,0.97341054418229334,-16.898438482064105,12.296766699532705,-6.068214149032424,0.3003675917927148,0.286598134098029,0.9207920792079208,1,4
0.012348595266367666,-0.91787374620045392,-0.39668034767416127,0.99956134035845035,0.00065129261263541357,0.029609165451801089,-0.026919120635095876,-0.39687197161537957,0.91747915458083062,-15.269128264320672,-4.8258581076349927,-4.5573255313150778,,0.2264698183070442,0.4397163120567376,0,2
-0.067180995858322351,0.9973786109338596,-0.026881596811371557,-0.99361105699951635,-0.064429828793218152,0.092659940481207403,0.090685066046115703,0.032934838899282004,0.99533487590001091,-11.122467878753746,-11.034578384780554,-3.0110534411074257,,0.2491387627156726,0.2727272727272727,0,3
0.016801970612443241,0.97474011329176546,-0.22270923942103457,-0.99835405984202619,0.028570900284447771,0.049728008746391043,0.054834888351154666,0.22150714479874725,0.97361579682266075,-9.9378704892742267,-7.0902897911025082,-3.0357274042641236,0.2628830464286965,0.2469079254245994,0.5465116279069767,1,4
0.29007778266225714,0.93839701335037051,-0.18779223983128998,-0.94590405681310119,0.31093828819945174,0.092643921744019114,0.14532857705993515,0.15075949809779529,0.97782983101510812,7.3041499477624656,-5.6074845168530709,1.1064055751951489,,0.1155629940514069,0.35,0,5
0.59618940585105196,0.76751494998390868,-0.23553979260873961,-0.77565473616440839,0.6263567110755458,0.07769813869293879,0.20716641285857998,0.13637474854907555,0.96875384145895638,-4.8393951332700729,9.072565708372343,-2.8506711530814797,,0.1111071559839131,0.5945945945945946,0,5
0.075893798772957835,-0.95279664638272266,-0.29397054605801659,0.99678495844997173,0.064901153511079557,0.046984964412252805,-0.025688088984958776,-0.29659128597241335,0.95465896066057665,-1.5966085778269166,7.7025939208400924,-1.936749151672303,0.2914320269277323,0.2058066523806094,0.25,1,6
-0.85765163092064034,-0.42154556375930247,-0.29450469886576924,0.44707264532194391,-0.89422741232117986,-0.021986015059703212,-0.25408606767000202,-0.15052133645506222,0.95539708890480546,-6.2810237565123401,-4.151156695021613,-2.3964411070902472,,0.07248921843158193,0.4259259259259259,0,5
-0.8208593244213952,0.52362827588736416,-0.22804253594818327,-0.53800038162161157,-0.84294397350135453,0.0010231875436764485,-0.1916913114500822,0.12352686440194117,0.97365063286867604,-1.9995822035899016,8.9807229785513254,-2.10237129398796,,0.08095762515292619,0.1777777777777778,0,4
-0.96070284489123159,0.13647626747887001,-0.2417111338621567,-0.083689663979529746,-0.97267455015145199,-0.21656467770775353,-0.26466220727728934,-0.18782557840375652,0.94587286045028618,9.8998495161885138,-2.912176154568511,1.6384130131467691,,0.2112177408818365,0.1851851851851852,0,5
0.78047747182704608,-0.54434047175954792,-0.30748718148087828,0.59247067187073021,0.8010075355220394,0.085822089289143991,0.19958311287157371,-0.24915934427891925,0.94767410126846385,-1.9328172599849576,-8.8175024896870653,-0.95728581650690669,1.08881830636659,0.8353762489616222,0.7468354430379747,1,2
-0.45809289918236157,-0.83384041510179452,-0.30799522376421279,0.87293009257249776,-0.48738594063343355,0.021165971610938653,-0.16776158439902342,-0.25916231789311478,0.95115242931099053,1.1886934138812475,-10.484032710769981,-0.044112034287261945,,0.0944702688637559,0.3,0,5
0.38245513654187319,-0.81210463246110409,-0.44069732750262119,0.92286155373536471,0.35914337348250486,0.13907763990215946,0.045327929247714602,-0.45989357814479359,0.88681637085210197,-12.921705377554781,12.846678609456243,-5.1228050221351173,,0.278464254848837,0.2647058823529412,0,4
-0.68928269264324771,0.69224322537388217,-0.2137491205746572,-0.70932320174805719,-0.70486836298451117,0.0046028605693410555,-0.14747869366237049,0.15478988270394414,0.97687774420760587,-2.5210165852010111,-14.140888759306593,-0.68954134036837067,0.1338951053628789,0.1212703375499614,0.4333333333333333,1,5
-0.77546202714158052,0.61182794212212954,-0.15596542469428953,-0.60699159560886673,-0.7903994305287585,-0.08264346967556388,-0.17383856684197521,0.030582829470374769,0.98429916347618285,-11.541224745728087,-13.897275609513407,-2.946783329434858,,0.692315209659796,0.3846153846153846,0,1
0.23922065727775671,0.96246822778084729,-0.12817327195633862,-0.96109088493566919,0.25349393041652918,0.10975034458056436,0.138122366129352,0.096931613802594616,0.98566042541052357,5.8255627464472033,-6.9457153932492712,0.79557823829596652,0.7090121275641571,0.6245693881437596,0.7564102564102564,1,5
0.10079471592711226,0.99139347534554834,0.083542817066751665,-0.99124984636944857,0.092876065124172139,0.09379647434522935,0.085230084557728042,-0.092265993569280683,0.9920800467285672,-12.649927806586611,-4.9030686203714708,-3.8735049253649936,,0.584614577128675,0.2926829268292683,0,1
0.077241069811450291,0.99328290555446863,-0.086156176027344281,-0.99500619164221127,0.082276582901670128,0.056508782500484377,0.063217843430831311,0.081361129781343841,0.99467777236281785,-7.8395527499594531,-11.497810719116673,-2.2177004780867908,,0.2358792430427399,0.1666666666666667,0,4
0.35503409964143662,-0.88009136145819067,-0.31526176992852378,0.9336900837156813,0.35063900642517737,0.072629985158823115,0.046622051250463557,-0.32014290974475046,0.94622138090267538,-1.2185981949186309,11.322008460837564,-2.076190854600338,,0.08250834737639887,0.3076923076923077,0,5
0.035288892249166232,-0.93953212416160725,-0.34063775737901569,0.99847087888127739,0.018633034360117751,0.052045307728784886,-0.042551123485473089,-0.34195350224688886,0.93875300489064273,4.0852037109176411,19.050485006062644,-1.0428827760744208,0.2558698142021226,0.1385758639559345,0.35,1,4
-0.91978551486124327,-0.25995046231781566,-0.29397340660711296,0.28185204426616539,-0.95885608199463235,-0.033977038789239758,-0.27304584192845816,-0.11410859372832481,0.95520950426747897,-14.67540429096354,-11.937724556913945,-3.8604444563002849,0.3117061992728452,0.2738344156385308,0.7849462365591398,1,4
0.96487899676362066,-0.008290081460367445,-0.26256388966079891,0.038077855967280215,0.9933597121174601,0.10856592111178665,0.25992036951605529,-0.1147508470177719,0.95878759098109945,0.080613332530496767,13.434427738651083,-1.7811277254824054,,0.07560199015093451,0.2592592592592592,0,5
-0.73285407464476604,-0.61828155768820836,-0.28399440258428671,0.64044693066038716,-0.76777178122815481,0.018820758683823175,-0.22967941632687167,-0.16809047377049111,0.95864120417565957,-12.137716651084039,-18.401353742267485,-2.6597291510880678,0.5690566277735228,0.2370797658470468,0.5128205128205128,1,5
-0.90012120385556005,-0.33390802544261217,-0.27979858633422788,0.35057138517004782,-0.93648029079283635,-0.010216107698988367,-0.25861462114422418,-0.10728511314054297,0.9600043657342654,2.1927470856314693,-21.202378091393292,0.95291178646827757,,0.1425603459578593,0.1333333333333333,0,5
-0.73145991520317977,-0.53788572816166913,-0.41910062740462201,0.6401284019179031,-0.7534339322463518,-0.15024293260526708,-0.23495110450684886,-0.37817489760663697,0.89542265177469171,-29.99381879599698,14.968063983390904,-9.562436849553297,,0.2827961319148741,0.2631578947368421,0,1
-0.82701271730857939,-0.45823855120837687,-0.32567989743969272,0.49274291775240331,-0.86974029389972218,-0.027499784945967606,-0.27065546810424734,-0.18321913479130369,0.94508008455982084,-3.7325894380806717,9.7289194412935078,-2.5892776277175624,0.5451104577492332,0.5766920472919623,0.303030303030303,1,6
-0.61717007390436385,0.7513024898841858,-0.2337641302054359,-0.77739744126350352,-0.62810331741235181,0.033755606535135624,-0.12146735443664901,0.20256058686087067,0.97170720407782307,-5.0999485969727898,-4.1948431488678377,-2.1178902638292869,0.5057671474107354,0.464292438771419,0.9251810136765889,1,5
-0.81502587255852421,-0.51000443017565189,-0.27500601495499266,0.52255441483018528,-0.85202662563662845,0.031424715555496793,-0.25033919110219149,-0.11809365100406509,0.96092881057382773,-8.1734614578711628,-4.5733847973607551,-2.8613205922055602,,0.08517497225680111,0.3969465648854962,1,4
0.78250212309429934,-0.52761845305170052,-0.33061941163858571,0.59716296075356212,0.78629551984158685,0.15854259295560894,0.17631456450603752,-0.32149358232533781,0.93035211122814543,-6.4323645349955729,12.74017757445842,-3.4661820129796195,,0.09345397594072286,0.25,0,1
-0.86402514260747165,0.46573310380275312,-0.1911889875604576,-0.45071807260442759,-0.88477809370222404,-0.11841006685416776,-0.22430731590808287,-0.016136942923391184,0.97438484548108562,-4.0705104365856588,-21.122812163879292,-0.56515835092478106,,0.3944116091973677,0.8157894736842105,0,3
0.43761714547604186,0.89102782778522394,-0.12066749395651187,-0.88229340010921731,0.45139552039832065,0.13341829068026828,0.17334817596131799,0.048078002003757524,0.98368639088594156,-3.5103397033327854,11.506617389020313,-2.6621141979638212,,0.1136606553725193,0.1538461538461539,0,2
0.95860121517231811,0.13850989124639498,-0.2487945342990189,-0.11875023838109083,0.98857603839265151,0.09282131867369231,0.25880898584590906,-0.059434218618577499,0.96409827429708095,3.7700327598224477,-21.22731096915842,1.3592889887229012,,0.2820259468918178,0.3,0,4
-0.14664954853897078,0.97367682557611113,-0.17449168819558394,-0.98918619040855638,-0.14396748755675229,0.028000771982307042,0.0021425728283587875,0.17671106887409513,0.98426043683521669,-16.691434139160922,2.6491993807734224,-5.5159497039683201,,0.1841969463559414,0.3,0,3
0.95782297877477929,-0.09428566279831789,-0.27145046531861411,0.13153775634931991,0.98371931046761407,0.1224505486623466,0.25548573342869285,-0.15299193444036413,0.95463108477076075,-14.544600679998341,15.024361765273301,-5.6567442470853981,,0.113596843082123,0.3928571428571428,0,4
0.33572225678395246,0.91918991299959552,-0.20586517466459395,-0.93113109463461063,0.35688516837032547,0.075019072253886404,0.14242700202012046,0.1665018931936757,0.97570060400641345,-1.3029574828352142,-11.542044905064401,-0.59036345423391556,0.2858214042692701,0.2813864884572221,0.8493150684931506,1,4
-0.38420474174856573,0.89131007913956128,-0.24073441640560572,-0.92189820314958471,-0.38446584630224467,0.047850977593632618,-0.049904102511572117,0.24031719840936974,0.96941076159757289,-3.9551977047547968,-2.490433559422033,-1.9616026211441644,,0.08669977983051494,0.5288135593220339,0,5
-0.37555998858448775,0.89436789644106951,-0.24302419795155528,-0.92556488596273079,-0.37545886353225477,0.048582750723540832,-0.047794736605794523,0.24318040137035121,0.96880284658032401,-4.2593259463540818,-6.8231720376550324,-1.681569193158168,,0.08381174737055863,0.3333333333333333,1,5
0.89720434683405503,-0.34055570149235137,-0.28115151467337046,0.38465903358275999,0.91539368492768203,0.11870901177963664,0.21693729025977768,-0.2146537113016527,0.95229302019870599,10.197268157448734,-8.2664542096195035,2.0368330672403827,,0.1082022440203737,0.2972972972972973,0,4
0.84787332902076962,0.47245643790101716,-0.24061532000502414,-0.46358143759563181,0.88083824676184252,0.096001217483377962,0.25729956986362273,0.030147924097783465,0.96586129129424636,1.313666580807036,9.1375455825985838,-1.2089062206238419,,0.1107438826644849,0.2173913043478261,0,4
0.076699677700601349,-0.87821823927343223,-0.47206978684098833,0.99515453874845405,0.038216166881665015,0.090592320851295746,-0.061519130756011536,-0.4767307927922686,0.8768940345074081,5.8897233912099916,8.3311663577605319,0.045992242795082974,,0.6380151120582196,0.3763440860215054,0,2
-0.00017420520213809083,0.9967915854929793,-0.080040644318623969,-0.99829429918206924,0.0044995856492124689,0.058208641536862171,0.058382033821451115,0.079914259174307056,0.9950905734190697,-16.264978730260271,-7.00977317179147,-4.5991785991188827,,0.2388787053452225,0.2173913043478261,0,1
0.96231296400852884,-0.055924736835786866,-0.26613189044338126,0.094831408289252572,0.98620618241795632,0.13566270586449886,0.25487401456993791,-0.15578764254731006,0.95434241607850301,-4.1709518235156589,13.308893474314518,-2.8710186857874498,,0.100483581293504,0.2619047619047619,0,5
-0.78326174235174051,-0.4542310863190881,-0.42447045031367825,0.57140420584324703,-0.7949974493226144,-0.20365728348179718,-0.24494545619946448,-0.40206115926798758,0.88224064046909445,-15.087961587648719,-6.2227096758907763,-4.3893058451397193,,0.1494032848733409,0.48,0,2
0.61814049287856587,0.77582928277279684,-0.12645653425621234,-0.75694654306247233,0.63086971299688099,0.17039758263838939,0.2119770317973568,-0.0096088092645092178,0.97722740893555671,-13.396816875223713,8.2250577843519075,-4.99250673035466,,0.3555394164766835,0.1428571428571428,0,5
-0.89619889388556961,0.3989613506975031,-0.1940551036378759,-0.37680430643948215,-0.91538062441477286,-0.14176327837166555,-0.23419235095737795,-0.053927294532967122,0.97069345813053265,-9.879681225818377,-0.63896320243348892,-3.5845609612955256,,0.2343788854584132,0.203125,0,2
0.35872224842088496,0.91105332740651612,-0.20322446483969567,-0.92266033751630872,0.37907072895416932,0.070733895866453483,0.14147879721766282,0.16213333115578182,0.97657387476123547,3.0946388212625124,-9.1421961376478187,0.34322489971365516,0.1587132200626662,0.1150794027433721,0.1785714285714286,1,5
-0.22542316685632879,0.95482843023513819,-0.193615765523282,-0.97406482239752501,-0.22486981251092303,0.025125468930567305,-0.019547828834483895,0.19425816903287518,0.98075565058369829,-9.8927349475779902,-10.955763748124557,-2.746173315503126,,0.7944977860462448,0.7244897959183674,0,3
-0.76884855095908711,0.62703832958738603,-0.12527904420282476,-0.6159957256916696,-0.77887136822932657,-0.11793497226086171,-0.17152600857510178,-0.013502776782485964,0.98508705371731309,-16.62900421171878,19.646376973870961,-6.5302788537835275,,0.1919935374296411,0.16,0,1
-0.93899540112956603,-0.14156907515140701,-0.31344191426530671,0.20613437486273883,-0.96118304116503905,-0.18340060217096868,-0.27531119875056376,-0.23682347505579202,0.93172870810393393,8.4934593103389542,16.384779792894058,0.32634528337702595,,0.4446890713900077,0.2,0,5
0.70653164381478151,-0.58944299251529986,-0.39162481390099807,0.68946315293061067,0.69809375527125228,0.19314675664442987,0.15954183476243589,-0.40647517442752823,0.89962455254108442,18.92275704265003,-4.7987937060067747,4.1752660321639476,,0.1864019600701665,0.2,0,5
0.11578383448728796,-0.8705148620107751,-0.47832831683873894,0.99321664635288442,0.096273504443783756,0.065208172414519705,-0.010714339874638509,-0.48263369894825359,0.87575676735071639,-25.563651327570831,13.878031227492651,-8.4397493464470212,,0.3404887168177209,0.2407407407407407,0,4
0.86382967835971425,0.49162893345571318,-0.1099967207427214,-0.44545741315553133,0.84736855990201543,0.28902286545249006,0.23529976593642554,-0.20066767422478315,0.95098186348188629,1.2035601230901471,11.023936774173055,-1.305077601274466,,0.3181938619976395,0.4259259259259259,1,5
-0.46898003881389677,0.85498868869675682,-0.22147700872713066,-0.87640207844684681,-0.48156909952928328,-0.003255652408265254,-0.10944002964255861,0.19257607478385477,0.97516015881119766,-4.8403165373950277,-11.780370129129901,-1.4385825869761606,0.1544037040435116,0.1247799043709186,0.2941176470588235,1,5
0.7783094884384274,-0.56298061588246029,-0.2780056948109545,0.60241558478024304,0.79437518369061721,0.077868676310683296,0.17700226953514905,-0.22808089283652405,0.95741803978319873,-8.3342199405565989,-3.3602838544312141,-2.9995819261378425,0.1596841861757497,0.110963321830292,0.542016806722689,1,4
0.755869034829316,0.62269836797490141,-0.20225910290415205,-0.60427306805378012,0.78241696688744511,0.15059133159489027,0.25202393023494762,0.0083924041874059579,0.96768461088356938,10.407236475715719,0.75089263602373013,1.5974815228064092,,0.1732651128781624,0.3529411764705883,0,3
-0.26291216822366653,0.96356093531866316,-0.049269825732937936,-0.96474428367324772,-0.26318738199842889,0.0009322427827160104,-0.012068923718512876,0.047777880704743689,0.99878506956984525,2.2521195882283545,18.171537143037121,-1.4547014070226416,,0.5286047120398063,0.3902439024390244,0,4
0.96485145895738833,-0.01533881924246692,-0.26234782783938798,0.079714882573987456,0.9683424435581427,0.2365553835786868,0.2504140564026181,-0.24915383325987811,0.93552935161217377,1.8258972202516619,13.557570101680227,-1.3223913018099522,0.5585635095954689,0.2702236141856839,0.4090909090909091,1,5
-0.87041967005581655,0.42502128400465761,-0.24844819605494217,-0.44451794956992119,-0.89540513589999182,0.025562376925269022,-0.21159723648969445,0.13268967837382378,0.96830783264568032,-9.0367908358058031,4.2282141208594037,-3.6841203156681548,0.1734404119533049,0.1285645090319692,0.5912897822445561,1,6
-0.26394460552449706,-0.92394904414997747,-0.27685990867018068,0.95611078799270643,-0.28848875697486109,0.051248396882879521,-0.12722187822258926,-0.25118200754322079,0.95954269982532492,-10.597811822938812,-1.7361643364521955,-3.6453278033738199,,0.07178551848224973,0.1917808219178082,0,1
0.75279649857099618,-0.59800225653133732,-0.2751194884457972,0.63483305265811674,0.77005485370674209,0.063265452938117722,0.17402421380953045,-0.222280956148108,0.95932619558826715,4.6232144475218782,-4.348613848498224,0.26623337508630029,,0.07454672572448498,0.2264150943396226,0,2
-0.68973087957930823,0.67939303959168462,-0.25039251488238662,-0.71013974453637307,-0.70222634939408102,0.050790722051154043,-0.14132535860407136,0.21284560594720847,0.96681119720677478,-0.75431521029447046,1.3252302917844909,-1.4004890886854473,0.2328239560546183,0.2232789497205615,0.8149829738933031,1,5
0.74979436499825014,0.62214739994539903,-0.22525768124095208,-0.61575800644324585,0.78069080675767399,0.10660179053417054,0.24217862770672011,0.058774798895711938,0.96844981041706957,-5.5762924448911653,-20.399296129313516,-0.95364152943213265,0.2425446377392569,0.1947741092971827,0.8709677419354839,1,5
-0.86463297742694611,-0.33284058977722164,-0.37633357031039011,0.43242635796372081,-0.87437120976489091,-0.22018726682647335,-0.25576797939547868,-0.35311772729648094,0.89993922649527935,-14.282667882523755,-3.2692326069681825,-4.4250802563182869,,0.7102542496949145,0.4350282485875706,1,2
-0.87547178442226381,-0.36686219283598948,-0.31458112808632799,0.42188344691755825,-0.8976793888650999,-0.12722449459023397,-0.23571913774120487,-0.24409802595340671,0.94066606286619736,8.2179744623954658,-10.453741876482574,1.6700804625202703,,0.1792813940144053,0.2333333333333333,0,5
0.57269823360281091,0.81768633273291913,-0.058359185138325151,-0.7947084475281726,0.57125082171406838,0.20520960532675431,0.20113482208603525,-0.071144641068674658,0.97697657259098458,2.8531547713520826,-10.189507924411036,0.33407586650944543,,0.2511458942007628,0.25,0,1
-0.93599474121286397,-0.22160864944037093,-0.27350219544837084,0.22259671776937662,-0.97451334567974413,0.027828768035471393,-0.27269863523707727,-0.034833110473892016,0.96146872479272516,-13.8836410234428,-0.58368728569395845,-4.5814921983221266,0.4167708529852174,0.2620420192627828,0.9589371980676329,1,2
-0.81712555227353245,-0.50350495168017606,-0.28069306271302874,0.52394338266877538,-0.85174909700458512,0.0026091204412486248,-0.24039376776297194,-0.14493529378801942,0.95979403886214321,3.9751796396885131,3.2413268702535212,-0.25493388429996816,0.5118722843331593,0.2960287058036884,0.6627218934911243,1,5
0.59504673852016343,-0.67590977958607079,-0.43481645419236897,0.79595939937785154,0.57048888719899715,0.2024625005389849,0.11121157097426831,-0.46657089433692511,0.87746429388270619,-16.47021432648723,-21.358838978362439,-3.5152939424877139,,0.2526636341076707,0.6842105263157895,0,3
0.070094467725826767,0.99334015272076026,-0.091444554714484386,-0.97858905574385435,0.086257062517270167,0.18687744418266139,0.19352060761734133,0.076387565471017757,0.97811794496820603,-7.5789301769878348,28.327369981523166,-4.6244539186604481,,0.2386023689067628,0.3333333333333333,0,2
0.58818540220318183,0.78528683768960783,-0.19329385708432484,-0.78014446382160851,0.61393318629640725,0.12025247744821892,0.2131022013109547,0.080066380681251603,0.97374371704315954,-12.66349914439375,0.4164355644780211,-4.3659564741073229,0.2446351322595618,0.1923149360915282,0.6987522281639929,1,2
-0.94383749181613597,-0.13238596736921793,-0.30272883028535896,0.18358449227405668,-0.97189681196551714,-0.14735440640761438,-0.27471352940600163,-0.19465493195647504,0.94161665991332022,-32.901434381925291,15.368249227187198,-10.328438368799025,,0.562682651630096,0.3529411764705883,0,2
-0.70699073544241597,0.66091059045387746,-0.25171668880807246,-0.69054509234531514,-0.72195288517186407,0.043948913863964524,-0.15268128711925669,0.20489319905240691,0.96680256595939928,3.8626424603455849,1.2344543237603849,-0.18266031184206541,0.2068199773142277,0.1495677099088109,0.6666666666666666,1,5
0.9340556038346246,0.25419968216880684,-0.25084387680469988,-0.23815738946896903,0.96677407529930293,0.09289211576071725,0.26612250334471843,-0.027026078414269634,0.9635602753845165,8.1670198303451436,-0.88420066159993527,1.0834918092683916,,0.09122290999604835,0.3333333333333333,0,1
-0.47674135800414447,0.86251990788192068,-0.16963810325433029,-0.8757427646382101,-0.48273146045599924,0.0067042725065460922,-0.076107080828187054,0.15175554551113002,0.98548362069312467,-3.7366206920410474,-13.426328371978988,-1.0401424593334196,,0.1351615531425427,0.36,1,5
-0.24698352824475947,0.95870247172808187,-0.14102732883465213,-0.96900650281325185,-0.24510948530286092,0.030785349116070823,-0.0050531456937098953,0.14425987285809447,0.98952693485400645,-11.198461617095685,13.444720758048479,-4.7417673866133248,,0.2629947384059831,0.1538461538461539,0,2
0.77385490712901595,-0.56878679323326908,-0.27862190609454163,0.6087486534865415,0.78939281924586713,0.079272024077748887,0.17485325158733422,-0.23095575499752136,0.95712370132750357,-23.542131940121497,5.164328166565249,-7.3514336848603108,,0.06966929816596432,0.3333333333333333,0,3
0.92404067418509117,-0.27367536812706528,-0.26692812765251744,0.3037394978626361,0.94956465621552266,0.077905590970423391,0.2321446744806285,-0.15306455026168717,0.96056238400401217,2.3107075678771665,2.4059933411609293,-0.65150417854786791,,0.07364494981901464,0.1886792452830189,0,3
0.91427844061887453,-0.28621313279465982,-0.28666526757768362,0.33536261873424794,0.93172867815502158,0.13933263888695729,0.2272154197567276,-0.223525642643886,0.94784462867360875,-17.451458406499381,-15.292597277624331,-4.1985084361271037,,0.1209456638676145,0.125,0,1
-0.66475188925898021,0.71640342471354768,-0.21182789897772147,-0.73058422739330553,-0.68263555230890405,-0.015980907610128322,-0.15605003175501836,0.14413478338907981,0.97717631561895724,-11.008262090401253,7.567377797465098,-4.3721045326207086,0.2386159775125898,0.2128349466190363,0.6068702290076335,1,5
0.91714667362649704,0.32386999032744979,-0.2322718416449773,-0.29741359417375324,0.94411868632968055,0.14207413601274593,0.26530573506146032,-0.061222018003458882,0.96221865054419009,-16.63398432402807,-10.06647205034086,-4.4299638745742707,0.4943324795823958,0.3673478022300394,0.8074534161490683,1,2
-0.52573365740523093,-0.79812898255675324,-0.29426900732873806,0.82915757019138925,-0.55808107691199327,0.032299154587403865,-0.19000485590013327,-0.22701462242699574,0.95517669356967561,5.4099378707413601,-9.461879385857527,0.91436586289561306,,0.07581895263613278,0.3043478260869565,0,4
-0.58476060397894147,0.78545504932373089,-0.2027693308319572,-0.80342552720097693,-0.59530394419350829,0.010983454351214198,-0.1120823727265645,0.16933274792404548,0.97916493105322955,-2.010485241629778,-4.1242692582545644,-1.3372291705921602,0.3051131023044171,0.2867986185084154,0.8480620155038759,1,5
-0.51216627334044651,0.83615964759349126,-0.1962721380860957,-0.85433788353210305,-0.51946038723446508,0.016361138594435529,-0.088275076972188143,0.17606234643031418,0.98041295429783371,-17.590630548191964,-10.845131795071726,-4.6659873008190624,,0.06666282480603876,0.1,0,1
0.87835303396260622,-0.36742323085524448,-0.30577134783458271,0.42923841598257362,0.887754445482414,0.16627214670828655,0.21035762399650443,-0.27729445352207199,0.93747397621077433,-1.0474245133719295,14.393008627821864,-2.1226145095359512,,0.1815986115649744,0.4166666666666667,0,5
-0.87591268241662934,-0.4025062346712544,-0.26601823966125787,0.4069987668502158,-0.91252570717714232,0.040605880402476376,-0.2590926022952198,-0.072701889876575179,0.96311238110838648,1.5614490952669071,3.4193457320460885,-0.88081733457391986,,0.08946806431125187,0.3020833333333333,0,5
-0.36915395895989717,0.90092788390780842,-0.22815412023812709,-0.92807060733014957,-0.37032596657143835,0.039289009821805242,-0.049094830624848457,0.22624682645360814,0.97283198504448287,2.6142578575178441,-12.966451804371648,0.44177264493956064,0.4058027399390424,0.3593321091323552,0.8369565217391305,1,5
-0.87585022966742299,-0.37580477901123893,-0.30274930761908531,0.40592748283974422,-0.91298282430285327,-0.04105168940949467,-0.26097749685923272,-0.15884939597083239,0.9521857043312455,-12.930515162656082,-1.7011093011068679,-4.2175612332902208,,0.0696491745552673,0.3934426229508197,0,2
-0.1672186608528545,-0.88713583038706634,-0.43014873928215624,0.98163801399810968,-0.19042828635966011,0.0111300147335857,-0.091786322164169112,-0.42038920799370383,0.90268941772128997,-19.554575614957493,5.0987327843652199,-6.3634162574325108,0.6265171601138125,0.6196608732609894,0.3469387755102041,1,3
0.96479866893134536,0.0077364844699990632,-0.26287577909794363,0.016401952167725931,0.99585121649145847,0.089506036542632464,0.26247762646251011,-0.090666980872470271,0.96066903467639642,3.5889417329704556,13.61548650791598,-0.85340972488804778,,0.09965838007987535,0.48,1,5
0.52329323889058144,-0.76924638668997547,-0.3666390359683791,0.8456120515322425,0.52196107471187736,0.11178951108692999,0.1053776277719219,-0.36853308270769869,0.92362271654346151,-7.5891634080254082,13.110180096256613,-3.7538060149200856,,0.566325330004537,0.1568627450980392,0,4
-0.72753412514239701,0.65230575797666701,-0.21258244251060041,-0.66353254255330385,-0.74777259641125948,-0.02367929536771397,-0.17440946570078897,0.12382787314191201,0.97685617984794249,-14.401565090256026,-6.7793115586685415,-4.1852576298858128,,0.1082922626338646,0.2352941176470588,0,2
-0.80331412799325153,-0.46896213202702641,-0.36709798486386175,0.52235376550827683,-0.85088370785517853,-0.056066561923732043,-0.28606460009194812,-0.23679407600548097,0.92849103934445398,4.0719059554567067,6.9397151512571567,-0.42940366734815832,,0.1746356500447487,0.3333333333333333,0,5
0.79643084792605079,0.57504208188063499,-0.18714835969940202,-0.55153109393791333,0.81763244122900269,0.16519879984294578,0.24801483199889549,-0.02835128068158603,0.96834128693982335,-1.5061283974090187,9.7375861360564286,-2.0121251211655529,,0.158979395357661,0.4731182795698925,0,5
0.060784657708215714,0.99565439405113443,-0.070551775271520345,-0.99553093179765551,0.065591376364911289,0.067940673978463373,0.072273018626499569,0.066106723963788944,0.99519169601910795,5.8368388996349569,-4.4520020313183348,0.61969262864531038,0.4047181035336161,0.3367709240249049,0.6404494382022472,1,5
0.95873245874930879,-0.10456036353552613,-0.26438457390291037,0.13092962337708128,0.98781640756541012,0.08412002536199642,0.25236779957601657,-0.11526437143317921,0.96074170223597211,-5.1504829459990766,-9.6352491686669222,-1.6285307702290095,,0.0705548887855223,0.25,0,5
-0.15231472420906797,-0.93913650666628368,-0.30793318534345093,0.98201065704085388,-0.17898992724796317,0.060147114660290484,-0.11160328958997946,-0.29323237848235212,0.94950485936738449,-0.12819039055582473,8.506421659124106,-1.5630005320593281,,0.07145653906322899,0.2105263157894737,0,5
0.95992794490162037,-0.023209866018152836,-0.27928416123434563,0.12263299466844163,0.93087461381181202,0.34414183410239496,0.25199104987201926,-0.36460081662021798,0.8964188503731213,5.3619421037386577,12.95781443869372,-0.38487378004229822,,0.2724863324182061,0.1666666666666667,0,1
-0.53852916587567234,-0.77574981853037905,-0.32893548995408878,0.81971463457444216,-0.57270718300933665,0.0086255663001815926,-0.19507499933548977,-0.26498811592143878,0.94431300057484358,-8.4737832342439727,5.2345186091176918,-3.5970232308565087,,0.07399113170001989,0.2875,0,5
-0.42802097736940448,0.89089790774172051,-0.15198342315254579,-0.90199405641598751,-0.43163050659342206,0.010090984498006734,-0.05661064495280739,0.14140729740480859,0.98833152895103782,-0.26600622248591715,-2.3470684004188387,-1.082164710898784,,0.1656847595553947,0.2403846153846154,0,5
0.93051244426065038,0.28363068130338387,-0.2317330958224314,-0.24999452727453106,0.95423916752878779,0.1641046845362735,0.26767391992656581,-0.094769445378478492,0.95883753827945328,4.2655168914586454,8.1716448938636823,-0.37505646218190858,0.3001164492139993,0.2475478054035194,0.808695652173913,1,5
0.32767207727907793,0.94336293845809716,0.051936269747825996,-0.93388742908262046,0.31507298955927032,0.16906590741967398,0.143126795440504,-0.10390080651221556,0.98423541027187367,-9.5192420012141739,13.038287951583929,-4.2374170391614649,,0.7485767876758163,0.3272727272727273,0,1
0.35446009535023415,0.92910187313561587,-0.10548815165785987,-0.92334481862184614,0.36559067012005625,0.1173789071569384,0.14762244656044621,0.055795799636325728,0.98746870432153444,-0.9630803803811655,-12.973864915184333,-0.41046807978789374,,0.4313940726160254,0.3809523809523809,0,4
-0.75061857401734178,-0.60076708280685831,-0.27504666614214673,0.61610521672420693,-0.78678761628200333,0.037143085365927649,-0.23871765386202612,-0.14157739608080092,0.96071313234158995,-13.898432110377723,-4.4238956379555043,-4.2463206252655894,,0.1320453413368715,0.2105263157894737,0,1
