axis_00,axis_01,axis_02,axis_10,axis_11,axis_12,axis_20,axis_21,axis_22,location_x,location_y,location_z,dbh,dbh_approximation,score,reconstructed,number_clusters
0.1693264908208354,0.9804157220699764,-0.10056615446714008,-0.97625612747262813,0.18084025399247555,0.11925089562802146,0.13510186186152215,0.077985988830969744,0.98775790174900979,20.252165341728571,-6.8321479419039655,-0.95248759904082581,,0.1241814761687288,0.3888888888888889,1,5
0.75350705291147912,0.65735795638028494,-0.010374892586986133,-0.63181327181556712,0.72840870049333017,0.26501463092313537,0.18176663822155223,-0.19313539869519639,0.96418857439843264,-20.169507375479835,12.202408977102003,-10.212348260682539,,0.239689200675948,0.25,0,3
-0.15152649906106869,0.97964106046866961,-0.13169325239402774,-0.98453596432374391,-0.13773089571766123,0.10825495516569962,0.087912769467312746,0.14606023760295561,0.98536173660029858,0.052827336448727828,-17.186939388225039,-2.9498786957417997,,0.09881220599217085,0.3333333333333333,0,3
-0.76460599181283984,0.64285580027867617,-0.045979314174572967,-0.6396435478527025,-0.76565298635093115,-0.068056125237240125,-0.0789544740613813,-0.022625749489500972,0.99662142586125801,15.180374126177938,7.5768098134821376,-3.7371855115466048,,0.3001877888979311,0.4871794871794872,0,5
-0.11189585034727759,0.99316842575068265,-0.033102821133095726,-0.98975959416630388,-0.10841694798658288,0.092853169816803707,0.088629929655919787,0.043153719204543951,0.99512938459679789,23.715422727208882,-7.0271990015815993,-0.4140700955355669,,0.4804215652971173,0.925531914893617,1,5
-0.90841040984518595,-0.35834482920728983,-0.21535902735966009,0.35965489090615094,-0.93244841767918962,0.03447184089746206,-0.21316399023330629,-0.04614034837291181,0.97592631971877908,19.051167996759506,-8.0524008111756888,-1.0205418032308113,,0.09205533493571177,0.5454545454545454,0,5
-0.26960804438368868,-0.93191986290835105,-0.24256312893859847,0.94822956020979687,-0.30082534712596448,0.10180771911244743,-0.1678457731011978,-0.20255734902348854,0.96477889529603533,-2.3387165786442901,19.570470927472694,-8.2539983478015202,,0.3109254288092461,0.7833333333333333,1,5
-0.97023116690197131,0.16320034015105442,-0.17893331648024627,-0.17727101329469727,-0.98197434547740658,0.065584850916137138,-0.16500445635652156,0.095352156760089485,0.98167280474895968,1.0712354143344207,-15.710424862800345,-2.961280463268662,,0.1193582475526766,0.28,1,5
0.87884709378271364,0.47548148260140466,-0.039308338210209244,-0.42553632402022229,0.81844953374749829,0.38608185355939667,0.215746663216455,-0.32257978921760294,0.92162663638769293,-21.211268343768801,16.003907649552474,-10.900549911929266,,0.3212376951504575,0.3333333333333333,0,1
-0.97260150727632411,0.18459806794156991,-0.14131475986627157,-0.18458918715550029,-0.98272595297070142,-0.013286585080394374,-0.14132635999378962,0.013162623981043035,0.98987555041067643,-10.06997399139172,18.331044544220795,-9.3734110835738633,,0.40993371642016,0.2307692307692308,0,5
-0.20513611388371886,-0.92816422026909784,-0.31053237350225465,0.96861749470534941,-0.23802563477850733,0.071581744453609403,-0.14035427934843681,-0.28610308876442886,0.94786375543536583,8.6275561656948412,-11.691446303176484,-2.2086332759205196,,0.207284553593423,0.3333333333333333,0,5
0.94317402408928031,0.26339173054119241,-0.20260196584868112,-0.23173561523519237,0.95832534215430676,0.16706628390072825,0.23816247587477135,-0.11062248807248837,0.96490481407123885,9.8622938200052843,4.2503192556178515,-4.177941544235571,,0.7352311302357351,0.4489795918367347,0,5
-0.3909600514856657,0.90973005802609885,-0.13979077103356144,-0.92002429450347412,-0.3818805404837855,0.087878042326841974,0.026561921348276358,0.16296770945081054,0.98627379059298004,-12.858398706969046,11.104936862306452,-8.8327904657684826,,0.09922431703445597,0.3255813953488372,0,5
-0.86365128080720044,0.49662317272698736,-0.08644009180155271,-0.4911055013740403,-0.86761155694687686,-0.077881787167263544,-0.11367432287123058,-0.024811500615541382,0.99320820463635417,11.880077602499631,3.8930091266560805,-3.7640266492318259,,0.3778398476720522,0.1904761904761905,1,5
-0.90183804072433649,-0.38603582516527557,-0.1940734139222956,0.37618264753735314,-0.92246860105651629,0.086823359510106723,-0.21254355787526769,0.0052935577637975347,0.97713725456146849,5.118922516412189,-6.6009120104298988,-3.4571303538324885,,0.1109901526694275,0.3421052631578947,1,5
0.78571012066816615,0.60745674075602296,-0.11685852296553156,-0.57779271830261503,0.78814342187530362,0.21209790482501839,0.22094157815153459,-0.099127466752447324,0.97023634459813546,0.39846580879078919,-3.6131285982226875,-4.6748056994547564,,0.3291046574922375,0.3304904051172708,0,5
0.30201596798194325,-0.92300545479366292,-0.23842668790442337,0.95137149754724926,0.27591259828718112,0.13698361858675379,-0.060651700212232075,-0.26820359529200966,0.96145109222144276,8.641386279517322,7.5106276417326576,-4.8073891455791502,0.06798381453595073,0.2134754086463511,0.3902439024390244,1,5
-0.14421771936434832,0.98002774329472686,-0.13691921630652351,-0.98581147581921458,-0.13028179091120501,0.10584133927777473,0.085889368169116465,0.15024073126025297,0.98491153872106507,17.261269081211896,4.8491541942011436,-3.0881073461201174,,0.495994213209436,0.9367088607594937,1,5
0.7939066502360087,0.58735639713071197,-0.15724087719378038,-0.56721450475647628,0.8085698456192153,0.15646887981060234,0.21904322930623865,-0.035032377951671897,0.97508604553144251,-10.793903370674098,13.527070979870345,-8.7942858407485662,,0.2229440821988235,0.7752808988764045,0,3
0.7250902298320433,-0.64802356256715765,-0.23304424678563657,0.68562431772352184,0.71101612979447493,0.15612609685200923,0.064524828928647651,-0.27298631015099711,0.95985156192083854,-14.412686698839879,11.65104181301847,-9.1144923085841185,,0.200400427073908,0.24,1,3
-0.17433456855029966,0.98423342607240627,0.02986672412826653,-0.98107054083011769,-0.17621143620655746,0.080312661924029458,0.084309264755909288,-0.015300089927690653,0.99632216432463405,14.909828495745939,4.9000105226658643,-3.4830440314775175,,0.2528749344036685,0.3,1,4
-0.48640064391314519,0.86766165028219533,-0.10284782073750254,-0.87373482305664019,-0.48283422122770869,0.058809640277869002,0.0013684221052390523,0.11846676935329883,0.99295707459080651,3.207230392825835,-9.5228281467500455,-3.3857618127015914,,0.1341707560157286,0.4545454545454545,0,5
0.94427760483806378,0.27688684083801679,-0.17797045364900854,-0.25424060303514828,0.95696878293405263,0.13990162350038754,0.20904908698584468,-0.086858654493739598,0.97404006764091766,-2.5662848908125846,-3.3234704352748698,-5.1732422445787645,,0.07922765869644585,0.428030303030303,0,5
-0.33933566726270292,0.93797227210068701,-0.071128908986787961,-0.94059584620928627,-0.33741996005087055,0.037778626935157662,0.011434990914430038,0.079723191917681555,0.99675145028900936,-2.6735565281258169,17.02571046103224,-7.9065150085517599,,0.2050449866814431,0.2727272727272727,0,5
-0.7205191616572969,-0.59784352425453169,-0.35133354265083694,0.66038524891768535,-0.74613871433293033,-0.08466606159217209,-0.21152650116851363,-0.29301900873582198,0.93241428550987115,13.276867303979587,-0.91121550695461406,-2.9118709680438846,,0.6897215502214429,0.3934426229508197,0,1
-0.96592943812381549,-0.17709740849741007,-0.18872421272669596,0.19489154436435879,-0.97754232504062166,-0.080176609366140975,-0.17028683595946251,-0.11422570051296273,0.97875169621372193,5.5498731629586198,-10.094710457852448,-2.9291085673318,,0.6444579770219777,0.5411764705882353,0,4
0.95816308420715957,0.22991913296740507,-0.17047198115273748,-0.20098651704838286,0.96451928175497348,0.17119280092232153,0.20378401317910758,-0.12976805237956765,0.97037741552152279,0.4252808930021364,9.0308057347228772,-6.2967493092312932,,0.2522326108497265,0.7592592592592593,1,5
-0.98182364670683464,0.090907726548309614,-0.16660765895093294,-0.052941393051063101,-0.97416231563056621,-0.21955635200810389,-0.18226227165572553,-0.20674517662840722,0.96126837889934946,-16.364024245691542,-10.872898317514258,-6.6243236027292607,,0.5697661149034865,0.3148148148148148,0,1
-0.18395016590861538,-0.9547817060196867,-0.23356847028725661,0.9725027263140178,-0.21131411204132686,0.097901957917032739,-0.14283131230229476,-0.20913689273373523,0.96739907810772796,4.3282969381009222,4.978200381973835,-5.1855540105938154,,0.1735007249310682,0.5706806282722513,1,5
-0.15693827701113566,-0.95779355211719575,-0.24083581280926727,0.97846669914350992,-0.18389449305801417,0.093732246799808197,-0.13406452131708899,-0.22093964548188361,0.96602918029341078,-1.4796219099108765,-16.210134529763213,-3.3380035203913025,,0.08917065286142697,0.3043478260869565,0,5
0.91069942320352926,-0.35811951208934228,-0.20585668713367145,0.39121370772584307,0.90773292682795115,0.1515677024954861,0.13258354145276735,-0.21856657707264573,0.96677311501850816,2.0971052641567987,-9.74816194928367,-3.5341444580261911,,0.07076981062342018,0.38,0,5
-0.83329373096232284,0.55177645543602072,-0.03412185758941165,-0.54385794672001631,-0.82928132832338419,-0.12849518389298081,-0.099197236495677299,-0.08851678779002152,0.9911229421978669,16.112060660843106,13.935001600910681,-4.5336433444177109,,0.2888397044821742,0.1,0,1
0.46275626421953436,0.88644950234996356,0.0079949802427757947,-0.86593411315376556,0.45007907936881159,0.21814429626081122,0.18977552951363866,-0.10787076572466214,0.97588377704509122,-7.1873382487382678,-8.4169393434870674,-5.2941519905301142,,0.2993852326805321,0.1645569620253164,1,5
-0.9823241622747283,0.0098420102623521452,-0.18692879672551313,-0.027316504506991079,-0.99546355529285002,0.091137910143026399,-0.18518382432807676,0.094633212550956775,0.97813675234576103,-7.8424207285723559,-5.2789992384957865,-5.8460253322823252,,0.07775944941820155,0.3228346456692913,0,4
-0.96085753768702498,0.21298136241480192,-0.17717711910390871,-0.22371677861093214,-0.97371561823075736,0.042763276084041575,-0.16341234726290765,0.080726910491034587,0.98324949564421227,13.368591829228389,12.947823097562072,-4.8126555542239142,,0.1090754625630327,0.2222222222222222,1,5
-0.036664249867001349,0.99035555793840724,-0.13360988601969759,-0.99384535527645579,-0.022150301753947631,0.10853927366453747,0.10453297363562557,0.13676707568971244,0.98507239552744486,3.7859950412011418,-14.982931729684735,-2.609265441108449,,0.09253416810019807,0.3157894736842105,0,5
-0.47275432104531956,0.87422701055972352,-0.11059152743672505,-0.88118077442616172,-0.46831451330148993,0.0648225224200559,0.0048779826454278322,0.128096255366804,0.99174974396080062,6.9168950097718289,-7.9831045752792269,-2.992633437518454,,0.3731318455561162,0.8481012658227848,1,5
0.8443394035952948,0.52113797114675686,-0.1245238393456622,-0.49019806065574939,0.84514448918333185,0.21315875241797649,0.21632575636221502,-0.11893698933505964,0.96904961673911627,0.52866188641491496,11.252654990038449,-6.62576994743673,,0.1053281510456482,0.3529411764705883,0,1
-0.24544796442488948,0.96899930206416773,0.028207257201522316,-0.9675153726851865,-0.2466827762004076,0.055331831199623469,0.060574750329837994,-0.013709869627908657,0.99806950614536993,-19.9884196451479,19.24541069534644,-11.125103613897167,,0.2916450579696427,0.1666666666666667,0,1
-0.87495140239253011,-0.42021383437638038,-0.24058340934080616,0.43342467897063336,-0.90118705949401123,-0.0022206890242270566,-0.215877490977057,-0.10621778193522452,0.9706259277858863,-34.278638310248041,17.230931819248369,-13.298284617142535,,0.1474706118643548,0.5,0,1
-0.94833928867749706,-0.23525233447475075,-0.21285895018729903,0.22557874434246908,-0.97177817488646712,0.0690029630900168,-0.22308479027386438,0.017421766228119032,0.9746433493385972,-8.0358101539557207,11.483570353657557,-8.0486710696952173,,0.1144149236093123,0.3235294117647059,0,4
0.83973093457615322,-0.49311775845495065,-0.22734738576070002,0.5324262838391276,0.8299655973758816,0.16637114969174327,0.10664994042715892,-0.26075272475826683,0.95949664237975452,-10.680175709525322,16.084227681038449,-9.1510824524390273,,0.4066795127047901,0.7735849056603774,1,5
0.19904496648990916,-0.95843890977919988,-0.2043916767784037,0.97740513050857136,0.17901474951145108,0.11239630916037044,-0.071135871194159983,-0.22214539310687695,0.97241509251493885,-11.867773566513218,5.918115430310432,-7.9665966650964002,,0.07084000547613968,0.2789115646258503,0,4
-0.46258094126356075,0.87786248510463238,-0.12400133074139678,-0.88652114823986727,-0.45643445815195066,0.075814504779778732,0.0099562293658833154,0.14500014709459538,0.98938153956871455,-34.832291057969918,15.121771939695842,-13.094447015057726,,0.06481842929275955,0.2307692307692308,0,1
-0.97614142011100491,-0.09453969465391604,-0.19547422868095859,0.088560831748963245,-0.9953021250089098,0.039123637774129992,-0.19825465195955227,0.020878843059275076,0.97992814373754134,-11.818523896817789,-8.2965260167225008,-6.1637073913078471,,0.8065247766388791,0.9521028037383178,1,4
0.58840433476098086,0.79911668033032335,-0.12325936091158086,-0.78298014401555982,0.60117082844735803,0.15979902722260528,0.20179800026725025,0.0024831918494464759,0.97942401484054809,-6.9070455834602136,8.926323813092198,-7.5424161262257226,,0.4595597861176333,0.6578947368421053,1,4
-0.79576126852258688,0.585788107997126,-0.15367594492461148,-0.59895791058353065,-0.79876826807628232,0.056733369931897107,-0.089517734939710922,0.13719164130356254,0.98649127147060944,-9.1285854859726037,-4.9427639958961125,-6.096772962984125,,0.187279096422733,0.7808219178082192,1,5
-0.96633774495179969,-0.16114781672363124,-0.20055608653610341,0.15832429779695253,-0.98692680469082872,0.030147950342478889,-0.20279245402275681,-0.002619799220863501,0.97921823780170181,-15.520548960215459,11.622879558060959,-9.3374001564868063,,0.2041919697361427,0.5217391304347826,0,1
0.9587111716375406,0.22452058293311014,-0.1745376670428212,-0.2005218911116903,0.96890848308481681,0.14493903060001354,0.20165282185569749,-0.10395604477689924,0.97392467891104306,3.3777462614541576,-11.454752797982389,-3.0966631688875732,,0.08296108103914854,0.4693877551020408,0,5
-0.23482142241718842,-0.93709504970306845,-0.25828621216776421,0.95968366112716008,-0.2657330019617824,0.091614639845109619,-0.15448679600385959,-0.22635997766915941,0.96171460962703437,-10.191570127458411,5.7070007911191922,-7.6632083697037956,,0.1270182173635243,0.2901554404145077,0,6
0.85058537437816983,0.50724484148217774,-0.13859001292903192,-0.48055794401567986,0.85685282651292061,0.18672786653374038,0.21346799136491551,-0.092227460588156424,0.97258702036172007,-5.3718745885821146,-3.4342392138613267,-5.6230757229809578,,0.2284761005301731,0.4048442906574394,0,3
0.96421449762925782,-0.12582938380362307,-0.23336102659432617,0.17926714942681168,0.95791453099838109,0.22419420250875524,0.19532969998938332,-0.25800526636825083,0.94619215322697814,-6.1656933399745535,13.998808043626083,-8.088328629394093,,0.2707400953678098,0.3953488372093023,1,7
0.81324682965774608,0.5735763036808178,-0.098182574357546959,-0.54691355496829464,0.81100399827016167,0.20774522420925687,0.19878419817371631,-0.11525076418689084,0.97324308572461515,15.04076227060772,3.319609983168073,-3.2172047779498549,,0.5402721672889651,0.7338709677419355,1,5
0.40816979808258025,-0.8742741597481849,-0.26275865262599973,0.91260223620671665,0.38334220620486659,0.142147498790819,-0.023549403468580529,-0.29781444984854366,0.95433326414711284,19.142044533529013,-6.6519441505712287,-1.1544333461626912,,0.1208285481649837,0.3333333333333333,1,5
-0.74081490755432855,0.65558095170783348,-0.14631093090785427,-0.66907678179792907,-0.73945897462968113,0.074408903355360587,-0.059409871268992519,0.15301647165410667,0.98643622530720654,0.86201409894057301,12.156129165891894,-6.6645284591614207,,0.08129302616483755,0.3103448275862069,0,4
-0.53370998043937079,0.84482194152830281,0.037809309591073675,-0.84542390305861959,-0.53194943012857321,-0.047835425398078862,-0.020299776268110793,-0.057495138039954874,0.99813938314507455,-1.1408090797329242,-13.381956364468024,-3.6265514078933574,,0.3442656228231402,0.3,0,5
-0.97825813073534429,0.13846628755970591,-0.15439597423385767,-0.12379613251918287,-0.98716091605111778,-0.10093484727491463,-0.16638974494686307,-0.079626710534532477,0.98283978335533773,1.8188716145729003,-13.212014009665017,-3.1535139023450092,,0.3692269825520902,0.15,0,2
-0.57673581966921517,-0.78978957882478318,-0.20882580178284701,0.79230418595723584,-0.60305751701194465,0.09260511913511521,-0.19907252754993388,-0.11204486759846978,0.97355846070984409,-5.2882513970261629,-8.8936761916949578,-4.8789963739617921,,0.07077886019088488,0.265625,0,5
-0.79153081492950439,0.60635298389330172,-0.076256330496061023,-0.60527837923901417,-0.79505084477577115,-0.039143809818739307,-0.084362625864938187,0.015172776444098231,0.99631959441343443,-10.325708073215628,21.670938436527962,-9.8335209929561813,,0.6726479933854019,0.1111111111111111,0,1
-0.51701581116348128,0.84773277641437739,-0.11850650108638434,-0.85590143715508482,-0.51381787899331943,0.058514247005886803,-0.01128631396102843,0.13168267547242593,0.99122766915456695,1.1592977696657512,16.47259128039078,-7.2324249056060026,,0.3238150000939123,0.5609756097560976,1,5
0.38317018489381938,0.91521018697933532,-0.12478350474998201,-0.9091877210204683,0.39753682035376042,0.12386349102391737,0.16296716649081863,0.065990833547354452,0.98442212111150873,-6.8820201648015926,3.81777398756594,-6.8670928281000734,,0.2547643179491811,0.5981848184818482,1,5
0.15305314361452113,0.98810513496366192,0.014932430751774736,-0.97851183599626756,0.14941996241392044,0.14208540265430883,0.13816411272442342,-0.036358177768783133,0.98974176473684627,13.872122657943073,18.400890763756234,-5.4790602811727869,,0.7024243548100451,0.3953488372093023,0,1
-0.87727726444277077,-0.40714478868107051,-0.25420016196229228,0.42344668283635928,-0.90586041660518901,-0.010479142272049113,-0.22600333645035628,-0.11683332862552769,0.96709485844749832,11.277888054894914,8.7153640281002893,-4.5433383067417452,,0.2091811359212715,0.2916666666666667,1,5
-0.20647801526725457,-0.90352675380288294,-0.37550796845568901,0.96732181382741855,-0.24621789384915868,0.060541368023164906,-0.14715752683749195,-0.35073658764221882,0.92483972037546269,-22.834690242858763,4.8198508415305472,-9.7444472041108021,,0.2177764175332607,0.2727272727272727,0,1
-0.87126998970797642,-0.40209946725466017,-0.28143315985821682,0.42405074532364562,-0.90543610086084159,-0.019142430576501102,-0.2471225817781994,-0.13602016648803933,0.95938988106183531,13.188402794898161,10.875388725211112,-4.5382071899775633,,0.3282990783338737,0.4,0,4
0.95518832049877511,0.27086850232975546,-0.11935462633833739,-0.21195110142641949,0.90736810928818989,0.36298738938274849,0.20662043216210843,-0.32142397031399311,0.92411829779565147,6.1120881224933994,1.7713308344853309,-4.4472716950401683,,0.1698450001843499,0.3846153846153846,0,1
0.88424867207613433,0.43727005482712211,-0.16400971033166908,-0.41447599770352217,0.8966142094919386,0.15586085674349404,0.21520672215166117,-0.069841667281299036,0.97406786634818499,7.4914758937909216,-6.5589931379254329,-3.0766080303239933,,0.1566990621041138,0.5333333333333333,0,5
-0.92969064356268905,0.3263929078156837,-0.17071314243377983,-0.34058342561427762,-0.93823732476710853,0.060939745738754353,-0.14027914124643542,0.11479717828188397,0.9834344769173391,21.456961103621701,-9.2169112415307293,-0.43664163790926208,,0.1562489883073173,0.1904761904761905,0,1
0.96857204949606679,0.17375989393281377,-0.17797663946553807,-0.14543155333285526,0.97609603052310678,0.1615122363544868,0.20178664036596092,-0.13055281865012361,0.97068950407034216,17.348747427126014,-18.027822553600323,0.10344539991802573,,0.4374114842478903,0.7241379310344828,0,1
0.59986551221971252,-0.7714906799824387,-0.2120459807438414,0.80000107737732029,0.58252847176242839,0.14373188853298446,0.01263500868660296,-0.25585681598574878,0.96663211526884696,1.8599446267569038,-10.720126972785192,-3.4904416215015628,,0.1946004304933711,0.4074074074074074,1,5
0.5689791939063954,0.81570887001786818,-0.10431546518038778,-0.79984285611523209,0.57841052839379647,0.16028932018271566,0.19108658357680808,-0.0077653085824952277,0.98154246854609506,1.0354775630965372,19.114024047584877,-7.631383446891574,,0.2312954642644406,0.3846153846153846,1,5
0.92699854178512209,-0.30219163051553699,-0.22215742610729755,0.3591792146477395,0.88581091394420064,0.29381850946183441,0.10799997820968001,-0.35216365965798074,0.92968637804531018,-0.0017423234729999739,-12.789706570972493,-3.5338554968652467,,0.3485297147574054,0.35,0,3
0.73116677306351441,-0.61925886385154694,-0.28620553717421116,0.67718385771264555,0.70960606726374431,0.19463106677995323,0.082566172378930935,-0.33612153879776002,0.93819248469326333,16.831301224337448,12.68490846409583,-4.2553345346336213,,0.2424304466990791,0.4528301886792453,0,4
-0.90253109092767425,0.40856811469791776,-0.13605045226345208,-0.4131898414742175,-0.91062270210637575,0.0063599772792892334,-0.12129214653641847,0.061954742035383495,0.99068149529902683,25.48943880778771,-10.300532606352547,0.36184532820015725,,0.1358474416021285,0.1176470588235294,0,5
0.98440554293443916,0.085808142336791071,-0.15356656455316184,-0.056796228486330466,0.98124482207590902,0.18420854371865003,0.1664929892508388,-0.17261390980429789,0.97081642068539054,-10.625478211307049,-9.4494610085578472,-5.7717174363641455,,0.1277131019720547,0.2258064516129032,0,2
0.5986911436571356,0.79781017518812092,-0.07118875524134495,-0.78045520086636755,0.60103231777798627,0.17219126698837203,0.18016268744429276,-0.047529752289729055,0.98248782623507769,5.517519218540337,15.549146783071254,-6.3993980904440821,,0.2973686283586221,0.3333333333333333,0,6
-0.70018510870833983,-0.65553548619048274,-0.28286753063598385,0.68955820798595979,-0.72361169138810577,-0.029926541491436011,-0.18506834235569278,-0.21600774623020813,0.95869200592591974,8.2421870012743614,-8.3342493180627315,-2.7024959270403155,,0.724077408408922,0.4,0,2
0.061806083575890937,-0.94293651465212858,-0.32718608981542513,0.99682958242225184,0.041859772367405665,0.067664932315265242,-0.050107800200073112,-0.33033087774691366,0.94253420074078176,5.1365634321321831,-16.395011668287189,-2.1873944582391927,,0.3710775833402475,0.7727272727272727,0,4
0.92232739574970957,-0.33517079327188909,-0.19228290196231845,0.37188027108655097,0.90511456794994771,0.20608901683828848,0.10496303647547318,-0.26158776390013233,0.95945536777464346,-3.765227285204515,17.362952655297899,-8.1642165923400984,,0.2043783842045519,0.2307692307692308,0,5
-0.27561816423938279,0.95250865552373176,-0.12946771293911544,-0.95832934219761767,-0.26175031934455079,0.11441871440506084,0.075096600618096226,0.1556085841957256,0.98496013579241248,-2.7564627073346508,-14.12719339531451,-3.8333977489252016,,0.2745218889422953,0.4375,1,5
0.9560770986908097,0.24734248823608165,-0.15728405790844738,-0.20713011816985843,0.94978321945144606,0.23453986909561317,0.20739743370134658,-0.19165993207144449,0.95929806365512127,12.907511727268433,14.787532869232553,-5.1084984225680037,0.4393045203459349,0.4028987624864859,0.6721311475409836,1,4
-0.52397942260394648,0.85036879514754105,-0.04815056517790299,-0.85170388169089994,-0.52267436648621557,0.037576648744726326,0.0067869433684216336,0.060699413980283765,0.99813301645730645,2.151946517359439,12.516370270347451,-6.5182454229424307,,0.1252913489965967,0.2352941176470588,0,4
0.98738673838316271,-0.035604732127219103,-0.15427161733516778,0.067236281427262345,0.97645513280789753,0.20497476935697559,0.14334124083770675,-0.21276201884561141,0.96653277855013597,20.133335835152447,-5.3573953245936945,-1.2013181960244899,,0.2947871287963987,0.5869565217391305,1,5
0.98531426603707928,-0.038521466429452998,-0.16634871135038981,0.072285565190699327,0.97671808296647422,0.20198164142158095,0.15469516543470893,-0.21104000338897705,0.96515880701608248,-3.9761237908292895,-13.469580596211928,-4.1387349254454655,,0.1329528944010513,0.3181818181818182,0,5
-0.49784671800793057,-0.8372437454753755,-0.22621130836255049,0.84569360850227027,-0.52647170422051881,0.08734909955776346,-0.19222634030522862,-0.14781899511736454,0.97015389437725363,14.817998669023888,9.6307876786396953,-4.1164726459684005,,0.1345102837393467,0.5,1,5
-0.30464026378607223,0.94989468799510457,-0.069959927094275259,-0.95096733840058367,-0.29921802499901595,0.078292367514334091,0.053436232798202248,0.09038061315554452,0.9944726812688045,-1.2668335393247792,7.0676374352523323,-6.3649669146768977,,0.1536189353101593,0.2129032258064516,1,3
-0.75390430995886581,-0.61126356054691711,-0.24080106098801005,0.63686777959545982,-0.7699661501710382,-0.039389832494432044,-0.16133109662614623,-0.18305460152177486,0.96977486568951099,12.429337854999456,-1.7076800553117766,-2.9587682446471133,,0.5679083328587969,0.2555555555555555,0,2
0.95706980718783818,-0.1796584743111326,-0.22746475941919281,0.24241328711120821,0.92634300438637152,0.2883130875565163,0.15891249919806241,-0.33107623115021184,0.93012652191301282,3.3766239645890748,12.285027139608045,-6.2994629686344101,,0.09388546595382123,0.275,0,4
-0.89940878734553598,0.40868914057518885,-0.15503876812444495,-0.41861548971241969,-0.90743244617993024,0.036433876992972118,-0.12579707873580817,0.097670578967370303,0.98723632073871503,-1.2452774323789897,-22.202242627253998,-2.5196510554874605,,0.1131890721221096,0.4545454545454545,0,1
0.74111700413184145,0.66798818945445138,-0.067359965380103345,-0.6350618626042096,0.7300434862962828,0.25245383495213969,0.21781188409340022,-0.14432008476208052,0.96526146524242318,5.7542582656457117,5.9517955085747438,-5.0785321689058343,,0.2238290414076805,0.2280701754385965,1,5
0.69508115480176802,0.70272280021773714,-0.15179872955193896,-0.69124873371365603,0.71127706618115061,0.1275151883659463,0.19757878524453906,0.016297275197952574,0.98015153034743285,10.650331997445489,-6.4093063254413449,-2.558469420742882,,0.1832837615531315,0.6483516483516484,1,5
-0.9348060658393772,-0.28175389227509251,-0.21622294849932119,0.28525920130776206,-0.95832519135145067,0.015492439784034164,-0.2115769537051761,-0.047197158908559314,0.97622109219776465,-9.5384760622554357,5.1498379205785554,-7.508014100483849,,0.07906225665989289,0.3216374269005848,0,5
-0.98173450437457932,-0.044044796424921283,-0.18508759771601069,0.031654621835140534,-0.99708843205762376,0.069373219424657268,-0.18760423192686995,0.062247205276659973,0.98027033903835525,-5.7822056996894569,-6.5440538258340197,-5.3208693152285926,,0.07760858842724724,0.2592592592592592,0,5
0.38241937894394534,0.92393642228374095,0.0098440939474355102,-0.90933050042790708,0.37444105023495688,0.18141648461612672,0.16393126486322826,-0.078328714252573886,0.98335708312081582,10.350114053935348,-10.965375358873031,-1.9828859155150154,,0.427134238538947,0.25,0,3
0.58239934610683453,-0.77783103109762219,-0.23619883301138572,0.8126130928939882,0.56483075072780908,0.14361818927115541,0.021701679925697152,-0.27558140375190138,0.96103273981406767,5.2115555752750549,2.3575284130697809,-4.6794055463078985,,0.07913224416731578,0.2711864406779661,0,3
-0.24269595482570014,0.96939853063501757,0.036948102981204822,-0.96740818934482009,-0.24468290571513437,0.065204837545806582,0.072250042905303138,-0.019918947097339101,0.997187628707213,18.74873254843089,6.7358650158309716,-3.1202124789925683,,0.3481362323153038,0.1724137931034483,0,4
-0.86027572731408675,0.48361491662650335,-0.16137622318841915,-0.49793653874257421,-0.86497549036469323,0.06226238393623397,-0.10947546016931592,0.13391793563484314,0.98492695675162534,-2.3323001511141075,8.1750269886213385,-6.6594012237154869,,0.07724857458282133,0.3225806451612903,0,1
0.93106152419735255,0.34487534821947013,-0.11910261269091184,-0.30978822845139492,0.91967372070231235,0.24131204064967715,0.19275811700742562,-0.18777976898501167,0.963111139322813,12.970249211847662,7.3058123659706711,-4.0950679881258596,,0.6170852561794058,0.3846153846153846,0,4
-0.5352102118565133,0.83239462618593729,-0.14376792208722869,-0.8446639430858931,-0.52542580137201333,0.10232570792898775,0.0096359937264898499,0.1762013437785053,0.98430698162491548,-12.166265221382233,15.209013363463912,-9.2343543468072777,,0.08478414317609331,0.2,0,2
0.65939007851777864,-0.72641725660549927,-0.19370775322133499,0.75064709893577253,0.65041858071288139,0.11612322215108196,0.041637209460121886,-0.22197666356890108,0.97416256529348955,3.156677197291982,10.972525678185923,-6.1738613560597981,,0.2654143502591092,0.8616352201257862,1,5
0.71220097184265885,0.68514923722454668,-0.15277532011746486,-0.66787400920306472,0.72836943917895791,0.15304335301199806,0.21613441081280119,-0.0069629591950712546,0.97633879041132587,-11.218759031989674,11.792935673804051,-8.6412815468041231,,0.1169726292206629,0.4074074074074074,0,2
0.38588199125274092,0.91584185437525489,-0.11103506924082554,-0.90598851328760044,0.39890245407481639,0.14163913980257636,0.17401121405743983,0.045940503997937747,0.98367147334599081,-13.864330183071084,5.8207147942056059,-8.3008282975365564,,0.08108772547150281,0.2717391304347826,0,4
-0.015939374542699659,-0.90197052582460613,-0.4315033103961905,0.99340499302193186,-0.06329313389158088,0.095605957143257078,-0.11354495223603477,-0.42713364389364844,0.89703087687986005,-26.453949888226415,6.7202663149946105,-10.602637976780388,,0.2913578239451633,0.2777777777777778,0,1
0.68997014280073565,0.72351628934118739,0.021572693422283934,-0.69292026997814382,0.65158846327599895,0.30869722055606336,0.20929094939091084,-0.22794002189958182,0.95091568759773326,-4.9601129889629236,11.153915504471696,-7.5113771737124564,,0.3266383248302834,0.2465753424657534,0,1
0.95792149228739021,-0.17459222040959346,-0.22782443061784821,0.2340042269300599,0.93467736347316388,0.26761959567587751,0.16621803871049604,-0.3096704422176953,0.93620285239040624,12.948204944107156,9.0360546134481119,-4.3412651789102714,,0.3066420214116103,0.15,0,4
-0.037993973342992045,0.99897636564086345,-0.024549518948132475,-0.99861490723660973,-0.037062488105014245,0.037344866049889729,0.036396772307864714,0.025934395432289804,0.99900084189110261,-1.1386285219052514,12.432351767986258,-7.0490114611319603,,0.7369481282486821,0.4444444444444444,0,2
-0.86772400381720183,0.4669156159159763,-0.17042552864300894,-0.48329698061946902,-0.87266363322243568,0.069872825727340701,-0.11609944755919145,0.14299647151179268,0.98289008918170895,-6.0205390856332155,-7.5811737628630294,-5.2271616797103473,,0.1139356001404326,0.2843137254901961,0,5
0.088461017486877624,0.99472414178059754,-0.051947378606044835,-0.98797101606672633,0.094262373899718144,0.12258823874610011,0.12683816380438265,0.040478224092012766,0.99109716656697677,-19.725279215791986,17.261143245996056,-10.832006698950957,,0.2373282675585895,0.4347826086956522,0,1
0.78425924939406921,0.59808723009908904,-0.16501240841903422,-0.58131370065340804,0.80129045257173703,0.14144960957889172,0.21682207261367711,-0.015009190843625371,0.97609574992299231,0.559379884409545,-8.7536984755531204,-3.9310627816280745,,0.2295919778706871,0.7793427230046949,1,5
-0.1345229704410828,-0.96655285377693234,-0.21835556159478983,0.98150572000150937,-0.16025872817762074,0.10470750520956565,-0.13619872256385979,-0.20023166807116211,0.97023563481940467,13.460209454813739,-7.1799646159429855,-1.963149252343664,,0.3323025350963439,0.8778625954198473,1,5
-0.25489616660600917,0.95914516495896651,-0.12275380558417617,-0.96448881716620705,-0.24310016470917711,0.10326486081771205,0.069204521607277622,0.14471648991807051,0.98705008572761921,-6.0917311732091592,11.880268006963179,-7.7662326603379492,,0.1328959394615795,0.5892857142857143,1,6
-0.75359275193771258,0.6571629191072792,0.015325207252892249,-0.65341530577290508,-0.7463436106553486,-0.12656876793126415,-0.071738430486356267,-0.10539503111786871,0.99183944517599076,14.617056940204492,13.540299700549692,-4.7086747820695205,,0.782755538102944,0.625,0,1
0.89916362461548427,0.41796490698025207,-0.12965381869167575,-0.39425661246613974,0.90228483742350263,0.17448150527310369,0.18991182084080208,-0.10577054735905045,0.9760871332090687,2.678778821093263,-17.441975777364075,-2.5008252341810833,,0.09469363519831535,0.25,0,2
0.86685323536457415,-0.45383818613866578,-0.20638887843179785,0.49031590875550213,0.85102153180648932,0.1880230358839115,0.090309345913012262,-0.26418412746435394,0.96023485087589966,-3.8134668615376999,-14.903344016735119,-3.9025667067035053,,0.1191931112897139,0.2258064516129032,0,4
-0.8583890624179823,-0.46221846520872933,-0.22253608233556982,0.45971911770522766,-0.88559703441509474,0.066153045670751018,-0.22765445380555155,-0.045519040579476124,0.97267747306454022,-0.289821501949931,-14.968404173287654,-3.3016904629050101,,0.4347047718481829,0.3076923076923077,0,4
0.4847038094092937,-0.84167741994977829,-0.23799440726790513,0.87445332768697148,0.46012476511740807,0.15367686300426237,-0.019839224816001495,-0.28260276232254433,0.9590318471700332,-6.292476151608037,19.170059752887795,-8.8756396441763723,,0.2918183174781464,0.5952380952380952,1,5
0.86474039680691583,0.48937391199809244,-0.11285929463673651,-0.45665011794016075,0.85970045651951044,0.22887943298903865,0.20903281061942328,-0.14638408149737411,0.96689036853653443,11.971477843919629,1.9318996453155015,-3.5219868917579769,,0.3984176560999872,0.2580645161290323,1,5
0.67022172731161811,0.72206012542223508,-0.17155760407121215,-0.7133289641272037,0.69054243199790688,0.11963669398485197,0.20485269140687279,0.042193896307883755,0.9778829428606054,-20.37244707302898,10.456995904256077,-10.019149299214302,,0.1275283750056791,0.3947368421052632,0,3
0.80118486741425177,-0.56494662802785145,-0.19732743272634035,0.59174623606088728,0.79704051362635076,0.12067647552864665,0.089102190400576986,-0.21345193163380782,0.97288183894428604,10.257906406415254,0.38489958472778923,-3.5904656719436199,,0.1058382111185807,0.4423076923076923,0,5
0.96707350081666643,-0.15919430046541061,-0.19855986179871388,0.194907567049703,0.96496972407751602,0.1756259431875816,0.16364560588344967,-0.20854401528955618,0.96422482303762913,-13.582987548920661,12.884525961200891,-9.1756208471581537,,0.07568318573383236,0.3043478260869565,0,1
-0.068426252973702625,-0.9070892273948491,-0.41533959773683071,0.98853993660582284,-0.11779743007202752,0.094406351501262545,-0.13456092166499531,-0.40411990672650527,0.90475436409449039,16.119355353336193,11.599351984679869,-4.1946871724679857,,0.6165930544535058,0.1875,0,3
0.48060767717870345,0.85953085968613707,-0.17384752481442553,-0.85668163305140377,0.50254984695222649,0.11636249791352586,0.18738420485535204,0.093007271627035024,0.97787361514421878,-12.665228520959252,-0.59328653848661195,-7.2916511254319838,,0.07717286122013464,0.2419354838709677,0,1
-0.77651608794350924,0.63009561322470786,-0.001511079047265607,-0.62508972259460727,-0.77064425572189843,-0.12397689232045622,-0.079281800380068393,-0.095325491437600524,0.99228395472801756,3.4144947597593078,13.452528124663292,-6.4264938994783511,,0.2416681013094821,0.1578947368421053,0,1
0.91253391467943346,-0.35027194737039069,-0.21116680005432392,0.38821176978617478,0.90428980567701978,0.17762761369816421,0.12873801442975119,-0.24406865885232426,0.96117480897426422,-9.9036759876030498,-14.743909152387616,-5.0081944911789904,,0.1429843821449203,0.5,0,3
-0.26741595187246298,-0.88454344440386623,-0.38219314965902917,0.95070694141551348,-0.30682190747611593,0.044906888525899205,-0.15698732505684732,-0.35134486200151333,0.92299066502139326,-15.506917301063304,13.830577638841321,-9.6723571825516448,,0.1916491226869717,0.1428571428571428,0,1
0.34399679635556613,-0.88362973079625384,-0.31759203854952933,0.93782970487842077,0.30665873687667522,0.16259109368245017,-0.046277950956804953,-0.35377806312735188,0.93418383271447059,-15.871026662821693,-8.5508050246083407,-6.8649311493468774,,0.2475579510298319,0.3114754098360656,0,2
-0.97880771095140795,0.10200839373446104,-0.17756619213628411,-0.10680746950298776,-0.99412294707055482,0.017655893240586477,-0.17472157691719981,0.036247120098978736,0.98395046462923985,-0.10243640361067866,16.483456079566917,-7.4383172571784373,,0.1106420779219011,0.5185185185185185,1,4
-0.089833882317233979,-0.90443643618989589,-0.41704269143570316,0.98707886365367381,-0.13663700737268436,0.083699732045038028,-0.13268455266528759,-0.40413495407890532,0.90502472252179689,1.8680790644515479,11.358562410510467,-6.4179176003981144,,0.2986365480209262,0.1904761904761905,0,5
-0.95654390177113335,-0.20881426041201756,-0.20351994652377173,0.20613487879209999,-0.97791451878351321,0.034519642202331217,-0.20623330412380772,-0.0089330062684909936,0.97846207165591481,-17.524244653065114,-3.3842706558685003,-7.7839325341164978,,0.0879504629247457,0.1333333333333333,0,1
-0.0041775519022083131,-0.97581886138751739,-0.21854083787812495,0.99377032651861785,-0.028390339931972746,0.10777071369173839,-0.1113691438019704,-0.21672918206581129,0.96985843062268629,13.440750699945687,19.551071923124262,-5.6919621143932524,,0.2972674660286364,0.7777777777777778,1,5
-0.019430446397298344,0.99619998074183391,-0.084900271629551258,-0.99575414191040101,-0.011639612637517838,0.091313790228694569,0.089978589792701347,0.086314064830816523,0.99219641986418128,16.541186193190605,-1.8530720783403851,-2.2773918057469484,0.3640195669836578,0.1630442042724113,0.125,1,9
-0.95822074544483204,0.25383745139883285,-0.13183152607209406,-0.23889286760804856,-0.9637040967716759,-0.11918310145106109,-0.15729971648148475,-0.082710109012354954,0.98408121466777876,-17.983349564138098,10.058700363099808,-9.5781971987367385,,0.1859843222830201,0.425531914893617,0,2
-0.65967721858038963,-0.6679134928629491,-0.34455410799706965,0.72201122885686309,-0.69049083651810395,-0.043842788336648765,-0.20862826436186363,-0.27769402358737377,0.93774211624156656,1.7326368241314429,-14.855556160121893,-2.9665632185822846,,0.2325234498968624,0.4285714285714285,0,5
-0.1201857467931205,0.99273962483456024,-0.004839788333793677,-0.98893531617377417,-0.11929528931291544,0.088179217347542652,0.086961639198311458,0.015384122694641678,0.99609286819897391,-18.463294103366692,-3.6151747997553749,-7.9096351159023452,,0.1048499700310763,0.4375,0,1
-0.0019802097103213206,-0.95116346353479275,-0.30868129908693925,0.99392356607769461,-0.035844007633257152,0.10407282023749707,-0.11005463899764756,-0.30659953156077124,0.94545476025128439,-3.6612316134109837,-5.7708894783222657,-5.0753450401349838,,0.100207742306373,0.3984375,0,5
0.88086012291605131,0.46858166409592833,-0.06720615990674017,-0.42355259558723429,0.84356475694457345,0.33015405436305184,0.21139688414836372,-0.26235419743951977,0.94153153556226155,-11.472331416320676,-12.183571819489917,-5.6056662108176507,,0.3762319409146497,0.1666666666666667,0,2
-0.97701628584994404,-0.098777064862150613,-0.18889750829801644,0.082776916790875149,-0.99242188448426405,0.09081181224542953,-0.19643614542791557,0.073088266184943407,0.97778880445395866,-11.477536686205099,8.0903578851724571,-8.1971470825406545,,0.3548969207201133,0.4193548387096774,0,1
-0.87468495901723042,-0.40399884711634565,-0.26778938365381399,0.42334368238499864,-0.90582416328621274,-0.016208386457092248,-0.23602192494286522,-0.12754417562357184,0.96334113075834582,-19.327041719024759,9.5391436434237171,-9.7740314725254578,,0.3438820758270737,0.6470588235294118,1,3
0.10248782709629729,-0.88690002771376575,-0.45044931583742109,0.99060534608318762,0.049782227712553882,0.12736867006993474,-0.09053890660090802,-0.45927123864367631,0.88366998124085627,-20.476046502990002,14.44390425956653,-10.566404923219276,,0.3362354946946229,0.15,0,1
