axis_00,axis_01,axis_02,axis_10,axis_11,axis_12,axis_20,axis_21,axis_22,location_x,location_y,location_z,dbh,dbh_approximation,score,reconstructed,number_clusters
-0.9504373666694832,0.23438841995377901,-0.20428137612114353,-0.24789443991180871,-0.96783793117298234,0.042872901040291379,-0.18766235290858893,0.091388224484180339,0.97797292075314635,13.338230780120181,10.820430215623805,0.15006353723645741,0.3950700367606229,0.2846628752183205,0.7142857142857143,1,5
0.91345259245762567,0.38359997879363528,-0.13585071807673635,-0.31996924643722746,0.88328704435425798,0.34267138574779099,0.25144391554944223,-0.26954601378139731,0.92958103669756675,5.2360519321471841,11.416481341966549,-1.7111052729335634,,0.09331275226292306,0.4,0,5
-0.15933024404135868,0.98014296272630064,-0.1180408656009892,-0.98606862951297714,-0.15221546436238409,0.067075407560020825,0.047775843520760558,0.12708353562540467,0.99074075506603942,-6.5304910780795744,-11.280210343205361,-1.2145022924340489,,0.1565712705051494,0.2413793103448276,0,7
-0.8614485349375347,-0.44138864921956039,-0.25116226228099359,0.44257475321782092,-0.89504496111458609,0.054973679134412201,-0.24906627525251121,-0.06380108089617488,0.96638264295687737,-0.96522385669590771,17.250158355443965,-3.6762899059923022,0.1823788312022724,0.1460833946839546,0.5818181818181818,1,5
-0.5738916064650188,0.79782062682754851,-0.18474488203329864,-0.81825773675756286,-0.56778541479916256,0.089855433768545226,-0.033206930984216849,0.20273620828515138,0.97867018427290864,-4.7641819631634474,-1.4662771157807413,-2.0124395477317396,,0.06856567137976721,0.1413043478260869,0,4
0.16304242045171941,0.9729166286366222,-0.16386092534705252,-0.97359396836796452,0.18555339620821229,0.1329839159940619,0.15978721441580448,0.13785198902426377,0.97747883620633458,2.7301335334540591,10.560633842870422,-2.0410130053512807,0.3360599798346613,0.3086173303347097,0.5523809523809524,1,5
0.97528754346234947,0.021564633687960934,-0.21988445634259726,0.034686622340214163,0.96793891772931739,0.24877919884030722,0.21819955498992852,-0.25025830279713362,0.94327076498919182,-17.107918289250875,17.043033702170455,-6.936538903607258,,0.3476364116171105,0.1666666666666667,0,1
0.96346495390876186,0.15964310769917847,-0.21505664545355593,-0.091231428723965932,0.95054209588628369,0.29689484731314492,0.25181761058863988,-0.26642785536099672,0.93037846540274594,8.098915965309029,-13.854508313074842,2.3423254629512069,,0.6241411191568075,0.2,0,2
-0.94451302556465211,-0.21872669333993308,-0.24505872389956965,0.25955856116696713,-0.95420686948334954,-0.14872324483993588,-0.20130697420516841,-0.20407813173234579,0.95803320312241513,2.0094824533916587,-8.826203062971036,0.28335711339215031,0.9082935053174617,0.4028235524225194,0.8333333333333334,1,5
0.97354037697268347,-0.049966290374421511,-0.22298543501786203,0.085243940066562093,0.98477428734812045,0.1515027183252188,0.21202029404237355,-0.16650217056909861,0.96297685439991998,2.2730843310803204,-7.7144875923464937,0.15415872909728615,,0.07377092754769862,0.1785714285714286,0,5
0.85321017927549692,0.48377755551313062,-0.19491451142081276,-0.45853522469329977,0.87384113973638367,0.16170068094996523,0.24855147896590626,-0.048589497691962608,0.96739920561157322,-14.829231581572834,-13.015232042393414,-2.766815730083545,,0.09672691287344289,0.2941176470588235,0,1
-0.67560153207408247,0.72382766514297137,-0.1401288015820657,-0.72904238018405254,-0.6841975177134314,-0.019260442631186706,-0.10981701942195939,0.089147450487673266,0.98994593504737605,-6.1983303371246583,11.782328024876723,-4.0308810930745551,,0.1650704533912598,0.1111111111111111,0,4
-0.64244311377383689,0.76633303468252012,0.00072492679356863017,-0.76412119744103479,-0.64051645638106491,-0.076534075589386935,-0.058186262862083914,-0.049722721761006651,0.99706670276106479,-15.898142315841392,0.41116371461790763,-4.5826795038812573,,0.3734974899270535,0.1568627450980392,0,2
-0.66649969313792257,0.72027450140999916,-0.1923091304791146,-0.74272673060401506,-0.663793461516615,0.087950236463932255,-0.064305230684031503,0.20145193736067218,0.97738526397746872,-20.302420330387143,-0.33327344531184211,-5.4642415938172801,,0.08979289133451487,0.4117647058823529,0,1
0.2060321470074456,-0.89577252408168362,-0.393881123563737,0.97611038341889889,0.15975763920647751,0.1472617265177304,-0.068987490034876447,-0.4148121042297373,0.90728807134403855,-4.8368729409749065,-5.230607578841985,-1.6113730998392521,0.2772585566149232,0.1188789922152925,0.3220338983050847,1,8
0.021382687640929144,0.99273593875141741,-0.11839821189778979,-0.98973670940154834,0.037755733032684008,0.13782507277763845,0.14129411428735131,0.11423598616245309,0.98335452037057625,-8.5015812469434291,-21.144475653633215,-0.27539264288378007,0.3407990905101216,0.2835498571697451,0.4074074074074074,1,5
0.97611210515988611,-0.06540753281828407,-0.20718835105034314,0.10199429189974575,0.97995022634737805,0.17115699898511744,0.19183931448012573,-0.18820044774746716,0.96321247338655658,-1.9469615440913082,-8.7585742477726338,-0.59530425054868596,,0.1848988730604668,0.2686567164179104,0,5
0.97505956721563625,0.037108591173858917,-0.21881908701561448,0.048839559754579417,0.92588085181071067,0.37464562676381413,0.21650297407711167,-0.37598883056729704,0.9009766154037524,-4.6525682721793684,-2.5987873615703991,-1.8235673936005559,,0.1042808190309712,0.2773109243697479,0,5
0.9551728914933022,0.22326495075100253,-0.19441581500093791,-0.17474069302732806,0.955284796233973,0.23853018317300637,0.23897790181658138,-0.1938652105210506,0.95147561324133523,6.0936259795307803,-19.295009007573974,2.6797007669340629,,0.2185874575853152,0.1818181818181818,0,5
0.8730046371570892,-0.42665286403951325,-0.23628422949723052,0.46827967708673268,0.86867299826330713,0.16162105715463526,0.13629764315557555,-0.25174303504787798,0.95814842105757214,-20.471423833573223,-10.169130770514268,-4.2784236808962763,0.3775627002074496,0.3969999052725635,0.9,1,3
0.19810070051777362,-0.93227226201208413,-0.30269546071462605,0.97766708308903805,0.16582824950784797,0.12910486555252426,-0.070165426661139743,-0.32151115244736889,0.94430259543931439,-0.73976208097835117,-6.8512679610076654,-0.54025532590771685,,0.3981409685778354,0.1346153846153846,0,1
-0.045266307284441511,-0.96431555835994676,-0.2608571741964868,0.99070935267989146,-0.076855712519098215,0.11219704971956193,-0.12824172463524747,-0.25335489606109346,0.9588354169013843,-2.0474335417631031,13.590481344067843,-3.4312121952490546,0.3044031208229616,0.2528310144857078,0.7,1,5
-0.7563566796633584,0.63240131511711317,-0.16731153506786761,-0.64726840565806487,-0.76052311659920457,0.051460666096541242,-0.094700497176556458,0.14721808909362674,0.98456013025012057,-14.499080114600012,7.3148688980307943,-5.1368489544355329,0.5607413224355864,0.5289855143152937,0.9723247232472325,1,5
0.90891121157396415,0.37363050494005223,-0.18515035850191786,-0.33085950817610787,0.9164304198461688,0.22513833842781472,0.25379597184473013,-0.14337200339959974,0.95657308832967536,-7.6910359526152128,-11.628431112804604,-1.3808820983816232,,0.7601270142027839,0.1875,0,3
0.97378466336323044,0.10605623740086832,-0.20123494703189559,-0.032801642484153487,0.94088229863561323,0.33714173927964686,0.22509438386796979,-0.32170261830226732,0.91969557122374113,-4.1347283218157198,-4.564965984855716,-1.547616482246233,,0.0923286344178903,0.2222222222222222,0,2
-0.15766890035706971,0.97897737469977353,-0.12939790448895,-0.98494040111459702,-0.14649158844092605,0.091829302340108401,0.070943104755917571,0.14192784907125644,0.98733153577995136,14.010945971664766,18.718548211980593,-0.45748649434488176,0.4127343778760294,0.2807804095474201,0.3,1,5
0.87965543417925873,-0.40310163747969396,-0.25241907015930798,0.44870887299243306,0.87934020937759283,0.15944009367041898,0.15769167516632149,-0.25351502131621501,0.95439167512624423,-17.191625691692803,9.9492536842721719,-6.0842891362690619,0.1385918844828383,0.1785855051802946,0.325,1,6
-0.2654883256434154,0.96340689838923155,-0.036920144678714323,-0.96302270073307428,-0.26317169320222822,0.0576882810443229,0.045860950925948891,0.0508705025836554,0.99765172537667401,0.17854491564611155,12.713117143042677,-2.847221357782308,0.6146042618195781,0.4290228202980771,0.734375,1,5
-0.72702337115870919,-0.55244272775575265,-0.4077303647495597,0.64273365390611925,-0.7564543377122005,-0.12112095232817845,-0.24151701373922871,-0.35011979022354489,0.90503351571547119,-26.377568388060602,-20.592819531689194,-4.2317043605899132,,0.5060073973012923,0.2272727272727273,0,1
-0.65526694803139995,-0.64930218538456552,-0.38604649832946547,0.71821897848731275,-0.69386726577189217,-0.052054936661950643,-0.23406564412201983,-0.31137580115523689,0.92100943789772238,-18.333688547387016,-11.714533973782169,-3.6586919233846449,,0.4212474292958425,0.1904761904761905,0,1
0.18382582766820099,-0.9338138014504419,-0.30691993956531233,0.98227151347806585,0.16283841994989715,0.092877999535572797,-0.036752399807492217,-0.31855208869020946,0.94719260338090394,-10.224481812899702,-9.396646822120184,-2.285669663106384,0.5289670297824434,0.279677389181716,0.2115384615384615,1,5
0.96312167829601669,0.18774828046672457,-0.19273613044277463,-0.14681907111765888,0.96698464111902627,0.20829033630021759,0.22547903040507769,-0.17231159862788703,0.95888889858308912,-0.81994436736386445,-7.8869374063188644,-0.43663363189981025,,0.1701038568268758,0.2666666666666667,0,5
0.37415561826215749,-0.85474846897751111,-0.35973966712535915,0.9269391756581058,0.33293160024341312,0.17303269688019138,-0.028130729694314786,-0.39819794617747817,0.91686806995712544,-8.2905699002639466,17.681024960840119,-5.1907505898154671,,0.1946182981610311,0.3809523809523809,0,5
-0.73666477392416219,-0.61333984597135371,-0.28484951150229909,0.6264311585007849,-0.7775861874158716,0.054256103798677659,-0.25477247598323305,-0.13847004904990917,0.95703554322579265,11.562020397687094,-5.6084255840227231,1.9190679059353108,,0.1071453509269078,0.2272727272727273,0,3
0.69651624943381074,-0.59633453477339915,-0.39906169562017763,0.71365507900388847,0.63352853041133605,0.29889467938858716,0.074575749990269724,-0.49297740697870363,0.86684008543787472,-22.554096404684135,21.40974951799318,-8.6852678776368872,,0.4728398086987848,0.2553191489361702,0,1
0.32592786706822069,0.92746514973560823,-0.18324688672462039,-0.92716120864257867,0.35146432978298126,0.12978797355160429,0.18477856655140648,0.12759788758480778,0.97446172855946567,-9.7133355965994745,0.23842874894947802,-3.3209677920337359,0.2469782226623232,0.1917620212673074,0.8207831325301205,1,4
0.79084008947209083,0.58278103158319683,-0.18691768806242329,-0.55957411213018227,0.81222039291504999,0.16484794923395774,0.24788861594977435,-0.02577406758251698,0.96844562651847332,-13.987810747645275,-11.073302956324838,-2.8707456229101758,0.3471875190260201,0.2403411477923438,0.7570093457943925,1,5
-0.84927567918095548,0.48057404935847481,-0.21858500368260927,-0.50872661709295508,-0.85562313870718887,0.095426796917940468,-0.14116674471307303,0.1922436672352518,0.97114073264128764,-1.1098040007899781,21.413418724567389,-4.1952326471428369,0.2770172580392192,0.2619340797145904,0.5348837209302325,1,3
-0.51344178412978136,-0.8113557731636486,-0.27942681271425202,0.83233553632566504,-0.55009876985060913,0.067888867852649595,-0.20879437080317773,-0.19771988459147272,0.95776393644678459,-6.1664361701322399,14.108192576673828,-4.313874154596081,,0.1028474023009461,0.3829787234042553,0,5
-0.94025790657096309,-0.24564868038647406,-0.23573670684722145,0.23126952303644241,-0.96896771299278994,0.087269575981652359,-0.2498589138799841,0.027537193065105495,0.96789060650096626,-16.037428087672684,-14.734206902150124,-2.8094533722081838,0.3470883649879776,0.2784726604022246,0.9014084507042254,1,4
0.012255528242152263,-0.95426554277200482,-0.29870901544070855,0.99318067103638941,-0.02302034132978889,0.11429006328096761,-0.11593945276398956,-0.29807270549835929,0.94747596567389269,-15.460423347188149,8.5078369996140637,-5.5466186450869008,,0.08360930804977229,0.3287671232876712,0,5
-0.3415822431193814,-0.89613180247069757,-0.28331848472372878,0.9213789647984757,-0.37876453738206073,0.08716781773476992,-0.18542484842226623,-0.231268713453358,0.95505623277648288,1.5815229739329824,9.7844015739754084,-2.2144949956689861,,0.06867846676058423,0.4,0,4
0.48546471570354899,-0.8325949737364946,-0.26666386991041352,0.87422380772351949,0.46494163166048336,0.13986426691002235,0.0075328491464223849,-0.30102307030793024,0.95358710526418278,-12.565444749783786,7.0993474803507892,-4.7289521849369818,,0.1649874288466369,0.145631067961165,0,1
-0.81390544475299653,-0.50404415020852544,-0.28895920411364612,0.54020854944831465,-0.83959501092849487,-0.05705208784021628,-0.21385193500264199,-0.20253323743165058,0.95563991002420978,-11.473516511575777,-18.314032770446929,-1.3098693461646342,,0.5239550235318406,0.1481481481481481,0,2
0.89930775394728768,-0.37323281078971765,-0.22790970282173575,0.42470578531448094,0.86964268635564057,0.25168749271379298,0.10426197586222437,-0.3231390830867607,0.94059054501475448,16.329588145550616,0.413156060035201,2.1753469406539421,,0.2164665762905518,0.2142857142857143,0,5
0.97072175536010219,-0.031893895964745483,-0.23807993000417335,0.12722545910007682,0.90897248493659633,0.39696688046355177,0.20374728520247032,-0.41563421542069795,0.88641708170829148,-27.321236100067885,25.374419174195882,-10.185620707193586,,0.3976602580164104,0.1176470588235294,0,3
-0.97545915768793301,0.022906980665874117,-0.21898562034874175,-0.033327803820922812,-0.99847496400979896,0.044011404636823494,-0.21764349100127961,0.050229637490284508,0.97473498672324876,-13.704913227993307,-4.7007536084607073,-3.6175599572567316,,0.1826647191934511,0.3943661971830986,0,4
-0.94258730233502941,0.2567432461983698,-0.21356985510201174,-0.2796101040505935,-0.95640454694751809,0.084312112361916491,-0.18261261508884652,0.13918781595253052,0.97328278763203058,-2.5008197232800988,17.310666131585819,-3.9979563644889042,0.1649476408617464,0.1373922753615832,0.5806451612903226,1,5
-0.95150765140342874,0.26391239038570202,-0.15806150550224379,-0.26215916558572372,-0.96448646634006685,-0.032224651219957989,-0.1609526676390548,0.010775270194094584,0.98690330444887853,-3.2990586458930662,3.5510540234187307,-2.3658730825285517,0.3120016918360726,0.5104341484825861,0.7050147492625368,1,4
0.75859112562958575,-0.55207695408864388,-0.34604991096696502,0.64302254458483754,0.72005933715717896,0.26083818380061941,0.10517371949151384,-0.42038742575982269,0.90122855091888365,-12.406054547217147,-9.9635455637568491,-2.6965642860298433,,0.2886839361737232,0.4285714285714285,0,4
-0.9447323187975083,-0.22137058487484329,-0.24181792731650942,0.22199045787147753,-0.97472733833731162,0.025037022823638757,-0.24124900504146046,-0.030027987778561221,0.96999857603837514,-4.0878874874674311,20.938658154098114,-4.7960540375122864,,0.1498459884038633,0.4150943396226415,1,5
-0.94632187483505248,0.24747767889237116,-0.20791755014600224,-0.26802910414978875,-0.96034063192119068,0.076852260928805177,-0.18065245234242616,0.12845493035011132,0.97512256785053186,13.584646087457266,-6.9224411914356532,2.5838953282154127,0.5269543386624724,0.5589989958202751,0.9481481481481482,1,5
0.85468040051971783,-0.46064112868349055,-0.23943926898621976,0.50141931686870544,0.85196418258856477,0.15078362065264439,0.13453654387703073,-0.24893127997782769,0.9591314488693532,8.0907559962980748,3.4882100862864971,-0.028403916130995483,0.5082677327387087,0.380468002884124,0.5897435897435898,1,5
-0.82021154347674585,-0.46368491190530919,-0.33503630612048751,0.52004700843049778,-0.8483814756490573,-0.098994852381418252,-0.23833617637695137,-0.25543134938157946,0.93699023088990707,-2.7348243616543733,21.970734659695061,-4.6349775686661232,,0.5079240055738538,0.4473684210526316,0,3
0.80344587498317599,-0.48359764380934905,-0.34728668974575361,0.58541731962825339,0.74793416012473479,0.31285947963547039,0.10844947142235717,-0.45467330141602985,0.88403105212863298,12.560731210427894,15.605401768505915,-0.50046862701249439,,0.3975258171919325,0.5,0,5
0.7557607440151316,0.64748274521460591,-0.097937696802875146,-0.61598610451269131,0.75366923129949248,0.22922436353867659,0.22223144883875884,-0.11291051519583709,0.96843399295214549,-5.9291355091538875,26.813180451643458,-5.8831408645519314,,0.2302861203654066,0.5454545454545454,0,4
0.5779607645117314,-0.71979361025681965,-0.38452374870541739,0.81581297768884464,0.52132080175138262,0.25034737285570763,0.020261789641435452,-0.45839042343263214,0.88851993764111825,-14.129079072300216,17.068897987666134,-6.3298495879068888,,0.3716692316969165,0.1923076923076923,0,2
0.61218345061756863,0.77239329134832702,-0.16923364402524757,-0.75680413815954717,0.63435810132532922,0.15759852711084366,0.22908277817101586,0.031597511975164416,0.97289397057563642,-4.3665444309949555,-17.068913693901735,0.076310055325348319,,0.1066983408133137,0.4230769230769231,0,5
0.61670803140966224,-0.743784639241164,-0.257789864858396,0.78516462415816535,0.60468873142293966,0.1336714294854448,0.056459870398232283,-0.28484372648701095,0.95690978389585246,-2.8172953927363307,-1.6198808246465557,-1.550091970847824,,0.07116198944490146,0.3106060606060606,0,4
0.32840360927529849,0.92646449094037708,-0.18388751029242029,-0.9264176871462414,0.35389129636443845,0.12849598943198906,0.18412316083960145,0.12815809527331887,0.97451226993729989,-17.517597673529295,-2.0433564797965582,-4.6875477498007241,,0.1884291547764483,0.3125,0,1
-0.63655330457782544,-0.6324111793988183,-0.44142495466664017,0.73555929115615071,-0.66989208272626066,-0.10098082339995512,-0.23184568062595148,-0.38897390358746115,0.89159793780774355,-18.513528180908878,-8.4298889986798891,-4.1457557940375054,,0.3516160958695195,0.2,0,1
0.96551880996893191,-0.10014643217648941,-0.24030006183623051,0.17210762616532421,0.93810495181383224,0.30056291254594847,0.19532637459368707,-0.33155661885217486,0.92299394141207625,6.1162645791344428,7.8790455939410542,-0.99526911815184349,0.6719232640408795,0.4408170250843805,0.4545454545454545,1,5
0.75788154360318905,0.65193927788597461,-0.024305221973103079,-0.6158438880912197,0.72722149238897282,0.30312572722922149,0.2152948475146047,-0.21476517165748557,0.95264056688585008,-11.255464102858939,-8.9484691116343598,-2.5558397117308354,0.6419661159014619,0.203740480697749,0.4285714285714285,1,4
-0.30082549026175393,-0.91690207323622197,-0.26228727095284826,0.9362828602351625,-0.33623994072709901,0.10157316520469162,-0.1813241022000053,-0.21501927903086843,0.95962924069997302,-16.561879683409199,-3.4586447850171229,-4.3386813918232221,0.3177127141028262,0.2831349040307423,0.7647058823529411,1,3
-0.48019231094522913,-0.81829949881284314,-0.31591339755023201,0.84881676997054523,-0.52431005611633041,0.067890029253651632,-0.22119094811011503,-0.23555231966155846,0.94635599494915645,-1.1272062024363401,-9.9790398519831705,-0.21846764975176661,,0.174642118753246,0.1935483870967742,0,6
-0.51883784468899052,-0.74496496591786909,-0.41932623394377921,0.82923214932125089,-0.55780504944798048,-0.035036685665120283,-0.20780118731745359,-0.36589715271552209,0.90715926946933201,2.8982522481004418,-13.029527330440159,1.0880526990958512,,0.2945583206104588,0.3170731707317073,0,5
0.95432805418920497,0.21817085163968977,-0.20410645379864534,-0.16550335905204613,0.95483109019290469,0.24679187049722387,0.24872998036009961,-0.20174010185345276,0.94733010517676619,-2.0300078384555369,-1.0213383018233018,-1.561013595966245,0.4538527097071443,0.2201340814319266,0.2914285714285714,1,6
0.50415051299691171,-0.82393326712398607,-0.25877834447910425,0.8635755916099187,0.48385441521262573,0.14185239671865899,0.0083341358598559064,-0.29498962050493099,0.95546411024895483,-17.43278523849601,20.044423577733983,-7.3919650318039878,,0.1853600684671118,0.7391304347826086,0,2
-0.57303664627955608,0.80417040431267983,-0.15792074863127162,-0.81877585124531183,-0.57004319498554179,0.068241199199541594,-0.035144095353201225,0.16840640331726672,0.98509094802639818,-10.606155229364374,-16.127387824963243,-1.4820418798885255,0.2169642663387923,0.1755728438948495,0.1764705882352941,1,5
0.61744011050607517,-0.74007494150087816,-0.26656479681443235,0.78460983370026161,0.60362241502391922,0.1415181576390156,0.056170444177481398,-0.29652834779016535,0.9533707674130466,18.365619406682711,9.9944158460084989,1.4450315170118968,0.237045545684076,0.2021121757099558,0.48,1,5
-0.27207734484842877,-0.89837678448286218,-0.34480874629635216,0.94203500991990496,-0.3217743763801254,0.095033103655442472,-0.19632615339132453,-0.29896555622247578,0.93384990104788868,-0.7055684626140577,-23.740314491176054,1.8375703750303711,,0.1639173613491287,0.2941176470588235,0,2
-0.98517339115633573,0.089456932844123177,-0.14639278166511083,-0.076579860070783795,-0.99286893392167486,-0.091360850941622274,-0.15352170657293362,-0.078795540605799547,0.98499865400495601,7.6392062076371081,7.7601094667725894,-0.67080242270244761,,0.1907512923582622,0.25,0,2
0.36239798672000828,-0.85787440981036966,-0.36430645919856414,0.93147827098490077,0.32000421581388144,0.17304777532324161,-0.031873655332655029,-0.40205571610642882,0.91506025552522086,-8.7212583095077338,-13.794485682902051,-1.3716484273979945,,0.1236661056828942,0.25,0,4
-0.64735544933377243,0.75187673094196261,-0.12494920442282884,-0.75998539653412844,-0.64920654256495836,0.030871704613080912,-0.057906124656497707,0.11494453688140795,0.99168272858227458,-26.34372956031061,-8.7732546672781737,-5.7090732836346785,,0.0862001588879488,0.5454545454545454,0,1
0.87902551491728165,0.45078685499879645,-0.15525899485924399,-0.39459353913981726,0.8706292047376214,0.2937698533325892,0.26760060349992154,-0.19696700032805356,0.94318286550819341,21.481516279684328,-11.535416760735544,4.9941742881456905,,0.5011059264055955,0.28125,0,5
0.066654521009582787,-0.96446593357486721,-0.25566117773831548,0.99216781723878444,0.03693810866519269,0.11932559894617702,-0.10564183482223574,-0.26161238331126041,0.95937415205622101,-11.335766992486025,13.181782565136862,-5.2214136205511235,0.1456805256613945,0.1435141399624478,0.6436781609195402,1,5
-0.97361938676957427,0.0024854698217415231,-0.22816466016060374,0.0054001549196215437,-0.99940961187126043,-0.033930311318666091,-0.22811428721867175,-0.034267333411030394,0.97303115151962905,-14.898900720786594,-8.8885441450471632,-3.3533485860794641,,0.1451248940584648,0.2962962962962963,0,3
-0.88929707849613848,-0.38672720839302183,-0.24411630930106779,0.39799929163989245,-0.91737933138722527,0.0034243536138284522,-0.22527154732095694,-0.094112850515054469,0.96973991427369521,-10.24016650134317,10.237622371383122,-4.5739646608065296,,0.1892836458497023,0.1746031746031746,0,5
0.87674763822145341,-0.42195119072114678,-0.2308046176360222,0.45797587649599686,0.8790003520094557,0.13272707981032739,0.14687299078056296,-0.22207110081291551,0.96390494902916279,-10.69406127177745,7.9967009935483269,-4.431574863338847,0.3577694041143018,0.2584038382815209,0.9483082706766918,1,5
-0.76303228227064834,0.62526825613077552,-0.16377223234732138,-0.63142288490111564,-0.77523199450047786,-0.017902377662311234,-0.13815526278791745,0.089749443329697032,0.98633572417611004,6.473284834186817,-16.682137791103052,2.4087645744450819,,0.3864035845525217,0.1481481481481481,0,2
-0.49324400308678634,-0.8232422853206548,-0.28103824131058869,0.83932678756196666,-0.53527920649536853,0.094903713176032953,-0.22856267652403897,-0.18907223686653438,0.95499256130425092,-13.154966852881703,11.867864675364922,-5.4219004755967219,,0.1233110772315913,0.425,0,5
0.48082140800581341,0.86669398252861385,-0.13286201207267118,-0.85270919479487373,0.49749007952455743,0.1593444378914059,0.20420039842171173,0.036676442348473566,0.97824180848145803,-9.1354271049385432,-17.833763593752419,-0.95056598199457865,0.330779565680069,0.2792378074606028,0.3928571428571428,1,5
-0.81444292399307672,-0.51396843793739277,-0.26929383275857677,0.5256636771725236,-0.85006682777755871,0.032620343555208861,-0.24568358117519543,-0.11499057838099301,0.96250545184146163,-6.0320760983911033,9.123934632057523,-3.6788901055544865,,0.09671207777187441,0.2727272727272727,0,6
0.85473427449205497,0.49955203235626755,-0.14098612335000815,-0.45528456611495272,0.85197002556821921,0.2585788842709465,0.24928955827723787,-0.15682742904865465,0.95564631199619521,-7.1313703760220797,-5.5561229237807881,-2.0735402076667748,0.2484863778888357,0.1931527221951777,0.2285714285714286,1,5
0.76296620227115075,0.6380132290820163,-0.10402736999595544,-0.60438747900080714,0.76113067730182116,0.23536326666903457,0.22934330035775116,-0.11670137782566564,0.96632418938708398,-3.22559185258672,11.585753571753518,-3.3788208363057213,0.3808511332876215,0.196038455385834,0.1132075471698113,1,5
0.56445065235985015,-0.74789047627752159,-0.34936413173639097,0.82461320750382594,0.5301179023176591,0.19745396337520754,0.037530241949557556,-0.39954329569610825,0.9159457602956087,-14.00366878166999,-12.510536221182392,-2.692629304092589,,0.4700522297199795,0.3846153846153846,0,3
0.60652654771379488,0.77554403370248515,-0.17509140100777129,-0.76164660799303663,0.62994466509498959,0.15186890218561153,0.22807891496385035,0.041245250718594632,0.97276864558952181,-15.64390633326151,16.040000353470429,-6.4313841605353481,,0.07443595127196623,0.1578947368421053,0,1
0.47884054808324383,-0.79594910004114816,-0.37037381070349007,0.87788122083556752,0.43702522650219261,0.19578946219079443,0.0060242522848696798,-0.41889614649026485,0.90801416665160817,-12.496330434333512,-6.6908042040331956,-3.0535450743375341,,0.08682003680448502,0.2325581395348837,0,3
-0.33199881653348912,-0.90247170416499778,-0.27444782564613113,0.92589801341193534,-0.36737983054111412,0.088005277520248074,-0.18024886845746466,-0.22489304856555417,0.95756642700477768,4.3097719657040177,14.614779241303395,-2.2536016521642539,,0.1075997297228746,0.2105263157894737,0,5
-0.19482397295491216,-0.94260425688747251,-0.27118413386420837,0.9683385859407565,-0.22884263922433051,0.099756851649899198,-0.15608972592813652,-0.24316303454772908,0.95734410537132364,5.491379739808063,0.81690441735296204,-0.22702957810243005,,0.0745073824724356,0.352112676056338,0,5
-0.90396495421834444,-0.35302080936166835,-0.24129581368655897,0.34600046974358384,-0.93544063275052181,0.07234982748094218,-0.25125890328950617,-0.01808675639619468,0.96775091462670215,3.587447882953696,9.9655779623057228,-1.7973323361522844,,0.08330303945661403,0.4423076923076923,0,5
-0.91156899791695922,-0.29718227125533914,-0.28412085401848153,0.33287510102894979,-0.93906320464948267,-0.085758176219020488,-0.24132163009485874,-0.17275125274499181,0.9549454830111499,9.0699864684454745,11.857743762385674,-0.94074402892678033,,0.2292342671518721,0.2222222222222222,0,5
0.35086956714884904,-0.896154618611117,-0.27165685412067597,0.93570416069596141,0.32414730815216303,0.13923450101886609,-0.036718803153769165,-0.30304359778696782,0.95226903096513893,0.2640626285871317,23.681036169631735,-4.1170591957320539,,0.1567702914065902,0.3571428571428572,0,3
-0.3746216712079623,0.92543759953017157,-0.056778982354282623,-0.92717165134042101,-0.3741384448269191,0.019317169905854706,-0.003366364809495738,0.059880493303988258,0.9981998768331124,-2.119594095732201,16.342557200390178,-3.7935934014437995,,0.7089584118482194,0.2727272727272727,0,4
0.4493620443591147,-0.79412897859065312,-0.40918567723218574,0.89334486274591729,0.39793792723059407,0.20875910106363293,-0.0029511514489429036,-0.45935233909710732,0.88824924388999127,-20.122243609716818,-2.5286679592042627,-5.1975176699667056,,0.3622465462128123,0.375,0,1
-0.95279683247842517,-0.17546515700864468,-0.24777040722211319,0.1675082020083401,-0.98444446051438617,0.053010436920218409,-0.25321768950650592,0.0090046009612309973,0.9673674166946683,-7.2126313576118797,-6.6688139788814187,-1.9529626914065465,0.3400355004065703,0.4002707359575712,0.3754646840148699,1,5
-0.90918972204447634,0.38281141709694433,-0.16379703376105403,-0.38367321847039437,-0.92305571187177016,-0.027622711841375328,-0.16176807706485127,0.037730249417832713,0.98610725457305659,-3.2120567082400315,25.101369671499718,-5.0866106986718522,,0.366509771875388,0.1666666666666667,0,2
-0.95770130122645092,-0.18264941617854924,-0.22236773236869986,0.16321660340451472,-0.9811994594724549,0.10299495669233384,-0.23699906751347355,0.062344298060026719,0.96950741642194072,-7.5033690837761826,-3.9285985676090682,-2.3689255091672488,0.1875211893781095,0.1723500676328019,0.7851239669421488,1,5
0.05267333436269607,-0.95524943050019806,-0.29107395173076422,0.99218408572587069,0.017043746439023053,0.12361331133676783,-0.11312055462838753,-0.29531006795632608,0.94868103379597313,-12.380275364893382,-25.048754779158571,-0.57476864336143274,0.3407135041416091,0.311090821453133,0.4666666666666667,1,4
0.94098273618152872,0.2881835574369806,-0.17748725991261979,-0.23389172173754513,0.9327273867098328,0.27443448140511173,0.2446347332472848,-0.2167253084076991,0.94508411688305138,-1.5102351852261615,-12.272491771773149,-0.0032273695440400508,,0.5650278784580192,0.581081081081081,0,5
-0.47105346571510054,-0.74305993995670461,-0.47536360616830187,0.85712646991823516,-0.51290012874656021,-0.047620085019539383,-0.20842947728979896,-0.42987833576874013,0.87849972648453378,-0.8055742992008138,-18.454047861707643,1.0327879740532213,,0.2643549936922904,0.275,0,5
0.83340589104745622,-0.45413557054340559,-0.31495317800367301,0.52825498541954208,0.82207201549197295,0.2124718139527379,0.16242318537326247,-0.34345084788391916,0.92501903977216715,-6.2805983393578302,28.507595116248027,-6.0853718541981827,,0.2452911324863751,0.3333333333333333,0,2
0.62281244857530704,0.77636489480319326,-0.096758482919370309,-0.76040949221953236,0.6297795617983768,0.15860361812858673,0.18407079627704273,-0.025204238894917404,0.98258978638069727,6.7158935187387865,-1.1344419297227817,0.25616292180878897,,0.5388528930241411,0.4315068493150685,0,2
-0.6635169274223246,-0.6305244150941911,-0.40272105606010439,0.70483542697063306,-0.70732425414069333,-0.053846266272018904,-0.25090298505829489,-0.31957997664816223,0.9137375611270433,-6.2706903313545608,-9.8591709631495572,-1.3230170441736371,,0.2342568993724807,0.2,0,4
0.67238658778446947,0.71735593608673853,-0.18247393657363173,-0.70792463051229337,0.69522308245696285,0.12452944685122684,0.21619203056910211,0.045445864280028045,0.97529261216224239,5.020133040500407,-12.523998624519836,1.4517363817541404,0.2045425148008564,0.1753422937139839,0.4571428571428571,1,5
0.038558792771111114,-0.87014991404743125,-0.49127624264082048,0.99333687208193699,-0.020056579111103021,0.11348829101204017,-0.10860514749544771,-0.49237877768808019,0.8635786363845992,-7.2561276993533408,-0.29367909581032031,-2.7221498705670935,0.4812443068468617,0.487932938177175,0.7273838630806846,1,4
0.82222592403456118,0.54761517794893189,-0.15511978186379932,-0.51142581292685085,0.83045562905842918,0.22087798902851166,0.24977623529395834,-0.10227934808713425,0.96288668452588377,-9.420449052878622,-7.9818950942132894,-2.2712916188214778,,0.4754886351413479,0.1111111111111111,0,2
-0.051754551929579722,-0.93434682638679223,-0.35258683239096728,0.99039964417291426,-0.093336906809578346,0.10196453623384377,-0.12817960515125323,-0.34392474445457927,0.93020737417799437,10.338510193813997,-3.575059139073915,1.4027042566783432,,0.0811272115044251,0.3225806451612903,0,5
-0.67183468226674303,-0.64084467872547091,-0.37142463226446543,0.70107710489120867,-0.71198047852624036,-0.039682378896784609,-0.2390168460609145,-0.28705730429096288,0.92761471061658962,-16.455729649727353,8.004732617636563,-5.6564489050892846,,0.3427759085472107,0.2631578947368421,0,2
-0.087283717500541591,-0.95849984619606032,-0.27140301675076511,0.98808523417219907,-0.11796749637715639,0.098849581735979186,-0.12676404328577603,-0.25954135439393089,0.95737618661067991,1.4780301201312471,9.7195688354287793,-2.2267747945709311,,0.0664319607802013,0.3870967741935484,0,2
-0.8137699478170225,-0.52181389552866719,-0.2559076600320449,0.54386774867697218,-0.83896115219126244,-0.018763183710398281,-0.20490569533061137,-0.15444883795971232,0.96651912162873033,12.484542167741191,-8.3049556331923089,2.5387124074818401,0.3558076416259144,0.3343395579601978,0.4285714285714285,1,5
-0.79298947541865195,0.60197042824700686,-0.093804559544662575,-0.59482846631663722,-0.79829092740428698,-0.094396455883698022,-0.1317072038069686,-0.019057773745134319,0.9911054503559299,-8.4470819675874012,-3.3460363337073016,-2.5924117671513174,,0.1142332381859017,0.3157894736842105,0,5
-0.65358785343995751,0.73424934551576992,-0.18357782122417179,-0.75443216930640355,-0.65141919272543525,0.08053034995936742,-0.060456759352322781,0.19113067246940638,0.97970099841227543,7.7713718050819454,-11.412975473043469,1.9276937211554233,0.1670762517124609,0.1345053525956291,0.6666666666666666,1,5
-0.76544270440284912,-0.58662939112286983,-0.26450599945419739,0.60630277372506325,-0.79518266703325624,0.0090262186530525156,-0.21562563124486778,-0.15346166791967594,0.9643417981346466,1.4072183851702873,-6.1822002645655196,-0.16204848524758025,,0.08035207817888697,0.2894736842105263,0,5
-0.096200671781526206,0.99208081703642148,-0.080753224190304312,-0.99082355781264519,-0.087707824559918948,0.10283975298715152,0.094942656547386026,0.089905450220289646,0.99141459641686347,-17.722212741802217,-6.4428218809316986,-4.2238249488780593,,0.1317584090013919,0.2692307692307692,0,1
-0.30064749178899164,-0.87545115126801709,-0.37841295884851855,0.93677829189597117,-0.34554930373127385,0.055155330869260631,-0.17904613236105948,-0.33790673333678062,0.92399216557945485,1.8268383422891565,-16.226020989599377,1.2799719139409425,,0.09092122284773965,0.2666666666666667,0,5
-0.0554279296517717,0.99045215227180927,-0.12622313050569961,-0.99590802179742954,-0.045805116407623227,0.077904450645739115,0.071378965627477031,0.130024710616962,0.98893812642395706,-11.147885939020847,16.371299038667335,-5.6248188042801406,,0.1807378962293623,0.25,0,4
0.79931827527753296,-0.55225260171081314,-0.23686991938823293,0.59027158262969281,0.79543279901092301,0.13735399884053628,0.11255999976540365,-0.24960714365034967,0.96178299022779878,-25.496919123783986,-5.2928899016181985,-5.9499741565125612,,0.1092774634599119,0.2857142857142857,0,1
0.68431147865636233,0.71547752132269005,-0.14074699521155778,-0.68949801256008514,0.69770793701018008,0.1944122560660492,0.23729789475432667,-0.035993764945304534,0.97076987902912715,-1.4718516776716772,4.4459845629785288,-2.1044472944298755,,0.268404855413296,0.2355769230769231,0,1
0.81743992469434168,-0.51937165377624805,-0.24908844768361979,0.56340547672684382,0.81090641302874922,0.15812987732571748,0.11985924373993022,-0.26959947062739908,0.95548411139459533,-18.812750543694943,-4.8135971919196878,-4.6351059119774884,,0.3169921433071783,0.4666666666666667,0,1
-0.89560669497145085,-0.38312542323486387,-0.22606096079027355,0.37755572103674168,-0.92339983694217653,0.069169492173852043,-0.23524524529677787,-0.023401948770753071,0.97165427151790484,-22.338297067551231,-6.7659055085453756,-5.1088627001128541,,0.3368305534916719,0.8412698412698413,0,2
0.97361153731110051,-0.060400025741524463,-0.22007364972921858,0.092589116073121897,0.98595187866731215,0.13901851868436632,0.20858530628861074,-0.15572645839041199,0.96552650929825101,3.3835269979306428,-9.2209383932420899,0.67840195211975696,0.5715720207325506,0.4940563206183731,0.9795918367346939,1,5
-0.39101719817353253,-0.8749230067608551,-0.28568388644280279,0.89989406338219791,-0.42855891731391238,0.080795600624062616,-0.19312230689901241,-0.22549276403306359,0.95491192680096515,-5.0249543532488907,-6.6993731586010998,-1.495974716248877,,0.07000210608272575,0.14,0,5
-0.59420869978055235,0.77970487243847519,-0.19742424623334773,-0.80312431166235565,-0.58850857989431393,0.092999953804528232,-0.043673345669549099,0.21381759349145699,0.97589685704563534,-6.9909442148606766,17.493510467534332,-4.9266589874289721,0.7833240967367164,0.6808288212868482,0.9272151898734177,1,5
-0.53777408183617481,-0.7975571105515713,-0.27331610328315453,0.81804463788183179,-0.57204775058653223,0.059702106174503139,-0.2039657013765846,-0.19147852740586213,0.96006977152936168,-5.1876701325228858,10.520190626946682,-3.6752286704077224,0.1890690415217254,0.1227009098093346,0.225,1,5
-0.4895823217445337,0.86970955614548195,-0.062565471183882115,-0.87099673204461803,-0.49114925058688447,-0.011709244874803912,-0.040912626447443402,0.048761681648311142,0.99797217165610441,-21.371364357238498,-10.463475239159777,-4.4314790874159558,,0.3850922285186199,0.3870967741935484,0,2
0.93548750422753157,-0.26720292290107356,-0.2312265716289266,0.31004503366946506,0.9345968700434748,0.17435815897697671,0.16951462040497986,-0.23480052916904462,0.95714863264327565,0.88892119372560408,-7.6796365598074807,-0.073896700144549229,,0.06787970105587691,0.2,0,5
-0.10901345559418538,-0.9427693042415064,-0.31512236588252668,0.98324453201303619,-0.14886207773012125,0.1052153604771508,-0.14610358231706705,-0.29837245314180366,0.94320073284548622,-11.613884873418403,14.008670521802957,-5.4049123579030631,0.3263335022859761,0.2651589930138136,0.5581395348837209,1,5
0.59518498106643936,-0.76909068598505315,-0.23292564273600383,0.80255219491953822,0.58361639370648422,0.12370076566807398,0.040802116890816184,-0.26055982370288094,0.96459513036773592,2.0660563197722941,-4.9530760116262824,-0.16536746335576349,0.5046758103415412,0.4658951704541019,0.9900990099009901,1,5
0.15283131568296099,-0.93629547245510258,-0.31621729428779094,0.98283692734936057,0.11055124942308461,0.14768207572167483,-0.10331584188827321,-0.3333604798278752,0.93712145813861603,-15.949576093809409,-13.423391670884163,-2.9666123921909859,0.2037411052059727,0.163096567440328,0.5588235294117647,1,3
0.63903651699970754,-0.64748451346161895,-0.41520613527289385,0.76857782566425226,0.55880737398751346,0.31148426071695678,0.030339015114079246,-0.51816804571929098,0.85474055745434119,24.885095183193123,-15.113032551555605,6.2069006255847379,,0.4900551377642299,0.3529411764705883,0,2
0.96644556846194174,0.1396370734569404,-0.21560252994029896,-0.11074999354283822,0.98383157803120358,0.1407475221767521,0.23177014935176141,-0.11214684028101311,0.96628447368487136,3.0329252289727511,-3.8477608381524115,-0.14224232369668138,0.2164771772833208,0.1557399762397225,0.6490066225165563,1,5
0.91660083187886754,0.37385709750616741,-0.14168198771626994,-0.31406070960167565,0.89259078995780239,0.3234927392801874,0.24740409391006715,-0.25201696833104564,0.93556328593514648,-0.84431010997959788,-5.3399775519648562,-0.71083407982007418,,0.1256574267100951,0.3541666666666667,0,5
-0.006026473765115334,0.97933243682754367,-0.20216740536343422,-0.99296839563537009,0.018041728785642495,0.1169968430845198,0.11822625293595668,0.20145092255894501,0.97233743058511979,0.24464017854162415,-11.82425949353169,0.31933623897632252,0.5336842263495056,0.4927186866814227,0.9637681159420289,1,5
0.94134088633786073,-0.19665405034618968,-0.27423442561263039,0.27087067853509011,0.92499665665939301,0.26647750501474776,0.20126204614529491,-0.32512823570305821,0.92400498869325687,-20.818015906338999,15.028791486928972,-7.4856630991950013,,0.2888477515984124,0.25,0,2
0.78632500771781755,-0.5174937715386001,-0.33748063449082677,0.60860300128556843,0.74279339649254705,0.27903468772406315,0.10627967380348004,-0.42480368000503738,0.8990252857347254,-0.63681521767358484,-14.342160553186803,0.47990136322664306,,0.2766411372032272,0.2666666666666667,0,4
-0.668181787566135,0.73423665990511766,-0.12012337830872243,-0.74105652028453584,-0.67115106336990416,0.019785951612734661,-0.066093362062305802,0.10223882525157886,0.99256178150404173,-2.8223811062260959,-17.207788013236623,0.44495403170484338,,0.2203265578118838,0.1666666666666667,0,5
