axis_00,axis_01,axis_02,axis_10,axis_11,axis_12,axis_20,axis_21,axis_22,location_x,location_y,location_z,dbh,dbh_approximation,score,reconstructed,number_clusters
-0.9589106101490551,0.23197904273589795,-0.16332839763771351,-0.2308982117153697,-0.97263476960865569,-0.025838358596505098,-0.16485283609999241,0.012935558729860085,0.98623334650078376,22.697285576629181,-2.4504707978738085,1.8555584674105243,0.4973026602373432,0.551145869795827,0.8666666666666667,1,6
-0.97879845529333209,-0.050451586129984821,-0.1985150406703626,0.057047908406537874,-0.99798857341984881,-0.027646762375632756,-0.19672091922778887,-0.038385476164614157,0.97970783152825192,-2.9114719197547103,-35.367026332134749,0.60809712986323339,,0.1098542371461528,0.1818181818181818,0,1
-0.065022670224206922,-0.95533964196106658,-0.28826762019799296,0.98935506478816082,-0.099406414522551043,0.10627756362367555,-0.13018682012756766,-0.27828857908557975,0.95163378387676034,-8.391361082806494,-11.54753470315363,-1.8670553022282246,,0.1651244730320865,0.4054054054054054,0,4
0.7472656761901636,0.63951549780347494,-0.18059329239269087,-0.63365995229505534,0.76760168599872347,0.096243007586766974,0.20017261062764469,0.042515640899458911,0.97883775276264351,3.2756889430160294,17.857195346805437,-2.4708638402263889,0.2985288246718724,0.2633539359468596,0.8333333333333334,1,5
-0.62430686935015489,-0.7391730885873683,-0.2527134305699234,0.76338757561565584,-0.64593160255414928,0.0034313579645077323,-0.16577195865966132,-0.19077607273984754,0.96753508866195648,-33.01137618047769,8.5249508443272557,-8.439358359448244,,0.3659337448799007,0.6842105263157895,0,5
-0.65067398434627666,0.73886319256817323,-0.17522713477913779,-0.75616685145329487,-0.65158373969039018,0.060417902432104861,-0.069534587495365202,0.17181330809646511,0.98267244201859882,-6.6891580350533895,-10.945830670351103,-1.6046003601752319,,0.09038441700404339,0.265625,0,5
-0.35407282244915073,0.92260652031135426,-0.15306745271894312,-0.93521469429339454,-0.34887147573855265,0.060515857374050464,0.0024314564779321255,0.16457795142417531,0.98636108293282543,-6.8038303426176405,8.0517508390105927,-3.2485624397265309,,0.08316841879286131,0.25,0,5
0.96327866136001661,-0.1817914102836394,-0.19760086972364418,0.20391028046471296,0.97408362100571555,0.097886142069224968,0.17468491088029678,-0.13458448066355885,0.97538310395211525,10.561451777287761,-7.1099676550507791,0.65241832315656523,0.1205913087077795,0.130236302220811,0.5735294117647058,1,5
0.96958516779168136,-0.14818391743017156,-0.19479766172474058,0.17428888727563766,0.97679899962770844,0.12444716990968448,0.17183709195222793,-0.15461319782398231,0.97291663203382683,-6.6518941839024439,-8.2367280390975672,-1.7971570859982928,,0.08886922745864387,0.2826086956521739,0,5
0.6360624688684734,-0.65102635464825298,-0.41423329326642533,0.76879630356856388,0.5806916005543109,0.26786098757561644,0.066157231775929207,-0.48883734574915477,0.86986278807905437,3.8890189366939918,-21.107292706120152,0.72895881624570402,,0.6184965194273577,0.4354838709677419,0,2
0.83552335665876776,-0.51011879195374121,-0.20415567240055346,0.53527863182327984,0.83955066154742275,0.092905721076170594,0.12400607562157612,-0.18690506892789518,0.97451987584553401,3.1448182957246811,1.0312895081919071,-0.88001387955257349,0.392712079392747,0.373738147592933,0.9819277108433735,1,5
0.23775337958511317,0.9610581620788814,-0.14085645032237182,-0.96413849189556944,0.25110782780674995,0.085917560833116871,0.11794193037759591,0.1153779351337916,0.98629490171199208,-8.7838595366142727,-19.59324300238762,-1.4494565209198964,,0.09698038479931111,0.4705882352941176,0,5
-0.17705488403908493,-0.86186723151129863,-0.47522251975780477,0.97461563592163214,-0.22076225906201946,0.037261068032305403,-0.13702529056703527,-0.45656204421840063,0.87907631609783221,-9.0832596203223872,8.4417425310474208,-3.6739680277031126,,0.4780264642184949,0.2338709677419355,0,4
0.64614104604173783,-0.71399688234921832,-0.26964829058550555,0.76009212182443642,0.63393813986815462,0.14276694701831552,0.069005180678809647,-0.29720512582406883,0.9523168581010123,-19.843052761933929,24.682156656039364,-6.946340091999696,,0.139200824326673,0.2857142857142857,0,1
0.81757845809217145,-0.51990720916053779,-0.24751153251218003,0.56272189577468645,0.81255640432197995,0.15197420113650115,0.12210459810903931,-0.26353099183632211,0.95689178252422746,-18.44961150420303,17.948354429269202,-6.1902343155401924,0.5963715280968807,0.4690824883738407,0.9304347826086956,1,5
0.042510254228544708,0.98809088351684837,-0.14788267037188321,-0.99555600935809729,0.054342174272604939,0.076910079484465571,0.084030414234403661,0.14395601413702866,0.98600991652080983,-6.160112162795639,12.535283457099034,-3.5004411979580681,0.1232008684171991,0.1029714845431771,0.3555555555555556,1,5
-0.9362923973956081,0.29732709919986305,-0.18695759588895938,-0.31161804867121562,-0.94880121215945079,0.05167641190234748,-0.16202079595387905,0.10664359280403105,0.98100785205436525,8.0503358081311696,10.143119749309985,-1.1024445984795326,0.4522108218726842,0.3719853312831273,0.8647058823529412,1,5
0.48231164749866956,-0.84706428661755906,-0.2232880852714805,0.8755844921513436,0.47400625092874449,0.093112143056364755,0.026967977143120565,-0.2404166558655223,0.97029508902768635,-8.6019461413755067,-10.18941563216095,-2.0031787561753278,,0.08504616291255571,0.3114754098360656,0,5
-0.32291257933245671,0.94294358966269476,-0.081147106066026445,-0.9461375478789309,-0.32375139019287741,0.0029627422808675493,-0.023477789557438185,0.077733030702594033,0.99669773218126934,-17.539230027197231,0.43798223279261056,-4.5082529584704139,0.3221532874867969,0.3188219807025959,0.2857142857142857,1,5
0.92367708469072429,0.34009840066332586,-0.1765041673261345,-0.32331364168255389,0.93898854114774932,0.1173405671333948,0.20564272979906037,-0.051318587855370988,0.97728065069422132,-8.5864791875837536,-6.0327257482212922,-2.2881957354567719,0.4672296791139168,0.4027499782696704,0.8655172413793103,1,4
-0.1909407015839252,0.9771880451599283,-0.092979421783304275,-0.98106596323058382,-0.18684976507298606,0.050958228801814616,0.032422588870825095,0.10094894595135274,0.99436315601606295,-5.31463286374077,9.285946292646349,-3.1395507511157761,0.1967623681096038,0.1327805830620817,0.5547945205479452,1,9
-0.47486871481767717,0.86515510000028828,-0.16126486483700386,-0.87972848895653821,-0.47165762498817443,0.060140423250585259,-0.024031009251640419,0.17042810136243439,0.98507703904838917,-11.75697611318928,-12.869371108767876,-2.3800871134562249,,0.08834250973266911,0.4,0,3
-0.95035009033085194,-0.21767454384673407,-0.22237917791298767,0.23649214803282925,-0.96968564260070722,-0.061491612866069807,-0.20225273725455081,-0.1110294893042764,0.97301915848449327,-9.3412373811227685,-15.326097074585372,-1.7789164219958453,,0.2393686494019434,0.4,0,4
-0.85206129309358525,0.51228174292560169,-0.10751264426473284,-0.50735929841037941,-0.85879623956319917,-0.07110246991937888,-0.12875595181666302,-0.0060361226972540649,0.99165794006530728,-2.0194912416122839,-26.16366941931437,0.10911620127101765,,0.6198811517621321,0.1714285714285714,0,1
0.40424364066240531,-0.82385835844937838,-0.39729646889583531,0.91463686376301501,0.36166649998306111,0.18065644255259342,-0.0051464968434982127,-0.43641121434158597,0.8997326078158675,19.310306400847669,-11.195794506489733,2.1559266530813406,,0.3260610043896974,0.3714285714285714,0,6
-0.7629622705129474,0.62824456016589048,-0.15230675098528446,-0.63571848965710032,-0.77192082807584206,0.00048691970622289108,-0.11726284868542974,0.097195719065562416,0.98833315056892868,20.265750369680593,0.27349306865977752,1.3357165124361352,0.8379334608526506,0.7374731177267522,0.9852216748768473,1,5
-0.034901650288742876,-0.92491230248464551,-0.37857510155803359,0.99462121737222797,-0.069110858588237303,0.077151300560559216,-0.097521837349956494,-0.37384612066697942,0.92234948327742883,45.388313441203309,15.64978910678486,2.3614273245379969,,0.5831394884868926,0.3,0,2
-0.98244752932695012,0.099913033888259714,-0.15752535598631154,-0.079266223042450568,-0.9880335755438131,-0.13231220458707554,-0.16886005449470623,-0.11750335849392192,0.97861087401412661,25.703323633311332,-4.1787447024438285,2.3053762993043567,,0.5959773256801369,0.1428571428571428,0,3
-0.26693405175696783,-0.91029816153766463,-0.31639132275357207,0.95858936030187225,-0.2846120778330794,0.010119459846444339,-0.099260517471223136,-0.30058812726500661,0.94857478746731394,-5.6825163332402804,-23.164919382368868,-0.67867797383666684,,0.2036908273458296,0.4137931034482759,0,5
0.73411127810367238,-0.61589598365929632,-0.28592441076854463,0.6698711333383377,0.72579964497393523,0.15648495159509851,0.11114538263465064,-0.30640987691009047,0.94538864561139058,-8.0932794240351917,-35.235549006606483,-0.28948001997785477,,0.3242400450787367,0.3,0,5
0.48343629838124391,0.86984375024565341,-0.098291380934534517,-0.86051056159178085,0.49282696069166521,0.12900837261361581,0.16065776917546953,0.022213441291093223,0.98676017564024543,-23.205279033567383,15.183902707555159,-6.8633552688250754,,0.8915876072993041,0.4623655913978494,0,1
0.15285978871225542,-0.8652426507177593,-0.47748197910889839,0.98721054850049117,0.11156122613346971,0.11388338664158552,-0.045268288284456421,-0.48878343691506415,0.87122989725634015,-30.44964232876011,17.958516669471425,-8.557452630326468,,0.3011495658243105,0.4137931034482759,0,1
0.54082811620213689,-0.79108784414290501,-0.28580582844753072,0.83901561886035791,0.53146480834072019,0.11661024313383871,0.059646793992799194,-0.30286165215274918,0.9511661682491066,4.8586052265049355,11.447868955765349,-1.6540932308624519,,0.138496673756215,0.1964285714285714,0,5
0.84126323321384433,0.51380731559525739,-0.16816127640864101,-0.50171690445951445,0.85785664061172995,0.11118512462519044,0.20138599807869056,-0.0091666023777678737,0.97946906698409641,-30.585812427059327,7.8636032067853128,-7.8515372933580689,,0.1663034328782093,0.35,0,4
0.92793170849751216,-0.31070664585652252,-0.20592261795508879,0.3407398204842535,0.93103489951569018,0.13065370496150161,0.15112616947850807,-0.19140375154212047,0.96980693171082,-31.524044683627906,6.0237933066198375,-7.9072099194084879,,0.1222360425266684,0.1176470588235294,0,5
0.89288947156940179,0.42473866101369229,-0.1494839837601612,-0.40607796304666804,0.9030146915576388,0.1402325025054085,0.19454839883273564,-0.06450997342548162,0.97876932105591674,-15.52494993647611,17.220937609155406,-5.575693034424309,,0.2234821165464639,0.4222222222222222,0,3
0.93156579456052047,0.30947374433226044,-0.19081711656399342,-0.29743740824725251,0.95053467212172726,0.08952555651654899,0.20908409451697466,-0.026642797589803688,0.97753465552716079,4.8200809490153649,-8.2623911886521917,-0.028158257147344355,0.7801834994687112,0.6291018476578923,0.9119170984455959,1,5
-0.14036048821284092,0.97746974633464612,-0.15764462676899213,-0.98894923518835331,-0.13073287062649969,0.069916569982556381,0.047731997329084494,0.16571605697166703,0.98501768760400377,-4.965322872111031,4.2906059840572643,-2.6132795271319313,0.1819103251420648,0.1481984861809761,0.5203619909502263,1,2
0.13395562372875466,0.98916007405949047,-0.060151797629518555,-0.9865505194676718,0.13884732731511812,0.086252491184395097,0.093669436901830341,0.047788780943551219,0.99445576523363854,-2.8184246408043814,18.641173829350514,-3.4943135217709949,0.2455260357660117,0.2518229489209917,0.7037037037037037,1,5
-0.12381558404233539,0.99188169545060745,0.02898971159365411,-0.99098016868803984,-0.12510673693481156,0.048027176062600874,0.051264085042840767,-0.022781716431202047,0.99842525357743639,-20.729098709857258,-16.091791788700355,-3.8511489767687466,,0.3434691022868092,0.1428571428571428,0,1
0.34435986171109817,-0.89335497226492611,-0.28867486757916183,0.93879021343120017,0.32456690534044252,0.11545241064408539,-0.0094456766891351743,-0.31076231671047477,0.9504407197214475,-25.388204670513332,8.7269769556774932,-6.8017860228985816,,0.1360382014433016,0.2258064516129032,0,2
0.97185494861778909,-0.049926002012422754,-0.23022891471353249,0.10839338556861454,0.9624593134254722,0.24884321161233988,0.2091622165021424,-0.2667947981569837,0.94078249498185595,-3.7803499964276317,-31.111403136004235,0.13018721750106554,,0.349113534108363,0.25,0,5
-0.71478879090089331,0.69232828538033875,-0.098785270484820401,-0.69433619192368112,-0.71942631732123929,-0.017972938839289344,-0.083511897280327652,0.055743333304709666,0.99494645273236682,16.129521677526476,28.830694905514225,-1.7878818778782817,,0.18503533054873,0.2941176470588235,0,5
0.075183967940317856,-0.94800320310707409,-0.30925280574875458,0.99373171118633585,0.045499825856029068,0.10211293762177341,-0.082732443137057313,-0.31499157567433239,0.94548170268216958,-7.7915279903043544,-15.033437127391609,-1.5463072252964611,,0.313366334936911,0.15,0,5
0.83802094201271904,-0.50471440167644055,-0.20732649007907189,0.53153077404937754,0.84097026329121405,0.10121290677762368,0.12327180126283863,-0.19501894523429927,0.9730219288449341,-10.357692713800152,7.8170205283694258,-3.7919456684765969,0.09926287644119303,0.09683069905677191,0.5869565217391305,1,5
0.97700740681810339,0.11127037084542146,-0.1818665213679761,-0.086631413977523469,0.98660340223384291,0.13823431127206445,0.19481151181288298,-0.11930059208792487,0.97355834113454653,14.299352099676266,-10.762103509496578,1.5261014653492935,0.1798383869481041,0.1373293268540342,0.4146341463414634,1,5
-0.6422156427403648,0.75599743025078603,-0.12659760532406428,-0.76339972135286172,-0.64571101516146778,0.016677839713815177,-0.069137064285033578,0.10735534617965879,0.99181394222338504,-15.030156376634919,25.033733427630185,-6.0615726886972414,,0.1695955303940709,0.4,1,4
0.37456608512910833,-0.89326743106499285,-0.24854284232220722,0.92719174127304627,0.35970841858762165,0.10452429627722506,-0.0039651968564393099,-0.26959812721111459,0.96296475896999933,-0.51336875924226399,22.793333081091887,-3.4826031316253419,,0.1491655980041826,0.3333333333333333,0,4
0.88196406672736305,-0.33015853833201164,-0.33635505729541132,0.41775864390497741,0.87802296097179988,0.23356668308854797,0.21821342865278529,-0.34651265427510919,0.91231128458592059,-7.3511565862103421,-9.1831285888446423,-1.8701313921083651,,0.1308556035740918,0.2054794520547945,0,5
-0.9712118120026263,0.14523980374682588,-0.18882006152461106,-0.14701293739710891,-0.98912360428438362,-0.0046574333428409595,-0.1874428245211005,0.023235637608053923,0.98200065818740567,3.6402213094738083,16.187708550749484,-2.2866074405550316,,0.1866315246374772,0.65,1,5
-0.96282491193482722,0.21966227568745816,-0.1572153732861408,-0.19541141808602139,-0.96822458782244114,-0.15606256827848222,-0.18650084889700536,-0.1195392495202845,0.97515527029536408,-7.4822764105163042,10.549045400287344,-3.5600141794948623,,0.09627419287789211,0.5238095238095238,0,5
-0.66438338065577296,-0.70433455103036902,-0.25001512700886075,0.72475160109116232,-0.68885380727241174,0.014681584454743353,-0.18256461931109522,-0.17144466288325624,0.96813061481632889,-9.1867613924418254,-31.450913497084588,-0.77297973796813679,0.5539725981929658,0.4499753241052495,0.9302325581395349,1,5
0.27200400321279061,0.94911073910431798,-0.15875335320260336,-0.95429390749150411,0.28727730711303506,0.082431104217271484,0.12384248205204799,0.12907576741874266,0.98387117342894526,-7.2116042501479125,6.4465460466757758,-3.1818739854273472,0.1248149820875646,0.1163914317449688,0.5357142857142857,1,5
-0.93998966659313199,-0.23466240712146497,-0.24769533984734426,0.25981367706791875,-0.96283417924927772,-0.07380512501050647,-0.2211702509529225,-0.13373069188981665,0.96602268200083752,-0.22173304553702494,-26.646854389542071,0.45839910881992202,0.7980446438364741,0.6549646126595088,0.8214285714285714,1,4
-0.44285963615052409,-0.80528123871238533,-0.39420485695443946,0.8720142957504925,-0.48909280693633372,0.019475477142020671,-0.20848599635322393,-0.33512736799757625,0.91881621478052866,-22.605260439577016,2.6154255054111002,-5.6683966841604585,,0.3923289731497743,0.25,0,2
0.0021797904812247077,0.99048831268886495,-0.1375796167323616,-0.99706788165290261,0.012676402398057679,0.075464880563322873,0.076491096799902347,0.13701171938563525,0.98761171563592731,-28.034979924972326,15.559227747578541,-7.899451826594091,,0.3795849977573893,0.28,0,1
0.91931323895570571,-0.33065886864438299,-0.21337263476741422,0.36232849801141853,0.92278990665065896,0.13106047349395752,0.15356180582931789,-0.19779661465881446,0.96814010918872351,-0.58868268019137915,-24.18331556927513,0.20016975328390613,0.1987762632884003,0.1360711019477193,0.5714285714285714,1,5
-0.318915024634496,-0.90063375206460872,-0.29521526333237541,0.93977523737090141,-0.34089433441320754,0.02477006236249794,-0.1229459649067208,-0.26953644912516217,0.95510962318791115,25.013550336963174,13.158692953826026,0.31096531596587484,0.4809506052315692,0.5443819176511397,0.9166666666666666,1,5
-0.34906854682385213,0.92557477106204444,-0.14650082863836653,-0.93709218070087807,-0.34528593943353741,0.051340674895958227,-0.0030650428311926443,0.15520619576210049,0.98787734173302055,8.0472511537183742,-4.5976913329020137,0.15817486084716476,0.5014424203441562,0.3671296145848608,0.847972972972973,1,5
0.87939443848202836,-0.42928996981284095,-0.20585320834266441,0.45489645690740399,0.88521924993980983,0.097242444586156052,0.14048001658587889,-0.17915636007156208,0.97373937148804857,-0.47620302846072671,-21.931184735438922,0.098917292093666051,0.2137170205383812,0.1883510369895607,0.7142857142857143,1,5
-0.78534265941994141,-0.58149621857812472,-0.21236538106423422,0.58551002118194984,-0.80910754787990424,0.050229384420703183,-0.20103462982960962,-0.08489478042325091,0.97589853666565229,-10.447143481617415,6.8809788485194643,-3.7151899495861609,,0.08832063959253066,0.4842105263157895,0,5
0.67443814047160955,0.71692862077666941,-0.1764838445537199,-0.71417164094761121,0.69410491789445783,0.090428038908991371,0.18732875364821999,0.065051638457398656,0.98014091965931793,-7.5346610382569876,5.1151442519473287,-3.090044089580533,0.1965432873256985,0.1942386559256037,0.6893617021276596,1,5
0.69683643134526563,-0.68390261375809791,-0.21609304210186189,0.71263228832737124,0.6942571787564058,0.10080769503609691,0.081081499636411883,-0.22424135354576838,0.9711547795159492,18.010223346496172,-9.675590251168309,1.8617764814597617,0.1889975813501074,0.1034970631596743,0.2941176470588235,1,4
-0.94939860845575541,-0.23177204188054076,-0.21195283169799908,0.23777576486001112,-0.9713156667223084,-0.0029259571143305106,-0.20519495097957982,-0.053175146283983489,0.97727551688874548,-7.3952270544785819,-13.426267568269674,-1.5848651285291944,,0.1675772458065251,0.6666666666666666,1,5
-0.85477475529895286,-0.46760598299999223,-0.2251771799410987,0.48505157147215922,-0.87409593943369279,-0.026100989979673344,-0.18462147956292618,-0.13153301231303471,0.97396815962117289,13.264429175290005,-22.801488929541208,2.2454003636773328,0.6884201857926767,0.6565907351200325,0.9850746268656716,1,5
-0.67512673127703327,0.73343109750593483,-0.079263622970617634,-0.73477700509803867,-0.67811547369840175,-0.016191266471437264,-0.065625067575929091,0.047309930691473587,0.99672218845755733,-25.227448352298346,14.002672080366086,-7.1845461548793335,,0.483233250196405,0.6785714285714286,0,3
-0.90650547790604141,-0.37324357965172539,-0.19732472925384789,0.3697463111221444,-0.92746139023348217,0.055704892404006237,-0.20380256116620477,-0.022463300624387835,0.97875426751925443,0.22486166922905354,24.924379294448574,-3.4790987381338545,0.6712513305580775,0.615317978668444,0.8974358974358975,1,5
0.90632400765788679,0.37991465150017434,-0.18504499646963632,-0.36873656377268865,0.92488447221192949,0.092855046165357918,0.20642223639922241,-0.015923901430302284,0.97833342459673789,4.0462265623779503,-6.0006404336064652,-0.23535140131587076,0.2711366119172769,0.2364645264134397,0.8009478672985783,1,5
0.10214540621882293,-0.96474004149476145,-0.24257569607254317,0.99325848076990275,0.085476194844346015,0.078303323643369255,-0.054807904238882224,-0.24893869215455147,0.96696722859739359,21.037574908705754,-1.7715193571247088,1.6010527859382835,,0.1036670576041715,0.3333333333333333,0,5
0.79427799538605481,0.59524989034294917,-0.12165539072403285,-0.57087382460951563,0.7997311336953814,0.18583107967722723,0.20790753334406673,-0.078151659259460604,0.97502142321785856,28.642815691254018,-13.263602539344253,3.5103913347803442,,0.478704078770037,0.6052631578947368,0,3
-0.41062476075745785,0.90318610196402993,-0.12506866542784284,-0.91173625371407141,-0.40839039871147964,0.044207305999231894,-0.011149417756612013,0.13218225092386629,0.99116272277784367,1.3842150756570137,-25.98247365445939,0.66379963219042604,,0.125781857154879,0.5,0,1
0.39511340194673444,0.91315077327927752,0.10020511394902029,-0.90682178076767928,0.37027096197311843,0.20142907596679546,0.14683207254347988,-0.17045550732950654,0.97436402976178615,-28.829821524276891,14.961466172834639,-7.9968960036077625,,0.5422284179111869,0.1176470588235294,0,1
0.0096963391078728964,-0.97224596936642038,-0.23376003948206237,0.99694232346303602,-0.0087274690016978639,0.077652012034128234,-0.077536989211789281,-0.23379821713514967,0.96918853117873638,-24.504166541772019,9.212387987320815,-6.6222437708282511,0.5246917065437906,0.5157167838930417,0.9831460674157303,1,5
-0.59699008095547179,-0.74544829451699157,-0.29649567187817288,0.78382554806205018,-0.6207321989103759,-0.017579745194899764,-0.17093961929876611,-0.2428958160150142,0.9548723836808739,-18.284463726534401,-16.028342040417776,-3.4056322674848936,,0.2796270897079625,0.6888888888888889,0,2
-0.22582375310438718,-0.91735841063871115,-0.32780661824354057,0.96697688812268057,-0.25189622437072168,0.038781309729713144,-0.11814961011541961,-0.3082236827016907,0.94394853199281015,-16.066612565561488,-11.748582698092484,-3.2794429273651295,,0.5936432712502328,0.45,0,1
0.54912215133453945,0.83037740715432373,-0.094542184242740898,-0.80998452097008178,0.55665040397315835,0.18456815420160014,0.20588817038041071,-0.024772756087706106,0.97826191372925497,12.254110967795494,3.7935122644159689,0.14691734966790787,0.5102113231805553,0.3871306243104803,0.9101123595505618,1,7
0.51305928360177011,-0.77821832575481864,-0.36214142122851106,0.85832527030092287,0.46854745410935839,0.20914352395062824,0.0069211178928428839,-0.41813815983118086,0.90835707594541659,-1.2587156026286535,-22.641338123970229,0.044159001211694839,,0.3091661922560497,0.1,0,5
-0.26734719589948269,-0.8704208127367743,-0.41339216925255995,0.95579196513463882,-0.29404204806030476,0.00099667274825071994,-0.12242220480267985,-0.39485045615670111,0.91055253612523401,-8.4625840849312883,19.073159095944394,-4.4355989025494722,0.6555127351728984,0.6309163605833071,0.2222222222222222,1,3
-0.86677498885005666,-0.42534160645792085,-0.26035674855816432,0.4546019088993678,-0.88854485877180456,-0.061847703071698928,-0.20503224899765138,-0.17196671702974767,0.96352956628480024,18.325073390799805,-7.4226164321058024,1.7581593523922308,,0.5517748871537979,0.2727272727272727,0,1
0.49261887138868155,0.86981838098008235,0.027251268978337111,-0.85997262543064723,0.48176791188519702,0.16836496840998963,0.13331815728422455,-0.10637510604913739,0.98534796176344353,18.922435129289934,-18.495639926620438,2.683655435385222,,0.318935120493565,0.125,0,5
-0.93265741568043115,-0.28051887859224156,-0.22684643204081736,0.29623573920578611,-0.95436770172508112,-0.037771374361904315,-0.20589932441244058,-0.10242777288087843,0.97319783166073792,-1.8920915870414352,-33.664723350994514,0.66099716346462611,,0.186374024529616,0.3571428571428572,0,1
0.86558893301983308,0.47375728924091354,-0.16220305152705902,-0.45595703178276076,0.87957438275086097,0.13583847163560903,0.2070241150239337,-0.043622655805727648,0.97736281886462872,3.6837680111116109,22.674091143589948,-2.7840983131643919,,0.1102062021469632,0.4347826086956522,1,4
0.053426066032407883,0.99172391650948877,-0.11674471676003011,-0.99527498991415797,0.062376820687819551,0.074409856149916076,0.081076198231493188,0.11221767090774287,0.99037055914257033,31.567906041302304,-2.8834275041039699,2.6237399161979367,,0.155159079729805,0.3,0,3
-0.078540087173922399,-0.87533370416849832,-0.47709785270253396,0.99273352653068991,-0.11243885437759922,0.042867812262744019,-0.091167976881432938,-0.47026419210153464,0.87780407245491721,-28.994201167018279,18.304350932800208,-8.2780312618903977,,0.5433142402436837,0.1707317073170732,0,1
0.039282409291845892,-0.92040024769304507,-0.38899906987910693,0.99599270926342076,0.0047636406869296976,0.089307507083772997,-0.08034559984429912,-0.39094845155594121,0.91689906358970208,13.527449373870747,1.9855567651914172,0.42658701730242682,,0.4318732070363634,0.7931034482758621,0,4
0.16754054279104225,-0.92914958928342417,-0.32956214475532108,0.98496109816592803,0.14344429791757127,0.096308714531473022,-0.042211392076696733,-0.34074150632023004,0.93920893535441186,-8.0452033277256021,-8.5628997566411886,-2.0035527240041109,,0.313005818025178,0.2363636363636364,0,1
-0.76662766642913283,0.62370621358488854,-0.15255353224696114,-0.63388809714223304,-0.77301950846469047,0.025034373058025052,-0.10231276248260575,0.11589391126634252,0.98797808678359234,6.5984186406229322,-21.076128866429659,1.1219729882134017,,0.8326771047296395,0.2584269662921349,0,1
0.97907411657481369,0.13157301221297799,-0.15524953046773757,-0.073930466771798944,0.94072372210228905,0.33101837525569527,0.18960000088648044,-0.31261385306991729,0.93076550136574543,-5.4809893222482922,-2.5566649202753591,-2.0907998004991022,,0.5711330981648481,0.2843137254901961,0,2
0.97588950998437263,-0.023774151588252808,-0.21696648132538554,0.098943787477610179,0.93423134800527441,0.34266881288473428,0.19455022801848779,-0.35587438531103388,0.91405887701911592,-20.787187966342568,1.9179777710405292,-5.2269388275429112,,0.6580148786792952,0.4383561643835616,0,2
-0.78289349309704492,0.60105058617257867,-0.16067349292246721,-0.61266933018129555,-0.78972955191208094,0.031040726343727846,-0.10823155880568867,0.12274130396220767,0.98651938753384216,26.348381512242518,-16.670594098699684,3.5787759625665272,,0.3021257885569061,0.625,0,2
-0.43395706843860565,-0.87072326930007249,-0.23134876496658516,0.88782351319615682,-0.45695000079633813,0.054461970109977456,-0.15313612300239535,-0.18176271639590874,0.97134527474023102,-8.9299082810149688,6.6296682662471218,-3.4314321519937807,,0.1147686617949449,0.2170542635658915,0,3
-0.61344333174052224,0.78960502897031781,-0.014531929254988524,-0.787421945729463,-0.61294860188803146,-0.065273967453611151,-0.06044797868179716,-0.028599120061499728,0.99776156079746492,-6.8242917650266506,4.2857625163903208,-2.845685500071129,,0.1170953281181429,0.2111801242236025,1,3
0.12248424309963785,0.99235277743350703,-0.015283170885450587,-0.98747987109270052,0.12339623101429252,0.098269396854828314,0.099403794590816358,0.0030553709222307904,0.99504248669565587,28.551234313771999,-10.885529392940796,3.2386324744223227,,0.4238949588630641,0.391304347826087,0,1
-0.1575306878157148,0.98248913956478168,-0.099494587961164421,-0.98640790706041948,-0.15178601977212253,0.062932067266370684,0.046728185124077018,0.10805598011674723,0.99304601196320086,-0.71418856836375422,31.316671952199719,-4.1500958514963395,,0.8328011262251449,0.8571428571428571,0,2
-0.81063908811045038,-0.47836468728209858,-0.3376854968590714,0.54986891153332718,-0.82013142837689212,-0.15820436251138426,-0.20126710848176857,-0.31392939675981174,0.92786846314195248,-0.62804044766528722,-2.3015550864379022,-1.2742628435928693,,0.5199364910234975,0.3527305282005371,0,1
-0.6342608907070616,-0.66162988103952081,-0.39994877551395797,0.75139718841513758,-0.64931150386371361,-0.11745993441199147,-0.18197633846550293,-0.37502062805380754,0.90897972517147818,-3.9491679681190006,0.88810491699094207,-2.1031488500954958,0.7912317332582006,0.5127707835090626,0.2041763341067285,1,1
0.92051033101763791,-0.27941945541804863,-0.27310345736310482,0.35756166696098712,0.88421742240958068,0.30051489851160201,0.15751312583362725,-0.37427839617220698,0.9138409584544136,29.727393843261073,-0.48104593561197206,2.2645660744226892,,0.284765929032768,0.1428571428571428,0,3
0.82310270632961247,0.56788514235074272,-0.0028982632978528646,-0.53065663053536238,0.77094060507501772,0.35221317964468712,0.20225102052084434,-0.28836963873445709,0.93591531462757593,27.336244421142585,-0.94924686643005229,2.092983040251176,,0.7487076444821423,0.45,0,1
0.95067477493005259,-0.17441031679309377,-0.25651220966617988,0.23174933600000655,0.94902895728542858,0.21362650466945435,0.206178848515675,-0.262535863511759,0.94263736547777732,25.72602315953565,-1.1995606295017713,1.9896716270716488,,0.2030019106127573,0.1176470588235294,0,2
-0.91983841604535721,-0.31391283407044307,-0.23527860287971833,0.33590665105851897,-0.94004384036511945,-0.059027959190963451,-0.20264256744776021,-0.13332783204365906,0.97013384595153618,-9.1237056536728893,25.428884079848892,-5.0724978401121987,,0.142687413874295,0.2307692307692308,0,2
0.18684236642786328,-0.84188809154536237,-0.50627499584884061,0.98164828218202838,0.13997820922543933,0.12950965613077811,-0.038165169942099453,-0.52118187061346111,0.85259185871502674,-20.342495062466778,3.927064538170904,-5.3121560280013922,,0.5255298789776588,0.2615384615384616,0,1
0.93395338196134181,0.34088629965778688,-0.10736671285176312,-0.29536431277989084,0.90534296650422896,0.30514592531670004,0.20122376365388414,-0.25327977358435821,0.94623377303604062,19.949383102978015,-15.565321108271283,2.6287611010724645,,0.2928304631786492,0.2941176470588235,0,3
0.51604820866813828,0.85205115351855598,-0.087767181327102747,-0.84052566553189867,0.52345580519117785,0.13968044098518476,0.16495712143634583,0.0016887271404416031,0.98629929346425083,22.255274280149603,-0.51221426401950743,1.6224540155168823,,0.08506031936881793,0.4,0,3
0.35954468177971116,-0.83327705226019477,-0.41997258955851668,0.93303023219598014,0.3145268283963879,0.17472109210746289,-0.013498429991730447,-0.45466716221371117,0.8905591299808725,-32.956958613662493,9.5330128055501522,-8.4913458197521763,,0.5867293569177956,0.1515151515151515,0,2
0.18387484812968019,0.9808884527057431,0.063622979919383094,-0.97290986664763157,0.17238764735347786,0.15404184632632509,0.14013005246904467,-0.090223846007960448,0.98601380619469836,24.047631793271311,-15.23775010487355,3.1096326354018453,,0.3974184831707567,0.2,0,3
-0.8796761245277217,0.4686403869677423,-0.080907994899225733,-0.45473063637823069,-0.8786746397100218,-0.14543357889261099,-0.13924785195807418,-0.091143103047837126,0.98605424317928547,0.19939937483132916,22.238829508157981,-3.3179347603420277,,0.6464309854630834,0.1481481481481481,0,2
0.88129965692040191,-0.36003188192359659,-0.30608488807933021,0.45173050220542488,0.8320253445320529,0.32198350801485837,0.13874605612130861,-0.42203183535708899,0.8959010335164872,-24.652258765270822,15.351369294587743,-7.19616652372369,,0.6759067986568467,0.5454545454545454,0,1
-0.31595149680404006,-0.81165955329404793,-0.49130786805606175,0.93930035774815535,-0.34059183864209258,-0.041376773491730391,-0.13375159663149389,-0.47455870974717618,0.87000260999701651,-27.669288475070481,12.278979447059632,-7.573426155520262,,0.2766485539256095,0.2,0,1
0.27411351721577715,0.94948716254567989,-0.15276094998575113,-0.95346299840531246,0.28905808828864382,0.08575390525722669,0.12557902034793361,0.12214560882761132,0.9845356062086249,-4.2414291124852745,4.5758536233984897,-2.4735156727385612,0.25394873102458,0.2042861224014618,0.6376146788990825,1,3
-0.93122589067203565,-0.24264001950931235,-0.27192675755540252,0.2715657824755508,-0.95959013295461437,-0.073748237433772804,-0.2430439596667977,-0.14252227078133003,0.9594879029986868,36.420495401338989,-8.918956874937825,3.7136345781632145,,0.2398781503324547,0.1904761904761905,0,2
0.15264355314681638,-0.86327122439294413,-0.48110574598296207,0.98724194666705767,0.11087457436028963,0.11428108986819903,-0.045313181567329767,-0.49241204483189882,0.86918185305533968,1.3971026570537348,-23.352811472449709,0.48632448530979938,,0.7754912389078896,0.3043478260869565,0,1
-0.57249080317856349,-0.7179093879966818,-0.39605604515294685,0.80414542867988903,-0.58590240470337629,-0.10034192392035829,-0.16001378006034647,-0.37593148682842609,0.91272729081679582,-19.721722618525277,17.791099429093507,-6.4074749592380815,,0.3332332008593188,0.25,0,2
-0.46730460565874204,0.88402963035032001,-0.010863617850631785,-0.88375896422458688,-0.46743044584400145,-0.021883131648929258,-0.024423322517909934,-0.00062526854637512017,0.99970151063026369,27.010275897266698,-7.4851303683287984,2.6690826610409637,,0.6569183656541813,0.2222222222222222,0,1
-0.87670629848632742,-0.38996059035916636,-0.281632391889024,0.43492836904878163,-0.89272641560803712,-0.11780008774272299,-0.20548328396969251,-0.22576599576188772,0.95226379494690105,-4.0661838475823586,18.210394665457287,-3.6713478660169696,,0.06720619146626398,0.5,0,1
0.26276940990845421,0.9570793158277674,-0.12227600104278738,-0.95677529968559494,0.27483698057351325,0.095108674792445724,0.12463251232284299,0.091999007189682902,0.98792860043031916,-19.037293963351054,9.5806877799761043,-5.5447383839134261,,0.08388092192478272,0.4,0,1
0.88430832752453881,-0.37795082379771289,-0.27413857200580422,0.44547809359355894,0.85880501341073279,0.2529885710241439,0.13981434117786243,-0.34584262856279013,0.92781723753645506,24.332639077429551,-1.1145204682672065,1.8683703035243719,,0.3127316224147219,0.125,0,1
0.95926206302665085,-0.13979176005593275,-0.24550877430006299,0.21279913257390398,0.92911641442077753,0.30242225055321764,0.1858300934016037,-0.34234624618117787,0.9210136937700808,-8.234620277338049,35.494773122772486,-5.6516285284869889,,0.2874003846453013,0.3846153846153846,0,2
0.064218801925967836,0.99440341955520573,-0.083891505267856437,-0.99413632665414631,0.071076586641539777,0.081492839304989836,0.086999479916804762,0.078166220378761767,0.9931370159680406,22.789262707829202,-1.301296813984506,1.7479388859306639,,0.2211593369339586,0.3809523809523809,0,2
0.75546443581150358,-0.5994446631086302,-0.26446092734955462,0.64765648995527614,0.74427350982686513,0.16308897445508072,0.099068447261562692,-0.29448775601131411,0.95050639362215883,18.878624758953933,-17.251464894971033,2.5778879913601567,,0.08436248553215578,0.1333333333333333,0,1
0.83407337966989537,-0.45381358170203823,-0.31364762136640995,0.53778932937041546,0.795565508753873,0.27903074829937879,0.12289928617106897,-0.40140846321915008,0.90761611439786738,24.910975006191393,-2.266590476458441,2.026228978773895,,0.4448046695676031,0.1176470588235294,0,1
-0.9290581523941599,0.32008955919883064,-0.18545517938803535,-0.33494620544323511,-0.94066606420088938,0.054391130894540757,-0.15704136056825355,0.11265003219132784,0.98114625888201024,3.3545767559703226,37.003653240679171,-3.9783565529481573,,0.3759872496431047,0.71875,0,1
-0.83863128249202989,-0.44538307614143918,-0.31357851889528826,0.50531027626403213,-0.85107472946284046,-0.14259498438486948,-0.20336936034649197,-0.27803906264505795,0.9387945371143338,-5.6947207298337128,-11.259554739856037,-1.4182555590653976,,0.2810025620214997,0.2244897959183673,0,1
-0.061954596162300084,-0.954655346449509,-0.29119546272174801,0.99013134591873031,-0.095532785079165197,0.1025348955438154,-0.12570419978477021,-0.28196924738415113,0.95115287818840377,-22.488011858898005,15.484239953395901,-6.7170846864267828,,0.3422059138449758,0.5,0,2
-0.67847950913503274,-0.66591311507699713,-0.31020199685420413,0.71028020819016502,-0.70244026143709681,-0.045603782359800407,-0.18753021499806843,-0.25127157077678702,0.94957622978997558,-13.108166694556147,-27.348610701633763,-1.6934712749173195,,0.2499934125407557,0.2666666666666667,0,1
-0.94805587430916916,0.28161357944368193,-0.1479319135980979,-0.27159544367983279,-0.95869805478488623,-0.08446274163222206,-0.1656078928077791,-0.039897764656603586,0.98538428758285679,-10.378334201523073,-12.593468348215124,-2.1606271286783429,,0.3277708052423389,0.1,0,1
0.98094911624787662,0.010540725820450391,-0.19397867004309433,0.042563878383412225,0.96260263592373341,0.26755276408522194,0.1895445794251886,-0.27071213199976535,0.94381555083536817,31.027726109337269,-7.2164151559359402,3.1103722449740046,,0.3356051369151858,0.1538461538461539,0,1
-0.86233090180017602,0.50100120507307822,-0.073370350386365052,-0.48878511431741117,-0.86146934151700949,-0.13769417434287096,-0.13219125471153503,-0.082875606432610605,0.98775356543837201,-7.374067298029555,-16.764013625715201,-1.3825823786153926,,0.7924436786507556,0.3478260869565217,0,1
0.333635666698749,-0.91164654870373318,-0.23997460728804892,0.94268076071989537,0.32092472599050487,0.091434695911777858,-0.0063423398711515361,-0.25672532108167939,0.96646359695565731,6.0194252572207363,-9.6163183306621338,0.2065096860636485,,0.3491916498525643,0.3823529411764706,0,1
-0.97867004837788918,-0.010498351676434125,-0.20516998079664986,0.058838640250792391,-0.97118048063961038,-0.23096858755695229,-0.19683229110452777,-0.23811396144849126,0.9510829567087451,0.53661924162749719,-21.964018372650248,0.2696508133782855,,0.2689750708776417,0.5,0,1
0.96833127185376811,-0.085797270385275889,-0.23446401929613814,0.17621558972002532,0.90013358526107745,0.39838121771070351,0.17686891725141446,-0.42708120665685462,0.88674631605146081,-17.914691164225353,9.2564075496296176,-5.2503215513621262,,0.1816622362787927,0.1,0,1
-0.94761376079407678,-0.18887081392179259,-0.25759653724812781,0.24501299934266446,-0.94720077754353527,-0.20683161550893053,-0.20493118480801786,-0.25911098523498016,0.94385629564237139,-3.4963733412131357,-22.072216363768412,-0.36997513854149472,,0.4809145614216032,0.1578947368421053,0,1
-0.35892803904637854,0.93327152047460604,0.013226180754010679,-0.93336500154350899,-0.35890194333657222,-0.0043782374212893646,0.00066081768036966757,-0.013916326391984873,0.99990294488002396,34.638010816382916,3.9085838335910812,2.2587770088851142,,0.707221273194294,0.3870967741935484,0,1
0.062382408116479778,-0.91215162067064004,-0.40507759264801796,0.99601603038798403,0.030983709855485524,0.083618639870266909,-0.063722071276373776,-0.40868010794693155,0.91045047476550445,10.137158174098998,-21.926145241106106,1.7181135569667061,,0.4276791816495734,0.2758620689655172,0,1
-0.39452164289781222,0.91184517588534353,0.11353875329524656,-0.91885651701380611,-0.39048493350302838,-0.056782196579504479,-0.0074413994966833086,-0.12672762888085265,0.99190963986230529,23.84649000313544,-18.766864318638596,3.4461890322087756,,0.2479340271404943,0.5714285714285714,0,1
