axis_00,axis_01,axis_02,axis_10,axis_11,axis_12,axis_20,axis_21,axis_22,location_x,location_y,location_z,dbh,dbh_approximation,score,reconstructed,number_clusters
0.96537070156548055,-0.18465295349233685,-0.18428970488209354,0.2191145945417477,0.95729510356742908,0.18861304075972973,0.14159167707806006,-0.22246206744607711,0.96460480277149752,-11.434583228629714,-5.8153481017793229,-3.9482006387830735,,0.2278708292717201,0.3111111111111111,1,5
0.77008100064766627,0.62639357087660708,-0.12085672015217447,-0.62303192729054191,0.77918290762841336,0.068594562731774236,0.13713668370688034,0.022474225774949123,0.99029714689970416,18.315784486977911,-5.1359823079937739,0.88560794551208877,0.366229429972561,0.3534617911086476,0.4137931034482759,1,5
-0.098277224417023232,-0.96179773318008899,-0.25551263689009324,0.99426016021079211,-0.10580745542081406,0.015859262119760346,-0.042288544293897605,-0.25248743102779386,0.96667563132339707,-0.11645200919413143,26.930502473365497,-4.346185558007444,,0.2336688412772105,0.5365853658536586,0,2
0.54471343111407489,0.82603978702948622,-0.14472576898469897,-0.82910839800022196,0.55637499536262802,0.055010261776695886,0.12596246397017291,0.090028522033386529,0.98794145721851667,-1.5995559972723825,-10.758381045396829,-2.0786298335850839,0.1411820936578523,0.1343138864518532,0.574468085106383,1,5
-0.75994277717031011,0.63417124627153665,-0.14252650921524396,-0.64121378028259413,-0.76734851348605593,0.0045985678690477691,-0.10645122546209576,0.094884610201798905,0.98978030256439797,6.2176877715834369,-5.9431699981616744,-1.0931301718774316,,0.07979563593605096,0.2340425531914894,0,5
-0.90249008042524659,0.39700012705338206,-0.16704057547083753,-0.40643879601036181,-0.91332949366624305,0.025233729351994503,-0.14254529045772557,0.090664960811555756,0.98562706184913551,5.0291646660383575,1.1771155771773831,-1.9238384109396762,0.2288583546068193,0.1418259435406319,0.5344827586206896,1,5
-0.74709474535723397,-0.56114885093077016,-0.35631644441238708,0.64646343616254887,-0.73813069584635893,-0.19299767240637869,-0.15470768295246329,-0.37453309993703587,0.91421577862506509,-13.882953161581996,8.6562967867352736,-5.2333934045137172,,0.3147598017173321,0.2352941176470588,0,1
-0.25104174603242169,0.96231691916728512,-0.10451884439361549,-0.96795167378993896,-0.25033727130629713,0.020020184868584076,-0.0068991996816897801,0.10619509253869158,0.99432137831007639,-10.410407199425359,17.201604392924974,-5.2400306346894174,0.2841956022013742,0.2054047513103817,0.7471264367816092,1,6
0.97894980574555812,0.14142039223299918,-0.14716504507320258,-0.10527844052501031,0.96759629048662044,0.22950788351852458,0.17485344660988247,-0.20918339154243434,0.9621167189647255,-15.720523104573072,21.594711082505682,-6.2635791845574884,,0.1270953823778482,0.2333333333333333,0,2
0.88450404231148438,-0.38001971000775403,-0.27062449841111114,0.44582282970943987,0.85941254485101282,0.25030397971780777,0.13745764309237388,-0.34204546153739235,0.92957533239493872,6.7853951563533741,-3.5811045713321139,-1.2043370273177207,0.3640153271594866,0.1417864328719399,0.2,1,5
0.31344859111279977,0.94342169365479989,0.1081919066793401,-0.94546265779124439,0.29941857816580342,0.12825317840695638,0.088602163922326754,-0.14249218571795003,0.98582231337985227,-4.0509599260834976,-0.013520191653684892,-3.2185189476626022,,0.3199849805504004,0.3333333333333333,0,5
-0.88611308579203618,0.43592381799605939,-0.15739766228204832,-0.44233308790042941,-0.8968279588916831,0.0064071443442852444,-0.13836559737371917,0.075299648431557037,0.98751451858162442,-4.4623078249201882,-2.1771339398536971,-3.1275033549859983,,0.1922602190298822,0.634032634032634,1,5
0.53477761318609418,0.84499169096824389,-0.0013952166892755745,-0.83813074307505608,0.53064401762306312,0.12630828980437736,0.10746981877455992,-0.066377471746669206,0.99199005503940485,-1.2781781732263235,16.667258481146614,-3.9954755118653735,,0.663198219085125,0.4712643678160919,0,2
-0.5384879199689846,0.83744296050590139,0.093381196964848895,-0.84045395969369097,-0.52582186857813296,-0.13095229726964136,-0.060563204032417745,-0.14899882692193298,0.98698097645963556,6.8149077668782274,-4.9454514701550751,-1.0625226847308009,,0.732306528253758,0.3098591549295774,0,1
-0.91462521240033978,-0.35625238255183389,-0.19116736323905995,0.37151374164425771,-0.92709170252614981,-0.049784685161689532,-0.15949376354929021,-0.11655563063750436,0.98029410094908576,6.0445241014086131,4.2884402348670463,-2.0648636316537523,0.9117754735355879,0.6324555924775973,0.6794871794871795,1,3
0.89332641074551389,0.4429510906161811,-0.07590951973549559,-0.40686709124221243,0.86887694585464792,0.28197876343157641,0.19085883246168936,-0.22101399115041409,0.95641294522142783,-8.6632123125139273,22.044898539159135,-5.2736725350405935,,0.4925500006765239,0.2592592592592592,0,2
-0.15322405298605202,-0.92908567228664574,-0.33663363340314062,0.98619777173775847,-0.16539703141511305,0.0076011195589273089,-0.062740294914900088,-0.33082266480811218,0.94160502326785189,-10.48660757025957,-3.7198905458781857,-3.9554656780355706,,0.8367514727573643,0.3191489361702128,0,2
0.77239261926921898,-0.52125622116080772,-0.36290714184153339,0.62563795210542639,0.72289667981102512,0.29325337713916372,0.10948422070674758,-0.45355522510423318,0.8844777347095204,0.52465743973649137,31.333473795305366,-4.3719622617303742,,0.2504421376193181,0.1428571428571428,0,1
-0.5191433157367189,0.85234542643758238,-0.063225720690400763,-0.85237813486056357,-0.52175624114545238,-0.034956258915890839,-0.062783221783463253,0.03574491371795202,0.99738686987837566,-8.2895367482610567,19.210640816045657,-5.0497257376618583,,0.1978404410072891,0.2448979591836735,0,3
0.97929447222093735,0.13477207786067208,-0.15105900736676792,-0.10381672082672536,0.97493395737958954,0.1967888899937166,0.17379420345426397,-0.17703182136918275,0.9687390304248138,-15.874246670168034,24.46893650022324,-6.4857766745875534,,0.3233747725523766,0.55,0,1
0.18968638103358987,-0.95359975230299932,-0.23380887335180317,0.98183442020388978,0.18313632937889102,0.049621126191567472,-0.0044997948034114091,-0.23897405145598172,0.9710155274646447,-6.780839007418022,3.42409223928574,-3.8591251286723174,0.7101703290100275,0.566122323536885,0.9170812603648425,1,5
0.30909315621560002,0.94626333354817649,-0.095116372738719368,-0.94538775432982813,0.31659816093344789,0.077508699232815198,0.10345730879876565,0.065964445543420278,0.99244409272274159,-13.758767923754347,17.762617360952888,-5.7338477923170039,,0.1102547037686089,0.3584905660377358,0,3
-0.30464931749068797,0.95176720033670748,-0.036441593210017456,-0.95234362276062778,-0.30499734987891225,-0.0042709195735719215,-0.01517951051982246,0.033403786163650938,0.99932665807047893,4.6168087184239779,2.7859978892950754,-2.1488805157908804,,0.09229395824563216,0.2222222222222222,0,2
0.41810874744720133,-0.87559305210460303,-0.24191296454361169,0.90694127157022986,0.41743459686854117,0.056620555099482668,0.051406276180123278,-0.24307440104491704,0.96864453249163995,-5.4041136819358604,10.210356843398918,-4.1476393029947349,0.2886978658208932,0.2098261696234758,0.3475609756097561,1,5
-0.053017331507253088,0.99338424453018337,-0.10186709615497469,-0.99842177041709468,-0.050839398102513068,0.023860510425563506,0.018523793268233276,0.10297134708146262,0.99451182535110383,-1.3380931680737314,8.8363702131009578,-3.5057965344746962,0.4897266027612116,0.3472513348794008,0.5,1,3
-0.0074506703698895014,0.99470366663165999,-0.10251391661901335,-0.99954706235173507,-0.0044190518905668349,0.029768139417922369,0.029157463110765232,0.1026892768010334,0.99428605279115967,1.3059012844887685,-16.80396277984218,-1.2293166140450871,,0.2346689006590198,0.2272727272727273,1,6
0.94551836867650585,-0.26618211712625145,-0.18746224957976007,0.29099601322336016,0.94917297827576297,0.11996656867322056,0.14600114651408572,-0.16798136156521437,0.97491842088621317,-17.26260662920858,21.011059316768975,-6.4467554324274063,0.4307585698765585,0.3020850541112404,0.5217391304347826,1,5
-0.12799876185132664,0.98455558896198803,-0.11944291192130503,-0.99165106594411023,-0.12515261499767327,0.031064229769214784,0.015635868266191746,0.12242187387455522,0.99235497903754433,0.88203082528206123,11.597779462232824,-3.3914854663662197,,0.06777899481645631,0.1515151515151515,0,3
-0.87813105498893129,0.46958278166024825,-0.0915306584279314,-0.45918229012857331,-0.88095930176859527,-0.11429056417600007,-0.13430366598237536,-0.058332836341237336,0.989221818152067,-9.5709492061578043,22.381795100145162,-5.4177749638089185,,0.1203904884209411,0.1052631578947368,0,1
-0.030739597537917059,0.99565946687405338,-0.087848182492766561,-0.99822986346058162,-0.026103974082354323,0.053438958004212313,0.050913817757805881,0.089335371276909797,0.9946994393283537,4.4355731335974671,-14.104216194793414,-0.88138184194479263,,0.1194295773938925,0.4375,0,7
0.94568440293225364,0.28156410512044155,-0.1624889681128894,-0.25951588832979749,0.95489919584994665,0.1442880087516667,0.19578690904925924,-0.094282450502995122,0.97610363474996198,-7.5389928172734155,14.152945261885812,-4.6593161101003764,0.7409725918423777,0.161538600399056,0.2,1,5
-0.55434774051076963,0.82392075349875504,-0.11769950953444155,-0.82999388971642929,-0.55775206410602263,0.0047726322781592627,-0.061714873604307816,0.10033557165589355,0.99303778751691452,-2.4881801484255086,13.777059431005259,-3.9687211051694944,0.2952239735694379,0.2690605962715161,0.6385542168674698,1,5
-0.6602012444325448,0.73914577056044783,-0.13340857061043637,-0.74596131081792427,-0.66598718401898693,0.0016713722694784816,-0.087613010520825693,0.10062107425912653,0.99105971555825823,10.164342675759244,-20.258425054255095,0.49621458460039025,,0.297373874454844,0.5869565217391305,1,5
-0.55786677935661788,0.82804146580208993,-0.055964161769833536,-0.82768284030093298,-0.56004904095571406,-0.035863457668839305,-0.06103910518392261,0.026313544742408997,0.99778846706174884,-14.735585181930398,17.076265463484166,-5.879030847061772,0.3903966454338166,0.2828424224054406,0.527363184079602,1,5
0.87008849916877529,0.48045832131368615,-0.11002638362984843,-0.47550692892430868,0.87698161173413969,0.069256142147559013,0.12976580504586155,-0.0079406649989119393,0.99151287519637077,-12.052504560943682,0.7628717827612691,-4.4930489676050938,,0.1784724508512775,0.2222222222222222,0,3
-0.97670147140058472,0.12973319172011108,-0.17094892433134867,-0.12563778499698544,-0.99147234368511272,-0.034608361541689635,-0.17398098386025829,-0.012324393439923673,0.98467188777853998,10.452073026472055,5.1026708302452279,-1.3989880782840474,,0.2643711877931021,0.4642857142857143,0,7
-0.69272441802170925,-0.65535323299742532,-0.30107311516691038,0.6964199228852247,-0.71634007081736262,-0.043083569372962371,-0.1874357801622287,-0.23951835616753717,0.95262730664923645,-18.305956386197099,-1.4612803217460697,-5.3188271826695495,0.577375353303057,0.1837696795745143,0.1515151515151515,1,3
-0.76147228409732415,0.64706289702752362,-0.038334942832266863,-0.63929522450744269,-0.75946772559609543,-0.12045907894331893,-0.10705875243800915,-0.067218904098794899,0.99197784373350506,-13.685313418218577,15.654930662653651,-5.6112591946237451,,0.337079660868467,0.3225806451612903,0,1
0.88949861864134117,-0.35910357814666372,-0.28255411445846873,0.42658018675570103,0.87423689875706723,0.23181714586953511,0.16377286619772394,-0.326733017942615,0.93081898524014528,-14.502355716457032,-1.7956866244594918,-4.7156691805724096,,0.400542425802038,0.1904761904761905,0,4
-0.88322704698672949,0.46712964289957487,-0.041229603389047784,-0.44859396894317288,-0.8672441450767896,-0.21598852714401567,-0.13665077569817896,-0.17227155759017604,0.9755250257920306,-8.9924220064560441,18.212512962747567,-5.0885579413994133,,0.3925386896511342,0.2368421052631579,0,2
0.48966412852458174,0.87146527683129371,-0.02788032484779936,-0.86381678082480373,0.48921723103827952,0.12036224499697541,0.11853105247881331,-0.034853581345330356,0.99233845912857255,2.6000300304732913,2.7166298797431714,-2.4537295094514535,1.44818172498497,0.3742887869537608,0.3928571428571428,1,3
-0.87801413887663482,0.46918859205915681,-0.094621546247494942,-0.45664930709409207,-0.88037881811005791,-0.12808023638962601,-0.14339659083536843,-0.069247394930663092,0.98723969532839895,7.2884801369557195,0.17785713957203053,-1.4929395420352505,,0.3745526644583493,0.2083333333333333,0,2
0.5759316063393739,0.8130125715973584,-0.085518087233045756,-0.80456448807474301,0.58224426761925052,0.1169084999200222,0.14484049623077075,0.0014735159221216732,0.98945391979740593,-9.7051035692593146,13.228024071538051,-4.900061111193212,,0.1319328599691088,0.3793103448275862,0,5
-0.79058994816469264,0.59655413497751963,-0.13816909170350805,-0.60169867332870397,-0.79870357896701882,-0.0055945920095717841,-0.11369362504303628,0.078713130966182904,0.99039285267921562,4.6511411975684327,-6.3500917496308054,-1.3103767930800836,0.6491571525094038,0.674207645669558,1,1,5
0.61771238945522144,0.78524727702279062,-0.042639393075111408,-0.76942097928353159,0.61469077255313542,0.17362779379005316,0.16255079375965087,-0.074444395801984461,0.98388783475647523,-6.4320542656163946,-8.3438994267497897,-2.9996010207650996,,0.1701993857240675,0.2352941176470588,0,2
-0.24272229156956771,0.96913018795927042,0.043273178312294221,-0.96998201793448824,-0.2417690187864763,-0.026127120751501743,-0.014858467584401779,-0.048315839442717341,0.99872158562834179,-8.0106145884254456,-2.3012308348471131,-3.65156413919083,,0.3170964058184687,0.1864406779661017,0,4
0.24001493659319295,-0.91541632481895807,-0.32311883644739087,0.97076636579009168,0.22713233178786682,0.077611641570723811,0.00234377107703998,-0.33230085180684793,0.94317053104175175,-18.876302504840424,24.347547539668692,-6.8776767575856024,,0.1569745924539544,0.4888888888888889,0,3
-0.34931661752906068,-0.90234144892810175,-0.2525030896135535,0.93198153040869036,-0.3624568736887544,0.005953292605805828,-0.096893383133895769,-0.23324863185474135,0.96757777364032072,0.48980382216115431,25.776278647057151,-4.1683923658616697,,0.1180613023955756,0.4736842105263158,0,1
-0.91080102842733257,0.40790899745180575,-0.063653251398304342,-0.38423686492967485,-0.89394528610507595,-0.23070296287548775,-0.15100833832847685,-0.18566657008836204,0.97093996029975782,2.0587081320149743,10.531474180377401,-3.2073766872260459,,0.2195418182601477,0.1538461538461539,0,3
0.37199617504910892,0.92754497096268407,-0.035765522373709384,-0.9251536837162847,0.37362281545896064,0.067057089667732883,0.075561281454325266,0.008143623907752669,0.99710790496045487,13.085807053949992,2.589636224507077,-0.66521656064099643,0.4189406175457464,0.3624485447989448,0.375,1,4
0.64519143153607894,-0.73335637352949934,-0.21428123127349799,0.75958485773860673,0.64587976244487477,0.076617076153900315,0.082212289632664304,-0.21219745961677727,0.97376248519109665,3.1131749871285366,-7.0623109433044746,-1.550073575487579,,0.1061887880074031,0.2439024390243902,0,1
-0.60595085159857731,-0.7474648792655898,-0.27224955410695645,0.78385970225722701,-0.61936445167249543,-0.044177405782155205,-0.13560063651831086,-0.24017479107705447,0.96121201464969352,-15.676990150499158,0.15986996217854826,-5.0366616605943157,,0.0689435942062476,0.4705882352941176,0,1
0.73441721797559911,0.67446178578870153,-0.075714261877781713,-0.65618461850885978,0.73411804844082329,0.17462083892198993,0.17335828902410105,-0.078562016675701021,0.98172038440814868,-1.9703168626398209,-2.7049153047665087,-2.6824093510543889,0.1488691028654389,0.4679948896279383,0.6605504587155964,1,5
0.69262095327750572,-0.68560427996612017,-0.22410485575528669,0.71539032334291974,0.69264332593552114,0.091988631386128852,0.092156933262086224,-0.22403569878284649,0.9702139482210147,8.7166324246068747,-12.46675348248073,-0.25261294356442016,,0.1207984562494068,0.3125,0,1
0.7788056394997156,-0.57325697131861486,-0.25463350274079644,0.61738076712013579,0.77231541731877285,0.1495656530152622,0.11091782667177906,-0.273688401300344,0.95540143119008913,-0.20472375268993295,17.157651177631998,-3.9076915860886818,,0.3056990042451027,0.2727272727272727,0,1
-0.59894773593670869,-0.76275584494021753,-0.24385473262954285,0.79012224645753537,-0.61243849336201273,-0.025018543150357436,-0.13026298503100947,-0.20765984893089739,0.96948901070244631,-10.356875911634658,14.548371576627579,-5.0764533366429969,,0.1273664702695758,0.24,0,2
0.34143379822723735,0.93679036969845231,0.076464139754258781,-0.9364555001517566,0.33208854267859633,0.11299688516560481,0.080461529090896239,-0.11018621992718769,0.99064874666781455,8.448605930238859,-4.8977854571962673,-0.8231609917686511,,0.3486777803098341,0.1694915254237288,0,2
0.66498353769892482,-0.70776571945769806,-0.23846295508935478,0.74467868781757141,0.652711679387456,0.13935966239018005,0.057013564173100613,-0.27025016179779121,0.96110056890449569,7.9164017049891635,3.0174633800373587,-1.6288781867420945,,0.3355424371678041,0.6285714285714286,0,3
0.81287133966682257,0.56576870887163988,-0.1383689026117601,-0.5589239507674324,0.82454317873344485,0.087934996802591467,0.16384200440299312,0.0058578550565987217,0.98646920029332152,-9.7927750167077594,-6.7432522271216264,-3.6515674123614703,,0.6579681953182958,0.9301587301587302,1,5
-0.1336469801683724,0.98649041780996805,-0.094737216873777369,-0.99092943714227388,-0.13166652128581963,0.026884526727972653,0.01404760822243052,0.097470932803607219,0.99513922742580263,-3.6608957681610219,-13.462966754052802,-2.2472615127149655,,0.3335064171599156,0.4444444444444444,1,6
-0.97413169465932214,0.16702870763629105,-0.15221318039351112,-0.15896289819158546,-0.98522168877392269,-0.063788878090085419,-0.16061830050990061,-0.037942519616000633,0.98628704074752038,-8.6517341699126309,-3.7966414375312691,-3.6581331261382202,,0.08868786063637767,0.1818181818181818,1,4
0.6725336390665323,0.73993413428581067,0.013999330078072032,-0.72809013164556724,0.65814236392177961,0.19165956540645784,0.13260190241571856,-0.13909027906420846,0.98136162027336926,-19.860478877124024,-3.2248919501390718,-5.4426154782417973,,0.4525349862722239,0.4375,1,4
-0.9692711559587659,0.19241877006900338,-0.15325939824848972,-0.1862094505283898,-0.98102359499628966,-0.054025425444605882,-0.16074659175320719,-0.023826938235694262,0.98670806739077566,0.98942843695700788,21.689466229022255,-3.8948094096323778,,0.1146315114675276,0.4285714285714285,0,1
-0.97560261605570853,0.16139951312619241,-0.14882786267324033,-0.14275779122898738,-0.98138441372125951,-0.12847118567367505,-0.16679253157344198,-0.10409048788245319,0.98048223938208801,-1.2952436100873972,24.552014743803866,-4.4105246968314535,0.4874960863713614,0.4908595411717782,0.48,1,2
-0.97179585590985906,0.1769829339945162,-0.15585203082128116,-0.17160580158440938,-0.98402403875471345,-0.047414554890194791,-0.16175371185539184,-0.019332155274457745,0.9866417812324022,4.3868885634714925,7.717428084904105,-2.6234043750043119,,0.4311490652796867,0.2857142857142857,0,1
-0.97572768872341598,0.16059050770363451,-0.14888306248176575,-0.15603572667440843,-0.98686391841730703,-0.041862376034193662,-0.1536500226477357,-0.017615202568460574,0.98796830676840164,-11.659887578707496,8.9022921169670806,-4.932360215873441,0.8623983172948391,0.4666077124165849,0.3225806451612903,1,4
-0.10477252543215032,-0.9322902319291646,-0.34620462354514359,0.9928682700083562,-0.11796882711845318,0.017203320578045959,-0.05687984111426448,-0.34193315030538007,0.93800128166066754,3.2400532629577672,-8.3440800311514973,-1.4148132903607817,,0.2509642870995855,0.1052631578947368,0,1
-0.79468828150124116,0.59039070217210288,-0.14110051039360341,-0.59697083007389595,-0.80224447595912451,0.0054432374514668917,-0.1099834682372204,0.088558565829629302,0.98998031148741106,11.008466175827358,-4.7716924553442484,-0.38332054543983685,,0.3442412554861295,0.8958333333333334,1,5
0.14033898884554752,0.98516080391705674,-0.09880869716430421,-0.9881061231291377,0.14569250295882616,0.049193333047247143,0.062859029936153707,0.090729736068668757,0.99388976116488625,-13.956921376445672,7.5637188541913298,-5.1778092794227542,,0.06461064637177392,0.1666666666666667,0,1
0.79508430882837489,-0.52260349772583403,-0.30777674704179553,0.59557544646023497,0.76864180837887974,0.23340877872465995,0.11458983126175216,-0.36888393103626754,0.92238485243125767,3.0327141141843201,1.9214972357299314,-2.3006941518666113,,0.5656905685298655,0.3260869565217391,0,1
0.95606959702460925,0.24732993674397202,-0.15734938206241786,-0.23215383673004697,0.96658220110019066,0.10873566391865291,0.17898469693446087,-0.067429599632017528,0.98153844925033151,4.4689338892933623,-7.995507391235221,-1.2120394272339448,,0.1251810269469033,0.275,1,4
-0.44173518004609835,0.88616684896355469,-0.13992264472788304,-0.89605414364342506,-0.44348931216626364,0.020104766940761378,-0.044238019497812149,0.13425924844232859,0.9899583081315152,-8.80091137481595,20.375795595926235,-5.2063810874258731,,0.08889215220493503,0.4705882352941176,0,3
-0.27206223744786906,-0.89311591733006579,-0.35822632115261271,0.96035268867292811,-0.27554940503190722,-0.042370257790581331,-0.060867498006224992,-0.35555095780807194,0.9326728601649269,1.1111837846290982,4.363390058945388,-2.7671026574152267,0.852891273548539,0.3412908632668535,0.3303571428571428,1,5
0.94446596311271536,-0.27444014839820158,-0.1807391752463853,0.29244365563864222,0.95281145798313294,0.081406595634280404,0.14986911889471308,-0.12974178387562418,0.98015627158045204,-5.246875696283217,31.730716105140885,-5.2570400093264906,,0.1213599549897124,0.1,0,2
0.77262937786578423,-0.59926157487428422,-0.2095934382034029,0.6250419441555578,0.77586239726696382,0.085791075021826688,0.11120437268817965,-0.19728939501745352,0.97401770112697417,-10.684016238150161,23.513357115295385,-5.6446408428994523,,0.1074835941952238,0.32,0,2
0.82045606103564872,0.57149645762261492,-0.015609318840663414,-0.55757554389394082,0.80590758678949981,0.19905394848256697,0.12633829491188855,-0.15461164406320307,0.97986421240844845,2.6635314083838892,18.981667324212484,-3.6098646252942199,,0.2232101632205191,0.5,0,2
-0.92988464581696284,0.35882372194142181,-0.08099433341886926,-0.33553852110125404,-0.91762507709161123,-0.21302140444048837,-0.15075956464199855,-0.17090861436662619,0.97368465080036837,-13.39277719579556,6.0922268359233875,-4.9903064091285172,,0.3756540109212176,0.3333333333333333,0,2
-0.95957722319875349,0.25649062362176234,-0.11586247327020237,-0.23343515163591574,-0.9552910972967833,-0.18145784470841647,-0.15722462497613357,-0.14707644073619094,0.97654950610887459,-11.516517780353743,25.867480331467391,-5.8917649748003331,,0.1836296718883615,0.3529411764705883,0,1
-0.98287646624286917,0.080409549075915979,-0.16579552624645294,-0.077100912315199277,-0.99667616747058674,-0.026307157130850363,-0.1673597963254447,-0.013073699306285963,0.98580919906458309,-21.163281601457783,22.787796133507335,-7.0847695601910257,,0.08603962411293642,0.25,0,1
-0.09447150319745512,-0.97509462173665462,-0.20066293565046872,0.99380664087071502,-0.10421919087116754,0.038558018821317576,-0.058510645568812504,-0.19577752402768311,0.9789012541828267,6.3846741678063159,-10.619888691307024,-0.74732131113850442,,0.09870842437258495,0.4772727272727273,1,5
-0.80894755731156054,-0.49901397501104772,-0.31078755165439409,0.56504648322944273,-0.80590036059937209,-0.1767684377252926,-0.16225387918228107,-0.31860580900146035,0.9338972198057055,-7.0543325935455536,-2.7424686885733931,-3.4952630270743392,,0.07853255444633556,0.4166666666666667,0,1
-0.94648632095376417,-0.25870304512716602,-0.19296729953373035,0.26976942424046746,-0.96235934397474276,-0.032999254680528667,-0.1771668761150787,-0.083290020449242039,0.98065012644734295,8.4024582962160537,-20.948462926309734,0.2032946287162688,,0.1368601326754944,0.2631578947368421,0,4
-0.23567179660321572,-0.93662675560151565,-0.25920865143199168,0.96864403280584266,-0.24797767370249521,0.0153561406197383,-0.078660930552892402,-0.24746190421250294,0.96569926165865716,-14.843843003877756,4.1933901192635625,-5.1345786011401939,,0.07385903887164072,0.3636363636363636,0,2
0.87453274786071378,0.47826613200913454,-0.080336665926657724,-0.45508692867366735,0.86656035585779534,0.20486345942109913,0.16759582414117266,-0.1425996375473404,0.97548807430014683,2.2405756464607545,4.3853914235901401,-2.6001302456913682,,0.0983943904967934,0.375,1,3
0.9849963093146582,0.0091583435027300913,-0.17233222386074201,0.037136020747527802,0.96394833644815892,0.26348533284011688,0.16853244969305489,-0.26593181344681943,0.94914544933711009,3.1168309371365623,7.7064935051822374,-2.7940048155729893,,0.08136088752849245,0.3333333333333333,0,5
0.90798019119505557,-0.37982992334235366,-0.17692145638992512,0.39541523499859899,0.91641600935442946,0.061874790746357398,0.13863175800801578,-0.12613852358674832,0.98227812178576102,-8.445681197970627,3.1584654301751507,-4.1177085809404996,,0.07876660770131569,0.3020833333333333,0,5
0.51686977045835714,0.85434953630952681,-0.054152656389349046,-0.8449306176497392,0.51929486009793002,0.12816044488804962,0.13761501278696606,-0.020487022320700436,0.99027389654179787,-3.6342945732287424,8.7629584167873578,-3.8200353869751096,0.8646234987611539,0.4076277816602481,0.7869415807560137,1,5
0.84075362764608907,0.53461294426061923,-0.085570657523083973,-0.51539644694944209,0.8386950995289616,0.17594610679976933,0.16583075731549968,-0.1038245147115873,0.98067355938307565,-20.16775388559314,0.19665540788921482,-5.6758197868801759,,0.121822142808286,0.2352941176470588,0,1
0.98230942724889836,0.0047679088480641072,-0.18720431667875184,0.043071227595282334,0.967122384510121,0.25063751262110273,0.18224450195102518,-0.25426671120041383,0.94980807592057692,-16.762443431313116,-2.7815218931398662,-4.9988024940491709,,0.4720596043557925,0.4666666666666667,0,3
0.93887231919688685,0.30685283048058182,-0.15607725225641994,-0.29687814780607563,0.95119363136381163,0.084226130198173502,0.17430471479880527,-0.032741656631590559,0.98414727064597718,2.6175199599542975,-11.372222245532448,-1.3451741520161913,,0.06991788494227019,0.175,0,4
0.9040022304390225,-0.39011946337430342,-0.17489074205862878,0.40396042620594785,0.9133738022009622,0.050638636558130432,0.13998550432377327,-0.11642637909641915,0.98328477911015966,-8.4444223888107111,0.25989974638228797,-3.9347397900000129,0.3843373839652629,0.2413345235157498,0.9076923076923077,1,4
0.34569013585228825,-0.91015148333366946,-0.22830376116032006,0.93834386350327681,0.33608366018140384,0.080984981229949529,0.0030205628897533956,-0.24222314246288026,0.97021586539039706,-4.7024748976255379,-11.422118987916994,-2.5354807893292692,,0.1225723028738339,0.3157894736842105,1,4
-0.3208858540893692,0.94355449828456917,-0.082080310746792284,-0.94679908551499192,-0.32181931953063464,0.0019537770635065497,-0.024571534614478873,0.078340502575572873,0.99662380331943468,-12.881312242476207,-16.521910497187214,-3.6016586666523054,,0.1694161380012438,0.4117647058823529,0,3
-0.19899658920715274,0.9723141490168935,-0.12249715549951723,-0.97937590218297443,-0.20177100904069464,-0.010549982653252125,-0.034974272075392256,0.11787135161799606,0.9924127894986754,-4.0804606051558201,7.564087346725155,-3.7769332422591484,,0.1560859082190526,0.1808510638297872,1,4
-0.19261863166829807,-0.92003433582277172,-0.34122556123682163,0.98058064040342563,-0.19353719523887977,-0.031701131290157981,-0.036873708794216087,-0.34070540789106801,0.93944672793806705,-2.6844342898430056,-11.926665604624793,-2.1716151991521193,,0.1971607507339213,0.35,0,4
-0.82312347628535676,0.56718813701402393,-0.02766514085399641,-0.55209454087980625,-0.81071823276539146,-0.19475000639917234,-0.13288852741537327,-0.14502952903571972,0.98046268413899973,8.0916236091311653,7.4424542850651205,-2.0282967577537487,,0.4055734764374772,0.3636363636363636,0,4
-0.81698431969637375,0.56550717948357787,-0.11286386189911397,-0.56411829108338174,-0.82435586210302003,-0.046989001708400049,-0.1196126039989866,0.025279291305650077,0.99249875687361233,-17.800025720663267,1.0077910251425588,-5.3830813674023688,,0.1727474447896183,0.5,0,1
-0.31732068604521924,0.93480745458507042,-0.15950738246229479,-0.94814692435908676,-0.31594073209954937,0.034624610161052706,-0.018027535499766153,0.16222353914454687,0.98658934279223909,-3.716293344344114,14.778319143799706,-4.1933560879862428,,0.3048346572978222,0.375,0,1
0.79262958562778452,0.60128055248733381,-0.10099523349174357,-0.59296849717929079,0.79876760299818839,0.10177758964261585,0.14186860590158371,-0.020784936878750566,0.98966725976890113,-15.099276925481053,14.504090405833798,-5.7536437661533766,0.6822287320123394,0.489990036264079,0.2666666666666667,1,2
0.45634131526686006,-0.79206320011617148,-0.40544850598101972,0.88637489717436191,0.44461790510852489,0.12905216044702711,0.078052198173084286,-0.41827121043485144,0.9049624571669882,-11.987044337590573,-23.259365793926044,-3.083134664227313,,0.4302716607400132,0.3333333333333333,0,4
0.99263248395535242,-0.0071046499271096878,-0.12095567678302982,0.044888488072905339,0.94880704518991588,0.31265030727077503,0.11254232730469095,-0.31577636857021879,0.94213561105471955,12.462650921517321,0.54516569269682069,-0.62292498401886476,,0.4851849987476374,0.2666666666666667,0,2
-0.98314974270372291,0.094693017054905099,-0.1563643691594849,-0.073066573764258722,-0.98763613704071374,-0.13869440006593403,-0.16756449271834506,-0.12493235502597676,0.97791310833207845,10.535759590693612,1.6961852077205728,-1.0908760874119516,,0.1226860750468935,0.2631578947368421,0,1
0.42838455289985683,0.89231573472562686,0.14233518327474703,-0.89696977428519853,0.40089178511705226,0.18636255161492232,0.10923323146163576,-0.20750519556562699,0.97211609129656962,11.839601667601629,-5.9167850938550339,-0.16050047009535967,,0.3844122890213995,0.1111111111111111,0,1
-0.43145019738682294,0.89591965737950541,-0.10572934642690264,-0.89886895413509571,-0.43689113102483668,-0.034069677484788466,-0.076715907522168211,0.080337457968419873,0.99381113013500777,-14.413744339451652,-8.2213454623741153,-4.3032988705791002,,0.1799019467512475,0.2972972972972973,0,4
-0.96405276765651338,0.22561930888903517,-0.14035023559029297,-0.21304031524193848,-0.97199701960494,-0.099174684071738697,-0.15879573437417005,-0.065709370226383582,0.98512242559441299,6.0327149499810782,16.679483309600897,-3.0028585820798623,,0.3060245096030253,0.1538461538461539,0,1
-0.80757896112582039,-0.47614707531944445,-0.34799451750232907,0.55236265356827463,-0.81743565480513347,-0.16338436031736811,-0.20666814096505992,-0.32416494708410493,0.92314969890695642,10.383032362218616,3.4873151871944845,-1.2733648305638616,,0.2208313553324956,0.2777777777777778,0,2
0.23718199628367709,0.97140219095689362,0.011067250925015169,-0.96698622299187742,0.23498042353650073,0.09859941733352659,0.093179102715116063,-0.03408788580645692,0.99506566158141174,1.2497965567173046,6.5818966774029697,-2.9289215176046732,,0.1781805384666792,0.2578125,0,3
0.080088194920964723,-0.88817114409199049,-0.45247972312206997,0.99635458439711022,0.057948714977299517,0.062605819085293252,-0.029384063455592867,-0.45584423352149933,0.88957439912580294,-4.996916490123307,-8.5776636975984797,-2.7719213915512744,,0.4847921458801799,0.1052631578947368,0,2
-0.9711170853210872,-0.12194493990124551,-0.20508787928582745,0.16571239535559684,-0.96311729986557315,-0.21200110548098156,-0.17167122246604682,-0.23986349937439297,0.95550745316030039,14.979030652321843,14.749517682180176,-1.1749925192163542,,0.2151898122906115,0.4,0,2
0.5765857394742685,-0.7535943540335801,-0.3156650671259375,0.8154970450363217,0.55451927287439606,0.1657496472028801,0.050134365179373953,-0.35299281236246577,0.93428187387345729,12.162761351642537,-8.7544663189596399,0.10441746455476811,,0.3512385164647804,0.16,0,4
-0.96776563603277654,-0.12273813001052915,-0.21992049735209787,0.18129688540765279,-0.94562497146875157,-0.27004601955260799,-0.17481737057729738,-0.30121215907768645,0.93739539265360083,-0.70214338676987442,-9.8172982178158232,-1.9833793858982098,,0.1723111205172449,0.3461538461538461,0,1
0.14366826769924393,0.98867952860717156,0.043269141075357592,-0.98811990374064484,0.14090125153555413,0.061366873370682758,0.05457549530583633,-0.051571571905607592,0.99717695936243278,12.891274200870992,-18.093986577848838,0.82560843219737345,0.744246719387355,0.3495077531746139,0.7333333333333333,1,4
0.11146653322594063,-0.90205878049254751,-0.41697142408909571,0.99357830575863937,0.092958649433713625,0.064504572095718513,-0.019425815205082932,-0.42148386212494326,0.90662781320223107,-12.339560715569977,16.819836010575315,-5.480464832768428,,0.2785668808609978,0.3846153846153846,0,1
0.72093666291165659,0.68206111784584456,-0.12264974354918889,-0.67625712675484406,0.73108154939570513,0.090532130464594809,0.15141541065257424,0.017674831146365231,0.98831218436325075,-10.943274014034326,-6.9029057781219771,-3.8102358124993461,,0.07303632651356395,0.2222222222222222,0,2
0.11680597527634622,-0.91562966452500272,-0.38467997294058942,0.99313574146006134,0.10528948218006826,0.050946285211264451,-0.0061451748808278991,-0.38799026068199721,0.92164298643324982,-4.4505140373495511,9.3895370059777417,-3.9682106583833714,,0.276198855210633,0.2142857142857143,0,2
-0.75252792554987369,0.64259164528548229,-0.14414471435644124,-0.65052381419934069,-0.75941004565584347,0.010730783593528399,-0.10256943222590567,0.10184478369698925,0.98949843436286866,5.3316730007006727,-9.7942766685568898,-0.95785817244074223,,0.07750127493985737,0.2333333333333333,0,2
-0.87160106911501256,-0.4374165831225772,-0.22131043610037068,0.46551572184716045,-0.88003387025696145,-0.09399733992869444,-0.15364468435544429,-0.18495166938939128,0.97066275861361484,14.060482151432394,-7.5033032353782598,0.31686546818275618,,0.4730025495207317,0.5294117647058824,0,2
0.6291749768373408,-0.70554979831021358,-0.3260955851068047,0.77324842510983671,0.61076359532424085,0.17045440355639177,0.078903241928893988,-0.35939854302852281,0.92984244132115523,-0.53232780096352494,14.579403752833691,-3.7768454391713271,,0.3447184241209868,0.1176470588235294,0,1
0.78809488042703335,0.60440289736825892,-0.11663445930578865,-0.59418687073689935,0.79644719946655373,0.11231126882808776,0.1607744447621928,-0.019209271582683433,0.98680422668160017,11.855927012395231,-3.4166935560527647,-0.38435239483072386,,0.08658933298025598,0.21875,0,4
-0.61660942573354893,0.78221556104146928,0.089059711211756112,-0.78356085250495255,-0.59879837043433637,-0.16574951579686317,-0.076323040546443094,-0.17198641699204611,0.98213821117599476,-16.35350831789469,1.449186384739882,-5.2013748820412093,,0.3915210842729914,0.5,0,1
0.21327970346352743,0.97699032457739465,-0.0012937436637500952,-0.97342555410483245,0.21261416280340539,0.08507589782722208,0.083393397257881446,-0.01688559911772762,0.99637363365166631,9.7062498705662836,-5.2222131265409786,-0.57346563422818153,,0.2790879077063426,0.3125,1,2
-0.69950767862351793,-0.69106113530465374,-0.18199866707803139,0.71434372263154633,-0.68332173059943357,-0.15094521664332369,-0.020051271372208416,-0.23559694344799564,0.97164398148412368,9.2572731230591092,-14.120480261294205,-0.043704974904920729,,0.3251893000195648,0.2608695652173913,0,2
-0.74136058186769493,-0.56816124397722068,-0.35717963057130031,0.6532041694004993,-0.73300698896619942,-0.18980270599891519,-0.1539766239745419,-0.37402346847352202,0.91454778131076309,7.1663055392861343,9.125820497399566,-2.4364122599944196,,0.3894937176693943,0.25,0,1
-0.5854816920970346,0.80142001435323051,-0.12221762889722722,-0.80760437235828397,-0.58972184799453176,0.0018220169308626134,-0.070614205135898972,0.099770249032373789,0.99250165311753658,8.6674631462917873,-22.811801160385659,0.37158258572812725,,0.1324809794874836,0.5238095238095238,0,2
0.85732244496190257,-0.4405694099816353,-0.26626456833942347,0.50667066067450561,0.81361939918324777,0.28514612900116854,0.091011356303516519,-0.37937062124145149,0.9207577666045883,8.1332816553154252,-9.2781060210319559,-0.52120810768007941,,0.5404180223592279,0.2077922077922078,0,2
-0.87626377336698436,0.47853082764248589,-0.056303165811981908,-0.45651425364830139,-0.86191311220851152,-0.22068195036969404,-0.15413155322836483,-0.16767240082624002,0.97371937964722477,4.7211141452174372,-18.72423318066134,-0.53905292499150159,,0.2389317051380518,0.2727272727272727,0,2
0.68352164776616009,0.72537869261290744,-0.081387402822689178,-0.71510517654534189,0.6878215073430467,0.12460401484059362,0.14636510346762693,-0.026968988478035683,0.9888629481113056,-4.9183532724175381,13.088333712360379,-4.2872109429957712,,0.07196772822416236,0.3157894736842105,0,1
0.7392203219271084,0.67163718513878079,-0.049566189977008505,-0.65568958848041381,0.7345561310772023,0.17463806531016426,0.15370256734475035,-0.096595972150740297,0.98338432922021146,-10.110566775426914,10.497084775657152,-4.8117965221832852,,0.2111068202216627,0.2058823529411765,0,1
-0.84634936601634581,0.52764809991776207,-0.072665213802105763,-0.51738199808591301,-0.84684453469902343,-0.12316737436116659,-0.12652517022457846,-0.066646955696197593,0.9897219632786125,3.3978769915469456,12.699788551545424,-3.2413068878224678,,0.4347190507709689,0.3125,0,1
-0.21033581520290701,-0.91272696188739888,-0.35026895078885878,0.96674257811692255,-0.24750534117767672,0.064419668924705867,-0.14549100487238217,-0.32507014494155123,0.93443125395553006,-2.1508884994088775,-17.493759466169752,-1.7303377475577348,,0.5799480040721273,0.2424242424242424,0,2
0.96261467202861473,0.22770743955689365,-0.14670485733501309,-0.20225499904994876,0.96448167244591032,0.169905911831358,0.18018298630710991,-0.13388213281234937,0.97447917677037532,-24.153798916469974,22.464012828514104,-7.5778695056354195,,0.6742966719610093,0.25,0,2
-0.66147039305679944,0.74867254101170888,-0.044117405231427681,-0.74409201642994549,-0.66249975936378169,-0.086146038377565376,-0.093722943799799313,-0.024155644847584191,0.99530523691352923,18.469855039326127,-7.93788688739102,1.0631816989745571,0.1344316953822302,0.1094770395954271,0.2692307692307692,1,3
-0.77185843155015577,-0.57541581198202163,-0.27042781840262686,0.61589865331691063,-0.78227022279953096,-0.093392437400401707,-0.15780814455328182,-0.2386418694241281,0.95819969091542057,-9.7673498610152141,-10.137638663206307,-3.435169438546029,,0.5287139071547184,0.5882352941176471,0,1
-0.16519680747875473,0.98278905568946895,-0.082678212461497411,-0.98614369160851834,-0.16330497814177386,0.029190813877618797,0.015186648726766306,0.086354826912663676,0.99614868848447169,-5.6804329612252689,-22.87388841819568,-2.038114756075156,,0.3791937113070021,0.4347826086956522,1,2
-0.43813563897013102,-0.81646945035794138,-0.37605159020596796,0.89135598118023407,-0.44872696439327292,-0.064254386936782898,-0.1162827445430254,-0.36334797103960914,0.92436820329506253,18.02954345423732,-2.0212846280260708,0.59079930319586171,,0.2093785984813656,0.1363636363636364,0,3
0.98532334397299359,0.023725801047509553,-0.16904139784837233,0.010218988396896138,0.98031848386316855,0.19715791252790915,0.17039213625640648,-0.19599172574594209,0.96568823299298068,7.2149148958523606,4.905524912007051,-1.9006428488581406,,0.7861281101956556,0.6666666666666666,0,1
0.23903858804820288,0.96985865110546299,-0.047273145651769891,-0.9677768252617317,0.24192977850024294,0.069842671492055836,0.079174300819429708,0.029054761240029855,0.99643727897898293,-0.24738389959847379,-15.570838874644611,-1.5629690188148835,,0.1384822811918054,0.3333333333333333,0,1
-0.36160421638079665,-0.8586265479592663,-0.36332195341760387,0.9243777621420064,-0.38097082474897276,-0.019671897402726901,-0.12152425088420023,-0.34296017528226352,0.9314559434656009,15.701662105930101,-0.67847804228263264,0.059447062840604935,,0.3958407648066611,0.15,0,2
