axis_00,axis_01,axis_02,axis_10,axis_11,axis_12,axis_20,axis_21,axis_22,location_x,location_y,location_z,dbh,dbh_approximation,score,reconstructed,number_clusters
0.70562281573137475,-0.62799725140400631,-0.32820099656816953,0.70261191487749652,0.68012209723625794,0.20921383779074448,0.091831035012702206,-0.37822398797533646,0.92114802063974954,-7.4864075432834039,-11.62436301062327,-1.6910233570101694,,0.2764676614087554,0.3333333333333333,0,5
-0.18802586555194975,0.98208832441814742,-0.012198234503200827,-0.98090643095263685,-0.18714230485650743,0.052918158024950326,0.049687499425909047,0.021915309136514263,0.99852434703729209,-20.591640971341679,28.249363529617369,-8.4839659375721297,,0.5626855618739555,0.2380952380952381,0,1
-0.93324332024561563,-0.24569041159519542,-0.26209373679491427,0.27686283206635648,-0.95678570739188062,-0.088927399325598594,-0.22891893201990693,-0.15555491564332355,0.96093641349574377,1.0802581556835333,-7.4984724788008581,-0.20851815982939886,0.5161218672246394,0.1583517323253749,0.2903225806451613,1,3
-0.40325595880771453,-0.84892465135829598,-0.3416307480339944,0.89790854972564293,-0.43907569580151717,0.031189255938652058,-0.17647908662406372,-0.29417591620085004,0.9393165932270795,7.1824367713589208,-16.763637972091527,2.1481980531096303,,0.09594354357568172,0.25,0,5
-0.93766182737907877,-0.24652454056253245,-0.24498152660263589,0.24869535706234888,-0.96831941065652405,0.022541923640898482,-0.24277750483056823,-0.039789066918357305,0.96926565672265996,1.7673502205951852,16.407580390509271,-2.5575927150364892,0.1635656132368835,0.1325767711807873,0.4,1,5
0.1143154706456659,0.98388201394613595,-0.13750693002302158,-0.98469985921189052,0.13054327804436489,0.11543240370673888,0.13152247123265193,0.12220734507683226,0.98375159688314062,6.0303539129161425,10.044404822156494,-1.0091553625047918,0.2994611557798041,0.2470644006052816,0.4230769230769231,1,5
0.81309811394593434,-0.5221558363360187,-0.25734167885866516,0.56491755203381289,0.81446676468793833,0.13233309723151812,0.14049774553952049,-0.25297662302868024,0.95721638708252188,-18.945124136507363,-7.8632367318927798,-4.4862139606900104,0.3673233347741313,0.2693612847530312,0.8214285714285714,1,3
0.46835185038637067,-0.81505789759606806,-0.34106768801212994,0.88321372026390876,0.44241158977195222,0.15558119929168768,0.024084612873132825,-0.37410240416459623,0.92707460466837321,2.2283185708291038,-4.8579969995323342,-0.21995763235512153,,0.1102749063874549,0.3,0,1
0.54998113839825002,-0.7445222618249796,-0.37842746868215299,0.83398536012689717,0.51378048482729177,0.20124122963409738,0.044600072871863045,-0.4262818493176197,0.90349024258271615,-0.98685782775380193,-6.1096485452708071,-0.83553564614600306,,0.08853088484197547,0.225,0,2
-0.10861877010664327,-0.95928669257871901,-0.26071249341353397,0.98688192201163361,-0.13556876013415281,0.087665177136151587,-0.11944050731282274,-0.24777036287068396,0.96142800692292341,-12.154315544792361,-5.4710099149707867,-3.2900423102406515,0.327324445348142,0.2901728270422893,0.8083333333333333,1,5
0.049250906665175606,-0.96018610956576123,-0.27498542359482736,0.99526187010329714,0.024071200044565415,0.094203966195182204,-0.083834110665925804,-0.27832213768470337,0.95682215148034211,4.8205391603839933,-4.6647457898147753,0.32246273216102223,,0.08659646578105742,0.24,0,5
0.86749031496504214,-0.41405230979020918,-0.27571949187397793,0.47324420315180893,0.85771364815874229,0.2009159574185958,0.15329865500082338,-0.30477529840788303,0.94000613820087597,3.5520319454013025,-13.087934961964912,0.87118758705398835,0.5382124816348786,0.5303816258616656,0.6041666666666666,1,5
-0.72820622706397364,0.68050009881612716,-0.081457389944028236,-0.67751610570843768,-0.73269951633181085,-0.064213279567420622,-0.10338093330457857,0.0084281835748560401,0.9946061272436959,-16.174148385980132,5.1404584292139814,-5.1538064047645165,,0.5580946869464545,0.2857142857142857,0,1
-0.87189265438570007,0.44359105995814663,-0.20743714892339205,-0.46316570288713566,-0.88455055208576572,0.055207358873909845,-0.15899915376291623,0.14421266355620349,0.97668929387635939,0.2100448484126933,16.377096797917751,-2.8523608014596791,0.179001937854802,0.1455575912959309,0.3888888888888889,1,5
-0.1627439363433775,-0.94447912120491762,-0.28543580853047934,0.97809782843928317,-0.19247931453169098,0.079223427594170337,-0.12976536204172914,-0.26629101202518307,0.95511781876833513,-12.006405622232569,6.5553817028657946,-4.4274561505622421,,0.07067628975026027,0.2525773195876289,0,5
0.52001402967161747,-0.7379152944753723,-0.4301934763847669,0.85028579531353576,0.49510957389798094,0.17855132629747825,0.081237154262781081,-0.4586365968976796,0.88490281768870016,5.0780489334116545,26.25941485198155,-2.6839671879807749,,0.3552316726679838,0.2631578947368421,0,3
-0.81885379933137392,0.56471124295590625,-0.10285751017679581,-0.55551821742655338,-0.82476585402962288,-0.10564466921720213,-0.14449209468963739,-0.029368318065265048,0.98907003617854017,6.1446281014950062,-20.6142444656194,2.3611023108031128,,0.6122667681724336,0.4489795918367347,0,2
0.86878814054409625,-0.41775284529553436,-0.26587539769113006,0.47032923282625955,0.86411769216884016,0.17913968524550955,0.15491152184067378,-0.2806834058655468,0.94721657822945815,-10.723014367447039,-15.346623832526735,-1.9833278611682537,0.2108910164691186,0.1465315736538407,0.3548387096774194,1,5
-0.30588807688835501,-0.91433188513609809,-0.26538592321562871,0.93870201118501972,-0.3361830464400466,0.076285604693727097,-0.15896860889729711,-0.22578344294867461,0.96111956502586082,-3.1804099501575815,12.86235183571228,-3.1808243521695347,,0.09253055458232406,0.5081967213114754,0,5
-0.64934848117637034,0.74472349240544533,-0.154056709861594,-0.75560571301164114,-0.6547250424555846,0.019877757562277224,-0.086061352871731889,0.12931372178145395,0.98786203738220335,-21.458920911323066,-11.569137045859561,-4.69486597298497,,0.1754396744913571,0.3809523809523809,0,3
-0.83777391802315548,0.5387961861294388,-0.08850724316405624,-0.53215209217285553,-0.84199897928968426,-0.088610776270058728,-0.12226615670815594,-0.027136482592636148,0.99212630155455284,-14.916432554895508,-0.27090174511464932,-4.383781949946413,,0.4509007346051364,0.2873563218390804,0,2
-0.74253853570712181,-0.55961452676280832,-0.36805991961358825,0.62829767979340334,-0.77236925528570433,-0.093208149083824576,-0.23211753177248165,-0.30046183605483834,0.92511844458880288,2.4342493935834186,3.7819178796674131,-1.0498165564048105,0.7095215177499963,0.4826606306301828,0.2867383512544803,1,3
-0.079506372209974197,0.99661646947993354,-0.020841054180616363,-0.99403927727125241,-0.077701548297149009,0.076474731998680559,0.07459659523097055,0.026797054942216066,0.99685368325866586,-15.778796848263903,10.014120269492784,-5.5610854003071699,,0.1177765935099388,0.1304347826086956,0,5
0.95547488759386867,-0.1445606317911213,-0.25723522875694171,0.2317344130265982,0.90729644562393474,0.35087365472117354,0.18266609153508032,-0.39486122055011569,0.90039864255171509,-13.314106517413251,-13.690137119650771,-2.6815487909397269,,0.309111967584769,0.2083333333333333,0,3
0.97447369779640136,-0.010224846525056836,-0.22426873347960727,0.044502319727107637,0.98793673968993656,0.14832579650797545,0.22004671286323366,-0.15452006628382636,0.9631733973037917,-13.604478972399969,27.08184931115203,-6.8068692092872052,,0.2436308997785918,0.4347826086956522,0,1
0.96240113864862786,-0.12373837740960927,-0.2418116256176728,0.19776939272467051,0.92943463905721757,0.31151006247294027,0.18620235129863313,-0.34762057717663547,0.91896061868517698,3.7878410387462154,-6.1814384547551375,0.22631325068289815,,0.09753474545839359,0.3023255813953488,0,5
-0.32024112739919097,-0.89520383705424,-0.30992855700219385,0.93617028466239505,-0.3491333239939502,0.041123231780439556,-0.14502006218874466,-0.27697655532608262,0.94987008025438491,4.6521227324114873,8.961604055575588,-1.1413021719091461,,0.07855430916156629,0.3043478260869565,0,7
-0.61726471673015004,-0.73691503808654402,-0.27557303228355823,0.75714553108315052,-0.65159076945350225,0.04647702576335281,-0.21381046335682896,-0.17996026173825302,0.96015591960589275,-9.9157938122835567,16.355288872826669,-4.9840750143085994,,0.4724426818645729,0.36,0,1
-0.75749607677451603,-0.60221531064115674,-0.25206430389999979,0.61035444665294869,-0.79029276301557527,0.053896179606546815,-0.23166169973085668,-0.11302242412275114,0.96620846017990725,-2.2335776533726066,4.3732402005782856,-2.082183020266045,,0.07351542537547959,0.2710843373493976,0,5
0.6087124340723612,0.78183683888788402,-0.1349085985528781,-0.76248826443809736,0.62347859767880509,0.17287592322428483,0.21927338917406075,-0.0023655008500010357,0.97566058914247911,2.0906379057106377,-2.0089481835308418,-0.54805386788509669,,0.08325748253332928,0.2635658914728682,0,4
0.87283304460523548,0.44974882433839397,-0.18944252756809277,-0.4243121653672467,0.89114693157621783,0.16067461735958996,0.24108434741084583,-0.059859346375690313,0.96865638700468071,-16.126852238977737,-0.97981456615696472,-4.5801562679673218,,0.1224791241188902,0.2307692307692308,0,1
0.68201242094430903,-0.68360847161287197,-0.25988173313412066,0.72577494967945988,0.67640462677892943,0.12540934291285163,0.090054317472617329,-0.27414638135705643,0.95746226113271482,1.5056032895039677,-2.5176179765326956,-0.61064209629845534,0.4737487024371566,0.2140131365702126,0.3051948051948052,1,5
-0.73125823207880603,0.66124280982981976,-0.16738979797271017,-0.67429985733576114,-0.73779795898843414,0.031206956107162814,-0.10286447595721569,0.13569126044394506,0.98539676345377847,-10.968314712242769,5.4632108909693562,-4.0821702711169996,0.592024075084933,0.5469221848059908,0.9931811443818559,1,5
-0.89993101645383355,-0.30960116630934265,-0.30703629010959649,0.3433825447673014,-0.93718313757384397,-0.061450749355704916,-0.26872401004283542,-0.16073233796327391,0.94971180995044913,8.5450687733093922,19.986531247867457,-1.3690873848575966,0.4772101622178243,0.3114610150564853,0.3157894736842105,1,5
0.92766359704342027,-0.28451859311694516,-0.24184586184431037,0.32368597913349761,0.93561765984513312,0.14087931536711309,0.18619247469447356,-0.20897072703293063,0.96003312318402678,7.0033963246638598,-8.2210344628711471,1.1753989982122595,,0.07992546649754097,0.2333333333333333,0,5
0.12285191431357623,-0.95320080193706902,-0.276252852177164,0.98960514316778248,0.096691928977226602,0.10645342402448171,-0.074760067986612208,-0.28645925025593305,0.95517120464210281,-14.904362175792304,17.911584921458154,-6.2182716938037474,0.2187175250379094,0.1836148016696937,0.5774647887323944,1,4
-0.86773389938605727,-0.37093293452517007,-0.33082720254056275,0.41460447668281109,-0.90729033806732284,-0.070195230352614407,-0.2741186016505282,-0.19807322013394499,0.94107703812967936,-12.868773135791246,5.9814962721229303,-4.5255657006039938,,0.2650833423134105,0.4361702127659575,0,4
-0.5740678264391379,0.80194059560286712,-0.16534029082943433,-0.81529325550028653,-0.57851795101160253,0.024776761149945384,-0.075782835676609636,0.14902436539524458,0.98592530160015479,-0.4981144014905286,-2.6173890666907398,-1.001438953811449,,0.1357703378720241,0.2233009708737864,0,5
-0.00060663301879614441,0.99022582959890004,-0.13947199859308665,-0.99343703564978914,0.015355870969749417,0.11334484296217325,0.1143787051672636,0.13862540756271874,0.98371769740222204,-3.5706429346767763,-19.227210043995367,0.013847256110352011,0.2948532111776911,0.2805207428424771,0.4666666666666667,1,5
-0.39111357690100546,0.89474355523431659,-0.21555542287392357,-0.92033233523521829,-0.38132721052984603,0.087051428650057217,-0.0043084433605159863,0.23242962133983969,0.97260367490547128,-3.0588153649726175,-5.2302170786454276,-1.3323483743872617,0.1858977062579712,0.1849590902730599,0.7381818181818182,1,5
0.016123231775793813,0.99740424440497466,0.070177023590663412,-0.99505472101930514,0.0091261095404997078,0.098908120505078884,0.09801093599336981,-0.071424697182384339,0.99261894453919608,-21.211754363593009,-2.5496668525431803,-5.476964948518722,,0.4310576736752855,0.2790697674418605,0,1
-0.79273675773950425,-0.52924703625076985,-0.30243347623640343,0.55850824661336396,-0.82940428881220496,-0.012532524278344124,-0.24420682093980248,-0.17884658319268434,0.95308810100996355,16.192036991040588,-5.4960102135628128,2.8405316006454338,,0.1986689352479458,0.1,0,4
0.91557577250906053,-0.32982612929983479,-0.23007765911866793,0.3606670029828955,0.92653454262443535,0.10701894357105771,0.17787725473981628,-0.18096537170082488,0.96726998117971652,-7.2053416036486029,6.4356937699666004,-3.3387914818528319,0.3170478966263387,0.2604982595945234,0.9454545454545454,1,5
-0.85785765727067964,-0.44910093633438353,-0.2497770783031186,0.45568768889517974,-0.88948106305326535,0.034236948739695953,-0.23754782687162621,-0.084449910913006479,0.96769790869638372,-9.9672982508272074,10.170601474709498,-4.2857629905054084,,0.08925895979579521,0.396078431372549,0,4
0.28838108640475529,0.95714163958770926,-0.026762488138529265,-0.9447389329684287,0.28897257755421307,0.15480051019085694,0.15589963931224551,-0.019357974817275348,0.98758319714001086,-16.136419336957864,17.988722115059851,-6.4960519499790994,,0.09282140072865827,0.4,0,1
-0.48427755123297633,-0.77757793159068922,-0.40105836691800512,0.85248262235821282,-0.52250009945018894,-0.016340888954035664,-0.19684672196675584,-0.3498088140365937,0.91590674289102969,-11.29785217612171,15.309457525568147,-5.1496110585743633,,0.3780406239766942,0.23,0,4
-0.97375959693187564,0.085131126794821335,-0.21105671899684877,-0.06958136123337566,-0.99435918904203779,-0.0800514667983767,-0.21668105951370389,-0.063265270238142005,0.97419034281279637,8.1090937440725703,0.88425954124891559,0.42280445946529871,,0.08230346453761719,0.1428571428571428,0,2
-0.71627325048649881,-0.63981530603821923,-0.27854802960481628,0.66519239557326104,-0.74665821528916831,0.0045372252204478212,-0.21088316080003167,-0.18203813803819988,0.96041158301562235,-1.6665615594423315,19.863045845136604,-3.611584006050883,0.1695180653325808,0.1430888511403779,0.4117647058823529,1,5
-0.31181800773395901,-0.9118438941119108,-0.26703977760560299,0.93659432350777161,-0.34227420926498658,0.075096197274211365,-0.15987683767776889,-0.22669159323374469,0.96075507718216191,7.1784927202058206,14.179468357488702,-1.1681750881877051,,0.1078559190824281,0.2307692307692308,0,5
-0.94747265356551857,-0.20031547730109162,-0.24933768327140454,0.21336094939708569,-0.97662333203136886,-0.026152869906034333,-0.23827017441948053,-0.077978053871480782,0.96806340034965033,-15.954036367742845,-8.428320989879742,-3.8367686130434762,,0.09180747957577166,0.2,0,1
0.9210248814291,0.32344079655294783,-0.21702354460681941,-0.30608318055889178,0.94559548600926235,0.11028265238858503,0.24088639307247386,-0.035145810050463369,0.96991675811299993,5.3238590553774694,-12.493044511965532,1.2983575232786893,0.5445173453336382,0.5019731887705181,0.9678899082568807,1,5
0.5403124414835323,-0.80571895547105365,-0.24265084045339755,0.84028707153249627,0.53188543869771021,0.10495483560412096,0.044498348210334902,-0.26060476760024953,0.96441954154329201,6.5709931905526364,-5.4822918322885261,0.77629891085635172,0.4947750684178627,0.4604200844956964,0.9504132231404959,1,5
-0.49140114666775547,-0.82147238123970923,-0.28932341750016843,0.84975886189636218,-0.52503222278089978,0.04744514380152455,-0.19087899224957852,-0.22254053990702341,0.9560548720736044,-16.358485919205901,2.2567883382180609,-4.9419118573709655,,0.6449309196221882,0.8478260869565217,0,2
-0.95279181203076835,0.23390230098939307,-0.19359100319743841,-0.22655921988293748,-0.97217468638658033,-0.059559206132954436,-0.2021353081803329,-0.012887697273764771,0.97927280389369553,1.8165883304134756,11.515246266799911,-2.0231800113884439,,0.1299588148695468,0.2954545454545455,0,5
-0.22565547208105063,0.97202153843556682,0.065220677221508927,-0.97315639202941229,-0.2280149451355647,0.031238140903757632,0.045235434917504265,-0.05642086149802665,0.99738179340493538,-11.763640196261928,-1.6433749520325369,-3.5535729416208945,,0.3771066385322446,0.2022471910112359,0,3
0.31850813471901679,0.93841776247267195,-0.13388305043430673,-0.93136570134198149,0.33608924048654076,0.14000697408678639,0.17638168408757893,0.080100721001515982,0.9810572745836329,-5.1852565211514863,-17.673442991896909,-0.49184702498180111,0.5386241665923285,0.1929985855744693,0.7777777777777778,1,5
0.46697029892223335,0.86718651941675495,-0.17299213989755485,-0.86478208754081576,0.48870131601800343,0.11542514800000116,0.1846366187759903,0.095700388004056711,0.97813636817309069,-8.3490532426428103,14.740533058523951,-4.4965329508986063,,0.1346086258314007,0.2972972972972973,0,4
0.82074480173743902,0.53423538680445226,-0.20241176326209626,-0.51991747191245452,0.84532461072113474,0.12293138293099287,0.23677793989545495,0.0043421187295643784,0.97155409174363772,-17.519754806795866,-1.3951960665352769,-4.8036028680722183,,0.1609413741022628,0.5294117647058824,0,2
0.90865713812493554,-0.34900795738630719,-0.22920656843912635,0.37991102276905231,0.9188072331446151,0.10705551410231257,0.17323342666233635,-0.18435485890579423,0.96747272100284598,8.2362459958920127,-9.628739016135011,1.6270901845034296,0.5579843581506609,0.4987340121766688,0.95260663507109,1,5
0.13955661503550407,-0.90114654621358103,-0.41043739284715092,0.98829976908787942,0.10099708244425117,0.11429416327439458,-0.061542811283504473,-0.42158568712076017,0.9046977344916034,18.396304070528799,-17.702065986465481,4.7879191158595722,,0.2111659426224614,0.3684210526315789,0,1
-0.89293591182132903,0.40538606276472744,-0.19577435351936015,-0.41673185374691551,-0.90883445864624834,0.018827874278308007,-0.17029392077367442,0.098397494344585279,0.98046821144504026,16.489740977757208,11.172955501985488,1.2069776671483878,0.3133088395331315,0.2554265493718762,0.6744186046511628,1,5
0.63200470398640174,-0.68403908284820814,-0.36422601125570614,0.77254035201996241,0.59325306591208693,0.2263453208855459,0.061249152156845864,-0.42443059847528686,0.90338652216976112,-15.746248363881987,-4.8886277222997867,-4.1265684955550244,,0.3043393167835811,0.3442622950819672,0,3
-0.80823040985779149,0.5864376146325504,-0.0534277898213249,-0.57402573109039778,-0.8048527357762757,-0.15068687321588581,-0.13136995328933479,-0.091120787186734345,0.98713673698998217,-4.0250731600540295,-4.5256864143585647,-1.617624891499255,,0.09983293857827211,0.2926829268292683,0,5
-0.81157655368251835,-0.49823601993612526,-0.30513008037723016,0.52848389891689396,-0.8487120382468557,-0.019815264834618696,-0.24909489376220531,-0.17733793889937013,0.95210450546592762,-26.922997816112151,-10.904718659433517,-5.9775717635638728,,0.4638790206056158,0.3333333333333333,0,2
-0.96474969181741332,0.13534755491871156,-0.22569685756724583,-0.14658105559453705,-0.98862442861242272,0.033700642301741808,-0.21856812731730715,0.065595567901231153,0.97361450029912666,18.200182790410921,-6.5397406435280603,3.4583713483489129,0.4526534383399826,0.5310294293568596,0.4,1,5
0.69341821950668325,-0.67288126089259881,-0.25768581954730896,0.71414887977714314,0.68932830827576785,0.12172863641198223,0.095721211699569944,-0.26843489368793877,0.95853020686961765,-20.938021677970379,-8.0269113786269113,-4.913151319703859,0.2180449219900236,0.1600844732260672,0.4,1,3
0.92232779650630403,0.3617975718186226,-0.13569802068554487,-0.30212700371685125,0.8941553642223361,0.33046249145326589,0.24089564009525741,-0.26379670517004306,0.93401316314307137,-24.40838792038755,-11.103809788337268,-5.4311884409832212,,0.3377125884923898,0.1739130434782609,0,1
0.3136719096703533,0.94403642469147808,-0.102005695622766,-0.93399196662642214,0.32610872507130517,0.14598666278011946,0.17108167453313633,0.04948058496116154,0.98401358341785061,11.748826016146795,-19.454622066938498,3.4848034882200887,,0.2568886905994218,0.6896551724137931,0,5
-0.64105886937580459,0.76741924236359538,-0.0105466793210177,-0.76298343011384062,-0.63872034646941334,-0.099461572366975781,-0.08306510318017872,-0.055713781563252553,0.994985509028945,11.288736422741875,1.0096034626521992,1.1297410825392777,0.4684881548975461,0.5349372561466877,0.25,1,3
0.97220962012399559,0.081492612309688614,-0.21947074674612113,-0.050723771252861739,0.98851526027954661,0.14235406290074434,0.22855098680216768,-0.12726560546119492,0.9651776583087448,-1.3506481404954123,-12.574624981419632,-0.24120611100234474,,0.1596886952991623,0.3076923076923077,0,5
-0.30073941524499304,0.93635339396063311,-0.18110252824437328,-0.95352213528622387,-0.29147818563142858,0.076393748567616979,0.018744109402728932,0.1956598807099065,0.98049266669531232,-16.159662395178845,-2.6936523439653093,-4.3937233667334521,0.2488612129536266,0.175096420000477,0.7159090909090909,1,3
-0.16822646778803688,-0.88262275234565324,-0.43894980644413573,0.9787039808159339,-0.20269122513325355,0.032477456628025363,-0.11763661619838076,-0.42413835513398734,0.89792443013520384,13.505575467338991,-12.760056237649271,3.100929003374294,,0.3660672500437477,0.3181818181818182,0,2
0.6168987174245304,0.7767788414368314,-0.12669097811613192,-0.75745915039318279,0.62968692595511289,0.17248191431810239,0.21375595412901607,-0.010440631075438528,0.97683129827884807,8.0521907384495215,3.3481531157870625,0.15777092311197305,,0.2159700407718525,0.1176470588235294,0,1
0.10692769632499959,-0.949729983219879,-0.29424382190931087,0.99221686213949312,0.08293352967521142,0.092885564764773387,-0.063813527129353731,-0.30188572114093176,0.95120599510649229,2.4895213193612675,22.941591133514986,-2.9912811486848319,0.2029778201842265,0.1647843815108562,0.25,1,5
-0.93975992175198197,-0.24663388817992599,-0.23669181369443409,0.24400656169663812,-0.96891448751546227,0.040810706090859211,-0.23939943048740464,-0.01940208967873109,0.97072729002454916,-21.236032496805759,-5.6045798252399006,-5.1948377044357459,,0.08691247223735454,0.2222222222222222,0,1
0.96197719999507325,-0.13525978046529813,-0.23728602672327367,0.18139210193230992,0.96589270089981394,0.18479230423651724,0.20419787473482032,-0.22080779455658339,0.9537018117927849,-13.623635099691695,19.306608325638308,-6.0431696721586912,,0.1258973429286066,0.25,0,1
0.14745556135503551,0.98902211224784475,0.009597859671979618,-0.98089492328857175,0.14498511148061347,0.12970916280533543,0.12689368342111515,-0.028540829241033343,0.99150562992554703,-18.099794471160454,-2.6072942364542144,-4.8342911227793541,,0.1711243198212445,0.4666666666666667,0,1
0.52141027182796795,-0.72644151115214972,-0.44767628852471841,0.8519398231587858,0.47285626075045362,0.2249566500134583,0.048268687038937587,-0.49868796611115618,0.86543656399961322,8.2344165692163074,-13.23270628061092,2.0097297537448764,,0.270814017129215,0.45,0,3
0.5099063098851836,-0.82790006721789222,-0.233617280696192,0.85951256208877236,0.50142208553510159,0.099065875806063547,0.035124218864884468,-0.25131130264720986,0.96726879325805448,-16.643901286764923,15.597864824057062,-6.4045979645819271,,0.08396605533094305,0.3673469387755102,0,3
0.24213733769866377,-0.88240364811888583,-0.40340217088990132,0.9696013370591926,0.20496389986185959,0.13365271013505201,-0.035252756845811348,-0.4235015956757418,0.90520917007886692,-3.5220157113491246,-15.158482180340162,-0.45282620830993747,,0.1289748840774537,0.2727272727272727,0,4
-0.21567616160474459,-0.89131467160763322,-0.39880063878135874,0.96620181533768001,-0.25385784886141022,0.044835751467197954,-0.14120143538085911,-0.37565189836926594,0.91594094018007,-15.26597676218169,16.879985905018668,-6.1670063781806874,,0.6608998579326606,0.4285714285714285,0,1
-0.27669569919397113,-0.89387507549441703,-0.35274188786903227,0.94860615354430411,-0.3127363257979105,0.048397892353934664,-0.15357687164882383,-0.32122163678101257,0.93446819344388998,-2.728228435725562,-9.9688558396610905,-0.81677552554735688,,0.4610455120933731,0.5588235294117647,0,1
-0.52740073986782321,0.8372356050501909,-0.14451643928326036,-0.84849518476635921,-0.52776589113530015,0.038975448457507174,-0.043639214190606838,0.14317718320459588,0.98873450086179515,-1.7887448851613532,10.356005783486898,-2.6179988934791565,,0.09696713520417899,0.1666666666666667,0,4
-0.53686420547128721,0.8311058889109656,-0.14505111616666763,-0.84253577117228196,-0.53706669267665275,0.041144160126186852,-0.043706969453519519,0.1442995808548124,0.98856832428836894,7.0898422243603481,5.7834246822491542,-0.32884319314264321,,0.5423566492621508,0.8214285714285714,0,1
0.47904660944864486,-0.77950935553575262,-0.40358333787211015,0.87737104915776565,0.43940258457096626,0.19273144728392738,0.027099595487015606,-0.44641968292694184,0.89441325941638949,-21.263551707405366,14.347460492041471,-7.2683480567396215,,0.09805886034859418,0.3333333333333333,0,1
-0.82795474295846161,0.53917673792911336,-0.15420567074108232,-0.54236612358055858,-0.83979179671160342,-0.024263680019623739,-0.14258306913790811,0.063546702920106876,0.98774079846040452,7.5535025628307713,4.5425453334888637,-0.054250948699764545,,0.1009635683621626,0.2608695652173913,0,2
-0.23190572144092203,0.9529519615019193,-0.19519809279962214,-0.97203055858107668,-0.21937004642236196,0.083865224719253575,0.037098915719002291,0.20918733662030117,0.97717159631774964,-4.2935560545023135,16.180358864583557,-3.7382099391570467,0.7630693961842606,0.6816631905178607,0.9447236180904522,1,5
0.18747160463041923,0.97861633307368712,-0.084643192866916059,-0.95914787705670312,0.20096447105389992,0.19911964069786386,0.21187200710550666,0.043856060190542424,0.9763129101828204,-8.0388875734065142,-19.271945198713127,-0.99724419693146626,,0.4311273175925522,0.52,0,2
-0.87463027009979188,0.45729737899296458,-0.16093786935128404,-0.45837354735997698,-0.88816154707562689,-0.032599959767782329,-0.15784670318317445,0.045256750462166803,0.98642599561842903,-14.072511773150179,17.291874008030046,-5.9503442100011075,,0.1494763787760916,0.25,0,1
0.5181119172207892,0.83379759819808275,-0.19063474623715676,-0.83174930083242127,0.5431204359025753,0.11494908729421931,0.19938189937548334,0.099003824896333414,0.97490773966428212,-12.792776845291511,14.066938221111386,-5.3282138645030397,,0.07476637983572888,0.34375,0,3
-0.19019636583603658,0.97264457963452566,-0.13337115179205888,-0.98058716790148925,-0.18161175218479275,0.073932250170717168,0.047688033820872042,0.14484368531608585,0.98830468897721691,-4.3676038721551942,-6.8286544925292123,-1.4713501023880708,0.3479713504778381,0.4757960816280201,0.7540983606557377,1,2
0.53437061269728048,-0.80430988110142787,-0.25987239839609511,0.84386412633694285,0.5252545689295639,0.10954895754960514,0.048387855574724602,-0.27783673799773773,0.95940886094076439,11.870191078750445,3.4168016111456292,0.97040606467059998,0.5031343952800952,0.4314246085446481,0.2380952380952381,1,5
0.92190916628402164,-0.25344286648590009,-0.29300205212406122,0.34323969370527069,0.88505977718111772,0.31441326861508817,0.17963853090752258,-0.39043040896364833,0.90293637315697195,-12.515979287921093,22.521554620589612,-6.1082830104189476,,0.3747039819736354,0.25,0,1
0.88262078370568142,-0.34892445747478901,-0.31501154764022848,0.44155342204247106,0.84527469511501985,0.30090075653077542,0.16127965666305039,-0.40467568839026347,0.90012580208130566,-14.633522304099182,28.001527433644299,-7.0855313480823794,,0.2275883727121488,0.1666666666666667,0,1
-0.2407460314257687,-0.93596076932858407,-0.25694121240195816,0.95952135079761414,-0.26937252686094632,0.082202306148129678,-0.1461510373424178,-0.22675070022029534,0.96292470849664114,0.93339231467407702,12.707183746985537,-2.3871623924068235,0.3112118905176342,0.2631698125542653,0.6423357664233577,1,5
-0.77055716038937361,-0.58657233312260038,-0.24934827167593265,0.59813519321494435,-0.80063005112094265,0.03501159636176366,-0.22017255326308702,-0.12216554038347681,0.96778077452097944,-17.604927827931078,-9.2219279555991083,-4.093740309823386,0.3462626399571647,0.3281592385817572,0.8367346938775511,1,4
-0.51331208750839663,-0.81610837785475043,-0.26547658354939763,0.83548297097143098,-0.54591888007203571,0.062775644940103681,-0.19616040893749112,-0.1895776673983055,0.96207141210478464,9.5172535587837448,0.54912561272109817,0.81363626515290399,,0.0787823179734088,0.3333333333333333,0,5
-0.010855830804518258,-0.94199446223329875,-0.33545280451852233,0.99556976318461587,-0.041516002856147628,0.084363903059166759,-0.093396989084615634,-0.33305082889650145,0.93827189438951086,-23.87482095104108,-9.5768749666946569,-5.462684956417208,,0.1918196221994825,0.2857142857142857,0,2
0.19238251966368475,-0.89495329082369979,-0.40255133010795341,0.979650336675705,0.15123279859602479,0.13196157956008539,-0.057220485658813908,-0.41974664724407829,0.90583583951416125,-0.07270187220952419,-6.2252037916643088,-0.62009992025964555,,0.105578437578708,0.22,0,7
0.98080446460457427,-0.0025858754057094951,-0.19497670491656283,0.047698483120003146,0.97271659604198679,0.22704025742705036,0.18906997889613536,-0.23198219119767932,0.95416812252733441,-14.325654892376489,1.5723235842880932,-4.4054201298039875,,0.1841022702115088,0.2,0,2
-0.60402205069050918,-0.74662060155788057,-0.27877417313836794,0.76547522308616134,-0.64086275460076825,0.057815331934597196,-0.22182210241728345,-0.17847298701726447,0.95861480678336686,1.2621857628343385,20.541608373057912,-3.0186724129157039,0.2815796530353348,0.2349232471070037,0.4545454545454545,1,5
-0.29439593515604923,0.93982435281673449,-0.17338171534565508,-0.95547963641321032,-0.2857013033456427,0.073711801404396662,0.01974076399928586,0.18736315304564952,0.98209233329535661,-20.969033087875275,-12.515938714170453,-4.4505843210779048,,0.1624493834832114,0.4615384615384616,0,2
-0.86924523348990335,0.48720153093431162,-0.083948748116613764,-0.46587189194810091,-0.86405305876478811,-0.19072412519634604,-0.16545725837140191,-0.12667667462669391,0.97804750179004196,-19.326045201623078,11.198493738564009,-6.4905681366709826,,0.5051505816431452,0.3076923076923077,0,2
0.57372505036060473,0.8086987307957122,-0.12979186953783658,-0.7924236555173011,0.58813708564237177,0.16173904497274724,0.20713357227962934,0.010056405993331565,0.9782609835484487,-14.520283824644707,4.7386825334941935,-4.7702406679779834,,0.3566199570571426,0.208955223880597,0,1
-0.49797160459559525,-0.81371904554530239,-0.2998092659230665,0.84534931849544426,-0.53260290382584963,0.041456924096691584,-0.19341357433172571,-0.23279918761265667,0.95309796322891749,-0.31911440334792746,-7.7672434911253312,-0.49624702550711358,,0.07159434294381042,0.2432432432432433,0,5
-0.2900594082978179,-0.9073648461864019,-0.30422783495769629,0.94331983336628233,-0.32465444545941274,0.068899804217803548,-0.16128617930786907,-0.26699911413442717,0.95010433185819221,-5.6042829326641197,16.273645770138742,-4.0089793506906908,,0.1286465009501422,0.3333333333333333,0,4
0.80592030768526135,0.55632052675698918,-0.20248439240919119,-0.54337551745622625,0.83086174889431819,0.12004916181903634,0.23502234934080538,0.013275004071598366,0.9718993104109227,7.4469230895383713,-4.3023194708010788,0.90255226405503364,0.2147837090463368,0.1595807431251684,0.6082474226804123,1,5
-0.97181815189192167,0.17755805475339287,-0.15505681812019637,-0.16837115126711966,-0.98319191788920424,-0.070603172863067207,-0.16498677242237725,-0.042506349990778049,0.98537940669374025,17.177703700743518,-7.9222497055133765,3.3848338659588122,,0.2577331109931733,0.6666666666666666,0,5
-0.70600989439549589,0.68451948865595957,-0.18161249589674916,-0.70181443990772396,-0.71061039679993232,0.049893445429765239,-0.094902692020147963,0.16268353822691667,0.98210363273806434,12.791929962522383,-11.482235156915969,2.8501736548363126,0.1754740172501549,0.1693373995702249,0.7419354838709677,1,5
0.42951772403400346,0.89368193814666896,-0.12979644899250234,-0.88592607693680392,0.44485801006888942,0.13128723121809199,0.17507001726170698,0.058599866108734792,0.98281053349464265,1.1492349406366977,-11.449389417313455,0.086137625575108789,,0.09019352986682409,0.4545454545454545,0,5
0.98005574614400615,0.16720431947479839,-0.10739390112610932,-0.13557148285595985,0.95769323363637493,0.25385831340206277,0.14529661897770091,-0.2342357483307646,0.96126089419968364,-5.7133354313160902,-10.688713729949342,-1.3860767071320088,,0.126482977420254,0.3207547169811321,1,8
-0.82883199398731311,-0.49220860680856271,-0.26602295601430614,0.51028583879829648,-0.86000379706643792,0.0013534227829768701,-0.22944691862157324,-0.13462598714543988,0.96396574374828403,-2.8361340072356644,7.5092415159084025,-2.5357019700026218,,0.1390038311127818,0.1372549019607843,0,5
-0.70682491332771391,-0.64349086758580798,-0.29379932816964488,0.66761066382566192,-0.74413366064488951,0.023687478580391719,-0.23386864570850346,-0.17940066451633263,0.95557357546427046,3.6936136947514675,-10.663672704662806,0.67769462574191841,,0.1753618846667957,0.2352941176470588,0,5
0.22312255023245633,-0.85496402333405608,-0.46824443016677697,0.97352824993093268,0.17100543662620518,0.15165713709119694,-0.049589052866355933,-0.4896873078289099,0.87048679851396571,-4.9236314327310549,2.0892797157621059,-2.4062213971706132,,0.3157341938981223,0.2967032967032967,0,2
-0.77200758383087009,-0.53669788421202236,-0.340528518027437,0.59216300426552437,-0.80198585522217303,-0.078496269992852141,-0.2309702727340735,-0.26224810601013099,0.93695179385454452,12.16962944848625,11.930050599264352,0.10919419313198453,,0.1953723455455331,0.2857142857142857,0,5
0.25321819633617976,-0.90931502414520315,-0.33019196220995445,0.96593642675898506,0.21882335809768946,0.13814180182310429,-0.053360701872590281,-0.35392446201789785,0.93375056127480105,-6.9260116076752096,15.687802471876738,-4.267283194376005,,0.1419992914979103,0.5384615384615384,0,3
0.14049166389465956,-0.91668483191851857,-0.37410026905447025,0.98818135565533327,0.10642665285807966,0.11032214599351022,-0.061316398388176867,-0.38517825288032931,0.92080291745669396,11.260848542325224,-14.942650278880286,2.8895037294862171,,0.4265189852118457,0.1176470588235294,0,1
-0.31371541144480386,0.94356779969135374,-0.10612468142535447,-0.94914656903284633,-0.30850624920291508,0.062806724925950283,0.026522275829808692,0.1204313148162242,0.99236730462890688,4.7885358263410582,3.6277548864974412,-0.57844331753325373,0.6182134399264485,0.519130420154974,0.3333333333333333,1,2
0.8062539977315023,0.56793587738422824,-0.16553951287162702,-0.54684601560994583,0.82226013852375468,0.15763153176449601,0.22564114508106797,-0.036566429613804678,0.97352399552954083,-14.591522553819974,-6.5784890521259234,-3.6979782854578209,,0.2136171540993439,0.1875,0,3
-0.19701076220632938,0.96334492037485497,-0.18208054251579264,-0.9792517710834977,-0.18436526466562767,0.08411550400851385,0.047462916099987359,0.19487435329652092,0.97967916075751482,-23.323873311701316,-6.7045359306354522,-5.5987861508252568,,0.2600578613928614,0.4285714285714285,0,1
-0.21608801656416018,-0.8641473825311714,-0.4544835204513939,0.96563849652846034,-0.2579843826478922,0.031406246704141938,-0.14438927633180598,-0.43208026982762299,0.89020131279731707,-4.9302816736948571,8.9512932670008212,-3.1825357074751519,,0.4279277182851971,0.3477443609022556,0,3
0.20526268055655195,0.97722853025091361,-0.053773893613709593,-0.97016828381225473,0.2104064289110282,0.12042688967873313,0.12899896532733943,0.027450579894570476,0.99126471369050972,3.2403416429373273,11.936922621987826,-1.7837819430532245,0.4739760605766237,0.3763074681130478,0.3548387096774194,1,5
-0.36038549458947028,0.93028456258883074,-0.068504947984881423,-0.93172354932811019,-0.35546342648281726,0.074410886707013527,0.044872295650348004,0.09064427749175942,0.99487189730189141,-21.071939571012059,-4.3836704353560787,-5.3544200359077809,,0.2130009301308423,0.1777777777777778,0,2
-0.97267806289180891,0.070571445430209032,-0.22117200785571717,-0.08478471462008258,-0.9948562483682627,0.055431013425853798,-0.21612250724029089,0.072668536331186959,0.973658228379781,-10.730773321032945,-16.690564166722933,-1.8315076640618031,0.3704777311595543,0.3317359751758138,0.9454545454545454,1,5
0.88421567702119841,0.44143588025617397,-0.15263354851539435,-0.398525795554311,0.88344902966325545,0.24636355709572255,0.24359767401957688,-0.15701011308036988,0.95708306724272507,-0.025622597098124072,10.587775450857741,-2.256861513497932,0.3018457954453822,0.1989727111597943,0.25,1,4
-0.95728767327659237,-0.12862099362912502,-0.25895356840666389,0.15258446057394068,-0.98547176067369158,-0.074588144540900431,-0.24559782772664687,-0.11091460189060447,0.96300553378648934,-10.033705233134656,-10.77976078696031,-2.3084114705040979,,0.1967779271303848,0.1666666666666667,0,5
0.9360756851637696,0.33340828835765957,-0.11225517760707064,-0.29660057936548112,0.91954087883607261,0.25782294015359641,0.18918352984665504,-0.2080468346401832,0.95964894968470649,-14.440817276841221,3.2326615306025555,-4.6347446234870624,,0.307024148318261,0.275,0,2
0.12247031419988438,-0.95647625303791051,-0.26486638049088185,0.98998401906972799,0.098846937444885777,0.10080141340435536,-0.070232927650287685,-0.27455866464623879,0.95900202061379614,-10.71509197832429,18.047272756773566,-5.3086550787859244,0.6619054646346963,0.3598770755246686,0.8243243243243243,1,2
-0.33358944673345714,-0.81847457693921799,-0.46777927266204755,0.93088963963732696,-0.36434919200903065,-0.026346633527924615,-0.14887095030244832,-0.44423983746005385,0.88345254935933692,4.2824936584748148,1.942788309293902,-0.44854626166944972,,0.3643533237584827,0.2153846153846154,0,2
-0.17926784854916558,-0.85386496307863458,-0.48864881387687242,0.97494096165367672,-0.22069767588631353,0.027976010226319365,-0.13173139248621327,-0.47138854534778507,0.87203192576220601,-6.1208036758720334,-8.3201442240827888,-1.6965095322555752,,0.1204917481531519,0.5,0,4
0.4661433594872369,0.87696130738733347,-0.11682993516839553,-0.86807031061237139,0.47886154329767433,0.13094104850623037,0.17077559614679722,0.040379297864976925,0.98448220302077449,-16.391855309471033,-12.931194909876341,-3.4837951280453363,0.6067468822272143,0.4888520915931885,0.9415584415584416,1,4
0.89948971440901027,0.39291954051883815,-0.19113473873386028,-0.36197071593073804,0.91509168709329869,0.17772001862853989,0.24473547859063044,-0.090672150582219418,0.96534092766639157,-14.395365028511256,14.899119413418354,-5.7978485480722295,,0.1669031249625276,0.1777777777777778,0,3
0.88067605644925462,0.44795476007182311,-0.15409807437467721,-0.40857003073818954,0.88288158711481479,0.23149650778406938,0.23975031507712963,-0.14091357657309084,0.9605535645437977,-2.8454809911287282,-13.041304601961409,-0.53267577953329193,,0.6743460414826193,0.234375,0,3
0.81139746507850519,-0.53105255988076094,-0.24416660768472498,0.57080609004021421,0.80982162467220997,0.13553355225280933,0.1257559590523589,-0.24934336738191551,0.96021524873617181,-15.48945274705927,-12.483134420417114,-3.3479413129518028,0.3866483160631079,0.4208935896476612,0.8910891089108911,1,5
0.72317327584356927,-0.64001060006595167,-0.2596282821822421,0.68319612103139726,0.71802407430620252,0.1329830399877148,0.10130880175648209,-0.27354681595650476,0.95650858133459782,-12.066901374341203,-3.3795514232063795,-3.4614542581404346,1.065211305399083,0.7465271196507722,0.5552486187845304,1,2
-0.022984210698566078,-0.8590477547858173,-0.51137919497766926,0.99476581561866739,-0.0705926887199438,0.073875871404782051,-0.099562533792037902,-0.50700456338847144,0.85617385767621645,-17.633642936734411,-11.418013473142471,-3.8675965916897237,,0.3334751029373572,0.1923076923076923,0,1
0.9640718661899087,0.1865401220134017,-0.18912487858643004,-0.13121388699731065,0.95344018726416579,0.27154138757973906,0.23097262322657142,-0.23696960182457633,0.94366151512655105,-10.319107150292385,13.693911375366172,-4.7659906574401427,,0.44759914767917,0.2911392405063291,0,2
