axis_00,axis_01,axis_02,axis_10,axis_11,axis_12,axis_20,axis_21,axis_22,location_x,location_y,location_z,dbh,dbh_approximation,score,reconstructed,number_clusters
0.77226200007927326,0.60278105386243186,-0.20066490559651226,-0.59581463712000271,0.79680468862751908,0.10053460287265163,0.22049109149151758,0.04192003441909619,0.97448775738188798,-0.17056573781014209,12.91745595330857,-1.728586192498609,,0.07222450514991992,0.2692307692307692,0,5
0.4362142310920416,0.89668965457603134,-0.075264918581607623,-0.87795120335513566,0.44244796621409649,0.18287012254679025,0.19727855717245979,-0.013691624057306727,0.98025186065144776,11.136593875504481,-3.1438469710173149,1.7642807173874411,,0.3978223192818655,0.2058823529411765,0,2
0.19950606557145889,-0.95064643423502182,-0.23763140970089622,0.97947489097770801,0.1863536305302293,0.076819674123299458,-0.028744873358632683,-0.24807999005248549,0.96831299216273803,0.98525719473737572,-12.509948215583981,-0.5233458405633552,0.1894125448053315,0.1568723398579203,0.6666666666666666,1,5
0.97479647839323491,0.070242023123450945,-0.21174957827507454,-0.041124900581921815,0.98945169716312997,0.13890313723285205,0.21927281697527948,-0.12669410865753014,0.96740272615245371,-16.740707291082035,-6.7672513199518987,-4.9359797203676496,,0.1629182826237582,0.5714285714285714,0,2
0.3085017374864038,0.93418617050373398,-0.17922856024484321,-0.94065413771949413,0.32761987640453688,0.088515590580818482,0.14140887935014987,0.14128487330300185,0.97981738779054628,-3.6384312215857619,-12.613969122422521,-1.7986797183257468,,0.1057928755275974,0.3939393939393939,0,5
0.09860383111555221,-0.93566137271357563,-0.33884373994672423,0.99264610845660206,0.06845293194150355,0.09983936836025932,-0.07022099298143894,-0.34619646404947518,0.93553034179781747,1.8906970393280205,5.4370835070823977,-0.95739060250321562,,0.4603592047192007,0.1607142857142857,0,6
-0.476046807426102,-0.84195216816803831,-0.2539605946924729,0.86017325548987966,-0.50587638576719052,0.06473834152236177,-0.18297925477867016,-0.18763163070298944,0.96504557585659068,9.5472109051748131,-1.7187012943175295,1.350947303858659,0.6910607657784683,0.3699441368575541,0.75,1,4
-0.95117336690615317,0.22840545374580032,-0.20760581588093377,-0.23515802280194475,-0.97192332497291833,0.0081089262832548612,-0.19992481186759462,0.056533167899582321,0.97817895628915719,-9.5685730871028341,-7.9774410248321237,-3.3324081915954511,,0.3503121126252927,0.5531914893617021,0,3
-0.95870408981374888,0.24329592809010753,-0.14728733668977129,-0.23507659544410037,-0.96937134854593687,-0.07112090334524418,-0.16007955037669108,-0.033560095247273485,0.98653345486009325,0.04523822338689578,3.6555316538129046,-1.3165348783291231,,0.3909637357122441,0.3387096774193548,0,5
0.060031137567940387,-0.92840011457112914,-0.36670081781557679,0.99611528270730076,0.03200698050322201,0.082035947949786178,-0.064425197549193985,-0.37020100008425177,0.92671495804123427,6.4128202989054621,4.4759893511160005,0.25145952843433833,,0.09784820831564733,0.2318840579710145,0,2
0.9610219494497958,0.18643274093849904,-0.20415593496607432,-0.1219521264501096,0.9485643258967047,0.29215303950228821,0.24812192875683112,-0.25586823316364932,0.93432700684915537,-7.2007013878926172,-7.2581097324064876,-2.8482090996627423,0.3886236239417333,0.2672175301633601,0.2142857142857143,1,5
-0.22395110866713636,0.96630379260427568,-0.12689712890902333,-0.97411956433670932,-0.2260245399373487,-0.001995425410483676,-0.030610052323041731,0.12316609819549676,0.99191387577353574,10.610757853114393,5.6679523954651891,1.2779789323182182,,0.4346974651223204,0.25,0,3
0.96564215587552527,-0.13313801341724743,-0.22318041172866737,0.1660620968135017,0.97671301498129481,0.13584942535046887,0.19989649020923739,-0.16824373910924117,0.96526443913187365,2.2406471076633583,2.0534078826433682,-0.64828446460723377,0.2454504632151312,0.1899285816905676,0.8126888217522659,1,2
0.33359670499981747,0.94189286156663166,-0.039383698951317166,-0.91950055269736319,0.3343116744236016,0.2067714630536153,0.20792299536729864,-0.032764945809674838,0.97759627982290331,6.1416333295083829,7.8250082672320849,0.097089857560644047,0.4478382276349892,0.355491063394298,0.3333333333333333,1,5
0.14268847849782748,-0.93094511963619198,-0.33612673551732036,0.98875769915399625,0.11873387394147041,0.090887180298133571,-0.044701347492770639,-0.34531645110594816,0.93742111034898457,-18.241282276932065,-11.698696531721749,-4.9844743865432841,,0.4895155131416964,0.625,0,1
-0.97221229261937725,0.017011675967239296,-0.23348203562706979,-0.0016300870120526398,-0.99782393882635345,-0.065914565320532525,-0.23409528166135216,-0.063702354633461258,0.97012442970891366,-10.209314737842281,16.437760489844017,-4.3583856952917035,,0.1495143969643595,0.3684210526315789,0,4
-0.51534484489730792,0.84101519467906927,-0.16466066062268031,-0.8553566477341229,-0.5166143311396626,0.038401016108466593,-0.052770219014264895,0.16063335637421872,0.98560246996704504,-13.036301066681851,-17.352952199682139,-3.3681869840585019,,0.07284475056909701,0.25,0,2
-0.97504038311846242,-0.027201436515026618,-0.22035501614377004,0.040097195038723304,-0.99772132223934995,-0.05426212398155273,-0.21837689034838098,-0.061743380215872376,0.97390928158699119,0.41705101323841504,5.9074883765871,-1.3444358614642322,,0.07192462293450422,0.2777777777777778,0,5
-0.79667410465710076,0.58859652743471325,-0.13734809376400117,-0.58924814677945603,-0.80694882054145922,-0.040251988071716517,-0.13452506266783432,0.048864393156425545,0.98970464210069797,-0.26493348987475024,9.0700059518070137,-1.482575593436209,0.702624934928455,0.7707540126278919,0.638095238095238,1,2
-0.41719906605057122,-0.86832695154611395,-0.2682410194305942,0.89465025252540042,-0.44430783378138,0.046813187209749904,-0.15983073841651607,-0.22045147778849369,0.96221373976788582,-20.161554042356638,6.6718606105301648,-6.415735886893386,0.3817335895307584,0.2450044288303841,0.5061728395061729,1,3
-0.71671061041447548,-0.61299404207232211,-0.33251196264667959,0.6637514039010034,-0.74588185756439518,-0.055626687621451079,-0.21391581226912057,-0.2605735192611171,0.94145709744051476,11.132455635926,-2.5182229366298747,1.7822431048816196,,0.2458447589824525,0.275,0,1
0.96883676815132447,-0.093659524743883074,-0.22931029218691434,0.17009608741345425,0.9245315048350089,0.34104078585141251,0.18006287158859985,-0.36941763627670038,0.91165123390636815,-19.383050084785339,8.6351021606541316,-6.2301464447941921,,0.3833946332805049,0.2105263157894737,0,3
-0.57208802384946345,-0.76360885426574054,-0.29936066985323895,0.79786731228039198,-0.60270102343511134,0.012618571422072634,-0.19006063496284689,-0.23163115946960453,0.95405658165555729,-14.955098026712347,-13.804439894757582,-4.1305487578221705,0.883351810936947,0.7515890276402009,0.9680851063829787,1,4
0.17541943976229973,0.97007442934804489,-0.16787978341225471,-0.97795460124330991,0.19132361833260825,0.083666426810020539,0.11328202885064782,0.14950208892581757,0.98225063367060117,-0.67950373947893372,-17.030215645641071,-0.65526639749909998,0.1714164973247209,0.1308347349285351,0.3529411764705883,1,5
0.52186000949620903,-0.81377531507264511,-0.25579653450943118,0.85123719275692677,0.51623487597239281,0.094322820659029513,0.055293509166301776,-0.26696683203758886,0.96211815201454876,-5.726054391427132,-9.1019431695607729,-2.4122440615517622,0.3743325641011806,0.3243104423883977,0.6274509803921569,1,5
0.47610832406092551,0.87718724173315732,-0.062156308613627913,-0.86182232760900157,0.47948799989042951,0.16538903710850419,0.17488035737183244,-0.025175402710799741,0.98426777845454694,1.8888555708713999,-10.588785251836999,-0.44439452593707901,,0.2164406553273124,0.2916666666666667,0,1
-0.92818848926759945,0.32693499191573533,-0.17770661060351692,-0.32964549485484373,-0.94398707553249472,-0.014908016283635975,-0.17262669582957602,0.04474273447908856,0.98397058472207222,9.4025396504975625,9.8739325958106772,0.67205954410342794,,0.1201587609395582,0.1666666666666667,0,5
0.87530328279555958,-0.42284026545197423,-0.23462794599071182,0.45559588208430202,0.88373156904188499,0.10700890666946357,0.16210044834960505,-0.20056077331141156,0.96617742721178534,-13.757838661943278,-5.3118947676221442,-4.4306292204174564,,0.09719378074107798,0.2950819672131147,0,3
0.48185754494316713,0.85878523206419877,-0.17407248941111975,-0.85792007474856147,0.50279501564712514,0.10568972317037076,0.17828755347686578,0.098412892594658324,0.97904466233486309,0.23741131797685991,10.929897315688896,-1.5392098593300509,,0.09388645473740156,0.3214285714285715,0,5
0.96772346394206832,0.076118097377374794,-0.24024431853347597,-0.032689687101398211,0.98315573717993254,0.17982263708275692,0.24988533709119168,-0.16616507365217487,0.95391115236430157,8.4935659298737587,6.2479447559874499,0.76972654378028282,0.4548312504786501,0.3178531353964324,0.3181818181818182,1,5
0.97469573866554604,0.044422862469695491,-0.21907721542238259,-0.01777760368113613,0.99235511092101569,0.12212817298353347,0.22282767744286838,-0.11514314186671272,0.96803402990105669,0.98976945203618882,9.810685531943566,-1.2347538389474666,,0.08412428679619895,0.1818181818181818,0,5
-0.61336969950800346,0.78751603409542459,-0.059967555962173472,-0.78606293129988836,-0.6160818540098123,-0.050479869215950504,-0.076698629464214019,0.016175450610325395,0.99692310387304417,-13.822344241699872,4.6164053535731755,-4.9187372350856453,0.637947783717595,0.5792548981411123,0.9676695105523125,1,5
-0.67341024446955011,0.71655176482287952,-0.18185766679652987,-0.73326887990484757,-0.6786972222910469,0.041071038670905655,-0.093996768064389447,0.1610082258259935,0.982466772369333,5.6649367966220572,1.606716388788507,0.16029382032101377,0.750121028651752,0.627178116026695,0.9517543859649122,1,5
-0.31473519825458435,0.93691192191028683,-0.15211116185874821,-0.94916663832058179,-0.3098284117869981,0.055579204283169939,0.0049444594094182641,0.16187157203140168,0.98679944593074709,-3.698612867183789,9.2175041314244996,-2.4757595468132259,0.8155486320817503,0.3924366053058153,0.2156862745098039,1,5
-0.5119808435857629,-0.77242488414006949,-0.3758130042486717,0.83965201668130385,-0.54233993480882503,-0.029187086092644438,-0.18127356863103622,-0.33049537587197891,0.92623576903670113,-16.170689519366217,-14.358407739246037,-4.3040329006041871,,0.566425614847861,0.3333333333333333,0,1
-0.23763826535588181,0.97035004073024611,-0.044145818527454403,-0.97134307356374827,-0.2371773030569615,0.015477737378514976,0.00454843691607039,0.046558837715709393,0.99890519387586729,-23.139991651146566,7.118570862360607,-7.0443541931513769,,0.2969906463614277,0.3255813953488372,0,3
0.28560473699650124,-0.92389015462622825,-0.25467021103750187,0.95770683386559097,0.26543654677655776,0.11109032362219226,-0.035036474884133174,-0.27562732415358004,0.96062584995805356,1.6502333117264969,15.118708371307434,-1.4036431115365451,,0.1119379305462537,0.3846153846153846,0,3
-0.67703388259986474,-0.68332796942794927,-0.27329106829391492,0.70628097257005651,-0.70765726630217929,0.019707390370678181,-0.2068630213383934,-0.17967771049076448,0.9617294893864643,-7.3354322192132244,20.200555190604398,-3.7086283527055408,,0.6890898544300009,0.9436619718309859,1,3
0.95692110614404746,0.19584676097532902,-0.21435028068916737,-0.17608408834255984,0.97844456780065359,0.1078917122579912,0.23086011012867103,-0.065500182876568391,0.97077975648162018,3.6618190321184194,8.357345343696343,-0.48059684540416209,,0.07045136197159423,0.3809523809523809,0,5
-0.61489677524449737,0.77219198672890232,-0.16006714661537674,-0.78316567944846416,-0.62174632378182848,0.009111937105054993,-0.092484995150256266,0.13096199637853756,0.98706407146476782,-12.317834917548714,5.2792592194192256,-4.5347822987404971,0.2637032673377243,0.239154941468607,0.1555555555555556,1,4
0.24575993924755801,0.96925313150172543,0.012264556051346994,-0.96051593832507809,0.24180312983205185,0.13762404814173815,0.13042693159210758,-0.045602779274116524,0.99040860357629401,12.423068251725075,6.214121297611479,1.7312957368469264,,0.3060774019906562,0.25,0,1
0.22672629552220472,0.96707582259643632,-0.11558347748793525,-0.96180345700726144,0.24100495421081622,0.12981033138669373,0.15339262370680967,0.081737172665002369,0.98477902983211041,8.9459021735107171,8.6126844211163966,0.69691008881676342,,0.2509086707431346,0.2258064516129032,0,5
-0.70627487730302063,0.68662319717113118,-0.1724076065523131,-0.70005537779191729,-0.71362385465375866,0.025757757932845848,-0.10534830665567962,0.13888692946280143,0.98468886208242246,4.006633160120411,-7.8239796669751636,-0.058781089660792082,,0.06569838881345529,0.3571428571428572,0,1
0.29752853580977878,-0.90590808148499047,-0.30134252650277177,0.95470592169432111,0.28110780202434127,0.097544895934337586,-0.0036569742528728276,-0.31671588457358485,0.94851340264546913,-6.0181601674269034,12.168389953089058,-3.0906080122573196,,0.08162978617838133,0.3,0,5
0.89523209309289786,-0.34931267853999365,-0.27665890932287829,0.41907778910583188,0.87101761030326463,0.25632426576459433,0.15143746621849338,-0.34541131300640071,0.92615210342174203,5.1907317700591644,-9.1251899699952244,0.25964506716765162,,0.6575998213754934,0.35,0,3
0.73797451381805257,0.65160676644634419,-0.17550566622291724,-0.64015864870768535,0.7582592623189196,0.12344956699931917,0.2135193701746074,0.021248835942433129,0.97670771755491503,-6.2606788762631664,-15.991639589709324,-2.1321866780722365,,0.1066185195596581,0.4090909090909091,0,4
-0.14552024906203412,-0.95546356530028553,-0.2567357250103513,0.98327583858005652,-0.16839511825163761,0.06936648624302176,-0.10951019303064886,-0.24234780694836941,0.96398913795213781,-15.403025755955809,16.402371393711235,-5.5375317698814843,,0.08414541225222813,0.2222222222222222,0,1
-0.72101042785669411,-0.60667010891755069,-0.33480642447222164,0.65808798701094795,-0.75079919641378534,-0.056751810687341801,-0.21694276727695908,-0.26125073322457981,0.94057636059802907,16.750023536420819,-6.7398931720117554,3.3999514519782594,,0.1380802981135672,0.2580645161290323,0,3
0.67413499931474408,-0.69704281246164368,-0.24428123197346135,0.73245011903789503,0.67351216803524694,0.099489610662796782,0.095177864129657258,-0.24599324605367412,0.96458721589895291,-11.186466560117976,-0.093474407282378866,-4.019076989335395,0.4785663777649866,0.4716038223616315,0.8333333333333334,1,2
0.46554934228132311,-0.83589898221074466,-0.29075195861845865,0.88423456311955684,0.45317265377936988,0.11297691468318105,0.037323548681695282,-0.30968925942887621,0.95010500225406691,-7.6637183720367519,-5.6034555972682876,-3.0149535761593014,,0.08707592796247984,0.2601626016260163,0,5
-0.24991703871752124,-0.89353472052986693,-0.37301096091975472,0.95812485943712411,-0.28382489447108367,0.037949743175286571,-0.13977920978191685,-0.34790678706528844,0.92705050565039415,16.831653915975341,-5.0840672750235001,3.4353007005341576,0.3126298798023673,0.1289531895190838,0.5909090909090909,1,5
-0.35498138792738987,-0.9006841116472557,-0.25051216587491115,0.92442224019779018,-0.37813181442002924,0.049596902636316241,-0.13939776200801743,-0.21397304024014663,0.96684218050183635,-23.519327378374093,23.983477439752562,-7.7408642914438532,,0.1340315989096591,0.4838709677419355,0,2
-0.76363995341052149,0.61797175179800545,-0.18698913213040508,-0.63372085513867271,-0.77281438136460145,0.033997201625408022,-0.12349858022457932,0.14446053418063326,0.98177352518122041,-18.409298698176119,-8.3247637815171469,-5.2073243367434729,,0.406306393922314,0.3157894736842105,0,1
0.06029640526715168,0.99211660451374173,-0.10985893937220091,-0.994370016228873,0.069308882094928123,0.080153288689507607,0.087135608891265662,0.10440748014810466,0.99071008057467191,-4.4619270042381496,11.158745144172816,-2.6451857092279689,,0.124168643121972,0.3125,0,5
0.73761215063721974,-0.61803972001889085,-0.27194708991145344,0.66488641203081877,0.73501377492526165,0.13296920608510318,0.11770460623578548,-0.27889362694240522,0.95308130320649487,20.098858722248629,-5.2065449904435788,4.2954874223288915,0.1974867154626058,0.145199402828768,0.391304347826087,1,5
-0.34285163316608375,0.92153820117523422,-0.18226382364601154,-0.9393762518931007,-0.33736462497495484,0.061297366948173337,-0.0050015012366401036,0.19223020987925737,0.98133711404142743,3.3172211672853056,12.158257819218591,-0.86756762684276867,,0.7319291456101732,0.9575070821529745,1,5
-0.72528747288422357,-0.58036706370477587,-0.37031358744166126,0.64261423496711412,-0.76370042891045076,-0.06171385500536327,-0.24699195674119961,-0.28272906863053415,0.92685449076781379,13.030450023374684,6.5330081281180901,1.7950377720341424,,0.5444557499822623,0.1818181818181818,0,3
0.76267966052834779,0.63930729355050142,-0.098009794558995,-0.61929644533957617,0.76554357869326417,0.17439880134701119,0.18652519456129402,-0.072313301229041491,0.97978525109292602,-11.636501173088826,-14.153563530834631,-3.4067648893244922,,0.2075991870890023,0.3125,0,3
0.82155938481981228,-0.49936377816951794,-0.27509270122407126,0.55326687359810389,0.81478095326682787,0.17328521221552287,0.13760793506724528,-0.29456377110205484,0.94567237506478163,-11.881517391446922,-8.7121862308214908,-3.851964382571313,0.5186201730059428,0.3465788370684963,0.46524064171123,1,4
-0.75109382541472647,-0.58100444070156343,-0.31351539883861701,0.6295141834786131,-0.77336661441276744,-0.074939792573702993,-0.19892199029551427,-0.25364920578783223,0.94662142495301371,-8.4213115240996661,11.678830395558141,-3.704295747740503,,0.3926145205236501,0.2363636363636364,0,2
0.81100695169050974,0.55151230637516779,-0.19519708047614526,-0.53978666392109498,0.83406516975160516,0.11386680842177453,0.22560603219462619,0.013018007680485362,0.97413163880115716,-14.854367332307124,-1.3167013585258474,-4.7696437695389688,,0.1292220903634949,0.59375,0,1
0.47017553536595019,0.86743327792927905,-0.16277123297502488,-0.86534768077560775,0.48935045800716565,0.10821053841680774,0.17351759945210313,0.089975761119563541,0.98071198885877608,-3.1114525445725545,-8.4605680371569765,-1.8659168892949614,,0.06805318321682512,0.1707317073170732,0,5
-0.65669396628624632,0.72774016276237519,-0.19785674147178156,-0.74890502494686462,-0.66018669026327104,0.057400327599804284,-0.088849863548435909,0.18587035670547519,0.97854888086676839,9.3150748159262537,4.0536307081040688,1.0509336513861325,0.2522824846248276,0.1841888240944037,0.6428571428571429,1,5
0.8282685352467174,-0.50518479605926703,-0.24240370325309638,0.54115503596121395,0.83340338930455971,0.11220524831526553,0.1453356823841804,-0.22411406142013998,0.96366510100744807,-15.084171974931881,-2.3061228734686505,-4.7755084534368759,,0.7091683098625694,0.5922330097087378,0,1
-0.023725308383847336,0.98811904372608428,-0.15184816484877581,-0.99702272478130738,-0.012239794755714078,0.076130635712545233,0.07336754058675822,0.15320229388030607,0.98546753428921419,0.31363271533906012,7.4814603948644747,-1.3474305511731874,,0.06799756044000052,0.3421052631578947,0,5
0.6688403039896299,0.72529429159251513,-0.16309763438619246,-0.71129739068817976,0.68814225480832558,0.1432349787848656,0.21612188634945637,0.020209595013895808,0.97615721198489735,11.166067626806967,3.7059248394839721,1.5736266108632411,0.08655008059792454,0.1384944830762011,0.1666666666666667,1,5
-0.78925685569972448,-0.52431091932266616,-0.3196430440507132,0.57716596603556236,-0.81112443458817152,-0.094639311410513169,-0.2096498590059665,-0.25918181165552623,0.94279993907813675,-15.343583704601503,3.5843317445329705,-5.1620069047485435,,0.2555277836630248,0.3125,0,4
-0.75962329433487752,-0.53727702930443244,-0.36647761798728345,0.60373260737583889,-0.79206994293390487,-0.090178402579845593,-0.24182512172022236,-0.28975610309790828,0.92604644118020052,-13.75030161065192,15.888566305364217,-5.1282589313312155,,0.3401982692938733,0.1333333333333333,0,2
-0.92861390794929466,-0.23134385007388897,-0.29009693724017349,0.29331241997832286,-0.93652720756879648,-0.19205367418993169,-0.22725323814986503,-0.26343274761574803,0.93752821463357494,13.85064908173195,-8.6197209722368981,2.6709135962265638,,0.1226321536689256,0.3142857142857143,0,6
-0.76520497632837547,0.64286291675720508,-0.034476288383592776,-0.63173048427284695,-0.76011284473304386,-0.15213500094400759,-0.12400782008681448,-0.094634737439579161,0.98775823308492716,-16.96076816743199,13.809912796158612,-5.8405552237738023,,0.7531765354691755,0.4047619047619048,0,1
-0.30280604356026886,0.94286208644047798,-0.13899491334752473,-0.95291943103793064,-0.29709237422690254,0.060668600829167918,0.015907794747335068,0.1508217727297074,0.98843296936967118,7.2178271565823877,-6.624866757453292,0.85794203299890559,0.4948804201645217,0.357191626786127,0.8114754098360656,1,7
-0.94210484630534574,0.2770592654794537,-0.1888825613442601,-0.27502899734875907,-0.96070768608802459,-0.037413801046288317,-0.19182676868810244,0.016700458178765198,0.98128669893731968,-16.163462392024449,-3.2159195506135032,-5.0137130438125936,,0.7571660722761031,0.2978723404255319,0,1
0.96958656380404484,0.12327007568206998,-0.2114388415878258,-0.092350763481650708,0.98430731178934772,0.15036772407130328,0.22665663849757683,-0.12626798643901821,0.96575522976871031,1.4434031372263263,25.694139413424995,-2.0608218284217954,,0.2788895009766555,0.5384615384615384,0,1
-0.97653281734197006,-0.0081385832166258557,-0.21521482318228263,0.0023983203356211518,-0.99963471551883176,0.026919947792530138,-0.21535529878255349,0.025772058373573072,0.9761956239880748,-0.076792606606186156,-15.023150475860565,-0.64265953472828596,,0.1056662126566653,0.4545454545454545,0,5
0.017309832453800352,0.99564716371721196,-0.091581084740759863,-0.99623121003271065,0.024960727972602455,0.083068274424356103,0.084992622369143109,0.089798036954883517,0.99232684469476429,-2.3466714097717047,9.1942261113585584,-2.0689619303942588,,0.1403420957418642,0.273972602739726,0,4
-0.97941860157036154,0.13925927445211522,-0.14610289996104928,-0.12287734332921986,-0.985647888283122,-0.11575577229397849,-0.16012607968195222,-0.095420620423956978,0.98247368606166552,11.730931937478234,4.8878854110607737,1.6137920341676479,,0.5314017398163384,0.1538461538461539,0,2
-0.53224060633161085,0.84658090233096372,-0.0045511295575364503,-0.84565128169650583,-0.5318943033425414,-0.044298530865117314,-0.039923010117154559,-0.019728808383751982,0.9990079716313286,-14.216493074759294,-3.9082221752994801,-4.5659753447559366,,0.2533336485341522,0.2307692307692308,0,2
0.74669130801997208,-0.58001173626377323,-0.3256354961052419,0.65458230045294197,0.72773285932126131,0.20476058555746418,0.11821210792959347,-0.36604818161054264,0.92305721722895262,16.143362962654077,-4.2845129016631462,3.2829370092995593,,0.07670857947532676,0.2631578947368421,0,4
-0.58406252573255346,0.81071377822575785,0.040176309310683798,-0.80875176408634564,-0.57700070296130157,-0.11397707168280979,-0.069221023700423573,-0.099062397392156248,0.99267068623022436,-5.5053516920180199,1.8718346691569352,-2.7708003989194245,0.5659511976016355,0.4369448735967484,0.2656498252303781,1,1
0.92059383120102012,0.3313484206346024,-0.20667661236236312,-0.30827173055314644,0.94148563427849874,0.136284043779824,0.23974056414465264,-0.06174969303702825,0.96887121812624644,1.221060182769319,-26.465163278563924,0.66070971196104022,0.4075287205590873,0.2387783680419664,0.3548387096774194,1,4
0.78456138003552245,0.60227027154376322,-0.14742442460921218,-0.59441118501362378,0.79821573501884968,0.097606267724034051,0.17646184881570071,0.011052618826228667,0.98424542443926344,-4.216677121988738,5.8941731838498068,-2.4687199692247659,,0.2880625563733599,0.5051546391752577,0,6
0.96906602751199422,0.1333311234608926,-0.2076868937578395,-0.09892180285382568,0.98079664452003734,0.16808455913136375,0.22610951161389201,-0.14234027404389904,0.96364606321140323,5.5129918582090838,6.447478318664678,0.023075528139109309,,0.07109053787508796,0.1944444444444444,0,2
0.80036114013102766,0.56305049408756946,-0.20590334255641854,-0.54652050291233212,0.82641238276242279,0.13549137800386554,0.24644955927047943,0.0040883645481661858,0.96914699607990729,1.1236228354498481,8.5004120413140321,-1.137427423445462,0.1968816881411775,0.1335035981883523,0.1818181818181818,1,5
-0.63808949319647523,-0.6873359605569509,-0.34700299133800111,0.74125627322158161,-0.67028952695276989,-0.035370714822931817,-0.20828090666673899,-0.27978782565130883,0.93719679712181858,17.422700693918529,-7.8144901261646469,3.6176446317790352,,0.2597793643875992,0.3157894736842105,0,2
-0.45001601951969461,-0.85935491442519429,-0.24288827313997216,0.87623364498518597,-0.47739904792796178,0.065610581718586122,-0.17233740618805227,-0.18330106407422547,0.96783290827375346,-4.8353639088619218,-7.6600716190942801,-2.3121407240964316,0.420532199834968,0.3915541833282982,0.9092920353982301,1,5
0.97462354609342139,0.12849025289275678,-0.18330084100145086,-0.075060846248060559,0.95903542742531955,0.27316097507451337,0.21089052316500337,-0.25247040193790898,0.94434309622324297,-13.606295846526249,13.076725948865683,-5.009673473987025,,0.2604093221334768,0.35,0,2
0.30672107196298526,-0.9051859669622031,-0.29421174216638013,0.95179620181330293,0.29089172766962312,0.097293334751925031,-0.0024847993169305996,-0.30987153465279982,0.95077518782531933,-6.271844723702551,-10.752594728008274,-2.4644789996748981,0.1259619968529361,0.09030495288576321,0.2888888888888889,1,5
-0.55444873762672786,0.81509623826225763,-0.16794260839597844,-0.82942926334203382,-0.55772847495763145,0.031401358781520353,-0.068071245441955044,0.15670695770179408,0.98529652133346601,8.7441207125268221,-13.428340324942157,1.5246565541555619,0.2586761658947197,0.2393879687771357,0.5,1,6
0.94472757658146478,-0.20073286461885009,-0.25922215011149169,0.26487598026725234,0.93325230084285782,0.2426537822680192,0.19321107919572408,-0.29790344078815817,0.93483849880211967,-12.802951222191648,10.568045099811526,-4.7300386732702364,,0.5268959932136743,0.303030303030303,0,1
-0.97723368011303091,0.02354022048130221,-0.21085585709776911,-0.0017141449964092961,-0.99466933383854761,-0.10310178479595496,-0.21215889366150659,-0.10039309906996505,0.97206472495377283,10.145023911466721,2.1667126933044107,1.268535991589123,,0.1474672539385197,0.1481481481481481,0,4
-0.97096962941111886,0.0090471217472395636,-0.23903164717109268,-0.009105674990437615,-0.99995817323409641,-0.00085934003645012362,-0.23902942380427489,0.0013421514148388523,0.97101139704195893,6.2086068145767284,-11.790748564039699,0.6730972851822753,,0.2805361562709288,0.8163265306122449,0,8
-0.34329734172527376,-0.8505252891939955,-0.3984390387572892,0.9262410340294448,-0.37687668678245467,0.0064428130460099913,-0.15564216024081365,-0.36683878666432124,0.9171721880618835,-7.219759706713722,-12.313986913183346,-2.5939690584641957,,0.3775685235377019,0.2772277227722773,0,5
-0.84995698619924931,0.5018857562521527,-0.16026169000199011,-0.50451132912578012,-0.86298656814739949,-0.026879396959611116,-0.15179407233099618,0.05800750700020349,0.98670851254906755,19.796902735234816,-6.9981701367247453,4.2795719645890609,,0.1064172495857967,0.4166666666666667,0,5
-0.090825557101113355,-0.96355430355753102,-0.25162238031032447,0.99044899630595662,-0.11372032706200944,0.077964562010135754,-0.10373766863485578,-0.2421379592477618,0.96468010490396949,-16.695892713359946,-19.693757964805702,-4.0057722901798885,0.3739199556756477,0.3278913558145191,0.8461538461538461,1,4
0.95468145539297689,0.23977527777136112,-0.17632678440445471,-0.17595409385099078,0.93250659257582824,0.31539120415714705,0.24004890248827482,-0.27007271423134371,0.93243619269196665,1.3658592755876076,-9.1922786719340639,-0.64550505558236104,0.3775461675179564,0.1610522920209395,0.4210526315789473,1,4
0.97539614124721741,0.013834738681146177,-0.22002492505546606,0.011970523334023757,0.99323310488000238,0.11551928817968043,0.22013421862842833,-0.11531088142952887,0.96863012879674404,-3.0892102397815315,-17.540274922535417,-1.2122313829666798,0.2221980331308452,0.151856473545491,0.5,1,5
-0.96603469051023128,-0.10107163938270933,-0.23782661844985989,0.11374638782122463,-0.99269810955083582,-0.040152491228088623,-0.23203175642232099,-0.065840618213149502,0.97047734492098503,-27.292855540762798,8.76151609032312,-7.9456889769171246,,0.3238994127958772,0.6153846153846154,0,2
-0.070692174201324148,-0.95110987633736543,-0.30065365396118537,0.99312150525930587,-0.09531276697735909,0.06800847184440291,-0.093339660906717234,-0.29377794264485246,0.95130553878192969,-22.427001800122174,-14.875191205420348,-5.5784122701055878,,0.5000684728303805,0.7037037037037037,0,1
0.27863924455591649,0.94357710217603519,-0.17894810320979643,-0.95074162685138985,0.29736076526637883,0.087561031584635601,0.1358327293596068,0.14573547107437274,0.979954408176957,8.4919544823501223,13.356674736622509,0.29003796662556092,,0.0837041569406804,0.1111111111111111,0,5
0.38493031014561985,-0.86927730362691624,-0.310138075266994,0.9228334369356358,0.36774252142804942,0.1146467862929578,0.014391108531292897,-0.33033680892818978,0.94375340458320034,17.129405667950948,-8.8667514113221504,3.6143257004395735,0.4177256401916814,0.1882077414729718,0.3636363636363636,1,4
-0.77654751621877949,0.61271218638097358,-0.14682551452214537,-0.61741345060782604,-0.78646527354339779,-0.016522848387813024,-0.12559691900274744,0.077821270681971602,0.98902439998539038,-14.382802592390121,14.15852407146153,-5.2656554285719759,,0.08820252668169409,0.2571428571428571,0,2
0.93069415608424511,0.28616329673579355,-0.22785731375564353,-0.24340649509029461,0.94945656920979149,0.19820570459053802,0.27305982124526146,-0.12900694084302308,0.95330768550129263,7.5444129329251073,8.7555935361617561,0.34397438629450849,,0.1935577080692802,0.3529411764705883,0,5
0.53212893632809988,-0.81508363555900143,-0.2290795978830214,0.84489765941416051,0.52867752567788273,0.081535384708639191,0.054651077197060603,-0.23693615360901238,0.9699868653101279,-12.638337404794662,0.19750326633759491,-4.3222179211200409,,0.0683094898291608,0.3219178082191781,0,1
-0.40414639182925322,-0.86849839429170295,-0.28701260091523817,0.90013656267977449,-0.4333868913446266,0.043931434505161814,-0.16254187921405522,-0.24059580529048008,0.95691890773366439,-2.2739377858906411,-14.104187119732231,-1.3388946620506996,0.1898665252484973,0.2060270797271818,0.5,1,5
0.55380475727161038,-0.75360031572499453,-0.3541000634884453,0.82941012522643431,0.53674116667540206,0.15487983783500792,0.073342586504724264,-0.37946736899912276,0.92229354376450023,-17.061490198041071,8.5866360136290609,-5.7119226192716654,0.8725199961471878,0.443524762434954,0.7517985611510791,1,5
0.25519490154340674,0.95786835038939877,-0.13177171755935305,-0.95762840473823319,0.26920991069717876,0.10234188986393636,0.13350430953626968,0.10007121116838702,0.98598293698751949,-16.244711800422703,11.283647418276647,-5.5390539950859594,,0.08276142202101003,0.4,0,4
-0.37822633785550092,-0.89163838640489945,-0.24884900088544554,0.91271936243996943,-0.40407283215264267,0.060568240384864948,-0.15455808869028254,-0.20422079768086807,0.96664660709847694,1.8520095178201026,14.184644520488487,-1.3161309631370697,,0.2389793823454062,0.4285714285714285,0,5
-0.32776949461215854,0.94382237693741977,-0.042029503850146463,-0.94461571945355782,-0.32662446991181904,0.031899815298220086,0.016379895082919909,0.050157516356201047,0.99860699105806883,-7.8290292833655624,16.775330117443684,-3.8091287164273449,0.09469441778629908,0.2678709202258943,0.3,1,4
0.64149964872429444,-0.65409811831195253,-0.40079153223012409,0.76024476598383317,0.61188733615474333,0.21822415917500715,0.10249925112308846,-0.44469038608251421,0.88980018208864786,15.41888981136975,-7.7021247171839233,3.0989960441197448,,0.4671449215940514,0.4242424242424243,0,2
-0.57152719571673771,0.80120235929007799,-0.17728915371272755,-0.81780114001836124,-0.57391236292870484,0.042730493353805063,-0.067512665040204228,0.16940891105725203,0.98323072618463547,-9.7055609600137664,13.737161192464777,-4.0455423588194543,,0.08211712102701561,0.2307692307692308,0,3
0.30943819156430286,0.94837581511592872,-0.069507689535854442,-0.93903722368113474,0.31627334792182366,0.13483420165354212,0.14985692557449887,0.023547456285550463,0.98842724525371106,-0.62519281221243539,-12.034129319783698,-0.99924456922357452,0.9503349751785546,0.7507634068571101,0.6279069767441861,1,4
-0.96884444185067276,0.12562674087357656,-0.21344406637932911,-0.13380102360836849,-0.99071187984316167,0.024233390579597679,-0.20841721036520233,0.052037420334926483,0.97665468478294548,5.6464957331914256,14.967216840873457,-0.43376080094785807,,0.260078476942876,0.875,1,5
-0.071329861188451193,0.99314844406645397,-0.092564674423983681,-0.99556223037713276,-0.065176463270323864,0.067881323514505473,0.061383192726878449,0.096995859107252461,0.99339010814820439,-29.399088360742102,8.2185316257388781,-8.3476149337105348,,0.1685783471885791,0.1176470588235294,0,1
-0.67263302868459052,-0.66141943611653187,-0.33179683279061745,0.7099801912270427,-0.70322452304230265,-0.037461957465390688,-0.20854960270354833,-0.26076732870360864,0.94260673851451815,18.222630647692711,-7.5383953774529067,3.8670129321898239,,0.0974555219314809,0.2758620689655172,0,3
-0.84989383757904846,-0.45477250439305555,-0.26619998890538538,0.48509502188751319,-0.87252616451850307,-0.058145610071477651,-0.20582343060281594,-0.17854988512653672,0.96216248832314666,6.0173095701571651,9.7092813736366725,-0.08073711062214961,0.8052727227183429,0.361166747026139,0.543859649122807,1,4
0.96655211246425221,-0.12246671824534029,-0.22534177778013137,0.14958934399497822,0.98289175143930596,0.10745619161187156,0.20832676749291171,-0.13757073771260986,0.96833581472088726,-10.655077070314467,4.9774593952353658,-4.1052180190465837,0.2028772607727798,0.1079890111452379,0.5454545454545454,1,5
-0.050095317157621326,0.97520541887205947,-0.21555706947685321,-0.9965436625948112,-0.03448680469381752,0.075573731177769624,0.066266037613521359,0.21859792154680269,0.97356240732395871,10.029285257606768,0.27283218987546148,1.3473093388537711,,0.0686061577793553,0.1282051282051282,0,1
0.87429892432570588,-0.39614826157077598,-0.28047806648179524,0.45956193509429394,0.86156561299421963,0.21565602778100765,0.15621849677711627,-0.31744487609716932,0.93532055034856987,-8.3486227465125022,-19.176914053954324,-2.1794258978789536,,0.2277742349381435,0.1666666666666667,0,3
0.9152956182857872,0.34801982937938436,-0.20277112591683977,-0.32829527179837908,0.9362644300651376,0.12502452363289102,0.23335840602315386,-0.047865596763720729,0.97121199487279064,-11.526398243524307,-7.1252364450060384,-3.8445729567597771,0.1387134175017221,0.1261356514827588,0.765625,1,4
-0.20479393420810035,0.96213066678426151,-0.17990004042479041,-0.97860969896712113,-0.19759252990076859,0.05727345995218746,0.019557648096054984,0.18778118159359566,0.98201615375729157,10.998868087097611,1.3228446088742432,1.4999407167268501,,0.1105304973048004,0.36,0,4
-0.36973442712106896,-0.87428173287503086,-0.31452806705044495,0.91712414960354915,-0.39766700163974356,0.027280946113056353,-0.14892866619768791,-0.27837458103765572,0.94885607181315335,-12.53329883004632,7.2199513540796065,-4.5547581037614293,,0.6779841444077137,0.7016129032258065,0,3
0.97554634948239471,0.019942389096262017,-0.21888723381848299,0.015000137285653723,0.9875127053465752,0.15682363552889633,0.21928136239312615,-0.15627206371012661,0.96306527619408688,25.007234261094382,-5.427460248146704,5.4724569392420248,0.2909452986339121,0.145950218367465,0.5555555555555556,1,5
0.95516892818990029,0.24941993686737163,-0.15950552878704147,-0.18536058200199187,0.92390626532052111,0.3347217763178395,0.23085444171694047,-0.29014980267882895,0.92871918185477154,0.36152449081644839,-8.5945778563227169,-0.95804354958671745,,0.1397452760500712,0.16,0,2
0.63127889735628806,0.7484811582745825,-0.20313273852476244,-0.74899845133951082,0.65633309607027412,0.090709353948880009,0.2012169814991876,0.094883205630650669,0.97494046159014636,-1.0114320590678438,18.745472161970419,-2.2163980450489169,,0.07534352724049845,0.4210526315789473,0,1
-0.81831824915315765,0.57041672458107051,-0.070569139296964789,-0.55698621984051877,-0.81730698610308716,-0.14756571883353431,-0.14185060454816709,-0.081449682536469364,0.98653147704674293,14.097440380304354,-5.4962784721753737,2.6397694428915179,,0.4186115392241226,0.1282051282051282,0,1
0.26490160888573533,-0.92897603615902513,-0.25851626999478189,0.96415685427855247,0.25096839601864185,0.086118665500090674,-0.015122762890266674,-0.27206320670406037,0.96216054460805478,7.3670083240850781,21.028274768183113,-0.36787142651854032,,0.07310393650555956,0.3846153846153846,0,1
0.78679921486020399,-0.54008830186681323,-0.29875009904934136,0.59939068248784033,0.78407714599017098,0.1611019518276274,0.14723384543687593,-0.30582291497291791,0.94063517871454283,18.707022445960522,-0.2132377500537854,3.6077443496278723,,0.1904148717134355,0.3076923076923077,0,4
0.92711596431623233,-0.29801088720966834,-0.22725646264625846,0.35551154980683591,0.89123031439365363,0.28163818040125888,0.11860660463871879,-0.34190355044997267,0.93222016472814972,11.853588113834977,-0.67655948090735718,1.888041039801553,,0.4302661332608537,0.3214285714285715,1,2
0.95915820297462073,-0.079849541608453284,-0.2713661592229506,0.14444810927222443,0.9630822531470129,0.22717243979178339,0.24320831686884267,-0.25709263773626789,0.93528235855683273,5.8645412939820396,11.346654161329996,-0.20433897025766162,,0.2168022173435684,0.2307692307692308,0,3
0.21573617094551922,-0.91672224887091536,-0.33627105580293037,0.97640998583481786,0.19934810067303252,0.082969116664608683,-0.0090246389299839663,-0.34623785636915322,0.93810335395897448,0.041673478756066105,16.313502414933755,-1.8281142943573412,,0.4643583679240548,0.6153846153846154,0,2
-0.97357636608855791,-0.025767307162661603,-0.22690329498573777,0.023878787428170366,-0.99965363079602221,0.01106444518679061,-0.22710980362978603,0.005353906790025802,0.97385444126795717,4.3391209444194292,11.729637352052068,-0.55668351483598055,0.1313692683127778,0.1007865556041428,0.3548387096774194,1,4
0.97296217430722198,0.008002654391308579,-0.23082583237163179,0.08849751267249574,0.91020803431921804,0.40458562074241666,0.21333728604757496,-0.41407401727642668,0.8848897731347205,7.9581927329088744,4.7625630467744839,0.653400001102454,,0.3454421219459773,0.1627906976744186,0,1
0.52847459453443479,0.82938238035267753,-0.1812166385633327,-0.83139865787491918,0.5488003785547606,0.087145947593314288,0.17172907329701079,0.10460885076646319,0.97957445542739208,-11.562389709313454,-4.7847600414796769,-3.9428030080749989,,0.1143304219001641,0.6438356164383562,0,2
-0.6470873150077483,0.74553525239600649,-0.1595468401156441,-0.75737969369916436,-0.65259352846793928,0.022308881054979721,-0.08748717807898157,0.13527333084015022,0.98693825522936751,-1.2640379927446102,20.978113847597605,-2.3716567950481884,,0.07943337790613905,0.3571428571428572,0,1
-0.89014301054972611,0.42500219170184755,-0.16437322719377517,-0.41035357213482931,-0.90447067442577067,-0.11637329994451698,-0.19812967118949057,-0.036137738617923063,0.97950941661728141,2.7174252318090395,17.200466924123564,-1.2651964394856652,,0.419895221257208,0.2777777777777778,0,3
-0.55359499688452474,-0.78096708741607357,-0.28917639564334707,0.80604188078528416,-0.58976888316927623,0.049690551067441989,-0.20935392483673351,-0.20557984535970208,0.9559852830129425,-6.8402373693774114,-24.088565791272938,-1.4760902896432799,,0.3088531740275341,0.813953488372093,0,4
-0.65800616336826956,-0.6080622568401004,-0.44417134168684785,0.72446986577061467,-0.67206604164448158,-0.15320133569465252,-0.20535652548599009,-0.42259617541435707,0.88274637918570931,-14.358342465006533,-2.1849578663026739,-4.6138067314516613,,0.4289891025015837,0.1904761904761905,0,1
