axis_00,axis_01,axis_02,axis_10,axis_11,axis_12,axis_20,axis_21,axis_22,location_x,location_y,location_z,dbh,dbh_approximation,score,reconstructed,number_clusters
0.6090385431130787,0.79308394952421035,-0.0094816670358709946,-0.75655598500340404,0.58449320033188445,0.29324177792620443,0.23810731731349308,-0.17142213326426683,0.95599129581231024,15.316243885985514,-6.5792815355043031,3.2351598465181941,,0.4075096579537013,0.3409090909090909,0,2
0.64945761246281253,0.72788836043442151,-0.21996214301145711,-0.72732266606959706,0.6790368495751532,0.099552480333057344,0.22182549230310825,0.095328336097616456,0.97041535401154044,-14.356491893297871,-11.449976819001991,-2.3444735723869106,,0.07713174794199752,0.5,0,1
0.96789635640981386,-0.089498328108762348,-0.23487590875682246,0.11785629467457004,0.98696455846672149,0.10959404243009942,0.22200571401247254,-0.13375727866671724,0.96582734137602788,-11.242390880820771,0.27686265719490377,-3.1469794233845128,0.1505935977804507,0.1151881732258192,0.5410628019323671,1,3
0.24255682566448866,0.97007779808058081,-0.010735548178694109,-0.95970018015393199,0.24155148606530893,0.14362605540830592,0.14192163519377834,-0.024534572561406651,0.98957379927580502,-0.5273216901122717,-5.3797750877508532,-0.38076941401574949,,0.1052434719268469,0.2096774193548387,0,5
-0.78567632211557326,-0.56442174750971974,-0.25326035577053835,0.57101565211084593,-0.81915148995514953,0.05414759042361169,-0.23802067538634333,-0.10207314750869514,0.96588158210325992,-7.2078242938140669,-4.8110155108111075,-1.6893551308269117,0.3893150896745302,0.3692597531540355,0.9252782193958664,1,5
-0.25359347249804931,-0.9268586600360802,-0.27680927553553147,0.9569331957347309,-0.28218657346516968,0.068187950965723956,-0.14131245382944435,-0.24759596537930678,0.9585024926000939,-9.0646960484074039,-12.376694797927364,-1.1827524873016833,,0.08094867239678158,0.2272727272727273,0,3
-0.1124757330563286,-0.90560905496938182,-0.40892719282398349,0.98345962463282899,-0.16025833306556228,0.084406358765801368,-0.14197315306245542,-0.39266971648003252,0.90865511475421445,21.1228752017267,-13.395158558939958,5.417374888107183,,0.2452379807937163,0.2666666666666667,0,5
-0.6914193309036657,0.68815857014993176,-0.21994792834198482,-0.71493793663678107,-0.69554590923545856,0.071271557464134452,-0.10393774872620372,0.20652765063066694,0.97290455539827114,-5.9058666145842249,-9.0696443023114952,-0.89966509280383633,,0.07564706696728213,0.3181818181818182,0,5
-0.1201066599891718,-0.93385530491604662,-0.33688077966308,0.98613603394442773,-0.15136338460800228,0.068006237628367147,-0.11449940079581825,-0.32404227390908291,0.93908811723779728,-14.462705500998256,1.0263922162642798,-3.8806582023878828,,0.08968480492624273,0.28125,0,2
-0.15560361786826346,-0.93512588793185059,-0.31831916031866153,0.97501224052297453,-0.19711573754989584,0.10245251017194208,-0.15855171060786064,-0.29442309646125048,0.94243110906500349,-0.92866622473085869,-18.095348315005356,1.1788079358169541,,0.1728169279558511,0.3333333333333333,0,4
0.045181164344013786,0.98107973614823707,-0.18825836955584974,-0.99401061625378329,0.06292222726853941,0.089351486223465226,0.099506568442967874,0.18309381375369821,0.97804657261391847,2.6148663993975871,6.0193872357552172,-0.89172421857480477,,0.08562810671011777,0.3488372093023256,0,3
-0.71024510449725331,-0.60541015148587785,-0.35920807342755062,0.66470810762566934,-0.74476445852656481,-0.059068036807860901,-0.23176501719281967,-0.28072130270693629,0.93138634680358767,-10.184184479529765,-7.9208910349744208,-1.9296637900466476,,0.07526901989255155,0.2,0,2
0.40100033749624309,0.89883506453055917,-0.1769018261585919,-0.90069202853032904,0.42208780382067446,0.10293568675518097,0.1671903079422373,0.11805681952426661,0.97883092937135696,16.5148202063491,-8.2806635344711985,3.7395220440580093,0.1766444077411918,0.1212828978052351,0.375,1,4
-0.65369253878037359,0.75203936304100927,-0.084397044851949196,-0.75129380942249235,-0.6583026155308741,-0.046853797163613473,-0.090794695144091192,0.032778999711438703,0.99533002592688236,-4.1611242814863978,17.817094168092009,-3.0530508530254075,,0.08566233168559484,0.2352941176470588,0,1
-0.94000674074298507,-0.23736468436610306,-0.24504149439131934,0.23426973763164574,-0.97125770668801858,0.042144480411212264,-0.24800205117649848,-0.01778971092827052,0.96859615361477569,-8.7643613129214781,-14.199378947787638,-0.94290875925165407,,0.1100442845263562,0.2916666666666667,0,5
0.53614533422758459,-0.70382352135373305,-0.46602642776480374,0.84237948244912952,0.48160045866303647,0.24178049086783313,0.054267744883393414,-0.52220058311417561,0.85109433252753286,-8.5917576854812623,-1.3311881046095606,-2.4494853853526335,,0.3501843829050522,0.3128491620111732,0,1
-0.61107541857770553,0.77601571412175752,-0.15616159657925258,-0.7877947938711618,-0.61545762560692685,0.024316122877174131,-0.077241151982450879,0.13788227775309994,0.98743216573192572,-14.319036757038727,17.188716832612723,-5.2548361616755104,,0.4874603222673836,0.6363636363636364,0,1
-0.54032528965469373,0.84065539533685296,-0.036702692688837184,-0.8414090562999389,-0.54024263285797558,0.012988364759634658,-0.0089096204194045615,0.037899919969871493,0.9992418199466333,-10.01024025213057,-0.61716926866031985,-2.8200156234116571,,0.3083766379484384,0.3428571428571429,0,2
0.90213652728817584,-0.31856893984650886,-0.29096995841065892,0.4002872992848644,0.86964790787364654,0.28893354661966542,0.16099616195319277,-0.3771290851897533,0.91206024413976083,-15.304032372281673,8.9312846761095628,-4.8960468571316325,,0.4514957092401105,0.3464566929133858,0,5
0.89144325364869337,0.39480001614189902,-0.22240025354883777,-0.38076589534891009,0.9187264676860577,0.10468529272176658,0.24565475461178021,-0.0086385662847096936,0.96931889319726483,-8.5261868027109333,-9.9834024828454933,-1.302901865751483,0.3859760132567958,0.3479997453269036,0.8470588235294118,1,5
-0.23908411756443843,-0.93050702039419508,-0.27748057540222526,0.96222372814122747,-0.26537558781620424,0.06083826421915918,-0.13024700276946877,-0.25245293103531247,0.95880302246146931,-5.7192340212876154,-12.49816426001974,-0.41986896300924564,0.1925847703667085,0.1055991324298379,0.4516129032258064,1,5
0.96523426719811733,-0.082399453937732792,-0.24805874186828616,0.15362991359793599,0.94663184404071488,0.28334784540554819,0.21147259650934508,-0.31160629300262727,0.92638051527801268,-2.1446129133105454,-2.2234078753356239,-1.1278448032460806,,0.1140118396529042,0.372972972972973,0,5
-0.8710951210081519,0.43880968310578622,-0.22054331132091337,-0.45894646033192255,-0.88719293806157506,0.047506180676513889,-0.17481829625240244,0.14259997428565738,0.97421959055909846,-13.76358510117122,-7.2164780789593559,-2.6693239171007432,,0.07389297862962774,0.2941176470588235,0,3
0.96937954584398667,0.13070308554426013,-0.20789420272945558,-0.055854525869475188,0.94175180558904781,0.33163806869788742,0.23913085965471342,-0.30987132829446862,0.92021529647241762,-15.738517438352636,18.049907715264208,-5.6299420982382307,,0.1375256526134686,0.8,0,1
0.94512214274090767,0.2793439448666063,-0.16944348841781551,-0.22787154370397492,0.9352624398901539,0.27084816429262404,0.23413392507452532,-0.21737324811733189,0.94759177715518295,0.94140771622424879,7.3555943714949743,-1.3727265961377078,0.1531803685673852,0.1416929180391489,0.1904761904761905,1,4
-0.40858258850214879,0.88674272927431541,-0.21621193411100773,-0.91257184680938574,-0.40117560565305266,0.079188116784110488,-0.01651946681316608,0.22966380974817377,0.97312981750029837,-3.8411105801502288,5.0733299958947828,-2.1120474216349656,0.6798958287989771,0.5807328497239356,0.9805857189865087,1,3
-0.075196486833742221,-0.84556606393070255,-0.52854850287991684,0.99141579153180448,-0.12025073382306163,0.051327276533830277,-0.10695894852338418,-0.52015170147155509,0.8473499812869637,4.1139173618440932,-15.318545450133918,1.9813876826036374,,0.2892642982354164,0.1538461538461539,0,2
-0.023886233519908331,-0.89418742581077859,-0.44705513683451392,0.99429439203536929,-0.067752333871921422,0.082391038480670323,-0.10396205949887691,-0.44253640390006466,0.89070389098058322,12.483374690213402,-0.97381186083072324,1.9020772685331377,,0.3732942028860196,0.2285714285714286,0,2
-0.96928456219038517,-0.075748318290520492,-0.23398638801338895,0.061410011959764851,-0.99579503226037125,0.067978409489105371,-0.23815173299914438,0.051521315993721839,0.96986045700800683,-10.221746157062114,18.547451944300729,-4.4522512797493521,0.5175775403746344,0.476246256489651,0.93717277486911,1,4
0.64409134220956343,-0.720287707744107,-0.25754991936209481,0.75980473116266745,0.64138826282585126,0.10638546334937923,0.088561353837372986,-0.26420960312217118,0.96039063522324863,-9.0256080003278196,0.62982423684734679,-2.7409243776452126,,0.07986532386716874,0.4147465437788018,0,4
0.78410945651371367,-0.54894211810075622,-0.28954258958022816,0.60525672205178938,0.77954671268229547,0.1611558970604238,0.13724671441200936,-0.30161146152174434,0.94350085620619661,-17.405150141997382,-8.273540844012393,-3.3233807512846303,,0.0868961052014927,0.3809523809523809,0,2
0.040599103132807055,0.99480029639302059,-0.093402800392547419,-0.99392425958050534,0.049780222911036114,0.098165653995029398,0.10230483391392597,0.088849871712264689,0.9907771804268396,-7.9766204552170619,0.16007866501319146,-2.4863678822640543,,0.1545030684890619,0.3391915641476274,0,4
-0.96663392234932566,0.15637896817798555,-0.20289031143735575,-0.1473833339352163,-0.98732953723624595,-0.058809334114593333,-0.20951614028923662,-0.02694444678314949,0.97743387691743711,-17.952303502994347,-17.8647218338666,-2.5284194847648376,,0.4683849387546612,0.8472222222222222,1,5
0.93735203648169962,0.28943155620000216,-0.19390857118564075,-0.24443711707011148,0.94298274313000896,0.22590715340036754,0.24823709533843688,-0.16435607817981565,0.95465460982665751,-2.4364610547850756,-10.798205384190707,0.079995713296930449,,0.2297450191887757,0.1290322580645161,0,1
0.81459782870641317,0.54109105561143944,-0.20892785119292889,-0.52599534993156716,0.84093983523569715,0.12707905163372241,0.24445709095292137,0.0063767586637745385,0.96963914299690823,-4.9204899908072761,-12.112356125314919,-0.29496780762857017,0.3435296536108094,0.2943048381275141,0.8904109589041096,1,6
-0.37847822798994724,-0.84376158579879856,-0.38055304133311879,0.90936926183792877,-0.41563667523953723,0.017137672542204212,-0.17263191061310248,-0.33957700235163157,0.92460028277734685,-18.18437111222838,-10.962544249802962,-3.2268859023246304,,0.09041590942780414,0.2352941176470588,0,1
0.81952596321596716,0.54878349124558035,-0.16496628549874964,-0.52062608695942003,0.83332552593404274,0.18578763522924482,0.2394278037159962,-0.066372039015419021,0.96864290594866365,4.7464160740409786,15.538742089535646,-1.0258363632873559,0.6732913597001007,0.6480626843960118,0.7682926829268293,1,4
-0.97398794471916172,0.019557123410344577,-0.22575429667152624,-0.014745065003783897,-0.99962713275769866,-0.02298213464098223,-0.22611958473289548,-0.019055560304924193,0.97391314757615233,-6.9788421905705595,8.5157245145201337,-3.1442205354051613,0.7069707199364064,0.7740977860437297,0.7203389830508474,1,5
0.9478119257524672,0.22578788225079069,-0.22510527677089825,-0.20091675270505152,0.97118773229736155,0.12816726226913561,0.24755809799692838,-0.076251038444150224,0.96586788291791337,-13.269273957023003,17.101988507130013,-5.0337862057340432,,0.1054758405012248,0.5675675675675675,0,4
0.53184639848493542,0.8247060575860099,-0.19235209122737529,-0.8225394979981463,0.55710569093749496,0.11428920928072631,0.2014154478970292,0.097432888215413557,0.97464796190339487,-3.9198659239942626,-12.84142729092067,-0.0028366470019379952,0.2605617130738113,0.2708500855113037,0.8235294117647058,1,5
0.29623899858997277,0.9405479306884712,-0.16616872687737444,-0.94249688355356775,0.31605273653016541,0.10867516838546447,0.15473228559749747,0.12441968417188252,0.98009063967795651,-16.504172224772859,-5.9212561887613422,-3.3703594433286312,0.4150073606021531,0.3697498732767018,0.9598214285714286,1,5
-0.12705576784663616,0.9841841717181804,-0.12344370375317372,-0.98949857244273187,-0.11711650358036091,0.084713043404823565,0.068915941484520973,0.13291064941723407,0.98872916022578783,4.6676494109404203,-19.494371101962731,2.6011175234101676,0.7377798795830712,0.4083085324545991,0.3939393939393939,1,5
-0.72301477316446916,-0.63488619661579526,-0.27234014601718626,0.65602446910905321,-0.7545396397235955,0.017373198207963843,-0.21652143939138532,-0.16610072074653412,0.96204418653789814,-14.359346052280118,-14.383075230309572,-2.0868338225106866,,0.1951232536397078,0.2272727272727273,0,6
0.97182133006984728,0.034335925652125343,-0.23320451674632012,-0.0090837918032666068,0.99405435405264064,0.10850541882994748,0.23554359925021923,-0.10332949916940048,0.96635512491715625,-8.0932597207599795,19.12822987012952,-3.9704558040436884,,0.1713709490476583,0.7428571428571429,0,1
0.88326436456943902,-0.38121933386632667,-0.27297597287721181,0.43550907363201846,0.88272908289679108,0.17641205455515682,0.17371214426725348,-0.27470199434060316,0.94570762143453668,-10.056504122011241,-5.7563754504529969,-2.1591302981688827,,0.08498039439088109,0.1805555555555556,0,5
-0.3263251682410977,0.94439993471393047,-0.040257271203371657,-0.94512013388129579,-0.32525544906429532,0.030932594236238866,0.016118843153880749,0.048142041567700571,0.9987104318715575,-12.864506613236385,5.5226635687331225,-4.0967395614953341,,0.2873896963054411,0.1875,0,3
-0.97240073492207135,0.054944070319614402,-0.22675528628839048,-0.0093301422985373351,-0.98025629563487082,-0.19751086884749205,-0.23313034801952678,-0.18994405493438163,0.95371457828187789,14.651343001772704,-4.2501295636341707,2.8260178892826229,,0.3953929805338006,0.2631578947368421,0,2
0.038564865274569558,0.98431221902449029,-0.17216912221835454,-0.99459057348444058,0.05444097387450237,0.088463390730221456,0.096448651116780248,0.16782620725822334,0.98108716323019618,-0.7826063892823284,-8.1443690319919728,0.059768081082665257,0.3006821396343908,0.2821598477133769,0.6204379562043796,1,5
0.16980459424800723,0.96568458674193702,-0.196518901638813,-0.9772080539990059,0.19077766961836123,0.093103705481922983,0.12740023144306639,0.17623041651214241,0.9760696805680481,-4.843276404836165,-9.2616200555062989,-0.65174403365698219,,0.07199655611077801,0.275,0,5
-0.97153479343794202,0.066001985640052052,-0.22751677527396955,-0.059227622159787108,-0.99757761964077607,-0.036482620042163023,-0.22937356847028612,-0.021968857125797901,0.97309050730330005,-17.59205501689307,-13.139205787555078,-2.842936985610685,,0.1547967765528109,0.4,0,1
0.94798075383347391,-0.12725015524352221,-0.29178740266128422,0.19581508179155199,0.95579354572267605,0.2193516621725094,0.25097598312246255,-0.26507752817878488,0.93099138554034921,-16.589384789626695,4.6316144068776195,-4.6708356120153525,,0.1939838056875906,0.3653846153846154,0,2
-0.43932344368370574,0.89198049838836901,-0.1066100479538748,-0.89795498895931403,-0.43946114626836535,0.023467823153702477,-0.02591813328480555,0.10604098931701826,0.994023922726058,-15.720981671265756,-8.6270966328232763,-2.9679936498303436,,0.0783583921349548,0.5454545454545454,0,1
0.39271526097177106,0.91960710308863625,-0.009874196109026288,-0.90427493931462088,0.38807889592466016,0.17799327140494584,0.16751584381010615,-0.060971685943742263,0.983982162229461,-13.934466363915206,-8.2462850771025877,-2.6147141923507951,,0.2851735840493568,0.5444444444444444,0,4
0.89893134189636204,-0.31448407408170304,-0.30499542571222221,0.39652359599163939,0.8800661025440274,0.26125216357922137,0.1862564908352588,-0.35578564094400872,0.91581935845438189,-6.8699630097119009,-8.2578664266681585,-1.2173271481855195,,0.09153519605596439,0.2,0,8
0.96864760288203833,0.10441185730537474,-0.22543288465732322,-0.064807602861426811,0.98217583797188557,0.17643865198866904,0.23983701974931956,-0.15629711244378491,0.95814895324239546,-20.370528006398747,-9.9578693785555075,-3.7361391956003493,,0.129073902787435,0.2352941176470588,0,2
0.9176705260798701,-0.2614720496621295,-0.29918752114648789,0.34751543503194943,0.89322437046882508,0.28527749020055321,0.19264949514299307,-0.3657630260784388,0.91055125104251766,-9.5936981396162917,-13.277524352941054,-1.2027660926288051,,0.2806823783353594,0.2916666666666667,0,2
-0.56532447068676195,0.80794575115381073,-0.16622847540430188,-0.8220870414701813,-0.56839481827045224,0.033169667018310513,-0.067684112534171753,0.15540590000320373,0.98552923201428044,-12.661729891945917,3.2342151574460067,-3.8008213565886955,0.233270062498966,0.1749535540557396,0.5772594752186589,1,4
-0.1868503340319021,0.9804020662540941,-0.062439900359228973,-0.98146768023217701,-0.18354663109781677,0.055062027499100878,0.042522292175238431,0.071571102390181468,0.99652869099229568,0.72772218431258084,22.005127029713258,-2.2277677086853203,,0.2988211685807227,0.1428571428571428,0,1
0.3882062510960213,0.9120943534231869,-0.13183245830792381,-0.90682649807071092,0.40355388809913051,0.12169618645168888,0.16419990562355,0.072305946184335002,0.98377347043900532,-5.6107884697757218,0.6830771516848908,-2.0380726689579727,0.3667749167019653,0.3861339467737001,0.5286168521462639,1,3
0.14487665992031773,0.9865690053694266,-0.075447670969445491,-0.98179416591970581,0.15280428651105851,0.11283202466443779,0.1228453058784202,0.057727356324600368,0.99074546840013888,-15.179510304925786,16.070172954107676,-5.3915340672369032,,0.08558726469531626,0.4166666666666667,0,2
-0.82292601249380126,0.53218441830543206,-0.1989284365644102,-0.54963290798593778,-0.83437186817705988,0.041560222011488797,-0.1438625886739599,0.14353860284826458,0.97913238383397105,-11.478914685406213,-4.0252811058533648,-2.7251512136317468,0.5535850761973414,0.3978511247726869,0.7298578199052133,1,5
-0.83174253749788674,-0.41884859484654624,-0.36437646179693101,0.49648966853099291,-0.85487162403068861,-0.15064035139735241,-0.24839959814492757,-0.30620313685886136,0.91898709382625821,0.98568901659422004,16.933955395366894,-1.9242456311977778,,0.486328194585361,0.3846153846153846,0,4
0.89950884415048382,-0.31088645298708856,-0.3069746775292192,0.39735555264611339,0.87423241579836097,0.27897356137932544,0.18163811295089774,-0.37291727838284633,0.90991224819054295,-11.850340375552816,-7.4693028962449395,-2.3058420350324087,,0.0856145303621374,0.4166666666666667,0,2
-0.74700727761231078,-0.60628831491745772,-0.27275374679148523,0.61896495953040642,-0.78398264102654558,0.047472070131444194,-0.24261596416511097,-0.13336302997304753,0.96091196067519169,1.5688163303359173,6.7535168992150663,-1.1967137747574392,,0.093863647392927,0.196078431372549,1,5
-0.95105623730771149,-0.15842043323983718,-0.26532056047392849,0.18581952763411808,-0.97920591371488774,-0.08140566132416141,-0.24690714171107023,-0.12672310317338775,0.96071750191936012,-10.866751720515062,14.822319516505461,-4.366726232223261,,0.2827538009808443,0.5391304347826087,0,4
0.1038431394600132,0.97463707975053027,-0.19824017040561615,-0.98811587206614893,0.12380816500245344,0.091096441476494039,0.11332972142400818,0.18642451838233268,0.97591099655033764,-27.353599288734134,-7.3041007953952537,-5.4956150103643964,,0.09692535650351612,0.3,0,1
0.74098492812332828,0.65363814039103396,-0.15394322888720638,-0.62937012652997271,0.7559191031832404,0.18022084583724868,0.23416784605430757,-0.036653661055865448,0.97150498146200437,-19.804731111613101,-10.745949128740399,-3.567646295740309,,0.2002053160481175,0.4074074074074074,0,4
-0.1218706985901519,0.98866688597746943,-0.087665964870987767,-0.97721005762788549,-0.10405226030737685,0.18502332392385162,0.17380459170014165,0.10821698432565385,0.97881614627436941,-12.266269070762728,25.743789725518379,-5.2902300818725942,,0.4664192245335382,0.9069767441860465,0,2
-0.87116094491619189,-0.42244858443850697,-0.25023149593652344,0.43641927597303254,-0.89974333449849608,-0.00038416754484002952,-0.22498182951496937,-0.10954052004363526,0.96818595882024028,-18.537158390029862,-10.166476946059978,-3.3448571683600652,,0.2261946030568256,0.4166666666666667,0,2
0.39280357020910783,-0.84118518026766531,-0.37163536931922175,0.91794483701553065,0.38304305774822994,0.10322447436251408,0.055521450156760993,-0.38168771058149348,0.92262227382799977,-18.241901947868264,3.4379285039987559,-4.8504278227285065,0.4324860383026473,0.4148017027404197,0.9617486338797814,1,2
0.82478042156732501,0.54490711707132122,-0.15104135183534756,-0.51737292579449701,0.83501584970821496,0.18727996793814206,0.22817211015825239,-0.076320144792126038,0.97062491398317252,-13.536834764245677,0.30978688518413461,-3.5489404270568863,,0.2336759528858348,0.1666666666666667,0,3
0.90466655485720371,-0.34926892519164315,-0.24410989823903712,0.38335023983676769,0.9172277223079206,0.10833235457109452,0.18606724091008403,-0.19158424602586488,0.96367756979957253,9.6827604469978095,-8.1517599724400451,2.2316995203762904,0.3877964701132913,0.3600028048745278,0.9939759036144579,1,5
0.97188925471736654,0.016131014153371346,-0.23488522079370014,0.02013488345068324,0.98830037340792953,0.15118517913530452,0.2345759216828294,-0.15166463761909185,0.96019371725840841,-3.5895883234334272,-9.4459543002088697,-0.35997495595082185,,0.1121345783560007,0.2692307692307692,1,5
-0.7716016350754713,0.62451564561321737,-0.12087648709805239,-0.62775476442966349,-0.77828764525474448,-0.013867118651057555,-0.10273690906736896,0.06518089925838158,0.9925706916321636,-15.044677602483612,-16.165201072018068,-2.0488275235500271,,0.2045613621931455,0.5294117647058824,0,2
-0.74685685959023085,-0.60899049315907805,-0.26708689695468163,0.62055171938151688,-0.78261962437353028,0.049214704287201323,-0.23899873400430577,-0.12898489363990068,0.96241493253016486,12.153966550828663,0.60455876780012185,1.6506704619054269,0.5114788565973378,0.4119500133044772,0.8421052631578947,1,5
-0.33752217696915804,0.92660434112971479,-0.16578050263395569,-0.94131414118344814,-0.33176952304641322,0.062102102908214447,0.0025431598587736855,0.1770123684297856,0.98420534125801717,-15.451235337925496,3.1228392601259864,-4.2838821541266467,,0.6226518482287544,0.1607142857142857,0,1
0.8726945663072081,0.47275952400553745,-0.12207631383660195,-0.43054393832696652,0.86300987204921842,0.26428370724563699,0.23029570362423218,-0.17807973834114296,0.95668777335375754,19.28052710109689,-13.607538151830104,5.0067156905678916,,0.4665570844453178,0.3225806451612903,0,5
0.97070765703927819,0.082431489343192541,-0.22568051340330306,-0.032963290258257553,0.97611279849943555,0.21474921676446293,0.23799173527806625,-0.20101953678750623,0.95023738074708008,-1.4348935833868546,-3.3615626072385605,-0.84062130542125235,,0.09234057433927498,0.4,0,5
0.15143194132491841,-0.90959711139042598,-0.3869127318876433,0.98712089224212818,0.11873303958922636,0.1072138489608865,-0.051582082603080517,-0.39816524240583334,0.91586228686098481,-18.892295183675312,-3.3464104012462452,-4.1759474338254687,,0.1732358580957838,0.8,0,1
0.9393280221835969,0.28079512153454617,-0.19702021841184894,-0.23693242380332727,0.9464558120717933,0.21928160512501718,0.24804413577291803,-0.15929687855674654,0.95556193477489693,-21.277740566424207,0.95924564642806798,-5.1481360684340967,1.023875560816575,0.6291051357970583,0.5641025641025641,1,1
0.13019630676945834,0.97337587932250391,-0.18864866619388865,-0.98322442872351035,0.15126693510459044,0.10192172047894481,0.12774444983997399,0.17221414546199082,0.97674133916706751,-7.8953082143606474,15.954572523589318,-3.7662761553731223,0.4633167145711449,0.4538240718833603,0.9661016949152542,1,5
0.41662990555252549,-0.81715480834556464,-0.39834349624038967,0.90886783768885726,0.38379745006255678,0.16327513876968666,0.019462153377126434,-0.43006689773011236,0.9025872190889489,-14.006060421008199,13.611319525609261,-4.9386696252498421,,0.1567846162460378,0.3157894736842105,0,1
0.19214083798806561,0.95928916307716905,-0.20699323655604782,-0.97226289320872716,0.21474002573673254,0.092690818509613637,0.13336703065840036,0.18344215150638463,0.97394158561182154,-4.2060814081230822,-6.4807669347424843,-0.95187061062654998,0.1635756519803972,0.1572888465623098,0.4787234042553192,1,5
-0.59164978381100108,-0.68737526101001079,-0.42126687962361381,0.77772240624957678,-0.62427860286544901,-0.073648386416352546,-0.21236382020901032,-0.37120274319539159,0.90394144241231256,-19.421741684154355,14.322723146036394,-6.1717300206426211,,0.667249469912723,0.6666666666666666,0,1
0.12917210496434872,0.96575442950699519,-0.22501766416594457,-0.98444152395039874,0.15215031909393639,0.087892925322975046,0.11911949135761139,0.21016341805183844,0.97038233933407525,-20.588767185835334,-0.046347107133777529,-4.8987326911281848,,0.09300404954673083,0.25,0,1
0.79838153534825429,0.56859593775781481,-0.1982059120719559,-0.55668606430434175,0.82244273855701133,0.11699815214004995,0.22953768715465275,0.016929304774707759,0.97315253111500377,-5.2226726016075835,16.669911369084062,-3.1842227908252321,0.1834286223064531,0.1428766554955797,0.75,1,4
-0.97218606932333795,-0.060730870422724827,-0.22619904507167266,0.054028667700623832,-0.99790066325833315,0.035709513229321782,-0.22789284692621214,0.022495058263488295,0.97342633140550949,-6.0161742409698498,8.9074558886583954,-2.9632221808430517,,0.07486096964634453,0.4146341463414634,0,3
0.78826156144415738,0.59559769256247697,-0.15461920761623399,-0.55887572645034567,0.79810600115342756,0.22513270155062637,0.25749103505601401,-0.091050532876738699,0.96198137577015719,-11.646476487966886,-16.810311375951631,-1.224659387670598,,0.3134584225785492,0.2916666666666667,1,4
0.34441595721368468,-0.85509136591996115,-0.38755180859559457,0.93881692537063932,0.31341208408443388,0.14281332636512406,-0.0006550222904902368,-0.41302738587046112,0.91071837000623423,4.4747172769015995,9.2225972219003953,-0.69784875156643256,,0.2743442212426296,0.4545454545454545,0,1
0.13425267455435688,-0.9253994460313103,-0.35441795194367259,0.98965350658472706,0.10693954654492553,0.095654954337561021,-0.050617746685891675,-0.36359290239182496,0.93018172689573586,-0.17590175967140412,22.582525140216045,-2.4175394004373914,,0.2458280012753151,0.7333333333333333,0,2
0.93515559308191376,0.24492611348617127,-0.25592033068940351,-0.17236506969265744,0.94577731792037234,0.27530991202133015,0.30947423071632285,-0.21334587842258937,0.92666565528384282,-13.353287940976749,-4.1842060425564798,-3.0403134693333493,,0.2100739632593952,0.1875,0,3
0.21833349684220496,-0.89717708089011095,-0.38393198575028242,0.97583442081828609,0.20427123061503338,0.077591542640039257,0.008812905474132585,-0.39159487977822194,0.92009552918628223,9.7384760378054871,-1.3851379192465445,1.2700247849788244,,0.7641045080815082,0.4409937888198758,0,2
-0.97075874665767137,-0.023593183918243832,-0.23889499253903973,0.01530378166249023,-0.99921665549548011,0.036494789316486198,-0.23956888373587823,0.031771639130328218,0.97035937306366993,-8.4653317278502751,-7.45595781012124,-1.583654118991157,,0.1067379049694894,0.3888888888888889,0,5
0.85269091373957118,-0.44000272913869071,-0.28163061619163493,0.49679683120191287,0.8497047081040795,0.17662054674782393,0.16158933793327482,-0.29051593308503082,0.9431274455183779,-24.316336034962895,17.751803001064467,-7.4036483645922857,,0.5130090956900414,0.631578947368421,0,1
-0.061029332693192016,0.98182727199088404,-0.17969593352650381,-0.99539399334720224,-0.046531964575476377,0.083818698874749228,0.07393387964480802,0.18398365212073758,0.98014478379114056,14.133761195109901,-7.4724660777013963,3.0950980393936032,0.5289524588334348,0.4888934592123835,0.975,1,5
-0.44519925698563667,0.87869828477670864,-0.17229900147681379,-0.89490991123050412,-0.4431920865630597,0.05212509174372764,-0.030559325268198725,0.17739813623133571,0.9836645916677087,-16.654448843410812,9.3333126536507613,-5.1436472579524359,0.8522709291677052,0.8352669822112466,0.985663082437276,1,5
-0.89520267371859641,-0.31603489504444982,-0.31421985628110904,0.36945980253251631,-0.92056965471609098,-0.12669240359442357,-0.24922204412874738,-0.22950698449097756,0.94085860616255612,-18.405112347917235,-0.33705345941330239,-4.4650714723879572,,0.1491028600696928,0.1578947368421053,0,1
0.55801059065094583,-0.67444045721054169,-0.48348138578338051,0.8275984109242478,0.49503278675252144,0.26461936867072339,0.060869129754270154,-0.54778883679540968,0.83439938837782546,17.108949169034027,-7.3047355430836687,3.7505029650935997,,0.5115463027529157,0.1304347826086956,0,1
-0.81014012876078501,0.58357659256876659,-0.055779318544479012,-0.5680339732050288,-0.80495017071736108,-0.17144278330393448,-0.14494956728589195,-0.10720813060546748,0.98361376549726742,11.216806797520697,-0.14048139480271438,1.5194721309617754,,0.4568855199268038,0.2435897435897436,0,1
-0.79905976571080595,0.56209753809518492,-0.21342410475277829,-0.58455464711957239,-0.80935148731166495,0.056973981055469775,-0.1407101821230603,0.17028366819436644,0.97529693785696203,-9.3899532860373736,13.69347054233033,-3.9621546525790334,,0.07529684859306915,0.4642857142857143,0,2
-0.5996164390965073,0.78048708189596061,-0.17691817588577893,-0.79670219032419254,-0.60306348791874231,0.039749836124363995,-0.075668658623351898,0.16478575342792176,0.9834225488412055,-9.98709214492286,-6.6199845079822541,-2.0239627635430515,0.2699584120189192,0.2659809392516183,0.3902439024390244,1,7
-0.13307356199432893,-0.94179605345587802,-0.30872580195551358,0.98381402434291776,-0.16323921820585091,0.073911590063644839,-0.12000580237778179,-0.29389309507791439,0.94827498968452661,-5.009776931982838,25.785405962662473,-3.7023346766046017,,0.2425858091625714,0.1818181818181818,0,1
-0.45152409727421727,0.88500641075614217,-0.11353256141404935,-0.89215618042398137,-0.44973334965676398,0.042394149806316936,-0.01354028478270591,0.12043075656591445,0.99262938378881649,-12.158863183811697,-2.9475254159587294,-2.9661274082969737,,0.2353883429543403,0.125,0,3
-0.79637030233438921,0.58310292583084034,-0.1605780789751417,-0.59112229929457072,-0.80657740001149725,0.0027064861708043066,-0.12794048943369396,0.097076648470198243,0.98701943014575966,-0.25383068566927058,-2.1741909167607183,-0.78466936877781079,,0.3881649552049298,0.287037037037037,1,5
0.95068737432985662,-0.12640981128636855,-0.2832208959458109,0.17145440059990519,0.97515362491742463,0.14028113317668231,0.25845097176201581,-0.18192297111951419,0.9487397576650396,-10.844976323744044,-12.088937156202734,-1.5420556453024252,,0.1350685582971281,0.1875,0,5
-0.92156097479811738,0.35468435447025604,-0.15787456547259782,-0.33316896680479885,-0.93127262013216716,-0.14741013041982906,-0.19930832719022681,-0.083248517621553317,0.97639432353247912,-7.0993293525481462,-10.95704364695095,-0.91666302143276779,,0.1267855112727474,0.2142857142857143,0,4
-0.61443733751593788,-0.72530560135750111,-0.3104811474240568,0.75877198977209126,-0.65106900647064803,0.019344672409325584,-0.21617545143615724,-0.22369830900736964,0.95038268120984648,-22.585068552742566,16.530752207388687,-6.9019086459353582,,0.6537082679318664,0.1864406779661017,0,1
0.00600371152936647,0.99671921076457737,0.080714127268476613,-0.99588817978669453,-0.0013365390451121621,0.090581162636205373,0.09039186251548291,-0.080926068458937184,0.99261285637189023,-16.801960835224424,-3.2957487344640626,-3.774029289383932,,0.1058523262199716,1,0,1
-0.88382873520561234,0.42382451587028447,-0.19803925512929715,-0.43443485601076876,-0.90063118741626358,0.011393863965907297,-0.1735313306228887,0.096105379664668769,0.98012786578678568,-11.765385019396801,12.414922041356876,-4.4372838951633673,0.6992883539305124,0.3978509361469144,0.2615384615384616,1,3
-0.96792567259464157,0.098954695478946489,-0.2309282585022443,-0.11464853794117563,-0.99185304765661653,0.05552697184461132,-0.22355224239573435,0.080221568776423322,0.97138503942715115,0.91048634464270883,4.8525557257724197,-1.2138997310802637,0.4936051969836279,0.4910161678765806,0.8932842686292548,1,1
-0.73846059512544715,0.6640032336388324,-0.11736973700296598,-0.66694099463375389,-0.74489505297669723,-0.017918418674171877,-0.099326024404029933,0.065046643018824318,0.99292662121028463,-8.4876943085149019,-11.340032630532578,-1.1837072123782471,,0.1471115340841942,0.1363636363636364,0,3
-0.7389960478510641,-0.60392943873357197,-0.29858679523961001,0.63246215330048194,-0.77459004171395518,0.0013754708615420234,-0.23211304552529116,-0.18782837993371987,0.95438149279439011,2.3104471730782055,-15.562411199064764,1.5899906021412618,0.80286344110692,0.3707032285207286,0.5333333333333333,1,2
0.12398352357891382,0.98913529611800066,-0.078990201003109176,-0.96665223780839515,0.13837396964999987,0.21549036095222859,0.22407930966730921,0.049638800316441217,0.97330593981654401,-17.535301239950936,14.739761865100231,-5.7960221115372708,0.7804055510057224,0.4198833275815128,0.3333333333333333,1,2
0.54684336822559321,-0.7202440425891421,-0.42686162833234242,0.83057099343796259,0.53088528249844058,0.16826360772914425,0.10542369509348742,-0.44655272470493501,0.88852490599388068,12.382585578228101,-13.020883291600921,3.4211760344775475,0.9245965671983452,0.4512464255434375,0.3636363636363636,1,4
-0.046082409070944456,-0.88203880961559689,-0.46891784984804974,0.99384881126587454,-0.087804011646597346,0.067490709613780148,-0.10070229351720618,-0.4629233131639236,0.88065944280959674,-12.487897398296496,-14.622919634363557,-1.6552569869092117,,0.7707294858747974,0.125,0,2
-0.84779093038945252,-0.47053064694219005,-0.24464555715882177,0.479388801393686,-0.87722021928241056,0.025904902633365742,-0.22679707989238115,-0.095318398907468765,0.96926646871848665,-0.92800496213661432,1.5827019298326854,-1.2449452005584583,0.4482818315555149,0.4450479324832166,0.6997549019607843,1,4
-0.9718863252661879,0.0525920720013218,-0.22950173141654651,-0.040431230266906711,-0.99753363622945623,-0.057375606401527002,-0.23195319868389228,-0.046483529915943039,0.97161566221776374,18.122228627584466,-4.0387803822563111,3.6308066940201593,,0.2548680011446591,0.1739130434782609,0,4
-0.94436828972313547,-0.19614999274255104,-0.26399566987452466,0.21048740911094271,-0.97722712546379986,-0.026873702080713109,-0.25271245313827445,-0.080946436640888395,0.96414941291481338,-1.792143120874834,-8.696161119341145,-0.064014957963404437,0.1971523297712416,0.1898737992305467,0.2558139534883721,1,4
-0.76787307911138902,-0.57882197307721106,-0.2744741478882825,0.59301193532585961,-0.8043342280805218,0.037192661899752275,-0.24229688181458892,-0.13420720182283497,0.96087493881452213,17.269998983359677,-0.33631967837425614,3.0168342488730198,0.2487510523731319,0.1167813175636592,0.2857142857142857,1,4
0.92927153716881528,0.28906601429160522,-0.22998967278874191,-0.21760081082468197,0.93148190641319739,0.29153275142473478,0.2985034293544182,-0.22086714877138389,0.92850062210924278,-29.467615114814798,19.251875554321625,-8.6713895117125812,,0.2373077234836078,0.1818181818181818,0,2
-0.31588152833330263,-0.86407287673267019,-0.39191443422352462,0.93542060939090466,-0.35273796220195108,0.023753179752706664,-0.1587675772460061,-0.35910164816740014,0.91969498351295309,10.217854291456884,1.5996742310876242,1.0195650611490861,0.1744141017819149,0.07738775137444699,0.1333333333333333,1,3
-0.4823600500788659,0.85673393667950459,-0.18258078713148324,-0.87478030173392385,-0.48199681561480057,0.049381104032785228,-0.045696890334230397,0.18353754787190021,0.98194997975199871,13.015149010243189,0.27384676479620318,1.8941657605844524,,0.1075880915255149,0.2857142857142857,0,2
0.92704082933133458,0.35067500967421628,-0.13274915571355231,-0.2803849342127005,0.8833807680500434,0.37552990201295028,0.24895700315358127,-0.31091068850926423,0.91725402934600631,1.0716261568267857,-5.5008804774333608,0.039390740799316572,0.559032456220168,0.6143771770504264,0.3333333333333333,1,1
0.9678416995682908,0.14773138278203032,-0.20361208981313489,-0.074125181990710526,0.94094035063716186,0.33035846279104025,0.24039114370460263,-0.3046419128815408,0.92163192378751135,-11.251231935363677,2.6245357608811313,-3.3964071457727414,,0.2229330290752874,0.32,0,1
-0.81517094237247345,0.55961603914008351,-0.14941962203385153,-0.56029427204195048,-0.82725115394412585,-0.041543435282771768,-0.1468559274546159,0.04985395706739322,0.98790076401234139,-15.438579912470729,-6.2272984436280394,-3.1512727030573617,,0.2805819275396156,0.303030303030303,0,1
0.19123624214358823,-0.89066490215252625,-0.41248603826606145,0.98083269708631082,0.15740799829902458,0.11484747449503836,-0.037362013023832553,-0.4265427928650608,0.90369537225642682,1.4430385734362203,-3.4905435467335106,-0.269264019897551,0.3531426612345499,0.3589593958241929,0.3214285714285715,1,4
0.55365907705493578,-0.75966587028637611,-0.34112958229494056,0.82383430149188652,0.55943045279297021,0.091294097143401587,0.12148526692588413,-0.33158005671315044,0.93557254978438287,-1.6152865208961866,9.4891881502144599,-1.9892102224690118,0.2298854240168829,0.260885035546908,0.1411764705882353,1,3
0.67777556598871569,-0.67596428496436434,-0.28929667748056076,0.7297161413352542,0.6666662059779771,0.15188983798041461,0.0901922126542158,-0.31405167609733414,0.94511211478691337,5.8780930164940299,-11.14183488300913,1.8345218369157759,,0.1089667571611058,0.3809523809523809,0,5
-0.017795808575209009,-0.85061541746559477,-0.52548712711824386,0.99548794850899769,-0.064067071673838683,0.069993961885902789,-0.093204364546412274,-0.5218705029956856,0.84791752224643191,-4.0112899951743071,-21.491046375957414,0.9062203603602389,,0.1366077740562646,0.1111111111111111,0,1
0.7400798179029151,0.64108123324392119,-0.20321593322188877,-0.63045214467525024,0.76654775803625841,0.12220731534554335,0.23411953444163439,0.037674753244588299,0.97147756359104531,16.426139325446968,3.5102763634522973,2.316111278456638,,0.141915559062446,0.5833333333333334,1,3
-0.82932769563179731,0.53712588638853875,-0.15398491948688081,-0.5376056050465009,-0.84214372149023076,-0.042120847298833232,-0.15230163059087731,0.047851170580381165,0.98717499907232686,-9.6878120287764169,-2.220890017946124,-2.5655682919997091,,0.1833689838555838,0.2876712328767123,0,1
-0.29754806733795436,0.93768163444593655,-0.1794945682917603,-0.95463454428048755,-0.29453347811704844,0.043851079059247504,-0.011748808017597019,0.18439951922679035,0.98278114695953256,9.895220928903651,6.997845589836734,0.65458850226896004,0.3470530026894852,0.2247335112776471,0.3225806451612903,1,4
0.60944878621876886,0.75969216536934925,-0.22680385987213386,-0.76301812922342971,0.639726951551152,0.092481143675058858,0.21534974217037428,0.11669293609940028,0.96953970894010022,-11.171508161581485,10.283959479574353,-4.1124774892816642,,0.07610076892285343,0.3243243243243243,0,1
-0.96586739580718972,-0.078299344770230539,-0.2469197973536959,0.084920883279724718,-0.99625493037456825,-0.016265217101408495,-0.2447215096791229,-0.036678690174502405,0.96889940467906888,-10.167319528711339,8.8981754415722243,-3.828234908262687,,0.4100611646497212,0.3113207547169811,0,3
-0.10018622675064862,0.98647106640844429,-0.12975960507205167,-0.99384258379434831,-0.093015039506802288,0.060208978255091687,0.047324820194499219,0.13499273152483141,0.98971577931698329,25.363261439664754,-19.12175315493883,7.1165278397384073,0.5468995859386366,0.4684724132618315,0.7352941176470589,1,2
0.88787999530052542,-0.30787967556857077,-0.34187602916398058,0.4248674458155498,0.83378884531911102,0.3525390969915177,0.17651279679193266,-0.45826440707654292,0.87111248744090142,2.4142400737146299,9.0660316674759187,-1.1554297907220747,0.8860183668672154,0.5390543414477378,0.1372549019607843,1,1
-0.030393740957004707,0.99935099381645776,-0.019334209802767392,-0.98661170264610198,-0.026894287917565079,0.16085411240987071,0.16022973729117423,0.023964315877279849,0.98678880357051879,14.706928431126153,15.676583164428749,1.1400011879136398,,0.3064754611019948,0.25,0,2
