axis_00,axis_01,axis_02,axis_10,axis_11,axis_12,axis_20,axis_21,axis_22,location_x,location_y,location_z,dbh,dbh_approximation,score,reconstructed,number_clusters
-0.51404496132553457,0.85255972897042709,-0.094338148559857019,-0.83869314362542324,-0.52262964791426425,-0.15314066069048141,-0.17986547353935062,0.00039957337746337996,0.98369113636831196,-8.373259022898937,-22.921086711708387,-2.6490986505505871,,0.3391123568517818,0.1764705882352941,0,5
-0.92212176675683943,0.26094082031606591,-0.28565947484027865,-0.24868581969941553,-0.96535301820630037,-0.079050068440300311,-0.29638962592114282,-0.0018543281168595567,0.95506531248577986,-15.359636792474424,8.1496028135754877,-6.1230950770024402,0.2833857289558263,0.2624246463452962,0.8113207547169812,1,5
0.88009300058234929,0.37303156979850083,-0.29374097136699101,-0.381918868384588,0.92374671009222886,0.028809608911262378,0.28208914955700254,0.086830084230353932,0.95545080887231293,-0.044449047551709163,2.3497832299570285,-1.2409908868655004,0.8145115029714292,0.5352789327202632,0.996231884057971,1,6
-0.33881077799460196,-0.88152055617282288,-0.32882938700707592,0.93265215278613478,-0.36072588679878231,0.0060660115908174397,-0.1239645861449156,-0.30462820558508541,0.94436986278890245,-3.0138272882322146,3.294583111196145,-2.1679998930738575,,0.1508273936319017,0.6207407407407407,1,5
0.094761607003844742,-0.80689934893875181,-0.5830383165112456,0.99515673496786661,0.092161077826795584,0.034196616527062455,0.026140212052401923,-0.58345503375669139,0.81172465337565913,-18.224736290215194,-2.6462073032604714,-6.4441886727125555,,0.1276627612423153,0.1,0,1
0.12774754492315521,-0.91884746875619983,-0.37336295200037062,0.99145261278410923,0.1283664182979192,0.02331907495863729,0.026500591873945628,-0.37315062885340033,0.92739221843653741,19.344997185993527,-6.3488367080405235,5.211128340530661,0.5876913662090962,0.5327120974634599,0.5113636363636364,1,5
0.42978795764673211,-0.80880442424858245,-0.40139471194544829,0.89476978860229384,0.4411362765298088,0.069179555751836791,0.12111703788673324,-0.38888840153099774,0.91328882303913506,-15.258096025223532,-2.5275870840177443,-5.5734669707049012,,0.3310075706940546,0.2424242424242424,0,3
-0.83549559605126222,0.47892009406911296,-0.26941167843242669,-0.48079396357352056,-0.87452606941713595,-0.063571365417757389,-0.26605314050055795,0.076417912865019366,0.96092456989253017,-14.125847538443271,-0.17796933379319668,-5.3538607878846518,,0.07914908507888496,0.2758620689655172,0,1
-0.29541176080352766,-0.88492313940469092,-0.36005961857045915,0.95104050639500426,-0.30822801153972951,-0.022747485535708711,-0.090850683953903943,-0.34915115673359826,0.93265193023801607,12.178283450126747,-8.2802373884054035,2.9708684667229805,,0.09437146050306541,0.4705882352941176,0,4
0.95114931185503016,-0.050476672708235804,-0.30457690665906978,0.11231123244479671,0.97552142432033984,0.1890612010930475,0.28757811742973927,-0.21403283907924145,0.93353562876370511,-27.851926627069258,-16.099759901872645,-8.8117224069635824,,0.3010406817963704,0.2857142857142857,0,2
0.86577392908064488,0.45301031960370197,-0.21264325537579357,-0.44414522380888005,0.89136167476995709,0.090605656109636695,0.23058734547243256,0.016000471363360753,0.97292006918560792,18.305893360343614,-6.8894095804714643,4.9461362838575536,,0.1979190465244718,0.2941176470588235,0,5
-0.55027336621634748,-0.7075916657545348,-0.44329815811443585,0.81774652006969328,-0.56401244350923707,-0.1148067614761662,-0.16878936976846315,-0.4256806292532721,0.88899164817882437,11.150537623730509,-8.1884208458060783,2.5816672274868933,,0.1160632787046942,0.4444444444444444,0,4
-0.18399732513236927,0.96798437129343584,-0.17073734587308162,-0.98133343356854918,-0.190792838877682,-0.024140936053851866,-0.055943511730088831,0.16310839820391176,0.98502079872998571,26.386808967702066,-11.53780529260205,7.6140575911847774,,0.372146024484406,0.1428571428571428,0,6
0.48292773117533966,0.83766991311374073,-0.25512726848743117,-0.8592503682190793,0.50945913483327676,0.046262237843692551,0.16872940223095684,0.19687688182960461,0.96580012540061133,4.6539849004423166,-23.172180205820624,1.3289673644688329,0.2816017188963794,0.279819838957326,0.8723404255319149,1,5
0.10045403989337676,-0.93008941482138352,-0.35333081709117192,0.99455318195993425,0.10379303512787046,0.0095380350341817341,0.027802052486615228,-0.35236442257435685,0.93544981670925076,-1.8083482993713251,20.123052468515485,-2.1101252153682655,0.2902685045696624,0.2420703377593416,0.7142857142857143,1,5
-0.86675119076079588,-0.37346292981251022,-0.33055682320986446,0.41721053107410427,-0.90608943268413522,-0.070266014110697078,-0.27327229291606797,-0.19881493916201798,0.94116676199831717,12.538237148875407,-20.601007609297859,3.4319043521950259,,0.1657249849898744,0.6153846153846154,0,3
-0.065095523635350358,0.98530235814957945,-0.15792984463842524,-0.99751699368076185,-0.068514660343860584,-0.01629689038006878,-0.026877874185547351,0.15647684922327323,0.98731584385971571,17.056482823537262,-18.120710946526348,4.8628289323940566,,0.4410784899956876,0.5555555555555556,0,5
0.20932293989294171,-0.91744602609918358,-0.33834404979161653,0.97579720282659577,0.21837143714228638,0.011564358875598445,0.063275001306734052,-0.33257586297749919,0.9409514172232295,10.254412289565821,-4.2065894864428177,2.1404262469626576,,0.0694539036831945,0.2,0,5
0.93935973021545505,0.17679521331565562,-0.29384817474032049,-0.10022312016162029,0.96098766820971004,0.25779454558607762,0.32796131392988331,-0.21271143386648184,0.92043208465798743,-3.2944964548115347,14.384878441250065,-2.424920663953384,0.4840289982093039,0.3862278468736582,0.4790419161676647,1,3
0.96141546806219425,0.0056988645323294146,-0.27504148907718351,0.043771213567383428,0.98388014667025037,0.17338955519570884,0.27159598420004438,-0.17873830012386657,0.94566814551154277,13.069271203271381,-10.974964807708067,3.3535074306350157,,0.1560627845931739,0.1923076923076923,0,6
-0.88578570875990381,0.40029846415153103,-0.23482933750841262,-0.36346744118795782,-0.91299164019116219,-0.18530430145393073,-0.28857424928949044,-0.078787083579582987,0.95421040557522252,-8.2827202131252786,-33.377960645262199,-2.2494406388973913,,0.4152833930757018,0.12,0,4
0.56682301828700676,0.77111844832949605,-0.28997931751405481,-0.80272063430362228,0.59613581556142559,0.016176299580048344,0.18534089997406661,0.22360328273713578,0.95689619225179201,-19.150549953263742,24.809913462413192,-7.2960051487306776,,0.2807560070087172,0.71875,0,1
0.45031579831085244,-0.81175906413674948,-0.37183720037603479,0.88170955029043074,0.4699286053221538,0.041897193541107838,0.14072651036071834,-0.34671937888125476,0.92735199443894589,-11.053511494941509,20.760918355789247,-4.9592867762689217,,0.09242976863140664,0.2857142857142857,0,1
0.94940943934752875,0.076141912018320781,-0.30467051992604394,-0.023507523193609398,0.98467095702322949,0.17283085010570279,0.31315988381514237,-0.15692519118724155,0.93664580901199523,-2.2509762395502273,11.013106836658022,-2.0826132448704788,,0.2225572587798378,0.1842105263157895,0,4
-0.72445700510321831,-0.59416713866520798,-0.3494673934536312,0.64793022151917457,-0.75998750254259118,-0.051043354329319703,-0.23526256778116786,-0.26340920126198114,0.93555711578264256,-26.007759730375813,-9.402000681747996,-8.4566836344561178,,0.07475760939763443,0.25,0,1
0.48086804071044109,0.86251322000499342,-0.15759718506344064,-0.86243702997540683,0.49768413395022432,0.092265227152027382,0.15801359672667889,0.09155024921229904,0.98318373416094773,-7.8169580826986671,17.904010245170493,-3.9152577048502404,,0.1118800712844593,0.3125,0,1
-0.62638943824346227,-0.63304295252398179,-0.45485480311497151,0.75227814169334617,-0.64380841275580658,-0.13995829805786533,-0.20423973459502226,-0.42984572572560115,0.87949916593933486,0.18917501124606809,19.418194900465981,-1.4353929150752289,,0.20723753614887,0.1666666666666667,0,1
-0.92075231720512252,-0.21159516280725532,-0.32778446796327659,0.25772558581137084,-0.96062161496352449,-0.1038442838246546,-0.2929038968323619,-0.18009330898576106,0.93902806522434445,14.076887948005682,24.562494187605466,3.0635877415982495,0.4425460049874707,0.3250967575674578,0.4090909090909091,1,4
-0.85662486291360662,-0.40055126424938198,-0.32519613919366774,0.43604179796573622,-0.8989772161151186,-0.041322092550114979,-0.27579230349132938,-0.17719664109156821,0.94474332795781812,7.5809382049014067,4.2800937858849064,0.92895526028202258,0.2701464294059563,0.123208834051041,0.5,1,4
-0.91419083391086442,0.3230813214071791,-0.24469078231749899,-0.28114073161747322,-0.94040501419497602,-0.19130681718783257,-0.29191609790991385,-0.10609839317698433,0.9505409632132179,8.3308629861004349,-0.31579171063952743,1.2585035366326021,,0.6506505519010093,0.2777777777777778,0,2
0.3946128058630704,-0.81711540001670024,-0.42024178338716128,0.91061451894710055,0.4088656719715843,0.060083776229230848,0.12272706030706693,-0.40638809694523736,0.90542077694827239,13.041467737073072,6.3481420476791692,2.6181616884115697,,0.1423867646862161,0.3809523809523809,0,1
-0.3799066040158266,-0.83677080452603303,-0.39431661506715304,0.91605536778102259,-0.39954709776188879,-0.034708497945412108,-0.12850500139970022,-0.37440183942244065,0.91831896814361613,-14.168405127429111,-4.9701852312815875,-5.1171700331126493,,0.1159626226183453,0.3939393939393939,0,3
0.22603828121210021,0.94977801714484122,-0.21639873746187754,-0.9708982844287315,0.2377097312958496,0.029165132274718088,0.079140487236472712,0.20350872658357952,0.97586934652355228,-13.141326732800941,-2.3744470419184234,-4.9731564350899111,,0.1001405193897695,0.2549019607843137,0,3
0.48827397380243925,-0.73012313749412383,-0.47802586813153936,0.85977882669033312,0.49633879381375762,0.12011732152565786,0.14956234714047889,-0.46964668193360098,0.87009372970191556,-11.838789678691176,-6.6386665103781404,-4.3606073087766495,0.1403719900493969,0.08609657257727057,0.35,1,4
0.80426367608661209,0.55358445623275654,-0.21611152015830493,-0.54238540251832401,0.8323951533691174,0.1137382248087254,0.24285389530062237,0.025740211053678026,0.96972131412701645,13.494758654546404,-4.6168669204974133,3.1754618014995288,0.42010072866665,0.20097334394195,0.25,1,5
-0.24563187663235722,0.93667506858232874,-0.24960928884629982,-0.96648011259397404,-0.25648791801571358,-0.011407886408229737,-0.074707249597378358,0.23844027304181145,0.96827943438314379,-9.2697195716162692,20.47587665367908,-4.4068494375252278,,0.1023237579959118,0.2333333333333333,0,2
-0.1275459742351458,-0.92678961373163471,-0.35326057851899362,0.99080305806313484,-0.13528257645853387,-0.002815073618937469,-0.045181020231360509,-0.35037071279704229,0.93552073147789983,-16.377674020861903,-0.5484369475461649,-6.0193886077203835,,0.08269139454438168,0.2272727272727273,0,1
0.75981186301871595,0.63722204326661769,-0.12897286687960069,-0.60598579000953567,0.76599297410034739,0.21455998213884545,0.23551466010111774,-0.084869495132349218,0.96815805201084471,-12.792453643929136,-24.230049149647868,-3.8832137103884832,,0.4734748375074792,0.3333333333333333,0,2
0.81384407328343822,-0.47426041066144548,-0.33576016330210745,0.52071799551235665,0.85167575936925088,0.059170685752341544,0.25789647832224133,-0.22299207111923491,0.94008719951233177,14.658665595075705,-8.5766749072052839,3.7615718560834086,0.1040563448742632,0.08832633505710952,0.40625,1,5
-0.2994505696896288,0.93301881582853652,-0.1995125199642189,-0.94990086716377942,-0.31116247897979882,-0.029432197278600955,-0.089541604151685078,0.18070362748174773,0.97945316383218717,15.478074578360584,2.7083135602247741,3.4349574244956593,0.2124145335003422,0.2098897498517474,0.4545454545454545,1,5
-0.93333563816763676,-0.13903999407098722,-0.33098710937882631,0.19664760198744058,-0.96934350132877012,-0.14731903157525361,-0.30035696622319302,-0.20258592369762826,0.93206471683074643,-12.970694889982751,32.37323258902456,-5.4303042494778255,,0.1444404255194756,0.4347826086956522,0,1
-0.2327696821400046,0.97063794067887388,-0.060665172802164782,-0.9697156927766396,-0.23638733103435547,-0.061420720519837865,-0.073957759965829747,0.044531088479052842,0.99626664698749601,-18.614716243132673,-5.5195777822745296,-6.553142649953168,,0.1311516630871999,0.36,0,2
-0.59681593110842013,0.78547384887254668,-0.16383399254286332,-0.77869366793813144,-0.61624079533312315,-0.11782806830402026,-0.19351205618319139,0.057254824290580361,0.97942583650177739,-1.2115196382962905,12.437281006838401,-1.7691574683002689,,0.08772488145110739,0.25,0,3
0.90187859203719145,0.31547422501504097,-0.29511187467835215,-0.31870084109121932,0.94707499703019216,0.038454179070811743,0.29162438017552877,0.059371401797667638,0.95468856573011174,-8.771765225079486,-13.253939726729078,-3.2227128680146322,0.2603175056486727,0.1914466861458702,0.8666666666666667,1,5
0.10685189750757408,0.98989174521311518,-0.093257732966035345,-0.99387140917427763,0.10900968466596293,0.018344227292617178,0.028324795232564919,0.090726078984825556,0.99547299539820411,10.510405855203564,-16.880512097951353,2.7786878575215024,,0.27643335496979,0.4137931034482759,0,4
-0.22320795691514345,-0.88056664939888085,-0.41806767865525701,0.971819352582733,-0.2343763836036894,-0.025196363914915726,-0.075798112875216248,-0.41191028971765681,0.90806638485810676,-23.1873075147893,-7.7867202551275465,-7.7117147036052094,,0.360508212476802,0.1818181818181818,0,1
0.95212660821635509,0.1060330449435252,-0.28672620268545895,-0.085218119990762162,0.99280144348193078,0.084161546120741518,0.2935860929125535,-0.05569817950524094,0.95430860776173598,-18.212229295750973,19.704605921325985,-7.1149986408975163,0.4329017098634041,0.3600475959557112,0.8373983739837398,1,4
-0.087867266317117887,-0.92256775222932985,-0.37569680070035,0.99553466345210795,-0.094390889848140078,-0.0010458388855359465,-0.034497498101382452,-0.37411108304913676,0.92674204618358991,-18.555444833873587,-27.51004480247769,-5.4548620450292242,0.3394386235790132,0.4364346518578413,0.8048780487804879,1,3
0.54909242485695686,0.82087710404083392,-0.15702958009955439,-0.81934171008048662,0.56577843157579011,0.092595510074861234,0.16485348369716665,0.077817391534117292,0.9832435011164502,9.3882610664957991,-15.513243326567357,2.4706536028241111,,0.4758395234839856,0.8497109826589595,0,6
-0.37652723288156997,-0.81622005499161809,-0.43819181271222857,0.91800862249859216,-0.3922772557777302,-0.058126789157249829,-0.12444843075260542,-0.42415018145578365,0.89700011797894452,1.6787103049094509,-4.9404181521737245,-0.45420221290472285,,0.08055952751056704,0.2784810126582278,0,5
0.92071838822129515,0.19146761382287472,-0.34002617906295751,-0.10701993903366637,0.96183835024769004,0.25182081058171413,0.37526574882396369,-0.19546646988620767,0.90607310792772855,-16.297198493423302,6.5200616398928126,-6.342029232670539,,0.3318705651586924,0.5,0,2
0.61416176988040416,-0.68222979540843809,-0.39669613897078571,0.7664764194603656,0.63536054713051804,0.093972727752391072,0.18793408107255596,-0.36177269300897746,0.91312720897169908,-16.052123455757069,1.3761014975856705,-6.0109782524765532,,0.1849307782980116,0.5142857142857142,0,4
0.86173909211361155,-0.34911844747684112,-0.36813319159587904,0.42327266033212696,0.8947631360425069,0.14226449098331417,0.27972485077048809,-0.27841558866331068,0.91882466654454265,-10.816827783692299,12.483781227205073,-4.8184056760367184,0.4865949449146396,0.5182744597533814,0.5241379310344828,1,4
-0.73759373717566501,-0.55887251797594439,-0.37896831995625169,0.6311853162495118,-0.77005111462926679,-0.092878293530984091,-0.23991785142052222,-0.30770568650814989,0.92073700645749457,-11.569383461108499,-18.418941389227868,-3.8053335089997322,,0.09446150498659246,0.2666666666666667,0,3
0.30831158071597886,0.94998626904300687,-0.049699676318489656,-0.94545348449746103,0.31177917270701738,0.094400509096811289,0.10517451139902537,0.017883961973680942,0.99429295786307392,10.889877485604593,5.5676360355333996,1.9031250476157939,,0.1969108914850294,0.3829787234042553,0,4
-0.16405338347908111,-0.92615404108935029,-0.33959561178397452,0.9847010925935723,-0.17425135987138912,-0.00047098619585133326,-0.058738791391128843,-0.33447743684266368,0.9405714213333678,3.6815479831490583,-22.102765184167552,0.96157785267869234,0.2174290860198669,0.1857450740849927,0.5625,1,5
-0.93799600798422522,0.19247165032647826,-0.28830219011700081,-0.14042053080031169,-0.97137019067594899,-0.19162992249627647,-0.31693148082103828,-0.13926455574471211,0.938168332431772,-9.0747975159953747,-18.233297418900367,-3.0506573090470601,,0.2403146165402994,0.4,0,3
-0.10558694380762977,0.97571277204591356,-0.19192702718440449,-0.99409313597824034,-0.10844118308143626,-0.0043985012044749387,-0.025104467696245365,0.19032891603321092,0.98139934248159699,-15.026044416981202,-3.7364385275775436,-5.5025484383906056,,0.3206326006292822,0.5142857142857142,0,3
0.88607727486395582,0.36923153694741434,-0.28024120877043651,-0.37160254759254696,0.92721631798074922,0.046705955647546975,0.27708953353094007,0.062753261219413797,0.9587926880269444,7.4201248809487659,15.316152730787188,0.82164170531936254,,0.09200374642110971,0.32,0,5
-0.5247434545424654,0.81451720806356676,-0.24739851390655285,-0.82838964213624977,-0.55551884470914559,-0.071898636804817853,-0.19599721354196445,0.16721402734623519,0.9662424961377124,-0.92171837076185004,25.149330543984362,-1.8543333297455755,0.3422133765519278,0.2559764211055479,0.2222222222222222,1,4
0.4899639515790441,-0.8087013963790719,-0.32548022620059075,0.85802344184601209,0.51335740290636789,0.016122968831834679,0.15404901621163142,-0.28716933745748086,0.9454113772472067,7.0479925902367668,-3.6548495481041221,1.0817372430356438,0.1744022634665524,0.1378989273228092,0.4886363636363636,1,5
0.72281762137837391,0.67174732165748419,-0.16214259795287228,-0.65161901219628737,0.7406719974119359,0.16369989369009405,0.23005944703324988,-0.012669968263976091,0.97309409757481613,-11.331240447874283,24.660269971393266,-4.962959855841885,,0.2553949874280892,0.1428571428571428,0,2
0.38500806805049598,0.89811615775582454,-0.21249977579738999,-0.91394864452750679,0.40303832010110596,0.047518288020642452,0.12832249491947559,0.17591895778452896,0.97600504998163184,-1.2486850969184529,21.483822703636644,-1.9274053087814476,,0.3465921571466214,0.2857142857142857,0,5
0.80637203666189017,0.54550163387459838,-0.22845591681963304,-0.52631741643440166,0.83809739327011212,0.14346684826697606,0.26972970850014255,0.0045526732791580588,0.96292531253386493,-6.58823077396959,-8.7612042204457214,-2.7940439567548569,0.5546901769343989,0.2596362000428368,0.2978723404255319,1,5
0.8423733977761384,-0.39662578108241148,-0.36482194081476527,0.46488022984273869,0.87724660569671198,0.11968610903091829,0.27256821278433685,-0.27041890202862195,0.92335268819947036,-20.834264895561219,-13.39860237363877,-6.8044387239167712,0.536442632153795,0.4707873335069437,0.8253968253968254,1,3
-0.94068894401690806,-0.13924223557555646,-0.30937988046457687,0.17180704117904616,-0.98183639698327352,-0.080496149971320763,-0.29255196325722393,-0.12887548017689429,0.94752543997695338,6.2995733489585071,-39.894109974427941,2.2296776219558634,0.4737933438684568,0.3314816904196995,0.8571428571428571,1,4
-0.60086785438204593,-0.64293319056169407,-0.47496814003096888,0.77313318919615837,-0.61836626918131155,-0.14102563207503702,-0.20303421714995379,-0.45195140182650961,0.86862940144422884,-12.482499420633575,13.727798217841903,-5.4025494068766395,,0.1428522194344223,0.3333333333333333,0,2
0.92517640241315546,0.27405075244251165,-0.26257343640121894,-0.23214298284924628,0.9559273396386998,0.17975693823920358,0.30026365070002431,-0.10535229668579421,0.94802037617939561,-4.9076535584233962,10.030352454075922,-2.9533357897614345,0.2359064773395088,0.1880167103834066,0.4518828451882845,1,5
0.87372573658527286,-0.34133402518856981,-0.34654641893560156,0.39775411173553515,0.91145391498030703,0.10508771319495334,0.27999107811856444,-0.22965810265618358,0.93212775522369462,5.6906225747452917,7.5448730422412753,0.23897950144418148,0.3305859727654778,0.2867187085355629,0.7465753424657534,1,5
0.31768778609766912,0.94346410439670414,-0.094604198000330625,-0.94368557616032966,0.32431857231755612,0.065383461187427411,0.092368847082267544,0.068505090065091132,0.99336551617411484,-4.3765001827377406,19.048714888459042,-2.8797642299988384,,0.1918877143775214,0.3773584905660378,0,3
0.67290953997173708,-0.55059320319010363,-0.49400392267257015,0.70756534507143565,0.67385630052499268,0.21276505515876201,0.21574066253019072,-0.49271169140140358,0.84302500300252226,-11.463562769034816,-5.4723153696632458,-4.3255669934180965,0.7430392665846756,0.4261200924289863,0.531578947368421,1,4
0.92584157878406237,0.27005219276799619,-0.26436562593466584,-0.22228118845098851,0.95488034549334855,0.19696344597745877,0.30562795071041315,-0.12359344226817306,0.94409544897370046,10.019530054973655,21.294094165925046,1.732331487911333,,0.3095091933929248,0.3809523809523809,0,5
-0.44486654914757495,0.85320039662749214,-0.27229182258051399,-0.88398585494670501,-0.4671108165096689,-0.019403436649551881,-0.14374547541982391,0.23207017967494248,0.96201905906378415,-7.1437834252466237,-12.496760007284427,-2.7011565877167558,0.1795313098886661,0.1031516524002567,0.3181818181818182,1,5
-0.50150731466295762,0.83942916044829075,-0.20940176199981392,-0.84699101804404342,-0.52571490297554424,-0.078930704685368586,-0.17634236216027119,0.13777708582522474,0.97463882845351713,-13.3021792650342,8.9453311112483771,-5.5426303050751544,,0.1970383321412576,0.3103448275862069,0,4
0.68011420358191721,-0.63207236614632922,-0.37138819857436961,0.7025307752467701,0.70670550340550087,0.083772556887980881,0.20951176558204793,-0.3178865448718432,0.92469074001643103,4.1793880064135545,-19.636657570965458,0.98068279436227146,0.2104742013765784,0.1334027114660743,0.2,1,5
0.85234659012783076,0.46087998798107055,-0.24717388004404453,-0.4431494083190291,0.88746100222139268,0.12661584198944165,0.27771188704114502,0.0016143775175721752,0.96066305309472411,9.6515636101235867,5.74200061947879,1.4288029746258242,0.3581085755123821,0.3373728461196762,0.5454545454545454,1,5
0.87066743530395307,0.40244400713905154,-0.28280211848411008,-0.4036108900474169,0.91316104656144692,0.056878400803253008,0.28113425002366632,0.06461984339710812,0.95749037034476991,-20.770450808795587,-5.94490902386221,-7.1152470799089729,,0.1324938528123593,0.4347826086956522,0,1
0.20562070005937522,0.95240544746294686,-0.22504219904274905,-0.97585614803353227,0.21684970856654756,0.026095636412246697,0.073653961551631258,0.21424301047527133,0.97399950021046933,-5.9349758704864213,17.898535494866572,-3.3645436285793546,0.3025301005817759,0.3895116402439527,0.8764044943820225,1,5
0.51045200131273749,-0.77447266561637995,-0.37367210836357967,0.84520855381593141,0.5318795229577189,0.052217560405039123,0.15830746954015054,-0.34248542052375164,0.92608988862662045,-7.7178532342464896,-11.198950283345257,-2.9424352261427282,0.08957720293650444,0.1895625365196677,0.3125,1,5
0.94414568223265538,0.12595441533186913,-0.30450684061255834,-0.11601590083822065,0.99195804796152776,0.050591914739937439,0.30843028624655372,-0.012438502432528087,0.95116562289808726,-7.3937053666430579,16.72776943102938,-3.7966826457778549,0.3091682633885028,0.2753524703301167,0.6056338028169014,1,5
0.76199245015250261,-0.53795519609105236,-0.36051589827526515,0.59882475089844678,0.79726362101961734,0.076023919328716827,0.24652874806398786,-0.27381549553910078,0.92964974629194497,13.900807347022395,5.1572242419433474,2.9849068952112634,0.3683205849603919,0.4068299138027738,0.8333333333333334,1,5
-0.82872315731953139,-0.36432495463247733,-0.42483556342941764,0.49530965917036429,-0.83084967466407245,-0.25368712943928129,-0.26054993773724988,-0.42066155700592439,0.86899803475178627,-21.112620855712116,-1.8831531705651607,-7.36557670822849,,0.6868302617258756,0.3103448275862069,0,2
0.81798826944089109,-0.44187868574941919,-0.36829121376630936,0.51001711470948441,0.85322182913559852,0.10906444420577766,0.26604084979662035,-0.27704825819136386,0.92329113982135813,15.793469513268303,-15.054688991212423,4.3811396349231648,0.6104533993867979,0.3256980084144446,0.4615384615384616,1,6
0.83636524213694985,0.5090555560011446,-0.20336081886530327,-0.47860318854541417,0.85898851441579749,0.18187281274534531,0.26726797350106074,-0.054782962735748335,0.96206374910113401,13.89086904207702,-27.232455647053698,4.0630458417980755,,0.2786753809125218,0.3846153846153846,0,3
-0.18093069814743679,0.98271709847571875,-0.039130382458462128,-0.98271722789504978,-0.18222718374536231,-0.032559230680446492,-0.039127132097174493,0.032563136637896201,0.99870351439561489,2.960887478263766,3.8505087621289413,-0.49732293843890907,0.7962711871265957,0.5443055923573283,0.140495867768595,1,5
0.79210628473498623,0.54235745430433702,-0.28002861540181234,-0.54994815532236041,0.83317728020970971,0.058074488373841326,0.26481061183583626,0.10800005325401282,0.95823344147251521,-17.730646188411026,12.975872606750265,-6.9929169861651062,0.3223026074637412,0.2029380060913605,0.5,1,5
0.9515925317242836,0.0098144892073824975,-0.3072056792576679,0.036256423589100993,0.98892770893108317,0.14390086259937795,0.30521652202181754,-0.14807316539439402,0.94070038395601208,9.0818590770091312,-8.5355153414437499,1.9204020914059614,,0.3656814344383775,0.2068965517241379,0,1
0.77459313949302155,-0.54634930590805186,-0.31860305112182091,0.58273044004195895,0.8123181429795171,0.023758552877071501,0.2458265699611181,-0.20406290824179135,0.94759043208606375,-8.393011095980059,-1.8414339260115238,-3.6450880561933037,0.6695604354836665,0.6237925870362998,0.9827483640690066,1,5
-0.75036302679181011,0.5919745268713249,-0.29414535107545836,-0.61617983405333743,-0.78749839261912724,-0.012988214977156525,-0.2393276835843175,0.17150055731035463,0.9556724432107494,7.7461898029772556,1.1703451728227527,1.0913527913257635,0.1580188548729877,0.1546672815206263,0.7837837837837838,1,5
-0.92061754921077876,-0.22821781705485145,-0.316827959725555,0.2619879702210976,-0.96268481653299265,-0.067825124225961417,-0.28952656448859526,-0.14544611371761104,0.94605485911752241,-1.0431603886808971,-10.859524058314959,-1.005305447563406,0.1833557695926629,0.1828721379826733,0.7936507936507936,1,5
0.89578336928169344,0.38886919508114803,-0.21529724669692718,-0.33629150461189816,0.90965150606121969,0.24380763205121525,0.2906547423390905,-0.14599618706492029,0.94562409768274314,-14.518961534931693,-7.7664461275455885,-5.1892781985202969,,0.1556263898694574,0.1481481481481481,0,2
-0.94465784674697695,-0.072160583442133622,-0.32002250354726119,0.11287007117662091,-0.98744394900291632,-0.1105205619335657,-0.30802905644102863,-0.14052507881092779,0.9409414448376866,-7.6541681555080121,14.040902320511163,-3.9405400091278451,,0.1186367493635556,0.5176470588235295,0,5
0.86608237397490651,0.41106199493220058,-0.28448085667114614,-0.41583408565059077,0.90825553864762998,0.046410017528979088,0.27745870810109163,0.078101938761227591,0.95755770189613643,16.76869295228979,-12.760605717363731,4.6010345434352731,0.2884913535496978,0.2795700690925879,0.7777777777777778,1,5
-0.89730612977741464,-0.30623192794677612,-0.31790519934389078,0.3356119651443259,-0.94111971560034702,-0.040722104074894148,-0.28671644235348992,-0.14323298228523818,0.94724758879072135,15.169835894490667,-9.9549989721568455,3.968168612996589,,0.09109015600167063,0.2307692307692308,0,5
0.27342228182367539,-0.88281868795808849,-0.38193117180231817,0.95540273983881141,0.29530269472557569,0.0013867935332404046,0.11156101698543737,-0.3652772682220598,0.92418972987661052,14.480524495908288,10.923812418505319,2.9809352548342702,0.2434137637273085,0.1357981123383832,0.3809523809523809,1,4
0.054439620500110822,-0.92746847492452411,-0.3699169578986351,0.99826509255499329,0.058875388542161955,-0.00070257396703922329,0.022430619830348233,-0.36923693835420385,0.92906455677140076,-13.380141246998763,-7.1833023613629008,-4.8226088452226499,0.273331847691304,0.235100441694046,0.8717948717948718,1,3
-0.64031796010486008,-0.64393254252326859,-0.41874072007230106,0.73978323311175764,-0.66368752619667537,-0.11063288651052729,-0.20667287672518803,-0.38061758794156592,0.9013415411350344,10.009443070408295,4.6735343807369167,1.6913529032997519,0.6694965655697617,0.5770111895633834,0.4489795918367347,1,2
0.7161885742627403,-0.6068016979234605,-0.34476894508164191,0.66032705349280041,0.74908503874024812,0.053289653414493057,0.22592500640924912,-0.2658257025434631,0.9371737231411551,-1.1973703143584835,-18.228042225593061,-0.57846430561855011,0.2460668213810219,0.259105031951728,0.8208955223880597,1,5
-0.78144486645413092,-0.53417211009044108,-0.3224966317560734,0.5701826317342924,-0.82124072495618561,-0.021340996743263358,-0.25344760239750336,-0.20055879057016018,0.9463300081705075,-10.593635192393878,2.2202635629944831,-4.545322777140119,0.3869436005973484,0.3728121527585537,0.9610726643598616,1,5
0.017849518642385369,-0.90725402056840909,-0.42020416091073032,0.99976027878407958,0.021525166720038864,-0.0040065151007525283,0.012679891553683322,-0.4200319146923604,0.90742074639610004,18.12212547749608,16.145483008083865,4.4819779454140853,0.557597376169921,0.7290958215671706,0.8666666666666667,1,5
-0.94589217699762618,-0.061078278696415779,-0.31868077031125241,0.096260800339351485,-0.99073199973983628,-0.095832995411451738,-0.3098739224470457,-0.1213241466608639,0.94300509204579297,7.042737474741374,-8.4457464870594574,1.2761780301341303,0.3518277190013943,0.3577196888109067,0.1071428571428571,1,4
-0.94439515378209726,-0.088653181294224434,-0.31663607968660623,0.14459399173304688,-0.97683281397603472,-0.15776638138198412,-0.29531402111581662,-0.19477748069547338,0.93533489293746142,-5.9936284187877886,-19.658830560448237,-2.0063072843174927,,0.1886602860423597,0.6153846153846154,0,5
-0.50569532394719829,-0.75563062027809103,-0.41628668611436936,0.8427293047760126,-0.53592217464905278,-0.050938606097601695,-0.18460649557822847,-0.3765764044886184,0.90780540501406348,-6.9838053501842019,-25.810495968336756,-2.1150597531826487,,0.1727845597478069,0.3,0,3
0.0034993818334185401,0.96239049499405038,-0.27164736235032866,-0.99995395697443246,0.0057949182031767814,0.0076487158525558787,0.0089352256803389742,0.27160808910657519,0.96236646225536981,-11.515093329966676,0.68294660049083256,-4.7433006049644009,,0.0843544216541843,0.4117647058823529,0,5
-0.64900631218696703,0.7214564557061578,-0.24143609767675719,-0.73520242638297217,-0.67636533168098656,-0.044803240291946406,-0.19562259323008208,0.14842681907248556,0.96938190637021893,17.059983415496891,-3.5522264656117066,4.3130202561964035,,0.08844919758374746,0.2142857142857143,0,5
-0.16206266198511945,-0.92527062393777304,-0.34294309450417637,0.98518723465855429,-0.17145638608422081,-0.0029699051783905785,-0.056051817598780022,-0.33834446965887022,0.93935148565120719,4.5974968490271921,-6.5722967572810544,0.49334892431658978,,0.07079997560260232,0.2285714285714286,0,5
-0.57643915968118864,0.78455062609995596,-0.22846927642948758,-0.79518378189822547,-0.60295685237074881,-0.064232290829424651,-0.18815059976540574,0.14464905552863958,0.97142987525739211,22.162063835884105,-20.750420929996139,6.5818090989246345,,0.3194628592316963,0.2592592592592592,0,3
-0.69913087192057999,-0.63207991223085358,-0.33420204739319842,0.67838789921141962,-0.73405734523178745,-0.030816750555127042,-0.22584481869435441,-0.24826356652859219,0.94199751560363321,-8.2754876061624802,-12.090559655445242,-3.0729598614496858,0.1638088214796173,0.09927649935170828,0.2941176470588235,1,3
-0.83118114376361119,-0.41889816827629717,-0.36559845577706718,0.46819698483395422,-0.88198019699511621,-0.053874998847776349,-0.29988245971414706,-0.21595197781733078,0.92921216825468567,-13.416297140185936,19.415157849678323,-5.6865799963604768,,0.3117498503238857,0.654320987654321,0,5
-0.89603426539845776,-0.29383572672117786,-0.33284104454541508,0.33133970119864237,-0.94155178264169404,-0.060780284746303051,-0.29552765968930911,-0.16474467003968463,0.94102210178724,-4.8552108870647803,-19.466269383566004,-1.7155718452195561,0.2131259409382353,0.2210260134078015,0.6666666666666666,1,5
-0.2062771840826092,-0.89490693233494101,-0.39571619348444065,0.97256865933071968,-0.23195091947985425,0.017577651723063512,-0.10751709731292262,-0.38123529927239963,0.91820461792243679,11.125190124664419,15.985023323371234,1.9188313435588717,0.4688482143791881,0.4419283750024346,0.6363636363636364,1,5
0.72597244721650656,0.62189570108106218,-0.29361495680460992,-0.64637411125111943,0.7628194624212612,0.017520732166934411,0.23487127152294332,0.17706553794636104,0.9557631929955055,-12.416072583724686,-16.749767906128419,-4.1069869060918096,0.5176217262098761,0.4283534499519964,0.927536231884058,1,5
0.68682276228425687,-0.62203289306237775,-0.37596485627871179,0.69530406017828583,0.71298679333213055,0.090565426259455614,0.2117233031761373,-0.3236122872859043,0.92219755497928513,7.6662810451165182,5.2491212440543142,0.8627416968255629,0.09569590530583477,0.1382662606574069,0.2,1,5
0.058923565781840631,0.9844992566637053,-0.16519451269386745,-0.99822208965153136,0.059597740036570791,-0.00087699159775572689,0.0089818220469062831,0.1649524871323394,0.98626061660271735,10.822194866946967,26.138422080407267,1.8570934998068704,,0.3183471878761646,0.3846153846153846,0,5
-0.62034038112483691,0.77073649591034676,-0.1454065521829418,-0.75325058551358737,-0.63710208414532632,-0.16344567844124083,-0.21861236691762975,0.0081356161118659714,0.97577786651529985,26.400107616408878,-15.850999500384376,7.7603782610928986,,0.3789918666264741,0.1818181818181818,0,5
0.69976205860702978,-0.60864637020264789,-0.37400890012564458,0.67644830896309616,0.73286474675616486,0.072985945653879433,0.22967530697709071,-0.30407048360727901,0.92454875175072082,-15.092983716547476,16.62720850359824,-6.2060916814607641,0.5242051513387215,0.4367250519706235,0.951310861423221,1,5
0.91744056811437946,-0.21958835417980346,-0.33178872597869974,0.26889034953060009,0.9568399666093006,0.11025088765367412,0.29325890252006892,-0.19036342350282662,0.93688899186883789,-10.368259706519163,26.261283553509791,-4.6243133181678804,,0.14168113824655,0.25,0,1
0.58069470600313966,-0.68660927620824064,-0.43744869441424034,0.78817920846123612,0.60869987129289393,0.090873549712958954,0.20388034179230427,-0.39755775493984546,0.89463994864852925,16.500692901412506,16.370279195230282,3.8823702170029195,,0.3121827316495092,0.5853658536585366,0,5
-0.95045095130870438,0.0082653344583119882,-0.31076465919192259,-0.00019517589751460199,-0.99966216179813039,-0.025990847917257559,-0.31087449406914769,-0.024642372357003742,0.95013146586242014,-14.29794175307263,-6.5617578801659766,-5.159284107247478,0.3273499405612815,0.2757211212448907,0.9421487603305785,1,3
-0.078739499244810551,-0.82398273472389805,-0.5611172285143291,0.9965362830250204,-0.080161780414251038,-0.022125224868740148,-0.026749352765093118,-0.56091580637181437,0.82744059018693594,-4.0087390885735807,15.710317401624033,-2.7417359681462838,,0.2051834692513257,0.12,0,3
0.76799687814318895,0.59364387589049528,-0.2403492121477078,-0.59352725774342907,0.80071003860194123,0.081171598466707198,0.24063704926274057,0.080314274570499153,0.96728663167767071,7.8334130846781829,6.9082440423487395,0.92997985477073986,0.3297460025587327,0.3860196620914374,0.615819209039548,1,5
-0.38650796829059764,-0.81863655242823119,-0.42478910705936551,0.91537450167390699,-0.39678113453327657,-0.068222085600859017,-0.11269921088064172,-0.41520949688910613,0.90271809639553302,-15.972860179442046,-9.8900974375695778,-5.5835125429942911,0.2364779896637064,0.3346721213110202,0.7634408602150538,1,3
0.17444638156009842,0.97885674098211906,-0.10680796128778719,-0.98282487217506853,0.17972407081330455,0.041887098304302713,0.060197430133258317,0.097666468166711429,0.99339696516608711,10.299481255926649,24.089697408869753,1.7529255592973303,,0.3537972759654709,0.2222222222222222,0,1
0.83971174935146531,0.46102481725171707,-0.28694998846336145,-0.4655819608045258,0.8831974778978614,0.056530105326895078,0.27949528757121328,0.08612974464653822,0.95627613758401786,4.7344456923301541,-11.089879828414492,0.82194182734151477,0.3948222179193442,0.2662093428583179,0.9395604395604396,1,9
0.61000230668085631,0.74475228345568223,-0.2706311551384678,-0.76693029778826438,0.64078967731760639,0.034734820822939133,0.19928648769657772,0.18636691157698795,0.96205627179017794,2.5904570122060266,-5.1181832679507107,-0.20856283407242451,0.3923874788993028,0.3636432781276002,0.9154639175257732,1,5
0.92754375908092579,-0.14345421639538522,-0.3450847182771381,0.19729531544090839,0.97219285869713745,0.12615706085416073,0.31739113644696859,-0.18509979280559435,0.93005426358262999,7.618993386773103,4.4000393797559143,0.93835416737364341,,0.2489559495123696,0.3225806451612903,0,2
0.16709990177200051,-0.91567506397492227,-0.36553631836290901,0.98438769924134406,0.17574299835617874,0.0097599237247701608,0.055303529816107123,-0.36146033771812675,0.9307459072413784,9.6298760746158152,12.599641795864526,1.3860574950069688,,0.07810901136491609,0.2222222222222222,0,2
-0.54024546821261676,0.81623577741846531,-0.20468021335196107,-0.82243625623902783,-0.56363460704193979,-0.076906658802800856,-0.17813881805845375,0.12678795450180513,0.9758029391706019,10.155782326818676,18.10212906000443,1.666714971818015,0.4671831688380497,0.2412742419756008,0.4615384615384616,1,4
-0.0074005814273336934,-0.89774405753268172,-0.44045526283527936,0.99995040437693239,-0.0095795899402665741,0.002724012295514337,-0.0066648466559382467,-0.4404132589072835,0.89777042789218642,-17.692769101973312,22.61620711777751,-6.9006207506183266,,0.1945354059765602,0.1578947368421053,0,1
0.65031208471254132,0.7320309992611278,-0.20303893369889225,-0.72820959557969223,0.67682111558065061,0.10781448144764454,0.21634458020132954,0.077741839603382906,0.97321694857446484,-18.796122346777029,-15.001362646244727,-6.145462993151928,0.3474250036470206,0.3007072664528002,0.76,1,4
0.25289886140487039,-0.90460052399104007,-0.34313271178256266,0.96429074053471842,0.26450721416867706,0.013390346213931965,0.078648163482205005,-0.33426610005781399,0.93919148246404738,11.604886992528719,-24.478231023760305,3.3581349189655647,0.2529521861959277,0.2549335684631439,0.6222222222222222,1,5
-0.9251750890486512,0.23389735488719371,-0.29890313143323699,-0.23325076108156984,-0.97165908015040303,-0.038375961436048316,-0.29940797761363863,0.034214899357543446,0.95351151204548346,11.852662451626616,-3.0439559332626049,2.5816804004993155,0.61834926533379,0.3586756074821855,0.8759124087591241,1,5
-0.91565527482908915,-0.23428692735681833,-0.32662677989926919,0.26271095508693892,-0.96381828677096104,-0.04513606277908052,-0.30423407395453428,-0.12713750727299045,0.94407504070886039,-14.315792725907668,-1.2043106784087543,-5.3739330645590844,0.1552903013288672,0.1251938182016262,0.5227272727272727,1,4
-0.56703447912775695,0.80647593605103163,-0.16753645588625429,-0.80505697730479442,-0.5856421079331573,-0.094374703753054998,-0.1742273307296601,0.081362681778695836,0.98133834697345712,8.7731929189918834,11.927939127550522,1.1661620098554657,0.5117091661749249,0.4516984440241171,0.7972972972972973,1,5
-0.80522797407887015,-0.44995719644295123,-0.38619480981758053,0.53060932489470081,-0.83750079540640077,-0.1305609513921947,-0.26469162075069114,-0.31004989769849062,0.9131305530106455,8.1447533551304172,9.6330251358883849,0.98085547284961183,0.2288158366054995,0.1543557516083394,0.36,1,5
0.40546906927818022,-0.80580590147178033,-0.43159203307282901,0.90577238864060816,0.41778892931569722,0.070913965602908871,0.12317148141909141,-0.41967756634646902,0.8992772244811561,-2.097120647953675,-10.262127640963238,-1.3547120735201799,0.3055814500122763,0.2513257242845851,0.5598290598290598,1,5
