axis_00,axis_01,axis_02,axis_10,axis_11,axis_12,axis_20,axis_21,axis_22,location_x,location_y,location_z,dbh,dbh_approximation,score,reconstructed,number_clusters
0.16370126736105642,-0.91130236986561197,-0.37779609016201227,0.98635983403892724,0.15787910257170107,0.04656679896507683,0.017209673415945963,-0.3802659328002887,0.9247170634807399,-13.683587640731126,14.533177731795824,-8.724830231796636,0.2105517272210899,0.1659923304980283,0.7755102040816326,1,5
-0.19921394530841463,0.94403226109988003,-0.26290092049535391,-0.97957753863499053,-0.19929245902585144,0.026652609201406375,-0.027233247997063854,0.26284140803548761,0.96445463575300061,-7.1274202132869808,-1.7824791652026053,-4.4892992454192377,0.1338087831245222,0.09175574738169873,0.3825503355704698,1,2
-0.94511896665995743,0.094012965763513132,-0.31290845486813612,-0.077441543638419819,-0.9948756312878132,-0.065002196798072551,-0.31741604587436123,-0.037202695305920221,0.94755633778866233,1.8958689666470698,12.611156061845858,-1.3410875737531427,,0.1056668587280351,0.1739130434782609,0,4
0.80723496091326352,-0.48195076016390626,-0.34072743161769903,0.52993092871024561,0.84599675900515459,0.058844664576070321,0.25989407202869674,-0.22806347478324232,0.93831877461454172,-5.8582132088407111,-9.0552952825451705,-3.4879567424527709,0.3519336878566713,0.2763176892273441,0.8576388888888888,1,5
0.43902966397233051,-0.78158585005293979,-0.44314389666265974,0.89038800733538914,0.44449398627206721,0.098154432203963693,0.12025868178912404,-0.43766271850020622,0.8910607130209206,-9.2462235638912649,12.672742672364611,-6.3400986232166012,,0.07774422164291198,0.2222222222222222,0,3
-0.17511067247756862,-0.91040346449417531,-0.37483567629223313,0.97975708812876994,-0.19865103278687066,0.024775298870909689,-0.097017012146772053,-0.36290949148473889,0.92676016333483002,3.0615254389674051,-4.3467303063938703,0.16023054726518032,,0.06884541357304072,0.2857142857142857,0,5
0.90316249501324963,-0.24035770467294304,-0.35570448606363653,0.30614093200133591,0.94146434503973198,0.14114750005671942,0.30095720186563885,-0.2363748311966874,0.92387861855437603,-2.6278771558278873,5.9532068647871945,-2.933256391683829,,0.07715733514797937,0.2944444444444445,0,5
-0.28160285320509676,-0.87582020667426252,-0.39196785410005258,0.95523875615029596,-0.29448100056309656,-0.028281779572582981,-0.090657331833577826,-0.38238711522279201,0.91954409480807775,5.7817754136703527,8.4806336168553997,0.5079235165468502,,0.508286196271579,0.3661971830985916,0,2
0.67819752616870332,0.70845827384444682,-0.1952818212737617,-0.69178960159358116,0.70513335932082577,0.15560878092164529,0.24794205497584429,0.029560443066256954,0.96832376691893784,1.364359291837745,-12.270488885371037,-0.34242520232724999,,0.2070233655772976,0.2916666666666667,0,6
0.86068551456110565,0.46548447576513313,-0.20626353978913428,-0.42357331699278744,0.87943681780532845,0.2172015852155888,0.28249971709085331,-0.099574526411609438,0.95408533346524682,8.0831153253213657,5.7399912376838413,1.5688724246973245,,0.2957516563828081,0.1475409836065574,0,2
-0.3359537574144591,-0.81416984717157359,-0.47356365235913389,0.93213596634463225,-0.35952730930830196,-0.043158476667863627,-0.13512073536605904,-0.45592496511832803,0.87970154771717091,7.3837840235171317,-15.969000668040872,1.9909666682954696,,0.2773648005849824,0.6666666666666666,0,4
0.93633774660093927,-0.0470495613339229,-0.3479338486962148,0.14905186356693892,0.95051618027188656,0.27258490972275945,0.31789175242131984,-0.30709172867341722,0.89701700314033872,-6.8539963513403563,17.558272043730515,-5.521168474881275,,0.749283523890844,0.3818181818181818,0,1
0.66544565916743503,-0.65539870378880927,-0.35725986867708259,0.7177626312490526,0.69322926647204142,0.065191941902903464,0.20493628248227358,-0.29980947813333653,0.93172710433031947,11.500940131892236,4.6543604784306289,2.9876472583768932,,0.08069764601796156,0.3809523809523809,0,5
-0.32223550258576605,-0.87396429267606612,-0.36380035184221859,0.93563875257244111,-0.35249633719039869,0.018068119770433551,-0.14402918300811376,-0.33456351772806309,0.9313016949664803,-10.073352232387897,-12.754857211257827,-5.0918069749664898,,0.06395282405980179,0.12,0,1
-0.38533310349694433,0.87369675937868041,-0.29693833029874384,-0.91727878749305569,-0.39774073771055074,0.020048231361811823,-0.10058839577547254,0.28010047878691591,0.95468617692865843,-10.411451192537024,9.2150204975876875,-6.6232841440734633,,0.06779491108067333,0.2173913043478261,0,5
0.91642165290116961,-0.21120117583752598,-0.33994913945873395,0.25657314620284077,0.96193973032811619,0.094032844601480037,0.30715073618902988,-0.17339555513656285,0.93573094782497146,-5.3962959239752566,6.6002600804107772,-4.2341188717493035,,0.07092637370339105,0.2238805970149254,0,3
0.9554287766556343,0.015731537456688229,-0.29480225824706169,0.027439751669621898,0.98952441428129245,0.14173388292703593,0.29394372380887451,-0.14350593113357391,0.94498843112646536,14.949624483183916,-7.6727764862590089,4.6206206707072948,,0.1517356610611864,0.1578947368421053,0,4
-0.92105855623059352,0.27473120643367221,-0.27599619599898961,-0.22440014422521834,-0.95366432446158744,-0.20042188383738058,-0.31826987175369731,-0.12266670477648861,0.94003040816409877,3.7168155136492569,9.2022704001382287,-0.36853014274255069,0.5485692427486693,0.3994032598834287,0.2142857142857143,1,5
-0.91864854090291803,0.27728754186352012,-0.28141868705582879,-0.28482491926098713,-0.95846790375611235,-0.014630202915058394,-0.27378755206347871,0.066715040258177427,0.9594735430111857,-5.946986448221117,15.899645487654073,-5.1997263144093795,,0.1267763705590836,0.16,0,4
-0.83816891055696729,-0.41398753409716832,-0.35508759340181267,0.45208713105715281,-0.89154343055076024,-0.027704464880099287,-0.30510670806827189,-0.18375155252113107,0.93442242248236684,12.353644500232026,8.6415437783368194,3.0436599397118247,,0.221831845329189,0.3125,0,1
0.78903970368380583,-0.48159061324446523,-0.38142735513514592,0.56437460186779553,0.81349687502517343,0.14037144685029521,0.24268839028091169,-0.32602655652430818,0.91367884383067699,-16.611950231033692,14.348228310757692,-10.222967584531586,0.2264707773021309,0.1460827712123782,0.5581395348837209,1,4
-0.19504044439399443,0.96598076769940999,-0.16982456090168718,-0.98056163706299371,-0.19582725261285089,0.012270413784537191,-0.021403293459984537,0.1689166764086969,0.98539791732076687,-30.64912666475816,10.627972366297387,-16.549867650022403,,0.3081039533067729,0.2,0,5
0.93469627619368334,0.16123468535504157,-0.31677475831909591,-0.13836758907913319,0.98595164643645028,0.093561536871089895,0.32740995947296569,-0.04362026051862733,0.94387498711969109,-3.8895277578548733,16.115211605988524,-4.0836822936886277,,0.893401014846666,0.7340425531914894,0,1
-0.74684090767842615,-0.55108326587321721,-0.37220410085405276,0.6114262569825526,-0.78913949318687171,-0.058453336646192885,-0.26150829984987189,-0.27123070321642523,0.92630843391515827,-11.990921156826985,8.5160894029997625,-7.3537915287883884,0.08051848268173922,0.1279166072066502,0.308641975308642,1,5
-0.79070377459538044,0.58663266392365943,-0.17507043856245,-0.5590837839880981,-0.80845658911359242,-0.18391102740283269,-0.24942506554508001,-0.047540100301183899,0.96722648616608198,-9.7251214984612844,-15.02801158315461,-4.7505633397735423,0.8003157519907915,0.5495529413774819,0.4769230769230769,1,3
0.52280030592022009,0.834372972653599,-0.17464702297754917,-0.81962507199582224,0.54831313853857877,0.16603446468072877,0.23429592716384792,0.056342209853444812,0.97053128435061953,-34.95045103693073,16.366799050375306,-19.12765412963909,,0.593891459412087,0.3962264150943396,0,5
-0.2553221341985889,-0.90376182472472499,-0.34354791799472983,0.95914354020087955,-0.28154764938921989,0.027831464466119747,-0.12187812387463837,-0.32240577738874476,0.93872266278553085,-4.0842739968298405,-6.1490334624255683,-2.8300604913126572,0.5955546316494583,0.5408914066092742,1,1,5
0.44996900645367338,0.86085006929422814,-0.23762376023288778,-0.88032927039807929,0.47231259584065777,0.04405890932201053,0.15016081017189409,0.18936200782200865,0.97035754290989995,2.4881621947111281,11.245622809821437,-1.0130430523784093,,0.1397388138505035,0.2333333333333333,0,5
0.25321542717673423,-0.89469521501059701,-0.36797067774055897,0.96503851987962019,0.26022494931979989,0.031362890492753044,0.067694922913441855,-0.36304744591946919,0.92930831774126177,-12.166983238629882,10.486676523127086,-7.5350030566074908,,0.2871325281572034,0.655421686746988,0,9
0.80338430734663735,0.4920317305719647,-0.33537804164780749,-0.45206062450024181,0.87056566206679942,0.19431062710681396,0.38757560099368027,-0.0044949016173225142,0.92182696281560084,10.785604289099535,-8.2850532870318432,3.1532535370536769,,0.2865528566483276,0.4918032786885246,0,4
0.10020261822664979,-0.86003941614446322,-0.50029155297527783,0.99159032277160164,0.044929311845829586,0.12136716492845501,-0.081902790466716557,-0.50824557018723837,0.85730879693306195,0.47722805815080593,-6.6203365661711295,-0.81831018219938989,,0.5717035443797616,0.4192307692307692,0,2
-0.25099190484104245,-0.89505851146061255,-0.36860999005205686,0.96023877635378119,-0.27831477047389952,0.021963171962484755,-0.12224792877941959,-0.34844102743215111,0.92932464419661698,-2.9880696905572042,-11.06800376252068,-2.2463075997648159,0.2389109176326006,0.1361564158614429,0.4257425742574257,1,5
0.33677509328108179,0.91704948390489793,-0.21354807565341946,-0.92974685310663163,0.35972619819009199,0.078535670074291866,0.14883993309536947,0.17209679371058179,0.97377069575475672,-4.3231136892943844,6.9121405151896509,-3.7929854840261705,0.9177949862020398,0.8685666385349888,0.3823529411764706,1,1
-0.80340621522765288,0.53185853600738264,-0.26770310235345313,-0.53642725402650904,-0.84164667687662176,-0.062262929903110727,-0.25842649723114458,0.093580815227397543,0.96148758522937672,9.2484415114215306,-10.167425522051941,2.6644723858497876,,0.1936427361676256,0.2105263157894737,0,1
-0.71758132581304923,0.65700684547803923,-0.23112560619581354,-0.65930095704719749,-0.74775440180170005,-0.078648602167051287,-0.22449785941303743,0.095944565146637711,0.96973983703763911,-13.332292659321807,-7.9936471297533105,-6.7977789507773601,,0.0666754269807088,0.1304347826086956,0,1
-0.89432206373316303,-0.27935889330405106,-0.34949485697502325,0.312745539776632,-0.94891700280254876,-0.041794128080992698,-0.31996605080833068,-0.14668036857113198,0.93600566013564124,-9.2722824401766388,8.9248681104253595,-6.1028669821082246,,0.07219319083618628,0.2794117647058824,0,5
0.73847254592262579,-0.52424653971030999,-0.42405644025332512,0.63879466219513004,0.74527381553751315,0.19107150343566781,0.21586958671745568,-0.41198605009869355,0.88525014321066986,-5.6619156131131829,-10.486581488630215,-3.2324014915108736,0.8379096631657631,0.5214710174788204,0.3893129770992366,1,4
-0.88961459181598335,-0.25044127975038971,-0.38192282391219923,0.32115889907119521,-0.93760339149153005,-0.13325480032988857,-0.32471963226060047,-0.24120332846079801,0.91453710409363542,5.4064171704486856,11.327790057970802,0.051162669494733401,0.6746774389939442,0.256237206059734,0.3,1,5
0.78786054859479659,0.5550060126559142,-0.26691587042304227,-0.54280404213834255,0.83054076517358333,0.12476301223982948,0.29092873320829521,0.046587158108890053,0.95560980996071532,-5.8472420717561295,-2.7368140206521252,-3.7136146645135444,,0.2695833838590823,0.2579710144927536,0,1
-0.94655337712078746,0.07104805552082788,-0.31462498004440131,-0.050912066671117237,-0.99612080254289137,-0.071772614614349736,-0.31850379232986581,-0.051918402787582099,0.94649871300677346,-25.799301325685214,18.918573628859303,-14.903076299721048,,0.2121081586105474,0.7,0,3
-0.94458725513291164,0.068770143769401812,-0.32097598783461539,-0.020134684515288707,-0.98810585825469177,-0.15245132784671961,-0.32764235367232541,-0.13754083106006745,0.9347368655784174,-9.5107097453115497,-9.3349634930093259,-4.9988398850429636,,0.2746411067238716,0.4444444444444444,0,3
0.92622791774666535,-0.13157222614838437,-0.35325712122055614,0.21456263864463546,0.9545088342178073,0.20706462638029979,0.30994308910593232,-0.26758481778030674,0.9123232140031029,-27.400785885712388,8.0845782846299237,-15.014651429766563,,0.5666950509193782,0.18,0,2
0.9361404885046094,0.14291600868163587,-0.32127247041236023,-0.13222831640462274,0.9896941356961878,0.054965353718260987,0.32581690889692833,-0.0089739752108611084,0.94539029487601811,10.857330517295614,3.1907889965412846,2.8330068304848774,,0.09182578958407599,0.6857142857142857,0,5
-0.21743860693989189,-0.87843441327370286,-0.42552724212266968,0.97146972813074828,-0.23705919076963639,-0.0070361493173171381,-0.094694347970771475,-0.41491676472291544,0.90491826084694504,-8.7545394027235321,-16.355447380641369,-4.3835228340370005,0.4052429596698217,0.3495882579350325,0.9512195121951219,1,4
-0.93882547792930771,0.11980780993374092,-0.32288203832001522,-0.12710740927581368,-0.99188777029786601,0.0015354610769078992,-0.32007878482960717,0.042482229371921032,0.94643797033381616,3.6580215087624115,-12.44396881045566,0.47698920468626466,,0.0982007985007918,0.3,0,5
0.49459039516898673,0.81464120536905082,-0.30288619566009256,-0.84681543619302979,0.53013973751748766,0.043075233372509118,0.19566286830104607,0.23518410919904323,0.95205276993896626,-8.0313353228957762,10.926790049173187,-5.6285045028964484,,0.06211342168775227,0.1764705882352941,0,2
0.85960709808959979,-0.38615966340825458,-0.33459879149572586,0.42749705524480602,0.90221650788048968,0.057023159022915507,0.27986050930954159,-0.19205751030448387,0.94063383314903493,-15.98137070557036,11.637314881615374,-9.5671132766348048,,0.08792813309832295,0.2368421052631579,0,5
-0.77008784941133923,0.58080207728618172,-0.26388188874774088,-0.58600025507440134,-0.80751837191401254,-0.067214433524944953,-0.25212775579407232,0.1028738355530647,0.96221025182485231,-2.5371844702751609,6.9229391032829515,-2.9947826829141411,,0.2128537868432006,0.2063492063492063,0,5
-0.083260817480830654,-0.87033588808709594,-0.48536901238137137,0.99449451055110372,-0.10366680837955203,0.015292525105942747,-0.063626289819086981,-0.48142355026321809,0.87417564624954769,-11.013900165895702,-5.8955123684409934,-6.0130844138906197,,0.2375124571780948,0.4375,0,1
0.01310613626773508,0.95272165618879845,-0.3035616494569181,-0.99919021339507141,0.024028420113257794,0.032273092234433913,0.038041380727348001,0.30289285375481217,0.95226507470169419,1.3667191149303219,-6.0291807608262475,-0.47136359858971083,,0.07104312780987665,0.1578947368421053,0,3
0.91238857814898477,0.041440372129498283,-0.40722202546159214,0.033200397969646127,0.98409182764046288,0.17453082348373145,0.40797648956518318,-0.17275986318882341,0.89649830654220874,-3.7410171506092231,-16.862099366899464,-2.3009784350302294,,0.2337328946353505,0.2666666666666667,0,2
0.11654287543601985,0.95195912379419489,-0.28318118724607105,-0.990266065828453,0.13322306826408054,0.040307976269506988,0.076097812411023702,0.27572711275334194,0.95821901579908331,-18.341695089798943,11.478694221519564,-10.765834677379168,0.5111289800582116,0.2348128684935402,0.35,1,5
0.77987386898974131,0.61098668517320498,-0.13598536321247556,-0.57401426849066706,0.78473498492856375,0.23387736743492155,0.24960842941714578,-0.10433730862076089,0.96270938397508099,-11.312357829165238,12.840854977218552,-7.4003326058488268,,0.1810876260486976,0.25,0,3
0.54282324864826192,-0.76182536692589331,-0.35350393354979159,0.82467887086057778,0.56313729543625823,0.052736575968287042,0.15889518772785291,-0.32015386425430631,0.93394529953309668,-7.6801532774714092,7.5780296583635645,-5.2478993630570958,,0.09924238906032676,0.3295454545454545,0,5
-0.76095013721337279,0.63439555619504095,-0.13600429020782295,-0.60737534632112666,-0.77023719051144179,-0.19449899494427317,-0.228144860464225,-0.065398384024572237,0.97142831645507099,10.198398242697014,5.7469694416689068,2.4352737206369941,,0.4844124442950311,0.4098360655737705,0,2
0.11932666721256634,-0.92154659368018554,-0.36947668690783186,0.9928549976980644,0.11087497641180857,0.04411001192084061,0.0003162877127760115,-0.37210027584258448,0.92819248255949305,-3.9161934543507519,-12.352870441579512,-2.5598442842654219,0.38601016065211,0.3404874474311116,0.4840764331210191,1,5
0.8817330202210808,0.36432412059891067,-0.29969120140845129,-0.32059538307789648,0.92880005791441278,0.18587375491800778,0.34607149752753025,-0.067811411783070499,0.93575431125431574,4.2110093326730151,15.398420673552915,-0.65154376443172513,,0.2144643332528898,0.4642857142857143,0,4
0.066881031509567049,-0.82639989644015066,-0.55909761114489009,0.99771145082651591,0.04980978511978381,0.045725771682582426,-0.009939241111020616,-0.56087627554571018,0.8278399694482671,-7.2896016359998672,5.8214601120526215,-5.0595481925110253,,0.4595896716109373,0.2785714285714286,0,3
0.75174716829702182,0.64191608274024192,-0.15106269452393567,-0.59688548664428254,0.75972139148706719,0.25797504365804819,0.28036388995522737,-0.10376487862652245,0.95426879817627686,5.2648355952775647,-11.690106908320889,1.0678199185998913,,0.4299269621204481,0.1904761904761905,0,1
0.3691369717140936,-0.81775237488743024,-0.44160949885585343,0.92351285778749981,0.37603856147903431,0.075624082023819567,0.10422042801157201,-0.43574769494140547,0.89401456852689953,5.4459557943639565,6.4593358208505478,0.59569693816998204,,0.207382710924504,0.303030303030303,0,6
-0.3005902683731082,0.92179094792169058,-0.24484063978231541,-0.95116375584640611,-0.30863258004533695,0.0057827414533607882,-0.070235319630087514,0.23462177832458223,0.96954609019492699,17.19283303631056,-9.5527019623741083,5.480221352329667,,0.1686891718327544,0.1818181818181818,1,2
-0.66186638109393858,-0.66820652689682547,-0.33975422144558537,0.70584210554004578,-0.7081478666444837,0.017706524607095556,-0.2524278424112692,-0.22809348166782181,0.94034756765583383,-6.148840527302764,9.7945786531030841,-4.7837960584191555,,0.07295736722228892,0.3814432989690721,0,5
-0.71153132320807599,0.6608831217086365,-0.23865597736996416,-0.63755291017495164,-0.75000838145401705,-0.17610711080525979,-0.29538020045564217,0.026850087325250259,0.95500241360397187,-7.515499258268143,22.374527404143599,-6.4362766831206715,,0.2399276090431766,0.8333333333333334,0,2
-0.57900713829398054,-0.65018325892653617,-0.49194762283832938,0.78305517980288919,-0.6115252049003731,-0.11340859383406737,-0.22710200172715106,-0.45088651962907994,0.86320682760755285,13.380533474751314,-8.1972133430634813,4.0430354914096238,0.7342739776412149,0.6925030481387036,0.2826086956521739,1,2
0.76731642261366029,0.6126178060383376,-0.18953873301293669,-0.57448121262625729,0.78802635466981374,0.22132736090522206,0.28495059909893189,-0.06094167761540116,0.95660298347986616,-0.52153287327752829,16.315872379140327,-2.7066552116077793,,0.643592966049304,0.28,0,1
0.72253933468490017,0.63847696326040926,-0.26511144301758738,-0.63572374580719504,0.76430982063851827,0.10810095786987496,0.27164725076829022,0.090430445433391571,0.95813887599280079,-38.548984977472806,16.367626883015227,-20.922605950401575,,0.1945352917259204,0.5925925925925926,0,1
0.27181841647488497,-0.88828249334238352,-0.3702282545761777,0.9607296283215252,0.27278191678507691,0.050878356304443935,0.055797219736009582,-0.36951892765661748,0.9275464583368499,0.4566169062334845,14.601663498018317,-2.1700843750701111,0.145790099241705,0.2082933771890658,0.3333333333333333,1,4
0.13205560025276183,-0.90903953808921978,-0.39523213006082769,0.99118354345005155,0.12543886414520472,0.042664675737186422,0.010793592343661791,-0.39738169252306671,0.91758993499919128,-20.053748943723924,16.846131654441376,-12.010435113611166,,0.1288750222905764,0.3809523809523809,0,1
0.56084735827667886,-0.72821588140836746,-0.3938932225600052,0.81149995169758415,0.57780435633515626,0.087235051412461712,0.16406727007203417,-0.3685698792152593,0.91500719943963282,-7.4368882800733598,-1.1550795404369028,-4.6587628216052854,0.4116527916272868,0.4315128844798575,0.8443316412859561,1,3
-0.50193266722659291,-0.75346466504881859,-0.42468175860715979,0.85789232732635468,-0.49612067246439634,-0.13373493585464294,-0.10992885101450278,-0.43145715531944379,0.89541072745320871,7.0743796925724469,3.1304259492736404,1.4649891521332046,,0.2254562991490741,0.1724137931034483,0,2
0.069479272873762279,-0.93496697852284028,-0.34786402474645783,0.99754196494641767,0.061937473319854094,0.032768545429917084,-0.0090916891595271727,-0.34928569748935223,0.93697216752559054,-12.230628929144263,13.766447528812369,-8.0188566611029604,,0.0777854041668718,0.2777777777777778,0,4
-0.92604361636665145,-0.12355617398927138,-0.35661897377412033,0.17866086517007457,-0.97582983613056185,-0.12584286302401335,-0.33245077205994605,-0.18024983435923914,0.92573564335085012,-16.315705865313767,4.131334101463163,-9.2366392082290094,,0.2726369451419651,0.1052631578947368,0,4
0.87050658076657084,-0.30806628082073312,-0.38381435546807613,0.42013336966560616,0.87133280506846733,0.25350955505648864,0.25633229319677342,-0.38193495445271441,0.88792986549146213,7.719162268207989,-8.7806056916160742,1.978089772437835,,0.4440936338537098,0.2222222222222222,0,3
-0.83855971517261019,-0.40424182156003469,-0.36524807157801042,0.45534057766181424,-0.88812367335268549,-0.062460380763629253,-0.29913636091962437,-0.21868902700491663,0.92881243910889077,-15.491084517564888,9.6014794759417921,-9.2555070529585084,0.3672469347102491,0.1215380881274355,0.2253521126760563,1,5
-0.63012662672987807,0.71036948180509762,-0.31355323887018355,-0.75262391955081065,-0.6580980434695195,0.021545322034377826,-0.19104363377511382,0.2495639487216606,0.94932616391441171,3.4114282463750785,7.7064054857046278,-0.43976600038029601,,0.06870999968472728,0.1944444444444444,0,1
-0.27949704244918283,0.94489710508110925,-0.17044314028877194,-0.95364478001035535,-0.29381911010356521,-0.065053547919763297,-0.11154836090754371,0.14435993678056014,0.98321776419649398,-8.536443725920817,19.935689080807219,-6.6414102356929154,,0.5679033992501626,0.625,0,2
-0.84703298185801157,-0.41663561247954145,-0.33007558840138718,0.47322980434951495,-0.87387315128833176,-0.1113519992309053,-0.242050986199281,-0.25052042206414427,0.93736377048014685,-19.342887025471047,29.038871158609691,-12.389159489928586,,0.4949491030846486,0.2727272727272727,0,2
0.83317558916304157,-0.43053194550707585,-0.34707446106089435,0.48303767150028631,0.87214491450863585,0.077703642181720961,0.26924532592860273,-0.23239081736294079,0.93461300144550963,20.669324648739355,-0.19359113916360168,6.408735693228012,0.4761649208411318,0.4059428331594138,0.88,1,5
0.39420633861957921,0.91156920182986079,-0.11680305161859923,-0.89727653330593893,0.40924167968065711,0.16557798884704236,0.19873647217011395,0.039532744496505443,0.97925531744379735,1.8793259047111763,-17.037806163840482,-0.086221232649345725,,0.3333416036429062,0.1875,0,4
0.16079567166296388,0.97407567164837561,-0.15912679811151376,-0.98528838423063303,0.16787564210033468,0.032008884541466942,0.057892589116785388,0.15163889571005998,0.98673912126417129,19.702744996539575,-4.7829477392808055,6.1589471287646615,,0.1916627522039439,0.3103448275862069,1,5
-0.87911008341006536,-0.32537879202475578,-0.34827302931358345,0.3559335097291092,-0.93415791057634434,-0.025696979580453225,-0.31698075319909813,-0.14655251552993159,0.93704085412173099,2.4323387413434721,2.4902626178621663,-0.43403431579657081,,0.07851226588242408,0.2739130434782608,0,5
0.34551738938950416,-0.8611845014556172,-0.37279885740450314,0.93402898920425892,0.35395408218569446,0.048024525298582574,0.090595700535583912,-0.36479824856586701,0.92666857985352236,1.2092416855127206,-8.421717690700623,-0.60769208901288541,0.5902730766858413,0.4669587407681196,0.9785478547854786,1,6
0.9195723226956144,-0.17516099250184972,-0.35171774200054312,0.22773193318668869,0.96705073284905541,0.11380266562413653,0.32019511229756026,-0.18474714287878022,0.92916284001184679,4.6081516956641586,12.59726108723474,-0.3631822241696534,,0.2080859894411189,0.2,0,7
-0.11004111299837985,-0.92603630071075937,-0.3610370108673211,0.99089005901117322,-0.13058563334953835,0.032928457533477451,-0.077639193729146017,-0.35412450088723357,0.93196995309315434,-25.165421019607443,6.7681979304172506,-13.63790103925661,,0.08500485367952751,0.45,1,5
0.86293859623173996,0.43808673036401363,-0.25182731347604448,-0.39768284833197365,0.89625428068882029,0.19640930856131344,0.31174561949795287,-0.069341769705804274,0.94763198959190076,5.818064532181447,3.9378996158109785,0.97187440705152428,,0.4566469620313664,0.4482758620689655,0,1
-0.58464863518043164,0.80812094099308251,-0.071599707472260132,-0.7924179490693336,-0.587746019034872,-0.16318214087764318,-0.1739533482701891,-0.038667322600802405,0.98399444652318835,-15.262141985525636,-16.397060432548699,-7.1066233712987632,,0.3453629069880406,0.2142857142857143,0,1
-0.073880475571137666,0.98844668369007882,-0.13234360139979146,-0.99723198312313388,-0.072110736172517967,0.018122184331867689,0.0083694184793936949,0.13331614767439798,0.99103822206995307,4.6759534708730666,19.38474190739684,-0.74733358290902918,,0.2609102256457493,0.125,0,2
0.70166073043894106,-0.59540086827438887,-0.39136942320267559,0.67725579276780501,0.72796429052578471,0.10673604303018744,0.22135223179887531,-0.33994969889293031,0.91402264288159873,-0.70043460210365505,12.42971955258351,-2.3314418157837151,,0.07681124249069496,0.1612903225806452,0,5
0.71714285927949939,-0.59798881808086801,-0.35793224615095903,0.66032570134889013,0.7472682076899938,0.074566707811732871,0.22288133058316134,-0.28982684352218074,0.93076544480951207,9.5497632715299066,-7.7665825951009033,2.6392153133156731,,0.1069657915033053,0.2758620689655172,0,6
0.70769293344583739,0.66061120864095635,-0.25052653146674991,-0.65492970585186361,0.74640133998130931,0.11811909272804878,0.26502413539830133,0.080485220332932483,0.96087685837694214,11.30678199855743,9.7687877551296936,2.5375534583799211,,0.1862832650862381,0.4545454545454545,0,4
-0.45435949137194104,-0.81757647614734796,-0.35373176030817,0.87089412779200925,-0.49118894849523664,0.016638360903023643,-0.18735226387110099,-0.30050311566875526,0.93519891290342305,4.5397800702656381,-9.9164317301908191,0.84219307407806066,0.407043628628833,0.4696491273554503,0.6637931034482759,1,1
-0.83564793963978545,-0.32935043579691486,-0.43956889268482569,0.42127950176865131,-0.89782793062163446,-0.12817405503935059,-0.35244304839979246,-0.29228974911217098,0.88901664787483348,-7.9179548287592612,-12.722196436110957,-4.1158121232736624,,0.5313217574141212,0.3375,0,5
-0.94531270801090561,-0.15593924037334361,-0.28647310063053494,0.19263215563746874,-0.97568579088633323,-0.10454707110661858,-0.2632047429047395,-0.15401360580901582,0.95236708917210866,6.9317134008093895,9.255468797105836,0.94465649230973758,0.3881697772525962,0.1676933613178929,0.2,1,4
-0.79478618597867945,-0.48378385341517693,-0.36642612045571649,0.53090802167400297,-0.84676352053276616,-0.033588879367325054,-0.29402651428002385,-0.22123454402447854,0.92984067744459353,10.055928986932889,3.8202552001759971,2.4559282335271106,,0.08322824392115771,0.3529411764705883,0,4
-0.2878102210121008,-0.88973096212459235,-0.35432201698146443,0.94868837180135679,-0.31547537159857231,0.021579228986078586,-0.13097957814047362,-0.32993045471976418,0.93487445422289384,7.3557174776196028,12.318988309268702,0.74528466563010698,,0.0915872832941458,0.4242424242424243,0,5
0.87622376242457978,0.35206780309432212,-0.32905953896954998,-0.34630942960307948,0.93486574085752561,0.078075767936670384,0.33511445377736959,0.04554457811033949,0.94107597688722677,6.6776014017191034,-12.904240358423879,1.6572756740763457,0.2849636265723949,0.2238727634763575,0.6086956521739131,1,6
-0.47074551655414393,-0.77885903583676885,-0.41446020428937491,0.86058892052291158,-0.50885851334550569,-0.021206679820536593,-0.1943845891972438,-0.36666280925561556,0.90982032060808471,8.3674253899681155,1.9421169857243576,1.9585918602405268,,0.1021175401221874,0.3670886075949367,0,2
0.84380614225484529,-0.35810693185124959,-0.39968815300566701,0.46168443731643621,0.86408827451583092,0.20049671863664181,0.27356658171787507,-0.3537101627100066,0.89445539081770808,-2.7536195256203206,25.345696408109344,-4.2564014673677306,,0.2670835630515452,0.6785714285714286,1,3
0.91141981159808383,-0.19145348586849428,-0.3642245046332237,0.26989698431368725,0.94630148095834288,0.17795821137116885,0.3105954682298056,-0.26049773489389616,0.91415063596228963,-7.8912709339140799,-9.4230806222704562,-4.4025479855626513,,0.1338602172257608,0.2830188679245283,0,4
-0.94519604203371921,0.043436026413486761,-0.32360122640867617,-0.029936307381944801,-0.99846583133980071,-0.046581124366580753,-0.32512806649707465,-0.034340868601828139,0.94504626612645071,-41.029758024753569,23.20399206784705,-22.700240909350516,,0.39717877142753,0.7105263157894737,0,1
0.70080978475134437,-0.58049675981608762,-0.41459517295766596,0.66348348851370997,0.74390909077946965,0.079930752062890034,0.26202157557432371,-0.3310933048231044,0.90648878505741204,-24.239941988654653,8.1375677681616789,-13.557143885736377,,0.1875752464049427,0.24,0,4
-0.9306114017818865,-0.10352182385398524,-0.35106359945100807,0.16451369204755661,-0.97512416511340516,-0.14855338347128688,-0.32695208211974297,-0.19600024132084615,0.92449242365729289,-17.361640952339982,11.684989600187693,-10.238185053049147,,0.1933871535556835,0.1935483870967742,0,2
-0.94552630551302541,-0.032006524395806521,-0.32396849843617265,0.05423587708784864,-0.9967347546066555,-0.059818881598712188,-0.3209960672958464,-0.074131041779470649,0.94417483202280361,4.4871495222742457,10.231084354076465,-0.16607845289230355,0.1259222291415853,0.1528012939971487,0.2222222222222222,1,3
0.13208644773974682,-0.91011698187902934,-0.39273432447253936,0.99121870449987037,0.12375929109873041,0.046573787867619156,0.0062169263381086229,-0.39543737451352057,0.91847190085748409,-21.047995015309333,12.28974561877123,-12.110340745144486,0.254780983509813,0.2357590947510522,0.7870370370370371,1,5
-0.72488001731095841,-0.5745071325501705,-0.38011908022650664,0.63680926076067823,-0.7692865124542021,-0.051693589210742859,-0.26272214583605802,-0.27953500032201956,0.92349188284589989,-13.352793966861752,8.889420887957538,-8.0579304560128744,0.5885511585204973,0.2890630547710842,0.5977011494252874,1,4
-0.41675566322962321,0.87092028706524705,-0.26040846903321802,-0.89709426306457574,-0.44029962517520488,-0.036852723741940541,-0.14675353604824196,0.21825236229823852,0.96479495542243365,12.746526070274978,-5.1113826469831896,3.7822917112928085,,0.09597219337146781,0.2807017543859649,0,5
-0.27835723168744914,-0.87075171497006021,-0.40535009861106563,0.95146329950718245,-0.30766979372902453,0.0075423946891418148,-0.13128153433825748,-0.38357626217408231,0.91413041183321031,1.0617495850103664,1.4171574397223758,-0.99208010220448939,0.4305640149557357,0.3723164443138184,0.9318611987381703,1,5
-0.93051817602156739,-0.093106424253652995,-0.35421337899096222,0.15978149551851278,-0.97345613613905058,-0.16386892537359948,-0.32955393759347457,-0.20907975697309783,0.92069531194674137,9.0738624513907933,16.10241974623985,1.2199070921229258,,0.1770678006356653,0.5454545454545454,0,3
-0.30527724510853599,-0.84731938818128372,-0.43457526164180094,0.94150846961588075,-0.33696072489774487,-0.0043899337067728247,-0.14271511924286906,-0.41049643638950539,0.90062482224898288,-8.006970638556691,-11.145283388486776,-4.3054735541139308,0.2013092027075066,0.1172510894893552,0.4222222222222222,1,5
0.40613251615946039,-0.81429627829647877,-0.41470224314619814,0.90737207886191074,0.41314309243640718,0.077386663411053505,0.10831569516833206,-0.40771847680057999,0.90666055051249195,-20.161066724299811,21.639125912555805,-12.30163439872984,,0.1599491413790593,0.4545454545454545,0,1
-0.92860606819200275,-0.13897121007992175,-0.34406071104662989,0.16793569983738288,-0.98422255241760637,-0.055709676293271261,-0.33089027008529387,-0.10951241975910719,0.93729326204843011,-13.9681367592074,-12.003994518162457,-6.8830131673132158,,0.1506737144371225,0.125,0,2
-0.28251419480910406,0.91130929538224548,-0.29950141549127807,-0.95713176270851497,-0.28859636425629265,0.024716944644123485,-0.063910238192758026,0.29364520545713801,0.95377564173456464,-10.06679494551179,18.158425059336697,-7.286569412104007,,0.08805660365471675,0.4375,0,1
-0.92335543084134386,-0.16899427653577725,-0.34475452547275742,0.20279517163056784,-0.97711592868850761,-0.064176165875847374,-0.32601973360385023,-0.12917196445570139,0.93649652263077299,10.332735049353406,-5.7578061942257239,2.968398378160658,,0.1002062305783251,0.5,0,2
0.071779652041383493,-0.89890174423770075,-0.43223065111030273,0.99736797025827317,0.060238285072831833,0.04035444107375942,-0.010237844290141714,-0.43398963491989362,0.90085969125407506,-15.473798567646472,2.6640045872629328,-8.711752597310074,0.6564023526508724,0.4661754506238801,0.7333333333333333,1,5
-0.2621043311032194,-0.89090691428955215,-0.37092612429970834,0.95638230004359215,-0.29116793559059406,0.023539954274387851,-0.12897370189407817,-0.34857725593472166,0.92836398080965921,-14.271110086743338,12.886204063255809,-8.8282153986399301,,0.1127099748104794,0.5230769230769231,0,5
-0.43914464499027794,-0.78477695940236381,-0.43735238054404391,0.88220004667258978,-0.46874808511935834,-0.044702464672698443,-0.16992662659878169,-0.40546313850720667,0.89817848164195235,-1.3592287805929528,-20.252259265368039,-1.2545690654594159,0.6295274425002035,0.4361771936995512,0.3265306122448979,1,5
0.88964634208038895,0.35835340700917517,-0.2830410247789153,-0.29844748228811541,0.92540527826862096,0.23356834389201697,0.34562767010016304,-0.12332034153979192,0.93023309284482036,7.8898150519040255,10.524203170465158,1.2016169018078566,,0.4535171043564977,0.1333333333333333,0,3
-0.30676329214695941,0.9396694231219147,-0.15138579141018235,-0.94901573889385915,-0.3141028357578089,-0.026618337676222771,-0.072563144384059086,0.1355019697961283,0.98811629186977135,8.687610714913589,3.8189507117319779,2.0654335656110461,,0.3201624580007482,0.2051282051282051,0,1
-0.88761599906778177,-0.31198554138554063,-0.33882570765110914,0.33318866941413722,-0.94284851975979123,-0.0046882150982351734,-0.31799866158985723,-0.11705422142384117,0.94083747824686381,-11.949098598822635,-3.9484388565989015,-6.5061732250856732,,0.07990218002628006,0.391304347826087,0,1
0.24726527022080783,-0.90028731631129488,-0.35824940227673341,0.96758464405353461,0.24902592370984092,0.042024349040219462,0.051379399903313673,-0.35702778240560828,0.93267964481707655,-13.848445265332707,-9.5875310174038546,-6.8802726469225641,,0.7973578431292031,0.8095238095238095,0,1
0.79834669168694694,0.53046711812650493,-0.28503893849624518,-0.52563603547958182,0.84481128629164737,0.10000324374518546,0.29385254478702971,0.069989478786542561,0.95328492843502655,-7.5215106871280453,-7.8875643548242795,-4.2668219188181524,,0.07909207175035479,0.3888888888888889,0,2
0.19138312291833026,-0.79698154467707394,-0.57288124223627068,0.98100581951769339,0.17412630973167614,0.085484561949201593,0.0316240783967826,-0.57836013495345062,0.81516837031510292,13.52662732613865,8.6181123201338607,3.4145820455637668,,0.3243863740286883,0.1818181818181818,0,1
0.84199375898233686,-0.3786673736211601,-0.38426231924252913,0.4673771929194705,0.8677555124969013,0.16899387583565378,0.26945327864680135,-0.32188723287215515,0.90762521997815615,-12.629122949769947,14.709796885119728,-8.2682696814931393,,0.5410090185384449,0.5921052631578947,0,3
0.48049604601170104,-0.66953304362738675,-0.56643539195407666,0.86643766176305936,0.4623371871448928,0.18849430670847844,0.13568097893840106,-0.58135172561367321,0.80225983514091037,-2.6392465491349335,11.515075450283804,-3.1834900334780358,,0.1212395032805713,0.1777777777777778,0,3
0.6888723291160096,-0.63059571653861868,-0.35749679223935771,0.69360573692131156,0.71671741466519368,0.07229957970476153,0.21063237141552729,-0.2977670058935124,0.93111160142760785,-9.4869938509092719,20.314256581656782,-7.1337101119296147,,0.09349378413266264,0.1739130434782609,0,4
0.30580250139387233,-0.80163795153641704,-0.51367443463515639,0.95023187092958272,0.29070906305201522,0.1120162136883943,0.05953336552653006,-0.52236465741464178,0.85064148915578319,6.1626746648739426,13.641648689645958,0.23647699428163546,,0.569630564811117,0.4166666666666667,0,5
0.93389452686376528,0.23284252231753469,-0.27133995742372963,-0.14386967533579226,0.9394577171409183,0.31099954055134432,0.32732633443198056,-0.25140317719786648,0.91085339834802193,-12.589338838965983,-10.993316411377704,-6.2754202352969681,,0.4105842784142517,0.1923076923076923,0,1
-0.79070863344983522,-0.46047815632835282,-0.40341011952148054,0.54839714035529963,-0.82566607983482609,-0.13242394443725092,-0.27210371816280599,-0.32593771207798522,0.90538620179862717,1.597331467346677,-13.929503141616559,-0.27683870569939384,,0.3160164924590295,0.581081081081081,0,5
0.41685198550393632,0.86199013724068152,-0.2884569733620877,-0.88567082128671615,0.45656738911562411,0.084459549593016811,0.20450334594509426,0.22027079356086346,0.95376053546020023,-11.070129520330124,15.783349442141384,-7.5784019625465504,0.1639997831094474,0.1337267087021957,0.3846153846153846,1,5
-0.81034535971675659,0.51213012328922969,-0.28471588435715872,-0.5243721229408308,-0.85065574708464176,-0.037665324031482469,-0.26148475035467517,0.11877515216419954,0.95787169733755306,-20.102984344546506,12.335280934056859,-11.563713408190408,,0.1257793685138893,0.3142857142857143,0,5
-0.89441075493594968,0.36644951785251378,-0.256406225198542,-0.32318236714806559,-0.92584756786619449,-0.1958556576686673,-0.30916429130719175,-0.09230943582274477,0.94651804475065826,-6.1162754005904238,-13.906377376944709,-3.3066503886113505,,0.315120045027707,0.1333333333333333,0,2
0.94268120737289141,0.077287497614639086,-0.32462098511719062,-0.052114500025786936,0.9949699732847459,0.085550167438846192,0.32960009125158085,-0.063729074794943691,0.94196729501226861,8.047076151932238,-10.76415373482997,2.1157051968491092,,0.09403297132853553,0.3513513513513514,1,5
0.81564691701695524,-0.44365114075789797,-0.37134050690027204,0.51810501564275413,0.84574957337058454,0.12757292780717561,0.25746320033464332,-0.2964478443971032,0.91969091331041941,-8.9059207036341146,-13.754523916940714,-4.4368818892691975,,0.1168588178395631,0.1851851851851852,0,3
0.86275969713145206,-0.36434137241300024,-0.35057248801618318,0.41895649659769196,0.90330607719531852,0.092269089410232735,0.2830568122554793,-0.22648067301696367,0.93197926252977847,11.630134489193315,7.2767549713717612,2.8430284919597426,,0.07941057575986094,0.2857142857142857,0,4
0.81754733857559814,0.48967354112189332,-0.30304483548330247,-0.49173101544221398,0.86749724807827566,0.075160714663898107,0.29969477412882189,0.08756910243781317,0.95000773399910288,7.990940045721163,-12.772435933361262,2.1531488148976483,,0.1031288009898745,0.2424242424242424,0,5
-0.92025464439248894,-0.17869381608147153,-0.34813777383141403,0.20018708236382857,-0.97940043831408941,-0.026455878077007,-0.33623878647281197,-0.09403882987579644,0.93706999575638961,-11.991985279890452,-12.423057820573426,-5.841686826269866,0.1926450711136825,0.1641410326838983,0.4242424242424243,1,4
-0.71923271145722045,-0.60304327038704231,-0.34502626104514772,0.64004756823156894,-0.76828715284854165,0.0086000679494769132,-0.27026545685815767,-0.21464776916795883,0.93855363087064392,0.6669104652014316,-12.759813828105395,-0.63053474444769275,,0.06872324923925828,0.2195121951219512,0,3
0.75567640124240132,0.59615867817463142,-0.27119735810366896,-0.59065392109680392,0.79923983774646346,0.1111018778058102,0.28298608110347717,0.076226715763458575,0.95609014517754187,1.0516579109057529,9.6797601876128461,-1.5503318207172434,,0.1261382263205061,0.136986301369863,0,5
