axis_00,axis_01,axis_02,axis_10,axis_11,axis_12,axis_20,axis_21,axis_22,location_x,location_y,location_z,dbh,dbh_approximation,score,reconstructed,number_clusters
-0.14240094313372711,0.98104618331355964,-0.13141673257436368,-0.98943491869080713,-0.13743672492564735,0.046148546207082322,0.027212369796477388,0.13659990061346602,0.99025246986940152,-20.155164599483467,-8.5702900503590271,-5.2430328811894631,,0.2592452145679863,0.2222222222222222,0,1
-0.31738485929016885,-0.82218336393031732,-0.47252657826791972,0.93177591098845658,-0.36298859585516852,0.0057385521454570822,-0.17623990125676089,-0.43846755336663357,0.88129773734515304,-13.522720733196623,13.416040864622897,-5.3813997711748778,,0.2575188998884739,0.2169811320754717,0,2
-0.51841023196050884,-0.79899311582076349,-0.30473075373135644,0.83181227391109513,-0.55382148911377282,0.037014850623192937,-0.19834105064132712,-0.23428990389436841,0.95171900714636481,-2.7566748320887489,10.653978503659053,-2.4912194587396814,0.1557440990138136,0.1148170235128827,0.5411764705882353,1,5
-0.79710313168168967,-0.52861508145398939,-0.29187787364347423,0.54705442824180694,-0.83681903941145119,0.021571922017439429,-0.25565220516215686,-0.14247803668597095,0.95621229811053865,-4.1904417042528994,17.253410764695769,-3.2126945529605262,0.2429791065895866,0.2056622804213357,0.54,1,5
-0.96242287583707098,-4.835747932470048e-05,-0.27155516148115838,0.012398730588320365,-0.99896492809245141,-0.04376464236165329,-0.27127196601437098,-0.045487032248755895,0.96142729852646691,-11.376422122120687,-5.9314495917249275,-3.2928328192291492,0.4201292027654693,0.4032435303021399,0.7168367346938775,1,5
0.95972831676278925,0.1057400328738602,-0.26027025080000543,-0.069767009942474853,0.98714630655255919,0.14378711271642791,0.27212887080820619,-0.11983828648422443,0.95476942911112028,-9.9024091207693878,-6.3939311405594985,-2.8521039137647644,,0.07401415869969938,0.3877551020408163,0,3
0.67178489117192819,-0.6376274007023226,-0.3770097583176345,0.72932262360764311,0.65838816326911132,0.1860471369336037,0.12959000998219614,-0.39994540169969012,0.90733130937496487,24.857205239954716,-7.7426137377750015,6.4037756116883786,,0.3841671242620658,0.6111111111111112,0,5
0.91495213216014215,0.31180443911509098,-0.25620419122983529,-0.29843829982785508,0.95012489692343061,0.090538728962249182,0.27165635838586549,-0.0063774598676763798,0.9623731869468134,3.5502629733572597,-10.931399533841862,0.9552294465709994,0.1073603313586446,0.09032590393216502,0.5,1,5
-0.94562857341350814,-0.15374561917968918,-0.28661626912474508,0.17563475072511961,-0.98307409705509352,-0.052132082607911537,-0.27374995065142832,-0.099637363887082914,0.95662602945768405,-2.4343979710566255,16.127771607934775,-2.6922737782720594,0.2958810716648924,0.2492035046207581,0.6470588235294118,1,5
-0.54216151087710707,-0.77183261138554837,-0.33216760246179766,0.8145723314844594,-0.5797924698514354,0.017680743297303857,-0.20623484890635077,-0.26098871988141287,0.94305465122188803,-16.706170190453449,-1.1415998950492177,-5.0669999843599554,,0.105951614503275,0.5106382978723404,0,2
0.059170831758135867,-0.88310379615988577,-0.46543151792401155,0.9982478242697651,0.052202492700077881,0.027860026858905221,-0.00030661006340117333,-0.46626450107626394,0.8846453080338873,-1.4573137919181693,-3.8975280060661119,-1.0281225302479173,,0.7284186660174,0.2551867219917012,0,2
-0.43131709152579067,-0.83654927624158715,-0.33786221300614605,0.88545218253227442,-0.46432920993687371,0.019308476072218018,-0.17303178611620945,-0.29083275816021165,0.94099750678434779,-3.4466309472679457,-16.107527458763208,-0.3492625673177211,0.3273967005090254,0.2948961255684122,0.8235294117647058,1,5
0.77831280091110122,-0.54206504099981034,-0.31685118788445682,0.60264241498208448,0.78656295800747533,0.13468790871898029,0.17621380082864785,-0.29577728854055935,0.93886340432520676,-16.497722691239463,2.2724481984489349,-5.2584768165259401,,0.1892043272950316,0.7142857142857143,0,1
-0.90536166932800455,-0.27062527491990862,-0.32723417958112738,0.32537565902210658,-0.93727488036827711,-0.12508588707988758,-0.27285697393971703,-0.21972200437178882,0.93662762748453265,-0.12409056199668098,3.3094079118708066,-1.2996293405871988,,0.1935722003579677,0.358974358974359,0,2
0.55460011999603454,-0.78408574593728964,-0.27861846657813322,0.82626738041368353,0.55854608484055202,0.072859365723300373,0.098493263549822685,-0.27062116348736875,0.95763420099119767,-11.669927308546244,8.8625905198462327,-4.720459858319928,0.4671501839097725,0.4288004696688853,0.9720083974807557,1,5
-0.95272387633946287,-0.12269671037682704,-0.2779617468563142,0.11496425214889539,-0.99239405486857335,0.044014322547972183,-0.28124799764719022,0.0099778316390228064,0.95958324636022574,-20.593384592133418,15.392221972870129,-7.3151922267644398,,0.1050642517803382,0.25,0,3
0.29086874376473987,-0.91152730442908436,-0.290711794017667,0.95662309662195999,0.28227136405441433,0.072077236658140878,0.016359245402380412,-0.29906663189849314,0.95409198968168485,1.0068636212710051,7.8860447644509692,-1.2903980401648827,,0.07674174947214475,0.2280701754385965,0,3
0.45868950548728549,-0.77073384105879494,-0.44223668301327812,0.88610281347702291,0.43399236555959425,0.16270350513769807,0.066526246729653599,-0.46649755935347059,0.88201716854793755,-13.736845599091584,9.1226479036025143,-5.1997130853450226,,0.6147626324197382,0.4735294117647059,0,4
-0.9192784259109561,-0.23593977006146016,-0.31505491673360592,0.27204402298195557,-0.9593300203795897,-0.075352249855516751,-0.2844630471862159,-0.15497850464448373,0.94607739529263202,-10.886903490810559,22.26822798020633,-5.1888382856514097,0.3720308584694381,0.3352815293375119,0.759493670886076,1,3
0.75901919318026412,0.60946696773670184,-0.22899755374634975,-0.59055567616966875,0.79256167562313673,0.15195388668024315,0.27410555946162035,0.019899888725232184,0.96149370081189633,-18.412880811656752,17.88861453513536,-6.9440656885620671,0.3136821465600075,0.2693099910439859,0.776595744680851,1,2
0.77353990173271081,-0.56834274713083954,-0.28039711519756838,0.60878179280121425,0.78934103469230421,0.079532758688612745,0.17612708247480566,-0.23222242082678529,0.95658350293336092,-10.089109997251786,2.6031482097870708,-3.9434493278327736,,0.08843236039361639,0.5915492957746479,0,5
0.03863018584065326,0.99159785860066663,-0.12345604707947992,-0.99620587477743394,0.047859336855450491,0.072686580155388078,0.077984381775107636,0.12017974327785316,0.98968442723164274,-0.99805596442114797,19.380396051870221,-2.3039328185561523,0.3519648819373897,0.3069343995192839,0.5135135135135135,1,3
0.59163171701938544,-0.69091379527935037,-0.41546364330634017,0.78659940319640798,0.60765725621245514,0.10960856656030775,0.17672942683024925,-0.39165135830868092,0.9029816848791653,-3.9187078668282398,21.225072304180131,-3.2563131230229079,0.5127237389475394,0.4475218564624815,0.5600000000000001,1,5
-0.80387217006409639,-0.52164926726520489,-0.28578239301628916,0.53858673757269815,-0.84227099374639014,0.022447699308990848,-0.25241604605737583,-0.13587352595389701,0.95803158853850801,-9.2768235304656308,11.208347147883959,-4.2103212727319113,0.1554736538377002,0.143074039507696,0.5606060606060606,1,4
0.49725736248614605,-0.80980394205753781,-0.31137227057237354,0.86380779680721365,0.49563215256331578,0.090470213443557837,0.081062973226932691,-0.31395277475048367,0.94597169598148267,12.340043864210283,27.710867707144669,0.9668622969981292,,0.3292412523013834,0.46875,0,3
0.43835039152186084,-0.80450276831823841,-0.40077952794637944,0.89854281769666788,0.40299748932940943,0.17382125405118329,0.021673463460292055,-0.43631218108423703,0.8995342915193123,9.3939992938830699,-14.819501815585975,2.7744852435365237,,0.288785128098444,0.303030303030303,0,6
0.96220547134021828,0.019731134836247756,-0.27160875030275378,0.049149654029552119,0.96841067784284174,0.24446895620659978,0.26785246392692591,-0.24857884334360167,0.93084027427385885,-11.498984150578128,-11.799607715116883,-2.8574531985786633,,0.2235647476484799,0.3333333333333333,0,2
0.74611491371404381,-0.55577691684531827,-0.36663954265108673,0.64937792830916052,0.7290354679870692,0.21636911203260695,0.14704027257315838,-0.39952384799757329,0.90485349815471439,9.8642675001738986,3.0713955551156626,1.4353324045121834,,0.2787642520641422,0.2647058823529412,0,5
-0.24313170637045384,0.96408070229430021,-0.10693630263442469,-0.96897710301786699,-0.24644151913024742,-0.018706990027221562,-0.044388592954655734,0.099070566327773321,0.99408987305122509,-1.9223238575376176,-16.004755883274115,-0.020610747402987586,,0.3218986922479264,0.25,0,4
0.90367821693865247,-0.29655247465918005,-0.30890501777098878,0.38510947803662099,0.87825638721992727,0.28347205900011219,0.18723346430843957,-0.37512977498582828,0.90786633474435119,-10.023385127718541,-9.5132763664268598,-2.6515048136902988,,0.3329902173767573,0.2857142857142857,0,4
-0.80335934774887685,0.58403260645475463,-0.11627412860204588,-0.567482866011773,-0.81001538610869717,-0.1477777759009869,-0.18049087280957848,-0.052735081917486035,0.98216192960610726,9.7784256027025958,-5.7193518610847107,2.0582716907612313,,0.3990923036742473,0.1590909090909091,0,6
0.62642293460030984,0.77530467227584876,-0.080603797391776755,-0.76107968421428973,0.63069162458117278,0.15161064922833664,0.16838058463793562,-0.033626475140866717,0.98514833344354136,-10.825600714402841,-16.134044872884584,-2.3319208619351914,,0.2473412617092217,0.2142857142857143,0,6
-0.96142605831928718,0.12322979234882414,-0.24591533637068211,-0.12231433588137922,-0.99230848609616951,-0.019054439362692202,-0.24637194974780952,0.011759536521268904,0.96910400663616514,-14.095217433367701,-4.079104901202288,-4.1067746933814009,,0.08692239590420045,0.1923076923076923,0,2
0.70457806039248949,-0.57494703547044146,-0.41593949465915009,0.68695887080549345,0.69958458405640334,0.19664414451559736,0.17792489043188825,-0.42428447550479714,0.88787691557468718,-16.332818475510656,16.037296399733094,-6.2779859651790177,0.4101921048182412,0.2799365207168633,0.7586206896551724,1,4
0.93773758579840427,0.2659809647470901,-0.22338833132728611,-0.21128161242499691,0.94725980172046043,0.24095424523259323,0.27569602904662144,-0.17875400537252994,0.94447800669534021,-14.11958091257087,18.643590889459961,-5.9130770045579606,,0.117241951126885,0.3333333333333333,0,1
-0.92860540356394028,-0.25118411818500314,-0.27312733887964402,0.2479166786406766,-0.96764022061666088,0.047007700398086619,-0.27609658622233829,-0.024061218102229824,0.96082866987814686,-11.331479208795345,-1.8216754368897365,-3.7573718091237782,,0.0790348997396097,0.4823529411764706,0,2
-0.7810414833195064,0.57882941436940349,-0.23437301550058753,-0.59929398473880036,-0.80026050939855586,0.020732509569608183,-0.1755588824011915,0.15665128840177844,0.97192564152413774,-20.233661863648301,14.542864019657797,-7.145651948521679,0.3597100366072816,0.3461700138752159,0.5203252032520326,1,5
-0.63627649675779119,0.7387289004615718,-0.22233270406413472,-0.73839561107222851,-0.66663579880814594,-0.10182648622384642,-0.22343710798097699,0.099379692947113338,0.96963886855201631,0.84336871940757741,-1.9391759053007052,-0.6314049512124269,,0.4989806968471668,0.3264462809917356,0,2
-0.81211400634237685,0.5537765498385413,-0.18385421820414546,-0.56353599586551317,-0.82609089152302551,0.0010101022518356937,-0.15132092408652556,0.10442878813630217,0.9829530030179392,-11.300865616178763,-7.5518145540596455,-3.136517694824176,,0.3075184223875919,0.3505154639175257,0,4
0.60067592844789908,0.79188170997710816,-0.11005356144617191,-0.76878898843814492,0.60989075785921076,0.19234540476489692,0.21943545802697653,-0.03092928841162355,0.97513663600484302,-16.29425986563799,-5.0824311781111184,-4.5796912749277032,,0.171943855877852,0.1052631578947368,0,1
0.11364768114866856,-0.91910934725819737,-0.37725616277556262,0.99300369585506121,0.092827838880947935,0.07298391841277535,-0.032060327317736885,-0.3829112170089875,0.92322864735718424,-12.901881286015303,21.807219248489428,-5.7758851336016219,,0.1196523402646045,0.3333333333333333,0,2
-0.96340952910211541,0.066240861521062927,-0.25971951697973861,-0.024642944042421251,-0.98676692830615143,-0.16026151911849024,-0.2668984910863369,-0.14799722114347791,0.9522930315767546,-12.373841326958045,16.764941249384705,-5.2777219528527954,,0.3006510297165128,0.2941176470588235,0,1
-0.093888014207241924,-0.92346856357891216,-0.37200921073237109,0.99118872492132026,-0.12177045879288588,0.052123573881858773,-0.093434214167339616,-0.36383755639965343,0.92676441460387338,-18.890243233277797,15.544404769607391,-6.9547942093383375,,0.229837774762929,0.1,0,2
0.95803111600122126,0.12496511009657021,-0.25799244568786961,-0.094676817309802819,0.98741195331024811,0.1267041227590005,0.27057841938621507,-0.096960588481061205,0.95780267448147416,-7.3554286822186805,-13.48777909962811,-1.5978380778952879,0.3525775865161468,0.2875074202980353,0.3333333333333333,1,4
0.19007936805138892,0.94931956504267356,-0.25032418434576892,-0.97454357321069307,0.21332072290722892,0.06898618044269772,0.11888926677761899,0.23083897549055071,0.96570114923797901,-28.592582277513149,18.501985238349906,-9.4015986071791442,,0.1337896086069993,0.1111111111111111,0,1
-0.62395644984025511,0.74359870226456548,-0.24029007198217764,-0.7719185807704112,-0.63437959843387881,0.041282317670708238,-0.1217376415252895,0.21124273971269519,0.96982289700467206,-22.62893243337124,-13.223673620498284,-5.4105781375374846,,0.5106075618319308,0.8181818181818182,0,1
0.96227067117527776,0.029147221147389542,-0.27052836245996015,0.058704027565724202,0.94859079341387131,0.31101341417695594,0.26568589074966903,-0.31516019125173333,0.91109004017535333,7.6994017000288828,4.2470050499440344,0.76481188709727643,,0.3007737854806178,0.2692307692307692,0,2
-0.90955175092042118,0.36175401745697394,-0.20457185351689031,-0.34604376036447931,-0.93183533558643272,-0.10925485465338028,-0.23015066437098805,-0.028582130890821893,0.97273518157992633,-22.709159669119266,-5.7937677533291945,-6.0756806506712966,,0.340162830348371,0.1578947368421053,0,1
-0.095245817561435187,0.97336245113799569,-0.20855160740614767,-0.99462106880292112,-0.084486695842199672,0.05992434996730029,0.040708275944697406,0.2131373663633428,0.97617380590205816,-14.816116102810488,-25.342387187110116,-2.3792042919757335,,0.3331510776665256,0.6333333333333333,0,1
0.94967726475178282,0.1977248251173486,-0.24293617751559343,-0.15190041227818799,0.96899739843368027,0.19485970999279839,0.27393312607877585,-0.14815173087438058,0.95026928134904776,-12.489945242488902,-11.278167460249957,-3.1376668241696692,,0.08603503675091803,0.24,0,2
0.95990630199732141,-0.0091589095224690175,-0.28017138640872508,0.113208698641863,0.92700119245175161,0.35756479097479205,0.25644430572278992,-0.37494653428107599,0.89087115482148493,6.3904339691750467,3.4460691839448674,0.46454435276803396,,0.4161931863783523,0.1904761904761905,0,2
-0.88210362699946643,-0.36879766911686607,-0.29305540515123174,0.39138367065247859,-0.92000391237462487,-0.020288508125924049,-0.26212976477496464,-0.13259366677692411,0.95588017342639309,13.84097073146158,-7.8101240976414381,3.3404989574526764,,0.1689332319759176,0.3928571428571428,0,3
-0.93683189823790824,0.2778590660138171,-0.2124625470003762,-0.24774195826130829,-0.95589939141365532,-0.15773482688314375,-0.24692087105145613,-0.095135129836104962,0.96435439051743699,-6.7110637226117271,-15.762313284914232,-1.2497555798523081,,0.5051681601540817,0.7096774193548387,0,3
0.92651032352426932,-0.25276295325835157,-0.27872838008188217,0.29122261852303322,0.95078353703459229,0.10583029889676157,0.23826037619281462,-0.17922487317363767,0.95452105161298106,-1.7671863383241868,2.3455248053810345,-1.659558242512831,0.2463619121728777,0.2298156668167891,0.8359293873312564,1,5
-0.76708645997414471,0.6344201150196247,-0.095338767470641336,-0.61633999087075908,-0.77001248297443636,-0.16494178281131791,-0.17805442588648926,-0.067763513206073475,0.98168463760018287,-8.8542005166289339,-8.5420090173747791,-2.4233582230116331,,0.4532461374832996,0.119047619047619,0,5
0.51418752117784305,0.85756905439161679,-0.013656866948718203,-0.83465008068649016,0.50398367993718929,0.22217041469783008,0.19740931050743882,-0.10283854971185825,0.97491219954318975,14.397585758491845,-9.0403912283002033,3.5700766847721979,,0.4528804360994425,0.3809523809523809,0,2
-0.27621857776867564,-0.88503365078299778,-0.37472487811348909,0.94682324903478043,-0.31752315566865258,0.052007506202883844,-0.16501221888900391,-0.34043278719291964,0.9256762312068878,-1.8143764842151879,26.333924606271061,-2.8402728565777586,,0.3194732472183909,0.6666666666666666,0,4
-0.18762921221122728,-0.93337188516639102,-0.30596111306166457,0.97477742105449483,-0.21526376964157479,0.058910855383772782,-0.12084807870770259,-0.28719058734686526,0.95021961062273363,-2.3509953564980619,-14.240782643576628,-0.25355418523295542,0.2293228810157524,0.1798367670668286,0.6883116883116883,1,5
-0.91342315591292866,-0.23031561646732646,-0.33557838883536817,0.30754209004953686,-0.93062034096776125,-0.19840273139503573,-0.26660082724933321,-0.28443012813048396,0.9208819148629469,-14.297481145896219,17.670084036766479,-5.8139238465894421,,0.2500719679397406,0.3846153846153846,0,2
0.70945772507877192,0.70087408756166425,-0.073791935268429393,-0.67721912775272974,0.70697647976017353,0.20385904461599494,0.19504868451719276,-0.094656063992323819,0.9762152632578508,14.797116586805402,-0.55418822470426121,3.0109310867328642,0.6948141869480124,0.4419230169210824,0.25,1,5
0.69643761862799436,-0.65721323205398641,-0.28817600693485906,0.70260426821976008,0.70618450265861754,0.087468225568914704,0.14602015490726636,-0.26338985519179059,0.95357427531519712,2.6305230599527305,-2.6633549292205259,-0.095339897428513523,0.122391009724399,0.0964606056189979,0.4347826086956522,1,5
-0.84869897357201451,-0.38959058564910481,-0.3576719556121179,0.45467011299457971,-0.88292237479911062,-0.11714592792152374,-0.270157621782739,-0.26204437725829233,0.92647050883447335,-15.282577952842402,-8.9427706685522672,-4.0356871300587223,,0.4652119909778362,0.15625,0,2
-0.94955706817875341,0.21694910602589004,-0.22643864437489097,-0.19212814232029005,-0.97315714368127415,-0.12669629288443673,-0.24784703185700152,-0.076800124327189787,0.96575027295000182,-0.26486984722382939,-25.625295779408759,1.3532752229925162,,0.3288657263613206,0.3,0,4
0.16828707004614479,-0.9300562877980213,-0.32661102795626634,0.9855946939471335,0.15310768453078821,0.071841048161045001,-0.016809560331575876,-0.33399601564238113,0.94242458595713308,-14.018525898569658,-0.93590315564673254,-4.3748638343918858,0.4909104509701601,0.1905013414341529,0.8274509803921568,1,3
-0.10690973412410765,-0.94417526153267439,-0.31161415927268094,0.98967948113689208,-0.13113255135007904,0.057782165008175151,-0.09541925050075438,-0.30222066356575622,0.94845022913579857,-12.088258800297321,-4.930993178167026,-3.5670198297028444,0.4289184770590413,0.3825548870266845,0.9562043795620438,1,5
-0.84280894565325892,0.52084632088240013,-0.13561781280536303,-0.49919563031294339,-0.85067833150582295,-0.16477287089485501,-0.20118847830655123,-0.071172230046117169,0.97696351511556301,-15.582390073403547,-4.0534238440165593,-4.4747201445557714,,0.2921051428130277,0.25,0,1
-0.6269945469026339,-0.71675727040897907,-0.3051833112577268,0.74666877714425417,-0.66464856285198448,0.026981940936409307,-0.22217915156977494,-0.21095331998966357,0.95191129912039218,1.8563935930842561,-14.921890056279988,0.85209428471919857,0.7389447548999406,0.8255485115952956,0.8207547169811321,1,2
-0.33893310460503689,0.90836665975877051,-0.2449374655733311,-0.94034514130122315,-0.3352705447012419,0.057833183268053742,-0.029586581992093637,0.24992733602875092,0.96781246162239398,3.6524385871171776,1.6804211056789382,-0.22435266202759166,0.5467369886745591,0.4675655492244256,0.9453262786596119,1,5
0.35054654250951406,-0.89135405960334047,-0.28741096354048729,0.93592050227874823,0.34461695165431172,0.072745928042647984,0.034204311846924448,-0.29449464691422789,0.95504082006474644,-11.443924739848647,-1.004282511492514,-3.8465405339467527,,0.08645433965407706,0.5225806451612903,0,3
-0.040046445972678306,-0.95555411305947902,-0.29208324015607318,0.99576857052642143,-0.062363357603925904,0.067496411609302934,-0.082711765285991515,-0.28814431912407679,0.95400818405283982,-28.000700565567353,14.405588155776599,-9.030846668019155,0.5487470689031139,0.5002164752145248,1,1,5
-0.017470806924031058,0.97985946022389003,-0.19892262092374252,-0.9968990427783887,-0.00180361712393108,0.078670486669418491,0.076727240358011775,0.19968020726906807,0.9768524686010811,1.5635677973738329,-11.301233966250939,0.43824958751777932,0.4873228712685816,0.4742095479733314,0.6621621621621622,1,5
-0.58962227246623988,-0.71835889722274304,-0.36919652028787298,0.7730698775733873,-0.63432073978377945,-0.00040431278526568943,-0.233898568188044,-0.28565310056270182,0.92935126079351671,-8.4760971148227515,-12.62571309620777,-1.9436070308790185,,0.3019416583721642,0.1851851851851852,0,5
-0.95407900684836833,-0.086473877654167045,-0.28680222658599464,0.10710464052213607,-0.99261179537795496,-0.057012451755536937,-0.27975318527204673,-0.085112232728354262,0.95629182950087921,-5.6363777849191656,9.7647623134669583,-3.2129138197016234,,0.09825586803129178,0.313953488372093,0,5
-0.95681737256944355,0.14088683153788928,-0.25426642768662999,-0.13460151265349532,-0.99000751226136574,-0.042042341246074699,-0.25764888577421935,-0.006002196704116166,0.96621996734388949,-4.5064610171710449,4.2913807849047974,-2.5246898130281155,,0.08082881674201914,0.2591463414634146,0,5
0.39345613208641922,-0.87395925046503797,-0.28528494641355234,0.91803406135659449,0.39005583440529012,0.07120328809478671,0.049048285522640712,-0.28991666832554169,0.95579422006742987,-5.3352196332666457,-2.1456703182539987,-2.2378964027385906,,0.07769749460953859,0.459915611814346,0,4
-0.93057934594551928,-0.23878828792589205,-0.27749276467870615,0.24259681227696472,-0.96989851924529424,0.021062977919598665,-0.27416941399920164,-0.047718087924890976,0.96049680713270835,-15.334086046271013,-7.0191781041347356,-4.1844164848040801,,0.1012847857002442,0.4042553191489361,0,3
0.61766365288863501,0.76775413489018618,-0.17042652451801921,-0.75361151324079323,0.63977396738005665,0.15086072309817675,0.2248583976888362,0.035254205732152981,0.97375348110648852,-19.508790877906982,-16.220198494780956,-4.3780949181466458,,0.2044636446492831,0.3809523809523809,0,2
-0.54802178021310521,-0.75057043660879619,-0.36921016792734668,0.80557174888328986,-0.59243509949226014,0.008649294232072403,-0.22522496711771633,-0.29268527906007857,0.92930567716351875,0.24647686561460397,16.581219501908194,-1.9147452701078529,0.5034446522568666,0.3101205239079911,0.5871559633027523,1,5
0.96185766535620953,0.096401826105246877,-0.2560010146836868,-0.038935759324796204,0.97456452054730558,0.22069889427952094,0.27076528256278543,-0.20231332930376908,0.94114583277232899,12.750135852996793,-1.7042668888981398,2.4233049804456339,,0.1688971487737467,0.1428571428571428,0,1
-0.9626135090800193,0.058433015097112996,-0.26450106783019672,-0.06778284600408481,-0.99735199639416083,0.026353008863698985,-0.26226078228404692,0.043296397485752314,0.96402526110082665,7.739546405226581,-3.4433105061442961,1.2178967310307331,0.6084433613865119,0.5354355800898123,1,1,5
0.96317035970580389,0.028458254230787891,-0.26738172329149112,-0.003797849528019542,0.99572425594071834,0.092297250610537285,0.26886508609924459,-0.087882500518804307,0.95916016992961439,-5.7528702129299196,-0.50582449552168307,-2.5010571406402704,,0.06634596353929037,0.2182539682539683,0,5
-0.70974743078719238,-0.61353487945030849,-0.34616980831504535,0.67119164488225558,-0.73817389884758644,-0.06783119415435071,-0.21391671353877859,-0.28048929882982793,0.93571651311212811,-22.670212172393356,13.049417525437228,-7.6558855968044295,,0.8535444560213772,0.6623376623376623,0,2
0.41173685940965155,-0.76857695051184649,-0.48965521517225552,0.90970553395737974,0.37844161802880633,0.1709321012304521,0.053931438797748574,-0.51582110550621119,0.85499706842980139,-8.9509108903629837,-14.459314315494577,-1.9325270871667326,,0.1176282782279937,0.2173913043478261,0,5
-0.96196968314076203,-0.042085470217280839,-0.2698946867106769,0.036868367130379519,-0.99902286708559018,0.024372823907557493,-0.27065670548353982,0.013495341295410647,0.96258133346752495,9.2582086398055043,4.3508726164004834,1.1939948784880792,,0.1989742018018474,0.6666666666666666,0,1
0.96300584975151993,0.11713401578399414,-0.24269189457142951,-0.011544690564510365,0.91769735042285194,0.39711244395844408,0.26923308389595163,-0.37961980371576198,0.88510019272548068,-18.062825836126695,-3.287046669035572,-5.192289838920205,,0.09942467796244071,0.5454545454545454,0,1
-0.39048654503273622,0.9047857312258637,-0.16995010655623888,-0.92031466767744308,-0.38831739389231767,0.047228318395182461,-0.023263073875887372,0.17484959871489186,0.9843202970695496,-13.616954565316936,-11.730286714387228,-3.3700831204545203,,0.1385531476303395,0.24,0,2
0.73711130074007913,0.66353608121593277,-0.12801093408717665,-0.63170050444965675,0.74385288346149436,0.21825984615606533,0.24004458544053356,-0.080017227461485568,0.96745844371221368,-10.040426258194895,-13.628347888168639,-2.2559684053494791,,0.6474470029497086,0.1904761904761905,0,2
-0.56321792437504115,0.79241486865739474,-0.23423117980609132,-0.82013093195133868,-0.57067494721188117,0.041416893670875803,-0.10085050381281353,0.21542697267380378,0.9712983039855988,11.693657002476888,10.412013253710162,1.6072699871388929,0.1608515729497715,0.09651807035196228,0.6,1,5
0.94104296592880188,-0.20094056543817945,-0.27214155404367829,0.23179163041624257,0.9689498183252766,0.086074907123929276,0.24639556884185942,-0.14408032040774277,0.95839975215266926,-10.816929660594941,11.442185220041274,-4.5806056174386303,0.2705182802691603,0.2337771544803744,0.8459016393442623,1,4
-0.81787329529452024,0.51665787939099417,-0.25327437396484676,-0.54238634287471044,-0.83919605907784456,0.039585723325630109,-0.19209458062912879,0.16974866742162514,0.96658422395645538,5.2280401217936552,9.7380725894316686,-0.26433610861338225,0.5627960190526781,0.5134185329080267,0.9308510638297872,1,5
0.40324071948457041,-0.86515325839869017,-0.29817236899433702,0.91371514620959715,0.39853980103813896,0.079313672060085993,0.050215074795725095,-0.30442711191779492,0.95121111210532527,-12.369500271599282,4.0773501221260595,-4.5594266250410964,,0.08811633408604561,0.5932721712538226,0,5
0.088272372064806967,0.98316939725091457,-0.15995600845022109,-0.99186826689263019,0.10153700638647843,0.076730551056820112,0.091680583884829969,0.15188210112895845,0.98413743851922952,-18.359243383073458,-9.2253228009571142,-4.7194539376520002,,0.1169508990422369,0.1666666666666667,0,1
-0.95869192868001651,0.14011679554057169,-0.24754205600510354,-0.1168220643544538,-0.98742802122685314,-0.1064824313020097,-0.25934993958695263,-0.073165473438398909,0.96300800740844328,8.2223393457558842,13.063018055430517,0.41412835587407465,,0.09902941657296213,0.1666666666666667,0,1
0.75455039682275149,-0.59306999633210322,-0.28093002350277185,0.63417960999462186,0.76905771620462204,0.079790045827791992,0.16873032010192546,-0.23836570348263364,0.95640570391520108,5.5067188857273894,1.2271616119747772,0.30353972304726101,,0.07090638045840353,0.2894736842105263,0,5
-0.60353136361163673,0.75975566710839915,-0.24191159425242925,-0.78850934795423622,-0.6137422167453036,0.039667361562727779,-0.11833385536635593,0.21469005026138144,0.9694871226545001,-26.069340639083713,18.308285408085162,-8.8052589575968199,,0.1578737874206612,0.6923076923076923,0,2
-0.87616203563851369,0.43242856626208359,-0.2129451159014763,-0.41355299193089862,-0.90132822746680819,-0.12876858792633478,-0.24761665971976987,-0.024758058325706867,0.96854170192984612,-20.087550629620395,11.706213012426348,-6.9460249685812565,,0.2197230084797054,0.2,0,5
-0.95848124462968964,-0.086304245687584505,-0.27178167868607223,0.076156750472191739,-0.99595489179355667,0.047686506162669097,-0.2747978403311036,0.025008612292227866,0.96117673518483526,2.2693928155718557,-3.9264534633378565,-0.15813855326988049,,0.07222282398972216,0.3465346534653465,0,5
0.96136378467480177,0.067989608564899856,-0.2667528568599285,-0.047859361741045402,0.99554321570871274,0.081259997231698328,0.27108883232158709,-0.065353797009412781,0.96033313293198985,-5.9022634147227073,-7.527572252066137,-1.790946633724805,0.5682434483207104,0.5144777790882952,0.9482758620689655,1,5
0.09266756574781769,-0.90590861494695174,-0.4132097574153703,0.99475883766200601,0.066219953025156625,0.077908746073084512,-0.043215473521739586,-0.4182636718461708,0.90729704268340339,-8.1368261142616749,11.289107241530177,-3.9263499303696041,0.6522454041413609,0.2570575518802378,0.1944444444444444,1,3
-0.5435151923147149,0.83342827565509692,-0.099942708896999424,-0.83838502021461969,-0.5448483077678633,0.015839173028507639,-0.041252801151314501,0.092399301193610089,0.99486711451133114,7.625384928298808,13.633088625000772,0.21165204458050799,,0.5890290857755054,0.1276595744680851,0,5
0.30113069005847931,-0.78699661008739696,-0.53847622344524226,0.953384013880061,0.26000469813636318,0.15315508161651889,0.019473817880630118,-0.55949431870034649,0.82860538120337301,-19.919443030155144,-6.5881728627944129,-5.3222766730891919,,0.1933831658212881,0.2105263157894737,0,1
-0.22381368478254912,-0.83400338561127063,-0.50432706381176662,0.96633665345131026,-0.25725817905874648,-0.0034207461030363075,-0.12688934825501036,-0.48811533687881359,0.86350594161424388,-5.8652431440038955,-18.222949470450647,-0.80241499872801103,,0.3461662743175858,0.2580645161290323,0,3
0.96598084591803657,-0.025236118009784907,-0.25737937692688534,0.089276831625971609,0.96658586123897006,0.24029444477088413,0.24271516774668905,-0.25509784632708254,0.93595642855048611,-11.895522952353007,-14.349770792397555,-2.7059970130923725,0.515625073711541,0.504710921759572,0.3636363636363636,1,4
0.38919691755504127,0.91050512873639244,-0.13966449051344954,-0.90538447233773389,0.40604668782405517,0.12411705989443453,0.16971952337718485,0.078144083920929613,0.98238932482635455,3.0113619337734736,-25.654322458432766,2.1982526549396635,,0.186514499467095,0.4,0,1
-0.047548791041680319,0.96570947266801088,-0.25523386701170669,-0.99738197738488488,-0.03196468382207425,0.064864860872234711,0.054482140727895013,0.25764990469128796,0.96470110550070276,-3.2732703104490675,-1.0866029928900851,-1.7255472374203886,0.4794922792001849,0.455709699722276,0.9959618208516887,1,5
-0.87978493024560211,0.43616446259410624,-0.18904771377283611,-0.43074871504690537,-0.89966850128484921,-0.071078353113401105,-0.20108212500911535,0.01889839585435843,0.97939207145859131,-3.6362396351238155,5.3608531386356049,-2.398246357833008,0.6076881783803296,0.3636458938813762,0.2794117647058824,1,3
0.82644508227023039,-0.4633906737582128,-0.31977743739242048,0.52829576502815978,0.83462755287449297,0.15588596035579397,0.19465895983659476,-0.29776825125699097,0.93458116710036987,-28.616125241929353,21.138729618516148,-9.5927963544636867,,0.3953459565127373,0.5581395348837209,0,1
-0.46956124896844836,0.86841276223291719,-0.15928436162469037,-0.87911644858116555,-0.47656120516748207,-0.0066096568258395974,-0.081648657681734474,0.13692586359162184,0.98721061814511435,15.161622369174331,-15.586789977424891,4.4563104642524785,0.4722367244391474,0.4045772723997318,0.4166666666666667,1,5
0.59547263718273258,-0.67094414035411964,-0.4418668338890282,0.79255190718959212,0.58059298664893788,0.18647589191154793,0.1314298777933797,-0.46124369305014734,0.8774852949449804,-7.3464395785416023,-17.884996042565401,-1.1895718006649942,,0.4993443600678759,0.2333333333333333,0,5
0.95469054129521846,0.19384127087935057,-0.22581304671192176,-0.11616959101520488,0.94131763790439604,0.31690019042822876,0.27399013939337746,-0.27630900505406225,0.92118550642160602,7.9926163999947324,5.1363760090194521,0.84593085756858222,,0.3527504600892246,0.1428571428571428,0,1
-0.8678510278133662,0.42264610797461127,-0.26116060372345395,-0.44828710937446675,-0.8927616217850205,0.044892696916828977,-0.2141804404981241,0.15603510528626163,0.96425089309076395,14.374302670195503,-13.013349834534564,3.9411986995955006,0.3750385744200579,0.4151485844883962,0.8676470588235294,1,5
0.13404012566445792,-0.90755407815152711,-0.3979683906322059,0.98934338268416733,0.099512231723928563,0.10628728464107225,-0.056858735924266296,-0.40797415477926391,0.91122125369266871,7.5067194940093449,-10.429683257558278,1.8760963315003958,,0.1627239931429658,0.3181818181818182,0,10
0.8252621846840551,0.50365907587843173,-0.25547967006355948,-0.49761021633104013,0.86242250899521178,0.092798106561392035,0.26707002664746282,0.050546525733112531,0.96235058559905029,-7.3323537348900043,-9.2136076444042612,-1.9504108833143019,,0.07653912771622755,0.3333333333333333,0,5
-0.87706289243704205,0.45573654682489534,-0.15187126982444832,-0.43443015290673892,-0.88742061829624397,-0.15412685836070278,-0.20501493837132401,-0.06920148922409658,0.97630939201349975,-6.4679543847357008,13.503536353659328,-3.6131486654778522,,0.3917521180061872,0.2448979591836735,0,3
-0.74032117550535881,0.6257316076296604,-0.24573260327348725,-0.65264452763493208,-0.75663136413544196,0.039548695992625157,-0.16118212570424997,0.18965477589489152,0.96853053040867942,-13.334700709319945,2.4728935618815369,-4.6956288478534702,,0.07529632509079424,0.4070796460176991,0,3
-0.41160810404589071,-0.8357556848886617,-0.36344353599979251,0.89639516965430066,-0.44323722766583462,0.0040570717942583047,-0.16448242612566871,-0.32411910648307996,0.93160739386740832,-11.760495824694921,20.461678901135006,-5.3305155434082128,,0.1203468891104897,0.2916666666666667,0,2
-0.26115792270702542,0.94447798155782059,-0.19939378565997823,-0.96528498469969393,-0.25651349351098607,0.049251659465457377,-0.0046300886237134872,0.20533428841587878,0.97868094508888936,15.180134927690155,1.9872472451343079,3.0292539036839492,1.078575080438665,0.817071086652307,0.125,1,5
-0.96470960810325701,0.014482864950246034,-0.26291751302660227,0.019883027704895445,-0.9916289867622905,-0.12757984880881409,-0.26256434876530171,-0.12830510214183394,0.95634604799822664,11.16034373280813,-6.4992461086084337,2.4884304753446771,,0.2793593556144647,0.3703703703703703,0,5
-0.71022177982146861,0.68099601969853807,-0.17840808451966239,-0.68763188593741542,-0.72537855671048357,-0.031437857859111067,-0.15082245492425772,0.10035123626226504,0.98345422693242612,-4.5995379107057808,-2.3030754755793934,-2.0037114082474727,,0.1517806239607254,0.2516556291390729,0,5
-0.31891474470019932,-0.90108423335783217,-0.29383769330488424,0.93547983496764708,-0.34905729724752882,0.055104279390576313,-0.15221978840384434,-0.25730566964639295,0.95426564875097053,-10.169975486472174,1.3527641560191852,-3.8681134447625296,0.3334448336327203,0.2975702775048661,0.9360323886639677,1,5
0.57998138246258979,0.78317353187056449,-0.22418923920244227,-0.78597465295197488,0.61032226106828935,0.098745038161489496,0.21416218366884149,0.11893677573348498,0.9695300936352188,-9.3703067833416469,-1.1641396618543678,-3.35067057956888,,0.127381929022008,0.4137931034482759,0,4
-0.74859935079895168,0.65618014927531498,-0.095008545302062819,-0.64614532704607408,-0.75414058389416527,-0.11733795660522728,-0.14864463770991135,-0.026449790562375539,0.98853688866895395,-10.232732101895422,-15.045659285393683,-2.194187477811377,,0.2175979494639368,0.2222222222222222,0,3
-0.31582261249601823,-0.89311491788759545,-0.32031518990335633,0.93619033119047979,-0.34821987674230404,0.047860016997843112,-0.15428461109796213,-0.28476070811860199,0.9461012619641419,3.870348802468802,15.1267662114484,-0.88589388121450796,0.1362945354010446,0.09289829254963318,0.36,1,5
-0.24731267237376592,0.95387202952376171,-0.17018987448014727,-0.96886204472358251,-0.24561537419736951,0.031295786488394289,-0.011949074331817727,0.17263035437056867,0.98491419949785797,10.141308602284184,-12.66014452462686,2.8044745199275969,0.543903753115759,0.2802763968418678,0.2777777777777778,1,5
0.41430079725646146,0.8932089454897576,-0.17473588380677885,-0.89341878453345391,0.43575604419994529,0.10917667052068183,0.17365979625528416,0.1108803392865067,0.97854372693522607,4.524134031763646,-3.5879863302864803,0.45459998631791804,,0.2361853814791444,0.25,0,4
0.84558746465395573,0.47400626085985403,-0.24556038826682863,-0.46294216148004169,0.88016582182784175,0.10484598805060258,0.26583151570926017,0.02502380370327598,0.96369466871200282,-9.5934598186355533,16.568026509355757,-4.5341781915299899,,0.09973240528136776,0.5208333333333334,0,4
0.89308332623779085,-0.355863958606907,-0.27525082263395101,0.39093639258757262,0.9166363849713054,0.08334551396057864,0.22264525448942402,-0.18204005249219027,0.95775284387047421,-14.191471790432578,4.0262549838128994,-4.9643547653196851,,0.07127077229650111,0.2735042735042735,0,3
-0.94864399477871864,0.15686770381683537,-0.27471274937561657,-0.1545082365334082,-0.98752523423313798,-0.030349902736648646,-0.27604669172734719,0.013654129486030684,0.9610472354334969,5.9354680797701151,6.1469504037350271,0.090932864391422535,,0.1374379198414313,0.3421052631578947,1,5
-0.96120251754862074,0.15774917276698491,-0.2262850387222404,-0.1473707618386309,-0.98712631350016389,-0.062157057126912253,-0.23317714041752763,-0.026397721244620836,0.9720759134449305,18.095437045828252,-3.115035946177009,4.0493268467066379,,0.4842733330603385,0.75,0,3
-0.96294040266642889,-0.012544249536708298,-0.26942238718446859,0.014480952940997145,-0.99988161368922002,-0.0052019811766926861,-0.26932523631204247,-0.0089106907590170738,0.96300805639187681,2.2924585070406924,1.4465160357137457,-0.56197462478023441,,0.07300876990326935,0.2321428571428572,0,2
0.90599487949159041,-0.28962457735977026,-0.30869221325487678,0.35531186679580556,0.91671270908807978,0.18273282767602075,0.23005815710184996,-0.27523701274641288,0.93344406965030979,0.31127543140657804,-9.0507453522701198,-0.068595604878390004,0.6594161138645156,0.3993511927415995,0.2666666666666667,1,4
-0.95697538416723593,-0.10492598872955351,-0.27053401077701705,0.10445096393666545,-0.99439817409720954,0.016194674582691256,-0.27071776859060259,-0.012759633273077291,0.9625741953366832,-6.6454435110281116,10.176290439853014,-3.5381019827997475,0.3010785844837764,0.2114984116467511,0.657258064516129,1,5
-0.86981967126036142,0.43732851208323315,-0.2283801918021415,-0.45077121511849394,-0.89260748979565741,0.0075617974907988446,-0.20054688007823451,0.10952461677523005,0.97354265813631691,-15.085483831663307,-13.686254128191605,-3.5104806288735908,0.2936742039183293,0.2156699588215643,0.6666666666666666,1,2
-0.94977971860541754,-0.15300201985829578,-0.27296312579741683,0.15410010535726348,-0.98789943308447203,0.017546157421487522,-0.27234471475447269,-0.025398661985643108,0.96186447294545807,-10.252320501976282,10.719655849444356,-4.3949014441221488,,0.07161819597817722,0.1379310344827586,0,3
0.87345158024794101,0.46548865132616446,-0.14283785369755844,-0.40512206270566475,0.85749507077018849,0.31714084869965603,0.27010822140668755,-0.2191404095354825,0.93756014721037384,-23.258104096522853,8.858780003669013,-7.4396713126259835,,0.2737359823912495,0.3333333333333333,0,2
-0.7343541032360853,0.66294065697869642,-0.14571800295427526,-0.66330999912314104,-0.74645269841560546,-0.05318095609635129,-0.14402741448622217,0.057602555088452481,0.98789576855238015,-7.3384789639385213,-2.5251475015310456,-2.7020590718995643,,0.2413389880008055,0.453125,0,3
