axis_00,axis_01,axis_02,axis_10,axis_11,axis_12,axis_20,axis_21,axis_22,location_x,location_y,location_z,dbh,dbh_approximation,score,reconstructed,number_clusters
-0.76395412178879307,-0.61853641553249528,-0.18381186703291799,0.62329292532499492,-0.78107259126214879,0.037835650104668342,-0.16697313868321803,-0.085663935464376492,0.98223299736825709,-15.205872944605559,13.06113068548089,-4.9536382496687477,,0.07031744044257701,0.2222222222222222,0,2
-0.051708059846568573,-0.96103361534068621,-0.27155232779726812,0.99615913743658302,-0.068875154817456083,0.054066495637089151,-0.070662928388990603,-0.26771365903532585,0.96090381793258106,-3.031891488273128,15.2324073273646,-3.89252908240586,,0.09775383495186889,0.2580645161290323,0,5
-0.83192789945156265,0.55478348550697576,0.010547716475230309,-0.5475725496976509,-0.81774241481106236,-0.17737430996789155,-0.089779022782184359,-0.15333827711208825,0.98408693713542017,13.164053922578411,-1.0520263812842459,1.1163112806784898,0.3939362946184765,0.4555100104093492,0.3382352941176471,1,4
-0.86155201656052516,0.49233259007504016,-0.12384160654035552,-0.4986014981723515,-0.86650071768333892,0.023938510282512197,-0.095523132176348474,0.08237188236444537,0.99201320768171175,-10.248469522101376,-13.672785997970767,-1.001499007193299,0.4466527366599022,0.2006172491147449,0.3684210526315789,1,5
-0.92789352312140527,-0.31856236686268469,-0.19373081367761436,0.33194451425151067,-0.94244319987853975,-0.040170318159392288,-0.16978353632692098,-0.10158165888359191,0.98023197120415462,5.5633015440227798,7.0369075812930726,-1.2937676537710314,,0.07715304497150019,0.24,0,5
0.88658665919189983,0.44723212209718322,-0.11809963889613878,-0.42650086143710014,0.88920684870719879,0.16555420684967731,0.17905616698779075,-0.096408553441406378,0.97910381466266272,6.9079187852613089,2.8677928723018509,-0.48536323526666525,,0.07830214786941544,0.2352941176470588,0,5
-0.25064348823516808,-0.95006060379918311,-0.18591043788351247,0.96163554571396292,-0.26646185822797464,0.065231551638018526,-0.11151196807839064,-0.16242822174248786,0.98039897682364885,-4.9869446840335794,-4.8588524051451367,-1.300220206732583,,0.07014713078647501,0.2325581395348837,0,5
0.41048380102513693,0.91124525203056872,-0.033691835030188889,-0.90241044567600304,0.41125670552306659,0.12854302663758496,0.1309902157826803,-0.022360966304236174,0.99113144968523115,15.223208229221727,7.777327375938734,0.2355157006221392,,0.2380457235736418,0.2666666666666667,0,5
-0.79442573968618913,0.60613770342211426,-0.038533473944315673,-0.59627252589169744,-0.79041837732030795,-0.14034907787750589,-0.11552843368966322,-0.088520468166953109,0.98935196352193955,3.0318833292786587,-14.329627740395601,1.1494150084562507,,0.1651644187257196,0.2941176470588235,0,3
0.96897663687261681,0.22331920718281256,-0.10589055150614633,-0.18490441941062052,0.93931337784678659,0.28896493538227658,0.16399583189049988,-0.26042064031351664,0.95146542618281371,-6.4998036953517291,-9.3628108128741623,-0.9882174673329831,,0.1231025404343428,0.2631578947368421,0,2
-0.82656160838975679,-0.53803008085828197,-0.16528623544557436,0.53680117392962345,-0.84185341573014894,0.05592250076006771,-0.16923476948877089,-0.042502453048173482,0.98465889234849813,-6.6131873285977374,5.7534609082860921,-3.0008465817210741,0.156331309649389,0.1036105450969925,0.4937655860349127,1,5
-0.070654770926661656,0.99167540681212329,-0.10764660175458987,-0.99541563886995277,-0.063121162899152927,0.071856973825665305,0.064464015065962998,0.11223014888285993,0.99158901992877413,5.773706038530209,-6.6744508136244196,0.61366041193771492,,0.07487778641672112,0.28125,0,5
-0.95529749157264421,-0.24195699780901403,-0.16989265377368187,0.24070860385633427,-0.97018695365662067,0.028224864641336316,-0.17165683972551077,-0.01393148110346454,0.98505829432055225,1.267993291412026,12.997479334978497,-2.7380431806113839,,0.08048724968286727,0.2432432432432433,1,5
0.91306771502946671,-0.30962733733128045,-0.26540207186081261,0.39208760125821474,0.84547501771301015,0.36254559349517118,0.1121367946324914,-0.43508953837150394,0.89337698251590525,-1.9984601699741236,12.791321405098023,-3.5020471600251715,,0.2152177560395154,0.2857142857142857,0,1
-0.95898448267552683,0.25838946196096219,-0.11654890791026921,-0.24519110952969173,-0.96247046903244282,-0.11632676410898535,-0.14223249205139635,-0.082978805655380766,0.98634904370453746,-1.9346860333966478,20.471024505221443,-4.1202112445930501,0.6380373740597616,0.640796675176293,0.7738095238095238,1,5
0.006847556699113814,-0.98040472587763583,-0.19687479382605136,0.9971626136162699,-0.0080648759133493293,0.0748443704126871,-0.07496554524060807,-0.19682868503675999,0.9775677141627982,-20.900505126366902,23.538692989144131,-6.5761095068740802,,0.1392180079518375,0.4166666666666667,0,1
0.28046822252314974,0.95289485621340908,-0.11545115485231319,-0.952602980614497,0.29109174825296497,0.088392055205259751,0.11783521323900725,0.085187951619111996,0.98937246546478075,-3.0349521432165765,-4.7234496891890601,-1.0227081530695672,,0.06732308890640262,0.4520547945205479,0,5
-0.3251353074618103,0.94198523860508809,-0.083371710380857347,-0.94524004032522635,-0.32637338744206712,-0.0012954287145668828,-0.028430582260626537,0.078385089268979177,0.99651767659817037,-1.4642067171091633,-3.3637900867646451,-0.93603138882043402,0.6567132704795704,0.3738049828614591,0.7881944444444444,1,3
-0.91085199372347192,-0.32444172706825469,-0.25511999385964351,0.37593738607879734,-0.90729548153574946,-0.18837725694216215,-0.17035177509558719,-0.26749294368596044,0.94838167306206533,-15.651662499648543,-3.1789025723492279,-3.1013003994819317,,0.2088630662615914,0.1904761904761905,0,1
0.89880902909493976,-0.3674621107177109,-0.23898520122446459,0.42638365798847638,0.8593933334579249,0.28220573099857954,0.10168237515803298,-0.35554844338706015,0.92911032659596493,-8.3402659509872912,-11.030622184071998,-1.0515242730529424,,0.1477491772974507,0.3529411764705883,0,3
0.98185981891461149,0.11648255064097134,-0.14960986397006359,-0.10104923306876233,0.98911760236466273,0.10693652878505341,0.16043798956974725,-0.089878718774552835,0.98294530235118538,-10.532106358714628,9.4302963856842581,-3.9655757081607783,,0.1385968265787475,0.6240601503759399,0,1
0.24521874459328041,-0.9484800320548068,-0.20063249012412773,0.96859693102891975,0.23092478298792454,0.092161433383696631,-0.041082265047744392,-0.21693172519318749,0.97532193357027208,-11.569846267165783,-7.582005161229401,-1.9441141837477238,0.4867698296646593,0.3856450244321912,0.7243589743589743,1,5
-0.9835060373379535,0.11352761171871163,-0.14080964419116712,-0.11157692761910583,-0.99351889713605901,-0.021697701643978017,-0.14236033065035514,-0.0056287130852200806,0.98979889565816714,7.2056998373116992,4.743179355137463,-0.65667931413776859,,0.08796927324668506,0.175,0,5
0.23540595105865261,0.96775117724237714,0.089675510325647689,-0.96574382961461025,0.22255138837558058,0.13345311945926336,0.10919200413710806,-0.1180192292725873,0.9869896492640774,-7.8091183930340744,7.0240029155021961,-3.3752635022167645,,0.08187474705351347,0.32,0,5
-0.98215450977366847,-0.091866211816680324,-0.16411312579346074,0.092424313170352823,-0.99571064967951073,0.0042483467133757604,-0.16379946662378356,-0.010995510050076193,0.98643237654311866,-12.006219277213319,27.44360232250936,-5.8738321742569726,,0.1964678076135185,0.3571428571428572,0,3
-0.34468887053090264,-0.921393388324388,-0.17950990636796196,0.93087907357560995,-0.36016289741690355,0.061211418079268928,-0.12105260390072052,-0.14600312077611483,0.9818499660398684,0.48838086810098491,-11.000725567675591,0.32925993487188532,0.1624907969608604,0.09349112011256569,0.6428571428571429,1,5
-0.87120986591526062,0.47631693044633733,-0.11880888561927185,-0.47937656760359143,-0.87760349078590116,-0.0031967785347726463,-0.10578977249485541,0.054169130790334162,0.99291199474319325,-6.9648944999050091,4.6781180275218377,-2.8597074205807638,,0.1548396791357636,0.1505376344086022,0,4
0.88229982447380439,-0.43992761682811704,-0.16736400952841646,0.45926549885171247,0.88248645125598602,0.10145375751594389,0.10306416107445839,-0.16637714777441612,0.98066121744487722,-6.7272329064317544,-3.3579828708870636,-1.78013359897361,0.1312095842819827,0.104807891023967,0.575,1,5
-0.28777323429873469,0.95046556815311667,-0.1174809319703317,-0.95728255644498916,-0.28186042157001778,0.064535338214939633,0.028225391890819865,0.13103398989477497,0.99097599403056413,-20.264578238172529,-4.2177458225108664,-3.6277149954862993,,0.1273864683599908,0.5769230769230769,0,1
0.1987974903708942,-0.92625557400807745,-0.32020332515637939,0.97896339222102702,0.17236638274498817,0.10918107340793216,-0.045937288920159837,-0.33517225678503887,0.94103630310859443,-15.861835545472074,-7.5705480746028959,-2.5939065401524148,,0.2817189716646228,0.2222222222222222,0,2
0.48821362737275203,-0.84814469174833473,-0.20566486308230261,0.87270771888537624,0.47590098713040424,0.10908477366795888,0.0053564396218593845,-0.23274198655899944,0.97252376641763782,6.8497310513657075,-8.9411107035039361,1.0656278706060678,0.1105691483604849,0.1435503901800264,0.2926829268292683,1,4
-0.97030975345543469,0.19308010941528009,-0.14566761375624093,-0.20038018039624694,-0.97901601817219497,0.037086648091036574,-0.13545023312501686,0.065174439088068511,0.98863821837714472,6.168513450712318,5.1698044292590044,-0.93525831118948799,0.3768315952951834,0.3470643437045454,0.9346938775510204,1,5
0.69477767506358645,0.70491067632507098,-0.14277577048004278,-0.70069967842000525,0.70817597209492722,0.086641521278813943,0.16218490341378813,0.039846341743467809,0.98595553964381388,-7.9890810934604106,4.8631196915082331,-3.0372218902704429,,0.140492990845857,0.7337748344370861,1,5
0.69813142191842315,-0.69193709139851955,-0.18394450053512937,0.71391792687939892,0.69220017985685534,0.10573601414068211,0.054163746273519671,-0.20513891038292695,0.97723298963784666,-20.621556085628917,13.007986359763535,-5.5508873898617352,,0.1828759602094562,0.6344086021505376,0,1
0.25360923221941878,-0.94096843489216719,-0.22418912076562236,0.96669993218381634,0.23834090525028151,0.093192564082556523,-0.034257823177808081,-0.24035810246601264,0.97007957618437479,-25.231649262252173,-16.38172813805506,-2.9676299615471131,,0.4157345988467119,0.9,0,1
0.97018952128668057,0.19275731662351001,-0.14689080867646165,-0.17830188442443237,0.97824468246378971,0.10604611846745825,0.16413631772468074,-0.076693924918612086,0.98345173297135435,-2.7440864096440913,-6.3614575508500684,-0.79517267587976759,,0.07689101761784312,0.3466666666666667,0,5
-0.84741694402914192,-0.47424293379843274,-0.23870099018346325,0.50250305818332341,-0.86155176774921916,-0.072244224714527225,-0.17139194697744106,-0.18116895768991709,0.96840209070449224,5.5700776040788709,13.535900928254595,-2.003074359449224,,0.1349836718821134,0.4545454545454545,0,5
-0.24238335310577658,0.97016555518618519,0.0053949668657209031,-0.96959048839035988,-0.24242610364174128,0.033524156902560318,0.033831863090054197,0.0028947890019026135,0.99942334635353158,-13.022212340139097,19.2235624260226,-5.271418205305773,,0.1031681913634204,0.4,0,2
-0.78951529104713525,-0.56262682222296678,-0.24518699826468221,0.5934778208519349,-0.80167320841955148,-0.071443285612733387,-0.15636393880814667,-0.20191861186525134,0.96683979687578736,8.0245241280161679,1.344829464813823,-0.058161247632941331,,0.1612054811142324,0.1071428571428571,0,3
0.81626677557753524,0.57444856090359631,-0.060970500769166686,-0.549452993452342,0.80463808056200059,0.22507547022223809,0.17835346667367097,-0.15022120417999679,0.9724318129001116,1.386515653361627,-12.141021923866449,0.62881488654702289,,0.1222472379441601,0.1388888888888889,0,5
-0.80498397001275945,0.59201071086862356,-0.039040059417542974,-0.58575437361958704,-0.80348707869114266,-0.10630300165987693,-0.094300698873462402,-0.062704326750246397,0.99356708157968698,13.962949950582461,22.539655761199686,-1.2088214787435998,,0.2874592255340589,0.3157894736842105,0,3
-0.30106629743120539,-0.91418023376240543,-0.27135508977938688,0.94916529278086126,-0.3146978237758381,0.0071082129240485356,-0.091893043976609828,-0.25542078989163275,0.9624530578474193,9.6668007782828624,4.074158224606002,-0.14692597018160103,0.2098066297677718,0.1836706718569236,0.2553191489361702,1,4
-0.8487117577155201,-0.45483404582854414,-0.26984132943392958,0.50092203839959748,-0.85500005250697941,-0.13435781204922348,-0.16960384359154346,-0.2492005236116093,0.95348499478003079,9.1517171561318307,2.905014879827009,-0.072783824409337936,,0.1029758711482547,0.3666666666666666,0,4
-0.98557114230219733,-0.056087481951008294,-0.15969883477827174,0.053395821454171592,-0.998350485777035,0.021099616110075124,-0.16061883361666104,0.012267922283484728,0.986940265857296,-12.44159407533289,-1.6564407544879689,-2.8141411980704936,0.6797827745061017,0.4551043897689979,0.6711409395973155,1,3
-0.77229678351308439,-0.57785984624708653,-0.26388572578038205,0.6129534130290869,-0.78695860012565999,-0.070599399036079646,-0.16687058348114756,-0.21627334506026383,0.96196676064462139,-1.6093720736864894,22.096306503281724,-4.1130752305880849,,0.1970661499625123,0.4210526315789473,0,1
-0.62362053356808433,0.77933499659188077,-0.061109681715676704,-0.78005291405556443,-0.62549416201618802,-0.016568179051688437,-0.05113591092060446,0.037336528638856142,0.99799353817723713,-0.67912301951619569,18.178393697719837,-3.7004623525950606,0.3459130370853757,0.1647851448310905,0.3043478260869565,1,3
0.68179926953668768,0.73143001742556235,-0.01264459046711279,-0.71372058229982804,0.66888448853543481,0.20783760823846112,0.16047643584287954,-0.13267882500810452,0.97808161363642632,-19.471168342036638,-5.7647926713859103,-3.3313564973421976,,0.3877994615171899,0.1818181818181818,0,1
0.53954137334346397,0.83717017675294803,-0.08967274728749916,-0.82938484000732748,0.5467986225948307,0.11459517221251567,0.14496859527728503,0.012544380567988544,0.9893567328822791,5.8170940988371633,20.499460177660584,-2.4866713920578669,0.3928559376756439,0.3227644599521979,0.375,1,5
-0.98396472477865227,0.086743242546032426,-0.15584938326432912,-0.073555879367232624,-0.99335771241919835,-0.08848721821715444,-0.16248985507343122,-0.075604662884622337,0.98380942359194679,11.454146746810929,22.175891212354422,-1.6198254926764579,,0.2539426803108344,0.6666666666666666,0,5
-0.80261488960167171,-0.53667147870059428,-0.26037101017397002,0.56926994759901572,-0.8195270860694569,-0.065628362459520903,-0.1781602249389849,-0.2008956922082257,0.96327558626899079,5.0335620360899958,18.025764658431726,-2.4573321738004004,,0.2400673817027066,0.1428571428571428,0,5
-0.36527413641455109,0.92844028520005473,-0.067627228867111019,-0.93082624533334468,-0.36336565988389313,0.039088338616141013,0.011717775609349421,0.077227158660562178,0.99694466230577961,-13.123969638723546,-17.980900931782031,-0.869909105304706,,0.2270147247377664,0.5454545454545454,1,3
-0.62407629524308028,-0.75082918045018476,-0.21629683192357796,0.76700988862198338,-0.64148783269734366,0.013754681288849727,-0.1490792020094181,-0.1573178384219967,0.97623075614450228,-5.2596584874073766,-5.9610453190499024,-1.1947990586302535,0.2924432574519891,0.2369705228281199,0.2315789473684211,1,5
0.50134323302889505,-0.81475699527812784,-0.29124903663616147,0.86456049195234563,0.48513279316251756,0.13107756769734402,0.034498093443740017,-0.31751726196175672,0.94762475163170801,12.630914218562577,8.5297157069514178,-0.26407864507898071,0.2452042101126616,0.2274093943836403,0.2777777777777778,1,5
0.98794748179109948,0.0047441206017271751,-0.15471673000145242,0.032778584105299484,0.97044999477229454,0.23906562293752204,0.15127900596803864,-0.2412556755107948,0.95859812298332436,0.05194600543966757,8.0366890538968025,-2.3341213481150414,,0.1196691915557991,0.35,0,2
0.62094064873974864,-0.76227603704167834,-0.18266897408890478,0.78313116128275262,0.6133154025386931,0.1027122253518376,0.033738627277736195,-0.20683196165204648,0.97779458204092107,-0.26189450691907157,7.1891081743570959,-2.290396618296366,0.3327364574894625,0.249969316370137,0.7872340425531915,1,3
0.9712120081685901,-0.17177306067331349,-0.16504923755067466,0.19861199183660716,0.96644729790750405,0.16288921715688026,0.13153141027082582,-0.19098072152499587,0.97274141071405107,13.302600523418029,0.59504292595519448,0.92373862790286809,0.3771671820892949,0.3321475796691949,0.625,1,5
0.91316219652151376,0.40447657408128884,-0.050333923585067525,-0.37095113194723989,0.87587688030611299,0.30860160118231894,0.16890843836547992,-0.26313189005647608,0.94985869890433738,-15.14798556640077,17.021356194031821,-5.3002545686820461,,0.2674641632229718,0.2903225806451613,0,2
0.37284966678599962,-0.87920632506254437,-0.29661315538523481,0.9271821579906796,0.36551576907838346,0.082045526744513583,0.036281839552535652,-0.30560507280648036,0.95146685049644841,12.367987998787653,4.2513612130698659,0.26453326201145422,,0.2319120762872565,0.35,0,3
-0.37154502197278777,0.9248558161052588,-0.081215860911015653,-0.92832411014742167,-0.36886087343347035,0.046432774727507592,0.01298626837235217,0.092646508116464618,0.99561437382532203,-27.790281547220161,19.554949575518506,-7.1510454998427111,,0.09562804055502171,0.2,0,1
0.15723169553437744,0.98740061120595757,-0.017838915591634221,-0.98039275249433311,0.158237421853691,0.11743495723880817,0.11877813256643054,-0.00097535388326847505,0.99292034116984074,-9.5205515859375911,6.7002925386840602,-3.5213070494972447,,0.1313330931070495,0.3049645390070922,0,8
-0.80917534033895888,-0.54449790411252397,-0.22081055455842516,0.56280318473545066,-0.82621055657042286,-0.025073720570073437,-0.16878342287963213,-0.14456191970453583,0.97499436282081919,-9.0411494420211564,-9.1806035401123047,-1.335777919148408,,0.114318896745461,0.28,0,1
0.94666287566376239,0.29836427464014798,-0.12168878115289153,-0.2732238926999872,0.94345708791329608,0.18771634911224597,0.17081599543919732,-0.14445581637519156,0.97465604846914855,-7.5493907300031573,-6.6249415403387122,-1.4765571743263488,,0.1411347536033515,0.3877551020408163,0,5
0.16865521673052461,0.98108947631313992,-0.094967664692722539,-0.9803643729100272,0.17695418430686358,0.087022485513929937,0.10218177038155773,0.078426118888429847,0.99166941552000532,-16.472609793759379,-3.8469403693704294,-3.1636508500547618,,0.07913311368111217,0.3333333333333333,0,2
0.89237655380538239,-0.39660656894324614,-0.215330712369359,0.44044453145360613,0.86937732758908648,0.2240349905409223,0.098349890345859767,-0.2947648075078233,0.95049513798011254,-5.3284442206089322,-1.8614863310109071,-1.7657160332367281,,0.1970240667515238,0.217948717948718,0,4
0.78613969352512392,-0.51288747192996864,-0.34486348516697252,0.61341797281891619,0.7156675242661954,0.33397362969765465,0.075516706012353399,-0.47409538686637809,0.87722904150801106,10.968766224549114,5.2128722235624556,-0.053337699914325992,,0.6296532410221574,0.3225806451612903,0,1
0.033220083253653269,-0.98225074671621726,-0.18460741221319904,0.99688861747390656,0.019354391959396585,0.076410024622718634,-0.071480839527685761,-0.18657137531603205,0.97983754341885732,-1.2429274226865652,-10.628190222134371,0.03411651159317549,0.1291434712648838,0.1215178038934294,0.4727272727272727,1,5
-0.49316734628777514,0.8593970434426873,-0.13499144520095291,-0.86983594462216574,-0.48947375647294478,0.061651205726481223,-0.013091905848207273,0.14782477277585263,0.98892691264573718,-5.2979554304962333,-9.864186575659657,-0.74248003993244327,,0.07617907740519751,0.1538461538461539,0,5
0.11488621300834756,0.98590664769983716,-0.12161101957417719,-0.9889895078412273,0.12501370589137287,0.079191708652311552,0.093278676237218777,0.1111739868880109,0.98941368153005516,-19.106884403978619,-4.4209893264726352,-3.4667010272910956,,0.07868253384599022,0.4117647058823529,0,1
0.98940740282783346,-0.021423831533088463,-0.14357580113627422,0.038253892944586844,0.99256975996993968,0.1155071914116154,0.14003439186166092,-0.11977600358860416,0.98287541329523398,12.443374216687738,5.8784879070560052,0.10257754864088867,,0.08735949618316491,0.1538461538461539,0,4
-0.98355652659981796,0.085094177698903137,-0.15929701787745176,-0.064021159435680888,-0.98904053075095555,-0.13304179672711597,-0.16887228940063789,-0.12065574770236033,0.97822509700935989,-9.5882772054086765,14.062909599806709,-4.5590779342617997,,0.5125004832022589,0.2156862745098039,0,3
0.14561165288831332,0.98553133882676269,-0.086748064724600241,-0.98450433826906181,0.15300189682591978,0.085683297655192059,0.097716193502054863,0.072927359461320423,0.99253873766693346,-5.1477822264165845,23.590060522176053,-4.9520771437876041,,0.08054911686550939,0.2777777777777778,0,1
-0.49642468827242786,-0.79617102515607185,-0.34593962995810812,0.85591280779263801,-0.51540858503114817,-0.042038743234217406,-0.14483022588584762,-0.31696323000960136,0.93731452378149749,-12.089845418834457,-4.4230984394923842,-2.4410478584430986,,0.6562434362746731,0.2676056338028169,0,2
-0.028754515509261839,-0.94396751326086192,-0.32878338118878603,0.99644804582587299,-0.053113511852908406,0.065347125632639627,-0.079148403695997918,-0.32573653274809972,0.94214183721222144,-9.0647653915446647,-4.0435251919907609,-2.0365596082537283,,0.1044320518196781,0.3076923076923077,0,5
0.45039776776838331,-0.87723523646903223,-0.1661330511559358,0.89282579786154026,0.44294468328379433,0.081621701915146463,0.0019863187466980349,-0.18509010629350858,0.98271954650861426,-18.046627402780725,-7.1473969265880122,-3.0015239639745284,,0.1084646340669232,0.3333333333333333,0,1
0.9681845923605582,-0.19928043280727895,-0.15134696632494454,0.22068525695486613,0.96510103940389536,0.1409893652169768,0.11796869278916763,-0.16990377524253233,0.97837420994216251,-12.602073365380091,-10.785093774294607,-1.7301276114698034,,0.0801879288666253,0.2692307692307692,0,4
-0.16580681529779023,-0.97100630416341283,-0.17220585726309259,0.98086689169244889,-0.18044849156809784,0.073064920942910755,-0.1020207860310838,-0.15679636209335412,0.98234752509073475,-4.2896557689964219,-8.1683967435633953,-0.81134350085852303,0.144893706271937,0.1346273879798066,0.5148514851485149,1,5
0.97887577885883714,-0.1330963590585571,-0.15520170349858109,0.16486532179317168,0.9627823282599034,0.2141719264060396,0.1209199538270659,-0.23523509006055146,0.96438727551262582,-7.6223744103315987,10.253808976783608,-3.8452229724393341,,0.3322897761489932,0.5631067961165048,0,4
-0.92411635209812804,-0.32207617789935922,-0.20561104886310966,0.33135596267855283,-0.94343640715545862,-0.011444284642020339,-0.19029501775458352,-0.078706297609139247,0.97856687300073841,-0.077166715689523227,-12.659115451833099,0.43562257393632814,0.1302873053197206,0.1223810763573109,0.2571428571428571,1,6
-0.40549708400704398,0.9122614066489998,0.057889902405964207,-0.91409429212393478,-0.4048161789012521,-0.023568759115210249,0.0019338997455356696,-0.062473892455785725,0.99804472484613471,16.589276891487902,-6.5195739270471345,2.4119893381769892,,0.4270046685137093,0.3777777777777778,0,3
-0.94692214745697767,-0.27294509513002868,-0.16982173506335202,0.27410159359119529,-0.96154939554742724,0.017060958740522412,-0.16794869170742269,-0.030393008519036171,0.98532710405576929,4.5334284285910504,-8.3277306756950278,0.56867141489949435,,0.08274004612420915,0.3939393939393939,0,5
0.21444459340828184,0.97650806403766321,0.021107279013945181,-0.97081568671168816,0.21071921972798424,0.11451774042367052,0.10737978763468672,-0.045048987853727691,0.99319694416610294,-22.008263539988658,-0.36634658788226637,-4.304456817736213,,0.219597775662096,0.3703703703703703,0,1
0.93959244293872268,-0.26131806307068878,-0.22108575504863784,0.32148616806795671,0.89547213185821395,0.30785760475629903,0.11752737942038895,-0.36033669113523226,0.92538899069974212,3.8295211547553123,2.2432653835409098,-0.86119736354667564,,0.5559919549505905,0.4525139664804469,0,5
-0.98256848671983676,-0.090858406256008301,-0.16218482949310661,0.090374645536853648,-0.9958538123521683,0.01037342121675796,-0.1624548932755735,-0.0044647996898372509,0.98670586965648055,7.2759962722490972,0.79325790443579214,-0.11479627541030868,,0.07776245747408998,0.2954545454545455,0,5
0.31273298905020774,0.94935988263382509,0.03023062694045206,-0.94216850641409733,0.30601248449662904,0.13665600921155724,0.12048478360835241,-0.071219186864850625,0.99015718163388489,-16.74857186368207,-12.677388480804558,-2.1543841695351929,,0.500746540267897,0.4838709677419355,0,1
0.97479952220585808,0.19118184294190851,-0.11495822909459188,-0.15888097911809082,0.95671635736112315,0.24382503159466351,0.15659733708370041,-0.2194158483040759,0.96298180643836417,-0.22488249735186799,-4.8589749586777362,-0.56360476434841467,,0.1762868780183655,0.1830065359477124,0,5
-0.91404735633149903,-0.37250931102887058,-0.16048128732096273,0.36803576690826306,-0.92800805787363116,0.057885393648631885,-0.17049077587847367,-0.0061528626188557204,0.98534006191870083,0.58322350064073636,-3.3525255030803813,-0.63907923353509133,0.2349336612108235,0.2117825943443966,0.8656716417910447,1,5
-0.99427646557428917,0.088493517841541386,-0.059859897303015483,-0.081639917322562705,-0.99072823647273323,-0.10859321044702629,-0.068914685696619626,-0.10308471640187905,0.99228237278492448,-14.875524214128829,-10.75885026674486,-2.0939780637592378,,0.296624602791251,0.5757575757575758,0,2
0.019284905248956069,0.999530922327456,-0.023791337515287295,-0.996506979771007,0.021149494047431456,0.080786992574335206,0.081252271951046506,0.022150264394927437,0.99644740658502917,-8.1116453804983006,-5.6472308203163761,-1.672551562192891,,0.3682832606062956,0.364963503649635,0,6
0.161384039436162,0.96920180444119985,0.18601896162270887,-0.98181579514617512,0.13858349906341419,0.12973957834379399,0.099964674844427545,-0.2035742519457315,0.97394280516259513,-23.621890635823203,19.571544917007397,-6.5390355103649194,,0.6500949582312694,0.3023255813953488,0,1
0.60082430782347551,0.79936035859190857,-0.0057591874650228334,-0.78454774757928092,0.59104154530701303,0.18749592926080993,0.15328073230748404,-0.108133754364275,0.98224849619145171,-25.701110613845966,-8.4456929517246682,-3.9957246208446437,,0.1566048883597297,0.3333333333333333,0,1
-0.51738782385770332,0.84493933427679702,-0.1356000041138391,-0.85557787206966696,-0.51393528058656135,0.062105009404658081,-0.017214660860158774,0.14814873863889483,0.98881525407488213,-11.086024303478776,0.46944118917253058,-2.8450199242394931,0.3094710749943536,0.2009485985506648,0.7549342105263158,1,2
-0.8623455270078727,-0.47399333795492982,-0.17801827890376359,0.48121261969467588,-0.87659884514871866,0.0029798205515761868,-0.15746303279214996,-0.083095007420879705,0.98402266896938018,-0.0074978164857835376,14.558886526547148,-3.2271377552420422,0.195436899436733,0.1084036562526361,0.3333333333333333,1,5
-0.84733749370452505,0.53096390420625961,0.0098236547465641554,-0.52303775714246792,-0.83120080928368822,-0.18851185440050619,-0.091927560426187105,-0.16487130458690219,0.9820217800832638,-20.073737278377191,-9.4930685947767337,-3.0239290748108716,,0.4172453991023257,0.1785714285714286,0,1
0.26314458340217334,0.96102073973626434,-0.084817840239299863,-0.95811782620786146,0.27061785531893617,0.093681414834001303,0.11298300460165529,0.056613727834704197,0.99198272489587225,-5.5849891542210353,-3.5073345877162971,-1.5509764841061595,,0.09810812154123934,0.2,0,5
0.27750299522195121,-0.8690989414325716,-0.40946198559039659,0.96004822236150456,0.23486829062604622,0.15213249751093383,-0.036048555912282634,-0.43532047512055233,0.8995535479099932,-11.2607393012324,11.200299488574991,-4.2619951987465958,,0.2212404738250757,0.1515151515151515,0,4
-0.52423253479215748,-0.79510456743493818,-0.30494093905130049,0.83904921002405852,-0.54346193558005451,-0.025407631404429646,-0.14552206919705377,-0.26917996102919733,0.95203228724499012,-15.584192678983877,-11.803949400758057,-2.0948128641409189,,0.1249684233956362,0.25,0,1
-0.7465359041831211,-0.62617532727582759,-0.22491910384958311,0.65096582402680558,-0.7573026818398656,-0.052308164059243004,-0.13757775879331438,-0.18546457232894054,0.9729723802329906,-14.096088888081699,-4.7484015756644622,-2.7128375526911594,,0.3109896252251758,0.2325581395348837,0,2
-0.18046667906027403,-0.94955589517457728,-0.25646711229349056,0.97711047493790626,-0.20293755483370149,0.063808060656436891,-0.11263612882007804,-0.23908147309510239,0.96444447829157121,-7.1106130672567378,-15.580825745026623,-0.30409706132570385,,0.1345664058050197,0.25,0,4
0.94205181261530346,0.30652454812612745,-0.13631244897034886,-0.28999122587138315,0.94836803791058288,0.1284646005218669,0.16865192339796498,-0.081490895600083768,0.98230125861085127,-16.617880542708711,1.6855650978022261,-3.8161736535488311,,0.08010667480616493,0.4222222222222222,0,1
0.84312211296240624,-0.49565304217647288,-0.2085021928302333,0.52902053044130548,0.83405788380996237,0.15647595606369435,0.096345114071278895,-0.24223027935345995,0.96542328061785287,2.7859741548897188,-19.621895570633452,1.7639694503383487,0.6017260123946528,0.4733014211945304,0.3333333333333333,1,5
-0.25505184209461901,-0.94915171534187226,-0.18455237497177579,0.96025852627965802,-0.27101421265130726,0.066744731988456901,-0.11336719345278201,-0.16019462476804067,0.98055370156053479,-1.8411057060718115,-4.3546617163633572,-0.84025301972425748,,0.07512130978466772,0.4017857142857143,0,5
0.14923249672739347,0.98265552560407698,0.11008078815253933,-0.98400004114977002,0.13662612868286964,0.11435567313597779,0.097332322163601714,-0.1253850826889214,0.98732213593200324,-7.9190199673596045,34.900554800984473,-5.838639573679413,,0.3165970389078533,0.1666666666666667,0,2
0.77560978647048562,0.61476975149674906,-0.14313494253966361,-0.60290714521740585,0.78867483167224084,0.12039511673053721,0.18690220270773952,-0.0070825511920151454,0.9823529936288723,-7.785265501653301,-8.1222546807577825,-1.32438632411396,,0.07220900000810557,0.3333333333333333,0,5
0.93800645857144338,0.32118209666895758,-0.13033013641361824,-0.3009965775293289,0.94123381233531722,0.15323175530012015,0.17188642760232906,-0.10450345112032201,0.97955810685739941,-12.453576197279785,-5.0421699838087193,-2.4092138338722058,,0.2414620662350827,0.2407407407407407,0,3
0.13791192732302318,-0.91463398474450375,-0.38003285943776066,0.98899905804719779,0.10644799887002182,0.1027116678782083,-0.053489844679197776,-0.39001730408657437,0.91925259805411275,12.837423123750741,6.7078951692306079,0.06768514469866245,,0.3183351041429962,0.1111111111111111,0,3
0.97620937248999207,-0.15355313941721374,-0.1530904779462649,0.17046271284962899,0.97984082496607294,0.10418455383478045,0.13400643488520622,-0.12780215610436729,0.98270488159184088,-16.475815308861698,-6.8659505391645892,-2.8123165320564909,,0.08449892034437585,0.28125,0,3
0.61834380884955165,-0.76601762956715458,-0.17569270118519043,0.78511099873094481,0.61214710572660047,0.094215925523482125,0.035378718590829368,-0.19619610633971776,0.97992623912619414,-3.5191073764681375,-8.8471961161312294,-0.60325481074058973,,0.07829367418421185,0.2678571428571428,0,5
-0.96331972027873958,-0.2174590053559724,-0.15724724961563427,0.21133812959831633,-0.97587240212724802,0.054856628991208217,-0.16538231918792176,0.019612132876997562,0.98603450890120414,3.3995457523497912,-4.2624592963079486,-0.11668842428807756,0.2763749568529248,0.2368386534994034,0.8285714285714286,1,5
0.9300071128947206,0.34450871179067244,-0.12806450509629411,-0.3288898724028354,0.93559203259685253,0.12844843468153699,0.16406773539021635,-0.077338839153569858,0.98341267134520127,-13.436795859942539,-12.938693837666333,-1.5911555637641512,0.2437951347558597,0.2434376760914651,0.5352112676056338,1,5
0.24107340103182751,0.97041343358296195,-0.0134678593946787,-0.96221595415472116,0.24080096120445663,0.12710371612635815,0.12658622707493836,-0.017682335952492752,0.99179799460888007,-0.43823565126533537,-7.6526944292858392,-0.21879482826100535,0.2978774111577926,0.2916156438503337,0.3,1,5
-0.98834206868222962,-0.04482265123843477,-0.14550218283204402,0.060782940773148976,-0.99238120169336463,-0.10716802058730933,-0.13959007623717309,-0.11476271372528508,0.98353654235849786,5.2967263388895702,-9.9808832736796216,0.95496717312785206,,0.1936870879124377,0.2,0,4
-0.26950034099820619,0.96021981662555744,-0.073126397158828738,-0.96251637078006402,-0.26618013416602943,0.052061234673483163,0.030525435004656709,0.084415874898828819,0.99596292997422387,-4.0282078730775019,-4.09747914449252,-1.251625201889953,,0.08557007127184653,0.2774193548387097,0,5
0.20237427824260851,0.97926961699011816,0.0086987784091674715,-0.97211450427131962,0.19980509948506725,0.12276527524137254,0.11848224377986299,-0.033300742631221888,0.99239761106579627,-21.621289578675359,18.17794833264395,-6.1951479607850759,,0.1170332043625582,0.4,0,2
0.88438335157798831,-0.3872142334718105,-0.26063619251462844,0.43492760268313041,0.88630976352650048,0.159037679503642,0.16942274899194962,-0.25400815040946306,0.95224775749254154,-7.6469374095259646,25.119863199182813,-5.2333728341686703,,0.2129600278688333,0.2666666666666667,0,3
-0.94297127235773548,-0.22262211477679661,-0.24747641002798643,0.23922822313968151,-0.97018816236758387,-0.03879158227297036,-0.23146281939323218,-0.095782689532695128,0.96811705884382548,-9.2926606014520328,-8.0182508900758798,-1.5863399482438276,,0.4273289106078085,0.8252427184466019,0,4
0.49037644956575838,0.86039218712394194,-0.13876679014577234,-0.86046843312004195,0.50325265601119473,0.079566574776203269,0.13829321500066621,0.080386868042967463,0.98712356781257227,4.2885577938682422,-6.1658837266569062,0.25826128571868523,0.1222077585971284,0.1123053198508627,0.3953488372093023,1,5
-0.88632847531343262,-0.4138523298995882,-0.20772116619460734,0.42642204286949476,-0.9043505804896681,-0.017727631624281228,-0.18051613557677365,-0.10428938874440571,0.97802742711630819,-4.1485766326029925,3.0273754396547443,-2.2451699711297857,0.6081658963423799,0.6509933543404361,0.9070567986230637,1,5
0.59788534380778413,0.80026013767046356,-0.046008996027944914,-0.78590805578822798,0.59652331052078578,0.16281421268577898,0.15773916288295695,-0.061185390911340135,0.98558343352149103,-3.0506110967726596,-13.808901749181553,0.12615167732952884,0.3989045610870848,0.2889617882159433,0.6,1,7
-0.17788914718721266,0.98247342305099028,-0.055690432854090081,-0.98164927657722301,-0.17321951297818008,0.079747715447003154,0.068703341319183986,0.068854726214485851,0.99525819643422564,-21.040231661772967,7.2322485094022015,-4.9816025862665692,0.7129377167613328,0.6277992192152224,0.28,1,5
0.48778292909091298,-0.82740915285586025,-0.27831979422570546,0.86545058044220247,0.41660619977039581,0.27827067241289588,-0.11429394953253488,-0.37660771113085106,0.91929512400373226,-22.299574980924255,14.497266836247185,-5.9011627184030768,,0.67605178078293,0.5714285714285714,0,2
0.97238870595748361,0.18036281668126805,-0.1480859847694245,-0.15378957096282594,0.97254152467788701,0.17467613071132826,0.17552484835316293,-0.14707901664075135,0.97342631486650766,-17.154937489276424,-5.6408260903521743,-3.0346175125569781,,0.1289137285628237,0.2142857142857143,0,2
0.98358880300661478,0.13402356517315842,-0.12079217929274735,-0.10632686058896332,0.97145402943024151,0.21206524331215335,0.14576578925560763,-0.19574154562081042,0.96976161091304613,6.4714452560379767,26.158540331464504,-2.8017454023062518,,0.4598678857790016,0.2068965517241379,0,3
-0.33585907119304886,-0.89671383725265552,-0.28827587199930788,0.93041381998444828,-0.36351507064838057,0.046764484317156421,-0.14672698415523086,-0.25250957900864179,0.95640478074379665,-21.602940251975269,16.917032890394314,-6.0527252463082259,,0.2135969179187913,0.3260869565217391,0,3
-0.79624858319991798,0.59256659389674915,-0.12187298941819977,-0.5975382876188875,-0.80182231897030898,0.0053817869303674389,-0.094531415844738981,0.077109017622334741,0.99253111327540144,11.850035951169549,17.519677779563654,-1.2559640040567492,0.4357241345832446,0.3757249606111753,0.52,1,5
0.95503255131596154,-0.2004062713446586,-0.21851808239287043,0.26736522058914419,0.90067233152522663,0.34249845261581968,0.12817435291915649,-0.38552130632514164,0.91375306162174508,-5.1040383695021889,-11.150310096802349,-0.53455414938231716,,0.4871866765127197,0.1538461538461539,0,1
0.31748373819499404,0.94667499251647647,-0.054868338098239801,-0.94247637181375898,0.32140035348883572,0.091870024219137772,0.10460575775025995,0.022544873501123212,0.99425819791657377,-16.156433708938625,16.509259069207179,-5.3942607784858634,0.3454778727497126,0.2430473770742639,0.3387096774193548,1,4
0.59660237880251921,0.79525522186443143,-0.10786442279329508,-0.7878288720343587,0.60596828131413483,0.11012770055832634,0.1529420478359256,0.019276258416729829,0.98804714253177528,19.115483820768151,-2.3567775792217702,2.3277612733944912,0.407788619326854,0.2747499007054846,0.2777777777777778,1,5
-0.86370561174286165,-0.46425602876662347,-0.19616053629039529,0.48390925906105525,-0.87267866552661688,-0.065297593597816048,-0.14087031354714855,-0.15132179779704277,0.97839525155869445,-10.426666459918101,-11.354223906816932,-1.3247165041953464,,0.156115298681723,0.125,0,3
0.93592315174888718,-0.30869592935577922,-0.16957204138537679,0.33147338067280668,0.93476549201517056,0.1278236004929395,0.11905146754984869,-0.17584168486684223,0.97719314873643071,5.8842703533069045,8.4023339045044292,-1.3872575606375968,0.5118178428524003,0.4062329834440598,0.7471264367816092,1,5
-0.23381776178945299,-0.90118793425607446,-0.36495145077536312,0.96486962317854308,-0.26132514165888238,0.027125276114048909,-0.11981596111983164,-0.3457881974391791,0.93063132226069878,-9.6791725983867032,-2.7596378812045197,-2.2498488466122928,0.6483434334788277,0.3160525373215206,0.2802197802197802,1,5
-0.61793226141111401,0.78300314248745229,-0.071174427725982398,-0.78587624535509693,-0.61783757103784753,0.025985819221786027,-0.023627257435460548,0.07199176806293138,0.99712533717544816,-17.921421522671437,-10.877887060308097,-2.5474485183900271,,0.1363316130438706,0.55,0,2
0.98782144104081415,0.049095299248971228,-0.14764298903674949,-0.016232678712964708,0.9762530785388509,0.21602413472855225,0.15474269211130268,-0.21099663086189799,0.96516067108180315,9.4160944028029689,-6.757482146838913,1.2243819190672884,,0.08519075379411307,0.2592592592592592,0,5
0.051617333842298434,-0.98210364001179518,-0.18113003926073884,0.99639823124512528,0.038427455318643902,0.075590313197664807,-0.067277155250501916,-0.18437942117632786,0.98054985259704375,-2.8774623130233823,4.558580144341434,-2.1995176645355858,0.2336677931854847,0.1907327444910077,0.7680491551459293,1,5
-0.94751225430375208,0.29361991972989937,-0.12652221418403278,-0.29429179480228379,-0.95561633234807786,-0.01377551674743086,-0.12495146040072186,0.024181978567020659,0.99186811847962519,-26.66558735821825,25.368029351145005,-7.4956548184967531,,0.1684104462835514,0.3636363636363636,0,1
0.63208527426825234,0.76403512036817167,-0.12930019681819743,-0.75910677482344402,0.64403795907252925,0.09472070360192078,0.1556441790443194,0.038281093475596384,0.98707114607404844,15.006880407838965,-6.5101913381314969,2.0974170565734078,0.5170426580992865,0.4440954080055238,0.9,1,5
0.0054842791104443836,-0.97885272088311526,-0.20449272237016747,0.99706742915698487,-0.010256941266879326,0.075837568988791584,-0.076331280592694617,-0.20430894737032793,0.97592591400551987,-3.1065660425052646,3.7345780390901178,-2.1524779892548902,,0.07378087816772787,0.2064516129032258,0,5
0.98768853378802013,-0.046036344450996983,-0.14950590360671565,0.065930720419608332,0.98919208386388191,0.13096626025806141,0.14186084846998065,-0.13921090550176021,0.98004888830137316,-8.414755211493123,-15.353621451591556,-0.4860953395398786,,0.08483448380700936,0.2352941176470588,0,3
