axis_00,axis_01,axis_02,axis_10,axis_11,axis_12,axis_20,axis_21,axis_22,location_x,location_y,location_z,dbh,dbh_approximation,score,reconstructed,number_clusters
0.75762287793595307,0.64796714722533422,0.078397391185585724,-0.64241536786643672,0.71906355146094703,0.2650473619740451,0.11536927648674207,-0.25116963406636533,0.9610430505268186,-10.497920477363031,9.5365093424201177,-5.0238972689537222,,0.4445186242825462,0.3134328358208955,0,1
-0.86839300462399327,-0.47814476429614894,-0.13141983829047216,0.49573333804482539,-0.84346850729943479,-0.20690416802229686,-0.011918350181485663,-0.24482332725915684,0.96949445143265656,5.6669476513478907,-30.777971562424664,-0.71853429038445493,,0.2080893968614209,0.4,0,2
-0.011237337906687756,-0.97675268825431982,-0.21407453894550427,0.99914658615996976,-0.019478006709194768,0.036423984124676075,-0.039746969716558313,-0.21348253615365326,0.97613799493501674,-15.773830345708708,11.735611692538036,-6.2018824512103645,,0.1301687557041497,0.1111111111111111,0,1
0.32378862265541941,0.94455843021400698,-0.054500456425230173,-0.94324021279386938,0.32676216206389158,0.059366576555397517,0.073883887333323031,0.032184800061257422,0.99674736510187689,-5.4030043798763439,8.003390727050073,-4.1177999304478812,,0.07478477050911388,0.1864406779661017,0,3
-0.96056855980433586,0.26902044877009212,-0.070256957370516099,-0.2662466894433283,-0.96278667407242946,-0.046416813645676118,-0.08012953435464519,-0.025880849524072425,0.99644841279015539,-8.3835506102288875,-33.182426730742307,-2.7289588339431123,,0.3556380747325081,0.6136363636363636,0,5
0.48231708312925364,0.87433447012588383,0.053939463024585965,-0.86811077631436462,0.46882461412740217,0.16305569979355372,0.11727707094126107,-0.12546997863227929,0.98514129600451528,0.8040358786793671,16.839515329759212,-3.5243824930840222,,0.3211985142922228,0.6190476190476191,0,3
0.79058215316164249,-0.57840532072945905,-0.20106502444272209,0.60586675521295141,0.78651149229733164,0.11968770785654337,0.088911945373107162,-0.21644157973013256,0.97223850393506506,15.82295311192898,5.1210259229976023,-0.75968195397338945,,0.3876001095048892,0.4444444444444444,1,5
-0.18285143067644355,-0.95617406717634568,-0.22868429670404364,0.98162823002141641,-0.19045930435439087,0.011457373602286375,-0.054510295583482311,-0.22238796425231025,0.97343321344153566,10.923415213060339,6.0220913955991628,-1.5291898047156831,,0.1133016280880271,0.1764705882352941,0,4
-0.93250177728706773,0.35901079988226053,-0.03939138134617539,-0.347848240761995,-0.92210422997581232,-0.16948566446605295,-0.097170143332432735,-0.14434346063682202,0.98474510844996888,-29.069150464332989,-0.16164750551383994,-7.6461915767476407,,0.5567806577271439,0.8048780487804879,0,2
-0.88730197130657729,0.4540371653498031,-0.080904043141105109,-0.45255811804447421,-0.89097405482829328,-0.03682911097044967,-0.08880518851680988,0.0039352387405787483,0.99604124030511365,-17.085976072207895,8.1174384599049372,-6.1270777338691138,,0.1166325892421019,0.3125,0,1
-0.91595885682165645,0.4010586035052931,-0.01309080457227505,-0.39108304747817452,-0.89953051435718012,-0.1946764077013238,-0.089852226378367914,-0.17319598810218462,0.9807801624829896,-4.8771158555594729,10.464168512621107,-4.1365678915384958,,0.1062435131851334,0.4736842105263158,0,5
0.010200767120934325,0.99927030174976716,-0.036807721894641203,-0.99916260986491034,0.011644451054208043,0.039223536398268401,0.039623520768409672,0.036376789310973302,0.99855230499024927,-18.431279518678028,10.779422194254552,-6.5917179311898719,,0.8910694714344455,0.6388888888888888,0,1
0.67036691410546867,0.7410351718170699,0.038406699972240971,-0.73546374750064425,0.65667405130082335,0.16694989206487365,0.098495058683268202,-0.1401644194444876,0.98521706183803459,2.552602479793431,-27.398620249359208,-1.3327864605230457,,0.2586859761368939,0.3333333333333333,0,5
0.89531667072892274,0.44533560446497833,0.0091792434704514453,-0.44132096411330479,0.88407599395311531,0.15377074998163212,0.060364441097226197,-0.14172450850725488,0.98806391389393222,0.76636115973055619,-30.066665106294948,-1.4726934807232968,,0.4182710162189067,0.6060606060606061,0,4
0.9778357177836744,0.19355803580146416,-0.079828540029023343,-0.17721842134718555,0.96817490604430678,0.17672289733169569,0.11149412613092066,-0.15865887331875506,0.98101805373577378,-9.3660524358591282,-30.145266448965504,-2.997643656732623,,0.1504150891070034,0.3076923076923077,0,3
-0.96608141086073873,0.23630282537920219,-0.10415220740402936,-0.2355903796685099,-0.97166141231790748,-0.019268441037560778,-0.10575386800005489,0.005922375382974983,0.99437470043884923,2.822196033268106,7.154965928813664,-2.7713478716105882,,0.208929890301857,0.6830357142857143,1,5
-0.95901968609699939,-0.25175864456756447,-0.1299954867059441,0.25448970807345528,-0.96706469651530547,-0.0045674104750175436,-0.12456416082926917,-0.037462750022689922,0.99150406564856641,2.3935182207818873,3.9800780469013048,-2.7154208723838829,,0.07339092973263345,0.2258064516129032,0,1
-0.60773632927895693,0.78972707454062996,-0.083592474613669296,-0.7927820203956063,-0.60947809393425678,0.0057550978901430563,-0.046402825474309323,0.069768192980489807,0.99648340529897295,10.586029039610647,8.5796908413344344,-1.6826581731560302,,0.109111130867051,0.2142857142857143,0,3
-0.92687272425376277,-0.35761034267775293,-0.11411308358075424,0.35975862972621148,-0.93304349340904524,0.001888847416599994,-0.10714794151978162,-0.039302445432121108,0.99346597144095894,-19.944039744985229,3.8286438162690288,-6.3082343941913868,,0.1670200562326303,0.5975609756097561,0,2
-0.93238824507450746,-0.32024162151145741,-0.16762298260856709,0.33929047568376786,-0.93531128618177117,-0.10037315901814843,-0.12463600425704438,-0.15045963509430862,0.9807281808177658,-30.63630324430018,4.4912003639634106,-8.2388970878885104,,0.1133091724787587,0.2,0,1
0.81487345006303102,0.57339182874469152,-0.08487090850928794,-0.56686707201229714,0.81889702277785892,0.08982977654299705,0.12100819414642396,-0.025089376524299531,0.99233438927361772,18.298702522686607,-27.279306096513245,0.85541926394126822,,0.2102007010551321,0.6666666666666666,0,3
0.78139148250100632,0.62297217717524922,-0.036510512738226773,-0.61212021077458212,0.77653287846324071,0.14935038073896448,0.12139274540168919,-0.094352292664897808,0.9881100375123798,-13.404801032413182,16.974026359507686,-6.0954128117954642,,0.1744797533733398,0.4444444444444444,0,2
-0.96730867238745311,-0.19370002927284496,-0.16368943455129289,0.20966489651726489,-0.97393998024156359,-0.08649593086074775,-0.14266942031293012,-0.11798819240399323,0.98271268586541138,-1.610138035503955,14.498106115089648,-3.802039385281307,,0.2816603600549793,0.375,0,5
-0.80591749056217055,0.58784252789569114,-0.070272048519855593,-0.58755433372669807,-0.80873760068383604,-0.026896062149086439,-0.07264229707924473,0.019612639734498009,0.99716520248035889,-10.519103486841347,10.267228073229434,-5.0549798269283626,,0.5331063974200503,0.25,0,2
0.020540610467259534,-0.9512796306096023,-0.30764451516139996,0.998615692638396,0.0046177095807913597,0.052396327872913172,-0.048422946399105667,-0.30829489315505698,0.95005761778775455,21.04550415905593,8.1796700304484222,-0.1295854367451508,,0.279975441994412,0.2352941176470588,0,5
0.72714311488459116,0.68352631165516464,-0.063676304470513215,-0.67010196350608131,0.72687287794633382,0.15039673470959802,0.14908470404850072,-0.066690333490706674,0.98657293214321951,18.787182271642447,-25.93714363919846,0.8770451549435242,,0.201033085540276,0.2666666666666667,0,4
-0.86374117572947584,0.50321241077002943,-0.02698983135327818,-0.49683749152701023,-0.85931029487215949,-0.12140149974308738,-0.084283381295551435,-0.091449914017116135,0.9922364762815622,-25.085862782696736,0.60060775981410386,-7.0234323471125188,,0.09939309939067012,0.3,0,1
0.96828591370187844,0.2402594210781315,-0.068540498318286958,-0.22795382789575633,0.96184830612980043,0.15127752094381119,0.10227141181283174,-0.13085582363209716,0.98611222066627657,-6.8143139645216522,9.4579203307019437,-4.4239025890876897,,0.2664458307200239,0.1304347826086956,0,3
-0.31465084539880067,-0.89999055903969205,-0.3016816851074034,0.94695380645344429,-0.31951589762206589,-0.034468530721494112,-0.065370742179915106,-0.29652417238091761,0.95278543295993923,9.4673264040040834,8.357202575900498,-1.8400958547966237,,0.4804838380457804,0.4210526315789473,0,4
-0.6641214073675068,-0.707926223997141,-0.24038140038978043,0.73988308844683492,-0.66849594965800152,-0.075406768404567948,-0.10731156371321378,-0.22793338208344319,0.96774511190986046,-0.15215858112502864,6.2666096596772034,-3.2125577604961175,,0.08829942023203141,0.4285714285714285,0,4
0.9790152339917112,0.17330377960068966,-0.10721460529363859,-0.16308763925178407,0.98175989153950316,0.097723780563500631,0.12219489979305631,-0.078187693024278831,0.98942159422771148,0.37750102993948137,7.4342589905523839,-3.185701667622904,,0.07020502498159109,0.1707317073170732,0,4
-0.093953338070397838,-0.97993182371407739,-0.17580213632897818,0.99435785803462695,-0.10109847003906793,0.032117744636712846,-0.049246527087896348,-0.17179266639808238,0.98390144798227563,1.1468808509084323,5.0749543529771124,-2.9402305660327501,,0.07585352470419593,0.2746478873239437,0,3
-0.69635204678057594,-0.69581053512807123,-0.17590203565988524,0.70919847963829175,-0.70472900992859233,-0.019863006917460558,-0.11014237796252394,-0.13858110177746155,0.98420726211855758,-5.4724440447342761,-31.093276123714467,-2.3726441415390878,,0.1238139260187544,0.6,0,3
0.5295484059085378,0.84573266250564028,-0.065686751867078647,-0.84285559338760763,0.53332533233658452,0.071822966962491935,0.095775437847863409,0.017330708560021942,0.99525208467295223,-14.895125171905962,-32.338781721280014,-3.6658331540672835,,0.4118768474817263,0.631578947368421,0,1
0.042440897251759369,-0.962210052322791,-0.26898064140275324,0.99747373461985001,0.025457483034027593,0.066317910861999826,-0.056964190365470589,-0.27111571656129257,0.96085969280091155,12.633109972065784,7.1775049818179921,-1.3007030716601611,,0.3108696213322407,0.4166666666666667,0,5
0.79970709943176477,-0.55737316338386333,-0.22316745250573491,0.59091475319710185,0.79646975443403067,0.12827971283801415,0.10624645675241337,-0.23445913718868025,0.96630254238323188,-2.100538254642677,9.0517909071315987,-3.6700223356544721,,0.2505418591201661,0.25,0,4
-0.99477863246638754,0.078721068089442042,-0.064949717683471311,-0.067795913897956805,-0.98542801394749546,-0.15599789545451048,-0.076283592253157825,-0.15078004764010705,0.98561969886290401,-18.460787469461504,9.9519767297975346,-6.5135149907435137,,0.365599980026427,0.5681818181818182,0,2
-0.61081394216383234,-0.72385731420052946,-0.32083783557535078,0.78557105786548553,-0.60466796052637739,-0.13135741531019082,-0.098916333850286239,-0.33227585857427017,0.93798097672945968,-25.853127576706115,0.018554737490847989,-7.1299551807629955,,0.5248101418997394,0.625,0,4
0.20595768248130861,-0.95113914116079279,-0.23003427392203496,0.9784951141221615,0.19744704686545433,0.059682286510896007,-0.011346570670741164,-0.23737943852831983,0.971350738661372,-20.105269328992641,2.0349909069729715,-6.2549860912069581,,0.08702061606049516,0.5652173913043478,0,3
0.76198439629595938,0.64117091012778149,0.090992548087160049,-0.63800696459747519,0.71916561376645705,0.27522342396865607,0.11102654154119126,-0.26776983396534215,0.95706448220147344,-3.1878769505494597,-31.654535638764319,-1.9961486449763022,,0.3260193904982902,0.1739130434782609,0,2
-0.61049615093949483,0.79097395256907521,-0.040677463604763341,-0.7912824641361641,-0.61133805622768533,-0.011740654085541284,-0.034154233100195282,0.025019739507251261,0.99910334850621318,-1.7768526296078606,-30.76422109510218,-1.8075216646718766,,0.1205882790215655,0.125,0,2
-0.94493424401495707,-0.25867534324900698,-0.20046531191927106,0.30256028667875295,-0.92398744652305431,-0.23388987065000719,-0.1247258891038784,-0.28166339034886068,0.95137226526971708,-22.068540442921531,9.7808181979441216,-7.1506494928898219,,0.2336583342260207,0.1538461538461539,0,1
-0.52805483624242466,-0.81470314660710397,-0.23961818134162943,0.8463407328172009,-0.5280624957798048,-0.069694795539173141,-0.06975280564557558,-0.23960130103838698,0.96836241286270641,19.524857715409325,-32.687666472232024,1.2464827153854339,,0.3206124554825031,0.2173913043478261,0,4
0.13208932423277725,0.99037128088227766,-0.041438344891230369,-0.98786695167262673,0.13496975669571684,0.076824804396305638,0.081678003261342211,0.030787834953035411,0.99618312222309024,11.39875941415939,-29.30686714477654,0.027504528569865773,,0.2103267535284838,0.7105263157894737,1,5
0.98396159071532485,-0.11836260516865449,-0.13345366871936748,0.13647302414024678,0.98127641131174292,0.13591069967138156,0.11486819263392771,-0.15194373399662789,0.98169160127821131,-3.2072913704705197,11.126276440341378,-3.8980069325710298,,0.140779016481541,0.425,0,5
-0.027841955017387024,0.99850115316758026,-0.047119769352386182,-0.9989971708813129,-0.026140405119563708,0.036350127803319678,0.035063914669391821,0.048084574898790061,0.99822762711961655,1.2484879109008762,12.543106438244976,-3.2919810869770032,,0.2334374295203465,0.1428571428571428,0,1
-0.51300962808571238,0.85383660516698645,-0.088227961374366309,-0.85789320750267561,-0.51347268406494462,0.019106209459612444,-0.028989067113869268,0.085491838183880689,0.9959170545742303,4.666083791242019,6.7261560086039207,-2.4616028455449954,0.3753199135318908,0.3020634317773706,0.7161572052401747,1,5
0.74411298658908798,0.66720767075883713,-0.033612308311596867,-0.65838084814364739,0.74094091631049652,0.13244326081236504,0.11327189407402879,-0.076423050302431586,0.99062051028401021,-6.0428132408715154,8.5534441111463089,-4.2152438395691085,0.6399371263081469,0.3826038917050772,0.2808988764044944,1,5
-0.98818861390154122,0.10634749969828143,-0.11033346121315228,-0.088474124057973655,-0.983809014671159,-0.15585939825348127,-0.1251223110701063,-0.14425682638851797,0.98159786843329488,-18.320597711607117,2.5108978117270677,-5.9522715949034559,,0.1950047154811921,0.4444444444444444,0,3
-0.025954161689221617,0.99702391640962262,0.072592641488162468,-0.99936188442091456,-0.027660454400021767,0.022599186469079949,0.024539874850733851,-0.071959776053038493,0.99710560382173574,-8.8652117146507656,13.637092811129829,-4.9984315771515151,,0.2112240358079178,0.3333333333333333,0,4
-0.76383063357841963,-0.58698473142793017,-0.26834993623563713,0.63587676116826874,-0.7556328491790919,-0.15709787346632026,-0.11055997383023518,-0.29063365653683026,0.95042546781675052,-0.92707345897174609,7.279370841847264,-3.3932391759601326,,0.1258787972468862,0.3076923076923077,0,4
0.4126848807272181,-0.88905877847819814,-0.19815569038010467,0.90933972086346182,0.41474352314698582,0.03300124342486456,0.052843743992296126,-0.19380995438439105,0.97961484283487499,9.6274918986577624,8.7207103267843173,-1.8223248028940155,,0.2088145154999961,0.3953488372093023,0,3
0.99140744210719822,0.092071133270232947,-0.092920343051438828,-0.074834385678109114,0.98182505350527505,0.17441152206647093,0.10728978728025371,-0.1659592441766895,0.98027875158939326,19.169900186444025,7.4325221908910883,-0.33386503945719959,,0.2110703673650881,0.2666666666666667,0,5
0.96716912390185761,-0.19266196746285152,-0.16572643743306772,0.2305579128666129,0.93950733955454857,0.2533160234523783,0.10689684085839378,-0.28320897799412653,0.95308223160334793,-23.419656656478924,1.4372148785038663,-6.7787879694114812,,0.7353028093070076,0.1463414634146341,0,1
0.58154109732597792,0.81222396706183397,-0.045849530545430645,-0.80417247473682074,0.58246525817740347,0.11849410910247937,0.12294951401513042,-0.032038263789879541,0.99189564302741806,-5.5304390906965812,16.485166820794795,-4.6114802769471384,,0.3467345636670601,0.28125,0,4
0.15534933414790272,0.98210956441285024,0.10643020186302754,-0.98762251095792997,0.15676831060258198,-0.0050470426950537097,-0.021641631845970871,-0.10432880848362998,0.99430736670882081,-9.393877736355833,-0.48689831986633497,-4.3314215854589735,,0.4379940531426652,0.2800925925925926,0,2
-0.95696680715762505,0.27751963049753164,-0.084837401463352877,-0.26468255968150151,-0.95456312053760006,-0.13693937165756112,-0.11898601850212981,-0.10859145269326032,0.98693982785323742,1.5720638031501617,6.1636575759041605,-2.9223237990992468,,0.4542540900537033,0.1785714285714286,0,3
-0.24057389027421536,0.97021459124286391,-0.028422706728455691,-0.97025500550330146,-0.23956282106064411,0.034855115281031399,0.02700791761906058,0.035962504152350479,0.99898812339335319,0.54209550067000001,13.164822207173804,-3.422190817949244,,0.1167503370670566,0.35,1,5
0.32222556318440509,0.94346543945856431,0.077740922156555148,-0.94386236302116056,0.31387508722028418,0.10298674329529135,0.072763494299024331,-0.10656169184898316,0.99164009586526825,8.5055707522570554,13.587847534363624,-2.1510176338606684,,0.4346807939205773,0.2941176470588235,0,2
-0.63559523650270722,-0.7465073956992625,-0.19683852138586067,0.76375353227093135,-0.64522312587880915,-0.019174456311805352,-0.11269089261667271,-0.1625233090897511,0.98024840562164361,-21.111940901275094,1.0749270450883421,-6.3210940370058291,,0.07822150567471148,0.25,0,2
0.98875981383558276,0.10665942235351471,-0.10477498827029044,-0.085715130393294009,0.97856173728183471,0.18726943890987555,0.12250284472405329,-0.17618369377207863,0.97670484747611563,12.59264389157202,-27.636047509811512,0.099251901121071587,,0.1925809971378916,0.3214285714285715,0,5
0.9820140935101993,0.15215502926283264,-0.11179072956810356,-0.14116930395470273,0.98488076542635228,0.10040470862538292,0.12537762068362546,-0.082817419443193485,0.98864641165003153,9.9086801783125953,11.237540152710823,-1.8704223924685368,0.846173725424916,0.2603983930677823,0.5555555555555556,1,4
0.78171640485445792,-0.59945022528273462,-0.17198514409652321,0.62000851495417941,0.77672780134835584,0.11083033879251594,0.067148371281337105,-0.19327014777515283,0.97884510838703986,13.382717450317418,8.583173049442804,-1.2663492380932191,,0.1725665265284798,0.4666666666666667,0,4
0.53944129630982685,0.83853884115660171,0.076522543784936184,-0.83930763612505621,0.5281836326434094,0.12878176171252739,0.067570554073086347,-0.13369615581367991,0.98871611605298526,1.1461743433486162,1.3684971290443158,-2.7803263008935044,,0.3735095086393994,0.2958280657395702,0,2
-0.97288638521815074,-0.18397657586627417,-0.14015955547047565,0.19266251666110534,-0.9799369357898301,-0.0510368156201782,-0.12795794672848382,-0.076656515752804064,0.98881269331540789,8.2906375123882441,-39.055672704086177,0.023844598722159393,,0.1356172118498262,0.25,0,2
-0.70255322771481388,-0.63228514420177295,-0.32654932039316892,0.70290474678379822,-0.68820629999228555,-0.17971367671864366,-0.11110301155369966,-0.35579149100656149,0.92793778657355397,-0.69453568158483492,11.824054648695952,-3.5394471668062222,,0.3287086540322651,0.3055555555555556,0,1
-0.61713116602815998,0.78591042772034614,-0.038651306797400413,-0.78564771523389187,-0.61816228254812755,-0.025160683270830431,-0.043666823384463503,0.014838869071189018,0.99893594214053516,-13.01934795346531,8.2996754551394556,-5.4142603525363162,,0.6774332427302602,0.5882352941176471,0,1
0.89480690733271795,0.44070369445934493,-0.071420251186483028,-0.42996107496005626,0.89373292503620727,0.12796457605688158,0.12022509142790769,-0.083795658575543122,0.9892038288416809,-2.8281786496600172,12.781164883044392,-3.9274732636068097,,0.5201473144726524,0.6326530612244898,0,3
0.99134580626407121,0.067540870556066959,-0.11256874880341453,-0.032241033628281963,0.95649532506407942,0.2899607023048818,0.12725568023949899,-0.28382199339566488,0.95039521669234672,14.091044626870325,-31.272419624005089,0.44846014709262705,,0.5404264032610897,0.3,0,2
0.64162796693957613,0.76484681798373,0.057644575296816797,-0.75964308493830646,0.62326781899354711,0.18568685821145528,0.10609399392237125,-0.16293118433004572,0.98091665987810073,1.7740439617382804,7.8327356881995307,-2.9610949974762497,,0.07986353220622459,0.125,0,3
-0.11247930933199621,0.9910333139887354,0.072120562509607564,-0.99365301455502775,-0.11228816826706151,-0.006712222652314654,0.0014462495992402585,-0.072417800517090847,0.99737333558220009,-3.4868504381901722,-30.080104800253736,-2.1240845606269985,,0.367368693111462,0.4545454545454545,0,4
0.99285459060290171,-0.03689789954585565,-0.11348262830869199,0.073661001156089326,0.93769017589634251,0.33957501518246247,0.093881940901471672,-0.34550785669300044,0.93370793192303025,25.13295619858701,-28.512764975260385,1.7709590644602879,,0.3751264901931775,0.1,0,2
0.48184311492435655,-0.8439605630812288,-0.23570698030310644,0.87592864611760979,0.47127816353981056,0.10317896821113742,0.024004572701150619,-0.25617857157490581,0.9663313717122487,-9.1194192694918375,7.6617325551312918,-4.7122532502749133,,0.7078257635277336,0.3174603174603174,0,1
0.47560554865006477,-0.85706281796408978,-0.19809767327438493,0.87935461258216197,0.46914896525893895,0.081453752074065786,0.023126336150533937,-0.21293795918041677,0.97679199326997579,-9.5935100958185302,11.476869606781696,-4.9962879937432678,,0.3883561041899348,0.1578947368421053,0,1
-0.98458794947682549,0.14133410001204588,-0.10301088252609242,-0.13471113443234176,-0.98850232598235066,-0.068673588718177025,-0.111532416834618,-0.053738475055278179,0.99230675513863231,-2.8044672850704639,2.9403917032642082,-3.4880012456896927,0.1407278835431971,0.1215712018539706,0.4776699029126213,1,2
-0.46094541207078965,0.8865502389665959,-0.039471519848634437,-0.88712475948735958,-0.46149523374643364,-0.0056400650544602077,-0.023216119300691406,0.032416400441686137,0.99920477820465803,1.9949117901876228,9.2459646698773987,-2.997241708020252,0.34573787765477,0.306990063335761,0.5746753246753247,1,4
0.96873666639014488,0.23449622429208203,-0.080998715940854449,-0.21666559634085769,0.95870745286102543,0.18421736940632397,0.12085235021947292,-0.16090848523767518,0.9795423262038998,15.385040627517299,7.127862383263917,-0.92453041929966107,,0.2298769796665288,0.125,0,4
-0.98840146324100431,0.05539292003767627,-0.14140074919441489,-0.031893542110230183,-0.98605374207064223,-0.16334264513637323,-0.14847676395552672,-0.15693833871359719,0.97638363792472049,6.8389038824640549,-28.836225537645859,-0.62695124910383426,,0.4970222279091353,0.4117647058823529,0,2
0.94777942926590386,0.3009255634104509,-0.10563123944411915,-0.26475702530268025,0.92705250024222619,0.26547576037656212,0.17781414739349066,-0.22364585191936973,0.95831344658519002,10.421923981378802,18.37342758181919,-2.0645311866093836,,0.267296158832574,0.2307692307692308,0,2
0.5122861481369152,-0.82387270326144657,-0.24248024919097794,0.85875049602650344,0.49486192646480026,0.13288814585876496,0.010511327284250112,-0.2763067906444257,0.96101200275672971,14.519334956794712,5.4847026492200195,-0.96868303049988091,,0.1737404156837576,0.2105263157894737,0,3
0.73563551319044507,0.67164461509211648,-0.087942610552528083,-0.66864049764311584,0.74078609470120971,0.064465857699227649,0.10844480921001753,0.011378616572043573,0.99403734861438164,-9.1576719089826195,4.7734875035420918,-4.5304462839506794,,0.07615451049135907,0.2941176470588235,0,2
-0.028289738413308403,0.99634163436962753,-0.080641418155722566,-0.99898648485269714,-0.025354719865830204,0.037190607176779245,0.035009909770789396,0.081611799405384919,0.99604910542385239,21.409571889499453,-37.541633812751073,1.6583899231582959,,0.2568081768818031,0.44,0,1
0.89266280589026481,-0.41738603323606605,-0.17012352641413303,0.44167565290166722,0.88529226826838814,0.14553424812770796,0.089865080058967553,-0.20505242988970609,0.97461672896699336,-16.561555260405282,-33.176107191726359,-3.9148831796540322,,0.1063200908705595,0.375,0,1
-0.6280322527520753,-0.71155509232156211,-0.31506323189862528,0.77101192728817991,-0.62381569207441823,-0.12804136168082966,-0.10543290512226254,-0.3233316144656565,0.94039383749815808,-12.70598939284001,3.7617065103734815,-5.1012653916302462,,0.1622274435722105,0.2394366197183098,0,2
0.21909388256834714,0.97567183018125458,-0.0078962277000223288,-0.97323018886488999,0.21910718067717858,0.069390509853371585,0.069432485935186278,-0.0075181890413594304,0.99755832247062148,14.238268259141336,-30.007529213822835,0.43131412562083815,,0.1140227366081647,0.3076923076923077,0,3
-0.94358309624602488,0.32508084586394054,-0.063034785088470865,-0.31541688538653667,-0.94031030639320379,-0.12778386480215559,-0.10081234493761793,-0.10069245921668619,0.98979689823977257,5.0566486474067025,24.14800348029727,-3.1545882712557485,,0.2107843194742969,0.1666666666666667,0,1
0.12247266113194058,0.99239022883672778,-0.012731103041301744,-0.99106906069266787,0.1229712799291883,0.051576944949561505,0.052750016237093869,0.0063006366316960809,0.99858787182952591,-15.974493530898044,3.1133162876548379,-5.566703704031192,,0.2931459970197456,0.1063829787234043,0,1
-0.33341149020947969,0.92647825609104006,0.17457038462121799,-0.94277426238604023,-0.32692266785276763,-0.06556111215108737,-0.0036699289846761659,-0.18643929369780105,0.98245962837498479,10.073714716379021,7.1265170456620375,-1.7129937821446226,,0.5085006075263858,0.4482758620689655,0,1
0.043763711259237961,-0.97330485646045672,-0.2253051130518528,0.99853348068353909,0.035420583717287783,0.040942278919754403,-0.031868880288369379,-0.22676648482440415,0.97342762228608903,0.47458462863612466,17.918866168809547,-3.6045635202920527,,0.1604539639086203,0.4444444444444444,0,2
-0.058857375679634179,0.99702648618527889,0.049739271940208482,-0.99777543532319934,-0.06031784983762975,0.028389041134996587,0.031304791864917504,-0.047957719253533419,0.99835868663035765,-1.3039780925457818,-29.99656393202018,-1.7793496141771834,,0.1171102942733436,0.5,0,1
-0.99272436739559389,-0.0090350271079174434,-0.1200695576079812,0.015467445277847467,-0.99848800992803377,-0.052748954174758535,-0.11941142539804936,-0.054222341475753159,0.99136312679526861,-11.448562945959788,4.237215644475536,-4.9070255458370751,,0.6576235963032753,0.8407079646017699,0,1
0.20230319978893913,0.97915672936119846,0.018042025990364384,-0.97643631717515333,0.20025919649848536,0.080426194235487802,0.075136767674553545,-0.033887365853095687,0.99659726699352247,17.278366282727653,4.8621376738767843,-0.52226561438630104,,0.1192644157183041,0.6666666666666666,0,3
0.81425605135468371,0.57787640384927286,-0.05519007797160002,-0.56947545089237728,0.81361128882267364,0.11719377769844375,0.11262678927858508,-0.063996348134410977,0.99157434101647524,1.7482845788944015,-26.523911559740892,-1.4796136834165308,0.1408708926980443,0.1033058038134159,0.2608695652173913,1,3
-0.47772634215295784,-0.81172364036950706,-0.33597957330532807,0.87473595712063745,-0.47491901233487566,-0.096379131782293265,-0.081329867412883741,-0.3399362637144524,0.93692517805770437,35.584984975453203,4.4616768627463772,1.9041135043127229,,0.6368698636472401,0.2941176470588235,0,2
0.9073117501054242,0.41292234380760978,-0.079249770378606768,-0.40174701894377596,0.9069980094334712,0.12630892151194253,0.12403515989597874,-0.082763209629345219,0.98882027196120315,2.9858287586377794,10.434824718663114,-2.8838478167722399,,0.08593578593069068,0.6666666666666666,0,1
-0.80911670529110447,0.5869846819962673,0.027913085114516387,-0.57986981347309419,-0.78980323102087091,-0.19990461648414326,-0.095295102925324948,-0.17793212012094498,0.9794176861726146,2.6569713061435616,-30.333779872180912,-1.1634994612735254,,0.4059276411897457,0.2105263157894737,0,2
0.90839602876652314,0.4079313800084956,-0.091698659344486358,-0.40132239403581421,0.91221676227733284,0.082467658300842808,0.11729019978913117,-0.038112567804156304,0.99236608225432676,8.3766847701612512,-34.032480137889479,-0.19740030281651522,,0.146580597019111,0.5,0,2
0.30717016522546231,-0.93938322100630733,-0.1523340201241202,0.95165458770897082,0.30324086223525748,0.04897474005326459,0.00018785055101898986,-0.16001294810930514,0.98711489764339888,9.0715910805552298,9.1794358885934884,-1.9115692696010065,,0.075675112319218,0.1956521739130435,0,1
0.96091626798300278,-0.21192679838531636,-0.17812062781095409,0.25644351114698033,0.92379486988771109,0.28432334402886505,0.10429118618669347,-0.31888880584820983,0.94203677103841132,16.080932842477029,12.264818722676159,-1.0177324747056442,,0.1382944578068289,0.3333333333333333,0,2
0.66743907316148088,0.74466242275699757,0.0017203926940340159,-0.73707012297181873,0.66030148221804164,0.14397772884361282,0.106078826537867,-0.097364411949827423,0.98957943281275462,17.193115178487734,6.8951863968395912,-0.63004554416390457,,0.2248996902221967,0.2222222222222222,0,2
0.10139627055316096,0.99369136192454199,0.04791944860344912,-0.99357250694539223,0.098712386431002233,0.055403413318535363,0.050323650107659504,-0.053229146166784563,0.99731348543885456,11.859525933549023,11.150235829723496,-1.5774750266056274,,0.1420552780873746,0.1333333333333333,0,1
0.50763554484956042,-0.79840890889188165,-0.32380452098042983,0.86113546542854036,0.48214285236861254,0.16119547168276804,0.027420134690805616,-0.36066810797731169,0.93229107691836499,11.562450929175306,7.6410666006482115,-1.4942747513525676,0.6987360154443388,0.7062036968490754,0.7916666666666666,1,2
0.97186862815081521,-0.18826540379955814,-0.14151857598365727,0.20903929698419244,0.96632966655834807,0.15003182277632601,0.10850779664433104,-0.1753941654144219,0.97850035503620103,4.7636531543441309,-30.052421043662449,-0.8638178432255218,,0.1329138230712118,0.1666666666666667,0,2
-0.43086254460654699,-0.80155925731377642,-0.41456027869268752,0.8983012412045982,-0.42478956280343677,-0.11228850067368341,-0.086094992336662415,-0.42078092203408252,0.90306758769579254,-5.057033411529285,12.879910709378802,-4.305220776977416,,0.3513866372447274,0.2222222222222222,0,1
0.61895637229736744,-0.77232054308785847,-0.14287752768353401,0.78424161918955038,0.61769540280166113,0.058459148887467061,0.043105590396563469,-0.14823416637931269,0.98801241894745195,18.162531014126948,15.158900242501868,-0.8088072240333366,,0.2123062101403085,0.3529411764705883,0,2
0.2363218236366926,0.9665803080040769,0.09937053814775211,-0.96882235814689699,0.22656226521525172,0.10026354439786037,0.074399153407250895,-0.11996686275501206,0.98998622102179124,20.415922989042915,8.1585161341535635,-0.18889656529022861,,0.4818582500069486,0.3333333333333333,0,2
-0.22630739264173863,-0.8912851819656088,-0.39293216773920403,0.9719219170100929,-0.2333112706409943,-0.030555494224634518,-0.06444184410090148,-0.38881431995287519,0.91905966799139815,-4.1624552083103792,16.451877217516643,-4.3851106297080946,,0.5385963180674572,0.2272727272727273,0,1
0.055229420556378479,0.99489427749495651,0.084469448398783759,-0.98938963110991018,0.043145058611986399,0.13873233858608311,0.13437957046069912,-0.091235303063870968,0.98672095879110688,13.084823965035676,-32.597383241125307,0.38188671573951433,,0.3070429215814735,0.2083333333333333,0,2
-0.51773366586161029,0.85398932885571666,0.051517739023187237,-0.8544527291813071,-0.51917371760945896,0.019214175449119176,0.04315535688781124,-0.03407164721783195,0.99848722476942553,9.374298745003669,-35.65776463320509,0.0028000382794732574,,0.4723736189489284,0.1891891891891892,0,2
0.9445550999795217,0.32770748694579477,-0.020578292017287572,-0.30374184303714385,0.89584591789843027,0.32434701196884702,0.12472592309169729,-0.30011313597440586,0.94571430660878397,-7.0135800581129004,-33.041180621625088,-2.5393338041529412,,0.09034861598001356,1,0,1
-0.50544117458440374,0.86278953197433883,0.011110470297950443,-0.8624275693452349,-0.50473725482167575,-0.038196743687787638,-0.027347882331364787,-0.028888182888198655,0.9992084698507161,18.164075884742378,4.7870573873480229,-0.38264460844903747,,0.3783371850952919,0.5652173913043478,0,1
-0.56834062008878883,-0.80937519222535947,-0.14798897853304083,0.81676525109281506,-0.57670821492954261,0.017382733964220024,-0.099415613282729215,-0.11099294141044506,0.98883623658959641,24.916261089633139,5.3215971057829448,0.50682043077946293,,0.2453105566902024,0.7142857142857143,0,1
-0.99058425255238658,0.081480519580599833,-0.11001710559774106,-0.073106455936796794,-0.99425976566917107,-0.078121472540178594,-0.11575095980418577,-0.069342939801829456,0.99085481883273352,11.600917059546905,-34.14184940982053,0.24845390364231021,,0.1939431730826169,0.3571428571428572,0,1
-0.2121904395077078,0.9730245749586901,-0.090544982787485531,-0.97715267488098023,-0.21010835412991735,0.032048861099300434,0.012160072140856612,0.095276734050225853,0.99537655015288129,0.10350708768576523,8.9046122606062639,-3.3161563356928863,,0.07952472494454306,0.282051282051282,0,1
-0.36162149191897497,0.93010774264915785,0.064261058553237368,-0.93229523638973555,-0.36019926871051622,-0.032894969606555018,-0.0074490796278258052,-0.071805806760296811,0.99739081474024061,30.942522599938059,-24.610059818247102,2.3683325612433714,,0.1960976932078803,0.2380952380952381,0,1
0.96536684203273837,0.23959159456596532,-0.10326048671721247,-0.22935133607808766,0.96800070997123078,0.10184591368527669,0.12435764931411966,-0.074635737475628114,0.98942644079715958,14.540428603060231,-26.282255792688648,0.34768638406213281,,0.1106128402107436,0.3125,0,1
-0.4992423173169126,0.86642390980395034,-0.0081680548525923657,-0.86605810279053652,-0.49927513658906009,-0.025839902763577938,-0.026466416283568099,-0.0058263628458071915,0.99963272370660872,-5.8944941560433071,6.6539677352438993,-4.0990365920061231,0.712575046704772,0.7197789808323278,0.7679738562091504,1,1
0.86088814210069409,0.49660315250199893,-0.11071095571573819,-0.49394547065726185,0.86792320242484444,0.05222247322541311,0.12202245206350998,0.0097274671769964662,0.99247967111408841,17.269841519097184,8.173337513665258,-0.65901914509013371,,0.07065544560720646,0.2173913043478261,0,1
-0.44166479983529411,0.89684721374319776,-0.024439308245381899,-0.89699172431838337,-0.44196642672562658,-0.0084571952629048548,-0.018386165744475994,0.018186611791214693,0.99966554209934266,19.755382386708831,5.4282162534166227,-0.19049183874943326,,0.1196317483169361,0.3157894736842105,0,1
-0.80472217673455426,0.59252375765416065,0.036576151888811269,-0.58906215993012057,-0.78933761296143623,-0.17306618532458062,-0.073674894028162671,-0.16081582440709766,0.98423080657445572,11.720134354957336,-40.425423455094844,0.59386366318564521,,0.2497527245888209,0.3157894736842105,0,1
0.48081669678363664,0.87681437435579834,0.003443401969480456,-0.87207928394137091,0.47780488029414736,0.10573655416837872,0.091066056323852673,-0.053842820228390723,0.994388215987838,-0.9439824680055966,-27.28904295296957,-1.8485445531490965,,0.1254494536555346,0.2,0,1
-0.78452141681826348,-0.60705993188474694,-0.12650844103675685,0.60890612850964809,-0.79274715022616826,0.028022891922145951,-0.11730078097291582,-0.055047206181375728,0.99156963037134627,40.220442522609765,-6.6729972229842529,2.9110234869850333,,0.2862940033831688,0.7272727272727273,0,1
0.97504107429134323,-0.16956932817111231,-0.14332182802483365,0.19327318226562565,0.96594751283381175,0.17201999728836795,0.10927204794319834,-0.19542682874613063,0.9746117042928063,22.119856324658148,5.6354020460942076,0.1109551809586557,,0.4425458012686544,0.4411764705882353,0,1
-0.46389488797986306,-0.87250198346582719,-0.15343344405424855,0.88136801513543306,-0.47202967169531584,0.019452787343707846,-0.08939773376533254,-0.12620728143578111,0.98796749304327425,27.903557780899231,-25.440650706361573,2.0451619254383853,,0.1010491222019965,0.1666666666666667,0,1
-0.75075805531812723,-0.59961379478964039,-0.27717438459011789,0.65051499920624345,-0.74404901108916699,-0.15238538284538067,-0.11485894907513484,-0.294710648255538,0.94865855586831438,-16.454572248234854,2.3531245776760552,-5.6281522137227356,,0.2007509809968657,0.6666666666666666,0,1
0.060236098436602076,0.99580962585640076,0.068809893887949156,-0.99714503129556353,0.056885607732459431,0.049656965226223211,0.045534591331267596,-0.071604585639773136,0.99639318760600248,18.963276922617158,9.3390721724627781,-0.45666606011241961,,0.7581206965078262,0.68,0,1
-0.3827021500172948,0.92288170731731978,-0.042760012525838512,-0.92381438220511158,-0.38278418375626289,0.0065769215474022064,-0.010298135905552066,0.042019316571326223,0.99906372440988489,12.194228478438045,9.9310389148192719,-1.5058709846019309,,0.08489036821608759,0.1111111111111111,0,1
-0.97177802453531981,0.23188537889702274,-0.043320227192567361,-0.20959120453542762,-0.93300048737669072,-0.29254336009598053,-0.10825432098359891,-0.27520766996695795,0.95527050639059186,-4.0353790957700406,7.4868187182372177,-3.8758577818369329,0.6361544716065574,0.3584587946948712,0.2777777777777778,1,1
0.1142928377795948,0.98731815023464176,0.1101817473519686,-0.99209517012183523,0.10764902501534529,0.064489230373547979,0.051810429965540493,-0.11668143652908719,0.99181708077462272,-0.62349936941766282,-31.331531150993289,-1.5989074275721604,,0.3150689203969685,0.1,0,1
-0.53497008420279246,0.84426735942689057,0.031931721131231189,-0.8442806035347924,-0.53280159403010086,-0.057556267199239453,-0.031579605807925834,-0.057750213898556106,0.99783146938332579,20.479846368519567,9.1586059197456091,-0.26123089918958281,,0.3654530529932018,0.1764705882352941,0,1
-0.87071537560035694,-0.43407953520112652,-0.23114863575782429,0.47628106411974125,-0.8614068584732929,-0.17644991395900236,-0.12251972353093232,-0.26372937131602647,0.95678405925849186,22.842150127634781,7.6497997542893801,0.14262842955090982,,0.214633165187097,0.1538461538461539,0,1
-0.11090188834158517,-0.95961645922239125,-0.25852857163523046,0.99250024683153404,-0.12039952679454818,0.021147434525121179,-0.051420143928386293,-0.25424438073855399,0.96577210751877396,17.571696806198794,-31.050162763056044,0.89115547313724108,,0.06570364133560087,0.2222222222222222,0,1
0.6691483447557518,-0.71671674147902675,-0.19636090546318721,0.74133553066805047,0.66215420986900342,0.10942318457198706,0.051595771917446145,-0.21878965888825905,0.97440697938992682,18.456662268309177,-29.542529854052169,0.96030254275691507,,0.1229918095317056,0.4285714285714285,0,1
