axis_00,axis_01,axis_02,axis_10,axis_11,axis_12,axis_20,axis_21,axis_22,location_x,location_y,location_z,dbh,dbh_approximation,score,reconstructed,number_clusters
0.96899776637341073,0.24706796595749803,0.00086542530894744008,-0.24626070012989179,0.96610301746827099,-0.077463715443015987,-0.019974892612383933,0.074849046996776428,0.99699479628972865,14.686036079971329,-5.3902226500428121,-3.3326420420396374,,0.06794620533709272,0.3,0,2
0.068685675727351375,-0.98608370799513412,-0.15139748603079892,0.99320751743550828,0.081875401339908324,-0.082675546354563215,0.093920739240456047,-0.14469049547913562,0.98500941886792659,-13.859770141197522,-13.740747235013144,-3.3820216955945948,,0.1125791032882808,0.3076923076923077,0,5
0.14964910941924753,-0.97662553874060143,-0.15429744369125573,0.97870390027553655,0.16849281599548488,-0.1172554755368156,0.14051270275487235,-0.13346433245456207,0.98104202373138905,-25.546326597918117,7.3514520710957356,-0.24327027018986797,,0.7317208617021664,0.2727272727272727,0,1
0.49450416060337549,0.86903695627003907,0.015504959943779746,-0.86107252159517267,0.49224638637029328,-0.12746610396148372,-0.11840501551742985,0.049681623788833507,0.9917217293969226,-0.048765949920859766,-6.94027759106537,-2.8192112413639023,0.2456174192604022,0.2375460796171692,0.8948412698412699,1,6
0.91045922767133458,-0.40743075436395959,-0.071163018110065521,0.39960366256227048,0.91091279083740118,-0.10273655802896002,0.10668133676954809,0.065100444600890761,0.99215977770610642,-7.0814254415346323,-7.8850017186817798,-2.747931454458469,,0.1297639146931608,0.2555555555555555,0,5
0.99630534562164264,-0.083672168477034223,-0.019355270809005586,0.081798983561726851,0.99319044022442871,-0.08295586618843738,0.026164567147336532,0.081066131455475213,0.99636524314973773,0.11951417753262533,-18.613360810837278,-4.4911121333061983,,0.07988404633003646,0.1363636363636364,0,2
-0.85838455748755882,0.50915134561551756,0.062776259244994345,-0.50152969777590628,-0.80713446687900214,-0.31145130377758273,-0.10790696787369707,-0.29882914789868764,0.94818628267363592,-15.367235252402981,-11.127700483317714,-2.9979300878149009,,0.2884969879028741,0.2941176470588235,0,4
0.23823179217281482,0.96471543040668528,0.11211490326167529,-0.96305548778975836,0.24957890181191714,-0.10116570173922695,-0.12557762792855079,-0.083871986417417707,0.98853211847579203,-5.6668798486796055,-17.337258302809051,-4.1228090678728977,,0.1475583744142266,0.1923076923076923,0,5
-0.54448364894823276,0.83780506107232833,0.040252151117802865,-0.83102238880863033,-0.53232369609377417,-0.16134829368748133,-0.11375124318800225,-0.12130194647513343,0.98607631167903464,-17.416946184496972,-2.5821431198313314,-1.7598057251277988,,0.4277308422578315,0.8741721854304636,1,5
0.38907324797271498,0.91978701330181267,0.051125902175830226,-0.91030946561050585,0.39238940313796966,-0.13178479853512243,-0.14127520848286565,0.0047335469109549494,0.98995904410322155,-15.685925241443165,-3.1862370046044015,-1.8639469530622239,,0.1599302199928091,0.6181818181818182,0,3
0.4128025387292053,0.90981749201250284,0.042734005742547522,-0.89929879759941167,0.41457089954419224,-0.13925746618179366,-0.14441515382734987,0.019055195595961499,0.98933369641684821,11.008250815771534,3.4597442257230822,-1.8183613044007267,,0.2812385164117708,0.8918918918918919,0,6
-0.54621095859749502,0.80829930796051852,0.21978584453633837,-0.82875545890297575,-0.48334792455798542,-0.28202690148992049,-0.12172911749668895,-0.33619490266218205,0.93389239710870464,-8.9378987381286397,0.73668979275601898,-1.4451522365774967,,0.08914214051127055,0.2518518518518518,0,3
-0.36580152947196326,-0.9130217159869557,-0.18050093399261471,0.91188130196636763,-0.31280622508563566,-0.26575318751013288,0.18617661550284345,-0.26180834914858708,0.94699242666242933,-2.598444286668248,-6.895268099614432,-2.7493139782304943,0.4049173393577585,0.3531777366254762,0.5867418899858956,1,5
-0.53228695617171939,0.84254161417135554,0.082427087046509792,-0.83883896794676782,-0.51180013942041402,-0.18549879553044685,-0.11410425997064261,-0.1678816418753743,0.97918127646405739,-11.253135427690767,-11.73169968051034,-3.2008957949255357,,0.3066505645841274,0.119047619047619,0,5
-0.62706155627397941,-0.77666294239091371,-0.059903911057158046,0.77194336290976284,-0.60925968061264379,-0.1814003474069063,0.10438988984964945,-0.15999161070652501,0.98158312709658502,-13.581225303178874,9.7509171506870054,-0.048046236024392994,0.3108391271869672,0.3127548562226799,0.6631578947368421,1,4
-0.92072764553093112,0.38384338309786598,0.070177346822559411,-0.38759685055139326,-0.87889645888936274,-0.27804621197631957,-0.045047577045938696,-0.28320535271022762,0.95800075365240001,22.170161272448876,-20.97515625796558,-6.0926554261743266,,0.3580426706812688,0.3181818181818182,0,4
-0.37850980631695913,0.91386029011574144,0.14693432775043502,-0.91578858444694289,-0.34670059734880992,-0.20280523759174482,-0.13439343406046206,-0.21132455121815011,0.96813239741983892,0.68634345375590355,-6.5508612365402055,-2.7825288459038275,,0.07014036255822782,0.2424242424242424,0,5
-0.67558758642324024,0.73298026886857548,0.079506845744073046,-0.7253454172702033,-0.64145156709322371,-0.24982776610849877,-0.1321190323758682,-0.22645046372882285,0.96502059499321868,-3.509499915502476,-12.410444457983544,-3.5019748764319836,0.7306248536411807,0.519295897129286,0.2702702702702703,1,4
0.81662644783850857,-0.57670000095377749,-0.023202447943521574,0.57119243922730312,0.81328951210772149,-0.11090251063500614,0.082827785556675873,0.077312860479332918,0.99356040558401892,-1.0996456815905555,-14.861042228246065,-3.9100174564262589,,0.08220386468118884,0.3333333333333333,0,5
-0.00071286436378535992,0.9983681996401147,0.057100173132439133,-0.98972818925239658,0.0074586622014961336,-0.14276722227926153,-0.14296014557760825,-0.056615424625446845,0.98810783342250097,10.177962113476326,-18.698310072566187,-4.9720812395620309,0.7121607084005992,0.6530334793477681,0.9367088607594937,1,5
0.3284434113003869,0.94294902826944993,0.054516563162631773,-0.93393896152512623,0.33283807876864752,-0.13029516286863743,-0.14100688535931133,-0.0081205546175124738,0.98997531023453833,-11.209055912113941,-14.391063604425238,-3.568192422276522,,0.1307643881132816,0.3714285714285714,0,3
0.47079404885994924,0.86951860499927591,0.14929956168110381,-0.87857694962025645,0.47748720962293967,-0.01041672897146882,-0.080346170748965356,-0.1262670194730709,0.98873714031554705,-18.880716737730815,-28.208254772481137,-5.3272987876135627,,0.4548207081413412,0.3636363636363636,0,4
0.94592026163576759,0.31928648845761182,0.057367211151741336,-0.31964041920594749,0.94753370282095073,-0.0031439510595403469,-0.055361187096804022,-0.015362952412408232,0.99834819509848705,12.675857124376094,8.3418784331279614,-1.1737071444958773,0.575548700662815,0.5829042051958245,0.5833333333333334,1,5
-0.62016536986983273,-0.77010303346453224,-0.14945310924480076,0.77462040500048213,-0.57106499471138428,-0.27174988495337993,0.12392797170575352,-0.2842992959259863,0.95069225733929574,7.5697674977947953,-6.0455688686095392,-3.0174004491548314,,0.4465987811520954,0.131578947368421,0,3
0.98688479323434741,0.15739092907255303,0.035867817447931771,-0.15461362967140704,0.98547555650125007,-0.070232136934488751,-0.046400758642855734,0.063765374492983126,0.99688562363650191,13.473906677941102,-10.663926988457684,-4.0646052857563966,0.3604397249350537,0.3570145220611444,0.8095238095238095,1,5
0.99510626307733518,-0.095032104209753845,-0.027063339663252479,0.097701051511291381,0.98723687656737158,0.12576905056129412,0.014765829399328526,-0.12779768665734076,0.99169033552172059,-10.430652569554709,6.3340502168111401,-0.59997937975595195,,0.5326969068189459,0.3757225433526011,0,3
-0.76415941045688962,-0.63842983877589354,-0.092020304122327118,0.64137396241037781,-0.73689688319856128,-0.21359406329356939,0.06855534809327489,-0.22223934056065059,0.97257896324924542,6.4581049834119097,-8.8730437503695931,-3.3857315493179381,0.3697697831279438,0.1738756208612293,0.3392857142857143,1,5
0.1945019985202186,-0.96824511863498419,-0.15706801969582182,0.9692044660986896,0.2143582378374965,-0.12121571171080961,0.15103534508847841,-0.12865432799066429,0.98012059891794712,1.3229972117971085,-15.423281046447906,-4.0674710464919182,,0.3141893844885986,0.3157894736842105,0,4
0.076069784775512489,0.98592877487993524,0.14885509298628974,-0.98690819719079192,0.095741214262770283,-0.12979148742930466,-0.14221672954272385,-0.1370331009473261,0.98030420333839807,10.026379132428058,-6.0112061646313162,-3.1412175360068151,0.5094130784628205,0.1620660375064761,0.1304347826086956,1,5
0.53598534803528841,-0.83216121925912556,-0.14222310590286236,0.8377670192733,0.54508314144126491,-0.032105923666088027,0.1042407219344781,-0.1019415228338693,0.98931380148711701,6.7112965964341491,6.7396072170837691,-1.0731271994828453,0.7566842611697108,0.4731802615623186,0.1530612244897959,1,3
0.79838430181765185,0.60151623964695478,0.027581153930295338,-0.59669946814834163,0.79647746634592009,-0.097843703500374191,-0.080822344203975161,0.061659217025274847,0.99481952616200864,5.144610975622034,-2.0340020910875416,-2.2957998184851931,0.4806419082551461,0.3899471612564555,0.9402298850574713,1,5
0.89017592046336058,-0.45494781455752747,-0.024684340309982723,0.45021419101692595,0.88664683817534573,-0.10566251256069199,0.069957221458434499,0.082944984073740013,0.99409562758460202,6.3849105060437763,-12.548122817835758,-3.8536703593624377,0.145862269891592,0.1190497642696483,0.5813953488372093,1,5
0.6369320287435537,0.76545140116653754,0.091661023411289469,-0.76581954438000643,0.64188414783165948,-0.038796471592451656,-0.088532571442493213,-0.045485087826766912,0.99503421578314122,1.1419287329262029,-5.0696347428047446,-2.5860986902568133,,0.2076681313092579,0.223826714801444,0,3
0.99826499782547118,-0.058843160943783841,0.0021157803893534903,0.05879307874315582,0.99416250282682228,-0.090467076138280825,0.003219939194006823,0.090434508807492112,0.99589719931744691,3.7624216153626513,-16.440941581873449,-4.3393464187836566,0.90615050555594,0.3440732242423382,0.391304347826087,1,5
-0.9417203351905975,0.33064161243123347,0.061959135059994959,-0.33283247714532788,-0.88906065560850256,-0.31431463982176233,-0.048840070084034959,-0.31661850037206185,0.94729476551722425,-13.264884178757027,-16.725755663306547,-3.830360597988764,,0.6151192572690429,0.5238095238095238,0,2
-0.52686270317442796,0.84934793022457089,0.031996647120785919,-0.84095727712117563,-0.51545682268588788,-0.16460595980555315,-0.1233148412019936,-0.1136325541814782,0.98584029770015003,-16.791257368196707,2.7707525689299417,-0.99889869953584565,,0.1472118872837773,0.2352941176470588,0,1
-0.44260371246256069,0.89570425487114891,0.042612692006952918,-0.88492955438029508,-0.42861214241557893,-0.18218483789333359,-0.14491941725887406,-0.11834491615463685,0.98234049255932665,2.3285590103676115,-11.174594651026124,-3.5046276380629391,0.8718572074860489,0.8889817705224762,0.7763157894736842,1,4
0.92157998104933125,0.37967651043262196,0.080846063322966552,-0.38300584637683932,0.92325602107912963,0.030080578157582468,-0.063220725796806779,-0.058686173557666241,0.99627258963743648,18.981462764010704,4.6933250227528482,-2.0623207255018325,,0.3530871169438476,0.5142857142857142,0,6
-0.19849864076553697,-0.96810597501028084,-0.1528695874385291,0.96962971355180672,-0.17123552715326948,-0.17463279427983017,0.14288634718430554,-0.18289126657643781,0.97269433862770605,7.207908694174014,-16.612569382264155,-4.5416409518250713,0.4279257924902378,0.2028445962347926,0.4761904761904762,1,6
0.78877407371361541,0.61224235734437593,0.054724368526548717,-0.60919504543119107,0.79049762093948528,-0.063205283885947469,-0.081956435130605382,0.016516875080220244,0.99649903942666562,3.8974353609087196,-3.5023712931928848,-2.4099357482691439,,0.06918007391863161,0.2419354838709677,0,3
0.051887000038545926,-0.98895525043978982,-0.13883534079827159,0.98833098481086334,0.070788570803719406,-0.13487343217385495,0.14321174424532571,-0.130217091317304,0.98108812317705274,9.117212081660103,-16.526871441871386,-4.6303306967296542,0.3823401015606294,0.2997586543944761,0.7446808510638298,1,5
-0.75578633565224351,0.64827052816364983,0.092370650943777319,-0.64651936047576142,-0.71635898565457967,-0.2623785818277754,-0.10392175600598379,-0.25802156108814733,0.96053378006307955,16.351195872887438,2.4823322298013664,-2.2154916118976664,,0.4506461508547941,0.5833333333333334,0,3
0.96253615153945848,0.27114468592466545,0.0021716985110310765,-0.27092665474371214,0.96202792645317015,-0.033181568281127116,-0.011086240525522728,0.031350088022654314,0.99944698071082394,-15.54670862338009,-9.8191445006602613,-2.8184162298120512,,0.1585839397892964,0.125,0,4
0.21285498253200449,0.97611817871700812,0.043428764540225227,-0.96782619856412044,0.21673385116478625,-0.12782365638723964,-0.13418347805979278,-0.014823593945819636,0.99084562636078977,-3.5799309913970352,14.133693954748795,0.37437309787203538,0.747417979287448,0.780705456680268,0.8706896551724138,1,5
-0.24160439235230971,0.96789733372160658,0.069296962203798163,-0.96059088819413663,-0.22844243567333636,-0.15836413451925299,-0.13744985672771609,-0.10482750096342558,0.9849460553387136,8.6303710302748993,-9.568258569062035,-3.5810169605351234,,0.08810463436415418,0.36,0,5
0.96169213315348723,-0.27284823177459305,-0.026496857326354799,0.26981356307172805,0.95919978263525973,-0.084477323436585205,0.048465268112679663,0.074091965893399697,0.99607303867578789,8.6080033832840108,-20.539486168025945,-5.1644637200116446,,0.1541092432198186,0.44,0,5
0.55881452820597854,0.82617760536807805,0.071811471605853369,-0.82149390191102778,0.56332781309853786,-0.088371625042281882,-0.1134640568150312,-0.0096093380566670723,0.99349563080729664,-12.223815931468463,-6.566878271431805,-2.4353444827686084,0.3905031200985903,0.445302126511249,0.7893258426966292,1,4
0.99708692393961984,0.042908494176262905,-0.06305971167196997,-0.039049063458206093,0.99736072071549542,0.06121081127467673,0.065519743220371116,-0.058570076842981128,0.99613086958840069,-7.5576554448891153,-18.533166761290481,-4.2177745392883459,,0.2292263233675105,0.3333333333333333,0,2
0.9066228821057537,0.41767168060970195,0.059877515470528352,-0.41858041990222039,0.90817500011004904,0.0029327887058655218,-0.053154319831384578,-0.027722488917474392,0.99820142350704089,-14.161677991484124,-8.3582200045845241,-2.6195844472358796,,0.215724260228831,0.578125,0,5
-0.39279861693318685,0.91594391949678411,0.082194786162154837,-0.91409868070837441,-0.37909234695886329,-0.14391870762492423,-0.10066205075689171,-0.13166521489781474,0.98617007799026601,-7.3781264113108298,-19.635106708046308,-4.3525533235428053,,0.4641435103245934,0.7795275590551181,0,5
0.2403302840518389,0.96876128166423714,0.061179520395527084,-0.953974942354609,0.24736835484111788,-0.16953084198080012,-0.17936879306914735,-0.017620334033812468,0.98362409481541979,-3.5296481128466346,11.368445937898521,0.0090029965113323264,0.3065577847199707,0.1704582620673757,0.4814814814814815,1,5
0.52934168852510644,0.84548787182706187,0.070339429786819327,-0.84049459482322186,0.53389625543660402,-0.092323477532643763,-0.1156123387114773,-0.010249245051129808,0.99324153160927808,1.0836048254342583,14.221019035987169,0.22571016655833595,0.4937214178590602,0.2600160837153361,0.5588235294117647,1,5
0.94587990835497171,0.3228613731214427,0.032737329098862011,-0.3236083755800952,0.94596333144710254,0.020760414540948624,-0.024265576951778618,-0.030230932893917453,0.99924835374973786,-19.662449348616597,-2.1436625021798945,-1.6775949772471972,,0.4918478122777079,0.5454545454545454,0,4
0.28438203748823182,-0.95661073116079065,-0.063425277153988102,0.94934948940998531,0.2902108693466327,-0.12047073615643285,0.13365030381949389,-0.025953041075951814,0.99068866751763529,-2.3010655514092657,-16.124130551786887,-4.064014738539024,,0.1190716971997929,0.425,0,5
0.39923382332385837,0.9152648073527454,0.053876588011448616,-0.9077850909529751,0.40284629187781162,-0.11679509306385746,-0.12860242205227815,-0.0022798117988591785,0.99169361170698733,-18.21649244119364,-17.043550156807164,-3.7836285392455586,,0.1076025673456893,0.4545454545454545,0,2
-0.98738048763184183,0.15834254658739394,-0.0027222388075779529,-0.15531467736673937,-0.97157140283778054,-0.1786794900997121,-0.03093741486246342,-0.17600183842234837,0.98390356703976911,4.2888586482626394,-7.656665980607376,-3.0791495887590297,,0.1265305543789751,0.3734939759036144,1,5
0.095641450010008011,0.99304969622149619,0.06859310369400802,-0.98852421008423663,0.10284814562876878,-0.11064422722428532,-0.11692988975158933,-0.057223769319377955,0.9914902123105217,10.896905815792362,-4.2113250097690971,-2.900150555059124,,0.1423922493700999,0.2439024390243902,0,5
-0.82029131738998651,0.57057174943425581,0.039623646502233482,-0.56508526649957347,-0.79780615316246484,-0.21019986574975799,-0.088322116141468829,-0.19481586363446671,0.97685514948565955,-12.441411523948132,-10.323269228475423,-2.952368972860441,0.61308226938424,0.5513969570514329,0.9720062208398134,1,5
0.33928820680406147,0.93869649703104241,0.061093364495133744,-0.93128685747191819,0.34434651276792028,-0.11887080484564984,-0.13262089512503089,-0.016563985215623488,0.99102842167619642,11.385795655290158,-16.066212137025097,-4.6865146321107307,0.2681389960209156,0.1683285512089632,0.3125,1,5
-0.62685659540993954,0.77798599636100463,0.042291822581146297,-0.7725415592838214,-0.6135892008733137,-0.16336410790308667,-0.101145182635568,-0.13507805905410436,0.98565895216945842,-10.092427704591561,-15.308583328279434,-3.6945604385948636,,0.1030542690738312,0.2,0,5
-0.99907503240488427,-0.029949037398413668,-0.030856681352461265,0.037219144338128542,-0.96166068964647666,-0.27170471707977389,-0.021536362736461936,-0.27260185829808792,0.96188586221677685,5.9314381525345139,5.4856840252275845,-1.1994384569369916,0.8211430609122887,0.4995689959146247,0.1531531531531531,1,4
0.92093191911601568,0.37785963826711583,0.095427952518836276,-0.38337395958488779,0.92236976510104074,0.047522873857297504,-0.070062882223740047,-0.080349923435534223,0.99430130359886715,23.666401417933155,-10.914239205738854,-4.8550850261223752,,0.4180223687761879,0.3571428571428572,0,5
0.76243868207802767,0.63383376515583523,0.13016149284445303,-0.64080106486660771,0.7675409314857029,0.015966018911421367,-0.089784471580225608,-0.095580733636209864,0.99136424790317224,7.581595075160906,-1.9727683295783891,-2.4264784662895726,0.1224979221683572,0.1502890661456857,0.5,1,4
0.88173579654232415,0.46861396157359347,0.054248872008318537,-0.46711563290960034,0.88336198063058702,-0.038400477443244395,-0.065916390885239665,0.0085185793832270214,0.99778878687724049,24.242299115715998,-4.2380537020644642,-3.834421204149085,0.3985602203684859,0.1877921658242643,0.8,1,5
0.490457043059771,-0.87061486247122211,-0.038492209046528322,0.86253615173246456,0.49126468687189084,-0.12120393717703498,0.124431812120605,0.026244402772376704,0.99188101879988833,-9.3452784069326391,10.455561057400176,-0.058032387660263154,0.5993836256107223,0.5281217549289219,0.8238341968911918,1,3
0.62043750329034342,0.78067190337759229,0.074891146256774815,-0.77708310769283639,0.62483925970695575,-0.075615760707068116,-0.10582602822221988,-0.011281790889399908,0.99432065901551048,4.4566436552227469,-11.45237890754311,-3.6356990911449039,,0.103707483461135,0.3095238095238095,0,5
0.50604549277024113,0.85888833054725189,0.078922714706714747,-0.85543199378106394,0.51148502766952642,-0.081358284677451292,-0.11024546821832239,-0.026342021935636686,0.99355524990695132,10.323488285917735,-14.970310084694482,-4.4462579897972638,,0.09372443325104418,0.3636363636363636,0,3
-0.98701486090199475,-0.16041620558312317,-0.0082647047696681256,0.15959513670922446,-0.9735352329096455,-0.1635803858117692,0.018194963516879045,-0.16277527843587453,0.98649538875391796,0.51340959442913658,-7.855637624960063,-2.9718103432671028,,0.07123037441400062,0.2777777777777778,0,5
0.99945178188681605,-0.030807474933066202,-0.012125806015021619,0.031528365026815233,0.99741320935930322,0.064597616011031089,0.010104349657515381,-0.064944509266151362,0.99783771868684901,-0.43042629754049483,5.0308160379645113,-1.0186336329436161,,0.5215669179539638,0.2548387096774193,0,4
0.8994276938619441,0.43511266313938907,0.04131336212331984,-0.4327178024977183,0.89979080881804085,-0.055962521102260916,-0.061523385112733586,0.032457214025911472,0.99757776756599081,-16.928526475413008,-12.960263991984277,-3.2415833659063522,,0.1084754214291391,0.24,0,4
0.13725112940314244,-0.98928719231825657,-0.049729051796936652,0.98024625251677922,0.14287170958258036,-0.13676607411109359,0.14240580010790341,-0.029975418529378468,0.98935436643278429,-3.2903376342136128,-10.985124115207105,-3.3014613350548392,,0.07153341483806977,0.25,0,5
-0.5308338734529473,0.84384944438839615,0.078316754276058775,-0.83741155234011888,-0.50808566756915907,-0.20147170128361733,-0.13022016280996421,-0.17253135835609162,0.97635835612829625,0.41070139282527857,-14.901156715673551,-4.0051929505150801,,0.08620908120826717,0.2,0,5
0.98970334775782742,0.14305198290799193,0.0048387625526222604,-0.14251326919248763,0.98799390546687538,-0.059649064237258562,-0.013313584829738158,0.058345290696016086,0.99820768155358286,27.370577272589333,4.1960911192848842,-2.5824211822909846,,0.1189835607233588,0.1111111111111111,0,2
0.0097519242888438173,0.99888533347816522,0.046184310483948672,-0.98996816855856518,0.016154715959998532,-0.14036399250894194,-0.14095362788329782,-0.044352178238107803,0.98902222375034132,-10.054268362941114,-14.362416817846109,-3.5852107720214779,,0.07803736923688101,0.22,0,5
0.97113533079953052,-0.22338371927470471,-0.083641396663898748,0.23518201279250822,0.9552481302138216,0.17941691832673767,0.039819469255029237,-0.19390906035046093,0.98021104165493367,3.1693141787812196,9.0332134748500188,-0.60177574211530693,,0.6063297873792073,0.4142857142857143,0,1
-0.95191629574493541,0.28547816405588755,0.11116466948864917,-0.30589301269203722,-0.90568020427489915,-0.29355209481583699,0.016876927487846458,-0.31344151836005513,0.94945752084372537,-15.332198637482984,-22.088593094538098,-4.4930378495774637,,0.452135795599915,0.6896551724137931,0,2
-0.2845902854153633,0.93120857130954693,0.22772563792167499,-0.94879190351778597,-0.23962353652581539,-0.20585063653522462,-0.1371214544347383,-0.27464733288800197,0.95171768359698372,5.0487887960450566,-4.1253935928247465,-2.5886590651523833,,0.5805616746706296,0.4611111111111111,0,1
0.97043444815813373,-0.2411600825739024,-0.0099396378690091176,0.23784776220159951,0.96248695607728374,-0.13056531467727744,0.041053913865912839,0.1243409584731987,0.99138988405281636,-0.88731082055826016,-7.7664713054845969,-2.8915196034799973,0.3038967128852815,0.2760603961404947,0.8618925831202046,1,5
-0.49765230644125014,0.82101795700446234,0.27977079220305034,-0.85823626737461967,-0.41938789656293646,-0.29587886301558508,-0.12558937557207522,-0.38735423902770705,0.91333674088513572,-13.027948738088533,-36.022995141152229,-6.4108300393635131,,0.5030055859243285,0.1904761904761905,0,1
0.27621514929332608,-0.95077331522225361,-0.14048236317115315,0.95538521888241112,0.28753535018328624,-0.067546324370638025,0.1046148882419423,-0.11555745521713934,0.98777639154915309,9.0832876164496756,10.187267860219125,-0.70207907555270055,,0.4700397109527065,0.6285714285714286,0,2
0.79452488917130126,-0.59930253756534346,-0.097809350039103529,0.60052626607065773,0.7993623266271952,-0.019699607315661376,0.089991134266468181,-0.043085255446586736,0.9950101791019712,-12.662785877649782,0.018427181249926511,-1.4478099393572992,0.8567578143098107,0.6029189223828015,0.3930131004366812,1,2
0.94777465639407399,0.31868869160589131,0.012677481596105546,-0.31703213847541306,0.94570044410726817,-0.071702811583799111,-0.034839975183703423,0.0639389385104282,0.99734547087323666,-12.581808393518063,6.8261511989755155,-0.47634092812787893,,0.07276186478725197,0.1935483870967742,0,4
0.46271950415255714,0.86287331757744512,0.20332313761523824,-0.87016452102596076,0.48591602421204999,-0.08184939683109882,-0.16942363124567913,-0.13905126833958742,0.97568456887904109,-3.7471630475008242,-16.780982949356034,-4.1068077058941412,,0.6081988439556554,0.2,0,2
-0.53282870234030721,0.84557778221617486,0.033042218217281712,-0.83732141988135378,-0.52117293490888594,-0.16514118724997395,-0.12241900902317851,-0.11565892157906522,0.98571628782776521,-16.151738866431895,-18.576052418028354,-4.0460171899673512,,0.08469078561977464,0.1739130434782609,0,4
-0.53149142090444368,0.84465921877347672,0.063778316424595471,-0.83699522831512041,-0.51210874924223926,-0.1928305388865289,-0.13021465847858868,-0.15586992362392904,0.97915714245813235,-25.155645352301416,-0.10371563876498056,-1.3394809284587881,,0.1980918587342812,0.6470588235294118,1,4
0.77222382151744606,0.61763880192789322,0.1489720773637396,-0.62966887836385288,0.77527034817690899,0.04972917511543469,-0.084778966147264309,-0.13220513450971016,0.98759016262226407,-11.377873705245809,-3.8805741393587803,-2.0370427635531949,,0.2416782753274301,0.2979865771812081,0,1
-0.98470461567626033,0.17358899406181541,0.014955968924613195,-0.17259447489815691,-0.96010756302549605,-0.22001048760427513,-0.023832060349380232,-0.21922666024425128,0.97538285013509118,-15.831326742801542,-14.104520285933095,-3.3962858052878842,,0.1062110171717701,0.1304347826086956,0,2
0.84696541962518401,-0.50628358011062435,-0.16225447442059837,0.52553136716360549,0.84343940490712421,0.11147534425633099,0.080413680964668041,-0.17968557749659467,0.98043191153359932,-2.8360791454494945,7.9422725532399916,-0.52664322324292756,,0.7319666495393093,0.3768115942028986,0,1
0.85713103620760034,0.51498377328383338,0.01086738349515173,-0.51267385477578242,0.85495124455428606,-0.078891622270159764,-0.049918988361398457,0.06204903455673446,0.99682396234819315,-8.2976006071322956,-12.256418786435606,-3.3470854074126191,0.576137080632622,0.2022835541173253,0.2476190476190476,1,5
0.99107835887895368,-0.12990609442453735,-0.02980089248935414,0.12651079404950155,0.98727580712413643,-0.096340540045965137,0.041936923477568819,0.09171088975005523,0.99490220984300204,-11.906042054214009,-13.287983856324958,-3.3803266920190325,,0.09015818312197174,0.1666666666666667,0,4
-0.99588363814778225,-0.089815074741376705,-0.012207850701020869,0.090425956409100727,-0.97519869313489571,-0.20201647288152294,0.0062390445612218173,-0.20228880655437315,0.97930603646958636,-9.7650111516404099,-21.889555671987232,-4.6104312496758268,,0.1325729604462368,0.5,0,2
-0.9886852789052829,0.14849424006343204,0.021233933784557214,-0.1474807177920367,-0.93640301582127328,-0.3184318291885565,-0.027401772853754672,-0.31796045764970238,0.94770791397754139,-0.8612427973837421,-10.323412082451807,-3.2683287105475229,0.897562723287371,0.7782928032548693,0.3779527559055118,1,2
0.28239758731075398,-0.95344155664695429,-0.10583383551444096,0.94943563524478336,0.2935669555843638,-0.11131225052195784,0.13719904230132193,-0.069048103866513916,0.98813398997506374,-12.037835451910718,3.1220634912739103,-1.0291901380131949,,0.5675846446069074,0.2254901960784314,0,1
-0.76959244688518824,0.61571132820998853,0.16919523046220858,-0.63828525004007686,-0.73437675425200044,-0.23083050577333306,-0.017871913119326354,-0.28564023373500425,0.95817026231942037,-10.945618104091606,1.1102189429548197,-1.3154647229013847,,0.4207010825267752,0.5263157894736842,0,2
0.87850870592763586,0.47719310099576051,0.022565415382862841,-0.47448773770554747,0.87706992375781556,-0.074898168245501801,-0.05553233631338414,0.055091679966305568,0.99693583866870172,15.381401167551015,-7.5737515562046127,-3.7149237230457781,,0.1105818658809914,0.4210526315789473,0,4
-0.011645878259607103,0.99643050936102828,0.083609888973042348,-0.98980569337347668,0.00038224723237405045,-0.14242381560857215,-0.14194739478064974,-0.084416194545687745,0.98626813961184567,1.9852826543519739,-9.835122803622756,-3.2802868210762846,,0.109279912072899,0.4390243902439024,0,4
0.60389144134508921,0.79691099965826484,0.015747561519631109,-0.78843134868801235,0.60013273840893167,-0.13496927315429083,-0.11700912561057468,0.069090917734973584,0.99072463864102367,13.931345971082109,-9.0168474507420875,-3.8071500107550187,,0.07645059820648711,0.1428571428571428,0,4
-0.96399285364797171,-0.26457234463496654,-0.026818884577784287,0.26406666493465131,-0.94045278655683495,-0.21404988373688677,0.03140978487558678,-0.21342453165426092,0.97645450211580698,-10.017081084290199,-3.3569399545264234,-2.0091042381931179,,0.2434758462053899,0.2915129151291513,0,1
0.77134703786545677,0.62840547280484171,0.1006494357913139,-0.62744727700899805,0.7773631461306818,-0.044904939726080589,-0.10645967194285437,-0.028514922176512733,0.99390806288262312,-9.4027188953493024,-6.7608906350642304,-2.5412909412962588,0.217285785628675,0.3555946316126714,0.4209302325581395,1,3
-0.48040520527261199,-0.84998317745411234,-0.21619305444900469,0.87193747300247737,-0.43630050064872633,-0.22218666995957403,0.09452979382730882,-0.2952464583677194,0.95073321541864986,-11.535919514363787,-15.990416664242808,-3.7381705105278829,,0.2323305804989666,0.3684210526315789,0,2
-0.10850643990782466,0.96769309758943078,0.22758827161412068,-0.98404428714065395,-0.072082525989437832,-0.16266822182843457,-0.14100777795700634,-0.24160748813883062,0.96007428266299955,14.565052943596505,6.7362082332328823,-1.488180195637836,,0.521807067781582,0.1929824561403509,0,1
-0.84504831898693178,0.51305658007240973,0.1505532604155882,-0.52919839246357558,-0.76227854233276693,-0.37266672149924984,-0.076435593746162309,-0.39459392993739156,0.91567091821529234,21.504168587991309,-8.4398547810721052,-4.2493434045174663,,0.4017863424947647,0.1,0,2
-0.25258500214276725,-0.96706053003388903,-0.031539624967827001,0.95696896763723538,-0.24487055580033676,-0.15572028089287979,0.14286781188168848,-0.06951504982812734,0.98729754693077743,-12.258475869447562,-8.0256344436765783,-2.6332256199892208,0.303188889048048,0.1109682345926052,0.1764705882352941,1,4
-0.34461406213921636,-0.93047656446867477,-0.12431617413064246,0.92923649677919806,-0.31931906314698133,-0.18588939981735719,0.13326920585578464,-0.17957922732183129,0.97467462257158533,-21.568294380782913,-14.366403509700529,-3.3323715245931558,,0.2699603699224645,0.5,0,4
0.52923082188435766,-0.82829565542350525,-0.18395935522325069,0.83657197565203623,0.5455860902308417,-0.049831192041469116,0.14164062525016305,-0.12752303851920554,0.9816699078231812,-0.49454132414290641,13.645466551542912,0.21050275049034287,,0.4026005509440054,0.1666666666666667,0,3
0.4715699980756578,0.86687700973384496,0.16169720748927982,-0.87220942713598504,0.48552754328474129,-0.059276638965115293,-0.12989400344142493,-0.11308074419100235,0.98505852270977701,5.5087953790461519,-10.854353597841746,-3.6155651927005157,,0.1284623100073252,0.1538461538461539,0,4
0.30532909426900973,0.95101962665223183,0.048330258794204113,-0.93877419778383864,0.30912862820774156,-0.15212658149616398,-0.15961563134033971,0.0010774714142501587,0.98717865115042636,-9.7103935503934959,-9.5653110116507492,-2.9175239546615028,,0.117620690825437,0.2205882352941176,0,4
0.95707277778123545,0.27509888524430143,0.09128144043260962,-0.28774728703462965,0.9396346837316103,0.18517062383868207,-0.034830975213447669,-0.2034877501618684,0.97845773475390374,-21.568533453547097,-2.7398943000401252,-1.7279363960159009,,0.2166700819086243,0.2222222222222222,0,1
-0.93730200312154444,0.348517565718028,-0.00067921301695348529,-0.3363408757200681,-0.90506127750784382,-0.26026697692125617,-0.091322342634210157,-0.24372031171375941,0.96553645161327295,0.0070993012798305551,11.939515920523968,-0.0032115317973283606,,0.2702853989492575,0.4117647058823529,0,3
-0.41862500569683048,0.89911222049422723,0.12786836811060875,-0.90389523759145629,-0.3988808342676104,-0.15449103376397363,-0.087900535065577406,-0.18025341886332308,0.97968474568264541,-3.4479163028226454,-15.137180174461975,-3.8969764059570973,0.604629445753623,0.3317135451584894,0.8194444444444444,1,5
-0.46432119324828192,-0.83596717979885449,-0.29251445058259884,0.87721454819544464,-0.38856253078032615,-0.28198190741224671,0.12206746468552647,-0.3875281073325344,0.91374038987696615,7.9718494988953017,10.006893887924258,-0.70113937676907601,,0.7181393498085007,0.5106382978723404,0,1
-0.99099384382409927,-0.13390731114395424,0.00018309815066284405,0.12984949164699933,-0.96129583038491162,-0.24300089712509007,0.032715608228372821,-0.24078861789291248,0.97002604628508204,29.443392781614985,3.6474141316430866,-2.7660779419157215,,0.09176357216173588,0.2307692307692308,0,4
0.31317547227018383,0.94834993415178326,0.050532424864192946,-0.94030290661637472,0.31710377548855379,-0.12359465756941862,-0.13323500807649763,-0.0088089707237998926,0.99104532421965574,-0.010919671616192774,-9.6269725963588648,-3.172338361758297,,0.07157278279003089,0.2380952380952381,0,2
-0.38811774003092375,0.91656071194498556,0.096338368224659868,-0.91113398031882409,-0.36588761599593889,-0.18963418038208607,-0.13856222350144887,-0.16137755042046664,0.97711708430393562,7.6308889153455386,-10.748011148250972,-3.7057849685603985,,0.09665477724664145,0.2727272727272727,0,3
0.89123001267126178,0.44717864026646609,0.075764953662078263,-0.44978124081365567,0.89289709772195558,0.020775184519911796,-0.058360088469009044,-0.052593122831247528,0.99690925540128594,14.1290869083759,7.5670450337225201,-1.3627377194675918,,0.1871691374003138,0.2580645161290323,0,1
0.72831009392869317,0.65078540095611481,0.21457578843841305,-0.67903002712157401,0.72749333421961471,0.098344653811492946,-0.092101190811261058,-0.21732880749780203,0.97174356703954101,-15.972213449476316,-34.009741249908302,-6.0854054723892519,,0.5087926989475036,0.3181818181818182,0,1
0.73430540689452939,0.67830007174947693,0.026543964852946314,-0.67103977109486346,0.73123792317698288,-0.12246111757111602,-0.10247533856696038,0.07211180466794595,0.99211828559558324,8.9764761366113071,-6.1172070747972036,-3.1109197867005922,,0.08088159428123852,0.3478260869565217,0,2
0.061148682785233117,0.99696429591421065,0.048197834659995005,-0.98819047875471933,0.0672664534229271,-0.13767643931486209,-0.14050059178575958,-0.039209908392936393,0.98930387990327218,2.6519336989779889,-6.2687280498906679,-2.8356681564745552,,0.2722580721194749,0.3333333333333333,0,1
0.77760614339837719,0.62470131666375905,0.07125272421224875,-0.62622016055018603,0.77964518647642456,-0.0013014317651289045,-0.056364849592635997,-0.043607891060054561,0.99745744549213355,13.754975511622773,-18.288650747801736,-5.1666886057862982,,0.1839404034341498,0.1785714285714286,0,3
-0.89319105414544109,0.43389937336130513,0.1180723277962404,-0.44941533182871363,-0.85238649108397369,-0.26732588601712109,-0.015349277241730453,-0.29183660430833236,0.95634501937006955,0.94332642872499872,12.955694894495911,0.074158880285935355,,0.3176292232650677,0.1764705882352941,0,3
0.40196800176352587,0.90306540569029226,0.15130961173588611,-0.90684609790388004,0.41549321537631173,-0.070679153169508291,-0.12669601522835308,-0.10880377301215417,0.98595631683334473,-19.095347048417707,10.756855467925796,0.15539498874717192,,0.22979257453494,0.1666666666666667,0,1
0.11250807765649613,-0.99307607598019698,-0.033791119807029868,0.98348599507399026,0.11614453904959358,-0.13880109344770961,0.14176469925676924,-0.017616848887659714,0.98974361158832747,-8.0793693337227683,-13.514240838426444,-3.5040508385746261,,0.06942779920094037,0.1081081081081081,0,2
0.99644755496107518,0.082426066813369531,0.017268865677105925,-0.082996065920835915,0.99592076785882155,0.035404479789440155,-0.014280169948577181,-0.036711955234971561,0.99922385334271624,5.1487852500292961,2.7680343708255077,-1.5485320436638992,,0.304735257365568,0.3801652892561984,0,3
0.89151410589746494,-0.43844786141748027,-0.1138686603253151,0.44761528354323221,0.89126258235923272,0.072743159299442153,0.069592793623735202,-0.11582090530120294,0.99082912803916612,-5.2017442636120785,-22.796745930424958,-4.8514527906731812,,0.2556023802037727,0.5,0,1
-0.44784805026188723,-0.88267509236423958,-0.14253703096531387,0.88531743136772456,-0.41547139486032192,-0.20879790652511918,0.12508065235311161,-0.21970025346503191,0.96751569963195971,3.929212324963046,-13.751244539288324,-3.941907005700179,,0.5601845631758275,0.1153846153846154,0,2
0.72568959046472326,0.67582447120191746,0.1289802404083345,-0.68177460688675418,0.73155718628598609,0.0027328735323421745,-0.092509478949754337,-0.089918670575028531,0.99164339809553792,-6.9107473928232315,-15.634053798337499,-3.8262894467643047,,0.5884002256075139,0.5365853658536586,0,1
0.92389197919205601,-0.37676879807729402,-0.066849708899717156,0.37861920593544807,0.92539445793225084,0.017105382927215456,0.05541757556404369,-0.041114109788089881,0.99761642042166532,-12.194674137790937,8.8910566516461245,-0.19037170411848978,,0.5707466259898623,0.2666666666666667,0,2
-0.95371385354439731,-0.28445753650544325,-0.09753868710798963,0.29850610124657262,-0.85627592710733491,-0.42152775018383398,0.036386715653749242,-0.43113274821303965,0.90155452433128225,-6.3942315059866779,15.796620092122694,0.65597642795874256,,0.7708421143538379,0.4666666666666667,0,1
0.68969030587107349,0.7137408377357698,0.12207087505095147,-0.71914151206157606,0.69486359464238312,0.00026546271728054746,-0.084633135456825992,-0.087969320725499595,0.99252135039697731,-9.3002537832875642,-16.652964792131886,-3.911724994260513,,0.4115668432301589,0.1935483870967742,0,3
0.52917778631379275,0.84594313389538045,0.065962752271992081,-0.84353702496241112,0.53288876347748826,-0.066894344133102787,-0.09173962060962676,-0.020243022864580355,0.99557725066199942,-19.679994538175492,-3.5639432341639004,-1.8677827741219182,,0.4637826489633543,0.5161290322580645,0,2
0.46725256568024526,0.88182434217394523,0.063724951272779912,-0.87568957608666165,0.47152350930931636,-0.10408336323251491,-0.12183105596847055,-0.0071700570511823054,0.99252495388453166,2.2269174294638732,12.793309737618717,-0.033723162065121673,,0.1405627842743778,0.4375,0,1
0.85309798593168229,0.518745637527528,0.055917706904568862,-0.51727029016753678,0.85491590553688124,-0.039373104653383562,-0.068229563308722957,0.0046645478036492641,0.99765874360148221,-12.038965034723612,20.253290588549671,1.4675165791387383,,0.310005949951799,0.6,0,1
0.59730409050324451,0.79108941360009954,0.13192938701420226,-0.79536022458621369,0.60542544595964298,-0.029362263719538588,-0.10310158395611695,-0.087393186659021974,0.99082414903519678,-15.579272036495379,-0.55238604159128757,-1.4916575071855984,,0.3272128155634438,0.4137931034482759,0,2
0.99529163752639838,-0.096461555797645718,-0.009472302946894719,0.09484662964987163,0.98941426421270662,-0.10983410497877383,0.019966800296496154,0.10841855019103466,0.99390479667843112,16.673074616167227,-23.12935545110501,-6.053763704919283,,0.2328209241865305,0.7307692307692307,0,1
0.78106542013885116,0.62315703740813888,0.040151166758009615,-0.61885382226928665,0.78105320928671085,-0.083521439915877169,-0.083407170710989298,0.040388005541730672,0.99569676753635539,17.542975195033673,-5.8904888281399526,-3.5618154647730553,,0.108770912238554,0.2352941176470588,0,3
0.60357050509371812,0.7885065545988289,0.11815269246021086,-0.7895493965251037,0.6117218986080164,-0.049072081780246968,-0.11097024748894381,-0.063668925843671828,0.99178216965932309,-6.5432606522544274,-6.6614958962151309,-2.6096847297968737,,0.3542536146408262,0.3125,0,2
0.2961338222111391,0.95276878324413294,0.067352839718277185,-0.94584941008354484,0.30233611043872599,-0.11815993301196835,-0.13294229119144821,-0.028714491119937683,0.99070773955414881,-6.0902805401350015,14.76575765888877,0.48484840666819873,,0.7238630647799105,0.1666666666666667,0,1
