axis_00,axis_01,axis_02,axis_10,axis_11,axis_12,axis_20,axis_21,axis_22,location_x,location_y,location_z,dbh,dbh_approximation,score,reconstructed,number_clusters
-0.35023610476679318,-0.91988823910329198,-0.17646613974705805,0.9327266145529749,-0.3597701013215639,0.024218519765208075,-0.085765572477129848,-0.15611246508372159,0.9840087219243302,-16.176980085251287,-9.1016466359191917,-2.2342562731689117,0.4462652291242594,0.3253757274478165,0.7679558011049724,1,4
0.94514972163482491,-0.26660339336813271,-0.1887183995751622,0.30660063587147857,0.9233564008595565,0.23110388805663087,0.11264126143123059,-0.27628895677584286,0.95445081517430663,13.606674872180053,-5.6405810421531726,0.75189899152619777,0.2916477448199061,0.2819527240459753,0.4098360655737705,1,5
0.037198220534132242,-0.95605852829447091,-0.2908064353904582,0.99923855455516075,0.032157429105528691,0.022095493745031447,-0.011772997902314248,-0.2914069152040385,0.95652674102277935,3.2469582518135947,2.7757192012005212,-0.95756281367538931,,0.2628572501243711,0.5204081632653061,0,2
0.60890019488837899,-0.77512781273325637,-0.16857469143454265,0.79218577879472718,0.60518410485367491,0.078701277676077527,0.041015174512427539,-0.18146369653408215,0.98254194938430039,6.9777625434090575,-10.736012000251158,0.36868757366300825,,0.1059796295241756,0.2258064516129032,1,5
-0.57587414369172185,-0.76526526290966901,-0.28764222223296898,0.80991195935438121,-0.58197015611682845,-0.073166628213286164,-0.11140731000285797,-0.27509964517088908,0.95493905381693223,-0.43091748053837992,-3.0834230622708505,-0.97808782813493444,,0.3405016271810697,0.2810650887573964,0,2
-0.045105715656372718,-0.94017154390307867,-0.33770244661540133,0.99706852130764523,-0.063283191699713498,0.043006993218358387,-0.061804839879357962,-0.33477261788144935,0.94026988470560324,-3.6135677307522087,15.328804971400306,-2.3044613480526177,,0.4349025668060858,0.1764705882352941,0,4
-0.74919411558628324,0.66054827419558337,0.048827805890923753,-0.65752831319357663,-0.73283667076531489,-0.17494836761289906,-0.079779035590155478,-0.16317595239141247,0.98336611393796702,9.2401449151696582,-0.30383984788264312,-0.047388484276193042,,0.3221697798803675,0.12,0,3
0.45926961232053853,-0.87621629159164971,-0.14600148474696809,0.88815816319064989,0.45585791037445511,0.058040009535201442,0.015700329829442569,-0.15632842319428722,0.98758033786868926,-1.3529524155317847,-15.246451207743194,-0.12374981805148688,0.6134105974381888,0.4577049013756215,0.943089430894309,1,5
-0.92686318057841943,0.36012127028893998,-0.10600620346723584,-0.36013407169952305,-0.93269270245149483,-0.019691957618548427,-0.10596270518054687,0.019924695209920556,0.99417046407123411,-29.680858986020421,13.413409021979312,-5.4387635527754359,,0.1589510580219027,0.3888888888888889,0,1
-0.87731767320188259,-0.45594029694351129,-0.14977364891962436,0.45720508317138925,-0.88892293426714353,0.027920043985216709,-0.14586710461882499,-0.043982525586374742,0.98832602173228545,0.43123441148542596,1.4542853307521595,-1.1729768910212572,0.6815851100016255,0.5982516954155475,0.9985941893158388,1,5
0.7288970158044018,-0.64138237503386353,-0.23945310469350478,0.67974778140023495,0.71966406816343553,0.14151530898073486,0.081560370480377925,-0.26591780307150359,0.96053923812446584,4.5404510934796374,15.416295237502441,-1.384757849626725,,0.169697584029028,0.2142857142857143,0,3
0.32252457090664227,-0.876366839623687,-0.3577136614241565,0.94616522817401272,0.30941055693997316,0.095060340039960792,0.027372653431911802,-0.36911552346397664,0.92898033788773471,8.4787053144897442,5.4052338530368509,-0.45679467029987592,,0.2382769250736914,0.2916666666666667,0,4
-0.52502065311920609,0.84841721231112033,0.067391005724143679,-0.85105029818153444,-0.52258823250312803,-0.051136378581008841,-0.0081672371953971958,-0.084200790397038039,0.99641533666092785,3.9744574418314662,-20.241162952861153,0.7699452519528831,,0.4794631885821184,0.8461538461538461,0,4
0.99149719972888695,0.022257471572525101,-0.12821040476097695,-0.0052479568214849771,0.99130138969925785,0.13150670602490119,0.13002215918440649,-0.12971568810100878,0.9829893582239364,9.9830137022171854,10.307454677057333,-0.45534796362003543,,0.3490905187646613,0.7916666666666666,0,5
-0.94350960171234488,0.3280636698596946,-0.046517308550725389,-0.31879994119745025,-0.93706115965381021,-0.14241832944098293,-0.09031184290621265,-0.11954334605676439,0.98871288018536396,-14.517998218124015,-12.611211064285719,-1.8361663990527048,,0.4538709877136377,0.1951219512195122,0,2
0.91171350453070588,-0.34895968604350464,-0.21680780237979672,0.39709412796042376,0.88383718844333969,0.24728137387179613,0.10533156789723033,-0.31154287319884433,0.94437614273303172,2.1051183955289492,-17.829064642578707,0.4041566725773848,,0.3420572188170072,0.5,0,3
-0.97210357366370492,0.20922109718553666,-0.10602440550521802,-0.20330181455980556,-0.97702346905818405,-0.063980568192252743,-0.11697441714727684,-0.040640784957887768,0.99230303452678359,-7.8885856515414954,5.4897341399713584,-2.2994115923725511,0.6905209021959433,0.3877458488969115,0.5979899497487438,1,5
0.18136984587694993,-0.96925871581582079,-0.16626040064199679,0.98317487052092278,0.17497982106966989,0.05243315930394573,-0.021729081497800569,-0.17297284189575024,0.9846868756024777,-0.624161203334477,-6.2007221992634811,-0.80071045988914813,,0.09675761505334085,0.4134615384615384,0,5
0.9878366930053889,-0.079777903619747126,-0.13346967463140763,0.089988209062425231,0.99331552620039565,0.072293759336246932,0.1268100555236561,-0.08342512513187067,0.98841259518220304,-2.6230171860827052,3.9095232017379531,-1.6802345054109236,0.254769970300811,0.2392880098892466,0.9120481927710843,1,5
0.97515870794705806,-0.16903573509482528,-0.14315171873217719,0.18231064956587575,0.9795375066182801,0.0852590181911074,0.1258106568216413,-0.10923915684860976,0.98602154400454778,-21.193749919392751,13.327216921422973,-4.2619968608873782,,0.1054158847504331,0.4318181818181818,0,3
-0.27528209228104117,0.95894743302760632,0.068114538529865182,-0.96080346781360049,-0.27201225875645019,-0.053535290450072701,-0.032809539873822666,-0.080181991593986784,0.99624012282044228,4.2967094665778847,-15.096866219591092,0.49491654828072795,,0.3812657226354375,0.1111111111111111,0,3
0.87429912332155002,-0.42999717306154417,-0.22517431940221036,0.47629588962043989,0.84938771649218592,0.22733836588412215,0.093505446311122106,-0.30601133676919479,0.94742482196683431,7.8176194268354262,-7.956770882531405,0.20704969277727281,,0.07579088575425894,0.3157894736842105,0,5
-0.23618905305036636,0.97157877052433428,0.015793159455748995,-0.97160349765184462,-0.2363700270414627,0.010763534137112616,0.01419065079105813,-0.012802460030859053,0.99981734454213433,-18.891191379499226,19.407327365136165,-4.2927708125387722,,0.2432227178794725,0.3125,0,1
-0.26943670189733337,-0.95119712310719218,-0.15042571809131183,0.95958468240083683,-0.27835892308335497,0.041395014694509034,-0.081247159780334949,-0.13319287868528923,0.98775429945667803,-0.23836748588634976,-10.001041469874663,-0.3758463626587118,0.1302235421490073,0.1004274352434034,0.5428571428571428,1,5
-0.67387966877216188,-0.67003139818965218,-0.3113585031046065,0.72832720674083262,-0.67326388312786345,-0.12749597482543271,-0.12420012856924897,-0.31268781414633134,0.94170093923058806,-5.5246123892854655,12.622954832651374,-2.3937949219367849,,0.3790179363969031,0.24,0,3
-0.48178166725289534,-0.84088855083245184,-0.24656210207150597,0.86692674091703115,-0.49840178981859484,0.0058036013471257641,-0.12776717490026748,-0.2109552108494136,0.9691096161082523,-6.4318168054290021,-9.6623824440724864,-1.0921795374966576,,0.6860940187041673,0.3636363636363636,0,4
0.73006586332602474,-0.6292535071294838,-0.26654053907664899,0.68028854806059691,0.70624528968416944,0.19602316744846354,0.064894734637187035,-0.32443429930290679,0.94367953186036657,-0.91213989352775482,12.13136102343735,-1.8610783760811378,,0.1142193982841833,0.2,0,1
0.83577865646629013,-0.49162460322861717,-0.24449803045363858,0.54241955598893077,0.8083612958983345,0.228764159287109,0.08517665569964053,-0.32381671481545082,0.94227791682175954,-4.2870697205081756,-5.4601211607066293,-1.2109186013883855,,0.08680346199295166,0.1621621621621622,0,5
0.30466584887642761,-0.8925605098847964,-0.33243714702571842,0.95244995404581623,0.28395674832194318,0.11048823521331354,-0.0042196642674196348,-0.35029173737989011,0.93663114039457895,-0.43007203275946199,25.769025290674662,-2.4254926580867373,,0.6797309101629718,0.2631578947368421,0,1
-0.1922153475389024,0.97581002797327487,-0.10415397005058059,-0.98123747417681051,-0.1894803957161369,0.035639850032956819,0.015042587597032238,0.10905030465823795,0.99392240723928404,-9.3774054814570853,-10.8791237928738,-1.3606904243126396,0.5117485842149047,0.4274938233366559,0.8095238095238095,1,5
0.49941690251397414,0.8618107039395928,-0.088685218940316959,-0.85734018636027876,0.50635436990506799,0.092590803699745525,0.1247018938712275,0.029791989748687166,0.99174688051525728,4.5265362275490988,8.1232835202314906,-1.0649230206193434,0.687589583783865,0.7638680099966363,0.6796875,1,5
-0.36162661104457655,0.93151466411974904,0.038815263934243789,-0.93231591992139573,-0.36114796471570076,-0.018951861196937394,-0.0036358830475543748,-0.043041585839481991,0.99906666556485924,-8.8377033059127577,6.4304666308059,-2.4538755645979253,,0.2395672350042901,0.3676880222841226,0,5
0.70337604907731488,0.71026289961535205,-0.028084640186016602,-0.70269376682025264,0.70075049460890626,0.12316742417269533,0.10716157733231702,-0.06689811458751671,0.9919884266503739,17.843236922890394,-10.019999810275188,1.5485900612721335,0.3204234877510578,0.2684086706110491,0.48,1,5
0.97703628602414216,0.1960040248893046,-0.083561462525160016,-0.17394042974125673,0.96020843680871271,0.21850511385959714,0.12306430308411061,-0.1989527082212289,0.97225150922889347,6.7801199825124669,6.454287734980511,-0.73479830721280326,,0.08710320610193559,0.6666666666666666,0,8
0.23481834015394712,0.9716127388738347,-0.028792929434731548,-0.96830249501473553,0.23640780555877833,0.080632670916469168,0.085150603495136798,0.0089462354636491524,0.9963279277403827,-4.461954043309067,-7.1489391359979004,-1.061570055566361,,0.1479790666880562,0.2115384615384615,0,5
-0.79377483040938956,-0.55177506993163683,-0.25586283593066589,0.59349754289718548,-0.79467212491736439,-0.12750247234593215,-0.13297437792127198,-0.25306221780672605,0.95826787942369884,-8.9540594440752344,-1.334821577991244,-1.942158738826993,0.8311070094228473,0.4993687117022654,0.2521613832853026,1,1
0.73174897408573791,-0.64563981828711003,-0.2183865013380154,0.67883109384647689,0.71909763796488002,0.14861673223606864,0.061088337280261557,-0.256997688930308,0.96447934292695714,1.027838849686137,6.04670293579498,-1.3845604334050352,0.2127183252185166,0.1177913969724776,0.1428571428571428,1,5
0.60306137527607695,-0.77281807543724579,-0.19765930265889176,0.79628008864724842,0.59796912622930842,0.091492865844768123,0.047486820003640073,-0.21256798054747103,0.97599172925384603,-20.703799068130557,9.1324081212493144,-3.9778518536217025,0.4577024978493542,0.3959881458141138,0.9271356783919598,1,5
-0.80455863483563406,-0.57817192474978152,-0.13565628825290357,0.57884711443430548,-0.81452750667367624,0.038483229893599528,-0.13274570133341382,-0.04756223610280131,0.99000828909378447,2.7478734389772326,-3.307411088141087,-0.60812337546306061,0.6023641982986494,0.4915127991303204,0.9970802919708029,1,5
0.14602578644103528,0.98736220283181575,-0.061582059996242271,-0.98706997876706237,0.14957620863519488,0.057617834279943242,0.06610088283122631,0.052372113089164916,0.99643757208342332,-8.3169370747257272,18.453569387933914,-2.9616768724252736,,0.193789788890335,0.6444444444444445,0,3
0.30106279745043807,-0.93477643079073647,-0.18855825738865695,0.95349652885751512,0.29805817828390219,0.044784950761953747,0.014337414271252225,-0.19327272646758034,0.98104031097391786,-1.1144379993913902,3.2975288347359166,-1.4781088198709447,,0.07086131854628705,0.2258064516129032,0,5
0.40205496153994741,-0.90496788766989811,-0.13922977478755946,0.91555352017111025,0.39912234364110832,0.049629693820516942,0.010656434835377433,-0.14742617505962824,0.98901565372034816,-8.2164801257609685,7.1788945378937719,-2.4084693598139024,,0.0736543376446368,0.3461538461538461,0,5
-0.52756020679774973,0.84513940251837893,-0.086137207491279538,-0.8489453247923967,-0.52820897155997604,0.016944553009358342,-0.031177936375746902,0.082065051480106871,0.9961391788344236,4.7276399209855224,0.74936565185245818,-0.66177380884354109,0.6296947305498841,0.6194362032978862,0.9842105263157894,1,5
0.96983200921636026,-0.17360604944735397,-0.17113390515803928,0.2019784819882206,0.96532998626989186,0.16535631352296479,0.13649383397462306,-0.1949332121611243,0.97127260647227898,-6.7528318548268826,-14.777190512099299,-0.81137798546318252,0.6400930613020952,0.2991019813637364,0.1290322580645161,1,5
-0.48291960895060571,0.87547979594016401,-0.017993837599681154,-0.87565685168639706,-0.48272636797955598,0.014153859965909605,0.0037053185642121574,0.022591603702171805,0.99973791068284623,-22.840637492813027,-11.314390890841306,-2.8726821943481902,,0.1593504088647925,0.3103448275862069,0,2
-0.8903832011769558,-0.40865294901033777,-0.20055054805966252,0.42899612837674705,-0.90063413688056893,-0.069429628568461119,-0.15225004728944519,-0.14785438360274342,0.97722003886014064,-18.856444186058461,9.3088310156181944,-3.763758566668209,0.6277908668129371,0.3603137520951524,0.8235294117647058,1,6
0.3453902788737061,0.93795630444478506,-0.030716871777994245,-0.93336390087136467,0.34673709775981038,0.092764290474801753,0.097659530050749566,-0.0033698648913389525,0.99521417805459422,1.7615092582690977,11.752002434844323,-1.5174409447866659,,0.2443413466539395,0.5348837209302325,0,5
-0.085688650376174999,-0.97685716767347719,-0.19597838952716434,0.99463906680641034,-0.095300636131228939,0.040136212270910722,-0.057884211830015887,-0.19148854461281606,0.97978648454797679,1.9607395216739456,5.0004709232095532,-1.2230660060911889,,0.07654911844661774,0.2954545454545455,0,5
-0.11426029109272588,-0.97198939766969084,-0.2053806142193525,0.9915630460512993,-0.1243182449575979,0.036711029352675562,-0.061215288816404805,-0.19945321453507747,0.97799340673991764,4.9098683714205889,9.5671733508571748,-1.0884220213487394,,0.07859634623129992,0.25,0,5
-0.48647645688759683,-0.8167640507468118,-0.31022111840065059,0.86667820989288635,-0.49603188350829408,-0.053115450107076849,-0.11049677547762796,-0.29470129954052554,0.94917943859850495,-32.807909887106121,17.861793749751058,-6.1351313514445831,,0.1996615646055597,0.5384615384615384,0,2
0.56748848469529956,0.82259468809473191,-0.035983313585115979,-0.81512573980735614,0.56743487187091435,0.11656626651116109,0.11630497857677713,-0.036819088842219475,0.99253085929611562,-6.5744663133436907,-7.4965113446651781,-1.261746586174552,0.2947066522428651,0.2342865904825062,0.4444444444444444,1,5
0.27973011296033617,-0.94072318217737261,-0.19180969323075622,0.95999115291601089,0.27676327069653445,0.042650654348399611,0.012963418769269347,-0.19606628090376998,0.98050495320848741,1.848878073669791,-10.395267968733833,-0.1561295805379232,0.1364624413439781,0.1421458832524723,0.2093023255813954,1,5
-0.48162748381204645,-0.84310981964510601,-0.23916688494621247,0.87017985695464617,-0.49246416377912877,-0.016311466632895646,-0.10402876230768776,-0.21597425636246911,0.97084145832438062,25.223733629158886,-11.63491282626614,2.7369300104226166,,0.6373278891504431,0.3793103448275862,0,2
-0.087559109621991552,-0.9052539859729295,-0.41575067432576357,0.99445992112200121,-0.10380097588796891,0.016577776893429718,-0.058162424332442612,-0.41199584741211698,0.90932752851266085,-20.38763830364579,-5.8295145974420688,-2.9477499060382941,,0.3800388331129527,0.3529411764705883,0,1
0.93884577660000168,-0.30896317402555135,-0.1520209355858457,0.32655990743417873,0.93892747180892377,0.10850727873780049,0.10921187946793937,-0.1515155430263142,0.98240307695187956,2.0996566319403334,6.3151604351021406,-1.269862892096125,0.185242794249043,0.117014227196976,0.4239130434782609,1,5
0.79532599784923619,-0.58690976686873975,-0.15163602045423735,0.60113548166521491,0.79584057100583006,0.072621747598389338,0.07805568415078086,-0.14891175606779877,0.98576498166477677,8.2933406447213898,7.7770999626107562,-0.56955303753642372,0.1718478552056704,0.1119096537595387,0.5172413793103449,1,5
0.81497513599938509,0.57376801184828929,-0.081276049869844449,-0.56397507310382478,0.81755040547672542,0.11637633531941848,0.13322028606905051,-0.049006153537117451,0.98987410931652176,-0.31442826420033737,2.548740176206318,-1.3275088401730288,,0.09042028561185461,0.3475609756097561,0,5
-0.99081917706113176,-0.028411953916413768,-0.13217457865472176,0.025520421845840129,-0.99939758296698922,0.023519762510505356,-0.13276319684578264,0.019930680730767494,0.99094737576164782,8.2428953925541339,-1.206725428038194,-0.11870608932325473,0.1458018737615764,0.1277430489136321,0.5245901639344263,1,5
-0.98647921385152493,0.091665399220981394,-0.13585365370329053,-0.092433124610661166,-0.99571867640914957,-0.00065948822592945815,-0.13533247250229888,0.011906806274910652,0.99072869639005856,6.0148590302568081,-5.9710775379591485,-0.10165946658842023,0.2998100568580981,0.2417346470858809,0.2898550724637681,1,5
-0.94409158502462498,0.32737083671835115,-0.038979665878742797,-0.32311692158363436,-0.94227769756964774,-0.087796330499399583,-0.06547162799264529,-0.070292787177425944,0.99537550200857483,-22.080626722615538,-8.4398476074499982,-2.9776061473800506,,0.5680349835921275,0.125,0,2
-0.90700393003139246,-0.39495089071753009,-0.14614261811340462,0.39788678815905321,-0.91738190728950109,0.0098254763931443327,-0.13794917439435259,-0.049236471231285023,0.98921473663942638,-4.3488736485422566,2.5768483272420974,-1.7407295455247649,,0.0848087879007029,0.4871060171919771,0,5
0.72587748768321403,-0.66957619386382794,-0.15738358709069547,0.68479682804560027,0.72495390092593504,0.074129250845761691,0.064460663767834298,-0.16158453559390704,0.98475136998305879,-10.450877469790804,6.467173647182614,-2.6416192750010765,,0.08326541367712462,0.4979591836734694,0,5
0.86070803932789341,-0.48000612323004327,-0.16963429104398992,0.50032009565271107,0.85914023532462747,0.1075074784952426,0.09413539675592128,-0.17740399574983487,0.97962561694230776,-27.862833077436246,16.291045938468365,-5.3494177603333446,,0.1891298204037747,0.5,0,3
0.95686393328083641,-0.24297601874128863,-0.15929239624966557,0.27050002835232534,0.94511819724755486,0.18325208837261253,0.10602427951992291,-0.2184359117639898,0.97007453559204215,-23.663398525829376,9.7047712169953435,-4.4072909888886524,,0.2192835199968072,0.2692307692307692,0,4
0.92507644254694643,-0.33895366512036451,-0.17130087082720535,0.3649615018163585,0.91818240841308651,0.15409142439698981,0.10505559307640518,-0.20506456978770596,0.97309395465245219,-8.8513613752221243,10.301497785273522,-2.6355142159182958,,0.06922138277740165,0.2982456140350877,0,4
0.990417367821261,-0.025958027724848721,-0.13564519274431122,0.051071793761960728,0.981392455936548,0.18509597324838567,0.12831644243798654,-0.1902499099276195,0.97331385604674914,-14.85570119941675,10.933927680241085,-3.3365352403173159,,0.1637736099022499,0.4719101123595505,0,2
0.46134733836426878,0.88158894935128251,0.099797583968280451,-0.88102734958859985,0.44195352664490939,0.16872430045199213,0.10463958458007892,-0.16576490782981973,0.98059805867188998,-14.060081184431249,-14.026285357865076,-1.6898498531644031,,0.3474274168380423,0.2857142857142857,0,2
-0.29375936764869476,-0.87365423406469289,-0.38785785182134913,0.95254158219702867,-0.30143186561040203,-0.042466040317074558,-0.079812079939178049,-0.38192552899153698,0.92074042063999495,-5.1830530561685304,-9.269269903074763,-0.97365592934760314,0.5255203373663956,0.3253386541118831,0.3478260869565217,1,4
0.28336193929162806,-0.94617291872188214,-0.15640594374320674,0.95895507995037943,0.27775809968559878,0.057057801363247319,-0.010543528738071323,-0.16615428353298753,0.98604340070069441,8.4555216907624899,-9.567143814155866,0.42835073669710966,,0.0787165513787442,0.3157894736842105,1,5
0.9906613818857023,0.046035487653074365,-0.12833846000655558,-0.032563877603644237,0.99392214333485496,0.10515876979150647,0.13239947249035974,-0.099997534295560575,0.98613937798826523,-16.809980733479403,-5.8722185416625132,-2.5276756389424957,0.5596455855752069,0.2777234740962327,0.8117647058823529,1,3
0.9758175083118964,-0.17000916575701372,-0.1373938646030691,0.1867359907543929,0.97509068356727535,0.11969890800370515,0.11362156586202087,-0.14246066958605946,0.98325739122172595,-20.753477388578801,-5.8229891263632139,-2.9924104392483222,,0.09172345289885089,0.3636363636363636,0,2
-0.11562593809204146,0.99019662736104108,-0.07836632952457373,-0.99280396573498653,-0.11273382869212717,0.040390215266781007,0.031159718567698898,0.082472559262052658,0.99610609319868559,-29.48353907366225,14.53513281780128,-5.4919035521524453,,0.07807950927878594,0.15,0,1
-0.25200344329142893,0.96643314493681198,0.050012407828541876,-0.96747045905854889,-0.25278851352708614,0.0099437557194771795,0.022252537345345217,-0.045879666479945548,0.99869909421476133,-22.907197926246457,12.575862843531052,-4.4602520223269275,,0.6194916635441783,0.8073394495412844,0,2
-0.469265675006589,-0.85904568942135051,-0.20452439890440721,0.87911925101846533,-0.47631844575861376,-0.016434132737500013,-0.083301072918334204,-0.18751331077205491,0.97872350004174291,9.5606343714729238,2.6374835105084005,-0.17037558541480993,0.2376397128073467,0.1696692923607273,0.2857142857142857,1,4
-0.32583280566295514,-0.92464044440228754,-0.19716244908538688,0.93886672514766223,-0.34098283955683184,0.047539200017089181,-0.11118567877344503,-0.16961943197434926,0.9792175412707782,0.0080642314625252714,12.134504446100649,-1.7503235114360485,,0.1262559176444658,0.3333333333333333,0,5
-0.01111746849668635,0.99479113520045215,0.10132620204478993,-0.99986060167972213,-0.012321770035345367,0.011267261950499874,0.012457090466489464,-0.10118681391264613,0.99478944987736884,-10.196844164249573,7.7983993900071864,-2.6871142793562859,0.394083350197718,0.4642075896624618,0.16,1,5
-0.55015726264347786,-0.78536140941326316,-0.28378591044138651,0.82888747802721829,-0.55483584088158966,-0.07143345464763376,-0.10135351562877019,-0.27452622147552835,0.95622320542436967,1.2580672170968183,-7.2312869629366014,-0.50609089868941748,0.5708553295568907,0.5036559377147518,0.1463414634146341,1,4
0.9898639347590118,0.1105012839651765,-0.089212425734617171,-0.086746568519646169,0.96781081729115603,0.23625675606062863,0.11244742555289336,-0.22612317036578194,0.96758663090715269,-21.393355033137542,10.52474672115004,-4.1394674326509255,,0.07970769543337206,0.2307692307692308,0,2
-0.98208987385928204,-0.11259462242536088,-0.15106929093614854,0.12745734438875905,-0.9875139488929966,-0.092578756219374364,-0.13875916194769103,-0.11017554965894885,0.98417846106939544,-10.443167824477332,12.038850945780405,-2.8968541804879178,,0.182095963284163,0.3,1,4
-0.93057080724122687,-0.30121053379638657,-0.20811099692353546,0.33342928713093278,-0.93202579504486649,-0.14196065600842897,-0.15120477239085378,-0.20149474360657996,0.96774841002460421,-3.1016949087839247,2.4227234002274272,-1.6415180768179667,,0.3175245018482979,0.2807971014492754,0,5
-0.37748830828717123,-0.88328251849660999,-0.27805497590364403,0.92129822720743315,-0.38850114701829236,-0.016626343852831686,-0.093338918200989579,-0.26244780678023899,0.96042125916980392,-2.5089080420889913,-9.9208604397505997,-0.62363118677868157,,0.07549451636880271,0.2857142857142857,0,5
-0.69830447747424662,-0.69486401013049126,-0.1718571039113341,0.70332886520301119,-0.71069147250364673,0.015688794818021882,-0.13303895712032354,-0.1099165062034352,0.98499695306755441,7.9911642568296175,9.7774645749009039,-0.67340781857495358,0.7432828550933039,0.6957890047217188,0.7591240875912408,1,5
0.56824559925872253,-0.80129788553936387,-0.18713267366561318,0.82210164725437795,0.56260171362278411,0.087339529483197093,0.035296182580198454,-0.20347238254577069,0.97844425954492353,-4.2851383999994468,18.850750655532845,-2.524523616356718,,0.1114165688349016,0.2777777777777778,0,5
0.86742826954020757,-0.47273315989156944,-0.1552145506755489,0.48885110489787686,0.86783072462455246,0.088850608538990239,0.092697327052110243,-0.15294833420654028,0.98387703124975845,8.7849292884826014,-6.1022481405509241,0.21130859150954917,,0.09805227374129317,0.5172413793103449,1,5
-0.81916365257520551,-0.55461216032986738,-0.14620623076287115,0.55779778237668187,-0.82968372275945368,0.022057972791499906,-0.13353854977235791,-0.063484421728893362,0.98900818192896878,6.6465667013103404,2.0731051597202623,-0.51493633705747621,,0.07599212368536246,0.5,0,5
0.84209508820987555,-0.51574450063606125,-0.15774496022524004,0.53224430726126182,0.84194462454775132,0.0885733965879483,0.087131279118248528,-0.1585460792918148,0.98349950734121461,4.2227285894862483,10.560851971772943,-1.1994225482798695,0.6965995912595057,0.7108047991972013,0.9577464788732394,1,5
0.30182611420555677,-0.92407418385422924,-0.23449498825713661,0.95336137723855785,0.29210017422116569,0.076023500378274794,-0.0017553271418961599,-0.24650434266784252,0.96914009713380467,15.805184667484999,-2.4311692134167164,0.89402692799208361,,0.1112788454360765,0.25,0,3
0.76383236483185657,0.64381709324364245,0.045383575031943353,-0.63249010205714917,0.73268195689886173,0.25126364805636153,0.1285161049639697,-0.22062796849484215,0.96685413081949867,-2.4165962828048988,-6.9074826375963561,-0.85528857461758301,0.6968496791138301,0.5819917367657224,0.1752577319587629,1,4
0.75610005305672567,-0.60958041391545947,-0.23816890800076154,0.65241294983728704,0.73078940935576719,0.20075901488615783,0.051672552213220584,-0.30717838163534189,0.95024806719280719,8.4025729057851866,11.942764647118043,-0.71157390154836642,,0.1652855162183275,0.5217391304347826,0,7
-0.042354063283083491,-0.93926100746637642,-0.3405802301612067,0.99837789591288617,-0.052770318307528964,0.021374528258669749,-0.038048788101215064,-0.33912247545535817,0.93997246574836379,5.4962217007077321,-11.703250323994679,0.28054111557819783,,0.3092198276007967,0.2142857142857143,0,5
0.30417583027054251,-0.90314187172615668,-0.30300465972357427,0.9526107271144022,0.28942573958772888,0.093624483179697404,0.0031411567607176017,-0.31712379412316122,0.94837894975328008,6.0911570393253163,18.728708954671252,-1.3378700585127932,0.4336989336592637,0.3016451865181031,0.32,1,4
0.38397757494189361,-0.90132511881979804,-0.20043515691170188,0.9233111699212192,0.37659475973271855,0.075318460157950531,0.0075964097079631388,-0.21398461890129419,0.9768074925148843,-15.532553046964868,13.97120256982881,-3.5705595530872474,,0.09441376878624595,0.4266666666666667,0,3
-0.16972434626396765,0.98459340687998576,0.042065061675115353,-0.98532022280159093,-0.1703361241272949,0.011386981843929471,0.018376746814709882,-0.039514907892506751,0.9990499823486082,16.838821588347507,-7.3707642867918839,1.2591220235348879,,0.4115477292687191,0.1052631578947368,0,3
-0.77183986851338171,0.62828921141707361,-0.097549393591952596,-0.63164609533338734,-0.77524296838362339,0.0046422216485408419,-0.072707823673462749,0.065199745311316351,0.99521985791482714,-13.169107777157446,15.113206223340768,-3.3416522835172988,,0.136625279664124,0.1578947368421053,0,1
-0.012668868943127033,-0.98183255216911525,-0.1893260131645568,0.99866118334969867,-0.021920873126741236,0.046854201433207225,-0.050153171687183591,-0.18847895060840453,0.98079577106922378,15.566606010103039,-4.1957536906041923,0.94559911339695191,,0.1938447479734757,0.3636363636363636,0,5
-0.56349378549490425,0.81587718322103353,0.12968876438587706,-0.82533891251235247,-0.54915434394913176,-0.13132092755812766,-0.035922600150198734,-0.1810357103477418,0.98282024723615569,-39.48372204806779,16.298307890860873,-7.1071120116362474,,0.3801848568241614,0.4090909090909091,0,2
0.97890937247494869,-0.14820775227221458,-0.14060904183985196,0.17282090253693722,0.96778931786657918,0.18307586370043855,0.10894666643372725,-0.20351486036592259,0.97299143135138588,-9.6942380498224718,-6.1548754518219422,-1.752146502545896,0.7794516049401187,0.6398901983874645,0.9517730496453901,1,5
0.45083059105729284,0.89251510617808183,-0.012983197251054918,-0.89049179287012548,0.45071474763138869,0.062294326375072755,0.061450345791397874,-0.016522757381911609,0.99797337313708756,7.47234277586535,4.3573704657003907,-0.54231633677460434,,0.3377085167438149,0.2916666666666667,0,2
-0.97606886556257688,-0.13842917758094567,-0.16771085973677691,0.17080960362980294,-0.96534764566045972,-0.19730180517582491,-0.13458695697286369,-0.22122677462746809,0.96589081432670931,1.0869107877487469,18.990653929183662,-1.9347821313684757,,0.5077668876985074,0.1875,0,3
-0.27464165121501904,-0.93580687565180765,-0.22099197926777908,0.95879102114640791,-0.28391114113745669,0.010688391228610825,-0.072744355017530821,-0.20894964805146191,0.97521705450235752,-18.378491682095699,13.745410135064109,-3.9141514555734487,,0.151700019118562,0.2941176470588235,0,3
-0.75194837160431893,-0.61127654112246943,-0.24680890728448485,0.64750369617273851,-0.75514287190041196,-0.10246075570987409,-0.12374413070628233,-0.23685487812444664,0.96363227261461026,-13.084311464664404,6.9885796988723383,-2.9281411985925754,,0.3063239820286734,0.1901840490797546,0,5
0.33784670253946658,-0.93037269661265021,-0.14235958338276655,0.94120095918267277,0.33405615541575923,0.050470183895638218,0.00060001402191490853,-0.15104016163440745,0.98852744501942191,-5.8648654659434456,2.694871735481343,-1.9171160579130821,0.3696960590221554,0.3286037396379934,0.9800319488817891,1,5
-0.93671810120814369,0.32990111282078349,-0.1171514175271428,-0.33269246184665624,-0.9430243516160246,0.0045604922528108653,-0.10897212808521915,0.04324728914955811,0.99310359342910104,-2.9162095486663921,5.0908994171680986,-1.7528933402333848,,0.08154062741695614,0.3045977011494253,0,5
-0.78127910436539816,-0.58468315219809064,-0.21851446775375588,0.60542125857674811,-0.79502791174754439,-0.037359325551815176,-0.15188173275726466,-0.16148136449152448,0.97511830470800198,9.8062322990446589,6.6589516021096902,-0.33161300561936169,,0.1921076991974762,0.4615384615384616,0,5
-0.18172672271210069,0.97768625844669066,-0.10538016083129227,-0.98310414627539966,-0.17824353143542479,0.041659105577838779,0.021946203052830304,0.11117024577619,0.9935590272478152,-19.72914065063685,-2.1798662652741214,-3.1074395375980006,,0.08033241110701309,0.5217391304347826,0,1
0.97868958500897452,-0.12418621251863102,-0.1635373988274193,0.16520665183775754,0.94917731950843898,0.26789770122069501,0.12195678900134646,-0.28920615614307421,0.94946634530426022,-31.113963921970175,15.752274756537693,-5.7636244734013715,,0.3418494667159813,0.2424242424242424,0,1
0.95176925322103501,-0.27356921488946251,-0.13890706709104134,0.28543083931741747,0.95555176335249814,0.0738245455149249,0.11253676994487899,-0.10991229330103922,0.98754987883735712,-16.103260292080535,3.910858066781469,-3.1245533415948317,,0.110626182803009,0.4333333333333333,0,4
0.9879566740836605,-0.065449926037476125,-0.14020669497296151,0.088498354230365089,0.98230736664819296,0.16504629267938711,0.12692380167671075,-0.17546664814255158,0.97626932962044299,-24.925776619669563,15.145185411510058,-4.8766243670448235,,0.2798197754821078,0.7068965517241379,0,3
-0.95784480845791997,0.28426017176472074,-0.041586989053078095,-0.26344114905331967,-0.92683380385759528,-0.26754039136610097,-0.11459530485877706,-0.24530645074100929,0.96264877360809631,-23.932670481433359,-6.9668412155356103,-3.3188045210076473,,0.1516352679873114,0.6666666666666666,0,1
0.88500955547606486,-0.43249210190985371,-0.17236202743543791,0.4570721286410232,0.87753782799658464,0.14495664750055665,0.08856159402146048,-0.20706989694456629,0.974309448709056,4.1764800803386803,12.771421819614726,-1.2935307066284081,,0.09065721753137614,0.3928571428571428,0,4
-0.5321242895246725,-0.8134955186395556,-0.23466738514592198,0.83693574556237804,-0.54730089058266562,-0.00054126460167078303,-0.12799335255321104,-0.19668954298788469,0.97207557596177063,2.4356479350012834,-14.019070262405156,0.1949557920916303,,0.1329292064458666,0.1875,0,6
0.26500017378351121,-0.94565508060205039,-0.18844462429647016,0.96424782147289689,0.25968276225510334,0.052829932541425643,-0.0010230735462302075,-0.19570725975059891,0.98066182846148864,-27.482817697961053,9.9244726210824421,-4.9172755563308099,0.2048261460792666,0.1561102126453408,0.375,1,5
-0.95470009384260035,-0.25662044510928789,-0.15064420987493005,0.26451546578582291,-0.96376055865604171,-0.034599912414704434,-0.13630590294275668,-0.072880262972268406,0.98798237235896769,4.2864202969072007,-18.969530058679418,0.74237857695223386,,0.1622709701695799,0.6521739130434783,1,5
0.49957496712660154,-0.82261391581222387,-0.27153489229293509,0.86589049124447592,0.48347547438321564,0.12839440346964728,0.025661437856381017,-0.29926211117013379,0.95382581188870064,-18.946684704762092,21.067427492536172,-4.4107366337409148,,0.1484707912863812,0.3448275862068966,0,1
0.7088400017772587,0.6974098958259809,-0.10566593152199358,-0.69528894488620341,0.71606093457390674,0.061887164227921086,0.11882396643542097,0.02960025643703566,0.9924740247580367,-2.8017322442926562,16.137152968848874,-2.2275040349152082,0.1892814466494715,0.2229902946662319,0.4642857142857143,1,5
-0.9320121400569481,-0.3311788452068854,-0.14722072976962847,0.33614630091551434,-0.94176171074224546,-0.009515490563114553,-0.1354955171482978,-0.058356256453563224,0.98905789121033871,-1.3549934633277492,14.928207036250271,-2.0115712625686317,,0.08938123685734714,0.1428571428571428,1,5
0.16086622520214533,-0.96367087730780687,-0.2132146754283484,0.98666265009221765,0.15157272972021882,0.059350842607035055,-0.024877148192993803,-0.21991850270944652,0.97520099449488906,-6.8906842759862208,6.8056887763409657,-2.2428228238605001,,0.7290515949437895,0.7185929648241206,0,1
-0.044416009821044079,-0.94729835936359441,-0.31725862702000579,0.99805321621514098,-0.055994462755893454,0.027466301958805176,-0.043783509158018839,-0.31542104953176658,0.94794122488585175,-25.877315373770791,-13.527787151475346,-3.1331531009527231,,0.1903740170029302,0.25,0,2
0.074433595800123112,-0.94215783622733473,-0.32680001752094701,0.99722595058275731,0.070254890746353951,0.024589709443888857,-0.00020808791627249164,-0.32772375861637704,0.94477356797159329,-10.384864977439735,-12.964240529151507,-1.3356074122042736,,0.3209485286909737,0.3157894736842105,0,4
-0.45505964614231814,0.88546855516074219,-0.094160269086150633,-0.890355946421717,-0.45407890151171088,0.032842653263812596,-0.013675054819533025,0.098781521670128644,0.99501517769942427,-14.9206096016414,7.4619976885396513,-3.180352861461357,0.1249868276375771,0.07524302495853601,0.4551724137931035,1,5
0.94296978100479845,-0.28496566886369834,-0.17205394410134298,0.3107989116256355,0.93880682074257849,0.14847824709206861,0.11921421326370232,-0.19348467871197958,0.97383348189494856,-5.9652726025240561,-3.0646472418596002,-1.5144022972720217,0.1698616054302851,0.1726115595260668,0.5451127819548872,1,3
0.30543342926598738,-0.93940500272630001,-0.155655584993343,0.95220254083209188,0.30053969415545578,0.054646257601541348,-0.0045542858636701666,-0.16490643738115815,0.98629869988281271,-26.279541559758549,9.75352752433262,-4.7568429311061671,,0.08173946597470598,0.3846153846153846,0,2
-0.67372352068160957,-0.71713530986216345,-0.1783635753994551,0.72892050743752612,-0.68459788475674599,-0.00079374026623881249,-0.12153810726433803,-0.13054762937521935,0.98396433113559256,2.7565735496827233,-12.362254141690718,0.075599561231490309,,0.08208070619585178,0.2380952380952381,0,2
0.35350586095813979,0.93542733108796794,-0.0030519701649613248,-0.93109582689548387,0.35217899534720265,0.095029029112437408,0.089967590865053779,-0.030751642068003182,0.99546982330157152,6.0035978763530187,0.13747904062623892,-0.48204335397193643,,0.09259109894479481,0.2857142857142857,0,5
0.074493933870649093,-0.91812585144559733,-0.38922432442458138,0.99720038846744607,0.066046206338884125,0.035061144713436569,-0.0064837532996225846,-0.39074649011288382,0.92047549745097035,-7.8211202717796846,-17.137006000687901,-0.77658538753956619,,0.2562842910294179,0.15,0,4
0.34219420852962851,-0.91145023292120508,-0.22838913405996689,0.93961887240367292,0.33307055679548891,0.078615385382207817,0.0044156847295891127,-0.24150047019379378,0.97039065567664307,17.513457381520276,-8.3023704813889374,1.4239842647237697,0.2926469235322983,0.08329948542648788,0.4,1,5
0.80986323184768116,-0.52812540558865095,-0.2553528963474917,0.58116508307720605,0.78154926982998785,0.22677717045610724,0.079804084563976377,-0.3320606793946505,0.93987606272682023,-15.054714622802571,11.25525826283558,-3.4007961867704206,,0.2149797381760826,0.4141414141414141,0,2
-0.75061226583245222,-0.63418760394291807,-0.18543815515425227,0.64932048803524633,-0.75994942159117407,-0.029322012906856855,-0.12232796164222554,-0.14241825595189905,0.9822183617567315,2.4321615290590026,-20.84557458219081,0.64087249805826296,,0.1219704701080351,0.5333333333333333,0,4
0.30045007694750608,0.9537895205111272,-0.0039117547715394737,-0.94915610860194266,0.29938960194566105,0.097306463045561856,0.093981023434820399,-0.025522868372769191,0.9952467786555107,1.7493100669166959,1.1255162801970573,-1.0087502925074316,,0.1437788449369454,0.1521739130434783,0,2
0.29872187371177789,-0.92316076298205763,-0.24194926711298217,0.95388932766062773,0.29661805622376225,0.045966066801410368,0.029332452016142423,-0.24452389333646243,0.96919950105553521,18.397255764446797,-4.5080734046646516,1.3404800353545911,0.8427063200205801,0.4168977699741864,0.6153846153846154,1,4
0.074482404898095225,-0.98446012759587609,-0.15903027552798679,0.99587996614135266,0.065158507981518898,0.063067121988564442,-0.051724891482673348,-0.16307245632397135,0.98525728091172815,0.64533372957619739,16.631515872454763,-1.8691889419729164,,0.1080588866364593,0.6666666666666666,0,4
0.90709792581322535,0.41227546338028304,-0.084866337731261052,-0.39744825904330006,0.905313045859651,0.14981044816624303,0.13859377463938755,-0.10216276861407832,0.98506575127770646,3.8780577063875223,-9.7025476323336921,-0.019167759202288425,,0.1105728128154436,0.2068965517241379,0,2
0.97526878451246768,-0.18535521205538272,-0.12039204010016277,0.19840786433453417,0.97422334347030259,0.10734615227270697,0.097391567015754299,-0.128578079008244,0.98690554779713691,6.0759746569522761,12.450146963279538,-1.0633072616032704,0.6955558640411794,0.4190282651347033,0.4,1,4
0.61521599034668917,0.78835291377710881,-0.0029947555633356455,-0.78193320562947244,0.61068137325354599,0.12509485319220842,0.10044773345257371,-0.074618655176202489,0.9921402668695265,5.5526372111478697,10.557834260921069,-1.0352903406043683,,0.2505368078447642,0.6304347826086957,0,3
-0.080524823193058467,-0.9282269481369797,-0.3631948314638257,0.99381880863441596,-0.10270439653549225,0.042142407818631912,-0.076419424586934695,-0.35755634476903142,0.93075965311202258,-8.2236341117839391,-7.1023886713823732,-1.4956241016962226,,0.4409249382806303,0.28125,0,2
-0.6402908773759467,0.75905887672697869,0.11771666836569177,-0.76657071136975885,-0.62167311868543662,-0.16090953350869425,-0.048958521415612716,-0.19326705659760243,0.97992392970826903,-15.255526383854825,-8.9078678953357926,-2.1375321346207978,,0.1634165636703972,0.2222222222222222,0,1
0.83397397186801403,-0.5206607349036978,-0.18275615824434108,0.54521964686207691,0.828526800320876,0.12758870571349179,0.084987945746921326,-0.20604790772922935,0.97484424848184137,-20.109312059790476,17.119686943929732,-4.3339887897835858,,0.7137259322738666,0.2758620689655172,0,1
