axis_00,axis_01,axis_02,axis_10,axis_11,axis_12,axis_20,axis_21,axis_22,location_x,location_y,location_z,dbh,dbh_approximation,score,reconstructed,number_clusters
-0.92336005952313716,-0.12229470512849314,-0.36393709013366848,0.1061177652545542,-0.99227874534520766,0.064202113933411104,-0.36897861777453494,0.020661477044835584,0.92920820217619604,16.287066070971431,-9.2887735108720211,5.6612642940901701,0.2618781928349396,0.09623844523172358,0.25,1,5
-0.69778350283194768,-0.55518702742623438,-0.45262075488558906,0.63236825741657476,-0.7742585220335273,-0.02518189965798107,-0.33646481270335515,-0.30379451218888281,0.89134747667585645,-14.160664039390088,-12.812601996094994,-5.7939244187010077,,0.1774326553917693,0.2413793103448276,0,3
-0.24737450842827591,-0.80722896113523457,-0.53589855092582683,0.94176790416381739,-0.33033572622079277,0.062861137987429219,-0.22776976811412436,-0.48914181204095986,0.84193896479883057,6.4037995766205373,8.7201403073774344,0.81263205914968217,,0.3364508707657611,0.2142857142857143,0,5
-0.30865419583079223,0.91849202184152012,-0.24719424186158598,-0.95051970966980359,-0.30748379749147975,0.044339551299623782,-0.035282700084890525,0.24864858755620531,0.96795093418056299,-28.601495746713198,8.1703826816069558,-12.490660342516097,0.412759189085927,0.3072872816797846,0.375,1,5
0.51245657512621812,0.80318057867584924,-0.30379140318289888,-0.81304848586631506,0.56765711854600354,0.12929638585258743,0.2762976985796286,0.18073835730684423,0.94392437618573266,11.537149873497656,3.8133496499128041,3.1383885178562876,,0.1246256693946166,0.1379310344827586,1,5
-0.33828864885155829,0.87785216828034152,-0.33902265514813007,-0.93967432071166435,-0.33453307107618985,0.071412851444283318,-0.050724363507661976,0.34272904020790795,0.93806388052461909,-16.854828444026897,-9.618801478103066,-7.001273565482963,,0.4830757188794845,0.8823529411764706,0,3
0.74508957151347421,0.62645964644764374,-0.22888827360649078,-0.58138481647821183,0.7782211472460272,0.23741006960041264,0.3268535231421909,-0.043819600086831174,0.94405858772523599,3.8319180546291327,-13.115728411829716,1.1156120362870801,,0.4414750781300147,0.15,0,3
-0.92048365153410294,-0.058483262830200361,-0.38638006577355483,0.10941811045514117,-0.98776063334197506,-0.11116028213478825,-0.37515000248283259,-0.14459819911946664,0.91561664273239196,-19.401027257083097,-5.1997276630436682,-8.2128785662050614,,0.4861465451733651,0.6875,0,1
-0.62551751783432241,-0.67877354330999273,-0.38470028825669844,0.71432722822344674,-0.69654728070988481,0.067516640573076908,-0.31379044902768655,-0.23256904918338511,0.92056894986792837,-1.5530350430370188,4.6077137477504335,-2.0584028767530831,0.4145401232550546,0.3216541735129798,0.9559512652296157,1,5
-0.84146756934714761,-0.3726886444293192,-0.39119752561901622,0.40862457874415603,-0.91265331370846126,-0.0094806446578256202,-0.3534943894649043,-0.16783057912789107,0.92025790587553935,25.193865719981623,-2.2246852582739161,8.7275679194383908,0.2505813195600473,0.210512848306796,0.3333333333333333,1,5
-0.89220590689076629,-0.19266864209414547,-0.40846959992491977,0.24892158698164882,-0.96444441642169709,-0.088797585370046575,-0.37683771473110728,-0.18090263123186281,0.90844238935092969,-11.894560985278645,15.557091894402594,-6.6716702802051824,,0.1784310126153163,0.1470588235294118,0,2
-0.92414976915839153,-0.011642967242528238,-0.38185291078932587,0.081936177037255073,-0.98231632944348712,-0.1683481268122527,-0.37314027798806582,-0.18686645023241627,0.90876138932093986,-15.021471620403215,9.4036783272207778,-7.4486887339945893,0.3043722939624189,0.1366719151005821,0.4042553191489361,1,5
-0.80944177925439798,-0.45264043183705327,-0.37405968168707771,0.4618790888023353,-0.8841442318132241,0.070403726311369041,-0.36259028299803658,-0.11578262744370496,0.92472843032840391,3.5372606230759294,-5.9464817163819346,0.51478075203478046,,0.08751438001071137,0.3974358974358974,1,5
0.85531288786612292,-0.24245992286763005,-0.45787885914632026,0.42285620325681217,0.83733634303800086,0.34649744587078979,0.29938686547232912,-0.48998064699615457,0.81871024810483672,14.592518084315303,-6.5311093738130079,4.8899555319288295,0.3133169942549551,0.2198029829589038,0.25,1,4
0.89469950400836351,0.27755829768664542,-0.34996312507531219,-0.24826306338076934,0.9603376515295593,0.12695292992083937,0.37131960477193104,-0.026701805931079198,0.92812109375449214,-7.681197984362333,13.100025337200535,-4.9318279039152921,,0.1497789609781602,0.6929133858267716,1,5
-0.40465134198418445,0.87818972823052821,-0.25502959173552525,-0.91130382231615925,-0.41044174077770157,0.032602467074245946,-0.076043637882178772,0.24560207380590265,0.96638345726729158,-8.9322104696515456,-18.288236606158897,-3.3229812075720728,,0.07451256171234148,0.2777777777777778,0,1
-0.9299728295027121,0.044296237592397147,-0.36494983178770918,-0.0714389772755612,-0.99556541925135467,0.061204317794546138,-0.36062031128673439,0.08298999533697933,0.92901326780699256,-9.2613408894707749,3.7050966411909623,-5.0376248878939531,0.1699291891813242,0.1425821410288432,0.6860025220680959,1,5
-0.88778652207612618,0.33706383174662596,-0.31340559112475541,-0.30877580417066108,-0.9411414936251512,-0.13751433283763781,-0.34131011408796091,-0.025311307854417511,0.93960988911141285,3.9523002801584246,10.347576868810991,-0.14732408902818334,0.9424194640037185,0.5930344682883592,0.3125,1,3
0.86629433395568745,0.32024002437600507,-0.38338029910772414,-0.26666541170480557,0.94544020233202564,0.18716939390478898,0.42240227882503073,-0.059909520128566172,0.90442642831873665,-15.946086927370697,12.831172058493379,-8.0156673962609304,,0.4141926185773128,0.9,1,5
0.44736762084866305,0.85323510779400857,-0.26805235056599391,-0.85597785443143781,0.4953398924157229,0.14812259687344662,0.25916042240118464,0.16318162215558352,0.95194938607654622,-8.7478950639076984,17.385228389760755,-5.5514535378944059,,0.1005001607301951,0.2333333333333333,0,3
-0.34538243211184433,0.88060426333814512,-0.32441810519635161,-0.93740421972386823,-0.34013248259356582,0.074720968466855844,-0.044545532126067294,0.32991821058471665,0.94295793643841053,7.142390294113766,5.9362525676048357,1.3277399765257289,0.4100409128834268,0.3366331749811975,0.7253521126760564,1,5
0.36777514923330179,0.90804602213492247,-0.20048406742523495,-0.90485269065817842,0.39916300576752423,0.14802196808342427,0.21443658226869169,0.1269697464421311,0.96845012038480505,-4.5720405036250034,3.9943183283890287,-3.2282691024534391,,0.07281830095111597,0.3870967741935484,0,5
-0.90571712300954055,0.23621099643622598,-0.35196712666089469,-0.26734981387588896,-0.96268835577856837,0.041895186703062672,-0.32893855065627159,0.13204353377186709,0.93507429388321328,6.2958343193500852,-12.486562103271615,1.9710623628941084,0.06191300244695831,0.1144814323818939,0.5925925925925926,1,5
0.5761725361403609,-0.66264742549271116,-0.47845960966989326,0.80266503723512095,0.56913835258137058,0.17835462881940009,0.15412347841236498,-0.48680583923043275,0.85980580847841903,-14.435112581523585,-2.3676984127444474,-6.5579581638086815,0.6151634933930693,0.5123909385559796,0.5564516129032258,1,1
0.77583690277564243,-0.37338368906618824,-0.50858796783921467,0.5621264227929581,0.77512047565727826,0.28844779946261906,0.28651524407872381,-0.50967918238452581,0.81125590657594004,1.9415409192607953,11.062583440254937,-1.0190700552455114,,0.6099513449742788,0.7404580152671756,0,3
-0.59504277831481966,0.72502770186958321,-0.34678368401222631,-0.7870961853855255,-0.61295223566011681,0.069059045394642304,-0.16249211342996095,0.31404520107935996,0.93539933972185885,-12.279445245412475,-11.162302167464548,-5.106350409290906,,0.06869616931963407,0.4347826086956522,0,2
-0.67067251461737831,-0.62640036477730032,-0.39726686388832905,0.66523418275898138,-0.74486202714865402,0.051420254773667219,-0.32811866790201588,-0.22978934596465433,0.91626142353334061,3.2666922594720593,3.6740961120185456,-0.10342094198243863,0.45424864389876,0.3556629651133422,0.9501845018450185,1,5
0.24455931962119193,-0.88379910948099083,-0.39886071913266485,0.96961174098123826,0.22571292647931313,0.094375561304159153,0.006618983135692637,-0.40982045934866546,0.91214219295102095,-10.826153686150683,13.398388193001463,-6.1229141594136376,,0.08093377246132646,0.2307692307692308,0,3
0.9153667259707714,-0.055879078021560009,-0.39872457364076619,0.20997171807755416,0.91124034877759885,0.35433445269581121,0.34353403702269508,-0.40806685162990181,0.84585212064979132,-16.608540034119823,-0.98975955725789466,-7.5222548003394234,,0.1045746923197695,0.2121212121212121,0,1
0.15727119082499733,-0.90408385723831997,-0.39736400392784582,0.98713327975374798,0.13215239786070779,0.090020174084894336,-0.028873180273339752,-0.40640881242998039,0.91323502815001423,3.9101097818978423,-4.5544437935554161,0.59067173413120266,0.2400550616539507,0.2163581233255652,0.8483412322274881,1,5
0.74390943902381679,-0.52460970439442245,-0.41398478786842585,0.62505059361294701,0.76538936267158719,0.15326734464093472,0.23645401657694801,-0.37277846177639756,0.89728797856666409,-5.4257852752831157,13.271349026910112,-4.0443239425462369,,0.1151857378859222,0.2830188679245283,0,3
-0.89665377487909226,-0.22770860820956332,-0.37968512973559737,0.22921220814336163,-0.97247336267321105,0.04192043092695559,-0.37877931785291286,-0.049440354350682059,0.924165504511265,-10.079258862460186,-19.793979430628085,-3.7059425882577139,0.133383924490962,0.149760040759594,0.5769230769230769,1,5
0.89531931851350277,0.30135792506721998,-0.32800414463188882,-0.2426949092990382,0.94752222050053625,0.20808849717864067,0.37350033319509757,-0.10670071535333459,0.92147298302567626,-4.967110829766388,-4.2934021762139754,-2.8232223318427132,,0.08099672692387759,0.3377777777777778,0,5
-0.72155708202884472,-0.55523669865440017,-0.4136031743608633,0.5956123027052298,-0.80237039660984144,0.038049067141523001,-0.35298918147755398,-0.21889256522670947,0.90966185071612082,-4.1314217503259378,-9.0175048800553945,-2.1643249156220583,0.4573957470588373,0.3844292590635446,0.6955719557195572,1,5
0.89011432522334077,-0.18279394931488341,-0.41747198723515072,0.32291036123275618,0.8993805000631907,0.29469240695107385,0.32159817574222804,-0.39711596316435605,0.85957752713720836,-19.09354726032927,14.338937356680345,-9.2363767514937258,,0.4074699097702634,0.1481481481481481,0,3
0.16631684559745075,0.95476514104511234,-0.24649996412904487,-0.97363103721900168,0.1985893190620116,0.11227148221314867,0.15614515757577802,0.22132737697716742,0.9626177236920388,-23.276060294274824,-6.6924347100366566,-9.6488760931051534,,0.2848964927310362,0.3684210526315789,0,1
-0.90206166816892375,0.26794512766527917,-0.33836393924402763,-0.28580873409483926,-0.95828165700435008,0.0031037661160333986,-0.32341631736108223,0.099507157578913902,0.94101020783791778,4.8143679116224929,-19.824110086091213,2.0575259775960792,,0.3729084282968143,0.3333333333333333,0,7
-0.9299762301461969,0.077008321058683049,-0.35946339153075324,-0.038820785843900314,-0.99291799971669792,-0.11227997339265272,-0.36556416392957725,-0.090463055035277004,0.92637966176085429,-27.559203028887318,13.948334458061119,-12.38455978118988,,0.1330316053080564,0.3125,0,2
0.84306042625821642,0.41901924584992428,-0.33715276846657599,-0.38613010705215656,0.90794929965612214,0.16288526539208226,0.37436968107100521,-0.0071372866917016591,0.92725206984588382,5.5712119860735578,11.612257391728919,0.35040761401454623,,0.2349246567876299,0.3684210526315789,1,5
0.66988946900918867,0.6541851662441478,-0.35112656916944385,-0.66532413967526793,0.73882140964199194,0.10717608791136836,0.32953283368422059,0.16181684992835987,0.93017386471740382,5.0423038592593521,9.4314139470737945,0.31148817263876277,,0.0763770745059124,0.2727272727272727,0,5
0.64885399891291495,0.68718881936508613,-0.32674151042427502,-0.68963359403381597,0.71255466374634169,0.12911760977240389,0.32154936491108144,0.14155344472302886,0.93625243829446092,-0.18035100741529117,-4.1919212298369226,-1.0566528481919026,,0.078990396692537,0.2985074626865671,0,5
-0.92210443797787922,0.15854080938305976,-0.35297056140939603,-0.16364087737280686,-0.98639734544635804,-0.015554425384331614,-0.35063523598485918,0.043417607678717746,0.93550512699252486,-2.8074944698188369,-10.359744920722468,-1.6218490895853042,,0.07739246958192884,0.3333333333333333,0,5
-0.77364969891859292,-0.49055682486250013,-0.40102387079074564,0.50958567009579403,-0.8578615147827392,0.066302837704613468,-0.37654825480433535,-0.15306084749368881,0.91366503094313678,-13.291500753074677,14.675725678620582,-7.1124710156590014,,0.07993430346942532,0.3809523809523809,0,2
-0.91468313653427447,0.20006255776157483,-0.35118333206705371,-0.19305744014656664,-0.97963096357419499,-0.05524490936502028,-0.35508250385491663,0.017266968135458562,0.93467548767876241,-11.280295121684148,-16.146937239077214,-4.3715975307284998,,0.3276081560491478,0.4210526315789473,0,5
-0.45779988095737328,-0.74749318116801522,-0.48132443642800199,0.85343321148722895,-0.5211971144075972,-0.0023068298132489879,-0.24914056780461907,-0.41183432596192487,0.87653948310014973,-13.037328122099368,-15.415679418325494,-5.1642093861880864,,0.2674377217802955,0.3333333333333333,0,5
0.71480606893699816,0.59945027891734515,-0.36015503178041713,-0.61144926918501741,0.78566545377057206,0.094125373649139282,0.339384847958692,0.15293514265007541,0.9281318694661107,-4.3663115106057733,7.4513101625932112,-3.3119273910506406,,0.09061467399991247,0.5753424657534246,0,5
-0.29475408269245446,-0.82851981706789402,-0.4761039208638303,0.92953051896862404,-0.36412560597973054,0.058185542670100357,-0.22156950386289559,-0.42540269838786476,0.87746196451029901,13.265137602126723,-23.244494221406338,5.5915550296085934,0.2553075236178483,0.2149882076030384,0.4,1,5
-0.35737308405856422,0.92419063746205865,-0.13474473799723818,-0.9322167335718089,-0.36178860227966592,-0.0089982725694139759,-0.057065229686544656,0.12239555910244339,0.99083948582644943,0.83515783764082818,-18.61697325374638,0.424584853077772,,0.3020857339615242,0.2941176470588235,0,2
-0.11739224364379061,0.95441867522625234,-0.27441584048965523,-0.99216264981344526,-0.10080584903271109,0.07383398347616528,0.042805810907413928,0.28093268442842551,0.9587723866342831,10.312706604373705,-22.916171749358451,4.4670581352603422,,0.246278738965376,0.1818181818181818,0,5
-0.5444251494499377,-0.74205415101786576,-0.39109703860239958,0.79017650161506237,-0.61015485585216811,0.057724762237718961,-0.28146465664767567,-0.27760887744662288,0.91853740164515418,-2.107715681436936,-7.668499632959751,-1.5277179478078291,0.5999628729164439,0.5135321838576807,0.9975278121137207,1,5
0.11592843695883132,-0.86032627248342264,-0.49638624314042035,0.99179582293499868,0.073162497159292933,0.10482506674504913,-0.053866901831921069,-0.50446600865092461,0.86174961734997857,11.670506200627228,-4.7084961971768093,3.6108218184382124,0.1977048907240582,0.2176152646530483,0.2295081967213115,1,4
-0.53135404463000424,-0.71250097996335404,-0.45826327892009344,0.79815825365702375,-0.60234633726669873,0.011058575883107579,-0.28391245371505913,-0.35989059939466633,0.88874770047119811,2.5516737403777618,-19.008513940366129,1.0810142417739084,,0.1443333273289745,0.4,0,2
0.18715562145054415,0.93630182075501722,-0.29717280126266615,-0.9685782680734456,0.22633126386976726,0.10310333462579585,0.16379533563354484,0.26853874850001314,0.94924076428414172,1.3927260827993557,-10.015369189335679,-0.078479228442865395,0.2266627477121707,0.197924384456142,0.4796747967479675,1,5
-0.79584443555259599,-0.45604566900029769,-0.39831392416791178,0.48656612650305714,-0.87320781563237559,0.027595565918210916,-0.36039566997923428,-0.17184428563268028,0.91683395582603333,-1.3271043027139675,5.6660519485180192,-2.0535883073919079,,0.06745940255149269,0.1739130434782609,0,3
-0.82555506393938005,-0.37454749299108991,-0.4221054511589924,0.42375215376359276,-0.90542294675576107,-0.025365324142058349,-0.37268344286373034,-0.19980856583791612,0.90619180554286227,-17.427100183434106,11.404157170413148,-8.4977997509278591,0.1544097113742132,0.1289509142863177,0.2769230769230769,1,5
0.63580859402440781,-0.62480870195102267,-0.45316831059881557,0.74662720882138844,0.64672618643793456,0.15586228159189089,0.19569170348353912,-0.43744636898907396,0.87769324450287678,-8.230343305594749,-13.976035447248405,-3.4415728976389048,,0.1598327015660999,0.2,0,4
0.49121786056338712,0.84949899021369557,-0.19250059503658784,-0.83390312478601736,0.52248881985901274,0.17779485817776805,0.25161596121002561,0.073190837870924147,0.96505570270120034,-5.8164079336265271,-13.848740875040392,-2.4653814804597349,,0.2004073996505868,0.3076923076923077,0,4
0.29606776218970948,0.89603174939904207,-0.33086399662228477,-0.93380101331505727,0.34438109052479593,0.097042939056513025,0.20089685842180668,0.28022984951258478,0.93867549436341646,12.179007032069277,-9.6117507651196927,4.2105113566545729,0.1659650372616663,0.1502852171575335,0.5,1,5
0.14307553536020118,-0.89358773065880126,-0.42547662544192172,0.98918722847583718,0.11511649983342138,0.090867037402975068,-0.032218289862803208,-0.43387689392517265,0.90039592553285175,15.251660584176575,1.3727003863357305,4.7047315144097555,0.6453705737517899,0.2459226858014897,0.3877551020408163,1,5
-0.52912466200831443,-0.76103318624598426,-0.37530731605828177,0.80088495911041491,-0.59404493029718841,0.075457955570746485,-0.2803754167634801,-0.26065131923796697,0.92382385520953703,-6.9762127809872894,-7.4764259800187887,-3.3744560699016795,0.1503454919564333,0.1223659752288948,0.5793650793650794,1,5
-0.30378620553419555,-0.86254968371237928,-0.40462573380200556,0.93217188474371393,-0.35686172221288948,0.060871081086213114,-0.19689976795438141,-0.35868893814407848,0.91245423284271399,-4.8522875396873122,-15.264098433184571,-2.0113974310783269,0.290059012797242,0.2810952615661181,0.725,1,5
0.42342175095052997,0.84832101145457417,-0.31790797779652591,-0.87130328931549472,0.47743453672605185,0.11352022361315452,0.2480818390168609,0.22892733490317257,0.94130105518061746,-20.083048149478277,11.542319519447402,-9.5946321870244216,,0.1099040582563049,0.2727272727272727,0,2
-0.92443160826258663,-0.061718937070592172,-0.37632030831716123,0.074793949119684691,-0.99699402901744405,-0.020218092853824973,-0.37394126118968074,-0.046836726085841572,0.92626899671177088,-13.618494884382478,10.347485834644685,-7.0350060457049279,0.3301032769007652,0.2860944227326949,0.8702702702702703,1,6
-0.52434194932300904,0.80518202201398337,-0.27703326804848011,-0.84289112011270728,-0.5369651970527356,0.034683379150013544,-0.12083079001352982,0.25169483224649419,0.96023415457122563,-8.1438849289800324,-4.4751110902169877,-4.0099949860982003,0.354806403390589,0.3240168953756909,0.8851963746223565,1,5
0.91564680743277249,0.19576827283423059,-0.3510921636688476,-0.14034472423957275,0.97412552266466235,0.17715198127996337,0.3766885748417238,-0.11293471319660946,0.91942996913245678,-11.520458401878763,-9.4480923212061647,-5.0170148389565732,,0.0689139443706263,0.2093023255813954,0,3
0.71588739490260278,-0.56310731671606207,-0.41281398677903336,0.66490472018214331,0.73025572179203058,0.1569340430547336,0.21308906799521488,-0.38682907162057451,0.89719357914002806,7.5565461063896624,-8.4805082584733213,2.1725426597922333,,0.07665503020341077,0.2857142857142857,0,5
0.70645188082919219,0.61318535404080354,-0.35345362024281579,-0.60087454656474437,0.78351301347491753,0.15829446296718119,0.37399935743729729,0.10055386270705712,0.92196171359291312,17.652321904919312,-5.9461914340768791,6.0743048149887962,0.4051139593571412,0.2014243318609539,0.9375,1,8
-0.30698662186250236,-0.87429119544790002,-0.37599749940622074,0.92875761982149729,-0.36145993363119128,0.082194890369427204,-0.20777030014166198,-0.32397781087848715,0.92296797367916694,-17.344103435344294,-1.85085430097638,-7.6958715864333831,,0.2136737651322669,0.8095238095238095,0,1
0.13704237766206917,0.94006300806842069,-0.31225138524284873,-0.97987803852946775,0.1748320584570825,0.096295279963772795,0.14511518298361778,0.29277174077600193,0.94510649742270836,-10.417854218902162,16.602252199062434,-6.1438388236973767,,0.07997626221138701,0.3333333333333333,0,1
-0.22119170037304903,-0.81469489815151497,-0.53604706380314493,0.954568523158281,-0.29341151692059836,0.052044368895905517,-0.19968266394832301,-0.50018187158697303,0.84258229808978014,0.61152066461529009,11.710271829869107,-1.6143609847691009,0.4993493917728556,0.5069053093571882,0.4642857142857143,1,5
-0.85306291376280452,0.43152913991423936,-0.29337052777569522,-0.42771755278689605,-0.90031311193087848,-0.080585330695639279,-0.29890025125533426,0.056735367190259227,0.9525963142429662,-1.3649515745587406,9.0265498745759771,-2.235322223246452,,0.08927477773008627,0.3023255813953488,0,5
0.21373230716509151,-0.87829685738112917,-0.42768344740978642,0.97687864908508792,0.18984650996830418,0.098317890612791378,-0.0051580844875955805,-0.43880853793800234,0.89856578011692168,-21.297137756735868,13.232484113832646,-10.06409176263073,,0.1449057275664505,0.3720930232558139,0,5
-0.13443545852237049,-0.88459811686964085,-0.44655713981814804,0.98032474944177961,-0.18445857831908122,0.070273882178339367,-0.14453543898916876,-0.42832371463087165,0.89199120083161132,0.47350967365869023,-5.6997028341842615,-0.69480086322153467,,0.07406841934848088,0.2727272727272727,0,5
0.40562664489022504,-0.81045753977897828,-0.42264122038734792,0.9103973673301804,0.39946020652228126,0.10774125005519083,0.081508640728317164,-0.42847417614202149,0.89987011388646532,-14.702129523886562,7.7811001478107515,-7.2589332572803107,0.213773072286267,0.1811917212397499,0.5648535564853556,1,5
-0.60229032793199155,-0.69334525928629986,-0.3956244586786688,0.73632106062857516,-0.6739521822134289,0.06016437288437141,-0.30834664998080707,-0.25507020115053231,0.91643959753528936,-6.0565512168907558,6.1867365591727337,-3.9605709571077075,0.3131127738894472,0.2691813840270695,0.908745247148289,1,5
-0.80310457082986919,0.48225189418871145,-0.34993736420047072,-0.53199529589785965,-0.84485156502198688,0.056628952157440696,-0.26833571036058879,0.23164400193249293,0.93505989268815237,5.6791501211518876,0.72379055898712419,1.0711669271657509,0.1607396612655457,0.1064883209521486,0.4605263157894737,1,5
0.73355529865893987,-0.56186886519388601,-0.38236108867813606,0.63903292115890964,0.76175727631787415,0.10659633038658561,0.23137318229325055,-0.3225356264081688,0.91784378856806892,-8.2831364120021611,7.1758385791546724,-4.7917014678373882,,0.0848179091265702,0.5632183908045977,0,4
0.51500742000317745,0.80993788070225015,-0.28065634991073779,-0.80974290533821947,0.56710323074125457,0.150699545245668,0.2812183930614966,0.14964810418571717,0.94790382440284027,-10.325254828286393,-13.067321963520044,-4.2120424041638591,0.1033855500524725,0.1506949433903831,0.3125,1,5
-0.67015130667853207,0.66531530292394758,-0.32901789290595235,-0.71517803418412618,-0.69739582909141207,0.046469742698145147,-0.19853867526904168,0.26644812865005935,0.94317961659553284,-9.0470461534065816,-20.875968087051664,-3.2360235931179142,,0.1250327462460838,0.3928571428571428,0,5
-0.80221296401926689,-0.45411436213106704,-0.38760096293187474,0.47308426519471009,-0.87952159199272573,0.051313226791563804,-0.36420548922909368,-0.14220378097953484,0.92039798255456917,-1.0289936440341845,-3.6298905734424709,-1.3373795091557115,,0.07588685715395485,0.2413793103448276,0,5
0.82513008687808109,-0.40163114475466682,-0.3973068880495616,0.48961114389255217,0.8592495301054307,0.1482267613820937,0.28185327300706942,-0.31683224043119945,0.9056357236320518,1.858074221756375,-7.125043605426705,-0.057526925766812717,,0.07555543110179563,0.1538461538461539,0,5
-0.65184427705444925,-0.66107913809035179,-0.37158230804638731,0.69008075509750388,-0.7202573303750186,0.070837345271476768,-0.31446397236475521,-0.21024688160058203,0.92569360960406855,6.9064614439757266,-5.7025578855537553,1.7868288284905327,0.161642837124583,0.1412362540583599,0.3333333333333333,1,5
0.58823573545478547,-0.7036467337729736,-0.39857244458767394,0.79243996060508148,0.59984919009462712,0.11054346646924733,0.16129980895892373,-0.38087034958558635,0.91045051948821965,-6.6553923607317529,-13.981660243644647,-2.7837815378147384,0.1989223517512545,0.1861737787871678,0.6190476190476191,1,7
-0.37576278225186477,-0.76250614124918492,-0.52667515228233075,0.91187251106377065,-0.40553855363746699,-0.063458687977973563,-0.16519944019454841,-0.50410600677923867,0.84769468494765188,-17.143183379849003,-13.005470229538878,-6.8457058485157063,,0.4210472105951264,0.7702702702702703,0,2
0.87183560603268717,-0.23769058240065086,-0.4282591074240642,0.36493706592535941,0.89841025779571049,0.244294794462009,0.32668580313109208,-0.36927252229956764,0.87000815531068953,12.838376731593458,-17.932791651799864,4.998452433590395,0.6081480450607309,0.3097548773826283,0.25,1,5
0.16972335774094474,0.97328242890405525,-0.15464570936098401,-0.97349986801535282,0.18998669522227246,0.12729125112359529,0.15327096532360626,0.12894327910031611,0.97973549591898945,-19.685221770913866,-11.55133962274777,-7.9832938426134552,,0.3344124862529244,0.3333333333333333,0,2
-0.25233925269204127,0.92253069710402347,-0.29199660006853773,-0.96763316356789553,-0.23954209140521876,0.079408105435145038,0.0033109385991633819,0.30258337585858419,0.95311716926074441,19.396480346188614,3.5541756763415173,6.1463648232521182,,0.1234339901889176,0.3157894736842105,0,7
-0.29609617376849912,0.92100846759937827,-0.25312143032524886,-0.95440540855702183,-0.29580360198606265,0.04013159813881708,-0.037912689125926817,0.25346327478022562,0.96660177753867427,-7.6451885549310976,-20.782688112506481,-2.6739508543228077,,0.3351924757700337,0.7422680412371134,0,9
-0.56606198759939164,0.80564653731567459,-0.17466391472278842,-0.81071755712596805,-0.58244391829633091,-0.059128035713357729,-0.14936823210686126,0.10813296884336633,0.98285115469555739,-17.725875724862235,-5.6185535788209693,-7.6043467468265815,,0.07654780000975826,0.2307692307692308,0,1
0.92507967958096871,-0.018411252965665547,-0.37932652450179011,0.14115640627157297,0.94393604062202929,0.29842858472891348,0.35256553347550523,-0.32961458854098363,0.87581491630714492,-7.2321845839062533,-11.576659491944309,-3.2435687856783093,0.8769201486475066,0.527257197626548,0.5333333333333333,1,3
-0.83168843274081972,0.51437642034140851,-0.20907235360486512,-0.47609926138476044,-0.8544024108309568,-0.20814901795380761,-0.2856988697107582,-0.073575937391293214,0.95549083579225824,-19.831678266790718,-6.1162080659281717,-8.3121055284685195,,0.2153139905374125,0.3076923076923077,0,1
0.81990595116212006,0.44623451079134235,-0.35864884305926659,-0.44029401452500277,0.89190703471598098,0.10316502410023788,0.36591722017745437,0.073325321703743646,0.92775426982291331,2.8311199747854339,6.8115484170131682,-0.41674019161966946,,0.07637592737733113,0.4054054054054054,0,1
0.17705315695610885,0.97881023576046577,-0.1028722605098954,-0.97133293457483827,0.19062813671684828,0.14203254451742572,0.15863325572561196,0.074775904290104597,0.98450193210348191,2.9889578082872559,-13.370381409449489,0.79937887917002282,,0.1533567832705427,0.2352941176470588,0,3
-0.90517522342809531,-0.19081657492523701,-0.37979843288999998,0.19834482963603675,-0.97993593204369578,0.019618808483337573,-0.37592172516170164,-0.057572596115302681,0.92486120727814891,-13.436664121752637,12.013006731530281,-7.015795910370537,,0.119743369418138,0.3968253968253968,0,5
-0.4232993930861027,-0.79341556408184677,-0.43738926196881062,0.87392232559130101,-0.48488843124216979,0.033807958835142309,-0.23890875380786741,-0.36793335255205029,0.89863655358202499,-19.394182684281191,16.393401302126687,-9.590691861724622,,0.1573563988950356,0.4736842105263158,0,3
-0.92513153106325341,0.057429948280841511,-0.37527783210978755,-0.034088890414483368,-0.99706522538778852,-0.068548405325796022,-0.37811320762818029,-0.050623486277222692,0.92437420174638685,8.2690106850529865,-9.8214726928607252,2.6357629810780661,0.5782399859563004,0.5410293097530986,0.5531914893617021,1,6
-0.37905293592801836,-0.84095625472143765,-0.38614951690924298,0.8967212983052425,-0.43684449324989771,0.071118224689599469,-0.22849460591031434,-0.31931092427621738,0.91969057226208306,-2.7395156644014924,7.1606210106093293,-2.66426787629038,,0.067199572492514,0.1692307692307692,0,5
-0.9239400420546624,-0.08418816725689407,-0.37315834598994957,0.087963108489787001,-0.99609960496202332,0.0069331478648636431,-0.37228657004093457,-0.026418355142350136,0.92774176378921847,2.4601844073010914,-11.095243824266143,0.42131473934520253,,0.09648939958961084,0.3428571428571429,0,5
0.69500254250184978,0.63849811406465617,-0.33059283756887642,-0.63297240269721455,0.76142742344489145,0.13990788487354411,0.34105337315393813,0.11201980700729254,0.93334568060197798,-20.792540959671797,14.428594047713839,-9.9695441419675532,,0.1434735082105467,0.3714285714285714,0,3
0.85863122647308365,0.40632224017449275,-0.31249744649342442,-0.35533901781999605,0.91120138241108484,0.20843757604340277,0.36944092807923873,-0.067928475852993331,0.92676810628562356,-25.503782036142645,10.439154177287163,-11.402644003750915,,0.5209705849255417,0.4444444444444444,0,4
-0.91373273544120193,0.2148180580136437,-0.34488503901211115,-0.2319302802223828,-0.97269429243639027,0.0086115374723383584,-0.33361779523746282,0.087857927433540456,0.93860542896787957,-12.037488550154091,-16.02309297742152,-4.7136040901246448,,0.08531048445379932,0.2631578947368421,0,2
0.369729786274196,0.88393318965436907,-0.28629006508974275,-0.89122182494503976,0.42451182697611117,0.15972904400589202,0.26272332192492792,0.19609136897083479,0.9447352174720034,6.047861408970582,6.7347142670383855,0.84183336338340531,0.5971278369660663,0.7813680095394007,0.8645418326693227,1,5
0.92749295831011469,0.060934629842149264,-0.36884113541083435,-0.017038947125447824,0.99249176223860147,0.12111885142030185,0.37345212084818769,-0.10605221720698356,0.9215673825930879,10.39813950599093,-6.9144559885969601,3.2541782421428,0.5097987237265541,0.3003371319032262,0.2258064516129032,1,4
-0.46708104339930301,0.8574154504658239,-0.21604176494258115,-0.87800475263457767,-0.47864986672189908,-0.0013997993431432067,-0.10460857158049321,0.18903187664940363,0.97638311966271341,12.585504928675675,-6.8497167388869817,4.0897983433564056,,0.08902978094514885,0.1538461538461539,0,3
0.71287978791573714,0.63511448373788815,-0.29737518478778524,-0.60545890578330053,0.77136473833620722,0.1959998822938504,0.35386709565725688,0.04032409946756968,0.93442605144186097,-0.08600010129816886,-12.751451006572765,-0.4245259528224945,,0.5104252457270027,0.2333333333333333,0,5
0.89203950952208622,-0.26286365511318183,-0.36765229806453753,0.31743942281051635,0.94344050613653363,0.095667257860614655,0.32171062509237025,-0.20204630707187218,0.92502949331429252,6.7894730227219551,-6.7513670313474252,1.8415094516596655,,0.07570999263556397,0.32,0,5
-0.1759944673396098,-0.8468097403054401,-0.50193546516427823,0.9715082355485698,-0.23163851793265006,0.050153217955281576,-0.15873782072068282,-0.47880774924159153,0.86344973422837412,-0.97057157404826611,-18.589766836966938,-0.28684368425901946,,0.2504194695201178,0.5,0,7
-0.24169854968496035,0.92476648425392793,-0.29391965004201259,-0.97033178547474608,-0.23226464378134007,0.067151778431561532,-0.0061674287657902636,0.30143006626705238,0.95346834135836012,-13.685087214252331,13.361671868293405,-7.1858477976392781,,0.137809039701208,0.5522388059701493,0,4
0.12351206904001727,-0.9100559470823103,-0.39565507955993073,0.99114023858149447,0.093507895280509096,0.094325505484093283,-0.048844613480652672,-0.40380000829659535,0.91354242213134107,0.21227364256619966,9.0012648490471907,-1.5761928552791171,,0.0955152131127128,0.3578947368421053,0,5
-0.91346541837622364,-0.1656917281858824,-0.37165465238783968,0.15714517520480989,-0.98613064418848995,0.053401746247132779,-0.37534826939870103,-0.009623086987511709,0.92683389712301245,-16.779517755417071,7.5541014280581411,-8.0080242339599863,0.683524601893474,0.690717023179525,0.9905511811023622,1,5
0.90443029663622587,-0.17876305350854327,-0.38736237456264444,0.26533783012397794,0.94670038496789044,0.18263136917503428,0.33406836790035632,-0.26795923533617988,0.90365711072643184,-14.178089746746387,-1.2063567080357493,-6.5603617236508098,,0.06406412918055979,0.25,0,1
-0.45927871699123429,-0.73578507903474033,-0.49767798583896256,0.84168411761725326,-0.53956300092174303,0.020966978494506891,-0.28395581746065973,-0.40925796938625908,0.86710841780257486,-10.16636491031535,-21.428120527365188,-3.6335085185040645,,0.1275038264505569,0.1428571428571428,0,5
-0.64745271164676754,0.68350142070364317,-0.33709167013936697,-0.73842942637849129,-0.67202902972678114,0.055668352434865301,-0.1884859900352775,0.28496103435484205,0.93982457962102617,3.4843931194004725,6.301733000006946,-0.10880689384167989,,0.07957462874001793,0.1666666666666667,0,5
0.76041877217774123,0.55159630971958729,-0.34278973441955612,-0.54538299441309823,0.82895415542345108,0.12406610178125164,0.35259137868742529,0.092609499026430023,0.93118354816082038,-12.266109769628113,11.791682596804208,-6.5548988286118268,,0.07380898909779023,0.2051282051282051,0,2
0.92291018327724827,-0.080640326500477158,-0.3764756716509754,0.17086102809479778,0.96204331214204919,0.21278903787823517,0.34502652460578359,-0.26071019025855635,0.9016578586214411,-9.4349363742197259,19.652220304299057,-6.0046250221128297,,0.4673605529401248,0.7037037037037037,0,2
0.26632814116501236,0.90994432137735126,-0.31791611034469236,-0.94637504810127426,0.30943578678645078,0.092864213705598039,0.18287588565717985,0.27613552080266607,0.94356005881774174,-9.6964038779311856,14.812241093758132,-5.7389786774947922,,0.09512446162706294,0.2045454545454546,0,6
0.21451541651013245,0.94823427774570923,-0.23416850895788383,-0.96404973650000902,0.24404996756295538,0.10510812949902931,0.15681594827615158,0.20320277517936253,0.96649748604207841,25.154894442614239,-9.8310314806643433,9.2161226100180649,0.5631984669039113,0.4673929793073059,0.7142857142857143,1,5
-0.74621318128871339,0.59544331295166464,-0.29767960818995282,-0.62750583216797529,-0.77844967874636684,0.015891137619920434,-0.2222663237338369,0.19865386661433079,0.95453356285309365,-21.855948881729422,5.6599930395518543,-9.8682927836968002,0.246731628030564,0.2053489325664439,0.3571428571428572,1,5
0.55483542834662269,-0.60553247225234241,-0.57051561985574617,0.81938324836262655,0.51651236206996798,0.24864849111067061,0.14411363486544432,-0.60542993391214883,0.78274252175859282,-27.310515988858093,26.277110539383852,-13.364554396977633,,0.438196672131367,0.4285714285714285,0,1
-0.27865340966616653,-0.85104828627242579,-0.44504953849452095,0.93985174322527876,-0.3369738938089647,0.055922228564580179,-0.19756259270880239,-0.4026976649100304,0.89375813990037833,-17.708896574052336,-11.042652834128583,-7.219769585651254,,0.5030309446229819,0.6111111111111112,0,1
0.098250763598430588,-0.85895640600264911,-0.50253425757786674,0.99351055088928253,0.055585584665288915,0.099232192604481378,-0.057302466997505352,-0.50902272578385976,0.858843578256,-29.230256383609113,11.308066133106811,-12.869314842970136,0.2298549862800471,0.211258448587091,0.5869565217391305,1,3
0.094171139619841707,0.93426373590391265,-0.34392305569351389,-0.98694015655253164,0.13295946111200235,0.090944538510400463,0.13069400845778681,0.33086712359445675,0.93458334175051827,0.53050549367311639,10.01341911583444,-1.5425585737219238,,0.07322118588166747,0.2444444444444444,0,5
-0.84731969498179771,-0.36876888536581542,-0.38217645621101215,0.37857075889744879,-0.92409092938039106,0.052346296379930712,-0.37246948197639407,-0.10032678317847075,0.92260556120874182,-3.3580482946459345,2.5513529826503789,-2.7105354267215054,0.3416411096676092,0.3146979315276775,0.9370809695719443,1,5
0.913032026274052,-0.071112463841622855,-0.40164105428139585,0.18909172577893188,0.94627549913333775,0.26231088231694871,0.36140951597854004,-0.31544523649331696,0.87742661489940654,-7.973557605484193,-17.508690047441753,-3.045757776298029,,0.403634749187793,0.2352941176470588,0,5
-0.46842727902865228,0.82255450751101267,-0.32245924771221779,-0.87330456846101578,-0.48637235946420299,0.027947426613985506,-0.13384698340617618,0.29469647117422415,0.94617069015613009,-19.122307302877338,11.991806834462681,-9.113086649360028,0.2223308882716014,0.1890828149922225,0.6911764705882353,1,4
-0.86938956338726303,-0.31846604141962204,-0.37781102092953867,0.32224340633927318,-0.94505275154658419,0.055086149485084779,-0.37459441285764888,-0.073855786887329633,0.92424258103545931,-4.3705496159490753,1.959223479475289,-3.0760035957372076,0.1966502370386704,0.1778409965613554,0.8082744702320888,1,5
-0.90122237598315746,0.17923048667433272,-0.39455628454474478,-0.17957710439599386,-0.98307066750210303,-0.036388545913787811,-0.39439864680805148,0.038059103292791115,0.91815097454205552,-11.189017303728802,8.6188613625705095,-5.9204223718732703,0.6052944393436258,0.2236927065586718,0.1602564102564103,1,5
0.082688648631520645,-0.89658169111834607,-0.43509063255700897,0.99368264083190472,0.040935073225525191,0.10449463665352303,-0.075877511140151607,-0.44098252905459434,0.89430252843866487,10.087776669936286,4.0440876943301207,2.5661390536409989,0.4129902040595714,0.4347568756120435,0.6209677419354839,1,5
0.11003881114564783,-0.90017962297592746,-0.42138830835770702,0.99148100240002579,0.069687550304586038,0.1100412068835411,-0.06969133318779995,-0.42990730595264753,0.90017933011541895,-15.201434644558239,-10.710376523196576,-6.3001915120134102,,0.1959412357112446,0.8,0,4
0.71415268769278917,-0.58585798340185202,-0.38308792978307366,0.66405232618958954,0.74012743381039059,0.10604663975553939,0.22140561588035837,-0.33012392370981158,0.91760435278559904,-13.857670141725123,-8.6324942531882645,-6.0016783256822928,,0.0713842464224542,0.2580645161290323,0,2
-0.27729947986247722,-0.85433699831043719,-0.43956033918668297,0.93861211346819995,-0.33860437019719103,0.065987733209463204,-0.20521281372945321,-0.39427829486452315,0.89578587133307996,-27.753101987091956,16.586565317475003,-12.742067894466107,,0.2346358100173566,0.9736842105263158,0,3
0.3810675789028658,-0.77191257796006663,-0.50885997317155196,0.92025250271468972,0.36966712276920993,0.12838048757846465,0.089010289048282065,-0.51720130542234521,0.85122263721835056,2.1878613258805824,9.665686652043405,-0.83097896515904812,,0.5214373377525766,0.388646288209607,1,3
0.87298997581794768,0.35411300820782876,-0.33539898559682868,-0.31757151533298972,0.93460913744924679,0.16016895094082534,0.37018486566915204,-0.03331272451148469,0.92836061291673422,20.181956177575774,-5.6620619990990306,7.0210287109008052,,0.09733609378061556,0.2777777777777778,1,5
-0.59983825308063543,-0.68129063433831183,-0.41956780346455397,0.73733433622702016,-0.67429595074069359,0.040780478606342728,-0.31069622907565125,-0.28490005682274511,0.90680748279916923,3.5968762546457844,-8.7753036973650964,0.73147450279583903,,0.09746938484757617,0.5333333333333333,0,5
0.072543877674123722,-0.90874744509879501,-0.41099326860474927,0.9954020507672513,0.040125665580303178,0.086975216527984234,-0.062547127354930177,-0.41541306188918936,0.90747994185629044,-11.869604330040421,-4.5479043994571056,-5.5152091976795505,0.2740468877344516,0.2622782480620006,0.8016304347826086,1,3
0.60127604849292693,-0.67812933485848814,-0.42262006425762022,0.78177636580956578,0.6086185116403936,0.13568058501576341,0.16520540962789018,-0.41197586396901437,0.89609322067330965,-24.218539053015387,9.2023648876410391,-10.813031985618256,0.2424447403803891,0.1499892005550139,0.3050847457627119,1,5
