axis_00,axis_01,axis_02,axis_10,axis_11,axis_12,axis_20,axis_21,axis_22,location_x,location_y,location_z,dbh,dbh_approximation,score,reconstructed,number_clusters
0.35084557417602596,0.9201955703246113,-0.17363034134637714,-0.916615469975259,0.37540972028154057,0.13741769216579003,0.19163366949242275,0.11093986782532303,0.97517633402568282,10.016144647135816,-9.6256896163099004,3.2467793156180704,,0.09178707876988226,0.2727272727272727,0,5
0.35340696795338333,-0.73406682388227817,-0.5798701691563225,0.93418037110048013,0.30947104914108658,0.17758013400739939,0.049097344659025446,-0.60446138654086157,0.79512004309320083,-9.5654686816041288,18.947988807897527,-5.9195692054016789,,0.4266149004361618,0.15625,0,1
0.029571829991603977,-0.87084594906089197,-0.49066571092260014,0.99741343158760365,-0.0064647390734267878,0.071586686173840161,-0.065513001454574213,-0.49151351980687719,0.86840227227216882,-6.4948507166449883,-8.3537298386898833,-2.2107505753789036,,0.280502838269545,0.2666666666666667,0,5
0.64108643335300808,0.74226157022454231,-0.19507933344800338,-0.70559951134211552,0.67003263486246467,0.23062002908037257,0.30188990470780575,-0.010199489549046261,0.95328823335256363,4.1218975770542947,11.515279859191903,-0.82806296224925435,,0.4696919333866593,0.4,0,3
-0.79279526467016637,-0.42115851273357907,-0.44056914947440612,0.5099487990589876,-0.85425149636450526,-0.10102773528739754,-0.33380816445206657,-0.30476201881311266,0.89201581893714121,-3.9885226191508312,14.062533245446554,-3.7058182567082887,,0.3521573773502616,0.1666666666666667,0,4
-0.86894577065742906,-0.32731990143321338,-0.37120739456847818,0.36764490823797674,-0.92904417041025922,-0.041402305170151352,-0.33131626748962389,-0.17244886648645788,0.92762649775881201,0.27585020114966469,9.366461881174148,-1.928303043589239,,0.1271972516824872,0.12,0,1
0.45075329166646272,0.86750244738830162,-0.21038292189993926,-0.82455097625454443,0.49492457533009226,0.27416300314230124,0.34196075448730417,0.049891567520323331,0.93838887135389581,7.0760837131365069,-6.8285282409045989,2.0314390054122056,,0.5354337345104607,0.1818181818181818,0,2
0.81917464832796971,0.48694583192950425,-0.30304562742799918,-0.47743689513444909,0.87173350410853445,0.1101576551086309,0.31781583771285488,0.054446805059048441,0.94658789275890154,-5.1758194531791855,13.256373118206696,-4.0933305742161723,0.1516824491819707,0.1181998515887576,0.4653465346534654,1,5
-0.71150488745671692,-0.58203886314240261,-0.39368967082856759,0.64337347851750892,-0.76488637114003211,-0.03192814408191115,-0.28254444299169412,-0.27600652353909033,0.91868875942746819,-7.8181212834793055,12.799157467135792,-4.792610075689578,,0.1558120961436219,0.15625,0,3
-0.74443069754273872,-0.50224399738636283,-0.43997034405218649,0.59352709879314614,-0.79959861769389884,-0.091474770183901863,-0.30585702469327547,-0.32923094883588028,0.89334117937907909,-3.2149941915534836,0.8824430409463736,-2.1497839378664718,,0.4321038994855625,0.2545824847250509,0,1
-0.60603519429384545,0.74450476172399926,-0.2800607131454057,-0.77924682905093823,-0.62636021931985797,0.021148405794248138,-0.15967380089194286,0.23105310087482389,0.9597493120001962,-6.3544115373912247,15.331005713593257,-4.6126013712097462,,0.1114460797768517,0.4117647058823529,0,3
-0.69640647396797895,-0.62467752039142477,-0.35326479945376416,0.65511037371441661,-0.75433972838239083,0.042449645884725766,-0.29299901239977666,-0.20186522657853256,0.93455979425136504,5.8728033681999943,-4.6713326323041517,1.3049428584200951,,0.08376699467831397,0.2769230769230769,0,5
0.57536189104438851,-0.73893942552986736,-0.35060978270923476,0.80658718669743834,0.58367491018285889,0.093491761554402711,0.13555738485725838,-0.33658895498905367,0.9318433724559293,-5.0175195602006983,3.9976507664135701,-2.9862111589673495,0.158946676137513,0.1295817258214791,0.5935085007727975,1,4
-0.4685922102629963,0.86835197042630041,-0.16243828347283867,-0.87734037887786975,-0.47896099604681674,-0.029499556882736828,-0.1034176003941131,0.12869040260487041,0.98627763850049877,4.7387908178284839,-5.770267511162432,1.1201159798363078,,0.556784137795692,0.2,0,3
0.43840384042524416,0.89826387504803085,-0.030398741488658697,-0.87109618043124626,0.43298763727255973,0.2317609768861478,0.22134479243590163,-0.075124674726906079,0.97229767361065189,-17.491695018076982,-4.7413874744058839,-6.1551712405736181,,0.1712136086763995,0.25,0,1
0.15413883254089267,0.96329113874313033,-0.21979854940807717,-0.97208157101846515,0.18767975713635529,0.14083226919819333,0.17691421533953774,0.19195439765788905,0.96532630215414394,7.8995199815268942,11.067735846493882,0.4386079678642244,,0.3301030349260877,0.3571428571428572,0,7
-0.87708883936997406,0.35814571015413288,-0.32007314500098966,-0.39457661259271787,-0.91721994380893912,0.054926054600557189,-0.27390594124167678,0.17446840681716277,0.94579929708960586,-16.817998712993827,12.487523176055205,-7.6421956565687061,,0.08177019873951791,0.4705882352941176,0,1
0.93384190417768376,0.16560430383779762,-0.31704023806481957,-0.1263373012115995,0.98194586587171473,0.14078779357607352,0.33463141562675874,-0.091419533185462781,0.93790419800093916,-12.888201982351976,16.31296651139445,-6.7397912585610005,,0.08443327500422265,0.3333333333333333,0,2
-0.85635759620260932,-0.37748201889724448,-0.35236201956985902,0.39069908793297287,-0.91981953527599736,0.035864260943057322,-0.33764758271670231,-0.10695488737738451,0.93517632666340478,-0.43529409834451599,18.573012440976512,-2.9692029637189417,,0.1072220666438596,0.2222222222222222,0,2
0.61260744719981874,0.73466359688059146,-0.29151589159734326,-0.74231738927964874,0.66144914870253002,0.10700428614661012,0.27143509207243027,0.15084569300835504,0.95056223767434678,1.0960511527267742,-5.5331557162114855,-0.033063211464870311,0.206219571817962,0.1497021171687251,0.4457831325301205,1,4
0.88025092950405248,0.39686785010528591,-0.26010423037709585,-0.34582062227521743,0.91189414664618007,0.22103656376630965,0.32490983105537818,-0.10461823390425211,0.93994075707904168,-7.7334731192343744,-7.5999692450712217,-2.6861830343392019,,0.4339386698466663,0.851063829787234,0,4
-0.82557418307741692,-0.42949350699818917,-0.36600901038424294,0.47152806037073208,-0.88136254741113973,-0.02934873598576429,-0.30998154222319679,-0.19681307748049529,0.9301484053706619,1.6553315534297635,16.595535789819088,-2.1233315090399629,,0.1697210416621022,0.3461538461538461,0,5
0.9370691832533643,-0.063458046433312515,-0.34332844644704225,0.15293100898848766,0.95859460126194784,0.24022592891111796,0.3138685270724591,-0.27761388073061827,0.90797416314510315,11.930393935709686,-10.867809507105788,3.9579845560150115,,0.07891933877468879,0.3333333333333333,0,1
-0.82402534540628514,0.50853856332772729,-0.24974138571054719,-0.51953857188804731,-0.85408375532872771,-0.024912069446494742,-0.22596880857450521,0.10922210624296638,0.96799206043193842,-13.068912911137124,8.7166089117616234,-6.0076501021363535,,0.1835756751099534,0.2681159420289855,1,6
-0.090635204487354015,-0.82355281904169508,-0.55995179610035384,0.9874617580390469,-0.14728847053281097,0.056792454239446385,-0.12924602940891416,-0.54778358929104654,0.82657643517429635,-18.784691502349666,8.0632380336415341,-7.8229322464411482,,0.2503515133132767,0.3181818181818182,0,3
0.80365382208754577,0.54951340924922298,-0.22841967362592874,-0.49908164877375527,0.83142305048979803,0.24424008469436265,0.32412658345367179,-0.082284410246018902,0.94242837060920182,-9.8075149998515894,12.043122353105559,-5.3876902985227044,,0.4215414678957476,0.3571428571428572,0,2
-0.40599216388538062,0.90792594902144808,-0.10411932557009224,-0.91006640352532309,-0.41205975437664222,-0.044563437900895245,-0.083363685368102416,0.076663093575499608,0.99356593442271557,-17.783199854387931,9.2781609076915004,-7.6245645639443431,,0.2572740900661229,0.1304347826086956,0,5
-0.94282553329507202,0.10319983522318193,-0.31690662311913304,-0.084687612627340786,-0.99382567492291307,-0.071683583416977892,-0.3223476726057527,-0.04074704742586216,0.94574396963011598,7.7233003204960493,0.75575786069472173,1.3651601725555196,,0.09485425613320531,0.1538461538461539,0,5
-0.69023563921468145,0.67522248925576978,-0.26009489107082001,-0.69958744915147275,-0.71454530907330538,0.0015499261498944119,-0.18480303933549236,0.18302893564837303,0.96558181702421686,-10.362094676094975,12.981524172123827,-5.6527422759641555,0.9232733873413718,0.9199709994037157,0.6363636363636364,1,1
-0.5666125358270494,-0.71120492850571115,-0.41609828636132251,0.78218052236755187,-0.62305184157361249,-0.00018204547813530301,-0.25912133195178394,-0.32556712423234402,0.9093196263947112,3.0726426922405028,-6.5504209046762192,0.71403345218972281,,0.132105045186285,0.3571428571428572,0,5
0.85437839541038907,0.40193155915283374,-0.32937604529312831,-0.32772627483245698,0.90865809591526081,0.25871983594632408,0.40327787720182418,-0.11309945395369589,0.90806137858349956,-2.3052090904510556,-10.371509285616014,-0.62060915051261245,,0.2989324784003345,0.1052631578947368,0,4
-0.92932516679624166,0.19330137740022205,-0.31462566941416947,-0.21235328142141463,-0.9768172215182519,0.02709611807842429,-0.30209405526871047,0.091992897772270446,0.94882900911110724,13.088380936618783,-4.5874600770064839,3.6134832591830643,,0.1318918784467094,0.3666666666666666,0,5
-0.24260725196584537,-0.86164079132798521,-0.44577670196328667,0.95535571371955119,-0.29207145796896278,0.044606319095976496,-0.16863327535509873,-0.41505350276749664,0.89403210696453395,4.8830043693974563,-4.5042398493279778,1.0336207484914024,,0.07978959503204761,0.2708333333333333,0,5
0.90024018282085394,0.36491751633371522,-0.23749277780073458,-0.27796779567822605,0.90154296362183162,0.33159340962955469,0.33511418621190048,-0.23249836777233168,0.91304052001142766,-13.80805861555223,16.699945941771777,-7.131442480554119,,0.1239003959227061,0.1111111111111111,0,1
-0.87090617216851585,0.44138735729301765,-0.21610099514039705,-0.43405343547046749,-0.89705812866011436,-0.082971856439994301,-0.23047788274597766,0.021538677459405058,0.9728391598502969,-6.4258500833389984,4.1317598399594209,-3.4274423876802227,,0.4055822681389382,0.2669201520912547,0,5
0.90741375877123365,-0.24915280106144896,-0.33841269496857762,0.30564984954400093,0.94395804444492681,0.12458482974037786,0.28840672645829712,-0.21648577794151605,0.93271403339001269,-7.4736104936321714,-15.311499531294434,-1.9238683877577469,,0.1299951851682955,0.2857142857142857,0,3
0.13486797656163421,-0.90009925080177289,-0.41428488700923988,0.99005910337778813,0.10556981926186015,0.092940761131965755,-0.039919928819343281,-0.42270125616930249,0.90538944510964614,9.4922451537687458,9.1536587652304355,1.1462710752362861,,0.1759288963435185,0.4782608695652174,0,6
-0.22274567515341789,0.94697976359979397,-0.23154630537524648,-0.97460550447686634,-0.22191228237632232,0.029984155381210971,-0.022988580726987146,0.23234514469428932,0.97236169139531048,-8.1557958321485202,11.377069773358503,-4.7166927325465711,,0.09483272533643886,0.46875,0,5
0.78015657568931762,-0.5395181179880133,-0.31666372980085861,0.59852556088876974,0.79098467884099088,0.126926714294506,0.18199689659854809,-0.28855404727968664,0.94000728264573075,-8.7629902233947607,-8.6904554644442538,-2.918110002785089,,0.2273455931030531,0.1904761904761905,0,3
-0.4665715752952006,-0.75356917712823346,-0.46308148355211853,0.85125381499282626,-0.52474068327268075,-0.0037626823780252529,-0.24016225262666205,-0.39595544017072942,0.88630772410742853,15.623325806823329,-6.7526741958862671,4.5667415002430172,,0.5931962038742242,0.5576923076923077,0,5
0.94318106242600397,-0.050750099251757719,-0.32838074076731721,0.08849352254760974,0.99094024978831452,0.101026322394658,0.32027859739306785,-0.12434568257647888,0.93912713264846059,-2.5436211707859511,3.6135962331333631,-2.217449214471142,0.7559571111173772,0.6961211926645042,0.9888922245571901,1,5
0.21065478316501524,-0.90309892509347911,-0.37421503687679725,0.97752331053212538,0.19126183392517526,0.088696607882667922,-0.0085287570028418497,-0.38448828639970412,0.92309047114863274,-3.7653228853177132,11.096822829012913,-3.4295925750975051,,0.1126897157892879,0.4054054054054054,1,5
-0.6855119111334842,-0.60809398523374381,-0.4003687360629708,0.66764893966097705,-0.74437005648128318,-0.012574274675829064,-0.290376157877485,-0.27592557716999311,0.91626784446455123,6.6312008341083368,-3.9570530568153113,1.4870650899737665,,0.111991268332181,0.3225806451612903,1,2
0.37819447661041794,-0.84797386968306632,-0.37136135258814723,0.92502826106074088,0.36174268458265851,0.11603855561783492,0.035939589595794269,-0.38740488701829429,0.92120887936126006,-15.625258421975138,9.0809337524337881,-6.893452346073623,,0.1790123545132528,0.1607142857142857,0,4
-0.26532427051805219,-0.83045259450625641,-0.4898484661116026,0.94952662928138287,-0.31323965049791869,0.016736237375118666,-0.16733861407217984,-0.46068363291283543,0.87164693460519493,9.901852036769963,-1.9343224614368728,2.3368039528707656,,0.4121291358632238,0.1904761904761905,0,1
-0.90770512058074582,-0.25332504633576952,-0.33451133758136353,0.25094396048269668,-0.9666518369306828,0.051101417356020098,-0.33630126786670217,-0.037558581676038469,0.94100521261772596,5.6896368393519783,-3.1574479141561271,1.0913610937655474,0.4541605598936338,0.4027966164849739,0.9457364341085271,1,5
0.55666876674295174,-0.73416310963056663,-0.38874723483319934,0.82087708220065081,0.557994696303726,0.12166649010577749,0.12759584652577005,-0.3868416308445744,0.91327589073339877,-9.0243801147797171,13.045490655204993,-5.1955505529990029,,0.1000978408815432,0.2549019607843137,0,3
-0.053178507875528039,-0.9215541327413993,-0.38459072626284274,0.99286052218641851,-0.089974540486983431,0.078310698808460921,-0.10677092199585866,-0.37768050319205593,0.91975942926656129,-14.506208172381273,14.613885605760569,-7.1783958959782508,0.2756175819371646,0.2823703048302436,0.3428571428571429,1,3
-0.56540273280487252,0.78454775834054225,-0.25456740682894324,-0.8142947468668168,-0.58007723302586478,0.02084391878135837,-0.13131570721695593,0.21907811074565905,0.96683037107355296,12.107537916564311,-0.00045948498352194094,2.8003352685264939,0.3017399079051359,0.2422631249415125,0.4545454545454545,1,5
0.47228307873554665,0.8380464048276417,-0.27317927610918297,-0.85050311006387669,0.51466272225690257,0.10847461496030678,0.23150195098906995,0.18110909881775195,0.95582756866166774,-6.4448674295579336,25.338917027750576,-5.2950648873662871,,0.1623391231427572,0.2916666666666667,0,1
0.85959011759017079,-0.30963762916640553,-0.40648415509774066,0.43723245712274794,0.85738835316665618,0.27150136333465014,0.2644477418692035,-0.41110795474957279,0.87238617673705843,-10.722153433417112,14.282263883754128,-5.8778859651630579,,0.3154313805877871,0.125,0,1
-0.80485513590237712,-0.43745150035656805,-0.40105410488779997,0.48906842790185034,-0.8717060612586276,-0.030669457031105268,-0.33618489412997021,-0.2208273705878824,0.91554081796393072,21.678503360307012,-12.234164243749982,7.2699526916918575,,0.1453304603691831,0.2307692307692308,0,7
-0.1311584594189964,0.97240837363668997,-0.19292333556126412,-0.99082237481641622,-0.12216440856116785,0.057852215550125104,0.032687613647886873,0.19874056496384607,0.97950686968078915,-19.697024678309955,8.9981679539075596,-8.254840105417939,,0.4416270502855735,0.3043478260869565,0,1
0.47011669986308924,-0.70647538558073664,-0.52903952411742194,0.87756624269984485,0.43810753860787,0.19478006645607074,0.094168881184368516,-0.55583658946088088,0.82594061991948353,-17.88665573972493,0.42390263089535074,-6.8200892936328366,,0.2981316023421937,0.3461538461538461,0,1
0.085166042821630442,0.94712764392659099,-0.30934765436345174,-0.99019294282294068,0.11496493748412852,0.079378833028179843,0.11074602084837822,0.29955348313671099,0.94763021775738832,-10.908506254655606,3.0328214496809247,-4.8005428102688112,0.7255555557264969,0.573394510704507,0.8937562940584088,1,3
-0.81748465222005939,0.5126558714859285,-0.26249343004283826,-0.52035020557807898,-0.85276916698990168,-0.044948986486935634,-0.24688966551782204,0.099843403699769073,0.96388629401924042,-8.2246414211068739,15.416890323997539,-5.2171348606760715,,0.6717543663177661,0.5512820512820513,0,2
-0.59997781812240514,-0.64556354284775086,-0.47251913178932647,0.75369652448340974,-0.65417085911177109,-0.063261647706937318,-0.26826883296929499,-0.39409161274357007,0.87904700330668595,-7.2831297869086198,21.006566998557233,-5.3325057920791856,,0.5370732835135994,0.2258064516129032,0,1
0.63888029836508853,0.73653584825066698,-0.22214164085692412,-0.71697120899008637,0.67473819820009895,0.17515892603284108,0.2788982786612888,0.047363573887060348,0.95915193896922057,-3.3817146789154839,-1.0216400328567685,-1.9725669688467216,,0.180731754970354,0.2040816326530612,0,1
-0.347081888368026,-0.81708941699526949,-0.46032493675795694,0.92306743268121694,-0.38439499387473658,-0.01367491891564325,-0.16577296972122277,-0.42965727425283168,0.88764517077007454,2.6212696839977241,16.688466538022286,-1.8151609893463623,,0.2052875524223852,0.3043478260869565,0,5
-0.77870414884852623,0.60918933219997606,-0.1500273511725079,-0.58626680009659127,-0.79170174132485893,-0.17175445230819861,-0.22340789527363472,-0.045789849496726737,0.97364891106212981,-0.13132863303815839,-6.8468978694258125,-0.29073906103542524,,0.3844582684924308,0.25,0,2
0.44037192740121411,-0.77619278441276196,-0.4512176049119801,0.89544508968965275,0.41620730925635657,0.15795431957459516,0.065197062108884804,-0.47359923685237004,0.87832403243064161,-0.68059186690121865,17.409061179097289,-3.0083596324244097,,0.1551158741035824,0.1463414634146341,0,5
0.23892175029741106,0.95963508214233151,-0.14838095011322056,-0.9470768070249862,0.26402614206804365,0.18258071612309393,0.21438731032917546,0.096905652189878372,0.97192971749168955,-16.432047443394222,24.334838968811265,-8.6401344386488521,,0.3611969020315978,0.4,0,2
0.94352368627892091,0.031459494039191384,-0.32980805579220535,0.077732012911893411,0.94667309995945714,0.31267839065374631,0.32205711853536412,-0.32065611182066944,0.89076308317798425,15.50281222490584,-3.0409952032647891,4.2845119569654297,,0.4160068925776144,0.2592592592592592,0,1
-0.67880546665073982,-0.63829572243032517,-0.36304505116062585,0.67486093917973866,-0.73715134717866404,0.034214092449198666,-0.28945785740676144,-0.22178021119980634,0.93114321492757313,-12.617549588116471,-3.2606358918721687,-4.7453120834632019,,0.8565500950727071,0.5096153846153846,0,1
-0.40090432250422359,0.89986100139940217,-0.17183102850735443,-0.91364887195233757,-0.40649397170717738,0.0028965058166880867,-0.067241824615719564,0.15815444706422316,0.98512217917178124,-1.7626663018660722,-8.9788718483590948,-0.61397936494739569,,0.7329679682492595,0.4444444444444444,0,1
-0.62374156468442454,-0.59800767010526135,-0.50332224963764827,0.73173217838460469,-0.67313620601954338,-0.10703115089606394,-0.27479898035026812,-0.43505686368668167,0.85744448552519203,12.418991185482168,3.0726743207145604,2.6582465290678026,,0.4277300364095485,0.3333333333333333,0,1
0.30497940425423248,-0.77339612018734116,-0.55573915127504103,0.95197791685160971,0.2640752204899085,0.1549268335378913,0.026937126936715863,-0.57630089293907527,0.81679353082037887,17.345387590238516,-2.9937901404961567,4.8952104022653398,,0.4800272644035631,0.5555555555555556,0,2
-0.86562802445777476,0.42505324338467321,-0.26460888791101028,-0.43034230667442364,-0.90174697868385412,-0.040717140379434795,-0.25591721778627563,0.078626501401958093,0.96349584893647633,19.395160096769342,-1.1609641099977253,5.3965938559745217,,0.09918782186390174,0.3333333333333333,0,3
-0.3695840123076648,0.91603593462061872,-0.15583909756635911,-0.92900806866888963,-0.36089018001074735,0.081867492449137325,0.018752764987256171,0.17503269539014557,0.98438401518400975,-7.1359458202286206,11.087250508700233,-4.4847056118073896,,0.2949194946443465,0.5,0,2
0.34359111273408999,-0.81769849292193131,-0.46185963443816092,0.93812979854639322,0.3214230588371208,0.12883981654400109,0.043100212638140255,-0.47755250174299213,0.87754542888078213,11.865747923108538,-3.2205050325419506,3.0477052705413765,,0.1253004212601458,0.4,0,4
-0.0035728479997372531,0.98507131427692352,-0.17210967592179444,-0.99432227541043838,0.014804626801253159,0.1053756881253161,0.10635058711534717,0.17150897589925129,0.97942545597212793,13.870130465680782,4.7677352451518979,3.00748131218125,,0.292195716936381,0.375,0,4
0.031271297961811814,-0.84434733196682143,-0.53488287402411228,0.99719941626899522,-0.010018220687604506,0.074114502272023194,-0.067936956927425463,-0.535702546432967,0.84166938380142831,6.218837037852861,4.3388439795099787,0.39235027696846708,,0.5711245629930991,0.171875,0,1
-0.426047421216041,0.87369861599380005,-0.23480699156047016,-0.89853837423746552,-0.43888664091976981,-0.0027030436275619642,-0.10541529726682322,0.20983146768937799,0.97203825555863155,14.653988686192196,-3.7025603356788546,4.059061584491606,0.4765338219841564,0.193404511617094,0.1777777777777778,1,3
-0.46086540235796886,0.86833770213876471,-0.1832831578563564,-0.87749405990456231,-0.47673989989075555,-0.052184697798886265,-0.1326923349015916,0.13677976055149013,0.98167410140119371,-11.695407363047535,-16.181996502323877,-3.1867547704178691,,0.2245258268201696,0.125,0,3
-0.33772376520202302,0.94008218965630086,-0.046777506440415596,-0.94025513033970254,-0.33923055201921831,-0.029033126710787158,-0.043161884662710329,0.03417761354674477,0.99848332106480964,0.66207324434280401,-9.3494210866631704,0.30272121772519078,,0.7885604197211202,0.3939393939393939,0,1
0.89642498073462273,0.34060318935447009,-0.28356960576989659,-0.29043054662479567,0.9347563858491329,0.20464749375814306,0.33477208889355442,-0.10109385003960332,0.93686054564274202,-11.337393173403024,-8.0112765266469221,-3.8349029227106195,,0.3757258830708734,0.3478260869565217,0,1
-0.9365846751086353,-0.026681216259666712,-0.34942418212046816,0.054998716647769889,-0.99593248815949897,-0.071369602741844868,-0.34609866731721389,-0.08606155777892549,0.93424253850588179,-0.54196295932862493,6.1916341789556117,-1.8956903374764531,0.3243467764129594,0.1844089066924782,0.2121212121212121,1,2
-0.81610588804656636,-0.43480200851382828,-0.38068148482434505,0.47546428222150328,-0.87961327260306721,-0.014635811973200918,-0.32848880624355808,-0.19294482126469484,0.92459039586176706,13.868216094474429,17.034210000851836,2.0450473262188824,,0.2535729743577387,0.2857142857142857,0,4
-0.77697023988023073,0.59503983811329864,-0.20553548938944044,-0.5955436308021872,-0.80057203325284088,-0.066424418585042944,-0.20407113992773582,0.070795555167766061,0.97639283037980307,10.868984015241782,1.1520548313307761,2.3662578073649643,0.5283519078583181,0.2473673956427212,0.1818181818181818,1,4
-0.51933976391814463,0.82018902623560253,-0.23995035081478969,-0.8453811562493827,-0.53414928880650758,0.0039035786093776638,-0.12496763689813227,0.20487678860768183,0.97077731288792524,15.791299819757974,3.5246297866991276,3.7698766931333623,0.5189037491315009,0.4292699140337456,0.4,1,4
0.93841929759794585,0.0754122958805344,-0.33716792185171551,0.053578857278703228,0.93231792518986989,0.35764869973531888,0.34131880690709981,-0.35368951355628664,0.87086462785660945,22.523953698673719,-4.3481820305705048,6.8538448993417491,,0.3943849346802788,0.3333333333333333,0,2
0.17974004658195425,0.97816675037795253,-0.1043231714901012,-0.97372252788122016,0.19198776394859457,0.12249545783670912,0.13984975635060359,0.079564482962279401,0.98697089050266418,16.993660304112208,-7.7894469019112123,5.1951831209433639,,0.3342215041123943,0.2727272727272727,0,2
-0.63129044586514493,-0.56060284029742347,-0.53590748120346976,0.72444936374513302,-0.67293287007882019,-0.14944722057219045,-0.27684922309563692,-0.48258243629243547,0.83094446255655308,-10.749581572835242,-10.233591155407337,-3.455522072611048,,0.3389060691580985,0.5555555555555556,0,1
-0.94328165149258303,0.088030610479571045,-0.32010988359627313,-0.082407370916274869,-0.99611338473531641,-0.031099034869575121,-0.32160340666120585,-0.0029557350601146621,0.94686984979677202,-11.9475553627494,20.016311734615627,-6.8354507572269485,,0.1860633991919385,0.2,0,1
0.15970229974806291,0.94203513121569316,-0.29506776681062979,-0.97818326663481503,0.19124430176534585,0.081136390836222316,0.13286335962492718,0.27567268380765914,0.95202515674296129,-12.753048260082045,-7.7139403092260164,-4.3193114765397853,,0.09438785891011908,0.375,0,1
-0.80461550421469974,0.50854527722766341,-0.3065543856916168,-0.53944317910114625,-0.84179813390025504,0.019415413549496857,-0.24818329294812322,0.18099061514754994,0.95165511101971101,1.1764953786118093,8.1954148859365059,-1.6128976578044674,0.2588793895351536,0.2259486667736289,0.5283018867924528,1,3
-0.92174623620713569,0.23254331224587138,-0.3103344711238179,-0.24082779250460284,-0.97049463226295263,-0.011922378376713023,-0.30395040778939669,0.063747758223459836,0.95055266709748587,7.9206546501197135,4.3243171402407592,1.0573964014221318,,0.07424719507130496,0.25,0,3
0.23942731975178552,0.96745249570894576,-0.081915975871679092,-0.95916551115446169,0.24877223983429592,0.13458787055165183,0.15058579205315775,0.046346965751393424,0.98750993817650401,21.115536283502912,-4.8749845889193812,6.3349805384236095,,0.1784489237911158,0.1428571428571428,0,3
0.70257187499071783,0.6625537748511594,-0.25964447982290395,-0.62633604482492711,0.74893870288928777,0.21631915834612939,0.33778087486578312,0.010644939877249062,0.94116457956614352,9.119654595584274,17.170894325241122,0.43972688008708266,,0.4302291620273263,0.25,0,2
0.83634486097676042,0.45262150945851432,-0.30929119401182414,-0.43257827182168196,0.89145510015355534,0.13484748109617048,0.33675408277485036,0.021013652364856306,0.94135812215583425,15.352750160904357,-1.4119790778361916,4.1225347825542373,,0.1112283426074214,0.2432432432432433,0,3
-0.87423959870801271,-0.33093351241998237,-0.35522969246422337,0.35383248996006728,-0.93530865554878162,0.00053656704117597935,-0.33242697408530492,-0.12522271843760749,0.93477889240589074,2.4990682222247491,5.0939067597022811,-0.82468484491821881,,0.1158166689797553,0.1764705882352941,1,4
-0.53761022155698257,-0.74485342865664173,-0.39518175501394015,0.80834612089743807,-0.58862627066075313,0.0097807115323398919,-0.23989955920659176,-0.31418542822107381,0.91855087947594061,8.8488726207065476,-9.1376484994545919,2.8408393823685612,,0.07943785357939287,0.3529411764705883,0,4
0.042324194672566623,-0.90017764256367361,-0.43346150275869461,0.99654719256405666,0.0070178247163786532,0.082731149689501876,-0.07143077444641957,-0.43546637294371793,0.89736652628523383,4.0143844599441234,13.301840112184951,-0.97747455993980081,0.278983385662614,0.2332384586863974,0.3571428571428572,1,4
-0.83949219075125214,-0.34003378525047584,-0.42382766138596584,0.43445120317898567,-0.88850343447563429,-0.14769495245719835,-0.32635105902079659,-0.30812119663086401,0.89361978182153579,-4.1816282623026755,18.862215673035266,-4.1968041618298688,,0.5045670460069217,0.5,0,1
0.41727032021736943,-0.80972047406117664,-0.41259936227754546,0.90580083350631835,0.40731283197798529,0.11670949800822704,0.073554944666914174,-0.42243225586147742,0.90340503613984258,-4.6203278973981057,16.27525075586945,-4.1559416704812895,,0.4157351578526096,0.3478260869565217,0,1
-0.86503842713861845,-0.34817454076048571,-0.36122431914223585,0.37745165933505492,-0.92595922506401551,-0.011391153763482978,-0.33051288089688818,-0.14619850438726964,0.93240936979213529,-3.6935032815819064,-2.8569213869698133,-1.8538027104988177,,0.07857021290756686,0.1857142857142857,0,2
0.75836443002133691,-0.50787722885836695,-0.4085879485319649,0.62349738169089941,0.74799927678460976,0.22748208051249758,0.19009052133919377,-0.42726783442806393,0.8839161676087538,18.639417882115954,2.9848040212447216,4.8828073941488652,,0.2196852825870593,0.2222222222222222,0,2
0.9504235867386831,-0.091316267924773792,-0.29724795202501841,0.15369847136515491,0.96893121852128139,0.19377583356775641,0.2703179344231369,-0.22985567860541337,0.93493025480088787,-2.2829111063088714,-11.487171235449969,-0.50266124529581813,,0.1665070844937446,0.1304347826086956,0,3
-0.48094494741512184,-0.79068174536443125,-0.3788328590596674,0.8442292818719993,-0.53423490796064832,0.043243297124119499,-0.23657742323762226,-0.2990241472920433,0.92445426179476953,5.2215885641640698,20.843850951308227,-1.1182056047961459,,0.4447695204934591,0.85,0,2
-0.9140568509736865,0.26784796109605574,-0.30456123017343012,-0.28247176487739151,-0.95926672577786631,0.0041292689985564122,-0.2910494377852651,0.089804334817962059,0.95248380889796935,19.307508668600224,-0.1104655343932895,5.3699203114250222,,0.2295442404749257,0.3684210526315789,0,2
-0.67494470238027993,-0.55102947627204879,-0.49073023649266706,0.67914948413378606,-0.7239209727945195,-0.12122047413308647,-0.28845385580645183,-0.4150963037989977,0.86283801008231109,-9.319720585889975,-1.9368710330685592,-3.7704397881859228,,0.1634187665409725,0.3793103448275862,0,1
-0.17180103351492318,0.9812159244591705,-0.087748016906022255,-0.9849663729668825,-0.16945780193697141,0.033545454046029814,0.018045747633955049,0.092191989621796644,0.99557771572183473,-9.8225588353651467,9.5319096791581863,-5.1205518820419407,,0.2785856489928894,0.2702702702702703,0,2
0.82799083800511686,0.46815266825027796,-0.30864907482402792,-0.45572283301512501,0.88252319613913943,0.11605820843449803,0.32672292795004676,0.044563297527250766,0.94406898098880743,25.78306900295398,1.3981089771074551,7.5393812019187179,0.2528538386805408,0.258936677436616,0.8888888888888888,1,3
0.46642009174826221,0.87131621849139484,-0.15251342697415285,-0.86659216739769651,0.48467902726407441,0.11876134023879534,0.17739874131037978,0.076774266028455815,0.98113984663619003,-7.5552747694414002,-6.2258575590522014,-2.7296359806138617,,0.3540234737805503,0.3529411764705883,0,2
-0.53267095636938799,0.83743228223816879,-0.1223471491531109,-0.83790555417158119,-0.54217117588716157,-0.062965850471090587,-0.11906273358585671,0.068975276023402657,0.99048799930567488,-0.0401819485757995,7.9074994306377251,-1.898159865994528,,0.7867333048553555,0.7083333333333334,0,1
0.92865636645062699,0.25366737501563275,-0.27064777091895365,-0.16548760976794968,0.93630966142066763,0.30973871076054915,0.33198072845273829,-0.24285197298559191,0.91148873561498067,-3.6849867358901451,5.2261302089298294,-2.6897735947666166,,0.1200656106799944,0.3620689655172414,0,3
0.87448207727337757,0.40352213219242494,-0.26916720706378594,-0.35351637016670684,0.91016066693926312,0.21594845769496124,0.3321253867920903,-0.093688041859971843,0.93857087013216511,-11.993000824952587,0.12721437591241458,-4.8164680751864122,,0.6547257542989458,0.3773584905660378,0,1
0.88020239799930033,0.38680333290635099,-0.27500349126660389,-0.33825349740891614,0.91773761309921464,0.20818800396178863,0.33290886147250404,-0.090226687601263067,0.93863242794908064,4.5508291089144457,-10.806675813964921,1.7187487246901039,,0.7288562861241697,0.3333333333333333,0,1
-0.65838901204040079,-0.61406766909743771,-0.4352525779288452,0.69221854811411232,-0.72107330196253672,-0.02977876497834794,-0.29556283675600403,-0.32089591921070731,0.8998157692342692,6.0527063991143999,8.1603114271753387,0.029588290373668707,,0.1652552673783921,0.2173913043478261,0,2
0.9422514236481162,0.17447399213996556,-0.28586899219719686,-0.078558091308242692,0.94490806669446559,0.31776936886007823,0.3255624071097637,-0.27696131780894945,0.90404731486489454,-13.464418780477468,12.967642265171143,-6.6412774253388118,,0.5914229681078768,0.6125,0,3
-0.51570594440924811,-0.66891878335763122,-0.53534572023348947,0.82120007874156509,-0.56408544033681274,-0.086244110957637427,-0.24429042055679248,-0.48410254830084537,0.8402183723014004,-11.430845685606963,-6.2713101506788105,-4.061602217529436,,0.3192387103541171,0.2222222222222222,0,1
0.4622724963071167,0.87866861449107425,-0.11935495409208616,-0.85678722920714889,0.47728112520194127,0.19523926703792557,0.22851648304996361,0.012008057057911246,0.97346598478846225,-2.2018773780764804,12.355770896013146,-3.0619289609013807,,0.1679800436998495,0.4210526315789473,0,1
0.95215490420586957,0.0019321786293748885,-0.30560972674713172,0.045482702950826681,0.98794818969310538,0.14795167526731037,0.30221244535756486,-0.15477286961176689,0.94059183321095274,5.4082713314659827,-13.426065275404577,2.2541355817157904,0.2093240192646115,0.1671215686156723,0.3928571428571428,1,3
-0.92959697116236728,0.26419308144626358,-0.25700483832348592,-0.26826780572342873,-0.96314200737097833,-0.01974482336561208,-0.25274860161450913,0.050591396040537154,0.96620839109820389,-6.6965921056655313,5.5207357890525515,-3.6986429704649968,,0.4118803271635284,0.3851851851851852,0,2
0.92819687445734889,0.23563107992555701,-0.28797318698226892,-0.16074954138701039,0.95192300365082549,0.2607722762569995,0.3355743541921446,-0.19575645402771974,0.92144954474730667,7.6978715912715696,-8.747649798652386,2.4356524591832436,,0.1273863413893421,0.1333333333333333,0,1
0.41875716150462089,0.86123821841977666,-0.287942999258052,-0.88301206665950915,0.46019201516841862,0.092265916290541164,0.21197200244913533,0.21562012964553987,0.95319244115201884,9.5882277914937113,-6.9552321707547451,2.7549185970236123,,0.0840884967198112,0.2,0,2
0.94078234904341485,-0.11904304063068852,-0.31742294530445503,0.17185182656467909,0.97456411587553471,0.14384621564059669,0.29222512115617005,-0.18987769359547693,0.93731048219900104,-4.8756967477778783,5.4571562177639628,-3.0973954049347538,,0.2503160443564429,0.9020100502512562,0,5
0.92199475958235422,-0.080621018685497356,-0.37871613993701048,0.17361448137238905,0.96032895208808344,0.21823454272685602,0.34609778265755031,-0.26696171097652982,0.89941523764722298,-11.374256456826812,10.87209053778226,-5.7859796730491313,,0.1786872783783771,0.3043478260869565,0,2
-0.93230950526259171,0.17405230676934319,-0.31702489004066181,-0.17071428614285419,-0.98456783690093141,-0.03850723369651806,-0.31883478308327484,0.018220017796176706,0.9476351682202121,7.8956730410966838,6.277275439498549,0.90175265472803479,0.6670804708464045,0.4248714895621433,0.7,1,2
0.082053836810036057,0.99581659830173486,-0.040205353020609319,-0.99168869150986316,0.085592057418000675,0.096060079317098535,0.099099480302398971,0.031989095856455881,0.99456321606526299,4.2190708557396315,10.751321783501236,-0.73225152769153956,,0.4387577850823892,0.3658536585365854,0,3
0.71205985798180393,0.64758285323027709,-0.27130648140629893,-0.63793195057514818,0.75811943049685693,0.13526919656192221,0.29328072743758621,0.076755307994005317,0.95294020673304858,-17.583782213035597,7.8783879311703426,-7.3848652423182877,,0.08443406062725972,0.2941176470588235,0,3
0.26590386218028494,-0.86102398941970359,-0.43351219789226864,0.96386150108943913,0.24507604511140837,0.10444490811027343,0.016313883511309399,-0.44561802225261077,0.89507454183908641,-8.7778533942632819,-10.070827868965939,-2.7824591913892931,,0.2476292632708846,0.1515151515151515,0,1
0.84002791926257991,0.45351664713871093,-0.29778473034633851,-0.43640139615224727,0.89091667308093703,0.12578276138948166,0.32234595746767014,0.024292640746854686,0.94631017711413956,7.0262452923291265,-13.435220016373545,2.7425657703384609,0.2465892801414424,0.2804236845885503,0.8461538461538461,1,3
0.027984432611182913,0.95706434052962974,-0.2885216103137091,-0.99747680847958342,0.04557555960376402,0.054432388448320018,0.065244831801570466,0.28627035552671076,0.95592489007756054,13.103043405822287,6.270274355504216,2.5741140308247674,0.3598749451579278,0.2183413554594507,0.6323529411764706,1,2
-0.67608895418907988,0.69317211703821224,-0.24983222807372119,-0.69506129444155662,-0.71251760779921613,-0.095960697920088586,-0.24452714162796801,0.10877074393809195,0.96352239323765076,11.866162462659259,17.327101674275912,1.4139957435112702,,0.2229147751707439,0.2105263157894737,0,2
-0.41594058168216197,0.89129331523556621,-0.18052606107234936,-0.90645379086430333,-0.42228981397235815,0.0035830214796873207,-0.073040793654214217,0.16512885644727274,0.98356367522940646,-8.1070953508687342,-15.971013703640347,-1.9820887358539472,,0.2420757011143715,0.1333333333333333,0,1
-0.94271354409447439,0.081338888516387667,-0.32353540609298609,-0.092091978410845821,-0.99558708554677822,0.01803947351913061,-0.32064036129784257,0.046801071647877585,0.94604408903570558,12.646074526302254,-12.690167862786916,4.3684541266641919,,0.1266101416984298,0.3666666666666666,0,1
-0.15202666591797018,-0.77311029027535361,-0.61578273109939041,0.9797475983313777,-0.20002299529265302,0.0092436420339822526,-0.13031706110008387,-0.6019063718091987,0.78786177922382006,0.51391154573495879,-11.619063796667707,0.39024716897222572,,0.3913903739324778,0.1666666666666667,0,1
0.61249387590473936,-0.68099304430282492,-0.40137230296865256,0.77504518256936539,0.61719788014090182,0.13554239825824063,0.15542270411753889,-0.39410055869123961,0.90583030015784094,8.3936291223391724,9.1996690451373411,0.6993079313966043,,0.1255068088031371,0.1764705882352941,0,2
0.20003440679057233,0.97861989723232323,-0.047846973163832081,-0.96882685357337983,0.20484487228986406,0.13933092295557842,0.14615322061127467,0.018484453942323124,0.98908925839248985,3.3136277218468249,-12.363440193329186,1.5070251606568841,,0.624498952369116,0.25,0,1
0.7346109262825895,-0.47667243614802934,-0.48283555751719248,0.65171074060112866,0.69368452281762005,0.30671630766625146,0.18873234373409253,-0.53998626965876906,0.82024077624112457,10.77916983569815,-11.221489880684217,3.6824227595650556,,0.2913743995422269,0.2727272727272727,0,2
0.51679381078226949,-0.71270627886174764,-0.47431415455179116,0.84866079613531831,0.499411856373489,0.17424881869485617,0.11268988526086562,-0.49258253905779709,0.86293883443455388,-9.3092632022288591,-0.61791130040662956,-3.8959172036443102,,0.3598456398621099,0.3888888888888889,0,1
-0.34663093100828535,-0.86351247900318095,-0.36632389530866316,0.91790579071841405,-0.39267366584307606,0.057064450570955196,-0.19312161203224776,-0.31647052115346125,0.92873594320825348,20.937120966610479,-1.0735159923383164,6.0107111978139702,,0.8809156067497794,0.5,0,1
0.4504654074153136,0.83579065402582564,-0.31390269091748868,-0.86427343879556706,0.49639128364113644,0.08140710360645613,0.22385785604852695,0.2346266740338567,0.94595876449091032,-6.9010006195910769,0.043425152908554178,-3.2548878710956779,,0.07572244585680719,0.3315508021390374,0,2
0.75182451526822558,-0.43011983317821884,-0.4997567681867246,0.62429208214752641,0.70824694411401434,0.32961441461360064,0.21217750684180534,-0.55980639087089901,0.80099782167649758,10.968477837854747,4.3952170384677967,2.0749332584370093,,0.4643997071436394,0.1923076923076923,0,1
-0.6004881201395057,-0.71273511758000585,-0.36252264720916189,0.75545923424190897,-0.6542626068033669,0.034954066108133112,-0.26209800260580302,-0.25288158000747823,0.9313192489812343,5.2421676343093715,-14.941525755444257,2.3049743874078747,,0.09133432072520552,0.2105263157894737,0,2
0.79009938971900662,0.55788314168660613,-0.25398691814252095,-0.52505040223506649,0.82976189584084281,0.1892545146711303,0.31633056993981512,-0.016173943010051376,0.94851113545865096,-6.3682769791000622,8.9324544427255361,-3.9075694344174865,,0.798887099754537,0.3715846994535519,0,1
0.24717034414981531,0.95269288966080001,-0.17687023198553689,-0.95542028007253077,0.27004024151498268,0.11937485660162048,0.16148965725082678,0.13947948219105769,0.97696804689238714,-16.07135869160583,8.0493939859582042,-6.9333818145196737,,0.6173548468986743,0.1063829787234043,0,1
0.50874868925578565,-0.7894987645553545,-0.34331686813509316,0.85392618928452702,0.51346820323346831,0.084619545745648006,0.10947526859764339,-0.33621734790721697,0.93539994683114613,12.179107060948679,3.8457197957935181,2.5371294858777071,,0.08385316255198445,0.2727272727272727,0,1
