axis_00,axis_01,axis_02,axis_10,axis_11,axis_12,axis_20,axis_21,axis_22,location_x,location_y,location_z,dbh,dbh_approximation,score,reconstructed,number_clusters
0.34634541410705472,0.93387364148952878,-0.089021771820716813,-0.93065653010453997,0.35398025255700599,0.092608875241283944,0.11799693682799681,0.050774034020995402,0.99171503990231202,-18.534742724758701,-19.636837694702603,-5.3031718486524175,,0.1084431013326238,0.4285714285714285,0,5
0.91600214548753278,-0.27209170801445759,-0.29479852762863656,0.36382951488760923,0.87303812836725336,0.32470372728635249,0.16902116305032255,-0.404685716138806,0.89869979280866519,26.23304271145847,-15.977916106053536,4.347530401270598,,0.6768121106363729,0.2941176470588235,0,3
-0.97153239667970337,0.071281769289074676,-0.22592855412455257,-0.021561932722875408,-0.97630754753301574,-0.21531060282141923,-0.23592347331083005,-0.20430976970543488,0.95005138426501257,-23.585329681279916,18.681058924601853,-9.8766662810517989,,0.4016599434682378,0.1428571428571428,0,2
-0.27127347611656449,0.95897065063093212,-0.082377135080808045,-0.9617653414773093,-0.27341974129178254,-0.015782046919477634,-0.037658054764812154,0.074946222722834452,0.99647625892988978,3.4136738742107124,8.5303050562515335,-2.4368490789454018,0.3539492853017979,0.3438233783002182,0.3110236220472441,1,4
0.96671290943908728,0.17239710730348171,-0.18906450781996956,-0.14284960831726615,0.97669607845060569,0.16018351894877225,0.21227373866641897,-0.1278436847583794,0.96881156689006398,-8.7463256060547323,-35.571319193152412,-1.9751508839467105,,0.2844221771161955,0.1785714285714286,0,4
0.043963364200821767,-0.88371478437406814,-0.46595643840045781,0.99806738856601418,0.018348004267519764,0.059370351358359462,-0.043917086528615402,-0.46766604603936424,0.88281354707137583,-11.343835631315581,13.29918196514142,-6.2987002096488345,,0.169868663824133,0.3055555555555556,0,1
-0.56908121673459633,0.81674044115967059,-0.095297536873615668,-0.8185475983552194,-0.57371162544576848,-0.028892906660227112,-0.078271310112799183,0.061563159459864868,0.99502943645429154,-11.155154723137093,-30.133398158225781,-2.8902629237748632,,0.150810839212976,0.2727272727272727,0,5
-0.9072015281614445,0.38131722520497563,-0.1777148307359761,-0.3810937557764395,-0.92380505408757674,-0.036766443266314945,-0.17819353694718049,0.034371438786085395,0.98339497028713074,3.6130687374643848,15.024777625287498,-2.9447673537928805,,0.3037555325278459,0.4545454545454545,0,4
-0.1640971335558227,0.97915840394051235,-0.11967017486169798,-0.98624743221828248,-0.16042976286744925,0.039727743821370586,0.019701096456922376,0.12454361155418958,0.9920185258448716,-3.2022983331535171,12.571135078285932,-4.3659423466237444,,0.250506387834504,0.6274509803921569,0,8
0.096782998762141179,-0.91921073241436546,-0.38168662612783844,0.99530550628173053,0.089376734005397737,0.03713150392585246,-1.7772862484148091e-05,-0.38348849895762621,0.92354565174188941,-0.035259009573391779,8.7812199624583531,-3.2411678330422511,,0.1502590757535965,0.148936170212766,0,4
-0.12280142964631106,0.98260958672066534,-0.13927745316979878,-0.99167803628865092,-0.11602713619712091,0.055788672762305154,0.038658520658542701,0.14496932003199189,0.98868064360032593,4.7558735048960168,8.8827655851777205,-2.0957026674042551,,0.1212093277278791,0.6666666666666666,0,2
-0.63711921688415929,-0.73044851042586956,-0.24601641630904506,0.75167148337600243,-0.65944067490511893,0.011312707898748465,-0.17049658224209904,-0.17771598098457811,0.96919964173871487,2.6538912605084488,6.3776767026168057,-2.40048238871938,0.3253559401732413,0.235199069171814,0.6708860759493671,1,5
0.52576493835898441,0.84882021320925294,-0.055456967459213566,-0.83941685253312492,0.52828128899988736,0.12766451102792689,0.13766109572335802,-0.020570010695582858,0.99026577108583735,-29.338273285624176,-15.610517159860221,-8.0501188382235291,,0.1596320928811235,0.4166666666666667,0,2
-0.97393145002799286,0.012031939634273812,-0.22652320648227087,0.04033683885254357,-0.97349224130831502,-0.22513506067225048,-0.22322739544633913,-0.22840334616890179,0.9476293797582962,-20.214040513648307,-23.232242284213541,-5.3942560848338328,,0.4059276411897457,0.2105263157894737,0,2
0.59620943402918769,-0.73405735214215617,-0.32510631267424306,0.79687194065224509,0.59033165517648023,0.12846652131089456,0.097618753196919053,-0.33566105026148657,0.93691100877385103,8.1835687736558711,0.47261893706994673,-0.69752227255708832,,0.1388221449003859,0.4814814814814815,0,2
0.89631757446177251,-0.3460312866102489,-0.27726729774321007,0.40689467857074207,0.89036265571362305,0.20418389226723496,0.17621443261486452,-0.2958321990545334,0.93884598510127382,-18.038818326734287,-29.689353603505566,-4.4359612990385466,,0.2286459579684942,0.5,0,3
-0.36200831748835993,0.92960802303658319,-0.069129599848855861,-0.93197648150065238,-0.36246455671979283,0.0062676192919081013,-0.019230600586335578,0.066696091549205985,0.99758799881170834,-2.3040441268922702,18.720840791898397,-4.8895382128510914,,0.2460834789695624,0.1904761904761905,0,5
-0.53112230782076231,0.83907966101642328,-0.11770478581481893,-0.84158555144028291,-0.53852818790331536,-0.041486750180348718,-0.098198033290402317,0.077024108577354533,0.99218165320457385,1.0657669403937127,13.908428772660416,-3.4620021531126222,,0.3961214803470365,0.55,0,2
-0.32046289867224476,0.94514526002233545,-0.063276915473935769,-0.94724919641130867,-0.32007753370764169,0.016411347103880449,-0.0047424121197104053,0.065198235198097865,0.9978610622999281,12.407426866178632,-4.3825243402426022,0.58121575438192707,,0.1509987526758848,0.4705882352941176,0,5
0.73128784830717442,-0.63199907143445688,-0.25650586079902321,0.6682749649135441,0.73915140226542608,0.084046271772493283,0.13647950098115447,-0.23287846236833226,0.96288159582416799,8.6961386176204627,3.9880134452018772,-0.84570688509824954,1.003012486590489,0.1479144059816499,0.1956521739130435,1,5
0.22866897884221601,0.97121190289184156,-0.066767790112213066,-0.96872316207077958,0.23379910507216747,0.08314694062348485,0.096363547998451274,0.045666378755754591,0.99429806822123923,-10.911521939836604,-27.196546594908412,-2.9924766213965257,,0.2131031962736727,0.1875,1,5
0.4962734954947155,0.86616753654689849,-0.058876279618666962,-0.84649771562714315,0.49783002701411794,0.18869785807250783,0.192754338751392,-0.043807109416182516,0.98026868870586381,15.890244170653578,2.1921111469362584,0.87281302030968921,,0.1225187610599769,0.3333333333333333,0,5
-0.97617992372624185,0.13033167817340599,-0.17345434609237001,-0.10287261406963916,-0.98192782715246196,-0.15885517787633685,-0.19102351108779003,-0.13722753341857918,0.97194579184414631,-4.2635003287725626,14.995024757590015,-4.8607142294150369,,0.6281077972972422,0.66,0,2
0.66647167368391869,0.73633668329061897,-0.11672102217478997,-0.72827065538705382,0.67650681586116213,0.10936352497749499,0.1594909423104266,0.012116803784957022,0.98712502875115571,13.586687388276463,-2.758103930978566,0.73424044910355157,,0.2497543670699895,0.2222222222222222,1,5
0.044001726997030026,-0.96048647375339835,-0.27482645752918616,0.99842269450272414,0.032676255786577561,0.045655069923176431,-0.034870777496333841,-0.2764018741697184,0.960409304844694,12.029222908611859,3.9720265233932746,-0.074166854125021567,,0.09656324465547281,0.1333333333333333,0,4
-0.97837739898689857,0.12382469607517707,-0.16566565665074312,-0.10586869593803452,-0.98791865543140245,-0.11317486236347138,-0.17767803570506929,-0.093188920438541017,0.97966644361001154,7.111254260757593,15.656019004471272,-2.2834677845703366,,0.4241503591453554,0.2777777777777778,0,4
-0.084272849685661746,0.98936999504520351,-0.11851202348331892,-0.99504041432437218,-0.077249288491636842,0.062666747870906828,0.052845630538747572,0.1232053583728757,0.99097314746726206,1.947344416485931,18.963090327448313,-3.9151364127992556,0.3063568638879759,0.3857262467852383,0.2105263157894737,1,4
0.61185290174413465,0.79048523966616102,-0.027732877550205211,-0.75776594107175754,0.59585877053131042,0.265975758543047,0.22677478955765018,-0.14172300960270151,0.96358070931823692,-7.7749430414995198,11.25181791447539,-5.2477783361657728,,0.2627307272370826,0.2619047619047619,0,3
-0.10465486604894082,0.99393046000529428,-0.033905747093135277,-0.994250486235987,-0.10379017823547849,0.02633570810423878,0.022656778936607624,0.036466965537497294,0.99907799034545131,4.4542677559074253,12.563842241288102,-2.5839324834799204,,0.1655594767555188,0.3529411764705883,0,2
0.63350951372479247,0.75529444532116297,-0.16791663671945833,-0.75367134245840728,0.6514761989366078,0.086938310174812516,0.17505771498885614,0.071477710414554183,0.98196014854818503,3.8010803421072232,4.8821774993751106,-2.0155359653056109,0.3941027626388816,0.2883259796256475,0.6357615894039735,1,5
0.94722933645422425,-0.23737166730032591,-0.2154327638117155,0.26432787866329682,0.95858932348381842,0.10600604447010196,0.18134871579874098,-0.15735692061647338,0.9707478780879456,11.593445728820528,-3.134556887180084,0.33131922028835986,0.4658719431400778,0.6771952275241615,0.67,1,4
0.90685045501894401,-0.30416096321451236,-0.29173337259963061,0.38740639227730211,0.87415917631620355,0.29285153522708751,0.16594739966212149,-0.37859192135939329,0.91056554823185776,9.6267608240810301,1.3951868315744085,-0.43495730849003189,0.7175960025564359,0.7034553509446754,0.7916666666666666,1,3
-0.80735140740035138,0.55942687157469173,-0.18768399060342345,-0.57433423140318585,-0.81797735195314536,0.032453695170692021,-0.13536578447740841,0.13399487696130014,0.98169316863312339,9.4743146003247904,2.7205388451381425,-0.60886983107814407,,0.1033226369653067,0.3333333333333333,0,1
0.022099078569459044,-0.95840252337054288,-0.2845632336113651,0.99813792386072686,0.0049643948717592199,0.060795063406118663,-0.056853457919264806,-0.2853768700867903,0.95672761345227675,12.205722767627636,-1.4585175457183539,0.3802524046873576,,0.1420612117721199,0.2083333333333333,0,6
-0.58351508841573563,-0.76750664585957551,-0.26541230218767287,0.79576548421931459,-0.60560239022167128,0.0017432965892643709,-0.1620723163170559,-0.21018870930471711,0.96413342995896656,-27.014720026078471,-18.717188826967476,-7.2995188421504391,,0.1051883169818319,0.2352941176470588,0,1
0.9710120514564814,-0.13002373445257162,-0.20057274093276606,0.165010001455967,0.97171951958283842,0.16891676850212092,0.17293725840829424,-0.19711672618198708,0.9650065807617676,-21.453884426111653,-21.997821068375771,-5.7339944240093592,,0.2790500479137276,0.2857142857142857,0,3
0.33382919999259275,-0.86752295250201539,-0.36873024301579965,0.94234736086941895,0.3167746961244074,0.10786678523868809,0.023227498676041333,-0.3834810540006825,0.92325660816902844,18.339013410320714,-5.6807174049517402,1.9823265320701582,,0.3075645107007458,0.2666666666666667,1,5
-0.1888893037852048,-0.94202956511889246,-0.27731052875332629,0.97714955476027165,-0.20833481680621113,0.042134923022638555,-0.097465781417592059,-0.26301502342685912,0.95985598862768218,-0.14388808366728414,7.5707093512219092,-3.1334995641356329,,0.07764163305494066,0.2386363636363636,0,2
0.93637491888950897,-0.24932102401391595,-0.2470648462637258,0.30475345071374665,0.92671245137040359,0.21983941128269532,0.17414748218889106,-0.28114597535748298,0.94373173888958528,-18.155993641472218,-21.598250855220947,-5.0487175633003352,,0.3203967902204754,0.3333333333333333,0,2
0.98026157178076712,0.052791419031596898,-0.19052642065218034,-0.026489055887042978,0.99007176317702961,0.13804431780316601,0.19592238465299044,-0.1302726749405213,0.97192769759675401,-18.40640057695542,-24.313476038509631,-4.9267822482305181,,0.1180248695977768,0.1666666666666667,0,4
-0.57403764847714578,-0.72862762053225871,-0.37360750625265599,0.8025607731037574,-0.59115249344079324,-0.080218046434903836,-0.16240992459184414,-0.34589090779642107,0.92411173366527466,8.4386505265564367,3.1597326024264234,-0.81276417167411219,0.3709150560911724,0.2687161739590262,0.1710526315789474,1,6
0.95776205671304548,-0.10136857147553317,-0.26910268567557355,0.19289835890718893,0.92050395627018045,0.33979801297514711,0.21326524764178101,-0.37735511021841822,0.90117759345221971,-0.4650882990831865,15.504408854476027,-4.0566226758124246,,0.4723871607022353,0.2222222222222222,0,2
-0.9780909770580416,-0.013391177809195605,-0.20774676159817099,0.039094267776253577,-0.99198973527014334,-0.12011662393569163,-0.20447415197203617,-0.12560669359374244,0.97077972769303511,-1.254528188816139,13.821996998987142,-4.0026368729037074,,0.1068371793947299,0.3461538461538461,0,5
0.93486181975919114,-0.28699948619478477,-0.20896093625475587,0.30816007035523807,0.94827398585833966,0.076248401838941299,0.17626896776003806,-0.13567513651464461,0.97494692590753063,19.326247163646119,3.2592147531277114,1.5435871104054795,0.3285530347869028,0.2416988176325441,0.3529411764705883,1,5
-0.90679914280777851,0.37201508190994181,-0.19829294852469725,-0.38277078290810429,-0.92367717684716966,0.017521436115792391,-0.17664043239019714,0.091789170402516537,0.97998617635241292,10.274845570220485,0.50003126491319527,-0.23338350507156166,0.5110397678895441,0.3021534624399364,0.313953488372093,1,3
-0.0028014875990180293,0.99980805722703192,0.019390728999686292,-0.99934964723931252,-0.0034962609727853242,0.03588953499100115,0.035950441303169933,-0.019277574098337837,0.99916762402861559,16.814357300884918,-3.6608229099440002,1.5244144011612997,,0.3426631568876168,0.3333333333333333,0,3
-0.52553933519404228,0.84715467029608726,-0.078341379610856174,-0.84864225599940724,-0.52850552173563048,-0.022096036458734362,-0.060122612185774076,0.054871468820116391,0.99668169111982896,17.195543233366479,-2.7078662115482861,1.5067543536272265,,0.3128963239902344,0.4285714285714285,0,6
0.98123566541304086,-0.044474052112213391,-0.18761297292604295,0.074923388085469125,0.98451610843027981,0.15847560745771752,0.17765994157159398,-0.16955851771591576,0.96937446543157912,-12.830594897039941,-27.821941543088997,-3.394839243421083,,0.1769116986638865,0.1875,1,4
-0.76889365168014356,-0.57660954986804291,-0.27626794856976605,0.605548533711182,-0.79540930136792531,-0.025199536059736172,-0.20521580281793955,-0.18666941446943408,0.9607502297555941,-30.381043595432683,-18.637628923825567,-8.1019135921195389,,0.316957560576942,0.21875,0,3
0.13875396059727774,0.97582191562844034,-0.16887547897137334,-0.98706235505811568,0.15010556430159308,0.056358023322567917,0.080344543347360298,0.15887072903761096,0.98402481971206524,10.56064426073924,5.2797602573412306,-0.48592374140881661,0.3723896838127103,0.3076560011434224,0.6818181818181818,1,5
0.41362288188130358,-0.79211589249442094,-0.4488524528639371,0.90970830314486351,0.37944415165292833,0.16867998982002297,0.036700337512055252,-0.47809470676232868,0.87754118797486913,2.9431789941828348,18.065952633516094,-3.490598190253968,,0.5385963180674572,0.2272727272727273,0,1
0.78323281928941646,0.61605417544558905,-0.083806943053717095,-0.59263788506686021,0.78052174675890862,0.1989123928263439,0.1879539517313539,-0.10612754473970751,0.97642729185336186,-13.558578090257226,-31.486856751538209,-3.3281366775293408,,0.2695494435766584,0.2083333333333333,0,5
-0.6143555687032769,0.78896622739957256,0.0099763333023409079,-0.78257594224375449,-0.60766833701512457,-0.13532954891882629,-0.10070814179883021,-0.090947700422600725,0.99075041557562193,-24.697876549711356,-19.183715930983229,-6.7269926348045548,,0.6216071277298506,0.3214285714285715,0,3
-0.75660807518168671,-0.59830309395454695,-0.2637757159677136,0.62638780769159652,-0.77893758221354181,-0.029909152288850514,-0.18757008009055973,-0.18785539859088038,0.96412022812255238,-4.2590670347643966,6.4853511245789344,-4.0341651347780276,0.1962487905489212,0.09123914295345413,0.4338461538461538,1,4
0.87036596727200244,0.45750979317750268,-0.18206557104886914,-0.44535132516579023,0.88914174795658263,0.10530502938505591,0.21006018229961265,-0.010570770425650564,0.97763131017007721,0.022636917591949586,10.964277871996867,-3.4323894490833142,,0.1471633462588292,0.22,0,5
0.061540332046556352,0.99723476670549605,0.04166062416039408,-0.99595032741307388,0.058613095885496493,0.068172210735075012,0.065541840509627636,-0.045687252757761879,0.99680336179110962,2.2726195509773248,7.5808883932505031,-2.5995851945085624,,0.07794483049284037,0.3333333333333333,0,3
0.56422368258096078,0.81172592311232472,-0.15083985468776004,-0.81006405515965052,0.57957439518761944,0.088824247709780188,0.15952386201782595,0.0720732002227637,0.98455959253697156,11.676595902278123,1.0845928003890946,0.021363660002856354,0.6679288453787149,0.2203544562131343,0.4333333333333333,1,5
-0.92715875325199071,0.36628449139721336,-0.078818256959280464,-0.36163974290994505,-0.92988515444032593,-0.067307472835636512,-0.097945610500130731,-0.033900898415466785,0.99461418975921545,-18.268780919553059,-31.589114739234681,-4.3253484641873241,,0.4723736189489284,0.1891891891891892,0,2
0.969949136840212,0.13394460302233427,-0.2031194605745989,-0.094672090220468866,0.97680638081545101,0.19205855807931657,0.22413359247603679,-0.16705728873475753,0.96013332147383368,15.432055270372611,-3.5113426845410802,1.1911511529614849,,0.1807724809925908,0.3333333333333333,0,5
0.54626079591667343,0.83584148001899328,0.054480850985854694,-0.82298573371788297,0.52348030426045922,0.22059658462500245,0.15586412332965302,-0.1653402290159218,0.97384238135729251,-29.28417545732708,-19.389684851343461,-7.7644403020523844,,0.09034861598001356,1,0,1
-0.53919409282223918,-0.78673161363443278,-0.30053801485629883,0.83042394614329573,-0.55608264805587204,-0.034178329434981232,-0.14023480287503359,-0.26800271759691441,0.95315725010266239,13.074974589681313,-5.096986496449011,0.79752262189514256,,0.2900577966646939,0.5652173913043478,0,2
-0.41286529227119634,0.90506107439410666,-0.10201324450485007,-0.91005939063997865,-0.41442915739582847,0.0063544479048295204,-0.036526099515433279,0.095461642122740512,0.99476274504899875,-23.892755259559326,-20.80664786674625,-6.4482773839871079,,0.1289147096310514,0.1,0,1
-0.72093009589574697,-0.65598585757951378,-0.22347785457941574,0.67100104304611463,-0.74136644730210277,0.011549504131508589,-0.17325529447256324,-0.14162748839941913,0.97464057860674824,18.571490451713228,-8.6229893387226451,2.2248976526206428,,0.3814548527085974,0.7142857142857143,1,4
0.64884976127866489,-0.70523998426396883,-0.28571060863044029,0.75430531834525616,0.64553727423559437,0.11960398943404919,0.10008733188911044,-0.29311805158986004,0.95082297712428177,-15.646509197613149,-31.89137176783084,-3.7517167911565372,,0.1909644463954565,0.3571428571428572,0,4
0.92523114901118308,0.35939328814347826,-0.12158859048802736,-0.34254112753463045,0.92907404916511471,0.13959579906015149,0.16313459733223462,-0.087509288680442818,0.9827152321745567,11.032236532246779,8.0363315385218801,-0.63924695029548639,0.8578234152955544,0.6895962586282076,0.1538461538461539,1,5
0.24955850572290242,-0.91007671405162149,-0.33087902133915187,0.96807189235997815,0.24279891124882735,0.062333778314442728,0.023608545993393352,-0.33587060490222542,0.94161222024710889,10.380690401286921,-2.9233468672541729,0.059520063894715647,,0.1500589370692618,0.4464285714285715,0,5
-0.93819788167054974,0.33414013882652155,-0.090194802809731328,-0.32099904500849596,-0.93752393546555912,-0.1341956911856847,-0.1293999533714251,-0.096949667633071307,0.98684163573154438,-1.5813391700949779,-35.806799820048084,-0.37464930178505323,,0.318345569517504,0.1388888888888889,0,5
-0.9132964382864831,0.3625382667977412,-0.1856222533009311,-0.3706214401489587,-0.92873420172307275,0.0096192854058807595,-0.16890637618259732,0.077580845942137891,0.98257409309820809,1.6186446096958942,9.4950383661144606,-2.9061470048746596,,0.07539484847337859,0.282051282051282,0,3
-0.5808124687724,0.80812532711733354,-0.097930239405471617,-0.80804590550446187,-0.58691945374286347,-0.050866191283140384,-0.0985834200866679,0.049588410840453172,0.99389249861055595,5.0490933713199739,-36.177490809578615,1.1158801506020988,,0.1897618819166297,0.2380952380952381,0,4
0.61400193963505245,-0.70714382316572233,-0.35064117197351469,0.78117861008762912,0.608006595733943,0.14173199598390607,0.11296723979080855,-0.36093710380423322,0.92572285800419685,0.93323165949874187,8.1662545706514234,-2.9588860372892833,,0.08544397765887923,0.2375,0,4
-0.056044478801060942,0.99052677141588308,-0.1253624006803612,-0.99764768150700089,-0.050593450659661435,0.046253716975537484,0.039473028508364594,0.12765977384741986,0.99103222054663909,-8.6583713527266752,-27.38968453908344,-2.5252093690908901,,0.1418698018776272,0.3125,0,3
-0.066906128350073743,-0.92406378731891914,-0.37633719847368263,0.99775245277155034,-0.063358720463225979,-0.021810903915677918,-0.0036895768808373015,-0.37695064598310385,0.92622599699822838,7.398182757984566,16.390421785774379,-2.2623143674236816,,0.2333385505026987,0.3076923076923077,0,2
-0.89341858547420494,0.4266634755436024,-0.14057563717204655,-0.41942782586372213,-0.90433447932767452,-0.079116675804643322,-0.16088359152040418,-0.011722974716326766,0.98690376523919399,-4.3480424246524576,11.424080841925798,-4.5147799335253334,0.7264752961119531,0.7139717129753411,0.7679738562091504,1,2
0.71990222410032489,0.66944582969392974,-0.18325683845579421,-0.66973817183603102,0.7393133044796254,0.069761156850707232,0.18218553433557205,0.072512887991198691,0.98058671832430977,14.377761894054309,-1.7619654872906401,0.85587009437688188,,0.07958141209556756,0.2173913043478261,0,4
-0.90205877432881032,-0.35583294514372971,-0.24428033651267203,0.37131351079924685,-0.92831478202685203,-0.018919359618542804,-0.22003691588990779,-0.10777096371833043,0.96952007458581291,14.617799909529591,-5.7949187546978607,1.2166055064855437,,0.1739991305130424,0.3157894736842105,0,4
-0.97882189064408898,0.014435080722935797,-0.20420414990996824,0.029282829523370021,-0.97738008325801684,-0.20945330922584238,-0.2026085444669985,-0.21099715944787839,0.95625832096452357,-19.402877211199918,-36.825649656670493,-3.9548755959170374,,0.2497527245888209,0.3157894736842105,0,1
-0.93453934507048153,0.30140941005534266,-0.1891786987092561,-0.30561239145530777,-0.95212832309920037,-0.0072610289404562876,-0.18231093961747041,0.051029637294387017,0.98191583010632832,-6.2861575087965305,-30.426444520081741,-1.813704355323043,,0.217410851915159,0.5128205128205128,1,3
-0.15640914794795013,0.98560102198216626,-0.064240204746770363,-0.98748456324444267,-0.15471107336261261,0.030638556312616649,0.020258721384366251,0.068228361014309721,0.99746402188809424,-21.137893004965647,-18.60233433814528,-5.9689422521968449,,0.1254494536555346,0.2,0,1
0.14881391242949474,-0.95203359293377621,-0.26736951470396353,0.98668372314405928,0.12500531050970004,0.10406201433256813,-0.065647924186564108,-0.27929502371145049,0.95795857936552586,-2.5640558506369953,14.713444032919922,-4.4430797869202401,,0.394403188753092,0.5909090909090909,0,2
0.77399370445177373,-0.58283022382604077,-0.24747257557941102,0.62332063298803475,0.77007071825487794,0.13587669917175518,0.11137833703380391,-0.25942247219796377,0.95931999195173689,23.052993506567613,-27.660724438347227,4.4752518358800266,,0.2355796423192738,0.7272727272727273,0,4
0.059689960685648517,0.99414033730085993,0.090122684961544741,-0.99536814247421035,0.052460464236418869,0.080561533249676326,0.075361591946992518,-0.094513964277409837,0.99266698394566488,-12.100038862768278,-31.118837605776442,-3.0062600654850753,,0.4689956695399789,0.4285714285714285,0,2
-0.032566412853312396,0.99427293570119035,-0.10178780912272703,-0.99710860296046333,-0.025324634159407798,0.071645633551008225,0.068657575373011925,0.10382674143412793,0.99222283036980652,-5.10090353312121,-29.675509366380449,-1.5667219861061321,,0.1876858700814647,0.48,0,3
0.26273651614924021,-0.89497121800335522,-0.36054963878411056,0.96419490181817236,0.25748503504906661,0.063479508769581722,0.036023803097487761,-0.36431850854900777,0.93057740674219114,16.754189702402439,-6.8033266743345751,1.6988543510077343,,0.3858247795022003,0.4411764705882353,0,4
0.68262476434696295,-0.69133440458955275,-0.23681252528331792,0.72541310615672416,0.68021755412301388,0.10526112520279146,0.088313399415414731,-0.24364076032904111,0.96583638541420669,2.1883649957889957,-34.969189937891905,0.34357134247127258,,0.1184462734492798,0.1666666666666667,0,3
-0.18644621895321975,-0.88111677794890553,-0.4345929486945076,0.97831609401578945,-0.20711730048440599,0.00020983264970689055,-0.090196605411382663,-0.42513015354946437,0.90062696212986615,-15.060674810290189,14.505730089396785,-7.2913284103641649,,0.2007509809968657,0.6666666666666666,0,1
-0.97192280411703047,0.15713098354250205,-0.17514541629245028,-0.1340137995381325,-0.98148340220391606,-0.13685990183972938,-0.19340725004674214,-0.10954535685821211,0.97498382059404709,11.456424876958287,2.8002718600444201,-0.14223291262744325,0.1070522977686063,0.2221302021091403,0.1111111111111111,1,4
-0.87037640394769555,-0.39571477957744178,-0.29300977573291753,0.44877967827933779,-0.88238266976227486,-0.14141295720935082,-0.20258755098616482,-0.25457933405360378,0.94559380648259916,-15.96015005143833,15.891396665020043,-7.7199058153111162,,0.1580175674448069,0.5384615384615384,0,1
0.97863607698507871,0.10604654627865943,-0.17614073590633186,-0.033767306588143947,0.92798385459947075,0.37108723315211373,0.20280827850223049,-0.35721155583922121,0.91173938521152254,10.847489225358133,-1.6224726682490449,0.047283592871766998,,0.3019636459287918,0.1666666666666667,0,1
-0.59321868994563687,0.80423438049716478,0.036036746877664283,-0.79841526550206432,-0.58201483103049956,-0.15424590845078487,-0.10307594148224669,-0.12027384456681021,0.98737508202337576,-2.4087667459446447,10.927762352262022,-4.0640970313337901,,0.3411942068555318,0.2777777777777778,0,2
-0.51243350009552835,0.85871521475308688,-0.0044819562030433214,-0.85664138527795508,-0.51154556149269159,-0.066982651083640876,-0.059811746412491193,-0.030484725169937412,0.99774407365937345,-23.343031879876854,-22.007865937379854,-6.1787062427068564,,0.3150689203969685,0.1,0,1
0.84523045538665276,0.51314959105266311,-0.14920782315065204,-0.494140159501613,0.85678926458988036,0.14743696568788964,0.20349687971709016,-0.05088863611864955,0.97775220105065042,0.42310214335701618,13.187477525860483,-3.5408023407581442,,0.133337935401157,0.3111111111111111,0,4
0.51530021853202979,-0.79586017165584721,-0.31791865618860599,0.85487198226815486,0.50352417885443457,0.12512911428554141,0.060494451925437981,-0.33625881175204025,0.93982468195155822,-9.1646137545125139,-32.994972112731361,-2.2110804504080925,,0.06570364133560087,0.2222222222222222,0,1
0.92013992851678139,0.36957277885475415,-0.12945452127565105,-0.32941798130439442,0.90927062386671664,0.2543830304213901,0.21172223676900495,-0.19142333635846834,0.95840012560251786,-7.5489714139912607,-32.341232094202745,-1.95498673483256,,0.2167082722460092,0.4285714285714285,0,3
0.39516886465933942,0.9111156927290105,-0.11708869657991618,-0.90944660067014205,0.40599377372662004,0.089866212920877403,0.12941579862354935,0.070973587750324946,0.98904716819192962,-34.846145123678625,-14.040445292707844,-9.4467297941817314,,0.3076157240174455,0.2142857142857143,0,1
0.12534601713151564,-0.95805208934890973,-0.25772964533296194,0.99173709364965701,0.11384547510609924,0.059133280622656229,-0.027311409128733699,-0.26301217061583881,0.96440587152886381,23.003091171175615,5.1673104921178146,2.1856966500806236,,0.1047000626222011,0.2173913043478261,0,3
-0.74753367856442021,-0.59159909704858227,-0.30199984732321949,0.63604567206180862,-0.76857900054325301,-0.068791154775710253,-0.19141395576965572,-0.24350940083544192,0.95082273281688812,15.531750515582333,13.512988137545292,-0.071190287564674937,,0.3839973403876041,0.5185185185185185,0,4
-0.29486404795173904,0.95551509591347927,-0.006789308283529155,-0.95445795127626865,-0.29486087005542827,-0.045465223585318126,-0.045444608822408999,-0.0069259505925174328,0.99894285058624244,-16.158859239082098,-24.786149569343966,-4.3586055788866167,,0.6745855195352763,0.25,0,2
0.034813503635081511,-0.92552841685981302,-0.3770744880651819,0.99827262641361159,0.014337046756148261,0.056975542503622849,-0.04732634908716582,-0.37840665781045763,0.92442880634843871,20.852621431710823,-2.1580089139616114,2.2882525334981687,,0.1878268751854829,0.4210526315789473,0,2
-0.10047796161443699,-0.96350868788685318,-0.24810317933545942,0.99224460448542429,-0.11538080517301404,0.046237589331532901,-0.073176663625586391,-0.24153318232529128,0.96762952504377708,-6.4370096092768225,10.545179051751862,-4.8744609718291931,,0.07105571098113939,0.2790697674418605,0,2
-0.4768579246482802,0.87890681026301654,-0.011372711788627971,-0.87800300986870605,-0.47689780078285304,-0.040978070598465803,-0.041439526561364175,-0.0095554425208903247,0.9990953203556715,14.698781898706493,18.465677094242139,-0.86583394811093795,0.5150704266073081,0.4235978387219598,0.1666666666666667,1,3
-0.91444168776447654,0.40212725278233541,-0.045717307971795282,-0.39668820790450032,-0.91295220487210682,-0.095690842449392979,-0.080217612704269387,-0.069368178503477901,0.99436069432733387,-6.7646674899377643,11.87199342941658,-5.0926834020314935,,0.711426837915913,0.4090909090909091,0,2
0.23004446261913639,0.96464516020719127,-0.12860505474947465,-0.96857306934895226,0.23979085123966987,0.066079928826416709,0.09458199908133938,0.10936207089570486,0.98949188116890607,16.156853111438604,-0.050914547287735125,1.1314464803875379,,0.1064475153853796,0.3125,0,3
-0.90158117601984955,0.39518390918159019,-0.17601437717022095,-0.40033896660216167,-0.91634236741327413,-0.0067362826060274302,-0.16395150156853519,0.064392108269505144,0.98436454706883358,20.335868060176921,1.892696123153758,1.9051072304160663,,0.1018991970021325,0.3125,0,1
0.88213170193688573,-0.40848552251898801,-0.23448504926822822,0.45167286587379335,0.87480574157769364,0.17523280724811913,0.13354880258275728,-0.26048894870049977,0.95619570430619516,15.309600884311822,10.239045971452304,0.15202162286716495,,0.1520417630725885,0.1578947368421053,0,3
0.62817181353930984,-0.67268345282500119,-0.3910206451968597,0.77392293384109001,0.59203349071211153,0.22481022741421522,0.080271197509030917,-0.44383929318016202,0.89250390289331483,20.604340327442859,-8.9030710397951385,2.6922413250829353,,0.5524015803293435,0.5263157894736842,0,3
-0.086683631101360917,0.98737779208699572,-0.13255581387661822,-0.99558369651639034,-0.081042839559916327,0.047383133991175289,0.036042354665632027,0.13607774928133956,0.99004231971198153,13.323929507498924,-0.50111776923807039,0.51242990063392679,0.1545429156115187,0.1869459624266291,0.3469387755102041,1,3
0.73668904621703668,-0.60551888066358295,-0.30105835704021611,0.66621207204888944,0.72623448383953959,0.16954335592597658,0.11597725742643634,-0.32546944502093994,0.93841297738128227,-21.130210082044229,-33.741238457755237,-4.8027989538830651,,0.1324600068893864,0.3636363636363636,0,1
0.67754870851217663,0.72703858770111884,-0.11109743285532271,-0.71319731775210993,0.68638286695569517,0.14222568650168249,0.17965893672365968,-0.017130439084911415,0.98357979570143717,1.772169068424283,14.355077326620254,-3.3147826935806455,,0.3736771109711446,0.4736842105263158,0,2
0.061140776408058865,0.99588424134164732,-0.066905779328788037,-0.99509738964366479,0.066038517646282865,0.073621323755053855,0.077736674643212003,0.062076501467578919,0.99503945518806514,20.070163065309568,12.268447059378706,0.99910354633372511,,0.2831330406419798,0.3478260869565217,0,3
-0.97936092269986941,-0.00057990213623102405,-0.20211839797992898,0.01164420061994801,-0.99849690329449836,-0.053556948225411807,-0.20178353669311816,-0.054805089406089233,0.97789560102027628,23.762172732525833,2.5898131749516073,2.5975928089232876,,0.291547197560939,0.1578947368421053,0,1
0.93879368605295055,0.32577835247594672,-0.11195927869173126,-0.27503077457353003,0.90453582503942698,0.32584200812315117,0.20742345109605848,-0.27510617273754795,0.93877159397645804,-14.487521835948755,-26.883514224605136,-3.7859172182863912,,0.5286600115529779,0.2333333333333333,0,1
0.82673007160360579,-0.46699883064819958,-0.31373473011369285,0.54466399486596584,0.80405229701272207,0.23841358259380427,0.1409202661186266,-0.36798368964096756,0.91909166178095425,-10.01440179347774,10.075354351850637,-5.7151209639647576,,0.5123899196243085,0.6875,0,1
-0.97026516463701995,0.14551056132708037,-0.19342230180146047,-0.14810840390980562,-0.98897058511432767,-0.0010404181441792792,-0.19144035881492477,0.027637986918421575,0.98111504457729648,9.9070350390429684,-1.6219295265359479,-0.12624542379134793,,0.07526381387517976,0.2051282051282051,0,1
-0.32382723426405069,-0.83310179449589539,-0.44841646084484327,0.93893775094365939,-0.3412557352071745,-0.044050233155724129,-0.11632636073460986,-0.43529980840327742,0.89273862613998689,-7.2362494406271134,-28.039881736785489,-2.2033716207928613,,0.3102050962163054,0.3333333333333333,0,1
0.95457677146370501,0.24502438959394346,-0.16954714944830451,-0.21391317609406479,0.95965386953544773,0.18249822952289588,0.20742309532759318,-0.13794020149962624,0.96847723790234896,15.008628797917858,8.8199883916969242,0.19028593896363835,,0.7470784586229191,0.5862068965517241,0,1
-0.7413805844167024,-0.58069442155786033,-0.33637600660797895,0.6446543187646393,-0.75554176792048167,-0.11652229926366733,-0.18648227354911689,-0.30323361571431195,0.93449116419192391,3.1266818280343771,12.517969319124413,-2.8488421421017964,,0.7184311746186858,0.2,0,1
-0.16718759920336812,0.98369717716935301,-0.066243266085394104,-0.98576162594268257,-0.1655586531968101,0.029399815824195666,0.017953369919104369,0.070215354308760386,0.99737028255700633,-4.9697593710971262,12.19729788480185,-4.7237272231541478,,0.7100593495753256,0.2972972972972973,0,1
0.3087166337863847,-0.8894601542868944,-0.33697874407673967,0.95106578597123048,0.2934924017217348,0.096623397200329766,0.012958039146726937,-0.35031820401963315,0.93654110702837268,20.565516564615258,19.452666011054134,0.38175817764232478,,0.2172403249629337,0.2727272727272727,0,1
0.33674416049678685,-0.88642111084075781,-0.31758618456594073,0.94140245030881053,0.3237882115606085,0.094459624215589275,0.019099657690180117,-0.33078513919192321,0.94351279523168008,10.045036929088216,8.0237442692684589,-0.84724873145951207,,0.08104636570553417,0.3,0,2
0.92371582002658637,0.36930549774352517,-0.10179652827585683,-0.33570129799260018,0.90838098716671323,0.24929625083444348,0.18453650684537604,-0.19610566409574601,0.96306222340556558,16.909177075320855,10.409122673841361,0.48104899275575363,,0.634539861874597,0.3571428571428572,0,2
-0.90996373693361809,0.40453116940527256,-0.091216941657830009,-0.37967609322299828,-0.90119137433120933,-0.20904585876296825,-0.16676948671962261,-0.15559125878605298,0.97364228466549507,-4.3270961020080385,17.484937793306944,-5.177273031424237,,0.1372632415345794,0.2,0,1
-0.33658193778693835,-0.8944792510092836,-0.29431185614830541,0.93414389951866639,-0.35656536094708241,0.015372649893117213,-0.11869192958094978,-0.26975546868700928,0.95558579571161606,0.13461279958791872,18.491375449069462,-4.26384033247591,,0.1325974269779616,0.1666666666666667,0,1
-0.91081152013286948,-0.34061401946686837,-0.23324764636727952,0.34955823050997231,-0.93690922881931571,0.0031844051143722295,-0.21961652550750546,-0.078633241671821702,0.97241215285916305,16.383809873796668,21.778852543100189,-0.98756661049133165,,0.1254484916611073,0.2307692307692308,0,2
0.86402733544961985,-0.36930107787485278,-0.34216001735489493,0.47994617119591865,0.80943797004432361,0.33832210303925236,0.15201459255679378,-0.45653793547852789,0.8766211708137075,-9.0099900339438452,12.238774298444394,-5.6824048400676421,,0.5603032162415046,0.25,0,1
-0.97467644928298747,-0.0887409430803347,-0.20525804304416698,0.089452292356123994,-0.99597404568814896,0.0058298977534073457,-0.20494903416543053,-0.012678538432858788,0.97869052721371719,-5.965075523537565,16.4668551458889,-5.422336567221655,,0.08909098950656316,0.1578947368421053,0,1
-0.51722899493357466,0.84127247077806133,-0.15727300057854732,-0.85367368004753075,-0.52021755199267417,0.024798116719918467,-0.060954202431905774,0.14708612616329486,0.98724376761576205,21.987127054220895,-6.7132031922141691,2.8428532034269254,,0.2168413724370586,0.5454545454545454,0,1
-0.60370855787193722,0.79113682798488305,-0.098175845085262795,-0.79511626309220917,-0.60645243963636108,0.0023593697015364006,-0.057672396503601918,0.079485582750115025,0.99516628601274859,9.9403099116514202,3.8615247474685184,-0.5500571337177943,,0.09911179057659969,0.2307692307692308,0,2
-0.11158670215679067,0.98956735598697154,-0.091130981925610519,-0.99260475034614892,-0.11539831567783583,-0.03767012515213472,-0.047793487966779034,0.086253560527509751,0.99512617582108465,20.474064727280052,-31.693176478604123,4.2103503056271103,,0.2974430920413361,0.2941176470588235,0,2
-0.97351947597142763,0.11886365009439739,-0.19527227809024697,-0.11857174484783643,-0.99285739330824141,-0.013226408314596042,-0.1954496641799563,0.010277608642162837,0.98065987963847157,25.957200134757286,3.37723924674146,2.9808203419363815,,0.1991857983417276,0.5925925925925926,0,2
0.95904146791827638,0.22767510868268712,-0.16853340232572514,-0.18880537646231008,0.95731595896002564,0.21885768101524766,0.21116816197543478,-0.1780735791934705,0.96109198714854727,14.522210047680424,5.6407603204173835,0.30723801335816714,,0.5737246106543259,0.8076923076923077,1,2
-0.77743681672434928,-0.56247311379428022,-0.28145335716611691,0.59910800305475354,-0.79848130668031292,-0.059137158858419685,-0.19147218251551945,-0.2145963632978605,0.95775090925672146,11.429250022275587,-0.33114185211284203,0.050775889576797482,,0.07354341566091457,0.275,0,1
0.2828347280193324,0.94952085153578347,-0.13570066000204933,-0.95299488759102446,0.29421382526071488,0.072380724304392574,0.10865201724589023,0.1088502527522057,0.98810240442181907,-17.291660568444847,-23.920857918170448,-4.6194901549688163,,0.1246552246598027,0.1538461538461539,0,1
-0.53995695257494392,-0.79541267571076857,-0.27525472690694225,0.82867172057369487,-0.55967387498732579,-0.0082663884558604409,-0.14747768945644596,-0.23255930206144546,0.96133579052133555,13.818267808610379,14.590683535451952,-0.53204879190124754,,0.09945292892122637,0.1578947368421053,0,2
0.77571956223432503,0.60658935548262538,-0.1740934076355603,-0.59990031636574825,0.79441939638373749,0.094960165720022693,0.19590500552886156,0.030776232135728807,0.9801398126513714,13.932518928107321,6.4916781515279682,0.13813917818390356,,0.07984852297415404,0.25,0,2
0.082029818202381546,0.99659193151604919,-0.0086966063952970581,-0.99450833100421221,0.082421144341886049,0.06449755443883437,0.064994526607250788,0.0033581248464715887,0.99787996999068729,16.725223458259507,6.3034076067460871,0.75066622567110963,,0.2587107415557957,0.3636363636363636,0,3
-0.94324720222621794,0.31520552596920592,-0.10454755803407646,-0.27978123361719448,-0.92386124400331271,-0.26115677885954242,-0.17890549686371607,-0.21708495624323537,0.95961812454997908,21.649584158395168,-8.9060343626967313,2.9273106313355783,,0.2644246763287407,0.4,0,1
0.1638904940150353,0.98647482337786607,0.0027071780726790457,-0.98274033528006255,0.16303014360925372,0.087421997737284526,0.085798248147263223,-0.016988087483752235,0.99616768944716649,22.395978831908469,-0.71732444840683995,2.5162616433428733,,0.2645187046393074,0.2592592592592592,0,1
0.24493210858520398,-0.86804666897398475,-0.43186021195194113,0.96953958122287875,0.21877570296989834,0.11013715191610693,-0.0011236663965431212,-0.44568169389508949,0.89519079815457947,22.313630206148215,10.925190479022016,1.624780490883327,,0.3060400368115263,0.125,0,1
