axis_00,axis_01,axis_02,axis_10,axis_11,axis_12,axis_20,axis_21,axis_22,location_x,location_y,location_z,dbh,dbh_approximation,score,reconstructed,number_clusters
-0.22872266637679411,0.97253950956355584,-0.043044677061985198,-0.97345312689929164,-0.22809670126801818,0.018997489324702015,0.0086574601057985978,0.046247131895170233,0.99889251232351783,-7.7698090521414587,1.9671104096539098,-9.0647455942465793,,0.1139487115162178,0.1320754716981132,0,6
-0.96834204786657885,-0.11924404626501213,-0.21930466425479647,0.15754475690273886,-0.97339666606118425,-0.16636880739317952,-0.19363193927143901,-0.19565221166989033,0.96136719528110715,2.9148436218372242,7.9787769570357838,-7.2641703140171838,,0.228052105651811,0.3478260869565217,0,5
0.36463147706339272,-0.89897989209570872,-0.24265003511674263,0.93101073589518735,0.3565174518807282,0.078194092822758812,0.016214055090264742,-0.25442181532262614,0.96695741597314888,-7.9216508912314749,3.502376213390745,-9.228014698218022,,0.1589525332849531,0.3836734693877551,1,5
0.57307376458148662,-0.7417397990507415,-0.34843726960899046,0.81497920491347897,0.56044731787699498,0.14733532992149265,0.085996255191699497,-0.36840314112212369,0.92568016598842373,13.123407236699951,-3.6709275531717758,-3.7459534727802937,,0.2562773811277929,0.3928571428571428,0,4
0.29110059919573528,-0.90615374107451707,-0.30683193882733634,0.95669244565424838,0.2757478076221615,0.093288321989760753,7.4672470509332754e-05,-0.32070008439074282,0.94718079071304706,-20.260618096597867,4.8359167848797915,-12.146269114996732,,0.1006839449991124,0.2121212121212121,0,2
-0.16115219340549533,0.98239908965669998,-0.09445633489759879,-0.98692952588028748,-0.16044010687896762,0.015135489763414792,-0.00028549310127932119,0.095660863190517365,0.99541394291386931,13.357748127857734,3.1889264763801379,-4.3761095999289665,,0.3404790763036295,0.4444444444444444,1,7
-0.94751155163788348,-0.16866294720187761,-0.27161492918090396,0.21987101904763601,-0.96050122566941631,-0.17057001632908056,-0.23211763073003486,-0.22133731210242302,0.94717010076097174,-15.722153689515835,13.911783388519448,-12.079787078252158,,0.2260443461891493,0.1363636363636364,0,3
0.53827744453103121,0.83929027184135652,0.076480273937830051,-0.82489462732838226,0.50609760237435308,0.25182150558620081,0.17264485661007259,-0.19863800357281569,0.96474696010026062,2.3128494279417247,7.5422422008164656,-7.3308480684793347,,0.555833860472031,0.4516129032258064,0,1
-0.94972471495964894,0.18159049211566558,-0.25504481756743425,-0.16662498604448012,-0.98282664449823154,-0.079296285474319203,-0.26506429374869073,-0.032812802951566029,0.96367226801541328,-6.8411612855545636,-4.4080882704376343,-8.2035179698259455,,0.2177377325579089,0.1505376344086022,0,4
0.98137437858601217,-0.026943626157736732,-0.19020612520208313,0.063957924480215297,0.97945572069535036,0.19124820284994634,0.18114555735954846,-0.19985127521890692,0.96293600765693399,8.5267287630892667,7.6662813445321705,-5.9398746077523725,,0.1469281705592379,0.12,0,6
-0.13812111879823769,0.97997777602538949,-0.14340890850381274,-0.99002313618941562,-0.13253683555650686,0.047834893439212788,0.027870169565263263,0.14858514635386424,0.98850680722562734,-8.7143332308933523,5.3163666014489088,-9.6117498291221519,,0.6703111673770726,0.3076923076923077,1,4
-0.95068618978767083,-0.16186447279918012,-0.2645669310258652,0.18572429967829404,-0.98027126912444917,-0.067636701857418546,-0.24839938215705898,-0.11343778636144827,0.96199252365567067,-0.17627484552628023,4.3422517850177718,-7.562208099973236,1.181730883034902,0.569159482539719,0.788135593220339,1,4
0.38505959889993591,0.92117590145353678,0.056250012233646271,-0.91140927965404683,0.36997719974397553,0.18013882599289496,0.14512832340901793,-0.12063096721352813,0.98203153691397138,-28.182113222898447,5.1383244233753835,-13.913462692101985,,0.2780209885643452,0.1428571428571428,0,2
-0.078036967528675352,0.9851275474452803,-0.15308150431510623,-0.99519268284742968,-0.067861362197248074,0.070614159540908952,0.05917563439341833,0.15785610784882956,0.98568742180721525,-6.9652933476280294,14.673443550487248,-10.212673375404822,,0.1867246876837737,0.5,1,5
0.093618415725876911,0.98141519949874156,-0.16751059199293561,-0.99170625626709974,0.10680331274532974,0.071496529057833241,0.088058466473537725,0.15942791029010622,0.98327435027201815,-2.6797953326702011,10.867610840788887,-8.8301534729426354,,0.07048476000646738,0.4444444444444444,0,4
-0.13273274047008868,-0.92429808468841723,-0.35784783113584018,0.98656782403099919,-0.15789099578442525,0.041885105191973769,-0.095215272903248813,-0.34748163130088955,0.93284005473308929,8.4970150571796736,11.083586349939464,-6.3325007723627822,,0.09444727998677688,0.3333333333333333,0,4
-0.56032665762247935,-0.74129773957819289,-0.36947489502520064,0.80241662367161781,-0.59641975018391213,-0.020274211353377522,-0.20533289754216799,-0.30783297888111655,0.9290195144883211,-9.237323731778659,7.6153477250750568,-9.9584254379523802,,0.2400548156758838,0.2133333333333333,1,5
0.83704707209930562,0.51432339871763488,-0.18661093382093583,-0.50397843384321317,0.85756008444651566,0.10293901002548682,0.21297402966306189,0.0078830892184599492,0.97702605880982074,-5.7398682419227391,-3.1112787934524642,-8.1200529786230788,,0.07321828742285066,0.257936507936508,0,5
0.8059827637035718,0.58621139112222864,-0.082146147391675098,-0.55978723289865517,0.7999437767042481,0.21616708351599515,0.19243190612894676,-0.12824257885229157,0.97289454848554602,19.951085344490217,-3.2875030729830521,-2.2944922107937242,,0.6674438973127389,0.5333333333333333,0,2
-0.81581043035933298,-0.49449992791131753,-0.29987191100971938,0.53357341788503543,-0.84358741407835613,-0.060495310025423243,-0.22305324351687972,-0.20935638539173501,0.95205942800452614,14.452423536522829,2.6783974695549162,-4.0931992970769828,,0.3385489614969407,0.1666666666666667,1,4
0.97435329065026521,0.099168150905847519,-0.20199342277637888,-0.052389210103628944,0.9729580898559359,0.22496205468613617,0.2188402057751721,-0.20861024238949855,0.95320025760932148,-14.131200627538956,6.6942463784263451,-10.978093268194934,,0.1155583852867531,0.3,0,4
0.73380143306933121,-0.62679866332105505,-0.26202841923030801,0.66931239058048841,0.73310912213219637,0.12071428607248921,0.11643187124162661,-0.26395918378699773,0.9574806361768754,-20.578034552122315,10.480902648796217,-12.746490249378427,,0.07348652481052835,0.15,0,3
0.90510995418819007,-0.31394117975743385,-0.2867349062844739,0.37890277954523244,0.90153337476716611,0.20897429945766918,0.19289544961546476,-0.29778937159246854,0.93494001715843389,14.419879594821285,-8.2994268312053201,-3.0642037193134151,,0.1922379234771446,0.25,0,5
0.5176719962977353,-0.82081615367383054,-0.24140535643853422,0.8537996745418921,0.51379388968256534,0.083916355241504745,0.055152697135101923,-0.2495529618997897,0.96678927342299614,13.387820722023619,6.8380033349300442,-4.7627973338101333,,0.1897327930497883,0.4857142857142857,1,5
0.95356860609616056,0.24627800897509605,-0.17336105607399044,-0.20384467867594239,0.95149258115062563,0.23045436639565423,0.22170760123037841,-0.18441532016235307,0.95751591592311869,-11.943978876153539,-6.1110969531467836,-9.2373041835205072,,0.1420182405884572,0.21875,0,1
0.28245736384269232,0.9504349145286366,-0.12996657591850772,-0.9510657392061036,0.29514869032300212,0.091439653919755462,0.12526690432586343,0.097778954001159477,0.98729300556372546,-23.766791821988665,3.8568365241636569,-12.787929725151212,,0.1156223087951809,0.3548387096774194,0,1
-0.85509424680396418,0.49749697748005944,-0.14598145937401169,-0.49715435625157023,-0.86667100125156238,-0.041459880001038715,-0.14714406254704174,0.03712321359768065,0.98841817661824305,-11.065721566125253,-8.1407072993126732,-8.8833471383458296,,0.5812644202621133,0.72,0,2
0.17831354076207057,0.9763021772211502,-0.122630909374987,-0.97564198082623121,0.19160924660058923,0.10681115047888352,0.1277771749193162,0.10059798889837433,0.98668791327310845,-2.2211113906478306,6.427040660979749,-8.2466463639778329,,0.1481416855486095,0.3831168831168831,1,5
-0.15150283314081303,0.98056742251508611,-0.12463715919591903,-0.98806457815253079,-0.14668206003517731,0.047040011310572408,0.02784386737809871,0.1302762571075731,0.99108668434374247,8.3975008174622978,1.4752478582933055,-5.3665256583735923,,0.4397062241361677,0.3142857142857143,1,5
0.54064811473579044,0.8343165116006237,-0.10777557470597653,-0.82041795452325716,0.55124906222466608,0.15178554375269721,0.18604836986254802,0.0063584484738032033,0.98252001211400042,-9.6313281445458365,4.668458381784343,-9.7302026093866107,,0.07759414480441351,0.2191780821917808,0,4
0.68896815085308238,-0.65991226729918928,-0.29973102371647703,0.71783246662078071,0.67844141706904981,0.1563131263536901,0.10019699084907537,-0.32285142569513653,0.9411309791688971,-10.912644412087156,5.7506093561877405,-10.142190478827553,,0.6665371970782494,0.7215189873417721,1,5
0.81508042679857151,0.55169504707701977,-0.17685155605915681,-0.51730166479816331,0.83049280262059455,0.20659305988449997,0.26085031233814687,-0.076904355052733589,0.96231119432697854,4.6550351632117204,-15.212774604534118,-4.6813654171622412,,0.3354308942421388,0.7058823529411765,0,4
0.22434789679075337,0.97005672739202853,-0.093048196366363342,-0.96784292942149819,0.23294430721499582,0.094957957565112355,0.11378965319561141,0.068752420885329388,0.9911231101371959,15.323490467837717,-6.6543344544694945,-3.0203887052467326,,0.1301025968371664,0.24,0,5
0.84896222353914297,0.50046921103325992,-0.16968709971951715,-0.48163303045106615,0.86491063875405783,0.14127707156000238,0.21746900234745487,-0.038211984740314876,0.97531896179670818,-11.252877788783298,15.160514082427651,-11.170962196505984,,0.08314986934607863,0.2692307692307692,0,1
-0.184113068623564,0.98066795162608056,-0.066277798813203143,-0.98262175547064901,-0.18202217623018241,0.036364997404227696,0.023597958339566259,0.071821278281140516,0.99713832558390192,2.155758896232316,-10.93418500393768,-5.5826828261682149,,0.1919846467554516,0.1176470588235294,0,5
-0.97352945009868297,0.091418641037024864,-0.20948279609910656,-0.099501536961058651,-0.99463335072627701,0.028353866851024034,-0.20576650342789848,0.048447184582409847,0.97740115427243801,-13.697538297246078,-4.1470822826387836,-9.8052970269062971,,0.07210251459812231,0.1833333333333333,0,1
-0.71396638142494206,0.69818270739509125,-0.052848020676609909,-0.69156222115558785,-0.71497294828675018,-0.10273936679044751,-0.10951575441608687,-0.036804759374472765,0.99330343260358389,-21.391541850047883,9.2835533468508196,-12.819032556797081,,0.2759522944553569,0.4666666666666667,0,1
0.92121384319548283,-0.32118895626435806,-0.2195511545832137,0.34672231383537805,0.9337561522525889,0.088786740108435694,0.17648992094069157,-0.15791485840241104,0.97155247171838122,4.2109324126804735,5.5939674183990116,-6.7558020850084102,,0.1754860808505367,0.7452830188679245,1,5
-0.39019730758063581,-0.78792464966691012,-0.47636205516823082,0.90835137219051953,-0.41398177495713179,-0.059303243106457425,-0.15047872207200419,-0.45584409226249778,0.87724701068339705,-6.2800089513189379,10.536875889681154,-9.5929614372629537,,0.5479446568430217,0.2195121951219512,1,4
-0.89104891596060587,0.41805347392665071,-0.17681380687969125,-0.41359972648409332,-0.90826597536679377,-0.063152072359423453,-0.18699490799942284,0.016858556547521688,0.98221621522627156,-6.9249834930084058,6.6111819638486882,-9.2973504936370635,,0.5796520415568824,0.8099547511312217,1,5
-0.15654775647777441,-0.95144429331461866,-0.26504066982412744,0.98249729599443114,-0.17744530809742728,0.056676503048800841,-0.10095475870610089,-0.25152916203346243,0.96257011035110451,3.8638975268450846,1.3006949903297715,-6.3722715884980108,,0.08157765512709646,0.1746031746031746,0,2
0.27695945563091151,0.94652243066534802,-0.16549546272932006,-0.95282295667769057,0.29279204509840334,0.080007696848985718,0.12418483468046237,0.1355289879489151,0.98295982637182566,-11.742081453722628,-7.2958302428544473,-9.0828628654196315,,0.07418882719934938,0.3396226415094339,0,1
0.48100108575618317,-0.84625740426393492,-0.22909902057809101,0.87560771149461913,0.47685797524920764,0.076925983987090704,0.044148511555080622,-0.23760235093469428,0.97035871292928433,5.759505874246245,-5.8972536251309782,-5.2312862047983222,,0.06694739036790412,0.3,0,5
-0.480577740299859,-0.79285332008288134,-0.37473810636474425,0.8634627440034004,-0.50246925282968546,-0.044235050343545107,-0.15322246978299103,-0.34483077414049162,0.92607484144601926,12.428548138683082,-5.1206131620598772,-3.8303941624156503,,0.2073289545946512,0.3571428571428572,0,3
-0.43923910913879877,-0.82541211806840475,-0.35463197874526919,0.87810137297004509,-0.4778423491471489,0.024590001009681239,-0.18975506262304628,-0.30060193729809015,0.9346825618901633,-8.7350399113337911,15.211635419027456,-10.672268473861255,,0.1867822938957675,0.2105263157894737,0,2
-0.052602863928703732,0.98336835996180483,-0.17383787657621649,-0.99681575074308115,-0.041259787069849542,0.068234808136735506,0.059927437597520533,0.17687367977452231,0.98240745295728171,7.1674255274736032,10.428358018936148,-6.5546882585171602,,0.07896736820664887,0.3181818181818182,0,2
0.22214246511657873,-0.92023142245123335,-0.322221747132793,0.97473528660143993,0.20169660319599836,0.095966667719603924,-0.023320511270951676,-0.335399179176956,0.9417874199422529,-2.4928664831333904,13.77115370590956,-9.0573348259923474,,0.4147153495217316,0.2941176470588235,1,4
0.75260015745259146,0.63572024091906465,-0.17161811759875756,-0.62475783180942623,0.77171545324248225,0.11888191964943229,0.20801599600780482,0.017749211603785831,0.97796437097285116,-3.3377515026590743,8.1290319060012592,-8.6623274366731078,,0.08623242861909876,0.45,0,7
0.65940424588914204,0.72859945803212667,-0.1852805177525739,-0.72643948215777587,0.68097509204180784,0.092512716860937053,0.19357613299607129,0.073591805073262531,0.9783212800304123,5.4894243388098376,2.1803965412463384,-6.070345814688535,,0.1122041436879931,0.504950495049505,1,5
0.89325922570140204,-0.35487227023408185,-0.27595946716545572,0.41341641025543935,0.88958577997913624,0.19422670205309006,0.17656394714334994,-0.28758096577802633,0.94134072507851219,18.473734690296808,-7.3480894859106307,-2.2184900901272018,,0.2087698622650855,0.2857142857142857,0,4
0.90643348321752615,0.37293306070193266,-0.19824044173082231,-0.3582177283650938,0.92749689827990356,0.10690913322120925,0.22373734508815182,-0.025892777306559343,0.97430547801819212,11.965698554596234,4.815021819164123,-4.8908611777652009,,0.1061445562443887,0.4827586206896552,1,5
0.66468208324785616,0.74643569203971272,-0.032116753548359821,-0.72238671024181988,0.6530488955651691,0.22734243085511899,0.19067031513922633,-0.12790972461196515,0.97328512434661196,-2.1752987789925751,12.392706248098021,-8.8864145048576368,,0.2408112181813213,0.35,0,4
0.79327923971429559,0.57864793296621997,-0.18940595954782352,-0.57314624596184693,0.81467134253522555,0.088396744236970318,0.20545420068266437,0.038434012616113629,0.97791175373653871,-18.117648414853623,2.3816774900750257,-11.369539125182683,,0.1043671613423465,0.4814814814814815,0,3
-0.078281874131340079,0.98978903378070504,-0.11912017792945082,-0.99601734816237641,-0.072534669621008671,0.051847505847037699,0.042677749964970389,0.12270448366066379,0.99152519854388843,-4.1853180114517725,9.8520102446721065,-9.0267364186263404,,0.6582530149634379,0.8373493975903614,1,6
-0.85093049531240117,0.48801216877243714,-0.19432296641780764,-0.49896178106575922,-0.86658087762832081,0.0086442793000280731,-0.16417805329300086,0.10431541429220249,0.98089951634098005,22.096847317127182,-0.086624541953033804,-2.1208629248333812,,0.3456825315110217,0.2,1,5
0.55770540528891444,-0.78930794766826728,-0.25682220437344677,0.82740242934198405,0.55329530326224574,0.096278384422065183,0.066105225440287935,-0.2661902912122231,0.961651094749983,-6.3147574186600188,5.0425024996428487,-9.0673528809320647,,0.06651438634102944,0.1724137931034483,0,5
-0.25280666195792162,0.95431280952817332,-0.15929800136894418,-0.96743004343581507,-0.24712909661902865,0.054829924877221652,0.012957728484276072,0.16797104266721005,0.98570676476212737,-3.5322512790861134,5.9456995121374092,-8.521238970613604,,0.1535016417124349,0.6685552407932012,1,8
-0.58139486528176954,-0.71544952241723414,-0.38744288804538229,0.79347198116851603,-0.60390365036534965,-0.07551553599039755,-0.17995062023928826,-0.35132942084083846,0.91879563142580167,-30.802806460712098,11.191868289707967,-15.095030753258627,,0.2496362152327743,0.4545454545454545,0,1
0.54484095305046676,0.83796281685708895,-0.031091050866646642,-0.80153849329115712,0.53133398653199482,0.27426308269353311,0.24634199733622597,-0.12450908529481283,0.96115196926784041,9.9055791981497663,-13.439472795266193,-3.6386690698256077,,0.3956439472125042,0.1428571428571428,0,4
-0.41668122501087734,0.90850656431280952,-0.03150522693094425,-0.9089492658387206,-0.41586081685371157,0.029512931691293872,0.013710902766992012,0.040934137419754796,0.9990677692424148,0.36334431575792564,9.1980544652108343,-7.9490460720359435,,0.1598859705692953,0.1153846153846154,0,5
-0.92701178619328672,0.31463408926500486,-0.20409443434624172,-0.32886965746307362,-0.94356379399829582,0.039142241321383067,-0.18026063535573159,0.10340578575651234,0.97816836322446288,16.706077767500219,3.0529989914020388,-3.629837627920073,,0.1743712149375628,0.5,0,3
-0.76632952420052192,-0.5728410750817885,-0.29084731911734046,0.60789508302585404,-0.79301958754267543,-0.039793238202438512,-0.20785241969145551,-0.20729938850075544,0.95594159610073504,7.1924128865551893,6.0496528543444485,-6.1004046237891991,,0.168817092985054,0.64,0,5
0.11125928503839298,0.99211244685064937,-0.057743088735922175,-0.98966267574138067,0.11590076406944809,0.084467752027207493,0.090493976247909974,0.047748358004617415,0.99475169493231141,5.8278757516886488,11.174298324356434,-6.9267831991004751,,0.285344005122761,0.3529411764705883,0,1
0.24098949564050956,0.97017515888066741,-0.026157677301420657,-0.96316259828884843,0.24238790735431026,0.11647279350076963,0.11933931560222502,-0.0028746233267540676,0.99284936636547316,-13.777317357006337,-10.583859039146327,-9.1787602946300986,,0.2665475519223908,0.2222222222222222,0,2
-0.95287364079049708,-0.2126817916659991,-0.21632910155686993,0.20824306164888054,-0.97711447215868652,0.043383586448679727,-0.22060519477510601,-0.0037099584620515014,0.97535613200842985,-5.9666386649518959,12.106383367043804,-9.7048151808631662,,0.06809235376641187,0.2608695652173913,0,5
-0.7801214639404479,0.60586226554050504,-0.15601736023129398,-0.6128132200926264,-0.79021530850573651,-0.0044411127987800452,-0.12597800910921231,0.092144893495581526,0.98774432917813748,-17.161820089999587,7.4782471863429318,-11.691492975742705,,0.3550104854804134,0.87890625,1,5
0.89458563386231993,-0.3211115789002435,-0.31081167542958305,0.37926945982209265,0.9133768979322151,0.14797742790703627,0.2363709384281617,-0.25025985738810935,0.93888166626400438,-15.88386953219266,3.305471635899571,-10.965922357750186,,0.3837909602936928,0.175,0,2
0.75604722493885657,0.63411024104470326,-0.16216286832837468,-0.61762924331120472,0.77319447905641503,0.14389028933013739,0.21662574055057682,-0.0086313242848709143,0.97621656858097128,-4.3589267190377736,21.14207830940412,-10.361221340937032,,0.3986418154284154,0.9032258064516129,1,5
0.92368582543345457,-0.27611921704088627,-0.26563635646132105,0.32020718290949529,0.93703011808776404,0.13943427774258293,0.21040878286441159,-0.21385213531119737,0.95393679471774095,0.22530774419523145,6.0983903463180917,-7.672717974446023,,0.9114413730872841,0.8075601374570447,1,4
0.96874530924222924,-0.065362349093740196,-0.2392912224510671,0.14436490448877423,0.93302097464675349,0.32959161885759342,0.20172084714556679,-0.3538355892079964,0.91329572189773489,11.99256822051797,7.2386340155682749,-5.1185753981598578,,0.1349282172266272,0.4117647058823529,0,1
-0.57554298430274464,0.79874632855173822,-0.17536982592512737,-0.81463078597500282,-0.57877090516243723,0.037428890969436503,-0.0716027636452643,0.16440359473737753,0.98379088340754006,-10.099699786531891,-9.425364830550139,-8.5392644406685587,,0.0895532404462098,0.3855421686746988,0,5
-0.84724932058717273,0.52087996059019104,-0.10417607892475253,-0.50907126435824734,-0.85220375661372538,-0.12081061633047922,-0.1517070748820587,-0.049323664391607798,0.98719407390933711,3.0785568751203574,3.2569381084570099,-6.79509504868461,,0.08331060275847332,0.5,0,2
0.970057064313262,-0.12444920723752413,-0.20857057988577468,0.15170267730515338,0.98109404501660757,0.12016976546286141,0.18967232184582189,-0.14821224527987692,0.97059648705046964,1.399378794504561,4.8197536901117557,-7.3005725374102033,,0.2214690213442791,0.4210526315789473,1,5
-0.54353924340414983,-0.75654069155577741,-0.36360868100191313,0.81186347797704206,-0.58384615712699361,0.0011653047082598443,-0.21317313153084189,-0.29456721954139503,0.93155105558685625,-0.24722845113686767,9.9400454542319512,-8.1534297681442709,,0.1949461538460447,0.25,1,4
-0.16960644152176879,-0.92729817503109668,-0.33369409580980514,0.97993621914851214,-0.19465192988651769,0.042844283076924242,-0.10468362524886254,-0.31973226420781292,0.94170728882668386,3.4872623463146906,0.44960307697957325,-6.3934596756200692,,0.09075026003599428,0.4477611940298508,0,2
0.96441768066998956,0.20432854691988975,-0.16777479585660432,-0.15136049833585322,0.94701666733675327,0.28328330577341021,0.21676839427056921,-0.24780895201746794,0.94424688855476957,14.157737814933062,-2.6472256564471128,-3.6652088943025589,,0.09827845840922327,0.3076923076923077,0,5
-0.74450625826361161,0.63545233650022892,-0.20472117487626271,-0.65704497374181625,-0.75177010230514973,0.055978708101570414,-0.11833145772335124,0.17618751748209885,0.97721830969162771,1.6775567535008526,2.087326753966841,-6.96330478542228,,0.184389836991154,0.7557840616966581,1,5
-0.88917662919889573,0.42145611497022128,-0.17815629441784839,-0.42659447352250796,-0.90438401589244544,-0.010329906016452001,-0.16547530705983185,0.066815379610252773,0.98394798023116703,-14.775991393221821,-2.9754619683463273,-10.153664638116895,,0.1171987342933893,0.2333333333333333,0,1
0.84986867545912881,0.5235787388472799,-0.059904413029749574,-0.48004219613168858,0.81603495481051624,0.32194167555702496,0.21744591145020939,-0.24485149939196049,0.94486243381727109,-2.2575320243444317,11.773995128533821,-8.833732080059491,,0.1440379811864914,0.1851851851851852,0,2
0.7004214884014206,0.69104507378175306,-0.17851174915817819,-0.68567848359485872,0.72093680939572935,0.10047454400674062,0.19812812955407366,0.052027135806990074,0.97879437136669656,6.3280887100631462,4.3039365414484223,-6.1294346487442928,,0.07070844851232549,0.4130434782608696,0,5
-0.55562474296166542,-0.7110759022383919,-0.43087377068538474,0.81435143702854684,-0.56993798174264754,-0.1095556204704223,-0.16766896557898001,-0.41175448779943541,0.8957373274340531,-7.5002920016770371,13.254059619694852,-10.147324297546664,,0.3576478744469778,0.1666666666666667,0,3
-0.24775018867459139,0.96802676456270387,-0.0392941102707247,-0.96851356621240881,-0.24849359537965027,-0.015244839055107524,-0.024521746965211713,0.034279967117226619,0.99911138907541996,-10.188043395220536,-2.2810323212301915,-9.1691719735362618,,0.3910751770715183,0.3326133909287257,0,2
-0.96002239504237963,0.21662306666425282,-0.17728916494266678,-0.19963379668546666,-0.9738070633500775,-0.1088400229255925,-0.19622270061855535,-0.069095950376794391,0.97812187451436128,-6.660357986298659,1.3200817102122515,-8.7281053855741124,,0.07208211990901628,0.2597864768683274,0,5
0.67259723643679648,0.72448392958862051,-0.15078459240060488,-0.71471160498537234,0.68879759753739866,0.12142977940333166,0.1918339887423974,0.026094163993890838,0.98108043267035083,2.9460133247826032,4.3622626010370658,-6.9150506026073995,,0.09658516427426986,0.3043478260869565,0,2
-0.93587816094890453,-0.25995741611124834,-0.23781129003405618,0.27318768169612234,-0.96166433930652906,-0.023878632197791991,-0.22248720958382484,-0.08731460539281273,0.97101781716748248,0.65764579201583429,-5.2856131439176863,-6.4854373195248263,,0.7732930880636975,0.282051282051282,0,1
0.75808700694709186,-0.61061923507995952,-0.22901580654698397,0.64053403096519312,0.76315354722489104,0.08551501934483384,0.12255710943670985,-0.21152024278643214,0.96965918848742272,9.8949953506105466,2.324813485015115,-5.1235753368663728,,0.436335673802711,0.24,0,1
0.96264682027859938,-0.11154432980287386,-0.24671635919884022,0.18503537118002822,0.93624092959178584,0.29868852199135248,0.19766894247648667,-0.33318280904923225,0.92190900035431411,-13.387873357790221,-8.4527069343476509,-9.2938141845229865,,0.2676904676707708,0.3103448275862069,0,1
0.90440469648308408,0.41528252519405529,-0.09794166247205402,-0.36453691756343448,0.87134824954177226,0.32842817137669339,0.22173177650641462,-0.26132862891183162,0.93943726081009316,-17.080602003755921,5.3382706490583338,-11.49750871431656,,0.6864077420338173,0.4251497005988024,0,1
0.89216169467456008,0.41380480524967261,-0.18114384810889228,-0.39038931693165874,0.90807100736552426,0.15166814697817788,0.227252484653193,-0.064595887906598828,0.97169114408051904,10.42414068709645,12.536775025707,-6.020390230824666,,0.3166173745906587,0.2777777777777778,0,3
-0.31555266678500132,0.9379541035589436,-0.14376583078678176,-0.94889632331189289,-0.31265982247086443,0.042890593580177987,-0.0047203908785646859,0.14995310943567375,0.98868184107958956,-1.3789994366016176,2.8795761722723423,-7.6816704122765538,,0.08708358422737224,0.2317880794701987,0,3
0.97279803949776444,0.035496726122855739,-0.22891910532733248,-0.0061736085098200843,0.99181193333012196,0.12755773383818625,0.23157258237380959,-0.12267465646385589,0.96505184718449222,-15.85571375611957,9.8398926377685658,-11.6527473612474,,0.3958889185437303,0.5753424657534246,1,4
-0.93534138783958454,-0.25465244271756232,-0.24553741387474892,0.25678660028841738,-0.96617387089826701,0.023847287178548383,-0.2433046035459204,-0.040745363066714287,0.96909374432091189,-11.564845826966414,3.0649835829771441,-9.9895924622853993,,0.1548166390978213,0.6409691629955947,1,5
0.040762273568105904,-0.96925825228566309,-0.24264557986845911,0.99767147182500182,0.026192457051445434,0.062972926723650624,-0.054681544968051034,-0.24464749246569042,0.96806897123611813,10.663233289655933,6.5601811824682104,-5.3351180645341554,,0.1200145307259758,0.6923076923076923,1,5
0.86543662288166656,-0.40564798257688511,-0.29405639936325051,0.47190589820886714,0.85713547019703151,0.20645485939012292,0.168298172927868,-0.31744054555367734,0.93322410225396801,-7.352157380848837,7.5943028060776419,-9.5357663022876427,,0.08678197648441807,0.2380952380952381,0,4
0.23954015510806054,-0.94486502967006125,-0.22327245642354054,0.97080534186750933,0.23012795404003303,0.067661754121937728,-0.012549991725711272,-0.23296180046510617,0.97240490395294765,4.9795659067665268,0.48124749158782615,-6.0138134909749947,,0.1697682744242628,0.7083333333333334,1,5
-0.47121640560160311,0.87021436109475758,-0.14381260319022438,-0.88092498118951823,-0.47244797434906172,0.027642160728049522,-0.043889367825848694,0.13971355438149732,0.98921880598477074,-4.777252325882408,3.8709230731780027,-8.6037329918520271,,0.07122238159635116,0.2583732057416268,0,5
-0.96493731269040639,-0.13321563852267337,-0.22616272069201884,0.14118323018159387,-0.98979430380947486,-0.019352820513043073,-0.22127647433315353,-0.050604642072792319,0.97389726979151958,-4.4473853856662426,13.584410423630887,-9.5203212799194485,,0.07919307488067932,0.2,0,3
0.1751474579204734,0.972613684679412,-0.15279394084299786,-0.97802672115366851,0.18970511082708527,0.086462151462285433,0.11308006320037084,0.13429293093987058,0.98446854089207891,18.910111983534403,-4.7177589196629173,-2.3739578876199743,,0.4035744248203912,0.6862745098039216,1,5
0.97540625969792449,-0.045639354668452196,-0.21563783955408497,0.080742028016797793,0.98430882728495128,0.15689760176834713,0.20509352367600661,-0.17044993937919553,0.96378600566297301,-10.073503845239586,3.7573417607394641,-9.7254976163389646,,0.07698965336718183,0.3688524590163935,0,4
-0.72008420090395431,-0.64647536863825605,-0.25208796352175111,0.66428916069735866,-0.74724032145035657,0.018756678244433663,-0.20049602137825856,-0.15395291404451492,0.96752252979901698,-8.8094865497926058,-1.1573686455384731,-8.9762553465815689,,0.1522181829296608,0.2819383259911895,0,3
-0.11691696517858639,-0.92692181446177402,-0.35657590093600072,0.98867982809067956,-0.14262641842291907,0.046582210063850292,-0.094035210320451035,-0.3470931498067078,0.93310434817186705,-13.970269245960578,9.1141445240002401,-11.171750824878732,,0.1124321010477489,0.3214285714285715,0,2
-0.18609069235894837,0.96759519554532303,-0.17067451999339903,-0.98221146704508089,-0.17876098047509706,0.057490398022046481,0.02511748837998392,0.17833689864184543,0.98364885114571798,4.0081404670557994,-13.437106948532197,-4.9734652273923903,,0.1179616760562691,0.4347826086956522,0,5
0.94892324009529283,-0.18805834557504339,-0.25333523850153478,0.25336840377008263,0.93269491145719463,0.2566800617750758,0.18801366008365547,-0.30775682088531187,0.93270392023434423,10.332117364638057,4.9879342928244323,-5.3246408919585608,,0.09685474638343856,0.2272727272727273,0,5
0.7671036378466185,0.62318019760576748,-0.15231037428396416,-0.60692919211595098,0.78189828149155771,0.14237989028661346,0.20781954806986677,-0.016778519380019136,0.97802327003372003,-5.4211400521924569,4.9251149847578857,-8.8429590316210387,,0.06699515853817777,0.1714285714285714,0,4
-0.63921389470862566,0.75574340062827505,-0.14232887696543325,-0.76400186812796256,-0.64519187001276601,0.0053475570509968528,-0.087788053335370694,0.11215776065989021,0.98980497797058253,5.9911824392786794,-0.16777051288382402,-5.7389614772464297,,0.07539384718493218,0.2678571428571428,0,5
0.97630584386436614,0.084736901279380494,-0.19911443141534496,-0.040675246656742436,0.97560209982439083,0.21574537568080474,0.21253805199469747,-0.20253444245314656,0.95593272570536647,9.7071888455724835,18.700049847420662,-6.8052735716812753,,0.2953005092655382,0.2272727272727273,0,5
-0.28355603109897115,-0.92469966884300536,-0.25402066779897348,0.95018318204672958,-0.30667352229925143,0.055707012809180313,-0.12941366922760128,-0.22557010697831306,0.96559320060512122,7.4794776729858841,-3.7042277710775391,-5.033051766764447,,0.07803864120856398,0.2580645161290323,0,5
-0.76079305449110646,0.63006643670823326,-0.15559631606141464,-0.63923896787906986,-0.76891514408611339,0.011960064378324876,-0.11210472863797882,0.10856236239518031,0.98774831981035693,-19.585266697972834,8.9065850156086466,-12.41606463009847,,0.3559403629798726,0.3333333333333333,0,2
-0.10991391295053624,-0.95337317749926476,-0.28106674681445065,0.99012219035856308,-0.12978755693111885,0.053039968188280676,-0.087045849409745871,-0.27246059254653349,0.95822139696926445,-16.296940497798872,11.596206514173002,-11.946326794254286,,0.1117323823014431,0.6190476190476191,0,2
-0.60317899076238701,0.79043148818242126,-0.10673878204566241,-0.79339662893418628,-0.60832929672807412,-0.021383543630454693,-0.081834554429883091,0.071788085585628297,0.99405712937899726,-8.7091596685448529,1.8179478347611395,-9.2037345815900373,,0.1055379610005331,0.1850828729281768,1,4
-0.78153298487404099,-0.5500593331974245,-0.29434830306335658,0.59355023278554619,-0.8008782842147748,-0.079322727092698095,-0.19210495754690074,-0.2367038314763911,0.95240064124836632,15.283098934148052,-1.8201713155661314,-3.486303627283819,,0.4756020056901135,0.6981132075471698,0,4
0.88190025301834807,0.4475992337543529,-0.14800969450914406,-0.41356437145004049,0.88523713576808416,0.21288429750512713,0.22631052647481237,-0.12653117955521814,0.9658019497842496,2.020740573571123,8.9187004535597492,-7.5647371913070645,,0.2078364530080443,0.2777777777777778,1,5
0.95051088296831476,0.25239142762374484,-0.18118396347592181,-0.22815032619417833,0.96286181084922728,0.14437645883466588,0.21089449972980834,-0.095894214998591049,0.97279381654774022,-14.744205321855754,-14.200207619575167,-9.1421427900046268,,0.4527722659896904,0.4042553191489361,0,2
0.6606262716391752,-0.69754925056473904,-0.27748508474635597,0.74442664521028268,0.65644051764360212,0.12212623263149537,0.096963390622882228,-0.28724708846630426,0.9529361001906389,5.0954474706507034,-10.684175174899233,-4.9408489756686844,,0.1978606094446834,0.1666666666666667,0,2
0.90110020279351599,0.38562553136757027,-0.19827096127008698,-0.36849926895623425,0.92203721620356105,0.11855657178878438,0.22853164617664243,-0.033768646598100742,0.97295064890400618,-12.539319720750802,7.723297899473847,-10.68378749958428,,0.1589107642441419,0.5909090909090909,1,5
0.52241601420689032,-0.82113143141144818,-0.22983620351975162,0.85074697987977355,0.52012332516023418,0.075506972192674576,0.057542022258782216,-0.23497850746918922,0.97029583978388867,-10.138161992195155,-1.072974675266877,-9.24716767556985,,0.09036262838239782,0.5350877192982456,0,2
0.69383006632384769,0.71556468399904594,-0.081037164797338787,-0.70898553348188675,0.69847376069492284,0.097334058448703936,0.12625114802824297,-0.010079118713332617,0.99194710493428673,-1.5684449402562342,5.6030700759222327,-8.0146624755514768,,0.16948896381705,0.1929824561403509,1,3
-0.77464412880385247,-0.54065006908447499,-0.32806093413979459,0.58765092953564724,-0.80706515939456291,-0.057551833222931281,-0.2336511474947463,-0.23736750259962508,0.94290180293814618,0.30642414916118432,11.050739240638027,-8.1681934704364565,,0.1461461167407467,0.1612903225806452,0,4
0.81668081256846414,-0.48099287002870955,-0.31887036451206713,0.55720809268049276,0.80102264020013492,0.21881926637792323,0.15017187431034137,-0.3563826438932598,0.92219294038599586,6.108640208475288,9.9152313031362596,-6.7271056848284383,,0.2141567760421393,0.2448979591836735,0,4
0.19631364687787733,-0.95284595664962446,-0.23139908155818362,0.98040475186796472,0.18680612209946146,0.062529954908634069,-0.016354649620913989,-0.23914024262474903,0.97084729478592746,-4.5596889989688449,2.0181244019221718,-8.3207958762095977,,0.2696895997979606,0.5764075067024129,1,5
0.61735075830268604,-0.74734435363686369,-0.24567144382324524,0.78236505712931126,0.61594651230016007,0.092275735533882658,0.08235871906573683,-0.24917124848659414,0.96495115437077084,-19.612128056731336,1.4140991236065465,-11.579523846939644,,0.1016255093430703,0.35,0,1
-0.90993645477981189,0.40910739782312305,-0.068167333152632389,-0.40519241540175949,-0.91196008495926151,-0.064404269594378408,-0.088514150075775941,-0.030982906375780418,0.99559294129120535,3.3411813662260399,13.683290346856849,-7.7522583164906527,,0.3508729339947012,0.7837837837837838,0,2
0.75408494999447784,-0.61764616714656928,-0.22331390552533523,0.64566328475460066,0.75944209891510273,0.079791109249857731,0.12031130832854173,-0.2043548644015494,0.97147531028003931,1.91385205943435,-5.9804077470861348,-6.0829560706019477,,0.0727807944652661,0.1975308641975309,0,4
0.89248911458160585,-0.32412265063999157,-0.31369999632682061,0.4185059912631014,0.85445955169540333,0.30781749429390631,0.1682733360643634,-0.40600909085708425,0.89824311993533978,4.2953080943569395,16.157697269555381,-7.8218987017916808,,0.2043313598052566,0.1428571428571428,0,4
0.76351102707624519,0.62065715270864141,-0.17842536345648988,-0.6059836223773728,0.78406207367104408,0.13427774961273503,0.22323700621396914,0.005600305551056884,0.97474810881291762,-1.4724753133148689,-3.2418590556196247,-7.1057042049539518,,0.1459610114424481,0.2560975609756098,0,5
-0.97227222512318945,-0.11188438660187205,-0.2053499556579608,0.11098931429021551,-0.99369424648607241,0.01590963902373797,-0.20583510965671373,-0.0073231506334867739,0.97855928747184695,1.0640373495740003,11.999637225542717,-8.1075044338653086,,0.2117814779014624,0.7790697674418605,1,6
-0.16479038589077669,0.97681242928994061,-0.13668067421056307,-0.98588423742725639,-0.15896769918639586,0.052550366391305225,0.029604038752268726,0.14341111742144913,0.98922032545307381,7.2521240453708264,3.6219548516099342,-5.8321735920920919,,0.06896203187524032,0.1666666666666667,0,5
0.68484892747367199,0.70955446986824222,-0.16587465396545287,-0.70106990654851609,0.70366997423504285,0.11554026783813691,0.19870312697644082,0.037162099645358632,0.97935491303190603,-2.0558651391441312,7.485166759859383,-8.3086668897149707,,0.2103263566078865,0.5877862595419847,1,5
-0.54281865460226064,0.83650384341865514,-0.074894780603262642,-0.83658434217909017,-0.54641012570066472,-0.039529899475753826,-0.073990179325173572,0.041198233913636396,0.99640762687056261,7.4928539520570929,26.31311846961167,-8.1152875010641505,,0.4145220522172673,0.7727272727272727,0,4
-0.12848134879112375,0.97562934418596559,-0.17787615291566353,-0.99113808952353466,-0.12022384932640727,0.056493482356629411,0.03373174333548605,0.18355818918371417,0.9824299265978943,16.522500798444451,-0.75552425544846524,-3.3066677153247332,,0.2620742780163482,0.2380952380952381,1,5
0.37343472682491263,0.91151845052481995,-0.17228064068267807,-0.91711761267044134,0.39068409910897961,0.079127866349816792,0.13943381702754995,0.12845251673764987,0.98186463507598165,-12.340426793230517,3.8691885274218323,-10.264879969109954,,0.3882803924807114,0.95,1,5
-0.012758225275301701,0.99990730850211029,0.0047541657408380154,-0.99786946578827418,-0.013036168591962615,0.063926422986639697,0.063982473656849989,-0.0039284491225710884,0.99794329014841443,-14.192614004400633,-4.9325256730928793,-9.838978198821458,,0.2469318864490889,0.5471698113207547,0,1
0.32415758677971568,-0.91879101573366773,-0.22526634977343041,0.94591909553344167,0.31797839300765895,0.064240223267523683,0.012606491912730972,-0.23390769758039393,0.97217707511249807,9.3346607231364427,-10.096207453217191,-4.0520783449196287,,0.1670845482565486,0.55,1,5
0.59125996091888455,-0.73875437868646787,-0.32350212763716446,0.8029690625938718,0.57664270912615512,0.1507443880506624,0.07518206655393081,-0.34889132116351246,0.93414265660308038,-14.082232960349273,11.004211326399661,-11.398034937160789,,0.1146756922445173,0.25,0,2
0.97506012630868411,0.077415886297980047,-0.20800127555280185,-0.054530242308207147,0.99202919281097257,0.11359812183579307,0.21513763677400238,-0.099422639069327162,0.97150961708250139,-9.2363617804503431,-3.7190311294907263,-8.8329311608240424,,0.08108505890304869,0.3489583333333333,0,3
0.84104948603111662,0.51987637933582231,-0.1495470235593844,-0.49336328849988353,0.85054453987781131,0.18211713605430616,0.22187480165033485,-0.079388512347305595,0.97183796823333968,-20.336158393813303,2.2632874741971598,-11.836648513472188,,0.1278358878554075,0.1851851851851852,0,3
0.71350697063500135,-0.64018136991301056,-0.28473780302510848,0.69205729272431393,0.70738127638271253,0.14376520236224763,0.10938238634422576,-0.29963234711804071,0.94776365731028989,-17.975491841291337,-10.430559478825103,-10.187574153183881,,0.3411187346836695,0.6060606060606061,0,1
-0.94416142677487247,-0.19798220548865617,-0.26336713253609167,0.21065920043981851,-0.97734455730574965,-0.020501648101614301,-0.25334147205006152,-0.074837574885037353,0.96447780478600553,-12.52788284960185,2.8147249052535095,-10.203012968943055,,0.179029690048257,0.2087378640776699,0,4
0.30545999903411242,0.9521927795266576,-0.0048062050911214333,-0.9433209873090086,0.30329412424906482,0.1347523250201991,0.12976788467273603,-0.036627650938748167,0.99086765579176728,-13.393778377966832,-7.4219550489639667,-9.4891783457140484,,0.1139044309397051,0.1538461538461539,0,1
-0.6260181930087293,0.77562202884676357,-0.080695045633015786,-0.77373995129477646,-0.63069654567901434,-0.059568070632799605,-0.097096394332852901,0.025146284739257903,0.99495726268587514,10.213154512597514,1.4970275284403662,-4.9169595715475518,,0.2774182179966067,0.2894736842105263,0,3
