axis_00,axis_01,axis_02,axis_10,axis_11,axis_12,axis_20,axis_21,axis_22,location_x,location_y,location_z,dbh,dbh_approximation,score,reconstructed,number_clusters
0.98998511482228091,-0.088498444314413865,-0.10998862570395053,0.11854153421526444,0.94422226898453587,0.30723315481826846,0.076664053481448738,-0.31719447048714988,0.94525673274310551,4.27351167202597,5.3388569872323997,-1.3467780944208345,,0.6966517428826242,0.275,0,1
0.99632793221871818,0.029998721433651763,-0.080191821235831476,-0.018514917112826004,0.98993763956600167,0.14028780280123671,0.083593356943471114,-0.1382879115571555,0.98685794529510817,-9.009872544962537,-12.694985278579413,-0.90730714344978391,0.3516726815198016,0.3073031589105034,0.8174603174603174,1,5
0.98081222319719596,0.17930008052470719,-0.076543216229829833,-0.16752348243032592,0.97594746005339617,0.13950784225175536,0.099715924813388229,-0.12400821077314944,0.98725817190816545,5.398471186215251,19.633537968038191,-1.9777655441268063,0.129371577659093,0.1043210579737629,0.25,1,5
-0.56703010138582444,-0.79154808610832694,-0.22787823832175627,0.81831050986517673,-0.57292269702593523,-0.046124751237527198,-0.094046656328532083,-0.21262927975886556,0.97259653290696579,-1.8198203046673436,18.29249640728996,-2.50595385132186,0.4086870706342574,0.2871685287197737,0.4791666666666667,1,5
-0.70214852008615769,0.7116293120519358,0.023899329892397327,-0.71171035059764587,-0.7004308925369972,-0.053525149528048668,-0.021350236368554286,-0.054592004985276631,0.99828046179352503,-5.5704554188498667,1.7632604275219554,-1.7793123026646662,0.6326508938769757,0.2678478517426532,0.3254437869822485,1,4
-0.74601140084621054,0.66353292335594216,-0.056489374489308207,-0.66563298969397233,-0.74553416582908583,0.033339625261757579,-0.019992819674567588,0.062472931772472082,0.99784639096266414,5.9645720409427359,-20.008666747312223,0.82013517275410774,0.3413629318923467,0.3098111646926432,0.5074626865671642,1,5
-0.83510970330304157,-0.50175556600398474,-0.22546204876459211,0.5388158827013475,-0.82867019217886517,-0.15160196945624141,-0.11076654728695992,-0.24808680855350648,0.9623843865233177,-11.883622371723495,-4.5171252066163126,-1.7211458862637281,,0.3779051768301026,0.7142857142857143,0,4
-0.90934430143540168,0.41517138142285792,-0.026938179121755969,-0.41276444701893739,-0.90839651685281353,-0.066642924957010088,-0.052138783301022056,-0.049482241431755697,0.99741318171496907,-6.929875404415923,-12.824712166101341,-0.99334781422601048,,0.09443192470534947,0.2941176470588235,0,4
0.81513297988626321,-0.55560099419542752,-0.16390778001911205,0.57923396744582689,0.78508890781869356,0.21937050343429979,0.0067997101929428601,-0.27375708587925862,0.961774829090567,-2.7099783986950983,28.553779376366684,-3.2669871113052471,0.556300418138832,0.5768920652374641,0.6714285714285714,1,5
-0.92533709147218346,0.37089443931965699,-0.078667541130742397,-0.37457936430387012,-0.92640262377440608,0.038320732007689401,-0.058664870097089948,0.064926832247182362,0.99616411271980587,13.611049827578695,12.759866262707348,-0.93859224595602142,,0.1032543158359705,0.4117647058823529,0,3
0.38831559766823537,-0.88965405168311817,-0.24026374035915554,0.92109408686411032,0.36672349372153967,0.13076529469487566,-0.028225515965718696,-0.27208371409637577,0.96185953900348142,21.442395758018478,-0.46518153841326376,0.48869298089086055,,0.3527369658217314,0.6451612903225806,0,2
-0.35321556105507634,-0.89425191538184967,-0.27486774868005026,0.93130952892811492,-0.36401461232318394,-0.012486926879477377,-0.088889418696709133,-0.26039753042433761,0.96140095558131522,11.326766434472303,-18.419948446485151,1.0680426278659068,,0.2272996292784498,0.2727272727272727,0,4
-0.73813737739797913,-0.65804199857632806,-0.14877479691702949,0.65884784328859103,-0.75055154746836295,0.050910647086992965,-0.145164498008307,-0.060440902562056004,0.98755970240562119,13.935093710958133,27.956682817522697,-1.4996975443326188,,0.1981345178178804,0.75,0,2
-0.8866552802396851,-0.42857506049165545,-0.17368313547278383,0.44997434463667313,-0.88619327567359907,-0.11038372760371389,-0.10660911401883176,-0.17602526999118071,0.97859572916125581,6.3412348711616451,11.041957423353169,-1.5062980761893918,,0.1173031542286238,0.1836734693877551,0,3
-0.99625862038893698,0.011889405189718946,-0.085600253182829406,-0.0083418884946741059,-0.99909610806217808,-0.04168188756941394,-0.086018452654487071,-0.040811872037944182,0.99545729034634367,-2.8789314225144689,-14.708325980108864,-0.62599694901157599,0.34102833900396,0.2726316131655704,0.7311827956989247,1,5
-0.94606122682634008,-0.28893377709647772,-0.1465790829163649,0.30689610424531893,-0.94419743835391823,-0.11960760262184106,-0.10384091821091526,-0.15814066478506039,0.98194123747119033,-20.262840248053507,16.101590425074168,-3.3430992308775958,0.8088179038712607,0.7237828975349697,0.4565217391304348,1,5
-0.8171315444035262,0.57581151435178701,-0.027150305350193218,-0.57567489605291611,-0.81756903062948949,-0.013390078790680795,-0.029907410372203739,0.0046882934483635343,0.99954167832530627,-6.0192711778424108,-8.4313883745671188,-1.2154505602784549,,0.4341708174444486,0.4177777777777778,0,5
-0.64716646629905938,-0.74527433179937763,-0.1604423113115086,0.75492027848318299,-0.65581534615191051,0.0012668411594032591,-0.10616467412873981,-0.12030129721927643,0.98704440622218104,23.823254371448968,15.309447987379132,-0.11396787435507867,1.188503931240369,0.5038929441151445,0.6617647058823529,1,5
-0.98960116233756557,0.11702468857852641,-0.083634692342582112,-0.12186944535918309,-0.99100067455932339,0.055366969492753167,-0.076402734165634104,0.064983730933713457,0.99495715331161427,-20.980080295022614,-17.032480510634215,-1.2374900810605862,,0.1699703892724012,0.6818181818181818,0,1
0.98291637020245493,0.17053547211337755,-0.069231943054469572,-0.15763093430894867,0.9741733176082108,0.16167509334804642,0.095015250022918829,-0.14800000003810496,0.98441256709359581,9.3817700831821913,10.803606007882566,-1.2848653421267542,,0.3327145017212963,0.2222222222222222,0,1
-0.19067039956235307,0.98162830285881464,-0.0071185502214517315,-0.9803039362776359,-0.19002294070158718,0.053809613692104984,0.051468351919457291,0.01723824334564868,0.9985258392836166,9.8707015055543472,-0.76036528347800103,-0.82347749544171622,0.825422301837602,0.8728572510152018,0.5757575757575758,1,2
-0.99504977670103634,0.05190060304741926,-0.084748270132977019,-0.043864215333722208,-0.99459781536101166,-0.094080371450476818,-0.089173272343088805,-0.089897236233474176,0.99195091331033536,-19.605135923994123,-11.911046775982255,-1.5568525398649902,,0.5279931795475369,0.2162162162162162,0,3
0.96687013424227963,0.24306233554349452,-0.077992592920466328,-0.23624866660892643,0.96776645011483542,0.087262051073959623,0.096688732724243429,-0.065945424953303064,0.99312763021270767,9.7774537896828733,7.0801274341358944,-1.0555277091550486,,0.10139992598369,0.3846153846153846,1,5
0.66491442262814104,-0.73431795371744124,-0.1366234000064234,0.74691937838222955,0.65357309833234278,0.12228510675207092,-0.00050277051340243302,-0.18335579615733835,0.98304648884847745,-10.501539848957922,-10.501383525729866,-1.120675895460669,0.3241972491341137,0.3406443427231672,0.8090909090909091,1,5
-0.70167303576451112,0.71063658377026362,-0.051483945928267202,-0.71209100977936846,-0.70188323536770558,0.016920924949951642,-0.024111090236961535,0.048534211821062205,0.99853046303580251,10.684770001857123,14.195086470621211,-1.2529677066457439,0.5984622353161468,0.4631920868846437,0.9439252336448598,1,6
-0.0022432482605554511,-0.92531097905479021,-0.37920253147613259,0.99461022319952519,-0.041372996553694343,0.095072493725363097,-0.10366036727811033,-0.37694544326312507,0.92041656930920901,-10.839763295477583,22.501787144641749,-3.5230696884426074,,0.408815852926892,0.4090909090909091,0,3
-0.99198904959045398,-0.08472352399444201,-0.093699786416999276,0.0885000815619717,-0.99539227045444356,-0.036904789432704248,-0.090141339329701781,-0.044901585734927876,0.99491627112151348,-9.2770214554932746,40.063812008341138,-4.4111113665499042,,0.5853262113495932,0.9827586206896551,0,5
-0.92500079995528395,-0.35366979155941153,-0.13889275942397913,0.36208481110340929,-0.9312847455356571,-0.040041382353699785,-0.11518728076612193,-0.087329269268150531,0.98949759427640749,-15.366009566581976,-12.521781943208939,-1.2718891901935874,0.2457694574734005,0.2158717175636984,0.36,1,4
-0.1773017342967258,0.98392072051642054,0.021543229883695968,-0.98373775346801262,-0.17782234873008149,0.025283288825348617,0.028707619495212694,-0.016710117610772762,0.99944817001801223,9.6118733419778852,-26.393081234129323,1.7954393962648425,0.3754588142257511,0.2713046467924193,0.46875,1,5
0.49088560360546202,-0.84988590214839177,-0.19163840299458873,0.87054860316334348,0.46983167139441023,0.14629876993702726,-0.034299470888827212,-0.23864650402666723,0.97050058856890842,-9.1544484260551275,19.80929946253929,-3.1905363847678707,0.508775782263622,0.3759835975575441,0.5769230769230769,1,5
-0.78840749154690082,-0.59562474996789072,-0.15376860699899286,0.60540329326682829,-0.79560792661830337,-0.022245889593423211,-0.10908932016655745,-0.11063084708982308,0.98785643486175989,-13.397593454249373,-1.631652802638571,-1.9260547558516099,,0.08572634483261068,0.1875,0,1
0.94383463370129095,0.32768847896251696,-0.042384489865767587,-0.31414675849439866,0.9297001783143064,0.19227426392996091,0.1024109288768115,-0.16816015936475048,0.98042550071334345,-16.703389467931654,-18.660235668553621,-0.91098148687816827,,0.1845996211789409,0.3043478260869565,0,1
-0.49513785853357078,0.8682048360512542,-0.032540185986008552,-0.86878681169785543,-0.4944761356963035,0.026510885438355138,0.0069265335243801854,0.041397027478615546,0.99911876633825214,-1.3035631384025337,21.057694446604032,-2.662181106326392,,0.2792080240088596,0.8319327731092437,0,5
-0.45424793290899168,-0.88476005527489199,-0.10420393484835083,0.88541073037488194,-0.46129817954895352,0.057024802339338404,-0.098522352717174758,-0.066359883474826589,0.99291979126225594,-0.1817872424309597,10.642954097139089,-1.9437297637234379,0.5550500700748334,0.4696304405887813,0.98531211750306,1,5
0.94678396829021005,0.32007761453213618,-0.033918108202830685,-0.30800348321226534,0.93154873074906341,0.193263593490652,0.093455720626152747,-0.17253197650066332,0.98056042412847799,-20.477543628245542,-5.1954252293973173,-1.9769677686642544,,0.2699255086674738,0.2631578947368421,0,2
-0.38799765368610051,-0.90106205789781224,-0.19376529243143881,0.91164966139947612,-0.40610799808670439,0.063017368718716965,-0.13547219494900875,-0.15219547203175757,0.97902187038325628,8.8073423442766501,-26.865073230072362,1.7825199947407808,0.273950804820897,0.2236727147450245,0.3225806451612903,1,5
0.96157511928049411,-0.23084568405691072,-0.14860538393005673,0.26491496440966084,0.92226114489815836,0.28152165501603155,0.072064912492355082,-0.31007200899699788,0.94797784658927275,-12.109590776665039,9.009854173447053,-2.5025460342253343,,0.2065621957771095,0.3636363636363636,1,5
-0.90985205763914578,0.41349439831002749,-0.034519788180698174,-0.41148256289803004,-0.90986483167589116,-0.053179775387552176,-0.053397880488656714,-0.034181437149861209,0.99798812403439396,11.809581217071248,32.842388314551478,-1.9546725700350356,,0.3137435132333937,0.5714285714285714,0,4
-0.84171447876365391,-0.51201392405495827,-0.171343158058539,0.52892800206658863,-0.84566848038125353,-0.071274048008430901,-0.10840620309501139,-0.15062059242847486,0.9826299060516217,1.6766856751013335,25.276942821789476,-2.6261375646929466,,0.5804043728643916,0.1794871794871795,0,1
-0.57881121058507889,-0.7954352590856465,-0.17961161183059657,0.80860654244185892,-0.58834974160233966,-0.00020267383041691912,-0.10551323149850371,-0.14535243430988556,0.98373758076985818,-24.585813108069985,-4.5992722884151025,-2.2313106827763076,,0.2549589724186872,0.5263157894736842,0,5
0.90191670376952626,0.43089549767042606,0.02958596878368536,-0.41838093558864087,0.85460255663718065,0.30759041422835132,0.10725508005445257,-0.28979913781195227,0.95105878237150165,5.9403332466386845,-2.8803890836086312,-1.01717221330066,0.5052058009075805,0.255010583482967,0.3522727272727273,1,5
0.052376675155356843,-0.98041736963028947,-0.18983799732112622,0.99731438086741409,0.041608887867161749,0.060272101054347951,-0.051192866834333481,-0.19248501702128312,0.97996367718788446,-14.55667397708917,-11.16346664161405,-1.3178059255612802,,0.1181049130434482,0.3529411764705883,0,3
-0.16226473847736614,0.98606278413511173,-0.036746977978937452,-0.98530055278560369,-0.15989859052798069,0.060127044061301128,0.053413250483906251,0.045963316795871512,0.9975141092645593,-8.5730864176058041,-10.122014471381656,-1.1723987965249458,,0.07021048168189539,0.2647058823529412,0,5
0.46897760364460539,0.88238540679796351,-0.038157583122569325,-0.87734459234655937,0.47039894120020642,0.094822478337018859,0.10161925782061693,-0.010992269452537132,0.99476263322074499,-14.686127938367045,-3.5066291739404956,-1.8353804350645755,,0.1047953905820931,0.4210526315789473,0,4
-0.3547325736573157,-0.9189353922246396,-0.17240227986719472,0.93035796100216117,-0.365218933683853,0.032391277818766009,-0.092730068404806992,-0.14890559222466709,0.98449391009688991,-12.467931973892693,0.2178201708658932,-1.9333138246642261,,0.08946786417268489,0.3448275862068966,0,3
-0.95662933953707707,0.29130765642899564,0.00039502240631251773,-0.29009505262627261,-0.95252188826214834,-0.092449514997491503,-0.026554984063549832,-0.088554512518321277,0.99571729478503457,13.572828876670496,-4.6122489854566124,-0.27046099954861308,,0.6072227930398848,0.4068965517241379,0,2
-0.97989395123901357,-0.1836401674580673,-0.078000853977173143,0.1842986102422727,-0.98286948197400392,-0.0012663597126575557,-0.076432104432379425,-0.015616347208229367,0.9969524878909285,15.075119042398839,24.398217604496519,-1.2657434091867821,0.5095334241692412,0.3935672928394446,0.625,1,5
0.84726460270944137,-0.50797976217477991,-0.15523934493699182,0.53109351926778026,0.80516061653382986,0.26392433645768126,-0.0090756149861333721,-0.30606035810558219,0.95196884949503835,7.0773494810820035,-18.80421529343818,0.72867359174398394,0.4691525922250702,0.5147841043578476,0.4411764705882353,1,7
0.55627599941199835,-0.78958047548208576,-0.25907467111947863,0.83094458312739505,0.52499571625039898,0.18414830352183728,-0.0093868125272845229,-0.31771397617387609,0.94814013578920064,18.215217965528947,-1.0462152480262668,0.10519048960342935,,0.192237131170462,0.2222222222222222,0,1
0.41295428373426857,0.90908546441972715,0.055067031210030745,-0.89753302792981293,0.39595198862484948,0.19405279302078912,0.15460667294997094,-0.12955941140957872,0.97944429938335198,10.414363955392099,15.779504649780483,-1.3206886389150769,,0.4495515718160403,0.7068965517241379,0,4
-0.97870814202249756,-0.17005968047086972,-0.1149351026319444,0.18009274623274607,-0.9801111808791596,-0.083358718020411796,-0.098473222214049902,-0.10228283430666399,0.98986930769318104,-7.9119761136530817,-26.214545578507742,0.19741938114935562,,0.3427277099111045,0.2173913043478261,0,4
0.5266269719502249,-0.83957902464318013,-0.13330826603681967,0.8499252691908894,0.51685958879898608,0.10238751026046741,-0.017060750432830379,-0.16722208839070721,0.98577162869952784,-2.0094799516717896,22.92405222232836,-2.8670288557678831,,0.08951883667571393,0.4117647058823529,0,3
-0.67416756915205966,0.73857834219550011,0.00034805653200254582,-0.73854473887663952,-0.67413224588369591,-0.00986831988947298,-0.0070538912126084643,-0.0069099565520430511,0.99995124637114685,-14.743390186386542,12.744740728997305,-2.8132181249677046,0.3396913268930261,0.2884099847482746,0.6326530612244898,1,5
0.0035001353231854911,-0.98724770674025786,-0.15915311680523372,0.99770622387728825,-0.007311595315229312,0.067296592859284327,-0.067602070154998584,-0.15902360236784757,0.98495758995030414,0.36842676147212883,1.8637390574098092,-1.5188232212823722,0.3290455322629018,0.2992260591415359,0.8930684699915469,1,5
-0.9359624512020478,-0.33889193057746747,-0.095532975088876551,0.33748911025525563,-0.9408196922164952,0.030974298971497644,-0.10037624419637739,-0.0032505579731544614,0.99494424138938231,-0.79130001326965926,17.158380753412079,-2.3601660098511075,0.9237395724741175,0.6910224057138052,0.9921568627450981,1,5
-0.6564815703678657,-0.68888886323339105,-0.30735009660051732,0.74780435343681972,-0.64784979462355652,-0.14518709511232733,-0.09909892405208591,-0.3251503924635834,0.94045554149704347,-10.916286264262295,1.9851947291432426,-1.9944308447860868,,0.5547934650665438,0.2567567567567567,0,2
-0.95683746636487987,0.28617058045211641,-0.050679994515933469,-0.28336917776973553,-0.95737788103198729,-0.055941952064669349,-0.064528846654348021,-0.039166207301709034,0.9971469481250288,9.1680823378352354,0.020887766845582745,-0.90716362051458732,0.2015214142567811,0.1756333081677671,0.5584415584415584,1,5
-0.95950880957969376,-0.26086565789346311,-0.10626360087428867,0.26453032971366869,-0.96413229087659569,-0.021740063261777853,-0.096780933042294903,-0.048969727596332981,0.99410030518987613,7.3772774886050332,21.792500870677685,-1.9254218055672687,,0.0897733017782522,0.2608695652173913,0,3
-0.73665002264179924,0.6707497041270809,0.0862645845945504,-0.67615866475784392,-0.72815017254773506,-0.11227994607940368,-0.012498168454884032,-0.14103957115695409,0.98992506542320491,-7.8003526515545882,0.9498350515946602,-1.8588704677524091,0.385378458520694,0.4067643323229849,0.3469785575048733,1,5
-0.6631437554525984,-0.73369371500125147,-0.14810095263666231,0.74142185693944807,-0.67102454321951555,0.0044376175478888519,-0.10263522619785674,-0.10686250495240603,0.98896229219248422,7.557610243659,-28.911478178944535,1.8678626858933836,0.3088538935655648,0.2656325245753968,0.5217391304347826,1,5
0.96606746628916884,0.25408119571871324,-0.046437017128304406,-0.23572655885593319,0.94079775254729503,0.24358279547599115,0.10557764928035565,-0.22437097580593449,0.96876778703068323,-12.187821848635215,15.203576386591093,-2.9644593782828914,0.4067940652705903,0.2289703612553962,0.1,1,5
-0.95720543449707451,0.27803295858465116,-0.08034569129661899,-0.27522259980410496,-0.96035552734442342,-0.04438222229771286,-0.08950014930901154,-0.020369954336714374,0.99577848351628118,8.4744409449881459,13.721767557833573,-1.4443498458542705,0.6370151832528368,0.3524349469524825,0.25,1,6
-0.17435373326558604,-0.94342736451036935,-0.28203826617920197,0.97981152733626353,-0.19467834316516272,0.045494105128517731,-0.097827126071097434,-0.26841227728158168,0.95832390286853653,8.2587768471892815,-1.4803579399317284,-0.91017972253950363,0.6698024004257113,0.6972841881064433,0.4029850746268657,1,4
-0.073490262582730739,0.97999491650314785,0.18495714350494891,-0.99538609602455153,-0.083549097230292774,0.047181227124851288,0.061690365102866879,-0.18063640823486299,0.98161335915597858,9.953766635134297,17.667877994964702,-1.4552855575881585,,0.405037833018167,0.12,0,2
0.20737730047755029,-0.91205026075596152,-0.35377814672705038,0.97717786986886712,0.1761140870707866,0.11877389853737616,-0.046022449795586805,-0.37033518627077017,0.92775739497166354,17.244554009171722,-0.9516162569421448,-0.043989798649456908,0.2054559395640208,0.1388175744745043,0.391304347826087,1,4
-0.22456634393517508,0.97445758411047889,-0.0015407599282372874,-0.97361751714708711,-0.22430649985537801,0.041898978829675478,0.04048317522044137,0.010909211346247531,0.99912066420021217,4.2334018142151022,-17.947349808061141,0.39466386772640616,0.1807115539100989,0.1398588398384945,0.3,1,5
-0.82878820353778926,-0.54208949462076739,-0.13874110241166587,0.54766482603042699,-0.83669433507121782,-0.0024141227794502148,-0.1147752238319119,-0.077984418197054872,0.99032574363832482,-7.8783616240962822,-18.336768968074782,-0.73224027523576096,0.1938052328720695,0.1851814351781183,0.35,1,5
0.26836007728858835,0.96278216915158676,-0.032145974575812232,-0.95880336896618568,0.27018061225226836,0.08774130396844193,0.09316098205126401,0.0072754056076174646,0.99562447734901038,-9.9344954374161301,-2.4582022770840171,-1.6758270353767135,,0.1600918819587385,0.6706586826347305,0,5
-0.86554760024646482,-0.48623669091663685,-0.12000513369861958,0.48922069324520417,-0.87214448447931281,0.0052068697884880806,-0.10719358660044188,-0.05420220105080046,0.99275961662075152,7.2997162962840152,8.0778619553315867,-1.3124805185092208,,0.07794824484040164,0.1136363636363636,0,4
-0.60666887375537226,0.7918776625764925,-0.069875926675641215,-0.79495385188079004,-0.60419641234227262,0.054727220764648005,0.0011184794519030338,0.088749438449591184,0.99605335508626203,-15.320573639783621,-1.6786782873672956,-1.9778203877810845,0.4816363136542935,0.4739642847165024,0.9246575342465754,1,5
0.66106913924696087,-0.73699792297895372,-0.14078939825139614,0.75032484535708355,0.64921009964091236,0.12465501580002794,-0.00046858846635629026,-0.18804336746863648,0.98216061434772717,-1.3885019334316535,-1.5594042388062175,-1.5605677770467112,0.5741161662614872,0.65213635260373,0.7458952306489445,1,5
0.82372206792878633,-0.54760339180942386,-0.14701183655045763,0.5669682712926315,0.79305631491033235,0.22273001757349353,-0.0053790477381116288,-0.26681867749402094,0.96373173611009266,21.355044751573274,-11.01006784034746,1.2941063766186103,0.6324609692172031,0.4480573757041055,0.25,1,5
0.19651691617981135,-0.94080602842705618,-0.27616139942158363,0.97906117931452219,0.17302925194128552,0.10723844987642124,-0.053106579765934608,-0.29145307486446187,0.95510983469840616,7.6563299587917912,-26.817310431328661,1.66577600693755,,0.154565842582184,0.1428571428571428,0,4
0.47116990980119977,-0.87546206449505592,-0.10754110715434921,0.88102420028531392,0.46125809759592384,0.10505867843168383,-0.042370681013549655,-0.14424680596894751,0.98863420149123149,-10.067892878130044,-20.02678815132883,-0.57200925021482263,0.139061180018177,0.1673798562443825,0.2941176470588235,1,5
0.99385675934703577,0.067808648875801555,-0.087468445955361768,-0.044333145925717958,0.96806574989856764,0.24674536681699416,0.10140667666646398,-0.24135179927019876,0.96512485975468543,10.604651611300639,33.900723785290872,-2.1201910347819006,,0.325737730146191,0.8421052631578947,0,5
0.28415262086595638,0.95853651231983017,-0.021564846504040346,-0.95497763371406441,0.28495529856745094,0.082572373856029113,0.085293652524047373,-0.0028692103564788118,0.99635172528130689,-11.403245677361632,-15.357901882031067,-0.91221735296958473,,0.1274765764120357,0.3461538461538461,1,5
-0.97236257026993378,-0.21109716263277636,-0.099744773629698941,0.21129821473484733,-0.97738322647978981,0.0086656243758315727,-0.099318157392870823,-0.012649763806009511,0.99497531983850651,12.461560322275234,13.609650118868389,-1.0511613106745084,,0.1125629607054553,0.4210526315789473,1,2
-0.40495791901156486,0.91411326897946898,-0.020149821475466113,-0.91387236348290946,-0.40395337220664229,0.040730533326293797,0.029092732631799248,0.034908516991589963,0.9989669705998615,2.61183282358048,-0.19513436452713045,-1.3297928763431797,0.3115070594402692,0.2769915803881781,0.8996990972918756,1,5
0.39897694535669093,-0.86818134830367455,-0.2950907377934075,0.91668620326092365,0.36976194913505966,0.15153384349020504,-0.022445530176771058,-0.33096411803918441,0.94337635689348764,16.683791069266142,-9.2395500724826078,0.55013633674962059,0.3298549916564151,0.3191551047502323,0.5396825396825397,1,5
-0.67214054903753995,0.74001315972101045,0.024649660834227372,-0.74028481273670754,-0.67228658845276645,-0.0030230808656457778,0.014334516765281843,-0.020279704787509369,0.99969158003998382,-5.4478687291588308,-10.036298935481824,-1.0957738878754608,,0.0890982604540678,0.1904761904761905,0,8
-0.74854092971071007,0.65930658872631165,-0.070719860081172842,-0.66289143351011359,-0.74665083379295527,0.05556509493550936,-0.016168609301144488,0.088472337249333344,0.99594739902010299,-16.204731180196887,-2.5978899229855954,-1.9463078028948999,0.1908561437124556,0.2034062671908394,0.75,1,5
0.20228436199465941,-0.94795724835513517,-0.24588227301571122,0.97832839582039188,0.1842707867686747,0.094434247363713503,-0.044210709380318881,-0.25965618119854722,0.96468859262534834,1.2330041574287642,12.604509821501727,-1.9393116798520471,,0.3072889251301756,0.1525423728813559,0,5
-0.10055051218863555,0.99466479101636907,0.023055325002371188,-0.99291373115304049,-0.10179483200380091,0.061319936929720417,0.063339695186746731,-0.016726197705392194,0.99785185139076127,14.33322588545102,13.993768393932507,-0.90585817688112424,0.3818846544400611,0.3546267113747134,0.4230769230769231,1,4
-0.82930631633025609,0.55780514929985814,-0.033233253065331848,-0.55679017227132366,-0.82990180280807391,-0.035322822055703008,-0.047283588662569577,-0.01078949074202162,0.99882323217510172,9.7920342557599049,-27.824978658221774,1.9534676143684018,0.1753568443414287,0.1401222614638528,0.1875,1,5
0.17142823053806547,0.98337514827705652,0.059880543799014044,-0.98260504428516782,0.16625551137755498,0.082743168188870439,0.071412104855772707,-0.073023439303181725,0.99477026925436585,8.537064718156719,1.7177769225955242,-1.0105624403605198,,0.4046388913010066,0.9227053140096618,0,5
-0.28289822091051531,-0.94495039073471632,-0.16443039760327879,0.95693746167960625,-0.28970460317258367,0.018491547658540497,-0.065109838272395512,-0.15211838137096689,0.98621534514994247,24.317892964657169,5.6143659149137521,0.42058986501589141,0.4277199491746155,0.1897657967447103,0.52,1,5
-0.36688101198182166,-0.9218602025871736,-0.12478818026211129,0.92510440553339024,-0.37566099507538175,0.055323192620151694,-0.09787830152749312,-0.095145066424427521,0.99063982073465262,2.5750844124066861,4.3100607053284037,-1.473581442335858,0.8218532812639195,0.6214264177342526,0.999017199017199,1,5
-0.92188140979543232,-0.36623582358784601,-0.1265147730287586,0.3725330342965944,-0.92755074728864662,-0.029474557877027172,-0.10655423328689786,-0.074302979248519238,0.99152673319655693,8.9966364180483858,5.606791334772435,-1.0663979557437751,,0.08005318776794028,0.3125,0,5
-0.94746814804290302,0.31936396936947659,-0.017628485831849922,-0.31425040945661348,-0.93973354832854061,-0.13471279932583116,-0.059588493859994873,-0.12209632760416156,0.99072786282867564,9.7993792048702595,1.5339169288106544,-0.8935305000489121,,0.193222821293301,0.1666666666666667,0,1
-0.66812390579728065,-0.72807312257024737,-0.1533622335941775,0.73650063325416071,-0.67643136749154775,0.0027243879558945601,-0.1057225790378086,-0.11113115343738497,0.98816628308057064,11.018634278776382,12.914531305066292,-1.1641516513306502,,0.1187007711401957,0.5652173913043478,0,2
-0.95993582016698886,-0.26690137664338204,-0.085363202295824447,0.26822733025108908,-0.96334628183327953,-0.0042474209078844456,-0.081100681049566276,-0.026973995326297105,0.9963408468538435,-10.103554685159843,1.8567531648705113,-1.9848132701159149,0.3344971092728105,0.2411332094556741,0.8457943925233645,1,4
0.9510839978240555,-0.27322648787580339,-0.14417529402108284,0.30134633355376911,0.92329050793651968,0.23817016019649628,0.068041284061316459,-0.2699665243643693,0.96046262779241476,-21.210198617448835,-9.4499288043130125,-1.7867237561168119,,0.2317628579942831,0.4642857142857143,0,3
-0.87505412622782519,0.48029339362440421,-0.05998776718973621,-0.48270259894521478,-0.8750906099851693,0.034851474679256478,-0.035755798735199497,0.059453177850614096,0.99759051844946434,-13.129833910471788,-11.74670631654814,-1.208466020567541,0.4406312556288661,0.3849420285581981,0.8809523809523809,1,5
0.57328780559219772,-0.80340403355621737,-0.16088210225157193,0.81916077505899487,0.55773041795761469,0.1338372350639902,-0.017796532359752402,-0.20851556236988,0.97785711823637289,-6.3809870369958697,-7.1738670723751783,-1.2836044035506862,,0.2285899216979818,0.1764705882352941,0,5
0.29689494265121097,-0.94676495438517416,-0.12445687677333701,0.95407221605622827,0.28864535518014622,0.080187689095554057,-0.039994994407953184,-0.14254816758193223,0.98897948428738491,22.156220710048224,3.8441654804746479,0.29344189042007335,0.2249700130181473,0.1251617436833193,0.5454545454545454,1,3
-0.64608967329920552,-0.75377991991855253,-0.11993317465866767,0.75962678254947191,-0.6503417304970559,-0.0047733434438012538,-0.07439949791271129,-0.094188459493058013,0.9927704915078116,-7.6738508144793718,12.297177230760754,-2.5358464789646851,,0.1515184788533007,0.6746987951807228,0,3
-0.87431568374936819,-0.43212289543599797,-0.22100200992272492,0.47332978911777618,-0.85986985246616454,-0.19126616939108149,-0.10738247475075323,-0.27183384642061398,0.95633433696410697,-13.503212463400457,-9.4249766670796937,-1.3576788839186442,,0.5121018316681477,0.1538461538461539,0,1
-0.98200791512232988,-0.13732756014775022,-0.12962096998927847,0.15380631553062218,-0.97989481895060204,-0.12708171031530185,-0.1095630957028418,-0.14473176920646577,0.98338631424398892,6.9817670488692309,-6.3931973520879293,-0.70153936635377767,,0.3339953688822034,0.169811320754717,0,2
-0.18991718913735714,-0.95345376050586006,-0.23421654050770715,0.97748494849521605,-0.20596515637294893,0.04584244567614848,-0.091949098611510433,-0.22023687460890778,0.97110302353922817,17.421427539573482,-10.100560736138151,0.75732076179985819,,0.2628356537076414,0.45,0,5
0.048578091071096424,0.98327819693360419,0.17551112928497828,-0.99618178100647703,0.034934287530128477,0.080009091642924038,0.072539839113770863,-0.17872767829791342,0.98122086644729789,-16.422210469246167,5.0514943155130378,-2.3987822302725998,,0.4421209101723199,0.3076923076923077,0,1
-0.99584852853006456,0.042815031566557381,-0.080327960863318462,-0.036855723570365193,-0.99655783079950322,-0.074257292653939086,-0.083230786759521544,-0.070988470501502088,0.99399862836487252,6.6080162678079946,-15.742931329429039,0.38097144151491436,,0.08977876621549953,0.3157894736842105,0,5
0.29758907623718323,-0.9248898871125274,-0.23668425892161954,0.94374398638256285,0.24755105573943251,0.21923905438822214,-0.14418054609082792,-0.2886124936991965,0.9465277590275325,3.6042504230334087,-5.6210038084839615,-1.00715639354322,,0.3378914003220846,0.6666666666666666,0,2
0.025898572228076257,-0.95216349682634238,-0.30448963737371726,0.99896101682187954,0.013224965804436802,0.043611777648558017,-0.037498677666591165,-0.30530276053600014,0.95151672270242016,-0.48269873964028315,14.47827633660337,-2.1573312120496575,0.2239232672778825,0.1755782318429002,0.2916666666666667,1,4
-0.13961375525746766,0.98895986793569912,-0.049662651515120261,-0.98855715232618002,-0.13631270953117228,0.064603419453031705,0.057120538579936403,0.058113895351065793,0.99667448007835746,10.175343770917605,21.515599435716172,-1.5861008685809586,0.6599822290944278,0.654733798062324,0.7796610169491526,1,2
0.76343532973393324,-0.62737664026412998,-0.15350911557602118,0.64554003837967999,0.74892275653942986,0.14964211835623872,0.021084500534779345,-0.21333836032995493,0.97675083201854762,-25.895692589999904,-15.213106060585742,-1.4581355509497982,,0.4906655550270793,0.7391304347826086,0,1
0.92216004038110211,0.37897601828039668,-0.077446997957698119,-0.36142525483133559,0.91553352424123213,0.17655070421987243,0.13781380589196218,-0.13481670355992664,0.98123993566650514,5.6342107512138613,27.981764143979408,-2.3118523211197068,,0.2637652882920756,0.1666666666666667,0,3
0.9288135376089105,-0.32177411765435737,-0.18375752926663982,0.36549255749321691,0.877188275232749,0.31137745617058066,0.060996743941688254,-0.35637360592775957,0.93235039026460331,14.505783844664721,-4.0815626943616827,-0.15962787458462499,,0.4688705476260427,0.1111111111111111,0,2
-0.23895744298962868,0.96565718183429672,0.10200758604977171,-0.97011121426228208,-0.24197930379566937,0.018172740495672562,0.042232362027457782,-0.094616191565748312,0.99461761692178718,3.8678765294176736,18.230425682157037,-2.0474765250884173,,0.1009624952091575,0.1935483870967742,0,5
0.49209804488618564,-0.85843316401159186,-0.14467901418049448,0.87037502695054547,0.48192934563911932,0.10095255456245969,-0.016935958196386582,-0.17560355559297872,0.98431527702412158,6.697027832118235,25.805649735967705,-2.1008735925646005,0.2238062256697481,0.1583012647011519,0.4285714285714285,1,5
0.94372095601574668,0.32493524149541936,-0.061707746766823356,-0.31394463824030033,0.93876462367018865,0.14198501845453887,0.1040649859313494,-0.11462142112049646,0.98794352496659743,-12.821621776239517,3.6963751194411185,-2.1572271515668171,0.2310126766067113,0.3080164404173609,0.6705882352941176,1,4
-0.67652321986247765,-0.7077664653850908,-0.20342803018070069,0.73028556087478103,-0.68036641879344129,-0.061518580575251038,-0.094864812046994096,-0.19017930133030303,0.97715531047055471,-10.481998972539973,-16.562796316186873,-0.84433332582557596,,0.3930318257912055,0.3448275862068966,0,6
0.57925686213088023,0.8150352816986145,-0.013378238327451032,-0.80841291375206126,0.57650043659176564,0.11880996375896392,0.10454687251749357,-0.058006346169736864,0.99282688080593806,8.650990227260591,3.9114973707668601,-1.038473851235671,0.4077856671085433,0.3425579303177665,0.8044280442804428,1,5
0.26535055392467449,-0.95234296547614006,-0.15043922241217955,0.963267604356423,0.2551784677906957,0.083662847031594642,-0.041286873571481836,-0.16711321217697214,0.98507287465780335,18.883099610626452,-1.813881634747649,0.24870617130982922,0.2232326289618533,0.1154268167091304,0.45,1,4
0.84404688429365049,0.53555856577199479,-0.027602169161618451,-0.52537359817335783,0.83612445617087572,0.15772912266077707,0.10755203139207542,-0.11862932361437069,0.9870965728449459,-6.2982615946781344,-0.15762300175779867,-1.7598111757750274,,0.1008800883513733,0.3059360730593607,0,5
0.42966474435014279,-0.86064374597997373,-0.27327742308519415,0.90245949529269176,0.3989186122499141,0.16257552139440357,-0.030904155361148555,-0.31647477514986938,0.94809738417277234,11.097303843635947,10.928609583217577,-1.1021918925278775,,0.3353561160593634,0.5409836065573771,0,3
-0.99552295362144938,0.034460996010045396,-0.088014138448444273,-0.035825277550826096,-0.99926044967475713,0.013967934858429074,-0.087467698616303824,0.017058530704567643,0.99602128904404952,1.9371773873745073,15.313459896447497,-2.0336267588410695,,0.1647661080407194,0.1764705882352941,0,5
-0.7346590640585241,-0.64667773194747935,-0.20514378031009403,0.66964022540166723,-0.7397231362961858,-0.066269526572458534,-0.10889457342152788,-0.18605803565392542,0.97648572915734166,-19.514471673302832,1.9172256524269784,-2.3429644854047886,,0.2008390178389071,0.2142857142857143,0,1
0.47815162465722716,0.87818314322451274,0.012860435216896577,-0.87507515577155071,0.47510798943529692,0.092281472279897109,0.074929937868983221,-0.055378383247109378,0.995649907889257,-9.7012804252859048,-34.867078554129691,0.96011696821638559,,0.7445847696410537,0.9534883720930233,0,3
0.73299571316000434,0.6801108871271434,-0.01290215874133796,-0.66784381815916483,0.72311936791911113,0.17630375573666532,0.129235904591739,-0.12061327021267347,0.98425124841828893,15.351394488579048,-31.987906195875311,2.8458526167297791,,0.2700773655552776,0.4285714285714285,0,3
-0.13969437329922066,-0.94012234013399421,-0.31089462467131995,0.98839604879760168,-0.15130495447585601,0.013418698608612896,-0.059655115370164283,-0.30541250192492458,0.95034965716736663,10.367590584783906,-9.977870328964169,-0.089374363591693345,0.3630310119354101,0.4502328225336411,0.5094339622641509,1,4
0.65050613673737012,-0.71495479854412503,-0.25628383114381348,0.75894723387990504,0.59902292556351877,0.2552853909556192,-0.028997624955538898,-0.36057061817077096,0.9322810558296708,-15.677608717503906,-16.999363388066634,-1.0157467679279648,,0.5450458967866972,0.4838709677419355,0,2
0.22998117118369843,0.97143195076044409,-0.058554469878345498,-0.96981885761044151,0.23377552394664372,0.06928483114399471,0.080994100551546891,0.040853022473641323,0.99587699352410786,-22.600736891215639,-15.817778178679809,-1.4039910576380685,0.347655777118415,0.3612041573190527,0.9607843137254902,1,5
0.51190967231418505,0.85752338285599106,-0.051011128652488795,-0.85291494335605145,0.51444128757837726,0.088804622822490603,0.10239427128080507,-0.0019517914638802632,0.99474197846424217,20.465216787099756,20.739965350796837,-0.57905894059147167,,0.5071395886101684,0.8148148148148148,0,1
0.99250435787160352,0.091798370360479734,-0.080673160375921538,-0.074755270049174441,0.97825534014488946,0.19346353423290066,0.096678587110869338,-0.18598265692577351,0.97778510017134124,9.6781291034220587,-24.169917211594122,1.5709436126265532,0.2220027788731539,0.1401827299193574,0.6428571428571429,1,5
-0.8979725551597868,-0.40311014266329931,-0.17648655207062125,0.4254911552300748,-0.8976859566374723,-0.11453034565930828,-0.11226115535116409,-0.17793857405812422,0.97761715249957726,2.5758940938129511,22.084983974043311,-2.3555778806499355,0.6080514989055988,0.4751842598991283,0.7966101694915254,1,5
-0.40931624115825627,0.9107617206135229,-0.054528001881344705,-0.91154593023289721,-0.40563144357928366,0.067432551899132609,0.039296714874390931,0.077306016873733466,0.99623267761863743,0.28351672091020491,8.1977590370620739,-1.8081117797512332,,0.06943760336377316,0.2985074626865671,0,4
-0.88669696483916149,-0.43976221440517654,-0.1427504372199033,0.44876041654199889,-0.89289401878913,-0.036801627078805077,-0.11127704655529609,-0.096692636700275461,0.98907429089926224,19.594064804686266,9.3913609877766451,-0.24916574492018556,0.2110581716389362,0.4114683095490357,0.7846153846153846,1,4
0.97420699239545627,-0.19616505814506191,-0.11153477453576563,0.20902010614066655,0.97071404795646243,0.11842648491331509,0.085037234178588633,-0.1386849200992076,0.98667885441025516,7.7230188625427099,16.758041858644798,-1.6287820597503586,0.4449007220459578,0.3615790708075896,0.979381443298969,1,5
-0.95665314143367219,0.28994865223682392,-0.027286371161000026,-0.28491759134924588,-0.95120272550527696,-0.1184708450677944,-0.06030533247425638,-0.1055611389545538,0.99258254710517013,5.384817499017247,0.67329013971475671,-1.157607190639218,0.2961942092493486,0.1163436750027748,0.3273542600896861,1,5
-0.0085620395387040645,0.99982297695531819,0.016754289932502959,-0.99765366305639003,-0.009679189412267369,0.067775230597083735,0.067925400765134189,-0.016134684518953345,0.99755992896986878,7.0284376318993393,-10.151411246923761,-0.29398334795846776,0.1449108018574503,0.1711053607168599,0.4285714285714285,1,4
0.98074983796165949,0.18975438671999592,-0.046076328615644958,-0.16697185346712964,0.93728989905186078,0.30595431895154523,0.10124305155382274,-0.29237119874548317,0.95093055827236916,-3.4542156687419618,-16.633950558802852,-0.49721473859705334,,0.2318458822574361,0.2857142857142857,0,2
-0.93460508885438853,-0.3419342014547137,-0.097950649630357309,0.34040207617879847,-0.93971912500710919,0.032471412489111735,-0.10314918526408823,-0.002994657142621909,0.99466138841716112,-9.7880727460202817,15.496002528521764,-2.8789484584266138,,0.1125115022326629,0.1428571428571428,0,3
0.13522934372325371,-0.9381268899105657,-0.31879611513145251,0.98921253897124195,0.1095434154865214,0.097256325581504571,-0.056316758946572711,-0.32850902354467465,0.94282036683107207,-1.2427072737069238,12.07717725973848,-2.105682753845374,,0.7259275800175167,0.3950617283950617,0,1
-0.9548856878705374,0.29695652539421669,-0.003185141410478333,-0.29180916545454344,-0.94021754059135987,-0.17560861972311564,-0.055142851365646325,-0.16675670418345656,0.98445490884709297,-21.148549351504929,-0.11239745418611964,-2.3516779287171357,,0.633516914703579,0.6136363636363636,0,3
-0.21964383447043723,0.96678035052391154,0.13073767559500646,-0.97439518255882751,-0.22400122149750795,0.019428869595870025,0.048068848387205029,-0.12312272986125015,0.99122660335880886,-4.8968708589375654,33.580608751865867,-3.8339216114240178,,0.3330076277880891,0.1538461538461539,0,1
