axis_00,axis_01,axis_02,axis_10,axis_11,axis_12,axis_20,axis_21,axis_22,location_x,location_y,location_z,dbh,dbh_approximation,score,reconstructed,number_clusters
-0.60489980462490256,0.79508005314532748,-0.044090083410878285,-0.79493359215062331,-0.6061784031955898,-0.025066463048299854,-0.0466563011313742,0.019885989783476197,0.99871304035497099,3.0701462332370295,13.570468675183289,-2.7896117840517545,,0.1406991938837618,0.3396226415094339,0,5
0.62826625011643855,0.77730837596922187,-0.032759847568646756,-0.76770294811827122,0.62623001545451284,0.13589757611656184,0.12614952403851945,-0.060230028988310098,0.99018111534856235,8.491860405399656,16.700186620569319,-2.3615521133566304,,0.0828779995795627,0.3,0,5
0.1465561118523967,-0.92211772657195701,-0.35807848918983509,0.98877361076420878,0.12590130038147113,0.080471170108088047,-0.029121345007022566,-0.36585210250047989,0.93021727911330554,3.5174528060169514,15.609854043346532,-2.8766312076232157,,0.1253101768365064,0.2105263157894737,0,2
0.78080566857555556,-0.60132475877108649,-0.16956132344722274,0.61945473654894723,0.78044116864108404,0.08477860377012908,0.081353163966457046,-0.17123117934252799,0.98186635848959225,11.26453972496178,8.0851963840394063,-1.7538368652605978,0.3648530758290616,0.2869582894702882,0.5875,1,5
0.98393958518114222,0.10581307768603268,-0.14375842689794344,-0.083005285728673453,0.98421439924285536,0.15630783366205953,0.15802852671167633,-0.14186475571344137,0.97719055246748165,0.77475407473225244,-9.1864930347265155,-2.1166873884123021,0.6892418237869977,0.3528166529580156,0.4693877551020408,1,5
-0.0062212128104855765,0.99492636071394192,-0.10041331220349838,-0.99901638321464226,-0.0017750814616517552,0.044307055358473034,0.043904015532761284,0.10059018760453274,0.99395877760487783,11.666887406052686,2.2798873804202513,-1.488920092818794,,0.07767091168814302,0.2916666666666667,0,5
-0.57958934989657296,0.8146638034799899,-0.019976806200804064,-0.81437316767994139,-0.57992298485714877,-0.022038044316897494,-0.029538606084347392,0.0034955591672546594,0.99955752801762321,13.379282651834957,-6.5430306187569043,-0.96437905694726278,,0.7584715276937977,0.8059701492537313,0,2
0.24165174504827716,-0.94603592775466949,-0.21591771004826127,0.97031124482285658,0.23328186831829925,0.063840880979533693,-0.010026080263081379,-0.22493464231035254,0.9743222692740181,2.3422309650280044,-14.342451295578968,-1.7775452072736517,,0.08766343973623475,0.1904761904761905,0,1
-0.454814401535171,0.88748192641696699,-0.074294619182238175,-0.89010159884296813,-0.45573417969039293,0.0050498711980329035,-0.02937692790943966,0.068426513466302658,0.99722354984298767,23.123854667374282,-14.569773274555002,0.17791213828975744,0.2510999971198271,0.2173767763095256,0.5,1,5
0.86180644876224977,0.50081808923876903,-0.080441819739663911,-0.48928576469374807,0.86260322448588478,0.12851115739346769,0.13375008538260552,-0.071392706894912797,0.98844018335069861,-2.6785368570051684,-25.915764116721178,-2.0500085640478538,,0.1477884625261627,0.3571428571428572,0,4
0.14808264398312579,-0.97352431848106724,-0.17413193813009395,0.98864718472574376,0.14118782798261073,0.051407600249535723,-0.025461238870686055,-0.1797676237689334,0.98337954359425384,0.39218083102681595,-12.685098018043353,-2.0139279909971664,0.04043410045449117,0.08941631564537392,0.2692307692307692,1,5
-0.96966255547429647,0.22525715128181387,-0.094940741030704559,-0.21384070156768631,-0.96983542265944811,-0.11701028718881874,-0.11843429766793474,-0.093158299422929358,0.98858224158869612,-2.2068602078756903,-9.243523397095295,-2.4240848288963579,,0.1828505570327906,0.2923076923076923,1,4
0.20879972028024285,0.97329646720855656,-0.095376431733610073,-0.97644875017179622,0.21290045875906888,0.034946143537097574,0.054318644118108779,0.085833452566710003,0.99482767518884818,-6.6188305009127379,17.35268582078664,-3.9857465295531309,,0.1243446076379353,0.163265306122449,0,5
0.91603793451566817,0.37910255816427574,-0.13097997145201565,-0.37285735460051095,0.92522434395049058,0.070265969584810392,0.14782386697883995,-0.015529447983961463,0.98889177395543937,-3.9397597981998445,6.7130405621955846,-3.2565763008078545,,0.09130139889759434,0.4782608695652174,0,5
0.5299626492073326,0.84429668142703429,-0.079389572214758702,-0.84204281536506764,0.53501208633927655,0.068745651229475818,0.1005161058597875,0.030416791451287457,0.99447037726650855,-0.31255062814795276,19.329498669823018,-3.4079011687992384,,0.3602720424983111,0.8470588235294118,1,5
0.09977702494648033,0.99074729917802307,0.092001817722701607,-0.99345715880032281,0.094031116315911115,0.064815297521283607,0.055564547341073162,-0.097866941996955059,0.99364714196889059,-8.7654651436786075,-18.626919398667347,-2.7546843558060696,,0.5344975365426826,0.3636363636363636,0,2
0.20544671987754923,0.97088303375245188,-0.12319813335920229,-0.97585000885226847,0.21277201692624603,0.049445212469616792,0.074218633203422202,0.11006454281362919,0.99114953004107453,-2.8097364295105995,17.679753110800529,-3.6176966636285894,,0.1524655284406879,0.4210526315789473,0,1
-0.76468238157632507,0.64122571627746516,-0.06395651719106879,-0.64029465807284924,-0.76724579237208179,-0.036832661195055495,-0.072688418266824914,0.01278572922395679,0.99727274051689518,7.2131008519796866,10.300247659275804,-2.2383095627136256,,0.1533899971674772,0.3023255813953488,1,5
-0.71702189947938322,0.69599292710919269,-0.038385427976699693,-0.69379733843519298,-0.71790666928901148,-0.057054950447784643,-0.067266996716209324,-0.014277941179842567,0.99763284406060182,17.661999501929394,8.7249626250074819,-1.1910023797952609,,0.2931632206895035,0.3636363636363636,0,5
-0.29922052757609074,0.9501532145595587,-0.087612469085302666,-0.95418318140876401,-0.29807538917508414,0.026182411744748578,-0.001237818134996832,0.091432659538369196,0.99581049230062091,-6.6511580707568472,-18.458288733885269,-2.5266445171827692,0.3903566552052135,0.31566221358266,0.8653846153846154,1,5
0.83972140040887544,0.53798590218348974,-0.07375051692817601,-0.52585409052648258,0.83952184566901322,0.1366767943765832,0.13544535862081958,-0.075988418172176359,0.98786654722779577,-5.3947023836314862,-10.822406185613179,-2.7070085934250416,,0.1944704876769719,0.2307692307692308,1,5
0.79485096384264242,-0.58662647765004505,-0.15518157428742585,0.60066963006590934,0.79692415262655614,0.064092827031810198,0.086069395227957382,-0.14415710416190758,0.98580464014161873,6.8683273904541027,-6.4862624664758997,-1.6037778072273741,,0.3095647455860661,0.6086956521739131,0,1
-0.6833551897689909,-0.71085103057019827,-0.16648272268638889,0.71826285642837784,-0.69544840635982741,0.0212128066724756,-0.13085928966310989,-0.10508247441349672,0.98581616941496875,-0.67374756752573406,4.0987488900609543,-2.7778941909370225,,0.07054607714422126,0.3459915611814346,0,5
-0.64953553542784315,-0.73853993776918403,-0.18072727668051727,0.75059909310599204,-0.66075316976125875,0.0025000157824321568,-0.1212624824293512,-0.13402988088609177,0.98353007141862825,4.7044374409583867,-8.2787657398812247,-1.717909554408495,,0.07481302981569046,0.2068965517241379,0,4
0.42171027400216621,-0.89086291553052621,-0.16888964010106464,0.90648318740662004,0.41856854081515998,0.055575242590573441,0.021181967570345638,-0.17653227005937766,0.98406690924831441,-10.616721639073312,-1.6976495600366206,-3.6797780676997376,,0.1972793244481912,0.6963696369636964,1,3
0.32845208559181915,0.94323642890506931,-0.049236842473872076,-0.94020653744186888,0.33148398819576236,0.078294524210851826,0.090171472328870961,0.020576801409456533,0.99571366407306061,-11.511161668104224,-12.121137531848829,-3.285208429564253,,0.285724359936147,0.125,0,1
-0.97583396555830004,-0.16131574094683929,-0.14739505889118282,0.16169376437526098,-0.98679531460597902,0.0094938734900578796,-0.14698026474639572,-0.014568417706116622,0.98903213445298122,-14.932356791807385,12.496386769448266,-4.746832686111464,,0.2047125295867464,0.4705882352941176,0,1
0.42012888675596571,-0.88808775908473547,-0.18652573730466065,0.90729615462978119,0.41504020092240584,0.067493106405783931,0.017475877866545992,-0.19758988785396714,0.98012898636386181,2.3283995787246496,-12.672099900465753,-1.8105853790398472,0.5100835504432755,0.4505342740044642,0.927710843373494,1,6
0.17933330340205095,0.97847421424737491,-0.10211649398550324,-0.98164313397416936,0.18482674002308569,0.04707264273237894,0.06493322579603944,0.09180026266532175,0.99365808403207745,7.2600117397842361,-15.489064301794583,-1.235345469815087,0.1889899560611005,0.1546729061082207,0.4583333333333333,1,5
-0.43469558796915736,0.89815458617803423,-0.066015794530659505,-0.90044484379018974,-0.43472018014236319,0.014746127242559312,-0.015454096279340046,0.065853658245817265,0.99770961035956407,19.1369704475627,-8.4967412849076549,-0.40305740554601183,0.3549348352794256,0.123708838712017,0.2941176470588235,1,5
-0.57462128982902394,-0.7867701677016572,-0.22539537814679167,0.81270411866846748,-0.58103290848842348,-0.043735280412876748,-0.096552518219560332,-0.20831097539061558,0.97328523504534459,-12.256199265231205,-14.127667804843009,-3.2741822307914963,,0.1918432528337397,0.4,0,3
0.50637029375476827,-0.83644577674696741,-0.20963680059778048,0.86185398278180947,0.49887370723638813,0.091283824368594932,0.02822831850896703,-0.22689972849341702,0.97350894975021729,4.6571283946916839,-7.4390490387589931,-1.7408853306866086,,0.1070557339840004,0.1794871794871795,0,4
0.96312249711700537,0.23006559720633921,-0.1395165815564384,-0.21502338697006659,0.96982671017725575,0.11489601943793566,0.16174052863467725,-0.080659613245117695,0.98353140681328666,-9.7382951600419556,-22.150215185623654,-2.7557507479336745,0.3709207056400325,0.3380544459464447,0.3846153846153846,1,5
0.33970366908964766,0.93877372055027319,-0.057491902136116976,-0.93606232156154345,0.3434094986396905,0.076532649221431839,0.091590105141578601,0.027817581638851341,0.99540817496739509,-11.874408515877084,26.096115934587186,-4.9677696512426035,,0.1066108905531939,0.2307692307692308,0,1
0.28131931921224329,0.95374657368609128,-0.10595713199214946,-0.95529386938229111,0.28880610850609578,0.063282342009251077,0.090956383825274018,0.083417653237231743,0.99235499261596016,7.225781864631089,4.6606974125053728,-2.0034341904931643,0.08523980397375801,0.09491650806122576,0.2093023255813954,1,5
0.11767342534388901,-0.93201547575543275,-0.34278290202431372,0.991417399387442,0.1300581957979611,-0.013281788193613536,0.056960557929825142,-0.33827801976799099,0.93932075255589287,16.073742889008138,-9.3184302450255458,-0.61145789368824832,,0.3041190943748686,0.1666666666666667,0,2
-0.07939583199301431,0.99089203753224164,-0.10876245591811884,-0.99642837865425804,-0.075741814928694889,0.037331805257113819,0.028753922768637842,0.11133798734713604,0.99336653079258952,-8.4682328568571901,6.4744456997532636,-3.7297865859026782,,0.08624664472108926,0.4854368932038835,0,5
-0.97089261601789978,0.20270953354624127,-0.12757888999119202,-0.18319247808954828,-0.97161588246542929,-0.1496766278092076,-0.15429855518873078,-0.12194843972101864,0.98046954767411276,-3.5086131547992352,-13.212893322641621,-2.4027231715711852,,0.2309918986285081,0.2666666666666667,0,2
0.39951171823892073,-0.90018849525793665,-0.17335241560196751,0.91654801787675477,0.39597453574470959,0.056070473227479843,0.018169147365167577,-0.18128662401571061,0.98326244819834785,5.5223664125109044,5.9483524390992892,-2.2439455530553594,,0.09924777944074617,0.3623188405797101,0,5
0.28765506117306827,0.95727693468097697,-0.029587769589985748,-0.95517513710960589,0.28900638235566128,0.064154254771899469,0.069964442605961019,0.0098072057939587506,0.99750127593169058,5.1323079747914235,28.517713404739169,-3.1199121531756431,,0.3701655088012261,0.7058823529411765,1,4
-0.37488926047269971,-0.89034197555836669,-0.25835868272821438,0.92054661259221837,-0.39050507062476791,0.0099861835221693798,-0.10978149401071997,-0.23408749726367456,0.96599744678627608,31.779718509640414,-4.377895764940213,0.27716928699925608,,0.2681019639160991,0.25,0,6
-0.034275255615029823,-0.97123140610353997,-0.23565814785545969,0.99788011742796356,-0.046310023153721562,0.045723659055854363,-0.055321587960565743,-0.23359139015306851,0.97075979745345797,12.899607945628592,-10.585084880985326,-0.8234405104898519,0.5153472636439151,0.387543668290939,0.7176470588235294,1,5
-0.83435146206911648,-0.51097029106999192,-0.20680183603386212,0.53266107213851488,-0.84391402408016958,-0.063885070157778154,-0.14187959674095707,-0.16345788939254058,0.9762948829241912,20.251012562906499,-10.398120744421275,-0.21214207034642796,,0.2195484887811726,0.3333333333333333,0,3
-0.81276833478455357,-0.550107948500699,-0.19180427254859903,0.56421693880716506,-0.82528055827369673,-0.023900755187408137,-0.14514434172442547,-0.12764499650126857,0.98114212779473242,5.8801657624586028,3.971053963715554,-2.0963856443006921,,0.07019227102066557,0.4222222222222222,0,8
0.82078978851244255,0.55919705913168694,-0.11663092270993972,-0.55309542897233477,0.82902874699527063,0.08244260491614773,0.142792049931389,-0.0031600180258464041,0.98974766721749186,-15.785805780366971,13.459842612631048,-4.8791672361183345,,0.2063971690649065,0.34375,0,1
-0.88965201425349683,0.45264059361295783,-0.060297483765111418,-0.44623873318240448,-0.88979813942822827,-0.095552415342703492,-0.096903490868273198,-0.058101326006992964,0.99359647210211544,-5.5054123839716125,-7.8218014564849137,-2.8089321404891976,,0.2663778881135591,0.3061224489795918,0,3
0.41432694067210768,0.91002838310365142,-0.013473239367221364,-0.90627288737670009,0.413887800540583,0.085827397546345607,0.083681777222951226,-0.02335017150757699,0.99621891652958261,22.948216838585964,-9.4629306403411828,-0.1104662940377886,,0.2186354858302166,0.2173913043478261,0,6
-0.069154807378865812,-0.97361754519941557,-0.21745456605060351,0.99617981588182147,-0.079046571859720721,0.037113527276272838,-0.053323419301959711,-0.21405727074101064,0.97536459736698311,14.866877899236171,-7.9873684957971181,-0.77147967554206187,,0.09879522483293302,0.2068965517241379,0,5
-0.78629242908964547,0.61737889034687099,-0.024238847133737744,-0.61215587441697228,-0.78375644380485365,-0.10483807615157335,-0.083722167752026816,-0.067595432896293148,0.99419387248084845,10.539269818247153,14.050114997797779,-2.0450821273383069,,0.3640706573210399,0.5476190476190477,1,5
-0.75953671627787944,0.64619191362484207,-0.074431091565838423,-0.64486588322878857,-0.76303418185043859,-0.043895671488061082,-0.085158495015892122,0.014657697421432733,0.99625959600544434,-15.781409490089484,-4.4415267640777447,-4.0701026339567461,,0.4176142908428049,0.7848837209302325,0,3
0.92270308736838447,0.37882573737333808,-0.071484776452042612,-0.35725218405944448,0.90992312579676715,0.21073865835436517,0.14487887888028605,-0.16891111817695048,0.97492519949512202,16.80647183609441,-4.4888303158190492,-0.7930507023734692,,0.09770834641442463,0.2666666666666667,0,5
0.73492973565558595,-0.60919816933573767,-0.29791924094827665,0.67411079889467096,0.70412314096838069,0.22312604770938643,0.073843851895739596,-0.36481254478267156,0.92814809847695734,10.742534592900158,19.991511124797587,-2.2180465824120992,,0.1316056133375211,0.2,0,4
-0.35102857995073766,0.93344853048641185,-0.073842921059023431,-0.93631183469493695,-0.35075390464266654,0.017083518025474691,-0.0099541080952551611,0.075136803969052771,0.99712355123191532,12.640634256691529,7.0942678410510744,-1.5821666176776488,,0.09613665504935338,0.4,0,5
0.86671529993426666,-0.46743507145438734,-0.1740949247803816,0.48577065146683907,0.87025150793980299,0.081787450760999414,0.11327604792425364,-0.1554566399448149,0.98132653590113961,-13.644622450163473,-13.566546902114002,-3.4444896499216204,,0.1185944114829207,0.4333333333333333,0,4
0.013035878140058769,-0.96715384899040424,-0.25385723992859238,0.99918324277193971,0.0028883489901862943,0.040305146121322667,-0.038248048902758659,-0.25417531316624009,0.96640157125905723,4.4250668493349288,10.872569379876726,-2.5493480686335745,0.1275761669810909,0.1744565202505545,0.303921568627451,1,4
0.50414334117987025,0.86189993290592382,-0.054479328196680492,-0.85671066289671882,0.50707753231489228,0.094441602593902205,0.1090244542433581,-0.00093908370452527379,0.99403862424894418,2.0467558048152146,13.65889313520354,-2.9141730350213728,,0.07671673265438461,0.3181818181818182,0,5
0.1370944224557212,0.9860509538938601,0.094385569111705647,-0.98857178987935879,0.13016594167452367,0.076043697192503146,0.062697173670372586,-0.10373207774354473,0.99262718100037617,-14.155194034605815,-8.1641373097491012,-3.7550075940018375,,0.2880621257836285,0.2,0,3
0.43993924415209945,-0.84212470564124975,-0.31189652387213063,0.89798992184483939,0.41571437577368225,0.14420699719568889,0.0082195936626561772,-0.34352225244332679,0.93910856686342925,0.92563067404393606,-19.457687302831502,-1.6854090758081173,,0.4318226029412587,0.3636363636363636,0,3
0.74331859005010414,-0.64585609378927067,-0.17420499361725905,0.66463355221701303,0.74254710896154741,0.082982120003299575,0.075760906497476993,-0.1774646361620022,0.98120669991524601,-19.016636890848137,-8.5465862233864485,-4.2600977989861537,,0.2578106610230786,0.6666666666666666,0,1
0.7941856078971834,-0.58160849267749781,-0.1760703877839509,0.60224009402366596,0.79198547658842255,0.10032882947276632,0.081093090700427389,-0.18571635931823161,0.97925142048517533,5.9778268108232933,15.154778356748572,-2.5584181044194532,,0.1192656726277767,0.4310344827586207,1,5
0.37183606924208612,0.92696744934787378,-0.049691905377969456,-0.91983793923137125,0.37512956038256778,0.11478666506945198,0.12504440475758832,0.0030266774985188609,0.99214652953187377,9.7992132063941479,4.8852571277879235,-1.7995637292471522,0.9137970065125702,0.2856494406641688,0.2558139534883721,1,3
0.9902084900061654,0.0344809000006287,-0.13527089064117348,-0.0032246958817217261,0.97440577945757212,0.22477317076588937,0.13955911885713548,-0.22213609453402181,0.96497606594619301,-7.6983203381261598,-17.48132818191166,-2.6543614129130586,0.3693730130019703,0.2779836987607673,0.5,1,5
0.71303067156754918,-0.63781182946602188,-0.29117577439947967,0.69937233358404949,0.67641786688293271,0.23094849724287994,0.049654812668372281,-0.36831364291151364,0.92837463344498972,27.800519998969502,-9.1152836689188543,0.087886856257165011,,0.2212002389463991,0.3333333333333333,0,3
-0.97472276657342705,-0.17054024511461413,-0.14433140032471373,0.16816970217587851,-0.98534426136506015,0.028559374380769838,-0.14708663975195632,0.00356530380079563,0.98911718669492676,-5.2308682107430826,4.9487344676341261,-3.3121816501961185,,0.2736117575353639,0.931282722513089,1,5
0.94131085667689574,-0.30179725109516026,-0.15116974013873949,0.31545443006303542,0.94590252916070816,0.075874289986671561,0.12009318738302613,-0.1191084571253482,0.98559159989592282,-16.440565213495475,-11.716992859315974,-3.838103764463459,,0.09361582296622362,0.44,0,3
-0.93591193097014747,0.34091803750583238,-0.088564943238853777,-0.32647549397650305,-0.93398548269329063,-0.14520630134735635,-0.13222181854946594,-0.10698602629013161,0.98542954130577931,-7.0686427668231477,-14.977119591544506,-2.7074889461751015,,0.1771542459964549,0.4375,0,2
-0.42459815723594907,0.89521355551385595,0.13531110411225317,-0.90517980590772618,-0.41657811443558196,-0.084333822100901346,-0.019129136119741708,-0.15828886441419654,0.98720753216017154,-11.622460504066693,22.909004891264392,-4.8526139073988359,,0.1094548305434765,0.3529411764705883,0,1
0.96443881167833534,-0.204657982184801,-0.16725097565194627,0.22827261108099822,0.9639412120598454,0.13678068110249175,0.1332268499918299,-0.17009541446095452,0.97638012905866345,11.147870673274255,15.743156371085588,-2.05715790370534,,0.09916940161334044,0.1428571428571428,0,4
-0.96069564124858742,0.24753966398551058,-0.12565030696304427,-0.24735137329668849,-0.96877053759398524,-0.017347726597578991,-0.12602056583831478,0.014413890654593116,0.9919229086688085,0.080564119152352981,-7.4400458913828,-2.2492381043707317,,0.1568980128621399,0.3174603174603174,0,1
-0.32013966384072612,0.94347979112367619,-0.085769921168039998,-0.94722019717852635,-0.32038628759371485,0.011248323385788022,-0.016866940831719079,0.08484403610827547,0.99625147219155319,-4.0166724787556243,-11.768299358923942,-2.5149104676454934,,0.2169177890076004,0.2333333333333333,0,5
-0.9890614863367202,0.11787895166062198,-0.088667519423922245,-0.11596627233740418,-0.99290117634186481,-0.026440077517077266,-0.091154812958866127,-0.015868420662901887,0.9957102958692855,7.1945890797168328,22.377574879947439,-2.6513470775193042,,0.199450107470597,0.3333333333333333,0,3
0.13454063470362149,0.9886468273208604,-0.066904920909776955,-0.98929798456588025,0.13786294258582041,0.047783959604310158,0.056465169329722828,0.059760019159765893,0.99661448151358401,8.7661979051403236,4.3666539542275586,-1.8604035850035188,,0.09213283926597493,0.3636363636363636,0,2
-0.92053120055610183,-0.34342541793875603,-0.18622913605645383,0.36086090730308862,-0.9300974865512599,-0.068542476548642067,-0.14967202271344549,-0.13029830323001212,0.9801125638375654,-3.3920422930005842,20.134953465263823,-3.775579324719772,,0.08695488251202246,0.4090909090909091,0,5
0.23434090327715817,0.96452666228560335,-0.12154282698472341,-0.96901734106835613,0.24178784488684413,0.050438385915763037,0.078036746216494965,0.10595733011532618,0.99130384364975244,-3.9187770852163877,8.3418078064451748,-3.3101307868907766,,0.4845137165497843,0.4763406940063091,1,1
-0.71635290020124809,0.69302546771412765,-0.080958158778934058,-0.69390087684145685,-0.71975352571745632,-0.021364347309192323,-0.07307595700309151,0.040872525208325586,0.99648850529806732,-11.97533469192483,19.761744731749292,-4.6720925594796627,,0.1486952630916854,0.1785714285714286,0,2
0.020906109046317477,-0.90910091929575676,-0.41605102227990409,0.99886476039152272,0.0011763318203378197,0.047621494006746,-0.042803329923378222,-0.416574284826918,0.90809346444537964,7.3956869416548869,6.9426540040927165,-2.1010149984618307,0.2657507919744196,0.1540009954332269,0.2580645161290323,1,3
0.98196366483109077,0.15073683748121169,-0.11413048136959286,-0.14007780498749697,0.98544560649493473,0.096307659039735552,0.12698649338168591,-0.07858347450954288,0.98878666457058861,-8.1639060648972226,-14.530647407529203,-2.8331204005732067,,0.1128980567170298,0.3333333333333333,0,3
-0.24388327123792217,0.96883071565107171,-0.043451057769883832,-0.96963940796488357,-0.24276995766407203,0.029362666385973926,0.017898841632892938,0.049292921061917253,0.99862397297550554,-4.2134030700430456,-14.754656441029113,-2.3833010139612862,0.3170560132666748,0.1540173606536324,0.3043478260869565,1,5
-0.82254259016742515,-0.51604593222884987,-0.23899850039429527,0.53811462675877664,-0.84220586827425814,-0.033495132671280299,-0.18400091257634305,-0.15615976202101989,0.97044206055622528,-9.0523279485176324,-9.502633750929169,-3.1725938605749908,,0.1437179493893909,0.3333333333333333,1,8
-0.96060544165191475,-0.22926671478722629,-0.15707946702036527,0.23518108045562161,-0.97174770973589619,-0.019905979472679594,-0.14807783380525197,-0.056063910974110037,0.98738533158125774,20.876842686254729,-9.413133041671502,-0.21981003018182033,,0.1246054715720651,0.1333333333333333,0,5
0.47263921073526033,0.87452653732755681,-0.10869918116261326,-0.87464570989172252,0.48059119204135287,0.063458555768905939,0.1077360600892483,0.065080270759607664,0.99204712575275411,-10.876352047029535,9.7465049550589686,-4.1445977716579128,,0.1443773998080195,0.6521739130434783,1,5
0.94011642806080331,0.33013983140445241,-0.084786752564519424,-0.30704841478132894,0.92826243707685896,0.20988120185572637,0.14799450216298674,-0.17127912783632132,0.97404367853662444,-3.071336653830798,14.939458134529199,-3.5307220075798527,,0.2472949470954284,0.391304347826087,0,4
-0.96061418815892519,-0.20310631189989367,-0.18965286070658885,0.21919741221196737,-0.97331488010199818,-0.067901683717047828,-0.17080069082807184,-0.10679873706395694,0.97950046134455548,-14.068522876851709,-2.087262882858961,-4.0038789424025394,,0.4941364294154924,0.376,0,2
0.025997139462133594,0.99832858874692509,0.051615672332715468,-0.99116826019874416,0.019025381022165402,0.13123838939713853,0.13003702824341962,-0.054571638856949281,0.99000621589871118,1.1431940063262642,-31.140686324882445,-1.6640161545449463,,0.3107425265606685,0.2608695652173913,0,4
-0.088383255495833493,-0.97598154163981787,-0.19911913651460764,0.99429523511539286,-0.098426773915242669,0.041099338236324896,-0.059710849724186305,-0.19435071534471496,0.97911307511962742,3.8448720815059767,-5.4077124323052379,-1.9553352074142987,0.2112618264851201,0.1454245342337901,0.5137614678899083,1,4
-0.099742854938104863,-0.96278102751933448,-0.25120520682822511,0.99122071322912653,-0.11816565176184482,0.059315903510281397,-0.086792053520692636,-0.24308346671979469,0.96611467624353375,-1.6856779168562086,-15.758735698043617,-2.1055987161518255,,0.1594397739235988,0.3529411764705883,0,4
0.65375542373585649,-0.73700119643866657,-0.17156072506236705,0.75590024315187954,0.64651300095307385,0.10312983080360515,0.034909430514981916,-0.19710448002677403,0.97976076448003091,-13.188002870073205,-17.893288480177109,-3.2273522616920083,,0.0968089226267481,0.25,0,3
0.039788579835884533,0.99559319329786677,-0.084917974384702222,-0.99772170320083897,0.044219482038635204,0.050951352977640522,0.054481849056917483,0.082697224059773131,0.99508436690370494,-15.124964529269949,-3.6029617811147623,-4.0344390197923108,,0.09476980401360377,0.5217391304347826,0,2
0.35831893425890032,-0.92062940639067758,-0.15507752074467754,0.93358053773969996,0.35438539080772036,0.053276395671189608,0.00590939127319276,-0.16386729652621157,0.98646469182833507,-5.7647124504690508,6.3049818120707748,-3.4302853798888964,,0.09609248070381922,0.6027777777777777,0,5
-0.70202486880788373,0.70808925228059527,-0.075965086585756167,-0.70880344359758929,-0.70506967991519887,-0.021781294921976169,-0.068983780118754681,0.038553304255106904,0.9968725499338118,20.729337203258925,5.1570429359748617,-0.81355053401924227,0.1794340539929075,0.1143743259681949,0.3333333333333333,1,5
-0.98644045646456513,-0.070613443192880723,-0.14815183930828199,0.077481170215391026,-0.99614624685652597,-0.041101376323809918,-0.14467858898964564,-0.052023038301349148,0.9881101706661366,4.878864060629537,3.731398595664607,-2.1903083144317184,,0.07622713340993,0.2272727272727273,0,5
0.86480464760013775,0.50054338091820894,-0.039613701015836514,-0.48197300547716382,0.8496549052687361,0.21398262533225987,0.14076556212551827,-0.16596043435634059,0.97603390860550676,-5.8063684393259596,30.010857983308401,-4.3826779822327779,,0.234854586843731,0.2352941176470588,0,4
-0.98709402512520339,-0.062898071374326889,-0.14727259819638686,0.069348408665355132,-0.99682687453546115,-0.039076596825297592,-0.14434744118863774,-0.048785395573409412,0.98832373309611377,-15.163142987545621,15.344832926733876,-4.8868692228850987,,0.09061320041731456,0.4186046511627907,0,1
0.84610516316477347,-0.49810650692538322,-0.18972601462241531,0.52444848039710013,0.84154419493067978,0.12944944722804375,0.095183214250644285,-0.20902936572899738,0.97326608899511569,-3.4509382453792492,-27.247918959200973,-2.089595126354733,,0.4747121043340331,0.3714285714285714,0,5
-0.71385937745777217,0.69934699408032963,-0.036312134148376175,-0.69644560271510003,-0.71441156113412574,-0.067673065370961349,-0.073268763292436687,-0.023019626163536117,0.99704653107911057,15.742889992137911,11.834261495110571,-1.4564311975085356,0.3148676615490528,0.2252100078194307,0.3125,1,6
0.7109285720274513,0.70133035704357194,-0.052118094402475217,-0.69087487952811855,0.71033303401324088,0.13460639519187823,0.13142475532416681,-0.059688450127979575,0.98952757546685,-9.2126567930799226,25.366844631536956,-4.6266623686907433,,0.1626545870509106,0.3,0,3
0.68602789441435674,-0.68857935837990825,-0.2349982878629544,0.72201862622918511,0.6841419623400995,0.10314494046515227,0.089748712879496748,-0.24043344729582325,0.96650759229191863,11.204268287912061,10.690520144603113,-1.8579043705877958,0.1170113709038548,0.135019007950645,0.125,1,4
0.73595807833039817,-0.6574629444335901,-0.16158026994946451,0.67316309269598318,0.73607403798263349,0.0710384490252986,0.072229893895857988,-0.16105119467006404,0.98429942351051791,-8.6844898298176609,-16.840281775604137,-2.7793924544098672,0.2191798244499692,0.1345635946031193,0.5,1,5
-0.96147476335891835,-0.22440204770651465,-0.15877657386729641,0.23118657552999225,-0.97257804100504097,-0.025391365648850566,-0.14872473472368025,-0.06112016966535342,0.9869879827745881,-11.803332909465471,-5.7231152064071447,-3.606673436580718,,0.08690521835906628,0.2531645569620253,1,4
-0.86282189992480329,0.49122026495746274,-0.11933574613363968,-0.49541228621768429,-0.86863451866570685,0.0063827617033804622,-0.10052380650731225,0.064627581399237632,0.99283344023444542,-1.8046317993927523,-17.904879182606489,-1.9787928837247786,0.291080962006294,0.175753137065663,0.3333333333333333,1,5
-0.92580088163539975,-0.33917552039651849,-0.16689126378234523,0.34309032870432704,-0.93928519481624195,0.0056876311916299474,-0.15868759848417344,-0.051993164577337346,0.98595890224925697,-14.698604801423423,2.3919294224262191,-4.2581614809033814,,0.4099366711074839,0.9360000000000001,1,6
0.87139371306838598,0.4740309823079995,-0.12636306674422423,-0.4676680006970419,0.88046428364112206,0.077905624677286248,0.14818784683274097,-0.0087905087702343301,0.98892016311057018,-7.3097013568112565,-4.5001740093875613,-3.1966764569451134,,0.2041236407071782,0.7952755905511811,1,5
-0.070509775623740931,-0.97911441842537739,-0.19069170714277442,0.9958237179270566,-0.08020686588549221,0.043611712632753166,-0.057995640831228837,-0.18682027271247242,0.98068072854941601,-1.0412324537073239,-7.7725898152437818,-2.3420346820440998,,0.08826535307273971,0.5,0,5
0.85013054792179177,-0.4882274652027887,-0.19726123215638236,0.51873726054156111,0.84087839386244734,0.15438646722153918,0.090496994513800638,-0.23357540315061148,0.9681181875303233,6.6156780560189867,-8.3359724401902486,-1.5146596454311434,,0.1747004791372296,0.2916666666666667,0,3
-0.89502720850629169,0.44568398725237651,-0.017090334702940815,-0.43249200335972743,-0.87662259178687318,-0.21091111539877266,-0.10898148036856825,-0.18137975376454876,0.97735583175268692,1.0927028306125084,-13.606765342783708,-1.929873761532815,,0.458704770138065,0.1470588235294118,1,3
-0.72067407115453297,-0.65878712515897697,-0.2159361176142664,0.68581105565725198,-0.72303136497484377,-0.082999043373405232,-0.10144988469110063,-0.20790663526541203,0.97287345112752333,-2.1101786607436059,-13.079031676279575,-2.2845252169754442,0.2477277508994074,0.1592925373196489,0.21875,1,6
-0.98512743838982464,-0.090777381845422736,-0.14588830342695205,0.09159619328307704,-0.99579561528085503,0.0011090371834503114,-0.14537560836520452,-0.012270270278823801,0.98930044625469205,0.92561682298981596,15.243071313135196,-3.1226535837814748,,0.1052712193868979,0.4727272727272727,1,5
-0.96761425817588431,0.22374086599781989,-0.11688743412906917,-0.2261062758218392,-0.97407593666141701,0.0072126036325409872,-0.11224348270037908,0.033408000534712226,0.99311897881953726,-9.7631212496930395,-18.214953137916932,-2.8710556788344359,,0.2556492599602836,0.3043478260869565,0,3
-0.24314844922228324,0.96933810593313574,-0.035531226080160197,-0.96997781178846809,-0.24315907124530953,0.0040878734292290279,-0.0046772084466756188,0.035458461008329174,0.99936020596382902,-8.4705889758972592,-4.7186545302500846,-3.3095890117531184,,0.1442701795745155,0.3308823529411765,1,5
0.70635272559449314,0.7076170102768482,-0.018547070175264926,-0.69350888118686882,0.69704382829855771,0.18214097053060008,0.14181416981447537,-0.11579321309017322,0.98309748908339956,-14.468385141790836,-9.8055378536480351,-3.6952620230425111,,0.581638672452391,0.3052631578947368,0,2
0.97016314341112242,-0.15767219151548167,-0.18418185358323258,0.20504107645652511,0.93896902431574059,0.27621608993882935,0.12938945912321992,-0.30573951559824802,0.94328241607142727,-12.17961338999134,16.063340779928705,-4.5799358106358961,,0.1430117996326316,0.25,0,3
-0.92803589947325638,0.31589441355079134,-0.19738310154687697,-0.28077900858732802,-0.9414607346159225,-0.18658733481446135,-0.24477033649031152,-0.1177387135306323,0.96240587992310711,28.688018356286108,-11.421922210468225,0.27563589616471479,,0.2407772111858644,0.125,0,2
-0.96500671945376593,0.22833327989492655,-0.12894163292554814,-0.22592293111907852,-0.97357863375494891,-0.033218565447833505,-0.13311972281989537,-0.0029252672139538837,0.99109564735603672,-10.374779402852909,-5.3735127781775285,-3.4764961478694043,,0.09076914788242436,0.2307692307692308,0,5
0.87626797513647781,0.47492272254011608,-0.081257881865711562,-0.46207248485018165,0.87610181746471505,0.13760314015095151,0.13654103593644201,-0.083030193605143354,0.98714868811911827,-6.5148351311373069,-12.367361672873299,-2.7660554346087913,,0.4997458071422505,0.826530612244898,1,5
0.35590494244669191,0.93276012434261224,0.057360460060694077,-0.92696659442143836,0.34457255808673098,0.14833302073473009,0.11859428640849681,-0.10596368552444643,0.98727255232855438,0.32598849729794821,21.201657114665466,-3.3843818293939427,,0.3271428120692783,0.4666666666666667,0,5
0.13056701677298072,-0.95751568928845132,-0.25713023722904782,0.9897422782826597,0.1107148081524484,0.090290939942038365,-0.057986866710095467,-0.26628168548029879,0.96214946202080087,7.9358348872666014,8.4973230660637533,-2.1083343465185016,,0.260163457682054,0.3333333333333333,1,5
-0.98944735904441528,0.065144484497505553,-0.12942225395806414,-0.059479214972370527,-0.9971144057900343,-0.047170804023854061,-0.13212171156286889,-0.038975093400023669,0.99046695827178244,-6.9314415915238552,-25.82996550760576,-2.3831111674292864,0.4971219429233737,0.4493521965818812,0.6944444444444444,1,6
-0.67455808974646769,-0.71015674045894162,-0.20161544469194057,0.72672173596663903,-0.68682324860862531,-0.012220623729172922,-0.12979561637910653,-0.15476184656247408,0.97938851780962888,4.1333559419759229,7.2346315973136077,-2.4287095066689015,,0.07292893424508447,0.3272727272727273,0,5
0.98964967945783611,-0.0021944115098278347,-0.14348761795753109,0.014221494672156457,0.99646072117537077,0.082847934457946901,0.14279797280875767,-0.084031040174354463,0.98617824111512598,14.866353389261207,-7.008720611833712,-0.78862914227756131,0.1592059653793679,0.1278030036769095,0.4411764705882353,1,6
-0.98188976301341124,0.12812391608005264,-0.13955914666469971,-0.13255547325490305,-0.99091108814994511,0.022896765965096513,-0.13535708256177875,0.040981428840431849,0.98994897984217356,-14.314461849400921,-15.54501870320785,-3.4268597714461246,,0.3631085026853437,0.9583333333333334,1,5
-0.43103610630236527,0.90145072979253571,0.039930650134952596,-0.90229408537294209,-0.43017472019149217,-0.028549844293384415,-0.0085591217248670425,-0.048335203161623125,0.9987944981679775,-6.7603459060515787,-13.775262466976079,-2.7035060138142373,,0.2947872121782801,0.1481481481481481,0,5
0.98789279702621446,-0.047591022757233918,-0.14765810555687056,0.084618229737080553,0.96303554930292157,0.25573870644660746,0.13002913819558348,-0.26513699351795816,0.95540295053363367,4.5982343795740777,8.5721654475204563,-2.4495339048426001,,0.2535314480460906,0.4305555555555556,0,3
0.9749324841830409,-0.17602932535443744,-0.1360894114174537,0.18814002610251507,0.97872531895832204,0.081854020109448186,0.11878544465898286,-0.10540600858202842,0.9873092684118665,9.6860722750503179,1.5793131701628793,-1.6189615692847457,0.4869038295781414,0.3551935639260995,0.8767772511848341,1,3
-0.49419349209366664,0.86928387425287679,-0.010878342528902959,-0.86898450078957046,-0.49430971520781836,-0.022887613214729548,-0.025273103485096576,-0.0018577984483795962,0.99967885784643706,20.150501949710883,4.1428414970420917,-0.84492655000283301,0.4764718243402446,0.3879577996195885,0.5,1,5
0.95289437635439278,-0.22026668056799412,-0.20850634749026395,0.26941222135907028,0.93046637760613204,0.24829292202335301,0.13931748811453945,-0.29277108732947088,0.9459787143109375,28.030707143617661,3.0467407218839733,-0.15497110990731072,0.4493850554059338,0.4461762937376938,0.2307692307692308,1,6
-0.45500978665786967,0.89043283595105316,0.0097702971155870302,-0.88975272568390118,-0.45416221607897056,-0.045571576934627565,-0.036141128698897011,-0.029428661988022662,0.99891329587205202,28.057876800985682,-5.7086464084003197,0.0038484362070739121,,0.3155487424982933,0.425531914893617,0,4
-0.040758274535762008,-0.95414428146882857,-0.29655935864039173,0.99904686153021172,-0.043558221840122473,0.0028372128508142129,-0.015624708749336884,-0.29616105660680597,0.95501020781248114,10.588057065436232,12.177670957229639,-1.9753217391003348,,0.3911883032348607,0.7457627118644068,1,5
-0.60335487344887329,0.79472583976292066,-0.066134229402139616,-0.79592181874895129,-0.60527679638969201,-0.012184342066464621,-0.04971272598495783,0.045286193981741801,0.99773634067813322,-12.735894242216473,21.230578662645293,-4.8813202541272478,,0.1165217550968825,0.4615384615384616,0,1
-0.8993861088966757,-0.40886723105254003,-0.15470040237545579,0.41176793178497262,-0.91117657005536412,0.014297850736036783,-0.14680530466309827,-0.050841376393374875,0.98785796396506487,-7.4609869991891804,7.1000062087239106,-3.6597993877517108,,0.0831720965535632,0.3526570048309179,0,5
-0.92584306775046865,0.35376634804215662,-0.13290592496693177,-0.35956583155164168,-0.93286729286054404,0.0217031493478579,-0.11630574654322307,0.067882139800942279,0.9908910073348467,-3.6780547134084163,22.868438111685666,-3.8879358034106648,,0.2797193826934093,0.8035714285714286,1,5
-0.63610116405119166,0.76723207280454553,-0.082038134746952707,-0.7694022451125504,-0.63871873137494317,-0.007652934505766598,-0.058270870153837022,0.058252284511625688,0.99659980786707492,-0.17238157566100978,-17.67484592072098,-1.8343377293999417,,0.08934653050393376,0.15,0,2
-0.96114146196349892,0.24111887622979555,-0.13442015332661181,-0.24221233491963831,-0.97018684308169201,-0.0084068022433428716,-0.13243970291210336,0.024478092998889853,0.99088876674210624,3.7150226586250232,18.708609461482723,-2.9356595212528154,,0.09459502203649436,0.3076923076923077,0,2
-0.96728865901711369,-0.19907623028352955,-0.15723010103975932,0.20642341684512022,-0.97794903238789277,-0.031702729055548502,-0.14745176538400456,-0.063121664962854998,0.98705300379334093,-8.270023845958006,20.522154521912778,-4.3234608927681197,,0.1291088631392738,0.3125,0,3
-0.52250535845394752,0.84573542773103394,-0.10825773259918157,-0.85186230805171925,-0.52321403548711065,0.024034999273747425,-0.036314714754604481,0.10477909786735452,0.99383227062839596,-18.024718505359253,-7.3719540967591346,-4.1966640914428854,,0.0857032776992252,0.4,0,2
0.89177929794349287,0.44090845792512223,-0.10163373204553344,-0.43209456267782542,0.89650529520723277,0.097839381486460195,0.13425338976603654,-0.043335751931690911,0.98999901007063884,3.5530500026218537,19.409555228885075,-2.9718481642231747,,0.2683313474190048,0.4545454545454545,0,4
0.86842761804624424,-0.46636426104291839,-0.16833849303240503,0.48419170506518938,0.87077891516228167,0.085454512197227647,0.10673267990916775,-0.15571916044820669,0.98201816587510959,25.728988566484933,-3.6188649659500118,-0.25853066953963383,0.1991300393860895,0.1986261665371272,0.7222222222222222,1,5
0.42565959152894506,0.9013212013260955,-0.080212244573367314,-0.89911714016003075,0.4312734139113481,0.074777073516557796,0.10199157028824164,0.040290625377835031,0.99396900610471917,-4.2187464811812685,11.207783187420574,-3.5045336751725533,,0.0920347414117757,0.580952380952381,0,5
