axis_00,axis_01,axis_02,axis_10,axis_11,axis_12,axis_20,axis_21,axis_22,location_x,location_y,location_z,dbh,dbh_approximation,score,reconstructed,number_clusters
0.24620072353476066,0.95492617899048748,0.1658348467891691,-0.96605195031139279,0.22795709304307998,0.12156970441233488,0.078286863716170454,-0.1901356263564917,0.97863149885925393,-28.986290724312209,0.98963437118533581,-0.55632399520327058,,0.4505663995629654,0.2941176470588235,0,1
0.96173126940495834,-0.27142263259597527,-0.037452903270626774,0.26796414437431115,0.90321570793967376,0.33525602494329465,-0.057168022341795632,-0.33246223762362226,0.94138232285072354,3.727755667101321,-9.2314180152367413,-1.066637728082237,,0.4876251325144385,0.4666666666666667,0,3
-0.70895731911743731,-0.69381462692032803,-0.12649420200634331,0.70423253814581055,-0.70609044214319128,-0.074113559695521955,-0.037895275253323105,-0.14162468353164354,0.98919482263507452,-19.419759729042298,-9.0759588666350233,0.074054841881559419,,0.4534365840830851,0.1176470588235294,0,1
-0.79882245777985417,-0.59542441337287888,-0.085746422118455928,0.60018317474955796,-0.79850939480328309,-0.046507022678697468,-0.040777906936172448,-0.088614414010691089,0.99523095205858991,-13.022546036175825,10.425142127359473,-2.4728199257341821,,0.6371405581526122,0.5111111111111111,0,2
0.42736376020137234,0.9003456330768338,0.082085062380545817,-0.90106191773951072,0.4167656256855794,0.11997430410926174,0.073808108403737915,-0.12523639345805912,0.98937768768427314,-11.944033275239972,11.110655092813779,-2.598044600631995,,0.07638071839109103,0.25,0,2
-0.90279401359569822,-0.42718719967308932,-0.049739978400013471,0.42952736291013471,-0.9014227937530096,-0.054251188134308431,-0.021661337152521339,-0.070342329631472467,0.99728769326347444,-2.4380865218987475,9.6604315021034584,-3.1857336253267463,0.5903425427881189,0.2174612208439999,0.6363636363636364,1,4
-0.38872510518800396,-0.92133956937036077,0.0051176663639485274,0.91930285177178384,-0.38748341242813034,0.068839464098122471,-0.061441511381479172,0.031464313205422895,0.9976146238270921,-8.9565825378785036,15.449945203147019,-3.3705992089570396,,0.08887525530297717,0.3181818181818182,0,2
0.64326118095455898,-0.75254840168297454,-0.14101757408687207,0.76347271079529999,0.61659111674709,0.192158306142234,-0.057658242670255981,-0.23127104849716243,0.97117929816239434,-12.797979943910292,-4.3246991175257206,-0.79347271543180553,,0.3339106041272829,0.5652173913043478,1,2
-0.93342748259343988,-0.35669376089178401,-0.038505787618848576,0.35876248878308831,-0.92754280698377178,-0.1046604885084613,0.0016159769297465871,-0.11150740851414374,0.99376228871145156,-4.543725623793855,-6.213753920408954,-1.001961103380506,,0.2016919143245401,0.1949152542372881,0,5
0.3977880220222702,-0.90453328784704023,-0.15357154916270188,0.91568790011082046,0.38096185551473188,0.12799896184503803,-0.057274419475405354,-0.19154006322280195,0.97981224990013238,7.7425714625723385,0.63707847484129854,-2.5543683366488392,,0.6096085583054913,0.6707317073170732,0,2
0.1200341466371853,0.94191883353266126,0.31365700163961524,-0.98879074485958274,0.085170860636879286,0.12263273371496314,0.088795644719290481,-0.32486125582291941,0.94158403658093182,-17.753020472592844,-9.202759305206504,0.013498265263361257,,0.4986784514456794,0.3870967741935484,0,2
-0.82126807959156356,-0.57020322312651328,0.019672970800606582,0.56986674398042436,-0.8181298588410203,0.076911820794480001,-0.027760323289457517,0.074376195176336701,0.99684379219713093,-5.9930890198842128,12.925121787892287,-3.2674824985710962,0.203798630486208,0.1376487183421381,0.6923076923076923,1,5
-0.94647113816819606,-0.32074501220591395,0.036263228753474347,0.32232934777045652,-0.94513147952498699,0.053200356923430857,0.017209769913359443,0.062041305240432179,0.99792519772956512,-12.143578279214992,13.819290955796211,-2.9109668063652547,,0.08682908004537776,0.3928571428571428,0,2
-0.7059577220510832,0.70225894797881216,0.091956863039891396,-0.70265668238375512,-0.71074110257562129,0.033476436653934231,0.088866649413039012,-0.040981155343428652,0.99520011230345906,4.6477314465887787,-4.3386075006043638,-1.6802921939210751,0.3414822329876289,0.1952889525126749,0.4615384615384616,1,5
-0.96150820761926914,-0.27309742392841341,0.030327606638915847,0.27457383546466863,-0.95916518928039474,0.067906910921685923,0.010543982122588395,0.073620219480582477,0.99723060909933448,1.9109367237638961,-2.726767937054384,-1.7660094925119643,0.3172063335257375,0.2281867975798103,0.7173913043478261,1,5
0.29580111756954408,-0.93114126454457768,-0.21325488108583326,0.95305774496947759,0.27255982645945248,0.13187901938552177,-0.064673283497147752,-0.24225417738961136,0.96805489510615039,10.615318469499694,3.604750346454785,-3.1794112853670504,,0.4263256544780463,0.8333333333333334,0,4
-0.99685514915040485,-0.00089544940435114283,0.079240203070714457,-0.0049728571290789574,-0.99725852822349126,-0.073828846513337862,0.079089078287065587,-0.073990716011405611,0.99411784595178743,-0.32852691372333315,-13.193773531812402,-0.42336542545004313,,0.4144396007561527,0.2,0,2
-0.82450451716470918,-0.56572602727077037,0.012098067755673191,0.56547387832059637,-0.82297535517288256,0.054321797789935636,-0.020774843249775663,0.051629708952295746,0.99845018856297885,-10.024529749581697,-8.2294894376094625,-0.49064687557211079,,0.09196222572303876,0.5409836065573771,0,5
-0.30642734012848044,0.92936178391280888,0.20588579315772323,-0.94929570456250045,-0.31432746453757071,0.0059925233889395755,0.070284781574458,-0.19361022607233977,0.97855767834054996,-12.700686226942278,6.6363002107870237,-2.0746816903328531,,0.3566906890944522,0.8118081180811808,1,5
0.67657034358174151,0.73265648050090992,0.073939514237667828,-0.73524800571236992,0.66655760331353875,0.12292815609490193,0.040779164798530255,-0.13753342519158451,0.98965732285140162,-12.545034140502587,-1.8559324737576772,-1.0717581041314104,,0.1192210494246229,0.5046439628482973,1,5
-0.55568396591001767,0.82244489402529775,0.12165412579206149,-0.82475098980588579,-0.56377089663814339,0.044138202478523306,0.10488629483743626,-0.075807469259567259,0.99159068811669149,-24.827646348660288,1.6156218721202402,-0.83444626742847006,,0.2833250621098427,0.5533980582524272,1,4
-0.78149744263097476,0.61979395727715592,0.07153459082128856,-0.61750299259929764,-0.78476054131966166,0.053300533942758806,0.089172873073362788,-0.0025185929393804498,0.99601297953261991,-6.0211669115519699,-2.1244715058022825,-1.4364883729186226,0.7432047656052372,0.5244629345917213,0.9225639125602075,1,5
0.45338915484837367,0.87255507174346603,0.18189535739163915,-0.88859299843342709,0.4265632173900466,0.16866032344610049,0.069575551747498424,-0.23809970252943735,0.96874546412069695,14.402460172560721,-3.1703292549195599,-2.3266543553647461,0.9718038985103448,0.2576231360378357,0.3333333333333333,1,4
0.90287887076974993,-0.42942032998886143,0.020197151031733716,0.42399661547277517,0.89726344224804178,0.12306577620454351,-0.070969111486427428,-0.10254996537031345,0.99219297005036999,-10.426595832915286,13.216172907323486,-2.939860729443835,,0.08176632854278172,0.3142857142857143,0,1
0.91071473005366732,-0.41257446495719746,0.019518999168948892,0.40670881739916687,0.90400192200109186,0.13178946417715717,-0.072018180434153894,-0.1120840572231987,0.99108553909505703,-11.747979243675667,8.3720778991668841,-2.29113436574226,,0.1243174076185184,0.449438202247191,0,2
-0.82023278352029427,0.55741933328268756,0.12845959567596726,-0.57030508005810321,-0.81429861840003415,-0.10802719903669958,0.044388022015733893,-0.16186861015798715,0.98581349988070821,-10.174741375956179,-7.2552944111034554,-0.56467624299575359,,0.4380122892213774,0.1855670103092784,0,3
-0.76169513450614101,0.62168852574678235,0.18254834708773296,-0.64226183160326411,-0.76164306523432934,-0.086020816353221938,0.085558528127192016,-0.18276547303921126,0.97942662825219384,-5.462028013661028,-7.054610215632052,-0.86172591670490639,,0.08368290689254647,0.4090909090909091,0,1
0.98497947044868139,0.16558173235177895,0.048970733157859887,-0.17105862930272972,0.974386930766592,0.14597621207693912,-0.023545448301226617,-0.15216043855958122,0.98807530725226089,-13.348285806267054,-2.6069858245687207,-0.95383268010425182,,0.08339158757324854,0.3710691823899371,0,5
0.81037276002753023,-0.58090815364178428,-0.076431059379389238,0.57873178888310506,0.77323538096147237,0.2591844172891718,-0.091463141983663593,-0.25426907531561804,0.96279890475457897,-10.10630435367718,1.9249755929880823,-1.6936750912324396,,0.5465777900747292,0.3914388860237236,0,2
-0.48670544222687306,-0.87356603548349576,-0.00044063180794658093,0.87174374968002688,-0.48572260035004822,0.064314775930517973,-0.056397228660184769,0.030918233436497376,0.99792956436845581,-9.0672286468706886,4.1952148387865025,-2.0270636876389325,,0.252795274864392,0.2065217391304348,0,4
0.55716357216319723,0.82836905188739163,0.058081561011469079,-0.82717287087339009,0.54747423835148123,0.12671621850630946,0.073169635405808009,-0.11864515252065252,0.99023710909959917,-16.092368291070038,-9.3292962177376442,-0.046910600094812731,,0.08584656188464682,0.1428571428571428,0,2
0.70213486358491883,-0.69298197488216007,-0.16365395145553097,0.70643541136930965,0.64916508231376613,0.28201720775164851,-0.089194410710886921,-0.31362506021200431,0.94534844301186383,-22.168907154374342,-6.6880953347296561,-0.059993066746981537,,0.3769697772687132,0.25,0,1
0.96136248216635622,-0.27150467510508969,-0.045468552638295884,0.27286293765396952,0.91794944803524514,0.28794900261441186,-0.036441667604375318,-0.28923005073447722,0.95656572310236132,0.01904401166902199,7.5107351904875044,-2.9886254855666232,0.905685881211538,0.2942895475328176,0.3090909090909091,1,2
-0.94211809202003371,-0.33509084865130484,0.011297072128609111,0.33526723536439273,-0.94123604039211139,0.040872939190817699,-0.0030629364419681839,0.042294673625974971,0.99910048493793868,-10.347716322271932,17.800412441172622,-3.5620248443424423,,0.3331462745219446,0.7432432432432432,1,5
0.49430770324707274,0.86443423230925742,0.09172432895643462,-0.86727019364552838,0.48322433057816455,0.11973578225130609,0.059180281552651738,-0.13873609605718795,0.98855955304987031,-12.195824925495101,-13.228408063373896,0.16183244129565924,,0.0803685494372807,0.1578947368421053,0,2
-0.26218289994957622,0.91912413903723289,0.29405942258852558,-0.96011016740547672,-0.27913763606197106,0.016451339713320415,0.097203875533123846,-0.278016181494533,0.95564554590524875,-15.173920419231202,-4.907149237230362,-0.60872387812233975,,0.2146422545754256,0.1833333333333333,0,4
0.64007432006326004,0.75707328391438877,0.13093856413845087,-0.76693175399304436,0.6193622902641629,0.16794653350362379,0.046049424672934471,-0.20791920589934626,0.97706143834739367,-8.1121025611517137,-12.142125201775587,-0.14151293294261813,,0.1113654792902443,0.4347826086956522,0,1
-0.18578445319012429,-0.98250221373115421,0.013173343016423814,0.97931394632283186,-0.18405433257602632,0.084072571018113509,-0.08017687628268326,0.028520215170566427,0.99637255373488509,-18.324816937275568,-0.090164406641477804,-0.99490510007084998,,0.2780506884137217,0.8465346534653465,1,4
-0.96918311005157931,0.22763720035518673,0.094156275442486725,-0.23702226237595722,-0.96585006443958865,-0.10466183717203781,0.067115917105644338,-0.12375361827637946,0.99004065352619386,-12.424037600535925,-5.9852301595439474,-0.62437982328176334,,0.1136659833783106,0.3137254901960784,0,3
-0.57164662473928352,-0.81515846209534226,-0.093470947885105765,0.82035258207406603,-0.56566433003570937,-0.08393751729509473,0.015549196397139552,-0.1246617318971931,0.99207745417976045,-0.42465032528465591,14.557859105906573,-4.0553957111581003,,0.5142638821398883,0.3157894736842105,0,4
0.57518410523223251,0.79546636578805996,0.19077868326448955,-0.81627981992035104,0.54290886980534669,0.19732514963248002,0.053390080342657839,-0.2692270788509537,0.96159569431980463,-7.1061357706834949,17.296412897502087,-3.7413321580500334,,0.3170890912631475,0.3333333333333333,0,2
-0.010394660570029383,0.98036436064607124,0.19692046975023458,-0.99601787189208546,-0.027589426429624395,0.084777487700714069,0.088545750339551962,-0.19525507400398984,0.97674720689260308,-3.2038111540374352,7.4677646578592087,-2.7791552372670529,0.2907632958378305,0.2217688728924055,0.5525114155251142,1,5
-0.61106948644819914,0.78666382388555023,0.088057429679159929,-0.78660081653074443,-0.6159130185205336,0.043707082379098608,0.08861849787207339,-0.042557981703680817,0.99515605812767305,-6.6950167158323159,9.7139850756958843,-2.8415657278154538,0.2742792192739521,0.1893564324461883,0.5915492957746479,1,5
0.84066427265315036,0.53360252328593027,0.092476633953874426,-0.54124191664757348,0.8220149939967486,0.17705518153442373,0.018459911923183355,-0.1988961960104188,0.97984668946951814,-17.274018388841192,-7.4936774556472132,-0.20317558437405706,,0.1152681092914922,0.2972972972972973,0,2
-0.96987674879985564,-0.24330849991801215,-0.011834948460734369,0.24339036871974612,-0.96990965292841846,-0.0060327084084015534,-0.010011021520685641,-0.0087314960872354446,0.99991176631950429,-10.939829449899245,10.306757574017693,-2.6009018413884557,,0.2284355997746414,0.5188679245283019,0,3
-0.10269276538956723,-0.97317655841379536,-0.20586787532425821,0.99282457290730308,-0.11302581031747821,0.039045276711902013,-0.061266331439664985,-0.20038101795319449,0.97780053399247391,-17.177394745744532,-12.95970655508285,0.39348245355748523,,0.2899718081983364,0.1666666666666667,0,2
-0.64121191305339431,-0.7667241231794073,-0.031327328216359536,0.76512886252835033,-0.64192490740813446,0.050102265169660355,-0.058524407596140839,0.0081567262935109026,0.99825265415709941,3.4840184446680187,1.1114013853264322,-2.3790666297674825,0.6187974203803509,0.4722750806529623,0.4157303370786517,1,3
0.82370778680648282,0.56067523372993699,0.084550365086423121,-0.56668777448346619,0.80896760514752297,0.15632139991971258,0.019247031078663358,-0.1766768125809472,0.98408071604462155,-15.986497696918967,-7.7971895754178453,-0.24061796537462266,,0.09187206835108415,0.3333333333333333,0,6
0.053001270177828401,0.99676254250923146,0.060459070535928035,-0.994864434598279,0.047478354740242402,0.089389946876623744,0.086230053525338538,-0.064886359750653183,0.99416001638937646,6.0028847905798948,4.1934183758930104,-3.0270983356344918,0.1456511047493433,0.2311348720668796,0.3225806451612903,1,6
-0.52534766930283827,-0.84360597400614312,-0.11108009263240022,0.84751484951206757,-0.53039931570809484,0.019878273388879899,-0.07568623530480327,-0.083699023396522507,0.9936126344143652,-9.124926393889691,11.618175578285506,-2.8632345037421727,,0.1426919545263934,0.3818181818181818,0,5
-0.67639030345804541,0.72776329817284258,0.11338756201859354,-0.73105536067738663,-0.68210527542126764,0.017042677821678415,0.089745289641240622,-0.071365083024289663,0.99340465466603634,-3.0884491515454306,-14.253406521094906,-0.1644351465110101,,0.4887444243346722,0.5,0,3
0.33387513142012626,0.93367244446524478,0.12954984780186884,-0.93998688372042349,0.31952373138728418,0.11970481825688269,0.070370839505863675,-0.16174161964887293,0.9843208792972945,15.407270355156289,0.51416338274927875,-2.9318126162872309,,0.2199951046061905,0.2758620689655172,0,3
0.86603445566725701,-0.49976515771666918,-0.014802321762201549,0.4944382574248582,0.85165519193124839,0.17382244864004012,-0.074263929277871399,-0.15785506386867182,0.9846657542634607,-7.5168071243111942,-6.9657075398445576,-0.77091190306485569,,0.1520040178792371,0.3424657534246575,0,4
-0.34813192628741185,-0.92753235728314132,-0.13597017353888549,0.93238737884527689,-0.35763898369720787,0.052422639289361743,-0.097251928872645513,-0.10852687931018309,0.98932501171139031,-11.117852177876077,-7.9162213276838953,-0.4599442742778585,0.3046591198183172,0.2080365182864105,0.25,1,4
-0.94047707642791245,0.33185233119840385,0.073327341365905033,-0.33357044724342316,-0.94264596520161081,-0.012220516148951666,0.065066315705054195,-0.035952949354802241,0.99723305199600265,-19.434385460038328,-2.4053599916496671,-0.66609255406517198,,0.08265997087057274,0.2,0,4
0.98550219772061098,-0.16811803757662128,0.02284171029567568,0.1531538560695867,0.93943854496824897,0.30659275366348093,-0.07300215516587269,-0.29864953652956722,0.95156667641937354,-5.8403285225766721,-9.1465581110943486,-0.58979076466198621,0.1655255209724979,0.2072068775398965,0.1888888888888889,1,5
-0.97150165423025692,-0.23682229125264143,-0.0099869011070976704,0.23699733712894425,-0.97122238265926375,-0.023650488693724426,-0.0040985389669253702,-0.025343357857859489,0.99967040377857774,8.5514103012325524,3.6990951499782674,-3.1332280036735431,0.3113843347435668,0.1620144205604312,0.2105263157894737,1,5
-0.73662256608156973,-0.66983125120125109,-0.09334500550950374,0.67258967717481311,-0.74001123622816534,0.0025488063760085097,-0.070783623086724284,-0.060905378828377758,0.99563056076663681,-13.740480718525886,-12.718563104768677,0.20353434949863677,,0.4679660800081822,0.6410256410256411,0,3
-0.2885326391521873,-0.95743585641398399,0.008093021481236683,0.95456903466049314,-0.28699065911301141,0.080214211017839862,-0.074477340253321644,0.030869765705318502,0.99674479349234169,-12.138906829151642,-2.995951734394994,-0.97997215508617219,,0.07653707760990784,0.4934210526315789,0,5
-0.27727972738841972,-0.95662299443011156,-0.089377845727958052,0.95706356293271533,-0.28319115502171943,0.06190400814164599,-0.084529813000740917,-0.068375552977884044,0.99407217769587974,-6.9370219026700379,-7.5962774971093259,-0.71812286402790926,,0.237451628737573,0.4246575342465753,1,5
0.39534779086422539,-0.91676869752567436,-0.056879517366584947,0.89976631110226146,0.37407469481221445,0.22469692500472177,-0.18471791917463162,-0.14001170643281041,0.97276719331891914,-5.7688517212902068,-11.710204785165924,-0.29787441180937085,,0.6634376595405098,0.5037593984962406,1,2
0.99864220604540366,0.013048548159524252,0.050432922736035404,-0.020375689877578713,0.98883343183313388,0.14762545631130289,-0.047943462190199376,-0.14845261695246817,0.9877566729479389,7.5505454061862087,-9.1733946269655338,-1.2855410995011118,,0.2901434474572049,0.2857142857142857,0,2
-0.34075772555787803,0.92617553532319163,0.16150247750861638,-0.93523694875502983,-0.35147864497925307,0.042362858814416912,0.096000115395784152,-0.13660761286380585,0.98596264531251332,-1.4417156061059013,10.713519187185245,-3.4462947241841078,,0.1047333896892198,0.3103448275862069,0,5
0.917205694026761,0.38791534432438718,0.090859234437555433,-0.39817439335807964,0.88459124334847783,0.24280750537229753,0.013815473890232299,-0.25888224703305807,0.96581008218608999,-5.5286731870648982,16.092264112748381,-3.7169924089118846,,0.1886870224814448,0.2941176470588235,0,4
-0.94492567503260927,0.30844720089221989,0.10943396605224032,-0.30852023260934591,-0.95107132508517334,0.016691335219454886,0.10922790273022463,-0.017990521462361478,0.99385391602723461,11.937961438635956,-3.9641982804913272,-2.1314824974911857,0.2565103746609949,0.3025904583042431,0.5111111111111111,1,4
0.82042064926405944,0.54984105788145177,0.15679531029001909,-0.57134980463973772,0.77801093264029442,0.26126306556861673,0.021664694765237229,-0.30393058378515286,0.95244781549476176,-9.5201228339430557,-7.0102277461610667,-0.64442941224930528,,0.08947097702671514,0.2950819672131147,0,3
-0.97143105687401665,-0.23568067855345437,0.027862510604993507,0.23625489831485905,-0.9714960172192022,0.019470787078662784,0.022479429771809879,0.025497181879773761,0.99942211750257126,-15.902408935217188,-3.520893658399336,-0.70609473233681019,,0.1219609288595812,0.1739130434782609,0,5
0.99748166652045545,-0.064116433467599779,0.030321739972673324,0.058038769904972691,0.98362404021959282,0.1706319099406759,-0.040765501879569677,-0.1684423653998012,0.9848681857969761,-12.046537658338341,-1.0285849515391183,-1.2078605067030652,,0.08095357880854905,0.3551401869158878,0,5
0.79666652599932408,0.59189265855345652,0.12241538752415293,-0.60405189805477533,0.77262306672741565,0.19538398403437654,0.021065393625337148,-0.22960112698164967,0.97305681832057733,-6.1623667341724566,-5.3689215141369138,-1.0384019228931329,,0.1005090790835754,0.3355704697986577,0,5
0.059273247266148452,0.98953207950681366,0.13157866766860751,-0.99464300551739193,0.04736190518070249,0.091881127077233338,0.084687506362240816,-0.13631989423621918,0.98703845553330416,5.467657303613489,-11.460703803512143,-0.92069234876993422,,0.297823428384671,0.3777777777777778,1,5
-0.50446142319906473,0.82684500528424054,0.2486885798352578,-0.86063277020112994,-0.5046996189371028,-0.067746066311421688,0.069497534919609943,-0.24820481840860081,0.96621139548178081,-11.153498762285411,-16.310935385112323,0.43362976530074271,,0.354451551698607,0.1764705882352941,0,4
0.88415726293591668,-0.46661918847330897,0.023075253978636717,0.46179612551806559,0.88036707723649033,0.10815797601001084,-0.070783280894369,-0.084972597151019985,0.99386587871766641,4.5093216449805409,6.0401484889800896,-3.1193693519723031,,0.09257944686474427,0.3888888888888889,0,4
-0.3774511672389414,0.88413157355890892,0.27539422104722844,-0.91972357843324914,-0.39256652193651648,-0.00025520306947048705,0.10788491842653858,-0.25338288515784863,0.96133134656328822,-9.6675082563050978,-12.650801338614288,0.0076015570976251442,,0.2262738159163592,0.2352941176470588,0,5
-0.59886897301263842,-0.78344765808433858,-0.16602927514433519,0.79956375785089084,-0.59665071257784752,-0.068598282133806532,-0.04531832183731168,-0.17383237391956802,0.9837319530661478,-7.4023911504444424,11.02770278475756,-2.9180321658944894,,0.5106782874687839,0.1666666666666667,0,3
0.89310884035461002,0.44534477682359547,0.063439964032035404,-0.44976407083039155,0.8814304035147138,0.14419682503427039,0.0082993897678423148,-0.15731647566555568,0.98751336528355438,-11.099706628039007,-3.3181445960634446,-1.0004713609849607,,0.0698218338356026,0.3953488372093023,0,5
0.2466772052087676,0.96406816770930492,0.098604890548159338,-0.96603087841354296,0.23653198330232295,0.1041007340350095,0.07703699359366073,-0.120934647164047,0.98966666748625876,-9.8393378418130641,10.589033490931103,-2.6940732276881598,,0.1078795819169123,0.2857142857142857,0,2
-0.15510555769275647,0.96425735231547227,0.21482556756208521,-0.98230249350192278,-0.17364812673599805,0.070200707553283601,0.10499560577815582,-0.20013517078872414,0.97412619109674103,-4.961930881445106,11.839152266954715,-3.27173034162124,0.4214834677314295,0.2643346833147701,0.5,1,5
0.99891486017439346,0.027480585200027809,0.037602121746443166,-0.032624803645371216,0.98906008177791249,0.14386026838765734,-0.033237393247234223,-0.14493092171973465,0.98888336198946925,-19.353699760429127,-1.4136451353551696,-0.77723443928805491,,0.07549686597457908,0.3859649122807017,0,4
0.98342589844365758,-0.17820381375639829,0.033420099236233673,0.17048025920990637,0.97158996923625651,0.1641627634368199,-0.061725063710035645,-0.15574444594323433,0.98586697077639585,-6.7254362469712738,-20.43381250138652,0.66544890179663774,,0.1197998859097745,0.5,0,2
0.58071304835353121,-0.8118507244708757,-0.060586769579358789,0.80866042255775306,0.56663220350004251,0.15810207761253975,-0.094024871500389698,-0.14080606213085817,0.98556226409422498,2.5510716719853912,4.928006609566812,-2.8320450587354835,,0.08162786355002036,0.4333333333333333,0,1
-0.94152059193778626,-0.33417073071766029,-0.043230749342850129,0.33690221093928241,-0.93587258242102811,-0.10314751444808741,-0.0059895927526614984,-0.11168004389424281,0.9937261657893669,-1.1467585022409483,-12.042862219800792,-0.50448109194576729,,0.2230723699149879,0.2,0,5
0.92171128812613745,-0.38561947375217703,-0.041784241095779398,0.38555642043774119,0.89910075551882485,0.20727778000720179,-0.042362105708900706,-0.20716045203796041,0.97738937947541427,9.0802481929579955,-7.4282638360433051,-1.5595144120142359,,0.3613600329626335,0.5957446808510638,0,7
-0.95169663078753042,0.29925023238372855,0.068722786366291283,-0.30079396984940088,-0.95359926263975903,-0.013093280534127213,0.061615831162942149,-0.033132230700513875,0.99754987075278967,-9.4026788011930247,16.94079718452862,-3.5198389357330258,,0.1436351444824298,0.2857142857142857,0,1
-0.62134356517869804,-0.78335168609621009,-0.017097072885430029,0.78221366855294328,-0.62141373423790158,0.044572947282546058,-0.045540649314332611,0.014321549871830059,0.99885982123083583,1.8798510979425207,2.7655847396872306,-2.5332154751500271,,0.07368611359793695,0.2941176470588235,0,5
-0.14999714912404136,0.97928703601278888,0.13600645702298708,-0.98325151070348837,-0.16215850153039091,0.083193071110068628,0.10352449929348548,-0.12124983083989722,0.98720877050770184,-6.7860926149014213,-12.620834054711807,-0.15622764725043772,,0.1369013687442241,0.25,0,6
0.95810185455408692,-0.28602606658165852,0.015163295678864879,0.28012590383445901,0.94675206492117803,0.15871359604146618,-0.059752107083746536,-0.14781615880312574,0.98720821962529404,-8.5343577991185935,-16.146582110245784,0.29904082341630289,,0.1316968707533848,0.36,0,2
0.90127746474392512,0.43056958708481191,0.048049580876184203,-0.4331957166748226,0.89399372455266346,0.11452812543232635,0.0063563039062999706,-0.12403649115510484,0.99225729841739119,-0.016182133679565162,10.978719064718982,-3.5838222687277685,0.3004052506838499,0.3244561439545367,0.8607594936708861,1,5
-0.67239617945475472,-0.71946762489832417,-0.1739244507762267,0.73910207023824948,-0.66535209126960548,-0.10504629652060479,-0.040143587584835418,-0.19918065008008581,0.97914021519366246,0.26610513421248017,1.2509140751504755,-2.2249527501350328,,0.5863597556480584,0.2074074074074074,0,3
-0.63289563705074081,-0.75750229647832468,-0.16010428923735978,0.7728188997085812,-0.63059223474322668,-0.071444955978435976,-0.046840803316704635,-0.16894882157507524,0.98451116541816752,6.7551858231626616,-1.0707104759485973,-2.2129394596366456,,0.70212997645581,0.2888888888888889,0,1
-0.96924262600669675,-0.2368403903339116,0.066898142262118376,0.23676059560697935,-0.97152414532478537,-0.0092333860946903681,0.06717999925179062,0.0068894526216281924,0.99771708572275319,-26.986979976006069,0.96344589369755396,-0.6417197631860333,,0.1154525843878108,0.3684210526315789,0,2
0.8461048701350905,0.52936062223505431,0.06232078594334281,-0.5324915617168815,0.83428649789234954,0.14289428307260271,0.02364921635057474,-0.15408884145658561,0.98777393340003106,-25.102857576826839,2.9809188383207768,-0.96616557702402961,,0.1711240138989738,0.131578947368421,0,3
0.38252730153225695,0.90546017927701639,0.18388781179317723,-0.92134055792326264,0.35888746241924246,0.14943682827177299,0.069314067173267657,-0.2265869657811545,0.97152143930537593,-12.273821727032407,12.449316455511173,-2.7585778380280979,,0.6956615132397164,0.2352941176470588,0,1
0.87370147783611796,-0.48156051032800468,-0.06888543038708346,0.4844250624858778,0.84832859196708976,0.21370764817078253,-0.044475683946798274,-0.22008651695132347,0.97446592479865501,4.3171592210276897,-7.3743204198618644,-1.3251021717981608,,0.3741851337343584,0.3611111111111111,0,4
0.66091521295605427,-0.73001647991253527,-0.17397419446390328,0.75035919598548795,0.63901320533965367,0.16918392477287311,-0.012335245569716919,-0.24235936635016195,0.9701081276121144,12.214202947123461,6.6744955598547433,-3.6853078853339127,,0.3555742320700012,0.3333333333333333,0,4
-0.99907295437433108,-0.033294027879866045,0.027289916549530259,0.027708850890147012,-0.98249056072119689,-0.18424038014532981,0.032946189765938383,-0.18331340867836898,0.98250228639867498,9.3325686308580096,3.357691439789023,-3.0543443192399007,,0.1780939813170093,0.2173913043478261,0,4
-0.94446878438187487,0.31266118392292669,0.10110242032779,-0.32244496365469694,-0.94109497086858507,-0.10183074790837049,0.063308457112336777,-0.12877592893771189,0.9896508472104113,2.0334612121016749,1.8980861469225467,-2.4181242961465523,,0.08077262789202708,0.2,0,1
-0.8313475552261429,0.5531093834702322,0.054141041148977047,-0.55000067613466053,-0.83280951186905727,0.062670353372542661,0.079752734567110767,0.022323235822849959,0.9965646865464709,-2.7978569924161838,-9.7504039559064548,-0.68531763758055364,,0.07340093010343582,0.1111111111111111,0,1
-0.62168253535745832,-0.7747573538125142,-0.11516018385255188,0.78085336256180649,-0.62456864342399021,-0.013492065351055861,-0.061472362956396104,-0.0983109981891538,0.99325530264258333,22.9983247810707,-8.6263113813656087,-2.0764071149562486,,0.2895031030353641,0.2962962962962963,0,3
-0.83078257861472893,-0.55659695957295696,-0.00036285589893278193,0.55623115181387361,-0.83025985259597368,0.035713903722852922,-0.02017951491178277,0.029468657272664081,0.99936198917933272,-14.388865357877171,-7.5711478934711884,-0.32267065429488034,,0.07537992479745877,0.1851851851851852,0,3
0.93954797545721169,0.31551782952441582,0.13303421013580283,-0.34240831550910178,0.86852985093458224,0.35834682014184527,-0.0024793717903174722,-0.38223604917348436,0.92406139159028355,-3.9690478836880909,-10.973106385790841,-0.47716726661209535,,0.410431973824005,1,0,2
-0.26031401003987825,0.91689025258725454,0.30257045607170246,-0.96072476328959455,-0.27717952520443973,0.013395521997780361,0.096148558902928297,-0.28719988774009148,0.95303288458634428,-21.794540097684539,-4.5571256692200075,-0.31108722894800572,,0.3554183287160989,0.1714285714285714,0,1
-0.83831465073425704,0.52961378472887299,0.12937459329195491,-0.53868535730740119,-0.84119574230788141,-0.046987327501031226,0.08394422068789012,-0.10908236405693959,0.9904819057735742,5.5017261352994025,3.0747079043006522,-2.807172924185406,0.6966718674997852,0.207410801751878,0.1428571428571428,1,4
-0.61609553058058419,-0.78075492602602081,-0.10415393744228557,0.78616609223451794,-0.61768967738509217,-0.02005836166312313,-0.04867414734061757,-0.094240160961259201,0.99435889870944527,-1.4603217931090413,7.202272322652715,-2.8490328071803659,,0.08645550891953599,0.3333333333333333,0,2
-0.77707717397741571,-0.62884961773196291,-0.026442843297164748,0.62875450913829345,-0.77749833038691396,0.012810678507639834,-0.028615256796644773,-0.0066711711060797206,0.99956823806808537,0.83485863224283996,10.433105338839814,-3.5835260128197244,,0.655469842408733,0.103448275862069,0,1
-0.20017174869762308,-0.97938756842179164,-0.027041853564157569,0.97641813405721445,-0.20169078960367504,0.076996447147079317,-0.080863455946196941,-0.010991642729628211,0.99666458012841075,-1.328135556819666,-1.7576123759945494,-1.7195110919271424,,0.3838943760263409,0.3871829105473965,0,3
0.60219275955396423,0.78802354589719514,0.12799520089593944,-0.79677622077521115,0.583166610278405,0.1583172721580508,0.050115210744370066,-0.19732104745314322,0.97905713310513243,-11.600038232577914,7.3670716202932152,-2.2023519955057922,,0.07509066379315288,0.2608695652173913,0,1
-0.51666453437924775,0.84261620070540832,0.15184102615386505,-0.85075867321718435,-0.52519063651732423,0.019608040704380363,0.096267537936794018,-0.11904929072998,0.98821041662000164,-7.4019379466148134,-11.211192270759087,-0.27679482739057792,,0.2631774942792036,0.5416666666666666,1,4
-0.69695810688619086,-0.71425952920164437,-0.063896182908387611,0.71602895202589123,-0.69803251727951443,-0.0072900398578058818,-0.039394632963396493,-0.050832369264768751,0.99792992395689251,-3.6910672329075225,3.7810987683307458,-2.2938882239483709,0.4739974711311802,0.4904820842461004,0.3754045307443366,1,1
0.95819520120782409,-0.28474599208022983,0.027958475933823449,0.27892147299583792,0.95140736189978881,0.13048694810100928,-0.063755535321481094,-0.11723374820046084,0.9910557401068526,-7.7302435475805975,-9.5633697231232002,-0.4492056341923103,,0.348771104767972,0.25,0,3
0.93431183960234132,0.32148632307715713,0.15397379794373758,-0.35437932487172819,0.8843065955741255,0.30400187355929065,-0.038427600528101694,-0.33859768029097675,0.94014622821092164,-2.8074616132072525,-4.7340909180546218,-1.2679392870801776,,0.4791842142871554,0.3526970954356847,0,4
0.71211304279326171,0.69243935527922851,0.11585660768470965,-0.69079438509648738,0.66162445701832795,0.29164395312498553,0.12529218572156903,-0.28771655693701281,0.94948462392048383,-18.928114550647503,-4.2074959858473191,-0.48902208128256658,,0.4550771048710228,0.7071428571428572,1,2
0.78806370228408162,0.61359690849710624,0.04954225494565604,-0.61488141376528038,0.78072823592393847,0.11128462893457247,0.029604866970085238,-0.11816198844759437,0.9925529186586447,13.06914692021525,0.02197288457009999,-2.8143665716568127,,0.1161732535526116,0.3225806451612903,0,3
0.98142247953343575,-0.1900000641142002,0.026643804214898956,0.18455055004109713,0.97285393944225351,0.13962917671896344,-0.05245008242100864,-0.13211808410769052,0.98984534181140738,-2.4741361094787142,14.582049763594343,-3.8125120322988533,,0.1085741142304644,0.2857142857142857,0,3
-0.96344675738938912,-0.26717014054863997,-0.019760103114431857,0.26771234273059652,-0.95739040767931793,-0.10832224532997307,0.010022336332841841,-0.10965273951366306,0.9939194280682826,-6.477415138317391,-15.727871216339333,0.15578512713578557,,0.07459962347176408,0.6428571428571429,0,3
-0.9973547528626886,0.036332314151603561,0.062956015523484662,-0.037531607105142299,-0.99913380688687092,-0.017972601477062037,0.062248497253421992,-0.020287899943987407,0.99785446118437171,18.364922485164222,-8.2377179125833404,-1.8708355807046013,,0.236588033375795,0.3333333333333333,0,4
0.96455477034849002,0.23949983496539068,0.11078774322786016,-0.26193163734790353,0.91991616623287964,0.2917979857018338,-0.03202986659694311,-0.31047395406853684,0.95004211037765607,1.5876074867385572,-12.862876353508105,-0.55707968431422417,0.4702467597472448,0.2687163564530295,0.1818181818181818,1,3
0.42147095744463792,0.90241487020393896,0.089496558959037423,-0.90440949167074358,0.41106487774761319,0.11432032915543673,0.066375472929146237,-0.12912423597895181,0.98940448163341377,-12.410047612093337,-10.136099941612439,-0.16049414858511621,,0.0731859497922028,0.28,0,1
0.43478388172883681,0.85874591814757528,0.27114281154713016,-0.89816203542782036,0.39167281467317311,0.19974324609895719,0.065329429087963853,-0.33037532339881531,0.9415860084900205,8.9067975783950804,6.0837137177980791,-3.4864990949411538,,0.2966620491696316,0.1,0,1
0.7413395373609204,0.64100507817828722,0.19881695122686288,-0.67029496935205224,0.69240721290655427,0.26697735030580744,0.033471546227035652,-0.33118686759083005,0.94297132211353385,-21.876368113109333,2.2994621376239084,-1.0307854504970071,,0.4263787156221394,0.5740740740740741,0,2
0.82957355397864518,0.54929884970936416,0.1003916941146511,-0.55802725344341686,0.80896980834504539,0.18486057881705723,0.020329853753453048,-0.20937674869514597,0.9776236873931673,-20.10547724623563,2.3717387496538609,-1.1340418102120522,,0.07030697029604802,0.2432432432432433,0,1
0.74460363126316054,0.66122972455837892,0.091327343496712135,-0.66667999768801622,0.7298797667628395,0.15104074534022446,0.033214650267958896,-0.17335160060026605,0.98429975595694641,-16.42047952254681,-6.9760031896281003,-0.32328093717325784,,0.07193359689066957,0.1818181818181818,0,1
0.16281133708583079,-0.98659663895741034,0.010933458476878653,0.98211660333008755,0.16311401733723602,0.094025500857374864,-0.094548643457726678,-0.0045704864127915331,0.99550975116984908,-20.544896160542713,-2.8533354608215231,-0.55441603687032337,,0.08879539801403334,0.2777777777777778,0,1
0.58047962937449293,-0.81091006938876353,-0.073947679105982184,0.80917240509687993,0.56430816563688746,0.16369579415874289,-0.091013288650513016,-0.15485849527695031,0.98373544600648422,-11.306965040957689,5.9833469876457297,-2.0842447800739272,,0.1360027514333122,0.2222222222222222,0,3
0.72029444619133198,0.68618219627457955,0.10163613679059474,-0.68199347105974739,0.67375982048345251,0.28448657215057305,0.12673127561024417,-0.27422927965098842,0.95327723457780122,-12.291943971892273,2.7931204652001922,-1.6774020064798483,,0.3579883507140015,0.1111111111111111,0,2
-0.99351528229868169,-0.1136981445215673,0.00034025185459560068,0.11139067073692621,-0.97394334197864096,-0.19755122142941725,0.022792593352873258,-0.19623225664459387,0.98029250692863179,10.065865145928397,7.5181317924593669,-3.7349630170841444,0.409524456204731,0.5483042001425956,0.25,1,3
0.45853831216519736,-0.86472100825499976,-0.20493948901846085,0.88343604037020274,0.41854550611637981,0.21061913940760571,-0.096350292431881229,-0.27762787538761163,0.95584485349665993,-17.895197066881931,-10.924460710163038,0.1787320155775414,,0.3261346515679975,0.3809523809523809,0,1
-0.74667126761450309,-0.66478505801042387,0.023299029272246287,0.66440234778773688,-0.74361843752747958,0.074840761776812828,-0.032427432416008033,0.071361376214783501,0.99692327468649145,9.9305505020329701,4.8732073976814672,-3.3626460252326948,0.4377177909097164,0.3436019817813545,0.8467153284671532,1,4
0.99925337619763044,-0.018596201765829917,0.033865490362941821,0.0034666884547209396,0.91616225268617457,0.4007926007602346,-0.038479504009223744,-0.40037595836023854,0.91554269137944932,11.811964826823244,4.6716508709929476,-3.3355502812680862,,0.6132027816927852,0.2264150943396226,0,2
0.37463317303193372,-0.92246086714830011,-0.093359167969897849,0.92315666706972388,0.36175224205450512,0.13006568883936273,-0.086207619783545825,-0.13491206005596804,0.98710028991116738,-8.6053967245012277,-1.8115084717257501,-1.3548935061287004,,0.2163848722202273,0.32,0,3
-0.25469303124115489,0.96265074267235506,0.09184229673497786,-0.96047053084459222,-0.26286061427618501,0.091655097192976875,0.11237356991881801,-0.064867904966248807,0.9915464364763712,-19.862147073038525,0.65956642035567059,-0.97788002325599954,,0.09200119714737727,0.265625,0,3
-0.91932974863692629,-0.3934873217943885,-0.00073543065290201644,0.3934817100774522,-0.91932400158969418,0.0039400425931352227,-0.0022264558584462217,0.0033328198558184997,0.99999196757079967,3.1317213574711853,-6.7142110745386043,-1.3537481202787742,,0.1906658183235196,0.4959349593495935,0,1
-0.99053372120130923,0.13018579262101737,0.043527078499754693,-0.12879081140772275,-0.99110712883391494,0.033460216250546689,0.047496042572268374,0.0275375847566635,0.99849176629842185,-5.3840867377673156,14.760947974675091,-3.6025503157524486,,0.08929469533487983,0.3333333333333333,0,1
-0.91680714151930542,0.36696158241866639,0.15749241977945502,-0.39337474458260352,-0.89778790619375781,-0.19807368784570778,0.068709355867823396,-0.24354891196844985,0.96745178272367272,8.1757000169003025,7.2497761694247522,-3.6042215314655301,,0.6468814664169584,0.35,0,1
0.94982219883807562,-0.31273096138927364,-0.0060939628275825664,0.30657003706189184,0.92689082615443963,0.21653685313731413,-0.06206934001802774,-0.20753973638626691,0.97625542500436102,-1.9168412532512444,13.040413950734131,-3.7220918538008432,,0.7196564689950168,0.4716981132075472,0,1
0.91884474048227649,0.37086501257341103,0.13484615432774116,-0.39461185746147998,0.86142855815298558,0.31972225626200718,0.0024134702935876121,-0.3469870050122793,0.93786683143917082,6.0411518025409565,1.3150501181367595,-2.5431335828428798,,0.09020150802522992,0.25,0,2
-0.50787138553013633,-0.84919965104458783,-0.14466032083971744,0.85939744348615099,-0.51101346068687892,-0.01735733638228075,-0.059183527177481918,-0.13313600438112114,0.98932912342064538,8.8037734979704965,1.870345900269351,-2.8163615093459256,,0.2512750149245679,0.125,0,1
0.59890974055638313,-0.78456215150825481,-0.16052835602292864,0.79534163453262507,0.55934230558022657,0.23359766601395848,-0.093481586666349592,-0.2675788026151078,0.95899049909027112,8.0263530559671228,2.0434643743170415,-2.8213233271954552,0.881769140497962,0.7653333326205509,0.5228758169934641,1,1
