axis_00,axis_01,axis_02,axis_10,axis_11,axis_12,axis_20,axis_21,axis_22,location_x,location_y,location_z,dbh,dbh_approximation,score,reconstructed,number_clusters
-0.8159246859631849,0.56611148048934323,-0.11740825564687654,-0.56936264469453157,-0.82205689681278737,-0.0069740396456536716,-0.10046435020606609,0.061157583836302522,0.99305924509919297,2.0167412109920533,-3.7931100417684442,-0.4318100110467965,,0.07863647184804645,0.1290322580645161,0,5
0.82977222603427936,0.52231842186148369,-0.19662532666532181,-0.50340062816706233,0.85257062262633232,0.14039637101988464,0.24096858812534516,-0.017515696351427357,0.97037484505638349,13.007403283149255,-4.54024720737028,2.31467776453893,,0.07751913960440933,0.3448275862068966,0,5
-0.97271438392073317,-0.073272100104859961,-0.22013161213222149,0.073638681451317731,-0.99726346716258207,0.0065514622013332774,-0.22000925414131736,-0.0098375001442198521,0.97544817990659693,-7.4521452463706801,9.9426749947383204,-3.343696593789939,,0.06841402220284168,0.1515151515151515,0,1
0.35105306433472044,0.93049565885280228,-0.10459242265715243,-0.92094159491864125,0.36329778444793137,0.14100105873337865,0.16919906846644295,0.046824658795490165,0.98446895662523248,-15.077003862660343,8.2837967689566998,-5.0013594444539153,,0.1063273064276669,0.1714285714285714,0,6
0.5809301118105592,-0.70538976809916898,-0.40613480551754344,0.813691554473985,0.51594103382497958,0.26778891648707537,0.020646049730682577,-0.48603510642402453,0.87369537938225705,13.40262253964111,-6.7847855805624118,2.6153195235136968,,0.3188668675338389,0.1875,0,1
0.58993483436846361,0.78898820163065797,-0.17168141683441801,-0.77620050640625848,0.61271573871382223,0.14863444212914609,0.22246272733498718,0.045574567688512438,0.97387539948736968,11.577423868851659,-2.8838367269074965,1.8092328626036573,0.253911351106432,0.1815622516942879,0.5526315789473685,1,5
-0.47499193890229396,-0.82024418491559592,-0.31871952417445354,0.85026547597263169,-0.52112749881758036,0.073991555904491788,-0.22678465192087877,-0.23585081532249036,0.94495667337970757,18.323777106337843,4.3434921615332351,2.9941726738733356,,0.2183842787172458,0.2631578947368421,0,5
-0.4280718522860309,-0.85674366828723347,-0.28765391728627943,0.87989376996506352,-0.46774083626728707,0.083698647926039357,-0.20625577048188193,-0.2172758544747069,0.95407010235370637,-19.411505356690352,-4.0477426757541819,-4.7791284468758004,,0.2495599272314116,0.3783783783783784,1,1
0.86303134013194893,-0.42267643217248674,-0.27662526933740339,0.49019991074747565,0.83299633172852594,0.25655634630620161,0.1219875135135582,-0.35701784971168887,0.92609788982268104,-2.0121553331227533,9.0742900827505579,-2.0711984215211769,0.5025034369032462,0.57931137207546,0.6804123711340206,1,5
0.768905008962109,-0.55021401465782394,-0.32565261440236876,0.63096334287827904,0.73529069266877656,0.24745273734298551,0.10329737236176376,-0.39574251142477684,0.91253357062322049,3.6968965058640788,5.3684800188728365,-0.66580126481721258,,0.2274481331320726,0.375,0,2
-0.70145127546108199,0.69579946005631688,-0.15436715822790623,-0.71019646889144361,-0.7005793717325437,0.069350699181471576,-0.059892267682448749,0.15827714708122681,0.98557661345208547,-6.5693750001696145,5.6252243805876088,-2.9504763649082775,0.2500583123022587,0.1915375746279201,0.2580645161290323,1,4
0.91047390452466226,0.3586007797716817,-0.20601638266594124,-0.33661784130524891,0.93197495000537089,0.13457756676906527,0.24026172831854017,-0.053180572671134019,0.96925029202768853,1.2452269808247447,-2.0920304756247883,-0.71726198112453088,0.1093211606960168,0.08480777021620541,0.3815789473684211,1,5
0.4905480172306676,0.86720786781211734,-0.085516997116487414,-0.84027358356547766,0.49673503146716042,0.21724321226530566,0.23087431115888651,-0.034710553410737165,0.97236424755789419,-20.117202170607644,1.357732974685435,-5.4789892700187206,,0.1566822516505833,0.2380952380952381,0,4
0.72527107847438177,0.6721152152901132,-0.1491408733517911,-0.64606756785693364,0.73929161133497412,0.18985418397592965,0.23786248231286136,-0.041340667450645387,0.97041866672210153,-3.0402964825536873,12.473241663567579,-2.497105117646925,,0.1661367125491508,0.4305555555555556,1,5
0.90150279724804616,0.40577996559275831,-0.15045041069231943,-0.35438394542592472,0.89170774845415346,0.28154806085494311,0.24840435941887759,-0.20049915428839954,0.94767893474073439,-14.77175037785158,14.936624784355553,-5.1570648698613129,0.7573702152285092,0.6261347459936353,0.9408866995073891,1,5
-0.17802490200168081,-0.95022134184305096,-0.25570791104947227,0.97029425971742267,-0.21277069943657861,0.11514199503521159,-0.1638175321103072,-0.2276137758732146,0.95987279636732481,-18.370424635128231,-2.0124016980535808,-4.7817057385747903,,0.245768655652142,0.1764705882352941,0,1
0.87902496853212564,-0.33195117413251368,-0.34223314083989559,0.45841676424562927,0.78572073554773247,0.41532757672576426,0.13103119840580446,-0.52196871910333298,0.84284012797324914,3.1891458933691945,6.3215267539826483,-0.85386866174435738,,0.2885478029697047,0.1951219512195122,0,1
0.026706613158397084,-0.94673144239190077,-0.32091483730136039,0.99215450400874883,-0.014118378436634948,0.12421800016693767,-0.12213188358803403,-0.32171454330954757,0.9389268105844929,9.4540299752753594,-2.1106403019200282,1.2279031531932294,,0.07844488757190468,0.1612903225806452,0,5
-0.62954622566011775,0.75432744473422264,-0.18617641063743437,-0.77600589147830235,-0.62234274986299931,0.10249077072558958,-0.038553938165448824,0.20899666938422418,0.97715607046072028,-11.208229879261046,4.715357141124338,-3.8642259945339568,,0.1109413322306524,0.6329670329670329,0,5
-0.88204751141979842,-0.40042151021300498,-0.24830384966181401,0.40446354098318671,-0.91381086211984341,0.036863970040267903,-0.24166388148310938,-0.067914081238901927,0.96798049874777581,-1.5055628090459763,12.470264022685109,-2.1673063477151833,,0.134401899398489,0.2380952380952381,0,5
-0.62177424361484324,-0.70604242622677615,-0.33897032664378762,0.74310102919258703,-0.66853239207120574,0.029416001843696724,-0.24738158862394444,-0.23359908629820877,0.94033707599484484,0.68630443753627735,10.792499100979539,-1.5625253399258636,,0.1978128366454698,0.2777777777777778,0,5
-0.13507390433276839,0.98856899226807649,-0.066980503837927113,-0.98662563965675198,-0.12796740069674858,0.10096628908117246,0.091240821676523767,0.079722593315811274,0.99263257078074707,3.2385060258416272,2.904092785308233,-0.70821446556061141,,0.1322076671483906,0.2222222222222222,0,3
0.97774988301021748,0.084571657945317971,-0.19197083358126912,-0.045766356199260866,0.97908594503428115,0.19823257269321698,0.2047208023473667,-0.1850360692100578,0.96117170483610359,-5.634180028876238,11.357390272673999,-2.9923533422415094,,0.08233477437780981,0.25,0,4
-0.95599043086538427,-0.19279468241911046,-0.22116172029700709,0.18172157904394498,-0.98088618357233537,0.069566964765425163,-0.23034661665323522,0.026315495583648346,0.97275275938369576,-10.617105628682774,-5.843268647036866,-2.8855263110378093,,0.07826173331527844,0.3170731707317073,0,1
-0.66533004632160508,0.73778162717020745,-0.11407979694832901,-0.74503115232156436,-0.665919503570362,0.038468127521427073,-0.047586884034289449,0.11058700364276008,0.99272655000922772,-9.259127276913393,6.9983603470630316,-3.6837528222325493,,0.07382377287885133,0.3108108108108108,0,5
-0.7491483712206356,-0.61669122461143555,-0.24180291847849344,0.61821208800396332,-0.78201898657004731,0.079120913099734416,-0.23788764605008142,-0.090212183939886087,0.96709421967331977,6.9647992321520045,1.870071454853796,0.2694941569028117,0.7390882444676636,0.7423246896071374,0.851063829787234,1,5
-0.63667880488179407,0.74897491823000806,-0.18351204667989496,-0.77022600950370446,-0.62917717057360911,0.10434549493383787,-0.037309431760487448,0.20778031641938816,0.97746373150637622,11.923819505053775,4.6924165904273911,1.3644307365178197,0.2047889931147629,0.1251981776351813,0.4117647058823529,1,5
-0.80709433974018319,0.58085242454627806,-0.10587345114837332,-0.58647173927005203,-0.80940873242604761,0.030139723124432569,-0.06818816463959583,0.086417386972575325,0.99392273816022236,6.7814061331117692,-7.3257906916277191,0.98704430967147649,,0.1790074643119615,0.2571428571428571,0,2
0.096906002369333652,0.99126100158346409,-0.08950337113507234,-0.98494002601509956,0.10844656374856845,0.1346569269087268,0.14318649328120722,0.07510638821615305,0.98684175965093546,-10.634311986138815,6.761559541732014,-3.9176759919395576,0.268368463726913,0.1118415585163642,0.2727272727272727,1,5
-0.72378999033957181,0.68002245548278306,-0.117036361543796,-0.68663056675491518,-0.7265903375505175,0.024595653600787078,-0.068311892683979955,0.098162831139858922,0.9928230174107272,-22.210095290776934,7.0655810637045819,-6.2892172070875265,,0.2583257976064315,0.1111111111111111,0,2
0.96173586396032507,0.21098232998027891,-0.17478725470862755,-0.14362399208211349,0.93151383089888307,0.33414687151383432,0.23331583073354223,-0.29625738687867109,0.92617238344108355,-13.678155156694597,-14.532991222066242,-3.0588497489085236,,0.2891354700693388,0.3846153846153846,0,2
-0.5627620588218103,0.81191973963689268,-0.15519407700874338,-0.82650031093357046,-0.5558560912397551,0.089001358744518505,-0.014003613010462513,0.17835454078777876,0.98386663557772491,1.3780922470065142,4.1434112221644774,-1.1293431810458197,,0.07067786650043537,0.352112676056338,0,5
-0.25020175399769456,-0.93751647361150003,-0.24178904855996627,0.95559895359684199,-0.27927254725818823,0.094007894522439489,-0.15565899325479493,-0.20753242169593533,0.96576424233035407,0.0022240188041478359,-3.2094296231235582,-0.87736454697062916,0.3427656336140064,0.1639055710641554,0.74,1,5
0.94236614308219102,-0.24896463772068372,-0.22352329081552835,0.2899069575626399,0.94110082192195366,0.174020685364114,0.16703295581761199,-0.22879215926781868,0.95903813246835989,-2.1834917187398131,3.4742695770589589,-1.8590504747675802,,0.1214687075814072,0.5,0,5
0.9593444395572549,0.22342145879820882,-0.17245607568032534,-0.16622762319152457,0.94108298878998586,0.29450158827789896,0.22809345360767008,-0.25386149758990401,0.93996155052360408,-7.7026565933325344,-13.447196037673804,-1.7713155681587587,,0.1284008121431587,0.5882352941176471,0,6
-0.84774458390705543,0.50945865394275391,-0.14758387574220608,-0.52126581329491328,-0.85166605046602561,0.054285268476756805,-0.098036076758743859,0.12295047135508742,0.98755866116768765,-9.4625260628112038,22.519300274545092,-4.7978777284338854,,0.332570661920124,0.8108108108108109,1,4
0.46211624529449125,0.88450340200946476,0.064049259703795589,-0.86129779214975288,0.43044286005534654,0.26997232722139147,0.2112218953444038,-0.17992408416067046,0.96073546560229639,-15.467603768952387,-12.936188666615093,-3.4716621568247001,,0.4175627757704705,0.3636363636363636,0,1
0.56740148587376771,0.81398109034958921,-0.12446018793789064,-0.79317492363511433,0.58086917635075908,0.18293315850884448,0.22119921868006662,-0.0050778458902514386,0.97521542293815455,-18.75298843482831,2.0444142548049831,-5.2338391400429334,0.1950170002413155,0.1932310495139574,0.5961538461538461,1,5
-0.53188150491210084,0.84540004380819467,-0.048998272026075013,-0.84679250732762656,-0.53051803909961559,0.038640130999908054,0.0066719012455337783,0.062043340649912959,0.99805115581054682,3.6240660623103467,-11.30976884854309,0.71378594117684546,,0.4704933144962392,0.2222222222222222,0,6
-0.52336306057878745,0.83583922663725951,-0.16572234018391185,-0.85210914022444684,-0.51312779111409235,0.10300428696091099,0.0010582851969012756,0.19512215968669455,0.98077837600124607,19.16593625312111,-9.9751916399995793,4.4955661681331796,,0.4438053197083477,0.7567567567567568,1,5
0.09760264265472765,0.97965980367706074,-0.1753293848909398,-0.98454903186163367,0.12078093797253664,0.1267878893380302,0.14538544633879924,0.16024554309526373,0.97631164999244513,13.592633158277545,1.4865972692044107,1.9410412815176001,,0.09303885729405786,0.2631578947368421,0,3
-0.081061413542932101,0.99038371876991382,-0.11211216182866673,-0.9908254037513865,-0.067867595811501938,0.11687176185746151,0.10813910724304289,0.12055736822874839,0.98679879126924064,-20.548228211985187,7.8667850955958576,-6.0029870431100303,0.2747572632661124,0.2218535665716486,0.3287671232876712,1,4
-0.28432400532706775,0.9425845234757515,-0.17519781990300212,-0.95552878761871263,-0.26368666978202943,0.13203816195015969,0.078259798279110976,0.20494817950705058,0.97563909704872909,-11.015783892239764,12.237323790295161,-4.2671276785811987,0.135376480258834,0.117592762543368,0.3478260869565217,1,5
0.086844840350570288,-0.95977580080247504,-0.2669988499946252,0.98977840266106787,0.052693442825920651,0.13252212912889955,-0.11312244397196017,-0.27577855840713905,0.95454151266075971,12.855838928301937,-0.67331488909602166,1.9998760651395071,,0.08661031355435711,0.25,0,4
-0.84305904847555957,0.50717806552260547,-0.17894650216260524,-0.50821422516028436,-0.86013116467052952,-0.043504952674948756,-0.17598222105717218,0.054265913935595073,0.98289646883917448,-6.2322623494065752,-15.701602175016799,-1.2402121784839684,,0.267607090828364,0.2631578947368421,0,2
-0.58030865222137717,0.79256606096530358,-0.18729897800829318,-0.81417340091198065,-0.56998264319595515,0.11064113024897884,-0.019066761770885756,0.2166998510873851,0.97605206476615647,-5.2592426060092823,12.994226601351043,-3.1145138762535347,0.5385378596972025,0.56136031500553,0.9473684210526315,1,5
-0.91604943115805448,0.39822677420043701,-0.047632719688465164,-0.39162909492410863,-0.91377674293059841,-0.10788288134857837,-0.086487523284744725,-0.080171693190689688,0.99302185672169851,6.7357827405281947,-8.9425468961778964,1.1985911020240687,,0.3994879135108236,0.2,0,2
-0.03984836915016212,0.99920573794994416,-2.6906870487743783e-05,-0.9878151395309176,-0.03939005713974747,0.150564516112001,0.15044386856760225,0.0060263294329716589,0.98860018499086832,3.7204861512595104,7.5235910831751713,-0.83739071837191914,,0.3366243454949231,0.2380952380952381,0,5
-0.72925335113505929,0.682041643750951,-0.054852037772424339,-0.68051902690116473,-0.73130248096081829,-0.045722372707948093,-0.071297993546653005,0.0039846618493187989,0.99744710064552733,13.750924997631016,-6.0311647160037891,2.6867644307041396,,0.08003425556469669,0.2,0,5
0.769227636642146,0.62049359595456344,-0.15256651141489938,-0.59248161221154516,0.78203925998566892,0.19333942958505387,0.23927887958853741,-0.05832917983686086,0.96919725781824839,1.4627341017194926,9.2365395067091711,-1.3725261631713608,,0.0802921626481605,0.2222222222222222,0,4
-0.94445793732089967,0.26808486124002506,-0.19007817288018752,-0.28316989117739061,-0.95739148617225844,0.056712916830832308,-0.16677534998355931,0.10738737997917941,0.98012954922248452,-10.414244230303135,17.953735908554744,-4.5445973357690717,,0.1278716903680532,0.2631578947368421,0,3
0.81361197040307431,-0.47307388786631738,-0.33798913922768825,0.57236220754175171,0.75385864651983214,0.32264321540243068,0.10216195473247054,-0.45595859207425132,0.88411803358991969,-10.682142975541959,-9.1837894576416907,-2.8051935173902529,,0.7794268140678651,0.4657534246575342,0,1
0.1322192051343731,-0.9518549010460321,-0.27656885064714465,0.98623459202712138,0.098379145224324005,0.1329017429307382,-0.099294568243843195,-0.29033393039667166,0.95175984238550881,-14.525299946618503,10.933645748542515,-4.970803571899447,,0.08245172318762838,0.2962962962962963,0,3
-0.74330798791645369,0.65498689076800176,-0.13596105332652619,-0.66472937325751791,-0.74599569015233658,0.040314893064549433,-0.075020633350166843,0.12034368781205097,0.98989358083358392,-24.388114246677805,18.802991103349537,-7.4834976355182556,,0.455658926902063,0.6578947368421053,0,1
-0.96443398079731091,0.21678751931287718,-0.15122919081189276,-0.1895389550752446,-0.96597411895239271,-0.17598007280124661,-0.18423376778548331,-0.141057339349346,0.9727079447723489,-2.697689144547839,-9.8035706576314929,-0.919643209869623,,0.4635330797424487,0.2142857142857143,0,1
0.57176744465273543,0.80582078695428017,-0.15406118442899733,-0.78903938191049861,0.59155379389853646,0.1657738300171219,0.22471947630229777,0.0267762625590687,0.97405553678103396,-14.888289557628482,-5.2089856278321296,-3.819946726457117,,0.3963339691340622,0.8076923076923077,0,2
0.93949505332377925,0.31304481128611489,-0.13911143341576729,-0.24882911566362489,0.90272893787486974,0.35094805302404436,0.23544238356380784,-0.29509898483415659,0.92600403518107977,-14.404760196833022,18.53863392895687,-5.4163847429575407,,0.3684296570890159,0.6,0,1
0.39220124622219971,-0.89300402931577505,-0.22073057352243639,0.91917922305326771,0.37109194858218231,0.13191027861645094,-0.035885071672553635,-0.25462633273734486,0.96637347454686817,-3.0780416454867363,3.8950464673070155,-2.01712044460047,0.1362995403362427,0.12883407879259,0.5760517799352751,1,5
-0.44054196838435511,0.877172529717552,-0.1910265091576264,-0.89749002901259012,-0.425396496661543,0.11640218404766293,0.020842790480598093,0.22272443453064733,0.97465860912833746,-1.1048440388219047,7.5404524287100037,-1.8900073509440733,,0.072714846202343,0.1549295774647887,0,5
-0.97829027665069113,0.012271927400017766,-0.20687564962702196,0.0062695304593885486,-0.99603571536278135,-0.088733008004747954,-0.20714446069961046,-0.088103652135655297,0.97433511631359471,7.3913210700826824,17.319835711365869,-0.82295775081825295,,0.3050838270276599,0.4137931034482759,0,5
0.6620903913845998,0.73990353229134032,-0.11907592762176968,-0.71239372499120301,0.67070806245600278,0.20650877838404846,0.23266175927587551,-0.051898534269394801,0.97117199707947843,-17.16590184717424,11.415705105895324,-5.6510424775948156,,0.1699524820951023,0.5,0,3
0.70234291835593943,-0.66143963646024473,-0.26308179783976365,0.70917756742339422,0.68210385937873208,0.17832975882918817,0.061494738788776898,-0.31182035267117963,0.94814896760019818,1.2412969723966749,6.087879913961955,-1.2668243560526178,0.3549280257830301,0.3536976958658877,0.2125,1,3
0.89630008448259535,0.40669487654573677,-0.17676378573661361,-0.37230861984255365,0.90668664059463189,0.19825646864138483,0.24089925310682139,-0.1118866084867508,0.96407932074799063,-6.9447608687057132,7.2652707242951022,-3.1822323446346363,0.3609209426507184,0.2466388871292614,0.2584269662921349,1,5
-0.86774777080383358,0.48045634799223363,-0.12718295459275933,-0.48119394960581846,-0.87620126782844432,-0.02690206532183255,-0.12436313411831941,0.037855461029987957,0.99151438463719554,-12.97761046486872,6.0644999835453079,-4.3657302755280929,,0.06896186227931382,0.336,0,3
0.83562747628523315,0.53691218813642017,-0.1159828569562466,-0.48658501109671615,0.82151086326654343,0.2972455693716336,0.25487594600742614,-0.19195104523190129,0.94773047243464725,0.28681527738192453,-2.3014956384366703,-0.91203047457756081,,0.1236090908330501,0.2444444444444444,0,5
-0.93108368861458479,-0.20508893263372666,-0.30169801873233487,0.24790083225867809,-0.96242644797012256,-0.11081746077701726,-0.2676347177802465,-0.17797152007770758,0.94694128428320001,6.1801948632833694,13.538264060036251,-0.64001682276719807,,0.2713728728686858,0.5238095238095238,0,4
-0.36624762209930706,-0.88371596674480224,-0.29139109359570997,0.90966819241867591,-0.40595120377671745,0.087791798329761042,-0.19587357914824197,-0.23291567202001376,0.95256696915184058,15.590418998508328,0.14952137565428206,2.6254725281657931,,0.3955222804542842,0.7727272727272727,0,4
0.97749124246551489,0.043853381663805882,-0.20636800095914151,-0.011494499377769061,0.98777564610774637,0.15545787030728983,0.21066263880260808,-0.14958660993909934,0.96604611625928571,0.96560194721943926,5.3520345442416302,-1.2496691094196781,0.3065906654461661,0.2191213591290622,0.7480314960629921,1,2
-0.0194904232645839,-0.96409934230354299,-0.26482556819695835,0.99193828410515827,-0.051818791547870516,0.11564278347147698,-0.1252140724019466,-0.26043669290711086,0.95733701749181621,8.4433069634921161,3.2468211013228596,0.48665351147635005,,0.08383714186439639,0.2692307692307692,0,4
-0.26926399319829042,0.94362564922449088,-0.19252931229443968,-0.96087183977428059,-0.24973914466787792,0.1198151373965181,0.064978531036802803,0.2172578968558235,0.97394907297973454,2.3665616428657144,18.335231152487104,-1.9846372691296801,0.5305978072395148,0.4788217501550006,0.8636363636363636,1,5
0.32492519275172238,-0.90105112692525002,-0.28728119635993077,0.94437893868808032,0.29283691510922183,0.14964946144804328,-0.05071527657058738,-0.31992719142963028,0.94608379803605003,-3.5442827582370136,14.69323321716324,-2.8822920017932034,,0.3269630142203433,0.1111111111111111,0,2
0.74349516830753859,0.64697175098347015,-0.16924091743053471,-0.62362352083695016,0.76214478291350063,0.1738649882427748,0.24147181815332489,-0.023725161898644407,0.97011776487734325,-14.901105255404659,-2.6916826061860926,-4.0208370992109517,,0.09918050508264413,0.4049586776859504,0,2
-0.45295484599573521,0.87422676254136722,-0.17481268588240145,-0.89136457294170324,-0.44026139366553407,0.10788467616921335,0.017352394458233875,0.20468872197588478,0.97867329661253355,-6.9096859267882129,5.058953114195667,-2.9342458969639074,0.6993571127687176,0.3149505808597899,0.2419354838709677,1,3
-0.80856126159736663,0.56256281503445016,-0.17248700062494271,-0.57973239065374638,-0.81180172141487916,0.069916524046392148,-0.10069280744405573,0.15652809411844584,0.98252730968695223,-11.910195936070101,7.8680750013730414,-4.2540448931506081,,0.07539963343006445,0.1756756756756757,0,4
0.65614791397646255,-0.71151857893326076,-0.25141842974835743,0.75330600989570884,0.63731762355594157,0.16234624159497246,0.044721029050578967,-0.29591816189243975,0.95416585089954709,-21.023074663876031,12.489470339784171,-6.5307393812940129,,0.09017189706742956,0.35,0,1
-0.97227760544286113,-0.06627051530090354,-0.22424200488768631,0.07791427513746095,-0.99601185430404937,-0.043471275753226714,-0.22046683125608815,-0.059737801161088518,0.97356343985810068,-17.475246860623077,-4.388905513995061,-4.3640278424897074,,0.2255239447422124,0.25,0,1
0.0279538028831324,-0.97022550297596677,-0.24058482553852742,0.99240329697123109,-0.0019103465232736178,0.12301238448543227,-0.11980935299467141,-0.24219583801377284,0.96280158650877012,-9.0042213326432989,-4.2120997579702379,-2.7763468795969031,,0.08630435477651809,0.2,0,4
0.49757038668987308,0.8508910942049499,-0.16854689582425517,-0.84014519312227065,0.52108344950283259,0.15042637111813301,0.21582345739708564,0.066756156696824345,0.97414775613365567,-7.4027000030457142,7.9401828710760416,-3.3324919777990587,,0.08110973411702248,0.3513513513513514,0,4
-0.66063834901935159,0.74652052178238892,-0.079145956073164533,-0.7497651418187159,-0.6614066438035775,0.019836422208862885,-0.037539364919321069,0.072445580198088042,0.99666565807758034,12.431791228731775,7.299535524154976,1.4195086788278142,0.650232154139343,0.4205799216450749,0.3529411764705883,1,5
-0.90549171472478185,-0.26951887328552343,-0.32778702156686396,0.30094368445165715,-0.95242196779911137,-0.048221302785482374,-0.29919500890461914,-0.14230942413125625,0.94352020351977328,6.8802386192956897,5.2586740022762823,0.11059863590865386,,0.6146998796113357,0.7402597402597403,0,5
0.60724686055733623,-0.7500335025784991,-0.2621087471891928,0.79398796163450092,0.58486584432493038,0.16587664368914862,0.028885413667619136,-0.30883926102734333,0.95067551968341713,-17.022369149336061,17.808775233207299,-5.8881903469012924,,0.1766271304993259,0.375,0,1
0.53101267845395639,0.83058694540528433,-0.16778218452348823,-0.82272158261673689,0.55276657040302657,0.13258324231020613,0.20286629295613917,0.067634641768805168,0.97686786333415576,-0.6194198523126655,-7.6824429285016516,-0.67103209069969227,,0.08474591316703822,0.3863636363636364,0,5
0.53922466362052157,0.8208603826711417,-0.18821528711643523,-0.81274396846237629,0.56578009389467232,0.13906878542851811,0.22064451924161371,0.077981520333490012,0.97223190577923035,21.938494264557363,-14.399565878907381,5.621116685225811,0.5187554233343146,0.4979703234860674,1,1,5
0.97225904510573358,-0.10469875963254402,-0.20916624713727763,0.13879376459149714,0.97802121719073154,0.15559816719768488,0.18827809251372296,-0.18031269632548169,0.96542150971646945,-18.058740833553621,5.7626524389561684,-5.4002080445993252,,0.09823549596248361,0.5357142857142857,1,4
-0.95288446864917797,0.22458066556042686,-0.2038987838698654,-0.24576860057360847,-0.96559270099488315,0.085020766624964189,-0.17778915709138304,0.1311268867999322,0.97529316370970931,3.7644992801054387,-5.2820354645363947,0.10520090589730011,0.3564231733726093,0.2618059016712576,0.472972972972973,1,5
-0.55448989769874768,0.81625481980928305,-0.16207721150164089,-0.83211268197486399,-0.54648373665845384,0.094572776550192819,-0.011377075486758051,0.18730615234404058,0.98223569852018722,-4.5765135928361698,10.919647515176111,-2.7394665467276762,,0.1011099643163622,0.3934426229508197,1,5
-0.91457206937872648,-0.34013760049366459,-0.21877920980460139,0.32605557818961628,-0.9401852505813536,0.098688674733789103,-0.2392607152119805,0.018923723726818824,0.97077093221653588,-13.070059142116039,4.968743308936947,-4.2607662922821001,0.3958062889843394,0.3611758091410724,0.9592933947772657,1,5
0.050767359370617972,0.98927066114177731,-0.13698990556477145,-0.990779531203135,0.067140321772560158,0.11767794075854905,0.12561288059522413,0.12975259610654249,0.98355765872275225,-0.57216849777093015,15.747309549937027,-2.3628004473152071,,0.07394045664422041,0.25,0,2
-0.58444954247095482,0.78944689983688121,-0.1875961743837786,-0.81112244866233074,-0.57476544465066903,0.10828230193130819,-0.022340671017584617,0.21544901014731099,0.97625950363877523,-11.35755454292376,14.696662819528424,-4.4783910612390994,0.4294964901243297,0.4006455761951871,0.8666666666666667,1,5
-0.66766627753916352,0.73437057415227658,-0.12215400794182589,-0.74048743598815558,-0.67203175353989841,0.0071888370252511363,-0.076812101785351167,0.095253252193004526,0.99248512279326995,5.2768717215001928,5.3335202795751391,-0.31920700139788699,,0.1508715641363785,0.1304347826086956,0,2
0.94253007500627417,-0.20744862662738353,-0.26192007372303389,0.2837989368336904,0.91077993144678082,0.29989678211988868,0.17633837120925802,-0.35699437500359776,0.91731117678520435,6.9405950812161503,8.8287778568684576,-0.10585290531615825,,0.2162627422292511,0.2857142857142857,0,9
0.73127050575668984,-0.64275246792978002,-0.22828208948695811,0.67841898159722547,0.72005779126296177,0.14582339541406886,0.07064794985657992,-0.2615072507822328,0.96261249990293596,-7.4834210430581196,-11.508581739344622,-1.8928994462914581,,0.0746801479230101,0.1923076923076923,0,1
0.5114068136297043,0.85300455013030552,-0.10414561166994589,-0.83179525850298319,0.52180408370580333,0.18930701561194557,0.21582335115799492,-0.010185071670899876,0.97637930406681117,2.1171106814837914,9.933400284222877,-1.2110345863828085,,0.2360231877722745,0.5777777777777777,0,5
-0.05514248831803354,-0.97116813786617695,-0.2319304938459785,0.98871827462256978,-0.085508883744177755,0.12298131658180718,-0.13926765385208986,-0.22253242189480757,0.96492685826241109,7.0552691101604044,0.53680718816726858,0.3718518921838857,0.4523451908730198,0.3492489682271084,0.9403973509933775,1,5
0.97196490063461427,-0.0015691218460314195,-0.23512075576387548,0.096581633423229313,0.9143851559681474,0.39315617079019261,0.21437401899401104,-0.40484234511935441,0.88890182561327669,1.8433198482384963,7.8562343148075584,-1.2474637650131624,,0.3459584475709769,0.2222222222222222,0,4
0.96045934598246752,-0.17700083301406014,-0.2149152154391536,0.21090961134122185,0.96644911173313131,0.14660576480525661,0.18175527656391094,-0.18613656154170319,0.9655662586786089,4.9287600103143241,3.6332806606976145,-0.29152844719151211,,0.08271678609126065,0.34375,0,5
-0.59489569073876691,0.80369953209382183,0.012891053200471861,-0.80340032115749604,-0.59401374087663461,-0.041177659158556909,-0.025437002662999097,-0.034853088269452694,0.99906867688543022,-8.7547134348793687,10.434888249179616,-3.6204658158119116,0.3262967493576198,0.2587788879452039,0.4,1,5
-0.65196774670100988,0.74136346171770806,-0.15911717346517062,-0.75700655748074241,-0.64840540249193279,0.080693902808270476,-0.043348923778610972,0.17306256570735332,0.98395641120835475,4.3764656068248255,-6.9474705926390206,0.39193347454371358,,0.07841434197024676,0.45,0,5
-0.68964988583231557,-0.68756787386980256,-0.22722995795808698,0.68432800910202274,-0.72142946288159504,0.10599389626216783,-0.23680838441646523,-0.082401146281667684,0.96805570096019322,-6.1200823648184244,-8.8345464264993829,-1.8155959766887622,0.5460617752490775,0.5587629061357606,0.9153094462540716,1,5
0.93127909922758689,0.33085230071136806,-0.15249916214802217,-0.27643089907448387,0.91440269441635946,0.29572566760593239,0.23728716227121677,-0.23324765284584614,0.9430219165338507,0.69026646156299265,-5.0685695691292016,-0.65747952745414007,,0.1914804797662329,0.2857142857142857,0,3
-0.75635729040279986,0.64152860636837161,-0.12792457334535015,-0.64926809225441862,-0.76007633202920621,0.027109294888204682,-0.079841052315475752,0.10356165651476884,0.99141332937633764,-22.526809340890459,12.546309751854006,-6.7678792921264836,,0.6656674456740559,0.3962264150943396,0,1
0.9684752775640717,0.14458214679400669,-0.20285866896840291,-0.10964735768366939,0.97861978233041902,0.17401373102302575,0.22368078527264076,-0.14628507941687291,0.96362211568633849,15.747427726804915,-7.795701672584423,3.413544172820389,,0.225199071489356,0.2222222222222222,1,5
-0.16324512494889648,-0.92689877378516827,-0.33794924520698527,0.96984018466999922,-0.21360950216417113,0.11739249032385643,-0.18100012535819124,-0.3085930066296495,0.93381438780926496,4.2489975331071355,11.037468469295765,-0.8295993647338884,0.5913116970646899,0.2208663660472054,0.2,1,5
0.8778401709523117,-0.42134521744238235,-0.22773853868163887,0.46224646840932676,0.86980769391940649,0.17251892082235445,0.12539871094043181,-0.25671537417349233,0.95831747346974849,-7.9781546136566801,11.36196210827657,-3.5274807790423459,,0.06876696028557376,0.1923076923076923,0,3
-0.98836411566090243,-0.040095092238028492,-0.14672681572318147,0.055242875187587318,-0.99338556051645999,-0.10066455631653617,-0.14172014540935637,-0.10759884634985832,0.98404160920630224,15.745101973900196,-5.7220347436083632,3.1959847306151161,,0.5763593840900564,0.4222222222222222,0,2
-0.65105533995676845,0.73860472349963102,-0.17489999067413214,-0.75803782270695819,-0.64448655364837426,0.10007867661063517,-0.038802108956497064,0.19773756494524691,0.97948672872584308,-12.674032976381493,9.6367067536044555,-4.4430459558281701,,0.07235469486490527,0.2926829268292683,0,5
0.66758962176492986,0.71736396716986484,-0.19928129746183162,-0.70654132127896241,0.69481738332000897,0.13426900298175173,0.23478385429397802,0.051163878299526559,0.97070015932841769,0.45915559772599429,2.2144938222152328,-1.2841302127674112,0.1372654842216493,0.1189737554236177,0.6051502145922747,1,5
-0.86695971552783335,-0.35442747047135037,-0.35037411409403096,0.40605515290406657,-0.90995644223390049,-0.084252513535652593,-0.28896377705856485,-0.21531474963945313,0.93281267901746812,-4.8487300328209306,1.6423680383695223,-2.3468521051556213,,0.38037491443594,0.6197352587244284,0,3
-0.76133517006595242,0.62949454680473393,-0.15525905565779821,-0.64406547309423523,-0.76180104080785516,0.069561775365273554,-0.074487751936459734,0.15295682321221404,0.98542162805789946,13.080712525814478,-8.0314219966517442,2.6703349701904768,0.1711366205177929,0.1203701770785543,0.3809523809523809,1,5
-0.1303352656364356,0.98308656517734017,-0.12866049859727721,-0.98604488094311304,-0.1149695081343074,0.12040558527426345,0.1035770790153992,0.14255811996226536,0.98435205649983937,12.708275408452563,-2.4675781828874563,2.0844815244400876,,0.2168868349879796,0.4,0,4
-0.8568637036984742,0.48225891340397575,-0.18223867242314742,-0.50066234818700894,-0.86272422998056086,0.071021941062738111,-0.12297075421418226,0.15209616512872853,0.98068595899050715,10.833178987811216,-2.0615863258051341,1.5781638296700353,,0.07705674476666179,0.2121212121212121,0,5
0.86203142270871824,0.48901499763269901,-0.13328975336864471,-0.43269063387769324,0.84695291562263542,0.30894914480029945,0.26397091055133848,-0.20865064296236374,0.94169223612286901,-9.7610036541978733,-10.987306184492553,-2.4771880392424661,0.6090692449390427,0.3434417027751329,0.2307692307692308,1,6
-0.1698246418554954,0.97672056196032186,-0.13105927995592567,-0.98301983856536224,-0.15851649875734763,0.092436554504376975,0.069509625272918638,0.14453187698782852,0.98705569677135918,-0.75243515092167756,-14.262546529116337,-0.0037504306293950386,0.3994835351175426,0.3445339064692668,0.28,1,5
-0.52664902132296143,0.85006397914651299,-0.0056603619286499504,-0.85006267775303013,-0.52667070734951649,-0.0033778560223392232,-0.0058525405521499966,0.0030327178497846067,0.99997827495977565,-24.325422497551777,7.5278291994106894,-6.7190217283316978,,0.5571607803494245,0.6756756756756757,0,2
-0.86569536182198736,0.4866070073757689,-0.11741022482176308,-0.48477918090192629,-0.87344689890867289,-0.045603295394959033,-0.12474247986935333,0.017439471311391248,0.99203587563979923,-18.560682967223201,-5.4573311628968435,-4.4456788830470639,,0.2128189661530737,0.3333333333333333,0,1
-0.072799753296820258,-0.95986634227351963,-0.27084460653735887,0.98866968830310542,-0.10519824499683073,0.10707743310439864,-0.13127240132854393,-0.25998064201021093,0.9566491637112301,9.6787790648113017,3.2000510865075635,0.89010020880214491,,0.1183206666347243,0.3461538461538461,0,6
0.97692028583894142,-0.035870518453837853,-0.21057079812313473,0.067323527553871138,0.98726140810266794,0.1441612108330125,0.20271728528683547,-0.15501038022335795,0.9668906268389128,-19.698085157936834,-12.052546533901968,-4.354214721357696,,0.08747007196035514,0.5333333333333333,0,1
-0.30514505536355607,0.93725885290349042,-0.16861891305901841,-0.95061548203767465,-0.28924518606913907,0.11254966746333633,0.05671596333882415,0.19463572382751723,0.97923451456363941,-17.545877636428919,-9.2696317435831403,-4.209459707096876,,0.1411254675271681,0.34375,0,1
0.91215797195655712,0.36056298222706845,-0.19483883094399382,-0.33406116572870453,0.9295187981434897,0.1561984041207202,0.23742571837961959,-0.077389532531238328,0.96831807197145525,14.216247824145686,3.0420170441213261,1.9595146751824863,,0.08790914702312883,0.3076923076923077,0,5
0.68182997474524376,0.70539094016372861,-0.19373050114484253,-0.69249741247029473,0.7077523061376001,0.13976411155534804,0.23570154700563045,0.03886251010730251,0.9710481378630581,14.287049521633934,-3.2094798844655905,2.4917834463340243,0.1577350324778434,0.130271688278725,0.5476190476190477,1,5
0.1095485176663693,-0.91365307606273327,-0.39145520673278067,0.98770201118941603,0.055861196006614502,0.14602829819281793,-0.11155204780496465,-0.40263827858490236,0.90853649197415454,-3.6422962807831465,-4.7058726983755292,-1.5881763772666038,0.7493299882739608,0.4085497823414682,0.1707317073170732,1,3
0.56065480348599295,0.81080353733907085,-0.1681184557582297,-0.79670719782253985,0.58352885032142798,0.15732679930738896,0.22566309460307887,0.045735158040627485,0.97313126712338227,0.22040924616183435,12.117551974054628,-1.7857247432063241,,0.08927354445256838,0.3695652173913043,0,5
-0.17284064654914244,0.96575931756136368,-0.19348139818567919,-0.98084724893822928,-0.15085668400759181,0.12321093758486992,0.089804148850615648,0.21107155524524032,0.97333653656665609,-1.318131008260353,-6.9719940611230085,-0.91510680638325859,,0.09692161783670072,0.3488372093023256,0,5
-0.16982597914464231,-0.91248448342733279,-0.37219780266938313,0.97202300837462585,-0.21729021818106359,0.089197714506415032,-0.16226647219282755,-0.34663673865760281,0.92385743673735454,-23.800933885246017,13.486830643672972,-7.0271565127292899,,0.2138069861480602,0.1764705882352941,0,1
0.91611824710878775,-0.31563000360557902,-0.247194373192967,0.37477812665918775,0.89319811133473725,0.24847231170874554,0.14236823062801446,-0.32027306276363665,0.93656630954559095,-4.4271980874678079,-18.310799681375375,-0.55111775625969484,,0.5521135367639023,0.3043478260869565,0,2
0.28439925395588395,0.95861868963325236,0.012933376788850022,-0.94106582983485765,0.27656494994703074,0.19469702714224116,0.18306329033033064,-0.067542848227047828,0.98077815809020263,-16.015263431863357,-10.743450947940433,-3.7963385971858101,,0.08881291630065662,0.35,0,1
0.91374929998145882,0.36290090302171668,-0.18266130233143629,-0.32776743359895849,0.92412566530973383,0.1963676760258512,0.24006400449743837,-0.11956040022458912,0.96336627740584191,-19.766458800998674,21.451199820617852,-6.81258202055065,,0.228478871693295,0.4444444444444444,0,1
0.082421316884917398,0.99461565885151793,-0.062820519659724364,-0.98597030359858662,0.09056118324168197,0.14021851700677135,0.14515263326811456,0.050382172017771044,0.98812567510317484,-9.105827574790915,13.530832772341402,-3.9262297252959715,,0.07911934048108235,0.2777777777777778,0,1
-0.85459385351321393,-0.44314091521922455,-0.27073137017365251,0.45833769728610579,-0.88874278611309421,0.0079256153328582726,-0.24412271664862578,-0.11731321063973342,0.9626223090212962,-15.768375311069123,-9.2296396585814691,-3.8472353821688574,,0.6085182079293782,0.2105263157894737,0,1
0.75330871239013908,0.64992991323524307,-0.10058375474767429,-0.61683984107735512,0.75127908016448719,0.23470908411662517,0.22811092542176467,-0.11476433064864458,0.96684774091580461,-13.649605408539257,8.1363623011165007,-4.6693173551433267,,0.4082635459428828,0.1794871794871795,0,4
-0.5525705463363908,0.83265575858473706,-0.036744782176233823,-0.83338022133589373,-0.55260936314450071,0.01001491144074124,-0.011966536994442599,0.036156319789290001,0.99927449808931623,-15.363959102413025,-7.3355220594339201,-3.7687870860179458,,0.214361349702712,0.2258064516129032,0,1
0.91335547892907221,-0.31220785133559542,-0.26135804306478877,0.37354886734645432,0.89792254609098077,0.23280108445982672,0.16199695310229234,-0.31026014695075005,0.93674736636922151,-27.166825973898892,3.4117136740194822,-6.8853885013470748,,0.241764039949503,0.2307692307692308,0,2
0.47502577928474193,0.87939826665976817,0.031767870730026078,-0.85379255046385749,0.45185296813877129,0.25858688280074049,0.21304644983511267,-0.14995860688862914,0.96546549727718212,-13.720936419552157,-6.5707341077038874,-3.4415697695671295,,0.4829940262059924,0.2786885245901639,0,1
0.85485979393883627,0.5091024821495842,-0.10014686902735717,-0.45784474613866016,0.83096007919970361,0.31604356536662498,0.24411661381412816,-0.22432121933859614,0.94344425877439575,15.66285002535637,-2.3226128558192904,2.8377896614412825,,0.5012127796229424,0.1666666666666667,0,1
-0.80948367234410512,0.5826753114662494,-0.072288765489600948,-0.57339954387660019,-0.81100421709028214,-0.11612546208254573,-0.12628993344842634,-0.052551320340095492,0.99060042975970097,8.39533988390105,-9.2129679885889271,1.5803272573914504,0.2780051088791828,0.2538781813486097,0.2222222222222222,1,3
0.62018046637757029,-0.74788410107530101,-0.23673943584137233,0.78372209358813794,0.60378856235057776,0.14566760791765168,0.033998075615066729,-0.27587813130694894,0.96059116564804004,11.694149202411529,-7.1201325503227348,2.1985470482948424,,0.07452746020711822,0.3181818181818182,0,4
-0.73595949682631578,0.66188189310025336,-0.14239374500722032,-0.67314938271877678,-0.73785211935492567,0.049438431495897474,-0.072343123906050577,0.13223694472222822,0.98857466226585256,-6.1886814962954748,18.913229918116048,-3.7734039808872724,,0.1121346561637942,0.3125,0,1
-0.92284271582498112,0.33622749870557395,-0.18791591460800913,-0.34761350226353815,-0.93714752463609841,0.030321116610515817,-0.16591014101871063,0.093303730807640456,0.9817169851461901,12.077467714984678,3.7357637995650532,1.4331719124673299,,0.1495332790690524,0.2173913043478261,0,4
