axis_00,axis_01,axis_02,axis_10,axis_11,axis_12,axis_20,axis_21,axis_22,location_x,location_y,location_z,dbh,dbh_approximation,score,reconstructed,number_clusters
0.40395466788478213,-0.86633697252888087,-0.29373606575221028,0.91329051419237928,0.36363055094526153,0.1835027495855672,-0.052163809104715832,-0.34239315479246502,0.93810759754462525,-14.416559854456356,6.4348399064410051,-5.3383023871298692,,0.1565382048207205,0.3604651162790697,0,5
-0.81935687568440563,0.56166068967685523,-0.11485460347939268,-0.56035175849940289,-0.82695008803188774,-0.046469975798143645,-0.12107938311420345,0.02628348484833231,0.99229479561716516,-7.3776066115955024,4.199819320371196,-3.4701375693343097,0.6213531803534228,0.2839654004665384,0.1930379746835443,1,3
0.23469867127816366,-0.94162732885541045,-0.24135970511435792,0.96692708472719724,0.20064378475701061,0.15746137449973677,-0.099842608746107758,-0.27033321140956357,0.95757579767231193,-13.830005176875495,-12.513555612896985,-2.0032168950649138,0.3679941039851068,0.4041395082318013,0.7627118644067796,1,2
-0.97430236936096393,0.056513104805556331,-0.2180393589305599,-0.0810254639681528,-0.99114826434249481,0.10516649789551488,-0.21016604684477189,0.12013070829766205,0.9702571028740502,2.7612087815167343,-8.7826828706791744,0.88679876088222553,0.4498431779180735,0.3095582365306612,0.4642857142857143,1,3
0.61062694922298788,0.77225336309656589,-0.17538378507909153,-0.7505521745525483,0.63500096119417881,0.18288032304463164,0.2525988166184997,0.019963027538711032,0.96736514066531298,1.3079453029914634,3.1004041115361383,-1.3634229141445042,,0.0713348141948307,0.2277227722772277,0,4
0.64686619109281873,-0.72995990173438241,-0.220732128791889,0.76223126173747591,0.6279173052840874,0.15723664126044185,0.02382508029710664,-0.26995999626741057,0.96257673250714693,-8.5192114282922606,-6.6709892722846913,-1.8830238969937476,,0.06742305099286784,0.1875,0,1
0.88684294923766138,0.43398899316557654,-0.15862892926126426,-0.37242641177867369,0.87455666927763898,0.31056271513442019,0.27351078808176438,-0.21634275128399927,0.937223379333743,-5.7936480498622567,9.8723426424790333,-4.1094761195245404,,0.3049920338626708,0.16,0,4
0.83154096889938012,-0.46529685793981462,-0.30337839579181691,0.54685430132577195,0.78155066539360285,0.30021480733687778,0.097416580536282299,-0.41554469243891573,0.90434098570310584,-14.359983657363831,-5.7460970175030059,-3.2069910846397764,,0.07231096145222024,0.4,0,2
0.033408662704413547,0.99907786611701754,-0.026968105075597295,-0.97770182912624082,0.038267421463562504,0.20648180979866454,0.20732340576863126,0.019468484522319689,0.97807872051839395,-37.142863823361196,6.6406159232986912,-9.9251280842200718,,0.4725637709213102,0.5952380952380952,0,2
0.95472547027293053,-0.19786761374128434,-0.22214338577698539,0.24060604351702883,0.95274240879993966,0.18544711994844029,0.17495144536474758,-0.23050012994881253,0.95721558797293282,13.079712053224959,0.34992914236617373,1.6627991947500091,0.3326855803208066,0.2277877436085864,0.625,1,5
0.89105053477044238,-0.34778448116053173,-0.29167601743922467,0.43489437399966924,0.83815486510567239,0.32918582223893939,0.12998395265856061,-0.4201694619598032,0.89808785499396715,19.945920582928228,-7.4787937211856059,4.4381367387724966,,0.08102765470102077,0.2666666666666667,0,5
0.51461940678009865,-0.77660593520314902,-0.36338696670703785,0.85718814003356891,0.4561622169973944,0.23904920909681504,-0.019883630229164315,-0.43451036028070095,0.90044732664251148,-2.3891775736769403,16.463364828126995,-4.3249634888420614,,0.7439305563826331,0.3269230769230769,0,1
0.62464674729528236,-0.71258080255100231,-0.31944489498063994,0.78074176161718145,0.57829761037181415,0.23667314065002917,0.01608548290611523,-0.39724107752600007,0.91757331236564321,-15.071186538884792,-1.4761396167494312,-4.0931629864797783,,0.1552696567475919,0.4137931034482759,0,1
0.62268961247848242,0.76633076447337667,-0.15809745707331554,-0.73037355276250715,0.6417358301659426,0.23394357804031088,0.28073496386533692,-0.030204034546395298,0.95930995843921563,-4.5666307820125986,8.8950534926582279,-3.6767978663683007,0.6791176071961724,0.382844239137972,0.6386138613861386,1,5
-0.73221790891966054,-0.62881709272138764,-0.26162186024631301,0.63836536885122575,-0.76753324072281337,0.058158234472635725,-0.23737436615767518,-0.12442583448366884,0.96341663988343285,4.6823395963034553,9.9607682458370377,-1.7423974267460509,1.067061387124811,0.8054536346274095,0.5512820512820513,1,4
-0.91366393140815283,0.35399854025453964,-0.1997579884296358,-0.3809480450393703,-0.91715387022556594,0.11707845792864305,-0.14176320899472195,0.18306777932755477,0.97282546263325065,-11.377640634923599,-1.9875593082563157,-3.2843851341669024,,0.07014816119211394,0.3309859154929577,0,3
-0.63270021566930723,0.77285463780716523,-0.04884819251484962,-0.77416688340359319,-0.63278978698610677,0.015579541945934999,-0.018869916088300874,0.047673832508341944,0.99868470097463058,-17.630285961822821,2.1400397619310114,-5.3050910443196342,,0.2769173572176938,0.3714285714285714,0,1
0.79154462374823753,0.59632131862637938,-0.1336338039829657,-0.5581767540671303,0.79450715445014275,0.23915913686627119,0.24878870519849572,-0.11471384606591085,0.96174056464642443,4.4472489553978596,17.289701822932429,-2.953475496069494,,0.2346733044964304,0.5121951219512195,0,6
0.85900196369694337,-0.43114753968796143,-0.27609314621303371,0.5087594624473708,0.77917241306301999,0.36613407392895203,0.057266357794572856,-0.45497488913407835,0.88866102340677455,12.054412884158939,-9.0111055792128649,2.9622620951297005,,0.2267922886530239,0.2,0,2
-0.88483129535509597,0.45195467312989041,-0.11318370994218917,-0.44304403539436232,-0.8913698444989081,-0.095769426329450957,-0.1441719857035427,-0.034594417960810114,0.98894775634724552,-2.0322616615183335,10.893147102160944,-3.4451328408317909,0.1363260563100367,0.4384086888406295,0.3484848484848485,1,3
0.96422229967513506,0.16170578902427379,-0.21006331094512873,-0.12910948235202452,0.97853266095689595,0.16063801856163362,0.23152990816735769,-0.12776959433547755,0.96440076336933778,-2.8923305277910858,2.8027713529057143,-2.2544285840987448,,0.07527251226056689,0.4363143631436314,0,5
-0.97353739759464042,0.095021599629698889,-0.20783606782381825,-0.11437915349694713,-0.98994954709686189,0.083170327930324361,-0.19784424361091568,0.10474153811420323,0.97462139596024366,-13.692129601368549,5.118543300136766,-4.9458631606336301,0.4838694163927616,0.2475760219065646,0.8612862547288777,1,5
0.62601167587194928,0.77787575940007869,0.054942557364437622,-0.73815417986021958,0.56837566630390524,0.36342469468719169,0.25147124771408819,-0.26806418054514991,0.93000204660085417,3.0262178038451668,2.8561846877981281,-1.0077107908888769,,0.4560863675742519,0.2075471698113208,0,3
0.26839278543647038,0.95721260395877217,-0.10820972021088598,-0.94252617968565156,0.28414803590916188,0.17579617258670838,0.19902189159191214,0.054808069765602409,0.97846122159017879,14.058970124478931,-7.4613386431982027,3.1296276980932274,0.2310724394399662,0.1920183832179819,0.3043478260869565,1,4
-0.34732342936769661,-0.85782143194152405,-0.37882558825144591,0.90830473976641368,-0.4081765201673811,0.091511901422236988,-0.23312858068055142,-0.31230484992365848,0.92093254127760682,-5.9910424657292678,-11.746816747555648,-0.53152529528732673,0.7993552717970231,0.3997648212001797,0.2777777777777778,1,8
0.87957826627435221,0.44101780525844175,-0.17845270786074066,-0.39614014448156404,0.88663614016464776,0.23864061029937808,0.26346737829934358,-0.13921081279470021,0.95457073607622644,10.76419697174021,-0.95471571692501211,1.3622293328115376,,0.1303776866784037,0.2666666666666667,0,4
-0.86744758577888825,0.49008451732519787,-0.08574294026044213,-0.48099594215111252,-0.87013261713976087,-0.10729460482090254,-0.12719115362532665,-0.051830439585614042,0.99052310218985817,-6.085911204522068,-15.544311630816246,0.096919099687534108,,0.4177137198600978,0.3,0,3
-0.15414450272099958,0.98009220642136297,-0.12513488399722908,-0.98165661491871159,-0.13753176249262211,0.132042813859784,0.11220411163247232,0.14319316051326342,0.98331376280157423,-7.5039902565894909,-14.171729084126987,-0.46579879522212797,,0.1214875784565498,0.3571428571428572,0,5
0.43687924288521529,0.88930154074571321,-0.13520094956523754,-0.87377302914097732,0.45525709186807767,0.1710604391717189,0.21367550323292062,0.043402188091401138,0.97594007469057076,30.155342181768994,-9.0282487379810537,6.8377552468770011,0.4809352232265585,0.5409274828976539,0.68,1,5
0.9682014533645914,-0.12743589217038334,-0.21528130222903863,0.172819030147213,0.96290438683538448,0.20724074076336446,0.18088540162674513,-0.23785549226349559,0.95430877407599091,-1.3267902662814668,-10.250055887264454,0.27131135832079439,,0.1382629156775234,0.4705882352941176,1,5
-0.83701954121764377,0.52143379907341592,-0.16584655800971687,-0.53790771865973197,-0.83968080667627021,0.074775859110889395,-0.10026751131891226,0.15179899895372742,0.98331250886509058,3.6853668473308785,-4.9881612655579701,0.5128282841975268,,0.1029570330934411,0.1333333333333333,0,1
-0.28186961293115542,-0.8870306352895686,-0.36568589440095123,0.94287104543556255,-0.32664296731141623,0.065563431768335553,-0.17760549818428695,-0.32631430241988485,0.92842622919160045,-23.398581879813698,7.2139805797494549,-7.2154913703165988,,0.2781387617359609,0.3714285714285714,0,3
0.88482667008823279,0.44416240474738822,-0.14071788127166687,-0.40122742135655787,0.87991836071258211,0.25448032307518215,0.23685083966947804,-0.16871110422820193,0.95678536937913294,-4.767176547180906,14.282688696236875,-4.5467441614292969,0.2811116565111101,0.2106842858793536,0.3333333333333333,1,5
0.92205481304295445,0.34951920342977932,-0.1662866446174652,-0.30019569409001057,0.91696307108976316,0.26279511317269022,0.24433065095100029,-0.192392964246208,0.95041437295235509,19.69762947632513,-11.833108101685221,5.038838218020965,,0.2832303704735168,0.4,0,5
0.22777436838598494,-0.91169695855175881,-0.34194662284315513,0.97281304361758836,0.19796683450771099,0.12018283821944498,-0.041876237579924473,-0.36002470498907435,0.93200246379700113,-18.807882168536587,-17.363015155924138,-2.1975401372490002,,0.3223910555453215,0.3939393939393939,0,2
-0.89942441886332636,0.42211090878970275,-0.11339354229010638,-0.41721152720683541,-0.9064744131768826,-0.065105144354077368,-0.13026993635565659,-0.01124806367143088,0.99141475919291,2.8647515748012737,11.44419445238278,-2.4811145973131241,,0.3290451004002837,0.5,0,2
0.60497809784416912,0.79370156437130113,-0.063555706615530699,-0.75605511134441594,0.59764919112685067,0.26682599752535852,0.24976422830107742,-0.11337226759648625,0.96164679545101017,-23.359604783060135,14.276035225856287,-8.1917509810911113,,0.3546691228357515,0.44,0,1
0.84135615629048466,0.53837499954663848,-0.047667369711969949,-0.47489268331382689,0.77848545117480872,0.4104111860611831,0.25806347592616424,-0.32266509289402656,0.91065387509228468,-10.432849363665179,5.1849987526095722,-4.3135643601175415,,0.4096925670659961,0.2397260273972603,0,1
0.58721275401702855,0.80367423043293895,-0.096379006312363277,-0.77087288728385694,0.5915733331999663,0.23621173361484465,0.24685253324684611,-0.064410579757549186,0.96691008064085771,16.290992565484899,-6.6866744635713742,3.5113191780285913,,0.1524139871950827,0.1904761904761905,0,3
0.82465755982847422,-0.47117941732214808,-0.31293747891505347,0.55978275119662579,0.7592077728752199,0.33203437934736063,0.081136801024473251,-0.44899166395136064,0.88984453991790369,11.484431622782381,-8.8533223304944517,2.8784763853831921,,0.09709949102008915,0.3333333333333333,0,5
-0.023459116837043929,0.99865968938063399,-0.046135611444971726,-0.98873756650687017,-0.016353532693502978,0.1487635255918443,0.14780965602861915,0.049105873117357361,0.98779599048087008,13.739730707874397,-1.0330821343324923,2.0295503936740538,,0.4224535178041159,0.5862068965517241,0,4
0.10792323918682838,-0.96182390218366076,-0.25149026945712877,0.9856447237128233,0.070481792260001161,0.15341706416462014,-0.12983471438908684,-0.26443732366671424,0.95562327765259614,27.008555435673191,-6.0258685822186493,5.6626964972739042,0.3143308010841323,0.4447869487243061,0.6829268292682927,1,5
-0.94147740026067051,-0.21180349309359173,-0.26222048949645854,0.21874615719214863,-0.97577784274154089,0.0027785478820166023,-0.25645744971062401,-0.054743784377933744,0.96500398681036825,-11.50182294250753,13.15053861003291,-5.7067453929500385,,0.5210697645367444,0.7314814814814815,0,2
-0.93393316462049458,0.32608314809142674,-0.14641934487195732,-0.32212224655139776,-0.94534107896522157,-0.050670530859180309,-0.15493902768066234,-0.00015796092957589536,0.98792402174950478,3.4738151182709145,-6.0127525454250206,0.59584844452403329,,0.3230526952767462,0.3953488372093023,0,1
0.4616505804002089,-0.82786845923301366,-0.31861035109253155,0.88396853381860618,0.39937295011354074,0.24310672128962338,-0.074016030930694865,-0.39387188389724298,0.91618042231893559,-7.6126340694395696,-11.296968239898437,-0.89780052724446158,,0.2639471552942302,0.44,0,5
0.79733739418203431,0.57757500899077718,-0.17510051064547361,-0.54925536870015168,0.81466563485004595,0.18611406005036427,0.25014319857446127,-0.052220804127031666,0.96679954893621189,0.44154265908592599,16.829165389474401,-3.7226663876458814,,0.1059776399836768,0.2,0,4
-0.75719759856788349,-0.61119873387711032,-0.23040812578996886,0.60183953727182626,-0.78991788598843959,0.11755383775950151,-0.25385225643957332,-0.049657236155170502,0.96596748951399281,25.069624602923255,-6.0250902211366695,5.2650389184422899,,0.09731307963195883,0.5384615384615384,0,5
-0.91978407086325376,-0.2868808652656919,-0.26776226793674318,0.28263685651207548,-0.95764093716109577,0.055138396913493419,-0.27223826021922937,-0.024964066528218393,0.96190598555949403,1.9724818782756535,4.7050269499804758,-1.4994916455365126,0.7471423204147153,0.614730771932936,0.5301724137931034,1,2
0.97697638838002654,-0.01000690589304308,-0.21311264247427228,0.096890175328954123,0.91075922110519958,0.40140993397843894,0.1900774328336842,-0.41281654885226921,0.89075982538564136,9.1069675924303191,13.035665258822506,-1.2478027025489076,,0.3213242058505142,0.3636363636363636,0,5
0.33319836107187217,-0.80936784205590073,-0.48363472623953763,0.9400647401268869,0.24573162816946736,0.23641965080625341,-0.072506113874530723,-0.53342259341253695,0.84273554587892896,-6.8240552845407212,-0.3310667330417682,-2.6086371924123619,,0.6603355440829508,0.3761996161228407,0,1
0.20007504998514375,0.97038803057676859,-0.13534047615840328,-0.9623681608367729,0.2205617725965939,0.15874516520730997,0.18389534355466972,0.098486418263583175,0.97799945196125804,4.9634643042341509,-13.276744708157068,2.0427402638782843,0.214647654432355,0.2100971919248798,0.2068965517241379,1,5
-0.91027103760876471,-0.28400558076036547,-0.30124320438414759,0.32950704577035705,-0.93750888908465579,-0.11181319097023053,-0.25066261164831427,-0.20104206769783514,0.94696902913317316,-14.776524835240263,12.903582132534375,-6.3222976187961599,,0.4256326534187818,0.1764705882352941,0,1
-0.76104875863327837,-0.555977488036004,-0.33420625335250814,0.60372201365095979,-0.7955397254486305,-0.051344673203241244,-0.23732786860370217,-0.24084347205247716,0.94110036911783823,-13.377065109926399,-3.6537984819012843,-3.4164049578413009,,0.6898439334355833,0.2753623188405797,0,2
0.92729044662076832,-0.27998488537180932,-0.24847714496345125,0.34094282510674939,0.90574325608531436,0.25176803622421662,0.15456525357945633,-0.3181785945334864,0.93534590626495551,-14.924214603334192,8.2265690517393626,-5.6581661788512685,0.628635893717174,0.6319124709567641,0.9463171036204744,1,5
0.89686469874496755,-0.36884751723386194,-0.2441008422261482,0.41786414651485737,0.88750175590758618,0.1942426017081772,0.14499402471312006,-0.27621032256483019,0.95009714793073874,-11.861265190487476,-12.514351073354131,-1.5688004552399291,0.3405566843168268,0.3312767486631913,0.9148936170212766,1,5
0.82270237041882344,-0.52547027171159455,-0.2168912244757559,0.56066686154452949,0.81303553918488425,0.1569263597619987,0.093880136733267089,-0.25070741028076537,0.96350003339764123,-2.6345723118583564,7.3536078682484414,-2.9727612978499929,0.1432700062108767,0.1054085474256425,0.4864864864864865,1,5
-0.95808729684244198,0.23485013288524603,-0.16405531601543658,-0.24697787535482071,-0.96730592915714753,0.057629580101248759,-0.14515736534658211,0.095732202007526607,0.98476630973263346,-0.71915400164354049,11.07228784139512,-3.1920856201895007,0.5663843472300073,0.205545255923641,0.2941176470588235,1,5
-0.60108585212484245,0.78865303924237684,-0.12931427635460235,-0.79899675851834784,-0.59653229479374614,0.075851177613009649,-0.017319880268790215,0.14891475736766174,0.98869834468638895,-3.1451794173485004,-19.21915397492478,1.2720639898713191,0.4583913859623677,0.2989195102056226,0.1666666666666667,1,3
-0.91128423698652528,0.40195396676314538,-0.089409440347526126,-0.38955173919768016,-0.91190055487523047,-0.12917747677636482,-0.13345591747070687,-0.082887795371924353,0.98758246818705386,-3.5672475038081548,15.625249602079787,-4.5260225763949125,,0.4754413411611818,0.12,0,3
0.68439726961836211,-0.62104998147038271,-0.38196504794885078,0.72785592678604782,0.61266707909026485,0.30800129876581017,0.042733209350035162,-0.48881077188891786,0.87134258595801783,5.5905702180358539,9.1384942984360382,-1.4144628987843371,0.5685678959388504,0.2787636795256132,0.2727272727272727,1,4
0.63923155157152889,0.7533422397648678,-0.15446194761658411,-0.72744456400202095,0.65749823962510301,0.19626632720311488,0.24941417317258785,-0.013097124720443432,0.96830833702116381,-26.075065382070548,10.804186417177865,-8.2891785926082147,0.5209849282696954,0.7729817530472376,0.9139784946236559,1,3
0.9657660247273292,-0.16604942624973126,-0.19930773573674151,0.20838838169895246,0.95416148573852411,0.21482583994050508,0.15450005778401302,-0.24900491395831312,0.95609951624783784,0.48271003792248246,-15.305493556656739,1.4203338872622102,0.412091641358022,0.2506071219982914,0.65,1,5
-0.11000814893180391,0.98658711087970563,-0.12059883836352905,-0.98560522464841893,-0.092608986516718228,0.14144227360335179,0.12837658787464779,0.13442264787743494,0.98257315423498193,-3.0350635617820392,10.185539479148524,-3.5545139185041812,,0.103481635475198,0.16,0,4
-0.97719437830826195,0.02745431952798956,-0.21056449686968459,-0.047639276434614242,-0.99467446776815549,0.091395856092723951,-0.20693391781801929,0.099342657048171107,0.97329820206712281,-2.1988847465023103,-7.0671222684594621,-0.4342626233112058,,0.5693973320476778,0.8823529411764706,0,1
0.95677422158860403,-0.18988659533166111,-0.22028656295123805,0.2322740595118751,0.95472613470568124,0.18586761145455774,0.17501957085250122,-0.22900019350056994,0.95756308470789919,6.4413069303113781,2.7446069728437843,-0.15652226835089084,0.1675438868832483,0.1020479024507696,0.2564102564102564,1,2
-0.81327345344509949,-0.45109083194750133,-0.36756407775297029,0.52103657269674397,-0.84576741651029208,-0.11488414634724703,-0.2590505352897598,-0.28494655376476513,0.92287500868951466,-18.485951793718499,14.595097461992466,-7.2562762419102445,,0.4036028118400977,0.1,0,1
0.49549763569545696,-0.8232049201555699,-0.27715654863610012,0.86859605544606455,0.46782841222559385,0.16333238863745797,-0.0047943178607647548,-0.3216678972887137,0.94684041863986179,21.122257763664749,-5.6356606018499891,4.4043062847221632,,0.07429182662589973,0.2307692307692308,0,4
-0.93533700336463743,-0.26796796817978524,-0.23094990401915555,0.25550765218184684,-0.96325048264447199,0.082851357029994507,-0.24466411631741167,0.018484472261571398,0.96943168633577836,5.4724768658029728,0.80955885672830274,-0.053919845933314572,,0.09165726761632401,0.2266666666666667,0,2
0.94299244252874903,0.31228441437558802,-0.11508126638059009,-0.22830029671443694,0.85856371928181707,0.45907223228275673,0.24216570329789555,-0.4066285583564801,0.8809137231733688,-20.778479072736395,10.459231230534272,-7.125119934586821,,0.5355230539728615,0.2307692307692308,0,1
-0.97486854928327926,-0.070786545457221156,-0.21123583171552099,0.05881548813045135,-0.99631457596818596,0.062433997704064721,-0.21487682512149112,0.048441002214726851,0.97543909052802558,1.5685690844207141,7.608459168341124,-2.1372663139384893,0.4744810222588567,0.4173275238633541,0.819620253164557,1,6
-0.86973686797846417,0.46485033249332153,-0.16574664056884658,-0.4828336972217685,-0.87098521669715057,0.090864586733081773,-0.10212444029794029,0.15905634434333182,0.98197335911824346,-10.516502376823414,-5.9652140081413751,-2.4126912466166237,,0.126563574699981,0.3508771929824561,0,4
0.82149355143097214,-0.5099323009882698,-0.25518109915536208,0.56324535011468402,0.79542843451613476,0.22371473160567559,0.08889893436660079,-0.32750977691058475,0.94065632698476176,-2.1087922445408416,4.6655372506909947,-2.3991066022278784,,0.1179350207337492,0.169811320754717,0,5
0.96401112570778402,-0.15141463269341998,-0.21853182495446058,0.19444464117357182,0.96211163793876375,0.1911347107714062,0.1813114200222678,-0.22674832998085087,0.95692808706840826,-7.7141174901835807,-5.0284378839148962,-1.9998246577305219,,0.06887796008513368,0.2133333333333333,0,3
-0.95975617199740226,0.17668345747930858,-0.21829119580516718,-0.18368415889470516,-0.98291160172890824,0.012037979807951354,-0.21243403701864061,0.05165016011465292,0.97580942856486752,1.3637457661874985,10.970173779362595,-2.7271720765480376,0.1838526634903939,0.256678156703541,0.1666666666666667,1,5
-0.97272765828591801,-0.027097925661569509,-0.23036190056177552,0.063887950604447449,-0.98603688945902079,-0.15378420723059025,-0.22297809886434361,-0.16430750150500592,0.9608765854031539,0.47408439180020712,8.5547945954376523,-2.468127103494234,,0.09026239609628665,0.6,0,5
0.89171577419794901,0.40885788825081171,-0.19410874596894959,-0.37795614495284147,0.90863145085630959,0.17758952392284749,0.24898218920022797,-0.084994786486252583,0.96477134893777672,3.2011261528174972,-12.687973587992536,1.6039957041657682,0.1332476045321903,0.1380496361421646,0.1153846153846154,1,5
-0.22799481957244963,-0.86517506822660806,-0.4466435531463645,0.95469621948139771,-0.28874547183132759,0.071980420982582921,-0.19124196912825389,-0.40999774854990029,0.8918118385780488,-21.322746523327094,7.2714449233720293,-6.8207648147287241,,0.7360021190972772,0.4305555555555556,0,2
0.94332265410198501,0.27462920873709729,-0.18633616923834684,-0.22733151543895377,0.94375813396347419,0.24008533205093746,0.2417907201408166,-0.18411784890720398,0.95270030196676692,-16.674399738651189,-7.105686252329404,-3.511123812963433,0.1897012789963537,0.2206660489423188,0.6825396825396826,1,2
0.96874639046362199,-0.0045058176491873762,-0.24801235568216165,0.088464549750449206,0.94036526525261455,0.32846185675635026,0.23174221540572423,-0.34013653951566436,0.91137406156043033,8.6464516142425278,-11.710521856293999,2.675019165984132,,0.2224367123405162,0.2857142857142857,0,2
-0.27300593186555716,-0.90820071214094233,-0.31723686360967523,0.93983599851743471,-0.32219080177035186,0.1135842557105249,-0.20536810136181066,-0.26714144890163083,0.94151972322505406,1.1652793571003812,9.2929508444473168,-2.4714360934503747,,0.07988483803127669,0.2352941176470588,0,4
0.80210723984797294,-0.4711909792031761,-0.3668828653685236,0.5899037812623823,0.72078445917155709,0.36398254390713497,0.092938176417496507,-0.5083786232074653,0.85610377340008981,-0.62795048185493818,3.1220584305303007,-1.8482963072196512,0.5795065848405511,0.4080363461140433,0.4052044609665427,1,5
0.54516067898555809,0.83621484031176918,-0.059536332859596697,-0.80223515778498666,0.54098503582550439,0.25249543090237503,0.2433486915964487,-0.089888441165931907,0.96576471381131779,0.19210190420663878,-1.7994981067356923,-0.78604899924500671,,0.08560023402503732,0.2920353982300885,0,5
0.21887774232629434,0.96066207191217357,-0.17094126916445621,-0.95615663821833474,0.24609850227237681,0.15874511132726632,0.19456879787149209,0.12870085768441361,0.97240890171066396,-2.5132993110320427,-9.5359716143056232,-0.090382344653665583,,0.1025576882072011,0.3684210526315789,0,5
-0.30529636614237987,0.94111415786198394,-0.14525243781769837,-0.94891344249530751,-0.28789240630540658,0.12915587885723573,0.07973335231858826,0.17726281128146743,0.98092838080291478,6.4210795150200708,-3.7490044545223045,0.85432351207911839,0.5872033756079267,0.5426376714424648,0.9196891191709845,1,5
-0.61105281417206003,0.78515323271348669,-0.10074154779418364,-0.79155771761193883,-0.60720592888236735,0.068828334420351717,-0.0071300758329906153,0.12180049708298957,0.9925289924878532,17.798728048660525,-9.8510744782348425,4.3388681904733248,,0.16441907554748,0.4,0,5
-0.85768275579591569,-0.45701913470873146,-0.23561366878940998,0.44530791777423773,-0.88931781203281779,0.10399369004287919,-0.25706253865138778,-0.015727037586398148,0.96626679106283053,-18.511410699846078,-8.7945990375875454,-3.5897146279817802,,0.08710219389706395,0.3103448275862069,0,1
-0.49849084872059324,-0.82741483941425575,-0.25863402185115447,0.83384668892667002,-0.5392420455053385,0.11797336871195579,-0.23707925490825069,-0.15685247806872293,0.95874434914415474,-2.287305989675414,5.5679897736417834,-2.6233761350879536,0.2380698746345463,0.2036936032023317,0.7446808510638298,1,5
-0.94550600119102768,-0.23799527614606744,-0.22220857374077463,0.21869352977933193,-0.96978376892851381,0.1081322410544755,-0.24122923070061097,0.053644105500640395,0.96898440039075318,-19.608109188883891,13.437503656557579,-7.3191268244599597,,0.07606545948099652,0.4545454545454545,0,1
-0.89354671503049188,-0.35402974036109763,-0.27611086722197248,0.37688032319135562,-0.9256830353309079,-0.032743550383779081,-0.2439989550170151,-0.13331864475912375,0.9605678783460303,-4.6937428019664065,-7.1763948562918038,-0.94714122321963468,0.4458767740920445,0.1816139906141382,0.24,1,2
-0.96843854907162696,0.017783417135166478,-0.24861722938493067,0.0031296032939152362,-0.99650536974097093,-0.083470076438410395,-0.24923278727981454,-0.081613713016919151,0.96499855937318746,-9.0610924657977048,15.13036697791272,-5.5300116960422132,,0.2624755194258105,0.25,0,4
-0.86649582202497544,-0.37856905879018266,-0.32537740877322296,0.42832446269350383,-0.8986018662097599,-0.095146417182454535,-0.25636525714609409,-0.22181107675463757,0.94078515143329366,-36.878658598864533,9.8920747715753556,-10.353762592037031,,0.5767609088096252,0.1176470588235294,0,1
-0.10135673175284693,-0.94901068362419339,-0.29850550295685219,0.98063012778492042,-0.14585480563048225,0.13073227663827172,-0.16760478933763429,-0.27947289321441543,0.94541183436079979,-9.5086207675819807,28.401002411249234,-7.2348545670948807,,0.375732466196711,0.125,0,4
0.98094596477533147,0.11957008334775433,-0.15312742850059391,-0.077181241054957286,0.96315066746651545,0.25765063125873,0.17829209242198596,-0.24092278208383808,0.95402732814777014,-9.1339057598534161,-11.927588003234504,-1.1009992226601697,,0.2017715953704602,0.5,0,2
-0.20570519848980717,-0.91125313067520619,-0.35679560416141026,0.9592592900504594,-0.25991029470228033,0.11076214678157638,-0.19366720364108839,-0.31947514855213766,0.9275929299490332,-25.078989736807689,7.08425626621794,-7.559241843014437,,0.2750379158834819,0.2608695652173913,0,1
0.83368077127874562,-0.49501069121401131,-0.24482807678838925,0.54955421190689435,0.78735712085437415,0.2793902869022139,0.054465950606474051,-0.36746861066455178,0.9284397020812909,9.9595292385636967,14.418764543195218,-1.3144127618557273,,0.2413784380699215,0.3125,0,5
0.52398231971450582,0.84053439575828193,-0.13763886868854538,-0.81761239380174711,0.54166138755663495,0.19522529224461457,0.23864723364912435,0.010240643411330446,0.97105232974033895,-9.6802526168434877,-13.217353887179042,-1.0367262044181396,0.3727221562185458,0.3085671984566336,0.7972972972972973,1,5
-0.63144897553116952,-0.74465099310378602,-0.21625699935535381,0.73333231626567508,-0.66411324113842329,0.14552428273328749,-0.25198393841881256,-0.066697086999083638,0.96543026333587689,1.5349334829579626,-7.6050374770422779,0.46505312574286484,,0.08365060863325684,0.3333333333333333,0,5
0.57306320426719226,0.81433257681912086,-0.091983793388557319,-0.78004293572181826,0.57643040389807543,0.24343583937536573,0.25125998954371037,-0.067752813912281162,0.96554542817076316,-0.07387016912125742,-8.5250685448620995,0.25789187407378894,0.8339930599021323,0.6023628783281813,0.2962962962962963,1,3
0.81396278875182015,-0.49452744884180738,-0.30480679268902949,0.57229432630581656,0.77269966278606017,0.27461688806131407,0.099718516863875797,-0.39796712612013851,0.91196402556358902,-10.494286975792903,-12.639140360075986,-1.3016468675046959,0.5386482928947861,0.2752349779063522,0.2142857142857143,1,5
0.75334949435607679,-0.6209023502761275,-0.2166675120432833,0.6545821986520336,0.73963402790544053,0.15640859941910357,0.063140197666105319,-0.25965703569508192,0.96363454652307379,9.5146383982282892,-1.3116840295459171,1.1190296096567636,0.3321303757187849,0.2878540275476588,0.8666666666666667,1,5
0.47278345423620549,0.87947626401722045,-0.054747661418489288,-0.8492099328375925,0.47133420192210834,0.23808939511960683,0.23519841702369715,-0.06607246876544598,0.96969899118272052,-19.929582388285962,-9.2761884936807792,-3.8129651438112115,,0.1771906315461675,0.7333333333333333,0,1
0.68294022025280188,-0.65818902402690938,-0.31682781476940736,0.72955059632721642,0.63638548347769364,0.25053830808374117,0.036723057602219798,-0.40224460850254484,0.91479543722680279,-1.1565011839657129,-4.4870364911285101,-0.66243704197509801,,0.07939442298051032,0.3225806451612903,0,5
0.4376391183877455,-0.79910038625548097,-0.41220210424394649,0.8991007864878835,0.38408961102953487,0.20998320512852742,-0.0094751144407569134,-0.46250810088637484,0.8865644245179326,-5.3290361525876895,12.816721086232452,-4.4715118924285102,,0.2612081555615431,0.169811320754717,0,5
0.96071177673274988,-0.16407281719736505,-0.22385931453465002,0.21557408678982579,0.94913310384251504,0.22950852771739569,0.17481617531491744,-0.26874981273890025,0.94721319828276829,-17.935325925123884,-16.624720026981286,-2.1855470250911639,,0.3717221668004717,0.7446808510638298,0,2
-0.32847566783178672,0.94422867776423114,0.023150372136819284,-0.94162609748953008,-0.32928820754131238,0.070068315955696833,0.073783657872861549,0.0012167423067726004,0.99727352886209664,-14.375615679195242,0.74230449750621486,-4.3861656945881569,,0.1498651080638998,0.3240740740740741,0,1
-0.9295932706016784,-0.23561006343898169,-0.28345061167397734,0.2685522940424398,-0.95968024139922681,-0.083027101794915029,-0.25245993071498646,-0.15330274711889311,0.95538591737013978,8.8613310826483396,0.94071448595811702,0.66127970387454582,0.4789241633474015,0.3060945009796218,0.5454545454545454,1,5
-0.17276628340241093,0.98329296376692088,-0.057330260123095431,-0.97838695119936581,-0.16460729115172817,0.12515355936807784,0.11362563549712988,0.077713493719907753,0.99047959486892934,-19.869717820519448,11.417143418665654,-7.0795631537463377,,0.2497415929421466,0.1176470588235294,0,1
-0.43667451468808011,0.88780621624063771,-0.14531170161556786,-0.8984818286158669,-0.42227428291696667,0.12006179089972673,0.045230209694602862,0.18298784766055845,0.98207417018244547,-4.7182726344823784,18.411607493197288,-5.0316696921095003,,0.1064411858443362,0.4166666666666667,0,3
-0.97428951259407126,0.097363048698458812,-0.20317574264008442,-0.10434570150901126,-0.99425346211986032,0.02391709930708635,-0.19967954383411582,0.044502694421958998,0.97885013662122289,-6.4672446965135046,-5.5451377913129143,-1.6555587633352822,,0.08427161375876641,0.3181818181818182,0,2
-0.19811548908343421,-0.92291281628275545,-0.33012450155397677,0.95822732088565454,-0.2532426326504561,0.13292317524255867,-0.20627809988830506,-0.29000017680907719,0.93453156338198207,-7.927429084681858,21.533603003575557,-6.0548838653339523,,0.3942736919422584,0.5806451612903226,0,5
0.20286724009448315,0.96413823001401167,-0.1711208821912017,-0.95799709056898319,0.23159374519658102,0.16913282250108391,0.20269794611147243,0.12962179836458401,0.97062440317092824,8.2514978351201798,8.6346433484218856,-0.73638765965959763,0.7900138918388899,0.7419547576916387,0.8769230769230769,1,5
0.60758964324965881,0.77815594200740734,-0.15908537121406169,-0.75028578976950899,0.62804152238419719,0.20648263808679634,0.26058791047494018,-0.0060972190302871678,0.96543087004425143,-14.950974392995692,-8.2323686965401262,-2.974394884677547,0.262813930061376,0.2518338540298667,0.7672413793103449,1,4
-0.10176185649086512,0.98057649078310249,-0.16767310543742125,-0.98512810287620223,-0.07587341264632616,0.15416175328833973,0.13844546033390612,0.18086727447743636,0.97371447741934924,-17.378272053843205,17.014375988963085,-7.3400039167590041,,0.2978322829813416,0.6,1,2
-0.49073778347275404,-0.83870513408422998,-0.23611464574016502,0.83892641552724345,-0.52801052172270468,0.13193694812572065,-0.2353272130520826,-0.13333636792290565,0.96272660490207107,5.0422995913898063,-3.2435568724844392,0.53084954442002441,,0.07089238334035104,0.2592592592592592,0,5
-0.84414844128517974,0.49916228666744045,-0.1955771475524001,-0.52581328166922292,-0.8420306143281755,0.12043603013366867,-0.10456482150342884,0.20450294888594459,0.97326499063765193,0.092898422995793026,-10.61323708638395,0.634165178719305,0.1622085710642711,0.1233968696228282,0.2903225806451613,1,5
-0.93300325657436955,-0.28225010963627445,-0.22324828965063337,0.26206612941433671,-0.9580504553630742,0.11602012235985204,-0.24662981781489893,0.049741336822786551,0.96783238857545617,-1.1810040834880613,5.3838614534995886,-2.3022120493519855,,0.06480273145576296,0.1791044776119403,0,4
-0.83599329946621515,-0.48193993945708968,-0.26239111647250507,0.4821736919409142,-0.87343118860660374,0.068018303193505561,-0.26196132166344593,-0.069655247651214142,0.9625613811217385,-17.169269574481923,5.9127820262125104,-5.8092002959657298,0.2604194679975039,0.1552831655580866,0.1149425287356322,1,5
0.347772863361341,0.93753715517762526,0.008838448444131914,-0.9102832472196204,0.33537511929861691,0.24270957786363115,0.2245850514632656,-0.092453296408964922,0.97005873154276523,5.1402227226807078,-10.670651865478696,1.6734241096011699,,0.3533809166191312,0.4230769230769231,0,5
-0.61602517670728596,-0.74250703797250661,-0.2630518584310898,0.7435772803378089,-0.6583438779498344,0.11694514325699791,-0.26001117250645867,-0.1235582329400451,0.957667767675486,-4.5363614124090947,-12.438679193108488,-0.079199504241342436,0.1839758806184585,0.09371333913588462,0.4117647058823529,1,4
0.96924362037795908,-0.045191047393526654,-0.24191852676490955,0.11926450312288435,0.946106153335175,0.30109653753600563,0.21527373888024456,-0.32068819101550311,0.92239704113344045,21.496928148362198,-4.857496200696338,4.3646249520636706,,0.1007397322895328,0.1904761904761905,0,2
0.61456085369746039,-0.72497414890634326,-0.31101035436166985,0.78876829769494028,0.57102375312184461,0.22754438231269958,0.012630504901786618,-0.38515497762350853,0.92276547050578361,3.7348237267546898,13.430338267133317,-2.5349198893418619,,0.7631051522635146,0.4137931034482759,0,1
-0.94473053040549426,0.27383081399946085,-0.18028008826308425,-0.28436784381343239,-0.95807821712687413,0.034943658536118895,-0.16315377508550663,0.08427820104500458,0.98299442038292617,-19.178078220460673,2.8534485107774619,-5.716575638242853,,0.2983452218173148,0.2093023255813954,0,1
-0.84939451043294423,-0.41096145568925652,-0.33111878168437692,0.46061214095200476,-0.88352127560854354,-0.085009476852066349,-0.25761487001722033,-0.224723913913982,0.9397519573063905,12.783444413189368,21.77336091623911,-1.716518062709987,,0.3829055325776702,0.4444444444444444,0,1
-0.16661863660166781,0.97680969760210801,-0.13446577485546352,-0.97932510837900899,-0.14807473551467301,0.13782672019859588,0.11471949283118243,0.15465020974036384,0.9812862735164587,8.8128846706319539,-22.536484348588065,4.437534684513607,0.5849331883269233,0.5014461522082611,0.3846153846153846,1,3
0.97380138899404423,-0.047175489646455453,-0.22245297923355983,0.10721243246188576,0.95794285831462911,0.26617846368480519,0.20054014340992926,-0.28305468266858758,0.93790388500128807,6.2884783041718784,-19.771591046354679,3.4504272260716897,0.2747991536693324,0.2971680843879619,0.2173913043478261,1,4
-0.82296914756190265,0.5377202961547296,-0.1832448232952428,-0.55320371359879539,-0.8319216473282155,0.043266892275842302,-0.12917984913188552,0.13697903419858601,0.98211471365023606,9.5654557342861501,-13.855913209744823,3.2105952002346552,,0.1678585186216077,0.2916666666666667,0,5
-0.82840478015107377,0.55453186664528697,-0.078993221846844763,-0.55801390362932013,-0.82927406882868615,0.030413847581049158,-0.048641582819835591,0.069274292801942,0.99641109426660446,7.934132884672664,16.854915014035818,-2.1197175166353723,,0.2589859936488013,0.3157894736842105,0,4
-0.32372451441462352,-0.84868621122003196,-0.41825130442355241,0.92704497171671008,-0.37290191189187244,0.039138018883814428,-0.18918260803197481,-0.37506783252149617,0.90748777502831779,10.72144929114976,1.8396611576403954,0.89638612459651335,,0.2989306839443334,0.2258064516129032,0,2
-0.24140432148561988,0.96434070274781147,-0.10849406708168834,-0.96682718628131004,-0.22938386135887606,0.11237542442837752,0.083481407723118461,0.13202292669059532,0.98772506366529833,12.697855373817589,-13.543259533550339,3.8004211519769915,,0.2260874882067076,0.2105263157894737,0,5
-0.60289873882651435,-0.73729589656479821,-0.30480792579936078,0.75616033592126408,-0.64991078392389123,0.076403660376148569,-0.25443006328034268,-0.18441999308139909,0.94934430479727294,14.236481676209268,7.6120185908134177,0.71306529351274472,,0.2610693506717269,0.7419354838709677,0,5
-0.94458811288018163,-0.21253076873665841,-0.25016788232237636,0.24055179420203771,-0.96673022918715035,-0.086991369008311323,-0.22335651168398415,-0.14234934603279631,0.9642865405948573,-4.6499337499316828,-9.6438856578149093,-0.56228756655995704,,0.2834483516711335,0.4137931034482759,0,3
0.97603771591613764,-0.058786560089763136,-0.20951018462599905,0.1155477283465712,0.95587715308570598,0.27008811651516884,0.18438844753171083,-0.28782461423856226,0.93976480666987483,-9.9717544277622743,-17.037626009349271,-0.49728381716257797,0.4221866233921536,0.4178191473067527,0.6222222222222222,1,4
-0.45080980720713049,-0.82056367965654586,-0.35134849559145548,0.86558525481596049,-0.49800621501161813,0.052459283782664151,-0.2180199173723768,-0.28047291747744751,0.9347739075255741,6.7856075913201446,7.8319929437242983,-0.91670419616056398,0.509189738084214,0.2442495060136808,0.3703703703703703,1,4
0.81996796719266207,-0.43189103667757295,-0.37566296758597861,0.56491126895506449,0.71645063435983625,0.40935772465285952,0.092346039360177101,-0.54787646505663934,0.83144668382977471,-18.741872893685841,9.8959667381723708,-6.6277880566418803,,0.4219776835843041,0.3333333333333333,0,1
-0.97730512639017741,0.030812773255076014,-0.20958354643389993,-0.035666016077144931,-0.99917514163743637,0.019415757286122871,-0.20881241636613532,0.026450129265091774,0.97759795695019525,3.1864171834399126,-10.798687252680413,1.3341914159062673,,0.1932354059546841,0.1764705882352941,0,1
-0.75449527577412734,0.65002144379671878,-0.090603539880910383,-0.65607971200495152,-0.75063472711776458,0.078146771784493987,-0.017213086011001206,0.11840451448009644,0.99281623708554922,4.9435909717374091,-8.6780451010165116,1.3720514725408981,,0.205507158912736,0.3142857142857143,0,4
-0.85938859169056669,-0.41481952892902968,-0.29895820258224143,0.41106101239375864,-0.9082168315331508,0.078555910087685768,-0.30410539712725382,-0.055380008477647465,0.95102731932321127,-14.671028242803256,-17.970688885373807,-1.2468728327240899,,0.3648397086849132,0.2105263157894737,0,3
