axis_00,axis_01,axis_02,axis_10,axis_11,axis_12,axis_20,axis_21,axis_22,location_x,location_y,location_z,dbh,dbh_approximation,score,reconstructed,number_clusters
-0.76712970054499074,0.61493387429606527,-0.18267006537740041,-0.61876600237001356,-0.7844418360944494,-0.042185780730017101,-0.16923550706865478,0.080668060767568453,0.98226880593817856,-2.0331916592051225,5.2214295159731261,-1.4131219133416768,0.3358237656268069,0.2144086939812356,0.6401985111662531,1,5
0.43373004096368029,0.9000317230814181,-0.042674922527630284,-0.89653162529262154,0.43580759805705477,0.07939006440299784,0.090051631944212271,0.0038255617673115683,0.99592975086667124,-21.855758281677677,-22.436708091765599,-6.078217519178458,,0.3116107416756979,0.5652173913043478,0,2
0.58239332493628149,-0.77257008889584577,-0.25289023866715205,0.80350346210469525,0.5942735776559358,0.034944259697186189,0.12328909706633719,-0.22354948589402035,0.96686370595916338,2.5424243204817851,-11.422618221037061,-0.65432564113620639,0.3452276282911595,0.2825625644634527,0.7592592592592593,1,5
-0.21071971505995449,0.97412008748326773,-0.081775649472463657,-0.97644423512839174,-0.21371586569787093,-0.029701589747694122,-0.046409668923429126,0.073590650972805552,0.99620809006944777,8.9126461993818964,-5.8343759816375131,1.0433903836335578,0.4320275459365384,0.255930474820952,0.2439024390243902,1,5
0.96846740652286223,0.14968765857415467,-0.19915945213187514,-0.12976875720905337,0.98546436823513306,0.10963598219265311,0.21267569714308954,-0.08033420074611608,0.97381490234807122,-17.458413109503166,12.902405933653215,-5.0796825909505445,,0.06383791066391899,0.15,0,1
0.96360556771105532,-0.12061347515457566,-0.23857221021609137,0.15008117882203281,0.98260023182256173,0.10941857331201281,0.22122375469113484,-0.14124154499786462,0.96494086675141488,4.8044878251759195,-12.565404330888574,-0.090431288408223828,0.3026550155469585,0.1889027006836126,0.2857142857142857,1,5
0.047447036341790275,0.99629521742824023,-0.071725995789518729,-0.99874864729534685,0.048455087671861637,0.012379176241921089,0.015808803499859976,0.071048886045661605,0.99734755101898898,9.1043963735221833,-2.3822310089014587,1.1728277307598838,,0.2378863744085116,0.392156862745098,0,5
-0.060735766307393538,0.99683196729614143,-0.051353633440682278,-0.99779569431103832,-0.062011740301658194,-0.023628298269531587,-0.026737971228347306,0.049805351532400538,0.99840097548696705,-15.006673969832887,10.228430896575873,-4.5674944490951033,,0.3380144061644229,0.3064516129032258,0,2
-0.8784595226579972,-0.4080414746599802,-0.24861822541558384,0.43784914260062169,-0.89574982973575357,-0.076943946170381278,-0.19130341182369379,-0.17644941905735709,0.96554057767601698,-4.9079383932109542,-8.9132780387056698,-2.4668808845143677,,0.07681445738859881,0.2608695652173913,0,2
0.59591055147759375,-0.71284024263885482,-0.36979643469380463,0.79336637556546474,0.5938895169704167,0.13366015021225869,0.12433989206923367,-0.37303355091361984,0.91944850923419708,-8.2095166986031902,-18.687723173261393,-3.3898870191122255,,0.3482724640828386,0.1071428571428571,0,5
0.82240048588870573,0.56247812774531281,-0.085298280276617164,-0.5422612908977501,0.82036813187084179,0.18151809993675813,0.17207595184663818,-0.10302661801142804,0.97968126591111282,-12.624878685356123,6.7335298892827566,-4.0245922507525815,,0.1748905646131284,0.1612903225806452,0,5
0.51211106685822794,0.84502557025115821,-0.15386370859638651,-0.85233162357029812,0.5221069170716649,0.030580559313760323,0.10617466111718202,0.11548226170121417,0.98761874656621662,-16.994443071682728,3.1085510974323243,-5.0931959752821578,,0.2419725153029093,0.1153846153846154,0,2
0.97925352264811716,-0.013094221505346263,-0.20221542904640968,0.028551130293990958,0.99687084825561711,0.073711226126437504,0.20061747516153763,-0.077955456905185086,0.97656314460382676,-3.9531125004320407,18.644410992557514,-1.499165068988773,,0.5183470733348412,0.7037037037037037,0,2
0.69437627493533705,-0.65387461808088898,-0.30048223347894837,0.70275605210071956,0.70601247148048007,0.087637442624915241,0.15484030496849471,-0.2720190690808203,0.94975265517589758,6.6554130401805063,13.606515039215905,1.0245798633253298,,0.2619882417372346,0.2173913043478261,0,5
0.23015493687896096,0.9548230133295712,-0.18799393140864623,-0.97192278163558066,0.23524828879326126,0.0049344865586607731,0.048936811992576511,0.18157988830286137,0.98215779414304061,2.8585321688927441,12.355600509862517,0.0001418138514535012,,0.09085360178184555,0.4705882352941176,0,1
-0.93637047799730988,-0.26739300227118357,-0.22740120991651089,0.2859845516839733,-0.95679272249438774,-0.05254067357671989,-0.2035268142855067,-0.11423076870170021,0.97238272678437299,8.0635648038885375,-1.5840923221312218,0.87291136287085758,,0.1045054259412868,0.35,0,3
-0.97779333469849816,-0.020836826006556206,-0.20853302208802352,0.057024240182797406,-0.98395405094804478,-0.16906407558824582,-0.20166415311295713,-0.17720116338474182,0.9632919168374291,-3.5366780327126044,13.953567868601887,-1.4955794389423691,,0.1143531417254523,0.3809523809523809,0,4
-0.49606432109389581,0.86271495050659053,-0.09819930503859739,-0.86059741331264461,-0.50353432193805647,-0.076323514266360165,-0.11529215731019045,0.046648695617274027,0.99223566639179506,-13.36510467725796,14.947167436384474,-4.0048880607962429,0.4175850245904884,0.2030804560180099,0.46,1,5
0.80683059431770965,0.58968949429619144,-0.035926207559865336,-0.56383191209704997,0.78675637345372884,0.2512130246044621,0.17640285421136753,-0.18243001163909314,0.96726486748948148,-12.099550451135828,16.60956561738557,-3.6580080024813504,,0.4078369727590345,0.3636363636363636,0,1
0.86743029091432711,0.4794286786641333,-0.13308956562649418,-0.46286851806023532,0.87567614764479673,0.13763727487381336,0.18253061494721232,-0.057787771373631308,0.98150045750710746,-8.8267247354935634,11.874824624943539,-2.9744775835393917,,0.2640847385225707,0.3529411764705883,0,4
0.63611194029984863,-0.66642778910605616,-0.38889021756168773,0.75861085916041227,0.63224147934087538,0.1574175217844678,0.14096511544301901,-0.39515150728306286,0.90773571182368951,-12.774788132427027,11.05651953964149,-3.909292375533687,,0.110945621340947,0.1304347826086956,0,2
-0.21040955921448062,0.9771247289016648,-0.030904393862602162,-0.97745616672871816,-0.21083740244006313,-0.011270840976883703,-0.017528819560006927,0.027836197678090993,0.99945879684139949,-17.83517446369272,8.4274045299653704,-5.2428458020666655,,0.6155036740222184,0.5764705882352941,0,2
-0.95179601410027759,-0.20684419550562369,-0.22649464966849817,0.22566622928626778,-0.97233426728988848,-0.060339254333753853,-0.2077476847104246,-0.10854285531285403,0.97214162962913542,-2.744683702089977,6.8977844205542329,-1.567721519461718,,0.07033165932456097,0.3148148148148148,0,5
0.96964899651448888,-0.10143203828015661,-0.22246879594401273,0.13921808475591593,0.9770321338695227,0.16132741324171482,0.20099539406498979,-0.187402644049387,0.96149940227124397,-5.9406949197511087,-10.654068280964754,-2.7624697910074199,,0.1871192221429278,0.2272727272727273,0,5
-0.88372313802332569,0.45453634906413104,-0.11149046013743165,-0.42545379552552692,-0.87949149307967101,-0.2132692698759342,-0.19499354654738932,-0.14103694898834634,0.97061119704283727,-16.002104924721223,15.581563373410106,-4.6787047618257214,,0.3868630040169634,0.25,0,1
-0.39825283673528833,0.91568766492347786,-0.053951629625850497,-0.91283199632295164,-0.40141988591543132,-0.07483195628003593,-0.090179956317082394,0.01944673490926634,0.99573560746817646,-2.6089815260468412,-9.6342387923346156,-1.932715125091981,0.4955479213390886,0.2391942481430028,0.3,1,2
0.39836686052493542,0.91389934164986286,-0.07805022592827561,-0.91227103897505135,0.4036108033830314,0.06971277386451763,0.095212372530506795,0.043431701836932742,0.9945090705431805,-8.0991812627956943,9.0357174382943484,-2.8808763800938832,,0.190078609763828,0.425,0,8
0.454338619779312,0.88037808708557008,-0.13605455654472912,-0.88658255535378827,0.46176283776146193,0.027321314112421204,0.086878024375428728,0.10821046826455785,0.99032454449972518,-13.366782752649131,13.872767373350566,-4.0982951007330461,,0.3387492255591812,0.5454545454545454,0,5
0.0095273552403210716,0.99918211959040459,-0.03929785481359914,-0.99974765140541666,0.0087184913793269224,-0.020703174090508404,-0.020343623361584927,0.039485184549329387,0.99901304155132353,6.5120722815671428,6.7089093179010755,0.76524385488284741,,0.522958091026445,0.5471698113207547,0,7
0.37277532915484329,-0.88887678058083619,-0.26633930036280112,0.92354135890590772,0.38326026132357638,0.013525179496542396,0.090055051850121151,-0.25101721262581195,0.9637844399044011,-4.090943719370844,-5.3539096516882783,-2.1446507938278421,0.8037991296647831,0.8368313900420035,0.6069364161849711,1,4
-0.53680605926538005,-0.7791484238196783,-0.32367729051523625,0.83435023681628484,-0.5472072382216826,-0.06651256093707883,-0.12529539919958435,-0.30576456972172245,0.94382683308025694,-2.2806271046944548,17.57632892728736,-1.1200995775861617,0.2100295588244226,0.2169302198533083,0.2222222222222222,1,5
-0.87276293488184875,-0.41763207090125115,-0.25272180921154308,0.44880455620638338,-0.89013623715909629,-0.078942698361771951,-0.19198783770024219,-0.18232096053657335,0.96431309102604634,17.645055234288606,-6.6281173132619102,3.2514524441094452,,0.08325416929523854,0.2222222222222222,0,5
0.28218762852498108,0.94970518708581986,-0.13575787244110196,-0.95745600919687379,0.28770296657469452,0.022472059917048069,0.060399774504897918,0.12364085346845272,0.9904871561980747,-9.7810819885507136,-8.8877992257210003,-3.5899895397244594,,0.3737568806434663,0.2962962962962963,0,1
-0.97299537967973226,0.13763215174949445,-0.18530348600794921,-0.086411470610642971,-0.96160221427275727,-0.26048846280139953,-0.21403983009897964,-0.237441724030412,0.94752750821317355,-12.105607740525867,14.347331783139744,-3.719344470980718,,0.1030588186717736,0.3157894736842105,0,1
0.39704488692134682,0.91537100031604379,-0.066717985206552505,-0.91262002677921894,0.40147157742325285,0.077105507214363267,0.097365520032063474,0.030273822052919577,0.99478814388149772,-8.0161608193990315,-12.743334770845136,-3.2821694995210011,,0.3447250223581871,0.2203389830508475,0,5
0.83185656586475876,0.54400633794738995,-0.1098715527366471,-0.53709475472328339,0.83896750443644974,0.087537140394305546,0.13979942158831532,-0.013806910325872458,0.99008357776039613,-14.798416797418781,10.099974575237175,-4.542346686964672,0.5119525058740674,0.63853818828708,0.4453125,1,4
-0.89241158363821116,0.42878053286714551,-0.14053049499133002,-0.40381048872489661,-0.89789228116109376,-0.17528987599712956,-0.20134213315672789,-0.099683027971143368,0.97443554910030039,6.9917757434811234,12.139299633124759,1.0865765321664147,,0.4341205759145916,0.2777777777777778,0,5
0.17456412842120525,0.98236020384975498,0.067050689487980139,-0.98431513748763566,0.17233578477726777,0.03773708253033211,0.025516174894424121,-0.072586549563068328,0.99703566518018105,-21.777989444274915,6.1391422036928747,-6.1818226097968072,,0.7398241581598937,0.452991452991453,0,4
-0.38691615270971547,0.91912835432048157,-0.07415496649878886,-0.92010972021403392,-0.39012488343532847,-0.03465080218731257,-0.060778232451799807,0.05482375040706132,0.99664455190972656,7.0848198892835192,-5.6165396389241806,0.60551632460734917,0.5711753489914957,0.4234453969495346,0.2692307692307692,1,3
-0.45316465594007965,0.87568773064426653,-0.16677167926780806,-0.88348539993875774,-0.46611432584053125,-0.04680794100664299,-0.11872380848744553,0.12612863927483864,0.98488386302797892,-10.479676035190717,9.6552726915274949,-3.4321122986892592,0.469913087741242,0.2572285300470813,0.6224489795918368,1,4
0.19291839631018959,-0.91890798041008726,-0.34407937442363407,0.97979441753902208,0.19926799441902315,0.017180388807826064,0.052776810480290121,-0.340441463307387,0.93878337135712631,0.082791617013421248,-8.1212600179432108,-1.2026784305481215,0.4978524423428483,0.2892983041388612,0.3846153846153846,1,5
-0.65082916883159703,0.75889601699193476,0.022321030257380275,-0.74537685027391698,-0.6330931720239964,-0.20882142278111704,-0.14434245416269009,-0.15254465225098077,0.97769902577220558,6.5471766826756275,-6.7326405552780733,0.45546592516570961,,0.3300326624167302,0.2413793103448276,0,1
0.66341617883783044,-0.65100590212091336,-0.36887706496873235,0.72704755240806207,0.67736787351612116,0.11213661518742825,0.17686387475586093,-0.34258441198043865,0.92268905405578472,-14.543176072815443,1.8036790186714868,-4.5180662823630415,,0.2306403695758923,0.3272727272727273,0,5
0.11413258946631943,-0.8751028339134852,-0.47028585147577978,0.99251113098118759,0.12118283100317681,0.015374535716522092,0.043536271086941962,-0.46851867790584617,0.88238021371356778,-3.1125367694760744,12.469578783546675,-1.4853129862848302,,0.3405139516503751,0.6428571428571429,0,4
-0.24970135839718785,0.96817813454911805,-0.01674309993964054,-0.96641159730619752,-0.25025708741031322,-0.058480892546115187,-0.060810000877179464,0.001577967647480431,0.99814811216142696,-36.166724497963358,15.682550619086154,-9.5909048906194823,,0.3829359711557703,0.7647058823529411,0,4
0.9497957473995271,0.21634566347508993,-0.2260145838597527,-0.17088995028564868,0.96384136750219518,0.2044662397142058,0.26207758987205021,-0.15557754396770013,0.95242373169710337,8.5591616723776269,4.5602305718074598,1.2734693954945118,,0.5034435809563943,0.2173913043478261,0,2
-0.69597289827146469,0.71700301457101256,-0.039094781847463365,-0.70690326904112477,-0.693698921813379,-0.13809262867339889,-0.12613283906497685,-0.068472497917328956,0.98964742405483608,-0.35580751070246991,15.525744292172622,-0.71818949385106912,,0.4462850485955315,0.1818181818181818,0,4
-0.90498362056385973,-0.32303996602970853,-0.27685705130744337,0.37189507560546653,-0.91672122950496993,-0.14600082231035605,-0.20663663579223321,-0.23509012680761496,0.94975466991536639,-1.516188894338677,13.27893421041418,-1.0014070734878957,,0.1323133654347808,0.1666666666666667,0,5
-0.82291042821559157,0.56114789169471535,-0.089058805182909165,-0.53829431811017636,-0.82016081860609846,-0.19384390295718526,-0.18181764002519538,-0.11157632038183778,0.97698161216356438,-8.8504334022265461,22.915415048110248,-2.7038437055370519,,0.2331378873760032,0.2631578947368421,0,1
0.85426742887518092,0.4800563684592507,-0.19943180053518017,-0.48472740048491991,0.87421661609599355,0.028011700426830363,0.18779378898706897,0.072740574945394765,0.97951125648176884,-0.86183455005694365,10.780668107474899,-0.92120497851948147,0.433950356757251,0.2871944639274137,0.8536585365853658,1,5
-0.93951854334808382,-0.25837373787564294,-0.22482864203936259,0.285702350221955,-0.95325112160946968,-0.098419846717721887,-0.18888905151635069,-0.15670134245263223,0.96941508936615828,-14.379466361302155,-14.948114778736059,-4.7089629459240401,0.7243177833802832,0.7473348572884785,0.8434782608695652,1,3
0.76977182856329851,0.61544249786771776,-0.16935720760764997,-0.61126872794087495,0.78715057049232529,0.08212503646971403,0.18385286016774707,0.040305225367827519,0.98212708679487482,-15.121706745277763,13.340812225997208,-4.5653628104181836,,0.1539505995960377,0.1935483870967742,0,2
-0.67744871067087331,-0.69060578395717798,-0.25323288802062244,0.72101704292671298,-0.69159578508603703,-0.042774920928606928,-0.14559419019861986,-0.21156304312455376,0.96645921308883387,7.188404766844064,10.872775482845944,1.1037067070076101,,0.06754488165010999,0.2142857142857143,0,5
-0.92388928325010899,-0.29800322235614946,-0.24004722818843927,0.32466081085637971,-0.9424819967921727,-0.079517567975373835,-0.20254369945688089,-0.15139935663004497,0.9674989843004127,-13.662067963723636,-4.5523048488932858,-4.368030923489763,,0.1755612804263595,0.5625,0,1
0.48865289137465379,0.87159967306740704,-0.039145391299378371,-0.86615412571443973,0.49001470435620398,0.098298626758251545,0.10485886828993993,-0.014127966006914792,0.99438675489844575,-10.860598437182373,-12.706846387231028,-3.8860392337599547,,0.09176359995893836,0.1052631578947368,0,2
0.95324280273255813,-0.16512325920480911,-0.25310564653551226,0.19561984792638365,0.9755359421256472,0.10031201681895147,0.23034980819578899,-0.14513419614483866,0.96222400249295137,-15.767213401557745,10.314006238146654,-4.7379387655063514,,0.1851278837935282,0.2459016393442623,0,2
-0.45526678858838576,0.88782111235655781,-0.067125432306860952,-0.88490976431847768,-0.45952002830213179,-0.076000346071742733,-0.098320192342339532,0.024799516994751997,0.99484577886956549,-10.674193715178658,-0.82858725001407996,-3.6650011987214568,0.3299397122267066,0.2967285234211848,0.5292620865139949,1,2
0.021916821940288697,-0.95346584273015,-0.30070340813320323,0.99974217675738475,0.022687346383366131,0.00092969160940635303,0.0059357331851348947,-0.30064625569091541,0.95371725160583565,-1.5743149280384521,-5.0640380673696477,-1.505046220407023,,0.07114981135144205,0.3809523809523809,0,5
-0.9715845478756403,-0.078857816449006843,-0.22317013938738361,0.095207570563319369,-0.99343263710181817,-0.063459546550219736,-0.21670021882019425,-0.082903801636738453,0.97271166068751225,5.5754474949102084,13.249339831012639,0.75048216799173284,,0.08378853901263965,0.1111111111111111,0,5
0.87494374882136916,0.4458304935288247,-0.18896721260116608,-0.43918341993622556,0.89499722222565103,0.078089025230758474,0.20393959902758149,0.014667762208789622,0.97887358565866733,-12.224608077277132,-12.490685079436036,-4.2146451309356978,,0.1763808352293359,0.4,0,3
-0.14671586042288781,0.97394736746737509,-0.1729190033042701,-0.98859124867875769,-0.15039458957943239,-0.0082952071106928964,-0.034085177660486209,0.16972917494822318,0.98490111576505446,12.078658777607281,2.3188033494132063,2.1330228484083942,,0.07596190495159699,0.5,0,5
-0.98268566499034182,0.010475835198127574,-0.18498416337457813,-0.00015648961307485496,-0.99844688410007421,-0.055711714583693277,-0.18528048826979041,-0.054718155193277253,0.98116107961881227,9.7754811884882109,4.8772659139155241,1.6087720000121883,0.1872527129184526,0.212179649926952,0.3953488372093023,1,5
0.15032708260568081,-0.95777737053887102,-0.24508014346109619,0.98818391499321978,0.15306679844887269,0.0079438882976462337,0.029905156477406328,-0.2433784372048165,0.96947027696562382,-2.7058275683121686,-18.84215203636337,-2.0561492533330661,0.65216850834507,0.6262210133325777,0.8888888888888888,1,5
0.68748799916761694,-0.68538074840352847,-0.24002808318679611,0.70997296901303364,0.70382726696803022,0.023781537863059438,0.15263890156616711,-0.18676297274924059,0.97047460437589084,-3.9230853885574231,3.7440973778259541,-1.9249619629594408,0.4335067526691473,0.4200165601575052,0.8042269187986651,1,5
0.96271439514750468,0.18106983454439346,-0.20098434862904416,-0.16320024222570634,0.98127328761309207,0.10231527722908924,0.21574678285723287,-0.065699695852116075,0.9742365604162545,-6.8631870260929917,7.9942905079673299,-2.5824918632279226,0.3629913069897705,0.611823657725138,0.6626984126984127,1,5
0.0051902163028319766,0.99116131465868074,-0.13256058984028793,-0.99998637124149292,0.0050695393772114726,-0.0012478388410600157,-0.00056478845612550291,0.13256525975751768,0.99117411836640534,-13.719000419720995,18.247372612857234,-4.0214853107467201,0.863437766330127,0.8335397224057726,0.7704918032786885,1,1
-0.97504238122771059,-0.060618894485413216,-0.21358301533868093,0.076430232096219602,-0.99485087689332663,-0.06655938976807077,-0.20844849347384331,-0.081222425326668818,0.97465488414748103,-1.1565345227092132,-13.497435072604135,-1.6117061638323675,,0.1306871647578668,0.1875,0,5
-0.087063588671465533,-0.89590800270223581,-0.43562458863307807,0.99510513454833815,-0.098733672419396762,0.0041752995239457535,-0.046751499689114587,-0.43312874832395026,0.90011876141548586,2.501871644657828,-13.853360928901605,-0.7352006254430391,,0.376763447701752,0.2666666666666667,0,5
0.97624799128665518,0.028465323561646622,-0.21477798970868264,0.027956706396940791,0.96649280143436633,0.2551667833848818,0.21484478601122131,-0.25511054492137852,0.94274085930000462,-11.512764201562124,5.566636230676167,-3.7267057773039873,0.5742752345946323,0.4991671585456394,0.6326530612244898,1,5
0.8818846017423615,-0.39807588758663365,-0.25261658087273431,0.42943204365878523,0.89937802508058873,0.081898033439024617,0.19459616925509102,-0.18070626918912991,0.96409417340163928,-13.603472445943218,16.939065468249972,-4.0706427304864796,,0.07672724895415714,0.12,0,1
0.74568557798021828,0.63504598969142201,-0.20166707656221636,-0.64625559567217938,0.76300856319534438,0.013101051597992765,0.16219347660958786,0.12055921145818423,0.97936650579743467,1.3764851894592269,8.4627940222032141,-0.46274867321470448,0.3458727760969137,0.5292221363396581,0.7852760736196319,1,5
-0.05169458089311809,0.99125370807561064,-0.12142387134594824,-0.99857744611517474,-0.052897592223614648,-0.0067028984059201218,-0.013067303332393044,0.12090463582219134,0.99257811512259464,-13.425487726438151,-20.70952173527871,-4.4270608819500339,,0.08987611785527913,0.3,0,1
0.33436341847715395,-0.90616482547279986,-0.25897183912565191,0.93959469398937578,0.34187220600102058,0.016888036919895065,0.073231928905933136,-0.24897530769103721,0.96573722137487794,-14.033467580715548,-9.9729296025917158,-4.588383217192753,,0.1054703893613086,0.4615384615384616,0,2
0.01102044993464652,0.99941274654660495,-0.03244551931176716,-0.99975532833196712,0.010390273365438631,-0.019527562347434774,-0.019178976903876967,0.03265278333563254,0.99928272405028462,-9.6879652906617526,-20.09822933597372,-3.6799707256245613,,0.2979626160712159,0.1111111111111111,0,4
-0.22740976353226192,0.97030982010273559,0.08236293136112495,-0.9724284451491767,-0.22178991217261834,-0.072056602218092861,-0.051649961422588792,-0.096478432152781693,0.9939940611564968,-9.2155787907224784,19.099259314478303,-2.9458553933671938,,0.6848824477026927,0.5172413793103449,0,1
0.78165333500309431,-0.53356228155517849,-0.32300055043323406,0.59376690614580585,0.79510780833679628,0.12346835338617621,0.19094220341395837,-0.28829648770577904,0.9383102952285739,16.454935649158386,-4.3470824094370313,2.9728296435492116,,0.167402203689581,0.2758620689655172,0,4
0.69064450864715621,0.71591944941329166,-0.10232059727785961,-0.70733632497908216,0.69817137424227882,0.11059862365208135,0.15061701776563996,-0.0040092568410575666,0.98858405804411376,-17.233776224071843,15.435059435157957,-5.0409739827265048,,0.527810086653011,0.6923076923076923,0,1
-0.89423712914933484,-0.36917458906043277,-0.25308117204331415,0.39911021476577252,-0.91362201395831311,-0.077497432734098537,-0.20261044721429353,-0.17030836269196437,0.96433607641568986,8.7228589686828109,6.5851758727238909,1.3354779087956663,0.8590214754955799,0.6211134122481154,0.6666666666666666,1,2
-0.89753041410767276,-0.30419689639943004,-0.31922312568588207,0.39468452122118758,-0.87702451993326791,-0.2739564201551466,-0.19662981579636407,-0.3718766457533676,0.9072179869706688,10.082912215445885,1.7865529548346453,1.5982938833705338,,0.7973839229042886,0.2558139534883721,0,1
0.091441180124012852,0.99215567552477069,-0.08523864206750946,-0.99559221408555176,0.092877675384194447,0.013033827812909462,0.020848353166526425,0.08367109978489197,0.99627530995755864,-2.5846401004269031,11.2301616280351,-1.4425680853109417,0.70093842621312,0.4399372553613754,0.5185185185185185,1,4
0.61413305499077908,0.76239279336427923,-0.20395543482315745,-0.77184489853044069,0.63412505803899166,0.046269464872401238,0.16460875851614298,0.12900635408093561,0.9778861473742827,-19.760576611391148,3.71875446064315,-5.7360732519895148,,0.1239699605206215,0.3076923076923077,0,4
0.33711901445456494,-0.86727504816147971,-0.36631238162214269,0.93841296236913951,0.34083754483082268,0.056664628219670624,0.075709194624955303,-0.3628550108103793,0.92876496433653255,-28.581395367225561,10.601299821419074,-7.6611628986047497,,0.225275507061745,0.25,0,1
0.12901995901180563,0.98674800316394651,-0.098398315171333448,-0.99138340309584749,0.13061568936032614,0.009924200674303673,0.022645048966365815,0.096270036589230723,0.995097624262273,3.284719177793118,2.7817557792582335,-0.095096418492798457,0.2412108638557242,0.07898724181987433,0.46,1,5
-0.26308271150104418,0.96293115719430245,-0.059590883645902946,-0.96305907680218106,-0.26579423616905012,-0.043250879855113521,-0.057486533189857726,0.04601098264276033,0.99728545962430359,-1.4593512116143943,7.5009307946986024,-1.191377937077684,,0.07449555508324505,0.2,0,5
0.11345926986772144,0.99160761800264963,0.061978431733910717,-0.99322873146611024,0.11163450735469686,0.032162458828512749,0.02497360749481798,-0.065207888225164601,0.99755914623740938,-2.8469454609859168,9.7500787756539573,-1.4694289202014634,,0.1176353065502229,0.3333333333333333,0,2
-0.10030632284776565,0.97929726038093368,-0.17582809049511533,-0.99469529175611093,-0.10275163001051553,-0.0048351926961053369,-0.022801713860719362,0.17441037337435183,0.98440901230354116,-0.053337976379966949,4.1323186542237815,-0.93650764574420842,,0.06493994060869179,0.1808510638297872,0,3
-0.91420679391188786,0.36935368903138444,-0.16674468616497248,-0.35156222902172823,-0.92750876750676736,-0.12700978436070151,-0.20156869074988201,-0.057492074210150915,0.97778562288079973,-15.912363874473797,20.314538653982794,-4.5261465721732526,,0.2440451883115173,0.2631578947368421,0,1
-0.95238538014980634,0.22992558221550399,-0.20024064102916503,-0.19545306525607176,-0.96445743275273588,-0.17782002049827708,-0.23400894632238986,-0.13021554074250696,0.96347481855532757,-9.5873714540446606,3.7364124850896454,-3.2665957093064462,0.2955166670690534,0.3957354790621374,0.6392572944297082,1,3
0.79762816341149712,-0.54841248603910564,-0.25106385261365383,0.57680032307091966,0.81524742783317028,0.051701244827207775,0.17632555185816198,-0.18605208025659917,0.96658880771200062,-7.5501311166111105,14.370210822815814,-2.5864738674299619,,0.05966806278554852,0.3125,0,1
0.85373850259132611,0.49697676776874128,-0.15538552535952438,-0.48682963519063227,0.86770520773861737,0.10042200338291739,0.18473623221576421,-0.010087852170671034,0.98273636329653857,0.65207427790599248,9.3761754737287699,-0.55602002474058276,0.2680503811156534,0.0996536283224104,0.2857142857142857,1,5
0.057318563857119906,0.99040795544349403,-0.1257245561996424,-0.99835274681473718,0.056543575334231211,-0.0097271278337098602,-0.0025249088752848045,0.12607500102185953,0.99201749931768402,-2.7257832590442574,8.5052136617156862,-1.5186851228147804,0.4985825032530373,0.3842974063147148,0.6893939393939394,1,5
-0.9344985715866766,0.31668825366007552,-0.1625452850629403,-0.2770735483069276,-0.93379828921223107,-0.22638684567111764,-0.22347856391848739,-0.16652118501272295,0.96037910556763395,12.784582598850884,-1.3690722176906485,2.1484516571361483,,0.4875280071848256,0.2835820895522388,0,3
0.68593785607783686,-0.67290638681578774,-0.27692282712312083,0.7070573925530429,0.70628165261480025,0.035157798790572216,0.17192760463472007,-0.21991639721091202,0.96024875787596786,-8.3651587616155023,-15.063809094795591,-3.4230889305902017,0.2536951181950148,0.1918791634347026,0.4705882352941176,1,5
-0.94086171627317783,0.30564994542662349,-0.14614151262455524,-0.2679513449611291,-0.93530763221911184,-0.23108809975029215,-0.20731933721921109,-0.17826313127896379,0.96189445805743479,-1.1506922888514104,1.1589946223123269,-1.2708927301410897,,0.1078992063535689,0.25625,0,3
-0.059577027919137771,-0.96230975910581973,-0.26534977911055518,0.99816916020034374,-0.060209429382588116,-0.0057577980480790231,-0.010435773534415434,-0.26520699866919289,0.96413502295457365,2.8165648810034667,11.103851251343423,-0.032027824875475841,0.2155920038446087,0.2153021515593699,0.7777777777777778,1,5
-0.0092348534750680243,-0.93787753369745475,-0.34684355157170471,0.99989043116241327,-0.012673947360533257,0.0076483153795998135,-0.011569060080119578,-0.34673491725507277,0.93789181359311402,-12.269065392185919,8.325204122295693,-3.8790979220214581,,0.2457359067565504,0.3595505617977528,0,4
0.79433648429111692,0.59822734180307202,-0.10561059247660022,-0.58254462461675827,0.79943029792693576,0.14680926090192911,0.17225362130924352,-0.055093069216381185,0.9835107745572339,11.571519501155922,-6.361441612099445,1.7229383259676474,,0.09170939760589322,0.3333333333333333,0,2
0.72133107223459259,-0.63813062282983701,-0.2692039978077943,0.67926540308144923,0.7277027573421474,0.09511681835108643,0.13520353695629006,-0.25147167865078091,0.95837466495680523,-12.028213037353199,-9.5256072369542295,-4.1401748242527558,0.2453447082712061,0.170616221571168,0.3513513513513514,1,3
-0.92668269222383426,-0.29707906222856167,-0.23022427916747645,0.32419211117558711,-0.94172697519130144,-0.089720562016500957,-0.19015431360950383,-0.15777938706446859,0.96899277708002451,9.1985991555913866,-13.027567077527763,1.0544239600975467,,0.1358614784190463,0.6285714285714286,0,5
-0.39138591361461589,-0.85055017825496548,-0.35125697273435347,0.91535758827895941,-0.39905172853504695,-0.053648891259013572,-0.094538628106096173,-0.34252315574810566,0.93474078522988358,-21.203877435658825,14.529374880272197,-5.9343666470465575,0.3296100784792986,0.256194630779068,0.5952380952380952,1,4
0.084602720039967841,0.99491984720287852,-0.054560767989833503,-0.99631687588987006,0.085235007685343034,0.0093635613913439861,0.013966480547682411,0.053567631146814045,0.99846654741880603,-9.733832464004248,-1.0273741033074579,-3.4132643022899005,,0.2109619879897985,0.3684210526315789,0,2
-0.97632143843480701,0.067216139231357885,-0.20561721591204468,-0.038746219804403077,-0.98946664025523112,-0.13947938296714096,-0.21282664143254851,-0.12820982196718081,0.96864186480230419,-8.1717696947618741,6.977508649362945,-2.9048257948388452,,0.2758865686444735,0.4113924050632912,0,5
0.82454012524884979,-0.4795870731023032,-0.30021629064356253,0.53715831809913261,0.83020413379077274,0.14907057903431756,0.1777484828388835,-0.28417835165593081,0.94215080602767409,-22.750561286851465,8.0421556557477683,-6.3578451410840797,,0.0707125674965505,0.5,0,3
-0.6903292223594083,0.71438303644612144,-0.11446589882876003,-0.70729687396769625,-0.69966459806659576,-0.10099793209682936,-0.15223894650246803,0.011239548493171938,0.98827980638961244,-3.9286598046623316,-8.8668592285387184,-2.2178023594884939,,0.2206994670160554,0.2222222222222222,0,5
-0.95820053208479739,-0.14893581009500356,-0.24427415905853894,0.193963304420536,-0.96581560889714257,-0.17198385432623817,-0.21030924100162082,-0.21217524380093752,0.95433311221362072,-13.169228121324512,-6.4186856824351182,-4.3301435539885418,,0.232016927445328,0.2,0,1
-0.69415766557435932,0.6893602571425369,-0.20718969857773276,-0.70324937274412425,-0.71088475108459215,-0.009120877720568599,-0.15357556791154001,0.13937469837733565,0.97825826773550695,6.4219700743862802,2.6464668387622647,0.6278088963773244,0.3722962010683435,0.340632716829534,0.811965811965812,1,2
0.21831318125504778,-0.94443486424892353,-0.24572778044294979,0.9752323949316577,0.22030205292267427,0.019717539246032183,0.035512402990564823,-0.24394629054194097,0.96913831652899918,-2.2084855296373758,-12.601559069897737,-1.9201811870532579,0.2683617130802912,0.2420601607848431,0.8247422680412371,1,5
0.42832342443046695,0.88626843320824289,-0.17625920793752792,-0.89906311280997064,0.43755135342599982,0.015307916237099848,0.090689377925997558,0.15191141304616435,0.98422475040902802,-7.6745080173015676,12.699856670872535,-2.6766551283198567,,0.09080721182095923,0.5,0,3
0.9611626848369994,-0.12536823250904058,-0.24586398588343789,0.15418395510161501,0.98280292669734293,0.10161552668938731,0.22889648591919301,-0.13557733421445325,0.96396326962242096,7.9738706813612499,10.059443698293027,1.2755289893097743,0.603144334592164,0.2697402654549676,0.4545454545454545,1,5
-0.73255346889023087,0.67727285795521208,-0.068314647727034369,-0.6611113586164028,-0.73177889864526102,-0.16562431888434428,-0.16216407347271342,-0.076165079759087498,0.98381994994004274,-1.9163384824587031,-9.0445041752249189,-1.7161157122756652,,0.7108086842586254,0.5242718446601942,0,1
0.011395253949133205,-0.96313682619850194,-0.26877053820631447,0.99992414121573547,0.012232572641491099,-0.0014408263410510211,0.0046754680417244949,-0.26873373101798703,0.96320315708148685,3.3653539890278497,1.44898988071264,-0.16636212464337607,,0.0704512762869728,0.2833333333333333,0,3
-0.71344293000293779,0.69080612248505791,-0.11741416765442977,-0.68329118979859249,-0.72300082466407301,-0.10189679817685139,-0.15528147208359175,0.00753051606659588,0.98784156409584378,-19.143264858937165,11.243223072628782,-5.4795366556931473,0.8909137985980118,0.5659529560633281,0.8941176470588236,1,4
0.51293800045305504,0.85757759201862227,-0.038148150135538184,-0.84561367771072726,0.5124324315963561,0.14950087329773121,0.14775694826220612,-0.044426081481350313,0.98802540833950825,7.259008723192939,-8.0786788768470092,0.61785619877475173,,0.1634149997725222,0.2272727272727273,0,2
-0.23673762883059282,0.97123778448692721,-0.025543317728805005,-0.96706080055699983,-0.23808759916619218,-0.09004278510427334,-0.093534502306497291,0.0033854258528117171,0.99561028307770694,-6.0071559098813427,13.692957822774027,-2.2280607115123359,,0.5382214791058061,0.25,0,3
0.14084386024736825,0.99003084520583451,0.0013901696449431789,-0.98891971090102426,0.14061897390578509,0.047582660382955451,0.046912817247052672,-0.0080764917325555352,0.99886633633296473,15.130513771947713,-2.4529472190419721,2.7534455887359122,,0.2080596355038259,0.2424242424242424,0,5
0.69709865057744069,0.70255241076955943,-0.14308592343411156,-0.70066762483544809,0.70986120837654898,0.071846672502201864,0.15204719948280565,0.050171455670201447,0.98709901943288825,-11.147772114640796,2.2250086310764576,-3.7104546312553408,,0.3908878103280892,0.651685393258427,0,1
-0.21816361884511914,-0.94050658871913706,-0.26048414920738411,0.97481348485944086,-0.22267402795246022,-0.012447771351560442,-0.046295843750765918,-0.25663911208410956,0.96539787704349422,-9.6210796377764414,15.735126721817776,-3.0858239791997355,,0.4194142615742627,0.3181818181818182,0,1
0.97065398234896327,0.09141934172009708,-0.22242605627390755,-0.081809991816163621,0.99528737805894363,0.052059200105204533,0.22613706416494095,-0.032334796056548425,0.97355867269253149,-11.151436961246104,13.318721422293541,-3.5378439814640119,0.5125713540032368,0.5428148871029107,0.8787878787878788,1,5
0.92366491801231621,0.35055458632316328,-0.15477274062669727,-0.31832918795848514,0.92677849178502747,0.19936939398604683,0.21332990256172393,-0.13488183410848129,0.96762453642956958,-2.1829907873916374,-6.5884972095602059,-1.6854726472294148,,0.3076028132921357,0.6602564102564102,0,5
-0.044321061300691779,0.9931841734759892,-0.10780000501853344,-0.99887874071243765,-0.045853534206721558,-0.011777722763219145,-0.016640459065619222,0.10715713208913599,0.99410283379764885,-9.3391832446559899,9.2380730937464524,-3.1877483490971201,,0.07266809854795837,0.2903225806451613,0,5
-0.96721449709647223,-0.12846920927523905,-0.21907026013271028,0.13924477525963069,-0.98965987906384667,-0.0344124444674829,-0.21238410761945783,-0.063788604307724844,0.97510204839860704,-9.1678790895624083,13.173957261210797,-3.0505169325281698,,0.5024264651396168,0.676923076923077,0,1
-0.90812856398383324,-0.34061741086712832,-0.24347954881433911,0.38457999353253997,-0.90850698865787327,-0.16344197788302073,-0.16553168835957602,-0.24206369197790942,0.95603578864750183,-3.6565394879625628,15.731164300469532,-1.5489812375131891,,0.3943554006443336,0.3529411764705883,0,4
-0.79561659410063046,-0.51523090072474576,-0.31863985019152907,0.58030137516459068,-0.79918230342932528,-0.15670979505915797,-0.17390960057972107,-0.30958805665555844,0.93483190253779669,-20.17183085943622,17.081610198713431,-5.6683216526740345,,0.1756672382080146,0.2,0,1
0.90670883160962179,-0.33871429950505227,-0.25130005569421904,0.37165945212867724,0.92334596638563493,0.09644417039298285,0.19936987316173735,-0.18084482207180019,0.96309231333517176,-4.0996666509286701,-7.6093617941114973,-2.2146261481212002,0.4484842053555612,0.2273763010291985,0.1772151898734177,1,5
0.65305709818867475,0.74179741148009681,-0.15248943185288918,-0.74382082309280695,0.66612156031108694,0.0548876126486052,0.14229198726185516,0.077580069670968407,0.9867797743929092,-3.6446941134067372,19.817375790509026,-1.3787189611662207,,0.08822457711925835,0.2307692307692308,0,1
0.31003972471748381,0.944109621118838,-0.11194816839927202,-0.9478743500867397,0.31606955470381753,0.040425895623620381,0.073549884736471796,0.093579163814255864,0.99289141126060554,13.889889409086898,-4.5775442591019164,2.3845008950691282,0.7757653389933959,0.5221572112581583,0.7647058823529411,1,5
-0.062814975551263696,-0.93246565056043484,-0.3557556596477438,0.99764642298808737,-0.068486153414237264,0.0033558142972854453,-0.027493518246496783,-0.35470756591230018,0.93457297689319196,4.2184012431350268,-11.044423991186243,-0.20459881443014258,,0.08073067719893171,0.4117647058823529,0,5
0.30694669046140399,0.93844503713863958,-0.15844444289607784,-0.94898298055249053,0.31442285578037127,0.023865673772742898,0.072215177327915117,0.14303559009132394,0.98707942341572696,4.2089573741992945,8.5349018726731316,0.25592440979230413,0.39285932120997,0.1269309811240516,0.3428571428571429,1,5
0.97594256207834595,0.031022685622855962,-0.21580942634811115,-0.012509365460425765,0.99616216233469201,0.086628298542970078,0.21766862727488515,-0.081844604644520633,0.97258512706644384,-18.512789572814071,4.4137035961711266,-5.4133110737858861,,0.1523870408445442,0.345679012345679,0,5
0.27537649304720613,0.96103500441232226,0.024072959336770356,-0.95964449603963864,0.27332059597917169,0.066168671094548159,0.057010773524398178,-0.041322779526528367,0.99751801968403153,-7.8419369682837123,9.6296515308926889,-2.7587909460527849,,0.2451935468103947,0.3125,0,2
0.84024270241743182,0.50520665781296559,-0.1968716179029017,-0.50986013373178807,0.85972900611839675,0.03014432068696641,0.18448535189888682,0.075048443955412533,0.97996575756228188,3.2375686920447726,8.4453552625363386,0.011272092748624384,,0.08729272833083324,0.3877551020408163,0,5
-0.2642349592255227,-0.86202228357138644,-0.43254764933988399,0.96280524815067459,-0.26201288291461533,-0.06599472191236723,-0.056444135714925694,-0.433897259513292,0.89919254207886445,-22.487397056266047,11.67091013812248,-6.2442020494851205,,0.2687180514671481,0.4814814814814815,0,1
-0.88981803340631382,-0.38503782599182867,-0.24488719848208987,0.42112767210423702,-0.89958052818365897,-0.11578582426564774,-0.175713833300018,-0.20615709026927836,0.96261305981101164,-29.475730085924106,12.021223486443905,-7.9644029849676805,,0.2888499801919907,0.9222222222222223,0,4
0.36430768269170699,-0.85634527967740193,-0.36599545667402922,0.92748072176852336,0.36908518916131638,0.059629136246425428,0.084020373002849355,-0.36117708276687216,0.92870430805745396,5.9232638555064741,14.903191236602389,0.87451867594197918,,0.4159891835647295,0.3043478260869565,0,4
-0.8915161044292953,0.40238820705942402,-0.2080451065579704,-0.40039243243855793,-0.91477807140585976,-0.053544188488685765,-0.21186065134694074,0.035564179935423677,0.97665257564620767,-1.5565546924025986,-10.458496731667527,-1.6574885553953109,0.6807478408416729,0.4431126330821625,0.4545454545454545,1,5
-0.58172373180809389,-0.74290441387710593,-0.33119560941108228,0.80767331128679398,-0.57575958530445437,-0.12714056066050541,-0.096235763031681354,-0.34145853594829911,0.93495708251328502,-3.1017720155344821,2.8536308071854593,-1.7323985560981729,0.3797250316756104,0.2519887343497607,0.1541501976284585,1,5
0.97487237752949429,0.1250782833438242,-0.18433467000473427,-0.061615817559906902,0.94660659491840915,0.3164481718755851,0.21407320840407965,-0.29713865028423614,0.93052742246042741,-10.130415902536091,-3.2715550436036289,-3.5533287774988165,,0.3220512091318046,0.1566265060240964,0,2
