axis_00,axis_01,axis_02,axis_10,axis_11,axis_12,axis_20,axis_21,axis_22,location_x,location_y,location_z,dbh,dbh_approximation,score,reconstructed,number_clusters
-0.73528403840966594,0.6740884764922237,-0.070442236764364605,-0.66195187036433045,-0.73656186450044758,-0.13891127054631083,-0.14552355198090419,-0.055509869609090878,0.9877963100735111,-8.0570688088640878,-16.08106707332761,-2.4849180212217288,,0.1262928567499202,0.2391304347826087,0,2
-0.2082525681633578,-0.93546053803842777,-0.28555988798537879,0.96524117548787969,-0.24370706235579082,0.094426378203805075,-0.15792511198711687,-0.25596962618788721,0.95369765097387693,-0.35397800121944689,13.454225817096445,-3.1016329313350717,0.4269377623182692,0.2007706093076979,0.2777777777777778,1,5
-0.43804126859844839,-0.79527703085822854,-0.41911131122171197,0.87714507636619077,-0.4801930472499556,-0.005581431657858133,-0.19681555327567876,-0.37006632049150662,0.90791770355394363,-8.4629705495990279,-20.419642953171135,-2.1083590404823425,0.5393742331003545,0.5065990370209841,0.2941176470588235,1,5
-0.95764182591330149,-0.077775119298862258,-0.27726010185290945,0.068827295068710048,-0.99674934004738536,0.04187548887626856,-0.27961569468640829,0.021018656787471154,0.95988190906584347,-0.76628848948850548,-2.7204989475478971,-1.4800424624706008,0.4404697145824901,0.3289634035629672,0.9375459221160911,1,9
-0.74176564177282622,0.6325466132091967,-0.22286434170347366,-0.65384088270088458,-0.75602050795666131,0.03041531946043317,-0.14925090550571432,0.1682788568612445,0.97437487320804694,-4.7320866375004496,-10.042767215772651,-2.0374675431925215,,0.0656424158153467,0.2765957446808511,0,5
-0.39226177733670109,0.89048376661047079,-0.23058482049754064,-0.91962893201591511,-0.38518492978621371,0.076910319625253978,-0.020330406782000557,0.24222145088497046,0.97000796042674842,-1.4222205257959222,19.059126683049143,-3.8441709209006723,0.2176172834149418,0.1949174142874074,0.5254237288135594,1,5
0.9300288838775842,0.28820605239515246,-0.22799900551585442,-0.22381055338981401,0.93630999687975458,0.27061490338556732,0.29147060116718665,-0.20065109295948877,0.93529889743835504,-14.727713925153568,12.09280744420815,-7.7521226800247485,0.5380884255857074,0.4061761782809705,0.2857142857142857,1,4
-0.82626814935854986,-0.49004791232566036,-0.2777300649567126,0.49259917248224822,-0.86777652160795482,0.06565031466644819,-0.27317942935990303,-0.082564836166865038,0.95841329665407771,-6.4647172114882405,16.076015257268395,-5.3475478699490351,,0.07325185226743836,0.3333333333333333,0,3
-0.60251509342750809,-0.71990497208701343,-0.34454664902801813,0.76283347744151253,-0.64638220066262198,0.016587234882085369,-0.234650054094451,-0.25283765904418004,0.93862264530669015,8.1571777919209438,3.6663562929921416,0.62856226480996835,1.191256435655905,0.6718341717666163,0.2051282051282051,1,4
-0.95658896240369173,-0.10694617330981207,-0.27110896890699959,0.091748272702643116,-0.9934464768018394,0.06816415616798964,-0.27662214564909704,0.040331299810448577,0.96013206112080751,-6.4307720281585343,15.091337511440377,-5.277183112092362,,0.0817095121034094,0.35,0,5
0.79211234978916234,-0.52785250568345743,-0.30647962013025482,0.58939814892933962,0.7919822606969561,0.15929193570298705,0.15864377501231383,-0.306815630281497,0.93845421926954331,-10.977721661266811,4.2031432895300842,-5.6447431963391335,0.6045843525228606,0.2472608637177233,0.4796954314720812,1,4
0.39958082282974272,-0.78816088434925302,-0.46812133727113003,0.91668117939284188,0.34663696276474243,0.19884273029755109,0.0055480963992962174,-0.50857176133466142,0.86100173182131645,6.7320111300487087,10.182387706660654,-0.40649127475776681,,0.5266107704332799,0.453125,0,4
0.23558105773150542,-0.88195046511377906,-0.40824617857818712,0.97147918602615457,0.20202895789603895,0.1241470550975728,-0.02701400296261889,-0.42584935981756328,0.9043907155576657,-1.0508725095577853,17.326425547699177,-3.5804404316067262,0.4529201998661104,0.3632653996801003,0.4230769230769231,1,4
0.7679638397641283,0.60139167904466018,-0.22036240421311065,-0.57912370905105326,0.79894840630844066,0.16216403322609835,0.2735822918788583,0.0030809792353519833,0.96184366564284451,6.4428605333846996,-7.8468179288768676,1.2331514311596186,,0.5633228871011868,0.7572463768115942,1,5
0.58579149635501027,0.78505790126606734,-0.20132663623543742,-0.77457955844577187,0.61540403222634354,0.14596021635195963,0.238484444851465,0.07044124345350225,0.96858825141781135,4.3790678572876827,-14.913022834147412,1.3162567317527585,,0.1909910771038311,0.2272727272727273,0,3
-0.73046511736635455,-0.6125407600743753,-0.30201743254068064,0.63088389058481198,-0.77456653908670547,0.045079852792729115,-0.26154584476058679,-0.15760867290460176,0.95223593573952114,0.56612524809938314,9.6690336397133869,-2.3949404805503267,,0.1412922465221869,0.2023809523809524,0,6
-0.95947764060981933,-0.027683208867755393,-0.2804216416694687,0.062437487785015934,-0.99131157588517771,-0.11577097924412109,-0.27478030731642994,-0.12858848884262919,0.95286976195504203,8.9943468410790235,21.875459212251403,-0.84997714832212601,,0.08057403747829169,0.2,0,1
-0.023544361299702134,0.99822821696300812,-0.0546451270457163,-0.99537427192560246,-0.018314239814145431,0.094311438376298198,0.093143555008199097,0.056612856127238084,0.99404188175426034,-5.0924037764703325,-14.704111123894069,-1.7115360546791283,,0.6581394123264883,0.3645833333333333,0,2
-0.29732797862291438,0.93385515532743024,-0.19877278987927893,-0.95460101208616399,-0.29473896595635313,0.043195482067568833,-0.01824776293362549,0.20259193176274284,0.97909321738665789,-4.62898897637141,11.63299401990059,-4.3027265643589896,0.2505522926214263,0.1510433473835142,0.2616822429906542,1,5
-0.79317716939500726,-0.46466887980838883,-0.3936404578903705,0.5444180577502794,-0.83069830865918981,-0.1164014535397839,-0.27290832956496025,-0.30663194896875645,0.91186506212579754,-13.92609019757597,-11.243979067456037,-4.9205921430738995,,0.3057453873202025,0.3103448275862069,0,1
0.92181719385680461,-0.23774621272846377,-0.30615322869968004,0.31244360473381144,0.92318499581382574,0.22384918441926141,0.22941677133746854,-0.3020036454043209,0.92529008596849938,-23.627979492302316,13.549376873998527,-10.568632498041946,,0.1414088654424745,0.25,0,1
0.80094560035843054,-0.50970723033161036,-0.31414118579732841,0.56625769415651728,0.81531868959542275,0.12086214545897464,0.19452087053839992,-0.27468886716443575,0.94165155826393754,-3.5319469353293811,10.554615557684384,-3.7771200222192913,,0.1191937628970623,0.3863636363636364,0,2
0.93920583457780293,0.28232724837619222,-0.19540656365471043,-0.23554233628248322,0.94386512479386253,0.23159972801464451,0.24982435452454205,-0.17149329730982399,0.9529836519396343,-11.6061102942438,-14.294967131886542,-3.8068241923242172,,0.492411007008759,0.25,0,2
0.11480914230370738,-0.90533364886404932,-0.40888854847989275,0.99156802015926948,0.079539351245089179,0.10230519537607485,-0.0600976059499344,-0.41718638021634513,0.9068317384835346,10.916160507666348,4.004027747905254,1.4845689133287228,,0.2286985726273941,0.4166666666666667,1,5
0.65099521971576912,0.75860453600797906,-0.026914342929679723,-0.71705366637000767,0.6261991221839156,0.30611876603929938,0.24907682239130019,-0.17998282508120725,0.95161279900137985,-8.9029021104067496,-8.6897345531111796,-3.602597872520187,,0.4343827495467183,0.3235294117647059,0,1
-0.96036593747500443,-0.056359063774820993,-0.27298520485217048,0.051248916971093884,-0.99835208057611202,0.025819986805541633,-0.27399053751369906,0.010806439736290283,0.9616716727725636,-13.800051679499182,12.591641564311418,-7.4636275115248019,,0.1633542902527972,0.4117647058823529,0,1
0.72593308899140208,0.64611183406285644,-0.23571306325983293,-0.63275633034953194,0.76172787036930667,0.13924825997202173,0.26951915833572249,0.048064013425571463,0.96179481902505137,-3.376106285639831,19.054338410277126,-4.5642928813008448,,0.1209671728164751,0.2727272727272727,0,3
-0.95713046665973689,-0.099874742709658099,-0.27189392336055146,0.088669889822116391,-0.99463819110529494,0.0532214189374959,-0.27575155562688591,0.026831037316255732,0.96085439844228537,-6.0669271899400341,10.437430308891949,-4.6680525218955289,,0.06685663629028139,0.1690140845070423,0,4
0.93620408250291509,0.27942611778690246,-0.21317354574012112,-0.22174572437842477,0.94020073076560318,0.25855641471004664,0.27267333867608529,-0.19479124869040196,0.94218130941388945,-8.5176924927306921,15.879667350830887,-5.9883877222740436,0.6463680179085153,0.5680197333190439,0.6631578947368421,1,5
-0.33163257165211674,0.92535382331508087,-0.18368489076559028,-0.94271509289138222,-0.33251107370502136,0.026919128855290169,-0.036167541445301946,0.18208977878974136,0.98261651797947425,-5.2427720302668854,-17.3803679081939,-1.4556068508918711,,0.3957287371971528,0.425531914893617,1,5
0.94469335473937854,0.20736878963946884,-0.25407213659651945,-0.16975918490162353,0.97205092551116579,0.16216910110875643,0.28059986573908968,-0.11006899334666141,0.9534928065018935,-11.303972106091988,17.837357623931652,-7.1319192314615796,,0.08431121246602455,0.3157894736842105,0,1
-0.19813218847416583,-0.92996763097427293,-0.30968345327210595,0.96987716379208455,-0.23168683521017411,0.075229632093450363,-0.14171070194258423,-0.28544949768810701,0.94785898804861679,11.2765701179858,0.013890064414617497,1.9330769943394033,,0.08577340640761055,0.1481481481481481,0,3
0.75773698090344266,-0.56309587434882435,-0.32978432961962884,0.62985303315677532,0.76325617979736338,0.14396235835920482,0.17064531752891732,-0.31680126308534057,0.93301507775222303,-4.2763046781276772,17.068362499628662,-4.718206560377217,,0.09799546461096968,0.2962962962962963,0,2
-0.89609161568782913,-0.34044712638181684,-0.28480795359740085,0.34310360116101596,-0.93835105527581797,0.042157038950824392,-0.28160208657664176,-0.059942065372508867,0.9576571482710079,-0.24076918290389024,-13.431652104090675,-0.25931866768003392,,0.08561703215844182,0.2058823529411765,0,5
0.83443636859934456,0.53146591716082159,-0.14580783811285805,-0.47578836270206604,0.82823976849835834,0.29604783362671744,0.27810318350573754,-0.17765940665833635,0.9439786833132312,9.551367326544387,15.656385243202079,-0.11999803863559536,,0.2956660388146984,0.2727272727272727,0,1
0.28146923193774492,0.94547714992320064,-0.16385368609060022,-0.94498912948545366,0.30277591158333461,0.12378324813642869,0.16664518182863799,0.11999877640201924,0.97868773213692528,-18.066827008894407,4.4796901277112227,-8.1021137714730695,,0.07599210302621157,0.25,0,1
-0.542877269518237,0.80352691252968422,-0.24419003067474732,-0.83608967975789816,-0.54446553431307887,0.067166430212615813,-0.078983021230869838,0.24062789278403324,0.96739852158846995,-7.3294932546173861,8.705231246731806,-4.9374124005446696,0.3077693666756675,0.3666360407789769,0.8495412844036697,1,5
0.88878007041272256,-0.30665919421508098,-0.34063194952986059,0.40666578719803759,0.87042320856617794,0.27746418780080456,0.21140701019539709,-0.38512800027097088,0.8983226032153071,-14.541362748002248,4.627176855315823,-6.9084649747453364,,0.2231662392456226,0.1276595744680851,0,1
0.78253288810928201,-0.54900165077950125,-0.29366556908961822,0.60044470126157568,0.79018506262332833,0.12277510958604172,0.16464640826402424,-0.2724054959951252,0.94799093138985613,-3.4324903380499845,13.327287536124452,-4.0273371793961239,,0.08854493690322948,0.4257425742574257,1,5
-0.762054442566926,0.6286838892990021,-0.15501481832358213,-0.63233235272254262,-0.77408285065452931,-0.030846977533182857,-0.13938731027029272,0.074513808508484061,0.98743043809535025,-16.967258496204106,1.9092647213239786,-7.3722173440214807,0.2405884241969017,0.1167816842359478,0.1111111111111111,1,3
0.31675134015970502,0.94045458178804919,-0.12334410444320681,-0.93216020660778898,0.33268832119435943,0.14281397045738636,0.17534519589642431,0.069739949345726748,0.98203380885858538,-6.6642173506607065,25.712413392591692,-6.208584266432422,,0.1886474203484358,0.3333333333333333,0,1
-0.95349838751920535,-0.14159079010229456,-0.26606930141691187,0.13944912913473057,-0.98986038174859681,0.027025266475791496,-0.26719798910515924,-0.011334584365130488,0.96357499023969539,6.5578733044569368,18.630330344811455,-1.369494272910214,0.2435168429249731,0.2068354873529658,0.3513513513513514,1,5
-0.96242109093183981,0.043775280233412255,-0.26801001580174888,-0.050410812270167506,-0.99856771198353311,0.017924134295233974,-0.2668415142661078,0.030761167475534437,0.96324937417042367,6.9323592102342468,5.7168490493068767,0.061396728158754278,,0.09800177836351251,0.1470588235294118,0,4
-0.77093405571049045,0.5893465395322327,-0.24151881518249818,-0.61598200656201696,-0.78632967973861712,0.047453159578638264,-0.16194705720576283,0.18535450116883276,0.96923519310786854,7.9462997376283413,0.74080389135011537,0.88876891916633882,,0.08242744455856399,0.1938775510204082,0,5
-0.9523895469784861,0.023899892847931894,-0.30394562988793145,0.0038705173476890585,-0.99589463194955719,-0.090437277433131916,-0.30485926245002837,-0.087307944517743707,0.94838713241086914,-0.92320760548165492,-14.481036094622064,-0.33683755441191321,0.7451462776414648,0.5159433219790244,0.3588235294117647,1,3
-0.95218807292631202,-0.043377644060646238,-0.30241735031678491,0.081431311940606127,-0.99009421555713162,-0.1143782573566358,-0.29446020989687016,-0.13353585404698251,0.94628820159158455,-11.072146170104624,24.366099099400198,-7.6368622694288772,,0.5075681157947965,0.2285714285714286,0,3
-0.37353729820270604,-0.87637848947240959,-0.30402406161598472,0.90814947283651692,-0.41229008347062007,0.072673393057879218,-0.18903550417363021,-0.24895306839210993,0.94988838707501555,-20.340647309354107,13.899942897617494,-9.7268377482937112,,0.08288257455519829,0.3125,0,1
-0.50888082103177412,-0.80376406619629936,-0.30822659826436216,0.8333685168296957,-0.54970914588996933,0.057591406320697307,-0.21572488299475995,-0.22755918091018279,0.94956810921617729,1.9782176942823242,10.017295928139767,-1.9366823448884456,,0.07592910921055882,0.2777777777777778,0,5
0.15750890141624141,0.95807606946563784,-0.23933489317674309,-0.97889950397165515,0.18342851728361667,0.090054095804583803,0.13017951873738043,0.22010048651560998,0.96675181341277838,-2.7478655876026354,18.084917742881132,-4.2662524344710855,0.5328298330622424,0.256347567042495,0.5392156862745098,1,5
0.87744379406816453,-0.29246608960026999,-0.38020517445872626,0.43330955899841034,0.82326151902290756,0.36671964411072527,0.20575522917259415,-0.48652241236146648,0.84909406306846347,1.3486195586701966,-16.202401884691319,0.48640243763488838,,0.2151353050437134,0.3076923076923077,0,1
0.013634411906766505,-0.95017016087416284,-0.31143340892769589,0.99597880092239277,-0.014675883029689026,0.088378993943657141,-0.088545643174301469,-0.31138606879831299,0.94614924046536297,11.780747654295647,6.6389287960263301,1.4297222200375399,,0.07541127891175954,0.1730769230769231,0,4
-0.77206539323507861,0.62485626404329719,-0.1160589412954329,-0.61777895137721417,-0.78073948895336109,-0.093781755283815729,-0.14921191575753234,-0.00070687672003288352,0.98880498811508299,-2.6344958036856614,15.601164769208493,-3.9314614093039073,,0.2288818767671236,0.4302325581395349,0,3
0.82080786840675313,-0.43840964311090685,-0.36615765455460547,0.5493217566729407,0.78158026775750122,0.29559751808475471,0.15658879528024011,-0.44376713474465379,0.88235518886285447,-19.168318861900801,3.6724288506260083,-8.2619985529978752,,0.3316949565166001,0.3103448275862069,0,2
-0.58669005146492603,0.79104432458113028,-0.17333107067131703,-0.80458345416421428,-0.59367582374699968,0.013945665401924261,-0.091870826693044,0.1476410947070774,0.98476487465609386,-10.23792260764982,13.12091098902915,-6.3585924518275796,,0.2333356829200847,0.1764705882352941,0,2
0.89843770039560678,0.37672674843622272,-0.22558070733226701,-0.33570563278289006,0.92045710619992782,0.20015105236769357,0.28303962024016061,-0.10409453712240059,0.95344265727708022,-6.7940625419014822,22.667333901527179,-6.0406722928607435,,0.5909198801375963,0.6842105263157895,0,1
0.8416588527442681,-0.45599129469166994,-0.2892789566536404,0.50607495516921874,0.85295061286447871,0.12791947375042168,0.18841049691478762,-0.25406139254031967,0.94865920828967776,-1.7716721349719877,19.839453469526919,-4.0340896548263379,,0.09232756455510571,0.3793103448275862,0,5
-0.22338752589886615,0.95592830375770266,-0.1905232042238055,-0.97412052697580565,-0.21203226657801855,0.078304002797862371,0.034455945744718684,0.20308470155260477,0.97855474644913354,3.9957361241545946,-6.9548049404684971,0.3415251497389038,,0.1014061410974479,0.3870967741935484,0,5
-0.72697940421262286,-0.58859015383891,-0.3536418762739334,0.6401410795837007,-0.76727128353947616,-0.038912410425190065,-0.24843579468360424,-0.25466921341138316,0.93457115708775917,-3.4484833925895826,-15.791739618979786,-1.0565413722831487,,0.2847277678608837,0.2419354838709677,0,2
0.0027292798496180003,0.9844068966930164,-0.1758852261411627,-0.99454727890947492,0.021008430765018411,0.102148694805909,0.10425095225110313,0.17464738068467253,0.97909653833251886,7.7841601188551612,11.087690299540681,-0.20583209358425814,,0.1299889218651975,0.25,0,4
-0.53595925087767882,-0.74683952763088401,-0.39367296245324895,0.81522067098004825,-0.57903884715548692,-0.011369744574372063,-0.21946056366800654,-0.32702405638259169,0.91918024758020023,-12.828409894854046,-17.016301339956826,-3.9691633202421412,,0.3557484012310978,0.5681818181818182,0,3
-0.065811330851422489,0.96819183443238743,-0.2413989239205753,-0.9952139772425983,-0.046175388953367556,0.086121849469067951,0.072235782217209915,0.24591137670602464,0.9665969100788675,-16.287207802512167,4.8210232702236233,-7.5724065743771654,0.3871725097311786,0.1495194384944851,0.6413043478260869,1,5
0.96130537898733859,0.10153323661725543,-0.25609172222473869,-0.033431175195541459,0.96572857335542894,0.25739207277989723,0.27344894378119899,-0.2388709368401927,0.9317544476298647,-6.6856506618825158,-14.099641760962852,-2.2403498551555745,,0.4406924992891789,0.6106870229007634,0,5
-0.80793607010004398,-0.49911111119035162,-0.31325294143492244,0.52003775554188825,-0.85392516178280276,0.019301577271576543,-0.27712820037349783,-0.14730891609318175,0.94947356139978945,-10.243012985862798,8.8158808135914128,-5.9808745972147719,,0.08721209293370941,0.4888888888888889,0,4
-0.93839105846978554,-0.119878315367297,-0.32411635393582677,0.20022254691628583,-0.95304418676157954,-0.22719531198137535,-0.28166141569322378,-0.27809345117182765,0.91833048480654889,-14.938431955976265,9.5967023675776328,-7.5323896936230286,,0.4353730269963944,0.2307692307692308,0,1
0.95839235569140879,0.0024240342358099526,-0.28544389397970382,0.069470545152773108,0.96791827954114384,0.2414705934193413,0.27687169575174947,-0.25125351378266519,0.9274770810663816,0.10455906158586034,20.223518033605437,-3.4889449102486823,,0.2946285187099693,0.1111111111111111,0,3
0.95522387252886398,-0.089524035212972322,-0.28201560323880215,0.14829917343029342,0.96962583818709946,0.19450729826886951,0.25603653745286192,-0.22762069554227643,0.93948608848135562,0.37666018157281644,-12.838583278461467,-0.18744550508804511,0.2559077296418172,0.2095996584059263,0.6467391304347826,1,5
-0.93622698514164737,-0.2042633991430996,-0.285929180153213,0.20973770475617695,-0.97768775176551115,0.011694240091207531,-0.28193816253957626,-0.04902166682403656,0.95817939274730846,-0.85692695157937571,21.016813420196286,-3.8450200171611901,,0.08359840978934635,0.4444444444444444,0,1
-0.89096182356387099,0.39052303599304394,-0.23168683024832817,-0.40136175235675065,-0.91591953463354814,-0.00038706818929496649,-0.21235765278619045,0.092645369206672226,0.97279034887672455,-9.3034315582513454,-15.359269019185319,-2.9365213002584358,,0.1201311189351365,0.325,0,4
-0.85454742780247184,0.48435595722524821,-0.1874779996068715,-0.48034607130653567,-0.87433010198015515,-0.06938677504935023,-0.19752555636311245,0.030760030425637932,0.97981502086447836,6.5710916472688794,4.1616897809235063,0.063280708417455186,0.3076117069634762,0.2441505219408912,0.1951219512195122,1,5
0.59321884313699569,0.78449906441246908,-0.18070036547600812,-0.76767179683001396,0.61884121705635897,0.16647990997108347,0.24242816770948908,0.039959554654210222,0.9693460772566499,-6.2278470461807114,-3.7862335862071892,-3.1930713376921549,0.3883520649926574,0.3113740458700905,0.2102689486552567,1,4
0.84432584166043501,0.48052625693862483,-0.23708308564077576,-0.45690651620575412,0.87679034317983651,0.14991707559615719,0.27991125120851684,-0.018254054320559088,0.95985232246827601,-9.8636340355160517,3.7746157107646825,-5.2741744965078032,,0.07232883718533145,0.2058823529411765,0,5
-0.75658486383496681,0.6481515262874995,-0.086480881048993707,-0.63572465416463042,-0.76006055693366281,-0.1347668871828383,-0.15308007023478398,-0.046984558791965926,0.98709621786938195,-3.1994443572635038,14.139307681476197,-3.9891281565082943,,0.3582850403137,0.2,0,1
-0.47485689343819237,-0.83301047083453306,-0.28390929226472966,0.85315192360761349,-0.51489151937071498,0.083776598908920752,-0.21596927095968679,-0.2024358633250227,0.9551842729238138,-7.2849861007501344,11.980304427062389,-5.20974228796495,,0.1054497111645192,0.1714285714285714,0,2
-0.62209480008666207,0.74502902634143597,-0.24068612260341948,-0.76722042895187015,-0.64137925978799071,-0.0023363460183672864,-0.15611173275588366,0.18320588151732842,0.97060019156881194,4.7021092635548891,14.237892226151956,-1.4798549226753159,,0.2377207318120419,0.88,0,3
0.24631224808183039,-0.88309429543446871,-0.39934288752396419,0.96855852584311841,0.2391628865911144,0.068523687101717107,0.034995120538199115,-0.40366518186302425,0.914237257220472,1.1135878038044431,14.654297970027805,-2.7184005237630009,0.5418445164503055,0.2295308301302816,0.1842105263157895,1,4
-0.73500178252667225,0.63052327765081273,-0.24942489054440842,-0.66247944851124319,-0.74617326662521855,0.065927509236197612,-0.14454535614419742,0.21369570073898589,0.9661473942948976,-4.1744512842170796,18.168972981464609,-4.7014346530627407,,0.1524296551555396,0.1904761904761905,0,1
-0.76027172568329759,0.61072473475192901,-0.22136440881209421,-0.63143619289034758,-0.77480662921280297,0.031032589902210125,-0.15256224118269096,0.1633707002191066,0.97469727447820143,-6.799494149911891,10.922151778374079,-4.9968240630445315,0.281694509712231,0.1051833872233199,0.1730769230769231,1,5
0.2063940404228313,0.9607341233486909,-0.18544930388481184,-0.95985509186157381,0.23559074488107171,0.15223404203328228,0.18994657855657218,0.14658425959087279,0.97079006594363537,-0.61311687578332241,-15.91103205109523,-0.18693859844502442,,0.1468157612404842,0.2,0,4
-0.87334846516288733,0.40893168341616748,-0.26464568142338551,-0.44151101723476666,-0.89407473714725838,0.075487654986639355,-0.20574372422494533,0.18277101163335399,0.96138664295306786,-10.90028731825335,6.1952270052186567,-5.9137036788691626,0.466194098671707,0.4417356101901794,0.9411764705882353,1,5
0.60163161636250462,0.76789329490019986,-0.21995291732631064,-0.7620495586505216,0.63431600613706052,0.13009102397503683,0.23941568109375236,0.089348150544054997,0.96679731052624029,-4.8106333237176537,20.74953829586995,-5.1816675251206705,,0.08073977832882975,0.2,0,1
-0.577548153616528,0.77482916005691038,-0.25705622532753869,-0.81181133430925823,-0.57829831480981553,0.080829552610099872,-0.086026087561628412,0.25536411614326382,0.96301021824548072,-3.8720594110314157,-2.5374291929810044,-2.5768705797054361,,0.09362084869858707,0.5728744939271255,0,5
-0.50377578883600249,-0.81910648597924751,-0.2743620221703294,0.83543727962424441,-0.54275437725694142,0.086384244989879594,-0.21966908384364306,-0.18569397027140766,0.9577386089158858,2.9492231747959625,-6.2254878888913581,-0.077086613835169224,,0.09755481398237241,0.5822784810126582,0,4
-0.93360339535759473,-0.23392538361748488,-0.27141041814230782,0.23230621642493265,-0.97187812449400224,0.038558176050636099,-0.27279758427651485,-0.027052283257278726,0.96169103769530095,-1.5101047504022731,26.296893331604707,-4.6064919379045568,,0.178392564208141,0.631578947368421,0,3
0.96093971345746498,0.11682088796123753,-0.25089389637102116,-0.04304547872410433,0.9586022371437859,0.2814761760866118,0.27338974717735381,-0.25968178811552534,0.92618757012790109,-35.380659698828211,3.4255937084672974,-12.847754602982658,,0.2984060085631325,0.6,0,1
0.4654655611621823,0.87893361616573817,-0.10400725813997005,-0.86355595745660751,0.47675672003124608,0.16423805358762228,0.19394050560204629,0.013368929608151128,0.98092219467598751,-4.989085414934789,-0.84756088493786652,-3.1509972344244539,,0.2619017071745314,0.4137535816618911,0,3
0.88497545891826901,-0.35247553598845782,-0.30426868659467654,0.41431445068063094,0.89429300118128552,0.16906674420292378,0.21251346561949225,-0.27568283328459042,0.93746306719922268,10.357665770762509,6.5207419837728553,1.0450565726778314,,0.1860819236032665,0.358974358974359,0,8
-0.62559445525652468,0.77226008376615785,-0.1106613779680156,-0.77430371352582883,-0.63195995380287706,-0.032869073756005417,-0.095317032960558587,0.065122805613345047,0.99331449371115255,-6.3884464053812966,-5.4208439352261379,-3.1717549559572991,,0.2061214200535322,0.2167487684729064,0,2
0.96512150301236865,-0.031601209682780372,-0.25988814511195385,0.071616172649487761,0.9866924057263341,0.14597677999263628,0.25181661628690399,-0.15949752358129174,0.95454121531406377,9.2203246308517937,0.65615462115978662,1.2393415692573539,,0.3628190071931366,0.6958174904942965,1,5
-0.93748594695953691,-0.19857005053275745,-0.28581468521543379,0.21951528551789529,-0.97466671337120914,-0.042870004317251534,-0.2700613609485375,-0.10293071882379137,0.9573255080927493,-0.6573388661871169,25.530744666290975,-4.226580762888303,,0.4260951159522434,0.2068965517241379,0,3
0.91876578545052734,-0.26904527354909691,-0.28893610412401893,0.32258101302063913,0.93351428762810562,0.1565010058522531,0.22762012548114569,-0.23699307073220593,0.94446988459180936,-24.605934299909549,3.7061556127508188,-9.8256750040313996,,0.6686076745903726,0.9193548387096774,0,1
-0.88570185773783749,0.40387702514025614,-0.22894446436549173,-0.4255867062082262,-0.90337542080844579,0.052809133471381421,-0.18549440611128393,0.14420886811504408,0.97200598128735893,3.8313262481113912,14.718979355586116,-1.8023794659044234,,0.2207617106618853,0.2352941176470588,0,5
0.68224970460802459,-0.65587468386603542,-0.32305377203476521,0.71942154166811789,0.68096743333708942,0.13680643302916753,0.13026122195853412,-0.32574799124157877,0.93644020644990722,3.2291253577174572,-15.614798062575654,1.0196728540590483,,0.1070830145662388,0.1304347826086956,0,2
-0.68124434926030542,0.69822781955202728,-0.21996374384094047,-0.72143645160483705,-0.69133276821139211,0.039855362161107945,-0.12424002131649234,0.18584110309830151,0.97469354235189321,-20.269225296559867,10.855607341751275,-9.2765137223651521,0.3358383762121381,0.2822545640809922,0.5277777777777778,1,5
-0.91921483195285503,-0.20957794492884266,-0.33334843290060262,0.25348174327569611,-0.96279465749772097,-0.093666714043784308,-0.30131561284440395,-0.17059757469919948,0.93813931212957513,3.3035247457028123,11.183909124776177,-1.5949408169098336,0.8385193377528934,0.337774505065391,0.1818181818181818,1,4
-0.82019156750863653,0.52309008094350073,-0.23165180725875351,-0.54171581270169067,-0.84031133152437942,0.020514491967151726,-0.18392871134402,0.14231526035617259,0.97258243651275267,-5.3325559947857331,15.245502948256451,-4.8135083162664536,0.2723529441703906,0.1648278773854993,0.4505494505494506,1,5
0.92409398025839951,0.30441307574208482,-0.23104760324970117,-0.27643303779768402,0.94989360529728117,0.14590035719379146,0.26388461733138557,-0.070956450958144027,0.96194079381388731,-20.116303483619955,6.9977178746456827,-8.8935237579036723,,0.1361729332321429,0.4761904761904762,0,2
-0.1608535055836145,0.97096339228524753,-0.1770769340806041,-0.98588513042504466,-0.14962634876195657,0.075116345511200056,0.046439846557183077,0.18666024375342999,0.9813262933671224,-16.139893115828155,12.292605007536912,-8.2320074694278933,,0.1192840105517626,0.1363636363636364,0,1
0.67369458253891712,0.71610876826284176,-0.18254818945908508,-0.6922922049110759,0.69798236700267757,0.18317237338829392,0.25858676005757791,0.0029744529606655426,0.96598345749423153,-17.648388044292496,3.0677950258410598,-7.7448734103044918,0.5222800428258884,0.2599982019136391,0.2857142857142857,1,3
-0.37468559999476653,0.91180687663078464,-0.16798488290728619,-0.92695768435993087,-0.37211568867903366,0.047742702531412946,-0.018977685913631401,0.17360338121056626,0.98463278102530294,5.8753406007465259,19.471881904721599,-1.645212921394138,,0.6559688828779207,0.4857142857142857,0,1
-0.36940721773893515,-0.85305619409360944,-0.36855588070319067,0.90452510085505622,-0.42099364129696887,0.067813685275678146,-0.21300856650737951,-0.30831718036146577,0.92712882971484933,7.0531947885605026,6.722329078438678,0.011323967359055366,,0.2116596319182048,0.3170731707317073,0,4
0.69460024544028398,0.68700997439121769,-0.21341929182075978,-0.67671823440366496,0.72463930195902904,0.13019336880930643,0.24409614962117385,0.053992380418983556,0.96824681388415024,-13.686418808314897,9.7336632871890032,-7.1723813670931804,0.2247571952755452,0.145779323982859,0.3108108108108108,1,5
-0.94665139815568977,0.023541920657988651,-0.32139836393735788,-0.018564871002365424,-0.99965571144710919,-0.018541956095287641,-0.3217242234189755,-0.01158604949527714,0.94676252963589036,-2.2980899756999169,11.107233278227786,-3.4313626789231941,,0.4005439372597468,0.2439024390243902,0,3
-0.37080416846957437,-0.87916211547121004,-0.29929624682874767,0.90940369627623896,-0.40909478693502643,0.075009149453247798,-0.18838573683987309,-0.24436740785704711,0.95120732973023603,-8.9948617814419123,-5.3300256743415746,-4.0890750243516294,,0.07306459926083086,0.2962962962962963,0,1
0.75231121055708117,0.60676448812584349,-0.25664118613255044,-0.60132688414736468,0.79156750024787181,0.10875141816526936,0.26913532074360097,0.072510333751257303,0.96036890340510317,5.5243890719312194,-6.8130130298212803,0.88090221960127313,,0.07215358101907132,0.2790697674418605,0,5
0.075737943563688848,0.98713981182041333,-0.1407791029375535,-0.98948461019951084,0.091851910657289357,0.11172928303236919,0.12322325301283614,0.13083660966168492,0.98371632673711906,-5.9243624930453649,-6.525137871908619,-2.9495340132499321,0.5960789298619567,0.6762647528343946,0.7800586510263929,1,5
-0.19069521907155074,0.96088051438708977,-0.20085808545949449,-0.98005859528248773,-0.17471459771614772,0.094657060792103453,0.055861285665195215,0.21490334203098152,0.97503644565100489,-5.9284998231751995,20.990974672754451,-5.5889470945137401,,0.1183682682190762,0.4,0,2
-0.89167234442014609,0.39807854830590744,-0.21553166722071984,-0.38680793041789613,-0.91735119894359773,-0.094055317566680355,-0.23515963761263503,-0.0004971673826979602,0.9719566336326374,-8.5576655745614421,18.050368401504866,-6.2394020620348973,,0.3793802976800968,0.3454545454545455,0,5
0.076338506738456144,0.98750483246277265,-0.13786456488748217,-0.99061531875412345,0.090836834149783399,0.10212717469562982,0.11337425915352041,0.12877451387722991,0.98517176265718975,-3.9924140188904218,-11.94244395760864,-1.6213726088172236,,0.1791563321831115,0.2307692307692308,0,1
0.34727202435214899,-0.86167352468659131,-0.37002821237920319,0.93752400180186346,0.32794702326792913,0.11618733138826212,0.021234103413659926,-0.38725894022461571,0.92172643776140417,-5.9430000891974144,13.932743191623327,-4.9190861865838285,,0.3515666486119944,0.1142857142857143,0,3
-0.76703415678448439,-0.56092884582353431,-0.31147621457985075,0.57632365771147154,-0.81570633698384876,0.049741465262520081,-0.28197454475180211,-0.14135770841192094,0.94895118651306021,-15.737205894141557,1.4230583149630276,-6.9409918890042865,,0.1068129285439282,0.275,0,5
-0.83190065295229099,-0.47331758585188971,-0.28967527775233093,0.47947756531659014,-0.87588057131387353,0.054170925347060278,-0.27936099938185027,-0.09382796874184543,0.95559078287002774,5.4854703877704214,14.005390389282596,-1.2671178634076468,0.4052392858539398,0.3604407127949983,0.7096774193548387,1,5
-0.53768470014827996,0.8365833789202326,-0.1049924442084276,-0.83996939074540045,-0.54228882923955357,-0.019345497998090815,-0.073120351730924849,0.077788661104300966,0.99428483764278786,-22.222907217007396,9.1823133576438334,-9.7504739563008016,,0.285120370674915,0.3103448275862069,0,4
-0.70551847699422243,0.67857969351495429,-0.20438512218090391,-0.69600609037286754,-0.71777180473140234,0.019471992617620365,-0.13348857922544538,0.15599114039513809,0.97869686999325589,-10.242398212137065,9.8289018965500059,-6.0853250676525725,,0.08312161142415195,0.119047619047619,0,2
0.69310890169419315,-0.66023327057341075,-0.28929583270453252,0.71002093160199331,0.69456835659193195,0.115952898662441,0.12437976957411087,-0.28577408288562889,0.95019095263613773,2.4400187155553663,13.972113730648353,-2.2151742446712053,,0.0848088536229827,0.1935483870967742,0,5
-0.95790089348446206,0.16027668820987934,-0.2381958468952442,-0.12880784202137341,-0.9813977781222698,-0.14236200662560533,-0.25658218584981002,-0.10568720032787844,0.9607267028616352,-26.916224537244076,4.2813073363520502,-10.648643174241704,,0.1780014204310537,0.3333333333333333,0,1
0.60932193151788916,-0.71006111107171321,-0.35290225603545594,0.787834799592941,0.59248434378948989,0.16816251340500762,0.089683400480026029,-0.3804937856364321,0.92042455789184463,0.46029261762015394,18.32144999618442,-3.2085580844501727,,0.3926786782274511,0.8717948717948718,0,2
-0.87811632136676099,0.42717264292573837,-0.21548842030407928,-0.43178776615734304,-0.90155134107902934,-0.027649672610285735,-0.20608505803711133,0.068765634836333564,0.97611486840402006,-9.2442423856275795,8.9351810089095114,-5.6582245436768508,,0.3349179820864507,0.1014492753623188,0,1
0.40686788097459009,-0.83331510183998725,-0.37422515746092971,0.91301718733827897,0.384105706560319,0.13734053230090298,0.029294078858092088,-0.3975534520453935,0.91711128534690167,-12.552039272336756,-8.3997862190341248,-4.905406699586786,0.4678443284613589,0.3912210120097993,0.921875,1,1
0.13370074137659746,-0.95014038707149429,-0.28170437804723503,0.98959963475995616,0.11277857223306433,0.089294773240280095,-0.053072352862010452,-0.29071332700910502,0.95533715873558889,-7.5499722589181415,-7.1195680092373763,-3.2991497817802742,,0.06955308690367536,0.2771084337349398,0,3
-0.93748119329149127,-0.20839218964794579,-0.27875026012274179,0.20427350075944403,-0.97792071401963288,0.044084169253972703,-0.28178244997203611,-0.015613211875399774,0.95935128003390435,-3.801472889798438,11.820635705234286,-4.0324738635968345,,0.06571331194186264,0.1276595744680851,0,1
-0.9412108271552917,0.26330869629726922,-0.21163815653110257,-0.2664454588652081,-0.96374702960520242,-0.014088306401306228,-0.20767521829953553,0.043129959209125761,0.97724654531129396,-5.1467521509211265,18.197296465200605,-5.011456111420352,0.2098590167912695,0.1967193218653825,0.2222222222222222,1,4
0.44999260926190215,0.88808300519462324,-0.093889442932382494,-0.8683718820853048,0.45967783880439494,0.18608212949057448,0.20841527298471041,-0.0022046307193408993,0.97803794077228989,-17.603997950767017,8.8085362640127194,-8.2599571726278835,0.3523707525853217,0.4417116598996483,0.3389830508474576,1,6
0.87338819082583175,0.42613385068182014,-0.23580290377572544,-0.39726538571139786,0.90343160691191926,0.16121893483124383,0.28173264177505986,-0.047130382298796521,0.95833472525147201,-2.539894752242307,-17.045389820889067,-0.6063112267008971,,0.1065828802627353,0.4615384615384616,0,1
-0.31884362353438206,-0.77881807833728456,-0.54016770042875051,0.93143348819534899,-0.36294565678522689,-0.02649730720252131,-0.17541493892969828,-0.51157878286316705,0.8411401477307634,-9.826626395500158,-19.107163491755781,-2.7347339416926588,,0.2812566115781852,0.3157894736842105,0,2
-0.25794564658009289,0.93435067813477601,-0.24587162032138174,-0.96599463693834586,-0.24471075501585735,0.08349256126100052,0.017843901387607584,0.25904720930489289,0.96569981802556848,4.5839077035019304,-8.2787992132879484,0.69889379423195663,,0.07292221578112108,0.253968253968254,0,5
0.7990730578688553,-0.46303502790077972,-0.38351116166943788,0.57465588143362645,0.7757530047893969,0.26072570547217622,0.17678480172757918,-0.42872583138545106,0.88596912778098247,-2.7357862903974901,-14.856931523189699,-0.87811669148966298,,0.309790708217017,0.2641509433962264,0,3
-0.95463080397419597,-0.10562941943602611,-0.27842854353170632,0.13352961439640873,-0.9875486623938815,-0.083171398228002513,-0.26617638922850689,-0.1165764348127986,0.95684902919092252,-4.9154706238807,-4.5206646151420742,-2.7247511648103613,0.4221546925669588,0.2409494709069478,0.1504854368932039,1,5
0.96462002402261149,0.083536151776659309,-0.25005983404170501,0.013842983995177211,0.93111853922699084,0.36445388967866049,0.26328042283604641,-0.35502109409743932,0.89701919806497521,-14.890502762642184,8.2804605764960666,-7.3137446913752555,,0.2979067075399666,0.1,0,2
-0.9253153461880661,-0.25014044181888773,-0.28499345514504321,0.25187378828098828,-0.96725750792504839,0.031185062764204373,-0.28346270457653167,-0.042926364035113684,0.95802203648187634,7.4423520623435575,8.4199043219030134,-0.070037210291672314,,0.07379453989123617,0.4166666666666667,0,5
-0.81990325992741853,-0.44614901984862254,-0.35876133633448409,0.4975294907397278,-0.8653019646570097,-0.060966513800491229,-0.28323673879752681,-0.22848098837503297,0.93143619628319629,-16.714550919682424,13.379586969417913,-8.5056336556216134,,0.1885402474311827,0.2857142857142857,0,4
-0.76406206238515328,-0.56570887704594042,-0.31013324758104782,0.58747934644103417,-0.80875825134240731,0.027894594293287681,-0.26660304261009798,-0.16088367635342299,0.95028377885453019,-9.5224284022085914,19.799592999300838,-6.6740611067678488,0.2484181683830975,0.2178302443985326,0.4166666666666667,1,5
-0.96553611422159336,0.02999017796037614,-0.25853549342357646,-0.0021441465452684762,-0.99422196258335305,-0.10732237302864171,-0.26026028273530255,-0.10306928903806158,0.9600215137629623,-2.7220046842173153,-9.7269096573645584,-1.414781421739574,,0.3791109487360964,0.2232142857142857,0,4
0.9054396598680402,0.34829592824253253,-0.24262928246137394,-0.29941570795895422,0.92922312337388302,0.2165516585360738,0.30088080059300376,-0.1234274416690173,0.9456407407031252,-3.2346934647894887,-8.5111952832225395,-1.7732216847875288,0.3862831681727334,0.1354694917225885,0.2631578947368421,1,5
-0.80443118561690652,0.56116933120792367,-0.19488316838206143,-0.5689427640394894,-0.82215854562510959,-0.018959353963456545,-0.17086427026761611,0.095625872896709332,0.9806432040139057,3.9559156199434842,-16.297457496058399,1.263738298937886,,0.3003993317526473,0.1388888888888889,1,5
0.82966628258006614,-0.37788502671036706,-0.41092184918531671,0.52586281081074338,0.77611163880881451,0.34802159173206754,0.18740908130610778,-0.50483029890608078,0.84262934054683813,6.2696348165897104,21.392847358732826,-1.6562777761434051,,0.2242971824467444,0.3333333333333333,0,2
0.66761989715806358,0.70581936521024702,-0.23686007813234888,-0.699774695662427,0.70351763406528645,0.1240093297689365,0.25416342818984766,0.082957593102665358,0.96359690198619807,2.8989181643857851,-8.6126087384759629,0.23996607982311402,0.1993466483484324,0.1569191639034936,0.2796610169491525,1,5
-0.28399445793621758,0.92791519318754212,-0.24149646397668148,-0.95878080731938287,-0.27238283416535375,0.08091325705990203,0.0093011492572924199,0.25452109127491962,0.96702249338819291,-10.534918475027357,-6.5167567139314064,-4.3660930679670171,,0.08049376507809899,0.3333333333333333,0,2
